# itime ezz other fcc hcp bcc ico
0.000000000000000000e+00 0.000000000000000000e+00 6.827492034592626399e-04 9.993172507965407680e-01 0.000000000000000000e+00 0.000000000000000000e+00 0.000000000000000000e+00
3.000000000000000000e+00 1.200035927802378666e-03 1.137915339098770958e-03 9.988620846609012061e-01 0.000000000000000000e+00 0.000000000000000000e+00 0.000000000000000000e+00
6.000000000000000000e+00 2.400071855604757332e-03 1.365498406918525280e-03 9.986345015930814251e-01 0.000000000000000000e+00 0.000000000000000000e+00 0.000000000000000000e+00
9.000000000000000000e+00 3.600107783407135997e-03 5.689576695493854790e-04 9.994310423304506585e-01 0.000000000000000000e+00 0.000000000000000000e+00 0.000000000000000000e+00
1.200000000000000000e+01 4.800143711209514663e-03 2.275830678197542133e-04 9.997724169321802190e-01 0.000000000000000000e+00 0.000000000000000000e+00 0.000000000000000000e+00
1.500000000000000000e+01 6.000179639011893329e-03 1.137915339098771066e-04 9.998862084660901095e-01 0.000000000000000000e+00 0.000000000000000000e+00 0.000000000000000000e+00
1.800000000000000000e+01 7.200215566814271995e-03 0.000000000000000000e+00 1.000000000000000000e+00 0.000000000000000000e+00 0.000000000000000000e+00 0.000000000000000000e+00
2.100000000000000000e+01 8.400251494616650660e-03 1.137915339098771066e-04 9.998862084660901095e-01 0.000000000000000000e+00 0.000000000000000000e+00 0.000000000000000000e+00
2.400000000000000000e+01 9.600287422418807282e-03 4.551661356395084266e-04 9.995448338643604380e-01 0.000000000000000000e+00 0.000000000000000000e+00 0.000000000000000000e+00
2.700000000000000000e+01 1.080032335022118595e-02 2.503413746017296455e-03 9.974965862539827421e-01 0.000000000000000000e+00 0.000000000000000000e+00 0.000000000000000000e+00
3.000000000000000000e+01 1.200035927802356461e-02 2.162039144287664864e-03 9.978379608557123026e-01 0.000000000000000000e+00 0.000000000000000000e+00 0.000000000000000000e+00
3.300000000000000000e+01 1.320039520582594328e-02 1.479289940828402332e-03 9.985207100591716456e-01 0.000000000000000000e+00 0.000000000000000000e+00 0.000000000000000000e+00
3.600000000000000000e+01 1.440043113362832194e-02 1.137915339098770958e-03 9.988620846609012061e-01 0.000000000000000000e+00 0.000000000000000000e+00 0.000000000000000000e+00
3.900000000000000000e+01 1.560046706143070061e-02 1.593081474738279385e-03 9.982931269913518646e-01 0.000000000000000000e+00 1.137915339098771066e-04 0.000000000000000000e+00
4.200000000000000000e+01 1.680050298923307928e-02 1.365498406918525280e-03 9.985207100591716456e-01 0.000000000000000000e+00 1.137915339098771066e-04 0.000000000000000000e+00
4.500000000000000000e+01 1.800053891703545794e-02 1.365498406918525280e-03 9.985207100591716456e-01 0.000000000000000000e+00 1.137915339098771066e-04 0.000000000000000000e+00
4.800000000000000000e+01 1.920057484483783661e-02 1.479289940828402332e-03 9.985207100591716456e-01 0.000000000000000000e+00 0.000000000000000000e+00 0.000000000000000000e+00
5.100000000000000000e+01 2.040061077264021527e-02 1.479289940828402332e-03 9.985207100591716456e-01 0.000000000000000000e+00 0.000000000000000000e+00 0.000000000000000000e+00
5.400000000000000000e+01 2.160064670044259394e-02 1.934456076467910759e-03 9.980655439235320836e-01 0.000000000000000000e+00 0.000000000000000000e+00 0.000000000000000000e+00
5.700000000000000000e+01 2.280068262824497261e-02 1.820664542558033706e-03 9.981793354574419741e-01 0.000000000000000000e+00 0.000000000000000000e+00 0.000000000000000000e+00
6.000000000000000000e+01 2.400071855604735127e-02 2.162039144287664864e-03 9.977241693218024121e-01 0.000000000000000000e+00 1.137915339098771066e-04 0.000000000000000000e+00
6.300000000000000000e+01 2.520075448384972994e-02 2.503413746017296455e-03 9.974965862539827421e-01 0.000000000000000000e+00 0.000000000000000000e+00 0.000000000000000000e+00
6.600000000000000000e+01 2.640079041165210860e-02 2.844788347746927612e-03 9.971552116522530707e-01 0.000000000000000000e+00 0.000000000000000000e+00 0.000000000000000000e+00
6.900000000000000000e+01 2.760082633945426522e-02 2.844788347746927612e-03 9.969276285844332897e-01 0.000000000000000000e+00 2.275830678197542133e-04 0.000000000000000000e+00
7.200000000000000000e+01 2.880086226725664389e-02 2.048247610377787811e-03 9.978379608557123026e-01 0.000000000000000000e+00 1.137915339098771066e-04 0.000000000000000000e+00
7.500000000000000000e+01 3.000089819505902256e-02 2.958579881656804664e-03 9.969276285844332897e-01 0.000000000000000000e+00 1.137915339098771066e-04 0.000000000000000000e+00
7.800000000000000000e+01 3.120093412286140122e-02 2.844788347746927612e-03 9.970414201183431802e-01 0.000000000000000000e+00 1.137915339098771066e-04 0.000000000000000000e+00
8.100000000000000000e+01 3.240097005066377989e-02 2.389622212107419402e-03 9.976103777878926326e-01 0.000000000000000000e+00 0.000000000000000000e+00 0.000000000000000000e+00
8.400000000000000000e+01 3.360100597846615855e-02 2.503413746017296455e-03 9.974965862539827421e-01 0.000000000000000000e+00 0.000000000000000000e+00 0.000000000000000000e+00
8.700000000000000000e+01 3.480104190626853722e-02 3.186162949476558769e-03 9.968138370505233992e-01 0.000000000000000000e+00 0.000000000000000000e+00 0.000000000000000000e+00
9.000000000000000000e+01 3.600107783407091588e-02 5.348202093764223633e-03 9.946517979062358128e-01 0.000000000000000000e+00 0.000000000000000000e+00 0.000000000000000000e+00
9.300000000000000000e+01 3.720111376187329455e-02 6.486117432862995025e-03 9.934000910332271284e-01 0.000000000000000000e+00 1.137915339098771066e-04 0.000000000000000000e+00
9.600000000000000000e+01 3.840114968967567322e-02 6.372325898953117539e-03 9.932862994993172379e-01 0.000000000000000000e+00 3.413746017296313199e-04 0.000000000000000000e+00
9.900000000000000000e+01 3.960118561747805188e-02 6.713700500682749130e-03 9.929449248975875664e-01 0.000000000000000000e+00 3.413746017296313199e-04 0.000000000000000000e+00
1.020000000000000000e+02 4.080122154528043055e-02 6.827492034592626616e-03 9.930587164314974569e-01 0.000000000000000000e+00 1.137915339098771066e-04 0.000000000000000000e+00
1.050000000000000000e+02 4.200125747308280921e-02 6.144742831133363434e-03 9.936276741010469093e-01 0.000000000000000000e+00 2.275830678197542133e-04 0.000000000000000000e+00
1.080000000000000000e+02 4.320129340088518788e-02 5.348202093764223633e-03 9.944242148384160318e-01 0.000000000000000000e+00 2.275830678197542133e-04 0.000000000000000000e+00
1.110000000000000000e+02 4.440132932868756654e-02 6.827492034592626616e-03 9.927173418297678964e-01 0.000000000000000000e+00 4.551661356395084266e-04 0.000000000000000000e+00
1.140000000000000000e+02 4.560136525648972317e-02 7.510241238051888930e-03 9.920345926263085534e-01 0.000000000000000000e+00 4.551661356395084266e-04 0.000000000000000000e+00
1.170000000000000000e+02 4.680140118429210183e-02 9.330905780609922637e-03 9.901001365498406370e-01 0.000000000000000000e+00 5.689576695493854790e-04 0.000000000000000000e+00
1.200000000000000000e+02 4.800143711209448050e-02 9.672280382339554228e-03 9.899863450159308575e-01 0.000000000000000000e+00 3.413746017296313199e-04 0.000000000000000000e+00
1.230000000000000000e+02 4.920147303989685916e-02 1.046882111970869403e-02 9.891898042785616241e-01 0.000000000000000000e+00 3.413746017296313199e-04 0.000000000000000000e+00
1.260000000000000000e+02 5.040150896769923783e-02 1.081019572143832562e-02 9.890760127446518446e-01 0.000000000000000000e+00 1.137915339098771066e-04 0.000000000000000000e+00
1.290000000000000000e+02 5.160154489550161649e-02 1.149294492489758707e-02 9.881656804733728316e-01 0.000000000000000000e+00 3.413746017296313199e-04 0.000000000000000000e+00
1.320000000000000000e+02 5.280158082330399516e-02 1.251706873008648184e-02 9.870277651342740377e-01 0.000000000000000000e+00 4.551661356395084266e-04 0.000000000000000000e+00
1.350000000000000000e+02 5.400161675110637383e-02 1.160673645880746542e-02 9.875967228038233792e-01 0.000000000000000000e+00 7.965407373691396923e-04 0.000000000000000000e+00
1.380000000000000000e+02 5.520165267890875249e-02 1.092398725534820224e-02 9.885070550751023921e-01 0.000000000000000000e+00 5.689576695493854790e-04 0.000000000000000000e+00
1.410000000000000000e+02 5.640168860671113116e-02 1.297223486572599005e-02 9.866863905325443662e-01 0.000000000000000000e+00 3.413746017296313199e-04 0.000000000000000000e+00
1.440000000000000000e+02 5.760172453451350982e-02 1.524806554392353283e-02 9.837278106508875464e-01 0.000000000000000000e+00 1.024123805188893906e-03 0.000000000000000000e+00
1.470000000000000000e+02 5.880176046231588849e-02 1.627218934911242587e-02 9.830450614474283144e-01 0.000000000000000000e+00 6.827492034592626399e-04 0.000000000000000000e+00
1.500000000000000000e+02 6.000179639011826715e-02 1.684114701866181243e-02 9.824761037778789730e-01 0.000000000000000000e+00 6.827492034592626399e-04 0.000000000000000000e+00
1.530000000000000000e+02 6.120183231792064582e-02 1.593081474738279601e-02 9.836140191169776559e-01 0.000000000000000000e+00 4.551661356395084266e-04 0.000000000000000000e+00
1.560000000000000000e+02 6.240186824572302449e-02 2.002730996813837164e-02 9.788347746927628101e-01 0.000000000000000000e+00 1.137915339098770958e-03 0.000000000000000000e+00
1.590000000000000000e+02 6.360190417352518111e-02 2.480655439235321044e-02 9.739417387346381849e-01 0.000000000000000000e+00 1.251706873008648227e-03 0.000000000000000000e+00
1.620000000000000000e+02 6.480194010132755977e-02 2.378243058716431393e-02 9.750796540737368678e-01 0.000000000000000000e+00 1.137915339098770958e-03 0.000000000000000000e+00
1.650000000000000000e+02 6.600197602912993844e-02 2.605826126536185672e-02 9.731451979972689514e-01 0.000000000000000000e+00 7.965407373691396923e-04 0.000000000000000000e+00
1.680000000000000000e+02 6.720201195693231710e-02 2.526172052799271692e-02 9.732589895311788419e-01 0.000000000000000000e+00 1.479289940828402332e-03 0.000000000000000000e+00
1.710000000000000000e+02 6.840204788473469577e-02 2.730996813837050646e-02 9.707555757851615841e-01 0.000000000000000000e+00 1.934456076467910759e-03 0.000000000000000000e+00
1.740000000000000000e+02 6.960208381253707444e-02 2.981338188438780248e-02 9.687073281747837772e-01 0.000000000000000000e+00 1.479289940828402332e-03 0.000000000000000000e+00
1.770000000000000000e+02 7.080211974033945310e-02 3.277196176604460498e-02 9.654073736913973969e-01 0.000000000000000000e+00 1.820664542558033706e-03 0.000000000000000000e+00
1.800000000000000000e+02 7.200215566814183177e-02 3.789258079198907364e-02 9.599453800637232082e-01 0.000000000000000000e+00 2.162039144287664864e-03 0.000000000000000000e+00
1.830000000000000000e+02 7.320219159594421043e-02 4.380974055530268557e-02 9.533454710969503365e-01 0.000000000000000000e+00 2.844788347746927612e-03 0.000000000000000000e+00
1.860000000000000000e+02 7.440222752374658910e-02 4.506144742831133532e-02 9.524351388256713236e-01 0.000000000000000000e+00 2.503413746017296455e-03 0.000000000000000000e+00
1.890000000000000000e+02 7.560226345154896777e-02 4.927173418297678409e-02 9.484524351388257113e-01 0.000000000000000000e+00 2.275830678197541916e-03 0.000000000000000000e+00
1.920000000000000000e+02 7.680229937935134643e-02 5.120619025944470049e-02 9.461766044606281234e-01 0.000000000000000000e+00 2.617205279927173507e-03 0.000000000000000000e+00
1.950000000000000000e+02 7.800233530715372510e-02 5.803368229403732537e-02 9.388939462903960198e-01 0.000000000000000000e+00 3.072371415566681717e-03 0.000000000000000000e+00
1.980000000000000000e+02 7.920237123495610376e-02 6.224396904870277414e-02 9.340009103322712836e-01 0.000000000000000000e+00 3.755120619025944465e-03 0.000000000000000000e+00
2.010000000000000000e+02 8.040240716275848243e-02 6.224396904870277414e-02 9.351388256713700775e-01 0.000000000000000000e+00 2.617205279927173507e-03 0.000000000000000000e+00
2.040000000000000000e+02 8.160244309056063905e-02 6.679563040509786664e-02 9.301319981793354508e-01 0.000000000000000000e+00 3.072371415566681717e-03 0.000000000000000000e+00
2.070000000000000000e+02 8.280247901836301772e-02 7.146108329540282189e-02 9.241010468821119206e-01 0.000000000000000000e+00 4.437869822485207214e-03 0.000000000000000000e+00
2.100000000000000000e+02 8.400251494616539638e-02 7.749203459262631044e-02 9.175011379153390489e-01 0.000000000000000000e+00 5.006827492034592909e-03 0.000000000000000000e+00
2.130000000000000000e+02 8.520255087396777505e-02 8.932635411925353430e-02 9.057806099226217711e-01 0.000000000000000000e+00 4.893035958124715423e-03 0.000000000000000000e+00
2.160000000000000000e+02 8.640258680177015371e-02 9.262630860263997012e-02 9.025944469731451703e-01 0.000000000000000000e+00 4.779244424214838804e-03 0.000000000000000000e+00
2.190000000000000000e+02 8.760262272957253238e-02 9.490213928083750250e-02 8.991807009558488994e-01 0.000000000000000000e+00 5.917159763313609329e-03 0.000000000000000000e+00
2.220000000000000000e+02 8.880265865737491104e-02 9.899863450159307465e-02 8.942876649977241632e-01 0.000000000000000000e+00 6.713700500682749130e-03 0.000000000000000000e+00
2.250000000000000000e+02 9.000269458517728971e-02 1.025261720527992776e-01 8.900773782430587699e-01 0.000000000000000000e+00 7.396449704142011444e-03 0.000000000000000000e+00
2.280000000000000000e+02 9.120273051297966838e-02 1.114019116977696816e-01 8.818843878015475424e-01 0.000000000000000000e+00 6.713700500682749130e-03 0.000000000000000000e+00
2.310000000000000000e+02 9.240276644078204704e-02 1.194811106053709632e-01 8.725534820209376319e-01 0.000000000000000000e+00 7.965407373691398007e-03 0.000000000000000000e+00
2.340000000000000000e+02 9.360280236858442571e-02 1.233500227583067821e-01 8.677742375967227861e-01 0.000000000000000000e+00 8.875739644970414427e-03 0.000000000000000000e+00
2.370000000000000000e+02 9.480283829638680437e-02 1.296085571233500100e-01 8.610605370960400240e-01 0.000000000000000000e+00 9.330905780609922637e-03 0.000000000000000000e+00
2.400000000000000000e+02 9.600287422418918304e-02 1.347291761492944995e-01 8.554847519344560558e-01 0.000000000000000000e+00 9.786071916249430847e-03 0.000000000000000000e+00
2.430000000000000000e+02 9.720291015199156170e-02 1.409877105143377274e-01 8.486572598998634032e-01 0.000000000000000000e+00 1.035502958579881741e-02 0.000000000000000000e+00
2.460000000000000000e+02 9.840294607979371833e-02 1.548702776513427304e-01 8.335229858898497435e-01 0.000000000000000000e+00 1.160673645880746542e-02 0.000000000000000000e+00
2.490000000000000000e+02 9.960298200759609699e-02 1.603322712790168358e-01 8.278334091943558848e-01 0.000000000000000000e+00 1.183431952662721866e-02 0.000000000000000000e+00
2.520000000000000000e+02 1.008030179353984757e-01 1.628356850250341492e-01 8.251024123805188459e-01 0.000000000000000000e+00 1.206190259444697363e-02 0.000000000000000000e+00
2.550000000000000000e+02 1.020030538632008543e-01 1.768320436959490149e-01 8.116750113791534327e-01 0.000000000000000000e+00 1.149294492489758707e-02 0.000000000000000000e+00
2.580000000000000000e+02 1.032030897910032330e-01 1.866181156121984597e-01 7.998406918525261533e-01 1.137915339098771066e-04 1.342740100136549826e-02 0.000000000000000000e+00
2.610000000000000000e+02 1.044031257188056117e-01 1.999317250796540657e-01 7.857305416477013971e-01 1.137915339098771066e-04 1.422394173873463806e-02 0.000000000000000000e+00
2.640000000000000000e+02 1.056031616466079903e-01 2.158625398270368756e-01 7.669549385525716856e-01 1.137915339098771066e-04 1.706873008648156567e-02 0.000000000000000000e+00
2.670000000000000000e+02 1.068031975744103690e-01 2.327036868456986707e-01 7.497724169321802190e-01 1.137915339098771066e-04 1.741010468821119553e-02 0.000000000000000000e+00
2.700000000000000000e+02 1.080032335022127477e-01 2.410104688211197055e-01 7.372553482020938187e-01 0.000000000000000000e+00 2.173418297678652786e-02 0.000000000000000000e+00
2.730000000000000000e+02 1.092032694300151263e-01 2.553482020937642427e-01 7.261037778789257713e-01 0.000000000000000000e+00 1.854802002730996865e-02 0.000000000000000000e+00
2.760000000000000000e+02 1.104033053578175050e-01 2.657032316795630567e-01 7.149522075557578349e-01 1.137915339098771066e-04 1.923076923076923184e-02 0.000000000000000000e+00
2.790000000000000000e+02 1.116033412856198836e-01 2.716203914428766408e-01 7.068730086481566088e-01 1.137915339098771066e-04 2.139280837505689453e-02 0.000000000000000000e+00
2.820000000000000000e+02 1.128033772134222623e-01 2.802685480200273194e-01 6.973145197997269173e-01 1.137915339098771066e-04 2.230314064633591095e-02 0.000000000000000000e+00
2.850000000000000000e+02 1.140034131412246410e-01 2.958579881656804855e-01 6.803595812471552318e-01 1.137915339098771066e-04 2.366863905325443732e-02 0.000000000000000000e+00
2.880000000000000000e+02 1.152034490690270196e-01 3.116750113791533772e-01 6.645425580336823401e-01 1.137915339098771066e-04 2.366863905325443732e-02 0.000000000000000000e+00
2.910000000000000000e+02 1.164034849968291763e-01 3.284023668639053373e-01 6.437187073281748217e-01 1.137915339098771066e-04 2.776513427401001294e-02 0.000000000000000000e+00
2.940000000000000000e+02 1.176035209246315549e-01 3.401228948566226706e-01 6.267637687756031362e-01 2.275830678197542133e-04 3.288575329995448160e-02 0.000000000000000000e+00
2.970000000000000000e+02 1.188035568524339336e-01 3.551433773327264398e-01 6.092398725534819981e-01 1.137915339098771066e-04 3.550295857988165771e-02 0.000000000000000000e+00
3.000000000000000000e+02 1.200035927802363123e-01 3.732362312243969193e-01 5.880746472462449193e-01 1.137915339098771066e-04 3.857532999544834029e-02 0.000000000000000000e+00
3.030000000000000000e+02 1.212036287080386909e-01 3.904187528447883304e-01 5.702093764223942207e-01 2.275830678197542133e-04 3.914428766499772339e-02 0.000000000000000000e+00
3.060000000000000000e+02 1.224036646358410696e-01 3.995220755575785154e-01 5.626991351843423361e-01 3.413746017296313199e-04 3.743741465634956717e-02 0.000000000000000000e+00
3.090000000000000000e+02 1.236037005636434483e-01 4.086253982703687004e-01 5.491579426490669213e-01 2.275830678197542133e-04 4.198907601274465273e-02 0.000000000000000000e+00
3.120000000000000000e+02 1.248037364914458269e-01 4.169321802457897075e-01 5.359581247155211781e-01 2.275830678197542133e-04 4.688211197086936816e-02 0.000000000000000000e+00
3.150000000000000000e+02 1.260037724192482056e-01 4.377560309512972259e-01 5.113791533909877174e-01 3.413746017296313199e-04 5.052344105598543383e-02 0.000000000000000000e+00
3.180000000000000000e+02 1.272038083470505843e-01 4.572143832498862248e-01 4.893035958124715701e-01 1.137915339098771066e-04 5.336822940373236318e-02 0.000000000000000000e+00
3.210000000000000000e+02 1.284038442748529629e-01 4.743969048702776359e-01 4.723486572598998845e-01 0.000000000000000000e+00 5.325443786982248656e-02 0.000000000000000000e+00
3.240000000000000000e+02 1.296038802026553416e-01 4.862312243969048597e-01 4.573281747837960598e-01 4.551661356395084266e-04 5.598543468365953235e-02 0.000000000000000000e+00
3.270000000000000000e+02 1.308039161304577203e-01 5.004551661356395620e-01 4.388939462903960198e-01 7.965407373691396923e-04 5.985434683659535821e-02 0.000000000000000000e+00
3.300000000000000000e+02 1.320039520582600989e-01 5.176376877560309175e-01 4.173873463814292140e-01 1.365498406918525280e-03 6.360946745562130744e-02 0.000000000000000000e+00
3.330000000000000000e+02 1.332039879860624776e-01 5.386891215293582169e-01 3.950842057350932857e-01 1.706873008648156654e-03 6.451979972690032039e-02 0.000000000000000000e+00
3.360000000000000000e+02 1.344040239138646342e-01 5.499544833864360438e-01 3.806326809285389134e-01 1.820664542558033706e-03 6.759217114246700298e-02 0.000000000000000000e+00
3.390000000000000000e+02 1.356040598416670129e-01 5.653163404642694845e-01 3.593536640873918886e-01 2.162039144287664864e-03 7.316795630405098505e-02 0.000000000000000000e+00
3.420000000000000000e+02 1.368040957694693915e-01 5.760127446517978589e-01 3.420573509330905870e-01 3.641329085116067413e-03 7.828857532999544677e-02 0.000000000000000000e+00
3.450000000000000000e+02 1.380041316972717702e-01 5.857988165680473314e-01 3.256713700500682984e-01 3.982703686845699004e-03 8.454710969503868856e-02 0.000000000000000000e+00
3.480000000000000000e+02 1.392041676250741489e-01 5.959262630860263643e-01 3.104233045061447482e-01 4.437869822485207214e-03 8.921256258534364381e-02 0.000000000000000000e+00
3.510000000000000000e+02 1.404042035528765275e-01 6.128812016385980499e-01 2.902822030040965173e-01 4.665452890304961318e-03 9.217114246700044977e-02 0.000000000000000000e+00
3.540000000000000000e+02 1.416042394806789062e-01 6.232362312243968638e-01 2.728720983158853253e-01 4.551661356395083832e-03 9.934000910332271839e-02 0.000000000000000000e+00
3.570000000000000000e+02 1.428042754084812849e-01 6.324533454710969949e-01 2.579654073736913911e-01 5.575785161583977738e-03 1.040054619936276736e-01 0.000000000000000000e+00
3.600000000000000000e+02 1.440043113362836635e-01 6.439462903959944917e-01 2.424897587619481154e-01 6.144742831133363434e-03 1.074192080109239861e-01 0.000000000000000000e+00
3.630000000000000000e+02 1.452043472640860422e-01 6.557806099226217711e-01 2.270141101502048120e-01 6.713700500682749130e-03 1.104915794264906687e-01 0.000000000000000000e+00
3.660000000000000000e+02 1.464043831918884209e-01 6.605598543468366168e-01 2.170004551661356418e-01 6.941283568502503235e-03 1.154984069185252676e-01 0.000000000000000000e+00
3.690000000000000000e+02 1.476044191196907995e-01 6.742148384160218111e-01 1.993627674101046965e-01 6.941283568502503235e-03 1.194811106053709632e-01 0.000000000000000000e+00
3.720000000000000000e+02 1.488044550474931782e-01 6.789940828402366568e-01 1.860491579426490627e-01 6.599908966772872511e-03 1.283568502503413811e-01 0.000000000000000000e+00
3.750000000000000000e+02 1.500044909752955569e-01 6.857077833409194190e-01 1.748975876194810986e-01 8.420573509330906217e-03 1.309740555302685572e-01 0.000000000000000000e+00
3.780000000000000000e+02 1.512045269030979355e-01 6.931042330450614131e-01 1.630632680928539024e-01 1.058261265361857065e-02 1.332498862084660896e-01 0.000000000000000000e+00
3.810000000000000000e+02 1.524045628309000922e-01 7.020937642239417631e-01 1.503186162949476656e-01 1.183431952662721866e-02 1.357532999544833752e-01 0.000000000000000000e+00
3.840000000000000000e+02 1.536045987587024708e-01 7.078971324533455123e-01 1.420118343195266308e-01 1.228948566226672687e-02 1.378015475648611821e-01 0.000000000000000000e+00
3.870000000000000000e+02 1.548046346865048495e-01 7.139280837505689314e-01 1.309740555302685572e-01 1.228948566226672687e-02 1.428083750568957533e-01 0.000000000000000000e+00
3.900000000000000000e+02 1.560046706143072281e-01 7.165452890304960798e-01 1.235776058261265353e-01 1.399635867091488309e-02 1.458807464724624359e-01 0.000000000000000000e+00
3.930000000000000000e+02 1.572047065421096068e-01 7.188211197086936677e-01 1.166363222576240338e-01 1.695493855257168905e-02 1.475876194811105990e-01 0.000000000000000000e+00
3.960000000000000000e+02 1.584047424699119855e-01 7.226900318616295005e-01 1.110605370960400518e-01 1.741010468821119553e-02 1.488393263541192557e-01 0.000000000000000000e+00
3.990000000000000000e+02 1.596047783977143641e-01 7.258761948111061013e-01 1.054847519344560697e-01 1.979972690031861493e-02 1.488393263541192557e-01 0.000000000000000000e+00
4.020000000000000000e+02 1.608048143255167428e-01 7.295175238962221531e-01 1.005917159763313612e-01 2.025489303595812488e-02 1.496358670914884059e-01 0.000000000000000000e+00
4.050000000000000000e+02 1.620048502533191215e-01 7.283796085571233592e-01 9.854346836595356818e-02 2.150659990896677115e-02 1.515703231679562946e-01 0.000000000000000000e+00
4.080000000000000000e+02 1.632048861811215001e-01 7.323623122439690825e-01 9.114701866181156020e-02 2.105143377332726468e-02 1.554392353208921274e-01 0.000000000000000000e+00
4.110000000000000000e+02 1.644049221089238788e-01 7.393035958124715146e-01 8.397815202548930547e-02 2.196176604460628110e-02 1.547564861174328676e-01 0.000000000000000000e+00
4.140000000000000000e+02 1.656049580367262575e-01 7.476103777878926326e-01 7.908511606736458310e-02 2.173418297678652786e-02 1.515703231679562946e-01 0.000000000000000000e+00
4.170000000000000000e+02 1.668049939645286361e-01 7.473827947200728516e-01 7.726445152480655720e-02 2.264451524806554428e-02 1.527082385070550885e-01 0.000000000000000000e+00
4.200000000000000000e+02 1.680050298923310148e-01 7.527309968138370389e-01 6.998179335457442585e-02 2.275830678197542090e-02 1.545289030496131144e-01 0.000000000000000000e+00
4.230000000000000000e+02 1.692050658201333935e-01 7.596722803823395820e-01 6.850250341374601593e-02 2.321347291761493084e-02 1.486117432862995025e-01 0.000000000000000000e+00
4.260000000000000000e+02 1.704051017479355501e-01 7.667273554847519046e-01 6.156121984524351443e-02 2.378243058716431393e-02 1.479289940828402428e-01 0.000000000000000000e+00
4.290000000000000000e+02 1.716051376757379288e-01 7.766272189349112676e-01 5.700955848884842886e-02 2.423759672280382388e-02 1.421256258534364936e-01 0.000000000000000000e+00
4.320000000000000000e+02 1.728051736035403074e-01 7.806099226217569909e-01 5.461993627674101293e-02 2.537551206190259354e-02 1.393946290395994547e-01 0.000000000000000000e+00
4.350000000000000000e+02 1.740052095313426861e-01 7.800409649522075384e-01 5.484751934456076616e-02 2.480655439235321044e-02 1.403049613108784677e-01 0.000000000000000000e+00
4.380000000000000000e+02 1.752052454591450648e-01 7.774237596722803900e-01 5.234410559854346667e-02 2.560309512972235024e-02 1.446290395994538069e-01 0.000000000000000000e+00
4.410000000000000000e+02 1.764052813869474434e-01 7.801547564861174289e-01 5.200273099681383682e-02 2.457897132453345374e-02 1.432635411925352875e-01 0.000000000000000000e+00
4.440000000000000000e+02 1.776053173147498221e-01 7.858443331816112876e-01 4.961310878470642088e-02 2.526172052799271692e-02 1.392808375056895642e-01 0.000000000000000000e+00
4.470000000000000000e+02 1.788053532425522008e-01 7.916477014110150368e-01 4.710969503868912139e-02 2.639963586709149004e-02 1.348429676832043622e-01 0.000000000000000000e+00
4.500000000000000000e+02 1.800053891703545794e-01 7.931269913518433912e-01 4.631315430131998506e-02 2.537551206190259354e-02 1.351843422849340060e-01 0.000000000000000000e+00
4.530000000000000000e+02 1.812054250981569581e-01 7.952890304961310886e-01 4.528903049613108855e-02 2.492034592626308706e-02 1.345015930814747462e-01 0.000000000000000000e+00
4.560000000000000000e+02 1.824054610259593368e-01 8.022303140646336317e-01 4.335457441966317910e-02 2.435138825671370050e-02 1.300637232589895442e-01 0.000000000000000000e+00
4.590000000000000000e+02 1.836054969537617154e-01 8.060992262175694645e-01 4.187528447883477611e-02 2.423759672280382388e-02 1.277878925807919841e-01 0.000000000000000000e+00
4.620000000000000000e+02 1.848055328815640941e-01 8.119025944469731026e-01 3.959945380063722986e-02 2.696859353664087314e-02 1.215293582157487423e-01 0.000000000000000000e+00
4.650000000000000000e+02 1.860055688093664727e-01 8.203231679563040002e-01 3.664087391898043083e-02 2.696859353664087314e-02 1.160673645880746507e-01 0.000000000000000000e+00
4.680000000000000000e+02 1.872056047371688514e-01 8.216886663632225751e-01 3.550295857988165771e-02 2.742375967228038308e-02 1.153846153846153910e-01 0.000000000000000000e+00
4.710000000000000000e+02 1.884056406649710080e-01 8.240782885753299425e-01 3.550295857988165771e-02 2.651342740100136666e-02 1.139053254437869811e-01 0.000000000000000000e+00
4.740000000000000000e+02 1.896056765927733867e-01 8.336367774237596340e-01 3.516158397815202785e-02 2.651342740100136666e-02 1.046882111970869333e-01 0.000000000000000000e+00
4.770000000000000000e+02 1.908057125205757654e-01 8.307919890760127046e-01 3.516158397815202785e-02 2.594446973145198010e-02 1.081019572143832458e-01 0.000000000000000000e+00
4.800000000000000000e+02 1.920057484483781440e-01 8.303368229403732537e-01 3.459262630860263782e-02 2.651342740100136666e-02 1.085571233500227523e-01 0.000000000000000000e+00
4.830000000000000000e+02 1.932057843761805227e-01 8.285161583978152278e-01 3.447883477469276120e-02 2.708238507055074976e-02 1.099226217569412856e-01 0.000000000000000000e+00
4.860000000000000000e+02 1.944058203039829014e-01 8.295402822030041312e-01 3.459262630860263782e-02 2.639963586709149004e-02 1.094674556213017791e-01 0.000000000000000000e+00
4.890000000000000000e+02 1.956058562317852800e-01 8.268092853891670924e-01 3.436504324078288458e-02 2.969959035047792587e-02 1.091260810195721492e-01 0.000000000000000000e+00
4.920000000000000000e+02 1.968058921595876587e-01 8.313609467455621571e-01 3.277196176604460498e-02 2.947200728265816916e-02 1.063950842057350965e-01 0.000000000000000000e+00
4.950000000000000000e+02 1.980059280873900374e-01 8.329540282203004020e-01 3.459262630860263782e-02 2.901684114701866268e-02 1.034365043240782905e-01 0.000000000000000000e+00
4.980000000000000000e+02 1.992059640151924160e-01 8.375056895766954668e-01 3.379608557123350149e-02 2.924442421483841592e-02 9.945380063723259501e-02 0.000000000000000000e+00
5.010000000000000000e+02 2.004059999429947947e-01 8.412608101957214091e-01 3.334091943559399501e-02 2.878925807919890598e-02 9.660901228948566566e-02 0.000000000000000000e+00
5.040000000000000000e+02 2.016060358707971734e-01 8.442193900773782289e-01 3.231679563040509851e-02 2.844788347746927612e-02 9.501593081474737912e-02 0.000000000000000000e+00
5.070000000000000000e+02 2.028060717985995520e-01 8.491124260355029651e-01 3.117888029130632538e-02 2.799271734182976618e-02 9.171597633136094330e-02 0.000000000000000000e+00
5.100000000000000000e+02 2.040061077264019307e-01 8.562812926718251783e-01 2.833409194355939950e-02 2.662721893491124328e-02 8.875739644970413733e-02 0.000000000000000000e+00
5.130000000000000000e+02 2.052061436542043094e-01 8.586709148839326566e-01 2.901684114701866268e-02 2.719617660446062984e-02 8.511606736458807165e-02 0.000000000000000000e+00
5.160000000000000000e+02 2.064061795820064660e-01 8.570778334091943007e-01 2.924442421483841592e-02 2.810650887573964626e-02 8.557123350022757813e-02 0.000000000000000000e+00
5.190000000000000000e+02 2.076062155098088446e-01 8.575329995448338627e-01 3.015475648611743234e-02 2.776513427401001294e-02 8.454710969503868856e-02 0.000000000000000000e+00
5.220000000000000000e+02 2.088062514376112233e-01 8.617432862994993670e-01 2.935821574874829254e-02 2.765134274010013632e-02 8.124715521165225274e-02 0.000000000000000000e+00
5.250000000000000000e+02 2.100062873654136020e-01 8.624260355029585989e-01 2.833409194355939950e-02 2.924442421483841592e-02 7.999544833864360993e-02 0.000000000000000000e+00
5.280000000000000000e+02 2.112063232932159806e-01 8.651570323167956378e-01 2.787892580791988956e-02 3.038233955393718558e-02 7.658170232134729749e-02 0.000000000000000000e+00
5.310000000000000000e+02 2.124063592210183593e-01 8.636777423759672834e-01 2.822030040964952288e-02 3.117888029130632538e-02 7.692307692307692735e-02 0.000000000000000000e+00
5.340000000000000000e+02 2.136063951488207380e-01 8.656121984524350887e-01 2.901684114701866268e-02 3.231679563040509851e-02 7.305416477014110843e-02 0.000000000000000000e+00
5.370000000000000000e+02 2.148064310766231166e-01 8.707328174783796060e-01 2.685480200273099652e-02 3.060992262175694228e-02 7.180245789713245175e-02 0.000000000000000000e+00
5.400000000000000000e+02 2.160064670044254953e-01 8.757396449704142327e-01 2.662721893491124328e-02 3.060992262175694228e-02 6.702321347291761988e-02 0.000000000000000000e+00
5.430000000000000000e+02 2.172065029322278740e-01 8.807464724624487484e-01 2.503413746017296368e-02 2.924442421483841592e-02 6.497496586253982687e-02 0.000000000000000000e+00
5.460000000000000000e+02 2.184065388600302526e-01 8.790395994538006130e-01 2.480655439235321044e-02 3.288575329995448160e-02 6.326809285389166371e-02 0.000000000000000000e+00
5.490000000000000000e+02 2.196065747878326313e-01 8.842740100136550208e-01 2.412380518889394726e-02 3.140646335912607862e-02 6.019572143832498806e-02 0.000000000000000000e+00
5.520000000000000000e+02 2.208066107156350100e-01 8.831360946745562268e-01 2.401001365498407064e-02 3.311333636777423484e-02 5.974055530268548159e-02 0.000000000000000000e+00
5.550000000000000000e+02 2.220066466434373886e-01 8.839326354119253493e-01 2.412380518889394726e-02 3.095129722348657214e-02 6.099226217569413133e-02 0.000000000000000000e+00
5.580000000000000000e+02 2.232066825712397673e-01 8.850705507510241432e-01 2.469276285844333035e-02 3.038233955393718558e-02 5.974055530268548159e-02 1.137915339098771066e-04
5.610000000000000000e+02 2.244067184990419239e-01 8.872325898953118406e-01 2.309968138370505075e-02 3.140646335912607862e-02 5.814747382794720199e-02 1.137915339098771066e-04
5.640000000000000000e+02 2.256067544268443026e-01 8.887118798361401950e-01 2.264451524806554428e-02 3.060992262175694228e-02 5.803368229403732537e-02 0.000000000000000000e+00
5.670000000000000000e+02 2.268067903546466813e-01 8.920118343195265753e-01 2.105143377332726468e-02 3.152025489303595523e-02 5.541647701411014926e-02 0.000000000000000000e+00
5.700000000000000000e+02 2.280068262824490599e-01 8.973600364132908735e-01 2.139280837505689453e-02 2.867546654528902936e-02 5.257168866636321991e-02 0.000000000000000000e+00
5.730000000000000000e+02 2.292068622102514386e-01 8.997496586253982409e-01 2.207555757851615771e-02 2.969959035047792587e-02 4.847519344560764776e-02 0.000000000000000000e+00
5.760000000000000000e+02 2.304068981380538172e-01 9.028220300409649512e-01 2.093764223941738806e-02 2.924442421483841592e-02 4.699590350477924477e-02 0.000000000000000000e+00
5.790000000000000000e+02 2.316069340658561959e-01 9.035047792444241832e-01 2.071005917159763482e-02 3.174783796085571541e-02 4.392353208921256219e-02 1.137915339098771066e-04
5.820000000000000000e+02 2.328069699936585746e-01 9.068047337278106745e-01 2.162039144287665124e-02 3.004096495220755572e-02 4.142011834319526964e-02 1.137915339098771066e-04
5.850000000000000000e+02 2.340070059214609532e-01 9.074874829312699065e-01 2.025489303595812488e-02 3.106508875739644876e-02 4.107874374146563284e-02 1.137915339098771066e-04
5.880000000000000000e+02 2.352070418492633319e-01 9.083978152025489194e-01 2.002730996813837164e-02 3.060992262175694228e-02 4.085116067364587961e-02 1.137915339098771066e-04
5.910000000000000000e+02 2.364070777770657106e-01 9.109012289485661773e-01 1.888939462903959851e-02 3.083750568957669552e-02 3.925807919890760000e-02 1.137915339098771066e-04
5.940000000000000000e+02 2.376071137048680892e-01 9.121529358215748617e-01 1.979972690031861493e-02 3.060992262175694228e-02 3.732362312243969055e-02 1.137915339098771066e-04
5.970000000000000000e+02 2.388071496326704679e-01 9.120391442876649712e-01 2.002730996813837164e-02 2.924442421483841592e-02 3.868912152935821691e-02 0.000000000000000000e+00
6.000000000000000000e+02 2.400071855604728466e-01 9.147701411015020101e-01 1.832043695949021542e-02 2.833409194355939950e-02 3.857532999544834029e-02 0.000000000000000000e+00
6.030000000000000000e+02 2.412072214882752252e-01 9.168183887118798170e-01 1.866181156121984527e-02 2.787892580791988956e-02 3.664087391898043083e-02 0.000000000000000000e+00
6.060000000000000000e+02 2.424072574160773819e-01 9.187528447883477334e-01 1.877560309512972189e-02 2.765134274010013632e-02 3.482020937642239106e-02 0.000000000000000000e+00
6.090000000000000000e+02 2.436072933438797605e-01 9.198907601274465273e-01 1.763768775603095224e-02 2.913063268092853930e-02 3.334091943559399501e-02 0.000000000000000000e+00
6.120000000000000000e+02 2.448073292716821392e-01 9.208010923987255403e-01 1.695493855257168905e-02 3.060992262175694228e-02 3.163404642694583185e-02 0.000000000000000000e+00
6.150000000000000000e+02 2.460073651994845179e-01 9.239872553482021411e-01 1.570323167956303931e-02 2.935821574874829254e-02 3.095129722348657214e-02 0.000000000000000000e+00
6.180000000000000000e+02 2.472074011272868965e-01 9.281975421028675344e-01 1.467910787437414627e-02 2.787892580791988956e-02 2.924442421483841592e-02 0.000000000000000000e+00
6.210000000000000000e+02 2.484074370550892752e-01 9.291078743741465473e-01 1.570323167956303931e-02 2.651342740100136666e-02 2.856167501137915274e-02 1.137915339098771066e-04
6.240000000000000000e+02 2.496074729828916539e-01 9.296768320436959998e-01 1.649977241693217911e-02 2.674101046882111990e-02 2.696859353664087314e-02 1.137915339098771066e-04
6.270000000000000000e+02 2.508075089106940325e-01 9.291078743741465473e-01 1.672735548475193582e-02 2.787892580791988956e-02 2.617205279927173334e-02 1.137915339098771066e-04
6.300000000000000000e+02 2.520075448384964112e-01 9.293354574419663283e-01 1.809285389167045871e-02 2.787892580791988956e-02 2.457897132453345374e-02 1.137915339098771066e-04
6.330000000000000000e+02 2.532075807662987899e-01 9.287664997724169869e-01 1.786527082385070547e-02 2.776513427401001294e-02 2.560309512972235024e-02 0.000000000000000000e+00
6.360000000000000000e+02 2.544076166941011685e-01 9.318388711879835862e-01 1.752389622212107562e-02 2.685480200273099652e-02 2.378243058716431393e-02 0.000000000000000000e+00
6.390000000000000000e+02 2.556076526219035472e-01 9.321802457897132577e-01 1.661356395084205573e-02 2.628584433318160996e-02 2.492034592626308706e-02 0.000000000000000000e+00
6.420000000000000000e+02 2.568076885497059259e-01 9.326354119253527086e-01 1.558944014565316269e-02 2.765134274010013632e-02 2.412380518889394726e-02 0.000000000000000000e+00
6.450000000000000000e+02 2.580077244775083045e-01 9.341147018661811741e-01 1.490669094219390124e-02 2.674101046882111990e-02 2.423759672280382388e-02 0.000000000000000000e+00
6.480000000000000000e+02 2.592077604053106832e-01 9.351388256713700775e-01 1.524806554392353283e-02 2.719617660446062984e-02 2.241693218024579104e-02 0.000000000000000000e+00
6.510000000000000000e+02 2.604077963331128398e-01 9.363905325443786509e-01 1.422394173873463806e-02 2.639963586709149004e-02 2.298588984979517413e-02 0.000000000000000000e+00
6.540000000000000000e+02 2.616078322609152185e-01 9.370732817478379939e-01 1.536185707783340945e-02 2.628584433318160996e-02 2.127901684114701791e-02 0.000000000000000000e+00
6.570000000000000000e+02 2.628078681887175971e-01 9.384387801547564578e-01 1.502048247610377786e-02 2.469276285844333035e-02 2.184797451069640448e-02 0.000000000000000000e+00
6.600000000000000000e+02 2.640079041165199758e-01 9.382111970869366768e-01 1.445152480655439303e-02 2.457897132453345374e-02 2.275830678197542090e-02 0.000000000000000000e+00
6.630000000000000000e+02 2.652079400443223545e-01 9.375284478834774449e-01 1.365498406918525323e-02 2.503413746017296368e-02 2.378243058716431393e-02 0.000000000000000000e+00
6.660000000000000000e+02 2.664079759721247331e-01 9.395766954938552518e-01 1.285844333181611343e-02 2.401001365498407064e-02 2.355484751934456070e-02 0.000000000000000000e+00
6.690000000000000000e+02 2.676080118999271118e-01 9.429904415111515226e-01 1.297223486572599005e-02 2.173418297678652786e-02 2.230314064633591095e-02 0.000000000000000000e+00
6.720000000000000000e+02 2.688080478277294905e-01 9.449248975876194390e-01 1.217569412835685025e-02 2.059626763768775473e-02 2.230314064633591095e-02 0.000000000000000000e+00
6.750000000000000000e+02 2.700080837555318691e-01 9.459490213928083424e-01 1.137915339098771045e-02 2.036868456986800149e-02 2.230314064633591095e-02 0.000000000000000000e+00
6.780000000000000000e+02 2.712081196833342478e-01 9.445835229858898785e-01 1.285844333181611343e-02 2.048247610377787811e-02 2.207555757851615771e-02 0.000000000000000000e+00
6.810000000000000000e+02 2.724081556111366265e-01 9.468593536640873554e-01 1.206190259444697363e-02 2.059626763768775473e-02 2.048247610377787811e-02 0.000000000000000000e+00
