# itime ezz other fcc hcp bcc ico
0.000000000000000000e+00 0.000000000000000000e+00 0.000000000000000000e+00 1.000000000000000000e+00 0.000000000000000000e+00 0.000000000000000000e+00 0.000000000000000000e+00
8.000000000000000000e+03 1.999990109484928169e-03 0.000000000000000000e+00 1.000000000000000000e+00 0.000000000000000000e+00 0.000000000000000000e+00 0.000000000000000000e+00
1.600000000000000000e+04 3.999980218969856338e-03 0.000000000000000000e+00 1.000000000000000000e+00 0.000000000000000000e+00 0.000000000000000000e+00 0.000000000000000000e+00
2.400000000000000000e+04 5.999970328454784507e-03 0.000000000000000000e+00 1.000000000000000000e+00 0.000000000000000000e+00 0.000000000000000000e+00 0.000000000000000000e+00
3.200000000000000000e+04 7.999960437939712676e-03 0.000000000000000000e+00 1.000000000000000000e+00 0.000000000000000000e+00 0.000000000000000000e+00 0.000000000000000000e+00
4.000000000000000000e+04 9.999950547424640845e-03 0.000000000000000000e+00 1.000000000000000000e+00 0.000000000000000000e+00 0.000000000000000000e+00 0.000000000000000000e+00
4.800000000000000000e+04 1.199994065690956901e-02 0.000000000000000000e+00 1.000000000000000000e+00 0.000000000000000000e+00 0.000000000000000000e+00 0.000000000000000000e+00
5.600000000000000000e+04 1.399993076639449718e-02 0.000000000000000000e+00 1.000000000000000000e+00 0.000000000000000000e+00 0.000000000000000000e+00 0.000000000000000000e+00
6.400000000000000000e+04 1.599992087587942535e-02 0.000000000000000000e+00 1.000000000000000000e+00 0.000000000000000000e+00 0.000000000000000000e+00 0.000000000000000000e+00
7.200000000000000000e+04 1.799991098536435352e-02 0.000000000000000000e+00 1.000000000000000000e+00 0.000000000000000000e+00 0.000000000000000000e+00 0.000000000000000000e+00
8.000000000000000000e+04 1.999990109484928169e-02 0.000000000000000000e+00 1.000000000000000000e+00 0.000000000000000000e+00 0.000000000000000000e+00 0.000000000000000000e+00
8.800000000000000000e+04 2.199989120433420986e-02 0.000000000000000000e+00 1.000000000000000000e+00 0.000000000000000000e+00 0.000000000000000000e+00 0.000000000000000000e+00
9.600000000000000000e+04 2.399988131381913803e-02 0.000000000000000000e+00 1.000000000000000000e+00 0.000000000000000000e+00 0.000000000000000000e+00 0.000000000000000000e+00
1.040000000000000000e+05 2.599987142330406620e-02 0.000000000000000000e+00 1.000000000000000000e+00 0.000000000000000000e+00 0.000000000000000000e+00 0.000000000000000000e+00
1.120000000000000000e+05 2.799986153278899437e-02 0.000000000000000000e+00 1.000000000000000000e+00 0.000000000000000000e+00 0.000000000000000000e+00 0.000000000000000000e+00
1.200000000000000000e+05 2.999985164227392254e-02 0.000000000000000000e+00 1.000000000000000000e+00 0.000000000000000000e+00 0.000000000000000000e+00 0.000000000000000000e+00
1.280000000000000000e+05 3.199984175175885071e-02 0.000000000000000000e+00 1.000000000000000000e+00 0.000000000000000000e+00 0.000000000000000000e+00 0.000000000000000000e+00
1.360000000000000000e+05 3.399983186124377887e-02 0.000000000000000000e+00 1.000000000000000000e+00 0.000000000000000000e+00 0.000000000000000000e+00 0.000000000000000000e+00
1.440000000000000000e+05 3.599982197072870704e-02 0.000000000000000000e+00 1.000000000000000000e+00 0.000000000000000000e+00 0.000000000000000000e+00 0.000000000000000000e+00
1.520000000000000000e+05 3.799981208021363521e-02 4.551661356395084266e-04 9.995448338643604380e-01 0.000000000000000000e+00 0.000000000000000000e+00 0.000000000000000000e+00
1.600000000000000000e+05 3.999980218969834134e-02 0.000000000000000000e+00 1.000000000000000000e+00 0.000000000000000000e+00 0.000000000000000000e+00 0.000000000000000000e+00
1.680000000000000000e+05 4.199979229918326951e-02 0.000000000000000000e+00 1.000000000000000000e+00 0.000000000000000000e+00 0.000000000000000000e+00 0.000000000000000000e+00
1.760000000000000000e+05 4.399978240866819768e-02 0.000000000000000000e+00 1.000000000000000000e+00 0.000000000000000000e+00 0.000000000000000000e+00 0.000000000000000000e+00
1.840000000000000000e+05 4.599977251815312584e-02 0.000000000000000000e+00 1.000000000000000000e+00 0.000000000000000000e+00 0.000000000000000000e+00 0.000000000000000000e+00
1.920000000000000000e+05 4.799976262763805401e-02 0.000000000000000000e+00 1.000000000000000000e+00 0.000000000000000000e+00 0.000000000000000000e+00 0.000000000000000000e+00
2.000000000000000000e+05 4.999975273712298218e-02 0.000000000000000000e+00 1.000000000000000000e+00 0.000000000000000000e+00 0.000000000000000000e+00 0.000000000000000000e+00
2.080000000000000000e+05 5.199974284660791035e-02 0.000000000000000000e+00 1.000000000000000000e+00 0.000000000000000000e+00 0.000000000000000000e+00 0.000000000000000000e+00
2.160000000000000000e+05 5.399973295609283852e-02 0.000000000000000000e+00 1.000000000000000000e+00 0.000000000000000000e+00 0.000000000000000000e+00 0.000000000000000000e+00
2.240000000000000000e+05 5.599972306557776669e-02 0.000000000000000000e+00 1.000000000000000000e+00 0.000000000000000000e+00 0.000000000000000000e+00 0.000000000000000000e+00
2.320000000000000000e+05 5.799971317506269486e-02 0.000000000000000000e+00 1.000000000000000000e+00 0.000000000000000000e+00 0.000000000000000000e+00 0.000000000000000000e+00
2.400000000000000000e+05 5.999970328454762303e-02 0.000000000000000000e+00 1.000000000000000000e+00 0.000000000000000000e+00 0.000000000000000000e+00 0.000000000000000000e+00
2.480000000000000000e+05 6.199969339403255120e-02 4.551661356395084266e-04 9.995448338643604380e-01 0.000000000000000000e+00 0.000000000000000000e+00 0.000000000000000000e+00
2.560000000000000000e+05 6.399968350351747937e-02 1.137915339098771066e-04 9.998862084660901095e-01 0.000000000000000000e+00 0.000000000000000000e+00 0.000000000000000000e+00
2.640000000000000000e+05 6.599967361300240754e-02 0.000000000000000000e+00 1.000000000000000000e+00 0.000000000000000000e+00 0.000000000000000000e+00 0.000000000000000000e+00
2.720000000000000000e+05 6.799966372248733570e-02 0.000000000000000000e+00 1.000000000000000000e+00 0.000000000000000000e+00 0.000000000000000000e+00 0.000000000000000000e+00
2.800000000000000000e+05 6.999965383197226387e-02 0.000000000000000000e+00 1.000000000000000000e+00 0.000000000000000000e+00 0.000000000000000000e+00 0.000000000000000000e+00
2.880000000000000000e+05 7.199964394145719204e-02 0.000000000000000000e+00 1.000000000000000000e+00 0.000000000000000000e+00 0.000000000000000000e+00 0.000000000000000000e+00
2.960000000000000000e+05 7.399963405094212021e-02 0.000000000000000000e+00 1.000000000000000000e+00 0.000000000000000000e+00 0.000000000000000000e+00 0.000000000000000000e+00
3.040000000000000000e+05 7.599962416042704838e-02 1.137915339098771066e-04 9.998862084660901095e-01 0.000000000000000000e+00 0.000000000000000000e+00 0.000000000000000000e+00
3.120000000000000000e+05 7.799961426991197655e-02 0.000000000000000000e+00 1.000000000000000000e+00 0.000000000000000000e+00 0.000000000000000000e+00 0.000000000000000000e+00
3.200000000000000000e+05 7.999960437939690472e-02 5.689576695493854790e-04 9.994310423304506585e-01 0.000000000000000000e+00 0.000000000000000000e+00 0.000000000000000000e+00
3.280000000000000000e+05 8.199959448888183289e-02 2.275830678197542133e-04 9.997724169321802190e-01 0.000000000000000000e+00 0.000000000000000000e+00 0.000000000000000000e+00
3.360000000000000000e+05 8.399958459836676106e-02 6.827492034592626399e-04 9.993172507965407680e-01 0.000000000000000000e+00 0.000000000000000000e+00 0.000000000000000000e+00
3.440000000000000000e+05 8.599957470785168923e-02 1.820664542558033706e-03 9.981793354574419741e-01 0.000000000000000000e+00 0.000000000000000000e+00 0.000000000000000000e+00
3.520000000000000000e+05 8.799956481733661739e-02 3.413746017296313199e-04 9.996586253982703285e-01 0.000000000000000000e+00 0.000000000000000000e+00 0.000000000000000000e+00
3.600000000000000000e+05 8.999955492682154556e-02 5.689576695493854790e-04 9.994310423304506585e-01 0.000000000000000000e+00 0.000000000000000000e+00 0.000000000000000000e+00
3.680000000000000000e+05 9.199954503630647373e-02 1.593081474738279385e-03 9.984069185252617551e-01 0.000000000000000000e+00 0.000000000000000000e+00 0.000000000000000000e+00
3.760000000000000000e+05 9.399953514579140190e-02 2.048247610377787811e-03 9.977241693218024121e-01 0.000000000000000000e+00 2.275830678197542133e-04 0.000000000000000000e+00
3.840000000000000000e+05 9.599952525527633007e-02 1.820664542558033706e-03 9.981793354574419741e-01 0.000000000000000000e+00 0.000000000000000000e+00 0.000000000000000000e+00
3.920000000000000000e+05 9.799951536476125824e-02 4.665452890304961318e-03 9.953345471096950448e-01 0.000000000000000000e+00 0.000000000000000000e+00 0.000000000000000000e+00
4.000000000000000000e+05 9.999950547424618641e-02 4.437869822485207214e-03 9.954483386436049352e-01 0.000000000000000000e+00 1.137915339098771066e-04 0.000000000000000000e+00
4.080000000000000000e+05 1.019994955837311146e-01 6.486117432862995025e-03 9.928311333636777869e-01 0.000000000000000000e+00 6.827492034592626399e-04 0.000000000000000000e+00
4.160000000000000000e+05 1.039994856932160427e-01 2.048247610377787811e-03 9.978379608557123026e-01 0.000000000000000000e+00 1.137915339098771066e-04 0.000000000000000000e+00
4.240000000000000000e+05 1.059994758027009709e-01 6.144742831133363434e-03 9.935138825671370189e-01 0.000000000000000000e+00 3.413746017296313199e-04 0.000000000000000000e+00
4.320000000000000000e+05 1.079994659121858991e-01 6.156121984524351443e-02 6.689804278561675144e-01 2.666135639508420696e-01 2.844788347746927612e-03 0.000000000000000000e+00
4.400000000000000000e+05 1.099994560216708273e-01 6.486117432862995025e-02 6.676149294492489394e-01 2.642239417387346467e-01 3.299954483386436255e-03 0.000000000000000000e+00
4.480000000000000000e+05 1.119994461311557554e-01 7.032316795630405570e-02 6.651115157032316816e-01 2.602412380518889234e-01 4.324078288575329727e-03 0.000000000000000000e+00
4.560000000000000000e+05 1.139994362406406836e-01 6.759217114246700298e-02 6.675011379153390489e-01 2.598998634501593075e-01 5.006827492034592909e-03 0.000000000000000000e+00
4.640000000000000000e+05 1.159994263501253897e-01 6.838871187983613931e-02 6.673873463814292695e-01 2.577378243058716656e-01 6.486117432862995025e-03 0.000000000000000000e+00
4.720000000000000000e+05 1.179994164596103179e-01 6.884387801547564578e-02 6.660218479745106945e-01 2.593309057806099105e-01 5.803368229403732710e-03 0.000000000000000000e+00
4.800000000000000000e+05 1.199994065690952461e-01 6.725079654073737312e-02 6.675011379153390489e-01 2.606964041875284299e-01 4.551661356395083832e-03 0.000000000000000000e+00
4.880000000000000000e+05 1.219993966785801742e-01 7.066454255803368556e-02 6.657942649066909135e-01 2.586481565771506785e-01 4.893035958124715423e-03 0.000000000000000000e+00
4.960000000000000000e+05 1.239993867880651024e-01 7.123350022758306865e-02 6.643149749658625591e-01 2.579654073736913911e-01 6.486117432862995025e-03 0.000000000000000000e+00
5.040000000000000000e+05 1.259993768975500306e-01 1.081019572143832458e-01 6.545289030496130867e-01 2.289485662266727284e-01 8.420573509330906217e-03 0.000000000000000000e+00
5.120000000000000000e+05 1.279993670070349587e-01 1.096950386891215323e-01 6.548702776513427581e-01 2.279244424214838527e-01 7.510241238051888930e-03 0.000000000000000000e+00
5.200000000000000000e+05 1.299993571165198869e-01 1.111743286299499284e-01 6.522530723714156098e-01 2.288347746927628656e-01 7.737824305871643035e-03 0.000000000000000000e+00
5.280000000000000000e+05 1.319993472260048151e-01 1.101502048247610388e-01 6.523668639053253893e-01 2.289485662266727284e-01 8.534365043240782836e-03 0.000000000000000000e+00
5.360000000000000000e+05 1.339993373354897432e-01 1.093536640873919025e-01 6.517979062357760478e-01 2.292899408284023721e-01 9.558488848429677609e-03 0.000000000000000000e+00
5.440000000000000000e+05 1.359993274449746714e-01 1.106053709604005453e-01 6.540737369139736357e-01 2.245106964041875264e-01 1.081019572143832562e-02 0.000000000000000000e+00
5.520000000000000000e+05 1.379993175544595996e-01 5.609922621756941591e-02 7.987027765134273594e-01 1.451979972690031762e-01 0.000000000000000000e+00 0.000000000000000000e+00
5.600000000000000000e+05 1.399993076639445277e-01 5.564406008192990249e-02 7.991579426490669213e-01 1.451979972690031762e-01 0.000000000000000000e+00 0.000000000000000000e+00
5.680000000000000000e+05 1.419992977734294559e-01 5.598543468365953235e-02 7.988165680473372499e-01 1.451979972690031762e-01 0.000000000000000000e+00 0.000000000000000000e+00
5.760000000000000000e+05 1.439992878829143841e-01 5.587164314974965573e-02 7.989303595812471404e-01 1.451979972690031762e-01 0.000000000000000000e+00 0.000000000000000000e+00
5.840000000000000000e+05 1.459992779923993123e-01 5.575785161583977911e-02 7.990441511151570309e-01 1.451979972690031762e-01 0.000000000000000000e+00 0.000000000000000000e+00
5.920000000000000000e+05 1.479992681018842404e-01 5.598543468365953235e-02 7.988165680473372499e-01 1.451979972690031762e-01 0.000000000000000000e+00 0.000000000000000000e+00
6.000000000000000000e+05 1.499992582113691686e-01 5.518889394629039602e-02 7.992717341829768118e-01 1.455393718707328199e-01 0.000000000000000000e+00 0.000000000000000000e+00
6.080000000000000000e+05 1.519992483208540968e-01 5.564406008192990249e-02 7.989303595812471404e-01 1.454255803368229294e-01 0.000000000000000000e+00 0.000000000000000000e+00
6.160000000000000000e+05 1.539992384303390249e-01 5.484751934456076616e-02 7.994993172507965928e-01 1.456531634046426826e-01 0.000000000000000000e+00 0.000000000000000000e+00
6.240000000000000000e+05 1.559992285398239531e-01 5.484751934456076616e-02 7.994993172507965928e-01 1.456531634046426826e-01 0.000000000000000000e+00 0.000000000000000000e+00
6.320000000000000000e+05 1.579992186493088813e-01 5.473372781065088954e-02 7.996131087847063723e-01 1.456531634046426826e-01 0.000000000000000000e+00 0.000000000000000000e+00
6.400000000000000000e+05 1.599992087587938094e-01 5.473372781065088954e-02 7.994993172507965928e-01 1.456531634046426826e-01 1.137915339098771066e-04 0.000000000000000000e+00
6.480000000000000000e+05 1.619991988682787376e-01 5.530268548020027264e-02 7.989303595812471404e-01 1.456531634046426826e-01 1.137915339098771066e-04 0.000000000000000000e+00
6.560000000000000000e+05 1.639991889777636658e-01 5.496131087847064278e-02 7.994993172507965928e-01 1.455393718707328199e-01 0.000000000000000000e+00 0.000000000000000000e+00
6.640000000000000000e+05 1.659991790872485939e-01 5.461993627674101293e-02 7.996131087847063723e-01 1.456531634046426826e-01 1.137915339098771066e-04 0.000000000000000000e+00
6.720000000000000000e+05 1.679991691967335221e-01 5.507510241238051940e-02 7.993855257168867023e-01 1.455393718707328199e-01 0.000000000000000000e+00 0.000000000000000000e+00
6.800000000000000000e+05 1.699991593062184503e-01 5.507510241238051940e-02 7.992717341829768118e-01 1.455393718707328199e-01 1.137915339098771066e-04 0.000000000000000000e+00
6.880000000000000000e+05 1.719991494157033785e-01 5.598543468365953235e-02 7.989303595812471404e-01 1.450842057350933134e-01 0.000000000000000000e+00 0.000000000000000000e+00
6.960000000000000000e+05 1.739991395251883066e-01 5.496131087847064278e-02 7.996131087847063723e-01 1.454255803368229294e-01 0.000000000000000000e+00 0.000000000000000000e+00
7.040000000000000000e+05 1.759991296346732348e-01 5.530268548020027264e-02 7.991579426490669213e-01 1.455393718707328199e-01 0.000000000000000000e+00 0.000000000000000000e+00
7.120000000000000000e+05 1.779991197441581630e-01 5.609922621756941591e-02 7.984751934456076894e-01 1.454255803368229294e-01 0.000000000000000000e+00 0.000000000000000000e+00
7.200000000000000000e+05 1.799991098536430911e-01 5.553026854802002588e-02 7.989303595812471404e-01 1.453117888029130667e-01 2.275830678197542133e-04 0.000000000000000000e+00
7.280000000000000000e+05 1.819990999631280193e-01 5.621301775147929253e-02 7.982476103777879084e-01 1.455393718707328199e-01 0.000000000000000000e+00 0.000000000000000000e+00
7.360000000000000000e+05 1.839990900726129475e-01 5.712335002275830548e-02 7.973372781065088954e-01 1.451979972690031762e-01 3.413746017296313199e-04 0.000000000000000000e+00
7.440000000000000000e+05 1.859990801820978756e-01 5.632680928538916915e-02 7.980200273099681274e-01 1.454255803368229294e-01 2.275830678197542133e-04 0.000000000000000000e+00
7.520000000000000000e+05 1.879990702915828038e-01 5.712335002275830548e-02 7.974510696404187859e-01 1.454255803368229294e-01 0.000000000000000000e+00 0.000000000000000000e+00
7.600000000000000000e+05 1.899990604010677320e-01 5.644060081929904577e-02 7.983614019116977989e-01 1.448566226672735602e-01 3.413746017296313199e-04 0.000000000000000000e+00
7.680000000000000000e+05 1.919990505105524381e-01 5.587164314974965573e-02 7.993855257168867023e-01 1.446290395994538069e-01 1.137915339098771066e-04 0.000000000000000000e+00
7.760000000000000000e+05 1.939990406200373663e-01 5.644060081929904577e-02 7.982476103777879084e-01 1.449704142011834229e-01 3.413746017296313199e-04 0.000000000000000000e+00
7.840000000000000000e+05 1.959990307295222944e-01 5.735093309057805872e-02 7.973372781065088954e-01 1.448566226672735602e-01 4.551661356395084266e-04 0.000000000000000000e+00
7.920000000000000000e+05 1.979990208390072226e-01 1.144742831133363642e-01 6.515703231679562668e-01 2.311106053709603980e-01 2.844788347746927612e-03 0.000000000000000000e+00
8.000000000000000000e+05 1.999990109484921508e-01 1.156121984524351443e-01 6.486117432862994470e-01 2.307692307692307820e-01 5.006827492034592909e-03 0.000000000000000000e+00
8.080000000000000000e+05 2.019990010579770789e-01 1.178880291306326766e-01 6.467910787437414211e-01 2.312243969048702885e-01 4.096495220755575623e-03 0.000000000000000000e+00
8.160000000000000000e+05 2.039989911674620071e-01 1.175466545289030468e-01 6.505461993627673634e-01 2.271279016841147025e-01 4.779244424214838804e-03 0.000000000000000000e+00
8.240000000000000000e+05 2.059989812769469353e-01 1.181156121984524299e-01 6.500910332271279124e-01 2.272416932180245652e-01 4.551661356395083832e-03 0.000000000000000000e+00
8.320000000000000000e+05 2.079989713864318635e-01 1.189121529358215801e-01 6.505461993627673634e-01 2.273554847519344557e-01 3.186162949476558769e-03 0.000000000000000000e+00
8.400000000000000000e+05 2.099989614959167916e-01 1.175466545289030468e-01 6.495220755575785709e-01 2.286071916249431124e-01 4.324078288575329727e-03 0.000000000000000000e+00
8.480000000000000000e+05 2.119989516054017198e-01 1.201638598088302229e-01 6.450842057350932857e-01 2.299726900318616318e-01 4.779244424214838804e-03 0.000000000000000000e+00
8.560000000000000000e+05 2.139989417148866480e-01 1.194811106053709632e-01 6.453117888029130667e-01 2.305416477014110288e-01 4.665452890304961318e-03 0.000000000000000000e+00
8.640000000000000000e+05 2.159989318243715761e-01 1.233500227583067821e-01 6.358670914883932657e-01 2.353208921256258468e-01 5.461993627674101119e-03 0.000000000000000000e+00
8.720000000000000000e+05 2.179989219338565043e-01 1.408739189804278646e-01 6.084433318161128756e-01 2.452207555757851543e-01 5.461993627674101119e-03 0.000000000000000000e+00
8.800000000000000000e+05 2.199989120433414325e-01 1.434911242603550408e-01 6.036640873918980299e-01 2.471552116522530707e-01 5.689576695493855224e-03 0.000000000000000000e+00
8.880000000000000000e+05 2.219989021528263606e-01 1.527082385070550885e-01 5.828402366863905115e-01 2.568274920345926526e-01 7.624032771961766417e-03 0.000000000000000000e+00
8.960000000000000000e+05 2.239988922623112888e-01 1.715976331360946627e-01 5.558716431497496835e-01 2.647928994082840437e-01 7.737824305871643035e-03 0.000000000000000000e+00
9.040000000000000000e+05 2.259988823717962170e-01 1.696631770596267741e-01 5.509786071916249472e-01 2.721893491124260378e-01 7.168866636322257339e-03 0.000000000000000000e+00
9.120000000000000000e+05 2.279988724812811451e-01 1.721665908056440597e-01 5.539371870732817671e-01 2.661583978152025631e-01 7.737824305871643035e-03 0.000000000000000000e+00
9.200000000000000000e+05 2.299988625907660733e-01 1.720527992717341692e-01 5.518889394629039602e-01 2.694583522985889990e-01 6.599908966772872511e-03 0.000000000000000000e+00
9.280000000000000000e+05 2.319988527002510015e-01 1.680700955848884737e-01 5.576923076923077094e-01 2.678652708238506985e-01 6.372325898953117539e-03 0.000000000000000000e+00
9.360000000000000000e+05 2.339988428097359296e-01 1.706873008648156498e-01 5.513199817933546187e-01 2.723031406463359283e-01 5.689576695493855224e-03 0.000000000000000000e+00
9.440000000000000000e+05 2.359988329192208578e-01 1.741010468821119761e-01 5.554164770141101215e-01 2.618343195266272239e-01 8.648156577150659455e-03 0.000000000000000000e+00
9.520000000000000000e+05 2.379988230287057860e-01 1.753527537551206328e-01 5.538233955393718766e-01 2.637687756030951403e-01 7.055075102412380721e-03 0.000000000000000000e+00
9.600000000000000000e+05 2.399988131381907142e-01 1.800182066454255880e-01 5.468821119708693335e-01 2.683204369594902050e-01 4.779244424214838804e-03 0.000000000000000000e+00
9.680000000000000000e+05 2.419988032476756423e-01 1.808147473827947105e-01 5.504096495220756058e-01 2.619481110605371144e-01 6.827492034592626616e-03 0.000000000000000000e+00
9.760000000000000000e+05 2.439987933571605705e-01 1.774010013654984119e-01 5.562130177514792440e-01 2.594446973145198010e-01 6.941283568502503235e-03 0.000000000000000000e+00
9.840000000000000000e+05 2.459987834666454987e-01 1.762630860263996457e-01 5.557578516158397930e-01 2.592171142467000200e-01 8.761948111060537808e-03 0.000000000000000000e+00
9.920000000000000000e+05 2.479987735761304268e-01 1.775147928994082747e-01 5.578060992262175999e-01 2.583067819754210070e-01 6.372325898953117539e-03 0.000000000000000000e+00
1.000000000000000000e+06 2.499987636856153550e-01 1.779699590350477811e-01 5.640646335912608000e-01 2.534137460172963263e-01 4.551661356395083832e-03 0.000000000000000000e+00
1.008000000000000000e+06 2.519987537951002832e-01 1.762630860263996457e-01 5.636094674556213491e-01 2.554619936276740777e-01 4.665452890304961318e-03 0.000000000000000000e+00
1.016000000000000000e+06 2.539987439045852113e-01 1.821802457897132577e-01 5.611060537096039802e-01 2.511379153390987939e-01 5.575785161583977738e-03 0.000000000000000000e+00
1.024000000000000000e+06 2.559987340140701395e-01 1.825216203914428736e-01 5.743058716431497235e-01 2.350933090578060936e-01 8.079198907601274626e-03 0.000000000000000000e+00
1.032000000000000000e+06 2.579987241235550677e-01 1.647701411015020379e-01 5.989986345015930747e-01 2.332726445152480677e-01 2.958579881656804664e-03 0.000000000000000000e+00
1.040000000000000000e+06 2.599987142330399958e-01 1.668183887118798447e-01 5.987710514337732937e-01 2.305416477014110288e-01 3.868912152935821518e-03 0.000000000000000000e+00
1.048000000000000000e+06 2.619987043425249240e-01 1.695493855257168836e-01 5.952435138825671324e-01 2.319071461083295482e-01 3.299954483386436255e-03 0.000000000000000000e+00
1.056000000000000000e+06 2.639986944520098522e-01 1.667045971779699542e-01 5.972917614929449392e-01 2.315657715065999045e-01 4.437869822485207214e-03 0.000000000000000000e+00
1.064000000000000000e+06 2.659986845614947804e-01 1.714838416021848000e-01 5.945607646791079004e-01 2.311106053709603980e-01 2.844788347746927612e-03 0.000000000000000000e+00
1.072000000000000000e+06 2.679986746709794865e-01 1.701183431952662806e-01 5.949021392808374609e-01 2.316795630405097950e-01 3.299954483386436255e-03 0.000000000000000000e+00
1.080000000000000000e+06 2.699986647804644146e-01 1.661356395084205850e-01 5.955848884842968038e-01 2.350933090578060936e-01 3.186162949476558769e-03 0.000000000000000000e+00
1.088000000000000000e+06 2.719986548899493428e-01 1.657942649066909413e-01 5.955848884842968038e-01 2.350933090578060936e-01 3.527537551206190360e-03 0.000000000000000000e+00
1.096000000000000000e+06 2.739986449994342710e-01 1.702321347291761433e-01 5.906918525261720676e-01 2.341829767865270806e-01 4.893035958124715423e-03 0.000000000000000000e+00
1.104000000000000000e+06 2.759986351089191992e-01 1.712562585343650468e-01 5.862539827036868934e-01 2.386208466090122826e-01 3.868912152935821518e-03 0.000000000000000000e+00
1.112000000000000000e+06 2.779986252184041273e-01 1.737596722803823324e-01 5.848884842967683184e-01 2.364588074647246130e-01 4.893035958124715423e-03 0.000000000000000000e+00
1.120000000000000000e+06 2.799986153278890555e-01 1.794492489758761911e-01 5.856850250341374409e-01 2.324761037778789174e-01 2.389622212107419402e-03 0.000000000000000000e+00
1.128000000000000000e+06 2.819986054373739837e-01 1.796768320436959443e-01 5.846609012289485374e-01 2.323623122439690547e-01 3.299954483386436255e-03 0.000000000000000000e+00
1.136000000000000000e+06 2.839985955468589118e-01 1.780837505689576716e-01 5.853436504324078804e-01 2.313381884387801513e-01 5.234410559854347014e-03 0.000000000000000000e+00
1.144000000000000000e+06 2.859985856563438400e-01 1.797906235776058348e-01 5.860263996358671124e-01 2.304278561675011383e-01 3.755120619025944465e-03 0.000000000000000000e+00
1.152000000000000000e+06 2.879985757658287682e-01 1.789940828402366846e-01 5.852298588984979899e-01 2.309968138370505353e-01 4.779244424214838804e-03 0.000000000000000000e+00
1.160000000000000000e+06 2.899985658753136963e-01 1.801319981793354508e-01 5.832954028220300735e-01 2.324761037778789174e-01 4.096495220755575623e-03 0.000000000000000000e+00
1.168000000000000000e+06 2.919985559847986245e-01 1.885525716886663761e-01 5.794264906690942407e-01 2.283796085571233592e-01 3.641329085116067413e-03 0.000000000000000000e+00
1.176000000000000000e+06 2.939985460942835527e-01 1.887801547564861293e-01 5.774920345926263243e-01 2.290623577605826189e-01 4.665452890304961318e-03 0.000000000000000000e+00
1.184000000000000000e+06 2.959985362037684808e-01 1.890077378243058825e-01 5.773782430587164338e-01 2.296313154301319881e-01 3.982703686845699004e-03 0.000000000000000000e+00
1.192000000000000000e+06 2.979985263132534090e-01 1.904870277651342647e-01 5.786299499317251183e-01 2.265589440145653055e-01 4.324078288575329727e-03 0.000000000000000000e+00
1.200000000000000000e+06 2.999985164227383372e-01 2.139280837505689592e-01 5.443786982248520756e-01 2.361174328629949970e-01 5.575785161583977738e-03 0.000000000000000000e+00
1.208000000000000000e+06 3.019985065322232654e-01 2.131315430131998090e-01 5.516613563950841792e-01 2.286071916249431124e-01 6.599908966772872511e-03 0.000000000000000000e+00
1.216000000000000000e+06 3.039984966417081935e-01 2.148384160218479721e-01 5.548475193445607800e-01 2.218934911242603503e-01 8.420573509330906217e-03 0.000000000000000000e+00
1.224000000000000000e+06 3.059984867511931217e-01 2.165452890304961353e-01 5.507510241238051663e-01 2.223486572598998567e-01 1.035502958579881741e-02 0.000000000000000000e+00
1.232000000000000000e+06 3.079984768606780499e-01 2.176832043695949015e-01 5.523441055985435222e-01 2.216659080564405970e-01 8.192990441511151245e-03 1.137915339098771066e-04
1.240000000000000000e+06 3.099984669701629780e-01 2.171142467000455045e-01 5.500682749203459343e-01 2.207555757851615841e-01 1.206190259444697363e-02 0.000000000000000000e+00
1.248000000000000000e+06 3.119984570796479062e-01 2.205279927173418308e-01 5.483614019116977989e-01 2.204142011834319403e-01 1.069640418752844727e-02 0.000000000000000000e+00
1.256000000000000000e+06 3.139984471891328344e-01 2.183659535730541612e-01 5.570095584888484774e-01 2.130177514792899462e-01 1.160673645880746542e-02 0.000000000000000000e+00
1.264000000000000000e+06 3.159984372986177625e-01 2.156349567592171224e-01 5.616750113791534327e-01 2.117660446062812896e-01 1.092398725534820224e-02 0.000000000000000000e+00
1.272000000000000000e+06 3.179984274081026907e-01 2.129039599453800558e-01 5.677059626763768518e-01 2.105143377332726329e-01 8.875739644970414427e-03 0.000000000000000000e+00
1.280000000000000000e+06 3.199984175175876189e-01 2.258761948111060458e-01 5.443786982248520756e-01 2.200728265817023244e-01 9.672280382339554228e-03 0.000000000000000000e+00
1.288000000000000000e+06 3.219984076270725470e-01 2.242831133363677731e-01 5.423304506144742687e-01 2.264451524806554428e-01 6.941283568502503235e-03 0.000000000000000000e+00
1.296000000000000000e+06 3.239983977365574752e-01 2.292899408284023721e-01 5.484751934456076894e-01 2.133591260810195622e-01 8.875739644970414427e-03 0.000000000000000000e+00
1.304000000000000000e+06 3.259983878460424034e-01 2.242831133363677731e-01 5.815885298133819381e-01 1.867319071461083224e-01 7.396449704142011444e-03 0.000000000000000000e+00
1.312000000000000000e+06 3.279983779555273316e-01 2.224624487938097472e-01 5.788575329995447882e-01 1.907146108329540179e-01 7.965407373691398007e-03 0.000000000000000000e+00
1.320000000000000000e+06 3.299983680650122597e-01 2.256486117432862926e-01 5.781747837960855563e-01 1.874146563495675821e-01 8.761948111060537808e-03 0.000000000000000000e+00
1.328000000000000000e+06 3.319983581744971879e-01 2.246244879380974169e-01 5.763541192535275304e-01 1.896904870277651423e-01 9.330905780609922637e-03 0.000000000000000000e+00
1.336000000000000000e+06 3.339983482839821161e-01 2.251934456076467861e-01 5.761265361857077494e-01 1.899180700955848955e-01 8.761948111060537808e-03 0.000000000000000000e+00
1.344000000000000000e+06 3.359983383934670442e-01 2.239417387346381294e-01 5.787437414656350088e-01 1.882111970869367323e-01 9.103322712790167665e-03 0.000000000000000000e+00
1.352000000000000000e+06 3.379983285029519724e-01 2.189349112426035582e-01 5.861401911697770029e-01 1.887801547564861293e-01 6.144742831133363434e-03 0.000000000000000000e+00
1.360000000000000000e+06 3.399983186124369006e-01 2.206417842512516936e-01 5.847746927628584279e-01 1.882111970869367323e-01 6.372325898953117539e-03 0.000000000000000000e+00
1.368000000000000000e+06 3.419983087219218287e-01 2.195038689121529274e-01 5.836367774237596340e-01 1.902594446973145115e-01 6.599908966772872511e-03 0.000000000000000000e+00
1.376000000000000000e+06 3.439982988314065349e-01 2.206417842512516936e-01 5.855712335002275504e-01 1.859353664087392000e-01 7.851615839781519654e-03 0.000000000000000000e+00
1.384000000000000000e+06 3.459982889408914630e-01 2.210969503868912278e-01 5.835229858898497435e-01 1.861629494765589532e-01 9.217114246700046018e-03 0.000000000000000000e+00
1.392000000000000000e+06 3.479982790503763912e-01 2.141556668183887124e-01 5.992262175694128556e-01 1.800182066454255880e-01 6.599908966772872511e-03 0.000000000000000000e+00
1.400000000000000000e+06 3.499982691598613194e-01 2.109695038689121394e-01 5.811333636777423761e-01 2.030040964952207483e-01 4.893035958124715423e-03 0.000000000000000000e+00
1.408000000000000000e+06 3.519982592693462475e-01 2.131315430131998090e-01 5.795402822030041312e-01 2.027765134274009950e-01 4.551661356395083832e-03 0.000000000000000000e+00
1.416000000000000000e+06 3.539982493788311757e-01 2.098315885298133732e-01 5.823850705507510606e-01 2.019799726900318726e-01 5.803368229403732710e-03 0.000000000000000000e+00
1.424000000000000000e+06 3.559982394883161039e-01 2.144970414201183562e-01 5.799954483386435822e-01 1.992489758761948060e-01 6.258534365043240920e-03 0.000000000000000000e+00
1.432000000000000000e+06 3.579982295978010320e-01 2.146108329540282189e-01 5.727127901684114786e-01 2.072143832498861971e-01 5.461993627674101119e-03 0.000000000000000000e+00
1.440000000000000000e+06 3.599982197072859602e-01 2.174556213017751483e-01 5.694128356850249872e-01 2.066454255803368278e-01 6.486117432862995025e-03 0.000000000000000000e+00
1.448000000000000000e+06 3.619982098167708884e-01 2.191624943104233114e-01 5.675921711424669613e-01 2.065316340464269373e-01 6.713700500682749130e-03 0.000000000000000000e+00
1.456000000000000000e+06 3.639981999262558165e-01 2.179107874374146547e-01 5.654301319981793750e-01 2.106281292671825234e-01 6.030951297223486815e-03 0.000000000000000000e+00
1.464000000000000000e+06 3.659981900357407447e-01 2.243969048702776636e-01 5.603095129722348577e-01 2.085798816568047442e-01 6.713700500682749130e-03 0.000000000000000000e+00
1.472000000000000000e+06 3.679981801452256729e-01 2.264451524806554428e-01 5.624715521165225551e-01 2.042558033682294050e-01 6.827492034592626616e-03 0.000000000000000000e+00
1.480000000000000000e+06 3.699981702547106011e-01 2.273554847519344557e-01 5.566681838871188059e-01 2.102867546654528796e-01 5.689576695493855224e-03 0.000000000000000000e+00
1.488000000000000000e+06 3.719981603641955292e-01 2.097177969959035104e-01 6.158397815202548697e-01 1.671597633136094607e-01 7.282658170232134826e-03 0.000000000000000000e+00
1.496000000000000000e+06 3.739981504736804574e-01 1.170914883932635403e-01 7.410104688211197610e-01 1.406463359126081114e-01 1.251706873008648227e-03 0.000000000000000000e+00
1.504000000000000000e+06 3.759981405831653856e-01 1.186845698680018268e-01 7.396449704142011861e-01 1.406463359126081114e-01 1.024123805188893906e-03 0.000000000000000000e+00
1.512000000000000000e+06 3.779981306926503137e-01 1.193673190714610866e-01 7.401001365498406370e-01 1.398497951752389612e-01 6.827492034592626399e-04 0.000000000000000000e+00
1.520000000000000000e+06 3.799981208021352419e-01 1.149294492489758707e-01 7.424897587619481154e-01 1.409877105143377274e-01 1.593081474738279385e-03 0.000000000000000000e+00
1.528000000000000000e+06 3.819981109116201701e-01 1.157259899863450209e-01 7.419208010923987739e-01 1.408739189804278646e-01 1.479289940828402332e-03 0.000000000000000000e+00
1.536000000000000000e+06 3.839981010211050982e-01 1.174328629949931702e-01 7.390760127446518446e-01 1.423532089212562468e-01 1.137915339098770958e-03 0.000000000000000000e+00
1.544000000000000000e+06 3.859980911305900264e-01 1.159535730541647741e-01 7.380518889394629412e-01 1.441738734638143005e-01 1.820664542558033706e-03 0.000000000000000000e+00
1.552000000000000000e+06 3.879980812400749546e-01 1.156121984524351443e-01 7.385070550751023921e-01 1.440600819299044100e-01 1.820664542558033706e-03 0.000000000000000000e+00
1.560000000000000000e+06 3.899980713495598827e-01 1.165225307237141572e-01 7.386208466090122826e-01 1.432635411925352875e-01 1.593081474738279385e-03 0.000000000000000000e+00
1.568000000000000000e+06 3.919980614590450330e-01 1.159535730541647741e-01 7.389622212107419541e-01 1.432635411925352875e-01 1.820664542558033706e-03 0.000000000000000000e+00
1.576000000000000000e+06 3.939980515685297391e-01 1.187983614019117035e-01 7.322485207100591920e-01 1.469048702776513393e-01 2.048247610377787811e-03 0.000000000000000000e+00
1.584000000000000000e+06 3.959980416780144452e-01 1.197086936731907164e-01 7.348657259899863403e-01 1.440600819299044100e-01 1.365498406918525280e-03 0.000000000000000000e+00
1.592000000000000000e+06 3.979980317874995954e-01 1.198224852071005930e-01 7.299726900318616041e-01 1.483841602184797492e-01 1.820664542558033706e-03 0.000000000000000000e+00
1.600000000000000000e+06 3.999980218969845236e-01 1.224396904870277691e-01 7.265589440145653333e-01 1.488393263541192557e-01 2.162039144287664864e-03 0.000000000000000000e+00
1.608000000000000000e+06 4.019980120064694518e-01 1.218707328174783860e-01 7.253072371415566488e-01 1.506599908966772816e-01 2.162039144287664864e-03 0.000000000000000000e+00
1.616000000000000000e+06 4.039980021159541579e-01 1.249431042330450548e-01 7.203004096495220221e-01 1.530496131087847045e-01 1.706873008648156654e-03 0.000000000000000000e+00
1.624000000000000000e+06 4.059979922254393081e-01 1.239189804278561652e-01 7.107419208010924416e-01 1.629494765589440120e-01 2.389622212107419402e-03 0.000000000000000000e+00
1.632000000000000000e+06 4.079979823349242363e-01 1.345015930814747462e-01 6.888939462903960198e-01 1.745562130177514826e-01 2.048247610377787811e-03 0.000000000000000000e+00
1.640000000000000000e+06 4.099979724444091644e-01 1.397360036413290985e-01 6.845698680018206250e-01 1.736458807464724696e-01 2.048247610377787811e-03 0.000000000000000000e+00
1.648000000000000000e+06 4.119979625538938706e-01 1.397360036413290985e-01 6.843422849340009551e-01 1.742148384160218388e-01 1.706873008648156654e-03 0.000000000000000000e+00
1.656000000000000000e+06 4.139979526633790208e-01 1.378015475648611821e-01 6.818388711879835862e-01 1.783113336367774249e-01 2.048247610377787811e-03 0.000000000000000000e+00
1.664000000000000000e+06 4.159979427728639489e-01 1.390532544378698110e-01 6.825216203914429292e-01 1.759217114246700020e-01 2.503413746017296455e-03 0.000000000000000000e+00
1.672000000000000000e+06 4.179979328823488771e-01 1.374601729631315383e-01 6.803595812471552318e-01 1.795630405097860816e-01 2.617205279927173507e-03 0.000000000000000000e+00
1.680000000000000000e+06 4.199979229918335832e-01 1.390532544378698110e-01 6.786527082385070964e-01 1.795630405097860816e-01 2.730996813837050560e-03 0.000000000000000000e+00
1.688000000000000000e+06 4.219979131013185114e-01 1.442876649977241632e-01 6.727355484751934567e-01 1.808147473827947105e-01 2.162039144287664864e-03 0.000000000000000000e+00
1.696000000000000000e+06 4.239979032108036616e-01 1.457669549385525731e-01 6.710286754665453213e-01 1.797906235776058348e-01 3.413746017296313308e-03 0.000000000000000000e+00
1.704000000000000000e+06 4.259978933202883677e-01 1.461083295402822169e-01 6.696631770596267463e-01 1.818388711879836139e-01 2.389622212107419402e-03 0.000000000000000000e+00
1.712000000000000000e+06 4.279978834297732959e-01 1.461083295402822169e-01 6.711424670004552118e-01 1.797906235776058348e-01 2.958579881656804664e-03 0.000000000000000000e+00
1.720000000000000000e+06 4.299978735392582241e-01 1.458807464724624359e-01 6.703459262630859783e-01 1.818388711879836139e-01 1.934456076467910759e-03 0.000000000000000000e+00
1.728000000000000000e+06 4.319978636487433743e-01 1.441738734638143005e-01 6.713700500682748817e-01 1.809285389167046010e-01 3.527537551206190360e-03 0.000000000000000000e+00
1.736000000000000000e+06 4.339978537582280804e-01 1.552116522530723741e-01 6.733045061447427981e-01 1.675011379153391045e-01 3.982703686845699004e-03 0.000000000000000000e+00
1.744000000000000000e+06 4.359978438677130086e-01 1.337050523441055960e-01 7.292899408284023721e-01 1.360946745562130189e-01 9.103322712790168532e-04 0.000000000000000000e+00
1.752000000000000000e+06 4.379978339771979368e-01 1.338188438780154865e-01 7.294037323623122626e-01 1.363222576240327721e-01 4.551661356395084266e-04 0.000000000000000000e+00
1.760000000000000000e+06 4.399978240866830870e-01 1.340464269458352398e-01 7.296313154301320436e-01 1.351843422849340060e-01 1.137915339098770958e-03 0.000000000000000000e+00
1.768000000000000000e+06 4.419978141961677931e-01 1.335912608101957333e-01 7.291761492944924816e-01 1.359808830223031284e-01 1.251706873008648227e-03 0.000000000000000000e+00
1.776000000000000000e+06 4.439978043056524992e-01 1.343878015475648557e-01 7.294037323623122626e-01 1.351843422849340060e-01 1.024123805188893906e-03 0.000000000000000000e+00
1.784000000000000000e+06 4.459977944151376494e-01 1.327947200728265831e-01 7.296313154301320436e-01 1.370050068274920319e-01 5.689576695493854790e-04 0.000000000000000000e+00
1.792000000000000000e+06 4.479977845246227997e-01 1.349567592171142527e-01 7.281520254893035782e-01 1.355257168866636219e-01 1.365498406918525280e-03 0.000000000000000000e+00
1.800000000000000000e+06 4.499977746341075058e-01 1.340464269458352398e-01 7.281520254893035782e-01 1.362084660901228816e-01 1.593081474738279385e-03 0.000000000000000000e+00
1.808000000000000000e+06 4.519977647435922119e-01 1.354119253527537592e-01 7.271279016841146747e-01 1.358670914883932657e-01 1.593081474738279385e-03 0.000000000000000000e+00
1.816000000000000000e+06 4.539977548530773621e-01 1.350705507510241155e-01 7.276968593536641272e-01 1.367774237596722786e-01 4.551661356395084266e-04 0.000000000000000000e+00
