# itime ezz other fcc hcp bcc ico
0.000000000000000000e+00 0.000000000000000000e+00 0.000000000000000000e+00 1.000000000000000000e+00 0.000000000000000000e+00 0.000000000000000000e+00 0.000000000000000000e+00
4.000000000000000000e+04 9.999961392287648465e-03 0.000000000000000000e+00 1.000000000000000000e+00 0.000000000000000000e+00 0.000000000000000000e+00 0.000000000000000000e+00
8.000000000000000000e+04 1.999992278457551897e-02 0.000000000000000000e+00 1.000000000000000000e+00 0.000000000000000000e+00 0.000000000000000000e+00 0.000000000000000000e+00
1.200000000000000000e+05 2.999988417686316744e-02 0.000000000000000000e+00 1.000000000000000000e+00 0.000000000000000000e+00 0.000000000000000000e+00 0.000000000000000000e+00
1.600000000000000000e+05 3.999984556915081590e-02 0.000000000000000000e+00 1.000000000000000000e+00 0.000000000000000000e+00 0.000000000000000000e+00 0.000000000000000000e+00
2.000000000000000000e+05 4.999980696143868641e-02 0.000000000000000000e+00 1.000000000000000000e+00 0.000000000000000000e+00 0.000000000000000000e+00 0.000000000000000000e+00
2.400000000000000000e+05 5.999976835372633488e-02 0.000000000000000000e+00 1.000000000000000000e+00 0.000000000000000000e+00 0.000000000000000000e+00 0.000000000000000000e+00
2.800000000000000000e+05 6.999972974601398334e-02 0.000000000000000000e+00 1.000000000000000000e+00 0.000000000000000000e+00 0.000000000000000000e+00 0.000000000000000000e+00
3.200000000000000000e+05 7.999969113830163181e-02 5.689576695493854790e-04 9.994310423304506585e-01 0.000000000000000000e+00 0.000000000000000000e+00 0.000000000000000000e+00
3.600000000000000000e+05 8.999965253058950232e-02 5.689576695493854790e-04 9.994310423304506585e-01 0.000000000000000000e+00 0.000000000000000000e+00 0.000000000000000000e+00
4.000000000000000000e+05 9.999961392287715078e-02 4.437869822485207214e-03 9.954483386436049352e-01 0.000000000000000000e+00 1.137915339098771066e-04 0.000000000000000000e+00
4.400000000000000000e+05 1.099995753151647992e-01 6.486117432862995025e-02 6.676149294492489394e-01 2.642239417387346467e-01 3.299954483386436255e-03 0.000000000000000000e+00
4.800000000000000000e+05 1.199995367074526698e-01 6.725079654073737312e-02 6.675011379153390489e-01 2.606964041875284299e-01 4.551661356395083832e-03 0.000000000000000000e+00
5.200000000000000000e+05 1.299994980997403182e-01 1.111743286299499284e-01 6.522530723714156098e-01 2.288347746927628656e-01 7.737824305871643035e-03 0.000000000000000000e+00
5.600000000000000000e+05 1.399994594920279667e-01 5.564406008192990249e-02 7.991579426490669213e-01 1.451979972690031762e-01 0.000000000000000000e+00 0.000000000000000000e+00
6.000000000000000000e+05 1.499994208843158372e-01 5.518889394629039602e-02 7.992717341829768118e-01 1.455393718707328199e-01 0.000000000000000000e+00 0.000000000000000000e+00
6.400000000000000000e+05 1.599993822766034857e-01 5.473372781065088954e-02 7.994993172507965928e-01 1.456531634046426826e-01 1.137915339098771066e-04 0.000000000000000000e+00
6.800000000000000000e+05 1.699993436688911341e-01 5.507510241238051940e-02 7.992717341829768118e-01 1.455393718707328199e-01 1.137915339098771066e-04 0.000000000000000000e+00
7.200000000000000000e+05 1.799993050611787826e-01 5.553026854802002588e-02 7.989303595812471404e-01 1.453117888029130667e-01 2.275830678197542133e-04 0.000000000000000000e+00
7.600000000000000000e+05 1.899992664534666531e-01 5.644060081929904577e-02 7.983614019116977989e-01 1.448566226672735602e-01 3.413746017296313199e-04 0.000000000000000000e+00
8.000000000000000000e+05 1.999992278457543016e-01 1.156121984524351443e-01 6.486117432862994470e-01 2.307692307692307820e-01 5.006827492034592909e-03 0.000000000000000000e+00
8.400000000000000000e+05 2.099991892380419500e-01 1.175466545289030468e-01 6.495220755575785709e-01 2.286071916249431124e-01 4.324078288575329727e-03 0.000000000000000000e+00
8.800000000000000000e+05 2.199991506303298205e-01 1.434911242603550408e-01 6.036640873918980299e-01 2.471552116522530707e-01 5.689576695493855224e-03 0.000000000000000000e+00
9.200000000000000000e+05 2.299991120226174690e-01 1.720527992717341692e-01 5.518889394629039602e-01 2.694583522985889990e-01 6.599908966772872511e-03 0.000000000000000000e+00
9.600000000000000000e+05 2.399990734149051175e-01 1.800182066454255880e-01 5.468821119708693335e-01 2.683204369594902050e-01 4.779244424214838804e-03 0.000000000000000000e+00
1.000000000000000000e+06 2.499990348071929880e-01 1.779699590350477811e-01 5.640646335912608000e-01 2.534137460172963263e-01 4.551661356395083832e-03 0.000000000000000000e+00
1.040000000000000000e+06 2.599989961994806364e-01 1.668183887118798447e-01 5.987710514337732937e-01 2.305416477014110288e-01 3.868912152935821518e-03 0.000000000000000000e+00
1.080000000000000000e+06 2.699989575917682849e-01 1.661356395084205850e-01 5.955848884842968038e-01 2.350933090578060936e-01 3.186162949476558769e-03 0.000000000000000000e+00
1.120000000000000000e+06 2.799989189840559334e-01 1.794492489758761911e-01 5.856850250341374409e-01 2.324761037778789174e-01 2.389622212107419402e-03 0.000000000000000000e+00
1.160000000000000000e+06 2.899988803763438039e-01 1.801319981793354508e-01 5.832954028220300735e-01 2.324761037778789174e-01 4.096495220755575623e-03 0.000000000000000000e+00
1.200000000000000000e+06 2.999988417686314524e-01 2.139280837505689592e-01 5.443786982248520756e-01 2.361174328629949970e-01 5.575785161583977738e-03 0.000000000000000000e+00
1.240000000000000000e+06 3.099988031609191008e-01 2.171142467000455045e-01 5.500682749203459343e-01 2.207555757851615841e-01 1.206190259444697363e-02 0.000000000000000000e+00
1.280000000000000000e+06 3.199987645532069713e-01 2.258761948111060458e-01 5.443786982248520756e-01 2.200728265817023244e-01 9.672280382339554228e-03 0.000000000000000000e+00
1.320000000000000000e+06 3.299987259454946198e-01 2.256486117432862926e-01 5.781747837960855563e-01 1.874146563495675821e-01 8.761948111060537808e-03 0.000000000000000000e+00
1.360000000000000000e+06 3.399986873377822683e-01 2.206417842512516936e-01 5.847746927628584279e-01 1.882111970869367323e-01 6.372325898953117539e-03 0.000000000000000000e+00
1.400000000000000000e+06 3.499986487300701388e-01 2.109695038689121394e-01 5.811333636777423761e-01 2.030040964952207483e-01 4.893035958124715423e-03 0.000000000000000000e+00
1.440000000000000000e+06 3.599986101223577872e-01 2.174556213017751483e-01 5.694128356850249872e-01 2.066454255803368278e-01 6.486117432862995025e-03 0.000000000000000000e+00
1.480000000000000000e+06 3.699985715146454357e-01 2.273554847519344557e-01 5.566681838871188059e-01 2.102867546654528796e-01 5.689576695493855224e-03 0.000000000000000000e+00
1.520000000000000000e+06 3.799985329069330842e-01 1.149294492489758707e-01 7.424897587619481154e-01 1.409877105143377274e-01 1.593081474738279385e-03 0.000000000000000000e+00
1.560000000000000000e+06 3.899984942992207326e-01 1.165225307237141572e-01 7.386208466090122826e-01 1.432635411925352875e-01 1.593081474738279385e-03 0.000000000000000000e+00
1.600000000000000000e+06 3.999984556915088252e-01 1.224396904870277691e-01 7.265589440145653333e-01 1.488393263541192557e-01 2.162039144287664864e-03 0.000000000000000000e+00
1.640000000000000000e+06 4.099984170837962516e-01 1.397360036413290985e-01 6.845698680018206250e-01 1.736458807464724696e-01 2.048247610377787811e-03 0.000000000000000000e+00
1.680000000000000000e+06 4.199983784760841221e-01 1.390532544378698110e-01 6.786527082385070964e-01 1.795630405097860816e-01 2.730996813837050560e-03 0.000000000000000000e+00
1.720000000000000000e+06 4.299983398683715485e-01 1.458807464724624359e-01 6.703459262630859783e-01 1.818388711879836139e-01 1.934456076467910759e-03 0.000000000000000000e+00
1.760000000000000000e+06 4.399983012606596411e-01 1.340464269458352398e-01 7.296313154301320436e-01 1.351843422849340060e-01 1.137915339098770958e-03 0.000000000000000000e+00
1.800000000000000000e+06 4.499982626529470675e-01 1.340464269458352398e-01 7.281520254893035782e-01 1.362084660901228816e-01 1.593081474738279385e-03 0.000000000000000000e+00
1.840000000000000000e+06 4.599982240452351601e-01 1.341602184797451025e-01 7.254210286754665393e-01 1.391670459717797015e-01 1.251706873008648227e-03 0.000000000000000000e+00
1.880000000000000000e+06 4.699981854375225865e-01 1.327947200728265831e-01 7.248520710059171979e-01 1.417842512517068776e-01 5.689576695493854790e-04 0.000000000000000000e+00
1.920000000000000000e+06 4.799981468298104570e-01 1.334774692762858428e-01 7.225762403277196100e-01 1.424670004551661373e-01 1.479289940828402332e-03 0.000000000000000000e+00
1.960000000000000000e+06 4.899981082220978834e-01 1.390532544378698110e-01 7.084660901228948537e-01 1.514565316340464318e-01 1.024123805188893906e-03 0.000000000000000000e+00
2.000000000000000000e+06 4.999980696143859760e-01 1.304050978607191602e-01 7.287209831588530307e-01 1.401911697769686049e-01 6.827492034592626399e-04 0.000000000000000000e+00
2.040000000000000000e+06 5.099980310066734024e-01 1.339326354119253493e-01 7.269003186162948937e-01 1.384842967683204418e-01 6.827492034592626399e-04 0.000000000000000000e+00
2.080000000000000000e+06 5.199979923989612729e-01 1.296085571233500100e-01 7.311106053709603980e-01 1.373463814292216756e-01 1.934456076467910759e-03 0.000000000000000000e+00
2.120000000000000000e+06 5.299979537912486993e-01 1.308602639963586667e-01 7.321347291761493015e-01 1.363222576240327721e-01 6.827492034592626399e-04 0.000000000000000000e+00
2.160000000000000000e+06 5.399979151835367919e-01 1.319981793354574329e-01 7.327036868456986429e-01 1.345015930814747462e-01 7.965407373691396923e-04 0.000000000000000000e+00
2.200000000000000000e+06 5.499978765758242183e-01 1.355257168866636219e-01 7.289485662266727006e-01 1.340464269458352398e-01 1.479289940828402332e-03 0.000000000000000000e+00
2.240000000000000000e+06 5.599978379681123108e-01 1.521392808375056915e-01 6.646563495675921196e-01 1.809285389167046010e-01 2.275830678197541916e-03 0.000000000000000000e+00
2.280000000000000000e+06 5.699977993603997373e-01 1.596495220755575761e-01 6.578288575329995780e-01 1.803595812471552040e-01 2.162039144287664864e-03 0.000000000000000000e+00
2.320000000000000000e+06 5.799977607526876078e-01 1.488393263541192557e-01 6.780837505689576439e-01 1.719390077378243065e-01 1.137915339098770958e-03 0.000000000000000000e+00
2.360000000000000000e+06 5.899977221449750342e-01 1.527082385070550885e-01 6.754665452890304955e-01 1.703459262630860338e-01 1.479289940828402332e-03 0.000000000000000000e+00
2.400000000000000000e+06 5.999976835372631268e-01 1.513427401001365413e-01 6.769458352298588499e-01 1.693218024578971304e-01 2.389622212107419402e-03 0.000000000000000000e+00
2.440000000000000000e+06 6.099976449295505532e-01 1.770596267637687682e-01 6.583978152025489194e-01 1.610150204824760956e-01 3.527537551206190360e-03 0.000000000000000000e+00
2.480000000000000000e+06 6.199976063218384237e-01 1.775147928994082747e-01 6.569185252617205650e-01 1.624943104233045055e-01 3.072371415566681717e-03 0.000000000000000000e+00
2.520000000000000000e+06 6.299975677141258501e-01 1.684114701866181174e-01 6.718252162039144437e-01 1.538461538461538547e-01 5.917159763313609329e-03 0.000000000000000000e+00
2.560000000000000000e+06 6.399975291064139427e-01 1.737596722803823324e-01 6.669321802457897075e-01 1.536185707783341015e-01 5.689576695493855224e-03 0.000000000000000000e+00
2.600000000000000000e+06 6.499974904987013691e-01 1.550978607191624836e-01 6.854802002730996380e-01 1.548702776513427304e-01 4.551661356395083832e-03 0.000000000000000000e+00
2.640000000000000000e+06 6.599974518909894616e-01 1.593081474738279601e-01 6.819526627218934767e-01 1.558944014565316338e-01 2.844788347746927612e-03 0.000000000000000000e+00
2.680000000000000000e+06 6.699974132832768881e-01 1.609012289485662328e-01 6.783113336367774249e-01 1.580564406008193035e-01 2.730996813837050560e-03 0.000000000000000000e+00
2.720000000000000000e+06 6.799973746755647586e-01 1.576012744651797970e-01 6.910559854346836062e-01 1.484979517523896120e-01 2.844788347746927612e-03 0.000000000000000000e+00
2.760000000000000000e+06 6.899973360678521850e-01 1.587391898042785632e-01 6.901456531634045932e-01 1.467910787437414766e-01 4.324078288575329727e-03 0.000000000000000000e+00
2.800000000000000000e+06 6.999972974601402775e-01 1.679563040509786109e-01 6.836595357305416121e-01 1.458807464724624359e-01 2.503413746017296455e-03 0.000000000000000000e+00
2.840000000000000000e+06 7.099972588524277040e-01 1.684114701866181174e-01 6.853664087391898585e-01 1.436049157942649035e-01 2.617205279927173507e-03 0.000000000000000000e+00
2.880000000000000000e+06 7.199972202447155745e-01 1.673873463814292140e-01 6.846836595357305155e-01 1.448566226672735602e-01 3.072371415566681717e-03 0.000000000000000000e+00
2.920000000000000000e+06 7.299971816370030009e-01 1.693218024578971304e-01 6.817250796540736957e-01 1.455393718707328199e-01 3.413746017296313308e-03 0.000000000000000000e+00
2.960000000000000000e+06 7.399971430292910934e-01 1.795630405097860816e-01 6.588529813381884814e-01 1.583978152025489194e-01 3.186162949476558769e-03 0.000000000000000000e+00
3.000000000000000000e+06 7.499971044215785199e-01 1.678425125170687204e-01 6.959490213928083424e-01 1.272189349112426149e-01 8.989531178880291046e-03 0.000000000000000000e+00
3.040000000000000000e+06 7.599970658138666124e-01 1.712562585343650468e-01 6.942421483841602070e-01 1.253982703686845612e-01 9.103322712790167665e-03 0.000000000000000000e+00
3.080000000000000000e+06 7.699970272061540388e-01 1.719390077378243065e-01 6.915111515703231682e-01 1.266499772416932179e-01 9.899863450159307465e-03 0.000000000000000000e+00
3.120000000000000000e+06 7.799969885984419093e-01 1.860491579426490627e-01 6.505461993627673634e-01 1.595357305416477134e-01 3.868912152935821518e-03 0.000000000000000000e+00
3.160000000000000000e+06 7.899969499907293358e-01 1.860491579426490627e-01 6.520254893035958288e-01 1.599908966772872199e-01 1.934456076467910759e-03 0.000000000000000000e+00
3.200000000000000000e+06 7.999969113830174283e-01 1.852526172052799402e-01 6.502048247610378029e-01 1.615839781520254925e-01 2.958579881656804664e-03 0.000000000000000000e+00
3.240000000000000000e+06 8.099968727753048547e-01 1.916249431042330587e-01 6.355257168866635942e-01 1.712562585343650468e-01 1.593081474738279385e-03 0.000000000000000000e+00
3.280000000000000000e+06 8.199968341675927253e-01 1.861629494765589532e-01 6.304050978607191880e-01 1.820664542558033672e-01 1.365498406918525280e-03 0.000000000000000000e+00
3.320000000000000000e+06 8.299967955598801517e-01 1.827492034592626269e-01 6.340464269458352398e-01 1.809285389167046010e-01 2.275830678197541916e-03 0.000000000000000000e+00
3.360000000000000000e+06 8.399967569521682442e-01 1.844560764679107900e-01 6.305188893946290785e-01 1.828629949931725174e-01 2.162039144287664864e-03 0.000000000000000000e+00
3.400000000000000000e+06 8.499967183444556706e-01 1.837733272644515303e-01 6.312016385980883104e-01 1.832043695949021334e-01 1.820664542558033706e-03 0.000000000000000000e+00
3.440000000000000000e+06 8.599966797367437632e-01 1.824078288575330109e-01 6.313154301319982009e-01 1.835457441966317771e-01 2.730996813837050560e-03 0.000000000000000000e+00
3.480000000000000000e+06 8.699966411290311896e-01 1.853664087391898030e-01 6.280154756486117096e-01 1.849112426035502965e-01 1.706873008648156654e-03 0.000000000000000000e+00
3.520000000000000000e+06 8.799966025213190601e-01 1.900318616294947582e-01 6.215293582157487284e-01 1.871870732817478289e-01 1.251706873008648227e-03 0.000000000000000000e+00
3.560000000000000000e+06 8.899965639136064866e-01 1.933318161128811941e-01 6.186845698680017991e-01 1.871870732817478289e-01 7.965407373691396923e-04 0.000000000000000000e+00
3.600000000000000000e+06 8.999965253058945791e-01 1.935593991807009473e-01 6.248293126991352198e-01 1.810423304506144637e-01 5.689576695493854790e-04 0.000000000000000000e+00
3.640000000000000000e+06 9.099964866981820055e-01 1.954938552571688637e-01 6.432635411925352598e-01 1.586253982703686727e-01 2.617205279927173507e-03 0.000000000000000000e+00
3.680000000000000000e+06 9.199964480904698760e-01 2.009558488848429691e-01 6.385980883022303045e-01 1.580564406008193035e-01 2.389622212107419402e-03 0.000000000000000000e+00
3.720000000000000000e+06 9.299964094827573025e-01 2.041420118343195145e-01 6.355257168866635942e-01 1.582840236686390567e-01 2.048247610377787811e-03 0.000000000000000000e+00
3.760000000000000000e+06 9.399963708750453950e-01 2.102867546654528796e-01 6.282430587164314906e-01 1.579426490669094130e-01 3.527537551206190360e-03 0.000000000000000000e+00
3.800000000000000000e+06 9.499963322673328214e-01 2.115384615384615363e-01 6.158397815202548697e-01 1.680700955848884737e-01 4.551661356395083832e-03 0.000000000000000000e+00
3.840000000000000000e+06 9.599962936596209140e-01 2.165452890304961353e-01 5.908056440600819581e-01 1.896904870277651423e-01 2.958579881656804664e-03 0.000000000000000000e+00
3.880000000000000000e+06 9.699962550519083404e-01 2.142694583522985752e-01 5.761265361857077494e-01 2.065316340464269373e-01 3.072371415566681717e-03 0.000000000000000000e+00
3.920000000000000000e+06 9.799962164441962109e-01 2.131315430131998090e-01 5.830678197542102925e-01 2.006144742831133254e-01 3.186162949476558769e-03 0.000000000000000000e+00
3.960000000000000000e+06 9.899961778364836373e-01 2.170004551661356418e-01 5.777196176604461053e-01 2.020937642239417353e-01 3.186162949476558769e-03 0.000000000000000000e+00
4.000000000000000000e+06 9.999961392287717299e-01 2.193900773782430647e-01 5.755575785161584079e-01 2.008420573509330787e-01 4.210286754665453109e-03 0.000000000000000000e+00
