# itime ezz other fcc hcp bcc ico
0.000000000000000000e+00 0.000000000000000000e+00 7.965407373691396923e-04 9.992034592626308775e-01 0.000000000000000000e+00 0.000000000000000000e+00 0.000000000000000000e+00
3.000000000000000000e+01 1.200001324403343617e-02 7.965407373691396923e-04 9.992034592626308775e-01 0.000000000000000000e+00 0.000000000000000000e+00 0.000000000000000000e+00
6.000000000000000000e+01 2.400002648806665029e-02 2.048247610377787811e-03 9.979517523896221931e-01 0.000000000000000000e+00 0.000000000000000000e+00 0.000000000000000000e+00
9.000000000000000000e+01 3.600003973210008645e-02 6.372325898953117539e-03 9.936276741010469093e-01 0.000000000000000000e+00 0.000000000000000000e+00 0.000000000000000000e+00
1.200000000000000000e+02 4.800005297613352262e-02 7.168866636322257339e-03 9.926035502958580059e-01 0.000000000000000000e+00 2.275830678197542133e-04 0.000000000000000000e+00
1.500000000000000000e+02 6.000006622016673674e-02 2.116522530723714129e-02 9.774692762858443462e-01 0.000000000000000000e+00 1.365498406918525280e-03 0.000000000000000000e+00
1.800000000000000000e+02 7.200007946420017291e-02 4.119253527537550946e-02 9.567592171142467183e-01 0.000000000000000000e+00 2.048247610377787811e-03 0.000000000000000000e+00
2.100000000000000000e+02 8.400009270823360907e-02 7.316795630405098505e-02 9.241010468821119206e-01 0.000000000000000000e+00 2.730996813837050560e-03 0.000000000000000000e+00
2.400000000000000000e+02 9.600010595226682319e-02 1.244879380974055483e-01 8.692535275375512516e-01 0.000000000000000000e+00 6.258534365043240920e-03 0.000000000000000000e+00
2.700000000000000000e+02 1.080001191963002594e-01 2.314519799726900418e-01 7.535275375512061613e-01 1.137915339098771066e-04 1.490669094219390124e-02 0.000000000000000000e+00
3.000000000000000000e+02 1.200001324403336955e-01 3.717569412835685094e-01 5.945607646791079004e-01 0.000000000000000000e+00 3.368229403732362487e-02 0.000000000000000000e+00
3.300000000000000000e+02 1.320001456843669096e-01 5.268548020027310486e-01 3.958807464724624636e-01 7.965407373691396923e-04 7.646791078743742087e-02 0.000000000000000000e+00
3.600000000000000000e+02 1.440001589284003458e-01 6.587391898042785909e-01 2.192762858443331742e-01 2.730996813837050560e-03 1.192535275375512099e-01 0.000000000000000000e+00
3.900000000000000000e+02 1.560001721724337820e-01 7.207555757851615841e-01 1.177742375967228000e-01 9.672280382339554228e-03 1.517979062357760478e-01 0.000000000000000000e+00
4.200000000000000000e+02 1.680001854164669961e-01 7.661583978152025631e-01 5.564406008192990249e-02 1.593081474738279601e-02 1.622667273554847522e-01 0.000000000000000000e+00
4.500000000000000000e+02 1.800001986605004323e-01 8.073509330905780379e-01 3.686845698680018407e-02 2.184797451069640448e-02 1.339326354119253493e-01 0.000000000000000000e+00
4.800000000000000000e+02 1.920002119045338684e-01 8.411470186618115186e-01 2.526172052799271692e-02 2.492034592626308706e-02 1.086709148839326289e-01 0.000000000000000000e+00
5.100000000000000000e+02 2.040002251485670826e-01 8.747155211652253293e-01 1.911697769685935522e-02 2.309968138370505075e-02 8.306781975421029252e-02 0.000000000000000000e+00
5.400000000000000000e+02 2.160002383926005187e-01 8.949704142011833952e-01 1.832043695949021542e-02 2.378243058716431393e-02 6.292671825216203385e-02 0.000000000000000000e+00
5.700000000000000000e+02 2.280002516366339549e-01 9.147701411015020101e-01 1.445152480655439303e-02 2.651342740100136666e-02 4.426490669094219205e-02 0.000000000000000000e+00
6.000000000000000000e+02 2.400002648806673911e-01 9.283113336367774249e-01 1.308602639963586667e-02 2.457897132453345374e-02 3.402366863905325473e-02 0.000000000000000000e+00
6.300000000000000000e+02 2.520002781247006052e-01 9.376422394173873354e-01 1.194811106053709528e-02 2.207555757851615771e-02 2.833409194355939950e-02 0.000000000000000000e+00
6.600000000000000000e+02 2.640002913687340413e-01 9.460628129267182329e-01 1.240327719617660522e-02 1.900318616294947513e-02 2.253072371415566766e-02 0.000000000000000000e+00
6.900000000000000000e+02 2.760003046127674775e-01 9.574419663177059503e-01 1.058261265361857065e-02 1.661356395084205573e-02 1.536185707783340945e-02 0.000000000000000000e+00
7.200000000000000000e+02 2.880003178568006916e-01 9.586936731907146347e-01 9.786071916249430847e-03 1.638598088302230249e-02 1.513427401001365448e-02 0.000000000000000000e+00
7.500000000000000000e+02 3.000003311008341278e-01 9.675694128356849832e-01 9.217114246700046018e-03 1.251706873008648184e-02 1.058261265361857065e-02 1.137915339098771066e-04
7.800000000000000000e+02 3.120003443448675640e-01 9.695038689121528996e-01 7.510241238051888930e-03 1.228948566226672687e-02 1.069640418752844727e-02 0.000000000000000000e+00
8.100000000000000000e+02 3.240003575889007781e-01 9.705279927173418031e-01 6.827492034592626616e-03 1.194811106053709528e-02 1.069640418752844727e-02 0.000000000000000000e+00
8.400000000000000000e+02 3.360003708329342142e-01 9.772416932180245652e-01 6.144742831133363434e-03 1.035502958579881741e-02 6.030951297223486815e-03 2.275830678197542133e-04
8.700000000000000000e+02 3.480003840769676504e-01 9.775830678197542367e-01 5.120619025944469528e-03 1.046882111970869403e-02 6.486117432862995025e-03 3.413746017296313199e-04
9.000000000000000000e+02 3.600003973210008645e-01 9.824761037778789730e-01 3.982703686845699004e-03 8.420573509330906217e-03 4.665452890304961318e-03 4.551661356395084266e-04
9.300000000000000000e+02 3.720004105650343007e-01 9.827036868456986429e-01 4.324078288575329727e-03 8.306781975421027864e-03 4.324078288575329727e-03 3.413746017296313199e-04
9.600000000000000000e+02 3.840004238090677369e-01 9.856622667273554628e-01 4.324078288575329727e-03 7.168866636322257339e-03 2.275830678197541916e-03 5.689576695493854790e-04
9.900000000000000000e+02 3.960004370531009510e-01 9.871415566681839282e-01 3.755120619025944465e-03 6.258534365043240920e-03 2.617205279927173507e-03 2.275830678197542133e-04
1.020000000000000000e+03 4.080004502971343872e-01 9.883932635411925016e-01 4.096495220755575623e-03 4.893035958124715423e-03 2.162039144287664864e-03 4.551661356395084266e-04
1.050000000000000000e+03 4.200004635411678233e-01 9.895311788802912956e-01 3.072371415566681717e-03 5.234410559854347014e-03 1.706873008648156654e-03 4.551661356395084266e-04
1.080000000000000000e+03 4.320004767852010374e-01 9.918070095584888834e-01 2.275830678197541916e-03 3.755120619025944465e-03 2.162039144287664864e-03 0.000000000000000000e+00
1.110000000000000000e+03 4.440004900292344736e-01 9.918070095584888834e-01 2.048247610377787811e-03 4.893035958124715423e-03 9.103322712790168532e-04 3.413746017296313199e-04
1.140000000000000000e+03 4.560005032732679098e-01 9.931725079654073474e-01 2.048247610377787811e-03 3.299954483386436255e-03 1.137915339098770958e-03 3.413746017296313199e-04
1.170000000000000000e+03 4.680005165173011239e-01 9.922621756941283344e-01 1.251706873008648227e-03 3.641329085116067413e-03 1.934456076467910759e-03 9.103322712790168532e-04
1.200000000000000000e+03 4.800005297613345601e-01 9.922621756941283344e-01 1.934456076467910759e-03 3.868912152935821518e-03 1.365498406918525280e-03 5.689576695493854790e-04
1.230000000000000000e+03 4.920005430053679962e-01 9.945380063723259223e-01 7.965407373691396923e-04 3.527537551206190360e-03 9.103322712790168532e-04 2.275830678197542133e-04
1.260000000000000000e+03 5.040005562494012104e-01 9.939690487027764698e-01 1.365498406918525280e-03 3.072371415566681717e-03 7.965407373691396923e-04 7.965407373691396923e-04
1.290000000000000000e+03 5.160005694934346465e-01 9.955621301775148257e-01 1.251706873008648227e-03 2.389622212107419402e-03 2.275830678197542133e-04 5.689576695493854790e-04
1.320000000000000000e+03 5.280005827374680827e-01 9.954483386436049352e-01 1.706873008648156654e-03 1.934456076467910759e-03 5.689576695493854790e-04 3.413746017296313199e-04
1.350000000000000000e+03 5.400005959815012968e-01 9.955621301775148257e-01 9.103322712790168532e-04 2.275830678197541916e-03 4.551661356395084266e-04 7.965407373691396923e-04
1.380000000000000000e+03 5.520006092255347330e-01 9.954483386436049352e-01 1.820664542558033706e-03 1.365498406918525280e-03 4.551661356395084266e-04 9.103322712790168532e-04
1.410000000000000000e+03 5.640006224695681691e-01 9.955621301775148257e-01 1.706873008648156654e-03 1.820664542558033706e-03 4.551661356395084266e-04 4.551661356395084266e-04
1.440000000000000000e+03 5.760006357136013833e-01 9.969276285844332897e-01 1.024123805188893906e-03 1.137915339098770958e-03 1.137915339098771066e-04 7.965407373691396923e-04
1.470000000000000000e+03 5.880006489576348194e-01 9.974965862539827421e-01 9.103322712790168532e-04 1.024123805188893906e-03 1.137915339098771066e-04 4.551661356395084266e-04
1.500000000000000000e+03 6.000006622016682556e-01 9.969276285844332897e-01 7.965407373691396923e-04 1.365498406918525280e-03 2.275830678197542133e-04 6.827492034592626399e-04
1.530000000000000000e+03 6.120006754457014697e-01 9.978379608557123026e-01 3.413746017296313199e-04 1.251706873008648227e-03 1.137915339098771066e-04 4.551661356395084266e-04
1.560000000000000000e+03 6.240006886897349059e-01 9.978379608557123026e-01 6.827492034592626399e-04 5.689576695493854790e-04 3.413746017296313199e-04 5.689576695493854790e-04
1.590000000000000000e+03 6.360007019337683420e-01 9.984069185252617551e-01 0.000000000000000000e+00 6.827492034592626399e-04 3.413746017296313199e-04 5.689576695493854790e-04
1.620000000000000000e+03 6.480007151778017782e-01 9.980655439235320836e-01 4.551661356395084266e-04 7.965407373691396923e-04 0.000000000000000000e+00 6.827492034592626399e-04
1.650000000000000000e+03 6.600007284218349923e-01 9.968138370505233992e-01 2.275830678197542133e-04 1.593081474738279385e-03 2.275830678197542133e-04 1.137915339098770958e-03
1.680000000000000000e+03 6.720007416658684285e-01 9.981793354574419741e-01 3.413746017296313199e-04 4.551661356395084266e-04 3.413746017296313199e-04 6.827492034592626399e-04
1.710000000000000000e+03 6.840007549099018647e-01 9.980655439235320836e-01 2.275830678197542133e-04 7.965407373691396923e-04 1.137915339098771066e-04 7.965407373691396923e-04
1.740000000000000000e+03 6.960007681539350788e-01 9.978379608557123026e-01 2.275830678197542133e-04 1.024123805188893906e-03 1.137915339098771066e-04 7.965407373691396923e-04
1.770000000000000000e+03 7.080007813979685150e-01 9.982931269913518646e-01 3.413746017296313199e-04 5.689576695493854790e-04 2.275830678197542133e-04 5.689576695493854790e-04
1.800000000000000000e+03 7.200007946420019511e-01 9.976103777878926326e-01 2.275830678197542133e-04 9.103322712790168532e-04 3.413746017296313199e-04 9.103322712790168532e-04
1.830000000000000000e+03 7.320008078860351652e-01 9.980655439235320836e-01 3.413746017296313199e-04 1.137915339098770958e-03 1.137915339098771066e-04 3.413746017296313199e-04
1.860000000000000000e+03 7.440008211300686014e-01 9.977241693218024121e-01 3.413746017296313199e-04 1.024123805188893906e-03 3.413746017296313199e-04 5.689576695493854790e-04
1.890000000000000000e+03 7.560008343741020376e-01 9.990896677287209870e-01 2.275830678197542133e-04 2.275830678197542133e-04 1.137915339098771066e-04 3.413746017296313199e-04
1.920000000000000000e+03 7.680008476181352517e-01 9.977241693218024121e-01 2.275830678197542133e-04 1.137915339098770958e-03 1.137915339098771066e-04 7.965407373691396923e-04
1.950000000000000000e+03 7.800008608621686879e-01 9.981793354574419741e-01 0.000000000000000000e+00 9.103322712790168532e-04 1.137915339098771066e-04 7.965407373691396923e-04
1.980000000000000000e+03 7.920008741062021240e-01 9.986345015930814251e-01 0.000000000000000000e+00 3.413746017296313199e-04 1.137915339098771066e-04 9.103322712790168532e-04
2.010000000000000000e+03 8.040008873502353381e-01 9.987482931269913156e-01 1.137915339098771066e-04 3.413746017296313199e-04 1.137915339098771066e-04 6.827492034592626399e-04
2.040000000000000000e+03 8.160009005942687743e-01 9.986345015930814251e-01 2.275830678197542133e-04 4.551661356395084266e-04 0.000000000000000000e+00 6.827492034592626399e-04
2.070000000000000000e+03 8.280009138383022105e-01 9.984069185252617551e-01 0.000000000000000000e+00 6.827492034592626399e-04 2.275830678197542133e-04 6.827492034592626399e-04
2.100000000000000000e+03 8.400009270823354246e-01 9.979517523896221931e-01 2.275830678197542133e-04 7.965407373691396923e-04 1.137915339098771066e-04 9.103322712790168532e-04
2.130000000000000000e+03 8.520009403263688608e-01 9.976103777878926326e-01 3.413746017296313199e-04 5.689576695493854790e-04 2.275830678197542133e-04 1.251706873008648227e-03
2.160000000000000000e+03 8.640009535704022969e-01 9.982931269913518646e-01 2.275830678197542133e-04 7.965407373691396923e-04 0.000000000000000000e+00 6.827492034592626399e-04
2.190000000000000000e+03 8.760009668144355111e-01 9.981793354574419741e-01 1.137915339098771066e-04 1.137915339098770958e-03 1.137915339098771066e-04 4.551661356395084266e-04
2.220000000000000000e+03 8.880009800584689472e-01 9.981793354574419741e-01 1.137915339098771066e-04 5.689576695493854790e-04 2.275830678197542133e-04 9.103322712790168532e-04
2.250000000000000000e+03 9.000009933025023834e-01 9.980655439235320836e-01 0.000000000000000000e+00 9.103322712790168532e-04 7.965407373691396923e-04 2.275830678197542133e-04
2.280000000000000000e+03 9.120010065465355975e-01 9.985207100591716456e-01 3.413746017296313199e-04 4.551661356395084266e-04 0.000000000000000000e+00 6.827492034592626399e-04
2.310000000000000000e+03 9.240010197905690337e-01 9.979517523896221931e-01 2.275830678197542133e-04 6.827492034592626399e-04 1.137915339098771066e-04 1.024123805188893906e-03
2.340000000000000000e+03 9.360010330346024698e-01 9.980655439235320836e-01 3.413746017296313199e-04 4.551661356395084266e-04 1.137915339098771066e-04 1.024123805188893906e-03
2.370000000000000000e+03 9.480010462786356840e-01 9.977241693218024121e-01 0.000000000000000000e+00 9.103322712790168532e-04 0.000000000000000000e+00 1.365498406918525280e-03
2.400000000000000000e+03 9.600010595226691201e-01 9.980655439235320836e-01 1.137915339098771066e-04 1.137915339098770958e-03 0.000000000000000000e+00 6.827492034592626399e-04
2.430000000000000000e+03 9.720010727667025563e-01 9.971552116522530707e-01 0.000000000000000000e+00 9.103322712790168532e-04 2.275830678197542133e-04 1.706873008648156654e-03
2.460000000000000000e+03 9.840010860107357704e-01 9.977241693218024121e-01 1.137915339098771066e-04 2.275830678197542133e-04 1.137915339098771066e-04 1.820664542558033706e-03
2.490000000000000000e+03 9.960010992547692066e-01 9.978379608557123026e-01 0.000000000000000000e+00 3.413746017296313199e-04 2.275830678197542133e-04 1.593081474738279385e-03
