# itime ezz other fcc hcp bcc ico
0.000000000000000000e+00 0.000000000000000000e+00 0.000000000000000000e+00 1.000000000000000000e+00 0.000000000000000000e+00 0.000000000000000000e+00 0.000000000000000000e+00
3.000000000000000000e+00 1.200020829975612102e-03 0.000000000000000000e+00 1.000000000000000000e+00 0.000000000000000000e+00 0.000000000000000000e+00 0.000000000000000000e+00
6.000000000000000000e+00 2.400041659951224204e-03 0.000000000000000000e+00 1.000000000000000000e+00 0.000000000000000000e+00 0.000000000000000000e+00 0.000000000000000000e+00
9.000000000000000000e+00 3.600062489926614262e-03 0.000000000000000000e+00 1.000000000000000000e+00 0.000000000000000000e+00 0.000000000000000000e+00 0.000000000000000000e+00
1.200000000000000000e+01 4.800083319902226364e-03 0.000000000000000000e+00 1.000000000000000000e+00 0.000000000000000000e+00 0.000000000000000000e+00 0.000000000000000000e+00
1.500000000000000000e+01 6.000104149877838466e-03 0.000000000000000000e+00 1.000000000000000000e+00 0.000000000000000000e+00 0.000000000000000000e+00 0.000000000000000000e+00
1.800000000000000000e+01 7.200124979853450569e-03 0.000000000000000000e+00 1.000000000000000000e+00 0.000000000000000000e+00 0.000000000000000000e+00 0.000000000000000000e+00
2.100000000000000000e+01 8.400145809829062671e-03 0.000000000000000000e+00 1.000000000000000000e+00 0.000000000000000000e+00 0.000000000000000000e+00 0.000000000000000000e+00
2.400000000000000000e+01 9.600166639804674773e-03 0.000000000000000000e+00 1.000000000000000000e+00 0.000000000000000000e+00 0.000000000000000000e+00 0.000000000000000000e+00
2.700000000000000000e+01 1.080018746978006483e-02 0.000000000000000000e+00 1.000000000000000000e+00 0.000000000000000000e+00 0.000000000000000000e+00 0.000000000000000000e+00
3.000000000000000000e+01 1.200020829975567693e-02 0.000000000000000000e+00 1.000000000000000000e+00 0.000000000000000000e+00 0.000000000000000000e+00 0.000000000000000000e+00
3.300000000000000000e+01 1.320022912973128904e-02 0.000000000000000000e+00 1.000000000000000000e+00 0.000000000000000000e+00 0.000000000000000000e+00 0.000000000000000000e+00
3.600000000000000000e+01 1.440024995970690114e-02 0.000000000000000000e+00 1.000000000000000000e+00 0.000000000000000000e+00 0.000000000000000000e+00 0.000000000000000000e+00
3.900000000000000000e+01 1.560027078968251324e-02 0.000000000000000000e+00 1.000000000000000000e+00 0.000000000000000000e+00 0.000000000000000000e+00 0.000000000000000000e+00
4.200000000000000000e+01 1.680029161965812534e-02 0.000000000000000000e+00 1.000000000000000000e+00 0.000000000000000000e+00 0.000000000000000000e+00 0.000000000000000000e+00
4.500000000000000000e+01 1.800031244963351540e-02 0.000000000000000000e+00 1.000000000000000000e+00 0.000000000000000000e+00 0.000000000000000000e+00 0.000000000000000000e+00
4.800000000000000000e+01 1.920033327960912750e-02 0.000000000000000000e+00 1.000000000000000000e+00 0.000000000000000000e+00 0.000000000000000000e+00 0.000000000000000000e+00
5.100000000000000000e+01 2.040035410958473960e-02 0.000000000000000000e+00 1.000000000000000000e+00 0.000000000000000000e+00 0.000000000000000000e+00 0.000000000000000000e+00
5.400000000000000000e+01 2.160037493956035171e-02 0.000000000000000000e+00 1.000000000000000000e+00 0.000000000000000000e+00 0.000000000000000000e+00 0.000000000000000000e+00
5.700000000000000000e+01 2.280039576953596381e-02 0.000000000000000000e+00 1.000000000000000000e+00 0.000000000000000000e+00 0.000000000000000000e+00 0.000000000000000000e+00
6.000000000000000000e+01 2.400041659951157591e-02 0.000000000000000000e+00 1.000000000000000000e+00 0.000000000000000000e+00 0.000000000000000000e+00 0.000000000000000000e+00
6.300000000000000000e+01 2.520043742948696597e-02 0.000000000000000000e+00 1.000000000000000000e+00 0.000000000000000000e+00 0.000000000000000000e+00 0.000000000000000000e+00
6.600000000000000000e+01 2.640045825946257807e-02 0.000000000000000000e+00 1.000000000000000000e+00 0.000000000000000000e+00 0.000000000000000000e+00 0.000000000000000000e+00
6.900000000000000000e+01 2.760047908943819017e-02 0.000000000000000000e+00 1.000000000000000000e+00 0.000000000000000000e+00 0.000000000000000000e+00 0.000000000000000000e+00
7.200000000000000000e+01 2.880049991941380227e-02 0.000000000000000000e+00 1.000000000000000000e+00 0.000000000000000000e+00 0.000000000000000000e+00 0.000000000000000000e+00
7.500000000000000000e+01 3.000052074938941438e-02 0.000000000000000000e+00 1.000000000000000000e+00 0.000000000000000000e+00 0.000000000000000000e+00 0.000000000000000000e+00
7.800000000000000000e+01 3.120054157936502648e-02 0.000000000000000000e+00 1.000000000000000000e+00 0.000000000000000000e+00 0.000000000000000000e+00 0.000000000000000000e+00
8.100000000000000000e+01 3.240056240934041654e-02 0.000000000000000000e+00 1.000000000000000000e+00 0.000000000000000000e+00 0.000000000000000000e+00 0.000000000000000000e+00
8.400000000000000000e+01 3.360058323931602864e-02 0.000000000000000000e+00 1.000000000000000000e+00 0.000000000000000000e+00 0.000000000000000000e+00 0.000000000000000000e+00
8.700000000000000000e+01 3.480060406929164074e-02 0.000000000000000000e+00 1.000000000000000000e+00 0.000000000000000000e+00 0.000000000000000000e+00 0.000000000000000000e+00
9.000000000000000000e+01 3.600062489926725284e-02 0.000000000000000000e+00 1.000000000000000000e+00 0.000000000000000000e+00 0.000000000000000000e+00 0.000000000000000000e+00
9.300000000000000000e+01 3.720064572924286495e-02 0.000000000000000000e+00 1.000000000000000000e+00 0.000000000000000000e+00 0.000000000000000000e+00 0.000000000000000000e+00
9.600000000000000000e+01 3.840066655921825500e-02 0.000000000000000000e+00 1.000000000000000000e+00 0.000000000000000000e+00 0.000000000000000000e+00 0.000000000000000000e+00
9.900000000000000000e+01 3.960068738919386711e-02 0.000000000000000000e+00 1.000000000000000000e+00 0.000000000000000000e+00 0.000000000000000000e+00 0.000000000000000000e+00
1.020000000000000000e+02 4.080070821916947921e-02 0.000000000000000000e+00 1.000000000000000000e+00 0.000000000000000000e+00 0.000000000000000000e+00 0.000000000000000000e+00
1.050000000000000000e+02 4.200072904914509131e-02 0.000000000000000000e+00 1.000000000000000000e+00 0.000000000000000000e+00 0.000000000000000000e+00 0.000000000000000000e+00
1.080000000000000000e+02 4.320074987912070341e-02 0.000000000000000000e+00 1.000000000000000000e+00 0.000000000000000000e+00 0.000000000000000000e+00 0.000000000000000000e+00
1.110000000000000000e+02 4.440077070909631551e-02 0.000000000000000000e+00 1.000000000000000000e+00 0.000000000000000000e+00 0.000000000000000000e+00 0.000000000000000000e+00
1.140000000000000000e+02 4.560079153907170557e-02 0.000000000000000000e+00 1.000000000000000000e+00 0.000000000000000000e+00 0.000000000000000000e+00 0.000000000000000000e+00
1.170000000000000000e+02 4.680081236904731767e-02 0.000000000000000000e+00 1.000000000000000000e+00 0.000000000000000000e+00 0.000000000000000000e+00 0.000000000000000000e+00
1.200000000000000000e+02 4.800083319902292978e-02 0.000000000000000000e+00 1.000000000000000000e+00 0.000000000000000000e+00 0.000000000000000000e+00 0.000000000000000000e+00
1.230000000000000000e+02 4.920085402899854188e-02 0.000000000000000000e+00 1.000000000000000000e+00 0.000000000000000000e+00 0.000000000000000000e+00 0.000000000000000000e+00
1.260000000000000000e+02 5.040087485897415398e-02 4.551661356395084266e-04 9.995448338643604380e-01 0.000000000000000000e+00 0.000000000000000000e+00 0.000000000000000000e+00
1.290000000000000000e+02 5.160089568894976608e-02 4.551661356395084266e-04 9.995448338643604380e-01 0.000000000000000000e+00 0.000000000000000000e+00 0.000000000000000000e+00
1.320000000000000000e+02 5.280091651892515614e-02 0.000000000000000000e+00 1.000000000000000000e+00 0.000000000000000000e+00 0.000000000000000000e+00 0.000000000000000000e+00
1.350000000000000000e+02 5.400093734890076824e-02 0.000000000000000000e+00 1.000000000000000000e+00 0.000000000000000000e+00 0.000000000000000000e+00 0.000000000000000000e+00
1.380000000000000000e+02 5.520095817887638034e-02 0.000000000000000000e+00 1.000000000000000000e+00 0.000000000000000000e+00 0.000000000000000000e+00 0.000000000000000000e+00
1.410000000000000000e+02 5.640097900885199245e-02 0.000000000000000000e+00 1.000000000000000000e+00 0.000000000000000000e+00 0.000000000000000000e+00 0.000000000000000000e+00
1.440000000000000000e+02 5.760099983882760455e-02 0.000000000000000000e+00 1.000000000000000000e+00 0.000000000000000000e+00 0.000000000000000000e+00 0.000000000000000000e+00
1.470000000000000000e+02 5.880102066880321665e-02 0.000000000000000000e+00 1.000000000000000000e+00 0.000000000000000000e+00 0.000000000000000000e+00 0.000000000000000000e+00
1.500000000000000000e+02 6.000104149877860671e-02 0.000000000000000000e+00 1.000000000000000000e+00 0.000000000000000000e+00 0.000000000000000000e+00 0.000000000000000000e+00
1.530000000000000000e+02 6.120106232875421881e-02 0.000000000000000000e+00 1.000000000000000000e+00 0.000000000000000000e+00 0.000000000000000000e+00 0.000000000000000000e+00
1.560000000000000000e+02 6.240108315872983091e-02 0.000000000000000000e+00 1.000000000000000000e+00 0.000000000000000000e+00 0.000000000000000000e+00 0.000000000000000000e+00
1.590000000000000000e+02 6.360110398870544302e-02 0.000000000000000000e+00 1.000000000000000000e+00 0.000000000000000000e+00 0.000000000000000000e+00 0.000000000000000000e+00
1.620000000000000000e+02 6.480112481868105512e-02 0.000000000000000000e+00 1.000000000000000000e+00 0.000000000000000000e+00 0.000000000000000000e+00 0.000000000000000000e+00
1.650000000000000000e+02 6.600114564865644518e-02 0.000000000000000000e+00 1.000000000000000000e+00 0.000000000000000000e+00 0.000000000000000000e+00 0.000000000000000000e+00
1.680000000000000000e+02 6.720116647863205728e-02 0.000000000000000000e+00 1.000000000000000000e+00 0.000000000000000000e+00 0.000000000000000000e+00 0.000000000000000000e+00
1.710000000000000000e+02 6.840118730860766938e-02 0.000000000000000000e+00 1.000000000000000000e+00 0.000000000000000000e+00 0.000000000000000000e+00 0.000000000000000000e+00
1.740000000000000000e+02 6.960120813858328148e-02 0.000000000000000000e+00 1.000000000000000000e+00 0.000000000000000000e+00 0.000000000000000000e+00 0.000000000000000000e+00
1.770000000000000000e+02 7.080122896855889358e-02 0.000000000000000000e+00 1.000000000000000000e+00 0.000000000000000000e+00 0.000000000000000000e+00 0.000000000000000000e+00
1.800000000000000000e+02 7.200124979853450569e-02 0.000000000000000000e+00 1.000000000000000000e+00 0.000000000000000000e+00 0.000000000000000000e+00 0.000000000000000000e+00
1.830000000000000000e+02 7.320127062850989574e-02 0.000000000000000000e+00 1.000000000000000000e+00 0.000000000000000000e+00 0.000000000000000000e+00 0.000000000000000000e+00
1.860000000000000000e+02 7.440129145848550785e-02 3.413746017296313199e-04 9.996586253982703285e-01 0.000000000000000000e+00 0.000000000000000000e+00 0.000000000000000000e+00
1.890000000000000000e+02 7.560131228846111995e-02 1.137915339098771066e-04 9.998862084660901095e-01 0.000000000000000000e+00 0.000000000000000000e+00 0.000000000000000000e+00
1.920000000000000000e+02 7.680133311843673205e-02 0.000000000000000000e+00 1.000000000000000000e+00 0.000000000000000000e+00 0.000000000000000000e+00 0.000000000000000000e+00
1.950000000000000000e+02 7.800135394841234415e-02 0.000000000000000000e+00 1.000000000000000000e+00 0.000000000000000000e+00 0.000000000000000000e+00 0.000000000000000000e+00
1.980000000000000000e+02 7.920137477838795625e-02 2.275830678197542133e-04 9.997724169321802190e-01 0.000000000000000000e+00 0.000000000000000000e+00 0.000000000000000000e+00
2.010000000000000000e+02 8.040139560836334631e-02 1.137915339098771066e-04 9.998862084660901095e-01 0.000000000000000000e+00 0.000000000000000000e+00 0.000000000000000000e+00
2.040000000000000000e+02 8.160141643833895841e-02 0.000000000000000000e+00 1.000000000000000000e+00 0.000000000000000000e+00 0.000000000000000000e+00 0.000000000000000000e+00
2.070000000000000000e+02 8.280143726831457052e-02 0.000000000000000000e+00 1.000000000000000000e+00 0.000000000000000000e+00 0.000000000000000000e+00 0.000000000000000000e+00
2.100000000000000000e+02 8.400145809829018262e-02 0.000000000000000000e+00 1.000000000000000000e+00 0.000000000000000000e+00 0.000000000000000000e+00 0.000000000000000000e+00
2.130000000000000000e+02 8.520147892826579472e-02 0.000000000000000000e+00 1.000000000000000000e+00 0.000000000000000000e+00 0.000000000000000000e+00 0.000000000000000000e+00
2.160000000000000000e+02 8.640149975824140682e-02 2.275830678197542133e-04 9.997724169321802190e-01 0.000000000000000000e+00 0.000000000000000000e+00 0.000000000000000000e+00
2.190000000000000000e+02 8.760152058821679688e-02 0.000000000000000000e+00 1.000000000000000000e+00 0.000000000000000000e+00 0.000000000000000000e+00 0.000000000000000000e+00
2.220000000000000000e+02 8.880154141819240898e-02 0.000000000000000000e+00 1.000000000000000000e+00 0.000000000000000000e+00 0.000000000000000000e+00 0.000000000000000000e+00
2.250000000000000000e+02 9.000156224816802109e-02 0.000000000000000000e+00 1.000000000000000000e+00 0.000000000000000000e+00 0.000000000000000000e+00 0.000000000000000000e+00
2.280000000000000000e+02 9.120158307814363319e-02 0.000000000000000000e+00 1.000000000000000000e+00 0.000000000000000000e+00 0.000000000000000000e+00 0.000000000000000000e+00
2.310000000000000000e+02 9.240160390811924529e-02 3.413746017296313199e-04 9.996586253982703285e-01 0.000000000000000000e+00 0.000000000000000000e+00 0.000000000000000000e+00
2.340000000000000000e+02 9.360162473809485739e-02 9.103322712790168532e-04 9.990896677287209870e-01 0.000000000000000000e+00 0.000000000000000000e+00 0.000000000000000000e+00
2.370000000000000000e+02 9.480164556807024745e-02 7.965407373691396923e-04 9.990896677287209870e-01 0.000000000000000000e+00 1.137915339098771066e-04 0.000000000000000000e+00
2.400000000000000000e+02 9.600166639804585955e-02 5.689576695493854790e-04 9.992034592626308775e-01 0.000000000000000000e+00 2.275830678197542133e-04 0.000000000000000000e+00
2.430000000000000000e+02 9.720168722802147165e-02 1.365498406918525280e-03 9.986345015930814251e-01 0.000000000000000000e+00 0.000000000000000000e+00 0.000000000000000000e+00
2.460000000000000000e+02 9.840170805799708376e-02 1.706873008648156654e-03 9.982931269913518646e-01 0.000000000000000000e+00 0.000000000000000000e+00 0.000000000000000000e+00
2.490000000000000000e+02 9.960172888797269586e-02 2.162039144287664864e-03 9.977241693218024121e-01 0.000000000000000000e+00 1.137915339098771066e-04 0.000000000000000000e+00
2.520000000000000000e+02 1.008017497179480859e-01 1.593081474738279385e-03 9.984069185252617551e-01 0.000000000000000000e+00 0.000000000000000000e+00 0.000000000000000000e+00
2.550000000000000000e+02 1.020017705479236980e-01 1.365498406918525280e-03 9.985207100591716456e-01 0.000000000000000000e+00 1.137915339098771066e-04 0.000000000000000000e+00
2.580000000000000000e+02 1.032017913778993101e-01 1.137915339098770958e-03 9.987482931269913156e-01 0.000000000000000000e+00 1.137915339098771066e-04 0.000000000000000000e+00
2.610000000000000000e+02 1.044018122078749222e-01 1.137915339098771066e-04 9.998862084660901095e-01 0.000000000000000000e+00 0.000000000000000000e+00 0.000000000000000000e+00
2.640000000000000000e+02 1.056018330378505343e-01 5.689576695493854790e-04 9.994310423304506585e-01 0.000000000000000000e+00 0.000000000000000000e+00 0.000000000000000000e+00
2.670000000000000000e+02 1.068018538678261464e-01 7.965407373691396923e-04 9.992034592626308775e-01 0.000000000000000000e+00 0.000000000000000000e+00 0.000000000000000000e+00
2.700000000000000000e+02 1.080018746978015365e-01 2.275830678197541916e-03 9.976103777878926326e-01 0.000000000000000000e+00 1.137915339098771066e-04 0.000000000000000000e+00
2.730000000000000000e+02 1.092018955277771486e-01 3.299954483386436255e-03 9.965862539827037292e-01 0.000000000000000000e+00 1.137915339098771066e-04 0.000000000000000000e+00
2.760000000000000000e+02 1.104019163577527607e-01 1.934456076467910759e-03 9.976103777878926326e-01 0.000000000000000000e+00 4.551661356395084266e-04 0.000000000000000000e+00
2.790000000000000000e+02 1.116019371877283728e-01 2.048247610377787811e-03 9.979517523896221931e-01 0.000000000000000000e+00 0.000000000000000000e+00 0.000000000000000000e+00
2.820000000000000000e+02 1.128019580177039849e-01 2.617205279927173507e-03 9.973827947200728516e-01 0.000000000000000000e+00 0.000000000000000000e+00 0.000000000000000000e+00
2.850000000000000000e+02 1.140019788476795970e-01 3.755120619025944465e-03 9.962448793809740577e-01 0.000000000000000000e+00 0.000000000000000000e+00 0.000000000000000000e+00
2.880000000000000000e+02 1.152019996776549871e-01 4.096495220755575623e-03 9.957897132453344957e-01 0.000000000000000000e+00 1.137915339098771066e-04 0.000000000000000000e+00
2.910000000000000000e+02 1.164020205076305992e-01 3.527537551206190360e-03 9.963586709148839482e-01 0.000000000000000000e+00 1.137915339098771066e-04 0.000000000000000000e+00
2.940000000000000000e+02 1.176020413376062113e-01 3.755120619025944465e-03 9.962448793809740577e-01 0.000000000000000000e+00 0.000000000000000000e+00 0.000000000000000000e+00
2.970000000000000000e+02 1.188020621675818234e-01 4.779244424214838804e-03 9.952207555757851543e-01 0.000000000000000000e+00 0.000000000000000000e+00 0.000000000000000000e+00
3.000000000000000000e+02 1.200020829975574355e-01 6.941283568502503235e-03 9.929449248975875664e-01 0.000000000000000000e+00 1.137915339098771066e-04 0.000000000000000000e+00
3.030000000000000000e+02 1.212021038275330476e-01 7.965407373691398007e-03 9.920345926263085534e-01 0.000000000000000000e+00 0.000000000000000000e+00 0.000000000000000000e+00
3.060000000000000000e+02 1.224021246575084376e-01 6.258534365043240920e-03 9.937414656349567998e-01 0.000000000000000000e+00 0.000000000000000000e+00 0.000000000000000000e+00
3.090000000000000000e+02 1.236021454874840497e-01 7.396449704142011444e-03 9.926035502958580059e-01 0.000000000000000000e+00 0.000000000000000000e+00 0.000000000000000000e+00
3.120000000000000000e+02 1.248021663174596618e-01 7.737824305871643035e-03 9.922621756941283344e-01 0.000000000000000000e+00 0.000000000000000000e+00 0.000000000000000000e+00
3.150000000000000000e+02 1.260021871474352739e-01 7.055075102412380721e-03 9.927173418297678964e-01 0.000000000000000000e+00 2.275830678197542133e-04 0.000000000000000000e+00
3.180000000000000000e+02 1.272022079774108860e-01 1.228948566226672687e-02 9.875967228038233792e-01 0.000000000000000000e+00 1.137915339098771066e-04 0.000000000000000000e+00
3.210000000000000000e+02 1.284022288073862761e-01 1.285844333181611343e-02 9.866863905325443662e-01 0.000000000000000000e+00 4.551661356395084266e-04 0.000000000000000000e+00
3.240000000000000000e+02 1.296022496373618882e-01 1.217569412835685025e-02 9.874829312699134887e-01 0.000000000000000000e+00 3.413746017296313199e-04 0.000000000000000000e+00
3.270000000000000000e+02 1.308022704673375003e-01 1.160673645880746542e-02 9.880518889394629412e-01 0.000000000000000000e+00 3.413746017296313199e-04 0.000000000000000000e+00
3.300000000000000000e+02 1.320022912973131124e-01 1.513427401001365448e-02 9.842967683204369989e-01 0.000000000000000000e+00 5.689576695493854790e-04 0.000000000000000000e+00
3.330000000000000000e+02 1.332023121272887245e-01 1.627218934911242587e-02 9.832726445152480954e-01 0.000000000000000000e+00 4.551661356395084266e-04 0.000000000000000000e+00
3.360000000000000000e+02 1.344023329572643366e-01 1.968593536640873831e-02 9.796313154301320436e-01 0.000000000000000000e+00 6.827492034592626399e-04 0.000000000000000000e+00
3.390000000000000000e+02 1.356023537872397267e-01 2.321347291761493084e-02 9.761037778789257713e-01 0.000000000000000000e+00 6.827492034592626399e-04 0.000000000000000000e+00
3.420000000000000000e+02 1.368023746172153388e-01 3.140646335912607862e-02 9.673418297678653133e-01 0.000000000000000000e+00 1.251706873008648227e-03 0.000000000000000000e+00
3.450000000000000000e+02 1.380023954471909509e-01 3.720983158852981393e-02 9.615384615384615641e-01 0.000000000000000000e+00 1.251706873008648227e-03 0.000000000000000000e+00
3.480000000000000000e+02 1.392024162771665630e-01 4.380974055530268557e-02 9.548247610377788019e-01 0.000000000000000000e+00 1.365498406918525280e-03 0.000000000000000000e+00
3.510000000000000000e+02 1.404024371071421751e-01 5.200273099681383682e-02 9.458352298588984519e-01 0.000000000000000000e+00 2.162039144287664864e-03 0.000000000000000000e+00
3.540000000000000000e+02 1.416024579371177872e-01 5.974055530268548159e-02 9.371870732817478844e-01 0.000000000000000000e+00 3.072371415566681717e-03 0.000000000000000000e+00
3.570000000000000000e+02 1.428024787670931772e-01 6.679563040509786664e-02 9.301319981793354508e-01 0.000000000000000000e+00 3.072371415566681717e-03 0.000000000000000000e+00
3.600000000000000000e+02 1.440024995970687893e-01 7.567137005006827066e-02 9.212562585343649912e-01 0.000000000000000000e+00 3.072371415566681717e-03 0.000000000000000000e+00
3.630000000000000000e+02 1.452025204270444014e-01 8.397815202548930547e-02 9.114701866181156298e-01 0.000000000000000000e+00 4.551661356395083832e-03 0.000000000000000000e+00
3.660000000000000000e+02 1.464025412570200135e-01 9.547109695038688559e-02 8.981565771506599960e-01 0.000000000000000000e+00 6.372325898953117539e-03 0.000000000000000000e+00
3.690000000000000000e+02 1.476025620869956256e-01 1.214155666818388657e-01 8.716431497496586189e-01 0.000000000000000000e+00 6.941283568502503235e-03 0.000000000000000000e+00
3.720000000000000000e+02 1.488025829169712377e-01 1.458807464724624359e-01 8.444469731451980099e-01 0.000000000000000000e+00 9.672280382339554228e-03 0.000000000000000000e+00
3.750000000000000000e+02 1.500026037469466278e-01 1.706873008648156498e-01 8.164542558033682784e-01 0.000000000000000000e+00 1.285844333181611343e-02 0.000000000000000000e+00
3.780000000000000000e+02 1.512026245769222399e-01 2.033454710969503920e-01 7.800409649522075384e-01 0.000000000000000000e+00 1.661356395084205573e-02 0.000000000000000000e+00
3.810000000000000000e+02 1.524026454068978520e-01 2.325898953117888079e-01 7.463586709148839482e-01 0.000000000000000000e+00 2.105143377332726468e-02 0.000000000000000000e+00
3.840000000000000000e+02 1.536026662368734641e-01 2.712790168411470249e-01 7.022075557578516536e-01 0.000000000000000000e+00 2.651342740100136666e-02 0.000000000000000000e+00
3.870000000000000000e+02 1.548026870668490762e-01 3.088302230314064478e-01 6.588529813381884814e-01 0.000000000000000000e+00 3.231679563040509851e-02 0.000000000000000000e+00
3.900000000000000000e+02 1.560027078968246883e-01 3.517296313154301135e-01 6.054847519344560558e-01 0.000000000000000000e+00 4.278561675011378906e-02 0.000000000000000000e+00
3.930000000000000000e+02 1.572027287268000784e-01 3.987255348202093930e-01 5.469959035047792240e-01 0.000000000000000000e+00 5.427856167501137613e-02 0.000000000000000000e+00
3.960000000000000000e+02 1.584027495567756905e-01 4.514110150204824756e-01 4.805416477014110010e-01 0.000000000000000000e+00 6.804733727810650945e-02 0.000000000000000000e+00
3.990000000000000000e+02 1.596027703867513026e-01 5.044378698224851743e-01 4.139736003641328876e-01 0.000000000000000000e+00 8.158852981338188259e-02 0.000000000000000000e+00
4.020000000000000000e+02 1.608027912167269147e-01 5.573509330905780379e-01 3.471779699590350488e-01 0.000000000000000000e+00 9.547109695038688559e-02 0.000000000000000000e+00
4.050000000000000000e+02 1.620028120467025268e-01 6.019572143832498945e-01 2.866408739189804100e-01 0.000000000000000000e+00 1.114019116977696816e-01 0.000000000000000000e+00
4.080000000000000000e+02 1.632028328766779168e-01 6.375739644970414011e-01 2.323623122439690547e-01 2.275830678197542133e-04 1.298361401911697632e-01 0.000000000000000000e+00
4.110000000000000000e+02 1.644028537066535289e-01 6.613563950842057393e-01 1.869594902139280757e-01 4.551661356395084266e-04 1.512289485662266786e-01 0.000000000000000000e+00
4.140000000000000000e+02 1.656028745366291410e-01 6.863905325443786509e-01 1.461083295402822169e-01 5.689576695493854790e-04 1.669321802457897075e-01 0.000000000000000000e+00
4.170000000000000000e+02 1.668028953666047531e-01 7.082385070550750727e-01 1.133363677742375980e-01 7.965407373691396923e-04 1.776285844333181652e-01 0.000000000000000000e+00
4.200000000000000000e+02 1.680029161965803652e-01 7.213245334547109255e-01 8.841602184797450747e-02 1.251706873008648227e-03 1.890077378243058825e-01 0.000000000000000000e+00
4.230000000000000000e+02 1.692029370265559773e-01 7.314519799726900695e-01 6.713700500682749650e-02 1.365498406918525280e-03 2.000455166135639562e-01 0.000000000000000000e+00
4.260000000000000000e+02 1.704029578565313674e-01 7.388484296768320636e-01 5.245789713245334329e-02 1.934456076467910759e-03 2.067592171142466906e-01 0.000000000000000000e+00
4.290000000000000000e+02 1.716029786865069795e-01 7.411242603550295405e-01 4.210286754665452935e-02 2.730996813837050560e-03 2.140418752844788219e-01 0.000000000000000000e+00
4.320000000000000000e+02 1.728029995164825916e-01 7.446517979062358128e-01 3.311333636777423484e-02 3.186162949476558769e-03 2.190487027765134209e-01 0.000000000000000000e+00
4.350000000000000000e+02 1.740030203464582037e-01 7.464724624487938387e-01 2.810650887573964626e-02 4.551661356395083832e-03 2.208693673190714746e-01 0.000000000000000000e+00
4.380000000000000000e+02 1.752030411764338158e-01 7.535275375512061613e-01 2.321347291761493084e-02 3.982703686845699004e-03 2.192762858443331742e-01 0.000000000000000000e+00
4.410000000000000000e+02 1.764030620064094279e-01 7.529585798816568198e-01 2.116522530723714129e-02 4.437869822485207214e-03 2.214383249886208438e-01 0.000000000000000000e+00
4.440000000000000000e+02 1.776030828363848180e-01 7.502275830678197810e-01 1.957214383249886169e-02 6.144742831133363434e-03 2.240555302685480199e-01 0.000000000000000000e+00
4.470000000000000000e+02 1.788031036663604301e-01 7.446517979062358128e-01 1.888939462903959851e-02 6.144742831133363434e-03 2.303140646335912478e-01 0.000000000000000000e+00
4.500000000000000000e+02 1.800031244963360422e-01 7.480655439235320836e-01 1.866181156121984527e-02 4.893035958124715423e-03 2.283796085571233592e-01 0.000000000000000000e+00
4.530000000000000000e+02 1.812031453263116543e-01 7.517068730086481354e-01 1.820664542558033533e-02 6.372325898953117539e-03 2.237141556668183762e-01 0.000000000000000000e+00
4.560000000000000000e+02 1.824031661562872664e-01 7.597860719162494725e-01 1.695493855257168905e-02 7.624032771961766417e-03 2.156349567592171224e-01 0.000000000000000000e+00
4.590000000000000000e+02 1.836031869862628785e-01 7.614929449248976079e-01 1.752389622212107562e-02 8.079198907601274626e-03 2.129039599453800558e-01 0.000000000000000000e+00
4.620000000000000000e+02 1.848032078162382685e-01 7.584205735093308975e-01 1.854802002730996865e-02 8.761948111060537808e-03 2.142694583522985752e-01 0.000000000000000000e+00
4.650000000000000000e+02 1.860032286462138806e-01 7.616067364588074984e-01 1.934456076467910846e-02 1.069640418752844727e-02 2.083522985889849910e-01 0.000000000000000000e+00
4.680000000000000000e+02 1.872032494761894927e-01 7.634274010013655243e-01 2.127901684114701791e-02 1.217569412835685025e-02 2.031178880291306388e-01 0.000000000000000000e+00
4.710000000000000000e+02 1.884032703061651048e-01 7.621756941283568398e-01 2.287209831588529751e-02 1.433773327264451468e-02 2.006144742831133254e-01 0.000000000000000000e+00
4.740000000000000000e+02 1.896032911361407169e-01 7.634274010013655243e-01 2.287209831588529751e-02 1.649977241693217911e-02 1.972007282658170269e-01 0.000000000000000000e+00
4.770000000000000000e+02 1.908033119661161070e-01 7.652480655439235502e-01 2.526172052799271692e-02 1.786527082385070547e-02 1.916249431042330587e-01 0.000000000000000000e+00
4.800000000000000000e+02 1.920033327960917191e-01 7.700273099681383959e-01 2.457897132453345374e-02 1.934456076467910846e-02 1.860491579426490627e-01 0.000000000000000000e+00
4.830000000000000000e+02 1.932033536260673312e-01 7.670687300864815761e-01 2.401001365498407064e-02 1.979972690031861493e-02 1.891215293582157453e-01 0.000000000000000000e+00
4.860000000000000000e+02 1.944033744560429433e-01 7.720755575785162028e-01 2.446517979062357712e-02 2.218934911242603433e-02 1.812699135184342170e-01 0.000000000000000000e+00
4.890000000000000000e+02 1.956033952860185554e-01 7.726445152480655443e-01 2.526172052799271692e-02 2.389622212107419055e-02 1.781975421028675344e-01 0.000000000000000000e+00
4.920000000000000000e+02 1.968034161159941675e-01 7.744651797906235702e-01 2.605826126536185672e-02 2.685480200273099652e-02 1.726217569412835662e-01 0.000000000000000000e+00
4.950000000000000000e+02 1.980034369459695576e-01 7.771961766044606090e-01 2.696859353664087314e-02 2.844788347746927612e-02 1.673873463814292140e-01 0.000000000000000000e+00
4.980000000000000000e+02 1.992034577759451697e-01 7.822030040964952358e-01 2.639963586709149004e-02 3.117888029130632538e-02 1.602184797451069731e-01 0.000000000000000000e+00
5.010000000000000000e+02 2.004034786059207818e-01 7.835685025034136997e-01 2.639963586709149004e-02 3.550295857988165771e-02 1.545289030496131144e-01 0.000000000000000000e+00
5.040000000000000000e+02 2.016034994358963939e-01 7.855029585798816161e-01 2.685480200273099652e-02 3.937187073281747662e-02 1.482703686845698587e-01 0.000000000000000000e+00
5.070000000000000000e+02 2.028035202658720060e-01 7.906235776058261333e-01 2.583067819754210348e-02 4.301319981793354230e-02 1.405325443786982209e-01 0.000000000000000000e+00
5.100000000000000000e+02 2.040035410958476181e-01 7.915339098771051463e-01 2.628584433318160996e-02 4.585798816568047165e-02 1.363222576240327721e-01 0.000000000000000000e+00
5.130000000000000000e+02 2.052035619258230081e-01 7.994993172507965928e-01 2.628584433318160996e-02 4.824761037778789452e-02 1.259672280382339582e-01 0.000000000000000000e+00
5.160000000000000000e+02 2.064035827557986202e-01 8.032544378698225351e-01 2.719617660446062984e-02 4.949931725079653733e-02 1.200500682749203463e-01 0.000000000000000000e+00
5.190000000000000000e+02 2.076036035857742323e-01 8.021165225307237412e-01 2.765134274010013632e-02 5.507510241238051940e-02 1.151570323167956239e-01 0.000000000000000000e+00
5.220000000000000000e+02 2.088036244157498444e-01 8.045061447428311086e-01 2.799271734182976618e-02 5.757851615839781195e-02 1.099226217569412856e-01 0.000000000000000000e+00
5.250000000000000000e+02 2.100036452457254565e-01 8.030268548020027541e-01 2.844788347746927612e-02 6.053709604005461792e-02 1.079881656804733692e-01 0.000000000000000000e+00
5.280000000000000000e+02 2.112036660757010686e-01 8.078060992262175999e-01 2.844788347746927612e-02 6.349567592171143082e-02 1.002503413746017313e-01 0.000000000000000000e+00
5.310000000000000000e+02 2.124036869056764587e-01 8.108784706417841992e-01 2.890304961310878606e-02 6.645425580336822291e-02 9.376422394173873631e-02 0.000000000000000000e+00
5.340000000000000000e+02 2.136037077356520708e-01 8.183887118798361948e-01 3.072371415566681890e-02 6.702321347291761988e-02 8.386436049157942885e-02 0.000000000000000000e+00
5.370000000000000000e+02 2.148037285656276829e-01 8.167956304050978389e-01 3.083750568957669552e-02 7.077833409194356218e-02 8.158852981338188259e-02 0.000000000000000000e+00
5.400000000000000000e+02 2.160037493956032950e-01 8.188438780154756458e-01 3.174783796085571541e-02 6.816112881201638607e-02 8.124715521165225274e-02 0.000000000000000000e+00
5.430000000000000000e+02 2.172037702255789071e-01 8.203231679563040002e-01 3.254437869822485174e-02 6.770596267637687959e-02 7.942649066909421296e-02 0.000000000000000000e+00
5.460000000000000000e+02 2.184037910555545192e-01 8.233955393718707105e-01 3.265817023213472836e-02 6.895766954938552240e-02 7.498862084660901095e-02 0.000000000000000000e+00
5.490000000000000000e+02 2.196038118855299093e-01 8.256713700500682984e-01 3.129267182521620200e-02 6.895766954938552240e-02 7.407828857532999800e-02 0.000000000000000000e+00
5.520000000000000000e+02 2.208038327155055214e-01 8.278334091943558848e-01 3.117888029130632538e-02 6.850250341374601593e-02 7.248520710059171146e-02 0.000000000000000000e+00
5.550000000000000000e+02 2.220038535454811335e-01 8.254437869822485174e-01 3.220300409649522189e-02 6.895766954938552240e-02 7.339553937187073829e-02 0.000000000000000000e+00
5.580000000000000000e+02 2.232038743754567456e-01 8.280609922621756658e-01 3.243058716431497512e-02 6.929904415111515226e-02 7.020937642239417908e-02 0.000000000000000000e+00
5.610000000000000000e+02 2.244038952054323577e-01 8.290851160673645692e-01 3.447883477469276120e-02 6.918525261720527564e-02 6.725079654073737312e-02 0.000000000000000000e+00
5.640000000000000000e+02 2.256039160354077477e-01 8.285161583978152278e-01 3.561675011379153433e-02 6.873008648156576916e-02 6.713700500682749650e-02 0.000000000000000000e+00
5.670000000000000000e+02 2.268039368653833598e-01 8.297678652708238012e-01 3.493400091033227461e-02 6.895766954938552240e-02 6.634046426945834629e-02 0.000000000000000000e+00
5.700000000000000000e+02 2.280039576953589719e-01 8.311333636777423761e-01 3.595812471552116418e-02 6.918525261720527564e-02 6.372325898953118406e-02 0.000000000000000000e+00
5.730000000000000000e+02 2.292039785253345840e-01 8.319299044151114986e-01 3.618570778334091742e-02 6.986800182066454923e-02 6.201638598088302090e-02 0.000000000000000000e+00
5.760000000000000000e+02 2.304039993553101962e-01 8.354574419663176599e-01 3.493400091033227461e-02 6.850250341374601593e-02 6.110605370960400795e-02 0.000000000000000000e+00
5.790000000000000000e+02 2.316040201852858083e-01 8.338643604915794150e-01 3.846153846153846367e-02 6.907146108329539902e-02 5.860263996358670846e-02 0.000000000000000000e+00
5.820000000000000000e+02 2.328040410152611983e-01 8.387573964497041512e-01 3.834774692762858705e-02 6.873008648156576916e-02 5.416477014110149951e-02 0.000000000000000000e+00
5.850000000000000000e+02 2.340040618452368104e-01 8.387573964497041512e-01 3.994082840236686666e-02 6.861629494765589254e-02 5.268548020027309653e-02 0.000000000000000000e+00
5.880000000000000000e+02 2.352040826752124225e-01 8.449021392808374609e-01 4.005461993627674328e-02 6.622667273554846967e-02 4.881656804733727761e-02 0.000000000000000000e+00
5.910000000000000000e+02 2.364041035051880346e-01 8.447883477469276814e-01 4.176149294492489950e-02 6.543013199817933334e-02 4.802002730996814128e-02 0.000000000000000000e+00
5.940000000000000000e+02 2.376041243351636467e-01 8.412608101957214091e-01 4.244424214838415921e-02 6.690942193900774326e-02 4.938552571688666071e-02 0.000000000000000000e+00
5.970000000000000000e+02 2.388041451651392588e-01 8.387573964497041512e-01 4.483386436049158208e-02 6.622667273554846967e-02 5.018206645425580398e-02 0.000000000000000000e+00
6.000000000000000000e+02 2.400041659951146489e-01 8.396677287209831642e-01 4.506144742831133532e-02 6.668183887118799003e-02 4.858898497951752438e-02 0.000000000000000000e+00
6.030000000000000000e+02 2.412041868250902610e-01 8.384160218479744797e-01 4.688211197086936816e-02 6.793354574419663283e-02 4.676832043695949154e-02 0.000000000000000000e+00
6.060000000000000000e+02 2.424042076550658731e-01 8.381884387801548097e-01 4.870277651342740100e-02 6.577150659990896320e-02 4.733727810650887463e-02 0.000000000000000000e+00
6.090000000000000000e+02 2.436042284850414852e-01 8.369367319071461253e-01 4.836140191169777114e-02 6.679563040509786664e-02 4.790623577605826466e-02 0.000000000000000000e+00
6.120000000000000000e+02 2.448042493150170973e-01 8.392125625853436022e-01 4.688211197086936816e-02 6.645425580336822291e-02 4.745106964041875125e-02 0.000000000000000000e+00
6.150000000000000000e+02 2.460042701449927094e-01 8.387573964497041512e-01 4.710969503868912139e-02 6.690942193900774326e-02 4.722348657259899801e-02 0.000000000000000000e+00
6.180000000000000000e+02 2.472042909749680994e-01 8.388711879836140417e-01 4.722348657259899801e-02 6.736458807464724974e-02 4.654073736913973830e-02 0.000000000000000000e+00
6.210000000000000000e+02 2.484043118049437116e-01 8.370505234410560158e-01 4.802002730996814128e-02 6.804733727810650945e-02 4.688211197086936816e-02 0.000000000000000000e+00
6.240000000000000000e+02 2.496043326349193237e-01 8.351160673645880994e-01 4.961310878470642088e-02 6.736458807464724974e-02 4.790623577605826466e-02 0.000000000000000000e+00
6.270000000000000000e+02 2.508043534648949358e-01 8.375056895766954668e-01 5.018206645425580398e-02 6.577150659990896320e-02 4.654073736913973830e-02 0.000000000000000000e+00
6.300000000000000000e+02 2.520043742948705479e-01 8.353436504324078804e-01 5.109239872553481693e-02 6.827492034592626269e-02 4.528903049613108855e-02 0.000000000000000000e+00
6.330000000000000000e+02 2.532043951248459379e-01 8.363677742375966728e-01 5.018206645425580398e-02 7.157487482931269851e-02 4.187528447883477611e-02 0.000000000000000000e+00
6.360000000000000000e+02 2.544044159548215500e-01 8.356850250341374409e-01 5.109239872553481693e-02 7.123350022758306865e-02 4.198907601274465273e-02 0.000000000000000000e+00
6.390000000000000000e+02 2.556044367847971621e-01 8.379608557123350288e-01 5.245789713245334329e-02 6.998179335457442585e-02 3.959945380063722986e-02 0.000000000000000000e+00
6.420000000000000000e+02 2.568044576147727742e-01 8.355712335002275504e-01 5.336822940373236318e-02 7.077833409194356218e-02 4.028220300409649651e-02 0.000000000000000000e+00
6.450000000000000000e+02 2.580044784447483863e-01 8.352298588984979899e-01 5.393718707328174627e-02 7.146108329540282189e-02 3.937187073281747662e-02 0.000000000000000000e+00
6.480000000000000000e+02 2.592044992747239984e-01 8.395539371870732737e-01 5.348202093764223980e-02 6.998179335457442585e-02 3.698224852071006069e-02 0.000000000000000000e+00
6.510000000000000000e+02 2.604045201046993885e-01 8.425125170687300935e-01 5.302685480200273332e-02 6.884387801547564578e-02 3.561675011379153433e-02 0.000000000000000000e+00
6.540000000000000000e+02 2.616045409346750006e-01 8.446745562130177909e-01 5.359581247155211642e-02 6.759217114246700298e-02 3.413746017296313134e-02 0.000000000000000000e+00
6.570000000000000000e+02 2.628045617646506127e-01 8.428538916704597650e-01 5.325443786982248656e-02 6.804733727810650945e-02 3.584433318161128756e-02 0.000000000000000000e+00
6.600000000000000000e+02 2.640045825946262248e-01 8.451297223486572419e-01 5.336822940373236318e-02 6.702321347291761988e-02 3.447883477469276120e-02 0.000000000000000000e+00
6.630000000000000000e+02 2.652046034246018369e-01 8.462676376877560358e-01 5.416477014110149951e-02 6.634046426945834629e-02 3.322712790168411146e-02 0.000000000000000000e+00
6.660000000000000000e+02 2.664046242545774490e-01 8.501365498406918686e-01 5.484751934456076616e-02 6.474738279472007363e-02 3.026854802002730896e-02 0.000000000000000000e+00
6.690000000000000000e+02 2.676046450845528391e-01 8.443331816112881194e-01 5.598543468365953235e-02 6.804733727810650945e-02 3.163404642694583185e-02 0.000000000000000000e+00
6.720000000000000000e+02 2.688046659145284512e-01 8.452435138825671324e-01 5.803368229403732537e-02 6.702321347291761988e-02 2.969959035047792587e-02 0.000000000000000000e+00
6.750000000000000000e+02 2.700046867445040633e-01 8.477469276285843902e-01 5.723714155666818210e-02 6.520254893035958010e-02 2.981338188438780248e-02 0.000000000000000000e+00
6.780000000000000000e+02 2.712047075744796754e-01 8.455848884842968038e-01 5.871643149749658508e-02 6.497496586253982687e-02 3.072371415566681890e-02 0.000000000000000000e+00
6.810000000000000000e+02 2.724047284044552875e-01 8.471779699590350488e-01 5.780609922621757213e-02 6.429221665908056715e-02 3.072371415566681890e-02 0.000000000000000000e+00
