# itime ezz other fcc hcp bcc ico
0.000000000000000000e+00 0.000000000000000000e+00 1.024123805188893906e-03 9.989758761948110966e-01 0.000000000000000000e+00 0.000000000000000000e+00 0.000000000000000000e+00
3.000000000000000000e+01 1.199996625302546249e-02 1.137915339098770958e-03 9.988620846609012061e-01 0.000000000000000000e+00 0.000000000000000000e+00 0.000000000000000000e+00
6.000000000000000000e+01 2.399993250605070294e-02 4.551661356395084266e-04 9.995448338643604380e-01 0.000000000000000000e+00 0.000000000000000000e+00 0.000000000000000000e+00
9.000000000000000000e+01 3.599989875907616543e-02 4.437869822485207214e-03 9.954483386436049352e-01 0.000000000000000000e+00 1.137915339098771066e-04 0.000000000000000000e+00
1.200000000000000000e+02 4.799986501210140588e-02 8.420573509330906217e-03 9.913518434228493215e-01 0.000000000000000000e+00 2.275830678197542133e-04 0.000000000000000000e+00
1.500000000000000000e+02 5.999983126512686837e-02 1.524806554392353283e-02 9.846381429221665593e-01 0.000000000000000000e+00 1.137915339098771066e-04 0.000000000000000000e+00
1.800000000000000000e+02 7.199979751815210882e-02 3.254437869822485174e-02 9.663177059626764098e-01 0.000000000000000000e+00 1.137915339098770958e-03 0.000000000000000000e+00
2.100000000000000000e+02 8.399976377117757131e-02 7.908511606736458310e-02 9.168183887118798170e-01 0.000000000000000000e+00 4.096495220755575623e-03 0.000000000000000000e+00
2.400000000000000000e+02 9.599973002420303381e-02 1.359808830223031284e-01 8.554847519344560558e-01 0.000000000000000000e+00 8.534365043240782836e-03 0.000000000000000000e+00
2.700000000000000000e+02 1.079996962772282743e-01 2.525034137460173134e-01 7.283796085571233592e-01 0.000000000000000000e+00 1.911697769685935522e-02 0.000000000000000000e+00
3.000000000000000000e+02 1.199996625302537367e-01 3.718707328174783999e-01 5.892125625853436022e-01 1.137915339098771066e-04 3.880291306326809353e-02 0.000000000000000000e+00
3.300000000000000000e+02 1.319996287832789772e-01 5.069412835685025431e-01 4.147701411015020656e-01 1.251706873008648227e-03 7.703686845698680397e-02 0.000000000000000000e+00
3.600000000000000000e+02 1.439995950363044397e-01 6.561219845243514426e-01 2.209831588529813373e-01 3.186162949476558769e-03 1.197086936731907164e-01 0.000000000000000000e+00
3.900000000000000000e+02 1.559995612893296801e-01 7.253072371415566488e-01 1.107191624943104219e-01 9.444697314519799256e-03 1.545289030496131144e-01 0.000000000000000000e+00
4.200000000000000000e+02 1.679995275423551426e-01 7.806099226217569909e-01 5.689576695493855224e-02 1.547564861174328607e-02 1.470186618115612298e-01 0.000000000000000000e+00
4.500000000000000000e+02 1.799994937953803831e-01 8.119025944469731026e-01 4.403732362312243881e-02 2.207555757851615771e-02 1.219845243513882627e-01 0.000000000000000000e+00
4.800000000000000000e+02 1.919994600484058456e-01 8.467228038233954868e-01 3.288575329995448160e-02 2.435138825671370050e-02 9.604005461993628257e-02 0.000000000000000000e+00
5.100000000000000000e+02 2.039994263014313081e-01 8.619708693673190369e-01 2.765134274010013632e-02 2.730996813837050646e-02 8.306781975421029252e-02 0.000000000000000000e+00
5.400000000000000000e+02 2.159993925544565485e-01 8.900773782430587699e-01 2.457897132453345374e-02 2.662721893491124328e-02 5.871643149749658508e-02 0.000000000000000000e+00
5.700000000000000000e+02 2.279993588074820110e-01 9.039599453800637452e-01 2.218934911242603433e-02 2.742375967228038308e-02 4.642694583522986168e-02 0.000000000000000000e+00
6.000000000000000000e+02 2.399993250605072515e-01 9.201183431952663083e-01 1.820664542558033533e-02 2.548930359581247015e-02 3.618570778334091742e-02 0.000000000000000000e+00
6.300000000000000000e+02 2.519992913135327139e-01 9.359353664087392000e-01 1.809285389167045871e-02 1.979972690031861493e-02 2.617205279927173334e-02 0.000000000000000000e+00
6.600000000000000000e+02 2.639992575665579544e-01 9.398042785616750328e-01 1.536185707783340945e-02 2.014110150204824826e-02 2.457897132453345374e-02 1.137915339098771066e-04
6.900000000000000000e+02 2.759992238195834169e-01 9.499317250796540657e-01 1.411015020482476144e-02 1.911697769685935522e-02 1.684114701866181243e-02 0.000000000000000000e+00
7.200000000000000000e+02 2.879991900726088794e-01 9.514110150204825311e-01 1.365498406918525323e-02 1.604460628129267263e-02 1.888939462903959851e-02 0.000000000000000000e+00
7.500000000000000000e+02 2.999991563256341198e-01 9.535730541647701175e-01 1.399635867091488309e-02 1.490669094219390124e-02 1.752389622212107562e-02 0.000000000000000000e+00
7.800000000000000000e+02 3.119991225786595823e-01 9.583522985889849632e-01 1.103777878925807886e-02 1.502048247610377786e-02 1.536185707783340945e-02 2.275830678197542133e-04
8.100000000000000000e+02 3.239990888316848228e-01 9.618798361401911245e-01 1.149294492489758707e-02 1.331360946745562164e-02 1.319981793354574502e-02 1.137915339098771066e-04
8.400000000000000000e+02 3.359990550847102853e-01 9.619936276741010150e-01 1.206190259444697363e-02 1.422394173873463806e-02 1.149294492489758707e-02 2.275830678197542133e-04
8.700000000000000000e+02 3.479990213377355257e-01 9.688211197086936677e-01 9.330905780609922637e-03 1.365498406918525323e-02 8.079198907601274626e-03 1.137915339098771066e-04
9.000000000000000000e+02 3.599989875907609882e-01 9.708693673190714746e-01 1.035502958579881741e-02 1.058261265361857065e-02 7.851615839781519654e-03 3.413746017296313199e-04
9.300000000000000000e+02 3.719989538437862286e-01 9.734865725989986229e-01 8.534365043240782836e-03 1.285844333181611343e-02 5.006827492034592909e-03 1.137915339098771066e-04
9.600000000000000000e+02 3.839989200968116911e-01 9.761037778789257713e-01 7.965407373691398007e-03 1.012744651797906244e-02 5.689576695493855224e-03 1.137915339098771066e-04
9.900000000000000000e+02 3.959988863498371536e-01 9.799726900318616041e-01 5.575785161583977738e-03 9.444697314519799256e-03 5.006827492034592909e-03 0.000000000000000000e+00
1.020000000000000000e+03 4.079988526028623941e-01 9.808830223031406170e-01 5.120619025944469528e-03 9.786071916249430847e-03 4.096495220755575623e-03 1.137915339098771066e-04
1.050000000000000000e+03 4.199988188558876345e-01 9.805416477014110566e-01 5.348202093764223633e-03 8.534365043240782836e-03 5.006827492034592909e-03 5.689576695493854790e-04
1.080000000000000000e+03 4.319987851089130970e-01 9.829312699135184239e-01 5.234410559854347014e-03 8.534365043240782836e-03 3.072371415566681717e-03 2.275830678197542133e-04
1.110000000000000000e+03 4.439987513619387816e-01 9.864588074647245852e-01 4.551661356395083832e-03 6.372325898953117539e-03 2.503413746017296455e-03 1.137915339098771066e-04
1.140000000000000000e+03 4.559987176149640220e-01 9.844105598543468894e-01 4.210286754665453109e-03 6.941283568502503235e-03 4.096495220755575623e-03 3.413746017296313199e-04
1.170000000000000000e+03 4.679986838679890404e-01 9.871415566681839282e-01 5.575785161583977738e-03 4.893035958124715423e-03 2.162039144287664864e-03 2.275830678197542133e-04
1.200000000000000000e+03 4.799986501210147249e-01 9.864588074647245852e-01 4.779244424214838804e-03 6.713700500682749130e-03 1.934456076467910759e-03 1.137915339098771066e-04
1.230000000000000000e+03 4.919986163740401874e-01 9.871415566681839282e-01 4.551661356395083832e-03 6.144742831133363434e-03 1.820664542558033706e-03 3.413746017296313199e-04
1.260000000000000000e+03 5.039985826270654279e-01 9.877105143377332697e-01 4.210286754665453109e-03 5.803368229403732710e-03 1.934456076467910759e-03 3.413746017296313199e-04
1.290000000000000000e+03 5.159985488800906683e-01 9.895311788802912956e-01 3.186162949476558769e-03 5.120619025944469528e-03 1.820664542558033706e-03 3.413746017296313199e-04
1.320000000000000000e+03 5.279985151331161308e-01 9.877105143377332697e-01 2.844788347746927612e-03 6.486117432862995025e-03 2.617205279927173507e-03 3.413746017296313199e-04
1.350000000000000000e+03 5.399984813861415933e-01 9.887346381429221731e-01 2.958579881656804664e-03 5.803368229403732710e-03 1.593081474738279385e-03 9.103322712790168532e-04
1.380000000000000000e+03 5.519984476391668338e-01 9.896449704142011861e-01 2.048247610377787811e-03 6.144742831133363434e-03 1.593081474738279385e-03 5.689576695493854790e-04
1.410000000000000000e+03 5.639984138921920742e-01 9.901001365498406370e-01 2.958579881656804664e-03 5.461993627674101119e-03 1.251706873008648227e-03 2.275830678197542133e-04
1.440000000000000000e+03 5.759983801452175367e-01 9.915794264906691025e-01 2.162039144287664864e-03 3.982703686845699004e-03 1.820664542558033706e-03 4.551661356395084266e-04
1.470000000000000000e+03 5.879983463982429992e-01 9.922621756941283344e-01 1.934456076467910759e-03 3.527537551206190360e-03 1.706873008648156654e-03 5.689576695493854790e-04
1.500000000000000000e+03 5.999983126512682396e-01 9.911242603550295405e-01 2.048247610377787811e-03 4.324078288575329727e-03 1.934456076467910759e-03 5.689576695493854790e-04
1.530000000000000000e+03 6.119982789042934801e-01 9.927173418297678964e-01 2.162039144287664864e-03 3.755120619025944465e-03 7.965407373691396923e-04 5.689576695493854790e-04
1.560000000000000000e+03 6.239982451573189426e-01 9.916932180245789930e-01 2.503413746017296455e-03 3.527537551206190360e-03 1.251706873008648227e-03 1.024123805188893906e-03
1.590000000000000000e+03 6.359982114103446271e-01 9.937414656349567998e-01 1.593081474738279385e-03 2.730996813837050560e-03 7.965407373691396923e-04 1.137915339098770958e-03
1.620000000000000000e+03 6.479981776633698676e-01 9.944242148384160318e-01 2.048247610377787811e-03 2.389622212107419402e-03 4.551661356395084266e-04 6.827492034592626399e-04
1.650000000000000000e+03 6.599981439163948860e-01 9.939690487027764698e-01 2.275830678197541916e-03 2.730996813837050560e-03 4.551661356395084266e-04 5.689576695493854790e-04
1.680000000000000000e+03 6.719981101694205705e-01 9.943104233045061413e-01 1.820664542558033706e-03 1.479289940828402332e-03 1.479289940828402332e-03 9.103322712790168532e-04
1.710000000000000000e+03 6.839980764224460330e-01 9.949931725079653733e-01 1.365498406918525280e-03 1.934456076467910759e-03 7.965407373691396923e-04 9.103322712790168532e-04
1.740000000000000000e+03 6.959980426754712735e-01 9.945380063723259223e-01 1.137915339098770958e-03 2.162039144287664864e-03 6.827492034592626399e-04 1.479289940828402332e-03
1.770000000000000000e+03 7.079980089284965139e-01 9.969276285844332897e-01 5.689576695493854790e-04 1.137915339098770958e-03 5.689576695493854790e-04 7.965407373691396923e-04
1.800000000000000000e+03 7.199979751815219764e-01 9.968138370505233992e-01 4.551661356395084266e-04 1.479289940828402332e-03 5.689576695493854790e-04 6.827492034592626399e-04
1.830000000000000000e+03 7.319979414345474389e-01 9.962448793809740577e-01 3.413746017296313199e-04 1.820664542558033706e-03 4.551661356395084266e-04 1.137915339098770958e-03
1.860000000000000000e+03 7.439979076875726793e-01 9.967000455166135087e-01 5.689576695493854790e-04 1.593081474738279385e-03 3.413746017296313199e-04 7.965407373691396923e-04
1.890000000000000000e+03 7.559978739405979198e-01 9.967000455166135087e-01 5.689576695493854790e-04 2.048247610377787811e-03 1.137915339098771066e-04 5.689576695493854790e-04
1.920000000000000000e+03 7.679978401936233823e-01 9.976103777878926326e-01 1.137915339098771066e-04 1.365498406918525280e-03 2.275830678197542133e-04 6.827492034592626399e-04
1.950000000000000000e+03 7.799978064466488448e-01 9.976103777878926326e-01 1.137915339098771066e-04 1.706873008648156654e-03 2.275830678197542133e-04 3.413746017296313199e-04
1.980000000000000000e+03 7.919977726996740852e-01 9.967000455166135087e-01 3.413746017296313199e-04 1.706873008648156654e-03 3.413746017296313199e-04 9.103322712790168532e-04
2.010000000000000000e+03 8.039977389526993257e-01 9.959035047792443862e-01 5.689576695493854790e-04 1.706873008648156654e-03 3.413746017296313199e-04 1.479289940828402332e-03
2.040000000000000000e+03 8.159977052057247882e-01 9.965862539827037292e-01 6.827492034592626399e-04 1.365498406918525280e-03 3.413746017296313199e-04 1.024123805188893906e-03
2.070000000000000000e+03 8.279976714587504727e-01 9.980655439235320836e-01 0.000000000000000000e+00 1.137915339098770958e-03 1.137915339098771066e-04 6.827492034592626399e-04
2.100000000000000000e+03 8.399976377117757131e-01 9.976103777878926326e-01 1.137915339098771066e-04 1.137915339098770958e-03 5.689576695493854790e-04 5.689576695493854790e-04
2.130000000000000000e+03 8.519976039648009536e-01 9.967000455166135087e-01 4.551661356395084266e-04 1.820664542558033706e-03 2.275830678197542133e-04 7.965407373691396923e-04
2.160000000000000000e+03 8.639975702178264161e-01 9.965862539827037292e-01 2.275830678197542133e-04 1.593081474738279385e-03 1.137915339098771066e-04 1.479289940828402332e-03
2.190000000000000000e+03 8.759975364708518786e-01 9.963586709148839482e-01 2.275830678197542133e-04 1.365498406918525280e-03 1.137915339098771066e-04 1.934456076467910759e-03
2.220000000000000000e+03 8.879975027238771190e-01 9.979517523896221931e-01 2.275830678197542133e-04 6.827492034592626399e-04 1.137915339098771066e-04 1.024123805188893906e-03
2.250000000000000000e+03 8.999974689769023595e-01 9.977241693218024121e-01 1.137915339098771066e-04 9.103322712790168532e-04 1.137915339098771066e-04 1.137915339098770958e-03
2.280000000000000000e+03 9.119974352299278220e-01 9.976103777878926326e-01 0.000000000000000000e+00 1.137915339098770958e-03 3.413746017296313199e-04 9.103322712790168532e-04
2.310000000000000000e+03 9.239974014829532845e-01 9.985207100591716456e-01 2.275830678197542133e-04 6.827492034592626399e-04 2.275830678197542133e-04 3.413746017296313199e-04
2.340000000000000000e+03 9.359973677359785249e-01 9.976103777878926326e-01 3.413746017296313199e-04 1.137915339098770958e-03 3.413746017296313199e-04 5.689576695493854790e-04
2.370000000000000000e+03 9.479973339890037654e-01 9.973827947200728516e-01 2.275830678197542133e-04 1.593081474738279385e-03 1.137915339098771066e-04 6.827492034592626399e-04
2.400000000000000000e+03 9.599973002420292278e-01 9.978379608557123026e-01 2.275830678197542133e-04 9.103322712790168532e-04 3.413746017296313199e-04 6.827492034592626399e-04
2.430000000000000000e+03 9.719972664950549124e-01 9.976103777878926326e-01 1.137915339098771066e-04 9.103322712790168532e-04 4.551661356395084266e-04 9.103322712790168532e-04
2.460000000000000000e+03 9.839972327480799308e-01 9.980655439235320836e-01 1.137915339098771066e-04 6.827492034592626399e-04 2.275830678197542133e-04 9.103322712790168532e-04
2.490000000000000000e+03 9.959971990011051712e-01 9.986345015930814251e-01 2.275830678197542133e-04 6.827492034592626399e-04 0.000000000000000000e+00 4.551661356395084266e-04
