# itime ezz other fcc hcp bcc ico
0.000000000000000000e+00 0.000000000000000000e+00 4.551661356395084266e-04 9.995448338643604380e-01 0.000000000000000000e+00 0.000000000000000000e+00 0.000000000000000000e+00
3.000000000000000000e+00 1.199985671850978264e-03 1.024123805188893906e-03 9.989758761948110966e-01 0.000000000000000000e+00 0.000000000000000000e+00 0.000000000000000000e+00
6.000000000000000000e+00 2.399971343702178572e-03 6.827492034592626399e-04 9.993172507965407680e-01 0.000000000000000000e+00 0.000000000000000000e+00 0.000000000000000000e+00
9.000000000000000000e+00 3.599957015553156836e-03 9.103322712790168532e-04 9.990896677287209870e-01 0.000000000000000000e+00 0.000000000000000000e+00 0.000000000000000000e+00
1.200000000000000000e+01 4.799942687404135100e-03 6.827492034592626399e-04 9.993172507965407680e-01 0.000000000000000000e+00 0.000000000000000000e+00 0.000000000000000000e+00
1.500000000000000000e+01 5.999928359255113364e-03 6.827492034592626399e-04 9.993172507965407680e-01 0.000000000000000000e+00 0.000000000000000000e+00 0.000000000000000000e+00
1.800000000000000000e+01 7.199914031106313672e-03 7.965407373691396923e-04 9.992034592626308775e-01 0.000000000000000000e+00 0.000000000000000000e+00 0.000000000000000000e+00
2.100000000000000000e+01 8.399899702957291936e-03 6.827492034592626399e-04 9.993172507965407680e-01 0.000000000000000000e+00 0.000000000000000000e+00 0.000000000000000000e+00
2.400000000000000000e+01 9.599885374808270200e-03 7.965407373691396923e-04 9.992034592626308775e-01 0.000000000000000000e+00 0.000000000000000000e+00 0.000000000000000000e+00
2.700000000000000000e+01 1.079987104665947051e-02 9.103322712790168532e-04 9.990896677287209870e-01 0.000000000000000000e+00 0.000000000000000000e+00 0.000000000000000000e+00
3.000000000000000000e+01 1.199985671851044877e-02 7.965407373691396923e-04 9.992034592626308775e-01 0.000000000000000000e+00 0.000000000000000000e+00 0.000000000000000000e+00
3.300000000000000000e+01 1.319984239036142704e-02 1.251706873008648227e-03 9.987482931269913156e-01 0.000000000000000000e+00 0.000000000000000000e+00 0.000000000000000000e+00
3.600000000000000000e+01 1.439982806221240530e-02 1.593081474738279385e-03 9.984069185252617551e-01 0.000000000000000000e+00 0.000000000000000000e+00 0.000000000000000000e+00
3.900000000000000000e+01 1.559981373406360561e-02 3.527537551206190360e-03 9.964724624487938387e-01 0.000000000000000000e+00 0.000000000000000000e+00 0.000000000000000000e+00
4.200000000000000000e+01 1.679979940591458387e-02 3.413746017296313308e-03 9.965862539827037292e-01 0.000000000000000000e+00 0.000000000000000000e+00 0.000000000000000000e+00
4.500000000000000000e+01 1.799978507776556214e-02 2.503413746017296455e-03 9.974965862539827421e-01 0.000000000000000000e+00 0.000000000000000000e+00 0.000000000000000000e+00
4.800000000000000000e+01 1.919977074961676244e-02 1.934456076467910759e-03 9.980655439235320836e-01 0.000000000000000000e+00 0.000000000000000000e+00 0.000000000000000000e+00
5.100000000000000000e+01 2.039975642146774071e-02 1.706873008648156654e-03 9.982931269913518646e-01 0.000000000000000000e+00 0.000000000000000000e+00 0.000000000000000000e+00
5.400000000000000000e+01 2.159974209331871897e-02 1.593081474738279385e-03 9.984069185252617551e-01 0.000000000000000000e+00 0.000000000000000000e+00 0.000000000000000000e+00
5.700000000000000000e+01 2.279972776516969724e-02 2.389622212107419402e-03 9.976103777878926326e-01 0.000000000000000000e+00 0.000000000000000000e+00 0.000000000000000000e+00
6.000000000000000000e+01 2.399971343702089754e-02 2.503413746017296455e-03 9.974965862539827421e-01 0.000000000000000000e+00 0.000000000000000000e+00 0.000000000000000000e+00
6.300000000000000000e+01 2.519969910887187581e-02 4.096495220755575623e-03 9.957897132453344957e-01 0.000000000000000000e+00 1.137915339098771066e-04 0.000000000000000000e+00
6.600000000000000000e+01 2.639968478072285407e-02 4.893035958124715423e-03 9.951069640418752638e-01 0.000000000000000000e+00 0.000000000000000000e+00 0.000000000000000000e+00
6.900000000000000000e+01 2.759967045257405438e-02 3.982703686845699004e-03 9.959035047792443862e-01 0.000000000000000000e+00 1.137915339098771066e-04 0.000000000000000000e+00
7.200000000000000000e+01 2.879965612442503264e-02 3.868912152935821518e-03 9.960172963131542767e-01 0.000000000000000000e+00 1.137915339098771066e-04 0.000000000000000000e+00
7.500000000000000000e+01 2.999964179627601091e-02 4.437869822485207214e-03 9.954483386436049352e-01 0.000000000000000000e+00 1.137915339098771066e-04 0.000000000000000000e+00
7.800000000000000000e+01 3.119962746812698917e-02 5.575785161583977738e-03 9.941966317705962508e-01 0.000000000000000000e+00 2.275830678197542133e-04 0.000000000000000000e+00
8.100000000000000000e+01 3.239961313997818948e-02 6.713700500682749130e-03 9.931725079654073474e-01 0.000000000000000000e+00 1.137915339098771066e-04 0.000000000000000000e+00
8.400000000000000000e+01 3.359959881182916774e-02 7.510241238051888930e-03 9.923759672280382249e-01 0.000000000000000000e+00 1.137915339098771066e-04 0.000000000000000000e+00
8.700000000000000000e+01 3.479958448368014601e-02 7.624032771961766417e-03 9.923759672280382249e-01 0.000000000000000000e+00 0.000000000000000000e+00 0.000000000000000000e+00
9.000000000000000000e+01 3.599957015553134632e-02 8.192990441511151245e-03 9.918070095584888834e-01 0.000000000000000000e+00 0.000000000000000000e+00 0.000000000000000000e+00
9.300000000000000000e+01 3.719955582738232458e-02 7.168866636322257339e-03 9.927173418297678964e-01 0.000000000000000000e+00 1.137915339098771066e-04 0.000000000000000000e+00
9.600000000000000000e+01 3.839954149923330284e-02 7.965407373691398007e-03 9.919208010923987739e-01 0.000000000000000000e+00 1.137915339098771066e-04 0.000000000000000000e+00
9.900000000000000000e+01 3.959952717108428111e-02 6.941283568502503235e-03 9.927173418297678964e-01 0.000000000000000000e+00 3.413746017296313199e-04 0.000000000000000000e+00
1.020000000000000000e+02 4.079951284293548142e-02 6.941283568502503235e-03 9.928311333636777869e-01 0.000000000000000000e+00 2.275830678197542133e-04 0.000000000000000000e+00
1.050000000000000000e+02 4.199949851478645968e-02 5.803368229403732710e-03 9.939690487027764698e-01 0.000000000000000000e+00 2.275830678197542133e-04 0.000000000000000000e+00
1.080000000000000000e+02 4.319948418663743794e-02 7.737824305871643035e-03 9.919208010923987739e-01 0.000000000000000000e+00 3.413746017296313199e-04 0.000000000000000000e+00
1.110000000000000000e+02 4.439946985848863825e-02 1.103777878925807886e-02 9.886208466090122826e-01 0.000000000000000000e+00 3.413746017296313199e-04 0.000000000000000000e+00
1.140000000000000000e+02 4.559945553033961652e-02 1.217569412835685025e-02 9.873691397360035982e-01 0.000000000000000000e+00 4.551661356395084266e-04 0.000000000000000000e+00
1.170000000000000000e+02 4.679944120219059478e-02 1.217569412835685025e-02 9.874829312699134887e-01 0.000000000000000000e+00 3.413746017296313199e-04 0.000000000000000000e+00
1.200000000000000000e+02 4.799942687404157304e-02 1.297223486572599005e-02 9.870277651342740377e-01 0.000000000000000000e+00 0.000000000000000000e+00 0.000000000000000000e+00
1.230000000000000000e+02 4.919941254589277335e-02 1.012744651797906244e-02 9.896449704142011861e-01 0.000000000000000000e+00 2.275830678197542133e-04 0.000000000000000000e+00
1.260000000000000000e+02 5.039939821774375162e-02 1.001365498406918582e-02 9.898725534820209671e-01 0.000000000000000000e+00 1.137915339098771066e-04 0.000000000000000000e+00
1.290000000000000000e+02 5.159938388959472988e-02 1.115157032316795548e-02 9.881656804733728316e-01 0.000000000000000000e+00 6.827492034592626399e-04 0.000000000000000000e+00
1.320000000000000000e+02 5.279936956144593019e-02 1.297223486572599005e-02 9.861174328629950248e-01 0.000000000000000000e+00 9.103322712790168532e-04 0.000000000000000000e+00
1.350000000000000000e+02 5.399935523329690845e-02 1.718252162039144229e-02 9.821347291761493015e-01 0.000000000000000000e+00 6.827492034592626399e-04 0.000000000000000000e+00
1.380000000000000000e+02 5.519934090514788672e-02 1.900318616294947513e-02 9.807692307692307265e-01 0.000000000000000000e+00 2.275830678197542133e-04 0.000000000000000000e+00
1.410000000000000000e+02 5.639932657699886498e-02 2.059626763768775473e-02 9.788347746927628101e-01 0.000000000000000000e+00 5.689576695493854790e-04 0.000000000000000000e+00
1.440000000000000000e+02 5.759931224885006529e-02 2.059626763768775473e-02 9.783796085571233592e-01 0.000000000000000000e+00 1.024123805188893906e-03 0.000000000000000000e+00
1.470000000000000000e+02 5.879929792070104355e-02 2.071005917159763482e-02 9.780382339553936877e-01 0.000000000000000000e+00 1.251706873008648227e-03 0.000000000000000000e+00
1.500000000000000000e+02 5.999928359255202182e-02 2.162039144287665124e-02 9.773554847519344557e-01 0.000000000000000000e+00 1.024123805188893906e-03 0.000000000000000000e+00
1.530000000000000000e+02 6.119926926440322212e-02 2.230314064633591095e-02 9.767865270823851143e-01 0.000000000000000000e+00 9.103322712790168532e-04 0.000000000000000000e+00
1.560000000000000000e+02 6.239925493625420039e-02 2.366863905325443732e-02 9.756486117432863203e-01 0.000000000000000000e+00 6.827492034592626399e-04 0.000000000000000000e+00
1.590000000000000000e+02 6.359924060810517865e-02 2.651342740100136666e-02 9.729176149294492815e-01 0.000000000000000000e+00 5.689576695493854790e-04 0.000000000000000000e+00
1.620000000000000000e+02 6.479922627995615692e-02 2.617205279927173334e-02 9.729176149294492815e-01 0.000000000000000000e+00 9.103322712790168532e-04 0.000000000000000000e+00
1.650000000000000000e+02 6.599921195180735722e-02 2.594446973145198010e-02 9.729176149294492815e-01 0.000000000000000000e+00 1.137915339098770958e-03 0.000000000000000000e+00
1.680000000000000000e+02 6.719919762365833549e-02 3.015475648611743234e-02 9.682521620391443262e-01 0.000000000000000000e+00 1.593081474738279385e-03 0.000000000000000000e+00
1.710000000000000000e+02 6.839918329550931375e-02 3.186162949476559203e-02 9.665452890304960798e-01 0.000000000000000000e+00 1.593081474738279385e-03 0.000000000000000000e+00
1.740000000000000000e+02 6.959916896736051406e-02 3.516158397815202785e-02 9.632453345471096995e-01 0.000000000000000000e+00 1.593081474738279385e-03 0.000000000000000000e+00
1.770000000000000000e+02 7.079915463921149232e-02 4.028220300409649651e-02 9.576695493855257313e-01 0.000000000000000000e+00 2.048247610377787811e-03 0.000000000000000000e+00
1.800000000000000000e+02 7.199914031106247059e-02 4.369594902139280895e-02 9.550523441055985829e-01 0.000000000000000000e+00 1.251706873008648227e-03 0.000000000000000000e+00
1.830000000000000000e+02 7.319912598291344885e-02 4.415111515703231543e-02 9.541420118343195700e-01 0.000000000000000000e+00 1.706873008648156654e-03 0.000000000000000000e+00
1.860000000000000000e+02 7.439911165476464916e-02 5.177514792899408358e-02 9.461766044606281234e-01 0.000000000000000000e+00 2.048247610377787811e-03 0.000000000000000000e+00
1.890000000000000000e+02 7.559909732661562742e-02 5.598543468365953235e-02 9.406008192990441552e-01 0.000000000000000000e+00 3.413746017296313308e-03 0.000000000000000000e+00
1.920000000000000000e+02 7.679908299846660569e-02 6.042330450614474130e-02 9.353664087391898585e-01 0.000000000000000000e+00 4.210286754665453109e-03 0.000000000000000000e+00
1.950000000000000000e+02 7.799906867031780600e-02 6.440600819299044377e-02 9.317250796540736957e-01 0.000000000000000000e+00 3.868912152935821518e-03 0.000000000000000000e+00
1.980000000000000000e+02 7.919905434216878426e-02 6.690942193900774326e-02 9.289940828402366568e-01 0.000000000000000000e+00 4.096495220755575623e-03 0.000000000000000000e+00
2.010000000000000000e+02 8.039904001401976252e-02 6.952662721893490549e-02 9.261492944924897275e-01 0.000000000000000000e+00 4.324078288575329727e-03 0.000000000000000000e+00
2.040000000000000000e+02 8.159902568587074079e-02 7.373691397360036814e-02 9.213700500682748817e-01 0.000000000000000000e+00 4.893035958124715423e-03 0.000000000000000000e+00
2.070000000000000000e+02 8.279901135772194110e-02 7.658170232134729749e-02 9.178425125170687204e-01 0.000000000000000000e+00 5.575785161583977738e-03 0.000000000000000000e+00
2.100000000000000000e+02 8.399899702957291936e-02 8.136094674556212936e-02 9.119253527537550807e-01 0.000000000000000000e+00 6.713700500682749130e-03 0.000000000000000000e+00
2.130000000000000000e+02 8.519898270142389762e-02 8.636777423759672834e-02 9.073736913973600160e-01 0.000000000000000000e+00 6.258534365043240920e-03 0.000000000000000000e+00
2.160000000000000000e+02 8.639896837327509793e-02 8.864360491579426071e-02 9.037323623122439642e-01 0.000000000000000000e+00 7.624032771961766417e-03 0.000000000000000000e+00
2.190000000000000000e+02 8.759895404512607620e-02 9.547109695038688559e-02 8.978152025489303245e-01 0.000000000000000000e+00 6.713700500682749130e-03 0.000000000000000000e+00
2.220000000000000000e+02 8.879893971697705446e-02 1.050295857988165632e-01 8.879153390987710726e-01 0.000000000000000000e+00 7.055075102412380721e-03 0.000000000000000000e+00
2.250000000000000000e+02 8.999892538882825477e-02 1.088984979517523960e-01 8.831360946745562268e-01 0.000000000000000000e+00 7.965407373691398007e-03 0.000000000000000000e+00
2.280000000000000000e+02 9.119891106067923303e-02 1.109467455621301751e-01 8.816568047337277614e-01 0.000000000000000000e+00 7.396449704142011444e-03 0.000000000000000000e+00
2.310000000000000000e+02 9.239889673253021130e-02 1.184569868001820597e-01 8.743741465634956578e-01 0.000000000000000000e+00 7.168866636322257339e-03 0.000000000000000000e+00
2.340000000000000000e+02 9.359888240438118956e-02 1.230086481565771522e-01 8.689121529358215801e-01 0.000000000000000000e+00 8.079198907601274626e-03 0.000000000000000000e+00
2.370000000000000000e+02 9.479886807623238987e-02 1.306326809285389134e-01 8.615157032316795860e-01 0.000000000000000000e+00 7.851615839781519654e-03 0.000000000000000000e+00
2.400000000000000000e+02 9.599885374808336813e-02 1.418980427856167403e-01 8.499089667728720876e-01 0.000000000000000000e+00 8.192990441511151245e-03 0.000000000000000000e+00
2.430000000000000000e+02 9.719883941993434640e-02 1.553254437869822369e-01 8.350022758306782089e-01 0.000000000000000000e+00 9.672280382339554228e-03 0.000000000000000000e+00
2.460000000000000000e+02 9.839882509178554670e-02 1.613563950842057393e-01 8.282885753299954468e-01 0.000000000000000000e+00 1.035502958579881741e-02 0.000000000000000000e+00
2.490000000000000000e+02 9.959881076363652497e-02 1.718252162039144160e-01 8.178197542102867423e-01 0.000000000000000000e+00 1.035502958579881741e-02 0.000000000000000000e+00
2.520000000000000000e+02 1.007987964354875032e-01 1.845698680018206528e-01 8.035958124715520956e-01 0.000000000000000000e+00 1.183431952662721866e-02 0.000000000000000000e+00
2.550000000000000000e+02 1.019987821073384815e-01 1.920801092398725651e-01 7.964269458352298825e-01 0.000000000000000000e+00 1.149294492489758707e-02 0.000000000000000000e+00
2.580000000000000000e+02 1.031987677791896818e-01 2.059626763768775681e-01 7.804961310878471004e-01 0.000000000000000000e+00 1.354119253527537488e-02 0.000000000000000000e+00
2.610000000000000000e+02 1.043987534510406601e-01 2.172280382339553950e-01 7.692307692307692735e-01 0.000000000000000000e+00 1.354119253527537488e-02 0.000000000000000000e+00
2.640000000000000000e+02 1.055987391228916383e-01 2.282658170232134687e-01 7.579654073736914466e-01 0.000000000000000000e+00 1.376877560309512985e-02 0.000000000000000000e+00
2.670000000000000000e+02 1.067987247947428386e-01 2.403277196176604458e-01 7.446517979062358128e-01 0.000000000000000000e+00 1.502048247610377786e-02 0.000000000000000000e+00
2.700000000000000000e+02 1.079987104665938169e-01 2.560309512972234747e-01 7.286071916249431402e-01 0.000000000000000000e+00 1.536185707783340945e-02 0.000000000000000000e+00
2.730000000000000000e+02 1.091986961384447952e-01 2.650204824761037692e-01 7.187073281747837772e-01 0.000000000000000000e+00 1.627218934911242587e-02 0.000000000000000000e+00
2.760000000000000000e+02 1.103986818102957734e-01 2.769685935366408835e-01 7.060764679107874864e-01 0.000000000000000000e+00 1.695493855257168905e-02 0.000000000000000000e+00
2.790000000000000000e+02 1.115986674821469737e-01 2.888029130632681074e-01 6.932180245789713036e-01 0.000000000000000000e+00 1.797906235776058209e-02 0.000000000000000000e+00
2.820000000000000000e+02 1.127986531539979520e-01 2.910787437414656398e-01 6.862767410104688715e-01 0.000000000000000000e+00 2.264451524806554428e-02 0.000000000000000000e+00
2.850000000000000000e+02 1.139986388258489303e-01 3.006372325898953313e-01 6.774010013654984119e-01 0.000000000000000000e+00 2.196176604460628110e-02 0.000000000000000000e+00
2.880000000000000000e+02 1.151986244977001306e-01 3.210059171597632877e-01 6.552116522530723186e-01 0.000000000000000000e+00 2.378243058716431393e-02 0.000000000000000000e+00
2.910000000000000000e+02 1.163986101695511088e-01 3.370505234410559603e-01 6.393946290395994270e-01 1.137915339098771066e-04 2.344105598543468408e-02 0.000000000000000000e+00
2.940000000000000000e+02 1.175985958414020871e-01 3.467228038233955423e-01 6.281292671825216001e-01 1.137915339098771066e-04 2.503413746017296368e-02 0.000000000000000000e+00
2.970000000000000000e+02 1.187985815132530654e-01 3.610605370960400795e-01 6.103777878925807920e-01 1.137915339098771066e-04 2.844788347746927612e-02 0.000000000000000000e+00
3.000000000000000000e+02 1.199985671851042657e-01 3.790395994538006130e-01 5.914883932635411901e-01 1.137915339098771066e-04 2.935821574874829254e-02 0.000000000000000000e+00
3.030000000000000000e+02 1.211985528569552439e-01 3.959945380063722986e-01 5.705507510241237812e-01 2.275830678197542133e-04 3.322712790168411146e-02 0.000000000000000000e+00
3.060000000000000000e+02 1.223985385288062222e-01 4.118115612198452458e-01 5.512061902594447282e-01 2.275830678197542133e-04 3.675466545289030745e-02 0.000000000000000000e+00
3.090000000000000000e+02 1.235985242006574225e-01 4.220527992717341692e-01 5.375512061902594230e-01 3.413746017296313199e-04 4.005461993627674328e-02 0.000000000000000000e+00
3.120000000000000000e+02 1.247985098725084008e-01 4.351388256713700775e-01 5.208238507055075184e-01 5.689576695493854790e-04 4.346836595357305572e-02 0.000000000000000000e+00
3.150000000000000000e+02 1.259984955443593790e-01 4.542558033682294050e-01 4.985207100591715901e-01 5.689576695493854790e-04 4.665452890304961492e-02 0.000000000000000000e+00
3.180000000000000000e+02 1.271984812162103573e-01 4.707555757851615841e-01 4.780382339553937432e-01 6.827492034592626399e-04 5.052344105598543383e-02 0.000000000000000000e+00
3.210000000000000000e+02 1.283984668880615576e-01 4.822485207100591920e-01 4.621074192080109055e-01 4.551661356395084266e-04 5.518889394629039602e-02 0.000000000000000000e+00
3.240000000000000000e+02 1.295984525599125359e-01 5.004551661356395620e-01 4.421939007737824556e-01 4.551661356395084266e-04 5.689576695493855224e-02 0.000000000000000000e+00
3.270000000000000000e+02 1.307984382317635141e-01 5.125170687300865113e-01 4.267182521620391245e-01 3.413746017296313199e-04 6.042330450614474130e-02 0.000000000000000000e+00
3.300000000000000000e+02 1.319984239036147144e-01 5.212790168411469693e-01 4.107874374146563423e-01 6.827492034592626399e-04 6.725079654073737312e-02 0.000000000000000000e+00
3.330000000000000000e+02 1.331984095754656927e-01 5.316340464269457833e-01 3.964497041420118606e-01 1.137915339098770958e-03 7.077833409194356218e-02 0.000000000000000000e+00
3.360000000000000000e+02 1.343983952473166710e-01 5.494993172507965928e-01 3.748293126991351643e-01 1.593081474738279385e-03 7.407828857532999800e-02 0.000000000000000000e+00
3.390000000000000000e+02 1.355983809191676492e-01 5.699817933545744397e-01 3.528675466545289074e-01 1.820664542558033706e-03 7.532999544833864081e-02 0.000000000000000000e+00
3.420000000000000000e+02 1.367983665910188495e-01 5.916021847974510806e-01 3.279472007282658308e-01 2.048247610377787811e-03 7.840236686390532339e-02 0.000000000000000000e+00
3.450000000000000000e+02 1.379983522628698278e-01 6.034365043240782489e-01 3.105370960400546387e-01 2.275830678197541916e-03 8.375056895766955223e-02 0.000000000000000000e+00
3.480000000000000000e+02 1.391983379347208061e-01 6.131087847064178309e-01 2.957441966317705950e-01 2.503413746017296455e-03 8.864360491579426071e-02 0.000000000000000000e+00
3.510000000000000000e+02 1.403983236065720064e-01 6.257396449704142327e-01 2.812926718252162228e-01 2.389622212107419402e-03 9.057806099226217711e-02 0.000000000000000000e+00
3.540000000000000000e+02 1.415983092784229846e-01 6.347291761492944717e-01 2.668411470186617951e-01 2.389622212107419402e-03 9.604005461993628257e-02 0.000000000000000000e+00
3.570000000000000000e+02 1.427982949502739629e-01 6.431497496586253693e-01 2.506827492034592875e-01 3.641329085116067413e-03 1.025261720527992776e-01 0.000000000000000000e+00
3.600000000000000000e+02 1.439982806221249412e-01 6.546426945835229771e-01 2.358898497951752438e-01 3.186162949476558769e-03 1.062812926718252199e-01 0.000000000000000000e+00
3.630000000000000000e+02 1.451982662939761415e-01 6.578288575329995780e-01 2.249658625398270329e-01 3.072371415566681717e-03 1.141329085116067343e-01 0.000000000000000000e+00
3.660000000000000000e+02 1.463982519658271197e-01 6.659080564406008040e-01 2.108557123350022766e-01 3.413746017296313308e-03 1.198224852071005930e-01 0.000000000000000000e+00
3.690000000000000000e+02 1.475982376376780980e-01 6.723941738734637852e-01 1.972007282658170269e-01 4.893035958124715423e-03 1.255120619025944517e-01 0.000000000000000000e+00
3.720000000000000000e+02 1.487982233095292983e-01 6.828629949931724896e-01 1.837733272644515303e-01 4.665452890304961318e-03 1.286982248520709970e-01 0.000000000000000000e+00
3.750000000000000000e+02 1.499982089813802766e-01 6.902594446973144837e-01 1.714838416021848000e-01 5.120619025944469528e-03 1.331360946745562268e-01 0.000000000000000000e+00
3.780000000000000000e+02 1.511981946532312548e-01 6.965179790623577949e-01 1.601046882111970826e-01 5.006827492034592909e-03 1.383705052344105513e-01 0.000000000000000000e+00
3.810000000000000000e+02 1.523981803250822331e-01 6.989076012744651623e-01 1.521392808375056915e-01 6.372325898953117539e-03 1.425807919890760000e-01 0.000000000000000000e+00
3.840000000000000000e+02 1.535981659969334334e-01 7.075557578516158408e-01 1.434911242603550408e-01 6.258534365043240920e-03 1.426945835229858905e-01 0.000000000000000000e+00
3.870000000000000000e+02 1.547981516687844117e-01 7.143832498862084934e-01 1.337050523441055960e-01 6.713700500682749130e-03 1.451979972690031762e-01 0.000000000000000000e+00
3.900000000000000000e+02 1.559981373406353899e-01 7.228038233955393910e-01 1.219845243513882627e-01 8.192990441511151245e-03 1.470186618115612298e-01 0.000000000000000000e+00
3.930000000000000000e+02 1.571981230124865903e-01 7.272416932180245652e-01 1.154984069185252676e-01 8.989531178880291046e-03 1.482703686845698587e-01 0.000000000000000000e+00
3.960000000000000000e+02 1.583981086843375685e-01 7.303140646335912756e-01 1.095812471552116557e-01 1.058261265361857065e-02 1.495220755575785154e-01 0.000000000000000000e+00
3.990000000000000000e+02 1.595980943561885468e-01 7.372553482020938187e-01 1.043468365953573035e-01 1.137915339098771045e-02 1.470186618115612298e-01 0.000000000000000000e+00
4.020000000000000000e+02 1.607980800280395250e-01 7.421483841602184439e-01 9.922621756941284177e-02 1.115157032316795548e-02 1.474738279472007363e-01 0.000000000000000000e+00
4.050000000000000000e+02 1.619980656998907254e-01 7.426035502958580059e-01 9.467455621301774926e-02 1.251706873008648184e-02 1.502048247610377751e-01 0.000000000000000000e+00
4.080000000000000000e+02 1.631980513717417036e-01 7.514792899408283544e-01 8.716431497496586467e-02 1.228948566226672687e-02 1.490669094219390090e-01 0.000000000000000000e+00
4.110000000000000000e+02 1.643980370435926819e-01 7.542102867546655043e-01 8.386436049157942885e-02 1.160673645880746542e-02 1.503186162949476656e-01 0.000000000000000000e+00
4.140000000000000000e+02 1.655980227154438822e-01 7.556895766954938587e-01 7.862994993172507663e-02 1.274465179790623508e-02 1.529358215748748417e-01 0.000000000000000000e+00
4.170000000000000000e+02 1.667980083872948605e-01 7.612653618570778269e-01 7.453345471096950448e-02 1.274465179790623508e-02 1.514565316340464318e-01 0.000000000000000000e+00
4.200000000000000000e+02 1.679979940591458387e-01 7.637687756030950847e-01 7.464724624487938109e-02 1.274465179790623508e-02 1.488393263541192557e-01 0.000000000000000000e+00
4.230000000000000000e+02 1.691979797309968170e-01 7.712790168411469693e-01 7.066454255803368556e-02 1.354119253527537488e-02 1.445152480655439164e-01 0.000000000000000000e+00
4.260000000000000000e+02 1.703979654028480173e-01 7.742375967228037892e-01 6.668183887118799003e-02 1.467910787437414627e-02 1.444014565316340537e-01 0.000000000000000000e+00
4.290000000000000000e+02 1.715979510746989956e-01 7.802685480200273194e-01 6.178880291306326766e-02 1.445152480655439303e-02 1.434911242603550408e-01 0.000000000000000000e+00
4.320000000000000000e+02 1.727979367465499738e-01 7.791306326809285254e-01 6.053709604005461792e-02 1.570323167956303931e-02 1.446290395994538069e-01 0.000000000000000000e+00
4.350000000000000000e+02 1.739979224184011741e-01 7.829995448338643582e-01 5.791989076012744875e-02 1.627218934911242587e-02 1.428083750568957533e-01 0.000000000000000000e+00
4.380000000000000000e+02 1.751979080902521524e-01 7.883477469276285454e-01 5.450614474283113631e-02 1.638598088302230249e-02 1.407601274465179741e-01 0.000000000000000000e+00
4.410000000000000000e+02 1.763978937621031307e-01 7.899408284023669014e-01 5.143377332726445372e-02 1.718252162039144229e-02 1.414428766499772339e-01 0.000000000000000000e+00
4.440000000000000000e+02 1.775978794339541089e-01 7.989303595812471404e-01 4.528903049613108855e-02 1.797906235776058209e-02 1.378015475648611821e-01 0.000000000000000000e+00
4.470000000000000000e+02 1.787978651058053092e-01 7.979062357760582369e-01 4.619936276741010150e-02 1.820664542558033533e-02 1.376877560309512916e-01 0.000000000000000000e+00
4.500000000000000000e+02 1.799978507776562875e-01 7.990441511151570309e-01 4.426490669094219205e-02 2.059626763768775473e-02 1.360946745562130189e-01 0.000000000000000000e+00
4.530000000000000000e+02 1.811978364495072658e-01 8.047337278106508895e-01 4.164770141101502288e-02 2.105143377332726468e-02 1.325671370050068298e-01 0.000000000000000000e+00
4.560000000000000000e+02 1.823978221213584661e-01 8.093991807009558448e-01 3.937187073281747662e-02 2.116522530723714129e-02 1.300637232589895442e-01 0.000000000000000000e+00
4.590000000000000000e+02 1.835978077932094443e-01 8.121301775147928836e-01 3.800637232589895026e-02 2.002730996813837164e-02 1.298361401911697632e-01 0.000000000000000000e+00
4.620000000000000000e+02 1.847977934650604226e-01 8.187300864815657553e-01 3.504779244424215123e-02 2.196176604460628110e-02 1.242603550295857950e-01 0.000000000000000000e+00
4.650000000000000000e+02 1.859977791369114009e-01 8.247610377787892855e-01 3.243058716431497512e-02 2.184797451069640448e-02 1.209604005461993592e-01 0.000000000000000000e+00
4.680000000000000000e+02 1.871977648087626012e-01 8.273782430587164338e-01 3.095129722348657214e-02 2.253072371415566766e-02 1.191397360036413333e-01 0.000000000000000000e+00
4.710000000000000000e+02 1.883977504806135794e-01 8.271506599908966528e-01 3.015475648611743234e-02 2.560309512972235024e-02 1.170914883932635403e-01 0.000000000000000000e+00
4.740000000000000000e+02 1.895977361524645577e-01 8.313609467455621571e-01 2.856167501137915274e-02 2.514792899408284030e-02 1.149294492489758707e-01 0.000000000000000000e+00
4.770000000000000000e+02 1.907977218243157580e-01 8.276058261265362148e-01 2.730996813837050646e-02 2.719617660446062984e-02 1.178880291306326766e-01 0.000000000000000000e+00
4.800000000000000000e+02 1.919977074961667363e-01 8.342057350933090865e-01 2.560309512972235024e-02 2.685480200273099652e-02 1.133363677742375980e-01 0.000000000000000000e+00
4.830000000000000000e+02 1.931976931680177145e-01 8.394401456531633832e-01 2.708238507055074976e-02 2.583067819754210348e-02 1.076467910787437393e-01 0.000000000000000000e+00
4.860000000000000000e+02 1.943976788398686928e-01 8.411470186618115186e-01 2.571688666363222686e-02 2.628584433318160996e-02 1.068502503413746030e-01 0.000000000000000000e+00
4.890000000000000000e+02 1.955976645117198931e-01 8.439918070095584479e-01 2.526172052799271692e-02 2.583067819754210348e-02 1.048020027309968100e-01 1.137915339098771066e-04
4.920000000000000000e+02 1.967976501835708714e-01 8.445607646791079004e-01 2.435138825671370050e-02 2.605826126536185672e-02 1.049157942649066866e-01 1.137915339098771066e-04
4.950000000000000000e+02 1.979976358554218496e-01 8.497951752389621971e-01 2.446517979062357712e-02 2.571688666363222686e-02 1.000227583067819781e-01 0.000000000000000000e+00
4.980000000000000000e+02 1.991976215272730499e-01 8.571916249431041912e-01 2.321347291761493084e-02 2.674101046882111990e-02 9.285389167045972336e-02 0.000000000000000000e+00
5.010000000000000000e+02 2.003976071991240282e-01 8.626536185707783799e-01 2.275830678197542090e-02 2.594446973145198010e-02 8.864360491579426071e-02 0.000000000000000000e+00
5.040000000000000000e+02 2.015975928709750065e-01 8.636777423759672834e-01 2.207555757851615771e-02 2.503413746017296368e-02 8.921256258534364381e-02 0.000000000000000000e+00
5.070000000000000000e+02 2.027975785428259847e-01 8.629949931725079404e-01 2.150659990896677115e-02 2.639963586709149004e-02 8.909877105143376719e-02 0.000000000000000000e+00
5.100000000000000000e+02 2.039975642146771850e-01 8.651570323167956378e-01 2.116522530723714129e-02 2.617205279927173334e-02 8.750568957669549452e-02 0.000000000000000000e+00
5.130000000000000000e+02 2.051975498865281633e-01 8.656121984524350887e-01 2.184797451069640448e-02 2.822030040964952288e-02 8.431952662721893532e-02 0.000000000000000000e+00
5.160000000000000000e+02 2.063975355583791416e-01 8.672052799271734447e-01 2.162039144287665124e-02 2.799271734182976618e-02 8.306781975421029252e-02 1.137915339098771066e-04
5.190000000000000000e+02 2.075975212302303419e-01 8.718707328174783999e-01 2.036868456986800149e-02 2.696859353664087314e-02 8.067819754210286964e-02 1.137915339098771066e-04
5.220000000000000000e+02 2.087975069020813201e-01 8.763086026399635742e-01 2.116522530723714129e-02 2.548930359581247015e-02 7.703686845698680397e-02 0.000000000000000000e+00
5.250000000000000000e+02 2.099974925739322984e-01 8.831360946745562268e-01 2.093764223941738806e-02 2.560309512972235024e-02 7.032316795630405570e-02 0.000000000000000000e+00
5.280000000000000000e+02 2.111974782457832767e-01 8.841602184797451303e-01 2.105143377332726468e-02 2.742375967228038308e-02 6.736458807464724974e-02 0.000000000000000000e+00
5.310000000000000000e+02 2.123974639176344770e-01 8.856395084205734847e-01 1.957214383249886169e-02 2.605826126536185672e-02 6.873008648156576916e-02 0.000000000000000000e+00
5.340000000000000000e+02 2.135974495894854552e-01 8.857532999544833752e-01 1.945835229858898507e-02 2.435138825671370050e-02 7.043695949021393232e-02 0.000000000000000000e+00
5.370000000000000000e+02 2.147974352613364335e-01 8.839326354119253493e-01 1.866181156121984527e-02 2.730996813837050646e-02 7.009558488848430247e-02 0.000000000000000000e+00
5.400000000000000000e+02 2.159974209331876338e-01 8.852981338188439242e-01 1.968593536640873831e-02 2.639963586709149004e-02 6.861629494765589254e-02 0.000000000000000000e+00
5.430000000000000000e+02 2.171974066050386121e-01 8.856395084205734847e-01 1.968593536640873831e-02 2.719617660446062984e-02 6.747837960855712636e-02 0.000000000000000000e+00
5.460000000000000000e+02 2.183973922768895903e-01 8.857532999544833752e-01 1.979972690031861493e-02 2.753755120619025970e-02 6.690942193900774326e-02 0.000000000000000000e+00
5.490000000000000000e+02 2.195973779487405686e-01 8.864360491579426071e-01 2.139280837505689453e-02 2.742375967228038308e-02 6.474738279472007363e-02 0.000000000000000000e+00
5.520000000000000000e+02 2.207973636205917689e-01 8.870050068274920596e-01 2.059626763768775473e-02 2.787892580791988956e-02 6.451979972690032039e-02 0.000000000000000000e+00
5.550000000000000000e+02 2.219973492924427472e-01 8.880291306326809631e-01 2.162039144287665124e-02 2.776513427401001294e-02 6.258534365043240399e-02 0.000000000000000000e+00
5.580000000000000000e+02 2.231973349642937254e-01 8.889394629039599760e-01 2.241693218024579104e-02 2.685480200273099652e-02 6.178880291306326766e-02 0.000000000000000000e+00
5.610000000000000000e+02 2.243973206361449257e-01 8.926945835229859183e-01 2.264451524806554428e-02 2.639963586709149004e-02 5.814747382794720199e-02 1.137915339098771066e-04
5.640000000000000000e+02 2.255973063079959040e-01 8.996358670914883504e-01 1.991351843422849502e-02 2.560309512972235024e-02 5.473372781065088954e-02 1.137915339098771066e-04
5.670000000000000000e+02 2.267972919798468823e-01 9.021392808375057193e-01 2.014110150204824826e-02 2.514792899408284030e-02 5.245789713245334329e-02 1.137915339098771066e-04
5.700000000000000000e+02 2.279972776516978605e-01 9.035047792444241832e-01 1.957214383249886169e-02 2.548930359581247015e-02 5.131998179335457710e-02 1.137915339098771066e-04
5.730000000000000000e+02 2.291972633235490608e-01 9.048702776513427581e-01 1.797906235776058209e-02 2.526172052799271692e-02 5.177514792899408358e-02 1.137915339098771066e-04
5.760000000000000000e+02 2.303972489954000391e-01 9.113563950842057393e-01 1.684114701866181243e-02 2.321347291761493084e-02 4.847519344560764776e-02 1.137915339098771066e-04
5.790000000000000000e+02 2.315972346672510174e-01 9.135184342284934367e-01 1.649977241693217911e-02 2.344105598543468408e-02 4.642694583522986168e-02 1.137915339098771066e-04
5.820000000000000000e+02 2.327972203391022177e-01 9.127218934911243142e-01 1.661356395084205573e-02 2.412380518889394726e-02 4.654073736913973830e-02 0.000000000000000000e+00
5.850000000000000000e+02 2.339972060109531959e-01 9.176149294492489394e-01 1.604460628129267263e-02 2.435138825671370050e-02 4.198907601274465273e-02 0.000000000000000000e+00
5.880000000000000000e+02 2.351971916828041742e-01 9.168183887118798170e-01 1.558944014565316269e-02 2.401001365498407064e-02 4.358215748748293233e-02 0.000000000000000000e+00
5.910000000000000000e+02 2.363971773546551525e-01 9.180700955848885014e-01 1.513427401001365448e-02 2.389622212107419055e-02 4.289940828402366568e-02 0.000000000000000000e+00
5.940000000000000000e+02 2.375971630265063528e-01 9.189804278561675144e-01 1.547564861174328607e-02 2.264451524806554428e-02 4.289940828402366568e-02 0.000000000000000000e+00
5.970000000000000000e+02 2.387971486983573310e-01 9.198907601274465273e-01 1.524806554392353283e-02 2.230314064633591095e-02 4.255803368229403583e-02 0.000000000000000000e+00
6.000000000000000000e+02 2.399971343702083093e-01 9.200045516613564178e-01 1.524806554392353283e-02 2.309968138370505075e-02 4.164770141101502288e-02 0.000000000000000000e+00
6.030000000000000000e+02 2.411971200420595096e-01 9.211424670004552118e-01 1.524806554392353283e-02 2.389622212107419055e-02 3.971324533454710648e-02 0.000000000000000000e+00
6.060000000000000000e+02 2.423971057139104879e-01 9.219390077378243342e-01 1.524806554392353283e-02 2.389622212107419055e-02 3.891670459717797015e-02 0.000000000000000000e+00
6.090000000000000000e+02 2.435970913857614661e-01 9.234182976786526886e-01 1.524806554392353283e-02 2.457897132453345374e-02 3.675466545289030745e-02 0.000000000000000000e+00
6.120000000000000000e+02 2.447970770576124444e-01 9.251251706873008240e-01 1.570323167956303931e-02 2.435138825671370050e-02 3.482020937642239106e-02 0.000000000000000000e+00
6.150000000000000000e+02 2.459970627294636447e-01 9.261492944924897275e-01 1.581702321347291593e-02 2.548930359581247015e-02 3.254437869822485174e-02 0.000000000000000000e+00
6.180000000000000000e+02 2.471970484013146230e-01 9.266044606281292895e-01 1.490669094219390124e-02 2.560309512972235024e-02 3.288575329995448160e-02 0.000000000000000000e+00
6.210000000000000000e+02 2.483970340731656012e-01 9.279699590350477534e-01 1.502048247610377786e-02 2.469276285844333035e-02 3.231679563040509851e-02 0.000000000000000000e+00
6.240000000000000000e+02 2.495970197450168016e-01 9.270596267637687404e-01 1.649977241693217911e-02 2.321347291761493084e-02 3.311333636777423484e-02 1.137915339098771066e-04
6.270000000000000000e+02 2.507970054168677798e-01 9.299044151115156698e-01 1.604460628129267263e-02 2.309968138370505075e-02 3.083750568957669552e-02 1.137915339098771066e-04
6.300000000000000000e+02 2.519969910887187581e-01 9.296768320436959998e-01 1.615839781520254925e-02 2.264451524806554428e-02 3.152025489303595523e-02 0.000000000000000000e+00
6.330000000000000000e+02 2.531969767605699584e-01 9.310423304506144637e-01 1.604460628129267263e-02 2.218934911242603433e-02 3.060992262175694228e-02 1.137915339098771066e-04
6.360000000000000000e+02 2.543969624324209367e-01 9.311561219845243542e-01 1.490669094219390124e-02 2.355484751934456070e-02 3.038233955393718558e-02 0.000000000000000000e+00
6.390000000000000000e+02 2.555969481042719149e-01 9.303595812471552318e-01 1.593081474738279601e-02 2.321347291761493084e-02 3.038233955393718558e-02 1.137915339098771066e-04
6.420000000000000000e+02 2.567969337761228932e-01 9.307009558488847922e-01 1.718252162039144229e-02 2.412380518889394726e-02 2.799271734182976618e-02 0.000000000000000000e+00
6.450000000000000000e+02 2.579969194479740935e-01 9.337733272644515026e-01 1.718252162039144229e-02 2.253072371415566766e-02 2.639963586709149004e-02 1.137915339098771066e-04
6.480000000000000000e+02 2.591969051198250718e-01 9.347974510696404060e-01 1.661356395084205573e-02 2.298588984979517413e-02 2.560309512972235024e-02 0.000000000000000000e+00
6.510000000000000000e+02 2.603968907916760500e-01 9.388939462903960198e-01 1.467910787437414627e-02 2.207555757851615771e-02 2.435138825671370050e-02 0.000000000000000000e+00
6.540000000000000000e+02 2.615968764635272503e-01 9.386663632225762388e-01 1.354119253527537488e-02 2.287209831588529751e-02 2.492034592626308706e-02 0.000000000000000000e+00
6.570000000000000000e+02 2.627968621353782286e-01 9.384387801547564578e-01 1.433773327264451468e-02 2.298588984979517413e-02 2.423759672280382388e-02 0.000000000000000000e+00
6.600000000000000000e+02 2.639968478072292069e-01 9.404870277651342647e-01 1.388256713700500647e-02 2.309968138370505075e-02 2.253072371415566766e-02 0.000000000000000000e+00
6.630000000000000000e+02 2.651968334790801851e-01 9.419663177059627301e-01 1.331360946745562164e-02 2.218934911242603433e-02 2.253072371415566766e-02 0.000000000000000000e+00
6.660000000000000000e+02 2.663968191509313854e-01 9.423076923076922906e-01 1.285844333181611343e-02 2.207555757851615771e-02 2.275830678197542090e-02 0.000000000000000000e+00
6.690000000000000000e+02 2.675968048227823637e-01 9.423076923076922906e-01 1.194811106053709528e-02 2.218934911242603433e-02 2.355484751934456070e-02 0.000000000000000000e+00
6.720000000000000000e+02 2.687967904946333420e-01 9.449248975876194390e-01 1.172052799271734204e-02 2.127901684114701791e-02 2.207555757851615771e-02 0.000000000000000000e+00
6.750000000000000000e+02 2.699967761664845423e-01 9.461766044606281234e-01 1.137915339098771045e-02 2.207555757851615771e-02 2.036868456986800149e-02 0.000000000000000000e+00
6.780000000000000000e+02 2.711967618383355205e-01 9.465179790623577949e-01 1.103777878925807886e-02 2.287209831588529751e-02 1.945835229858898507e-02 1.137915339098771066e-04
6.810000000000000000e+02 2.723967475101864988e-01 9.468593536640873554e-01 1.115157032316795548e-02 2.230314064633591095e-02 1.957214383249886169e-02 1.137915339098771066e-04
