# itime ezz other fcc hcp bcc ico
0.000000000000000000e+00 0.000000000000000000e+00 1.024123805188893906e-03 9.989758761948110966e-01 0.000000000000000000e+00 0.000000000000000000e+00 0.000000000000000000e+00
2.500000000000000000e+02 9.999641950064752649e-04 1.365498406918525280e-03 9.986345015930814251e-01 0.000000000000000000e+00 0.000000000000000000e+00 0.000000000000000000e+00
5.000000000000000000e+02 1.999928390013172574e-03 3.413746017296313199e-04 9.996586253982703285e-01 0.000000000000000000e+00 0.000000000000000000e+00 0.000000000000000000e+00
7.500000000000000000e+02 2.999892585019647839e-03 1.251706873008648227e-03 9.987482931269913156e-01 0.000000000000000000e+00 0.000000000000000000e+00 0.000000000000000000e+00
1.000000000000000000e+03 3.999856780026345149e-03 1.137915339098771066e-04 9.998862084660901095e-01 0.000000000000000000e+00 0.000000000000000000e+00 0.000000000000000000e+00
1.250000000000000000e+03 4.999820975032820414e-03 1.137915339098770958e-03 9.988620846609012061e-01 0.000000000000000000e+00 0.000000000000000000e+00 0.000000000000000000e+00
1.500000000000000000e+03 5.999785170039517723e-03 7.965407373691396923e-04 9.992034592626308775e-01 0.000000000000000000e+00 0.000000000000000000e+00 0.000000000000000000e+00
1.750000000000000000e+03 6.999749365045992988e-03 4.551661356395084266e-04 9.995448338643604380e-01 0.000000000000000000e+00 0.000000000000000000e+00 0.000000000000000000e+00
2.000000000000000000e+03 7.999713560052690298e-03 1.479289940828402332e-03 9.985207100591716456e-01 0.000000000000000000e+00 0.000000000000000000e+00 0.000000000000000000e+00
2.250000000000000000e+03 8.999677755059165563e-03 7.965407373691396923e-04 9.992034592626308775e-01 0.000000000000000000e+00 0.000000000000000000e+00 0.000000000000000000e+00
2.500000000000000000e+03 9.999641950065862872e-03 9.103322712790168532e-04 9.990896677287209870e-01 0.000000000000000000e+00 0.000000000000000000e+00 0.000000000000000000e+00
2.750000000000000000e+03 1.099960614507233814e-02 5.689576695493854790e-04 9.994310423304506585e-01 0.000000000000000000e+00 0.000000000000000000e+00 0.000000000000000000e+00
3.000000000000000000e+03 1.199957034007903545e-02 2.048247610377787811e-03 9.978379608557123026e-01 0.000000000000000000e+00 1.137915339098771066e-04 0.000000000000000000e+00
3.250000000000000000e+03 1.299953453508551071e-02 1.251706873008648227e-03 9.987482931269913156e-01 0.000000000000000000e+00 0.000000000000000000e+00 0.000000000000000000e+00
3.500000000000000000e+03 1.399949873009220802e-02 2.275830678197542133e-04 9.997724169321802190e-01 0.000000000000000000e+00 0.000000000000000000e+00 0.000000000000000000e+00
3.750000000000000000e+03 1.499946292509868329e-02 4.551661356395084266e-04 9.995448338643604380e-01 0.000000000000000000e+00 0.000000000000000000e+00 0.000000000000000000e+00
4.000000000000000000e+03 1.599942712010538060e-02 1.024123805188893906e-03 9.989758761948110966e-01 0.000000000000000000e+00 0.000000000000000000e+00 0.000000000000000000e+00
4.250000000000000000e+03 1.699939131511185586e-02 1.593081474738279385e-03 9.984069185252617551e-01 0.000000000000000000e+00 0.000000000000000000e+00 0.000000000000000000e+00
4.500000000000000000e+03 1.799935551011833113e-02 4.551661356395084266e-04 9.995448338643604380e-01 0.000000000000000000e+00 0.000000000000000000e+00 0.000000000000000000e+00
4.750000000000000000e+03 1.899931970512502843e-02 2.048247610377787811e-03 9.979517523896221931e-01 0.000000000000000000e+00 0.000000000000000000e+00 0.000000000000000000e+00
5.000000000000000000e+03 1.999928390013150370e-02 3.413746017296313308e-03 9.965862539827037292e-01 0.000000000000000000e+00 0.000000000000000000e+00 0.000000000000000000e+00
5.250000000000000000e+03 2.099924809513820101e-02 3.072371415566681717e-03 9.969276285844332897e-01 0.000000000000000000e+00 0.000000000000000000e+00 0.000000000000000000e+00
5.500000000000000000e+03 2.199921229014467627e-02 1.934456076467910759e-03 9.979517523896221931e-01 0.000000000000000000e+00 1.137915339098771066e-04 0.000000000000000000e+00
5.750000000000000000e+03 2.299917648515137358e-02 1.820664542558033706e-03 9.981793354574419741e-01 0.000000000000000000e+00 0.000000000000000000e+00 0.000000000000000000e+00
6.000000000000000000e+03 2.399914068015784885e-02 2.844788347746927612e-03 9.971552116522530707e-01 0.000000000000000000e+00 0.000000000000000000e+00 0.000000000000000000e+00
6.250000000000000000e+03 2.499910487516454616e-02 1.934456076467910759e-03 9.980655439235320836e-01 0.000000000000000000e+00 0.000000000000000000e+00 0.000000000000000000e+00
6.500000000000000000e+03 2.599906907017102142e-02 1.479289940828402332e-03 9.985207100591716456e-01 0.000000000000000000e+00 0.000000000000000000e+00 0.000000000000000000e+00
6.750000000000000000e+03 2.699903326517771873e-02 9.103322712790168532e-04 9.990896677287209870e-01 0.000000000000000000e+00 0.000000000000000000e+00 0.000000000000000000e+00
7.000000000000000000e+03 2.799899746018419400e-02 2.617205279927173507e-03 9.972690031861629611e-01 0.000000000000000000e+00 1.137915339098771066e-04 0.000000000000000000e+00
7.250000000000000000e+03 2.899896165519089131e-02 3.755120619025944465e-03 9.962448793809740577e-01 0.000000000000000000e+00 0.000000000000000000e+00 0.000000000000000000e+00
7.500000000000000000e+03 2.999892585019736657e-02 2.617205279927173507e-03 9.973827947200728516e-01 0.000000000000000000e+00 0.000000000000000000e+00 0.000000000000000000e+00
7.750000000000000000e+03 3.099889004520406388e-02 4.551661356395083832e-03 9.953345471096950448e-01 0.000000000000000000e+00 1.137915339098771066e-04 0.000000000000000000e+00
8.000000000000000000e+03 3.199885424021053915e-02 2.844788347746927612e-03 9.971552116522530707e-01 0.000000000000000000e+00 0.000000000000000000e+00 0.000000000000000000e+00
8.250000000000000000e+03 3.299881843521723646e-02 5.234410559854347014e-03 9.947655894401457033e-01 0.000000000000000000e+00 0.000000000000000000e+00 0.000000000000000000e+00
8.500000000000000000e+03 3.399878263022371172e-02 6.372325898953117539e-03 9.934000910332271284e-01 0.000000000000000000e+00 2.275830678197542133e-04 0.000000000000000000e+00
8.750000000000000000e+03 3.499874682523018699e-02 6.144742831133363434e-03 9.936276741010469093e-01 0.000000000000000000e+00 2.275830678197542133e-04 0.000000000000000000e+00
9.000000000000000000e+03 3.599871102023688429e-02 5.006827492034592909e-03 9.949931725079653733e-01 0.000000000000000000e+00 0.000000000000000000e+00 0.000000000000000000e+00
9.250000000000000000e+03 3.699867521524335956e-02 7.737824305871643035e-03 9.922621756941283344e-01 0.000000000000000000e+00 0.000000000000000000e+00 0.000000000000000000e+00
9.500000000000000000e+03 3.799863941025005687e-02 5.006827492034592909e-03 9.946517979062358128e-01 0.000000000000000000e+00 3.413746017296313199e-04 0.000000000000000000e+00
9.750000000000000000e+03 3.899860360525653213e-02 1.012744651797906244e-02 9.898725534820209671e-01 0.000000000000000000e+00 0.000000000000000000e+00 0.000000000000000000e+00
1.000000000000000000e+04 3.999856780026322944e-02 7.168866636322257339e-03 9.924897587619481154e-01 0.000000000000000000e+00 3.413746017296313199e-04 0.000000000000000000e+00
1.025000000000000000e+04 4.099853199526970471e-02 8.648156577150659455e-03 9.911242603550295405e-01 0.000000000000000000e+00 2.275830678197542133e-04 0.000000000000000000e+00
1.050000000000000000e+04 4.199849619027640202e-02 5.689576695493855224e-03 9.939690487027764698e-01 0.000000000000000000e+00 3.413746017296313199e-04 0.000000000000000000e+00
1.075000000000000000e+04 4.299846038528287728e-02 9.217114246700046018e-03 9.902139280837505275e-01 0.000000000000000000e+00 5.689576695493854790e-04 0.000000000000000000e+00
1.100000000000000000e+04 4.399842458028957459e-02 8.875739644970414427e-03 9.908966772872098705e-01 0.000000000000000000e+00 2.275830678197542133e-04 0.000000000000000000e+00
1.125000000000000000e+04 4.499838877529604986e-02 1.012744651797906244e-02 9.895311788802912956e-01 0.000000000000000000e+00 3.413746017296313199e-04 0.000000000000000000e+00
1.150000000000000000e+04 4.599835297030274717e-02 1.547564861174328607e-02 9.838416021847974369e-01 0.000000000000000000e+00 6.827492034592626399e-04 0.000000000000000000e+00
1.175000000000000000e+04 4.699831716530922243e-02 1.240327719617660522e-02 9.866863905325443662e-01 0.000000000000000000e+00 9.103322712790168532e-04 0.000000000000000000e+00
1.200000000000000000e+04 4.799828136031591974e-02 1.069640418752844727e-02 9.889622212107419541e-01 0.000000000000000000e+00 3.413746017296313199e-04 0.000000000000000000e+00
1.225000000000000000e+04 4.899824555532239501e-02 1.331360946745562164e-02 9.863450159308146947e-01 0.000000000000000000e+00 3.413746017296313199e-04 0.000000000000000000e+00
1.250000000000000000e+04 4.999820975032909232e-02 1.342740100136549826e-02 9.860036413290851343e-01 0.000000000000000000e+00 5.689576695493854790e-04 0.000000000000000000e+00
1.275000000000000000e+04 5.099817394533556758e-02 1.479289940828402289e-02 9.846381429221665593e-01 0.000000000000000000e+00 5.689576695493854790e-04 0.000000000000000000e+00
1.300000000000000000e+04 5.199813814034204285e-02 1.274465179790623508e-02 9.866863905325443662e-01 0.000000000000000000e+00 5.689576695493854790e-04 0.000000000000000000e+00
1.325000000000000000e+04 5.299810233534874016e-02 1.433773327264451468e-02 9.850933090578061213e-01 0.000000000000000000e+00 5.689576695493854790e-04 0.000000000000000000e+00
1.350000000000000000e+04 5.399806653035521542e-02 1.433773327264451468e-02 9.845243513882566688e-01 0.000000000000000000e+00 1.137915339098770958e-03 0.000000000000000000e+00
1.375000000000000000e+04 5.499803072536191273e-02 2.184797451069640448e-02 9.775830678197542367e-01 0.000000000000000000e+00 5.689576695493854790e-04 0.000000000000000000e+00
1.400000000000000000e+04 5.599799492036838799e-02 1.843422849340009204e-02 9.812243969048702885e-01 0.000000000000000000e+00 3.413746017296313199e-04 0.000000000000000000e+00
1.425000000000000000e+04 5.699795911537508530e-02 1.684114701866181243e-02 9.817933545744196300e-01 0.000000000000000000e+00 1.365498406918525280e-03 0.000000000000000000e+00
1.450000000000000000e+04 5.799792331038156057e-02 2.002730996813837164e-02 9.788347746927628101e-01 0.000000000000000000e+00 1.137915339098770958e-03 0.000000000000000000e+00
1.475000000000000000e+04 5.899788750538825788e-02 2.162039144287665124e-02 9.773554847519344557e-01 0.000000000000000000e+00 1.024123805188893906e-03 0.000000000000000000e+00
1.500000000000000000e+04 5.999785170039473314e-02 2.207555757851615771e-02 9.772416932180245652e-01 0.000000000000000000e+00 6.827492034592626399e-04 0.000000000000000000e+00
1.525000000000000000e+04 6.099781589540143045e-02 2.218934911242603433e-02 9.764451524806554428e-01 0.000000000000000000e+00 1.365498406918525280e-03 0.000000000000000000e+00
1.550000000000000000e+04 6.199778009040790572e-02 3.152025489303595523e-02 9.672280382339554228e-01 0.000000000000000000e+00 1.251706873008648227e-03 0.000000000000000000e+00
1.575000000000000000e+04 6.299774428541460303e-02 3.015475648611743234e-02 9.685935366408738867e-01 0.000000000000000000e+00 1.251706873008648227e-03 0.000000000000000000e+00
1.600000000000000000e+04 6.399770848042107829e-02 3.072371415566681890e-02 9.673418297678653133e-01 0.000000000000000000e+00 1.934456076467910759e-03 0.000000000000000000e+00
1.625000000000000000e+04 6.499767267542777560e-02 4.142011834319526964e-02 9.553937187073281434e-01 0.000000000000000000e+00 3.186162949476558769e-03 0.000000000000000000e+00
1.650000000000000000e+04 6.599763687043425087e-02 3.994082840236686666e-02 9.585798816568047442e-01 0.000000000000000000e+00 1.479289940828402332e-03 0.000000000000000000e+00
1.675000000000000000e+04 6.699760106544094818e-02 4.767865270823850449e-02 9.478834774692762588e-01 0.000000000000000000e+00 4.437869822485207214e-03 0.000000000000000000e+00
1.700000000000000000e+04 6.799756526044742344e-02 3.755120619025944378e-02 9.593764223941738667e-01 0.000000000000000000e+00 3.072371415566681717e-03 0.000000000000000000e+00
1.725000000000000000e+04 6.899752945545389871e-02 4.927173418297678409e-02 9.473145197997269173e-01 0.000000000000000000e+00 3.413746017296313308e-03 0.000000000000000000e+00
1.750000000000000000e+04 6.999749365046059602e-02 5.325443786982248656e-02 9.420801092398725096e-01 0.000000000000000000e+00 4.665452890304961318e-03 0.000000000000000000e+00
1.775000000000000000e+04 7.099745784546707128e-02 6.326809285389166371e-02 9.313837050523441352e-01 0.000000000000000000e+00 5.348202093764223633e-03 0.000000000000000000e+00
1.800000000000000000e+04 7.199742204047376859e-02 5.097860719162494031e-02 9.443559399180700975e-01 0.000000000000000000e+00 4.665452890304961318e-03 0.000000000000000000e+00
1.825000000000000000e+04 7.299738623548024385e-02 5.564406008192990249e-02 9.400318616294948137e-01 0.000000000000000000e+00 4.324078288575329727e-03 0.000000000000000000e+00
1.850000000000000000e+04 7.399735043048694116e-02 7.009558488848430247e-02 9.234182976786526886e-01 0.000000000000000000e+00 6.486117432862995025e-03 0.000000000000000000e+00
1.875000000000000000e+04 7.499731462549341643e-02 6.508875739644970349e-02 9.269458352298588499e-01 0.000000000000000000e+00 7.965407373691398007e-03 0.000000000000000000e+00
1.900000000000000000e+04 7.599727882050011374e-02 8.090578060992262288e-02 9.118115612198451903e-01 0.000000000000000000e+00 7.282658170232134826e-03 0.000000000000000000e+00
1.925000000000000000e+04 7.699724301550658900e-02 7.259899863450158808e-02 9.208010923987255403e-01 0.000000000000000000e+00 6.599908966772872511e-03 0.000000000000000000e+00
1.950000000000000000e+04 7.799720721051328631e-02 8.989531178880291740e-02 8.996358670914883504e-01 0.000000000000000000e+00 1.046882111970869403e-02 0.000000000000000000e+00
1.975000000000000000e+04 7.899717140551976158e-02 1.109467455621301751e-01 8.730086481565771939e-01 0.000000000000000000e+00 1.604460628129267263e-02 0.000000000000000000e+00
2.000000000000000000e+04 7.999713560052645889e-02 9.797451069640418508e-02 8.908739189804278924e-01 0.000000000000000000e+00 1.115157032316795548e-02 0.000000000000000000e+00
2.025000000000000000e+04 8.099709979553293415e-02 1.134501593081474746e-01 8.709604005461993870e-01 1.137915339098771066e-04 1.547564861174328607e-02 0.000000000000000000e+00
2.050000000000000000e+04 8.199706399053963146e-02 1.315430131998179264e-01 8.471779699590350488e-01 0.000000000000000000e+00 2.127901684114701791e-02 0.000000000000000000e+00
2.075000000000000000e+04 8.299702818554610673e-02 1.495220755575785154e-01 8.167956304050978389e-01 1.137915339098771066e-04 3.356850250341374825e-02 0.000000000000000000e+00
2.100000000000000000e+04 8.399699238055280404e-02 1.824078288575330109e-01 7.710514337733272994e-01 1.137915339098770958e-03 4.540282203004096517e-02 0.000000000000000000e+00
2.125000000000000000e+04 8.499695657555927930e-02 1.642011834319526686e-01 8.010923987255348377e-01 9.103322712790168532e-04 3.379608557123350149e-02 0.000000000000000000e+00
2.150000000000000000e+04 8.599692077056575457e-02 1.786527082385070686e-01 7.695721438324988339e-01 2.617205279927173507e-03 4.915794264906690747e-02 0.000000000000000000e+00
2.175000000000000000e+04 8.699688496557245188e-02 1.912835685025034149e-01 7.317933545744196300e-01 1.126536185707783383e-02 6.565771506599908658e-02 0.000000000000000000e+00
2.200000000000000000e+04 8.799684916057892714e-02 2.059626763768775681e-01 6.916249431042330587e-01 1.172052799271734204e-02 9.069185252617205373e-02 0.000000000000000000e+00
2.225000000000000000e+04 8.899681335558562445e-02 2.471552116522530707e-01 5.960400546199362548e-01 3.060992262175694228e-02 1.261948111060537114e-01 0.000000000000000000e+00
2.250000000000000000e+04 8.999677755059209971e-02 2.316795630405097950e-01 5.912608101957214091e-01 7.612653618570777714e-02 1.009330905780609910e-01 0.000000000000000000e+00
2.275000000000000000e+04 9.099674174559879702e-02 2.291761492944924816e-01 5.707783340919435622e-01 1.129949931725079681e-01 8.705052344105598805e-02 0.000000000000000000e+00
2.300000000000000000e+04 9.199670594060527229e-02 2.088074647246244975e-01 5.903504779244423961e-01 1.417842512517068776e-01 5.905780609922621494e-02 0.000000000000000000e+00
2.325000000000000000e+04 9.299667013561196960e-02 1.776285844333181652e-01 6.012744651797906625e-01 1.607874374146563423e-01 6.030951297223486468e-02 0.000000000000000000e+00
2.350000000000000000e+04 9.399663433061844486e-02 1.874146563495675821e-01 5.712335002275830131e-01 1.772872098315885214e-01 6.406463359126081392e-02 0.000000000000000000e+00
2.375000000000000000e+04 9.499659852562514217e-02 1.975421028675466428e-01 5.562130177514792440e-01 1.779699590350477811e-01 6.827492034592626269e-02 0.000000000000000000e+00
2.400000000000000000e+04 9.599656272063161744e-02 1.898042785616750050e-01 5.621301775147928836e-01 1.855939918070095562e-01 6.247155211652252738e-02 0.000000000000000000e+00
2.425000000000000000e+04 9.699652691563831475e-02 1.951524806554392477e-01 5.375512061902594230e-01 1.915111515703231682e-01 7.578516158397814728e-02 0.000000000000000000e+00
2.450000000000000000e+04 9.799649111064479001e-02 1.960628129267182607e-01 5.360719162494310686e-01 2.091488393263541135e-01 5.871643149749658508e-02 0.000000000000000000e+00
2.475000000000000000e+04 9.899645530565148732e-02 1.940145653163404538e-01 5.120619025944469493e-01 2.276968593536640995e-01 6.622667273554846967e-02 0.000000000000000000e+00
2.500000000000000000e+04 9.999641950065796259e-02 1.977696859353663961e-01 5.027309968138370389e-01 2.315657715065999045e-01 6.793354574419663283e-02 0.000000000000000000e+00
2.525000000000000000e+04 1.009963836956646599e-01 2.045971779699590487e-01 4.748520710059171424e-01 2.523896222121074229e-01 6.816112881201638607e-02 0.000000000000000000e+00
2.550000000000000000e+04 1.019963478906711352e-01 1.728493400091033194e-01 5.048930359581247362e-01 2.888029130632681074e-01 3.345471096950387163e-02 0.000000000000000000e+00
2.575000000000000000e+04 1.029963120856776104e-01 1.519116977696859383e-01 5.276513427401001710e-01 2.925580336822940497e-01 2.787892580791988956e-02 0.000000000000000000e+00
2.600000000000000000e+04 1.039962762806843077e-01 1.530496131087847045e-01 5.619025944469731026e-01 2.534137460172963263e-01 3.163404642694583185e-02 0.000000000000000000e+00
2.625000000000000000e+04 1.049962404756907830e-01 1.260810195721438209e-01 6.120846609012289274e-01 2.445380063723258945e-01 1.729631315430131891e-02 0.000000000000000000e+00
2.650000000000000000e+04 1.059962046706974803e-01 9.877105143377332142e-02 6.289258079198907225e-01 2.555757851615839682e-01 1.672735548475193582e-02 0.000000000000000000e+00
2.675000000000000000e+04 1.069961688657039556e-01 9.786071916249430847e-02 6.239189804278562068e-01 2.622894856622667303e-01 1.593081474738279601e-02 0.000000000000000000e+00
2.700000000000000000e+04 1.079961330607106529e-01 9.205735093309057315e-02 6.299499317250796260e-01 2.602412380518889234e-01 1.775147928994082885e-02 0.000000000000000000e+00
2.725000000000000000e+04 1.089960972557171281e-01 9.410559854346836617e-02 6.289258079198907225e-01 2.589895311788802945e-01 1.797906235776058209e-02 0.000000000000000000e+00
2.750000000000000000e+04 1.099960614507238255e-01 9.023668639053254725e-02 6.301775147928994070e-01 2.619481110605371144e-01 1.763768775603095224e-02 0.000000000000000000e+00
2.775000000000000000e+04 1.109960256457303007e-01 9.512972234865725574e-02 6.304050978607191880e-01 2.601274465179790885e-01 1.433773327264451468e-02 0.000000000000000000e+00
2.800000000000000000e+04 1.119959898407369980e-01 9.786071916249430847e-02 6.257396449704142327e-01 2.602412380518889234e-01 1.615839781520254925e-02 0.000000000000000000e+00
2.825000000000000000e+04 1.129959540357434733e-01 9.581247155211652933e-02 6.274465179790623681e-01 2.603550295857988139e-01 1.638598088302230249e-02 0.000000000000000000e+00
2.850000000000000000e+04 1.139959182307501706e-01 8.477469276285844180e-02 6.447428311333637252e-01 2.568274920345926526e-01 1.365498406918525323e-02 0.000000000000000000e+00
2.875000000000000000e+04 1.149958824257566459e-01 8.375056895766955223e-02 6.511151570323168158e-01 2.523896222121074229e-01 1.274465179790623508e-02 0.000000000000000000e+00
2.900000000000000000e+04 1.159958466207633432e-01 7.601274465179790052e-02 6.581702321347291385e-01 2.532999544833864358e-01 1.251706873008648184e-02 0.000000000000000000e+00
2.925000000000000000e+04 1.169958108157698184e-01 7.521620391442876419e-02 6.620391442876649712e-01 2.500000000000000000e-01 1.274465179790623508e-02 0.000000000000000000e+00
2.950000000000000000e+04 1.179957750107765158e-01 6.736458807464724974e-02 6.668183887118798170e-01 2.548930359581247362e-01 1.092398725534820224e-02 0.000000000000000000e+00
2.975000000000000000e+04 1.189957392057829910e-01 7.009558488848430247e-02 6.639736003641328876e-01 2.586481565771506785e-01 7.282658170232134826e-03 0.000000000000000000e+00
3.000000000000000000e+04 1.199957034007894663e-01 5.894401456531633832e-02 6.697769685935366368e-01 2.669549385525716856e-01 4.324078288575329727e-03 0.000000000000000000e+00
3.025000000000000000e+04 1.209956675957961636e-01 5.678197542102867562e-02 6.710286754665453213e-01 2.685480200273099860e-01 3.641329085116067413e-03 0.000000000000000000e+00
3.050000000000000000e+04 1.219956317908026389e-01 5.837505689576695522e-02 6.695493855257168558e-01 2.686618115612198210e-01 3.413746017296313308e-03 0.000000000000000000e+00
3.075000000000000000e+04 1.229955959858093362e-01 5.530268548020027264e-02 6.723941738734637852e-01 2.695721438324988894e-01 2.730996813837050560e-03 0.000000000000000000e+00
3.100000000000000000e+04 1.239955601808158114e-01 5.678197542102867562e-02 6.696631770596267463e-01 2.695721438324988894e-01 3.982703686845699004e-03 0.000000000000000000e+00
3.125000000000000000e+04 1.249955243758225087e-01 5.257168866636321991e-02 6.706873008648156498e-01 2.730996813837050508e-01 3.641329085116067413e-03 0.000000000000000000e+00
3.150000000000000000e+04 1.259954885708289840e-01 4.961310878470642088e-02 6.721665908056441152e-01 2.733272644515248317e-01 4.893035958124715423e-03 0.000000000000000000e+00
3.175000000000000000e+04 1.269954527658356813e-01 5.496131087847064278e-02 6.680700955848885014e-01 2.724169321802457633e-01 4.551661356395083832e-03 0.000000000000000000e+00
3.200000000000000000e+04 1.279954169608421566e-01 5.302685480200273332e-02 6.696631770596267463e-01 2.735548475193445572e-01 3.755120619025944465e-03 0.000000000000000000e+00
3.225000000000000000e+04 1.289953811558488539e-01 5.553026854802002588e-02 6.680700955848885014e-01 2.736686390532544477e-01 2.730996813837050560e-03 0.000000000000000000e+00
3.250000000000000000e+04 1.299953453508553292e-01 5.245789713245334329e-02 6.696631770596267463e-01 2.740100136549840637e-01 3.868912152935821518e-03 0.000000000000000000e+00
3.275000000000000000e+04 1.309953095458620265e-01 5.985434683659535821e-02 6.656804733727810230e-01 2.713928083750569153e-01 3.072371415566681717e-03 0.000000000000000000e+00
3.300000000000000000e+04 1.319952737408685017e-01 5.359581247155211642e-02 6.669321802457897075e-01 2.740100136549840637e-01 5.461993627674101119e-03 0.000000000000000000e+00
3.325000000000000000e+04 1.329952379358751990e-01 5.632680928538916915e-02 6.668183887118798170e-01 2.724169321802457633e-01 4.437869822485207214e-03 0.000000000000000000e+00
3.350000000000000000e+04 1.339952021308816743e-01 5.450614474283113631e-02 6.678425125170687204e-01 2.738962221210741732e-01 3.755120619025944465e-03 0.000000000000000000e+00
3.375000000000000000e+04 1.349951663258883716e-01 5.609922621756941591e-02 6.651115157032316816e-01 2.741238051888939542e-01 4.665452890304961318e-03 0.000000000000000000e+00
3.400000000000000000e+04 1.359951305208948469e-01 5.860263996358670846e-02 6.636322257624033272e-01 2.733272644515248317e-01 4.437869822485207214e-03 0.000000000000000000e+00
3.425000000000000000e+04 1.369950947159013221e-01 6.167501137915339104e-02 6.616977696859354108e-01 2.715065999089667503e-01 5.120619025944469528e-03 0.000000000000000000e+00
3.450000000000000000e+04 1.379950589109080195e-01 5.746472462448793533e-02 6.651115157032316816e-01 2.730996813837050508e-01 4.324078288575329727e-03 0.000000000000000000e+00
3.475000000000000000e+04 1.389950231059144947e-01 6.486117432862995025e-02 6.585116067364588099e-01 2.712790168411470249e-01 5.348202093764223633e-03 0.000000000000000000e+00
3.500000000000000000e+04 1.399949873009211920e-01 6.440600819299044377e-02 6.580564406008192480e-01 2.729858898497951603e-01 4.551661356395083832e-03 0.000000000000000000e+00
3.525000000000000000e+04 1.409949514959276673e-01 5.985434683659535821e-02 6.616977696859354108e-01 2.727583067819754348e-01 5.689576695493855224e-03 0.000000000000000000e+00
3.550000000000000000e+04 1.419949156909343646e-01 5.541647701411014926e-02 6.663632225762403660e-01 2.737824305871643382e-01 4.437869822485207214e-03 0.000000000000000000e+00
3.575000000000000000e+04 1.429948798859408399e-01 6.565771506599908658e-02 6.564633591260810030e-01 2.734410559854346667e-01 4.437869822485207214e-03 0.000000000000000000e+00
3.600000000000000000e+04 1.439948440809475372e-01 6.167501137915339104e-02 6.587391898042785909e-01 2.738962221210741732e-01 5.689576695493855224e-03 0.000000000000000000e+00
3.625000000000000000e+04 1.449948082759540124e-01 6.702321347291761988e-02 6.550978607191625391e-01 2.726445152480655443e-01 5.234410559854347014e-03 0.000000000000000000e+00
3.650000000000000000e+04 1.459947724709607098e-01 8.101957214383249950e-02 6.449704142011833952e-01 2.696859353664087244e-01 4.324078288575329727e-03 0.000000000000000000e+00
3.675000000000000000e+04 1.469947366659671850e-01 7.407828857532999800e-02 6.473600364132908735e-01 2.729858898497951603e-01 5.575785161583977738e-03 0.000000000000000000e+00
3.700000000000000000e+04 1.479947008609738823e-01 7.532999544833864081e-02 6.483841602184797770e-01 2.709376422394174089e-01 5.348202093764223633e-03 0.000000000000000000e+00
3.725000000000000000e+04 1.489946650559803576e-01 8.181611288120163583e-02 6.420118343195265753e-01 2.695721438324988894e-01 6.599908966772872511e-03 0.000000000000000000e+00
3.750000000000000000e+04 1.499946292509870549e-01 7.737824305871643382e-02 6.499772416932180219e-01 2.674101046882111921e-01 5.234410559854347014e-03 0.000000000000000000e+00
3.775000000000000000e+04 1.509945934459935302e-01 7.259899863450158808e-02 6.475876194811106545e-01 2.723031406463359283e-01 7.510241238051888930e-03 0.000000000000000000e+00
3.800000000000000000e+04 1.519945576410002275e-01 8.329540282203004575e-02 6.438324988620847122e-01 2.658170232134728916e-01 7.055075102412380721e-03 0.000000000000000000e+00
3.825000000000000000e+04 1.529945218360067027e-01 7.942649066909421296e-02 6.393946290395994270e-01 2.720755575785161473e-01 9.103322712790167665e-03 0.000000000000000000e+00
3.850000000000000000e+04 1.539944860310131780e-01 8.067819754210286964e-02 6.441738734638142727e-01 2.686618115612198210e-01 6.486117432862995025e-03 0.000000000000000000e+00
3.875000000000000000e+04 1.549944502260198753e-01 8.705052344105598805e-02 6.341602184797451303e-01 2.704824761037779024e-01 8.306781975421027864e-03 0.000000000000000000e+00
3.900000000000000000e+04 1.559944144210263506e-01 1.036640873918980438e-01 6.261948111060536837e-01 2.609239872553482109e-01 9.217114246700046018e-03 0.000000000000000000e+00
3.925000000000000000e+04 1.569943786160330479e-01 1.016158397815202508e-01 6.246017296313154388e-01 2.618343195266272239e-01 1.194811106053709528e-02 0.000000000000000000e+00
3.950000000000000000e+04 1.579943428110395232e-01 1.058261265361857134e-01 6.251706873008647802e-01 2.596722803823395265e-01 9.330905780609922637e-03 0.000000000000000000e+00
3.975000000000000000e+04 1.589943070060462205e-01 1.051433773327264398e-01 6.186845698680017991e-01 2.626308602639963463e-01 1.354119253527537488e-02 0.000000000000000000e+00
4.000000000000000000e+04 1.599942712010526957e-01 1.149294492489758707e-01 6.102639963586709015e-01 2.617205279927173334e-01 1.308602639963586667e-02 0.000000000000000000e+00
4.025000000000000000e+04 1.609942353960593930e-01 1.160673645880746507e-01 6.112881201638598050e-01 2.598998634501593075e-01 1.274465179790623508e-02 0.000000000000000000e+00
4.050000000000000000e+04 1.619941995910658683e-01 1.269913518434228616e-01 5.928538916704597650e-01 2.600136549840691980e-01 2.014110150204824826e-02 0.000000000000000000e+00
4.075000000000000000e+04 1.629941637860725656e-01 1.355257168866636219e-01 5.956986800182066943e-01 2.510241238051889034e-01 1.775147928994082885e-02 0.000000000000000000e+00
4.100000000000000000e+04 1.639941279810790409e-01 1.463359126081019701e-01 5.813609467455621571e-01 2.487482931269913433e-01 2.355484751934456070e-02 0.000000000000000000e+00
4.125000000000000000e+04 1.649940921760857382e-01 1.434911242603550408e-01 5.763541192535275304e-01 2.493172507965407403e-01 3.083750568957669552e-02 0.000000000000000000e+00
4.150000000000000000e+04 1.659940563710922135e-01 1.720527992717341692e-01 5.430131998179335007e-01 2.471552116522530707e-01 3.777878925807919702e-02 0.000000000000000000e+00
4.175000000000000000e+04 1.669940205660989108e-01 1.652253072371415443e-01 5.471096950386891145e-01 2.580791989076012816e-01 2.958579881656804578e-02 0.000000000000000000e+00
4.200000000000000000e+04 1.679939847611053860e-01 1.751251706873008518e-01 5.479062357760582369e-01 2.468138370505234547e-01 3.015475648611743234e-02 0.000000000000000000e+00
4.225000000000000000e+04 1.689939489561120833e-01 1.962903959945380139e-01 5.241238051888938987e-01 2.401001365498406925e-01 3.948566226672735324e-02 0.000000000000000000e+00
4.250000000000000000e+04 1.699939131511185586e-01 1.894629039599453890e-01 5.443786982248520756e-01 2.264451524806554428e-01 3.971324533454710648e-02 0.000000000000000000e+00
4.275000000000000000e+04 1.709938773461250339e-01 1.918525261720528119e-01 5.505234410559853853e-01 2.203004096495220776e-01 3.732362312243969055e-02 0.000000000000000000e+00
4.300000000000000000e+04 1.719938415411317312e-01 1.778561675011379184e-01 5.574647246244879284e-01 2.362312243969048597e-01 2.844788347746927612e-02 0.000000000000000000e+00
4.325000000000000000e+04 1.729938057361382064e-01 1.405325443786982209e-01 5.951297223486572419e-01 2.401001365498406925e-01 2.423759672280382388e-02 0.000000000000000000e+00
4.350000000000000000e+04 1.739937699311449038e-01 1.317705962676376796e-01 5.955848884842968038e-01 2.535275375512062168e-01 1.911697769685935522e-02 0.000000000000000000e+00
4.375000000000000000e+04 1.749937341261513790e-01 1.318843878015475701e-01 5.986572598998634032e-01 2.523896222121074229e-01 1.706873008648156567e-02 0.000000000000000000e+00
4.400000000000000000e+04 1.759936983211580763e-01 1.269913518434228616e-01 5.954710969503869133e-01 2.603550295857988139e-01 1.718252162039144229e-02 0.000000000000000000e+00
4.425000000000000000e+04 1.769936625161645516e-01 1.283568502503413811e-01 5.949021392808374609e-01 2.573964497041419941e-01 1.934456076467910846e-02 0.000000000000000000e+00
4.450000000000000000e+04 1.779936267111712489e-01 1.132225762403277214e-01 6.015020482476103325e-01 2.671825216203914666e-01 1.809285389167045871e-02 0.000000000000000000e+00
4.475000000000000000e+04 1.789935909061777242e-01 1.186845698680018268e-01 5.983158852981338427e-01 2.636549840691852498e-01 1.934456076467910846e-02 0.000000000000000000e+00
4.500000000000000000e+04 1.799935551011844215e-01 1.151570323167956239e-01 6.029813381884387979e-01 2.596722803823395265e-01 2.218934911242603433e-02 0.000000000000000000e+00
4.525000000000000000e+04 1.809935192961908967e-01 1.157259899863450209e-01 6.055985434683659463e-01 2.605826126536185949e-01 1.809285389167045871e-02 0.000000000000000000e+00
4.550000000000000000e+04 1.819934834911975940e-01 1.207328174783796060e-01 6.001365498406918686e-01 2.608101957214383204e-01 1.832043695949021542e-02 0.000000000000000000e+00
4.575000000000000000e+04 1.829934476862040693e-01 1.172052799271734169e-01 6.034365043240782489e-01 2.645653163404642627e-01 1.479289940828402289e-02 0.000000000000000000e+00
4.600000000000000000e+04 1.839934118812107666e-01 1.198224852071005930e-01 5.967228038233954868e-01 2.661583978152025631e-01 1.729631315430131891e-02 0.000000000000000000e+00
4.625000000000000000e+04 1.849933760762172419e-01 1.133363677742375980e-01 6.063950842057350687e-01 2.634274010013655243e-01 1.684114701866181243e-02 0.000000000000000000e+00
4.650000000000000000e+04 1.859933402712239392e-01 1.159535730541647741e-01 6.038916704597178109e-01 2.646791078743741532e-01 1.547564861174328607e-02 0.000000000000000000e+00
4.675000000000000000e+04 1.869933044662304145e-01 1.134501593081474746e-01 5.930814747382794350e-01 2.784478834774692935e-01 1.502048247610377786e-02 0.000000000000000000e+00
4.700000000000000000e+04 1.879932686612368897e-01 1.216431497496586189e-01 5.851160673645880994e-01 2.835685025034137552e-01 9.672280382339554228e-03 0.000000000000000000e+00
4.725000000000000000e+04 1.889932328562435870e-01 1.169776968593536637e-01 5.781747837960855563e-01 2.885753299954483264e-01 1.627218934911242587e-02 0.000000000000000000e+00
4.750000000000000000e+04 1.899931970512500623e-01 1.178880291306326766e-01 5.793126991351843502e-01 2.853891670459717811e-01 1.741010468821119553e-02 0.000000000000000000e+00
4.775000000000000000e+04 1.909931612462567596e-01 1.180018206645425533e-01 5.815885298133819381e-01 2.858443331816112876e-01 1.456531634046426965e-02 0.000000000000000000e+00
4.800000000000000000e+04 1.919931254412632349e-01 1.264223941738734647e-01 5.733955393718707105e-01 2.831133363677742487e-01 1.706873008648156567e-02 0.000000000000000000e+00
4.825000000000000000e+04 1.929930896362699322e-01 1.214155666818388657e-01 5.751024123805188459e-01 2.883477469276286009e-01 1.513427401001365448e-02 0.000000000000000000e+00
4.850000000000000000e+04 1.939930538312764075e-01 1.224396904870277691e-01 5.730541647701411501e-01 2.899408284023668458e-01 1.456531634046426965e-02 0.000000000000000000e+00
4.875000000000000000e+04 1.949930180262831048e-01 1.263086026399635742e-01 5.700955848884843302e-01 2.897132453345471204e-01 1.388256713700500647e-02 0.000000000000000000e+00
4.900000000000000000e+04 1.959929822212895800e-01 1.314292216659080637e-01 5.637232589895311285e-01 2.910787437414656398e-01 1.376877560309512985e-02 0.000000000000000000e+00
4.925000000000000000e+04 1.969929464162962773e-01 1.264223941738734647e-01 5.653163404642694845e-01 2.894856622667273394e-01 1.877560309512972189e-02 0.000000000000000000e+00
4.950000000000000000e+04 1.979929106113027526e-01 1.299499317250796537e-01 5.661128812016386069e-01 2.902822030040965173e-01 1.365498406918525323e-02 0.000000000000000000e+00
4.975000000000000000e+04 1.989928748063094499e-01 1.227810650887573990e-01 5.657715065999089354e-01 2.956304050978607045e-01 1.581702321347291593e-02 0.000000000000000000e+00
5.000000000000000000e+04 1.999928390013159252e-01 1.304050978607191602e-01 5.603095129722348577e-01 2.941511151570322946e-01 1.513427401001365448e-02 0.000000000000000000e+00
5.025000000000000000e+04 2.009928031963226225e-01 1.317705962676376796e-01 5.678197542102867423e-01 2.849340009103322746e-01 1.547564861174328607e-02 0.000000000000000000e+00
5.050000000000000000e+04 2.019927673913290977e-01 1.175466545289030468e-01 5.851160673645880994e-01 2.820892125625853453e-01 1.524806554392353283e-02 0.000000000000000000e+00
5.075000000000000000e+04 2.029927315863357951e-01 1.117432862994993115e-01 5.937642239417387779e-01 2.831133363677742487e-01 1.137915339098771045e-02 0.000000000000000000e+00
5.100000000000000000e+04 2.039926957813422703e-01 1.160673645880746507e-01 5.879608557123350288e-01 2.841374601729631522e-01 1.183431952662721866e-02 0.000000000000000000e+00
5.125000000000000000e+04 2.049926599763487456e-01 1.076467910787437393e-01 5.914883932635411901e-01 2.916477014110150368e-01 9.217114246700046018e-03 0.000000000000000000e+00
5.150000000000000000e+04 2.059926241713554429e-01 9.660901228948566566e-02 5.935366408739189970e-01 3.010923987255348377e-01 8.761948111060537808e-03 0.000000000000000000e+00
5.175000000000000000e+04 2.069925883663619182e-01 9.695038689121529552e-02 5.917159763313609711e-01 3.013199817933545632e-01 1.001365498406918582e-02 0.000000000000000000e+00
5.200000000000000000e+04 2.079925525613686155e-01 1.018434228493400040e-01 5.919435593991807520e-01 2.974510696404187304e-01 8.761948111060537808e-03 0.000000000000000000e+00
5.225000000000000000e+04 2.089925167563750907e-01 9.649522075557578904e-02 5.938780154756485574e-01 3.013199817933545632e-01 8.306781975421027864e-03 0.000000000000000000e+00
5.250000000000000000e+04 2.099924809513817880e-01 9.456076467910787264e-02 5.944469731451980099e-01 3.021165225307237412e-01 8.875739644970414427e-03 0.000000000000000000e+00
5.275000000000000000e+04 2.109924451463882633e-01 9.899863450159307465e-02 5.883022303140645892e-01 3.037096040054619861e-01 8.989531178880291046e-03 0.000000000000000000e+00
5.300000000000000000e+04 2.119924093413949606e-01 1.026399635867091542e-01 5.831816112881201830e-01 3.029130632680928636e-01 1.126536185707783383e-02 0.000000000000000000e+00
5.325000000000000000e+04 2.129923735364014359e-01 9.786071916249430847e-02 5.884160218479744797e-01 3.049613108784706150e-01 8.761948111060537808e-03 0.000000000000000000e+00
5.350000000000000000e+04 2.139923377314081332e-01 1.016158397815202508e-01 5.959262630860263643e-01 2.939235320892125691e-01 8.534365043240782836e-03 0.000000000000000000e+00
5.375000000000000000e+04 2.149923019264146085e-01 8.750568957669549452e-02 6.076467910787437532e-01 2.966545289030496080e-01 8.192990441511151245e-03 0.000000000000000000e+00
5.400000000000000000e+04 2.159922661214213058e-01 8.602639963586708460e-02 6.084433318161128756e-01 2.994993172507965373e-01 6.030951297223486815e-03 0.000000000000000000e+00
5.425000000000000000e+04 2.169922303164277810e-01 8.192990441511151245e-02 6.104915794264906825e-01 3.022303140646335762e-01 5.348202093764223633e-03 0.000000000000000000e+00
5.450000000000000000e+04 2.179921945114344783e-01 9.012289485662267063e-02 6.051433773327264953e-01 2.983614019116977434e-01 6.372325898953117539e-03 0.000000000000000000e+00
5.475000000000000000e+04 2.189921587064409536e-01 8.716431497496586467e-02 6.075329995448338627e-01 2.985889849795175244e-01 6.713700500682749130e-03 0.000000000000000000e+00
5.500000000000000000e+04 2.199921229014476509e-01 9.171597633136094330e-02 6.011606736458807720e-01 3.014337733272644537e-01 5.689576695493855224e-03 0.000000000000000000e+00
5.525000000000000000e+04 2.209920870964541262e-01 8.864360491579426071e-02 6.027537551206190169e-01 3.014337733272644537e-01 7.168866636322257339e-03 0.000000000000000000e+00
5.550000000000000000e+04 2.219920512914606014e-01 8.443331816112881194e-02 6.050295857988166048e-01 3.018889394629039602e-01 8.648156577150659455e-03 0.000000000000000000e+00
5.575000000000000000e+04 2.229920154864672988e-01 9.023668639053254725e-02 6.013882567137005530e-01 3.020027309968138507e-01 6.372325898953117539e-03 0.000000000000000000e+00
5.600000000000000000e+04 2.239919796814737740e-01 9.251251706873007963e-02 6.034365043240782489e-01 2.981338188438780179e-01 5.917159763313609329e-03 0.000000000000000000e+00
5.625000000000000000e+04 2.249919438764804713e-01 9.387801547564861293e-02 5.984296768320437332e-01 3.023441055985434667e-01 5.348202093764223633e-03 0.000000000000000000e+00
5.650000000000000000e+04 2.259919080714869466e-01 9.592626308602640595e-02 5.952435138825671324e-01 3.033682294037323701e-01 5.461993627674101119e-03 0.000000000000000000e+00
5.675000000000000000e+04 2.269918722664936439e-01 9.148839326354119006e-02 5.955848884842968038e-01 3.080336822940373254e-01 4.893035958124715423e-03 0.000000000000000000e+00
