# itime ezz other fcc hcp bcc ico
0.000000000000000000e+00 0.000000000000000000e+00 0.000000000000000000e+00 1.000000000000000000e+00 0.000000000000000000e+00 0.000000000000000000e+00 0.000000000000000000e+00
2.500000000000000000e+02 9.999986921240600068e-03 0.000000000000000000e+00 1.000000000000000000e+00 0.000000000000000000e+00 0.000000000000000000e+00 0.000000000000000000e+00
5.000000000000000000e+02 1.999997384248120014e-02 0.000000000000000000e+00 1.000000000000000000e+00 0.000000000000000000e+00 0.000000000000000000e+00 0.000000000000000000e+00
7.500000000000000000e+02 2.999996076372157816e-02 0.000000000000000000e+00 1.000000000000000000e+00 0.000000000000000000e+00 0.000000000000000000e+00 0.000000000000000000e+00
1.000000000000000000e+03 3.999994768496217823e-02 0.000000000000000000e+00 1.000000000000000000e+00 0.000000000000000000e+00 0.000000000000000000e+00 0.000000000000000000e+00
1.250000000000000000e+03 4.999993460620277830e-02 0.000000000000000000e+00 1.000000000000000000e+00 0.000000000000000000e+00 0.000000000000000000e+00 0.000000000000000000e+00
1.500000000000000000e+03 5.999992152744337837e-02 0.000000000000000000e+00 1.000000000000000000e+00 0.000000000000000000e+00 0.000000000000000000e+00 0.000000000000000000e+00
1.750000000000000000e+03 6.999990844868375639e-02 0.000000000000000000e+00 1.000000000000000000e+00 0.000000000000000000e+00 0.000000000000000000e+00 0.000000000000000000e+00
2.000000000000000000e+03 7.999989536992435646e-02 0.000000000000000000e+00 1.000000000000000000e+00 0.000000000000000000e+00 0.000000000000000000e+00 0.000000000000000000e+00
2.250000000000000000e+03 8.999988229116495653e-02 2.275830678197542133e-04 9.997724169321802190e-01 0.000000000000000000e+00 0.000000000000000000e+00 0.000000000000000000e+00
2.500000000000000000e+03 9.999986921240555660e-02 1.706873008648156654e-03 9.982931269913518646e-01 0.000000000000000000e+00 0.000000000000000000e+00 0.000000000000000000e+00
2.750000000000000000e+03 1.099998561336459346e-01 8.420573509330906217e-03 9.912380518889394310e-01 0.000000000000000000e+00 3.413746017296313199e-04 0.000000000000000000e+00
3.000000000000000000e+03 1.199998430548865347e-01 8.739189804278561791e-02 8.697086936731907025e-01 0.000000000000000000e+00 4.289940828402366568e-02 0.000000000000000000e+00
3.250000000000000000e+03 1.299998299761271348e-01 3.604915794264906825e-01 1.987938097405552995e-01 1.115157032316795548e-02 4.295630405097860538e-01 0.000000000000000000e+00
3.500000000000000000e+03 1.399998168973677348e-01 3.609467455621301890e-01 2.781065088757396220e-01 1.197086936731907164e-01 2.412380518889394587e-01 0.000000000000000000e+00
3.750000000000000000e+03 1.499998038186081128e-01 3.365953573054164538e-01 3.582157487482931502e-01 1.637460172963131622e-01 1.414428766499772339e-01 0.000000000000000000e+00
4.000000000000000000e+03 1.599997907398487129e-01 3.493400091033226906e-01 3.568502503413745752e-01 1.720527992717341692e-01 1.217569412835685094e-01 0.000000000000000000e+00
4.250000000000000000e+03 1.699997776610893130e-01 3.775603095129722586e-01 3.447883477469276259e-01 1.778561675011379184e-01 9.979517523896222486e-02 0.000000000000000000e+00
4.500000000000000000e+03 1.799997645823299131e-01 3.878015475648611821e-01 3.584433318161128756e-01 1.903732362312244020e-01 6.338188438780155420e-02 0.000000000000000000e+00
4.750000000000000000e+03 1.899997515035702911e-01 3.879153390987710726e-01 3.563950842057350687e-01 1.969731451979972736e-01 5.871643149749658508e-02 0.000000000000000000e+00
5.000000000000000000e+03 1.999997384248108911e-01 4.005461993627674189e-01 3.484296768320436777e-01 1.931042330450614408e-01 5.791989076012744875e-02 0.000000000000000000e+00
5.250000000000000000e+03 2.099997253460514912e-01 4.326354119253527641e-01 3.298816568047337472e-01 1.793354574419663283e-01 5.814747382794720199e-02 0.000000000000000000e+00
5.500000000000000000e+03 2.199997122672920913e-01 4.370732817478379384e-01 3.456986800182066388e-01 1.726217569412835662e-01 4.460628129267182190e-02 0.000000000000000000e+00
5.750000000000000000e+03 2.299996991885324693e-01 4.387801547564861293e-01 3.472917614929449392e-01 1.728493400091033194e-01 4.107874374146563284e-02 0.000000000000000000e+00
6.000000000000000000e+03 2.399996861097730694e-01 4.304733727810650668e-01 3.509330905780609910e-01 1.766044606281292617e-01 4.198907601274465273e-02 0.000000000000000000e+00
6.250000000000000000e+03 2.499996730310136694e-01 4.235320892125625791e-01 3.601502048247610110e-01 1.813837050523441075e-01 3.493400091033227461e-02 0.000000000000000000e+00
6.500000000000000000e+03 2.599996599522542695e-01 4.040737369139735802e-01 3.867774237596722786e-01 1.748975876194810986e-01 3.425125170687300796e-02 0.000000000000000000e+00
6.750000000000000000e+03 2.699996468734946475e-01 3.926945835229858628e-01 3.965634956759216956e-01 1.828629949931725174e-01 2.787892580791988956e-02 0.000000000000000000e+00
7.000000000000000000e+03 2.799996337947352476e-01 3.954255803368229572e-01 3.872325898953117851e-01 1.918525261720528119e-01 2.548930359581247015e-02 0.000000000000000000e+00
7.250000000000000000e+03 2.899996207159758477e-01 3.735776058261265353e-01 4.118115612198452458e-01 1.887801547564861293e-01 2.583067819754210348e-02 0.000000000000000000e+00
7.500000000000000000e+03 2.999996076372164477e-01 3.505917159763313751e-01 4.341147018661811741e-01 1.918525261720528119e-01 2.344105598543468408e-02 0.000000000000000000e+00
7.750000000000000000e+03 3.099995945584570478e-01 3.179335457441966328e-01 4.592626308602639762e-01 1.989076012744651900e-01 2.389622212107419055e-02 0.000000000000000000e+00
8.000000000000000000e+03 3.199995814796974258e-01 3.228265817023213691e-01 4.511834319526626946e-01 2.045971779699590487e-01 2.139280837505689453e-02 0.000000000000000000e+00
8.250000000000000000e+03 3.299995684009380259e-01 3.165680473372781134e-01 4.520937642239417631e-01 2.175694128356850388e-01 1.376877560309512985e-02 0.000000000000000000e+00
8.500000000000000000e+03 3.399995553221786260e-01 3.173645880746472359e-01 4.591488393263541412e-01 2.061902594446973214e-01 1.729631315430131891e-02 0.000000000000000000e+00
8.750000000000000000e+03 3.499995422434192260e-01 3.089440145653163383e-01 4.571005917159763343e-01 2.206417842512516936e-01 1.331360946745562164e-02 0.000000000000000000e+00
9.000000000000000000e+03 3.599995291646596041e-01 3.093991807009558448e-01 4.499317250796540657e-01 2.303140646335912478e-01 1.035502958579881741e-02 0.000000000000000000e+00
9.250000000000000000e+03 3.699995160859002041e-01 3.089440145653163383e-01 4.486800182066454368e-01 2.304278561675011383e-01 1.194811106053709528e-02 0.000000000000000000e+00
9.500000000000000000e+03 3.799995030071408042e-01 3.096267637687756258e-01 4.545971779699590209e-01 2.217796995903504875e-01 1.399635867091488309e-02 0.000000000000000000e+00
9.750000000000000000e+03 3.899994899283814043e-01 3.194128356850250428e-01 4.586936731907146347e-01 2.056213017751479244e-01 1.627218934911242587e-02 0.000000000000000000e+00
1.000000000000000000e+04 3.999994768496220043e-01 3.162266727355484974e-01 4.644970414201183284e-01 2.036868456986800080e-01 1.558944014565316269e-02 0.000000000000000000e+00
1.025000000000000000e+04 4.099994637708623824e-01 3.138370505234410746e-01 4.568730086481565533e-01 2.152935821574874786e-01 1.399635867091488309e-02 0.000000000000000000e+00
1.050000000000000000e+04 4.199994506921027604e-01 3.166818388711880039e-01 4.555075102412380339e-01 2.160901228948566288e-01 1.172052799271734204e-02 0.000000000000000000e+00
1.075000000000000000e+04 4.299994376133435825e-01 3.237369139736003820e-01 4.748520710059171424e-01 1.904870277651342647e-01 1.092398725534820224e-02 0.000000000000000000e+00
1.100000000000000000e+04 4.399994245345841826e-01 3.310195721438324856e-01 4.953345471096950448e-01 1.657942649066909413e-01 7.851615839781519654e-03 0.000000000000000000e+00
1.125000000000000000e+04 4.499994114558245606e-01 3.306781975421028696e-01 4.908966772872098150e-01 1.689804278561675144e-01 9.444697314519799256e-03 0.000000000000000000e+00
1.150000000000000000e+04 4.599993983770649386e-01 3.175921711424670169e-01 5.294720072826581969e-01 1.409877105143377274e-01 1.194811106053709528e-02 0.000000000000000000e+00
1.175000000000000000e+04 4.699993852983057607e-01 2.934683659535730627e-01 5.473372781065088954e-01 1.533909877105143482e-01 5.803368229403732710e-03 0.000000000000000000e+00
1.200000000000000000e+04 4.799993722195463608e-01 2.765134274010013771e-01 5.588302230314065033e-01 1.586253982703686727e-01 6.030951297223486815e-03 0.000000000000000000e+00
1.225000000000000000e+04 4.899993591407867388e-01 2.807237141556668258e-01 5.515475648611742887e-01 1.606736458807464796e-01 7.055075102412380721e-03 0.000000000000000000e+00
1.250000000000000000e+04 4.999993460620271168e-01 2.938097405553026786e-01 5.249203459262631322e-01 1.729631315430132099e-01 8.306781975421027864e-03 0.000000000000000000e+00
1.275000000000000000e+04 5.099993329832679390e-01 2.985889849795175244e-01 5.319754210286754548e-01 1.619253527537551085e-01 7.510241238051888930e-03 0.000000000000000000e+00
1.300000000000000000e+04 5.199993199045085390e-01 2.876649977241693135e-01 5.535958124715520956e-01 1.500910332271279124e-01 8.648156577150659455e-03 0.000000000000000000e+00
1.325000000000000000e+04 5.299993068257489170e-01 3.099681383705052418e-01 5.352753755120619461e-01 1.440600819299044100e-01 1.069640418752844727e-02 0.000000000000000000e+00
1.350000000000000000e+04 5.399992937469892951e-01 3.067819754210286964e-01 5.327719617660445772e-01 1.517979062357760478e-01 8.648156577150659455e-03 0.000000000000000000e+00
1.375000000000000000e+04 5.499992806682301172e-01 3.081474738279472159e-01 5.304961310878471004e-01 1.530496131087847045e-01 8.306781975421027864e-03 0.000000000000000000e+00
1.400000000000000000e+04 5.599992675894707173e-01 3.108784706417842547e-01 5.263996358670914866e-01 1.546426945835229771e-01 8.079198907601274626e-03 0.000000000000000000e+00
1.425000000000000000e+04 5.699992545107110953e-01 3.243058716431497235e-01 5.088757396449704595e-01 1.580564406008193035e-01 8.761948111060537808e-03 0.000000000000000000e+00
1.450000000000000000e+04 5.799992414319514733e-01 3.256713700500682984e-01 5.113791533909877174e-01 1.555530268548019901e-01 7.396449704142011444e-03 0.000000000000000000e+00
1.475000000000000000e+04 5.899992283531922954e-01 3.332954028220300180e-01 5.178652708238506985e-01 1.400773782430587144e-01 8.761948111060537808e-03 0.000000000000000000e+00
1.500000000000000000e+04 5.999992152744328955e-01 3.389849795175238767e-01 5.027309968138370389e-01 1.484979517523896120e-01 9.786071916249430847e-03 0.000000000000000000e+00
1.525000000000000000e+04 6.099992021956732735e-01 3.416021847974510806e-01 4.827036868456986984e-01 1.664770141101502010e-01 9.217114246700046018e-03 0.000000000000000000e+00
1.550000000000000000e+04 6.199991891169136515e-01 3.329540282203004020e-01 4.873691397360036537e-01 1.717114246700045532e-01 7.965407373691398007e-03 0.000000000000000000e+00
1.575000000000000000e+04 6.299991760381544736e-01 3.376194811106053573e-01 4.721210741920801035e-01 1.816112881201638607e-01 8.648156577150659455e-03 0.000000000000000000e+00
1.600000000000000000e+04 6.399991629593950737e-01 3.239644970414201075e-01 4.960172963131542767e-01 1.728493400091033194e-01 7.168866636322257339e-03 0.000000000000000000e+00
1.625000000000000000e+04 6.499991498806354517e-01 3.068957669549385314e-01 5.430131998179335007e-01 1.401911697769686049e-01 9.899863450159307465e-03 0.000000000000000000e+00
1.650000000000000000e+04 6.599991368018758298e-01 2.889167045971779424e-01 5.811333636777423761e-01 1.239189804278561652e-01 6.030951297223486815e-03 0.000000000000000000e+00
1.675000000000000000e+04 6.699991237231166519e-01 2.768548020027309930e-01 6.145880746472462963e-01 1.008192990441511144e-01 7.737824305871643035e-03 0.000000000000000000e+00
1.700000000000000000e+04 6.799991106443572519e-01 2.677514792899408080e-01 6.232362312243968638e-01 1.043468365953573035e-01 4.665452890304961318e-03 0.000000000000000000e+00
1.725000000000000000e+04 6.899990975655976300e-01 2.691169776968593275e-01 6.282430587164314906e-01 9.797451069640418508e-02 4.665452890304961318e-03 0.000000000000000000e+00
1.750000000000000000e+04 6.999990844868380080e-01 2.659308147473827821e-01 5.936504324078288874e-01 1.335912608101957333e-01 6.827492034592626616e-03 0.000000000000000000e+00
1.775000000000000000e+04 7.099990714080788301e-01 2.597860719162494170e-01 6.021847974510696755e-01 1.334774692762858428e-01 4.551661356395083832e-03 0.000000000000000000e+00
1.800000000000000000e+04 7.199990583293194302e-01 2.711652253072371344e-01 5.914883932635411901e-01 1.334774692762858428e-01 3.868912152935821518e-03 0.000000000000000000e+00
1.825000000000000000e+04 7.299990452505598082e-01 2.704824761037779024e-01 5.770368684569867623e-01 1.488393263541192557e-01 3.641329085116067413e-03 0.000000000000000000e+00
1.850000000000000000e+04 7.399990321718001862e-01 2.703686845698680119e-01 5.860263996358671124e-01 1.399635867091488517e-01 3.641329085116067413e-03 0.000000000000000000e+00
1.875000000000000000e+04 7.499990190930410083e-01 2.759444697314519801e-01 5.733955393718707105e-01 1.479289940828402428e-01 2.730996813837050560e-03 0.000000000000000000e+00
1.900000000000000000e+04 7.599990060142816084e-01 2.867546654528903005e-01 5.343650432407829332e-01 1.742148384160218388e-01 4.665452890304961318e-03 0.000000000000000000e+00
1.925000000000000000e+04 7.699989929355219864e-01 2.918752844788347622e-01 5.310650887573964418e-01 1.717114246700045532e-01 5.348202093764223633e-03 0.000000000000000000e+00
1.950000000000000000e+04 7.799989798567625865e-01 2.823167956304050707e-01 5.179790623577605890e-01 1.918525261720528119e-01 7.851615839781519654e-03 0.000000000000000000e+00
1.975000000000000000e+04 7.899989667780031866e-01 2.860719162494310686e-01 4.946517979062357573e-01 2.125625853436504398e-01 6.713700500682749130e-03 0.000000000000000000e+00
2.000000000000000000e+04 7.999989536992437866e-01 2.862994993172507940e-01 4.914656349567592120e-01 2.146108329540282189e-01 7.624032771961766417e-03 0.000000000000000000e+00
2.025000000000000000e+04 8.099989406204841647e-01 2.878925807919890945e-01 4.889622212107418986e-01 2.165452890304961353e-01 6.599908966772872511e-03 0.000000000000000000e+00
2.050000000000000000e+04 8.199989275417247647e-01 2.811788802913063323e-01 4.932862994993172379e-01 2.189349112426035582e-01 6.599908966772872511e-03 0.000000000000000000e+00
2.075000000000000000e+04 8.299989144629653648e-01 2.799271734182977034e-01 4.981793354574419741e-01 2.157487482931269851e-01 6.144742831133363434e-03 0.000000000000000000e+00
2.100000000000000000e+04 8.399989013842059649e-01 2.814064633591260578e-01 5.154756486117433312e-01 1.976558944014565333e-01 5.461993627674101119e-03 0.000000000000000000e+00
2.125000000000000000e+04 8.499988883054465649e-01 2.785616750113791285e-01 5.573509330905780379e-01 1.557806099226217433e-01 8.306781975421027864e-03 0.000000000000000000e+00
2.150000000000000000e+04 8.599988752266869430e-01 2.817478379608557293e-01 5.985434683659536237e-01 1.115157032316795582e-01 8.192990441511151245e-03 0.000000000000000000e+00
2.175000000000000000e+04 8.699988621479275430e-01 2.775375512061902805e-01 6.190259444697314706e-01 9.569868001820663883e-02 7.737824305871643035e-03 0.000000000000000000e+00
2.200000000000000000e+04 8.799988490691683651e-01 2.754893035958124736e-01 6.268775603095130267e-01 9.285389167045972336e-02 4.779244424214838804e-03 0.000000000000000000e+00
2.225000000000000000e+04 8.899988359904087432e-01 2.696859353664087244e-01 6.281292671825216001e-01 9.638142922166591242e-02 5.803368229403732710e-03 0.000000000000000000e+00
2.250000000000000000e+04 8.999988229116491212e-01 2.646791078743741532e-01 6.157259899863449792e-01 1.120846609012289552e-01 7.510241238051888930e-03 0.000000000000000000e+00
2.275000000000000000e+04 9.099988098328897212e-01 2.625170687300864558e-01 5.894401456531633832e-01 1.429221665908056438e-01 5.120619025944469528e-03 0.000000000000000000e+00
2.300000000000000000e+04 9.199987967541305434e-01 2.578516158397815006e-01 5.867091488393263443e-01 1.525944469731451980e-01 2.844788347746927612e-03 0.000000000000000000e+00
2.325000000000000000e+04 9.299987836753709214e-01 2.633136094674556338e-01 5.560992262175694645e-01 1.776285844333181652e-01 2.958579881656804664e-03 0.000000000000000000e+00
2.350000000000000000e+04 9.399987705966112994e-01 2.693445607646791085e-01 5.324305871643150168e-01 1.937869822485207005e-01 4.437869822485207214e-03 0.000000000000000000e+00
2.375000000000000000e+04 9.499987575178518995e-01 2.696859353664087244e-01 5.292444242148384159e-01 1.983386436049157930e-01 2.730996813837050560e-03 0.000000000000000000e+00
2.400000000000000000e+04 9.599987444390927216e-01 2.737824305871643382e-01 5.209376422394174089e-01 2.006144742831133254e-01 4.665452890304961318e-03 0.000000000000000000e+00
2.425000000000000000e+04 9.699987313603330996e-01 2.636549840691852498e-01 5.514337733272643982e-01 1.814974965862539702e-01 3.413746017296313308e-03 0.000000000000000000e+00
2.450000000000000000e+04 9.799987182815734776e-01 2.639963586709148657e-01 5.427856167501138307e-01 1.876422394173873354e-01 5.575785161583977738e-03 0.000000000000000000e+00
2.475000000000000000e+04 9.899987052028140777e-01 2.612653618570778269e-01 5.452890304961310886e-01 1.894629039599453890e-01 3.982703686845699004e-03 0.000000000000000000e+00
2.500000000000000000e+04 9.999986921240548998e-01 2.603550295857988139e-01 5.506372325898952758e-01 1.870732817478379661e-01 1.934456076467910759e-03 0.000000000000000000e+00
