# itime ezz other fcc hcp bcc ico
0.000000000000000000e+00 0.000000000000000000e+00 0.000000000000000000e+00 1.000000000000000000e+00 0.000000000000000000e+00 0.000000000000000000e+00 0.000000000000000000e+00
2.500000000000000000e+01 9.999893656456038116e-04 0.000000000000000000e+00 1.000000000000000000e+00 0.000000000000000000e+00 0.000000000000000000e+00 0.000000000000000000e+00
5.000000000000000000e+01 1.999978731291207623e-03 0.000000000000000000e+00 1.000000000000000000e+00 0.000000000000000000e+00 0.000000000000000000e+00 0.000000000000000000e+00
7.500000000000000000e+01 2.999968096936811435e-03 0.000000000000000000e+00 1.000000000000000000e+00 0.000000000000000000e+00 0.000000000000000000e+00 0.000000000000000000e+00
1.000000000000000000e+02 3.999957462582193202e-03 0.000000000000000000e+00 1.000000000000000000e+00 0.000000000000000000e+00 0.000000000000000000e+00 0.000000000000000000e+00
1.250000000000000000e+02 4.999946828227797013e-03 0.000000000000000000e+00 1.000000000000000000e+00 0.000000000000000000e+00 0.000000000000000000e+00 0.000000000000000000e+00
1.500000000000000000e+02 5.999936193873400825e-03 0.000000000000000000e+00 1.000000000000000000e+00 0.000000000000000000e+00 0.000000000000000000e+00 0.000000000000000000e+00
1.750000000000000000e+02 6.999925559519004636e-03 0.000000000000000000e+00 1.000000000000000000e+00 0.000000000000000000e+00 0.000000000000000000e+00 0.000000000000000000e+00
2.000000000000000000e+02 7.999914925164608448e-03 0.000000000000000000e+00 1.000000000000000000e+00 0.000000000000000000e+00 0.000000000000000000e+00 0.000000000000000000e+00
2.250000000000000000e+02 8.999904290810212260e-03 0.000000000000000000e+00 1.000000000000000000e+00 0.000000000000000000e+00 0.000000000000000000e+00 0.000000000000000000e+00
2.500000000000000000e+02 9.999893656455816071e-03 0.000000000000000000e+00 1.000000000000000000e+00 0.000000000000000000e+00 0.000000000000000000e+00 0.000000000000000000e+00
2.750000000000000000e+02 1.099988302210119784e-02 0.000000000000000000e+00 1.000000000000000000e+00 0.000000000000000000e+00 0.000000000000000000e+00 0.000000000000000000e+00
3.000000000000000000e+02 1.199987238774680165e-02 0.000000000000000000e+00 1.000000000000000000e+00 0.000000000000000000e+00 0.000000000000000000e+00 0.000000000000000000e+00
3.250000000000000000e+02 1.299986175339240546e-02 0.000000000000000000e+00 1.000000000000000000e+00 0.000000000000000000e+00 0.000000000000000000e+00 0.000000000000000000e+00
3.500000000000000000e+02 1.399985111903800927e-02 0.000000000000000000e+00 1.000000000000000000e+00 0.000000000000000000e+00 0.000000000000000000e+00 0.000000000000000000e+00
3.750000000000000000e+02 1.499984048468361308e-02 0.000000000000000000e+00 1.000000000000000000e+00 0.000000000000000000e+00 0.000000000000000000e+00 0.000000000000000000e+00
4.000000000000000000e+02 1.599982985032921690e-02 0.000000000000000000e+00 1.000000000000000000e+00 0.000000000000000000e+00 0.000000000000000000e+00 0.000000000000000000e+00
4.250000000000000000e+02 1.699981921597482071e-02 0.000000000000000000e+00 1.000000000000000000e+00 0.000000000000000000e+00 0.000000000000000000e+00 0.000000000000000000e+00
4.500000000000000000e+02 1.799980858162020247e-02 0.000000000000000000e+00 1.000000000000000000e+00 0.000000000000000000e+00 0.000000000000000000e+00 0.000000000000000000e+00
4.750000000000000000e+02 1.899979794726580629e-02 0.000000000000000000e+00 1.000000000000000000e+00 0.000000000000000000e+00 0.000000000000000000e+00 0.000000000000000000e+00
5.000000000000000000e+02 1.999978731291141010e-02 0.000000000000000000e+00 1.000000000000000000e+00 0.000000000000000000e+00 0.000000000000000000e+00 0.000000000000000000e+00
5.250000000000000000e+02 2.099977667855701391e-02 0.000000000000000000e+00 1.000000000000000000e+00 0.000000000000000000e+00 0.000000000000000000e+00 0.000000000000000000e+00
5.500000000000000000e+02 2.199976604420261772e-02 0.000000000000000000e+00 1.000000000000000000e+00 0.000000000000000000e+00 0.000000000000000000e+00 0.000000000000000000e+00
5.750000000000000000e+02 2.299975540984822153e-02 0.000000000000000000e+00 1.000000000000000000e+00 0.000000000000000000e+00 0.000000000000000000e+00 0.000000000000000000e+00
6.000000000000000000e+02 2.399974477549382534e-02 0.000000000000000000e+00 1.000000000000000000e+00 0.000000000000000000e+00 0.000000000000000000e+00 0.000000000000000000e+00
6.250000000000000000e+02 2.499973414113920711e-02 0.000000000000000000e+00 1.000000000000000000e+00 0.000000000000000000e+00 0.000000000000000000e+00 0.000000000000000000e+00
6.500000000000000000e+02 2.599972350678481092e-02 0.000000000000000000e+00 1.000000000000000000e+00 0.000000000000000000e+00 0.000000000000000000e+00 0.000000000000000000e+00
6.750000000000000000e+02 2.699971287243041473e-02 0.000000000000000000e+00 1.000000000000000000e+00 0.000000000000000000e+00 0.000000000000000000e+00 0.000000000000000000e+00
7.000000000000000000e+02 2.799970223807601855e-02 0.000000000000000000e+00 1.000000000000000000e+00 0.000000000000000000e+00 0.000000000000000000e+00 0.000000000000000000e+00
7.250000000000000000e+02 2.899969160372162236e-02 0.000000000000000000e+00 1.000000000000000000e+00 0.000000000000000000e+00 0.000000000000000000e+00 0.000000000000000000e+00
7.500000000000000000e+02 2.999968096936722617e-02 0.000000000000000000e+00 1.000000000000000000e+00 0.000000000000000000e+00 0.000000000000000000e+00 0.000000000000000000e+00
7.750000000000000000e+02 3.099967033501282998e-02 0.000000000000000000e+00 1.000000000000000000e+00 0.000000000000000000e+00 0.000000000000000000e+00 0.000000000000000000e+00
8.000000000000000000e+02 3.199965970065821175e-02 0.000000000000000000e+00 1.000000000000000000e+00 0.000000000000000000e+00 0.000000000000000000e+00 0.000000000000000000e+00
8.250000000000000000e+02 3.299964906630381556e-02 0.000000000000000000e+00 1.000000000000000000e+00 0.000000000000000000e+00 0.000000000000000000e+00 0.000000000000000000e+00
8.500000000000000000e+02 3.399963843194941937e-02 0.000000000000000000e+00 1.000000000000000000e+00 0.000000000000000000e+00 0.000000000000000000e+00 0.000000000000000000e+00
8.750000000000000000e+02 3.499962779759502318e-02 0.000000000000000000e+00 1.000000000000000000e+00 0.000000000000000000e+00 0.000000000000000000e+00 0.000000000000000000e+00
9.000000000000000000e+02 3.599961716324062699e-02 0.000000000000000000e+00 1.000000000000000000e+00 0.000000000000000000e+00 0.000000000000000000e+00 0.000000000000000000e+00
9.250000000000000000e+02 3.699960652888623081e-02 0.000000000000000000e+00 1.000000000000000000e+00 0.000000000000000000e+00 0.000000000000000000e+00 0.000000000000000000e+00
9.500000000000000000e+02 3.799959589453183462e-02 0.000000000000000000e+00 1.000000000000000000e+00 0.000000000000000000e+00 0.000000000000000000e+00 0.000000000000000000e+00
9.750000000000000000e+02 3.899958526017721638e-02 0.000000000000000000e+00 1.000000000000000000e+00 0.000000000000000000e+00 0.000000000000000000e+00 0.000000000000000000e+00
1.000000000000000000e+03 3.999957462582282020e-02 0.000000000000000000e+00 1.000000000000000000e+00 0.000000000000000000e+00 0.000000000000000000e+00 0.000000000000000000e+00
1.025000000000000000e+03 4.099956399146842401e-02 0.000000000000000000e+00 1.000000000000000000e+00 0.000000000000000000e+00 0.000000000000000000e+00 0.000000000000000000e+00
1.050000000000000000e+03 4.199955335711402782e-02 0.000000000000000000e+00 1.000000000000000000e+00 0.000000000000000000e+00 0.000000000000000000e+00 0.000000000000000000e+00
1.075000000000000000e+03 4.299954272275963163e-02 0.000000000000000000e+00 1.000000000000000000e+00 0.000000000000000000e+00 0.000000000000000000e+00 0.000000000000000000e+00
1.100000000000000000e+03 4.399953208840523544e-02 0.000000000000000000e+00 1.000000000000000000e+00 0.000000000000000000e+00 0.000000000000000000e+00 0.000000000000000000e+00
1.125000000000000000e+03 4.499952145405083925e-02 0.000000000000000000e+00 1.000000000000000000e+00 0.000000000000000000e+00 0.000000000000000000e+00 0.000000000000000000e+00
1.150000000000000000e+03 4.599951081969622102e-02 0.000000000000000000e+00 1.000000000000000000e+00 0.000000000000000000e+00 0.000000000000000000e+00 0.000000000000000000e+00
1.175000000000000000e+03 4.699950018534182483e-02 0.000000000000000000e+00 1.000000000000000000e+00 0.000000000000000000e+00 0.000000000000000000e+00 0.000000000000000000e+00
1.200000000000000000e+03 4.799948955098742864e-02 0.000000000000000000e+00 1.000000000000000000e+00 0.000000000000000000e+00 0.000000000000000000e+00 0.000000000000000000e+00
1.225000000000000000e+03 4.899947891663303245e-02 0.000000000000000000e+00 1.000000000000000000e+00 0.000000000000000000e+00 0.000000000000000000e+00 0.000000000000000000e+00
1.250000000000000000e+03 4.999946828227863627e-02 0.000000000000000000e+00 1.000000000000000000e+00 0.000000000000000000e+00 0.000000000000000000e+00 0.000000000000000000e+00
1.275000000000000000e+03 5.099945764792424008e-02 0.000000000000000000e+00 1.000000000000000000e+00 0.000000000000000000e+00 0.000000000000000000e+00 0.000000000000000000e+00
1.300000000000000000e+03 5.199944701356984389e-02 0.000000000000000000e+00 1.000000000000000000e+00 0.000000000000000000e+00 0.000000000000000000e+00 0.000000000000000000e+00
1.325000000000000000e+03 5.299943637921522566e-02 0.000000000000000000e+00 1.000000000000000000e+00 0.000000000000000000e+00 0.000000000000000000e+00 0.000000000000000000e+00
1.350000000000000000e+03 5.399942574486082947e-02 0.000000000000000000e+00 1.000000000000000000e+00 0.000000000000000000e+00 0.000000000000000000e+00 0.000000000000000000e+00
1.375000000000000000e+03 5.499941511050643328e-02 0.000000000000000000e+00 1.000000000000000000e+00 0.000000000000000000e+00 0.000000000000000000e+00 0.000000000000000000e+00
1.400000000000000000e+03 5.599940447615203709e-02 0.000000000000000000e+00 1.000000000000000000e+00 0.000000000000000000e+00 0.000000000000000000e+00 0.000000000000000000e+00
1.425000000000000000e+03 5.699939384179764090e-02 0.000000000000000000e+00 1.000000000000000000e+00 0.000000000000000000e+00 0.000000000000000000e+00 0.000000000000000000e+00
1.450000000000000000e+03 5.799938320744324471e-02 0.000000000000000000e+00 1.000000000000000000e+00 0.000000000000000000e+00 0.000000000000000000e+00 0.000000000000000000e+00
1.475000000000000000e+03 5.899937257308884853e-02 0.000000000000000000e+00 1.000000000000000000e+00 0.000000000000000000e+00 0.000000000000000000e+00 0.000000000000000000e+00
1.500000000000000000e+03 5.999936193873423029e-02 0.000000000000000000e+00 1.000000000000000000e+00 0.000000000000000000e+00 0.000000000000000000e+00 0.000000000000000000e+00
1.525000000000000000e+03 6.099935130437983410e-02 0.000000000000000000e+00 1.000000000000000000e+00 0.000000000000000000e+00 0.000000000000000000e+00 0.000000000000000000e+00
1.550000000000000000e+03 6.199934067002543792e-02 0.000000000000000000e+00 1.000000000000000000e+00 0.000000000000000000e+00 0.000000000000000000e+00 0.000000000000000000e+00
1.575000000000000000e+03 6.299933003567104173e-02 0.000000000000000000e+00 1.000000000000000000e+00 0.000000000000000000e+00 0.000000000000000000e+00 0.000000000000000000e+00
1.600000000000000000e+03 6.399931940131664554e-02 0.000000000000000000e+00 1.000000000000000000e+00 0.000000000000000000e+00 0.000000000000000000e+00 0.000000000000000000e+00
1.625000000000000000e+03 6.499930876696224935e-02 0.000000000000000000e+00 1.000000000000000000e+00 0.000000000000000000e+00 0.000000000000000000e+00 0.000000000000000000e+00
1.650000000000000000e+03 6.599929813260785316e-02 0.000000000000000000e+00 1.000000000000000000e+00 0.000000000000000000e+00 0.000000000000000000e+00 0.000000000000000000e+00
1.675000000000000000e+03 6.699928749825323493e-02 4.551661356395084266e-04 9.995448338643604380e-01 0.000000000000000000e+00 0.000000000000000000e+00 0.000000000000000000e+00
1.700000000000000000e+03 6.799927686389883874e-02 1.137915339098771066e-04 9.998862084660901095e-01 0.000000000000000000e+00 0.000000000000000000e+00 0.000000000000000000e+00
1.725000000000000000e+03 6.899926622954444255e-02 0.000000000000000000e+00 1.000000000000000000e+00 0.000000000000000000e+00 0.000000000000000000e+00 0.000000000000000000e+00
1.750000000000000000e+03 6.999925559519004636e-02 0.000000000000000000e+00 1.000000000000000000e+00 0.000000000000000000e+00 0.000000000000000000e+00 0.000000000000000000e+00
1.775000000000000000e+03 7.099924496083565018e-02 0.000000000000000000e+00 1.000000000000000000e+00 0.000000000000000000e+00 0.000000000000000000e+00 0.000000000000000000e+00
1.800000000000000000e+03 7.199923432648125399e-02 0.000000000000000000e+00 1.000000000000000000e+00 0.000000000000000000e+00 0.000000000000000000e+00 0.000000000000000000e+00
1.825000000000000000e+03 7.299922369212685780e-02 0.000000000000000000e+00 1.000000000000000000e+00 0.000000000000000000e+00 0.000000000000000000e+00 0.000000000000000000e+00
1.850000000000000000e+03 7.399921305777223957e-02 0.000000000000000000e+00 1.000000000000000000e+00 0.000000000000000000e+00 0.000000000000000000e+00 0.000000000000000000e+00
1.875000000000000000e+03 7.499920242341784338e-02 0.000000000000000000e+00 1.000000000000000000e+00 0.000000000000000000e+00 0.000000000000000000e+00 0.000000000000000000e+00
1.900000000000000000e+03 7.599919178906344719e-02 0.000000000000000000e+00 1.000000000000000000e+00 0.000000000000000000e+00 0.000000000000000000e+00 0.000000000000000000e+00
1.925000000000000000e+03 7.699918115470905100e-02 4.551661356395084266e-04 9.995448338643604380e-01 0.000000000000000000e+00 0.000000000000000000e+00 0.000000000000000000e+00
1.950000000000000000e+03 7.799917052035465481e-02 3.413746017296313199e-04 9.995448338643604380e-01 0.000000000000000000e+00 1.137915339098771066e-04 0.000000000000000000e+00
1.975000000000000000e+03 7.899915988600025862e-02 5.689576695493854790e-04 9.994310423304506585e-01 0.000000000000000000e+00 0.000000000000000000e+00 0.000000000000000000e+00
2.000000000000000000e+03 7.999914925164586244e-02 0.000000000000000000e+00 1.000000000000000000e+00 0.000000000000000000e+00 0.000000000000000000e+00 0.000000000000000000e+00
2.025000000000000000e+03 8.099913861729124420e-02 7.965407373691396923e-04 9.992034592626308775e-01 0.000000000000000000e+00 0.000000000000000000e+00 0.000000000000000000e+00
2.050000000000000000e+03 8.199912798293684801e-02 4.551661356395084266e-04 9.995448338643604380e-01 0.000000000000000000e+00 0.000000000000000000e+00 0.000000000000000000e+00
2.075000000000000000e+03 8.299911734858245183e-02 1.137915339098771066e-04 9.998862084660901095e-01 0.000000000000000000e+00 0.000000000000000000e+00 0.000000000000000000e+00
2.100000000000000000e+03 8.399910671422805564e-02 2.275830678197542133e-04 9.997724169321802190e-01 0.000000000000000000e+00 0.000000000000000000e+00 0.000000000000000000e+00
2.125000000000000000e+03 8.499909607987365945e-02 5.689576695493854790e-04 9.993172507965407680e-01 0.000000000000000000e+00 1.137915339098771066e-04 0.000000000000000000e+00
2.150000000000000000e+03 8.599908544551926326e-02 0.000000000000000000e+00 1.000000000000000000e+00 0.000000000000000000e+00 0.000000000000000000e+00 0.000000000000000000e+00
2.175000000000000000e+03 8.699907481116486707e-02 3.413746017296313199e-04 9.996586253982703285e-01 0.000000000000000000e+00 0.000000000000000000e+00 0.000000000000000000e+00
2.200000000000000000e+03 8.799906417681024884e-02 5.689576695493854790e-04 9.994310423304506585e-01 0.000000000000000000e+00 0.000000000000000000e+00 0.000000000000000000e+00
2.225000000000000000e+03 8.899905354245585265e-02 0.000000000000000000e+00 1.000000000000000000e+00 0.000000000000000000e+00 0.000000000000000000e+00 0.000000000000000000e+00
2.250000000000000000e+03 8.999904290810145646e-02 2.275830678197542133e-04 9.997724169321802190e-01 0.000000000000000000e+00 0.000000000000000000e+00 0.000000000000000000e+00
2.275000000000000000e+03 9.099903227374706027e-02 3.413746017296313199e-04 9.996586253982703285e-01 0.000000000000000000e+00 0.000000000000000000e+00 0.000000000000000000e+00
2.300000000000000000e+03 9.199902163939266408e-02 7.965407373691396923e-04 9.992034592626308775e-01 0.000000000000000000e+00 0.000000000000000000e+00 0.000000000000000000e+00
2.325000000000000000e+03 9.299901100503826790e-02 4.551661356395084266e-04 9.995448338643604380e-01 0.000000000000000000e+00 0.000000000000000000e+00 0.000000000000000000e+00
2.350000000000000000e+03 9.399900037068387171e-02 1.934456076467910759e-03 9.979517523896221931e-01 0.000000000000000000e+00 1.137915339098771066e-04 0.000000000000000000e+00
2.375000000000000000e+03 9.499898973632925347e-02 1.365498406918525280e-03 9.986345015930814251e-01 0.000000000000000000e+00 0.000000000000000000e+00 0.000000000000000000e+00
2.400000000000000000e+03 9.599897910197485729e-02 1.365498406918525280e-03 9.985207100591716456e-01 0.000000000000000000e+00 1.137915339098771066e-04 0.000000000000000000e+00
2.425000000000000000e+03 9.699896846762046110e-02 2.844788347746927612e-03 9.970414201183431802e-01 0.000000000000000000e+00 1.137915339098771066e-04 0.000000000000000000e+00
2.450000000000000000e+03 9.799895783326606491e-02 2.048247610377787811e-03 9.979517523896221931e-01 0.000000000000000000e+00 0.000000000000000000e+00 0.000000000000000000e+00
2.475000000000000000e+03 9.899894719891166872e-02 1.479289940828402332e-03 9.985207100591716456e-01 0.000000000000000000e+00 0.000000000000000000e+00 0.000000000000000000e+00
2.500000000000000000e+03 9.999893656455727253e-02 1.706873008648156654e-03 9.982931269913518646e-01 0.000000000000000000e+00 0.000000000000000000e+00 0.000000000000000000e+00
2.525000000000000000e+03 1.009989259302028763e-01 2.503413746017296455e-03 9.973827947200728516e-01 0.000000000000000000e+00 1.137915339098771066e-04 0.000000000000000000e+00
2.550000000000000000e+03 1.019989152958482581e-01 2.275830678197541916e-03 9.976103777878926326e-01 0.000000000000000000e+00 1.137915339098771066e-04 0.000000000000000000e+00
2.575000000000000000e+03 1.029989046614938619e-01 3.641329085116067413e-03 9.961310878470641672e-01 0.000000000000000000e+00 2.275830678197542133e-04 0.000000000000000000e+00
2.600000000000000000e+03 1.039988940271394657e-01 3.755120619025944465e-03 9.962448793809740577e-01 0.000000000000000000e+00 0.000000000000000000e+00 0.000000000000000000e+00
2.625000000000000000e+03 1.049988833927850695e-01 6.030951297223486815e-03 9.938552571688666903e-01 0.000000000000000000e+00 1.137915339098771066e-04 0.000000000000000000e+00
2.650000000000000000e+03 1.059988727584306734e-01 4.210286754665453109e-03 9.957897132453344957e-01 0.000000000000000000e+00 0.000000000000000000e+00 0.000000000000000000e+00
2.675000000000000000e+03 1.069988621240762772e-01 5.234410559854347014e-03 9.947655894401457033e-01 0.000000000000000000e+00 0.000000000000000000e+00 0.000000000000000000e+00
2.700000000000000000e+03 1.079988514897218810e-01 3.755120619025944465e-03 9.959035047792443862e-01 0.000000000000000000e+00 3.413746017296313199e-04 0.000000000000000000e+00
2.725000000000000000e+03 1.089988408553672627e-01 5.120619025944469528e-03 9.943104233045061413e-01 0.000000000000000000e+00 5.689576695493854790e-04 0.000000000000000000e+00
2.750000000000000000e+03 1.099988302210128666e-01 8.420573509330906217e-03 9.912380518889394310e-01 0.000000000000000000e+00 3.413746017296313199e-04 0.000000000000000000e+00
2.775000000000000000e+03 1.109988195866584704e-01 8.079198907601274626e-03 9.915794264906691025e-01 0.000000000000000000e+00 3.413746017296313199e-04 0.000000000000000000e+00
2.800000000000000000e+03 1.119988089523040742e-01 1.035502958579881741e-02 9.890760127446518446e-01 0.000000000000000000e+00 5.689576695493854790e-04 0.000000000000000000e+00
2.825000000000000000e+03 1.129987983179496780e-01 1.376877560309512985e-02 9.856622667273554628e-01 0.000000000000000000e+00 5.689576695493854790e-04 0.000000000000000000e+00
2.850000000000000000e+03 1.139987876835952818e-01 1.319981793354574502e-02 9.855484751934455723e-01 0.000000000000000000e+00 1.251706873008648227e-03 0.000000000000000000e+00
2.875000000000000000e+03 1.149987770492408856e-01 1.843422849340009204e-02 9.790623577605825911e-01 0.000000000000000000e+00 2.503413746017296455e-03 0.000000000000000000e+00
2.900000000000000000e+03 1.159987664148862674e-01 2.423759672280382388e-02 9.734865725989986229e-01 0.000000000000000000e+00 2.275830678197541916e-03 0.000000000000000000e+00
2.925000000000000000e+03 1.169987557805318712e-01 3.117888029130632538e-02 9.647246244879380539e-01 0.000000000000000000e+00 4.096495220755575623e-03 0.000000000000000000e+00
2.950000000000000000e+03 1.179987451461774750e-01 3.925807919890760000e-02 9.538006372325898985e-01 0.000000000000000000e+00 6.941283568502503235e-03 0.000000000000000000e+00
2.975000000000000000e+03 1.189987345118230788e-01 4.961310878470642088e-02 9.362767410104688715e-01 0.000000000000000000e+00 1.411015020482476144e-02 0.000000000000000000e+00
3.000000000000000000e+03 1.199987238774686826e-01 8.739189804278561791e-02 8.697086936731907025e-01 0.000000000000000000e+00 4.289940828402366568e-02 0.000000000000000000e+00
3.025000000000000000e+03 1.209987132431142864e-01 1.269913518434228616e-01 7.634274010013655243e-01 0.000000000000000000e+00 1.095812471552116557e-01 0.000000000000000000e+00
3.050000000000000000e+03 1.219987026087598903e-01 1.887801547564861293e-01 5.893263541192534927e-01 0.000000000000000000e+00 2.218934911242603503e-01 0.000000000000000000e+00
3.075000000000000000e+03 1.229986919744052720e-01 2.892580791989076139e-01 3.555985434683659463e-01 0.000000000000000000e+00 3.551433773327264398e-01 0.000000000000000000e+00
3.100000000000000000e+03 1.239986813400508758e-01 3.665225307237141572e-01 2.057350933090578149e-01 1.593081474738279385e-03 4.261492944924897830e-01 0.000000000000000000e+00
3.125000000000000000e+03 1.249986707056964796e-01 3.899635867091488239e-01 1.455393718707328199e-01 1.137915339098771066e-04 4.643832498862084934e-01 0.000000000000000000e+00
3.150000000000000000e+03 1.259986600713420835e-01 3.789258079198907780e-01 1.503186162949476656e-01 2.275830678197542133e-04 4.705279927173418031e-01 0.000000000000000000e+00
3.175000000000000000e+03 1.269986494369876873e-01 3.425125170687300935e-01 1.810423304506144637e-01 1.024123805188893906e-03 4.754210286754665393e-01 0.000000000000000000e+00
3.200000000000000000e+03 1.279986388026332911e-01 3.252162039144287919e-01 2.063040509786071841e-01 2.503413746017296455e-03 4.659763313609467383e-01 0.000000000000000000e+00
3.225000000000000000e+03 1.289986281682788949e-01 3.469503868912152678e-01 2.148384160218479721e-01 4.779244424214838804e-03 4.334319526627218866e-01 0.000000000000000000e+00
3.250000000000000000e+03 1.299986175339242767e-01 3.604915794264906825e-01 1.987938097405552995e-01 1.115157032316795548e-02 4.295630405097860538e-01 0.000000000000000000e+00
3.275000000000000000e+03 1.309986068995698805e-01 3.667501137915338827e-01 1.987938097405552995e-01 1.900318616294947513e-02 4.154528903049612976e-01 0.000000000000000000e+00
3.300000000000000000e+03 1.319985962652154843e-01 3.570778334091943562e-01 2.015248065543923661e-01 2.969959035047792587e-02 4.116977696859353553e-01 0.000000000000000000e+00
3.325000000000000000e+03 1.329985856308610881e-01 3.522985889849795105e-01 2.069868001820664438e-01 3.470641784251251444e-02 4.060081929904414966e-01 0.000000000000000000e+00
3.350000000000000000e+03 1.339985749965066919e-01 3.601502048247610110e-01 1.984524351388256835e-01 4.665452890304961492e-02 3.947428311333636697e-01 0.000000000000000000e+00
3.375000000000000000e+03 1.349985643621522957e-01 3.774465179790623681e-01 2.077833409194355940e-01 6.531634046426945672e-02 3.494538006372325811e-01 0.000000000000000000e+00
3.400000000000000000e+03 1.359985537277978995e-01 3.616294947655894210e-01 2.309968138370505353e-01 8.784706417842512438e-02 3.195266272189349332e-01 0.000000000000000000e+00
3.425000000000000000e+03 1.369985430934432813e-01 3.569640418752844657e-01 2.476103777878925771e-01 1.069640418752844796e-01 2.884615384615384359e-01 0.000000000000000000e+00
3.450000000000000000e+03 1.379985324590888851e-01 3.618570778334092020e-01 2.503413746017296160e-01 1.144742831133363642e-01 2.733272644515248317e-01 0.000000000000000000e+00
3.475000000000000000e+03 1.389985218247344889e-01 3.724396904870277414e-01 2.597860719162494170e-01 1.151570323167956239e-01 2.526172052799271484e-01 0.000000000000000000e+00
3.500000000000000000e+03 1.399985111903800927e-01 3.609467455621301890e-01 2.781065088757396220e-01 1.197086936731907164e-01 2.412380518889394587e-01 0.000000000000000000e+00
3.525000000000000000e+03 1.409985005560256965e-01 3.606053709604005730e-01 2.850477924442421651e-01 1.253982703686845612e-01 2.289485662266727284e-01 0.000000000000000000e+00
3.550000000000000000e+03 1.419984899216713004e-01 3.533227127901684139e-01 2.905097860719162428e-01 1.348429676832043622e-01 2.213245334547109811e-01 0.000000000000000000e+00
3.575000000000000000e+03 1.429984792873169042e-01 3.576467910787437532e-01 2.892580791989076139e-01 1.378015475648611821e-01 2.152935821574874786e-01 0.000000000000000000e+00
3.600000000000000000e+03 1.439984686529622859e-01 3.524123805188894010e-01 2.921028675466545432e-01 1.392808375056895642e-01 2.162039144287664916e-01 0.000000000000000000e+00
3.625000000000000000e+03 1.449984580186078897e-01 3.553709604005462208e-01 2.989303595812471404e-01 1.366636322257624159e-01 2.090350477924442507e-01 0.000000000000000000e+00
3.650000000000000000e+03 1.459984473842534936e-01 3.421711424670004775e-01 3.089440145653163383e-01 1.396222121074192080e-01 2.092626308602640040e-01 0.000000000000000000e+00
3.675000000000000000e+03 1.469984367498990974e-01 3.386436049157942607e-01 3.261265361857078049e-01 1.455393718707328199e-01 1.896904870277651423e-01 0.000000000000000000e+00
3.700000000000000000e+03 1.479984261155447012e-01 3.289713245334547342e-01 3.430814747382794905e-01 1.544151115157032239e-01 1.735320892125625791e-01 0.000000000000000000e+00
3.725000000000000000e+03 1.489984154811903050e-01 3.364815657715066188e-01 3.543468365953573174e-01 1.548702776513427304e-01 1.543013199817933612e-01 0.000000000000000000e+00
3.750000000000000000e+03 1.499984048468359088e-01 3.365953573054164538e-01 3.582157487482931502e-01 1.637460172963131622e-01 1.414428766499772339e-01 0.000000000000000000e+00
3.775000000000000000e+03 1.509983942124812906e-01 3.356850250341374409e-01 3.614019116977696955e-01 1.605598543468365891e-01 1.423532089212562468e-01 0.000000000000000000e+00
3.800000000000000000e+03 1.519983835781268944e-01 3.297678652708238567e-01 3.636777423759672279e-01 1.647701411015020379e-01 1.417842512517068776e-01 0.000000000000000000e+00
3.825000000000000000e+03 1.529983729437724982e-01 3.293126991351843502e-01 3.682294037323622926e-01 1.657942649066909413e-01 1.366636322257624159e-01 0.000000000000000000e+00
3.850000000000000000e+03 1.539983623094181020e-01 3.426263086026399840e-01 3.653846153846153633e-01 1.657942649066909413e-01 1.261948111060537114e-01 0.000000000000000000e+00
3.875000000000000000e+03 1.549983516750637058e-01 3.373918980427856318e-01 3.674328629949931702e-01 1.738734638142922229e-01 1.213017751479289891e-01 0.000000000000000000e+00
3.900000000000000000e+03 1.559983410407093096e-01 3.402366863905325611e-01 3.650432407828857473e-01 1.772872098315885214e-01 1.174328629949931702e-01 0.000000000000000000e+00
3.925000000000000000e+03 1.569983304063549134e-01 3.431952662721893255e-01 3.676604460628129512e-01 1.736458807464724696e-01 1.154984069185252676e-01 0.000000000000000000e+00
3.950000000000000000e+03 1.579983197720002952e-01 3.461538461538461453e-01 3.658397815202548697e-01 1.728493400091033194e-01 1.151570323167956239e-01 0.000000000000000000e+00
3.975000000000000000e+03 1.589983091376458990e-01 3.567364588074647402e-01 3.594674556213017791e-01 1.722803823395539502e-01 1.115157032316795582e-01 0.000000000000000000e+00
4.000000000000000000e+03 1.599982985032915028e-01 3.493400091033226906e-01 3.568502503413745752e-01 1.720527992717341692e-01 1.217569412835685094e-01 0.000000000000000000e+00
4.025000000000000000e+03 1.609982878689371066e-01 3.532089212562585234e-01 3.608329540282202985e-01 1.725079654073737034e-01 1.134501593081474746e-01 0.000000000000000000e+00
4.050000000000000000e+03 1.619982772345827104e-01 3.511606736458807720e-01 3.656121984524351443e-01 1.744424214838415921e-01 1.087847064178425194e-01 0.000000000000000000e+00
4.075000000000000000e+03 1.629982666002283143e-01 3.634501593081474469e-01 3.544606281292672079e-01 1.723941738734638129e-01 1.096950386891215323e-01 0.000000000000000000e+00
4.100000000000000000e+03 1.639982559658739181e-01 3.615157032316795860e-01 3.505917159763313751e-01 1.762630860263996457e-01 1.116294947655894348e-01 0.000000000000000000e+00
4.125000000000000000e+03 1.649982453315192998e-01 3.603777878925807920e-01 3.487710514337733492e-01 1.804733727810650945e-01 1.103777878925807920e-01 0.000000000000000000e+00
4.150000000000000000e+03 1.659982346971649037e-01 3.702776513427400995e-01 3.495675921711424716e-01 1.779699590350477811e-01 1.021847974510696339e-01 0.000000000000000000e+00
4.175000000000000000e+03 1.669982240628105075e-01 3.716431497496586189e-01 3.472917614929449392e-01 1.791078743741465751e-01 1.019572143832498806e-01 0.000000000000000000e+00
4.200000000000000000e+03 1.679982134284561113e-01 3.734638142922166448e-01 3.463814292216659263e-01 1.814974965862539702e-01 9.865725989986344480e-02 0.000000000000000000e+00
4.225000000000000000e+03 1.689982027941017151e-01 3.740327719617660418e-01 3.471779699590350488e-01 1.808147473827947105e-01 9.797451069640418508e-02 0.000000000000000000e+00
4.250000000000000000e+03 1.699981921597473189e-01 3.775603095129722586e-01 3.447883477469276259e-01 1.778561675011379184e-01 9.979517523896222486e-02 0.000000000000000000e+00
4.275000000000000000e+03 1.709981815253929227e-01 3.809740555302685294e-01 3.467228038233955423e-01 1.807009558488848477e-01 9.160218479745106668e-02 0.000000000000000000e+00
4.300000000000000000e+03 1.719981708910383045e-01 3.751706873008648357e-01 3.530951297223486329e-01 1.836595357305416398e-01 8.807464724624487762e-02 0.000000000000000000e+00
4.325000000000000000e+03 1.729981602566839083e-01 3.846153846153846367e-01 3.520710059171597850e-01 1.852526172052799402e-01 7.806099226217569353e-02 0.000000000000000000e+00
4.350000000000000000e+03 1.739981496223295121e-01 3.893946290395994270e-01 3.493400091033226906e-01 1.853664087391898030e-01 7.589895311788802390e-02 0.000000000000000000e+00
4.375000000000000000e+03 1.749981389879751159e-01 3.823395539371870488e-01 3.548020027309968238e-01 1.870732817478379661e-01 7.578516158397814728e-02 0.000000000000000000e+00
4.400000000000000000e+03 1.759981283536207197e-01 3.875739644970414011e-01 3.563950842057350687e-01 1.832043695949021334e-01 7.282658170232134132e-02 0.000000000000000000e+00
4.425000000000000000e+03 1.769981177192663235e-01 3.907601274465180019e-01 3.544606281292672079e-01 1.830905780609922706e-01 7.168866636322257513e-02 0.000000000000000000e+00
4.450000000000000000e+03 1.779981070849119273e-01 3.884842967683204140e-01 3.535502958579881394e-01 1.887801547564861293e-01 6.918525261720527564e-02 0.000000000000000000e+00
4.475000000000000000e+03 1.789980964505573091e-01 3.808602639963586944e-01 3.577605826126536437e-01 1.917387346381429214e-01 6.964041875284478211e-02 0.000000000000000000e+00
4.500000000000000000e+03 1.799980858162029129e-01 3.878015475648611821e-01 3.584433318161128756e-01 1.903732362312244020e-01 6.338188438780155420e-02 0.000000000000000000e+00
4.525000000000000000e+03 1.809980751818485167e-01 3.851843422849339782e-01 3.584433318161128756e-01 1.878698224852070886e-01 6.850250341374601593e-02 0.000000000000000000e+00
4.550000000000000000e+03 1.819980645474941205e-01 3.875739644970414011e-01 3.571916249431042467e-01 1.871870732817478289e-01 6.804733727810650945e-02 0.000000000000000000e+00
4.575000000000000000e+03 1.829980539131397244e-01 3.907601274465180019e-01 3.574192080109239722e-01 1.863905325443787064e-01 6.543013199817933334e-02 0.000000000000000000e+00
4.600000000000000000e+03 1.839980432787853282e-01 3.945152480655439442e-01 3.569640418752844657e-01 1.894629039599453890e-01 5.905780609922621494e-02 0.000000000000000000e+00
4.625000000000000000e+03 1.849980326444307099e-01 3.851843422849339782e-01 3.584433318161128756e-01 1.936731907146108378e-01 6.269913518434228061e-02 0.000000000000000000e+00
4.650000000000000000e+03 1.859980220100763137e-01 3.882567137005006885e-01 3.588984979517523821e-01 1.954938552571688637e-01 5.735093309057805872e-02 0.000000000000000000e+00
4.675000000000000000e+03 1.869980113757219176e-01 3.901911697769686049e-01 3.567364588074647402e-01 1.967455621301775204e-01 5.632680928538916915e-02 0.000000000000000000e+00
4.700000000000000000e+03 1.879980007413675214e-01 3.879153390987710726e-01 3.557123350022758368e-01 1.977696859353663961e-01 5.860263996358670846e-02 0.000000000000000000e+00
4.725000000000000000e+03 1.889979901070131252e-01 3.892808375056895920e-01 3.516158397815202785e-01 1.976558944014565333e-01 6.144742831133363781e-02 0.000000000000000000e+00
4.750000000000000000e+03 1.899979794726587290e-01 3.879153390987710726e-01 3.563950842057350687e-01 1.969731451979972736e-01 5.871643149749658508e-02 0.000000000000000000e+00
4.775000000000000000e+03 1.909979688383043328e-01 3.930359581247155343e-01 3.515020482476103880e-01 1.941283568502503443e-01 6.133363677742376119e-02 0.000000000000000000e+00
4.800000000000000000e+03 1.919979582039497146e-01 3.901911697769686049e-01 3.534365043240783044e-01 1.985662266727355463e-01 5.780609922621757213e-02 0.000000000000000000e+00
4.825000000000000000e+03 1.929979475695953184e-01 3.931497496586254248e-01 3.519572143832498945e-01 1.979972690031861493e-01 5.689576695493855224e-02 0.000000000000000000e+00
4.850000000000000000e+03 1.939979369352409222e-01 3.964497041420118606e-01 3.497951752389621971e-01 1.951524806554392477e-01 5.860263996358670846e-02 0.000000000000000000e+00
4.875000000000000000e+03 1.949979263008865260e-01 3.948566226672735602e-01 3.517296313154301135e-01 1.958352298588985074e-01 5.757851615839781195e-02 0.000000000000000000e+00
4.900000000000000000e+03 1.959979156665321298e-01 3.961083295402821891e-01 3.488848429676831842e-01 1.933318161128811941e-01 6.167501137915339104e-02 0.000000000000000000e+00
4.925000000000000000e+03 1.969979050321777336e-01 3.986117432862995025e-01 3.487710514337733492e-01 1.931042330450614408e-01 5.951297223486572835e-02 0.000000000000000000e+00
4.950000000000000000e+03 1.979978943978233374e-01 4.020254893035958288e-01 3.459262630860264198e-01 1.915111515703231682e-01 6.053709604005461792e-02 0.000000000000000000e+00
4.975000000000000000e+03 1.989978837634687192e-01 4.028220300409649512e-01 3.450159308147474069e-01 1.917387346381429214e-01 6.042330450614474130e-02 0.000000000000000000e+00
5.000000000000000000e+03 1.999978731291143230e-01 4.005461993627674189e-01 3.484296768320436777e-01 1.931042330450614408e-01 5.791989076012744875e-02 0.000000000000000000e+00
5.025000000000000000e+03 2.009978624947599268e-01 3.997496586253982964e-01 3.475193445607646647e-01 1.933318161128811941e-01 5.939918070095585173e-02 0.000000000000000000e+00
5.050000000000000000e+03 2.019978518604055306e-01 4.054392353208920996e-01 3.464952207555757613e-01 1.884387801547564856e-01 5.962676376877560497e-02 0.000000000000000000e+00
5.075000000000000000e+03 2.029978412260511345e-01 4.119253527537551363e-01 3.433090578060992160e-01 1.927628584433318248e-01 5.200273099681383682e-02 0.000000000000000000e+00
5.100000000000000000e+03 2.039978305916967383e-01 4.076012744651797970e-01 3.439918070095585034e-01 1.899180700955848955e-01 5.848884842967683184e-02 0.000000000000000000e+00
5.125000000000000000e+03 2.049978199573423421e-01 4.147701411015020656e-01 3.445607646791079004e-01 1.852526172052799402e-01 5.541647701411014926e-02 0.000000000000000000e+00
5.150000000000000000e+03 2.059978093229877238e-01 4.155666818388711881e-01 3.413746017296312996e-01 1.834319526627218866e-01 5.962676376877560497e-02 0.000000000000000000e+00
5.175000000000000000e+03 2.069977986886333277e-01 4.203459262630860338e-01 3.362539827036868378e-01 1.829767865270823801e-01 6.042330450614474130e-02 0.000000000000000000e+00
5.200000000000000000e+03 2.079977880542789315e-01 4.266044606281292895e-01 3.331816112881201830e-01 1.817250796540737234e-01 5.848884842967683184e-02 0.000000000000000000e+00
5.225000000000000000e+03 2.089977774199245353e-01 4.355939918070095840e-01 3.309057806099225951e-01 1.804733727810650945e-01 5.302685480200273332e-02 0.000000000000000000e+00
5.250000000000000000e+03 2.099977667855701391e-01 4.326354119253527641e-01 3.298816568047337472e-01 1.793354574419663283e-01 5.814747382794720199e-02 0.000000000000000000e+00
5.275000000000000000e+03 2.109977561512157429e-01 4.345698680018206805e-01 3.302230314064633632e-01 1.789940828402366846e-01 5.621301775147929253e-02 0.000000000000000000e+00
5.300000000000000000e+03 2.119977455168613467e-01 4.404870277651342647e-01 3.251024123805189014e-01 1.808147473827947105e-01 5.359581247155211642e-02 0.000000000000000000e+00
5.325000000000000000e+03 2.129977348825067285e-01 4.443559399180700975e-01 3.239644970414201075e-01 1.784251251706872876e-01 5.325443786982248656e-02 0.000000000000000000e+00
5.350000000000000000e+03 2.139977242481523323e-01 4.500455166135639562e-01 3.252162039144287919e-01 1.807009558488848477e-01 4.403732362312243881e-02 0.000000000000000000e+00
5.375000000000000000e+03 2.149977136137979361e-01 4.509558488848429691e-01 3.270368684569868178e-01 1.764906690942193990e-01 4.551661356395084179e-02 0.000000000000000000e+00
5.400000000000000000e+03 2.159977029794435399e-01 4.478834774692762588e-01 3.343195266272189214e-01 1.784251251706872876e-01 3.937187073281747662e-02 0.000000000000000000e+00
5.425000000000000000e+03 2.169976923450891437e-01 4.420801092398725651e-01 3.359126081019572219e-01 1.794492489758761911e-01 4.255803368229403583e-02 0.000000000000000000e+00
5.450000000000000000e+03 2.179976817107347475e-01 4.439007737824305910e-01 3.373918980427856318e-01 1.747837960855712358e-01 4.392353208921256219e-02 0.000000000000000000e+00
5.475000000000000000e+03 2.189976710763803514e-01 4.449248975876194945e-01 3.395539371870732737e-01 1.717114246700045532e-01 4.380974055530268557e-02 0.000000000000000000e+00
5.500000000000000000e+03 2.199976604420257331e-01 4.370732817478379384e-01 3.456986800182066388e-01 1.726217569412835662e-01 4.460628129267182190e-02 0.000000000000000000e+00
5.525000000000000000e+03 2.209976498076713369e-01 4.392353208921256358e-01 3.483158852981338427e-01 1.715976331360946627e-01 4.085116067364587961e-02 0.000000000000000000e+00
5.550000000000000000e+03 2.219976391733169407e-01 4.404870277651342647e-01 3.437642239417387224e-01 1.698907601274465273e-01 4.585798816568047165e-02 0.000000000000000000e+00
5.575000000000000000e+03 2.229976285389625446e-01 4.318388711879836417e-01 3.512744651797906070e-01 1.741010468821119761e-01 4.278561675011378906e-02 0.000000000000000000e+00
5.600000000000000000e+03 2.239976179046081484e-01 4.286527082385070408e-01 3.527537551206190169e-01 1.775147928994082747e-01 4.107874374146563284e-02 0.000000000000000000e+00
5.625000000000000000e+03 2.249976072702537522e-01 4.345698680018206805e-01 3.463814292216659263e-01 1.779699590350477811e-01 4.107874374146563284e-02 0.000000000000000000e+00
5.650000000000000000e+03 2.259975966358993560e-01 4.361629494765589254e-01 3.487710514337733492e-01 1.747837960855712358e-01 4.028220300409649651e-02 0.000000000000000000e+00
5.675000000000000000e+03 2.269975860015447378e-01 4.441283568502503165e-01 3.431952662721893255e-01 1.747837960855712358e-01 3.789258079198907364e-02 0.000000000000000000e+00
