# itime ezz other fcc hcp bcc ico
0.000000000000000000e+00 0.000000000000000000e+00 0.000000000000000000e+00 1.000000000000000000e+00 0.000000000000000000e+00 0.000000000000000000e+00 0.000000000000000000e+00
5.000000000000000000e+01 1.999980900239561876e-03 0.000000000000000000e+00 1.000000000000000000e+00 0.000000000000000000e+00 0.000000000000000000e+00 0.000000000000000000e+00
1.000000000000000000e+02 3.999961800479123752e-03 0.000000000000000000e+00 1.000000000000000000e+00 0.000000000000000000e+00 0.000000000000000000e+00 0.000000000000000000e+00
1.500000000000000000e+02 5.999942700718463584e-03 0.000000000000000000e+00 1.000000000000000000e+00 0.000000000000000000e+00 0.000000000000000000e+00 0.000000000000000000e+00
2.000000000000000000e+02 7.999923600958025460e-03 0.000000000000000000e+00 1.000000000000000000e+00 0.000000000000000000e+00 0.000000000000000000e+00 0.000000000000000000e+00
2.500000000000000000e+02 9.999904501197587336e-03 0.000000000000000000e+00 1.000000000000000000e+00 0.000000000000000000e+00 0.000000000000000000e+00 0.000000000000000000e+00
3.000000000000000000e+02 1.199988540143714921e-02 0.000000000000000000e+00 1.000000000000000000e+00 0.000000000000000000e+00 0.000000000000000000e+00 0.000000000000000000e+00
3.500000000000000000e+02 1.399986630167648904e-02 0.000000000000000000e+00 1.000000000000000000e+00 0.000000000000000000e+00 0.000000000000000000e+00 0.000000000000000000e+00
4.000000000000000000e+02 1.599984720191605092e-02 0.000000000000000000e+00 1.000000000000000000e+00 0.000000000000000000e+00 0.000000000000000000e+00 0.000000000000000000e+00
4.500000000000000000e+02 1.799982810215561280e-02 0.000000000000000000e+00 1.000000000000000000e+00 0.000000000000000000e+00 0.000000000000000000e+00 0.000000000000000000e+00
5.000000000000000000e+02 1.999980900239517467e-02 0.000000000000000000e+00 1.000000000000000000e+00 0.000000000000000000e+00 0.000000000000000000e+00 0.000000000000000000e+00
5.500000000000000000e+02 2.199978990263451450e-02 0.000000000000000000e+00 1.000000000000000000e+00 0.000000000000000000e+00 0.000000000000000000e+00 0.000000000000000000e+00
6.000000000000000000e+02 2.399977080287407638e-02 0.000000000000000000e+00 1.000000000000000000e+00 0.000000000000000000e+00 0.000000000000000000e+00 0.000000000000000000e+00
6.500000000000000000e+02 2.599975170311363826e-02 0.000000000000000000e+00 1.000000000000000000e+00 0.000000000000000000e+00 0.000000000000000000e+00 0.000000000000000000e+00
7.000000000000000000e+02 2.799973260335320013e-02 0.000000000000000000e+00 1.000000000000000000e+00 0.000000000000000000e+00 0.000000000000000000e+00 0.000000000000000000e+00
7.500000000000000000e+02 2.999971350359276201e-02 0.000000000000000000e+00 1.000000000000000000e+00 0.000000000000000000e+00 0.000000000000000000e+00 0.000000000000000000e+00
8.000000000000000000e+02 3.199969440383210184e-02 0.000000000000000000e+00 1.000000000000000000e+00 0.000000000000000000e+00 0.000000000000000000e+00 0.000000000000000000e+00
8.500000000000000000e+02 3.399967530407166372e-02 0.000000000000000000e+00 1.000000000000000000e+00 0.000000000000000000e+00 0.000000000000000000e+00 0.000000000000000000e+00
9.000000000000000000e+02 3.599965620431122559e-02 0.000000000000000000e+00 1.000000000000000000e+00 0.000000000000000000e+00 0.000000000000000000e+00 0.000000000000000000e+00
9.500000000000000000e+02 3.799963710455078747e-02 0.000000000000000000e+00 1.000000000000000000e+00 0.000000000000000000e+00 0.000000000000000000e+00 0.000000000000000000e+00
1.000000000000000000e+03 3.999961800479012730e-02 0.000000000000000000e+00 1.000000000000000000e+00 0.000000000000000000e+00 0.000000000000000000e+00 0.000000000000000000e+00
1.050000000000000000e+03 4.199959890502968918e-02 0.000000000000000000e+00 1.000000000000000000e+00 0.000000000000000000e+00 0.000000000000000000e+00 0.000000000000000000e+00
1.100000000000000000e+03 4.399957980526925105e-02 0.000000000000000000e+00 1.000000000000000000e+00 0.000000000000000000e+00 0.000000000000000000e+00 0.000000000000000000e+00
1.150000000000000000e+03 4.599956070550881293e-02 0.000000000000000000e+00 1.000000000000000000e+00 0.000000000000000000e+00 0.000000000000000000e+00 0.000000000000000000e+00
1.200000000000000000e+03 4.799954160574815276e-02 0.000000000000000000e+00 1.000000000000000000e+00 0.000000000000000000e+00 0.000000000000000000e+00 0.000000000000000000e+00
1.250000000000000000e+03 4.999952250598771464e-02 0.000000000000000000e+00 1.000000000000000000e+00 0.000000000000000000e+00 0.000000000000000000e+00 0.000000000000000000e+00
1.300000000000000000e+03 5.199950340622727651e-02 0.000000000000000000e+00 1.000000000000000000e+00 0.000000000000000000e+00 0.000000000000000000e+00 0.000000000000000000e+00
1.350000000000000000e+03 5.399948430646683839e-02 0.000000000000000000e+00 1.000000000000000000e+00 0.000000000000000000e+00 0.000000000000000000e+00 0.000000000000000000e+00
1.400000000000000000e+03 5.599946520670617822e-02 0.000000000000000000e+00 1.000000000000000000e+00 0.000000000000000000e+00 0.000000000000000000e+00 0.000000000000000000e+00
1.450000000000000000e+03 5.799944610694574010e-02 0.000000000000000000e+00 1.000000000000000000e+00 0.000000000000000000e+00 0.000000000000000000e+00 0.000000000000000000e+00
1.500000000000000000e+03 5.999942700718530197e-02 0.000000000000000000e+00 1.000000000000000000e+00 0.000000000000000000e+00 0.000000000000000000e+00 0.000000000000000000e+00
1.550000000000000000e+03 6.199940790742486385e-02 0.000000000000000000e+00 1.000000000000000000e+00 0.000000000000000000e+00 0.000000000000000000e+00 0.000000000000000000e+00
1.600000000000000000e+03 6.399938880766442573e-02 0.000000000000000000e+00 1.000000000000000000e+00 0.000000000000000000e+00 0.000000000000000000e+00 0.000000000000000000e+00
1.650000000000000000e+03 6.599936970790376556e-02 0.000000000000000000e+00 1.000000000000000000e+00 0.000000000000000000e+00 0.000000000000000000e+00 0.000000000000000000e+00
1.700000000000000000e+03 6.799935060814332743e-02 1.137915339098771066e-04 9.998862084660901095e-01 0.000000000000000000e+00 0.000000000000000000e+00 0.000000000000000000e+00
1.750000000000000000e+03 6.999933150838288931e-02 0.000000000000000000e+00 1.000000000000000000e+00 0.000000000000000000e+00 0.000000000000000000e+00 0.000000000000000000e+00
1.800000000000000000e+03 7.199931240862245119e-02 0.000000000000000000e+00 1.000000000000000000e+00 0.000000000000000000e+00 0.000000000000000000e+00 0.000000000000000000e+00
1.850000000000000000e+03 7.399929330886179102e-02 0.000000000000000000e+00 1.000000000000000000e+00 0.000000000000000000e+00 0.000000000000000000e+00 0.000000000000000000e+00
1.900000000000000000e+03 7.599927420910135289e-02 0.000000000000000000e+00 1.000000000000000000e+00 0.000000000000000000e+00 0.000000000000000000e+00 0.000000000000000000e+00
1.950000000000000000e+03 7.799925510934091477e-02 3.413746017296313199e-04 9.995448338643604380e-01 0.000000000000000000e+00 1.137915339098771066e-04 0.000000000000000000e+00
2.000000000000000000e+03 7.999923600958047665e-02 0.000000000000000000e+00 1.000000000000000000e+00 0.000000000000000000e+00 0.000000000000000000e+00 0.000000000000000000e+00
2.050000000000000000e+03 8.199921690981981648e-02 4.551661356395084266e-04 9.995448338643604380e-01 0.000000000000000000e+00 0.000000000000000000e+00 0.000000000000000000e+00
2.100000000000000000e+03 8.399919781005937836e-02 2.275830678197542133e-04 9.997724169321802190e-01 0.000000000000000000e+00 0.000000000000000000e+00 0.000000000000000000e+00
2.150000000000000000e+03 8.599917871029894023e-02 0.000000000000000000e+00 1.000000000000000000e+00 0.000000000000000000e+00 0.000000000000000000e+00 0.000000000000000000e+00
2.200000000000000000e+03 8.799915961053850211e-02 5.689576695493854790e-04 9.994310423304506585e-01 0.000000000000000000e+00 0.000000000000000000e+00 0.000000000000000000e+00
2.250000000000000000e+03 8.999914051077806398e-02 2.275830678197542133e-04 9.997724169321802190e-01 0.000000000000000000e+00 0.000000000000000000e+00 0.000000000000000000e+00
2.300000000000000000e+03 9.199912141101740382e-02 7.965407373691396923e-04 9.992034592626308775e-01 0.000000000000000000e+00 0.000000000000000000e+00 0.000000000000000000e+00
2.350000000000000000e+03 9.399910231125696569e-02 1.934456076467910759e-03 9.979517523896221931e-01 0.000000000000000000e+00 1.137915339098771066e-04 0.000000000000000000e+00
2.400000000000000000e+03 9.599908321149652757e-02 1.365498406918525280e-03 9.985207100591716456e-01 0.000000000000000000e+00 1.137915339098771066e-04 0.000000000000000000e+00
2.450000000000000000e+03 9.799906411173608944e-02 2.048247610377787811e-03 9.979517523896221931e-01 0.000000000000000000e+00 0.000000000000000000e+00 0.000000000000000000e+00
2.500000000000000000e+03 9.999904501197542928e-02 1.706873008648156654e-03 9.982931269913518646e-01 0.000000000000000000e+00 0.000000000000000000e+00 0.000000000000000000e+00
2.550000000000000000e+03 1.019990259122149912e-01 2.275830678197541916e-03 9.976103777878926326e-01 0.000000000000000000e+00 1.137915339098771066e-04 0.000000000000000000e+00
2.600000000000000000e+03 1.039990068124545530e-01 3.755120619025944465e-03 9.962448793809740577e-01 0.000000000000000000e+00 0.000000000000000000e+00 0.000000000000000000e+00
2.650000000000000000e+03 1.059989877126941149e-01 4.210286754665453109e-03 9.957897132453344957e-01 0.000000000000000000e+00 0.000000000000000000e+00 0.000000000000000000e+00
2.700000000000000000e+03 1.079989686129334547e-01 3.755120619025944465e-03 9.959035047792443862e-01 0.000000000000000000e+00 3.413746017296313199e-04 0.000000000000000000e+00
2.750000000000000000e+03 1.099989495131730166e-01 8.420573509330906217e-03 9.912380518889394310e-01 0.000000000000000000e+00 3.413746017296313199e-04 0.000000000000000000e+00
2.800000000000000000e+03 1.119989304134125785e-01 1.035502958579881741e-02 9.890760127446518446e-01 0.000000000000000000e+00 5.689576695493854790e-04 0.000000000000000000e+00
2.850000000000000000e+03 1.139989113136521404e-01 1.319981793354574502e-02 9.855484751934455723e-01 0.000000000000000000e+00 1.251706873008648227e-03 0.000000000000000000e+00
2.900000000000000000e+03 1.159988922138914802e-01 2.423759672280382388e-02 9.734865725989986229e-01 0.000000000000000000e+00 2.275830678197541916e-03 0.000000000000000000e+00
2.950000000000000000e+03 1.179988731141310421e-01 3.925807919890760000e-02 9.538006372325898985e-01 0.000000000000000000e+00 6.941283568502503235e-03 0.000000000000000000e+00
3.000000000000000000e+03 1.199988540143706039e-01 8.739189804278561791e-02 8.697086936731907025e-01 0.000000000000000000e+00 4.289940828402366568e-02 0.000000000000000000e+00
3.050000000000000000e+03 1.219988349146101658e-01 1.887801547564861293e-01 5.893263541192534927e-01 0.000000000000000000e+00 2.218934911242603503e-01 0.000000000000000000e+00
3.100000000000000000e+03 1.239988158148497277e-01 3.665225307237141572e-01 2.057350933090578149e-01 1.593081474738279385e-03 4.261492944924897830e-01 0.000000000000000000e+00
3.150000000000000000e+03 1.259987967150890675e-01 3.789258079198907780e-01 1.503186162949476656e-01 2.275830678197542133e-04 4.705279927173418031e-01 0.000000000000000000e+00
3.200000000000000000e+03 1.279987776153286294e-01 3.252162039144287919e-01 2.063040509786071841e-01 2.503413746017296455e-03 4.659763313609467383e-01 0.000000000000000000e+00
3.250000000000000000e+03 1.299987585155681913e-01 3.604915794264906825e-01 1.987938097405552995e-01 1.115157032316795548e-02 4.295630405097860538e-01 0.000000000000000000e+00
3.300000000000000000e+03 1.319987394158077532e-01 3.570778334091943562e-01 2.015248065543923661e-01 2.969959035047792587e-02 4.116977696859353553e-01 0.000000000000000000e+00
3.350000000000000000e+03 1.339987203160470930e-01 3.601502048247610110e-01 1.984524351388256835e-01 4.665452890304961492e-02 3.947428311333636697e-01 0.000000000000000000e+00
3.400000000000000000e+03 1.359987012162866549e-01 3.616294947655894210e-01 2.309968138370505353e-01 8.784706417842512438e-02 3.195266272189349332e-01 0.000000000000000000e+00
3.450000000000000000e+03 1.379986821165262167e-01 3.618570778334092020e-01 2.503413746017296160e-01 1.144742831133363642e-01 2.733272644515248317e-01 0.000000000000000000e+00
3.500000000000000000e+03 1.399986630167657786e-01 3.609467455621301890e-01 2.781065088757396220e-01 1.197086936731907164e-01 2.412380518889394587e-01 0.000000000000000000e+00
3.550000000000000000e+03 1.419986439170051185e-01 3.533227127901684139e-01 2.905097860719162428e-01 1.348429676832043622e-01 2.213245334547109811e-01 0.000000000000000000e+00
3.600000000000000000e+03 1.439986248172446803e-01 3.524123805188894010e-01 2.921028675466545432e-01 1.392808375056895642e-01 2.162039144287664916e-01 0.000000000000000000e+00
3.650000000000000000e+03 1.459986057174842422e-01 3.421711424670004775e-01 3.089440145653163383e-01 1.396222121074192080e-01 2.092626308602640040e-01 0.000000000000000000e+00
3.700000000000000000e+03 1.479985866177238041e-01 3.289713245334547342e-01 3.430814747382794905e-01 1.544151115157032239e-01 1.735320892125625791e-01 0.000000000000000000e+00
3.750000000000000000e+03 1.499985675179633660e-01 3.365953573054164538e-01 3.582157487482931502e-01 1.637460172963131622e-01 1.414428766499772339e-01 0.000000000000000000e+00
3.800000000000000000e+03 1.519985484182027058e-01 3.297678652708238567e-01 3.636777423759672279e-01 1.647701411015020379e-01 1.417842512517068776e-01 0.000000000000000000e+00
3.850000000000000000e+03 1.539985293184422677e-01 3.426263086026399840e-01 3.653846153846153633e-01 1.657942649066909413e-01 1.261948111060537114e-01 0.000000000000000000e+00
3.900000000000000000e+03 1.559985102186818295e-01 3.402366863905325611e-01 3.650432407828857473e-01 1.772872098315885214e-01 1.174328629949931702e-01 0.000000000000000000e+00
3.950000000000000000e+03 1.579984911189213914e-01 3.461538461538461453e-01 3.658397815202548697e-01 1.728493400091033194e-01 1.151570323167956239e-01 0.000000000000000000e+00
4.000000000000000000e+03 1.599984720191607313e-01 3.493400091033226906e-01 3.568502503413745752e-01 1.720527992717341692e-01 1.217569412835685094e-01 0.000000000000000000e+00
4.050000000000000000e+03 1.619984529194002931e-01 3.511606736458807720e-01 3.656121984524351443e-01 1.744424214838415921e-01 1.087847064178425194e-01 0.000000000000000000e+00
4.100000000000000000e+03 1.639984338196398550e-01 3.615157032316795860e-01 3.505917159763313751e-01 1.762630860263996457e-01 1.116294947655894348e-01 0.000000000000000000e+00
4.150000000000000000e+03 1.659984147198794169e-01 3.702776513427400995e-01 3.495675921711424716e-01 1.779699590350477811e-01 1.021847974510696339e-01 0.000000000000000000e+00
4.200000000000000000e+03 1.679983956201187567e-01 3.734638142922166448e-01 3.463814292216659263e-01 1.814974965862539702e-01 9.865725989986344480e-02 0.000000000000000000e+00
4.250000000000000000e+03 1.699983765203583186e-01 3.775603095129722586e-01 3.447883477469276259e-01 1.778561675011379184e-01 9.979517523896222486e-02 0.000000000000000000e+00
4.300000000000000000e+03 1.719983574205978805e-01 3.751706873008648357e-01 3.530951297223486329e-01 1.836595357305416398e-01 8.807464724624487762e-02 0.000000000000000000e+00
4.350000000000000000e+03 1.739983383208374423e-01 3.893946290395994270e-01 3.493400091033226906e-01 1.853664087391898030e-01 7.589895311788802390e-02 0.000000000000000000e+00
4.400000000000000000e+03 1.759983192210767822e-01 3.875739644970414011e-01 3.563950842057350687e-01 1.832043695949021334e-01 7.282658170232134132e-02 0.000000000000000000e+00
4.450000000000000000e+03 1.779983001213163440e-01 3.884842967683204140e-01 3.535502958579881394e-01 1.887801547564861293e-01 6.918525261720527564e-02 0.000000000000000000e+00
4.500000000000000000e+03 1.799982810215559059e-01 3.878015475648611821e-01 3.584433318161128756e-01 1.903732362312244020e-01 6.338188438780155420e-02 0.000000000000000000e+00
4.550000000000000000e+03 1.819982619217954678e-01 3.875739644970414011e-01 3.571916249431042467e-01 1.871870732817478289e-01 6.804733727810650945e-02 0.000000000000000000e+00
4.600000000000000000e+03 1.839982428220350297e-01 3.945152480655439442e-01 3.569640418752844657e-01 1.894629039599453890e-01 5.905780609922621494e-02 0.000000000000000000e+00
4.650000000000000000e+03 1.859982237222743695e-01 3.882567137005006885e-01 3.588984979517523821e-01 1.954938552571688637e-01 5.735093309057805872e-02 0.000000000000000000e+00
4.700000000000000000e+03 1.879982046225139314e-01 3.879153390987710726e-01 3.557123350022758368e-01 1.977696859353663961e-01 5.860263996358670846e-02 0.000000000000000000e+00
4.750000000000000000e+03 1.899981855227534933e-01 3.879153390987710726e-01 3.563950842057350687e-01 1.969731451979972736e-01 5.871643149749658508e-02 0.000000000000000000e+00
4.800000000000000000e+03 1.919981664229930551e-01 3.901911697769686049e-01 3.534365043240783044e-01 1.985662266727355463e-01 5.780609922621757213e-02 0.000000000000000000e+00
4.850000000000000000e+03 1.939981473232323950e-01 3.964497041420118606e-01 3.497951752389621971e-01 1.951524806554392477e-01 5.860263996358670846e-02 0.000000000000000000e+00
4.900000000000000000e+03 1.959981282234719568e-01 3.961083295402821891e-01 3.488848429676831842e-01 1.933318161128811941e-01 6.167501137915339104e-02 0.000000000000000000e+00
4.950000000000000000e+03 1.979981091237115187e-01 4.020254893035958288e-01 3.459262630860264198e-01 1.915111515703231682e-01 6.053709604005461792e-02 0.000000000000000000e+00
5.000000000000000000e+03 1.999980900239510806e-01 4.005461993627674189e-01 3.484296768320436777e-01 1.931042330450614408e-01 5.791989076012744875e-02 0.000000000000000000e+00
5.050000000000000000e+03 2.019980709241904204e-01 4.054392353208920996e-01 3.464952207555757613e-01 1.884387801547564856e-01 5.962676376877560497e-02 0.000000000000000000e+00
5.100000000000000000e+03 2.039980518244299823e-01 4.076012744651797970e-01 3.439918070095585034e-01 1.899180700955848955e-01 5.848884842967683184e-02 0.000000000000000000e+00
5.150000000000000000e+03 2.059980327246695442e-01 4.155666818388711881e-01 3.413746017296312996e-01 1.834319526627218866e-01 5.962676376877560497e-02 0.000000000000000000e+00
5.200000000000000000e+03 2.079980136249091061e-01 4.266044606281292895e-01 3.331816112881201830e-01 1.817250796540737234e-01 5.848884842967683184e-02 0.000000000000000000e+00
5.250000000000000000e+03 2.099979945251486679e-01 4.326354119253527641e-01 3.298816568047337472e-01 1.793354574419663283e-01 5.814747382794720199e-02 0.000000000000000000e+00
5.300000000000000000e+03 2.119979754253880078e-01 4.404870277651342647e-01 3.251024123805189014e-01 1.808147473827947105e-01 5.359581247155211642e-02 0.000000000000000000e+00
5.350000000000000000e+03 2.139979563256275696e-01 4.500455166135639562e-01 3.252162039144287919e-01 1.807009558488848477e-01 4.403732362312243881e-02 0.000000000000000000e+00
5.400000000000000000e+03 2.159979372258671315e-01 4.478834774692762588e-01 3.343195266272189214e-01 1.784251251706872876e-01 3.937187073281747662e-02 0.000000000000000000e+00
5.450000000000000000e+03 2.179979181261066934e-01 4.439007737824305910e-01 3.373918980427856318e-01 1.747837960855712358e-01 4.392353208921256219e-02 0.000000000000000000e+00
5.500000000000000000e+03 2.199978990263460332e-01 4.370732817478379384e-01 3.456986800182066388e-01 1.726217569412835662e-01 4.460628129267182190e-02 0.000000000000000000e+00
5.550000000000000000e+03 2.219978799265855951e-01 4.404870277651342647e-01 3.437642239417387224e-01 1.698907601274465273e-01 4.585798816568047165e-02 0.000000000000000000e+00
5.600000000000000000e+03 2.239978608268251570e-01 4.286527082385070408e-01 3.527537551206190169e-01 1.775147928994082747e-01 4.107874374146563284e-02 0.000000000000000000e+00
5.650000000000000000e+03 2.259978417270647189e-01 4.361629494765589254e-01 3.487710514337733492e-01 1.747837960855712358e-01 4.028220300409649651e-02 0.000000000000000000e+00
5.700000000000000000e+03 2.279978226273040587e-01 4.345698680018206805e-01 3.453573054164770229e-01 1.758079198907601393e-01 4.426490669094219205e-02 0.000000000000000000e+00
5.750000000000000000e+03 2.299978035275436206e-01 4.387801547564861293e-01 3.472917614929449392e-01 1.728493400091033194e-01 4.107874374146563284e-02 0.000000000000000000e+00
5.800000000000000000e+03 2.319977844277831824e-01 4.393491124260355263e-01 3.510468821119708815e-01 1.703459262630860338e-01 3.925807919890760000e-02 0.000000000000000000e+00
5.850000000000000000e+03 2.339977653280227443e-01 4.334319526627218866e-01 3.584433318161128756e-01 1.656804733727810786e-01 4.244424214838415921e-02 0.000000000000000000e+00
5.900000000000000000e+03 2.359977462282620841e-01 4.420801092398725651e-01 3.515020482476103880e-01 1.684114701866181174e-01 3.800637232589895026e-02 0.000000000000000000e+00
5.950000000000000000e+03 2.379977271285016460e-01 4.366181156121984319e-01 3.542330450614474269e-01 1.739872553482020856e-01 3.516158397815202785e-02 0.000000000000000000e+00
6.000000000000000000e+03 2.399977080287412079e-01 4.304733727810650668e-01 3.509330905780609910e-01 1.766044606281292617e-01 4.198907601274465273e-02 0.000000000000000000e+00
6.050000000000000000e+03 2.419976889289807698e-01 4.318388711879836417e-01 3.474055530268548297e-01 1.797906235776058348e-01 4.096495220755575623e-02 0.000000000000000000e+00
6.100000000000000000e+03 2.439976698292203316e-01 4.333181611288119961e-01 3.492262175694128556e-01 1.822940373236231204e-01 3.516158397815202785e-02 0.000000000000000000e+00
6.150000000000000000e+03 2.459976507294596715e-01 4.314974965862539702e-01 3.494538006372325811e-01 1.810423304506144637e-01 3.800637232589895026e-02 0.000000000000000000e+00
6.200000000000000000e+03 2.479976316296992334e-01 4.261492944924897830e-01 3.568502503413745752e-01 1.804733727810650945e-01 3.652708238507055422e-02 0.000000000000000000e+00
6.250000000000000000e+03 2.499976125299387952e-01 4.235320892125625791e-01 3.601502048247610110e-01 1.813837050523441075e-01 3.493400091033227461e-02 0.000000000000000000e+00
6.300000000000000000e+03 2.519975934301783571e-01 4.140873918980427781e-01 3.687983614019116896e-01 1.849112426035502965e-01 3.220300409649522189e-02 0.000000000000000000e+00
6.350000000000000000e+03 2.539975743304176969e-01 4.076012744651797970e-01 3.782430587164314906e-01 1.800182066454255880e-01 3.413746017296313134e-02 0.000000000000000000e+00
6.400000000000000000e+03 2.559975552306572588e-01 4.028220300409649512e-01 3.802913063268092975e-01 1.812699135184342170e-01 3.561675011379153433e-02 0.000000000000000000e+00
6.450000000000000000e+03 2.579975361308968207e-01 4.015703231679563223e-01 3.816568047337278169e-01 1.830905780609922706e-01 3.368229403732362487e-02 0.000000000000000000e+00
6.500000000000000000e+03 2.599975170311363826e-01 4.040737369139735802e-01 3.867774237596722786e-01 1.748975876194810986e-01 3.425125170687300796e-02 0.000000000000000000e+00
6.550000000000000000e+03 2.619974979313757224e-01 3.989531178880291185e-01 3.920118343195266308e-01 1.761492944924897552e-01 3.288575329995448160e-02 0.000000000000000000e+00
6.600000000000000000e+03 2.639974788316152843e-01 3.990669094219390090e-01 3.938324988620846567e-01 1.744424214838415921e-01 3.265817023213472836e-02 0.000000000000000000e+00
6.650000000000000000e+03 2.659974597318548462e-01 4.005461993627674189e-01 3.953117888029130667e-01 1.734182976786527164e-01 3.072371415566681890e-02 0.000000000000000000e+00
6.700000000000000000e+03 2.679974406320944080e-01 3.965634956759216956e-01 4.012289485662266508e-01 1.777423759672280279e-01 2.446517979062357712e-02 0.000000000000000000e+00
6.750000000000000000e+03 2.699974215323339699e-01 3.926945835229858628e-01 3.965634956759216956e-01 1.828629949931725174e-01 2.787892580791988956e-02 0.000000000000000000e+00
6.800000000000000000e+03 2.719974024325733097e-01 3.970186618115612021e-01 3.887118798361401950e-01 1.838871187983613931e-01 3.038233955393718558e-02 0.000000000000000000e+00
6.850000000000000000e+03 2.739973833328128716e-01 3.909877105143377274e-01 3.899635867091488239e-01 1.896904870277651423e-01 2.935821574874829254e-02 0.000000000000000000e+00
6.900000000000000000e+03 2.759973642330524335e-01 3.940600819299044377e-01 3.879153390987710726e-01 1.900318616294947582e-01 2.799271734182976618e-02 0.000000000000000000e+00
6.950000000000000000e+03 2.779973451332919954e-01 3.912152935821575084e-01 3.908739189804278369e-01 1.921939007737824279e-01 2.571688666363222686e-02 0.000000000000000000e+00
7.000000000000000000e+03 2.799973260335313352e-01 3.954255803368229572e-01 3.872325898953117851e-01 1.918525261720528119e-01 2.548930359581247015e-02 0.000000000000000000e+00
7.050000000000000000e+03 2.819973069337708971e-01 3.876877560309512916e-01 3.967910787437414766e-01 1.921939007737824279e-01 2.332726445152480746e-02 0.000000000000000000e+00
7.100000000000000000e+03 2.839972878340104590e-01 3.857532999544833752e-01 3.991807009558488994e-01 1.888939462903959920e-01 2.617205279927173334e-02 0.000000000000000000e+00
7.150000000000000000e+03 2.859972687342500208e-01 3.841602184797451303e-01 4.019116977696859383e-01 1.890077378243058825e-01 2.492034592626308706e-02 0.000000000000000000e+00
7.200000000000000000e+03 2.879972496344893607e-01 3.786982248520709970e-01 4.074874829312699065e-01 1.873008648156577194e-01 2.651342740100136666e-02 0.000000000000000000e+00
7.250000000000000000e+03 2.899972305347289225e-01 3.735776058261265353e-01 4.118115612198452458e-01 1.887801547564861293e-01 2.583067819754210348e-02 0.000000000000000000e+00
7.300000000000000000e+03 2.919972114349684844e-01 3.732362312243969193e-01 4.137460172963131622e-01 1.899180700955848955e-01 2.309968138370505075e-02 0.000000000000000000e+00
7.350000000000000000e+03 2.939971923352080463e-01 3.665225307237141572e-01 4.172735548475193235e-01 1.949248975876194945e-01 2.127901684114701791e-02 0.000000000000000000e+00
7.400000000000000000e+03 2.959971732354473861e-01 3.625398270368684339e-01 4.215976331360946627e-01 1.909421939007737712e-01 2.492034592626308706e-02 0.000000000000000000e+00
7.450000000000000000e+03 2.979971541356869480e-01 3.578743741465634787e-01 4.288802913063268218e-01 1.913973600364132777e-01 2.184797451069640448e-02 0.000000000000000000e+00
7.500000000000000000e+03 2.999971350359265099e-01 3.505917159763313751e-01 4.341147018661811741e-01 1.918525261720528119e-01 2.344105598543468408e-02 0.000000000000000000e+00
7.550000000000000000e+03 3.019971159361660717e-01 3.427401001365498190e-01 4.416249431042330587e-01 1.918525261720528119e-01 2.378243058716431393e-02 0.000000000000000000e+00
7.600000000000000000e+03 3.039970968364056336e-01 3.445607646791079004e-01 4.453800637232590010e-01 1.892353208921256358e-01 2.082385070550751144e-02 0.000000000000000000e+00
7.650000000000000000e+03 3.059970777366449735e-01 3.336367774237596895e-01 4.520937642239417631e-01 1.948111060537096040e-01 1.945835229858898507e-02 0.000000000000000000e+00
7.700000000000000000e+03 3.079970586368845353e-01 3.240782885753299980e-01 4.545971779699590209e-01 1.984524351388256835e-01 2.287209831588529751e-02 0.000000000000000000e+00
7.750000000000000000e+03 3.099970395371240972e-01 3.179335457441966328e-01 4.592626308602639762e-01 1.989076012744651900e-01 2.389622212107419055e-02 0.000000000000000000e+00
7.800000000000000000e+03 3.119970204373636591e-01 3.116750113791533772e-01 4.633591260810195900e-01 1.989076012744651900e-01 2.605826126536185672e-02 0.000000000000000000e+00
7.850000000000000000e+03 3.139970013376029989e-01 3.147473827947200875e-01 4.589212562585343602e-01 2.025489303595812418e-01 2.378243058716431393e-02 0.000000000000000000e+00
7.900000000000000000e+03 3.159969822378425608e-01 3.247610377787892855e-01 4.499317250796540657e-01 2.038006372325898985e-01 2.150659990896677115e-02 0.000000000000000000e+00
7.950000000000000000e+03 3.179969631380821227e-01 3.212335002275830687e-01 4.526627218934911046e-01 2.049385525716886647e-01 2.116522530723714129e-02 0.000000000000000000e+00
8.000000000000000000e+03 3.199969440383216845e-01 3.228265817023213691e-01 4.511834319526626946e-01 2.045971779699590487e-01 2.139280837505689453e-02 0.000000000000000000e+00
8.050000000000000000e+03 3.219969249385610244e-01 3.279472007282658308e-01 4.432180245789713036e-01 2.073281747837960876e-01 2.150659990896677115e-02 0.000000000000000000e+00
8.100000000000000000e+03 3.239969058388005863e-01 3.220300409649521911e-01 4.417387346381429492e-01 2.171142467000455045e-01 1.911697769685935522e-02 0.000000000000000000e+00
8.150000000000000000e+03 3.259968867390401481e-01 3.253299954483386269e-01 4.446973145197997135e-01 2.110832954028220299e-01 1.888939462903959851e-02 0.000000000000000000e+00
8.200000000000000000e+03 3.279968676392797100e-01 3.254437869822485174e-01 4.472007282658170269e-01 2.090350477924442507e-01 1.832043695949021542e-02 0.000000000000000000e+00
8.250000000000000000e+03 3.299968485395192719e-01 3.165680473372781134e-01 4.520937642239417631e-01 2.175694128356850388e-01 1.376877560309512985e-02 0.000000000000000000e+00
8.300000000000000000e+03 3.319968294397586117e-01 3.178197542102867423e-01 4.514110150204824756e-01 2.104005461993627701e-01 2.036868456986800149e-02 0.000000000000000000e+00
8.350000000000000000e+03 3.339968103399981736e-01 3.203231679563040557e-01 4.560764679107874309e-01 2.061902594446973214e-01 1.741010468821119553e-02 0.000000000000000000e+00
8.400000000000000000e+03 3.359967912402377355e-01 3.202093764223941652e-01 4.549385525716886924e-01 2.041420118343195145e-01 2.071005917159763482e-02 0.000000000000000000e+00
8.450000000000000000e+03 3.379967721404772973e-01 3.175921711424670169e-01 4.558488848429677054e-01 2.067592171142466906e-01 1.979972690031861493e-02 0.000000000000000000e+00
8.500000000000000000e+03 3.399967530407166372e-01 3.173645880746472359e-01 4.591488393263541412e-01 2.061902594446973214e-01 1.729631315430131891e-02 0.000000000000000000e+00
8.550000000000000000e+03 3.419967339409561990e-01 3.083750568957669413e-01 4.625625853436504120e-01 2.083522985889849910e-01 2.071005917159763482e-02 0.000000000000000000e+00
8.600000000000000000e+03 3.439967148411957609e-01 3.157715065999089910e-01 4.643832498862084934e-01 2.024351388256713791e-01 1.741010468821119553e-02 0.000000000000000000e+00
8.650000000000000000e+03 3.459966957414353228e-01 3.125853436504323901e-01 4.621074192080109055e-01 2.078971324533454845e-01 1.741010468821119553e-02 0.000000000000000000e+00
8.700000000000000000e+03 3.479966766416746626e-01 3.107646791078743642e-01 4.609695038689121671e-01 2.131315430131998090e-01 1.513427401001365448e-02 0.000000000000000000e+00
8.750000000000000000e+03 3.499966575419142245e-01 3.089440145653163383e-01 4.571005917159763343e-01 2.206417842512516936e-01 1.331360946745562164e-02 0.000000000000000000e+00
8.800000000000000000e+03 3.519966384421537864e-01 3.043923532089212736e-01 4.541420118343195145e-01 2.264451524806554428e-01 1.502048247610377786e-02 0.000000000000000000e+00
8.850000000000000000e+03 3.539966193423933483e-01 3.087164314974966128e-01 4.516385980883022566e-01 2.275830678197542090e-01 1.206190259444697363e-02 0.000000000000000000e+00
8.900000000000000000e+03 3.559966002426326881e-01 3.055302685480200120e-01 4.499317250796540657e-01 2.306554392353208915e-01 1.388256713700500647e-02 0.000000000000000000e+00
8.950000000000000000e+03 3.579965811428722500e-01 3.058716431497496835e-01 4.506144742831133532e-01 2.308830223031406448e-01 1.263086026399635846e-02 0.000000000000000000e+00
9.000000000000000000e+03 3.599965620431118118e-01 3.093991807009558448e-01 4.499317250796540657e-01 2.303140646335912478e-01 1.035502958579881741e-02 0.000000000000000000e+00
9.050000000000000000e+03 3.619965429433513737e-01 3.099681383705052418e-01 4.501593081474738467e-01 2.283796085571233592e-01 1.149294492489758707e-02 0.000000000000000000e+00
9.100000000000000000e+03 3.639965238435909356e-01 3.070095584888484219e-01 4.516385980883022566e-01 2.291761492944924816e-01 1.217569412835685025e-02 0.000000000000000000e+00
9.150000000000000000e+03 3.659965047438302754e-01 3.112198452435138707e-01 4.503868912152935722e-01 2.288347746927628656e-01 9.558488848429677609e-03 0.000000000000000000e+00
9.200000000000000000e+03 3.679964856440698373e-01 3.093991807009558448e-01 4.493627674101046687e-01 2.299726900318616318e-01 1.126536185707783383e-02 0.000000000000000000e+00
9.250000000000000000e+03 3.699964665443093992e-01 3.089440145653163383e-01 4.486800182066454368e-01 2.304278561675011383e-01 1.194811106053709528e-02 0.000000000000000000e+00
9.300000000000000000e+03 3.719964474445489611e-01 3.126991351843422806e-01 4.476558944014565333e-01 2.275830678197542090e-01 1.206190259444697363e-02 0.000000000000000000e+00
9.350000000000000000e+03 3.739964283447883009e-01 3.066681838871188059e-01 4.517523896222120916e-01 2.286071916249431124e-01 1.297223486572599005e-02 0.000000000000000000e+00
9.400000000000000000e+03 3.759964092450278628e-01 3.084888484296768318e-01 4.487938097405553273e-01 2.282658170232134687e-01 1.445152480655439303e-02 0.000000000000000000e+00
9.450000000000000000e+03 3.779963901452674246e-01 3.057578516158397930e-01 4.522075557578515981e-01 2.283796085571233592e-01 1.365498406918525323e-02 0.000000000000000000e+00
9.500000000000000000e+03 3.799963710455069865e-01 3.096267637687756258e-01 4.545971779699590209e-01 2.217796995903504875e-01 1.399635867091488309e-02 0.000000000000000000e+00
9.550000000000000000e+03 3.819963519457463264e-01 3.117888029130632677e-01 4.564178425125170468e-01 2.177969959035047920e-01 1.399635867091488309e-02 0.000000000000000000e+00
9.600000000000000000e+03 3.839963328459858882e-01 3.172507965407373454e-01 4.567592171142467183e-01 2.121074192080109333e-01 1.388256713700500647e-02 0.000000000000000000e+00
9.650000000000000000e+03 3.859963137462254501e-01 3.117888029130632677e-01 4.585798816568047442e-01 2.102867546654528796e-01 1.934456076467910846e-02 0.000000000000000000e+00
9.700000000000000000e+03 3.879962946464650120e-01 3.220300409649521911e-01 4.547109695038689114e-01 2.093764223941738667e-01 1.388256713700500647e-02 0.000000000000000000e+00
9.750000000000000000e+03 3.899962755467043518e-01 3.194128356850250428e-01 4.586936731907146347e-01 2.056213017751479244e-01 1.627218934911242587e-02 0.000000000000000000e+00
9.800000000000000000e+03 3.919962564469441357e-01 3.219162494310423561e-01 4.605143377332726606e-01 2.007282658170232159e-01 1.684114701866181243e-02 0.000000000000000000e+00
9.850000000000000000e+03 3.939962373471832535e-01 3.273782430587164338e-01 4.597177969959034827e-01 1.970869367319071364e-01 1.581702321347291593e-02 0.000000000000000000e+00
9.900000000000000000e+03 3.959962182474232595e-01 3.214610832954028496e-01 4.625625853436504120e-01 1.990213928083750528e-01 1.695493855257168905e-02 0.000000000000000000e+00
9.950000000000000000e+03 3.979961991476623773e-01 3.191852526172052618e-01 4.657487482931270129e-01 1.993627674101046965e-01 1.570323167956303931e-02 0.000000000000000000e+00
1.000000000000000000e+04 3.999961800479021612e-01 3.162266727355484974e-01 4.644970414201183284e-01 2.036868456986800080e-01 1.558944014565316269e-02 0.000000000000000000e+00
1.005000000000000000e+04 4.019961609481412790e-01 3.214610832954028496e-01 4.553937187073281989e-01 2.124487938097405493e-01 1.069640418752844727e-02 0.000000000000000000e+00
1.010000000000000000e+04 4.039961418483812849e-01 3.208921256258534527e-01 4.468593536640874109e-01 2.181383705052344080e-01 1.411015020482476144e-02 0.000000000000000000e+00
1.015000000000000000e+04 4.059961227486204027e-01 3.202093764223941652e-01 4.454938552571688914e-01 2.205279927173418308e-01 1.376877560309512985e-02 0.000000000000000000e+00
1.020000000000000000e+04 4.079961036488601867e-01 3.177059626763768518e-01 4.500455166135639562e-01 2.203004096495220776e-01 1.194811106053709528e-02 0.000000000000000000e+00
1.025000000000000000e+04 4.099960845490993044e-01 3.138370505234410746e-01 4.568730086481565533e-01 2.152935821574874786e-01 1.399635867091488309e-02 0.000000000000000000e+00
1.030000000000000000e+04 4.119960654493393104e-01 3.156577150659991005e-01 4.602867546654528796e-01 2.144970414201183562e-01 9.558488848429677609e-03 0.000000000000000000e+00
1.035000000000000000e+04 4.139960463495784282e-01 3.173645880746472359e-01 4.588074647246244697e-01 2.124487938097405493e-01 1.137915339098771045e-02 0.000000000000000000e+00
1.040000000000000000e+04 4.159960272498182121e-01 3.187300864815657553e-01 4.589212562585343602e-01 2.122212107419207960e-01 1.012744651797906244e-02 0.000000000000000000e+00
1.045000000000000000e+04 4.179960081500575519e-01 3.170232134729176199e-01 4.571005917159763343e-01 2.155211652253072319e-01 1.035502958579881741e-02 0.000000000000000000e+00
1.050000000000000000e+04 4.199959890502973359e-01 3.166818388711880039e-01 4.555075102412380339e-01 2.160901228948566288e-01 1.172052799271734204e-02 0.000000000000000000e+00
1.055000000000000000e+04 4.219959699505364537e-01 3.169094219390077294e-01 4.611970869367318926e-01 2.109695038689121394e-01 1.092398725534820224e-02 0.000000000000000000e+00
1.060000000000000000e+04 4.239959508507762376e-01 3.227127901684114786e-01 4.627901684114701930e-01 2.038006372325898985e-01 1.069640418752844727e-02 0.000000000000000000e+00
1.065000000000000000e+04 4.259959317510155774e-01 3.230541647701410946e-01 4.630177514792899185e-01 2.016385980883022289e-01 1.228948566226672687e-02 0.000000000000000000e+00
1.070000000000000000e+04 4.279959126512553613e-01 3.223714155666818626e-01 4.690487027765134487e-01 1.978834774692762866e-01 1.069640418752844727e-02 0.000000000000000000e+00
1.075000000000000000e+04 4.299958935514944791e-01 3.237369139736003820e-01 4.748520710059171424e-01 1.904870277651342647e-01 1.092398725534820224e-02 0.000000000000000000e+00
1.080000000000000000e+04 4.319958744517342630e-01 3.245334547109695045e-01 4.786071916249430847e-01 1.868456986800182129e-01 1.001365498406918582e-02 0.000000000000000000e+00
1.085000000000000000e+04 4.339958553519736029e-01 3.238507055075102170e-01 4.794037323623122626e-01 1.859353664087392000e-01 1.081019572143832562e-02 0.000000000000000000e+00
1.090000000000000000e+04 4.359958362522133868e-01 3.258989531178880239e-01 4.866863905325443662e-01 1.786527082385070686e-01 8.761948111060537808e-03 0.000000000000000000e+00
1.095000000000000000e+04 4.379958171524525046e-01 3.288575329995448437e-01 4.906690942193900895e-01 1.718252162039144160e-01 8.648156577150659455e-03 0.000000000000000000e+00
1.100000000000000000e+04 4.399957980526922885e-01 3.310195721438324856e-01 4.953345471096950448e-01 1.657942649066909413e-01 7.851615839781519654e-03 0.000000000000000000e+00
1.105000000000000000e+04 4.419957789529316283e-01 3.284023668639053373e-01 4.992034592626308775e-01 1.642011834319526686e-01 8.192990441511151245e-03 0.000000000000000000e+00
1.110000000000000000e+04 4.439957598531714122e-01 3.288575329995448437e-01 4.941966317705962508e-01 1.667045971779699542e-01 1.024123805188893906e-02 0.000000000000000000e+00
1.115000000000000000e+04 4.459957407534105300e-01 3.311333636777423761e-01 4.915794264906691025e-01 1.676149294492489672e-01 9.672280382339554228e-03 0.000000000000000000e+00
1.120000000000000000e+04 4.479957216536503140e-01 3.272644515248065433e-01 4.940828402366864158e-01 1.695493855257168836e-01 9.103322712790167665e-03 0.000000000000000000e+00
1.125000000000000000e+04 4.499957025538896538e-01 3.306781975421028696e-01 4.908966772872098150e-01 1.689804278561675144e-01 9.444697314519799256e-03 0.000000000000000000e+00
1.130000000000000000e+04 4.519956834541294377e-01 3.222576240327719721e-01 5.030723714155667103e-01 1.648839326354119283e-01 9.786071916249430847e-03 0.000000000000000000e+00
1.135000000000000000e+04 4.539956643543685555e-01 3.253299954483386269e-01 5.058033682294037492e-01 1.590805644060081792e-01 9.786071916249430847e-03 0.000000000000000000e+00
