# itime ezz other fcc hcp bcc ico
0.000000000000000000e+00 0.000000000000000000e+00 7.965407373691396923e-04 9.992034592626308775e-01 0.000000000000000000e+00 0.000000000000000000e+00 0.000000000000000000e+00
3.000000000000000000e+00 1.200010539094575890e-03 1.137915339098770958e-03 9.988620846609012061e-01 0.000000000000000000e+00 0.000000000000000000e+00 0.000000000000000000e+00
6.000000000000000000e+00 2.400021078189151780e-03 1.137915339098770958e-03 9.988620846609012061e-01 0.000000000000000000e+00 0.000000000000000000e+00 0.000000000000000000e+00
9.000000000000000000e+00 3.600031617283727670e-03 1.251706873008648227e-03 9.987482931269913156e-01 0.000000000000000000e+00 0.000000000000000000e+00 0.000000000000000000e+00
1.200000000000000000e+01 4.800042156378303559e-03 1.593081474738279385e-03 9.984069185252617551e-01 0.000000000000000000e+00 0.000000000000000000e+00 0.000000000000000000e+00
1.500000000000000000e+01 6.000052695473101494e-03 1.820664542558033706e-03 9.981793354574419741e-01 0.000000000000000000e+00 0.000000000000000000e+00 0.000000000000000000e+00
1.800000000000000000e+01 7.200063234567677384e-03 2.162039144287664864e-03 9.978379608557123026e-01 0.000000000000000000e+00 0.000000000000000000e+00 0.000000000000000000e+00
2.100000000000000000e+01 8.400073773662253274e-03 2.048247610377787811e-03 9.979517523896221931e-01 0.000000000000000000e+00 0.000000000000000000e+00 0.000000000000000000e+00
2.400000000000000000e+01 9.600084312756829164e-03 1.024123805188893906e-03 9.989758761948110966e-01 0.000000000000000000e+00 0.000000000000000000e+00 0.000000000000000000e+00
2.700000000000000000e+01 1.080009485185140505e-02 1.251706873008648227e-03 9.987482931269913156e-01 0.000000000000000000e+00 0.000000000000000000e+00 0.000000000000000000e+00
3.000000000000000000e+01 1.200010539094598094e-02 1.365498406918525280e-03 9.986345015930814251e-01 0.000000000000000000e+00 0.000000000000000000e+00 0.000000000000000000e+00
3.300000000000000000e+01 1.320011593004055683e-02 1.137915339098770958e-03 9.988620846609012061e-01 0.000000000000000000e+00 0.000000000000000000e+00 0.000000000000000000e+00
3.600000000000000000e+01 1.440012646913513272e-02 5.689576695493854790e-04 9.994310423304506585e-01 0.000000000000000000e+00 0.000000000000000000e+00 0.000000000000000000e+00
3.900000000000000000e+01 1.560013700822993066e-02 5.689576695493854790e-04 9.994310423304506585e-01 0.000000000000000000e+00 0.000000000000000000e+00 0.000000000000000000e+00
4.200000000000000000e+01 1.680014754732450655e-02 1.934456076467910759e-03 9.980655439235320836e-01 0.000000000000000000e+00 0.000000000000000000e+00 0.000000000000000000e+00
4.500000000000000000e+01 1.800015808641908244e-02 1.706873008648156654e-03 9.982931269913518646e-01 0.000000000000000000e+00 0.000000000000000000e+00 0.000000000000000000e+00
4.800000000000000000e+01 1.920016862551365833e-02 1.365498406918525280e-03 9.986345015930814251e-01 0.000000000000000000e+00 0.000000000000000000e+00 0.000000000000000000e+00
5.100000000000000000e+01 2.040017916460823422e-02 1.137915339098770958e-03 9.988620846609012061e-01 0.000000000000000000e+00 0.000000000000000000e+00 0.000000000000000000e+00
5.400000000000000000e+01 2.160018970370281011e-02 9.103322712790168532e-04 9.990896677287209870e-01 0.000000000000000000e+00 0.000000000000000000e+00 0.000000000000000000e+00
5.700000000000000000e+01 2.280020024279738600e-02 1.479289940828402332e-03 9.985207100591716456e-01 0.000000000000000000e+00 0.000000000000000000e+00 0.000000000000000000e+00
6.000000000000000000e+01 2.400021078189196189e-02 2.162039144287664864e-03 9.977241693218024121e-01 0.000000000000000000e+00 1.137915339098771066e-04 0.000000000000000000e+00
6.300000000000000000e+01 2.520022132098653778e-02 2.730996813837050560e-03 9.972690031861629611e-01 0.000000000000000000e+00 0.000000000000000000e+00 0.000000000000000000e+00
6.600000000000000000e+01 2.640023186008133571e-02 2.730996813837050560e-03 9.971552116522530707e-01 0.000000000000000000e+00 1.137915339098771066e-04 0.000000000000000000e+00
6.900000000000000000e+01 2.760024239917591160e-02 2.958579881656804664e-03 9.967000455166135087e-01 0.000000000000000000e+00 3.413746017296313199e-04 0.000000000000000000e+00
7.200000000000000000e+01 2.880025293827048749e-02 3.527537551206190360e-03 9.962448793809740577e-01 0.000000000000000000e+00 2.275830678197542133e-04 0.000000000000000000e+00
7.500000000000000000e+01 3.000026347736506338e-02 4.437869822485207214e-03 9.951069640418752638e-01 0.000000000000000000e+00 4.551661356395084266e-04 0.000000000000000000e+00
7.800000000000000000e+01 3.120027401645963927e-02 5.234410559854347014e-03 9.943104233045061413e-01 0.000000000000000000e+00 4.551661356395084266e-04 0.000000000000000000e+00
8.100000000000000000e+01 3.240028455555421516e-02 4.893035958124715423e-03 9.946517979062358128e-01 0.000000000000000000e+00 4.551661356395084266e-04 0.000000000000000000e+00
8.400000000000000000e+01 3.360029509464879105e-02 3.982703686845699004e-03 9.956759217114247162e-01 0.000000000000000000e+00 3.413746017296313199e-04 0.000000000000000000e+00
8.700000000000000000e+01 3.480030563374336694e-02 2.958579881656804664e-03 9.968138370505233992e-01 0.000000000000000000e+00 2.275830678197542133e-04 0.000000000000000000e+00
9.000000000000000000e+01 3.600031617283816487e-02 3.413746017296313308e-03 9.964724624487938387e-01 0.000000000000000000e+00 1.137915339098771066e-04 0.000000000000000000e+00
9.300000000000000000e+01 3.720032671193274076e-02 3.868912152935821518e-03 9.959035047792443862e-01 0.000000000000000000e+00 2.275830678197542133e-04 0.000000000000000000e+00
9.600000000000000000e+01 3.840033725102731665e-02 5.461993627674101119e-03 9.941966317705962508e-01 0.000000000000000000e+00 3.413746017296313199e-04 0.000000000000000000e+00
9.900000000000000000e+01 3.960034779012189254e-02 6.713700500682749130e-03 9.927173418297678964e-01 0.000000000000000000e+00 5.689576695493854790e-04 0.000000000000000000e+00
1.020000000000000000e+02 4.080035832921646843e-02 9.899863450159307465e-03 9.899863450159308575e-01 0.000000000000000000e+00 1.137915339098771066e-04 0.000000000000000000e+00
1.050000000000000000e+02 4.200036886831104432e-02 9.330905780609922637e-03 9.906690942193900895e-01 0.000000000000000000e+00 0.000000000000000000e+00 0.000000000000000000e+00
1.080000000000000000e+02 4.320037940740562021e-02 7.851615839781519654e-03 9.920345926263085534e-01 0.000000000000000000e+00 1.137915339098771066e-04 0.000000000000000000e+00
1.110000000000000000e+02 4.440038994650019610e-02 8.648156577150659455e-03 9.911242603550295405e-01 0.000000000000000000e+00 2.275830678197542133e-04 0.000000000000000000e+00
1.140000000000000000e+02 4.560040048559499404e-02 6.941283568502503235e-03 9.929449248975875664e-01 0.000000000000000000e+00 1.137915339098771066e-04 0.000000000000000000e+00
1.170000000000000000e+02 4.680041102468956993e-02 7.624032771961766417e-03 9.922621756941283344e-01 0.000000000000000000e+00 1.137915339098771066e-04 0.000000000000000000e+00
1.200000000000000000e+02 4.800042156378414582e-02 8.875739644970414427e-03 9.906690942193900895e-01 0.000000000000000000e+00 4.551661356395084266e-04 0.000000000000000000e+00
1.230000000000000000e+02 4.920043210287872171e-02 1.137915339098771045e-02 9.879380974055530507e-01 0.000000000000000000e+00 6.827492034592626399e-04 0.000000000000000000e+00
1.260000000000000000e+02 5.040044264197329760e-02 1.274465179790623508e-02 9.863450159308146947e-01 0.000000000000000000e+00 9.103322712790168532e-04 0.000000000000000000e+00
1.290000000000000000e+02 5.160045318106787349e-02 1.376877560309512985e-02 9.854346836595356818e-01 0.000000000000000000e+00 7.965407373691396923e-04 0.000000000000000000e+00
1.320000000000000000e+02 5.280046372016244938e-02 1.263086026399635846e-02 9.865725989986344757e-01 0.000000000000000000e+00 7.965407373691396923e-04 0.000000000000000000e+00
1.350000000000000000e+02 5.400047425925702527e-02 1.240327719617660522e-02 9.870277651342740377e-01 0.000000000000000000e+00 5.689576695493854790e-04 0.000000000000000000e+00
1.380000000000000000e+02 5.520048479835160116e-02 1.467910787437414627e-02 9.849795175238962308e-01 0.000000000000000000e+00 3.413746017296313199e-04 0.000000000000000000e+00
1.410000000000000000e+02 5.640049533744639909e-02 1.661356395084205573e-02 9.831588529813382049e-01 0.000000000000000000e+00 2.275830678197542133e-04 0.000000000000000000e+00
1.440000000000000000e+02 5.760050587654097498e-02 1.843422849340009204e-02 9.808830223031406170e-01 0.000000000000000000e+00 6.827492034592626399e-04 0.000000000000000000e+00
1.470000000000000000e+02 5.880051641563555087e-02 2.002730996813837164e-02 9.790623577605825911e-01 0.000000000000000000e+00 9.103322712790168532e-04 0.000000000000000000e+00
1.500000000000000000e+02 6.000052695473012676e-02 2.150659990896677115e-02 9.778106508875740177e-01 0.000000000000000000e+00 6.827492034592626399e-04 0.000000000000000000e+00
1.530000000000000000e+02 6.120053749382470265e-02 2.435138825671370050e-02 9.754210286754665393e-01 0.000000000000000000e+00 2.275830678197542133e-04 0.000000000000000000e+00
1.560000000000000000e+02 6.240054803291927854e-02 2.435138825671370050e-02 9.754210286754665393e-01 0.000000000000000000e+00 2.275830678197542133e-04 0.000000000000000000e+00
1.590000000000000000e+02 6.360055857201385443e-02 2.605826126536185672e-02 9.732589895311788419e-01 0.000000000000000000e+00 6.827492034592626399e-04 0.000000000000000000e+00
1.620000000000000000e+02 6.480056911110843032e-02 2.639963586709149004e-02 9.728038233955393910e-01 0.000000000000000000e+00 7.965407373691396923e-04 0.000000000000000000e+00
1.650000000000000000e+02 6.600057965020322825e-02 2.617205279927173334e-02 9.724624487938097195e-01 0.000000000000000000e+00 1.365498406918525280e-03 0.000000000000000000e+00
1.680000000000000000e+02 6.720059018929780414e-02 2.753755120619025970e-02 9.713245334547109255e-01 0.000000000000000000e+00 1.137915339098770958e-03 0.000000000000000000e+00
1.710000000000000000e+02 6.840060072839238003e-02 3.117888029130632538e-02 9.680245789713245452e-01 0.000000000000000000e+00 7.965407373691396923e-04 0.000000000000000000e+00
1.740000000000000000e+02 6.960061126748695592e-02 2.856167501137915274e-02 9.706417842512516936e-01 0.000000000000000000e+00 7.965407373691396923e-04 0.000000000000000000e+00
1.770000000000000000e+02 7.080062180658153181e-02 3.299954483386435822e-02 9.655211652253072874e-01 0.000000000000000000e+00 1.479289940828402332e-03 0.000000000000000000e+00
1.800000000000000000e+02 7.200063234567610770e-02 4.164770141101502288e-02 9.568730086481566088e-01 0.000000000000000000e+00 1.479289940828402332e-03 0.000000000000000000e+00
1.830000000000000000e+02 7.320064288477068359e-02 4.289940828402366568e-02 9.548247610377788019e-01 0.000000000000000000e+00 2.275830678197541916e-03 0.000000000000000000e+00
1.860000000000000000e+02 7.440065342386525948e-02 4.824761037778789452e-02 9.494765589440146147e-01 0.000000000000000000e+00 2.275830678197541916e-03 0.000000000000000000e+00
1.890000000000000000e+02 7.560066396295983537e-02 5.166135639508420696e-02 9.461766044606281234e-01 0.000000000000000000e+00 2.162039144287664864e-03 0.000000000000000000e+00
1.920000000000000000e+02 7.680067450205463331e-02 5.723714155666818210e-02 9.399180700955849233e-01 0.000000000000000000e+00 2.844788347746927612e-03 0.000000000000000000e+00
1.950000000000000000e+02 7.800068504114920920e-02 6.269913518434228061e-02 9.340009103322712836e-01 0.000000000000000000e+00 3.299954483386436255e-03 0.000000000000000000e+00
1.980000000000000000e+02 7.920069558024378509e-02 6.599908966772871644e-02 9.312699135184342447e-01 0.000000000000000000e+00 2.730996813837050560e-03 0.000000000000000000e+00
2.010000000000000000e+02 8.040070611933836098e-02 6.884387801547564578e-02 9.285389167045972059e-01 0.000000000000000000e+00 2.617205279927173507e-03 0.000000000000000000e+00
2.040000000000000000e+02 8.160071665843293687e-02 6.873008648156576916e-02 9.272872098315885214e-01 0.000000000000000000e+00 3.982703686845699004e-03 0.000000000000000000e+00
2.070000000000000000e+02 8.280072719752751276e-02 6.964041875284478211e-02 9.268320436959490705e-01 0.000000000000000000e+00 3.527537551206190360e-03 0.000000000000000000e+00
2.100000000000000000e+02 8.400073773662208865e-02 7.498862084660901095e-02 9.208010923987255403e-01 0.000000000000000000e+00 4.210286754665453109e-03 0.000000000000000000e+00
2.130000000000000000e+02 8.520074827571666454e-02 7.806099226217569353e-02 9.177287209831588299e-01 0.000000000000000000e+00 4.210286754665453109e-03 0.000000000000000000e+00
2.160000000000000000e+02 8.640075881481146247e-02 8.272644515248064878e-02 9.132908511606736557e-01 0.000000000000000000e+00 3.982703686845699004e-03 0.000000000000000000e+00
2.190000000000000000e+02 8.760076935390603836e-02 8.420573509330905870e-02 9.120391442876649712e-01 0.000000000000000000e+00 3.755120619025944465e-03 0.000000000000000000e+00
2.220000000000000000e+02 8.880077989300061425e-02 8.716431497496586467e-02 9.089667728720982609e-01 0.000000000000000000e+00 3.868912152935821518e-03 0.000000000000000000e+00
2.250000000000000000e+02 9.000079043209519014e-02 9.342284934000910646e-02 9.023668639053253893e-01 0.000000000000000000e+00 4.210286754665453109e-03 0.000000000000000000e+00
2.280000000000000000e+02 9.120080097118976603e-02 1.010468821119708677e-01 8.944014565316340537e-01 0.000000000000000000e+00 4.551661356395083832e-03 0.000000000000000000e+00
2.310000000000000000e+02 9.240081151028434192e-02 1.111743286299499284e-01 8.837050523441055683e-01 0.000000000000000000e+00 5.120619025944469528e-03 0.000000000000000000e+00
2.340000000000000000e+02 9.360082204937891781e-02 1.178880291306326766e-01 8.757396449704142327e-01 0.000000000000000000e+00 6.372325898953117539e-03 0.000000000000000000e+00
2.370000000000000000e+02 9.480083258847349370e-02 1.248293126991351781e-01 8.687983614019116896e-01 0.000000000000000000e+00 6.372325898953117539e-03 0.000000000000000000e+00
2.400000000000000000e+02 9.600084312756829164e-02 1.322257624032771861e-01 8.604915794264906825e-01 0.000000000000000000e+00 7.282658170232134826e-03 0.000000000000000000e+00
2.430000000000000000e+02 9.720085366666286752e-02 1.412152935821574806e-01 8.517296313154301135e-01 0.000000000000000000e+00 7.055075102412380721e-03 0.000000000000000000e+00
2.460000000000000000e+02 9.840086420575744341e-02 1.494082840236686527e-01 8.433090578060992160e-01 0.000000000000000000e+00 7.282658170232134826e-03 0.000000000000000000e+00
2.490000000000000000e+02 9.960087474485201930e-02 1.565771506599908935e-01 8.347746927628584279e-01 0.000000000000000000e+00 8.648156577150659455e-03 0.000000000000000000e+00
2.520000000000000000e+02 1.008008852839465952e-01 1.675011379153391045e-01 8.228265817023213691e-01 0.000000000000000000e+00 9.672280382339554228e-03 0.000000000000000000e+00
2.550000000000000000e+02 1.020008958230411711e-01 1.731907146108329631e-01 8.165680473372780579e-01 0.000000000000000000e+00 1.024123805188893906e-02 0.000000000000000000e+00
2.580000000000000000e+02 1.032009063621357470e-01 1.847974510696404060e-01 8.023441055985435222e-01 0.000000000000000000e+00 1.285844333181611343e-02 0.000000000000000000e+00
2.610000000000000000e+02 1.044009169012303229e-01 1.923076923076923184e-01 7.946062812926718566e-01 0.000000000000000000e+00 1.308602639963586667e-02 0.000000000000000000e+00
2.640000000000000000e+02 1.056009274403248988e-01 2.035730541647701453e-01 7.816340464269457833e-01 0.000000000000000000e+00 1.479289940828402289e-02 0.000000000000000000e+00
2.670000000000000000e+02 1.068009379794196967e-01 2.132453345471096995e-01 7.702548930359581769e-01 0.000000000000000000e+00 1.649977241693217911e-02 0.000000000000000000e+00
2.700000000000000000e+02 1.080009485185142726e-01 2.261037778789257990e-01 7.568274920345926526e-01 0.000000000000000000e+00 1.706873008648156567e-02 0.000000000000000000e+00
2.730000000000000000e+02 1.092009590576088485e-01 2.432862994993172379e-01 7.379380974055530507e-01 0.000000000000000000e+00 1.877560309512972189e-02 0.000000000000000000e+00
2.760000000000000000e+02 1.104009695967034244e-01 2.569412835685024876e-01 7.242831133363677454e-01 0.000000000000000000e+00 1.877560309512972189e-02 0.000000000000000000e+00
2.790000000000000000e+02 1.116009801357980002e-01 2.719617660446062568e-01 7.088074647246245252e-01 0.000000000000000000e+00 1.923076923076923184e-02 0.000000000000000000e+00
2.820000000000000000e+02 1.128009906748925761e-01 2.897132453345471204e-01 6.883249886208465673e-01 0.000000000000000000e+00 2.196176604460628110e-02 0.000000000000000000e+00
2.850000000000000000e+02 1.140010012139871520e-01 3.092853891670459543e-01 6.672735548475193790e-01 0.000000000000000000e+00 2.344105598543468408e-02 0.000000000000000000e+00
2.880000000000000000e+02 1.152010117530817279e-01 3.218024578971324656e-01 6.500910332271279124e-01 0.000000000000000000e+00 2.810650887573964626e-02 0.000000000000000000e+00
2.910000000000000000e+02 1.164010222921765259e-01 3.380746472462448637e-01 6.321119708693673234e-01 0.000000000000000000e+00 2.981338188438780248e-02 0.000000000000000000e+00
2.940000000000000000e+02 1.176010328312711017e-01 3.493400091033226906e-01 6.194811106053709215e-01 1.137915339098771066e-04 3.106508875739644876e-02 0.000000000000000000e+00
2.970000000000000000e+02 1.188010433703656776e-01 3.656121984524351443e-01 6.027537551206190169e-01 1.137915339098771066e-04 3.152025489303595523e-02 0.000000000000000000e+00
3.000000000000000000e+02 1.200010539094602535e-01 3.759672280382339582e-01 5.918297678652708615e-01 1.137915339098771066e-04 3.208921256258534527e-02 0.000000000000000000e+00
3.030000000000000000e+02 1.212010644485548294e-01 3.857532999544833752e-01 5.779472007282657753e-01 1.137915339098771066e-04 3.618570778334091742e-02 0.000000000000000000e+00
3.060000000000000000e+02 1.224010749876494053e-01 4.013427401001365413e-01 5.634956759217114586e-01 2.275830678197542133e-04 3.493400091033227461e-02 0.000000000000000000e+00
3.090000000000000000e+02 1.236010855267439812e-01 4.114701866181156298e-01 5.514337733272643982e-01 2.275830678197542133e-04 3.686845698680018407e-02 0.000000000000000000e+00
3.120000000000000000e+02 1.248010960658385571e-01 4.233045061447428536e-01 5.360719162494310686e-01 4.551661356395084266e-04 4.016841147018661989e-02 0.000000000000000000e+00
3.150000000000000000e+02 1.260011066049331330e-01 4.360491579426490905e-01 5.186618115612198210e-01 9.103322712790168532e-04 4.437869822485206867e-02 0.000000000000000000e+00
3.180000000000000000e+02 1.272011171440279309e-01 4.523213472917614886e-01 4.973827947200728516e-01 1.024123805188893906e-03 4.927173418297678409e-02 0.000000000000000000e+00
3.210000000000000000e+02 1.284011276831225068e-01 4.652935821574875064e-01 4.809968138370505075e-01 9.103322712790168532e-04 5.279927173418298009e-02 0.000000000000000000e+00
3.240000000000000000e+02 1.296011382222170827e-01 4.812243969048702885e-01 4.643832498862084934e-01 7.965407373691396923e-04 5.359581247155211642e-02 0.000000000000000000e+00
3.270000000000000000e+02 1.308011487613116586e-01 4.984069185252616996e-01 4.426490669094219621e-01 5.689576695493854790e-04 5.837505689576695522e-02 0.000000000000000000e+00
3.300000000000000000e+02 1.320011593004062345e-01 5.113791533909877174e-01 4.254665452890304955e-01 3.413746017296313199e-04 6.281292671825215723e-02 0.000000000000000000e+00
3.330000000000000000e+02 1.332011698395008104e-01 5.223031406463358728e-01 4.096495220755576039e-01 7.965407373691396923e-04 6.725079654073737312e-02 0.000000000000000000e+00
3.360000000000000000e+02 1.344011803785953862e-01 5.357305416477013971e-01 3.918980427856167403e-01 1.137915339098770958e-03 7.123350022758306865e-02 0.000000000000000000e+00
3.390000000000000000e+02 1.356011909176899621e-01 5.582612653618570508e-01 3.672052799271734447e-01 7.965407373691396923e-04 7.373691397360036814e-02 0.000000000000000000e+00
3.420000000000000000e+02 1.368012014567847601e-01 5.716886663632225751e-01 3.483158852981338427e-01 1.479289940828402332e-03 7.851615839781520001e-02 0.000000000000000000e+00
3.450000000000000000e+02 1.380012119958793360e-01 5.859126081019572219e-01 3.309057806099225951e-01 2.048247610377787811e-03 8.113336367774237612e-02 0.000000000000000000e+00
3.480000000000000000e+02 1.392012225349739118e-01 5.993400091033227461e-01 3.133818843878015681e-01 2.162039144287664864e-03 8.511606736458807165e-02 0.000000000000000000e+00
3.510000000000000000e+02 1.404012330740684877e-01 6.102639963586709015e-01 2.961993627674101015e-01 3.072371415566681717e-03 9.046426945835230049e-02 0.000000000000000000e+00
3.540000000000000000e+02 1.416012436131630636e-01 6.205052344105598250e-01 2.789030496131087999e-01 3.299954483386436255e-03 9.729176149294492537e-02 0.000000000000000000e+00
3.570000000000000000e+02 1.428012541522576395e-01 6.317705962676376519e-01 2.611515703231679364e-01 3.755120619025944465e-03 1.033227127901684139e-01 0.000000000000000000e+00
3.600000000000000000e+02 1.440012646913522154e-01 6.423532089212562468e-01 2.459035047792444140e-01 4.437869822485207214e-03 1.073054164770141095e-01 0.000000000000000000e+00
3.630000000000000000e+02 1.452012752304467913e-01 6.505461993627673634e-01 2.332726445152480677e-01 4.210286754665453109e-03 1.119708693673190647e-01 0.000000000000000000e+00
3.660000000000000000e+02 1.464012857695415892e-01 6.618115612198451903e-01 2.175694128356850388e-01 5.234410559854347014e-03 1.153846153846153910e-01 0.000000000000000000e+00
3.690000000000000000e+02 1.476012963086361651e-01 6.755803368229403860e-01 2.031178880291306388e-01 6.030951297223486815e-03 1.152708238507055144e-01 0.000000000000000000e+00
3.720000000000000000e+02 1.488013068477307410e-01 6.884387801547564578e-01 1.852526172052799402e-01 6.030951297223486815e-03 1.202776513427400995e-01 0.000000000000000000e+00
3.750000000000000000e+02 1.500013173868253169e-01 6.934456076467910846e-01 1.737596722803823324e-01 7.168866636322257339e-03 1.256258534365043145e-01 0.000000000000000000e+00
3.780000000000000000e+02 1.512013279259198928e-01 6.989076012744651623e-01 1.621529358215748617e-01 7.965407373691398007e-03 1.309740555302685572e-01 0.000000000000000000e+00
3.810000000000000000e+02 1.524013384650144687e-01 7.047109695038689114e-01 1.531634046426945950e-01 8.192990441511151245e-03 1.339326354119253493e-01 0.000000000000000000e+00
3.840000000000000000e+02 1.536013490041090446e-01 7.105143377332726606e-01 1.423532089212562468e-01 1.001365498406918582e-02 1.371187983614019223e-01 0.000000000000000000e+00
3.870000000000000000e+02 1.548013595432036205e-01 7.143832498862084934e-01 1.335912608101957333e-01 1.115157032316795548e-02 1.408739189804278646e-01 0.000000000000000000e+00
3.900000000000000000e+02 1.560013700822981964e-01 7.196176604460627901e-01 1.241465634956759184e-01 1.172052799271734204e-02 1.445152480655439164e-01 0.000000000000000000e+00
3.930000000000000000e+02 1.572013806213929943e-01 7.253072371415566488e-01 1.168639053254437871e-01 1.228948566226672687e-02 1.455393718707328199e-01 0.000000000000000000e+00
3.960000000000000000e+02 1.584013911604875702e-01 7.317933545744196300e-01 1.088984979517523960e-01 1.183431952662721866e-02 1.474738279472007363e-01 0.000000000000000000e+00
3.990000000000000000e+02 1.596014016995821461e-01 7.355484751934455723e-01 1.032089212562585373e-01 1.319981793354574502e-02 1.480427856167501055e-01 0.000000000000000000e+00
4.020000000000000000e+02 1.608014122386767220e-01 7.372553482020938187e-01 9.911242603550296515e-02 1.319981793354574502e-02 1.504324078288575284e-01 0.000000000000000000e+00
4.050000000000000000e+02 1.620014227777712978e-01 7.387346381429221731e-01 9.638142922166591242e-02 1.331360946745562164e-02 1.515703231679562946e-01 0.000000000000000000e+00
4.080000000000000000e+02 1.632014333168658737e-01 7.459035047792443862e-01 8.796085571233500100e-02 1.547564861174328607e-02 1.506599908966772816e-01 0.000000000000000000e+00
4.110000000000000000e+02 1.644014438559604496e-01 7.520482476103778069e-01 7.999544833864360993e-02 1.547564861174328607e-02 1.524806554392353075e-01 0.000000000000000000e+00
4.140000000000000000e+02 1.656014543950550255e-01 7.520482476103778069e-01 7.806099226217569353e-02 1.684114701866181243e-02 1.530496131087847045e-01 0.000000000000000000e+00
4.170000000000000000e+02 1.668014649341498234e-01 7.526172052799271484e-01 7.430587164314975124e-02 1.934456076467910846e-02 1.537323623122439642e-01 0.000000000000000000e+00
4.200000000000000000e+02 1.680014754732443993e-01 7.573964497041419941e-01 6.952662721893490549e-02 2.036868456986800149e-02 1.527082385070550885e-01 0.000000000000000000e+00
4.230000000000000000e+02 1.692014860123389752e-01 7.670687300864815761e-01 6.235776058261265076e-02 2.036868456986800149e-02 1.502048247610377751e-01 0.000000000000000000e+00
4.260000000000000000e+02 1.704014965514335511e-01 7.699135184342285054e-01 6.030951297223486468e-02 2.184797451069640448e-02 1.479289940828402428e-01 0.000000000000000000e+00
4.290000000000000000e+02 1.716015070905281270e-01 7.683204369594902605e-01 6.030951297223486468e-02 2.207555757851615771e-02 1.492944924897587622e-01 0.000000000000000000e+00
4.320000000000000000e+02 1.728015176296227029e-01 7.720755575785162028e-01 5.666818388711879900e-02 2.207555757851615771e-02 1.491807009558488717e-01 0.000000000000000000e+00
4.350000000000000000e+02 1.740015281687172788e-01 7.762858443331815961e-01 5.439235320892125969e-02 2.321347291761493084e-02 1.461083295402822169e-01 0.000000000000000000e+00
4.380000000000000000e+02 1.752015387078118547e-01 7.786754665452890745e-01 5.257168866636321991e-02 2.378243058716431393e-02 1.449704142011834229e-01 0.000000000000000000e+00
4.410000000000000000e+02 1.764015492469064306e-01 7.815202548930360038e-01 5.268548020027309653e-02 2.218934911242603433e-02 1.436049157942649035e-01 0.000000000000000000e+00
4.440000000000000000e+02 1.776015597860012285e-01 7.868684569868001910e-01 4.972690031861629750e-02 2.321347291761493084e-02 1.401911697769686049e-01 0.000000000000000000e+00
4.470000000000000000e+02 1.788015703250958044e-01 7.930131998179335007e-01 4.551661356395084179e-02 2.423759672280382388e-02 1.372325898953117851e-01 0.000000000000000000e+00
4.500000000000000000e+02 1.800015808641903803e-01 8.001820664542558248e-01 4.335457441966317910e-02 2.401001365498407064e-02 1.324533454710969393e-01 0.000000000000000000e+00
4.530000000000000000e+02 1.812015914032849562e-01 8.029130632680928636e-01 4.153390987710514626e-02 2.423759672280382388e-02 1.313154301319981732e-01 0.000000000000000000e+00
4.560000000000000000e+02 1.824016019423795321e-01 8.056440600819299025e-01 4.085116067364587961e-02 2.492034592626308706e-02 1.285844333181611343e-01 0.000000000000000000e+00
4.590000000000000000e+02 1.836016124814741080e-01 8.114474283113336517e-01 3.982703686845699004e-02 2.344105598543468408e-02 1.252844788347746985e-01 0.000000000000000000e+00
4.620000000000000000e+02 1.848016230205686838e-01 8.158852981338188259e-01 3.743741465634956717e-02 2.366863905325443732e-02 1.230086481565771522e-01 0.000000000000000000e+00
4.650000000000000000e+02 1.860016335596632597e-01 8.174783796085570708e-01 3.550295857988165771e-02 2.355484751934456070e-02 1.234638142922166587e-01 0.000000000000000000e+00
4.680000000000000000e+02 1.872016440987580577e-01 8.149749658625398130e-01 3.709604005461993731e-02 2.514792899408284030e-02 1.227810650887573990e-01 0.000000000000000000e+00
4.710000000000000000e+02 1.884016546378526336e-01 8.210059171597633432e-01 3.641329085116067066e-02 2.583067819754210348e-02 1.167501137915339104e-01 0.000000000000000000e+00
4.740000000000000000e+02 1.896016651769472094e-01 8.218024578971324656e-01 3.470641784251251444e-02 2.605826126536185672e-02 1.174328629949931702e-01 0.000000000000000000e+00
4.770000000000000000e+02 1.908016757160417853e-01 8.280609922621756658e-01 3.402366863905325473e-02 2.537551206190259354e-02 1.125398270368684617e-01 0.000000000000000000e+00
4.800000000000000000e+02 1.920016862551363612e-01 8.302230314064633632e-01 3.356850250341374825e-02 2.492034592626308706e-02 1.112881201638598050e-01 0.000000000000000000e+00
4.830000000000000000e+02 1.932016967942309371e-01 8.361401911697770029e-01 3.413746017296313134e-02 2.583067819754210348e-02 1.038916704597177970e-01 0.000000000000000000e+00
4.860000000000000000e+02 1.944017073333255130e-01 8.401228948566226151e-01 3.345471096950387163e-02 2.537551206190259354e-02 1.010468821119708677e-01 0.000000000000000000e+00
4.890000000000000000e+02 1.956017178724200889e-01 8.486572598998634032e-01 3.231679563040509851e-02 2.594446973145198010e-02 9.308147473827947660e-02 0.000000000000000000e+00
4.920000000000000000e+02 1.968017284115148868e-01 8.485434683659536237e-01 3.231679563040509851e-02 2.685480200273099652e-02 9.228493400091032639e-02 0.000000000000000000e+00
4.950000000000000000e+02 1.980017389506094627e-01 8.495675921711424161e-01 3.197542102867546865e-02 2.833409194355939950e-02 9.012289485662267063e-02 0.000000000000000000e+00
4.980000000000000000e+02 1.992017494897040386e-01 8.511606736458807720e-01 3.197542102867546865e-02 2.844788347746927612e-02 8.841602184797450747e-02 0.000000000000000000e+00
5.010000000000000000e+02 2.004017600287986145e-01 8.503641329085116496e-01 3.106508875739644876e-02 2.969959035047792587e-02 8.887118798361401395e-02 0.000000000000000000e+00
5.040000000000000000e+02 2.016017705678931904e-01 8.558261265361857273e-01 2.958579881656804578e-02 3.004096495220755572e-02 8.454710969503868856e-02 0.000000000000000000e+00
5.070000000000000000e+02 2.028017811069877663e-01 8.633363677742376119e-01 2.844788347746927612e-02 2.833409194355939950e-02 7.988165680473373331e-02 0.000000000000000000e+00
5.100000000000000000e+02 2.040017916460823422e-01 8.641329085116067343e-01 2.799271734182976618e-02 2.776513427401001294e-02 8.010923987255348655e-02 0.000000000000000000e+00
5.130000000000000000e+02 2.052018021851769181e-01 8.662949476558944317e-01 2.787892580791988956e-02 2.822030040964952288e-02 7.760582612653618706e-02 0.000000000000000000e+00
5.160000000000000000e+02 2.064018127242714939e-01 8.651570323167956378e-01 2.833409194355939950e-02 2.799271734182976618e-02 7.851615839781520001e-02 0.000000000000000000e+00
5.190000000000000000e+02 2.076018232633662919e-01 8.683431952662722386e-01 2.890304961310878606e-02 2.935821574874829254e-02 7.339553937187073829e-02 0.000000000000000000e+00
5.220000000000000000e+02 2.088018338024608678e-01 8.684569868001820181e-01 2.776513427401001294e-02 2.992717341829767910e-02 7.385070550751024476e-02 0.000000000000000000e+00
5.250000000000000000e+02 2.100018443415554437e-01 8.702776513427401550e-01 2.605826126536185672e-02 3.026854802002730896e-02 7.339553937187073829e-02 0.000000000000000000e+00
5.280000000000000000e+02 2.112018548806500196e-01 8.727810650887574129e-01 2.492034592626308706e-02 3.083750568957669552e-02 7.146108329540282189e-02 0.000000000000000000e+00
5.310000000000000000e+02 2.124018654197445954e-01 8.744879380974055483e-01 2.617205279927173334e-02 3.208921256258534527e-02 6.725079654073737312e-02 0.000000000000000000e+00
5.340000000000000000e+02 2.136018759588391713e-01 8.747155211652253293e-01 2.594446973145198010e-02 3.390987710514337811e-02 6.543013199817933334e-02 0.000000000000000000e+00
5.370000000000000000e+02 2.148018864979337472e-01 8.788120163859808320e-01 2.605826126536185672e-02 3.425125170687300796e-02 6.087847064178425471e-02 0.000000000000000000e+00
5.400000000000000000e+02 2.160018970370283231e-01 8.830223031406463363e-01 2.617205279927173334e-02 3.311333636777423484e-02 5.769230769230769551e-02 0.000000000000000000e+00
5.430000000000000000e+02 2.172019075761231210e-01 8.863222576240327166e-01 2.492034592626308706e-02 3.322712790168411146e-02 5.553026854802002588e-02 0.000000000000000000e+00
5.460000000000000000e+02 2.184019181152176969e-01 8.915566681838871244e-01 2.435138825671370050e-02 3.197542102867546865e-02 5.211652253072371344e-02 0.000000000000000000e+00
5.490000000000000000e+02 2.196019286543122728e-01 8.936049157942649313e-01 2.264451524806554428e-02 3.060992262175694228e-02 5.314064633591260994e-02 0.000000000000000000e+00
5.520000000000000000e+02 2.208019391934068487e-01 8.953117888029130667e-01 2.207555757851615771e-02 3.083750568957669552e-02 5.177514792899408358e-02 0.000000000000000000e+00
5.550000000000000000e+02 2.220019497325014246e-01 8.991807009558488994e-01 2.287209831588529751e-02 3.026854802002730896e-02 4.767865270823850449e-02 0.000000000000000000e+00
5.580000000000000000e+02 2.232019602715960005e-01 9.012289485662267063e-01 2.173418297678652786e-02 2.958579881656804578e-02 4.745106964041875125e-02 0.000000000000000000e+00
5.610000000000000000e+02 2.244019708106905764e-01 9.053254437869822091e-01 2.127901684114701791e-02 2.822030040964952288e-02 4.517523896222121194e-02 0.000000000000000000e+00
5.640000000000000000e+02 2.256019813497851523e-01 9.091943559399180419e-01 1.991351843422849502e-02 2.628584433318160996e-02 4.460628129267182190e-02 0.000000000000000000e+00
5.670000000000000000e+02 2.268019918888797282e-01 9.114701866181156298e-01 1.979972690031861493e-02 2.708238507055074976e-02 4.164770141101502288e-02 0.000000000000000000e+00
5.700000000000000000e+02 2.280020024279745261e-01 9.086253982703687004e-01 1.991351843422849502e-02 2.719617660446062984e-02 4.426490669094219205e-02 0.000000000000000000e+00
5.730000000000000000e+02 2.292020129670691020e-01 9.073736913973600160e-01 1.991351843422849502e-02 2.810650887573964626e-02 4.460628129267182190e-02 0.000000000000000000e+00
5.760000000000000000e+02 2.304020235061636779e-01 9.106736458807465073e-01 1.934456076467910846e-02 2.696859353664087314e-02 4.301319981793354230e-02 0.000000000000000000e+00
5.790000000000000000e+02 2.316020340452582538e-01 9.076012744651797970e-01 2.071005917159763482e-02 2.901684114701866268e-02 4.255803368229403583e-02 1.137915339098771066e-04
5.820000000000000000e+02 2.328020445843528297e-01 9.076012744651797970e-01 2.025489303595812488e-02 2.947200728265816916e-02 4.267182521620391245e-02 0.000000000000000000e+00
5.850000000000000000e+02 2.340020551234474055e-01 9.070323167956304555e-01 1.888939462903959851e-02 3.117888029130632538e-02 4.278561675011378906e-02 1.137915339098771066e-04
5.880000000000000000e+02 2.352020656625419814e-01 9.085116067364588099e-01 1.923076923076923184e-02 3.083750568957669552e-02 4.130632680928538608e-02 1.137915339098771066e-04
5.910000000000000000e+02 2.364020762016365573e-01 9.137460172963131066e-01 1.854802002730996865e-02 3.060992262175694228e-02 3.698224852071006069e-02 1.137915339098771066e-04
5.940000000000000000e+02 2.376020867407313553e-01 9.142011834319526686e-01 1.900318616294947513e-02 3.095129722348657214e-02 3.573054164770141095e-02 1.137915339098771066e-04
5.970000000000000000e+02 2.388020972798259312e-01 9.128356850250340937e-01 2.014110150204824826e-02 3.072371415566681890e-02 3.629949931725079404e-02 0.000000000000000000e+00
6.000000000000000000e+02 2.400021078189205070e-01 9.127218934911243142e-01 1.945835229858898507e-02 3.072371415566681890e-02 3.709604005461993731e-02 0.000000000000000000e+00
6.030000000000000000e+02 2.412021183580150829e-01 9.175011379153390489e-01 1.945835229858898507e-02 2.935821574874829254e-02 3.368229403732362487e-02 0.000000000000000000e+00
6.060000000000000000e+02 2.424021288971096588e-01 9.184114701866180619e-01 2.059626763768775473e-02 2.992717341829767910e-02 3.106508875739644876e-02 0.000000000000000000e+00
6.090000000000000000e+02 2.436021394362042347e-01 9.195493855257168558e-01 2.150659990896677115e-02 2.901684114701866268e-02 2.992717341829767910e-02 0.000000000000000000e+00
6.120000000000000000e+02 2.448021499752988106e-01 9.215976331360946627e-01 2.105143377332726468e-02 2.935821574874829254e-02 2.799271734182976618e-02 0.000000000000000000e+00
6.150000000000000000e+02 2.460021605143933865e-01 9.231907146108329076e-01 1.968593536640873831e-02 2.958579881656804578e-02 2.753755120619025970e-02 0.000000000000000000e+00
6.180000000000000000e+02 2.472021710534881844e-01 9.254665452890304955e-01 1.820664542558033533e-02 2.867546654528902936e-02 2.765134274010013632e-02 0.000000000000000000e+00
6.210000000000000000e+02 2.484021815925827603e-01 9.248975876194811541e-01 1.797906235776058209e-02 2.878925807919890598e-02 2.833409194355939950e-02 0.000000000000000000e+00
6.240000000000000000e+02 2.496021921316773362e-01 9.259217114246700575e-01 1.718252162039144229e-02 2.890304961310878606e-02 2.799271734182976618e-02 0.000000000000000000e+00
6.270000000000000000e+02 2.508022026707719121e-01 9.258079198907601670e-01 1.661356395084205573e-02 2.935821574874829254e-02 2.822030040964952288e-02 0.000000000000000000e+00
6.300000000000000000e+02 2.520022132098664880e-01 9.286527082385070964e-01 1.684114701866181243e-02 2.787892580791988956e-02 2.662721893491124328e-02 0.000000000000000000e+00
6.330000000000000000e+02 2.532022237489610639e-01 9.309285389167045732e-01 1.513427401001365448e-02 2.685480200273099652e-02 2.708238507055074976e-02 0.000000000000000000e+00
6.360000000000000000e+02 2.544022342880556398e-01 9.321802457897132577e-01 1.536185707783340945e-02 2.503413746017296368e-02 2.742375967228038308e-02 0.000000000000000000e+00
6.390000000000000000e+02 2.556022448271502157e-01 9.333181611288120516e-01 1.558944014565316269e-02 2.571688666363222686e-02 2.537551206190259354e-02 0.000000000000000000e+00
6.420000000000000000e+02 2.568022553662447915e-01 9.325216203914429292e-01 1.547564861174328607e-02 2.548930359581247015e-02 2.651342740100136666e-02 0.000000000000000000e+00
6.450000000000000000e+02 2.580022659053395895e-01 9.352526172052799680e-01 1.627218934911242587e-02 2.457897132453345374e-02 2.389622212107419055e-02 0.000000000000000000e+00
6.480000000000000000e+02 2.592022764444341654e-01 9.376422394173873354e-01 1.638598088302230249e-02 2.344105598543468408e-02 2.253072371415566766e-02 0.000000000000000000e+00
6.510000000000000000e+02 2.604022869835287413e-01 9.384387801547564578e-01 1.695493855257168905e-02 2.401001365498407064e-02 2.059626763768775473e-02 0.000000000000000000e+00
6.540000000000000000e+02 2.616022975226233171e-01 9.390077378243059103e-01 1.752389622212107562e-02 2.321347291761493084e-02 2.025489303595812488e-02 0.000000000000000000e+00
6.570000000000000000e+02 2.628023080617178930e-01 9.370732817478379939e-01 1.786527082385070547e-02 2.503413746017296368e-02 2.002730996813837164e-02 0.000000000000000000e+00
6.600000000000000000e+02 2.640023186008124689e-01 9.386663632225762388e-01 1.741010468821119553e-02 2.446517979062357712e-02 1.945835229858898507e-02 0.000000000000000000e+00
6.630000000000000000e+02 2.652023291399070448e-01 9.382111970869366768e-01 1.832043695949021542e-02 2.514792899408284030e-02 1.832043695949021542e-02 0.000000000000000000e+00
6.660000000000000000e+02 2.664023396790016207e-01 9.378698224852071164e-01 1.923076923076923184e-02 2.526172052799271692e-02 1.763768775603095224e-02 0.000000000000000000e+00
6.690000000000000000e+02 2.676023502180964186e-01 9.408284023668639362e-01 1.775147928994082885e-02 2.548930359581247015e-02 1.593081474738279601e-02 0.000000000000000000e+00
6.720000000000000000e+02 2.688023607571909945e-01 9.384387801547564578e-01 1.775147928994082885e-02 2.651342740100136666e-02 1.729631315430131891e-02 0.000000000000000000e+00
6.750000000000000000e+02 2.700023712962855704e-01 9.394629039599453613e-01 1.729631315430131891e-02 2.560309512972235024e-02 1.763768775603095224e-02 0.000000000000000000e+00
6.780000000000000000e+02 2.712023818353801463e-01 9.408284023668639362e-01 1.547564861174328607e-02 2.719617660446062984e-02 1.649977241693217911e-02 0.000000000000000000e+00
6.810000000000000000e+02 2.724023923744747222e-01 9.394629039599453613e-01 1.524806554392353283e-02 2.822030040964952288e-02 1.695493855257168905e-02 1.137915339098771066e-04
