# itime ezz other fcc hcp bcc ico
0.000000000000000000e+00 0.000000000000000000e+00 0.000000000000000000e+00 1.000000000000000000e+00 0.000000000000000000e+00 0.000000000000000000e+00 0.000000000000000000e+00
4.000000000000000000e+03 9.999747413529380680e-04 0.000000000000000000e+00 1.000000000000000000e+00 0.000000000000000000e+00 0.000000000000000000e+00 0.000000000000000000e+00
8.000000000000000000e+03 1.999949482706098181e-03 0.000000000000000000e+00 1.000000000000000000e+00 0.000000000000000000e+00 0.000000000000000000e+00 0.000000000000000000e+00
1.200000000000000000e+04 2.999924224059036248e-03 0.000000000000000000e+00 1.000000000000000000e+00 0.000000000000000000e+00 0.000000000000000000e+00 0.000000000000000000e+00
1.600000000000000000e+04 3.999898965412196361e-03 0.000000000000000000e+00 1.000000000000000000e+00 0.000000000000000000e+00 0.000000000000000000e+00 0.000000000000000000e+00
2.000000000000000000e+04 4.999873706765134429e-03 0.000000000000000000e+00 1.000000000000000000e+00 0.000000000000000000e+00 0.000000000000000000e+00 0.000000000000000000e+00
2.400000000000000000e+04 5.999848448118072497e-03 0.000000000000000000e+00 1.000000000000000000e+00 0.000000000000000000e+00 0.000000000000000000e+00 0.000000000000000000e+00
2.800000000000000000e+04 6.999823189471232610e-03 0.000000000000000000e+00 1.000000000000000000e+00 0.000000000000000000e+00 0.000000000000000000e+00 0.000000000000000000e+00
3.200000000000000000e+04 7.999797930824170678e-03 0.000000000000000000e+00 1.000000000000000000e+00 0.000000000000000000e+00 0.000000000000000000e+00 0.000000000000000000e+00
3.600000000000000000e+04 8.999772672177330790e-03 0.000000000000000000e+00 1.000000000000000000e+00 0.000000000000000000e+00 0.000000000000000000e+00 0.000000000000000000e+00
4.000000000000000000e+04 9.999747413530268858e-03 0.000000000000000000e+00 1.000000000000000000e+00 0.000000000000000000e+00 0.000000000000000000e+00 0.000000000000000000e+00
4.400000000000000000e+04 1.099972215488320693e-02 0.000000000000000000e+00 1.000000000000000000e+00 0.000000000000000000e+00 0.000000000000000000e+00 0.000000000000000000e+00
4.800000000000000000e+04 1.199969689623636704e-02 0.000000000000000000e+00 1.000000000000000000e+00 0.000000000000000000e+00 0.000000000000000000e+00 0.000000000000000000e+00
5.200000000000000000e+04 1.299967163758930511e-02 0.000000000000000000e+00 1.000000000000000000e+00 0.000000000000000000e+00 0.000000000000000000e+00 0.000000000000000000e+00
5.600000000000000000e+04 1.399964637894246522e-02 0.000000000000000000e+00 1.000000000000000000e+00 0.000000000000000000e+00 0.000000000000000000e+00 0.000000000000000000e+00
6.000000000000000000e+04 1.499962112029540329e-02 0.000000000000000000e+00 1.000000000000000000e+00 0.000000000000000000e+00 0.000000000000000000e+00 0.000000000000000000e+00
6.400000000000000000e+04 1.599959586164834136e-02 0.000000000000000000e+00 1.000000000000000000e+00 0.000000000000000000e+00 0.000000000000000000e+00 0.000000000000000000e+00
6.800000000000000000e+04 1.699957060300150147e-02 0.000000000000000000e+00 1.000000000000000000e+00 0.000000000000000000e+00 0.000000000000000000e+00 0.000000000000000000e+00
7.200000000000000000e+04 1.799954534435443954e-02 0.000000000000000000e+00 1.000000000000000000e+00 0.000000000000000000e+00 0.000000000000000000e+00 0.000000000000000000e+00
7.600000000000000000e+04 1.899952008570759965e-02 0.000000000000000000e+00 1.000000000000000000e+00 0.000000000000000000e+00 0.000000000000000000e+00 0.000000000000000000e+00
8.000000000000000000e+04 1.999949482706053772e-02 0.000000000000000000e+00 1.000000000000000000e+00 0.000000000000000000e+00 0.000000000000000000e+00 0.000000000000000000e+00
8.400000000000000000e+04 2.099946956841369783e-02 0.000000000000000000e+00 1.000000000000000000e+00 0.000000000000000000e+00 0.000000000000000000e+00 0.000000000000000000e+00
8.800000000000000000e+04 2.199944430976663590e-02 0.000000000000000000e+00 1.000000000000000000e+00 0.000000000000000000e+00 0.000000000000000000e+00 0.000000000000000000e+00
9.200000000000000000e+04 2.299941905111957396e-02 0.000000000000000000e+00 1.000000000000000000e+00 0.000000000000000000e+00 0.000000000000000000e+00 0.000000000000000000e+00
9.600000000000000000e+04 2.399939379247273408e-02 0.000000000000000000e+00 1.000000000000000000e+00 0.000000000000000000e+00 0.000000000000000000e+00 0.000000000000000000e+00
1.000000000000000000e+05 2.499936853382567215e-02 0.000000000000000000e+00 1.000000000000000000e+00 0.000000000000000000e+00 0.000000000000000000e+00 0.000000000000000000e+00
1.040000000000000000e+05 2.599934327517883226e-02 0.000000000000000000e+00 1.000000000000000000e+00 0.000000000000000000e+00 0.000000000000000000e+00 0.000000000000000000e+00
1.080000000000000000e+05 2.699931801653177033e-02 0.000000000000000000e+00 1.000000000000000000e+00 0.000000000000000000e+00 0.000000000000000000e+00 0.000000000000000000e+00
1.120000000000000000e+05 2.799929275788470839e-02 0.000000000000000000e+00 1.000000000000000000e+00 0.000000000000000000e+00 0.000000000000000000e+00 0.000000000000000000e+00
1.160000000000000000e+05 2.899926749923786851e-02 0.000000000000000000e+00 1.000000000000000000e+00 0.000000000000000000e+00 0.000000000000000000e+00 0.000000000000000000e+00
1.200000000000000000e+05 2.999924224059080657e-02 0.000000000000000000e+00 1.000000000000000000e+00 0.000000000000000000e+00 0.000000000000000000e+00 0.000000000000000000e+00
1.240000000000000000e+05 3.099921698194396669e-02 0.000000000000000000e+00 1.000000000000000000e+00 0.000000000000000000e+00 0.000000000000000000e+00 0.000000000000000000e+00
1.280000000000000000e+05 3.199919172329690475e-02 0.000000000000000000e+00 1.000000000000000000e+00 0.000000000000000000e+00 0.000000000000000000e+00 0.000000000000000000e+00
1.320000000000000000e+05 3.299916646464984282e-02 0.000000000000000000e+00 1.000000000000000000e+00 0.000000000000000000e+00 0.000000000000000000e+00 0.000000000000000000e+00
1.360000000000000000e+05 3.399914120600300294e-02 0.000000000000000000e+00 1.000000000000000000e+00 0.000000000000000000e+00 0.000000000000000000e+00 0.000000000000000000e+00
1.400000000000000000e+05 3.499911594735594100e-02 0.000000000000000000e+00 1.000000000000000000e+00 0.000000000000000000e+00 0.000000000000000000e+00 0.000000000000000000e+00
1.440000000000000000e+05 3.599909068870910112e-02 0.000000000000000000e+00 1.000000000000000000e+00 0.000000000000000000e+00 0.000000000000000000e+00 0.000000000000000000e+00
1.480000000000000000e+05 3.699906543006203918e-02 0.000000000000000000e+00 1.000000000000000000e+00 0.000000000000000000e+00 0.000000000000000000e+00 0.000000000000000000e+00
1.520000000000000000e+05 3.799904017141497725e-02 0.000000000000000000e+00 1.000000000000000000e+00 0.000000000000000000e+00 0.000000000000000000e+00 0.000000000000000000e+00
1.560000000000000000e+05 3.899901491276813736e-02 0.000000000000000000e+00 1.000000000000000000e+00 0.000000000000000000e+00 0.000000000000000000e+00 0.000000000000000000e+00
1.600000000000000000e+05 3.999898965412107543e-02 0.000000000000000000e+00 1.000000000000000000e+00 0.000000000000000000e+00 0.000000000000000000e+00 0.000000000000000000e+00
1.640000000000000000e+05 4.099896439547423554e-02 0.000000000000000000e+00 1.000000000000000000e+00 0.000000000000000000e+00 0.000000000000000000e+00 0.000000000000000000e+00
1.680000000000000000e+05 4.199893913682717361e-02 0.000000000000000000e+00 1.000000000000000000e+00 0.000000000000000000e+00 0.000000000000000000e+00 0.000000000000000000e+00
1.720000000000000000e+05 4.299891387818011168e-02 0.000000000000000000e+00 1.000000000000000000e+00 0.000000000000000000e+00 0.000000000000000000e+00 0.000000000000000000e+00
1.760000000000000000e+05 4.399888861953327179e-02 0.000000000000000000e+00 1.000000000000000000e+00 0.000000000000000000e+00 0.000000000000000000e+00 0.000000000000000000e+00
1.800000000000000000e+05 4.499886336088620986e-02 0.000000000000000000e+00 1.000000000000000000e+00 0.000000000000000000e+00 0.000000000000000000e+00 0.000000000000000000e+00
1.840000000000000000e+05 4.599883810223936997e-02 0.000000000000000000e+00 1.000000000000000000e+00 0.000000000000000000e+00 0.000000000000000000e+00 0.000000000000000000e+00
1.880000000000000000e+05 4.699881284359230804e-02 0.000000000000000000e+00 1.000000000000000000e+00 0.000000000000000000e+00 0.000000000000000000e+00 0.000000000000000000e+00
1.920000000000000000e+05 4.799878758494524611e-02 0.000000000000000000e+00 1.000000000000000000e+00 0.000000000000000000e+00 0.000000000000000000e+00 0.000000000000000000e+00
1.960000000000000000e+05 4.899876232629840622e-02 0.000000000000000000e+00 1.000000000000000000e+00 0.000000000000000000e+00 0.000000000000000000e+00 0.000000000000000000e+00
2.000000000000000000e+05 4.999873706765134429e-02 0.000000000000000000e+00 1.000000000000000000e+00 0.000000000000000000e+00 0.000000000000000000e+00 0.000000000000000000e+00
2.040000000000000000e+05 5.099871180900450440e-02 0.000000000000000000e+00 1.000000000000000000e+00 0.000000000000000000e+00 0.000000000000000000e+00 0.000000000000000000e+00
2.080000000000000000e+05 5.199868655035744247e-02 0.000000000000000000e+00 1.000000000000000000e+00 0.000000000000000000e+00 0.000000000000000000e+00 0.000000000000000000e+00
2.120000000000000000e+05 5.299866129171038054e-02 0.000000000000000000e+00 1.000000000000000000e+00 0.000000000000000000e+00 0.000000000000000000e+00 0.000000000000000000e+00
2.160000000000000000e+05 5.399863603306354065e-02 0.000000000000000000e+00 1.000000000000000000e+00 0.000000000000000000e+00 0.000000000000000000e+00 0.000000000000000000e+00
2.200000000000000000e+05 5.499861077441647872e-02 0.000000000000000000e+00 1.000000000000000000e+00 0.000000000000000000e+00 0.000000000000000000e+00 0.000000000000000000e+00
2.240000000000000000e+05 5.599858551576963883e-02 0.000000000000000000e+00 1.000000000000000000e+00 0.000000000000000000e+00 0.000000000000000000e+00 0.000000000000000000e+00
2.280000000000000000e+05 5.699856025712257690e-02 0.000000000000000000e+00 1.000000000000000000e+00 0.000000000000000000e+00 0.000000000000000000e+00 0.000000000000000000e+00
2.320000000000000000e+05 5.799853499847551497e-02 0.000000000000000000e+00 1.000000000000000000e+00 0.000000000000000000e+00 0.000000000000000000e+00 0.000000000000000000e+00
2.360000000000000000e+05 5.899850973982867508e-02 0.000000000000000000e+00 1.000000000000000000e+00 0.000000000000000000e+00 0.000000000000000000e+00 0.000000000000000000e+00
2.400000000000000000e+05 5.999848448118161315e-02 0.000000000000000000e+00 1.000000000000000000e+00 0.000000000000000000e+00 0.000000000000000000e+00 0.000000000000000000e+00
2.440000000000000000e+05 6.099845922253477326e-02 0.000000000000000000e+00 1.000000000000000000e+00 0.000000000000000000e+00 0.000000000000000000e+00 0.000000000000000000e+00
2.480000000000000000e+05 6.199843396388771133e-02 0.000000000000000000e+00 1.000000000000000000e+00 0.000000000000000000e+00 0.000000000000000000e+00 0.000000000000000000e+00
2.520000000000000000e+05 6.299840870524087144e-02 0.000000000000000000e+00 1.000000000000000000e+00 0.000000000000000000e+00 0.000000000000000000e+00 0.000000000000000000e+00
2.560000000000000000e+05 6.399838344659380951e-02 0.000000000000000000e+00 1.000000000000000000e+00 0.000000000000000000e+00 0.000000000000000000e+00 0.000000000000000000e+00
2.600000000000000000e+05 6.499835818794674758e-02 0.000000000000000000e+00 1.000000000000000000e+00 0.000000000000000000e+00 0.000000000000000000e+00 0.000000000000000000e+00
2.640000000000000000e+05 6.599833292929990769e-02 0.000000000000000000e+00 1.000000000000000000e+00 0.000000000000000000e+00 0.000000000000000000e+00 0.000000000000000000e+00
2.680000000000000000e+05 6.699830767065284576e-02 0.000000000000000000e+00 1.000000000000000000e+00 0.000000000000000000e+00 0.000000000000000000e+00 0.000000000000000000e+00
2.720000000000000000e+05 6.799828241200600587e-02 0.000000000000000000e+00 1.000000000000000000e+00 0.000000000000000000e+00 0.000000000000000000e+00 0.000000000000000000e+00
2.760000000000000000e+05 6.899825715335894394e-02 1.137915339098771066e-04 9.998862084660901095e-01 0.000000000000000000e+00 0.000000000000000000e+00 0.000000000000000000e+00
2.800000000000000000e+05 6.999823189471188201e-02 0.000000000000000000e+00 1.000000000000000000e+00 0.000000000000000000e+00 0.000000000000000000e+00 0.000000000000000000e+00
2.840000000000000000e+05 7.099820663606504212e-02 2.275830678197542133e-04 9.997724169321802190e-01 0.000000000000000000e+00 0.000000000000000000e+00 0.000000000000000000e+00
2.880000000000000000e+05 7.199818137741798019e-02 0.000000000000000000e+00 1.000000000000000000e+00 0.000000000000000000e+00 0.000000000000000000e+00 0.000000000000000000e+00
2.920000000000000000e+05 7.299815611877114030e-02 0.000000000000000000e+00 9.998862084660901095e-01 0.000000000000000000e+00 1.137915339098771066e-04 0.000000000000000000e+00
2.960000000000000000e+05 7.399813086012407837e-02 0.000000000000000000e+00 1.000000000000000000e+00 0.000000000000000000e+00 0.000000000000000000e+00 0.000000000000000000e+00
3.000000000000000000e+05 7.499810560147701644e-02 1.137915339098771066e-04 9.998862084660901095e-01 0.000000000000000000e+00 0.000000000000000000e+00 0.000000000000000000e+00
3.040000000000000000e+05 7.599808034283017655e-02 6.827492034592626399e-04 9.993172507965407680e-01 0.000000000000000000e+00 0.000000000000000000e+00 0.000000000000000000e+00
3.080000000000000000e+05 7.699805508418311462e-02 1.137915339098771066e-04 9.998862084660901095e-01 0.000000000000000000e+00 0.000000000000000000e+00 0.000000000000000000e+00
3.120000000000000000e+05 7.799802982553627473e-02 6.827492034592626399e-04 9.992034592626308775e-01 0.000000000000000000e+00 1.137915339098771066e-04 0.000000000000000000e+00
3.160000000000000000e+05 7.899800456688921280e-02 3.413746017296313199e-04 9.995448338643604380e-01 0.000000000000000000e+00 1.137915339098771066e-04 0.000000000000000000e+00
3.200000000000000000e+05 7.999797930824215086e-02 2.275830678197542133e-04 9.997724169321802190e-01 0.000000000000000000e+00 0.000000000000000000e+00 0.000000000000000000e+00
3.240000000000000000e+05 8.099795404959531098e-02 4.551661356395084266e-04 9.995448338643604380e-01 0.000000000000000000e+00 0.000000000000000000e+00 0.000000000000000000e+00
3.280000000000000000e+05 8.199792879094824904e-02 3.413746017296313199e-04 9.996586253982703285e-01 0.000000000000000000e+00 0.000000000000000000e+00 0.000000000000000000e+00
3.320000000000000000e+05 8.299790353230140916e-02 2.275830678197542133e-04 9.996586253982703285e-01 0.000000000000000000e+00 1.137915339098771066e-04 0.000000000000000000e+00
3.360000000000000000e+05 8.399787827365434723e-02 3.413746017296313199e-04 9.996586253982703285e-01 0.000000000000000000e+00 0.000000000000000000e+00 0.000000000000000000e+00
3.400000000000000000e+05 8.499785301500728529e-02 5.689576695493854790e-04 9.994310423304506585e-01 0.000000000000000000e+00 0.000000000000000000e+00 0.000000000000000000e+00
3.440000000000000000e+05 8.599782775636044541e-02 1.137915339098770958e-03 9.988620846609012061e-01 0.000000000000000000e+00 0.000000000000000000e+00 0.000000000000000000e+00
3.480000000000000000e+05 8.699780249771338347e-02 1.137915339098771066e-04 9.998862084660901095e-01 0.000000000000000000e+00 0.000000000000000000e+00 0.000000000000000000e+00
3.520000000000000000e+05 8.799777723906654359e-02 0.000000000000000000e+00 1.000000000000000000e+00 0.000000000000000000e+00 0.000000000000000000e+00 0.000000000000000000e+00
3.560000000000000000e+05 8.899775198041948165e-02 1.251706873008648227e-03 9.987482931269913156e-01 0.000000000000000000e+00 0.000000000000000000e+00 0.000000000000000000e+00
3.600000000000000000e+05 8.999772672177241972e-02 1.137915339098770958e-03 9.988620846609012061e-01 0.000000000000000000e+00 0.000000000000000000e+00 0.000000000000000000e+00
3.640000000000000000e+05 9.099770146312557983e-02 2.275830678197542133e-04 9.995448338643604380e-01 0.000000000000000000e+00 2.275830678197542133e-04 0.000000000000000000e+00
3.680000000000000000e+05 9.199767620447851790e-02 1.024123805188893906e-03 9.989758761948110966e-01 0.000000000000000000e+00 0.000000000000000000e+00 0.000000000000000000e+00
3.720000000000000000e+05 9.299765094583167802e-02 1.024123805188893906e-03 9.989758761948110966e-01 0.000000000000000000e+00 0.000000000000000000e+00 0.000000000000000000e+00
3.760000000000000000e+05 9.399762568718461608e-02 1.024123805188893906e-03 9.989758761948110966e-01 0.000000000000000000e+00 0.000000000000000000e+00 0.000000000000000000e+00
3.800000000000000000e+05 9.499760042853755415e-02 3.299954483386436255e-03 9.965862539827037292e-01 0.000000000000000000e+00 1.137915339098771066e-04 0.000000000000000000e+00
3.840000000000000000e+05 9.599757516989071426e-02 3.982703686845699004e-03 9.956759217114247162e-01 0.000000000000000000e+00 3.413746017296313199e-04 0.000000000000000000e+00
3.880000000000000000e+05 9.699754991124365233e-02 1.251706873008648227e-03 9.987482931269913156e-01 0.000000000000000000e+00 0.000000000000000000e+00 0.000000000000000000e+00
3.920000000000000000e+05 9.799752465259681244e-02 3.755120619025944465e-03 9.960172963131542767e-01 0.000000000000000000e+00 2.275830678197542133e-04 0.000000000000000000e+00
3.960000000000000000e+05 9.899749939394975051e-02 3.868912152935821518e-03 9.959035047792443862e-01 0.000000000000000000e+00 2.275830678197542133e-04 0.000000000000000000e+00
4.000000000000000000e+05 9.999747413530268858e-02 2.958579881656804664e-03 9.969276285844332897e-01 0.000000000000000000e+00 1.137915339098771066e-04 0.000000000000000000e+00
4.040000000000000000e+05 1.009974488766558487e-01 3.755120619025944465e-03 9.962448793809740577e-01 0.000000000000000000e+00 0.000000000000000000e+00 0.000000000000000000e+00
4.080000000000000000e+05 1.019974236180087868e-01 3.413746017296313308e-03 9.963586709148839482e-01 0.000000000000000000e+00 2.275830678197542133e-04 0.000000000000000000e+00
4.120000000000000000e+05 1.029973983593619469e-01 5.575785161583977738e-03 9.943104233045061413e-01 0.000000000000000000e+00 1.137915339098771066e-04 0.000000000000000000e+00
4.160000000000000000e+05 1.039973731007148849e-01 4.551661356395083832e-03 9.948793809740554828e-01 0.000000000000000000e+00 5.689576695493854790e-04 0.000000000000000000e+00
4.200000000000000000e+05 1.049973478420680451e-01 6.599908966772872511e-03 9.932862994993172379e-01 0.000000000000000000e+00 1.137915339098771066e-04 0.000000000000000000e+00
4.240000000000000000e+05 1.059973225834209831e-01 7.965407373691398007e-03 9.908966772872098705e-01 0.000000000000000000e+00 1.137915339098770958e-03 0.000000000000000000e+00
4.280000000000000000e+05 1.069972973247739212e-01 7.316795630405098505e-02 6.925352753755120716e-01 2.257624032771961831e-01 8.534365043240782836e-03 0.000000000000000000e+00
4.320000000000000000e+05 1.079972720661270813e-01 7.134729176149294527e-02 6.926490669094219621e-01 2.270141101502048120e-01 8.989531178880291046e-03 0.000000000000000000e+00
4.360000000000000000e+05 1.089972468074800194e-01 7.157487482931269851e-02 6.919663177059627301e-01 2.274692762858443462e-01 8.989531178880291046e-03 0.000000000000000000e+00
4.400000000000000000e+05 1.099972215488331795e-01 6.861629494765589254e-02 6.933318161128811941e-01 2.286071916249431124e-01 9.444697314519799256e-03 0.000000000000000000e+00
4.440000000000000000e+05 1.109971962901861176e-01 7.134729176149294527e-02 6.942421483841602070e-01 2.265589440145653055e-01 7.851615839781519654e-03 0.000000000000000000e+00
4.480000000000000000e+05 1.119971710315390556e-01 7.168866636322257513e-02 6.924214838416021811e-01 2.272416932180245652e-01 8.648156577150659455e-03 0.000000000000000000e+00
4.520000000000000000e+05 1.129971457728922157e-01 7.294037323623121793e-02 6.924214838416021811e-01 2.272416932180245652e-01 7.396449704142011444e-03 0.000000000000000000e+00
4.560000000000000000e+05 1.139971205142451538e-01 7.020937642239417908e-02 6.933318161128811941e-01 2.256486117432862926e-01 1.081019572143832562e-02 0.000000000000000000e+00
4.600000000000000000e+05 1.149970952555983139e-01 7.373691397360036814e-02 6.936731907146108655e-01 2.253072371415566766e-01 7.282658170232134826e-03 0.000000000000000000e+00
4.640000000000000000e+05 1.159970699969512520e-01 7.271279016841146470e-02 6.941283568502503165e-01 2.253072371415566766e-01 7.851615839781519654e-03 0.000000000000000000e+00
4.680000000000000000e+05 1.169970447383041900e-01 7.020937642239417908e-02 6.934456076467910846e-01 2.269003186162949492e-01 9.444697314519799256e-03 0.000000000000000000e+00
4.720000000000000000e+05 1.179970194796573502e-01 7.350933090578061491e-02 6.934456076467910846e-01 2.250796540737369233e-01 7.965407373691398007e-03 0.000000000000000000e+00
4.760000000000000000e+05 1.189969942210102882e-01 7.214383249886208160e-02 6.939007737824305355e-01 2.255348202093764298e-01 8.420573509330906217e-03 0.000000000000000000e+00
4.800000000000000000e+05 1.199969689623634483e-01 7.441966317705962786e-02 6.920801092398725096e-01 2.258761948111060458e-01 7.624032771961766417e-03 0.000000000000000000e+00
4.840000000000000000e+05 1.209969437037163864e-01 7.282658170232134132e-02 6.939007737824305355e-01 2.249658625398270329e-01 8.306781975421027864e-03 0.000000000000000000e+00
4.880000000000000000e+05 1.219969184450693245e-01 7.316795630405098505e-02 6.916249431042330587e-01 2.248520710059171701e-01 1.035502958579881741e-02 0.000000000000000000e+00
4.920000000000000000e+05 1.229968931864224846e-01 7.259899863450158808e-02 6.926490669094219621e-01 2.258761948111060458e-01 8.875739644970414427e-03 0.000000000000000000e+00
4.960000000000000000e+05 1.239968679277754227e-01 7.328174783796086167e-02 6.928766499772417431e-01 2.258761948111060458e-01 7.965407373691398007e-03 0.000000000000000000e+00
5.000000000000000000e+05 1.249968426691285828e-01 7.305416477014110843e-02 6.910559854346836062e-01 2.262175694128356895e-01 9.672280382339554228e-03 0.000000000000000000e+00
5.040000000000000000e+05 1.259968174104815208e-01 7.203004096495220498e-02 6.918525261720528396e-01 2.254210286754665393e-01 1.069640418752844727e-02 0.000000000000000000e+00
5.080000000000000000e+05 1.269967921518344589e-01 7.601274465179790052e-02 6.906008192990441552e-01 2.237141556668183762e-01 9.672280382339554228e-03 0.000000000000000000e+00
5.120000000000000000e+05 1.279967668931876190e-01 7.089212562585343880e-02 6.910559854346836062e-01 2.269003186162949492e-01 1.115157032316795548e-02 0.000000000000000000e+00
5.160000000000000000e+05 1.289967416345405571e-01 7.521620391442876419e-02 6.910559854346836062e-01 2.249658625398270329e-01 8.761948111060537808e-03 0.000000000000000000e+00
5.200000000000000000e+05 1.299967163758937172e-01 7.521620391442876419e-02 6.913973600364132777e-01 2.253072371415566766e-01 8.079198907601274626e-03 0.000000000000000000e+00
5.240000000000000000e+05 1.309966911172466553e-01 7.180245789713245175e-02 6.929904415111515226e-01 2.249658625398270329e-01 1.024123805188893906e-02 0.000000000000000000e+00
5.280000000000000000e+05 1.319966658585995933e-01 7.339553937187073829e-02 6.926490669094219621e-01 2.238279472007282667e-01 1.012744651797906244e-02 0.000000000000000000e+00
5.320000000000000000e+05 1.329966405999527534e-01 7.464724624487938109e-02 6.904870277651342647e-01 2.242831133363677731e-01 1.058261265361857065e-02 0.000000000000000000e+00
5.360000000000000000e+05 1.339966153413056915e-01 7.430587164314975124e-02 6.908284023668639362e-01 2.240555302685480199e-01 1.081019572143832562e-02 0.000000000000000000e+00
5.400000000000000000e+05 1.349965900826588516e-01 7.168866636322257513e-02 6.924214838416021811e-01 2.246244879380974169e-01 1.126536185707783383e-02 0.000000000000000000e+00
5.440000000000000000e+05 1.359965648240117897e-01 7.123350022758306865e-02 6.911697769685934967e-01 2.256486117432862926e-01 1.194811106053709528e-02 0.000000000000000000e+00
5.480000000000000000e+05 1.369965395653647278e-01 7.316795630405098505e-02 6.917387346381429492e-01 2.246244879380974169e-01 1.046882111970869403e-02 0.000000000000000000e+00
5.520000000000000000e+05 1.379965143067178879e-01 7.828857532999544677e-02 6.916249431042330587e-01 2.217796995903504875e-01 8.306781975421027864e-03 0.000000000000000000e+00
5.560000000000000000e+05 1.389964890480708259e-01 7.009558488848430247e-02 7.530723714155667103e-01 1.754665452890304955e-01 1.365498406918525280e-03 0.000000000000000000e+00
5.600000000000000000e+05 1.399964637894239861e-01 7.168866636322257513e-02 7.531861629494766008e-01 1.739872553482020856e-01 1.137915339098770958e-03 0.000000000000000000e+00
5.640000000000000000e+05 1.409964385307769241e-01 6.929904415111515226e-02 7.545516613563950648e-01 1.750113791533909890e-01 1.137915339098770958e-03 0.000000000000000000e+00
5.680000000000000000e+05 1.419964132721298622e-01 7.077833409194356218e-02 7.530723714155667103e-01 1.753527537551206328e-01 7.965407373691396923e-04 0.000000000000000000e+00
5.720000000000000000e+05 1.429963880134830223e-01 7.305416477014110843e-02 7.501137915339098905e-01 1.747837960855712358e-01 2.048247610377787811e-03 0.000000000000000000e+00
5.760000000000000000e+05 1.439963627548359604e-01 7.089212562585343880e-02 7.528447883477469293e-01 1.752389622212107423e-01 1.024123805188893906e-03 0.000000000000000000e+00
5.800000000000000000e+05 1.449963374961891205e-01 7.282658170232134132e-02 7.522758306781975879e-01 1.736458807464724696e-01 1.251706873008648227e-03 0.000000000000000000e+00
5.840000000000000000e+05 1.459963122375420586e-01 7.123350022758306865e-02 7.522758306781975879e-01 1.752389622212107423e-01 1.251706873008648227e-03 0.000000000000000000e+00
5.880000000000000000e+05 1.469962869788952187e-01 6.964041875284478211e-02 7.534137460172962708e-01 1.760355029585798925e-01 9.103322712790168532e-04 0.000000000000000000e+00
5.920000000000000000e+05 1.479962617202481567e-01 6.975421028675465873e-02 7.528447883477469293e-01 1.754665452890304955e-01 1.934456076467910759e-03 0.000000000000000000e+00
5.960000000000000000e+05 1.489962364616010948e-01 7.055075102412380894e-02 7.532999544833864913e-01 1.752389622212107423e-01 9.103322712790168532e-04 0.000000000000000000e+00
6.000000000000000000e+05 1.499962112029542549e-01 7.009558488848430247e-02 7.534137460172962708e-01 1.756941283568502488e-01 7.965407373691396923e-04 0.000000000000000000e+00
6.040000000000000000e+05 1.509961859443071930e-01 7.305416477014110843e-02 7.511379153390987939e-01 1.745562130177514826e-01 1.251706873008648227e-03 0.000000000000000000e+00
6.080000000000000000e+05 1.519961606856603531e-01 7.419208010923987462e-02 7.509103322712790130e-01 1.735320892125625791e-01 1.365498406918525280e-03 0.000000000000000000e+00
6.120000000000000000e+05 1.529961354270132912e-01 6.986800182066454923e-02 7.539827036868457233e-01 1.752389622212107423e-01 9.103322712790168532e-04 0.000000000000000000e+00
6.160000000000000000e+05 1.539961101683662292e-01 7.180245789713245175e-02 7.521620391442876974e-01 1.750113791533909890e-01 1.024123805188893906e-03 0.000000000000000000e+00
6.200000000000000000e+05 1.549960849097193893e-01 7.214383249886208160e-02 7.518206645425580259e-01 1.748975876194810986e-01 1.137915339098770958e-03 0.000000000000000000e+00
6.240000000000000000e+05 1.559960596510723274e-01 7.407828857532999800e-02 7.505689576695493415e-01 1.735320892125625791e-01 1.820664542558033706e-03 0.000000000000000000e+00
6.280000000000000000e+05 1.569960343924254875e-01 7.362312243969049153e-02 7.513654984069185749e-01 1.737596722803823324e-01 1.251706873008648227e-03 0.000000000000000000e+00
6.320000000000000000e+05 1.579960091337784256e-01 7.385070550751024476e-02 7.497724169321802190e-01 1.743286299499317293e-01 2.048247610377787811e-03 0.000000000000000000e+00
6.360000000000000000e+05 1.589959838751313637e-01 7.373691397360036814e-02 7.506827492034592320e-01 1.735320892125625791e-01 2.048247610377787811e-03 0.000000000000000000e+00
6.400000000000000000e+05 1.599959586164845238e-01 7.441966317705962786e-02 7.490896677287209870e-01 1.742148384160218388e-01 2.275830678197541916e-03 0.000000000000000000e+00
6.440000000000000000e+05 1.609959333578374618e-01 7.441966317705962786e-02 7.504551661356395620e-01 1.733045061447428259e-01 1.820664542558033706e-03 0.000000000000000000e+00
6.480000000000000000e+05 1.619959080991906220e-01 1.233500227583067821e-01 6.712562585343649912e-01 2.016385980883022289e-01 3.755120619025944465e-03 0.000000000000000000e+00
6.520000000000000000e+05 1.629958828405435600e-01 1.252844788347746985e-01 6.688666363222576239e-01 2.027765134274009950e-01 3.072371415566681717e-03 0.000000000000000000e+00
6.560000000000000000e+05 1.639958575818964981e-01 1.214155666818388657e-01 6.695493855257168558e-01 2.052799271734183084e-01 3.755120619025944465e-03 0.000000000000000000e+00
6.600000000000000000e+05 1.649958323232496582e-01 1.228948566226672756e-01 6.679563040509786109e-01 2.059626763768775681e-01 3.186162949476558769e-03 0.000000000000000000e+00
6.640000000000000000e+05 1.659958070646025963e-01 1.247155211652253015e-01 6.652253072371415721e-01 2.073281747837960876e-01 2.730996813837050560e-03 0.000000000000000000e+00
6.680000000000000000e+05 1.669957818059557564e-01 1.253982703686845612e-01 6.631770596267637652e-01 2.082385070550751005e-01 3.186162949476558769e-03 0.000000000000000000e+00
6.720000000000000000e+05 1.679957565473086945e-01 1.264223941738734647e-01 6.610150204824760678e-01 2.083522985889849910e-01 4.210286754665453109e-03 0.000000000000000000e+00
6.760000000000000000e+05 1.689957312886616325e-01 1.258534365043240677e-01 6.627218934911243142e-01 2.084660901228948537e-01 2.958579881656804664e-03 0.000000000000000000e+00
6.800000000000000000e+05 1.699957060300147926e-01 1.236913973600364119e-01 6.621529358215748617e-01 2.115384615384615363e-01 2.617205279927173507e-03 0.000000000000000000e+00
6.840000000000000000e+05 1.709956807713677307e-01 1.224396904870277691e-01 6.605598543468366168e-01 2.116522530723714268e-01 5.348202093764223633e-03 0.000000000000000000e+00
6.880000000000000000e+05 1.719956555127208908e-01 1.236913973600364119e-01 6.618115612198451903e-01 2.091488393263541135e-01 5.348202093764223633e-03 0.000000000000000000e+00
6.920000000000000000e+05 1.729956302540738289e-01 1.246017296313154249e-01 6.601046882111970548e-01 2.100591715976331264e-01 5.234410559854347014e-03 0.000000000000000000e+00
6.960000000000000000e+05 1.739956049954267669e-01 1.242603550295857950e-01 6.611288120163859583e-01 2.098315885298133732e-01 4.779244424214838804e-03 0.000000000000000000e+00
7.000000000000000000e+05 1.749955797367799271e-01 1.265361857077833274e-01 6.450842057350932857e-01 2.254210286754665393e-01 2.958579881656804664e-03 0.000000000000000000e+00
7.040000000000000000e+05 1.759955544781328651e-01 1.247155211652253015e-01 6.389394629039599760e-01 2.314519799726900418e-01 4.893035958124715423e-03 0.000000000000000000e+00
7.080000000000000000e+05 1.769955292194860252e-01 1.236913973600364119e-01 6.388256713700500855e-01 2.336140191169776836e-01 3.868912152935821518e-03 0.000000000000000000e+00
7.120000000000000000e+05 1.779955039608389633e-01 1.230086481565771522e-01 6.399635867091488795e-01 2.332726445152480677e-01 3.755120619025944465e-03 0.000000000000000000e+00
7.160000000000000000e+05 1.789954787021919014e-01 1.220983158852981393e-01 6.392808375056895365e-01 2.342967683204369711e-01 4.324078288575329727e-03 0.000000000000000000e+00
7.200000000000000000e+05 1.799954534435450615e-01 1.234638142922166587e-01 6.384842967683204140e-01 2.352071005917159841e-01 2.844788347746927612e-03 0.000000000000000000e+00
7.240000000000000000e+05 1.809954281848979996e-01 1.227810650887573990e-01 6.393946290395994270e-01 2.339553937187073274e-01 3.868912152935821518e-03 0.000000000000000000e+00
7.280000000000000000e+05 1.819954029262511597e-01 1.226672735548475224e-01 6.398497951752389890e-01 2.335002275830678209e-01 3.982703686845699004e-03 0.000000000000000000e+00
7.320000000000000000e+05 1.829953776676040977e-01 1.225534820209376458e-01 6.379153390987710726e-01 2.363450159308147502e-01 3.186162949476558769e-03 0.000000000000000000e+00
7.360000000000000000e+05 1.839953524089570358e-01 1.220983158852981393e-01 6.374601729631315106e-01 2.366863905325443662e-01 3.755120619025944465e-03 0.000000000000000000e+00
7.400000000000000000e+05 1.849953271503101959e-01 1.208466090122894826e-01 6.384842967683204140e-01 2.372553482020937632e-01 3.413746017296313308e-03 0.000000000000000000e+00
7.440000000000000000e+05 1.859953018916631340e-01 1.217569412835685094e-01 6.290395994538006130e-01 2.445380063723258945e-01 4.665452890304961318e-03 0.000000000000000000e+00
7.480000000000000000e+05 1.869952766330162941e-01 1.223258989531178925e-01 6.286982248520710526e-01 2.430587164314974846e-01 5.917159763313609329e-03 0.000000000000000000e+00
7.520000000000000000e+05 1.879952513743692322e-01 1.239189804278561652e-01 6.292671825216203940e-01 2.428311333636777314e-01 3.982703686845699004e-03 0.000000000000000000e+00
7.560000000000000000e+05 1.889952261157223923e-01 1.246017296313154249e-01 6.292671825216203940e-01 2.422621756941283622e-01 3.868912152935821518e-03 0.000000000000000000e+00
7.600000000000000000e+05 1.899952008570753303e-01 1.223258989531178925e-01 6.271051433773326966e-01 2.448793809740555383e-01 5.689576695493855224e-03 0.000000000000000000e+00
7.640000000000000000e+05 1.909951755984282684e-01 1.226672735548475224e-01 6.261948111060536837e-01 2.471552116522530707e-01 3.982703686845699004e-03 0.000000000000000000e+00
7.680000000000000000e+05 1.919951503397814285e-01 1.217569412835685094e-01 6.263086026399635742e-01 2.459035047792444140e-01 6.030951297223486815e-03 0.000000000000000000e+00
7.720000000000000000e+05 1.929951250811343666e-01 1.202776513427400995e-01 6.271051433773326966e-01 2.476103777878925771e-01 5.006827492034592909e-03 0.000000000000000000e+00
7.760000000000000000e+05 1.939950998224875267e-01 1.267637687756031084e-01 6.505461993627673634e-01 2.176832043695949015e-01 5.006827492034592909e-03 0.000000000000000000e+00
7.800000000000000000e+05 1.949950745638404648e-01 1.244879380974055483e-01 6.520254893035958288e-01 2.171142467000455045e-01 6.372325898953117539e-03 0.000000000000000000e+00
7.840000000000000000e+05 1.959950493051934028e-01 1.230086481565771522e-01 6.619253527537550807e-01 2.114246700045516736e-01 3.641329085116067413e-03 0.000000000000000000e+00
7.880000000000000000e+05 1.969950240465465630e-01 1.220983158852981393e-01 6.594219390077378229e-01 2.133591260810195622e-01 5.120619025944469528e-03 0.000000000000000000e+00
7.920000000000000000e+05 1.979949987878995010e-01 1.228948566226672756e-01 6.588529813381884814e-01 2.122212107419207960e-01 6.030951297223486815e-03 0.000000000000000000e+00
7.960000000000000000e+05 1.989949735292526611e-01 1.223258989531178925e-01 6.547564861174328676e-01 2.174556213017751483e-01 5.461993627674101119e-03 0.000000000000000000e+00
8.000000000000000000e+05 1.999949482706055992e-01 1.233500227583067821e-01 6.552116522530723186e-01 2.159763313609467383e-01 5.461993627674101119e-03 0.000000000000000000e+00
8.040000000000000000e+05 2.009949230119585373e-01 1.224396904870277691e-01 6.516841147018661573e-01 2.199590350477924339e-01 5.917159763313609329e-03 0.000000000000000000e+00
8.080000000000000000e+05 2.019948977533116974e-01 1.225534820209376458e-01 6.553254437869822091e-01 2.166590805644059980e-01 5.461993627674101119e-03 0.000000000000000000e+00
8.120000000000000000e+05 2.029948724946646355e-01 1.214155666818388657e-01 6.522530723714156098e-01 2.204142011834319403e-01 5.917159763313609329e-03 0.000000000000000000e+00
8.160000000000000000e+05 2.039948472360177956e-01 1.225534820209376458e-01 6.568047337278106745e-01 2.155211652253072319e-01 5.120619025944469528e-03 0.000000000000000000e+00
8.200000000000000000e+05 2.049948219773707336e-01 1.227810650887573990e-01 6.531634046426946227e-01 2.173418297678652578e-01 6.713700500682749130e-03 0.000000000000000000e+00
8.240000000000000000e+05 2.059947967187236717e-01 1.230086481565771522e-01 6.521392808375057193e-01 2.181383705052344080e-01 6.713700500682749130e-03 0.000000000000000000e+00
8.280000000000000000e+05 2.069947714600768318e-01 1.215293582157487423e-01 6.515703231679562668e-01 2.196176604460628179e-01 7.282658170232134826e-03 0.000000000000000000e+00
8.320000000000000000e+05 2.079947462014297699e-01 1.234638142922166587e-01 6.504324078288575839e-01 2.207555757851615841e-01 5.348202093764223633e-03 0.000000000000000000e+00
8.360000000000000000e+05 2.089947209427829300e-01 1.249431042330450548e-01 6.499772416932180219e-01 2.183659535730541612e-01 6.713700500682749130e-03 0.000000000000000000e+00
8.400000000000000000e+05 2.099946956841358681e-01 1.232362312243969055e-01 6.504324078288575839e-01 2.203004096495220776e-01 6.030951297223486815e-03 0.000000000000000000e+00
8.440000000000000000e+05 2.109946704254888061e-01 1.255120619025944517e-01 6.499772416932180219e-01 2.191624943104233114e-01 5.348202093764223633e-03 0.000000000000000000e+00
8.480000000000000000e+05 2.119946451668419662e-01 1.239189804278561652e-01 6.491807009558488994e-01 2.195038689121529274e-01 7.396449704142011444e-03 0.000000000000000000e+00
8.520000000000000000e+05 2.129946199081949043e-01 1.220983158852981393e-01 6.502048247610378029e-01 2.201866181156121871e-01 7.510241238051888930e-03 0.000000000000000000e+00
8.560000000000000000e+05 2.139945946495480644e-01 1.286982248520709970e-01 6.488393263541192280e-01 2.160901228948566288e-01 6.372325898953117539e-03 0.000000000000000000e+00
8.600000000000000000e+05 2.149945693909010025e-01 1.271051433773327244e-01 6.482703686845698865e-01 2.176832043695949015e-01 6.941283568502503235e-03 0.000000000000000000e+00
8.640000000000000000e+05 2.159945441322539406e-01 1.258534365043240677e-01 6.487255348202093375e-01 2.181383705052344080e-01 7.282658170232134826e-03 0.000000000000000000e+00
8.680000000000000000e+05 2.169945188736071007e-01 1.279016841147018746e-01 6.437187073281748217e-01 2.224624487938097472e-01 5.917159763313609329e-03 0.000000000000000000e+00
8.720000000000000000e+05 2.179944936149600387e-01 1.312016385980883104e-01 6.426945835229859183e-01 2.216659080564405970e-01 4.437869822485207214e-03 0.000000000000000000e+00
8.760000000000000000e+05 2.189944683563131989e-01 1.310878470641784199e-01 6.412152935821574529e-01 2.230314064633591165e-01 4.665452890304961318e-03 0.000000000000000000e+00
8.800000000000000000e+05 2.199944430976661369e-01 1.319981793354574329e-01 6.409877105143377829e-01 2.222348657259899940e-01 4.779244424214838804e-03 0.000000000000000000e+00
8.840000000000000000e+05 2.209944178390190750e-01 1.330223031406463363e-01 6.397360036413290985e-01 2.209831588529813373e-01 6.258534365043240920e-03 0.000000000000000000e+00
8.880000000000000000e+05 2.219943925803722351e-01 1.313154301319981732e-01 6.403049613108784399e-01 2.225762403277196100e-01 5.803368229403732710e-03 0.000000000000000000e+00
8.920000000000000000e+05 2.229943673217251732e-01 1.370050068274920319e-01 6.395084205735093175e-01 2.199590350477924339e-01 3.527537551206190360e-03 0.000000000000000000e+00
8.960000000000000000e+05 2.239943420630783333e-01 1.312016385980883104e-01 6.397360036413290985e-01 2.225762403277196100e-01 6.486117432862995025e-03 0.000000000000000000e+00
9.000000000000000000e+05 2.249943168044312714e-01 1.317705962676376796e-01 6.390532544378698665e-01 2.239417387346381294e-01 5.234410559854347014e-03 0.000000000000000000e+00
9.040000000000000000e+05 2.259942915457842094e-01 1.315430131998179264e-01 6.385980883022303045e-01 2.246244879380974169e-01 5.234410559854347014e-03 0.000000000000000000e+00
9.080000000000000000e+05 2.269942662871373695e-01 1.325671370050068298e-01 6.451979972690031762e-01 2.157487482931269851e-01 6.486117432862995025e-03 0.000000000000000000e+00
