# itime ezz other fcc hcp bcc ico
0.000000000000000000e+00 0.000000000000000000e+00 0.000000000000000000e+00 1.000000000000000000e+00 0.000000000000000000e+00 0.000000000000000000e+00 0.000000000000000000e+00
8.000000000000000000e+03 1.999988695384091741e-03 0.000000000000000000e+00 1.000000000000000000e+00 0.000000000000000000e+00 0.000000000000000000e+00 0.000000000000000000e+00
1.600000000000000000e+04 3.999977390768183483e-03 0.000000000000000000e+00 1.000000000000000000e+00 0.000000000000000000e+00 0.000000000000000000e+00 0.000000000000000000e+00
2.400000000000000000e+04 5.999966086152053180e-03 0.000000000000000000e+00 1.000000000000000000e+00 0.000000000000000000e+00 0.000000000000000000e+00 0.000000000000000000e+00
3.200000000000000000e+04 7.999954781536144921e-03 0.000000000000000000e+00 1.000000000000000000e+00 0.000000000000000000e+00 0.000000000000000000e+00 0.000000000000000000e+00
4.000000000000000000e+04 9.999943476920236662e-03 0.000000000000000000e+00 1.000000000000000000e+00 0.000000000000000000e+00 0.000000000000000000e+00 0.000000000000000000e+00
4.800000000000000000e+04 1.199993217230432840e-02 0.000000000000000000e+00 1.000000000000000000e+00 0.000000000000000000e+00 0.000000000000000000e+00 0.000000000000000000e+00
5.600000000000000000e+04 1.399992086768842015e-02 0.000000000000000000e+00 1.000000000000000000e+00 0.000000000000000000e+00 0.000000000000000000e+00 0.000000000000000000e+00
6.400000000000000000e+04 1.599990956307251189e-02 0.000000000000000000e+00 1.000000000000000000e+00 0.000000000000000000e+00 0.000000000000000000e+00 0.000000000000000000e+00
7.200000000000000000e+04 1.799989825845638158e-02 0.000000000000000000e+00 1.000000000000000000e+00 0.000000000000000000e+00 0.000000000000000000e+00 0.000000000000000000e+00
8.000000000000000000e+04 1.999988695384047332e-02 0.000000000000000000e+00 1.000000000000000000e+00 0.000000000000000000e+00 0.000000000000000000e+00 0.000000000000000000e+00
8.800000000000000000e+04 2.199987564922456507e-02 0.000000000000000000e+00 1.000000000000000000e+00 0.000000000000000000e+00 0.000000000000000000e+00 0.000000000000000000e+00
9.600000000000000000e+04 2.399986434460865681e-02 0.000000000000000000e+00 1.000000000000000000e+00 0.000000000000000000e+00 0.000000000000000000e+00 0.000000000000000000e+00
1.040000000000000000e+05 2.599985303999274855e-02 0.000000000000000000e+00 1.000000000000000000e+00 0.000000000000000000e+00 0.000000000000000000e+00 0.000000000000000000e+00
1.120000000000000000e+05 2.799984173537684029e-02 0.000000000000000000e+00 1.000000000000000000e+00 0.000000000000000000e+00 0.000000000000000000e+00 0.000000000000000000e+00
1.200000000000000000e+05 2.999983043076070999e-02 0.000000000000000000e+00 1.000000000000000000e+00 0.000000000000000000e+00 0.000000000000000000e+00 0.000000000000000000e+00
1.280000000000000000e+05 3.199981912614480173e-02 0.000000000000000000e+00 1.000000000000000000e+00 0.000000000000000000e+00 0.000000000000000000e+00 0.000000000000000000e+00
1.360000000000000000e+05 3.399980782152889347e-02 0.000000000000000000e+00 1.000000000000000000e+00 0.000000000000000000e+00 0.000000000000000000e+00 0.000000000000000000e+00
1.440000000000000000e+05 3.599979651691298521e-02 0.000000000000000000e+00 1.000000000000000000e+00 0.000000000000000000e+00 0.000000000000000000e+00 0.000000000000000000e+00
1.520000000000000000e+05 3.799978521229707695e-02 0.000000000000000000e+00 1.000000000000000000e+00 0.000000000000000000e+00 0.000000000000000000e+00 0.000000000000000000e+00
1.600000000000000000e+05 3.999977390768116869e-02 0.000000000000000000e+00 1.000000000000000000e+00 0.000000000000000000e+00 0.000000000000000000e+00 0.000000000000000000e+00
1.680000000000000000e+05 4.199976260306503839e-02 0.000000000000000000e+00 1.000000000000000000e+00 0.000000000000000000e+00 0.000000000000000000e+00 0.000000000000000000e+00
1.760000000000000000e+05 4.399975129844913013e-02 0.000000000000000000e+00 1.000000000000000000e+00 0.000000000000000000e+00 0.000000000000000000e+00 0.000000000000000000e+00
1.840000000000000000e+05 4.599973999383322187e-02 0.000000000000000000e+00 1.000000000000000000e+00 0.000000000000000000e+00 0.000000000000000000e+00 0.000000000000000000e+00
1.920000000000000000e+05 4.799972868921731362e-02 0.000000000000000000e+00 1.000000000000000000e+00 0.000000000000000000e+00 0.000000000000000000e+00 0.000000000000000000e+00
2.000000000000000000e+05 4.999971738460140536e-02 0.000000000000000000e+00 1.000000000000000000e+00 0.000000000000000000e+00 0.000000000000000000e+00 0.000000000000000000e+00
2.080000000000000000e+05 5.199970607998549710e-02 0.000000000000000000e+00 1.000000000000000000e+00 0.000000000000000000e+00 0.000000000000000000e+00 0.000000000000000000e+00
2.160000000000000000e+05 5.399969477536936679e-02 0.000000000000000000e+00 1.000000000000000000e+00 0.000000000000000000e+00 0.000000000000000000e+00 0.000000000000000000e+00
2.240000000000000000e+05 5.599968347075345854e-02 0.000000000000000000e+00 1.000000000000000000e+00 0.000000000000000000e+00 0.000000000000000000e+00 0.000000000000000000e+00
2.320000000000000000e+05 5.799967216613755028e-02 0.000000000000000000e+00 1.000000000000000000e+00 0.000000000000000000e+00 0.000000000000000000e+00 0.000000000000000000e+00
2.400000000000000000e+05 5.999966086152164202e-02 4.551661356395084266e-04 9.995448338643604380e-01 0.000000000000000000e+00 0.000000000000000000e+00 0.000000000000000000e+00
2.480000000000000000e+05 6.199964955690573376e-02 4.551661356395084266e-04 9.995448338643604380e-01 0.000000000000000000e+00 0.000000000000000000e+00 0.000000000000000000e+00
2.560000000000000000e+05 6.399963825228982550e-02 3.413746017296313199e-04 9.996586253982703285e-01 0.000000000000000000e+00 0.000000000000000000e+00 0.000000000000000000e+00
2.640000000000000000e+05 6.599962694767369520e-02 3.413746017296313199e-04 9.996586253982703285e-01 0.000000000000000000e+00 0.000000000000000000e+00 0.000000000000000000e+00
2.720000000000000000e+05 6.799961564305778694e-02 1.137915339098771066e-04 9.998862084660901095e-01 0.000000000000000000e+00 0.000000000000000000e+00 0.000000000000000000e+00
2.800000000000000000e+05 6.999960433844187868e-02 0.000000000000000000e+00 1.000000000000000000e+00 0.000000000000000000e+00 0.000000000000000000e+00 0.000000000000000000e+00
2.880000000000000000e+05 7.199959303382597042e-02 0.000000000000000000e+00 1.000000000000000000e+00 0.000000000000000000e+00 0.000000000000000000e+00 0.000000000000000000e+00
2.960000000000000000e+05 7.399958172921006216e-02 0.000000000000000000e+00 1.000000000000000000e+00 0.000000000000000000e+00 0.000000000000000000e+00 0.000000000000000000e+00
3.040000000000000000e+05 7.599957042459415391e-02 4.551661356395084266e-04 9.995448338643604380e-01 0.000000000000000000e+00 0.000000000000000000e+00 0.000000000000000000e+00
3.120000000000000000e+05 7.799955911997802360e-02 0.000000000000000000e+00 1.000000000000000000e+00 0.000000000000000000e+00 0.000000000000000000e+00 0.000000000000000000e+00
3.200000000000000000e+05 7.999954781536211534e-02 2.275830678197542133e-04 9.997724169321802190e-01 0.000000000000000000e+00 0.000000000000000000e+00 0.000000000000000000e+00
3.280000000000000000e+05 8.199953651074620709e-02 1.479289940828402332e-03 9.985207100591716456e-01 0.000000000000000000e+00 0.000000000000000000e+00 0.000000000000000000e+00
3.360000000000000000e+05 8.399952520613029883e-02 2.275830678197542133e-04 9.996586253982703285e-01 0.000000000000000000e+00 1.137915339098771066e-04 0.000000000000000000e+00
3.440000000000000000e+05 8.599951390151439057e-02 3.413746017296313199e-04 9.996586253982703285e-01 0.000000000000000000e+00 0.000000000000000000e+00 0.000000000000000000e+00
3.520000000000000000e+05 8.799950259689848231e-02 1.820664542558033706e-03 9.980655439235320836e-01 0.000000000000000000e+00 1.137915339098771066e-04 0.000000000000000000e+00
3.600000000000000000e+05 8.999949129228235201e-02 9.103322712790168532e-04 9.990896677287209870e-01 0.000000000000000000e+00 0.000000000000000000e+00 0.000000000000000000e+00
3.680000000000000000e+05 9.199947998766644375e-02 2.275830678197541916e-03 9.977241693218024121e-01 0.000000000000000000e+00 0.000000000000000000e+00 0.000000000000000000e+00
3.760000000000000000e+05 9.399946868305053549e-02 1.479289940828402332e-03 9.985207100591716456e-01 0.000000000000000000e+00 0.000000000000000000e+00 0.000000000000000000e+00
3.840000000000000000e+05 9.599945737843462723e-02 2.275830678197541916e-03 9.976103777878926326e-01 0.000000000000000000e+00 1.137915339098771066e-04 0.000000000000000000e+00
3.920000000000000000e+05 9.799944607381871897e-02 1.137915339098770958e-03 9.984069185252617551e-01 0.000000000000000000e+00 4.551661356395084266e-04 0.000000000000000000e+00
4.000000000000000000e+05 9.999943476920281071e-02 3.072371415566681717e-03 9.968138370505233992e-01 0.000000000000000000e+00 1.137915339098771066e-04 0.000000000000000000e+00
4.080000000000000000e+05 1.019994234645866804e-01 3.868912152935821518e-03 9.956759217114247162e-01 0.000000000000000000e+00 4.551661356395084266e-04 0.000000000000000000e+00
4.160000000000000000e+05 1.039994121599707722e-01 5.461993627674101119e-03 9.935138825671370189e-01 0.000000000000000000e+00 1.024123805188893906e-03 0.000000000000000000e+00
4.240000000000000000e+05 1.059994008553548639e-01 5.188893946290396020e-02 7.725307237141556538e-01 0.000000000000000000e+00 1.755803368229403860e-01 0.000000000000000000e+00
4.320000000000000000e+05 1.079993895507389556e-01 5.507510241238051940e-02 7.264451524806554428e-01 2.146108329540282189e-01 3.868912152935821518e-03 0.000000000000000000e+00
4.400000000000000000e+05 1.099993782461230474e-01 5.712335002275830548e-02 7.265589440145653333e-01 2.134729176149294527e-01 2.844788347746927612e-03 0.000000000000000000e+00
4.480000000000000000e+05 1.119993669415071391e-01 5.348202093764223980e-02 7.279244424214837972e-01 2.150659990896677254e-01 3.527537551206190360e-03 0.000000000000000000e+00
4.560000000000000000e+05 1.139993556368910088e-01 5.564406008192990249e-02 7.272416932180245652e-01 2.144970414201183562e-01 2.617205279927173507e-03 0.000000000000000000e+00
4.640000000000000000e+05 1.159993443322751006e-01 5.678197542102867562e-02 7.262175694128356618e-01 2.142694583522985752e-01 2.730996813837050560e-03 0.000000000000000000e+00
4.720000000000000000e+05 1.179993330276591923e-01 5.314064633591260994e-02 7.274692762858443462e-01 2.160901228948566288e-01 3.299954483386436255e-03 0.000000000000000000e+00
4.800000000000000000e+05 1.199993217230432840e-01 5.564406008192990249e-02 7.256486117432863203e-01 2.149522075557578626e-01 3.755120619025944465e-03 0.000000000000000000e+00
4.880000000000000000e+05 1.219993104184273758e-01 5.780609922621757213e-02 7.249658625398270884e-01 2.149522075557578626e-01 2.275830678197541916e-03 0.000000000000000000e+00
4.960000000000000000e+05 1.239992991138114675e-01 5.473372781065088954e-02 7.256486117432863203e-01 2.156349567592171224e-01 3.982703686845699004e-03 0.000000000000000000e+00
5.040000000000000000e+05 1.259992878091953372e-01 5.427856167501137613e-02 7.271279016841146747e-01 2.154073736913973691e-01 3.186162949476558769e-03 0.000000000000000000e+00
5.120000000000000000e+05 1.279992765045794290e-01 5.416477014110149951e-02 7.272416932180245652e-01 2.155211652253072319e-01 3.072371415566681717e-03 0.000000000000000000e+00
5.200000000000000000e+05 1.299992651999635207e-01 5.735093309057805872e-02 7.241693218024578549e-01 2.156349567592171224e-01 2.844788347746927612e-03 0.000000000000000000e+00
5.280000000000000000e+05 1.319992538953476124e-01 5.541647701411014926e-02 7.261037778789257713e-01 2.158625398270368756e-01 2.617205279927173507e-03 0.000000000000000000e+00
5.360000000000000000e+05 1.339992425907317042e-01 5.666818388711879900e-02 7.229176149294492815e-01 2.159763313609467383e-01 4.437869822485207214e-03 0.000000000000000000e+00
5.440000000000000000e+05 1.359992312861157959e-01 5.530268548020027264e-02 7.248520710059171979e-01 2.162039144287664916e-01 3.641329085116067413e-03 0.000000000000000000e+00
5.520000000000000000e+05 1.379992199814996656e-01 5.621301775147929253e-02 7.247382794720073074e-01 2.151797906235776159e-01 3.868912152935821518e-03 0.000000000000000000e+00
5.600000000000000000e+05 1.399992086768837574e-01 5.496131087847064278e-02 7.245106964041875264e-01 2.166590805644059980e-01 3.868912152935821518e-03 0.000000000000000000e+00
5.680000000000000000e+05 1.419991973722678491e-01 5.553026854802002588e-02 7.236003641329085134e-01 2.174556213017751483e-01 3.413746017296313308e-03 0.000000000000000000e+00
5.760000000000000000e+05 1.439991860676519408e-01 5.791989076012744875e-02 7.225762403277196100e-01 2.157487482931269851e-01 3.755120619025944465e-03 0.000000000000000000e+00
5.840000000000000000e+05 1.459991747630360326e-01 5.450614474283113631e-02 7.242831133363677454e-01 2.156349567592171224e-01 5.575785161583977738e-03 0.000000000000000000e+00
5.920000000000000000e+05 1.479991634584201243e-01 5.814747382794720199e-02 7.203004096495220221e-01 2.168866636322257513e-01 4.665452890304961318e-03 0.000000000000000000e+00
6.000000000000000000e+05 1.499991521538039940e-01 5.985434683659535821e-02 7.182521620391443262e-01 2.164314974965862448e-01 5.461993627674101119e-03 0.000000000000000000e+00
6.080000000000000000e+05 1.519991408491880858e-01 6.167501137915339104e-02 7.164314974965863003e-01 2.158625398270368756e-01 6.030951297223486815e-03 0.000000000000000000e+00
6.160000000000000000e+05 1.539991295445721775e-01 6.269913518434228061e-02 7.170004551661356418e-01 2.144970414201183562e-01 5.803368229403732710e-03 0.000000000000000000e+00
6.240000000000000000e+05 1.559991182399562692e-01 6.338188438780155420e-02 7.158625398270368478e-01 2.152935821574874786e-01 5.461993627674101119e-03 0.000000000000000000e+00
6.320000000000000000e+05 1.579991069353403610e-01 6.474738279472007363e-02 7.283796085571233592e-01 2.040282203004096517e-01 2.844788347746927612e-03 0.000000000000000000e+00
6.400000000000000000e+05 1.599990956307244527e-01 2.355484751934456070e-02 8.245334547109695045e-01 1.510013654984069253e-01 9.103322712790168532e-04 0.000000000000000000e+00
6.480000000000000000e+05 1.619990843261083224e-01 2.264451524806554428e-02 8.248748293126991760e-01 1.517979062357760478e-01 6.827492034592626399e-04 0.000000000000000000e+00
6.560000000000000000e+05 1.639990730214924142e-01 2.332726445152480746e-02 8.240782885753299425e-01 1.517979062357760478e-01 7.965407373691396923e-04 0.000000000000000000e+00
6.640000000000000000e+05 1.659990617168765059e-01 2.526172052799271692e-02 8.221438324988621371e-01 1.521392808375056915e-01 4.551661356395084266e-04 0.000000000000000000e+00
6.720000000000000000e+05 1.679990504122605977e-01 2.514792899408284030e-02 8.216886663632225751e-01 1.519116977696859383e-01 1.251706873008648227e-03 0.000000000000000000e+00
6.800000000000000000e+05 1.699990391076446894e-01 2.639963586709149004e-02 8.210059171597633432e-01 1.521392808375056915e-01 4.551661356395084266e-04 0.000000000000000000e+00
6.880000000000000000e+05 1.719990278030287811e-01 2.685480200273099652e-02 8.199817933545744397e-01 1.520254893035958010e-01 1.137915339098770958e-03 0.000000000000000000e+00
6.960000000000000000e+05 1.739990164984126508e-01 5.666818388711879900e-02 7.796995903504779779e-01 1.613563950842057393e-01 2.275830678197541916e-03 0.000000000000000000e+00
7.040000000000000000e+05 1.759990051937967426e-01 5.439235320892125969e-02 7.800409649522075384e-01 1.629494765589440120e-01 2.617205279927173507e-03 0.000000000000000000e+00
7.120000000000000000e+05 1.779989938891808343e-01 5.439235320892125969e-02 7.801547564861174289e-01 1.630632680928539024e-01 2.389622212107419402e-03 0.000000000000000000e+00
7.200000000000000000e+05 1.799989825845649261e-01 5.496131087847064278e-02 7.789030496131087444e-01 1.634046426945835184e-01 2.730996813837050560e-03 0.000000000000000000e+00
7.280000000000000000e+05 1.819989712799490178e-01 5.609922621756941591e-02 7.803823395539372099e-01 1.611288120163859861e-01 2.389622212107419402e-03 0.000000000000000000e+00
7.360000000000000000e+05 1.839989599753331095e-01 5.279927173418298009e-02 7.795857988165680874e-01 1.640873918980427781e-01 3.527537551206190360e-03 0.000000000000000000e+00
7.440000000000000000e+05 1.859989486707169792e-01 5.848884842967683184e-02 7.750341374601729116e-01 1.634046426945835184e-01 3.072371415566681717e-03 0.000000000000000000e+00
7.520000000000000000e+05 1.879989373661010710e-01 5.553026854802002588e-02 7.794720072826581969e-01 1.627218934911242587e-01 2.275830678197541916e-03 0.000000000000000000e+00
7.600000000000000000e+05 1.899989260614851627e-01 5.700955848884842886e-02 7.801547564861174289e-01 1.590805644060081792e-01 3.755120619025944465e-03 0.000000000000000000e+00
7.680000000000000000e+05 1.919989147568692545e-01 5.655439235320892238e-02 7.775375512061902805e-01 1.621529358215748617e-01 3.755120619025944465e-03 0.000000000000000000e+00
7.760000000000000000e+05 1.939989034522533462e-01 5.678197542102867562e-02 7.777651342740100615e-01 1.624943104233045055e-01 2.958579881656804664e-03 0.000000000000000000e+00
7.840000000000000000e+05 1.959988921476374379e-01 6.042330450614474130e-02 7.761720527992717056e-01 1.604460628129267263e-01 2.958579881656804664e-03 0.000000000000000000e+00
7.920000000000000000e+05 1.979988808430213076e-01 6.144742831133363781e-02 7.725307237141556538e-01 1.632908511606736557e-01 2.730996813837050560e-03 0.000000000000000000e+00
8.000000000000000000e+05 1.999988695384053994e-01 6.167501137915339104e-02 7.730996813837051063e-01 1.606736458807464796e-01 4.551661356395083832e-03 0.000000000000000000e+00
8.080000000000000000e+05 2.019988582337894911e-01 7.157487482931269851e-02 7.352071005917160118e-01 1.873008648156577194e-01 5.917159763313609329e-03 0.000000000000000000e+00
8.160000000000000000e+05 2.039988469291735829e-01 7.362312243969049153e-02 7.344105598543468894e-01 1.873008648156577194e-01 4.665452890304961318e-03 0.000000000000000000e+00
8.240000000000000000e+05 2.059988356245576746e-01 7.430587164314975124e-02 7.323623122439690825e-01 1.910559854346836617e-01 2.275830678197541916e-03 0.000000000000000000e+00
8.320000000000000000e+05 2.079988243199417663e-01 7.123350022758306865e-02 7.333864360491579859e-01 1.915111515703231682e-01 3.868912152935821518e-03 0.000000000000000000e+00
8.400000000000000000e+05 2.099988130153256360e-01 7.043695949021393232e-02 7.364588074647245852e-01 1.899180700955848955e-01 3.186162949476558769e-03 0.000000000000000000e+00
8.480000000000000000e+05 2.119988017107097278e-01 7.111970869367319203e-02 7.371415566681839282e-01 1.885525716886663761e-01 3.186162949476558769e-03 0.000000000000000000e+00
8.560000000000000000e+05 2.139987904060938195e-01 7.157487482931269851e-02 7.369139736003641472e-01 1.884387801547564856e-01 3.072371415566681717e-03 0.000000000000000000e+00
8.640000000000000000e+05 2.159987791014779113e-01 7.111970869367319203e-02 7.404415111515703085e-01 1.863905325443787064e-01 2.048247610377787811e-03 0.000000000000000000e+00
8.720000000000000000e+05 2.179987677968620030e-01 7.146108329540282189e-02 7.410104688211197610e-01 1.851388256713700498e-01 2.389622212107419402e-03 0.000000000000000000e+00
8.800000000000000000e+05 2.199987564922460948e-01 6.952662721893490549e-02 7.430587164314974569e-01 1.854802002730996935e-01 1.934456076467910759e-03 0.000000000000000000e+00
8.880000000000000000e+05 2.219987451876299644e-01 6.861629494765589254e-02 7.444242148384160318e-01 1.845698680018206528e-01 2.389622212107419402e-03 0.000000000000000000e+00
8.960000000000000000e+05 2.239987338830140562e-01 6.975421028675465873e-02 7.445380063723259223e-01 1.842284934000910368e-01 1.479289940828402332e-03 0.000000000000000000e+00
9.040000000000000000e+05 2.259987225783981479e-01 7.089212562585343880e-02 7.448793809740554828e-01 1.834319526627218866e-01 7.965407373691396923e-04 0.000000000000000000e+00
9.120000000000000000e+05 2.279987112737822397e-01 7.043695949021393232e-02 7.455621301775148257e-01 1.822940373236231204e-01 1.706873008648156654e-03 0.000000000000000000e+00
9.200000000000000000e+05 2.299986999691663314e-01 6.827492034592626269e-02 7.474965862539827421e-01 1.825216203914428736e-01 1.706873008648156654e-03 0.000000000000000000e+00
9.280000000000000000e+05 2.319986886645504232e-01 7.020937642239417908e-02 7.455621301775148257e-01 1.822940373236231204e-01 1.934456076467910759e-03 0.000000000000000000e+00
9.360000000000000000e+05 2.339986773599342929e-01 6.725079654073737312e-02 7.480655439235320836e-01 1.834319526627218866e-01 1.251706873008648227e-03 0.000000000000000000e+00
9.440000000000000000e+05 2.359986660553183846e-01 6.747837960855712636e-02 7.506827492034592320e-01 1.811561219845243542e-01 6.827492034592626399e-04 0.000000000000000000e+00
9.520000000000000000e+05 2.379986547507024763e-01 6.895766954938552240e-02 7.484069185252617551e-01 1.811561219845243542e-01 1.479289940828402332e-03 0.000000000000000000e+00
9.600000000000000000e+05 2.399986434460865681e-01 6.793354574419663283e-02 7.501137915339098905e-01 1.814974965862539702e-01 4.551661356395084266e-04 0.000000000000000000e+00
9.680000000000000000e+05 2.419986321414706598e-01 6.861629494765589254e-02 7.520482476103778069e-01 1.779699590350477811e-01 1.365498406918525280e-03 0.000000000000000000e+00
9.760000000000000000e+05 2.439986208368547516e-01 6.736458807464724974e-02 7.522758306781975879e-01 1.794492489758761911e-01 9.103322712790168532e-04 0.000000000000000000e+00
9.840000000000000000e+05 2.459986095322386213e-01 6.747837960855712636e-02 7.523896222121073674e-01 1.795630405097860816e-01 5.689576695493854790e-04 0.000000000000000000e+00
9.920000000000000000e+05 2.479985982276227130e-01 6.804733727810650945e-02 7.539827036868457233e-01 1.774010013654984119e-01 5.689576695493854790e-04 0.000000000000000000e+00
1.000000000000000000e+06 2.499985869230068047e-01 6.599908966772871644e-02 7.564861174328629811e-01 1.769458352298589054e-01 5.689576695493854790e-04 0.000000000000000000e+00
1.008000000000000000e+06 2.519985756183908965e-01 6.588529813381883982e-02 7.575102412380518846e-01 1.762630860263996457e-01 3.413746017296313199e-04 0.000000000000000000e+00
1.016000000000000000e+06 2.539985643137749882e-01 6.747837960855712636e-02 7.594446973145198010e-01 1.723941738734638129e-01 6.827492034592626399e-04 0.000000000000000000e+00
1.024000000000000000e+06 2.559985530091590800e-01 6.827492034592626269e-02 7.608101957214383759e-01 1.708010923987255403e-01 1.137915339098771066e-04 0.000000000000000000e+00
1.032000000000000000e+06 2.579985417045429497e-01 6.781975421028675621e-02 7.642239417387346467e-01 1.677287209831588577e-01 2.275830678197542133e-04 0.000000000000000000e+00
1.040000000000000000e+06 2.599985303999270414e-01 6.713700500682749650e-02 7.684342284934000400e-01 1.640873918980427781e-01 3.413746017296313199e-04 0.000000000000000000e+00
1.048000000000000000e+06 2.619985190953111331e-01 8.295402822030041590e-02 7.381656804733728316e-01 1.778561675011379184e-01 1.024123805188893906e-03 0.000000000000000000e+00
1.056000000000000000e+06 2.639985077906952249e-01 9.057806099226217711e-02 7.287209831588530307e-01 1.794492489758761911e-01 1.251706873008648227e-03 0.000000000000000000e+00
1.064000000000000000e+06 2.659984964860793166e-01 9.205735093309057315e-02 7.234865725989986229e-01 1.829767865270823801e-01 1.479289940828402332e-03 0.000000000000000000e+00
1.072000000000000000e+06 2.679984851814634084e-01 9.547109695038688559e-02 7.207555757851615841e-01 1.830905780609922706e-01 6.827492034592626399e-04 0.000000000000000000e+00
1.080000000000000000e+06 2.699984738768472781e-01 9.717796995903504875e-02 7.199590350477924616e-01 1.821802457897132577e-01 6.827492034592626399e-04 0.000000000000000000e+00
1.088000000000000000e+06 2.719984625722313698e-01 1.052571688666363164e-01 6.944697314519799880e-01 1.992489758761948060e-01 1.024123805188893906e-03 0.000000000000000000e+00
1.096000000000000000e+06 2.739984512676154615e-01 1.066226672735548497e-01 6.933318161128811941e-01 1.991351843422849432e-01 9.103322712790168532e-04 0.000000000000000000e+00
1.104000000000000000e+06 2.759984399629995533e-01 1.120846609012289552e-01 6.912835685025033872e-01 1.949248975876194945e-01 1.706873008648156654e-03 0.000000000000000000e+00
1.112000000000000000e+06 2.779984286583836450e-01 1.140191169776968577e-01 6.718252162039144437e-01 2.113108784706417831e-01 2.844788347746927612e-03 0.000000000000000000e+00
1.120000000000000000e+06 2.799984173537677368e-01 1.118570778334091881e-01 6.748975876194811541e-01 2.107419208010923861e-01 2.503413746017296455e-03 0.000000000000000000e+00
1.128000000000000000e+06 2.819984060491516065e-01 1.141329085116067343e-01 6.737596722803823601e-01 2.105143377332726329e-01 1.593081474738279385e-03 0.000000000000000000e+00
1.136000000000000000e+06 2.839983947445356982e-01 1.132225762403277214e-01 6.720527992717342247e-01 2.122212107419207960e-01 2.503413746017296455e-03 0.000000000000000000e+00
1.144000000000000000e+06 2.859983834399197900e-01 8.511606736458807165e-02 7.581929904415111166e-01 1.553254437869822369e-01 1.365498406918525280e-03 0.000000000000000000e+00
1.152000000000000000e+06 2.879983721353038817e-01 8.295402822030041590e-02 7.601274465179790329e-01 1.557806099226217433e-01 1.137915339098770958e-03 0.000000000000000000e+00
1.160000000000000000e+06 2.899983608306879734e-01 8.227127901684114231e-02 7.611515703231679364e-01 1.552116522530723741e-01 1.365498406918525280e-03 0.000000000000000000e+00
1.168000000000000000e+06 2.919983495260720652e-01 8.272644515248064878e-02 7.613791533909877174e-01 1.541875284478834707e-01 1.706873008648156654e-03 0.000000000000000000e+00
1.176000000000000000e+06 2.939983382214559349e-01 8.181611288120163583e-02 7.620619025944469493e-01 1.552116522530723741e-01 9.103322712790168532e-04 0.000000000000000000e+00
1.184000000000000000e+06 2.959983269168400266e-01 8.124715521165225274e-02 7.625170687300865113e-01 1.543013199817933612e-01 1.934456076467910759e-03 0.000000000000000000e+00
1.192000000000000000e+06 2.979983156122241184e-01 8.227127901684114231e-02 7.629722348657259623e-01 1.536185707783341015e-01 1.137915339098770958e-03 0.000000000000000000e+00
1.200000000000000000e+06 2.999983043076082101e-01 8.204369594902138907e-02 7.626308602639964018e-01 1.537323623122439642e-01 1.593081474738279385e-03 0.000000000000000000e+00
1.208000000000000000e+06 3.019982930029923018e-01 8.238507055075101893e-02 7.636549840691853053e-01 1.525944469731451980e-01 1.365498406918525280e-03 0.000000000000000000e+00
1.216000000000000000e+06 3.039982816983763936e-01 8.158852981338188259e-02 7.644515248065544277e-01 1.524806554392353075e-01 1.479289940828402332e-03 0.000000000000000000e+00
1.224000000000000000e+06 3.059982703937602633e-01 8.386436049157942885e-02 7.637687756030950847e-01 1.512289485662266786e-01 1.137915339098770958e-03 0.000000000000000000e+00
1.232000000000000000e+06 3.079982590891443550e-01 8.215748748293126569e-02 7.667273554847519046e-01 1.499772416932180219e-01 1.137915339098770958e-03 0.000000000000000000e+00
1.240000000000000000e+06 3.099982477845284468e-01 8.056440600819299303e-02 7.669549385525716856e-01 1.510013654984069253e-01 1.479289940828402332e-03 0.000000000000000000e+00
1.248000000000000000e+06 3.119982364799125385e-01 9.114701866181156020e-02 7.443104233045061413e-01 1.635184342284934089e-01 1.024123805188893906e-03 0.000000000000000000e+00
1.256000000000000000e+06 3.139982251752966302e-01 9.228493400091032639e-02 7.427173418297678964e-01 1.638598088302230249e-01 1.137915339098770958e-03 0.000000000000000000e+00
1.264000000000000000e+06 3.159982138706807220e-01 9.274010013654984674e-02 7.432862994993172379e-01 1.631770596267637652e-01 7.965407373691396923e-04 0.000000000000000000e+00
1.272000000000000000e+06 3.179982025660645917e-01 9.308147473827947660e-02 7.436276741010469093e-01 1.621529358215748617e-01 1.137915339098770958e-03 0.000000000000000000e+00
1.280000000000000000e+06 3.199981912614486834e-01 9.205735093309057315e-02 7.432862994993172379e-01 1.635184342284934089e-01 1.137915339098770958e-03 0.000000000000000000e+00
1.288000000000000000e+06 3.219981799568327752e-01 9.217114246700044977e-02 7.427173418297678964e-01 1.640873918980427781e-01 1.024123805188893906e-03 0.000000000000000000e+00
1.296000000000000000e+06 3.239981686522168669e-01 9.057806099226217711e-02 7.441966317705962508e-01 1.638598088302230249e-01 1.365498406918525280e-03 0.000000000000000000e+00
1.304000000000000000e+06 3.259981573476009586e-01 9.228493400091032639e-02 7.439690487027764698e-01 1.626081019572143960e-01 1.137915339098770958e-03 0.000000000000000000e+00
1.312000000000000000e+06 3.279981460429850504e-01 9.194355939918069653e-02 7.416932180245789930e-01 1.651115157032316816e-01 1.251706873008648227e-03 0.000000000000000000e+00
1.320000000000000000e+06 3.299981347383689201e-01 9.285389167045972336e-02 7.424897587619481154e-01 1.635184342284934089e-01 1.137915339098770958e-03 0.000000000000000000e+00
1.328000000000000000e+06 3.319981234337530118e-01 9.148839326354119006e-02 7.429449248975875664e-01 1.645425580336822846e-01 1.024123805188893906e-03 0.000000000000000000e+00
1.336000000000000000e+06 3.339981121291371036e-01 9.239872553482020301e-02 7.441966317705962508e-01 1.628356850250341492e-01 5.689576695493854790e-04 0.000000000000000000e+00
1.344000000000000000e+06 3.359981008245211953e-01 9.342284934000910646e-02 7.426035502958580059e-01 1.630632680928539024e-01 9.103322712790168532e-04 0.000000000000000000e+00
1.352000000000000000e+06 3.379980895199052870e-01 9.182976786527081992e-02 7.418070095584888834e-01 1.647701411015020379e-01 1.593081474738279385e-03 0.000000000000000000e+00
1.360000000000000000e+06 3.399980782152893788e-01 9.387801547564861293e-02 7.413518434228493215e-01 1.631770596267637652e-01 1.593081474738279385e-03 0.000000000000000000e+00
1.368000000000000000e+06 3.419980669106732485e-01 9.365043240782885969e-02 7.408966772872098705e-01 1.638598088302230249e-01 1.593081474738279385e-03 0.000000000000000000e+00
1.376000000000000000e+06 3.439980556060573402e-01 9.251251706873007963e-02 7.398725534820209671e-01 1.663632225762403383e-01 1.251706873008648227e-03 0.000000000000000000e+00
1.384000000000000000e+06 3.459980443014414320e-01 9.262630860263997012e-02 7.416932180245789930e-01 1.646563495675921751e-01 1.024123805188893906e-03 0.000000000000000000e+00
1.392000000000000000e+06 3.479980329968255237e-01 9.274010013654984674e-02 7.408966772872098705e-01 1.653390987710514348e-01 1.024123805188893906e-03 0.000000000000000000e+00
1.400000000000000000e+06 3.499980216922096155e-01 9.274010013654984674e-02 7.397587619481110766e-01 1.654528903049612976e-01 2.048247610377787811e-03 0.000000000000000000e+00
1.408000000000000000e+06 3.519980103875937072e-01 9.353664087391898307e-02 7.399863450159308575e-01 1.654528903049612976e-01 1.024123805188893906e-03 0.000000000000000000e+00
1.416000000000000000e+06 3.539979990829775769e-01 9.376422394173873631e-02 7.390760127446518446e-01 1.664770141101502010e-01 6.827492034592626399e-04 0.000000000000000000e+00
1.424000000000000000e+06 3.559979877783616686e-01 9.478834774692762588e-02 7.394173873463814051e-01 1.649977241693217911e-01 7.965407373691396923e-04 0.000000000000000000e+00
1.432000000000000000e+06 3.579979764737457604e-01 9.604005461993628257e-02 7.378243058716431602e-01 1.653390987710514348e-01 7.965407373691396923e-04 0.000000000000000000e+00
1.440000000000000000e+06 3.599979651691298521e-01 9.558488848429676221e-02 7.377105143377332697e-01 1.657942649066909413e-01 9.103322712790168532e-04 0.000000000000000000e+00
1.448000000000000000e+06 3.619979538645139439e-01 9.751934456076467861e-02 7.357760582612653533e-01 1.655666818388711881e-01 1.137915339098770958e-03 0.000000000000000000e+00
1.456000000000000000e+06 3.639979425598980356e-01 9.831588529813381494e-02 7.354346836595356818e-01 1.649977241693217911e-01 1.251706873008648227e-03 0.000000000000000000e+00
1.464000000000000000e+06 3.659979312552819053e-01 1.024123805188894010e-01 7.322485207100591920e-01 1.642011834319526686e-01 1.137915339098770958e-03 0.000000000000000000e+00
1.472000000000000000e+06 3.679979199506659970e-01 1.082157487482931224e-01 7.229176149294492815e-01 1.667045971779699542e-01 2.162039144287664864e-03 0.000000000000000000e+00
1.480000000000000000e+06 3.699979086460500888e-01 1.081019572143832458e-01 7.230314064633591720e-01 1.678425125170687204e-01 1.024123805188893906e-03 0.000000000000000000e+00
1.488000000000000000e+06 3.719978973414341805e-01 1.136777423759672279e-01 7.144970414201183839e-01 1.692080109239872676e-01 2.617205279927173507e-03 0.000000000000000000e+00
1.496000000000000000e+06 3.739978860368182723e-01 1.106053709604005453e-01 7.189349112426035582e-01 1.680700955848884737e-01 2.389622212107419402e-03 0.000000000000000000e+00
1.504000000000000000e+06 3.759978747322023640e-01 1.572598998634501533e-01 5.829540282203004020e-01 2.550068274920345712e-01 4.779244424214838804e-03 0.000000000000000000e+00
1.512000000000000000e+06 3.779978634275862337e-01 1.587391898042785632e-01 5.776058261265362148e-01 2.579654073736913911e-01 5.689576695493855224e-03 0.000000000000000000e+00
1.520000000000000000e+06 3.799978521229703254e-01 1.635184342284934089e-01 5.776058261265362148e-01 2.511379153390987939e-01 7.737824305871643035e-03 0.000000000000000000e+00
1.528000000000000000e+06 3.819978408183544172e-01 1.579426490669094130e-01 6.087847064178425471e-01 2.279244424214838527e-01 5.348202093764223633e-03 0.000000000000000000e+00
1.536000000000000000e+06 3.839978295137385089e-01 1.557806099226217433e-01 6.078743741465635342e-01 2.308830223031406448e-01 5.461993627674101119e-03 0.000000000000000000e+00
1.544000000000000000e+06 3.859978182091226007e-01 1.577150659990896597e-01 6.045744196631770428e-01 2.304278561675011383e-01 7.282658170232134826e-03 0.000000000000000000e+00
1.552000000000000000e+06 3.879978069045066924e-01 1.524806554392353075e-01 6.051433773327264953e-01 2.344105598543468338e-01 7.965407373691398007e-03 0.000000000000000000e+00
1.560000000000000000e+06 3.899977955998907841e-01 1.568047337278106468e-01 6.059399180700956178e-01 2.303140646335912478e-01 6.941283568502503235e-03 0.000000000000000000e+00
1.568000000000000000e+06 3.919977842952746538e-01 1.579426490669094130e-01 6.051433773327264953e-01 2.282658170232134687e-01 8.648156577150659455e-03 0.000000000000000000e+00
1.576000000000000000e+06 3.939977729906585235e-01 1.585116067364588099e-01 6.055985434683659463e-01 2.280382339553937154e-01 7.851615839781519654e-03 0.000000000000000000e+00
1.584000000000000000e+06 3.959977616860428373e-01 1.583978152025489194e-01 6.121984524351388179e-01 2.224624487938097472e-01 6.941283568502503235e-03 0.000000000000000000e+00
1.592000000000000000e+06 3.979977503814269291e-01 1.576012744651797970e-01 6.068502503413746307e-01 2.275830678197542090e-01 7.965407373691398007e-03 0.000000000000000000e+00
1.600000000000000000e+06 3.999977390768110208e-01 1.297223486572599005e-01 6.775147928994083024e-01 1.866181156121984597e-01 6.144742831133363434e-03 0.000000000000000000e+00
1.608000000000000000e+06 4.019977277721948905e-01 1.252844788347746985e-01 6.859353664087392000e-01 1.820664542558033672e-01 6.713700500682749130e-03 0.000000000000000000e+00
1.616000000000000000e+06 4.039977164675789822e-01 1.300637232589895442e-01 6.851388256713700775e-01 1.791078743741465751e-01 5.689576695493855224e-03 0.000000000000000000e+00
1.624000000000000000e+06 4.059977051629632960e-01 1.313154301319981732e-01 6.869594902139281034e-01 1.759217114246700020e-01 5.803368229403732710e-03 0.000000000000000000e+00
1.632000000000000000e+06 4.079976938583471657e-01 1.305188893946290507e-01 6.907146108329540457e-01 1.726217569412835662e-01 6.144742831133363434e-03 0.000000000000000000e+00
1.640000000000000000e+06 4.099976825537310354e-01 1.332498862084660896e-01 6.880974055530268974e-01 1.743286299499317293e-01 4.324078288575329727e-03 0.000000000000000000e+00
1.648000000000000000e+06 4.119976712491153492e-01 1.319981793354574329e-01 6.892353208921255803e-01 1.737596722803823324e-01 5.006827492034592909e-03 0.000000000000000000e+00
1.656000000000000000e+06 4.139976599444994410e-01 1.297223486572599005e-01 6.896904870277651423e-01 1.744424214838415921e-01 6.144742831133363434e-03 0.000000000000000000e+00
1.664000000000000000e+06 4.159976486398833107e-01 1.331360946745562268e-01 6.651115157032316816e-01 1.942421483841602070e-01 7.510241238051888930e-03 0.000000000000000000e+00
1.672000000000000000e+06 4.179976373352671803e-01 1.362084660901228816e-01 6.631770596267637652e-01 1.949248975876194945e-01 5.689576695493855224e-03 0.000000000000000000e+00
1.680000000000000000e+06 4.199976260306514941e-01 1.347291761492944995e-01 6.636322257624033272e-01 1.956076467910787542e-01 6.030951297223486815e-03 0.000000000000000000e+00
1.688000000000000000e+06 4.219976147260355859e-01 1.370050068274920319e-01 6.631770596267637652e-01 1.937869822485207005e-01 6.030951297223486815e-03 0.000000000000000000e+00
1.696000000000000000e+06 4.239976034214196776e-01 1.367774237596722786e-01 6.621529358215748617e-01 1.961766044606281234e-01 4.893035958124715423e-03 0.000000000000000000e+00
1.704000000000000000e+06 4.259975921168035473e-01 1.355257168866636219e-01 6.627218934911243142e-01 1.958352298588985074e-01 5.917159763313609329e-03 0.000000000000000000e+00
1.712000000000000000e+06 4.279975808121876391e-01 1.347291761492944995e-01 6.646563495675921196e-01 1.951524806554392477e-01 5.461993627674101119e-03 0.000000000000000000e+00
1.720000000000000000e+06 4.299975695075719528e-01 1.359808830223031284e-01 6.644287664997724496e-01 1.951524806554392477e-01 4.437869822485207214e-03 0.000000000000000000e+00
1.728000000000000000e+06 4.319975582029558225e-01 1.359808830223031284e-01 6.635184342284934367e-01 1.949248975876194945e-01 5.575785161583977738e-03 0.000000000000000000e+00
1.736000000000000000e+06 4.339975468983396922e-01 1.359808830223031284e-01 6.627218934911243142e-01 1.967455621301775204e-01 4.551661356395083832e-03 0.000000000000000000e+00
1.744000000000000000e+06 4.359975355937240060e-01 1.337050523441055960e-01 6.647701411015020101e-01 1.950386891215293572e-01 6.486117432862995025e-03 0.000000000000000000e+00
1.752000000000000000e+06 4.379975242891080978e-01 1.340464269458352398e-01 6.643149749658625591e-01 1.950386891215293572e-01 6.599908966772872511e-03 0.000000000000000000e+00
1.760000000000000000e+06 4.399975129844919675e-01 1.349567592171142527e-01 6.620391442876649712e-01 1.959490213928083702e-01 7.055075102412380721e-03 0.000000000000000000e+00
1.768000000000000000e+06 4.419975016798758372e-01 1.428083750568957533e-01 6.702321347291761988e-01 1.810423304506144637e-01 5.917159763313609329e-03 0.000000000000000000e+00
1.776000000000000000e+06 4.439974903752601509e-01 1.441738734638143005e-01 6.665908056440600360e-01 1.838871187983613931e-01 5.348202093764223633e-03 0.000000000000000000e+00
1.784000000000000000e+06 4.459974790706442427e-01 1.438324988620846567e-01 6.698907601274465273e-01 1.804733727810650945e-01 5.803368229403732710e-03 0.000000000000000000e+00
1.792000000000000000e+06 4.479974677660283344e-01 1.346153846153846090e-01 7.044833864360491305e-01 1.552116522530723741e-01 5.689576695493855224e-03 0.000000000000000000e+00
1.800000000000000000e+06 4.499974564614122041e-01 1.327947200728265831e-01 7.072143832498861693e-01 1.548702776513427304e-01 5.120619025944469528e-03 0.000000000000000000e+00
1.808000000000000000e+06 4.519974451567962959e-01 1.440600819299044100e-01 7.122212107419207960e-01 1.366636322257624159e-01 7.055075102412380721e-03 0.000000000000000000e+00
1.816000000000000000e+06 4.539974338521806096e-01 1.508875739644970349e-01 7.038006372325898985e-01 1.405325443786982209e-01 4.779244424214838804e-03 0.000000000000000000e+00
