# itime ezz other fcc hcp bcc ico
0.000000000000000000e+00 0.000000000000000000e+00 0.000000000000000000e+00 1.000000000000000000e+00 0.000000000000000000e+00 0.000000000000000000e+00 0.000000000000000000e+00
4.000000000000000000e+04 1.000001505257741563e-02 0.000000000000000000e+00 1.000000000000000000e+00 0.000000000000000000e+00 0.000000000000000000e+00 0.000000000000000000e+00
8.000000000000000000e+04 2.000003010515483126e-02 0.000000000000000000e+00 1.000000000000000000e+00 0.000000000000000000e+00 0.000000000000000000e+00 0.000000000000000000e+00
1.200000000000000000e+05 3.000004515773224689e-02 0.000000000000000000e+00 1.000000000000000000e+00 0.000000000000000000e+00 0.000000000000000000e+00 0.000000000000000000e+00
1.600000000000000000e+05 4.000006021030966252e-02 0.000000000000000000e+00 1.000000000000000000e+00 0.000000000000000000e+00 0.000000000000000000e+00 0.000000000000000000e+00
2.000000000000000000e+05 5.000007526288707815e-02 0.000000000000000000e+00 1.000000000000000000e+00 0.000000000000000000e+00 0.000000000000000000e+00 0.000000000000000000e+00
2.400000000000000000e+05 6.000009031546449378e-02 4.551661356395084266e-04 9.995448338643604380e-01 0.000000000000000000e+00 0.000000000000000000e+00 0.000000000000000000e+00
2.800000000000000000e+05 7.000010536804190941e-02 0.000000000000000000e+00 1.000000000000000000e+00 0.000000000000000000e+00 0.000000000000000000e+00 0.000000000000000000e+00
3.200000000000000000e+05 8.000012042061932505e-02 2.275830678197542133e-04 9.997724169321802190e-01 0.000000000000000000e+00 0.000000000000000000e+00 0.000000000000000000e+00
3.600000000000000000e+05 9.000013547319674068e-02 9.103322712790168532e-04 9.990896677287209870e-01 0.000000000000000000e+00 0.000000000000000000e+00 0.000000000000000000e+00
4.000000000000000000e+05 1.000001505257741563e-01 3.072371415566681717e-03 9.968138370505233992e-01 0.000000000000000000e+00 1.137915339098771066e-04 0.000000000000000000e+00
4.400000000000000000e+05 1.100001655783515719e-01 5.712335002275830548e-02 7.265589440145653333e-01 2.134729176149294527e-01 2.844788347746927612e-03 0.000000000000000000e+00
4.800000000000000000e+05 1.200001806309289876e-01 5.564406008192990249e-02 7.256486117432863203e-01 2.149522075557578626e-01 3.755120619025944465e-03 0.000000000000000000e+00
5.200000000000000000e+05 1.300001956835064032e-01 5.735093309057805872e-02 7.241693218024578549e-01 2.156349567592171224e-01 2.844788347746927612e-03 0.000000000000000000e+00
5.600000000000000000e+05 1.400002107360838188e-01 5.496131087847064278e-02 7.245106964041875264e-01 2.166590805644059980e-01 3.868912152935821518e-03 0.000000000000000000e+00
6.000000000000000000e+05 1.500002257886612345e-01 5.985434683659535821e-02 7.182521620391443262e-01 2.164314974965862448e-01 5.461993627674101119e-03 0.000000000000000000e+00
6.400000000000000000e+05 1.600002408412386501e-01 2.355484751934456070e-02 8.245334547109695045e-01 1.510013654984069253e-01 9.103322712790168532e-04 0.000000000000000000e+00
6.800000000000000000e+05 1.700002558938160657e-01 2.639963586709149004e-02 8.210059171597633432e-01 1.521392808375056915e-01 4.551661356395084266e-04 0.000000000000000000e+00
7.200000000000000000e+05 1.800002709463934814e-01 5.496131087847064278e-02 7.789030496131087444e-01 1.634046426945835184e-01 2.730996813837050560e-03 0.000000000000000000e+00
7.600000000000000000e+05 1.900002859989708970e-01 5.700955848884842886e-02 7.801547564861174289e-01 1.590805644060081792e-01 3.755120619025944465e-03 0.000000000000000000e+00
8.000000000000000000e+05 2.000003010515483126e-01 6.167501137915339104e-02 7.730996813837051063e-01 1.606736458807464796e-01 4.551661356395083832e-03 0.000000000000000000e+00
8.400000000000000000e+05 2.100003161041257282e-01 7.043695949021393232e-02 7.364588074647245852e-01 1.899180700955848955e-01 3.186162949476558769e-03 0.000000000000000000e+00
8.800000000000000000e+05 2.200003311567031439e-01 6.952662721893490549e-02 7.430587164314974569e-01 1.854802002730996935e-01 1.934456076467910759e-03 0.000000000000000000e+00
9.200000000000000000e+05 2.300003462092805595e-01 6.827492034592626269e-02 7.474965862539827421e-01 1.825216203914428736e-01 1.706873008648156654e-03 0.000000000000000000e+00
9.600000000000000000e+05 2.400003612618579751e-01 6.793354574419663283e-02 7.501137915339098905e-01 1.814974965862539702e-01 4.551661356395084266e-04 0.000000000000000000e+00
1.000000000000000000e+06 2.500003763144353908e-01 6.599908966772871644e-02 7.564861174328629811e-01 1.769458352298589054e-01 5.689576695493854790e-04 0.000000000000000000e+00
1.040000000000000000e+06 2.600003913670128064e-01 6.713700500682749650e-02 7.684342284934000400e-01 1.640873918980427781e-01 3.413746017296313199e-04 0.000000000000000000e+00
1.080000000000000000e+06 2.700004064195902220e-01 9.717796995903504875e-02 7.199590350477924616e-01 1.821802457897132577e-01 6.827492034592626399e-04 0.000000000000000000e+00
1.120000000000000000e+06 2.800004214721676377e-01 1.118570778334091881e-01 6.748975876194811541e-01 2.107419208010923861e-01 2.503413746017296455e-03 0.000000000000000000e+00
1.160000000000000000e+06 2.900004365247450533e-01 8.227127901684114231e-02 7.611515703231679364e-01 1.552116522530723741e-01 1.365498406918525280e-03 0.000000000000000000e+00
1.200000000000000000e+06 3.000004515773224689e-01 8.204369594902138907e-02 7.626308602639964018e-01 1.537323623122439642e-01 1.593081474738279385e-03 0.000000000000000000e+00
1.240000000000000000e+06 3.100004666298998846e-01 8.056440600819299303e-02 7.669549385525716856e-01 1.510013654984069253e-01 1.479289940828402332e-03 0.000000000000000000e+00
1.280000000000000000e+06 3.200004816824773002e-01 9.205735093309057315e-02 7.432862994993172379e-01 1.635184342284934089e-01 1.137915339098770958e-03 0.000000000000000000e+00
1.320000000000000000e+06 3.300004967350547158e-01 9.285389167045972336e-02 7.424897587619481154e-01 1.635184342284934089e-01 1.137915339098770958e-03 0.000000000000000000e+00
1.360000000000000000e+06 3.400005117876321314e-01 9.387801547564861293e-02 7.413518434228493215e-01 1.631770596267637652e-01 1.593081474738279385e-03 0.000000000000000000e+00
1.400000000000000000e+06 3.500005268402095471e-01 9.274010013654984674e-02 7.397587619481110766e-01 1.654528903049612976e-01 2.048247610377787811e-03 0.000000000000000000e+00
1.440000000000000000e+06 3.600005418927869627e-01 9.558488848429676221e-02 7.377105143377332697e-01 1.657942649066909413e-01 9.103322712790168532e-04 0.000000000000000000e+00
1.480000000000000000e+06 3.700005569453643783e-01 1.081019572143832458e-01 7.230314064633591720e-01 1.678425125170687204e-01 1.024123805188893906e-03 0.000000000000000000e+00
1.520000000000000000e+06 3.800005719979417940e-01 1.635184342284934089e-01 5.776058261265362148e-01 2.511379153390987939e-01 7.737824305871643035e-03 0.000000000000000000e+00
1.560000000000000000e+06 3.900005870505192096e-01 1.568047337278106468e-01 6.059399180700956178e-01 2.303140646335912478e-01 6.941283568502503235e-03 0.000000000000000000e+00
1.600000000000000000e+06 4.000006021030966252e-01 1.297223486572599005e-01 6.775147928994083024e-01 1.866181156121984597e-01 6.144742831133363434e-03 0.000000000000000000e+00
1.640000000000000000e+06 4.100006171556740409e-01 1.332498862084660896e-01 6.880974055530268974e-01 1.743286299499317293e-01 4.324078288575329727e-03 0.000000000000000000e+00
1.680000000000000000e+06 4.200006322082514565e-01 1.347291761492944995e-01 6.636322257624033272e-01 1.956076467910787542e-01 6.030951297223486815e-03 0.000000000000000000e+00
1.720000000000000000e+06 4.300006472608288721e-01 1.359808830223031284e-01 6.644287664997724496e-01 1.951524806554392477e-01 4.437869822485207214e-03 0.000000000000000000e+00
1.760000000000000000e+06 4.400006623134062878e-01 1.349567592171142527e-01 6.620391442876649712e-01 1.959490213928083702e-01 7.055075102412380721e-03 0.000000000000000000e+00
1.800000000000000000e+06 4.500006773659837034e-01 1.327947200728265831e-01 7.072143832498861693e-01 1.548702776513427304e-01 5.120619025944469528e-03 0.000000000000000000e+00
1.840000000000000000e+06 4.600006924185611190e-01 1.436049157942649035e-01 6.972007282658170269e-01 1.541875284478834707e-01 5.006827492034592909e-03 0.000000000000000000e+00
1.880000000000000000e+06 4.700007074711385346e-01 1.487255348202093652e-01 6.926490669094219621e-01 1.549840691852526209e-01 3.641329085116067413e-03 0.000000000000000000e+00
1.920000000000000000e+06 4.800007225237161723e-01 9.706417842512517213e-02 9.025944469731451703e-01 2.275830678197542133e-04 1.137915339098771066e-04 0.000000000000000000e+00
1.960000000000000000e+06 4.900007375762935879e-01 9.512972234865725574e-02 9.047564861174328676e-01 1.137915339098771066e-04 0.000000000000000000e+00 0.000000000000000000e+00
2.000000000000000000e+06 5.000007526288710036e-01 9.512972234865725574e-02 9.046426945835229771e-01 2.275830678197542133e-04 0.000000000000000000e+00 0.000000000000000000e+00
2.040000000000000000e+06 5.100007676814484192e-01 9.512972234865725574e-02 9.046426945835229771e-01 2.275830678197542133e-04 0.000000000000000000e+00 0.000000000000000000e+00
2.080000000000000000e+06 5.200007827340258348e-01 9.410559854346836617e-02 9.058944014565316616e-01 0.000000000000000000e+00 0.000000000000000000e+00 0.000000000000000000e+00
2.120000000000000000e+06 5.300007977866032505e-01 9.410559854346836617e-02 9.058944014565316616e-01 0.000000000000000000e+00 0.000000000000000000e+00 0.000000000000000000e+00
2.160000000000000000e+06 5.400008128391806661e-01 9.421939007737824279e-02 9.057806099226217711e-01 0.000000000000000000e+00 0.000000000000000000e+00 0.000000000000000000e+00
2.200000000000000000e+06 5.500008278917580817e-01 9.410559854346836617e-02 9.058944014565316616e-01 0.000000000000000000e+00 0.000000000000000000e+00 0.000000000000000000e+00
2.240000000000000000e+06 5.600008429443354974e-01 9.410559854346836617e-02 9.058944014565316616e-01 0.000000000000000000e+00 0.000000000000000000e+00 0.000000000000000000e+00
2.280000000000000000e+06 5.700008579969129130e-01 9.501593081474737912e-02 9.048702776513427581e-01 0.000000000000000000e+00 1.137915339098771066e-04 0.000000000000000000e+00
2.320000000000000000e+06 5.800008730494903286e-01 1.228948566226672756e-01 6.159535730541647602e-01 2.563723258989530907e-01 4.779244424214838804e-03 0.000000000000000000e+00
2.360000000000000000e+06 5.900008881020677443e-01 1.236913973600364119e-01 6.159535730541647602e-01 2.561447428311333652e-01 4.210286754665453109e-03 0.000000000000000000e+00
2.400000000000000000e+06 6.000009031546451599e-01 1.233500227583067821e-01 6.164087391898043222e-01 2.545516613563950648e-01 5.689576695493855224e-03 0.000000000000000000e+00
2.440000000000000000e+06 6.100009182072225755e-01 1.246017296313154249e-01 6.228948566226673034e-01 2.482931269913518368e-01 4.210286754665453109e-03 0.000000000000000000e+00
2.480000000000000000e+06 6.200009332597999911e-01 1.431497496586253970e-01 7.980200273099681274e-01 5.530268548020027264e-02 3.527537551206190360e-03 0.000000000000000000e+00
2.520000000000000000e+06 6.300009483123774068e-01 1.413290851160673711e-01 7.967683204369594430e-01 5.917159763313609155e-02 2.730996813837050560e-03 0.000000000000000000e+00
2.560000000000000000e+06 6.400009633649548224e-01 1.416704597177969871e-01 7.987027765134273594e-01 5.757851615839781195e-02 2.048247610377787811e-03 0.000000000000000000e+00
2.600000000000000000e+06 6.500009784175322380e-01 1.414428766499772339e-01 7.985889849795174689e-01 5.746472462448793533e-02 2.503413746017296455e-03 0.000000000000000000e+00
2.640000000000000000e+06 6.600009934701096537e-01 1.392808375056895642e-01 8.072371415566681474e-01 5.131998179335457710e-02 2.162039144287664864e-03 0.000000000000000000e+00
2.680000000000000000e+06 6.700010085226870693e-01 1.371187983614019223e-01 8.126991351843423361e-01 4.824761037778789452e-02 1.934456076467910759e-03 0.000000000000000000e+00
2.720000000000000000e+06 6.800010235752644849e-01 1.374601729631315383e-01 8.159990896677287164e-01 4.563040509786071841e-02 9.103322712790168532e-04 0.000000000000000000e+00
2.760000000000000000e+06 6.900010386278419006e-01 1.352981338188438687e-01 8.186162949476558648e-01 4.460628129267182190e-02 1.479289940828402332e-03 0.000000000000000000e+00
2.800000000000000000e+06 7.000010536804193162e-01 1.337050523441055960e-01 8.230541647701411501e-01 4.233045061447428259e-02 9.103322712790168532e-04 0.000000000000000000e+00
2.840000000000000000e+06 7.100010687329967318e-01 1.150432407828857473e-01 8.799499317250796260e-01 3.413746017296313308e-03 1.593081474738279385e-03 0.000000000000000000e+00
2.880000000000000000e+06 7.200010837855741475e-01 1.126536185707783383e-01 8.823395539371871044e-01 4.210286754665453109e-03 7.965407373691396923e-04 0.000000000000000000e+00
2.920000000000000000e+06 7.300010988381515631e-01 1.117432862994993115e-01 8.834774692762858983e-01 3.527537551206190360e-03 1.251706873008648227e-03 0.000000000000000000e+00
2.960000000000000000e+06 7.400011138907289787e-01 1.110605370960400518e-01 8.846153846153845812e-01 3.641329085116067413e-03 6.827492034592626399e-04 0.000000000000000000e+00
3.000000000000000000e+06 7.500011289433063943e-01 1.127674101046882149e-01 8.833636777423760078e-01 3.299954483386436255e-03 5.689576695493854790e-04 0.000000000000000000e+00
3.040000000000000000e+06 7.600011439958838100e-01 1.258534365043240677e-01 7.181383705052344357e-01 1.516841147018661851e-01 4.324078288575329727e-03 0.000000000000000000e+00
3.080000000000000000e+06 7.700011590484612256e-01 1.272189349112426149e-01 7.172280382339554228e-01 1.516841147018661851e-01 3.868912152935821518e-03 0.000000000000000000e+00
3.120000000000000000e+06 7.800011741010386412e-01 1.291533909877105035e-01 7.154073736913973969e-01 1.525944469731451980e-01 2.844788347746927612e-03 0.000000000000000000e+00
3.160000000000000000e+06 7.900011891536160569e-01 1.279016841147018746e-01 7.146108329540282744e-01 1.548702776513427304e-01 2.617205279927173507e-03 0.000000000000000000e+00
3.200000000000000000e+06 8.000012042061934725e-01 1.297223486572599005e-01 6.906008192990441552e-01 1.781975421028675344e-01 1.479289940828402332e-03 0.000000000000000000e+00
3.240000000000000000e+06 8.100012192587708881e-01 1.372325898953117851e-01 5.884160218479744797e-01 2.711652253072371344e-01 3.186162949476558769e-03 0.000000000000000000e+00
3.280000000000000000e+06 8.200012343113483038e-01 1.384842967683204418e-01 5.784023668639053373e-01 2.810650887573964418e-01 2.048247610377787811e-03 0.000000000000000000e+00
3.320000000000000000e+06 8.300012493639257194e-01 1.407601274465179741e-01 5.629267182521620061e-01 2.932407828857532817e-01 3.072371415566681717e-03 0.000000000000000000e+00
3.360000000000000000e+06 8.400012644165031350e-01 1.415566681838871244e-01 5.466545289030496635e-01 3.095129722348657353e-01 2.275830678197541916e-03 0.000000000000000000e+00
3.400000000000000000e+06 8.500012794690805507e-01 1.453117888029130667e-01 5.327719617660445772e-01 3.204369594902139462e-01 1.479289940828402332e-03 0.000000000000000000e+00
3.440000000000000000e+06 8.600012945216579663e-01 1.440600819299044100e-01 4.970414201183431802e-01 3.581019572143832597e-01 7.965407373691396923e-04 0.000000000000000000e+00
3.480000000000000000e+06 8.700013095742353819e-01 1.492944924897587622e-01 4.285389167045971504e-01 4.190942193900774049e-01 3.072371415566681717e-03 0.000000000000000000e+00
3.520000000000000000e+06 8.800013246268127975e-01 1.510013654984069253e-01 3.884842967683204140e-01 4.575557578516158408e-01 2.958579881656804664e-03 0.000000000000000000e+00
3.560000000000000000e+06 8.900013396793902132e-01 1.514565316340464318e-01 3.867774237596722786e-01 4.583522985889849632e-01 3.413746017296313308e-03 0.000000000000000000e+00
3.600000000000000000e+06 9.000013547319676288e-01 1.520254893035958010e-01 3.908739189804278369e-01 4.539144287664997890e-01 3.186162949476558769e-03 0.000000000000000000e+00
3.640000000000000000e+06 9.100013697845450444e-01 1.599908966772872199e-01 3.901911697769686049e-01 4.470869367319071364e-01 2.730996813837050560e-03 0.000000000000000000e+00
3.680000000000000000e+06 9.200013848371224601e-01 1.612426035502958488e-01 4.274010013654984119e-01 4.079426490669094130e-01 3.413746017296313308e-03 0.000000000000000000e+00
3.720000000000000000e+06 9.300013998896998757e-01 1.673873463814292140e-01 4.363905325443787064e-01 3.892808375056895920e-01 6.941283568502503235e-03 0.000000000000000000e+00
3.760000000000000000e+06 9.400014149422772913e-01 1.448566226672735602e-01 6.474738279472007640e-01 2.057350933090578149e-01 1.934456076467910759e-03 0.000000000000000000e+00
3.800000000000000000e+06 9.500014299948547070e-01 1.274465179790623681e-01 8.502503413746017591e-01 2.218934911242603433e-02 1.137915339098771066e-04 0.000000000000000000e+00
3.840000000000000000e+06 9.600014450474321226e-01 1.274465179790623681e-01 8.503641329085116496e-01 2.207555757851615771e-02 1.137915339098771066e-04 0.000000000000000000e+00
3.880000000000000000e+06 9.700014601000095382e-01 1.274465179790623681e-01 8.500227583067819781e-01 2.253072371415566766e-02 0.000000000000000000e+00 0.000000000000000000e+00
3.920000000000000000e+06 9.800014751525869539e-01 1.268775603095129711e-01 8.504779244424214291e-01 2.207555757851615771e-02 5.689576695493854790e-04 0.000000000000000000e+00
3.960000000000000000e+06 9.900014902051643695e-01 1.272189349112426149e-01 8.510468821119708815e-01 2.162039144287665124e-02 1.137915339098771066e-04 0.000000000000000000e+00
4.000000000000000000e+06 1.000001505257742007e+00 1.264223941738734647e-01 8.516158397815202230e-01 2.162039144287665124e-02 3.413746017296313199e-04 0.000000000000000000e+00
