# itime ezz other fcc hcp bcc ico
0.000000000000000000e+00 0.000000000000000000e+00 0.000000000000000000e+00 1.000000000000000000e+00 0.000000000000000000e+00 0.000000000000000000e+00 0.000000000000000000e+00
4.000000000000000000e+04 9.999969630327454340e-03 0.000000000000000000e+00 1.000000000000000000e+00 0.000000000000000000e+00 0.000000000000000000e+00 0.000000000000000000e+00
8.000000000000000000e+04 1.999993926065490868e-02 0.000000000000000000e+00 1.000000000000000000e+00 0.000000000000000000e+00 0.000000000000000000e+00 0.000000000000000000e+00
1.200000000000000000e+05 2.999990889098236302e-02 0.000000000000000000e+00 1.000000000000000000e+00 0.000000000000000000e+00 0.000000000000000000e+00 0.000000000000000000e+00
1.600000000000000000e+05 3.999987852130981736e-02 0.000000000000000000e+00 1.000000000000000000e+00 0.000000000000000000e+00 0.000000000000000000e+00 0.000000000000000000e+00
2.000000000000000000e+05 4.999984815163727170e-02 0.000000000000000000e+00 1.000000000000000000e+00 0.000000000000000000e+00 0.000000000000000000e+00 0.000000000000000000e+00
2.400000000000000000e+05 5.999981778196472604e-02 0.000000000000000000e+00 1.000000000000000000e+00 0.000000000000000000e+00 0.000000000000000000e+00 0.000000000000000000e+00
2.800000000000000000e+05 6.999978741229218038e-02 1.137915339098771066e-04 9.998862084660901095e-01 0.000000000000000000e+00 0.000000000000000000e+00 0.000000000000000000e+00
3.200000000000000000e+05 7.999975704261963472e-02 1.137915339098771066e-04 9.998862084660901095e-01 0.000000000000000000e+00 0.000000000000000000e+00 0.000000000000000000e+00
3.600000000000000000e+05 8.999972667294708906e-02 5.689576695493854790e-04 9.993172507965407680e-01 0.000000000000000000e+00 1.137915339098771066e-04 0.000000000000000000e+00
4.000000000000000000e+05 9.999969630327454340e-02 2.958579881656804664e-03 9.970414201183431802e-01 0.000000000000000000e+00 0.000000000000000000e+00 0.000000000000000000e+00
4.400000000000000000e+05 1.099996659336019977e-01 3.937187073281747662e-02 8.150887573964497035e-01 1.455393718707328199e-01 0.000000000000000000e+00 0.000000000000000000e+00
4.800000000000000000e+05 1.199996355639294521e-01 3.937187073281747662e-02 8.149749658625398130e-01 1.456531634046426826e-01 0.000000000000000000e+00 0.000000000000000000e+00
5.200000000000000000e+05 1.299996051942569064e-01 3.914428766499772339e-02 8.148611743286299225e-01 1.459945380063723264e-01 0.000000000000000000e+00 0.000000000000000000e+00
5.600000000000000000e+05 1.399995748245843608e-01 3.823395539371871044e-02 8.158852981338188259e-01 1.458807464724624359e-01 0.000000000000000000e+00 0.000000000000000000e+00
6.000000000000000000e+05 1.499995444549118151e-01 3.504779244424215123e-02 8.177059626763768518e-01 1.472462448793809831e-01 0.000000000000000000e+00 0.000000000000000000e+00
6.400000000000000000e+05 1.599995140852392694e-01 3.527537551206190447e-02 8.174783796085570708e-01 1.472462448793809831e-01 0.000000000000000000e+00 0.000000000000000000e+00
6.800000000000000000e+05 1.699994837155667238e-01 3.538916704597178109e-02 8.174783796085570708e-01 1.471324533454710926e-01 0.000000000000000000e+00 0.000000000000000000e+00
7.200000000000000000e+05 1.799994533458941781e-01 3.664087391898043083e-02 8.161128812016386069e-01 1.470186618115612298e-01 2.275830678197542133e-04 0.000000000000000000e+00
7.600000000000000000e+05 1.899994229762216325e-01 3.607191624943104080e-02 8.169094219390077294e-01 1.469048702776513393e-01 1.137915339098771066e-04 0.000000000000000000e+00
8.000000000000000000e+05 1.999993926065490868e-01 4.585798816568047165e-02 8.063268092853891345e-01 1.461083295402822169e-01 1.706873008648156654e-03 0.000000000000000000e+00
8.400000000000000000e+05 2.099993622368765411e-01 6.406463359126081392e-02 7.903959945380063523e-01 1.441738734638143005e-01 1.365498406918525280e-03 0.000000000000000000e+00
8.800000000000000000e+05 2.199993318672039955e-01 5.814747382794720199e-02 7.947200728265817471e-01 1.462221210741920796e-01 9.103322712790168532e-04 0.000000000000000000e+00
9.200000000000000000e+05 2.299993014975314498e-01 1.017296313154301274e-01 7.274692762858443462e-01 1.684114701866181174e-01 2.389622212107419402e-03 0.000000000000000000e+00
9.600000000000000000e+05 2.399992711278589042e-01 9.626763768775603580e-02 7.335002275830677654e-01 1.682976786527082269e-01 1.934456076467910759e-03 0.000000000000000000e+00
1.000000000000000000e+06 2.499992407581863585e-01 9.729176149294492537e-02 7.361174328629950248e-01 1.656804733727810786e-01 9.103322712790168532e-04 0.000000000000000000e+00
1.040000000000000000e+06 2.599992103885138128e-01 9.160218479745106668e-02 7.469276285844332897e-01 1.598771051433773294e-01 1.593081474738279385e-03 0.000000000000000000e+00
1.080000000000000000e+06 2.699991800188412672e-01 8.898497951752389057e-02 7.539827036868457233e-01 1.554392353208921274e-01 1.593081474738279385e-03 0.000000000000000000e+00
1.120000000000000000e+06 2.799991496491687215e-01 8.978152025489304078e-02 7.556895766954938587e-01 1.535047792444242110e-01 1.024123805188893906e-03 0.000000000000000000e+00
1.160000000000000000e+06 2.899991192794961758e-01 9.672280382339554228e-02 7.478379608557123026e-01 1.541875284478834707e-01 1.251706873008648227e-03 0.000000000000000000e+00
1.200000000000000000e+06 2.999990889098236302e-01 9.717796995903504875e-02 7.476103777878926326e-01 1.537323623122439642e-01 1.479289940828402332e-03 0.000000000000000000e+00
1.240000000000000000e+06 3.099990585401510845e-01 1.074192080109239861e-01 7.210969503868912556e-01 1.687528447883477334e-01 2.730996813837050560e-03 0.000000000000000000e+00
1.280000000000000000e+06 3.199990281704785389e-01 1.161811561219845274e-01 7.131315430131998090e-01 1.696631770596267741e-01 1.024123805188893906e-03 0.000000000000000000e+00
1.320000000000000000e+06 3.299989978008059932e-01 1.050295857988165632e-01 7.337278106508875464e-01 1.597633136094674666e-01 1.479289940828402332e-03 0.000000000000000000e+00
1.360000000000000000e+06 3.399989674311334475e-01 1.069640418752844796e-01 7.325898953117887524e-01 1.582840236686390567e-01 2.162039144287664864e-03 0.000000000000000000e+00
1.400000000000000000e+06 3.499989370614609019e-01 1.239189804278561652e-01 7.078971324533455123e-01 1.647701411015020379e-01 3.413746017296313308e-03 0.000000000000000000e+00
