# itime ezz other fcc hcp bcc ico
0.000000000000000000e+00 0.000000000000000000e+00 0.000000000000000000e+00 1.000000000000000000e+00 0.000000000000000000e+00 0.000000000000000000e+00 0.000000000000000000e+00
2.500000000000000000e+02 9.999999522830371745e-03 0.000000000000000000e+00 1.000000000000000000e+00 0.000000000000000000e+00 0.000000000000000000e+00 0.000000000000000000e+00
5.000000000000000000e+02 1.999999904566074349e-02 0.000000000000000000e+00 1.000000000000000000e+00 0.000000000000000000e+00 0.000000000000000000e+00 0.000000000000000000e+00
7.500000000000000000e+02 2.999999856849111524e-02 0.000000000000000000e+00 1.000000000000000000e+00 0.000000000000000000e+00 0.000000000000000000e+00 0.000000000000000000e+00
1.000000000000000000e+03 3.999999809132126494e-02 0.000000000000000000e+00 1.000000000000000000e+00 0.000000000000000000e+00 0.000000000000000000e+00 0.000000000000000000e+00
1.250000000000000000e+03 4.999999761415163668e-02 0.000000000000000000e+00 1.000000000000000000e+00 0.000000000000000000e+00 0.000000000000000000e+00 0.000000000000000000e+00
1.500000000000000000e+03 5.999999713698200843e-02 0.000000000000000000e+00 1.000000000000000000e+00 0.000000000000000000e+00 0.000000000000000000e+00 0.000000000000000000e+00
1.750000000000000000e+03 6.999999665981238017e-02 1.137915339098771066e-04 9.997724169321802190e-01 0.000000000000000000e+00 1.137915339098771066e-04 0.000000000000000000e+00
2.000000000000000000e+03 7.999999618264275192e-02 3.413746017296313199e-04 9.995448338643604380e-01 0.000000000000000000e+00 1.137915339098771066e-04 0.000000000000000000e+00
2.250000000000000000e+03 8.999999570547312366e-02 0.000000000000000000e+00 1.000000000000000000e+00 0.000000000000000000e+00 0.000000000000000000e+00 0.000000000000000000e+00
2.500000000000000000e+03 9.999999522830349541e-02 3.755120619025944465e-03 9.962448793809740577e-01 0.000000000000000000e+00 0.000000000000000000e+00 0.000000000000000000e+00
2.750000000000000000e+03 1.099999947511336451e-01 7.965407373691398007e-03 9.915794264906691025e-01 0.000000000000000000e+00 4.551661356395084266e-04 0.000000000000000000e+00
3.000000000000000000e+03 1.199999942739640169e-01 7.988165680473373331e-02 8.868912152935821691e-01 0.000000000000000000e+00 3.322712790168411146e-02 0.000000000000000000e+00
3.250000000000000000e+03 1.299999937967943886e-01 3.784706417842512716e-01 1.983386436049157930e-01 6.372325898953117539e-03 4.168183887118798170e-01 0.000000000000000000e+00
3.500000000000000000e+03 1.399999933196247603e-01 3.599226217569412856e-01 2.947200728265816916e-01 1.581702321347291662e-01 1.871870732817478289e-01 0.000000000000000000e+00
3.750000000000000000e+03 1.499999928424551321e-01 3.693673190714610866e-01 3.463814292216659263e-01 2.323623122439690547e-01 5.188893946290396020e-02 0.000000000000000000e+00
4.000000000000000000e+03 1.599999923652855038e-01 3.802913063268092975e-01 3.388711879836140417e-01 2.342967683204369711e-01 4.654073736913973830e-02 0.000000000000000000e+00
4.250000000000000000e+03 1.699999918881158756e-01 3.592398725534819981e-01 3.673190714610832797e-01 2.349795175238962308e-01 3.846153846153846367e-02 0.000000000000000000e+00
4.500000000000000000e+03 1.799999914109460253e-01 3.352298588984979344e-01 4.025944469731451703e-01 2.321347291761493015e-01 3.004096495220755572e-02 0.000000000000000000e+00
4.750000000000000000e+03 1.899999909337763970e-01 3.247610377787892855e-01 4.215976331360946627e-01 2.225762403277196100e-01 3.106508875739644876e-02 0.000000000000000000e+00
5.000000000000000000e+03 1.999999904566067688e-01 3.203231679563040557e-01 4.528903049613108855e-01 2.006144742831133254e-01 2.617205279927173334e-02 0.000000000000000000e+00
5.250000000000000000e+03 2.099999899794371405e-01 2.982476103777879084e-01 4.761037778789258268e-01 2.023213472917614886e-01 2.332726445152480746e-02 0.000000000000000000e+00
5.500000000000000000e+03 2.199999895022675123e-01 2.833409194355939742e-01 5.120619025944469493e-01 1.865043240782885692e-01 1.809285389167045871e-02 0.000000000000000000e+00
5.750000000000000000e+03 2.299999890250978840e-01 2.737824305871643382e-01 5.347064178425124936e-01 1.761492944924897552e-01 1.536185707783340945e-02 0.000000000000000000e+00
6.000000000000000000e+03 2.399999885479282558e-01 2.560309512972234747e-01 5.430131998179335007e-01 1.827492034592626269e-01 1.820664542558033533e-02 0.000000000000000000e+00
6.250000000000000000e+03 2.499999880707584055e-01 2.479517523896222209e-01 5.367546654528903005e-01 1.989076012744651900e-01 1.638598088302230249e-02 0.000000000000000000e+00
6.500000000000000000e+03 2.599999875935887772e-01 2.518206645425580259e-01 5.350477924442421651e-01 1.987938097405552995e-01 1.433773327264451468e-02 0.000000000000000000e+00
6.750000000000000000e+03 2.699999871164191489e-01 2.412380518889394587e-01 5.530268548020027541e-01 1.936731907146108378e-01 1.206190259444697363e-02 0.000000000000000000e+00
7.000000000000000000e+03 2.799999866392495207e-01 2.125625853436504398e-01 5.872781065088756858e-01 1.907146108329540179e-01 9.444697314519799256e-03 0.000000000000000000e+00
7.250000000000000000e+03 2.899999861620798924e-01 2.053937187073281712e-01 6.065088757396449592e-01 1.767182521620391522e-01 1.137915339098771045e-02 0.000000000000000000e+00
7.500000000000000000e+03 2.999999856849102642e-01 1.840009103322712836e-01 6.290395994538006130e-01 1.805871643149749572e-01 6.372325898953117539e-03 0.000000000000000000e+00
7.750000000000000000e+03 3.099999852077406359e-01 1.851388256713700498e-01 6.277878925807920396e-01 1.808147473827947105e-01 6.258534365043240920e-03 0.000000000000000000e+00
8.000000000000000000e+03 3.199999847305707856e-01 1.692080109239872676e-01 6.487255348202093375e-01 1.727355484751934567e-01 9.330905780609922637e-03 0.000000000000000000e+00
8.250000000000000000e+03 3.299999842534011574e-01 1.488393263541192557e-01 6.744424214838415921e-01 1.681838871187983642e-01 8.534365043240782836e-03 0.000000000000000000e+00
8.500000000000000000e+03 3.399999837762315291e-01 1.322257624032771861e-01 7.049385525716886924e-01 1.579426490669094130e-01 4.893035958124715423e-03 0.000000000000000000e+00
8.750000000000000000e+03 3.499999832990619009e-01 1.288120163859808875e-01 6.981110605370960398e-01 1.670459717796995980e-01 6.030951297223486815e-03 0.000000000000000000e+00
9.000000000000000000e+03 3.599999828218922726e-01 1.190259444697314567e-01 6.884387801547564578e-01 1.883249886208466228e-01 4.210286754665453109e-03 0.000000000000000000e+00
9.250000000000000000e+03 3.699999823447226444e-01 1.213017751479289891e-01 6.818388711879835862e-01 1.903732362312244020e-01 6.486117432862995025e-03 0.000000000000000000e+00
9.500000000000000000e+03 3.799999818675527941e-01 1.385980883022303045e-01 6.521392808375057193e-01 2.007282658170232159e-01 8.534365043240782836e-03 0.000000000000000000e+00
9.750000000000000000e+03 3.899999813903833878e-01 1.454255803368229294e-01 6.795630405097861093e-01 1.665908056440600915e-01 8.420573509330906217e-03 0.000000000000000000e+00
1.000000000000000000e+04 3.999999809132137596e-01 1.612426035502958488e-01 6.517979062357760478e-01 1.771734182976786587e-01 9.786071916249430847e-03 0.000000000000000000e+00
1.025000000000000000e+04 4.099999804360441313e-01 1.737596722803823324e-01 6.417842512517069054e-01 1.764906690942193990e-01 7.965407373691398007e-03 0.000000000000000000e+00
1.050000000000000000e+04 4.199999799588745031e-01 1.807009558488848477e-01 6.314292216659080914e-01 1.779699590350477811e-01 9.899863450159307465e-03 0.000000000000000000e+00
1.075000000000000000e+04 4.299999794817046528e-01 1.755803368229403860e-01 6.233500227583067543e-01 1.916249431042330587e-01 9.444697314519799256e-03 0.000000000000000000e+00
1.100000000000000000e+04 4.399999790045350245e-01 1.715976331360946627e-01 6.103777878925807920e-01 2.061902594446973214e-01 1.183431952662721866e-02 0.000000000000000000e+00
1.125000000000000000e+04 4.499999785273653963e-01 1.706873008648156498e-01 5.968365953573053773e-01 2.208693673190714746e-01 1.160673645880746542e-02 0.000000000000000000e+00
1.150000000000000000e+04 4.599999780501957680e-01 1.760355029585798925e-01 5.859126081019572219e-01 2.288347746927628656e-01 9.217114246700046018e-03 0.000000000000000000e+00
1.175000000000000000e+04 4.699999775730261398e-01 1.745562130177514826e-01 6.400773782430587699e-01 1.755803368229403860e-01 9.786071916249430847e-03 0.000000000000000000e+00
1.200000000000000000e+04 4.799999770958565115e-01 1.719390077378243065e-01 7.199590350477924616e-01 9.990896677287210148e-02 8.192990441511151245e-03 0.000000000000000000e+00
1.225000000000000000e+04 4.899999766186868833e-01 1.469048702776513393e-01 7.869822485207100815e-01 6.053709604005461792e-02 5.575785161583977738e-03 0.000000000000000000e+00
1.250000000000000000e+04 4.999999761415170330e-01 1.492944924897587622e-01 7.776513427401001710e-01 6.816112881201638607e-02 4.893035958124715423e-03 0.000000000000000000e+00
1.275000000000000000e+04 5.099999756643474047e-01 1.486117432862995025e-01 7.770823850705507185e-01 6.861629494765589254e-02 5.689576695493855224e-03 0.000000000000000000e+00
1.300000000000000000e+04 5.199999751871777764e-01 1.486117432862995025e-01 7.651342740100136597e-01 7.988165680473373331e-02 6.372325898953117539e-03 0.000000000000000000e+00
1.325000000000000000e+04 5.299999747100081482e-01 1.525944469731451980e-01 7.629722348657259623e-01 7.680928538916705073e-02 7.624032771961766417e-03 0.000000000000000000e+00
1.350000000000000000e+04 5.399999742328385199e-01 1.577150659990896597e-01 7.455621301775148257e-01 8.921256258534364381e-02 7.510241238051888930e-03 0.000000000000000000e+00
1.375000000000000000e+04 5.499999737556688917e-01 1.664770141101502010e-01 6.838871187983613931e-01 1.371187983614019223e-01 1.251706873008648184e-02 0.000000000000000000e+00
1.400000000000000000e+04 5.599999732784992634e-01 1.846836595357305433e-01 6.335912608101956778e-01 1.694355939918070209e-01 1.228948566226672687e-02 0.000000000000000000e+00
1.425000000000000000e+04 5.699999728013294131e-01 1.957214383249886169e-01 5.785161583978152278e-01 2.147246244879381094e-01 1.103777878925807886e-02 0.000000000000000000e+00
1.450000000000000000e+04 5.799999723241597849e-01 2.171142467000455045e-01 5.108101957214383759e-01 2.600136549840691980e-01 1.206190259444697363e-02 0.000000000000000000e+00
1.475000000000000000e+04 5.899999718469901566e-01 2.195038689121529274e-01 4.788347746927628656e-01 2.845926263086026586e-01 1.706873008648156567e-02 0.000000000000000000e+00
1.500000000000000000e+04 5.999999713698205284e-01 2.426035502958579781e-01 4.525489303595812696e-01 2.935821574874829532e-01 1.126536185707783383e-02 0.000000000000000000e+00
1.525000000000000000e+04 6.099999708926509001e-01 2.403277196176604458e-01 4.890760127446517891e-01 2.586481565771506785e-01 1.194811106053709528e-02 0.000000000000000000e+00
1.550000000000000000e+04 6.199999704154812719e-01 2.266727355484751960e-01 5.441511151570322946e-01 2.172280382339553950e-01 1.194811106053709528e-02 0.000000000000000000e+00
1.575000000000000000e+04 6.299999699383116436e-01 2.135867091488393155e-01 5.565543923532089154e-01 2.190487027765134209e-01 1.081019572143832562e-02 0.000000000000000000e+00
1.600000000000000000e+04 6.399999694611417933e-01 2.135867091488393155e-01 5.291306326809285254e-01 2.478379608557123304e-01 9.444697314519799256e-03 0.000000000000000000e+00
1.625000000000000000e+04 6.499999689839721650e-01 2.105143377332726329e-01 5.218479745106964218e-01 2.589895311788802945e-01 8.648156577150659455e-03 0.000000000000000000e+00
1.650000000000000000e+04 6.599999685068025368e-01 2.164314974965862448e-01 5.147928994082839882e-01 2.609239872553482109e-01 7.851615839781519654e-03 0.000000000000000000e+00
1.675000000000000000e+04 6.699999680296329085e-01 2.184797451069640517e-01 5.036413290851160518e-01 2.692307692307692180e-01 8.648156577150659455e-03 0.000000000000000000e+00
1.700000000000000000e+04 6.799999675524632803e-01 2.195038689121529274e-01 5.102412380518889234e-01 2.605826126536185949e-01 9.672280382339554228e-03 0.000000000000000000e+00
1.725000000000000000e+04 6.899999670752936520e-01 2.313381884387801513e-01 5.152480655439235502e-01 2.407828857532999522e-01 1.263086026399635846e-02 0.000000000000000000e+00
1.750000000000000000e+04 6.999999665981240238e-01 2.487482931269913433e-01 4.870277651342740377e-01 2.514792899408284099e-01 1.274465179790623508e-02 0.000000000000000000e+00
1.775000000000000000e+04 7.099999661209541735e-01 2.523896222121074229e-01 4.631315430131998090e-01 2.730996813837050508e-01 1.137915339098771045e-02 0.000000000000000000e+00
1.800000000000000000e+04 7.199999656437845452e-01 2.646791078743741532e-01 4.590350477924442507e-01 2.664997724169321791e-01 9.786071916249430847e-03 0.000000000000000000e+00
1.825000000000000000e+04 7.299999651666149170e-01 2.667273554847519601e-01 4.642694583522986029e-01 2.583067819754210070e-01 1.069640418752844727e-02 0.000000000000000000e+00
1.850000000000000000e+04 7.399999646894452887e-01 2.657032316795630567e-01 5.013654984069185749e-01 2.251934456076467861e-01 7.737824305871643035e-03 0.000000000000000000e+00
1.875000000000000000e+04 7.499999642122756605e-01 2.579654073736913911e-01 5.323167956304051263e-01 2.022075557578516258e-01 7.510241238051888930e-03 0.000000000000000000e+00
1.900000000000000000e+04 7.599999637351060322e-01 2.518206645425580259e-01 5.607646791078744197e-01 1.793354574419663283e-01 8.079198907601274626e-03 0.000000000000000000e+00
1.925000000000000000e+04 7.699999632579364039e-01 2.408966772872098427e-01 6.010468821119708815e-01 1.512289485662266786e-01 6.827492034592626616e-03 0.000000000000000000e+00
1.950000000000000000e+04 7.799999627807665536e-01 2.363450159308147502e-01 6.248293126991352198e-01 1.325671370050068298e-01 6.258534365043240920e-03 0.000000000000000000e+00
1.975000000000000000e+04 7.899999623035969254e-01 2.342967683204369711e-01 6.228948566226673034e-01 1.363222576240327721e-01 6.486117432862995025e-03 0.000000000000000000e+00
2.000000000000000000e+04 7.999999618264272971e-01 2.357760582612653533e-01 6.172052799271734447e-01 1.413290851160673711e-01 5.689576695493855224e-03 0.000000000000000000e+00
2.025000000000000000e+04 8.099999613492576689e-01 2.423759672280382249e-01 6.028675466545289074e-01 1.467910787437414766e-01 7.965407373691398007e-03 0.000000000000000000e+00
2.050000000000000000e+04 8.199999608720880406e-01 2.496586253982703563e-01 5.876194811106053573e-01 1.519116977696859383e-01 1.081019572143832562e-02 0.000000000000000000e+00
2.075000000000000000e+04 8.299999603949184124e-01 2.496586253982703563e-01 5.740782885753299425e-01 1.684114701866181174e-01 7.851615839781519654e-03 0.000000000000000000e+00
2.100000000000000000e+04 8.399999599177487841e-01 2.536413290851160518e-01 5.452890304961310886e-01 1.929904415111515781e-01 8.079198907601274626e-03 0.000000000000000000e+00
2.125000000000000000e+04 8.499999594405789338e-01 2.617205279927173334e-01 5.309512972234865513e-01 1.995903504779244497e-01 7.737824305871643035e-03 0.000000000000000000e+00
2.150000000000000000e+04 8.599999589634093056e-01 2.687756030951297115e-01 5.136549840691853053e-01 2.058488848429676776e-01 1.172052799271734204e-02 0.000000000000000000e+00
2.175000000000000000e+04 8.699999584862396773e-01 2.663859808830222886e-01 5.142239417387346467e-01 2.092626308602640040e-01 1.012744651797906244e-02 0.000000000000000000e+00
2.200000000000000000e+04 8.799999580090700491e-01 2.696859353664087244e-01 5.494993172507965928e-01 1.725079654073737034e-01 8.306781975421027864e-03 0.000000000000000000e+00
2.225000000000000000e+04 8.899999575319004208e-01 2.614929449248976079e-01 6.100364132908511205e-01 1.218707328174783860e-01 6.599908966772872511e-03 0.000000000000000000e+00
2.250000000000000000e+04 8.999999570547307925e-01 2.350933090578060936e-01 6.428083750568958088e-01 1.167501137915339104e-01 5.348202093764223633e-03 0.000000000000000000e+00
2.275000000000000000e+04 9.099999565775609423e-01 2.287209831588529751e-01 6.421256258534364658e-01 1.219845243513882627e-01 7.168866636322257339e-03 0.000000000000000000e+00
2.300000000000000000e+04 9.199999561003913140e-01 2.204142011834319403e-01 6.606736458807465073e-01 1.099226217569412856e-01 8.989531178880291046e-03 0.000000000000000000e+00
2.325000000000000000e+04 9.299999556232216857e-01 2.204142011834319403e-01 6.540737369139736357e-01 1.187983614019117035e-01 6.713700500682749130e-03 0.000000000000000000e+00
2.350000000000000000e+04 9.399999551460520575e-01 2.154073736913973691e-01 6.495220755575785709e-01 1.285844333181611343e-01 6.486117432862995025e-03 0.000000000000000000e+00
2.375000000000000000e+04 9.499999546688824292e-01 2.168866636322257513e-01 6.709148839326354308e-01 1.077605826126536159e-01 4.437869822485207214e-03 0.000000000000000000e+00
2.400000000000000000e+04 9.599999541917128010e-01 2.119936276741010428e-01 6.729631315430132377e-01 1.115157032316795582e-01 3.527537551206190360e-03 0.000000000000000000e+00
2.425000000000000000e+04 9.699999537145431727e-01 2.006144742831133254e-01 7.047109695038689114e-01 9.091943559399180697e-02 3.755120619025944465e-03 0.000000000000000000e+00
2.450000000000000000e+04 9.799999532373733224e-01 1.934456076467910846e-01 7.311106053709603980e-01 7.191624943104232837e-02 3.527537551206190360e-03 0.000000000000000000e+00
2.475000000000000000e+04 9.899999527602036942e-01 1.956076467910787542e-01 7.408966772872098705e-01 6.076467910787437116e-02 2.730996813837050560e-03 0.000000000000000000e+00
2.500000000000000000e+04 9.999999522830340659e-01 1.810423304506144637e-01 7.921028675466544877e-01 2.401001365498407064e-02 2.844788347746927612e-03 0.000000000000000000e+00
