# itime ezz other fcc hcp bcc ico
0.000000000000000000e+00 0.000000000000000000e+00 0.000000000000000000e+00 1.000000000000000000e+00 0.000000000000000000e+00 0.000000000000000000e+00 0.000000000000000000e+00
5.000000000000000000e+01 2.000063237996840826e-03 0.000000000000000000e+00 1.000000000000000000e+00 0.000000000000000000e+00 0.000000000000000000e+00 0.000000000000000000e+00
1.000000000000000000e+02 4.000126475993681652e-03 0.000000000000000000e+00 1.000000000000000000e+00 0.000000000000000000e+00 0.000000000000000000e+00 0.000000000000000000e+00
1.500000000000000000e+02 6.000189713990522478e-03 0.000000000000000000e+00 1.000000000000000000e+00 0.000000000000000000e+00 0.000000000000000000e+00 0.000000000000000000e+00
2.000000000000000000e+02 8.000252951987141259e-03 0.000000000000000000e+00 1.000000000000000000e+00 0.000000000000000000e+00 0.000000000000000000e+00 0.000000000000000000e+00
2.500000000000000000e+02 1.000031618998398208e-02 0.000000000000000000e+00 1.000000000000000000e+00 0.000000000000000000e+00 0.000000000000000000e+00 0.000000000000000000e+00
3.000000000000000000e+02 1.200037942798082291e-02 0.000000000000000000e+00 1.000000000000000000e+00 0.000000000000000000e+00 0.000000000000000000e+00 0.000000000000000000e+00
3.500000000000000000e+02 1.400044266597766374e-02 0.000000000000000000e+00 1.000000000000000000e+00 0.000000000000000000e+00 0.000000000000000000e+00 0.000000000000000000e+00
4.000000000000000000e+02 1.600050590397450456e-02 0.000000000000000000e+00 1.000000000000000000e+00 0.000000000000000000e+00 0.000000000000000000e+00 0.000000000000000000e+00
4.500000000000000000e+02 1.800056914197134539e-02 0.000000000000000000e+00 1.000000000000000000e+00 0.000000000000000000e+00 0.000000000000000000e+00 0.000000000000000000e+00
5.000000000000000000e+02 2.000063237996818621e-02 0.000000000000000000e+00 1.000000000000000000e+00 0.000000000000000000e+00 0.000000000000000000e+00 0.000000000000000000e+00
5.500000000000000000e+02 2.200069561796502704e-02 0.000000000000000000e+00 1.000000000000000000e+00 0.000000000000000000e+00 0.000000000000000000e+00 0.000000000000000000e+00
6.000000000000000000e+02 2.400075885596164582e-02 0.000000000000000000e+00 1.000000000000000000e+00 0.000000000000000000e+00 0.000000000000000000e+00 0.000000000000000000e+00
6.500000000000000000e+02 2.600082209395848665e-02 0.000000000000000000e+00 1.000000000000000000e+00 0.000000000000000000e+00 0.000000000000000000e+00 0.000000000000000000e+00
7.000000000000000000e+02 2.800088533195532747e-02 0.000000000000000000e+00 1.000000000000000000e+00 0.000000000000000000e+00 0.000000000000000000e+00 0.000000000000000000e+00
7.500000000000000000e+02 3.000094856995216830e-02 0.000000000000000000e+00 1.000000000000000000e+00 0.000000000000000000e+00 0.000000000000000000e+00 0.000000000000000000e+00
8.000000000000000000e+02 3.200101180794900912e-02 0.000000000000000000e+00 1.000000000000000000e+00 0.000000000000000000e+00 0.000000000000000000e+00 0.000000000000000000e+00
8.500000000000000000e+02 3.400107504594584995e-02 0.000000000000000000e+00 1.000000000000000000e+00 0.000000000000000000e+00 0.000000000000000000e+00 0.000000000000000000e+00
9.000000000000000000e+02 3.600113828394269078e-02 0.000000000000000000e+00 1.000000000000000000e+00 0.000000000000000000e+00 0.000000000000000000e+00 0.000000000000000000e+00
9.500000000000000000e+02 3.800120152193953160e-02 0.000000000000000000e+00 1.000000000000000000e+00 0.000000000000000000e+00 0.000000000000000000e+00 0.000000000000000000e+00
1.000000000000000000e+03 4.000126475993615038e-02 0.000000000000000000e+00 1.000000000000000000e+00 0.000000000000000000e+00 0.000000000000000000e+00 0.000000000000000000e+00
1.050000000000000000e+03 4.200132799793299121e-02 0.000000000000000000e+00 1.000000000000000000e+00 0.000000000000000000e+00 0.000000000000000000e+00 0.000000000000000000e+00
1.100000000000000000e+03 4.400139123592983204e-02 0.000000000000000000e+00 1.000000000000000000e+00 0.000000000000000000e+00 0.000000000000000000e+00 0.000000000000000000e+00
1.150000000000000000e+03 4.600145447392667286e-02 0.000000000000000000e+00 1.000000000000000000e+00 0.000000000000000000e+00 0.000000000000000000e+00 0.000000000000000000e+00
1.200000000000000000e+03 4.800151771192351369e-02 0.000000000000000000e+00 1.000000000000000000e+00 0.000000000000000000e+00 0.000000000000000000e+00 0.000000000000000000e+00
1.250000000000000000e+03 5.000158094992035451e-02 0.000000000000000000e+00 1.000000000000000000e+00 0.000000000000000000e+00 0.000000000000000000e+00 0.000000000000000000e+00
1.300000000000000000e+03 5.200164418791719534e-02 0.000000000000000000e+00 1.000000000000000000e+00 0.000000000000000000e+00 0.000000000000000000e+00 0.000000000000000000e+00
1.350000000000000000e+03 5.400170742591403616e-02 0.000000000000000000e+00 1.000000000000000000e+00 0.000000000000000000e+00 0.000000000000000000e+00 0.000000000000000000e+00
1.400000000000000000e+03 5.600177066391065495e-02 0.000000000000000000e+00 1.000000000000000000e+00 0.000000000000000000e+00 0.000000000000000000e+00 0.000000000000000000e+00
1.450000000000000000e+03 5.800183390190749577e-02 0.000000000000000000e+00 1.000000000000000000e+00 0.000000000000000000e+00 0.000000000000000000e+00 0.000000000000000000e+00
1.500000000000000000e+03 6.000189713990433660e-02 0.000000000000000000e+00 1.000000000000000000e+00 0.000000000000000000e+00 0.000000000000000000e+00 0.000000000000000000e+00
1.550000000000000000e+03 6.200196037790117742e-02 0.000000000000000000e+00 1.000000000000000000e+00 0.000000000000000000e+00 0.000000000000000000e+00 0.000000000000000000e+00
1.600000000000000000e+03 6.400202361589801825e-02 0.000000000000000000e+00 1.000000000000000000e+00 0.000000000000000000e+00 0.000000000000000000e+00 0.000000000000000000e+00
1.650000000000000000e+03 6.600208685389485908e-02 4.551661356395084266e-04 9.995448338643604380e-01 0.000000000000000000e+00 0.000000000000000000e+00 0.000000000000000000e+00
1.700000000000000000e+03 6.800215009189169990e-02 0.000000000000000000e+00 1.000000000000000000e+00 0.000000000000000000e+00 0.000000000000000000e+00 0.000000000000000000e+00
1.750000000000000000e+03 7.000221332988854073e-02 1.137915339098771066e-04 9.997724169321802190e-01 0.000000000000000000e+00 1.137915339098771066e-04 0.000000000000000000e+00
1.800000000000000000e+03 7.200227656788515951e-02 0.000000000000000000e+00 1.000000000000000000e+00 0.000000000000000000e+00 0.000000000000000000e+00 0.000000000000000000e+00
1.850000000000000000e+03 7.400233980588200033e-02 0.000000000000000000e+00 1.000000000000000000e+00 0.000000000000000000e+00 0.000000000000000000e+00 0.000000000000000000e+00
1.900000000000000000e+03 7.600240304387884116e-02 0.000000000000000000e+00 1.000000000000000000e+00 0.000000000000000000e+00 0.000000000000000000e+00 0.000000000000000000e+00
1.950000000000000000e+03 7.800246628187568199e-02 0.000000000000000000e+00 1.000000000000000000e+00 0.000000000000000000e+00 0.000000000000000000e+00 0.000000000000000000e+00
2.000000000000000000e+03 8.000252951987252281e-02 3.413746017296313199e-04 9.995448338643604380e-01 0.000000000000000000e+00 1.137915339098771066e-04 0.000000000000000000e+00
2.050000000000000000e+03 8.200259275786936364e-02 7.965407373691396923e-04 9.992034592626308775e-01 0.000000000000000000e+00 0.000000000000000000e+00 0.000000000000000000e+00
2.100000000000000000e+03 8.400265599586620446e-02 3.413746017296313199e-04 9.995448338643604380e-01 0.000000000000000000e+00 1.137915339098771066e-04 0.000000000000000000e+00
2.150000000000000000e+03 8.600271923386304529e-02 4.551661356395084266e-04 9.995448338643604380e-01 0.000000000000000000e+00 0.000000000000000000e+00 0.000000000000000000e+00
2.200000000000000000e+03 8.800278247185966407e-02 0.000000000000000000e+00 1.000000000000000000e+00 0.000000000000000000e+00 0.000000000000000000e+00 0.000000000000000000e+00
2.250000000000000000e+03 9.000284570985650490e-02 0.000000000000000000e+00 1.000000000000000000e+00 0.000000000000000000e+00 0.000000000000000000e+00 0.000000000000000000e+00
2.300000000000000000e+03 9.200290894785334572e-02 5.689576695493854790e-04 9.994310423304506585e-01 0.000000000000000000e+00 0.000000000000000000e+00 0.000000000000000000e+00
2.350000000000000000e+03 9.400297218585018655e-02 1.479289940828402332e-03 9.984069185252617551e-01 0.000000000000000000e+00 1.137915339098771066e-04 0.000000000000000000e+00
2.400000000000000000e+03 9.600303542384702737e-02 1.137915339098770958e-03 9.987482931269913156e-01 0.000000000000000000e+00 1.137915339098771066e-04 0.000000000000000000e+00
2.450000000000000000e+03 9.800309866184386820e-02 2.048247610377787811e-03 9.979517523896221931e-01 0.000000000000000000e+00 0.000000000000000000e+00 0.000000000000000000e+00
2.500000000000000000e+03 1.000031618998407090e-01 3.755120619025944465e-03 9.962448793809740577e-01 0.000000000000000000e+00 0.000000000000000000e+00 0.000000000000000000e+00
2.550000000000000000e+03 1.020032251378375499e-01 3.413746017296313308e-03 9.963586709148839482e-01 0.000000000000000000e+00 2.275830678197542133e-04 0.000000000000000000e+00
2.600000000000000000e+03 1.040032883758341686e-01 2.844788347746927612e-03 9.967000455166135087e-01 0.000000000000000000e+00 4.551661356395084266e-04 0.000000000000000000e+00
2.650000000000000000e+03 1.060033516138310095e-01 6.144742831133363434e-03 9.934000910332271284e-01 0.000000000000000000e+00 4.551661356395084266e-04 0.000000000000000000e+00
2.700000000000000000e+03 1.080034148518278503e-01 4.437869822485207214e-03 9.951069640418752638e-01 0.000000000000000000e+00 4.551661356395084266e-04 0.000000000000000000e+00
2.750000000000000000e+03 1.100034780898246911e-01 7.965407373691398007e-03 9.915794264906691025e-01 0.000000000000000000e+00 4.551661356395084266e-04 0.000000000000000000e+00
2.800000000000000000e+03 1.120035413278215319e-01 1.422394173873463806e-02 9.847519344560764498e-01 0.000000000000000000e+00 1.024123805188893906e-03 0.000000000000000000e+00
2.850000000000000000e+03 1.140036045658183728e-01 1.251706873008648184e-02 9.865725989986344757e-01 0.000000000000000000e+00 9.103322712790168532e-04 0.000000000000000000e+00
2.900000000000000000e+03 1.160036678038152136e-01 2.560309512972235024e-02 9.716659080564405970e-01 0.000000000000000000e+00 2.730996813837050560e-03 0.000000000000000000e+00
2.950000000000000000e+03 1.180037310418120544e-01 3.868912152935821691e-02 9.559626763768775959e-01 0.000000000000000000e+00 5.348202093764223633e-03 0.000000000000000000e+00
3.000000000000000000e+03 1.200037942798086732e-01 7.988165680473373331e-02 8.868912152935821691e-01 0.000000000000000000e+00 3.322712790168411146e-02 0.000000000000000000e+00
3.050000000000000000e+03 1.220038575178055140e-01 1.673873463814292140e-01 6.383705052344105235e-01 0.000000000000000000e+00 1.942421483841602070e-01 0.000000000000000000e+00
3.100000000000000000e+03 1.240039207558023548e-01 3.253299954483386269e-01 2.424897587619481154e-01 3.413746017296313199e-04 4.318388711879836417e-01 0.000000000000000000e+00
3.150000000000000000e+03 1.260039839937991957e-01 3.835912608101957333e-01 1.291533909877105035e-01 9.103322712790168532e-04 4.863450159308147502e-01 0.000000000000000000e+00
3.200000000000000000e+03 1.280040472317960365e-01 3.313609467455621571e-01 2.137005006827492060e-01 5.689576695493854790e-04 4.543695949021392955e-01 0.000000000000000000e+00
3.250000000000000000e+03 1.300041104697928773e-01 3.784706417842512716e-01 1.983386436049157930e-01 6.372325898953117539e-03 4.168183887118798170e-01 0.000000000000000000e+00
3.300000000000000000e+03 1.320041737077897182e-01 3.610605370960400795e-01 2.016385980883022289e-01 2.765134274010013632e-02 4.096495220755576039e-01 0.000000000000000000e+00
3.350000000000000000e+03 1.340042369457865590e-01 3.606053709604005730e-01 2.016385980883022289e-01 6.588529813381883982e-02 3.718707328174783999e-01 0.000000000000000000e+00
3.400000000000000000e+03 1.360043001837831778e-01 3.816568047337278169e-01 2.049385525716886647e-01 9.296768320436959998e-02 3.204369594902139462e-01 0.000000000000000000e+00
3.450000000000000000e+03 1.380043634217800186e-01 3.645880746472462408e-01 2.536413290851160518e-01 1.189121529358215801e-01 2.628584433318161273e-01 0.000000000000000000e+00
3.500000000000000000e+03 1.400044266597768594e-01 3.599226217569412856e-01 2.947200728265816916e-01 1.581702321347291662e-01 1.871870732817478289e-01 0.000000000000000000e+00
3.550000000000000000e+03 1.420044898977737002e-01 3.538916704597178109e-01 3.334091943559399085e-01 1.797906235776058348e-01 1.329085116067364458e-01 0.000000000000000000e+00
3.600000000000000000e+03 1.440045531357705411e-01 3.635639508420573374e-01 3.421711424670004775e-01 2.011834319526627224e-01 9.308147473827947660e-02 0.000000000000000000e+00
3.650000000000000000e+03 1.460046163737673819e-01 3.618570778334092020e-01 3.552571688666363303e-01 2.115384615384615363e-01 7.134729176149294527e-02 0.000000000000000000e+00
3.700000000000000000e+03 1.480046796117642227e-01 3.640191169776968438e-01 3.499089667728720876e-01 2.273554847519344557e-01 5.871643149749658508e-02 0.000000000000000000e+00
3.750000000000000000e+03 1.500047428497610635e-01 3.693673190714610866e-01 3.463814292216659263e-01 2.323623122439690547e-01 5.188893946290396020e-02 0.000000000000000000e+00
3.800000000000000000e+03 1.520048060877576823e-01 3.748293126991351643e-01 3.489986345015930747e-01 2.238279472007282667e-01 5.234410559854346667e-02 0.000000000000000000e+00
3.850000000000000000e+03 1.540048693257545231e-01 3.733500227583067543e-01 3.468365953573054328e-01 2.294037323623122349e-01 5.040964952207555722e-02 0.000000000000000000e+00
3.900000000000000000e+03 1.560049325637513640e-01 3.784706417842512716e-01 3.404642694583522866e-01 2.276968593536640995e-01 5.336822940373236318e-02 0.000000000000000000e+00
3.950000000000000000e+03 1.580049958017482048e-01 3.720983158852981254e-01 3.475193445607646647e-01 2.354346836595357373e-01 4.494765589440145870e-02 0.000000000000000000e+00
4.000000000000000000e+03 1.600050590397450456e-01 3.802913063268092975e-01 3.388711879836140417e-01 2.342967683204369711e-01 4.654073736913973830e-02 0.000000000000000000e+00
4.050000000000000000e+03 1.620051222777418864e-01 3.718707328174783999e-01 3.389849795175238767e-01 2.428311333636777314e-01 4.631315430131998506e-02 0.000000000000000000e+00
4.100000000000000000e+03 1.640051855157387273e-01 3.649294492489758568e-01 3.461538461538461453e-01 2.397587619481110488e-01 4.915794264906690747e-02 0.000000000000000000e+00
4.150000000000000000e+03 1.660052487537353461e-01 3.717569412835685094e-01 3.507055075102412656e-01 2.397587619481110488e-01 3.777878925807919702e-02 0.000000000000000000e+00
4.200000000000000000e+03 1.680053119917321869e-01 3.560537096040054528e-01 3.665225307237141572e-01 2.387346381429221731e-01 3.868912152935821691e-02 0.000000000000000000e+00
4.250000000000000000e+03 1.700053752297290277e-01 3.592398725534819981e-01 3.673190714610832797e-01 2.349795175238962308e-01 3.846153846153846367e-02 0.000000000000000000e+00
4.300000000000000000e+03 1.720054384677258685e-01 3.593536640873918886e-01 3.699362767410104835e-01 2.363450159308147502e-01 3.436504324078288458e-02 0.000000000000000000e+00
4.350000000000000000e+03 1.740055017057227094e-01 3.445607646791079004e-01 3.875739644970414011e-01 2.388484296768320359e-01 2.901684114701866268e-02 0.000000000000000000e+00
4.400000000000000000e+03 1.760055649437195502e-01 3.436504324078288319e-01 3.920118343195266308e-01 2.355484751934456000e-01 2.878925807919890598e-02 0.000000000000000000e+00
4.450000000000000000e+03 1.780056281817163910e-01 3.356850250341374409e-01 4.011151570323168158e-01 2.315657715065999045e-01 3.163404642694583185e-02 0.000000000000000000e+00
4.500000000000000000e+03 1.800056914197132318e-01 3.352298588984979344e-01 4.025944469731451703e-01 2.321347291761493015e-01 3.004096495220755572e-02 0.000000000000000000e+00
4.550000000000000000e+03 1.820057546577098506e-01 3.365953573054164538e-01 4.063495675921711681e-01 2.308830223031406448e-01 2.617205279927173334e-02 0.000000000000000000e+00
4.600000000000000000e+03 1.840058178957066914e-01 3.274920345926263243e-01 4.118115612198452458e-01 2.273554847519344557e-01 3.334091943559399501e-02 0.000000000000000000e+00
4.650000000000000000e+03 1.860058811337035323e-01 3.265817023213473114e-01 4.123805188893946427e-01 2.289485662266727284e-01 3.208921256258534527e-02 0.000000000000000000e+00
4.700000000000000000e+03 1.880059443717003731e-01 3.175921711424670169e-01 4.185252617205280079e-01 2.271279016841147025e-01 3.675466545289030745e-02 0.000000000000000000e+00
4.750000000000000000e+03 1.900060076096972139e-01 3.247610377787892855e-01 4.215976331360946627e-01 2.225762403277196100e-01 3.106508875739644876e-02 0.000000000000000000e+00
4.800000000000000000e+03 1.920060708476940547e-01 3.202093764223941652e-01 4.218252162039144437e-01 2.269003186162949492e-01 3.106508875739644876e-02 0.000000000000000000e+00
4.850000000000000000e+03 1.940061340856908956e-01 3.159990896677287164e-01 4.227355484751934567e-01 2.303140646335912478e-01 3.095129722348657214e-02 0.000000000000000000e+00
4.900000000000000000e+03 1.960061973236877364e-01 3.208921256258534527e-01 4.254665452890304955e-01 2.261037778789257990e-01 2.753755120619025970e-02 0.000000000000000000e+00
4.950000000000000000e+03 1.980062605616843552e-01 3.243058716431497235e-01 4.351388256713700775e-01 2.151797906235776159e-01 2.537551206190259354e-02 0.000000000000000000e+00
5.000000000000000000e+03 2.000063237996811960e-01 3.203231679563040557e-01 4.528903049613108855e-01 2.006144742831133254e-01 2.617205279927173334e-02 0.000000000000000000e+00
5.050000000000000000e+03 2.020063870376780368e-01 3.153163404642694845e-01 4.616522530723713991e-01 1.915111515703231682e-01 3.152025489303595523e-02 0.000000000000000000e+00
5.100000000000000000e+03 2.040064502756748777e-01 3.026854802002730827e-01 4.725762403277196100e-01 1.972007282658170269e-01 2.753755120619025970e-02 0.000000000000000000e+00
5.150000000000000000e+03 2.060065135136717185e-01 3.084888484296768318e-01 4.724624487938097195e-01 1.917387346381429214e-01 2.730996813837050646e-02 0.000000000000000000e+00
5.200000000000000000e+03 2.080065767516685593e-01 3.008648156577150568e-01 4.737141556668184039e-01 1.985662266727355463e-01 2.685480200273099652e-02 0.000000000000000000e+00
5.250000000000000000e+03 2.100066399896654001e-01 2.982476103777879084e-01 4.761037778789258268e-01 2.023213472917614886e-01 2.332726445152480746e-02 0.000000000000000000e+00
5.300000000000000000e+03 2.120067032276622410e-01 2.998406918525261533e-01 4.803140646335912756e-01 1.965179790623577671e-01 2.332726445152480746e-02 0.000000000000000000e+00
5.350000000000000000e+03 2.140067664656588597e-01 2.967683204369594985e-01 4.864588074647246407e-01 1.918525261720528119e-01 2.492034592626308706e-02 0.000000000000000000e+00
5.400000000000000000e+03 2.160068297036557006e-01 2.951752389622211981e-01 4.956759217114246607e-01 1.844560764679107900e-01 2.469276285844333035e-02 0.000000000000000000e+00
5.450000000000000000e+03 2.180068929416525414e-01 2.910787437414656398e-01 5.025034137460172579e-01 1.820664542558033672e-01 2.435138825671370050e-02 0.000000000000000000e+00
5.500000000000000000e+03 2.200069561796493822e-01 2.833409194355939742e-01 5.120619025944469493e-01 1.865043240782885692e-01 1.809285389167045871e-02 0.000000000000000000e+00
5.550000000000000000e+03 2.220070194176462230e-01 2.820892125625853453e-01 5.168411470186617951e-01 1.820664542558033672e-01 1.900318616294947513e-02 0.000000000000000000e+00
5.600000000000000000e+03 2.240070826556430639e-01 2.817478379608557293e-01 5.211652253072371899e-01 1.801319981793354508e-01 1.695493855257168905e-02 0.000000000000000000e+00
5.650000000000000000e+03 2.260071458936399047e-01 2.759444697314519801e-01 5.262858443331815961e-01 1.814974965862539702e-01 1.627218934911242587e-02 0.000000000000000000e+00
5.700000000000000000e+03 2.280072091316367455e-01 2.756030951297223641e-01 5.318616294947655643e-01 1.792216659080564378e-01 1.331360946745562164e-02 0.000000000000000000e+00
5.750000000000000000e+03 2.300072723696333643e-01 2.737824305871643382e-01 5.347064178425124936e-01 1.761492944924897552e-01 1.536185707783340945e-02 0.000000000000000000e+00
5.800000000000000000e+03 2.320073356076302051e-01 2.691169776968593275e-01 5.365270823850705195e-01 1.802457897132453413e-01 1.411015020482476144e-02 0.000000000000000000e+00
5.850000000000000000e+03 2.340073988456270460e-01 2.660446062812926726e-01 5.388029130632681074e-01 1.779699590350477811e-01 1.718252162039144229e-02 0.000000000000000000e+00
5.900000000000000000e+03 2.360074620836238868e-01 2.625170687300864558e-01 5.413063268092853653e-01 1.808147473827947105e-01 1.536185707783340945e-02 0.000000000000000000e+00
5.950000000000000000e+03 2.380075253216207276e-01 2.675238962221210826e-01 5.390304961310878884e-01 1.817250796540737234e-01 1.172052799271734204e-02 0.000000000000000000e+00
6.000000000000000000e+03 2.400075885596175684e-01 2.560309512972234747e-01 5.430131998179335007e-01 1.827492034592626269e-01 1.820664542558033533e-02 0.000000000000000000e+00
6.050000000000000000e+03 2.420076517976144093e-01 2.520482476103778069e-01 5.463131543013199920e-01 1.842284934000910368e-01 1.741010468821119553e-02 0.000000000000000000e+00
6.100000000000000000e+03 2.440077150356112501e-01 2.521620391442876419e-01 5.468821119708693335e-01 1.849112426035502965e-01 1.604460628129267263e-02 0.000000000000000000e+00
6.150000000000000000e+03 2.460077782736078689e-01 2.512517068730086289e-01 5.451752389622211981e-01 1.900318616294947582e-01 1.354119253527537488e-02 0.000000000000000000e+00
6.200000000000000000e+03 2.480078415116047097e-01 2.523896222121074229e-01 5.353891670459717256e-01 1.984524351388256835e-01 1.376877560309512985e-02 0.000000000000000000e+00
6.250000000000000000e+03 2.500079047496015505e-01 2.479517523896222209e-01 5.367546654528903005e-01 1.989076012744651900e-01 1.638598088302230249e-02 0.000000000000000000e+00
6.300000000000000000e+03 2.520079679875983913e-01 2.453345471096950448e-01 5.370960400546199720e-01 2.023213472917614886e-01 1.524806554392353283e-02 0.000000000000000000e+00
6.350000000000000000e+03 2.540080312255952322e-01 2.490896677287209870e-01 5.357305416477013971e-01 2.002730996813837094e-01 1.490669094219390124e-02 0.000000000000000000e+00
6.400000000000000000e+03 2.560080944635920730e-01 2.507965407373691225e-01 5.302685480200273194e-01 2.036868456986800080e-01 1.524806554392353283e-02 0.000000000000000000e+00
6.450000000000000000e+03 2.580081577015889138e-01 2.443104233045061413e-01 5.372098315885298625e-01 2.047109695038689114e-01 1.376877560309512985e-02 0.000000000000000000e+00
6.500000000000000000e+03 2.600082209395857546e-01 2.518206645425580259e-01 5.350477924442421651e-01 1.987938097405552995e-01 1.433773327264451468e-02 0.000000000000000000e+00
6.550000000000000000e+03 2.620082841775823734e-01 2.511379153390987939e-01 5.400546199362767918e-01 1.983386436049157930e-01 1.046882111970869403e-02 0.000000000000000000e+00
6.600000000000000000e+03 2.640083474155792143e-01 2.505689576695493970e-01 5.368684569868001910e-01 2.008420573509330787e-01 1.172052799271734204e-02 0.000000000000000000e+00
6.650000000000000000e+03 2.660084106535760551e-01 2.428311333636777314e-01 5.389167045971779979e-01 2.056213017751479244e-01 1.263086026399635846e-02 0.000000000000000000e+00
6.700000000000000000e+03 2.680084738915728959e-01 2.440828402366863881e-01 5.432407828857532817e-01 2.009558488848429691e-01 1.172052799271734204e-02 0.000000000000000000e+00
6.750000000000000000e+03 2.700085371295697367e-01 2.412380518889394587e-01 5.530268548020027541e-01 1.936731907146108378e-01 1.206190259444697363e-02 0.000000000000000000e+00
6.800000000000000000e+03 2.720086003675665776e-01 2.422621756941283622e-01 5.551888939462903405e-01 1.898042785616750050e-01 1.274465179790623508e-02 0.000000000000000000e+00
6.850000000000000000e+03 2.740086636055634184e-01 2.366863905325443662e-01 5.606508875739645292e-01 1.892353208921256358e-01 1.342740100136549826e-02 0.000000000000000000e+00
6.900000000000000000e+03 2.760087268435602592e-01 2.299726900318616318e-01 5.682749203459263043e-01 1.932180245789713313e-01 8.534365043240782836e-03 0.000000000000000000e+00
6.950000000000000000e+03 2.780087900815568780e-01 2.254210286754665393e-01 5.739644970414201630e-01 1.915111515703231682e-01 9.103322712790167665e-03 0.000000000000000000e+00
7.000000000000000000e+03 2.800088533195537188e-01 2.125625853436504398e-01 5.872781065088756858e-01 1.907146108329540179e-01 9.444697314519799256e-03 0.000000000000000000e+00
7.050000000000000000e+03 2.820089165575505596e-01 2.111970869367319203e-01 5.894401456531633832e-01 1.908284023668639084e-01 8.534365043240782836e-03 0.000000000000000000e+00
7.100000000000000000e+03 2.840089797955474005e-01 2.072143832498861971e-01 5.962676376877560358e-01 1.880974055530268418e-01 8.420573509330906217e-03 0.000000000000000000e+00
7.150000000000000000e+03 2.860090430335442413e-01 2.031178880291306388e-01 6.058261265361857273e-01 1.807009558488848477e-01 1.035502958579881741e-02 0.000000000000000000e+00
7.200000000000000000e+03 2.880091062715410821e-01 2.038006372325898985e-01 6.104915794264906825e-01 1.763768775603095085e-01 9.330905780609922637e-03 0.000000000000000000e+00
7.250000000000000000e+03 2.900091695095379229e-01 2.053937187073281712e-01 6.065088757396449592e-01 1.767182521620391522e-01 1.137915339098771045e-02 0.000000000000000000e+00
7.300000000000000000e+03 2.920092327475347638e-01 1.934456076467910846e-01 6.180018206645425671e-01 1.752389622212107423e-01 1.331360946745562164e-02 0.000000000000000000e+00
7.350000000000000000e+03 2.940092959855313826e-01 1.894629039599453890e-01 6.231224396904869733e-01 1.777423759672280279e-01 9.672280382339554228e-03 0.000000000000000000e+00
7.400000000000000000e+03 2.960093592235282234e-01 1.885525716886663761e-01 6.242603550295857673e-01 1.794492489758761911e-01 7.737824305871643035e-03 0.000000000000000000e+00
7.450000000000000000e+03 2.980094224615250642e-01 1.878698224852070886e-01 6.276741010468821491e-01 1.772872098315885214e-01 7.168866636322257339e-03 0.000000000000000000e+00
7.500000000000000000e+03 3.000094856995219050e-01 1.840009103322712836e-01 6.290395994538006130e-01 1.805871643149749572e-01 6.372325898953117539e-03 0.000000000000000000e+00
7.550000000000000000e+03 3.020095489375187459e-01 1.862767410104688159e-01 6.235776058261265353e-01 1.844560764679107900e-01 5.689576695493855224e-03 0.000000000000000000e+00
7.600000000000000000e+03 3.040096121755155867e-01 1.774010013654984119e-01 6.226672735548475224e-01 1.933318161128811941e-01 6.599908966772872511e-03 0.000000000000000000e+00
7.650000000000000000e+03 3.060096754135124275e-01 1.820664542558033672e-01 6.251706873008647802e-01 1.874146563495675821e-01 5.348202093764223633e-03 0.000000000000000000e+00
7.700000000000000000e+03 3.080097386515092683e-01 1.812699135184342170e-01 6.285844333181611621e-01 1.824078288575330109e-01 7.737824305871643035e-03 0.000000000000000000e+00
7.750000000000000000e+03 3.100098018895058871e-01 1.851388256713700498e-01 6.277878925807920396e-01 1.808147473827947105e-01 6.258534365043240920e-03 0.000000000000000000e+00
7.800000000000000000e+03 3.120098651275027279e-01 1.803595812471552040e-01 6.294947655894401750e-01 1.826354119253527641e-01 7.510241238051888930e-03 0.000000000000000000e+00
7.850000000000000000e+03 3.140099283654995688e-01 1.799044151115156975e-01 6.364360491579426071e-01 1.778561675011379184e-01 5.803368229403732710e-03 0.000000000000000000e+00
7.900000000000000000e+03 3.160099916034964096e-01 1.756941283568502488e-01 6.395084205735093175e-01 1.779699590350477811e-01 6.827492034592626616e-03 0.000000000000000000e+00
7.950000000000000000e+03 3.180100548414932504e-01 1.694355939918070209e-01 6.467910787437414211e-01 1.768320436959490149e-01 6.941283568502503235e-03 0.000000000000000000e+00
8.000000000000000000e+03 3.200101180794900912e-01 1.692080109239872676e-01 6.487255348202093375e-01 1.727355484751934567e-01 9.330905780609922637e-03 0.000000000000000000e+00
8.050000000000000000e+03 3.220101813174869321e-01 1.672735548475193512e-01 6.538461538461538547e-01 1.736458807464724696e-01 5.234410559854347014e-03 0.000000000000000000e+00
8.100000000000000000e+03 3.240102445554835509e-01 1.654528903049612976e-01 6.513427401001365968e-01 1.763768775603095085e-01 6.827492034592626616e-03 0.000000000000000000e+00
8.150000000000000000e+03 3.260103077934803917e-01 1.508875739644970349e-01 6.615839781520255203e-01 1.819526627218935044e-01 5.575785161583977738e-03 0.000000000000000000e+00
8.200000000000000000e+03 3.280103710314772325e-01 1.480427856167501055e-01 6.715976331360946627e-01 1.742148384160218388e-01 6.144742831133363434e-03 0.000000000000000000e+00
8.250000000000000000e+03 3.300104342694740733e-01 1.488393263541192557e-01 6.744424214838415921e-01 1.681838871187983642e-01 8.534365043240782836e-03 0.000000000000000000e+00
8.300000000000000000e+03 3.320104975074709142e-01 1.458807464724624359e-01 6.868456986800182129e-01 1.601046882111970826e-01 7.168866636322257339e-03 0.000000000000000000e+00
8.350000000000000000e+03 3.340105607454677550e-01 1.333636777423759801e-01 7.036868456986800080e-01 1.576012744651797970e-01 5.348202093764223633e-03 0.000000000000000000e+00
8.400000000000000000e+03 3.360106239834645958e-01 1.314292216659080637e-01 7.084660901228948537e-01 1.563495675921711403e-01 3.755120619025944465e-03 0.000000000000000000e+00
8.450000000000000000e+03 3.380106872214614366e-01 1.275603095129722309e-01 7.085798816568047442e-01 1.597633136094674666e-01 4.096495220755575623e-03 0.000000000000000000e+00
8.500000000000000000e+03 3.400107504594580554e-01 1.322257624032771861e-01 7.049385525716886924e-01 1.579426490669094130e-01 4.893035958124715423e-03 0.000000000000000000e+00
8.550000000000000000e+03 3.420108136974548962e-01 1.294947655894401473e-01 6.991351843422849432e-01 1.656804733727810786e-01 5.689576695493855224e-03 0.000000000000000000e+00
8.600000000000000000e+03 3.440108769354517371e-01 1.288120163859808875e-01 6.983386436049158208e-01 1.673873463814292140e-01 5.461993627674101119e-03 0.000000000000000000e+00
8.650000000000000000e+03 3.460109401734485779e-01 1.282430587164314906e-01 7.010696404187528596e-01 1.661356395084205850e-01 4.551661356395083832e-03 0.000000000000000000e+00
8.700000000000000000e+03 3.480110034114454187e-01 1.281292671825216278e-01 7.031178880291306665e-01 1.643149749658625314e-01 4.437869822485207214e-03 0.000000000000000000e+00
8.750000000000000000e+03 3.500110666494422595e-01 1.288120163859808875e-01 6.981110605370960398e-01 1.670459717796995980e-01 6.030951297223486815e-03 0.000000000000000000e+00
8.800000000000000000e+03 3.520111298874391004e-01 1.261948111060537114e-01 6.941283568502503165e-01 1.723941738734638129e-01 7.282658170232134826e-03 0.000000000000000000e+00
8.850000000000000000e+03 3.540111931254359412e-01 1.266499772416932179e-01 6.895766954938552518e-01 1.780837505689576716e-01 5.689576695493855224e-03 0.000000000000000000e+00
8.900000000000000000e+03 3.560112563634325600e-01 1.275603095129722309e-01 6.859353664087392000e-01 1.812699135184342170e-01 5.234410559854347014e-03 0.000000000000000000e+00
8.950000000000000000e+03 3.580113196014294008e-01 1.220983158852981393e-01 6.869594902139281034e-01 1.854802002730996935e-01 5.461993627674101119e-03 0.000000000000000000e+00
9.000000000000000000e+03 3.600113828394262416e-01 1.190259444697314567e-01 6.884387801547564578e-01 1.883249886208466228e-01 4.210286754665453109e-03 0.000000000000000000e+00
9.050000000000000000e+03 3.620114460774230825e-01 1.190259444697314567e-01 6.890077378243059103e-01 1.887801547564861293e-01 3.186162949476558769e-03 0.000000000000000000e+00
9.100000000000000000e+03 3.640115093154199233e-01 1.206190259444697294e-01 6.883249886208465673e-01 1.870732817478379661e-01 3.982703686845699004e-03 0.000000000000000000e+00
9.150000000000000000e+03 3.660115725534167641e-01 1.209604005461993592e-01 6.886663632225762388e-01 1.863905325443787064e-01 3.982703686845699004e-03 0.000000000000000000e+00
9.200000000000000000e+03 3.680116357914136049e-01 1.187983614019117035e-01 6.895766954938552518e-01 1.873008648156577194e-01 4.324078288575329727e-03 0.000000000000000000e+00
9.250000000000000000e+03 3.700116990294104458e-01 1.213017751479289891e-01 6.818388711879835862e-01 1.903732362312244020e-01 6.486117432862995025e-03 0.000000000000000000e+00
9.300000000000000000e+03 3.720117622674070645e-01 1.228948566226672756e-01 6.761492944924897275e-01 1.953800637232590010e-01 5.575785161583977738e-03 0.000000000000000000e+00
9.350000000000000000e+03 3.740118255054039054e-01 1.289258079198907503e-01 6.733045061447427981e-01 1.951524806554392477e-01 2.617205279927173507e-03 0.000000000000000000e+00
9.400000000000000000e+03 3.760118887434007462e-01 1.263086026399635742e-01 6.670459717796995980e-01 2.019799726900318726e-01 4.665452890304961318e-03 0.000000000000000000e+00
9.450000000000000000e+03 3.780119519813975870e-01 1.313154301319981732e-01 6.576012744651797970e-01 2.063040509786071841e-01 4.779244424214838804e-03 0.000000000000000000e+00
9.500000000000000000e+03 3.800120152193944278e-01 1.385980883022303045e-01 6.521392808375057193e-01 2.007282658170232159e-01 8.534365043240782836e-03 0.000000000000000000e+00
9.550000000000000000e+03 3.820120784573912687e-01 1.392808375056895642e-01 6.607874374146563978e-01 1.939007737824305910e-01 6.030951297223486815e-03 0.000000000000000000e+00
9.600000000000000000e+03 3.840121416953881095e-01 1.392808375056895642e-01 6.734182976786526886e-01 1.825216203914428736e-01 4.779244424214838804e-03 0.000000000000000000e+00
9.650000000000000000e+03 3.860122049333849503e-01 1.445152480655439164e-01 6.768320436959490705e-01 1.722803823395539502e-01 6.372325898953117539e-03 0.000000000000000000e+00
9.700000000000000000e+03 3.880122681713815691e-01 1.444014565316340537e-01 6.801319981793354508e-01 1.669321802457897075e-01 8.534365043240782836e-03 0.000000000000000000e+00
9.750000000000000000e+03 3.900123314093786320e-01 1.454255803368229294e-01 6.795630405097861093e-01 1.665908056440600915e-01 8.420573509330906217e-03 0.000000000000000000e+00
9.800000000000000000e+03 3.920123946473754728e-01 1.461083295402822169e-01 6.796768320436959998e-01 1.645425580336822846e-01 9.672280382339554228e-03 0.000000000000000000e+00
9.850000000000000000e+03 3.940124578853723136e-01 1.510013654984069253e-01 6.733045061447427981e-01 1.693218024578971304e-01 6.372325898953117539e-03 0.000000000000000000e+00
9.900000000000000000e+03 3.960125211233691545e-01 1.513427401001365413e-01 6.693218024578971859e-01 1.738734638142922229e-01 5.461993627674101119e-03 0.000000000000000000e+00
9.950000000000000000e+03 3.980125843613659953e-01 1.550978607191624836e-01 6.591943559399180419e-01 1.780837505689576716e-01 7.624032771961766417e-03 0.000000000000000000e+00
1.000000000000000000e+04 4.000126475993626141e-01 1.612426035502958488e-01 6.517979062357760478e-01 1.771734182976786587e-01 9.786071916249430847e-03 0.000000000000000000e+00
1.005000000000000000e+04 4.020127108373594549e-01 1.694355939918070209e-01 6.488393263541192280e-01 1.731907146108329631e-01 8.534365043240782836e-03 0.000000000000000000e+00
1.010000000000000000e+04 4.040127740753562957e-01 1.739872553482020856e-01 6.431497496586253693e-01 1.728493400091033194e-01 1.001365498406918582e-02 0.000000000000000000e+00
1.015000000000000000e+04 4.060128373133531365e-01 1.741010468821119761e-01 6.392808375056895365e-01 1.759217114246700020e-01 1.069640418752844727e-02 0.000000000000000000e+00
1.020000000000000000e+04 4.080129005513499774e-01 1.753527537551206328e-01 6.471324533454710926e-01 1.676149294492489672e-01 9.899863450159307465e-03 0.000000000000000000e+00
1.025000000000000000e+04 4.100129637893468182e-01 1.737596722803823324e-01 6.417842512517069054e-01 1.764906690942193990e-01 7.965407373691398007e-03 0.000000000000000000e+00
1.030000000000000000e+04 4.120130270273436590e-01 1.817250796540737234e-01 6.326809285389166648e-01 1.775147928994082747e-01 8.079198907601274626e-03 0.000000000000000000e+00
1.035000000000000000e+04 4.140130902653402778e-01 1.788802913063268218e-01 6.304050978607191880e-01 1.820664542558033672e-01 8.648156577150659455e-03 0.000000000000000000e+00
1.040000000000000000e+04 4.160131535033371186e-01 1.842284934000910368e-01 6.256258534365043422e-01 1.836595357305416398e-01 6.486117432862995025e-03 0.000000000000000000e+00
1.045000000000000000e+04 4.180132167413339594e-01 1.843422849340008995e-01 6.252844788347746707e-01 1.779699590350477811e-01 1.240327719617660522e-02 0.000000000000000000e+00
1.050000000000000000e+04 4.200132799793308003e-01 1.807009558488848477e-01 6.314292216659080914e-01 1.779699590350477811e-01 9.899863450159307465e-03 0.000000000000000000e+00
1.055000000000000000e+04 4.220133432173276411e-01 1.744424214838415921e-01 6.350705507510241432e-01 1.797906235776058348e-01 1.069640418752844727e-02 0.000000000000000000e+00
1.060000000000000000e+04 4.240134064553244819e-01 1.745562130177514826e-01 6.315430131998179819e-01 1.834319526627218866e-01 1.046882111970869403e-02 0.000000000000000000e+00
1.065000000000000000e+04 4.260134696933213228e-01 1.725079654073737034e-01 6.313154301319982009e-01 1.857077833409194467e-01 1.046882111970869403e-02 0.000000000000000000e+00
1.070000000000000000e+04 4.280135329313181636e-01 1.739872553482020856e-01 6.291533909877105035e-01 1.863905325443787064e-01 1.046882111970869403e-02 0.000000000000000000e+00
1.075000000000000000e+04 4.300135961693147824e-01 1.755803368229403860e-01 6.233500227583067543e-01 1.916249431042330587e-01 9.444697314519799256e-03 0.000000000000000000e+00
1.080000000000000000e+04 4.320136594073116232e-01 1.720527992717341692e-01 6.288120163859808320e-01 1.913973600364132777e-01 7.737824305871643035e-03 0.000000000000000000e+00
1.085000000000000000e+04 4.340137226453084640e-01 1.664770141101502010e-01 6.244879380974055483e-01 1.976558944014565333e-01 1.137915339098771045e-02 0.000000000000000000e+00
1.090000000000000000e+04 4.360137858833053048e-01 1.689804278561675144e-01 6.167501137915338827e-01 2.032316795630405015e-01 1.103777878925807886e-02 0.000000000000000000e+00
1.095000000000000000e+04 4.380138491213021457e-01 1.728493400091033194e-01 6.123122439690487084e-01 2.056213017751479244e-01 9.217114246700046018e-03 0.000000000000000000e+00
1.100000000000000000e+04 4.400139123592989865e-01 1.715976331360946627e-01 6.103777878925807920e-01 2.061902594446973214e-01 1.183431952662721866e-02 0.000000000000000000e+00
1.105000000000000000e+04 4.420139755972958273e-01 1.660218479745106945e-01 6.128812016385980499e-01 2.088074647246244975e-01 1.228948566226672687e-02 0.000000000000000000e+00
1.110000000000000000e+04 4.440140388352926681e-01 1.701183431952662806e-01 6.123122439690487084e-01 2.060764679107874309e-01 1.149294492489758707e-02 0.000000000000000000e+00
1.115000000000000000e+04 4.460141020732892869e-01 1.701183431952662806e-01 6.085571233500227661e-01 2.110832954028220299e-01 1.024123805188893906e-02 0.000000000000000000e+00
1.120000000000000000e+04 4.480141653112861277e-01 1.696631770596267741e-01 5.997951752389621971e-01 2.176832043695949015e-01 1.285844333181611343e-02 0.000000000000000000e+00
1.125000000000000000e+04 4.500142285492829686e-01 1.706873008648156498e-01 5.968365953573053773e-01 2.208693673190714746e-01 1.160673645880746542e-02 0.000000000000000000e+00
1.130000000000000000e+04 4.520142917872798094e-01 1.768320436959490149e-01 5.923987255348202030e-01 2.216659080564405970e-01 9.103322712790167665e-03 0.000000000000000000e+00
1.135000000000000000e+04 4.540143550252766502e-01 1.710286754665452935e-01 5.930814747382794350e-01 2.240555302685480199e-01 1.183431952662721866e-02 0.000000000000000000e+00
