# itime ezz other fcc hcp bcc ico
0.000000000000000000e+00 0.000000000000000000e+00 0.000000000000000000e+00 1.000000000000000000e+00 0.000000000000000000e+00 0.000000000000000000e+00 0.000000000000000000e+00
2.500000000000000000e+01 9.999758844629891286e-04 0.000000000000000000e+00 1.000000000000000000e+00 0.000000000000000000e+00 0.000000000000000000e+00 0.000000000000000000e+00
5.000000000000000000e+01 1.999951768925978257e-03 0.000000000000000000e+00 1.000000000000000000e+00 0.000000000000000000e+00 0.000000000000000000e+00 0.000000000000000000e+00
7.500000000000000000e+01 2.999927653389189430e-03 0.000000000000000000e+00 1.000000000000000000e+00 0.000000000000000000e+00 0.000000000000000000e+00 0.000000000000000000e+00
1.000000000000000000e+02 3.999903537852178559e-03 0.000000000000000000e+00 1.000000000000000000e+00 0.000000000000000000e+00 0.000000000000000000e+00 0.000000000000000000e+00
1.250000000000000000e+02 4.999879422315167687e-03 0.000000000000000000e+00 1.000000000000000000e+00 0.000000000000000000e+00 0.000000000000000000e+00 0.000000000000000000e+00
1.500000000000000000e+02 5.999855306778156816e-03 0.000000000000000000e+00 1.000000000000000000e+00 0.000000000000000000e+00 0.000000000000000000e+00 0.000000000000000000e+00
1.750000000000000000e+02 6.999831191241367989e-03 0.000000000000000000e+00 1.000000000000000000e+00 0.000000000000000000e+00 0.000000000000000000e+00 0.000000000000000000e+00
2.000000000000000000e+02 7.999807075704357118e-03 0.000000000000000000e+00 1.000000000000000000e+00 0.000000000000000000e+00 0.000000000000000000e+00 0.000000000000000000e+00
2.250000000000000000e+02 8.999782960167346246e-03 0.000000000000000000e+00 1.000000000000000000e+00 0.000000000000000000e+00 0.000000000000000000e+00 0.000000000000000000e+00
2.500000000000000000e+02 9.999758844630335375e-03 0.000000000000000000e+00 1.000000000000000000e+00 0.000000000000000000e+00 0.000000000000000000e+00 0.000000000000000000e+00
2.750000000000000000e+02 1.099973472909354655e-02 0.000000000000000000e+00 1.000000000000000000e+00 0.000000000000000000e+00 0.000000000000000000e+00 0.000000000000000000e+00
3.000000000000000000e+02 1.199971061355653568e-02 0.000000000000000000e+00 1.000000000000000000e+00 0.000000000000000000e+00 0.000000000000000000e+00 0.000000000000000000e+00
3.250000000000000000e+02 1.299968649801952481e-02 0.000000000000000000e+00 1.000000000000000000e+00 0.000000000000000000e+00 0.000000000000000000e+00 0.000000000000000000e+00
3.500000000000000000e+02 1.399966238248251393e-02 0.000000000000000000e+00 1.000000000000000000e+00 0.000000000000000000e+00 0.000000000000000000e+00 0.000000000000000000e+00
3.750000000000000000e+02 1.499963826694572511e-02 0.000000000000000000e+00 1.000000000000000000e+00 0.000000000000000000e+00 0.000000000000000000e+00 0.000000000000000000e+00
4.000000000000000000e+02 1.599961415140871424e-02 0.000000000000000000e+00 1.000000000000000000e+00 0.000000000000000000e+00 0.000000000000000000e+00 0.000000000000000000e+00
4.250000000000000000e+02 1.699959003587170336e-02 0.000000000000000000e+00 1.000000000000000000e+00 0.000000000000000000e+00 0.000000000000000000e+00 0.000000000000000000e+00
4.500000000000000000e+02 1.799956592033469249e-02 0.000000000000000000e+00 1.000000000000000000e+00 0.000000000000000000e+00 0.000000000000000000e+00 0.000000000000000000e+00
4.750000000000000000e+02 1.899954180479790367e-02 0.000000000000000000e+00 1.000000000000000000e+00 0.000000000000000000e+00 0.000000000000000000e+00 0.000000000000000000e+00
5.000000000000000000e+02 1.999951768926089279e-02 0.000000000000000000e+00 1.000000000000000000e+00 0.000000000000000000e+00 0.000000000000000000e+00 0.000000000000000000e+00
5.250000000000000000e+02 2.099949357372388192e-02 0.000000000000000000e+00 1.000000000000000000e+00 0.000000000000000000e+00 0.000000000000000000e+00 0.000000000000000000e+00
5.500000000000000000e+02 2.199946945818687105e-02 0.000000000000000000e+00 1.000000000000000000e+00 0.000000000000000000e+00 0.000000000000000000e+00 0.000000000000000000e+00
5.750000000000000000e+02 2.299944534265008222e-02 0.000000000000000000e+00 1.000000000000000000e+00 0.000000000000000000e+00 0.000000000000000000e+00 0.000000000000000000e+00
6.000000000000000000e+02 2.399942122711307135e-02 0.000000000000000000e+00 1.000000000000000000e+00 0.000000000000000000e+00 0.000000000000000000e+00 0.000000000000000000e+00
6.250000000000000000e+02 2.499939711157606048e-02 0.000000000000000000e+00 1.000000000000000000e+00 0.000000000000000000e+00 0.000000000000000000e+00 0.000000000000000000e+00
6.500000000000000000e+02 2.599937299603904961e-02 0.000000000000000000e+00 1.000000000000000000e+00 0.000000000000000000e+00 0.000000000000000000e+00 0.000000000000000000e+00
6.750000000000000000e+02 2.699934888050203874e-02 0.000000000000000000e+00 1.000000000000000000e+00 0.000000000000000000e+00 0.000000000000000000e+00 0.000000000000000000e+00
7.000000000000000000e+02 2.799932476496524991e-02 0.000000000000000000e+00 1.000000000000000000e+00 0.000000000000000000e+00 0.000000000000000000e+00 0.000000000000000000e+00
7.250000000000000000e+02 2.899930064942823904e-02 0.000000000000000000e+00 1.000000000000000000e+00 0.000000000000000000e+00 0.000000000000000000e+00 0.000000000000000000e+00
7.500000000000000000e+02 2.999927653389122817e-02 0.000000000000000000e+00 1.000000000000000000e+00 0.000000000000000000e+00 0.000000000000000000e+00 0.000000000000000000e+00
7.750000000000000000e+02 3.099925241835421730e-02 0.000000000000000000e+00 1.000000000000000000e+00 0.000000000000000000e+00 0.000000000000000000e+00 0.000000000000000000e+00
8.000000000000000000e+02 3.199922830281742847e-02 0.000000000000000000e+00 1.000000000000000000e+00 0.000000000000000000e+00 0.000000000000000000e+00 0.000000000000000000e+00
8.250000000000000000e+02 3.299920418728041760e-02 0.000000000000000000e+00 1.000000000000000000e+00 0.000000000000000000e+00 0.000000000000000000e+00 0.000000000000000000e+00
8.500000000000000000e+02 3.399918007174340673e-02 0.000000000000000000e+00 1.000000000000000000e+00 0.000000000000000000e+00 0.000000000000000000e+00 0.000000000000000000e+00
8.750000000000000000e+02 3.499915595620639586e-02 0.000000000000000000e+00 1.000000000000000000e+00 0.000000000000000000e+00 0.000000000000000000e+00 0.000000000000000000e+00
9.000000000000000000e+02 3.599913184066960703e-02 0.000000000000000000e+00 1.000000000000000000e+00 0.000000000000000000e+00 0.000000000000000000e+00 0.000000000000000000e+00
9.250000000000000000e+02 3.699910772513259616e-02 0.000000000000000000e+00 1.000000000000000000e+00 0.000000000000000000e+00 0.000000000000000000e+00 0.000000000000000000e+00
9.500000000000000000e+02 3.799908360959558529e-02 0.000000000000000000e+00 1.000000000000000000e+00 0.000000000000000000e+00 0.000000000000000000e+00 0.000000000000000000e+00
9.750000000000000000e+02 3.899905949405857442e-02 0.000000000000000000e+00 1.000000000000000000e+00 0.000000000000000000e+00 0.000000000000000000e+00 0.000000000000000000e+00
1.000000000000000000e+03 3.999903537852178559e-02 0.000000000000000000e+00 1.000000000000000000e+00 0.000000000000000000e+00 0.000000000000000000e+00 0.000000000000000000e+00
1.025000000000000000e+03 4.099901126298477472e-02 0.000000000000000000e+00 1.000000000000000000e+00 0.000000000000000000e+00 0.000000000000000000e+00 0.000000000000000000e+00
1.050000000000000000e+03 4.199898714744776385e-02 0.000000000000000000e+00 1.000000000000000000e+00 0.000000000000000000e+00 0.000000000000000000e+00 0.000000000000000000e+00
1.075000000000000000e+03 4.299896303191075297e-02 0.000000000000000000e+00 1.000000000000000000e+00 0.000000000000000000e+00 0.000000000000000000e+00 0.000000000000000000e+00
1.100000000000000000e+03 4.399893891637396415e-02 0.000000000000000000e+00 1.000000000000000000e+00 0.000000000000000000e+00 0.000000000000000000e+00 0.000000000000000000e+00
1.125000000000000000e+03 4.499891480083695328e-02 0.000000000000000000e+00 1.000000000000000000e+00 0.000000000000000000e+00 0.000000000000000000e+00 0.000000000000000000e+00
1.150000000000000000e+03 4.599889068529994240e-02 0.000000000000000000e+00 1.000000000000000000e+00 0.000000000000000000e+00 0.000000000000000000e+00 0.000000000000000000e+00
1.175000000000000000e+03 4.699886656976293153e-02 0.000000000000000000e+00 1.000000000000000000e+00 0.000000000000000000e+00 0.000000000000000000e+00 0.000000000000000000e+00
1.200000000000000000e+03 4.799884245422614271e-02 0.000000000000000000e+00 1.000000000000000000e+00 0.000000000000000000e+00 0.000000000000000000e+00 0.000000000000000000e+00
1.225000000000000000e+03 4.899881833868913183e-02 1.137915339098771066e-04 9.998862084660901095e-01 0.000000000000000000e+00 0.000000000000000000e+00 0.000000000000000000e+00
1.250000000000000000e+03 4.999879422315212096e-02 0.000000000000000000e+00 1.000000000000000000e+00 0.000000000000000000e+00 0.000000000000000000e+00 0.000000000000000000e+00
1.275000000000000000e+03 5.099877010761511009e-02 0.000000000000000000e+00 1.000000000000000000e+00 0.000000000000000000e+00 0.000000000000000000e+00 0.000000000000000000e+00
1.300000000000000000e+03 5.199874599207809922e-02 0.000000000000000000e+00 1.000000000000000000e+00 0.000000000000000000e+00 0.000000000000000000e+00 0.000000000000000000e+00
1.325000000000000000e+03 5.299872187654131039e-02 0.000000000000000000e+00 1.000000000000000000e+00 0.000000000000000000e+00 0.000000000000000000e+00 0.000000000000000000e+00
1.350000000000000000e+03 5.399869776100429952e-02 0.000000000000000000e+00 1.000000000000000000e+00 0.000000000000000000e+00 0.000000000000000000e+00 0.000000000000000000e+00
1.375000000000000000e+03 5.499867364546728865e-02 0.000000000000000000e+00 1.000000000000000000e+00 0.000000000000000000e+00 0.000000000000000000e+00 0.000000000000000000e+00
1.400000000000000000e+03 5.599864952993027778e-02 0.000000000000000000e+00 1.000000000000000000e+00 0.000000000000000000e+00 0.000000000000000000e+00 0.000000000000000000e+00
1.425000000000000000e+03 5.699862541439348895e-02 0.000000000000000000e+00 1.000000000000000000e+00 0.000000000000000000e+00 0.000000000000000000e+00 0.000000000000000000e+00
1.450000000000000000e+03 5.799860129885647808e-02 0.000000000000000000e+00 1.000000000000000000e+00 0.000000000000000000e+00 0.000000000000000000e+00 0.000000000000000000e+00
1.475000000000000000e+03 5.899857718331946721e-02 0.000000000000000000e+00 1.000000000000000000e+00 0.000000000000000000e+00 0.000000000000000000e+00 0.000000000000000000e+00
1.500000000000000000e+03 5.999855306778245634e-02 0.000000000000000000e+00 1.000000000000000000e+00 0.000000000000000000e+00 0.000000000000000000e+00 0.000000000000000000e+00
1.525000000000000000e+03 6.099852895224566751e-02 0.000000000000000000e+00 1.000000000000000000e+00 0.000000000000000000e+00 0.000000000000000000e+00 0.000000000000000000e+00
1.550000000000000000e+03 6.199850483670865664e-02 0.000000000000000000e+00 1.000000000000000000e+00 0.000000000000000000e+00 0.000000000000000000e+00 0.000000000000000000e+00
1.575000000000000000e+03 6.299848072117164577e-02 0.000000000000000000e+00 1.000000000000000000e+00 0.000000000000000000e+00 0.000000000000000000e+00 0.000000000000000000e+00
1.600000000000000000e+03 6.399845660563463490e-02 0.000000000000000000e+00 1.000000000000000000e+00 0.000000000000000000e+00 0.000000000000000000e+00 0.000000000000000000e+00
1.625000000000000000e+03 6.499843249009784607e-02 0.000000000000000000e+00 1.000000000000000000e+00 0.000000000000000000e+00 0.000000000000000000e+00 0.000000000000000000e+00
1.650000000000000000e+03 6.599840837456083520e-02 0.000000000000000000e+00 1.000000000000000000e+00 0.000000000000000000e+00 0.000000000000000000e+00 0.000000000000000000e+00
1.675000000000000000e+03 6.699838425902382433e-02 0.000000000000000000e+00 1.000000000000000000e+00 0.000000000000000000e+00 0.000000000000000000e+00 0.000000000000000000e+00
1.700000000000000000e+03 6.799836014348681346e-02 0.000000000000000000e+00 1.000000000000000000e+00 0.000000000000000000e+00 0.000000000000000000e+00 0.000000000000000000e+00
1.725000000000000000e+03 6.899833602795002463e-02 0.000000000000000000e+00 1.000000000000000000e+00 0.000000000000000000e+00 0.000000000000000000e+00 0.000000000000000000e+00
1.750000000000000000e+03 6.999831191241301376e-02 0.000000000000000000e+00 1.000000000000000000e+00 0.000000000000000000e+00 0.000000000000000000e+00 0.000000000000000000e+00
1.775000000000000000e+03 7.099828779687600289e-02 0.000000000000000000e+00 1.000000000000000000e+00 0.000000000000000000e+00 0.000000000000000000e+00 0.000000000000000000e+00
1.800000000000000000e+03 7.199826368133899201e-02 0.000000000000000000e+00 1.000000000000000000e+00 0.000000000000000000e+00 0.000000000000000000e+00 0.000000000000000000e+00
1.825000000000000000e+03 7.299823956580220319e-02 0.000000000000000000e+00 1.000000000000000000e+00 0.000000000000000000e+00 0.000000000000000000e+00 0.000000000000000000e+00
1.850000000000000000e+03 7.399821545026519232e-02 0.000000000000000000e+00 1.000000000000000000e+00 0.000000000000000000e+00 0.000000000000000000e+00 0.000000000000000000e+00
1.875000000000000000e+03 7.499819133472818145e-02 0.000000000000000000e+00 1.000000000000000000e+00 0.000000000000000000e+00 0.000000000000000000e+00 0.000000000000000000e+00
1.900000000000000000e+03 7.599816721919117057e-02 4.551661356395084266e-04 9.995448338643604380e-01 0.000000000000000000e+00 0.000000000000000000e+00 0.000000000000000000e+00
1.925000000000000000e+03 7.699814310365415970e-02 0.000000000000000000e+00 1.000000000000000000e+00 0.000000000000000000e+00 0.000000000000000000e+00 0.000000000000000000e+00
1.950000000000000000e+03 7.799811898811737088e-02 5.689576695493854790e-04 9.994310423304506585e-01 0.000000000000000000e+00 0.000000000000000000e+00 0.000000000000000000e+00
1.975000000000000000e+03 7.899809487258036000e-02 0.000000000000000000e+00 1.000000000000000000e+00 0.000000000000000000e+00 0.000000000000000000e+00 0.000000000000000000e+00
2.000000000000000000e+03 7.999807075704334913e-02 0.000000000000000000e+00 1.000000000000000000e+00 0.000000000000000000e+00 0.000000000000000000e+00 0.000000000000000000e+00
2.025000000000000000e+03 8.099804664150633826e-02 0.000000000000000000e+00 1.000000000000000000e+00 0.000000000000000000e+00 0.000000000000000000e+00 0.000000000000000000e+00
2.050000000000000000e+03 8.199802252596954943e-02 4.551661356395084266e-04 9.995448338643604380e-01 0.000000000000000000e+00 0.000000000000000000e+00 0.000000000000000000e+00
2.075000000000000000e+03 8.299799841043253856e-02 3.413746017296313199e-04 9.996586253982703285e-01 0.000000000000000000e+00 0.000000000000000000e+00 0.000000000000000000e+00
2.100000000000000000e+03 8.399797429489552769e-02 1.137915339098771066e-04 9.997724169321802190e-01 0.000000000000000000e+00 1.137915339098771066e-04 0.000000000000000000e+00
2.125000000000000000e+03 8.499795017935851682e-02 1.137915339098770958e-03 9.988620846609012061e-01 0.000000000000000000e+00 0.000000000000000000e+00 0.000000000000000000e+00
2.150000000000000000e+03 8.599792606382172799e-02 3.413746017296313199e-04 9.996586253982703285e-01 0.000000000000000000e+00 0.000000000000000000e+00 0.000000000000000000e+00
2.175000000000000000e+03 8.699790194828471712e-02 1.251706873008648227e-03 9.987482931269913156e-01 0.000000000000000000e+00 0.000000000000000000e+00 0.000000000000000000e+00
2.200000000000000000e+03 8.799787783274770625e-02 1.251706873008648227e-03 9.987482931269913156e-01 0.000000000000000000e+00 0.000000000000000000e+00 0.000000000000000000e+00
2.225000000000000000e+03 8.899785371721069538e-02 1.251706873008648227e-03 9.985207100591716456e-01 0.000000000000000000e+00 2.275830678197542133e-04 0.000000000000000000e+00
2.250000000000000000e+03 8.999782960167390655e-02 1.365498406918525280e-03 9.985207100591716456e-01 0.000000000000000000e+00 1.137915339098771066e-04 0.000000000000000000e+00
2.275000000000000000e+03 9.099780548613689568e-02 2.275830678197542133e-04 9.997724169321802190e-01 0.000000000000000000e+00 0.000000000000000000e+00 0.000000000000000000e+00
2.300000000000000000e+03 9.199778137059988481e-02 1.593081474738279385e-03 9.984069185252617551e-01 0.000000000000000000e+00 0.000000000000000000e+00 0.000000000000000000e+00
2.325000000000000000e+03 9.299775725506287394e-02 5.689576695493854790e-04 9.994310423304506585e-01 0.000000000000000000e+00 0.000000000000000000e+00 0.000000000000000000e+00
2.350000000000000000e+03 9.399773313952608511e-02 3.413746017296313199e-04 9.996586253982703285e-01 0.000000000000000000e+00 0.000000000000000000e+00 0.000000000000000000e+00
2.375000000000000000e+03 9.499770902398907424e-02 1.593081474738279385e-03 9.980655439235320836e-01 0.000000000000000000e+00 3.413746017296313199e-04 0.000000000000000000e+00
2.400000000000000000e+03 9.599768490845206337e-02 2.389622212107419402e-03 9.974965862539827421e-01 0.000000000000000000e+00 1.137915339098771066e-04 0.000000000000000000e+00
2.425000000000000000e+03 9.699766079291505250e-02 2.958579881656804664e-03 9.968138370505233992e-01 0.000000000000000000e+00 2.275830678197542133e-04 0.000000000000000000e+00
2.450000000000000000e+03 9.799763667737826367e-02 3.186162949476558769e-03 9.968138370505233992e-01 0.000000000000000000e+00 0.000000000000000000e+00 0.000000000000000000e+00
2.475000000000000000e+03 9.899761256184125280e-02 2.617205279927173507e-03 9.972690031861629611e-01 0.000000000000000000e+00 1.137915339098771066e-04 0.000000000000000000e+00
2.500000000000000000e+03 9.999758844630424193e-02 2.730996813837050560e-03 9.970414201183431802e-01 0.000000000000000000e+00 2.275830678197542133e-04 0.000000000000000000e+00
2.525000000000000000e+03 1.009975643307672311e-01 2.617205279927173507e-03 9.970414201183431802e-01 0.000000000000000000e+00 3.413746017296313199e-04 0.000000000000000000e+00
2.550000000000000000e+03 1.019975402152302202e-01 1.934456076467910759e-03 9.980655439235320836e-01 0.000000000000000000e+00 0.000000000000000000e+00 0.000000000000000000e+00
2.575000000000000000e+03 1.029975160996934314e-01 2.730996813837050560e-03 9.970414201183431802e-01 0.000000000000000000e+00 2.275830678197542133e-04 0.000000000000000000e+00
2.600000000000000000e+03 1.039974919841564205e-01 3.527537551206190360e-03 9.962448793809740577e-01 0.000000000000000000e+00 2.275830678197542133e-04 0.000000000000000000e+00
2.625000000000000000e+03 1.049974678686194096e-01 5.234410559854347014e-03 9.947655894401457033e-01 0.000000000000000000e+00 0.000000000000000000e+00 0.000000000000000000e+00
2.650000000000000000e+03 1.059974437530823987e-01 2.162039144287664864e-03 9.977241693218024121e-01 0.000000000000000000e+00 1.137915339098771066e-04 0.000000000000000000e+00
2.675000000000000000e+03 1.069974196375456099e-01 7.168866636322257339e-03 9.927173418297678964e-01 0.000000000000000000e+00 1.137915339098771066e-04 0.000000000000000000e+00
2.700000000000000000e+03 1.079973955220085990e-01 5.234410559854347014e-03 9.945380063723259223e-01 0.000000000000000000e+00 2.275830678197542133e-04 0.000000000000000000e+00
2.725000000000000000e+03 1.089973714064715882e-01 8.534365043240782836e-03 9.902139280837505275e-01 0.000000000000000000e+00 1.251706873008648227e-03 0.000000000000000000e+00
2.750000000000000000e+03 1.099973472909345773e-01 9.330905780609922637e-03 9.902139280837505275e-01 0.000000000000000000e+00 4.551661356395084266e-04 0.000000000000000000e+00
2.775000000000000000e+03 1.109973231753977885e-01 9.672280382339554228e-03 9.899863450159308575e-01 0.000000000000000000e+00 3.413746017296313199e-04 0.000000000000000000e+00
2.800000000000000000e+03 1.119972990598607776e-01 8.761948111060537808e-03 9.908966772872098705e-01 0.000000000000000000e+00 3.413746017296313199e-04 0.000000000000000000e+00
2.825000000000000000e+03 1.129972749443237667e-01 1.331360946745562164e-02 9.850933090578061213e-01 0.000000000000000000e+00 1.593081474738279385e-03 0.000000000000000000e+00
2.850000000000000000e+03 1.139972508287867559e-01 1.285844333181611343e-02 9.858898497951752438e-01 0.000000000000000000e+00 1.251706873008648227e-03 0.000000000000000000e+00
2.875000000000000000e+03 1.149972267132499670e-01 1.832043695949021542e-02 9.798588984979517136e-01 0.000000000000000000e+00 1.820664542558033706e-03 0.000000000000000000e+00
2.900000000000000000e+03 1.159972025977129562e-01 2.435138825671370050e-02 9.708693673190714746e-01 0.000000000000000000e+00 4.779244424214838804e-03 0.000000000000000000e+00
2.925000000000000000e+03 1.169971784821759453e-01 2.787892580791988956e-02 9.654073736913973969e-01 0.000000000000000000e+00 6.713700500682749130e-03 0.000000000000000000e+00
2.950000000000000000e+03 1.179971543666389344e-01 4.654073736913973830e-02 9.379836140191170069e-01 0.000000000000000000e+00 1.547564861174328607e-02 0.000000000000000000e+00
2.975000000000000000e+03 1.189971302511021456e-01 7.214383249886208160e-02 8.840464269458352398e-01 0.000000000000000000e+00 4.380974055530268557e-02 0.000000000000000000e+00
3.000000000000000000e+03 1.199971061355651347e-01 1.219845243513882627e-01 7.562585343650432002e-01 0.000000000000000000e+00 1.217569412835685094e-01 0.000000000000000000e+00
3.025000000000000000e+03 1.209970820200281238e-01 1.820664542558033672e-01 5.752162039144287364e-01 0.000000000000000000e+00 2.427173418297678686e-01 0.000000000000000000e+00
3.050000000000000000e+03 1.219970579044911130e-01 2.730996813837050508e-01 3.517296313154301135e-01 0.000000000000000000e+00 3.751706873008648357e-01 0.000000000000000000e+00
3.075000000000000000e+03 1.229970337889543242e-01 3.462676376877560358e-01 2.055075102412380617e-01 0.000000000000000000e+00 4.482248520710059303e-01 0.000000000000000000e+00
3.100000000000000000e+03 1.239970096734173133e-01 3.758534365043240677e-01 1.475876194811105990e-01 1.137915339098771066e-04 4.764451524806554428e-01 0.000000000000000000e+00
3.125000000000000000e+03 1.249969855578803024e-01 3.691397360036413056e-01 1.583978152025489194e-01 1.137915339098771066e-04 4.723486572598998845e-01 0.000000000000000000e+00
3.150000000000000000e+03 1.259969614423432915e-01 3.420573509330905870e-01 2.152935821574874786e-01 0.000000000000000000e+00 4.426490669094219621e-01 0.000000000000000000e+00
3.175000000000000000e+03 1.269969373268062807e-01 3.430814747382794905e-01 2.459035047792444140e-01 1.137915339098771066e-04 4.109012289485662328e-01 0.000000000000000000e+00
3.200000000000000000e+03 1.279969132112694918e-01 3.554847519344560558e-01 2.413518434228493492e-01 3.413746017296313199e-04 4.028220300409649512e-01 0.000000000000000000e+00
3.225000000000000000e+03 1.289968890957324810e-01 3.722121074192080159e-01 2.056213017751479244e-01 1.820664542558033706e-03 4.203459262630860338e-01 0.000000000000000000e+00
3.250000000000000000e+03 1.299968649801954701e-01 3.913290851160673434e-01 1.635184342284934089e-01 2.503413746017296455e-03 4.426490669094219621e-01 0.000000000000000000e+00
3.275000000000000000e+03 1.309968408646584592e-01 3.895084205735093175e-01 1.581702321347291662e-01 3.755120619025944465e-03 4.485662266727355463e-01 0.000000000000000000e+00
3.300000000000000000e+03 1.319968167491216704e-01 3.735776058261265353e-01 1.580564406008193035e-01 6.827492034592626616e-03 4.615384615384615641e-01 0.000000000000000000e+00
3.325000000000000000e+03 1.329967926335846595e-01 3.788120163859808875e-01 1.469048702776513393e-01 1.115157032316795548e-02 4.631315430131998090e-01 0.000000000000000000e+00
3.350000000000000000e+03 1.339967685180476487e-01 3.783568502503413811e-01 1.375739644970414288e-01 1.854802002730996865e-02 4.655211652253072319e-01 0.000000000000000000e+00
3.375000000000000000e+03 1.349967444025106378e-01 3.815430131998179264e-01 1.447428311333636697e-01 3.334091943559399501e-02 4.403732362312243742e-01 0.000000000000000000e+00
3.400000000000000000e+03 1.359967202869738490e-01 3.769913518434228616e-01 1.616977696859353553e-01 5.439235320892125969e-02 4.069185252617205095e-01 0.000000000000000000e+00
3.425000000000000000e+03 1.369966961714368381e-01 3.731224396904870289e-01 1.767182521620391522e-01 7.168866636322257513e-02 3.784706417842512716e-01 0.000000000000000000e+00
3.450000000000000000e+03 1.379966720558998272e-01 3.727810650887574129e-01 1.989076012744651900e-01 9.194355939918069653e-02 3.363677742375967283e-01 0.000000000000000000e+00
3.475000000000000000e+03 1.389966479403628163e-01 3.971324533454710926e-01 1.986800182066454368e-01 1.018434228493400040e-01 3.023441055985434667e-01 0.000000000000000000e+00
3.500000000000000000e+03 1.399966238248260275e-01 4.068047337278106745e-01 2.014110150204824756e-01 1.066226672735548497e-01 2.851615839781520001e-01 0.000000000000000000e+00
3.525000000000000000e+03 1.409965997092890166e-01 4.045289030496130867e-01 2.092626308602640040e-01 1.149294492489758707e-01 2.712790168411470249e-01 0.000000000000000000e+00
3.550000000000000000e+03 1.419965755937520058e-01 4.179563040509786109e-01 2.162039144287664916e-01 1.177742375967228000e-01 2.480655439235320836e-01 0.000000000000000000e+00
3.575000000000000000e+03 1.429965514782149949e-01 4.082840236686390289e-01 2.263313609467455523e-01 1.265361857077833274e-01 2.388484296768320359e-01 0.000000000000000000e+00
3.600000000000000000e+03 1.439965273626782061e-01 4.047564861174328676e-01 2.328174783796085612e-01 1.304050978607191602e-01 2.320209376422394110e-01 0.000000000000000000e+00
3.625000000000000000e+03 1.449965032471411952e-01 3.967910787437414766e-01 2.314519799726900418e-01 1.414428766499772339e-01 2.303140646335912478e-01 0.000000000000000000e+00
3.650000000000000000e+03 1.459964791316041843e-01 4.039599453800637452e-01 2.391898042785616796e-01 1.453117888029130667e-01 2.115384615384615363e-01 0.000000000000000000e+00
3.675000000000000000e+03 1.469964550160671735e-01 4.102184797451069453e-01 2.380518889394629134e-01 1.490669094219390090e-01 2.026627218934911323e-01 0.000000000000000000e+00
3.700000000000000000e+03 1.479964309005303846e-01 4.097633136094674389e-01 2.488620846609012338e-01 1.488393263541192557e-01 1.925352753755120716e-01 0.000000000000000000e+00
3.725000000000000000e+03 1.489964067849933738e-01 4.101046882111971104e-01 2.506827492034592875e-01 1.469048702776513393e-01 1.923076923076923184e-01 0.000000000000000000e+00
3.750000000000000000e+03 1.499963826694563629e-01 4.045289030496130867e-01 2.598998634501593075e-01 1.556668183887118806e-01 1.799044151115156975e-01 0.000000000000000000e+00
3.775000000000000000e+03 1.509963585539193520e-01 4.123805188893946427e-01 2.572826581702321591e-01 1.555530268548019901e-01 1.747837960855712358e-01 0.000000000000000000e+00
3.800000000000000000e+03 1.519963344383823411e-01 4.016841147018661573e-01 2.716203914428766408e-01 1.631770596267637652e-01 1.635184342284934089e-01 0.000000000000000000e+00
3.825000000000000000e+03 1.529963103228455523e-01 4.152253072371415721e-01 2.727583067819754348e-01 1.596495220755575761e-01 1.523668639053254448e-01 0.000000000000000000e+00
3.850000000000000000e+03 1.539962862073085414e-01 4.063495675921711681e-01 2.828857532999544677e-01 1.681838871187983642e-01 1.425807919890760000e-01 0.000000000000000000e+00
3.875000000000000000e+03 1.549962620917715306e-01 4.060081929904414966e-01 2.876649977241693135e-01 1.751251706873008518e-01 1.312016385980883104e-01 0.000000000000000000e+00
3.900000000000000000e+03 1.559962379762345197e-01 3.980427856167501055e-01 2.966545289030496080e-01 1.828629949931725174e-01 1.224396904870277691e-01 0.000000000000000000e+00
3.925000000000000000e+03 1.569962138606977309e-01 3.928083750568957533e-01 2.971096950386891145e-01 1.890077378243058825e-01 1.210741920801092358e-01 0.000000000000000000e+00
3.950000000000000000e+03 1.579961897451607200e-01 3.997496586253982964e-01 2.961993627674101015e-01 1.926490669094219343e-01 1.114019116977696816e-01 0.000000000000000000e+00
3.975000000000000000e+03 1.589961656296237091e-01 4.064633591260810030e-01 2.915339098771051463e-01 1.920801092398725651e-01 1.099226217569412856e-01 0.000000000000000000e+00
4.000000000000000000e+03 1.599961415140866983e-01 4.030496131087847322e-01 2.931269913518434467e-01 1.944697314519799602e-01 1.093536640873919025e-01 0.000000000000000000e+00
4.025000000000000000e+03 1.609961173985499094e-01 3.975876194811105990e-01 2.943786982248520756e-01 1.921939007737824279e-01 1.158397815202548975e-01 0.000000000000000000e+00
4.050000000000000000e+03 1.619960932830128986e-01 4.012289485662266508e-01 2.974510696404187304e-01 1.954938552571688637e-01 1.058261265361857134e-01 0.000000000000000000e+00
4.075000000000000000e+03 1.629960691674758877e-01 4.046426945835229771e-01 2.905097860719162428e-01 1.928766499772416876e-01 1.119708693673190647e-01 0.000000000000000000e+00
4.100000000000000000e+03 1.639960450519388768e-01 4.078288575329995225e-01 2.870960400546199165e-01 1.932180245789713313e-01 1.118570778334091881e-01 0.000000000000000000e+00
4.125000000000000000e+03 1.649960209364020880e-01 4.113563950842057393e-01 2.927856167501137752e-01 1.961766044606281234e-01 9.968138370505234824e-02 0.000000000000000000e+00
4.150000000000000000e+03 1.659959968208650771e-01 4.087391898042785354e-01 2.940373236231224596e-01 1.964041875284478766e-01 1.008192990441511144e-01 0.000000000000000000e+00
4.175000000000000000e+03 1.669959727053280663e-01 4.152253072371415721e-01 2.901684114701866268e-01 1.940145653163404538e-01 1.005917159763313612e-01 0.000000000000000000e+00
4.200000000000000000e+03 1.679959485897910554e-01 4.135184342284933812e-01 2.923304506144742687e-01 1.990213928083750528e-01 9.512972234865725574e-02 0.000000000000000000e+00
4.225000000000000000e+03 1.689959244742542666e-01 4.071461083295402905e-01 2.936959490213927881e-01 2.022075557578516258e-01 9.695038689121529552e-02 0.000000000000000000e+00
4.250000000000000000e+03 1.699959003587172557e-01 4.154528903049612976e-01 2.952890304961310886e-01 2.005006827492034627e-01 8.875739644970413733e-02 0.000000000000000000e+00
4.275000000000000000e+03 1.709958762431802448e-01 4.074874829312699065e-01 2.965407373691397175e-01 2.020937642239417353e-01 9.387801547564861293e-02 0.000000000000000000e+00
4.300000000000000000e+03 1.719958521276432339e-01 4.215976331360946627e-01 2.919890760127446527e-01 1.984524351388256835e-01 8.796085571233500100e-02 0.000000000000000000e+00
4.325000000000000000e+03 1.729958280121064451e-01 4.052116522530723741e-01 2.982476103777879084e-01 2.019799726900318726e-01 9.456076467910787264e-02 0.000000000000000000e+00
4.350000000000000000e+03 1.739958038965694342e-01 4.120391442876649712e-01 2.941511151570322946e-01 2.016385980883022289e-01 9.217114246700044977e-02 0.000000000000000000e+00
4.375000000000000000e+03 1.749957797810324234e-01 4.167045971779699820e-01 2.932407828857532817e-01 1.998179335457442030e-01 9.023668639053254725e-02 0.000000000000000000e+00
4.400000000000000000e+03 1.759957556654954125e-01 4.229631315430131822e-01 2.915339098771051463e-01 2.009558488848429691e-01 8.454710969503868856e-02 0.000000000000000000e+00
4.425000000000000000e+03 1.769957315499584016e-01 4.254665452890304955e-01 2.902822030040965173e-01 1.964041875284478766e-01 8.784706417842512438e-02 0.000000000000000000e+00
4.450000000000000000e+03 1.779957074344216128e-01 4.217114246700045532e-01 2.884615384615384359e-01 1.998179335457442030e-01 9.000910332271279402e-02 0.000000000000000000e+00
4.475000000000000000e+03 1.789956833188846019e-01 4.203459262630860338e-01 2.873236231224396975e-01 1.997041420118343125e-01 9.262630860263997012e-02 0.000000000000000000e+00
4.500000000000000000e+03 1.799956592033475911e-01 4.268320436959490149e-01 2.843650432407828776e-01 1.964041875284478766e-01 9.239872553482020301e-02 0.000000000000000000e+00
4.525000000000000000e+03 1.809956350878105802e-01 4.297906235776058348e-01 2.840236686390532617e-01 1.985662266727355463e-01 8.761948111060537114e-02 0.000000000000000000e+00
4.550000000000000000e+03 1.819956109722737914e-01 4.229631315430131822e-01 2.873236231224396975e-01 2.014110150204824756e-01 8.830223031406463086e-02 0.000000000000000000e+00
4.575000000000000000e+03 1.829955868567367805e-01 4.320664542558033672e-01 2.882339553937187104e-01 1.969731451979972736e-01 8.272644515248064878e-02 0.000000000000000000e+00
4.600000000000000000e+03 1.839955627411997696e-01 4.336595357305416676e-01 2.893718707328175044e-01 1.949248975876194945e-01 8.204369594902138907e-02 0.000000000000000000e+00
4.625000000000000000e+03 1.849955386256627587e-01 4.347974510696404060e-01 2.862994993172507940e-01 1.935593991807009473e-01 8.534365043240782489e-02 0.000000000000000000e+00
4.650000000000000000e+03 1.859955145101259699e-01 4.337733272644515026e-01 2.849340009103322746e-01 1.972007282658170269e-01 8.409194355939918208e-02 0.000000000000000000e+00
4.675000000000000000e+03 1.869954903945889590e-01 4.374146563495676099e-01 2.857305416477013971e-01 1.950386891215293572e-01 8.181611288120163583e-02 0.000000000000000000e+00
4.700000000000000000e+03 1.879954662790519482e-01 4.388939462903960198e-01 2.867546654528903005e-01 1.956076467910787542e-01 7.874374146563495325e-02 0.000000000000000000e+00
4.725000000000000000e+03 1.889954421635149373e-01 4.457214383249886169e-01 2.843650432407828776e-01 1.924214838416021811e-01 7.749203459262631044e-02 0.000000000000000000e+00
4.750000000000000000e+03 1.899954180479781485e-01 4.458352298588985074e-01 2.840236686390532617e-01 1.910559854346836617e-01 7.908511606736458310e-02 0.000000000000000000e+00
4.775000000000000000e+03 1.909953939324411376e-01 4.462903959945380139e-01 2.876649977241693135e-01 1.896904870277651423e-01 7.635411925352754425e-02 0.000000000000000000e+00
4.800000000000000000e+03 1.919953698169041267e-01 4.439007737824305910e-01 2.894856622667273394e-01 1.918525261720528119e-01 7.476103777878925771e-02 0.000000000000000000e+00
4.825000000000000000e+03 1.929953457013671159e-01 4.460628129267182329e-01 2.885753299954483264e-01 1.961766044606281234e-01 6.918525261720527564e-02 0.000000000000000000e+00
4.850000000000000000e+03 1.939953215858303270e-01 4.475421028675466428e-01 2.874374146563495880e-01 1.979972690031861493e-01 6.702321347291761988e-02 0.000000000000000000e+00
4.875000000000000000e+03 1.949952974702933162e-01 4.518661811561219821e-01 2.845926263086026586e-01 1.976558944014565333e-01 6.588529813381883982e-02 0.000000000000000000e+00
4.900000000000000000e+03 1.959952733547563053e-01 4.533454710969503920e-01 2.822030040964952358e-01 1.953800637232590010e-01 6.907146108329539902e-02 0.000000000000000000e+00
4.925000000000000000e+03 1.969952492392192944e-01 4.549385525716886924e-01 2.824305871643149612e-01 1.945835229858898507e-01 6.804733727810650945e-02 0.000000000000000000e+00
4.950000000000000000e+03 1.979952251236825056e-01 4.618798361401911801e-01 2.784478834774692935e-01 1.908284023668639084e-01 6.884387801547564578e-02 0.000000000000000000e+00
4.975000000000000000e+03 1.989952010081454947e-01 4.605143377332726606e-01 2.775375512061902805e-01 1.926490669094219343e-01 6.929904415111515226e-02 0.000000000000000000e+00
5.000000000000000000e+03 1.999951768926084839e-01 4.651797906235776159e-01 2.746927628584433512e-01 1.916249431042330587e-01 6.850250341374601593e-02 0.000000000000000000e+00
5.025000000000000000e+03 2.009951527770714730e-01 4.644970414201183284e-01 2.794720072826581969e-01 1.893491124260354985e-01 6.668183887118799003e-02 0.000000000000000000e+00
5.050000000000000000e+03 2.019951286615344621e-01 4.679107874374146547e-01 2.783340919435594030e-01 1.915111515703231682e-01 6.213017751479289752e-02 1.137915339098771066e-04
5.075000000000000000e+03 2.029951045459976733e-01 4.680245789713245452e-01 2.777651342740100060e-01 1.920801092398725651e-01 6.213017751479289752e-02 0.000000000000000000e+00
5.100000000000000000e+03 2.039950804304606624e-01 4.700728265817022966e-01 2.777651342740100060e-01 1.861629494765589532e-01 6.599908966772871644e-02 0.000000000000000000e+00
5.125000000000000000e+03 2.049950563149236515e-01 4.654073736913973414e-01 2.833409194355939742e-01 1.862767410104688159e-01 6.486117432862995025e-02 1.137915339098771066e-04
5.150000000000000000e+03 2.059950321993866407e-01 4.656349567592171224e-01 2.881201638598088199e-01 1.903732362312244020e-01 5.587164314974965573e-02 0.000000000000000000e+00
5.175000000000000000e+03 2.069950080838498518e-01 4.614246700045516736e-01 2.916477014110150368e-01 1.901456531634046487e-01 5.678197542102867562e-02 0.000000000000000000e+00
5.200000000000000000e+03 2.079949839683128410e-01 4.615384615384615641e-01 2.952890304961310886e-01 1.888939462903959920e-01 5.427856167501137613e-02 0.000000000000000000e+00
5.225000000000000000e+03 2.089949598527758301e-01 4.627901684114701930e-01 2.964269458352298825e-01 1.880974055530268418e-01 5.268548020027309653e-02 0.000000000000000000e+00
5.250000000000000000e+03 2.099949357372388192e-01 4.630177514792899185e-01 2.938097405553026786e-01 1.883249886208466228e-01 5.484751934456076616e-02 0.000000000000000000e+00
5.275000000000000000e+03 2.109949116217020304e-01 4.632453345471096995e-01 2.924442421483841592e-01 1.873008648156577194e-01 5.700955848884842886e-02 0.000000000000000000e+00
5.300000000000000000e+03 2.119948875061650195e-01 4.649522075557578349e-01 2.928994082840236657e-01 1.869594902139280757e-01 5.518889394629039602e-02 0.000000000000000000e+00
5.325000000000000000e+03 2.129948633906280087e-01 4.617660446062812896e-01 2.934683659535730627e-01 1.834319526627218866e-01 6.133363677742376119e-02 0.000000000000000000e+00
5.350000000000000000e+03 2.139948392750909978e-01 4.632453345471096995e-01 2.954028220300409791e-01 1.828629949931725174e-01 5.848884842967683184e-02 0.000000000000000000e+00
5.375000000000000000e+03 2.149948151595542090e-01 4.659763313609467383e-01 2.952890304961310886e-01 1.786527082385070686e-01 6.008192990441511144e-02 0.000000000000000000e+00
5.400000000000000000e+03 2.159947910440171981e-01 4.618798361401911801e-01 2.934683659535730627e-01 1.809285389167046010e-01 6.372325898953118406e-02 0.000000000000000000e+00
5.425000000000000000e+03 2.169947669284801872e-01 4.606281292671824956e-01 2.974510696404187304e-01 1.808147473827947105e-01 6.110605370960400795e-02 0.000000000000000000e+00
5.450000000000000000e+03 2.179947428129431763e-01 4.630177514792899185e-01 2.951752389622211981e-01 1.814974965862539702e-01 6.030951297223486468e-02 0.000000000000000000e+00
5.475000000000000000e+03 2.189947186974063875e-01 4.688211197086936677e-01 2.951752389622211981e-01 1.792216659080564378e-01 5.678197542102867562e-02 0.000000000000000000e+00
5.500000000000000000e+03 2.199946945818693766e-01 4.746244879380974169e-01 2.930131998179335562e-01 1.785389167045971781e-01 5.382339553937186966e-02 0.000000000000000000e+00
5.525000000000000000e+03 2.209946704663323658e-01 4.670004551661356418e-01 2.971096950386891145e-01 1.847974510696404060e-01 5.109239872553481693e-02 0.000000000000000000e+00
5.550000000000000000e+03 2.219946463507953549e-01 4.798588984979517691e-01 2.959717796995903760e-01 1.777423759672280279e-01 4.642694583522986168e-02 0.000000000000000000e+00
5.575000000000000000e+03 2.229946222352585661e-01 4.754210286754665393e-01 2.977924442421484019e-01 1.795630405097860816e-01 4.722348657259899801e-02 0.000000000000000000e+00
5.600000000000000000e+03 2.239945981197215552e-01 4.795175238962220976e-01 2.980200273099681274e-01 1.781975421028675344e-01 4.426490669094219205e-02 0.000000000000000000e+00
5.625000000000000000e+03 2.249945740041845443e-01 4.855484751934456278e-01 2.949476558944014726e-01 1.811561219845243542e-01 3.834774692762858705e-02 0.000000000000000000e+00
5.650000000000000000e+03 2.259945498886475335e-01 4.840691852526172179e-01 2.954028220300409791e-01 1.797906235776058348e-01 4.073736913973600299e-02 0.000000000000000000e+00
5.675000000000000000e+03 2.269945257731105226e-01 4.838416021847974369e-01 2.930131998179335562e-01 1.821802457897132577e-01 4.096495220755575623e-02 0.000000000000000000e+00
