# itime ezz other fcc hcp bcc ico
0.000000000000000000e+00 0.000000000000000000e+00 0.000000000000000000e+00 1.000000000000000000e+00 0.000000000000000000e+00 0.000000000000000000e+00 0.000000000000000000e+00
2.500000000000000000e+01 9.999759300685084895e-04 0.000000000000000000e+00 1.000000000000000000e+00 0.000000000000000000e+00 0.000000000000000000e+00 0.000000000000000000e+00
5.000000000000000000e+01 1.999951860137016979e-03 0.000000000000000000e+00 1.000000000000000000e+00 0.000000000000000000e+00 0.000000000000000000e+00 0.000000000000000000e+00
7.500000000000000000e+01 2.999927790205747513e-03 0.000000000000000000e+00 1.000000000000000000e+00 0.000000000000000000e+00 0.000000000000000000e+00 0.000000000000000000e+00
1.000000000000000000e+02 3.999903720274256003e-03 0.000000000000000000e+00 1.000000000000000000e+00 0.000000000000000000e+00 0.000000000000000000e+00 0.000000000000000000e+00
1.250000000000000000e+02 4.999879650342764492e-03 0.000000000000000000e+00 1.000000000000000000e+00 0.000000000000000000e+00 0.000000000000000000e+00 0.000000000000000000e+00
1.500000000000000000e+02 5.999855580411272982e-03 0.000000000000000000e+00 1.000000000000000000e+00 0.000000000000000000e+00 0.000000000000000000e+00 0.000000000000000000e+00
1.750000000000000000e+02 6.999831510480003516e-03 0.000000000000000000e+00 1.000000000000000000e+00 0.000000000000000000e+00 0.000000000000000000e+00 0.000000000000000000e+00
2.000000000000000000e+02 7.999807440548512005e-03 0.000000000000000000e+00 1.000000000000000000e+00 0.000000000000000000e+00 0.000000000000000000e+00 0.000000000000000000e+00
2.250000000000000000e+02 8.999783370617020495e-03 0.000000000000000000e+00 1.000000000000000000e+00 0.000000000000000000e+00 0.000000000000000000e+00 0.000000000000000000e+00
2.500000000000000000e+02 9.999759300685528984e-03 0.000000000000000000e+00 1.000000000000000000e+00 0.000000000000000000e+00 0.000000000000000000e+00 0.000000000000000000e+00
2.750000000000000000e+02 1.099973523075425952e-02 0.000000000000000000e+00 1.000000000000000000e+00 0.000000000000000000e+00 0.000000000000000000e+00 0.000000000000000000e+00
3.000000000000000000e+02 1.199971116082276801e-02 0.000000000000000000e+00 1.000000000000000000e+00 0.000000000000000000e+00 0.000000000000000000e+00 0.000000000000000000e+00
3.250000000000000000e+02 1.299968709089127650e-02 0.000000000000000000e+00 1.000000000000000000e+00 0.000000000000000000e+00 0.000000000000000000e+00 0.000000000000000000e+00
3.500000000000000000e+02 1.399966302095978499e-02 0.000000000000000000e+00 1.000000000000000000e+00 0.000000000000000000e+00 0.000000000000000000e+00 0.000000000000000000e+00
3.750000000000000000e+02 1.499963895102829348e-02 0.000000000000000000e+00 1.000000000000000000e+00 0.000000000000000000e+00 0.000000000000000000e+00 0.000000000000000000e+00
4.000000000000000000e+02 1.599961488109702401e-02 0.000000000000000000e+00 1.000000000000000000e+00 0.000000000000000000e+00 0.000000000000000000e+00 0.000000000000000000e+00
4.250000000000000000e+02 1.699959081116553250e-02 0.000000000000000000e+00 1.000000000000000000e+00 0.000000000000000000e+00 0.000000000000000000e+00 0.000000000000000000e+00
4.500000000000000000e+02 1.799956674123404099e-02 0.000000000000000000e+00 1.000000000000000000e+00 0.000000000000000000e+00 0.000000000000000000e+00 0.000000000000000000e+00
4.750000000000000000e+02 1.899954267130254948e-02 0.000000000000000000e+00 1.000000000000000000e+00 0.000000000000000000e+00 0.000000000000000000e+00 0.000000000000000000e+00
5.000000000000000000e+02 1.999951860137128001e-02 0.000000000000000000e+00 1.000000000000000000e+00 0.000000000000000000e+00 0.000000000000000000e+00 0.000000000000000000e+00
5.250000000000000000e+02 2.099949453143978850e-02 0.000000000000000000e+00 1.000000000000000000e+00 0.000000000000000000e+00 0.000000000000000000e+00 0.000000000000000000e+00
5.500000000000000000e+02 2.199947046150829699e-02 0.000000000000000000e+00 1.000000000000000000e+00 0.000000000000000000e+00 0.000000000000000000e+00 0.000000000000000000e+00
5.750000000000000000e+02 2.299944639157680548e-02 0.000000000000000000e+00 1.000000000000000000e+00 0.000000000000000000e+00 0.000000000000000000e+00 0.000000000000000000e+00
6.000000000000000000e+02 2.399942232164553602e-02 0.000000000000000000e+00 1.000000000000000000e+00 0.000000000000000000e+00 0.000000000000000000e+00 0.000000000000000000e+00
6.250000000000000000e+02 2.499939825171404451e-02 0.000000000000000000e+00 1.000000000000000000e+00 0.000000000000000000e+00 0.000000000000000000e+00 0.000000000000000000e+00
6.500000000000000000e+02 2.599937418178255299e-02 0.000000000000000000e+00 1.000000000000000000e+00 0.000000000000000000e+00 0.000000000000000000e+00 0.000000000000000000e+00
6.750000000000000000e+02 2.699935011185106148e-02 0.000000000000000000e+00 1.000000000000000000e+00 0.000000000000000000e+00 0.000000000000000000e+00 0.000000000000000000e+00
7.000000000000000000e+02 2.799932604191956997e-02 0.000000000000000000e+00 1.000000000000000000e+00 0.000000000000000000e+00 0.000000000000000000e+00 0.000000000000000000e+00
7.250000000000000000e+02 2.899930197198830051e-02 0.000000000000000000e+00 1.000000000000000000e+00 0.000000000000000000e+00 0.000000000000000000e+00 0.000000000000000000e+00
7.500000000000000000e+02 2.999927790205680900e-02 0.000000000000000000e+00 1.000000000000000000e+00 0.000000000000000000e+00 0.000000000000000000e+00 0.000000000000000000e+00
7.750000000000000000e+02 3.099925383212531749e-02 0.000000000000000000e+00 1.000000000000000000e+00 0.000000000000000000e+00 0.000000000000000000e+00 0.000000000000000000e+00
8.000000000000000000e+02 3.199922976219382598e-02 0.000000000000000000e+00 1.000000000000000000e+00 0.000000000000000000e+00 0.000000000000000000e+00 0.000000000000000000e+00
8.250000000000000000e+02 3.299920569226255651e-02 0.000000000000000000e+00 1.000000000000000000e+00 0.000000000000000000e+00 0.000000000000000000e+00 0.000000000000000000e+00
8.500000000000000000e+02 3.399918162233106500e-02 0.000000000000000000e+00 1.000000000000000000e+00 0.000000000000000000e+00 0.000000000000000000e+00 0.000000000000000000e+00
8.750000000000000000e+02 3.499915755239957349e-02 0.000000000000000000e+00 1.000000000000000000e+00 0.000000000000000000e+00 0.000000000000000000e+00 0.000000000000000000e+00
9.000000000000000000e+02 3.599913348246808198e-02 0.000000000000000000e+00 1.000000000000000000e+00 0.000000000000000000e+00 0.000000000000000000e+00 0.000000000000000000e+00
9.250000000000000000e+02 3.699910941253681251e-02 0.000000000000000000e+00 1.000000000000000000e+00 0.000000000000000000e+00 0.000000000000000000e+00 0.000000000000000000e+00
9.500000000000000000e+02 3.799908534260532100e-02 0.000000000000000000e+00 1.000000000000000000e+00 0.000000000000000000e+00 0.000000000000000000e+00 0.000000000000000000e+00
9.750000000000000000e+02 3.899906127267382949e-02 0.000000000000000000e+00 1.000000000000000000e+00 0.000000000000000000e+00 0.000000000000000000e+00 0.000000000000000000e+00
1.000000000000000000e+03 3.999903720274233798e-02 0.000000000000000000e+00 1.000000000000000000e+00 0.000000000000000000e+00 0.000000000000000000e+00 0.000000000000000000e+00
1.025000000000000000e+03 4.099901313281084647e-02 0.000000000000000000e+00 1.000000000000000000e+00 0.000000000000000000e+00 0.000000000000000000e+00 0.000000000000000000e+00
1.050000000000000000e+03 4.199898906287957701e-02 0.000000000000000000e+00 1.000000000000000000e+00 0.000000000000000000e+00 0.000000000000000000e+00 0.000000000000000000e+00
1.075000000000000000e+03 4.299896499294808550e-02 0.000000000000000000e+00 1.000000000000000000e+00 0.000000000000000000e+00 0.000000000000000000e+00 0.000000000000000000e+00
1.100000000000000000e+03 4.399894092301659398e-02 0.000000000000000000e+00 1.000000000000000000e+00 0.000000000000000000e+00 0.000000000000000000e+00 0.000000000000000000e+00
1.125000000000000000e+03 4.499891685308510247e-02 0.000000000000000000e+00 1.000000000000000000e+00 0.000000000000000000e+00 0.000000000000000000e+00 0.000000000000000000e+00
1.150000000000000000e+03 4.599889278315383301e-02 0.000000000000000000e+00 1.000000000000000000e+00 0.000000000000000000e+00 0.000000000000000000e+00 0.000000000000000000e+00
1.175000000000000000e+03 4.699886871322234150e-02 0.000000000000000000e+00 1.000000000000000000e+00 0.000000000000000000e+00 0.000000000000000000e+00 0.000000000000000000e+00
1.200000000000000000e+03 4.799884464329084999e-02 0.000000000000000000e+00 1.000000000000000000e+00 0.000000000000000000e+00 0.000000000000000000e+00 0.000000000000000000e+00
1.225000000000000000e+03 4.899882057335935848e-02 0.000000000000000000e+00 1.000000000000000000e+00 0.000000000000000000e+00 0.000000000000000000e+00 0.000000000000000000e+00
1.250000000000000000e+03 4.999879650342808901e-02 0.000000000000000000e+00 1.000000000000000000e+00 0.000000000000000000e+00 0.000000000000000000e+00 0.000000000000000000e+00
1.275000000000000000e+03 5.099877243349659750e-02 0.000000000000000000e+00 1.000000000000000000e+00 0.000000000000000000e+00 0.000000000000000000e+00 0.000000000000000000e+00
1.300000000000000000e+03 5.199874836356510599e-02 0.000000000000000000e+00 1.000000000000000000e+00 0.000000000000000000e+00 0.000000000000000000e+00 0.000000000000000000e+00
1.325000000000000000e+03 5.299872429363361448e-02 0.000000000000000000e+00 1.000000000000000000e+00 0.000000000000000000e+00 0.000000000000000000e+00 0.000000000000000000e+00
1.350000000000000000e+03 5.399870022370212297e-02 2.275830678197542133e-04 9.997724169321802190e-01 0.000000000000000000e+00 0.000000000000000000e+00 0.000000000000000000e+00
1.375000000000000000e+03 5.499867615377085350e-02 1.137915339098771066e-04 9.998862084660901095e-01 0.000000000000000000e+00 0.000000000000000000e+00 0.000000000000000000e+00
1.400000000000000000e+03 5.599865208383936199e-02 0.000000000000000000e+00 1.000000000000000000e+00 0.000000000000000000e+00 0.000000000000000000e+00 0.000000000000000000e+00
1.425000000000000000e+03 5.699862801390787048e-02 0.000000000000000000e+00 1.000000000000000000e+00 0.000000000000000000e+00 0.000000000000000000e+00 0.000000000000000000e+00
1.450000000000000000e+03 5.799860394397637897e-02 0.000000000000000000e+00 1.000000000000000000e+00 0.000000000000000000e+00 0.000000000000000000e+00 0.000000000000000000e+00
1.475000000000000000e+03 5.899857987404510951e-02 0.000000000000000000e+00 1.000000000000000000e+00 0.000000000000000000e+00 0.000000000000000000e+00 0.000000000000000000e+00
1.500000000000000000e+03 5.999855580411361800e-02 0.000000000000000000e+00 1.000000000000000000e+00 0.000000000000000000e+00 0.000000000000000000e+00 0.000000000000000000e+00
1.525000000000000000e+03 6.099853173418212648e-02 0.000000000000000000e+00 1.000000000000000000e+00 0.000000000000000000e+00 0.000000000000000000e+00 0.000000000000000000e+00
1.550000000000000000e+03 6.199850766425063497e-02 0.000000000000000000e+00 1.000000000000000000e+00 0.000000000000000000e+00 0.000000000000000000e+00 0.000000000000000000e+00
1.575000000000000000e+03 6.299848359431936551e-02 0.000000000000000000e+00 1.000000000000000000e+00 0.000000000000000000e+00 0.000000000000000000e+00 0.000000000000000000e+00
1.600000000000000000e+03 6.399845952438787400e-02 0.000000000000000000e+00 1.000000000000000000e+00 0.000000000000000000e+00 0.000000000000000000e+00 0.000000000000000000e+00
1.625000000000000000e+03 6.499843545445638249e-02 0.000000000000000000e+00 1.000000000000000000e+00 0.000000000000000000e+00 0.000000000000000000e+00 0.000000000000000000e+00
1.650000000000000000e+03 6.599841138452489098e-02 0.000000000000000000e+00 1.000000000000000000e+00 0.000000000000000000e+00 0.000000000000000000e+00 0.000000000000000000e+00
1.675000000000000000e+03 6.699838731459339947e-02 0.000000000000000000e+00 1.000000000000000000e+00 0.000000000000000000e+00 0.000000000000000000e+00 0.000000000000000000e+00
1.700000000000000000e+03 6.799836324466213000e-02 2.275830678197542133e-04 9.997724169321802190e-01 0.000000000000000000e+00 0.000000000000000000e+00 0.000000000000000000e+00
1.725000000000000000e+03 6.899833917473063849e-02 0.000000000000000000e+00 1.000000000000000000e+00 0.000000000000000000e+00 0.000000000000000000e+00 0.000000000000000000e+00
1.750000000000000000e+03 6.999831510479914698e-02 0.000000000000000000e+00 1.000000000000000000e+00 0.000000000000000000e+00 0.000000000000000000e+00 0.000000000000000000e+00
1.775000000000000000e+03 7.099829103486765547e-02 0.000000000000000000e+00 1.000000000000000000e+00 0.000000000000000000e+00 0.000000000000000000e+00 0.000000000000000000e+00
1.800000000000000000e+03 7.199826696493638600e-02 0.000000000000000000e+00 1.000000000000000000e+00 0.000000000000000000e+00 0.000000000000000000e+00 0.000000000000000000e+00
1.825000000000000000e+03 7.299824289500489449e-02 2.275830678197542133e-04 9.997724169321802190e-01 0.000000000000000000e+00 0.000000000000000000e+00 0.000000000000000000e+00
1.850000000000000000e+03 7.399821882507340298e-02 0.000000000000000000e+00 1.000000000000000000e+00 0.000000000000000000e+00 0.000000000000000000e+00 0.000000000000000000e+00
1.875000000000000000e+03 7.499819475514191147e-02 0.000000000000000000e+00 1.000000000000000000e+00 0.000000000000000000e+00 0.000000000000000000e+00 0.000000000000000000e+00
1.900000000000000000e+03 7.599817068521064201e-02 2.275830678197542133e-04 9.997724169321802190e-01 0.000000000000000000e+00 0.000000000000000000e+00 0.000000000000000000e+00
1.925000000000000000e+03 7.699814661527915050e-02 0.000000000000000000e+00 1.000000000000000000e+00 0.000000000000000000e+00 0.000000000000000000e+00 0.000000000000000000e+00
1.950000000000000000e+03 7.799812254534765898e-02 1.137915339098771066e-04 9.998862084660901095e-01 0.000000000000000000e+00 0.000000000000000000e+00 0.000000000000000000e+00
1.975000000000000000e+03 7.899809847541616747e-02 2.275830678197542133e-04 9.997724169321802190e-01 0.000000000000000000e+00 0.000000000000000000e+00 0.000000000000000000e+00
2.000000000000000000e+03 7.999807440548467596e-02 0.000000000000000000e+00 1.000000000000000000e+00 0.000000000000000000e+00 0.000000000000000000e+00 0.000000000000000000e+00
2.025000000000000000e+03 8.099805033555340650e-02 2.275830678197542133e-04 9.996586253982703285e-01 0.000000000000000000e+00 1.137915339098771066e-04 0.000000000000000000e+00
2.050000000000000000e+03 8.199802626562191499e-02 5.689576695493854790e-04 9.994310423304506585e-01 0.000000000000000000e+00 0.000000000000000000e+00 0.000000000000000000e+00
2.075000000000000000e+03 8.299800219569042348e-02 4.551661356395084266e-04 9.995448338643604380e-01 0.000000000000000000e+00 0.000000000000000000e+00 0.000000000000000000e+00
2.100000000000000000e+03 8.399797812575893197e-02 0.000000000000000000e+00 1.000000000000000000e+00 0.000000000000000000e+00 0.000000000000000000e+00 0.000000000000000000e+00
2.125000000000000000e+03 8.499795405582766250e-02 0.000000000000000000e+00 1.000000000000000000e+00 0.000000000000000000e+00 0.000000000000000000e+00 0.000000000000000000e+00
2.150000000000000000e+03 8.599792998589617099e-02 5.689576695493854790e-04 9.994310423304506585e-01 0.000000000000000000e+00 0.000000000000000000e+00 0.000000000000000000e+00
2.175000000000000000e+03 8.699790591596467948e-02 7.965407373691396923e-04 9.992034592626308775e-01 0.000000000000000000e+00 0.000000000000000000e+00 0.000000000000000000e+00
2.200000000000000000e+03 8.799788184603318797e-02 4.551661356395084266e-04 9.995448338643604380e-01 0.000000000000000000e+00 0.000000000000000000e+00 0.000000000000000000e+00
2.225000000000000000e+03 8.899785777610191850e-02 2.275830678197542133e-04 9.997724169321802190e-01 0.000000000000000000e+00 0.000000000000000000e+00 0.000000000000000000e+00
2.250000000000000000e+03 8.999783370617042699e-02 0.000000000000000000e+00 1.000000000000000000e+00 0.000000000000000000e+00 0.000000000000000000e+00 0.000000000000000000e+00
2.275000000000000000e+03 9.099780963623893548e-02 4.551661356395084266e-04 9.995448338643604380e-01 0.000000000000000000e+00 0.000000000000000000e+00 0.000000000000000000e+00
2.300000000000000000e+03 9.199778556630744397e-02 9.103322712790168532e-04 9.989758761948110966e-01 0.000000000000000000e+00 1.137915339098771066e-04 0.000000000000000000e+00
2.325000000000000000e+03 9.299776149637595246e-02 1.251706873008648227e-03 9.987482931269913156e-01 0.000000000000000000e+00 0.000000000000000000e+00 0.000000000000000000e+00
2.350000000000000000e+03 9.399773742644468300e-02 6.827492034592626399e-04 9.993172507965407680e-01 0.000000000000000000e+00 0.000000000000000000e+00 0.000000000000000000e+00
2.375000000000000000e+03 9.499771335651319148e-02 1.024123805188893906e-03 9.989758761948110966e-01 0.000000000000000000e+00 0.000000000000000000e+00 0.000000000000000000e+00
2.400000000000000000e+03 9.599768928658169997e-02 2.162039144287664864e-03 9.977241693218024121e-01 0.000000000000000000e+00 1.137915339098771066e-04 0.000000000000000000e+00
2.425000000000000000e+03 9.699766521665020846e-02 3.413746017296313199e-04 9.995448338643604380e-01 0.000000000000000000e+00 1.137915339098771066e-04 0.000000000000000000e+00
2.450000000000000000e+03 9.799764114671893900e-02 6.827492034592626399e-04 9.992034592626308775e-01 0.000000000000000000e+00 1.137915339098771066e-04 0.000000000000000000e+00
2.475000000000000000e+03 9.899761707678744749e-02 2.617205279927173507e-03 9.973827947200728516e-01 0.000000000000000000e+00 0.000000000000000000e+00 0.000000000000000000e+00
2.500000000000000000e+03 9.999759300685595598e-02 3.186162949476558769e-03 9.967000455166135087e-01 0.000000000000000000e+00 1.137915339098771066e-04 0.000000000000000000e+00
2.525000000000000000e+03 1.009975689369244645e-01 1.820664542558033706e-03 9.981793354574419741e-01 0.000000000000000000e+00 0.000000000000000000e+00 0.000000000000000000e+00
2.550000000000000000e+03 1.019975448669931950e-01 2.503413746017296455e-03 9.974965862539827421e-01 0.000000000000000000e+00 0.000000000000000000e+00 0.000000000000000000e+00
2.575000000000000000e+03 1.029975207970617035e-01 3.527537551206190360e-03 9.963586709148839482e-01 0.000000000000000000e+00 1.137915339098771066e-04 0.000000000000000000e+00
2.600000000000000000e+03 1.039974967271302120e-01 1.934456076467910759e-03 9.980655439235320836e-01 0.000000000000000000e+00 0.000000000000000000e+00 0.000000000000000000e+00
2.625000000000000000e+03 1.049974726571987205e-01 2.503413746017296455e-03 9.972690031861629611e-01 0.000000000000000000e+00 2.275830678197542133e-04 0.000000000000000000e+00
2.650000000000000000e+03 1.059974485872674510e-01 2.844788347746927612e-03 9.970414201183431802e-01 0.000000000000000000e+00 1.137915339098771066e-04 0.000000000000000000e+00
2.675000000000000000e+03 1.069974245173359595e-01 4.210286754665453109e-03 9.957897132453344957e-01 0.000000000000000000e+00 0.000000000000000000e+00 0.000000000000000000e+00
2.700000000000000000e+03 1.079974004474044680e-01 5.803368229403732710e-03 9.941966317705962508e-01 0.000000000000000000e+00 0.000000000000000000e+00 0.000000000000000000e+00
2.725000000000000000e+03 1.089973763774729765e-01 7.965407373691398007e-03 9.912380518889394310e-01 0.000000000000000000e+00 7.965407373691396923e-04 0.000000000000000000e+00
2.750000000000000000e+03 1.099973523075414850e-01 1.240327719617660522e-02 9.869139736003641472e-01 0.000000000000000000e+00 6.827492034592626399e-04 0.000000000000000000e+00
2.775000000000000000e+03 1.109973282376102155e-01 8.420573509330906217e-03 9.908966772872098705e-01 0.000000000000000000e+00 6.827492034592626399e-04 0.000000000000000000e+00
2.800000000000000000e+03 1.119973041676787240e-01 8.761948111060537808e-03 9.907828857532999800e-01 0.000000000000000000e+00 4.551661356395084266e-04 0.000000000000000000e+00
2.825000000000000000e+03 1.129972800977472325e-01 1.331360946745562164e-02 9.864588074647245852e-01 0.000000000000000000e+00 2.275830678197542133e-04 0.000000000000000000e+00
2.850000000000000000e+03 1.139972560278157410e-01 1.126536185707783383e-02 9.880518889394629412e-01 0.000000000000000000e+00 6.827492034592626399e-04 0.000000000000000000e+00
2.875000000000000000e+03 1.149972319578844715e-01 1.285844333181611343e-02 9.857760582612653533e-01 0.000000000000000000e+00 1.365498406918525280e-03 0.000000000000000000e+00
2.900000000000000000e+03 1.159972078879529800e-01 1.638598088302230249e-02 9.828174783796085334e-01 0.000000000000000000e+00 7.965407373691396923e-04 0.000000000000000000e+00
2.925000000000000000e+03 1.169971838180214885e-01 2.617205279927173334e-02 9.706417842512516936e-01 0.000000000000000000e+00 3.186162949476558769e-03 0.000000000000000000e+00
2.950000000000000000e+03 1.179971597480899970e-01 3.595812471552116418e-02 9.580109239872554028e-01 0.000000000000000000e+00 6.030951297223486815e-03 0.000000000000000000e+00
2.975000000000000000e+03 1.189971356781587275e-01 4.836140191169777114e-02 9.436731907146108655e-01 0.000000000000000000e+00 7.965407373691398007e-03 0.000000000000000000e+00
3.000000000000000000e+03 1.199971116082272360e-01 6.235776058261265076e-02 9.185252617205279524e-01 0.000000000000000000e+00 1.911697769685935522e-02 0.000000000000000000e+00
3.025000000000000000e+03 1.209970875382957445e-01 9.046426945835230049e-02 8.492262175694128556e-01 0.000000000000000000e+00 6.030951297223486468e-02 0.000000000000000000e+00
3.050000000000000000e+03 1.219970634683642530e-01 1.530496131087847045e-01 6.951524806554392200e-01 0.000000000000000000e+00 1.517979062357760478e-01 0.000000000000000000e+00
3.075000000000000000e+03 1.229970393984327615e-01 2.461310878470641672e-01 4.736003641329085134e-01 0.000000000000000000e+00 2.802685480200273194e-01 0.000000000000000000e+00
3.100000000000000000e+03 1.239970153285014920e-01 3.284023668639053373e-01 2.752617205279926926e-01 4.551661356395084266e-04 3.958807464724624636e-01 0.000000000000000000e+00
3.125000000000000000e+03 1.249969912585700005e-01 3.805188893946290229e-01 1.645425580336822846e-01 9.103322712790168532e-04 4.540282203004096240e-01 0.000000000000000000e+00
3.150000000000000000e+03 1.259969671886385090e-01 3.847291761492944717e-01 1.428083750568957533e-01 5.689576695493854790e-04 4.718934911242603780e-01 0.000000000000000000e+00
3.175000000000000000e+03 1.269969431187070175e-01 3.642467000455166248e-01 1.690942193900773771e-01 1.479289940828402332e-03 4.651797906235776159e-01 0.000000000000000000e+00
3.200000000000000000e+03 1.279969190487757480e-01 3.740327719617660418e-01 1.910559854346836617e-01 1.137915339098770958e-03 4.337733272644515026e-01 0.000000000000000000e+00
3.225000000000000000e+03 1.289968949788442565e-01 3.812016385980883104e-01 1.942421483841602070e-01 1.593081474738279385e-03 4.229631315430131822e-01 0.000000000000000000e+00
3.250000000000000000e+03 1.299968709089127650e-01 4.065771506599908935e-01 1.847974510696404060e-01 3.982703686845699004e-03 4.046426945835229771e-01 0.000000000000000000e+00
3.275000000000000000e+03 1.309968468389812735e-01 4.243286299499317016e-01 1.748975876194810986e-01 8.761948111060537808e-03 3.920118343195266308e-01 0.000000000000000000e+00
3.300000000000000000e+03 1.319968227690500040e-01 4.280837505689576439e-01 1.739872553482020856e-01 1.615839781520254925e-02 3.817705962676377074e-01 0.000000000000000000e+00
3.325000000000000000e+03 1.329967986991185125e-01 4.234182976786526886e-01 1.645425580336822846e-01 2.878925807919890598e-02 3.832498862084661173e-01 0.000000000000000000e+00
3.350000000000000000e+03 1.339967746291870210e-01 4.233045061447428536e-01 1.676149294492489672e-01 4.676832043695949154e-02 3.623122439690487084e-01 0.000000000000000000e+00
3.375000000000000000e+03 1.349967505592555295e-01 4.162494310423304755e-01 1.752389622212107423e-01 6.178880291306326766e-02 3.467228038233955423e-01 0.000000000000000000e+00
3.400000000000000000e+03 1.359967264893240380e-01 4.267182521620391245e-01 1.849112426035502965e-01 7.385070550751024476e-02 3.145197997269003065e-01 0.000000000000000000e+00
3.425000000000000000e+03 1.369967024193927685e-01 4.225079654073736757e-01 1.957214383249886169e-01 8.750568957669549452e-02 2.942649066909421851e-01 0.000000000000000000e+00
3.450000000000000000e+03 1.379966783494612770e-01 4.268320436959490149e-01 2.060764679107874309e-01 1.071916249431042328e-01 2.598998634501593075e-01 0.000000000000000000e+00
3.475000000000000000e+03 1.389966542795297855e-01 4.223941738734638407e-01 2.266727355484751960e-01 1.232362312243969055e-01 2.276968593536640995e-01 0.000000000000000000e+00
3.500000000000000000e+03 1.399966302095982940e-01 4.288802913063268218e-01 2.372553482020937632e-01 1.408739189804278646e-01 1.929904415111515781e-01 0.000000000000000000e+00
3.525000000000000000e+03 1.409966061396670245e-01 4.214838416021847722e-01 2.528447883477469293e-01 1.522530723714155543e-01 1.734182976786527164e-01 0.000000000000000000e+00
3.550000000000000000e+03 1.419965820697355330e-01 4.049840691852525931e-01 2.712790168411470249e-01 1.623805188893946427e-01 1.613563950842057393e-01 0.000000000000000000e+00
3.575000000000000000e+03 1.429965579998040415e-01 4.132908511606736557e-01 2.729858898497951603e-01 1.606736458807464796e-01 1.530496131087847045e-01 0.000000000000000000e+00
3.600000000000000000e+03 1.439965339298725500e-01 4.003186162949476379e-01 2.825443786982248517e-01 1.695493855257168836e-01 1.475876194811105990e-01 0.000000000000000000e+00
3.625000000000000000e+03 1.449965098599412805e-01 4.012289485662266508e-01 2.857305416477013971e-01 1.715976331360946627e-01 1.414428766499772339e-01 0.000000000000000000e+00
3.650000000000000000e+03 1.459964857900097890e-01 3.942876649977241632e-01 2.947200728265816916e-01 1.811561219845243542e-01 1.298361401911697632e-01 0.000000000000000000e+00
3.675000000000000000e+03 1.469964617200782975e-01 3.843878015475648557e-01 3.065543923532089154e-01 1.877560309512972259e-01 1.213017751479289891e-01 0.000000000000000000e+00
3.700000000000000000e+03 1.479964376501468060e-01 3.846153846153846367e-01 3.167956304050978389e-01 1.921939007737824279e-01 1.063950842057350965e-01 0.000000000000000000e+00
3.725000000000000000e+03 1.489964135802153145e-01 3.932635411925352598e-01 3.214610832954028496e-01 1.883249886208466228e-01 9.695038689121529552e-02 0.000000000000000000e+00
3.750000000000000000e+03 1.499963895102840450e-01 3.918980427856167403e-01 3.199817933545744397e-01 1.925352753755120716e-01 9.558488848429676221e-02 0.000000000000000000e+00
3.775000000000000000e+03 1.509963654403525535e-01 3.871187983614018946e-01 3.263541192535275304e-01 1.939007737824305910e-01 9.262630860263997012e-02 0.000000000000000000e+00
3.800000000000000000e+03 1.519963413704210620e-01 3.862084660901228816e-01 3.356850250341374409e-01 1.903732362312244020e-01 8.773327264451524776e-02 0.000000000000000000e+00
3.825000000000000000e+03 1.529963173004895705e-01 3.763086026399635742e-01 3.493400091033226906e-01 1.944697314519799602e-01 7.988165680473373331e-02 0.000000000000000000e+00
3.850000000000000000e+03 1.539962932305583010e-01 3.660673645880746507e-01 3.570778334091943562e-01 1.927628584433318248e-01 8.409194355939918208e-02 0.000000000000000000e+00
3.875000000000000000e+03 1.549962691606268095e-01 3.620846609012289274e-01 3.615157032316795860e-01 1.927628584433318248e-01 8.363677742375967561e-02 0.000000000000000000e+00
3.900000000000000000e+03 1.559962450906953180e-01 3.598088302230313951e-01 3.676604460628129512e-01 1.903732362312244020e-01 8.215748748293126569e-02 0.000000000000000000e+00
3.925000000000000000e+03 1.569962210207638265e-01 3.509330905780609910e-01 3.702776513427400995e-01 1.944697314519799602e-01 8.431952662721893532e-02 0.000000000000000000e+00
3.950000000000000000e+03 1.579961969508325570e-01 3.477469276285844457e-01 3.839326354119253493e-01 1.911697769685935244e-01 7.715065999089668058e-02 0.000000000000000000e+00
3.975000000000000000e+03 1.589961728809010655e-01 3.450159308147474069e-01 3.899635867091488239e-01 1.894629039599453890e-01 7.555757851615839404e-02 0.000000000000000000e+00
4.000000000000000000e+03 1.599961488109695740e-01 3.499089667728720876e-01 3.938324988620846567e-01 1.853664087391898030e-01 7.089212562585343880e-02 0.000000000000000000e+00
4.025000000000000000e+03 1.609961247410380825e-01 3.476331360946745552e-01 4.014565316340464318e-01 1.760355029585798925e-01 7.487482931269913433e-02 0.000000000000000000e+00
4.050000000000000000e+03 1.619961006711065910e-01 3.463814292216659263e-01 4.138598088302230527e-01 1.736458807464724696e-01 6.611288120163859305e-02 0.000000000000000000e+00
4.075000000000000000e+03 1.629960766011753215e-01 3.310195721438324856e-01 4.285389167045971504e-01 1.762630860263996457e-01 6.417842512517069054e-02 0.000000000000000000e+00
4.100000000000000000e+03 1.639960525312438300e-01 3.254437869822485174e-01 4.351388256713700775e-01 1.776285844333181652e-01 6.178880291306326766e-02 0.000000000000000000e+00
4.125000000000000000e+03 1.649960284613123385e-01 3.248748293126991205e-01 4.406008192990441552e-01 1.756941283568502488e-01 5.883022303140646170e-02 0.000000000000000000e+00
4.150000000000000000e+03 1.659960043913808470e-01 3.195266272189349332e-01 4.460628129267182329e-01 1.726217569412835662e-01 6.178880291306326766e-02 0.000000000000000000e+00
4.175000000000000000e+03 1.669959803214495775e-01 3.186162949476559203e-01 4.531178880291306110e-01 1.750113791533909890e-01 5.325443786982248656e-02 0.000000000000000000e+00
4.200000000000000000e+03 1.679959562515180860e-01 3.091715976331361193e-01 4.623350022758306865e-01 1.797906235776058348e-01 4.870277651342740100e-02 0.000000000000000000e+00
4.225000000000000000e+03 1.689959321815865945e-01 3.090578060992262288e-01 4.658625398270368478e-01 1.832043695949021334e-01 4.187528447883477611e-02 0.000000000000000000e+00
4.250000000000000000e+03 1.699959081116551030e-01 3.081474738279472159e-01 4.736003641329085134e-01 1.867319071461083224e-01 3.152025489303595523e-02 0.000000000000000000e+00
4.275000000000000000e+03 1.709958840417238335e-01 3.031406463359125891e-01 4.738279472007282389e-01 1.885525716886663761e-01 3.447883477469276120e-02 0.000000000000000000e+00
4.300000000000000000e+03 1.719958599717923420e-01 3.017751479289940697e-01 4.767865270823850588e-01 1.874146563495675821e-01 3.402366863905325473e-02 0.000000000000000000e+00
4.325000000000000000e+03 1.729958359018608505e-01 3.034820209376422606e-01 4.787209831588529751e-01 1.890077378243058825e-01 2.878925807919890598e-02 0.000000000000000000e+00
4.350000000000000000e+03 1.739958118319293590e-01 2.950614474283113076e-01 4.833864360491579304e-01 1.918525261720528119e-01 2.969959035047792587e-02 0.000000000000000000e+00
4.375000000000000000e+03 1.749957877619978674e-01 2.949476558944014726e-01 4.840691852526172179e-01 1.916249431042330587e-01 2.935821574874829254e-02 0.000000000000000000e+00
4.400000000000000000e+03 1.759957636920665980e-01 2.944924897587619661e-01 4.872553482020937632e-01 1.937869822485207005e-01 2.446517979062357712e-02 0.000000000000000000e+00
4.425000000000000000e+03 1.769957396221351065e-01 2.905097860719162428e-01 4.878243058716431602e-01 2.014110150204824756e-01 2.025489303595812488e-02 0.000000000000000000e+00
4.450000000000000000e+03 1.779957155522036150e-01 2.875512061902594230e-01 4.875967228038233792e-01 2.044833864360491582e-01 2.036868456986800149e-02 0.000000000000000000e+00
4.475000000000000000e+03 1.789956914822721235e-01 2.818616294947655643e-01 4.914656349567592120e-01 2.063040509786071841e-01 2.036868456986800149e-02 0.000000000000000000e+00
4.500000000000000000e+03 1.799956674123408540e-01 2.770823850705507740e-01 4.960172963131542767e-01 2.115384615384615363e-01 1.536185707783340945e-02 0.000000000000000000e+00
4.525000000000000000e+03 1.809956433424093625e-01 2.792444242148384159e-01 4.951069640418752638e-01 2.085798816568047442e-01 1.706873008648156567e-02 0.000000000000000000e+00
4.550000000000000000e+03 1.819956192724778710e-01 2.800409649522075384e-01 5.019344560764679164e-01 2.019799726900318726e-01 1.604460628129267263e-02 0.000000000000000000e+00
4.575000000000000000e+03 1.829955952025463795e-01 2.852753755120618906e-01 5.023896222121073674e-01 1.976558944014565333e-01 1.467910787437414627e-02 0.000000000000000000e+00
4.600000000000000000e+03 1.839955711326151100e-01 2.810650887573964418e-01 5.073964497041419941e-01 1.953800637232590010e-01 1.615839781520254925e-02 0.000000000000000000e+00
4.625000000000000000e+03 1.849955470626836185e-01 2.836822940373236457e-01 5.108101957214383759e-01 1.925352753755120716e-01 1.297223486572599005e-02 0.000000000000000000e+00
4.650000000000000000e+03 1.859955229927521270e-01 2.750341374601729671e-01 5.208238507055075184e-01 1.884387801547564856e-01 1.570323167956303931e-02 0.000000000000000000e+00
4.675000000000000000e+03 1.869954989228206355e-01 2.617205279927173334e-01 5.344788347746927126e-01 1.896904870277651423e-01 1.399635867091488309e-02 1.137915339098771066e-04
4.700000000000000000e+03 1.879954748528891439e-01 2.642239417387346467e-01 5.365270823850705195e-01 1.849112426035502965e-01 1.433773327264451468e-02 0.000000000000000000e+00
4.725000000000000000e+03 1.889954507829578745e-01 2.586481565771506785e-01 5.408511606736459143e-01 1.876422394173873354e-01 1.274465179790623508e-02 1.137915339098771066e-04
4.750000000000000000e+03 1.899954267130263830e-01 2.685480200273099860e-01 5.376649977241693135e-01 1.802457897132453413e-01 1.354119253527537488e-02 0.000000000000000000e+00
4.775000000000000000e+03 1.909954026430948915e-01 2.670687300864815761e-01 5.398270368684570109e-01 1.777423759672280279e-01 1.536185707783340945e-02 0.000000000000000000e+00
4.800000000000000000e+03 1.919953785731633999e-01 2.647928994082840437e-01 5.451752389622211981e-01 1.770596267637687682e-01 1.297223486572599005e-02 0.000000000000000000e+00
4.825000000000000000e+03 1.929953545032321305e-01 2.611515703231679364e-01 5.507510241238051663e-01 1.780837505689576716e-01 1.001365498406918582e-02 0.000000000000000000e+00
4.850000000000000000e+03 1.939953304333006390e-01 2.537551206190259423e-01 5.523441055985435222e-01 1.794492489758761911e-01 1.445152480655439303e-02 0.000000000000000000e+00
4.875000000000000000e+03 1.949953063633691475e-01 2.550068274920345712e-01 5.537096040054619861e-01 1.792216659080564378e-01 1.206190259444697363e-02 0.000000000000000000e+00
4.900000000000000000e+03 1.959952822934376560e-01 2.457897132453345512e-01 5.629267182521620061e-01 1.786527082385070686e-01 1.263086026399635846e-02 0.000000000000000000e+00
4.925000000000000000e+03 1.969952582235063865e-01 2.426035502958579781e-01 5.654301319981793750e-01 1.808147473827947105e-01 1.115157032316795548e-02 0.000000000000000000e+00
4.950000000000000000e+03 1.979952341535748950e-01 2.394173873463814328e-01 5.645197997269003620e-01 1.810423304506144637e-01 1.502048247610377786e-02 0.000000000000000000e+00
4.975000000000000000e+03 1.989952100836434035e-01 2.396449704142011861e-01 5.654301319981793750e-01 1.819526627218935044e-01 1.297223486572599005e-02 0.000000000000000000e+00
5.000000000000000000e+03 1.999951860137119120e-01 2.332726445152480677e-01 5.720300409649522466e-01 1.836595357305416398e-01 1.103777878925807886e-02 0.000000000000000000e+00
5.025000000000000000e+03 2.009951619437804204e-01 2.353208921256258468e-01 5.741920801092398330e-01 1.809285389167046010e-01 9.558488848429677609e-03 0.000000000000000000e+00
5.050000000000000000e+03 2.019951378738491510e-01 2.286071916249431124e-01 5.790851160673645692e-01 1.824078288575330109e-01 9.899863450159307465e-03 0.000000000000000000e+00
5.075000000000000000e+03 2.029951138039176595e-01 2.265589440145653055e-01 5.832954028220300735e-01 1.805871643149749572e-01 9.558488848429677609e-03 0.000000000000000000e+00
5.100000000000000000e+03 2.039950897339861680e-01 2.245106964041875264e-01 5.892125625853436022e-01 1.800182066454255880e-01 6.258534365043240920e-03 0.000000000000000000e+00
5.125000000000000000e+03 2.049950656640546764e-01 2.269003186162949492e-01 5.893263541192534927e-01 1.764906690942193990e-01 7.282658170232134826e-03 0.000000000000000000e+00
5.150000000000000000e+03 2.059950415941234070e-01 2.175694128356850388e-01 5.963814292216659263e-01 1.785389167045971781e-01 7.510241238051888930e-03 0.000000000000000000e+00
5.175000000000000000e+03 2.069950175241919155e-01 2.129039599453800558e-01 5.996813837050523066e-01 1.807009558488848477e-01 6.713700500682749130e-03 0.000000000000000000e+00
5.200000000000000000e+03 2.079949934542604240e-01 2.133591260810195622e-01 5.994538006372326366e-01 1.824078288575330109e-01 4.665452890304961318e-03 1.137915339098771066e-04
5.225000000000000000e+03 2.089949693843289324e-01 2.119936276741010428e-01 6.007055075102412101e-01 1.827492034592626269e-01 4.437869822485207214e-03 1.137915339098771066e-04
5.250000000000000000e+03 2.099949453143976630e-01 2.082385070550751005e-01 6.008192990441511006e-01 1.851388256713700498e-01 5.803368229403732710e-03 0.000000000000000000e+00
5.275000000000000000e+03 2.109949212444661715e-01 2.098315885298133732e-01 6.003641329085116496e-01 1.828629949931725174e-01 6.941283568502503235e-03 0.000000000000000000e+00
5.300000000000000000e+03 2.119948971745346800e-01 2.060764679107874309e-01 6.020710059171597850e-01 1.861629494765589532e-01 5.689576695493855224e-03 0.000000000000000000e+00
5.325000000000000000e+03 2.129948731046031885e-01 2.073281747837960876e-01 6.012744651797906625e-01 1.851388256713700498e-01 6.258534365043240920e-03 0.000000000000000000e+00
5.350000000000000000e+03 2.139948490346716969e-01 2.134729176149294527e-01 5.953573054164770229e-01 1.840009103322712836e-01 7.168866636322257339e-03 0.000000000000000000e+00
5.375000000000000000e+03 2.149948249647404275e-01 2.094902139280837572e-01 5.952435138825671324e-01 1.863905325443787064e-01 8.875739644970414427e-03 0.000000000000000000e+00
5.400000000000000000e+03 2.159948008948089360e-01 2.130177514792899462e-01 5.947883477469276814e-01 1.846836595357305433e-01 7.510241238051888930e-03 0.000000000000000000e+00
5.425000000000000000e+03 2.169947768248774445e-01 2.121074192080109333e-01 5.933090578060992160e-01 1.868456986800182129e-01 7.737824305871643035e-03 0.000000000000000000e+00
5.450000000000000000e+03 2.179947527549459529e-01 2.109695038689121394e-01 5.914883932635411901e-01 1.884387801547564856e-01 9.103322712790167665e-03 0.000000000000000000e+00
5.475000000000000000e+03 2.189947286850146835e-01 2.093764223941738667e-01 5.931952662721893255e-01 1.901456531634046487e-01 7.282658170232134826e-03 0.000000000000000000e+00
5.500000000000000000e+03 2.199947046150831920e-01 2.123350022758306865e-01 5.893263541192534927e-01 1.906008192990441552e-01 7.737824305871643035e-03 0.000000000000000000e+00
5.525000000000000000e+03 2.209946805451517005e-01 2.055075102412380617e-01 5.926263086026399840e-01 1.936731907146108378e-01 8.192990441511151245e-03 0.000000000000000000e+00
5.550000000000000000e+03 2.219946564752202089e-01 2.048247610377788019e-01 5.923987255348202030e-01 1.952662721893491105e-01 7.510241238051888930e-03 0.000000000000000000e+00
5.575000000000000000e+03 2.229946324052889395e-01 2.023213472917614886e-01 5.931952662721893255e-01 1.962903959945380139e-01 8.192990441511151245e-03 0.000000000000000000e+00
5.600000000000000000e+03 2.239946083353574480e-01 2.064178425125170746e-01 5.929676832043695445e-01 1.942421483841602070e-01 6.372325898953117539e-03 0.000000000000000000e+00
5.625000000000000000e+03 2.249945842654259565e-01 1.994765589440145592e-01 6.009330905780609910e-01 1.924214838416021811e-01 7.168866636322257339e-03 0.000000000000000000e+00
5.650000000000000000e+03 2.259945601954944649e-01 2.003868912152935722e-01 6.010468821119708815e-01 1.901456531634046487e-01 8.420573509330906217e-03 0.000000000000000000e+00
5.675000000000000000e+03 2.269945361255629734e-01 2.020937642239417353e-01 6.007055075102412101e-01 1.910559854346836617e-01 6.144742831133363434e-03 0.000000000000000000e+00
