# itime ezz other fcc hcp bcc ico
0.000000000000000000e+00 0.000000000000000000e+00 0.000000000000000000e+00 1.000000000000000000e+00 0.000000000000000000e+00 0.000000000000000000e+00 0.000000000000000000e+00
3.000000000000000000e+00 1.200026821617683481e-03 0.000000000000000000e+00 1.000000000000000000e+00 0.000000000000000000e+00 0.000000000000000000e+00 0.000000000000000000e+00
6.000000000000000000e+00 2.400053643235366962e-03 0.000000000000000000e+00 1.000000000000000000e+00 0.000000000000000000e+00 0.000000000000000000e+00 0.000000000000000000e+00
9.000000000000000000e+00 3.600080464853050444e-03 0.000000000000000000e+00 1.000000000000000000e+00 0.000000000000000000e+00 0.000000000000000000e+00 0.000000000000000000e+00
1.200000000000000000e+01 4.800107286470511880e-03 0.000000000000000000e+00 1.000000000000000000e+00 0.000000000000000000e+00 0.000000000000000000e+00 0.000000000000000000e+00
1.500000000000000000e+01 6.000134108088195362e-03 0.000000000000000000e+00 1.000000000000000000e+00 0.000000000000000000e+00 0.000000000000000000e+00 0.000000000000000000e+00
1.800000000000000000e+01 7.200160929705878843e-03 0.000000000000000000e+00 1.000000000000000000e+00 0.000000000000000000e+00 0.000000000000000000e+00 0.000000000000000000e+00
2.100000000000000000e+01 8.400187751323562324e-03 0.000000000000000000e+00 1.000000000000000000e+00 0.000000000000000000e+00 0.000000000000000000e+00 0.000000000000000000e+00
2.400000000000000000e+01 9.600214572941245805e-03 0.000000000000000000e+00 1.000000000000000000e+00 0.000000000000000000e+00 0.000000000000000000e+00 0.000000000000000000e+00
2.700000000000000000e+01 1.080024139455892929e-02 0.000000000000000000e+00 1.000000000000000000e+00 0.000000000000000000e+00 0.000000000000000000e+00 0.000000000000000000e+00
3.000000000000000000e+01 1.200026821617661277e-02 0.000000000000000000e+00 1.000000000000000000e+00 0.000000000000000000e+00 0.000000000000000000e+00 0.000000000000000000e+00
3.300000000000000000e+01 1.320029503779407420e-02 0.000000000000000000e+00 1.000000000000000000e+00 0.000000000000000000e+00 0.000000000000000000e+00 0.000000000000000000e+00
3.600000000000000000e+01 1.440032185941175769e-02 0.000000000000000000e+00 1.000000000000000000e+00 0.000000000000000000e+00 0.000000000000000000e+00 0.000000000000000000e+00
3.900000000000000000e+01 1.560034868102944117e-02 0.000000000000000000e+00 1.000000000000000000e+00 0.000000000000000000e+00 0.000000000000000000e+00 0.000000000000000000e+00
4.200000000000000000e+01 1.680037550264712465e-02 0.000000000000000000e+00 1.000000000000000000e+00 0.000000000000000000e+00 0.000000000000000000e+00 0.000000000000000000e+00
4.500000000000000000e+01 1.800040232426480813e-02 0.000000000000000000e+00 1.000000000000000000e+00 0.000000000000000000e+00 0.000000000000000000e+00 0.000000000000000000e+00
4.800000000000000000e+01 1.920042914588249161e-02 0.000000000000000000e+00 1.000000000000000000e+00 0.000000000000000000e+00 0.000000000000000000e+00 0.000000000000000000e+00
5.100000000000000000e+01 2.040045596750017509e-02 0.000000000000000000e+00 1.000000000000000000e+00 0.000000000000000000e+00 0.000000000000000000e+00 0.000000000000000000e+00
5.400000000000000000e+01 2.160048278911763653e-02 0.000000000000000000e+00 1.000000000000000000e+00 0.000000000000000000e+00 0.000000000000000000e+00 0.000000000000000000e+00
5.700000000000000000e+01 2.280050961073532001e-02 0.000000000000000000e+00 1.000000000000000000e+00 0.000000000000000000e+00 0.000000000000000000e+00 0.000000000000000000e+00
6.000000000000000000e+01 2.400053643235300349e-02 0.000000000000000000e+00 1.000000000000000000e+00 0.000000000000000000e+00 0.000000000000000000e+00 0.000000000000000000e+00
6.300000000000000000e+01 2.520056325397068697e-02 0.000000000000000000e+00 1.000000000000000000e+00 0.000000000000000000e+00 0.000000000000000000e+00 0.000000000000000000e+00
6.600000000000000000e+01 2.640059007558837045e-02 0.000000000000000000e+00 1.000000000000000000e+00 0.000000000000000000e+00 0.000000000000000000e+00 0.000000000000000000e+00
6.900000000000000000e+01 2.760061689720605393e-02 0.000000000000000000e+00 1.000000000000000000e+00 0.000000000000000000e+00 0.000000000000000000e+00 0.000000000000000000e+00
7.200000000000000000e+01 2.880064371882373742e-02 0.000000000000000000e+00 1.000000000000000000e+00 0.000000000000000000e+00 0.000000000000000000e+00 0.000000000000000000e+00
7.500000000000000000e+01 3.000067054044119885e-02 0.000000000000000000e+00 1.000000000000000000e+00 0.000000000000000000e+00 0.000000000000000000e+00 0.000000000000000000e+00
7.800000000000000000e+01 3.120069736205888233e-02 0.000000000000000000e+00 1.000000000000000000e+00 0.000000000000000000e+00 0.000000000000000000e+00 0.000000000000000000e+00
8.100000000000000000e+01 3.240072418367656581e-02 0.000000000000000000e+00 1.000000000000000000e+00 0.000000000000000000e+00 0.000000000000000000e+00 0.000000000000000000e+00
8.400000000000000000e+01 3.360075100529424930e-02 0.000000000000000000e+00 1.000000000000000000e+00 0.000000000000000000e+00 0.000000000000000000e+00 0.000000000000000000e+00
8.700000000000000000e+01 3.480077782691193278e-02 0.000000000000000000e+00 1.000000000000000000e+00 0.000000000000000000e+00 0.000000000000000000e+00 0.000000000000000000e+00
9.000000000000000000e+01 3.600080464852961626e-02 0.000000000000000000e+00 1.000000000000000000e+00 0.000000000000000000e+00 0.000000000000000000e+00 0.000000000000000000e+00
9.300000000000000000e+01 3.720083147014729974e-02 0.000000000000000000e+00 1.000000000000000000e+00 0.000000000000000000e+00 0.000000000000000000e+00 0.000000000000000000e+00
9.600000000000000000e+01 3.840085829176498322e-02 0.000000000000000000e+00 1.000000000000000000e+00 0.000000000000000000e+00 0.000000000000000000e+00 0.000000000000000000e+00
9.900000000000000000e+01 3.960088511338244466e-02 0.000000000000000000e+00 1.000000000000000000e+00 0.000000000000000000e+00 0.000000000000000000e+00 0.000000000000000000e+00
1.020000000000000000e+02 4.080091193500012814e-02 0.000000000000000000e+00 1.000000000000000000e+00 0.000000000000000000e+00 0.000000000000000000e+00 0.000000000000000000e+00
1.050000000000000000e+02 4.200093875661781162e-02 0.000000000000000000e+00 1.000000000000000000e+00 0.000000000000000000e+00 0.000000000000000000e+00 0.000000000000000000e+00
1.080000000000000000e+02 4.320096557823549510e-02 0.000000000000000000e+00 1.000000000000000000e+00 0.000000000000000000e+00 0.000000000000000000e+00 0.000000000000000000e+00
1.110000000000000000e+02 4.440099239985317858e-02 0.000000000000000000e+00 1.000000000000000000e+00 0.000000000000000000e+00 0.000000000000000000e+00 0.000000000000000000e+00
1.140000000000000000e+02 4.560101922147086206e-02 0.000000000000000000e+00 1.000000000000000000e+00 0.000000000000000000e+00 0.000000000000000000e+00 0.000000000000000000e+00
1.170000000000000000e+02 4.680104604308854555e-02 0.000000000000000000e+00 1.000000000000000000e+00 0.000000000000000000e+00 0.000000000000000000e+00 0.000000000000000000e+00
1.200000000000000000e+02 4.800107286470600698e-02 0.000000000000000000e+00 1.000000000000000000e+00 0.000000000000000000e+00 0.000000000000000000e+00 0.000000000000000000e+00
1.230000000000000000e+02 4.920109968632369046e-02 0.000000000000000000e+00 1.000000000000000000e+00 0.000000000000000000e+00 0.000000000000000000e+00 0.000000000000000000e+00
1.260000000000000000e+02 5.040112650794137394e-02 0.000000000000000000e+00 1.000000000000000000e+00 0.000000000000000000e+00 0.000000000000000000e+00 0.000000000000000000e+00
1.290000000000000000e+02 5.160115332955905743e-02 0.000000000000000000e+00 1.000000000000000000e+00 0.000000000000000000e+00 0.000000000000000000e+00 0.000000000000000000e+00
1.320000000000000000e+02 5.280118015117674091e-02 0.000000000000000000e+00 1.000000000000000000e+00 0.000000000000000000e+00 0.000000000000000000e+00 0.000000000000000000e+00
1.350000000000000000e+02 5.400120697279442439e-02 0.000000000000000000e+00 1.000000000000000000e+00 0.000000000000000000e+00 0.000000000000000000e+00 0.000000000000000000e+00
1.380000000000000000e+02 5.520123379441210787e-02 0.000000000000000000e+00 1.000000000000000000e+00 0.000000000000000000e+00 0.000000000000000000e+00 0.000000000000000000e+00
1.410000000000000000e+02 5.640126061602956931e-02 0.000000000000000000e+00 1.000000000000000000e+00 0.000000000000000000e+00 0.000000000000000000e+00 0.000000000000000000e+00
1.440000000000000000e+02 5.760128743764725279e-02 0.000000000000000000e+00 1.000000000000000000e+00 0.000000000000000000e+00 0.000000000000000000e+00 0.000000000000000000e+00
1.470000000000000000e+02 5.880131425926493627e-02 0.000000000000000000e+00 1.000000000000000000e+00 0.000000000000000000e+00 0.000000000000000000e+00 0.000000000000000000e+00
1.500000000000000000e+02 6.000134108088261975e-02 0.000000000000000000e+00 1.000000000000000000e+00 0.000000000000000000e+00 0.000000000000000000e+00 0.000000000000000000e+00
1.530000000000000000e+02 6.120136790250030323e-02 0.000000000000000000e+00 1.000000000000000000e+00 0.000000000000000000e+00 0.000000000000000000e+00 0.000000000000000000e+00
1.560000000000000000e+02 6.240139472411798671e-02 0.000000000000000000e+00 1.000000000000000000e+00 0.000000000000000000e+00 0.000000000000000000e+00 0.000000000000000000e+00
1.590000000000000000e+02 6.360142154573567019e-02 0.000000000000000000e+00 1.000000000000000000e+00 0.000000000000000000e+00 0.000000000000000000e+00 0.000000000000000000e+00
1.620000000000000000e+02 6.480144836735313163e-02 0.000000000000000000e+00 1.000000000000000000e+00 0.000000000000000000e+00 0.000000000000000000e+00 0.000000000000000000e+00
1.650000000000000000e+02 6.600147518897081511e-02 3.413746017296313199e-04 9.996586253982703285e-01 0.000000000000000000e+00 0.000000000000000000e+00 0.000000000000000000e+00
1.680000000000000000e+02 6.720150201058849859e-02 0.000000000000000000e+00 1.000000000000000000e+00 0.000000000000000000e+00 0.000000000000000000e+00 0.000000000000000000e+00
1.710000000000000000e+02 6.840152883220618207e-02 4.551661356395084266e-04 9.995448338643604380e-01 0.000000000000000000e+00 0.000000000000000000e+00 0.000000000000000000e+00
1.740000000000000000e+02 6.960155565382386555e-02 4.551661356395084266e-04 9.995448338643604380e-01 0.000000000000000000e+00 0.000000000000000000e+00 0.000000000000000000e+00
1.770000000000000000e+02 7.080158247544154904e-02 0.000000000000000000e+00 1.000000000000000000e+00 0.000000000000000000e+00 0.000000000000000000e+00 0.000000000000000000e+00
1.800000000000000000e+02 7.200160929705923252e-02 0.000000000000000000e+00 1.000000000000000000e+00 0.000000000000000000e+00 0.000000000000000000e+00 0.000000000000000000e+00
1.830000000000000000e+02 7.320163611867669395e-02 0.000000000000000000e+00 1.000000000000000000e+00 0.000000000000000000e+00 0.000000000000000000e+00 0.000000000000000000e+00
1.860000000000000000e+02 7.440166294029437744e-02 0.000000000000000000e+00 1.000000000000000000e+00 0.000000000000000000e+00 0.000000000000000000e+00 0.000000000000000000e+00
1.890000000000000000e+02 7.560168976191206092e-02 0.000000000000000000e+00 1.000000000000000000e+00 0.000000000000000000e+00 0.000000000000000000e+00 0.000000000000000000e+00
1.920000000000000000e+02 7.680171658352974440e-02 0.000000000000000000e+00 1.000000000000000000e+00 0.000000000000000000e+00 0.000000000000000000e+00 0.000000000000000000e+00
1.950000000000000000e+02 7.800174340514742788e-02 1.137915339098771066e-04 9.998862084660901095e-01 0.000000000000000000e+00 0.000000000000000000e+00 0.000000000000000000e+00
1.980000000000000000e+02 7.920177022676511136e-02 3.413746017296313199e-04 9.995448338643604380e-01 0.000000000000000000e+00 1.137915339098771066e-04 0.000000000000000000e+00
2.010000000000000000e+02 8.040179704838279484e-02 4.551661356395084266e-04 9.995448338643604380e-01 0.000000000000000000e+00 0.000000000000000000e+00 0.000000000000000000e+00
2.040000000000000000e+02 8.160182387000025628e-02 0.000000000000000000e+00 1.000000000000000000e+00 0.000000000000000000e+00 0.000000000000000000e+00 0.000000000000000000e+00
2.070000000000000000e+02 8.280185069161793976e-02 0.000000000000000000e+00 1.000000000000000000e+00 0.000000000000000000e+00 0.000000000000000000e+00 0.000000000000000000e+00
2.100000000000000000e+02 8.400187751323562324e-02 0.000000000000000000e+00 1.000000000000000000e+00 0.000000000000000000e+00 0.000000000000000000e+00 0.000000000000000000e+00
2.130000000000000000e+02 8.520190433485330672e-02 0.000000000000000000e+00 1.000000000000000000e+00 0.000000000000000000e+00 0.000000000000000000e+00 0.000000000000000000e+00
2.160000000000000000e+02 8.640193115647099020e-02 0.000000000000000000e+00 1.000000000000000000e+00 0.000000000000000000e+00 0.000000000000000000e+00 0.000000000000000000e+00
2.190000000000000000e+02 8.760195797808867368e-02 1.137915339098771066e-04 9.998862084660901095e-01 0.000000000000000000e+00 0.000000000000000000e+00 0.000000000000000000e+00
2.220000000000000000e+02 8.880198479970635717e-02 0.000000000000000000e+00 1.000000000000000000e+00 0.000000000000000000e+00 0.000000000000000000e+00 0.000000000000000000e+00
2.250000000000000000e+02 9.000201162132381860e-02 0.000000000000000000e+00 1.000000000000000000e+00 0.000000000000000000e+00 0.000000000000000000e+00 0.000000000000000000e+00
2.280000000000000000e+02 9.120203844294150208e-02 1.137915339098771066e-04 9.998862084660901095e-01 0.000000000000000000e+00 0.000000000000000000e+00 0.000000000000000000e+00
2.310000000000000000e+02 9.240206526455918556e-02 1.137915339098771066e-04 9.998862084660901095e-01 0.000000000000000000e+00 0.000000000000000000e+00 0.000000000000000000e+00
2.340000000000000000e+02 9.360209208617686905e-02 0.000000000000000000e+00 1.000000000000000000e+00 0.000000000000000000e+00 0.000000000000000000e+00 0.000000000000000000e+00
2.370000000000000000e+02 9.480211890779455253e-02 1.024123805188893906e-03 9.988620846609012061e-01 0.000000000000000000e+00 1.137915339098771066e-04 0.000000000000000000e+00
2.400000000000000000e+02 9.600214572941223601e-02 6.827492034592626399e-04 9.992034592626308775e-01 0.000000000000000000e+00 1.137915339098771066e-04 0.000000000000000000e+00
2.430000000000000000e+02 9.720217255102991949e-02 1.137915339098771066e-04 9.996586253982703285e-01 0.000000000000000000e+00 2.275830678197542133e-04 0.000000000000000000e+00
2.460000000000000000e+02 9.840219937264760297e-02 4.551661356395084266e-04 9.995448338643604380e-01 0.000000000000000000e+00 0.000000000000000000e+00 0.000000000000000000e+00
2.490000000000000000e+02 9.960222619426506441e-02 5.689576695493854790e-04 9.994310423304506585e-01 0.000000000000000000e+00 0.000000000000000000e+00 0.000000000000000000e+00
2.520000000000000000e+02 1.008022530158827479e-01 1.137915339098771066e-04 9.997724169321802190e-01 0.000000000000000000e+00 1.137915339098771066e-04 0.000000000000000000e+00
2.550000000000000000e+02 1.020022798375004314e-01 0.000000000000000000e+00 1.000000000000000000e+00 0.000000000000000000e+00 0.000000000000000000e+00 0.000000000000000000e+00
2.580000000000000000e+02 1.032023066591181149e-01 4.551661356395084266e-04 9.995448338643604380e-01 0.000000000000000000e+00 0.000000000000000000e+00 0.000000000000000000e+00
2.610000000000000000e+02 1.044023334807357983e-01 2.275830678197542133e-04 9.997724169321802190e-01 0.000000000000000000e+00 0.000000000000000000e+00 0.000000000000000000e+00
2.640000000000000000e+02 1.056023603023534818e-01 3.413746017296313199e-04 9.996586253982703285e-01 0.000000000000000000e+00 0.000000000000000000e+00 0.000000000000000000e+00
2.670000000000000000e+02 1.068023871239711653e-01 5.689576695493854790e-04 9.994310423304506585e-01 0.000000000000000000e+00 0.000000000000000000e+00 0.000000000000000000e+00
2.700000000000000000e+02 1.080024139455886267e-01 3.413746017296313199e-04 9.996586253982703285e-01 0.000000000000000000e+00 0.000000000000000000e+00 0.000000000000000000e+00
2.730000000000000000e+02 1.092024407672063102e-01 1.137915339098770958e-03 9.988620846609012061e-01 0.000000000000000000e+00 0.000000000000000000e+00 0.000000000000000000e+00
2.760000000000000000e+02 1.104024675888239937e-01 3.072371415566681717e-03 9.969276285844332897e-01 0.000000000000000000e+00 0.000000000000000000e+00 0.000000000000000000e+00
2.790000000000000000e+02 1.116024944104416772e-01 4.210286754665453109e-03 9.957897132453344957e-01 0.000000000000000000e+00 0.000000000000000000e+00 0.000000000000000000e+00
2.820000000000000000e+02 1.128025212320593607e-01 2.958579881656804664e-03 9.970414201183431802e-01 0.000000000000000000e+00 0.000000000000000000e+00 0.000000000000000000e+00
2.850000000000000000e+02 1.140025480536770441e-01 2.389622212107419402e-03 9.976103777878926326e-01 0.000000000000000000e+00 0.000000000000000000e+00 0.000000000000000000e+00
2.880000000000000000e+02 1.152025748752947276e-01 2.730996813837050560e-03 9.972690031861629611e-01 0.000000000000000000e+00 0.000000000000000000e+00 0.000000000000000000e+00
2.910000000000000000e+02 1.164026016969121891e-01 3.299954483386436255e-03 9.967000455166135087e-01 0.000000000000000000e+00 0.000000000000000000e+00 0.000000000000000000e+00
2.940000000000000000e+02 1.176026285185298725e-01 3.527537551206190360e-03 9.964724624487938387e-01 0.000000000000000000e+00 0.000000000000000000e+00 0.000000000000000000e+00
2.970000000000000000e+02 1.188026553401475560e-01 3.641329085116067413e-03 9.963586709148839482e-01 0.000000000000000000e+00 0.000000000000000000e+00 0.000000000000000000e+00
3.000000000000000000e+02 1.200026821617652395e-01 3.527537551206190360e-03 9.964724624487938387e-01 0.000000000000000000e+00 0.000000000000000000e+00 0.000000000000000000e+00
3.030000000000000000e+02 1.212027089833829230e-01 5.348202093764223633e-03 9.946517979062358128e-01 0.000000000000000000e+00 0.000000000000000000e+00 0.000000000000000000e+00
3.060000000000000000e+02 1.224027358050006065e-01 6.827492034592626616e-03 9.930587164314974569e-01 0.000000000000000000e+00 1.137915339098771066e-04 0.000000000000000000e+00
3.090000000000000000e+02 1.236027626266182899e-01 5.006827492034592909e-03 9.948793809740554828e-01 0.000000000000000000e+00 1.137915339098771066e-04 0.000000000000000000e+00
3.120000000000000000e+02 1.248027894482357514e-01 5.803368229403732710e-03 9.941966317705962508e-01 0.000000000000000000e+00 0.000000000000000000e+00 0.000000000000000000e+00
3.150000000000000000e+02 1.260028162698534349e-01 7.055075102412380721e-03 9.929449248975875664e-01 0.000000000000000000e+00 0.000000000000000000e+00 0.000000000000000000e+00
3.180000000000000000e+02 1.272028430914711183e-01 8.079198907601274626e-03 9.918070095584888834e-01 0.000000000000000000e+00 1.137915339098771066e-04 0.000000000000000000e+00
3.210000000000000000e+02 1.284028699130888018e-01 7.965407373691398007e-03 9.918070095584888834e-01 0.000000000000000000e+00 2.275830678197542133e-04 0.000000000000000000e+00
3.240000000000000000e+02 1.296028967347064853e-01 1.183431952662721866e-02 9.878243058716431602e-01 0.000000000000000000e+00 3.413746017296313199e-04 0.000000000000000000e+00
3.270000000000000000e+02 1.308029235563241688e-01 1.433773327264451468e-02 9.854346836595356818e-01 0.000000000000000000e+00 2.275830678197542133e-04 0.000000000000000000e+00
3.300000000000000000e+02 1.320029503779418523e-01 1.479289940828402289e-02 9.852071005917160118e-01 0.000000000000000000e+00 0.000000000000000000e+00 0.000000000000000000e+00
3.330000000000000000e+02 1.332029771995593137e-01 1.615839781520254925e-02 9.837278106508875464e-01 0.000000000000000000e+00 1.137915339098771066e-04 0.000000000000000000e+00
3.360000000000000000e+02 1.344030040211769972e-01 1.797906235776058209e-02 9.814519799726900695e-01 0.000000000000000000e+00 5.689576695493854790e-04 0.000000000000000000e+00
3.390000000000000000e+02 1.356030308427946807e-01 2.412380518889394726e-02 9.749658625398270884e-01 0.000000000000000000e+00 9.103322712790168532e-04 0.000000000000000000e+00
3.420000000000000000e+02 1.368030576644123641e-01 2.366863905325443732e-02 9.755348202093764298e-01 0.000000000000000000e+00 7.965407373691396923e-04 0.000000000000000000e+00
3.450000000000000000e+02 1.380030844860300476e-01 3.083750568957669552e-02 9.685935366408738867e-01 0.000000000000000000e+00 5.689576695493854790e-04 0.000000000000000000e+00
3.480000000000000000e+02 1.392031113076477311e-01 3.868912152935821691e-02 9.600591715976330986e-01 0.000000000000000000e+00 1.251706873008648227e-03 0.000000000000000000e+00
3.510000000000000000e+02 1.404031381292654146e-01 4.346836595357305572e-02 9.543695949021392400e-01 0.000000000000000000e+00 2.162039144287664864e-03 0.000000000000000000e+00
3.540000000000000000e+02 1.416031649508828760e-01 5.097860719162494031e-02 9.454938552571688914e-01 0.000000000000000000e+00 3.527537551206190360e-03 0.000000000000000000e+00
3.570000000000000000e+02 1.428031917725005595e-01 6.156121984524351443e-02 9.341147018661811741e-01 0.000000000000000000e+00 4.324078288575329727e-03 0.000000000000000000e+00
3.600000000000000000e+02 1.440032185941182430e-01 7.294037323623121793e-02 9.228493400091033472e-01 0.000000000000000000e+00 4.210286754665453109e-03 0.000000000000000000e+00
3.630000000000000000e+02 1.452032454157359265e-01 8.363677742375967561e-02 9.110150204824760678e-01 0.000000000000000000e+00 5.348202093764223633e-03 0.000000000000000000e+00
3.660000000000000000e+02 1.464032722373536100e-01 9.820209376422393832e-02 8.950842057350932857e-01 0.000000000000000000e+00 6.713700500682749130e-03 0.000000000000000000e+00
3.690000000000000000e+02 1.476032990589712934e-01 1.184569868001820597e-01 8.730086481565771939e-01 0.000000000000000000e+00 8.534365043240782836e-03 0.000000000000000000e+00
3.720000000000000000e+02 1.488033258805889769e-01 1.373463814292216756e-01 8.529813381884387979e-01 0.000000000000000000e+00 9.672280382339554228e-03 0.000000000000000000e+00
3.750000000000000000e+02 1.500033527022064384e-01 1.572598998634501533e-01 8.296540737369140217e-01 0.000000000000000000e+00 1.308602639963586667e-02 0.000000000000000000e+00
3.780000000000000000e+02 1.512033795238241218e-01 1.854802002730996935e-01 7.974510696404187859e-01 0.000000000000000000e+00 1.706873008648156567e-02 0.000000000000000000e+00
3.810000000000000000e+02 1.524034063454418053e-01 2.181383705052344080e-01 7.560309512972235302e-01 0.000000000000000000e+00 2.583067819754210348e-02 0.000000000000000000e+00
3.840000000000000000e+02 1.536034331670594888e-01 2.547792444242148457e-01 7.129039599453800280e-01 0.000000000000000000e+00 3.231679563040509851e-02 0.000000000000000000e+00
3.870000000000000000e+02 1.548034599886771723e-01 2.999544833864360438e-01 6.616977696859354108e-01 0.000000000000000000e+00 3.834774692762858705e-02 0.000000000000000000e+00
3.900000000000000000e+02 1.560034868102948558e-01 3.433090578060992160e-01 6.078743741465635342e-01 0.000000000000000000e+00 4.881656804733727761e-02 0.000000000000000000e+00
3.930000000000000000e+02 1.572035136319125392e-01 3.825671370050068298e-01 5.573509330905780379e-01 0.000000000000000000e+00 6.008192990441511144e-02 0.000000000000000000e+00
3.960000000000000000e+02 1.584035404535302227e-01 4.208010923987255403e-01 5.063723258989530907e-01 0.000000000000000000e+00 7.282658170232134132e-02 0.000000000000000000e+00
3.990000000000000000e+02 1.596035672751476842e-01 4.705279927173418031e-01 4.433318161128811941e-01 1.137915339098771066e-04 8.602639963586708460e-02 0.000000000000000000e+00
4.020000000000000000e+02 1.608035940967653676e-01 5.216203914428766408e-01 3.802913063268092975e-01 1.137915339098771066e-04 9.797451069640418508e-02 0.000000000000000000e+00
4.050000000000000000e+02 1.620036209183830511e-01 5.686162949476558648e-01 3.182749203459262488e-01 3.413746017296313199e-04 1.127674101046882149e-01 0.000000000000000000e+00
4.080000000000000000e+02 1.632036477400007346e-01 6.181156121984524576e-01 2.504551661356395065e-01 3.413746017296313199e-04 1.310878470641784199e-01 0.000000000000000000e+00
4.110000000000000000e+02 1.644036745616184181e-01 6.499772416932180219e-01 2.000455166135639562e-01 4.551661356395084266e-04 1.495220755575785154e-01 0.000000000000000000e+00
4.140000000000000000e+02 1.656037013832361016e-01 6.742148384160218111e-01 1.587391898042785632e-01 6.827492034592626399e-04 1.663632225762403383e-01 0.000000000000000000e+00
4.170000000000000000e+02 1.668037282048537850e-01 6.989076012744651623e-01 1.249431042330450548e-01 1.024123805188893906e-03 1.751251706873008518e-01 0.000000000000000000e+00
4.200000000000000000e+02 1.680037550264712465e-01 7.182521620391443262e-01 9.478834774692762588e-02 1.024123805188893906e-03 1.859353664087392000e-01 0.000000000000000000e+00
4.230000000000000000e+02 1.692037818480889300e-01 7.327036868456986429e-01 7.134729176149294527e-02 2.389622212107419402e-03 1.935593991807009473e-01 0.000000000000000000e+00
4.260000000000000000e+02 1.704038086697066134e-01 7.381656804733728316e-01 5.461993627674101293e-02 2.958579881656804664e-03 2.042558033682294050e-01 0.000000000000000000e+00
4.290000000000000000e+02 1.716038354913242969e-01 7.441966317705962508e-01 4.096495220755575623e-02 2.958579881656804664e-03 2.118798361401911801e-01 0.000000000000000000e+00
4.320000000000000000e+02 1.728038623129419804e-01 7.473827947200728516e-01 3.163404642694583185e-02 4.437869822485207214e-03 2.165452890304961353e-01 0.000000000000000000e+00
4.350000000000000000e+02 1.740038891345596639e-01 7.471552116522530707e-01 2.685480200273099652e-02 6.372325898953117539e-03 2.196176604460628179e-01 0.000000000000000000e+00
4.380000000000000000e+02 1.752039159561773474e-01 7.527309968138370389e-01 2.082385070550751144e-02 8.420573509330906217e-03 2.180245789713245452e-01 0.000000000000000000e+00
4.410000000000000000e+02 1.764039427777948088e-01 7.538689121529358328e-01 1.888939462903959851e-02 8.306781975421027864e-03 2.189349112426035582e-01 0.000000000000000000e+00
4.440000000000000000e+02 1.776039695994124923e-01 7.544378698224851743e-01 1.706873008648156567e-02 7.965407373691398007e-03 2.205279927173418308e-01 0.000000000000000000e+00
4.470000000000000000e+02 1.788039964210301758e-01 7.561447428311333097e-01 1.627218934911242587e-02 8.079198907601274626e-03 2.195038689121529274e-01 0.000000000000000000e+00
4.500000000000000000e+02 1.800040232426478592e-01 7.616067364588074984e-01 1.649977241693217911e-02 8.306781975421027864e-03 2.135867091488393155e-01 0.000000000000000000e+00
4.530000000000000000e+02 1.812040500642655427e-01 7.637687756030950847e-01 1.649977241693217911e-02 9.217114246700046018e-03 2.105143377332726329e-01 0.000000000000000000e+00
4.560000000000000000e+02 1.824040768858832262e-01 7.650204824761037692e-01 1.729631315430131891e-02 1.126536185707783383e-02 2.064178425125170746e-01 0.000000000000000000e+00
4.590000000000000000e+02 1.836041037075009097e-01 7.675238962221210270e-01 1.934456076467910846e-02 1.376877560309512985e-02 1.993627674101046965e-01 0.000000000000000000e+00
4.620000000000000000e+02 1.848041305291183711e-01 7.676376877560309175e-01 2.014110150204824826e-02 1.570323167956303931e-02 1.965179790623577671e-01 0.000000000000000000e+00
4.650000000000000000e+02 1.860041573507360546e-01 7.621756941283568398e-01 2.127901684114701791e-02 1.627218934911242587e-02 2.002730996813837094e-01 0.000000000000000000e+00
4.680000000000000000e+02 1.872041841723537381e-01 7.627446517979061813e-01 2.082385070550751144e-02 1.684114701866181243e-02 1.995903504779244497e-01 0.000000000000000000e+00
4.710000000000000000e+02 1.884042109939714216e-01 7.611515703231679364e-01 2.025489303595812488e-02 1.593081474738279601e-02 2.026627218934911323e-01 0.000000000000000000e+00
4.740000000000000000e+02 1.896042378155891051e-01 7.550068274920346267e-01 2.173418297678652786e-02 1.763768775603095224e-02 2.056213017751479244e-01 0.000000000000000000e+00
4.770000000000000000e+02 1.908042646372067885e-01 7.552344105598542967e-01 2.127901684114701791e-02 1.866181156121984527e-02 2.048247610377788019e-01 0.000000000000000000e+00
4.800000000000000000e+02 1.920042914588244720e-01 7.552344105598542967e-01 2.173418297678652786e-02 2.071005917159763482e-02 2.023213472917614886e-01 0.000000000000000000e+00
4.830000000000000000e+02 1.932043182804419335e-01 7.650204824761037692e-01 2.116522530723714129e-02 2.127901684114701791e-02 1.925352753755120716e-01 0.000000000000000000e+00
4.860000000000000000e+02 1.944043451020596169e-01 7.693445607646790529e-01 2.082385070550751144e-02 2.389622212107419055e-02 1.859353664087392000e-01 0.000000000000000000e+00
4.890000000000000000e+02 1.956043719236773004e-01 7.710514337733272994e-01 2.139280837505689453e-02 2.469276285844333035e-02 1.828629949931725174e-01 0.000000000000000000e+00
4.920000000000000000e+02 1.968043987452949839e-01 7.757168866636322546e-01 2.150659990896677115e-02 2.685480200273099652e-02 1.759217114246700020e-01 0.000000000000000000e+00
4.950000000000000000e+02 1.980044255669126674e-01 7.807237141556667703e-01 2.173418297678652786e-02 2.787892580791988956e-02 1.696631770596267741e-01 0.000000000000000000e+00
4.980000000000000000e+02 1.992044523885303509e-01 7.872098315885298625e-01 2.127901684114701791e-02 2.867546654528902936e-02 1.628356850250341492e-01 0.000000000000000000e+00
5.010000000000000000e+02 2.004044792101480343e-01 7.919890760127445972e-01 2.025489303595812488e-02 3.254437869822485174e-02 1.552116522530723741e-01 0.000000000000000000e+00
5.040000000000000000e+02 2.016045060317654958e-01 7.980200273099681274e-01 1.979972690031861493e-02 3.425125170687300796e-02 1.479289940828402428e-01 0.000000000000000000e+00
5.070000000000000000e+02 2.028045328533831793e-01 7.990441511151570309e-01 2.082385070550751144e-02 3.629949931725079404e-02 1.438324988620846567e-01 0.000000000000000000e+00
5.100000000000000000e+02 2.040045596750008627e-01 7.977924442421483464e-01 2.184797451069640448e-02 3.971324533454710648e-02 1.406463359126081114e-01 0.000000000000000000e+00
5.130000000000000000e+02 2.052045864966185462e-01 7.969959035047792240e-01 2.401001365498407064e-02 4.415111515703231543e-02 1.348429676832043622e-01 0.000000000000000000e+00
5.160000000000000000e+02 2.064046133182362297e-01 7.993855257168867023e-01 2.537551206190259354e-02 4.608557123350022489e-02 1.291533909877105035e-01 0.000000000000000000e+00
5.190000000000000000e+02 2.076046401398539132e-01 8.017751479289940697e-01 2.594446973145198010e-02 4.790623577605826466e-02 1.243741465634956717e-01 0.000000000000000000e+00
5.220000000000000000e+02 2.088046669614715967e-01 8.025716886663631922e-01 2.628584433318160996e-02 5.029585798816568060e-02 1.208466090122894826e-01 0.000000000000000000e+00
5.250000000000000000e+02 2.100046937830890581e-01 7.997269003186162628e-01 2.685480200273099652e-02 5.291306326809285671e-02 1.205052344105598527e-01 0.000000000000000000e+00
5.280000000000000000e+02 2.112047206047067416e-01 8.059854346836595740e-01 2.651342740100136666e-02 5.518889394629039602e-02 1.123122439690487084e-01 0.000000000000000000e+00
5.310000000000000000e+02 2.124047474263244251e-01 8.097405553026855163e-01 2.719617660446062984e-02 5.518889394629039602e-02 1.078743741465634925e-01 0.000000000000000000e+00
5.340000000000000000e+02 2.136047742479421085e-01 8.120163859808829931e-01 2.810650887573964626e-02 5.678197542102867562e-02 1.030951297223486607e-01 0.000000000000000000e+00
5.370000000000000000e+02 2.148048010695597920e-01 8.175921711424669613e-01 2.685480200273099652e-02 5.496131087847064278e-02 1.005917159763313612e-01 0.000000000000000000e+00
5.400000000000000000e+02 2.160048278911774755e-01 8.169094219390077294e-01 2.799271734182976618e-02 5.518889394629039602e-02 9.990896677287210148e-02 0.000000000000000000e+00
5.430000000000000000e+02 2.172048547127951590e-01 8.223714155666818071e-01 2.787892580791988956e-02 5.541647701411014926e-02 9.433318161128811941e-02 0.000000000000000000e+00
5.460000000000000000e+02 2.184048815344128425e-01 8.264679107874374209e-01 2.969959035047792587e-02 5.336822940373236318e-02 9.046426945835230049e-02 0.000000000000000000e+00
5.490000000000000000e+02 2.196049083560303039e-01 8.272644515248065433e-01 3.231679563040509851e-02 5.518889394629039602e-02 8.522985889849794827e-02 0.000000000000000000e+00
5.520000000000000000e+02 2.208049351776479874e-01 8.256713700500682984e-01 3.425125170687300796e-02 5.553026854802002588e-02 8.454710969503868856e-02 0.000000000000000000e+00
5.550000000000000000e+02 2.220049619992656709e-01 8.225989986345015881e-01 3.402366863905325473e-02 5.723714155666818210e-02 8.614019116977697510e-02 0.000000000000000000e+00
5.580000000000000000e+02 2.232049888208833544e-01 8.249886208466090665e-01 3.470641784251251444e-02 5.814747382794720199e-02 8.215748748293126569e-02 0.000000000000000000e+00
5.610000000000000000e+02 2.244050156425010378e-01 8.246472462448793950e-01 3.413746017296313134e-02 5.928538916704597511e-02 8.192990441511151245e-02 0.000000000000000000e+00
5.640000000000000000e+02 2.256050424641187213e-01 8.238507055075102725e-01 3.584433318161128756e-02 6.087847064178425471e-02 7.942649066909421296e-02 0.000000000000000000e+00
5.670000000000000000e+02 2.268050692857364048e-01 8.273782430587164338e-01 3.607191624943104080e-02 6.030951297223486468e-02 7.624032771961765376e-02 0.000000000000000000e+00
5.700000000000000000e+02 2.280050961073538662e-01 8.266954938552572019e-01 3.766499772416932040e-02 6.121984524351388457e-02 7.441966317705962786e-02 0.000000000000000000e+00
5.730000000000000000e+02 2.292051229289715497e-01 8.284023668639053373e-01 3.823395539371871044e-02 6.156121984524351443e-02 7.180245789713245175e-02 0.000000000000000000e+00
5.760000000000000000e+02 2.304051497505892332e-01 8.299954483386435822e-01 3.903049613108784677e-02 6.110605370960400795e-02 6.986800182066454923e-02 0.000000000000000000e+00
5.790000000000000000e+02 2.316051765722069167e-01 8.311333636777423761e-01 3.937187073281747662e-02 6.030951297223486468e-02 6.918525261720527564e-02 0.000000000000000000e+00
5.820000000000000000e+02 2.328052033938246002e-01 8.392125625853436022e-01 3.823395539371871044e-02 5.814747382794720199e-02 6.440600819299044377e-02 0.000000000000000000e+00
5.850000000000000000e+02 2.340052302154422836e-01 8.409194355939918486e-01 3.903049613108784677e-02 5.644060081929904577e-02 6.360946745562130744e-02 0.000000000000000000e+00
5.880000000000000000e+02 2.352052570370599671e-01 8.377332726445152478e-01 4.085116067364587961e-02 5.518889394629039602e-02 6.622667273554846967e-02 0.000000000000000000e+00
5.910000000000000000e+02 2.364052838586774286e-01 8.388711879836140417e-01 4.107874374146563284e-02 5.496131087847064278e-02 6.508875739644970349e-02 0.000000000000000000e+00
5.940000000000000000e+02 2.376053106802951120e-01 8.417159763313609711e-01 4.130632680928538608e-02 5.439235320892125969e-02 6.258534365043240399e-02 0.000000000000000000e+00
5.970000000000000000e+02 2.388053375019127955e-01 8.417159763313609711e-01 4.233045061447428259e-02 5.439235320892125969e-02 6.156121984524351443e-02 0.000000000000000000e+00
6.000000000000000000e+02 2.400053643235304790e-01 8.438780154756485574e-01 4.278561675011378906e-02 5.553026854802002588e-02 5.780609922621757213e-02 0.000000000000000000e+00
6.030000000000000000e+02 2.412053911451481625e-01 8.443331816112881194e-01 4.426490669094219205e-02 5.587164314974965573e-02 5.553026854802002588e-02 0.000000000000000000e+00
6.060000000000000000e+02 2.424054179667658460e-01 8.435366408739189970e-01 4.403732362312243881e-02 5.609922621756941591e-02 5.632680928538916915e-02 0.000000000000000000e+00
6.090000000000000000e+02 2.436054447883835294e-01 8.488848429676831842e-01 4.164770141101502288e-02 5.507510241238051940e-02 5.439235320892125969e-02 0.000000000000000000e+00
6.120000000000000000e+02 2.448054716100009909e-01 8.479745106964041712e-01 4.267182521620391245e-02 5.723714155666818210e-02 5.211652253072371344e-02 0.000000000000000000e+00
6.150000000000000000e+02 2.460054984316186744e-01 8.493400091033227461e-01 4.369594902139280895e-02 5.632680928538916915e-02 5.063723258989531045e-02 0.000000000000000000e+00
6.180000000000000000e+02 2.472055252532363578e-01 8.421711424670004220e-01 4.676832043695949154e-02 5.894401456531633832e-02 5.211652253072371344e-02 0.000000000000000000e+00
6.210000000000000000e+02 2.484055520748540413e-01 8.438780154756485574e-01 4.608557123350022489e-02 5.951297223486572835e-02 5.052344105598543383e-02 0.000000000000000000e+00
6.240000000000000000e+02 2.496055788964717248e-01 8.453573054164770229e-01 4.790623577605826466e-02 5.780609922621757213e-02 4.893035958124715423e-02 0.000000000000000000e+00
6.270000000000000000e+02 2.508056057180894083e-01 8.442193900773782289e-01 4.824761037778789452e-02 5.860263996358670846e-02 4.893035958124715423e-02 0.000000000000000000e+00
6.300000000000000000e+02 2.520056325397070918e-01 8.441055985434683384e-01 4.870277651342740100e-02 5.951297223486572835e-02 4.767865270823850449e-02 0.000000000000000000e+00
6.330000000000000000e+02 2.532056593613245532e-01 8.420573509330905315e-01 4.927173418297678409e-02 6.110605370960400795e-02 4.756486117432862787e-02 0.000000000000000000e+00
6.360000000000000000e+02 2.544056861829422367e-01 8.412608101957214091e-01 5.166135639508420696e-02 6.133363677742376119e-02 4.574419663177059503e-02 0.000000000000000000e+00
6.390000000000000000e+02 2.556057130045599202e-01 8.423987255348202030e-01 5.257168866636321991e-02 6.076467910787437116e-02 4.426490669094219205e-02 0.000000000000000000e+00
6.420000000000000000e+02 2.568057398261776036e-01 8.438780154756485574e-01 5.143377332726445372e-02 6.030951297223486468e-02 4.437869822485206867e-02 0.000000000000000000e+00
6.450000000000000000e+02 2.580057666477952871e-01 8.454710969503869133e-01 5.063723258989531045e-02 5.962676376877560497e-02 4.426490669094219205e-02 0.000000000000000000e+00
6.480000000000000000e+02 2.592057934694129706e-01 8.450159308147473514e-01 5.086481565771506369e-02 6.099226217569413133e-02 4.312699135184342586e-02 0.000000000000000000e+00
6.510000000000000000e+02 2.604058202910306541e-01 8.454710969503869133e-01 5.211652253072371344e-02 6.156121984524351443e-02 4.085116067364587961e-02 0.000000000000000000e+00
6.540000000000000000e+02 2.616058471126481155e-01 8.459262630860263643e-01 5.348202093764223980e-02 6.030951297223486468e-02 4.028220300409649651e-02 0.000000000000000000e+00
6.570000000000000000e+02 2.628058739342657990e-01 8.480883022303140617e-01 5.359581247155211642e-02 5.871643149749658508e-02 3.959945380063722986e-02 0.000000000000000000e+00
6.600000000000000000e+02 2.640059007558834825e-01 8.460400546199362548e-01 5.473372781065088954e-02 5.928538916704597511e-02 3.994082840236686666e-02 0.000000000000000000e+00
6.630000000000000000e+02 2.652059275775011660e-01 8.482020937642239522e-01 5.416477014110149951e-02 5.780609922621757213e-02 3.982703686845699004e-02 0.000000000000000000e+00
6.660000000000000000e+02 2.664059543991188495e-01 8.469503868912152678e-01 5.484751934456076616e-02 5.848884842967683184e-02 3.971324533454710648e-02 0.000000000000000000e+00
6.690000000000000000e+02 2.676059812207365329e-01 8.462676376877560358e-01 5.484751934456076616e-02 5.826126536185707860e-02 4.050978607191624975e-02 1.137915339098771066e-04
6.720000000000000000e+02 2.688060080423542164e-01 8.469503868912152678e-01 5.348202093764223980e-02 5.757851615839781195e-02 4.198907601274465273e-02 0.000000000000000000e+00
6.750000000000000000e+02 2.700060348639716779e-01 8.474055530268548297e-01 5.450614474283113631e-02 5.655439235320892238e-02 4.153390987710514626e-02 0.000000000000000000e+00
6.780000000000000000e+02 2.712060616855893613e-01 8.446745562130177909e-01 5.564406008192990249e-02 5.780609922621757213e-02 4.187528447883477611e-02 0.000000000000000000e+00
6.810000000000000000e+02 2.724060885072070448e-01 8.476331360946746107e-01 5.405097860719162289e-02 5.746472462448793533e-02 4.085116067364587961e-02 0.000000000000000000e+00
