# itime ezz other fcc hcp bcc ico
0.000000000000000000e+00 0.000000000000000000e+00 3.413746017296313199e-04 9.996586253982703285e-01 0.000000000000000000e+00 0.000000000000000000e+00 0.000000000000000000e+00
2.500000000000000000e+02 9.999724632319129114e-04 5.689576695493854790e-04 9.994310423304506585e-01 0.000000000000000000e+00 0.000000000000000000e+00 0.000000000000000000e+00
5.000000000000000000e+02 1.999944926463825823e-03 7.965407373691396923e-04 9.990896677287209870e-01 0.000000000000000000e+00 1.137915339098771066e-04 0.000000000000000000e+00
7.500000000000000000e+02 2.999917389695738734e-03 1.137915339098771066e-04 9.998862084660901095e-01 0.000000000000000000e+00 0.000000000000000000e+00 0.000000000000000000e+00
1.000000000000000000e+03 3.999889852927651646e-03 2.275830678197542133e-04 9.997724169321802190e-01 0.000000000000000000e+00 0.000000000000000000e+00 0.000000000000000000e+00
1.250000000000000000e+03 4.999862316159564557e-03 9.103322712790168532e-04 9.990896677287209870e-01 0.000000000000000000e+00 0.000000000000000000e+00 0.000000000000000000e+00
1.500000000000000000e+03 5.999834779391477468e-03 0.000000000000000000e+00 1.000000000000000000e+00 0.000000000000000000e+00 0.000000000000000000e+00 0.000000000000000000e+00
1.750000000000000000e+03 6.999807242623390380e-03 7.965407373691396923e-04 9.992034592626308775e-01 0.000000000000000000e+00 0.000000000000000000e+00 0.000000000000000000e+00
2.000000000000000000e+03 7.999779705855303291e-03 1.479289940828402332e-03 9.985207100591716456e-01 0.000000000000000000e+00 0.000000000000000000e+00 0.000000000000000000e+00
2.250000000000000000e+03 8.999752169087216203e-03 1.137915339098770958e-03 9.988620846609012061e-01 0.000000000000000000e+00 0.000000000000000000e+00 0.000000000000000000e+00
2.500000000000000000e+03 9.999724632319129114e-03 1.251706873008648227e-03 9.987482931269913156e-01 0.000000000000000000e+00 0.000000000000000000e+00 0.000000000000000000e+00
2.750000000000000000e+03 1.099969709555104203e-02 4.551661356395084266e-04 9.995448338643604380e-01 0.000000000000000000e+00 0.000000000000000000e+00 0.000000000000000000e+00
3.000000000000000000e+03 1.199966955878273289e-02 2.389622212107419402e-03 9.976103777878926326e-01 0.000000000000000000e+00 0.000000000000000000e+00 0.000000000000000000e+00
3.250000000000000000e+03 1.299964202201464580e-02 2.162039144287664864e-03 9.978379608557123026e-01 0.000000000000000000e+00 0.000000000000000000e+00 0.000000000000000000e+00
3.500000000000000000e+03 1.399961448524655871e-02 3.413746017296313199e-04 9.996586253982703285e-01 0.000000000000000000e+00 0.000000000000000000e+00 0.000000000000000000e+00
3.750000000000000000e+03 1.499958694847847163e-02 1.593081474738279385e-03 9.984069185252617551e-01 0.000000000000000000e+00 0.000000000000000000e+00 0.000000000000000000e+00
4.000000000000000000e+03 1.599955941171038454e-02 2.503413746017296455e-03 9.974965862539827421e-01 0.000000000000000000e+00 0.000000000000000000e+00 0.000000000000000000e+00
4.250000000000000000e+03 1.699953187494229745e-02 1.251706873008648227e-03 9.987482931269913156e-01 0.000000000000000000e+00 0.000000000000000000e+00 0.000000000000000000e+00
4.500000000000000000e+03 1.799950433817421036e-02 6.827492034592626399e-04 9.993172507965407680e-01 0.000000000000000000e+00 0.000000000000000000e+00 0.000000000000000000e+00
4.750000000000000000e+03 1.899947680140612327e-02 1.820664542558033706e-03 9.981793354574419741e-01 0.000000000000000000e+00 0.000000000000000000e+00 0.000000000000000000e+00
5.000000000000000000e+03 1.999944926463803618e-02 3.072371415566681717e-03 9.969276285844332897e-01 0.000000000000000000e+00 0.000000000000000000e+00 0.000000000000000000e+00
5.250000000000000000e+03 2.099942172786994909e-02 1.820664542558033706e-03 9.981793354574419741e-01 0.000000000000000000e+00 0.000000000000000000e+00 0.000000000000000000e+00
5.500000000000000000e+03 2.199939419110186201e-02 1.479289940828402332e-03 9.985207100591716456e-01 0.000000000000000000e+00 0.000000000000000000e+00 0.000000000000000000e+00
5.750000000000000000e+03 2.299936665433377492e-02 2.503413746017296455e-03 9.974965862539827421e-01 0.000000000000000000e+00 0.000000000000000000e+00 0.000000000000000000e+00
6.000000000000000000e+03 2.399933911756568783e-02 2.503413746017296455e-03 9.974965862539827421e-01 0.000000000000000000e+00 0.000000000000000000e+00 0.000000000000000000e+00
6.250000000000000000e+03 2.499931158079760074e-02 1.706873008648156654e-03 9.981793354574419741e-01 0.000000000000000000e+00 1.137915339098771066e-04 0.000000000000000000e+00
6.500000000000000000e+03 2.599928404402951365e-02 3.527537551206190360e-03 9.964724624487938387e-01 0.000000000000000000e+00 0.000000000000000000e+00 0.000000000000000000e+00
6.750000000000000000e+03 2.699925650726142656e-02 3.755120619025944465e-03 9.962448793809740577e-01 0.000000000000000000e+00 0.000000000000000000e+00 0.000000000000000000e+00
7.000000000000000000e+03 2.799922897049333947e-02 6.258534365043240920e-03 9.936276741010469093e-01 0.000000000000000000e+00 1.137915339098771066e-04 0.000000000000000000e+00
7.250000000000000000e+03 2.899920143372525239e-02 4.779244424214838804e-03 9.952207555757851543e-01 0.000000000000000000e+00 0.000000000000000000e+00 0.000000000000000000e+00
7.500000000000000000e+03 2.999917389695716530e-02 3.186162949476558769e-03 9.965862539827037292e-01 0.000000000000000000e+00 2.275830678197542133e-04 0.000000000000000000e+00
7.750000000000000000e+03 3.099914636018907821e-02 2.844788347746927612e-03 9.970414201183431802e-01 0.000000000000000000e+00 1.137915339098771066e-04 0.000000000000000000e+00
8.000000000000000000e+03 3.199911882342099112e-02 2.389622212107419402e-03 9.976103777878926326e-01 0.000000000000000000e+00 0.000000000000000000e+00 0.000000000000000000e+00
8.250000000000000000e+03 3.299909128665290403e-02 3.641329085116067413e-03 9.960172963131542767e-01 0.000000000000000000e+00 3.413746017296313199e-04 0.000000000000000000e+00
8.500000000000000000e+03 3.399906374988459490e-02 5.917159763313609329e-03 9.940828402366863603e-01 0.000000000000000000e+00 0.000000000000000000e+00 0.000000000000000000e+00
8.750000000000000000e+03 3.499903621311650781e-02 5.689576695493855224e-03 9.940828402366863603e-01 0.000000000000000000e+00 2.275830678197542133e-04 0.000000000000000000e+00
9.000000000000000000e+03 3.599900867634842072e-02 5.006827492034592909e-03 9.947655894401457033e-01 0.000000000000000000e+00 2.275830678197542133e-04 0.000000000000000000e+00
9.250000000000000000e+03 3.699898113958033363e-02 2.617205279927173507e-03 9.973827947200728516e-01 0.000000000000000000e+00 0.000000000000000000e+00 0.000000000000000000e+00
9.500000000000000000e+03 3.799895360281224654e-02 8.420573509330906217e-03 9.914656349567592120e-01 0.000000000000000000e+00 1.137915339098771066e-04 0.000000000000000000e+00
9.750000000000000000e+03 3.899892606604415946e-02 5.348202093764223633e-03 9.945380063723259223e-01 0.000000000000000000e+00 1.137915339098771066e-04 0.000000000000000000e+00
1.000000000000000000e+04 3.999889852927607237e-02 6.144742831133363434e-03 9.936276741010469093e-01 0.000000000000000000e+00 2.275830678197542133e-04 0.000000000000000000e+00
1.025000000000000000e+04 4.099887099250798528e-02 6.713700500682749130e-03 9.929449248975875664e-01 0.000000000000000000e+00 3.413746017296313199e-04 0.000000000000000000e+00
1.050000000000000000e+04 4.199884345573989819e-02 1.024123805188893906e-02 9.894173873463814051e-01 0.000000000000000000e+00 3.413746017296313199e-04 0.000000000000000000e+00
1.075000000000000000e+04 4.299881591897181110e-02 1.058261265361857065e-02 9.888484296768320636e-01 0.000000000000000000e+00 5.689576695493854790e-04 0.000000000000000000e+00
1.100000000000000000e+04 4.399878838220372401e-02 1.035502958579881741e-02 9.889622212107419541e-01 0.000000000000000000e+00 6.827492034592626399e-04 0.000000000000000000e+00
1.125000000000000000e+04 4.499876084543563692e-02 8.875739644970414427e-03 9.905553026854801990e-01 0.000000000000000000e+00 5.689576695493854790e-04 0.000000000000000000e+00
1.150000000000000000e+04 4.599873330866754984e-02 9.217114246700046018e-03 9.904415111515703085e-01 0.000000000000000000e+00 3.413746017296313199e-04 0.000000000000000000e+00
1.175000000000000000e+04 4.699870577189946275e-02 1.581702321347291593e-02 9.838416021847974369e-01 0.000000000000000000e+00 3.413746017296313199e-04 0.000000000000000000e+00
1.200000000000000000e+04 4.799867823513137566e-02 1.365498406918525323e-02 9.858898497951752438e-01 0.000000000000000000e+00 4.551661356395084266e-04 0.000000000000000000e+00
1.225000000000000000e+04 4.899865069836328857e-02 1.467910787437414627e-02 9.845243513882566688e-01 0.000000000000000000e+00 7.965407373691396923e-04 0.000000000000000000e+00
1.250000000000000000e+04 4.999862316159520148e-02 1.479289940828402289e-02 9.846381429221665593e-01 0.000000000000000000e+00 5.689576695493854790e-04 0.000000000000000000e+00
1.275000000000000000e+04 5.099859562482711439e-02 1.536185707783340945e-02 9.838416021847974369e-01 0.000000000000000000e+00 7.965407373691396923e-04 0.000000000000000000e+00
1.300000000000000000e+04 5.199856808805902730e-02 1.502048247610377786e-02 9.846381429221665593e-01 0.000000000000000000e+00 3.413746017296313199e-04 0.000000000000000000e+00
1.325000000000000000e+04 5.299854055129094021e-02 2.344105598543468408e-02 9.750796540737368678e-01 0.000000000000000000e+00 1.479289940828402332e-03 0.000000000000000000e+00
1.350000000000000000e+04 5.399851301452285313e-02 1.888939462903959851e-02 9.797451069640418231e-01 0.000000000000000000e+00 1.365498406918525280e-03 0.000000000000000000e+00
1.375000000000000000e+04 5.499848547775476604e-02 1.832043695949021542e-02 9.808830223031406170e-01 0.000000000000000000e+00 7.965407373691396923e-04 0.000000000000000000e+00
1.400000000000000000e+04 5.599845794098667895e-02 2.184797451069640448e-02 9.772416932180245652e-01 0.000000000000000000e+00 9.103322712790168532e-04 0.000000000000000000e+00
1.425000000000000000e+04 5.699843040421836982e-02 1.979972690031861493e-02 9.790623577605825911e-01 0.000000000000000000e+00 1.137915339098770958e-03 0.000000000000000000e+00
1.450000000000000000e+04 5.799840286745028273e-02 2.639963586709149004e-02 9.718934911242603780e-01 0.000000000000000000e+00 1.706873008648156654e-03 0.000000000000000000e+00
1.475000000000000000e+04 5.899837533068219564e-02 3.288575329995448160e-02 9.647246244879380539e-01 0.000000000000000000e+00 2.389622212107419402e-03 0.000000000000000000e+00
1.500000000000000000e+04 5.999834779391410855e-02 2.537551206190259354e-02 9.737141556668184039e-01 0.000000000000000000e+00 9.103322712790168532e-04 0.000000000000000000e+00
1.525000000000000000e+04 6.099832025714602146e-02 2.218934911242603433e-02 9.762175694128356618e-01 0.000000000000000000e+00 1.593081474738279385e-03 0.000000000000000000e+00
1.550000000000000000e+04 6.199829272037793437e-02 3.015475648611743234e-02 9.683659535730542167e-01 0.000000000000000000e+00 1.479289940828402332e-03 0.000000000000000000e+00
1.575000000000000000e+04 6.299826518360984728e-02 2.685480200273099652e-02 9.710969503868912556e-01 0.000000000000000000e+00 2.048247610377787811e-03 0.000000000000000000e+00
1.600000000000000000e+04 6.399823764684176020e-02 3.402366863905325473e-02 9.633591260810195900e-01 0.000000000000000000e+00 2.617205279927173507e-03 0.000000000000000000e+00
1.625000000000000000e+04 6.499821011007367311e-02 3.573054164770141095e-02 9.633591260810195900e-01 0.000000000000000000e+00 9.103322712790168532e-04 0.000000000000000000e+00
1.650000000000000000e+04 6.599818257330558602e-02 5.097860719162494031e-02 9.464041875284479044e-01 0.000000000000000000e+00 2.617205279927173507e-03 0.000000000000000000e+00
1.675000000000000000e+04 6.699815503653749893e-02 3.959945380063722986e-02 9.575557578516158408e-01 0.000000000000000000e+00 2.844788347746927612e-03 0.000000000000000000e+00
1.700000000000000000e+04 6.799812749976941184e-02 4.654073736913973830e-02 9.508420573509330787e-01 0.000000000000000000e+00 2.617205279927173507e-03 0.000000000000000000e+00
1.725000000000000000e+04 6.899809996300132475e-02 4.528903049613108855e-02 9.522075557578516536e-01 0.000000000000000000e+00 2.503413746017296455e-03 0.000000000000000000e+00
1.750000000000000000e+04 6.999807242623323766e-02 5.905780609922621494e-02 9.358215748748293095e-01 0.000000000000000000e+00 5.120619025944469528e-03 0.000000000000000000e+00
1.775000000000000000e+04 7.099804488946515058e-02 5.359581247155211642e-02 9.429904415111515226e-01 0.000000000000000000e+00 3.413746017296313308e-03 0.000000000000000000e+00
1.800000000000000000e+04 7.199801735269706349e-02 6.304050978607191047e-02 9.320664542558033672e-01 0.000000000000000000e+00 4.893035958124715423e-03 0.000000000000000000e+00
1.825000000000000000e+04 7.299798981592897640e-02 5.712335002275830548e-02 9.390077378243059103e-01 0.000000000000000000e+00 3.868912152935821518e-03 0.000000000000000000e+00
1.850000000000000000e+04 7.399796227916088931e-02 7.146108329540282189e-02 9.233045061447427981e-01 0.000000000000000000e+00 5.234410559854347014e-03 0.000000000000000000e+00
1.875000000000000000e+04 7.499793474239280222e-02 7.248520710059171146e-02 9.221665908056441152e-01 0.000000000000000000e+00 5.348202093764223633e-03 0.000000000000000000e+00
1.900000000000000000e+04 7.599790720562471513e-02 8.056440600819299303e-02 9.112426035502958488e-01 0.000000000000000000e+00 8.192990441511151245e-03 0.000000000000000000e+00
1.925000000000000000e+04 7.699787966885662804e-02 8.807464724624487762e-02 9.048702776513427581e-01 0.000000000000000000e+00 7.055075102412380721e-03 0.000000000000000000e+00
1.950000000000000000e+04 7.799785213208854096e-02 8.921256258534364381e-02 9.003186162949476934e-01 0.000000000000000000e+00 1.046882111970869403e-02 0.000000000000000000e+00
1.975000000000000000e+04 7.899782459532023182e-02 1.082157487482931224e-01 8.797223486572598450e-01 0.000000000000000000e+00 1.206190259444697363e-02 0.000000000000000000e+00
2.000000000000000000e+04 7.999779705855214473e-02 1.126536185707783383e-01 8.752844788347746707e-01 0.000000000000000000e+00 1.206190259444697363e-02 0.000000000000000000e+00
2.025000000000000000e+04 8.099776952178405764e-02 1.166363222576240338e-01 8.654984069185253093e-01 0.000000000000000000e+00 1.786527082385070547e-02 0.000000000000000000e+00
2.050000000000000000e+04 8.199774198501597056e-02 1.301775147928994070e-01 8.522985889849795660e-01 0.000000000000000000e+00 1.752389622212107562e-02 0.000000000000000000e+00
2.075000000000000000e+04 8.299771444824788347e-02 1.459945380063723264e-01 8.311333636777423761e-01 0.000000000000000000e+00 2.287209831588529751e-02 0.000000000000000000e+00
2.100000000000000000e+04 8.399768691147979638e-02 1.520254893035958010e-01 8.155439235320892655e-01 0.000000000000000000e+00 3.243058716431497512e-02 0.000000000000000000e+00
2.125000000000000000e+04 8.499765937471170929e-02 1.921939007737824279e-01 7.393035958124715146e-01 7.965407373691396923e-04 6.770596267637687959e-02 0.000000000000000000e+00
2.150000000000000000e+04 8.599763183794362220e-02 2.206417842512516936e-01 6.568047337278106745e-01 4.210286754665453109e-03 1.183431952662721831e-01 0.000000000000000000e+00
2.175000000000000000e+04 8.699760430117553511e-02 2.356622667273554905e-01 5.784023668639053373e-01 4.210286754665452935e-02 1.438324988620846567e-01 0.000000000000000000e+00
2.200000000000000000e+04 8.799757676440744802e-02 2.152935821574874786e-01 5.744196631770596140e-01 1.116294947655894348e-01 9.865725989986344480e-02 0.000000000000000000e+00
2.225000000000000000e+04 8.899754922763936094e-02 1.467910787437414766e-01 6.255120619025944517e-01 1.635184342284934089e-01 6.417842512517069054e-02 0.000000000000000000e+00
2.250000000000000000e+04 8.999752169087127385e-02 8.898497951752389057e-02 6.640873918980427781e-01 2.270141101502048120e-01 1.991351843422849502e-02 0.000000000000000000e+00
2.275000000000000000e+04 9.099749415410318676e-02 8.614019116977697510e-02 6.581702321347291385e-01 2.385070550751024199e-01 1.718252162039144229e-02 0.000000000000000000e+00
2.300000000000000000e+04 9.199746661733509967e-02 8.249886208466089554e-02 6.645425580336823401e-01 2.383932635411925294e-01 1.456531634046426965e-02 0.000000000000000000e+00
2.325000000000000000e+04 9.299743908056701258e-02 8.215748748293126569e-02 6.685252617205279524e-01 2.393035958124715423e-01 1.001365498406918582e-02 0.000000000000000000e+00
2.350000000000000000e+04 9.399741154379892549e-02 8.352298588984979899e-02 6.640873918980427781e-01 2.369139736003641195e-01 1.547564861174328607e-02 0.000000000000000000e+00
2.375000000000000000e+04 9.499738400703083840e-02 9.877105143377332142e-02 6.482703686845698865e-01 2.365725989986345035e-01 1.638598088302230249e-02 0.000000000000000000e+00
2.400000000000000000e+04 9.599735647026275132e-02 9.057806099226217711e-02 6.520254893035958288e-01 2.398725534820209393e-01 1.752389622212107562e-02 0.000000000000000000e+00
2.425000000000000000e+04 9.699732893349466423e-02 1.000227583067819781e-01 6.459945380063722986e-01 2.364588074647246130e-01 1.752389622212107562e-02 0.000000000000000000e+00
2.450000000000000000e+04 9.799730139672657714e-02 1.096950386891215323e-01 6.384842967683204140e-01 2.347519344560764776e-01 1.706873008648156567e-02 0.000000000000000000e+00
2.475000000000000000e+04 9.899727385995849005e-02 1.131087847064178448e-01 6.411015020482475624e-01 2.330450614474283144e-01 1.274465179790623508e-02 0.000000000000000000e+00
2.500000000000000000e+04 9.999724632319040296e-02 1.233500227583067821e-01 6.269913518434228061e-01 2.309968138370505353e-01 1.866181156121984527e-02 0.000000000000000000e+00
2.525000000000000000e+04 1.009972187864220938e-01 1.226672735548475224e-01 6.299499317250796260e-01 2.298588984979517413e-01 1.752389622212107562e-02 0.000000000000000000e+00
2.550000000000000000e+04 1.019971912496540067e-01 1.266499772416932179e-01 6.234638142922166448e-01 2.274692762858443462e-01 2.241693218024579104e-02 0.000000000000000000e+00
2.575000000000000000e+04 1.029971637128859197e-01 1.335912608101957333e-01 6.176604460628128956e-01 2.270141101502048120e-01 2.173418297678652786e-02 0.000000000000000000e+00
2.600000000000000000e+04 1.039971361761178326e-01 1.436049157942649035e-01 6.002503413746017591e-01 2.261037778789257990e-01 3.004096495220755572e-02 0.000000000000000000e+00
2.625000000000000000e+04 1.049971086393497455e-01 1.463359126081019701e-01 5.972917614929449392e-01 2.203004096495220776e-01 3.607191624943104080e-02 0.000000000000000000e+00
2.650000000000000000e+04 1.059970811025816584e-01 1.547564861174328676e-01 5.859126081019572219e-01 2.240555302685480199e-01 3.527537551206190447e-02 0.000000000000000000e+00
2.675000000000000000e+04 1.069970535658135713e-01 1.663632225762403383e-01 5.686162949476558648e-01 2.196176604460628179e-01 4.540282203004096517e-02 0.000000000000000000e+00
2.700000000000000000e+04 1.079970260290454842e-01 1.747837960855712358e-01 5.611060537096039802e-01 2.146108329540282189e-01 4.949931725079653733e-02 0.000000000000000000e+00
2.725000000000000000e+04 1.089969984922773971e-01 1.944697314519799602e-01 5.259444697314519246e-01 2.142694583522985752e-01 6.531634046426945672e-02 0.000000000000000000e+00
2.750000000000000000e+04 1.099969709555093100e-01 2.180245789713245452e-01 4.977241693218024676e-01 1.958352298588985074e-01 8.841602184797450747e-02 0.000000000000000000e+00
2.775000000000000000e+04 1.109969434187412229e-01 2.435138825671370189e-01 4.485662266727355463e-01 1.919663177059626746e-01 1.159535730541647741e-01 0.000000000000000000e+00
2.800000000000000000e+04 1.119969158819731359e-01 2.773099681383704995e-01 3.826809285389167203e-01 1.917387346381429214e-01 1.482703686845698587e-01 0.000000000000000000e+00
2.825000000000000000e+04 1.129968883452050488e-01 2.513654984069185194e-01 3.518434228493400040e-01 2.177969959035047920e-01 1.789940828402366846e-01 0.000000000000000000e+00
2.850000000000000000e+04 1.139968608084369617e-01 2.335002275830678209e-01 3.352298588984979344e-01 2.292899408284023721e-01 2.019799726900318726e-01 0.000000000000000000e+00
2.875000000000000000e+04 1.149968332716688746e-01 2.427173418297678686e-01 3.092853891670459543e-01 2.478379608557123304e-01 2.001593081474738189e-01 0.000000000000000000e+00
2.900000000000000000e+04 1.159968057349007875e-01 2.570550751024123781e-01 2.951752389622211981e-01 2.628584433318161273e-01 1.849112426035502965e-01 0.000000000000000000e+00
2.925000000000000000e+04 1.169967781981327004e-01 2.611515703231679364e-01 2.977924442421484019e-01 2.864132908511606845e-01 1.546426945835229771e-01 0.000000000000000000e+00
2.950000000000000000e+04 1.179967506613646133e-01 2.511379153390987939e-01 3.017751479289940697e-01 3.089440145653163383e-01 1.381429221665907980e-01 0.000000000000000000e+00
2.975000000000000000e+04 1.189967231245965262e-01 2.385070550751024199e-01 2.913063268092853653e-01 3.181611288120163583e-01 1.520254893035958010e-01 0.000000000000000000e+00
3.000000000000000000e+04 1.199966955878284391e-01 2.579654073736913911e-01 2.763996358670914866e-01 3.099681383705052418e-01 1.556668183887118806e-01 0.000000000000000000e+00
3.025000000000000000e+04 1.209966680510603521e-01 2.641101502048247562e-01 2.740100136549840637e-01 3.211197086936731782e-01 1.407601274465179741e-01 0.000000000000000000e+00
3.050000000000000000e+04 1.219966405142922650e-01 2.560309512972234747e-01 2.659308147473827821e-01 3.277196176604460498e-01 1.503186162949476656e-01 0.000000000000000000e+00
3.075000000000000000e+04 1.229966129775241779e-01 2.645653163404642627e-01 2.683204369594902050e-01 3.383022303140646447e-01 1.288120163859808875e-01 0.000000000000000000e+00
3.100000000000000000e+04 1.239965854407558687e-01 2.604688211197087044e-01 2.621756941283568398e-01 3.248748293126991205e-01 1.524806554392353075e-01 0.000000000000000000e+00
3.125000000000000000e+04 1.249965579039877817e-01 2.740100136549840637e-01 2.505689576695493970e-01 3.138370505234410746e-01 1.615839781520254925e-01 0.000000000000000000e+00
3.150000000000000000e+04 1.259965303672196946e-01 2.687756030951297115e-01 2.587619481110605135e-01 3.299954483386435822e-01 1.424670004551661373e-01 0.000000000000000000e+00
3.175000000000000000e+04 1.269965028304516075e-01 2.555757851615839682e-01 2.635411925352753593e-01 3.320436959490213891e-01 1.488393263541192557e-01 0.000000000000000000e+00
3.200000000000000000e+04 1.279964752936835204e-01 2.512517068730086289e-01 2.677514792899408080e-01 3.545744196631770428e-01 1.264223941738734647e-01 0.000000000000000000e+00
3.225000000000000000e+04 1.289964477569154333e-01 2.509103322712790130e-01 2.704824761037779024e-01 3.548020027309968238e-01 1.238051888939462886e-01 0.000000000000000000e+00
3.250000000000000000e+04 1.299964202201473462e-01 2.670687300864815761e-01 2.743513882567136797e-01 3.529813381884387979e-01 1.055985434683659602e-01 0.000000000000000000e+00
3.275000000000000000e+04 1.309963926833792591e-01 2.719617660446062568e-01 2.555757851615839682e-01 3.486572598998634587e-01 1.238051888939462886e-01 0.000000000000000000e+00
3.300000000000000000e+04 1.319963651466111720e-01 2.655894401456531662e-01 2.705962676376877374e-01 3.503641329085115941e-01 1.134501593081474746e-01 0.000000000000000000e+00
3.325000000000000000e+04 1.329963376098430849e-01 2.791306326809285254e-01 2.558033682294037492e-01 3.419435593991806965e-01 1.231224396904870289e-01 0.000000000000000000e+00
3.350000000000000000e+04 1.339963100730749979e-01 2.873236231224396975e-01 2.526172052799271484e-01 3.354574419663177154e-01 1.246017296313154249e-01 0.000000000000000000e+00
3.375000000000000000e+04 1.349962825363069108e-01 2.792444242148384159e-01 2.397587619481110488e-01 3.479745106964041712e-01 1.330223031406463363e-01 0.000000000000000000e+00
3.400000000000000000e+04 1.359962549995388237e-01 2.833409194355939742e-01 2.348657259899863403e-01 3.562812926718252338e-01 1.255120619025944517e-01 0.000000000000000000e+00
3.425000000000000000e+04 1.369962274627707366e-01 2.740100136549840637e-01 2.368001820664542567e-01 3.477469276285844457e-01 1.414428766499772339e-01 0.000000000000000000e+00
3.450000000000000000e+04 1.379961999260026495e-01 2.922166590805644337e-01 2.217796995903504875e-01 3.456986800182066388e-01 1.403049613108784677e-01 0.000000000000000000e+00
3.475000000000000000e+04 1.389961723892345624e-01 2.951752389622211981e-01 2.245106964041875264e-01 3.476331360946745552e-01 1.326809285389166926e-01 0.000000000000000000e+00
3.500000000000000000e+04 1.399961448524664753e-01 2.811788802913063323e-01 2.143832498862084657e-01 3.529813381884387979e-01 1.514565316340464318e-01 0.000000000000000000e+00
3.525000000000000000e+04 1.409961173156983882e-01 2.842512517068729871e-01 2.001593081474738189e-01 3.567364588074647402e-01 1.588529813381884259e-01 0.000000000000000000e+00
3.550000000000000000e+04 1.419960897789303012e-01 2.763996358670914866e-01 1.972007282658170269e-01 3.746017296313154388e-01 1.517979062357760478e-01 0.000000000000000000e+00
3.575000000000000000e+04 1.429960622421622141e-01 2.810650887573964418e-01 1.870732817478379661e-01 3.881429221665907980e-01 1.437187073281747940e-01 0.000000000000000000e+00
3.600000000000000000e+04 1.439960347053941270e-01 2.875512061902594230e-01 1.685252617205279801e-01 3.887118798361401950e-01 1.552116522530723741e-01 0.000000000000000000e+00
3.625000000000000000e+04 1.449960071686260399e-01 2.860719162494310686e-01 1.627218934911242587e-01 4.073736913973600160e-01 1.438324988620846567e-01 0.000000000000000000e+00
3.650000000000000000e+04 1.459959796318577308e-01 2.888029130632681074e-01 1.487255348202093652e-01 4.038461538461538547e-01 1.586253982703686727e-01 0.000000000000000000e+00
3.675000000000000000e+04 1.469959520950896437e-01 2.927856167501137752e-01 1.447428311333636697e-01 4.146563495675921751e-01 1.478152025489303523e-01 0.000000000000000000e+00
3.700000000000000000e+04 1.479959245583215566e-01 2.774237596722803900e-01 1.347291761492944995e-01 4.215976331360946627e-01 1.662494310423304478e-01 0.000000000000000000e+00
3.725000000000000000e+04 1.489958970215534695e-01 2.746927628584433512e-01 1.332498862084660896e-01 4.336595357305416676e-01 1.583978152025489194e-01 0.000000000000000000e+00
3.750000000000000000e+04 1.499958694847853824e-01 2.809512972234865513e-01 1.232362312243969055e-01 4.365043240782885969e-01 1.593081474738279601e-01 0.000000000000000000e+00
3.775000000000000000e+04 1.509958419480172953e-01 2.703686845698680119e-01 1.247155211652253015e-01 4.374146563495676099e-01 1.675011379153391045e-01 0.000000000000000000e+00
3.800000000000000000e+04 1.519958144112492082e-01 2.677514792899408080e-01 1.282430587164314906e-01 4.482248520710059303e-01 1.557806099226217433e-01 0.000000000000000000e+00
3.825000000000000000e+04 1.529957868744811211e-01 2.595584888484296915e-01 1.195949021392808398e-01 4.523213472917614886e-01 1.685252617205279801e-01 0.000000000000000000e+00
3.850000000000000000e+04 1.539957593377130340e-01 2.619481110605371144e-01 1.200500682749203463e-01 4.614246700045516736e-01 1.565771506599908935e-01 0.000000000000000000e+00
3.875000000000000000e+04 1.549957318009449470e-01 2.629722348657259623e-01 1.165225307237141572e-01 4.604005461993627701e-01 1.601046882111970826e-01 0.000000000000000000e+00
3.900000000000000000e+04 1.559957042641768599e-01 2.718479745106964218e-01 1.107191624943104219e-01 4.552799271734183084e-01 1.621529358215748617e-01 0.000000000000000000e+00
3.925000000000000000e+04 1.569956767274087728e-01 2.645653163404642627e-01 1.173190714610832935e-01 4.619936276741010706e-01 1.561219845243513871e-01 0.000000000000000000e+00
3.950000000000000000e+04 1.579956491906406857e-01 2.659308147473827821e-01 1.180018206645425533e-01 4.658625398270368478e-01 1.502048247610377751e-01 0.000000000000000000e+00
3.975000000000000000e+04 1.589956216538725986e-01 2.561447428311333652e-01 1.292671825216203940e-01 4.875967228038233792e-01 1.269913518434228616e-01 0.000000000000000000e+00
4.000000000000000000e+04 1.599955941171045115e-01 2.429449248975876219e-01 1.359808830223031284e-01 4.957897132453345512e-01 1.252844788347746985e-01 0.000000000000000000e+00
4.025000000000000000e+04 1.609955665803364244e-01 2.364588074647246130e-01 1.358670914883932657e-01 5.000000000000000000e-01 1.276741010468821214e-01 0.000000000000000000e+00
4.050000000000000000e+04 1.619955390435683373e-01 2.361174328629949970e-01 1.358670914883932657e-01 4.997724169321802190e-01 1.282430587164314906e-01 0.000000000000000000e+00
4.075000000000000000e+04 1.629955115068002502e-01 2.312243969048702885e-01 1.339326354119253493e-01 5.100136549840691425e-01 1.248293126991351781e-01 0.000000000000000000e+00
4.100000000000000000e+04 1.639954839700321632e-01 2.336140191169776836e-01 1.315430131998179264e-01 5.095584888484296915e-01 1.252844788347746985e-01 0.000000000000000000e+00
4.125000000000000000e+04 1.649954564332640761e-01 2.328174783796085612e-01 1.341602184797451025e-01 5.064861174328629811e-01 1.265361857077833274e-01 0.000000000000000000e+00
4.150000000000000000e+04 1.659954288964959890e-01 2.335002275830678209e-01 1.337050523441055960e-01 5.027309968138370389e-01 1.300637232589895442e-01 0.000000000000000000e+00
4.175000000000000000e+04 1.669954013597279019e-01 2.319071461083295482e-01 1.362084660901228816e-01 5.248065543923532417e-01 1.070778334091943562e-01 0.000000000000000000e+00
4.200000000000000000e+04 1.679953738229598148e-01 2.263313609467455523e-01 1.340464269458352398e-01 5.425580336822940497e-01 9.706417842512517213e-02 0.000000000000000000e+00
4.225000000000000000e+04 1.689953462861915057e-01 2.170004551661356418e-01 1.354119253527537592e-01 5.512061902594447282e-01 9.638142922166591242e-02 0.000000000000000000e+00
4.250000000000000000e+04 1.699953187494234186e-01 2.207555757851615841e-01 1.327947200728265831e-01 5.589440145653163938e-01 8.750568957669549452e-02 0.000000000000000000e+00
4.275000000000000000e+04 1.709952912126553315e-01 2.249658625398270329e-01 1.351843422849340060e-01 5.600819299044150767e-01 7.976786527082385669e-02 0.000000000000000000e+00
4.300000000000000000e+04 1.719952636758872444e-01 2.184797451069640517e-01 1.346153846153846090e-01 5.831816112881201830e-01 6.372325898953118406e-02 0.000000000000000000e+00
4.325000000000000000e+04 1.729952361391191573e-01 2.084660901228948537e-01 1.407601274465179741e-01 6.026399635867091265e-01 4.813381884387801790e-02 0.000000000000000000e+00
4.350000000000000000e+04 1.739952086023510702e-01 2.018661811561219821e-01 1.423532089212562468e-01 6.172052799271734447e-01 3.857532999544834029e-02 0.000000000000000000e+00
4.375000000000000000e+04 1.749951810655829831e-01 2.002730996813837094e-01 1.421256258534364936e-01 6.193673190714610310e-01 3.823395539371871044e-02 0.000000000000000000e+00
4.400000000000000000e+04 1.759951535288148960e-01 1.965179790623577671e-01 1.436049157942649035e-01 6.234638142922166448e-01 3.641329085116067066e-02 0.000000000000000000e+00
4.425000000000000000e+04 1.769951259920468090e-01 1.959490213928083702e-01 1.418980427856167403e-01 6.307464724624487484e-01 3.140646335912607862e-02 0.000000000000000000e+00
4.450000000000000000e+04 1.779950984552787219e-01 2.024351388256713791e-01 1.387118798361401950e-01 6.257396449704142327e-01 3.311333636777423484e-02 0.000000000000000000e+00
4.475000000000000000e+04 1.789950709185106348e-01 2.042558033682294050e-01 1.398497951752389612e-01 6.289258079198907225e-01 2.696859353664087314e-02 0.000000000000000000e+00
4.500000000000000000e+04 1.799950433817425477e-01 2.048247610377788019e-01 1.383705052344105513e-01 6.265361857077833552e-01 3.026854802002730896e-02 0.000000000000000000e+00
4.525000000000000000e+04 1.809950158449744606e-01 1.965179790623577671e-01 1.413290851160673711e-01 6.318843878015475424e-01 3.026854802002730896e-02 0.000000000000000000e+00
4.550000000000000000e+04 1.819949883082063735e-01 2.057350933090578149e-01 1.418980427856167403e-01 6.276741010468821491e-01 2.469276285844333035e-02 0.000000000000000000e+00
4.575000000000000000e+04 1.829949607714382864e-01 1.985662266727355463e-01 1.418980427856167403e-01 6.325671370050067743e-01 2.696859353664087314e-02 0.000000000000000000e+00
4.600000000000000000e+04 1.839949332346701993e-01 2.020937642239417353e-01 1.418980427856167403e-01 6.323395539371871044e-01 2.366863905325443732e-02 0.000000000000000000e+00
4.625000000000000000e+04 1.849949056979021123e-01 2.002730996813837094e-01 1.414428766499772339e-01 6.327947200728265553e-01 2.548930359581247015e-02 0.000000000000000000e+00
4.650000000000000000e+04 1.859948781611340252e-01 2.052799271734183084e-01 1.420118343195266308e-01 6.255120619025944517e-01 2.719617660446062984e-02 0.000000000000000000e+00
4.675000000000000000e+04 1.869948506243659381e-01 2.085798816568047442e-01 1.414428766499772339e-01 6.247155211652253293e-01 2.526172052799271692e-02 0.000000000000000000e+00
4.700000000000000000e+04 1.879948230875978510e-01 1.986800182066454368e-01 1.441738734638143005e-01 6.301775147928994070e-01 2.696859353664087314e-02 0.000000000000000000e+00
4.725000000000000000e+04 1.889947955508297639e-01 2.055075102412380617e-01 1.408739189804278646e-01 6.291533909877105035e-01 2.446517979062357712e-02 0.000000000000000000e+00
4.750000000000000000e+04 1.899947680140616768e-01 2.053937187073281712e-01 1.409877105143377274e-01 6.274465179790623681e-01 2.617205279927173334e-02 0.000000000000000000e+00
4.775000000000000000e+04 1.909947404772933677e-01 2.036868456986800080e-01 1.418980427856167403e-01 6.240327719617660973e-01 3.038233955393718558e-02 0.000000000000000000e+00
4.800000000000000000e+04 1.919947129405252806e-01 2.100591715976331264e-01 1.422394173873463841e-01 6.167501137915338827e-01 3.095129722348657214e-02 0.000000000000000000e+00
4.825000000000000000e+04 1.929946854037571935e-01 2.076695493855257035e-01 1.414428766499772339e-01 6.242603550295857673e-01 2.662721893491124328e-02 0.000000000000000000e+00
4.850000000000000000e+04 1.939946578669891064e-01 2.117660446062812896e-01 1.406463359126081114e-01 6.202776513427401550e-01 2.730996813837050646e-02 0.000000000000000000e+00
4.875000000000000000e+04 1.949946303302210193e-01 2.082385070550751005e-01 1.382567137005006885e-01 6.238051888939463163e-01 2.969959035047792587e-02 0.000000000000000000e+00
4.900000000000000000e+04 1.959946027934529322e-01 2.172280382339553950e-01 1.395084205735093175e-01 6.151570323167956378e-01 2.810650887573964626e-02 0.000000000000000000e+00
4.925000000000000000e+04 1.969945752566848451e-01 2.101729631315430169e-01 1.413290851160673711e-01 6.219845243513882904e-01 2.651342740100136666e-02 0.000000000000000000e+00
4.950000000000000000e+04 1.979945477199167581e-01 2.134729176149294527e-01 1.421256258534364936e-01 6.137915339098770628e-01 3.060992262175694228e-02 0.000000000000000000e+00
4.975000000000000000e+04 1.989945201831486710e-01 2.176832043695949015e-01 1.395084205735093175e-01 6.157259899863449792e-01 2.708238507055074976e-02 0.000000000000000000e+00
5.000000000000000000e+04 1.999944926463805839e-01 2.133591260810195622e-01 1.397360036413290985e-01 6.143604915794265153e-01 3.254437869822485174e-02 0.000000000000000000e+00
5.025000000000000000e+04 2.009944651096124968e-01 2.184797451069640517e-01 1.382567137005006885e-01 6.094674556213017791e-01 3.379608557123350149e-02 0.000000000000000000e+00
5.050000000000000000e+04 2.019944375728444097e-01 2.215521165225307343e-01 1.399635867091488517e-01 6.107191624943104635e-01 2.776513427401001294e-02 0.000000000000000000e+00
5.075000000000000000e+04 2.029944100360763226e-01 2.170004551661356418e-01 1.405325443786982209e-01 6.174328629949932257e-01 2.503413746017296368e-02 0.000000000000000000e+00
5.100000000000000000e+04 2.039943824993082355e-01 2.162039144287664916e-01 1.438324988620846567e-01 6.140191169776968438e-01 2.594446973145198010e-02 0.000000000000000000e+00
5.125000000000000000e+04 2.049943549625401484e-01 2.209831588529813373e-01 1.404187528447883582e-01 6.150432407828857473e-01 2.355484751934456070e-02 0.000000000000000000e+00
5.150000000000000000e+04 2.059943274257720613e-01 2.172280382339553950e-01 1.401911697769686049e-01 6.134501593081475024e-01 2.913063268092853930e-02 0.000000000000000000e+00
5.175000000000000000e+04 2.069942998890039743e-01 2.242831133363677731e-01 1.374601729631315383e-01 6.038916704597178109e-01 3.436504324078288458e-02 0.000000000000000000e+00
5.200000000000000000e+04 2.079942723522358872e-01 2.273554847519344557e-01 1.385980883022303045e-01 6.013882567137005530e-01 3.265817023213472836e-02 0.000000000000000000e+00
5.225000000000000000e+04 2.089942448154678001e-01 2.185935366408739144e-01 1.415566681838871244e-01 6.078743741465635342e-01 3.197542102867546865e-02 0.000000000000000000e+00
5.250000000000000000e+04 2.099942172786997130e-01 2.204142011834319403e-01 1.413290851160673711e-01 6.065088757396449592e-01 3.174783796085571541e-02 0.000000000000000000e+00
5.275000000000000000e+04 2.109941897419316259e-01 2.069868001820664438e-01 1.472462448793809831e-01 6.102639963586709015e-01 3.550295857988165771e-02 0.000000000000000000e+00
5.300000000000000000e+04 2.119941622051635388e-01 2.117660446062812896e-01 1.500910332271279124e-01 6.074192080109239722e-01 3.072371415566681890e-02 0.000000000000000000e+00
5.325000000000000000e+04 2.129941346683954517e-01 2.059626763768775681e-01 1.521392808375056915e-01 6.150432407828857473e-01 2.685480200273099652e-02 0.000000000000000000e+00
5.350000000000000000e+04 2.139941071316271426e-01 2.071005917159763343e-01 1.522530723714155543e-01 6.159535730541647602e-01 2.469276285844333035e-02 0.000000000000000000e+00
5.375000000000000000e+04 2.149940795948590555e-01 2.018661811561219821e-01 1.528220300409649512e-01 6.174328629949932257e-01 2.787892580791988956e-02 0.000000000000000000e+00
5.400000000000000000e+04 2.159940520580909684e-01 2.014110150204824756e-01 1.532771961766044577e-01 6.226672735548475224e-01 2.264451524806554428e-02 0.000000000000000000e+00
5.425000000000000000e+04 2.169940245213228813e-01 2.048247610377788019e-01 1.537323623122439642e-01 6.176604460628128956e-01 2.378243058716431393e-02 0.000000000000000000e+00
5.450000000000000000e+04 2.179939969845547942e-01 2.093764223941738667e-01 1.548702776513427304e-01 6.161811561219845412e-01 1.957214383249886169e-02 0.000000000000000000e+00
5.475000000000000000e+04 2.189939694477867071e-01 2.078971324533454845e-01 1.527082385070550885e-01 6.178880291306326766e-01 2.150659990896677115e-02 0.000000000000000000e+00
5.500000000000000000e+04 2.199939419110186201e-01 2.096040054619936199e-01 1.528220300409649512e-01 6.172052799271734447e-01 2.036868456986800149e-02 0.000000000000000000e+00
5.525000000000000000e+04 2.209939143742505330e-01 2.077833409194355940e-01 1.558944014565316338e-01 6.154984069185253093e-01 2.082385070550751144e-02 0.000000000000000000e+00
5.550000000000000000e+04 2.219938868374824459e-01 2.168866636322257513e-01 1.521392808375056915e-01 6.095812471552116696e-01 2.139280837505689453e-02 0.000000000000000000e+00
5.575000000000000000e+04 2.229938593007143588e-01 2.175694128356850388e-01 1.545289030496131144e-01 6.073054164770140817e-01 2.059626763768775473e-02 0.000000000000000000e+00
5.600000000000000000e+04 2.239938317639462717e-01 2.168866636322257513e-01 1.539599453800637174e-01 6.091260810195721076e-01 2.002730996813837164e-02 0.000000000000000000e+00
5.625000000000000000e+04 2.249938042271781846e-01 2.212107419208010906e-01 1.557806099226217433e-01 6.010468821119708815e-01 2.196176604460628110e-02 0.000000000000000000e+00
5.650000000000000000e+04 2.259937766904100975e-01 2.236003641329085134e-01 1.539599453800637174e-01 6.024123805188893455e-01 2.002730996813837164e-02 0.000000000000000000e+00
5.675000000000000000e+04 2.269937491536420104e-01 2.188211197086936677e-01 1.620391442876649990e-01 6.009330905780609910e-01 1.820664542558033533e-02 0.000000000000000000e+00
