# itime ezz other fcc hcp bcc ico
0.000000000000000000e+00 0.000000000000000000e+00 1.024123805188893906e-03 9.989758761948110966e-01 0.000000000000000000e+00 0.000000000000000000e+00 0.000000000000000000e+00
2.500000000000000000e+02 9.999915981067086790e-04 1.137915339098770958e-03 9.988620846609012061e-01 0.000000000000000000e+00 0.000000000000000000e+00 0.000000000000000000e+00
5.000000000000000000e+02 1.999983196213417358e-03 1.137915339098771066e-04 9.998862084660901095e-01 0.000000000000000000e+00 0.000000000000000000e+00 0.000000000000000000e+00
7.500000000000000000e+02 2.999974794320126037e-03 4.551661356395084266e-04 9.995448338643604380e-01 0.000000000000000000e+00 0.000000000000000000e+00 0.000000000000000000e+00
1.000000000000000000e+03 3.999966392426834716e-03 6.827492034592626399e-04 9.993172507965407680e-01 0.000000000000000000e+00 0.000000000000000000e+00 0.000000000000000000e+00
1.250000000000000000e+03 4.999957990533543395e-03 2.730996813837050560e-03 9.972690031861629611e-01 0.000000000000000000e+00 0.000000000000000000e+00 0.000000000000000000e+00
1.500000000000000000e+03 5.999949588640252074e-03 5.689576695493854790e-04 9.994310423304506585e-01 0.000000000000000000e+00 0.000000000000000000e+00 0.000000000000000000e+00
1.750000000000000000e+03 6.999941186747182797e-03 1.137915339098771066e-04 9.998862084660901095e-01 0.000000000000000000e+00 0.000000000000000000e+00 0.000000000000000000e+00
2.000000000000000000e+03 7.999932784853891476e-03 9.103322712790168532e-04 9.990896677287209870e-01 0.000000000000000000e+00 0.000000000000000000e+00 0.000000000000000000e+00
2.250000000000000000e+03 8.999924382960600155e-03 2.275830678197542133e-04 9.997724169321802190e-01 0.000000000000000000e+00 0.000000000000000000e+00 0.000000000000000000e+00
2.500000000000000000e+03 9.999915981067308834e-03 7.965407373691396923e-04 9.992034592626308775e-01 0.000000000000000000e+00 0.000000000000000000e+00 0.000000000000000000e+00
2.750000000000000000e+03 1.099990757917401751e-02 1.934456076467910759e-03 9.980655439235320836e-01 0.000000000000000000e+00 0.000000000000000000e+00 0.000000000000000000e+00
3.000000000000000000e+03 1.199989917728072619e-02 1.479289940828402332e-03 9.985207100591716456e-01 0.000000000000000000e+00 0.000000000000000000e+00 0.000000000000000000e+00
3.250000000000000000e+03 1.299989077538743487e-02 1.024123805188893906e-03 9.989758761948110966e-01 0.000000000000000000e+00 0.000000000000000000e+00 0.000000000000000000e+00
3.500000000000000000e+03 1.399988237349414355e-02 2.162039144287664864e-03 9.978379608557123026e-01 0.000000000000000000e+00 0.000000000000000000e+00 0.000000000000000000e+00
3.750000000000000000e+03 1.499987397160085223e-02 1.593081474738279385e-03 9.984069185252617551e-01 0.000000000000000000e+00 0.000000000000000000e+00 0.000000000000000000e+00
4.000000000000000000e+03 1.599986556970756091e-02 7.965407373691396923e-04 9.992034592626308775e-01 0.000000000000000000e+00 0.000000000000000000e+00 0.000000000000000000e+00
4.250000000000000000e+03 1.699985716781426959e-02 2.844788347746927612e-03 9.970414201183431802e-01 0.000000000000000000e+00 1.137915339098771066e-04 0.000000000000000000e+00
4.500000000000000000e+03 1.799984876592097827e-02 4.551661356395084266e-04 9.995448338643604380e-01 0.000000000000000000e+00 0.000000000000000000e+00 0.000000000000000000e+00
4.750000000000000000e+03 1.899984036402790899e-02 2.275830678197541916e-03 9.977241693218024121e-01 0.000000000000000000e+00 0.000000000000000000e+00 0.000000000000000000e+00
5.000000000000000000e+03 1.999983196213461767e-02 2.048247610377787811e-03 9.979517523896221931e-01 0.000000000000000000e+00 0.000000000000000000e+00 0.000000000000000000e+00
5.250000000000000000e+03 2.099982356024132635e-02 1.706873008648156654e-03 9.982931269913518646e-01 0.000000000000000000e+00 0.000000000000000000e+00 0.000000000000000000e+00
5.500000000000000000e+03 2.199981515834803503e-02 1.706873008648156654e-03 9.982931269913518646e-01 0.000000000000000000e+00 0.000000000000000000e+00 0.000000000000000000e+00
5.750000000000000000e+03 2.299980675645474371e-02 2.503413746017296455e-03 9.974965862539827421e-01 0.000000000000000000e+00 0.000000000000000000e+00 0.000000000000000000e+00
6.000000000000000000e+03 2.399979835456145238e-02 3.413746017296313308e-03 9.964724624487938387e-01 0.000000000000000000e+00 1.137915339098771066e-04 0.000000000000000000e+00
6.250000000000000000e+03 2.499978995266816106e-02 3.072371415566681717e-03 9.968138370505233992e-01 0.000000000000000000e+00 1.137915339098771066e-04 0.000000000000000000e+00
6.500000000000000000e+03 2.599978155077486974e-02 3.641329085116067413e-03 9.963586709148839482e-01 0.000000000000000000e+00 0.000000000000000000e+00 0.000000000000000000e+00
6.750000000000000000e+03 2.699977314888157842e-02 2.958579881656804664e-03 9.970414201183431802e-01 0.000000000000000000e+00 0.000000000000000000e+00 0.000000000000000000e+00
7.000000000000000000e+03 2.799976474698828710e-02 2.275830678197541916e-03 9.977241693218024121e-01 0.000000000000000000e+00 0.000000000000000000e+00 0.000000000000000000e+00
7.250000000000000000e+03 2.899975634509499578e-02 5.234410559854347014e-03 9.947655894401457033e-01 0.000000000000000000e+00 0.000000000000000000e+00 0.000000000000000000e+00
7.500000000000000000e+03 2.999974794320170446e-02 4.551661356395083832e-03 9.954483386436049352e-01 0.000000000000000000e+00 0.000000000000000000e+00 0.000000000000000000e+00
7.750000000000000000e+03 3.099973954130841314e-02 3.527537551206190360e-03 9.963586709148839482e-01 0.000000000000000000e+00 1.137915339098771066e-04 0.000000000000000000e+00
8.000000000000000000e+03 3.199973113941534386e-02 5.461993627674101119e-03 9.944242148384160318e-01 0.000000000000000000e+00 1.137915339098771066e-04 0.000000000000000000e+00
8.250000000000000000e+03 3.299972273752205254e-02 4.551661356395083832e-03 9.953345471096950448e-01 0.000000000000000000e+00 1.137915339098771066e-04 0.000000000000000000e+00
8.500000000000000000e+03 3.399971433562876122e-02 5.803368229403732710e-03 9.938552571688666903e-01 0.000000000000000000e+00 3.413746017296313199e-04 0.000000000000000000e+00
8.750000000000000000e+03 3.499970593373546990e-02 7.624032771961766417e-03 9.923759672280382249e-01 0.000000000000000000e+00 0.000000000000000000e+00 0.000000000000000000e+00
9.000000000000000000e+03 3.599969753184217858e-02 7.282658170232134826e-03 9.926035502958580059e-01 0.000000000000000000e+00 1.137915339098771066e-04 0.000000000000000000e+00
9.250000000000000000e+03 3.699968912994888726e-02 6.941283568502503235e-03 9.929449248975875664e-01 0.000000000000000000e+00 1.137915339098771066e-04 0.000000000000000000e+00
9.500000000000000000e+03 3.799968072805559594e-02 5.461993627674101119e-03 9.940828402366863603e-01 0.000000000000000000e+00 4.551661356395084266e-04 0.000000000000000000e+00
9.750000000000000000e+03 3.899967232616230461e-02 7.510241238051888930e-03 9.923759672280382249e-01 0.000000000000000000e+00 1.137915339098771066e-04 0.000000000000000000e+00
1.000000000000000000e+04 3.999966392426901329e-02 7.624032771961766417e-03 9.922621756941283344e-01 0.000000000000000000e+00 1.137915339098771066e-04 0.000000000000000000e+00
1.025000000000000000e+04 4.099965552237572197e-02 7.510241238051888930e-03 9.923759672280382249e-01 0.000000000000000000e+00 1.137915339098771066e-04 0.000000000000000000e+00
1.050000000000000000e+04 4.199964712048243065e-02 9.558488848429677609e-03 9.903277196176604180e-01 0.000000000000000000e+00 1.137915339098771066e-04 0.000000000000000000e+00
1.075000000000000000e+04 4.299963871858913933e-02 1.081019572143832562e-02 9.889622212107419541e-01 0.000000000000000000e+00 2.275830678197542133e-04 0.000000000000000000e+00
1.100000000000000000e+04 4.399963031669607005e-02 7.737824305871643035e-03 9.919208010923987739e-01 0.000000000000000000e+00 3.413746017296313199e-04 0.000000000000000000e+00
1.125000000000000000e+04 4.499962191480277873e-02 9.786071916249430847e-03 9.897587619481110766e-01 0.000000000000000000e+00 4.551661356395084266e-04 0.000000000000000000e+00
1.150000000000000000e+04 4.599961351290948741e-02 1.035502958579881741e-02 9.890760127446518446e-01 0.000000000000000000e+00 5.689576695493854790e-04 0.000000000000000000e+00
1.175000000000000000e+04 4.699960511101619609e-02 1.103777878925807886e-02 9.887346381429221731e-01 0.000000000000000000e+00 2.275830678197542133e-04 0.000000000000000000e+00
1.200000000000000000e+04 4.799959670912290477e-02 1.297223486572599005e-02 9.863450159308146947e-01 0.000000000000000000e+00 6.827492034592626399e-04 0.000000000000000000e+00
1.225000000000000000e+04 4.899958830722961345e-02 1.456531634046426965e-02 9.848657259899863403e-01 0.000000000000000000e+00 5.689576695493854790e-04 0.000000000000000000e+00
1.250000000000000000e+04 4.999957990533632213e-02 1.900318616294947513e-02 9.804278561675011661e-01 0.000000000000000000e+00 5.689576695493854790e-04 0.000000000000000000e+00
1.275000000000000000e+04 5.099957150344303081e-02 1.854802002730996865e-02 9.808830223031406170e-01 0.000000000000000000e+00 5.689576695493854790e-04 0.000000000000000000e+00
1.300000000000000000e+04 5.199956310154973949e-02 2.036868456986800149e-02 9.790623577605825911e-01 0.000000000000000000e+00 5.689576695493854790e-04 0.000000000000000000e+00
1.325000000000000000e+04 5.299955469965644816e-02 1.820664542558033533e-02 9.809968138370505075e-01 0.000000000000000000e+00 7.965407373691396923e-04 0.000000000000000000e+00
1.350000000000000000e+04 5.399954629776315684e-02 2.014110150204824826e-02 9.790623577605825911e-01 0.000000000000000000e+00 7.965407373691396923e-04 0.000000000000000000e+00
1.375000000000000000e+04 5.499953789586986552e-02 1.684114701866181243e-02 9.819071461083295205e-01 0.000000000000000000e+00 1.251706873008648227e-03 0.000000000000000000e+00
1.400000000000000000e+04 5.599952949397657420e-02 2.059626763768775473e-02 9.788347746927628101e-01 0.000000000000000000e+00 5.689576695493854790e-04 0.000000000000000000e+00
1.425000000000000000e+04 5.699952109208350493e-02 1.991351843422849502e-02 9.790623577605825911e-01 0.000000000000000000e+00 1.024123805188893906e-03 0.000000000000000000e+00
1.450000000000000000e+04 5.799951269019021360e-02 2.742375967228038308e-02 9.710969503868912556e-01 0.000000000000000000e+00 1.479289940828402332e-03 0.000000000000000000e+00
1.475000000000000000e+04 5.899950428829692228e-02 2.253072371415566766e-02 9.765589440145653333e-01 0.000000000000000000e+00 9.103322712790168532e-04 0.000000000000000000e+00
1.500000000000000000e+04 5.999949588640363096e-02 2.833409194355939950e-02 9.705279927173418031e-01 0.000000000000000000e+00 1.137915339098770958e-03 0.000000000000000000e+00
1.525000000000000000e+04 6.099948748451033964e-02 2.810650887573964626e-02 9.699590350477924616e-01 0.000000000000000000e+00 1.934456076467910759e-03 0.000000000000000000e+00
1.550000000000000000e+04 6.199947908261704832e-02 3.516158397815202785e-02 9.634729176149294805e-01 0.000000000000000000e+00 1.365498406918525280e-03 0.000000000000000000e+00
1.575000000000000000e+04 6.299947068072375700e-02 3.277196176604460498e-02 9.652935821574875064e-01 0.000000000000000000e+00 1.934456076467910759e-03 0.000000000000000000e+00
1.600000000000000000e+04 6.399946227883046568e-02 2.992717341829767910e-02 9.679107874374146547e-01 0.000000000000000000e+00 2.162039144287664864e-03 0.000000000000000000e+00
1.625000000000000000e+04 6.499945387693717436e-02 3.538916704597178109e-02 9.631315430131998090e-01 0.000000000000000000e+00 1.479289940828402332e-03 0.000000000000000000e+00
1.650000000000000000e+04 6.599944547504388304e-02 4.324078288575330248e-02 9.539144287664997890e-01 0.000000000000000000e+00 2.844788347746927612e-03 0.000000000000000000e+00
1.675000000000000000e+04 6.699943707315059171e-02 4.221665908056440597e-02 9.564178425125170468e-01 0.000000000000000000e+00 1.365498406918525280e-03 0.000000000000000000e+00
1.700000000000000000e+04 6.799942867125730039e-02 4.665452890304961492e-02 9.509558488848429691e-01 0.000000000000000000e+00 2.389622212107419402e-03 0.000000000000000000e+00
1.725000000000000000e+04 6.899942026936423112e-02 4.415111515703231543e-02 9.542558033682293495e-01 0.000000000000000000e+00 1.593081474738279385e-03 0.000000000000000000e+00
1.750000000000000000e+04 6.999941186747093980e-02 5.177514792899408358e-02 9.449248975876194390e-01 0.000000000000000000e+00 3.299954483386436255e-03 0.000000000000000000e+00
1.775000000000000000e+04 7.099940346557764848e-02 5.461993627674101293e-02 9.423076923076922906e-01 0.000000000000000000e+00 3.072371415566681717e-03 0.000000000000000000e+00
1.800000000000000000e+04 7.199939506368435715e-02 5.405097860719162289e-02 9.424214838416021811e-01 0.000000000000000000e+00 3.527537551206190360e-03 0.000000000000000000e+00
1.825000000000000000e+04 7.299938666179106583e-02 6.087847064178425471e-02 9.354802002730996380e-01 0.000000000000000000e+00 3.641329085116067413e-03 0.000000000000000000e+00
1.850000000000000000e+04 7.399937825989777451e-02 6.497496586253982687e-02 9.295630405097861093e-01 0.000000000000000000e+00 5.461993627674101119e-03 0.000000000000000000e+00
1.875000000000000000e+04 7.499936985800448319e-02 7.407828857532999800e-02 9.209148839326354308e-01 0.000000000000000000e+00 5.006827492034592909e-03 0.000000000000000000e+00
1.900000000000000000e+04 7.599936145611119187e-02 7.248520710059171146e-02 9.223941738734637852e-01 0.000000000000000000e+00 5.120619025944469528e-03 0.000000000000000000e+00
1.925000000000000000e+04 7.699935305421790055e-02 7.749203459262631044e-02 9.160218479745106945e-01 0.000000000000000000e+00 6.486117432862995025e-03 0.000000000000000000e+00
1.950000000000000000e+04 7.799934465232460923e-02 8.989531178880291740e-02 9.053254437869822091e-01 0.000000000000000000e+00 4.779244424214838804e-03 0.000000000000000000e+00
1.975000000000000000e+04 7.899933625043131791e-02 7.658170232134729749e-02 9.184114701866180619e-01 0.000000000000000000e+00 5.006827492034592909e-03 0.000000000000000000e+00
2.000000000000000000e+04 7.999932784853802659e-02 9.103322712790168358e-02 9.032771961766045132e-01 0.000000000000000000e+00 5.689576695493855224e-03 0.000000000000000000e+00
2.025000000000000000e+04 8.099931944664473527e-02 1.205052344105598527e-01 8.642467000455166248e-01 0.000000000000000000e+00 1.524806554392353283e-02 0.000000000000000000e+00
2.050000000000000000e+04 8.199931104475166599e-02 1.302913063268092975e-01 8.537778789258079204e-01 0.000000000000000000e+00 1.593081474738279601e-02 0.000000000000000000e+00
2.075000000000000000e+04 8.299930264285837467e-02 1.259672280382339582e-01 8.624260355029585989e-01 0.000000000000000000e+00 1.160673645880746542e-02 0.000000000000000000e+00
2.100000000000000000e+04 8.399929424096508335e-02 1.335912608101957333e-01 8.456986800182066943e-01 1.137915339098771066e-04 2.059626763768775473e-02 0.000000000000000000e+00
2.125000000000000000e+04 8.499928583907179203e-02 1.387118798361401950e-01 8.461538461538461453e-01 1.137915339098771066e-04 1.502048247610377786e-02 0.000000000000000000e+00
2.150000000000000000e+04 8.599927743717850070e-02 1.599908966772872199e-01 8.132680928538916776e-01 0.000000000000000000e+00 2.674101046882111990e-02 0.000000000000000000e+00
2.175000000000000000e+04 8.699926903528520938e-02 1.942421483841602070e-01 7.594446973145198010e-01 3.413746017296313199e-04 4.597177969959034827e-02 0.000000000000000000e+00
2.200000000000000000e+04 8.799926063339191806e-02 2.451069640418752915e-01 6.778561675011378629e-01 6.827492034592626399e-04 7.635411925352754425e-02 0.000000000000000000e+00
2.225000000000000000e+04 8.899925223149862674e-02 2.654756486117432757e-01 6.068502503413746307e-01 7.737824305871643035e-03 1.199362767410104696e-01 0.000000000000000000e+00
2.250000000000000000e+04 8.999924382960533542e-02 2.745789713245334607e-01 5.694128356850249872e-01 1.558944014565316269e-02 1.404187528447883582e-01 0.000000000000000000e+00
2.275000000000000000e+04 9.099923542771204410e-02 2.888029130632681074e-01 4.746244879380974169e-01 4.676832043695949154e-02 1.898042785616750050e-01 0.000000000000000000e+00
2.300000000000000000e+04 9.199922702581875278e-02 2.933545744196631722e-01 4.157942649066909691e-01 9.535730541647700897e-02 1.954938552571688637e-01 0.000000000000000000e+00
2.325000000000000000e+04 9.299921862392546146e-02 2.853891670459717811e-01 4.002048247610378029e-01 1.331360946745562268e-01 1.812699135184342170e-01 0.000000000000000000e+00
2.350000000000000000e+04 9.399921022203239218e-02 3.050751024123805055e-01 3.772189349112425871e-01 1.651115157032316816e-01 1.525944469731451980e-01 0.000000000000000000e+00
2.375000000000000000e+04 9.499920182013910086e-02 2.950614474283113076e-01 3.682294037323622926e-01 1.827492034592626269e-01 1.539599453800637174e-01 0.000000000000000000e+00
2.400000000000000000e+04 9.599919341824580954e-02 2.847064178425124936e-01 3.695949021392808120e-01 2.077833409194355940e-01 1.379153390987710448e-01 0.000000000000000000e+00
2.425000000000000000e+04 9.699918501635251822e-02 2.686618115612198210e-01 3.797223486572599005e-01 2.184797451069640517e-01 1.331360946745562268e-01 0.000000000000000000e+00
2.450000000000000000e+04 9.799917661445922690e-02 2.851615839781520001e-01 3.781292671825216001e-01 2.133591260810195622e-01 1.233500227583067821e-01 0.000000000000000000e+00
2.475000000000000000e+04 9.899916821256593558e-02 2.899408284023668458e-01 3.610605370960400795e-01 2.159763313609467383e-01 1.330223031406463363e-01 0.000000000000000000e+00
2.500000000000000000e+04 9.999915981067264426e-02 2.742375967228038447e-01 3.661811561219845412e-01 2.283796085571233592e-01 1.312016385980883104e-01 0.000000000000000000e+00
2.525000000000000000e+04 1.009991514087793529e-01 2.833409194355939742e-01 3.544606281292672079e-01 2.200728265817023244e-01 1.421256258534364936e-01 0.000000000000000000e+00
2.550000000000000000e+04 1.019991430068860616e-01 2.889167045971779424e-01 3.526399635867091265e-01 2.332726445152480677e-01 1.251706873008648080e-01 0.000000000000000000e+00
2.575000000000000000e+04 1.029991346049927703e-01 2.732134729176149412e-01 3.442193900773782289e-01 2.377105143377332697e-01 1.448566226672735602e-01 0.000000000000000000e+00
2.600000000000000000e+04 1.039991262030994790e-01 2.889167045971779424e-01 3.460400546199362548e-01 2.306554392353208915e-01 1.343878015475648557e-01 0.000000000000000000e+00
2.625000000000000000e+04 1.049991178012061877e-01 2.989303595812471404e-01 3.310195721438324856e-01 2.198452435138825711e-01 1.502048247610377751e-01 0.000000000000000000e+00
2.650000000000000000e+04 1.059991093993131184e-01 3.104233045061447482e-01 3.156577150659991005e-01 2.144970414201183562e-01 1.594219390077378229e-01 0.000000000000000000e+00
2.675000000000000000e+04 1.069991009974198271e-01 3.004096495220755503e-01 3.186162949476559203e-01 2.267865270823850588e-01 1.541875284478834707e-01 0.000000000000000000e+00
2.700000000000000000e+04 1.079990925955265357e-01 3.100819299044151323e-01 3.073509330905780379e-01 2.289485662266727284e-01 1.536185707783341015e-01 0.000000000000000000e+00
2.725000000000000000e+04 1.089990841936332444e-01 3.128129267182521711e-01 2.989303595812471404e-01 2.251934456076467861e-01 1.630632680928539024e-01 0.000000000000000000e+00
2.750000000000000000e+04 1.099990757917399531e-01 3.207783340919435622e-01 2.717341829767865313e-01 2.171142467000455045e-01 1.903732362312244020e-01 0.000000000000000000e+00
2.775000000000000000e+04 1.109990673898466618e-01 3.137232589895311841e-01 2.645653163404642627e-01 2.151797906235776159e-01 2.065316340464269373e-01 0.000000000000000000e+00
2.800000000000000000e+04 1.119990589879533704e-01 3.134956759217114031e-01 2.649066909421938787e-01 2.230314064633591165e-01 1.985662266727355463e-01 0.000000000000000000e+00
2.825000000000000000e+04 1.129990505860600791e-01 3.233955393718707105e-01 2.427173418297678686e-01 2.134729176149294527e-01 2.204142011834319403e-01 0.000000000000000000e+00
2.850000000000000000e+04 1.139990421841667878e-01 3.307919890760127601e-01 2.124487938097405493e-01 2.075557578516158408e-01 2.492034592626308498e-01 0.000000000000000000e+00
2.875000000000000000e+04 1.149990337822734965e-01 3.271506599908966528e-01 2.123350022758306865e-01 2.109695038689121394e-01 2.495448338643604935e-01 0.000000000000000000e+00
2.900000000000000000e+04 1.159990253803802052e-01 3.208921256258534527e-01 1.886663632225762388e-01 2.098315885298133732e-01 2.806099226217569353e-01 0.000000000000000000e+00
2.925000000000000000e+04 1.169990169784869138e-01 3.229403732362312041e-01 1.801319981793354508e-01 2.237141556668183762e-01 2.732134729176149412e-01 0.000000000000000000e+00
2.950000000000000000e+04 1.179990085765936225e-01 3.260127446517979144e-01 1.742148384160218388e-01 2.328174783796085612e-01 2.669549385525716856e-01 0.000000000000000000e+00
2.975000000000000000e+04 1.189990001747005532e-01 3.338643604915794150e-01 1.814974965862539702e-01 2.321347291761493015e-01 2.525034137460173134e-01 0.000000000000000000e+00
3.000000000000000000e+04 1.199989917728072619e-01 3.236231224396904915e-01 1.808147473827947105e-01 2.470414201183432079e-01 2.485207100591715901e-01 0.000000000000000000e+00
3.025000000000000000e+04 1.209989833709139706e-01 3.179335457441966328e-01 1.923076923076923184e-01 2.708238507055075184e-01 2.189349112426035582e-01 0.000000000000000000e+00
3.050000000000000000e+04 1.219989749690206793e-01 3.309057806099225951e-01 1.994765589440145592e-01 2.888029130632681074e-01 1.808147473827947105e-01 0.000000000000000000e+00
3.075000000000000000e+04 1.229989665671273880e-01 3.315885298133818826e-01 2.086936731907146070e-01 2.917614929449248717e-01 1.679563040509786109e-01 0.000000000000000000e+00
3.100000000000000000e+04 1.239989581652340966e-01 3.319299044151114986e-01 2.006144742831133254e-01 2.944924897587619661e-01 1.729631315430132099e-01 0.000000000000000000e+00
3.125000000000000000e+04 1.249989497633408053e-01 3.171370050068275104e-01 2.039144287664997612e-01 2.921028675466545432e-01 1.868456986800182129e-01 0.000000000000000000e+00
3.150000000000000000e+04 1.259989413614475140e-01 3.237369139736003820e-01 2.068730086481565811e-01 2.952890304961310886e-01 1.741010468821119761e-01 0.000000000000000000e+00
3.175000000000000000e+04 1.269989329595542227e-01 3.268092853891670369e-01 2.053937187073281712e-01 3.005234410559854408e-01 1.672735548475193512e-01 0.000000000000000000e+00
3.200000000000000000e+04 1.279989245576609314e-01 3.354574419663177154e-01 2.097177969959035104e-01 3.014337733272644537e-01 1.533909877105143482e-01 0.000000000000000000e+00
3.225000000000000000e+04 1.289989161557676400e-01 3.328402366863905115e-01 2.105143377332726329e-01 2.924442421483841592e-01 1.642011834319526686e-01 0.000000000000000000e+00
3.250000000000000000e+04 1.299989077538743487e-01 3.249886208466090110e-01 2.179107874374146547e-01 2.913063268092853653e-01 1.657942649066909413e-01 0.000000000000000000e+00
3.275000000000000000e+04 1.309988993519812794e-01 3.230541647701410946e-01 2.328174783796085612e-01 2.936959490213927881e-01 1.504324078288575284e-01 0.000000000000000000e+00
3.300000000000000000e+04 1.319988909500879881e-01 3.239644970414201075e-01 2.289485662266727284e-01 2.981338188438780179e-01 1.489531178880291185e-01 0.000000000000000000e+00
3.325000000000000000e+04 1.329988825481946968e-01 3.241920801092398885e-01 2.518206645425580259e-01 3.063268092853891900e-01 1.176604460628129234e-01 0.000000000000000000e+00
3.350000000000000000e+04 1.339988741463014055e-01 3.010923987255348377e-01 2.745789713245334607e-01 3.137232589895311841e-01 1.106053709604005453e-01 0.000000000000000000e+00
3.375000000000000000e+04 1.349988657444081142e-01 2.835685025034137552e-01 2.907373691397360238e-01 3.262403277196176399e-01 9.945380063723259501e-02 0.000000000000000000e+00
3.400000000000000000e+04 1.359988573425148228e-01 2.842512517068729871e-01 2.835685025034137552e-01 3.342057350933090309e-01 9.797451069640418508e-02 0.000000000000000000e+00
3.425000000000000000e+04 1.369988489406215315e-01 2.864132908511606845e-01 2.930131998179335562e-01 3.345471096950387024e-01 8.602639963586708460e-02 0.000000000000000000e+00
3.450000000000000000e+04 1.379988405387282402e-01 2.688893946290396020e-01 3.108784706417842547e-01 3.454710969503869133e-01 7.476103777878925771e-02 0.000000000000000000e+00
3.475000000000000000e+04 1.389988321368349489e-01 2.677514792899408080e-01 3.008648156577150568e-01 3.610605370960400795e-01 7.032316795630405570e-02 0.000000000000000000e+00
3.500000000000000000e+04 1.399988237349416575e-01 2.672963131543013016e-01 3.039371870732817671e-01 3.640191169776968438e-01 6.474738279472007363e-02 0.000000000000000000e+00
3.525000000000000000e+04 1.409988153330483662e-01 2.561447428311333652e-01 3.072371415566682029e-01 3.768775603095129711e-01 5.974055530268548159e-02 0.000000000000000000e+00
3.550000000000000000e+04 1.419988069311550749e-01 2.629722348657259623e-01 3.031406463359125891e-01 3.757396449704141772e-01 5.814747382794720199e-02 0.000000000000000000e+00
3.575000000000000000e+04 1.429987985292617836e-01 2.664997724169321791e-01 2.988165680473373054e-01 3.855257168866636497e-01 4.915794264906690747e-02 0.000000000000000000e+00
3.600000000000000000e+04 1.439987901273687143e-01 2.705962676376877374e-01 2.952890304961310886e-01 3.872325898953117851e-01 4.688211197086936816e-02 0.000000000000000000e+00
3.625000000000000000e+04 1.449987817254754230e-01 2.668411470186617951e-01 2.990441511151570309e-01 3.878015475648611821e-01 4.631315430131998506e-02 0.000000000000000000e+00
3.650000000000000000e+04 1.459987733235821317e-01 2.595584888484296915e-01 3.017751479289940697e-01 3.892808375056895920e-01 4.938552571688666071e-02 0.000000000000000000e+00
3.675000000000000000e+04 1.469987649216888403e-01 2.613791533909877174e-01 3.058716431497496835e-01 3.858670914883932657e-01 4.688211197086936816e-02 0.000000000000000000e+00
3.700000000000000000e+04 1.479987565197955490e-01 2.569412835685024876e-01 3.191852526172052618e-01 3.819981793354574329e-01 4.187528447883477611e-02 0.000000000000000000e+00
3.725000000000000000e+04 1.489987481179022577e-01 2.496586253982703563e-01 3.326126536185707860e-01 3.805188893946290229e-01 3.720983158852981393e-02 0.000000000000000000e+00
3.750000000000000000e+04 1.499987397160089664e-01 2.496586253982703563e-01 3.378470641784251383e-01 3.711879836140191125e-01 4.130632680928538608e-02 0.000000000000000000e+00
3.775000000000000000e+04 1.509987313141156751e-01 2.479517523896222209e-01 3.443331816112881194e-01 3.746017296313154388e-01 3.311333636777423484e-02 0.000000000000000000e+00
3.800000000000000000e+04 1.519987229122223837e-01 2.298588984979517413e-01 3.500227583067819781e-01 3.845015930814747462e-01 3.561675011379153433e-02 0.000000000000000000e+00
3.825000000000000000e+04 1.529987145103290924e-01 2.368001820664542567e-01 3.550295857988165493e-01 3.771051433773327521e-01 3.106508875739644876e-02 0.000000000000000000e+00
3.850000000000000000e+04 1.539987061084358011e-01 2.171142467000455045e-01 3.780154756486117651e-01 3.723258989531179064e-01 3.254437869822485174e-02 0.000000000000000000e+00
3.875000000000000000e+04 1.549986977065425098e-01 2.168866636322257513e-01 3.872325898953117851e-01 3.677742375967227861e-01 2.810650887573964626e-02 0.000000000000000000e+00
3.900000000000000000e+04 1.559986893046494405e-01 2.091488393263541135e-01 4.077150659990896875e-01 3.588984979517523821e-01 2.423759672280382388e-02 0.000000000000000000e+00
3.925000000000000000e+04 1.569986809027561492e-01 1.961766044606281234e-01 4.176149294492489950e-01 3.659535730541647602e-01 2.025489303595812488e-02 0.000000000000000000e+00
3.950000000000000000e+04 1.579986725008628579e-01 1.978834774692762866e-01 4.137460172963131622e-01 3.706190259444697155e-01 1.775147928994082885e-02 0.000000000000000000e+00
3.975000000000000000e+04 1.589986640989695665e-01 1.967455621301775204e-01 4.197769685935366368e-01 3.664087391898042667e-01 1.706873008648156567e-02 0.000000000000000000e+00
4.000000000000000000e+04 1.599986556970762752e-01 1.892353208921256358e-01 4.218252162039144437e-01 3.750568957669549452e-01 1.388256713700500647e-02 0.000000000000000000e+00
4.025000000000000000e+04 1.609986472951829839e-01 1.962903959945380139e-01 4.203459262630860338e-01 3.683431952662721831e-01 1.502048247610377786e-02 0.000000000000000000e+00
4.050000000000000000e+04 1.619986388932896926e-01 1.917387346381429214e-01 4.204597177969959243e-01 3.719845243513882349e-01 1.581702321347291593e-02 0.000000000000000000e+00
4.075000000000000000e+04 1.629986304913964013e-01 1.919663177059626746e-01 4.177287209831588299e-01 3.734638142922166448e-01 1.684114701866181243e-02 0.000000000000000000e+00
4.100000000000000000e+04 1.639986220895031099e-01 1.909421939007737712e-01 4.200045516613564178e-01 3.768775603095129711e-01 1.217569412835685025e-02 0.000000000000000000e+00
4.125000000000000000e+04 1.649986136876098186e-01 1.877560309512972259e-01 4.202321347291761433e-01 3.797223486572599005e-01 1.228948566226672687e-02 0.000000000000000000e+00
4.150000000000000000e+04 1.659986052857165273e-01 1.891215293582157453e-01 4.230769230769230727e-01 3.756258534365043422e-01 1.217569412835685025e-02 0.000000000000000000e+00
4.175000000000000000e+04 1.669985968838232360e-01 1.886663632225762388e-01 4.230769230769230727e-01 3.740327719617660418e-01 1.422394173873463806e-02 0.000000000000000000e+00
4.200000000000000000e+04 1.679985884819299446e-01 1.896904870277651423e-01 4.214838416021847722e-01 3.753982703686845612e-01 1.342740100136549826e-02 0.000000000000000000e+00
4.225000000000000000e+04 1.689985800800368754e-01 1.968593536640873831e-01 4.190942193900774049e-01 3.728948566226672479e-01 1.115157032316795548e-02 0.000000000000000000e+00
4.250000000000000000e+04 1.699985716781435841e-01 1.924214838416021811e-01 4.264906690942193990e-01 3.687983614019116896e-01 1.228948566226672687e-02 0.000000000000000000e+00
4.275000000000000000e+04 1.709985632762502927e-01 1.928766499772416876e-01 4.239872553482020856e-01 3.684569868001820736e-01 1.456531634046426965e-02 1.137915339098771066e-04
4.300000000000000000e+04 1.719985548743570014e-01 1.880974055530268418e-01 4.279699590350478089e-01 3.707328174783796060e-01 1.319981793354574502e-02 0.000000000000000000e+00
4.325000000000000000e+04 1.729985464724637101e-01 1.877560309512972259e-01 4.280837505689576439e-01 3.682294037323622926e-01 1.593081474738279601e-02 0.000000000000000000e+00
4.350000000000000000e+04 1.739985380705704188e-01 1.886663632225762388e-01 4.336595357305416676e-01 3.667501137915338827e-01 1.092398725534820224e-02 0.000000000000000000e+00
4.375000000000000000e+04 1.749985296686771274e-01 1.859353664087392000e-01 4.360491579426490905e-01 3.661811561219845412e-01 1.183431952662721866e-02 0.000000000000000000e+00
4.400000000000000000e+04 1.759985212667838361e-01 1.852526172052799402e-01 4.395766954938552518e-01 3.652708238507055283e-01 9.899863450159307465e-03 0.000000000000000000e+00
4.425000000000000000e+04 1.769985128648905448e-01 1.795630405097860816e-01 4.409421939007737712e-01 3.683431952662721831e-01 1.115157032316795548e-02 0.000000000000000000e+00
4.450000000000000000e+04 1.779985044629972535e-01 1.820664542558033672e-01 4.413973600364132777e-01 3.653846153846153633e-01 1.103777878925807886e-02 1.137915339098771066e-04
4.475000000000000000e+04 1.789984960611039622e-01 1.720527992717341692e-01 4.485662266727355463e-01 3.675466545289030607e-01 1.183431952662721866e-02 0.000000000000000000e+00
4.500000000000000000e+04 1.799984876592106708e-01 1.673873463814292140e-01 4.487938097405553273e-01 3.707328174783796060e-01 1.308602639963586667e-02 0.000000000000000000e+00
4.525000000000000000e+04 1.809984792573176016e-01 1.591943559399180697e-01 4.524351388256713791e-01 3.805188893946290229e-01 7.851615839781519654e-03 0.000000000000000000e+00
4.550000000000000000e+04 1.819984708554243102e-01 1.477014110150204895e-01 4.643832498862084934e-01 3.783568502503413811e-01 9.558488848429677609e-03 0.000000000000000000e+00
4.575000000000000000e+04 1.829984624535310189e-01 1.389394629039599482e-01 4.667728720983158608e-01 3.855257168866636497e-01 8.761948111060537808e-03 0.000000000000000000e+00
4.600000000000000000e+04 1.839984540516377276e-01 1.416704597177969871e-01 4.674556213017751483e-01 3.823395539371870488e-01 8.420573509330906217e-03 1.137915339098771066e-04
4.625000000000000000e+04 1.849984456497444363e-01 1.327947200728265831e-01 4.691624943104232837e-01 3.878015475648611821e-01 1.024123805188893906e-02 0.000000000000000000e+00
4.650000000000000000e+04 1.859984372478511450e-01 1.373463814292216756e-01 4.662039144287665193e-01 3.880291306326809075e-01 8.420573509330906217e-03 0.000000000000000000e+00
4.675000000000000000e+04 1.869984288459578536e-01 1.252844788347746985e-01 4.747382794720073074e-01 3.883705052344105790e-01 1.160673645880746542e-02 0.000000000000000000e+00
4.700000000000000000e+04 1.879984204440645623e-01 1.238051888939462886e-01 4.756486117432863203e-01 3.915566681838871244e-01 8.989531178880291046e-03 0.000000000000000000e+00
4.725000000000000000e+04 1.889984120421712710e-01 1.231224396904870289e-01 4.737141556668184039e-01 3.906463359126081114e-01 1.251706873008648184e-02 0.000000000000000000e+00
4.750000000000000000e+04 1.899984036402779797e-01 1.235776058261265353e-01 4.754210286754665393e-01 3.890532544378698110e-01 1.194811106053709528e-02 0.000000000000000000e+00
4.775000000000000000e+04 1.909983952383846884e-01 1.219845243513882627e-01 4.724624487938097195e-01 3.893946290395994270e-01 1.615839781520254925e-02 0.000000000000000000e+00
4.800000000000000000e+04 1.919983868364913970e-01 1.203914428766499761e-01 4.729176149294492260e-01 3.925807919890760278e-01 1.399635867091488309e-02 1.137915339098771066e-04
4.825000000000000000e+04 1.929983784345981057e-01 1.238051888939462886e-01 4.718934911242603780e-01 3.911015020482476179e-01 1.319981793354574502e-02 0.000000000000000000e+00
4.850000000000000000e+04 1.939983700327050364e-01 1.219845243513882627e-01 4.753072371415566488e-01 3.893946290395994270e-01 1.331360946745562164e-02 0.000000000000000000e+00
4.875000000000000000e+04 1.949983616308117451e-01 1.189121529358215801e-01 4.738279472007282389e-01 3.917842512517068498e-01 1.547564861174328607e-02 0.000000000000000000e+00
4.900000000000000000e+04 1.959983532289184538e-01 1.246017296313154249e-01 4.682521620391442707e-01 3.966772872098315861e-01 1.046882111970869403e-02 0.000000000000000000e+00
4.925000000000000000e+04 1.969983448270251625e-01 1.169776968593536637e-01 4.749658625398270329e-01 3.969048702776513671e-01 1.115157032316795548e-02 0.000000000000000000e+00
4.950000000000000000e+04 1.979983364251318712e-01 1.177742375967228000e-01 4.722348657259899940e-01 3.984979517523896120e-01 1.149294492489758707e-02 0.000000000000000000e+00
4.975000000000000000e+04 1.989983280232385798e-01 1.263086026399635742e-01 4.632453345471096995e-01 3.963359126081019701e-01 1.411015020482476144e-02 0.000000000000000000e+00
5.000000000000000000e+04 1.999983196213452885e-01 1.209604005461993592e-01 4.646108329540282189e-01 4.015703231679563223e-01 1.285844333181611343e-02 0.000000000000000000e+00
5.025000000000000000e+04 2.009983112194519972e-01 1.265361857077833274e-01 4.602867546654528796e-01 4.038461538461538547e-01 9.330905780609922637e-03 0.000000000000000000e+00
5.050000000000000000e+04 2.019983028175587059e-01 1.232362312243969055e-01 4.615384615384615641e-01 4.062357760582612776e-01 8.989531178880291046e-03 0.000000000000000000e+00
5.075000000000000000e+04 2.029982944156654145e-01 1.312016385980883104e-01 4.550523441055985274e-01 4.024806554392353353e-01 1.126536185707783383e-02 0.000000000000000000e+00
5.100000000000000000e+04 2.039982860137721232e-01 1.197086936731907164e-01 4.598315885298133732e-01 4.124943104233045332e-01 7.965407373691398007e-03 0.000000000000000000e+00
5.125000000000000000e+04 2.049982776118788319e-01 1.153846153846153910e-01 4.578971324533454568e-01 4.190942193900774049e-01 7.624032771961766417e-03 0.000000000000000000e+00
5.150000000000000000e+04 2.059982692099857626e-01 1.156121984524351443e-01 4.571005917159763343e-01 4.223941738734638407e-01 4.893035958124715423e-03 0.000000000000000000e+00
5.175000000000000000e+04 2.069982608080924713e-01 1.116294947655894348e-01 4.580109239872553473e-01 4.233045061447428536e-01 7.055075102412380721e-03 0.000000000000000000e+00
5.200000000000000000e+04 2.079982524061991800e-01 1.137915339098771045e-01 4.578971324533454568e-01 4.233045061447428536e-01 5.006827492034592909e-03 0.000000000000000000e+00
5.225000000000000000e+04 2.089982440043058887e-01 1.151570323167956239e-01 4.560764679107874309e-01 4.225079654073736757e-01 6.258534365043240920e-03 0.000000000000000000e+00
5.250000000000000000e+04 2.099982356024125973e-01 1.075329995448338627e-01 4.607419208010923861e-01 4.267182521620391245e-01 5.006827492034592909e-03 0.000000000000000000e+00
5.275000000000000000e+04 2.109982272005193060e-01 1.087847064178425194e-01 4.571005917159763343e-01 4.279699590350478089e-01 6.144742831133363434e-03 0.000000000000000000e+00
5.300000000000000000e+04 2.119982187986260147e-01 1.043468365953573035e-01 4.632453345471096995e-01 4.276285844333181374e-01 4.779244424214838804e-03 0.000000000000000000e+00
5.325000000000000000e+04 2.129982103967327234e-01 1.110605370960400518e-01 4.592626308602639762e-01 4.235320892125625791e-01 6.144742831133363434e-03 0.000000000000000000e+00
5.350000000000000000e+04 2.139982019948394321e-01 1.084433318161128756e-01 4.597177969959034827e-01 4.260355029585798925e-01 5.803368229403732710e-03 0.000000000000000000e+00
5.375000000000000000e+04 2.149981935929461407e-01 1.103777878925807920e-01 4.583522985889849632e-01 4.274010013654984119e-01 3.868912152935821518e-03 0.000000000000000000e+00
5.400000000000000000e+04 2.159981851910528494e-01 1.116294947655894348e-01 4.544833864360491305e-01 4.264906690942193990e-01 7.396449704142011444e-03 0.000000000000000000e+00
5.425000000000000000e+04 2.169981767891595581e-01 1.153846153846153910e-01 4.574419663177059503e-01 4.234182976786526886e-01 3.755120619025944465e-03 0.000000000000000000e+00
5.450000000000000000e+04 2.179981683872662668e-01 1.084433318161128756e-01 4.576695493855257313e-01 4.272872098315885214e-01 6.599908966772872511e-03 0.000000000000000000e+00
5.475000000000000000e+04 2.189981599853731975e-01 1.099226217569412856e-01 4.588074647246244697e-01 4.274010013654984119e-01 3.868912152935821518e-03 0.000000000000000000e+00
5.500000000000000000e+04 2.199981515834799062e-01 1.060537096040054666e-01 4.566454255803368278e-01 4.302457897132453413e-01 7.055075102412380721e-03 0.000000000000000000e+00
5.525000000000000000e+04 2.209981431815866149e-01 1.077605826126536159e-01 4.585798816568047442e-01 4.294492489758762188e-01 4.210286754665453109e-03 0.000000000000000000e+00
5.550000000000000000e+04 2.219981347796933235e-01 1.117432862994993115e-01 4.575557578516158408e-01 4.259217114246700020e-01 4.779244424214838804e-03 0.000000000000000000e+00
5.575000000000000000e+04 2.229981263778000322e-01 1.195949021392808398e-01 4.512972234865725851e-01 4.243286299499317016e-01 4.779244424214838804e-03 0.000000000000000000e+00
5.600000000000000000e+04 2.239981179759067409e-01 1.104915794264906687e-01 4.580109239872553473e-01 4.270596267637687959e-01 4.437869822485207214e-03 0.000000000000000000e+00
5.625000000000000000e+04 2.249981095740134496e-01 1.148156577150659940e-01 4.518661811561219821e-01 4.259217114246700020e-01 7.396449704142011444e-03 0.000000000000000000e+00
5.650000000000000000e+04 2.259981011721201583e-01 1.133363677742375980e-01 4.544833864360491305e-01 4.281975421028675344e-01 3.982703686845699004e-03 0.000000000000000000e+00
5.675000000000000000e+04 2.269980927702268669e-01 1.195949021392808398e-01 4.518661811561219821e-01 4.230769230769230727e-01 5.461993627674101119e-03 0.000000000000000000e+00
