# itime ezz other fcc hcp bcc ico
0.000000000000000000e+00 0.000000000000000000e+00 1.251706873008648227e-03 9.987482931269913156e-01 0.000000000000000000e+00 0.000000000000000000e+00 0.000000000000000000e+00
3.000000000000000000e+00 1.200035096126317313e-03 3.413746017296313199e-04 9.996586253982703285e-01 0.000000000000000000e+00 0.000000000000000000e+00 0.000000000000000000e+00
6.000000000000000000e+00 2.400070192252412582e-03 0.000000000000000000e+00 1.000000000000000000e+00 0.000000000000000000e+00 0.000000000000000000e+00 0.000000000000000000e+00
9.000000000000000000e+00 3.600105288378729895e-03 1.137915339098771066e-04 9.998862084660901095e-01 0.000000000000000000e+00 0.000000000000000000e+00 0.000000000000000000e+00
1.200000000000000000e+01 4.800140384504825164e-03 2.275830678197542133e-04 9.997724169321802190e-01 0.000000000000000000e+00 0.000000000000000000e+00 0.000000000000000000e+00
1.500000000000000000e+01 6.000175480631142477e-03 3.413746017296313199e-04 9.996586253982703285e-01 0.000000000000000000e+00 0.000000000000000000e+00 0.000000000000000000e+00
1.800000000000000000e+01 7.200210576757237746e-03 1.365498406918525280e-03 9.986345015930814251e-01 0.000000000000000000e+00 0.000000000000000000e+00 0.000000000000000000e+00
2.100000000000000000e+01 8.400245672883555059e-03 1.706873008648156654e-03 9.982931269913518646e-01 0.000000000000000000e+00 0.000000000000000000e+00 0.000000000000000000e+00
2.400000000000000000e+01 9.600280769009872373e-03 2.275830678197541916e-03 9.976103777878926326e-01 0.000000000000000000e+00 1.137915339098771066e-04 0.000000000000000000e+00
2.700000000000000000e+01 1.080031586513596764e-02 1.934456076467910759e-03 9.979517523896221931e-01 0.000000000000000000e+00 1.137915339098771066e-04 0.000000000000000000e+00
3.000000000000000000e+01 1.200035096126228495e-02 1.365498406918525280e-03 9.985207100591716456e-01 0.000000000000000000e+00 1.137915339098771066e-04 0.000000000000000000e+00
3.300000000000000000e+01 1.320038605738838022e-02 7.965407373691396923e-04 9.990896677287209870e-01 0.000000000000000000e+00 1.137915339098771066e-04 0.000000000000000000e+00
3.600000000000000000e+01 1.440042115351469754e-02 1.024123805188893906e-03 9.989758761948110966e-01 0.000000000000000000e+00 0.000000000000000000e+00 0.000000000000000000e+00
3.900000000000000000e+01 1.560045624964079281e-02 1.137915339098770958e-03 9.988620846609012061e-01 0.000000000000000000e+00 0.000000000000000000e+00 0.000000000000000000e+00
4.200000000000000000e+01 1.680049134576711012e-02 1.479289940828402332e-03 9.985207100591716456e-01 0.000000000000000000e+00 0.000000000000000000e+00 0.000000000000000000e+00
4.500000000000000000e+01 1.800052644189342743e-02 1.365498406918525280e-03 9.986345015930814251e-01 0.000000000000000000e+00 0.000000000000000000e+00 0.000000000000000000e+00
4.800000000000000000e+01 1.920056153801952270e-02 1.024123805188893906e-03 9.989758761948110966e-01 0.000000000000000000e+00 0.000000000000000000e+00 0.000000000000000000e+00
5.100000000000000000e+01 2.040059663414584001e-02 6.827492034592626399e-04 9.993172507965407680e-01 0.000000000000000000e+00 0.000000000000000000e+00 0.000000000000000000e+00
5.400000000000000000e+01 2.160063173027193528e-02 1.365498406918525280e-03 9.986345015930814251e-01 0.000000000000000000e+00 0.000000000000000000e+00 0.000000000000000000e+00
5.700000000000000000e+01 2.280066682639825260e-02 2.162039144287664864e-03 9.978379608557123026e-01 0.000000000000000000e+00 0.000000000000000000e+00 0.000000000000000000e+00
6.000000000000000000e+01 2.400070192252434786e-02 3.072371415566681717e-03 9.969276285844332897e-01 0.000000000000000000e+00 0.000000000000000000e+00 0.000000000000000000e+00
6.300000000000000000e+01 2.520073701865066518e-02 2.275830678197541916e-03 9.977241693218024121e-01 0.000000000000000000e+00 0.000000000000000000e+00 0.000000000000000000e+00
6.600000000000000000e+01 2.640077211477698249e-02 1.593081474738279385e-03 9.984069185252617551e-01 0.000000000000000000e+00 0.000000000000000000e+00 0.000000000000000000e+00
6.900000000000000000e+01 2.760080721090307776e-02 1.706873008648156654e-03 9.982931269913518646e-01 0.000000000000000000e+00 0.000000000000000000e+00 0.000000000000000000e+00
7.200000000000000000e+01 2.880084230702939507e-02 2.389622212107419402e-03 9.973827947200728516e-01 0.000000000000000000e+00 2.275830678197542133e-04 0.000000000000000000e+00
7.500000000000000000e+01 3.000087740315549034e-02 4.551661356395083832e-03 9.952207555757851543e-01 0.000000000000000000e+00 2.275830678197542133e-04 0.000000000000000000e+00
7.800000000000000000e+01 3.120091249928180765e-02 5.917159763313609329e-03 9.939690487027764698e-01 0.000000000000000000e+00 1.137915339098771066e-04 0.000000000000000000e+00
8.100000000000000000e+01 3.240094759540812497e-02 5.803368229403732710e-03 9.940828402366863603e-01 0.000000000000000000e+00 1.137915339098771066e-04 0.000000000000000000e+00
8.400000000000000000e+01 3.360098269153422024e-02 5.461993627674101119e-03 9.945380063723259223e-01 0.000000000000000000e+00 0.000000000000000000e+00 0.000000000000000000e+00
8.700000000000000000e+01 3.480101778766053755e-02 5.803368229403732710e-03 9.941966317705962508e-01 0.000000000000000000e+00 0.000000000000000000e+00 0.000000000000000000e+00
9.000000000000000000e+01 3.600105288378663282e-02 6.144742831133363434e-03 9.937414656349567998e-01 0.000000000000000000e+00 1.137915339098771066e-04 0.000000000000000000e+00
9.300000000000000000e+01 3.720108797991295013e-02 5.803368229403732710e-03 9.940828402366863603e-01 0.000000000000000000e+00 1.137915339098771066e-04 0.000000000000000000e+00
9.600000000000000000e+01 3.840112307603904540e-02 4.551661356395083832e-03 9.954483386436049352e-01 0.000000000000000000e+00 0.000000000000000000e+00 0.000000000000000000e+00
9.900000000000000000e+01 3.960115817216536271e-02 5.006827492034592909e-03 9.949931725079653733e-01 0.000000000000000000e+00 0.000000000000000000e+00 0.000000000000000000e+00
1.020000000000000000e+02 4.080119326829168003e-02 4.096495220755575623e-03 9.955621301775148257e-01 0.000000000000000000e+00 3.413746017296313199e-04 0.000000000000000000e+00
1.050000000000000000e+02 4.200122836441777530e-02 3.413746017296313308e-03 9.963586709148839482e-01 0.000000000000000000e+00 2.275830678197542133e-04 0.000000000000000000e+00
1.080000000000000000e+02 4.320126346054409261e-02 3.868912152935821518e-03 9.957897132453344957e-01 0.000000000000000000e+00 3.413746017296313199e-04 0.000000000000000000e+00
1.110000000000000000e+02 4.440129855667018788e-02 5.461993627674101119e-03 9.944242148384160318e-01 0.000000000000000000e+00 1.137915339098771066e-04 0.000000000000000000e+00
1.140000000000000000e+02 4.560133365279650519e-02 6.372325898953117539e-03 9.936276741010469093e-01 0.000000000000000000e+00 0.000000000000000000e+00 0.000000000000000000e+00
1.170000000000000000e+02 4.680136874892260046e-02 7.510241238051888930e-03 9.923759672280382249e-01 0.000000000000000000e+00 1.137915339098771066e-04 0.000000000000000000e+00
1.200000000000000000e+02 4.800140384504891777e-02 9.444697314519799256e-03 9.902139280837505275e-01 0.000000000000000000e+00 3.413746017296313199e-04 0.000000000000000000e+00
1.230000000000000000e+02 4.920143894117523509e-02 1.149294492489758707e-02 9.882794720072826111e-01 0.000000000000000000e+00 2.275830678197542133e-04 0.000000000000000000e+00
1.260000000000000000e+02 5.040147403730133036e-02 1.217569412835685025e-02 9.875967228038233792e-01 0.000000000000000000e+00 2.275830678197542133e-04 0.000000000000000000e+00
1.290000000000000000e+02 5.160150913342764767e-02 1.251706873008648184e-02 9.870277651342740377e-01 0.000000000000000000e+00 4.551661356395084266e-04 0.000000000000000000e+00
1.320000000000000000e+02 5.280154422955374294e-02 1.194811106053709528e-02 9.879380974055530507e-01 0.000000000000000000e+00 1.137915339098771066e-04 0.000000000000000000e+00
1.350000000000000000e+02 5.400157932568006025e-02 1.422394173873463806e-02 9.856622667273554628e-01 0.000000000000000000e+00 1.137915339098771066e-04 0.000000000000000000e+00
1.380000000000000000e+02 5.520161442180615552e-02 1.217569412835685025e-02 9.873691397360035982e-01 0.000000000000000000e+00 4.551661356395084266e-04 0.000000000000000000e+00
1.410000000000000000e+02 5.640164951793247283e-02 1.058261265361857065e-02 9.891898042785616241e-01 0.000000000000000000e+00 2.275830678197542133e-04 0.000000000000000000e+00
1.440000000000000000e+02 5.760168461405879015e-02 1.354119253527537488e-02 9.861174328629950248e-01 0.000000000000000000e+00 3.413746017296313199e-04 0.000000000000000000e+00
1.470000000000000000e+02 5.880171971018488541e-02 1.570323167956303931e-02 9.841829767865271084e-01 0.000000000000000000e+00 1.137915339098771066e-04 0.000000000000000000e+00
1.500000000000000000e+02 6.000175480631120273e-02 1.706873008648156567e-02 9.823623122439690825e-01 0.000000000000000000e+00 5.689576695493854790e-04 0.000000000000000000e+00
1.530000000000000000e+02 6.120178990243729800e-02 1.877560309512972189e-02 9.806554392353209471e-01 0.000000000000000000e+00 5.689576695493854790e-04 0.000000000000000000e+00
1.560000000000000000e+02 6.240182499856361531e-02 2.116522530723714129e-02 9.783796085571233592e-01 0.000000000000000000e+00 4.551661356395084266e-04 0.000000000000000000e+00
1.590000000000000000e+02 6.360186009468971058e-02 2.332726445152480746e-02 9.761037778789257713e-01 0.000000000000000000e+00 5.689576695493854790e-04 0.000000000000000000e+00
1.620000000000000000e+02 6.480189519081602789e-02 2.776513427401001294e-02 9.712107419208011461e-01 0.000000000000000000e+00 1.024123805188893906e-03 0.000000000000000000e+00
1.650000000000000000e+02 6.600193028694234521e-02 3.163404642694583185e-02 9.675694128356849832e-01 0.000000000000000000e+00 7.965407373691396923e-04 0.000000000000000000e+00
1.680000000000000000e+02 6.720196538306844047e-02 3.277196176604460498e-02 9.658625398270368478e-01 0.000000000000000000e+00 1.365498406918525280e-03 0.000000000000000000e+00
1.710000000000000000e+02 6.840200047919475779e-02 3.516158397815202785e-02 9.627901684114701375e-01 0.000000000000000000e+00 2.048247610377787811e-03 0.000000000000000000e+00
1.740000000000000000e+02 6.960203557532085306e-02 3.720983158852981393e-02 9.609695038689121116e-01 0.000000000000000000e+00 1.820664542558033706e-03 0.000000000000000000e+00
1.770000000000000000e+02 7.080207067144717037e-02 3.664087391898043083e-02 9.610832954028220021e-01 0.000000000000000000e+00 2.275830678197541916e-03 0.000000000000000000e+00
1.800000000000000000e+02 7.200210576757326564e-02 3.755120619025944378e-02 9.608557123350022211e-01 0.000000000000000000e+00 1.593081474738279385e-03 0.000000000000000000e+00
1.830000000000000000e+02 7.320214086369958295e-02 3.584433318161128756e-02 9.630177514792899185e-01 0.000000000000000000e+00 1.137915339098770958e-03 0.000000000000000000e+00
1.860000000000000000e+02 7.440217595982590026e-02 3.322712790168411146e-02 9.651797906235776159e-01 0.000000000000000000e+00 1.593081474738279385e-03 0.000000000000000000e+00
1.890000000000000000e+02 7.560221105595199553e-02 3.846153846153846367e-02 9.606281292671825511e-01 0.000000000000000000e+00 9.103322712790168532e-04 0.000000000000000000e+00
1.920000000000000000e+02 7.680224615207831285e-02 4.255803368229403583e-02 9.559626763768775959e-01 0.000000000000000000e+00 1.479289940828402332e-03 0.000000000000000000e+00
1.950000000000000000e+02 7.800228124820440812e-02 4.665452890304961492e-02 9.511834319526627501e-01 0.000000000000000000e+00 2.162039144287664864e-03 0.000000000000000000e+00
1.980000000000000000e+02 7.920231634433072543e-02 5.348202093764223980e-02 9.446973145197997690e-01 0.000000000000000000e+00 1.820664542558033706e-03 0.000000000000000000e+00
2.010000000000000000e+02 8.040235144045682070e-02 5.735093309057805872e-02 9.406008192990441552e-01 0.000000000000000000e+00 2.048247610377787811e-03 0.000000000000000000e+00
2.040000000000000000e+02 8.160238653658313801e-02 6.281292671825215723e-02 9.349112426035502965e-01 0.000000000000000000e+00 2.275830678197541916e-03 0.000000000000000000e+00
2.070000000000000000e+02 8.280242163270945532e-02 6.474738279472007363e-02 9.322940373236231482e-01 0.000000000000000000e+00 2.958579881656804664e-03 0.000000000000000000e+00
2.100000000000000000e+02 8.400245672883555059e-02 6.725079654073737312e-02 9.291078743741465473e-01 0.000000000000000000e+00 3.641329085116067413e-03 0.000000000000000000e+00
2.130000000000000000e+02 8.520249182496186791e-02 7.055075102412380894e-02 9.258079198907601670e-01 0.000000000000000000e+00 3.641329085116067413e-03 0.000000000000000000e+00
2.160000000000000000e+02 8.640252692108796317e-02 7.100591715976331542e-02 9.255803368229403860e-01 0.000000000000000000e+00 3.413746017296313308e-03 0.000000000000000000e+00
2.190000000000000000e+02 8.760256201721428049e-02 7.521620391442876419e-02 9.204597177969958688e-01 0.000000000000000000e+00 4.324078288575329727e-03 0.000000000000000000e+00
2.220000000000000000e+02 8.880259711334059780e-02 8.181611288120163583e-02 9.147701411015020101e-01 0.000000000000000000e+00 3.413746017296313308e-03 0.000000000000000000e+00
2.250000000000000000e+02 9.000263220946669307e-02 8.602639963586708460e-02 9.104460628129267263e-01 0.000000000000000000e+00 3.527537551206190360e-03 0.000000000000000000e+00
2.280000000000000000e+02 9.120266730559301038e-02 9.444697314519799602e-02 9.004324078288575839e-01 0.000000000000000000e+00 5.120619025944469528e-03 0.000000000000000000e+00
2.310000000000000000e+02 9.240270240171910565e-02 1.002503413746017313e-01 8.939462903959944917e-01 0.000000000000000000e+00 5.803368229403732710e-03 0.000000000000000000e+00
2.340000000000000000e+02 9.360273749784542296e-02 1.052571688666363164e-01 8.884842967683204140e-01 0.000000000000000000e+00 6.258534365043240920e-03 0.000000000000000000e+00
2.370000000000000000e+02 9.480277259397151823e-02 1.169776968593536637e-01 8.757396449704142327e-01 0.000000000000000000e+00 7.282658170232134826e-03 0.000000000000000000e+00
2.400000000000000000e+02 9.600280769009783555e-02 1.272189349112426149e-01 8.657259899863449792e-01 0.000000000000000000e+00 7.055075102412380721e-03 0.000000000000000000e+00
2.430000000000000000e+02 9.720284278622415286e-02 1.395084205735093175e-01 8.527537551206190169e-01 0.000000000000000000e+00 7.737824305871643035e-03 0.000000000000000000e+00
2.460000000000000000e+02 9.840287788235024813e-02 1.529358215748748417e-01 8.398953117888029452e-01 0.000000000000000000e+00 7.168866636322257339e-03 0.000000000000000000e+00
2.490000000000000000e+02 9.960291297847656544e-02 1.642011834319526686e-01 8.287437414656350088e-01 0.000000000000000000e+00 7.055075102412380721e-03 0.000000000000000000e+00
2.520000000000000000e+02 1.008029480746026607e-01 1.717114246700045532e-01 8.198680018206645492e-01 0.000000000000000000e+00 8.420573509330906217e-03 0.000000000000000000e+00
2.550000000000000000e+02 1.020029831707289780e-01 1.840009103322712836e-01 8.073509330905780379e-01 0.000000000000000000e+00 8.648156577150659455e-03 0.000000000000000000e+00
2.580000000000000000e+02 1.032030182668550733e-01 1.912835685025034149e-01 7.987027765134273594e-01 0.000000000000000000e+00 1.001365498406918582e-02 0.000000000000000000e+00
2.610000000000000000e+02 1.044030533629813906e-01 1.968593536640873831e-01 7.923304506144742687e-01 0.000000000000000000e+00 1.081019572143832562e-02 0.000000000000000000e+00
2.640000000000000000e+02 1.056030884591077079e-01 2.082385070550751005e-01 7.792444242148384159e-01 1.137915339098771066e-04 1.240327719617660522e-02 0.000000000000000000e+00
2.670000000000000000e+02 1.068031235552338032e-01 2.150659990896677254e-01 7.724169321802457633e-01 1.137915339098771066e-04 1.240327719617660522e-02 0.000000000000000000e+00
2.700000000000000000e+02 1.080031586513601205e-01 2.313381884387801513e-01 7.556895766954938587e-01 1.137915339098771066e-04 1.285844333181611343e-02 0.000000000000000000e+00
2.730000000000000000e+02 1.092031937474862158e-01 2.462448793809740577e-01 7.371415566681839282e-01 1.137915339098771066e-04 1.649977241693217911e-02 0.000000000000000000e+00
2.760000000000000000e+02 1.104032288436125331e-01 2.621756941283568398e-01 7.193900773782430091e-01 0.000000000000000000e+00 1.843422849340009204e-02 0.000000000000000000e+00
2.790000000000000000e+02 1.116032639397386284e-01 2.711652253072371344e-01 7.094902139280837572e-01 0.000000000000000000e+00 1.934456076467910846e-02 0.000000000000000000e+00
2.820000000000000000e+02 1.128032990358649457e-01 2.876649977241693135e-01 6.913973600364132777e-01 0.000000000000000000e+00 2.093764223941738806e-02 0.000000000000000000e+00
2.850000000000000000e+02 1.140033341319912630e-01 3.032544378698224796e-01 6.723941738734637852e-01 0.000000000000000000e+00 2.435138825671370050e-02 0.000000000000000000e+00
2.880000000000000000e+02 1.152033692281173582e-01 3.133818843878015681e-01 6.613563950842057393e-01 0.000000000000000000e+00 2.526172052799271692e-02 0.000000000000000000e+00
2.910000000000000000e+02 1.164034043242436756e-01 3.295402822030040757e-01 6.420118343195265753e-01 0.000000000000000000e+00 2.844788347746927612e-02 0.000000000000000000e+00
2.940000000000000000e+02 1.176034394203697708e-01 3.418297678652708060e-01 6.294947655894401750e-01 1.137915339098771066e-04 2.856167501137915274e-02 0.000000000000000000e+00
2.970000000000000000e+02 1.188034745164960881e-01 3.610605370960400795e-01 6.062812926718251783e-01 2.275830678197542133e-04 3.243058716431497512e-02 0.000000000000000000e+00
3.000000000000000000e+02 1.200035096126221834e-01 3.796085571233500100e-01 5.863677742375966728e-01 1.137915339098771066e-04 3.390987710514337811e-02 0.000000000000000000e+00
3.030000000000000000e+02 1.212035447087485007e-01 3.989531178880291185e-01 5.632680928538916776e-01 0.000000000000000000e+00 3.777878925807919702e-02 0.000000000000000000e+00
3.060000000000000000e+02 1.224035798048748180e-01 4.144287664997723941e-01 5.436959490213928436e-01 1.137915339098771066e-04 4.176149294492489950e-02 0.000000000000000000e+00
3.090000000000000000e+02 1.236036149010009133e-01 4.262630860263996180e-01 5.281065088757396220e-01 1.137915339098771066e-04 4.551661356395084179e-02 0.000000000000000000e+00
3.120000000000000000e+02 1.248036499971272306e-01 4.453800637232590010e-01 5.073964497041419941e-01 1.137915339098771066e-04 4.710969503868912139e-02 0.000000000000000000e+00
3.150000000000000000e+02 1.260036850932533259e-01 4.705279927173418031e-01 4.781520254893035782e-01 1.137915339098771066e-04 5.120619025944470049e-02 0.000000000000000000e+00
3.180000000000000000e+02 1.272037201893796432e-01 4.918070095584888279e-01 4.539144287664997890e-01 5.689576695493854790e-04 5.370960400546199304e-02 0.000000000000000000e+00
3.210000000000000000e+02 1.284037552855057385e-01 5.044378698224851743e-01 4.388939462903960198e-01 6.827492034592626399e-04 5.598543468365953235e-02 0.000000000000000000e+00
3.240000000000000000e+02 1.296037903816320558e-01 5.160446062812926726e-01 4.234182976786526886e-01 1.024123805188893906e-03 5.951297223486572835e-02 0.000000000000000000e+00
3.270000000000000000e+02 1.308038254777583731e-01 5.228720983158853253e-01 4.121529358215748617e-01 9.103322712790168532e-04 6.406463359126081392e-02 0.000000000000000000e+00
3.300000000000000000e+02 1.320038605738844684e-01 5.350477924442421651e-01 3.955393718707327921e-01 1.024123805188893906e-03 6.838871187983613931e-02 0.000000000000000000e+00
3.330000000000000000e+02 1.332038956700107857e-01 5.496131087847063723e-01 3.785844333181611066e-01 1.251706873008648227e-03 7.055075102412380894e-02 0.000000000000000000e+00
3.360000000000000000e+02 1.344039307661368809e-01 5.597405553026855163e-01 3.632225762403277214e-01 1.251706873008648227e-03 7.578516158397814728e-02 0.000000000000000000e+00
3.390000000000000000e+02 1.356039658622631983e-01 5.722576240327719166e-01 3.488848429676831842e-01 1.820664542558033706e-03 7.703686845698680397e-02 0.000000000000000000e+00
3.420000000000000000e+02 1.368040009583892935e-01 5.893263541192534927e-01 3.320436959490213891e-01 1.593081474738279385e-03 7.703686845698680397e-02 0.000000000000000000e+00
3.450000000000000000e+02 1.380040360545156108e-01 6.037778789258079204e-01 3.136094674556212936e-01 1.365498406918525280e-03 8.124715521165225274e-02 0.000000000000000000e+00
3.480000000000000000e+02 1.392040711506419282e-01 6.144742831133364058e-01 2.966545289030496080e-01 1.479289940828402332e-03 8.739189804278561791e-02 0.000000000000000000e+00
3.510000000000000000e+02 1.404041062467680234e-01 6.248293126991352198e-01 2.812926718252162228e-01 2.162039144287664864e-03 9.171597633136094330e-02 0.000000000000000000e+00
3.540000000000000000e+02 1.416041413428943407e-01 6.362084660901229372e-01 2.647928994082840437e-01 2.275830678197541916e-03 9.672280382339554228e-02 0.000000000000000000e+00
3.570000000000000000e+02 1.428041764390204360e-01 6.459945380063722986e-01 2.521620391442876419e-01 3.299954483386436255e-03 9.854346836595356818e-02 0.000000000000000000e+00
3.600000000000000000e+02 1.440042115351467533e-01 6.537323623122439642e-01 2.390760127446517891e-01 3.982703686845699004e-03 1.032089212562585373e-01 0.000000000000000000e+00
3.630000000000000000e+02 1.452042466312730706e-01 6.621529358215748617e-01 2.258761948111060458e-01 3.755120619025944465e-03 1.082157487482931224e-01 0.000000000000000000e+00
3.660000000000000000e+02 1.464042817273991659e-01 6.648839326354119006e-01 2.179107874374146547e-01 5.006827492034592909e-03 1.121984524351388318e-01 0.000000000000000000e+00
3.690000000000000000e+02 1.476043168235254832e-01 6.744424214838415921e-01 2.045971779699590487e-01 5.348202093764223633e-03 1.156121984524351443e-01 0.000000000000000000e+00
3.720000000000000000e+02 1.488043519196515785e-01 6.809285389167045732e-01 1.946973145197997135e-01 7.624032771961766417e-03 1.167501137915339104e-01 0.000000000000000000e+00
3.750000000000000000e+02 1.500043870157778958e-01 6.870732817478379939e-01 1.826354119253527641e-01 8.534365043240782836e-03 1.217569412835685094e-01 0.000000000000000000e+00
3.780000000000000000e+02 1.512044221119039911e-01 7.020937642239417631e-01 1.668183887118798447e-01 9.217114246700046018e-03 1.218707328174783860e-01 0.000000000000000000e+00
3.810000000000000000e+02 1.524044572080303084e-01 7.093764223941738667e-01 1.535047792444242110e-01 1.024123805188893906e-02 1.268775603095129711e-01 0.000000000000000000e+00
3.840000000000000000e+02 1.536044923041566257e-01 7.123350022758306865e-01 1.457669549385525731e-01 9.899863450159307465e-03 1.319981793354574329e-01 0.000000000000000000e+00
3.870000000000000000e+02 1.548045274002827210e-01 7.189349112426035582e-01 1.364360491579426626e-01 1.081019572143832562e-02 1.338188438780154865e-01 0.000000000000000000e+00
3.900000000000000000e+02 1.560045624964090383e-01 7.291761492944924816e-01 1.273327264451524776e-01 1.126536185707783383e-02 1.322257624032771861e-01 0.000000000000000000e+00
3.930000000000000000e+02 1.572045975925351335e-01 7.336140191169776559e-01 1.154984069185252676e-01 1.103777878925807886e-02 1.398497951752389612e-01 0.000000000000000000e+00
3.960000000000000000e+02 1.584046326886614509e-01 7.387346381429221731e-01 1.082157487482931224e-01 1.126536185707783383e-02 1.417842512517068776e-01 0.000000000000000000e+00
3.990000000000000000e+02 1.596046677847875461e-01 7.429449248975875664e-01 1.011606736458807443e-01 1.274465179790623508e-02 1.431497496586253970e-01 0.000000000000000000e+00
4.020000000000000000e+02 1.608047028809138634e-01 7.454483386436049352e-01 9.421939007737824279e-02 1.274465179790623508e-02 1.475876194811105990e-01 0.000000000000000000e+00
4.050000000000000000e+02 1.620047379770401808e-01 7.465862539827037292e-01 9.171597633136094330e-02 1.399635867091488309e-02 1.477014110150204895e-01 0.000000000000000000e+00
4.080000000000000000e+02 1.632047730731662760e-01 7.530723714155667103e-01 8.545744196631770151e-02 1.570323167956303931e-02 1.457669549385525731e-01 0.000000000000000000e+00
4.110000000000000000e+02 1.644048081692925933e-01 7.559171597633136397e-01 7.954028220300408958e-02 1.558944014565316269e-02 1.489531178880291185e-01 0.000000000000000000e+00
4.140000000000000000e+02 1.656048432654186886e-01 7.642239417387346467e-01 7.294037323623121793e-02 1.672735548475193582e-02 1.461083295402822169e-01 0.000000000000000000e+00
4.170000000000000000e+02 1.668048783615450059e-01 7.653618570778334407e-01 6.747837960855712636e-02 1.729631315430131891e-02 1.498634501593081592e-01 0.000000000000000000e+00
4.200000000000000000e+02 1.680049134576711012e-01 7.683204369594902605e-01 6.417842512517069054e-02 1.752389622212107562e-02 1.499772416932180219e-01 0.000000000000000000e+00
4.230000000000000000e+02 1.692049485537974185e-01 7.745789713245334607e-01 5.974055530268548159e-02 1.786527082385070547e-02 1.478152025489303523e-01 0.000000000000000000e+00
4.260000000000000000e+02 1.704049836499237358e-01 7.794720072826581969e-01 5.655439235320892238e-02 1.797906235776058209e-02 1.459945380063723264e-01 0.000000000000000000e+00
4.290000000000000000e+02 1.716050187460498311e-01 7.795857988165680874e-01 5.530268548020027264e-02 1.718252162039144229e-02 1.479289940828402428e-01 0.000000000000000000e+00
4.320000000000000000e+02 1.728050538421761484e-01 7.831133363677742487e-01 5.314064633591260994e-02 1.741010468821119553e-02 1.463359126081019701e-01 0.000000000000000000e+00
4.350000000000000000e+02 1.740050889383022437e-01 7.847064178425124936e-01 5.109239872553481693e-02 1.775147928994082885e-02 1.464497041420118328e-01 0.000000000000000000e+00
4.380000000000000000e+02 1.752051240344285610e-01 7.859581247155211781e-01 4.961310878470642088e-02 1.854802002730996865e-02 1.458807464724624359e-01 0.000000000000000000e+00
4.410000000000000000e+02 1.764051591305546562e-01 7.853891670459717256e-01 4.790623577605826466e-02 1.911697769685935522e-02 1.475876194811105990e-01 0.000000000000000000e+00
4.440000000000000000e+02 1.776051942266809736e-01 7.911925352753754748e-01 4.506144742831133532e-02 1.968593536640873831e-02 1.440600819299044100e-01 0.000000000000000000e+00
4.470000000000000000e+02 1.788052293228072909e-01 7.926718252162039402e-01 4.255803368229403583e-02 2.093764223941738806e-02 1.438324988620846567e-01 0.000000000000000000e+00
4.500000000000000000e+02 1.800052644189333861e-01 7.981338188438780179e-01 3.982703686845699004e-02 2.150659990896677115e-02 1.405325443786982209e-01 0.000000000000000000e+00
4.530000000000000000e+02 1.812052995150597035e-01 8.029130632680928636e-01 3.948566226672735324e-02 2.162039144287665124e-02 1.359808830223031284e-01 0.000000000000000000e+00
4.560000000000000000e+02 1.824053346111857987e-01 8.081474738279471604e-01 3.891670459717797015e-02 2.127901684114701791e-02 1.316568047337278169e-01 0.000000000000000000e+00
4.590000000000000000e+02 1.836053697073121160e-01 8.103095129722348577e-01 3.755120619025944378e-02 2.355484751934456070e-02 1.285844333181611343e-01 0.000000000000000000e+00
4.620000000000000000e+02 1.848054048034382113e-01 8.074647246244879284e-01 3.880291306326809353e-02 2.446517979062357712e-02 1.292671825216203940e-01 0.000000000000000000e+00
4.650000000000000000e+02 1.860054398995645286e-01 8.090578060992261733e-01 3.868912152935821691e-02 2.583067819754210348e-02 1.264223941738734647e-01 0.000000000000000000e+00
4.680000000000000000e+02 1.872054749956908459e-01 8.142922166590805810e-01 3.857532999544834029e-02 2.594446973145198010e-02 1.211879836140191125e-01 0.000000000000000000e+00
4.710000000000000000e+02 1.884055100918169412e-01 8.205507510241237812e-01 3.641329085116067066e-02 2.526172052799271692e-02 1.177742375967228000e-01 0.000000000000000000e+00
4.740000000000000000e+02 1.896055451879432585e-01 8.276058261265362148e-01 3.493400091033227461e-02 2.514792899408284030e-02 1.123122439690487084e-01 0.000000000000000000e+00
4.770000000000000000e+02 1.908055802840693538e-01 8.338643604915794150e-01 3.265817023213472836e-02 2.548930359581247015e-02 1.079881656804733692e-01 0.000000000000000000e+00
4.800000000000000000e+02 1.920056153801956711e-01 8.318161128812016081e-01 3.220300409649522189e-02 2.674101046882111990e-02 1.092398725534820259e-01 0.000000000000000000e+00
4.830000000000000000e+02 1.932056504763217664e-01 8.353436504324078804e-01 3.231679563040509851e-02 2.719617660446062984e-02 1.051433773327264398e-01 0.000000000000000000e+00
4.860000000000000000e+02 1.944056855724480837e-01 8.373918980427855763e-01 3.072371415566681890e-02 2.776513427401001294e-02 1.041192535275375503e-01 0.000000000000000000e+00
4.890000000000000000e+02 1.956057206685744010e-01 8.429676832043695445e-01 2.992717341829767910e-02 2.822030040964952288e-02 9.888484296768319803e-02 0.000000000000000000e+00
4.920000000000000000e+02 1.968057557647004963e-01 8.483158852981338427e-01 2.753755120619025970e-02 2.833409194355939950e-02 9.581247155211652933e-02 0.000000000000000000e+00
4.950000000000000000e+02 1.980057908608268136e-01 8.503641329085116496e-01 2.878925807919890598e-02 2.935821574874829254e-02 9.148839326354119006e-02 0.000000000000000000e+00
4.980000000000000000e+02 1.992058259569529088e-01 8.511606736458807720e-01 2.867546654528902936e-02 2.890304961310878606e-02 9.126081019572143682e-02 0.000000000000000000e+00
5.010000000000000000e+02 2.004058610530792262e-01 8.552571688666362748e-01 2.765134274010013632e-02 2.810650887573964626e-02 8.898497951752389057e-02 0.000000000000000000e+00
5.040000000000000000e+02 2.016058961492055435e-01 8.549157942649067143e-01 2.674101046882111990e-02 2.822030040964952288e-02 9.012289485662267063e-02 0.000000000000000000e+00
5.070000000000000000e+02 2.028059312453316387e-01 8.612881201638598050e-01 2.605826126536185672e-02 2.810650887573964626e-02 8.454710969503868856e-02 0.000000000000000000e+00
5.100000000000000000e+02 2.040059663414579560e-01 8.647018661811560758e-01 2.514792899408284030e-02 2.844788347746927612e-02 8.170232134729175921e-02 0.000000000000000000e+00
5.130000000000000000e+02 2.052060014375840513e-01 8.683431952662722386e-01 2.435138825671370050e-02 2.844788347746927612e-02 7.885753299954482987e-02 0.000000000000000000e+00
5.160000000000000000e+02 2.064060365337103686e-01 8.708466090122894965e-01 2.344105598543468408e-02 2.844788347746927612e-02 7.726445152480655720e-02 0.000000000000000000e+00
5.190000000000000000e+02 2.076060716298364639e-01 8.710741920801092775e-01 2.344105598543468408e-02 3.015475648611743234e-02 7.532999544833864081e-02 0.000000000000000000e+00
5.220000000000000000e+02 2.088061067259627812e-01 8.779016841147018191e-01 2.344105598543468408e-02 2.981338188438780248e-02 6.884387801547564578e-02 0.000000000000000000e+00
5.250000000000000000e+02 2.100061418220890985e-01 8.792671825216203940e-01 2.275830678197542090e-02 3.026854802002730896e-02 6.770596267637687959e-02 0.000000000000000000e+00
5.280000000000000000e+02 2.112061769182151938e-01 8.816568047337277614e-01 2.321347291761493084e-02 2.969959035047792587e-02 6.543013199817933334e-02 0.000000000000000000e+00
5.310000000000000000e+02 2.124062120143415111e-01 8.824533454710969949e-01 2.355484751934456070e-02 2.958579881656804578e-02 6.440600819299044377e-02 0.000000000000000000e+00
5.340000000000000000e+02 2.136062471104676064e-01 8.854119253527537037e-01 2.241693218024579104e-02 2.901684114701866268e-02 6.315430131998178709e-02 0.000000000000000000e+00
5.370000000000000000e+02 2.148062822065939237e-01 8.895084205735093175e-01 2.207555757851615771e-02 2.844788347746927612e-02 5.985434683659535821e-02 1.137915339098771066e-04
5.400000000000000000e+02 2.160063173027200190e-01 8.907601274465180019e-01 2.105143377332726468e-02 2.890304961310878606e-02 5.917159763313609155e-02 1.137915339098771066e-04
5.430000000000000000e+02 2.172063523988463363e-01 8.929221665908056993e-01 2.093764223941738806e-02 2.765134274010013632e-02 5.848884842967683184e-02 0.000000000000000000e+00
5.460000000000000000e+02 2.184063874949726536e-01 8.963359126081019701e-01 2.105143377332726468e-02 2.583067819754210348e-02 5.678197542102867562e-02 0.000000000000000000e+00
5.490000000000000000e+02 2.196064225910987489e-01 8.984979517523896675e-01 2.002730996813837164e-02 2.514792899408284030e-02 5.632680928538916915e-02 0.000000000000000000e+00
5.520000000000000000e+02 2.208064576872250662e-01 9.000910332271279124e-01 2.082385070550751144e-02 2.412380518889394726e-02 5.496131087847064278e-02 0.000000000000000000e+00
5.550000000000000000e+02 2.220064927833511614e-01 8.994082840236686804e-01 2.196176604460628110e-02 2.469276285844333035e-02 5.393718707328174627e-02 0.000000000000000000e+00
5.580000000000000000e+02 2.232065278794774787e-01 9.013427401001365968e-01 2.139280837505689453e-02 2.457897132453345374e-02 5.268548020027309653e-02 0.000000000000000000e+00
5.610000000000000000e+02 2.244065629756035740e-01 9.041875284478835262e-01 2.127901684114701791e-02 2.401001365498407064e-02 5.052344105598543383e-02 0.000000000000000000e+00
5.640000000000000000e+02 2.256065980717298913e-01 9.052116522530723186e-01 1.991351843422849502e-02 2.423759672280382388e-02 5.063723258989531045e-02 0.000000000000000000e+00
5.670000000000000000e+02 2.268066331678562086e-01 9.028220300409649512e-01 2.059626763768775473e-02 2.457897132453345374e-02 5.200273099681383682e-02 0.000000000000000000e+00
5.700000000000000000e+02 2.280066682639823039e-01 9.054392353208920996e-01 2.071005917159763482e-02 2.514792899408284030e-02 4.870277651342740100e-02 0.000000000000000000e+00
5.730000000000000000e+02 2.292067033601086212e-01 9.113563950842057393e-01 2.002730996813837164e-02 2.287209831588529751e-02 4.574419663177059503e-02 0.000000000000000000e+00
5.760000000000000000e+02 2.304067384562347165e-01 9.115839781520255203e-01 1.991351843422849502e-02 2.401001365498407064e-02 4.449248975876194528e-02 0.000000000000000000e+00
5.790000000000000000e+02 2.316067735523610338e-01 9.151115157032316816e-01 2.002730996813837164e-02 2.378243058716431393e-02 4.107874374146563284e-02 0.000000000000000000e+00
5.820000000000000000e+02 2.328068086484871291e-01 9.157942649066909135e-01 1.934456076467910846e-02 2.423759672280382388e-02 4.062357760582612637e-02 0.000000000000000000e+00
5.850000000000000000e+02 2.340068437446134464e-01 9.156804733727810230e-01 2.093764223941738806e-02 2.332726445152480746e-02 3.994082840236686666e-02 1.137915339098771066e-04
5.880000000000000000e+02 2.352068788407397637e-01 9.181838871187983919e-01 2.014110150204824826e-02 2.332726445152480746e-02 3.834774692762858705e-02 0.000000000000000000e+00
5.910000000000000000e+02 2.364069139368658590e-01 9.180700955848885014e-01 2.071005917159763482e-02 2.389622212107419055e-02 3.732362312243969055e-02 0.000000000000000000e+00
5.940000000000000000e+02 2.376069490329921763e-01 9.187528447883477334e-01 1.991351843422849502e-02 2.457897132453345374e-02 3.675466545289030745e-02 0.000000000000000000e+00
5.970000000000000000e+02 2.388069841291182716e-01 9.234182976786526886e-01 2.036868456986800149e-02 2.389622212107419055e-02 3.231679563040509851e-02 0.000000000000000000e+00
6.000000000000000000e+02 2.400070192252445889e-01 9.228493400091033472e-01 2.059626763768775473e-02 2.401001365498407064e-02 3.254437869822485174e-02 0.000000000000000000e+00
6.030000000000000000e+02 2.412070543213706841e-01 9.245562130177514826e-01 1.911697769685935522e-02 2.389622212107419055e-02 3.231679563040509851e-02 1.137915339098771066e-04
6.060000000000000000e+02 2.424070894174970014e-01 9.251251706873008240e-01 1.854802002730996865e-02 2.378243058716431393e-02 3.231679563040509851e-02 2.275830678197542133e-04
6.090000000000000000e+02 2.436071245136233188e-01 9.272872098315885214e-01 1.820664542558033533e-02 2.344105598543468408e-02 3.106508875739644876e-02 0.000000000000000000e+00
6.120000000000000000e+02 2.448071596097494140e-01 9.302457897132453413e-01 1.718252162039144229e-02 2.287209831588529751e-02 2.969959035047792587e-02 0.000000000000000000e+00
6.150000000000000000e+02 2.460071947058757313e-01 9.325216203914429292e-01 1.615839781520254925e-02 2.309968138370505075e-02 2.822030040964952288e-02 0.000000000000000000e+00
6.180000000000000000e+02 2.472072298020018266e-01 9.320664542558033672e-01 1.558944014565316269e-02 2.401001365498407064e-02 2.822030040964952288e-02 1.137915339098771066e-04
6.210000000000000000e+02 2.484072648981281439e-01 9.350250341374601870e-01 1.456531634046426965e-02 2.366863905325443732e-02 2.662721893491124328e-02 1.137915339098771066e-04
6.240000000000000000e+02 2.496072999942542392e-01 9.369594902139281034e-01 1.558944014565316269e-02 2.162039144287665124e-02 2.583067819754210348e-02 0.000000000000000000e+00
6.270000000000000000e+02 2.508073350903805565e-01 9.370732817478379939e-01 1.638598088302230249e-02 2.150659990896677115e-02 2.503413746017296368e-02 0.000000000000000000e+00
6.300000000000000000e+02 2.520073701865068738e-01 9.360491579426490905e-01 1.661356395084205573e-02 2.275830678197542090e-02 2.457897132453345374e-02 0.000000000000000000e+00
6.330000000000000000e+02 2.532074052826329691e-01 9.341147018661811741e-01 1.843422849340009204e-02 2.366863905325443732e-02 2.378243058716431393e-02 0.000000000000000000e+00
6.360000000000000000e+02 2.544074403787592864e-01 9.350250341374601870e-01 1.888939462903959851e-02 2.378243058716431393e-02 2.230314064633591095e-02 0.000000000000000000e+00
6.390000000000000000e+02 2.556074754748853817e-01 9.347974510696404060e-01 1.945835229858898507e-02 2.423759672280382388e-02 2.150659990896677115e-02 0.000000000000000000e+00
6.420000000000000000e+02 2.568075105710116990e-01 9.365043240782885414e-01 1.877560309512972189e-02 2.264451524806554428e-02 2.207555757851615771e-02 0.000000000000000000e+00
6.450000000000000000e+02 2.580075456671380163e-01 9.376422394173873354e-01 1.911697769685935522e-02 2.196176604460628110e-02 2.127901684114701791e-02 0.000000000000000000e+00
6.480000000000000000e+02 2.592075807632641116e-01 9.341147018661811741e-01 1.968593536640873831e-02 2.218934911242603433e-02 2.389622212107419055e-02 1.137915339098771066e-04
6.510000000000000000e+02 2.604076158593904289e-01 9.347974510696404060e-01 2.036868456986800149e-02 2.173418297678652786e-02 2.298588984979517413e-02 1.137915339098771066e-04
6.540000000000000000e+02 2.616076509555165241e-01 9.347974510696404060e-01 2.071005917159763482e-02 2.287209831588529751e-02 2.150659990896677115e-02 1.137915339098771066e-04
6.570000000000000000e+02 2.628076860516428415e-01 9.374146563495675544e-01 1.945835229858898507e-02 2.127901684114701791e-02 2.162039144287665124e-02 2.275830678197542133e-04
6.600000000000000000e+02 2.640077211477689367e-01 9.398042785616750328e-01 1.888939462903959851e-02 2.036868456986800149e-02 2.082385070550751144e-02 1.137915339098771066e-04
6.630000000000000000e+02 2.652077562438952540e-01 9.418525261720528396e-01 1.911697769685935522e-02 1.957214383249886169e-02 1.934456076467910846e-02 1.137915339098771066e-04
6.660000000000000000e+02 2.664077913400215714e-01 9.399180700955849233e-01 1.923076923076923184e-02 2.230314064633591095e-02 1.832043695949021542e-02 2.275830678197542133e-04
6.690000000000000000e+02 2.676078264361476666e-01 9.421939007737824001e-01 1.832043695949021542e-02 2.184797451069640448e-02 1.741010468821119553e-02 2.275830678197542133e-04
6.720000000000000000e+02 2.688078615322739839e-01 9.451524806554392200e-01 1.649977241693217911e-02 2.127901684114701791e-02 1.695493855257168905e-02 1.137915339098771066e-04
6.750000000000000000e+02 2.700078966284000792e-01 9.459490213928083424e-01 1.695493855257168905e-02 2.105143377332726468e-02 1.593081474738279601e-02 1.137915339098771066e-04
6.780000000000000000e+02 2.712079317245263965e-01 9.457214383249886724e-01 1.615839781520254925e-02 2.093764223941738806e-02 1.706873008648156567e-02 1.137915339098771066e-04
6.810000000000000000e+02 2.724079668206524918e-01 9.453800637232590010e-01 1.513427401001365448e-02 2.196176604460628110e-02 1.741010468821119553e-02 1.137915339098771066e-04
