# itime ezz other fcc hcp bcc ico
0.000000000000000000e+00 0.000000000000000000e+00 7.965407373691396923e-04 9.992034592626308775e-01 0.000000000000000000e+00 0.000000000000000000e+00 0.000000000000000000e+00
8.000000000000000000e+03 1.999980157281200377e-03 1.024123805188893906e-03 9.989758761948110966e-01 0.000000000000000000e+00 0.000000000000000000e+00 0.000000000000000000e+00
1.600000000000000000e+04 3.999960314562622798e-03 1.706873008648156654e-03 9.982931269913518646e-01 0.000000000000000000e+00 0.000000000000000000e+00 0.000000000000000000e+00
2.400000000000000000e+04 5.999940471843823175e-03 0.000000000000000000e+00 1.000000000000000000e+00 0.000000000000000000e+00 0.000000000000000000e+00 0.000000000000000000e+00
3.200000000000000000e+04 7.999920629125023552e-03 1.365498406918525280e-03 9.986345015930814251e-01 0.000000000000000000e+00 0.000000000000000000e+00 0.000000000000000000e+00
4.000000000000000000e+04 9.999900786406223929e-03 2.275830678197542133e-04 9.997724169321802190e-01 0.000000000000000000e+00 0.000000000000000000e+00 0.000000000000000000e+00
4.800000000000000000e+04 1.199988094368764635e-02 1.365498406918525280e-03 9.986345015930814251e-01 0.000000000000000000e+00 0.000000000000000000e+00 0.000000000000000000e+00
5.600000000000000000e+04 1.399986110096884673e-02 1.365498406918525280e-03 9.986345015930814251e-01 0.000000000000000000e+00 0.000000000000000000e+00 0.000000000000000000e+00
6.400000000000000000e+04 1.599984125825004710e-02 3.413746017296313308e-03 9.965862539827037292e-01 0.000000000000000000e+00 0.000000000000000000e+00 0.000000000000000000e+00
7.200000000000000000e+04 1.799982141553124748e-02 1.365498406918525280e-03 9.986345015930814251e-01 0.000000000000000000e+00 0.000000000000000000e+00 0.000000000000000000e+00
8.000000000000000000e+04 1.999980157281266990e-02 2.162039144287664864e-03 9.978379608557123026e-01 0.000000000000000000e+00 0.000000000000000000e+00 0.000000000000000000e+00
8.800000000000000000e+04 2.199978173009387028e-02 3.641329085116067413e-03 9.963586709148839482e-01 0.000000000000000000e+00 0.000000000000000000e+00 0.000000000000000000e+00
9.600000000000000000e+04 2.399976188737507066e-02 1.479289940828402332e-03 9.985207100591716456e-01 0.000000000000000000e+00 0.000000000000000000e+00 0.000000000000000000e+00
1.040000000000000000e+05 2.599974204465627103e-02 1.365498406918525280e-03 9.986345015930814251e-01 0.000000000000000000e+00 0.000000000000000000e+00 0.000000000000000000e+00
1.120000000000000000e+05 2.799972220193769346e-02 3.186162949476558769e-03 9.968138370505233992e-01 0.000000000000000000e+00 0.000000000000000000e+00 0.000000000000000000e+00
1.200000000000000000e+05 2.999970235921889383e-02 5.803368229403732710e-03 9.941966317705962508e-01 0.000000000000000000e+00 0.000000000000000000e+00 0.000000000000000000e+00
1.280000000000000000e+05 3.199968251650009421e-02 4.665452890304961318e-03 9.949931725079653733e-01 0.000000000000000000e+00 3.413746017296313199e-04 0.000000000000000000e+00
1.360000000000000000e+05 3.399966267378129459e-02 8.534365043240782836e-03 9.908966772872098705e-01 0.000000000000000000e+00 5.689576695493854790e-04 0.000000000000000000e+00
1.440000000000000000e+05 3.599964283106271701e-02 4.893035958124715423e-03 9.947655894401457033e-01 0.000000000000000000e+00 3.413746017296313199e-04 0.000000000000000000e+00
1.520000000000000000e+05 3.799962298834391738e-02 7.624032771961766417e-03 9.922621756941283344e-01 0.000000000000000000e+00 1.137915339098771066e-04 0.000000000000000000e+00
1.600000000000000000e+05 3.999960314562511776e-02 9.786071916249430847e-03 9.899863450159308575e-01 0.000000000000000000e+00 2.275830678197542133e-04 0.000000000000000000e+00
1.680000000000000000e+05 4.199958330290631814e-02 5.120619025944469528e-03 9.943104233045061413e-01 0.000000000000000000e+00 5.689576695493854790e-04 0.000000000000000000e+00
1.760000000000000000e+05 4.399956346018774056e-02 8.306781975421027864e-03 9.916932180245789930e-01 0.000000000000000000e+00 0.000000000000000000e+00 0.000000000000000000e+00
1.840000000000000000e+05 4.599954361746894094e-02 1.251706873008648184e-02 9.869139736003641472e-01 0.000000000000000000e+00 5.689576695493854790e-04 0.000000000000000000e+00
1.920000000000000000e+05 4.799952377475014131e-02 1.115157032316795548e-02 9.886208466090122826e-01 0.000000000000000000e+00 2.275830678197542133e-04 0.000000000000000000e+00
2.000000000000000000e+05 4.999950393203134169e-02 1.593081474738279601e-02 9.833864360491579859e-01 0.000000000000000000e+00 6.827492034592626399e-04 0.000000000000000000e+00
2.080000000000000000e+05 5.199948408931276411e-02 1.479289940828402289e-02 9.850933090578061213e-01 0.000000000000000000e+00 1.137915339098771066e-04 0.000000000000000000e+00
2.160000000000000000e+05 5.399946424659396449e-02 1.945835229858898507e-02 9.799726900318616041e-01 0.000000000000000000e+00 5.689576695493854790e-04 0.000000000000000000e+00
2.240000000000000000e+05 5.599944440387516487e-02 2.036868456986800149e-02 9.784934000910332497e-01 0.000000000000000000e+00 1.137915339098770958e-03 0.000000000000000000e+00
2.320000000000000000e+05 5.799942456115636524e-02 1.809285389167045871e-02 9.808830223031406170e-01 0.000000000000000000e+00 1.024123805188893906e-03 0.000000000000000000e+00
2.400000000000000000e+05 5.999940471843778766e-02 2.298588984979517413e-02 9.756486117432863203e-01 0.000000000000000000e+00 1.365498406918525280e-03 0.000000000000000000e+00
2.480000000000000000e+05 6.199938487571898804e-02 2.116522530723714129e-02 9.769003186162948937e-01 0.000000000000000000e+00 1.934456076467910759e-03 0.000000000000000000e+00
2.560000000000000000e+05 6.399936503300018842e-02 2.844788347746927612e-02 9.703004096495220221e-01 0.000000000000000000e+00 1.251706873008648227e-03 0.000000000000000000e+00
2.640000000000000000e+05 6.599934519028138880e-02 4.164770141101502288e-02 9.565316340464269373e-01 0.000000000000000000e+00 1.820664542558033706e-03 0.000000000000000000e+00
2.720000000000000000e+05 6.799932534756281122e-02 4.972690031861629750e-02 9.470869367319071364e-01 0.000000000000000000e+00 3.186162949476558769e-03 0.000000000000000000e+00
2.800000000000000000e+05 6.999930550484401159e-02 4.540282203004096517e-02 9.532316795630405570e-01 0.000000000000000000e+00 1.365498406918525280e-03 0.000000000000000000e+00
2.880000000000000000e+05 7.199928566212521197e-02 5.655439235320892238e-02 9.408284023668639362e-01 0.000000000000000000e+00 2.617205279927173507e-03 0.000000000000000000e+00
2.960000000000000000e+05 7.399926581940641235e-02 6.224396904870277414e-02 9.340009103322712836e-01 0.000000000000000000e+00 3.755120619025944465e-03 0.000000000000000000e+00
3.040000000000000000e+05 7.599924597668783477e-02 6.076467910787437116e-02 9.354802002730996380e-01 0.000000000000000000e+00 3.755120619025944465e-03 0.000000000000000000e+00
3.120000000000000000e+05 7.799922613396903515e-02 7.180245789713245175e-02 9.252389622212107145e-01 0.000000000000000000e+00 2.958579881656804664e-03 0.000000000000000000e+00
3.200000000000000000e+05 7.999920629125023552e-02 1.012744651797906209e-01 8.903049613108784399e-01 0.000000000000000000e+00 8.420573509330906217e-03 0.000000000000000000e+00
3.280000000000000000e+05 8.199918644853143590e-02 1.403049613108784677e-01 8.223714155666818071e-01 4.665452890304961318e-03 3.265817023213472836e-02 0.000000000000000000e+00
3.360000000000000000e+05 8.399916660581285832e-02 4.881656804733727761e-02 8.295402822030041312e-01 1.175466545289030468e-01 4.096495220755575623e-03 0.000000000000000000e+00
3.440000000000000000e+05 8.599914676309405870e-02 4.972690031861629750e-02 8.274920345926263243e-01 1.182294037323623065e-01 4.551661356395083832e-03 0.000000000000000000e+00
3.520000000000000000e+05 8.799912692037525908e-02 5.188893946290396020e-02 8.255575785161584079e-01 1.190259444697314567e-01 3.527537551206190360e-03 0.000000000000000000e+00
3.600000000000000000e+05 8.999910707765645945e-02 5.097860719162494031e-02 8.237369139736003820e-01 1.203914428766499761e-01 4.893035958124715423e-03 0.000000000000000000e+00
3.680000000000000000e+05 9.199908723493788187e-02 5.063723258989531045e-02 8.255575785161584079e-01 1.198224852071005930e-01 3.982703686845699004e-03 0.000000000000000000e+00
3.760000000000000000e+05 9.399906739221908225e-02 5.370960400546199304e-02 8.224852071005916976e-01 1.186845698680018268e-01 5.120619025944469528e-03 0.000000000000000000e+00
3.840000000000000000e+05 9.599904754950028263e-02 5.439235320892125969e-02 8.222576240327719166e-01 1.191397360036413333e-01 4.210286754665453109e-03 0.000000000000000000e+00
3.920000000000000000e+05 9.799902770678148300e-02 5.883022303140646170e-02 8.185025034137459743e-01 1.176604460628129234e-01 5.006827492034592909e-03 0.000000000000000000e+00
4.000000000000000000e+05 9.999900786406290543e-02 6.178880291306326766e-02 8.169094219390077294e-01 1.167501137915339104e-01 4.551661356395083832e-03 0.000000000000000000e+00
4.080000000000000000e+05 1.019989880213441058e-01 6.121984524351388457e-02 8.161128812016386069e-01 1.197086936731907164e-01 2.958579881656804664e-03 0.000000000000000000e+00
4.160000000000000000e+05 1.039989681786253062e-01 6.326809285389166371e-02 8.166818388711879484e-01 1.157259899863450209e-01 4.324078288575329727e-03 0.000000000000000000e+00
4.240000000000000000e+05 1.059989483359065066e-01 7.453345471096950448e-02 8.068957669549385869e-01 1.126536185707783383e-01 5.917159763313609329e-03 0.000000000000000000e+00
4.320000000000000000e+05 1.079989284931879290e-01 7.385070550751024476e-02 8.100819299044150767e-01 1.116294947655894348e-01 4.437869822485207214e-03 0.000000000000000000e+00
4.400000000000000000e+05 1.099989086504691294e-01 3.891670459717797015e-02 9.589212562585344157e-01 1.820664542558033706e-03 3.413746017296313199e-04 0.000000000000000000e+00
4.480000000000000000e+05 1.119988888077503297e-01 3.800637232589895026e-02 9.598315885298134287e-01 1.706873008648156654e-03 4.551661356395084266e-04 0.000000000000000000e+00
4.560000000000000000e+05 1.139988689650317522e-01 3.629949931725079404e-02 9.614246700045516736e-01 1.593081474738279385e-03 6.827492034592626399e-04 0.000000000000000000e+00
4.640000000000000000e+05 1.159988491223129525e-01 4.187528447883477611e-02 9.564178425125170468e-01 1.137915339098770958e-03 5.689576695493854790e-04 0.000000000000000000e+00
4.720000000000000000e+05 1.179988292795941529e-01 4.119253527537550946e-02 9.569868001820664993e-01 1.137915339098770958e-03 6.827492034592626399e-04 0.000000000000000000e+00
4.800000000000000000e+05 1.199988094368753533e-01 4.301319981793354230e-02 9.542558033682293495e-01 1.934456076467910759e-03 7.965407373691396923e-04 0.000000000000000000e+00
4.880000000000000000e+05 1.219987895941567757e-01 4.255803368229403583e-02 9.536868456986800080e-01 2.389622212107419402e-03 1.365498406918525280e-03 0.000000000000000000e+00
4.960000000000000000e+05 1.239987697514379761e-01 4.233045061447428259e-02 9.536868456986800080e-01 2.275830678197541916e-03 1.706873008648156654e-03 0.000000000000000000e+00
5.040000000000000000e+05 1.259987499087191765e-01 4.426490669094219205e-02 9.516385980883022011e-01 2.389622212107419402e-03 1.706873008648156654e-03 0.000000000000000000e+00
5.120000000000000000e+05 1.279987300660003768e-01 5.086481565771506369e-02 9.450386891215293295e-01 2.275830678197541916e-03 1.820664542558033706e-03 0.000000000000000000e+00
5.200000000000000000e+05 1.299987102232817993e-01 5.268548020027309653e-02 9.439007737824305355e-01 1.479289940828402332e-03 1.934456076467910759e-03 0.000000000000000000e+00
5.280000000000000000e+05 1.319986903805629996e-01 5.473372781065088954e-02 9.427628584433318526e-01 7.965407373691396923e-04 1.706873008648156654e-03 0.000000000000000000e+00
5.360000000000000000e+05 1.339986705378442000e-01 5.951297223486572835e-02 9.369594902139281034e-01 9.103322712790168532e-04 2.617205279927173507e-03 0.000000000000000000e+00
5.440000000000000000e+05 1.359986506951254004e-01 5.382339553937186966e-02 9.436731907146108655e-01 1.137915339098770958e-03 1.365498406918525280e-03 0.000000000000000000e+00
5.520000000000000000e+05 1.379986308524068228e-01 5.917159763313609155e-02 9.369594902139281034e-01 7.965407373691396923e-04 3.072371415566681717e-03 0.000000000000000000e+00
5.600000000000000000e+05 1.399986110096880232e-01 6.520254893035958010e-02 9.307009558488847922e-01 9.103322712790168532e-04 3.186162949476558769e-03 0.000000000000000000e+00
5.680000000000000000e+05 1.419985911669692236e-01 6.895766954938552240e-02 9.266044606281292895e-01 1.706873008648156654e-03 2.730996813837050560e-03 0.000000000000000000e+00
5.760000000000000000e+05 1.439985713242504239e-01 6.451979972690032039e-02 9.313837050523441352e-01 1.024123805188893906e-03 3.072371415566681717e-03 0.000000000000000000e+00
5.840000000000000000e+05 1.459985514815318464e-01 7.077833409194356218e-02 9.252389622212107145e-01 1.251706873008648227e-03 2.730996813837050560e-03 0.000000000000000000e+00
5.920000000000000000e+05 1.479985316388130467e-01 7.111970869367319203e-02 9.239872553482021411e-01 1.479289940828402332e-03 3.413746017296313308e-03 0.000000000000000000e+00
6.000000000000000000e+05 1.499985117960942471e-01 8.215748748293126569e-02 9.104460628129267263e-01 1.251706873008648227e-03 6.144742831133363434e-03 0.000000000000000000e+00
6.080000000000000000e+05 1.519984919533754475e-01 9.217114246700044977e-02 9.017979062357760478e-01 7.965407373691396923e-04 5.234410559854347014e-03 0.000000000000000000e+00
6.160000000000000000e+05 1.539984721106568699e-01 8.932635411925353430e-02 9.037323623122439642e-01 1.137915339098770958e-03 5.803368229403732710e-03 0.000000000000000000e+00
6.240000000000000000e+05 1.559984522679380703e-01 1.322257624032771861e-01 8.323850705507510606e-01 2.241693218024579104e-02 1.297223486572599005e-02 0.000000000000000000e+00
6.320000000000000000e+05 1.579984324252192707e-01 1.029813381884387841e-01 6.715976331360946627e-01 2.155211652253072319e-01 9.899863450159307465e-03 0.000000000000000000e+00
6.400000000000000000e+05 1.599984125825004710e-01 9.877105143377332142e-02 6.285844333181611621e-01 2.619481110605371144e-01 1.069640418752844727e-02 0.000000000000000000e+00
6.480000000000000000e+05 1.619983927397818935e-01 1.026399635867091542e-01 6.271051433773326966e-01 2.580791989076012816e-01 1.217569412835685025e-02 0.000000000000000000e+00
6.560000000000000000e+05 1.639983728970630938e-01 9.990896677287210148e-02 6.248293126991352198e-01 2.620619025944469493e-01 1.319981793354574502e-02 0.000000000000000000e+00
6.640000000000000000e+05 1.659983530543442942e-01 1.129949931725079681e-01 6.036640873918980299e-01 2.675238962221210826e-01 1.581702321347291593e-02 0.000000000000000000e+00
6.720000000000000000e+05 1.679983332116254946e-01 1.132225762403277214e-01 5.977469276285843902e-01 2.744651797906235702e-01 1.456531634046426965e-02 0.000000000000000000e+00
6.800000000000000000e+05 1.699983133689069170e-01 1.225534820209376458e-01 5.914883932635411901e-01 2.692307692307692180e-01 1.672735548475193582e-02 0.000000000000000000e+00
6.880000000000000000e+05 1.719982935261881174e-01 1.263086026399635742e-01 5.801092398725534727e-01 2.753755120619025831e-01 1.820664542558033533e-02 0.000000000000000000e+00
6.960000000000000000e+05 1.739982736834693178e-01 1.282430587164314906e-01 5.703231679563040002e-01 2.807237141556668258e-01 2.071005917159763482e-02 0.000000000000000000e+00
7.040000000000000000e+05 1.759982538407505182e-01 1.215293582157487423e-01 5.673645880746472914e-01 3.008648156577150568e-01 1.024123805188893906e-02 0.000000000000000000e+00
7.120000000000000000e+05 1.779982339980319406e-01 1.147018661811561174e-01 5.817023213472917176e-01 2.885753299954483264e-01 1.502048247610377786e-02 0.000000000000000000e+00
7.200000000000000000e+05 1.799982141553131409e-01 1.103777878925807920e-01 6.136777423759672834e-01 2.612653618570778269e-01 1.467910787437414627e-02 0.000000000000000000e+00
7.280000000000000000e+05 1.819981943125943413e-01 1.099226217569412856e-01 6.119708693673190369e-01 2.618343195266272239e-01 1.627218934911242587e-02 0.000000000000000000e+00
7.360000000000000000e+05 1.839981744698755417e-01 1.119708693673190647e-01 6.004779244424214291e-01 2.715065999089667503e-01 1.604460628129267263e-02 0.000000000000000000e+00
7.440000000000000000e+05 1.859981546271569641e-01 1.054847519344560697e-01 5.980883022303140617e-01 2.765134274010013771e-01 1.991351843422849502e-02 0.000000000000000000e+00
7.520000000000000000e+05 1.879981347844381645e-01 1.102639963586709154e-01 5.953573054164770229e-01 2.754893035958124736e-01 1.888939462903959851e-02 0.000000000000000000e+00
7.600000000000000000e+05 1.899981149417193649e-01 1.093536640873919025e-01 5.938780154756485574e-01 2.781065088757396220e-01 1.866181156121984527e-02 0.000000000000000000e+00
7.680000000000000000e+05 1.919980950990005653e-01 1.048020027309968100e-01 5.938780154756485574e-01 2.849340009103322746e-01 1.638598088302230249e-02 0.000000000000000000e+00
7.760000000000000000e+05 1.939980752562819877e-01 1.158397815202548975e-01 5.877332726445152478e-01 2.770823850705507740e-01 1.934456076467910846e-02 0.000000000000000000e+00
7.840000000000000000e+05 1.959980554135631881e-01 1.095812471552116557e-01 5.884160218479744797e-01 2.833409194355939742e-01 1.866181156121984527e-02 0.000000000000000000e+00
7.920000000000000000e+05 1.979980355708443884e-01 1.187983614019117035e-01 5.798816568047336917e-01 2.865270823850705750e-01 1.479289940828402289e-02 0.000000000000000000e+00
8.000000000000000000e+05 1.999980157281255888e-01 1.086709148839326289e-01 5.878470641784251383e-01 2.800409649522075384e-01 2.344105598543468408e-02 0.000000000000000000e+00
8.080000000000000000e+05 2.019979958854070112e-01 1.250568957669549452e-01 5.696404187528447682e-01 2.823167956304050707e-01 2.298588984979517413e-02 0.000000000000000000e+00
8.160000000000000000e+05 2.039979760426882116e-01 1.301775147928994070e-01 5.361857077833409591e-01 3.138370505234410746e-01 1.979972690031861493e-02 0.000000000000000000e+00
8.240000000000000000e+05 2.059979561999694120e-01 1.417842512517068776e-01 4.992034592626308775e-01 3.422849340009103125e-01 1.672735548475193582e-02 0.000000000000000000e+00
8.320000000000000000e+05 2.079979363572506124e-01 1.225534820209376458e-01 5.331133363677742487e-01 3.395539371870732737e-01 4.779244424214838804e-03 0.000000000000000000e+00
8.400000000000000000e+05 2.099979165145320348e-01 1.251706873008648080e-01 5.340236686390532617e-01 3.352298588984979344e-01 5.575785161583977738e-03 0.000000000000000000e+00
8.480000000000000000e+05 2.119978966718132352e-01 1.213017751479289891e-01 5.366408739189804100e-01 3.394401456531633832e-01 2.617205279927173507e-03 0.000000000000000000e+00
8.560000000000000000e+05 2.139978768290944355e-01 1.243741465634956717e-01 5.314064633591261133e-01 3.384160218479745352e-01 5.803368229403732710e-03 0.000000000000000000e+00
8.640000000000000000e+05 2.159978569863756359e-01 1.197086936731907164e-01 5.128584433318160718e-01 3.631087847064178309e-01 4.324078288575329727e-03 0.000000000000000000e+00
8.720000000000000000e+05 2.179978371436570583e-01 1.210741920801092358e-01 5.125170687300865113e-01 3.599226217569412856e-01 6.486117432862995025e-03 0.000000000000000000e+00
8.800000000000000000e+05 2.199978173009382587e-01 1.135639508420573512e-01 5.210514337733272994e-01 3.603777878925807920e-01 5.006827492034592909e-03 0.000000000000000000e+00
8.880000000000000000e+05 2.219977974582194591e-01 1.127674101046882149e-01 5.056895766954938587e-01 3.765361857077833552e-01 5.006827492034592909e-03 0.000000000000000000e+00
8.960000000000000000e+05 2.239977776155008815e-01 1.187983614019117035e-01 5.002275830678197810e-01 3.765361857077833552e-01 4.437869822485207214e-03 0.000000000000000000e+00
9.040000000000000000e+05 2.259977577727820819e-01 1.136777423759672279e-01 5.081929904415111166e-01 3.725534820209376319e-01 5.575785161583977738e-03 0.000000000000000000e+00
9.120000000000000000e+05 2.279977379300632823e-01 1.134501593081474746e-01 5.050068274920346267e-01 3.761948111060536837e-01 5.348202093764223633e-03 0.000000000000000000e+00
9.200000000000000000e+05 2.299977180873444826e-01 1.125398270368684617e-01 5.112653618570778269e-01 3.717569412835685094e-01 4.437869822485207214e-03 0.000000000000000000e+00
9.280000000000000000e+05 2.319976982446259051e-01 1.003641329085116080e-01 5.315202548930360038e-01 3.651570323167956378e-01 2.958579881656804664e-03 0.000000000000000000e+00
9.360000000000000000e+05 2.339976784019071054e-01 1.026399635867091542e-01 5.252617205279926926e-01 3.674328629949931702e-01 4.665452890304961318e-03 0.000000000000000000e+00
9.440000000000000000e+05 2.359976585591883058e-01 1.013882567137004975e-01 5.249203459262631322e-01 3.680018206645425671e-01 5.689576695493855224e-03 0.000000000000000000e+00
9.520000000000000000e+05 2.379976387164695062e-01 1.062812926718252199e-01 5.213928083750568598e-01 3.672052799271734447e-01 5.120619025944469528e-03 0.000000000000000000e+00
9.600000000000000000e+05 2.399976188737509286e-01 1.026399635867091542e-01 5.237824305871643382e-01 3.678880291306326766e-01 5.689576695493855224e-03 0.000000000000000000e+00
9.680000000000000000e+05 2.419975990310321290e-01 1.041192535275375503e-01 5.144515248065544277e-01 3.759672280382339582e-01 5.461993627674101119e-03 0.000000000000000000e+00
9.760000000000000000e+05 2.439975791883133294e-01 1.045744196631770567e-01 5.158170232134728916e-01 3.732362312243969193e-01 6.372325898953117539e-03 0.000000000000000000e+00
9.840000000000000000e+05 2.459975593455945297e-01 1.046882111970869333e-01 5.108101957214383759e-01 3.807464724624488039e-01 3.755120619025944465e-03 0.000000000000000000e+00
9.920000000000000000e+05 2.479975395028759522e-01 1.116294947655894348e-01 4.968138370505234547e-01 3.863222576240327721e-01 5.234410559854347014e-03 0.000000000000000000e+00
1.000000000000000000e+06 2.499975196601571525e-01 1.038916704597177970e-01 5.048930359581247362e-01 3.838188438780154588e-01 7.396449704142011444e-03 0.000000000000000000e+00
1.008000000000000000e+06 2.519974998174383529e-01 1.108329540282202985e-01 4.905553026854801990e-01 3.906463359126081114e-01 7.965407373691398007e-03 0.000000000000000000e+00
1.016000000000000000e+06 2.539974799747195533e-01 1.075329995448338627e-01 4.943104233045061413e-01 3.921256258534365213e-01 6.030951297223486815e-03 0.000000000000000000e+00
1.024000000000000000e+06 2.559974601320009757e-01 1.058261265361857134e-01 4.902139280837505830e-01 3.974738279472007085e-01 6.486117432862995025e-03 0.000000000000000000e+00
1.032000000000000000e+06 2.579974402892821761e-01 1.103777878925807920e-01 4.885070550751023921e-01 3.954255803368229572e-01 5.689576695493855224e-03 0.000000000000000000e+00
1.040000000000000000e+06 2.599974204465633765e-01 1.095812471552116557e-01 4.754210286754665393e-01 4.093081474738279324e-01 5.689576695493855224e-03 0.000000000000000000e+00
1.048000000000000000e+06 2.619974006038445768e-01 1.149294492489758707e-01 4.797451069640418786e-01 4.002048247610378029e-01 5.120619025944469528e-03 0.000000000000000000e+00
1.056000000000000000e+06 2.639973807611259993e-01 1.174328629949931702e-01 4.750796540737369233e-01 4.021392808375056638e-01 5.348202093764223633e-03 0.000000000000000000e+00
1.064000000000000000e+06 2.659973609184071996e-01 1.173190714610832935e-01 4.701866181156121871e-01 4.052116522530723741e-01 7.282658170232134826e-03 0.000000000000000000e+00
1.072000000000000000e+06 2.679973410756884000e-01 1.183431952662721831e-01 4.722348657259899940e-01 4.041875284478834707e-01 5.234410559854347014e-03 0.000000000000000000e+00
1.080000000000000000e+06 2.699973212329696004e-01 1.177742375967228000e-01 4.733727810650887324e-01 4.033909877105143482e-01 5.461993627674101119e-03 0.000000000000000000e+00
1.088000000000000000e+06 2.719973013902510228e-01 1.243741465634956717e-01 4.623350022758306865e-01 4.082840236686390289e-01 5.006827492034592909e-03 0.000000000000000000e+00
1.096000000000000000e+06 2.739972815475322232e-01 1.234638142922166587e-01 4.617660446062812896e-01 4.065771506599908935e-01 8.192990441511151245e-03 0.000000000000000000e+00
1.104000000000000000e+06 2.759972617048134236e-01 1.247155211652253015e-01 4.577833409194355663e-01 4.106736458807464518e-01 6.827492034592626616e-03 0.000000000000000000e+00
1.112000000000000000e+06 2.779972418620946240e-01 1.166363222576240338e-01 5.059171597633136397e-01 3.728948566226672479e-01 4.551661356395083832e-03 0.000000000000000000e+00
1.120000000000000000e+06 2.799972220193760464e-01 1.059399180700955900e-01 5.176376877560309175e-01 3.724396904870277414e-01 3.982703686845699004e-03 0.000000000000000000e+00
1.128000000000000000e+06 2.819972021766572468e-01 1.052571688666363164e-01 5.174101046882112476e-01 3.739189804278561513e-01 3.413746017296313308e-03 0.000000000000000000e+00
1.136000000000000000e+06 2.839971823339384471e-01 1.083295402822029990e-01 5.139963586709148657e-01 3.728948566226672479e-01 4.779244424214838804e-03 0.000000000000000000e+00
1.144000000000000000e+06 2.859971624912196475e-01 1.032089212562585373e-01 5.194583522985889434e-01 3.741465634956759323e-01 3.186162949476558769e-03 0.000000000000000000e+00
1.152000000000000000e+06 2.879971426485010699e-01 1.069640418752844796e-01 5.131998179335457433e-01 3.747155211652253293e-01 5.120619025944469528e-03 0.000000000000000000e+00
1.160000000000000000e+06 2.899971228057822703e-01 1.066226672735548497e-01 5.167273554847519046e-01 3.725534820209376319e-01 4.096495220755575623e-03 0.000000000000000000e+00
1.168000000000000000e+06 2.919971029630634707e-01 1.077605826126536159e-01 5.122894856622667303e-01 3.748293126991351643e-01 5.120619025944469528e-03 0.000000000000000000e+00
1.176000000000000000e+06 2.939970831203446711e-01 1.093536640873919025e-01 5.137687756030950847e-01 3.723258989531179064e-01 4.551661356395083832e-03 0.000000000000000000e+00
1.184000000000000000e+06 2.959970632776260935e-01 1.165225307237141572e-01 4.998862084660901095e-01 3.783568502503413811e-01 5.234410559854347014e-03 0.000000000000000000e+00
1.192000000000000000e+06 2.979970434349072939e-01 1.174328629949931702e-01 4.986345015930814806e-01 3.775603095129722586e-01 6.372325898953117539e-03 0.000000000000000000e+00
1.200000000000000000e+06 2.999970235921884942e-01 1.222121074192080159e-01 5.028447883477469293e-01 3.703914428766499900e-01 4.551661356395083832e-03 0.000000000000000000e+00
1.208000000000000000e+06 3.019970037494696946e-01 1.197086936731907164e-01 4.990896677287209870e-01 3.733500227583067543e-01 7.851615839781519654e-03 0.000000000000000000e+00
1.216000000000000000e+06 3.039969839067511170e-01 1.313154301319981732e-01 4.109012289485662328e-01 4.494765589440145592e-01 8.306781975421027864e-03 0.000000000000000000e+00
1.224000000000000000e+06 3.059969640640323174e-01 1.038916704597177970e-01 4.008875739644970349e-01 4.865725989986344757e-01 8.648156577150659455e-03 0.000000000000000000e+00
1.232000000000000000e+06 3.079969442213135178e-01 1.061675011379153433e-01 4.032771961766044577e-01 4.825898953117888079e-01 7.965407373691398007e-03 0.000000000000000000e+00
1.240000000000000000e+06 3.099969243785947182e-01 1.118570778334091881e-01 4.038461538461538547e-01 4.767865270823850588e-01 7.510241238051888930e-03 0.000000000000000000e+00
1.248000000000000000e+06 3.119969045358761406e-01 1.111743286299499284e-01 4.050978607191624836e-01 4.780382339553937432e-01 5.689576695493855224e-03 0.000000000000000000e+00
1.256000000000000000e+06 3.139968846931573410e-01 1.117432862994993115e-01 4.077150659990896875e-01 4.726900318616295005e-01 7.851615839781519654e-03 0.000000000000000000e+00
1.264000000000000000e+06 3.159968648504385413e-01 1.149294492489758707e-01 4.050978607191624836e-01 4.720072826581702130e-01 7.965407373691398007e-03 0.000000000000000000e+00
1.272000000000000000e+06 3.179968450077197417e-01 1.214155666818388657e-01 4.063495675921711681e-01 4.632453345471096995e-01 8.989531178880291046e-03 0.000000000000000000e+00
1.280000000000000000e+06 3.199968251650011641e-01 1.156121984524351443e-01 4.080564406008193035e-01 4.652935821574875064e-01 1.103777878925807886e-02 0.000000000000000000e+00
1.288000000000000000e+06 3.219968053222823645e-01 1.220983158852981393e-01 3.995220755575785154e-01 4.663177059626763543e-01 1.206190259444697363e-02 0.000000000000000000e+00
1.296000000000000000e+06 3.239967854795635649e-01 1.323395539371870766e-01 3.962221210741920796e-01 4.584660901228948537e-01 1.297223486572599005e-02 0.000000000000000000e+00
1.304000000000000000e+06 3.259967656368447653e-01 1.231224396904870289e-01 4.046426945835229771e-01 4.627901684114701930e-01 9.444697314519799256e-03 0.000000000000000000e+00
1.312000000000000000e+06 3.279967457941261877e-01 1.259672280382339582e-01 4.023668639053254448e-01 4.589212562585343602e-01 1.274465179790623508e-02 0.000000000000000000e+00
1.320000000000000000e+06 3.299967259514073881e-01 1.305188893946290507e-01 3.998634501593081314e-01 4.575557578516158408e-01 1.206190259444697363e-02 0.000000000000000000e+00
1.328000000000000000e+06 3.319967061086885884e-01 1.382567137005006885e-01 3.957669549385525731e-01 4.530040964952207760e-01 1.297223486572599005e-02 0.000000000000000000e+00
1.336000000000000000e+06 3.339966862659700109e-01 1.455393718707328199e-01 3.855257168866636497e-01 4.550523441055985274e-01 1.388256713700500647e-02 0.000000000000000000e+00
1.344000000000000000e+06 3.359966664232512112e-01 1.536185707783341015e-01 3.848429676832043622e-01 4.495903504779244497e-01 1.194811106053709528e-02 0.000000000000000000e+00
1.352000000000000000e+06 3.379966465805324116e-01 1.499772416932180219e-01 3.765361857077833552e-01 4.591488393263541412e-01 1.433773327264451468e-02 0.000000000000000000e+00
1.360000000000000000e+06 3.399966267378136120e-01 1.529358215748748417e-01 3.736913973600364258e-01 4.589212562585343602e-01 1.445152480655439303e-02 0.000000000000000000e+00
1.368000000000000000e+06 3.419966068950950344e-01 1.602184797451069731e-01 3.701638598088302090e-01 4.506144742831133532e-01 1.900318616294947513e-02 0.000000000000000000e+00
1.376000000000000000e+06 3.439965870523762348e-01 1.599908966772872199e-01 3.777878925807919841e-01 4.442421483841602070e-01 1.797906235776058209e-02 0.000000000000000000e+00
1.384000000000000000e+06 3.459965672096574352e-01 1.661356395084205850e-01 3.920118343195266308e-01 4.236458807464724696e-01 1.820664542558033533e-02 0.000000000000000000e+00
1.392000000000000000e+06 3.479965473669386355e-01 1.550978607191624836e-01 3.882567137005006885e-01 4.436731907146108100e-01 1.297223486572599005e-02 0.000000000000000000e+00
1.400000000000000000e+06 3.499965275242200580e-01 1.574874829312699065e-01 3.799499317250796815e-01 4.495903504779244497e-01 1.297223486572599005e-02 0.000000000000000000e+00
1.408000000000000000e+06 3.519965076815012583e-01 1.563495675921711403e-01 3.782430587164314906e-01 4.506144742831133532e-01 1.479289940828402289e-02 0.000000000000000000e+00
1.416000000000000000e+06 3.539964878387824587e-01 1.544151115157032239e-01 3.784706417842512716e-01 4.522075557578515981e-01 1.490669094219390124e-02 0.000000000000000000e+00
1.424000000000000000e+06 3.559964679960636591e-01 1.475876194811105990e-01 3.842740100136549652e-01 4.550523441055985274e-01 1.308602639963586667e-02 0.000000000000000000e+00
1.432000000000000000e+06 3.579964481533450815e-01 1.541875284478834707e-01 3.809740555302685294e-01 4.512972234865725851e-01 1.354119253527537488e-02 0.000000000000000000e+00
1.440000000000000000e+06 3.599964283106262819e-01 1.431497496586253970e-01 3.831360946745562268e-01 4.675694128356850388e-01 6.144742831133363434e-03 0.000000000000000000e+00
1.448000000000000000e+06 3.619964084679074823e-01 1.466772872098315861e-01 3.780154756486117651e-01 4.699590350477924616e-01 5.348202093764223633e-03 0.000000000000000000e+00
1.456000000000000000e+06 3.639963886251886827e-01 1.482703686845698587e-01 3.708466090122894965e-01 4.716659080564405970e-01 9.217114246700046018e-03 0.000000000000000000e+00
1.464000000000000000e+06 3.659963687824701051e-01 1.408739189804278646e-01 3.694811106053709771e-01 4.812243969048702885e-01 8.420573509330906217e-03 0.000000000000000000e+00
1.472000000000000000e+06 3.679963489397510834e-01 1.426945835229858905e-01 3.690259444697314706e-01 4.784934000910332497e-01 9.786071916249430847e-03 0.000000000000000000e+00
1.480000000000000000e+06 3.699963290970327279e-01 1.384842967683204418e-01 3.598088302230313951e-01 4.914656349567592120e-01 1.024123805188893906e-02 0.000000000000000000e+00
1.488000000000000000e+06 3.719963092543137062e-01 1.411015020482476179e-01 3.568502503413745752e-01 4.913518434228493215e-01 1.069640418752844727e-02 0.000000000000000000e+00
1.496000000000000000e+06 3.739962894115951286e-01 1.414428766499772339e-01 3.579881656804733692e-01 4.914656349567592120e-01 9.103322712790167665e-03 0.000000000000000000e+00
1.504000000000000000e+06 3.759962695688761070e-01 1.401911697769686049e-01 3.569640418752844657e-01 4.929449248975876219e-01 9.899863450159307465e-03 0.000000000000000000e+00
1.512000000000000000e+06 3.779962497261577514e-01 1.437187073281747940e-01 3.570778334091943562e-01 4.880518889394628856e-01 1.115157032316795548e-02 0.000000000000000000e+00
1.520000000000000000e+06 3.799962298834387298e-01 1.586253982703686727e-01 3.489986345015930747e-01 4.811106053709603980e-01 1.126536185707783383e-02 0.000000000000000000e+00
1.528000000000000000e+06 3.819962100407201522e-01 1.530496131087847045e-01 3.471779699590350488e-01 4.863450159308147502e-01 1.342740100136549826e-02 0.000000000000000000e+00
1.536000000000000000e+06 3.839961901980011305e-01 1.606736458807464796e-01 3.354574419663177154e-01 4.907828857532999800e-01 1.308602639963586667e-02 0.000000000000000000e+00
1.544000000000000000e+06 3.859961703552827750e-01 1.646563495675921751e-01 3.219162494310423561e-01 4.972690031861629611e-01 1.615839781520254925e-02 0.000000000000000000e+00
1.552000000000000000e+06 3.879961505125637533e-01 1.754665452890304955e-01 2.971096950386891145e-01 5.119481110605370588e-01 1.547564861174328607e-02 0.000000000000000000e+00
1.560000000000000000e+06 3.899961306698451757e-01 1.694355939918070209e-01 3.001820664542558248e-01 5.131998179335457433e-01 1.718252162039144229e-02 0.000000000000000000e+00
1.568000000000000000e+06 3.919961108271261541e-01 1.780837505689576716e-01 2.942649066909421851e-01 5.105826126536185949e-01 1.706873008648156567e-02 0.000000000000000000e+00
1.576000000000000000e+06 3.939960909844077985e-01 1.818388711879836139e-01 2.822030040964952358e-01 5.134274010013655243e-01 2.253072371415566766e-02 0.000000000000000000e+00
1.584000000000000000e+06 3.959960711416887769e-01 1.854802002730996935e-01 2.837960855712334807e-01 5.087619481110605690e-01 2.196176604460628110e-02 0.000000000000000000e+00
1.592000000000000000e+06 3.979960512989701993e-01 1.849112426035502965e-01 2.790168411470186349e-01 5.133136094674556338e-01 2.275830678197542090e-02 0.000000000000000000e+00
1.600000000000000000e+06 3.999960314562511776e-01 1.891215293582157453e-01 2.766272189349112676e-01 5.207100591715976279e-01 1.354119253527537488e-02 0.000000000000000000e+00
1.608000000000000000e+06 4.019960116135328221e-01 1.735320892125625791e-01 2.641101502048247562e-01 5.473372781065088954e-01 1.502048247610377786e-02 0.000000000000000000e+00
1.616000000000000000e+06 4.039959917708138004e-01 1.721665908056440597e-01 2.701411015020482309e-01 5.405097860719162428e-01 1.718252162039144229e-02 0.000000000000000000e+00
1.624000000000000000e+06 4.059959719280952228e-01 1.728493400091033194e-01 2.660446062812926726e-01 5.443786982248520756e-01 1.672735548475193582e-02 0.000000000000000000e+00
1.632000000000000000e+06 4.079959520853762012e-01 1.768320436959490149e-01 2.606964041875284299e-01 5.456304050978607600e-01 1.684114701866181243e-02 0.000000000000000000e+00
1.640000000000000000e+06 4.099959322426578456e-01 1.788802913063268218e-01 2.627446517979062368e-01 5.401684114701865713e-01 1.820664542558033533e-02 0.000000000000000000e+00
1.648000000000000000e+06 4.119959123999388240e-01 1.727355484751934567e-01 2.661583978152025631e-01 5.468821119708693335e-01 1.422394173873463806e-02 0.000000000000000000e+00
1.656000000000000000e+06 4.139958925572202464e-01 1.767182521620391522e-01 2.783340919435594030e-01 5.303823395539372099e-01 1.456531634046426965e-02 0.000000000000000000e+00
1.664000000000000000e+06 4.159958727145012247e-01 1.689804278561675144e-01 2.817478379608557293e-01 5.342512517068730427e-01 1.502048247610377786e-02 0.000000000000000000e+00
1.672000000000000000e+06 4.179958528717828692e-01 1.717114246700045532e-01 2.809512972234865513e-01 5.336822940373235902e-01 1.365498406918525323e-02 0.000000000000000000e+00
1.680000000000000000e+06 4.199958330290638475e-01 1.759217114246700020e-01 2.761720527992717611e-01 5.298133818843877574e-01 1.809285389167045871e-02 0.000000000000000000e+00
1.688000000000000000e+06 4.219958131863452699e-01 1.819526627218935044e-01 2.728720983158853253e-01 5.243513882567136797e-01 2.082385070550751144e-02 0.000000000000000000e+00
1.696000000000000000e+06 4.239957933436262483e-01 1.748975876194810986e-01 2.762858443331815961e-01 5.292444242148384159e-01 1.957214383249886169e-02 0.000000000000000000e+00
1.704000000000000000e+06 4.259957735009078927e-01 1.784251251706872876e-01 2.743513882567136797e-01 5.260582612653618151e-01 2.116522530723714129e-02 0.000000000000000000e+00
1.712000000000000000e+06 4.279957536581888711e-01 1.871870732817478289e-01 2.634274010013655243e-01 5.279927173418297315e-01 2.139280837505689453e-02 0.000000000000000000e+00
1.720000000000000000e+06 4.299957338154702935e-01 1.887801547564861293e-01 2.636549840691852498e-01 5.250341374601729116e-01 2.253072371415566766e-02 0.000000000000000000e+00
1.728000000000000000e+06 4.319957139727512718e-01 1.675011379153391045e-01 2.800409649522075384e-01 5.350477924442421651e-01 1.741010468821119553e-02 0.000000000000000000e+00
1.736000000000000000e+06 4.339956941300329163e-01 1.725079654073737034e-01 2.819754210286754548e-01 5.300409649522075384e-01 1.547564861174328607e-02 0.000000000000000000e+00
1.744000000000000000e+06 4.359956742873138946e-01 1.783113336367774249e-01 2.829995448338643582e-01 5.278789258079198410e-01 1.081019572143832562e-02 0.000000000000000000e+00
1.752000000000000000e+06 4.379956544445953170e-01 1.736458807464724696e-01 2.839098771051433712e-01 5.282203004096495125e-01 1.422394173873463806e-02 0.000000000000000000e+00
1.760000000000000000e+06 4.399956346018762954e-01 1.615839781520254925e-01 2.643377332726445372e-01 5.605370960400546387e-01 1.354119253527537488e-02 0.000000000000000000e+00
1.768000000000000000e+06 4.419956147591579398e-01 1.574874829312699065e-01 2.621756941283568398e-01 5.686162949476558648e-01 1.172052799271734204e-02 0.000000000000000000e+00
1.776000000000000000e+06 4.439955949164389182e-01 1.535047792444242110e-01 2.605826126536185949e-01 5.713472917614929036e-01 1.456531634046426965e-02 0.000000000000000000e+00
1.784000000000000000e+06 4.459955750737203406e-01 1.573736913973600438e-01 2.617205279927173334e-01 5.683887118798361948e-01 1.251706873008648184e-02 0.000000000000000000e+00
1.792000000000000000e+06 4.479955552310013189e-01 1.486117432862995025e-01 2.619481110605371144e-01 5.729403732362312596e-01 1.649977241693217911e-02 0.000000000000000000e+00
1.800000000000000000e+06 4.499955353882829634e-01 1.566909421939007840e-01 2.619481110605371144e-01 5.664542558033682784e-01 1.490669094219390124e-02 0.000000000000000000e+00
1.808000000000000000e+06 4.519955155455639417e-01 1.570323167956304000e-01 2.633136094674556338e-01 5.666818388711879484e-01 1.297223486572599005e-02 0.000000000000000000e+00
1.816000000000000000e+06 4.539954957028453641e-01 1.510013654984069253e-01 2.608101957214383204e-01 5.702093764223942207e-01 1.797906235776058209e-02 0.000000000000000000e+00
