# itime ezz other fcc hcp bcc ico
0.000000000000000000e+00 0.000000000000000000e+00 1.593081474738279385e-03 9.984069185252617551e-01 0.000000000000000000e+00 0.000000000000000000e+00 0.000000000000000000e+00
3.000000000000000000e+00 1.200041607115620579e-03 1.251706873008648227e-03 9.987482931269913156e-01 0.000000000000000000e+00 0.000000000000000000e+00 0.000000000000000000e+00
6.000000000000000000e+00 2.400083214231241158e-03 5.689576695493854790e-04 9.994310423304506585e-01 0.000000000000000000e+00 0.000000000000000000e+00 0.000000000000000000e+00
9.000000000000000000e+00 3.600124821346639692e-03 0.000000000000000000e+00 1.000000000000000000e+00 0.000000000000000000e+00 0.000000000000000000e+00 0.000000000000000000e+00
1.200000000000000000e+01 4.800166428462260271e-03 2.275830678197542133e-04 9.997724169321802190e-01 0.000000000000000000e+00 0.000000000000000000e+00 0.000000000000000000e+00
1.500000000000000000e+01 6.000208035577880850e-03 5.689576695493854790e-04 9.994310423304506585e-01 0.000000000000000000e+00 0.000000000000000000e+00 0.000000000000000000e+00
1.800000000000000000e+01 7.200249642693501428e-03 6.827492034592626399e-04 9.993172507965407680e-01 0.000000000000000000e+00 0.000000000000000000e+00 0.000000000000000000e+00
2.100000000000000000e+01 8.400291249809122007e-03 5.689576695493854790e-04 9.994310423304506585e-01 0.000000000000000000e+00 0.000000000000000000e+00 0.000000000000000000e+00
2.400000000000000000e+01 9.600332856924742586e-03 7.965407373691396923e-04 9.992034592626308775e-01 0.000000000000000000e+00 0.000000000000000000e+00 0.000000000000000000e+00
2.700000000000000000e+01 1.080037446404014112e-02 1.251706873008648227e-03 9.987482931269913156e-01 0.000000000000000000e+00 0.000000000000000000e+00 0.000000000000000000e+00
3.000000000000000000e+01 1.200041607115576170e-02 2.162039144287664864e-03 9.978379608557123026e-01 0.000000000000000000e+00 0.000000000000000000e+00 0.000000000000000000e+00
3.300000000000000000e+01 1.320045767827138228e-02 1.706873008648156654e-03 9.982931269913518646e-01 0.000000000000000000e+00 0.000000000000000000e+00 0.000000000000000000e+00
3.600000000000000000e+01 1.440049928538700286e-02 1.593081474738279385e-03 9.982931269913518646e-01 0.000000000000000000e+00 1.137915339098771066e-04 0.000000000000000000e+00
3.900000000000000000e+01 1.560054089250262344e-02 1.706873008648156654e-03 9.981793354574419741e-01 0.000000000000000000e+00 1.137915339098771066e-04 0.000000000000000000e+00
4.200000000000000000e+01 1.680058249961802197e-02 1.934456076467910759e-03 9.980655439235320836e-01 0.000000000000000000e+00 0.000000000000000000e+00 0.000000000000000000e+00
4.500000000000000000e+01 1.800062410673364255e-02 1.593081474738279385e-03 9.984069185252617551e-01 0.000000000000000000e+00 0.000000000000000000e+00 0.000000000000000000e+00
4.800000000000000000e+01 1.920066571384926313e-02 1.479289940828402332e-03 9.985207100591716456e-01 0.000000000000000000e+00 0.000000000000000000e+00 0.000000000000000000e+00
5.100000000000000000e+01 2.040070732096488371e-02 1.593081474738279385e-03 9.984069185252617551e-01 0.000000000000000000e+00 0.000000000000000000e+00 0.000000000000000000e+00
5.400000000000000000e+01 2.160074892808050429e-02 1.706873008648156654e-03 9.982931269913518646e-01 0.000000000000000000e+00 0.000000000000000000e+00 0.000000000000000000e+00
5.700000000000000000e+01 2.280079053519612486e-02 2.162039144287664864e-03 9.978379608557123026e-01 0.000000000000000000e+00 0.000000000000000000e+00 0.000000000000000000e+00
6.000000000000000000e+01 2.400083214231152340e-02 2.503413746017296455e-03 9.974965862539827421e-01 0.000000000000000000e+00 0.000000000000000000e+00 0.000000000000000000e+00
6.300000000000000000e+01 2.520087374942714398e-02 1.706873008648156654e-03 9.982931269913518646e-01 0.000000000000000000e+00 0.000000000000000000e+00 0.000000000000000000e+00
6.600000000000000000e+01 2.640091535654276456e-02 2.844788347746927612e-03 9.971552116522530707e-01 0.000000000000000000e+00 0.000000000000000000e+00 0.000000000000000000e+00
6.900000000000000000e+01 2.760095696365838513e-02 3.299954483386436255e-03 9.967000455166135087e-01 0.000000000000000000e+00 0.000000000000000000e+00 0.000000000000000000e+00
7.200000000000000000e+01 2.880099857077400571e-02 3.755120619025944465e-03 9.962448793809740577e-01 0.000000000000000000e+00 0.000000000000000000e+00 0.000000000000000000e+00
7.500000000000000000e+01 3.000104017788940425e-02 4.210286754665453109e-03 9.957897132453344957e-01 0.000000000000000000e+00 0.000000000000000000e+00 0.000000000000000000e+00
7.800000000000000000e+01 3.120108178500502483e-02 5.348202093764223633e-03 9.945380063723259223e-01 0.000000000000000000e+00 1.137915339098771066e-04 0.000000000000000000e+00
8.100000000000000000e+01 3.240112339212064541e-02 4.779244424214838804e-03 9.949931725079653733e-01 0.000000000000000000e+00 2.275830678197542133e-04 0.000000000000000000e+00
8.400000000000000000e+01 3.360116499923626598e-02 4.324078288575329727e-03 9.956759217114247162e-01 0.000000000000000000e+00 0.000000000000000000e+00 0.000000000000000000e+00
8.700000000000000000e+01 3.480120660635188656e-02 5.120619025944469528e-03 9.947655894401457033e-01 0.000000000000000000e+00 1.137915339098771066e-04 0.000000000000000000e+00
9.000000000000000000e+01 3.600124821346750714e-02 6.030951297223486815e-03 9.938552571688666903e-01 0.000000000000000000e+00 1.137915339098771066e-04 0.000000000000000000e+00
9.300000000000000000e+01 3.720128982058290568e-02 6.030951297223486815e-03 9.937414656349567998e-01 0.000000000000000000e+00 2.275830678197542133e-04 0.000000000000000000e+00
9.600000000000000000e+01 3.840133142769852626e-02 7.168866636322257339e-03 9.924897587619481154e-01 0.000000000000000000e+00 3.413746017296313199e-04 0.000000000000000000e+00
9.900000000000000000e+01 3.960137303481414683e-02 8.079198907601274626e-03 9.916932180245789930e-01 0.000000000000000000e+00 2.275830678197542133e-04 0.000000000000000000e+00
1.020000000000000000e+02 4.080141464192976741e-02 9.217114246700046018e-03 9.904415111515703085e-01 0.000000000000000000e+00 3.413746017296313199e-04 0.000000000000000000e+00
1.050000000000000000e+02 4.200145624904538799e-02 8.761948111060537808e-03 9.907828857532999800e-01 0.000000000000000000e+00 4.551661356395084266e-04 0.000000000000000000e+00
1.080000000000000000e+02 4.320149785616078653e-02 1.081019572143832562e-02 9.888484296768320636e-01 0.000000000000000000e+00 3.413746017296313199e-04 0.000000000000000000e+00
1.110000000000000000e+02 4.440153946327640710e-02 1.024123805188893906e-02 9.891898042785616241e-01 0.000000000000000000e+00 5.689576695493854790e-04 0.000000000000000000e+00
1.140000000000000000e+02 4.560158107039202768e-02 1.058261265361857065e-02 9.890760127446518446e-01 0.000000000000000000e+00 3.413746017296313199e-04 0.000000000000000000e+00
1.170000000000000000e+02 4.680162267750764826e-02 1.251706873008648184e-02 9.871415566681839282e-01 0.000000000000000000e+00 3.413746017296313199e-04 0.000000000000000000e+00
1.200000000000000000e+02 4.800166428462326884e-02 1.263086026399635846e-02 9.868001820664542567e-01 0.000000000000000000e+00 5.689576695493854790e-04 0.000000000000000000e+00
1.230000000000000000e+02 4.920170589173888942e-02 1.251706873008648184e-02 9.870277651342740377e-01 0.000000000000000000e+00 4.551661356395084266e-04 0.000000000000000000e+00
1.260000000000000000e+02 5.040174749885428795e-02 1.194811106053709528e-02 9.869139736003641472e-01 0.000000000000000000e+00 1.137915339098770958e-03 0.000000000000000000e+00
1.290000000000000000e+02 5.160178910596990853e-02 1.115157032316795548e-02 9.878243058716431602e-01 0.000000000000000000e+00 1.024123805188893906e-03 0.000000000000000000e+00
1.320000000000000000e+02 5.280183071308552911e-02 1.081019572143832562e-02 9.883932635411925016e-01 0.000000000000000000e+00 7.965407373691396923e-04 0.000000000000000000e+00
1.350000000000000000e+02 5.400187232020114969e-02 1.194811106053709528e-02 9.870277651342740377e-01 0.000000000000000000e+00 1.024123805188893906e-03 0.000000000000000000e+00
1.380000000000000000e+02 5.520191392731677027e-02 1.467910787437414627e-02 9.842967683204369989e-01 0.000000000000000000e+00 1.024123805188893906e-03 0.000000000000000000e+00
1.410000000000000000e+02 5.640195553443216880e-02 1.649977241693217911e-02 9.825898953117887524e-01 0.000000000000000000e+00 9.103322712790168532e-04 0.000000000000000000e+00
1.440000000000000000e+02 5.760199714154778938e-02 1.854802002730996865e-02 9.804278561675011661e-01 0.000000000000000000e+00 1.024123805188893906e-03 0.000000000000000000e+00
1.470000000000000000e+02 5.880203874866340996e-02 2.014110150204824826e-02 9.787209831588530307e-01 0.000000000000000000e+00 1.137915339098770958e-03 0.000000000000000000e+00
1.500000000000000000e+02 6.000208035577903054e-02 2.048247610377787811e-02 9.780382339553936877e-01 0.000000000000000000e+00 1.479289940828402332e-03 0.000000000000000000e+00
1.530000000000000000e+02 6.120212196289465112e-02 2.241693218024579104e-02 9.763313609467455523e-01 0.000000000000000000e+00 1.251706873008648227e-03 0.000000000000000000e+00
1.560000000000000000e+02 6.240216357001004965e-02 2.628584433318160996e-02 9.724624487938097195e-01 0.000000000000000000e+00 1.251706873008648227e-03 0.000000000000000000e+00
1.590000000000000000e+02 6.360220517712567023e-02 2.605826126536185672e-02 9.721210741920801590e-01 0.000000000000000000e+00 1.820664542558033706e-03 0.000000000000000000e+00
1.620000000000000000e+02 6.480224678424129081e-02 2.913063268092853930e-02 9.689349112426035582e-01 0.000000000000000000e+00 1.934456076467910759e-03 0.000000000000000000e+00
1.650000000000000000e+02 6.600228839135691139e-02 2.867546654528902936e-02 9.693900773782430091e-01 0.000000000000000000e+00 1.934456076467910759e-03 0.000000000000000000e+00
1.680000000000000000e+02 6.720232999847253197e-02 3.299954483386435822e-02 9.654073736913973969e-01 0.000000000000000000e+00 1.593081474738279385e-03 0.000000000000000000e+00
1.710000000000000000e+02 6.840237160558815255e-02 3.550295857988165771e-02 9.626763768775603580e-01 0.000000000000000000e+00 1.820664542558033706e-03 0.000000000000000000e+00
1.740000000000000000e+02 6.960241321270355108e-02 3.504779244424215123e-02 9.629039599453800280e-01 0.000000000000000000e+00 2.048247610377787811e-03 0.000000000000000000e+00
1.770000000000000000e+02 7.080245481981917166e-02 4.050978607191624975e-02 9.583522985889849632e-01 0.000000000000000000e+00 1.137915339098770958e-03 0.000000000000000000e+00
1.800000000000000000e+02 7.200249642693479224e-02 4.335457441966317910e-02 9.548247610377788019e-01 0.000000000000000000e+00 1.820664542558033706e-03 0.000000000000000000e+00
1.830000000000000000e+02 7.320253803405041282e-02 4.517523896222121194e-02 9.528903049613108855e-01 0.000000000000000000e+00 1.934456076467910759e-03 0.000000000000000000e+00
1.860000000000000000e+02 7.440257964116603340e-02 5.166135639508420696e-02 9.467455621301774649e-01 0.000000000000000000e+00 1.593081474738279385e-03 0.000000000000000000e+00
1.890000000000000000e+02 7.560262124828143193e-02 5.393718707328174627e-02 9.431042330450614131e-01 0.000000000000000000e+00 2.958579881656804664e-03 0.000000000000000000e+00
1.920000000000000000e+02 7.680266285539705251e-02 5.791989076012744875e-02 9.392353208921255803e-01 0.000000000000000000e+00 2.844788347746927612e-03 0.000000000000000000e+00
1.950000000000000000e+02 7.800270446251267309e-02 5.962676376877560497e-02 9.373008648156576639e-01 0.000000000000000000e+00 3.072371415566681717e-03 0.000000000000000000e+00
1.980000000000000000e+02 7.920274606962829367e-02 6.053709604005461792e-02 9.365043240782885414e-01 0.000000000000000000e+00 2.958579881656804664e-03 0.000000000000000000e+00
2.010000000000000000e+02 8.040278767674391425e-02 6.304050978607191047e-02 9.335457441966317216e-01 0.000000000000000000e+00 3.413746017296313308e-03 0.000000000000000000e+00
2.040000000000000000e+02 8.160282928385953483e-02 6.998179335457442585e-02 9.269458352298588499e-01 0.000000000000000000e+00 3.072371415566681717e-03 0.000000000000000000e+00
2.070000000000000000e+02 8.280287089097493336e-02 7.339553937187073829e-02 9.235320892125625791e-01 0.000000000000000000e+00 3.072371415566681717e-03 0.000000000000000000e+00
2.100000000000000000e+02 8.400291249809055394e-02 7.749203459262631044e-02 9.188666363222576239e-01 0.000000000000000000e+00 3.641329085116067413e-03 0.000000000000000000e+00
2.130000000000000000e+02 8.520295410520617452e-02 8.067819754210286964e-02 9.152253072371415721e-01 0.000000000000000000e+00 4.096495220755575623e-03 0.000000000000000000e+00
2.160000000000000000e+02 8.640299571232179510e-02 8.431952662721893532e-02 9.113563950842057393e-01 0.000000000000000000e+00 4.324078288575329727e-03 0.000000000000000000e+00
2.190000000000000000e+02 8.760303731943741568e-02 8.898497951752389057e-02 9.064633591260810030e-01 0.000000000000000000e+00 4.551661356395083832e-03 0.000000000000000000e+00
2.220000000000000000e+02 8.880307892655281421e-02 9.774692762858443185e-02 8.972462448793809831e-01 0.000000000000000000e+00 5.006827492034592909e-03 0.000000000000000000e+00
2.250000000000000000e+02 9.000312053366843479e-02 1.070778334091943562e-01 8.862084660901229372e-01 0.000000000000000000e+00 6.713700500682749130e-03 0.000000000000000000e+00
2.280000000000000000e+02 9.120316214078405537e-02 1.166363222576240338e-01 8.763086026399635742e-01 0.000000000000000000e+00 7.055075102412380721e-03 0.000000000000000000e+00
2.310000000000000000e+02 9.240320374789967595e-02 1.251706873008648080e-01 8.662949476558944317e-01 0.000000000000000000e+00 8.534365043240782836e-03 0.000000000000000000e+00
2.340000000000000000e+02 9.360324535501529652e-02 1.312016385980883104e-01 8.593536640873918886e-01 0.000000000000000000e+00 9.444697314519799256e-03 0.000000000000000000e+00
2.370000000000000000e+02 9.480328696213091710e-02 1.401911697769686049e-01 8.504779244424214291e-01 0.000000000000000000e+00 9.330905780609922637e-03 0.000000000000000000e+00
2.400000000000000000e+02 9.600332856924631564e-02 1.490669094219390090e-01 8.411470186618115186e-01 1.137915339098771066e-04 9.672280382339554228e-03 0.000000000000000000e+00
2.430000000000000000e+02 9.720337017636193622e-02 1.582840236686390567e-01 8.323850705507510606e-01 0.000000000000000000e+00 9.330905780609922637e-03 0.000000000000000000e+00
2.460000000000000000e+02 9.840341178347755680e-02 1.684114701866181174e-01 8.223714155666818071e-01 0.000000000000000000e+00 9.217114246700046018e-03 0.000000000000000000e+00
2.490000000000000000e+02 9.960345339059317737e-02 1.838871187983613931e-01 8.058716431497496835e-01 0.000000000000000000e+00 1.024123805188893906e-02 0.000000000000000000e+00
2.520000000000000000e+02 1.008034949977087980e-01 1.920801092398725651e-01 7.961993627674101015e-01 0.000000000000000000e+00 1.172052799271734204e-02 0.000000000000000000e+00
2.550000000000000000e+02 1.020035366048241965e-01 2.073281747837960876e-01 7.802685480200273194e-01 0.000000000000000000e+00 1.240327719617660522e-02 0.000000000000000000e+00
2.580000000000000000e+02 1.032035782119398171e-01 2.192762858443331742e-01 7.653618570778334407e-01 0.000000000000000000e+00 1.536185707783340945e-02 0.000000000000000000e+00
2.610000000000000000e+02 1.044036198190554376e-01 2.247382794720072796e-01 7.578516158397815561e-01 0.000000000000000000e+00 1.741010468821119553e-02 0.000000000000000000e+00
2.640000000000000000e+02 1.056036614261710582e-01 2.274692762858443462e-01 7.556895766954938587e-01 0.000000000000000000e+00 1.684114701866181243e-02 0.000000000000000000e+00
2.670000000000000000e+02 1.068037030332866788e-01 2.330450614474283144e-01 7.493172507965407680e-01 1.137915339098771066e-04 1.752389622212107562e-02 0.000000000000000000e+00
2.700000000000000000e+02 1.080037446404022994e-01 2.462448793809740577e-01 7.342967683204369989e-01 1.137915339098771066e-04 1.934456076467910846e-02 0.000000000000000000e+00
2.730000000000000000e+02 1.092037862475176979e-01 2.641101502048247562e-01 7.134729176149294805e-01 1.137915339098771066e-04 2.230314064633591095e-02 0.000000000000000000e+00
2.760000000000000000e+02 1.104038278546333185e-01 2.807237141556668258e-01 6.942421483841602070e-01 0.000000000000000000e+00 2.503413746017296368e-02 0.000000000000000000e+00
2.790000000000000000e+02 1.116038694617489391e-01 2.935821574874829532e-01 6.811561219845243542e-01 0.000000000000000000e+00 2.526172052799271692e-02 0.000000000000000000e+00
2.820000000000000000e+02 1.128039110688645597e-01 3.111060537096039802e-01 6.632908511606736557e-01 1.137915339098771066e-04 2.548930359581247015e-02 0.000000000000000000e+00
2.850000000000000000e+02 1.140039526759801802e-01 3.214610832954028496e-01 6.508875739644970349e-01 1.137915339098771066e-04 2.753755120619025970e-02 0.000000000000000000e+00
2.880000000000000000e+02 1.152039942830955788e-01 3.343195266272189214e-01 6.363222576240327166e-01 1.137915339098771066e-04 2.924442421483841592e-02 0.000000000000000000e+00
2.910000000000000000e+02 1.164040358902111993e-01 3.517296313154301135e-01 6.169776968593536637e-01 0.000000000000000000e+00 3.129267182521620200e-02 0.000000000000000000e+00
2.940000000000000000e+02 1.176040774973268199e-01 3.657259899863450348e-01 5.994538006372326366e-01 1.137915339098771066e-04 3.470641784251251444e-02 0.000000000000000000e+00
2.970000000000000000e+02 1.188041191044424405e-01 3.750568957669549452e-01 5.876194811106053573e-01 2.275830678197542133e-04 3.709604005461993731e-02 0.000000000000000000e+00
3.000000000000000000e+02 1.200041607115580611e-01 3.832498862084661173e-01 5.774920345926263243e-01 3.413746017296313199e-04 3.891670459717797015e-02 0.000000000000000000e+00
3.030000000000000000e+02 1.212042023186736817e-01 3.971324533454710926e-01 5.632680928538916776e-01 3.413746017296313199e-04 3.925807919890760000e-02 0.000000000000000000e+00
3.060000000000000000e+02 1.224042439257890802e-01 4.118115612198452458e-01 5.451752389622211981e-01 6.827492034592626399e-04 4.233045061447428259e-02 0.000000000000000000e+00
3.090000000000000000e+02 1.236042855329047008e-01 4.226217569412835662e-01 5.295857988165680874e-01 5.689576695493854790e-04 4.722348657259899801e-02 0.000000000000000000e+00
3.120000000000000000e+02 1.248043271400203214e-01 4.400318616294947582e-01 5.117205279927173889e-01 9.103322712790168532e-04 4.733727810650887463e-02 0.000000000000000000e+00
3.150000000000000000e+02 1.260043687471359419e-01 4.542558033682294050e-01 4.936276741010469093e-01 9.103322712790168532e-04 5.120619025944470049e-02 0.000000000000000000e+00
3.180000000000000000e+02 1.272044103542515625e-01 4.756486117432863203e-01 4.674556213017751483e-01 9.103322712790168532e-04 5.598543468365953235e-02 0.000000000000000000e+00
3.210000000000000000e+02 1.284044519613669610e-01 4.868001820664542567e-01 4.533454710969503920e-01 1.024123805188893906e-03 5.883022303140646170e-02 0.000000000000000000e+00
3.240000000000000000e+02 1.296044935684825816e-01 4.985207100591715901e-01 4.393491124260355263e-01 1.479289940828402332e-03 6.065088757396449454e-02 0.000000000000000000e+00
3.270000000000000000e+02 1.308045351755982022e-01 5.062585343650432002e-01 4.261492944924897830e-01 1.934456076467910759e-03 6.565771506599908658e-02 0.000000000000000000e+00
3.300000000000000000e+02 1.320045767827138228e-01 5.139963586709148657e-01 4.139736003641328876e-01 2.503413746017296455e-03 6.952662721893490549e-02 0.000000000000000000e+00
3.330000000000000000e+02 1.332046183898294434e-01 5.309512972234865513e-01 3.953117888029130667e-01 2.844788347746927612e-03 7.089212562585343880e-02 0.000000000000000000e+00
3.360000000000000000e+02 1.344046599969450639e-01 5.392580791989075584e-01 3.813154301319982009e-01 3.186162949476558769e-03 7.624032771961765376e-02 0.000000000000000000e+00
3.390000000000000000e+02 1.356047016040604625e-01 5.531406463359126446e-01 3.616294947655894210e-01 3.982703686845699004e-03 8.124715521165225274e-02 0.000000000000000000e+00
3.420000000000000000e+02 1.368047432111760831e-01 5.716886663632225751e-01 3.406918525261720676e-01 4.096495220755575623e-03 8.352298588984979899e-02 0.000000000000000000e+00
3.450000000000000000e+02 1.380047848182917036e-01 5.851160673645880994e-01 3.213472917614929592e-01 4.551661356395083832e-03 8.898497951752389057e-02 0.000000000000000000e+00
3.480000000000000000e+02 1.392048264254073242e-01 5.985434683659536237e-01 3.062130177514792995e-01 5.234410559854347014e-03 9.000910332271279402e-02 0.000000000000000000e+00
3.510000000000000000e+02 1.404048680325229448e-01 6.079881656804734247e-01 2.950614474283113076e-01 6.030951297223486815e-03 9.091943559399180697e-02 0.000000000000000000e+00
3.540000000000000000e+02 1.416049096396383433e-01 6.247155211652253293e-01 2.742375967228038447e-01 6.941283568502503235e-03 9.410559854346836617e-02 0.000000000000000000e+00
3.570000000000000000e+02 1.428049512467539639e-01 6.279016841147018191e-01 2.637687756030951403e-01 7.282658170232134826e-03 1.010468821119708677e-01 0.000000000000000000e+00
3.600000000000000000e+02 1.440049928538695845e-01 6.375739644970414011e-01 2.509103322712790130e-01 8.192990441511151245e-03 1.033227127901684139e-01 0.000000000000000000e+00
3.630000000000000000e+02 1.452050344609852051e-01 6.463359126081019701e-01 2.368001820664542567e-01 9.330905780609922637e-03 1.075329995448338627e-01 0.000000000000000000e+00
3.660000000000000000e+02 1.464050760681008256e-01 6.580564406008192480e-01 2.230314064633591165e-01 9.558488848429677609e-03 1.093536640873919025e-01 0.000000000000000000e+00
3.690000000000000000e+02 1.476051176752164462e-01 6.679563040509786109e-01 2.109695038689121394e-01 9.899863450159307465e-03 1.111743286299499284e-01 0.000000000000000000e+00
3.720000000000000000e+02 1.488051592823318448e-01 6.693218024578971859e-01 1.993627674101046965e-01 1.115157032316795548e-02 1.201638598088302229e-01 0.000000000000000000e+00
3.750000000000000000e+02 1.500052008894474653e-01 6.759217114246700575e-01 1.869594902139280757e-01 1.126536185707783383e-02 1.258534365043240677e-01 0.000000000000000000e+00
3.780000000000000000e+02 1.512052424965630859e-01 6.766044606281292895e-01 1.799044151115156975e-01 1.331360946745562164e-02 1.301775147928994070e-01 0.000000000000000000e+00
3.810000000000000000e+02 1.524052841036787065e-01 6.810423304506144637e-01 1.682976786527082269e-01 1.593081474738279601e-02 1.347291761492944995e-01 0.000000000000000000e+00
3.840000000000000000e+02 1.536053257107943271e-01 6.844560764679107345e-01 1.598771051433773294e-01 1.684114701866181243e-02 1.388256713700500578e-01 0.000000000000000000e+00
3.870000000000000000e+02 1.548053673179097256e-01 6.866181156121984319e-01 1.531634046426945950e-01 1.741010468821119553e-02 1.428083750568957533e-01 0.000000000000000000e+00
3.900000000000000000e+02 1.560054089250253462e-01 6.948111060537096595e-01 1.437187073281747940e-01 1.786527082385070547e-02 1.436049157942649035e-01 0.000000000000000000e+00
3.930000000000000000e+02 1.572054505321409668e-01 7.006144742831132977e-01 1.339326354119253493e-01 1.888939462903959851e-02 1.465634956759217233e-01 0.000000000000000000e+00
3.960000000000000000e+02 1.584054921392565873e-01 7.014110150204825311e-01 1.299499317250796537e-01 2.025489303595812488e-02 1.483841602184797492e-01 0.000000000000000000e+00
3.990000000000000000e+02 1.596055337463722079e-01 7.084660901228948537e-01 1.210741920801092358e-01 2.127901684114701791e-02 1.491807009558488717e-01 0.000000000000000000e+00
4.020000000000000000e+02 1.608055753534876064e-01 7.117660446062813451e-01 1.141329085116067343e-01 2.139280837505689453e-02 1.527082385070550885e-01 0.000000000000000000e+00
4.050000000000000000e+02 1.620056169606032270e-01 7.118798361401911245e-01 1.088984979517523960e-01 2.321347291761493084e-02 1.560081929904415243e-01 0.000000000000000000e+00
4.080000000000000000e+02 1.632056585677188476e-01 7.143832498862084934e-01 1.022985889849795244e-01 2.446517979062357712e-02 1.588529813381884259e-01 0.000000000000000000e+00
4.110000000000000000e+02 1.644057001748344682e-01 7.139280837505689314e-01 9.729176149294492537e-02 2.662721893491124328e-02 1.621529358215748617e-01 0.000000000000000000e+00
4.140000000000000000e+02 1.656057417819500888e-01 7.181383705052344357e-01 9.410559854346836617e-02 2.719617660446062984e-02 1.605598543468365891e-01 0.000000000000000000e+00
4.170000000000000000e+02 1.668057833890657093e-01 7.238279472007282944e-01 8.921256258534364381e-02 2.719617660446062984e-02 1.597633136094674666e-01 0.000000000000000000e+00
4.200000000000000000e+02 1.680058249961811079e-01 7.234865725989986229e-01 8.522985889849794827e-02 3.129267182521620200e-02 1.599908966772872199e-01 0.000000000000000000e+00
4.230000000000000000e+02 1.692058666032967285e-01 7.278106508875740177e-01 8.227127901684114231e-02 3.311333636777423484e-02 1.568047337278106468e-01 0.000000000000000000e+00
4.260000000000000000e+02 1.704059082104123490e-01 7.340691852526172179e-01 7.680928538916705073e-02 3.390987710514337811e-02 1.552116522530723741e-01 0.000000000000000000e+00
4.290000000000000000e+02 1.716059498175279696e-01 7.399863450159308575e-01 7.339553937187073829e-02 3.288575329995448160e-02 1.537323623122439642e-01 0.000000000000000000e+00
4.320000000000000000e+02 1.728059914246435902e-01 7.468138370505233992e-01 6.770596267637687959e-02 3.231679563040509851e-02 1.531634046426945950e-01 0.000000000000000000e+00
4.350000000000000000e+02 1.740060330317589887e-01 7.479517523896221931e-01 6.679563040509786664e-02 3.322712790168411146e-02 1.520254893035958010e-01 0.000000000000000000e+00
4.380000000000000000e+02 1.752060746388746093e-01 7.493172507965407680e-01 6.247155211652252738e-02 3.243058716431497512e-02 1.557806099226217433e-01 0.000000000000000000e+00
4.410000000000000000e+02 1.764061162459902299e-01 7.510241238051889034e-01 5.974055530268548159e-02 3.197542102867546865e-02 1.572598998634501533e-01 0.000000000000000000e+00
4.440000000000000000e+02 1.776061578531058505e-01 7.519344560764679164e-01 5.826126536185707860e-02 3.095129722348657214e-02 1.588529813381884259e-01 0.000000000000000000e+00
4.470000000000000000e+02 1.788061994602214710e-01 7.593309057806099105e-01 5.553026854802002588e-02 2.992717341829767910e-02 1.552116522530723741e-01 0.000000000000000000e+00
4.500000000000000000e+02 1.800062410673370916e-01 7.647928994082839882e-01 5.416477014110149951e-02 3.174783796085571541e-02 1.492944924897587622e-01 0.000000000000000000e+00
4.530000000000000000e+02 1.812062826744524902e-01 7.675238962221210270e-01 5.302685480200273332e-02 3.140646335912607862e-02 1.480427856167501055e-01 0.000000000000000000e+00
4.560000000000000000e+02 1.824063242815681107e-01 7.728720983158853253e-01 4.847519344560764776e-02 3.140646335912607862e-02 1.472462448793809831e-01 0.000000000000000000e+00
4.590000000000000000e+02 1.836063658886837313e-01 7.804961310878471004e-01 4.608557123350022489e-02 3.220300409649522189e-02 1.412152935821574806e-01 0.000000000000000000e+00
4.620000000000000000e+02 1.848064074957993519e-01 7.759444697314519246e-01 4.631315430131998506e-02 3.368229403732362487e-02 1.440600819299044100e-01 0.000000000000000000e+00
4.650000000000000000e+02 1.860064491029149725e-01 7.792444242148384159e-01 4.494765589440145870e-02 3.595812471552116418e-02 1.398497951752389612e-01 0.000000000000000000e+00
4.680000000000000000e+02 1.872064907100303710e-01 7.806099226217569909e-01 4.483386436049158208e-02 3.482020937642239106e-02 1.397360036413290985e-01 0.000000000000000000e+00
4.710000000000000000e+02 1.884065323171459916e-01 7.856167501137915066e-01 4.062357760582612637e-02 3.504779244424215123e-02 1.387118798361401950e-01 0.000000000000000000e+00
4.740000000000000000e+02 1.896065739242616122e-01 7.859581247155211781e-01 3.755120619025944378e-02 3.789258079198907364e-02 1.385980883022303045e-01 0.000000000000000000e+00
4.770000000000000000e+02 1.908066155313772327e-01 7.866408739189804100e-01 3.823395539371871044e-02 4.005461993627674328e-02 1.350705507510241155e-01 0.000000000000000000e+00
4.800000000000000000e+02 1.920066571384928533e-01 7.918752844788348177e-01 3.971324533454710648e-02 3.834774692762858705e-02 1.300637232589895442e-01 0.000000000000000000e+00
4.830000000000000000e+02 1.932066987456084739e-01 7.982476103777879084e-01 3.971324533454710648e-02 3.732362312243969055e-02 1.247155211652253015e-01 0.000000000000000000e+00
4.860000000000000000e+02 1.944067403527238724e-01 8.013199817933546187e-01 4.107874374146563284e-02 3.720983158852981393e-02 1.203914428766499761e-01 0.000000000000000000e+00
4.890000000000000000e+02 1.956067819598394930e-01 8.057578516158397930e-01 4.016841147018661989e-02 3.720983158852981393e-02 1.168639053254437871e-01 0.000000000000000000e+00
4.920000000000000000e+02 1.968068235669551136e-01 8.101957214383249672e-01 3.891670459717797015e-02 3.607191624943104080e-02 1.148156577150659940e-01 0.000000000000000000e+00
4.950000000000000000e+02 1.980068651740707342e-01 8.129267182521620061e-01 3.743741465634956717e-02 3.504779244424215123e-02 1.145880746472462408e-01 0.000000000000000000e+00
4.980000000000000000e+02 1.992069067811863547e-01 8.188438780154756458e-01 3.709604005461993731e-02 3.345471096950387163e-02 1.106053709604005453e-01 0.000000000000000000e+00
5.010000000000000000e+02 2.004069483883017533e-01 8.187300864815657553e-01 3.561675011379153433e-02 3.618570778334091742e-02 1.094674556213017791e-01 0.000000000000000000e+00
5.040000000000000000e+02 2.016069899954173739e-01 8.236231224396904915e-01 3.470641784251251444e-02 3.777878925807919702e-02 1.038916704597177970e-01 0.000000000000000000e+00
5.070000000000000000e+02 2.028070316025329944e-01 8.253299954483386269e-01 3.618570778334091742e-02 3.823395539371871044e-02 1.002503413746017313e-01 0.000000000000000000e+00
5.100000000000000000e+02 2.040070732096486150e-01 8.299954483386435822e-01 3.516158397815202785e-02 3.891670459717797015e-02 9.592626308602640595e-02 0.000000000000000000e+00
5.130000000000000000e+02 2.052071148167642356e-01 8.340919435593991960e-01 3.322712790168411146e-02 3.755120619025944378e-02 9.512972234865725574e-02 0.000000000000000000e+00
5.160000000000000000e+02 2.064071564238798562e-01 8.386436049157942607e-01 3.425125170687300796e-02 3.834774692762858705e-02 8.875739644970413733e-02 0.000000000000000000e+00
5.190000000000000000e+02 2.076071980309952547e-01 8.445607646791079004e-01 3.379608557123350149e-02 3.720983158852981393e-02 8.443331816112881194e-02 0.000000000000000000e+00
5.220000000000000000e+02 2.088072396381108753e-01 8.463814292216659263e-01 3.447883477469276120e-02 3.664087391898043083e-02 8.249886208466089554e-02 0.000000000000000000e+00
5.250000000000000000e+02 2.100072812452264959e-01 8.480883022303140617e-01 3.504779244424215123e-02 3.664087391898043083e-02 8.022303140646336317e-02 0.000000000000000000e+00
5.280000000000000000e+02 2.112073228523421164e-01 8.484296768320437332e-01 3.482020937642239106e-02 3.561675011379153433e-02 8.113336367774237612e-02 0.000000000000000000e+00
5.310000000000000000e+02 2.124073644594577370e-01 8.483158852981338427e-01 3.504779244424215123e-02 3.823395539371871044e-02 7.840236686390532339e-02 0.000000000000000000e+00
5.340000000000000000e+02 2.136074060665731356e-01 8.521847974510696755e-01 3.425125170687300796e-02 3.800637232589895026e-02 7.555757851615839404e-02 0.000000000000000000e+00
5.370000000000000000e+02 2.148074476736887561e-01 8.534365043240782489e-01 3.277196176604460498e-02 3.743741465634956717e-02 7.635411925352754425e-02 0.000000000000000000e+00
5.400000000000000000e+02 2.160074892808043767e-01 8.544606281292671524e-01 3.140646335912607862e-02 3.800637232589895026e-02 7.612653618570777714e-02 0.000000000000000000e+00
5.430000000000000000e+02 2.172075308879199973e-01 8.615157032316795860e-01 2.981338188438780248e-02 3.664087391898043083e-02 7.203004096495220498e-02 0.000000000000000000e+00
5.460000000000000000e+02 2.184075724950356179e-01 8.624260355029585989e-01 2.947200728265816916e-02 3.812016385980882688e-02 6.998179335457442585e-02 0.000000000000000000e+00
5.490000000000000000e+02 2.196076141021512385e-01 8.694811106053709215e-01 2.969959035047792587e-02 3.789258079198907364e-02 6.292671825216203385e-02 0.000000000000000000e+00
5.520000000000000000e+02 2.208076557092666370e-01 8.728948566226673034e-01 2.924442421483841592e-02 3.959945380063722986e-02 5.826126536185707860e-02 0.000000000000000000e+00
5.550000000000000000e+02 2.220076973163822576e-01 8.784706417842512716e-01 2.890304961310878606e-02 3.857532999544834029e-02 5.405097860719162289e-02 0.000000000000000000e+00
5.580000000000000000e+02 2.232077389234978781e-01 8.790395994538006130e-01 2.742375967228038308e-02 3.732362312243969055e-02 5.609922621756941591e-02 1.137915339098771066e-04
5.610000000000000000e+02 2.244077805306134987e-01 8.790395994538006130e-01 2.765134274010013632e-02 3.868912152935821691e-02 5.450614474283113631e-02 1.137915339098771066e-04
5.640000000000000000e+02 2.256078221377291193e-01 8.865498406918524976e-01 2.628584433318160996e-02 3.709604005461993731e-02 4.995448338643605074e-02 1.137915339098771066e-04
5.670000000000000000e+02 2.268078637448445178e-01 8.857532999544833752e-01 2.651342740100136666e-02 3.834774692762858705e-02 4.938552571688666071e-02 0.000000000000000000e+00
5.700000000000000000e+02 2.280079053519601384e-01 8.885980883022303045e-01 2.560309512972235024e-02 3.857532999544834029e-02 4.722348657259899801e-02 0.000000000000000000e+00
5.730000000000000000e+02 2.292079469590757590e-01 8.890532544378698665e-01 2.639963586709149004e-02 3.766499772416932040e-02 4.688211197086936816e-02 0.000000000000000000e+00
5.760000000000000000e+02 2.304079885661913796e-01 8.888256713700500855e-01 2.708238507055074976e-02 3.743741465634956717e-02 4.665452890304961492e-02 0.000000000000000000e+00
5.790000000000000000e+02 2.316080301733070002e-01 8.892808375056895365e-01 2.662721893491124328e-02 3.664087391898043083e-02 4.745106964041875125e-02 0.000000000000000000e+00
5.820000000000000000e+02 2.328080717804226207e-01 8.922394173873463563e-01 2.651342740100136666e-02 3.550295857988165771e-02 4.574419663177059503e-02 0.000000000000000000e+00
5.850000000000000000e+02 2.340081133875380193e-01 8.932635411925352598e-01 2.537551206190259354e-02 3.664087391898043083e-02 4.472007282658170546e-02 0.000000000000000000e+00
5.880000000000000000e+02 2.352081549946536398e-01 8.992944924897587899e-01 2.492034592626308706e-02 3.550295857988165771e-02 4.028220300409649651e-02 0.000000000000000000e+00
5.910000000000000000e+02 2.364081966017692604e-01 8.994082840236686804e-01 2.321347291761493084e-02 3.482020937642239106e-02 4.255803368229403583e-02 0.000000000000000000e+00
5.940000000000000000e+02 2.376082382088848810e-01 9.003186162949476934e-01 2.355484751934456070e-02 3.436504324078288458e-02 4.176149294492489950e-02 0.000000000000000000e+00
5.970000000000000000e+02 2.388082798160005016e-01 8.975876194811106545e-01 2.492034592626308706e-02 3.607191624943104080e-02 4.142011834319526964e-02 0.000000000000000000e+00
6.000000000000000000e+02 2.400083214231159001e-01 9.015703231679562668e-01 2.366863905325443732e-02 3.493400091033227461e-02 3.982703686845699004e-02 0.000000000000000000e+00
6.030000000000000000e+02 2.412083630302315207e-01 9.021392808375057193e-01 2.423759672280382388e-02 3.527537551206190447e-02 3.834774692762858705e-02 0.000000000000000000e+00
6.060000000000000000e+02 2.424084046373471413e-01 9.005461993627673634e-01 2.548930359581247015e-02 3.675466545289030745e-02 3.720983158852981393e-02 0.000000000000000000e+00
6.090000000000000000e+02 2.436084462444627619e-01 9.023668639053253893e-01 2.423759672280382388e-02 3.561675011379153433e-02 3.777878925807919702e-02 0.000000000000000000e+00
6.120000000000000000e+02 2.448084878515783824e-01 9.029358215748748417e-01 2.355484751934456070e-02 3.607191624943104080e-02 3.743741465634956717e-02 0.000000000000000000e+00
6.150000000000000000e+02 2.460085294586940030e-01 9.048702776513427581e-01 2.423759672280382388e-02 3.516158397815202785e-02 3.573054164770141095e-02 0.000000000000000000e+00
6.180000000000000000e+02 2.472085710658094015e-01 9.045289030496130867e-01 2.526172052799271692e-02 3.607191624943104080e-02 3.413746017296313134e-02 0.000000000000000000e+00
6.210000000000000000e+02 2.484086126729250221e-01 9.049840691852526486e-01 2.628584433318160996e-02 3.447883477469276120e-02 3.425125170687300796e-02 0.000000000000000000e+00
6.240000000000000000e+02 2.496086542800406427e-01 9.080564406008192480e-01 2.696859353664087314e-02 3.231679563040509851e-02 3.265817023213472836e-02 0.000000000000000000e+00
6.270000000000000000e+02 2.508086958871562633e-01 9.103322712790168358e-01 2.617205279927173334e-02 3.299954483386435822e-02 3.049613108784706567e-02 0.000000000000000000e+00
6.300000000000000000e+02 2.520087374942718839e-01 9.103322712790168358e-01 2.457897132453345374e-02 3.368229403732362487e-02 3.140646335912607862e-02 0.000000000000000000e+00
6.330000000000000000e+02 2.532087791013872824e-01 9.107874374146563978e-01 2.423759672280382388e-02 3.174783796085571541e-02 3.322712790168411146e-02 0.000000000000000000e+00
6.360000000000000000e+02 2.544088207085029030e-01 9.137460172963131066e-01 2.264451524806554428e-02 3.265817023213472836e-02 3.095129722348657214e-02 0.000000000000000000e+00
6.390000000000000000e+02 2.556088623156185236e-01 9.165908056440600360e-01 2.253072371415566766e-02 3.334091943559399501e-02 2.753755120619025970e-02 0.000000000000000000e+00
6.420000000000000000e+02 2.568089039227341441e-01 9.188666363222576239e-01 2.196176604460628110e-02 3.311333636777423484e-02 2.594446973145198010e-02 1.137915339098771066e-04
6.450000000000000000e+02 2.580089455298497647e-01 9.180700955848885014e-01 2.127901684114701791e-02 3.379608557123350149e-02 2.685480200273099652e-02 0.000000000000000000e+00
6.480000000000000000e+02 2.592089871369651632e-01 9.190942193900774049e-01 2.196176604460628110e-02 3.208921256258534527e-02 2.685480200273099652e-02 0.000000000000000000e+00
6.510000000000000000e+02 2.604090287440807838e-01 9.179563040509786109e-01 2.309968138370505075e-02 3.311333636777423484e-02 2.583067819754210348e-02 0.000000000000000000e+00
6.540000000000000000e+02 2.616090703511964044e-01 9.194355939918069653e-01 2.264451524806554428e-02 3.243058716431497512e-02 2.548930359581247015e-02 0.000000000000000000e+00
6.570000000000000000e+02 2.628091119583120250e-01 9.201183431952663083e-01 2.230314064633591095e-02 3.163404642694583185e-02 2.594446973145198010e-02 0.000000000000000000e+00
6.600000000000000000e+02 2.640091535654276456e-01 9.235320892125625791e-01 2.116522530723714129e-02 3.083750568957669552e-02 2.446517979062357712e-02 0.000000000000000000e+00
6.630000000000000000e+02 2.652091951725432661e-01 9.230769230769231282e-01 2.127901684114701791e-02 3.174783796085571541e-02 2.389622212107419055e-02 0.000000000000000000e+00
6.660000000000000000e+02 2.664092367796586647e-01 9.226217569412835662e-01 2.230314064633591095e-02 3.083750568957669552e-02 2.423759672280382388e-02 0.000000000000000000e+00
6.690000000000000000e+02 2.676092783867742853e-01 9.234182976786526886e-01 2.309968138370505075e-02 3.163404642694583185e-02 2.184797451069640448e-02 0.000000000000000000e+00
6.720000000000000000e+02 2.688093199938899058e-01 9.233045061447427981e-01 2.401001365498407064e-02 3.140646335912607862e-02 2.127901684114701791e-02 0.000000000000000000e+00
6.750000000000000000e+02 2.700093616010055264e-01 9.241010468821119206e-01 2.389622212107419055e-02 3.015475648611743234e-02 2.184797451069640448e-02 0.000000000000000000e+00
6.780000000000000000e+02 2.712094032081211470e-01 9.258079198907601670e-01 2.241693218024579104e-02 3.072371415566681890e-02 2.105143377332726468e-02 0.000000000000000000e+00
6.810000000000000000e+02 2.724094448152365455e-01 9.251251706873008240e-01 2.253072371415566766e-02 3.117888029130632538e-02 2.105143377332726468e-02 1.137915339098771066e-04
