# itime ezz other fcc hcp bcc ico
0.000000000000000000e+00 0.000000000000000000e+00 2.275830678197541916e-03 9.977241693218024121e-01 0.000000000000000000e+00 0.000000000000000000e+00 0.000000000000000000e+00
2.500000000000000000e+01 1.000031134708256886e-03 4.551661356395084266e-04 9.995448338643604380e-01 0.000000000000000000e+00 0.000000000000000000e+00 0.000000000000000000e+00
5.000000000000000000e+01 2.000062269416291727e-03 4.551661356395084266e-04 9.995448338643604380e-01 0.000000000000000000e+00 0.000000000000000000e+00 0.000000000000000000e+00
7.500000000000000000e+01 3.000093404124548613e-03 1.251706873008648227e-03 9.987482931269913156e-01 0.000000000000000000e+00 0.000000000000000000e+00 0.000000000000000000e+00
1.000000000000000000e+02 4.000124538832583454e-03 2.730996813837050560e-03 9.972690031861629611e-01 0.000000000000000000e+00 0.000000000000000000e+00 0.000000000000000000e+00
1.250000000000000000e+02 5.000155673540840340e-03 2.389622212107419402e-03 9.976103777878926326e-01 0.000000000000000000e+00 0.000000000000000000e+00 0.000000000000000000e+00
1.500000000000000000e+02 6.000186808248875181e-03 1.024123805188893906e-03 9.989758761948110966e-01 0.000000000000000000e+00 0.000000000000000000e+00 0.000000000000000000e+00
1.750000000000000000e+02 7.000217942957132067e-03 3.413746017296313199e-04 9.996586253982703285e-01 0.000000000000000000e+00 0.000000000000000000e+00 0.000000000000000000e+00
2.000000000000000000e+02 8.000249077665388953e-03 1.137915339098770958e-03 9.988620846609012061e-01 0.000000000000000000e+00 0.000000000000000000e+00 0.000000000000000000e+00
2.250000000000000000e+02 9.000280212373423794e-03 1.024123805188893906e-03 9.989758761948110966e-01 0.000000000000000000e+00 0.000000000000000000e+00 0.000000000000000000e+00
2.500000000000000000e+02 1.000031134708168068e-02 1.024123805188893906e-03 9.989758761948110966e-01 0.000000000000000000e+00 0.000000000000000000e+00 0.000000000000000000e+00
2.750000000000000000e+02 1.100034248178971552e-02 7.965407373691396923e-04 9.992034592626308775e-01 0.000000000000000000e+00 0.000000000000000000e+00 0.000000000000000000e+00
3.000000000000000000e+02 1.200037361649797241e-02 7.965407373691396923e-04 9.990896677287209870e-01 0.000000000000000000e+00 1.137915339098771066e-04 0.000000000000000000e+00
3.250000000000000000e+02 1.300040475120600725e-02 7.965407373691396923e-04 9.992034592626308775e-01 0.000000000000000000e+00 0.000000000000000000e+00 0.000000000000000000e+00
3.500000000000000000e+02 1.400043588591426413e-02 9.103322712790168532e-04 9.990896677287209870e-01 0.000000000000000000e+00 0.000000000000000000e+00 0.000000000000000000e+00
3.750000000000000000e+02 1.500046702062229897e-02 9.103322712790168532e-04 9.990896677287209870e-01 0.000000000000000000e+00 0.000000000000000000e+00 0.000000000000000000e+00
4.000000000000000000e+02 1.600049815533055586e-02 2.162039144287664864e-03 9.977241693218024121e-01 0.000000000000000000e+00 1.137915339098771066e-04 0.000000000000000000e+00
4.250000000000000000e+02 1.700052929003881275e-02 2.048247610377787811e-03 9.978379608557123026e-01 0.000000000000000000e+00 1.137915339098771066e-04 0.000000000000000000e+00
4.500000000000000000e+02 1.800056042474684759e-02 3.186162949476558769e-03 9.968138370505233992e-01 0.000000000000000000e+00 0.000000000000000000e+00 0.000000000000000000e+00
4.750000000000000000e+02 1.900059155945510447e-02 1.365498406918525280e-03 9.986345015930814251e-01 0.000000000000000000e+00 0.000000000000000000e+00 0.000000000000000000e+00
5.000000000000000000e+02 2.000062269416313931e-02 1.593081474738279385e-03 9.984069185252617551e-01 0.000000000000000000e+00 0.000000000000000000e+00 0.000000000000000000e+00
5.250000000000000000e+02 2.100065382887139620e-02 2.389622212107419402e-03 9.976103777878926326e-01 0.000000000000000000e+00 0.000000000000000000e+00 0.000000000000000000e+00
5.500000000000000000e+02 2.200068496357943104e-02 2.617205279927173507e-03 9.972690031861629611e-01 0.000000000000000000e+00 1.137915339098771066e-04 0.000000000000000000e+00
5.750000000000000000e+02 2.300071609828768793e-02 1.137915339098770958e-03 9.988620846609012061e-01 0.000000000000000000e+00 0.000000000000000000e+00 0.000000000000000000e+00
6.000000000000000000e+02 2.400074723299594481e-02 1.593081474738279385e-03 9.984069185252617551e-01 0.000000000000000000e+00 0.000000000000000000e+00 0.000000000000000000e+00
6.250000000000000000e+02 2.500077836770397965e-02 3.755120619025944465e-03 9.962448793809740577e-01 0.000000000000000000e+00 0.000000000000000000e+00 0.000000000000000000e+00
6.500000000000000000e+02 2.600080950241223654e-02 1.706873008648156654e-03 9.982931269913518646e-01 0.000000000000000000e+00 0.000000000000000000e+00 0.000000000000000000e+00
6.750000000000000000e+02 2.700084063712027138e-02 2.958579881656804664e-03 9.970414201183431802e-01 0.000000000000000000e+00 0.000000000000000000e+00 0.000000000000000000e+00
7.000000000000000000e+02 2.800087177182852827e-02 3.755120619025944465e-03 9.962448793809740577e-01 0.000000000000000000e+00 0.000000000000000000e+00 0.000000000000000000e+00
7.250000000000000000e+02 2.900090290653656311e-02 2.958579881656804664e-03 9.968138370505233992e-01 0.000000000000000000e+00 2.275830678197542133e-04 0.000000000000000000e+00
7.500000000000000000e+02 3.000093404124481999e-02 5.006827492034592909e-03 9.949931725079653733e-01 0.000000000000000000e+00 0.000000000000000000e+00 0.000000000000000000e+00
7.750000000000000000e+02 3.100096517595307688e-02 4.893035958124715423e-03 9.948793809740554828e-01 0.000000000000000000e+00 2.275830678197542133e-04 0.000000000000000000e+00
8.000000000000000000e+02 3.200099631066111172e-02 4.437869822485207214e-03 9.953345471096950448e-01 0.000000000000000000e+00 2.275830678197542133e-04 0.000000000000000000e+00
8.250000000000000000e+02 3.300102744536936861e-02 5.917159763313609329e-03 9.936276741010469093e-01 0.000000000000000000e+00 4.551661356395084266e-04 0.000000000000000000e+00
8.500000000000000000e+02 3.400105858007740345e-02 4.779244424214838804e-03 9.951069640418752638e-01 0.000000000000000000e+00 1.137915339098771066e-04 0.000000000000000000e+00
8.750000000000000000e+02 3.500108971478566033e-02 5.689576695493855224e-03 9.943104233045061413e-01 0.000000000000000000e+00 0.000000000000000000e+00 0.000000000000000000e+00
9.000000000000000000e+02 3.600112084949369518e-02 5.120619025944469528e-03 9.947655894401457033e-01 0.000000000000000000e+00 1.137915339098771066e-04 0.000000000000000000e+00
9.250000000000000000e+02 3.700115198420195206e-02 8.875739644970414427e-03 9.908966772872098705e-01 0.000000000000000000e+00 2.275830678197542133e-04 0.000000000000000000e+00
9.500000000000000000e+02 3.800118311890998690e-02 7.396449704142011444e-03 9.926035502958580059e-01 0.000000000000000000e+00 0.000000000000000000e+00 0.000000000000000000e+00
9.750000000000000000e+02 3.900121425361824379e-02 1.012744651797906244e-02 9.896449704142011861e-01 0.000000000000000000e+00 2.275830678197542133e-04 0.000000000000000000e+00
1.000000000000000000e+03 4.000124538832650067e-02 4.779244424214838804e-03 9.951069640418752638e-01 0.000000000000000000e+00 1.137915339098771066e-04 0.000000000000000000e+00
1.025000000000000000e+03 4.100127652303453551e-02 7.282658170232134826e-03 9.920345926263085534e-01 0.000000000000000000e+00 6.827492034592626399e-04 0.000000000000000000e+00
1.050000000000000000e+03 4.200130765774279240e-02 1.149294492489758707e-02 9.881656804733728316e-01 0.000000000000000000e+00 3.413746017296313199e-04 0.000000000000000000e+00
1.075000000000000000e+03 4.300133879245082724e-02 8.192990441511151245e-03 9.915794264906691025e-01 0.000000000000000000e+00 2.275830678197542133e-04 0.000000000000000000e+00
1.100000000000000000e+03 4.400136992715908413e-02 9.444697314519799256e-03 9.905553026854801990e-01 0.000000000000000000e+00 0.000000000000000000e+00 0.000000000000000000e+00
1.125000000000000000e+03 4.500140106186711897e-02 8.534365043240782836e-03 9.913518434228493215e-01 0.000000000000000000e+00 1.137915339098771066e-04 0.000000000000000000e+00
1.150000000000000000e+03 4.600143219657537585e-02 1.172052799271734204e-02 9.881656804733728316e-01 0.000000000000000000e+00 1.137915339098771066e-04 0.000000000000000000e+00
1.175000000000000000e+03 4.700146333128363274e-02 9.899863450159307465e-03 9.898725534820209671e-01 0.000000000000000000e+00 2.275830678197542133e-04 0.000000000000000000e+00
1.200000000000000000e+03 4.800149446599166758e-02 1.160673645880746542e-02 9.879380974055530507e-01 0.000000000000000000e+00 4.551661356395084266e-04 0.000000000000000000e+00
1.225000000000000000e+03 4.900152560069992447e-02 1.194811106053709528e-02 9.877105143377332697e-01 0.000000000000000000e+00 3.413746017296313199e-04 0.000000000000000000e+00
1.250000000000000000e+03 5.000155673540795931e-02 1.411015020482476144e-02 9.853208921256259023e-01 0.000000000000000000e+00 5.689576695493854790e-04 0.000000000000000000e+00
1.275000000000000000e+03 5.100158787011621619e-02 1.376877560309512985e-02 9.855484751934455723e-01 0.000000000000000000e+00 6.827492034592626399e-04 0.000000000000000000e+00
1.300000000000000000e+03 5.200161900482425104e-02 1.638598088302230249e-02 9.828174783796085334e-01 0.000000000000000000e+00 7.965407373691396923e-04 0.000000000000000000e+00
1.325000000000000000e+03 5.300165013953250792e-02 1.786527082385070547e-02 9.816795630405097395e-01 0.000000000000000000e+00 4.551661356395084266e-04 0.000000000000000000e+00
1.350000000000000000e+03 5.400168127424054276e-02 1.570323167956303931e-02 9.833864360491579859e-01 0.000000000000000000e+00 9.103322712790168532e-04 0.000000000000000000e+00
1.375000000000000000e+03 5.500171240894879965e-02 1.968593536640873831e-02 9.792899408284023721e-01 0.000000000000000000e+00 1.024123805188893906e-03 0.000000000000000000e+00
1.400000000000000000e+03 5.600174354365705653e-02 2.435138825671370050e-02 9.745106964041875264e-01 0.000000000000000000e+00 1.137915339098770958e-03 0.000000000000000000e+00
1.425000000000000000e+03 5.700177467836509138e-02 1.570323167956303931e-02 9.830450614474283144e-01 0.000000000000000000e+00 1.251706873008648227e-03 0.000000000000000000e+00
1.450000000000000000e+03 5.800180581307334826e-02 2.492034592626308706e-02 9.742831133363677454e-01 0.000000000000000000e+00 7.965407373691396923e-04 0.000000000000000000e+00
1.475000000000000000e+03 5.900183694778138310e-02 2.332726445152480746e-02 9.757624032771962108e-01 0.000000000000000000e+00 9.103322712790168532e-04 0.000000000000000000e+00
1.500000000000000000e+03 6.000186808248963999e-02 2.196176604460628110e-02 9.764451524806554428e-01 0.000000000000000000e+00 1.593081474738279385e-03 0.000000000000000000e+00
1.525000000000000000e+03 6.100189921719767483e-02 2.674101046882111990e-02 9.723486572598998290e-01 0.000000000000000000e+00 9.103322712790168532e-04 0.000000000000000000e+00
1.550000000000000000e+03 6.200193035190593172e-02 3.095129722348657214e-02 9.674556213017750927e-01 0.000000000000000000e+00 1.593081474738279385e-03 0.000000000000000000e+00
1.575000000000000000e+03 6.300196148661418860e-02 3.789258079198907364e-02 9.613108784706417831e-01 0.000000000000000000e+00 7.965407373691396923e-04 0.000000000000000000e+00
1.600000000000000000e+03 6.400199262132222344e-02 3.516158397815202785e-02 9.626763768775603580e-01 0.000000000000000000e+00 2.162039144287664864e-03 0.000000000000000000e+00
1.625000000000000000e+03 6.500202375603048033e-02 4.221665908056440597e-02 9.556213017751479244e-01 0.000000000000000000e+00 2.162039144287664864e-03 0.000000000000000000e+00
1.650000000000000000e+03 6.600205489073851517e-02 3.652708238507055422e-02 9.604005461993627701e-01 0.000000000000000000e+00 3.072371415566681717e-03 0.000000000000000000e+00
1.675000000000000000e+03 6.700208602544677206e-02 4.802002730996814128e-02 9.478834774692762588e-01 0.000000000000000000e+00 4.096495220755575623e-03 0.000000000000000000e+00
1.700000000000000000e+03 6.800211716015480690e-02 4.187528447883477611e-02 9.563040509786071564e-01 0.000000000000000000e+00 1.820664542558033706e-03 0.000000000000000000e+00
1.725000000000000000e+03 6.900214829486306378e-02 4.722348657259899801e-02 9.500455166135639562e-01 0.000000000000000000e+00 2.730996813837050560e-03 0.000000000000000000e+00
1.750000000000000000e+03 7.000217942957132067e-02 4.608557123350022489e-02 9.508420573509330787e-01 0.000000000000000000e+00 3.072371415566681717e-03 0.000000000000000000e+00
1.775000000000000000e+03 7.100221056427935551e-02 6.008192990441511144e-02 9.354802002730996380e-01 0.000000000000000000e+00 4.437869822485207214e-03 0.000000000000000000e+00
1.800000000000000000e+03 7.200224169898761239e-02 5.359581247155211642e-02 9.420801092398725096e-01 0.000000000000000000e+00 4.324078288575329727e-03 0.000000000000000000e+00
1.825000000000000000e+03 7.300227283369564724e-02 5.826126536185707860e-02 9.379836140191170069e-01 0.000000000000000000e+00 3.755120619025944465e-03 0.000000000000000000e+00
1.850000000000000000e+03 7.400230396840390412e-02 6.497496586253982687e-02 9.300182066454255603e-01 0.000000000000000000e+00 5.006827492034592909e-03 0.000000000000000000e+00
1.875000000000000000e+03 7.500233510311193896e-02 6.713700500682749650e-02 9.276285844333181929e-01 0.000000000000000000e+00 5.234410559854347014e-03 0.000000000000000000e+00
1.900000000000000000e+03 7.600236623782019585e-02 7.703686845698680397e-02 9.182976786527082824e-01 0.000000000000000000e+00 4.665452890304961318e-03 0.000000000000000000e+00
1.925000000000000000e+03 7.700239737252823069e-02 7.749203459262631044e-02 9.149977241693217911e-01 0.000000000000000000e+00 7.510241238051888930e-03 0.000000000000000000e+00
1.950000000000000000e+03 7.800242850723648758e-02 8.989531178880291740e-02 9.011151570323168158e-01 0.000000000000000000e+00 8.989531178880291046e-03 0.000000000000000000e+00
1.975000000000000000e+03 7.900245964194474446e-02 1.002503413746017313e-01 8.905325443786982209e-01 0.000000000000000000e+00 9.217114246700046018e-03 0.000000000000000000e+00
2.000000000000000000e+03 8.000249077665277930e-02 8.591260810195720798e-02 9.040737369139736357e-01 0.000000000000000000e+00 1.001365498406918582e-02 0.000000000000000000e+00
2.025000000000000000e+03 8.100252191136103619e-02 1.106053709604005453e-01 8.780154756486117096e-01 0.000000000000000000e+00 1.137915339098771045e-02 0.000000000000000000e+00
2.050000000000000000e+03 8.200255304606907103e-02 1.197086936731907164e-01 8.650432407828857473e-01 0.000000000000000000e+00 1.524806554392353283e-02 0.000000000000000000e+00
2.075000000000000000e+03 8.300258418077732792e-02 1.109467455621301751e-01 8.752844788347746707e-01 0.000000000000000000e+00 1.376877560309512985e-02 0.000000000000000000e+00
2.100000000000000000e+03 8.400261531548536276e-02 1.260810195721438209e-01 8.570778334091943007e-01 0.000000000000000000e+00 1.684114701866181243e-02 0.000000000000000000e+00
2.125000000000000000e+03 8.500264645019361964e-02 1.382567137005006885e-01 8.414883932635411901e-01 0.000000000000000000e+00 2.025489303595812488e-02 0.000000000000000000e+00
2.150000000000000000e+03 8.600267758490187653e-02 1.536185707783341015e-01 8.220300409649522466e-01 0.000000000000000000e+00 2.435138825671370050e-02 0.000000000000000000e+00
2.175000000000000000e+03 8.700270871960991137e-02 1.577150659990896597e-01 8.122439690487027741e-01 1.137915339098771066e-04 2.992717341829767910e-02 0.000000000000000000e+00
2.200000000000000000e+03 8.800273985431816826e-02 1.807009558488848477e-01 7.878925807919890945e-01 0.000000000000000000e+00 3.140646335912607862e-02 0.000000000000000000e+00
2.225000000000000000e+03 8.900277098902620310e-02 1.741010468821119761e-01 7.895994538006372299e-01 1.137915339098771066e-04 3.618570778334091742e-02 0.000000000000000000e+00
2.250000000000000000e+03 9.000280212373445998e-02 1.857077833409194467e-01 7.777651342740100615e-01 6.827492034592626399e-04 3.584433318161128756e-02 0.000000000000000000e+00
2.275000000000000000e+03 9.100283325844249482e-02 2.014110150204824756e-01 7.525034137460172579e-01 1.251706873008648227e-03 4.483386436049158208e-02 0.000000000000000000e+00
2.300000000000000000e+03 9.200286439315075171e-02 2.122212107419207960e-01 7.270141101502047842e-01 1.024123805188893906e-03 5.974055530268548159e-02 0.000000000000000000e+00
2.325000000000000000e+03 9.300289552785900860e-02 2.248520710059171701e-01 6.994765589440146147e-01 6.827492034592626399e-04 7.498862084660901095e-02 0.000000000000000000e+00
2.350000000000000000e+03 9.400292666256704344e-02 2.313381884387801513e-01 6.792216659080564378e-01 7.965407373691396923e-04 8.864360491579426071e-02 0.000000000000000000e+00
2.375000000000000000e+03 9.500295779727530032e-02 2.568274920345926526e-01 6.412152935821574529e-01 5.689576695493854790e-04 1.013882567137004975e-01 0.000000000000000000e+00
2.400000000000000000e+03 9.600298893198333516e-02 2.748065543923531862e-01 5.949021392808374609e-01 9.103322712790168532e-04 1.293809740555302568e-01 0.000000000000000000e+00
2.425000000000000000e+03 9.700302006669159205e-02 3.065543923532089154e-01 5.409649522075558048e-01 1.479289940828402332e-03 1.510013654984069253e-01 0.000000000000000000e+00
2.450000000000000000e+03 9.800305120139962689e-02 3.038233955393718766e-01 5.196859353664087244e-01 3.755120619025944465e-03 1.727355484751934567e-01 0.000000000000000000e+00
2.475000000000000000e+03 9.900308233610788378e-02 3.119025944469731582e-01 4.825898953117888079e-01 5.120619025944469528e-03 2.003868912152935722e-01 0.000000000000000000e+00
2.500000000000000000e+03 1.000031134708159186e-01 3.235093309057806010e-01 4.444697314519799880e-01 6.599908966772872511e-03 2.254210286754665393e-01 0.000000000000000000e+00
2.525000000000000000e+03 1.010031446055241755e-01 3.367091488393263443e-01 4.120391442876649712e-01 9.217114246700046018e-03 2.420345926263086089e-01 0.000000000000000000e+00
2.550000000000000000e+03 1.020031757402324324e-01 3.458124715521165293e-01 3.809740555302685294e-01 1.092398725534820224e-02 2.622894856622667303e-01 0.000000000000000000e+00
2.575000000000000000e+03 1.030032068749404672e-01 3.510468821119708815e-01 3.555985434683659463e-01 1.285844333181611343e-02 2.804961310878470448e-01 0.000000000000000000e+00
2.600000000000000000e+03 1.040032380096487241e-01 3.420573509330905870e-01 3.463814292216659263e-01 1.308602639963586667e-02 2.984751934456076339e-01 0.000000000000000000e+00
2.625000000000000000e+03 1.050032691443567590e-01 3.560537096040054528e-01 3.180473372781065233e-01 1.570323167956303931e-02 3.101957214383249672e-01 0.000000000000000000e+00
2.650000000000000000e+03 1.060033002790650158e-01 3.560537096040054528e-01 2.967683204369594985e-01 1.752389622212107562e-02 3.296540737369139662e-01 0.000000000000000000e+00
2.675000000000000000e+03 1.070033314137730507e-01 3.609467455621301890e-01 2.964269458352298825e-01 2.366863905325443732e-02 3.189576695493855363e-01 0.000000000000000000e+00
2.700000000000000000e+03 1.080033625484813076e-01 3.690259444697314706e-01 2.804961310878470448e-01 2.332726445152480746e-02 3.271506599908966528e-01 0.000000000000000000e+00
2.725000000000000000e+03 1.090033936831895645e-01 3.779016841147018746e-01 2.619481110605371144e-01 2.514792899408284030e-02 3.350022758306782089e-01 0.000000000000000000e+00
2.750000000000000000e+03 1.100034248178975993e-01 3.718707328174783999e-01 2.622894856622667303e-01 2.810650887573964626e-02 3.377332726445152478e-01 0.000000000000000000e+00
2.775000000000000000e+03 1.110034559526058562e-01 3.870050068274920596e-01 2.521620391442876419e-01 3.015475648611743234e-02 3.306781975421028696e-01 0.000000000000000000e+00
2.800000000000000000e+03 1.120034870873138910e-01 3.904187528447883304e-01 2.446517979062357850e-01 3.482020937642239106e-02 3.301092398725534727e-01 0.000000000000000000e+00
2.825000000000000000e+03 1.130035182220221479e-01 3.852981338188438687e-01 2.428311333636777314e-01 4.198907601274465273e-02 3.298816568047337472e-01 0.000000000000000000e+00
2.850000000000000000e+03 1.140035493567301828e-01 3.911015020482476179e-01 2.378243058716431602e-01 4.415111515703231543e-02 3.269230769230769273e-01 0.000000000000000000e+00
2.875000000000000000e+03 1.150035804914384396e-01 3.862084660901228816e-01 2.389622212107419263e-01 4.563040509786071841e-02 3.291989076012744597e-01 0.000000000000000000e+00
2.900000000000000000e+03 1.160036116261464745e-01 3.888256713700500855e-01 2.360036413290851065e-01 4.688211197086936816e-02 3.282885753299954468e-01 0.000000000000000000e+00
2.925000000000000000e+03 1.170036427608547314e-01 4.081702321347291940e-01 2.271279016841147025e-01 5.291306326809285671e-02 3.117888029130632677e-01 0.000000000000000000e+00
2.950000000000000000e+03 1.180036738955629882e-01 4.038461538461538547e-01 2.205279927173418308e-01 5.689576695493855224e-02 3.187300864815657553e-01 0.000000000000000000e+00
2.975000000000000000e+03 1.190037050302710231e-01 4.105598543468366168e-01 2.157487482931269851e-01 6.099226217569413133e-02 3.126991351843422806e-01 0.000000000000000000e+00
3.000000000000000000e+03 1.200037361649792800e-01 4.143149749658625591e-01 2.146108329540282189e-01 5.848884842967683184e-02 3.125853436504323901e-01 0.000000000000000000e+00
3.025000000000000000e+03 1.210037672996873148e-01 4.069185252617205095e-01 2.173418297678652578e-01 5.996813837050523482e-02 3.157715065999089910e-01 0.000000000000000000e+00
3.050000000000000000e+03 1.220037984343955717e-01 4.104460628129267263e-01 2.058488848429676776e-01 6.338188438780155420e-02 3.203231679563040557e-01 0.000000000000000000e+00
3.075000000000000000e+03 1.230038295691036065e-01 4.049840691852525931e-01 2.000455166135639562e-01 6.463359126081019701e-02 3.303368229403732537e-01 0.000000000000000000e+00
3.100000000000000000e+03 1.240038607038118634e-01 4.256941283568502765e-01 1.960628129267182607e-01 6.713700500682749650e-02 3.111060537096039802e-01 0.000000000000000000e+00
3.125000000000000000e+03 1.250038918385201203e-01 4.256941283568502765e-01 1.849112426035502965e-01 6.679563040509786664e-02 3.225989986345015881e-01 0.000000000000000000e+00
3.150000000000000000e+03 1.260039229732281552e-01 4.279699590350478089e-01 1.835457441966317771e-01 6.998179335457442585e-02 3.185025034137460298e-01 0.000000000000000000e+00
3.175000000000000000e+03 1.270039541079364120e-01 4.312699135184342447e-01 1.793354574419663283e-01 7.111970869367319203e-02 3.182749203459262488e-01 0.000000000000000000e+00
3.200000000000000000e+03 1.280039852426444469e-01 4.322940373236231482e-01 1.781975421028675344e-01 7.521620391442876419e-02 3.142922166590805810e-01 0.000000000000000000e+00
3.225000000000000000e+03 1.290040163773527038e-01 4.383249886208466228e-01 1.745562130177514826e-01 7.965407373691398007e-02 3.074647246244879284e-01 0.000000000000000000e+00
3.250000000000000000e+03 1.300040475120607386e-01 4.294492489758762188e-01 1.711424670004551563e-01 8.147473827947200598e-02 3.179335457441966328e-01 0.000000000000000000e+00
3.275000000000000000e+03 1.310040786467689955e-01 4.434456076467910846e-01 1.588529813381884259e-01 7.942649066909421296e-02 3.182749203459262488e-01 0.000000000000000000e+00
3.300000000000000000e+03 1.320041097814772524e-01 4.320664542558033672e-01 1.593081474738279601e-01 8.750568957669549452e-02 3.211197086936731782e-01 0.000000000000000000e+00
3.325000000000000000e+03 1.330041409161852872e-01 4.550523441055985274e-01 1.578288575329995502e-01 8.921256258534364381e-02 2.979062357760582369e-01 0.000000000000000000e+00
3.350000000000000000e+03 1.340041720508935441e-01 4.516385980883022566e-01 1.576012744651797970e-01 9.592626308602640595e-02 2.948338643604915821e-01 0.000000000000000000e+00
3.375000000000000000e+03 1.350042031856015790e-01 4.613108784706417831e-01 1.495220755575785154e-01 9.604005461993628257e-02 2.931269913518434467e-01 0.000000000000000000e+00
3.400000000000000000e+03 1.360042343203098358e-01 4.721210741920801035e-01 1.409877105143377274e-01 9.979517523896222486e-02 2.870960400546199165e-01 0.000000000000000000e+00
3.425000000000000000e+03 1.370042654550178707e-01 4.773554847519344557e-01 1.448566226672735602e-01 1.090122894856622726e-01 2.687756030951297115e-01 0.000000000000000000e+00
3.450000000000000000e+03 1.380042965897261276e-01 4.919208010923987184e-01 1.354119253527537592e-01 1.127674101046882149e-01 2.598998634501593075e-01 0.000000000000000000e+00
3.475000000000000000e+03 1.390043277244341624e-01 4.928311333636777314e-01 1.338188438780154865e-01 1.203914428766499761e-01 2.529585798816568198e-01 0.000000000000000000e+00
3.500000000000000000e+03 1.400043588591424193e-01 4.734865725989986229e-01 1.374601729631315383e-01 1.247155211652253015e-01 2.643377332726445372e-01 0.000000000000000000e+00
3.525000000000000000e+03 1.410043899938506762e-01 4.865725989986344757e-01 1.289258079198907503e-01 1.222121074192080159e-01 2.622894856622667303e-01 0.000000000000000000e+00
3.550000000000000000e+03 1.420044211285587110e-01 4.914656349567592120e-01 1.253982703686845612e-01 1.257396449704142050e-01 2.573964497041419941e-01 0.000000000000000000e+00
3.575000000000000000e+03 1.430044522632669679e-01 5.100136549840691425e-01 1.094674556213017791e-01 1.327947200728265831e-01 2.477241693218024676e-01 0.000000000000000000e+00
3.600000000000000000e+03 1.440044833979750027e-01 4.971552116522530707e-01 1.126536185707783383e-01 1.329085116067364458e-01 2.572826581702321591e-01 0.000000000000000000e+00
3.625000000000000000e+03 1.450045145326832596e-01 5.085343650432407880e-01 1.106053709604005453e-01 1.356395084205735124e-01 2.452207555757851543e-01 0.000000000000000000e+00
3.650000000000000000e+03 1.460045456673912945e-01 5.070550751024124336e-01 1.081019572143832458e-01 1.366636322257624159e-01 2.481793354574419741e-01 0.000000000000000000e+00
3.675000000000000000e+03 1.470045768020995514e-01 5.281065088757396220e-01 1.000227583067819781e-01 1.349567592171142527e-01 2.369139736003641195e-01 0.000000000000000000e+00
3.700000000000000000e+03 1.480046079368078082e-01 5.191169776968593830e-01 9.934000910332271839e-02 1.397360036413290985e-01 2.418070095584888557e-01 0.000000000000000000e+00
3.725000000000000000e+03 1.490046390715158431e-01 5.177514792899408080e-01 9.865725989986344480e-02 1.436049157942649035e-01 2.399863450159308020e-01 0.000000000000000000e+00
3.750000000000000000e+03 1.500046702062241000e-01 5.235548475193445572e-01 1.021847974510696339e-01 1.470186618115612298e-01 2.272416932180245652e-01 0.000000000000000000e+00
3.775000000000000000e+03 1.510047013409321348e-01 5.300409649522075384e-01 9.365043240782885969e-02 1.524806554392353075e-01 2.238279472007282667e-01 0.000000000000000000e+00
3.800000000000000000e+03 1.520047324756403917e-01 5.300409649522075384e-01 1.032089212562585373e-01 1.560081929904415243e-01 2.107419208010923861e-01 0.000000000000000000e+00
3.825000000000000000e+03 1.530047636103484265e-01 5.408511606736459143e-01 1.001365498406918547e-01 1.530496131087847045e-01 2.059626763768775681e-01 0.000000000000000000e+00
3.850000000000000000e+03 1.540047947450566834e-01 5.427856167501138307e-01 9.433318161128811941e-02 1.595357305416477134e-01 2.033454710969503920e-01 0.000000000000000000e+00
3.875000000000000000e+03 1.550048258797649403e-01 5.347064178425124936e-01 9.512972234865725574e-02 1.613563950842057393e-01 2.088074647246244975e-01 0.000000000000000000e+00
3.900000000000000000e+03 1.560048570144729752e-01 5.485889849795174689e-01 9.763313609467455523e-02 1.612426035502958488e-01 1.925352753755120716e-01 0.000000000000000000e+00
3.925000000000000000e+03 1.570048881491812320e-01 5.438097405553027341e-01 9.535730541647700897e-02 1.664770141101502010e-01 1.943559399180700975e-01 0.000000000000000000e+00
3.950000000000000000e+03 1.580049192838892669e-01 5.438097405553027341e-01 9.524351388256713236e-02 1.653390987710514348e-01 1.956076467910787542e-01 0.000000000000000000e+00
3.975000000000000000e+03 1.590049504185975238e-01 5.647473827947200320e-01 8.614019116977697510e-02 1.684114701866181174e-01 1.807009558488848477e-01 0.000000000000000000e+00
4.000000000000000000e+03 1.600049815533055586e-01 5.604233045061447482e-01 8.818843878015475424e-02 1.713700500682749095e-01 1.800182066454255880e-01 0.000000000000000000e+00
4.025000000000000000e+03 1.610050126880138155e-01 5.587164314974966128e-01 8.716431497496586467e-02 1.708010923987255403e-01 1.833181611288120239e-01 0.000000000000000000e+00
4.050000000000000000e+03 1.620050438227218503e-01 5.631543013199817871e-01 8.852981338188438409e-02 1.746700045516613453e-01 1.736458807464724696e-01 0.000000000000000000e+00
4.075000000000000000e+03 1.630050749574301072e-01 5.665680473372780579e-01 8.249886208466089554e-02 1.802457897132453413e-01 1.706873008648156498e-01 0.000000000000000000e+00
4.100000000000000000e+03 1.640051060921383641e-01 5.573509330905780379e-01 8.568502503413745475e-02 1.833181611288120239e-01 1.736458807464724696e-01 0.000000000000000000e+00
4.125000000000000000e+03 1.650051372268463989e-01 5.601957214383249672e-01 8.488848429676831842e-02 1.854802002730996935e-01 1.694355939918070209e-01 0.000000000000000000e+00
4.150000000000000000e+03 1.660051683615546558e-01 5.608784706417841992e-01 8.420573509330905870e-02 1.939007737824305910e-01 1.610150204824760956e-01 0.000000000000000000e+00
4.175000000000000000e+03 1.670051994962626907e-01 5.718024578971324656e-01 8.375056895766955223e-02 1.929904415111515781e-01 1.514565316340464318e-01 0.000000000000000000e+00
4.200000000000000000e+03 1.680052306309709476e-01 5.652025489303595940e-01 9.012289485662267063e-02 1.925352753755120716e-01 1.521392808375056915e-01 0.000000000000000000e+00
4.225000000000000000e+03 1.690052617656789824e-01 5.715748748293126846e-01 8.409194355939918208e-02 1.927628584433318248e-01 1.515703231679562946e-01 0.000000000000000000e+00
4.250000000000000000e+03 1.700052929003872393e-01 5.718024578971324656e-01 8.522985889849794827e-02 1.941283568502503443e-01 1.488393263541192557e-01 0.000000000000000000e+00
4.275000000000000000e+03 1.710053240350954962e-01 5.637232589895311285e-01 8.602639963586708460e-02 2.049385525716886647e-01 1.453117888029130667e-01 0.000000000000000000e+00
4.300000000000000000e+03 1.720053551698035310e-01 5.697542102867546587e-01 8.340919435593992237e-02 1.998179335457442030e-01 1.470186618115612298e-01 0.000000000000000000e+00
4.325000000000000000e+03 1.730053863045117879e-01 5.784023668639053373e-01 8.773327264451524776e-02 1.992489758761948060e-01 1.345015930814747462e-01 1.137915339098771066e-04
4.350000000000000000e+03 1.740054174392198227e-01 5.863677742375966728e-01 8.420573509330905870e-02 2.026627218934911323e-01 1.267637687756031084e-01 0.000000000000000000e+00
4.375000000000000000e+03 1.750054485739280796e-01 5.884160218479744797e-01 8.261265361857077216e-02 1.981110605370960398e-01 1.308602639963586667e-01 0.000000000000000000e+00
4.400000000000000000e+03 1.760054797086361145e-01 5.798816568047336917e-01 8.045061447428311641e-02 2.048247610377788019e-01 1.348429676832043622e-01 0.000000000000000000e+00
4.425000000000000000e+03 1.770055108433443714e-01 5.852298588984979899e-01 8.318161128812016913e-02 2.031178880291306388e-01 1.283568502503413811e-01 1.137915339098771066e-04
4.450000000000000000e+03 1.780055419780526282e-01 5.919435593991807520e-01 7.965407373691398007e-02 2.072143832498861971e-01 1.211879836140191125e-01 0.000000000000000000e+00
4.475000000000000000e+03 1.790055731127606631e-01 5.870505234410560158e-01 7.976786527082385669e-02 2.130177514792899462e-01 1.201638598088302229e-01 0.000000000000000000e+00
4.500000000000000000e+03 1.800056042474689200e-01 5.895539371870732737e-01 8.705052344105598805e-02 2.100591715976331264e-01 1.133363677742375980e-01 0.000000000000000000e+00
4.525000000000000000e+03 1.810056353821769548e-01 5.904642694583522866e-01 8.557123350022757813e-02 2.173418297678652578e-01 1.066226672735548497e-01 0.000000000000000000e+00
4.550000000000000000e+03 1.820056665168852117e-01 5.959262630860263643e-01 8.443331816112881194e-02 2.152935821574874786e-01 1.043468365953573035e-01 0.000000000000000000e+00
4.575000000000000000e+03 1.830056976515932465e-01 6.008192990441511006e-01 7.942649066909421296e-02 2.115384615384615363e-01 1.082157487482931224e-01 0.000000000000000000e+00
4.600000000000000000e+03 1.840057287863015034e-01 5.938780154756485574e-01 8.363677742375967561e-02 2.142694583522985752e-01 1.082157487482931224e-01 0.000000000000000000e+00
4.625000000000000000e+03 1.850057599210095383e-01 5.879608557123350288e-01 8.477469276285844180e-02 2.167728720983158885e-01 1.104915794264906687e-01 0.000000000000000000e+00
4.650000000000000000e+03 1.860057910557177951e-01 5.959262630860263643e-01 8.397815202548930547e-02 2.180245789713245452e-01 1.020710059171597572e-01 0.000000000000000000e+00
4.675000000000000000e+03 1.870058221904260520e-01 6.027537551206190169e-01 8.363677742375967561e-02 2.155211652253072319e-01 9.797451069640418508e-02 1.137915339098771066e-04
4.700000000000000000e+03 1.880058533251340869e-01 5.995675921711424161e-01 8.614019116977697510e-02 2.215521165225307343e-01 9.274010013654984674e-02 0.000000000000000000e+00
4.725000000000000000e+03 1.890058844598423438e-01 6.081019572143832042e-01 8.158852981338188259e-02 2.200728265817023244e-01 9.023668639053254725e-02 0.000000000000000000e+00
4.750000000000000000e+03 1.900059155945503786e-01 6.062812926718251783e-01 8.420573509330905870e-02 2.197314519799726806e-01 8.978152025489304078e-02 0.000000000000000000e+00
4.775000000000000000e+03 1.910059467292586355e-01 6.015020482476103325e-01 8.295402822030041590e-02 2.233727810650887602e-01 9.217114246700044977e-02 0.000000000000000000e+00
4.800000000000000000e+03 1.920059778639666703e-01 6.009330905780609910e-01 8.534365043240782489e-02 2.300864815657714946e-01 8.363677742375967561e-02 0.000000000000000000e+00
4.825000000000000000e+03 1.930060089986749272e-01 6.037778789258079204e-01 8.659535730541648157e-02 2.282658170232134687e-01 8.136094674556212936e-02 0.000000000000000000e+00
4.850000000000000000e+03 1.940060401333831841e-01 6.107191624943104635e-01 8.261265361857077216e-02 2.210969503868912278e-01 8.557123350022757813e-02 0.000000000000000000e+00
4.875000000000000000e+03 1.950060712680912189e-01 6.067364588074647402e-01 8.636777423759672834e-02 2.279244424214838527e-01 7.897132453345470648e-02 0.000000000000000000e+00
4.900000000000000000e+03 1.960061024027994758e-01 6.136777423759672834e-01 8.397815202548930547e-02 2.281520254893036059e-01 7.419208010923987462e-02 0.000000000000000000e+00
4.925000000000000000e+03 1.970061335375075107e-01 6.145880746472462963e-01 8.352298588984979899e-02 2.245106964041875264e-01 7.737824305871643382e-02 0.000000000000000000e+00
4.950000000000000000e+03 1.980061646722157676e-01 6.099226217569412301e-01 8.329540282203004575e-02 2.275830678197542090e-01 7.919890760127445972e-02 0.000000000000000000e+00
4.975000000000000000e+03 1.990061958069238024e-01 6.119708693673190369e-01 8.284023668639053928e-02 2.257624032771961831e-01 7.942649066909421296e-02 0.000000000000000000e+00
5.000000000000000000e+03 2.000062269416320593e-01 6.135639508420573929e-01 8.363677742375967561e-02 2.289485662266727284e-01 7.385070550751024476e-02 0.000000000000000000e+00
5.025000000000000000e+03 2.010062580763400941e-01 6.208466090122894965e-01 8.056440600819299303e-02 2.238279472007282667e-01 7.476103777878925771e-02 0.000000000000000000e+00
5.050000000000000000e+03 2.020062892110483510e-01 6.266499772416932457e-01 7.942649066909421296e-02 2.207555757851615841e-01 7.316795630405098505e-02 0.000000000000000000e+00
5.075000000000000000e+03 2.030063203457566079e-01 6.181156121984524576e-01 8.443331816112881194e-02 2.240555302685480199e-01 7.339553937187073829e-02 0.000000000000000000e+00
5.100000000000000000e+03 2.040063514804646427e-01 6.290395994538006130e-01 8.204369594902138907e-02 2.191624943104233114e-01 6.975421028675465873e-02 0.000000000000000000e+00
5.125000000000000000e+03 2.050063826151728996e-01 6.277878925807920396e-01 7.737824305871643382e-02 2.222348657259899940e-01 7.259899863450158808e-02 0.000000000000000000e+00
5.150000000000000000e+03 2.060064137498809345e-01 6.300637232589895165e-01 8.215748748293126569e-02 2.233727810650887602e-01 6.440600819299044377e-02 0.000000000000000000e+00
5.175000000000000000e+03 2.070064448845891913e-01 6.347291761492944717e-01 7.965407373691398007e-02 2.232589895311788697e-01 6.235776058261265076e-02 0.000000000000000000e+00
5.200000000000000000e+03 2.080064760192972262e-01 6.286982248520710526e-01 7.931269913518433634e-02 2.251934456076467861e-01 6.679563040509786664e-02 0.000000000000000000e+00
5.225000000000000000e+03 2.090065071540054831e-01 6.343878015475649113e-01 7.578516158397814728e-02 2.240555302685480199e-01 6.577150659990896320e-02 0.000000000000000000e+00
5.250000000000000000e+03 2.100065382887137400e-01 6.393946290395994270e-01 7.646791078743742087e-02 2.188211197086936677e-01 6.531634046426945672e-02 0.000000000000000000e+00
5.275000000000000000e+03 2.110065694234217748e-01 6.396222121074192080e-01 7.783340919435594030e-02 2.140418752844788219e-01 6.850250341374601593e-02 0.000000000000000000e+00
5.300000000000000000e+03 2.120066005581300317e-01 6.484979517523896675e-01 7.544378698224851743e-02 2.142694583522985752e-01 6.178880291306326766e-02 0.000000000000000000e+00
5.325000000000000000e+03 2.130066316928380665e-01 6.393946290395994270e-01 7.726445152480655720e-02 2.225762403277196100e-01 6.076467910787437116e-02 0.000000000000000000e+00
5.350000000000000000e+03 2.140066628275463234e-01 6.440600819299043822e-01 7.680928538916705073e-02 2.224624487938097472e-01 5.666818388711879900e-02 0.000000000000000000e+00
5.375000000000000000e+03 2.150066939622543583e-01 6.399635867091488795e-01 7.817478379608557015e-02 2.243969048702776636e-01 5.746472462448793533e-02 0.000000000000000000e+00
5.400000000000000000e+03 2.160067250969626151e-01 6.414428766499772339e-01 7.931269913518433634e-02 2.160901228948566288e-01 6.315430131998178709e-02 0.000000000000000000e+00
5.425000000000000000e+03 2.170067562316708720e-01 6.413290851160673434e-01 8.136094674556212936e-02 2.199590350477924339e-01 5.735093309057805872e-02 0.000000000000000000e+00
5.450000000000000000e+03 2.180067873663789069e-01 6.540737369139736357e-01 7.715065999089668058e-02 2.118798361401911801e-01 5.689576695493855224e-02 0.000000000000000000e+00
5.475000000000000000e+03 2.190068185010871638e-01 6.401911697769685494e-01 7.988165680473373331e-02 2.165452890304961353e-01 6.338188438780155420e-02 0.000000000000000000e+00
5.500000000000000000e+03 2.200068496357951986e-01 6.593081474738279324e-01 7.828857532999544677e-02 2.100591715976331264e-01 5.234410559854346667e-02 0.000000000000000000e+00
5.525000000000000000e+03 2.210068807705034555e-01 6.556668183887118806e-01 7.692307692307692735e-02 2.129039599453800558e-01 5.450614474283113631e-02 0.000000000000000000e+00
5.550000000000000000e+03 2.220069119052114903e-01 6.565771506599908935e-01 7.635411925352754425e-02 2.123350022758306865e-01 5.473372781065088954e-02 0.000000000000000000e+00
5.575000000000000000e+03 2.230069430399197472e-01 6.579426490669094685e-01 7.794720072826581692e-02 2.075557578516158408e-01 5.655439235320892238e-02 0.000000000000000000e+00
5.600000000000000000e+03 2.240069741746277820e-01 6.560081929904415521e-01 8.261265361857077216e-02 2.089212562585343602e-01 5.245789713245334329e-02 0.000000000000000000e+00
5.625000000000000000e+03 2.250070053093360389e-01 6.462221210741920796e-01 8.215748748293126569e-02 2.111970869367319203e-01 6.042330450614474130e-02 0.000000000000000000e+00
5.650000000000000000e+03 2.260070364440442958e-01 6.550978607191625391e-01 7.897132453345470648e-02 2.073281747837960876e-01 5.860263996358670846e-02 0.000000000000000000e+00
5.675000000000000000e+03 2.270070675787523307e-01 6.649977241693217911e-01 7.817478379608557015e-02 2.024351388256713791e-01 5.439235320892125969e-02 0.000000000000000000e+00
