# itime ezz other fcc hcp bcc ico
0.000000000000000000e+00 0.000000000000000000e+00 0.000000000000000000e+00 1.000000000000000000e+00 0.000000000000000000e+00 0.000000000000000000e+00 0.000000000000000000e+00
3.000000000000000000e+00 1.200015801566811646e-03 0.000000000000000000e+00 1.000000000000000000e+00 0.000000000000000000e+00 0.000000000000000000e+00 0.000000000000000000e+00
6.000000000000000000e+00 2.400031603133401248e-03 0.000000000000000000e+00 1.000000000000000000e+00 0.000000000000000000e+00 0.000000000000000000e+00 0.000000000000000000e+00
9.000000000000000000e+00 3.600047404700212894e-03 0.000000000000000000e+00 1.000000000000000000e+00 0.000000000000000000e+00 0.000000000000000000e+00 0.000000000000000000e+00
1.200000000000000000e+01 4.800063206266802496e-03 0.000000000000000000e+00 1.000000000000000000e+00 0.000000000000000000e+00 0.000000000000000000e+00 0.000000000000000000e+00
1.500000000000000000e+01 6.000079007833614142e-03 0.000000000000000000e+00 1.000000000000000000e+00 0.000000000000000000e+00 0.000000000000000000e+00 0.000000000000000000e+00
1.800000000000000000e+01 7.200094809400203744e-03 0.000000000000000000e+00 1.000000000000000000e+00 0.000000000000000000e+00 0.000000000000000000e+00 0.000000000000000000e+00
2.100000000000000000e+01 8.400110610967015390e-03 0.000000000000000000e+00 1.000000000000000000e+00 0.000000000000000000e+00 0.000000000000000000e+00 0.000000000000000000e+00
2.400000000000000000e+01 9.600126412533604991e-03 0.000000000000000000e+00 1.000000000000000000e+00 0.000000000000000000e+00 0.000000000000000000e+00 0.000000000000000000e+00
2.700000000000000000e+01 1.080014221410041664e-02 0.000000000000000000e+00 1.000000000000000000e+00 0.000000000000000000e+00 0.000000000000000000e+00 0.000000000000000000e+00
3.000000000000000000e+01 1.200015801566700624e-02 0.000000000000000000e+00 1.000000000000000000e+00 0.000000000000000000e+00 0.000000000000000000e+00 0.000000000000000000e+00
3.300000000000000000e+01 1.320017381723381789e-02 0.000000000000000000e+00 1.000000000000000000e+00 0.000000000000000000e+00 0.000000000000000000e+00 0.000000000000000000e+00
3.600000000000000000e+01 1.440018961880040749e-02 0.000000000000000000e+00 1.000000000000000000e+00 0.000000000000000000e+00 0.000000000000000000e+00 0.000000000000000000e+00
3.900000000000000000e+01 1.560020542036721913e-02 0.000000000000000000e+00 1.000000000000000000e+00 0.000000000000000000e+00 0.000000000000000000e+00 0.000000000000000000e+00
4.200000000000000000e+01 1.680022122193380874e-02 0.000000000000000000e+00 1.000000000000000000e+00 0.000000000000000000e+00 0.000000000000000000e+00 0.000000000000000000e+00
4.500000000000000000e+01 1.800023702350062038e-02 0.000000000000000000e+00 1.000000000000000000e+00 0.000000000000000000e+00 0.000000000000000000e+00 0.000000000000000000e+00
4.800000000000000000e+01 1.920025282506720998e-02 0.000000000000000000e+00 1.000000000000000000e+00 0.000000000000000000e+00 0.000000000000000000e+00 0.000000000000000000e+00
5.100000000000000000e+01 2.040026862663402163e-02 0.000000000000000000e+00 1.000000000000000000e+00 0.000000000000000000e+00 0.000000000000000000e+00 0.000000000000000000e+00
5.400000000000000000e+01 2.160028442820061123e-02 0.000000000000000000e+00 1.000000000000000000e+00 0.000000000000000000e+00 0.000000000000000000e+00 0.000000000000000000e+00
5.700000000000000000e+01 2.280030022976742288e-02 0.000000000000000000e+00 1.000000000000000000e+00 0.000000000000000000e+00 0.000000000000000000e+00 0.000000000000000000e+00
6.000000000000000000e+01 2.400031603133401248e-02 0.000000000000000000e+00 1.000000000000000000e+00 0.000000000000000000e+00 0.000000000000000000e+00 0.000000000000000000e+00
6.300000000000000000e+01 2.520033183290082412e-02 0.000000000000000000e+00 1.000000000000000000e+00 0.000000000000000000e+00 0.000000000000000000e+00 0.000000000000000000e+00
6.600000000000000000e+01 2.640034763446763577e-02 0.000000000000000000e+00 1.000000000000000000e+00 0.000000000000000000e+00 0.000000000000000000e+00 0.000000000000000000e+00
6.900000000000000000e+01 2.760036343603422537e-02 0.000000000000000000e+00 1.000000000000000000e+00 0.000000000000000000e+00 0.000000000000000000e+00 0.000000000000000000e+00
7.200000000000000000e+01 2.880037923760103702e-02 0.000000000000000000e+00 1.000000000000000000e+00 0.000000000000000000e+00 0.000000000000000000e+00 0.000000000000000000e+00
7.500000000000000000e+01 3.000039503916762662e-02 0.000000000000000000e+00 1.000000000000000000e+00 0.000000000000000000e+00 0.000000000000000000e+00 0.000000000000000000e+00
7.800000000000000000e+01 3.120041084073443827e-02 0.000000000000000000e+00 1.000000000000000000e+00 0.000000000000000000e+00 0.000000000000000000e+00 0.000000000000000000e+00
8.100000000000000000e+01 3.240042664230102787e-02 0.000000000000000000e+00 1.000000000000000000e+00 0.000000000000000000e+00 0.000000000000000000e+00 0.000000000000000000e+00
8.400000000000000000e+01 3.360044244386783951e-02 0.000000000000000000e+00 1.000000000000000000e+00 0.000000000000000000e+00 0.000000000000000000e+00 0.000000000000000000e+00
8.700000000000000000e+01 3.480045824543442912e-02 0.000000000000000000e+00 1.000000000000000000e+00 0.000000000000000000e+00 0.000000000000000000e+00 0.000000000000000000e+00
9.000000000000000000e+01 3.600047404700124076e-02 0.000000000000000000e+00 1.000000000000000000e+00 0.000000000000000000e+00 0.000000000000000000e+00 0.000000000000000000e+00
9.300000000000000000e+01 3.720048984856783036e-02 0.000000000000000000e+00 1.000000000000000000e+00 0.000000000000000000e+00 0.000000000000000000e+00 0.000000000000000000e+00
9.600000000000000000e+01 3.840050565013464201e-02 0.000000000000000000e+00 1.000000000000000000e+00 0.000000000000000000e+00 0.000000000000000000e+00 0.000000000000000000e+00
9.900000000000000000e+01 3.960052145170123161e-02 0.000000000000000000e+00 1.000000000000000000e+00 0.000000000000000000e+00 0.000000000000000000e+00 0.000000000000000000e+00
1.020000000000000000e+02 4.080053725326804326e-02 0.000000000000000000e+00 1.000000000000000000e+00 0.000000000000000000e+00 0.000000000000000000e+00 0.000000000000000000e+00
1.050000000000000000e+02 4.200055305483463286e-02 0.000000000000000000e+00 1.000000000000000000e+00 0.000000000000000000e+00 0.000000000000000000e+00 0.000000000000000000e+00
1.080000000000000000e+02 4.320056885640144451e-02 0.000000000000000000e+00 1.000000000000000000e+00 0.000000000000000000e+00 0.000000000000000000e+00 0.000000000000000000e+00
1.110000000000000000e+02 4.440058465796803411e-02 0.000000000000000000e+00 1.000000000000000000e+00 0.000000000000000000e+00 0.000000000000000000e+00 0.000000000000000000e+00
1.140000000000000000e+02 4.560060045953484575e-02 0.000000000000000000e+00 1.000000000000000000e+00 0.000000000000000000e+00 0.000000000000000000e+00 0.000000000000000000e+00
1.170000000000000000e+02 4.680061626110143536e-02 0.000000000000000000e+00 1.000000000000000000e+00 0.000000000000000000e+00 0.000000000000000000e+00 0.000000000000000000e+00
1.200000000000000000e+02 4.800063206266824700e-02 0.000000000000000000e+00 1.000000000000000000e+00 0.000000000000000000e+00 0.000000000000000000e+00 0.000000000000000000e+00
1.230000000000000000e+02 4.920064786423505865e-02 0.000000000000000000e+00 1.000000000000000000e+00 0.000000000000000000e+00 0.000000000000000000e+00 0.000000000000000000e+00
1.260000000000000000e+02 5.040066366580164825e-02 0.000000000000000000e+00 1.000000000000000000e+00 0.000000000000000000e+00 0.000000000000000000e+00 0.000000000000000000e+00
1.290000000000000000e+02 5.160067946736845990e-02 0.000000000000000000e+00 1.000000000000000000e+00 0.000000000000000000e+00 0.000000000000000000e+00 0.000000000000000000e+00
1.320000000000000000e+02 5.280069526893504950e-02 0.000000000000000000e+00 1.000000000000000000e+00 0.000000000000000000e+00 0.000000000000000000e+00 0.000000000000000000e+00
1.350000000000000000e+02 5.400071107050186114e-02 0.000000000000000000e+00 1.000000000000000000e+00 0.000000000000000000e+00 0.000000000000000000e+00 0.000000000000000000e+00
1.380000000000000000e+02 5.520072687206845075e-02 0.000000000000000000e+00 1.000000000000000000e+00 0.000000000000000000e+00 0.000000000000000000e+00 0.000000000000000000e+00
1.410000000000000000e+02 5.640074267363526239e-02 0.000000000000000000e+00 1.000000000000000000e+00 0.000000000000000000e+00 0.000000000000000000e+00 0.000000000000000000e+00
1.440000000000000000e+02 5.760075847520185199e-02 0.000000000000000000e+00 1.000000000000000000e+00 0.000000000000000000e+00 0.000000000000000000e+00 0.000000000000000000e+00
1.470000000000000000e+02 5.880077427676866364e-02 0.000000000000000000e+00 1.000000000000000000e+00 0.000000000000000000e+00 0.000000000000000000e+00 0.000000000000000000e+00
1.500000000000000000e+02 6.000079007833525324e-02 0.000000000000000000e+00 1.000000000000000000e+00 0.000000000000000000e+00 0.000000000000000000e+00 0.000000000000000000e+00
1.530000000000000000e+02 6.120080587990206489e-02 0.000000000000000000e+00 1.000000000000000000e+00 0.000000000000000000e+00 0.000000000000000000e+00 0.000000000000000000e+00
1.560000000000000000e+02 6.240082168146865449e-02 0.000000000000000000e+00 1.000000000000000000e+00 0.000000000000000000e+00 0.000000000000000000e+00 0.000000000000000000e+00
1.590000000000000000e+02 6.360083748303546614e-02 0.000000000000000000e+00 1.000000000000000000e+00 0.000000000000000000e+00 0.000000000000000000e+00 0.000000000000000000e+00
1.620000000000000000e+02 6.480085328460205574e-02 0.000000000000000000e+00 1.000000000000000000e+00 0.000000000000000000e+00 0.000000000000000000e+00 0.000000000000000000e+00
1.650000000000000000e+02 6.600086908616886738e-02 0.000000000000000000e+00 1.000000000000000000e+00 0.000000000000000000e+00 0.000000000000000000e+00 0.000000000000000000e+00
1.680000000000000000e+02 6.720088488773545699e-02 0.000000000000000000e+00 1.000000000000000000e+00 0.000000000000000000e+00 0.000000000000000000e+00 0.000000000000000000e+00
1.710000000000000000e+02 6.840090068930226863e-02 0.000000000000000000e+00 1.000000000000000000e+00 0.000000000000000000e+00 0.000000000000000000e+00 0.000000000000000000e+00
1.740000000000000000e+02 6.960091649086885823e-02 0.000000000000000000e+00 1.000000000000000000e+00 0.000000000000000000e+00 0.000000000000000000e+00 0.000000000000000000e+00
1.770000000000000000e+02 7.080093229243566988e-02 0.000000000000000000e+00 1.000000000000000000e+00 0.000000000000000000e+00 0.000000000000000000e+00 0.000000000000000000e+00
1.800000000000000000e+02 7.200094809400225948e-02 0.000000000000000000e+00 1.000000000000000000e+00 0.000000000000000000e+00 0.000000000000000000e+00 0.000000000000000000e+00
1.830000000000000000e+02 7.320096389556907113e-02 0.000000000000000000e+00 1.000000000000000000e+00 0.000000000000000000e+00 0.000000000000000000e+00 0.000000000000000000e+00
1.860000000000000000e+02 7.440097969713588277e-02 0.000000000000000000e+00 1.000000000000000000e+00 0.000000000000000000e+00 0.000000000000000000e+00 0.000000000000000000e+00
1.890000000000000000e+02 7.560099549870247237e-02 0.000000000000000000e+00 1.000000000000000000e+00 0.000000000000000000e+00 0.000000000000000000e+00 0.000000000000000000e+00
1.920000000000000000e+02 7.680101130026928402e-02 0.000000000000000000e+00 1.000000000000000000e+00 0.000000000000000000e+00 0.000000000000000000e+00 0.000000000000000000e+00
1.950000000000000000e+02 7.800102710183587362e-02 0.000000000000000000e+00 1.000000000000000000e+00 0.000000000000000000e+00 0.000000000000000000e+00 0.000000000000000000e+00
1.980000000000000000e+02 7.920104290340268527e-02 0.000000000000000000e+00 1.000000000000000000e+00 0.000000000000000000e+00 0.000000000000000000e+00 0.000000000000000000e+00
2.010000000000000000e+02 8.040105870496927487e-02 0.000000000000000000e+00 1.000000000000000000e+00 0.000000000000000000e+00 0.000000000000000000e+00 0.000000000000000000e+00
2.040000000000000000e+02 8.160107450653608652e-02 1.137915339098771066e-04 9.998862084660901095e-01 0.000000000000000000e+00 0.000000000000000000e+00 0.000000000000000000e+00
2.070000000000000000e+02 8.280109030810267612e-02 2.275830678197542133e-04 9.997724169321802190e-01 0.000000000000000000e+00 0.000000000000000000e+00 0.000000000000000000e+00
2.100000000000000000e+02 8.400110610966948776e-02 1.137915339098771066e-04 9.998862084660901095e-01 0.000000000000000000e+00 0.000000000000000000e+00 0.000000000000000000e+00
2.130000000000000000e+02 8.520112191123607737e-02 0.000000000000000000e+00 1.000000000000000000e+00 0.000000000000000000e+00 0.000000000000000000e+00 0.000000000000000000e+00
2.160000000000000000e+02 8.640113771280288901e-02 0.000000000000000000e+00 1.000000000000000000e+00 0.000000000000000000e+00 0.000000000000000000e+00 0.000000000000000000e+00
2.190000000000000000e+02 8.760115351436947861e-02 0.000000000000000000e+00 1.000000000000000000e+00 0.000000000000000000e+00 0.000000000000000000e+00 0.000000000000000000e+00
2.220000000000000000e+02 8.880116931593629026e-02 0.000000000000000000e+00 1.000000000000000000e+00 0.000000000000000000e+00 0.000000000000000000e+00 0.000000000000000000e+00
2.250000000000000000e+02 9.000118511750287986e-02 0.000000000000000000e+00 1.000000000000000000e+00 0.000000000000000000e+00 0.000000000000000000e+00 0.000000000000000000e+00
2.280000000000000000e+02 9.120120091906969151e-02 2.275830678197542133e-04 9.997724169321802190e-01 0.000000000000000000e+00 0.000000000000000000e+00 0.000000000000000000e+00
2.310000000000000000e+02 9.240121672063628111e-02 1.137915339098771066e-04 9.998862084660901095e-01 0.000000000000000000e+00 0.000000000000000000e+00 0.000000000000000000e+00
2.340000000000000000e+02 9.360123252220309276e-02 3.413746017296313199e-04 9.996586253982703285e-01 0.000000000000000000e+00 0.000000000000000000e+00 0.000000000000000000e+00
2.370000000000000000e+02 9.480124832376968236e-02 2.275830678197542133e-04 9.997724169321802190e-01 0.000000000000000000e+00 0.000000000000000000e+00 0.000000000000000000e+00
2.400000000000000000e+02 9.600126412533649400e-02 3.413746017296313199e-04 9.996586253982703285e-01 0.000000000000000000e+00 0.000000000000000000e+00 0.000000000000000000e+00
2.430000000000000000e+02 9.720127992690308361e-02 4.551661356395084266e-04 9.995448338643604380e-01 0.000000000000000000e+00 0.000000000000000000e+00 0.000000000000000000e+00
2.460000000000000000e+02 9.840129572846989525e-02 2.275830678197542133e-04 9.997724169321802190e-01 0.000000000000000000e+00 0.000000000000000000e+00 0.000000000000000000e+00
2.490000000000000000e+02 9.960131153003670690e-02 1.137915339098771066e-04 9.998862084660901095e-01 0.000000000000000000e+00 0.000000000000000000e+00 0.000000000000000000e+00
2.520000000000000000e+02 1.008013273316032965e-01 6.827492034592626399e-04 9.993172507965407680e-01 0.000000000000000000e+00 0.000000000000000000e+00 0.000000000000000000e+00
2.550000000000000000e+02 1.020013431331701081e-01 4.551661356395084266e-04 9.995448338643604380e-01 0.000000000000000000e+00 0.000000000000000000e+00 0.000000000000000000e+00
2.580000000000000000e+02 1.032013589347366977e-01 3.413746017296313199e-04 9.996586253982703285e-01 0.000000000000000000e+00 0.000000000000000000e+00 0.000000000000000000e+00
2.610000000000000000e+02 1.044013747363035094e-01 9.103322712790168532e-04 9.990896677287209870e-01 0.000000000000000000e+00 0.000000000000000000e+00 0.000000000000000000e+00
2.640000000000000000e+02 1.056013905378700990e-01 1.137915339098770958e-03 9.987482931269913156e-01 0.000000000000000000e+00 1.137915339098771066e-04 0.000000000000000000e+00
2.670000000000000000e+02 1.068014063394369106e-01 4.551661356395084266e-04 9.995448338643604380e-01 0.000000000000000000e+00 0.000000000000000000e+00 0.000000000000000000e+00
2.700000000000000000e+02 1.080014221410035002e-01 4.551661356395084266e-04 9.995448338643604380e-01 0.000000000000000000e+00 0.000000000000000000e+00 0.000000000000000000e+00
2.730000000000000000e+02 1.092014379425703119e-01 3.413746017296313199e-04 9.996586253982703285e-01 0.000000000000000000e+00 0.000000000000000000e+00 0.000000000000000000e+00
2.760000000000000000e+02 1.104014537441369015e-01 1.593081474738279385e-03 9.984069185252617551e-01 0.000000000000000000e+00 0.000000000000000000e+00 0.000000000000000000e+00
2.790000000000000000e+02 1.116014695457037131e-01 2.162039144287664864e-03 9.978379608557123026e-01 0.000000000000000000e+00 0.000000000000000000e+00 0.000000000000000000e+00
2.820000000000000000e+02 1.128014853472703027e-01 1.479289940828402332e-03 9.985207100591716456e-01 0.000000000000000000e+00 0.000000000000000000e+00 0.000000000000000000e+00
2.850000000000000000e+02 1.140015011488371144e-01 1.706873008648156654e-03 9.982931269913518646e-01 0.000000000000000000e+00 0.000000000000000000e+00 0.000000000000000000e+00
2.880000000000000000e+02 1.152015169504037040e-01 2.958579881656804664e-03 9.969276285844332897e-01 0.000000000000000000e+00 1.137915339098771066e-04 0.000000000000000000e+00
2.910000000000000000e+02 1.164015327519705156e-01 2.844788347746927612e-03 9.969276285844332897e-01 0.000000000000000000e+00 2.275830678197542133e-04 0.000000000000000000e+00
2.940000000000000000e+02 1.176015485535371052e-01 2.162039144287664864e-03 9.977241693218024121e-01 0.000000000000000000e+00 1.137915339098771066e-04 0.000000000000000000e+00
2.970000000000000000e+02 1.188015643551039169e-01 1.820664542558033706e-03 9.980655439235320836e-01 0.000000000000000000e+00 1.137915339098771066e-04 0.000000000000000000e+00
3.000000000000000000e+02 1.200015801566705065e-01 3.186162949476558769e-03 9.968138370505233992e-01 0.000000000000000000e+00 0.000000000000000000e+00 0.000000000000000000e+00
3.030000000000000000e+02 1.212015959582373181e-01 5.917159763313609329e-03 9.940828402366863603e-01 0.000000000000000000e+00 0.000000000000000000e+00 0.000000000000000000e+00
3.060000000000000000e+02 1.224016117598039077e-01 7.396449704142011444e-03 9.924897587619481154e-01 0.000000000000000000e+00 1.137915339098771066e-04 0.000000000000000000e+00
3.090000000000000000e+02 1.236016275613707194e-01 6.258534365043240920e-03 9.935138825671370189e-01 0.000000000000000000e+00 2.275830678197542133e-04 0.000000000000000000e+00
3.120000000000000000e+02 1.248016433629375310e-01 5.803368229403732710e-03 9.938552571688666903e-01 0.000000000000000000e+00 3.413746017296313199e-04 0.000000000000000000e+00
3.150000000000000000e+02 1.260016591645041206e-01 5.917159763313609329e-03 9.937414656349567998e-01 0.000000000000000000e+00 3.413746017296313199e-04 0.000000000000000000e+00
3.180000000000000000e+02 1.272016749660709323e-01 8.306781975421027864e-03 9.911242603550295405e-01 0.000000000000000000e+00 5.689576695493854790e-04 0.000000000000000000e+00
3.210000000000000000e+02 1.284016907676375219e-01 1.149294492489758707e-02 9.882794720072826111e-01 0.000000000000000000e+00 2.275830678197542133e-04 0.000000000000000000e+00
3.240000000000000000e+02 1.296017065692043335e-01 1.399635867091488309e-02 9.854346836595356818e-01 0.000000000000000000e+00 5.689576695493854790e-04 0.000000000000000000e+00
3.270000000000000000e+02 1.308017223707709231e-01 1.558944014565316269e-02 9.839553937187073274e-01 0.000000000000000000e+00 4.551661356395084266e-04 0.000000000000000000e+00
3.300000000000000000e+02 1.320017381723377348e-01 1.536185707783340945e-02 9.838416021847974369e-01 0.000000000000000000e+00 7.965407373691396923e-04 0.000000000000000000e+00
3.330000000000000000e+02 1.332017539739043244e-01 1.513427401001365448e-02 9.841829767865271084e-01 0.000000000000000000e+00 6.827492034592626399e-04 0.000000000000000000e+00
3.360000000000000000e+02 1.344017697754711360e-01 1.866181156121984527e-02 9.805416477014110566e-01 0.000000000000000000e+00 7.965407373691396923e-04 0.000000000000000000e+00
3.390000000000000000e+02 1.356017855770377256e-01 2.139280837505689453e-02 9.776968593536641272e-01 0.000000000000000000e+00 9.103322712790168532e-04 0.000000000000000000e+00
3.420000000000000000e+02 1.368018013786045373e-01 2.662721893491124328e-02 9.722348657259899385e-01 0.000000000000000000e+00 1.137915339098770958e-03 0.000000000000000000e+00
3.450000000000000000e+02 1.380018171801711269e-01 3.413746017296313134e-02 9.641556668183887124e-01 0.000000000000000000e+00 1.706873008648156654e-03 0.000000000000000000e+00
3.480000000000000000e+02 1.392018329817379385e-01 4.221665908056440597e-02 9.552799271734182529e-01 0.000000000000000000e+00 2.503413746017296455e-03 0.000000000000000000e+00
3.510000000000000000e+02 1.404018487833045281e-01 4.358215748748293233e-02 9.538006372325898985e-01 0.000000000000000000e+00 2.617205279927173507e-03 0.000000000000000000e+00
3.540000000000000000e+02 1.416018645848713398e-01 4.767865270823850449e-02 9.500455166135639562e-01 0.000000000000000000e+00 2.275830678197541916e-03 0.000000000000000000e+00
3.570000000000000000e+02 1.428018803864379294e-01 6.429221665908056715e-02 9.322940373236231482e-01 0.000000000000000000e+00 3.413746017296313308e-03 0.000000000000000000e+00
3.600000000000000000e+02 1.440018961880047410e-01 7.476103777878925771e-02 9.196631770596267463e-01 0.000000000000000000e+00 5.575785161583977738e-03 0.000000000000000000e+00
3.630000000000000000e+02 1.452019119895713306e-01 9.126081019572143682e-02 9.011151570323168158e-01 0.000000000000000000e+00 7.624032771961766417e-03 0.000000000000000000e+00
3.660000000000000000e+02 1.464019277911381423e-01 1.158397815202548975e-01 8.748293126991352198e-01 0.000000000000000000e+00 9.330905780609922637e-03 0.000000000000000000e+00
3.690000000000000000e+02 1.476019435927049539e-01 1.321119708693673234e-01 8.574192080109239722e-01 0.000000000000000000e+00 1.046882111970869403e-02 0.000000000000000000e+00
3.720000000000000000e+02 1.488019593942715435e-01 1.576012744651797970e-01 8.270368684569867623e-01 0.000000000000000000e+00 1.536185707783340945e-02 0.000000000000000000e+00
3.750000000000000000e+02 1.500019751958383551e-01 1.792216659080564378e-01 8.008648156577150568e-01 0.000000000000000000e+00 1.991351843422849502e-02 0.000000000000000000e+00
3.780000000000000000e+02 1.512019909974049447e-01 2.174556213017751483e-01 7.567137005006827621e-01 0.000000000000000000e+00 2.583067819754210348e-02 0.000000000000000000e+00
3.810000000000000000e+02 1.524020067989717564e-01 2.565999089667728716e-01 7.093764223941738667e-01 0.000000000000000000e+00 3.402366863905325473e-02 0.000000000000000000e+00
3.840000000000000000e+02 1.536020226005383460e-01 2.988165680473373054e-01 6.562357760582612221e-01 0.000000000000000000e+00 4.494765589440145870e-02 0.000000000000000000e+00
3.870000000000000000e+02 1.548020384021051576e-01 3.387573964497041512e-01 6.077605826126536437e-01 0.000000000000000000e+00 5.348202093764223980e-02 0.000000000000000000e+00
3.900000000000000000e+02 1.560020542036717472e-01 3.840464269458352398e-01 5.490441511151570309e-01 0.000000000000000000e+00 6.690942193900774326e-02 0.000000000000000000e+00
3.930000000000000000e+02 1.572020700052385589e-01 4.287664997724169313e-01 4.911242603550295960e-01 0.000000000000000000e+00 8.010923987255348655e-02 0.000000000000000000e+00
3.960000000000000000e+02 1.584020858068051485e-01 4.723486572598998845e-01 4.322940373236231482e-01 0.000000000000000000e+00 9.535730541647700897e-02 0.000000000000000000e+00
3.990000000000000000e+02 1.596021016083719601e-01 5.195721438324988339e-01 3.697086936731907025e-01 0.000000000000000000e+00 1.107191624943104219e-01 0.000000000000000000e+00
4.020000000000000000e+02 1.608021174099385497e-01 5.576923076923077094e-01 3.103095129722348577e-01 2.275830678197542133e-04 1.317705962676376796e-01 0.000000000000000000e+00
4.050000000000000000e+02 1.620021332115053614e-01 5.987710514337732937e-01 2.512517068730086289e-01 3.413746017296313199e-04 1.496358670914884059e-01 0.000000000000000000e+00
4.080000000000000000e+02 1.632021490130719510e-01 6.345015930814746907e-01 2.031178880291306388e-01 5.689576695493854790e-04 1.618115612198452458e-01 0.000000000000000000e+00
4.110000000000000000e+02 1.644021648146387626e-01 6.631770596267637652e-01 1.587391898042785632e-01 5.689576695493854790e-04 1.775147928994082747e-01 0.000000000000000000e+00
4.140000000000000000e+02 1.656021806162053522e-01 6.817250796540736957e-01 1.235776058261265353e-01 1.251706873008648227e-03 1.934456076467910846e-01 0.000000000000000000e+00
4.170000000000000000e+02 1.668021964177721639e-01 6.979972690031861493e-01 9.558488848429676221e-02 1.251706873008648227e-03 2.051661356395084179e-01 0.000000000000000000e+00
4.200000000000000000e+02 1.680022122193387535e-01 7.124487938097405770e-01 7.350933090578061491e-02 1.251706873008648227e-03 2.127901684114701930e-01 0.000000000000000000e+00
4.230000000000000000e+02 1.692022280209055651e-01 7.168866636322257513e-01 5.769230769230769551e-02 1.251706873008648227e-03 2.241693218024579104e-01 0.000000000000000000e+00
4.260000000000000000e+02 1.704022438224721547e-01 7.255348202093764298e-01 4.346836595357305572e-02 1.934456076467910759e-03 2.290623577605826189e-01 0.000000000000000000e+00
4.290000000000000000e+02 1.716022596240389664e-01 7.323623122439690825e-01 3.345471096950387163e-02 2.730996813837050560e-03 2.314519799726900418e-01 0.000000000000000000e+00
4.320000000000000000e+02 1.728022754256057780e-01 7.375967228038233792e-01 2.639963586709149004e-02 2.503413746017296455e-03 2.335002275830678209e-01 0.000000000000000000e+00
4.350000000000000000e+02 1.740022912271723676e-01 7.416932180245789930e-01 2.002730996813837164e-02 2.844788347746927612e-03 2.354346836595357373e-01 0.000000000000000000e+00
4.380000000000000000e+02 1.752023070287391793e-01 7.424897587619481154e-01 1.627218934911242587e-02 3.755120619025944465e-03 2.374829312699135164e-01 0.000000000000000000e+00
4.410000000000000000e+02 1.764023228303057689e-01 7.430587164314974569e-01 1.502048247610377786e-02 4.096495220755575623e-03 2.378243058716431602e-01 0.000000000000000000e+00
4.440000000000000000e+02 1.776023386318725805e-01 7.451069640418752638e-01 1.376877560309512985e-02 5.461993627674101119e-03 2.356622667273554905e-01 0.000000000000000000e+00
4.470000000000000000e+02 1.788023544334391701e-01 7.505689576695493415e-01 1.251706873008648184e-02 6.144742831133363434e-03 2.307692307692307820e-01 0.000000000000000000e+00
4.500000000000000000e+02 1.800023702350059818e-01 7.511379153390987939e-01 1.308602639963586667e-02 7.965407373691398007e-03 2.278106508875739622e-01 0.000000000000000000e+00
4.530000000000000000e+02 1.812023860365725714e-01 7.490896677287209870e-01 1.502048247610377786e-02 9.444697314519799256e-03 2.264451524806554428e-01 0.000000000000000000e+00
4.560000000000000000e+02 1.824024018381393830e-01 7.481793354574419741e-01 1.695493855257168905e-02 1.285844333181611343e-02 2.220072826581702408e-01 0.000000000000000000e+00
4.590000000000000000e+02 1.836024176397059726e-01 7.462448793809740577e-01 1.809285389167045871e-02 1.319981793354574502e-02 2.224624487938097472e-01 0.000000000000000000e+00
4.620000000000000000e+02 1.848024334412727843e-01 7.435138825671370189e-01 1.888939462903959851e-02 1.843422849340009204e-02 2.191624943104233114e-01 0.000000000000000000e+00
4.650000000000000000e+02 1.860024492428393739e-01 7.424897587619481154e-01 2.059626763768775473e-02 2.287209831588529751e-02 2.140418752844788219e-01 0.000000000000000000e+00
4.680000000000000000e+02 1.872024650444061855e-01 7.411242603550295405e-01 2.207555757851615771e-02 2.628584433318160996e-02 2.105143377332726329e-01 0.000000000000000000e+00
4.710000000000000000e+02 1.884024808459727751e-01 7.366863905325443662e-01 2.503413746017296368e-02 2.981338188438780248e-02 2.084660901228948537e-01 0.000000000000000000e+00
4.740000000000000000e+02 1.896024966475395868e-01 7.396449704142011861e-01 2.605826126536185672e-02 3.322712790168411146e-02 2.010696404187528319e-01 0.000000000000000000e+00
4.770000000000000000e+02 1.908025124491061764e-01 7.412380518889394310e-01 2.537551206190259354e-02 3.584433318161128756e-02 1.975421028675466428e-01 0.000000000000000000e+00
4.800000000000000000e+02 1.920025282506729880e-01 7.477241693218024121e-01 2.446517979062357712e-02 3.823395539371871044e-02 1.895766954938552518e-01 0.000000000000000000e+00
4.830000000000000000e+02 1.932025440522395776e-01 7.525034137460172579e-01 2.514792899408284030e-02 3.914428766499772339e-02 1.832043695949021334e-01 0.000000000000000000e+00
4.860000000000000000e+02 1.944025598538063893e-01 7.594446973145198010e-01 2.321347291761493084e-02 4.039599453800637313e-02 1.769458352298589054e-01 0.000000000000000000e+00
4.890000000000000000e+02 1.956025756553729789e-01 7.639963586709148657e-01 2.423759672280382388e-02 4.221665908056440597e-02 1.695493855257168836e-01 0.000000000000000000e+00
4.920000000000000000e+02 1.968025914569397905e-01 7.668411470186617951e-01 2.355484751934456070e-02 4.506144742831133532e-02 1.645425580336822846e-01 0.000000000000000000e+00
4.950000000000000000e+02 1.980026072585066022e-01 7.721893491124259823e-01 2.401001365498407064e-02 4.767865270823850449e-02 1.561219845243513871e-01 0.000000000000000000e+00
4.980000000000000000e+02 1.992026230600731918e-01 7.721893491124259823e-01 2.423759672280382388e-02 5.040964952207555722e-02 1.531634046426945950e-01 0.000000000000000000e+00
5.010000000000000000e+02 2.004026388616400034e-01 7.702548930359581769e-01 2.628584433318160996e-02 5.223031406463359005e-02 1.512289485662266786e-01 0.000000000000000000e+00
5.040000000000000000e+02 2.016026546632065930e-01 7.757168866636322546e-01 2.514792899408284030e-02 5.484751934456076616e-02 1.442876649977241632e-01 0.000000000000000000e+00
5.070000000000000000e+02 2.028026704647734046e-01 7.849340009103322746e-01 2.423759672280382388e-02 5.496131087847064278e-02 1.358670914883932657e-01 0.000000000000000000e+00
5.100000000000000000e+02 2.040026862663399942e-01 7.809512972234865513e-01 2.628584433318160996e-02 5.996813837050523482e-02 1.327947200728265831e-01 0.000000000000000000e+00
5.130000000000000000e+02 2.052027020679068059e-01 7.815202548930360038e-01 2.719617660446062984e-02 6.178880291306326766e-02 1.294947655894401473e-01 0.000000000000000000e+00
5.160000000000000000e+02 2.064027178694733955e-01 7.867546654528903005e-01 2.833409194355939950e-02 6.099226217569413133e-02 1.239189804278561652e-01 0.000000000000000000e+00
5.190000000000000000e+02 2.076027336710402071e-01 7.868684569868001910e-01 2.981338188438780248e-02 6.156121984524351443e-02 1.217569412835685094e-01 0.000000000000000000e+00
5.220000000000000000e+02 2.088027494726067967e-01 7.910787437414655843e-01 3.072371415566681890e-02 6.030951297223486468e-02 1.178880291306326766e-01 0.000000000000000000e+00
5.250000000000000000e+02 2.100027652741736084e-01 7.903959945380063523e-01 3.049613108784706567e-02 6.360946745562130744e-02 1.154984069185252676e-01 0.000000000000000000e+00
5.280000000000000000e+02 2.112027810757401980e-01 7.905097860719162428e-01 2.992717341829767910e-02 6.543013199817933334e-02 1.141329085116067343e-01 0.000000000000000000e+00
5.310000000000000000e+02 2.124027968773070096e-01 7.961993627674101015e-01 3.049613108784706567e-02 6.554392353208920996e-02 1.077605826126536159e-01 0.000000000000000000e+00
5.340000000000000000e+02 2.136028126788735992e-01 7.957441966317706505e-01 3.163404642694583185e-02 6.873008648156576916e-02 1.038916704597177970e-01 0.000000000000000000e+00
5.370000000000000000e+02 2.148028284804404109e-01 7.997269003186162628e-01 3.265817023213472836e-02 7.100591715976331542e-02 9.660901228948566566e-02 0.000000000000000000e+00
5.400000000000000000e+02 2.160028442820070005e-01 8.020027309968138507e-01 3.379608557123350149e-02 7.134729176149294527e-02 9.285389167045972336e-02 0.000000000000000000e+00
5.430000000000000000e+02 2.172028600835738121e-01 8.017751479289940697e-01 3.368229403732362487e-02 7.498862084660901095e-02 8.955393718707328754e-02 0.000000000000000000e+00
5.460000000000000000e+02 2.184028758851404017e-01 8.037096040054619861e-01 3.334091943559399501e-02 7.635411925352754425e-02 8.659535730541648157e-02 0.000000000000000000e+00
5.490000000000000000e+02 2.196028916867072134e-01 8.043923532089212181e-01 3.334091943559399501e-02 7.510241238051888757e-02 8.716431497496586467e-02 0.000000000000000000e+00
5.520000000000000000e+02 2.208029074882740250e-01 8.007510241238051663e-01 3.368229403732362487e-02 7.760582612653618706e-02 8.796085571233500100e-02 0.000000000000000000e+00
5.550000000000000000e+02 2.220029232898406146e-01 8.040509786071916576e-01 3.311333636777423484e-02 7.817478379608557015e-02 8.466090122894856518e-02 0.000000000000000000e+00
5.580000000000000000e+02 2.232029390914074263e-01 8.022303140646336317e-01 3.447883477469276120e-02 7.908511606736458310e-02 8.420573509330905870e-02 0.000000000000000000e+00
5.610000000000000000e+02 2.244029548929740159e-01 8.026854802002730827e-01 3.436504324078288458e-02 7.976786527082385669e-02 8.318161128812016913e-02 0.000000000000000000e+00
5.640000000000000000e+02 2.256029706945408275e-01 8.034820209376422051e-01 3.538916704597178109e-02 7.988165680473373331e-02 8.124715521165225274e-02 0.000000000000000000e+00
5.670000000000000000e+02 2.268029864961074171e-01 8.074647246244879284e-01 3.561675011379153433e-02 8.022303140646336317e-02 7.669549385525717411e-02 0.000000000000000000e+00
5.700000000000000000e+02 2.280030022976742288e-01 8.035958124715520956e-01 3.652708238507055422e-02 8.318161128812016913e-02 7.669549385525717411e-02 0.000000000000000000e+00
5.730000000000000000e+02 2.292030180992408184e-01 8.058716431497496835e-01 3.720983158852981393e-02 8.511606736458807165e-02 7.180245789713245175e-02 0.000000000000000000e+00
5.760000000000000000e+02 2.304030339008076300e-01 8.026854802002730827e-01 3.948566226672735324e-02 8.545744196631770151e-02 7.237141556668183484e-02 0.000000000000000000e+00
5.790000000000000000e+02 2.316030497023742196e-01 8.025716886663631922e-01 3.903049613108784677e-02 8.670914883932635819e-02 7.168866636322257513e-02 0.000000000000000000e+00
5.820000000000000000e+02 2.328030655039410313e-01 8.035958124715520956e-01 4.164770141101502288e-02 8.693673190714611143e-02 6.781975421028675621e-02 0.000000000000000000e+00
5.850000000000000000e+02 2.340030813055076209e-01 8.079198907601274904e-01 3.994082840236686666e-02 8.591260810195720798e-02 6.622667273554846967e-02 0.000000000000000000e+00
5.880000000000000000e+02 2.352030971070744325e-01 8.083750568957669413e-01 4.085116067364587961e-02 8.727810650887574129e-02 6.349567592171143082e-02 0.000000000000000000e+00
5.910000000000000000e+02 2.364031129086410221e-01 8.092853891670459543e-01 4.198907601274465273e-02 8.932635411925353430e-02 5.939918070095585173e-02 0.000000000000000000e+00
5.940000000000000000e+02 2.376031287102078338e-01 8.104233045061447482e-01 4.198907601274465273e-02 9.171597633136094330e-02 5.587164314974965573e-02 0.000000000000000000e+00
5.970000000000000000e+02 2.388031445117744234e-01 8.103095129722348577e-01 4.244424214838415921e-02 9.410559854346836617e-02 5.314064633591260994e-02 0.000000000000000000e+00
6.000000000000000000e+02 2.400031603133412350e-01 8.106508875739645292e-01 4.244424214838415921e-02 9.433318161128811941e-02 5.257168866636321991e-02 0.000000000000000000e+00
6.030000000000000000e+02 2.412031761149078246e-01 8.117888029130633232e-01 4.278561675011378906e-02 9.410559854346836617e-02 5.131998179335457710e-02 0.000000000000000000e+00
6.060000000000000000e+02 2.424031919164746363e-01 8.117888029130633232e-01 4.278561675011378906e-02 9.456076467910787264e-02 5.086481565771506369e-02 0.000000000000000000e+00
6.090000000000000000e+02 2.436032077180412259e-01 8.129267182521620061e-01 4.278561675011378906e-02 9.467455621301774926e-02 4.961310878470642088e-02 0.000000000000000000e+00
6.120000000000000000e+02 2.448032235196080375e-01 8.123577605826126646e-01 4.403732362312243881e-02 9.399180700955848955e-02 4.961310878470642088e-02 0.000000000000000000e+00
6.150000000000000000e+02 2.460032393211748492e-01 8.136094674556213491e-01 4.346836595357305572e-02 9.421939007737824279e-02 4.870277651342740100e-02 0.000000000000000000e+00
6.180000000000000000e+02 2.472032551227414388e-01 8.122439690487027741e-01 4.335457441966317910e-02 9.569868001820663883e-02 4.870277651342740100e-02 0.000000000000000000e+00
6.210000000000000000e+02 2.484032709243082504e-01 8.133818843878015681e-01 4.289940828402366568e-02 9.638142922166591242e-02 4.733727810650887463e-02 0.000000000000000000e+00
6.240000000000000000e+02 2.496032867258748400e-01 8.109922621756940897e-01 4.449248975876194528e-02 9.751934456076467861e-02 4.699590350477924477e-02 0.000000000000000000e+00
6.270000000000000000e+02 2.508033025274416516e-01 8.092853891670459543e-01 4.494765589440145870e-02 9.945380063723259501e-02 4.631315430131998506e-02 0.000000000000000000e+00
6.300000000000000000e+02 2.520033183290082412e-01 8.080336822940372699e-01 4.517523896222121194e-02 1.013882567137004975e-01 4.540282203004096517e-02 0.000000000000000000e+00
6.330000000000000000e+02 2.532033341305750529e-01 8.086026399635867223e-01 4.472007282658170546e-02 1.003641329085116080e-01 4.631315430131998506e-02 0.000000000000000000e+00
6.360000000000000000e+02 2.544033499321416425e-01 8.081474738279471604e-01 4.255803368229403583e-02 1.013882567137004975e-01 4.790623577605826466e-02 0.000000000000000000e+00
6.390000000000000000e+02 2.556033657337084541e-01 8.076923076923077094e-01 4.153390987710514626e-02 1.030951297223486607e-01 4.756486117432862787e-02 1.137915339098771066e-04
6.420000000000000000e+02 2.568033815352750437e-01 8.096267637687756258e-01 4.119253527537550946e-02 1.021847974510696339e-01 4.699590350477924477e-02 0.000000000000000000e+00
6.450000000000000000e+02 2.580033973368418554e-01 8.115612198452435422e-01 4.153390987710514626e-02 1.026399635867091542e-01 4.426490669094219205e-02 0.000000000000000000e+00
6.480000000000000000e+02 2.592034131384084450e-01 8.103095129722348577e-01 4.255803368229403583e-02 1.025261720527992776e-01 4.460628129267182190e-02 0.000000000000000000e+00
6.510000000000000000e+02 2.604034289399752566e-01 8.092853891670459543e-01 4.346836595357305572e-02 1.051433773327264398e-01 4.210286754665452935e-02 0.000000000000000000e+00
6.540000000000000000e+02 2.616034447415418462e-01 8.086026399635867223e-01 4.494765589440145870e-02 1.044606281292671801e-01 4.198907601274465273e-02 0.000000000000000000e+00
6.570000000000000000e+02 2.628034605431086579e-01 8.068957669549385869e-01 4.506144742831133532e-02 1.065088757396449731e-01 4.153390987710514626e-02 0.000000000000000000e+00
6.600000000000000000e+02 2.640034763446752475e-01 8.029130632680928636e-01 4.472007282658170546e-02 1.076467910787437393e-01 4.472007282658170546e-02 0.000000000000000000e+00
6.630000000000000000e+02 2.652034921462420591e-01 8.034820209376422051e-01 4.585798816568047165e-02 1.074192080109239861e-01 4.312699135184342586e-02 1.137915339098771066e-04
6.660000000000000000e+02 2.664035079478086487e-01 8.067819754210286964e-01 4.517523896222121194e-02 1.062812926718252199e-01 4.164770141101502288e-02 1.137915339098771066e-04
6.690000000000000000e+02 2.676035237493754604e-01 8.082612653618570508e-01 4.563040509786071841e-02 1.059399180700955900e-01 4.005461993627674328e-02 1.137915339098771066e-04
6.720000000000000000e+02 2.688035395509420500e-01 8.086026399635867223e-01 4.574419663177059503e-02 1.062812926718252199e-01 3.925807919890760000e-02 1.137915339098771066e-04
6.750000000000000000e+02 2.700035553525088616e-01 8.075785161583978189e-01 4.642694583522986168e-02 1.063950842057350965e-01 3.959945380063722986e-02 0.000000000000000000e+00
6.780000000000000000e+02 2.712035711540756733e-01 8.123577605826126646e-01 4.642694583522986168e-02 1.038916704597177970e-01 3.732362312243969055e-02 0.000000000000000000e+00
6.810000000000000000e+02 2.724035869556422629e-01 8.146335912608101415e-01 4.540282203004096517e-02 1.050295857988165632e-01 3.493400091033227461e-02 0.000000000000000000e+00
