# itime ezz other fcc hcp bcc ico
0.000000000000000000e+00 0.000000000000000000e+00 0.000000000000000000e+00 1.000000000000000000e+00 0.000000000000000000e+00 0.000000000000000000e+00 0.000000000000000000e+00
3.000000000000000000e+00 1.200019803399454688e-03 0.000000000000000000e+00 1.000000000000000000e+00 0.000000000000000000e+00 0.000000000000000000e+00 0.000000000000000000e+00
6.000000000000000000e+00 2.400039606798909375e-03 0.000000000000000000e+00 1.000000000000000000e+00 0.000000000000000000e+00 0.000000000000000000e+00 0.000000000000000000e+00
9.000000000000000000e+00 3.600059410198586107e-03 0.000000000000000000e+00 1.000000000000000000e+00 0.000000000000000000e+00 0.000000000000000000e+00 0.000000000000000000e+00
1.200000000000000000e+01 4.800079213598040795e-03 0.000000000000000000e+00 1.000000000000000000e+00 0.000000000000000000e+00 0.000000000000000000e+00 0.000000000000000000e+00
1.500000000000000000e+01 6.000099016997495482e-03 0.000000000000000000e+00 1.000000000000000000e+00 0.000000000000000000e+00 0.000000000000000000e+00 0.000000000000000000e+00
1.800000000000000000e+01 7.200118820396950170e-03 0.000000000000000000e+00 1.000000000000000000e+00 0.000000000000000000e+00 0.000000000000000000e+00 0.000000000000000000e+00
2.100000000000000000e+01 8.400138623796404858e-03 0.000000000000000000e+00 1.000000000000000000e+00 0.000000000000000000e+00 0.000000000000000000e+00 0.000000000000000000e+00
2.400000000000000000e+01 9.600158427195859545e-03 0.000000000000000000e+00 1.000000000000000000e+00 0.000000000000000000e+00 0.000000000000000000e+00 0.000000000000000000e+00
2.700000000000000000e+01 1.080017823059553628e-02 0.000000000000000000e+00 1.000000000000000000e+00 0.000000000000000000e+00 0.000000000000000000e+00 0.000000000000000000e+00
3.000000000000000000e+01 1.200019803399499096e-02 0.000000000000000000e+00 1.000000000000000000e+00 0.000000000000000000e+00 0.000000000000000000e+00 0.000000000000000000e+00
3.300000000000000000e+01 1.320021783739444565e-02 0.000000000000000000e+00 1.000000000000000000e+00 0.000000000000000000e+00 0.000000000000000000e+00 0.000000000000000000e+00
3.600000000000000000e+01 1.440023764079390034e-02 0.000000000000000000e+00 1.000000000000000000e+00 0.000000000000000000e+00 0.000000000000000000e+00 0.000000000000000000e+00
3.900000000000000000e+01 1.560025744419335503e-02 0.000000000000000000e+00 1.000000000000000000e+00 0.000000000000000000e+00 0.000000000000000000e+00 0.000000000000000000e+00
4.200000000000000000e+01 1.680027724759303176e-02 0.000000000000000000e+00 1.000000000000000000e+00 0.000000000000000000e+00 0.000000000000000000e+00 0.000000000000000000e+00
4.500000000000000000e+01 1.800029705099248645e-02 0.000000000000000000e+00 1.000000000000000000e+00 0.000000000000000000e+00 0.000000000000000000e+00 0.000000000000000000e+00
4.800000000000000000e+01 1.920031685439194113e-02 0.000000000000000000e+00 1.000000000000000000e+00 0.000000000000000000e+00 0.000000000000000000e+00 0.000000000000000000e+00
5.100000000000000000e+01 2.040033665779139582e-02 0.000000000000000000e+00 1.000000000000000000e+00 0.000000000000000000e+00 0.000000000000000000e+00 0.000000000000000000e+00
5.400000000000000000e+01 2.160035646119085051e-02 0.000000000000000000e+00 1.000000000000000000e+00 0.000000000000000000e+00 0.000000000000000000e+00 0.000000000000000000e+00
5.700000000000000000e+01 2.280037626459030520e-02 0.000000000000000000e+00 1.000000000000000000e+00 0.000000000000000000e+00 0.000000000000000000e+00 0.000000000000000000e+00
6.000000000000000000e+01 2.400039606798998193e-02 0.000000000000000000e+00 1.000000000000000000e+00 0.000000000000000000e+00 0.000000000000000000e+00 0.000000000000000000e+00
6.300000000000000000e+01 2.520041587138943662e-02 0.000000000000000000e+00 1.000000000000000000e+00 0.000000000000000000e+00 0.000000000000000000e+00 0.000000000000000000e+00
6.600000000000000000e+01 2.640043567478889130e-02 0.000000000000000000e+00 1.000000000000000000e+00 0.000000000000000000e+00 0.000000000000000000e+00 0.000000000000000000e+00
6.900000000000000000e+01 2.760045547818834599e-02 0.000000000000000000e+00 1.000000000000000000e+00 0.000000000000000000e+00 0.000000000000000000e+00 0.000000000000000000e+00
7.200000000000000000e+01 2.880047528158780068e-02 0.000000000000000000e+00 1.000000000000000000e+00 0.000000000000000000e+00 0.000000000000000000e+00 0.000000000000000000e+00
7.500000000000000000e+01 3.000049508498725537e-02 0.000000000000000000e+00 1.000000000000000000e+00 0.000000000000000000e+00 0.000000000000000000e+00 0.000000000000000000e+00
7.800000000000000000e+01 3.120051488838693210e-02 0.000000000000000000e+00 1.000000000000000000e+00 0.000000000000000000e+00 0.000000000000000000e+00 0.000000000000000000e+00
8.100000000000000000e+01 3.240053469178638679e-02 0.000000000000000000e+00 1.000000000000000000e+00 0.000000000000000000e+00 0.000000000000000000e+00 0.000000000000000000e+00
8.400000000000000000e+01 3.360055449518584147e-02 0.000000000000000000e+00 1.000000000000000000e+00 0.000000000000000000e+00 0.000000000000000000e+00 0.000000000000000000e+00
8.700000000000000000e+01 3.480057429858529616e-02 0.000000000000000000e+00 1.000000000000000000e+00 0.000000000000000000e+00 0.000000000000000000e+00 0.000000000000000000e+00
9.000000000000000000e+01 3.600059410198475085e-02 0.000000000000000000e+00 1.000000000000000000e+00 0.000000000000000000e+00 0.000000000000000000e+00 0.000000000000000000e+00
9.300000000000000000e+01 3.720061390538442758e-02 0.000000000000000000e+00 1.000000000000000000e+00 0.000000000000000000e+00 0.000000000000000000e+00 0.000000000000000000e+00
9.600000000000000000e+01 3.840063370878388227e-02 0.000000000000000000e+00 1.000000000000000000e+00 0.000000000000000000e+00 0.000000000000000000e+00 0.000000000000000000e+00
9.900000000000000000e+01 3.960065351218333696e-02 0.000000000000000000e+00 1.000000000000000000e+00 0.000000000000000000e+00 0.000000000000000000e+00 0.000000000000000000e+00
1.020000000000000000e+02 4.080067331558279164e-02 0.000000000000000000e+00 1.000000000000000000e+00 0.000000000000000000e+00 0.000000000000000000e+00 0.000000000000000000e+00
1.050000000000000000e+02 4.200069311898224633e-02 0.000000000000000000e+00 1.000000000000000000e+00 0.000000000000000000e+00 0.000000000000000000e+00 0.000000000000000000e+00
1.080000000000000000e+02 4.320071292238170102e-02 0.000000000000000000e+00 1.000000000000000000e+00 0.000000000000000000e+00 0.000000000000000000e+00 0.000000000000000000e+00
1.110000000000000000e+02 4.440073272578137775e-02 0.000000000000000000e+00 1.000000000000000000e+00 0.000000000000000000e+00 0.000000000000000000e+00 0.000000000000000000e+00
1.140000000000000000e+02 4.560075252918083244e-02 0.000000000000000000e+00 1.000000000000000000e+00 0.000000000000000000e+00 0.000000000000000000e+00 0.000000000000000000e+00
1.170000000000000000e+02 4.680077233258028713e-02 0.000000000000000000e+00 1.000000000000000000e+00 0.000000000000000000e+00 0.000000000000000000e+00 0.000000000000000000e+00
1.200000000000000000e+02 4.800079213597974181e-02 0.000000000000000000e+00 1.000000000000000000e+00 0.000000000000000000e+00 0.000000000000000000e+00 0.000000000000000000e+00
1.230000000000000000e+02 4.920081193937919650e-02 0.000000000000000000e+00 1.000000000000000000e+00 0.000000000000000000e+00 0.000000000000000000e+00 0.000000000000000000e+00
1.260000000000000000e+02 5.040083174277887323e-02 0.000000000000000000e+00 1.000000000000000000e+00 0.000000000000000000e+00 0.000000000000000000e+00 0.000000000000000000e+00
1.290000000000000000e+02 5.160085154617832792e-02 0.000000000000000000e+00 1.000000000000000000e+00 0.000000000000000000e+00 0.000000000000000000e+00 0.000000000000000000e+00
1.320000000000000000e+02 5.280087134957778261e-02 0.000000000000000000e+00 1.000000000000000000e+00 0.000000000000000000e+00 0.000000000000000000e+00 0.000000000000000000e+00
1.350000000000000000e+02 5.400089115297723730e-02 0.000000000000000000e+00 1.000000000000000000e+00 0.000000000000000000e+00 0.000000000000000000e+00 0.000000000000000000e+00
1.380000000000000000e+02 5.520091095637669198e-02 0.000000000000000000e+00 1.000000000000000000e+00 0.000000000000000000e+00 0.000000000000000000e+00 0.000000000000000000e+00
1.410000000000000000e+02 5.640093075977614667e-02 0.000000000000000000e+00 1.000000000000000000e+00 0.000000000000000000e+00 0.000000000000000000e+00 0.000000000000000000e+00
1.440000000000000000e+02 5.760095056317582340e-02 0.000000000000000000e+00 1.000000000000000000e+00 0.000000000000000000e+00 0.000000000000000000e+00 0.000000000000000000e+00
1.470000000000000000e+02 5.880097036657527809e-02 0.000000000000000000e+00 1.000000000000000000e+00 0.000000000000000000e+00 0.000000000000000000e+00 0.000000000000000000e+00
1.500000000000000000e+02 6.000099016997473278e-02 0.000000000000000000e+00 1.000000000000000000e+00 0.000000000000000000e+00 0.000000000000000000e+00 0.000000000000000000e+00
1.530000000000000000e+02 6.120100997337418747e-02 0.000000000000000000e+00 1.000000000000000000e+00 0.000000000000000000e+00 0.000000000000000000e+00 0.000000000000000000e+00
1.560000000000000000e+02 6.240102977677364215e-02 0.000000000000000000e+00 1.000000000000000000e+00 0.000000000000000000e+00 0.000000000000000000e+00 0.000000000000000000e+00
1.590000000000000000e+02 6.360104958017309684e-02 0.000000000000000000e+00 1.000000000000000000e+00 0.000000000000000000e+00 0.000000000000000000e+00 0.000000000000000000e+00
1.620000000000000000e+02 6.480106938357277357e-02 0.000000000000000000e+00 1.000000000000000000e+00 0.000000000000000000e+00 0.000000000000000000e+00 0.000000000000000000e+00
1.650000000000000000e+02 6.600108918697222826e-02 0.000000000000000000e+00 1.000000000000000000e+00 0.000000000000000000e+00 0.000000000000000000e+00 0.000000000000000000e+00
1.680000000000000000e+02 6.720110899037168295e-02 0.000000000000000000e+00 1.000000000000000000e+00 0.000000000000000000e+00 0.000000000000000000e+00 0.000000000000000000e+00
1.710000000000000000e+02 6.840112879377113764e-02 0.000000000000000000e+00 1.000000000000000000e+00 0.000000000000000000e+00 0.000000000000000000e+00 0.000000000000000000e+00
1.740000000000000000e+02 6.960114859717059232e-02 0.000000000000000000e+00 1.000000000000000000e+00 0.000000000000000000e+00 0.000000000000000000e+00 0.000000000000000000e+00
1.770000000000000000e+02 7.080116840057026906e-02 0.000000000000000000e+00 1.000000000000000000e+00 0.000000000000000000e+00 0.000000000000000000e+00 0.000000000000000000e+00
1.800000000000000000e+02 7.200118820396972374e-02 0.000000000000000000e+00 1.000000000000000000e+00 0.000000000000000000e+00 0.000000000000000000e+00 0.000000000000000000e+00
1.830000000000000000e+02 7.320120800736917843e-02 0.000000000000000000e+00 1.000000000000000000e+00 0.000000000000000000e+00 0.000000000000000000e+00 0.000000000000000000e+00
1.860000000000000000e+02 7.440122781076863312e-02 0.000000000000000000e+00 1.000000000000000000e+00 0.000000000000000000e+00 0.000000000000000000e+00 0.000000000000000000e+00
1.890000000000000000e+02 7.560124761416808781e-02 0.000000000000000000e+00 1.000000000000000000e+00 0.000000000000000000e+00 0.000000000000000000e+00 0.000000000000000000e+00
1.920000000000000000e+02 7.680126741756754249e-02 0.000000000000000000e+00 1.000000000000000000e+00 0.000000000000000000e+00 0.000000000000000000e+00 0.000000000000000000e+00
1.950000000000000000e+02 7.800128722096721923e-02 0.000000000000000000e+00 1.000000000000000000e+00 0.000000000000000000e+00 0.000000000000000000e+00 0.000000000000000000e+00
1.980000000000000000e+02 7.920130702436667391e-02 0.000000000000000000e+00 1.000000000000000000e+00 0.000000000000000000e+00 0.000000000000000000e+00 0.000000000000000000e+00
2.010000000000000000e+02 8.040132682776612860e-02 4.551661356395084266e-04 9.995448338643604380e-01 0.000000000000000000e+00 0.000000000000000000e+00 0.000000000000000000e+00
2.040000000000000000e+02 8.160134663116558329e-02 4.551661356395084266e-04 9.994310423304506585e-01 0.000000000000000000e+00 1.137915339098771066e-04 0.000000000000000000e+00
2.070000000000000000e+02 8.280136643456503798e-02 4.551661356395084266e-04 9.994310423304506585e-01 0.000000000000000000e+00 1.137915339098771066e-04 0.000000000000000000e+00
2.100000000000000000e+02 8.400138623796471471e-02 3.413746017296313199e-04 9.996586253982703285e-01 0.000000000000000000e+00 0.000000000000000000e+00 0.000000000000000000e+00
2.130000000000000000e+02 8.520140604136416940e-02 1.137915339098771066e-04 9.998862084660901095e-01 0.000000000000000000e+00 0.000000000000000000e+00 0.000000000000000000e+00
2.160000000000000000e+02 8.640142584476362408e-02 0.000000000000000000e+00 1.000000000000000000e+00 0.000000000000000000e+00 0.000000000000000000e+00 0.000000000000000000e+00
2.190000000000000000e+02 8.760144564816307877e-02 0.000000000000000000e+00 1.000000000000000000e+00 0.000000000000000000e+00 0.000000000000000000e+00 0.000000000000000000e+00
2.220000000000000000e+02 8.880146545156253346e-02 1.137915339098771066e-04 9.998862084660901095e-01 0.000000000000000000e+00 0.000000000000000000e+00 0.000000000000000000e+00
2.250000000000000000e+02 9.000148525496198815e-02 1.137915339098771066e-04 9.998862084660901095e-01 0.000000000000000000e+00 0.000000000000000000e+00 0.000000000000000000e+00
2.280000000000000000e+02 9.120150505836166488e-02 4.551661356395084266e-04 9.995448338643604380e-01 0.000000000000000000e+00 0.000000000000000000e+00 0.000000000000000000e+00
2.310000000000000000e+02 9.240152486176111957e-02 1.137915339098771066e-04 9.998862084660901095e-01 0.000000000000000000e+00 0.000000000000000000e+00 0.000000000000000000e+00
2.340000000000000000e+02 9.360154466516057425e-02 4.551661356395084266e-04 9.995448338643604380e-01 0.000000000000000000e+00 0.000000000000000000e+00 0.000000000000000000e+00
2.370000000000000000e+02 9.480156446856002894e-02 4.551661356395084266e-04 9.995448338643604380e-01 0.000000000000000000e+00 0.000000000000000000e+00 0.000000000000000000e+00
2.400000000000000000e+02 9.600158427195948363e-02 0.000000000000000000e+00 1.000000000000000000e+00 0.000000000000000000e+00 0.000000000000000000e+00 0.000000000000000000e+00
2.430000000000000000e+02 9.720160407535916036e-02 5.689576695493854790e-04 9.994310423304506585e-01 0.000000000000000000e+00 0.000000000000000000e+00 0.000000000000000000e+00
2.460000000000000000e+02 9.840162387875861505e-02 2.275830678197542133e-04 9.995448338643604380e-01 0.000000000000000000e+00 2.275830678197542133e-04 0.000000000000000000e+00
2.490000000000000000e+02 9.960164368215806974e-02 2.275830678197542133e-04 9.995448338643604380e-01 0.000000000000000000e+00 2.275830678197542133e-04 0.000000000000000000e+00
2.520000000000000000e+02 1.008016634855575244e-01 1.137915339098771066e-04 9.998862084660901095e-01 0.000000000000000000e+00 0.000000000000000000e+00 0.000000000000000000e+00
2.550000000000000000e+02 1.020016832889569791e-01 1.137915339098771066e-04 9.998862084660901095e-01 0.000000000000000000e+00 0.000000000000000000e+00 0.000000000000000000e+00
2.580000000000000000e+02 1.032017030923564338e-01 9.103322712790168532e-04 9.990896677287209870e-01 0.000000000000000000e+00 0.000000000000000000e+00 0.000000000000000000e+00
2.610000000000000000e+02 1.044017228957561105e-01 1.251706873008648227e-03 9.987482931269913156e-01 0.000000000000000000e+00 0.000000000000000000e+00 0.000000000000000000e+00
2.640000000000000000e+02 1.056017426991555652e-01 5.689576695493854790e-04 9.994310423304506585e-01 0.000000000000000000e+00 0.000000000000000000e+00 0.000000000000000000e+00
2.670000000000000000e+02 1.068017625025550199e-01 2.275830678197542133e-04 9.997724169321802190e-01 0.000000000000000000e+00 0.000000000000000000e+00 0.000000000000000000e+00
2.700000000000000000e+02 1.080017823059544746e-01 4.551661356395084266e-04 9.995448338643604380e-01 0.000000000000000000e+00 0.000000000000000000e+00 0.000000000000000000e+00
2.730000000000000000e+02 1.092018021093539293e-01 3.413746017296313199e-04 9.996586253982703285e-01 0.000000000000000000e+00 0.000000000000000000e+00 0.000000000000000000e+00
2.760000000000000000e+02 1.104018219127533840e-01 9.103322712790168532e-04 9.990896677287209870e-01 0.000000000000000000e+00 0.000000000000000000e+00 0.000000000000000000e+00
2.790000000000000000e+02 1.116018417161530607e-01 1.479289940828402332e-03 9.985207100591716456e-01 0.000000000000000000e+00 0.000000000000000000e+00 0.000000000000000000e+00
2.820000000000000000e+02 1.128018615195525154e-01 9.103322712790168532e-04 9.990896677287209870e-01 0.000000000000000000e+00 0.000000000000000000e+00 0.000000000000000000e+00
2.850000000000000000e+02 1.140018813229519701e-01 5.689576695493854790e-04 9.993172507965407680e-01 0.000000000000000000e+00 1.137915339098771066e-04 0.000000000000000000e+00
2.880000000000000000e+02 1.152019011263514248e-01 1.820664542558033706e-03 9.979517523896221931e-01 0.000000000000000000e+00 2.275830678197542133e-04 0.000000000000000000e+00
2.910000000000000000e+02 1.164019209297508795e-01 3.641329085116067413e-03 9.962448793809740577e-01 0.000000000000000000e+00 1.137915339098771066e-04 0.000000000000000000e+00
2.940000000000000000e+02 1.176019407331505562e-01 4.096495220755575623e-03 9.957897132453344957e-01 0.000000000000000000e+00 1.137915339098771066e-04 0.000000000000000000e+00
2.970000000000000000e+02 1.188019605365500109e-01 3.868912152935821518e-03 9.959035047792443862e-01 0.000000000000000000e+00 2.275830678197542133e-04 0.000000000000000000e+00
3.000000000000000000e+02 1.200019803399494656e-01 3.982703686845699004e-03 9.959035047792443862e-01 0.000000000000000000e+00 1.137915339098771066e-04 0.000000000000000000e+00
3.030000000000000000e+02 1.212020001433489202e-01 3.982703686845699004e-03 9.959035047792443862e-01 0.000000000000000000e+00 1.137915339098771066e-04 0.000000000000000000e+00
3.060000000000000000e+02 1.224020199467483749e-01 4.665452890304961318e-03 9.951069640418752638e-01 0.000000000000000000e+00 2.275830678197542133e-04 0.000000000000000000e+00
3.090000000000000000e+02 1.236020397501478296e-01 5.234410559854347014e-03 9.944242148384160318e-01 0.000000000000000000e+00 3.413746017296313199e-04 0.000000000000000000e+00
3.120000000000000000e+02 1.248020595535475064e-01 5.120619025944469528e-03 9.945380063723259223e-01 0.000000000000000000e+00 3.413746017296313199e-04 0.000000000000000000e+00
3.150000000000000000e+02 1.260020793569469610e-01 6.030951297223486815e-03 9.936276741010469093e-01 0.000000000000000000e+00 3.413746017296313199e-04 0.000000000000000000e+00
3.180000000000000000e+02 1.272020991603464157e-01 9.899863450159307465e-03 9.896449704142011861e-01 0.000000000000000000e+00 4.551661356395084266e-04 0.000000000000000000e+00
3.210000000000000000e+02 1.284021189637458704e-01 1.160673645880746542e-02 9.879380974055530507e-01 0.000000000000000000e+00 4.551661356395084266e-04 0.000000000000000000e+00
3.240000000000000000e+02 1.296021387671453251e-01 1.228948566226672687e-02 9.870277651342740377e-01 0.000000000000000000e+00 6.827492034592626399e-04 0.000000000000000000e+00
3.270000000000000000e+02 1.308021585705450018e-01 1.524806554392353283e-02 9.847519344560764498e-01 0.000000000000000000e+00 0.000000000000000000e+00 0.000000000000000000e+00
3.300000000000000000e+02 1.320021783739444565e-01 1.911697769685935522e-02 9.804278561675011661e-01 0.000000000000000000e+00 4.551661356395084266e-04 0.000000000000000000e+00
3.330000000000000000e+02 1.332021981773439112e-01 1.991351843422849502e-02 9.799726900318616041e-01 0.000000000000000000e+00 1.137915339098771066e-04 0.000000000000000000e+00
3.360000000000000000e+02 1.344022179807433659e-01 1.445152480655439303e-02 9.854346836595356818e-01 0.000000000000000000e+00 1.137915339098771066e-04 0.000000000000000000e+00
3.390000000000000000e+02 1.356022377841428206e-01 2.002730996813837164e-02 9.798588984979517136e-01 0.000000000000000000e+00 1.137915339098771066e-04 0.000000000000000000e+00
3.420000000000000000e+02 1.368022575875422753e-01 2.435138825671370050e-02 9.748520710059171979e-01 0.000000000000000000e+00 7.965407373691396923e-04 0.000000000000000000e+00
3.450000000000000000e+02 1.380022773909419520e-01 3.231679563040509851e-02 9.663177059626764098e-01 0.000000000000000000e+00 1.365498406918525280e-03 0.000000000000000000e+00
3.480000000000000000e+02 1.392022971943414067e-01 3.698224852071006069e-02 9.616522530723714546e-01 0.000000000000000000e+00 1.365498406918525280e-03 0.000000000000000000e+00
3.510000000000000000e+02 1.404023169977408614e-01 4.278561675011378906e-02 9.558488848429677054e-01 0.000000000000000000e+00 1.365498406918525280e-03 0.000000000000000000e+00
3.540000000000000000e+02 1.416023368011403161e-01 5.439235320892125969e-02 9.434456076467910846e-01 0.000000000000000000e+00 2.162039144287664864e-03 0.000000000000000000e+00
3.570000000000000000e+02 1.428023566045397708e-01 6.133363677742376119e-02 9.359353664087392000e-01 0.000000000000000000e+00 2.730996813837050560e-03 0.000000000000000000e+00
3.600000000000000000e+02 1.440023764079392254e-01 7.237141556668183484e-02 9.238734638142922506e-01 0.000000000000000000e+00 3.755120619025944465e-03 0.000000000000000000e+00
3.630000000000000000e+02 1.452023962113389022e-01 8.454710969503868856e-02 9.109012289485661773e-01 0.000000000000000000e+00 4.551661356395083832e-03 0.000000000000000000e+00
3.660000000000000000e+02 1.464024160147383569e-01 1.015020482476103741e-01 8.928083750568958088e-01 0.000000000000000000e+00 5.689576695493855224e-03 0.000000000000000000e+00
3.690000000000000000e+02 1.476024358181378116e-01 1.247155211652253015e-01 8.678880291306326766e-01 0.000000000000000000e+00 7.396449704142011444e-03 0.000000000000000000e+00
3.720000000000000000e+02 1.488024556215372662e-01 1.437187073281747940e-01 8.456986800182066943e-01 0.000000000000000000e+00 1.058261265361857065e-02 0.000000000000000000e+00
3.750000000000000000e+02 1.500024754249367209e-01 1.748975876194810986e-01 8.137232589895311285e-01 0.000000000000000000e+00 1.137915339098771045e-02 0.000000000000000000e+00
3.780000000000000000e+02 1.512024952283363977e-01 1.962903959945380139e-01 7.877787892580792040e-01 0.000000000000000000e+00 1.593081474738279601e-02 0.000000000000000000e+00
3.810000000000000000e+02 1.524025150317358523e-01 2.286071916249431124e-01 7.510241238051889034e-01 0.000000000000000000e+00 2.036868456986800149e-02 0.000000000000000000e+00
3.840000000000000000e+02 1.536025348351353070e-01 2.635411925352753593e-01 7.086936731907146347e-01 1.137915339098771066e-04 2.765134274010013632e-02 0.000000000000000000e+00
3.870000000000000000e+02 1.548025546385347617e-01 3.114474283113336517e-01 6.537323623122439642e-01 1.137915339098771066e-04 3.470641784251251444e-02 0.000000000000000000e+00
3.900000000000000000e+02 1.560025744419342164e-01 3.623122439690487084e-01 5.918297678652708615e-01 1.137915339098771066e-04 4.574419663177059503e-02 0.000000000000000000e+00
3.930000000000000000e+02 1.572025942453336711e-01 4.188666363222576239e-01 5.266272189349112676e-01 0.000000000000000000e+00 5.450614474283113631e-02 0.000000000000000000e+00
3.960000000000000000e+02 1.584026140487333478e-01 4.627901684114701930e-01 4.688211197086936677e-01 0.000000000000000000e+00 6.838871187983613931e-02 0.000000000000000000e+00
3.990000000000000000e+02 1.596026338521328025e-01 5.141101502048247562e-01 4.017979062357760478e-01 0.000000000000000000e+00 8.409194355939918208e-02 0.000000000000000000e+00
4.020000000000000000e+02 1.608026536555322572e-01 5.619025944469731026e-01 3.392125625853436577e-01 2.275830678197542133e-04 9.865725989986344480e-02 0.000000000000000000e+00
4.050000000000000000e+02 1.620026734589317119e-01 6.098088302230314506e-01 2.782203004096495125e-01 2.275830678197542133e-04 1.117432862994993115e-01 0.000000000000000000e+00
4.080000000000000000e+02 1.632026932623311666e-01 6.470186618115612021e-01 2.263313609467455523e-01 3.413746017296313199e-04 1.263086026399635742e-01 0.000000000000000000e+00
4.110000000000000000e+02 1.644027130657308433e-01 6.847974510696404060e-01 1.763768775603095085e-01 5.689576695493854790e-04 1.382567137005006885e-01 0.000000000000000000e+00
4.140000000000000000e+02 1.656027328691302980e-01 7.064178425125170468e-01 1.387118798361401950e-01 6.827492034592626399e-04 1.541875284478834707e-01 0.000000000000000000e+00
4.170000000000000000e+02 1.668027526725297527e-01 7.259899863450158808e-01 1.071916249431042328e-01 1.137915339098770958e-03 1.656804733727810786e-01 0.000000000000000000e+00
4.200000000000000000e+02 1.680027724759292074e-01 7.403277196176604180e-01 8.158852981338188259e-02 1.479289940828402332e-03 1.766044606281292617e-01 0.000000000000000000e+00
4.230000000000000000e+02 1.692027922793286621e-01 7.514792899408283544e-01 5.905780609922621494e-02 1.706873008648156654e-03 1.877560309512972259e-01 0.000000000000000000e+00
4.260000000000000000e+02 1.704028120827281167e-01 7.554619936276740777e-01 4.563040509786071841e-02 2.162039144287664864e-03 1.967455621301775204e-01 0.000000000000000000e+00
4.290000000000000000e+02 1.716028318861277935e-01 7.593309057806099105e-01 3.504779244424215123e-02 2.844788347746927612e-03 2.027765134274009950e-01 0.000000000000000000e+00
4.320000000000000000e+02 1.728028516895272482e-01 7.621756941283568398e-01 2.617205279927173334e-02 4.210286754665453109e-03 2.074419663177059503e-01 0.000000000000000000e+00
4.350000000000000000e+02 1.740028714929267029e-01 7.650204824761037692e-01 2.139280837505689453e-02 4.551661356395083832e-03 2.090350477924442507e-01 0.000000000000000000e+00
4.380000000000000000e+02 1.752028912963261575e-01 7.634274010013655243e-01 1.957214383249886169e-02 6.030951297223486815e-03 2.109695038689121394e-01 0.000000000000000000e+00
4.410000000000000000e+02 1.764029110997256122e-01 7.684342284934000400e-01 1.615839781520254925e-02 6.258534365043240920e-03 2.091488393263541135e-01 0.000000000000000000e+00
4.440000000000000000e+02 1.776029309031250669e-01 7.700273099681383959e-01 1.331360946745562164e-02 7.396449704142011444e-03 2.092626308602640040e-01 0.000000000000000000e+00
4.470000000000000000e+02 1.788029507065247437e-01 7.724169321802457633e-01 1.354119253527537488e-02 7.624032771961766417e-03 2.064178425125170746e-01 0.000000000000000000e+00
4.500000000000000000e+02 1.800029705099241983e-01 7.749203459262631322e-01 1.308602639963586667e-02 8.875739644970414427e-03 2.031178880291306388e-01 0.000000000000000000e+00
4.530000000000000000e+02 1.812029903133236530e-01 7.724169321802457633e-01 1.354119253527537488e-02 8.761948111060537808e-03 2.052799271734183084e-01 0.000000000000000000e+00
4.560000000000000000e+02 1.824030101167231077e-01 7.752617205279926926e-01 1.399635867091488309e-02 9.899863450159307465e-03 2.008420573509330787e-01 0.000000000000000000e+00
4.590000000000000000e+02 1.836030299201225624e-01 7.723031406463358728e-01 1.342740100136549826e-02 1.228948566226672687e-02 2.019799726900318726e-01 0.000000000000000000e+00
4.620000000000000000e+02 1.848030497235222391e-01 7.682066454255803700e-01 1.547564861174328607e-02 1.604460628129267263e-02 2.002730996813837094e-01 0.000000000000000000e+00
4.650000000000000000e+02 1.860030695269216938e-01 7.669549385525716856e-01 1.593081474738279601e-02 1.866181156121984527e-02 1.984524351388256835e-01 0.000000000000000000e+00
4.680000000000000000e+02 1.872030893303211485e-01 7.678652708238506985e-01 1.706873008648156567e-02 1.968593536640873831e-02 1.953800637232590010e-01 0.000000000000000000e+00
4.710000000000000000e+02 1.884031091337206032e-01 7.716203914428766408e-01 1.718252162039144229e-02 2.150659990896677115e-02 1.896904870277651423e-01 0.000000000000000000e+00
4.740000000000000000e+02 1.896031289371200579e-01 7.716203914428766408e-01 1.843422849340009204e-02 2.503413746017296368e-02 1.849112426035502965e-01 0.000000000000000000e+00
4.770000000000000000e+02 1.908031487405195126e-01 7.686618115612198210e-01 1.923076923076923184e-02 2.810650887573964626e-02 1.840009103322712836e-01 0.000000000000000000e+00
4.800000000000000000e+02 1.920031685439191893e-01 7.707100591715976279e-01 1.934456076467910846e-02 3.083750568957669552e-02 1.791078743741465751e-01 0.000000000000000000e+00
4.830000000000000000e+02 1.932031883473186440e-01 7.719617660446063123e-01 1.786527082385070547e-02 3.368229403732362487e-02 1.764906690942193990e-01 0.000000000000000000e+00
4.860000000000000000e+02 1.944032081507180987e-01 7.691169776968593830e-01 1.923076923076923184e-02 3.402366863905325473e-02 1.776285844333181652e-01 0.000000000000000000e+00
4.890000000000000000e+02 1.956032279541175534e-01 7.711652253072371899e-01 1.979972690031861493e-02 3.584433318161128756e-02 1.731907146108329631e-01 0.000000000000000000e+00
4.920000000000000000e+02 1.968032477575170081e-01 7.751479289940828021e-01 2.002730996813837164e-02 3.743741465634956717e-02 1.673873463814292140e-01 0.000000000000000000e+00
4.950000000000000000e+02 1.980032675609166848e-01 7.812926718252162228e-01 2.025489303595812488e-02 3.789258079198907364e-02 1.605598543468365891e-01 0.000000000000000000e+00
4.980000000000000000e+02 1.992032873643161395e-01 7.808375056895766608e-01 2.105143377332726468e-02 4.062357760582612637e-02 1.574874829312699065e-01 0.000000000000000000e+00
5.010000000000000000e+02 2.004033071677155942e-01 7.784478834774692935e-01 2.401001365498407064e-02 4.528903049613108855e-02 1.522530723714155543e-01 0.000000000000000000e+00
5.040000000000000000e+02 2.016033269711150488e-01 7.807237141556667703e-01 2.423759672280382388e-02 4.608557123350022489e-02 1.489531178880291185e-01 0.000000000000000000e+00
5.070000000000000000e+02 2.028033467745145035e-01 7.858443331816112876e-01 2.321347291761493084e-02 4.972690031861629750e-02 1.412152935821574806e-01 0.000000000000000000e+00
5.100000000000000000e+02 2.040033665779139582e-01 7.895994538006372299e-01 2.275830678197542090e-02 5.097860719162494031e-02 1.366636322257624159e-01 0.000000000000000000e+00
5.130000000000000000e+02 2.052033863813136350e-01 7.949476558944014171e-01 2.389622212107419055e-02 5.382339553937186966e-02 1.273327264451524776e-01 0.000000000000000000e+00
5.160000000000000000e+02 2.064034061847130896e-01 7.947200728265817471e-01 2.435138825671370050e-02 5.530268548020027264e-02 1.256258534365043145e-01 0.000000000000000000e+00
5.190000000000000000e+02 2.076034259881125443e-01 8.013199817933546187e-01 2.492034592626308706e-02 5.541647701411014926e-02 1.183431952662721831e-01 0.000000000000000000e+00
5.220000000000000000e+02 2.088034457915119990e-01 8.009786071916249472e-01 2.662721893491124328e-02 5.518889394629039602e-02 1.172052799271734169e-01 0.000000000000000000e+00
5.250000000000000000e+02 2.100034655949114537e-01 8.025716886663631922e-01 2.730996813837050646e-02 5.587164314974965573e-02 1.142467000455166110e-01 0.000000000000000000e+00
5.280000000000000000e+02 2.112034853983111304e-01 8.056440600819299025e-01 2.981338188438780248e-02 5.700955848884842886e-02 1.075329995448338627e-01 0.000000000000000000e+00
5.310000000000000000e+02 2.124035052017105851e-01 8.048475193445607800e-01 2.844788347746927612e-02 5.837505689576695522e-02 1.083295402822029990e-01 0.000000000000000000e+00
5.340000000000000000e+02 2.136035250051100398e-01 8.049613108784706705e-01 2.947200728265816916e-02 6.019572143832498806e-02 1.053709604005461931e-01 0.000000000000000000e+00
5.370000000000000000e+02 2.148035448085094945e-01 8.098543468365954068e-01 2.969959035047792587e-02 6.019572143832498806e-02 1.002503413746017313e-01 0.000000000000000000e+00
5.400000000000000000e+02 2.160035646119089492e-01 8.070095584888484774e-01 3.015475648611743234e-02 6.121984524351388457e-02 1.016158397815202508e-01 0.000000000000000000e+00
5.430000000000000000e+02 2.172035844153084039e-01 8.121301775147928836e-01 3.163404642694583185e-02 6.042330450614474130e-02 9.581247155211652933e-02 0.000000000000000000e+00
5.460000000000000000e+02 2.184036042187080806e-01 8.149749658625398130e-01 3.197542102867546865e-02 5.962676376877560497e-02 9.342284934000910646e-02 0.000000000000000000e+00
5.490000000000000000e+02 2.196036240221075353e-01 8.189576695493855363e-01 3.072371415566681890e-02 5.883022303140646170e-02 9.148839326354119006e-02 0.000000000000000000e+00
5.520000000000000000e+02 2.208036438255069900e-01 8.208921256258534527e-01 3.095129722348657214e-02 5.814747382794720199e-02 9.000910332271279402e-02 0.000000000000000000e+00
5.550000000000000000e+02 2.220036636289064447e-01 8.221438324988621371e-01 3.163404642694583185e-02 5.905780609922621494e-02 8.716431497496586467e-02 0.000000000000000000e+00
5.580000000000000000e+02 2.232036834323058994e-01 8.249886208466090665e-01 3.220300409649522189e-02 6.167501137915339104e-02 8.113336367774237612e-02 0.000000000000000000e+00
5.610000000000000000e+02 2.244037032357053540e-01 8.251024123805188459e-01 3.186162949476559203e-02 6.440600819299044377e-02 7.862994993172507663e-02 0.000000000000000000e+00
5.640000000000000000e+02 2.256037230391050308e-01 8.278334091943558848e-01 3.265817023213472836e-02 6.554392353208920996e-02 7.396449704142012138e-02 0.000000000000000000e+00
5.670000000000000000e+02 2.268037428425044855e-01 8.241920801092398330e-01 3.561675011379153433e-02 6.759217114246700298e-02 7.259899863450158808e-02 0.000000000000000000e+00
5.700000000000000000e+02 2.280037626459039402e-01 8.237369139736003820e-01 3.800637232589895026e-02 6.725079654073737312e-02 7.100591715976331542e-02 0.000000000000000000e+00
5.730000000000000000e+02 2.292037824493033948e-01 8.212335002275830131e-01 4.016841147018661989e-02 6.770596267637687959e-02 7.089212562585343880e-02 0.000000000000000000e+00
5.760000000000000000e+02 2.304038022527028495e-01 8.199817933545744397e-01 4.244424214838415921e-02 6.759217114246700298e-02 6.998179335457442585e-02 0.000000000000000000e+00
5.790000000000000000e+02 2.316038220561025263e-01 8.233955393718707105e-01 4.392353208921256219e-02 6.725079654073737312e-02 6.543013199817933334e-02 0.000000000000000000e+00
5.820000000000000000e+02 2.328038418595019809e-01 8.257851615839781889e-01 4.392353208921256219e-02 6.599908966772871644e-02 6.429221665908056715e-02 0.000000000000000000e+00
5.850000000000000000e+02 2.340038616629014356e-01 8.266954938552572019e-01 4.517523896222121194e-02 6.599908966772871644e-02 6.213017751479289752e-02 0.000000000000000000e+00
5.880000000000000000e+02 2.352038814663008903e-01 8.284023668639053373e-01 4.574419663177059503e-02 6.679563040509786664e-02 5.905780609922621494e-02 0.000000000000000000e+00
5.910000000000000000e+02 2.364039012697003450e-01 8.307919890760127046e-01 4.517523896222121194e-02 6.383705052344106068e-02 6.019572143832498806e-02 0.000000000000000000e+00
5.940000000000000000e+02 2.376039210730997997e-01 8.312471552116522666e-01 4.676832043695949154e-02 6.429221665908056715e-02 5.769230769230769551e-02 0.000000000000000000e+00
5.970000000000000000e+02 2.388039408764994764e-01 8.268092853891670924e-01 4.961310878470642088e-02 6.531634046426945672e-02 5.826126536185707860e-02 0.000000000000000000e+00
6.000000000000000000e+02 2.400039606798989311e-01 8.296540737369140217e-01 4.847519344560764776e-02 6.474738279472007363e-02 5.712335002275830548e-02 0.000000000000000000e+00
6.030000000000000000e+02 2.412039804832983858e-01 8.265817023213473114e-01 5.006827492034592736e-02 6.565771506599908658e-02 5.769230769230769551e-02 0.000000000000000000e+00
6.060000000000000000e+02 2.424040002866978405e-01 8.301092398725534727e-01 5.086481565771506369e-02 6.486117432862995025e-02 5.416477014110149951e-02 0.000000000000000000e+00
6.090000000000000000e+02 2.436040200900972952e-01 8.263541192535275304e-01 5.279927173418298009e-02 6.759217114246700298e-02 5.325443786982248656e-02 0.000000000000000000e+00
6.120000000000000000e+02 2.448040398934969719e-01 8.244196631770596140e-01 5.279927173418298009e-02 6.941283568502502888e-02 5.336822940373236318e-02 0.000000000000000000e+00
6.150000000000000000e+02 2.460040596968964266e-01 8.239644970414201630e-01 5.291306326809285671e-02 6.998179335457442585e-02 5.314064633591260994e-02 0.000000000000000000e+00
6.180000000000000000e+02 2.472040795002958813e-01 8.263541192535275304e-01 5.439235320892125969e-02 6.827492034592626269e-02 5.097860719162494031e-02 0.000000000000000000e+00
6.210000000000000000e+02 2.484040993036953360e-01 8.245334547109695045e-01 5.530268548020027264e-02 6.850250341374601593e-02 5.166135639508420696e-02 0.000000000000000000e+00
6.240000000000000000e+02 2.496041191070947907e-01 8.261265361857077494e-01 5.541647701411014926e-02 6.929904415111515226e-02 4.915794264906690747e-02 0.000000000000000000e+00
6.270000000000000000e+02 2.508041389104942454e-01 8.243058716431497235e-01 5.564406008192990249e-02 7.020937642239417908e-02 4.984069185252617412e-02 0.000000000000000000e+00
6.300000000000000000e+02 2.520041587138939221e-01 8.249886208466090665e-01 5.518889394629039602e-02 7.009558488848430247e-02 4.972690031861629750e-02 0.000000000000000000e+00
6.330000000000000000e+02 2.532041785172933768e-01 8.279472007282657753e-01 5.359581247155211642e-02 7.089212562585343880e-02 4.756486117432862787e-02 0.000000000000000000e+00
6.360000000000000000e+02 2.544041983206928315e-01 8.305644060081930347e-01 5.473372781065088954e-02 6.861629494765589254e-02 4.608557123350022489e-02 0.000000000000000000e+00
6.390000000000000000e+02 2.556042181240922861e-01 8.294264906690942407e-01 5.496131087847064278e-02 6.952662721893490549e-02 4.608557123350022489e-02 0.000000000000000000e+00
6.420000000000000000e+02 2.568042379274917408e-01 8.305644060081930347e-01 5.632680928538916915e-02 7.043695949021393232e-02 4.267182521620391245e-02 0.000000000000000000e+00
6.450000000000000000e+02 2.580042577308911955e-01 8.269230769230768718e-01 5.712335002275830548e-02 7.032316795630405570e-02 4.563040509786071841e-02 0.000000000000000000e+00
6.480000000000000000e+02 2.592042775342908723e-01 8.271506599908966528e-01 5.735093309057805872e-02 7.077833409194356218e-02 4.472007282658170546e-02 0.000000000000000000e+00
6.510000000000000000e+02 2.604042973376903269e-01 8.276058261265362148e-01 5.564406008192990249e-02 7.385070550751024476e-02 4.289940828402366568e-02 0.000000000000000000e+00
6.540000000000000000e+02 2.616043171410897816e-01 8.258989531178880794e-01 5.689576695493855224e-02 7.544378698224851743e-02 4.176149294492489950e-02 0.000000000000000000e+00
6.570000000000000000e+02 2.628043369444892363e-01 8.266954938552572019e-01 5.678197542102867562e-02 7.612653618570777714e-02 4.039599453800637313e-02 0.000000000000000000e+00
6.600000000000000000e+02 2.640043567478886910e-01 8.284023668639053373e-01 5.518889394629039602e-02 7.544378698224851743e-02 4.096495220755575623e-02 0.000000000000000000e+00
6.630000000000000000e+02 2.652043765512883677e-01 8.309057806099225951e-01 5.518889394629039602e-02 7.453345471096950448e-02 3.937187073281747662e-02 0.000000000000000000e+00
6.660000000000000000e+02 2.664043963546878224e-01 8.350022758306782089e-01 5.507510241238051940e-02 7.168866636322257513e-02 3.823395539371871044e-02 0.000000000000000000e+00
6.690000000000000000e+02 2.676044161580872771e-01 8.342057350933090865e-01 5.678197542102867562e-02 7.248520710059171146e-02 3.652708238507055422e-02 0.000000000000000000e+00
6.720000000000000000e+02 2.688044359614867318e-01 8.324988620846609511e-01 5.723714155666818210e-02 7.305416477014110843e-02 3.720983158852981393e-02 0.000000000000000000e+00
6.750000000000000000e+02 2.700044557648861865e-01 8.309057806099225951e-01 5.803368229403732537e-02 7.385070550751024476e-02 3.720983158852981393e-02 0.000000000000000000e+00
6.780000000000000000e+02 2.712044755682856412e-01 8.355712335002275504e-01 5.735093309057805872e-02 7.032316795630405570e-02 3.675466545289030745e-02 0.000000000000000000e+00
6.810000000000000000e+02 2.724044953716853179e-01 8.372781065088756858e-01 5.837505689576695522e-02 6.838871187983613931e-02 3.595812471552116418e-02 0.000000000000000000e+00
