# itime ezz other fcc hcp bcc ico
0.000000000000000000e+00 0.000000000000000000e+00 9.103322712790168532e-04 9.990896677287209870e-01 0.000000000000000000e+00 0.000000000000000000e+00 0.000000000000000000e+00
3.000000000000000000e+01 1.200002988595527675e-02 1.934456076467910759e-03 9.980655439235320836e-01 0.000000000000000000e+00 0.000000000000000000e+00 0.000000000000000000e+00
6.000000000000000000e+01 2.400005977191077555e-02 1.251706873008648227e-03 9.987482931269913156e-01 0.000000000000000000e+00 0.000000000000000000e+00 0.000000000000000000e+00
9.000000000000000000e+01 3.600008965786605231e-02 6.030951297223486815e-03 9.939690487027764698e-01 0.000000000000000000e+00 0.000000000000000000e+00 0.000000000000000000e+00
1.200000000000000000e+02 4.800011954382155110e-02 7.510241238051888930e-03 9.922621756941283344e-01 0.000000000000000000e+00 2.275830678197542133e-04 0.000000000000000000e+00
1.500000000000000000e+02 6.000014942977682786e-02 2.492034592626308706e-02 9.746244879380974169e-01 0.000000000000000000e+00 4.551661356395084266e-04 0.000000000000000000e+00
1.800000000000000000e+02 7.200017931573232666e-02 3.425125170687300796e-02 9.642694583522986029e-01 0.000000000000000000e+00 1.479289940828402332e-03 0.000000000000000000e+00
2.100000000000000000e+02 8.400020920168760341e-02 6.725079654073737312e-02 9.297906235776057793e-01 0.000000000000000000e+00 2.958579881656804664e-03 0.000000000000000000e+00
2.400000000000000000e+02 9.600023908764288016e-02 1.210741920801092358e-01 8.728948566226673034e-01 0.000000000000000000e+00 6.030951297223486815e-03 0.000000000000000000e+00
2.700000000000000000e+02 1.080002689735983790e-01 2.198452435138825711e-01 7.646791078743740977e-01 0.000000000000000000e+00 1.547564861174328607e-02 0.000000000000000000e+00
3.000000000000000000e+02 1.200002988595536557e-01 3.560537096040054528e-01 6.176604460628128956e-01 0.000000000000000000e+00 2.628584433318160996e-02 0.000000000000000000e+00
3.300000000000000000e+02 1.320003287455091545e-01 5.007965407373691225e-01 4.500455166135639562e-01 3.413746017296313199e-04 4.881656804733727761e-02 0.000000000000000000e+00
3.600000000000000000e+02 1.440003586314644313e-01 6.431497496586253693e-01 2.705962676376877374e-01 2.389622212107419402e-03 8.386436049157942885e-02 0.000000000000000000e+00
3.900000000000000000e+02 1.560003885174199301e-01 7.357760582612653533e-01 1.444014565316340537e-01 7.055075102412380721e-03 1.127674101046882149e-01 0.000000000000000000e+00
4.200000000000000000e+02 1.680004184033752068e-01 7.794720072826581969e-01 8.466090122894856518e-02 1.752389622212107562e-02 1.183431952662721831e-01 0.000000000000000000e+00
4.500000000000000000e+02 1.800004482893304836e-01 8.205507510241237812e-01 5.097860719162494031e-02 2.423759672280382388e-02 1.042330450614474269e-01 0.000000000000000000e+00
4.800000000000000000e+02 1.920004781752859824e-01 8.430814747382794350e-01 4.039599453800637313e-02 2.696859353664087314e-02 8.955393718707328754e-02 0.000000000000000000e+00
5.100000000000000000e+02 2.040005080612412591e-01 8.748293126991352198e-01 3.117888029130632538e-02 2.787892580791988956e-02 6.611288120163859305e-02 0.000000000000000000e+00
5.400000000000000000e+02 2.160005379471967579e-01 8.923532089212562468e-01 2.435138825671370050e-02 2.878925807919890598e-02 5.450614474283113631e-02 0.000000000000000000e+00
5.700000000000000000e+02 2.280005678331520347e-01 9.091943559399180419e-01 2.378243058716431393e-02 3.186162949476559203e-02 3.516158397815202785e-02 0.000000000000000000e+00
6.000000000000000000e+02 2.400005977191075335e-01 9.237596722803823601e-01 2.184797451069640448e-02 2.651342740100136666e-02 2.787892580791988956e-02 0.000000000000000000e+00
6.300000000000000000e+02 2.520006276050628102e-01 9.368456986800182129e-01 1.957214383249886169e-02 2.469276285844333035e-02 1.888939462903959851e-02 0.000000000000000000e+00
6.600000000000000000e+02 2.640006574910180870e-01 9.449248975876194390e-01 1.718252162039144229e-02 2.082385070550751144e-02 1.706873008648156567e-02 0.000000000000000000e+00
6.900000000000000000e+02 2.760006873769735858e-01 9.501593081474738467e-01 1.581702321347291593e-02 1.877560309512972189e-02 1.513427401001365448e-02 1.137915339098771066e-04
7.200000000000000000e+02 2.880007172629288625e-01 9.530040964952207760e-01 1.319981793354574502e-02 2.036868456986800149e-02 1.342740100136549826e-02 0.000000000000000000e+00
7.500000000000000000e+02 3.000007471488843613e-01 9.572143832498861693e-01 1.365498406918525323e-02 1.820664542558033533e-02 1.092398725534820224e-02 0.000000000000000000e+00
7.800000000000000000e+02 3.120007770348396381e-01 9.604005461993627701e-01 1.251706873008648184e-02 1.547564861174328607e-02 1.160673645880746542e-02 0.000000000000000000e+00
8.100000000000000000e+02 3.240008069207951369e-01 9.637005006827491504e-01 1.035502958579881741e-02 1.581702321347291593e-02 9.899863450159307465e-03 2.275830678197542133e-04
8.400000000000000000e+02 3.360008368067504136e-01 9.700728265817023521e-01 9.217114246700046018e-03 1.217569412835685025e-02 8.420573509330906217e-03 1.137915339098771066e-04
8.700000000000000000e+02 3.480008666927056904e-01 9.721210741920801590e-01 7.282658170232134826e-03 1.228948566226672687e-02 8.079198907601274626e-03 2.275830678197542133e-04
9.000000000000000000e+02 3.600008965786611892e-01 9.743969048702776359e-01 8.534365043240782836e-03 1.069640418752844727e-02 6.258534365043240920e-03 1.137915339098771066e-04
9.300000000000000000e+02 3.720009264646164659e-01 9.792899408284023721e-01 6.827492034592626616e-03 8.989531178880291046e-03 4.893035958124715423e-03 0.000000000000000000e+00
9.600000000000000000e+02 3.840009563505719647e-01 9.800864815657714946e-01 6.486117432862995025e-03 8.648156577150659455e-03 4.437869822485207214e-03 3.413746017296313199e-04
9.900000000000000000e+02 3.960009862365270195e-01 9.805416477014110566e-01 6.258534365043240920e-03 7.396449704142011444e-03 5.575785161583977738e-03 2.275830678197542133e-04
1.020000000000000000e+03 4.080010161224827403e-01 9.812243969048702885e-01 6.144742831133363434e-03 7.965407373691398007e-03 4.210286754665453109e-03 4.551661356395084266e-04
1.050000000000000000e+03 4.200010460084377950e-01 9.811106053709603980e-01 6.144742831133363434e-03 7.168866636322257339e-03 5.006827492034592909e-03 5.689576695493854790e-04
1.080000000000000000e+03 4.320010758943935159e-01 9.842967683204369989e-01 5.120619025944469528e-03 6.827492034592626616e-03 3.299954483386436255e-03 4.551661356395084266e-04
1.110000000000000000e+03 4.440011057803485706e-01 9.868001820664542567e-01 4.665452890304961318e-03 6.144742831133363434e-03 2.389622212107419402e-03 0.000000000000000000e+00
1.140000000000000000e+03 4.560011356663042914e-01 9.870277651342740377e-01 3.755120619025944465e-03 5.803368229403732710e-03 3.072371415566681717e-03 3.413746017296313199e-04
1.170000000000000000e+03 4.680011655522593461e-01 9.898725534820209671e-01 3.868912152935821518e-03 4.551661356395083832e-03 1.365498406918525280e-03 3.413746017296313199e-04
1.200000000000000000e+03 4.800011954382150670e-01 9.880518889394629412e-01 3.755120619025944465e-03 5.120619025944469528e-03 2.844788347746927612e-03 2.275830678197542133e-04
1.230000000000000000e+03 4.920012253241701217e-01 9.891898042785616241e-01 3.982703686845699004e-03 3.982703686845699004e-03 2.730996813837050560e-03 1.137915339098771066e-04
1.260000000000000000e+03 5.040012552101258425e-01 9.916932180245789930e-01 2.730996813837050560e-03 3.413746017296313308e-03 1.934456076467910759e-03 2.275830678197542133e-04
1.290000000000000000e+03 5.160012850960808972e-01 9.914656349567592120e-01 2.730996813837050560e-03 3.755120619025944465e-03 1.593081474738279385e-03 4.551661356395084266e-04
1.320000000000000000e+03 5.280013149820366181e-01 9.931725079654073474e-01 2.730996813837050560e-03 2.503413746017296455e-03 1.251706873008648227e-03 3.413746017296313199e-04
1.350000000000000000e+03 5.400013448679916728e-01 9.922621756941283344e-01 2.503413746017296455e-03 3.186162949476558769e-03 1.593081474738279385e-03 4.551661356395084266e-04
1.380000000000000000e+03 5.520013747539471716e-01 9.938552571688666903e-01 2.048247610377787811e-03 2.844788347746927612e-03 7.965407373691396923e-04 4.551661356395084266e-04
1.410000000000000000e+03 5.640014046399022263e-01 9.940828402366863603e-01 1.706873008648156654e-03 2.730996813837050560e-03 1.251706873008648227e-03 2.275830678197542133e-04
1.440000000000000000e+03 5.760014345258579471e-01 9.946517979062358128e-01 1.820664542558033706e-03 2.617205279927173507e-03 5.689576695493854790e-04 3.413746017296313199e-04
1.470000000000000000e+03 5.880014644118130018e-01 9.943104233045061413e-01 2.162039144287664864e-03 2.503413746017296455e-03 9.103322712790168532e-04 1.137915339098771066e-04
1.500000000000000000e+03 6.000014942977687227e-01 9.941966317705962508e-01 1.934456076467910759e-03 2.275830678197541916e-03 9.103322712790168532e-04 6.827492034592626399e-04
1.530000000000000000e+03 6.120015241837237774e-01 9.952207555757851543e-01 2.048247610377787811e-03 1.820664542558033706e-03 3.413746017296313199e-04 5.689576695493854790e-04
1.560000000000000000e+03 6.240015540696794982e-01 9.959035047792443862e-01 1.593081474738279385e-03 1.593081474738279385e-03 5.689576695493854790e-04 3.413746017296313199e-04
1.590000000000000000e+03 6.360015839556345529e-01 9.963586709148839482e-01 1.365498406918525280e-03 1.706873008648156654e-03 5.689576695493854790e-04 0.000000000000000000e+00
1.620000000000000000e+03 6.480016138415902738e-01 9.968138370505233992e-01 9.103322712790168532e-04 1.820664542558033706e-03 2.275830678197542133e-04 2.275830678197542133e-04
1.650000000000000000e+03 6.600016437275453285e-01 9.967000455166135087e-01 9.103322712790168532e-04 1.479289940828402332e-03 4.551661356395084266e-04 4.551661356395084266e-04
1.680000000000000000e+03 6.720016736135010493e-01 9.971552116522530707e-01 1.137915339098770958e-03 1.365498406918525280e-03 2.275830678197542133e-04 1.137915339098771066e-04
1.710000000000000000e+03 6.840017034994561040e-01 9.971552116522530707e-01 1.024123805188893906e-03 1.137915339098770958e-03 4.551661356395084266e-04 2.275830678197542133e-04
1.740000000000000000e+03 6.960017333854118249e-01 9.963586709148839482e-01 9.103322712790168532e-04 1.820664542558033706e-03 3.413746017296313199e-04 5.689576695493854790e-04
1.770000000000000000e+03 7.080017632713668796e-01 9.965862539827037292e-01 4.551661356395084266e-04 1.137915339098770958e-03 7.965407373691396923e-04 1.024123805188893906e-03
1.800000000000000000e+03 7.200017931573223784e-01 9.967000455166135087e-01 9.103322712790168532e-04 1.251706873008648227e-03 2.275830678197542133e-04 9.103322712790168532e-04
1.830000000000000000e+03 7.320018230432774331e-01 9.970414201183431802e-01 7.965407373691396923e-04 9.103322712790168532e-04 3.413746017296313199e-04 9.103322712790168532e-04
1.860000000000000000e+03 7.440018529292331539e-01 9.963586709148839482e-01 4.551661356395084266e-04 1.365498406918525280e-03 3.413746017296313199e-04 1.479289940828402332e-03
1.890000000000000000e+03 7.560018828151882087e-01 9.969276285844332897e-01 6.827492034592626399e-04 1.593081474738279385e-03 2.275830678197542133e-04 5.689576695493854790e-04
1.920000000000000000e+03 7.680019127011439295e-01 9.970414201183431802e-01 4.551661356395084266e-04 1.706873008648156654e-03 1.137915339098771066e-04 6.827492034592626399e-04
1.950000000000000000e+03 7.800019425870989842e-01 9.980655439235320836e-01 2.275830678197542133e-04 9.103322712790168532e-04 2.275830678197542133e-04 5.689576695493854790e-04
1.980000000000000000e+03 7.920019724730547050e-01 9.973827947200728516e-01 4.551661356395084266e-04 1.024123805188893906e-03 4.551661356395084266e-04 6.827492034592626399e-04
2.010000000000000000e+03 8.040020023590097598e-01 9.972690031861629611e-01 4.551661356395084266e-04 1.479289940828402332e-03 1.137915339098771066e-04 6.827492034592626399e-04
2.040000000000000000e+03 8.160020322449654806e-01 9.978379608557123026e-01 5.689576695493854790e-04 6.827492034592626399e-04 1.137915339098771066e-04 7.965407373691396923e-04
2.070000000000000000e+03 8.280020621309205353e-01 9.981793354574419741e-01 3.413746017296313199e-04 6.827492034592626399e-04 4.551661356395084266e-04 3.413746017296313199e-04
2.100000000000000000e+03 8.400020920168762562e-01 9.965862539827037292e-01 4.551661356395084266e-04 7.965407373691396923e-04 5.689576695493854790e-04 1.593081474738279385e-03
2.130000000000000000e+03 8.520021219028313109e-01 9.971552116522530707e-01 3.413746017296313199e-04 1.251706873008648227e-03 2.275830678197542133e-04 1.024123805188893906e-03
2.160000000000000000e+03 8.640021517887870317e-01 9.976103777878926326e-01 0.000000000000000000e+00 1.479289940828402332e-03 2.275830678197542133e-04 6.827492034592626399e-04
2.190000000000000000e+03 8.760021816747420864e-01 9.971552116522530707e-01 3.413746017296313199e-04 9.103322712790168532e-04 3.413746017296313199e-04 1.251706873008648227e-03
2.220000000000000000e+03 8.880022115606975852e-01 9.976103777878926326e-01 2.275830678197542133e-04 1.365498406918525280e-03 2.275830678197542133e-04 5.689576695493854790e-04
2.250000000000000000e+03 9.000022414466526399e-01 9.973827947200728516e-01 3.413746017296313199e-04 1.251706873008648227e-03 2.275830678197542133e-04 7.965407373691396923e-04
2.280000000000000000e+03 9.120022713326083608e-01 9.973827947200728516e-01 1.137915339098771066e-04 9.103322712790168532e-04 2.275830678197542133e-04 1.365498406918525280e-03
2.310000000000000000e+03 9.240023012185634155e-01 9.974965862539827421e-01 1.137915339098771066e-04 1.024123805188893906e-03 2.275830678197542133e-04 1.137915339098770958e-03
2.340000000000000000e+03 9.360023311045191363e-01 9.971552116522530707e-01 1.137915339098771066e-04 6.827492034592626399e-04 3.413746017296313199e-04 1.706873008648156654e-03
2.370000000000000000e+03 9.480023609904741910e-01 9.980655439235320836e-01 0.000000000000000000e+00 6.827492034592626399e-04 0.000000000000000000e+00 1.251706873008648227e-03
2.400000000000000000e+03 9.600023908764299119e-01 9.976103777878926326e-01 1.137915339098771066e-04 1.365498406918525280e-03 0.000000000000000000e+00 9.103322712790168532e-04
2.430000000000000000e+03 9.720024207623849666e-01 9.979517523896221931e-01 0.000000000000000000e+00 6.827492034592626399e-04 2.275830678197542133e-04 1.137915339098770958e-03
2.460000000000000000e+03 9.840024506483406874e-01 9.976103777878926326e-01 2.275830678197542133e-04 7.965407373691396923e-04 2.275830678197542133e-04 1.137915339098770958e-03
2.490000000000000000e+03 9.960024805342957421e-01 9.976103777878926326e-01 1.137915339098771066e-04 7.965407373691396923e-04 0.000000000000000000e+00 1.479289940828402332e-03
