# itime ezz other fcc hcp bcc ico
0.000000000000000000e+00 0.000000000000000000e+00 0.000000000000000000e+00 1.000000000000000000e+00 0.000000000000000000e+00 0.000000000000000000e+00 0.000000000000000000e+00
4.000000000000000000e+04 9.999996422275447827e-03 0.000000000000000000e+00 1.000000000000000000e+00 0.000000000000000000e+00 0.000000000000000000e+00 0.000000000000000000e+00
8.000000000000000000e+04 1.999999284455111770e-02 0.000000000000000000e+00 1.000000000000000000e+00 0.000000000000000000e+00 0.000000000000000000e+00 0.000000000000000000e+00
1.200000000000000000e+05 2.999998926682656553e-02 0.000000000000000000e+00 1.000000000000000000e+00 0.000000000000000000e+00 0.000000000000000000e+00 0.000000000000000000e+00
1.600000000000000000e+05 3.999998568910201335e-02 1.137915339098771066e-04 9.998862084660901095e-01 0.000000000000000000e+00 0.000000000000000000e+00 0.000000000000000000e+00
2.000000000000000000e+05 4.999998211137768322e-02 0.000000000000000000e+00 1.000000000000000000e+00 0.000000000000000000e+00 0.000000000000000000e+00 0.000000000000000000e+00
2.400000000000000000e+05 5.999997853365313105e-02 0.000000000000000000e+00 1.000000000000000000e+00 0.000000000000000000e+00 0.000000000000000000e+00 0.000000000000000000e+00
2.800000000000000000e+05 6.999997495592857888e-02 5.689576695493854790e-04 9.994310423304506585e-01 0.000000000000000000e+00 0.000000000000000000e+00 0.000000000000000000e+00
3.200000000000000000e+05 7.999997137820402671e-02 2.275830678197542133e-04 9.997724169321802190e-01 0.000000000000000000e+00 0.000000000000000000e+00 0.000000000000000000e+00
3.600000000000000000e+05 8.999996780047969658e-02 1.934456076467910759e-03 9.978379608557123026e-01 0.000000000000000000e+00 2.275830678197542133e-04 0.000000000000000000e+00
4.000000000000000000e+05 9.999996422275514441e-02 3.299954483386436255e-03 9.967000455166135087e-01 0.000000000000000000e+00 0.000000000000000000e+00 0.000000000000000000e+00
4.400000000000000000e+05 1.099999606450305922e-01 5.689576695493855224e-03 9.943104233045061413e-01 0.000000000000000000e+00 0.000000000000000000e+00 0.000000000000000000e+00
4.800000000000000000e+05 1.199999570673062621e-01 1.263086026399635846e-02 9.872553482020938187e-01 0.000000000000000000e+00 1.137915339098771066e-04 0.000000000000000000e+00
5.200000000000000000e+05 1.299999534895817099e-01 1.888939462903959851e-02 9.811106053709603980e-01 0.000000000000000000e+00 0.000000000000000000e+00 0.000000000000000000e+00
5.600000000000000000e+05 1.399999499118571578e-01 2.560309512972235024e-02 9.743969048702776359e-01 0.000000000000000000e+00 0.000000000000000000e+00 0.000000000000000000e+00
6.000000000000000000e+05 1.499999463341328276e-01 3.982703686845699004e-02 9.601729631315429891e-01 0.000000000000000000e+00 0.000000000000000000e+00 0.000000000000000000e+00
6.400000000000000000e+05 1.599999427564082755e-01 7.123350022758306865e-02 9.287664997724169869e-01 0.000000000000000000e+00 0.000000000000000000e+00 0.000000000000000000e+00
6.800000000000000000e+05 1.699999391786837233e-01 9.979517523896222486e-02 9.000910332271279124e-01 0.000000000000000000e+00 1.137915339098771066e-04 0.000000000000000000e+00
7.200000000000000000e+05 1.799999356009593932e-01 2.585343650432407880e-01 5.880746472462449193e-01 1.434911242603550408e-01 9.899863450159307465e-03 0.000000000000000000e+00
7.600000000000000000e+05 1.899999320232348410e-01 2.314519799726900418e-01 6.282430587164314906e-01 1.340464269458352398e-01 6.258534365043240920e-03 0.000000000000000000e+00
8.000000000000000000e+05 1.999999284455102888e-01 2.369139736003641195e-01 6.069640418752845212e-01 1.506599908966772816e-01 5.461993627674101119e-03 0.000000000000000000e+00
8.400000000000000000e+05 2.099999248677859587e-01 2.544378698224852298e-01 5.836367774237596340e-01 1.571461083295402905e-01 4.779244424214838804e-03 0.000000000000000000e+00
8.800000000000000000e+05 2.199999212900614065e-01 2.456759217114246607e-01 6.120846609012289274e-01 1.371187983614019223e-01 5.120619025944469528e-03 0.000000000000000000e+00
9.200000000000000000e+05 2.299999177123368543e-01 2.474965862539827144e-01 5.958124715521164738e-01 1.514565316340464318e-01 5.234410559854347014e-03 0.000000000000000000e+00
9.600000000000000000e+05 2.399999141346123022e-01 2.423759672280382249e-01 5.977469276285843902e-01 1.545289030496131144e-01 5.348202093764223633e-03 0.000000000000000000e+00
1.000000000000000000e+06 2.499999105568879720e-01 2.472690031861629611e-01 5.925125170687300935e-01 1.556668183887118806e-01 4.551661356395083832e-03 0.000000000000000000e+00
1.040000000000000000e+06 2.599999069791634199e-01 2.559171597633135842e-01 5.807919890760127046e-01 1.561219845243513871e-01 7.168866636322257339e-03 0.000000000000000000e+00
1.080000000000000000e+06 2.699999034014388677e-01 2.641101502048247562e-01 5.790851160673645692e-01 1.499772416932180219e-01 6.827492034592626616e-03 0.000000000000000000e+00
1.120000000000000000e+06 2.799998998237145376e-01 2.589895311788802945e-01 5.982020937642239522e-01 1.370050068274920319e-01 5.803368229403732710e-03 0.000000000000000000e+00
1.160000000000000000e+06 2.899998962459899854e-01 2.692307692307692180e-01 5.682749203459263043e-01 1.553254437869822369e-01 7.168866636322257339e-03 0.000000000000000000e+00
1.200000000000000000e+06 2.999998926682654332e-01 2.741238051888939542e-01 5.612198452435138707e-01 1.580564406008193035e-01 6.599908966772872511e-03 0.000000000000000000e+00
1.240000000000000000e+06 3.099998890905411031e-01 2.786754665452890189e-01 5.318616294947655643e-01 1.833181611288120239e-01 6.144742831133363434e-03 0.000000000000000000e+00
1.280000000000000000e+06 3.199998855128165509e-01 2.890304961310878329e-01 4.934000910332271284e-01 2.104005461993627701e-01 7.168866636322257339e-03 0.000000000000000000e+00
1.320000000000000000e+06 3.299998819350919987e-01 2.910787437414656398e-01 5.062585343650432002e-01 1.959490213928083702e-01 6.713700500682749130e-03 0.000000000000000000e+00
1.360000000000000000e+06 3.399998783573676686e-01 2.719617660446062568e-01 4.973827947200728516e-01 2.236003641329085134e-01 7.055075102412380721e-03 0.000000000000000000e+00
1.400000000000000000e+06 3.499998747796431164e-01 2.808375056895767163e-01 4.756486117432863203e-01 2.361174328629949970e-01 7.396449704142011444e-03 0.000000000000000000e+00
1.440000000000000000e+06 3.599998712019185643e-01 2.804961310878470448e-01 4.737141556668184039e-01 2.396449704142011861e-01 6.144742831133363434e-03 0.000000000000000000e+00
1.480000000000000000e+06 3.699998676241940121e-01 2.914201183431952558e-01 4.613108784706417831e-01 2.396449704142011861e-01 7.624032771961766417e-03 0.000000000000000000e+00
1.520000000000000000e+06 3.799998640464694599e-01 2.956304050978607045e-01 4.599453800637232637e-01 2.387346381429221731e-01 5.689576695493855224e-03 0.000000000000000000e+00
1.560000000000000000e+06 3.899998604687451298e-01 3.158852981338188259e-01 4.402594446973145392e-01 2.361174328629949970e-01 7.737824305871643035e-03 0.000000000000000000e+00
1.600000000000000000e+06 3.999998568910207997e-01 3.216886663632225751e-01 4.233045061447428536e-01 2.498862084660901095e-01 5.120619025944469528e-03 0.000000000000000000e+00
1.640000000000000000e+06 4.099998533132962475e-01 3.251024123805189014e-01 4.149977241693217911e-01 2.544378698224852298e-01 5.461993627674101119e-03 0.000000000000000000e+00
1.680000000000000000e+06 4.199998497355714733e-01 2.969959035047792240e-01 4.464041875284479044e-01 2.488620846609012338e-01 7.737824305871643035e-03 0.000000000000000000e+00
1.720000000000000000e+06 4.299998461578471431e-01 3.021165225307237412e-01 4.396904870277651423e-01 2.497724169321802468e-01 8.420573509330906217e-03 0.000000000000000000e+00
1.760000000000000000e+06 4.399998425801228130e-01 3.046199362767409990e-01 4.374146563495676099e-01 2.502275830678197810e-01 7.737824305871643035e-03 0.000000000000000000e+00
1.800000000000000000e+06 4.499998390023982608e-01 3.042785616750113831e-01 4.445835229858898230e-01 2.453345471096950448e-01 5.803368229403732710e-03 0.000000000000000000e+00
1.840000000000000000e+06 4.599998354246737087e-01 3.009786071916249472e-01 4.527765134274009950e-01 2.402139280837505553e-01 6.030951297223486815e-03 0.000000000000000000e+00
1.880000000000000000e+06 4.699998318469493785e-01 2.843650432407828776e-01 4.705279927173418031e-01 2.408966772872098427e-01 4.210286754665453109e-03 0.000000000000000000e+00
1.920000000000000000e+06 4.799998282692250484e-01 2.769685935366408835e-01 4.860036413290851343e-01 2.325898953117888079e-01 4.437869822485207214e-03 0.000000000000000000e+00
1.960000000000000000e+06 4.899998246915002742e-01 2.757168866636321991e-01 4.811106053709603980e-01 2.375967228038234069e-01 5.575785161583977738e-03 0.000000000000000000e+00
2.000000000000000000e+06 4.999998211137757220e-01 2.840236686390532617e-01 4.896449704142011861e-01 2.205279927173418308e-01 5.803368229403732710e-03 0.000000000000000000e+00
2.040000000000000000e+06 5.099998175360513919e-01 2.935821574874829532e-01 4.835002275830678209e-01 2.168866636322257513e-01 6.030951297223486815e-03 0.000000000000000000e+00
2.080000000000000000e+06 5.199998139583270618e-01 2.917614929449248717e-01 4.823623122439690269e-01 2.174556213017751483e-01 8.420573509330906217e-03 0.000000000000000000e+00
2.120000000000000000e+06 5.299998103806022876e-01 2.924442421483841592e-01 4.773554847519344557e-01 2.238279472007282667e-01 6.372325898953117539e-03 0.000000000000000000e+00
2.160000000000000000e+06 5.399998068028777354e-01 2.911925352753755303e-01 4.808830223031406725e-01 2.215521165225307343e-01 6.372325898953117539e-03 0.000000000000000000e+00
2.200000000000000000e+06 5.499998032251534053e-01 2.950614474283113076e-01 4.696176604460627901e-01 2.280382339553937154e-01 7.282658170232134826e-03 0.000000000000000000e+00
2.240000000000000000e+06 5.599997996474290751e-01 3.055302685480200120e-01 4.722348657259899940e-01 2.164314974965862448e-01 5.803368229403732710e-03 0.000000000000000000e+00
2.280000000000000000e+06 5.699997960697045229e-01 3.115612198452434867e-01 4.683659535730541612e-01 2.154073736913973691e-01 4.665452890304961318e-03 0.000000000000000000e+00
2.320000000000000000e+06 5.799997924919797487e-01 3.171370050068275104e-01 4.625625853436504120e-01 2.130177514792899462e-01 7.282658170232134826e-03 0.000000000000000000e+00
2.360000000000000000e+06 5.899997889142554186e-01 3.251024123805189014e-01 4.534592626308602825e-01 2.151797906235776159e-01 6.258534365043240920e-03 0.000000000000000000e+00
2.400000000000000000e+06 5.999997853365310885e-01 3.216886663632225751e-01 4.491351843422849432e-01 2.249658625398270329e-01 4.210286754665453109e-03 0.000000000000000000e+00
2.440000000000000000e+06 6.099997817588065363e-01 3.174783796085571264e-01 4.491351843422849432e-01 2.273554847519344557e-01 6.030951297223486815e-03 0.000000000000000000e+00
2.480000000000000000e+06 6.199997781810819841e-01 3.064406008192990249e-01 4.541420118343195145e-01 2.345243513882567243e-01 4.893035958124715423e-03 0.000000000000000000e+00
2.520000000000000000e+06 6.299997746033576540e-01 3.073509330905780379e-01 4.545971779699590209e-01 2.338416021847974646e-01 4.210286754665453109e-03 0.000000000000000000e+00
2.560000000000000000e+06 6.399997710256333239e-01 3.159990896677287164e-01 4.358215748748293095e-01 2.440828402366863881e-01 4.096495220755575623e-03 0.000000000000000000e+00
2.600000000000000000e+06 6.499997674479085497e-01 3.162266727355484974e-01 4.338871187983613931e-01 2.463586709148839204e-01 3.527537551206190360e-03 0.000000000000000000e+00
2.640000000000000000e+06 6.599997638701839975e-01 3.274920345926263243e-01 4.156804733727810786e-01 2.517068730086481354e-01 5.120619025944469528e-03 0.000000000000000000e+00
2.680000000000000000e+06 6.699997602924596674e-01 3.383022303140646447e-01 3.876877560309512916e-01 2.687756030951297115e-01 5.234410559854347014e-03 0.000000000000000000e+00
2.720000000000000000e+06 6.799997567147353372e-01 3.158852981338188259e-01 4.161356395084205850e-01 2.628584433318161273e-01 5.120619025944469528e-03 0.000000000000000000e+00
2.760000000000000000e+06 6.899997531370105630e-01 3.181611288120163583e-01 4.187528447883477334e-01 2.586481565771506785e-01 4.437869822485207214e-03 0.000000000000000000e+00
2.800000000000000000e+06 6.999997495592860108e-01 3.273782430587164338e-01 4.077150659990896875e-01 2.593309057806099105e-01 5.575785161583977738e-03 0.000000000000000000e+00
2.840000000000000000e+06 7.099997459815616807e-01 3.379608557123350288e-01 4.028220300409649512e-01 2.544378698224852298e-01 4.779244424214838804e-03 0.000000000000000000e+00
2.880000000000000000e+06 7.199997424038373506e-01 3.314747382794719921e-01 4.142011834319526686e-01 2.481793354574419741e-01 6.144742831133363434e-03 0.000000000000000000e+00
2.920000000000000000e+06 7.299997388261127984e-01 3.293126991351843502e-01 3.995220755575785154e-01 2.624032771961766208e-01 8.761948111060537808e-03 0.000000000000000000e+00
2.960000000000000000e+06 7.399997352483880242e-01 3.375056895766954668e-01 3.840464269458352398e-01 2.710514337733272439e-01 7.396449704142011444e-03 0.000000000000000000e+00
3.000000000000000000e+06 7.499997316706636941e-01 3.405780609922621771e-01 3.814292216659080359e-01 2.711652253072371344e-01 6.827492034592626616e-03 0.000000000000000000e+00
3.040000000000000000e+06 7.599997280929393639e-01 3.409194355939917931e-01 3.815430131998179264e-01 2.687756030951297115e-01 8.761948111060537808e-03 0.000000000000000000e+00
3.080000000000000000e+06 7.699997245152148118e-01 3.364815657715066188e-01 3.656121984524351443e-01 2.899408284023668458e-01 7.965407373691398007e-03 0.000000000000000000e+00
3.120000000000000000e+06 7.799997209374900375e-01 3.509330905780609910e-01 3.480883022303140617e-01 2.932407828857532817e-01 7.737824305871643035e-03 0.000000000000000000e+00
3.160000000000000000e+06 7.899997173597657074e-01 3.614019116977696955e-01 3.427401001365498190e-01 2.886891215293582169e-01 7.168866636322257339e-03 0.000000000000000000e+00
3.200000000000000000e+06 7.999997137820413773e-01 3.618570778334092020e-01 3.526399635867091265e-01 2.765134274010013771e-01 8.989531178880291046e-03 0.000000000000000000e+00
3.240000000000000000e+06 8.099997102043168251e-01 3.652708238507055283e-01 3.492262175694128556e-01 2.773099681383704995e-01 8.192990441511151245e-03 0.000000000000000000e+00
3.280000000000000000e+06 8.199997066265922729e-01 3.672052799271734447e-01 3.460400546199362548e-01 2.752617205279926926e-01 1.149294492489758707e-02 0.000000000000000000e+00
3.320000000000000000e+06 8.299997030488679428e-01 3.573054164770141372e-01 3.524123805188894010e-01 2.794720072826581969e-01 1.081019572143832562e-02 0.000000000000000000e+00
3.360000000000000000e+06 8.399996994711436127e-01 3.692535275375511961e-01 3.537778789258079204e-01 2.694583522985889990e-01 7.510241238051888930e-03 0.000000000000000000e+00
3.400000000000000000e+06 8.499996958934188385e-01 3.738051888939463163e-01 3.555985434683659463e-01 2.616067364588074429e-01 8.989531178880291046e-03 0.000000000000000000e+00
3.440000000000000000e+06 8.599996923156942863e-01 3.584433318161128756e-01 3.665225307237141572e-01 2.661583978152025631e-01 8.875739644970414427e-03 0.000000000000000000e+00
3.480000000000000000e+06 8.699996887379699562e-01 3.595812471552116696e-01 3.660673645880746507e-01 2.664997724169321791e-01 7.851615839781519654e-03 0.000000000000000000e+00
3.520000000000000000e+06 8.799996851602456260e-01 3.499089667728720876e-01 3.732362312243969193e-01 2.686618115612198210e-01 8.192990441511151245e-03 0.000000000000000000e+00
3.560000000000000000e+06 8.899996815825210739e-01 3.554847519344560558e-01 3.685707783340919641e-01 2.697997269003186149e-01 6.144742831133363434e-03 0.000000000000000000e+00
3.600000000000000000e+06 8.999996780047962996e-01 3.511606736458807720e-01 3.719845243513882349e-01 2.695721438324988894e-01 7.282658170232134826e-03 0.000000000000000000e+00
3.640000000000000000e+06 9.099996744270719695e-01 3.513882567137004975e-01 3.702776513427400995e-01 2.707100591715976279e-01 7.624032771961766417e-03 0.000000000000000000e+00
3.680000000000000000e+06 9.199996708493476394e-01 3.565088757396449592e-01 3.640191169776968438e-01 2.716203914428766408e-01 7.851615839781519654e-03 0.000000000000000000e+00
3.720000000000000000e+06 9.299996672716230872e-01 3.616294947655894210e-01 3.652708238507055283e-01 2.674101046882111921e-01 5.689576695493855224e-03 0.000000000000000000e+00
3.760000000000000000e+06 9.399996636938983130e-01 3.621984524351388179e-01 3.705052344105598805e-01 2.602412380518889234e-01 7.055075102412380721e-03 0.000000000000000000e+00
3.800000000000000000e+06 9.499996601161739829e-01 3.372781065088757413e-01 3.875739644970414011e-01 2.692307692307692180e-01 5.917159763313609329e-03 0.000000000000000000e+00
3.840000000000000000e+06 9.599996565384496527e-01 3.376194811106053573e-01 3.889394629039599205e-01 2.658170232134728916e-01 7.624032771961766417e-03 0.000000000000000000e+00
3.880000000000000000e+06 9.699996529607251006e-01 3.375056895766954668e-01 3.846153846153846367e-01 2.724169321802457633e-01 5.461993627674101119e-03 0.000000000000000000e+00
3.920000000000000000e+06 9.799996493830005484e-01 3.277196176604460498e-01 3.989531178880291185e-01 2.670687300864815761e-01 6.258534365043240920e-03 0.000000000000000000e+00
3.960000000000000000e+06 9.899996458052762183e-01 3.309057806099225951e-01 3.958807464724624636e-01 2.684342284934000955e-01 4.779244424214838804e-03 0.000000000000000000e+00
4.000000000000000000e+06 9.999996422275518881e-01 3.277196176604460498e-01 3.971324533454710926e-01 2.695721438324988894e-01 5.575785161583977738e-03 0.000000000000000000e+00
