# itime ezz other fcc hcp bcc ico
0.000000000000000000e+00 0.000000000000000000e+00 1.479289940828402332e-03 9.985207100591716456e-01 0.000000000000000000e+00 0.000000000000000000e+00 0.000000000000000000e+00
3.000000000000000000e+00 1.199989177287141828e-03 1.934456076467910759e-03 9.980655439235320836e-01 0.000000000000000000e+00 0.000000000000000000e+00 0.000000000000000000e+00
6.000000000000000000e+00 2.399978354574283657e-03 2.162039144287664864e-03 9.978379608557123026e-01 0.000000000000000000e+00 0.000000000000000000e+00 0.000000000000000000e+00
9.000000000000000000e+00 3.599967531861203440e-03 1.934456076467910759e-03 9.980655439235320836e-01 0.000000000000000000e+00 0.000000000000000000e+00 0.000000000000000000e+00
1.200000000000000000e+01 4.799956709148345269e-03 9.103322712790168532e-04 9.990896677287209870e-01 0.000000000000000000e+00 0.000000000000000000e+00 0.000000000000000000e+00
1.500000000000000000e+01 5.999945886435487097e-03 9.103322712790168532e-04 9.990896677287209870e-01 0.000000000000000000e+00 0.000000000000000000e+00 0.000000000000000000e+00
1.800000000000000000e+01 7.199935063722628925e-03 9.103322712790168532e-04 9.990896677287209870e-01 0.000000000000000000e+00 0.000000000000000000e+00 0.000000000000000000e+00
2.100000000000000000e+01 8.399924241009770753e-03 6.827492034592626399e-04 9.993172507965407680e-01 0.000000000000000000e+00 0.000000000000000000e+00 0.000000000000000000e+00
2.400000000000000000e+01 9.599913418296912582e-03 6.827492034592626399e-04 9.993172507965407680e-01 0.000000000000000000e+00 0.000000000000000000e+00 0.000000000000000000e+00
2.700000000000000000e+01 1.079990259558383237e-02 7.965407373691396923e-04 9.992034592626308775e-01 0.000000000000000000e+00 0.000000000000000000e+00 0.000000000000000000e+00
3.000000000000000000e+01 1.199989177287097419e-02 1.024123805188893906e-03 9.989758761948110966e-01 0.000000000000000000e+00 0.000000000000000000e+00 0.000000000000000000e+00
3.300000000000000000e+01 1.319988095015811602e-02 7.965407373691396923e-04 9.992034592626308775e-01 0.000000000000000000e+00 0.000000000000000000e+00 0.000000000000000000e+00
3.600000000000000000e+01 1.439987012744525785e-02 6.827492034592626399e-04 9.993172507965407680e-01 0.000000000000000000e+00 0.000000000000000000e+00 0.000000000000000000e+00
3.900000000000000000e+01 1.559985930473239968e-02 5.689576695493854790e-04 9.994310423304506585e-01 0.000000000000000000e+00 0.000000000000000000e+00 0.000000000000000000e+00
4.200000000000000000e+01 1.679984848201931946e-02 5.689576695493854790e-04 9.994310423304506585e-01 0.000000000000000000e+00 0.000000000000000000e+00 0.000000000000000000e+00
4.500000000000000000e+01 1.799983765930646129e-02 2.275830678197542133e-04 9.997724169321802190e-01 0.000000000000000000e+00 0.000000000000000000e+00 0.000000000000000000e+00
4.800000000000000000e+01 1.919982683659360312e-02 3.413746017296313199e-04 9.996586253982703285e-01 0.000000000000000000e+00 0.000000000000000000e+00 0.000000000000000000e+00
5.100000000000000000e+01 2.039981601388074495e-02 1.706873008648156654e-03 9.982931269913518646e-01 0.000000000000000000e+00 0.000000000000000000e+00 0.000000000000000000e+00
5.400000000000000000e+01 2.159980519116788678e-02 1.934456076467910759e-03 9.980655439235320836e-01 0.000000000000000000e+00 0.000000000000000000e+00 0.000000000000000000e+00
5.700000000000000000e+01 2.279979436845502860e-02 1.593081474738279385e-03 9.984069185252617551e-01 0.000000000000000000e+00 0.000000000000000000e+00 0.000000000000000000e+00
6.000000000000000000e+01 2.399978354574194839e-02 2.503413746017296455e-03 9.974965862539827421e-01 0.000000000000000000e+00 0.000000000000000000e+00 0.000000000000000000e+00
6.300000000000000000e+01 2.519977272302909022e-02 2.275830678197541916e-03 9.976103777878926326e-01 0.000000000000000000e+00 1.137915339098771066e-04 0.000000000000000000e+00
6.600000000000000000e+01 2.639976190031623204e-02 1.706873008648156654e-03 9.982931269913518646e-01 0.000000000000000000e+00 0.000000000000000000e+00 0.000000000000000000e+00
6.900000000000000000e+01 2.759975107760337387e-02 1.706873008648156654e-03 9.982931269913518646e-01 0.000000000000000000e+00 0.000000000000000000e+00 0.000000000000000000e+00
7.200000000000000000e+01 2.879974025489051570e-02 1.820664542558033706e-03 9.981793354574419741e-01 0.000000000000000000e+00 0.000000000000000000e+00 0.000000000000000000e+00
7.500000000000000000e+01 2.999972943217743548e-02 2.617205279927173507e-03 9.972690031861629611e-01 0.000000000000000000e+00 1.137915339098771066e-04 0.000000000000000000e+00
7.800000000000000000e+01 3.119971860946457731e-02 2.617205279927173507e-03 9.973827947200728516e-01 0.000000000000000000e+00 0.000000000000000000e+00 0.000000000000000000e+00
8.100000000000000000e+01 3.239970778675171914e-02 2.730996813837050560e-03 9.972690031861629611e-01 0.000000000000000000e+00 0.000000000000000000e+00 0.000000000000000000e+00
8.400000000000000000e+01 3.359969696403886097e-02 3.072371415566681717e-03 9.967000455166135087e-01 0.000000000000000000e+00 2.275830678197542133e-04 0.000000000000000000e+00
8.700000000000000000e+01 3.479968614132600280e-02 4.665452890304961318e-03 9.952207555757851543e-01 0.000000000000000000e+00 1.137915339098771066e-04 0.000000000000000000e+00
9.000000000000000000e+01 3.599967531861314463e-02 4.096495220755575623e-03 9.957897132453344957e-01 0.000000000000000000e+00 1.137915339098771066e-04 0.000000000000000000e+00
9.300000000000000000e+01 3.719966449590006441e-02 3.413746017296313308e-03 9.965862539827037292e-01 0.000000000000000000e+00 0.000000000000000000e+00 0.000000000000000000e+00
9.600000000000000000e+01 3.839965367318720624e-02 2.617205279927173507e-03 9.973827947200728516e-01 0.000000000000000000e+00 0.000000000000000000e+00 0.000000000000000000e+00
9.900000000000000000e+01 3.959964285047434807e-02 3.413746017296313308e-03 9.962448793809740577e-01 0.000000000000000000e+00 3.413746017296313199e-04 0.000000000000000000e+00
1.020000000000000000e+02 4.079963202776148989e-02 7.510241238051888930e-03 9.924897587619481154e-01 0.000000000000000000e+00 0.000000000000000000e+00 0.000000000000000000e+00
1.050000000000000000e+02 4.199962120504863172e-02 8.306781975421027864e-03 9.915794264906691025e-01 0.000000000000000000e+00 1.137915339098771066e-04 0.000000000000000000e+00
1.080000000000000000e+02 4.319961038233555151e-02 9.558488848429677609e-03 9.904415111515703085e-01 0.000000000000000000e+00 0.000000000000000000e+00 0.000000000000000000e+00
1.110000000000000000e+02 4.439959955962269333e-02 8.989531178880291046e-03 9.910104688211197610e-01 0.000000000000000000e+00 0.000000000000000000e+00 0.000000000000000000e+00
1.140000000000000000e+02 4.559958873690983516e-02 9.330905780609922637e-03 9.905553026854801990e-01 0.000000000000000000e+00 1.137915339098771066e-04 0.000000000000000000e+00
1.170000000000000000e+02 4.679957791419697699e-02 9.217114246700046018e-03 9.903277196176604180e-01 0.000000000000000000e+00 4.551661356395084266e-04 0.000000000000000000e+00
1.200000000000000000e+02 4.799956709148411882e-02 8.761948111060537808e-03 9.910104688211197610e-01 0.000000000000000000e+00 2.275830678197542133e-04 0.000000000000000000e+00
1.230000000000000000e+02 4.919955626877126065e-02 1.058261265361857065e-02 9.887346381429221731e-01 0.000000000000000000e+00 6.827492034592626399e-04 0.000000000000000000e+00
1.260000000000000000e+02 5.039954544605818043e-02 1.172052799271734204e-02 9.875967228038233792e-01 0.000000000000000000e+00 6.827492034592626399e-04 0.000000000000000000e+00
1.290000000000000000e+02 5.159953462334532226e-02 1.342740100136549826e-02 9.864588074647245852e-01 0.000000000000000000e+00 1.137915339098771066e-04 0.000000000000000000e+00
1.320000000000000000e+02 5.279952380063246409e-02 1.422394173873463806e-02 9.855484751934455723e-01 0.000000000000000000e+00 2.275830678197542133e-04 0.000000000000000000e+00
1.350000000000000000e+02 5.399951297791960592e-02 1.342740100136549826e-02 9.861174328629950248e-01 0.000000000000000000e+00 4.551661356395084266e-04 0.000000000000000000e+00
1.380000000000000000e+02 5.519950215520674774e-02 1.365498406918525323e-02 9.858898497951752438e-01 0.000000000000000000e+00 4.551661356395084266e-04 0.000000000000000000e+00
1.410000000000000000e+02 5.639949133249366753e-02 1.342740100136549826e-02 9.860036413290851343e-01 0.000000000000000000e+00 5.689576695493854790e-04 0.000000000000000000e+00
1.440000000000000000e+02 5.759948050978080936e-02 1.593081474738279601e-02 9.836140191169776559e-01 0.000000000000000000e+00 4.551661356395084266e-04 0.000000000000000000e+00
1.470000000000000000e+02 5.879946968706795118e-02 1.467910787437414627e-02 9.847519344560764498e-01 0.000000000000000000e+00 5.689576695493854790e-04 0.000000000000000000e+00
1.500000000000000000e+02 5.999945886435509301e-02 1.718252162039144229e-02 9.821347291761493015e-01 0.000000000000000000e+00 6.827492034592626399e-04 0.000000000000000000e+00
1.530000000000000000e+02 6.119944804164223484e-02 1.945835229858898507e-02 9.799726900318616041e-01 0.000000000000000000e+00 5.689576695493854790e-04 0.000000000000000000e+00
1.560000000000000000e+02 6.239943721892937667e-02 1.991351843422849502e-02 9.792899408284023721e-01 0.000000000000000000e+00 7.965407373691396923e-04 0.000000000000000000e+00
1.590000000000000000e+02 6.359942639621629645e-02 1.968593536640873831e-02 9.797451069640418231e-01 0.000000000000000000e+00 5.689576695493854790e-04 0.000000000000000000e+00
1.620000000000000000e+02 6.479941557350343828e-02 1.934456076467910846e-02 9.799726900318616041e-01 0.000000000000000000e+00 6.827492034592626399e-04 0.000000000000000000e+00
1.650000000000000000e+02 6.599940475079058011e-02 2.241693218024579104e-02 9.766727355484752238e-01 0.000000000000000000e+00 9.103322712790168532e-04 0.000000000000000000e+00
1.680000000000000000e+02 6.719939392807772194e-02 2.583067819754210348e-02 9.733727810650887324e-01 0.000000000000000000e+00 7.965407373691396923e-04 0.000000000000000000e+00
1.710000000000000000e+02 6.839938310536486377e-02 2.856167501137915274e-02 9.712107419208011461e-01 0.000000000000000000e+00 2.275830678197542133e-04 0.000000000000000000e+00
1.740000000000000000e+02 6.959937228265178355e-02 3.231679563040509851e-02 9.668866636322257513e-01 0.000000000000000000e+00 7.965407373691396923e-04 0.000000000000000000e+00
1.770000000000000000e+02 7.079936145993892538e-02 3.629949931725079404e-02 9.626763768775603580e-01 0.000000000000000000e+00 1.024123805188893906e-03 0.000000000000000000e+00
1.800000000000000000e+02 7.199935063722606721e-02 4.016841147018661989e-02 9.586936731907146347e-01 0.000000000000000000e+00 1.137915339098770958e-03 0.000000000000000000e+00
1.830000000000000000e+02 7.319933981451320903e-02 4.540282203004096517e-02 9.536868456986800080e-01 0.000000000000000000e+00 9.103322712790168532e-04 0.000000000000000000e+00
1.860000000000000000e+02 7.439932899180035086e-02 4.540282203004096517e-02 9.527765134274009950e-01 0.000000000000000000e+00 1.820664542558033706e-03 0.000000000000000000e+00
1.890000000000000000e+02 7.559931816908749269e-02 4.984069185252617412e-02 9.479972690031861493e-01 0.000000000000000000e+00 2.162039144287664864e-03 0.000000000000000000e+00
1.920000000000000000e+02 7.679930734637441248e-02 5.564406008192990249e-02 9.420801092398725096e-01 0.000000000000000000e+00 2.275830678197541916e-03 0.000000000000000000e+00
1.950000000000000000e+02 7.799929652366155430e-02 5.621301775147929253e-02 9.417387346381429492e-01 0.000000000000000000e+00 2.048247610377787811e-03 0.000000000000000000e+00
1.980000000000000000e+02 7.919928570094869613e-02 5.609922621756941591e-02 9.412835685025033872e-01 0.000000000000000000e+00 2.617205279927173507e-03 0.000000000000000000e+00
2.010000000000000000e+02 8.039927487823583796e-02 6.053709604005461792e-02 9.365043240782885414e-01 0.000000000000000000e+00 2.958579881656804664e-03 0.000000000000000000e+00
2.040000000000000000e+02 8.159926405552297979e-02 6.941283568502502888e-02 9.269458352298588499e-01 0.000000000000000000e+00 3.641329085116067413e-03 0.000000000000000000e+00
2.070000000000000000e+02 8.279925323281012162e-02 7.954028220300408958e-02 9.170459717796995980e-01 0.000000000000000000e+00 3.413746017296313308e-03 0.000000000000000000e+00
2.100000000000000000e+02 8.399924241009704140e-02 8.591260810195720798e-02 9.093081474738279324e-01 0.000000000000000000e+00 4.779244424214838804e-03 0.000000000000000000e+00
2.130000000000000000e+02 8.519923158738418323e-02 8.705052344105598805e-02 9.073736913973600160e-01 0.000000000000000000e+00 5.575785161583977738e-03 0.000000000000000000e+00
2.160000000000000000e+02 8.639922076467132506e-02 8.579881656804733137e-02 9.093081474738279324e-01 0.000000000000000000e+00 4.893035958124715423e-03 0.000000000000000000e+00
2.190000000000000000e+02 8.759920994195846689e-02 8.989531178880291740e-02 9.049840691852526486e-01 0.000000000000000000e+00 5.120619025944469528e-03 0.000000000000000000e+00
2.220000000000000000e+02 8.879919911924560871e-02 9.968138370505234824e-02 8.949704142011833952e-01 0.000000000000000000e+00 5.348202093764223633e-03 0.000000000000000000e+00
2.250000000000000000e+02 8.999918829653252850e-02 1.065088757396449731e-01 8.870050068274920596e-01 0.000000000000000000e+00 6.486117432862995025e-03 0.000000000000000000e+00
2.280000000000000000e+02 9.119917747381967033e-02 1.132225762403277214e-01 8.809740555302685294e-01 0.000000000000000000e+00 5.803368229403732710e-03 0.000000000000000000e+00
2.310000000000000000e+02 9.239916665110681215e-02 1.202776513427400995e-01 8.732362312243968638e-01 0.000000000000000000e+00 6.486117432862995025e-03 0.000000000000000000e+00
2.340000000000000000e+02 9.359915582839395398e-02 1.308602639963586667e-01 8.616294947655894765e-01 0.000000000000000000e+00 7.510241238051888930e-03 0.000000000000000000e+00
2.370000000000000000e+02 9.479914500568109581e-02 1.400773782430587144e-01 8.515020482476103325e-01 0.000000000000000000e+00 8.420573509330906217e-03 0.000000000000000000e+00
2.400000000000000000e+02 9.599913418296823764e-02 1.496358670914884059e-01 8.404642694583522866e-01 0.000000000000000000e+00 9.899863450159307465e-03 0.000000000000000000e+00
2.430000000000000000e+02 9.719912336025515742e-02 1.555530268548019901e-01 8.336367774237596340e-01 0.000000000000000000e+00 1.081019572143832562e-02 0.000000000000000000e+00
2.460000000000000000e+02 9.839911253754229925e-02 1.615839781520254925e-01 8.273782430587164338e-01 0.000000000000000000e+00 1.103777878925807886e-02 0.000000000000000000e+00
2.490000000000000000e+02 9.959910171482944108e-02 1.692080109239872676e-01 8.191852526172053173e-01 0.000000000000000000e+00 1.160673645880746542e-02 0.000000000000000000e+00
2.520000000000000000e+02 1.007990908921165829e-01 1.744424214838415921e-01 8.137232589895311285e-01 0.000000000000000000e+00 1.183431952662721866e-02 0.000000000000000000e+00
2.550000000000000000e+02 1.019990800694037247e-01 1.870732817478379661e-01 8.005234410559853853e-01 0.000000000000000000e+00 1.240327719617660522e-02 0.000000000000000000e+00
2.580000000000000000e+02 1.031990692466906445e-01 1.936731907146108378e-01 7.931269913518433912e-01 0.000000000000000000e+00 1.319981793354574502e-02 0.000000000000000000e+00
2.610000000000000000e+02 1.043990584239777863e-01 2.076695493855257035e-01 7.769685935366408280e-01 0.000000000000000000e+00 1.536185707783340945e-02 0.000000000000000000e+00
2.640000000000000000e+02 1.055990476012649282e-01 2.208693673190714746e-01 7.627446517979061813e-01 0.000000000000000000e+00 1.638598088302230249e-02 0.000000000000000000e+00
2.670000000000000000e+02 1.067990367785520700e-01 2.368001820664542567e-01 7.452207555757851543e-01 0.000000000000000000e+00 1.797906235776058209e-02 0.000000000000000000e+00
2.700000000000000000e+02 1.079990259558392118e-01 2.515930814747383004e-01 7.280382339553936877e-01 0.000000000000000000e+00 2.036868456986800149e-02 0.000000000000000000e+00
2.730000000000000000e+02 1.091990151331263537e-01 2.649066909421938787e-01 7.147246244879380539e-01 0.000000000000000000e+00 2.036868456986800149e-02 0.000000000000000000e+00
2.760000000000000000e+02 1.103990043104132734e-01 2.769685935366408835e-01 7.016385980883022011e-01 0.000000000000000000e+00 2.139280837505689453e-02 0.000000000000000000e+00
2.790000000000000000e+02 1.115989934877004153e-01 2.911925352753755303e-01 6.838871187983613931e-01 0.000000000000000000e+00 2.492034592626308706e-02 0.000000000000000000e+00
2.820000000000000000e+02 1.127989826649875571e-01 3.017751479289940697e-01 6.714838416021847722e-01 0.000000000000000000e+00 2.674101046882111990e-02 0.000000000000000000e+00
2.850000000000000000e+02 1.139989718422746989e-01 3.099681383705052418e-01 6.626081019572144237e-01 0.000000000000000000e+00 2.742375967228038308e-02 0.000000000000000000e+00
2.880000000000000000e+02 1.151989610195618408e-01 3.254437869822485174e-01 6.453117888029130667e-01 0.000000000000000000e+00 2.924442421483841592e-02 0.000000000000000000e+00
2.910000000000000000e+02 1.163989501968487605e-01 3.495675921711424716e-01 6.206190259444697155e-01 0.000000000000000000e+00 2.981338188438780248e-02 0.000000000000000000e+00
2.940000000000000000e+02 1.175989393741359024e-01 3.603777878925807920e-01 6.044606281292671524e-01 0.000000000000000000e+00 3.516158397815202785e-02 0.000000000000000000e+00
2.970000000000000000e+02 1.187989285514230442e-01 3.752844788347746707e-01 5.900091033227128356e-01 0.000000000000000000e+00 3.470641784251251444e-02 0.000000000000000000e+00
3.000000000000000000e+02 1.199989177287101860e-01 3.863222576240327721e-01 5.735093309057806010e-01 0.000000000000000000e+00 4.016841147018661989e-02 0.000000000000000000e+00
3.030000000000000000e+02 1.211989069059973279e-01 3.983841602184797215e-01 5.562130177514792440e-01 1.137915339098771066e-04 4.528903049613108855e-02 0.000000000000000000e+00
3.060000000000000000e+02 1.223988960832844697e-01 4.104460628129267263e-01 5.401684114701865713e-01 2.275830678197542133e-04 4.915794264906690747e-02 0.000000000000000000e+00
3.090000000000000000e+02 1.235988852605713895e-01 4.239872553482020856e-01 5.252617205279926926e-01 2.275830678197542133e-04 5.052344105598543383e-02 0.000000000000000000e+00
3.120000000000000000e+02 1.247988744378585313e-01 4.427628584433317971e-01 5.010241238051889034e-01 1.137915339098771066e-04 5.609922621756941591e-02 0.000000000000000000e+00
3.150000000000000000e+02 1.259988636151456731e-01 4.552799271734183084e-01 4.840691852526172179e-01 1.137915339098771066e-04 6.053709604005461792e-02 0.000000000000000000e+00
3.180000000000000000e+02 1.271988527924328150e-01 4.677969959035047642e-01 4.680245789713245452e-01 2.275830678197542133e-04 6.395084205735093730e-02 0.000000000000000000e+00
3.210000000000000000e+02 1.283988419697199568e-01 4.888484296768320636e-01 4.457214383249886169e-01 1.137915339098771066e-04 6.531634046426945672e-02 0.000000000000000000e+00
3.240000000000000000e+02 1.295988311470068766e-01 5.046654528903049552e-01 4.262630860263996180e-01 1.137915339098771066e-04 6.895766954938552240e-02 0.000000000000000000e+00
3.270000000000000000e+02 1.307988203242940184e-01 5.249203459262631322e-01 3.992944924897587344e-01 3.413746017296313199e-04 7.544378698224851743e-02 0.000000000000000000e+00
3.300000000000000000e+02 1.319988095015811602e-01 5.334547109695039202e-01 3.873463814292216756e-01 4.551661356395084266e-04 7.874374146563495325e-02 0.000000000000000000e+00
3.330000000000000000e+02 1.331987986788683020e-01 5.461993627674101015e-01 3.717569412835685094e-01 7.965407373691396923e-04 8.124715521165225274e-02 0.000000000000000000e+00
3.360000000000000000e+02 1.343987878561554439e-01 5.554164770141101215e-01 3.577605826126536437e-01 1.024123805188893906e-03 8.579881656804733137e-02 0.000000000000000000e+00
3.390000000000000000e+02 1.355987770334425857e-01 5.731679563040509295e-01 3.369367319071461253e-01 1.365498406918525280e-03 8.852981338188438409e-02 0.000000000000000000e+00
3.420000000000000000e+02 1.367987662107295055e-01 5.851160673645880994e-01 3.183887118798361393e-01 1.024123805188893906e-03 9.547109695038688559e-02 0.000000000000000000e+00
3.450000000000000000e+02 1.379987553880166473e-01 6.043468365953572619e-01 2.963131543013199920e-01 1.024123805188893906e-03 9.831588529813381494e-02 0.000000000000000000e+00
3.480000000000000000e+02 1.391987445653037891e-01 6.147018661811560758e-01 2.819754210286754548e-01 2.162039144287664864e-03 1.011606736458807443e-01 0.000000000000000000e+00
3.510000000000000000e+02 1.403987337425909310e-01 6.203914428766499345e-01 2.696859353664087244e-01 2.275830678197541916e-03 1.076467910787437393e-01 0.000000000000000000e+00
3.540000000000000000e+02 1.415987229198780728e-01 6.365498406918524976e-01 2.486345015930814806e-01 3.413746017296313308e-03 1.114019116977696816e-01 0.000000000000000000e+00
3.570000000000000000e+02 1.427987120971649926e-01 6.478152025489303245e-01 2.322485207100591642e-01 3.755120619025944465e-03 1.161811561219845274e-01 0.000000000000000000e+00
3.600000000000000000e+02 1.439987012744521344e-01 6.583978152025489194e-01 2.165452890304961353e-01 4.893035958124715423e-03 1.201638598088302229e-01 0.000000000000000000e+00
3.630000000000000000e+02 1.451986904517392762e-01 6.627218934911243142e-01 2.080109239872553473e-01 6.030951297223486815e-03 1.232362312243969055e-01 0.000000000000000000e+00
3.660000000000000000e+02 1.463986796290264181e-01 6.701183431952663083e-01 1.960628129267182607e-01 6.030951297223486815e-03 1.277878925807919841e-01 0.000000000000000000e+00
3.690000000000000000e+02 1.475986688063135599e-01 6.814974965862540257e-01 1.794492489758761911e-01 6.030951297223486815e-03 1.330223031406463363e-01 0.000000000000000000e+00
3.720000000000000000e+02 1.487986579836007017e-01 6.865043240782885414e-01 1.695493855257168836e-01 6.827492034592626616e-03 1.371187983614019223e-01 0.000000000000000000e+00
3.750000000000000000e+02 1.499986471608876215e-01 6.935593991807009751e-01 1.598771051433773294e-01 7.055075102412380721e-03 1.395084205735093175e-01 0.000000000000000000e+00
3.780000000000000000e+02 1.511986363381747633e-01 6.965179790623577949e-01 1.488393263541192557e-01 6.827492034592626616e-03 1.478152025489303523e-01 0.000000000000000000e+00
3.810000000000000000e+02 1.523986255154619052e-01 7.008420573509330787e-01 1.416704597177969871e-01 8.534365043240782836e-03 1.489531178880291185e-01 0.000000000000000000e+00
3.840000000000000000e+02 1.535986146927490470e-01 7.050523441055985829e-01 1.346153846153846090e-01 8.420573509330906217e-03 1.519116977696859383e-01 0.000000000000000000e+00
3.870000000000000000e+02 1.547986038700361888e-01 7.160901228948566288e-01 1.230086481565771522e-01 8.534365043240782836e-03 1.523668639053254448e-01 0.000000000000000000e+00
3.900000000000000000e+02 1.559985930473231086e-01 7.175694128356849832e-01 1.187983614019117035e-01 9.558488848429677609e-03 1.540737369139736079e-01 0.000000000000000000e+00
3.930000000000000000e+02 1.571985822246102504e-01 7.246244879380974169e-01 1.100364132908511622e-01 1.012744651797906244e-02 1.552116522530723741e-01 0.000000000000000000e+00
3.960000000000000000e+02 1.583985714018973923e-01 7.220072826581702685e-01 1.053709604005461931e-01 1.126536185707783383e-02 1.613563950842057393e-01 0.000000000000000000e+00
3.990000000000000000e+02 1.595985605791845341e-01 7.193900773782430091e-01 1.004779244424214846e-01 1.240327719617660522e-02 1.677287209831588577e-01 0.000000000000000000e+00
4.020000000000000000e+02 1.607985497564716759e-01 7.250796540737368678e-01 9.421939007737824279e-02 1.194811106053709528e-02 1.687528447883477334e-01 0.000000000000000000e+00
4.050000000000000000e+02 1.619985389337588177e-01 7.267865270823851143e-01 9.069185252617205373e-02 1.365498406918525323e-02 1.688666363222576239e-01 0.000000000000000000e+00
4.080000000000000000e+02 1.631985281110457375e-01 7.315657715065999600e-01 8.579881656804733137e-02 1.547564861174328607e-02 1.671597633136094607e-01 0.000000000000000000e+00
4.110000000000000000e+02 1.643985172883328794e-01 7.337278106508875464e-01 7.965407373691398007e-02 1.672735548475193582e-02 1.698907601274465273e-01 0.000000000000000000e+00
4.140000000000000000e+02 1.655985064656200212e-01 7.338416021847974369e-01 7.680928538916705073e-02 1.729631315430131891e-02 1.720527992717341692e-01 0.000000000000000000e+00
4.170000000000000000e+02 1.667984956429071630e-01 7.356622667273554628e-01 7.453345471096950448e-02 1.866181156121984527e-02 1.711424670004551563e-01 0.000000000000000000e+00
4.200000000000000000e+02 1.679984848201943048e-01 7.424897587619481154e-01 7.294037323623121793e-02 1.649977241693217911e-02 1.680700955848884737e-01 0.000000000000000000e+00
4.230000000000000000e+02 1.691984739974812246e-01 7.465862539827037292e-01 6.622667273554846967e-02 1.695493855257168905e-02 1.702321347291761433e-01 0.000000000000000000e+00
4.260000000000000000e+02 1.703984631747683665e-01 7.540964952207556138e-01 6.087847064178425471e-02 1.763768775603095224e-02 1.673873463814292140e-01 0.000000000000000000e+00
4.290000000000000000e+02 1.715984523520555083e-01 7.570550751024124336e-01 5.951297223486572835e-02 1.877560309512972189e-02 1.646563495675921751e-01 0.000000000000000000e+00
4.320000000000000000e+02 1.727984415293426501e-01 7.592171142467000200e-01 5.860263996358670846e-02 1.888939462903959851e-02 1.632908511606736557e-01 0.000000000000000000e+00
4.350000000000000000e+02 1.739984307066297919e-01 7.612653618570778269e-01 5.484751934456076616e-02 1.877560309512972189e-02 1.651115157032316816e-01 0.000000000000000000e+00
4.380000000000000000e+02 1.751984198839169338e-01 7.677514792899408080e-01 5.223031406463359005e-02 1.957214383249886169e-02 1.604460628129267263e-01 0.000000000000000000e+00
4.410000000000000000e+02 1.763984090612038536e-01 7.759444697314519246e-01 4.972690031861629750e-02 1.877560309512972189e-02 1.555530268548019901e-01 0.000000000000000000e+00
4.440000000000000000e+02 1.775983982384909954e-01 7.774237596722803900e-01 4.642694583522986168e-02 1.945835229858898507e-02 1.566909421939007840e-01 0.000000000000000000e+00
4.470000000000000000e+02 1.787983874157781372e-01 7.843650432407829332e-01 4.187528447883477611e-02 1.888939462903959851e-02 1.548702776513427304e-01 0.000000000000000000e+00
4.500000000000000000e+02 1.799983765930652790e-01 7.833409194355940297e-01 4.073736913973600299e-02 2.036868456986800149e-02 1.555530268548019901e-01 0.000000000000000000e+00
4.530000000000000000e+02 1.811983657703524209e-01 7.882339553937186549e-01 4.039599453800637313e-02 2.048247610377787811e-02 1.508875739644970349e-01 0.000000000000000000e+00
4.560000000000000000e+02 1.823983549476393407e-01 7.950614474283113076e-01 3.607191624943104080e-02 2.196176604460628110e-02 1.469048702776513393e-01 0.000000000000000000e+00
4.590000000000000000e+02 1.835983441249264825e-01 8.046199362767409990e-01 3.436504324078288458e-02 2.184797451069640448e-02 1.391670459717797015e-01 0.000000000000000000e+00
4.620000000000000000e+02 1.847983333022136243e-01 8.072371415566681474e-01 3.311333636777423484e-02 2.355484751934456070e-02 1.360946745562130189e-01 0.000000000000000000e+00
4.650000000000000000e+02 1.859983224795007661e-01 8.107646791078744197e-01 3.277196176604460498e-02 2.401001365498407064e-02 1.324533454710969393e-01 0.000000000000000000e+00
4.680000000000000000e+02 1.871983116567879080e-01 8.142922166590805810e-01 3.072371415566681890e-02 2.423759672280382388e-02 1.307464724624488039e-01 0.000000000000000000e+00
4.710000000000000000e+02 1.883983008340750498e-01 8.125853436504324456e-01 3.004096495220755572e-02 2.685480200273099652e-02 1.305188893946290507e-01 0.000000000000000000e+00
4.740000000000000000e+02 1.895982900113619696e-01 8.202093764223942207e-01 2.799271734182976618e-02 2.628584433318160996e-02 1.255120619025944517e-01 0.000000000000000000e+00
4.770000000000000000e+02 1.907982791886491114e-01 8.254437869822485174e-01 2.617205279927173334e-02 2.378243058716431393e-02 1.246017296313154249e-01 0.000000000000000000e+00
4.800000000000000000e+02 1.919982683659362532e-01 8.233955393718707105e-01 2.730996813837050646e-02 2.480655439235321044e-02 1.244879380974055483e-01 0.000000000000000000e+00
4.830000000000000000e+02 1.931982575432233951e-01 8.265817023213473114e-01 2.753755120619025970e-02 2.639963586709149004e-02 1.194811106053709632e-01 0.000000000000000000e+00
4.860000000000000000e+02 1.943982467205105369e-01 8.303368229403732537e-01 2.583067819754210348e-02 2.617205279927173334e-02 1.176604460628129234e-01 0.000000000000000000e+00
4.890000000000000000e+02 1.955982358977974567e-01 8.313609467455621571e-01 2.548930359581247015e-02 2.560309512972235024e-02 1.175466545289030468e-01 0.000000000000000000e+00
4.920000000000000000e+02 1.967982250750845985e-01 8.354574419663176599e-01 2.275830678197542090e-02 2.457897132453345374e-02 1.172052799271734169e-01 0.000000000000000000e+00
4.950000000000000000e+02 1.979982142523717403e-01 8.394401456531633832e-01 2.207555757851615771e-02 2.446517979062357712e-02 1.140191169776968577e-01 0.000000000000000000e+00
4.980000000000000000e+02 1.991982034296588822e-01 8.412608101957214091e-01 2.162039144287665124e-02 2.696859353664087314e-02 1.101502048247610388e-01 0.000000000000000000e+00
5.010000000000000000e+02 2.003981926069460240e-01 8.421711424670004220e-01 2.184797451069640448e-02 2.730996813837050646e-02 1.086709148839326289e-01 0.000000000000000000e+00
5.040000000000000000e+02 2.015981817842331658e-01 8.471779699590350488e-01 2.162039144287665124e-02 2.685480200273099652e-02 1.043468365953573035e-01 0.000000000000000000e+00
5.070000000000000000e+02 2.027981709615200856e-01 8.507055075102412101e-01 2.139280837505689453e-02 2.685480200273099652e-02 1.010468821119708677e-01 0.000000000000000000e+00
5.100000000000000000e+02 2.039981601388072274e-01 8.524123805188893455e-01 2.196176604460628110e-02 2.742375967228038308e-02 9.820209376422393832e-02 0.000000000000000000e+00
5.130000000000000000e+02 2.051981493160943693e-01 8.608329540282203540e-01 2.309968138370505075e-02 2.617205279927173334e-02 8.989531178880291740e-02 0.000000000000000000e+00
5.160000000000000000e+02 2.063981384933815111e-01 8.637915339098770628e-01 2.298588984979517413e-02 2.799271734182976618e-02 8.522985889849794827e-02 0.000000000000000000e+00
5.190000000000000000e+02 2.075981276706686529e-01 8.680018206645425671e-01 2.184797451069640448e-02 2.708238507055074976e-02 8.306781975421029252e-02 0.000000000000000000e+00
5.220000000000000000e+02 2.087981168479555727e-01 8.689121529358215801e-01 2.162039144287665124e-02 2.844788347746927612e-02 8.101957214383249950e-02 0.000000000000000000e+00
5.250000000000000000e+02 2.099981060252427145e-01 8.706190259444697155e-01 2.093764223941738806e-02 2.901684114701866268e-02 7.942649066909421296e-02 0.000000000000000000e+00
5.280000000000000000e+02 2.111980952025298564e-01 8.709604005461993870e-01 2.139280837505689453e-02 3.038233955393718558e-02 7.726445152480655720e-02 0.000000000000000000e+00
5.310000000000000000e+02 2.123980843798169982e-01 8.703914428766499345e-01 2.071005917159763482e-02 3.197542102867546865e-02 7.692307692307692735e-02 0.000000000000000000e+00
5.340000000000000000e+02 2.135980735571041400e-01 8.740327719617660973e-01 2.014110150204824826e-02 3.220300409649522189e-02 7.362312243969049153e-02 0.000000000000000000e+00
5.370000000000000000e+02 2.147980627343912818e-01 8.755120619025944517e-01 1.979972690031861493e-02 3.436504324078288458e-02 7.032316795630405570e-02 0.000000000000000000e+00
5.400000000000000000e+02 2.159980519116782016e-01 8.815430131998179819e-01 1.775147928994082885e-02 3.379608557123350149e-02 6.690942193900774326e-02 0.000000000000000000e+00
5.430000000000000000e+02 2.171980410889653434e-01 8.847291761492944717e-01 1.820664542558033533e-02 3.265817023213472836e-02 6.440600819299044377e-02 0.000000000000000000e+00
5.460000000000000000e+02 2.183980302662524853e-01 8.905325443786982209e-01 1.877560309512972189e-02 3.129267182521620200e-02 5.939918070095585173e-02 0.000000000000000000e+00
5.490000000000000000e+02 2.195980194435396271e-01 8.921256258534364658e-01 1.900318616294947513e-02 3.015475648611743234e-02 5.871643149749658508e-02 0.000000000000000000e+00
5.520000000000000000e+02 2.207980086208267689e-01 8.947428311333637252e-01 1.968593536640873831e-02 3.083750568957669552e-02 5.473372781065088954e-02 0.000000000000000000e+00
5.550000000000000000e+02 2.219979977981139108e-01 8.966772872098316416e-01 2.014110150204824826e-02 3.038233955393718558e-02 5.279927173418298009e-02 0.000000000000000000e+00
5.580000000000000000e+02 2.231979869754008305e-01 9.023668639053253893e-01 1.820664542558033533e-02 3.049613108784706567e-02 4.893035958124715423e-02 0.000000000000000000e+00
5.610000000000000000e+02 2.243979761526879724e-01 9.006599908966772539e-01 1.945835229858898507e-02 3.106508875739644876e-02 4.870277651342740100e-02 1.137915339098771066e-04
5.640000000000000000e+02 2.255979653299751142e-01 9.021392808375057193e-01 1.979972690031861493e-02 3.060992262175694228e-02 4.745106964041875125e-02 0.000000000000000000e+00
5.670000000000000000e+02 2.267979545072622560e-01 9.038461538461538547e-01 1.945835229858898507e-02 3.095129722348657214e-02 4.574419663177059503e-02 0.000000000000000000e+00
5.700000000000000000e+02 2.279979436845493979e-01 9.077150659990896875e-01 1.820664542558033533e-02 3.083750568957669552e-02 4.324078288575330248e-02 0.000000000000000000e+00
5.730000000000000000e+02 2.291979328618363176e-01 9.082840236686390289e-01 1.866181156121984527e-02 3.072371415566681890e-02 4.233045061447428259e-02 0.000000000000000000e+00
5.760000000000000000e+02 2.303979220391234595e-01 9.069185252617205650e-01 1.752389622212107562e-02 3.174783796085571541e-02 4.380974055530268557e-02 0.000000000000000000e+00
5.790000000000000000e+02 2.315979112164106013e-01 9.103322712790168358e-01 1.741010468821119553e-02 3.163404642694583185e-02 4.062357760582612637e-02 0.000000000000000000e+00
5.820000000000000000e+02 2.327979003936977431e-01 9.104460628129267263e-01 1.627218934911242587e-02 3.140646335912607862e-02 4.176149294492489950e-02 1.137915339098771066e-04
5.850000000000000000e+02 2.339978895709848850e-01 9.089667728720982609e-01 1.684114701866181243e-02 3.197542102867546865e-02 4.210286754665452935e-02 1.137915339098771066e-04
5.880000000000000000e+02 2.351978787482720268e-01 9.082840236686390289e-01 1.797906235776058209e-02 3.186162949476559203e-02 4.176149294492489950e-02 1.137915339098771066e-04
5.910000000000000000e+02 2.363978679255589466e-01 9.129494765589439842e-01 1.695493855257168905e-02 3.015475648611743234e-02 3.994082840236686666e-02 0.000000000000000000e+00
5.940000000000000000e+02 2.375978571028460884e-01 9.164770141101502565e-01 1.661356395084205573e-02 2.958579881656804578e-02 3.732362312243969055e-02 0.000000000000000000e+00
5.970000000000000000e+02 2.387978462801332302e-01 9.165908056440600360e-01 1.661356395084205573e-02 2.969959035047792587e-02 3.709604005461993731e-02 0.000000000000000000e+00
6.000000000000000000e+02 2.399978354574203721e-01 9.170459717796995980e-01 1.706873008648156567e-02 3.004096495220755572e-02 3.584433318161128756e-02 0.000000000000000000e+00
6.030000000000000000e+02 2.411978246347075139e-01 9.176149294492489394e-01 1.775147928994082885e-02 2.981338188438780248e-02 3.482020937642239106e-02 0.000000000000000000e+00
6.060000000000000000e+02 2.423978138119944337e-01 9.181838871187983919e-01 1.752389622212107562e-02 3.060992262175694228e-02 3.356850250341374825e-02 1.137915339098771066e-04
6.090000000000000000e+02 2.435978029892815755e-01 9.221665908056441152e-01 1.775147928994082885e-02 2.822030040964952288e-02 3.174783796085571541e-02 1.137915339098771066e-04
6.120000000000000000e+02 2.447977921665687173e-01 9.245562130177514826e-01 1.729631315430131891e-02 2.787892580791988956e-02 3.015475648611743234e-02 1.137915339098771066e-04
6.150000000000000000e+02 2.459977813438558591e-01 9.248975876194811541e-01 1.649977241693217911e-02 2.913063268092853930e-02 2.935821574874829254e-02 1.137915339098771066e-04
6.180000000000000000e+02 2.471977705211430010e-01 9.260355029585798370e-01 1.729631315430131891e-02 2.844788347746927612e-02 2.822030040964952288e-02 0.000000000000000000e+00
6.210000000000000000e+02 2.483977596984301428e-01 9.264906690942193990e-01 1.741010468821119553e-02 2.753755120619025970e-02 2.856167501137915274e-02 0.000000000000000000e+00
6.240000000000000000e+02 2.495977488757170626e-01 9.281975421028675344e-01 1.661356395084205573e-02 2.685480200273099652e-02 2.833409194355939950e-02 0.000000000000000000e+00
6.270000000000000000e+02 2.507977380530042044e-01 9.303595812471552318e-01 1.649977241693217911e-02 2.548930359581247015e-02 2.765134274010013632e-02 0.000000000000000000e+00
6.300000000000000000e+02 2.519977272302913462e-01 9.344560764679107345e-01 1.581702321347291593e-02 2.537551206190259354e-02 2.435138825671370050e-02 0.000000000000000000e+00
6.330000000000000000e+02 2.531977164075784881e-01 9.363905325443786509e-01 1.536185707783340945e-02 2.537551206190259354e-02 2.287209831588529751e-02 0.000000000000000000e+00
6.360000000000000000e+02 2.543977055848656299e-01 9.360491579426490905e-01 1.422394173873463806e-02 2.469276285844333035e-02 2.503413746017296368e-02 0.000000000000000000e+00
6.390000000000000000e+02 2.555976947621525497e-01 9.354802002730996380e-01 1.456531634046426965e-02 2.571688666363222686e-02 2.423759672280382388e-02 0.000000000000000000e+00
6.420000000000000000e+02 2.567976839394396915e-01 9.349112426035502965e-01 1.513427401001365448e-02 2.548930359581247015e-02 2.446517979062357712e-02 0.000000000000000000e+00
6.450000000000000000e+02 2.579976731167268333e-01 9.351388256713700775e-01 1.604460628129267263e-02 2.548930359581247015e-02 2.332726445152480746e-02 0.000000000000000000e+00
6.480000000000000000e+02 2.591976622940139752e-01 9.379836140191170069e-01 1.581702321347291593e-02 2.446517979062357712e-02 2.162039144287665124e-02 1.137915339098771066e-04
6.510000000000000000e+02 2.603976514713011170e-01 9.365043240782885414e-01 1.649977241693217911e-02 2.446517979062357712e-02 2.241693218024579104e-02 1.137915339098771066e-04
6.540000000000000000e+02 2.615976406485882588e-01 9.376422394173873354e-01 1.615839781520254925e-02 2.503413746017296368e-02 2.105143377332726468e-02 1.137915339098771066e-04
6.570000000000000000e+02 2.627976298258751786e-01 9.388939462903960198e-01 1.547564861174328607e-02 2.503413746017296368e-02 2.059626763768775473e-02 0.000000000000000000e+00
6.600000000000000000e+02 2.639976190031623204e-01 9.385525716886663483e-01 1.558944014565316269e-02 2.560309512972235024e-02 2.025489303595812488e-02 0.000000000000000000e+00
6.630000000000000000e+02 2.651976081804494623e-01 9.388939462903960198e-01 1.536185707783340945e-02 2.583067819754210348e-02 1.991351843422849502e-02 0.000000000000000000e+00
6.660000000000000000e+02 2.663975973577366041e-01 9.393491124260354708e-01 1.479289940828402289e-02 2.571688666363222686e-02 2.014110150204824826e-02 0.000000000000000000e+00
6.690000000000000000e+02 2.675975865350237459e-01 9.406008192990441552e-01 1.456531634046426965e-02 2.594446973145198010e-02 1.888939462903959851e-02 0.000000000000000000e+00
6.720000000000000000e+02 2.687975757123106657e-01 9.427628584433318526e-01 1.365498406918525323e-02 2.446517979062357712e-02 1.911697769685935522e-02 0.000000000000000000e+00
6.750000000000000000e+02 2.699975648895978075e-01 9.454938552571688914e-01 1.354119253527537488e-02 2.253072371415566766e-02 1.832043695949021542e-02 1.137915339098771066e-04
6.780000000000000000e+02 2.711975540668849494e-01 9.457214383249886724e-01 1.433773327264451468e-02 2.207555757851615771e-02 1.786527082385070547e-02 0.000000000000000000e+00
6.810000000000000000e+02 2.723975432441720912e-01 9.462903959945380139e-01 1.411015020482476144e-02 2.162039144287665124e-02 1.797906235776058209e-02 0.000000000000000000e+00
