# itime ezz other fcc hcp bcc ico
0.000000000000000000e+00 0.000000000000000000e+00 0.000000000000000000e+00 1.000000000000000000e+00 0.000000000000000000e+00 0.000000000000000000e+00 0.000000000000000000e+00
8.000000000000000000e+03 1.999989064069396250e-03 0.000000000000000000e+00 1.000000000000000000e+00 0.000000000000000000e+00 0.000000000000000000e+00 0.000000000000000000e+00
1.600000000000000000e+04 3.999978128139014544e-03 0.000000000000000000e+00 1.000000000000000000e+00 0.000000000000000000e+00 0.000000000000000000e+00 0.000000000000000000e+00
2.400000000000000000e+04 5.999967192208410793e-03 0.000000000000000000e+00 1.000000000000000000e+00 0.000000000000000000e+00 0.000000000000000000e+00 0.000000000000000000e+00
3.200000000000000000e+04 7.999956256277807043e-03 0.000000000000000000e+00 1.000000000000000000e+00 0.000000000000000000e+00 0.000000000000000000e+00 0.000000000000000000e+00
4.000000000000000000e+04 9.999945320347425337e-03 0.000000000000000000e+00 1.000000000000000000e+00 0.000000000000000000e+00 0.000000000000000000e+00 0.000000000000000000e+00
4.800000000000000000e+04 1.199993438441682159e-02 0.000000000000000000e+00 1.000000000000000000e+00 0.000000000000000000e+00 0.000000000000000000e+00 0.000000000000000000e+00
5.600000000000000000e+04 1.399992344848621784e-02 0.000000000000000000e+00 1.000000000000000000e+00 0.000000000000000000e+00 0.000000000000000000e+00 0.000000000000000000e+00
6.400000000000000000e+04 1.599991251255561409e-02 0.000000000000000000e+00 1.000000000000000000e+00 0.000000000000000000e+00 0.000000000000000000e+00 0.000000000000000000e+00
7.200000000000000000e+04 1.799990157662523238e-02 0.000000000000000000e+00 1.000000000000000000e+00 0.000000000000000000e+00 0.000000000000000000e+00 0.000000000000000000e+00
8.000000000000000000e+04 1.999989064069462863e-02 0.000000000000000000e+00 1.000000000000000000e+00 0.000000000000000000e+00 0.000000000000000000e+00 0.000000000000000000e+00
8.800000000000000000e+04 2.199987970476402488e-02 0.000000000000000000e+00 1.000000000000000000e+00 0.000000000000000000e+00 0.000000000000000000e+00 0.000000000000000000e+00
9.600000000000000000e+04 2.399986876883364317e-02 0.000000000000000000e+00 1.000000000000000000e+00 0.000000000000000000e+00 0.000000000000000000e+00 0.000000000000000000e+00
1.040000000000000000e+05 2.599985783290303942e-02 0.000000000000000000e+00 1.000000000000000000e+00 0.000000000000000000e+00 0.000000000000000000e+00 0.000000000000000000e+00
1.120000000000000000e+05 2.799984689697243567e-02 0.000000000000000000e+00 1.000000000000000000e+00 0.000000000000000000e+00 0.000000000000000000e+00 0.000000000000000000e+00
1.200000000000000000e+05 2.999983596104205397e-02 0.000000000000000000e+00 1.000000000000000000e+00 0.000000000000000000e+00 0.000000000000000000e+00 0.000000000000000000e+00
1.280000000000000000e+05 3.199982502511145022e-02 0.000000000000000000e+00 1.000000000000000000e+00 0.000000000000000000e+00 0.000000000000000000e+00 0.000000000000000000e+00
1.360000000000000000e+05 3.399981408918084647e-02 0.000000000000000000e+00 1.000000000000000000e+00 0.000000000000000000e+00 0.000000000000000000e+00 0.000000000000000000e+00
1.440000000000000000e+05 3.599980315325024272e-02 0.000000000000000000e+00 1.000000000000000000e+00 0.000000000000000000e+00 0.000000000000000000e+00 0.000000000000000000e+00
1.520000000000000000e+05 3.799979221731986101e-02 0.000000000000000000e+00 1.000000000000000000e+00 0.000000000000000000e+00 0.000000000000000000e+00 0.000000000000000000e+00
1.600000000000000000e+05 3.999978128138925726e-02 0.000000000000000000e+00 1.000000000000000000e+00 0.000000000000000000e+00 0.000000000000000000e+00 0.000000000000000000e+00
1.680000000000000000e+05 4.199977034545865351e-02 0.000000000000000000e+00 1.000000000000000000e+00 0.000000000000000000e+00 0.000000000000000000e+00 0.000000000000000000e+00
1.760000000000000000e+05 4.399975940952827180e-02 0.000000000000000000e+00 1.000000000000000000e+00 0.000000000000000000e+00 0.000000000000000000e+00 0.000000000000000000e+00
1.840000000000000000e+05 4.599974847359766805e-02 0.000000000000000000e+00 1.000000000000000000e+00 0.000000000000000000e+00 0.000000000000000000e+00 0.000000000000000000e+00
1.920000000000000000e+05 4.799973753766706430e-02 0.000000000000000000e+00 1.000000000000000000e+00 0.000000000000000000e+00 0.000000000000000000e+00 0.000000000000000000e+00
2.000000000000000000e+05 4.999972660173668260e-02 0.000000000000000000e+00 1.000000000000000000e+00 0.000000000000000000e+00 0.000000000000000000e+00 0.000000000000000000e+00
2.080000000000000000e+05 5.199971566580607885e-02 0.000000000000000000e+00 1.000000000000000000e+00 0.000000000000000000e+00 0.000000000000000000e+00 0.000000000000000000e+00
2.160000000000000000e+05 5.399970472987547510e-02 0.000000000000000000e+00 1.000000000000000000e+00 0.000000000000000000e+00 0.000000000000000000e+00 0.000000000000000000e+00
2.240000000000000000e+05 5.599969379394509339e-02 0.000000000000000000e+00 1.000000000000000000e+00 0.000000000000000000e+00 0.000000000000000000e+00 0.000000000000000000e+00
2.320000000000000000e+05 5.799968285801448964e-02 0.000000000000000000e+00 1.000000000000000000e+00 0.000000000000000000e+00 0.000000000000000000e+00 0.000000000000000000e+00
2.400000000000000000e+05 5.999967192208388589e-02 3.413746017296313199e-04 9.996586253982703285e-01 0.000000000000000000e+00 0.000000000000000000e+00 0.000000000000000000e+00
2.480000000000000000e+05 6.199966098615328214e-02 0.000000000000000000e+00 1.000000000000000000e+00 0.000000000000000000e+00 0.000000000000000000e+00 0.000000000000000000e+00
2.560000000000000000e+05 6.399965005022290043e-02 4.551661356395084266e-04 9.995448338643604380e-01 0.000000000000000000e+00 0.000000000000000000e+00 0.000000000000000000e+00
2.640000000000000000e+05 6.599963911429229668e-02 0.000000000000000000e+00 1.000000000000000000e+00 0.000000000000000000e+00 0.000000000000000000e+00 0.000000000000000000e+00
2.720000000000000000e+05 6.799962817836169293e-02 1.137915339098771066e-04 9.998862084660901095e-01 0.000000000000000000e+00 0.000000000000000000e+00 0.000000000000000000e+00
2.800000000000000000e+05 6.999961724243131123e-02 0.000000000000000000e+00 1.000000000000000000e+00 0.000000000000000000e+00 0.000000000000000000e+00 0.000000000000000000e+00
2.880000000000000000e+05 7.199960630650070748e-02 0.000000000000000000e+00 1.000000000000000000e+00 0.000000000000000000e+00 0.000000000000000000e+00 0.000000000000000000e+00
2.960000000000000000e+05 7.399959537057010373e-02 0.000000000000000000e+00 1.000000000000000000e+00 0.000000000000000000e+00 0.000000000000000000e+00 0.000000000000000000e+00
3.040000000000000000e+05 7.599958443463972202e-02 0.000000000000000000e+00 1.000000000000000000e+00 0.000000000000000000e+00 0.000000000000000000e+00 0.000000000000000000e+00
3.120000000000000000e+05 7.799957349870911827e-02 1.137915339098771066e-04 9.998862084660901095e-01 0.000000000000000000e+00 0.000000000000000000e+00 0.000000000000000000e+00
3.200000000000000000e+05 7.999956256277851452e-02 0.000000000000000000e+00 1.000000000000000000e+00 0.000000000000000000e+00 0.000000000000000000e+00 0.000000000000000000e+00
3.280000000000000000e+05 8.199955162684813281e-02 6.827492034592626399e-04 9.993172507965407680e-01 0.000000000000000000e+00 0.000000000000000000e+00 0.000000000000000000e+00
3.360000000000000000e+05 8.399954069091752906e-02 3.413746017296313199e-04 9.996586253982703285e-01 0.000000000000000000e+00 0.000000000000000000e+00 0.000000000000000000e+00
3.440000000000000000e+05 8.599952975498692531e-02 1.024123805188893906e-03 9.989758761948110966e-01 0.000000000000000000e+00 0.000000000000000000e+00 0.000000000000000000e+00
3.520000000000000000e+05 8.799951881905632156e-02 9.103322712790168532e-04 9.990896677287209870e-01 0.000000000000000000e+00 0.000000000000000000e+00 0.000000000000000000e+00
3.600000000000000000e+05 8.999950788312593986e-02 1.251706873008648227e-03 9.986345015930814251e-01 0.000000000000000000e+00 1.137915339098771066e-04 0.000000000000000000e+00
3.680000000000000000e+05 9.199949694719533611e-02 1.706873008648156654e-03 9.981793354574419741e-01 0.000000000000000000e+00 1.137915339098771066e-04 0.000000000000000000e+00
3.760000000000000000e+05 9.399948601126473235e-02 3.072371415566681717e-03 9.967000455166135087e-01 0.000000000000000000e+00 2.275830678197542133e-04 0.000000000000000000e+00
3.840000000000000000e+05 9.599947507533435065e-02 3.186162949476558769e-03 9.967000455166135087e-01 0.000000000000000000e+00 1.137915339098771066e-04 0.000000000000000000e+00
3.920000000000000000e+05 9.799946413940374690e-02 4.551661356395083832e-03 9.952207555757851543e-01 0.000000000000000000e+00 2.275830678197542133e-04 0.000000000000000000e+00
4.000000000000000000e+05 9.999945320347314315e-02 2.617205279927173507e-03 9.971552116522530707e-01 0.000000000000000000e+00 2.275830678197542133e-04 0.000000000000000000e+00
4.080000000000000000e+05 1.019994422675427614e-01 5.120619025944469528e-03 9.948793809740554828e-01 0.000000000000000000e+00 0.000000000000000000e+00 0.000000000000000000e+00
4.160000000000000000e+05 1.039994313316121577e-01 5.803368229403732710e-03 9.940828402366863603e-01 0.000000000000000000e+00 1.137915339098771066e-04 0.000000000000000000e+00
4.240000000000000000e+05 1.059994203956815539e-01 7.965407373691398007e-03 9.907828857532999800e-01 0.000000000000000000e+00 1.251706873008648227e-03 0.000000000000000000e+00
4.320000000000000000e+05 1.079994094597509502e-01 4.813381884387801790e-02 8.111060537096039802e-01 1.406463359126081114e-01 1.137915339098771066e-04 0.000000000000000000e+00
4.400000000000000000e+05 1.099993985238205685e-01 4.710969503868912139e-02 8.112198452435138707e-01 1.415566681838871244e-01 1.137915339098771066e-04 0.000000000000000000e+00
4.480000000000000000e+05 1.119993875878899647e-01 4.130632680928538608e-02 8.152025489303595940e-01 1.434911242603550408e-01 0.000000000000000000e+00 0.000000000000000000e+00
4.560000000000000000e+05 1.139993766519593610e-01 4.164770141101502288e-02 8.146335912608101415e-01 1.437187073281747940e-01 0.000000000000000000e+00 0.000000000000000000e+00
4.640000000000000000e+05 1.159993657160289793e-01 4.198907601274465273e-02 8.147473827947200320e-01 1.432635411925352875e-01 0.000000000000000000e+00 0.000000000000000000e+00
4.720000000000000000e+05 1.179993547800983755e-01 4.267182521620391245e-02 8.139508420573509095e-01 1.433773327264451503e-01 0.000000000000000000e+00 0.000000000000000000e+00
4.800000000000000000e+05 1.199993438441677718e-01 4.233045061447428259e-02 8.145197997269003620e-01 1.431497496586253970e-01 0.000000000000000000e+00 0.000000000000000000e+00
4.880000000000000000e+05 1.219993329082373901e-01 4.198907601274465273e-02 8.146335912608101415e-01 1.433773327264451503e-01 0.000000000000000000e+00 0.000000000000000000e+00
4.960000000000000000e+05 1.239993219723067863e-01 4.244424214838415921e-02 8.144060081929904715e-01 1.430359581247155343e-01 1.137915339098771066e-04 0.000000000000000000e+00
5.040000000000000000e+05 1.259993110363761826e-01 4.233045061447428259e-02 8.146335912608101415e-01 1.430359581247155343e-01 0.000000000000000000e+00 0.000000000000000000e+00
5.120000000000000000e+05 1.279993001004458009e-01 4.244424214838415921e-02 8.145197997269003620e-01 1.428083750568957533e-01 2.275830678197542133e-04 0.000000000000000000e+00
5.200000000000000000e+05 1.299992891645151971e-01 4.278561675011378906e-02 8.140646335912608000e-01 1.430359581247155343e-01 1.137915339098771066e-04 0.000000000000000000e+00
5.280000000000000000e+05 1.319992782285845934e-01 4.312699135184342586e-02 8.136094674556213491e-01 1.429221665908056438e-01 3.413746017296313199e-04 0.000000000000000000e+00
5.360000000000000000e+05 1.339992672926539896e-01 4.358215748748293233e-02 8.136094674556213491e-01 1.426945835229858905e-01 1.137915339098771066e-04 0.000000000000000000e+00
5.440000000000000000e+05 1.359992563567236079e-01 4.301319981793354230e-02 8.144060081929904715e-01 1.424670004551661373e-01 1.137915339098771066e-04 0.000000000000000000e+00
5.520000000000000000e+05 1.379992454207930042e-01 4.312699135184342586e-02 8.140646335912608000e-01 1.425807919890760000e-01 2.275830678197542133e-04 0.000000000000000000e+00
5.600000000000000000e+05 1.399992344848624004e-01 4.369594902139280895e-02 8.136094674556213491e-01 1.426945835229858905e-01 0.000000000000000000e+00 0.000000000000000000e+00
5.680000000000000000e+05 1.419992235489320187e-01 4.437869822485206867e-02 8.125853436504324456e-01 1.428083750568957533e-01 2.275830678197542133e-04 0.000000000000000000e+00
5.760000000000000000e+05 1.439992126130014150e-01 3.755120619025944378e-02 8.162266727355484974e-01 1.461083295402822169e-01 1.137915339098771066e-04 0.000000000000000000e+00
5.840000000000000000e+05 1.459992016770708112e-01 3.846153846153846367e-02 8.132680928538916776e-01 1.480427856167501055e-01 2.275830678197542133e-04 0.000000000000000000e+00
5.920000000000000000e+05 1.479991907411404295e-01 3.686845698680018407e-02 8.136094674556213491e-01 1.481565771506599960e-01 1.365498406918525280e-03 0.000000000000000000e+00
6.000000000000000000e+05 1.499991798052098257e-01 3.664087391898043083e-02 8.147473827947200320e-01 1.477014110150204895e-01 9.103322712790168532e-04 0.000000000000000000e+00
6.080000000000000000e+05 1.519991688692792220e-01 3.732362312243969055e-02 8.142922166590805810e-01 1.478152025489303523e-01 5.689576695493854790e-04 0.000000000000000000e+00
6.160000000000000000e+05 1.539991579333488403e-01 3.732362312243969055e-02 8.133818843878015681e-01 1.480427856167501055e-01 1.251706873008648227e-03 0.000000000000000000e+00
6.240000000000000000e+05 1.559991469974182365e-01 3.834774692762858705e-02 8.124715521165225551e-01 1.480427856167501055e-01 1.137915339098770958e-03 0.000000000000000000e+00
6.320000000000000000e+05 1.579991360614876328e-01 3.846153846153846367e-02 8.121301775147928836e-01 1.481565771506599960e-01 1.251706873008648227e-03 0.000000000000000000e+00
6.400000000000000000e+05 1.599991251255570290e-01 3.732362312243969055e-02 8.132680928538916776e-01 1.481565771506599960e-01 1.251706873008648227e-03 0.000000000000000000e+00
6.480000000000000000e+05 1.619991141896266473e-01 3.812016385980882688e-02 8.121301775147928836e-01 1.479289940828402428e-01 1.820664542558033706e-03 0.000000000000000000e+00
6.560000000000000000e+05 1.639991032536960436e-01 3.834774692762858705e-02 8.119025944469731026e-01 1.477014110150204895e-01 2.048247610377787811e-03 0.000000000000000000e+00
6.640000000000000000e+05 1.659990923177654398e-01 3.857532999544834029e-02 8.109922621756940897e-01 1.483841602184797492e-01 2.048247610377787811e-03 0.000000000000000000e+00
6.720000000000000000e+05 1.679990813818350581e-01 6.326809285389166371e-02 7.451069640418752638e-01 1.877560309512972259e-01 3.868912152935821518e-03 0.000000000000000000e+00
6.800000000000000000e+05 1.699990704459044544e-01 6.167501137915339104e-02 7.736686390532544477e-01 1.628356850250341492e-01 1.820664542558033706e-03 0.000000000000000000e+00
6.880000000000000000e+05 1.719990595099738506e-01 6.292671825216203385e-02 7.742375967228037892e-01 1.599908966772872199e-01 2.844788347746927612e-03 0.000000000000000000e+00
6.960000000000000000e+05 1.739990485740434689e-01 6.213017751479289752e-02 7.774237596722803900e-01 1.586253982703686727e-01 1.820664542558033706e-03 0.000000000000000000e+00
7.040000000000000000e+05 1.759990376381128652e-01 5.905780609922621494e-02 7.790168411470186349e-01 1.595357305416477134e-01 2.389622212107419402e-03 0.000000000000000000e+00
7.120000000000000000e+05 1.779990267021822614e-01 6.053709604005461792e-02 7.787892580791988539e-01 1.586253982703686727e-01 2.048247610377787811e-03 0.000000000000000000e+00
7.200000000000000000e+05 1.799990157662516577e-01 6.258534365043240399e-02 7.751479289940828021e-01 1.597633136094674666e-01 2.503413746017296455e-03 0.000000000000000000e+00
7.280000000000000000e+05 1.819990048303212760e-01 6.417842512517069054e-02 7.760582612653618151e-01 1.579426490669094130e-01 1.820664542558033706e-03 0.000000000000000000e+00
7.360000000000000000e+05 1.839989938943906722e-01 6.486117432862995025e-02 7.726445152480655443e-01 1.598771051433773294e-01 2.617205279927173507e-03 0.000000000000000000e+00
7.440000000000000000e+05 1.859989829584600685e-01 6.679563040509786664e-02 7.702548930359581769e-01 1.616977696859353553e-01 1.251706873008648227e-03 0.000000000000000000e+00
7.520000000000000000e+05 1.879989720225296868e-01 6.247155211652252738e-02 7.712790168411469693e-01 1.642011834319526686e-01 2.048247610377787811e-03 0.000000000000000000e+00
7.600000000000000000e+05 1.899989610865990830e-01 7.020937642239417908e-02 7.497724169321802190e-01 1.768320436959490149e-01 3.186162949476558769e-03 0.000000000000000000e+00
7.680000000000000000e+05 1.919989501506684793e-01 7.043695949021393232e-02 7.500000000000000000e-01 1.775147928994082747e-01 2.048247610377787811e-03 0.000000000000000000e+00
7.760000000000000000e+05 1.939989392147380975e-01 7.089212562585343880e-02 7.497724169321802190e-01 1.770596267637687682e-01 2.275830678197541916e-03 0.000000000000000000e+00
7.840000000000000000e+05 1.959989282788074938e-01 7.339553937187073829e-02 7.436276741010469093e-01 1.797906235776058348e-01 3.186162949476558769e-03 0.000000000000000000e+00
7.920000000000000000e+05 1.979989173428768900e-01 7.407828857532999800e-02 7.468138370505233992e-01 1.772872098315885214e-01 1.820664542558033706e-03 0.000000000000000000e+00
8.000000000000000000e+05 1.999989064069465083e-01 7.043695949021393232e-02 7.482931269913518646e-01 1.791078743741465751e-01 2.162039144287664864e-03 0.000000000000000000e+00
8.080000000000000000e+05 2.019988954710159046e-01 7.919890760127445972e-02 7.305416477014110566e-01 1.858215748748293095e-01 4.437869822485207214e-03 0.000000000000000000e+00
8.160000000000000000e+05 2.039988845350853008e-01 8.284023668639053928e-02 7.259899863450158808e-01 1.870732817478379661e-01 4.096495220755575623e-03 0.000000000000000000e+00
8.240000000000000000e+05 2.059988735991546971e-01 8.022303140646336317e-02 7.173418297678653133e-01 1.990213928083750528e-01 3.413746017296313308e-03 0.000000000000000000e+00
8.320000000000000000e+05 2.079988626632243154e-01 8.056440600819299303e-02 7.170004551661356418e-01 1.989076012744651900e-01 3.527537551206190360e-03 0.000000000000000000e+00
8.400000000000000000e+05 2.099988517272937116e-01 7.771961766044606368e-02 7.158625398270368478e-01 2.019799726900318726e-01 4.437869822485207214e-03 0.000000000000000000e+00
8.480000000000000000e+05 2.119988407913631079e-01 7.828857532999544677e-02 7.166590805644059703e-01 2.015248065543923661e-01 3.527537551206190360e-03 0.000000000000000000e+00
8.560000000000000000e+05 2.139988298554327262e-01 7.794720072826581692e-02 7.155211652253072874e-01 2.022075557578516258e-01 4.324078288575329727e-03 0.000000000000000000e+00
8.640000000000000000e+05 2.159988189195021224e-01 7.931269913518433634e-02 7.122212107419207960e-01 2.047109695038689114e-01 3.755120619025944465e-03 0.000000000000000000e+00
8.720000000000000000e+05 2.179988079835715187e-01 7.806099226217569353e-02 7.126763768775603580e-01 2.051661356395084179e-01 4.096495220755575623e-03 0.000000000000000000e+00
8.800000000000000000e+05 2.199987970476411370e-01 8.067819754210286964e-02 7.083522985889849632e-01 2.074419663177059503e-01 3.527537551206190360e-03 0.000000000000000000e+00
8.880000000000000000e+05 2.219987861117105332e-01 8.147473827947200598e-02 7.059626763768775959e-01 2.092626308602640040e-01 3.299954483386436255e-03 0.000000000000000000e+00
8.960000000000000000e+05 2.239987751757799295e-01 8.010923987255348655e-02 7.065316340464269373e-01 2.102867546654528796e-01 3.072371415566681717e-03 0.000000000000000000e+00
9.040000000000000000e+05 2.259987642398495478e-01 8.238507055075101893e-02 7.028903049613108855e-01 2.115384615384615363e-01 3.186162949476558769e-03 0.000000000000000000e+00
9.120000000000000000e+05 2.279987533039189440e-01 8.306781975421029252e-02 6.975421028675466983e-01 2.155211652253072319e-01 3.868912152935821518e-03 0.000000000000000000e+00
9.200000000000000000e+05 2.299987423679883403e-01 8.227127901684114231e-02 6.970869367319071364e-01 2.158625398270368756e-01 4.779244424214838804e-03 0.000000000000000000e+00
9.280000000000000000e+05 2.319987314320577365e-01 8.238507055075101893e-02 6.942421483841602070e-01 2.190487027765134209e-01 4.324078288575329727e-03 0.000000000000000000e+00
9.360000000000000000e+05 2.339987204961273548e-01 8.431952662721893532e-02 6.924214838416021811e-01 2.190487027765134209e-01 4.210286754665453109e-03 0.000000000000000000e+00
9.440000000000000000e+05 2.359987095601967511e-01 8.670914883932635819e-02 6.910559854346836062e-01 2.184797451069640517e-01 3.755120619025944465e-03 0.000000000000000000e+00
9.520000000000000000e+05 2.379986986242661473e-01 8.557123350022757813e-02 6.841147018661811741e-01 2.251934456076467861e-01 5.120619025944469528e-03 0.000000000000000000e+00
9.600000000000000000e+05 2.399986876883357656e-01 9.387801547564861293e-02 6.662494310423304755e-01 2.355484751934456000e-01 4.324078288575329727e-03 0.000000000000000000e+00
9.680000000000000000e+05 2.419986767524051618e-01 9.774692762858443185e-02 6.579426490669094685e-01 2.396449704142011861e-01 4.665452890304961318e-03 0.000000000000000000e+00
9.760000000000000000e+05 2.439986658164745581e-01 9.046426945835230049e-02 6.654528903049613531e-01 2.378243058716431602e-01 6.258534365043240920e-03 0.000000000000000000e+00
9.840000000000000000e+05 2.459986548805441764e-01 9.228493400091032639e-02 6.591943559399180419e-01 2.432862994993172379e-01 5.234410559854347014e-03 0.000000000000000000e+00
9.920000000000000000e+05 2.479986439446135726e-01 9.285389167045972336e-02 6.573736913973600160e-01 2.438552571688666348e-01 5.917159763313609329e-03 0.000000000000000000e+00
1.000000000000000000e+06 2.499986330086829689e-01 9.308147473827947660e-02 6.561219845243514426e-01 2.441966317705962786e-01 6.599908966772872511e-03 0.000000000000000000e+00
1.008000000000000000e+06 2.519986220727523651e-01 1.101502048247610388e-01 6.206190259444697155e-01 2.660446062812926726e-01 3.186162949476558769e-03 0.000000000000000000e+00
1.016000000000000000e+06 2.539986111368219834e-01 1.100364132908511622e-01 6.217569412835685094e-01 2.639963586709148657e-01 4.210286754665453109e-03 0.000000000000000000e+00
1.024000000000000000e+06 2.559986002008913797e-01 1.111743286299499284e-01 6.232362312243968638e-01 2.629722348657259623e-01 2.617205279927173507e-03 0.000000000000000000e+00
1.032000000000000000e+06 2.579985892649607759e-01 1.125398270368684617e-01 6.200500682749203740e-01 2.645653163404642627e-01 2.844788347746927612e-03 0.000000000000000000e+00
1.040000000000000000e+06 2.599985783290303942e-01 1.137915339098771045e-01 6.142467000455166248e-01 2.692307692307692180e-01 2.730996813837050560e-03 0.000000000000000000e+00
1.048000000000000000e+06 2.619985673930997905e-01 1.108329540282202985e-01 6.150432407828857473e-01 2.729858898497951603e-01 1.137915339098770958e-03 0.000000000000000000e+00
1.056000000000000000e+06 2.639985564571691867e-01 1.129949931725079681e-01 6.133363677742376119e-01 2.717341829767865313e-01 1.934456076467910759e-03 0.000000000000000000e+00
1.064000000000000000e+06 2.659985455212388050e-01 1.124260355029585851e-01 6.136777423759672834e-01 2.716203914428766408e-01 2.275830678197541916e-03 0.000000000000000000e+00
1.072000000000000000e+06 2.679985345853082013e-01 1.133363677742375980e-01 6.127674101046881594e-01 2.712790168411470249e-01 2.617205279927173507e-03 0.000000000000000000e+00
1.080000000000000000e+06 2.699985236493775975e-01 1.124260355029585851e-01 6.127674101046881594e-01 2.729858898497951603e-01 1.820664542558033706e-03 0.000000000000000000e+00
1.088000000000000000e+06 2.719985127134472158e-01 1.150432407828857473e-01 6.211879836140191680e-01 2.621756941283568398e-01 1.593081474738279385e-03 0.000000000000000000e+00
1.096000000000000000e+06 2.739985017775166121e-01 1.151570323167956239e-01 6.219845243513882904e-01 2.609239872553482109e-01 1.934456076467910759e-03 0.000000000000000000e+00
1.104000000000000000e+06 2.759984908415860083e-01 1.152708238507055144e-01 6.306326809285389690e-01 2.518206645425580259e-01 2.275830678197541916e-03 0.000000000000000000e+00
1.112000000000000000e+06 2.779984799056554046e-01 1.141329085116067343e-01 6.346153846153845812e-01 2.489758761948110966e-01 2.275830678197541916e-03 0.000000000000000000e+00
1.120000000000000000e+06 2.799984689697250229e-01 1.081019572143832458e-01 6.879836140191170069e-01 2.010696404187528319e-01 2.844788347746927612e-03 0.000000000000000000e+00
1.128000000000000000e+06 2.819984580337944191e-01 1.095812471552116557e-01 6.888939462903960198e-01 1.994765589440145592e-01 2.048247610377787811e-03 0.000000000000000000e+00
1.136000000000000000e+06 2.839984470978638154e-01 1.101502048247610388e-01 6.885525716886663483e-01 1.997041420118343125e-01 1.593081474738279385e-03 0.000000000000000000e+00
1.144000000000000000e+06 2.859984361619334337e-01 1.084433318161128756e-01 6.893491124260354708e-01 2.001593081474738189e-01 2.048247610377787811e-03 0.000000000000000000e+00
1.152000000000000000e+06 2.879984252260028299e-01 1.093536640873919025e-01 6.888939462903960198e-01 1.991351843422849432e-01 2.617205279927173507e-03 0.000000000000000000e+00
1.160000000000000000e+06 2.899984142900722262e-01 1.085571233500227523e-01 6.875284478834774449e-01 2.014110150204824756e-01 2.503413746017296455e-03 0.000000000000000000e+00
1.168000000000000000e+06 2.919984033541418444e-01 1.082157487482931224e-01 6.966317705962676854e-01 1.933318161128811941e-01 1.820664542558033706e-03 0.000000000000000000e+00
1.176000000000000000e+06 2.939983924182112407e-01 1.067364588074647264e-01 6.978834774692762588e-01 1.936731907146108378e-01 1.706873008648156654e-03 0.000000000000000000e+00
1.184000000000000000e+06 2.959983814822806369e-01 1.087847064178425194e-01 6.959490213928083424e-01 1.939007737824305910e-01 1.365498406918525280e-03 0.000000000000000000e+00
1.192000000000000000e+06 2.979983705463502552e-01 1.087847064178425194e-01 6.956076467910787819e-01 1.935593991807009473e-01 2.048247610377787811e-03 0.000000000000000000e+00
1.200000000000000000e+06 2.999983596104196515e-01 1.085571233500227523e-01 6.974283113336368078e-01 1.924214838416021811e-01 1.593081474738279385e-03 0.000000000000000000e+00
1.208000000000000000e+06 3.019983486744890477e-01 1.082157487482931224e-01 6.965179790623577949e-01 1.925352753755120716e-01 2.730996813837050560e-03 0.000000000000000000e+00
1.216000000000000000e+06 3.039983377385584440e-01 1.063950842057350965e-01 6.982248520710059303e-01 1.934456076467910846e-01 1.934456076467910759e-03 0.000000000000000000e+00
1.224000000000000000e+06 3.059983268026280623e-01 1.057123350022758368e-01 6.983386436049158208e-01 1.923076923076923184e-01 3.641329085116067413e-03 0.000000000000000000e+00
1.232000000000000000e+06 3.079983158666974585e-01 1.073054164770141095e-01 6.961766044606281234e-01 1.941283568502503443e-01 2.389622212107419402e-03 0.000000000000000000e+00
1.240000000000000000e+06 3.099983049307668548e-01 1.052571688666363164e-01 7.058488848429677054e-01 1.854802002730996935e-01 3.413746017296313308e-03 0.000000000000000000e+00
1.248000000000000000e+06 3.119982939948364731e-01 1.048020027309968100e-01 7.171142467000455323e-01 1.752389622212107423e-01 2.844788347746927612e-03 0.000000000000000000e+00
1.256000000000000000e+06 3.139982830589058693e-01 1.046882111970869333e-01 7.251934456076467583e-01 1.678425125170687204e-01 2.275830678197541916e-03 0.000000000000000000e+00
1.264000000000000000e+06 3.159982721229752656e-01 1.034365043240782905e-01 7.300864815657714946e-01 1.637460172963131622e-01 2.730996813837050560e-03 0.000000000000000000e+00
1.272000000000000000e+06 3.179982611870448839e-01 1.024123805188894010e-01 7.366863905325443662e-01 1.589667728720983164e-01 1.934456076467910759e-03 0.000000000000000000e+00
1.280000000000000000e+06 3.199982502511142801e-01 1.033227127901684139e-01 7.393035958124715146e-01 1.537323623122439642e-01 3.641329085116067413e-03 0.000000000000000000e+00
1.288000000000000000e+06 3.219982393151836764e-01 1.066226672735548497e-01 7.414656349567592120e-01 1.499772416932180219e-01 1.934456076467910759e-03 0.000000000000000000e+00
1.296000000000000000e+06 3.239982283792530726e-01 1.067364588074647264e-01 7.420345926263085534e-01 1.496358670914884059e-01 1.593081474738279385e-03 0.000000000000000000e+00
1.304000000000000000e+06 3.259982174433226909e-01 9.308147473827947660e-02 8.484296768320437332e-01 5.518889394629039602e-02 3.299954483386436255e-03 0.000000000000000000e+00
1.312000000000000000e+06 3.279982065073920872e-01 9.114701866181156020e-02 8.484296768320437332e-01 5.666818388711879900e-02 3.755120619025944465e-03 0.000000000000000000e+00
1.320000000000000000e+06 3.299981955714614834e-01 8.989531178880291740e-02 8.524123805188893455e-01 5.427856167501137613e-02 3.413746017296313308e-03 0.000000000000000000e+00
1.328000000000000000e+06 3.319981846355311017e-01 8.750568957669549452e-02 8.554847519344560558e-01 5.302685480200273332e-02 3.982703686845699004e-03 0.000000000000000000e+00
1.336000000000000000e+06 3.339981736996004980e-01 8.875739644970413733e-02 8.567364588074647402e-01 5.120619025944470049e-02 3.299954483386436255e-03 0.000000000000000000e+00
1.344000000000000000e+06 3.359981627636698942e-01 8.852981338188438409e-02 8.569640418752845212e-01 5.200273099681383682e-02 2.503413746017296455e-03 0.000000000000000000e+00
1.352000000000000000e+06 3.379981518277395125e-01 8.955393718707328754e-02 8.563950842057350687e-01 4.995448338643605074e-02 4.096495220755575623e-03 0.000000000000000000e+00
1.360000000000000000e+06 3.399981408918089087e-01 8.830223031406463086e-02 8.568502503413746307e-01 5.177514792899408358e-02 3.072371415566681717e-03 0.000000000000000000e+00
1.368000000000000000e+06 3.419981299558783050e-01 8.932635411925353430e-02 8.571916249431041912e-01 5.006827492034592736e-02 3.413746017296313308e-03 0.000000000000000000e+00
1.376000000000000000e+06 3.439981190199479233e-01 8.796085571233500100e-02 8.594674556213017791e-01 4.972690031861629750e-02 2.844788347746927612e-03 0.000000000000000000e+00
1.384000000000000000e+06 3.459981080840173195e-01 8.830223031406463086e-02 8.603777878925807920e-01 4.779244424214838111e-02 3.527537551206190360e-03 0.000000000000000000e+00
1.392000000000000000e+06 3.479980971480867158e-01 8.375056895766955223e-02 8.678880291306326766e-01 4.483386436049158208e-02 3.527537551206190360e-03 0.000000000000000000e+00
1.400000000000000000e+06 3.499980862121561120e-01 8.192990441511151245e-02 8.701638598088302645e-01 4.472007282658170546e-02 3.186162949476558769e-03 0.000000000000000000e+00
1.408000000000000000e+06 3.519980752762257303e-01 8.443331816112881194e-02 8.686845698680017991e-01 4.506144742831133532e-02 1.820664542558033706e-03 0.000000000000000000e+00
1.416000000000000000e+06 3.539980643402951266e-01 8.284023668639053928e-02 8.716431497496586189e-01 4.198907601274465273e-02 3.527537551206190360e-03 0.000000000000000000e+00
1.424000000000000000e+06 3.559980534043645228e-01 8.272644515248064878e-02 8.739189804278562068e-01 4.062357760582612637e-02 2.730996813837050560e-03 0.000000000000000000e+00
1.432000000000000000e+06 3.579980424684341411e-01 8.488848429676831842e-02 8.730086481565771939e-01 4.016841147018661989e-02 1.934456076467910759e-03 0.000000000000000000e+00
1.440000000000000000e+06 3.599980315325035374e-01 8.295402822030041590e-02 8.736913973600364258e-01 4.028220300409649651e-02 3.072371415566681717e-03 0.000000000000000000e+00
1.448000000000000000e+06 3.619980205965729336e-01 8.500227583067819503e-02 8.738051888939463163e-01 3.903049613108784677e-02 2.162039144287664864e-03 0.000000000000000000e+00
1.456000000000000000e+06 3.639980096606425519e-01 8.079198907601274626e-02 8.755120619025944517e-01 4.050978607191624975e-02 3.186162949476558769e-03 0.000000000000000000e+00
1.464000000000000000e+06 3.659979987247119482e-01 8.488848429676831842e-02 8.751706873008647802e-01 3.766499772416932040e-02 2.275830678197541916e-03 0.000000000000000000e+00
1.472000000000000000e+06 3.679979877887813444e-01 8.443331816112881194e-02 8.738051888939463163e-01 3.903049613108784677e-02 2.730996813837050560e-03 0.000000000000000000e+00
1.480000000000000000e+06 3.699979768528509627e-01 8.272644515248064878e-02 8.776741010468821491e-01 3.675466545289030745e-02 2.844788347746927612e-03 0.000000000000000000e+00
1.488000000000000000e+06 3.719979659169203590e-01 8.375056895766955223e-02 8.765361857077833552e-01 3.743741465634956717e-02 2.275830678197541916e-03 0.000000000000000000e+00
1.496000000000000000e+06 3.739979549809897552e-01 8.420573509330905870e-02 8.789258079198907225e-01 3.516158397815202785e-02 1.706873008648156654e-03 0.000000000000000000e+00
1.504000000000000000e+06 3.759979440450591515e-01 8.443331816112881194e-02 8.789258079198907225e-01 3.470641784251251444e-02 1.934456076467910759e-03 0.000000000000000000e+00
1.512000000000000000e+06 3.779979331091287698e-01 8.375056895766955223e-02 8.798361401911697355e-01 3.402366863905325473e-02 2.389622212107419402e-03 0.000000000000000000e+00
1.520000000000000000e+06 3.799979221731981660e-01 8.568502503413745475e-02 8.790395994538006130e-01 3.334091943559399501e-02 1.934456076467910759e-03 0.000000000000000000e+00
1.528000000000000000e+06 3.819979112372675623e-01 8.488848429676831842e-02 8.812016385980883104e-01 3.208921256258534527e-02 1.820664542558033706e-03 0.000000000000000000e+00
1.536000000000000000e+06 3.839979003013371806e-01 8.306781975421029252e-02 8.858670914883932657e-01 2.924442421483841592e-02 1.820664542558033706e-03 0.000000000000000000e+00
1.544000000000000000e+06 3.859978893654065768e-01 8.534365043240782489e-02 8.857532999544833752e-01 2.822030040964952288e-02 6.827492034592626399e-04 0.000000000000000000e+00
1.552000000000000000e+06 3.879978784294759730e-01 8.420573509330905870e-02 8.875739644970414011e-01 2.639963586709149004e-02 1.820664542558033706e-03 0.000000000000000000e+00
1.560000000000000000e+06 3.899978674935455913e-01 8.443331816112881194e-02 8.878015475648611821e-01 2.639963586709149004e-02 1.365498406918525280e-03 0.000000000000000000e+00
1.568000000000000000e+06 3.919978565576149876e-01 5.530268548020027264e-02 9.445835229858898785e-01 0.000000000000000000e+00 1.137915339098771066e-04 0.000000000000000000e+00
1.576000000000000000e+06 3.939978456216843838e-01 5.541647701411014926e-02 9.445835229858898785e-01 0.000000000000000000e+00 0.000000000000000000e+00 0.000000000000000000e+00
1.584000000000000000e+06 3.959978346857537801e-01 5.541647701411014926e-02 9.444697314519799880e-01 0.000000000000000000e+00 1.137915339098771066e-04 0.000000000000000000e+00
1.592000000000000000e+06 3.979978237498233984e-01 5.541647701411014926e-02 9.445835229858898785e-01 0.000000000000000000e+00 0.000000000000000000e+00 0.000000000000000000e+00
1.600000000000000000e+06 3.999978128138927946e-01 5.541647701411014926e-02 9.445835229858898785e-01 0.000000000000000000e+00 0.000000000000000000e+00 0.000000000000000000e+00
1.608000000000000000e+06 4.019978018779621909e-01 5.541647701411014926e-02 9.445835229858898785e-01 0.000000000000000000e+00 0.000000000000000000e+00 0.000000000000000000e+00
1.616000000000000000e+06 4.039977909420318092e-01 5.541647701411014926e-02 9.445835229858898785e-01 0.000000000000000000e+00 0.000000000000000000e+00 0.000000000000000000e+00
1.624000000000000000e+06 4.059977800061012054e-01 5.541647701411014926e-02 9.445835229858898785e-01 0.000000000000000000e+00 0.000000000000000000e+00 0.000000000000000000e+00
1.632000000000000000e+06 4.079977690701706017e-01 5.564406008192990249e-02 9.443559399180700975e-01 0.000000000000000000e+00 0.000000000000000000e+00 0.000000000000000000e+00
1.640000000000000000e+06 4.099977581342402200e-01 5.553026854802002588e-02 9.444697314519799880e-01 0.000000000000000000e+00 0.000000000000000000e+00 0.000000000000000000e+00
1.648000000000000000e+06 4.119977471983096162e-01 5.541647701411014926e-02 9.445835229858898785e-01 0.000000000000000000e+00 0.000000000000000000e+00 0.000000000000000000e+00
1.656000000000000000e+06 4.139977362623790125e-01 5.553026854802002588e-02 9.444697314519799880e-01 0.000000000000000000e+00 0.000000000000000000e+00 0.000000000000000000e+00
1.664000000000000000e+06 4.159977253264486308e-01 5.518889394629039602e-02 9.445835229858898785e-01 0.000000000000000000e+00 2.275830678197542133e-04 0.000000000000000000e+00
1.672000000000000000e+06 4.179977143905180270e-01 5.541647701411014926e-02 9.445835229858898785e-01 0.000000000000000000e+00 0.000000000000000000e+00 0.000000000000000000e+00
1.680000000000000000e+06 4.199977034545874233e-01 5.541647701411014926e-02 9.445835229858898785e-01 0.000000000000000000e+00 0.000000000000000000e+00 0.000000000000000000e+00
1.688000000000000000e+06 4.219976925186568195e-01 5.564406008192990249e-02 9.443559399180700975e-01 0.000000000000000000e+00 0.000000000000000000e+00 0.000000000000000000e+00
1.696000000000000000e+06 4.239976815827264378e-01 5.541647701411014926e-02 9.445835229858898785e-01 0.000000000000000000e+00 0.000000000000000000e+00 0.000000000000000000e+00
1.704000000000000000e+06 4.259976706467958341e-01 5.530268548020027264e-02 9.445835229858898785e-01 0.000000000000000000e+00 1.137915339098771066e-04 0.000000000000000000e+00
1.712000000000000000e+06 4.279976597108652303e-01 5.564406008192990249e-02 9.443559399180700975e-01 0.000000000000000000e+00 0.000000000000000000e+00 0.000000000000000000e+00
1.720000000000000000e+06 4.299976487749348486e-01 5.553026854802002588e-02 9.444697314519799880e-01 0.000000000000000000e+00 0.000000000000000000e+00 0.000000000000000000e+00
1.728000000000000000e+06 4.319976378390042449e-01 5.564406008192990249e-02 9.443559399180700975e-01 0.000000000000000000e+00 0.000000000000000000e+00 0.000000000000000000e+00
1.736000000000000000e+06 4.339976269030736411e-01 5.553026854802002588e-02 9.444697314519799880e-01 0.000000000000000000e+00 0.000000000000000000e+00 0.000000000000000000e+00
1.744000000000000000e+06 4.359976159671432594e-01 5.553026854802002588e-02 9.443559399180700975e-01 0.000000000000000000e+00 1.137915339098771066e-04 0.000000000000000000e+00
1.752000000000000000e+06 4.379976050312126556e-01 5.530268548020027264e-02 9.445835229858898785e-01 0.000000000000000000e+00 1.137915339098771066e-04 0.000000000000000000e+00
1.760000000000000000e+06 4.399975940952820519e-01 5.587164314974965573e-02 9.441283568502503165e-01 0.000000000000000000e+00 0.000000000000000000e+00 0.000000000000000000e+00
1.768000000000000000e+06 4.419975831593516702e-01 5.564406008192990249e-02 9.443559399180700975e-01 0.000000000000000000e+00 0.000000000000000000e+00 0.000000000000000000e+00
1.776000000000000000e+06 4.439975722234210664e-01 5.530268548020027264e-02 9.444697314519799880e-01 0.000000000000000000e+00 2.275830678197542133e-04 0.000000000000000000e+00
1.784000000000000000e+06 4.459975612874904627e-01 5.530268548020027264e-02 9.445835229858898785e-01 0.000000000000000000e+00 1.137915339098771066e-04 0.000000000000000000e+00
1.792000000000000000e+06 4.479975503515598589e-01 5.530268548020027264e-02 9.445835229858898785e-01 0.000000000000000000e+00 1.137915339098771066e-04 0.000000000000000000e+00
1.800000000000000000e+06 4.499975394156294772e-01 5.541647701411014926e-02 9.445835229858898785e-01 0.000000000000000000e+00 0.000000000000000000e+00 0.000000000000000000e+00
1.808000000000000000e+06 4.519975284796988735e-01 5.518889394629039602e-02 9.445835229858898785e-01 0.000000000000000000e+00 2.275830678197542133e-04 0.000000000000000000e+00
1.816000000000000000e+06 4.539975175437682697e-01 5.541647701411014926e-02 9.445835229858898785e-01 0.000000000000000000e+00 0.000000000000000000e+00 0.000000000000000000e+00
