# itime ezz other fcc hcp bcc ico
0.000000000000000000e+00 0.000000000000000000e+00 0.000000000000000000e+00 1.000000000000000000e+00 0.000000000000000000e+00 0.000000000000000000e+00 0.000000000000000000e+00
4.000000000000000000e+04 1.000003424798512341e-02 0.000000000000000000e+00 1.000000000000000000e+00 0.000000000000000000e+00 0.000000000000000000e+00 0.000000000000000000e+00
8.000000000000000000e+04 2.000006849597024683e-02 0.000000000000000000e+00 1.000000000000000000e+00 0.000000000000000000e+00 0.000000000000000000e+00 0.000000000000000000e+00
1.200000000000000000e+05 3.000010274395537024e-02 0.000000000000000000e+00 1.000000000000000000e+00 0.000000000000000000e+00 0.000000000000000000e+00 0.000000000000000000e+00
1.600000000000000000e+05 4.000013699194049366e-02 0.000000000000000000e+00 1.000000000000000000e+00 0.000000000000000000e+00 0.000000000000000000e+00 0.000000000000000000e+00
2.000000000000000000e+05 5.000017123992539503e-02 0.000000000000000000e+00 1.000000000000000000e+00 0.000000000000000000e+00 0.000000000000000000e+00 0.000000000000000000e+00
2.400000000000000000e+05 6.000020548791051844e-02 3.413746017296313199e-04 9.996586253982703285e-01 0.000000000000000000e+00 0.000000000000000000e+00 0.000000000000000000e+00
2.800000000000000000e+05 7.000023973589564186e-02 0.000000000000000000e+00 1.000000000000000000e+00 0.000000000000000000e+00 0.000000000000000000e+00 0.000000000000000000e+00
3.200000000000000000e+05 8.000027398388076527e-02 0.000000000000000000e+00 1.000000000000000000e+00 0.000000000000000000e+00 0.000000000000000000e+00 0.000000000000000000e+00
3.600000000000000000e+05 9.000030823186588869e-02 1.251706873008648227e-03 9.986345015930814251e-01 0.000000000000000000e+00 1.137915339098771066e-04 0.000000000000000000e+00
4.000000000000000000e+05 1.000003424798510121e-01 2.617205279927173507e-03 9.971552116522530707e-01 0.000000000000000000e+00 2.275830678197542133e-04 0.000000000000000000e+00
4.400000000000000000e+05 1.100003767278361355e-01 4.710969503868912139e-02 8.112198452435138707e-01 1.415566681838871244e-01 1.137915339098771066e-04 0.000000000000000000e+00
4.800000000000000000e+05 1.200004109758212589e-01 4.233045061447428259e-02 8.145197997269003620e-01 1.431497496586253970e-01 0.000000000000000000e+00 0.000000000000000000e+00
5.200000000000000000e+05 1.300004452238061603e-01 4.278561675011378906e-02 8.140646335912608000e-01 1.430359581247155343e-01 1.137915339098771066e-04 0.000000000000000000e+00
5.600000000000000000e+05 1.400004794717912837e-01 4.369594902139280895e-02 8.136094674556213491e-01 1.426945835229858905e-01 0.000000000000000000e+00 0.000000000000000000e+00
6.000000000000000000e+05 1.500005137197764071e-01 3.664087391898043083e-02 8.147473827947200320e-01 1.477014110150204895e-01 9.103322712790168532e-04 0.000000000000000000e+00
6.400000000000000000e+05 1.600005479677615305e-01 3.732362312243969055e-02 8.132680928538916776e-01 1.481565771506599960e-01 1.251706873008648227e-03 0.000000000000000000e+00
6.800000000000000000e+05 1.700005822157466540e-01 6.167501137915339104e-02 7.736686390532544477e-01 1.628356850250341492e-01 1.820664542558033706e-03 0.000000000000000000e+00
7.200000000000000000e+05 1.800006164637317774e-01 6.258534365043240399e-02 7.751479289940828021e-01 1.597633136094674666e-01 2.503413746017296455e-03 0.000000000000000000e+00
7.600000000000000000e+05 1.900006507117169008e-01 7.020937642239417908e-02 7.497724169321802190e-01 1.768320436959490149e-01 3.186162949476558769e-03 0.000000000000000000e+00
8.000000000000000000e+05 2.000006849597020242e-01 7.043695949021393232e-02 7.482931269913518646e-01 1.791078743741465751e-01 2.162039144287664864e-03 0.000000000000000000e+00
8.400000000000000000e+05 2.100007192076871476e-01 7.771961766044606368e-02 7.158625398270368478e-01 2.019799726900318726e-01 4.437869822485207214e-03 0.000000000000000000e+00
8.800000000000000000e+05 2.200007534556720490e-01 8.067819754210286964e-02 7.083522985889849632e-01 2.074419663177059503e-01 3.527537551206190360e-03 0.000000000000000000e+00
9.200000000000000000e+05 2.300007877036571724e-01 8.227127901684114231e-02 6.970869367319071364e-01 2.158625398270368756e-01 4.779244424214838804e-03 0.000000000000000000e+00
9.600000000000000000e+05 2.400008219516422958e-01 9.387801547564861293e-02 6.662494310423304755e-01 2.355484751934456000e-01 4.324078288575329727e-03 0.000000000000000000e+00
1.000000000000000000e+06 2.500008561996274192e-01 9.308147473827947660e-02 6.561219845243514426e-01 2.441966317705962786e-01 6.599908966772872511e-03 0.000000000000000000e+00
1.040000000000000000e+06 2.600008904476125426e-01 1.137915339098771045e-01 6.142467000455166248e-01 2.692307692307692180e-01 2.730996813837050560e-03 0.000000000000000000e+00
1.080000000000000000e+06 2.700009246955976661e-01 1.124260355029585851e-01 6.127674101046881594e-01 2.729858898497951603e-01 1.820664542558033706e-03 0.000000000000000000e+00
1.120000000000000000e+06 2.800009589435827895e-01 1.081019572143832458e-01 6.879836140191170069e-01 2.010696404187528319e-01 2.844788347746927612e-03 0.000000000000000000e+00
1.160000000000000000e+06 2.900009931915679129e-01 1.085571233500227523e-01 6.875284478834774449e-01 2.014110150204824756e-01 2.503413746017296455e-03 0.000000000000000000e+00
1.200000000000000000e+06 3.000010274395530363e-01 1.085571233500227523e-01 6.974283113336368078e-01 1.924214838416021811e-01 1.593081474738279385e-03 0.000000000000000000e+00
1.240000000000000000e+06 3.100010616875379377e-01 1.052571688666363164e-01 7.058488848429677054e-01 1.854802002730996935e-01 3.413746017296313308e-03 0.000000000000000000e+00
1.280000000000000000e+06 3.200010959355230611e-01 1.033227127901684139e-01 7.393035958124715146e-01 1.537323623122439642e-01 3.641329085116067413e-03 0.000000000000000000e+00
1.320000000000000000e+06 3.300011301835081845e-01 8.989531178880291740e-02 8.524123805188893455e-01 5.427856167501137613e-02 3.413746017296313308e-03 0.000000000000000000e+00
1.360000000000000000e+06 3.400011644314933079e-01 8.830223031406463086e-02 8.568502503413746307e-01 5.177514792899408358e-02 3.072371415566681717e-03 0.000000000000000000e+00
1.400000000000000000e+06 3.500011986794784313e-01 8.192990441511151245e-02 8.701638598088302645e-01 4.472007282658170546e-02 3.186162949476558769e-03 0.000000000000000000e+00
1.440000000000000000e+06 3.600012329274635547e-01 8.295402822030041590e-02 8.736913973600364258e-01 4.028220300409649651e-02 3.072371415566681717e-03 0.000000000000000000e+00
1.480000000000000000e+06 3.700012671754486782e-01 8.272644515248064878e-02 8.776741010468821491e-01 3.675466545289030745e-02 2.844788347746927612e-03 0.000000000000000000e+00
1.520000000000000000e+06 3.800013014234338016e-01 8.568502503413745475e-02 8.790395994538006130e-01 3.334091943559399501e-02 1.934456076467910759e-03 0.000000000000000000e+00
1.560000000000000000e+06 3.900013356714189250e-01 8.443331816112881194e-02 8.878015475648611821e-01 2.639963586709149004e-02 1.365498406918525280e-03 0.000000000000000000e+00
1.600000000000000000e+06 4.000013699194038264e-01 5.541647701411014926e-02 9.445835229858898785e-01 0.000000000000000000e+00 0.000000000000000000e+00 0.000000000000000000e+00
1.640000000000000000e+06 4.100014041673889498e-01 5.553026854802002588e-02 9.444697314519799880e-01 0.000000000000000000e+00 0.000000000000000000e+00 0.000000000000000000e+00
1.680000000000000000e+06 4.200014384153740732e-01 5.541647701411014926e-02 9.445835229858898785e-01 0.000000000000000000e+00 0.000000000000000000e+00 0.000000000000000000e+00
1.720000000000000000e+06 4.300014726633594186e-01 5.553026854802002588e-02 9.444697314519799880e-01 0.000000000000000000e+00 0.000000000000000000e+00 0.000000000000000000e+00
1.760000000000000000e+06 4.400015069113443200e-01 5.587164314974965573e-02 9.441283568502503165e-01 0.000000000000000000e+00 0.000000000000000000e+00 0.000000000000000000e+00
1.800000000000000000e+06 4.500015411593292214e-01 5.541647701411014926e-02 9.445835229858898785e-01 0.000000000000000000e+00 0.000000000000000000e+00 0.000000000000000000e+00
1.840000000000000000e+06 4.600015754073145668e-01 5.541647701411014926e-02 9.443559399180700975e-01 0.000000000000000000e+00 2.275830678197542133e-04 0.000000000000000000e+00
1.880000000000000000e+06 4.700016096552996903e-01 5.564406008192990249e-02 9.441283568502503165e-01 0.000000000000000000e+00 2.275830678197542133e-04 0.000000000000000000e+00
1.920000000000000000e+06 4.800016439032845916e-01 5.143377332726445372e-02 9.485662266727356018e-01 0.000000000000000000e+00 0.000000000000000000e+00 0.000000000000000000e+00
1.960000000000000000e+06 4.900016781512697150e-01 5.120619025944470049e-02 9.486800182066453813e-01 0.000000000000000000e+00 1.137915339098771066e-04 0.000000000000000000e+00
2.000000000000000000e+06 5.000017123992548385e-01 5.154756486117433034e-02 9.483386436049158208e-01 0.000000000000000000e+00 1.137915339098771066e-04 0.000000000000000000e+00
2.040000000000000000e+06 5.100017466472401839e-01 5.268548020027309653e-02 9.470869367319071364e-01 0.000000000000000000e+00 2.275830678197542133e-04 0.000000000000000000e+00
2.080000000000000000e+06 5.200017808952250853e-01 1.166363222576240338e-01 7.317933545744196300e-01 1.469048702776513393e-01 4.665452890304961318e-03 0.000000000000000000e+00
2.120000000000000000e+06 5.300018151432099867e-01 1.110605370960400518e-01 7.137005006827491504e-01 1.710286754665452935e-01 4.210286754665453109e-03 0.000000000000000000e+00
2.160000000000000000e+06 5.400018493911953321e-01 1.232362312243969055e-01 6.604460628129267263e-01 2.109695038689121394e-01 5.348202093764223633e-03 0.000000000000000000e+00
2.200000000000000000e+06 5.500018836391804555e-01 1.272189349112426149e-01 6.513427401001365968e-01 2.163177059626763821e-01 5.120619025944469528e-03 0.000000000000000000e+00
2.240000000000000000e+06 5.600019178871655789e-01 1.587391898042785632e-01 5.520027309968138507e-01 2.857305416477013971e-01 3.527537551206190360e-03 0.000000000000000000e+00
2.280000000000000000e+06 5.700019521351504803e-01 1.411015020482476179e-01 7.610377787892580459e-01 8.955393718707328754e-02 8.306781975421027864e-03 0.000000000000000000e+00
2.320000000000000000e+06 5.800019863831356037e-01 7.908511606736458310e-02 9.068047337278106745e-01 1.183431952662721866e-02 2.275830678197541916e-03 0.000000000000000000e+00
2.360000000000000000e+06 5.900020206311209492e-01 8.272644515248064878e-02 8.974738279472007640e-01 1.775147928994082885e-02 2.048247610377787811e-03 0.000000000000000000e+00
2.400000000000000000e+06 6.000020548791058506e-01 8.352298588984979899e-02 8.950842057350932857e-01 1.957214383249886169e-02 1.820664542558033706e-03 0.000000000000000000e+00
2.440000000000000000e+06 6.100020891270907519e-01 8.204369594902138907e-02 8.965634956759217511e-01 1.923076923076923184e-02 2.162039144287664864e-03 0.000000000000000000e+00
2.480000000000000000e+06 6.200021233750760974e-01 8.397815202548930547e-02 8.911015020482475624e-01 2.378243058716431393e-02 1.137915339098770958e-03 0.000000000000000000e+00
2.520000000000000000e+06 6.300021576230612208e-01 8.625398270368685172e-02 8.898497951752389890e-01 2.230314064633591095e-02 1.593081474738279385e-03 0.000000000000000000e+00
2.560000000000000000e+06 6.400021918710463442e-01 8.944014565316341092e-02 8.739189804278562068e-01 3.470641784251251444e-02 1.934456076467910759e-03 0.000000000000000000e+00
2.600000000000000000e+06 6.500022261190312456e-01 9.103322712790168358e-02 8.660673645880746507e-01 4.142011834319526964e-02 1.479289940828402332e-03 0.000000000000000000e+00
2.640000000000000000e+06 6.600022603670163690e-01 1.054847519344560697e-01 7.263313609467455523e-01 1.642011834319526686e-01 3.982703686845699004e-03 0.000000000000000000e+00
2.680000000000000000e+06 6.700022946150017145e-01 1.076467910787437393e-01 7.157487482931269573e-01 1.734182976786527164e-01 3.186162949476558769e-03 0.000000000000000000e+00
2.720000000000000000e+06 6.800023288629866158e-01 1.066226672735548497e-01 7.088074647246245252e-01 1.781975421028675344e-01 6.372325898953117539e-03 0.000000000000000000e+00
2.760000000000000000e+06 6.900023631109715172e-01 1.125398270368684617e-01 6.857077833409194190e-01 1.964041875284478766e-01 5.348202093764223633e-03 0.000000000000000000e+00
2.800000000000000000e+06 7.000023973589568627e-01 1.176604460628129234e-01 6.486117432862994470e-01 2.248520710059171701e-01 8.875739644970414427e-03 0.000000000000000000e+00
2.840000000000000000e+06 7.100024316069419861e-01 1.054847519344560697e-01 7.335002275830677654e-01 1.550978607191624836e-01 5.917159763313609329e-03 0.000000000000000000e+00
2.880000000000000000e+06 7.200024658549271095e-01 1.032089212562585373e-01 7.296313154301320436e-01 1.609012289485662328e-01 6.258534365043240920e-03 0.000000000000000000e+00
2.920000000000000000e+06 7.300025001029120109e-01 1.065088757396449731e-01 7.275830678197542367e-01 1.589667728720983164e-01 6.941283568502503235e-03 0.000000000000000000e+00
2.960000000000000000e+06 7.400025343508971343e-01 1.045744196631770567e-01 7.243969048702776359e-01 1.644287664997724219e-01 6.599908966772872511e-03 0.000000000000000000e+00
3.000000000000000000e+06 7.500025685988824797e-01 1.087847064178425194e-01 7.159763313609467383e-01 1.701183431952662806e-01 5.120619025944469528e-03 0.000000000000000000e+00
3.040000000000000000e+06 7.600026028468673811e-01 1.109467455621301751e-01 7.063040509786071564e-01 1.791078743741465751e-01 3.641329085116067413e-03 0.000000000000000000e+00
3.080000000000000000e+06 7.700026370948522825e-01 1.150432407828857473e-01 6.861629494765589810e-01 1.934456076467910846e-01 5.348202093764223633e-03 0.000000000000000000e+00
3.120000000000000000e+06 7.800026713428376279e-01 1.145880746472462408e-01 6.495220755575785709e-01 2.272416932180245652e-01 8.648156577150659455e-03 0.000000000000000000e+00
3.160000000000000000e+06 7.900027055908229734e-01 1.249431042330450548e-01 6.327947200728265553e-01 2.347519344560764776e-01 7.510241238051888930e-03 0.000000000000000000e+00
3.200000000000000000e+06 8.000027398388078748e-01 1.095812471552116557e-01 7.224624487938097195e-01 1.639736003641329154e-01 3.982703686845699004e-03 0.000000000000000000e+00
3.240000000000000000e+06 8.100027740867927761e-01 1.125398270368684617e-01 7.191624943104233392e-01 1.643149749658625314e-01 3.982703686845699004e-03 0.000000000000000000e+00
3.280000000000000000e+06 8.200028083347778995e-01 1.092398725534820259e-01 7.185935366408738867e-01 1.671597633136094607e-01 5.006827492034592909e-03 0.000000000000000000e+00
3.320000000000000000e+06 8.300028425827632450e-01 1.142467000455166110e-01 7.138142922166590409e-01 1.675011379153391045e-01 4.437869822485207214e-03 0.000000000000000000e+00
3.360000000000000000e+06 8.400028768307481464e-01 1.164087391898042806e-01 7.121074192080109055e-01 1.669321802457897075e-01 4.551661356395083832e-03 0.000000000000000000e+00
3.400000000000000000e+06 8.500029110787330477e-01 1.144742831133363642e-01 7.061902594446972659e-01 1.738734638142922229e-01 5.461993627674101119e-03 0.000000000000000000e+00
3.440000000000000000e+06 8.600029453267183932e-01 1.181156121984524299e-01 6.926490669094219621e-01 1.820664542558033672e-01 7.168866636322257339e-03 0.000000000000000000e+00
3.480000000000000000e+06 8.700029795747037387e-01 1.206190259444697294e-01 6.915111515703231682e-01 1.811561219845243542e-01 6.713700500682749130e-03 0.000000000000000000e+00
3.520000000000000000e+06 8.800030138226886400e-01 1.308602639963586667e-01 6.110605370960400240e-01 2.536413290851160518e-01 4.437869822485207214e-03 0.000000000000000000e+00
3.560000000000000000e+06 8.900030480706735414e-01 1.305188893946290507e-01 6.164087391898043222e-01 2.485207100591715901e-01 4.551661356395083832e-03 0.000000000000000000e+00
3.600000000000000000e+06 9.000030823186588869e-01 1.306326809285389134e-01 6.201638598088302645e-01 2.454483386436049075e-01 3.755120619025944465e-03 0.000000000000000000e+00
3.640000000000000000e+06 9.100031165666440103e-01 1.323395539371870766e-01 6.136777423759672834e-01 2.501137915339098905e-01 3.868912152935821518e-03 0.000000000000000000e+00
3.680000000000000000e+06 9.200031508146289116e-01 1.339326354119253493e-01 6.076467910787437532e-01 2.542102867546654488e-01 4.210286754665453109e-03 0.000000000000000000e+00
3.720000000000000000e+06 9.300031850626140351e-01 1.334774692762858428e-01 5.945607646791079004e-01 2.671825216203914666e-01 4.779244424214838804e-03 0.000000000000000000e+00
3.760000000000000000e+06 9.400032193105991585e-01 1.368912152935821691e-01 7.922166590805643782e-01 6.838871187983613931e-02 2.503413746017296455e-03 0.000000000000000000e+00
3.800000000000000000e+06 9.500032535585845039e-01 1.230086481565771522e-01 8.620846609012289274e-01 1.456531634046426965e-02 3.413746017296313199e-04 0.000000000000000000e+00
3.840000000000000000e+06 9.600032878065694053e-01 1.261948111060537114e-01 8.617432862994993670e-01 1.194811106053709528e-02 1.137915339098771066e-04 0.000000000000000000e+00
3.880000000000000000e+06 9.700033220545543067e-01 1.239189804278561652e-01 8.653846153846154188e-01 1.058261265361857065e-02 1.137915339098771066e-04 0.000000000000000000e+00
3.920000000000000000e+06 9.800033563025396521e-01 1.241465634956759184e-01 8.654984069185253093e-01 1.024123805188893906e-02 1.137915339098771066e-04 0.000000000000000000e+00
3.960000000000000000e+06 9.900033905505247755e-01 1.250568957669549452e-01 8.647018661811560758e-01 9.786071916249430847e-03 4.551661356395084266e-04 0.000000000000000000e+00
4.000000000000000000e+06 1.000003424798509677e+00 1.242603550295857950e-01 8.664087391898043222e-01 9.217114246700046018e-03 1.137915339098771066e-04 0.000000000000000000e+00
