# itime ezz other fcc hcp bcc ico
0.000000000000000000e+00 0.000000000000000000e+00 4.551661356395084266e-04 9.995448338643604380e-01 0.000000000000000000e+00 0.000000000000000000e+00 0.000000000000000000e+00
2.500000000000000000e+01 9.999637196342892054e-04 1.593081474738279385e-03 9.984069185252617551e-01 0.000000000000000000e+00 0.000000000000000000e+00 0.000000000000000000e+00
5.000000000000000000e+01 1.999927439268578411e-03 6.827492034592626399e-04 9.993172507965407680e-01 0.000000000000000000e+00 0.000000000000000000e+00 0.000000000000000000e+00
7.500000000000000000e+01 2.999891158902867616e-03 5.689576695493854790e-04 9.994310423304506585e-01 0.000000000000000000e+00 0.000000000000000000e+00 0.000000000000000000e+00
1.000000000000000000e+02 3.999854878537156821e-03 1.137915339098770958e-03 9.988620846609012061e-01 0.000000000000000000e+00 0.000000000000000000e+00 0.000000000000000000e+00
1.250000000000000000e+02 4.999818598171446027e-03 1.137915339098771066e-04 9.998862084660901095e-01 0.000000000000000000e+00 0.000000000000000000e+00 0.000000000000000000e+00
1.500000000000000000e+02 5.999782317805735232e-03 1.365498406918525280e-03 9.986345015930814251e-01 0.000000000000000000e+00 0.000000000000000000e+00 0.000000000000000000e+00
1.750000000000000000e+02 6.999746037440024438e-03 2.275830678197542133e-04 9.997724169321802190e-01 0.000000000000000000e+00 0.000000000000000000e+00 0.000000000000000000e+00
2.000000000000000000e+02 7.999709757074313643e-03 7.965407373691396923e-04 9.992034592626308775e-01 0.000000000000000000e+00 0.000000000000000000e+00 0.000000000000000000e+00
2.250000000000000000e+02 8.999673476708602848e-03 1.365498406918525280e-03 9.986345015930814251e-01 0.000000000000000000e+00 0.000000000000000000e+00 0.000000000000000000e+00
2.500000000000000000e+02 9.999637196342892054e-03 1.934456076467910759e-03 9.980655439235320836e-01 0.000000000000000000e+00 0.000000000000000000e+00 0.000000000000000000e+00
2.750000000000000000e+02 1.099960091597718126e-02 1.024123805188893906e-03 9.988620846609012061e-01 0.000000000000000000e+00 1.137915339098771066e-04 0.000000000000000000e+00
3.000000000000000000e+02 1.199956463561147046e-02 1.024123805188893906e-03 9.989758761948110966e-01 0.000000000000000000e+00 0.000000000000000000e+00 0.000000000000000000e+00
3.250000000000000000e+02 1.299952835524575967e-02 1.593081474738279385e-03 9.984069185252617551e-01 0.000000000000000000e+00 0.000000000000000000e+00 0.000000000000000000e+00
3.500000000000000000e+02 1.399949207488004888e-02 1.934456076467910759e-03 9.980655439235320836e-01 0.000000000000000000e+00 0.000000000000000000e+00 0.000000000000000000e+00
3.750000000000000000e+02 1.499945579451433808e-02 1.820664542558033706e-03 9.981793354574419741e-01 0.000000000000000000e+00 0.000000000000000000e+00 0.000000000000000000e+00
4.000000000000000000e+02 1.599941951414862729e-02 2.162039144287664864e-03 9.978379608557123026e-01 0.000000000000000000e+00 0.000000000000000000e+00 0.000000000000000000e+00
4.250000000000000000e+02 1.699938323378291649e-02 9.103322712790168532e-04 9.990896677287209870e-01 0.000000000000000000e+00 0.000000000000000000e+00 0.000000000000000000e+00
4.500000000000000000e+02 1.799934695341720570e-02 1.706873008648156654e-03 9.982931269913518646e-01 0.000000000000000000e+00 0.000000000000000000e+00 0.000000000000000000e+00
4.750000000000000000e+02 1.899931067305127286e-02 1.251706873008648227e-03 9.987482931269913156e-01 0.000000000000000000e+00 0.000000000000000000e+00 0.000000000000000000e+00
5.000000000000000000e+02 1.999927439268556206e-02 1.593081474738279385e-03 9.984069185252617551e-01 0.000000000000000000e+00 0.000000000000000000e+00 0.000000000000000000e+00
5.250000000000000000e+02 2.099923811231985127e-02 1.251706873008648227e-03 9.987482931269913156e-01 0.000000000000000000e+00 0.000000000000000000e+00 0.000000000000000000e+00
5.500000000000000000e+02 2.199920183195414047e-02 2.389622212107419402e-03 9.976103777878926326e-01 0.000000000000000000e+00 0.000000000000000000e+00 0.000000000000000000e+00
5.750000000000000000e+02 2.299916555158842968e-02 1.137915339098770958e-03 9.988620846609012061e-01 0.000000000000000000e+00 0.000000000000000000e+00 0.000000000000000000e+00
6.000000000000000000e+02 2.399912927122271888e-02 3.186162949476558769e-03 9.968138370505233992e-01 0.000000000000000000e+00 0.000000000000000000e+00 0.000000000000000000e+00
6.250000000000000000e+02 2.499909299085700809e-02 3.527537551206190360e-03 9.964724624487938387e-01 0.000000000000000000e+00 0.000000000000000000e+00 0.000000000000000000e+00
6.500000000000000000e+02 2.599905671049129730e-02 1.934456076467910759e-03 9.980655439235320836e-01 0.000000000000000000e+00 0.000000000000000000e+00 0.000000000000000000e+00
6.750000000000000000e+02 2.699902043012558650e-02 3.299954483386436255e-03 9.967000455166135087e-01 0.000000000000000000e+00 0.000000000000000000e+00 0.000000000000000000e+00
7.000000000000000000e+02 2.799898414975987571e-02 1.820664542558033706e-03 9.981793354574419741e-01 0.000000000000000000e+00 0.000000000000000000e+00 0.000000000000000000e+00
7.250000000000000000e+02 2.899894786939416491e-02 4.893035958124715423e-03 9.951069640418752638e-01 0.000000000000000000e+00 0.000000000000000000e+00 0.000000000000000000e+00
7.500000000000000000e+02 2.999891158902845412e-02 2.617205279927173507e-03 9.973827947200728516e-01 0.000000000000000000e+00 0.000000000000000000e+00 0.000000000000000000e+00
7.750000000000000000e+02 3.099887530866274332e-02 2.503413746017296455e-03 9.972690031861629611e-01 0.000000000000000000e+00 2.275830678197542133e-04 0.000000000000000000e+00
8.000000000000000000e+02 3.199883902829703253e-02 4.437869822485207214e-03 9.954483386436049352e-01 0.000000000000000000e+00 1.137915339098771066e-04 0.000000000000000000e+00
8.250000000000000000e+02 3.299880274793132173e-02 4.210286754665453109e-03 9.957897132453344957e-01 0.000000000000000000e+00 0.000000000000000000e+00 0.000000000000000000e+00
8.500000000000000000e+02 3.399876646756561094e-02 5.689576695493855224e-03 9.943104233045061413e-01 0.000000000000000000e+00 0.000000000000000000e+00 0.000000000000000000e+00
8.750000000000000000e+02 3.499873018719990014e-02 5.575785161583977738e-03 9.944242148384160318e-01 0.000000000000000000e+00 0.000000000000000000e+00 0.000000000000000000e+00
9.000000000000000000e+02 3.599869390683418935e-02 6.144742831133363434e-03 9.936276741010469093e-01 0.000000000000000000e+00 2.275830678197542133e-04 0.000000000000000000e+00
9.250000000000000000e+02 3.699865762646847855e-02 6.258534365043240920e-03 9.936276741010469093e-01 0.000000000000000000e+00 1.137915339098771066e-04 0.000000000000000000e+00
9.500000000000000000e+02 3.799862134610276776e-02 3.868912152935821518e-03 9.960172963131542767e-01 0.000000000000000000e+00 1.137915339098771066e-04 0.000000000000000000e+00
9.750000000000000000e+02 3.899858506573705696e-02 5.917159763313609329e-03 9.939690487027764698e-01 0.000000000000000000e+00 1.137915339098771066e-04 0.000000000000000000e+00
1.000000000000000000e+03 3.999854878537134617e-02 6.258534365043240920e-03 9.936276741010469093e-01 0.000000000000000000e+00 1.137915339098771066e-04 0.000000000000000000e+00
1.025000000000000000e+03 4.099851250500563538e-02 1.115157032316795548e-02 9.886208466090122826e-01 0.000000000000000000e+00 2.275830678197542133e-04 0.000000000000000000e+00
1.050000000000000000e+03 4.199847622463992458e-02 1.092398725534820224e-02 9.887346381429221731e-01 0.000000000000000000e+00 3.413746017296313199e-04 0.000000000000000000e+00
1.075000000000000000e+03 4.299843994427421379e-02 6.144742831133363434e-03 9.934000910332271284e-01 0.000000000000000000e+00 4.551661356395084266e-04 0.000000000000000000e+00
1.100000000000000000e+03 4.399840366390850299e-02 8.761948111060537808e-03 9.908966772872098705e-01 0.000000000000000000e+00 3.413746017296313199e-04 0.000000000000000000e+00
1.125000000000000000e+03 4.499836738354279220e-02 9.786071916249430847e-03 9.896449704142011861e-01 0.000000000000000000e+00 5.689576695493854790e-04 0.000000000000000000e+00
1.150000000000000000e+03 4.599833110317708140e-02 1.467910787437414627e-02 9.845243513882566688e-01 0.000000000000000000e+00 7.965407373691396923e-04 0.000000000000000000e+00
1.175000000000000000e+03 4.699829482281137061e-02 1.217569412835685025e-02 9.878243058716431602e-01 0.000000000000000000e+00 0.000000000000000000e+00 0.000000000000000000e+00
1.200000000000000000e+03 4.799825854244565981e-02 8.648156577150659455e-03 9.910104688211197610e-01 0.000000000000000000e+00 3.413746017296313199e-04 0.000000000000000000e+00
1.225000000000000000e+03 4.899822226207994902e-02 1.331360946745562164e-02 9.860036413290851343e-01 0.000000000000000000e+00 6.827492034592626399e-04 0.000000000000000000e+00
1.250000000000000000e+03 4.999818598171423822e-02 1.593081474738279601e-02 9.830450614474283144e-01 0.000000000000000000e+00 1.024123805188893906e-03 0.000000000000000000e+00
1.275000000000000000e+03 5.099814970134852743e-02 1.445152480655439303e-02 9.846381429221665593e-01 0.000000000000000000e+00 9.103322712790168532e-04 0.000000000000000000e+00
1.300000000000000000e+03 5.199811342098281663e-02 1.695493855257168905e-02 9.827036868456986429e-01 0.000000000000000000e+00 3.413746017296313199e-04 0.000000000000000000e+00
1.325000000000000000e+03 5.299807714061710584e-02 2.184797451069640448e-02 9.773554847519344557e-01 0.000000000000000000e+00 7.965407373691396923e-04 0.000000000000000000e+00
1.350000000000000000e+03 5.399804086025139505e-02 1.832043695949021542e-02 9.805416477014110566e-01 0.000000000000000000e+00 1.137915339098770958e-03 0.000000000000000000e+00
1.375000000000000000e+03 5.499800457988568425e-02 2.253072371415566766e-02 9.766727355484752238e-01 0.000000000000000000e+00 7.965407373691396923e-04 0.000000000000000000e+00
1.400000000000000000e+03 5.599796829951997346e-02 2.526172052799271692e-02 9.734865725989986229e-01 0.000000000000000000e+00 1.251706873008648227e-03 0.000000000000000000e+00
1.425000000000000000e+03 5.699793201915404062e-02 2.480655439235321044e-02 9.746244879380974169e-01 0.000000000000000000e+00 5.689576695493854790e-04 0.000000000000000000e+00
1.450000000000000000e+03 5.799789573878832982e-02 2.344105598543468408e-02 9.755348202093764298e-01 0.000000000000000000e+00 1.024123805188893906e-03 0.000000000000000000e+00
1.475000000000000000e+03 5.899785945842261903e-02 1.900318616294947513e-02 9.802002730996813851e-01 0.000000000000000000e+00 7.965407373691396923e-04 0.000000000000000000e+00
1.500000000000000000e+03 5.999782317805690823e-02 1.809285389167045871e-02 9.809968138370505075e-01 0.000000000000000000e+00 9.103322712790168532e-04 0.000000000000000000e+00
1.525000000000000000e+03 6.099778689769119744e-02 2.719617660446062984e-02 9.713245334547109255e-01 0.000000000000000000e+00 1.479289940828402332e-03 0.000000000000000000e+00
1.550000000000000000e+03 6.199775061732548664e-02 2.810650887573964626e-02 9.700728265817023521e-01 0.000000000000000000e+00 1.820664542558033706e-03 0.000000000000000000e+00
1.575000000000000000e+03 6.299771433695977585e-02 3.493400091033227461e-02 9.637005006827491504e-01 0.000000000000000000e+00 1.365498406918525280e-03 0.000000000000000000e+00
1.600000000000000000e+03 6.399767805659406505e-02 2.924442421483841592e-02 9.698452435138825711e-01 0.000000000000000000e+00 9.103322712790168532e-04 0.000000000000000000e+00
1.625000000000000000e+03 6.499764177622835426e-02 3.903049613108784677e-02 9.596040054619936477e-01 0.000000000000000000e+00 1.365498406918525280e-03 0.000000000000000000e+00
1.650000000000000000e+03 6.599760549586264347e-02 4.312699135184342586e-02 9.541420118343195700e-01 0.000000000000000000e+00 2.730996813837050560e-03 0.000000000000000000e+00
1.675000000000000000e+03 6.699756921549693267e-02 4.392353208921256219e-02 9.530040964952207760e-01 0.000000000000000000e+00 3.072371415566681717e-03 0.000000000000000000e+00
1.700000000000000000e+03 6.799753293513122188e-02 3.618570778334091742e-02 9.615384615384615641e-01 0.000000000000000000e+00 2.275830678197541916e-03 0.000000000000000000e+00
1.725000000000000000e+03 6.899749665476551108e-02 5.302685480200273332e-02 9.435593991807009751e-01 0.000000000000000000e+00 3.413746017296313308e-03 0.000000000000000000e+00
1.750000000000000000e+03 6.999746037439980029e-02 5.257168866636321991e-02 9.442421483841602070e-01 0.000000000000000000e+00 3.186162949476558769e-03 0.000000000000000000e+00
1.775000000000000000e+03 7.099742409403408949e-02 5.200273099681383682e-02 9.428766499772417431e-01 0.000000000000000000e+00 5.120619025944469528e-03 0.000000000000000000e+00
1.800000000000000000e+03 7.199738781366837870e-02 5.655439235320892238e-02 9.387801547564861293e-01 0.000000000000000000e+00 4.665452890304961318e-03 0.000000000000000000e+00
1.825000000000000000e+03 7.299735153330266790e-02 5.939918070095585173e-02 9.366181156121984319e-01 0.000000000000000000e+00 3.982703686845699004e-03 0.000000000000000000e+00
1.850000000000000000e+03 7.399731525293695711e-02 6.520254893035958010e-02 9.309285389167045732e-01 0.000000000000000000e+00 3.868912152935821518e-03 0.000000000000000000e+00
1.875000000000000000e+03 7.499727897257124631e-02 7.043695949021393232e-02 9.268320436959490705e-01 0.000000000000000000e+00 2.730996813837050560e-03 0.000000000000000000e+00
1.900000000000000000e+03 7.599724269220553552e-02 7.419208010923987462e-02 9.206873008648156498e-01 0.000000000000000000e+00 5.120619025944469528e-03 0.000000000000000000e+00
1.925000000000000000e+03 7.699720641183982472e-02 7.874374146563495325e-02 9.149977241693217911e-01 0.000000000000000000e+00 6.258534365043240920e-03 0.000000000000000000e+00
1.950000000000000000e+03 7.799717013147411393e-02 7.851615839781520001e-02 9.147701411015020101e-01 0.000000000000000000e+00 6.713700500682749130e-03 0.000000000000000000e+00
1.975000000000000000e+03 7.899713385110840314e-02 7.601274465179790052e-02 9.187528447883477334e-01 0.000000000000000000e+00 5.234410559854347014e-03 0.000000000000000000e+00
2.000000000000000000e+03 7.999709757074269234e-02 8.522985889849794827e-02 9.076012744651797970e-01 0.000000000000000000e+00 7.168866636322257339e-03 0.000000000000000000e+00
2.025000000000000000e+03 8.099706129037698155e-02 1.065088757396449731e-01 8.858670914883932657e-01 0.000000000000000000e+00 7.624032771961766417e-03 0.000000000000000000e+00
2.050000000000000000e+03 8.199702501001127075e-02 1.135639508420573512e-01 8.777878925807920396e-01 0.000000000000000000e+00 8.648156577150659455e-03 0.000000000000000000e+00
2.075000000000000000e+03 8.299698872964555996e-02 1.258534365043240677e-01 8.627674101046881594e-01 0.000000000000000000e+00 1.137915339098771045e-02 0.000000000000000000e+00
2.100000000000000000e+03 8.399695244927984916e-02 1.371187983614019223e-01 8.494538006372326366e-01 0.000000000000000000e+00 1.342740100136549826e-02 0.000000000000000000e+00
2.125000000000000000e+03 8.499691616891413837e-02 1.397360036413290985e-01 8.475193445607647202e-01 0.000000000000000000e+00 1.274465179790623508e-02 0.000000000000000000e+00
2.150000000000000000e+03 8.599687988854842757e-02 1.571461083295402905e-01 8.271506599908966528e-01 0.000000000000000000e+00 1.570323167956303931e-02 0.000000000000000000e+00
2.175000000000000000e+03 8.699684360818271678e-02 1.497496586253982687e-01 8.310195721438324856e-01 0.000000000000000000e+00 1.923076923076923184e-02 0.000000000000000000e+00
2.200000000000000000e+03 8.799680732781700598e-02 1.588529813381884259e-01 8.203231679563040002e-01 0.000000000000000000e+00 2.082385070550751144e-02 0.000000000000000000e+00
2.225000000000000000e+03 8.899677104745129519e-02 1.746700045516613453e-01 8.020027309968138507e-01 0.000000000000000000e+00 2.332726445152480746e-02 0.000000000000000000e+00
2.250000000000000000e+03 8.999673476708558439e-02 1.883249886208466228e-01 7.868684569868001910e-01 0.000000000000000000e+00 2.480655439235321044e-02 0.000000000000000000e+00
2.275000000000000000e+03 9.099669848671987360e-02 1.983386436049157930e-01 7.728720983158853253e-01 1.137915339098771066e-04 2.867546654528902936e-02 0.000000000000000000e+00
2.300000000000000000e+03 9.199666220635416281e-02 2.127901684114701930e-01 7.495448338643604380e-01 0.000000000000000000e+00 3.766499772416932040e-02 0.000000000000000000e+00
2.325000000000000000e+03 9.299662592598845201e-02 2.225762403277196100e-01 7.263313609467455523e-01 2.275830678197542133e-04 5.086481565771506369e-02 0.000000000000000000e+00
2.350000000000000000e+03 9.399658964562251917e-02 2.513654984069185194e-01 6.882111970869366768e-01 1.137915339098771066e-04 6.030951297223486468e-02 0.000000000000000000e+00
2.375000000000000000e+03 9.499655336525680838e-02 2.708238507055075184e-01 6.466772872098316416e-01 2.275830678197542133e-04 8.227127901684114231e-02 0.000000000000000000e+00
2.400000000000000000e+03 9.599651708489109758e-02 2.861857077833409035e-01 6.017296313154301135e-01 1.137915339098770958e-03 1.109467455621301751e-01 0.000000000000000000e+00
2.425000000000000000e+03 9.699648080452538679e-02 3.159990896677287164e-01 5.527992717341829731e-01 1.365498406918525280e-03 1.298361401911697632e-01 0.000000000000000000e+00
2.450000000000000000e+03 9.799644452415967599e-02 3.090578060992262288e-01 5.284478834774692935e-01 1.024123805188893906e-03 1.614701866181156020e-01 0.000000000000000000e+00
2.475000000000000000e+03 9.899640824379396520e-02 3.444469731451980099e-01 4.629039599453800835e-01 1.934456076467910759e-03 1.907146108329540179e-01 0.000000000000000000e+00
2.500000000000000000e+03 9.999637196342825440e-02 3.549157942649067143e-01 4.203459262630860338e-01 4.324078288575329727e-03 2.204142011834319403e-01 0.000000000000000000e+00
2.525000000000000000e+03 1.009963356830625436e-01 3.698224852071005930e-01 3.732362312243969193e-01 7.965407373691398007e-03 2.489758761948110966e-01 0.000000000000000000e+00
2.550000000000000000e+03 1.019962994026968328e-01 3.796085571233500100e-01 3.343195266272189214e-01 1.206190259444697363e-02 2.740100136549840637e-01 0.000000000000000000e+00
2.575000000000000000e+03 1.029962631223311220e-01 4.044151115157032517e-01 2.898270368684570109e-01 9.444697314519799256e-03 2.963131543013199920e-01 0.000000000000000000e+00
2.600000000000000000e+03 1.039962268419654112e-01 3.928083750568957533e-01 2.777651342740100060e-01 1.092398725534820224e-02 3.185025034137460298e-01 0.000000000000000000e+00
2.625000000000000000e+03 1.049961905615997004e-01 4.147701411015020656e-01 2.523896222121074229e-01 1.456531634046426965e-02 3.182749203459262488e-01 0.000000000000000000e+00
2.650000000000000000e+03 1.059961542812339896e-01 4.225079654073736757e-01 2.488620846609012338e-01 1.558944014565316269e-02 3.130405097860718966e-01 0.000000000000000000e+00
2.675000000000000000e+03 1.069961180008682788e-01 4.213700500682749372e-01 2.558033682294037492e-01 2.082385070550751144e-02 3.020027309968138507e-01 0.000000000000000000e+00
2.700000000000000000e+03 1.079960817205025680e-01 4.338871187983613931e-01 2.488620846609012338e-01 2.423759672280382388e-02 2.930131998179335562e-01 0.000000000000000000e+00
2.725000000000000000e+03 1.089960454401368573e-01 4.310423304506144637e-01 2.497724169321802468e-01 2.628584433318160996e-02 2.928994082840236657e-01 0.000000000000000000e+00
2.750000000000000000e+03 1.099960091597711465e-01 4.366181156121984319e-01 2.379380974055530229e-01 2.708238507055074976e-02 2.983614019116977434e-01 0.000000000000000000e+00
2.775000000000000000e+03 1.109959728794054357e-01 4.342284934000910090e-01 2.366863905325443662e-01 2.981338188438780248e-02 2.992717341829768118e-01 0.000000000000000000e+00
2.800000000000000000e+03 1.119959365990397249e-01 4.508420573509330787e-01 2.245106964041875264e-01 2.639963586709149004e-02 2.982476103777879084e-01 0.000000000000000000e+00
2.825000000000000000e+03 1.129959003186740141e-01 4.270596267637687959e-01 2.354346836595357373e-01 2.890304961310878606e-02 3.086026399635867223e-01 0.000000000000000000e+00
2.850000000000000000e+03 1.139958640383083033e-01 4.482248520710059303e-01 2.177969959035047920e-01 3.254437869822485174e-02 3.014337733272644537e-01 0.000000000000000000e+00
2.875000000000000000e+03 1.149958277579425925e-01 4.589212562585343602e-01 2.005006827492034627e-01 3.425125170687300796e-02 3.063268092853891900e-01 0.000000000000000000e+00
2.900000000000000000e+03 1.159957914775768817e-01 4.644970414201183284e-01 1.997041420118343125e-01 4.358215748748293233e-02 2.922166590805644337e-01 0.000000000000000000e+00
2.925000000000000000e+03 1.169957551972111709e-01 4.641556668183887124e-01 1.895766954938552518e-01 4.324078288575330248e-02 3.030268548020027541e-01 0.000000000000000000e+00
2.950000000000000000e+03 1.179957189168454601e-01 4.633591260810195900e-01 1.899180700955848955e-01 4.813381884387801790e-02 2.985889849795175244e-01 0.000000000000000000e+00
2.975000000000000000e+03 1.189956826364797493e-01 4.733727810650887324e-01 1.878698224852070886e-01 4.858898497951752438e-02 2.901684114701866268e-01 0.000000000000000000e+00
3.000000000000000000e+03 1.199956463561140385e-01 4.791761492944924816e-01 1.775147928994082747e-01 5.154756486117433034e-02 2.917614929449248717e-01 0.000000000000000000e+00
3.025000000000000000e+03 1.209956100757483277e-01 4.741693218024579104e-01 1.727355484751934567e-01 5.621301775147929253e-02 2.968821119708693890e-01 0.000000000000000000e+00
3.050000000000000000e+03 1.219955737953826169e-01 4.839553937187073274e-01 1.723941738734638129e-01 5.939918070095585173e-02 2.842512517068729871e-01 0.000000000000000000e+00
3.075000000000000000e+03 1.229955375150169061e-01 4.792899408284023721e-01 1.657942649066909413e-01 6.543013199817933334e-02 2.894856622667273394e-01 0.000000000000000000e+00
3.100000000000000000e+03 1.239955012346511953e-01 4.781520254893035782e-01 1.640873918980427781e-01 6.611288120163859305e-02 2.916477014110150368e-01 0.000000000000000000e+00
3.125000000000000000e+03 1.249954649542854845e-01 4.930587164314975124e-01 1.622667273554847522e-01 7.180245789713245175e-02 2.728720983158853253e-01 0.000000000000000000e+00
3.150000000000000000e+03 1.259954286739197737e-01 4.905553026854801990e-01 1.644287664997724219e-01 7.271279016841146470e-02 2.723031406463359283e-01 0.000000000000000000e+00
3.175000000000000000e+03 1.269953923935540629e-01 4.847519344560764498e-01 1.676149294492489672e-01 6.941283568502502888e-02 2.782203004096495125e-01 0.000000000000000000e+00
3.200000000000000000e+03 1.279953561131883522e-01 4.963586709148839482e-01 1.604460628129267263e-01 6.884387801547564578e-02 2.743513882567136797e-01 0.000000000000000000e+00
3.225000000000000000e+03 1.289953198328226414e-01 5.015930814747382449e-01 1.578288575329995502e-01 6.941283568502502888e-02 2.711652253072371344e-01 0.000000000000000000e+00
3.250000000000000000e+03 1.299952835524569306e-01 5.097860719162494725e-01 1.520254893035958010e-01 6.975421028675465873e-02 2.684342284934000955e-01 0.000000000000000000e+00
3.275000000000000000e+03 1.309952472720909977e-01 5.070550751024124336e-01 1.483841602184797492e-01 7.589895311788802390e-02 2.686618115612198210e-01 0.000000000000000000e+00
3.300000000000000000e+03 1.319952109917252869e-01 5.151342740100136597e-01 1.424670004551661373e-01 7.919890760127445972e-02 2.631998179335457433e-01 0.000000000000000000e+00
3.325000000000000000e+03 1.329951747113595761e-01 5.174101046882112476e-01 1.474738279472007363e-01 7.760582612653618706e-02 2.575102412380518846e-01 0.000000000000000000e+00
3.350000000000000000e+03 1.339951384309938653e-01 5.167273554847519046e-01 1.400773782430587144e-01 8.261265361857077216e-02 2.605826126536185949e-01 0.000000000000000000e+00
3.375000000000000000e+03 1.349951021506281545e-01 5.284478834774692935e-01 1.289258079198907503e-01 8.170232134729175921e-02 2.609239872553482109e-01 0.000000000000000000e+00
3.400000000000000000e+03 1.359950658702624438e-01 5.097860719162494725e-01 1.293809740555302568e-01 9.171597633136094330e-02 2.691169776968593275e-01 0.000000000000000000e+00
3.425000000000000000e+03 1.369950295898967330e-01 5.238962221210742287e-01 1.288120163859808875e-01 8.295402822030041590e-02 2.643377332726445372e-01 0.000000000000000000e+00
3.450000000000000000e+03 1.379949933095310222e-01 5.182066454255803700e-01 1.226672735548475224e-01 8.602639963586708460e-02 2.730996813837050508e-01 0.000000000000000000e+00
3.475000000000000000e+03 1.389949570291653114e-01 5.213928083750568598e-01 1.186845698680018268e-01 8.033682294037323979e-02 2.795857988165680319e-01 0.000000000000000000e+00
3.500000000000000000e+03 1.399949207487996006e-01 5.277651342740100615e-01 1.208466090122894826e-01 8.238507055075101893e-02 2.690031861629494925e-01 0.000000000000000000e+00
3.525000000000000000e+03 1.409948844684338898e-01 5.262858443331815961e-01 1.191397360036413333e-01 8.750568957669549452e-02 2.670687300864815761e-01 0.000000000000000000e+00
3.550000000000000000e+03 1.419948481880681790e-01 5.241238051888938987e-01 1.132225762403277214e-01 8.329540282203004575e-02 2.793582157487483064e-01 0.000000000000000000e+00
3.575000000000000000e+03 1.429948119077024682e-01 5.376649977241693135e-01 1.074192080109239861e-01 8.192990441511151245e-02 2.729858898497951603e-01 0.000000000000000000e+00
3.600000000000000000e+03 1.439947756273367574e-01 5.401684114701865713e-01 1.093536640873919025e-01 8.944014565316341092e-02 2.610377787892581014e-01 0.000000000000000000e+00
3.625000000000000000e+03 1.449947393469710466e-01 5.367546654528903005e-01 1.069640418752844796e-01 9.023668639053254725e-02 2.660446062812926726e-01 0.000000000000000000e+00
3.650000000000000000e+03 1.459947030666053358e-01 5.361857077833409591e-01 1.034365043240782905e-01 8.670914883932635819e-02 2.736686390532544477e-01 0.000000000000000000e+00
3.675000000000000000e+03 1.469946667862396250e-01 5.249203459262631322e-01 1.062812926718252199e-01 9.012289485662267063e-02 2.786754665452890189e-01 0.000000000000000000e+00
3.700000000000000000e+03 1.479946305058739142e-01 5.320892125625853453e-01 1.007055075102412378e-01 8.773327264451524776e-02 2.794720072826581969e-01 0.000000000000000000e+00
3.725000000000000000e+03 1.489945942255082034e-01 5.331133363677742487e-01 1.033227127901684139e-01 9.353664087391898307e-02 2.700273099681383959e-01 0.000000000000000000e+00
3.750000000000000000e+03 1.499945579451424926e-01 5.537096040054619861e-01 1.049157942649066866e-01 8.944014565316341092e-02 2.519344560764679164e-01 0.000000000000000000e+00
3.775000000000000000e+03 1.509945216647767818e-01 5.351615839781520556e-01 1.094674556213017791e-01 1.015020482476103741e-01 2.538689121529358328e-01 0.000000000000000000e+00
3.800000000000000000e+03 1.519944853844110710e-01 5.447200728265817471e-01 1.071916249431042328e-01 9.990896677287210148e-02 2.481793354574419741e-01 0.000000000000000000e+00
3.825000000000000000e+03 1.529944491040453602e-01 5.532544378698225351e-01 1.088984979517523960e-01 1.020710059171597572e-01 2.357760582612653533e-01 0.000000000000000000e+00
3.850000000000000000e+03 1.539944128236796494e-01 5.400546199362767918e-01 1.054847519344560697e-01 1.050295857988165632e-01 2.494310423304506030e-01 0.000000000000000000e+00
3.875000000000000000e+03 1.549943765433139387e-01 5.390304961310878884e-01 1.119708693673190647e-01 1.067364588074647264e-01 2.422621756941283622e-01 0.000000000000000000e+00
3.900000000000000000e+03 1.559943402629482279e-01 5.372098315885298625e-01 1.101502048247610388e-01 1.094674556213017791e-01 2.431725079654073751e-01 0.000000000000000000e+00
3.925000000000000000e+03 1.569943039825825171e-01 5.433545744196631722e-01 1.093536640873919025e-01 1.117432862994993115e-01 2.355484751934456000e-01 0.000000000000000000e+00
3.950000000000000000e+03 1.579942677022168063e-01 5.456304050978607600e-01 1.069640418752844796e-01 1.168639053254437871e-01 2.305416477014110288e-01 0.000000000000000000e+00
3.975000000000000000e+03 1.589942314218510955e-01 5.378925807919890945e-01 1.091260810195721492e-01 1.231224396904870289e-01 2.298588984979517413e-01 0.000000000000000000e+00
4.000000000000000000e+03 1.599941951414853847e-01 5.509786071916249472e-01 1.021847974510696339e-01 1.257396449704142050e-01 2.210969503868912278e-01 0.000000000000000000e+00
4.025000000000000000e+03 1.609941588611196739e-01 5.402822030040964618e-01 1.085571233500227523e-01 1.362084660901228816e-01 2.149522075557578626e-01 0.000000000000000000e+00
4.050000000000000000e+03 1.619941225807539631e-01 5.349340009103322746e-01 1.107191624943104219e-01 1.400773782430587144e-01 2.142694583522985752e-01 0.000000000000000000e+00
4.075000000000000000e+03 1.629940863003882523e-01 5.620163859808829931e-01 1.020710059171597572e-01 1.450842057350933134e-01 1.908284023668639084e-01 0.000000000000000000e+00
4.100000000000000000e+03 1.639940500200225415e-01 5.592853891670459543e-01 9.456076467910787264e-02 1.487255348202093652e-01 1.974283113336367801e-01 0.000000000000000000e+00
4.125000000000000000e+03 1.649940137396568307e-01 5.452890304961310886e-01 1.004779244424214846e-01 1.557806099226217433e-01 1.984524351388256835e-01 0.000000000000000000e+00
4.150000000000000000e+03 1.659939774592911199e-01 5.506372325898952758e-01 1.007055075102412378e-01 1.652253072371415443e-01 1.834319526627218866e-01 0.000000000000000000e+00
4.175000000000000000e+03 1.669939411789254091e-01 5.405097860719162428e-01 1.051433773327264398e-01 1.730769230769230727e-01 1.812699135184342170e-01 0.000000000000000000e+00
4.200000000000000000e+03 1.679939048985596983e-01 5.373236231224396420e-01 1.052571688666363164e-01 1.837733272644515303e-01 1.736458807464724696e-01 0.000000000000000000e+00
4.225000000000000000e+03 1.689938686181937655e-01 5.377787892580792040e-01 1.078743741465634925e-01 1.892353208921256358e-01 1.651115157032316816e-01 0.000000000000000000e+00
4.250000000000000000e+03 1.699938323378280547e-01 5.361857077833409591e-01 1.073054164770141095e-01 1.920801092398725651e-01 1.644287664997724219e-01 0.000000000000000000e+00
4.275000000000000000e+03 1.709937960574623439e-01 5.259444697314519246e-01 9.968138370505234824e-02 2.035730541647701453e-01 1.708010923987255403e-01 0.000000000000000000e+00
4.300000000000000000e+03 1.719937597770966331e-01 5.266272189349112676e-01 9.865725989986344480e-02 2.036868456986800080e-01 1.710286754665452935e-01 0.000000000000000000e+00
4.325000000000000000e+03 1.729937234967309223e-01 5.229858898497952158e-01 1.077605826126536159e-01 2.061902594446973214e-01 1.630632680928539024e-01 0.000000000000000000e+00
4.350000000000000000e+03 1.739936872163652115e-01 5.179790623577605890e-01 1.073054164770141095e-01 2.126763768775603025e-01 1.620391442876649990e-01 0.000000000000000000e+00
4.375000000000000000e+03 1.749936509359995007e-01 5.277651342740100615e-01 1.048020027309968100e-01 2.122212107419207960e-01 1.552116522530723741e-01 0.000000000000000000e+00
4.400000000000000000e+03 1.759936146556337899e-01 5.265134274010013771e-01 1.032089212562585373e-01 2.156349567592171224e-01 1.546426945835229771e-01 0.000000000000000000e+00
4.425000000000000000e+03 1.769935783752680791e-01 5.283340919435594030e-01 9.956759217114247162e-02 2.189349112426035582e-01 1.531634046426945950e-01 0.000000000000000000e+00
4.450000000000000000e+03 1.779935420949023683e-01 5.221893491124259823e-01 1.049157942649066866e-01 2.245106964041875264e-01 1.483841602184797492e-01 0.000000000000000000e+00
4.475000000000000000e+03 1.789935058145366575e-01 5.240100136549841192e-01 1.063950842057350965e-01 2.297451069640418786e-01 1.398497951752389612e-01 0.000000000000000000e+00
4.500000000000000000e+03 1.799934695341709467e-01 5.174101046882112476e-01 1.091260810195721492e-01 2.300864815657714946e-01 1.432635411925352875e-01 1.137915339098771066e-04
4.525000000000000000e+03 1.809934332538052359e-01 5.106964041875284854e-01 1.073054164770141095e-01 2.393035958124715423e-01 1.425807919890760000e-01 1.137915339098771066e-04
4.550000000000000000e+03 1.819933969734395252e-01 5.260582612653618151e-01 1.015020482476103741e-01 2.398725534820209393e-01 1.325671370050068298e-01 0.000000000000000000e+00
4.575000000000000000e+03 1.829933606930738144e-01 5.149066909421938787e-01 1.085571233500227523e-01 2.391898042785616796e-01 1.372325898953117851e-01 1.137915339098771066e-04
4.600000000000000000e+03 1.839933244127081036e-01 5.126308602639964018e-01 1.110605370960400518e-01 2.408966772872098427e-01 1.354119253527537592e-01 0.000000000000000000e+00
4.625000000000000000e+03 1.849932881323423928e-01 5.153618570778334407e-01 1.073054164770141095e-01 2.503413746017296160e-01 1.269913518434228616e-01 0.000000000000000000e+00
4.650000000000000000e+03 1.859932518519766820e-01 5.005689576695493415e-01 1.092398725534820259e-01 2.523896222121074229e-01 1.378015475648611821e-01 0.000000000000000000e+00
4.675000000000000000e+03 1.869932155716109712e-01 5.075102412380518846e-01 1.073054164770141095e-01 2.539827036868457233e-01 1.310878470641784199e-01 1.137915339098771066e-04
4.700000000000000000e+03 1.879931792912452604e-01 4.961310878470641672e-01 1.118570778334091881e-01 2.641101502048247562e-01 1.279016841147018746e-01 0.000000000000000000e+00
4.725000000000000000e+03 1.889931430108795496e-01 5.100136549840691425e-01 1.125398270368684617e-01 2.630860263996358528e-01 1.142467000455166110e-01 1.137915339098771066e-04
4.750000000000000000e+03 1.899931067305138388e-01 5.094446973145198010e-01 1.095812471552116557e-01 2.638825671370050308e-01 1.169776968593536637e-01 1.137915339098771066e-04
4.775000000000000000e+03 1.909930704501481280e-01 4.927173418297678409e-01 1.109467455621301751e-01 2.721893491124260378e-01 1.241465634956759184e-01 0.000000000000000000e+00
4.800000000000000000e+03 1.919930341697824172e-01 5.055757851615839682e-01 1.112881201638598050e-01 2.721893491124260378e-01 1.109467455621301751e-01 0.000000000000000000e+00
4.825000000000000000e+03 1.929929978894167064e-01 5.005689576695493415e-01 1.084433318161128756e-01 2.753755120619025831e-01 1.156121984524351443e-01 0.000000000000000000e+00
4.850000000000000000e+03 1.939929616090509956e-01 5.064861174328629811e-01 1.121984524351388318e-01 2.864132908511606845e-01 9.490213928083750250e-02 0.000000000000000000e+00
4.875000000000000000e+03 1.949929253286852848e-01 4.973827947200728516e-01 1.109467455621301751e-01 2.927856167501137752e-01 9.865725989986344480e-02 2.275830678197542133e-04
4.900000000000000000e+03 1.959928890483195740e-01 4.899863450159308020e-01 1.151570323167956239e-01 2.990441511151570309e-01 9.581247155211652933e-02 0.000000000000000000e+00
4.925000000000000000e+03 1.969928527679538632e-01 4.849795175238962308e-01 1.211879836140191125e-01 2.999544833864360438e-01 9.387801547564861293e-02 0.000000000000000000e+00
4.950000000000000000e+03 1.979928164875881524e-01 4.936276741010469093e-01 1.167501137915339104e-01 3.043923532089212736e-01 8.522985889849794827e-02 0.000000000000000000e+00
4.975000000000000000e+03 1.989927802072224416e-01 4.865725989986344757e-01 1.178880291306326766e-01 3.134956759217114031e-01 8.204369594902138907e-02 0.000000000000000000e+00
5.000000000000000000e+03 1.999927439268567309e-01 4.868001820664542567e-01 1.180018206645425533e-01 3.169094219390077294e-01 7.828857532999544677e-02 0.000000000000000000e+00
5.025000000000000000e+03 2.009927076464910201e-01 4.883932635411925571e-01 1.193673190714610866e-01 3.108784706417842547e-01 8.136094674556212936e-02 0.000000000000000000e+00
5.050000000000000000e+03 2.019926713661253093e-01 4.734865725989986229e-01 1.200500682749203463e-01 3.175921711424670169e-01 8.887118798361401395e-02 0.000000000000000000e+00
5.075000000000000000e+03 2.029926350857595985e-01 4.788347746927628656e-01 1.244879380974055483e-01 3.235093309057806010e-01 7.305416477014110843e-02 1.137915339098771066e-04
5.100000000000000000e+03 2.039925988053938877e-01 4.734865725989986229e-01 1.261948111060537114e-01 3.327264451524806765e-01 6.747837960855712636e-02 1.137915339098771066e-04
5.125000000000000000e+03 2.049925625250281769e-01 4.693900773782430647e-01 1.297223486572599005e-01 3.315885298133818826e-01 6.929904415111515226e-02 0.000000000000000000e+00
5.150000000000000000e+03 2.059925262446622440e-01 4.698452435138825711e-01 1.343878015475648557e-01 3.301092398725534727e-01 6.565771506599908658e-02 0.000000000000000000e+00
5.175000000000000000e+03 2.069924899642965332e-01 4.660901228948566288e-01 1.339326354119253493e-01 3.352298588984979344e-01 6.463359126081019701e-02 1.137915339098771066e-04
5.200000000000000000e+03 2.079924536839308225e-01 4.582385070550751283e-01 1.318843878015475701e-01 3.421711424670004775e-01 6.759217114246700298e-02 1.137915339098771066e-04
5.225000000000000000e+03 2.089924174035651117e-01 4.563040509786072119e-01 1.309740555302685572e-01 3.444469731451980099e-01 6.827492034592626269e-02 0.000000000000000000e+00
5.250000000000000000e+03 2.099923811231994009e-01 4.585798816568047442e-01 1.305188893946290507e-01 3.478607191624943362e-01 6.304050978607191047e-02 0.000000000000000000e+00
5.275000000000000000e+03 2.109923448428336901e-01 4.558488848429677054e-01 1.366636322257624159e-01 3.478607191624943362e-01 5.962676376877560497e-02 0.000000000000000000e+00
5.300000000000000000e+03 2.119923085624679793e-01 4.525489303595812696e-01 1.399635867091488517e-01 3.545744196631770428e-01 5.291306326809285671e-02 0.000000000000000000e+00
5.325000000000000000e+03 2.129922722821022685e-01 4.507282658170231882e-01 1.401911697769686049e-01 3.570778334091943562e-01 5.200273099681383682e-02 0.000000000000000000e+00
5.350000000000000000e+03 2.139922360017365577e-01 4.409421939007737712e-01 1.469048702776513393e-01 3.618570778334092020e-01 5.029585798816568060e-02 0.000000000000000000e+00
5.375000000000000000e+03 2.149921997213708469e-01 4.400318616294947582e-01 1.442876649977241632e-01 3.621984524351388179e-01 5.348202093764223980e-02 0.000000000000000000e+00
5.400000000000000000e+03 2.159921634410051361e-01 4.352526172052799125e-01 1.480427856167501055e-01 3.660673645880746507e-01 5.063723258989531045e-02 0.000000000000000000e+00
5.425000000000000000e+03 2.169921271606394253e-01 4.359353664087392000e-01 1.494082840236686527e-01 3.701638598088302090e-01 4.449248975876194528e-02 0.000000000000000000e+00
5.450000000000000000e+03 2.179920908802737145e-01 4.359353664087392000e-01 1.470186618115612298e-01 3.730086481565771384e-01 4.403732362312243881e-02 0.000000000000000000e+00
5.475000000000000000e+03 2.189920545999080037e-01 4.340009103322712836e-01 1.532771961766044577e-01 3.731224396904870289e-01 3.959945380063722986e-02 0.000000000000000000e+00
5.500000000000000000e+03 2.199920183195422929e-01 4.227355484751934567e-01 1.593081474738279601e-01 3.742603550295858228e-01 4.369594902139280895e-02 0.000000000000000000e+00
5.525000000000000000e+03 2.209919820391765821e-01 4.229631315430131822e-01 1.612426035502958488e-01 3.790395994538006130e-01 3.675466545289030745e-02 0.000000000000000000e+00
5.550000000000000000e+03 2.219919457588108713e-01 4.179563040509786109e-01 1.653390987710514348e-01 3.771051433773327521e-01 3.959945380063722986e-02 0.000000000000000000e+00
5.575000000000000000e+03 2.229919094784451605e-01 4.069185252617205095e-01 1.783113336367774249e-01 3.769913518434228616e-01 3.777878925807919702e-02 0.000000000000000000e+00
5.600000000000000000e+03 2.239918731980794497e-01 4.056668183887118806e-01 1.819526627218935044e-01 3.863222576240327721e-01 2.605826126536185672e-02 0.000000000000000000e+00
5.625000000000000000e+03 2.249918369177137389e-01 4.025944469731451703e-01 1.800182066454255880e-01 3.915566681838871244e-01 2.583067819754210348e-02 0.000000000000000000e+00
5.650000000000000000e+03 2.259918006373480281e-01 3.967910787437414766e-01 1.851388256713700498e-01 3.896222121074192080e-01 2.844788347746927612e-02 0.000000000000000000e+00
5.675000000000000000e+03 2.269917643569823174e-01 3.880291306326809075e-01 1.921939007737824279e-01 3.933773327264451503e-01 2.639963586709149004e-02 0.000000000000000000e+00
