# itime ezz other fcc hcp bcc ico
0.000000000000000000e+00 0.000000000000000000e+00 1.024123805188893906e-03 9.989758761948110966e-01 0.000000000000000000e+00 0.000000000000000000e+00 0.000000000000000000e+00
2.500000000000000000e+02 9.999483803939668292e-04 1.137915339098771066e-04 9.998862084660901095e-01 0.000000000000000000e+00 0.000000000000000000e+00 0.000000000000000000e+00
5.000000000000000000e+02 1.999896760787711614e-03 5.689576695493854790e-04 9.994310423304506585e-01 0.000000000000000000e+00 0.000000000000000000e+00 0.000000000000000000e+00
7.500000000000000000e+02 2.999845141181678443e-03 4.551661356395084266e-04 9.995448338643604380e-01 0.000000000000000000e+00 0.000000000000000000e+00 0.000000000000000000e+00
1.000000000000000000e+03 3.999793521575645272e-03 9.103322712790168532e-04 9.990896677287209870e-01 0.000000000000000000e+00 0.000000000000000000e+00 0.000000000000000000e+00
1.250000000000000000e+03 4.999741901969390057e-03 6.827492034592626399e-04 9.993172507965407680e-01 0.000000000000000000e+00 0.000000000000000000e+00 0.000000000000000000e+00
1.500000000000000000e+03 5.999690282363356886e-03 1.593081474738279385e-03 9.984069185252617551e-01 0.000000000000000000e+00 0.000000000000000000e+00 0.000000000000000000e+00
1.750000000000000000e+03 6.999638662757323715e-03 1.024123805188893906e-03 9.989758761948110966e-01 0.000000000000000000e+00 0.000000000000000000e+00 0.000000000000000000e+00
2.000000000000000000e+03 7.999587043151068499e-03 7.965407373691396923e-04 9.992034592626308775e-01 0.000000000000000000e+00 0.000000000000000000e+00 0.000000000000000000e+00
2.250000000000000000e+03 8.999535423545035329e-03 2.958579881656804664e-03 9.970414201183431802e-01 0.000000000000000000e+00 0.000000000000000000e+00 0.000000000000000000e+00
2.500000000000000000e+03 9.999483803939002158e-03 3.413746017296313199e-04 9.996586253982703285e-01 0.000000000000000000e+00 0.000000000000000000e+00 0.000000000000000000e+00
2.750000000000000000e+03 1.099943218433274694e-02 1.479289940828402332e-03 9.985207100591716456e-01 0.000000000000000000e+00 0.000000000000000000e+00 0.000000000000000000e+00
3.000000000000000000e+03 1.199938056472671377e-02 1.706873008648156654e-03 9.982931269913518646e-01 0.000000000000000000e+00 0.000000000000000000e+00 0.000000000000000000e+00
3.250000000000000000e+03 1.299932894512068060e-02 6.827492034592626399e-04 9.993172507965407680e-01 0.000000000000000000e+00 0.000000000000000000e+00 0.000000000000000000e+00
3.500000000000000000e+03 1.399927732551442539e-02 1.706873008648156654e-03 9.982931269913518646e-01 0.000000000000000000e+00 0.000000000000000000e+00 0.000000000000000000e+00
3.750000000000000000e+03 1.499922570590839221e-02 2.275830678197542133e-04 9.997724169321802190e-01 0.000000000000000000e+00 0.000000000000000000e+00 0.000000000000000000e+00
4.000000000000000000e+03 1.599917408630235904e-02 1.479289940828402332e-03 9.984069185252617551e-01 0.000000000000000000e+00 1.137915339098771066e-04 0.000000000000000000e+00
4.250000000000000000e+03 1.699912246669610383e-02 1.251706873008648227e-03 9.985207100591716456e-01 0.000000000000000000e+00 2.275830678197542133e-04 0.000000000000000000e+00
4.500000000000000000e+03 1.799907084709007066e-02 2.389622212107419402e-03 9.976103777878926326e-01 0.000000000000000000e+00 0.000000000000000000e+00 0.000000000000000000e+00
4.750000000000000000e+03 1.899901922748403749e-02 9.103322712790168532e-04 9.990896677287209870e-01 0.000000000000000000e+00 0.000000000000000000e+00 0.000000000000000000e+00
5.000000000000000000e+03 1.999896760787778227e-02 1.479289940828402332e-03 9.985207100591716456e-01 0.000000000000000000e+00 0.000000000000000000e+00 0.000000000000000000e+00
5.250000000000000000e+03 2.099891598827174910e-02 2.503413746017296455e-03 9.973827947200728516e-01 0.000000000000000000e+00 1.137915339098771066e-04 0.000000000000000000e+00
5.500000000000000000e+03 2.199886436866571593e-02 2.503413746017296455e-03 9.974965862539827421e-01 0.000000000000000000e+00 0.000000000000000000e+00 0.000000000000000000e+00
5.750000000000000000e+03 2.299881274905946071e-02 3.868912152935821518e-03 9.961310878470641672e-01 0.000000000000000000e+00 0.000000000000000000e+00 0.000000000000000000e+00
6.000000000000000000e+03 2.399876112945342754e-02 1.365498406918525280e-03 9.986345015930814251e-01 0.000000000000000000e+00 0.000000000000000000e+00 0.000000000000000000e+00
6.250000000000000000e+03 2.499870950984739437e-02 3.413746017296313308e-03 9.965862539827037292e-01 0.000000000000000000e+00 0.000000000000000000e+00 0.000000000000000000e+00
6.500000000000000000e+03 2.599865789024113916e-02 4.096495220755575623e-03 9.956759217114247162e-01 0.000000000000000000e+00 2.275830678197542133e-04 0.000000000000000000e+00
6.750000000000000000e+03 2.699860627063510599e-02 2.503413746017296455e-03 9.974965862539827421e-01 0.000000000000000000e+00 0.000000000000000000e+00 0.000000000000000000e+00
7.000000000000000000e+03 2.799855465102907282e-02 4.665452890304961318e-03 9.953345471096950448e-01 0.000000000000000000e+00 0.000000000000000000e+00 0.000000000000000000e+00
7.250000000000000000e+03 2.899850303142281760e-02 1.934456076467910759e-03 9.980655439235320836e-01 0.000000000000000000e+00 0.000000000000000000e+00 0.000000000000000000e+00
7.500000000000000000e+03 2.999845141181678443e-02 2.275830678197541916e-03 9.977241693218024121e-01 0.000000000000000000e+00 0.000000000000000000e+00 0.000000000000000000e+00
7.750000000000000000e+03 3.099839979221075126e-02 3.413746017296313308e-03 9.965862539827037292e-01 0.000000000000000000e+00 0.000000000000000000e+00 0.000000000000000000e+00
8.000000000000000000e+03 3.199834817260449604e-02 3.982703686845699004e-03 9.959035047792443862e-01 0.000000000000000000e+00 1.137915339098771066e-04 0.000000000000000000e+00
8.250000000000000000e+03 3.299829655299846287e-02 4.665452890304961318e-03 9.951069640418752638e-01 0.000000000000000000e+00 2.275830678197542133e-04 0.000000000000000000e+00
8.500000000000000000e+03 3.399824493339242970e-02 6.713700500682749130e-03 9.931725079654073474e-01 0.000000000000000000e+00 1.137915339098771066e-04 0.000000000000000000e+00
8.750000000000000000e+03 3.499819331378617449e-02 6.827492034592626616e-03 9.930587164314974569e-01 0.000000000000000000e+00 1.137915339098771066e-04 0.000000000000000000e+00
9.000000000000000000e+03 3.599814169418014131e-02 4.893035958124715423e-03 9.948793809740554828e-01 0.000000000000000000e+00 2.275830678197542133e-04 0.000000000000000000e+00
9.250000000000000000e+03 3.699809007457410814e-02 5.575785161583977738e-03 9.941966317705962508e-01 0.000000000000000000e+00 2.275830678197542133e-04 0.000000000000000000e+00
9.500000000000000000e+03 3.799803845496785293e-02 8.420573509330906217e-03 9.915794264906691025e-01 0.000000000000000000e+00 0.000000000000000000e+00 0.000000000000000000e+00
9.750000000000000000e+03 3.899798683536181976e-02 6.713700500682749130e-03 9.932862994993172379e-01 0.000000000000000000e+00 0.000000000000000000e+00 0.000000000000000000e+00
1.000000000000000000e+04 3.999793521575578659e-02 7.737824305871643035e-03 9.919208010923987739e-01 0.000000000000000000e+00 3.413746017296313199e-04 0.000000000000000000e+00
1.025000000000000000e+04 4.099788359614953137e-02 7.851615839781519654e-03 9.921483841602184439e-01 0.000000000000000000e+00 0.000000000000000000e+00 0.000000000000000000e+00
1.050000000000000000e+04 4.199783197654349820e-02 8.761948111060537808e-03 9.908966772872098705e-01 0.000000000000000000e+00 3.413746017296313199e-04 0.000000000000000000e+00
1.075000000000000000e+04 4.299778035693746503e-02 9.444697314519799256e-03 9.901001365498406370e-01 0.000000000000000000e+00 4.551661356395084266e-04 0.000000000000000000e+00
1.100000000000000000e+04 4.399772873733120981e-02 8.989531178880291046e-03 9.910104688211197610e-01 0.000000000000000000e+00 0.000000000000000000e+00 0.000000000000000000e+00
1.125000000000000000e+04 4.499767711772517664e-02 1.183431952662721866e-02 9.880518889394629412e-01 0.000000000000000000e+00 1.137915339098771066e-04 0.000000000000000000e+00
1.150000000000000000e+04 4.599762549811914347e-02 5.917159763313609329e-03 9.937414656349567998e-01 0.000000000000000000e+00 3.413746017296313199e-04 0.000000000000000000e+00
1.175000000000000000e+04 4.699757387851288826e-02 1.001365498406918582e-02 9.896449704142011861e-01 0.000000000000000000e+00 3.413746017296313199e-04 0.000000000000000000e+00
1.200000000000000000e+04 4.799752225890685509e-02 1.024123805188893906e-02 9.889622212107419541e-01 0.000000000000000000e+00 7.965407373691396923e-04 0.000000000000000000e+00
1.225000000000000000e+04 4.899747063930082192e-02 1.206190259444697363e-02 9.874829312699134887e-01 0.000000000000000000e+00 4.551661356395084266e-04 0.000000000000000000e+00
1.250000000000000000e+04 4.999741901969456670e-02 1.467910787437414627e-02 9.848657259899863403e-01 0.000000000000000000e+00 4.551661356395084266e-04 0.000000000000000000e+00
1.275000000000000000e+04 5.099736740008853353e-02 1.706873008648156567e-02 9.824761037778789730e-01 0.000000000000000000e+00 4.551661356395084266e-04 0.000000000000000000e+00
1.300000000000000000e+04 5.199731578048250036e-02 1.524806554392353283e-02 9.845243513882566688e-01 0.000000000000000000e+00 2.275830678197542133e-04 0.000000000000000000e+00
1.325000000000000000e+04 5.299726416087624514e-02 1.581702321347291593e-02 9.838416021847974369e-01 0.000000000000000000e+00 3.413746017296313199e-04 0.000000000000000000e+00
1.350000000000000000e+04 5.399721254127021197e-02 2.002730996813837164e-02 9.784934000910332497e-01 0.000000000000000000e+00 1.479289940828402332e-03 0.000000000000000000e+00
1.375000000000000000e+04 5.499716092166417880e-02 2.298588984979517413e-02 9.755348202093764298e-01 0.000000000000000000e+00 1.479289940828402332e-03 0.000000000000000000e+00
1.400000000000000000e+04 5.599710930205792359e-02 2.162039144287665124e-02 9.771279016841146747e-01 0.000000000000000000e+00 1.251706873008648227e-03 0.000000000000000000e+00
1.425000000000000000e+04 5.699705768245189041e-02 2.127901684114701791e-02 9.776968593536641272e-01 0.000000000000000000e+00 1.024123805188893906e-03 0.000000000000000000e+00
1.450000000000000000e+04 5.799700606284585724e-02 1.433773327264451468e-02 9.847519344560764498e-01 0.000000000000000000e+00 9.103322712790168532e-04 0.000000000000000000e+00
1.475000000000000000e+04 5.899695444323960203e-02 3.356850250341374825e-02 9.642694583522986029e-01 0.000000000000000000e+00 2.162039144287664864e-03 0.000000000000000000e+00
1.500000000000000000e+04 5.999690282363356886e-02 2.867546654528902936e-02 9.697314519799726806e-01 0.000000000000000000e+00 1.593081474738279385e-03 0.000000000000000000e+00
1.525000000000000000e+04 6.099685120402753569e-02 2.127901684114701791e-02 9.778106508875740177e-01 0.000000000000000000e+00 9.103322712790168532e-04 0.000000000000000000e+00
1.550000000000000000e+04 6.199679958442128047e-02 2.833409194355939950e-02 9.697314519799726806e-01 0.000000000000000000e+00 1.934456076467910759e-03 0.000000000000000000e+00
1.575000000000000000e+04 6.299674796481524730e-02 3.140646335912607862e-02 9.665452890304960798e-01 0.000000000000000000e+00 2.048247610377787811e-03 0.000000000000000000e+00
1.600000000000000000e+04 6.399669634520921413e-02 2.696859353664087314e-02 9.714383249886208160e-01 0.000000000000000000e+00 1.593081474738279385e-03 0.000000000000000000e+00
1.625000000000000000e+04 6.499664472560295891e-02 3.584433318161128756e-02 9.619936276741010150e-01 0.000000000000000000e+00 2.162039144287664864e-03 0.000000000000000000e+00
1.650000000000000000e+04 6.599659310599692574e-02 4.301319981793354230e-02 9.548247610377788019e-01 0.000000000000000000e+00 2.162039144287664864e-03 0.000000000000000000e+00
1.675000000000000000e+04 6.699654148639089257e-02 3.834774692762858705e-02 9.599453800637232082e-01 0.000000000000000000e+00 1.706873008648156654e-03 0.000000000000000000e+00
1.700000000000000000e+04 6.799648986678463736e-02 4.699590350477924477e-02 9.493627674101047242e-01 0.000000000000000000e+00 3.641329085116067413e-03 0.000000000000000000e+00
1.725000000000000000e+04 6.899643824717860419e-02 4.164770141101502288e-02 9.556213017751479244e-01 0.000000000000000000e+00 2.730996813837050560e-03 0.000000000000000000e+00
1.750000000000000000e+04 6.999638662757257102e-02 4.972690031861629750e-02 9.460628129267182329e-01 0.000000000000000000e+00 4.210286754665453109e-03 0.000000000000000000e+00
1.775000000000000000e+04 7.099633500796631580e-02 5.621301775147929253e-02 9.395766954938552518e-01 0.000000000000000000e+00 4.210286754665453109e-03 0.000000000000000000e+00
1.800000000000000000e+04 7.199628338836028263e-02 6.133363677742376119e-02 9.352526172052799680e-01 0.000000000000000000e+00 3.413746017296313308e-03 0.000000000000000000e+00
1.825000000000000000e+04 7.299623176875424946e-02 6.201638598088302090e-02 9.330905780609922706e-01 0.000000000000000000e+00 4.893035958124715423e-03 0.000000000000000000e+00
1.850000000000000000e+04 7.399618014914799424e-02 6.975421028675465873e-02 9.254665452890304955e-01 0.000000000000000000e+00 4.779244424214838804e-03 0.000000000000000000e+00
1.875000000000000000e+04 7.499612852954196107e-02 8.568502503413745475e-02 9.074874829312699065e-01 0.000000000000000000e+00 6.827492034592626616e-03 0.000000000000000000e+00
1.900000000000000000e+04 7.599607690993592790e-02 7.259899863450158808e-02 9.227355484751934567e-01 0.000000000000000000e+00 4.665452890304961318e-03 0.000000000000000000e+00
1.925000000000000000e+04 7.699602529032967269e-02 9.194355939918069653e-02 8.983841602184797770e-01 0.000000000000000000e+00 9.672280382339554228e-03 0.000000000000000000e+00
1.950000000000000000e+04 7.799597367072363951e-02 8.272644515248064878e-02 9.114701866181156298e-01 0.000000000000000000e+00 5.803368229403732710e-03 0.000000000000000000e+00
1.975000000000000000e+04 7.899592205111760634e-02 9.638142922166591242e-02 8.964497041420118606e-01 0.000000000000000000e+00 7.168866636322257339e-03 0.000000000000000000e+00
2.000000000000000000e+04 7.999587043151135113e-02 1.103777878925807920e-01 8.786982248520710526e-01 0.000000000000000000e+00 1.092398725534820224e-02 0.000000000000000000e+00
2.025000000000000000e+04 8.099581881190531796e-02 1.343878015475648557e-01 8.420573509330905315e-01 0.000000000000000000e+00 2.355484751934456070e-02 0.000000000000000000e+00
2.050000000000000000e+04 8.199576719229928479e-02 1.546426945835229771e-01 8.152025489303595940e-01 1.137915339098771066e-04 3.004096495220755572e-02 0.000000000000000000e+00
2.075000000000000000e+04 8.299571557269302957e-02 1.547564861174328676e-01 8.106508875739645292e-01 1.137915339098771066e-04 3.447883477469276120e-02 0.000000000000000000e+00
2.100000000000000000e+04 8.399566395308699640e-02 1.635184342284934089e-01 7.866408739189804100e-01 1.137915339098771066e-04 4.972690031861629750e-02 0.000000000000000000e+00
2.125000000000000000e+04 8.499561233348096323e-02 2.049385525716886647e-01 7.073281747837960598e-01 1.365498406918525280e-03 8.636777423759672834e-02 0.000000000000000000e+00
2.150000000000000000e+04 8.599556071387470801e-02 2.362312243969048597e-01 6.154984069185253093e-01 1.194811106053709528e-02 1.363222576240327721e-01 0.000000000000000000e+00
2.175000000000000000e+04 8.699550909426867484e-02 2.611515703231679364e-01 5.563268092853891345e-01 3.527537551206190447e-02 1.472462448793809831e-01 0.000000000000000000e+00
2.200000000000000000e+04 8.799545747466264167e-02 2.669549385525716856e-01 5.384615384615384359e-01 6.156121984524351443e-02 1.330223031406463363e-01 0.000000000000000000e+00
2.225000000000000000e+04 8.899540585505638646e-02 2.415794264906691025e-01 5.497269003186162628e-01 1.020710059171597572e-01 1.066226672735548497e-01 0.000000000000000000e+00
2.250000000000000000e+04 8.999535423545035329e-02 2.154073736913973691e-01 5.794264906690942407e-01 1.376877560309512916e-01 6.747837960855712636e-02 0.000000000000000000e+00
2.275000000000000000e+04 9.099530261584432012e-02 1.667045971779699542e-01 6.114019116977696955e-01 1.745562130177514826e-01 4.733727810650887463e-02 0.000000000000000000e+00
2.300000000000000000e+04 9.199525099623806490e-02 1.888939462903959920e-01 5.542785616750113276e-01 1.918525261720528119e-01 6.497496586253982687e-02 0.000000000000000000e+00
2.325000000000000000e+04 9.299519937663203173e-02 1.814974965862539702e-01 5.360719162494310686e-01 2.111970869367319203e-01 7.123350022758306865e-02 0.000000000000000000e+00
2.350000000000000000e+04 9.399514775702599856e-02 1.802457897132453413e-01 5.175238962221210270e-01 2.269003186162949492e-01 7.532999544833864081e-02 0.000000000000000000e+00
2.375000000000000000e+04 9.499509613741974334e-02 1.626081019572143960e-01 5.317478379608556738e-01 2.520482476103778069e-01 5.359581247155211642e-02 0.000000000000000000e+00
2.400000000000000000e+04 9.599504451781371017e-02 1.552116522530723741e-01 5.393718707328174489e-01 2.603550295857988139e-01 4.506144742831133532e-02 0.000000000000000000e+00
2.425000000000000000e+04 9.699499289820767700e-02 1.548702776513427304e-01 5.385753299954483264e-01 2.654756486117432757e-01 4.107874374146563284e-02 0.000000000000000000e+00
2.450000000000000000e+04 9.799494127860142179e-02 1.570323167956304000e-01 5.397132453345471204e-01 2.646791078743741532e-01 3.857532999544834029e-02 0.000000000000000000e+00
2.475000000000000000e+04 9.899488965899538861e-02 1.494082840236686527e-01 5.447200728265817471e-01 2.736686390532544477e-01 3.220300409649522189e-02 0.000000000000000000e+00
2.500000000000000000e+04 9.999483803938935544e-02 1.595357305416477134e-01 5.351615839781520556e-01 2.671825216203914666e-01 3.812016385980882688e-02 0.000000000000000000e+00
2.525000000000000000e+04 1.009947864197831002e-01 1.589667728720983164e-01 5.225307237141556538e-01 2.781065088757396220e-01 4.039599453800637313e-02 0.000000000000000000e+00
2.550000000000000000e+04 1.019947348001770671e-01 1.717114246700045532e-01 5.111515703231679364e-01 2.767410104688211026e-01 4.039599453800637313e-02 0.000000000000000000e+00
2.575000000000000000e+04 1.029946831805710339e-01 1.628356850250341492e-01 5.203686845698679564e-01 2.825443786982248517e-01 3.425125170687300796e-02 0.000000000000000000e+00
2.600000000000000000e+04 1.039946315609647787e-01 1.698907601274465273e-01 5.308375056895766608e-01 2.580791989076012816e-01 4.119253527537550946e-02 0.000000000000000000e+00
2.625000000000000000e+04 1.049945799413587455e-01 1.814974965862539702e-01 5.454028220300409791e-01 2.423759672280382249e-01 3.072371415566681890e-02 0.000000000000000000e+00
2.650000000000000000e+04 1.059945283217527123e-01 1.665908056440600915e-01 5.491579426490669213e-01 2.511379153390987939e-01 3.311333636777423484e-02 0.000000000000000000e+00
2.675000000000000000e+04 1.069944767021464571e-01 1.596495220755575761e-01 5.542785616750113276e-01 2.611515703231679364e-01 2.492034592626308706e-02 0.000000000000000000e+00
2.700000000000000000e+04 1.079944250825404239e-01 1.453117888029130667e-01 5.567819754210286964e-01 2.716203914428766408e-01 2.628584433318160996e-02 0.000000000000000000e+00
2.725000000000000000e+04 1.089943734629343908e-01 1.187983614019117035e-01 5.507510241238051663e-01 3.089440145653163383e-01 2.150659990896677115e-02 0.000000000000000000e+00
2.750000000000000000e+04 1.099943218433281356e-01 9.308147473827947660e-02 5.729403732362312596e-01 3.207783340919435622e-01 1.319981793354574502e-02 0.000000000000000000e+00
2.775000000000000000e+04 1.109942702237221024e-01 9.592626308602640595e-02 5.703231679563040002e-01 3.194128356850250428e-01 1.433773327264451468e-02 0.000000000000000000e+00
2.800000000000000000e+04 1.119942186041160692e-01 9.501593081474737912e-02 5.702093764223942207e-01 3.189576695493855363e-01 1.581702321347291593e-02 0.000000000000000000e+00
2.825000000000000000e+04 1.129941669845098140e-01 9.911242603550296515e-02 5.688438780154756458e-01 3.185025034137460298e-01 1.354119253527537488e-02 0.000000000000000000e+00
2.850000000000000000e+04 1.139941153649037808e-01 1.013882567137004975e-01 5.623577605826126646e-01 3.192990441511151523e-01 1.695493855257168905e-02 0.000000000000000000e+00
2.875000000000000000e+04 1.149940637452975256e-01 1.020710059171597572e-01 5.655439235320892655e-01 3.189576695493855363e-01 1.342740100136549826e-02 0.000000000000000000e+00
2.900000000000000000e+04 1.159940121256914924e-01 9.740555302685480199e-02 5.666818388711879484e-01 3.187300864815657553e-01 1.718252162039144229e-02 0.000000000000000000e+00
2.925000000000000000e+04 1.169939605060854593e-01 9.842967683204369156e-02 5.681611288120164138e-01 3.190714610832954268e-01 1.433773327264451468e-02 0.000000000000000000e+00
2.950000000000000000e+04 1.179939088864792041e-01 1.034365043240782905e-01 5.623577605826126646e-01 3.156577150659991005e-01 1.854802002730996865e-02 0.000000000000000000e+00
2.975000000000000000e+04 1.189938572668731709e-01 1.004779244424214846e-01 5.639508420573509095e-01 3.177059626763768518e-01 1.786527082385070547e-02 0.000000000000000000e+00
3.000000000000000000e+04 1.199938056472671377e-01 1.017296313154301274e-01 5.614474283113336517e-01 3.178197542102867423e-01 1.900318616294947513e-02 0.000000000000000000e+00
3.025000000000000000e+04 1.209937540276608825e-01 1.035502958579881672e-01 5.617888029130633232e-01 3.158852981338188259e-01 1.877560309512972189e-02 0.000000000000000000e+00
3.050000000000000000e+04 1.219937024080548493e-01 1.118570778334091881e-01 5.574647246244879284e-01 3.152025489303595940e-01 1.547564861174328607e-02 0.000000000000000000e+00
3.075000000000000000e+04 1.229936507884488162e-01 1.054847519344560697e-01 5.607646791078744197e-01 3.138370505234410746e-01 1.991351843422849502e-02 0.000000000000000000e+00
3.100000000000000000e+04 1.239935991688425609e-01 1.010468821119708677e-01 5.622439690487027741e-01 3.190714610832954268e-01 1.763768775603095224e-02 0.000000000000000000e+00
3.125000000000000000e+04 1.249935475492365278e-01 1.049157942649066866e-01 5.581474738279471604e-01 3.158852981338188259e-01 2.105143377332726468e-02 0.000000000000000000e+00
3.150000000000000000e+04 1.259934959296304946e-01 1.046882111970869333e-01 5.589440145653163938e-01 3.156577150659991005e-01 2.071005917159763482e-02 0.000000000000000000e+00
3.175000000000000000e+04 1.269934443100242394e-01 1.102639963586709154e-01 5.556440600819299025e-01 3.178197542102867423e-01 1.627218934911242587e-02 0.000000000000000000e+00
3.200000000000000000e+04 1.279933926904182062e-01 1.087847064178425194e-01 5.589440145653163938e-01 3.139508420573509095e-01 1.832043695949021542e-02 0.000000000000000000e+00
3.225000000000000000e+04 1.289933410708121730e-01 1.062812926718252199e-01 5.571233500227582569e-01 3.144060081929904160e-01 2.218934911242603433e-02 0.000000000000000000e+00
3.250000000000000000e+04 1.299932894512059178e-01 1.120846609012289552e-01 5.524578971324533017e-01 3.152025489303595940e-01 2.025489303595812488e-02 0.000000000000000000e+00
3.275000000000000000e+04 1.309932378315998847e-01 1.202776513427400995e-01 5.473372781065088954e-01 3.091715976331361193e-01 2.321347291761493084e-02 0.000000000000000000e+00
3.300000000000000000e+04 1.319931862119938515e-01 1.095812471552116557e-01 5.546199362767409990e-01 3.124715521165225551e-01 2.332726445152480746e-02 0.000000000000000000e+00
3.325000000000000000e+04 1.329931345923875963e-01 1.149294492489758707e-01 5.530268548020027541e-01 3.133818843878015681e-01 1.866181156121984527e-02 0.000000000000000000e+00
3.350000000000000000e+04 1.339930829727815631e-01 1.247155211652253015e-01 5.393718707328174489e-01 3.121301775147928836e-01 2.378243058716431393e-02 0.000000000000000000e+00
3.375000000000000000e+04 1.349930313531755299e-01 1.230086481565771522e-01 5.439235320892125136e-01 3.114474283113336517e-01 2.162039144287665124e-02 0.000000000000000000e+00
3.400000000000000000e+04 1.359929797335692747e-01 1.234638142922166587e-01 5.464269458352298825e-01 3.090578060992262288e-01 2.105143377332726468e-02 0.000000000000000000e+00
3.425000000000000000e+04 1.369929281139632415e-01 1.276741010468821214e-01 5.411925352753754748e-01 3.058716431497496835e-01 2.526172052799271692e-02 0.000000000000000000e+00
3.450000000000000000e+04 1.379928764943572084e-01 1.259672280382339582e-01 5.434683659535730627e-01 3.082612653618570508e-01 2.230314064633591095e-02 0.000000000000000000e+00
3.475000000000000000e+04 1.389928248747509532e-01 1.274465179790623681e-01 5.418752844788348177e-01 3.063268092853891900e-01 2.435138825671370050e-02 0.000000000000000000e+00
3.500000000000000000e+04 1.399927732551449200e-01 1.349567592171142527e-01 5.350477924442421651e-01 3.050751024123805055e-01 2.492034592626308706e-02 0.000000000000000000e+00
3.525000000000000000e+04 1.409927216355388868e-01 1.391670459717797015e-01 5.300409649522075384e-01 3.020027309968138507e-01 2.878925807919890598e-02 0.000000000000000000e+00
3.550000000000000000e+04 1.419926700159326316e-01 1.368912152935821691e-01 5.315202548930360038e-01 3.040509786071916021e-01 2.753755120619025970e-02 0.000000000000000000e+00
3.575000000000000000e+04 1.429926183963265984e-01 1.342740100136549930e-01 5.320892125625853453e-01 3.048475193445607800e-01 2.878925807919890598e-02 0.000000000000000000e+00
3.600000000000000000e+04 1.439925667767205653e-01 1.436049157942649035e-01 5.230996813837051063e-01 3.043923532089212736e-01 2.890304961310878606e-02 0.000000000000000000e+00
3.625000000000000000e+04 1.449925151571143100e-01 1.456531634046426826e-01 5.257168866636322546e-01 3.020027309968138507e-01 2.662721893491124328e-02 0.000000000000000000e+00
3.650000000000000000e+04 1.459924635375082769e-01 1.423532089212562468e-01 5.302685480200273194e-01 2.982476103777879084e-01 2.913063268092853930e-02 0.000000000000000000e+00
3.675000000000000000e+04 1.469924119179022437e-01 1.536185707783341015e-01 5.159308147473827821e-01 2.959717796995903760e-01 3.447883477469276120e-02 0.000000000000000000e+00
3.700000000000000000e+04 1.479923602982959885e-01 1.565771506599908935e-01 5.175238962221210270e-01 2.944924897587619661e-01 3.140646335912607862e-02 0.000000000000000000e+00
3.725000000000000000e+04 1.489923086786899553e-01 1.553254437869822369e-01 5.087619481110605690e-01 2.975648611743286209e-01 3.834774692762858705e-02 0.000000000000000000e+00
3.750000000000000000e+04 1.499922570590839221e-01 1.585116067364588099e-01 5.106964041875284854e-01 2.961993627674101015e-01 3.459262630860263782e-02 0.000000000000000000e+00
3.775000000000000000e+04 1.509922054394776669e-01 1.601046882111970826e-01 5.122894856622667303e-01 2.959717796995903760e-01 3.152025489303595523e-02 1.137915339098771066e-04
3.800000000000000000e+04 1.519921538198716338e-01 1.684114701866181174e-01 5.015930814747382449e-01 2.975648611743286209e-01 3.243058716431497512e-02 0.000000000000000000e+00
3.825000000000000000e+04 1.529921022002656006e-01 1.679563040509786109e-01 5.030723714155667103e-01 2.900546199362767363e-01 3.891670459717797015e-02 0.000000000000000000e+00
3.850000000000000000e+04 1.539920505806593454e-01 1.832043695949021334e-01 4.879380974055530507e-01 2.935821574874829532e-01 3.527537551206190447e-02 0.000000000000000000e+00
3.875000000000000000e+04 1.549919989610533122e-01 1.846836595357305433e-01 4.805416477014110010e-01 2.952890304961310886e-01 3.948566226672735324e-02 0.000000000000000000e+00
3.900000000000000000e+04 1.559919473414472790e-01 1.885525716886663761e-01 4.644970414201183284e-01 2.961993627674101015e-01 5.063723258989531045e-02 1.137915339098771066e-04
3.925000000000000000e+04 1.569918957218410238e-01 1.879836140191169791e-01 4.762175694128356618e-01 2.983614019116977434e-01 3.743741465634956717e-02 0.000000000000000000e+00
3.950000000000000000e+04 1.579918441022349906e-01 1.933318161128811941e-01 4.689349112426035582e-01 2.972234865725990050e-01 4.050978607191624975e-02 0.000000000000000000e+00
3.975000000000000000e+04 1.589917924826289575e-01 1.908284023668639084e-01 4.610832954028220576e-01 3.025716886663632477e-01 4.540282203004096517e-02 1.137915339098771066e-04
4.000000000000000000e+04 1.599917408630227023e-01 1.953800637232590010e-01 4.571005917159763343e-01 3.037096040054619861e-01 4.380974055530268557e-02 0.000000000000000000e+00
4.025000000000000000e+04 1.609916892434166691e-01 2.181383705052344080e-01 4.380974055530268418e-01 3.047337278106508895e-01 3.903049613108784677e-02 0.000000000000000000e+00
4.050000000000000000e+04 1.619916376238106359e-01 2.130177514792899462e-01 4.387801547564861293e-01 3.048475193445607800e-01 4.335457441966317910e-02 0.000000000000000000e+00
4.075000000000000000e+04 1.629915860042043807e-01 2.246244879380974169e-01 4.131770596267637652e-01 3.182749203459262488e-01 4.392353208921256219e-02 0.000000000000000000e+00
4.100000000000000000e+04 1.639915343845983475e-01 2.088074647246244975e-01 3.825671370050068298e-01 3.575329995448338627e-01 5.109239872553481693e-02 0.000000000000000000e+00
4.125000000000000000e+04 1.649914827649923144e-01 1.808147473827947105e-01 3.893946290395994270e-01 3.980427856167501055e-01 3.174783796085571541e-02 0.000000000000000000e+00
4.150000000000000000e+04 1.659914311453860591e-01 1.722803823395539502e-01 3.879153390987710726e-01 4.053254437869822646e-01 3.447883477469276120e-02 0.000000000000000000e+00
4.175000000000000000e+04 1.669913795257800260e-01 1.802457897132453413e-01 3.813154301319982009e-01 4.024806554392353353e-01 3.595812471552116418e-02 0.000000000000000000e+00
4.200000000000000000e+04 1.679913279061739928e-01 1.742148384160218388e-01 3.885980883022303045e-01 4.112426035502958488e-01 2.594446973145198010e-02 0.000000000000000000e+00
4.225000000000000000e+04 1.689912762865677376e-01 1.846836595357305433e-01 3.799499317250796815e-01 3.981565771506599960e-01 3.720983158852981393e-02 0.000000000000000000e+00
4.250000000000000000e+04 1.699912246669617044e-01 1.737596722803823324e-01 3.920118343195266308e-01 4.040737369139735802e-01 3.015475648611743234e-02 0.000000000000000000e+00
4.275000000000000000e+04 1.709911730473556712e-01 1.910559854346836617e-01 3.802913063268092975e-01 3.958807464724624636e-01 3.277196176604460498e-02 0.000000000000000000e+00
4.300000000000000000e+04 1.719911214277494160e-01 1.829767865270823801e-01 3.860946745562129911e-01 3.944014565316340537e-01 3.652708238507055422e-02 0.000000000000000000e+00
4.325000000000000000e+04 1.729910698081433829e-01 1.876422394173873354e-01 3.847291761492944717e-01 3.983841602184797215e-01 2.924442421483841592e-02 0.000000000000000000e+00
4.350000000000000000e+04 1.739910181885373497e-01 2.044833864360491582e-01 3.757396449704141772e-01 3.846153846153846367e-01 3.516158397815202785e-02 0.000000000000000000e+00
4.375000000000000000e+04 1.749909665689310945e-01 2.078971324533454845e-01 3.700500682749203185e-01 3.860946745562129911e-01 3.595812471552116418e-02 0.000000000000000000e+00
4.400000000000000000e+04 1.759909149493250613e-01 2.057350933090578149e-01 3.691397360036413056e-01 3.789258079198907780e-01 4.619936276741010150e-02 0.000000000000000000e+00
4.425000000000000000e+04 1.769908633297190281e-01 2.269003186162949492e-01 3.478607191624943362e-01 3.739189804278561513e-01 5.131998179335457710e-02 0.000000000000000000e+00
4.450000000000000000e+04 1.779908117101127729e-01 2.188211197086936677e-01 3.544606281292672079e-01 3.818843878015475424e-01 4.483386436049158208e-02 0.000000000000000000e+00
4.475000000000000000e+04 1.789907600905067397e-01 2.313381884387801513e-01 3.344333181611288119e-01 3.812016385980883104e-01 5.302685480200273332e-02 0.000000000000000000e+00
4.500000000000000000e+04 1.799907084709007066e-01 2.344105598543468338e-01 3.392125625853436577e-01 3.834774692762858428e-01 4.289940828402366568e-02 0.000000000000000000e+00
4.525000000000000000e+04 1.809906568512944514e-01 2.482931269913518368e-01 3.185025034137460298e-01 3.815430131998179264e-01 5.166135639508420696e-02 0.000000000000000000e+00
4.550000000000000000e+04 1.819906052316884182e-01 2.487482931269913433e-01 3.254437869822485174e-01 3.719845243513882349e-01 5.382339553937186966e-02 0.000000000000000000e+00
4.575000000000000000e+04 1.829905536120823850e-01 2.448793809740555383e-01 3.294264906690942407e-01 3.750568957669549452e-01 5.063723258989531045e-02 0.000000000000000000e+00
4.600000000000000000e+04 1.839905019924761298e-01 2.481793354574419741e-01 3.223714155666818626e-01 3.748293126991351643e-01 5.461993627674101293e-02 0.000000000000000000e+00
4.625000000000000000e+04 1.849904503728700966e-01 2.649066909421938787e-01 3.136094674556212936e-01 3.627674101046882149e-01 5.871643149749658508e-02 0.000000000000000000e+00
4.650000000000000000e+04 1.859903987532640635e-01 2.767410104688211026e-01 3.083750568957669413e-01 3.516158397815202785e-01 6.326809285389166371e-02 0.000000000000000000e+00
4.675000000000000000e+04 1.869903471336578082e-01 2.891442876649977234e-01 2.940373236231224596e-01 3.410332271279016836e-01 7.578516158397814728e-02 0.000000000000000000e+00
4.700000000000000000e+04 1.879902955140517751e-01 2.895994538006372299e-01 2.927856167501137752e-01 3.428538916704597095e-01 7.476103777878925771e-02 0.000000000000000000e+00
4.725000000000000000e+04 1.889902438944457419e-01 2.992717341829768118e-01 2.768548020027309930e-01 3.423987255348202030e-01 8.147473827947200598e-02 0.000000000000000000e+00
4.750000000000000000e+04 1.899901922748394867e-01 2.948338643604915821e-01 2.732134729176149412e-01 3.367091488393263443e-01 9.524351388256713236e-02 0.000000000000000000e+00
4.775000000000000000e+04 1.909901406552334535e-01 3.111060537096039802e-01 2.645653163404642627e-01 3.301092398725534727e-01 9.421939007737824279e-02 0.000000000000000000e+00
4.800000000000000000e+04 1.919900890356274203e-01 3.219162494310423561e-01 2.513654984069185194e-01 3.241920801092398885e-01 1.025261720527992776e-01 0.000000000000000000e+00
4.825000000000000000e+04 1.929900374160211651e-01 3.268092853891670369e-01 2.338416021847974646e-01 3.295402822030040757e-01 1.098088302230314089e-01 0.000000000000000000e+00
4.850000000000000000e+04 1.939899857964151320e-01 3.163404642694583324e-01 2.200728265817023244e-01 3.456986800182066388e-01 1.178880291306326766e-01 0.000000000000000000e+00
4.875000000000000000e+04 1.949899341768090988e-01 3.146335912608101970e-01 2.131315430131998090e-01 3.694811106053709771e-01 1.027537551206190308e-01 0.000000000000000000e+00
4.900000000000000000e+04 1.959898825572028436e-01 3.303368229403732537e-01 2.009558488848429691e-01 3.640191169776968438e-01 1.046882111970869333e-01 0.000000000000000000e+00
4.925000000000000000e+04 1.969898309375968104e-01 3.372781065088757413e-01 1.942421483841602070e-01 3.601502048247610110e-01 1.083295402822029990e-01 0.000000000000000000e+00
4.950000000000000000e+04 1.979897793179907772e-01 3.301092398725534727e-01 1.781975421028675344e-01 3.592398725534819981e-01 1.324533454710969393e-01 0.000000000000000000e+00
4.975000000000000000e+04 1.989897276983845220e-01 3.451297223486572419e-01 1.739872553482020856e-01 3.562812926718252338e-01 1.246017296313154249e-01 0.000000000000000000e+00
5.000000000000000000e+04 1.999896760787784888e-01 3.354574419663177154e-01 1.638598088302230249e-01 3.552571688666363303e-01 1.454255803368229294e-01 0.000000000000000000e+00
5.025000000000000000e+04 2.009896244591724557e-01 3.522985889849795105e-01 1.489531178880291185e-01 3.542330450614474269e-01 1.445152480655439164e-01 0.000000000000000000e+00
5.050000000000000000e+04 2.019895728395662005e-01 3.482020937642239522e-01 1.424670004551661373e-01 3.593536640873918886e-01 1.499772416932180219e-01 0.000000000000000000e+00
5.075000000000000000e+04 2.029895212199601673e-01 3.519572143832498945e-01 1.362084660901228816e-01 3.681156121984524576e-01 1.437187073281747940e-01 0.000000000000000000e+00
5.100000000000000000e+04 2.039894696003541341e-01 3.533227127901684139e-01 1.337050523441055960e-01 3.667501137915338827e-01 1.462221210741920796e-01 0.000000000000000000e+00
5.125000000000000000e+04 2.049894179807478789e-01 3.405780609922621771e-01 1.257396449704142050e-01 3.813154301319982009e-01 1.523668639053254448e-01 0.000000000000000000e+00
5.150000000000000000e+04 2.059893663611418457e-01 3.533227127901684139e-01 1.319981793354574329e-01 3.830223031406463363e-01 1.316568047337278169e-01 0.000000000000000000e+00
5.175000000000000000e+04 2.069893147415358126e-01 3.452435138825671324e-01 1.292671825216203940e-01 3.925807919890760278e-01 1.329085116067364458e-01 0.000000000000000000e+00
5.200000000000000000e+04 2.079892631219295573e-01 3.460400546199362548e-01 1.206190259444697294e-01 3.896222121074192080e-01 1.437187073281747940e-01 0.000000000000000000e+00
5.225000000000000000e+04 2.089892115023235242e-01 3.626536185707783244e-01 1.134501593081474746e-01 3.885980883022303045e-01 1.352981338188438687e-01 0.000000000000000000e+00
5.250000000000000000e+04 2.099891598827174910e-01 3.467228038233955423e-01 1.142467000455166110e-01 3.961083295402821891e-01 1.429221665908056438e-01 0.000000000000000000e+00
5.275000000000000000e+04 2.109891082631112358e-01 3.570778334091943562e-01 9.683659535730541890e-02 4.013427401001365413e-01 1.447428311333636697e-01 0.000000000000000000e+00
5.300000000000000000e+04 2.119890566435052026e-01 3.493400091033226906e-01 9.160218479745106668e-02 4.094219390077378229e-01 1.496358670914884059e-01 0.000000000000000000e+00
5.325000000000000000e+04 2.129890050238991694e-01 3.493400091033226906e-01 8.284023668639053928e-02 4.208010923987255403e-01 1.470186618115612298e-01 0.000000000000000000e+00
5.350000000000000000e+04 2.139889534042929142e-01 3.306781975421028696e-01 8.591260810195720798e-02 4.309285389167045732e-01 1.524806554392353075e-01 0.000000000000000000e+00
5.375000000000000000e+04 2.149889017846868811e-01 3.355712335002276059e-01 8.500227583067819503e-02 4.385525716886663483e-01 1.408739189804278646e-01 0.000000000000000000e+00
5.400000000000000000e+04 2.159888501650808479e-01 3.347746927628584279e-01 9.547109695038688559e-02 4.347974510696404060e-01 1.349567592171142527e-01 0.000000000000000000e+00
5.425000000000000000e+04 2.169887985454745927e-01 3.336367774237596895e-01 9.228493400091032639e-02 4.358215748748293095e-01 1.382567137005006885e-01 0.000000000000000000e+00
5.450000000000000000e+04 2.179887469258685595e-01 3.248748293126991205e-01 1.062812926718252199e-01 4.330905780609922706e-01 1.357532999544833752e-01 0.000000000000000000e+00
5.475000000000000000e+04 2.189886953062625263e-01 3.131543013199817871e-01 1.176604460628129234e-01 4.484524351388256558e-01 1.207328174783796060e-01 0.000000000000000000e+00
5.500000000000000000e+04 2.199886436866562711e-01 3.181611288120163583e-01 1.275603095129722309e-01 4.460628129267182329e-01 1.082157487482931224e-01 0.000000000000000000e+00
5.525000000000000000e+04 2.209885920670502379e-01 3.017751479289940697e-01 1.307464724624488039e-01 4.520937642239417631e-01 1.153846153846153910e-01 0.000000000000000000e+00
5.550000000000000000e+04 2.219885404474442048e-01 2.993855257168866468e-01 1.319981793354574329e-01 4.609695038689121671e-01 1.076467910787437393e-01 0.000000000000000000e+00
5.575000000000000000e+04 2.229884888278379496e-01 2.922166590805644337e-01 1.358670914883932657e-01 4.567592171142467183e-01 1.151570323167956239e-01 0.000000000000000000e+00
5.600000000000000000e+04 2.239884372082319164e-01 3.034820209376422606e-01 1.350705507510241155e-01 4.580109239872553473e-01 1.034365043240782905e-01 0.000000000000000000e+00
5.625000000000000000e+04 2.249883855886258832e-01 3.031406463359125891e-01 1.351843422849340060e-01 4.613108784706417831e-01 1.003641329085116080e-01 0.000000000000000000e+00
5.650000000000000000e+04 2.259883339690196280e-01 2.845926263086026586e-01 1.384842967683204418e-01 4.667728720983158608e-01 1.101502048247610388e-01 0.000000000000000000e+00
5.675000000000000000e+04 2.269882823494135948e-01 3.014337733272644537e-01 1.373463814292216756e-01 4.695038689121529552e-01 9.171597633136094330e-02 0.000000000000000000e+00
