# itime ezz other fcc hcp bcc ico
0.000000000000000000e+00 0.000000000000000000e+00 1.024123805188893906e-03 9.989758761948110966e-01 0.000000000000000000e+00 0.000000000000000000e+00 0.000000000000000000e+00
2.500000000000000000e+01 9.999632713799666561e-04 4.551661356395084266e-04 9.995448338643604380e-01 0.000000000000000000e+00 0.000000000000000000e+00 0.000000000000000000e+00
5.000000000000000000e+01 1.999926542760155357e-03 1.593081474738279385e-03 9.984069185252617551e-01 0.000000000000000000e+00 0.000000000000000000e+00 0.000000000000000000e+00
7.500000000000000000e+01 2.999889814140122013e-03 4.551661356395084266e-04 9.995448338643604380e-01 0.000000000000000000e+00 0.000000000000000000e+00 0.000000000000000000e+00
1.000000000000000000e+02 3.999853085520310714e-03 6.827492034592626399e-04 9.993172507965407680e-01 0.000000000000000000e+00 0.000000000000000000e+00 0.000000000000000000e+00
1.250000000000000000e+02 4.999816356900277370e-03 1.137915339098770958e-03 9.988620846609012061e-01 0.000000000000000000e+00 0.000000000000000000e+00 0.000000000000000000e+00
1.500000000000000000e+02 5.999779628280466071e-03 5.689576695493854790e-04 9.994310423304506585e-01 0.000000000000000000e+00 0.000000000000000000e+00 0.000000000000000000e+00
1.750000000000000000e+02 6.999742899660432727e-03 1.137915339098770958e-03 9.988620846609012061e-01 0.000000000000000000e+00 0.000000000000000000e+00 0.000000000000000000e+00
2.000000000000000000e+02 7.999706171040621427e-03 1.024123805188893906e-03 9.989758761948110966e-01 0.000000000000000000e+00 0.000000000000000000e+00 0.000000000000000000e+00
2.250000000000000000e+02 8.999669442420588084e-03 1.251706873008648227e-03 9.987482931269913156e-01 0.000000000000000000e+00 0.000000000000000000e+00 0.000000000000000000e+00
2.500000000000000000e+02 9.999632713800776784e-03 9.103322712790168532e-04 9.990896677287209870e-01 0.000000000000000000e+00 0.000000000000000000e+00 0.000000000000000000e+00
2.750000000000000000e+02 1.099959598518074344e-02 1.137915339098771066e-04 9.998862084660901095e-01 0.000000000000000000e+00 0.000000000000000000e+00 0.000000000000000000e+00
3.000000000000000000e+02 1.199955925656093214e-02 1.479289940828402332e-03 9.985207100591716456e-01 0.000000000000000000e+00 0.000000000000000000e+00 0.000000000000000000e+00
3.250000000000000000e+02 1.299952252794089880e-02 4.324078288575329727e-03 9.956759217114247162e-01 0.000000000000000000e+00 0.000000000000000000e+00 0.000000000000000000e+00
3.500000000000000000e+02 1.399948579932108750e-02 5.689576695493854790e-04 9.994310423304506585e-01 0.000000000000000000e+00 0.000000000000000000e+00 0.000000000000000000e+00
3.750000000000000000e+02 1.499944907070105415e-02 1.820664542558033706e-03 9.981793354574419741e-01 0.000000000000000000e+00 0.000000000000000000e+00 0.000000000000000000e+00
4.000000000000000000e+02 1.599941234208124285e-02 1.479289940828402332e-03 9.984069185252617551e-01 0.000000000000000000e+00 1.137915339098771066e-04 0.000000000000000000e+00
4.250000000000000000e+02 1.699937561346120951e-02 6.827492034592626399e-04 9.993172507965407680e-01 0.000000000000000000e+00 0.000000000000000000e+00 0.000000000000000000e+00
4.500000000000000000e+02 1.799933888484139821e-02 1.251706873008648227e-03 9.987482931269913156e-01 0.000000000000000000e+00 0.000000000000000000e+00 0.000000000000000000e+00
4.750000000000000000e+02 1.899930215622136487e-02 3.299954483386436255e-03 9.967000455166135087e-01 0.000000000000000000e+00 0.000000000000000000e+00 0.000000000000000000e+00
5.000000000000000000e+02 1.999926542760155357e-02 2.048247610377787811e-03 9.979517523896221931e-01 0.000000000000000000e+00 0.000000000000000000e+00 0.000000000000000000e+00
5.250000000000000000e+02 2.099922869898152022e-02 3.868912152935821518e-03 9.961310878470641672e-01 0.000000000000000000e+00 0.000000000000000000e+00 0.000000000000000000e+00
5.500000000000000000e+02 2.199919197036170893e-02 2.617205279927173507e-03 9.973827947200728516e-01 0.000000000000000000e+00 0.000000000000000000e+00 0.000000000000000000e+00
5.750000000000000000e+02 2.299915524174167558e-02 1.365498406918525280e-03 9.986345015930814251e-01 0.000000000000000000e+00 0.000000000000000000e+00 0.000000000000000000e+00
6.000000000000000000e+02 2.399911851312186428e-02 2.844788347746927612e-03 9.971552116522530707e-01 0.000000000000000000e+00 0.000000000000000000e+00 0.000000000000000000e+00
6.250000000000000000e+02 2.499908178450183094e-02 3.072371415566681717e-03 9.969276285844332897e-01 0.000000000000000000e+00 0.000000000000000000e+00 0.000000000000000000e+00
6.500000000000000000e+02 2.599904505588201964e-02 2.617205279927173507e-03 9.973827947200728516e-01 0.000000000000000000e+00 0.000000000000000000e+00 0.000000000000000000e+00
6.750000000000000000e+02 2.699900832726198630e-02 4.437869822485207214e-03 9.955621301775148257e-01 0.000000000000000000e+00 0.000000000000000000e+00 0.000000000000000000e+00
7.000000000000000000e+02 2.799897159864217500e-02 3.299954483386436255e-03 9.967000455166135087e-01 0.000000000000000000e+00 0.000000000000000000e+00 0.000000000000000000e+00
7.250000000000000000e+02 2.899893487002214165e-02 3.072371415566681717e-03 9.968138370505233992e-01 0.000000000000000000e+00 1.137915339098771066e-04 0.000000000000000000e+00
7.500000000000000000e+02 2.999889814140233035e-02 3.186162949476558769e-03 9.967000455166135087e-01 0.000000000000000000e+00 1.137915339098771066e-04 0.000000000000000000e+00
7.750000000000000000e+02 3.099886141278229701e-02 3.413746017296313308e-03 9.963586709148839482e-01 0.000000000000000000e+00 2.275830678197542133e-04 0.000000000000000000e+00
8.000000000000000000e+02 3.199882468416248571e-02 3.982703686845699004e-03 9.956759217114247162e-01 0.000000000000000000e+00 3.413746017296313199e-04 0.000000000000000000e+00
8.250000000000000000e+02 3.299878795554245237e-02 5.120619025944469528e-03 9.947655894401457033e-01 0.000000000000000000e+00 1.137915339098771066e-04 0.000000000000000000e+00
8.500000000000000000e+02 3.399875122692264107e-02 5.803368229403732710e-03 9.939690487027764698e-01 0.000000000000000000e+00 2.275830678197542133e-04 0.000000000000000000e+00
8.750000000000000000e+02 3.499871449830260772e-02 8.306781975421027864e-03 9.912380518889394310e-01 0.000000000000000000e+00 4.551661356395084266e-04 0.000000000000000000e+00
9.000000000000000000e+02 3.599867776968279642e-02 2.958579881656804664e-03 9.969276285844332897e-01 0.000000000000000000e+00 1.137915339098771066e-04 0.000000000000000000e+00
9.250000000000000000e+02 3.699864104106276308e-02 5.120619025944469528e-03 9.948793809740554828e-01 0.000000000000000000e+00 0.000000000000000000e+00 0.000000000000000000e+00
9.500000000000000000e+02 3.799860431244295178e-02 5.348202093764223633e-03 9.946517979062358128e-01 0.000000000000000000e+00 0.000000000000000000e+00 0.000000000000000000e+00
9.750000000000000000e+02 3.899856758382291844e-02 7.624032771961766417e-03 9.921483841602184439e-01 0.000000000000000000e+00 2.275830678197542133e-04 0.000000000000000000e+00
1.000000000000000000e+03 3.999853085520288509e-02 6.941283568502503235e-03 9.930587164314974569e-01 0.000000000000000000e+00 0.000000000000000000e+00 0.000000000000000000e+00
1.025000000000000000e+03 4.099849412658307379e-02 1.137915339098771045e-02 9.883932635411925016e-01 0.000000000000000000e+00 2.275830678197542133e-04 0.000000000000000000e+00
1.050000000000000000e+03 4.199845739796304045e-02 6.030951297223486815e-03 9.938552571688666903e-01 0.000000000000000000e+00 1.137915339098771066e-04 0.000000000000000000e+00
1.075000000000000000e+03 4.299842066934322915e-02 1.035502958579881741e-02 9.888484296768320636e-01 0.000000000000000000e+00 7.965407373691396923e-04 0.000000000000000000e+00
1.100000000000000000e+03 4.399838394072319581e-02 1.422394173873463806e-02 9.852071005917160118e-01 0.000000000000000000e+00 5.689576695493854790e-04 0.000000000000000000e+00
1.125000000000000000e+03 4.499834721210338451e-02 1.342740100136549826e-02 9.864588074647245852e-01 0.000000000000000000e+00 1.137915339098771066e-04 0.000000000000000000e+00
1.150000000000000000e+03 4.599831048348335116e-02 1.365498406918525323e-02 9.855484751934455723e-01 0.000000000000000000e+00 7.965407373691396923e-04 0.000000000000000000e+00
1.175000000000000000e+03 4.699827375486353986e-02 1.479289940828402289e-02 9.846381429221665593e-01 0.000000000000000000e+00 5.689576695493854790e-04 0.000000000000000000e+00
1.200000000000000000e+03 4.799823702624350652e-02 1.456531634046426965e-02 9.848657259899863403e-01 0.000000000000000000e+00 5.689576695493854790e-04 0.000000000000000000e+00
1.225000000000000000e+03 4.899820029762369522e-02 1.297223486572599005e-02 9.868001820664542567e-01 0.000000000000000000e+00 2.275830678197542133e-04 0.000000000000000000e+00
1.250000000000000000e+03 4.999816356900366188e-02 1.081019572143832562e-02 9.882794720072826111e-01 0.000000000000000000e+00 9.103322712790168532e-04 0.000000000000000000e+00
1.275000000000000000e+03 5.099812684038385058e-02 1.866181156121984527e-02 9.808830223031406170e-01 0.000000000000000000e+00 4.551661356395084266e-04 0.000000000000000000e+00
1.300000000000000000e+03 5.199809011176381723e-02 1.388256713700500647e-02 9.858898497951752438e-01 0.000000000000000000e+00 2.275830678197542133e-04 0.000000000000000000e+00
1.325000000000000000e+03 5.299805338314400593e-02 1.513427401001365448e-02 9.838416021847974369e-01 0.000000000000000000e+00 1.024123805188893906e-03 0.000000000000000000e+00
1.350000000000000000e+03 5.399801665452397259e-02 1.957214383249886169e-02 9.798588984979517136e-01 0.000000000000000000e+00 5.689576695493854790e-04 0.000000000000000000e+00
1.375000000000000000e+03 5.499797992590416129e-02 2.218934911242603433e-02 9.772416932180245652e-01 0.000000000000000000e+00 5.689576695493854790e-04 0.000000000000000000e+00
1.400000000000000000e+03 5.599794319728412795e-02 2.230314064633591095e-02 9.771279016841146747e-01 0.000000000000000000e+00 5.689576695493854790e-04 0.000000000000000000e+00
1.425000000000000000e+03 5.699790646866431665e-02 2.355484751934456070e-02 9.756486117432863203e-01 0.000000000000000000e+00 7.965407373691396923e-04 0.000000000000000000e+00
1.450000000000000000e+03 5.799786974004428330e-02 1.968593536640873831e-02 9.791761492944924816e-01 0.000000000000000000e+00 1.137915339098770958e-03 0.000000000000000000e+00
1.475000000000000000e+03 5.899783301142447201e-02 2.548930359581247015e-02 9.724624487938097195e-01 0.000000000000000000e+00 2.048247610377787811e-03 0.000000000000000000e+00
1.500000000000000000e+03 5.999779628280443866e-02 3.254437869822485174e-02 9.650659990896677254e-01 0.000000000000000000e+00 2.389622212107419402e-03 0.000000000000000000e+00
1.525000000000000000e+03 6.099775955418462736e-02 3.095129722348657214e-02 9.675694128356849832e-01 0.000000000000000000e+00 1.479289940828402332e-03 0.000000000000000000e+00
1.550000000000000000e+03 6.199772282556459402e-02 2.765134274010013632e-02 9.706417842512516936e-01 0.000000000000000000e+00 1.706873008648156654e-03 0.000000000000000000e+00
1.575000000000000000e+03 6.299768609694478272e-02 2.810650887573964626e-02 9.705279927173418031e-01 0.000000000000000000e+00 1.365498406918525280e-03 0.000000000000000000e+00
1.600000000000000000e+03 6.399764936832474937e-02 3.482020937642239106e-02 9.625625853436504675e-01 0.000000000000000000e+00 2.617205279927173507e-03 0.000000000000000000e+00
1.625000000000000000e+03 6.499761263970493808e-02 3.607191624943104080e-02 9.607419208010924416e-01 0.000000000000000000e+00 3.186162949476558769e-03 0.000000000000000000e+00
1.650000000000000000e+03 6.599757591108490473e-02 3.607191624943104080e-02 9.624487938097405770e-01 0.000000000000000000e+00 1.479289940828402332e-03 0.000000000000000000e+00
1.675000000000000000e+03 6.699753918246509343e-02 4.062357760582612637e-02 9.563040509786071564e-01 0.000000000000000000e+00 3.072371415566681717e-03 0.000000000000000000e+00
1.700000000000000000e+03 6.799750245384506009e-02 4.893035958124715423e-02 9.484524351388257113e-01 0.000000000000000000e+00 2.617205279927173507e-03 0.000000000000000000e+00
1.725000000000000000e+03 6.899746572522524879e-02 4.608557123350022489e-02 9.501593081474738467e-01 0.000000000000000000e+00 3.755120619025944465e-03 0.000000000000000000e+00
1.750000000000000000e+03 6.999742899660521545e-02 5.097860719162494031e-02 9.448111060537096595e-01 0.000000000000000000e+00 4.210286754665453109e-03 0.000000000000000000e+00
1.775000000000000000e+03 7.099739226798540415e-02 5.757851615839781195e-02 9.393491124260354708e-01 0.000000000000000000e+00 3.072371415566681717e-03 0.000000000000000000e+00
1.800000000000000000e+03 7.199735553936537080e-02 5.245789713245334329e-02 9.429904415111515226e-01 0.000000000000000000e+00 4.551661356395083832e-03 0.000000000000000000e+00
1.825000000000000000e+03 7.299731881074555950e-02 6.030951297223486468e-02 9.366181156121984319e-01 0.000000000000000000e+00 3.072371415566681717e-03 0.000000000000000000e+00
1.850000000000000000e+03 7.399728208212552616e-02 6.213017751479289752e-02 9.341147018661811741e-01 0.000000000000000000e+00 3.755120619025944465e-03 0.000000000000000000e+00
1.875000000000000000e+03 7.499724535350571486e-02 7.055075102412380894e-02 9.267182521620391800e-01 0.000000000000000000e+00 2.730996813837050560e-03 0.000000000000000000e+00
1.900000000000000000e+03 7.599720862488568152e-02 8.056440600819299303e-02 9.136322257624033272e-01 0.000000000000000000e+00 5.803368229403732710e-03 0.000000000000000000e+00
1.925000000000000000e+03 7.699717189626564817e-02 8.648156577150660496e-02 9.080564406008192480e-01 0.000000000000000000e+00 5.461993627674101119e-03 0.000000000000000000e+00
1.950000000000000000e+03 7.799713516764583687e-02 9.182976786527081992e-02 9.012289485662267063e-01 0.000000000000000000e+00 6.941283568502503235e-03 0.000000000000000000e+00
1.975000000000000000e+03 7.899709843902580353e-02 8.568502503413745475e-02 9.053254437869822091e-01 0.000000000000000000e+00 8.989531178880291046e-03 0.000000000000000000e+00
2.000000000000000000e+03 7.999706171040599223e-02 1.011606736458807443e-01 8.907601274465180019e-01 0.000000000000000000e+00 8.079198907601274626e-03 0.000000000000000000e+00
2.025000000000000000e+03 8.099702498178595889e-02 9.683659535730541890e-02 8.934911242603550408e-01 0.000000000000000000e+00 9.672280382339554228e-03 0.000000000000000000e+00
2.050000000000000000e+03 8.199698825316614759e-02 1.162949476558944040e-01 8.744879380974055483e-01 0.000000000000000000e+00 9.217114246700046018e-03 0.000000000000000000e+00
2.075000000000000000e+03 8.299695152454611424e-02 1.249431042330450548e-01 8.624260355029585989e-01 0.000000000000000000e+00 1.263086026399635846e-02 0.000000000000000000e+00
2.100000000000000000e+03 8.399691479592630294e-02 1.246017296313154249e-01 8.599226217569412301e-01 0.000000000000000000e+00 1.547564861174328607e-02 0.000000000000000000e+00
2.125000000000000000e+03 8.499687806730626960e-02 1.333636777423759801e-01 8.486572598998634032e-01 0.000000000000000000e+00 1.797906235776058209e-02 0.000000000000000000e+00
2.150000000000000000e+03 8.599684133868645830e-02 1.527082385070550885e-01 8.247610377787892855e-01 0.000000000000000000e+00 2.253072371415566766e-02 0.000000000000000000e+00
2.175000000000000000e+03 8.699680461006642496e-02 1.629494765589440120e-01 8.106508875739645292e-01 0.000000000000000000e+00 2.639963586709149004e-02 0.000000000000000000e+00
2.200000000000000000e+03 8.799676788144661366e-02 1.710286754665452935e-01 7.961993627674101015e-01 0.000000000000000000e+00 3.277196176604460498e-02 0.000000000000000000e+00
2.225000000000000000e+03 8.899673115282658031e-02 2.022075557578516258e-01 7.571688666363222131e-01 0.000000000000000000e+00 4.062357760582612637e-02 0.000000000000000000e+00
2.250000000000000000e+03 8.999669442420676901e-02 2.132453345471096995e-01 7.346381429221665593e-01 0.000000000000000000e+00 5.211652253072371344e-02 0.000000000000000000e+00
2.275000000000000000e+03 9.099665769558673567e-02 2.255348202093764298e-01 7.088074647246245252e-01 0.000000000000000000e+00 6.565771506599908658e-02 0.000000000000000000e+00
2.300000000000000000e+03 9.199662096696692437e-02 2.358898497951752438e-01 6.866181156121984319e-01 1.137915339098771066e-04 7.737824305871643382e-02 0.000000000000000000e+00
2.325000000000000000e+03 9.299658423834689103e-02 2.612653618570778269e-01 6.467910787437414211e-01 2.730996813837050560e-03 8.921256258534364381e-02 0.000000000000000000e+00
2.350000000000000000e+03 9.399654750972707973e-02 2.719617660446062568e-01 6.167501137915338827e-01 2.275830678197541916e-03 1.090122894856622726e-01 0.000000000000000000e+00
2.375000000000000000e+03 9.499651078110704638e-02 2.869822485207100815e-01 5.763541192535275304e-01 3.299954483386436255e-03 1.333636777423759801e-01 0.000000000000000000e+00
2.400000000000000000e+03 9.599647405248723508e-02 2.922166590805644337e-01 5.505234410559853853e-01 3.641329085116067413e-03 1.536185707783341015e-01 0.000000000000000000e+00
2.425000000000000000e+03 9.699643732386720174e-02 2.946062812926718011e-01 5.233272644515247762e-01 6.599908966772872511e-03 1.754665452890304955e-01 0.000000000000000000e+00
2.450000000000000000e+03 9.799640059524739044e-02 3.208921256258534527e-01 4.854346836595357373e-01 5.575785161583977738e-03 1.880974055530268418e-01 0.000000000000000000e+00
2.475000000000000000e+03 9.899636386662735710e-02 3.064406008192990249e-01 4.606281292671824956e-01 8.306781975421027864e-03 2.246244879380974169e-01 0.000000000000000000e+00
2.500000000000000000e+03 9.999632713800754580e-02 3.012061902594446727e-01 4.344560764679107900e-01 1.297223486572599005e-02 2.513654984069185194e-01 0.000000000000000000e+00
2.525000000000000000e+03 1.009962904093875125e-01 3.258989531178880239e-01 3.878015475648611821e-01 1.718252162039144229e-02 2.691169776968593275e-01 0.000000000000000000e+00
2.550000000000000000e+03 1.019962536807677012e-01 3.097405553026854608e-01 3.862084660901228816e-01 2.093764223941738806e-02 2.831133363677742487e-01 0.000000000000000000e+00
2.575000000000000000e+03 1.029962169521476678e-01 3.139508420573509095e-01 3.548020027309968238e-01 2.309968138370505075e-02 3.081474738279472159e-01 0.000000000000000000e+00
2.600000000000000000e+03 1.039961802235278565e-01 3.287437414656349532e-01 3.356850250341374409e-01 2.753755120619025970e-02 3.080336822940373254e-01 0.000000000000000000e+00
2.625000000000000000e+03 1.049961434949078232e-01 3.351160673645880994e-01 3.238507055075102170e-01 2.344105598543468408e-02 3.175921711424670169e-01 0.000000000000000000e+00
2.650000000000000000e+03 1.059961067662880119e-01 3.317023213472917731e-01 3.120163859808830487e-01 2.275830678197542090e-02 3.335229858898497990e-01 0.000000000000000000e+00
2.675000000000000000e+03 1.069960700376679785e-01 3.472917614929449392e-01 2.965407373691397175e-01 2.719617660446062984e-02 3.289713245334547342e-01 0.000000000000000000e+00
2.700000000000000000e+03 1.079960333090481672e-01 3.472917614929449392e-01 2.861857077833409035e-01 2.924442421483841592e-02 3.372781065088757413e-01 0.000000000000000000e+00
2.725000000000000000e+03 1.089959965804281339e-01 3.497951752389621971e-01 2.817478379608557293e-01 3.345471096950387163e-02 3.350022758306782089e-01 0.000000000000000000e+00
2.750000000000000000e+03 1.099959598518083226e-01 3.467228038233955423e-01 2.717341829767865313e-01 3.459262630860263782e-02 3.469503868912152678e-01 0.000000000000000000e+00
2.775000000000000000e+03 1.109959231231882892e-01 3.746017296313154388e-01 2.554619936276740777e-01 3.482020937642239106e-02 3.351160673645880994e-01 0.000000000000000000e+00
2.800000000000000000e+03 1.119958863945684779e-01 3.898497951752389890e-01 2.471552116522530707e-01 3.607191624943104080e-02 3.269230769230769273e-01 0.000000000000000000e+00
2.825000000000000000e+03 1.129958496659484446e-01 3.884842967683204140e-01 2.428311333636777314e-01 4.233045061447428259e-02 3.263541192535275304e-01 0.000000000000000000e+00
2.850000000000000000e+03 1.139958129373286333e-01 3.987255348202093930e-01 2.332726445152480677e-01 5.018206645425580398e-02 3.178197542102867423e-01 0.000000000000000000e+00
2.875000000000000000e+03 1.149957762087086000e-01 4.007737824305871444e-01 2.329312699135184239e-01 4.995448338643605074e-02 3.163404642694583324e-01 0.000000000000000000e+00
2.900000000000000000e+03 1.159957394800885666e-01 3.905325443786982209e-01 2.347519344560764776e-01 5.348202093764223980e-02 3.212335002275830687e-01 0.000000000000000000e+00
2.925000000000000000e+03 1.169957027514687553e-01 4.024806554392353353e-01 2.233727810650887602e-01 6.417842512517069054e-02 3.099681383705052418e-01 0.000000000000000000e+00
2.950000000000000000e+03 1.179956660228487220e-01 4.203459262630860338e-01 2.124487938097405493e-01 6.725079654073737312e-02 2.999544833864360438e-01 0.000000000000000000e+00
2.975000000000000000e+03 1.189956292942289107e-01 4.205735093309057593e-01 2.127901684114701930e-01 7.248520710059171146e-02 2.941511151570322946e-01 0.000000000000000000e+00
3.000000000000000000e+03 1.199955925656088773e-01 4.155666818388711881e-01 2.130177514792899462e-01 7.715065999089668058e-02 2.942649066909421851e-01 0.000000000000000000e+00
3.025000000000000000e+03 1.209955558369890660e-01 4.119253527537551363e-01 2.056213017751479244e-01 8.784706417842512438e-02 2.946062812926718011e-01 0.000000000000000000e+00
3.050000000000000000e+03 1.219955191083690327e-01 4.230769230769230727e-01 2.008420573509330787e-01 8.636777423759672834e-02 2.897132453345471204e-01 0.000000000000000000e+00
3.075000000000000000e+03 1.229954823797492214e-01 4.261492944924897830e-01 1.923076923076923184e-01 9.069185252617205373e-02 2.908511606736458588e-01 0.000000000000000000e+00
3.100000000000000000e+03 1.239954456511291880e-01 4.367319071461083224e-01 1.829767865270823801e-01 9.979517523896222486e-02 2.804961310878470448e-01 0.000000000000000000e+00
3.125000000000000000e+03 1.249954089225093767e-01 4.182976786527082269e-01 1.865043240782885692e-01 1.048020027309968100e-01 2.903959945380063523e-01 0.000000000000000000e+00
3.150000000000000000e+03 1.259953721938893434e-01 4.354802002730996935e-01 1.810423304506144637e-01 1.059399180700955900e-01 2.775375512061902805e-01 0.000000000000000000e+00
3.175000000000000000e+03 1.269953354652695321e-01 4.254665452890304955e-01 1.787664997724169313e-01 1.033227127901684139e-01 2.924442421483841592e-01 0.000000000000000000e+00
3.200000000000000000e+03 1.279952987366494987e-01 4.320664542558033672e-01 1.703459262630860338e-01 1.140191169776968577e-01 2.835685025034137552e-01 0.000000000000000000e+00
3.225000000000000000e+03 1.289952620080296875e-01 4.386663632225762388e-01 1.675011379153391045e-01 1.198224852071005930e-01 2.740100136549840637e-01 0.000000000000000000e+00
3.250000000000000000e+03 1.299952252794096541e-01 4.299044151115157253e-01 1.648839326354119283e-01 1.310878470641784199e-01 2.741238051888939542e-01 0.000000000000000000e+00
3.275000000000000000e+03 1.309951885507898428e-01 4.261492944924897830e-01 1.626081019572143960e-01 1.279016841147018746e-01 2.833409194355939742e-01 0.000000000000000000e+00
3.300000000000000000e+03 1.319951518221698095e-01 4.440145653163404815e-01 1.528220300409649512e-01 1.296085571233500100e-01 2.735548475193445572e-01 0.000000000000000000e+00
3.325000000000000000e+03 1.329951150935499982e-01 4.475421028675466428e-01 1.491807009558488717e-01 1.324533454710969393e-01 2.708238507055075184e-01 0.000000000000000000e+00
3.350000000000000000e+03 1.339950783649299648e-01 4.656349567592171224e-01 1.378015475648611821e-01 1.299499317250796537e-01 2.666135639508420696e-01 0.000000000000000000e+00
3.375000000000000000e+03 1.349950416363101535e-01 4.559626763768775404e-01 1.305188893946290507e-01 1.366636322257624159e-01 2.768548020027309930e-01 0.000000000000000000e+00
3.400000000000000000e+03 1.359950049076901202e-01 4.516385980883022566e-01 1.288120163859808875e-01 1.322257624032771861e-01 2.873236231224396975e-01 0.000000000000000000e+00
3.425000000000000000e+03 1.369949681790703089e-01 4.714383249886208715e-01 1.225534820209376458e-01 1.331360946745562268e-01 2.728720983158853253e-01 0.000000000000000000e+00
3.450000000000000000e+03 1.379949314504502755e-01 4.725762403277196100e-01 1.184569868001820597e-01 1.415566681838871244e-01 2.674101046882111921e-01 0.000000000000000000e+00
3.475000000000000000e+03 1.389948947218304642e-01 4.729176149294492260e-01 1.216431497496586189e-01 1.398497951752389612e-01 2.655894401456531662e-01 0.000000000000000000e+00
3.500000000000000000e+03 1.399948579932104309e-01 4.675694128356850388e-01 1.159535730541647741e-01 1.407601274465179741e-01 2.757168866636321991e-01 0.000000000000000000e+00
3.525000000000000000e+03 1.409948212645906196e-01 4.767865270823850588e-01 1.114019116977696816e-01 1.474738279472007363e-01 2.643377332726445372e-01 0.000000000000000000e+00
3.550000000000000000e+03 1.419947845359705862e-01 4.774692762858443462e-01 1.094674556213017791e-01 1.489531178880291185e-01 2.641101502048247562e-01 0.000000000000000000e+00
3.575000000000000000e+03 1.429947478073507749e-01 4.720072826581702130e-01 1.086709148839326289e-01 1.596495220755575761e-01 2.596722803823395265e-01 0.000000000000000000e+00
3.600000000000000000e+03 1.439947110787307416e-01 4.969276285844333452e-01 1.017296313154301274e-01 1.587391898042785632e-01 2.426035502958579781e-01 0.000000000000000000e+00
3.625000000000000000e+03 1.449946743501109303e-01 4.882794720072826666e-01 9.365043240782885969e-02 1.671597633136094607e-01 2.509103322712790130e-01 0.000000000000000000e+00
3.650000000000000000e+03 1.459946376214908970e-01 4.938552571688666348e-01 9.774692762858443185e-02 1.645425580336822846e-01 2.438552571688666348e-01 0.000000000000000000e+00
3.675000000000000000e+03 1.469946008928710857e-01 4.941966317705962508e-01 9.239872553482020301e-02 1.705735093309057870e-01 2.428311333636777314e-01 0.000000000000000000e+00
3.700000000000000000e+03 1.479945641642510523e-01 4.947655894401456478e-01 8.978152025489304078e-02 1.772872098315885214e-01 2.381656804733727761e-01 0.000000000000000000e+00
3.725000000000000000e+03 1.489945274356312410e-01 4.963586709148839482e-01 8.727810650887574129e-02 1.875284478834774726e-01 2.288347746927628656e-01 0.000000000000000000e+00
3.750000000000000000e+03 1.499944907070112077e-01 5.007965407373691225e-01 8.841602184797450747e-02 1.814974965862539702e-01 2.292899408284023721e-01 0.000000000000000000e+00
3.775000000000000000e+03 1.509944539783913964e-01 4.807692307692307820e-01 9.012289485662267063e-02 1.861629494765589532e-01 2.429449248975876219e-01 0.000000000000000000e+00
3.800000000000000000e+03 1.519944172497713630e-01 5.050068274920346267e-01 8.682294037323623481e-02 1.874146563495675821e-01 2.207555757851615841e-01 0.000000000000000000e+00
3.825000000000000000e+03 1.529943805211515517e-01 5.159308147473827821e-01 8.284023668639053928e-02 1.865043240782885692e-01 2.147246244879381094e-01 0.000000000000000000e+00
3.850000000000000000e+03 1.539943437925315184e-01 5.202548930359581769e-01 8.079198907601274626e-02 1.926490669094219343e-01 2.063040509786071841e-01 0.000000000000000000e+00
3.875000000000000000e+03 1.549943070639114850e-01 5.061447428311333097e-01 8.329540282203004575e-02 2.015248065543923661e-01 2.090350477924442507e-01 0.000000000000000000e+00
3.900000000000000000e+03 1.559942703352916737e-01 5.061447428311333097e-01 8.761948111060537114e-02 1.997041420118343125e-01 2.065316340464269373e-01 0.000000000000000000e+00
3.925000000000000000e+03 1.569942336066716404e-01 5.085343650432407880e-01 8.648156577150660496e-02 2.090350477924442507e-01 1.959490213928083702e-01 0.000000000000000000e+00
3.950000000000000000e+03 1.579941968780518291e-01 5.137687756030950847e-01 8.716431497496586467e-02 2.024351388256713791e-01 1.966317705962676299e-01 0.000000000000000000e+00
3.975000000000000000e+03 1.589941601494317958e-01 5.174101046882112476e-01 8.716431497496586467e-02 2.109695038689121394e-01 1.844560764679107900e-01 0.000000000000000000e+00
4.000000000000000000e+03 1.599941234208119845e-01 5.170687300864815761e-01 8.579881656804733137e-02 2.111970869367319203e-01 1.859353664087392000e-01 0.000000000000000000e+00
4.025000000000000000e+03 1.609940866921919511e-01 5.102412380518889234e-01 8.557123350022757813e-02 2.205279927173418308e-01 1.836595357305416398e-01 0.000000000000000000e+00
4.050000000000000000e+03 1.619940499635721398e-01 5.366408739189804100e-01 8.329540282203004575e-02 2.118798361401911801e-01 1.681838871187983642e-01 0.000000000000000000e+00
4.075000000000000000e+03 1.629940132349521065e-01 5.252617205279926926e-01 8.420573509330905870e-02 2.105143377332726329e-01 1.800182066454255880e-01 0.000000000000000000e+00
4.100000000000000000e+03 1.639939765063322952e-01 5.314064633591261133e-01 8.284023668639053928e-02 2.122212107419207960e-01 1.735320892125625791e-01 0.000000000000000000e+00
4.125000000000000000e+03 1.649939397777122618e-01 5.314064633591261133e-01 7.646791078743742087e-02 2.094902139280837572e-01 1.826354119253527641e-01 0.000000000000000000e+00
4.150000000000000000e+03 1.659939030490924505e-01 5.260582612653618151e-01 8.056440600819299303e-02 2.148384160218479721e-01 1.785389167045971781e-01 0.000000000000000000e+00
4.175000000000000000e+03 1.669938663204724172e-01 5.405097860719162428e-01 7.965407373691398007e-02 2.131315430131998090e-01 1.667045971779699542e-01 0.000000000000000000e+00
4.200000000000000000e+03 1.679938295918526059e-01 5.440373236231224041e-01 7.954028220300408958e-02 2.069868001820664438e-01 1.694355939918070209e-01 0.000000000000000000e+00
4.225000000000000000e+03 1.689937928632325725e-01 5.388029130632681074e-01 7.942649066909421296e-02 2.039144287664997612e-01 1.778561675011379184e-01 0.000000000000000000e+00
4.250000000000000000e+03 1.699937561346127612e-01 5.459717796995903205e-01 7.976786527082385669e-02 2.110832954028220299e-01 1.631770596267637652e-01 0.000000000000000000e+00
4.275000000000000000e+03 1.709937194059927279e-01 5.492717341829768118e-01 8.158852981338188259e-02 2.138142922166590687e-01 1.553254437869822369e-01 0.000000000000000000e+00
4.300000000000000000e+03 1.719936826773729166e-01 5.549613108784706705e-01 8.147473827947200598e-02 2.098315885298133732e-01 1.537323623122439642e-01 0.000000000000000000e+00
4.325000000000000000e+03 1.729936459487528833e-01 5.614474283113336517e-01 8.101957214383249950e-02 2.138142922166590687e-01 1.437187073281747940e-01 0.000000000000000000e+00
4.350000000000000000e+03 1.739936092201330720e-01 5.567819754210286964e-01 7.919890760127445972e-02 2.165452890304961353e-01 1.474738279472007363e-01 0.000000000000000000e+00
4.375000000000000000e+03 1.749935724915130386e-01 5.657715065999089354e-01 7.851615839781520001e-02 2.121074192080109333e-01 1.436049157942649035e-01 0.000000000000000000e+00
4.400000000000000000e+03 1.759935357628932273e-01 5.784023668639053373e-01 7.942649066909421296e-02 2.205279927173418308e-01 1.216431497496586189e-01 0.000000000000000000e+00
4.425000000000000000e+03 1.769934990342731940e-01 5.595129722348657353e-01 8.192990441511151245e-02 2.267865270823850588e-01 1.317705962676376796e-01 0.000000000000000000e+00
4.450000000000000000e+03 1.779934623056533827e-01 5.752162039144287364e-01 8.033682294037323979e-02 2.261037778789257990e-01 1.183431952662721831e-01 0.000000000000000000e+00
4.475000000000000000e+03 1.789934255770333493e-01 5.738507055075102725e-01 7.999544833864360993e-02 2.218934911242603503e-01 1.242603550295857950e-01 0.000000000000000000e+00
4.500000000000000000e+03 1.799933888484135380e-01 5.754437869822485174e-01 8.136094674556212936e-02 2.245106964041875264e-01 1.186845698680018268e-01 0.000000000000000000e+00
4.525000000000000000e+03 1.809933521197935047e-01 5.656577150659990449e-01 8.386436049157942885e-02 2.298588984979517413e-01 1.206190259444697294e-01 0.000000000000000000e+00
4.550000000000000000e+03 1.819933153911736934e-01 5.871643149749659063e-01 8.284023668639053928e-02 2.218934911242603503e-01 1.081019572143832458e-01 0.000000000000000000e+00
4.575000000000000000e+03 1.829932786625536600e-01 5.920573509330905315e-01 7.828857532999544677e-02 2.222348657259899940e-01 1.074192080109239861e-01 0.000000000000000000e+00
4.600000000000000000e+03 1.839932419339338487e-01 5.821574874829312796e-01 8.158852981338188259e-02 2.307692307692307820e-01 1.054847519344560697e-01 0.000000000000000000e+00
4.625000000000000000e+03 1.849932052053138154e-01 5.852298588984979899e-01 7.931269913518433634e-02 2.340691852526172179e-01 1.013882567137004975e-01 0.000000000000000000e+00
4.650000000000000000e+03 1.859931684766940041e-01 5.902366863905325056e-01 7.931269913518433634e-02 2.319071461083295482e-01 9.854346836595356818e-02 0.000000000000000000e+00
4.675000000000000000e+03 1.869931317480739708e-01 5.895539371870732737e-01 8.158852981338188259e-02 2.312243969048702885e-01 9.763313609467455523e-02 0.000000000000000000e+00
4.700000000000000000e+03 1.879930950194541595e-01 5.897815202548930547e-01 7.919890760127445972e-02 2.375967228038234069e-01 9.342284934000910646e-02 0.000000000000000000e+00
4.725000000000000000e+03 1.889930582908341261e-01 5.906918525261720676e-01 8.181611288120163583e-02 2.347519344560764776e-01 9.274010013654984674e-02 0.000000000000000000e+00
4.750000000000000000e+03 1.899930215622143148e-01 6.008192990441511006e-01 7.874374146563495325e-02 2.394173873463814328e-01 8.101957214383249950e-02 0.000000000000000000e+00
4.775000000000000000e+03 1.909929848335942815e-01 5.920573509330905315e-01 8.022303140646336317e-02 2.381656804733727761e-01 8.955393718707328754e-02 0.000000000000000000e+00
4.800000000000000000e+03 1.919929481049742481e-01 5.925125170687300935e-01 8.409194355939918208e-02 2.353208921256258468e-01 8.807464724624487762e-02 0.000000000000000000e+00
4.825000000000000000e+03 1.929929113763544368e-01 5.996813837050523066e-01 8.056440600819299303e-02 2.385070550751024199e-01 8.124715521165225274e-02 0.000000000000000000e+00
4.850000000000000000e+03 1.939928746477344035e-01 5.995675921711424161e-01 8.147473827947200598e-02 2.364588074647246130e-01 8.249886208466089554e-02 0.000000000000000000e+00
4.875000000000000000e+03 1.949928379191145922e-01 6.021847974510696755e-01 8.375056895766955223e-02 2.330450614474283144e-01 8.101957214383249950e-02 0.000000000000000000e+00
4.900000000000000000e+03 1.959928011904945588e-01 6.021847974510696755e-01 8.204369594902138907e-02 2.361174328629949970e-01 7.965407373691398007e-02 0.000000000000000000e+00
4.925000000000000000e+03 1.969927644618747475e-01 5.987710514337732937e-01 8.124715521165225274e-02 2.397587619481110488e-01 8.022303140646336317e-02 0.000000000000000000e+00
4.950000000000000000e+03 1.979927277332547142e-01 6.058261265361857273e-01 8.397815202548930547e-02 2.327036868456986707e-01 7.749203459262631044e-02 0.000000000000000000e+00
4.975000000000000000e+03 1.989926910046349029e-01 6.108329540282203540e-01 8.431952662721893532e-02 2.349795175238962308e-01 6.986800182066454923e-02 0.000000000000000000e+00
5.000000000000000000e+03 1.999926542760148696e-01 5.979745106964041712e-01 8.648156577150660496e-02 2.412380518889394587e-01 7.430587164314975124e-02 0.000000000000000000e+00
5.025000000000000000e+03 2.009926175473950583e-01 6.057123350022758368e-01 7.988165680473373331e-02 2.394173873463814328e-01 7.498862084660901095e-02 0.000000000000000000e+00
5.050000000000000000e+03 2.019925808187750249e-01 6.042330450614474824e-01 8.113336367774237612e-02 2.378243058716431602e-01 7.680928538916705073e-02 0.000000000000000000e+00
5.075000000000000000e+03 2.029925440901552136e-01 6.028675466545289074e-01 8.397815202548930547e-02 2.414656349567592120e-01 7.168866636322257513e-02 0.000000000000000000e+00
5.100000000000000000e+03 2.039925073615351803e-01 6.037778789258079204e-01 8.522985889849794827e-02 2.388484296768320359e-01 7.214383249886208160e-02 0.000000000000000000e+00
5.125000000000000000e+03 2.049924706329153690e-01 6.095812471552116696e-01 8.192990441511151245e-02 2.406690942193900895e-01 6.781975421028675621e-02 0.000000000000000000e+00
5.150000000000000000e+03 2.059924339042953356e-01 6.108329540282203540e-01 8.261265361857077216e-02 2.360036413290851065e-01 7.055075102412380894e-02 0.000000000000000000e+00
5.175000000000000000e+03 2.069923971756755243e-01 6.108329540282203540e-01 8.306781975421029252e-02 2.377105143377332697e-01 6.838871187983613931e-02 0.000000000000000000e+00
5.200000000000000000e+03 2.079923604470554910e-01 6.260810195721437932e-01 8.170232134729175921e-02 2.261037778789257990e-01 6.611288120163859305e-02 0.000000000000000000e+00
5.225000000000000000e+03 2.089923237184356797e-01 6.222121074192079604e-01 8.227127901684114231e-02 2.320209376422394110e-01 6.349567592171143082e-02 0.000000000000000000e+00
5.250000000000000000e+03 2.099922869898156463e-01 6.194811106053709215e-01 8.056440600819299303e-02 2.333864360491579304e-01 6.656804733727811341e-02 0.000000000000000000e+00
5.275000000000000000e+03 2.109922502611958350e-01 6.282430587164314906e-01 7.988165680473373331e-02 2.311106053709603980e-01 6.065088757396449454e-02 1.137915339098771066e-04
5.300000000000000000e+03 2.119922135325758017e-01 6.312016385980883104e-01 7.942649066909421296e-02 2.347519344560764776e-01 5.450614474283113631e-02 1.137915339098771066e-04
5.325000000000000000e+03 2.129921768039559904e-01 6.267637687756031362e-01 8.181611288120163583e-02 2.368001820664542567e-01 5.461993627674101293e-02 0.000000000000000000e+00
5.350000000000000000e+03 2.139921400753359571e-01 6.205052344105598250e-01 8.045061447428311641e-02 2.360036413290851065e-01 6.304050978607191047e-02 0.000000000000000000e+00
5.375000000000000000e+03 2.149921033467161458e-01 6.274465179790623681e-01 8.329540282203004575e-02 2.296313154301319881e-01 5.951297223486572835e-02 1.137915339098771066e-04
5.400000000000000000e+03 2.159920666180961124e-01 6.250568957669548897e-01 8.340919435593992237e-02 2.324761037778789174e-01 5.894401456531633832e-02 1.137915339098771066e-04
5.425000000000000000e+03 2.169920298894763011e-01 6.300637232589895165e-01 8.420573509330905870e-02 2.325898953117888079e-01 5.314064633591260994e-02 0.000000000000000000e+00
5.450000000000000000e+03 2.179919931608562678e-01 6.302913063268092975e-01 8.170232134729175921e-02 2.305416477014110288e-01 5.735093309057805872e-02 1.137915339098771066e-04
5.475000000000000000e+03 2.189919564322364565e-01 6.201638598088302645e-01 8.170232134729175921e-02 2.398725534820209393e-01 5.826126536185707860e-02 0.000000000000000000e+00
5.500000000000000000e+03 2.199919197036164231e-01 6.255120619025944517e-01 8.181611288120163583e-02 2.348657259899863403e-01 5.780609922621757213e-02 0.000000000000000000e+00
5.525000000000000000e+03 2.209918829749966118e-01 6.323395539371871044e-01 8.033682294037323979e-02 2.333864360491579304e-01 5.393718707328174627e-02 0.000000000000000000e+00
5.550000000000000000e+03 2.219918462463765785e-01 6.298361401911697355e-01 8.227127901684114231e-02 2.391898042785616796e-01 4.847519344560764776e-02 2.275830678197542133e-04
5.575000000000000000e+03 2.229918095177567672e-01 6.239189804278562068e-01 8.158852981338188259e-02 2.366863905325443662e-01 5.780609922621757213e-02 0.000000000000000000e+00
5.600000000000000000e+03 2.239917727891367338e-01 6.249431042330451103e-01 8.409194355939918208e-02 2.413518434228493492e-01 4.961310878470642088e-02 0.000000000000000000e+00
5.625000000000000000e+03 2.249917360605169225e-01 6.286982248520710526e-01 8.238507055075101893e-02 2.360036413290851065e-01 5.279927173418298009e-02 1.137915339098771066e-04
5.650000000000000000e+03 2.259916993318968892e-01 6.347291761492944717e-01 7.965407373691398007e-02 2.385070550751024199e-01 4.710969503868912139e-02 0.000000000000000000e+00
5.675000000000000000e+03 2.269916626032770779e-01 6.249431042330451103e-01 8.022303140646336317e-02 2.456759217114246607e-01 4.904415111515703085e-02 1.137915339098771066e-04
