# itime ezz other fcc hcp bcc ico
0.000000000000000000e+00 0.000000000000000000e+00 6.827492034592626399e-04 9.993172507965407680e-01 0.000000000000000000e+00 0.000000000000000000e+00 0.000000000000000000e+00
2.500000000000000000e+02 1.000000102338427510e-02 1.137915339098770958e-03 9.988620846609012061e-01 0.000000000000000000e+00 0.000000000000000000e+00 0.000000000000000000e+00
5.000000000000000000e+02 2.000000204676855020e-02 1.251706873008648227e-03 9.986345015930814251e-01 0.000000000000000000e+00 1.137915339098771066e-04 0.000000000000000000e+00
7.500000000000000000e+02 3.000000307015282530e-02 4.324078288575329727e-03 9.955621301775148257e-01 0.000000000000000000e+00 1.137915339098771066e-04 0.000000000000000000e+00
1.000000000000000000e+03 4.000000409353710040e-02 6.144742831133363434e-03 9.936276741010469093e-01 0.000000000000000000e+00 2.275830678197542133e-04 0.000000000000000000e+00
1.250000000000000000e+03 5.000000511692137550e-02 1.502048247610377786e-02 9.845243513882566688e-01 0.000000000000000000e+00 4.551661356395084266e-04 0.000000000000000000e+00
1.500000000000000000e+03 6.000000614030542856e-02 2.924442421483841592e-02 9.691624943104233392e-01 0.000000000000000000e+00 1.593081474738279385e-03 0.000000000000000000e+00
1.750000000000000000e+03 7.000000716368970366e-02 5.621301775147929253e-02 9.387801547564861293e-01 0.000000000000000000e+00 5.006827492034592909e-03 0.000000000000000000e+00
2.000000000000000000e+03 8.000000818707397876e-02 1.160673645880746507e-01 8.658397815202548697e-01 0.000000000000000000e+00 1.809285389167045871e-02 0.000000000000000000e+00
2.250000000000000000e+03 9.000000921045825386e-02 2.290623577605826189e-01 7.124487938097405770e-01 0.000000000000000000e+00 5.848884842967683184e-02 0.000000000000000000e+00
2.500000000000000000e+03 1.000000102338425290e-01 3.571916249431042467e-01 4.300182066454255603e-01 4.665452890304961318e-03 2.081247155211652378e-01 0.000000000000000000e+00
2.750000000000000000e+03 1.100000112572268041e-01 4.362767410104688159e-01 2.606964041875284299e-01 3.743741465634956717e-02 2.655894401456531662e-01 0.000000000000000000e+00
3.000000000000000000e+03 1.200000122806110792e-01 4.578971324533454568e-01 1.949248975876194945e-01 7.294037323623121793e-02 2.742375967228038447e-01 0.000000000000000000e+00
3.250000000000000000e+03 1.300000133039953543e-01 4.932862994993172379e-01 1.609012289485662328e-01 9.342284934000910646e-02 2.523896222121074229e-01 0.000000000000000000e+00
3.500000000000000000e+03 1.400000143273796294e-01 5.204824761037778469e-01 1.438324988620846567e-01 9.877105143377332142e-02 2.369139736003641195e-01 0.000000000000000000e+00
3.750000000000000000e+03 1.500000153507639045e-01 5.463131543013199920e-01 1.168639053254437871e-01 1.111743286299499284e-01 2.256486117432862926e-01 0.000000000000000000e+00
4.000000000000000000e+03 1.600000163741479575e-01 5.730541647701411501e-01 1.148156577150659940e-01 1.293809740555302568e-01 1.827492034592626269e-01 0.000000000000000000e+00
4.250000000000000000e+03 1.700000173975322326e-01 5.980883022303140617e-01 1.067364588074647264e-01 1.348429676832043622e-01 1.603322712790168358e-01 0.000000000000000000e+00
4.500000000000000000e+03 1.800000184209165077e-01 6.067364588074647402e-01 1.110605370960400518e-01 1.489531178880291185e-01 1.332498862084660896e-01 0.000000000000000000e+00
4.750000000000000000e+03 1.900000194443007828e-01 6.095812471552116696e-01 1.081019572143832458e-01 1.611288120163859861e-01 1.210741920801092358e-01 1.137915339098771066e-04
5.000000000000000000e+03 2.000000204676850579e-01 5.988848429676831842e-01 1.060537096040054666e-01 1.909421939007737712e-01 1.041192535275375503e-01 0.000000000000000000e+00
5.250000000000000000e+03 2.100000214910693330e-01 6.128812016385980499e-01 9.990896677287210148e-02 1.850250341374601593e-01 1.021847974510696339e-01 0.000000000000000000e+00
5.500000000000000000e+03 2.200000225144536081e-01 6.230086481565771939e-01 1.058261265361857134e-01 1.921939007737824279e-01 7.885753299954482987e-02 1.137915339098771066e-04
5.750000000000000000e+03 2.300000235378378832e-01 6.315430131998179819e-01 1.109467455621301751e-01 1.908284023668639084e-01 6.668183887118799003e-02 0.000000000000000000e+00
6.000000000000000000e+03 2.400000245612221583e-01 6.355257168866635942e-01 1.116294947655894348e-01 1.952662721893491105e-01 5.757851615839781195e-02 0.000000000000000000e+00
6.250000000000000000e+03 2.500000255846064334e-01 6.268775603095130267e-01 1.189121529358215801e-01 1.997041420118343125e-01 5.427856167501137613e-02 2.275830678197542133e-04
6.500000000000000000e+03 2.600000266079904865e-01 6.306326809285389690e-01 1.168639053254437871e-01 2.033454710969503920e-01 4.904415111515703085e-02 1.137915339098771066e-04
6.750000000000000000e+03 2.700000276313747616e-01 6.393946290395994270e-01 1.143604915794264876e-01 2.036868456986800080e-01 4.255803368229403583e-02 0.000000000000000000e+00
7.000000000000000000e+03 2.800000286547590367e-01 6.438324988620847122e-01 1.133363677742375980e-01 2.003868912152935722e-01 4.244424214838415921e-02 0.000000000000000000e+00
7.250000000000000000e+03 2.900000296781433118e-01 6.490669094219390090e-01 1.123122439690487084e-01 2.032316795630405015e-01 3.527537551206190447e-02 1.137915339098771066e-04
7.500000000000000000e+03 3.000000307015275869e-01 6.461083295402821891e-01 1.160673645880746507e-01 2.101729631315430169e-01 2.742375967228038308e-02 2.275830678197542133e-04
7.750000000000000000e+03 3.100000317249118620e-01 6.495220755575785709e-01 1.181156121984524299e-01 2.055075102412380617e-01 2.674101046882111990e-02 1.137915339098771066e-04
8.000000000000000000e+03 3.200000327482961371e-01 6.589667728720982609e-01 1.086709148839326289e-01 2.090350477924442507e-01 2.321347291761493084e-02 1.137915339098771066e-04
8.250000000000000000e+03 3.300000337716804122e-01 6.561219845243514426e-01 1.062812926718252199e-01 2.106281292671825234e-01 2.685480200273099652e-02 1.137915339098771066e-04
8.500000000000000000e+03 3.400000347950646873e-01 6.692080109239872954e-01 1.001365498406918547e-01 2.053937187073281712e-01 2.503413746017296368e-02 2.275830678197542133e-04
8.750000000000000000e+03 3.500000358184489624e-01 6.842284934000910646e-01 9.296768320436959998e-02 2.023213472917614886e-01 2.036868456986800149e-02 1.137915339098771066e-04
9.000000000000000000e+03 3.600000368418330154e-01 6.719390077378243342e-01 9.956759217114247162e-02 2.056213017751479244e-01 2.275830678197542090e-02 1.137915339098771066e-04
9.250000000000000000e+03 3.700000378652172905e-01 6.925352753755120716e-01 9.205735093309057315e-02 1.915111515703231682e-01 2.389622212107419055e-02 0.000000000000000000e+00
9.500000000000000000e+03 3.800000388886017877e-01 6.945835229858898785e-01 9.353664087391898307e-02 1.915111515703231682e-01 2.025489303595812488e-02 1.137915339098771066e-04
9.750000000000000000e+03 3.900000399119858407e-01 6.961766044606281234e-01 9.490213928083750250e-02 1.920801092398725651e-01 1.672735548475193582e-02 1.137915339098771066e-04
1.000000000000000000e+04 4.000000409353698938e-01 7.074419663177059503e-01 9.410559854346836617e-02 1.812699135184342170e-01 1.706873008648156567e-02 1.137915339098771066e-04
1.025000000000000000e+04 4.100000419587543909e-01 7.182521620391443262e-01 9.365043240782885969e-02 1.705735093309057870e-01 1.752389622212107562e-02 0.000000000000000000e+00
1.050000000000000000e+04 4.200000429821388881e-01 7.302002730996813851e-01 8.773327264451524776e-02 1.637460172963131622e-01 1.809285389167045871e-02 2.275830678197542133e-04
1.075000000000000000e+04 4.300000440055229411e-01 7.418070095584888834e-01 8.420573509330905870e-02 1.537323623122439642e-01 2.002730996813837164e-02 2.275830678197542133e-04
1.100000000000000000e+04 4.400000450289069942e-01 7.531861629494766008e-01 8.568502503413745475e-02 1.448566226672735602e-01 1.627218934911242587e-02 0.000000000000000000e+00
1.125000000000000000e+04 4.500000460522914913e-01 7.676376877560309175e-01 7.715065999089668058e-02 1.382567137005006885e-01 1.684114701866181243e-02 1.137915339098771066e-04
1.150000000000000000e+04 4.600000470756757665e-01 7.906235776058261333e-01 6.702321347291761988e-02 1.258534365043240677e-01 1.627218934911242587e-02 2.275830678197542133e-04
1.175000000000000000e+04 4.700000480990598195e-01 8.015475648611742887e-01 6.656804733727811341e-02 1.184569868001820597e-01 1.319981793354574502e-02 2.275830678197542133e-04
1.200000000000000000e+04 4.800000491224440946e-01 8.066681838871188059e-01 6.383705052344106068e-02 1.154984069185252676e-01 1.388256713700500647e-02 1.137915339098771066e-04
1.225000000000000000e+04 4.900000501458283697e-01 8.137232589895311285e-01 5.769230769230769551e-02 1.153846153846153910e-01 1.274465179790623508e-02 4.551661356395084266e-04
1.250000000000000000e+04 5.000000511692128669e-01 8.280609922621756658e-01 5.393718707328174627e-02 1.065088757396449731e-01 1.137915339098771045e-02 1.137915339098771066e-04
1.275000000000000000e+04 5.100000521925969199e-01 8.384160218479744797e-01 4.779244424214838111e-02 1.012744651797906209e-01 1.217569412835685025e-02 3.413746017296313199e-04
1.300000000000000000e+04 5.200000532159809730e-01 8.550295857988166048e-01 4.312699135184342586e-02 8.955393718707328754e-02 1.217569412835685025e-02 1.137915339098771066e-04
1.325000000000000000e+04 5.300000542393654701e-01 8.578743741465635342e-01 4.005461993627674328e-02 8.750568957669549452e-02 1.433773327264451468e-02 2.275830678197542133e-04
1.350000000000000000e+04 5.400000552627497452e-01 8.656121984524350887e-01 3.903049613108784677e-02 8.238507055075101893e-02 1.240327719617660522e-02 5.689576695493854790e-04
1.375000000000000000e+04 5.500000562861340203e-01 8.740327719617660973e-01 3.846153846153846367e-02 7.385070550751024476e-02 1.354119253527537488e-02 1.137915339098771066e-04
1.400000000000000000e+04 5.600000573095180734e-01 8.834774692762858983e-01 3.595812471552116418e-02 6.759217114246700298e-02 1.228948566226672687e-02 6.827492034592626399e-04
1.425000000000000000e+04 5.700000583329023485e-01 8.931497496586253693e-01 3.447883477469276120e-02 6.144742831133363781e-02 1.024123805188893906e-02 6.827492034592626399e-04
1.450000000000000000e+04 5.800000593562868456e-01 8.909877105143377829e-01 3.573054164770141095e-02 6.121984524351388457e-02 1.160673645880746542e-02 4.551661356395084266e-04
1.475000000000000000e+04 5.900000603796708987e-01 8.978152025489303245e-01 3.345471096950387163e-02 5.791989076012744875e-02 1.001365498406918582e-02 7.965407373691396923e-04
1.500000000000000000e+04 6.000000614030549517e-01 9.028220300409649512e-01 3.060992262175694228e-02 5.461993627674101293e-02 1.115157032316795548e-02 7.965407373691396923e-04
1.525000000000000000e+04 6.100000624264394489e-01 9.061219845243514426e-01 3.038233955393718558e-02 5.336822940373236318e-02 9.558488848429677609e-03 5.689576695493854790e-04
1.550000000000000000e+04 6.200000634498239460e-01 9.097633136094674944e-01 2.833409194355939950e-02 4.904415111515703085e-02 1.217569412835685025e-02 6.827492034592626399e-04
1.575000000000000000e+04 6.300000644732079991e-01 9.121529358215748617e-01 2.844788347746927612e-02 4.756486117432862787e-02 1.024123805188893906e-02 1.593081474738279385e-03
1.600000000000000000e+04 6.400000654965920521e-01 9.212562585343649912e-01 2.446517979062357712e-02 4.437869822485206867e-02 8.761948111060537808e-03 1.137915339098770958e-03
1.625000000000000000e+04 6.500000665199765493e-01 9.231907146108329076e-01 2.355484751934456070e-02 4.289940828402366568e-02 9.558488848429677609e-03 7.965407373691396923e-04
1.650000000000000000e+04 6.600000675433608244e-01 9.294492489758762188e-01 2.321347291761493084e-02 3.834774692762858705e-02 7.624032771961766417e-03 1.365498406918525280e-03
1.675000000000000000e+04 6.700000685667448774e-01 9.304733727810651223e-01 2.230314064633591095e-02 3.903049613108784677e-02 6.713700500682749130e-03 1.479289940828402332e-03
1.700000000000000000e+04 6.800000695901291525e-01 9.366181156121984319e-01 2.321347291761493084e-02 3.436504324078288458e-02 4.437869822485207214e-03 1.365498406918525280e-03
1.725000000000000000e+04 6.900000706135134276e-01 9.435593991807009751e-01 2.105143377332726468e-02 2.981338188438780248e-02 4.779244424214838804e-03 7.965407373691396923e-04
1.750000000000000000e+04 7.000000716368979248e-01 9.429904415111515226e-01 2.071005917159763482e-02 2.935821574874829254e-02 5.234410559854347014e-03 1.706873008648156654e-03
1.775000000000000000e+04 7.100000726602819778e-01 9.466317705962676854e-01 1.911697769685935522e-02 2.822030040964952288e-02 4.551661356395083832e-03 1.479289940828402332e-03
1.800000000000000000e+04 7.200000736836660309e-01 9.470869367319071364e-01 2.002730996813837164e-02 2.742375967228038308e-02 4.779244424214838804e-03 6.827492034592626399e-04
1.825000000000000000e+04 7.300000747070505280e-01 9.472007282658170269e-01 1.968593536640873831e-02 2.674101046882111990e-02 4.665452890304961318e-03 1.706873008648156654e-03
1.850000000000000000e+04 7.400000757304348031e-01 9.520937642239417631e-01 1.752389622212107562e-02 2.583067819754210348e-02 3.413746017296313308e-03 1.137915339098770958e-03
1.875000000000000000e+04 7.500000767538190782e-01 9.555075102412380339e-01 1.547564861174328607e-02 2.332726445152480746e-02 3.982703686845699004e-03 1.706873008648156654e-03
1.900000000000000000e+04 7.600000777772031313e-01 9.528903049613108855e-01 1.729631315430131891e-02 2.457897132453345374e-02 3.641329085116067413e-03 1.593081474738279385e-03
1.925000000000000000e+04 7.700000788005874064e-01 9.617660446062813451e-01 1.354119253527537488e-02 2.048247610377787811e-02 3.072371415566681717e-03 1.137915339098770958e-03
1.950000000000000000e+04 7.800000798239719035e-01 9.560764679107874864e-01 1.445152480655439303e-02 2.435138825671370050e-02 3.413746017296313308e-03 1.706873008648156654e-03
1.975000000000000000e+04 7.900000808473559566e-01 9.597177969959035382e-01 1.297223486572599005e-02 2.321347291761493084e-02 3.186162949476558769e-03 9.103322712790168532e-04
2.000000000000000000e+04 8.000000818707400096e-01 9.640418752844788219e-01 1.217569412835685025e-02 1.843422849340009204e-02 3.527537551206190360e-03 1.820664542558033706e-03
2.025000000000000000e+04 8.100000828941245068e-01 9.680245789713245452e-01 1.149294492489758707e-02 1.718252162039144229e-02 2.048247610377787811e-03 1.251706873008648227e-03
2.050000000000000000e+04 8.200000839175090039e-01 9.681383705052344357e-01 1.069640418752844727e-02 1.684114701866181243e-02 2.275830678197541916e-03 2.048247610377787811e-03
2.075000000000000000e+04 8.300000849408930570e-01 9.707555757851615841e-01 9.330905780609922637e-03 1.547564861174328607e-02 2.275830678197541916e-03 2.162039144287664864e-03
2.100000000000000000e+04 8.400000859642771101e-01 9.703004096495220221e-01 9.217114246700046018e-03 1.593081474738279601e-02 2.389622212107419402e-03 2.162039144287664864e-03
2.125000000000000000e+04 8.500000869876616072e-01 9.718934911242603780e-01 9.672280382339554228e-03 1.456531634046426965e-02 2.162039144287664864e-03 1.706873008648156654e-03
2.150000000000000000e+04 8.600000880110458823e-01 9.780382339553936877e-01 7.624032771961766417e-03 1.126536185707783383e-02 1.706873008648156654e-03 1.365498406918525280e-03
2.175000000000000000e+04 8.700000890344299354e-01 9.815657715065999600e-01 6.486117432862995025e-03 8.420573509330906217e-03 1.934456076467910759e-03 1.593081474738279385e-03
2.200000000000000000e+04 8.800000900578142105e-01 9.805416477014110566e-01 5.348202093764223633e-03 9.672280382339554228e-03 2.958579881656804664e-03 1.479289940828402332e-03
2.225000000000000000e+04 8.900000910811984856e-01 9.797451069640418231e-01 6.030951297223486815e-03 1.024123805188893906e-02 1.934456076467910759e-03 2.048247610377787811e-03
2.250000000000000000e+04 9.000000921045829827e-01 9.819071461083295205e-01 5.917159763313609329e-03 7.396449704142011444e-03 2.617205279927173507e-03 2.162039144287664864e-03
2.275000000000000000e+04 9.100000931279670358e-01 9.820209376422394110e-01 5.917159763313609329e-03 8.648156577150659455e-03 1.934456076467910759e-03 1.479289940828402332e-03
2.300000000000000000e+04 9.200000941513510888e-01 9.820209376422394110e-01 5.803368229403732710e-03 7.168866636322257339e-03 2.389622212107419402e-03 2.617205279927173507e-03
2.325000000000000000e+04 9.300000951747355860e-01 9.838416021847974369e-01 6.599908966772872511e-03 7.168866636322257339e-03 9.103322712790168532e-04 1.479289940828402332e-03
2.350000000000000000e+04 9.400000961981198611e-01 9.844105598543468894e-01 6.030951297223486815e-03 6.599908966772872511e-03 1.024123805188893906e-03 1.934456076467910759e-03
2.375000000000000000e+04 9.500000972215041362e-01 9.855484751934455723e-01 5.575785161583977738e-03 6.599908966772872511e-03 1.024123805188893906e-03 1.251706873008648227e-03
2.400000000000000000e+04 9.600000982448881892e-01 9.870277651342740377e-01 3.755120619025944465e-03 5.575785161583977738e-03 1.479289940828402332e-03 2.162039144287664864e-03
2.425000000000000000e+04 9.700000992682724643e-01 9.888484296768320636e-01 3.413746017296313308e-03 3.755120619025944465e-03 2.617205279927173507e-03 1.365498406918525280e-03
2.450000000000000000e+04 9.800001002916569615e-01 9.872553482020938187e-01 4.096495220755575623e-03 5.006827492034592909e-03 1.706873008648156654e-03 1.934456076467910759e-03
2.475000000000000000e+04 9.900001013150410145e-01 9.897587619481110766e-01 2.389622212107419402e-03 3.755120619025944465e-03 2.048247610377787811e-03 2.048247610377787811e-03
2.500000000000000000e+04 1.000000102338425290e+00 9.883932635411925016e-01 4.437869822485207214e-03 3.527537551206190360e-03 1.479289940828402332e-03 2.162039144287664864e-03
