# itime ezz other fcc hcp bcc ico
0.000000000000000000e+00 0.000000000000000000e+00 0.000000000000000000e+00 1.000000000000000000e+00 0.000000000000000000e+00 0.000000000000000000e+00 0.000000000000000000e+00
2.500000000000000000e+03 1.000005940735015919e-02 0.000000000000000000e+00 1.000000000000000000e+00 0.000000000000000000e+00 0.000000000000000000e+00 0.000000000000000000e+00
5.000000000000000000e+03 2.000011881470054043e-02 0.000000000000000000e+00 1.000000000000000000e+00 0.000000000000000000e+00 0.000000000000000000e+00 0.000000000000000000e+00
7.500000000000000000e+03 3.000017822205069962e-02 0.000000000000000000e+00 1.000000000000000000e+00 0.000000000000000000e+00 0.000000000000000000e+00 0.000000000000000000e+00
1.000000000000000000e+04 4.000023762940108085e-02 0.000000000000000000e+00 1.000000000000000000e+00 0.000000000000000000e+00 0.000000000000000000e+00 0.000000000000000000e+00
1.250000000000000000e+04 5.000029703675124004e-02 0.000000000000000000e+00 1.000000000000000000e+00 0.000000000000000000e+00 0.000000000000000000e+00 0.000000000000000000e+00
1.500000000000000000e+04 6.000035644410139923e-02 0.000000000000000000e+00 1.000000000000000000e+00 0.000000000000000000e+00 0.000000000000000000e+00 0.000000000000000000e+00
1.750000000000000000e+04 7.000041585145178047e-02 0.000000000000000000e+00 1.000000000000000000e+00 0.000000000000000000e+00 0.000000000000000000e+00 0.000000000000000000e+00
2.000000000000000000e+04 8.000047525880193966e-02 0.000000000000000000e+00 1.000000000000000000e+00 0.000000000000000000e+00 0.000000000000000000e+00 0.000000000000000000e+00
2.250000000000000000e+04 9.000053466615232090e-02 7.965407373691396923e-04 9.992034592626308775e-01 0.000000000000000000e+00 0.000000000000000000e+00 0.000000000000000000e+00
2.500000000000000000e+04 1.000005940735024801e-01 3.299954483386436255e-03 9.963586709148839482e-01 0.000000000000000000e+00 3.413746017296313199e-04 0.000000000000000000e+00
2.750000000000000000e+04 1.100006534808528613e-01 6.622667273554846967e-02 8.186162949476558648e-01 0.000000000000000000e+00 1.151570323167956239e-01 0.000000000000000000e+00
3.000000000000000000e+04 1.200007128882030205e-01 1.160673645880746542e-02 8.357988165680473314e-01 1.507737824305871721e-01 1.820664542558033706e-03 0.000000000000000000e+00
3.250000000000000000e+04 1.300007722955531797e-01 1.160673645880746542e-02 8.364815657715065633e-01 1.502048247610377751e-01 1.706873008648156654e-03 0.000000000000000000e+00
3.500000000000000000e+04 1.400008317029035609e-01 1.137915339098771045e-02 8.370505234410560158e-01 1.504324078288575284e-01 1.137915339098770958e-03 0.000000000000000000e+00
3.750000000000000000e+04 1.500008911102537201e-01 1.274465179790623508e-02 8.365953573054164538e-01 1.494082840236686527e-01 1.251706873008648227e-03 0.000000000000000000e+00
4.000000000000000000e+04 1.600009505176041014e-01 1.490669094219390124e-02 8.354574419663176599e-01 1.491807009558488717e-01 4.551661356395084266e-04 0.000000000000000000e+00
4.250000000000000000e+04 1.700010099249542606e-01 5.427856167501137613e-02 7.774237596722803900e-01 1.647701411015020379e-01 3.527537551206190360e-03 0.000000000000000000e+00
4.500000000000000000e+04 1.800010693323044197e-01 4.984069185252617412e-02 7.806099226217569909e-01 1.652253072371415443e-01 4.324078288575329727e-03 0.000000000000000000e+00
4.750000000000000000e+04 1.900011287396548010e-01 5.245789713245334329e-02 7.762858443331815961e-01 1.671597633136094607e-01 4.096495220755575623e-03 0.000000000000000000e+00
5.000000000000000000e+04 2.000011881470049602e-01 5.951297223486572835e-02 7.695721438324988339e-01 1.662494310423304478e-01 4.665452890304961318e-03 0.000000000000000000e+00
5.250000000000000000e+04 2.100012475543553414e-01 5.564406008192990249e-02 7.693445607646790529e-01 1.728493400091033194e-01 2.162039144287664864e-03 0.000000000000000000e+00
5.500000000000000000e+04 2.200013069617055006e-01 5.837505689576695522e-02 7.707100591715976279e-01 1.684114701866181174e-01 2.503413746017296455e-03 0.000000000000000000e+00
5.750000000000000000e+04 2.300013663690556598e-01 5.951297223486572835e-02 7.693445607646790529e-01 1.669321802457897075e-01 4.210286754665453109e-03 0.000000000000000000e+00
6.000000000000000000e+04 2.400014257764060410e-01 6.281292671825215723e-02 7.464724624487938387e-01 1.893491124260354985e-01 1.365498406918525280e-03 0.000000000000000000e+00
6.250000000000000000e+04 2.500014851837562002e-01 6.474738279472007363e-02 7.476103777878926326e-01 1.858215748748293095e-01 1.820664542558033706e-03 0.000000000000000000e+00
6.500000000000000000e+04 2.600015445911065814e-01 6.599908966772871644e-02 7.494310423304506585e-01 1.836595357305416398e-01 9.103322712790168532e-04 0.000000000000000000e+00
6.750000000000000000e+04 2.700016039984567406e-01 6.599908966772871644e-02 7.531861629494766008e-01 1.789940828402366846e-01 1.820664542558033706e-03 0.000000000000000000e+00
7.000000000000000000e+04 2.800016634058071219e-01 6.577150659990896320e-02 7.586481565771506785e-01 1.746700045516613453e-01 9.103322712790168532e-04 0.000000000000000000e+00
7.250000000000000000e+04 2.900017228131572811e-01 6.554392353208920996e-02 7.625170687300865113e-01 1.710286754665452935e-01 9.103322712790168532e-04 0.000000000000000000e+00
7.500000000000000000e+04 3.000017822205074403e-01 7.180245789713245175e-02 7.609239872553481554e-01 1.661356395084205850e-01 1.137915339098770958e-03 0.000000000000000000e+00
7.750000000000000000e+04 3.100018416278578215e-01 7.658170232134729749e-02 7.536413290851160518e-01 1.689804278561675144e-01 7.965407373691396923e-04 0.000000000000000000e+00
8.000000000000000000e+04 3.200019010352079807e-01 7.476103777878925771e-02 7.596722803823395820e-01 1.651115157032316816e-01 4.551661356395084266e-04 0.000000000000000000e+00
8.250000000000000000e+04 3.300019604425583619e-01 7.396449704142012138e-02 7.624032771961766208e-01 1.626081019572143960e-01 1.024123805188893906e-03 0.000000000000000000e+00
8.500000000000000000e+04 3.400020198499085211e-01 8.158852981338188259e-02 7.588757396449704595e-01 1.574874829312699065e-01 2.048247610377787811e-03 0.000000000000000000e+00
8.750000000000000000e+04 3.500020792572586803e-01 1.232362312243969055e-01 6.339326354119253493e-01 2.397587619481110488e-01 3.072371415566681717e-03 0.000000000000000000e+00
9.000000000000000000e+04 3.600021386646090615e-01 1.173190714610832935e-01 6.748975876194811541e-01 2.039144287664997612e-01 3.868912152935821518e-03 0.000000000000000000e+00
9.250000000000000000e+04 3.700021980719592207e-01 1.136777423759672279e-01 6.838871187983613931e-01 1.981110605370960398e-01 4.324078288575329727e-03 0.000000000000000000e+00
9.500000000000000000e+04 3.800022574793096020e-01 1.253982703686845612e-01 6.714838416021847722e-01 1.993627674101046965e-01 3.755120619025944465e-03 0.000000000000000000e+00
9.750000000000000000e+04 3.900023168866597612e-01 1.289258079198907503e-01 6.719390077378243342e-01 1.945835229858898507e-01 4.551661356395083832e-03 0.000000000000000000e+00
1.000000000000000000e+05 4.000023762940099203e-01 1.191397360036413333e-01 6.952662721893491105e-01 1.817250796540737234e-01 3.868912152935821518e-03 0.000000000000000000e+00
1.025000000000000000e+05 4.100024357013603016e-01 1.269913518434228616e-01 6.886663632225762388e-01 1.821802457897132577e-01 2.162039144287664864e-03 0.000000000000000000e+00
1.050000000000000000e+05 4.200024951087104608e-01 1.069640418752844796e-01 7.598998634501593630e-01 1.313154301319981732e-01 1.820664542558033706e-03 0.000000000000000000e+00
1.075000000000000000e+05 4.300025545160608420e-01 8.557123350022757813e-02 7.831133363677742487e-01 1.304050978607191602e-01 9.103322712790168532e-04 0.000000000000000000e+00
1.100000000000000000e+05 4.400026139234110012e-01 8.648156577150660496e-02 7.827719617660445772e-01 1.300637232589895442e-01 6.827492034592626399e-04 0.000000000000000000e+00
1.125000000000000000e+05 4.500026733307613824e-01 8.602639963586708460e-02 7.833409194355940297e-01 1.304050978607191602e-01 2.275830678197542133e-04 0.000000000000000000e+00
1.150000000000000000e+05 4.600027327381115416e-01 8.591260810195720798e-02 7.835685025034136997e-01 1.302913063268092975e-01 2.275830678197542133e-04 0.000000000000000000e+00
1.175000000000000000e+05 4.700027921454617008e-01 8.010923987255348655e-02 7.860719162494310686e-01 1.333636777423759801e-01 4.551661356395084266e-04 0.000000000000000000e+00
1.200000000000000000e+05 4.800028515528120820e-01 7.976786527082385669e-02 7.864132908511606290e-01 1.327947200728265831e-01 1.024123805188893906e-03 0.000000000000000000e+00
1.225000000000000000e+05 4.900029109601622412e-01 7.806099226217569353e-02 7.864132908511606290e-01 1.341602184797451025e-01 1.365498406918525280e-03 0.000000000000000000e+00
1.250000000000000000e+05 5.000029703675126225e-01 8.045061447428311641e-02 7.847064178425124936e-01 1.326809285389166926e-01 2.162039144287664864e-03 0.000000000000000000e+00
1.275000000000000000e+05 5.100030297748627817e-01 1.213017751479289891e-01 7.189349112426035582e-01 1.523668639053254448e-01 7.396449704142011444e-03 0.000000000000000000e+00
1.300000000000000000e+05 5.200030891822129409e-01 1.409877105143377274e-01 6.547564861174328676e-01 2.015248065543923661e-01 2.730996813837050560e-03 0.000000000000000000e+00
1.325000000000000000e+05 5.300031485895633221e-01 1.420118343195266308e-01 6.481565771506599960e-01 2.075557578516158408e-01 2.275830678197541916e-03 0.000000000000000000e+00
1.350000000000000000e+05 5.400032079969134813e-01 1.453117888029130667e-01 6.403049613108784399e-01 2.125625853436504398e-01 1.820664542558033706e-03 0.000000000000000000e+00
1.375000000000000000e+05 5.500032674042638625e-01 1.510013654984069253e-01 6.300637232589895165e-01 2.147246244879381094e-01 4.210286754665453109e-03 0.000000000000000000e+00
1.400000000000000000e+05 5.600033268116140217e-01 1.645425580336822846e-01 6.049157942649067143e-01 2.272416932180245652e-01 3.299954483386436255e-03 0.000000000000000000e+00
1.425000000000000000e+05 5.700033862189641809e-01 1.743286299499317293e-01 5.878470641784251383e-01 2.338416021847974646e-01 3.982703686845699004e-03 0.000000000000000000e+00
1.450000000000000000e+05 5.800034456263145621e-01 1.709148839326354030e-01 6.556668183887118806e-01 1.689804278561675144e-01 4.437869822485207214e-03 0.000000000000000000e+00
1.475000000000000000e+05 5.900035050336647213e-01 1.635184342284934089e-01 6.706873008648156498e-01 1.621529358215748617e-01 3.641329085116067413e-03 0.000000000000000000e+00
1.500000000000000000e+05 6.000035644410151026e-01 1.533909877105143482e-01 6.814974965862540257e-01 1.612426035502958488e-01 3.868912152935821518e-03 0.000000000000000000e+00
1.525000000000000000e+05 6.100036238483652618e-01 1.508875739644970349e-01 6.948111060537096595e-01 1.503186162949476656e-01 3.982703686845699004e-03 0.000000000000000000e+00
1.550000000000000000e+05 6.200036832557156430e-01 1.642011834319526686e-01 6.904870277651342647e-01 1.409877105143377274e-01 4.324078288575329727e-03 0.000000000000000000e+00
1.575000000000000000e+05 6.300037426630658022e-01 1.409877105143377274e-01 7.085798816568047442e-01 1.467910787437414766e-01 3.641329085116067413e-03 0.000000000000000000e+00
1.600000000000000000e+05 6.400038020704159614e-01 1.385980883022303045e-01 7.105143377332726606e-01 1.472462448793809831e-01 3.641329085116067413e-03 0.000000000000000000e+00
1.625000000000000000e+05 6.500038614777663426e-01 1.426945835229858905e-01 7.100591715976330986e-01 1.445152480655439164e-01 2.730996813837050560e-03 0.000000000000000000e+00
1.650000000000000000e+05 6.600039208851165018e-01 1.431497496586253970e-01 6.974283113336368078e-01 1.571461083295402905e-01 2.275830678197541916e-03 0.000000000000000000e+00
1.675000000000000000e+05 6.700039802924668830e-01 1.401911697769686049e-01 6.976558944014564778e-01 1.590805644060081792e-01 3.072371415566681717e-03 0.000000000000000000e+00
1.700000000000000000e+05 6.800040396998170422e-01 1.375739644970414288e-01 6.859353664087392000e-01 1.754665452890304955e-01 1.024123805188893906e-03 0.000000000000000000e+00
1.725000000000000000e+05 6.900040991071672014e-01 1.388256713700500578e-01 6.781975421028675344e-01 1.813837050523441075e-01 1.593081474738279385e-03 0.000000000000000000e+00
1.750000000000000000e+05 7.000041585145175826e-01 1.480427856167501055e-01 6.715976331360946627e-01 1.783113336367774249e-01 2.048247610377787811e-03 0.000000000000000000e+00
1.775000000000000000e+05 7.100042179218677418e-01 1.495220755575785154e-01 6.478152025489303245e-01 2.002730996813837094e-01 2.389622212107419402e-03 0.000000000000000000e+00
1.800000000000000000e+05 7.200042773292181231e-01 1.487255348202093652e-01 6.474738279472007640e-01 2.020937642239417353e-01 1.706873008648156654e-03 0.000000000000000000e+00
1.825000000000000000e+05 7.300043367365682823e-01 1.499772416932180219e-01 6.486117432862994470e-01 1.992489758761948060e-01 2.162039144287664864e-03 0.000000000000000000e+00
1.850000000000000000e+05 7.400043961439184415e-01 1.504324078288575284e-01 6.465634956759217511e-01 2.003868912152935722e-01 2.617205279927173507e-03 0.000000000000000000e+00
1.875000000000000000e+05 7.500044555512688227e-01 1.527082385070550885e-01 6.579426490669094685e-01 1.859353664087392000e-01 3.413746017296313308e-03 0.000000000000000000e+00
1.900000000000000000e+05 7.600045149586189819e-01 1.494082840236686527e-01 6.675011379153390489e-01 1.793354574419663283e-01 3.755120619025944465e-03 0.000000000000000000e+00
1.925000000000000000e+05 7.700045743659693631e-01 1.523668639053254448e-01 6.714838416021847722e-01 1.731907146108329631e-01 2.958579881656804664e-03 0.000000000000000000e+00
1.950000000000000000e+05 7.800046337733195223e-01 1.513427401001365413e-01 6.703459262630859783e-01 1.735320892125625791e-01 4.779244424214838804e-03 0.000000000000000000e+00
1.975000000000000000e+05 7.900046931806699035e-01 1.517979062357760478e-01 6.715976331360946627e-01 1.734182976786527164e-01 3.186162949476558769e-03 0.000000000000000000e+00
2.000000000000000000e+05 8.000047525880200627e-01 1.556668183887118806e-01 6.833181611288120516e-01 1.582840236686390567e-01 2.730996813837050560e-03 0.000000000000000000e+00
2.025000000000000000e+05 8.100048119953702219e-01 1.610150204824760956e-01 6.892353208921255803e-01 1.451979972690031762e-01 4.551661356395083832e-03 0.000000000000000000e+00
2.050000000000000000e+05 8.200048714027206032e-01 1.811561219845243542e-01 6.628356850250340937e-01 1.507737824305871721e-01 5.234410559854347014e-03 0.000000000000000000e+00
2.075000000000000000e+05 8.300049308100707623e-01 1.800182066454255880e-01 6.754665452890304955e-01 1.412152935821574806e-01 3.299954483386436255e-03 0.000000000000000000e+00
2.100000000000000000e+05 8.400049902174211436e-01 1.758079198907601393e-01 6.833181611288120516e-01 1.381429221665907980e-01 2.730996813837050560e-03 0.000000000000000000e+00
2.125000000000000000e+05 8.500050496247713028e-01 1.772872098315885214e-01 6.893491124260354708e-01 1.307464724624488039e-01 2.617205279927173507e-03 0.000000000000000000e+00
2.150000000000000000e+05 8.600051090321214620e-01 1.541875284478834707e-01 7.146108329540282744e-01 1.268775603095129711e-01 4.324078288575329727e-03 0.000000000000000000e+00
2.175000000000000000e+05 8.700051684394718432e-01 1.482703686845698587e-01 7.269003186162948937e-01 1.207328174783796060e-01 4.096495220755575623e-03 0.000000000000000000e+00
2.200000000000000000e+05 8.800052278468220024e-01 1.511151570323167881e-01 7.278106508875740177e-01 1.178880291306326766e-01 3.186162949476558769e-03 0.000000000000000000e+00
2.225000000000000000e+05 8.900052872541723836e-01 1.496358670914884059e-01 7.324761037778789730e-01 1.151570323167956239e-01 2.730996813837050560e-03 0.000000000000000000e+00
2.250000000000000000e+05 9.000053466615225428e-01 1.558944014565316338e-01 7.347519344560764498e-01 1.057123350022758368e-01 3.641329085116067413e-03 0.000000000000000000e+00
2.275000000000000000e+05 9.100054060688727020e-01 1.596495220755575761e-01 7.493172507965407680e-01 8.807464724624487762e-02 2.958579881656804664e-03 0.000000000000000000e+00
2.300000000000000000e+05 9.200054654762230832e-01 1.580564406008193035e-01 7.793582157487483064e-01 6.042330450614474130e-02 2.162039144287664864e-03 0.000000000000000000e+00
2.325000000000000000e+05 9.300055248835732424e-01 1.558944014565316338e-01 7.855029585798816161e-01 5.678197542102867562e-02 1.820664542558033706e-03 0.000000000000000000e+00
2.350000000000000000e+05 9.400055842909236237e-01 1.513427401001365413e-01 8.293126991351843502e-01 1.832043695949021542e-02 1.024123805188893906e-03 0.000000000000000000e+00
2.375000000000000000e+05 9.500056436982737829e-01 1.519116977696859383e-01 8.262403277196176399e-01 2.093764223941738806e-02 9.103322712790168532e-04 0.000000000000000000e+00
2.400000000000000000e+05 9.600057031056241641e-01 1.484979517523896120e-01 8.390987710514338227e-01 1.149294492489758707e-02 9.103322712790168532e-04 0.000000000000000000e+00
2.425000000000000000e+05 9.700057625129743233e-01 1.414428766499772339e-01 8.540054619936277014e-01 3.413746017296313308e-03 1.137915339098770958e-03 0.000000000000000000e+00
2.450000000000000000e+05 9.800058219203244825e-01 1.380291306326809353e-01 8.599226217569412301e-01 1.706873008648156654e-03 3.413746017296313199e-04 0.000000000000000000e+00
2.475000000000000000e+05 9.900058813276748637e-01 1.578288575329995502e-01 6.769458352298588499e-01 1.637460172963131622e-01 1.479289940828402332e-03 0.000000000000000000e+00
2.500000000000000000e+05 1.000005940735025245e+00 1.596495220755575761e-01 6.731907146108329076e-01 1.664770141101502010e-01 6.827492034592626399e-04 0.000000000000000000e+00
