# itime ezz other fcc hcp bcc ico
0.000000000000000000e+00 0.000000000000000000e+00 0.000000000000000000e+00 1.000000000000000000e+00 0.000000000000000000e+00 0.000000000000000000e+00 0.000000000000000000e+00
2.500000000000000000e+02 1.000064191030380911e-03 0.000000000000000000e+00 1.000000000000000000e+00 0.000000000000000000e+00 0.000000000000000000e+00 0.000000000000000000e+00
5.000000000000000000e+02 2.000128382060761822e-03 0.000000000000000000e+00 1.000000000000000000e+00 0.000000000000000000e+00 0.000000000000000000e+00 0.000000000000000000e+00
7.500000000000000000e+02 3.000192573091364778e-03 0.000000000000000000e+00 1.000000000000000000e+00 0.000000000000000000e+00 0.000000000000000000e+00 0.000000000000000000e+00
1.000000000000000000e+03 4.000256764121745690e-03 0.000000000000000000e+00 1.000000000000000000e+00 0.000000000000000000e+00 0.000000000000000000e+00 0.000000000000000000e+00
1.250000000000000000e+03 5.000320955152126601e-03 0.000000000000000000e+00 1.000000000000000000e+00 0.000000000000000000e+00 0.000000000000000000e+00 0.000000000000000000e+00
1.500000000000000000e+03 6.000385146182507512e-03 0.000000000000000000e+00 1.000000000000000000e+00 0.000000000000000000e+00 0.000000000000000000e+00 0.000000000000000000e+00
1.750000000000000000e+03 7.000449337213110468e-03 0.000000000000000000e+00 1.000000000000000000e+00 0.000000000000000000e+00 0.000000000000000000e+00 0.000000000000000000e+00
2.000000000000000000e+03 8.000513528243491379e-03 0.000000000000000000e+00 1.000000000000000000e+00 0.000000000000000000e+00 0.000000000000000000e+00 0.000000000000000000e+00
2.250000000000000000e+03 9.000577719273872290e-03 0.000000000000000000e+00 1.000000000000000000e+00 0.000000000000000000e+00 0.000000000000000000e+00 0.000000000000000000e+00
2.500000000000000000e+03 1.000064191030425320e-02 0.000000000000000000e+00 1.000000000000000000e+00 0.000000000000000000e+00 0.000000000000000000e+00 0.000000000000000000e+00
2.750000000000000000e+03 1.100070610133485616e-02 0.000000000000000000e+00 1.000000000000000000e+00 0.000000000000000000e+00 0.000000000000000000e+00 0.000000000000000000e+00
3.000000000000000000e+03 1.200077029236523707e-02 0.000000000000000000e+00 1.000000000000000000e+00 0.000000000000000000e+00 0.000000000000000000e+00 0.000000000000000000e+00
3.250000000000000000e+03 1.300083448339561798e-02 0.000000000000000000e+00 1.000000000000000000e+00 0.000000000000000000e+00 0.000000000000000000e+00 0.000000000000000000e+00
3.500000000000000000e+03 1.400089867442599889e-02 0.000000000000000000e+00 1.000000000000000000e+00 0.000000000000000000e+00 0.000000000000000000e+00 0.000000000000000000e+00
3.750000000000000000e+03 1.500096286545660185e-02 0.000000000000000000e+00 1.000000000000000000e+00 0.000000000000000000e+00 0.000000000000000000e+00 0.000000000000000000e+00
4.000000000000000000e+03 1.600102705648698276e-02 0.000000000000000000e+00 1.000000000000000000e+00 0.000000000000000000e+00 0.000000000000000000e+00 0.000000000000000000e+00
4.250000000000000000e+03 1.700109124751736367e-02 0.000000000000000000e+00 1.000000000000000000e+00 0.000000000000000000e+00 0.000000000000000000e+00 0.000000000000000000e+00
4.500000000000000000e+03 1.800115543854774458e-02 0.000000000000000000e+00 1.000000000000000000e+00 0.000000000000000000e+00 0.000000000000000000e+00 0.000000000000000000e+00
4.750000000000000000e+03 1.900121962957834754e-02 0.000000000000000000e+00 1.000000000000000000e+00 0.000000000000000000e+00 0.000000000000000000e+00 0.000000000000000000e+00
5.000000000000000000e+03 2.000128382060872845e-02 0.000000000000000000e+00 1.000000000000000000e+00 0.000000000000000000e+00 0.000000000000000000e+00 0.000000000000000000e+00
5.250000000000000000e+03 2.100134801163910936e-02 0.000000000000000000e+00 1.000000000000000000e+00 0.000000000000000000e+00 0.000000000000000000e+00 0.000000000000000000e+00
5.500000000000000000e+03 2.200141220266949027e-02 0.000000000000000000e+00 1.000000000000000000e+00 0.000000000000000000e+00 0.000000000000000000e+00 0.000000000000000000e+00
5.750000000000000000e+03 2.300147639370009323e-02 0.000000000000000000e+00 1.000000000000000000e+00 0.000000000000000000e+00 0.000000000000000000e+00 0.000000000000000000e+00
6.000000000000000000e+03 2.400154058473047414e-02 0.000000000000000000e+00 1.000000000000000000e+00 0.000000000000000000e+00 0.000000000000000000e+00 0.000000000000000000e+00
6.250000000000000000e+03 2.500160477576085505e-02 0.000000000000000000e+00 1.000000000000000000e+00 0.000000000000000000e+00 0.000000000000000000e+00 0.000000000000000000e+00
6.500000000000000000e+03 2.600166896679123596e-02 0.000000000000000000e+00 1.000000000000000000e+00 0.000000000000000000e+00 0.000000000000000000e+00 0.000000000000000000e+00
6.750000000000000000e+03 2.700173315782161687e-02 0.000000000000000000e+00 1.000000000000000000e+00 0.000000000000000000e+00 0.000000000000000000e+00 0.000000000000000000e+00
7.000000000000000000e+03 2.800179734885221983e-02 0.000000000000000000e+00 1.000000000000000000e+00 0.000000000000000000e+00 0.000000000000000000e+00 0.000000000000000000e+00
7.250000000000000000e+03 2.900186153988260074e-02 0.000000000000000000e+00 1.000000000000000000e+00 0.000000000000000000e+00 0.000000000000000000e+00 0.000000000000000000e+00
7.500000000000000000e+03 3.000192573091298165e-02 0.000000000000000000e+00 1.000000000000000000e+00 0.000000000000000000e+00 0.000000000000000000e+00 0.000000000000000000e+00
7.750000000000000000e+03 3.100198992194336256e-02 0.000000000000000000e+00 1.000000000000000000e+00 0.000000000000000000e+00 0.000000000000000000e+00 0.000000000000000000e+00
8.000000000000000000e+03 3.200205411297396552e-02 0.000000000000000000e+00 1.000000000000000000e+00 0.000000000000000000e+00 0.000000000000000000e+00 0.000000000000000000e+00
8.250000000000000000e+03 3.300211830400434643e-02 0.000000000000000000e+00 1.000000000000000000e+00 0.000000000000000000e+00 0.000000000000000000e+00 0.000000000000000000e+00
8.500000000000000000e+03 3.400218249503472734e-02 0.000000000000000000e+00 1.000000000000000000e+00 0.000000000000000000e+00 0.000000000000000000e+00 0.000000000000000000e+00
8.750000000000000000e+03 3.500224668606510825e-02 0.000000000000000000e+00 1.000000000000000000e+00 0.000000000000000000e+00 0.000000000000000000e+00 0.000000000000000000e+00
9.000000000000000000e+03 3.600231087709571121e-02 0.000000000000000000e+00 1.000000000000000000e+00 0.000000000000000000e+00 0.000000000000000000e+00 0.000000000000000000e+00
9.250000000000000000e+03 3.700237506812609212e-02 0.000000000000000000e+00 1.000000000000000000e+00 0.000000000000000000e+00 0.000000000000000000e+00 0.000000000000000000e+00
9.500000000000000000e+03 3.800243925915647303e-02 0.000000000000000000e+00 1.000000000000000000e+00 0.000000000000000000e+00 0.000000000000000000e+00 0.000000000000000000e+00
9.750000000000000000e+03 3.900250345018685394e-02 0.000000000000000000e+00 1.000000000000000000e+00 0.000000000000000000e+00 0.000000000000000000e+00 0.000000000000000000e+00
1.000000000000000000e+04 4.000256764121745690e-02 0.000000000000000000e+00 1.000000000000000000e+00 0.000000000000000000e+00 0.000000000000000000e+00 0.000000000000000000e+00
1.025000000000000000e+04 4.100263183224783781e-02 0.000000000000000000e+00 1.000000000000000000e+00 0.000000000000000000e+00 0.000000000000000000e+00 0.000000000000000000e+00
1.050000000000000000e+04 4.200269602327821872e-02 0.000000000000000000e+00 1.000000000000000000e+00 0.000000000000000000e+00 0.000000000000000000e+00 0.000000000000000000e+00
1.075000000000000000e+04 4.300276021430859963e-02 0.000000000000000000e+00 1.000000000000000000e+00 0.000000000000000000e+00 0.000000000000000000e+00 0.000000000000000000e+00
1.100000000000000000e+04 4.400282440533920258e-02 0.000000000000000000e+00 1.000000000000000000e+00 0.000000000000000000e+00 0.000000000000000000e+00 0.000000000000000000e+00
1.125000000000000000e+04 4.500288859636958350e-02 0.000000000000000000e+00 1.000000000000000000e+00 0.000000000000000000e+00 0.000000000000000000e+00 0.000000000000000000e+00
1.150000000000000000e+04 4.600295278739996441e-02 0.000000000000000000e+00 1.000000000000000000e+00 0.000000000000000000e+00 0.000000000000000000e+00 0.000000000000000000e+00
1.175000000000000000e+04 4.700301697843034532e-02 0.000000000000000000e+00 1.000000000000000000e+00 0.000000000000000000e+00 0.000000000000000000e+00 0.000000000000000000e+00
1.200000000000000000e+04 4.800308116946094827e-02 0.000000000000000000e+00 1.000000000000000000e+00 0.000000000000000000e+00 0.000000000000000000e+00 0.000000000000000000e+00
1.225000000000000000e+04 4.900314536049132919e-02 0.000000000000000000e+00 1.000000000000000000e+00 0.000000000000000000e+00 0.000000000000000000e+00 0.000000000000000000e+00
1.250000000000000000e+04 5.000320955152171010e-02 0.000000000000000000e+00 1.000000000000000000e+00 0.000000000000000000e+00 0.000000000000000000e+00 0.000000000000000000e+00
1.275000000000000000e+04 5.100327374255209101e-02 2.275830678197542133e-04 9.997724169321802190e-01 0.000000000000000000e+00 0.000000000000000000e+00 0.000000000000000000e+00
1.300000000000000000e+04 5.200333793358247192e-02 0.000000000000000000e+00 1.000000000000000000e+00 0.000000000000000000e+00 0.000000000000000000e+00 0.000000000000000000e+00
1.325000000000000000e+04 5.300340212461307488e-02 0.000000000000000000e+00 1.000000000000000000e+00 0.000000000000000000e+00 0.000000000000000000e+00 0.000000000000000000e+00
1.350000000000000000e+04 5.400346631564345579e-02 0.000000000000000000e+00 1.000000000000000000e+00 0.000000000000000000e+00 0.000000000000000000e+00 0.000000000000000000e+00
1.375000000000000000e+04 5.500353050667383670e-02 0.000000000000000000e+00 1.000000000000000000e+00 0.000000000000000000e+00 0.000000000000000000e+00 0.000000000000000000e+00
1.400000000000000000e+04 5.600359469770421761e-02 0.000000000000000000e+00 1.000000000000000000e+00 0.000000000000000000e+00 0.000000000000000000e+00 0.000000000000000000e+00
1.425000000000000000e+04 5.700365888873482056e-02 0.000000000000000000e+00 1.000000000000000000e+00 0.000000000000000000e+00 0.000000000000000000e+00 0.000000000000000000e+00
1.450000000000000000e+04 5.800372307976520148e-02 0.000000000000000000e+00 1.000000000000000000e+00 0.000000000000000000e+00 0.000000000000000000e+00 0.000000000000000000e+00
1.475000000000000000e+04 5.900378727079558239e-02 0.000000000000000000e+00 1.000000000000000000e+00 0.000000000000000000e+00 0.000000000000000000e+00 0.000000000000000000e+00
1.500000000000000000e+04 6.000385146182596330e-02 0.000000000000000000e+00 1.000000000000000000e+00 0.000000000000000000e+00 0.000000000000000000e+00 0.000000000000000000e+00
1.525000000000000000e+04 6.100391565285656625e-02 0.000000000000000000e+00 1.000000000000000000e+00 0.000000000000000000e+00 0.000000000000000000e+00 0.000000000000000000e+00
1.550000000000000000e+04 6.200397984388694717e-02 0.000000000000000000e+00 1.000000000000000000e+00 0.000000000000000000e+00 0.000000000000000000e+00 0.000000000000000000e+00
1.575000000000000000e+04 6.300404403491732808e-02 0.000000000000000000e+00 1.000000000000000000e+00 0.000000000000000000e+00 0.000000000000000000e+00 0.000000000000000000e+00
1.600000000000000000e+04 6.400410822594770899e-02 0.000000000000000000e+00 1.000000000000000000e+00 0.000000000000000000e+00 0.000000000000000000e+00 0.000000000000000000e+00
1.625000000000000000e+04 6.500417241697831194e-02 0.000000000000000000e+00 1.000000000000000000e+00 0.000000000000000000e+00 0.000000000000000000e+00 0.000000000000000000e+00
1.650000000000000000e+04 6.600423660800869285e-02 0.000000000000000000e+00 1.000000000000000000e+00 0.000000000000000000e+00 0.000000000000000000e+00 0.000000000000000000e+00
1.675000000000000000e+04 6.700430079903907377e-02 0.000000000000000000e+00 1.000000000000000000e+00 0.000000000000000000e+00 0.000000000000000000e+00 0.000000000000000000e+00
1.700000000000000000e+04 6.800436499006945468e-02 3.413746017296313199e-04 9.996586253982703285e-01 0.000000000000000000e+00 0.000000000000000000e+00 0.000000000000000000e+00
1.725000000000000000e+04 6.900442918110005763e-02 0.000000000000000000e+00 1.000000000000000000e+00 0.000000000000000000e+00 0.000000000000000000e+00 0.000000000000000000e+00
1.750000000000000000e+04 7.000449337213043854e-02 0.000000000000000000e+00 1.000000000000000000e+00 0.000000000000000000e+00 0.000000000000000000e+00 0.000000000000000000e+00
1.775000000000000000e+04 7.100455756316081946e-02 0.000000000000000000e+00 1.000000000000000000e+00 0.000000000000000000e+00 0.000000000000000000e+00 0.000000000000000000e+00
1.800000000000000000e+04 7.200462175419120037e-02 0.000000000000000000e+00 1.000000000000000000e+00 0.000000000000000000e+00 0.000000000000000000e+00 0.000000000000000000e+00
1.825000000000000000e+04 7.300468594522180332e-02 0.000000000000000000e+00 1.000000000000000000e+00 0.000000000000000000e+00 0.000000000000000000e+00 0.000000000000000000e+00
1.850000000000000000e+04 7.400475013625218423e-02 0.000000000000000000e+00 1.000000000000000000e+00 0.000000000000000000e+00 0.000000000000000000e+00 0.000000000000000000e+00
1.875000000000000000e+04 7.500481432728256515e-02 0.000000000000000000e+00 1.000000000000000000e+00 0.000000000000000000e+00 0.000000000000000000e+00 0.000000000000000000e+00
1.900000000000000000e+04 7.600487851831294606e-02 4.551661356395084266e-04 9.995448338643604380e-01 0.000000000000000000e+00 0.000000000000000000e+00 0.000000000000000000e+00
1.925000000000000000e+04 7.700494270934332697e-02 5.689576695493854790e-04 9.994310423304506585e-01 0.000000000000000000e+00 0.000000000000000000e+00 0.000000000000000000e+00
1.950000000000000000e+04 7.800500690037392992e-02 2.275830678197542133e-04 9.997724169321802190e-01 0.000000000000000000e+00 0.000000000000000000e+00 0.000000000000000000e+00
1.975000000000000000e+04 7.900507109140431083e-02 2.275830678197542133e-04 9.997724169321802190e-01 0.000000000000000000e+00 0.000000000000000000e+00 0.000000000000000000e+00
2.000000000000000000e+04 8.000513528243469175e-02 0.000000000000000000e+00 1.000000000000000000e+00 0.000000000000000000e+00 0.000000000000000000e+00 0.000000000000000000e+00
2.025000000000000000e+04 8.100519947346507266e-02 9.103322712790168532e-04 9.990896677287209870e-01 0.000000000000000000e+00 0.000000000000000000e+00 0.000000000000000000e+00
2.050000000000000000e+04 8.200526366449567561e-02 0.000000000000000000e+00 1.000000000000000000e+00 0.000000000000000000e+00 0.000000000000000000e+00 0.000000000000000000e+00
2.075000000000000000e+04 8.300532785552605652e-02 5.689576695493854790e-04 9.994310423304506585e-01 0.000000000000000000e+00 0.000000000000000000e+00 0.000000000000000000e+00
2.100000000000000000e+04 8.400539204655643744e-02 1.593081474738279385e-03 9.980655439235320836e-01 0.000000000000000000e+00 3.413746017296313199e-04 0.000000000000000000e+00
2.125000000000000000e+04 8.500545623758681835e-02 1.137915339098770958e-03 9.988620846609012061e-01 0.000000000000000000e+00 0.000000000000000000e+00 0.000000000000000000e+00
2.150000000000000000e+04 8.600552042861742130e-02 6.827492034592626399e-04 9.992034592626308775e-01 0.000000000000000000e+00 1.137915339098771066e-04 0.000000000000000000e+00
2.175000000000000000e+04 8.700558461964780221e-02 1.365498406918525280e-03 9.986345015930814251e-01 0.000000000000000000e+00 0.000000000000000000e+00 0.000000000000000000e+00
2.200000000000000000e+04 8.800564881067818312e-02 6.827492034592626399e-04 9.993172507965407680e-01 0.000000000000000000e+00 0.000000000000000000e+00 0.000000000000000000e+00
2.225000000000000000e+04 8.900571300170856404e-02 1.024123805188893906e-03 9.987482931269913156e-01 0.000000000000000000e+00 2.275830678197542133e-04 0.000000000000000000e+00
2.250000000000000000e+04 9.000577719273916699e-02 9.103322712790168532e-04 9.990896677287209870e-01 0.000000000000000000e+00 0.000000000000000000e+00 0.000000000000000000e+00
2.275000000000000000e+04 9.100584138376954790e-02 1.934456076467910759e-03 9.976103777878926326e-01 0.000000000000000000e+00 4.551661356395084266e-04 0.000000000000000000e+00
2.300000000000000000e+04 9.200590557479992881e-02 3.413746017296313199e-04 9.996586253982703285e-01 0.000000000000000000e+00 0.000000000000000000e+00 0.000000000000000000e+00
2.325000000000000000e+04 9.300596976583030973e-02 1.251706873008648227e-03 9.987482931269913156e-01 0.000000000000000000e+00 0.000000000000000000e+00 0.000000000000000000e+00
2.350000000000000000e+04 9.400603395686091268e-02 7.965407373691396923e-04 9.992034592626308775e-01 0.000000000000000000e+00 0.000000000000000000e+00 0.000000000000000000e+00
2.375000000000000000e+04 9.500609814789129359e-02 2.162039144287664864e-03 9.976103777878926326e-01 0.000000000000000000e+00 2.275830678197542133e-04 0.000000000000000000e+00
2.400000000000000000e+04 9.600616233892167450e-02 1.593081474738279385e-03 9.981793354574419741e-01 0.000000000000000000e+00 2.275830678197542133e-04 0.000000000000000000e+00
2.425000000000000000e+04 9.700622652995205542e-02 7.965407373691396923e-04 9.990896677287209870e-01 0.000000000000000000e+00 1.137915339098771066e-04 0.000000000000000000e+00
2.450000000000000000e+04 9.800629072098265837e-02 1.251706873008648227e-03 9.982931269913518646e-01 0.000000000000000000e+00 4.551661356395084266e-04 0.000000000000000000e+00
2.475000000000000000e+04 9.900635491201303928e-02 2.503413746017296455e-03 9.972690031861629611e-01 0.000000000000000000e+00 2.275830678197542133e-04 0.000000000000000000e+00
2.500000000000000000e+04 1.000064191030434202e-01 1.137915339098770958e-03 9.986345015930814251e-01 0.000000000000000000e+00 2.275830678197542133e-04 0.000000000000000000e+00
2.525000000000000000e+04 1.010064832940738011e-01 2.503413746017296455e-03 9.972690031861629611e-01 0.000000000000000000e+00 2.275830678197542133e-04 0.000000000000000000e+00
2.550000000000000000e+04 1.020065474851041820e-01 3.413746017296313308e-03 9.963586709148839482e-01 0.000000000000000000e+00 2.275830678197542133e-04 0.000000000000000000e+00
2.575000000000000000e+04 1.030066116761347850e-01 6.030951297223486815e-03 9.935138825671370189e-01 0.000000000000000000e+00 4.551661356395084266e-04 0.000000000000000000e+00
2.600000000000000000e+04 1.040066758671651659e-01 4.437869822485207214e-03 9.952207555757851543e-01 0.000000000000000000e+00 3.413746017296313199e-04 0.000000000000000000e+00
2.625000000000000000e+04 1.050067400581955468e-01 4.096495220755575623e-03 9.957897132453344957e-01 0.000000000000000000e+00 1.137915339098771066e-04 0.000000000000000000e+00
2.650000000000000000e+04 1.060068042492259277e-01 4.551661356395083832e-03 9.954483386436049352e-01 0.000000000000000000e+00 0.000000000000000000e+00 0.000000000000000000e+00
2.675000000000000000e+04 1.070068684402565307e-01 7.851615839781519654e-03 9.916932180245789930e-01 0.000000000000000000e+00 4.551661356395084266e-04 0.000000000000000000e+00
2.700000000000000000e+04 1.080069326312869116e-01 1.877560309512972189e-02 9.757624032771962108e-01 0.000000000000000000e+00 5.461993627674101119e-03 0.000000000000000000e+00
2.725000000000000000e+04 1.090069968223172925e-01 4.927173418297678409e-02 8.994082840236686804e-01 0.000000000000000000e+00 5.131998179335457710e-02 0.000000000000000000e+00
2.750000000000000000e+04 1.100070610133476734e-01 1.907146108329540179e-01 3.221438324988620816e-01 0.000000000000000000e+00 4.871415566681838727e-01 0.000000000000000000e+00
2.775000000000000000e+04 1.110071252043782764e-01 1.409877105143377274e-01 3.849567592171142527e-01 4.551661356395084266e-04 4.736003641329085134e-01 0.000000000000000000e+00
2.800000000000000000e+04 1.120071893954086573e-01 2.633136094674556338e-01 4.121529358215748617e-01 1.977696859353663961e-01 1.267637687756031084e-01 0.000000000000000000e+00
2.825000000000000000e+04 1.130072535864390382e-01 1.876422394173873354e-01 5.391442876649977789e-01 2.588757396449704040e-01 1.433773327264451468e-02 0.000000000000000000e+00
2.850000000000000000e+04 1.140073177774694191e-01 1.638598088302230249e-01 5.904642694583522866e-01 2.379380974055530229e-01 7.737824305871643035e-03 0.000000000000000000e+00
2.875000000000000000e+04 1.150073819685000220e-01 1.616977696859353553e-01 6.119708693673190369e-01 2.166590805644059980e-01 9.672280382339554228e-03 0.000000000000000000e+00
2.900000000000000000e+04 1.160074461595304030e-01 1.159535730541647741e-01 6.714838416021847722e-01 2.049385525716886647e-01 7.624032771961766417e-03 0.000000000000000000e+00
2.925000000000000000e+04 1.170075103505607839e-01 8.944014565316341092e-02 7.012972234865726406e-01 2.040282203004096517e-01 5.234410559854347014e-03 0.000000000000000000e+00
2.950000000000000000e+04 1.180075745415911648e-01 6.838871187983613931e-02 7.172280382339554228e-01 2.089212562585343602e-01 5.461993627674101119e-03 0.000000000000000000e+00
2.975000000000000000e+04 1.190076387326217677e-01 7.066454255803368556e-02 7.150659990896677254e-01 2.093764223941738667e-01 4.893035958124715423e-03 0.000000000000000000e+00
3.000000000000000000e+04 1.200077029236521486e-01 6.975421028675465873e-02 7.156349567592170668e-01 2.090350477924442507e-01 5.575785161583977738e-03 0.000000000000000000e+00
3.025000000000000000e+04 1.210077671146825296e-01 7.146108329540282189e-02 7.166590805644059703e-01 2.093764223941738667e-01 2.503413746017296455e-03 0.000000000000000000e+00
3.050000000000000000e+04 1.220078313057129105e-01 7.020937642239417908e-02 7.155211652253072874e-01 2.121074192080109333e-01 2.162039144287664864e-03 0.000000000000000000e+00
3.075000000000000000e+04 1.230078954967435134e-01 7.009558488848430247e-02 7.144970414201183839e-01 2.133591260810195622e-01 2.048247610377787811e-03 0.000000000000000000e+00
3.100000000000000000e+04 1.240079596877738943e-01 6.929904415111515226e-02 7.152935821574875064e-01 2.119936276741010428e-01 3.413746017296313308e-03 0.000000000000000000e+00
3.125000000000000000e+04 1.250080238788042752e-01 6.838871187983613931e-02 7.170004551661356418e-01 2.106281292671825234e-01 3.982703686845699004e-03 0.000000000000000000e+00
3.150000000000000000e+04 1.260080880698346562e-01 7.043695949021393232e-02 7.146108329540282744e-01 2.125625853436504398e-01 2.389622212107419402e-03 0.000000000000000000e+00
3.175000000000000000e+04 1.270081522608650371e-01 7.146108329540282189e-02 7.135867091488393710e-01 2.131315430131998090e-01 1.820664542558033706e-03 0.000000000000000000e+00
3.200000000000000000e+04 1.280082164518956400e-01 7.203004096495220498e-02 7.130177514792899185e-01 2.122212107419207960e-01 2.730996813837050560e-03 0.000000000000000000e+00
3.225000000000000000e+04 1.290082806429260209e-01 6.986800182066454923e-02 7.150659990896677254e-01 2.122212107419207960e-01 2.844788347746927612e-03 0.000000000000000000e+00
3.250000000000000000e+04 1.300083448339564018e-01 7.020937642239417908e-02 7.141556668183887124e-01 2.131315430131998090e-01 2.503413746017296455e-03 0.000000000000000000e+00
3.275000000000000000e+04 1.310084090249867828e-01 6.975421028675465873e-02 7.132453345471096995e-01 2.134729176149294527e-01 3.527537551206190360e-03 0.000000000000000000e+00
3.300000000000000000e+04 1.320084732160173857e-01 6.975421028675465873e-02 7.135867091488393710e-01 2.129039599453800558e-01 3.755120619025944465e-03 0.000000000000000000e+00
3.325000000000000000e+04 1.330085374070477666e-01 6.838871187983613931e-02 7.147246244879380539e-01 2.138142922166590687e-01 3.072371415566681717e-03 0.000000000000000000e+00
3.350000000000000000e+04 1.340086015980781475e-01 7.180245789713245175e-02 7.111970869367318926e-01 2.149522075557578626e-01 2.048247610377787811e-03 0.000000000000000000e+00
3.375000000000000000e+04 1.350086657891085284e-01 7.225762403277195822e-02 7.130177514792899185e-01 2.115384615384615363e-01 3.186162949476558769e-03 0.000000000000000000e+00
3.400000000000000000e+04 1.360087299801391314e-01 7.259899863450158808e-02 7.113108784706417831e-01 2.130177514792899462e-01 3.072371415566681717e-03 0.000000000000000000e+00
3.425000000000000000e+04 1.370087941711695123e-01 6.998179335457442585e-02 7.131315430131998090e-01 2.115384615384615363e-01 5.348202093764223633e-03 0.000000000000000000e+00
3.450000000000000000e+04 1.380088583621998932e-01 7.225762403277195822e-02 7.125625853436504675e-01 2.116522530723714268e-01 3.527537551206190360e-03 0.000000000000000000e+00
3.475000000000000000e+04 1.390089225532302741e-01 7.123350022758306865e-02 7.109695038689121116e-01 2.121074192080109333e-01 5.689576695493855224e-03 0.000000000000000000e+00
3.500000000000000000e+04 1.400089867442608771e-01 7.373691397360036814e-02 7.107419208010924416e-01 2.121074192080109333e-01 3.413746017296313308e-03 0.000000000000000000e+00
3.525000000000000000e+04 1.410090509352912580e-01 7.157487482931269851e-02 7.105143377332726606e-01 2.130177514792899462e-01 4.893035958124715423e-03 0.000000000000000000e+00
3.550000000000000000e+04 1.420091151263216389e-01 7.407828857532999800e-02 7.109695038689121116e-01 2.123350022758306865e-01 2.617205279927173507e-03 0.000000000000000000e+00
3.575000000000000000e+04 1.430091793173520198e-01 7.180245789713245175e-02 7.108557123350022211e-01 2.139280837505689592e-01 3.413746017296313308e-03 0.000000000000000000e+00
3.600000000000000000e+04 1.440092435083826228e-01 7.248520710059171146e-02 7.102867546654528796e-01 2.125625853436504398e-01 4.665452890304961318e-03 0.000000000000000000e+00
3.625000000000000000e+04 1.450093076994130037e-01 7.134729176149294527e-02 7.115384615384615641e-01 2.130177514792899462e-01 4.096495220755575623e-03 0.000000000000000000e+00
3.650000000000000000e+04 1.460093718904433846e-01 7.282658170232134132e-02 7.113108784706417831e-01 2.133591260810195622e-01 2.503413746017296455e-03 0.000000000000000000e+00
3.675000000000000000e+04 1.470094360814737655e-01 7.362312243969049153e-02 7.117660446062813451e-01 2.122212107419207960e-01 2.389622212107419402e-03 0.000000000000000000e+00
3.700000000000000000e+04 1.480095002725043685e-01 7.282658170232134132e-02 7.102867546654528796e-01 2.138142922166590687e-01 3.072371415566681717e-03 0.000000000000000000e+00
3.725000000000000000e+04 1.490095644635347494e-01 7.157487482931269851e-02 7.113108784706417831e-01 2.144970414201183562e-01 2.617205279927173507e-03 0.000000000000000000e+00
3.750000000000000000e+04 1.500096286545651303e-01 7.271279016841146470e-02 7.101729631315429891e-01 2.126763768775603025e-01 4.437869822485207214e-03 0.000000000000000000e+00
3.775000000000000000e+04 1.510096928455955112e-01 7.407828857532999800e-02 7.081247155211651823e-01 2.137005006827492060e-01 4.096495220755575623e-03 0.000000000000000000e+00
3.800000000000000000e+04 1.520097570366258921e-01 7.476103777878925771e-02 7.091488393263540857e-01 2.129039599453800558e-01 3.186162949476558769e-03 0.000000000000000000e+00
3.825000000000000000e+04 1.530098212276564951e-01 7.407828857532999800e-02 7.093764223941738667e-01 2.131315430131998090e-01 3.413746017296313308e-03 0.000000000000000000e+00
3.850000000000000000e+04 1.540098854186868760e-01 7.385070550751024476e-02 7.099453800637232082e-01 2.130177514792899462e-01 3.186162949476558769e-03 0.000000000000000000e+00
3.875000000000000000e+04 1.550099496097172569e-01 7.555757851615839404e-02 7.075557578516158408e-01 2.138142922166590687e-01 3.072371415566681717e-03 0.000000000000000000e+00
3.900000000000000000e+04 1.560100138007476378e-01 7.464724624487938109e-02 7.083522985889849632e-01 2.138142922166590687e-01 3.186162949476558769e-03 0.000000000000000000e+00
3.925000000000000000e+04 1.570100779917782408e-01 7.453345471096950448e-02 7.081247155211651823e-01 2.149522075557578626e-01 2.389622212107419402e-03 0.000000000000000000e+00
3.950000000000000000e+04 1.580101421828086217e-01 7.612653618570777714e-02 7.081247155211651823e-01 2.129039599453800558e-01 2.844788347746927612e-03 0.000000000000000000e+00
3.975000000000000000e+04 1.590102063738390026e-01 7.441966317705962786e-02 7.088074647246245252e-01 2.138142922166590687e-01 2.958579881656804664e-03 0.000000000000000000e+00
4.000000000000000000e+04 1.600102705648693835e-01 7.589895311788802390e-02 7.078971324533455123e-01 2.137005006827492060e-01 2.503413746017296455e-03 0.000000000000000000e+00
4.025000000000000000e+04 1.610103347558999864e-01 7.635411925352754425e-02 7.063040509786071564e-01 2.155211652253072319e-01 1.820664542558033706e-03 0.000000000000000000e+00
4.050000000000000000e+04 1.620103989469303674e-01 7.851615839781520001e-02 7.056213017751479244e-01 2.129039599453800558e-01 2.958579881656804664e-03 0.000000000000000000e+00
4.075000000000000000e+04 1.630104631379607483e-01 7.771961766044606368e-02 7.041420118343195700e-01 2.142694583522985752e-01 3.868912152935821518e-03 0.000000000000000000e+00
4.100000000000000000e+04 1.640105273289911292e-01 7.749203459262631044e-02 7.050523441055985829e-01 2.139280837505689592e-01 3.527537551206190360e-03 0.000000000000000000e+00
4.125000000000000000e+04 1.650105915200217321e-01 7.567137005006827066e-02 7.066454255803368278e-01 2.137005006827492060e-01 3.982703686845699004e-03 0.000000000000000000e+00
4.150000000000000000e+04 1.660106557110521130e-01 7.988165680473373331e-02 7.055075102412380339e-01 2.127901684114701930e-01 1.820664542558033706e-03 0.000000000000000000e+00
4.175000000000000000e+04 1.670107199020824940e-01 7.874374146563495325e-02 7.040282203004096795e-01 2.139280837505689592e-01 3.299954483386436255e-03 0.000000000000000000e+00
4.200000000000000000e+04 1.680107840931128749e-01 7.783340919435594030e-02 7.053937187073281434e-01 2.130177514792899462e-01 3.755120619025944465e-03 0.000000000000000000e+00
4.225000000000000000e+04 1.690108482841434778e-01 7.646791078743742087e-02 7.061902594446972659e-01 2.140418752844788219e-01 3.299954483386436255e-03 0.000000000000000000e+00
4.250000000000000000e+04 1.700109124751738587e-01 8.101957214383249950e-02 7.023213472917615441e-01 2.137005006827492060e-01 2.958579881656804664e-03 0.000000000000000000e+00
4.275000000000000000e+04 1.710109766662042396e-01 7.783340919435594030e-02 7.060764679107874864e-01 2.135867091488393155e-01 2.503413746017296455e-03 0.000000000000000000e+00
4.300000000000000000e+04 1.720110408572346206e-01 8.215748748293126569e-02 7.010696404187528596e-01 2.129039599453800558e-01 3.868912152935821518e-03 0.000000000000000000e+00
4.325000000000000000e+04 1.730111050482652235e-01 8.045061447428311641e-02 7.026627218934911046e-01 2.135867091488393155e-01 3.299954483386436255e-03 0.000000000000000000e+00
4.350000000000000000e+04 1.740111692392956044e-01 8.124715521165225274e-02 7.033454710969503365e-01 2.118798361401911801e-01 3.527537551206190360e-03 0.000000000000000000e+00
4.375000000000000000e+04 1.750112334303259853e-01 8.010923987255348655e-02 7.044833864360491305e-01 2.110832954028220299e-01 4.324078288575329727e-03 0.000000000000000000e+00
4.400000000000000000e+04 1.760112976213563662e-01 7.783340919435594030e-02 7.056213017751479244e-01 2.119936276741010428e-01 4.551661356395083832e-03 0.000000000000000000e+00
4.425000000000000000e+04 1.770113618123867472e-01 8.124715521165225274e-02 7.032316795630405570e-01 2.126763768775603025e-01 2.844788347746927612e-03 0.000000000000000000e+00
4.450000000000000000e+04 1.780114260034173501e-01 7.828857532999544677e-02 7.139280837505689314e-01 2.034592626308602548e-01 4.324078288575329727e-03 0.000000000000000000e+00
4.475000000000000000e+04 1.790114901944477310e-01 7.555757851615839404e-02 7.158625398270368478e-01 2.043695949021392677e-01 4.210286754665453109e-03 0.000000000000000000e+00
4.500000000000000000e+04 1.800115543854781119e-01 7.453345471096950448e-02 7.135867091488393710e-01 2.056213017751479244e-01 6.258534365043240920e-03 0.000000000000000000e+00
4.525000000000000000e+04 1.810116185765084929e-01 7.589895311788802390e-02 7.137005006827491504e-01 2.064178425125170746e-01 3.982703686845699004e-03 0.000000000000000000e+00
4.550000000000000000e+04 1.820116827675390958e-01 7.487482931269913433e-02 7.132453345471096995e-01 2.069868001820664438e-01 4.893035958124715423e-03 0.000000000000000000e+00
4.575000000000000000e+04 1.830117469585694767e-01 7.874374146563495325e-02 7.096040054619936477e-01 2.073281747837960876e-01 4.324078288575329727e-03 0.000000000000000000e+00
4.600000000000000000e+04 1.840118111495998576e-01 7.476103777878925771e-02 7.129039599453800280e-01 2.075557578516158408e-01 4.779244424214838804e-03 0.000000000000000000e+00
4.625000000000000000e+04 1.850118753406302385e-01 7.601274465179790052e-02 7.119936276741010150e-01 2.058488848429676776e-01 6.144742831133363434e-03 0.000000000000000000e+00
4.650000000000000000e+04 1.860119395316608415e-01 7.988165680473373331e-02 7.089212562585344157e-01 2.063040509786071841e-01 4.893035958124715423e-03 0.000000000000000000e+00
4.675000000000000000e+04 1.870120037226912224e-01 8.090578060992262288e-02 7.086936731907146347e-01 2.053937187073281712e-01 5.006827492034592909e-03 0.000000000000000000e+00
4.700000000000000000e+04 1.880120679137216033e-01 8.136094674556212936e-02 7.078971324533455123e-01 2.051661356395084179e-01 5.575785161583977738e-03 0.000000000000000000e+00
4.725000000000000000e+04 1.890121321047519842e-01 8.090578060992262288e-02 7.081247155211651823e-01 2.064178425125170746e-01 4.551661356395083832e-03 0.000000000000000000e+00
4.750000000000000000e+04 1.900121962957825872e-01 8.329540282203004575e-02 7.059626763768775959e-01 2.043695949021392677e-01 6.372325898953117539e-03 0.000000000000000000e+00
4.775000000000000000e+04 1.910122604868129681e-01 8.363677742375967561e-02 7.049385525716886924e-01 2.074419663177059503e-01 3.982703686845699004e-03 0.000000000000000000e+00
4.800000000000000000e+04 1.920123246778433490e-01 8.420573509330905870e-02 7.052799271734182529e-01 2.055075102412380617e-01 5.006827492034592909e-03 0.000000000000000000e+00
4.825000000000000000e+04 1.930123888688737299e-01 8.705052344105598805e-02 7.038006372325898985e-01 2.034592626308602548e-01 5.689576695493855224e-03 0.000000000000000000e+00
4.850000000000000000e+04 1.940124530599043329e-01 9.308147473827947660e-02 6.940145653163404260e-01 2.066454255803368278e-01 6.258534365043240920e-03 0.000000000000000000e+00
4.875000000000000000e+04 1.950125172509347138e-01 1.437187073281747940e-01 6.350705507510241432e-01 2.075557578516158408e-01 1.365498406918525323e-02 0.000000000000000000e+00
4.900000000000000000e+04 1.960125814419650947e-01 1.538461538461538547e-01 6.413290851160673434e-01 1.951524806554392477e-01 9.672280382339554228e-03 0.000000000000000000e+00
4.925000000000000000e+04 1.970126456329954756e-01 1.365498406918525254e-01 6.753527537551206050e-01 1.816112881201638607e-01 6.486117432862995025e-03 0.000000000000000000e+00
4.950000000000000000e+04 1.980127098240260786e-01 1.304050978607191602e-01 6.900318616294948137e-01 1.719390077378243065e-01 7.624032771961766417e-03 0.000000000000000000e+00
4.975000000000000000e+04 1.990127740150564595e-01 1.227810650887573990e-01 6.974283113336368078e-01 1.761492944924897552e-01 3.641329085116067413e-03 0.000000000000000000e+00
5.000000000000000000e+04 2.000128382060868404e-01 1.144742831133363642e-01 7.200728265817023521e-01 1.630632680928539024e-01 2.389622212107419402e-03 0.000000000000000000e+00
5.025000000000000000e+04 2.010129023971172213e-01 1.116294947655894348e-01 7.214383249886208160e-01 1.634046426945835184e-01 3.527537551206190360e-03 0.000000000000000000e+00
5.050000000000000000e+04 2.020129665881476022e-01 1.117432862994993115e-01 7.222348657259899385e-01 1.630632680928539024e-01 2.958579881656804664e-03 0.000000000000000000e+00
5.075000000000000000e+04 2.030130307791782052e-01 1.137915339098771045e-01 7.189349112426035582e-01 1.648839326354119283e-01 2.389622212107419402e-03 0.000000000000000000e+00
5.100000000000000000e+04 2.040130949702085861e-01 1.081019572143832458e-01 7.190487027765134487e-01 1.694355939918070209e-01 3.413746017296313308e-03 0.000000000000000000e+00
5.125000000000000000e+04 2.050131591612389670e-01 1.106053709604005453e-01 7.190487027765134487e-01 1.670459717796995980e-01 3.299954483386436255e-03 0.000000000000000000e+00
5.150000000000000000e+04 2.060132233522693479e-01 1.082157487482931224e-01 7.217796995903504875e-01 1.673873463814292140e-01 2.617205279927173507e-03 0.000000000000000000e+00
5.175000000000000000e+04 2.070132875432999509e-01 1.081019572143832458e-01 7.200728265817023521e-01 1.690942193900773771e-01 2.730996813837050560e-03 0.000000000000000000e+00
5.200000000000000000e+04 2.080133517343303318e-01 1.098088302230314089e-01 7.200728265817023521e-01 1.675011379153391045e-01 2.617205279927173507e-03 0.000000000000000000e+00
5.225000000000000000e+04 2.090134159253607127e-01 1.093536640873919025e-01 7.214383249886208160e-01 1.664770141101502010e-01 2.730996813837050560e-03 0.000000000000000000e+00
5.250000000000000000e+04 2.100134801163910936e-01 1.088984979517523960e-01 7.200728265817023521e-01 1.684114701866181174e-01 2.617205279927173507e-03 0.000000000000000000e+00
5.275000000000000000e+04 2.110135443074216965e-01 1.081019572143832458e-01 7.200728265817023521e-01 1.692080109239872676e-01 2.617205279927173507e-03 0.000000000000000000e+00
5.300000000000000000e+04 2.120136084984520775e-01 1.088984979517523960e-01 7.195038689121528996e-01 1.692080109239872676e-01 2.389622212107419402e-03 0.000000000000000000e+00
5.325000000000000000e+04 2.130136726894824584e-01 1.096950386891215323e-01 7.192762858443332297e-01 1.680700955848884737e-01 2.958579881656804664e-03 0.000000000000000000e+00
5.350000000000000000e+04 2.140137368805128393e-01 1.095812471552116557e-01 7.189349112426035582e-01 1.688666363222576239e-01 2.617205279927173507e-03 0.000000000000000000e+00
5.375000000000000000e+04 2.150138010715434422e-01 1.094674556213017791e-01 7.204142011834319126e-01 1.664770141101502010e-01 3.641329085116067413e-03 0.000000000000000000e+00
5.400000000000000000e+04 2.160138652625738231e-01 1.086709148839326289e-01 7.199590350477924616e-01 1.686390532544378706e-01 2.730996813837050560e-03 0.000000000000000000e+00
5.425000000000000000e+04 2.170139294536042041e-01 1.099226217569412856e-01 7.203004096495220221e-01 1.669321802457897075e-01 2.844788347746927612e-03 0.000000000000000000e+00
5.450000000000000000e+04 2.180139936446345850e-01 1.083295402822029990e-01 7.221210741920801590e-01 1.662494310423304478e-01 3.299954483386436255e-03 0.000000000000000000e+00
5.475000000000000000e+04 2.190140578356651879e-01 1.094674556213017791e-01 7.200728265817023521e-01 1.676149294492489672e-01 2.844788347746927612e-03 0.000000000000000000e+00
5.500000000000000000e+04 2.200141220266955688e-01 1.103777878925807920e-01 7.195038689121528996e-01 1.671597633136094607e-01 2.958579881656804664e-03 0.000000000000000000e+00
5.525000000000000000e+04 2.210141862177259497e-01 1.108329540282202985e-01 7.205279927173418031e-01 1.667045971779699542e-01 1.934456076467910759e-03 0.000000000000000000e+00
5.550000000000000000e+04 2.220142504087563307e-01 1.093536640873919025e-01 7.230314064633591720e-01 1.654528903049612976e-01 2.162039144287664864e-03 0.000000000000000000e+00
5.575000000000000000e+04 2.230143145997869336e-01 1.121984524351388318e-01 7.208693673190714746e-01 1.651115157032316816e-01 1.820664542558033706e-03 0.000000000000000000e+00
5.600000000000000000e+04 2.240143787908173145e-01 1.119708693673190647e-01 7.216659080564405970e-01 1.644287664997724219e-01 1.934456076467910759e-03 0.000000000000000000e+00
5.625000000000000000e+04 2.250144429818476954e-01 1.110605370960400518e-01 7.239417387346381849e-01 1.630632680928539024e-01 1.934456076467910759e-03 0.000000000000000000e+00
5.650000000000000000e+04 2.260145071728780763e-01 1.100364132908511622e-01 7.220072826581702685e-01 1.655666818388711881e-01 2.389622212107419402e-03 0.000000000000000000e+00
5.675000000000000000e+04 2.270145713639084573e-01 1.095812471552116557e-01 7.239417387346381849e-01 1.638598088302230249e-01 2.617205279927173507e-03 0.000000000000000000e+00
