# itime ezz other fcc hcp bcc ico
0.000000000000000000e+00 0.000000000000000000e+00 0.000000000000000000e+00 1.000000000000000000e+00 0.000000000000000000e+00 0.000000000000000000e+00 0.000000000000000000e+00
5.000000000000000000e+02 2.000060465794373243e-03 0.000000000000000000e+00 1.000000000000000000e+00 0.000000000000000000e+00 0.000000000000000000e+00 0.000000000000000000e+00
1.000000000000000000e+03 4.000120931588968531e-03 0.000000000000000000e+00 1.000000000000000000e+00 0.000000000000000000e+00 0.000000000000000000e+00 0.000000000000000000e+00
1.500000000000000000e+03 6.000181397383341775e-03 0.000000000000000000e+00 1.000000000000000000e+00 0.000000000000000000e+00 0.000000000000000000e+00 0.000000000000000000e+00
2.000000000000000000e+03 8.000241863177715018e-03 0.000000000000000000e+00 1.000000000000000000e+00 0.000000000000000000e+00 0.000000000000000000e+00 0.000000000000000000e+00
2.500000000000000000e+03 1.000030232897231031e-02 0.000000000000000000e+00 1.000000000000000000e+00 0.000000000000000000e+00 0.000000000000000000e+00 0.000000000000000000e+00
3.000000000000000000e+03 1.200036279476668355e-02 0.000000000000000000e+00 1.000000000000000000e+00 0.000000000000000000e+00 0.000000000000000000e+00 0.000000000000000000e+00
3.500000000000000000e+03 1.400042326056105679e-02 0.000000000000000000e+00 1.000000000000000000e+00 0.000000000000000000e+00 0.000000000000000000e+00 0.000000000000000000e+00
4.000000000000000000e+03 1.600048372635565208e-02 0.000000000000000000e+00 1.000000000000000000e+00 0.000000000000000000e+00 0.000000000000000000e+00 0.000000000000000000e+00
4.500000000000000000e+03 1.800054419215002532e-02 0.000000000000000000e+00 1.000000000000000000e+00 0.000000000000000000e+00 0.000000000000000000e+00 0.000000000000000000e+00
5.000000000000000000e+03 2.000060465794439857e-02 0.000000000000000000e+00 1.000000000000000000e+00 0.000000000000000000e+00 0.000000000000000000e+00 0.000000000000000000e+00
5.500000000000000000e+03 2.200066512373899386e-02 0.000000000000000000e+00 1.000000000000000000e+00 0.000000000000000000e+00 0.000000000000000000e+00 0.000000000000000000e+00
6.000000000000000000e+03 2.400072558953336710e-02 0.000000000000000000e+00 1.000000000000000000e+00 0.000000000000000000e+00 0.000000000000000000e+00 0.000000000000000000e+00
6.500000000000000000e+03 2.600078605532774034e-02 0.000000000000000000e+00 1.000000000000000000e+00 0.000000000000000000e+00 0.000000000000000000e+00 0.000000000000000000e+00
7.000000000000000000e+03 2.800084652112211359e-02 0.000000000000000000e+00 1.000000000000000000e+00 0.000000000000000000e+00 0.000000000000000000e+00 0.000000000000000000e+00
7.500000000000000000e+03 3.000090698691670887e-02 0.000000000000000000e+00 1.000000000000000000e+00 0.000000000000000000e+00 0.000000000000000000e+00 0.000000000000000000e+00
8.000000000000000000e+03 3.200096745271108212e-02 0.000000000000000000e+00 1.000000000000000000e+00 0.000000000000000000e+00 0.000000000000000000e+00 0.000000000000000000e+00
8.500000000000000000e+03 3.400102791850545536e-02 0.000000000000000000e+00 1.000000000000000000e+00 0.000000000000000000e+00 0.000000000000000000e+00 0.000000000000000000e+00
9.000000000000000000e+03 3.600108838430005065e-02 0.000000000000000000e+00 1.000000000000000000e+00 0.000000000000000000e+00 0.000000000000000000e+00 0.000000000000000000e+00
9.500000000000000000e+03 3.800114885009442389e-02 0.000000000000000000e+00 1.000000000000000000e+00 0.000000000000000000e+00 0.000000000000000000e+00 0.000000000000000000e+00
1.000000000000000000e+04 4.000120931588879714e-02 0.000000000000000000e+00 1.000000000000000000e+00 0.000000000000000000e+00 0.000000000000000000e+00 0.000000000000000000e+00
1.050000000000000000e+04 4.200126978168339242e-02 0.000000000000000000e+00 1.000000000000000000e+00 0.000000000000000000e+00 0.000000000000000000e+00 0.000000000000000000e+00
1.100000000000000000e+04 4.400133024747776567e-02 0.000000000000000000e+00 1.000000000000000000e+00 0.000000000000000000e+00 0.000000000000000000e+00 0.000000000000000000e+00
1.150000000000000000e+04 4.600139071327213891e-02 0.000000000000000000e+00 1.000000000000000000e+00 0.000000000000000000e+00 0.000000000000000000e+00 0.000000000000000000e+00
1.200000000000000000e+04 4.800145117906673420e-02 0.000000000000000000e+00 1.000000000000000000e+00 0.000000000000000000e+00 0.000000000000000000e+00 0.000000000000000000e+00
1.250000000000000000e+04 5.000151164486110744e-02 0.000000000000000000e+00 1.000000000000000000e+00 0.000000000000000000e+00 0.000000000000000000e+00 0.000000000000000000e+00
1.300000000000000000e+04 5.200157211065548069e-02 0.000000000000000000e+00 1.000000000000000000e+00 0.000000000000000000e+00 0.000000000000000000e+00 0.000000000000000000e+00
1.350000000000000000e+04 5.400163257645007597e-02 0.000000000000000000e+00 1.000000000000000000e+00 0.000000000000000000e+00 0.000000000000000000e+00 0.000000000000000000e+00
1.400000000000000000e+04 5.600169304224444922e-02 0.000000000000000000e+00 1.000000000000000000e+00 0.000000000000000000e+00 0.000000000000000000e+00 0.000000000000000000e+00
1.450000000000000000e+04 5.800175350803882246e-02 0.000000000000000000e+00 1.000000000000000000e+00 0.000000000000000000e+00 0.000000000000000000e+00 0.000000000000000000e+00
1.500000000000000000e+04 6.000181397383341775e-02 0.000000000000000000e+00 1.000000000000000000e+00 0.000000000000000000e+00 0.000000000000000000e+00 0.000000000000000000e+00
1.550000000000000000e+04 6.200187443962779099e-02 0.000000000000000000e+00 1.000000000000000000e+00 0.000000000000000000e+00 0.000000000000000000e+00 0.000000000000000000e+00
1.600000000000000000e+04 6.400193490542216423e-02 0.000000000000000000e+00 1.000000000000000000e+00 0.000000000000000000e+00 0.000000000000000000e+00 0.000000000000000000e+00
1.650000000000000000e+04 6.600199537121675952e-02 0.000000000000000000e+00 1.000000000000000000e+00 0.000000000000000000e+00 0.000000000000000000e+00 0.000000000000000000e+00
1.700000000000000000e+04 6.800205583701113277e-02 0.000000000000000000e+00 1.000000000000000000e+00 0.000000000000000000e+00 0.000000000000000000e+00 0.000000000000000000e+00
1.750000000000000000e+04 7.000211630280550601e-02 0.000000000000000000e+00 1.000000000000000000e+00 0.000000000000000000e+00 0.000000000000000000e+00 0.000000000000000000e+00
1.800000000000000000e+04 7.200217676860010130e-02 1.137915339098771066e-04 9.998862084660901095e-01 0.000000000000000000e+00 0.000000000000000000e+00 0.000000000000000000e+00
1.850000000000000000e+04 7.400223723439447454e-02 2.275830678197542133e-04 9.997724169321802190e-01 0.000000000000000000e+00 0.000000000000000000e+00 0.000000000000000000e+00
1.900000000000000000e+04 7.600229770018884778e-02 4.551661356395084266e-04 9.994310423304506585e-01 0.000000000000000000e+00 1.137915339098771066e-04 0.000000000000000000e+00
1.950000000000000000e+04 7.800235816598322103e-02 0.000000000000000000e+00 1.000000000000000000e+00 0.000000000000000000e+00 0.000000000000000000e+00 0.000000000000000000e+00
2.000000000000000000e+04 8.000241863177781632e-02 0.000000000000000000e+00 1.000000000000000000e+00 0.000000000000000000e+00 0.000000000000000000e+00 0.000000000000000000e+00
2.050000000000000000e+04 8.200247909757218956e-02 0.000000000000000000e+00 1.000000000000000000e+00 0.000000000000000000e+00 0.000000000000000000e+00 0.000000000000000000e+00
2.100000000000000000e+04 8.400253956336656280e-02 9.103322712790168532e-04 9.990896677287209870e-01 0.000000000000000000e+00 0.000000000000000000e+00 0.000000000000000000e+00
2.150000000000000000e+04 8.600260002916115809e-02 1.024123805188893906e-03 9.987482931269913156e-01 0.000000000000000000e+00 2.275830678197542133e-04 0.000000000000000000e+00
2.200000000000000000e+04 8.800266049495553133e-02 1.024123805188893906e-03 9.989758761948110966e-01 0.000000000000000000e+00 0.000000000000000000e+00 0.000000000000000000e+00
2.250000000000000000e+04 9.000272096074990458e-02 7.965407373691396923e-04 9.992034592626308775e-01 0.000000000000000000e+00 0.000000000000000000e+00 0.000000000000000000e+00
2.300000000000000000e+04 9.200278142654449987e-02 9.103322712790168532e-04 9.989758761948110966e-01 0.000000000000000000e+00 1.137915339098771066e-04 0.000000000000000000e+00
2.350000000000000000e+04 9.400284189233887311e-02 2.048247610377787811e-03 9.976103777878926326e-01 0.000000000000000000e+00 3.413746017296313199e-04 0.000000000000000000e+00
2.400000000000000000e+04 9.600290235813324635e-02 1.706873008648156654e-03 9.982931269913518646e-01 0.000000000000000000e+00 0.000000000000000000e+00 0.000000000000000000e+00
2.450000000000000000e+04 9.800296282392784164e-02 5.348202093764223633e-03 9.941966317705962508e-01 0.000000000000000000e+00 4.551661356395084266e-04 0.000000000000000000e+00
2.500000000000000000e+04 1.000030232897222149e-01 3.299954483386436255e-03 9.963586709148839482e-01 0.000000000000000000e+00 3.413746017296313199e-04 0.000000000000000000e+00
2.550000000000000000e+04 1.020030837555165881e-01 6.372325898953117539e-03 9.929449248975875664e-01 0.000000000000000000e+00 6.827492034592626399e-04 0.000000000000000000e+00
2.600000000000000000e+04 1.040031442213111834e-01 6.713700500682749130e-03 9.927173418297678964e-01 0.000000000000000000e+00 5.689576695493854790e-04 0.000000000000000000e+00
2.650000000000000000e+04 1.060032046871055567e-01 8.534365043240782836e-03 9.899863450159308575e-01 0.000000000000000000e+00 1.479289940828402332e-03 0.000000000000000000e+00
2.700000000000000000e+04 1.080032651528999299e-01 1.194811106053709528e-02 9.865725989986344757e-01 0.000000000000000000e+00 1.479289940828402332e-03 0.000000000000000000e+00
2.750000000000000000e+04 1.100033256186945252e-01 6.622667273554846967e-02 8.186162949476558648e-01 0.000000000000000000e+00 1.151570323167956239e-01 0.000000000000000000e+00
2.800000000000000000e+04 1.120033860844888984e-01 2.676376877560309731e-01 4.692762858443331742e-01 2.053937187073281712e-01 5.769230769230769551e-02 0.000000000000000000e+00
2.850000000000000000e+04 1.140034465502832717e-01 1.195949021392808398e-01 6.974283113336368078e-01 1.725079654073737034e-01 1.046882111970869403e-02 0.000000000000000000e+00
2.900000000000000000e+04 1.160035070160778670e-01 5.131998179335457710e-02 7.843650432407829332e-01 1.587391898042785632e-01 5.575785161583977738e-03 0.000000000000000000e+00
2.950000000000000000e+04 1.180035674818722402e-01 1.945835229858898507e-02 8.320436959490213891e-01 1.471324533454710926e-01 1.365498406918525280e-03 0.000000000000000000e+00
3.000000000000000000e+04 1.200036279476666135e-01 1.160673645880746542e-02 8.357988165680473314e-01 1.507737824305871721e-01 1.820664542558033706e-03 0.000000000000000000e+00
3.050000000000000000e+04 1.220036884134609867e-01 1.081019572143832562e-02 8.362539827036868934e-01 1.511151570323167881e-01 1.820664542558033706e-03 0.000000000000000000e+00
3.100000000000000000e+04 1.240037488792555820e-01 1.160673645880746542e-02 8.363677742375966728e-01 1.503186162949476656e-01 1.706873008648156654e-03 0.000000000000000000e+00
3.150000000000000000e+04 1.260038093450499552e-01 1.285844333181611343e-02 8.361401911697770029e-01 1.499772416932180219e-01 1.024123805188893906e-03 0.000000000000000000e+00
3.200000000000000000e+04 1.280038698108443285e-01 1.194811106053709528e-02 8.362539827036868934e-01 1.503186162949476656e-01 1.479289940828402332e-03 0.000000000000000000e+00
3.250000000000000000e+04 1.300039302766389238e-01 1.160673645880746542e-02 8.364815657715065633e-01 1.502048247610377751e-01 1.706873008648156654e-03 0.000000000000000000e+00
3.300000000000000000e+04 1.320039907424332970e-01 1.081019572143832562e-02 8.365953573054164538e-01 1.508875739644970349e-01 1.706873008648156654e-03 0.000000000000000000e+00
3.350000000000000000e+04 1.340040512082276702e-01 1.263086026399635846e-02 8.360263996358671124e-01 1.503186162949476656e-01 1.024123805188893906e-03 0.000000000000000000e+00
3.400000000000000000e+04 1.360041116740222655e-01 1.126536185707783383e-02 8.362539827036868934e-01 1.511151570323167881e-01 1.365498406918525280e-03 0.000000000000000000e+00
3.450000000000000000e+04 1.380041721398166388e-01 1.092398725534820224e-02 8.370505234410560158e-01 1.506599908966772816e-01 1.365498406918525280e-03 0.000000000000000000e+00
3.500000000000000000e+04 1.400042326056110120e-01 1.137915339098771045e-02 8.370505234410560158e-01 1.504324078288575284e-01 1.137915339098770958e-03 0.000000000000000000e+00
3.550000000000000000e+04 1.420042930714056073e-01 1.194811106053709528e-02 8.364815657715065633e-01 1.500910332271279124e-01 1.479289940828402332e-03 0.000000000000000000e+00
3.600000000000000000e+04 1.440043535371999806e-01 1.126536185707783383e-02 8.371643149749659063e-01 1.503186162949476656e-01 1.251706873008648227e-03 0.000000000000000000e+00
3.650000000000000000e+04 1.460044140029943538e-01 1.228948566226672687e-02 8.361401911697770029e-01 1.504324078288575284e-01 1.137915339098770958e-03 0.000000000000000000e+00
3.700000000000000000e+04 1.480044744687889491e-01 1.217569412835685025e-02 8.371643149749659063e-01 1.499772416932180219e-01 6.827492034592626399e-04 0.000000000000000000e+00
3.750000000000000000e+04 1.500045349345833223e-01 1.274465179790623508e-02 8.365953573054164538e-01 1.494082840236686527e-01 1.251706873008648227e-03 0.000000000000000000e+00
3.800000000000000000e+04 1.520045954003776956e-01 1.160673645880746542e-02 8.372781065088756858e-01 1.500910332271279124e-01 1.024123805188893906e-03 0.000000000000000000e+00
3.850000000000000000e+04 1.540046558661722909e-01 1.263086026399635846e-02 8.370505234410560158e-01 1.498634501593081592e-01 4.551661356395084266e-04 0.000000000000000000e+00
3.900000000000000000e+04 1.560047163319666641e-01 1.285844333181611343e-02 8.363677742375966728e-01 1.499772416932180219e-01 7.965407373691396923e-04 0.000000000000000000e+00
3.950000000000000000e+04 1.580047767977610373e-01 1.308602639963586667e-02 8.365953573054164538e-01 1.497496586253982687e-01 5.689576695493854790e-04 0.000000000000000000e+00
4.000000000000000000e+04 1.600048372635556326e-01 1.490669094219390124e-02 8.354574419663176599e-01 1.491807009558488717e-01 4.551661356395084266e-04 0.000000000000000000e+00
4.050000000000000000e+04 1.620048977293500059e-01 1.536185707783340945e-02 8.347746927628584279e-01 1.494082840236686527e-01 4.551661356395084266e-04 0.000000000000000000e+00
4.100000000000000000e+04 1.640049581951443791e-01 1.638598088302230249e-02 8.336367774237596340e-01 1.491807009558488717e-01 7.965407373691396923e-04 0.000000000000000000e+00
4.150000000000000000e+04 1.660050186609389744e-01 5.063723258989531045e-02 7.771961766044606090e-01 1.685252617205279801e-01 3.641329085116067413e-03 0.000000000000000000e+00
4.200000000000000000e+04 1.680050791267333476e-01 6.964041875284478211e-02 7.677514792899408080e-01 1.570323167956304000e-01 5.575785161583977738e-03 0.000000000000000000e+00
4.250000000000000000e+04 1.700051395925277209e-01 5.427856167501137613e-02 7.774237596722803900e-01 1.647701411015020379e-01 3.527537551206190360e-03 0.000000000000000000e+00
4.300000000000000000e+04 1.720052000583220941e-01 5.086481565771506369e-02 7.773099681383704995e-01 1.686390532544378706e-01 3.186162949476558769e-03 0.000000000000000000e+00
4.350000000000000000e+04 1.740052605241166894e-01 4.824761037778789452e-02 7.822030040964952358e-01 1.670459717796995980e-01 2.503413746017296455e-03 0.000000000000000000e+00
4.400000000000000000e+04 1.760053209899110627e-01 4.893035958124715423e-02 7.794720072826581969e-01 1.686390532544378706e-01 2.958579881656804664e-03 0.000000000000000000e+00
4.450000000000000000e+04 1.780053814557054359e-01 5.018206645425580398e-02 7.801547564861174289e-01 1.653390987710514348e-01 4.324078288575329727e-03 0.000000000000000000e+00
4.500000000000000000e+04 1.800054419215000312e-01 4.984069185252617412e-02 7.806099226217569909e-01 1.652253072371415443e-01 4.324078288575329727e-03 0.000000000000000000e+00
4.550000000000000000e+04 1.820055023872944044e-01 5.154756486117433034e-02 7.775375512061902805e-01 1.669321802457897075e-01 3.982703686845699004e-03 0.000000000000000000e+00
4.600000000000000000e+04 1.840055628530887777e-01 4.893035958124715423e-02 7.819754210286754548e-01 1.653390987710514348e-01 3.755120619025944465e-03 0.000000000000000000e+00
4.650000000000000000e+04 1.860056233188833730e-01 5.291306326809285671e-02 7.768548020027310486e-01 1.670459717796995980e-01 3.186162949476558769e-03 0.000000000000000000e+00
4.700000000000000000e+04 1.880056837846777462e-01 5.154756486117433034e-02 7.771961766044606090e-01 1.671597633136094607e-01 4.096495220755575623e-03 0.000000000000000000e+00
4.750000000000000000e+04 1.900057442504721195e-01 5.245789713245334329e-02 7.762858443331815961e-01 1.671597633136094607e-01 4.096495220755575623e-03 0.000000000000000000e+00
4.800000000000000000e+04 1.920058047162667147e-01 5.302685480200273332e-02 7.757168866636322546e-01 1.672735548475193512e-01 3.982703686845699004e-03 0.000000000000000000e+00
4.850000000000000000e+04 1.940058651820610880e-01 5.348202093764223980e-02 7.778789258079198410e-01 1.652253072371415443e-01 3.413746017296313308e-03 0.000000000000000000e+00
4.900000000000000000e+04 1.960059256478554612e-01 5.507510241238051940e-02 7.759444697314519246e-01 1.647701411015020379e-01 4.210286754665453109e-03 0.000000000000000000e+00
4.950000000000000000e+04 1.980059861136500565e-01 5.575785161583977911e-02 7.743513882567136797e-01 1.673873463814292140e-01 2.503413746017296455e-03 0.000000000000000000e+00
5.000000000000000000e+04 2.000060465794444298e-01 5.951297223486572835e-02 7.695721438324988339e-01 1.662494310423304478e-01 4.665452890304961318e-03 0.000000000000000000e+00
5.050000000000000000e+04 2.020061070452388030e-01 6.065088757396449454e-02 7.667273554847519046e-01 1.687528447883477334e-01 3.868912152935821518e-03 0.000000000000000000e+00
5.100000000000000000e+04 2.040061675110333983e-01 6.247155211652252738e-02 7.664997724169322346e-01 1.685252617205279801e-01 2.503413746017296455e-03 0.000000000000000000e+00
5.150000000000000000e+04 2.060062279768277715e-01 6.429221665908056715e-02 7.702548930359581769e-01 1.626081019572143960e-01 2.844788347746927612e-03 0.000000000000000000e+00
5.200000000000000000e+04 2.080062884426221448e-01 5.666818388711879900e-02 7.653618570778334407e-01 1.746700045516613453e-01 3.299954483386436255e-03 0.000000000000000000e+00
5.250000000000000000e+04 2.100063489084167401e-01 5.564406008192990249e-02 7.693445607646790529e-01 1.728493400091033194e-01 2.162039144287664864e-03 0.000000000000000000e+00
5.300000000000000000e+04 2.120064093742111133e-01 5.405097860719162289e-02 7.684342284934000400e-01 1.727355484751934567e-01 4.779244424214838804e-03 0.000000000000000000e+00
5.350000000000000000e+04 2.140064698400054866e-01 5.609922621756941591e-02 7.692307692307692735e-01 1.713700500682749095e-01 3.299954483386436255e-03 0.000000000000000000e+00
5.400000000000000000e+04 2.160065303058000818e-01 5.598543468365953235e-02 7.700273099681383959e-01 1.692080109239872676e-01 4.779244424214838804e-03 0.000000000000000000e+00
5.450000000000000000e+04 2.180065907715944551e-01 5.735093309057805872e-02 7.699135184342285054e-01 1.703459262630860338e-01 2.389622212107419402e-03 0.000000000000000000e+00
5.500000000000000000e+04 2.200066512373888283e-01 5.837505689576695522e-02 7.707100591715976279e-01 1.684114701866181174e-01 2.503413746017296455e-03 0.000000000000000000e+00
5.550000000000000000e+04 2.220067117031832016e-01 5.678197542102867562e-02 7.727583067819754348e-01 1.679563040509786109e-01 2.503413746017296455e-03 0.000000000000000000e+00
5.600000000000000000e+04 2.240067721689777969e-01 5.541647701411014926e-02 7.734410559854346667e-01 1.680700955848884737e-01 3.072371415566681717e-03 0.000000000000000000e+00
5.650000000000000000e+04 2.260068326347721701e-01 5.655439235320892238e-02 7.719617660446063123e-01 1.684114701866181174e-01 3.072371415566681717e-03 0.000000000000000000e+00
5.700000000000000000e+04 2.280068931005665434e-01 5.530268548020027264e-02 7.734410559854346667e-01 1.668183887118798447e-01 4.437869822485207214e-03 0.000000000000000000e+00
5.750000000000000000e+04 2.300069535663611386e-01 5.951297223486572835e-02 7.693445607646790529e-01 1.669321802457897075e-01 4.210286754665453109e-03 0.000000000000000000e+00
5.800000000000000000e+04 2.320070140321555119e-01 6.554392353208920996e-02 7.451069640418752638e-01 1.875284478834774726e-01 1.820664542558033706e-03 0.000000000000000000e+00
5.850000000000000000e+04 2.340070744979498851e-01 6.281292671825215723e-02 7.441966317705962508e-01 1.899180700955848955e-01 3.072371415566681717e-03 0.000000000000000000e+00
5.900000000000000000e+04 2.360071349637444804e-01 6.110605370960400795e-02 7.470414201183431802e-01 1.892353208921256358e-01 2.617205279927173507e-03 0.000000000000000000e+00
5.950000000000000000e+04 2.380071954295388537e-01 6.292671825216203385e-02 7.474965862539827421e-01 1.877560309512972259e-01 1.820664542558033706e-03 0.000000000000000000e+00
6.000000000000000000e+04 2.400072558953332269e-01 6.281292671825215723e-02 7.464724624487938387e-01 1.893491124260354985e-01 1.365498406918525280e-03 0.000000000000000000e+00
6.050000000000000000e+04 2.420073163611278222e-01 6.383705052344106068e-02 7.456759217114247162e-01 1.878698224852070886e-01 2.617205279927173507e-03 0.000000000000000000e+00
6.100000000000000000e+04 2.440073768269221954e-01 6.429221665908056715e-02 7.478379608557123026e-01 1.854802002730996935e-01 2.389622212107419402e-03 0.000000000000000000e+00
6.150000000000000000e+04 2.460074372927165687e-01 6.383705052344106068e-02 7.486345015930814251e-01 1.855939918070095562e-01 1.934456076467910759e-03 0.000000000000000000e+00
6.200000000000000000e+04 2.480074977585111640e-01 6.304050978607191047e-02 7.496586253982703285e-01 1.850250341374601593e-01 2.275830678197541916e-03 0.000000000000000000e+00
6.250000000000000000e+04 2.500075582243055372e-01 6.474738279472007363e-02 7.476103777878926326e-01 1.858215748748293095e-01 1.820664542558033706e-03 0.000000000000000000e+00
6.300000000000000000e+04 2.520076186900999105e-01 6.543013199817933334e-02 7.480655439235320836e-01 1.847974510696404060e-01 1.706873008648156654e-03 0.000000000000000000e+00
6.350000000000000000e+04 2.540076791558945057e-01 6.360946745562130744e-02 7.498862084660901095e-01 1.845698680018206528e-01 1.934456076467910759e-03 0.000000000000000000e+00
6.400000000000000000e+04 2.560077396216888790e-01 6.440600819299044377e-02 7.501137915339098905e-01 1.842284934000910368e-01 1.251706873008648227e-03 0.000000000000000000e+00
6.450000000000000000e+04 2.580078000874832522e-01 6.372325898953118406e-02 7.496586253982703285e-01 1.846836595357305433e-01 1.934456076467910759e-03 0.000000000000000000e+00
6.500000000000000000e+04 2.600078605532778475e-01 6.599908966772871644e-02 7.494310423304506585e-01 1.836595357305416398e-01 9.103322712790168532e-04 0.000000000000000000e+00
6.550000000000000000e+04 2.620079210190722208e-01 6.383705052344106068e-02 7.538689121529358328e-01 1.807009558488848477e-01 1.593081474738279385e-03 0.000000000000000000e+00
6.600000000000000000e+04 2.640079814848665940e-01 6.599908966772871644e-02 7.522758306781975879e-01 1.801319981793354508e-01 1.593081474738279385e-03 0.000000000000000000e+00
6.650000000000000000e+04 2.660080419506609672e-01 6.531634046426945672e-02 7.536413290851160518e-01 1.802457897132453413e-01 7.965407373691396923e-04 0.000000000000000000e+00
6.700000000000000000e+04 2.680081024164555625e-01 6.668183887118799003e-02 7.521620391442876974e-01 1.797906235776058348e-01 1.365498406918525280e-03 0.000000000000000000e+00
6.750000000000000000e+04 2.700081628822499358e-01 6.599908966772871644e-02 7.531861629494766008e-01 1.789940828402366846e-01 1.820664542558033706e-03 0.000000000000000000e+00
6.800000000000000000e+04 2.720082233480443090e-01 6.645425580336822291e-02 7.545516613563950648e-01 1.779699590350477811e-01 1.024123805188893906e-03 0.000000000000000000e+00
6.850000000000000000e+04 2.740082838138389043e-01 6.508875739644970349e-02 7.555757851615839682e-01 1.778561675011379184e-01 1.479289940828402332e-03 0.000000000000000000e+00
6.900000000000000000e+04 2.760083442796332776e-01 6.543013199817933334e-02 7.545516613563950648e-01 1.783113336367774249e-01 1.706873008648156654e-03 0.000000000000000000e+00
6.950000000000000000e+04 2.780084047454276508e-01 6.622667273554846967e-02 7.575102412380518846e-01 1.755803368229403860e-01 6.827492034592626399e-04 0.000000000000000000e+00
7.000000000000000000e+04 2.800084652112222461e-01 6.577150659990896320e-02 7.586481565771506785e-01 1.746700045516613453e-01 9.103322712790168532e-04 0.000000000000000000e+00
7.050000000000000000e+04 2.820085256770166193e-01 6.451979972690032039e-02 7.601274465179790329e-01 1.741010468821119761e-01 1.251706873008648227e-03 0.000000000000000000e+00
7.100000000000000000e+04 2.840085861428109926e-01 6.645425580336822291e-02 7.613791533909877174e-01 1.714838416021848000e-01 6.827492034592626399e-04 0.000000000000000000e+00
7.150000000000000000e+04 2.860086466086055879e-01 6.554392353208920996e-02 7.621756941283568398e-01 1.711424670004551563e-01 1.137915339098770958e-03 0.000000000000000000e+00
7.200000000000000000e+04 2.880087070743999611e-01 6.554392353208920996e-02 7.616067364588074984e-01 1.717114246700045532e-01 1.137915339098770958e-03 0.000000000000000000e+00
7.250000000000000000e+04 2.900087675401943343e-01 6.554392353208920996e-02 7.625170687300865113e-01 1.710286754665452935e-01 9.103322712790168532e-04 0.000000000000000000e+00
7.300000000000000000e+04 2.920088280059889296e-01 6.554392353208920996e-02 7.624032771961766208e-01 1.711424670004551563e-01 9.103322712790168532e-04 0.000000000000000000e+00
7.350000000000000000e+04 2.940088884717833029e-01 6.486117432862995025e-02 7.658170232134728916e-01 1.680700955848884737e-01 1.251706873008648227e-03 0.000000000000000000e+00
7.400000000000000000e+04 2.960089489375776761e-01 6.804733727810650945e-02 7.629722348657259623e-01 1.675011379153391045e-01 1.479289940828402332e-03 0.000000000000000000e+00
7.450000000000000000e+04 2.980090094033722714e-01 6.679563040509786664e-02 7.650204824761037692e-01 1.676149294492489672e-01 5.689576695493854790e-04 0.000000000000000000e+00
7.500000000000000000e+04 3.000090698691666447e-01 7.180245789713245175e-02 7.609239872553481554e-01 1.661356395084205850e-01 1.137915339098770958e-03 0.000000000000000000e+00
7.550000000000000000e+04 3.020091303349610179e-01 7.396449704142012138e-02 7.598998634501593630e-01 1.644287664997724219e-01 1.706873008648156654e-03 0.000000000000000000e+00
7.600000000000000000e+04 3.040091908007556132e-01 8.238507055075101893e-02 7.472690031861629611e-01 1.669321802457897075e-01 3.413746017296313308e-03 0.000000000000000000e+00
7.650000000000000000e+04 3.060092512665499864e-01 7.840236686390532339e-02 7.534137460172962708e-01 1.672735548475193512e-01 9.103322712790168532e-04 0.000000000000000000e+00
7.700000000000000000e+04 3.080093117323443597e-01 7.510241238051888757e-02 7.573964497041419941e-01 1.668183887118798447e-01 6.827492034592626399e-04 0.000000000000000000e+00
7.750000000000000000e+04 3.100093721981389550e-01 7.658170232134729749e-02 7.536413290851160518e-01 1.689804278561675144e-01 7.965407373691396923e-04 0.000000000000000000e+00
7.800000000000000000e+04 3.120094326639333282e-01 7.612653618570777714e-02 7.544378698224851743e-01 1.681838871187983642e-01 1.251706873008648227e-03 0.000000000000000000e+00
7.850000000000000000e+04 3.140094931297277014e-01 7.373691397360036814e-02 7.581929904415111166e-01 1.671597633136094607e-01 9.103322712790168532e-04 0.000000000000000000e+00
7.900000000000000000e+04 3.160095535955220747e-01 7.453345471096950448e-02 7.577378243058716656e-01 1.668183887118798447e-01 9.103322712790168532e-04 0.000000000000000000e+00
7.950000000000000000e+04 3.180096140613166700e-01 7.464724624487938109e-02 7.570550751024124336e-01 1.676149294492489672e-01 6.827492034592626399e-04 0.000000000000000000e+00
8.000000000000000000e+04 3.200096745271110432e-01 7.476103777878925771e-02 7.596722803823395820e-01 1.651115157032316816e-01 4.551661356395084266e-04 0.000000000000000000e+00
8.050000000000000000e+04 3.220097349929054165e-01 7.532999544833864081e-02 7.585343650432407880e-01 1.651115157032316816e-01 1.024123805188893906e-03 0.000000000000000000e+00
8.100000000000000000e+04 3.240097954587000117e-01 7.396449704142012138e-02 7.626308602639964018e-01 1.623805188893946427e-01 1.024123805188893906e-03 0.000000000000000000e+00
8.150000000000000000e+04 3.260098559244943850e-01 7.339553937187073829e-02 7.628584433318160718e-01 1.627218934911242587e-01 1.024123805188893906e-03 0.000000000000000000e+00
8.200000000000000000e+04 3.280099163902887582e-01 7.487482931269913433e-02 7.608101957214383759e-01 1.636322257624032717e-01 6.827492034592626399e-04 0.000000000000000000e+00
8.250000000000000000e+04 3.300099768560833535e-01 7.396449704142012138e-02 7.624032771961766208e-01 1.626081019572143960e-01 1.024123805188893906e-03 0.000000000000000000e+00
8.300000000000000000e+04 3.320100373218777268e-01 7.350933090578061491e-02 7.634274010013655243e-01 1.620391442876649990e-01 1.024123805188893906e-03 0.000000000000000000e+00
8.350000000000000000e+04 3.340100977876721000e-01 7.624032771961765376e-02 7.625170687300865113e-01 1.606736458807464796e-01 5.689576695493854790e-04 0.000000000000000000e+00
8.400000000000000000e+04 3.360101582534666953e-01 7.441966317705962786e-02 7.634274010013655243e-01 1.605598543468365891e-01 1.593081474738279385e-03 0.000000000000000000e+00
8.450000000000000000e+04 3.380102187192610685e-01 7.521620391442876419e-02 7.628584433318160718e-01 1.604460628129267263e-01 1.479289940828402332e-03 0.000000000000000000e+00
8.500000000000000000e+04 3.400102791850554418e-01 8.158852981338188259e-02 7.588757396449704595e-01 1.574874829312699065e-01 2.048247610377787811e-03 0.000000000000000000e+00
8.550000000000000000e+04 3.420103396508500371e-01 9.524351388256713236e-02 7.181383705052344357e-01 1.808147473827947105e-01 5.803368229403732710e-03 0.000000000000000000e+00
8.600000000000000000e+04 3.440104001166444103e-01 1.178880291306326766e-01 6.537323623122439642e-01 2.207555757851615841e-01 7.624032771961766417e-03 0.000000000000000000e+00
8.650000000000000000e+04 3.460104605824387836e-01 1.277878925807919841e-01 6.239189804278562068e-01 2.446517979062357850e-01 3.641329085116067413e-03 0.000000000000000000e+00
8.700000000000000000e+04 3.480105210482333788e-01 1.267637687756031084e-01 6.322257624032772139e-01 2.347519344560764776e-01 6.258534365043240920e-03 0.000000000000000000e+00
8.750000000000000000e+04 3.500105815140277521e-01 1.232362312243969055e-01 6.339326354119253493e-01 2.397587619481110488e-01 3.072371415566681717e-03 0.000000000000000000e+00
8.800000000000000000e+04 3.520106419798221253e-01 1.281292671825216278e-01 6.304050978607191880e-01 2.362312243969048597e-01 5.234410559854347014e-03 0.000000000000000000e+00
8.850000000000000000e+04 3.540107024456167206e-01 1.280154756486117373e-01 6.332498862084661173e-01 2.345243513882567243e-01 4.210286754665453109e-03 0.000000000000000000e+00
8.900000000000000000e+04 3.560107629114110939e-01 1.327947200728265831e-01 6.324533454710969949e-01 2.315657715065999045e-01 3.186162949476558769e-03 0.000000000000000000e+00
8.950000000000000000e+04 3.580108233772054671e-01 1.170914883932635403e-01 6.775147928994083024e-01 2.019799726900318726e-01 3.413746017296313308e-03 0.000000000000000000e+00
9.000000000000000000e+04 3.600108838430000624e-01 1.173190714610832935e-01 6.748975876194811541e-01 2.039144287664997612e-01 3.868912152935821518e-03 0.000000000000000000e+00
9.050000000000000000e+04 3.620109443087944356e-01 1.149294492489758707e-01 6.781975421028675344e-01 2.030040964952207483e-01 3.868912152935821518e-03 0.000000000000000000e+00
9.100000000000000000e+04 3.640110047745888089e-01 1.156121984524351443e-01 6.834319526627219421e-01 1.974283113336367801e-01 3.527537551206190360e-03 0.000000000000000000e+00
9.150000000000000000e+04 3.660110652403831821e-01 1.164087391898042806e-01 6.804733727810651223e-01 1.992489758761948060e-01 3.868912152935821518e-03 0.000000000000000000e+00
9.200000000000000000e+04 3.680111257061777774e-01 1.166363222576240338e-01 6.835457441966317216e-01 1.967455621301775204e-01 3.072371415566681717e-03 0.000000000000000000e+00
9.250000000000000000e+04 3.700111861719721507e-01 1.136777423759672279e-01 6.838871187983613931e-01 1.981110605370960398e-01 4.324078288575329727e-03 0.000000000000000000e+00
9.300000000000000000e+04 3.720112466377665239e-01 1.161811561219845274e-01 6.826354119253527086e-01 1.983386436049157930e-01 2.844788347746927612e-03 0.000000000000000000e+00
9.350000000000000000e+04 3.740113071035611192e-01 1.165225307237141572e-01 6.810423304506144637e-01 1.983386436049157930e-01 4.096495220755575623e-03 0.000000000000000000e+00
9.400000000000000000e+04 3.760113675693554924e-01 1.165225307237141572e-01 6.808147473827946827e-01 1.995903504779244497e-01 3.072371415566681717e-03 0.000000000000000000e+00
9.450000000000000000e+04 3.780114280351498657e-01 1.172052799271734169e-01 6.799044151115156698e-01 2.006144742831133254e-01 2.275830678197541916e-03 0.000000000000000000e+00
9.500000000000000000e+04 3.800114885009444610e-01 1.253982703686845612e-01 6.714838416021847722e-01 1.993627674101046965e-01 3.755120619025944465e-03 0.000000000000000000e+00
9.550000000000000000e+04 3.820115489667388342e-01 1.210741920801092358e-01 6.734182976786526886e-01 2.016385980883022289e-01 3.868912152935821518e-03 0.000000000000000000e+00
9.600000000000000000e+04 3.840116094325332075e-01 1.288120163859808875e-01 6.689804278561675144e-01 1.983386436049157930e-01 3.868912152935821518e-03 0.000000000000000000e+00
9.650000000000000000e+04 3.860116698983278027e-01 1.256258534365043145e-01 6.662494310423304755e-01 2.051661356395084179e-01 2.958579881656804664e-03 0.000000000000000000e+00
9.700000000000000000e+04 3.880117303641221760e-01 1.282430587164314906e-01 6.678425125170687204e-01 1.997041420118343125e-01 4.210286754665453109e-03 0.000000000000000000e+00
9.750000000000000000e+04 3.900117908299165492e-01 1.289258079198907503e-01 6.719390077378243342e-01 1.945835229858898507e-01 4.551661356395083832e-03 0.000000000000000000e+00
9.800000000000000000e+04 3.920118512957111445e-01 1.253982703686845612e-01 6.804733727810651223e-01 1.899180700955848955e-01 4.210286754665453109e-03 0.000000000000000000e+00
9.850000000000000000e+04 3.940119117615055178e-01 1.234638142922166587e-01 6.944697314519799880e-01 1.789940828402366846e-01 3.072371415566681717e-03 0.000000000000000000e+00
9.900000000000000000e+04 3.960119722272998910e-01 1.236913973600364119e-01 6.909421939007738267e-01 1.819526627218935044e-01 3.413746017296313308e-03 0.000000000000000000e+00
9.950000000000000000e+04 3.980120326930944863e-01 1.201638598088302229e-01 6.960628129267182329e-01 1.799044151115156975e-01 3.868912152935821518e-03 0.000000000000000000e+00
1.000000000000000000e+05 4.000120931588888595e-01 1.191397360036413333e-01 6.952662721893491105e-01 1.817250796540737234e-01 3.868912152935821518e-03 0.000000000000000000e+00
1.005000000000000000e+05 4.020121536246832328e-01 1.215293582157487423e-01 6.900318616294948137e-01 1.854802002730996935e-01 2.958579881656804664e-03 0.000000000000000000e+00
1.010000000000000000e+05 4.040122140904778281e-01 1.231224396904870289e-01 6.907146108329540457e-01 1.833181611288120239e-01 2.844788347746927612e-03 0.000000000000000000e+00
1.015000000000000000e+05 4.060122745562722013e-01 1.191397360036413333e-01 6.910559854346836062e-01 1.862767410104688159e-01 3.527537551206190360e-03 0.000000000000000000e+00
1.020000000000000000e+05 4.080123350220665746e-01 1.203914428766499761e-01 6.926490669094219621e-01 1.843422849340008995e-01 2.617205279927173507e-03 0.000000000000000000e+00
1.025000000000000000e+05 4.100123954878609478e-01 1.269913518434228616e-01 6.886663632225762388e-01 1.821802457897132577e-01 2.162039144287664864e-03 0.000000000000000000e+00
1.030000000000000000e+05 4.120124559536555431e-01 1.276741010468821214e-01 6.928766499772417431e-01 1.748975876194810986e-01 4.551661356395083832e-03 0.000000000000000000e+00
1.035000000000000000e+05 4.140125164194499163e-01 1.279016841147018746e-01 6.956076467910787819e-01 1.737596722803823324e-01 2.730996813837050560e-03 0.000000000000000000e+00
1.040000000000000000e+05 4.160125768852442896e-01 1.091260810195721492e-01 7.255348202093764298e-01 1.623805188893946427e-01 2.958579881656804664e-03 0.000000000000000000e+00
1.045000000000000000e+05 4.180126373510388849e-01 1.092398725534820259e-01 7.324761037778789730e-01 1.560081929904415243e-01 2.275830678197541916e-03 0.000000000000000000e+00
1.050000000000000000e+05 4.200126978168332581e-01 1.069640418752844796e-01 7.598998634501593630e-01 1.313154301319981732e-01 1.820664542558033706e-03 0.000000000000000000e+00
1.055000000000000000e+05 4.220127582826276313e-01 8.636777423759672834e-02 7.826581702321346867e-01 1.302913063268092975e-01 6.827492034592626399e-04 0.000000000000000000e+00
1.060000000000000000e+05 4.240128187484222266e-01 8.545744196631770151e-02 7.834547109695039202e-01 1.301775147928994070e-01 9.103322712790168532e-04 0.000000000000000000e+00
1.065000000000000000e+05 4.260128792142165999e-01 8.659535730541648157e-02 7.825443786982249073e-01 1.306326809285389134e-01 2.275830678197542133e-04 0.000000000000000000e+00
1.070000000000000000e+05 4.280129396800109731e-01 8.739189804278561791e-02 7.822030040964952358e-01 1.299499317250796537e-01 4.551661356395084266e-04 0.000000000000000000e+00
1.075000000000000000e+05 4.300130001458055684e-01 8.557123350022757813e-02 7.831133363677742487e-01 1.304050978607191602e-01 9.103322712790168532e-04 0.000000000000000000e+00
1.080000000000000000e+05 4.320130606115999417e-01 8.739189804278561791e-02 7.819754210286754548e-01 1.293809740555302568e-01 1.251706873008648227e-03 0.000000000000000000e+00
1.085000000000000000e+05 4.340131210773943149e-01 8.807464724624487762e-02 7.816340464269457833e-01 1.293809740555302568e-01 9.103322712790168532e-04 0.000000000000000000e+00
1.090000000000000000e+05 4.360131815431889102e-01 8.784706417842512438e-02 7.822030040964952358e-01 1.296085571233500100e-01 3.413746017296313199e-04 0.000000000000000000e+00
1.095000000000000000e+05 4.380132420089832834e-01 8.648156577150660496e-02 7.829995448338643582e-01 1.301775147928994070e-01 3.413746017296313199e-04 0.000000000000000000e+00
1.100000000000000000e+05 4.400133024747776567e-01 8.648156577150660496e-02 7.827719617660445772e-01 1.300637232589895442e-01 6.827492034592626399e-04 0.000000000000000000e+00
1.105000000000000000e+05 4.420133629405722520e-01 8.682294037323623481e-02 7.831133363677742487e-01 1.299499317250796537e-01 1.137915339098771066e-04 0.000000000000000000e+00
1.110000000000000000e+05 4.440134234063666252e-01 8.739189804278561791e-02 7.829995448338643582e-01 1.292671825216203940e-01 3.413746017296313199e-04 0.000000000000000000e+00
1.115000000000000000e+05 4.460134838721609984e-01 8.625398270368685172e-02 7.831133363677742487e-01 1.304050978607191602e-01 2.275830678197542133e-04 0.000000000000000000e+00
1.120000000000000000e+05 4.480135443379555937e-01 8.693673190714611143e-02 7.828857532999544677e-01 1.299499317250796537e-01 2.275830678197542133e-04 0.000000000000000000e+00
1.125000000000000000e+05 4.500136048037499670e-01 8.602639963586708460e-02 7.833409194355940297e-01 1.304050978607191602e-01 2.275830678197542133e-04 0.000000000000000000e+00
1.130000000000000000e+05 4.520136652695443402e-01 8.659535730541648157e-02 7.831133363677742487e-01 1.299499317250796537e-01 3.413746017296313199e-04 0.000000000000000000e+00
1.135000000000000000e+05 4.540137257353389355e-01 8.727810650887574129e-02 7.828857532999544677e-01 1.297223486572599005e-01 1.137915339098771066e-04 0.000000000000000000e+00
