# itime ezz other fcc hcp bcc ico
0.000000000000000000e+00 0.000000000000000000e+00 0.000000000000000000e+00 1.000000000000000000e+00 0.000000000000000000e+00 0.000000000000000000e+00 0.000000000000000000e+00
2.500000000000000000e+03 9.999975031766084044e-03 0.000000000000000000e+00 1.000000000000000000e+00 0.000000000000000000e+00 0.000000000000000000e+00 0.000000000000000000e+00
5.000000000000000000e+03 1.999995006353194604e-02 0.000000000000000000e+00 1.000000000000000000e+00 0.000000000000000000e+00 0.000000000000000000e+00 0.000000000000000000e+00
7.500000000000000000e+03 2.999992509529803009e-02 0.000000000000000000e+00 1.000000000000000000e+00 0.000000000000000000e+00 0.000000000000000000e+00 0.000000000000000000e+00
1.000000000000000000e+04 3.999990012706389209e-02 0.000000000000000000e+00 1.000000000000000000e+00 0.000000000000000000e+00 0.000000000000000000e+00 0.000000000000000000e+00
1.250000000000000000e+04 4.999987515882997613e-02 0.000000000000000000e+00 1.000000000000000000e+00 0.000000000000000000e+00 0.000000000000000000e+00 0.000000000000000000e+00
1.500000000000000000e+04 5.999985019059583813e-02 0.000000000000000000e+00 1.000000000000000000e+00 0.000000000000000000e+00 0.000000000000000000e+00 0.000000000000000000e+00
1.750000000000000000e+04 6.999982522236192217e-02 0.000000000000000000e+00 1.000000000000000000e+00 0.000000000000000000e+00 0.000000000000000000e+00 0.000000000000000000e+00
2.000000000000000000e+04 7.999980025412778417e-02 3.413746017296313199e-04 9.996586253982703285e-01 0.000000000000000000e+00 0.000000000000000000e+00 0.000000000000000000e+00
2.250000000000000000e+04 8.999977528589386822e-02 1.024123805188893906e-03 9.989758761948110966e-01 0.000000000000000000e+00 0.000000000000000000e+00 0.000000000000000000e+00
2.500000000000000000e+04 9.999975031765973021e-02 2.617205279927173507e-03 9.971552116522530707e-01 0.000000000000000000e+00 2.275830678197542133e-04 0.000000000000000000e+00
2.750000000000000000e+04 1.099997253494258143e-01 8.466090122894856518e-02 6.972007282658170269e-01 0.000000000000000000e+00 2.181383705052344080e-01 0.000000000000000000e+00
3.000000000000000000e+04 1.199997003811918983e-01 2.105143377332726468e-02 8.274920345926263243e-01 1.510013654984069253e-01 4.551661356395084266e-04 0.000000000000000000e+00
3.250000000000000000e+04 1.299996754129577603e-01 2.355484751934456070e-02 8.232817478379608200e-01 1.523668639053254448e-01 7.965407373691396923e-04 0.000000000000000000e+00
3.500000000000000000e+04 1.399996504447238443e-01 2.435138825671370050e-02 8.220300409649522466e-01 1.524806554392353075e-01 1.137915339098770958e-03 0.000000000000000000e+00
3.750000000000000000e+04 1.499996254764897063e-01 2.799271734182976618e-02 8.088302230314065033e-01 1.621529358215748617e-01 1.024123805188893906e-03 0.000000000000000000e+00
4.000000000000000000e+04 1.599996005082557904e-01 5.040964952207555722e-02 7.815202548930360038e-01 1.656804733727810786e-01 2.389622212107419402e-03 0.000000000000000000e+00
4.250000000000000000e+04 1.699995755400216524e-01 4.449248975876194528e-02 7.900546199362767918e-01 1.632908511606736557e-01 2.162039144287664864e-03 0.000000000000000000e+00
4.500000000000000000e+04 1.799995505717877364e-01 4.722348657259899801e-02 7.865270823850705195e-01 1.647701411015020379e-01 1.479289940828402332e-03 0.000000000000000000e+00
4.750000000000000000e+04 1.899995256035535984e-01 4.756486117432862787e-02 7.865270823850705195e-01 1.635184342284934089e-01 2.389622212107419402e-03 0.000000000000000000e+00
5.000000000000000000e+04 1.999995006353196825e-01 5.143377332726445372e-02 7.804961310878471004e-01 1.632908511606736557e-01 4.779244424214838804e-03 0.000000000000000000e+00
5.250000000000000000e+04 2.099994756670855445e-01 7.305416477014110843e-02 7.522758306781975879e-01 1.702321347291761433e-01 4.437869822485207214e-03 0.000000000000000000e+00
5.500000000000000000e+04 2.199994506988516285e-01 7.294037323623121793e-02 7.336140191169776559e-01 1.918525261720528119e-01 1.593081474738279385e-03 0.000000000000000000e+00
5.750000000000000000e+04 2.299994257306174905e-01 7.567137005006827066e-02 7.247382794720073074e-01 1.958352298588985074e-01 3.755120619025944465e-03 0.000000000000000000e+00
6.000000000000000000e+04 2.399994007623835746e-01 8.227127901684114231e-02 7.116522530723714546e-01 2.022075557578516258e-01 3.868912152935821518e-03 0.000000000000000000e+00
6.250000000000000000e+04 2.499993757941496586e-01 9.057806099226217711e-02 7.097177969959035382e-01 1.959490213928083702e-01 3.755120619025944465e-03 0.000000000000000000e+00
6.500000000000000000e+04 2.599993508259155206e-01 9.456076467910787264e-02 7.173418297678653133e-01 1.843422849340008995e-01 3.755120619025944465e-03 0.000000000000000000e+00
6.750000000000000000e+04 2.699993258576816046e-01 9.535730541647700897e-02 7.162039144287665193e-01 1.849112426035502965e-01 3.527537551206190360e-03 0.000000000000000000e+00
7.000000000000000000e+04 2.799993008894474666e-01 1.050295857988165632e-01 7.030040964952207760e-01 1.876422394173873354e-01 4.324078288575329727e-03 0.000000000000000000e+00
7.250000000000000000e+04 2.899992759212135507e-01 9.126081019572143682e-02 7.168866636322257513e-01 1.893491124260354985e-01 2.503413746017296455e-03 0.000000000000000000e+00
7.500000000000000000e+04 2.999992509529794127e-01 1.069640418752844796e-01 6.918525261720528396e-01 1.983386436049157930e-01 2.844788347746927612e-03 0.000000000000000000e+00
7.750000000000000000e+04 3.099992259847454967e-01 1.144742831133363642e-01 6.788802913063267663e-01 2.057350933090578149e-01 9.103322712790168532e-04 0.000000000000000000e+00
8.000000000000000000e+04 3.199992010165113587e-01 1.243741465634956717e-01 6.448566226672735047e-01 2.290623577605826189e-01 1.706873008648156654e-03 0.000000000000000000e+00
8.250000000000000000e+04 3.299991760482774428e-01 1.244879380974055483e-01 6.158397815202548697e-01 2.580791989076012816e-01 1.593081474738279385e-03 0.000000000000000000e+00
8.500000000000000000e+04 3.399991510800433048e-01 1.095812471552116557e-01 7.048247610377788019e-01 1.832043695949021334e-01 2.389622212107419402e-03 0.000000000000000000e+00
8.750000000000000000e+04 3.499991261118093888e-01 1.076467910787437393e-01 7.048247610377788019e-01 1.857077833409194467e-01 1.820664542558033706e-03 0.000000000000000000e+00
9.000000000000000000e+04 3.599991011435754729e-01 1.058261265361857134e-01 7.049385525716886924e-01 1.866181156121984597e-01 2.617205279927173507e-03 0.000000000000000000e+00
9.250000000000000000e+04 3.699990761753413349e-01 1.093536640873919025e-01 7.125625853436504675e-01 1.752389622212107423e-01 2.844788347746927612e-03 0.000000000000000000e+00
9.500000000000000000e+04 3.799990512071074189e-01 1.090122894856622726e-01 7.099453800637232082e-01 1.786527082385070686e-01 2.389622212107419402e-03 0.000000000000000000e+00
9.750000000000000000e+04 3.899990262388732809e-01 1.191397360036413333e-01 6.958352298588984519e-01 1.817250796540737234e-01 3.299954483386436255e-03 0.000000000000000000e+00
1.000000000000000000e+05 3.999990012706393649e-01 1.057123350022758368e-01 7.366863905325443662e-01 1.555530268548019901e-01 2.048247610377787811e-03 0.000000000000000000e+00
1.025000000000000000e+05 4.099989763024052269e-01 1.174328629949931702e-01 7.090350477924441952e-01 1.698907601274465273e-01 3.641329085116067413e-03 0.000000000000000000e+00
1.050000000000000000e+05 4.199989513341713110e-01 1.190259444697314567e-01 7.105143377332726606e-01 1.681838871187983642e-01 2.275830678197541916e-03 0.000000000000000000e+00
1.075000000000000000e+05 4.299989263659371730e-01 1.040054619936276736e-01 7.290623577605825911e-01 1.652253072371415443e-01 1.706873008648156654e-03 0.000000000000000000e+00
1.100000000000000000e+05 4.399989013977032570e-01 1.141329085116067343e-01 7.179107874374146547e-01 1.646563495675921751e-01 3.299954483386436255e-03 0.000000000000000000e+00
1.125000000000000000e+05 4.499988764294691190e-01 1.332498862084660896e-01 6.844560764679107345e-01 1.774010013654984119e-01 4.893035958124715423e-03 0.000000000000000000e+00
1.150000000000000000e+05 4.599988514612352031e-01 1.494082840236686527e-01 6.490669094219390090e-01 1.928766499772416876e-01 8.648156577150659455e-03 0.000000000000000000e+00
1.175000000000000000e+05 4.699988264930012871e-01 1.515703231679562946e-01 6.562357760582612221e-01 1.885525716886663761e-01 3.641329085116067413e-03 0.000000000000000000e+00
1.200000000000000000e+05 4.799988015247671491e-01 1.523668639053254448e-01 6.535047792444241832e-01 1.890077378243058825e-01 5.120619025944469528e-03 0.000000000000000000e+00
1.225000000000000000e+05 4.899987765565332332e-01 1.570323167956304000e-01 6.442876649977241632e-01 1.945835229858898507e-01 4.096495220755575623e-03 0.000000000000000000e+00
1.250000000000000000e+05 4.999987515882990952e-01 1.700045516613563901e-01 6.339326354119253493e-01 1.904870277651342647e-01 5.575785161583977738e-03 0.000000000000000000e+00
1.275000000000000000e+05 5.099987266200651792e-01 1.677287209831588577e-01 6.408739189804278924e-01 1.879836140191169791e-01 3.413746017296313308e-03 0.000000000000000000e+00
1.300000000000000000e+05 5.199987016518310412e-01 1.618115612198452458e-01 6.754665452890304955e-01 1.606736458807464796e-01 2.048247610377787811e-03 0.000000000000000000e+00
1.325000000000000000e+05 5.299986766835971252e-01 1.645425580336822846e-01 6.720527992717342247e-01 1.593081474738279601e-01 4.096495220755575623e-03 0.000000000000000000e+00
1.350000000000000000e+05 5.399986517153629872e-01 1.681838871187983642e-01 6.665908056440600360e-01 1.601046882111970826e-01 5.120619025944469528e-03 0.000000000000000000e+00
1.375000000000000000e+05 5.499986267471290713e-01 1.473600364132908458e-01 6.754665452890304955e-01 1.719390077378243065e-01 5.234410559854347014e-03 0.000000000000000000e+00
1.400000000000000000e+05 5.599986017788949333e-01 1.578288575329995502e-01 6.635184342284934367e-01 1.731907146108329631e-01 5.461993627674101119e-03 0.000000000000000000e+00
1.425000000000000000e+05 5.699985768106610173e-01 1.610150204824760956e-01 6.569185252617205650e-01 1.764906690942193990e-01 5.575785161583977738e-03 0.000000000000000000e+00
1.450000000000000000e+05 5.799985518424271014e-01 1.647701411015020379e-01 6.488393263541192280e-01 1.775147928994082747e-01 8.875739644970414427e-03 0.000000000000000000e+00
1.475000000000000000e+05 5.899985268741929634e-01 1.589667728720983164e-01 6.675011379153390489e-01 1.697769685935366368e-01 3.755120619025944465e-03 0.000000000000000000e+00
1.500000000000000000e+05 5.999985019059590474e-01 1.596495220755575761e-01 6.660218479745106945e-01 1.702321347291761433e-01 4.096495220755575623e-03 0.000000000000000000e+00
1.525000000000000000e+05 6.099984769377249094e-01 1.598771051433773294e-01 6.751251706873008240e-01 1.610150204824760956e-01 3.982703686845699004e-03 0.000000000000000000e+00
1.550000000000000000e+05 6.199984519694909935e-01 1.635184342284934089e-01 6.632908511606736557e-01 1.695493855257168836e-01 3.641329085116067413e-03 0.000000000000000000e+00
1.575000000000000000e+05 6.299984270012568555e-01 1.718252162039144160e-01 6.589667728720982609e-01 1.656804733727810786e-01 3.527537551206190360e-03 0.000000000000000000e+00
1.600000000000000000e+05 6.399984020330229395e-01 1.808147473827947105e-01 6.507737824305871444e-01 1.638598088302230249e-01 4.551661356395083832e-03 0.000000000000000000e+00
1.625000000000000000e+05 6.499983770647888015e-01 1.627218934911242587e-01 6.652253072371415721e-01 1.680700955848884737e-01 3.982703686845699004e-03 0.000000000000000000e+00
1.650000000000000000e+05 6.599983520965548855e-01 1.553254437869822369e-01 6.741010468821119206e-01 1.678425125170687204e-01 2.730996813837050560e-03 0.000000000000000000e+00
1.675000000000000000e+05 6.699983271283207475e-01 1.553254437869822369e-01 6.728493400091033472e-01 1.675011379153391045e-01 4.324078288575329727e-03 0.000000000000000000e+00
1.700000000000000000e+05 6.799983021600868316e-01 1.538461538461538547e-01 6.738734638142922506e-01 1.692080109239872676e-01 3.072371415566681717e-03 0.000000000000000000e+00
1.725000000000000000e+05 6.899982771918526936e-01 1.604460628129267263e-01 6.646563495675921196e-01 1.731907146108329631e-01 1.706873008648156654e-03 0.000000000000000000e+00
1.750000000000000000e+05 6.999982522236187776e-01 1.545289030496131144e-01 6.679563040509786109e-01 1.764906690942193990e-01 1.024123805188893906e-03 0.000000000000000000e+00
1.775000000000000000e+05 7.099982272553848617e-01 1.571461083295402905e-01 6.618115612198451903e-01 1.784251251706872876e-01 2.617205279927173507e-03 0.000000000000000000e+00
1.800000000000000000e+05 7.199982022871507237e-01 1.664770141101502010e-01 6.422394173873463563e-01 1.888939462903959920e-01 2.389622212107419402e-03 0.000000000000000000e+00
1.825000000000000000e+05 7.299981773189168077e-01 1.762630860263996457e-01 6.324533454710969949e-01 1.879836140191169791e-01 3.299954483386436255e-03 0.000000000000000000e+00
1.850000000000000000e+05 7.399981523506826697e-01 2.324761037778789174e-01 6.210741920801092775e-01 1.391670459717797015e-01 7.282658170232134826e-03 0.000000000000000000e+00
1.875000000000000000e+05 7.499981273824487538e-01 1.942421483841602070e-01 6.729631315430132377e-01 1.234638142922166587e-01 9.330905780609922637e-03 0.000000000000000000e+00
1.900000000000000000e+05 7.599981024142146158e-01 1.968593536640873831e-01 6.660218479745106945e-01 1.301775147928994070e-01 6.941283568502503235e-03 0.000000000000000000e+00
1.925000000000000000e+05 7.699980774459806998e-01 1.777423759672280279e-01 6.754665452890304955e-01 1.404187528447883582e-01 6.372325898953117539e-03 0.000000000000000000e+00
1.950000000000000000e+05 7.799980524777465618e-01 1.813837050523441075e-01 6.736458807464724696e-01 1.414428766499772339e-01 3.527537551206190360e-03 0.000000000000000000e+00
1.975000000000000000e+05 7.899980275095126458e-01 1.763768775603095085e-01 6.833181611288120516e-01 1.382567137005006885e-01 2.048247610377787811e-03 0.000000000000000000e+00
2.000000000000000000e+05 7.999980025412785078e-01 1.787664997724169313e-01 6.829767865270823801e-01 1.363222576240327721e-01 1.934456076467910759e-03 0.000000000000000000e+00
2.025000000000000000e+05 8.099979775730445919e-01 1.804733727810650945e-01 6.598771051433773849e-01 1.574874829312699065e-01 2.162039144287664864e-03 0.000000000000000000e+00
2.050000000000000000e+05 8.199979526048106759e-01 1.793354574419663283e-01 6.587391898042785909e-01 1.583978152025489194e-01 3.527537551206190360e-03 0.000000000000000000e+00
2.075000000000000000e+05 8.299979276365765379e-01 1.845698680018206528e-01 6.483841602184797770e-01 1.638598088302230249e-01 3.186162949476558769e-03 0.000000000000000000e+00
2.100000000000000000e+05 8.399979026683426220e-01 1.793354574419663283e-01 6.466772872098316416e-01 1.697769685935366368e-01 4.210286754665453109e-03 0.000000000000000000e+00
2.125000000000000000e+05 8.499978777001084840e-01 1.810423304506144637e-01 6.433773327264451503e-01 1.700045516613563901e-01 5.575785161583977738e-03 0.000000000000000000e+00
2.150000000000000000e+05 8.599978527318745680e-01 1.808147473827947105e-01 6.426945835229859183e-01 1.705735093309057870e-01 5.917159763313609329e-03 0.000000000000000000e+00
2.175000000000000000e+05 8.699978277636404300e-01 1.830905780609922706e-01 6.408739189804278924e-01 1.684114701866181174e-01 7.624032771961766417e-03 0.000000000000000000e+00
2.200000000000000000e+05 8.799978027954065141e-01 2.027765134274009950e-01 5.963814292216659263e-01 1.916249431042330587e-01 9.217114246700046018e-03 0.000000000000000000e+00
2.225000000000000000e+05 8.899977778271723761e-01 2.033454710969503920e-01 5.813609467455621571e-01 2.100591715976331264e-01 5.234410559854347014e-03 0.000000000000000000e+00
2.250000000000000000e+05 8.999977528589384601e-01 2.114246700045516736e-01 5.772644515248065433e-01 2.053937187073281712e-01 5.917159763313609329e-03 0.000000000000000000e+00
2.275000000000000000e+05 9.099977278907043221e-01 2.203004096495220776e-01 5.672507965407374009e-01 2.080109239872553473e-01 4.437869822485207214e-03 0.000000000000000000e+00
2.300000000000000000e+05 9.199977029224704062e-01 2.176832043695949015e-01 5.730541647701411501e-01 2.024351388256713791e-01 6.827492034592626616e-03 0.000000000000000000e+00
2.325000000000000000e+05 9.299976779542364902e-01 2.032316795630405015e-01 5.869367319071461253e-01 2.025489303595812418e-01 7.282658170232134826e-03 0.000000000000000000e+00
2.350000000000000000e+05 9.399976529860023522e-01 2.047109695038689114e-01 5.937642239417387779e-01 1.952662721893491105e-01 6.258534365043240920e-03 0.000000000000000000e+00
2.375000000000000000e+05 9.499976280177684362e-01 2.007282658170232159e-01 6.035502958579881394e-01 1.913973600364132777e-01 4.324078288575329727e-03 0.000000000000000000e+00
2.400000000000000000e+05 9.599976030495342982e-01 2.090350477924442507e-01 5.886436049157942607e-01 1.956076467910787542e-01 6.713700500682749130e-03 0.000000000000000000e+00
2.425000000000000000e+05 9.699975780813003823e-01 2.175694128356850388e-01 5.795402822030041312e-01 1.965179790623577671e-01 6.372325898953117539e-03 0.000000000000000000e+00
2.450000000000000000e+05 9.799975531130662443e-01 2.201866181156121871e-01 6.035502958579881394e-01 1.727355484751934567e-01 3.527537551206190360e-03 0.000000000000000000e+00
2.475000000000000000e+05 9.899975281448323283e-01 1.827492034592626269e-01 6.622667273554847522e-01 1.513427401001365413e-01 3.641329085116067413e-03 0.000000000000000000e+00
2.500000000000000000e+05 9.999975031765981903e-01 1.775147928994082747e-01 6.632908511606736557e-01 1.539599453800637174e-01 5.234410559854347014e-03 0.000000000000000000e+00
