# itime ezz other fcc hcp bcc ico
0.000000000000000000e+00 0.000000000000000000e+00 3.413746017296313199e-04 9.996586253982703285e-01 0.000000000000000000e+00 0.000000000000000000e+00 0.000000000000000000e+00
4.000000000000000000e+03 1.000020719854832763e-03 0.000000000000000000e+00 1.000000000000000000e+00 0.000000000000000000e+00 0.000000000000000000e+00 0.000000000000000000e+00
8.000000000000000000e+03 2.000041439709443480e-03 0.000000000000000000e+00 1.000000000000000000e+00 0.000000000000000000e+00 0.000000000000000000e+00 0.000000000000000000e+00
1.200000000000000000e+04 3.000062159564276243e-03 0.000000000000000000e+00 1.000000000000000000e+00 0.000000000000000000e+00 0.000000000000000000e+00 0.000000000000000000e+00
1.600000000000000000e+04 4.000082879418886961e-03 0.000000000000000000e+00 1.000000000000000000e+00 0.000000000000000000e+00 0.000000000000000000e+00 0.000000000000000000e+00
2.000000000000000000e+04 5.000103599273719723e-03 3.413746017296313199e-04 9.996586253982703285e-01 0.000000000000000000e+00 0.000000000000000000e+00 0.000000000000000000e+00
2.400000000000000000e+04 6.000124319128330441e-03 0.000000000000000000e+00 1.000000000000000000e+00 0.000000000000000000e+00 0.000000000000000000e+00 0.000000000000000000e+00
2.800000000000000000e+04 7.000145038983163204e-03 0.000000000000000000e+00 1.000000000000000000e+00 0.000000000000000000e+00 0.000000000000000000e+00 0.000000000000000000e+00
3.200000000000000000e+04 8.000165758837995966e-03 0.000000000000000000e+00 1.000000000000000000e+00 0.000000000000000000e+00 0.000000000000000000e+00 0.000000000000000000e+00
3.600000000000000000e+04 9.000186478692606684e-03 0.000000000000000000e+00 1.000000000000000000e+00 0.000000000000000000e+00 0.000000000000000000e+00 0.000000000000000000e+00
4.000000000000000000e+04 1.000020719854743945e-02 0.000000000000000000e+00 1.000000000000000000e+00 0.000000000000000000e+00 0.000000000000000000e+00 0.000000000000000000e+00
4.400000000000000000e+04 1.100022791840205016e-02 0.000000000000000000e+00 1.000000000000000000e+00 0.000000000000000000e+00 0.000000000000000000e+00 0.000000000000000000e+00
4.800000000000000000e+04 1.200024863825688293e-02 0.000000000000000000e+00 1.000000000000000000e+00 0.000000000000000000e+00 0.000000000000000000e+00 0.000000000000000000e+00
5.200000000000000000e+04 1.300026935811149364e-02 0.000000000000000000e+00 1.000000000000000000e+00 0.000000000000000000e+00 0.000000000000000000e+00 0.000000000000000000e+00
5.600000000000000000e+04 1.400029007796632641e-02 0.000000000000000000e+00 1.000000000000000000e+00 0.000000000000000000e+00 0.000000000000000000e+00 0.000000000000000000e+00
6.000000000000000000e+04 1.500031079782115917e-02 0.000000000000000000e+00 1.000000000000000000e+00 0.000000000000000000e+00 0.000000000000000000e+00 0.000000000000000000e+00
6.400000000000000000e+04 1.600033151767576989e-02 0.000000000000000000e+00 1.000000000000000000e+00 0.000000000000000000e+00 0.000000000000000000e+00 0.000000000000000000e+00
6.800000000000000000e+04 1.700035223753060265e-02 0.000000000000000000e+00 1.000000000000000000e+00 0.000000000000000000e+00 0.000000000000000000e+00 0.000000000000000000e+00
7.200000000000000000e+04 1.800037295738521337e-02 0.000000000000000000e+00 1.000000000000000000e+00 0.000000000000000000e+00 0.000000000000000000e+00 0.000000000000000000e+00
7.600000000000000000e+04 1.900039367724004613e-02 0.000000000000000000e+00 1.000000000000000000e+00 0.000000000000000000e+00 0.000000000000000000e+00 0.000000000000000000e+00
8.000000000000000000e+04 2.000041439709465685e-02 0.000000000000000000e+00 1.000000000000000000e+00 0.000000000000000000e+00 0.000000000000000000e+00 0.000000000000000000e+00
8.400000000000000000e+04 2.100043511694948961e-02 0.000000000000000000e+00 1.000000000000000000e+00 0.000000000000000000e+00 0.000000000000000000e+00 0.000000000000000000e+00
8.800000000000000000e+04 2.200045583680432237e-02 0.000000000000000000e+00 1.000000000000000000e+00 0.000000000000000000e+00 0.000000000000000000e+00 0.000000000000000000e+00
9.200000000000000000e+04 2.300047655665893309e-02 0.000000000000000000e+00 1.000000000000000000e+00 0.000000000000000000e+00 0.000000000000000000e+00 0.000000000000000000e+00
9.600000000000000000e+04 2.400049727651376585e-02 0.000000000000000000e+00 1.000000000000000000e+00 0.000000000000000000e+00 0.000000000000000000e+00 0.000000000000000000e+00
1.000000000000000000e+05 2.500051799636837657e-02 0.000000000000000000e+00 1.000000000000000000e+00 0.000000000000000000e+00 0.000000000000000000e+00 0.000000000000000000e+00
1.040000000000000000e+05 2.600053871622320933e-02 9.103322712790168532e-04 9.990896677287209870e-01 0.000000000000000000e+00 0.000000000000000000e+00 0.000000000000000000e+00
1.080000000000000000e+05 2.700055943607782005e-02 0.000000000000000000e+00 1.000000000000000000e+00 0.000000000000000000e+00 0.000000000000000000e+00 0.000000000000000000e+00
1.120000000000000000e+05 2.800058015593265281e-02 0.000000000000000000e+00 1.000000000000000000e+00 0.000000000000000000e+00 0.000000000000000000e+00 0.000000000000000000e+00
1.160000000000000000e+05 2.900060087578748558e-02 0.000000000000000000e+00 1.000000000000000000e+00 0.000000000000000000e+00 0.000000000000000000e+00 0.000000000000000000e+00
1.200000000000000000e+05 3.000062159564209630e-02 1.137915339098771066e-04 9.998862084660901095e-01 0.000000000000000000e+00 0.000000000000000000e+00 0.000000000000000000e+00
1.240000000000000000e+05 3.100064231549692906e-02 0.000000000000000000e+00 1.000000000000000000e+00 0.000000000000000000e+00 0.000000000000000000e+00 0.000000000000000000e+00
1.280000000000000000e+05 3.200066303535153978e-02 6.827492034592626399e-04 9.993172507965407680e-01 0.000000000000000000e+00 0.000000000000000000e+00 0.000000000000000000e+00
1.320000000000000000e+05 3.300068375520637254e-02 2.275830678197542133e-04 9.997724169321802190e-01 0.000000000000000000e+00 0.000000000000000000e+00 0.000000000000000000e+00
1.360000000000000000e+05 3.400070447506098326e-02 1.137915339098771066e-04 9.998862084660901095e-01 0.000000000000000000e+00 0.000000000000000000e+00 0.000000000000000000e+00
1.400000000000000000e+05 3.500072519491581602e-02 0.000000000000000000e+00 1.000000000000000000e+00 0.000000000000000000e+00 0.000000000000000000e+00 0.000000000000000000e+00
1.440000000000000000e+05 3.600074591477064878e-02 2.275830678197542133e-04 9.996586253982703285e-01 0.000000000000000000e+00 1.137915339098771066e-04 0.000000000000000000e+00
1.480000000000000000e+05 3.700076663462525950e-02 0.000000000000000000e+00 1.000000000000000000e+00 0.000000000000000000e+00 0.000000000000000000e+00 0.000000000000000000e+00
1.520000000000000000e+05 3.800078735448009226e-02 7.965407373691396923e-04 9.992034592626308775e-01 0.000000000000000000e+00 0.000000000000000000e+00 0.000000000000000000e+00
1.560000000000000000e+05 3.900080807433470298e-02 0.000000000000000000e+00 1.000000000000000000e+00 0.000000000000000000e+00 0.000000000000000000e+00 0.000000000000000000e+00
1.600000000000000000e+05 4.000082879418953574e-02 0.000000000000000000e+00 1.000000000000000000e+00 0.000000000000000000e+00 0.000000000000000000e+00 0.000000000000000000e+00
1.640000000000000000e+05 4.100084951404414646e-02 0.000000000000000000e+00 1.000000000000000000e+00 0.000000000000000000e+00 0.000000000000000000e+00 0.000000000000000000e+00
1.680000000000000000e+05 4.200087023389897922e-02 4.551661356395084266e-04 9.995448338643604380e-01 0.000000000000000000e+00 0.000000000000000000e+00 0.000000000000000000e+00
1.720000000000000000e+05 4.300089095375381198e-02 2.275830678197542133e-04 9.997724169321802190e-01 0.000000000000000000e+00 0.000000000000000000e+00 0.000000000000000000e+00
1.760000000000000000e+05 4.400091167360842270e-02 4.551661356395084266e-04 9.995448338643604380e-01 0.000000000000000000e+00 0.000000000000000000e+00 0.000000000000000000e+00
1.800000000000000000e+05 4.500093239346325547e-02 0.000000000000000000e+00 1.000000000000000000e+00 0.000000000000000000e+00 0.000000000000000000e+00 0.000000000000000000e+00
1.840000000000000000e+05 4.600095311331786618e-02 1.137915339098771066e-04 9.998862084660901095e-01 0.000000000000000000e+00 0.000000000000000000e+00 0.000000000000000000e+00
1.880000000000000000e+05 4.700097383317269895e-02 4.551661356395084266e-04 9.995448338643604380e-01 0.000000000000000000e+00 0.000000000000000000e+00 0.000000000000000000e+00
1.920000000000000000e+05 4.800099455302730966e-02 3.413746017296313199e-04 9.996586253982703285e-01 0.000000000000000000e+00 0.000000000000000000e+00 0.000000000000000000e+00
1.960000000000000000e+05 4.900101527288214243e-02 0.000000000000000000e+00 1.000000000000000000e+00 0.000000000000000000e+00 0.000000000000000000e+00 0.000000000000000000e+00
2.000000000000000000e+05 5.000103599273697519e-02 0.000000000000000000e+00 1.000000000000000000e+00 0.000000000000000000e+00 0.000000000000000000e+00 0.000000000000000000e+00
2.040000000000000000e+05 5.100105671259158591e-02 0.000000000000000000e+00 1.000000000000000000e+00 0.000000000000000000e+00 0.000000000000000000e+00 0.000000000000000000e+00
2.080000000000000000e+05 5.200107743244641867e-02 1.137915339098771066e-04 9.998862084660901095e-01 0.000000000000000000e+00 0.000000000000000000e+00 0.000000000000000000e+00
2.120000000000000000e+05 5.300109815230102939e-02 3.413746017296313199e-04 9.996586253982703285e-01 0.000000000000000000e+00 0.000000000000000000e+00 0.000000000000000000e+00
2.160000000000000000e+05 5.400111887215586215e-02 0.000000000000000000e+00 1.000000000000000000e+00 0.000000000000000000e+00 0.000000000000000000e+00 0.000000000000000000e+00
2.200000000000000000e+05 5.500113959201047287e-02 6.827492034592626399e-04 9.993172507965407680e-01 0.000000000000000000e+00 0.000000000000000000e+00 0.000000000000000000e+00
2.240000000000000000e+05 5.600116031186530563e-02 0.000000000000000000e+00 1.000000000000000000e+00 0.000000000000000000e+00 0.000000000000000000e+00 0.000000000000000000e+00
2.280000000000000000e+05 5.700118103172013839e-02 1.137915339098771066e-04 9.998862084660901095e-01 0.000000000000000000e+00 0.000000000000000000e+00 0.000000000000000000e+00
2.320000000000000000e+05 5.800120175157474911e-02 3.413746017296313199e-04 9.996586253982703285e-01 0.000000000000000000e+00 0.000000000000000000e+00 0.000000000000000000e+00
2.360000000000000000e+05 5.900122247142958187e-02 0.000000000000000000e+00 1.000000000000000000e+00 0.000000000000000000e+00 0.000000000000000000e+00 0.000000000000000000e+00
2.400000000000000000e+05 6.000124319128419259e-02 4.551661356395084266e-04 9.995448338643604380e-01 0.000000000000000000e+00 0.000000000000000000e+00 0.000000000000000000e+00
2.440000000000000000e+05 6.100126391113902535e-02 1.137915339098771066e-04 9.998862084660901095e-01 0.000000000000000000e+00 0.000000000000000000e+00 0.000000000000000000e+00
2.480000000000000000e+05 6.200128463099385812e-02 5.689576695493854790e-04 9.994310423304506585e-01 0.000000000000000000e+00 0.000000000000000000e+00 0.000000000000000000e+00
2.520000000000000000e+05 6.300130535084846883e-02 6.827492034592626399e-04 9.993172507965407680e-01 0.000000000000000000e+00 0.000000000000000000e+00 0.000000000000000000e+00
2.560000000000000000e+05 6.400132607070330160e-02 3.413746017296313199e-04 9.996586253982703285e-01 0.000000000000000000e+00 0.000000000000000000e+00 0.000000000000000000e+00
2.600000000000000000e+05 6.500134679055791231e-02 1.137915339098770958e-03 9.987482931269913156e-01 0.000000000000000000e+00 1.137915339098771066e-04 0.000000000000000000e+00
2.640000000000000000e+05 6.600136751041274508e-02 1.479289940828402332e-03 9.985207100591716456e-01 0.000000000000000000e+00 0.000000000000000000e+00 0.000000000000000000e+00
2.680000000000000000e+05 6.700138823026735579e-02 9.103322712790168532e-04 9.990896677287209870e-01 0.000000000000000000e+00 0.000000000000000000e+00 0.000000000000000000e+00
2.720000000000000000e+05 6.800140895012218856e-02 5.689576695493854790e-04 9.994310423304506585e-01 0.000000000000000000e+00 0.000000000000000000e+00 0.000000000000000000e+00
2.760000000000000000e+05 6.900142966997702132e-02 2.275830678197542133e-04 9.997724169321802190e-01 0.000000000000000000e+00 0.000000000000000000e+00 0.000000000000000000e+00
2.800000000000000000e+05 7.000145038983163204e-02 1.137915339098770958e-03 9.988620846609012061e-01 0.000000000000000000e+00 0.000000000000000000e+00 0.000000000000000000e+00
2.840000000000000000e+05 7.100147110968646480e-02 1.024123805188893906e-03 9.989758761948110966e-01 0.000000000000000000e+00 0.000000000000000000e+00 0.000000000000000000e+00
2.880000000000000000e+05 7.200149182954107552e-02 4.551661356395084266e-04 9.994310423304506585e-01 0.000000000000000000e+00 1.137915339098771066e-04 0.000000000000000000e+00
2.920000000000000000e+05 7.300151254939590828e-02 2.275830678197541916e-03 9.977241693218024121e-01 0.000000000000000000e+00 0.000000000000000000e+00 0.000000000000000000e+00
2.960000000000000000e+05 7.400153326925051900e-02 1.024123805188893906e-03 9.989758761948110966e-01 0.000000000000000000e+00 0.000000000000000000e+00 0.000000000000000000e+00
3.000000000000000000e+05 7.500155398910535176e-02 2.389622212107419402e-03 9.976103777878926326e-01 0.000000000000000000e+00 0.000000000000000000e+00 0.000000000000000000e+00
3.040000000000000000e+05 7.600157470896018452e-02 1.479289940828402332e-03 9.985207100591716456e-01 0.000000000000000000e+00 0.000000000000000000e+00 0.000000000000000000e+00
3.080000000000000000e+05 7.700159542881479524e-02 1.365498406918525280e-03 9.986345015930814251e-01 0.000000000000000000e+00 0.000000000000000000e+00 0.000000000000000000e+00
3.120000000000000000e+05 7.800161614866962800e-02 6.827492034592626399e-04 9.993172507965407680e-01 0.000000000000000000e+00 0.000000000000000000e+00 0.000000000000000000e+00
3.160000000000000000e+05 7.900163686852423872e-02 5.689576695493854790e-04 9.994310423304506585e-01 0.000000000000000000e+00 0.000000000000000000e+00 0.000000000000000000e+00
3.200000000000000000e+05 8.000165758837907148e-02 2.617205279927173507e-03 9.973827947200728516e-01 0.000000000000000000e+00 0.000000000000000000e+00 0.000000000000000000e+00
3.240000000000000000e+05 8.100167830823368220e-02 9.103322712790168532e-04 9.989758761948110966e-01 0.000000000000000000e+00 1.137915339098771066e-04 0.000000000000000000e+00
3.280000000000000000e+05 8.200169902808851496e-02 1.934456076467910759e-03 9.979517523896221931e-01 0.000000000000000000e+00 1.137915339098771066e-04 0.000000000000000000e+00
3.320000000000000000e+05 8.300171974794334773e-02 9.103322712790168532e-04 9.990896677287209870e-01 0.000000000000000000e+00 0.000000000000000000e+00 0.000000000000000000e+00
3.360000000000000000e+05 8.400174046779795844e-02 1.934456076467910759e-03 9.980655439235320836e-01 0.000000000000000000e+00 0.000000000000000000e+00 0.000000000000000000e+00
3.400000000000000000e+05 8.500176118765279121e-02 2.162039144287664864e-03 9.978379608557123026e-01 0.000000000000000000e+00 0.000000000000000000e+00 0.000000000000000000e+00
3.440000000000000000e+05 8.600178190750740193e-02 1.251706873008648227e-03 9.986345015930814251e-01 0.000000000000000000e+00 1.137915339098771066e-04 0.000000000000000000e+00
3.480000000000000000e+05 8.700180262736223469e-02 3.186162949476558769e-03 9.968138370505233992e-01 0.000000000000000000e+00 0.000000000000000000e+00 0.000000000000000000e+00
3.520000000000000000e+05 8.800182334721684541e-02 2.048247610377787811e-03 9.979517523896221931e-01 0.000000000000000000e+00 0.000000000000000000e+00 0.000000000000000000e+00
3.560000000000000000e+05 8.900184406707167817e-02 2.730996813837050560e-03 9.972690031861629611e-01 0.000000000000000000e+00 0.000000000000000000e+00 0.000000000000000000e+00
3.600000000000000000e+05 9.000186478692651093e-02 3.186162949476558769e-03 9.968138370505233992e-01 0.000000000000000000e+00 0.000000000000000000e+00 0.000000000000000000e+00
3.640000000000000000e+05 9.100188550678112165e-02 2.503413746017296455e-03 9.974965862539827421e-01 0.000000000000000000e+00 0.000000000000000000e+00 0.000000000000000000e+00
3.680000000000000000e+05 9.200190622663595441e-02 3.641329085116067413e-03 9.963586709148839482e-01 0.000000000000000000e+00 0.000000000000000000e+00 0.000000000000000000e+00
3.720000000000000000e+05 9.300192694649056513e-02 1.820664542558033706e-03 9.980655439235320836e-01 0.000000000000000000e+00 1.137915339098771066e-04 0.000000000000000000e+00
3.760000000000000000e+05 9.400194766634539789e-02 4.437869822485207214e-03 9.953345471096950448e-01 0.000000000000000000e+00 2.275830678197542133e-04 0.000000000000000000e+00
3.800000000000000000e+05 9.500196838620000861e-02 3.413746017296313308e-03 9.964724624487938387e-01 0.000000000000000000e+00 1.137915339098771066e-04 0.000000000000000000e+00
3.840000000000000000e+05 9.600198910605484137e-02 4.893035958124715423e-03 9.951069640418752638e-01 0.000000000000000000e+00 0.000000000000000000e+00 0.000000000000000000e+00
3.880000000000000000e+05 9.700200982590967413e-02 2.617205279927173507e-03 9.973827947200728516e-01 0.000000000000000000e+00 0.000000000000000000e+00 0.000000000000000000e+00
3.920000000000000000e+05 9.800203054576428485e-02 5.120619025944469528e-03 9.948793809740554828e-01 0.000000000000000000e+00 0.000000000000000000e+00 0.000000000000000000e+00
3.960000000000000000e+05 9.900205126561911761e-02 3.527537551206190360e-03 9.964724624487938387e-01 0.000000000000000000e+00 0.000000000000000000e+00 0.000000000000000000e+00
4.000000000000000000e+05 1.000020719854737283e-01 3.982703686845699004e-03 9.960172963131542767e-01 0.000000000000000000e+00 0.000000000000000000e+00 0.000000000000000000e+00
4.040000000000000000e+05 1.010020927053285611e-01 3.868912152935821518e-03 9.960172963131542767e-01 0.000000000000000000e+00 1.137915339098771066e-04 0.000000000000000000e+00
4.080000000000000000e+05 1.020021134251831718e-01 9.330905780609922637e-03 9.905553026854801990e-01 0.000000000000000000e+00 1.137915339098771066e-04 0.000000000000000000e+00
4.120000000000000000e+05 1.030021341450380046e-01 7.396449704142011444e-03 9.926035502958580059e-01 0.000000000000000000e+00 0.000000000000000000e+00 0.000000000000000000e+00
4.160000000000000000e+05 1.040021548648928373e-01 5.234410559854347014e-03 9.946517979062358128e-01 0.000000000000000000e+00 1.137915339098771066e-04 0.000000000000000000e+00
4.200000000000000000e+05 1.050021755847474481e-01 6.827492034592626616e-03 9.929449248975875664e-01 0.000000000000000000e+00 2.275830678197542133e-04 0.000000000000000000e+00
4.240000000000000000e+05 1.060021963046022808e-01 4.324078288575329727e-03 9.956759217114247162e-01 0.000000000000000000e+00 0.000000000000000000e+00 0.000000000000000000e+00
4.280000000000000000e+05 1.070022170244568915e-01 6.486117432862995025e-03 9.935138825671370189e-01 0.000000000000000000e+00 0.000000000000000000e+00 0.000000000000000000e+00
4.320000000000000000e+05 1.080022377443117243e-01 6.941283568502503235e-03 9.929449248975875664e-01 0.000000000000000000e+00 1.137915339098771066e-04 0.000000000000000000e+00
4.360000000000000000e+05 1.090022584641663350e-01 9.899863450159307465e-03 9.899863450159308575e-01 0.000000000000000000e+00 1.137915339098771066e-04 0.000000000000000000e+00
4.400000000000000000e+05 1.100022791840211678e-01 8.534365043240782836e-03 9.913518434228493215e-01 0.000000000000000000e+00 1.137915339098771066e-04 0.000000000000000000e+00
4.440000000000000000e+05 1.110022999038760005e-01 8.648156577150659455e-03 9.911242603550295405e-01 0.000000000000000000e+00 2.275830678197542133e-04 0.000000000000000000e+00
4.480000000000000000e+05 1.120023206237306113e-01 7.624032771961766417e-03 9.922621756941283344e-01 0.000000000000000000e+00 1.137915339098771066e-04 0.000000000000000000e+00
4.520000000000000000e+05 1.130023413435854440e-01 1.058261265361857065e-02 9.893035958124715146e-01 0.000000000000000000e+00 1.137915339098771066e-04 0.000000000000000000e+00
4.560000000000000000e+05 1.140023620634400547e-01 9.217114246700046018e-03 9.907828857532999800e-01 0.000000000000000000e+00 0.000000000000000000e+00 0.000000000000000000e+00
4.600000000000000000e+05 1.150023827832948875e-01 1.058261265361857065e-02 9.894173873463814051e-01 0.000000000000000000e+00 0.000000000000000000e+00 0.000000000000000000e+00
4.640000000000000000e+05 1.160024035031494982e-01 7.396449704142011444e-03 9.926035502958580059e-01 0.000000000000000000e+00 0.000000000000000000e+00 0.000000000000000000e+00
4.680000000000000000e+05 1.170024242230043310e-01 9.786071916249430847e-03 9.901001365498406370e-01 0.000000000000000000e+00 1.137915339098771066e-04 0.000000000000000000e+00
4.720000000000000000e+05 1.180024449428591637e-01 1.331360946745562164e-02 9.865725989986344757e-01 0.000000000000000000e+00 1.137915339098771066e-04 0.000000000000000000e+00
4.760000000000000000e+05 1.190024656627137745e-01 1.069640418752844727e-02 9.891898042785616241e-01 0.000000000000000000e+00 1.137915339098771066e-04 0.000000000000000000e+00
4.800000000000000000e+05 1.200024863825686072e-01 7.055075102412380721e-03 9.929449248975875664e-01 0.000000000000000000e+00 0.000000000000000000e+00 0.000000000000000000e+00
4.840000000000000000e+05 1.210025071024232179e-01 1.058261265361857065e-02 9.894173873463814051e-01 0.000000000000000000e+00 0.000000000000000000e+00 0.000000000000000000e+00
4.880000000000000000e+05 1.220025278222780507e-01 1.194811106053709528e-02 9.877105143377332697e-01 0.000000000000000000e+00 3.413746017296313199e-04 0.000000000000000000e+00
4.920000000000000000e+05 1.230025485421326614e-01 1.467910787437414627e-02 9.850933090578061213e-01 0.000000000000000000e+00 2.275830678197542133e-04 0.000000000000000000e+00
4.960000000000000000e+05 1.240025692619874942e-01 1.285844333181611343e-02 9.871415566681839282e-01 0.000000000000000000e+00 0.000000000000000000e+00 0.000000000000000000e+00
5.000000000000000000e+05 1.250025899818423269e-01 1.490669094219390124e-02 9.850933090578061213e-01 0.000000000000000000e+00 0.000000000000000000e+00 0.000000000000000000e+00
5.040000000000000000e+05 1.260026107016969377e-01 1.240327719617660522e-02 9.872553482020938187e-01 0.000000000000000000e+00 3.413746017296313199e-04 0.000000000000000000e+00
5.080000000000000000e+05 1.270026314215517704e-01 1.706873008648156567e-02 9.829312699135184239e-01 0.000000000000000000e+00 0.000000000000000000e+00 0.000000000000000000e+00
5.120000000000000000e+05 1.280026521414063811e-01 1.467910787437414627e-02 9.852071005917160118e-01 0.000000000000000000e+00 1.137915339098771066e-04 0.000000000000000000e+00
5.160000000000000000e+05 1.290026728612612139e-01 1.558944014565316269e-02 9.844105598543468894e-01 0.000000000000000000e+00 0.000000000000000000e+00 0.000000000000000000e+00
5.200000000000000000e+05 1.300026935811158246e-01 1.695493855257168905e-02 9.830450614474283144e-01 0.000000000000000000e+00 0.000000000000000000e+00 0.000000000000000000e+00
5.240000000000000000e+05 1.310027143009706574e-01 1.718252162039144229e-02 9.827036868456986429e-01 0.000000000000000000e+00 1.137915339098771066e-04 0.000000000000000000e+00
5.280000000000000000e+05 1.320027350208254902e-01 1.627218934911242587e-02 9.837278106508875464e-01 0.000000000000000000e+00 0.000000000000000000e+00 0.000000000000000000e+00
5.320000000000000000e+05 1.330027557406801009e-01 1.979972690031861493e-02 9.802002730996813851e-01 0.000000000000000000e+00 0.000000000000000000e+00 0.000000000000000000e+00
5.360000000000000000e+05 1.340027764605349336e-01 2.253072371415566766e-02 9.774692762858443462e-01 0.000000000000000000e+00 0.000000000000000000e+00 0.000000000000000000e+00
5.400000000000000000e+05 1.350027971803895444e-01 2.150659990896677115e-02 9.784934000910332497e-01 0.000000000000000000e+00 0.000000000000000000e+00 0.000000000000000000e+00
5.440000000000000000e+05 1.360028179002443771e-01 2.833409194355939950e-02 9.716659080564405970e-01 0.000000000000000000e+00 0.000000000000000000e+00 0.000000000000000000e+00
5.480000000000000000e+05 1.370028386200989878e-01 2.901684114701866268e-02 9.708693673190714746e-01 0.000000000000000000e+00 1.137915339098771066e-04 0.000000000000000000e+00
5.520000000000000000e+05 1.380028593399538206e-01 2.264451524806554428e-02 9.773554847519344557e-01 0.000000000000000000e+00 0.000000000000000000e+00 0.000000000000000000e+00
5.560000000000000000e+05 1.390028800598086534e-01 2.799271734182976618e-02 9.720072826581702685e-01 0.000000000000000000e+00 0.000000000000000000e+00 0.000000000000000000e+00
5.600000000000000000e+05 1.400029007796632641e-01 3.174783796085571541e-02 9.682521620391443262e-01 0.000000000000000000e+00 0.000000000000000000e+00 0.000000000000000000e+00
5.640000000000000000e+05 1.410029214995180968e-01 2.833409194355939950e-02 9.716659080564405970e-01 0.000000000000000000e+00 0.000000000000000000e+00 0.000000000000000000e+00
5.680000000000000000e+05 1.420029422193727076e-01 3.379608557123350149e-02 9.662039144287665193e-01 0.000000000000000000e+00 0.000000000000000000e+00 0.000000000000000000e+00
5.720000000000000000e+05 1.430029629392275403e-01 3.550295857988165771e-02 9.643832498862084934e-01 0.000000000000000000e+00 1.137915339098771066e-04 0.000000000000000000e+00
5.760000000000000000e+05 1.440029836590821510e-01 2.844788347746927612e-02 9.715521165225307065e-01 0.000000000000000000e+00 0.000000000000000000e+00 0.000000000000000000e+00
5.800000000000000000e+05 1.450030043789369838e-01 4.574419663177059503e-02 9.541420118343195700e-01 0.000000000000000000e+00 1.137915339098771066e-04 0.000000000000000000e+00
5.840000000000000000e+05 1.460030250987918166e-01 3.720983158852981393e-02 9.625625853436504675e-01 0.000000000000000000e+00 2.275830678197542133e-04 0.000000000000000000e+00
5.880000000000000000e+05 1.470030458186464273e-01 4.130632680928538608e-02 9.586936731907146347e-01 0.000000000000000000e+00 0.000000000000000000e+00 0.000000000000000000e+00
5.920000000000000000e+05 1.480030665385012600e-01 3.812016385980882688e-02 9.617660446062813451e-01 0.000000000000000000e+00 1.137915339098771066e-04 0.000000000000000000e+00
5.960000000000000000e+05 1.490030872583558708e-01 3.641329085116067066e-02 9.635867091488393710e-01 0.000000000000000000e+00 0.000000000000000000e+00 0.000000000000000000e+00
6.000000000000000000e+05 1.500031079782107035e-01 4.210286754665452935e-02 9.577833409194356218e-01 0.000000000000000000e+00 1.137915339098771066e-04 0.000000000000000000e+00
6.040000000000000000e+05 1.510031286980653142e-01 4.597177969959034827e-02 9.540282203004096795e-01 0.000000000000000000e+00 0.000000000000000000e+00 0.000000000000000000e+00
6.080000000000000000e+05 1.520031494179201470e-01 4.779244424214838111e-02 9.522075557578516536e-01 0.000000000000000000e+00 0.000000000000000000e+00 0.000000000000000000e+00
6.120000000000000000e+05 1.530031701377749798e-01 5.336822940373236318e-02 9.465179790623577949e-01 0.000000000000000000e+00 1.137915339098771066e-04 0.000000000000000000e+00
6.160000000000000000e+05 1.540031908576295905e-01 5.666818388711879900e-02 9.433318161128811941e-01 0.000000000000000000e+00 0.000000000000000000e+00 0.000000000000000000e+00
6.200000000000000000e+05 1.550032115774844232e-01 5.302685480200273332e-02 9.469731451979972459e-01 0.000000000000000000e+00 0.000000000000000000e+00 0.000000000000000000e+00
6.240000000000000000e+05 1.560032322973390340e-01 6.269913518434228061e-02 9.373008648156576639e-01 0.000000000000000000e+00 0.000000000000000000e+00 0.000000000000000000e+00
6.280000000000000000e+05 1.570032530171938667e-01 5.689576695493855224e-02 9.431042330450614131e-01 0.000000000000000000e+00 0.000000000000000000e+00 0.000000000000000000e+00
6.320000000000000000e+05 1.580032737370484774e-01 6.326809285389166371e-02 9.366181156121984319e-01 0.000000000000000000e+00 1.137915339098771066e-04 0.000000000000000000e+00
6.360000000000000000e+05 1.590032944569033102e-01 6.679563040509786664e-02 9.332043695949021611e-01 0.000000000000000000e+00 0.000000000000000000e+00 0.000000000000000000e+00
6.400000000000000000e+05 1.600033151767581430e-01 5.974055530268548159e-02 9.401456531634045932e-01 0.000000000000000000e+00 1.137915339098771066e-04 0.000000000000000000e+00
6.440000000000000000e+05 1.610033358966127537e-01 6.827492034592626269e-02 9.317250796540736957e-01 0.000000000000000000e+00 0.000000000000000000e+00 0.000000000000000000e+00
6.480000000000000000e+05 1.620033566164675864e-01 6.975421028675465873e-02 9.302457897132453413e-01 0.000000000000000000e+00 0.000000000000000000e+00 0.000000000000000000e+00
6.520000000000000000e+05 1.630033773363221972e-01 6.508875739644970349e-02 9.349112426035502965e-01 0.000000000000000000e+00 0.000000000000000000e+00 0.000000000000000000e+00
6.560000000000000000e+05 1.640033980561770299e-01 7.555757851615839404e-02 9.243286299499317016e-01 0.000000000000000000e+00 1.137915339098771066e-04 0.000000000000000000e+00
6.600000000000000000e+05 1.650034187760316406e-01 7.532999544833864081e-02 9.246700045516613731e-01 0.000000000000000000e+00 0.000000000000000000e+00 0.000000000000000000e+00
6.640000000000000000e+05 1.660034394958864734e-01 8.466090122894856518e-02 9.152253072371415721e-01 0.000000000000000000e+00 1.137915339098771066e-04 0.000000000000000000e+00
6.680000000000000000e+05 1.670034602157413062e-01 7.999544833864360993e-02 9.200045516613564178e-01 0.000000000000000000e+00 0.000000000000000000e+00 0.000000000000000000e+00
6.720000000000000000e+05 1.680034809355959169e-01 9.387801547564861293e-02 9.060081929904415521e-01 0.000000000000000000e+00 1.137915339098771066e-04 0.000000000000000000e+00
6.760000000000000000e+05 1.690035016554507497e-01 9.604005461993628257e-02 9.038461538461538547e-01 0.000000000000000000e+00 1.137915339098771066e-04 0.000000000000000000e+00
6.800000000000000000e+05 1.700035223753053604e-01 1.044606281292671801e-01 8.955393718707328476e-01 0.000000000000000000e+00 0.000000000000000000e+00 0.000000000000000000e+00
6.840000000000000000e+05 1.710035430951601931e-01 1.115157032316795582e-01 8.884842967683204140e-01 0.000000000000000000e+00 0.000000000000000000e+00 0.000000000000000000e+00
6.880000000000000000e+05 1.720035638150148039e-01 1.042330450614474269e-01 8.956531634046427381e-01 0.000000000000000000e+00 1.137915339098771066e-04 0.000000000000000000e+00
6.920000000000000000e+05 1.730035845348696366e-01 1.027537551206190308e-01 8.972462448793809831e-01 0.000000000000000000e+00 0.000000000000000000e+00 0.000000000000000000e+00
6.960000000000000000e+05 1.740036052547244694e-01 1.110605370960400518e-01 8.889394629039599760e-01 0.000000000000000000e+00 0.000000000000000000e+00 0.000000000000000000e+00
7.000000000000000000e+05 1.750036259745790801e-01 1.248293126991351781e-01 8.750568957669548897e-01 0.000000000000000000e+00 1.137915339098771066e-04 0.000000000000000000e+00
7.040000000000000000e+05 1.760036466944339129e-01 1.313154301319981732e-01 8.686845698680017991e-01 0.000000000000000000e+00 0.000000000000000000e+00 0.000000000000000000e+00
7.080000000000000000e+05 1.770036674142885236e-01 1.313154301319981732e-01 8.686845698680017991e-01 0.000000000000000000e+00 0.000000000000000000e+00 0.000000000000000000e+00
7.120000000000000000e+05 1.780036881341433563e-01 1.227810650887573990e-01 8.772189349112425871e-01 0.000000000000000000e+00 0.000000000000000000e+00 0.000000000000000000e+00
7.160000000000000000e+05 1.790037088539979671e-01 1.530496131087847045e-01 8.467228038233954868e-01 0.000000000000000000e+00 2.275830678197542133e-04 0.000000000000000000e+00
7.200000000000000000e+05 1.800037295738527998e-01 1.483841602184797492e-01 8.513882567137005530e-01 0.000000000000000000e+00 2.275830678197542133e-04 0.000000000000000000e+00
7.240000000000000000e+05 1.810037502937076326e-01 1.646563495675921751e-01 8.353436504324078804e-01 0.000000000000000000e+00 0.000000000000000000e+00 0.000000000000000000e+00
7.280000000000000000e+05 1.820037710135622433e-01 1.751251706873008518e-01 8.246472462448793950e-01 0.000000000000000000e+00 2.275830678197542133e-04 0.000000000000000000e+00
7.320000000000000000e+05 1.830037917334170761e-01 2.435138825671370189e-01 7.439690487027764698e-01 1.137915339098771045e-02 1.137915339098770958e-03 0.000000000000000000e+00
7.360000000000000000e+05 1.840038124532716868e-01 3.225989986345015881e-01 5.235548475193445572e-01 1.456531634046426826e-01 8.192990441511151245e-03 0.000000000000000000e+00
7.400000000000000000e+05 1.850038331731265195e-01 3.055302685480200120e-01 5.336822940373235902e-01 1.533909877105143482e-01 7.396449704142011444e-03 0.000000000000000000e+00
7.440000000000000000e+05 1.860038538929813523e-01 2.918752844788347622e-01 5.316340464269457833e-01 1.657942649066909413e-01 1.069640418752844727e-02 0.000000000000000000e+00
7.480000000000000000e+05 1.870038746128359630e-01 2.873236231224396975e-01 5.459717796995903205e-01 1.571461083295402905e-01 9.558488848429677609e-03 0.000000000000000000e+00
7.520000000000000000e+05 1.880038953326907958e-01 2.827719617660446327e-01 5.527992717341829731e-01 1.556668183887118806e-01 8.761948111060537808e-03 0.000000000000000000e+00
7.560000000000000000e+05 1.890039160525454065e-01 2.819754210286754548e-01 5.583750568957669413e-01 1.519116977696859383e-01 7.737824305871643035e-03 0.000000000000000000e+00
7.600000000000000000e+05 1.900039367724002393e-01 2.592171142467000200e-01 5.975193445607647202e-01 1.341602184797451025e-01 9.103322712790167665e-03 0.000000000000000000e+00
7.640000000000000000e+05 1.910039574922548500e-01 2.328174783796085612e-01 6.207328174783796060e-01 1.391670459717797015e-01 7.282658170232134826e-03 0.000000000000000000e+00
7.680000000000000000e+05 1.920039782121096827e-01 2.248520710059171701e-01 6.277878925807920396e-01 1.412152935821574806e-01 6.144742831133363434e-03 0.000000000000000000e+00
7.720000000000000000e+05 1.930039989319645155e-01 2.234865725989986229e-01 6.280154756486117096e-01 1.426945835229858905e-01 5.803368229403732710e-03 0.000000000000000000e+00
7.760000000000000000e+05 1.940040196518191262e-01 2.232589895311788697e-01 6.255120619025944517e-01 1.451979972690031762e-01 6.030951297223486815e-03 0.000000000000000000e+00
7.800000000000000000e+05 1.950040403716739590e-01 2.253072371415566766e-01 6.242603550295857673e-01 1.449704142011834229e-01 5.461993627674101119e-03 0.000000000000000000e+00
7.840000000000000000e+05 1.960040610915285697e-01 2.210969503868912278e-01 6.192535275375512516e-01 1.540737369139736079e-01 5.575785161583977738e-03 0.000000000000000000e+00
7.880000000000000000e+05 1.970040818113834025e-01 2.188211197086936677e-01 6.214155666818388379e-01 1.547564861174328676e-01 5.006827492034592909e-03 0.000000000000000000e+00
7.920000000000000000e+05 1.980041025312380132e-01 2.184797451069640517e-01 6.199362767410104835e-01 1.553254437869822369e-01 6.258534365043240920e-03 0.000000000000000000e+00
7.960000000000000000e+05 1.990041232510928459e-01 2.215521165225307343e-01 6.151570323167956378e-01 1.574874829312699065e-01 5.803368229403732710e-03 0.000000000000000000e+00
8.000000000000000000e+05 2.000041439709476787e-01 2.180245789713245452e-01 6.181156121984524576e-01 1.581702321347291662e-01 5.689576695493855224e-03 0.000000000000000000e+00
8.040000000000000000e+05 2.010041646908022894e-01 2.205279927173418308e-01 6.162949476558944317e-01 1.548702776513427304e-01 8.306781975421027864e-03 0.000000000000000000e+00
8.080000000000000000e+05 2.020041854106571222e-01 2.288347746927628656e-01 6.129949931725079404e-01 1.515703231679562946e-01 6.599908966772872511e-03 0.000000000000000000e+00
8.120000000000000000e+05 2.030042061305117329e-01 2.294037323623122349e-01 6.119708693673190369e-01 1.535047792444242110e-01 5.120619025944469528e-03 0.000000000000000000e+00
8.160000000000000000e+05 2.040042268503665657e-01 2.240555302685480199e-01 6.186845698680017991e-01 1.524806554392353075e-01 4.779244424214838804e-03 0.000000000000000000e+00
8.200000000000000000e+05 2.050042475702211764e-01 2.263313609467455523e-01 6.121984524351388179e-01 1.560081929904415243e-01 5.461993627674101119e-03 0.000000000000000000e+00
8.240000000000000000e+05 2.060042682900760092e-01 2.254210286754665393e-01 6.092398725534819981e-01 1.587391898042785632e-01 6.599908966772872511e-03 0.000000000000000000e+00
8.280000000000000000e+05 2.070042890099308419e-01 2.291761492944924816e-01 6.137915339098770628e-01 1.511151570323167881e-01 5.917159763313609329e-03 0.000000000000000000e+00
8.320000000000000000e+05 2.080043097297854526e-01 2.270141101502048120e-01 6.076467910787437532e-01 1.602184797451069731e-01 5.120619025944469528e-03 0.000000000000000000e+00
8.360000000000000000e+05 2.090043304496402854e-01 2.263313609467455523e-01 6.063950842057350687e-01 1.606736458807464796e-01 6.599908966772872511e-03 0.000000000000000000e+00
8.400000000000000000e+05 2.100043511694948961e-01 2.151797906235776159e-01 6.242603550295857673e-01 1.552116522530723741e-01 5.348202093764223633e-03 0.000000000000000000e+00
8.440000000000000000e+05 2.110043718893497289e-01 2.182521620391442985e-01 6.150432407828857473e-01 1.597633136094674666e-01 6.941283568502503235e-03 0.000000000000000000e+00
8.480000000000000000e+05 2.120043926092043396e-01 2.195038689121529274e-01 6.116294947655894765e-01 1.626081019572143960e-01 6.258534365043240920e-03 0.000000000000000000e+00
8.520000000000000000e+05 2.130044133290591724e-01 2.173418297678652578e-01 6.118570778334091465e-01 1.627218934911242587e-01 8.079198907601274626e-03 0.000000000000000000e+00
8.560000000000000000e+05 2.140044340489140051e-01 2.204142011834319403e-01 6.093536640873918886e-01 1.619253527537551085e-01 8.306781975421027864e-03 0.000000000000000000e+00
8.600000000000000000e+05 2.150044547687686158e-01 2.245106964041875264e-01 6.111743286299499145e-01 1.580564406008193035e-01 6.258534365043240920e-03 0.000000000000000000e+00
8.640000000000000000e+05 2.160044754886234486e-01 2.298588984979517413e-01 6.063950842057350687e-01 1.571461083295402905e-01 6.599908966772872511e-03 0.000000000000000000e+00
8.680000000000000000e+05 2.170044962084780593e-01 2.263313609467455523e-01 6.102639963586709015e-01 1.549840691852526209e-01 8.420573509330906217e-03 0.000000000000000000e+00
8.720000000000000000e+05 2.180045169283328921e-01 2.262175694128356895e-01 6.084433318161128756e-01 1.577150659990896597e-01 7.624032771961766417e-03 0.000000000000000000e+00
8.760000000000000000e+05 2.190045376481875028e-01 2.346381429221665871e-01 5.996813837050523066e-01 1.581702321347291662e-01 7.510241238051888930e-03 0.000000000000000000e+00
8.800000000000000000e+05 2.200045583680423356e-01 2.234865725989986229e-01 6.052571688666362748e-01 1.642011834319526686e-01 7.055075102412380721e-03 0.000000000000000000e+00
8.840000000000000000e+05 2.210045790878971683e-01 2.183659535730541612e-01 6.216431497496586189e-01 1.547564861174328676e-01 5.234410559854347014e-03 0.000000000000000000e+00
8.880000000000000000e+05 2.220045998077517790e-01 2.173418297678652578e-01 6.253982703686845612e-01 1.522530723714155543e-01 5.006827492034592909e-03 0.000000000000000000e+00
8.920000000000000000e+05 2.230046205276066118e-01 2.156349567592171224e-01 6.265361857077833552e-01 1.529358215748748417e-01 4.893035958124715423e-03 0.000000000000000000e+00
8.960000000000000000e+05 2.240046412474612225e-01 2.242831133363677731e-01 6.232362312243968638e-01 1.454255803368229294e-01 7.055075102412380721e-03 0.000000000000000000e+00
9.000000000000000000e+05 2.250046619673160553e-01 2.230314064633591165e-01 6.208466090122894965e-01 1.507737824305871721e-01 5.348202093764223633e-03 0.000000000000000000e+00
9.040000000000000000e+05 2.260046826871706660e-01 2.231451979972690070e-01 6.154984069185253093e-01 1.555530268548019901e-01 5.803368229403732710e-03 0.000000000000000000e+00
9.080000000000000000e+05 2.270047034070254988e-01 2.226900318616295005e-01 6.157259899863449792e-01 1.553254437869822369e-01 6.258534365043240920e-03 0.000000000000000000e+00
