# itime ezz other fcc hcp bcc ico
0.000000000000000000e+00 0.000000000000000000e+00 1.024123805188893906e-03 9.989758761948110966e-01 0.000000000000000000e+00 0.000000000000000000e+00 0.000000000000000000e+00
2.500000000000000000e+01 1.000009060930562299e-03 4.551661356395084266e-04 9.995448338643604380e-01 0.000000000000000000e+00 0.000000000000000000e+00 0.000000000000000000e+00
5.000000000000000000e+01 2.000018121861124598e-03 7.965407373691396923e-04 9.992034592626308775e-01 0.000000000000000000e+00 0.000000000000000000e+00 0.000000000000000000e+00
7.500000000000000000e+01 3.000027182791686897e-03 6.827492034592626399e-04 9.993172507965407680e-01 0.000000000000000000e+00 0.000000000000000000e+00 0.000000000000000000e+00
1.000000000000000000e+02 4.000036243722249196e-03 9.103322712790168532e-04 9.990896677287209870e-01 0.000000000000000000e+00 0.000000000000000000e+00 0.000000000000000000e+00
1.250000000000000000e+02 5.000045304652811495e-03 3.413746017296313199e-04 9.996586253982703285e-01 0.000000000000000000e+00 0.000000000000000000e+00 0.000000000000000000e+00
1.500000000000000000e+02 6.000054365583373794e-03 4.551661356395084266e-04 9.995448338643604380e-01 0.000000000000000000e+00 0.000000000000000000e+00 0.000000000000000000e+00
1.750000000000000000e+02 7.000063426513936093e-03 3.413746017296313199e-04 9.996586253982703285e-01 0.000000000000000000e+00 0.000000000000000000e+00 0.000000000000000000e+00
2.000000000000000000e+02 8.000072487444498393e-03 9.103322712790168532e-04 9.990896677287209870e-01 0.000000000000000000e+00 0.000000000000000000e+00 0.000000000000000000e+00
2.250000000000000000e+02 9.000081548375060692e-03 2.730996813837050560e-03 9.972690031861629611e-01 0.000000000000000000e+00 0.000000000000000000e+00 0.000000000000000000e+00
2.500000000000000000e+02 1.000009060930562299e-02 6.827492034592626399e-04 9.992034592626308775e-01 0.000000000000000000e+00 1.137915339098771066e-04 0.000000000000000000e+00
2.750000000000000000e+02 1.100009967023618529e-02 7.965407373691396923e-04 9.992034592626308775e-01 0.000000000000000000e+00 0.000000000000000000e+00 0.000000000000000000e+00
3.000000000000000000e+02 1.200010873116674759e-02 1.137915339098770958e-03 9.988620846609012061e-01 0.000000000000000000e+00 0.000000000000000000e+00 0.000000000000000000e+00
3.250000000000000000e+02 1.300011779209730989e-02 4.551661356395084266e-04 9.995448338643604380e-01 0.000000000000000000e+00 0.000000000000000000e+00 0.000000000000000000e+00
3.500000000000000000e+02 1.400012685302787219e-02 2.162039144287664864e-03 9.978379608557123026e-01 0.000000000000000000e+00 0.000000000000000000e+00 0.000000000000000000e+00
3.750000000000000000e+02 1.500013591395865653e-02 1.479289940828402332e-03 9.985207100591716456e-01 0.000000000000000000e+00 0.000000000000000000e+00 0.000000000000000000e+00
4.000000000000000000e+02 1.600014497488921883e-02 1.934456076467910759e-03 9.980655439235320836e-01 0.000000000000000000e+00 0.000000000000000000e+00 0.000000000000000000e+00
4.250000000000000000e+02 1.700015403581978113e-02 1.934456076467910759e-03 9.980655439235320836e-01 0.000000000000000000e+00 0.000000000000000000e+00 0.000000000000000000e+00
4.500000000000000000e+02 1.800016309675034343e-02 9.103322712790168532e-04 9.989758761948110966e-01 0.000000000000000000e+00 1.137915339098771066e-04 0.000000000000000000e+00
4.750000000000000000e+02 1.900017215768090573e-02 1.479289940828402332e-03 9.985207100591716456e-01 0.000000000000000000e+00 0.000000000000000000e+00 0.000000000000000000e+00
5.000000000000000000e+02 2.000018121861146803e-02 3.299954483386436255e-03 9.967000455166135087e-01 0.000000000000000000e+00 0.000000000000000000e+00 0.000000000000000000e+00
5.250000000000000000e+02 2.100019027954203032e-02 2.617205279927173507e-03 9.972690031861629611e-01 0.000000000000000000e+00 1.137915339098771066e-04 0.000000000000000000e+00
5.500000000000000000e+02 2.200019934047259262e-02 2.389622212107419402e-03 9.974965862539827421e-01 0.000000000000000000e+00 1.137915339098771066e-04 0.000000000000000000e+00
5.750000000000000000e+02 2.300020840140315492e-02 3.072371415566681717e-03 9.969276285844332897e-01 0.000000000000000000e+00 0.000000000000000000e+00 0.000000000000000000e+00
6.000000000000000000e+02 2.400021746233371722e-02 2.617205279927173507e-03 9.970414201183431802e-01 0.000000000000000000e+00 3.413746017296313199e-04 0.000000000000000000e+00
6.250000000000000000e+02 2.500022652326427952e-02 2.389622212107419402e-03 9.976103777878926326e-01 0.000000000000000000e+00 0.000000000000000000e+00 0.000000000000000000e+00
6.500000000000000000e+02 2.600023558419484182e-02 2.730996813837050560e-03 9.972690031861629611e-01 0.000000000000000000e+00 0.000000000000000000e+00 0.000000000000000000e+00
6.750000000000000000e+02 2.700024464512540412e-02 6.258534365043240920e-03 9.935138825671370189e-01 0.000000000000000000e+00 2.275830678197542133e-04 0.000000000000000000e+00
7.000000000000000000e+02 2.800025370605596642e-02 2.730996813837050560e-03 9.972690031861629611e-01 0.000000000000000000e+00 0.000000000000000000e+00 0.000000000000000000e+00
7.250000000000000000e+02 2.900026276698652872e-02 3.186162949476558769e-03 9.967000455166135087e-01 0.000000000000000000e+00 1.137915339098771066e-04 0.000000000000000000e+00
7.500000000000000000e+02 3.000027182791709102e-02 4.779244424214838804e-03 9.952207555757851543e-01 0.000000000000000000e+00 0.000000000000000000e+00 0.000000000000000000e+00
7.750000000000000000e+02 3.100028088884765332e-02 4.437869822485207214e-03 9.954483386436049352e-01 0.000000000000000000e+00 1.137915339098771066e-04 0.000000000000000000e+00
8.000000000000000000e+02 3.200028994977821561e-02 4.324078288575329727e-03 9.955621301775148257e-01 0.000000000000000000e+00 1.137915339098771066e-04 0.000000000000000000e+00
8.250000000000000000e+02 3.300029901070877791e-02 3.755120619025944465e-03 9.961310878470641672e-01 0.000000000000000000e+00 1.137915339098771066e-04 0.000000000000000000e+00
8.500000000000000000e+02 3.400030807163934021e-02 3.186162949476558769e-03 9.968138370505233992e-01 0.000000000000000000e+00 0.000000000000000000e+00 0.000000000000000000e+00
8.750000000000000000e+02 3.500031713256990251e-02 6.372325898953117539e-03 9.934000910332271284e-01 0.000000000000000000e+00 2.275830678197542133e-04 0.000000000000000000e+00
9.000000000000000000e+02 3.600032619350046481e-02 4.779244424214838804e-03 9.951069640418752638e-01 0.000000000000000000e+00 1.137915339098771066e-04 0.000000000000000000e+00
9.250000000000000000e+02 3.700033525443102711e-02 3.413746017296313308e-03 9.965862539827037292e-01 0.000000000000000000e+00 0.000000000000000000e+00 0.000000000000000000e+00
9.500000000000000000e+02 3.800034431536158941e-02 7.396449704142011444e-03 9.923759672280382249e-01 0.000000000000000000e+00 2.275830678197542133e-04 0.000000000000000000e+00
9.750000000000000000e+02 3.900035337629215171e-02 7.624032771961766417e-03 9.920345926263085534e-01 0.000000000000000000e+00 3.413746017296313199e-04 0.000000000000000000e+00
1.000000000000000000e+03 4.000036243722271401e-02 4.551661356395083832e-03 9.952207555757851543e-01 0.000000000000000000e+00 2.275830678197542133e-04 0.000000000000000000e+00
1.025000000000000000e+03 4.100037149815327631e-02 5.461993627674101119e-03 9.944242148384160318e-01 0.000000000000000000e+00 1.137915339098771066e-04 0.000000000000000000e+00
1.050000000000000000e+03 4.200038055908383861e-02 8.420573509330906217e-03 9.914656349567592120e-01 0.000000000000000000e+00 1.137915339098771066e-04 0.000000000000000000e+00
1.075000000000000000e+03 4.300038962001462295e-02 8.648156577150659455e-03 9.907828857532999800e-01 0.000000000000000000e+00 5.689576695493854790e-04 0.000000000000000000e+00
1.100000000000000000e+03 4.400039868094518525e-02 6.941283568502503235e-03 9.929449248975875664e-01 0.000000000000000000e+00 1.137915339098771066e-04 0.000000000000000000e+00
1.125000000000000000e+03 4.500040774187574755e-02 8.534365043240782836e-03 9.913518434228493215e-01 0.000000000000000000e+00 1.137915339098771066e-04 0.000000000000000000e+00
1.150000000000000000e+03 4.600041680280630985e-02 8.534365043240782836e-03 9.910104688211197610e-01 0.000000000000000000e+00 4.551661356395084266e-04 0.000000000000000000e+00
1.175000000000000000e+03 4.700042586373687215e-02 1.035502958579881741e-02 9.886208466090122826e-01 0.000000000000000000e+00 1.024123805188893906e-03 0.000000000000000000e+00
1.200000000000000000e+03 4.800043492466743444e-02 1.365498406918525323e-02 9.857760582612653533e-01 0.000000000000000000e+00 5.689576695493854790e-04 0.000000000000000000e+00
1.225000000000000000e+03 4.900044398559799674e-02 1.456531634046426965e-02 9.845243513882566688e-01 0.000000000000000000e+00 9.103322712790168532e-04 0.000000000000000000e+00
1.250000000000000000e+03 5.000045304652855904e-02 1.206190259444697363e-02 9.875967228038233792e-01 0.000000000000000000e+00 3.413746017296313199e-04 0.000000000000000000e+00
1.275000000000000000e+03 5.100046210745912134e-02 1.217569412835685025e-02 9.872553482020938187e-01 0.000000000000000000e+00 5.689576695493854790e-04 0.000000000000000000e+00
1.300000000000000000e+03 5.200047116838968364e-02 1.661356395084205573e-02 9.829312699135184239e-01 0.000000000000000000e+00 4.551661356395084266e-04 0.000000000000000000e+00
1.325000000000000000e+03 5.300048022932024594e-02 1.957214383249886169e-02 9.798588984979517136e-01 0.000000000000000000e+00 5.689576695493854790e-04 0.000000000000000000e+00
1.350000000000000000e+03 5.400048929025080824e-02 1.263086026399635846e-02 9.870277651342740377e-01 0.000000000000000000e+00 3.413746017296313199e-04 0.000000000000000000e+00
1.375000000000000000e+03 5.500049835118137054e-02 1.285844333181611343e-02 9.866863905325443662e-01 0.000000000000000000e+00 4.551661356395084266e-04 0.000000000000000000e+00
1.400000000000000000e+03 5.600050741211193284e-02 1.888939462903959851e-02 9.800864815657714946e-01 0.000000000000000000e+00 1.024123805188893906e-03 0.000000000000000000e+00
1.425000000000000000e+03 5.700051647304249514e-02 2.810650887573964626e-02 9.709831588529813651e-01 0.000000000000000000e+00 9.103322712790168532e-04 0.000000000000000000e+00
1.450000000000000000e+03 5.800052553397305743e-02 2.730996813837050646e-02 9.715521165225307065e-01 0.000000000000000000e+00 1.137915339098770958e-03 0.000000000000000000e+00
1.475000000000000000e+03 5.900053459490361973e-02 2.514792899408284030e-02 9.736003641329085134e-01 0.000000000000000000e+00 1.251706873008648227e-03 0.000000000000000000e+00
1.500000000000000000e+03 6.000054365583418203e-02 1.558944014565316269e-02 9.835002275830677654e-01 0.000000000000000000e+00 9.103322712790168532e-04 0.000000000000000000e+00
1.525000000000000000e+03 6.100055271676474433e-02 2.969959035047792587e-02 9.687073281747837772e-01 0.000000000000000000e+00 1.593081474738279385e-03 0.000000000000000000e+00
1.550000000000000000e+03 6.200056177769530663e-02 2.810650887573964626e-02 9.709831588529813651e-01 0.000000000000000000e+00 9.103322712790168532e-04 0.000000000000000000e+00
1.575000000000000000e+03 6.300057083862586893e-02 2.662721893491124328e-02 9.718934911242603780e-01 0.000000000000000000e+00 1.479289940828402332e-03 0.000000000000000000e+00
1.600000000000000000e+03 6.400057989955643123e-02 3.413746017296313134e-02 9.642694583522986029e-01 0.000000000000000000e+00 1.593081474738279385e-03 0.000000000000000000e+00
1.625000000000000000e+03 6.500058896048699353e-02 3.538916704597178109e-02 9.623350022758306865e-01 0.000000000000000000e+00 2.275830678197541916e-03 0.000000000000000000e+00
1.650000000000000000e+03 6.600059802141755583e-02 3.675466545289030745e-02 9.613108784706417831e-01 0.000000000000000000e+00 1.934456076467910759e-03 0.000000000000000000e+00
1.675000000000000000e+03 6.700060708234811813e-02 4.517523896222121194e-02 9.514110150204825311e-01 0.000000000000000000e+00 3.413746017296313308e-03 0.000000000000000000e+00
1.700000000000000000e+03 6.800061614327868043e-02 4.506144742831133532e-02 9.515248065543923106e-01 0.000000000000000000e+00 3.413746017296313308e-03 0.000000000000000000e+00
1.725000000000000000e+03 6.900062520420924272e-02 4.938552571688666071e-02 9.483386436049158208e-01 0.000000000000000000e+00 2.275830678197541916e-03 0.000000000000000000e+00
1.750000000000000000e+03 7.000063426513980502e-02 4.096495220755575623e-02 9.573281747837960598e-01 0.000000000000000000e+00 1.706873008648156654e-03 0.000000000000000000e+00
1.775000000000000000e+03 7.100064332607036732e-02 4.119253527537550946e-02 9.560764679107874864e-01 0.000000000000000000e+00 2.730996813837050560e-03 0.000000000000000000e+00
1.800000000000000000e+03 7.200065238700115167e-02 4.221665908056440597e-02 9.552799271734182529e-01 0.000000000000000000e+00 2.503413746017296455e-03 0.000000000000000000e+00
1.825000000000000000e+03 7.300066144793171397e-02 5.075102412380518707e-02 9.449248975876194390e-01 0.000000000000000000e+00 4.324078288575329727e-03 0.000000000000000000e+00
1.850000000000000000e+03 7.400067050886227626e-02 6.178880291306326766e-02 9.338871187983613931e-01 0.000000000000000000e+00 4.324078288575329727e-03 0.000000000000000000e+00
1.875000000000000000e+03 7.500067956979283856e-02 6.110605370960400795e-02 9.329767865270823801e-01 0.000000000000000000e+00 5.917159763313609329e-03 0.000000000000000000e+00
1.900000000000000000e+03 7.600068863072340086e-02 8.306781975421029252e-02 9.107874374146563978e-01 0.000000000000000000e+00 6.144742831133363434e-03 0.000000000000000000e+00
1.925000000000000000e+03 7.700069769165396316e-02 6.986800182066454923e-02 9.241010468821119206e-01 0.000000000000000000e+00 6.030951297223486815e-03 0.000000000000000000e+00
1.950000000000000000e+03 7.800070675258452546e-02 8.238507055075101893e-02 9.111288120163859583e-01 0.000000000000000000e+00 6.486117432862995025e-03 0.000000000000000000e+00
1.975000000000000000e+03 7.900071581351508776e-02 8.682294037323623481e-02 9.040737369139736357e-01 0.000000000000000000e+00 9.103322712790167665e-03 0.000000000000000000e+00
2.000000000000000000e+03 8.000072487444565006e-02 9.660901228948566566e-02 8.926945835229859183e-01 0.000000000000000000e+00 1.069640418752844727e-02 0.000000000000000000e+00
2.025000000000000000e+03 8.100073393537621236e-02 9.797451069640418508e-02 8.928083750568958088e-01 0.000000000000000000e+00 9.217114246700046018e-03 0.000000000000000000e+00
2.050000000000000000e+03 8.200074299630677466e-02 1.009330905780609910e-01 8.891670459717796460e-01 0.000000000000000000e+00 9.899863450159307465e-03 0.000000000000000000e+00
2.075000000000000000e+03 8.300075205723733696e-02 1.020710059171597572e-01 8.849567592171142527e-01 1.137915339098771066e-04 1.285844333181611343e-02 0.000000000000000000e+00
2.100000000000000000e+03 8.400076111816789926e-02 1.277878925807919841e-01 8.545744196631770428e-01 0.000000000000000000e+00 1.763768775603095224e-02 0.000000000000000000e+00
2.125000000000000000e+03 8.500077017909846155e-02 1.379153390987710448e-01 8.394401456531633832e-01 0.000000000000000000e+00 2.264451524806554428e-02 0.000000000000000000e+00
2.150000000000000000e+03 8.600077924002902385e-02 1.478152025489303523e-01 8.298816568047336917e-01 0.000000000000000000e+00 2.230314064633591095e-02 0.000000000000000000e+00
2.175000000000000000e+03 8.700078830095958615e-02 1.545289030496131144e-01 8.165680473372780579e-01 1.137915339098771066e-04 2.878925807919890598e-02 0.000000000000000000e+00
2.200000000000000000e+03 8.800079736189014845e-02 1.629494765589440120e-01 8.048475193445607800e-01 0.000000000000000000e+00 3.220300409649522189e-02 0.000000000000000000e+00
2.225000000000000000e+03 8.900080642282071075e-02 1.845698680018206528e-01 7.756030951297223641e-01 0.000000000000000000e+00 3.982703686845699004e-02 0.000000000000000000e+00
2.250000000000000000e+03 9.000081548375127305e-02 1.969731451979972736e-01 7.579654073736914466e-01 0.000000000000000000e+00 4.506144742831133532e-02 0.000000000000000000e+00
2.275000000000000000e+03 9.100082454468183535e-02 2.236003641329085134e-01 7.203004096495220221e-01 3.413746017296313199e-04 5.575785161583977911e-02 0.000000000000000000e+00
2.300000000000000000e+03 9.200083360561239765e-02 2.297451069640418786e-01 6.970869367319071364e-01 2.275830678197542133e-04 7.294037323623121793e-02 0.000000000000000000e+00
2.325000000000000000e+03 9.300084266654295995e-02 2.518206645425580259e-01 6.598771051433773849e-01 0.000000000000000000e+00 8.830223031406463086e-02 0.000000000000000000e+00
2.350000000000000000e+03 9.400085172747352225e-02 2.758306781975420896e-01 6.166363222576239922e-01 1.820664542558033706e-03 1.057123350022758368e-01 0.000000000000000000e+00
2.375000000000000000e+03 9.500086078840408454e-02 2.982476103777879084e-01 5.729403732362312596e-01 2.844788347746927612e-03 1.259672280382339582e-01 0.000000000000000000e+00
2.400000000000000000e+03 9.600086984933464684e-02 3.084888484296768318e-01 5.417614929449249273e-01 4.324078288575329727e-03 1.454255803368229294e-01 0.000000000000000000e+00
2.425000000000000000e+03 9.700087891026520914e-02 3.128129267182521711e-01 5.192307692307692735e-01 5.803368229403732710e-03 1.621529358215748617e-01 0.000000000000000000e+00
2.450000000000000000e+03 9.800088797119577144e-02 3.270368684569868178e-01 4.828174783796085334e-01 8.079198907601274626e-03 1.820664542558033672e-01 0.000000000000000000e+00
2.475000000000000000e+03 9.900089703212633374e-02 3.186162949476559203e-01 4.710969503868912001e-01 1.137915339098771045e-02 1.989076012744651900e-01 0.000000000000000000e+00
2.500000000000000000e+03 1.000009060930571181e-01 3.255575785161584079e-01 4.403732362312243742e-01 1.797906235776058209e-02 2.160901228948566288e-01 0.000000000000000000e+00
2.525000000000000000e+03 1.010009151539876804e-01 3.339781520254893055e-01 4.209148839326354308e-01 1.763768775603095224e-02 2.274692762858443462e-01 0.000000000000000000e+00
2.550000000000000000e+03 1.020009242149182427e-01 3.319299044151114986e-01 4.054392353208920996e-01 2.059626763768775473e-02 2.420345926263086089e-01 0.000000000000000000e+00
2.575000000000000000e+03 1.030009332758488050e-01 3.411470186618115741e-01 3.882567137005006885e-01 2.571688666363222686e-02 2.448793809740555383e-01 0.000000000000000000e+00
2.600000000000000000e+03 1.040009423367793673e-01 3.635639508420573374e-01 3.522985889849795105e-01 2.639963586709149004e-02 2.577378243058716656e-01 0.000000000000000000e+00
2.625000000000000000e+03 1.050009513977099296e-01 3.664087391898042667e-01 3.412608101957214646e-01 2.913063268092853930e-02 2.631998179335457433e-01 0.000000000000000000e+00
2.650000000000000000e+03 1.060009604586404919e-01 3.624260355029585989e-01 3.345471096950387024e-01 3.356850250341374825e-02 2.694583522985889990e-01 0.000000000000000000e+00
2.675000000000000000e+03 1.070009695195710542e-01 3.793809740555302845e-01 3.137232589895311841e-01 3.743741465634956717e-02 2.694583522985889990e-01 0.000000000000000000e+00
2.700000000000000000e+03 1.080009785805016165e-01 3.761948111060536837e-01 3.049613108784706150e-01 4.437869822485206867e-02 2.744651797906235702e-01 0.000000000000000000e+00
2.725000000000000000e+03 1.090009876414321788e-01 3.793809740555302845e-01 2.955166135639508695e-01 4.574419663177059503e-02 2.793582157487483064e-01 0.000000000000000000e+00
2.750000000000000000e+03 1.100009967023627411e-01 3.834774692762858428e-01 2.842512517068729871e-01 5.723714155666818210e-02 2.750341374601729671e-01 0.000000000000000000e+00
2.775000000000000000e+03 1.110010057632933034e-01 3.938324988620846567e-01 2.684342284934000955e-01 6.451979972690032039e-02 2.732134729176149412e-01 0.000000000000000000e+00
2.800000000000000000e+03 1.120010148242238657e-01 3.897360036413290985e-01 2.675238962221210826e-01 6.417842512517069054e-02 2.785616750113791285e-01 0.000000000000000000e+00
2.825000000000000000e+03 1.130010238851544280e-01 3.870050068274920596e-01 2.547792444242148457e-01 6.634046426945834629e-02 2.918752844788347622e-01 0.000000000000000000e+00
2.850000000000000000e+03 1.140010329460849903e-01 4.065771506599908935e-01 2.482931269913518368e-01 6.952662721893490549e-02 2.756030951297223641e-01 0.000000000000000000e+00
2.875000000000000000e+03 1.150010420070155526e-01 4.064633591260810030e-01 2.451069640418752915e-01 7.908511606736458310e-02 2.693445607646791085e-01 0.000000000000000000e+00
2.900000000000000000e+03 1.160010510679461149e-01 4.031634046426945672e-01 2.472690031861629611e-01 8.124715521165225274e-02 2.683204369594902050e-01 0.000000000000000000e+00
2.925000000000000000e+03 1.170010601288766772e-01 3.917842512517068498e-01 2.492034592626308498e-01 8.955393718707328754e-02 2.694583522985889990e-01 0.000000000000000000e+00
2.950000000000000000e+03 1.180010691898072395e-01 4.118115612198452458e-01 2.352071005917159841e-01 9.569868001820663883e-02 2.572826581702321591e-01 0.000000000000000000e+00
2.975000000000000000e+03 1.190010782507378018e-01 4.153390987710514071e-01 2.333864360491579304e-01 1.063950842057350965e-01 2.448793809740555383e-01 0.000000000000000000e+00
3.000000000000000000e+03 1.200010873116683641e-01 4.083978152025489194e-01 2.363450159308147502e-01 1.021847974510696339e-01 2.530723714155666548e-01 0.000000000000000000e+00
3.025000000000000000e+03 1.210010963725989264e-01 4.203459262630860338e-01 2.245106964041875264e-01 1.074192080109239861e-01 2.477241693218024676e-01 0.000000000000000000e+00
3.050000000000000000e+03 1.220011054335294887e-01 4.253527537551206050e-01 2.200728265817023244e-01 1.109467455621301751e-01 2.436276741010468816e-01 0.000000000000000000e+00
3.075000000000000000e+03 1.230011144944600510e-01 4.324078288575329831e-01 2.228038233955393632e-01 1.108329540282202985e-01 2.339553937187073274e-01 0.000000000000000000e+00
3.100000000000000000e+03 1.240011235553906133e-01 4.329767865270823801e-01 2.195038689121529274e-01 1.112881201638598050e-01 2.362312243969048597e-01 0.000000000000000000e+00
3.125000000000000000e+03 1.250011326163211756e-01 4.349112426035502965e-01 2.214383249886208438e-01 1.160673645880746507e-01 2.275830678197542090e-01 0.000000000000000000e+00
3.150000000000000000e+03 1.260011416772517379e-01 4.316112881201638607e-01 2.157487482931269851e-01 1.259672280382339582e-01 2.266727355484751960e-01 0.000000000000000000e+00
3.175000000000000000e+03 1.270011507381823002e-01 4.329767865270823801e-01 2.214383249886208438e-01 1.283568502503413811e-01 2.172280382339553950e-01 0.000000000000000000e+00
3.200000000000000000e+03 1.280011597991128625e-01 4.486800182066454368e-01 2.081247155211652378e-01 1.266499772416932179e-01 2.165452890304961353e-01 0.000000000000000000e+00
3.225000000000000000e+03 1.290011688600436468e-01 4.390077378243058548e-01 2.088074647246244975e-01 1.284706417842512438e-01 2.237141556668183762e-01 0.000000000000000000e+00
3.250000000000000000e+03 1.300011779209742091e-01 4.590350477924442507e-01 2.005006827492034627e-01 1.279016841147018746e-01 2.125625853436504398e-01 0.000000000000000000e+00
3.275000000000000000e+03 1.310011869819047714e-01 4.630177514792899185e-01 2.002730996813837094e-01 1.233500227583067821e-01 2.133591260810195622e-01 0.000000000000000000e+00
3.300000000000000000e+03 1.320011960428353337e-01 4.516385980883022566e-01 1.968593536640873831e-01 1.294947655894401473e-01 2.220072826581702408e-01 0.000000000000000000e+00
3.325000000000000000e+03 1.330012051037658960e-01 4.703004096495220776e-01 1.871870732817478289e-01 1.284706417842512438e-01 2.140418752844788219e-01 0.000000000000000000e+00
3.350000000000000000e+03 1.340012141646964583e-01 4.598315885298133732e-01 1.936731907146108378e-01 1.279016841147018746e-01 2.185935366408739144e-01 0.000000000000000000e+00
3.375000000000000000e+03 1.350012232256270206e-01 4.714383249886208715e-01 1.851388256713700498e-01 1.286982248520709970e-01 2.147246244879381094e-01 0.000000000000000000e+00
3.400000000000000000e+03 1.360012322865575829e-01 4.690487027765134487e-01 1.837733272644515303e-01 1.284706417842512438e-01 2.185935366408739144e-01 1.137915339098771066e-04
3.425000000000000000e+03 1.370012413474881452e-01 4.666590805644060258e-01 1.833181611288120239e-01 1.291533909877105035e-01 2.208693673190714746e-01 0.000000000000000000e+00
3.450000000000000000e+03 1.380012504084187075e-01 4.935138825671370189e-01 1.729631315430132099e-01 1.228948566226672756e-01 2.106281292671825234e-01 0.000000000000000000e+00
3.475000000000000000e+03 1.390012594693492698e-01 4.797451069640418786e-01 1.761492944924897552e-01 1.286982248520709970e-01 2.154073736913973691e-01 0.000000000000000000e+00
3.500000000000000000e+03 1.400012685302798321e-01 4.885070550751023921e-01 1.728493400091033194e-01 1.335912608101957333e-01 2.050523441055985552e-01 0.000000000000000000e+00
3.525000000000000000e+03 1.410012775912103944e-01 5.038689121529358328e-01 1.634046426945835184e-01 1.268775603095129711e-01 2.057350933090578149e-01 1.137915339098771066e-04
3.550000000000000000e+03 1.420012866521409567e-01 5.019344560764679164e-01 1.643149749658625314e-01 1.279016841147018746e-01 2.058488848429676776e-01 0.000000000000000000e+00
3.575000000000000000e+03 1.430012957130715190e-01 5.208238507055075184e-01 1.646563495675921751e-01 1.244879380974055483e-01 1.900318616294947582e-01 0.000000000000000000e+00
3.600000000000000000e+03 1.440013047740020813e-01 5.096722803823395820e-01 1.606736458807464796e-01 1.281292671825216278e-01 2.015248065543923661e-01 0.000000000000000000e+00
3.625000000000000000e+03 1.450013138349326436e-01 5.056895766954938587e-01 1.586253982703686727e-01 1.290395994538006408e-01 2.066454255803368278e-01 0.000000000000000000e+00
3.650000000000000000e+03 1.460013228958632059e-01 5.219617660446063123e-01 1.544151115157032239e-01 1.299499317250796537e-01 1.936731907146108378e-01 0.000000000000000000e+00
3.675000000000000000e+03 1.470013319567937682e-01 5.238962221210742287e-01 1.579426490669094130e-01 1.289258079198907503e-01 1.892353208921256358e-01 0.000000000000000000e+00
3.700000000000000000e+03 1.480013410177243305e-01 5.337960855712334807e-01 1.438324988620846567e-01 1.384842967683204418e-01 1.838871187983613931e-01 0.000000000000000000e+00
3.725000000000000000e+03 1.490013500786548928e-01 5.229858898497952158e-01 1.400773782430587144e-01 1.421256258534364936e-01 1.948111060537096040e-01 0.000000000000000000e+00
3.750000000000000000e+03 1.500013591395854551e-01 5.524578971324533017e-01 1.401911697769686049e-01 1.331360946745562268e-01 1.742148384160218388e-01 0.000000000000000000e+00
3.775000000000000000e+03 1.510013682005160174e-01 5.301547564861174289e-01 1.441738734638143005e-01 1.406463359126081114e-01 1.850250341374601593e-01 0.000000000000000000e+00
3.800000000000000000e+03 1.520013772614465797e-01 5.312926718252162228e-01 1.383705052344105513e-01 1.403049613108784677e-01 1.900318616294947582e-01 0.000000000000000000e+00
3.825000000000000000e+03 1.530013863223771420e-01 5.424442421483841592e-01 1.352981338188438687e-01 1.436049157942649035e-01 1.786527082385070686e-01 0.000000000000000000e+00
3.850000000000000000e+03 1.540013953833077043e-01 5.485889849795174689e-01 1.281292671825216278e-01 1.351843422849340060e-01 1.880974055530268418e-01 0.000000000000000000e+00
3.875000000000000000e+03 1.550014044442382666e-01 5.461993627674101015e-01 1.316568047337278169e-01 1.434911242603550408e-01 1.786527082385070686e-01 0.000000000000000000e+00
3.900000000000000000e+03 1.560014135051688289e-01 5.543923532089212181e-01 1.322257624032771861e-01 1.389394629039599482e-01 1.744424214838415921e-01 0.000000000000000000e+00
3.925000000000000000e+03 1.570014225660996132e-01 5.479062357760582369e-01 1.286982248520709970e-01 1.426945835229858905e-01 1.807009558488848477e-01 0.000000000000000000e+00
3.950000000000000000e+03 1.580014316270301755e-01 5.614474283113336517e-01 1.281292671825216278e-01 1.391670459717797015e-01 1.712562585343650468e-01 0.000000000000000000e+00
3.975000000000000000e+03 1.590014406879607378e-01 5.564406008192990249e-01 1.310878470641784199e-01 1.372325898953117851e-01 1.752389622212107423e-01 0.000000000000000000e+00
4.000000000000000000e+03 1.600014497488913001e-01 5.611060537096039802e-01 1.304050978607191602e-01 1.408739189804278646e-01 1.676149294492489672e-01 0.000000000000000000e+00
4.025000000000000000e+03 1.610014588098218624e-01 5.620163859808829931e-01 1.246017296313154249e-01 1.385980883022303045e-01 1.747837960855712358e-01 0.000000000000000000e+00
4.050000000000000000e+03 1.620014678707524247e-01 5.621301775147928836e-01 1.223258989531178925e-01 1.411015020482476179e-01 1.744424214838415921e-01 0.000000000000000000e+00
4.075000000000000000e+03 1.630014769316829870e-01 5.700955848884843302e-01 1.203914428766499761e-01 1.398497951752389612e-01 1.696631770596267741e-01 0.000000000000000000e+00
4.100000000000000000e+03 1.640014859926135493e-01 5.682749203459263043e-01 1.208466090122894826e-01 1.385980883022303045e-01 1.722803823395539502e-01 0.000000000000000000e+00
4.125000000000000000e+03 1.650014950535441116e-01 5.753299954483386269e-01 1.211879836140191125e-01 1.362084660901228816e-01 1.672735548475193512e-01 0.000000000000000000e+00
4.150000000000000000e+03 1.660015041144746739e-01 5.781747837960855563e-01 1.192535275375512099e-01 1.415566681838871244e-01 1.610150204824760956e-01 0.000000000000000000e+00
4.175000000000000000e+03 1.670015131754052362e-01 5.745334547109695045e-01 1.230086481565771522e-01 1.358670914883932657e-01 1.665908056440600915e-01 0.000000000000000000e+00
4.200000000000000000e+03 1.680015222363357985e-01 5.848884842967683184e-01 1.152708238507055144e-01 1.397360036413290985e-01 1.601046882111970826e-01 0.000000000000000000e+00
4.225000000000000000e+03 1.690015312972663608e-01 5.724852071005916976e-01 1.242603550295857950e-01 1.392808375056895642e-01 1.639736003641329154e-01 0.000000000000000000e+00
4.250000000000000000e+03 1.700015403581969231e-01 5.757851615839781889e-01 1.257396449704142050e-01 1.430359581247155343e-01 1.554392353208921274e-01 0.000000000000000000e+00
4.275000000000000000e+03 1.710015494191274854e-01 5.721438324988621371e-01 1.192535275375512099e-01 1.417842512517068776e-01 1.668183887118798447e-01 0.000000000000000000e+00
4.300000000000000000e+03 1.720015584800580477e-01 5.731679563040509295e-01 1.127674101046882149e-01 1.472462448793809831e-01 1.668183887118798447e-01 0.000000000000000000e+00
4.325000000000000000e+03 1.730015675409886100e-01 5.838643604915794150e-01 1.132225762403277214e-01 1.417842512517068776e-01 1.611288120163859861e-01 0.000000000000000000e+00
4.350000000000000000e+03 1.740015766019191723e-01 5.862539827036868934e-01 1.173190714610832935e-01 1.470186618115612298e-01 1.494082840236686527e-01 0.000000000000000000e+00
4.375000000000000000e+03 1.750015856628497346e-01 5.803368229403732537e-01 1.151570323167956239e-01 1.459945380063723264e-01 1.583978152025489194e-01 1.137915339098771066e-04
4.400000000000000000e+03 1.760015947237802969e-01 5.815885298133819381e-01 1.164087391898042806e-01 1.446290395994538069e-01 1.573736913973600438e-01 0.000000000000000000e+00
4.425000000000000000e+03 1.770016037847108592e-01 5.853436504324078804e-01 1.161811561219845274e-01 1.464497041420118328e-01 1.519116977696859383e-01 1.137915339098771066e-04
4.450000000000000000e+03 1.780016128456414215e-01 5.844333181611288675e-01 1.142467000455166110e-01 1.456531634046426826e-01 1.556668183887118806e-01 0.000000000000000000e+00
4.475000000000000000e+03 1.790016219065719838e-01 5.857988165680473314e-01 1.153846153846153910e-01 1.447428311333636697e-01 1.540737369139736079e-01 0.000000000000000000e+00
4.500000000000000000e+03 1.800016309675025461e-01 5.876194811106053573e-01 1.158397815202548975e-01 1.442876649977241632e-01 1.522530723714155543e-01 0.000000000000000000e+00
4.525000000000000000e+03 1.810016400284331084e-01 5.769230769230768718e-01 1.151570323167956239e-01 1.463359126081019701e-01 1.615839781520254925e-01 0.000000000000000000e+00
4.550000000000000000e+03 1.820016490893636707e-01 5.810195721438324856e-01 1.141329085116067343e-01 1.482703686845698587e-01 1.565771506599908935e-01 0.000000000000000000e+00
4.575000000000000000e+03 1.830016581502942330e-01 5.821574874829312796e-01 1.180018206645425533e-01 1.451979972690031762e-01 1.546426945835229771e-01 0.000000000000000000e+00
4.600000000000000000e+03 1.840016672112247953e-01 5.826126536185707305e-01 1.184569868001820597e-01 1.477014110150204895e-01 1.512289485662266786e-01 0.000000000000000000e+00
4.625000000000000000e+03 1.850016762721555796e-01 5.718024578971324656e-01 1.214155666818388657e-01 1.540737369139736079e-01 1.527082385070550885e-01 0.000000000000000000e+00
4.650000000000000000e+03 1.860016853330861419e-01 5.785161583978152278e-01 1.165225307237141572e-01 1.503186162949476656e-01 1.546426945835229771e-01 0.000000000000000000e+00
4.675000000000000000e+03 1.870016943940167042e-01 5.765817023213473114e-01 1.162949476558944040e-01 1.487255348202093652e-01 1.583978152025489194e-01 0.000000000000000000e+00
4.700000000000000000e+03 1.880017034549472665e-01 5.680473372781065233e-01 1.199362767410104696e-01 1.543013199817933612e-01 1.577150659990896597e-01 0.000000000000000000e+00
4.725000000000000000e+03 1.890017125158778288e-01 5.744196631770596140e-01 1.150432407828857473e-01 1.596495220755575761e-01 1.508875739644970349e-01 0.000000000000000000e+00
4.750000000000000000e+03 1.900017215768083911e-01 5.757851615839781889e-01 1.135639508420573512e-01 1.570323167956304000e-01 1.536185707783341015e-01 0.000000000000000000e+00
4.775000000000000000e+03 1.910017306377389534e-01 5.644060081929904715e-01 1.157259899863450209e-01 1.611288120163859861e-01 1.587391898042785632e-01 0.000000000000000000e+00
4.800000000000000000e+03 1.920017396986695157e-01 5.677059626763768518e-01 1.161811561219845274e-01 1.632908511606736557e-01 1.528220300409649512e-01 0.000000000000000000e+00
4.825000000000000000e+03 1.930017487596000780e-01 5.513199817933546187e-01 1.202776513427400995e-01 1.656804733727810786e-01 1.627218934911242587e-01 0.000000000000000000e+00
4.850000000000000000e+03 1.940017578205306403e-01 5.714610832954027941e-01 1.193673190714610866e-01 1.611288120163859861e-01 1.480427856167501055e-01 0.000000000000000000e+00
4.875000000000000000e+03 1.950017668814612026e-01 5.712335002275830131e-01 1.182294037323623065e-01 1.613563950842057393e-01 1.491807009558488717e-01 0.000000000000000000e+00
4.900000000000000000e+03 1.960017759423917649e-01 5.739644970414201630e-01 1.172052799271734169e-01 1.636322257624032717e-01 1.451979972690031762e-01 0.000000000000000000e+00
4.925000000000000000e+03 1.970017850033223272e-01 5.727127901684114786e-01 1.170914883932635403e-01 1.712562585343650468e-01 1.389394629039599482e-01 0.000000000000000000e+00
4.950000000000000000e+03 1.980017940642528895e-01 5.718024578971324656e-01 1.187983614019117035e-01 1.680700955848884737e-01 1.413290851160673711e-01 0.000000000000000000e+00
4.975000000000000000e+03 1.990018031251834518e-01 5.663404642694583879e-01 1.186845698680018268e-01 1.687528447883477334e-01 1.462221210741920796e-01 0.000000000000000000e+00
5.000000000000000000e+03 2.000018121861140141e-01 5.689576695493855363e-01 1.175466545289030468e-01 1.720527992717341692e-01 1.414428766499772339e-01 0.000000000000000000e+00
5.025000000000000000e+03 2.010018212470445764e-01 5.741920801092398330e-01 1.187983614019117035e-01 1.743286299499317293e-01 1.326809285389166926e-01 0.000000000000000000e+00
5.050000000000000000e+03 2.020018303079751387e-01 5.757851615839781889e-01 1.161811561219845274e-01 1.802457897132453413e-01 1.277878925807919841e-01 0.000000000000000000e+00
5.075000000000000000e+03 2.030018393689057010e-01 5.714610832954027941e-01 1.156121984524351443e-01 1.770596267637687682e-01 1.358670914883932657e-01 0.000000000000000000e+00
5.100000000000000000e+03 2.040018484298362633e-01 5.600819299044150767e-01 1.173190714610832935e-01 1.830905780609922706e-01 1.395084205735093175e-01 0.000000000000000000e+00
5.125000000000000000e+03 2.050018574907668256e-01 5.680473372781065233e-01 1.153846153846153910e-01 1.882111970869367323e-01 1.283568502503413811e-01 0.000000000000000000e+00
5.150000000000000000e+03 2.060018665516973879e-01 5.667956304050978389e-01 1.170914883932635403e-01 1.828629949931725174e-01 1.332498862084660896e-01 0.000000000000000000e+00
5.175000000000000000e+03 2.070018756126279502e-01 5.758989531178880794e-01 1.148156577150659940e-01 1.821802457897132577e-01 1.271051433773327244e-01 0.000000000000000000e+00
5.200000000000000000e+03 2.080018846735585125e-01 5.762403277196176399e-01 1.116294947655894348e-01 1.876422394173873354e-01 1.244879380974055483e-01 0.000000000000000000e+00
5.225000000000000000e+03 2.090018937344890748e-01 5.811333636777423761e-01 1.144742831133363642e-01 1.893491124260354985e-01 1.150432407828857473e-01 0.000000000000000000e+00
5.250000000000000000e+03 2.100019027954196371e-01 5.765817023213473114e-01 1.125398270368684617e-01 1.910559854346836617e-01 1.198224852071005930e-01 0.000000000000000000e+00
5.275000000000000000e+03 2.110019118563501994e-01 5.779472007282657753e-01 1.157259899863450209e-01 1.928766499772416876e-01 1.134501593081474746e-01 0.000000000000000000e+00
5.300000000000000000e+03 2.120019209172807617e-01 5.839781520254893055e-01 1.098088302230314089e-01 1.976558944014565333e-01 1.085571233500227523e-01 0.000000000000000000e+00
5.325000000000000000e+03 2.130019299782113240e-01 5.852298588984979899e-01 1.082157487482931224e-01 2.018661811561219821e-01 1.046882111970869333e-01 0.000000000000000000e+00
5.350000000000000000e+03 2.140019390391421084e-01 5.747610377787892855e-01 1.095812471552116557e-01 2.088074647246244975e-01 1.068502503413746030e-01 0.000000000000000000e+00
5.375000000000000000e+03 2.150019481000726707e-01 5.744196631770596140e-01 1.095812471552116557e-01 2.045971779699590487e-01 1.114019116977696816e-01 0.000000000000000000e+00
5.400000000000000000e+03 2.160019571610032330e-01 5.770368684569867623e-01 1.082157487482931224e-01 2.048247610377788019e-01 1.099226217569412856e-01 0.000000000000000000e+00
5.425000000000000000e+03 2.170019662219337953e-01 5.758989531178880794e-01 1.071916249431042328e-01 2.050523441055985552e-01 1.118570778334091881e-01 0.000000000000000000e+00
5.450000000000000000e+03 2.180019752828643576e-01 5.712335002275830131e-01 1.088984979517523960e-01 2.061902594446973214e-01 1.136777423759672279e-01 0.000000000000000000e+00
5.475000000000000000e+03 2.190019843437949199e-01 5.650887573964497035e-01 1.101502048247610388e-01 2.144970414201183562e-01 1.102639963586709154e-01 0.000000000000000000e+00
5.500000000000000000e+03 2.200019934047254822e-01 5.746472462448793950e-01 1.062812926718252199e-01 2.141556668183887124e-01 1.049157942649066866e-01 0.000000000000000000e+00
5.525000000000000000e+03 2.210020024656560444e-01 5.681611288120164138e-01 1.079881656804733692e-01 2.111970869367319203e-01 1.126536185707783383e-01 0.000000000000000000e+00
5.550000000000000000e+03 2.220020115265866067e-01 5.821574874829312796e-01 1.012744651797906209e-01 2.106281292671825234e-01 1.059399180700955900e-01 0.000000000000000000e+00
5.575000000000000000e+03 2.230020205875171690e-01 5.769230769230768718e-01 9.774692762858443185e-02 2.148384160218479721e-01 1.104915794264906687e-01 0.000000000000000000e+00
5.600000000000000000e+03 2.240020296484477313e-01 5.790851160673645692e-01 9.808830223031406170e-02 2.141556668183887124e-01 1.086709148839326289e-01 0.000000000000000000e+00
5.625000000000000000e+03 2.250020387093782936e-01 5.815885298133819381e-01 9.956759217114247162e-02 2.212107419208010906e-01 9.763313609467455523e-02 0.000000000000000000e+00
5.650000000000000000e+03 2.260020477703088559e-01 5.824988620846609511e-01 9.649522075557578904e-02 2.243969048702776636e-01 9.660901228948566566e-02 0.000000000000000000e+00
5.675000000000000000e+03 2.270020568312394182e-01 5.871643149749659063e-01 9.330905780609922984e-02 2.245106964041875264e-01 9.501593081474737912e-02 0.000000000000000000e+00
