# itime ezz other fcc hcp bcc ico
0.000000000000000000e+00 0.000000000000000000e+00 0.000000000000000000e+00 1.000000000000000000e+00 0.000000000000000000e+00 0.000000000000000000e+00 0.000000000000000000e+00
2.500000000000000000e+01 9.999708217112157627e-04 0.000000000000000000e+00 1.000000000000000000e+00 0.000000000000000000e+00 0.000000000000000000e+00 0.000000000000000000e+00
5.000000000000000000e+01 1.999941643422653570e-03 0.000000000000000000e+00 1.000000000000000000e+00 0.000000000000000000e+00 0.000000000000000000e+00 0.000000000000000000e+00
7.500000000000000000e+01 2.999912465133869333e-03 0.000000000000000000e+00 1.000000000000000000e+00 0.000000000000000000e+00 0.000000000000000000e+00 0.000000000000000000e+00
1.000000000000000000e+02 3.999883286845307140e-03 0.000000000000000000e+00 1.000000000000000000e+00 0.000000000000000000e+00 0.000000000000000000e+00 0.000000000000000000e+00
1.250000000000000000e+02 4.999854108556522903e-03 0.000000000000000000e+00 1.000000000000000000e+00 0.000000000000000000e+00 0.000000000000000000e+00 0.000000000000000000e+00
1.500000000000000000e+02 5.999824930267960710e-03 0.000000000000000000e+00 1.000000000000000000e+00 0.000000000000000000e+00 0.000000000000000000e+00 0.000000000000000000e+00
1.750000000000000000e+02 6.999795751979176472e-03 0.000000000000000000e+00 1.000000000000000000e+00 0.000000000000000000e+00 0.000000000000000000e+00 0.000000000000000000e+00
2.000000000000000000e+02 7.999766573690614280e-03 0.000000000000000000e+00 1.000000000000000000e+00 0.000000000000000000e+00 0.000000000000000000e+00 0.000000000000000000e+00
2.250000000000000000e+02 8.999737395401830042e-03 0.000000000000000000e+00 1.000000000000000000e+00 0.000000000000000000e+00 0.000000000000000000e+00 0.000000000000000000e+00
2.500000000000000000e+02 9.999708217113267850e-03 0.000000000000000000e+00 1.000000000000000000e+00 0.000000000000000000e+00 0.000000000000000000e+00 0.000000000000000000e+00
2.750000000000000000e+02 1.099967903882448361e-02 0.000000000000000000e+00 1.000000000000000000e+00 0.000000000000000000e+00 0.000000000000000000e+00 0.000000000000000000e+00
3.000000000000000000e+02 1.199964986053592142e-02 0.000000000000000000e+00 1.000000000000000000e+00 0.000000000000000000e+00 0.000000000000000000e+00 0.000000000000000000e+00
3.250000000000000000e+02 1.299962068224713718e-02 0.000000000000000000e+00 1.000000000000000000e+00 0.000000000000000000e+00 0.000000000000000000e+00 0.000000000000000000e+00
3.500000000000000000e+02 1.399959150395835294e-02 0.000000000000000000e+00 1.000000000000000000e+00 0.000000000000000000e+00 0.000000000000000000e+00 0.000000000000000000e+00
3.750000000000000000e+02 1.499956232566979075e-02 0.000000000000000000e+00 1.000000000000000000e+00 0.000000000000000000e+00 0.000000000000000000e+00 0.000000000000000000e+00
4.000000000000000000e+02 1.599953314738100651e-02 0.000000000000000000e+00 1.000000000000000000e+00 0.000000000000000000e+00 0.000000000000000000e+00 0.000000000000000000e+00
4.250000000000000000e+02 1.699950396909244432e-02 0.000000000000000000e+00 1.000000000000000000e+00 0.000000000000000000e+00 0.000000000000000000e+00 0.000000000000000000e+00
4.500000000000000000e+02 1.799947479080366008e-02 0.000000000000000000e+00 1.000000000000000000e+00 0.000000000000000000e+00 0.000000000000000000e+00 0.000000000000000000e+00
4.750000000000000000e+02 1.899944561251509789e-02 0.000000000000000000e+00 1.000000000000000000e+00 0.000000000000000000e+00 0.000000000000000000e+00 0.000000000000000000e+00
5.000000000000000000e+02 1.999941643422631365e-02 0.000000000000000000e+00 1.000000000000000000e+00 0.000000000000000000e+00 0.000000000000000000e+00 0.000000000000000000e+00
5.250000000000000000e+02 2.099938725593775146e-02 0.000000000000000000e+00 1.000000000000000000e+00 0.000000000000000000e+00 0.000000000000000000e+00 0.000000000000000000e+00
5.500000000000000000e+02 2.199935807764896722e-02 0.000000000000000000e+00 1.000000000000000000e+00 0.000000000000000000e+00 0.000000000000000000e+00 0.000000000000000000e+00
5.750000000000000000e+02 2.299932889936040503e-02 0.000000000000000000e+00 1.000000000000000000e+00 0.000000000000000000e+00 0.000000000000000000e+00 0.000000000000000000e+00
6.000000000000000000e+02 2.399929972107162079e-02 0.000000000000000000e+00 1.000000000000000000e+00 0.000000000000000000e+00 0.000000000000000000e+00 0.000000000000000000e+00
6.250000000000000000e+02 2.499927054278305860e-02 0.000000000000000000e+00 1.000000000000000000e+00 0.000000000000000000e+00 0.000000000000000000e+00 0.000000000000000000e+00
6.500000000000000000e+02 2.599924136449427436e-02 0.000000000000000000e+00 1.000000000000000000e+00 0.000000000000000000e+00 0.000000000000000000e+00 0.000000000000000000e+00
6.750000000000000000e+02 2.699921218620549013e-02 0.000000000000000000e+00 1.000000000000000000e+00 0.000000000000000000e+00 0.000000000000000000e+00 0.000000000000000000e+00
7.000000000000000000e+02 2.799918300791692793e-02 0.000000000000000000e+00 1.000000000000000000e+00 0.000000000000000000e+00 0.000000000000000000e+00 0.000000000000000000e+00
7.250000000000000000e+02 2.899915382962814370e-02 0.000000000000000000e+00 1.000000000000000000e+00 0.000000000000000000e+00 0.000000000000000000e+00 0.000000000000000000e+00
7.500000000000000000e+02 2.999912465133958150e-02 0.000000000000000000e+00 1.000000000000000000e+00 0.000000000000000000e+00 0.000000000000000000e+00 0.000000000000000000e+00
7.750000000000000000e+02 3.099909547305079727e-02 0.000000000000000000e+00 1.000000000000000000e+00 0.000000000000000000e+00 0.000000000000000000e+00 0.000000000000000000e+00
8.000000000000000000e+02 3.199906629476223507e-02 0.000000000000000000e+00 1.000000000000000000e+00 0.000000000000000000e+00 0.000000000000000000e+00 0.000000000000000000e+00
8.250000000000000000e+02 3.299903711647345084e-02 0.000000000000000000e+00 1.000000000000000000e+00 0.000000000000000000e+00 0.000000000000000000e+00 0.000000000000000000e+00
8.500000000000000000e+02 3.399900793818488864e-02 0.000000000000000000e+00 1.000000000000000000e+00 0.000000000000000000e+00 0.000000000000000000e+00 0.000000000000000000e+00
8.750000000000000000e+02 3.499897875989610441e-02 0.000000000000000000e+00 1.000000000000000000e+00 0.000000000000000000e+00 0.000000000000000000e+00 0.000000000000000000e+00
9.000000000000000000e+02 3.599894958160754221e-02 0.000000000000000000e+00 1.000000000000000000e+00 0.000000000000000000e+00 0.000000000000000000e+00 0.000000000000000000e+00
9.250000000000000000e+02 3.699892040331875798e-02 0.000000000000000000e+00 1.000000000000000000e+00 0.000000000000000000e+00 0.000000000000000000e+00 0.000000000000000000e+00
9.500000000000000000e+02 3.799889122503019578e-02 0.000000000000000000e+00 1.000000000000000000e+00 0.000000000000000000e+00 0.000000000000000000e+00 0.000000000000000000e+00
9.750000000000000000e+02 3.899886204674141155e-02 0.000000000000000000e+00 1.000000000000000000e+00 0.000000000000000000e+00 0.000000000000000000e+00 0.000000000000000000e+00
1.000000000000000000e+03 3.999883286845262731e-02 0.000000000000000000e+00 1.000000000000000000e+00 0.000000000000000000e+00 0.000000000000000000e+00 0.000000000000000000e+00
1.025000000000000000e+03 4.099880369016406512e-02 0.000000000000000000e+00 1.000000000000000000e+00 0.000000000000000000e+00 0.000000000000000000e+00 0.000000000000000000e+00
1.050000000000000000e+03 4.199877451187528088e-02 0.000000000000000000e+00 1.000000000000000000e+00 0.000000000000000000e+00 0.000000000000000000e+00 0.000000000000000000e+00
1.075000000000000000e+03 4.299874533358671869e-02 0.000000000000000000e+00 1.000000000000000000e+00 0.000000000000000000e+00 0.000000000000000000e+00 0.000000000000000000e+00
1.100000000000000000e+03 4.399871615529793445e-02 0.000000000000000000e+00 1.000000000000000000e+00 0.000000000000000000e+00 0.000000000000000000e+00 0.000000000000000000e+00
1.125000000000000000e+03 4.499868697700937226e-02 0.000000000000000000e+00 1.000000000000000000e+00 0.000000000000000000e+00 0.000000000000000000e+00 0.000000000000000000e+00
1.150000000000000000e+03 4.599865779872058802e-02 0.000000000000000000e+00 1.000000000000000000e+00 0.000000000000000000e+00 0.000000000000000000e+00 0.000000000000000000e+00
1.175000000000000000e+03 4.699862862043202583e-02 0.000000000000000000e+00 1.000000000000000000e+00 0.000000000000000000e+00 0.000000000000000000e+00 0.000000000000000000e+00
1.200000000000000000e+03 4.799859944214324159e-02 0.000000000000000000e+00 1.000000000000000000e+00 0.000000000000000000e+00 0.000000000000000000e+00 0.000000000000000000e+00
1.225000000000000000e+03 4.899857026385467940e-02 0.000000000000000000e+00 1.000000000000000000e+00 0.000000000000000000e+00 0.000000000000000000e+00 0.000000000000000000e+00
1.250000000000000000e+03 4.999854108556589516e-02 0.000000000000000000e+00 1.000000000000000000e+00 0.000000000000000000e+00 0.000000000000000000e+00 0.000000000000000000e+00
1.275000000000000000e+03 5.099851190727733297e-02 0.000000000000000000e+00 1.000000000000000000e+00 0.000000000000000000e+00 0.000000000000000000e+00 0.000000000000000000e+00
1.300000000000000000e+03 5.199848272898854873e-02 0.000000000000000000e+00 1.000000000000000000e+00 0.000000000000000000e+00 0.000000000000000000e+00 0.000000000000000000e+00
1.325000000000000000e+03 5.299845355069976449e-02 0.000000000000000000e+00 1.000000000000000000e+00 0.000000000000000000e+00 0.000000000000000000e+00 0.000000000000000000e+00
1.350000000000000000e+03 5.399842437241120230e-02 0.000000000000000000e+00 1.000000000000000000e+00 0.000000000000000000e+00 0.000000000000000000e+00 0.000000000000000000e+00
1.375000000000000000e+03 5.499839519412241806e-02 2.275830678197542133e-04 9.997724169321802190e-01 0.000000000000000000e+00 0.000000000000000000e+00 0.000000000000000000e+00
1.400000000000000000e+03 5.599836601583385587e-02 0.000000000000000000e+00 1.000000000000000000e+00 0.000000000000000000e+00 0.000000000000000000e+00 0.000000000000000000e+00
1.425000000000000000e+03 5.699833683754507163e-02 0.000000000000000000e+00 1.000000000000000000e+00 0.000000000000000000e+00 0.000000000000000000e+00 0.000000000000000000e+00
1.450000000000000000e+03 5.799830765925650944e-02 0.000000000000000000e+00 1.000000000000000000e+00 0.000000000000000000e+00 0.000000000000000000e+00 0.000000000000000000e+00
1.475000000000000000e+03 5.899827848096772520e-02 0.000000000000000000e+00 1.000000000000000000e+00 0.000000000000000000e+00 0.000000000000000000e+00 0.000000000000000000e+00
1.500000000000000000e+03 5.999824930267916301e-02 0.000000000000000000e+00 1.000000000000000000e+00 0.000000000000000000e+00 0.000000000000000000e+00 0.000000000000000000e+00
1.525000000000000000e+03 6.099822012439037877e-02 0.000000000000000000e+00 1.000000000000000000e+00 0.000000000000000000e+00 0.000000000000000000e+00 0.000000000000000000e+00
1.550000000000000000e+03 6.199819094610181658e-02 3.413746017296313199e-04 9.996586253982703285e-01 0.000000000000000000e+00 0.000000000000000000e+00 0.000000000000000000e+00
1.575000000000000000e+03 6.299816176781303234e-02 0.000000000000000000e+00 1.000000000000000000e+00 0.000000000000000000e+00 0.000000000000000000e+00 0.000000000000000000e+00
1.600000000000000000e+03 6.399813258952447015e-02 0.000000000000000000e+00 1.000000000000000000e+00 0.000000000000000000e+00 0.000000000000000000e+00 0.000000000000000000e+00
1.625000000000000000e+03 6.499810341123568591e-02 4.551661356395084266e-04 9.995448338643604380e-01 0.000000000000000000e+00 0.000000000000000000e+00 0.000000000000000000e+00
1.650000000000000000e+03 6.599807423294690167e-02 0.000000000000000000e+00 1.000000000000000000e+00 0.000000000000000000e+00 0.000000000000000000e+00 0.000000000000000000e+00
1.675000000000000000e+03 6.699804505465833948e-02 0.000000000000000000e+00 1.000000000000000000e+00 0.000000000000000000e+00 0.000000000000000000e+00 0.000000000000000000e+00
1.700000000000000000e+03 6.799801587636955524e-02 0.000000000000000000e+00 1.000000000000000000e+00 0.000000000000000000e+00 0.000000000000000000e+00 0.000000000000000000e+00
1.725000000000000000e+03 6.899798669808099305e-02 0.000000000000000000e+00 1.000000000000000000e+00 0.000000000000000000e+00 0.000000000000000000e+00 0.000000000000000000e+00
1.750000000000000000e+03 6.999795751979220881e-02 0.000000000000000000e+00 1.000000000000000000e+00 0.000000000000000000e+00 0.000000000000000000e+00 0.000000000000000000e+00
1.775000000000000000e+03 7.099792834150364662e-02 0.000000000000000000e+00 1.000000000000000000e+00 0.000000000000000000e+00 0.000000000000000000e+00 0.000000000000000000e+00
1.800000000000000000e+03 7.199789916321486238e-02 0.000000000000000000e+00 1.000000000000000000e+00 0.000000000000000000e+00 0.000000000000000000e+00 0.000000000000000000e+00
1.825000000000000000e+03 7.299786998492630019e-02 0.000000000000000000e+00 1.000000000000000000e+00 0.000000000000000000e+00 0.000000000000000000e+00 0.000000000000000000e+00
1.850000000000000000e+03 7.399784080663751595e-02 0.000000000000000000e+00 1.000000000000000000e+00 0.000000000000000000e+00 0.000000000000000000e+00 0.000000000000000000e+00
1.875000000000000000e+03 7.499781162834895376e-02 0.000000000000000000e+00 1.000000000000000000e+00 0.000000000000000000e+00 0.000000000000000000e+00 0.000000000000000000e+00
1.900000000000000000e+03 7.599778245006016952e-02 4.551661356395084266e-04 9.995448338643604380e-01 0.000000000000000000e+00 0.000000000000000000e+00 0.000000000000000000e+00
1.925000000000000000e+03 7.699775327177160733e-02 4.551661356395084266e-04 9.995448338643604380e-01 0.000000000000000000e+00 0.000000000000000000e+00 0.000000000000000000e+00
1.950000000000000000e+03 7.799772409348282309e-02 0.000000000000000000e+00 1.000000000000000000e+00 0.000000000000000000e+00 0.000000000000000000e+00 0.000000000000000000e+00
1.975000000000000000e+03 7.899769491519426090e-02 3.413746017296313199e-04 9.996586253982703285e-01 0.000000000000000000e+00 0.000000000000000000e+00 0.000000000000000000e+00
2.000000000000000000e+03 7.999766573690547666e-02 6.827492034592626399e-04 9.993172507965407680e-01 0.000000000000000000e+00 0.000000000000000000e+00 0.000000000000000000e+00
2.025000000000000000e+03 8.099763655861669243e-02 3.413746017296313199e-04 9.996586253982703285e-01 0.000000000000000000e+00 0.000000000000000000e+00 0.000000000000000000e+00
2.050000000000000000e+03 8.199760738032813023e-02 0.000000000000000000e+00 1.000000000000000000e+00 0.000000000000000000e+00 0.000000000000000000e+00 0.000000000000000000e+00
2.075000000000000000e+03 8.299757820203934600e-02 9.103322712790168532e-04 9.990896677287209870e-01 0.000000000000000000e+00 0.000000000000000000e+00 0.000000000000000000e+00
2.100000000000000000e+03 8.399754902375078380e-02 5.689576695493854790e-04 9.994310423304506585e-01 0.000000000000000000e+00 0.000000000000000000e+00 0.000000000000000000e+00
2.125000000000000000e+03 8.499751984546199957e-02 1.251706873008648227e-03 9.987482931269913156e-01 0.000000000000000000e+00 0.000000000000000000e+00 0.000000000000000000e+00
2.150000000000000000e+03 8.599749066717343737e-02 5.689576695493854790e-04 9.994310423304506585e-01 0.000000000000000000e+00 0.000000000000000000e+00 0.000000000000000000e+00
2.175000000000000000e+03 8.699746148888465314e-02 4.551661356395084266e-04 9.995448338643604380e-01 0.000000000000000000e+00 0.000000000000000000e+00 0.000000000000000000e+00
2.200000000000000000e+03 8.799743231059609094e-02 2.275830678197542133e-04 9.995448338643604380e-01 0.000000000000000000e+00 2.275830678197542133e-04 0.000000000000000000e+00
2.225000000000000000e+03 8.899740313230730671e-02 9.103322712790168532e-04 9.990896677287209870e-01 0.000000000000000000e+00 0.000000000000000000e+00 0.000000000000000000e+00
2.250000000000000000e+03 8.999737395401874451e-02 5.689576695493854790e-04 9.994310423304506585e-01 0.000000000000000000e+00 0.000000000000000000e+00 0.000000000000000000e+00
2.275000000000000000e+03 9.099734477572996028e-02 9.103322712790168532e-04 9.990896677287209870e-01 0.000000000000000000e+00 0.000000000000000000e+00 0.000000000000000000e+00
2.300000000000000000e+03 9.199731559744139808e-02 1.251706873008648227e-03 9.987482931269913156e-01 0.000000000000000000e+00 0.000000000000000000e+00 0.000000000000000000e+00
2.325000000000000000e+03 9.299728641915261385e-02 1.479289940828402332e-03 9.984069185252617551e-01 0.000000000000000000e+00 1.137915339098771066e-04 0.000000000000000000e+00
2.350000000000000000e+03 9.399725724086382961e-02 1.365498406918525280e-03 9.986345015930814251e-01 0.000000000000000000e+00 0.000000000000000000e+00 0.000000000000000000e+00
2.375000000000000000e+03 9.499722806257526742e-02 1.593081474738279385e-03 9.984069185252617551e-01 0.000000000000000000e+00 0.000000000000000000e+00 0.000000000000000000e+00
2.400000000000000000e+03 9.599719888428648318e-02 5.689576695493854790e-04 9.994310423304506585e-01 0.000000000000000000e+00 0.000000000000000000e+00 0.000000000000000000e+00
2.425000000000000000e+03 9.699716970599792099e-02 1.706873008648156654e-03 9.982931269913518646e-01 0.000000000000000000e+00 0.000000000000000000e+00 0.000000000000000000e+00
2.450000000000000000e+03 9.799714052770913675e-02 9.103322712790168532e-04 9.990896677287209870e-01 0.000000000000000000e+00 0.000000000000000000e+00 0.000000000000000000e+00
2.475000000000000000e+03 9.899711134942057456e-02 3.413746017296313308e-03 9.964724624487938387e-01 0.000000000000000000e+00 1.137915339098771066e-04 0.000000000000000000e+00
2.500000000000000000e+03 9.999708217113179032e-02 2.958579881656804664e-03 9.968138370505233992e-01 0.000000000000000000e+00 2.275830678197542133e-04 0.000000000000000000e+00
2.525000000000000000e+03 1.009970529928432281e-01 3.299954483386436255e-03 9.965862539827037292e-01 0.000000000000000000e+00 1.137915339098771066e-04 0.000000000000000000e+00
2.550000000000000000e+03 1.019970238145544439e-01 1.706873008648156654e-03 9.982931269913518646e-01 0.000000000000000000e+00 0.000000000000000000e+00 0.000000000000000000e+00
2.575000000000000000e+03 1.029969946362658817e-01 3.982703686845699004e-03 9.954483386436049352e-01 0.000000000000000000e+00 5.689576695493854790e-04 0.000000000000000000e+00
2.600000000000000000e+03 1.039969654579770975e-01 2.844788347746927612e-03 9.969276285844332897e-01 0.000000000000000000e+00 2.275830678197542133e-04 0.000000000000000000e+00
2.625000000000000000e+03 1.049969362796885353e-01 5.461993627674101119e-03 9.944242148384160318e-01 0.000000000000000000e+00 1.137915339098771066e-04 0.000000000000000000e+00
2.650000000000000000e+03 1.059969071013997510e-01 3.641329085116067413e-03 9.961310878470641672e-01 0.000000000000000000e+00 2.275830678197542133e-04 0.000000000000000000e+00
2.675000000000000000e+03 1.069968779231109668e-01 7.851615839781519654e-03 9.918070095584888834e-01 0.000000000000000000e+00 3.413746017296313199e-04 0.000000000000000000e+00
2.700000000000000000e+03 1.079968487448224046e-01 5.803368229403732710e-03 9.939690487027764698e-01 0.000000000000000000e+00 2.275830678197542133e-04 0.000000000000000000e+00
2.725000000000000000e+03 1.089968195665336204e-01 7.965407373691398007e-03 9.915794264906691025e-01 0.000000000000000000e+00 4.551661356395084266e-04 0.000000000000000000e+00
2.750000000000000000e+03 1.099967903882450582e-01 9.217114246700046018e-03 9.905553026854801990e-01 0.000000000000000000e+00 2.275830678197542133e-04 0.000000000000000000e+00
2.775000000000000000e+03 1.109967612099562739e-01 7.396449704142011444e-03 9.923759672280382249e-01 0.000000000000000000e+00 2.275830678197542133e-04 0.000000000000000000e+00
2.800000000000000000e+03 1.119967320316677117e-01 1.285844333181611343e-02 9.863450159308146947e-01 0.000000000000000000e+00 7.965407373691396923e-04 0.000000000000000000e+00
2.825000000000000000e+03 1.129967028533789275e-01 6.486117432862995025e-03 9.930587164314974569e-01 0.000000000000000000e+00 4.551661356395084266e-04 0.000000000000000000e+00
2.850000000000000000e+03 1.139966736750903653e-01 1.354119253527537488e-02 9.853208921256259023e-01 0.000000000000000000e+00 1.137915339098770958e-03 0.000000000000000000e+00
2.875000000000000000e+03 1.149966444968015811e-01 1.422394173873463806e-02 9.853208921256259023e-01 0.000000000000000000e+00 4.551661356395084266e-04 0.000000000000000000e+00
2.900000000000000000e+03 1.159966153185130189e-01 1.957214383249886169e-02 9.784934000910332497e-01 0.000000000000000000e+00 1.934456076467910759e-03 0.000000000000000000e+00
2.925000000000000000e+03 1.169965861402242346e-01 3.015475648611743234e-02 9.652935821574875064e-01 0.000000000000000000e+00 4.551661356395083832e-03 0.000000000000000000e+00
2.950000000000000000e+03 1.179965569619356724e-01 3.368229403732362487e-02 9.598315885298134287e-01 0.000000000000000000e+00 6.486117432862995025e-03 0.000000000000000000e+00
2.975000000000000000e+03 1.189965277836468882e-01 5.154756486117433034e-02 9.340009103322712836e-01 0.000000000000000000e+00 1.445152480655439303e-02 0.000000000000000000e+00
3.000000000000000000e+03 1.199964986053581040e-01 8.875739644970413733e-02 8.731224396904869733e-01 0.000000000000000000e+00 3.812016385980882688e-02 0.000000000000000000e+00
3.025000000000000000e+03 1.209964694270695418e-01 1.183431952662721831e-01 7.907373691397360238e-01 0.000000000000000000e+00 9.091943559399180697e-02 0.000000000000000000e+00
3.050000000000000000e+03 1.219964402487807575e-01 1.880974055530268418e-01 6.273327264451524776e-01 0.000000000000000000e+00 1.845698680018206528e-01 0.000000000000000000e+00
3.075000000000000000e+03 1.229964110704921953e-01 2.775375512061902805e-01 4.276285844333181374e-01 7.965407373691396923e-04 2.940373236231224596e-01 0.000000000000000000e+00
3.100000000000000000e+03 1.239963818922034111e-01 3.458124715521165293e-01 2.535275375512062168e-01 2.162039144287664864e-03 3.984979517523896120e-01 0.000000000000000000e+00
3.125000000000000000e+03 1.249963527139148489e-01 3.895084205735093175e-01 1.613563950842057393e-01 4.210286754665453109e-03 4.449248975876194945e-01 0.000000000000000000e+00
3.150000000000000000e+03 1.259963235356260647e-01 3.824533454710969393e-01 1.398497951752389612e-01 5.689576695493855224e-03 4.720072826581702130e-01 0.000000000000000000e+00
3.175000000000000000e+03 1.269962943573375025e-01 3.667501137915338827e-01 1.407601274465179741e-01 5.803368229403732710e-03 4.866863905325443662e-01 0.000000000000000000e+00
3.200000000000000000e+03 1.279962651790487183e-01 3.534365043240783044e-01 1.558944014565316338e-01 9.558488848429677609e-03 4.811106053709603980e-01 0.000000000000000000e+00
3.225000000000000000e+03 1.289962360007601561e-01 3.579881656804733692e-01 1.597633136094674666e-01 9.786071916249430847e-03 4.724624487938097195e-01 0.000000000000000000e+00
3.250000000000000000e+03 1.299962068224713718e-01 3.452435138825671324e-01 1.817250796540737234e-01 1.251706873008648184e-02 4.605143377332726606e-01 0.000000000000000000e+00
3.275000000000000000e+03 1.309961776441828096e-01 3.345471096950387024e-01 1.977696859353663961e-01 1.923076923076923184e-02 4.484524351388256558e-01 0.000000000000000000e+00
3.300000000000000000e+03 1.319961484658940254e-01 3.309057806099225951e-01 1.967455621301775204e-01 2.856167501137915274e-02 4.437869822485207005e-01 0.000000000000000000e+00
3.325000000000000000e+03 1.329961192876052412e-01 3.422849340009103125e-01 1.808147473827947105e-01 3.482020937642239106e-02 4.420801092398725651e-01 0.000000000000000000e+00
3.350000000000000000e+03 1.339960901093166790e-01 3.527537551206190169e-01 1.847974510696404060e-01 4.506144742831133532e-02 4.173873463814292140e-01 0.000000000000000000e+00
3.375000000000000000e+03 1.349960609310278947e-01 3.599226217569412856e-01 1.965179790623577671e-01 6.349567592171143082e-02 3.800637232589895165e-01 0.000000000000000000e+00
3.400000000000000000e+03 1.359960317527393325e-01 3.651570323167956378e-01 2.162039144287664916e-01 8.295402822030041590e-02 3.356850250341374409e-01 0.000000000000000000e+00
3.425000000000000000e+03 1.369960025744505483e-01 3.725534820209376319e-01 2.315657715065999045e-01 1.034365043240782905e-01 2.924442421483841592e-01 0.000000000000000000e+00
3.450000000000000000e+03 1.379959733961619861e-01 3.606053709604005730e-01 2.422621756941283622e-01 1.233500227583067821e-01 2.737824305871643382e-01 0.000000000000000000e+00
3.475000000000000000e+03 1.389959442178732019e-01 3.689121529358215801e-01 2.485207100591715901e-01 1.305188893946290507e-01 2.520482476103778069e-01 0.000000000000000000e+00
3.500000000000000000e+03 1.399959150395846397e-01 3.772189349112425871e-01 2.576240327719617751e-01 1.483841602184797492e-01 2.167728720983158885e-01 0.000000000000000000e+00
3.525000000000000000e+03 1.409958858612958554e-01 3.817705962676377074e-01 2.682066454255803145e-01 1.582840236686390567e-01 1.917387346381429214e-01 0.000000000000000000e+00
3.550000000000000000e+03 1.419958566830072932e-01 3.806326809285389134e-01 2.827719617660446327e-01 1.549840691852526209e-01 1.816112881201638607e-01 0.000000000000000000e+00
3.575000000000000000e+03 1.429958275047185090e-01 3.765361857077833552e-01 2.955166135639508695e-01 1.558944014565316338e-01 1.720527992717341692e-01 0.000000000000000000e+00
3.600000000000000000e+03 1.439957983264299468e-01 3.831360946745562268e-01 2.999544833864360438e-01 1.556668183887118806e-01 1.612426035502958488e-01 0.000000000000000000e+00
3.625000000000000000e+03 1.449957691481411626e-01 3.825671370050068298e-01 3.098543468365953513e-01 1.524806554392353075e-01 1.550978607191624836e-01 0.000000000000000000e+00
3.650000000000000000e+03 1.459957399698523783e-01 3.643604915794265153e-01 3.185025034137460298e-01 1.596495220755575761e-01 1.574874829312699065e-01 0.000000000000000000e+00
3.675000000000000000e+03 1.469957107915638161e-01 3.648156577150660218e-01 3.309057806099225951e-01 1.630632680928539024e-01 1.412152935821574806e-01 0.000000000000000000e+00
3.700000000000000000e+03 1.479956816132750319e-01 3.690259444697314706e-01 3.326126536185707860e-01 1.693218024578971304e-01 1.290395994538006408e-01 0.000000000000000000e+00
3.725000000000000000e+03 1.489956524349864697e-01 3.672052799271734447e-01 3.369367319071461253e-01 1.670459717796995980e-01 1.288120163859808875e-01 0.000000000000000000e+00
3.750000000000000000e+03 1.499956232566976855e-01 3.651570323167956378e-01 3.452435138825671324e-01 1.660218479745106945e-01 1.235776058261265353e-01 0.000000000000000000e+00
3.775000000000000000e+03 1.509955940784091233e-01 3.717569412835685094e-01 3.462676376877560358e-01 1.728493400091033194e-01 1.091260810195721492e-01 0.000000000000000000e+00
3.800000000000000000e+03 1.519955649001203390e-01 3.652708238507055283e-01 3.544606281292672079e-01 1.804733727810650945e-01 9.979517523896222486e-02 0.000000000000000000e+00
3.825000000000000000e+03 1.529955357218317769e-01 3.689121529358215801e-01 3.621984524351388179e-01 1.801319981793354508e-01 8.875739644970413733e-02 0.000000000000000000e+00
3.850000000000000000e+03 1.539955065435429926e-01 3.661811561219845412e-01 3.692535275375511961e-01 1.838871187983613931e-01 8.067819754210286964e-02 0.000000000000000000e+00
3.875000000000000000e+03 1.549954773652544304e-01 3.544606281292672079e-01 3.766499772416932457e-01 1.899180700955848955e-01 7.897132453345470648e-02 0.000000000000000000e+00
3.900000000000000000e+03 1.559954481869656462e-01 3.707328174783796060e-01 3.806326809285389134e-01 1.853664087391898030e-01 6.326809285389166371e-02 0.000000000000000000e+00
3.925000000000000000e+03 1.569954190086770840e-01 3.681156121984524576e-01 3.846153846153846367e-01 1.917387346381429214e-01 5.553026854802002588e-02 0.000000000000000000e+00
3.950000000000000000e+03 1.579953898303882998e-01 3.633363677742376119e-01 3.933773327264451503e-01 1.981110605370960398e-01 4.517523896222121194e-02 0.000000000000000000e+00
3.975000000000000000e+03 1.589953606520995155e-01 3.710741920801092220e-01 3.937187073281747662e-01 1.970869367319071364e-01 3.812016385980882688e-02 0.000000000000000000e+00
4.000000000000000000e+03 1.599953314738109533e-01 3.662949476558943762e-01 4.014565316340464318e-01 2.015248065543923661e-01 3.072371415566681890e-02 0.000000000000000000e+00
4.025000000000000000e+03 1.609953022955221691e-01 3.660673645880746507e-01 4.021392808375056638e-01 2.014110150204824756e-01 3.038233955393718558e-02 0.000000000000000000e+00
4.050000000000000000e+03 1.619952731172336069e-01 3.734638142922166448e-01 3.966772872098315861e-01 2.044833864360491582e-01 2.537551206190259354e-02 0.000000000000000000e+00
4.075000000000000000e+03 1.629952439389448227e-01 3.695949021392808120e-01 3.986117432862995025e-01 2.084660901228948537e-01 2.332726445152480746e-02 0.000000000000000000e+00
4.100000000000000000e+03 1.639952147606562605e-01 3.684569868001820736e-01 4.005461993627674189e-01 2.069868001820664438e-01 2.401001365498407064e-02 0.000000000000000000e+00
4.125000000000000000e+03 1.649951855823674762e-01 3.703914428766499900e-01 4.014565316340464318e-01 2.052799271734183084e-01 2.287209831588529751e-02 0.000000000000000000e+00
4.150000000000000000e+03 1.659951564040789140e-01 3.658397815202548697e-01 4.071461083295402905e-01 2.055075102412380617e-01 2.150659990896677115e-02 0.000000000000000000e+00
4.175000000000000000e+03 1.669951272257901298e-01 3.595812471552116696e-01 4.120391442876649712e-01 2.058488848429676776e-01 2.253072371415566766e-02 0.000000000000000000e+00
4.200000000000000000e+03 1.679950980475015676e-01 3.665225307237141572e-01 4.106736458807464518e-01 1.998179335457442030e-01 2.298588984979517413e-02 0.000000000000000000e+00
4.225000000000000000e+03 1.689950688692127834e-01 3.709604005461993870e-01 4.118115612198452458e-01 1.961766044606281234e-01 2.105143377332726468e-02 0.000000000000000000e+00
4.250000000000000000e+03 1.699950396909242212e-01 3.677742375967227861e-01 4.161356395084205850e-01 1.957214383249886169e-01 2.036868456986800149e-02 0.000000000000000000e+00
4.275000000000000000e+03 1.709950105126354369e-01 3.626536185707783244e-01 4.245562130177514826e-01 1.951524806554392477e-01 1.763768775603095224e-02 0.000000000000000000e+00
4.300000000000000000e+03 1.719949813343466527e-01 3.634501593081474469e-01 4.220527992717341692e-01 1.936731907146108378e-01 2.082385070550751144e-02 0.000000000000000000e+00
4.325000000000000000e+03 1.729949521560580905e-01 3.643604915794265153e-01 4.242148384160218666e-01 1.909421939007737712e-01 2.048247610377787811e-02 0.000000000000000000e+00
4.350000000000000000e+03 1.739949229777693063e-01 3.607191624943104080e-01 4.283113336367774249e-01 1.865043240782885692e-01 2.446517979062357712e-02 0.000000000000000000e+00
4.375000000000000000e+03 1.749948937994807441e-01 3.627674101046882149e-01 4.326354119253527641e-01 1.829767865270823801e-01 2.162039144287665124e-02 0.000000000000000000e+00
4.400000000000000000e+03 1.759948646211919598e-01 3.616294947655894210e-01 4.383249886208466228e-01 1.818388711879836139e-01 1.820664542558033533e-02 0.000000000000000000e+00
4.425000000000000000e+03 1.769948354429033976e-01 3.575329995448338627e-01 4.412835685025033872e-01 1.799044151115156975e-01 2.127901684114701791e-02 0.000000000000000000e+00
4.450000000000000000e+03 1.779948062646146134e-01 3.562812926718252338e-01 4.477696859353664238e-01 1.755803368229403860e-01 2.036868456986800149e-02 0.000000000000000000e+00
4.475000000000000000e+03 1.789947770863260512e-01 3.526399635867091265e-01 4.538006372325898985e-01 1.715976331360946627e-01 2.196176604460628110e-02 0.000000000000000000e+00
4.500000000000000000e+03 1.799947479080372670e-01 3.484296768320436777e-01 4.606281292671824956e-01 1.709148839326354030e-01 2.002730996813837164e-02 0.000000000000000000e+00
4.525000000000000000e+03 1.809947187297487048e-01 3.421711424670004775e-01 4.664314974965862448e-01 1.712562585343650468e-01 2.014110150204824826e-02 0.000000000000000000e+00
4.550000000000000000e+03 1.819946895514599206e-01 3.467228038233955423e-01 4.667728720983158608e-01 1.701183431952662806e-01 1.638598088302230249e-02 0.000000000000000000e+00
4.575000000000000000e+03 1.829946603731713584e-01 3.364815657715066188e-01 4.741693218024579104e-01 1.739872553482020856e-01 1.536185707783340945e-02 0.000000000000000000e+00
4.600000000000000000e+03 1.839946311948825741e-01 3.373918980427856318e-01 4.715521165225307065e-01 1.745562130177514826e-01 1.649977241693217911e-02 0.000000000000000000e+00
4.625000000000000000e+03 1.849946020165937899e-01 3.344333181611288119e-01 4.746244879380974169e-01 1.755803368229403860e-01 1.536185707783340945e-02 0.000000000000000000e+00
4.650000000000000000e+03 1.859945728383052277e-01 3.425125170687300935e-01 4.716659080564405970e-01 1.715976331360946627e-01 1.422394173873463806e-02 0.000000000000000000e+00
4.675000000000000000e+03 1.869945436600164435e-01 3.360263996358671124e-01 4.756486117432863203e-01 1.743286299499317293e-01 1.399635867091488309e-02 0.000000000000000000e+00
4.700000000000000000e+03 1.879945144817278813e-01 3.410332271279016836e-01 4.737141556668184039e-01 1.727355484751934567e-01 1.251706873008648184e-02 0.000000000000000000e+00
4.725000000000000000e+03 1.889944853034390970e-01 3.414883932635411901e-01 4.741693218024579104e-01 1.721665908056440597e-01 1.217569412835685025e-02 0.000000000000000000e+00
4.750000000000000000e+03 1.899944561251505348e-01 3.390987710514337672e-01 4.748520710059171424e-01 1.701183431952662806e-01 1.593081474738279601e-02 0.000000000000000000e+00
4.775000000000000000e+03 1.909944269468617506e-01 3.451297223486572419e-01 4.716659080564405970e-01 1.700045516613563901e-01 1.319981793354574502e-02 0.000000000000000000e+00
4.800000000000000000e+03 1.919943977685731884e-01 3.401228948566226706e-01 4.755348202093764298e-01 1.709148839326354030e-01 1.342740100136549826e-02 0.000000000000000000e+00
4.825000000000000000e+03 1.929943685902844042e-01 3.375056895766954668e-01 4.774692762858443462e-01 1.718252162039144160e-01 1.319981793354574502e-02 0.000000000000000000e+00
4.850000000000000000e+03 1.939943394119958420e-01 3.367091488393263443e-01 4.767865270823850588e-01 1.739872553482020856e-01 1.251706873008648184e-02 0.000000000000000000e+00
4.875000000000000000e+03 1.949943102337070577e-01 3.361401911697769473e-01 4.797451069640418786e-01 1.722803823395539502e-01 1.183431952662721866e-02 0.000000000000000000e+00
4.900000000000000000e+03 1.959942810554184955e-01 3.332954028220300180e-01 4.815657715065999045e-01 1.754665452890304955e-01 9.672280382339554228e-03 0.000000000000000000e+00
4.925000000000000000e+03 1.969942518771297113e-01 3.278334091943559403e-01 4.863450159308147502e-01 1.747837960855712358e-01 1.103777878925807886e-02 0.000000000000000000e+00
4.950000000000000000e+03 1.979942226988409271e-01 3.265817023213473114e-01 4.852071005917159563e-01 1.758079198907601393e-01 1.240327719617660522e-02 0.000000000000000000e+00
4.975000000000000000e+03 1.989941935205523649e-01 3.241920801092398885e-01 4.888484296768320636e-01 1.778561675011379184e-01 9.103322712790167665e-03 0.000000000000000000e+00
5.000000000000000000e+03 1.999941643422635806e-01 3.239644970414201075e-01 4.920345926263086089e-01 1.742148384160218388e-01 9.786071916249430847e-03 0.000000000000000000e+00
5.025000000000000000e+03 2.009941351639750184e-01 3.169094219390077294e-01 4.941966317705962508e-01 1.783113336367774249e-01 1.058261265361857065e-02 0.000000000000000000e+00
5.050000000000000000e+03 2.019941059856862342e-01 3.191852526172052618e-01 4.934000910332271284e-01 1.755803368229403860e-01 1.183431952662721866e-02 0.000000000000000000e+00
5.075000000000000000e+03 2.029940768073976720e-01 3.172507965407373454e-01 4.945380063723259223e-01 1.754665452890304955e-01 1.274465179790623508e-02 0.000000000000000000e+00
5.100000000000000000e+03 2.039940476291088878e-01 3.204369594902139462e-01 4.976103777878925771e-01 1.736458807464724696e-01 8.306781975421027864e-03 0.000000000000000000e+00
5.125000000000000000e+03 2.049940184508203256e-01 3.146335912608101970e-01 5.012517068730086844e-01 1.746700045516613453e-01 9.444697314519799256e-03 0.000000000000000000e+00
5.150000000000000000e+03 2.059939892725315413e-01 3.169094219390077294e-01 5.006827492034592320e-01 1.748975876194810986e-01 7.510241238051888930e-03 0.000000000000000000e+00
5.175000000000000000e+03 2.069939600942429792e-01 3.163404642694583324e-01 5.009103322712790130e-01 1.759217114246700020e-01 6.827492034592626616e-03 0.000000000000000000e+00
5.200000000000000000e+03 2.079939309159541949e-01 3.140646335912608000e-01 5.019344560764679164e-01 1.733045061447428259e-01 1.069640418752844727e-02 0.000000000000000000e+00
5.225000000000000000e+03 2.089939017376656327e-01 3.170232134729176199e-01 4.994310423304506030e-01 1.742148384160218388e-01 9.330905780609922637e-03 0.000000000000000000e+00
5.250000000000000000e+03 2.099938725593768485e-01 3.191852526172052618e-01 4.990896677287209870e-01 1.722803823395539502e-01 9.444697314519799256e-03 0.000000000000000000e+00
5.275000000000000000e+03 2.109938433810880642e-01 3.132680928538916776e-01 5.029585798816568198e-01 1.725079654073737034e-01 1.126536185707783383e-02 0.000000000000000000e+00
5.300000000000000000e+03 2.119938142027995021e-01 3.145197997269003065e-01 5.034137460172962708e-01 1.714838416021848000e-01 1.058261265361857065e-02 0.000000000000000000e+00
5.325000000000000000e+03 2.129937850245107178e-01 3.172507965407373454e-01 5.005689576695493415e-01 1.725079654073737034e-01 9.672280382339554228e-03 0.000000000000000000e+00
5.350000000000000000e+03 2.139937558462221556e-01 3.153163404642694845e-01 5.031861629494766008e-01 1.728493400091033194e-01 8.648156577150659455e-03 0.000000000000000000e+00
5.375000000000000000e+03 2.149937266679333714e-01 3.155439235320892100e-01 5.029585798816568198e-01 1.717114246700045532e-01 9.786071916249430847e-03 0.000000000000000000e+00
5.400000000000000000e+03 2.159936974896448092e-01 3.137232589895311841e-01 5.032999544833864913e-01 1.734182976786527164e-01 9.558488848429677609e-03 0.000000000000000000e+00
5.425000000000000000e+03 2.169936683113560250e-01 3.155439235320892100e-01 5.013654984069185749e-01 1.739872553482020856e-01 9.103322712790167665e-03 0.000000000000000000e+00
5.450000000000000000e+03 2.179936391330674628e-01 3.140646335912608000e-01 5.018206645425580259e-01 1.744424214838415921e-01 9.672280382339554228e-03 0.000000000000000000e+00
5.475000000000000000e+03 2.189936099547786785e-01 3.132680928538916776e-01 5.014792899408283544e-01 1.745562130177514826e-01 1.069640418752844727e-02 0.000000000000000000e+00
5.500000000000000000e+03 2.199935807764901163e-01 3.154301319981793195e-01 5.002275830678197810e-01 1.726217569412835662e-01 1.172052799271734204e-02 0.000000000000000000e+00
5.525000000000000000e+03 2.209935515982013321e-01 3.158852981338188259e-01 5.012517068730086844e-01 1.727355484751934567e-01 1.012744651797906244e-02 0.000000000000000000e+00
5.550000000000000000e+03 2.219935224199127699e-01 3.129267182521620616e-01 5.030723714155667103e-01 1.743286299499317293e-01 9.672280382339554228e-03 0.000000000000000000e+00
5.575000000000000000e+03 2.229934932416239857e-01 3.156577150659991005e-01 5.017068730086481354e-01 1.718252162039144160e-01 1.081019572143832562e-02 0.000000000000000000e+00
5.600000000000000000e+03 2.239934640633354235e-01 3.175921711424670169e-01 5.012517068730086844e-01 1.700045516613563901e-01 1.115157032316795548e-02 0.000000000000000000e+00
5.625000000000000000e+03 2.249934348850466392e-01 3.146335912608101970e-01 5.044378698224851743e-01 1.700045516613563901e-01 1.092398725534820224e-02 0.000000000000000000e+00
5.650000000000000000e+03 2.259934057067578550e-01 3.137232589895311841e-01 5.043240782885752838e-01 1.710286754665452935e-01 1.092398725534820224e-02 0.000000000000000000e+00
5.675000000000000000e+03 2.269933765284692928e-01 3.136094674556212936e-01 5.039827036868457233e-01 1.712562585343650468e-01 1.115157032316795548e-02 0.000000000000000000e+00
