# itime ezz other fcc hcp bcc ico
0.000000000000000000e+00 0.000000000000000000e+00 0.000000000000000000e+00 1.000000000000000000e+00 0.000000000000000000e+00 0.000000000000000000e+00 0.000000000000000000e+00
5.000000000000000000e+01 1.999988803819352512e-03 0.000000000000000000e+00 1.000000000000000000e+00 0.000000000000000000e+00 0.000000000000000000e+00 0.000000000000000000e+00
1.000000000000000000e+02 3.999977607638705024e-03 0.000000000000000000e+00 1.000000000000000000e+00 0.000000000000000000e+00 0.000000000000000000e+00 0.000000000000000000e+00
1.500000000000000000e+02 5.999966411458279580e-03 0.000000000000000000e+00 1.000000000000000000e+00 0.000000000000000000e+00 0.000000000000000000e+00 0.000000000000000000e+00
2.000000000000000000e+02 7.999955215277632092e-03 0.000000000000000000e+00 1.000000000000000000e+00 0.000000000000000000e+00 0.000000000000000000e+00 0.000000000000000000e+00
2.500000000000000000e+02 9.999944019096984604e-03 0.000000000000000000e+00 1.000000000000000000e+00 0.000000000000000000e+00 0.000000000000000000e+00 0.000000000000000000e+00
3.000000000000000000e+02 1.199993282291633712e-02 0.000000000000000000e+00 1.000000000000000000e+00 0.000000000000000000e+00 0.000000000000000000e+00 0.000000000000000000e+00
3.500000000000000000e+02 1.399992162673568963e-02 0.000000000000000000e+00 1.000000000000000000e+00 0.000000000000000000e+00 0.000000000000000000e+00 0.000000000000000000e+00
4.000000000000000000e+02 1.599991043055526418e-02 0.000000000000000000e+00 1.000000000000000000e+00 0.000000000000000000e+00 0.000000000000000000e+00 0.000000000000000000e+00
4.500000000000000000e+02 1.799989923437461670e-02 0.000000000000000000e+00 1.000000000000000000e+00 0.000000000000000000e+00 0.000000000000000000e+00 0.000000000000000000e+00
5.000000000000000000e+02 1.999988803819396921e-02 0.000000000000000000e+00 1.000000000000000000e+00 0.000000000000000000e+00 0.000000000000000000e+00 0.000000000000000000e+00
5.500000000000000000e+02 2.199987684201332172e-02 0.000000000000000000e+00 1.000000000000000000e+00 0.000000000000000000e+00 0.000000000000000000e+00 0.000000000000000000e+00
6.000000000000000000e+02 2.399986564583289628e-02 0.000000000000000000e+00 1.000000000000000000e+00 0.000000000000000000e+00 0.000000000000000000e+00 0.000000000000000000e+00
6.500000000000000000e+02 2.599985444965224879e-02 0.000000000000000000e+00 1.000000000000000000e+00 0.000000000000000000e+00 0.000000000000000000e+00 0.000000000000000000e+00
7.000000000000000000e+02 2.799984325347160130e-02 0.000000000000000000e+00 1.000000000000000000e+00 0.000000000000000000e+00 0.000000000000000000e+00 0.000000000000000000e+00
7.500000000000000000e+02 2.999983205729095381e-02 0.000000000000000000e+00 1.000000000000000000e+00 0.000000000000000000e+00 0.000000000000000000e+00 0.000000000000000000e+00
8.000000000000000000e+02 3.199982086111030632e-02 0.000000000000000000e+00 1.000000000000000000e+00 0.000000000000000000e+00 0.000000000000000000e+00 0.000000000000000000e+00
8.500000000000000000e+02 3.399980966492988088e-02 0.000000000000000000e+00 1.000000000000000000e+00 0.000000000000000000e+00 0.000000000000000000e+00 0.000000000000000000e+00
9.000000000000000000e+02 3.599979846874923339e-02 0.000000000000000000e+00 1.000000000000000000e+00 0.000000000000000000e+00 0.000000000000000000e+00 0.000000000000000000e+00
9.500000000000000000e+02 3.799978727256858591e-02 0.000000000000000000e+00 1.000000000000000000e+00 0.000000000000000000e+00 0.000000000000000000e+00 0.000000000000000000e+00
1.000000000000000000e+03 3.999977607638793842e-02 0.000000000000000000e+00 1.000000000000000000e+00 0.000000000000000000e+00 0.000000000000000000e+00 0.000000000000000000e+00
1.050000000000000000e+03 4.199976488020729093e-02 0.000000000000000000e+00 1.000000000000000000e+00 0.000000000000000000e+00 0.000000000000000000e+00 0.000000000000000000e+00
1.100000000000000000e+03 4.399975368402686549e-02 0.000000000000000000e+00 1.000000000000000000e+00 0.000000000000000000e+00 0.000000000000000000e+00 0.000000000000000000e+00
1.150000000000000000e+03 4.599974248784621800e-02 0.000000000000000000e+00 1.000000000000000000e+00 0.000000000000000000e+00 0.000000000000000000e+00 0.000000000000000000e+00
1.200000000000000000e+03 4.799973129166557051e-02 0.000000000000000000e+00 1.000000000000000000e+00 0.000000000000000000e+00 0.000000000000000000e+00 0.000000000000000000e+00
1.250000000000000000e+03 4.999972009548492302e-02 0.000000000000000000e+00 1.000000000000000000e+00 0.000000000000000000e+00 0.000000000000000000e+00 0.000000000000000000e+00
1.300000000000000000e+03 5.199970889930427553e-02 0.000000000000000000e+00 1.000000000000000000e+00 0.000000000000000000e+00 0.000000000000000000e+00 0.000000000000000000e+00
1.350000000000000000e+03 5.399969770312385009e-02 0.000000000000000000e+00 1.000000000000000000e+00 0.000000000000000000e+00 0.000000000000000000e+00 0.000000000000000000e+00
1.400000000000000000e+03 5.599968650694320260e-02 0.000000000000000000e+00 1.000000000000000000e+00 0.000000000000000000e+00 0.000000000000000000e+00 0.000000000000000000e+00
1.450000000000000000e+03 5.799967531076255511e-02 0.000000000000000000e+00 1.000000000000000000e+00 0.000000000000000000e+00 0.000000000000000000e+00 0.000000000000000000e+00
1.500000000000000000e+03 5.999966411458190763e-02 0.000000000000000000e+00 1.000000000000000000e+00 0.000000000000000000e+00 0.000000000000000000e+00 0.000000000000000000e+00
1.550000000000000000e+03 6.199965291840148218e-02 0.000000000000000000e+00 1.000000000000000000e+00 0.000000000000000000e+00 0.000000000000000000e+00 0.000000000000000000e+00
1.600000000000000000e+03 6.399964172222083469e-02 0.000000000000000000e+00 1.000000000000000000e+00 0.000000000000000000e+00 0.000000000000000000e+00 0.000000000000000000e+00
1.650000000000000000e+03 6.599963052604018721e-02 0.000000000000000000e+00 1.000000000000000000e+00 0.000000000000000000e+00 0.000000000000000000e+00 0.000000000000000000e+00
1.700000000000000000e+03 6.799961932985953972e-02 0.000000000000000000e+00 1.000000000000000000e+00 0.000000000000000000e+00 0.000000000000000000e+00 0.000000000000000000e+00
1.750000000000000000e+03 6.999960813367889223e-02 0.000000000000000000e+00 1.000000000000000000e+00 0.000000000000000000e+00 0.000000000000000000e+00 0.000000000000000000e+00
1.800000000000000000e+03 7.199959693749846679e-02 3.413746017296313199e-04 9.996586253982703285e-01 0.000000000000000000e+00 0.000000000000000000e+00 0.000000000000000000e+00
1.850000000000000000e+03 7.399958574131781930e-02 0.000000000000000000e+00 1.000000000000000000e+00 0.000000000000000000e+00 0.000000000000000000e+00 0.000000000000000000e+00
1.900000000000000000e+03 7.599957454513717181e-02 6.827492034592626399e-04 9.993172507965407680e-01 0.000000000000000000e+00 0.000000000000000000e+00 0.000000000000000000e+00
1.950000000000000000e+03 7.799956334895652432e-02 0.000000000000000000e+00 1.000000000000000000e+00 0.000000000000000000e+00 0.000000000000000000e+00 0.000000000000000000e+00
2.000000000000000000e+03 7.999955215277587683e-02 0.000000000000000000e+00 1.000000000000000000e+00 0.000000000000000000e+00 0.000000000000000000e+00 0.000000000000000000e+00
2.050000000000000000e+03 8.199954095659545139e-02 5.689576695493854790e-04 9.994310423304506585e-01 0.000000000000000000e+00 0.000000000000000000e+00 0.000000000000000000e+00
2.100000000000000000e+03 8.399952976041480390e-02 4.551661356395084266e-04 9.995448338643604380e-01 0.000000000000000000e+00 0.000000000000000000e+00 0.000000000000000000e+00
2.150000000000000000e+03 8.599951856423415641e-02 1.137915339098771066e-04 9.998862084660901095e-01 0.000000000000000000e+00 0.000000000000000000e+00 0.000000000000000000e+00
2.200000000000000000e+03 8.799950736805350893e-02 2.275830678197542133e-04 9.997724169321802190e-01 0.000000000000000000e+00 0.000000000000000000e+00 0.000000000000000000e+00
2.250000000000000000e+03 8.999949617187308348e-02 1.251706873008648227e-03 9.986345015930814251e-01 0.000000000000000000e+00 1.137915339098771066e-04 0.000000000000000000e+00
2.300000000000000000e+03 9.199948497569243600e-02 1.593081474738279385e-03 9.984069185252617551e-01 0.000000000000000000e+00 0.000000000000000000e+00 0.000000000000000000e+00
2.350000000000000000e+03 9.399947377951178851e-02 5.689576695493854790e-04 9.994310423304506585e-01 0.000000000000000000e+00 0.000000000000000000e+00 0.000000000000000000e+00
2.400000000000000000e+03 9.599946258333114102e-02 1.706873008648156654e-03 9.982931269913518646e-01 0.000000000000000000e+00 0.000000000000000000e+00 0.000000000000000000e+00
2.450000000000000000e+03 9.799945138715049353e-02 1.934456076467910759e-03 9.978379608557123026e-01 0.000000000000000000e+00 2.275830678197542133e-04 0.000000000000000000e+00
2.500000000000000000e+03 9.999944019097006809e-02 3.072371415566681717e-03 9.969276285844332897e-01 0.000000000000000000e+00 0.000000000000000000e+00 0.000000000000000000e+00
2.550000000000000000e+03 1.019994289947894206e-01 2.162039144287664864e-03 9.977241693218024121e-01 0.000000000000000000e+00 1.137915339098771066e-04 0.000000000000000000e+00
2.600000000000000000e+03 1.039994177986087731e-01 4.437869822485207214e-03 9.954483386436049352e-01 0.000000000000000000e+00 1.137915339098771066e-04 0.000000000000000000e+00
2.650000000000000000e+03 1.059994066024281256e-01 5.461993627674101119e-03 9.944242148384160318e-01 0.000000000000000000e+00 1.137915339098771066e-04 0.000000000000000000e+00
2.700000000000000000e+03 1.079993954062474781e-01 5.803368229403732710e-03 9.932862994993172379e-01 0.000000000000000000e+00 9.103322712790168532e-04 0.000000000000000000e+00
2.750000000000000000e+03 1.099993842100670527e-01 7.510241238051888930e-03 9.920345926263085534e-01 0.000000000000000000e+00 4.551661356395084266e-04 0.000000000000000000e+00
2.800000000000000000e+03 1.119993730138864052e-01 8.875739644970414427e-03 9.903277196176604180e-01 0.000000000000000000e+00 7.965407373691396923e-04 0.000000000000000000e+00
2.850000000000000000e+03 1.139993618177057577e-01 1.376877560309512985e-02 9.849795175238962308e-01 0.000000000000000000e+00 1.251706873008648227e-03 0.000000000000000000e+00
2.900000000000000000e+03 1.159993506215251102e-01 1.968593536640873831e-02 9.788347746927628101e-01 0.000000000000000000e+00 1.479289940828402332e-03 0.000000000000000000e+00
2.950000000000000000e+03 1.179993394253444627e-01 2.776513427401001294e-02 9.666590805644059703e-01 0.000000000000000000e+00 5.575785161583977738e-03 0.000000000000000000e+00
3.000000000000000000e+03 1.199993282291640373e-01 7.635411925352754425e-02 8.939462903959944917e-01 0.000000000000000000e+00 2.969959035047792587e-02 0.000000000000000000e+00
3.050000000000000000e+03 1.219993170329833898e-01 1.867319071461083224e-01 6.316568047337277614e-01 0.000000000000000000e+00 1.816112881201638607e-01 0.000000000000000000e+00
3.100000000000000000e+03 1.239993058368027423e-01 3.586709148839326566e-01 2.448793809740555383e-01 1.137915339098771066e-04 3.963359126081019701e-01 0.000000000000000000e+00
3.150000000000000000e+03 1.259992946406220948e-01 3.852981338188438687e-01 1.400773782430587144e-01 4.551661356395084266e-04 4.741693218024579104e-01 0.000000000000000000e+00
3.200000000000000000e+03 1.279992834444416694e-01 3.554847519344560558e-01 1.589667728720983164e-01 5.689576695493854790e-04 4.849795175238962308e-01 0.000000000000000000e+00
3.250000000000000000e+03 1.299992722482610219e-01 3.837050523441056238e-01 1.560081929904415243e-01 9.103322712790168532e-04 4.593764223941738667e-01 0.000000000000000000e+00
3.300000000000000000e+03 1.319992610520803744e-01 3.720983158852981254e-01 1.603322712790168358e-01 8.761948111060537808e-03 4.588074647246244697e-01 0.000000000000000000e+00
3.350000000000000000e+03 1.339992498558997269e-01 3.921256258534365213e-01 1.190259444697314567e-01 3.254437869822485174e-02 4.563040509786072119e-01 0.000000000000000000e+00
3.400000000000000000e+03 1.359992386597190794e-01 4.021392808375056638e-01 1.457669549385525731e-01 6.315430131998178709e-02 3.889394629039599205e-01 0.000000000000000000e+00
3.450000000000000000e+03 1.379992274635386540e-01 3.870050068274920596e-01 1.841147018661811463e-01 1.195949021392808398e-01 3.092853891670459543e-01 0.000000000000000000e+00
3.500000000000000000e+03 1.399992162673580065e-01 3.812016385980883104e-01 2.189349112426035582e-01 1.737596722803823324e-01 2.261037778789257990e-01 0.000000000000000000e+00
3.550000000000000000e+03 1.419992050711773590e-01 3.714155666818388934e-01 2.306554392353208915e-01 1.926490669094219343e-01 2.052799271734183084e-01 0.000000000000000000e+00
3.600000000000000000e+03 1.439991938749967115e-01 3.868912152935821691e-01 2.452207555757851543e-01 2.063040509786071841e-01 1.615839781520254925e-01 0.000000000000000000e+00
3.650000000000000000e+03 1.459991826788160640e-01 3.888256713700500855e-01 2.631998179335457433e-01 2.321347291761493015e-01 1.158397815202548975e-01 0.000000000000000000e+00
3.700000000000000000e+03 1.479991714826356386e-01 3.731224396904870289e-01 2.728720983158853253e-01 2.505689576695493970e-01 1.034365043240782905e-01 0.000000000000000000e+00
3.750000000000000000e+03 1.499991602864549911e-01 3.758534365043240677e-01 2.723031406463359283e-01 2.592171142467000200e-01 9.262630860263997012e-02 0.000000000000000000e+00
3.800000000000000000e+03 1.519991490902743436e-01 3.720983158852981254e-01 2.708238507055075184e-01 2.567137005006827621e-01 1.003641329085116080e-01 0.000000000000000000e+00
3.850000000000000000e+03 1.539991378940936961e-01 3.808602639963586944e-01 2.711652253072371344e-01 2.513654984069185194e-01 9.660901228948566566e-02 0.000000000000000000e+00
3.900000000000000000e+03 1.559991266979130486e-01 3.747155211652253293e-01 2.737824305871643382e-01 2.536413290851160518e-01 9.786071916249430847e-02 0.000000000000000000e+00
3.950000000000000000e+03 1.579991155017326232e-01 3.848429676832043622e-01 2.729858898497951603e-01 2.538689121529358328e-01 8.830223031406463086e-02 0.000000000000000000e+00
4.000000000000000000e+03 1.599991043055519757e-01 3.917842512517068498e-01 2.685480200273099860e-01 2.627446517979062368e-01 7.692307692307692735e-02 0.000000000000000000e+00
4.050000000000000000e+03 1.619990931093713282e-01 3.997496586253982964e-01 2.639963586709148657e-01 2.642239417387346467e-01 7.203004096495220498e-02 0.000000000000000000e+00
4.100000000000000000e+03 1.639990819131906807e-01 3.974738279472007085e-01 2.643377332726445372e-01 2.578516158397815006e-01 8.033682294037323979e-02 0.000000000000000000e+00
4.150000000000000000e+03 1.659990707170102553e-01 3.986117432862995025e-01 2.593309057806099105e-01 2.558033682294037492e-01 8.625398270368685172e-02 0.000000000000000000e+00
4.200000000000000000e+03 1.679990595208296078e-01 4.024806554392353353e-01 2.651342740100136597e-01 2.594446973145198010e-01 7.294037323623121793e-02 0.000000000000000000e+00
4.250000000000000000e+03 1.699990483246489603e-01 4.040737369139735802e-01 2.634274010013655243e-01 2.627446517979062368e-01 6.975421028675465873e-02 0.000000000000000000e+00
4.300000000000000000e+03 1.719990371284683128e-01 4.037323623122439642e-01 2.604688211197087044e-01 2.629722348657259623e-01 7.282658170232134132e-02 0.000000000000000000e+00
4.350000000000000000e+03 1.739990259322876653e-01 4.074874829312699065e-01 2.634274010013655243e-01 2.587619481110605135e-01 7.032316795630405570e-02 0.000000000000000000e+00
4.400000000000000000e+03 1.759990147361072399e-01 4.146563495675921751e-01 2.593309057806099105e-01 2.554619936276740777e-01 7.055075102412380894e-02 0.000000000000000000e+00
4.450000000000000000e+03 1.779990035399265924e-01 4.129494765589440397e-01 2.591033227127901850e-01 2.626308602639963463e-01 6.531634046426945672e-02 0.000000000000000000e+00
4.500000000000000000e+03 1.799989923437459449e-01 4.155666818388711881e-01 2.569412835685024876e-01 2.634274010013655243e-01 6.406463359126081392e-02 0.000000000000000000e+00
4.550000000000000000e+03 1.819989811475652974e-01 4.112426035502958488e-01 2.555757851615839682e-01 2.593309057806099105e-01 7.385070550751024476e-02 0.000000000000000000e+00
4.600000000000000000e+03 1.839989699513846499e-01 4.205735093309057593e-01 2.539827036868457233e-01 2.600136549840691980e-01 6.543013199817933334e-02 0.000000000000000000e+00
4.650000000000000000e+03 1.859989587552042245e-01 4.214838416021847722e-01 2.578516158397815006e-01 2.630860263996358528e-01 5.757851615839781195e-02 0.000000000000000000e+00
4.700000000000000000e+03 1.879989475590235770e-01 4.256941283568502765e-01 2.581929904415111721e-01 2.647928994082840437e-01 5.131998179335457710e-02 0.000000000000000000e+00
4.750000000000000000e+03 1.899989363628429295e-01 4.260355029585798925e-01 2.563723258989530907e-01 2.575102412380518846e-01 6.008192990441511144e-02 0.000000000000000000e+00
4.800000000000000000e+03 1.919989251666622820e-01 4.354802002730996935e-01 2.591033227127901850e-01 2.498862084660901095e-01 5.553026854802002588e-02 0.000000000000000000e+00
4.850000000000000000e+03 1.939989139704816345e-01 4.311561219845243542e-01 2.584205735093308975e-01 2.539827036868457233e-01 5.644060081929904577e-02 0.000000000000000000e+00
4.900000000000000000e+03 1.959989027743012091e-01 4.402594446973145392e-01 2.580791989076012816e-01 2.470414201183432079e-01 5.461993627674101293e-02 0.000000000000000000e+00
4.950000000000000000e+03 1.979988915781205616e-01 4.446973145197997135e-01 2.603550295857988139e-01 2.437414656349567721e-01 5.120619025944470049e-02 0.000000000000000000e+00
5.000000000000000000e+03 1.999988803819399141e-01 4.448111060537096040e-01 2.652480655439235502e-01 2.431725079654073751e-01 4.676832043695949154e-02 0.000000000000000000e+00
5.050000000000000000e+03 2.019988691857592666e-01 4.446973145197997135e-01 2.729858898497951603e-01 2.366863905325443662e-01 4.563040509786071841e-02 0.000000000000000000e+00
5.100000000000000000e+03 2.039988579895788412e-01 4.486800182066454368e-01 2.759444697314519801e-01 2.282658170232134687e-01 4.710969503868912139e-02 0.000000000000000000e+00
5.150000000000000000e+03 2.059988467933981937e-01 4.530040964952207760e-01 2.763996358670914866e-01 2.233727810650887602e-01 4.722348657259899801e-02 0.000000000000000000e+00
5.200000000000000000e+03 2.079988355972175462e-01 4.441283568502503165e-01 2.801547564861174289e-01 2.249658625398270329e-01 5.075102412380518707e-02 0.000000000000000000e+00
5.250000000000000000e+03 2.099988244010368987e-01 4.518661811561219821e-01 2.817478379608557293e-01 2.200728265817023244e-01 4.631315430131998506e-02 0.000000000000000000e+00
5.300000000000000000e+03 2.119988132048562512e-01 4.607419208010923861e-01 2.776513427401001155e-01 2.173418297678652578e-01 4.426490669094219205e-02 0.000000000000000000e+00
5.350000000000000000e+03 2.139988020086758258e-01 4.583522985889849632e-01 2.820892125625853453e-01 2.165452890304961353e-01 4.301319981793354230e-02 0.000000000000000000e+00
5.400000000000000000e+03 2.159987908124951783e-01 4.665452890304961353e-01 2.795857988165680319e-01 2.084660901228948537e-01 4.540282203004096517e-02 0.000000000000000000e+00
5.450000000000000000e+03 2.179987796163145308e-01 4.571005917159763343e-01 2.831133363677742487e-01 2.127901684114701930e-01 4.699590350477924477e-02 0.000000000000000000e+00
5.500000000000000000e+03 2.199987684201338833e-01 4.625625853436504120e-01 2.816340464269458388e-01 2.098315885298133732e-01 4.597177969959034827e-02 0.000000000000000000e+00
5.550000000000000000e+03 2.219987572239532359e-01 4.682521620391442707e-01 2.807237141556668258e-01 2.102867546654528796e-01 4.073736913973600299e-02 0.000000000000000000e+00
5.600000000000000000e+03 2.239987460277728104e-01 4.724624487938097195e-01 2.771961766044606090e-01 2.026627218934911323e-01 4.767865270823850449e-02 0.000000000000000000e+00
5.650000000000000000e+03 2.259987348315921629e-01 4.684797451069640517e-01 2.759444697314519801e-01 2.057350933090578149e-01 4.984069185252617412e-02 0.000000000000000000e+00
5.700000000000000000e+03 2.279987236354115154e-01 4.666590805644060258e-01 2.775375512061902805e-01 2.091488393263541135e-01 4.665452890304961492e-02 0.000000000000000000e+00
5.750000000000000000e+03 2.299987124392308679e-01 4.821347291761493015e-01 2.740100136549840637e-01 1.986800182066454368e-01 4.517523896222121194e-02 0.000000000000000000e+00
5.800000000000000000e+03 2.319987012430504425e-01 4.742831133363678009e-01 2.804961310878470448e-01 2.034592626308602548e-01 4.176149294492489950e-02 0.000000000000000000e+00
5.850000000000000000e+03 2.339986900468697950e-01 4.827036868456986984e-01 2.728720983158853253e-01 2.010696404187528319e-01 4.335457441966317910e-02 0.000000000000000000e+00
5.900000000000000000e+03 2.359986788506891475e-01 4.804278561675011106e-01 2.775375512061902805e-01 1.975421028675466428e-01 4.449248975876194528e-02 0.000000000000000000e+00
5.950000000000000000e+03 2.379986676545085000e-01 4.853208921256258468e-01 2.752617205279926926e-01 2.024351388256713791e-01 3.698224852071006069e-02 0.000000000000000000e+00
6.000000000000000000e+03 2.399986564583278525e-01 4.930587164314975124e-01 2.713928083750569153e-01 2.019799726900318726e-01 3.356850250341374825e-02 0.000000000000000000e+00
6.050000000000000000e+03 2.419986452621474271e-01 4.940828402366864158e-01 2.718479745106964218e-01 2.002730996813837094e-01 3.379608557123350149e-02 0.000000000000000000e+00
6.100000000000000000e+03 2.439986340659667796e-01 4.918070095584888279e-01 2.655894401456531662e-01 2.081247155211652378e-01 3.447883477469276120e-02 0.000000000000000000e+00
6.150000000000000000e+03 2.459986228697861321e-01 4.921483841602184994e-01 2.679790623577605890e-01 1.993627674101046965e-01 4.050978607191624975e-02 0.000000000000000000e+00
6.200000000000000000e+03 2.479986116736054846e-01 4.930587164314975124e-01 2.655894401456531662e-01 2.032316795630405015e-01 3.812016385980882688e-02 0.000000000000000000e+00
6.250000000000000000e+03 2.499986004774248372e-01 4.987482931269913711e-01 2.685480200273099860e-01 1.953800637232590010e-01 3.732362312243969055e-02 0.000000000000000000e+00
6.300000000000000000e+03 2.519985892812444117e-01 4.853208921256258468e-01 2.753755120619025831e-01 1.995903504779244497e-01 3.959945380063722986e-02 1.137915339098771066e-04
6.350000000000000000e+03 2.539985780850637642e-01 4.899863450159308020e-01 2.770823850705507740e-01 2.003868912152935722e-01 3.254437869822485174e-02 0.000000000000000000e+00
6.400000000000000000e+03 2.559985668888831167e-01 4.907828857532999800e-01 2.704824761037779024e-01 2.071005917159763343e-01 3.163404642694583185e-02 0.000000000000000000e+00
6.450000000000000000e+03 2.579985556927024692e-01 4.969276285844333452e-01 2.703686845698680119e-01 2.009558488848429691e-01 3.174783796085571541e-02 0.000000000000000000e+00
6.500000000000000000e+03 2.599985444965218218e-01 4.921483841602184994e-01 2.703686845698680119e-01 2.023213472917614886e-01 3.516158397815202785e-02 0.000000000000000000e+00
6.550000000000000000e+03 2.619985333003413963e-01 5.029585798816568198e-01 2.653618570778333852e-01 1.961766044606281234e-01 3.550295857988165771e-02 0.000000000000000000e+00
6.600000000000000000e+03 2.639985221041607488e-01 5.012517068730086844e-01 2.679790623577605890e-01 1.913973600364132777e-01 3.937187073281747662e-02 0.000000000000000000e+00
6.650000000000000000e+03 2.659985109079801013e-01 5.044378698224851743e-01 2.697997269003186149e-01 1.832043695949021334e-01 4.255803368229403583e-02 0.000000000000000000e+00
6.700000000000000000e+03 2.679984997117994538e-01 5.044378698224851743e-01 2.712790168411470249e-01 1.863905325443787064e-01 3.789258079198907364e-02 0.000000000000000000e+00
6.750000000000000000e+03 2.699984885156190284e-01 5.044378698224851743e-01 2.718479745106964218e-01 1.860491579426490627e-01 3.766499772416932040e-02 0.000000000000000000e+00
6.800000000000000000e+03 2.719984773194383809e-01 5.020482476103778069e-01 2.782203004096495125e-01 1.845698680018206528e-01 3.516158397815202785e-02 0.000000000000000000e+00
6.850000000000000000e+03 2.739984661232577334e-01 4.989758761948110966e-01 2.907373691397360238e-01 1.753527537551206328e-01 3.493400091033227461e-02 0.000000000000000000e+00
6.900000000000000000e+03 2.759984549270770859e-01 5.023896222121073674e-01 2.925580336822940497e-01 1.686390532544378706e-01 3.641329085116067066e-02 0.000000000000000000e+00
6.950000000000000000e+03 2.779984437308964385e-01 4.918070095584888279e-01 3.029130632680928636e-01 1.675011379153391045e-01 3.777878925807919702e-02 0.000000000000000000e+00
7.000000000000000000e+03 2.799984325347160130e-01 4.918070095584888279e-01 3.039371870732817671e-01 1.698907601274465273e-01 3.436504324078288458e-02 0.000000000000000000e+00
7.050000000000000000e+03 2.819984213385353655e-01 4.879380974055530507e-01 3.072371415566682029e-01 1.643149749658625314e-01 4.050978607191624975e-02 0.000000000000000000e+00
7.100000000000000000e+03 2.839984101423547180e-01 4.912380518889394865e-01 3.064406008192990249e-01 1.657942649066909413e-01 3.652708238507055422e-02 0.000000000000000000e+00
7.150000000000000000e+03 2.859983989461740705e-01 4.943104233045061413e-01 3.016613563950841792e-01 1.678425125170687204e-01 3.618570778334091742e-02 0.000000000000000000e+00
7.200000000000000000e+03 2.879983877499934231e-01 4.901001365498406925e-01 3.084888484296768318e-01 1.677287209831588577e-01 3.368229403732362487e-02 0.000000000000000000e+00
7.250000000000000000e+03 2.899983765538129976e-01 4.932862994993172379e-01 3.124715521165225551e-01 1.618115612198452458e-01 3.243058716431497512e-02 0.000000000000000000e+00
7.300000000000000000e+03 2.919983653576323501e-01 4.910104688211197055e-01 3.142922166590805810e-01 1.605598543468365891e-01 3.413746017296313134e-02 0.000000000000000000e+00
7.350000000000000000e+03 2.939983541614517026e-01 4.878243058716431602e-01 3.195266272189349332e-01 1.523668639053254448e-01 4.028220300409649651e-02 0.000000000000000000e+00
7.400000000000000000e+03 2.959983429652710551e-01 4.882794720072826666e-01 3.207783340919435622e-01 1.530496131087847045e-01 3.789258079198907364e-02 0.000000000000000000e+00
7.450000000000000000e+03 2.979983317690904077e-01 4.864588074647246407e-01 3.220300409649521911e-01 1.550978607191624836e-01 3.641329085116067066e-02 0.000000000000000000e+00
7.500000000000000000e+03 2.999983205729099822e-01 4.940828402366864158e-01 3.192990441511151523e-01 1.508875739644970349e-01 3.573054164770141095e-02 0.000000000000000000e+00
7.550000000000000000e+03 3.019983093767293347e-01 4.827036868456986984e-01 3.266954938552571464e-01 1.531634046426945950e-01 3.743741465634956717e-02 0.000000000000000000e+00
7.600000000000000000e+03 3.039982981805486872e-01 4.847519344560764498e-01 3.295402822030040757e-01 1.513427401001365413e-01 3.436504324078288458e-02 0.000000000000000000e+00
7.650000000000000000e+03 3.059982869843680398e-01 4.827036868456986984e-01 3.353436504324078249e-01 1.543013199817933612e-01 2.765134274010013632e-02 0.000000000000000000e+00
7.700000000000000000e+03 3.079982757881876143e-01 4.796313154301319881e-01 3.436504324078288319e-01 1.500910332271279124e-01 2.662721893491124328e-02 0.000000000000000000e+00
7.750000000000000000e+03 3.099982645920069668e-01 4.745106964041875264e-01 3.491124260355029651e-01 1.479289940828402428e-01 2.844788347746927612e-02 0.000000000000000000e+00
7.800000000000000000e+03 3.119982533958263193e-01 4.697314519799726806e-01 3.458124715521165293e-01 1.564633591260810308e-01 2.799271734182976618e-02 0.000000000000000000e+00
7.850000000000000000e+03 3.139982421996456718e-01 4.722348657259899940e-01 3.400091033227127801e-01 1.593081474738279601e-01 2.833409194355939950e-02 1.137915339098771066e-04
7.900000000000000000e+03 3.159982310034650244e-01 4.681383705052344357e-01 3.395539371870732737e-01 1.659080564406008318e-01 2.639963586709149004e-02 0.000000000000000000e+00
7.950000000000000000e+03 3.179982198072845989e-01 4.607419208010923861e-01 3.421711424670004775e-01 1.670459717796995980e-01 3.004096495220755572e-02 0.000000000000000000e+00
8.000000000000000000e+03 3.199982086111039514e-01 4.589212562585343602e-01 3.428538916704597095e-01 1.663632225762403383e-01 3.186162949476559203e-02 0.000000000000000000e+00
8.050000000000000000e+03 3.219981974149233039e-01 4.505006827492034627e-01 3.472917614929449392e-01 1.712562585343650468e-01 3.083750568957669552e-02 1.137915339098771066e-04
8.100000000000000000e+03 3.239981862187426565e-01 4.524351388256713791e-01 3.472917614929449392e-01 1.693218024578971304e-01 3.083750568957669552e-02 1.137915339098771066e-04
8.150000000000000000e+03 3.259981750225620090e-01 4.573281747837960598e-01 3.484296768320436777e-01 1.645425580336822846e-01 2.969959035047792587e-02 0.000000000000000000e+00
8.200000000000000000e+03 3.279981638263815835e-01 4.466317705962676299e-01 3.640191169776968438e-01 1.603322712790168358e-01 2.901684114701866268e-02 0.000000000000000000e+00
8.250000000000000000e+03 3.299981526302009360e-01 4.371870732817478289e-01 3.648156577150660218e-01 1.676149294492489672e-01 3.038233955393718558e-02 0.000000000000000000e+00
8.300000000000000000e+03 3.319981414340202885e-01 4.410559854346836617e-01 3.652708238507055283e-01 1.647701411015020379e-01 2.890304961310878606e-02 0.000000000000000000e+00
8.350000000000000000e+03 3.339981302378396411e-01 4.379836140191169513e-01 3.659535730541647602e-01 1.653390987710514348e-01 3.072371415566681890e-02 0.000000000000000000e+00
8.400000000000000000e+03 3.359981190416589936e-01 4.368456986800182129e-01 3.616294947655894210e-01 1.681838871187983642e-01 3.334091943559399501e-02 0.000000000000000000e+00
8.450000000000000000e+03 3.379981078454785681e-01 4.322940373236231482e-01 3.635639508420573374e-01 1.731907146108329631e-01 3.095129722348657214e-02 0.000000000000000000e+00
8.500000000000000000e+03 3.399980966492979206e-01 4.291078743741465473e-01 3.680018206645425671e-01 1.759217114246700020e-01 2.696859353664087314e-02 0.000000000000000000e+00
8.550000000000000000e+03 3.419980854531172731e-01 4.287664997724169313e-01 3.652708238507055283e-01 1.779699590350477811e-01 2.799271734182976618e-02 0.000000000000000000e+00
8.600000000000000000e+03 3.439980742569366257e-01 4.221665908056440597e-01 3.725534820209376319e-01 1.822940373236231204e-01 2.298588984979517413e-02 0.000000000000000000e+00
8.650000000000000000e+03 3.459980630607562002e-01 4.330905780609922706e-01 3.690259444697314706e-01 1.768320436959490149e-01 2.105143377332726468e-02 0.000000000000000000e+00
8.700000000000000000e+03 3.479980518645755527e-01 4.262630860263996180e-01 3.694811106053709771e-01 1.842284934000910368e-01 2.002730996813837164e-02 0.000000000000000000e+00
8.750000000000000000e+03 3.499980406683949052e-01 4.237596722803823601e-01 3.682294037323622926e-01 1.874146563495675821e-01 2.059626763768775473e-02 0.000000000000000000e+00
8.800000000000000000e+03 3.519980294722142578e-01 4.201183431952662528e-01 3.716431497496586189e-01 1.876422394173873354e-01 2.059626763768775473e-02 0.000000000000000000e+00
8.850000000000000000e+03 3.539980182760336103e-01 4.268320436959490149e-01 3.669776968593536637e-01 1.868456986800182129e-01 1.934456076467910846e-02 0.000000000000000000e+00
8.900000000000000000e+03 3.559980070798531848e-01 4.267182521620391245e-01 3.640191169776968438e-01 1.888939462903959920e-01 2.036868456986800149e-02 0.000000000000000000e+00
8.950000000000000000e+03 3.579979958836725373e-01 4.258079198907601115e-01 3.684569868001820736e-01 1.860491579426490627e-01 1.968593536640873831e-02 0.000000000000000000e+00
9.000000000000000000e+03 3.599979846874918898e-01 4.252389622212107145e-01 3.705052344105598805e-01 1.817250796540737234e-01 2.253072371415566766e-02 0.000000000000000000e+00
9.050000000000000000e+03 3.619979734913112424e-01 4.163632225762403105e-01 3.801775147928994070e-01 1.784251251706872876e-01 2.503413746017296368e-02 0.000000000000000000e+00
9.100000000000000000e+03 3.639979622951305949e-01 4.193218024578971304e-01 3.832498862084661173e-01 1.750113791533909890e-01 2.241693218024579104e-02 0.000000000000000000e+00
9.150000000000000000e+03 3.659979510989501694e-01 4.238734638142921951e-01 3.835912608101957333e-01 1.705735093309057870e-01 2.196176604460628110e-02 0.000000000000000000e+00
9.200000000000000000e+03 3.679979399027695219e-01 4.138598088302230527e-01 3.929221665908056438e-01 1.704597177969958965e-01 2.275830678197542090e-02 0.000000000000000000e+00
9.250000000000000000e+03 3.699979287065888744e-01 4.214838416021847722e-01 3.996358670914884059e-01 1.632908511606736557e-01 1.558944014565316269e-02 0.000000000000000000e+00
9.300000000000000000e+03 3.719979175104082270e-01 4.175011379153391045e-01 3.988393263541192280e-01 1.657942649066909413e-01 1.786527082385070547e-02 0.000000000000000000e+00
9.350000000000000000e+03 3.739979063142278015e-01 4.119253527537551363e-01 4.023668639053254448e-01 1.680700955848884737e-01 1.763768775603095224e-02 0.000000000000000000e+00
9.400000000000000000e+03 3.759978951180471540e-01 4.127218934911242587e-01 4.035047792444242387e-01 1.695493855257168836e-01 1.422394173873463806e-02 0.000000000000000000e+00
9.450000000000000000e+03 3.779978839218665065e-01 4.162494310423304755e-01 4.014565316340464318e-01 1.662494310423304478e-01 1.604460628129267263e-02 0.000000000000000000e+00
9.500000000000000000e+03 3.799978727256858591e-01 4.144287664997723941e-01 4.022530723714155543e-01 1.690942193900773771e-01 1.422394173873463806e-02 0.000000000000000000e+00
9.550000000000000000e+03 3.819978615295052116e-01 4.149977241693217911e-01 4.062357760582612776e-01 1.638598088302230249e-01 1.490669094219390124e-02 0.000000000000000000e+00
9.600000000000000000e+03 3.839978503333247861e-01 4.128356850250341492e-01 4.187528447883477334e-01 1.572598998634501533e-01 1.115157032316795548e-02 0.000000000000000000e+00
9.650000000000000000e+03 3.859978391371441386e-01 4.086253982703687004e-01 4.303595812471552318e-01 1.499772416932180219e-01 1.103777878925807886e-02 0.000000000000000000e+00
9.700000000000000000e+03 3.879978279409634911e-01 4.128356850250341492e-01 4.299044151115157253e-01 1.465634956759217233e-01 1.069640418752844727e-02 0.000000000000000000e+00
9.750000000000000000e+03 3.899978167447828437e-01 4.138598088302230527e-01 4.301319981793354508e-01 1.430359581247155343e-01 1.297223486572599005e-02 0.000000000000000000e+00
9.800000000000000000e+03 3.919978055486021962e-01 4.053254437869822646e-01 4.399180700955848677e-01 1.409877105143377274e-01 1.376877560309512985e-02 0.000000000000000000e+00
9.850000000000000000e+03 3.939977943524217707e-01 4.068047337278106745e-01 4.450386891215293850e-01 1.333636777423759801e-01 1.479289940828402289e-02 0.000000000000000000e+00
9.900000000000000000e+03 3.959977831562413453e-01 4.085116067364588099e-01 4.401456531634046487e-01 1.390532544378698110e-01 1.228948566226672687e-02 0.000000000000000000e+00
9.950000000000000000e+03 3.979977719600604757e-01 4.052116522530723741e-01 4.411697769685935522e-01 1.388256713700500578e-01 1.479289940828402289e-02 0.000000000000000000e+00
1.000000000000000000e+04 3.999977607638798283e-01 4.054392353208920996e-01 4.424214838416021811e-01 1.391670459717797015e-01 1.297223486572599005e-02 0.000000000000000000e+00
1.005000000000000000e+04 4.019977495676991808e-01 4.033909877105143482e-01 4.440145653163404815e-01 1.396222121074192080e-01 1.297223486572599005e-02 0.000000000000000000e+00
1.010000000000000000e+04 4.039977383715187553e-01 4.066909421939007840e-01 4.474283113336367523e-01 1.352981338188438687e-01 1.058261265361857065e-02 0.000000000000000000e+00
1.015000000000000000e+04 4.059977271753381078e-01 4.043013199817933612e-01 4.479972690031861493e-01 1.363222576240327721e-01 1.137915339098771045e-02 0.000000000000000000e+00
1.020000000000000000e+04 4.079977159791572383e-01 4.054392353208920996e-01 4.494765589440145592e-01 1.354119253527537592e-01 9.672280382339554228e-03 0.000000000000000000e+00
1.025000000000000000e+04 4.099977047829768129e-01 4.014565316340464318e-01 4.457214383249886169e-01 1.422394173873463841e-01 1.046882111970869403e-02 1.137915339098771066e-04
1.030000000000000000e+04 4.119976935867963874e-01 4.043013199817933612e-01 4.426490669094219621e-01 1.415566681838871244e-01 1.149294492489758707e-02 0.000000000000000000e+00
1.035000000000000000e+04 4.139976823906157399e-01 4.004324078288575284e-01 4.406008192990441552e-01 1.482703686845698587e-01 1.069640418752844727e-02 0.000000000000000000e+00
1.040000000000000000e+04 4.159976711944348704e-01 3.964497041420118606e-01 4.450386891215293850e-01 1.475876194811105990e-01 1.092398725534820224e-02 0.000000000000000000e+00
1.045000000000000000e+04 4.179976599982544450e-01 3.980427856167501055e-01 4.394629039599453613e-01 1.520254893035958010e-01 1.046882111970869403e-02 0.000000000000000000e+00
1.050000000000000000e+04 4.199976488020740195e-01 4.017979062357760478e-01 4.358215748748293095e-01 1.528220300409649512e-01 9.558488848429677609e-03 0.000000000000000000e+00
1.055000000000000000e+04 4.219976376058933720e-01 4.011151570323168158e-01 4.343422849340008995e-01 1.554392353208921274e-01 9.103322712790167665e-03 0.000000000000000000e+00
1.060000000000000000e+04 4.239976264097125025e-01 3.947428311333636697e-01 4.406008192990441552e-01 1.568047337278106468e-01 7.851615839781519654e-03 0.000000000000000000e+00
1.065000000000000000e+04 4.259976152135320770e-01 3.965634956759216956e-01 4.398042785616750328e-01 1.555530268548019901e-01 8.079198907601274626e-03 0.000000000000000000e+00
1.070000000000000000e+04 4.279976040173516516e-01 3.963359126081019701e-01 4.374146563495676099e-01 1.590805644060081792e-01 7.168866636322257339e-03 0.000000000000000000e+00
1.075000000000000000e+04 4.299975928211707821e-01 3.963359126081019701e-01 4.394629039599453613e-01 1.571461083295402905e-01 7.055075102412380721e-03 0.000000000000000000e+00
1.080000000000000000e+04 4.319975816249901346e-01 4.000910332271279124e-01 4.390077378243058548e-01 1.524806554392353075e-01 8.420573509330906217e-03 0.000000000000000000e+00
1.085000000000000000e+04 4.339975704288097091e-01 3.956531634046426826e-01 4.420801092398725651e-01 1.545289030496131144e-01 7.737824305871643035e-03 0.000000000000000000e+00
1.090000000000000000e+04 4.359975592326292837e-01 3.900773782430587144e-01 4.450386891215293850e-01 1.555530268548019901e-01 9.330905780609922637e-03 0.000000000000000000e+00
1.095000000000000000e+04 4.379975480364484142e-01 3.897360036413290985e-01 4.499317250796540657e-01 1.522530723714155543e-01 8.079198907601274626e-03 0.000000000000000000e+00
1.100000000000000000e+04 4.399975368402677667e-01 3.838188438780154588e-01 4.526627218934911046e-01 1.560081929904415243e-01 7.510241238051888930e-03 0.000000000000000000e+00
1.105000000000000000e+04 4.419975256440873412e-01 3.797223486572599005e-01 4.593764223941738667e-01 1.548702776513427304e-01 6.030951297223486815e-03 0.000000000000000000e+00
1.110000000000000000e+04 4.439975144479069158e-01 3.779016841147018746e-01 4.589212562585343602e-01 1.566909421939007840e-01 6.486117432862995025e-03 0.000000000000000000e+00
1.115000000000000000e+04 4.459975032517260463e-01 3.763086026399635742e-01 4.626763768775603025e-01 1.556668183887118806e-01 5.348202093764223633e-03 0.000000000000000000e+00
1.120000000000000000e+04 4.479974920555453988e-01 3.742603550295858228e-01 4.658625398270368478e-01 1.535047792444242110e-01 6.372325898953117539e-03 0.000000000000000000e+00
1.125000000000000000e+04 4.499974808593649733e-01 3.723258989531179064e-01 4.679107874374146547e-01 1.523668639053254448e-01 7.396449704142011444e-03 0.000000000000000000e+00
1.130000000000000000e+04 4.519974696631843258e-01 3.753982703686845612e-01 4.681383705052344357e-01 1.489531178880291185e-01 7.510241238051888930e-03 0.000000000000000000e+00
1.135000000000000000e+04 4.539974584670036784e-01 3.789258079198907780e-01 4.742831133363678009e-01 1.390532544378698110e-01 7.737824305871643035e-03 0.000000000000000000e+00
