# itime ezz other fcc hcp bcc ico
0.000000000000000000e+00 0.000000000000000000e+00 0.000000000000000000e+00 1.000000000000000000e+00 0.000000000000000000e+00 0.000000000000000000e+00 0.000000000000000000e+00
2.500000000000000000e+02 1.000001993275856371e-02 0.000000000000000000e+00 1.000000000000000000e+00 0.000000000000000000e+00 0.000000000000000000e+00 0.000000000000000000e+00
5.000000000000000000e+02 2.000003986551734947e-02 0.000000000000000000e+00 1.000000000000000000e+00 0.000000000000000000e+00 0.000000000000000000e+00 0.000000000000000000e+00
7.500000000000000000e+02 3.000005979827591318e-02 0.000000000000000000e+00 1.000000000000000000e+00 0.000000000000000000e+00 0.000000000000000000e+00 0.000000000000000000e+00
1.000000000000000000e+03 4.000007973103447689e-02 0.000000000000000000e+00 1.000000000000000000e+00 0.000000000000000000e+00 0.000000000000000000e+00 0.000000000000000000e+00
1.250000000000000000e+03 5.000009966379304061e-02 0.000000000000000000e+00 1.000000000000000000e+00 0.000000000000000000e+00 0.000000000000000000e+00 0.000000000000000000e+00
1.500000000000000000e+03 6.000011959655182636e-02 0.000000000000000000e+00 1.000000000000000000e+00 0.000000000000000000e+00 0.000000000000000000e+00 0.000000000000000000e+00
1.750000000000000000e+03 7.000013952931039007e-02 0.000000000000000000e+00 1.000000000000000000e+00 0.000000000000000000e+00 0.000000000000000000e+00 0.000000000000000000e+00
2.000000000000000000e+03 8.000015946206895379e-02 0.000000000000000000e+00 1.000000000000000000e+00 0.000000000000000000e+00 0.000000000000000000e+00 0.000000000000000000e+00
2.250000000000000000e+03 9.000017939482751750e-02 1.251706873008648227e-03 9.986345015930814251e-01 0.000000000000000000e+00 1.137915339098771066e-04 0.000000000000000000e+00
2.500000000000000000e+03 1.000001993275863033e-01 3.072371415566681717e-03 9.969276285844332897e-01 0.000000000000000000e+00 0.000000000000000000e+00 0.000000000000000000e+00
2.750000000000000000e+03 1.100002192603448670e-01 7.510241238051888930e-03 9.920345926263085534e-01 0.000000000000000000e+00 4.551661356395084266e-04 0.000000000000000000e+00
3.000000000000000000e+03 1.200002391931034307e-01 7.635411925352754425e-02 8.939462903959944917e-01 0.000000000000000000e+00 2.969959035047792587e-02 0.000000000000000000e+00
3.250000000000000000e+03 1.300002591258619944e-01 3.837050523441056238e-01 1.560081929904415243e-01 9.103322712790168532e-04 4.593764223941738667e-01 0.000000000000000000e+00
3.500000000000000000e+03 1.400002790586207801e-01 3.812016385980883104e-01 2.189349112426035582e-01 1.737596722803823324e-01 2.261037778789257990e-01 0.000000000000000000e+00
3.750000000000000000e+03 1.500002989913793439e-01 3.758534365043240677e-01 2.723031406463359283e-01 2.592171142467000200e-01 9.262630860263997012e-02 0.000000000000000000e+00
4.000000000000000000e+03 1.600003189241379076e-01 3.917842512517068498e-01 2.685480200273099860e-01 2.627446517979062368e-01 7.692307692307692735e-02 0.000000000000000000e+00
4.250000000000000000e+03 1.700003388568964713e-01 4.040737369139735802e-01 2.634274010013655243e-01 2.627446517979062368e-01 6.975421028675465873e-02 0.000000000000000000e+00
4.500000000000000000e+03 1.800003587896552570e-01 4.155666818388711881e-01 2.569412835685024876e-01 2.634274010013655243e-01 6.406463359126081392e-02 0.000000000000000000e+00
4.750000000000000000e+03 1.900003787224138208e-01 4.260355029585798925e-01 2.563723258989530907e-01 2.575102412380518846e-01 6.008192990441511144e-02 0.000000000000000000e+00
5.000000000000000000e+03 2.000003986551723845e-01 4.448111060537096040e-01 2.652480655439235502e-01 2.431725079654073751e-01 4.676832043695949154e-02 0.000000000000000000e+00
5.250000000000000000e+03 2.100004185879309482e-01 4.518661811561219821e-01 2.817478379608557293e-01 2.200728265817023244e-01 4.631315430131998506e-02 0.000000000000000000e+00
5.500000000000000000e+03 2.200004385206897339e-01 4.625625853436504120e-01 2.816340464269458388e-01 2.098315885298133732e-01 4.597177969959034827e-02 0.000000000000000000e+00
5.750000000000000000e+03 2.300004584534482976e-01 4.821347291761493015e-01 2.740100136549840637e-01 1.986800182066454368e-01 4.517523896222121194e-02 0.000000000000000000e+00
6.000000000000000000e+03 2.400004783862068614e-01 4.930587164314975124e-01 2.713928083750569153e-01 2.019799726900318726e-01 3.356850250341374825e-02 0.000000000000000000e+00
6.250000000000000000e+03 2.500004983189654251e-01 4.987482931269913711e-01 2.685480200273099860e-01 1.953800637232590010e-01 3.732362312243969055e-02 0.000000000000000000e+00
6.500000000000000000e+03 2.600005182517242108e-01 4.921483841602184994e-01 2.703686845698680119e-01 2.023213472917614886e-01 3.516158397815202785e-02 0.000000000000000000e+00
6.750000000000000000e+03 2.700005381844827745e-01 5.044378698224851743e-01 2.718479745106964218e-01 1.860491579426490627e-01 3.766499772416932040e-02 0.000000000000000000e+00
7.000000000000000000e+03 2.800005581172413383e-01 4.918070095584888279e-01 3.039371870732817671e-01 1.698907601274465273e-01 3.436504324078288458e-02 0.000000000000000000e+00
7.250000000000000000e+03 2.900005780499999020e-01 4.932862994993172379e-01 3.124715521165225551e-01 1.618115612198452458e-01 3.243058716431497512e-02 0.000000000000000000e+00
7.500000000000000000e+03 3.000005979827586877e-01 4.940828402366864158e-01 3.192990441511151523e-01 1.508875739644970349e-01 3.573054164770141095e-02 0.000000000000000000e+00
7.750000000000000000e+03 3.100006179155172514e-01 4.745106964041875264e-01 3.491124260355029651e-01 1.479289940828402428e-01 2.844788347746927612e-02 0.000000000000000000e+00
8.000000000000000000e+03 3.200006378482758151e-01 4.589212562585343602e-01 3.428538916704597095e-01 1.663632225762403383e-01 3.186162949476559203e-02 0.000000000000000000e+00
8.250000000000000000e+03 3.300006577810343789e-01 4.371870732817478289e-01 3.648156577150660218e-01 1.676149294492489672e-01 3.038233955393718558e-02 0.000000000000000000e+00
8.500000000000000000e+03 3.400006777137931646e-01 4.291078743741465473e-01 3.680018206645425671e-01 1.759217114246700020e-01 2.696859353664087314e-02 0.000000000000000000e+00
8.750000000000000000e+03 3.500006976465517283e-01 4.237596722803823601e-01 3.682294037323622926e-01 1.874146563495675821e-01 2.059626763768775473e-02 0.000000000000000000e+00
9.000000000000000000e+03 3.600007175793102920e-01 4.252389622212107145e-01 3.705052344105598805e-01 1.817250796540737234e-01 2.253072371415566766e-02 0.000000000000000000e+00
9.250000000000000000e+03 3.700007375120690778e-01 4.214838416021847722e-01 3.996358670914884059e-01 1.632908511606736557e-01 1.558944014565316269e-02 0.000000000000000000e+00
9.500000000000000000e+03 3.800007574448276415e-01 4.144287664997723941e-01 4.022530723714155543e-01 1.690942193900773771e-01 1.422394173873463806e-02 0.000000000000000000e+00
9.750000000000000000e+03 3.900007773775859832e-01 4.138598088302230527e-01 4.301319981793354508e-01 1.430359581247155343e-01 1.297223486572599005e-02 0.000000000000000000e+00
1.000000000000000000e+04 4.000007973103447689e-01 4.054392353208920996e-01 4.424214838416021811e-01 1.391670459717797015e-01 1.297223486572599005e-02 0.000000000000000000e+00
1.025000000000000000e+04 4.100008172431033326e-01 4.014565316340464318e-01 4.457214383249886169e-01 1.422394173873463841e-01 1.046882111970869403e-02 1.137915339098771066e-04
1.050000000000000000e+04 4.200008371758618964e-01 4.017979062357760478e-01 4.358215748748293095e-01 1.528220300409649512e-01 9.558488848429677609e-03 0.000000000000000000e+00
1.075000000000000000e+04 4.300008571086204601e-01 3.963359126081019701e-01 4.394629039599453613e-01 1.571461083295402905e-01 7.055075102412380721e-03 0.000000000000000000e+00
1.100000000000000000e+04 4.400008770413792458e-01 3.838188438780154588e-01 4.526627218934911046e-01 1.560081929904415243e-01 7.510241238051888930e-03 0.000000000000000000e+00
1.125000000000000000e+04 4.500008969741378095e-01 3.723258989531179064e-01 4.679107874374146547e-01 1.523668639053254448e-01 7.396449704142011444e-03 0.000000000000000000e+00
1.150000000000000000e+04 4.600009169068963732e-01 3.697086936731907025e-01 4.927173418297678409e-01 1.296085571233500100e-01 7.965407373691398007e-03 0.000000000000000000e+00
1.175000000000000000e+04 4.700009368396549370e-01 3.706190259444697155e-01 4.883932635411925571e-01 1.334774692762858428e-01 7.510241238051888930e-03 0.000000000000000000e+00
1.200000000000000000e+04 4.800009567724137227e-01 3.588984979517523821e-01 5.103550295857988139e-01 1.226672735548475224e-01 7.965407373691398007e-03 1.137915339098771066e-04
1.225000000000000000e+04 4.900009767051722864e-01 3.562812926718252338e-01 4.995448338643604935e-01 1.354119253527537592e-01 8.761948111060537808e-03 0.000000000000000000e+00
1.250000000000000000e+04 5.000009966379308501e-01 3.464952207555757613e-01 4.922621756941283344e-01 1.527082385070550885e-01 8.534365043240782836e-03 0.000000000000000000e+00
1.275000000000000000e+04 5.100010165706894139e-01 3.368229403732362348e-01 4.782658170232134687e-01 1.774010013654984119e-01 7.510241238051888930e-03 0.000000000000000000e+00
1.300000000000000000e+04 5.200010365034481996e-01 3.327264451524806765e-01 4.767865270823850588e-01 1.820664542558033672e-01 8.420573509330906217e-03 0.000000000000000000e+00
1.325000000000000000e+04 5.300010564362067633e-01 3.379608557123350288e-01 4.721210741920801035e-01 1.812699135184342170e-01 8.648156577150659455e-03 0.000000000000000000e+00
1.350000000000000000e+04 5.400010763689653270e-01 3.398953117888028896e-01 4.864588074647246407e-01 1.659080564406008318e-01 7.737824305871643035e-03 0.000000000000000000e+00
1.375000000000000000e+04 5.500010963017238907e-01 3.369367319071461253e-01 5.050068274920346267e-01 1.515703231679562946e-01 6.486117432862995025e-03 0.000000000000000000e+00
1.400000000000000000e+04 5.600011162344826765e-01 3.256713700500682984e-01 5.111515703231679364e-01 1.581702321347291662e-01 5.006827492034592909e-03 0.000000000000000000e+00
1.425000000000000000e+04 5.700011361672412402e-01 3.121301775147928836e-01 4.937414656349567443e-01 1.855939918070095562e-01 8.534365043240782836e-03 0.000000000000000000e+00
1.450000000000000000e+04 5.800011560999998039e-01 2.973372781065088954e-01 4.710969503868912001e-01 2.238279472007282667e-01 7.737824305871643035e-03 0.000000000000000000e+00
1.475000000000000000e+04 5.900011760327583676e-01 2.902822030040965173e-01 4.684797451069640517e-01 2.355484751934456000e-01 5.689576695493855224e-03 0.000000000000000000e+00
1.500000000000000000e+04 6.000011959655171534e-01 2.923304506144742687e-01 4.765589440145653333e-01 2.264451524806554428e-01 4.665452890304961318e-03 0.000000000000000000e+00
1.525000000000000000e+04 6.100012158982757171e-01 2.901684114701866268e-01 4.765589440145653333e-01 2.271279016841147025e-01 6.144742831133363434e-03 0.000000000000000000e+00
1.550000000000000000e+04 6.200012358310342808e-01 2.925580336822940497e-01 4.699590350477924616e-01 2.307692307692307820e-01 6.713700500682749130e-03 0.000000000000000000e+00
1.575000000000000000e+04 6.300012557637928445e-01 2.927856167501137752e-01 4.852071005917159563e-01 2.162039144287664916e-01 5.803368229403732710e-03 0.000000000000000000e+00
1.600000000000000000e+04 6.400012756965516303e-01 3.059854346836595185e-01 5.061447428311333097e-01 1.814974965862539702e-01 6.372325898953117539e-03 0.000000000000000000e+00
1.625000000000000000e+04 6.500012956293101940e-01 2.998406918525261533e-01 5.487027765134273594e-01 1.438324988620846567e-01 7.624032771961766417e-03 0.000000000000000000e+00
1.650000000000000000e+04 6.600013155620687577e-01 2.890304961310878329e-01 5.613336367774237612e-01 1.403049613108784677e-01 9.330905780609922637e-03 0.000000000000000000e+00
1.675000000000000000e+04 6.700013354948275435e-01 2.734410559854346667e-01 5.722576240327719166e-01 1.477014110150204895e-01 6.599908966772872511e-03 0.000000000000000000e+00
1.700000000000000000e+04 6.800013554275861072e-01 2.816340464269458388e-01 5.597405553026855163e-01 1.488393263541192557e-01 9.786071916249430847e-03 0.000000000000000000e+00
1.725000000000000000e+04 6.900013753603446709e-01 2.515930814747383004e-01 5.856850250341374409e-01 1.563495675921711403e-01 6.372325898953117539e-03 0.000000000000000000e+00
1.750000000000000000e+04 7.000013952931032346e-01 2.486345015930814806e-01 6.082157487482930946e-01 1.397360036413290985e-01 3.413746017296313308e-03 0.000000000000000000e+00
1.775000000000000000e+04 7.100014152258620204e-01 2.534137460172963263e-01 5.863677742375966728e-01 1.527082385070550885e-01 7.510241238051888930e-03 0.000000000000000000e+00
1.800000000000000000e+04 7.200014351586205841e-01 2.558033682294037492e-01 5.852298588984979899e-01 1.527082385070550885e-01 6.258534365043240920e-03 0.000000000000000000e+00
1.825000000000000000e+04 7.300014550913791478e-01 2.449931725079654010e-01 5.935366408739189970e-01 1.543013199817933612e-01 7.168866636322257339e-03 0.000000000000000000e+00
1.850000000000000000e+04 7.400014750241377115e-01 2.501137915339098905e-01 5.727127901684114786e-01 1.723941738734638129e-01 4.779244424214838804e-03 0.000000000000000000e+00
1.875000000000000000e+04 7.500014949568964973e-01 2.534137460172963263e-01 5.533682294037323146e-01 1.899180700955848955e-01 3.299954483386436255e-03 0.000000000000000000e+00
1.900000000000000000e+04 7.600015148896550610e-01 2.553482020937642427e-01 5.538233955393718766e-01 1.851388256713700498e-01 5.689576695493855224e-03 0.000000000000000000e+00
1.925000000000000000e+04 7.700015348224136247e-01 2.555757851615839682e-01 5.593991807009558448e-01 1.787664997724169313e-01 6.258534365043240920e-03 0.000000000000000000e+00
1.950000000000000000e+04 7.800015547551721884e-01 2.548930359581247362e-01 5.653163404642694845e-01 1.755803368229403860e-01 4.210286754665453109e-03 0.000000000000000000e+00
1.975000000000000000e+04 7.900015746879309742e-01 2.567137005006827621e-01 5.703231679563040002e-01 1.688666363222576239e-01 4.096495220755575623e-03 0.000000000000000000e+00
2.000000000000000000e+04 8.000015946206895379e-01 2.575102412380518846e-01 5.745334547109695045e-01 1.644287664997724219e-01 3.527537551206190360e-03 0.000000000000000000e+00
2.025000000000000000e+04 8.100016145534481016e-01 2.544378698224852298e-01 5.831816112881201830e-01 1.579426490669094130e-01 4.437869822485207214e-03 0.000000000000000000e+00
2.050000000000000000e+04 8.200016344862066653e-01 2.610377787892581014e-01 5.873918980427855763e-01 1.470186618115612298e-01 4.551661356395083832e-03 0.000000000000000000e+00
2.075000000000000000e+04 8.300016544189654510e-01 2.661583978152025631e-01 5.840919435593991960e-01 1.436049157942649035e-01 6.144742831133363434e-03 0.000000000000000000e+00
2.100000000000000000e+04 8.400016743517240148e-01 2.740100136549840637e-01 5.725989986345015881e-01 1.444014565316340537e-01 8.989531178880291046e-03 0.000000000000000000e+00
2.125000000000000000e+04 8.500016942844825785e-01 2.633136094674556338e-01 5.804506144742831442e-01 1.453117888029130667e-01 1.092398725534820224e-02 0.000000000000000000e+00
2.150000000000000000e+04 8.600017142172411422e-01 2.443104233045061413e-01 5.809057806099225951e-01 1.669321802457897075e-01 7.851615839781519654e-03 0.000000000000000000e+00
2.175000000000000000e+04 8.700017341499999279e-01 2.375967228038234069e-01 5.843195266272189770e-01 1.689804278561675144e-01 9.103322712790167665e-03 0.000000000000000000e+00
2.200000000000000000e+04 8.800017540827584916e-01 2.457897132453345512e-01 5.722576240327719166e-01 1.756941283568502488e-01 6.258534365043240920e-03 0.000000000000000000e+00
2.225000000000000000e+04 8.900017740155170554e-01 2.485207100591715901e-01 5.532544378698225351e-01 1.920801092398725651e-01 6.144742831133363434e-03 0.000000000000000000e+00
2.250000000000000000e+04 9.000017939482756191e-01 2.498862084660901095e-01 5.467683204369594430e-01 1.987938097405552995e-01 4.551661356395083832e-03 0.000000000000000000e+00
2.275000000000000000e+04 9.100018138810344048e-01 2.456759217114246607e-01 5.441511151570322946e-01 2.049385525716886647e-01 5.234410559854347014e-03 0.000000000000000000e+00
2.300000000000000000e+04 9.200018338137929685e-01 2.492034592626308498e-01 5.407373691397360238e-01 2.051661356395084179e-01 4.893035958124715423e-03 0.000000000000000000e+00
2.325000000000000000e+04 9.300018537465515323e-01 2.497724169321802468e-01 5.344788347746927126e-01 2.104005461993627701e-01 5.348202093764223633e-03 0.000000000000000000e+00
2.350000000000000000e+04 9.400018736793100960e-01 2.562585343650432557e-01 5.203686845698679564e-01 2.188211197086936677e-01 4.551661356395083832e-03 0.000000000000000000e+00
2.375000000000000000e+04 9.500018936120688817e-01 2.560309512972234747e-01 5.220755575785162028e-01 2.163177059626763821e-01 5.575785161583977738e-03 0.000000000000000000e+00
2.400000000000000000e+04 9.600019135448274454e-01 2.600136549840691980e-01 5.216203914428766408e-01 2.126763768775603025e-01 5.689576695493855224e-03 0.000000000000000000e+00
2.425000000000000000e+04 9.700019334775860091e-01 2.585343650432407880e-01 5.318616294947655643e-01 2.043695949021392677e-01 5.234410559854347014e-03 0.000000000000000000e+00
2.450000000000000000e+04 9.800019534103445729e-01 2.677514792899408080e-01 5.591715976331360638e-01 1.671597633136094607e-01 5.917159763313609329e-03 0.000000000000000000e+00
2.475000000000000000e+04 9.900019733431033586e-01 2.507965407373691225e-01 5.879608557123350288e-01 1.547564861174328676e-01 6.486117432862995025e-03 0.000000000000000000e+00
2.500000000000000000e+04 1.000001993275861700e+00 2.404415111515703363e-01 6.033227127901683584e-01 1.537323623122439642e-01 2.503413746017296455e-03 0.000000000000000000e+00
