# itime ezz other fcc hcp bcc ico
0.000000000000000000e+00 0.000000000000000000e+00 0.000000000000000000e+00 1.000000000000000000e+00 0.000000000000000000e+00 0.000000000000000000e+00 0.000000000000000000e+00
2.500000000000000000e+01 9.999788736245740495e-04 0.000000000000000000e+00 1.000000000000000000e+00 0.000000000000000000e+00 0.000000000000000000e+00 0.000000000000000000e+00
5.000000000000000000e+01 1.999957747248926054e-03 0.000000000000000000e+00 1.000000000000000000e+00 0.000000000000000000e+00 0.000000000000000000e+00 0.000000000000000000e+00
7.500000000000000000e+01 2.999936620873500104e-03 0.000000000000000000e+00 1.000000000000000000e+00 0.000000000000000000e+00 0.000000000000000000e+00 0.000000000000000000e+00
1.000000000000000000e+02 3.999915494497852109e-03 0.000000000000000000e+00 1.000000000000000000e+00 0.000000000000000000e+00 0.000000000000000000e+00 0.000000000000000000e+00
1.250000000000000000e+02 4.999894368122426158e-03 0.000000000000000000e+00 1.000000000000000000e+00 0.000000000000000000e+00 0.000000000000000000e+00 0.000000000000000000e+00
1.500000000000000000e+02 5.999873241746778163e-03 0.000000000000000000e+00 1.000000000000000000e+00 0.000000000000000000e+00 0.000000000000000000e+00 0.000000000000000000e+00
1.750000000000000000e+02 6.999852115371352212e-03 0.000000000000000000e+00 1.000000000000000000e+00 0.000000000000000000e+00 0.000000000000000000e+00 0.000000000000000000e+00
2.000000000000000000e+02 7.999830988995704217e-03 0.000000000000000000e+00 1.000000000000000000e+00 0.000000000000000000e+00 0.000000000000000000e+00 0.000000000000000000e+00
2.250000000000000000e+02 8.999809862620278267e-03 0.000000000000000000e+00 1.000000000000000000e+00 0.000000000000000000e+00 0.000000000000000000e+00 0.000000000000000000e+00
2.500000000000000000e+02 9.999788736244630272e-03 0.000000000000000000e+00 1.000000000000000000e+00 0.000000000000000000e+00 0.000000000000000000e+00 0.000000000000000000e+00
2.750000000000000000e+02 1.099976760986920432e-02 0.000000000000000000e+00 1.000000000000000000e+00 0.000000000000000000e+00 0.000000000000000000e+00 0.000000000000000000e+00
3.000000000000000000e+02 1.199974648349355633e-02 0.000000000000000000e+00 1.000000000000000000e+00 0.000000000000000000e+00 0.000000000000000000e+00 0.000000000000000000e+00
3.250000000000000000e+02 1.299972535711813038e-02 0.000000000000000000e+00 1.000000000000000000e+00 0.000000000000000000e+00 0.000000000000000000e+00 0.000000000000000000e+00
3.500000000000000000e+02 1.399970423074270442e-02 0.000000000000000000e+00 1.000000000000000000e+00 0.000000000000000000e+00 0.000000000000000000e+00 0.000000000000000000e+00
3.750000000000000000e+02 1.499968310436705643e-02 0.000000000000000000e+00 1.000000000000000000e+00 0.000000000000000000e+00 0.000000000000000000e+00 0.000000000000000000e+00
4.000000000000000000e+02 1.599966197799163048e-02 0.000000000000000000e+00 1.000000000000000000e+00 0.000000000000000000e+00 0.000000000000000000e+00 0.000000000000000000e+00
4.250000000000000000e+02 1.699964085161598248e-02 0.000000000000000000e+00 1.000000000000000000e+00 0.000000000000000000e+00 0.000000000000000000e+00 0.000000000000000000e+00
4.500000000000000000e+02 1.799961972524055653e-02 0.000000000000000000e+00 1.000000000000000000e+00 0.000000000000000000e+00 0.000000000000000000e+00 0.000000000000000000e+00
4.750000000000000000e+02 1.899959859886490854e-02 0.000000000000000000e+00 1.000000000000000000e+00 0.000000000000000000e+00 0.000000000000000000e+00 0.000000000000000000e+00
5.000000000000000000e+02 1.999957747248948259e-02 0.000000000000000000e+00 1.000000000000000000e+00 0.000000000000000000e+00 0.000000000000000000e+00 0.000000000000000000e+00
5.250000000000000000e+02 2.099955634611383459e-02 0.000000000000000000e+00 1.000000000000000000e+00 0.000000000000000000e+00 0.000000000000000000e+00 0.000000000000000000e+00
5.500000000000000000e+02 2.199953521973840864e-02 0.000000000000000000e+00 1.000000000000000000e+00 0.000000000000000000e+00 0.000000000000000000e+00 0.000000000000000000e+00
5.750000000000000000e+02 2.299951409336276065e-02 0.000000000000000000e+00 1.000000000000000000e+00 0.000000000000000000e+00 0.000000000000000000e+00 0.000000000000000000e+00
6.000000000000000000e+02 2.399949296698733470e-02 0.000000000000000000e+00 1.000000000000000000e+00 0.000000000000000000e+00 0.000000000000000000e+00 0.000000000000000000e+00
6.250000000000000000e+02 2.499947184061168670e-02 0.000000000000000000e+00 1.000000000000000000e+00 0.000000000000000000e+00 0.000000000000000000e+00 0.000000000000000000e+00
6.500000000000000000e+02 2.599945071423626075e-02 0.000000000000000000e+00 1.000000000000000000e+00 0.000000000000000000e+00 0.000000000000000000e+00 0.000000000000000000e+00
6.750000000000000000e+02 2.699942958786083480e-02 0.000000000000000000e+00 1.000000000000000000e+00 0.000000000000000000e+00 0.000000000000000000e+00 0.000000000000000000e+00
7.000000000000000000e+02 2.799940846148518681e-02 0.000000000000000000e+00 1.000000000000000000e+00 0.000000000000000000e+00 0.000000000000000000e+00 0.000000000000000000e+00
7.250000000000000000e+02 2.899938733510976085e-02 0.000000000000000000e+00 1.000000000000000000e+00 0.000000000000000000e+00 0.000000000000000000e+00 0.000000000000000000e+00
7.500000000000000000e+02 2.999936620873411286e-02 0.000000000000000000e+00 1.000000000000000000e+00 0.000000000000000000e+00 0.000000000000000000e+00 0.000000000000000000e+00
7.750000000000000000e+02 3.099934508235868691e-02 0.000000000000000000e+00 1.000000000000000000e+00 0.000000000000000000e+00 0.000000000000000000e+00 0.000000000000000000e+00
8.000000000000000000e+02 3.199932395598303891e-02 0.000000000000000000e+00 1.000000000000000000e+00 0.000000000000000000e+00 0.000000000000000000e+00 0.000000000000000000e+00
8.250000000000000000e+02 3.299930282960761296e-02 0.000000000000000000e+00 1.000000000000000000e+00 0.000000000000000000e+00 0.000000000000000000e+00 0.000000000000000000e+00
8.500000000000000000e+02 3.399928170323196497e-02 0.000000000000000000e+00 1.000000000000000000e+00 0.000000000000000000e+00 0.000000000000000000e+00 0.000000000000000000e+00
8.750000000000000000e+02 3.499926057685653902e-02 0.000000000000000000e+00 1.000000000000000000e+00 0.000000000000000000e+00 0.000000000000000000e+00 0.000000000000000000e+00
9.000000000000000000e+02 3.599923945048089102e-02 0.000000000000000000e+00 1.000000000000000000e+00 0.000000000000000000e+00 0.000000000000000000e+00 0.000000000000000000e+00
9.250000000000000000e+02 3.699921832410546507e-02 0.000000000000000000e+00 1.000000000000000000e+00 0.000000000000000000e+00 0.000000000000000000e+00 0.000000000000000000e+00
9.500000000000000000e+02 3.799919719772981708e-02 0.000000000000000000e+00 1.000000000000000000e+00 0.000000000000000000e+00 0.000000000000000000e+00 0.000000000000000000e+00
9.750000000000000000e+02 3.899917607135439113e-02 0.000000000000000000e+00 1.000000000000000000e+00 0.000000000000000000e+00 0.000000000000000000e+00 0.000000000000000000e+00
1.000000000000000000e+03 3.999915494497896518e-02 0.000000000000000000e+00 1.000000000000000000e+00 0.000000000000000000e+00 0.000000000000000000e+00 0.000000000000000000e+00
1.025000000000000000e+03 4.099913381860331718e-02 0.000000000000000000e+00 1.000000000000000000e+00 0.000000000000000000e+00 0.000000000000000000e+00 0.000000000000000000e+00
1.050000000000000000e+03 4.199911269222789123e-02 0.000000000000000000e+00 1.000000000000000000e+00 0.000000000000000000e+00 0.000000000000000000e+00 0.000000000000000000e+00
1.075000000000000000e+03 4.299909156585224324e-02 0.000000000000000000e+00 1.000000000000000000e+00 0.000000000000000000e+00 0.000000000000000000e+00 0.000000000000000000e+00
1.100000000000000000e+03 4.399907043947681728e-02 0.000000000000000000e+00 1.000000000000000000e+00 0.000000000000000000e+00 0.000000000000000000e+00 0.000000000000000000e+00
1.125000000000000000e+03 4.499904931310116929e-02 0.000000000000000000e+00 1.000000000000000000e+00 0.000000000000000000e+00 0.000000000000000000e+00 0.000000000000000000e+00
1.150000000000000000e+03 4.599902818672574334e-02 0.000000000000000000e+00 1.000000000000000000e+00 0.000000000000000000e+00 0.000000000000000000e+00 0.000000000000000000e+00
1.175000000000000000e+03 4.699900706035009534e-02 0.000000000000000000e+00 1.000000000000000000e+00 0.000000000000000000e+00 0.000000000000000000e+00 0.000000000000000000e+00
1.200000000000000000e+03 4.799898593397466939e-02 0.000000000000000000e+00 1.000000000000000000e+00 0.000000000000000000e+00 0.000000000000000000e+00 0.000000000000000000e+00
1.225000000000000000e+03 4.899896480759902140e-02 0.000000000000000000e+00 1.000000000000000000e+00 0.000000000000000000e+00 0.000000000000000000e+00 0.000000000000000000e+00
1.250000000000000000e+03 4.999894368122359545e-02 0.000000000000000000e+00 1.000000000000000000e+00 0.000000000000000000e+00 0.000000000000000000e+00 0.000000000000000000e+00
1.275000000000000000e+03 5.099892255484794745e-02 0.000000000000000000e+00 1.000000000000000000e+00 0.000000000000000000e+00 0.000000000000000000e+00 0.000000000000000000e+00
1.300000000000000000e+03 5.199890142847252150e-02 0.000000000000000000e+00 1.000000000000000000e+00 0.000000000000000000e+00 0.000000000000000000e+00 0.000000000000000000e+00
1.325000000000000000e+03 5.299888030209709555e-02 0.000000000000000000e+00 1.000000000000000000e+00 0.000000000000000000e+00 0.000000000000000000e+00 0.000000000000000000e+00
1.350000000000000000e+03 5.399885917572144756e-02 0.000000000000000000e+00 1.000000000000000000e+00 0.000000000000000000e+00 0.000000000000000000e+00 0.000000000000000000e+00
1.375000000000000000e+03 5.499883804934602161e-02 0.000000000000000000e+00 1.000000000000000000e+00 0.000000000000000000e+00 0.000000000000000000e+00 0.000000000000000000e+00
1.400000000000000000e+03 5.599881692297037361e-02 0.000000000000000000e+00 1.000000000000000000e+00 0.000000000000000000e+00 0.000000000000000000e+00 0.000000000000000000e+00
1.425000000000000000e+03 5.699879579659494766e-02 0.000000000000000000e+00 1.000000000000000000e+00 0.000000000000000000e+00 0.000000000000000000e+00 0.000000000000000000e+00
1.450000000000000000e+03 5.799877467021929967e-02 0.000000000000000000e+00 1.000000000000000000e+00 0.000000000000000000e+00 0.000000000000000000e+00 0.000000000000000000e+00
1.475000000000000000e+03 5.899875354384387371e-02 0.000000000000000000e+00 1.000000000000000000e+00 0.000000000000000000e+00 0.000000000000000000e+00 0.000000000000000000e+00
1.500000000000000000e+03 5.999873241746822572e-02 0.000000000000000000e+00 1.000000000000000000e+00 0.000000000000000000e+00 0.000000000000000000e+00 0.000000000000000000e+00
1.525000000000000000e+03 6.099871129109279977e-02 0.000000000000000000e+00 1.000000000000000000e+00 0.000000000000000000e+00 0.000000000000000000e+00 0.000000000000000000e+00
1.550000000000000000e+03 6.199869016471715177e-02 0.000000000000000000e+00 1.000000000000000000e+00 0.000000000000000000e+00 0.000000000000000000e+00 0.000000000000000000e+00
1.575000000000000000e+03 6.299866903834172582e-02 0.000000000000000000e+00 1.000000000000000000e+00 0.000000000000000000e+00 0.000000000000000000e+00 0.000000000000000000e+00
1.600000000000000000e+03 6.399864791196607783e-02 0.000000000000000000e+00 1.000000000000000000e+00 0.000000000000000000e+00 0.000000000000000000e+00 0.000000000000000000e+00
1.625000000000000000e+03 6.499862678559065188e-02 0.000000000000000000e+00 1.000000000000000000e+00 0.000000000000000000e+00 0.000000000000000000e+00 0.000000000000000000e+00
1.650000000000000000e+03 6.599860565921522593e-02 5.689576695493854790e-04 9.994310423304506585e-01 0.000000000000000000e+00 0.000000000000000000e+00 0.000000000000000000e+00
1.675000000000000000e+03 6.699858453283957793e-02 0.000000000000000000e+00 1.000000000000000000e+00 0.000000000000000000e+00 0.000000000000000000e+00 0.000000000000000000e+00
1.700000000000000000e+03 6.799856340646415198e-02 0.000000000000000000e+00 1.000000000000000000e+00 0.000000000000000000e+00 0.000000000000000000e+00 0.000000000000000000e+00
1.725000000000000000e+03 6.899854228008850399e-02 1.137915339098771066e-04 9.998862084660901095e-01 0.000000000000000000e+00 0.000000000000000000e+00 0.000000000000000000e+00
1.750000000000000000e+03 6.999852115371307804e-02 0.000000000000000000e+00 1.000000000000000000e+00 0.000000000000000000e+00 0.000000000000000000e+00 0.000000000000000000e+00
1.775000000000000000e+03 7.099850002733743004e-02 0.000000000000000000e+00 1.000000000000000000e+00 0.000000000000000000e+00 0.000000000000000000e+00 0.000000000000000000e+00
1.800000000000000000e+03 7.199847890096200409e-02 0.000000000000000000e+00 1.000000000000000000e+00 0.000000000000000000e+00 0.000000000000000000e+00 0.000000000000000000e+00
1.825000000000000000e+03 7.299845777458635609e-02 0.000000000000000000e+00 1.000000000000000000e+00 0.000000000000000000e+00 0.000000000000000000e+00 0.000000000000000000e+00
1.850000000000000000e+03 7.399843664821093014e-02 0.000000000000000000e+00 1.000000000000000000e+00 0.000000000000000000e+00 0.000000000000000000e+00 0.000000000000000000e+00
1.875000000000000000e+03 7.499841552183528215e-02 0.000000000000000000e+00 1.000000000000000000e+00 0.000000000000000000e+00 0.000000000000000000e+00 0.000000000000000000e+00
1.900000000000000000e+03 7.599839439545985620e-02 0.000000000000000000e+00 1.000000000000000000e+00 0.000000000000000000e+00 0.000000000000000000e+00 0.000000000000000000e+00
1.925000000000000000e+03 7.699837326908420820e-02 4.551661356395084266e-04 9.995448338643604380e-01 0.000000000000000000e+00 0.000000000000000000e+00 0.000000000000000000e+00
1.950000000000000000e+03 7.799835214270878225e-02 0.000000000000000000e+00 1.000000000000000000e+00 0.000000000000000000e+00 0.000000000000000000e+00 0.000000000000000000e+00
1.975000000000000000e+03 7.899833101633335630e-02 1.137915339098771066e-04 9.998862084660901095e-01 0.000000000000000000e+00 0.000000000000000000e+00 0.000000000000000000e+00
2.000000000000000000e+03 7.999830988995770831e-02 4.551661356395084266e-04 9.995448338643604380e-01 0.000000000000000000e+00 0.000000000000000000e+00 0.000000000000000000e+00
2.025000000000000000e+03 8.099828876358228236e-02 0.000000000000000000e+00 1.000000000000000000e+00 0.000000000000000000e+00 0.000000000000000000e+00 0.000000000000000000e+00
2.050000000000000000e+03 8.199826763720663436e-02 0.000000000000000000e+00 1.000000000000000000e+00 0.000000000000000000e+00 0.000000000000000000e+00 0.000000000000000000e+00
2.075000000000000000e+03 8.299824651083120841e-02 2.275830678197542133e-04 9.996586253982703285e-01 0.000000000000000000e+00 1.137915339098771066e-04 0.000000000000000000e+00
2.100000000000000000e+03 8.399822538445556042e-02 0.000000000000000000e+00 1.000000000000000000e+00 0.000000000000000000e+00 0.000000000000000000e+00 0.000000000000000000e+00
2.125000000000000000e+03 8.499820425808013447e-02 6.827492034592626399e-04 9.993172507965407680e-01 0.000000000000000000e+00 0.000000000000000000e+00 0.000000000000000000e+00
2.150000000000000000e+03 8.599818313170448647e-02 4.551661356395084266e-04 9.995448338643604380e-01 0.000000000000000000e+00 0.000000000000000000e+00 0.000000000000000000e+00
2.175000000000000000e+03 8.699816200532906052e-02 4.551661356395084266e-04 9.995448338643604380e-01 0.000000000000000000e+00 0.000000000000000000e+00 0.000000000000000000e+00
2.200000000000000000e+03 8.799814087895341252e-02 0.000000000000000000e+00 1.000000000000000000e+00 0.000000000000000000e+00 0.000000000000000000e+00 0.000000000000000000e+00
2.225000000000000000e+03 8.899811975257798657e-02 3.413746017296313199e-04 9.996586253982703285e-01 0.000000000000000000e+00 0.000000000000000000e+00 0.000000000000000000e+00
2.250000000000000000e+03 8.999809862620233858e-02 3.413746017296313199e-04 9.996586253982703285e-01 0.000000000000000000e+00 0.000000000000000000e+00 0.000000000000000000e+00
2.275000000000000000e+03 9.099807749982691263e-02 6.827492034592626399e-04 9.992034592626308775e-01 0.000000000000000000e+00 1.137915339098771066e-04 0.000000000000000000e+00
2.300000000000000000e+03 9.199805637345148668e-02 1.479289940828402332e-03 9.982931269913518646e-01 0.000000000000000000e+00 2.275830678197542133e-04 0.000000000000000000e+00
2.325000000000000000e+03 9.299803524707583868e-02 1.706873008648156654e-03 9.982931269913518646e-01 0.000000000000000000e+00 0.000000000000000000e+00 0.000000000000000000e+00
2.350000000000000000e+03 9.399801412070041273e-02 1.365498406918525280e-03 9.986345015930814251e-01 0.000000000000000000e+00 0.000000000000000000e+00 0.000000000000000000e+00
2.375000000000000000e+03 9.499799299432476474e-02 1.706873008648156654e-03 9.982931269913518646e-01 0.000000000000000000e+00 0.000000000000000000e+00 0.000000000000000000e+00
2.400000000000000000e+03 9.599797186794933879e-02 6.827492034592626399e-04 9.993172507965407680e-01 0.000000000000000000e+00 0.000000000000000000e+00 0.000000000000000000e+00
2.425000000000000000e+03 9.699795074157369079e-02 2.730996813837050560e-03 9.971552116522530707e-01 0.000000000000000000e+00 1.137915339098771066e-04 0.000000000000000000e+00
2.450000000000000000e+03 9.799792961519826484e-02 1.706873008648156654e-03 9.981793354574419741e-01 0.000000000000000000e+00 1.137915339098771066e-04 0.000000000000000000e+00
2.475000000000000000e+03 9.899790848882261685e-02 3.868912152935821518e-03 9.961310878470641672e-01 0.000000000000000000e+00 0.000000000000000000e+00 0.000000000000000000e+00
2.500000000000000000e+03 9.999788736244719090e-02 5.234410559854347014e-03 9.945380063723259223e-01 0.000000000000000000e+00 2.275830678197542133e-04 0.000000000000000000e+00
2.525000000000000000e+03 1.009978662360715429e-01 1.251706873008648227e-03 9.987482931269913156e-01 0.000000000000000000e+00 0.000000000000000000e+00 0.000000000000000000e+00
2.550000000000000000e+03 1.019978451096961169e-01 2.617205279927173507e-03 9.973827947200728516e-01 0.000000000000000000e+00 0.000000000000000000e+00 0.000000000000000000e+00
2.575000000000000000e+03 1.029978239833204690e-01 2.389622212107419402e-03 9.972690031861629611e-01 0.000000000000000000e+00 3.413746017296313199e-04 0.000000000000000000e+00
2.600000000000000000e+03 1.039978028569450430e-01 2.730996813837050560e-03 9.972690031861629611e-01 0.000000000000000000e+00 0.000000000000000000e+00 0.000000000000000000e+00
2.625000000000000000e+03 1.049977817305696171e-01 8.192990441511151245e-03 9.916932180245789930e-01 0.000000000000000000e+00 1.137915339098771066e-04 0.000000000000000000e+00
2.650000000000000000e+03 1.059977606041939691e-01 3.072371415566681717e-03 9.967000455166135087e-01 0.000000000000000000e+00 2.275830678197542133e-04 0.000000000000000000e+00
2.675000000000000000e+03 1.069977394778185431e-01 7.396449704142011444e-03 9.921483841602184439e-01 0.000000000000000000e+00 4.551661356395084266e-04 0.000000000000000000e+00
2.700000000000000000e+03 1.079977183514428951e-01 3.868912152935821518e-03 9.959035047792443862e-01 0.000000000000000000e+00 2.275830678197542133e-04 0.000000000000000000e+00
2.725000000000000000e+03 1.089976972250674692e-01 6.941283568502503235e-03 9.924897587619481154e-01 0.000000000000000000e+00 5.689576695493854790e-04 0.000000000000000000e+00
2.750000000000000000e+03 1.099976760986918212e-01 7.396449704142011444e-03 9.920345926263085534e-01 0.000000000000000000e+00 5.689576695493854790e-04 0.000000000000000000e+00
2.775000000000000000e+03 1.109976549723163952e-01 9.786071916249430847e-03 9.887346381429221731e-01 0.000000000000000000e+00 1.479289940828402332e-03 0.000000000000000000e+00
2.800000000000000000e+03 1.119976338459407472e-01 1.729631315430131891e-02 9.811106053709603980e-01 0.000000000000000000e+00 1.593081474738279385e-03 0.000000000000000000e+00
2.825000000000000000e+03 1.129976127195653213e-01 1.547564861174328607e-02 9.836140191169776559e-01 0.000000000000000000e+00 9.103322712790168532e-04 0.000000000000000000e+00
2.850000000000000000e+03 1.139975915931896733e-01 1.467910787437414627e-02 9.833864360491579859e-01 0.000000000000000000e+00 1.934456076467910759e-03 0.000000000000000000e+00
2.875000000000000000e+03 1.149975704668142473e-01 1.991351843422849502e-02 9.767865270823851143e-01 0.000000000000000000e+00 3.299954483386436255e-03 0.000000000000000000e+00
2.900000000000000000e+03 1.159975493404385993e-01 2.378243058716431393e-02 9.718934911242603780e-01 0.000000000000000000e+00 4.324078288575329727e-03 0.000000000000000000e+00
2.925000000000000000e+03 1.169975282140631734e-01 2.639963586709149004e-02 9.692762858443332297e-01 0.000000000000000000e+00 4.324078288575329727e-03 0.000000000000000000e+00
2.950000000000000000e+03 1.179975070876877474e-01 3.106508875739644876e-02 9.627901684114701375e-01 0.000000000000000000e+00 6.144742831133363434e-03 0.000000000000000000e+00
2.975000000000000000e+03 1.189974859613120994e-01 4.369594902139280895e-02 9.386663632225762388e-01 0.000000000000000000e+00 1.763768775603095224e-02 0.000000000000000000e+00
3.000000000000000000e+03 1.199974648349366735e-01 6.634046426945834629e-02 9.012289485662267063e-01 0.000000000000000000e+00 3.243058716431497512e-02 0.000000000000000000e+00
3.025000000000000000e+03 1.209974437085610255e-01 1.082157487482931224e-01 8.157715065999089354e-01 0.000000000000000000e+00 7.601274465179790052e-02 0.000000000000000000e+00
3.050000000000000000e+03 1.219974225821855995e-01 1.556668183887118806e-01 6.777423759672280834e-01 0.000000000000000000e+00 1.665908056440600915e-01 0.000000000000000000e+00
3.075000000000000000e+03 1.229974014558099515e-01 2.257624032771961831e-01 4.865725989986344757e-01 1.024123805188893906e-03 2.866408739189804100e-01 0.000000000000000000e+00
3.100000000000000000e+03 1.239973803294345256e-01 3.089440145653163383e-01 2.781065088757396220e-01 1.251706873008648227e-03 4.116977696859353553e-01 0.000000000000000000e+00
3.125000000000000000e+03 1.249973592030588776e-01 3.568502503413745752e-01 1.325671370050068298e-01 3.413746017296313199e-04 5.102412380518889234e-01 0.000000000000000000e+00
3.150000000000000000e+03 1.259973380766834516e-01 3.769913518434228616e-01 6.292671825216203385e-02 3.413746017296313199e-04 5.597405553026855163e-01 0.000000000000000000e+00
3.175000000000000000e+03 1.269973169503078037e-01 3.517296313154301135e-01 5.302685480200273332e-02 3.413746017296313199e-04 5.949021392808374609e-01 0.000000000000000000e+00
3.200000000000000000e+03 1.279972958239323777e-01 3.515020482476103880e-01 6.634046426945834629e-02 2.275830678197542133e-04 5.819299044151114986e-01 0.000000000000000000e+00
3.225000000000000000e+03 1.289972746975567297e-01 3.680018206645425671e-01 9.000910332271279402e-02 3.413746017296313199e-04 5.416477014110150368e-01 0.000000000000000000e+00
3.250000000000000000e+03 1.299972535711813038e-01 3.717569412835685094e-01 1.091260810195721492e-01 1.137915339098770958e-03 5.179790623577605890e-01 0.000000000000000000e+00
3.275000000000000000e+03 1.309972324448058778e-01 3.625398270368684339e-01 1.207328174783796060e-01 3.186162949476558769e-03 5.135411925352754148e-01 0.000000000000000000e+00
3.300000000000000000e+03 1.319972113184302298e-01 3.750568957669549452e-01 1.216431497496586189e-01 8.079198907601274626e-03 4.952207555757851543e-01 0.000000000000000000e+00
3.325000000000000000e+03 1.329971901920548039e-01 3.723258989531179064e-01 1.271051433773327244e-01 1.126536185707783383e-02 4.893035958124715701e-01 0.000000000000000000e+00
3.350000000000000000e+03 1.339971690656791559e-01 3.697086936731907025e-01 1.330223031406463363e-01 1.957214383249886169e-02 4.776968593536640717e-01 0.000000000000000000e+00
3.375000000000000000e+03 1.349971479393037299e-01 3.619708693673190925e-01 1.399635867091488517e-01 3.652708238507055422e-02 4.615384615384615641e-01 0.000000000000000000e+00
3.400000000000000000e+03 1.359971268129280819e-01 3.599226217569412856e-01 1.430359581247155343e-01 5.370960400546199304e-02 4.433318161128811941e-01 0.000000000000000000e+00
3.425000000000000000e+03 1.369971056865526560e-01 3.504779244424214846e-01 1.554392353208921274e-01 7.532999544833864081e-02 4.187528447883477334e-01 0.000000000000000000e+00
3.450000000000000000e+03 1.379970845601770080e-01 3.359126081019572219e-01 1.588529813381884259e-01 9.114701866181156020e-02 4.140873918980427781e-01 0.000000000000000000e+00
3.475000000000000000e+03 1.389970634338015820e-01 3.369367319071461253e-01 1.636322257624032717e-01 1.026399635867091542e-01 3.967910787437414766e-01 0.000000000000000000e+00
3.500000000000000000e+03 1.399970423074259340e-01 3.324988620846608955e-01 1.761492944924897552e-01 1.250568957669549452e-01 3.662949476558943762e-01 0.000000000000000000e+00
3.525000000000000000e+03 1.409970211810505081e-01 3.500227583067819781e-01 1.828629949931725174e-01 1.357532999544833752e-01 3.313609467455621571e-01 0.000000000000000000e+00
3.550000000000000000e+03 1.419970000546750821e-01 3.693673190714610866e-01 1.911697769685935244e-01 1.495220755575785154e-01 2.899408284023668458e-01 0.000000000000000000e+00
3.575000000000000000e+03 1.429969789282994341e-01 3.747155211652253293e-01 1.982248520710059303e-01 1.606736458807464796e-01 2.663859808830222886e-01 0.000000000000000000e+00
3.600000000000000000e+03 1.439969578019240082e-01 3.719845243513882349e-01 2.111970869367319203e-01 1.794492489758761911e-01 2.373691397360036537e-01 0.000000000000000000e+00
3.625000000000000000e+03 1.449969366755483602e-01 3.879153390987710726e-01 2.173418297678652578e-01 1.906008192990441552e-01 2.041420118343195145e-01 0.000000000000000000e+00
3.650000000000000000e+03 1.459969155491729342e-01 3.907601274465180019e-01 2.210969503868912278e-01 1.939007737824305910e-01 1.942421483841602070e-01 0.000000000000000000e+00
3.675000000000000000e+03 1.469968944227972862e-01 3.953117888029130667e-01 2.206417842512516936e-01 1.911697769685935244e-01 1.928766499772416876e-01 0.000000000000000000e+00
3.700000000000000000e+03 1.479968732964218603e-01 3.771051433773327521e-01 2.240555302685480199e-01 1.941283568502503443e-01 2.047109695038689114e-01 0.000000000000000000e+00
3.725000000000000000e+03 1.489968521700462123e-01 3.758534365043240677e-01 2.222348657259899940e-01 1.985662266727355463e-01 2.033454710969503920e-01 0.000000000000000000e+00
3.750000000000000000e+03 1.499968310436707863e-01 3.709604005461993870e-01 2.289485662266727284e-01 2.057350933090578149e-01 1.943559399180700975e-01 0.000000000000000000e+00
3.775000000000000000e+03 1.509968099172951383e-01 3.839326354119253493e-01 2.247382794720072796e-01 2.110832954028220299e-01 1.802457897132453413e-01 0.000000000000000000e+00
3.800000000000000000e+03 1.519967887909197124e-01 3.827947200728265553e-01 2.171142467000455045e-01 2.119936276741010428e-01 1.880974055530268418e-01 0.000000000000000000e+00
3.825000000000000000e+03 1.529967676645440644e-01 3.891670459717797015e-01 2.200728265817023244e-01 2.110832954028220299e-01 1.796768320436959443e-01 0.000000000000000000e+00
3.850000000000000000e+03 1.539967465381686385e-01 3.912152935821575084e-01 2.192762858443331742e-01 2.192762858443331742e-01 1.702321347291761433e-01 0.000000000000000000e+00
3.875000000000000000e+03 1.549967254117932125e-01 3.965634956759216956e-01 2.119936276741010428e-01 2.220072826581702408e-01 1.694355939918070209e-01 0.000000000000000000e+00
3.900000000000000000e+03 1.559967042854175645e-01 4.014565316340464318e-01 2.139280837505689592e-01 2.243969048702776636e-01 1.602184797451069731e-01 0.000000000000000000e+00
3.925000000000000000e+03 1.569966831590421386e-01 4.039599453800637452e-01 2.124487938097405493e-01 2.304278561675011383e-01 1.531634046426945950e-01 0.000000000000000000e+00
3.950000000000000000e+03 1.579966620326664906e-01 4.094219390077378229e-01 2.162039144287664916e-01 2.371415566681839004e-01 1.372325898953117851e-01 0.000000000000000000e+00
3.975000000000000000e+03 1.589966409062910646e-01 4.134046426945835462e-01 2.172280382339553950e-01 2.315657715065999045e-01 1.378015475648611821e-01 0.000000000000000000e+00
4.000000000000000000e+03 1.599966197799154166e-01 4.122667273554847522e-01 2.181383705052344080e-01 2.424897587619481154e-01 1.271051433773327244e-01 0.000000000000000000e+00
4.025000000000000000e+03 1.609965986535399907e-01 4.064633591260810030e-01 2.248520710059171701e-01 2.478379608557123304e-01 1.208466090122894826e-01 0.000000000000000000e+00
4.050000000000000000e+03 1.619965775271643427e-01 4.175011379153391045e-01 2.242831133363677731e-01 2.437414656349567721e-01 1.144742831133363642e-01 0.000000000000000000e+00
4.075000000000000000e+03 1.629965564007889167e-01 4.275147928994083024e-01 2.238279472007282667e-01 2.441966317705962786e-01 1.044606281292671801e-01 0.000000000000000000e+00
4.100000000000000000e+03 1.639965352744132687e-01 4.151115157032316816e-01 2.315657715065999045e-01 2.501137915339098905e-01 1.032089212562585373e-01 0.000000000000000000e+00
4.125000000000000000e+03 1.649965141480378428e-01 4.262630860263996180e-01 2.339553937187073274e-01 2.437414656349567721e-01 9.604005461993628257e-02 0.000000000000000000e+00
4.150000000000000000e+03 1.659964930216621948e-01 4.270596267637687959e-01 2.419208010923987184e-01 2.402139280837505553e-01 9.080564406008193035e-02 0.000000000000000000e+00
4.175000000000000000e+03 1.669964718952867688e-01 4.221665908056440597e-01 2.474965862539827144e-01 2.401001365498406925e-01 9.023668639053254725e-02 0.000000000000000000e+00
4.200000000000000000e+03 1.679964507689113429e-01 4.311561219845243542e-01 2.506827492034592875e-01 2.383932635411925294e-01 7.976786527082385669e-02 0.000000000000000000e+00
4.225000000000000000e+03 1.689964296425356949e-01 4.285389167045971504e-01 2.588757396449704040e-01 2.393035958124715423e-01 7.328174783796086167e-02 0.000000000000000000e+00
4.250000000000000000e+03 1.699964085161602689e-01 4.355939918070095840e-01 2.627446517979062368e-01 2.405553026854801990e-01 6.110605370960400795e-02 0.000000000000000000e+00
4.275000000000000000e+03 1.709963873897846209e-01 4.219390077378242787e-01 2.688893946290396020e-01 2.393035958124715423e-01 6.986800182066454923e-02 0.000000000000000000e+00
4.300000000000000000e+03 1.719963662634091950e-01 4.242148384160218666e-01 2.730996813837050508e-01 2.445380063723258945e-01 5.814747382794720199e-02 0.000000000000000000e+00
4.325000000000000000e+03 1.729963451370335470e-01 4.250113791533909890e-01 2.753755120619025831e-01 2.449931725079654010e-01 5.461993627674101293e-02 0.000000000000000000e+00
4.350000000000000000e+03 1.739963240106581210e-01 4.234182976786526886e-01 2.850477924442421651e-01 2.478379608557123304e-01 4.369594902139280895e-02 0.000000000000000000e+00
4.375000000000000000e+03 1.749963028842824730e-01 4.251251706873008795e-01 2.825443786982248517e-01 2.399863450159308020e-01 5.234410559854346667e-02 0.000000000000000000e+00
4.400000000000000000e+03 1.759962817579070471e-01 4.212562585343650468e-01 2.840236686390532617e-01 2.360036413290851065e-01 5.871643149749658508e-02 0.000000000000000000e+00
4.425000000000000000e+03 1.769962606315313991e-01 4.202321347291761433e-01 2.886891215293582169e-01 2.386208466090122826e-01 5.245789713245334329e-02 0.000000000000000000e+00
4.450000000000000000e+03 1.779962395051559731e-01 4.211424670004551563e-01 2.942649066909421851e-01 2.410104688211197055e-01 4.358215748748293233e-02 0.000000000000000000e+00
4.475000000000000000e+03 1.789962183787803252e-01 4.154528903049612976e-01 3.051888939462903960e-01 2.441966317705962786e-01 3.516158397815202785e-02 0.000000000000000000e+00
4.500000000000000000e+03 1.799961972524048992e-01 4.103322712790168358e-01 3.107646791078743642e-01 2.451069640418752915e-01 3.379608557123350149e-02 0.000000000000000000e+00
4.525000000000000000e+03 1.809961761260294733e-01 4.061219845243513871e-01 3.174783796085571264e-01 2.436276741010468816e-01 3.277196176604460498e-02 0.000000000000000000e+00
4.550000000000000000e+03 1.819961549996538253e-01 4.061219845243513871e-01 3.237369139736003820e-01 2.411242603550295960e-01 2.901684114701866268e-02 0.000000000000000000e+00
4.575000000000000000e+03 1.829961338732783993e-01 4.031634046426945672e-01 3.296540737369139662e-01 2.389622212107419263e-01 2.822030040964952288e-02 0.000000000000000000e+00
4.600000000000000000e+03 1.839961127469027513e-01 4.021392808375056638e-01 3.353436504324078249e-01 2.357760582612653533e-01 2.674101046882111990e-02 0.000000000000000000e+00
4.625000000000000000e+03 1.849960916205273254e-01 4.027082385070550608e-01 3.375056895766954668e-01 2.312243969048702885e-01 2.856167501137915274e-02 0.000000000000000000e+00
4.650000000000000000e+03 1.859960704941516774e-01 4.012289485662266508e-01 3.371643149749658508e-01 2.373691397360036537e-01 2.423759672280382388e-02 0.000000000000000000e+00
4.675000000000000000e+03 1.869960493677762514e-01 4.000910332271279124e-01 3.390987710514337672e-01 2.347519344560764776e-01 2.605826126536185672e-02 0.000000000000000000e+00
4.700000000000000000e+03 1.879960282414006034e-01 3.964497041420118606e-01 3.410332271279016836e-01 2.362312243969048597e-01 2.628584433318160996e-02 0.000000000000000000e+00
4.725000000000000000e+03 1.889960071150251775e-01 3.972462448793809831e-01 3.450159308147474069e-01 2.325898953117888079e-01 2.514792899408284030e-02 0.000000000000000000e+00
4.750000000000000000e+03 1.899959859886495295e-01 3.990669094219390090e-01 3.456986800182066388e-01 2.307692307692307820e-01 2.446517979062357712e-02 0.000000000000000000e+00
4.775000000000000000e+03 1.909959648622741035e-01 4.006599908966773094e-01 3.462676376877560358e-01 2.289485662266727284e-01 2.412380518889394726e-02 0.000000000000000000e+00
4.800000000000000000e+03 1.919959437358984555e-01 4.060081929904414966e-01 3.485434683659535682e-01 2.255348202093764298e-01 1.991351843422849502e-02 0.000000000000000000e+00
4.825000000000000000e+03 1.929959226095230296e-01 4.066909421939007840e-01 3.577605826126536437e-01 2.187073281747838049e-01 1.684114701866181243e-02 0.000000000000000000e+00
4.850000000000000000e+03 1.939959014831476036e-01 4.068047337278106745e-01 3.617432862994993115e-01 2.148384160218479721e-01 1.661356395084205573e-02 0.000000000000000000e+00
4.875000000000000000e+03 1.949958803567719556e-01 4.022530723714155543e-01 3.674328629949931702e-01 2.110832954028220299e-01 1.923076923076923184e-02 0.000000000000000000e+00
4.900000000000000000e+03 1.959958592303965297e-01 4.070323167956304000e-01 3.740327719617660418e-01 2.020937642239417353e-01 1.684114701866181243e-02 0.000000000000000000e+00
4.925000000000000000e+03 1.969958381040208817e-01 4.043013199817933612e-01 3.789258079198907780e-01 1.993627674101046965e-01 1.741010468821119553e-02 0.000000000000000000e+00
4.950000000000000000e+03 1.979958169776454557e-01 3.980427856167501055e-01 3.906463359126081114e-01 1.964041875284478766e-01 1.490669094219390124e-02 0.000000000000000000e+00
4.975000000000000000e+03 1.989957958512698077e-01 3.974738279472007085e-01 4.025944469731451703e-01 1.843422849340008995e-01 1.558944014565316269e-02 0.000000000000000000e+00
5.000000000000000000e+03 1.999957747248943818e-01 3.905325443786982209e-01 4.169321802457897075e-01 1.787664997724169313e-01 1.376877560309512985e-02 0.000000000000000000e+00
5.025000000000000000e+03 2.009957535985187338e-01 3.898497951752389890e-01 4.256941283568502765e-01 1.703459262630860338e-01 1.411015020482476144e-02 0.000000000000000000e+00
5.050000000000000000e+03 2.019957324721433078e-01 3.868912152935821691e-01 4.357077833409194190e-01 1.640873918980427781e-01 1.331360946745562164e-02 0.000000000000000000e+00
5.075000000000000000e+03 2.029957113457676599e-01 3.845015930814747462e-01 4.416249431042330587e-01 1.613563950842057393e-01 1.251706873008648184e-02 0.000000000000000000e+00
5.100000000000000000e+03 2.039956902193922339e-01 3.810878470641784199e-01 4.512972234865725851e-01 1.565771506599908935e-01 1.103777878925807886e-02 0.000000000000000000e+00
5.125000000000000000e+03 2.049956690930165859e-01 3.715293582157487284e-01 4.600591715976331542e-01 1.568047337278106468e-01 1.160673645880746542e-02 0.000000000000000000e+00
5.150000000000000000e+03 2.059956479666411600e-01 3.661811561219845412e-01 4.647246244879381094e-01 1.561219845243513871e-01 1.297223486572599005e-02 0.000000000000000000e+00
5.175000000000000000e+03 2.069956268402657340e-01 3.682294037323622926e-01 4.668866636322257513e-01 1.540737369139736079e-01 1.081019572143832562e-02 0.000000000000000000e+00
5.200000000000000000e+03 2.079956057138900860e-01 3.604915794264906825e-01 4.720072826581702130e-01 1.569185252617205373e-01 1.058261265361857065e-02 0.000000000000000000e+00
5.225000000000000000e+03 2.089955845875146601e-01 3.571916249431042467e-01 4.754210286754665393e-01 1.548702776513427304e-01 1.251706873008648184e-02 0.000000000000000000e+00
5.250000000000000000e+03 2.099955634611390121e-01 3.672052799271734447e-01 4.741693218024579104e-01 1.491807009558488717e-01 9.444697314519799256e-03 0.000000000000000000e+00
5.275000000000000000e+03 2.109955423347635861e-01 3.604915794264906825e-01 4.784934000910332497e-01 1.505461993627674189e-01 1.046882111970869403e-02 0.000000000000000000e+00
5.300000000000000000e+03 2.119955212083879381e-01 3.642467000455166248e-01 4.742831133363678009e-01 1.527082385070550885e-01 8.761948111060537808e-03 0.000000000000000000e+00
5.325000000000000000e+03 2.129955000820125122e-01 3.618570778334092020e-01 4.739417387346381294e-01 1.546426945835229771e-01 9.558488848429677609e-03 0.000000000000000000e+00
5.350000000000000000e+03 2.139954789556368642e-01 3.553709604005462208e-01 4.829312699135184239e-01 1.507737824305871721e-01 1.092398725534820224e-02 0.000000000000000000e+00
5.375000000000000000e+03 2.149954578292614382e-01 3.515020482476103880e-01 4.874829312699135442e-01 1.515703231679562946e-01 9.444697314519799256e-03 0.000000000000000000e+00
5.400000000000000000e+03 2.159954367028857902e-01 3.525261720527992915e-01 4.882794720072826666e-01 1.492944924897587622e-01 9.899863450159307465e-03 0.000000000000000000e+00
5.425000000000000000e+03 2.169954155765103643e-01 3.458124715521165293e-01 4.940828402366864158e-01 1.517979062357760478e-01 8.306781975421027864e-03 0.000000000000000000e+00
5.450000000000000000e+03 2.179953944501347163e-01 3.485434683659535682e-01 4.927173418297678409e-01 1.495220755575785154e-01 9.217114246700046018e-03 0.000000000000000000e+00
5.475000000000000000e+03 2.189953733237592903e-01 3.513882567137004975e-01 4.914656349567592120e-01 1.482703686845698587e-01 8.875739644970414427e-03 0.000000000000000000e+00
5.500000000000000000e+03 2.199953521973838644e-01 3.499089667728720876e-01 4.912380518889394865e-01 1.486117432862995025e-01 1.024123805188893906e-02 0.000000000000000000e+00
5.525000000000000000e+03 2.209953310710082164e-01 3.493400091033226906e-01 4.943104233045061413e-01 1.475876194811105990e-01 8.761948111060537808e-03 0.000000000000000000e+00
5.550000000000000000e+03 2.219953099446327904e-01 3.478607191624943362e-01 4.929449248975876219e-01 1.495220755575785154e-01 9.672280382339554228e-03 0.000000000000000000e+00
5.575000000000000000e+03 2.229952888182571424e-01 3.462676376877560358e-01 4.924897587619481154e-01 1.483841602184797492e-01 1.285844333181611343e-02 0.000000000000000000e+00
5.600000000000000000e+03 2.239952676918817165e-01 3.454710969503869133e-01 4.970414201183431802e-01 1.483841602184797492e-01 9.103322712790167665e-03 0.000000000000000000e+00
5.625000000000000000e+03 2.249952465655060685e-01 3.460400546199362548e-01 4.945380063723259223e-01 1.497496586253982687e-01 9.672280382339554228e-03 0.000000000000000000e+00
5.650000000000000000e+03 2.259952254391306425e-01 3.417159763313609711e-01 4.959035047792444417e-01 1.544151115157032239e-01 7.965407373691398007e-03 0.000000000000000000e+00
5.675000000000000000e+03 2.269952043127549945e-01 3.429676832043696000e-01 4.939690487027765253e-01 1.541875284478834707e-01 8.875739644970414427e-03 0.000000000000000000e+00
