# itime ezz other fcc hcp bcc ico
0.000000000000000000e+00 0.000000000000000000e+00 6.827492034592626399e-04 9.993172507965407680e-01 0.000000000000000000e+00 0.000000000000000000e+00 0.000000000000000000e+00
2.500000000000000000e+01 1.000061809141694624e-03 1.024123805188893906e-03 9.989758761948110966e-01 0.000000000000000000e+00 0.000000000000000000e+00 0.000000000000000000e+00
5.000000000000000000e+01 2.000123618283611293e-03 9.103322712790168532e-04 9.990896677287209870e-01 0.000000000000000000e+00 0.000000000000000000e+00 0.000000000000000000e+00
7.500000000000000000e+01 3.000185427425305917e-03 1.024123805188893906e-03 9.989758761948110966e-01 0.000000000000000000e+00 0.000000000000000000e+00 0.000000000000000000e+00
1.000000000000000000e+02 4.000247236567000542e-03 9.103322712790168532e-04 9.990896677287209870e-01 0.000000000000000000e+00 0.000000000000000000e+00 0.000000000000000000e+00
1.250000000000000000e+02 5.000309045708917211e-03 1.137915339098771066e-04 9.998862084660901095e-01 0.000000000000000000e+00 0.000000000000000000e+00 0.000000000000000000e+00
1.500000000000000000e+02 6.000370854850611835e-03 1.251706873008648227e-03 9.987482931269913156e-01 0.000000000000000000e+00 0.000000000000000000e+00 0.000000000000000000e+00
1.750000000000000000e+02 7.000432663992528504e-03 1.137915339098770958e-03 9.987482931269913156e-01 0.000000000000000000e+00 1.137915339098771066e-04 0.000000000000000000e+00
2.000000000000000000e+02 8.000494473134223128e-03 5.689576695493854790e-04 9.994310423304506585e-01 0.000000000000000000e+00 0.000000000000000000e+00 0.000000000000000000e+00
2.250000000000000000e+02 9.000556282275917752e-03 1.479289940828402332e-03 9.985207100591716456e-01 0.000000000000000000e+00 0.000000000000000000e+00 0.000000000000000000e+00
2.500000000000000000e+02 1.000061809141783442e-02 5.689576695493854790e-04 9.994310423304506585e-01 0.000000000000000000e+00 0.000000000000000000e+00 0.000000000000000000e+00
2.750000000000000000e+02 1.100067990055952905e-02 1.137915339098771066e-04 9.998862084660901095e-01 0.000000000000000000e+00 0.000000000000000000e+00 0.000000000000000000e+00
3.000000000000000000e+02 1.200074170970122367e-02 1.251706873008648227e-03 9.987482931269913156e-01 0.000000000000000000e+00 0.000000000000000000e+00 0.000000000000000000e+00
3.250000000000000000e+02 1.300080351884314034e-02 1.137915339098771066e-04 9.998862084660901095e-01 0.000000000000000000e+00 0.000000000000000000e+00 0.000000000000000000e+00
3.500000000000000000e+02 1.400086532798483496e-02 7.965407373691396923e-04 9.992034592626308775e-01 0.000000000000000000e+00 0.000000000000000000e+00 0.000000000000000000e+00
3.750000000000000000e+02 1.500092713712652959e-02 2.730996813837050560e-03 9.972690031861629611e-01 0.000000000000000000e+00 0.000000000000000000e+00 0.000000000000000000e+00
4.000000000000000000e+02 1.600098894626844626e-02 2.389622212107419402e-03 9.976103777878926326e-01 0.000000000000000000e+00 0.000000000000000000e+00 0.000000000000000000e+00
4.250000000000000000e+02 1.700105075541014088e-02 1.365498406918525280e-03 9.986345015930814251e-01 0.000000000000000000e+00 0.000000000000000000e+00 0.000000000000000000e+00
4.500000000000000000e+02 1.800111256455183550e-02 1.365498406918525280e-03 9.986345015930814251e-01 0.000000000000000000e+00 0.000000000000000000e+00 0.000000000000000000e+00
4.750000000000000000e+02 1.900117437369375217e-02 2.048247610377787811e-03 9.979517523896221931e-01 0.000000000000000000e+00 0.000000000000000000e+00 0.000000000000000000e+00
5.000000000000000000e+02 2.000123618283544680e-02 3.641329085116067413e-03 9.963586709148839482e-01 0.000000000000000000e+00 0.000000000000000000e+00 0.000000000000000000e+00
5.250000000000000000e+02 2.100129799197736347e-02 2.844788347746927612e-03 9.971552116522530707e-01 0.000000000000000000e+00 0.000000000000000000e+00 0.000000000000000000e+00
5.500000000000000000e+02 2.200135980111905809e-02 1.820664542558033706e-03 9.981793354574419741e-01 0.000000000000000000e+00 0.000000000000000000e+00 0.000000000000000000e+00
5.750000000000000000e+02 2.300142161026075271e-02 1.593081474738279385e-03 9.984069185252617551e-01 0.000000000000000000e+00 0.000000000000000000e+00 0.000000000000000000e+00
6.000000000000000000e+02 2.400148341940266938e-02 2.389622212107419402e-03 9.976103777878926326e-01 0.000000000000000000e+00 0.000000000000000000e+00 0.000000000000000000e+00
6.250000000000000000e+02 2.500154522854436401e-02 3.641329085116067413e-03 9.962448793809740577e-01 0.000000000000000000e+00 1.137915339098771066e-04 0.000000000000000000e+00
6.500000000000000000e+02 2.600160703768605863e-02 2.730996813837050560e-03 9.972690031861629611e-01 0.000000000000000000e+00 0.000000000000000000e+00 0.000000000000000000e+00
6.750000000000000000e+02 2.700166884682797530e-02 4.437869822485207214e-03 9.955621301775148257e-01 0.000000000000000000e+00 0.000000000000000000e+00 0.000000000000000000e+00
7.000000000000000000e+02 2.800173065596966993e-02 5.234410559854347014e-03 9.946517979062358128e-01 0.000000000000000000e+00 1.137915339098771066e-04 0.000000000000000000e+00
7.250000000000000000e+02 2.900179246511136455e-02 3.527537551206190360e-03 9.964724624487938387e-01 0.000000000000000000e+00 0.000000000000000000e+00 0.000000000000000000e+00
7.500000000000000000e+02 3.000185427425328122e-02 4.210286754665453109e-03 9.956759217114247162e-01 0.000000000000000000e+00 1.137915339098771066e-04 0.000000000000000000e+00
7.750000000000000000e+02 3.100191608339497584e-02 4.210286754665453109e-03 9.956759217114247162e-01 0.000000000000000000e+00 1.137915339098771066e-04 0.000000000000000000e+00
8.000000000000000000e+02 3.200197789253689251e-02 3.072371415566681717e-03 9.969276285844332897e-01 0.000000000000000000e+00 0.000000000000000000e+00 0.000000000000000000e+00
8.250000000000000000e+02 3.300203970167858714e-02 4.665452890304961318e-03 9.952207555757851543e-01 0.000000000000000000e+00 1.137915339098771066e-04 0.000000000000000000e+00
8.500000000000000000e+02 3.400210151082028176e-02 6.599908966772872511e-03 9.931725079654073474e-01 0.000000000000000000e+00 2.275830678197542133e-04 0.000000000000000000e+00
8.750000000000000000e+02 3.500216331996219843e-02 4.893035958124715423e-03 9.948793809740554828e-01 0.000000000000000000e+00 2.275830678197542133e-04 0.000000000000000000e+00
9.000000000000000000e+02 3.600222512910389305e-02 3.072371415566681717e-03 9.969276285844332897e-01 0.000000000000000000e+00 0.000000000000000000e+00 0.000000000000000000e+00
9.250000000000000000e+02 3.700228693824558768e-02 5.120619025944469528e-03 9.947655894401457033e-01 0.000000000000000000e+00 1.137915339098771066e-04 0.000000000000000000e+00
9.500000000000000000e+02 3.800234874738750435e-02 6.030951297223486815e-03 9.938552571688666903e-01 0.000000000000000000e+00 1.137915339098771066e-04 0.000000000000000000e+00
9.750000000000000000e+02 3.900241055652919897e-02 7.055075102412380721e-03 9.927173418297678964e-01 0.000000000000000000e+00 2.275830678197542133e-04 0.000000000000000000e+00
1.000000000000000000e+03 4.000247236567089359e-02 7.168866636322257339e-03 9.927173418297678964e-01 0.000000000000000000e+00 1.137915339098771066e-04 0.000000000000000000e+00
1.025000000000000000e+03 4.100253417481281026e-02 8.306781975421027864e-03 9.913518434228493215e-01 0.000000000000000000e+00 3.413746017296313199e-04 0.000000000000000000e+00
1.050000000000000000e+03 4.200259598395450489e-02 1.058261265361857065e-02 9.889622212107419541e-01 0.000000000000000000e+00 4.551661356395084266e-04 0.000000000000000000e+00
1.075000000000000000e+03 4.300265779309642156e-02 8.648156577150659455e-03 9.910104688211197610e-01 0.000000000000000000e+00 3.413746017296313199e-04 0.000000000000000000e+00
1.100000000000000000e+03 4.400271960223811618e-02 6.486117432862995025e-03 9.931725079654073474e-01 0.000000000000000000e+00 3.413746017296313199e-04 0.000000000000000000e+00
1.125000000000000000e+03 4.500278141137981081e-02 8.875739644970414427e-03 9.906690942193900895e-01 0.000000000000000000e+00 4.551661356395084266e-04 0.000000000000000000e+00
1.150000000000000000e+03 4.600284322052172747e-02 1.251706873008648184e-02 9.870277651342740377e-01 0.000000000000000000e+00 4.551661356395084266e-04 0.000000000000000000e+00
1.175000000000000000e+03 4.700290502966342210e-02 1.160673645880746542e-02 9.880518889394629412e-01 0.000000000000000000e+00 3.413746017296313199e-04 0.000000000000000000e+00
1.200000000000000000e+03 4.800296683880511672e-02 1.524806554392353283e-02 9.844105598543468894e-01 0.000000000000000000e+00 3.413746017296313199e-04 0.000000000000000000e+00
1.225000000000000000e+03 4.900302864794703339e-02 1.092398725534820224e-02 9.888484296768320636e-01 0.000000000000000000e+00 2.275830678197542133e-04 0.000000000000000000e+00
1.250000000000000000e+03 5.000309045708872802e-02 1.706873008648156567e-02 9.823623122439690825e-01 0.000000000000000000e+00 5.689576695493854790e-04 0.000000000000000000e+00
1.275000000000000000e+03 5.100315226623042264e-02 1.217569412835685025e-02 9.874829312699134887e-01 0.000000000000000000e+00 3.413746017296313199e-04 0.000000000000000000e+00
1.300000000000000000e+03 5.200321407537233931e-02 1.593081474738279601e-02 9.831588529813382049e-01 0.000000000000000000e+00 9.103322712790168532e-04 0.000000000000000000e+00
1.325000000000000000e+03 5.300327588451403393e-02 2.002730996813837164e-02 9.791761492944924816e-01 0.000000000000000000e+00 7.965407373691396923e-04 0.000000000000000000e+00
1.350000000000000000e+03 5.400333769365572856e-02 1.411015020482476144e-02 9.850933090578061213e-01 0.000000000000000000e+00 7.965407373691396923e-04 0.000000000000000000e+00
1.375000000000000000e+03 5.500339950279764523e-02 1.479289940828402289e-02 9.845243513882566688e-01 0.000000000000000000e+00 6.827492034592626399e-04 0.000000000000000000e+00
1.400000000000000000e+03 5.600346131193933985e-02 1.888939462903959851e-02 9.806554392353209471e-01 0.000000000000000000e+00 4.551661356395084266e-04 0.000000000000000000e+00
1.425000000000000000e+03 5.700352312108125652e-02 2.059626763768775473e-02 9.787209831588530307e-01 0.000000000000000000e+00 6.827492034592626399e-04 0.000000000000000000e+00
1.450000000000000000e+03 5.800358493022295114e-02 2.344105598543468408e-02 9.754210286754665393e-01 0.000000000000000000e+00 1.137915339098770958e-03 0.000000000000000000e+00
1.475000000000000000e+03 5.900364673936464577e-02 2.526172052799271692e-02 9.737141556668184039e-01 0.000000000000000000e+00 1.024123805188893906e-03 0.000000000000000000e+00
1.500000000000000000e+03 6.000370854850656244e-02 2.776513427401001294e-02 9.712107419208011461e-01 0.000000000000000000e+00 1.024123805188893906e-03 0.000000000000000000e+00
1.525000000000000000e+03 6.100377035764825706e-02 3.140646335912607862e-02 9.671142467000455323e-01 0.000000000000000000e+00 1.479289940828402332e-03 0.000000000000000000e+00
1.550000000000000000e+03 6.200383216678995169e-02 2.810650887573964626e-02 9.710969503868912556e-01 0.000000000000000000e+00 7.965407373691396923e-04 0.000000000000000000e+00
1.575000000000000000e+03 6.300389397593186835e-02 3.129267182521620200e-02 9.673418297678653133e-01 0.000000000000000000e+00 1.365498406918525280e-03 0.000000000000000000e+00
1.600000000000000000e+03 6.400395578507356298e-02 3.743741465634956717e-02 9.609695038689121116e-01 0.000000000000000000e+00 1.593081474738279385e-03 0.000000000000000000e+00
1.625000000000000000e+03 6.500401759421525760e-02 4.278561675011378906e-02 9.543695949021392400e-01 0.000000000000000000e+00 2.844788347746927612e-03 0.000000000000000000e+00
1.650000000000000000e+03 6.600407940335717427e-02 4.392353208921256219e-02 9.543695949021392400e-01 0.000000000000000000e+00 1.706873008648156654e-03 0.000000000000000000e+00
1.675000000000000000e+03 6.700414121249886890e-02 3.595812471552116418e-02 9.617660446062813451e-01 0.000000000000000000e+00 2.275830678197541916e-03 0.000000000000000000e+00
1.700000000000000000e+03 6.800420302164078556e-02 4.267182521620391245e-02 9.553937187073281434e-01 0.000000000000000000e+00 1.934456076467910759e-03 0.000000000000000000e+00
1.725000000000000000e+03 6.900426483078248019e-02 3.868912152935821691e-02 9.597177969959035382e-01 0.000000000000000000e+00 1.593081474738279385e-03 0.000000000000000000e+00
1.750000000000000000e+03 7.000432663992417481e-02 4.631315430131998506e-02 9.517523896222120916e-01 0.000000000000000000e+00 1.934456076467910759e-03 0.000000000000000000e+00
1.775000000000000000e+03 7.100438844906609148e-02 4.915794264906690747e-02 9.478834774692762588e-01 0.000000000000000000e+00 2.958579881656804664e-03 0.000000000000000000e+00
1.800000000000000000e+03 7.200445025820778611e-02 5.666818388711879900e-02 9.391215293582158008e-01 0.000000000000000000e+00 4.210286754665453109e-03 0.000000000000000000e+00
1.825000000000000000e+03 7.300451206734948073e-02 5.837505689576695522e-02 9.371870732817478844e-01 0.000000000000000000e+00 4.437869822485207214e-03 0.000000000000000000e+00
1.850000000000000000e+03 7.400457387649139740e-02 7.271279016841146470e-02 9.226217569412835662e-01 0.000000000000000000e+00 4.665452890304961318e-03 0.000000000000000000e+00
1.875000000000000000e+03 7.500463568563309202e-02 6.338188438780155420e-02 9.292216659080564378e-01 0.000000000000000000e+00 7.396449704142011444e-03 0.000000000000000000e+00
1.900000000000000000e+03 7.600469749477478665e-02 8.101957214383249950e-02 9.130632680928538747e-01 0.000000000000000000e+00 5.917159763313609329e-03 0.000000000000000000e+00
1.925000000000000000e+03 7.700475930391670332e-02 8.557123350022757813e-02 9.071461083295402350e-01 0.000000000000000000e+00 7.282658170232134826e-03 0.000000000000000000e+00
1.950000000000000000e+03 7.800482111305839794e-02 9.160218479745106668e-02 8.991807009558488994e-01 0.000000000000000000e+00 9.217114246700046018e-03 0.000000000000000000e+00
1.975000000000000000e+03 7.900488292220009257e-02 1.003641329085116080e-01 8.898497951752389890e-01 0.000000000000000000e+00 9.786071916249430847e-03 0.000000000000000000e+00
2.000000000000000000e+03 8.000494473134200923e-02 1.103777878925807920e-01 8.772189349112425871e-01 0.000000000000000000e+00 1.240327719617660522e-02 0.000000000000000000e+00
2.025000000000000000e+03 8.100500654048370386e-02 1.124260355029585851e-01 8.732362312243968638e-01 0.000000000000000000e+00 1.433773327264451468e-02 0.000000000000000000e+00
2.050000000000000000e+03 8.200506834962562053e-02 1.219845243513882627e-01 8.627674101046881594e-01 0.000000000000000000e+00 1.524806554392353283e-02 0.000000000000000000e+00
2.075000000000000000e+03 8.300513015876731515e-02 1.285844333181611343e-01 8.567364588074647402e-01 0.000000000000000000e+00 1.467910787437414627e-02 0.000000000000000000e+00
2.100000000000000000e+03 8.400519196790900978e-02 1.413290851160673711e-01 8.392125625853436022e-01 1.137915339098771066e-04 1.934456076467910846e-02 0.000000000000000000e+00
2.125000000000000000e+03 8.500525377705092644e-02 1.528220300409649512e-01 8.208921256258534527e-01 1.137915339098771066e-04 2.617205279927173334e-02 0.000000000000000000e+00
2.150000000000000000e+03 8.600531558619262107e-02 1.662494310423304478e-01 8.013199817933546187e-01 4.551661356395084266e-04 3.197542102867546865e-02 0.000000000000000000e+00
2.175000000000000000e+03 8.700537739533431569e-02 1.900318616294947582e-01 7.679790623577605890e-01 2.275830678197542133e-04 4.176149294492489950e-02 0.000000000000000000e+00
2.200000000000000000e+03 8.800543920447623236e-02 2.022075557578516258e-01 7.457897132453344957e-01 5.689576695493854790e-04 5.143377332726445372e-02 0.000000000000000000e+00
2.225000000000000000e+03 8.900550101361792699e-02 2.150659990896677254e-01 7.207555757851615841e-01 2.048247610377787811e-03 6.213017751479289752e-02 0.000000000000000000e+00
2.250000000000000000e+03 9.000556282275962161e-02 2.282658170232134687e-01 6.991351843422849432e-01 2.048247610377787811e-03 7.055075102412380894e-02 0.000000000000000000e+00
2.275000000000000000e+03 9.100562463190153828e-02 2.420345926263086089e-01 6.763768775603095085e-01 4.437869822485207214e-03 7.715065999089668058e-02 0.000000000000000000e+00
2.300000000000000000e+03 9.200568644104323290e-02 2.434000910332271284e-01 6.537323623122439642e-01 5.006827492034592909e-03 9.786071916249430847e-02 0.000000000000000000e+00
2.325000000000000000e+03 9.300574825018514957e-02 2.753755120619025831e-01 6.088984979517524376e-01 4.893035958124715423e-03 1.108329540282202985e-01 0.000000000000000000e+00
2.350000000000000000e+03 9.400581005932684420e-02 2.905097860719162428e-01 5.755575785161584079e-01 3.755120619025944465e-03 1.301775147928994070e-01 0.000000000000000000e+00
2.375000000000000000e+03 9.500587186846853882e-02 2.889167045971779424e-01 5.658852981338188259e-01 3.299954483386436255e-03 1.418980427856167403e-01 0.000000000000000000e+00
2.400000000000000000e+03 9.600593367761045549e-02 2.955166135639508695e-01 5.388029130632681074e-01 3.982703686845699004e-03 1.616977696859353553e-01 0.000000000000000000e+00
2.425000000000000000e+03 9.700599548675215011e-02 3.111060537096039802e-01 5.176376877560309175e-01 5.006827492034592909e-03 1.662494310423304478e-01 0.000000000000000000e+00
2.450000000000000000e+03 9.800605729589384474e-02 3.205507510241237812e-01 4.916932180245789930e-01 8.875739644970414427e-03 1.788802913063268218e-01 0.000000000000000000e+00
2.475000000000000000e+03 9.900611910503576141e-02 3.328402366863905115e-01 4.638142922166590965e-01 1.046882111970869403e-02 1.928766499772416876e-01 0.000000000000000000e+00
2.500000000000000000e+03 1.000061809141774560e-01 3.430814747382794905e-01 4.385525716886663483e-01 1.206190259444697363e-02 2.063040509786071841e-01 0.000000000000000000e+00
2.525000000000000000e+03 1.010062427233191507e-01 3.400091033227127801e-01 4.340009103322712836e-01 1.570323167956303931e-02 2.102867546654528796e-01 0.000000000000000000e+00
2.550000000000000000e+03 1.020063045324610673e-01 3.554847519344560558e-01 4.016841147018661573e-01 1.558944014565316269e-02 2.272416932180245652e-01 0.000000000000000000e+00
2.575000000000000000e+03 1.030063663416027619e-01 3.499089667728720876e-01 3.981565771506599960e-01 1.786527082385070547e-02 2.340691852526172179e-01 0.000000000000000000e+00
2.600000000000000000e+03 1.040064281507446786e-01 3.578743741465634787e-01 3.785844333181611066e-01 2.275830678197542090e-02 2.407828857532999522e-01 0.000000000000000000e+00
2.625000000000000000e+03 1.050064899598863732e-01 3.713017751479290030e-01 3.544606281292672079e-01 2.674101046882111990e-02 2.474965862539827144e-01 0.000000000000000000e+00
2.650000000000000000e+03 1.060065517690280679e-01 3.656121984524351443e-01 3.478607191624943362e-01 2.674101046882111990e-02 2.597860719162494170e-01 0.000000000000000000e+00
2.675000000000000000e+03 1.070066135781699845e-01 3.460400546199362548e-01 3.508192990441511006e-01 3.026854802002730896e-02 2.728720983158853253e-01 0.000000000000000000e+00
2.700000000000000000e+03 1.080066753873116792e-01 3.739189804278561513e-01 3.236231224396904915e-01 3.538916704597178109e-02 2.670687300864815761e-01 0.000000000000000000e+00
2.725000000000000000e+03 1.090067371964533738e-01 3.862084660901228816e-01 3.007510241238051663e-01 4.164770141101502288e-02 2.713928083750569153e-01 0.000000000000000000e+00
2.750000000000000000e+03 1.100067990055952905e-01 3.887118798361401950e-01 2.891442876649977234e-01 3.903049613108784677e-02 2.831133363677742487e-01 0.000000000000000000e+00
2.775000000000000000e+03 1.110068608147369851e-01 3.928083750568957533e-01 2.744651797906235702e-01 3.686845698680018407e-02 2.958579881656804855e-01 0.000000000000000000e+00
2.800000000000000000e+03 1.120069226238786797e-01 4.002048247610378029e-01 2.669549385525716856e-01 4.403732362312243881e-02 2.888029130632681074e-01 0.000000000000000000e+00
2.825000000000000000e+03 1.130069844330205964e-01 4.072598998634501810e-01 2.558033682294037492e-01 4.767865270823850449e-02 2.892580791989076139e-01 0.000000000000000000e+00
2.850000000000000000e+03 1.140070462421622910e-01 4.029358215748748417e-01 2.504551661356395065e-01 5.006827492034592736e-02 2.965407373691397175e-01 0.000000000000000000e+00
2.875000000000000000e+03 1.150071080513039856e-01 4.145425580336822846e-01 2.319071461083295482e-01 5.109239872553481693e-02 3.024578971324533572e-01 0.000000000000000000e+00
2.900000000000000000e+03 1.160071698604459023e-01 4.091943559399180974e-01 2.240555302685480199e-01 5.553026854802002588e-02 3.112198452435138707e-01 0.000000000000000000e+00
2.925000000000000000e+03 1.170072316695875969e-01 4.134046426945835462e-01 2.176832043695949015e-01 5.587164314974965573e-02 3.130405097860718966e-01 0.000000000000000000e+00
2.950000000000000000e+03 1.180072934787295136e-01 4.080564406008193035e-01 1.987938097405552995e-01 6.144742831133363781e-02 3.317023213472917731e-01 0.000000000000000000e+00
2.975000000000000000e+03 1.190073552878712082e-01 4.188666363222576239e-01 1.894629039599453890e-01 6.736458807464724974e-02 3.243058716431497235e-01 0.000000000000000000e+00
3.000000000000000000e+03 1.200074170970129028e-01 4.227355484751934567e-01 1.762630860263996457e-01 6.986800182066454923e-02 3.311333636777423761e-01 0.000000000000000000e+00
3.025000000000000000e+03 1.210074789061548195e-01 4.202321347291761433e-01 1.708010923987255403e-01 7.077833409194356218e-02 3.381884387801547542e-01 0.000000000000000000e+00
3.050000000000000000e+03 1.220075407152965141e-01 4.246700045516613731e-01 1.621529358215748617e-01 7.316795630405098505e-02 3.400091033227127801e-01 0.000000000000000000e+00
3.075000000000000000e+03 1.230076025244382087e-01 4.184114701866181174e-01 1.480427856167501055e-01 7.828857532999544677e-02 3.552571688666363303e-01 0.000000000000000000e+00
3.100000000000000000e+03 1.240076643335801254e-01 4.182976786527082269e-01 1.283568502503413811e-01 8.340919435593992237e-02 3.699362767410104835e-01 0.000000000000000000e+00
3.125000000000000000e+03 1.250077261427218200e-01 4.267182521620391245e-01 1.236913973600364119e-01 8.636777423759672834e-02 3.632225762403277214e-01 0.000000000000000000e+00
3.150000000000000000e+03 1.260077879518635147e-01 4.325216203914428736e-01 1.189121529358215801e-01 9.490213928083750250e-02 3.536640873918980299e-01 0.000000000000000000e+00
3.175000000000000000e+03 1.270078497610054313e-01 4.485662266727355463e-01 1.119708693673190647e-01 9.672280382339554228e-02 3.427401001365498190e-01 0.000000000000000000e+00
3.200000000000000000e+03 1.280079115701471260e-01 4.457214383249886169e-01 1.065088757396449731e-01 1.046882111970869333e-01 3.430814747382794905e-01 0.000000000000000000e+00
3.225000000000000000e+03 1.290079733792890426e-01 4.479972690031861493e-01 1.015020482476103741e-01 1.049157942649066866e-01 3.455848884842967483e-01 0.000000000000000000e+00
3.250000000000000000e+03 1.300080351884307373e-01 4.466317705962676299e-01 9.729176149294492537e-02 1.043468365953573035e-01 3.517296313154301135e-01 0.000000000000000000e+00
3.275000000000000000e+03 1.310080969975724319e-01 4.548247610377788019e-01 9.512972234865725574e-02 1.046882111970869333e-01 3.453573054164770229e-01 0.000000000000000000e+00
3.300000000000000000e+03 1.320081588067143485e-01 4.437869822485207005e-01 9.148839326354119006e-02 1.094674556213017791e-01 3.552571688666363303e-01 0.000000000000000000e+00
3.325000000000000000e+03 1.330082206158560432e-01 4.501593081474738467e-01 8.659535730541648157e-02 1.169776968593536637e-01 3.462676376877560358e-01 0.000000000000000000e+00
3.350000000000000000e+03 1.340082824249977378e-01 4.550523441055985274e-01 8.204369594902138907e-02 1.184569868001820597e-01 3.444469731451980099e-01 0.000000000000000000e+00
3.375000000000000000e+03 1.350083442341396545e-01 4.627901684114701930e-01 8.136094674556212936e-02 1.172052799271734169e-01 3.386436049157942607e-01 0.000000000000000000e+00
3.400000000000000000e+03 1.360084060432813491e-01 4.584660901228948537e-01 7.794720072826581692e-02 1.213017751479289891e-01 3.422849340009103125e-01 0.000000000000000000e+00
3.425000000000000000e+03 1.370084678524230437e-01 4.633591260810195900e-01 7.635411925352754425e-02 1.312016385980883104e-01 3.290851160673645692e-01 0.000000000000000000e+00
3.450000000000000000e+03 1.380085296615649604e-01 4.682521620391442707e-01 7.146108329540282189e-02 1.264223941738734647e-01 3.338643604915794150e-01 0.000000000000000000e+00
3.475000000000000000e+03 1.390085914707066550e-01 4.832726445152480399e-01 6.941283568502502888e-02 1.319981793354574329e-01 3.153163404642694845e-01 0.000000000000000000e+00
3.500000000000000000e+03 1.400086532798483496e-01 4.729176149294492260e-01 6.816112881201638607e-02 1.325671370050068298e-01 3.263541192535275304e-01 0.000000000000000000e+00
3.525000000000000000e+03 1.410087150889902663e-01 4.823623122439690269e-01 6.770596267637687959e-02 1.324533454710969393e-01 3.174783796085571264e-01 0.000000000000000000e+00
3.550000000000000000e+03 1.420087768981319609e-01 4.865725989986344757e-01 7.214383249886208160e-02 1.333636777423759801e-01 3.079198907601274349e-01 0.000000000000000000e+00
3.575000000000000000e+03 1.430088387072738776e-01 4.986345015930814806e-01 6.952662721893490549e-02 1.366636322257624159e-01 2.951752389622211981e-01 0.000000000000000000e+00
3.600000000000000000e+03 1.440089005164155722e-01 5.003413746017296715e-01 6.531634046426945672e-02 1.334774692762858428e-01 3.008648156577150568e-01 0.000000000000000000e+00
3.625000000000000000e+03 1.450089623255572668e-01 5.005689576695493415e-01 6.713700500682749650e-02 1.393946290395994547e-01 2.928994082840236657e-01 0.000000000000000000e+00
3.650000000000000000e+03 1.460090241346991835e-01 5.052344105598542967e-01 6.884387801547564578e-02 1.404187528447883582e-01 2.855029585798816716e-01 0.000000000000000000e+00
3.675000000000000000e+03 1.470090859438408781e-01 4.986345015930814806e-01 7.305416477014110843e-02 1.415566681838871244e-01 2.867546654528903005e-01 0.000000000000000000e+00
3.700000000000000000e+03 1.480091477529825728e-01 5.084205735093308975e-01 7.237141556668183484e-02 1.470186618115612298e-01 2.721893491124260378e-01 0.000000000000000000e+00
3.725000000000000000e+03 1.490092095621244894e-01 5.357305416477013971e-01 7.055075102412380894e-02 1.462221210741920796e-01 2.474965862539827144e-01 0.000000000000000000e+00
3.750000000000000000e+03 1.500092713712661840e-01 5.325443786982249073e-01 7.441966317705962786e-02 1.522530723714155543e-01 2.407828857532999522e-01 0.000000000000000000e+00
3.775000000000000000e+03 1.510093331804078787e-01 5.185480200273099305e-01 7.237141556668183484e-02 1.503186162949476656e-01 2.587619481110605135e-01 0.000000000000000000e+00
3.800000000000000000e+03 1.520093949895497953e-01 5.174101046882112476e-01 7.385070550751024476e-02 1.504324078288575284e-01 2.583067819754210070e-01 0.000000000000000000e+00
3.825000000000000000e+03 1.530094567986914900e-01 5.294720072826581969e-01 7.430587164314975124e-02 1.450842057350933134e-01 2.511379153390987939e-01 0.000000000000000000e+00
3.850000000000000000e+03 1.540095186078334066e-01 5.402822030040964618e-01 7.100591715976331542e-02 1.429221665908056438e-01 2.457897132453345512e-01 0.000000000000000000e+00
3.875000000000000000e+03 1.550095804169751013e-01 5.426718252162039402e-01 7.646791078743742087e-02 1.494082840236686527e-01 2.314519799726900418e-01 0.000000000000000000e+00
3.900000000000000000e+03 1.560096422261167959e-01 5.356167501137915066e-01 7.965407373691398007e-02 1.543013199817933612e-01 2.304278561675011383e-01 0.000000000000000000e+00
3.925000000000000000e+03 1.570097040352587126e-01 5.293582157487483064e-01 8.010923987255348655e-02 1.568047337278106468e-01 2.337278106508875741e-01 0.000000000000000000e+00
3.950000000000000000e+03 1.580097658444004072e-01 5.434683659535730627e-01 8.010923987255348655e-02 1.538461538461538547e-01 2.225762403277196100e-01 0.000000000000000000e+00
3.975000000000000000e+03 1.590098276535421018e-01 5.419890760127445972e-01 7.771961766044606368e-02 1.531634046426945950e-01 2.271279016841147025e-01 0.000000000000000000e+00
4.000000000000000000e+03 1.600098894626840185e-01 5.449476558944014171e-01 8.534365043240782489e-02 1.572598998634501533e-01 2.124487938097405493e-01 0.000000000000000000e+00
4.025000000000000000e+03 1.610099512718257131e-01 5.471096950386891145e-01 8.614019116977697510e-02 1.581702321347291662e-01 2.085798816568047442e-01 0.000000000000000000e+00
4.050000000000000000e+03 1.620100130809674077e-01 5.403959945380063523e-01 9.023668639053254725e-02 1.616977696859353553e-01 2.076695493855257035e-01 0.000000000000000000e+00
4.075000000000000000e+03 1.630100748901093244e-01 5.523441055985435222e-01 8.670914883932635819e-02 1.615839781520254925e-01 1.993627674101046965e-01 0.000000000000000000e+00
4.100000000000000000e+03 1.640101366992510190e-01 5.587164314974966128e-01 8.761948111060537114e-02 1.627218934911242587e-01 1.909421939007737712e-01 0.000000000000000000e+00
4.125000000000000000e+03 1.650101985083929357e-01 5.679335457441966328e-01 9.171597633136094330e-02 1.688666363222576239e-01 1.714838416021848000e-01 0.000000000000000000e+00
4.150000000000000000e+03 1.660102603175346303e-01 5.820436959490213891e-01 9.353664087391898307e-02 1.663632225762403383e-01 1.580564406008193035e-01 0.000000000000000000e+00
4.175000000000000000e+03 1.670103221266763249e-01 5.702093764223942207e-01 9.911242603550296515e-02 1.753527537551206328e-01 1.553254437869822369e-01 0.000000000000000000e+00
4.200000000000000000e+03 1.680103839358182416e-01 5.692990441511152078e-01 1.017296313154301274e-01 1.799044151115156975e-01 1.490669094219390090e-01 0.000000000000000000e+00
4.225000000000000000e+03 1.690104457449599362e-01 5.771506599908966528e-01 1.003641329085116080e-01 1.785389167045971781e-01 1.439462903959945472e-01 0.000000000000000000e+00
4.250000000000000000e+03 1.700105075541016308e-01 5.706645425580336717e-01 1.013882567137004975e-01 1.775147928994082747e-01 1.504324078288575284e-01 0.000000000000000000e+00
4.275000000000000000e+03 1.710105693632435475e-01 5.733955393718707105e-01 1.027537551206190308e-01 1.842284934000910368e-01 1.396222121074192080e-01 0.000000000000000000e+00
4.300000000000000000e+03 1.720106311723852421e-01 5.673645880746472914e-01 1.111743286299499284e-01 1.863905325443787064e-01 1.350705507510241155e-01 0.000000000000000000e+00
4.325000000000000000e+03 1.730106929815269368e-01 5.630405097860718966e-01 1.133363677742375980e-01 1.903732362312244020e-01 1.332498862084660896e-01 0.000000000000000000e+00
4.350000000000000000e+03 1.740107547906688534e-01 5.658852981338188259e-01 1.118570778334091881e-01 1.937869822485207005e-01 1.284706417842512438e-01 0.000000000000000000e+00
4.375000000000000000e+03 1.750108165998105481e-01 5.664542558033682784e-01 1.127674101046882149e-01 1.950386891215293572e-01 1.257396449704142050e-01 0.000000000000000000e+00
4.400000000000000000e+03 1.760108784089522427e-01 5.691852526172053173e-01 1.154984069185252676e-01 2.023213472917614886e-01 1.129949931725079681e-01 0.000000000000000000e+00
4.425000000000000000e+03 1.770109402180941593e-01 5.529130632680928636e-01 1.256258534365043145e-01 2.134729176149294527e-01 1.079881656804733692e-01 0.000000000000000000e+00
4.450000000000000000e+03 1.780110020272358540e-01 5.718024578971324656e-01 1.239189804278561652e-01 2.092626308602640040e-01 9.501593081474737912e-02 0.000000000000000000e+00
4.475000000000000000e+03 1.790110638363777706e-01 5.560992262175694645e-01 1.292671825216203940e-01 2.172280382339553950e-01 9.740555302685480199e-02 0.000000000000000000e+00
4.500000000000000000e+03 1.800111256455194653e-01 5.653163404642694845e-01 1.319981793354574329e-01 2.111970869367319203e-01 9.148839326354119006e-02 0.000000000000000000e+00
4.525000000000000000e+03 1.810111874546611599e-01 5.629267182521620061e-01 1.291533909877105035e-01 2.122212107419207960e-01 9.569868001820663883e-02 0.000000000000000000e+00
4.550000000000000000e+03 1.820112492638030766e-01 5.745334547109695045e-01 1.272189349112426149e-01 2.101729631315430169e-01 8.807464724624487762e-02 0.000000000000000000e+00
4.575000000000000000e+03 1.830113110729447712e-01 5.682749203459263043e-01 1.272189349112426149e-01 2.160901228948566288e-01 8.841602184797450747e-02 0.000000000000000000e+00
4.600000000000000000e+03 1.840113728820864658e-01 5.788575329995447882e-01 1.290395994538006408e-01 2.158625398270368756e-01 7.624032771961765376e-02 0.000000000000000000e+00
4.625000000000000000e+03 1.850114346912283825e-01 5.678197542102867423e-01 1.341602184797451025e-01 2.189349112426035582e-01 7.908511606736458310e-02 0.000000000000000000e+00
4.650000000000000000e+03 1.860114965003700771e-01 5.588302230314065033e-01 1.368912152935821691e-01 2.209831588529813373e-01 8.329540282203004575e-02 0.000000000000000000e+00
4.675000000000000000e+03 1.870115583095117717e-01 5.744196631770596140e-01 1.357532999544833752e-01 2.238279472007282667e-01 6.599908966772871644e-02 0.000000000000000000e+00
4.700000000000000000e+03 1.880116201186536884e-01 5.704369594902138907e-01 1.380291306326809353e-01 2.213245334547109811e-01 7.020937642239417908e-02 0.000000000000000000e+00
4.725000000000000000e+03 1.890116819277953830e-01 5.605370960400546387e-01 1.446290395994538069e-01 2.280382339553937154e-01 6.679563040509786664e-02 0.000000000000000000e+00
4.750000000000000000e+03 1.900117437369372997e-01 5.669094219390077294e-01 1.437187073281747940e-01 2.286071916249431124e-01 6.076467910787437116e-02 0.000000000000000000e+00
4.775000000000000000e+03 1.910118055460789943e-01 5.760127446517978589e-01 1.429221665908056438e-01 2.238279472007282667e-01 5.723714155666818210e-02 0.000000000000000000e+00
4.800000000000000000e+03 1.920118673552206889e-01 5.699817933545744397e-01 1.477014110150204895e-01 2.272416932180245652e-01 5.507510241238051940e-02 0.000000000000000000e+00
4.825000000000000000e+03 1.930119291643626056e-01 5.612198452435138707e-01 1.523668639053254448e-01 2.303140646335912478e-01 5.609922621756941591e-02 0.000000000000000000e+00
4.850000000000000000e+03 1.940119909735043002e-01 5.754437869822485174e-01 1.528220300409649512e-01 2.262175694128356895e-01 4.551661356395084179e-02 0.000000000000000000e+00
4.875000000000000000e+03 1.950120527826459949e-01 5.765817023213473114e-01 1.545289030496131144e-01 2.215521165225307343e-01 4.733727810650887463e-02 0.000000000000000000e+00
4.900000000000000000e+03 1.960121145917879115e-01 5.702093764223942207e-01 1.583978152025489194e-01 2.195038689121529274e-01 5.188893946290396020e-02 0.000000000000000000e+00
4.925000000000000000e+03 1.970121764009296061e-01 5.640646335912608000e-01 1.649977241693217911e-01 2.225762403277196100e-01 4.836140191169777114e-02 0.000000000000000000e+00
4.950000000000000000e+03 1.980122382100713008e-01 5.637232589895311285e-01 1.700045516613563901e-01 2.239417387346381294e-01 4.233045061447428259e-02 0.000000000000000000e+00
4.975000000000000000e+03 1.990123000192132174e-01 5.537096040054619861e-01 1.762630860263996457e-01 2.264451524806554428e-01 4.358215748748293233e-02 0.000000000000000000e+00
5.000000000000000000e+03 2.000123618283549121e-01 5.510923987255348377e-01 1.783113336367774249e-01 2.236003641329085134e-01 4.699590350477924477e-02 0.000000000000000000e+00
5.025000000000000000e+03 2.010124236374966067e-01 5.554164770141101215e-01 1.836595357305416398e-01 2.242831133363677731e-01 3.664087391898043083e-02 0.000000000000000000e+00
5.050000000000000000e+03 2.020124854466385234e-01 5.583750568957669413e-01 1.846836595357305433e-01 2.253072371415566766e-01 3.163404642694583185e-02 0.000000000000000000e+00
5.075000000000000000e+03 2.030125472557802180e-01 5.553026854802002310e-01 1.871870732817478289e-01 2.220072826581702408e-01 3.550295857988165771e-02 0.000000000000000000e+00
5.100000000000000000e+03 2.040126090649221346e-01 5.650887573964497035e-01 1.853664087391898030e-01 2.159763313609467383e-01 3.356850250341374825e-02 0.000000000000000000e+00
5.125000000000000000e+03 2.050126708740638293e-01 5.710059171597633432e-01 1.807009558488848477e-01 2.102867546654528796e-01 3.800637232589895026e-02 0.000000000000000000e+00
5.150000000000000000e+03 2.060127326832055239e-01 5.765817023213473114e-01 1.851388256713700498e-01 1.985662266727355463e-01 3.971324533454710648e-02 0.000000000000000000e+00
5.175000000000000000e+03 2.070127944923474406e-01 5.707783340919435622e-01 1.838871187983613931e-01 2.044833864360491582e-01 4.085116067364587961e-02 0.000000000000000000e+00
5.200000000000000000e+03 2.080128563014891352e-01 5.754437869822485174e-01 1.829767865270823801e-01 2.026627218934911323e-01 3.891670459717797015e-02 0.000000000000000000e+00
5.225000000000000000e+03 2.090129181106308298e-01 5.817023213472917176e-01 1.843422849340008995e-01 1.959490213928083702e-01 3.800637232589895026e-02 0.000000000000000000e+00
5.250000000000000000e+03 2.100129799197727465e-01 5.798816568047336917e-01 1.877560309512972259e-01 1.973145197997268896e-01 3.504779244424215123e-02 0.000000000000000000e+00
5.275000000000000000e+03 2.110130417289144411e-01 5.751024123805188459e-01 1.952662721893491105e-01 1.981110605370960398e-01 3.152025489303595523e-02 0.000000000000000000e+00
5.300000000000000000e+03 2.120131035380561357e-01 5.737369139736003820e-01 1.981110605370960398e-01 1.962903959945380139e-01 3.186162949476559203e-02 0.000000000000000000e+00
5.325000000000000000e+03 2.130131653471980524e-01 5.785161583978152278e-01 1.962903959945380139e-01 1.923076923076923184e-01 3.288575329995448160e-02 0.000000000000000000e+00
5.350000000000000000e+03 2.140132271563397470e-01 5.758989531178880794e-01 1.936731907146108378e-01 1.943559399180700975e-01 3.607191624943104080e-02 0.000000000000000000e+00
5.375000000000000000e+03 2.150132889654816637e-01 5.779472007282657753e-01 1.991351843422849432e-01 1.904870277651342647e-01 3.243058716431497512e-02 0.000000000000000000e+00
5.400000000000000000e+03 2.160133507746233583e-01 5.715748748293126846e-01 2.042558033682294050e-01 1.879836140191169791e-01 3.618570778334091742e-02 0.000000000000000000e+00
5.425000000000000000e+03 2.170134125837650529e-01 5.741920801092398330e-01 2.094902139280837572e-01 1.863905325443787064e-01 2.992717341829767910e-02 0.000000000000000000e+00
5.450000000000000000e+03 2.180134743929069696e-01 5.751024123805188459e-01 2.119936276741010428e-01 1.816112881201638607e-01 3.129267182521620200e-02 0.000000000000000000e+00
5.475000000000000000e+03 2.190135362020486642e-01 5.776058261265362148e-01 2.117660446062812896e-01 1.822940373236231204e-01 2.833409194355939950e-02 0.000000000000000000e+00
5.500000000000000000e+03 2.200135980111903589e-01 5.749886208466090665e-01 2.113108784706417831e-01 1.833181611288120239e-01 3.038233955393718558e-02 0.000000000000000000e+00
5.525000000000000000e+03 2.210136598203322755e-01 5.706645425580336717e-01 2.191624943104233114e-01 1.776285844333181652e-01 3.254437869822485174e-02 0.000000000000000000e+00
5.550000000000000000e+03 2.220137216294739702e-01 5.710059171597633432e-01 2.167728720983158885e-01 1.788802913063268218e-01 3.334091943559399501e-02 0.000000000000000000e+00
5.575000000000000000e+03 2.230137834386156648e-01 5.620163859808829931e-01 2.242831133363677731e-01 1.820664542558033672e-01 3.163404642694583185e-02 0.000000000000000000e+00
5.600000000000000000e+03 2.240138452477575814e-01 5.763541192535275304e-01 2.192762858443331742e-01 1.731907146108329631e-01 3.117888029130632538e-02 0.000000000000000000e+00
5.625000000000000000e+03 2.250139070568992761e-01 5.744196631770596140e-01 2.242831133363677731e-01 1.681838871187983642e-01 3.311333636777423484e-02 0.000000000000000000e+00
5.650000000000000000e+03 2.260139688660411927e-01 5.745334547109695045e-01 2.239417387346381294e-01 1.673873463814292140e-01 3.413746017296313134e-02 0.000000000000000000e+00
5.675000000000000000e+03 2.270140306751828874e-01 5.723714155666818071e-01 2.289485662266727284e-01 1.679563040509786109e-01 3.072371415566681890e-02 0.000000000000000000e+00
