# itime ezz other fcc hcp bcc ico
0.000000000000000000e+00 0.000000000000000000e+00 0.000000000000000000e+00 1.000000000000000000e+00 0.000000000000000000e+00 0.000000000000000000e+00 0.000000000000000000e+00
3.000000000000000000e+00 1.200021217843794119e-03 0.000000000000000000e+00 1.000000000000000000e+00 0.000000000000000000e+00 0.000000000000000000e+00 0.000000000000000000e+00
6.000000000000000000e+00 2.400042435687588238e-03 0.000000000000000000e+00 1.000000000000000000e+00 0.000000000000000000e+00 0.000000000000000000e+00 0.000000000000000000e+00
9.000000000000000000e+00 3.600063653531382357e-03 0.000000000000000000e+00 1.000000000000000000e+00 0.000000000000000000e+00 0.000000000000000000e+00 0.000000000000000000e+00
1.200000000000000000e+01 4.800084871374954432e-03 0.000000000000000000e+00 1.000000000000000000e+00 0.000000000000000000e+00 0.000000000000000000e+00 0.000000000000000000e+00
1.500000000000000000e+01 6.000106089218748551e-03 0.000000000000000000e+00 1.000000000000000000e+00 0.000000000000000000e+00 0.000000000000000000e+00 0.000000000000000000e+00
1.800000000000000000e+01 7.200127307062542670e-03 0.000000000000000000e+00 1.000000000000000000e+00 0.000000000000000000e+00 0.000000000000000000e+00 0.000000000000000000e+00
2.100000000000000000e+01 8.400148524906336789e-03 0.000000000000000000e+00 1.000000000000000000e+00 0.000000000000000000e+00 0.000000000000000000e+00 0.000000000000000000e+00
2.400000000000000000e+01 9.600169742750130908e-03 0.000000000000000000e+00 1.000000000000000000e+00 0.000000000000000000e+00 0.000000000000000000e+00 0.000000000000000000e+00
2.700000000000000000e+01 1.080019096059392503e-02 0.000000000000000000e+00 1.000000000000000000e+00 0.000000000000000000e+00 0.000000000000000000e+00 0.000000000000000000e+00
3.000000000000000000e+01 1.200021217843771915e-02 0.000000000000000000e+00 1.000000000000000000e+00 0.000000000000000000e+00 0.000000000000000000e+00 0.000000000000000000e+00
3.300000000000000000e+01 1.320023339628129122e-02 0.000000000000000000e+00 1.000000000000000000e+00 0.000000000000000000e+00 0.000000000000000000e+00 0.000000000000000000e+00
3.600000000000000000e+01 1.440025461412508534e-02 0.000000000000000000e+00 1.000000000000000000e+00 0.000000000000000000e+00 0.000000000000000000e+00 0.000000000000000000e+00
3.900000000000000000e+01 1.560027583196887946e-02 0.000000000000000000e+00 1.000000000000000000e+00 0.000000000000000000e+00 0.000000000000000000e+00 0.000000000000000000e+00
4.200000000000000000e+01 1.680029704981267358e-02 0.000000000000000000e+00 1.000000000000000000e+00 0.000000000000000000e+00 0.000000000000000000e+00 0.000000000000000000e+00
4.500000000000000000e+01 1.800031826765646770e-02 0.000000000000000000e+00 1.000000000000000000e+00 0.000000000000000000e+00 0.000000000000000000e+00 0.000000000000000000e+00
4.800000000000000000e+01 1.920033948550026182e-02 0.000000000000000000e+00 1.000000000000000000e+00 0.000000000000000000e+00 0.000000000000000000e+00 0.000000000000000000e+00
5.100000000000000000e+01 2.040036070334405593e-02 0.000000000000000000e+00 1.000000000000000000e+00 0.000000000000000000e+00 0.000000000000000000e+00 0.000000000000000000e+00
5.400000000000000000e+01 2.160038192118762801e-02 0.000000000000000000e+00 1.000000000000000000e+00 0.000000000000000000e+00 0.000000000000000000e+00 0.000000000000000000e+00
5.700000000000000000e+01 2.280040313903142213e-02 0.000000000000000000e+00 1.000000000000000000e+00 0.000000000000000000e+00 0.000000000000000000e+00 0.000000000000000000e+00
6.000000000000000000e+01 2.400042435687521625e-02 0.000000000000000000e+00 1.000000000000000000e+00 0.000000000000000000e+00 0.000000000000000000e+00 0.000000000000000000e+00
6.300000000000000000e+01 2.520044557471901037e-02 0.000000000000000000e+00 1.000000000000000000e+00 0.000000000000000000e+00 0.000000000000000000e+00 0.000000000000000000e+00
6.600000000000000000e+01 2.640046679256280449e-02 0.000000000000000000e+00 1.000000000000000000e+00 0.000000000000000000e+00 0.000000000000000000e+00 0.000000000000000000e+00
6.900000000000000000e+01 2.760048801040659860e-02 0.000000000000000000e+00 1.000000000000000000e+00 0.000000000000000000e+00 0.000000000000000000e+00 0.000000000000000000e+00
7.200000000000000000e+01 2.880050922825039272e-02 0.000000000000000000e+00 1.000000000000000000e+00 0.000000000000000000e+00 0.000000000000000000e+00 0.000000000000000000e+00
7.500000000000000000e+01 3.000053044609396480e-02 0.000000000000000000e+00 1.000000000000000000e+00 0.000000000000000000e+00 0.000000000000000000e+00 0.000000000000000000e+00
7.800000000000000000e+01 3.120055166393775892e-02 0.000000000000000000e+00 1.000000000000000000e+00 0.000000000000000000e+00 0.000000000000000000e+00 0.000000000000000000e+00
8.100000000000000000e+01 3.240057288178155304e-02 0.000000000000000000e+00 1.000000000000000000e+00 0.000000000000000000e+00 0.000000000000000000e+00 0.000000000000000000e+00
8.400000000000000000e+01 3.360059409962534716e-02 0.000000000000000000e+00 1.000000000000000000e+00 0.000000000000000000e+00 0.000000000000000000e+00 0.000000000000000000e+00
8.700000000000000000e+01 3.480061531746914127e-02 0.000000000000000000e+00 1.000000000000000000e+00 0.000000000000000000e+00 0.000000000000000000e+00 0.000000000000000000e+00
9.000000000000000000e+01 3.600063653531293539e-02 0.000000000000000000e+00 1.000000000000000000e+00 0.000000000000000000e+00 0.000000000000000000e+00 0.000000000000000000e+00
9.300000000000000000e+01 3.720065775315672951e-02 0.000000000000000000e+00 1.000000000000000000e+00 0.000000000000000000e+00 0.000000000000000000e+00 0.000000000000000000e+00
9.600000000000000000e+01 3.840067897100030159e-02 0.000000000000000000e+00 1.000000000000000000e+00 0.000000000000000000e+00 0.000000000000000000e+00 0.000000000000000000e+00
9.900000000000000000e+01 3.960070018884409571e-02 0.000000000000000000e+00 1.000000000000000000e+00 0.000000000000000000e+00 0.000000000000000000e+00 0.000000000000000000e+00
1.020000000000000000e+02 4.080072140668788983e-02 0.000000000000000000e+00 1.000000000000000000e+00 0.000000000000000000e+00 0.000000000000000000e+00 0.000000000000000000e+00
1.050000000000000000e+02 4.200074262453168394e-02 0.000000000000000000e+00 1.000000000000000000e+00 0.000000000000000000e+00 0.000000000000000000e+00 0.000000000000000000e+00
1.080000000000000000e+02 4.320076384237547806e-02 0.000000000000000000e+00 1.000000000000000000e+00 0.000000000000000000e+00 0.000000000000000000e+00 0.000000000000000000e+00
1.110000000000000000e+02 4.440078506021927218e-02 0.000000000000000000e+00 1.000000000000000000e+00 0.000000000000000000e+00 0.000000000000000000e+00 0.000000000000000000e+00
1.140000000000000000e+02 4.560080627806306630e-02 0.000000000000000000e+00 1.000000000000000000e+00 0.000000000000000000e+00 0.000000000000000000e+00 0.000000000000000000e+00
1.170000000000000000e+02 4.680082749590663838e-02 0.000000000000000000e+00 1.000000000000000000e+00 0.000000000000000000e+00 0.000000000000000000e+00 0.000000000000000000e+00
1.200000000000000000e+02 4.800084871375043249e-02 0.000000000000000000e+00 1.000000000000000000e+00 0.000000000000000000e+00 0.000000000000000000e+00 0.000000000000000000e+00
1.230000000000000000e+02 4.920086993159422661e-02 0.000000000000000000e+00 1.000000000000000000e+00 0.000000000000000000e+00 0.000000000000000000e+00 0.000000000000000000e+00
1.260000000000000000e+02 5.040089114943802073e-02 0.000000000000000000e+00 1.000000000000000000e+00 0.000000000000000000e+00 0.000000000000000000e+00 0.000000000000000000e+00
1.290000000000000000e+02 5.160091236728181485e-02 0.000000000000000000e+00 1.000000000000000000e+00 0.000000000000000000e+00 0.000000000000000000e+00 0.000000000000000000e+00
1.320000000000000000e+02 5.280093358512560897e-02 0.000000000000000000e+00 1.000000000000000000e+00 0.000000000000000000e+00 0.000000000000000000e+00 0.000000000000000000e+00
1.350000000000000000e+02 5.400095480296918105e-02 0.000000000000000000e+00 1.000000000000000000e+00 0.000000000000000000e+00 0.000000000000000000e+00 0.000000000000000000e+00
1.380000000000000000e+02 5.520097602081297516e-02 0.000000000000000000e+00 1.000000000000000000e+00 0.000000000000000000e+00 0.000000000000000000e+00 0.000000000000000000e+00
1.410000000000000000e+02 5.640099723865676928e-02 0.000000000000000000e+00 1.000000000000000000e+00 0.000000000000000000e+00 0.000000000000000000e+00 0.000000000000000000e+00
1.440000000000000000e+02 5.760101845650056340e-02 0.000000000000000000e+00 1.000000000000000000e+00 0.000000000000000000e+00 0.000000000000000000e+00 0.000000000000000000e+00
1.470000000000000000e+02 5.880103967434435752e-02 0.000000000000000000e+00 1.000000000000000000e+00 0.000000000000000000e+00 0.000000000000000000e+00 0.000000000000000000e+00
1.500000000000000000e+02 6.000106089218815164e-02 0.000000000000000000e+00 1.000000000000000000e+00 0.000000000000000000e+00 0.000000000000000000e+00 0.000000000000000000e+00
1.530000000000000000e+02 6.120108211003194576e-02 0.000000000000000000e+00 1.000000000000000000e+00 0.000000000000000000e+00 0.000000000000000000e+00 0.000000000000000000e+00
1.560000000000000000e+02 6.240110332787551783e-02 0.000000000000000000e+00 1.000000000000000000e+00 0.000000000000000000e+00 0.000000000000000000e+00 0.000000000000000000e+00
1.590000000000000000e+02 6.360112454571931195e-02 0.000000000000000000e+00 1.000000000000000000e+00 0.000000000000000000e+00 0.000000000000000000e+00 0.000000000000000000e+00
1.620000000000000000e+02 6.480114576356310607e-02 0.000000000000000000e+00 1.000000000000000000e+00 0.000000000000000000e+00 0.000000000000000000e+00 0.000000000000000000e+00
1.650000000000000000e+02 6.600116698140690019e-02 0.000000000000000000e+00 1.000000000000000000e+00 0.000000000000000000e+00 0.000000000000000000e+00 0.000000000000000000e+00
1.680000000000000000e+02 6.720118819925069431e-02 0.000000000000000000e+00 1.000000000000000000e+00 0.000000000000000000e+00 0.000000000000000000e+00 0.000000000000000000e+00
1.710000000000000000e+02 6.840120941709448843e-02 0.000000000000000000e+00 1.000000000000000000e+00 0.000000000000000000e+00 0.000000000000000000e+00 0.000000000000000000e+00
1.740000000000000000e+02 6.960123063493828255e-02 0.000000000000000000e+00 1.000000000000000000e+00 0.000000000000000000e+00 0.000000000000000000e+00 0.000000000000000000e+00
1.770000000000000000e+02 7.080125185278185462e-02 0.000000000000000000e+00 1.000000000000000000e+00 0.000000000000000000e+00 0.000000000000000000e+00 0.000000000000000000e+00
1.800000000000000000e+02 7.200127307062564874e-02 0.000000000000000000e+00 1.000000000000000000e+00 0.000000000000000000e+00 0.000000000000000000e+00 0.000000000000000000e+00
1.830000000000000000e+02 7.320129428846944286e-02 2.275830678197542133e-04 9.997724169321802190e-01 0.000000000000000000e+00 0.000000000000000000e+00 0.000000000000000000e+00
1.860000000000000000e+02 7.440131550631323698e-02 5.689576695493854790e-04 9.994310423304506585e-01 0.000000000000000000e+00 0.000000000000000000e+00 0.000000000000000000e+00
1.890000000000000000e+02 7.560133672415703110e-02 5.689576695493854790e-04 9.994310423304506585e-01 0.000000000000000000e+00 0.000000000000000000e+00 0.000000000000000000e+00
1.920000000000000000e+02 7.680135794200082522e-02 0.000000000000000000e+00 1.000000000000000000e+00 0.000000000000000000e+00 0.000000000000000000e+00 0.000000000000000000e+00
1.950000000000000000e+02 7.800137915984461934e-02 0.000000000000000000e+00 1.000000000000000000e+00 0.000000000000000000e+00 0.000000000000000000e+00 0.000000000000000000e+00
1.980000000000000000e+02 7.920140037768819141e-02 0.000000000000000000e+00 1.000000000000000000e+00 0.000000000000000000e+00 0.000000000000000000e+00 0.000000000000000000e+00
2.010000000000000000e+02 8.040142159553198553e-02 0.000000000000000000e+00 1.000000000000000000e+00 0.000000000000000000e+00 0.000000000000000000e+00 0.000000000000000000e+00
2.040000000000000000e+02 8.160144281337577965e-02 0.000000000000000000e+00 1.000000000000000000e+00 0.000000000000000000e+00 0.000000000000000000e+00 0.000000000000000000e+00
2.070000000000000000e+02 8.280146403121957377e-02 1.137915339098771066e-04 9.998862084660901095e-01 0.000000000000000000e+00 0.000000000000000000e+00 0.000000000000000000e+00
2.100000000000000000e+02 8.400148524906336789e-02 1.137915339098771066e-04 9.998862084660901095e-01 0.000000000000000000e+00 0.000000000000000000e+00 0.000000000000000000e+00
2.130000000000000000e+02 8.520150646690716201e-02 0.000000000000000000e+00 1.000000000000000000e+00 0.000000000000000000e+00 0.000000000000000000e+00 0.000000000000000000e+00
2.160000000000000000e+02 8.640152768475095613e-02 0.000000000000000000e+00 1.000000000000000000e+00 0.000000000000000000e+00 0.000000000000000000e+00 0.000000000000000000e+00
2.190000000000000000e+02 8.760154890259452820e-02 0.000000000000000000e+00 1.000000000000000000e+00 0.000000000000000000e+00 0.000000000000000000e+00 0.000000000000000000e+00
2.220000000000000000e+02 8.880157012043832232e-02 2.275830678197542133e-04 9.997724169321802190e-01 0.000000000000000000e+00 0.000000000000000000e+00 0.000000000000000000e+00
2.250000000000000000e+02 9.000159133828211644e-02 0.000000000000000000e+00 1.000000000000000000e+00 0.000000000000000000e+00 0.000000000000000000e+00 0.000000000000000000e+00
2.280000000000000000e+02 9.120161255612591056e-02 4.551661356395084266e-04 9.995448338643604380e-01 0.000000000000000000e+00 0.000000000000000000e+00 0.000000000000000000e+00
2.310000000000000000e+02 9.240163377396970468e-02 5.689576695493854790e-04 9.994310423304506585e-01 0.000000000000000000e+00 0.000000000000000000e+00 0.000000000000000000e+00
2.340000000000000000e+02 9.360165499181349880e-02 4.551661356395084266e-04 9.995448338643604380e-01 0.000000000000000000e+00 0.000000000000000000e+00 0.000000000000000000e+00
2.370000000000000000e+02 9.480167620965729292e-02 4.551661356395084266e-04 9.995448338643604380e-01 0.000000000000000000e+00 0.000000000000000000e+00 0.000000000000000000e+00
2.400000000000000000e+02 9.600169742750086499e-02 3.413746017296313199e-04 9.996586253982703285e-01 0.000000000000000000e+00 0.000000000000000000e+00 0.000000000000000000e+00
2.430000000000000000e+02 9.720171864534465911e-02 0.000000000000000000e+00 1.000000000000000000e+00 0.000000000000000000e+00 0.000000000000000000e+00 0.000000000000000000e+00
2.460000000000000000e+02 9.840173986318845323e-02 0.000000000000000000e+00 1.000000000000000000e+00 0.000000000000000000e+00 0.000000000000000000e+00 0.000000000000000000e+00
2.490000000000000000e+02 9.960176108103224735e-02 4.551661356395084266e-04 9.995448338643604380e-01 0.000000000000000000e+00 0.000000000000000000e+00 0.000000000000000000e+00
2.520000000000000000e+02 1.008017822988760415e-01 9.103322712790168532e-04 9.990896677287209870e-01 0.000000000000000000e+00 0.000000000000000000e+00 0.000000000000000000e+00
2.550000000000000000e+02 1.020018035167198356e-01 1.251706873008648227e-03 9.987482931269913156e-01 0.000000000000000000e+00 0.000000000000000000e+00 0.000000000000000000e+00
2.580000000000000000e+02 1.032018247345636297e-01 6.827492034592626399e-04 9.992034592626308775e-01 0.000000000000000000e+00 1.137915339098771066e-04 0.000000000000000000e+00
2.610000000000000000e+02 1.044018459524072018e-01 1.024123805188893906e-03 9.989758761948110966e-01 0.000000000000000000e+00 0.000000000000000000e+00 0.000000000000000000e+00
2.640000000000000000e+02 1.056018671702509959e-01 9.103322712790168532e-04 9.990896677287209870e-01 0.000000000000000000e+00 0.000000000000000000e+00 0.000000000000000000e+00
2.670000000000000000e+02 1.068018883880947900e-01 1.934456076467910759e-03 9.980655439235320836e-01 0.000000000000000000e+00 0.000000000000000000e+00 0.000000000000000000e+00
2.700000000000000000e+02 1.080019096059385841e-01 1.593081474738279385e-03 9.984069185252617551e-01 0.000000000000000000e+00 0.000000000000000000e+00 0.000000000000000000e+00
2.730000000000000000e+02 1.092019308237823783e-01 1.251706873008648227e-03 9.986345015930814251e-01 0.000000000000000000e+00 1.137915339098771066e-04 0.000000000000000000e+00
2.760000000000000000e+02 1.104019520416261724e-01 1.593081474738279385e-03 9.984069185252617551e-01 0.000000000000000000e+00 0.000000000000000000e+00 0.000000000000000000e+00
2.790000000000000000e+02 1.116019732594699665e-01 1.593081474738279385e-03 9.981793354574419741e-01 0.000000000000000000e+00 2.275830678197542133e-04 0.000000000000000000e+00
2.820000000000000000e+02 1.128019944773135386e-01 2.389622212107419402e-03 9.973827947200728516e-01 0.000000000000000000e+00 2.275830678197542133e-04 0.000000000000000000e+00
2.850000000000000000e+02 1.140020156951573327e-01 2.844788347746927612e-03 9.971552116522530707e-01 0.000000000000000000e+00 0.000000000000000000e+00 0.000000000000000000e+00
2.880000000000000000e+02 1.152020369130011268e-01 2.958579881656804664e-03 9.970414201183431802e-01 0.000000000000000000e+00 0.000000000000000000e+00 0.000000000000000000e+00
2.910000000000000000e+02 1.164020581308449209e-01 1.706873008648156654e-03 9.982931269913518646e-01 0.000000000000000000e+00 0.000000000000000000e+00 0.000000000000000000e+00
2.940000000000000000e+02 1.176020793486887150e-01 2.844788347746927612e-03 9.970414201183431802e-01 0.000000000000000000e+00 1.137915339098771066e-04 0.000000000000000000e+00
2.970000000000000000e+02 1.188021005665325092e-01 3.641329085116067413e-03 9.963586709148839482e-01 0.000000000000000000e+00 0.000000000000000000e+00 0.000000000000000000e+00
3.000000000000000000e+02 1.200021217843763033e-01 5.006827492034592909e-03 9.947655894401457033e-01 0.000000000000000000e+00 2.275830678197542133e-04 0.000000000000000000e+00
3.030000000000000000e+02 1.212021430022198754e-01 6.258534365043240920e-03 9.935138825671370189e-01 0.000000000000000000e+00 2.275830678197542133e-04 0.000000000000000000e+00
3.060000000000000000e+02 1.224021642200636695e-01 6.372325898953117539e-03 9.935138825671370189e-01 0.000000000000000000e+00 1.137915339098771066e-04 0.000000000000000000e+00
3.090000000000000000e+02 1.236021854379074636e-01 6.486117432862995025e-03 9.934000910332271284e-01 0.000000000000000000e+00 1.137915339098771066e-04 0.000000000000000000e+00
3.120000000000000000e+02 1.248022066557512577e-01 1.024123805188893906e-02 9.896449704142011861e-01 0.000000000000000000e+00 1.137915339098771066e-04 0.000000000000000000e+00
3.150000000000000000e+02 1.260022278735950518e-01 1.126536185707783383e-02 9.885070550751023921e-01 0.000000000000000000e+00 2.275830678197542133e-04 0.000000000000000000e+00
3.180000000000000000e+02 1.272022490914388460e-01 1.479289940828402289e-02 9.847519344560764498e-01 0.000000000000000000e+00 4.551661356395084266e-04 0.000000000000000000e+00
3.210000000000000000e+02 1.284022703092826401e-01 1.684114701866181243e-02 9.827036868456986429e-01 0.000000000000000000e+00 4.551661356395084266e-04 0.000000000000000000e+00
3.240000000000000000e+02 1.296022915271262121e-01 2.105143377332726468e-02 9.784934000910332497e-01 0.000000000000000000e+00 4.551661356395084266e-04 0.000000000000000000e+00
3.270000000000000000e+02 1.308023127449700063e-01 2.253072371415566766e-02 9.767865270823851143e-01 0.000000000000000000e+00 6.827492034592626399e-04 0.000000000000000000e+00
3.300000000000000000e+02 1.320023339628138004e-01 2.469276285844333035e-02 9.740555302685480754e-01 0.000000000000000000e+00 1.251706873008648227e-03 0.000000000000000000e+00
3.330000000000000000e+02 1.332023551806575945e-01 2.412380518889394726e-02 9.745106964041875264e-01 0.000000000000000000e+00 1.365498406918525280e-03 0.000000000000000000e+00
3.360000000000000000e+02 1.344023763985013886e-01 2.583067819754210348e-02 9.731451979972689514e-01 0.000000000000000000e+00 1.024123805188893906e-03 0.000000000000000000e+00
3.390000000000000000e+02 1.356023976163451827e-01 3.254437869822485174e-02 9.660901228948566288e-01 0.000000000000000000e+00 1.365498406918525280e-03 0.000000000000000000e+00
3.420000000000000000e+02 1.368024188341889769e-01 3.857532999544834029e-02 9.602867546654528796e-01 0.000000000000000000e+00 1.137915339098770958e-03 0.000000000000000000e+00
3.450000000000000000e+02 1.380024400520325489e-01 4.062357760582612637e-02 9.573281747837960598e-01 0.000000000000000000e+00 2.048247610377787811e-03 0.000000000000000000e+00
3.480000000000000000e+02 1.392024612698763431e-01 4.312699135184342586e-02 9.544833864360491305e-01 0.000000000000000000e+00 2.389622212107419402e-03 0.000000000000000000e+00
3.510000000000000000e+02 1.404024824877201372e-01 5.211652253072371344e-02 9.446973145197997690e-01 0.000000000000000000e+00 3.186162949476558769e-03 0.000000000000000000e+00
3.540000000000000000e+02 1.416025037055639313e-01 6.304050978607191047e-02 9.328629949931724896e-01 0.000000000000000000e+00 4.096495220755575623e-03 0.000000000000000000e+00
3.570000000000000000e+02 1.428025249234077254e-01 7.578516158397814728e-02 9.193218024578971859e-01 0.000000000000000000e+00 4.893035958124715423e-03 0.000000000000000000e+00
3.600000000000000000e+02 1.440025461412515195e-01 8.727810650887574129e-02 9.066909421939007840e-01 0.000000000000000000e+00 6.030951297223486815e-03 0.000000000000000000e+00
3.630000000000000000e+02 1.452025673590950916e-01 1.002503413746017313e-01 8.916704597177970149e-01 0.000000000000000000e+00 8.079198907601274626e-03 0.000000000000000000e+00
3.660000000000000000e+02 1.464025885769388857e-01 1.213017751479289891e-01 8.687983614019116896e-01 0.000000000000000000e+00 9.899863450159307465e-03 0.000000000000000000e+00
3.690000000000000000e+02 1.476026097947826798e-01 1.438324988620846567e-01 8.437642239417387779e-01 0.000000000000000000e+00 1.240327719617660522e-02 0.000000000000000000e+00
3.720000000000000000e+02 1.488026310126264740e-01 1.702321347291761433e-01 8.142922166590805810e-01 0.000000000000000000e+00 1.547564861174328607e-02 0.000000000000000000e+00
3.750000000000000000e+02 1.500026522304702681e-01 1.968593536640873831e-01 7.831133363677742487e-01 0.000000000000000000e+00 2.002730996813837164e-02 0.000000000000000000e+00
3.780000000000000000e+02 1.512026734483140622e-01 2.303140646335912478e-01 7.439690487027764698e-01 0.000000000000000000e+00 2.571688666363222686e-02 0.000000000000000000e+00
3.810000000000000000e+02 1.524026946661578563e-01 2.754893035958124736e-01 6.909421939007738267e-01 0.000000000000000000e+00 3.356850250341374825e-02 0.000000000000000000e+00
3.840000000000000000e+02 1.536027158840014284e-01 3.174783796085571264e-01 6.383705052344105235e-01 0.000000000000000000e+00 4.415111515703231543e-02 0.000000000000000000e+00
3.870000000000000000e+02 1.548027371018452225e-01 3.604915794264906825e-01 5.847746927628584279e-01 0.000000000000000000e+00 5.473372781065088954e-02 0.000000000000000000e+00
3.900000000000000000e+02 1.560027583196890166e-01 4.070323167956304000e-01 5.271961766044606090e-01 0.000000000000000000e+00 6.577150659990896320e-02 0.000000000000000000e+00
3.930000000000000000e+02 1.572027795375328107e-01 4.535730541647701175e-01 4.652935821574875064e-01 0.000000000000000000e+00 8.113336367774237612e-02 0.000000000000000000e+00
3.960000000000000000e+02 1.584028007553766049e-01 4.931725079654073474e-01 4.124943104233045332e-01 1.137915339098771066e-04 9.421939007737824279e-02 0.000000000000000000e+00
3.990000000000000000e+02 1.596028219732203990e-01 5.392580791989075584e-01 3.494538006372325811e-01 1.137915339098771066e-04 1.111743286299499284e-01 0.000000000000000000e+00
4.020000000000000000e+02 1.608028431910641931e-01 5.845471096950386469e-01 2.881201638598088199e-01 0.000000000000000000e+00 1.273327264451524776e-01 0.000000000000000000e+00
4.050000000000000000e+02 1.620028644089077652e-01 6.214155666818388379e-01 2.313381884387801513e-01 1.137915339098771066e-04 1.471324533454710926e-01 0.000000000000000000e+00
4.080000000000000000e+02 1.632028856267515593e-01 6.623805188893946427e-01 1.772872098315885214e-01 3.413746017296313199e-04 1.599908966772872199e-01 0.000000000000000000e+00
4.110000000000000000e+02 1.644029068445953534e-01 6.853664087391898585e-01 1.423532089212562468e-01 6.827492034592626399e-04 1.715976331360946627e-01 0.000000000000000000e+00
4.140000000000000000e+02 1.656029280624391475e-01 7.038006372325898985e-01 1.117432862994993115e-01 1.137915339098770958e-03 1.833181611288120239e-01 0.000000000000000000e+00
4.170000000000000000e+02 1.668029492802829417e-01 7.147246244879380539e-01 8.648156577150660496e-02 1.137915339098770958e-03 1.976558944014565333e-01 0.000000000000000000e+00
4.200000000000000000e+02 1.680029704981267358e-01 7.320209376422394110e-01 6.213017751479289752e-02 1.593081474738279385e-03 2.042558033682294050e-01 0.000000000000000000e+00
4.230000000000000000e+02 1.692029917159705299e-01 7.344105598543468894e-01 5.097860719162494031e-02 2.958579881656804664e-03 2.116522530723714268e-01 0.000000000000000000e+00
4.260000000000000000e+02 1.704030129338141020e-01 7.375967228038233792e-01 4.050978607191624975e-02 3.868912152935821518e-03 2.180245789713245452e-01 0.000000000000000000e+00
4.290000000000000000e+02 1.716030341516578961e-01 7.379380974055530507e-01 3.322712790168411146e-02 5.461993627674101119e-03 2.233727810650887602e-01 0.000000000000000000e+00
4.320000000000000000e+02 1.728030553695016902e-01 7.368001820664542567e-01 2.901684114701866268e-02 5.803368229403732710e-03 2.283796085571233592e-01 0.000000000000000000e+00
4.350000000000000000e+02 1.740030765873454843e-01 7.341829767865271084e-01 2.583067819754210348e-02 6.599908966772872511e-03 2.333864360491579304e-01 0.000000000000000000e+00
4.380000000000000000e+02 1.752030978051892784e-01 7.387346381429221731e-01 2.162039144287665124e-02 6.372325898953117539e-03 2.332726445152480677e-01 0.000000000000000000e+00
4.410000000000000000e+02 1.764031190230330726e-01 7.410104688211197610e-01 1.900318616294947513e-02 7.055075102412380721e-03 2.329312699135184239e-01 0.000000000000000000e+00
4.440000000000000000e+02 1.776031402408768667e-01 7.390760127446518446e-01 1.832043695949021542e-02 7.055075102412380721e-03 2.355484751934456000e-01 0.000000000000000000e+00
4.470000000000000000e+02 1.788031614587204388e-01 7.381656804733728316e-01 1.627218934911242587e-02 6.486117432862995025e-03 2.390760127446517891e-01 0.000000000000000000e+00
4.500000000000000000e+02 1.800031826765642329e-01 7.352071005917160118e-01 1.479289940828402289e-02 6.713700500682749130e-03 2.432862994993172379e-01 0.000000000000000000e+00
4.530000000000000000e+02 1.812032038944080270e-01 7.325898953117887524e-01 1.604460628129267263e-02 7.055075102412380721e-03 2.443104233045061413e-01 0.000000000000000000e+00
4.560000000000000000e+02 1.824032251122518211e-01 7.279244424214837972e-01 1.547564861174328607e-02 8.761948111060537808e-03 2.478379608557123304e-01 0.000000000000000000e+00
4.590000000000000000e+02 1.836032463300956152e-01 7.193900773782430091e-01 1.581702321347291593e-02 1.035502958579881741e-02 2.544378698224852298e-01 0.000000000000000000e+00
4.620000000000000000e+02 1.848032675479394094e-01 7.203004096495220221e-01 1.615839781520254925e-02 1.251706873008648184e-02 2.510241238051889034e-01 0.000000000000000000e+00
4.650000000000000000e+02 1.860032887657832035e-01 7.205279927173418031e-01 1.672735548475193582e-02 1.445152480655439303e-02 2.482931269913518368e-01 0.000000000000000000e+00
4.680000000000000000e+02 1.872033099836267755e-01 7.188211197086936677e-01 1.684114701866181243e-02 1.706873008648156567e-02 2.472690031861629611e-01 0.000000000000000000e+00
4.710000000000000000e+02 1.884033312014705697e-01 7.187073281747837772e-01 1.775147928994082885e-02 1.877560309512972189e-02 2.447655894401456478e-01 0.000000000000000000e+00
4.740000000000000000e+02 1.896033524193143638e-01 7.204142011834319126e-01 1.820664542558033533e-02 1.923076923076923184e-02 2.421483841602184717e-01 0.000000000000000000e+00
4.770000000000000000e+02 1.908033736371581579e-01 7.288347746927628101e-01 1.911697769685935522e-02 2.116522530723714129e-02 2.308830223031406448e-01 0.000000000000000000e+00
4.800000000000000000e+02 1.920033948550019520e-01 7.333864360491579859e-01 1.945835229858898507e-02 2.264451524806554428e-02 2.245106964041875264e-01 0.000000000000000000e+00
4.830000000000000000e+02 1.932034160728457461e-01 7.379380974055530507e-01 1.979972690031861493e-02 2.594446973145198010e-02 2.163177059626763821e-01 0.000000000000000000e+00
4.860000000000000000e+02 1.944034372906895403e-01 7.430587164314974569e-01 2.127901684114701791e-02 2.981338188438780248e-02 2.058488848429676776e-01 0.000000000000000000e+00
4.890000000000000000e+02 1.956034585085331123e-01 7.414656349567592120e-01 2.207555757851615771e-02 3.561675011379153433e-02 2.008420573509330787e-01 0.000000000000000000e+00
4.920000000000000000e+02 1.968034797263769065e-01 7.462448793809740577e-01 1.979972690031861493e-02 3.629949931725079404e-02 1.976558944014565333e-01 0.000000000000000000e+00
4.950000000000000000e+02 1.980035009442207006e-01 7.515930814747382449e-01 1.968593536640873831e-02 3.789258079198907364e-02 1.908284023668639084e-01 0.000000000000000000e+00
4.980000000000000000e+02 1.992035221620644947e-01 7.571688666363222131e-01 2.002730996813837164e-02 3.937187073281747662e-02 1.834319526627218866e-01 0.000000000000000000e+00
5.010000000000000000e+02 2.004035433799082888e-01 7.612653618570778269e-01 2.071005917159763482e-02 4.278561675011378906e-02 1.752389622212107423e-01 0.000000000000000000e+00
5.040000000000000000e+02 2.016035645977520829e-01 7.687756030951297115e-01 2.139280837505689453e-02 4.301319981793354230e-02 1.668183887118798447e-01 0.000000000000000000e+00
5.070000000000000000e+02 2.028035858155958771e-01 7.713928083750568598e-01 2.218934911242603433e-02 4.574419663177059503e-02 1.606736458807464796e-01 0.000000000000000000e+00
5.100000000000000000e+02 2.040036070334394491e-01 7.754893035958124736e-01 2.366863905325443732e-02 4.688211197086936816e-02 1.539599453800637174e-01 0.000000000000000000e+00
5.130000000000000000e+02 2.052036282512832432e-01 7.820892125625853453e-01 2.355484751934456070e-02 4.654073736913973830e-02 1.478152025489303523e-01 0.000000000000000000e+00
5.160000000000000000e+02 2.064036494691270374e-01 7.892580791989075584e-01 2.309968138370505075e-02 4.506144742831133532e-02 1.425807919890760000e-01 0.000000000000000000e+00
5.190000000000000000e+02 2.076036706869708315e-01 7.925580336822940497e-01 2.298588984979517413e-02 4.813381884387801790e-02 1.363222576240327721e-01 0.000000000000000000e+00
5.220000000000000000e+02 2.088036919048146256e-01 7.952890304961310886e-01 2.583067819754210348e-02 4.858898497951752438e-02 1.302913063268092975e-01 0.000000000000000000e+00
5.250000000000000000e+02 2.100037131226584197e-01 7.981338188438780179e-01 2.594446973145198010e-02 4.984069185252617412e-02 1.260810195721438209e-01 0.000000000000000000e+00
5.280000000000000000e+02 2.112037343405022138e-01 8.025716886663631922e-01 2.776513427401001294e-02 5.245789713245334329e-02 1.172052799271734169e-01 0.000000000000000000e+00
5.310000000000000000e+02 2.124037555583457859e-01 8.026854802002730827e-01 2.822030040964952288e-02 5.405097860719162289e-02 1.150432407828857473e-01 0.000000000000000000e+00
5.340000000000000000e+02 2.136037767761895800e-01 8.058716431497496835e-01 2.935821574874829254e-02 5.461993627674101293e-02 1.101502048247610388e-01 0.000000000000000000e+00
5.370000000000000000e+02 2.148037979940333742e-01 8.097405553026855163e-01 2.958579881656804578e-02 5.746472462448793533e-02 1.032089212562585373e-01 0.000000000000000000e+00
5.400000000000000000e+02 2.160038192118771683e-01 8.147473827947200320e-01 3.060992262175694228e-02 5.587164314974965573e-02 9.877105143377332142e-02 0.000000000000000000e+00
5.430000000000000000e+02 2.172038404297209624e-01 8.208921256258534527e-01 3.163404642694583185e-02 5.461993627674101293e-02 9.285389167045972336e-02 0.000000000000000000e+00
5.460000000000000000e+02 2.184038616475647565e-01 8.241920801092398330e-01 3.197542102867546865e-02 5.587164314974965573e-02 8.796085571233500100e-02 0.000000000000000000e+00
5.490000000000000000e+02 2.196038828654085506e-01 8.265817023213473114e-01 3.254437869822485174e-02 5.803368229403732537e-02 8.284023668639053928e-02 0.000000000000000000e+00
5.520000000000000000e+02 2.208039040832521227e-01 8.232817478379608200e-01 3.425125170687300796e-02 6.076467910787437116e-02 8.170232134729175921e-02 0.000000000000000000e+00
5.550000000000000000e+02 2.220039253010959168e-01 8.248748293126991760e-01 3.447883477469276120e-02 6.144742831133363781e-02 7.919890760127445972e-02 0.000000000000000000e+00
5.580000000000000000e+02 2.232039465189397109e-01 8.301092398725534727e-01 3.334091943559399501e-02 5.985434683659535821e-02 7.669549385525717411e-02 0.000000000000000000e+00
5.610000000000000000e+02 2.244039677367835051e-01 8.344333181611288675e-01 3.390987710514337811e-02 5.848884842967683184e-02 7.316795630405098505e-02 0.000000000000000000e+00
5.640000000000000000e+02 2.256039889546272992e-01 8.367091488393263443e-01 3.379608557123350149e-02 5.848884842967683184e-02 7.100591715976331542e-02 0.000000000000000000e+00
5.670000000000000000e+02 2.268040101724710933e-01 8.370505234410560158e-01 3.368229403732362487e-02 6.133363677742376119e-02 6.793354574419663283e-02 0.000000000000000000e+00
5.700000000000000000e+02 2.280040313903148874e-01 8.385298133818843702e-01 3.482020937642239106e-02 6.258534365043240399e-02 6.406463359126081392e-02 0.000000000000000000e+00
5.730000000000000000e+02 2.292040526081584595e-01 8.410332271279017391e-01 3.527537551206190447e-02 6.190259444697314428e-02 6.178880291306326766e-02 0.000000000000000000e+00
5.760000000000000000e+02 2.304040738260022536e-01 8.398953117888029452e-01 3.629949931725079404e-02 6.235776058261265076e-02 6.144742831133363781e-02 0.000000000000000000e+00
5.790000000000000000e+02 2.316040950438460477e-01 8.378470641784251383e-01 3.641329085116067066e-02 6.315430131998178709e-02 6.258534365043240399e-02 0.000000000000000000e+00
5.820000000000000000e+02 2.328041162616898418e-01 8.385298133818843702e-01 3.618570778334091742e-02 6.406463359126081392e-02 6.121984524351388457e-02 0.000000000000000000e+00
5.850000000000000000e+02 2.340041374795336360e-01 8.376194811106053573e-01 3.720983158852981393e-02 6.520254893035958010e-02 5.996813837050523482e-02 0.000000000000000000e+00
5.880000000000000000e+02 2.352041586973774301e-01 8.384160218479744797e-01 3.686845698680018407e-02 6.508875739644970349e-02 5.962676376877560497e-02 0.000000000000000000e+00
5.910000000000000000e+02 2.364041799152210022e-01 8.345471096950386469e-01 3.823395539371871044e-02 6.611288120163859305e-02 6.110605370960400795e-02 0.000000000000000000e+00
5.940000000000000000e+02 2.376042011330647963e-01 8.338643604915794150e-01 4.233045061447428259e-02 6.565771506599908658e-02 5.814747382794720199e-02 0.000000000000000000e+00
5.970000000000000000e+02 2.388042223509085904e-01 8.355712335002275504e-01 4.358215748748293233e-02 6.486117432862995025e-02 5.598543468365953235e-02 0.000000000000000000e+00
6.000000000000000000e+02 2.400042435687523845e-01 8.355712335002275504e-01 4.494765589440145870e-02 6.827492034592626269e-02 5.120619025944470049e-02 0.000000000000000000e+00
6.030000000000000000e+02 2.412042647865961786e-01 8.350022758306782089e-01 4.415111515703231543e-02 7.043695949021393232e-02 5.040964952207555722e-02 0.000000000000000000e+00
6.060000000000000000e+02 2.424042860044399728e-01 8.323850705507510606e-01 4.335457441966317910e-02 7.294037323623121793e-02 5.131998179335457710e-02 0.000000000000000000e+00
6.090000000000000000e+02 2.436043072222837669e-01 8.354574419663176599e-01 4.517523896222121194e-02 7.316795630405098505e-02 4.619936276741010150e-02 0.000000000000000000e+00
6.120000000000000000e+02 2.448043284401273390e-01 8.352298588984979899e-01 4.619936276741010150e-02 7.214383249886208160e-02 4.642694583522986168e-02 0.000000000000000000e+00
6.150000000000000000e+02 2.460043496579711331e-01 8.364815657715065633e-01 4.710969503868912139e-02 7.316795630405098505e-02 4.324078288575330248e-02 0.000000000000000000e+00
6.180000000000000000e+02 2.472043708758149272e-01 8.345471096950386469e-01 4.733727810650887463e-02 7.498862084660901095e-02 4.312699135184342586e-02 0.000000000000000000e+00
6.210000000000000000e+02 2.484043920936587213e-01 8.372781065088756858e-01 4.676832043695949154e-02 7.419208010923987462e-02 4.176149294492489950e-02 0.000000000000000000e+00
6.240000000000000000e+02 2.496044133115025154e-01 8.373918980427855763e-01 4.733727810650887463e-02 7.498862084660901095e-02 4.028220300409649651e-02 0.000000000000000000e+00
6.270000000000000000e+02 2.508044345293463095e-01 8.371643149749659063e-01 4.824761037778789452e-02 7.646791078743742087e-02 3.812016385980882688e-02 0.000000000000000000e+00
6.300000000000000000e+02 2.520044557471901037e-01 8.373918980427855763e-01 4.870277651342740100e-02 7.715065999089668058e-02 3.675466545289030745e-02 0.000000000000000000e+00
6.330000000000000000e+02 2.532044769650336757e-01 8.354574419663176599e-01 5.052344105598543383e-02 7.999544833864360993e-02 3.402366863905325473e-02 0.000000000000000000e+00
6.360000000000000000e+02 2.544044981828774699e-01 8.389849795175239322e-01 4.995448338643605074e-02 7.897132453345470648e-02 3.208921256258534527e-02 0.000000000000000000e+00
6.390000000000000000e+02 2.556045194007212640e-01 8.392125625853436022e-01 5.040964952207555722e-02 7.942649066909421296e-02 3.095129722348657214e-02 0.000000000000000000e+00
6.420000000000000000e+02 2.568045406185650581e-01 8.394401456531633832e-01 5.166135639508420696e-02 7.931269913518433634e-02 2.958579881656804578e-02 0.000000000000000000e+00
6.450000000000000000e+02 2.580045618364088522e-01 8.380746472462449193e-01 5.166135639508420696e-02 8.022303140646336317e-02 3.004096495220755572e-02 0.000000000000000000e+00
6.480000000000000000e+02 2.592045830542526463e-01 8.361401911697770029e-01 5.314064633591260994e-02 8.215748748293126569e-02 2.856167501137915274e-02 0.000000000000000000e+00
6.510000000000000000e+02 2.604046042720964405e-01 8.337505689576695245e-01 5.416477014110149951e-02 8.477469276285844180e-02 2.730996813837050646e-02 0.000000000000000000e+00
6.540000000000000000e+02 2.616046254899400125e-01 8.326126536185707305e-01 5.518889394629039602e-02 8.352298588984979899e-02 2.867546654528902936e-02 0.000000000000000000e+00
6.570000000000000000e+02 2.628046467077838066e-01 8.348884842967683184e-01 5.473372781065088954e-02 8.204369594902138907e-02 2.833409194355939950e-02 0.000000000000000000e+00
6.600000000000000000e+02 2.640046679256276008e-01 8.339781520254893055e-01 5.530268548020027264e-02 8.329540282203004575e-02 2.742375967228038308e-02 0.000000000000000000e+00
6.630000000000000000e+02 2.652046891434713949e-01 8.356850250341374409e-01 5.507510241238051940e-02 8.295402822030041590e-02 2.628584433318160996e-02 0.000000000000000000e+00
6.660000000000000000e+02 2.664047103613151890e-01 8.398953117888029452e-01 5.496131087847064278e-02 8.124715521165225274e-02 2.389622212107419055e-02 0.000000000000000000e+00
6.690000000000000000e+02 2.676047315791589831e-01 8.397815202548930547e-01 5.461993627674101293e-02 8.306781975421029252e-02 2.253072371415566766e-02 0.000000000000000000e+00
6.720000000000000000e+02 2.688047527970027772e-01 8.423987255348202030e-01 5.427856167501137613e-02 8.215748748293126569e-02 2.116522530723714129e-02 0.000000000000000000e+00
6.750000000000000000e+02 2.700047740148463493e-01 8.371643149749659063e-01 5.496131087847064278e-02 8.705052344105598805e-02 2.082385070550751144e-02 0.000000000000000000e+00
6.780000000000000000e+02 2.712047952326901434e-01 8.352298588984979899e-01 5.632680928538916915e-02 8.522985889849794827e-02 2.321347291761493084e-02 0.000000000000000000e+00
6.810000000000000000e+02 2.724048164505339376e-01 8.373918980427855763e-01 5.609922621756941591e-02 8.648156577150660496e-02 2.002730996813837164e-02 0.000000000000000000e+00
