# itime ezz other fcc hcp bcc ico
0.000000000000000000e+00 0.000000000000000000e+00 2.048247610377787811e-03 9.979517523896221931e-01 0.000000000000000000e+00 0.000000000000000000e+00 0.000000000000000000e+00
2.500000000000000000e+02 9.999663453186258266e-04 9.103322712790168532e-04 9.990896677287209870e-01 0.000000000000000000e+00 0.000000000000000000e+00 0.000000000000000000e+00
5.000000000000000000e+02 1.999932690637251653e-03 7.965407373691396923e-04 9.992034592626308775e-01 0.000000000000000000e+00 0.000000000000000000e+00 0.000000000000000000e+00
7.500000000000000000e+02 2.999899035955877480e-03 1.137915339098770958e-03 9.988620846609012061e-01 0.000000000000000000e+00 0.000000000000000000e+00 0.000000000000000000e+00
1.000000000000000000e+03 3.999865381274503306e-03 6.827492034592626399e-04 9.993172507965407680e-01 0.000000000000000000e+00 0.000000000000000000e+00 0.000000000000000000e+00
1.250000000000000000e+03 4.999831726593129133e-03 6.827492034592626399e-04 9.993172507965407680e-01 0.000000000000000000e+00 0.000000000000000000e+00 0.000000000000000000e+00
1.500000000000000000e+03 5.999798071911754960e-03 3.413746017296313199e-04 9.996586253982703285e-01 0.000000000000000000e+00 0.000000000000000000e+00 0.000000000000000000e+00
1.750000000000000000e+03 6.999764417230380786e-03 5.689576695493854790e-04 9.994310423304506585e-01 0.000000000000000000e+00 0.000000000000000000e+00 0.000000000000000000e+00
2.000000000000000000e+03 7.999730762549006613e-03 1.593081474738279385e-03 9.982931269913518646e-01 0.000000000000000000e+00 1.137915339098771066e-04 0.000000000000000000e+00
2.250000000000000000e+03 8.999697107867632440e-03 5.689576695493854790e-04 9.994310423304506585e-01 0.000000000000000000e+00 0.000000000000000000e+00 0.000000000000000000e+00
2.500000000000000000e+03 9.999663453186258266e-03 1.024123805188893906e-03 9.989758761948110966e-01 0.000000000000000000e+00 0.000000000000000000e+00 0.000000000000000000e+00
2.750000000000000000e+03 1.099962979850510614e-02 1.251706873008648227e-03 9.987482931269913156e-01 0.000000000000000000e+00 0.000000000000000000e+00 0.000000000000000000e+00
3.000000000000000000e+03 1.199959614382373196e-02 3.413746017296313199e-04 9.995448338643604380e-01 0.000000000000000000e+00 1.137915339098771066e-04 0.000000000000000000e+00
3.250000000000000000e+03 1.299956248914235779e-02 1.365498406918525280e-03 9.986345015930814251e-01 0.000000000000000000e+00 0.000000000000000000e+00 0.000000000000000000e+00
3.500000000000000000e+03 1.399952883446098362e-02 2.958579881656804664e-03 9.969276285844332897e-01 0.000000000000000000e+00 1.137915339098771066e-04 0.000000000000000000e+00
3.750000000000000000e+03 1.499949517977960944e-02 1.024123805188893906e-03 9.989758761948110966e-01 0.000000000000000000e+00 0.000000000000000000e+00 0.000000000000000000e+00
4.000000000000000000e+03 1.599946152509823527e-02 1.593081474738279385e-03 9.984069185252617551e-01 0.000000000000000000e+00 0.000000000000000000e+00 0.000000000000000000e+00
4.250000000000000000e+03 1.699942787041686110e-02 1.820664542558033706e-03 9.981793354574419741e-01 0.000000000000000000e+00 0.000000000000000000e+00 0.000000000000000000e+00
4.500000000000000000e+03 1.799939421573548692e-02 1.137915339098770958e-03 9.988620846609012061e-01 0.000000000000000000e+00 0.000000000000000000e+00 0.000000000000000000e+00
4.750000000000000000e+03 1.899936056105411275e-02 2.503413746017296455e-03 9.973827947200728516e-01 0.000000000000000000e+00 1.137915339098771066e-04 0.000000000000000000e+00
5.000000000000000000e+03 1.999932690637273858e-02 1.251706873008648227e-03 9.986345015930814251e-01 0.000000000000000000e+00 1.137915339098771066e-04 0.000000000000000000e+00
5.250000000000000000e+03 2.099929325169136440e-02 1.934456076467910759e-03 9.980655439235320836e-01 0.000000000000000000e+00 0.000000000000000000e+00 0.000000000000000000e+00
5.500000000000000000e+03 2.199925959700999023e-02 2.275830678197541916e-03 9.976103777878926326e-01 0.000000000000000000e+00 1.137915339098771066e-04 0.000000000000000000e+00
5.750000000000000000e+03 2.299922594232861606e-02 2.730996813837050560e-03 9.971552116522530707e-01 0.000000000000000000e+00 1.137915339098771066e-04 0.000000000000000000e+00
6.000000000000000000e+03 2.399919228764724188e-02 2.844788347746927612e-03 9.968138370505233992e-01 0.000000000000000000e+00 3.413746017296313199e-04 0.000000000000000000e+00
6.250000000000000000e+03 2.499915863296586771e-02 2.503413746017296455e-03 9.974965862539827421e-01 0.000000000000000000e+00 0.000000000000000000e+00 0.000000000000000000e+00
6.500000000000000000e+03 2.599912497828449354e-02 2.503413746017296455e-03 9.974965862539827421e-01 0.000000000000000000e+00 0.000000000000000000e+00 0.000000000000000000e+00
6.750000000000000000e+03 2.699909132360311936e-02 2.958579881656804664e-03 9.968138370505233992e-01 0.000000000000000000e+00 2.275830678197542133e-04 0.000000000000000000e+00
7.000000000000000000e+03 2.799905766892174519e-02 4.893035958124715423e-03 9.951069640418752638e-01 0.000000000000000000e+00 0.000000000000000000e+00 0.000000000000000000e+00
7.250000000000000000e+03 2.899902401424037102e-02 6.486117432862995025e-03 9.935138825671370189e-01 0.000000000000000000e+00 0.000000000000000000e+00 0.000000000000000000e+00
7.500000000000000000e+03 2.999899035955899684e-02 3.527537551206190360e-03 9.964724624487938387e-01 0.000000000000000000e+00 0.000000000000000000e+00 0.000000000000000000e+00
7.750000000000000000e+03 3.099895670487784471e-02 5.006827492034592909e-03 9.946517979062358128e-01 0.000000000000000000e+00 3.413746017296313199e-04 0.000000000000000000e+00
8.000000000000000000e+03 3.199892305019647054e-02 3.527537551206190360e-03 9.963586709148839482e-01 0.000000000000000000e+00 1.137915339098771066e-04 0.000000000000000000e+00
8.250000000000000000e+03 3.299888939551509637e-02 5.120619025944469528e-03 9.947655894401457033e-01 0.000000000000000000e+00 1.137915339098771066e-04 0.000000000000000000e+00
8.500000000000000000e+03 3.399885574083372219e-02 7.510241238051888930e-03 9.922621756941283344e-01 0.000000000000000000e+00 2.275830678197542133e-04 0.000000000000000000e+00
8.750000000000000000e+03 3.499882208615234802e-02 6.941283568502503235e-03 9.924897587619481154e-01 0.000000000000000000e+00 5.689576695493854790e-04 0.000000000000000000e+00
9.000000000000000000e+03 3.599878843147097385e-02 7.055075102412380721e-03 9.924897587619481154e-01 0.000000000000000000e+00 4.551661356395084266e-04 0.000000000000000000e+00
9.250000000000000000e+03 3.699875477678959967e-02 6.144742831133363434e-03 9.935138825671370189e-01 0.000000000000000000e+00 3.413746017296313199e-04 0.000000000000000000e+00
9.500000000000000000e+03 3.799872112210822550e-02 8.306781975421027864e-03 9.914656349567592120e-01 0.000000000000000000e+00 2.275830678197542133e-04 0.000000000000000000e+00
9.750000000000000000e+03 3.899868746742685133e-02 7.624032771961766417e-03 9.922621756941283344e-01 0.000000000000000000e+00 1.137915339098771066e-04 0.000000000000000000e+00
1.000000000000000000e+04 3.999865381274547715e-02 8.875739644970414427e-03 9.908966772872098705e-01 0.000000000000000000e+00 2.275830678197542133e-04 0.000000000000000000e+00
1.025000000000000000e+04 4.099862015806410298e-02 1.103777878925807886e-02 9.887346381429221731e-01 0.000000000000000000e+00 2.275830678197542133e-04 0.000000000000000000e+00
1.050000000000000000e+04 4.199858650338272881e-02 7.396449704142011444e-03 9.924897587619481154e-01 0.000000000000000000e+00 1.137915339098771066e-04 0.000000000000000000e+00
1.075000000000000000e+04 4.299855284870135463e-02 7.851615839781519654e-03 9.919208010923987739e-01 0.000000000000000000e+00 2.275830678197542133e-04 0.000000000000000000e+00
1.100000000000000000e+04 4.399851919401998046e-02 1.251706873008648184e-02 9.869139736003641472e-01 0.000000000000000000e+00 5.689576695493854790e-04 0.000000000000000000e+00
1.125000000000000000e+04 4.499848553933860629e-02 1.240327719617660522e-02 9.874829312699134887e-01 0.000000000000000000e+00 1.137915339098771066e-04 0.000000000000000000e+00
1.150000000000000000e+04 4.599845188465723211e-02 1.251706873008648184e-02 9.871415566681839282e-01 0.000000000000000000e+00 3.413746017296313199e-04 0.000000000000000000e+00
1.175000000000000000e+04 4.699841822997585794e-02 1.228948566226672687e-02 9.868001820664542567e-01 0.000000000000000000e+00 9.103322712790168532e-04 0.000000000000000000e+00
1.200000000000000000e+04 4.799838457529448377e-02 1.502048247610377786e-02 9.845243513882566688e-01 0.000000000000000000e+00 4.551661356395084266e-04 0.000000000000000000e+00
1.225000000000000000e+04 4.899835092061310959e-02 1.661356395084205573e-02 9.828174783796085334e-01 0.000000000000000000e+00 5.689576695493854790e-04 0.000000000000000000e+00
1.250000000000000000e+04 4.999831726593173542e-02 1.923076923076923184e-02 9.799726900318616041e-01 0.000000000000000000e+00 7.965407373691396923e-04 0.000000000000000000e+00
1.275000000000000000e+04 5.099828361125036125e-02 1.718252162039144229e-02 9.822485207100591920e-01 0.000000000000000000e+00 5.689576695493854790e-04 0.000000000000000000e+00
1.300000000000000000e+04 5.199824995656920912e-02 2.071005917159763482e-02 9.782658170232134687e-01 0.000000000000000000e+00 1.024123805188893906e-03 0.000000000000000000e+00
1.325000000000000000e+04 5.299821630188783494e-02 1.706873008648156567e-02 9.816795630405097395e-01 0.000000000000000000e+00 1.251706873008648227e-03 0.000000000000000000e+00
1.350000000000000000e+04 5.399818264720646077e-02 2.082385070550751144e-02 9.776968593536641272e-01 0.000000000000000000e+00 1.479289940828402332e-03 0.000000000000000000e+00
1.375000000000000000e+04 5.499814899252508660e-02 2.526172052799271692e-02 9.741693218024578549e-01 0.000000000000000000e+00 5.689576695493854790e-04 0.000000000000000000e+00
1.400000000000000000e+04 5.599811533784371242e-02 2.389622212107419055e-02 9.754210286754665393e-01 0.000000000000000000e+00 6.827492034592626399e-04 0.000000000000000000e+00
1.425000000000000000e+04 5.699808168316233825e-02 2.401001365498407064e-02 9.749658625398270884e-01 0.000000000000000000e+00 1.024123805188893906e-03 0.000000000000000000e+00
1.450000000000000000e+04 5.799804802848096408e-02 2.560309512972235024e-02 9.731451979972689514e-01 0.000000000000000000e+00 1.251706873008648227e-03 0.000000000000000000e+00
1.475000000000000000e+04 5.899801437379958990e-02 3.060992262175694228e-02 9.672280382339554228e-01 0.000000000000000000e+00 2.162039144287664864e-03 0.000000000000000000e+00
1.500000000000000000e+04 5.999798071911821573e-02 2.890304961310878606e-02 9.681383705052344357e-01 0.000000000000000000e+00 2.958579881656804664e-03 0.000000000000000000e+00
1.525000000000000000e+04 6.099794706443684156e-02 3.254437869822485174e-02 9.652935821574875064e-01 0.000000000000000000e+00 2.162039144287664864e-03 0.000000000000000000e+00
1.550000000000000000e+04 6.199791340975546738e-02 4.062357760582612637e-02 9.576695493855257313e-01 0.000000000000000000e+00 1.706873008648156654e-03 0.000000000000000000e+00
1.575000000000000000e+04 6.299787975507409321e-02 3.299954483386435822e-02 9.632453345471096995e-01 0.000000000000000000e+00 3.755120619025944465e-03 0.000000000000000000e+00
1.600000000000000000e+04 6.399784610039271904e-02 3.903049613108784677e-02 9.580109239872554028e-01 0.000000000000000000e+00 2.958579881656804664e-03 0.000000000000000000e+00
1.625000000000000000e+04 6.499781244571134486e-02 3.698224852071006069e-02 9.600591715976330986e-01 0.000000000000000000e+00 2.958579881656804664e-03 0.000000000000000000e+00
1.650000000000000000e+04 6.599777879102997069e-02 5.029585798816568060e-02 9.469731451979972459e-01 0.000000000000000000e+00 2.730996813837050560e-03 0.000000000000000000e+00
1.675000000000000000e+04 6.699774513634859652e-02 4.665452890304961492e-02 9.498179335457441752e-01 0.000000000000000000e+00 3.527537551206190360e-03 0.000000000000000000e+00
1.700000000000000000e+04 6.799771148166722234e-02 4.233045061447428259e-02 9.547109695038689114e-01 0.000000000000000000e+00 2.958579881656804664e-03 0.000000000000000000e+00
1.725000000000000000e+04 6.899767782698584817e-02 5.735093309057805872e-02 9.386663632225762388e-01 0.000000000000000000e+00 3.982703686845699004e-03 0.000000000000000000e+00
1.750000000000000000e+04 6.999764417230447400e-02 5.837505689576695522e-02 9.383249886208465673e-01 0.000000000000000000e+00 3.299954483386436255e-03 0.000000000000000000e+00
1.775000000000000000e+04 7.099761051762309982e-02 5.644060081929904577e-02 9.385525716886663483e-01 0.000000000000000000e+00 5.006827492034592909e-03 0.000000000000000000e+00
1.800000000000000000e+04 7.199757686294172565e-02 6.884387801547564578e-02 9.266044606281292895e-01 0.000000000000000000e+00 4.551661356395083832e-03 0.000000000000000000e+00
1.825000000000000000e+04 7.299754320826057352e-02 7.180245789713245175e-02 9.242148384160218111e-01 0.000000000000000000e+00 3.982703686845699004e-03 0.000000000000000000e+00
1.850000000000000000e+04 7.399750955357919935e-02 6.372325898953118406e-02 9.300182066454255603e-01 0.000000000000000000e+00 6.258534365043240920e-03 0.000000000000000000e+00
1.875000000000000000e+04 7.499747589889782518e-02 7.612653618570777714e-02 9.167045971779699265e-01 0.000000000000000000e+00 7.168866636322257339e-03 0.000000000000000000e+00
1.900000000000000000e+04 7.599744224421645100e-02 7.737824305871643382e-02 9.162494310423304755e-01 0.000000000000000000e+00 6.372325898953117539e-03 0.000000000000000000e+00
1.925000000000000000e+04 7.699740858953507683e-02 8.511606736458807165e-02 9.054392353208920996e-01 0.000000000000000000e+00 9.444697314519799256e-03 0.000000000000000000e+00
1.950000000000000000e+04 7.799737493485370265e-02 1.030951297223486607e-01 8.847291761492944717e-01 0.000000000000000000e+00 1.217569412835685025e-02 0.000000000000000000e+00
1.975000000000000000e+04 7.899734128017232848e-02 9.365043240782885969e-02 8.991807009558488994e-01 0.000000000000000000e+00 7.168866636322257339e-03 0.000000000000000000e+00
2.000000000000000000e+04 7.999730762549095431e-02 1.137915339098771045e-01 8.766499772416932457e-01 0.000000000000000000e+00 9.558488848429677609e-03 0.000000000000000000e+00
2.025000000000000000e+04 8.099727397080958013e-02 1.199362767410104696e-01 8.665225307237141017e-01 0.000000000000000000e+00 1.354119253527537488e-02 0.000000000000000000e+00
2.050000000000000000e+04 8.199724031612820596e-02 1.248293126991351781e-01 8.559399180700956178e-01 0.000000000000000000e+00 1.923076923076923184e-02 0.000000000000000000e+00
2.075000000000000000e+04 8.299720666144683179e-02 1.688666363222576239e-01 8.002958579881657153e-01 1.137915339098771066e-04 3.072371415566681890e-02 0.000000000000000000e+00
2.100000000000000000e+04 8.399717300676545761e-02 1.671597633136094607e-01 7.956304050978607600e-01 1.137915339098771066e-04 3.709604005461993731e-02 0.000000000000000000e+00
2.125000000000000000e+04 8.499713935208408344e-02 1.684114701866181174e-01 7.989303595812471404e-01 3.413746017296313199e-04 3.231679563040509851e-02 0.000000000000000000e+00
2.150000000000000000e+04 8.599710569740270927e-02 2.173418297678652578e-01 7.187073281747837772e-01 2.048247610377787811e-03 6.190259444697314428e-02 0.000000000000000000e+00
2.175000000000000000e+04 8.699707204272133509e-02 2.177969959035047920e-01 6.985662266727356018e-01 5.120619025944469528e-03 7.851615839781520001e-02 0.000000000000000000e+00
2.200000000000000000e+04 8.799703838803996092e-02 2.682066454255803145e-01 6.309740555302685294e-01 7.851615839781519654e-03 9.296768320436959998e-02 0.000000000000000000e+00
2.225000000000000000e+04 8.899700473335858675e-02 2.620619025944469493e-01 6.239189804278562068e-01 7.851615839781519654e-03 1.061675011379153433e-01 0.000000000000000000e+00
2.250000000000000000e+04 8.999697107867721257e-02 2.754893035958124736e-01 5.857988165680473314e-01 1.115157032316795548e-02 1.275603095129722309e-01 0.000000000000000000e+00
2.275000000000000000e+04 9.099693742399583840e-02 2.898270368684570109e-01 5.584888484296768318e-01 1.524806554392353283e-02 1.364360491579426626e-01 0.000000000000000000e+00
2.300000000000000000e+04 9.199690376931446423e-02 3.195266272189349332e-01 4.795175238962220976e-01 2.105143377332726468e-02 1.799044151115156975e-01 0.000000000000000000e+00
2.325000000000000000e+04 9.299687011463331210e-02 3.078060992262175444e-01 4.352526172052799125e-01 5.359581247155211642e-02 2.033454710969503920e-01 0.000000000000000000e+00
2.350000000000000000e+04 9.399683645995193793e-02 2.946062812926718011e-01 3.804050978607191880e-01 9.547109695038688559e-02 2.295175238962221254e-01 0.000000000000000000e+00
2.375000000000000000e+04 9.499680280527056375e-02 2.849340009103322746e-01 3.931497496586254248e-01 1.530496131087847045e-01 1.688666363222576239e-01 0.000000000000000000e+00
2.400000000000000000e+04 9.599676915058918958e-02 2.269003186162949492e-01 4.114701866181156298e-01 2.558033682294037492e-01 1.058261265361857134e-01 0.000000000000000000e+00
2.425000000000000000e+04 9.699673549590781541e-02 2.123350022758306865e-01 4.036185707783340737e-01 2.969959035047792240e-01 8.705052344105598805e-02 0.000000000000000000e+00
2.450000000000000000e+04 9.799670184122644123e-02 1.899180700955848955e-01 4.057806099226217711e-01 3.145197997269003065e-01 8.978152025489304078e-02 0.000000000000000000e+00
2.475000000000000000e+04 9.899666818654506706e-02 2.009558488848429691e-01 3.909877105143377274e-01 3.297678652708238567e-01 7.828857532999544677e-02 0.000000000000000000e+00
2.500000000000000000e+04 9.999663453186369289e-02 2.042558033682294050e-01 3.833636777423759523e-01 3.240782885753299980e-01 8.830223031406463086e-02 0.000000000000000000e+00
2.525000000000000000e+04 1.009966008771823187e-01 2.011834319526627224e-01 3.866636322257623881e-01 3.301092398725534727e-01 8.204369594902138907e-02 0.000000000000000000e+00
2.550000000000000000e+04 1.019965672225009445e-01 2.066454255803368278e-01 3.888256713700500855e-01 3.310195721438324856e-01 7.350933090578061491e-02 0.000000000000000000e+00
2.575000000000000000e+04 1.029965335678195704e-01 2.106281292671825234e-01 3.767637687756030807e-01 3.252162039144287919e-01 8.739189804278561791e-02 0.000000000000000000e+00
2.600000000000000000e+04 1.039964999131381962e-01 2.031178880291306388e-01 4.022530723714155543e-01 3.296540737369139662e-01 6.497496586253982687e-02 0.000000000000000000e+00
2.625000000000000000e+04 1.049964662584568220e-01 1.982248520710059303e-01 4.350250341374601870e-01 3.153163404642694845e-01 5.143377332726445372e-02 0.000000000000000000e+00
2.650000000000000000e+04 1.059964326037754478e-01 1.850250341374601593e-01 4.683659535730541612e-01 3.125853436504323901e-01 3.402366863905325473e-02 0.000000000000000000e+00
2.675000000000000000e+04 1.069963989490940737e-01 1.582840236686390567e-01 4.957897132453345512e-01 3.252162039144287919e-01 2.071005917159763482e-02 0.000000000000000000e+00
2.700000000000000000e+04 1.079963652944126995e-01 1.233500227583067821e-01 5.460855712335002110e-01 3.167956304050978389e-01 1.376877560309512985e-02 0.000000000000000000e+00
2.725000000000000000e+04 1.089963316397313253e-01 1.093536640873919025e-01 5.550751024123805610e-01 3.269230769230769273e-01 8.648156577150659455e-03 0.000000000000000000e+00
2.750000000000000000e+04 1.099962979850499512e-01 1.046882111970869333e-01 5.566681838871188059e-01 3.295402822030040757e-01 9.103322712790167665e-03 0.000000000000000000e+00
2.775000000000000000e+04 1.109962643303685770e-01 9.842967683204369156e-02 5.721438324988621371e-01 3.212335002275830687e-01 8.192990441511151245e-03 0.000000000000000000e+00
2.800000000000000000e+04 1.119962306756872028e-01 9.592626308602640595e-02 5.723714155666818071e-01 3.204369594902139462e-01 1.126536185707783383e-02 0.000000000000000000e+00
2.825000000000000000e+04 1.129961970210058286e-01 1.021847974510696339e-01 5.731679563040509295e-01 3.175921711424670169e-01 7.055075102412380721e-03 0.000000000000000000e+00
2.850000000000000000e+04 1.139961633663246765e-01 9.239872553482020301e-02 5.868229403732362348e-01 3.121301775147928836e-01 8.648156577150659455e-03 0.000000000000000000e+00
2.875000000000000000e+04 1.149961297116433023e-01 9.285389167045972336e-02 5.897815202548930547e-01 3.080336822940373254e-01 9.330905780609922637e-03 0.000000000000000000e+00
2.900000000000000000e+04 1.159960960569619282e-01 9.729176149294492537e-02 5.880746472462449193e-01 3.054164770141101770e-01 9.217114246700046018e-03 0.000000000000000000e+00
2.925000000000000000e+04 1.169960624022805540e-01 1.013882567137004975e-01 5.892125625853436022e-01 3.023441055985434667e-01 7.055075102412380721e-03 0.000000000000000000e+00
2.950000000000000000e+04 1.179960287475991798e-01 9.706417842512517213e-02 5.892125625853436022e-01 3.059854346836595185e-01 7.737824305871643035e-03 0.000000000000000000e+00
2.975000000000000000e+04 1.189959950929178056e-01 9.433318161128811941e-02 5.917159763313609711e-01 3.024578971324533572e-01 1.149294492489758707e-02 0.000000000000000000e+00
3.000000000000000000e+04 1.199959614382364315e-01 9.569868001820663883e-02 5.861401911697770029e-01 3.096267637687756258e-01 8.534365043240782836e-03 0.000000000000000000e+00
3.025000000000000000e+04 1.209959277835550573e-01 1.010468821119708677e-01 5.880746472462449193e-01 3.015475648611743442e-01 9.330905780609922637e-03 0.000000000000000000e+00
3.050000000000000000e+04 1.219958941288736831e-01 1.028675466545289074e-01 5.857988165680473314e-01 3.038233955393718766e-01 7.510241238051888930e-03 0.000000000000000000e+00
3.075000000000000000e+04 1.229958604741923089e-01 9.535730541647700897e-02 5.860263996358671124e-01 3.078060992262175444e-01 1.081019572143832562e-02 0.000000000000000000e+00
3.100000000000000000e+04 1.239958268195109348e-01 9.751934456076467861e-02 5.854574419663176599e-01 3.076923076923077094e-01 9.330905780609922637e-03 0.000000000000000000e+00
3.125000000000000000e+04 1.249957931648295606e-01 1.009330905780609910e-01 5.842057350933090865e-01 3.062130177514792995e-01 8.648156577150659455e-03 0.000000000000000000e+00
3.150000000000000000e+04 1.259957595101481864e-01 1.075329995448338627e-01 5.805644060081930347e-01 3.035958124715520956e-01 8.306781975421027864e-03 0.000000000000000000e+00
3.175000000000000000e+04 1.269957258554668122e-01 9.604005461993628257e-02 5.887573964497041512e-01 3.049613108784706150e-01 1.024123805188893906e-02 0.000000000000000000e+00
3.200000000000000000e+04 1.279956922007854381e-01 9.877105143377332142e-02 5.843195266272189770e-01 3.062130177514792995e-01 1.069640418752844727e-02 0.000000000000000000e+00
3.225000000000000000e+04 1.289956585461040639e-01 1.032089212562585373e-01 5.847746927628584279e-01 3.013199817933545632e-01 1.069640418752844727e-02 0.000000000000000000e+00
3.250000000000000000e+04 1.299956248914226897e-01 1.059399180700955900e-01 5.813609467455621571e-01 3.032544378698224796e-01 9.444697314519799256e-03 0.000000000000000000e+00
3.275000000000000000e+04 1.309955912367413156e-01 1.077605826126536159e-01 5.766954938552572019e-01 3.053026854802002865e-01 1.024123805188893906e-02 0.000000000000000000e+00
3.300000000000000000e+04 1.319955575820599414e-01 1.094674556213017791e-01 5.753299954483386269e-01 3.027992717341829731e-01 1.240327719617660522e-02 0.000000000000000000e+00
3.325000000000000000e+04 1.329955239273785672e-01 1.132225762403277214e-01 5.728265817023213691e-01 3.037096040054619861e-01 1.024123805188893906e-02 0.000000000000000000e+00
3.350000000000000000e+04 1.339954902726974151e-01 1.139053254437869811e-01 5.715748748293126846e-01 3.037096040054619861e-01 1.081019572143832562e-02 0.000000000000000000e+00
3.375000000000000000e+04 1.349954566180160409e-01 1.101502048247610388e-01 5.724852071005916976e-01 3.059854346836595185e-01 1.137915339098771045e-02 0.000000000000000000e+00
3.400000000000000000e+04 1.359954229633346667e-01 1.145880746472462408e-01 5.698680018206645492e-01 3.046199362767409990e-01 1.092398725534820224e-02 0.000000000000000000e+00
3.425000000000000000e+04 1.369953893086532926e-01 1.137915339098771045e-01 5.697542102867546587e-01 3.060992262175694090e-01 1.035502958579881741e-02 0.000000000000000000e+00
3.450000000000000000e+04 1.379953556539719184e-01 1.147018661811561174e-01 5.683887118798361948e-01 3.074647246244879284e-01 9.444697314519799256e-03 0.000000000000000000e+00
3.475000000000000000e+04 1.389953219992905442e-01 1.226672735548475224e-01 5.662266727355484974e-01 3.004096495220755503e-01 1.069640418752844727e-02 0.000000000000000000e+00
3.500000000000000000e+04 1.399952883446091700e-01 1.248293126991351781e-01 5.662266727355484974e-01 2.967683204369594985e-01 1.217569412835685025e-02 0.000000000000000000e+00
3.525000000000000000e+04 1.409952546899277959e-01 1.225534820209376458e-01 5.683887118798361948e-01 3.013199817933545632e-01 7.737824305871643035e-03 0.000000000000000000e+00
3.550000000000000000e+04 1.419952210352464217e-01 1.207328174783796060e-01 5.657715065999089354e-01 3.030268548020027541e-01 1.046882111970869403e-02 0.000000000000000000e+00
3.575000000000000000e+04 1.429951873805650475e-01 1.334774692762858428e-01 5.616750113791534327e-01 2.928994082840236657e-01 1.194811106053709528e-02 0.000000000000000000e+00
3.600000000000000000e+04 1.439951537258836733e-01 1.347291761492944995e-01 5.565543923532089154e-01 2.972234865725990050e-01 1.149294492489758707e-02 0.000000000000000000e+00
3.625000000000000000e+04 1.449951200712022992e-01 1.283568502503413811e-01 5.663404642694583879e-01 2.955166135639508695e-01 9.786071916249430847e-03 0.000000000000000000e+00
3.650000000000000000e+04 1.459950864165209250e-01 1.393946290395994547e-01 5.509786071916249472e-01 2.961993627674101015e-01 1.342740100136549826e-02 0.000000000000000000e+00
3.675000000000000000e+04 1.469950527618395508e-01 1.378015475648611821e-01 5.613336367774237612e-01 2.915339098771051463e-01 9.330905780609922637e-03 0.000000000000000000e+00
3.700000000000000000e+04 1.479950191071581767e-01 1.357532999544833752e-01 5.566681838871188059e-01 2.956304050978607045e-01 1.194811106053709528e-02 0.000000000000000000e+00
3.725000000000000000e+04 1.489949854524768025e-01 1.360946745562130189e-01 5.571233500227582569e-01 2.958579881656804855e-01 1.092398725534820224e-02 0.000000000000000000e+00
3.750000000000000000e+04 1.499949517977954283e-01 1.449704142011834229e-01 5.530268548020027541e-01 2.900546199362767363e-01 1.194811106053709528e-02 0.000000000000000000e+00
3.775000000000000000e+04 1.509949181431140541e-01 1.479289940828402428e-01 5.487027765134273594e-01 2.926718252162039402e-01 1.069640418752844727e-02 0.000000000000000000e+00
3.800000000000000000e+04 1.519948844884326800e-01 1.441738734638143005e-01 5.439235320892125136e-01 2.971096950386891145e-01 1.479289940828402289e-02 0.000000000000000000e+00
3.825000000000000000e+04 1.529948508337513058e-01 1.548702776513427304e-01 5.418752844788348177e-01 2.938097405553026786e-01 9.444697314519799256e-03 0.000000000000000000e+00
3.850000000000000000e+04 1.539948171790699316e-01 1.448566226672735602e-01 5.458579881656804300e-01 2.983614019116977434e-01 1.092398725534820224e-02 0.000000000000000000e+00
3.875000000000000000e+04 1.549947835243887795e-01 1.521392808375056915e-01 5.422166590805643782e-01 2.958579881656804855e-01 9.786071916249430847e-03 0.000000000000000000e+00
3.900000000000000000e+04 1.559947498697074053e-01 1.570323167956304000e-01 5.419890760127445972e-01 2.885753299954483264e-01 1.240327719617660522e-02 0.000000000000000000e+00
3.925000000000000000e+04 1.569947162150260311e-01 1.487255348202093652e-01 5.509786071916249472e-01 2.885753299954483264e-01 1.172052799271734204e-02 0.000000000000000000e+00
3.950000000000000000e+04 1.579946825603446570e-01 1.610150204824760956e-01 5.375512061902594230e-01 2.902822030040965173e-01 1.115157032316795548e-02 0.000000000000000000e+00
3.975000000000000000e+04 1.589946489056632828e-01 1.621529358215748617e-01 5.259444697314519246e-01 3.015475648611743442e-01 1.035502958579881741e-02 0.000000000000000000e+00
4.000000000000000000e+04 1.599946152509819086e-01 1.661356395084205850e-01 5.215065999089667503e-01 2.998406918525261533e-01 1.251706873008648184e-02 0.000000000000000000e+00
4.025000000000000000e+04 1.609945815963005344e-01 1.715976331360946627e-01 5.279927173418297315e-01 2.885753299954483264e-01 1.183431952662721866e-02 0.000000000000000000e+00
4.050000000000000000e+04 1.619945479416191603e-01 1.690942193900773771e-01 5.224169321802457633e-01 2.979062357760582369e-01 1.058261265361857065e-02 0.000000000000000000e+00
4.075000000000000000e+04 1.629945142869377861e-01 1.696631770596267741e-01 5.243513882567136797e-01 2.944924897587619661e-01 1.149294492489758707e-02 0.000000000000000000e+00
4.100000000000000000e+04 1.639944806322564119e-01 1.669321802457897075e-01 5.228720983158853253e-01 2.965407373691397175e-01 1.365498406918525323e-02 0.000000000000000000e+00
4.125000000000000000e+04 1.649944469775750377e-01 1.725079654073737034e-01 5.220755575785162028e-01 2.933545744196631722e-01 1.206190259444697363e-02 0.000000000000000000e+00
4.150000000000000000e+04 1.659944133228936636e-01 1.623805188893946427e-01 5.180928538916704795e-01 3.079198907601274349e-01 1.160673645880746542e-02 0.000000000000000000e+00
4.175000000000000000e+04 1.669943796682122894e-01 1.756941283568502488e-01 5.081929904415111166e-01 3.037096040054619861e-01 1.240327719617660522e-02 0.000000000000000000e+00
4.200000000000000000e+04 1.679943460135309152e-01 1.829767865270823801e-01 5.023896222121073674e-01 3.018889394629039602e-01 1.274465179790623508e-02 0.000000000000000000e+00
4.225000000000000000e+04 1.689943123588495411e-01 1.735320892125625791e-01 5.060309512972235302e-01 3.070095584888484219e-01 1.342740100136549826e-02 0.000000000000000000e+00
4.250000000000000000e+04 1.699942787041681669e-01 1.713700500682749095e-01 5.175238962221210270e-01 2.973372781065088954e-01 1.376877560309512985e-02 0.000000000000000000e+00
4.275000000000000000e+04 1.709942450494867927e-01 1.868456986800182129e-01 5.193445607646790529e-01 2.800409649522075384e-01 1.376877560309512985e-02 0.000000000000000000e+00
4.300000000000000000e+04 1.719942113948054185e-01 1.708010923987255403e-01 5.345926263086026031e-01 2.804961310878470448e-01 1.411015020482476144e-02 0.000000000000000000e+00
4.325000000000000000e+04 1.729941777401240444e-01 1.933318161128811941e-01 5.197997269003186149e-01 2.719617660446062568e-01 1.490669094219390124e-02 0.000000000000000000e+00
4.350000000000000000e+04 1.739941440854426702e-01 1.890077378243058825e-01 5.229858898497952158e-01 2.725307237141556538e-01 1.547564861174328607e-02 0.000000000000000000e+00
4.375000000000000000e+04 1.749941104307612960e-01 1.910559854346836617e-01 5.196859353664087244e-01 2.736686390532544477e-01 1.558944014565316269e-02 0.000000000000000000e+00
4.400000000000000000e+04 1.759940767760801439e-01 1.928766499772416876e-01 5.182066454255803700e-01 2.748065543923531862e-01 1.411015020482476144e-02 0.000000000000000000e+00
4.425000000000000000e+04 1.769940431213987697e-01 1.994765589440145592e-01 5.112653618570778269e-01 2.716203914428766408e-01 1.763768775603095224e-02 0.000000000000000000e+00
4.450000000000000000e+04 1.779940094667173955e-01 2.051661356395084179e-01 4.979517523896221931e-01 2.783340919435594030e-01 1.854802002730996865e-02 0.000000000000000000e+00
4.475000000000000000e+04 1.789939758120360214e-01 2.016385980883022289e-01 4.930587164314975124e-01 2.840236686390532617e-01 2.127901684114701791e-02 0.000000000000000000e+00
4.500000000000000000e+04 1.799939421573546472e-01 2.035730541647701453e-01 4.864588074647246407e-01 2.868684569868001910e-01 2.309968138370505075e-02 0.000000000000000000e+00
4.525000000000000000e+04 1.809939085026732730e-01 2.056213017751479244e-01 4.742831133363678009e-01 2.977924442421484019e-01 2.230314064633591095e-02 0.000000000000000000e+00
4.550000000000000000e+04 1.819938748479918988e-01 2.135867091488393155e-01 4.776968593536640717e-01 2.888029130632681074e-01 1.991351843422849502e-02 0.000000000000000000e+00
4.575000000000000000e+04 1.829938411933105247e-01 2.050523441055985552e-01 4.823623122439690269e-01 2.919890760127446527e-01 2.059626763768775473e-02 0.000000000000000000e+00
4.600000000000000000e+04 1.839938075386291505e-01 2.097177969959035104e-01 4.703004096495220776e-01 2.980200273099681274e-01 2.196176604460628110e-02 0.000000000000000000e+00
4.625000000000000000e+04 1.849937738839477763e-01 2.117660446062812896e-01 4.697314519799726806e-01 2.977924442421484019e-01 2.071005917159763482e-02 0.000000000000000000e+00
4.650000000000000000e+04 1.859937402292664022e-01 2.258761948111060458e-01 4.558488848429677054e-01 2.940373236231224596e-01 2.423759672280382388e-02 0.000000000000000000e+00
4.675000000000000000e+04 1.869937065745850280e-01 2.297451069640418786e-01 4.476558944014565333e-01 2.976786527082385114e-01 2.492034592626308706e-02 0.000000000000000000e+00
4.700000000000000000e+04 1.879936729199036538e-01 2.391898042785616796e-01 4.429904415111515781e-01 2.925580336822940497e-01 2.526172052799271692e-02 0.000000000000000000e+00
4.725000000000000000e+04 1.889936392652222796e-01 2.429449248975876219e-01 4.392353208921256358e-01 2.921028675466545432e-01 2.571688666363222686e-02 0.000000000000000000e+00
4.750000000000000000e+04 1.899936056105409055e-01 2.345243513882567243e-01 4.409421939007737712e-01 2.926718252162039402e-01 3.186162949476559203e-02 0.000000000000000000e+00
4.775000000000000000e+04 1.909935719558595313e-01 2.507965407373691225e-01 4.321802457897132577e-01 2.910787437414656398e-01 2.594446973145198010e-02 0.000000000000000000e+00
4.800000000000000000e+04 1.919935383011781571e-01 2.619481110605371144e-01 4.220527992717341692e-01 2.818616294947655643e-01 3.413746017296313134e-02 0.000000000000000000e+00
4.825000000000000000e+04 1.929935046464967829e-01 2.605826126536185949e-01 4.181838871187983364e-01 2.849340009103322746e-01 3.629949931725079404e-02 0.000000000000000000e+00
4.850000000000000000e+04 1.939934709918154088e-01 2.674101046882111921e-01 4.170459717796995980e-01 2.770823850705507740e-01 3.846153846153846367e-02 0.000000000000000000e+00
4.875000000000000000e+04 1.949934373371340346e-01 2.784478834774692935e-01 3.992944924897587344e-01 2.774237596722803900e-01 4.483386436049158208e-02 0.000000000000000000e+00
4.900000000000000000e+04 1.959934036824528825e-01 2.762858443331815961e-01 3.845015930814747462e-01 2.814064633591260578e-01 5.780609922621757213e-02 0.000000000000000000e+00
4.925000000000000000e+04 1.969933700277715083e-01 2.961993627674101015e-01 3.678880291306326766e-01 2.756030951297223641e-01 6.030951297223486468e-02 0.000000000000000000e+00
4.950000000000000000e+04 1.979933363730901341e-01 2.959717796995903760e-01 3.538916704597178109e-01 2.818616294947655643e-01 6.827492034592626269e-02 0.000000000000000000e+00
4.975000000000000000e+04 1.989933027184087599e-01 3.179335457441966328e-01 3.287437414656349532e-01 2.773099681383704995e-01 7.601274465179790052e-02 0.000000000000000000e+00
5.000000000000000000e+04 1.999932690637273858e-01 3.268092853891670369e-01 3.180473372781065233e-01 2.634274010013655243e-01 9.171597633136094330e-02 0.000000000000000000e+00
5.025000000000000000e+04 2.009932354090460116e-01 3.106508875739644737e-01 3.319299044151114986e-01 2.812926718252162228e-01 7.612653618570777714e-02 0.000000000000000000e+00
5.050000000000000000e+04 2.019932017543646374e-01 2.971096950386891145e-01 3.213472917614929592e-01 2.923304506144742687e-01 8.921256258534364381e-02 0.000000000000000000e+00
5.075000000000000000e+04 2.029931680996832633e-01 3.190714610832954268e-01 2.934683659535730627e-01 2.910787437414656398e-01 9.638142922166591242e-02 0.000000000000000000e+00
5.100000000000000000e+04 2.039931344450018891e-01 3.208921256258534527e-01 2.847064178425124936e-01 2.822030040964952358e-01 1.121984524351388318e-01 0.000000000000000000e+00
5.125000000000000000e+04 2.049931007903205149e-01 3.468365953573054328e-01 2.613791533909877174e-01 2.762858443331815961e-01 1.154984069185252676e-01 0.000000000000000000e+00
5.150000000000000000e+04 2.059930671356391407e-01 3.320436959490213891e-01 2.536413290851160518e-01 2.867546654528903005e-01 1.275603095129722309e-01 0.000000000000000000e+00
5.175000000000000000e+04 2.069930334809577666e-01 3.347746927628584279e-01 2.460172963131543045e-01 2.886891215293582169e-01 1.304050978607191602e-01 1.137915339098771066e-04
5.200000000000000000e+04 2.079929998262763924e-01 3.311333636777423761e-01 2.418070095584888557e-01 2.989303595812471404e-01 1.281292671825216278e-01 0.000000000000000000e+00
5.225000000000000000e+04 2.089929661715950182e-01 3.257851615839781334e-01 2.333864360491579304e-01 3.009786071916249472e-01 1.398497951752389612e-01 0.000000000000000000e+00
5.250000000000000000e+04 2.099929325169136440e-01 3.146335912608101970e-01 2.338416021847974646e-01 3.271506599908966528e-01 1.243741465634956717e-01 0.000000000000000000e+00
5.275000000000000000e+04 2.109928988622322699e-01 3.018889394629039602e-01 2.375967228038234069e-01 3.421711424670004775e-01 1.183431952662721831e-01 0.000000000000000000e+00
5.300000000000000000e+04 2.119928652075508957e-01 3.137232589895311841e-01 2.365725989986345035e-01 3.429676832043696000e-01 1.067364588074647264e-01 0.000000000000000000e+00
5.325000000000000000e+04 2.129928315528695215e-01 3.030268548020027541e-01 2.297451069640418786e-01 3.511606736458807720e-01 1.160673645880746507e-01 0.000000000000000000e+00
5.350000000000000000e+04 2.139927978981881473e-01 3.053026854802002865e-01 2.307692307692307820e-01 3.508192990441511006e-01 1.131087847064178448e-01 0.000000000000000000e+00
5.375000000000000000e+04 2.149927642435067732e-01 3.034820209376422606e-01 2.280382339553937154e-01 3.431952662721893255e-01 1.252844788347746985e-01 0.000000000000000000e+00
5.400000000000000000e+04 2.159927305888253990e-01 3.031406463359125891e-01 2.183659535730541612e-01 3.468365953573054328e-01 1.316568047337278169e-01 0.000000000000000000e+00
5.425000000000000000e+04 2.169926969341442469e-01 3.035958124715520956e-01 2.166590805644059980e-01 3.450159308147474069e-01 1.346153846153846090e-01 1.137915339098771066e-04
5.450000000000000000e+04 2.179926632794628727e-01 3.050751024123805055e-01 2.270141101502048120e-01 3.519572143832498945e-01 1.158397815202548975e-01 1.137915339098771066e-04
5.475000000000000000e+04 2.189926296247814985e-01 3.040509786071916021e-01 2.144970414201183562e-01 3.632225762403277214e-01 1.181156121984524299e-01 1.137915339098771066e-04
5.500000000000000000e+04 2.199925959701001243e-01 2.878925807919890945e-01 2.174556213017751483e-01 3.765361857077833552e-01 1.181156121984524299e-01 0.000000000000000000e+00
5.525000000000000000e+04 2.209925623154187502e-01 2.881201638598088199e-01 2.124487938097405493e-01 3.783568502503413811e-01 1.209604005461993592e-01 1.137915339098771066e-04
5.550000000000000000e+04 2.219925286607373760e-01 2.847064178425124936e-01 2.083522985889849910e-01 3.814292216659080359e-01 1.255120619025944517e-01 0.000000000000000000e+00
5.575000000000000000e+04 2.229924950060560018e-01 2.867546654528903005e-01 2.014110150204824756e-01 3.890532544378698110e-01 1.227810650887573990e-01 0.000000000000000000e+00
5.600000000000000000e+04 2.239924613513746277e-01 2.789030496131087999e-01 2.022075557578516258e-01 3.947428311333636697e-01 1.241465634956759184e-01 0.000000000000000000e+00
5.625000000000000000e+04 2.249924276966932535e-01 2.776513427401001155e-01 2.028903049613108855e-01 4.062357760582612776e-01 1.132225762403277214e-01 0.000000000000000000e+00
5.650000000000000000e+04 2.259923940420118793e-01 2.594446973145198010e-01 2.008420573509330787e-01 4.076012744651797970e-01 1.321119708693673234e-01 0.000000000000000000e+00
5.675000000000000000e+04 2.269923603873305051e-01 2.645653163404642627e-01 1.884387801547564856e-01 4.286527082385070408e-01 1.183431952662721831e-01 0.000000000000000000e+00
