# itime ezz other fcc hcp bcc ico
0.000000000000000000e+00 0.000000000000000000e+00 1.024123805188893906e-03 9.989758761948110966e-01 0.000000000000000000e+00 0.000000000000000000e+00 0.000000000000000000e+00
2.500000000000000000e+02 1.000037913411855328e-03 7.965407373691396923e-04 9.992034592626308775e-01 0.000000000000000000e+00 0.000000000000000000e+00 0.000000000000000000e+00
5.000000000000000000e+02 2.000075826823488612e-03 1.137915339098770958e-03 9.988620846609012061e-01 0.000000000000000000e+00 0.000000000000000000e+00 0.000000000000000000e+00
7.500000000000000000e+02 3.000113740235343940e-03 1.024123805188893906e-03 9.989758761948110966e-01 0.000000000000000000e+00 0.000000000000000000e+00 0.000000000000000000e+00
1.000000000000000000e+03 4.000151653647199268e-03 1.137915339098771066e-04 9.998862084660901095e-01 0.000000000000000000e+00 0.000000000000000000e+00 0.000000000000000000e+00
1.250000000000000000e+03 5.000189567058832552e-03 1.137915339098770958e-03 9.988620846609012061e-01 0.000000000000000000e+00 0.000000000000000000e+00 0.000000000000000000e+00
1.500000000000000000e+03 6.000227480470687880e-03 1.593081474738279385e-03 9.984069185252617551e-01 0.000000000000000000e+00 0.000000000000000000e+00 0.000000000000000000e+00
1.750000000000000000e+03 7.000265393882543208e-03 5.689576695493854790e-04 9.994310423304506585e-01 0.000000000000000000e+00 0.000000000000000000e+00 0.000000000000000000e+00
2.000000000000000000e+03 8.000303307294176491e-03 1.365498406918525280e-03 9.986345015930814251e-01 0.000000000000000000e+00 0.000000000000000000e+00 0.000000000000000000e+00
2.250000000000000000e+03 9.000341220706031820e-03 2.503413746017296455e-03 9.974965862539827421e-01 0.000000000000000000e+00 0.000000000000000000e+00 0.000000000000000000e+00
2.500000000000000000e+03 1.000037913411788715e-02 4.551661356395084266e-04 9.995448338643604380e-01 0.000000000000000000e+00 0.000000000000000000e+00 0.000000000000000000e+00
2.750000000000000000e+03 1.100041704752952043e-02 0.000000000000000000e+00 1.000000000000000000e+00 0.000000000000000000e+00 0.000000000000000000e+00 0.000000000000000000e+00
3.000000000000000000e+03 1.200045496094137576e-02 1.479289940828402332e-03 9.985207100591716456e-01 0.000000000000000000e+00 0.000000000000000000e+00 0.000000000000000000e+00
3.250000000000000000e+03 1.300049287435323109e-02 1.706873008648156654e-03 9.982931269913518646e-01 0.000000000000000000e+00 0.000000000000000000e+00 0.000000000000000000e+00
3.500000000000000000e+03 1.400053078776486437e-02 1.251706873008648227e-03 9.987482931269913156e-01 0.000000000000000000e+00 0.000000000000000000e+00 0.000000000000000000e+00
3.750000000000000000e+03 1.500056870117671970e-02 1.251706873008648227e-03 9.987482931269913156e-01 0.000000000000000000e+00 0.000000000000000000e+00 0.000000000000000000e+00
4.000000000000000000e+03 1.600060661458857503e-02 2.730996813837050560e-03 9.970414201183431802e-01 0.000000000000000000e+00 2.275830678197542133e-04 0.000000000000000000e+00
4.250000000000000000e+03 1.700064452800020831e-02 7.965407373691396923e-04 9.992034592626308775e-01 0.000000000000000000e+00 0.000000000000000000e+00 0.000000000000000000e+00
4.500000000000000000e+03 1.800068244141206364e-02 3.868912152935821518e-03 9.961310878470641672e-01 0.000000000000000000e+00 0.000000000000000000e+00 0.000000000000000000e+00
4.750000000000000000e+03 1.900072035482369692e-02 1.479289940828402332e-03 9.984069185252617551e-01 0.000000000000000000e+00 1.137915339098771066e-04 0.000000000000000000e+00
5.000000000000000000e+03 2.000075826823555225e-02 2.844788347746927612e-03 9.971552116522530707e-01 0.000000000000000000e+00 0.000000000000000000e+00 0.000000000000000000e+00
5.250000000000000000e+03 2.100079618164740758e-02 1.593081474738279385e-03 9.982931269913518646e-01 0.000000000000000000e+00 1.137915339098771066e-04 0.000000000000000000e+00
5.500000000000000000e+03 2.200083409505904086e-02 1.479289940828402332e-03 9.985207100591716456e-01 0.000000000000000000e+00 0.000000000000000000e+00 0.000000000000000000e+00
5.750000000000000000e+03 2.300087200847089619e-02 1.024123805188893906e-03 9.989758761948110966e-01 0.000000000000000000e+00 0.000000000000000000e+00 0.000000000000000000e+00
6.000000000000000000e+03 2.400090992188275152e-02 3.299954483386436255e-03 9.967000455166135087e-01 0.000000000000000000e+00 0.000000000000000000e+00 0.000000000000000000e+00
6.250000000000000000e+03 2.500094783529438480e-02 1.251706873008648227e-03 9.987482931269913156e-01 0.000000000000000000e+00 0.000000000000000000e+00 0.000000000000000000e+00
6.500000000000000000e+03 2.600098574870624013e-02 9.103322712790168532e-04 9.989758761948110966e-01 0.000000000000000000e+00 1.137915339098771066e-04 0.000000000000000000e+00
6.750000000000000000e+03 2.700102366211809546e-02 3.413746017296313308e-03 9.962448793809740577e-01 0.000000000000000000e+00 3.413746017296313199e-04 0.000000000000000000e+00
7.000000000000000000e+03 2.800106157552972874e-02 2.730996813837050560e-03 9.972690031861629611e-01 0.000000000000000000e+00 0.000000000000000000e+00 0.000000000000000000e+00
7.250000000000000000e+03 2.900109948894158407e-02 2.275830678197541916e-03 9.977241693218024121e-01 0.000000000000000000e+00 0.000000000000000000e+00 0.000000000000000000e+00
7.500000000000000000e+03 3.000113740235343940e-02 1.251706873008648227e-03 9.986345015930814251e-01 0.000000000000000000e+00 1.137915339098771066e-04 0.000000000000000000e+00
7.750000000000000000e+03 3.100117531576507268e-02 5.348202093764223633e-03 9.946517979062358128e-01 0.000000000000000000e+00 0.000000000000000000e+00 0.000000000000000000e+00
8.000000000000000000e+03 3.200121322917692801e-02 3.982703686845699004e-03 9.960172963131542767e-01 0.000000000000000000e+00 0.000000000000000000e+00 0.000000000000000000e+00
8.250000000000000000e+03 3.300125114258878334e-02 2.844788347746927612e-03 9.971552116522530707e-01 0.000000000000000000e+00 0.000000000000000000e+00 0.000000000000000000e+00
8.500000000000000000e+03 3.400128905600041662e-02 4.665452890304961318e-03 9.952207555757851543e-01 0.000000000000000000e+00 1.137915339098771066e-04 0.000000000000000000e+00
8.750000000000000000e+03 3.500132696941227195e-02 3.527537551206190360e-03 9.964724624487938387e-01 0.000000000000000000e+00 0.000000000000000000e+00 0.000000000000000000e+00
9.000000000000000000e+03 3.600136488282412728e-02 3.413746017296313308e-03 9.963586709148839482e-01 0.000000000000000000e+00 2.275830678197542133e-04 0.000000000000000000e+00
9.250000000000000000e+03 3.700140279623576056e-02 7.624032771961766417e-03 9.920345926263085534e-01 0.000000000000000000e+00 3.413746017296313199e-04 0.000000000000000000e+00
9.500000000000000000e+03 3.800144070964761589e-02 4.210286754665453109e-03 9.956759217114247162e-01 0.000000000000000000e+00 1.137915339098771066e-04 0.000000000000000000e+00
9.750000000000000000e+03 3.900147862305947122e-02 5.803368229403732710e-03 9.939690487027764698e-01 0.000000000000000000e+00 2.275830678197542133e-04 0.000000000000000000e+00
1.000000000000000000e+04 4.000151653647110450e-02 1.217569412835685025e-02 9.877105143377332697e-01 0.000000000000000000e+00 1.137915339098771066e-04 0.000000000000000000e+00
1.025000000000000000e+04 4.100155444988295983e-02 6.258534365043240920e-03 9.935138825671370189e-01 0.000000000000000000e+00 2.275830678197542133e-04 0.000000000000000000e+00
1.050000000000000000e+04 4.200159236329481516e-02 8.306781975421027864e-03 9.908966772872098705e-01 0.000000000000000000e+00 7.965407373691396923e-04 0.000000000000000000e+00
1.075000000000000000e+04 4.300163027670644844e-02 5.575785161583977738e-03 9.940828402366863603e-01 0.000000000000000000e+00 3.413746017296313199e-04 0.000000000000000000e+00
1.100000000000000000e+04 4.400166819011830377e-02 8.534365043240782836e-03 9.911242603550295405e-01 0.000000000000000000e+00 3.413746017296313199e-04 0.000000000000000000e+00
1.125000000000000000e+04 4.500170610353015910e-02 6.941283568502503235e-03 9.929449248975875664e-01 0.000000000000000000e+00 1.137915339098771066e-04 0.000000000000000000e+00
1.150000000000000000e+04 4.600174401694179238e-02 7.851615839781519654e-03 9.912380518889394310e-01 0.000000000000000000e+00 9.103322712790168532e-04 0.000000000000000000e+00
1.175000000000000000e+04 4.700178193035364771e-02 1.331360946745562164e-02 9.862312243969049153e-01 0.000000000000000000e+00 4.551661356395084266e-04 0.000000000000000000e+00
1.200000000000000000e+04 4.800181984376550304e-02 1.024123805188893906e-02 9.896449704142011861e-01 0.000000000000000000e+00 1.137915339098771066e-04 0.000000000000000000e+00
1.225000000000000000e+04 4.900185775717713632e-02 1.502048247610377786e-02 9.842967683204369989e-01 0.000000000000000000e+00 6.827492034592626399e-04 0.000000000000000000e+00
1.250000000000000000e+04 5.000189567058899165e-02 1.331360946745562164e-02 9.862312243969049153e-01 0.000000000000000000e+00 4.551661356395084266e-04 0.000000000000000000e+00
1.275000000000000000e+04 5.100193358400062493e-02 1.445152480655439303e-02 9.846381429221665593e-01 0.000000000000000000e+00 9.103322712790168532e-04 0.000000000000000000e+00
1.300000000000000000e+04 5.200197149741248026e-02 2.093764223941738806e-02 9.781520254893035782e-01 0.000000000000000000e+00 9.103322712790168532e-04 0.000000000000000000e+00
1.325000000000000000e+04 5.300200941082433559e-02 1.558944014565316269e-02 9.833864360491579859e-01 0.000000000000000000e+00 1.024123805188893906e-03 0.000000000000000000e+00
1.350000000000000000e+04 5.400204732423596887e-02 1.502048247610377786e-02 9.838416021847974369e-01 0.000000000000000000e+00 1.137915339098770958e-03 0.000000000000000000e+00
1.375000000000000000e+04 5.500208523764782420e-02 1.638598088302230249e-02 9.831588529813382049e-01 0.000000000000000000e+00 4.551661356395084266e-04 0.000000000000000000e+00
1.400000000000000000e+04 5.600212315105967953e-02 1.604460628129267263e-02 9.832726445152480954e-01 0.000000000000000000e+00 6.827492034592626399e-04 0.000000000000000000e+00
1.425000000000000000e+04 5.700216106447131281e-02 1.979972690031861493e-02 9.789485662266727006e-01 0.000000000000000000e+00 1.251706873008648227e-03 0.000000000000000000e+00
1.450000000000000000e+04 5.800219897788316814e-02 2.014110150204824826e-02 9.788347746927628101e-01 0.000000000000000000e+00 1.024123805188893906e-03 0.000000000000000000e+00
1.475000000000000000e+04 5.900223689129502347e-02 1.888939462903959851e-02 9.802002730996813851e-01 0.000000000000000000e+00 9.103322712790168532e-04 0.000000000000000000e+00
1.500000000000000000e+04 6.000227480470665675e-02 3.095129722348657214e-02 9.668866636322257513e-01 0.000000000000000000e+00 2.162039144287664864e-03 0.000000000000000000e+00
1.525000000000000000e+04 6.100231271811851208e-02 2.492034592626308706e-02 9.737141556668184039e-01 0.000000000000000000e+00 1.365498406918525280e-03 0.000000000000000000e+00
1.550000000000000000e+04 6.200235063153036741e-02 3.686845698680018407e-02 9.615384615384615641e-01 0.000000000000000000e+00 1.593081474738279385e-03 0.000000000000000000e+00
1.575000000000000000e+04 6.300238854494200069e-02 3.049613108784706567e-02 9.675694128356849832e-01 0.000000000000000000e+00 1.934456076467910759e-03 0.000000000000000000e+00
1.600000000000000000e+04 6.400242645835385602e-02 3.368229403732362487e-02 9.643832498862084934e-01 0.000000000000000000e+00 1.934456076467910759e-03 0.000000000000000000e+00
1.625000000000000000e+04 6.500246437176571135e-02 3.698224852071006069e-02 9.614246700045516736e-01 0.000000000000000000e+00 1.593081474738279385e-03 0.000000000000000000e+00
1.650000000000000000e+04 6.600250228517734463e-02 4.085116067364587961e-02 9.569868001820664993e-01 0.000000000000000000e+00 2.162039144287664864e-03 0.000000000000000000e+00
1.675000000000000000e+04 6.700254019858919996e-02 3.971324533454710648e-02 9.580109239872554028e-01 0.000000000000000000e+00 2.275830678197541916e-03 0.000000000000000000e+00
1.700000000000000000e+04 6.800257811200105529e-02 4.540282203004096517e-02 9.517523896222120916e-01 0.000000000000000000e+00 2.844788347746927612e-03 0.000000000000000000e+00
1.725000000000000000e+04 6.900261602541268857e-02 5.382339553937186966e-02 9.441283568502503165e-01 0.000000000000000000e+00 2.048247610377787811e-03 0.000000000000000000e+00
1.750000000000000000e+04 7.000265393882454390e-02 4.847519344560764776e-02 9.469731451979972459e-01 0.000000000000000000e+00 4.551661356395083832e-03 0.000000000000000000e+00
1.775000000000000000e+04 7.100269185223639923e-02 4.039599453800637313e-02 9.574419663177059503e-01 0.000000000000000000e+00 2.162039144287664864e-03 0.000000000000000000e+00
1.800000000000000000e+04 7.200272976564803251e-02 5.097860719162494031e-02 9.439007737824305355e-01 0.000000000000000000e+00 5.120619025944469528e-03 0.000000000000000000e+00
1.825000000000000000e+04 7.300276767905988784e-02 6.599908966772871644e-02 9.294492489758762188e-01 0.000000000000000000e+00 4.551661356395083832e-03 0.000000000000000000e+00
1.850000000000000000e+04 7.400280559247174317e-02 6.497496586253982687e-02 9.300182066454255603e-01 0.000000000000000000e+00 5.006827492034592909e-03 0.000000000000000000e+00
1.875000000000000000e+04 7.500284350588337645e-02 6.178880291306326766e-02 9.344560764679107345e-01 0.000000000000000000e+00 3.755120619025944465e-03 0.000000000000000000e+00
1.900000000000000000e+04 7.600288141929523178e-02 8.101957214383249950e-02 9.116977696859354108e-01 0.000000000000000000e+00 7.282658170232134826e-03 0.000000000000000000e+00
1.925000000000000000e+04 7.700291933270708711e-02 9.683659535730541890e-02 8.941738734638142727e-01 0.000000000000000000e+00 8.989531178880291046e-03 0.000000000000000000e+00
1.950000000000000000e+04 7.800295724611872039e-02 7.954028220300408958e-02 9.134046426945835462e-01 0.000000000000000000e+00 7.055075102412380721e-03 0.000000000000000000e+00
1.975000000000000000e+04 7.900299515953057572e-02 9.114701866181156020e-02 9.020254893035958288e-01 0.000000000000000000e+00 6.827492034592626616e-03 0.000000000000000000e+00
2.000000000000000000e+04 8.000303307294243105e-02 1.048020027309968100e-01 8.858670914883932657e-01 0.000000000000000000e+00 9.330905780609922637e-03 0.000000000000000000e+00
2.025000000000000000e+04 8.100307098635406433e-02 1.145880746472462408e-01 8.708466090122894965e-01 1.137915339098771066e-04 1.445152480655439303e-02 0.000000000000000000e+00
2.050000000000000000e+04 8.200310889976591966e-02 1.381429221665907980e-01 8.410332271279017391e-01 0.000000000000000000e+00 2.082385070550751144e-02 0.000000000000000000e+00
2.075000000000000000e+04 8.300314681317755294e-02 1.267637687756031084e-01 8.519572143832498945e-01 0.000000000000000000e+00 2.127901684114701791e-02 0.000000000000000000e+00
2.100000000000000000e+04 8.400318472658940827e-02 1.554392353208921274e-01 8.187300864815657553e-01 0.000000000000000000e+00 2.583067819754210348e-02 0.000000000000000000e+00
2.125000000000000000e+04 8.500322264000126360e-02 1.638598088302230249e-01 7.987027765134273594e-01 0.000000000000000000e+00 3.743741465634956717e-02 0.000000000000000000e+00
2.150000000000000000e+04 8.600326055341289688e-02 1.832043695949021334e-01 7.781065088757396220e-01 0.000000000000000000e+00 3.868912152935821691e-02 0.000000000000000000e+00
2.175000000000000000e+04 8.700329846682475221e-02 2.193900773782430647e-01 6.935593991807009751e-01 1.479289940828402332e-03 8.557123350022757813e-02 0.000000000000000000e+00
2.200000000000000000e+04 8.800333638023660754e-02 2.434000910332271284e-01 6.373463814292216201e-01 3.868912152935821518e-03 1.153846153846153910e-01 0.000000000000000000e+00
2.225000000000000000e+04 8.900337429364824082e-02 2.704824761037779024e-01 5.108101957214383759e-01 1.456531634046426965e-02 2.041420118343195145e-01 0.000000000000000000e+00
2.250000000000000000e+04 9.000341220706009615e-02 2.754893035958124736e-01 4.704142011834319681e-01 3.072371415566681890e-02 2.233727810650887602e-01 0.000000000000000000e+00
2.275000000000000000e+04 9.100345012047195148e-02 2.832271279016841392e-01 4.479972690031861493e-01 4.050978607191624975e-02 2.282658170232134687e-01 0.000000000000000000e+00
2.300000000000000000e+04 9.200348803388358476e-02 2.913063268092853653e-01 4.233045061447428536e-01 5.689576695493855224e-02 2.284934000910332219e-01 0.000000000000000000e+00
2.325000000000000000e+04 9.300352594729544009e-02 3.042785616750113831e-01 4.065771506599908935e-01 7.874374146563495325e-02 2.104005461993627701e-01 0.000000000000000000e+00
2.350000000000000000e+04 9.400356386070729542e-02 2.985889849795175244e-01 4.136322257624032717e-01 1.046882111970869333e-01 1.830905780609922706e-01 0.000000000000000000e+00
2.375000000000000000e+04 9.500360177411892870e-02 2.791306326809285254e-01 4.255803368229403860e-01 1.414428766499772339e-01 1.538461538461538547e-01 0.000000000000000000e+00
2.400000000000000000e+04 9.600363968753078403e-02 2.890304961310878329e-01 4.243286299499317016e-01 1.514565316340464318e-01 1.351843422849340060e-01 0.000000000000000000e+00
2.425000000000000000e+04 9.700367760094263936e-02 2.702548930359581214e-01 4.295630405097860538e-01 1.902594446973145115e-01 1.099226217569412856e-01 0.000000000000000000e+00
2.450000000000000000e+04 9.800371551435427264e-02 2.677514792899408080e-01 4.137460172963131622e-01 1.967455621301775204e-01 1.217569412835685094e-01 0.000000000000000000e+00
2.475000000000000000e+04 9.900375342776612797e-02 2.836822940373236457e-01 3.999772416932180219e-01 2.018661811561219821e-01 1.144742831133363642e-01 0.000000000000000000e+00
2.500000000000000000e+04 1.000037913411779833e-01 2.766272189349112676e-01 3.933773327264451503e-01 2.007282658170232159e-01 1.292671825216203940e-01 0.000000000000000000e+00
2.525000000000000000e+04 1.010038292545896166e-01 2.947200728265816916e-01 3.793809740555302845e-01 1.989076012744651900e-01 1.269913518434228616e-01 0.000000000000000000e+00
2.550000000000000000e+04 1.020038671680014719e-01 2.918752844788347622e-01 3.726672735548475224e-01 2.034592626308602548e-01 1.319981793354574329e-01 0.000000000000000000e+00
2.575000000000000000e+04 1.030039050814133272e-01 2.901684114701866268e-01 3.538916704597178109e-01 2.051661356395084179e-01 1.507737824305871721e-01 0.000000000000000000e+00
2.600000000000000000e+04 1.040039429948249605e-01 3.013199817933545632e-01 3.591260810195721631e-01 2.064178425125170746e-01 1.331360946745562268e-01 0.000000000000000000e+00
2.625000000000000000e+04 1.050039809082368158e-01 3.017751479289940697e-01 3.502503413746017036e-01 2.038006372325898985e-01 1.441738734638143005e-01 0.000000000000000000e+00
2.650000000000000000e+04 1.060040188216486712e-01 2.994993172507965373e-01 3.434228493400091065e-01 1.962903959945380139e-01 1.607874374146563423e-01 0.000000000000000000e+00
2.675000000000000000e+04 1.070040567350603045e-01 2.964269458352298825e-01 3.361401911697769473e-01 2.033454710969503920e-01 1.640873918980427781e-01 0.000000000000000000e+00
2.700000000000000000e+04 1.080040946484721598e-01 3.174783796085571264e-01 3.139508420573509095e-01 1.913973600364132777e-01 1.771734182976786587e-01 0.000000000000000000e+00
2.725000000000000000e+04 1.090041325618840151e-01 2.998406918525261533e-01 3.289713245334547342e-01 2.072143832498861971e-01 1.639736003641329154e-01 0.000000000000000000e+00
2.750000000000000000e+04 1.100041704752956484e-01 3.082612653618570508e-01 3.264679107874374209e-01 2.138142922166590687e-01 1.514565316340464318e-01 0.000000000000000000e+00
2.775000000000000000e+04 1.110042083887075037e-01 3.090578060992262288e-01 3.075785161583978189e-01 2.152935821574874786e-01 1.680700955848884737e-01 0.000000000000000000e+00
2.800000000000000000e+04 1.120042463021193591e-01 3.249886208466090110e-01 2.968821119708693890e-01 2.232589895311788697e-01 1.548702776513427304e-01 0.000000000000000000e+00
2.825000000000000000e+04 1.130042842155309923e-01 3.125853436504323901e-01 3.040509786071916021e-01 2.389622212107419263e-01 1.444014565316340537e-01 0.000000000000000000e+00
2.850000000000000000e+04 1.140043221289428477e-01 3.020027309968138507e-01 3.043923532089212736e-01 2.453345471096950448e-01 1.482703686845698587e-01 0.000000000000000000e+00
2.875000000000000000e+04 1.150043600423547030e-01 3.294264906690942407e-01 2.753755120619025831e-01 2.368001820664542567e-01 1.583978152025489194e-01 0.000000000000000000e+00
2.900000000000000000e+04 1.160043979557663363e-01 3.081474738279472159e-01 2.916477014110150368e-01 2.514792899408284099e-01 1.487255348202093652e-01 0.000000000000000000e+00
2.925000000000000000e+04 1.170044358691781916e-01 3.157715065999089910e-01 2.551206190259444617e-01 2.389622212107419263e-01 1.901456531634046487e-01 0.000000000000000000e+00
2.950000000000000000e+04 1.180044737825898249e-01 3.253299954483386269e-01 2.395311788802912956e-01 2.395311788802912956e-01 1.956076467910787542e-01 0.000000000000000000e+00
2.975000000000000000e+04 1.190045116960016802e-01 3.350022758306782089e-01 2.242831133363677731e-01 2.470414201183432079e-01 1.936731907146108378e-01 0.000000000000000000e+00
3.000000000000000000e+04 1.200045496094135355e-01 3.363677742375967283e-01 2.085798816568047442e-01 2.708238507055075184e-01 1.842284934000910368e-01 0.000000000000000000e+00
3.025000000000000000e+04 1.210045875228251688e-01 3.313609467455621571e-01 2.140418752844788219e-01 2.818616294947655643e-01 1.727355484751934567e-01 0.000000000000000000e+00
3.050000000000000000e+04 1.220046254362370242e-01 3.356850250341374409e-01 2.041420118343195145e-01 2.756030951297223641e-01 1.845698680018206528e-01 0.000000000000000000e+00
3.075000000000000000e+04 1.230046633496488795e-01 3.381884387801547542e-01 1.948111060537096040e-01 2.949476558944014726e-01 1.720527992717341692e-01 0.000000000000000000e+00
3.100000000000000000e+04 1.240047012630605128e-01 3.461538461538461453e-01 1.804733727810650945e-01 2.872098315885298070e-01 1.861629494765589532e-01 0.000000000000000000e+00
3.125000000000000000e+04 1.250047391764723681e-01 3.369367319071461253e-01 1.827492034592626269e-01 2.979062357760582369e-01 1.824078288575330109e-01 0.000000000000000000e+00
3.150000000000000000e+04 1.260047770898842234e-01 3.491124260355029651e-01 1.686390532544378706e-01 2.951752389622211981e-01 1.870732817478379661e-01 0.000000000000000000e+00
3.175000000000000000e+04 1.270048150032958567e-01 3.544606281292672079e-01 1.635184342284934089e-01 2.848202093764223841e-01 1.972007282658170269e-01 0.000000000000000000e+00
3.200000000000000000e+04 1.280048529167077120e-01 3.502503413746017036e-01 1.626081019572143960e-01 2.910787437414656398e-01 1.960628129267182607e-01 0.000000000000000000e+00
3.225000000000000000e+04 1.290048908301195674e-01 3.450159308147474069e-01 1.470186618115612298e-01 2.908511606736458588e-01 2.171142467000455045e-01 0.000000000000000000e+00
3.250000000000000000e+04 1.300049287435312007e-01 3.537778789258079204e-01 1.532771961766044577e-01 3.055302685480200120e-01 1.874146563495675821e-01 0.000000000000000000e+00
3.275000000000000000e+04 1.310049666569430560e-01 3.649294492489758568e-01 1.389394629039599482e-01 2.963131543013199920e-01 1.998179335457442030e-01 0.000000000000000000e+00
3.300000000000000000e+04 1.320050045703549113e-01 3.625398270368684339e-01 1.346153846153846090e-01 2.956304050978607045e-01 2.072143832498861971e-01 0.000000000000000000e+00
3.325000000000000000e+04 1.330050424837665446e-01 3.667501137915338827e-01 1.256258534365043145e-01 2.885753299954483264e-01 2.190487027765134209e-01 0.000000000000000000e+00
3.350000000000000000e+04 1.340050803971783999e-01 3.557123350022758368e-01 1.239189804278561652e-01 2.784478834774692935e-01 2.419208010923987184e-01 0.000000000000000000e+00
3.375000000000000000e+04 1.350051183105902552e-01 3.695949021392808120e-01 1.209604005461993592e-01 2.773099681383704995e-01 2.321347291761493015e-01 0.000000000000000000e+00
3.400000000000000000e+04 1.360051562240018885e-01 3.834774692762858428e-01 1.174328629949931702e-01 2.690031861629494925e-01 2.300864815657714946e-01 0.000000000000000000e+00
3.425000000000000000e+04 1.370051941374137439e-01 3.851843422849339782e-01 1.152708238507055144e-01 2.712790168411470249e-01 2.282658170232134687e-01 0.000000000000000000e+00
3.450000000000000000e+04 1.380052320508255992e-01 3.765361857077833552e-01 1.116294947655894348e-01 2.705962676376877374e-01 2.412380518889394587e-01 0.000000000000000000e+00
3.475000000000000000e+04 1.390052699642372325e-01 3.891670459717797015e-01 1.088984979517523960e-01 2.717341829767865313e-01 2.302002730996813851e-01 0.000000000000000000e+00
3.500000000000000000e+04 1.400053078776490878e-01 3.900773782430587144e-01 1.017296313154301274e-01 2.763996358670914866e-01 2.317933545744196577e-01 0.000000000000000000e+00
3.525000000000000000e+04 1.410053457910609431e-01 3.689121529358215801e-01 1.189121529358215801e-01 2.803823395539372099e-01 2.317933545744196577e-01 0.000000000000000000e+00
3.550000000000000000e+04 1.420053837044725764e-01 3.600364132908511761e-01 1.147018661811561174e-01 2.875512061902594230e-01 2.377105143377332697e-01 0.000000000000000000e+00
3.575000000000000000e+04 1.430054216178844317e-01 3.643604915794265153e-01 1.081019572143832458e-01 2.966545289030496080e-01 2.308830223031406448e-01 0.000000000000000000e+00
3.600000000000000000e+04 1.440054595312962871e-01 3.607191624943104080e-01 1.187983614019117035e-01 3.112198452435138707e-01 2.092626308602640040e-01 0.000000000000000000e+00
3.625000000000000000e+04 1.450054974447079204e-01 3.562812926718252338e-01 1.275603095129722309e-01 3.087164314974966128e-01 2.074419663177059503e-01 0.000000000000000000e+00
3.650000000000000000e+04 1.460055353581197757e-01 3.540054619936277014e-01 1.231224396904870289e-01 3.054164770141101770e-01 2.174556213017751483e-01 0.000000000000000000e+00
3.675000000000000000e+04 1.470055732715316310e-01 3.535502958579881394e-01 1.450842057350933134e-01 3.016613563950841792e-01 1.997041420118343125e-01 0.000000000000000000e+00
3.700000000000000000e+04 1.480056111849432643e-01 3.560537096040054528e-01 1.525944469731451980e-01 3.040509786071916021e-01 1.873008648156577194e-01 0.000000000000000000e+00
3.725000000000000000e+04 1.490056490983551196e-01 3.499089667728720876e-01 1.539599453800637174e-01 3.084888484296768318e-01 1.876422394173873354e-01 0.000000000000000000e+00
3.750000000000000000e+04 1.500056870117667529e-01 3.497951752389621971e-01 1.524806554392353075e-01 3.186162949476559203e-01 1.791078743741465751e-01 0.000000000000000000e+00
3.775000000000000000e+04 1.510057249251786082e-01 3.518434228493400040e-01 1.579426490669094130e-01 3.206645425580336717e-01 1.695493855257168836e-01 0.000000000000000000e+00
3.800000000000000000e+04 1.520057628385904636e-01 3.431952662721893255e-01 1.634046426945835184e-01 3.246472462448793950e-01 1.687528447883477334e-01 0.000000000000000000e+00
3.825000000000000000e+04 1.530058007520020968e-01 3.361401911697769473e-01 1.755803368229403860e-01 3.427401001365498190e-01 1.455393718707328199e-01 0.000000000000000000e+00
3.850000000000000000e+04 1.540058386654139522e-01 3.180473372781065233e-01 1.950386891215293572e-01 3.578743741465634787e-01 1.290395994538006408e-01 0.000000000000000000e+00
3.875000000000000000e+04 1.550058765788258075e-01 3.169094219390077294e-01 1.974283113336367801e-01 3.610605370960400795e-01 1.246017296313154249e-01 0.000000000000000000e+00
3.900000000000000000e+04 1.560059144922374408e-01 3.137232589895311841e-01 2.129039599453800558e-01 3.722121074192080159e-01 1.011606736458807443e-01 0.000000000000000000e+00
3.925000000000000000e+04 1.570059524056492961e-01 3.104233045061447482e-01 2.121074192080109333e-01 3.893946290395994270e-01 8.807464724624487762e-02 0.000000000000000000e+00
3.950000000000000000e+04 1.580059903190611514e-01 2.898270368684570109e-01 2.282658170232134687e-01 3.999772416932180219e-01 8.192990441511151245e-02 0.000000000000000000e+00
3.975000000000000000e+04 1.590060282324727847e-01 2.812926718252162228e-01 2.333864360491579304e-01 3.994082840236686249e-01 8.591260810195720798e-02 0.000000000000000000e+00
4.000000000000000000e+04 1.600060661458846401e-01 2.781065088757396220e-01 2.412380518889394587e-01 4.120391442876649712e-01 6.861629494765589254e-02 0.000000000000000000e+00
4.025000000000000000e+04 1.610061040592964954e-01 2.687756030951297115e-01 2.542102867546654488e-01 4.160218479745106945e-01 6.099226217569413133e-02 0.000000000000000000e+00
4.050000000000000000e+04 1.620061419727081287e-01 2.551206190259444617e-01 2.655894401456531662e-01 4.235320892125625791e-01 5.575785161583977911e-02 0.000000000000000000e+00
4.075000000000000000e+04 1.630061798861199840e-01 2.506827492034592875e-01 2.676376877560309731e-01 4.291078743741465473e-01 5.257168866636321991e-02 0.000000000000000000e+00
4.100000000000000000e+04 1.640062177995318393e-01 2.465862539827036737e-01 2.734410559854346667e-01 4.316112881201638607e-01 4.836140191169777114e-02 0.000000000000000000e+00
4.125000000000000000e+04 1.650062557129434726e-01 2.393035958124715423e-01 2.791306326809285254e-01 4.333181611288119961e-01 4.824761037778789452e-02 0.000000000000000000e+00
4.150000000000000000e+04 1.660062936263553279e-01 2.271279016841147025e-01 2.881201638598088199e-01 4.464041875284479044e-01 3.834774692762858705e-02 0.000000000000000000e+00
4.175000000000000000e+04 1.670063315397671833e-01 2.336140191169776836e-01 2.867546654528903005e-01 4.450386891215293850e-01 3.459262630860263782e-02 0.000000000000000000e+00
4.200000000000000000e+04 1.680063694531788165e-01 2.209831588529813373e-01 2.883477469276286009e-01 4.538006372325898985e-01 3.686845698680018407e-02 0.000000000000000000e+00
4.225000000000000000e+04 1.690064073665906719e-01 2.262175694128356895e-01 2.874374146563495880e-01 4.535730541647701175e-01 3.277196176604460498e-02 0.000000000000000000e+00
4.250000000000000000e+04 1.700064452800025272e-01 2.261037778789257990e-01 2.852753755120618906e-01 4.560764679107874309e-01 3.254437869822485174e-02 0.000000000000000000e+00
4.275000000000000000e+04 1.710064831934141605e-01 2.200728265817023244e-01 2.890304961310878329e-01 4.615384615384615641e-01 2.935821574874829254e-02 0.000000000000000000e+00
4.300000000000000000e+04 1.720065211068260158e-01 2.233727810650887602e-01 2.928994082840236657e-01 4.535730541647701175e-01 3.015475648611743234e-02 0.000000000000000000e+00
4.325000000000000000e+04 1.730065590202378711e-01 2.203004096495220776e-01 2.956304050978607045e-01 4.609695038689121671e-01 2.309968138370505075e-02 0.000000000000000000e+00
4.350000000000000000e+04 1.740065969336495044e-01 2.184797451069640517e-01 2.999544833864360438e-01 4.592626308602639762e-01 2.230314064633591095e-02 0.000000000000000000e+00
4.375000000000000000e+04 1.750066348470613597e-01 2.125625853436504398e-01 2.955166135639508695e-01 4.615384615384615641e-01 3.038233955393718558e-02 0.000000000000000000e+00
4.400000000000000000e+04 1.760066727604732151e-01 2.132453345471096995e-01 2.992717341829768118e-01 4.637005006827492060e-01 2.378243058716431393e-02 0.000000000000000000e+00
4.425000000000000000e+04 1.770067106738848484e-01 2.107419208010923861e-01 3.090578060992262288e-01 4.590350477924442507e-01 2.116522530723714129e-02 0.000000000000000000e+00
4.450000000000000000e+04 1.780067485872967037e-01 2.133591260810195622e-01 3.131543013199817871e-01 4.550523441055985274e-01 1.843422849340009204e-02 0.000000000000000000e+00
4.475000000000000000e+04 1.790067865007085590e-01 2.097177969959035104e-01 3.131543013199817871e-01 4.582385070550751283e-01 1.888939462903959851e-02 0.000000000000000000e+00
4.500000000000000000e+04 1.800068244141201923e-01 2.090350477924442507e-01 3.248748293126991205e-01 4.474283113336367523e-01 1.866181156121984527e-02 0.000000000000000000e+00
4.525000000000000000e+04 1.810068623275320476e-01 2.089212562585343602e-01 3.229403732362312041e-01 4.459490213928083979e-01 2.218934911242603433e-02 0.000000000000000000e+00
4.550000000000000000e+04 1.820069002409436809e-01 2.108557123350022766e-01 3.258989531178880239e-01 4.431042330450614686e-01 2.014110150204824826e-02 0.000000000000000000e+00
4.575000000000000000e+04 1.830069381543555362e-01 2.055075102412380617e-01 3.340919435593991960e-01 4.411697769685935522e-01 1.923076923076923184e-02 0.000000000000000000e+00
4.600000000000000000e+04 1.840069760677673916e-01 2.031178880291306388e-01 3.517296313154301135e-01 4.204597177969959243e-01 2.469276285844333035e-02 0.000000000000000000e+00
4.625000000000000000e+04 1.850070139811790249e-01 2.030040964952207483e-01 3.510468821119708815e-01 4.278561675011379184e-01 1.809285389167045871e-02 0.000000000000000000e+00
4.650000000000000000e+04 1.860070518945908802e-01 2.053937187073281712e-01 3.515020482476103880e-01 4.238734638142921951e-01 1.923076923076923184e-02 0.000000000000000000e+00
4.675000000000000000e+04 1.870070898080027355e-01 1.957214383249886169e-01 3.553709604005462208e-01 4.261492944924897830e-01 2.275830678197542090e-02 0.000000000000000000e+00
4.700000000000000000e+04 1.880071277214143688e-01 1.929904415111515781e-01 3.447883477469276259e-01 4.403732362312243742e-01 2.184797451069640448e-02 0.000000000000000000e+00
4.725000000000000000e+04 1.890071656348262241e-01 1.819526627218935044e-01 3.456986800182066388e-01 4.531178880291306110e-01 1.923076923076923184e-02 0.000000000000000000e+00
4.750000000000000000e+04 1.900072035482380794e-01 1.874146563495675821e-01 3.435366408739189970e-01 4.502730996813836817e-01 1.877560309512972189e-02 0.000000000000000000e+00
4.775000000000000000e+04 1.910072414616497127e-01 1.925352753755120716e-01 3.376194811106053573e-01 4.497041420118343402e-01 2.014110150204824826e-02 0.000000000000000000e+00
4.800000000000000000e+04 1.920072793750615681e-01 1.863905325443787064e-01 3.386436049157942607e-01 4.539144287664997890e-01 2.105143377332726468e-02 0.000000000000000000e+00
4.825000000000000000e+04 1.930073172884734234e-01 1.880974055530268418e-01 3.412608101957214646e-01 4.507282658170231882e-01 1.991351843422849502e-02 0.000000000000000000e+00
4.850000000000000000e+04 1.940073552018850567e-01 1.952662721893491105e-01 3.306781975421028696e-01 4.515248065543923661e-01 2.253072371415566766e-02 0.000000000000000000e+00
4.875000000000000000e+04 1.950073931152969120e-01 1.923076923076923184e-01 3.327264451524806765e-01 4.561902594446973214e-01 1.877560309512972189e-02 0.000000000000000000e+00
4.900000000000000000e+04 1.960074310287087673e-01 2.007282658170232159e-01 3.310195721438324856e-01 4.493627674101046687e-01 1.888939462903959851e-02 0.000000000000000000e+00
4.925000000000000000e+04 1.970074689421204006e-01 1.874146563495675821e-01 3.394401456531633832e-01 4.512972234865725851e-01 2.184797451069640448e-02 0.000000000000000000e+00
4.950000000000000000e+04 1.980075068555322559e-01 1.753527537551206328e-01 3.305644060081929791e-01 4.751934456076468138e-01 1.888939462903959851e-02 0.000000000000000000e+00
4.975000000000000000e+04 1.990075447689441113e-01 1.695493855257168836e-01 3.289713245334547342e-01 4.866863905325443662e-01 1.479289940828402289e-02 0.000000000000000000e+00
5.000000000000000000e+04 2.000075826823557446e-01 1.711424670004551563e-01 3.295402822030040757e-01 4.904415111515703085e-01 8.875739644970414427e-03 0.000000000000000000e+00
5.025000000000000000e+04 2.010076205957675999e-01 1.735320892125625791e-01 3.251024123805189014e-01 4.903277196176604735e-01 1.103777878925807886e-02 0.000000000000000000e+00
5.050000000000000000e+04 2.020076585091794552e-01 1.665908056440600915e-01 3.257851615839781334e-01 4.989758761948110966e-01 8.648156577150659455e-03 0.000000000000000000e+00
5.075000000000000000e+04 2.030076964225910885e-01 1.636322257624032717e-01 3.251024123805189014e-01 5.037551206190259423e-01 7.510241238051888930e-03 0.000000000000000000e+00
5.100000000000000000e+04 2.040077343360029438e-01 1.656804733727810786e-01 3.245334547109695045e-01 5.019344560764679164e-01 7.851615839781519654e-03 0.000000000000000000e+00
5.125000000000000000e+04 2.050077722494147991e-01 1.668183887118798447e-01 3.238507055075102170e-01 5.018206645425580259e-01 7.510241238051888930e-03 0.000000000000000000e+00
5.150000000000000000e+04 2.060078101628264324e-01 1.695493855257168836e-01 3.215748748293126846e-01 5.011379153390987939e-01 7.737824305871643035e-03 0.000000000000000000e+00
5.175000000000000000e+04 2.070078480762382878e-01 1.688666363222576239e-01 3.239644970414201075e-01 4.994310423304506030e-01 7.737824305871643035e-03 0.000000000000000000e+00
5.200000000000000000e+04 2.080078859896501431e-01 1.693218024578971304e-01 3.229403732362312041e-01 5.011379153390987939e-01 6.599908966772872511e-03 0.000000000000000000e+00
5.225000000000000000e+04 2.090079239030617764e-01 1.682976786527082269e-01 3.225989986345015881e-01 5.015930814747382449e-01 7.510241238051888930e-03 0.000000000000000000e+00
5.250000000000000000e+04 2.100079618164736317e-01 1.720527992717341692e-01 3.223714155666818626e-01 4.984069185252616996e-01 7.168866636322257339e-03 0.000000000000000000e+00
5.275000000000000000e+04 2.110079997298854870e-01 1.694355939918070209e-01 3.208921256258534527e-01 5.022758306781975879e-01 7.396449704142011444e-03 0.000000000000000000e+00
5.300000000000000000e+04 2.120080376432971203e-01 1.701183431952662806e-01 3.223714155666818626e-01 4.996586253982703840e-01 7.851615839781519654e-03 0.000000000000000000e+00
5.325000000000000000e+04 2.130080755567089756e-01 1.715976331360946627e-01 3.222576240327719721e-01 4.985207100591715901e-01 7.624032771961766417e-03 0.000000000000000000e+00
5.350000000000000000e+04 2.140081134701206089e-01 1.730769230769230727e-01 3.215748748293126846e-01 5.003413746017296715e-01 5.006827492034592909e-03 0.000000000000000000e+00
5.375000000000000000e+04 2.150081513835324643e-01 1.755803368229403860e-01 3.227127901684114786e-01 4.929449248975876219e-01 8.761948111060537808e-03 0.000000000000000000e+00
5.400000000000000000e+04 2.160081892969443196e-01 1.742148384160218388e-01 3.211197086936731782e-01 4.970414201183431802e-01 7.624032771961766417e-03 0.000000000000000000e+00
5.425000000000000000e+04 2.170082272103559529e-01 1.712562585343650468e-01 3.235093309057806010e-01 4.965862539827036737e-01 8.648156577150659455e-03 0.000000000000000000e+00
5.450000000000000000e+04 2.180082651237678082e-01 1.711424670004551563e-01 3.232817478379608755e-01 5.004551661356395620e-01 5.120619025944469528e-03 0.000000000000000000e+00
5.475000000000000000e+04 2.190083030371796635e-01 1.698907601274465273e-01 3.232817478379608755e-01 4.984069185252616996e-01 8.420573509330906217e-03 0.000000000000000000e+00
5.500000000000000000e+04 2.200083409505912968e-01 1.637460172963131622e-01 3.265817023213473114e-01 5.026172052799271484e-01 7.055075102412380721e-03 0.000000000000000000e+00
5.525000000000000000e+04 2.210083788640031521e-01 1.680700955848884737e-01 3.261265361857078049e-01 4.992034592626308775e-01 6.599908966772872511e-03 0.000000000000000000e+00
5.550000000000000000e+04 2.220084167774150075e-01 1.671597633136094607e-01 3.262403277196176399e-01 4.997724169321802190e-01 6.827492034592626616e-03 0.000000000000000000e+00
5.575000000000000000e+04 2.230084546908266407e-01 1.686390532544378706e-01 3.249886208466090110e-01 5.000000000000000000e-01 6.372325898953117539e-03 0.000000000000000000e+00
5.600000000000000000e+04 2.240084926042384961e-01 1.672735548475193512e-01 3.266954938552571464e-01 4.996586253982703840e-01 6.372325898953117539e-03 0.000000000000000000e+00
5.625000000000000000e+04 2.250085305176503514e-01 1.685252617205279801e-01 3.233955393718707105e-01 5.005689576695493415e-01 7.510241238051888930e-03 0.000000000000000000e+00
5.650000000000000000e+04 2.260085684310619847e-01 1.675011379153391045e-01 3.266954938552571464e-01 4.989758761948110966e-01 6.827492034592626616e-03 0.000000000000000000e+00
5.675000000000000000e+04 2.270086063444738400e-01 1.687528447883477334e-01 3.251024123805189014e-01 4.996586253982703840e-01 6.486117432862995025e-03 0.000000000000000000e+00
