# itime ezz other fcc hcp bcc ico
0.000000000000000000e+00 0.000000000000000000e+00 0.000000000000000000e+00 1.000000000000000000e+00 0.000000000000000000e+00 0.000000000000000000e+00 0.000000000000000000e+00
2.500000000000000000e+02 9.999649550280764743e-04 0.000000000000000000e+00 1.000000000000000000e+00 0.000000000000000000e+00 0.000000000000000000e+00 0.000000000000000000e+00
5.000000000000000000e+02 1.999929910055930904e-03 0.000000000000000000e+00 1.000000000000000000e+00 0.000000000000000000e+00 0.000000000000000000e+00 0.000000000000000000e+00
7.500000000000000000e+02 2.999894865084007378e-03 0.000000000000000000e+00 1.000000000000000000e+00 0.000000000000000000e+00 0.000000000000000000e+00 0.000000000000000000e+00
1.000000000000000000e+03 3.999859820112083852e-03 0.000000000000000000e+00 1.000000000000000000e+00 0.000000000000000000e+00 0.000000000000000000e+00 0.000000000000000000e+00
1.250000000000000000e+03 4.999824775139938282e-03 0.000000000000000000e+00 1.000000000000000000e+00 0.000000000000000000e+00 0.000000000000000000e+00 0.000000000000000000e+00
1.500000000000000000e+03 5.999789730168014756e-03 2.275830678197542133e-04 9.997724169321802190e-01 0.000000000000000000e+00 0.000000000000000000e+00 0.000000000000000000e+00
1.750000000000000000e+03 6.999754685195869186e-03 0.000000000000000000e+00 1.000000000000000000e+00 0.000000000000000000e+00 0.000000000000000000e+00 0.000000000000000000e+00
2.000000000000000000e+03 7.999719640223945660e-03 0.000000000000000000e+00 1.000000000000000000e+00 0.000000000000000000e+00 0.000000000000000000e+00 0.000000000000000000e+00
2.250000000000000000e+03 8.999684595252022135e-03 0.000000000000000000e+00 1.000000000000000000e+00 0.000000000000000000e+00 0.000000000000000000e+00 0.000000000000000000e+00
2.500000000000000000e+03 9.999649550279876564e-03 2.275830678197542133e-04 9.997724169321802190e-01 0.000000000000000000e+00 0.000000000000000000e+00 0.000000000000000000e+00
2.750000000000000000e+03 1.099961450530795304e-02 4.551661356395084266e-04 9.995448338643604380e-01 0.000000000000000000e+00 0.000000000000000000e+00 0.000000000000000000e+00
3.000000000000000000e+03 1.199957946033602951e-02 0.000000000000000000e+00 1.000000000000000000e+00 0.000000000000000000e+00 0.000000000000000000e+00 0.000000000000000000e+00
3.250000000000000000e+03 1.299954441536388394e-02 0.000000000000000000e+00 1.000000000000000000e+00 0.000000000000000000e+00 0.000000000000000000e+00 0.000000000000000000e+00
3.500000000000000000e+03 1.399950937039196042e-02 0.000000000000000000e+00 1.000000000000000000e+00 0.000000000000000000e+00 0.000000000000000000e+00 0.000000000000000000e+00
3.750000000000000000e+03 1.499947432542003689e-02 0.000000000000000000e+00 1.000000000000000000e+00 0.000000000000000000e+00 0.000000000000000000e+00 0.000000000000000000e+00
4.000000000000000000e+03 1.599943928044789132e-02 0.000000000000000000e+00 1.000000000000000000e+00 0.000000000000000000e+00 0.000000000000000000e+00 0.000000000000000000e+00
4.250000000000000000e+03 1.699940423547596779e-02 1.137915339098771066e-04 9.998862084660901095e-01 0.000000000000000000e+00 0.000000000000000000e+00 0.000000000000000000e+00
4.500000000000000000e+03 1.799936919050382222e-02 0.000000000000000000e+00 1.000000000000000000e+00 0.000000000000000000e+00 0.000000000000000000e+00 0.000000000000000000e+00
4.750000000000000000e+03 1.899933414553189870e-02 0.000000000000000000e+00 1.000000000000000000e+00 0.000000000000000000e+00 0.000000000000000000e+00 0.000000000000000000e+00
5.000000000000000000e+03 1.999929910055997517e-02 0.000000000000000000e+00 1.000000000000000000e+00 0.000000000000000000e+00 0.000000000000000000e+00 0.000000000000000000e+00
5.250000000000000000e+03 2.099926405558782960e-02 0.000000000000000000e+00 1.000000000000000000e+00 0.000000000000000000e+00 0.000000000000000000e+00 0.000000000000000000e+00
5.500000000000000000e+03 2.199922901061590608e-02 0.000000000000000000e+00 1.000000000000000000e+00 0.000000000000000000e+00 0.000000000000000000e+00 0.000000000000000000e+00
5.750000000000000000e+03 2.299919396564398255e-02 0.000000000000000000e+00 1.000000000000000000e+00 0.000000000000000000e+00 0.000000000000000000e+00 0.000000000000000000e+00
6.000000000000000000e+03 2.399915892067183698e-02 0.000000000000000000e+00 1.000000000000000000e+00 0.000000000000000000e+00 0.000000000000000000e+00 0.000000000000000000e+00
6.250000000000000000e+03 2.499912387569991346e-02 0.000000000000000000e+00 1.000000000000000000e+00 0.000000000000000000e+00 0.000000000000000000e+00 0.000000000000000000e+00
6.500000000000000000e+03 2.599908883072798993e-02 0.000000000000000000e+00 1.000000000000000000e+00 0.000000000000000000e+00 0.000000000000000000e+00 0.000000000000000000e+00
6.750000000000000000e+03 2.699905378575584436e-02 0.000000000000000000e+00 1.000000000000000000e+00 0.000000000000000000e+00 0.000000000000000000e+00 0.000000000000000000e+00
7.000000000000000000e+03 2.799901874078392083e-02 0.000000000000000000e+00 1.000000000000000000e+00 0.000000000000000000e+00 0.000000000000000000e+00 0.000000000000000000e+00
7.250000000000000000e+03 2.899898369581177526e-02 0.000000000000000000e+00 1.000000000000000000e+00 0.000000000000000000e+00 0.000000000000000000e+00 0.000000000000000000e+00
7.500000000000000000e+03 2.999894865083985174e-02 0.000000000000000000e+00 1.000000000000000000e+00 0.000000000000000000e+00 0.000000000000000000e+00 0.000000000000000000e+00
7.750000000000000000e+03 3.099891360586792821e-02 0.000000000000000000e+00 1.000000000000000000e+00 0.000000000000000000e+00 0.000000000000000000e+00 0.000000000000000000e+00
8.000000000000000000e+03 3.199887856089578264e-02 0.000000000000000000e+00 1.000000000000000000e+00 0.000000000000000000e+00 0.000000000000000000e+00 0.000000000000000000e+00
8.250000000000000000e+03 3.299884351592385912e-02 4.551661356395084266e-04 9.995448338643604380e-01 0.000000000000000000e+00 0.000000000000000000e+00 0.000000000000000000e+00
8.500000000000000000e+03 3.399880847095193559e-02 1.137915339098771066e-04 9.998862084660901095e-01 0.000000000000000000e+00 0.000000000000000000e+00 0.000000000000000000e+00
8.750000000000000000e+03 3.499877342597979002e-02 0.000000000000000000e+00 1.000000000000000000e+00 0.000000000000000000e+00 0.000000000000000000e+00 0.000000000000000000e+00
9.000000000000000000e+03 3.599873838100786649e-02 3.413746017296313199e-04 9.996586253982703285e-01 0.000000000000000000e+00 0.000000000000000000e+00 0.000000000000000000e+00
9.250000000000000000e+03 3.699870333603594297e-02 0.000000000000000000e+00 1.000000000000000000e+00 0.000000000000000000e+00 0.000000000000000000e+00 0.000000000000000000e+00
9.500000000000000000e+03 3.799866829106379740e-02 1.137915339098771066e-04 9.998862084660901095e-01 0.000000000000000000e+00 0.000000000000000000e+00 0.000000000000000000e+00
9.750000000000000000e+03 3.899863324609187387e-02 0.000000000000000000e+00 1.000000000000000000e+00 0.000000000000000000e+00 0.000000000000000000e+00 0.000000000000000000e+00
1.000000000000000000e+04 3.999859820111972830e-02 0.000000000000000000e+00 1.000000000000000000e+00 0.000000000000000000e+00 0.000000000000000000e+00 0.000000000000000000e+00
1.025000000000000000e+04 4.099856315614780478e-02 0.000000000000000000e+00 1.000000000000000000e+00 0.000000000000000000e+00 0.000000000000000000e+00 0.000000000000000000e+00
1.050000000000000000e+04 4.199852811117588125e-02 0.000000000000000000e+00 1.000000000000000000e+00 0.000000000000000000e+00 0.000000000000000000e+00 0.000000000000000000e+00
1.075000000000000000e+04 4.299849306620373568e-02 0.000000000000000000e+00 1.000000000000000000e+00 0.000000000000000000e+00 0.000000000000000000e+00 0.000000000000000000e+00
1.100000000000000000e+04 4.399845802123181215e-02 1.137915339098771066e-04 9.998862084660901095e-01 0.000000000000000000e+00 0.000000000000000000e+00 0.000000000000000000e+00
1.125000000000000000e+04 4.499842297625988863e-02 0.000000000000000000e+00 1.000000000000000000e+00 0.000000000000000000e+00 0.000000000000000000e+00 0.000000000000000000e+00
1.150000000000000000e+04 4.599838793128774306e-02 1.137915339098771066e-04 9.998862084660901095e-01 0.000000000000000000e+00 0.000000000000000000e+00 0.000000000000000000e+00
1.175000000000000000e+04 4.699835288631581953e-02 0.000000000000000000e+00 1.000000000000000000e+00 0.000000000000000000e+00 0.000000000000000000e+00 0.000000000000000000e+00
1.200000000000000000e+04 4.799831784134389601e-02 1.137915339098771066e-04 9.998862084660901095e-01 0.000000000000000000e+00 0.000000000000000000e+00 0.000000000000000000e+00
1.225000000000000000e+04 4.899828279637175044e-02 0.000000000000000000e+00 1.000000000000000000e+00 0.000000000000000000e+00 0.000000000000000000e+00 0.000000000000000000e+00
1.250000000000000000e+04 4.999824775139982691e-02 5.689576695493854790e-04 9.994310423304506585e-01 0.000000000000000000e+00 0.000000000000000000e+00 0.000000000000000000e+00
1.275000000000000000e+04 5.099821270642768134e-02 4.551661356395084266e-04 9.995448338643604380e-01 0.000000000000000000e+00 0.000000000000000000e+00 0.000000000000000000e+00
1.300000000000000000e+04 5.199817766145575781e-02 0.000000000000000000e+00 1.000000000000000000e+00 0.000000000000000000e+00 0.000000000000000000e+00 0.000000000000000000e+00
1.325000000000000000e+04 5.299814261648383429e-02 7.965407373691396923e-04 9.992034592626308775e-01 0.000000000000000000e+00 0.000000000000000000e+00 0.000000000000000000e+00
1.350000000000000000e+04 5.399810757151168872e-02 3.413746017296313199e-04 9.996586253982703285e-01 0.000000000000000000e+00 0.000000000000000000e+00 0.000000000000000000e+00
1.375000000000000000e+04 5.499807252653976519e-02 6.827492034592626399e-04 9.993172507965407680e-01 0.000000000000000000e+00 0.000000000000000000e+00 0.000000000000000000e+00
1.400000000000000000e+04 5.599803748156784167e-02 1.137915339098771066e-04 9.998862084660901095e-01 0.000000000000000000e+00 0.000000000000000000e+00 0.000000000000000000e+00
1.425000000000000000e+04 5.699800243659569610e-02 9.103322712790168532e-04 9.990896677287209870e-01 0.000000000000000000e+00 0.000000000000000000e+00 0.000000000000000000e+00
1.450000000000000000e+04 5.799796739162377257e-02 1.479289940828402332e-03 9.985207100591716456e-01 0.000000000000000000e+00 0.000000000000000000e+00 0.000000000000000000e+00
1.475000000000000000e+04 5.899793234665184904e-02 5.689576695493854790e-04 9.994310423304506585e-01 0.000000000000000000e+00 0.000000000000000000e+00 0.000000000000000000e+00
1.500000000000000000e+04 5.999789730167970347e-02 3.413746017296313199e-04 9.995448338643604380e-01 0.000000000000000000e+00 1.137915339098771066e-04 0.000000000000000000e+00
1.525000000000000000e+04 6.099786225670777995e-02 2.275830678197542133e-04 9.996586253982703285e-01 0.000000000000000000e+00 1.137915339098771066e-04 0.000000000000000000e+00
1.550000000000000000e+04 6.199782721173563438e-02 1.137915339098770958e-03 9.988620846609012061e-01 0.000000000000000000e+00 0.000000000000000000e+00 0.000000000000000000e+00
1.575000000000000000e+04 6.299779216676371085e-02 2.275830678197542133e-04 9.997724169321802190e-01 0.000000000000000000e+00 0.000000000000000000e+00 0.000000000000000000e+00
1.600000000000000000e+04 6.399775712179178733e-02 1.593081474738279385e-03 9.984069185252617551e-01 0.000000000000000000e+00 0.000000000000000000e+00 0.000000000000000000e+00
1.625000000000000000e+04 6.499772207681964176e-02 9.103322712790168532e-04 9.989758761948110966e-01 0.000000000000000000e+00 1.137915339098771066e-04 0.000000000000000000e+00
1.650000000000000000e+04 6.599768703184771823e-02 2.275830678197542133e-04 9.997724169321802190e-01 0.000000000000000000e+00 0.000000000000000000e+00 0.000000000000000000e+00
1.675000000000000000e+04 6.699765198687579471e-02 4.551661356395084266e-04 9.994310423304506585e-01 0.000000000000000000e+00 1.137915339098771066e-04 0.000000000000000000e+00
1.700000000000000000e+04 6.799761694190364913e-02 1.137915339098771066e-04 9.998862084660901095e-01 0.000000000000000000e+00 0.000000000000000000e+00 0.000000000000000000e+00
1.725000000000000000e+04 6.899758189693172561e-02 7.965407373691396923e-04 9.992034592626308775e-01 0.000000000000000000e+00 0.000000000000000000e+00 0.000000000000000000e+00
1.750000000000000000e+04 6.999754685195980208e-02 4.551661356395084266e-04 9.994310423304506585e-01 0.000000000000000000e+00 1.137915339098771066e-04 0.000000000000000000e+00
1.775000000000000000e+04 7.099751180698765651e-02 3.413746017296313199e-04 9.996586253982703285e-01 0.000000000000000000e+00 0.000000000000000000e+00 0.000000000000000000e+00
1.800000000000000000e+04 7.199747676201573299e-02 1.251706873008648227e-03 9.987482931269913156e-01 0.000000000000000000e+00 0.000000000000000000e+00 0.000000000000000000e+00
1.825000000000000000e+04 7.299744171704358742e-02 2.162039144287664864e-03 9.976103777878926326e-01 0.000000000000000000e+00 2.275830678197542133e-04 0.000000000000000000e+00
1.850000000000000000e+04 7.399740667207166389e-02 1.137915339098770958e-03 9.988620846609012061e-01 0.000000000000000000e+00 0.000000000000000000e+00 0.000000000000000000e+00
1.875000000000000000e+04 7.499737162709974037e-02 9.103322712790168532e-04 9.990896677287209870e-01 0.000000000000000000e+00 0.000000000000000000e+00 0.000000000000000000e+00
1.900000000000000000e+04 7.599733658212759480e-02 1.024123805188893906e-03 9.988620846609012061e-01 0.000000000000000000e+00 1.137915339098771066e-04 0.000000000000000000e+00
1.925000000000000000e+04 7.699730153715567127e-02 7.965407373691396923e-04 9.992034592626308775e-01 0.000000000000000000e+00 0.000000000000000000e+00 0.000000000000000000e+00
1.950000000000000000e+04 7.799726649218374774e-02 1.137915339098770958e-03 9.987482931269913156e-01 0.000000000000000000e+00 1.137915339098771066e-04 0.000000000000000000e+00
1.975000000000000000e+04 7.899723144721160217e-02 9.103322712790168532e-04 9.990896677287209870e-01 0.000000000000000000e+00 0.000000000000000000e+00 0.000000000000000000e+00
2.000000000000000000e+04 7.999719640223967865e-02 1.251706873008648227e-03 9.986345015930814251e-01 0.000000000000000000e+00 1.137915339098771066e-04 0.000000000000000000e+00
2.025000000000000000e+04 8.099716135726775512e-02 1.251706873008648227e-03 9.986345015930814251e-01 0.000000000000000000e+00 1.137915339098771066e-04 0.000000000000000000e+00
2.050000000000000000e+04 8.199712631229560955e-02 1.934456076467910759e-03 9.980655439235320836e-01 0.000000000000000000e+00 0.000000000000000000e+00 0.000000000000000000e+00
2.075000000000000000e+04 8.299709126732368603e-02 1.706873008648156654e-03 9.982931269913518646e-01 0.000000000000000000e+00 0.000000000000000000e+00 0.000000000000000000e+00
2.100000000000000000e+04 8.399705622235176250e-02 1.593081474738279385e-03 9.984069185252617551e-01 0.000000000000000000e+00 0.000000000000000000e+00 0.000000000000000000e+00
2.125000000000000000e+04 8.499702117737961693e-02 2.617205279927173507e-03 9.972690031861629611e-01 0.000000000000000000e+00 1.137915339098771066e-04 0.000000000000000000e+00
2.150000000000000000e+04 8.599698613240769340e-02 2.958579881656804664e-03 9.970414201183431802e-01 0.000000000000000000e+00 0.000000000000000000e+00 0.000000000000000000e+00
2.175000000000000000e+04 8.699695108743554783e-02 1.479289940828402332e-03 9.985207100591716456e-01 0.000000000000000000e+00 0.000000000000000000e+00 0.000000000000000000e+00
2.200000000000000000e+04 8.799691604246362431e-02 2.389622212107419402e-03 9.974965862539827421e-01 0.000000000000000000e+00 1.137915339098771066e-04 0.000000000000000000e+00
2.225000000000000000e+04 8.899688099749170078e-02 2.162039144287664864e-03 9.977241693218024121e-01 0.000000000000000000e+00 1.137915339098771066e-04 0.000000000000000000e+00
2.250000000000000000e+04 8.999684595251955521e-02 1.479289940828402332e-03 9.985207100591716456e-01 0.000000000000000000e+00 0.000000000000000000e+00 0.000000000000000000e+00
2.275000000000000000e+04 9.099681090754763169e-02 2.844788347746927612e-03 9.971552116522530707e-01 0.000000000000000000e+00 0.000000000000000000e+00 0.000000000000000000e+00
2.300000000000000000e+04 9.199677586257570816e-02 9.103322712790168532e-04 9.990896677287209870e-01 0.000000000000000000e+00 0.000000000000000000e+00 0.000000000000000000e+00
2.325000000000000000e+04 9.299674081760356259e-02 2.162039144287664864e-03 9.978379608557123026e-01 0.000000000000000000e+00 0.000000000000000000e+00 0.000000000000000000e+00
2.350000000000000000e+04 9.399670577263163906e-02 3.868912152935821518e-03 9.961310878470641672e-01 0.000000000000000000e+00 0.000000000000000000e+00 0.000000000000000000e+00
2.375000000000000000e+04 9.499667072765971554e-02 3.982703686845699004e-03 9.960172963131542767e-01 0.000000000000000000e+00 0.000000000000000000e+00 0.000000000000000000e+00
2.400000000000000000e+04 9.599663568268756997e-02 3.527537551206190360e-03 9.964724624487938387e-01 0.000000000000000000e+00 0.000000000000000000e+00 0.000000000000000000e+00
2.425000000000000000e+04 9.699660063771564644e-02 2.958579881656804664e-03 9.970414201183431802e-01 0.000000000000000000e+00 0.000000000000000000e+00 0.000000000000000000e+00
2.450000000000000000e+04 9.799656559274350087e-02 6.941283568502503235e-03 9.929449248975875664e-01 0.000000000000000000e+00 1.137915339098771066e-04 0.000000000000000000e+00
2.475000000000000000e+04 9.899653054777157735e-02 1.934456076467910759e-03 9.979517523896221931e-01 0.000000000000000000e+00 1.137915339098771066e-04 0.000000000000000000e+00
2.500000000000000000e+04 9.999649550279965382e-02 7.396449704142011444e-03 9.926035502958580059e-01 0.000000000000000000e+00 0.000000000000000000e+00 0.000000000000000000e+00
2.525000000000000000e+04 1.009964604578275083e-01 5.689576695493855224e-03 9.939690487027764698e-01 0.000000000000000000e+00 3.413746017296313199e-04 0.000000000000000000e+00
2.550000000000000000e+04 1.019964254128555847e-01 5.120619025944469528e-03 9.948793809740554828e-01 0.000000000000000000e+00 0.000000000000000000e+00 0.000000000000000000e+00
2.575000000000000000e+04 1.029963903678836612e-01 5.917159763313609329e-03 9.940828402366863603e-01 0.000000000000000000e+00 0.000000000000000000e+00 0.000000000000000000e+00
2.600000000000000000e+04 1.039963553229115156e-01 5.234410559854347014e-03 9.947655894401457033e-01 0.000000000000000000e+00 0.000000000000000000e+00 0.000000000000000000e+00
2.625000000000000000e+04 1.049963202779395921e-01 7.168866636322257339e-03 9.928311333636777869e-01 0.000000000000000000e+00 0.000000000000000000e+00 0.000000000000000000e+00
2.650000000000000000e+04 1.059962852329676686e-01 5.917159763313609329e-03 9.940828402366863603e-01 0.000000000000000000e+00 0.000000000000000000e+00 0.000000000000000000e+00
2.675000000000000000e+04 1.069962501879955230e-01 4.210286754665453109e-03 9.957897132453344957e-01 0.000000000000000000e+00 0.000000000000000000e+00 0.000000000000000000e+00
2.700000000000000000e+04 1.079962151430235995e-01 7.396449704142011444e-03 9.921483841602184439e-01 0.000000000000000000e+00 4.551661356395084266e-04 0.000000000000000000e+00
2.725000000000000000e+04 1.089961800980514539e-01 8.648156577150659455e-03 9.912380518889394310e-01 0.000000000000000000e+00 1.137915339098771066e-04 0.000000000000000000e+00
2.750000000000000000e+04 1.099961450530795304e-01 6.827492034592626616e-03 9.931725079654073474e-01 0.000000000000000000e+00 0.000000000000000000e+00 0.000000000000000000e+00
2.775000000000000000e+04 1.109961100081076069e-01 7.510241238051888930e-03 9.924897587619481154e-01 0.000000000000000000e+00 0.000000000000000000e+00 0.000000000000000000e+00
2.800000000000000000e+04 1.119960749631354613e-01 9.330905780609922637e-03 9.906690942193900895e-01 0.000000000000000000e+00 0.000000000000000000e+00 0.000000000000000000e+00
2.825000000000000000e+04 1.129960399181635378e-01 7.510241238051888930e-03 9.923759672280382249e-01 0.000000000000000000e+00 1.137915339098771066e-04 0.000000000000000000e+00
2.850000000000000000e+04 1.139960048731916142e-01 8.875739644970414427e-03 9.910104688211197610e-01 0.000000000000000000e+00 1.137915339098771066e-04 0.000000000000000000e+00
2.875000000000000000e+04 1.149959698282194687e-01 7.737824305871643035e-03 9.921483841602184439e-01 0.000000000000000000e+00 1.137915339098771066e-04 0.000000000000000000e+00
2.900000000000000000e+04 1.159959347832475451e-01 9.786071916249430847e-03 9.902139280837505275e-01 0.000000000000000000e+00 0.000000000000000000e+00 0.000000000000000000e+00
2.925000000000000000e+04 1.169958997382756216e-01 1.228948566226672687e-02 9.877105143377332697e-01 0.000000000000000000e+00 0.000000000000000000e+00 0.000000000000000000e+00
2.950000000000000000e+04 1.179958646933034760e-01 9.786071916249430847e-03 9.901001365498406370e-01 0.000000000000000000e+00 1.137915339098771066e-04 0.000000000000000000e+00
2.975000000000000000e+04 1.189958296483315525e-01 1.183431952662721866e-02 9.881656804733728316e-01 0.000000000000000000e+00 0.000000000000000000e+00 0.000000000000000000e+00
3.000000000000000000e+04 1.199957946033594069e-01 1.388256713700500647e-02 9.861174328629950248e-01 0.000000000000000000e+00 0.000000000000000000e+00 0.000000000000000000e+00
3.025000000000000000e+04 1.209957595583874834e-01 8.989531178880291046e-03 9.907828857532999800e-01 0.000000000000000000e+00 2.275830678197542133e-04 0.000000000000000000e+00
3.050000000000000000e+04 1.219957245134155599e-01 1.183431952662721866e-02 9.881656804733728316e-01 0.000000000000000000e+00 0.000000000000000000e+00 0.000000000000000000e+00
3.075000000000000000e+04 1.229956894684434143e-01 1.251706873008648184e-02 9.874829312699134887e-01 0.000000000000000000e+00 0.000000000000000000e+00 0.000000000000000000e+00
3.100000000000000000e+04 1.239956544234714908e-01 1.388256713700500647e-02 9.861174328629950248e-01 0.000000000000000000e+00 0.000000000000000000e+00 0.000000000000000000e+00
3.125000000000000000e+04 1.249956193784995673e-01 1.593081474738279601e-02 9.839553937187073274e-01 0.000000000000000000e+00 1.137915339098771066e-04 0.000000000000000000e+00
3.150000000000000000e+04 1.259955843335274217e-01 1.718252162039144229e-02 9.827036868456986429e-01 0.000000000000000000e+00 1.137915339098771066e-04 0.000000000000000000e+00
3.175000000000000000e+04 1.269955492885554982e-01 1.388256713700500647e-02 9.860036413290851343e-01 0.000000000000000000e+00 1.137915339098771066e-04 0.000000000000000000e+00
3.200000000000000000e+04 1.279955142435835747e-01 1.627218934911242587e-02 9.836140191169776559e-01 0.000000000000000000e+00 1.137915339098771066e-04 0.000000000000000000e+00
3.225000000000000000e+04 1.289954791986114291e-01 1.638598088302230249e-02 9.835002275830677654e-01 0.000000000000000000e+00 1.137915339098771066e-04 0.000000000000000000e+00
3.250000000000000000e+04 1.299954441536395056e-01 1.615839781520254925e-02 9.838416021847974369e-01 0.000000000000000000e+00 0.000000000000000000e+00 0.000000000000000000e+00
3.275000000000000000e+04 1.309954091086673600e-01 2.139280837505689453e-02 9.784934000910332497e-01 0.000000000000000000e+00 1.137915339098771066e-04 0.000000000000000000e+00
3.300000000000000000e+04 1.319953740636954365e-01 2.309968138370505075e-02 9.767865270823851143e-01 0.000000000000000000e+00 1.137915339098771066e-04 0.000000000000000000e+00
3.325000000000000000e+04 1.329953390187235129e-01 2.196176604460628110e-02 9.779244424214837972e-01 0.000000000000000000e+00 1.137915339098771066e-04 0.000000000000000000e+00
3.350000000000000000e+04 1.339953039737513674e-01 1.581702321347291593e-02 9.840691852526172179e-01 0.000000000000000000e+00 1.137915339098771066e-04 0.000000000000000000e+00
3.375000000000000000e+04 1.349952689287794438e-01 2.105143377332726468e-02 9.789485662266727006e-01 0.000000000000000000e+00 0.000000000000000000e+00 0.000000000000000000e+00
3.400000000000000000e+04 1.359952338838075203e-01 2.048247610377787811e-02 9.791761492944924816e-01 0.000000000000000000e+00 3.413746017296313199e-04 0.000000000000000000e+00
3.425000000000000000e+04 1.369951988388353747e-01 2.651342740100136666e-02 9.734865725989986229e-01 0.000000000000000000e+00 0.000000000000000000e+00 0.000000000000000000e+00
3.450000000000000000e+04 1.379951637938634512e-01 2.776513427401001294e-02 9.722348657259899385e-01 0.000000000000000000e+00 0.000000000000000000e+00 0.000000000000000000e+00
3.475000000000000000e+04 1.389951287488915277e-01 2.742375967228038308e-02 9.724624487938097195e-01 0.000000000000000000e+00 1.137915339098771066e-04 0.000000000000000000e+00
3.500000000000000000e+04 1.399950937039193821e-01 3.322712790168411146e-02 9.666590805644059703e-01 0.000000000000000000e+00 1.137915339098771066e-04 0.000000000000000000e+00
3.525000000000000000e+04 1.409950586589474586e-01 2.389622212107419055e-02 9.761037778789257713e-01 0.000000000000000000e+00 0.000000000000000000e+00 0.000000000000000000e+00
3.550000000000000000e+04 1.419950236139753130e-01 3.356850250341374825e-02 9.662039144287665193e-01 0.000000000000000000e+00 2.275830678197542133e-04 0.000000000000000000e+00
3.575000000000000000e+04 1.429949885690033895e-01 3.140646335912607862e-02 9.685935366408738867e-01 0.000000000000000000e+00 0.000000000000000000e+00 0.000000000000000000e+00
3.600000000000000000e+04 1.439949535240314660e-01 4.062357760582612637e-02 9.593764223941738667e-01 0.000000000000000000e+00 0.000000000000000000e+00 0.000000000000000000e+00
3.625000000000000000e+04 1.449949184790593204e-01 2.844788347746927612e-02 9.714383249886208160e-01 0.000000000000000000e+00 1.137915339098771066e-04 0.000000000000000000e+00
3.650000000000000000e+04 1.459948834340873969e-01 3.390987710514337811e-02 9.660901228948566288e-01 0.000000000000000000e+00 0.000000000000000000e+00 0.000000000000000000e+00
3.675000000000000000e+04 1.469948483891154734e-01 4.164770141101502288e-02 9.583522985889849632e-01 0.000000000000000000e+00 0.000000000000000000e+00 0.000000000000000000e+00
3.700000000000000000e+04 1.479948133441433278e-01 4.005461993627674328e-02 9.598315885298134287e-01 0.000000000000000000e+00 1.137915339098771066e-04 0.000000000000000000e+00
3.725000000000000000e+04 1.489947782991714043e-01 4.380974055530268557e-02 9.561902594446972659e-01 0.000000000000000000e+00 0.000000000000000000e+00 0.000000000000000000e+00
3.750000000000000000e+04 1.499947432541994807e-01 4.631315430131998506e-02 9.535730541647701175e-01 0.000000000000000000e+00 1.137915339098771066e-04 0.000000000000000000e+00
3.775000000000000000e+04 1.509947082092273352e-01 5.075102412380518707e-02 9.491351843422849432e-01 0.000000000000000000e+00 1.137915339098771066e-04 0.000000000000000000e+00
3.800000000000000000e+04 1.519946731642554116e-01 5.143377332726445372e-02 9.484524351388257113e-01 0.000000000000000000e+00 1.137915339098771066e-04 0.000000000000000000e+00
3.825000000000000000e+04 1.529946381192832661e-01 4.927173418297678409e-02 9.507282658170231882e-01 0.000000000000000000e+00 0.000000000000000000e+00 0.000000000000000000e+00
3.850000000000000000e+04 1.539946030743113425e-01 4.938552571688666071e-02 9.506144742831132977e-01 0.000000000000000000e+00 0.000000000000000000e+00 0.000000000000000000e+00
3.875000000000000000e+04 1.549945680293394190e-01 5.496131087847064278e-02 9.450386891215293295e-01 0.000000000000000000e+00 0.000000000000000000e+00 0.000000000000000000e+00
3.900000000000000000e+04 1.559945329843672734e-01 5.632680928538916915e-02 9.436731907146108655e-01 0.000000000000000000e+00 0.000000000000000000e+00 0.000000000000000000e+00
3.925000000000000000e+04 1.569944979393953499e-01 6.770596267637687959e-02 9.322940373236231482e-01 0.000000000000000000e+00 0.000000000000000000e+00 0.000000000000000000e+00
3.950000000000000000e+04 1.579944628944234264e-01 6.736458807464724974e-02 9.325216203914429292e-01 0.000000000000000000e+00 1.137915339098771066e-04 0.000000000000000000e+00
3.975000000000000000e+04 1.589944278494512808e-01 6.690942193900774326e-02 9.329767865270823801e-01 0.000000000000000000e+00 1.137915339098771066e-04 0.000000000000000000e+00
4.000000000000000000e+04 1.599943928044793573e-01 6.486117432862995025e-02 9.351388256713700775e-01 0.000000000000000000e+00 0.000000000000000000e+00 0.000000000000000000e+00
4.025000000000000000e+04 1.609943577595074338e-01 7.282658170232134132e-02 9.271734182976786309e-01 0.000000000000000000e+00 0.000000000000000000e+00 0.000000000000000000e+00
4.050000000000000000e+04 1.619943227145352882e-01 6.326809285389166371e-02 9.367319071461083224e-01 0.000000000000000000e+00 0.000000000000000000e+00 0.000000000000000000e+00
4.075000000000000000e+04 1.629942876695633647e-01 8.409194355939918208e-02 9.159080564406008040e-01 0.000000000000000000e+00 0.000000000000000000e+00 0.000000000000000000e+00
4.100000000000000000e+04 1.639942526245912191e-01 7.055075102412380894e-02 9.294492489758762188e-01 0.000000000000000000e+00 0.000000000000000000e+00 0.000000000000000000e+00
4.125000000000000000e+04 1.649942175796192956e-01 8.818843878015475424e-02 9.116977696859354108e-01 0.000000000000000000e+00 1.137915339098771066e-04 0.000000000000000000e+00
4.150000000000000000e+04 1.659941825346473721e-01 8.864360491579426071e-02 9.111288120163859583e-01 2.275830678197542133e-04 0.000000000000000000e+00 0.000000000000000000e+00
4.175000000000000000e+04 1.669941474896752265e-01 9.239872553482020301e-02 9.074874829312699065e-01 0.000000000000000000e+00 1.137915339098771066e-04 0.000000000000000000e+00
4.200000000000000000e+04 1.679941124447033030e-01 9.740555302685480199e-02 9.023668639053253893e-01 1.137915339098771066e-04 1.137915339098771066e-04 0.000000000000000000e+00
4.225000000000000000e+04 1.689940773997313794e-01 1.087847064178425194e-01 8.911015020482475624e-01 1.137915339098771066e-04 0.000000000000000000e+00 0.000000000000000000e+00
4.250000000000000000e+04 1.699940423547592339e-01 1.242603550295857950e-01 8.756258534365043422e-01 1.137915339098771066e-04 0.000000000000000000e+00 0.000000000000000000e+00
4.275000000000000000e+04 1.709940073097873103e-01 1.104915794264906687e-01 8.892808375056895365e-01 1.137915339098771066e-04 1.137915339098771066e-04 0.000000000000000000e+00
4.300000000000000000e+04 1.719939722648153868e-01 1.154984069185252676e-01 8.842740100136550208e-01 1.137915339098771066e-04 1.137915339098771066e-04 0.000000000000000000e+00
4.325000000000000000e+04 1.729939372198432412e-01 1.307464724624488039e-01 8.692535275375512516e-01 0.000000000000000000e+00 0.000000000000000000e+00 0.000000000000000000e+00
4.350000000000000000e+04 1.739939021748713177e-01 1.324533454710969393e-01 8.675466545289030051e-01 0.000000000000000000e+00 0.000000000000000000e+00 0.000000000000000000e+00
4.375000000000000000e+04 1.749938671298991721e-01 1.162949476558944040e-01 8.834774692762858983e-01 1.137915339098771066e-04 1.137915339098771066e-04 0.000000000000000000e+00
4.400000000000000000e+04 1.759938320849272486e-01 1.379153390987710448e-01 8.620846609012289274e-01 0.000000000000000000e+00 0.000000000000000000e+00 0.000000000000000000e+00
4.425000000000000000e+04 1.769937970399553251e-01 1.441738734638143005e-01 8.558261265361857273e-01 0.000000000000000000e+00 0.000000000000000000e+00 0.000000000000000000e+00
4.450000000000000000e+04 1.779937619949831795e-01 1.569185252617205373e-01 8.430814747382794350e-01 0.000000000000000000e+00 0.000000000000000000e+00 0.000000000000000000e+00
4.475000000000000000e+04 1.789937269500112560e-01 1.455393718707328199e-01 8.542330450614474824e-01 0.000000000000000000e+00 2.275830678197542133e-04 0.000000000000000000e+00
4.500000000000000000e+04 1.799936919050393325e-01 1.516841147018661851e-01 8.483158852981338427e-01 0.000000000000000000e+00 0.000000000000000000e+00 0.000000000000000000e+00
4.525000000000000000e+04 1.809936568600671869e-01 1.669321802457897075e-01 8.327264451524806210e-01 0.000000000000000000e+00 3.413746017296313199e-04 0.000000000000000000e+00
4.550000000000000000e+04 1.819936218150952634e-01 1.656804733727810786e-01 8.338643604915794150e-01 2.275830678197542133e-04 2.275830678197542133e-04 0.000000000000000000e+00
4.575000000000000000e+04 1.829935867701233398e-01 1.744424214838415921e-01 8.252162039144287364e-01 2.275830678197542133e-04 1.137915339098771066e-04 0.000000000000000000e+00
4.600000000000000000e+04 1.839935517251511943e-01 1.912835685025034149e-01 8.076923076923077094e-01 7.965407373691396923e-04 2.275830678197542133e-04 0.000000000000000000e+00
4.625000000000000000e+04 1.849935166801792708e-01 2.251934456076467861e-01 7.697997269003186149e-01 4.437869822485207214e-03 5.689576695493854790e-04 0.000000000000000000e+00
4.650000000000000000e+04 1.859934816352071252e-01 2.633136094674556338e-01 7.232589895311788419e-01 1.194811106053709528e-02 1.479289940828402332e-03 0.000000000000000000e+00
4.675000000000000000e+04 1.869934465902352017e-01 3.389849795175238767e-01 6.374601729631315106e-01 1.832043695949021542e-02 5.234410559854347014e-03 0.000000000000000000e+00
4.700000000000000000e+04 1.879934115452632781e-01 3.973600364132908735e-01 5.593991807009558448e-01 3.743741465634956717e-02 5.803368229403732710e-03 0.000000000000000000e+00
4.725000000000000000e+04 1.889933765002911326e-01 4.344560764679107900e-01 4.871415566681838727e-01 6.804733727810650945e-02 1.035502958579881741e-02 0.000000000000000000e+00
4.750000000000000000e+04 1.899933414553192090e-01 4.243286299499317016e-01 4.623350022758306865e-01 9.751934456076467861e-02 1.581702321347291593e-02 0.000000000000000000e+00
4.775000000000000000e+04 1.909933064103472855e-01 3.939462903959945472e-01 4.985207100591715901e-01 9.433318161128811941e-02 1.319981793354574502e-02 0.000000000000000000e+00
4.800000000000000000e+04 1.919932713653751399e-01 3.675466545289030607e-01 5.139963586709148657e-01 1.090122894856622726e-01 9.444697314519799256e-03 0.000000000000000000e+00
4.825000000000000000e+04 1.929932363204032164e-01 3.621984524351388179e-01 5.036413290851160518e-01 1.261948111060537114e-01 7.965407373691398007e-03 0.000000000000000000e+00
4.850000000000000000e+04 1.939932012754312929e-01 3.549157942649067143e-01 5.053482020937641872e-01 1.327947200728265831e-01 6.941283568502503235e-03 0.000000000000000000e+00
4.875000000000000000e+04 1.949931662304591473e-01 3.525261720527992915e-01 5.047792444242148457e-01 1.330223031406463363e-01 9.672280382339554228e-03 0.000000000000000000e+00
4.900000000000000000e+04 1.959931311854872238e-01 3.444469731451980099e-01 5.062585343650432002e-01 1.407601274465179741e-01 8.534365043240782836e-03 0.000000000000000000e+00
4.925000000000000000e+04 1.969930961405150782e-01 3.315885298133818826e-01 5.087619481110605690e-01 1.507737824305871721e-01 8.875739644970414427e-03 0.000000000000000000e+00
4.950000000000000000e+04 1.979930610955431547e-01 3.219162494310423561e-01 5.136549840691853053e-01 1.561219845243513871e-01 8.306781975421027864e-03 0.000000000000000000e+00
4.975000000000000000e+04 1.989930260505712312e-01 3.222576240327719721e-01 5.147928994082839882e-01 1.546426945835229771e-01 8.306781975421027864e-03 0.000000000000000000e+00
5.000000000000000000e+04 1.999929910055990856e-01 3.182749203459262488e-01 5.146791078743740977e-01 1.570323167956304000e-01 1.001365498406918582e-02 0.000000000000000000e+00
5.025000000000000000e+04 2.009929559606271621e-01 3.149749658625398130e-01 5.205962676376877374e-01 1.558944014565316338e-01 8.534365043240782836e-03 0.000000000000000000e+00
5.050000000000000000e+04 2.019929209156552385e-01 3.178197542102867423e-01 5.178652708238506985e-01 1.572598998634501533e-01 7.055075102412380721e-03 0.000000000000000000e+00
5.075000000000000000e+04 2.029928858706830930e-01 3.189576695493855363e-01 5.191169776968593830e-01 1.550978607191624836e-01 6.827492034592626616e-03 0.000000000000000000e+00
5.100000000000000000e+04 2.039928508257111694e-01 3.157715065999089910e-01 5.186618115612198210e-01 1.585116067364588099e-01 7.055075102412380721e-03 0.000000000000000000e+00
5.125000000000000000e+04 2.049928157807392459e-01 3.114474283113336517e-01 5.188893946290396020e-01 1.620391442876649990e-01 7.624032771961766417e-03 0.000000000000000000e+00
5.150000000000000000e+04 2.059927807357671004e-01 3.112198452435138707e-01 5.193445607646790529e-01 1.620391442876649990e-01 7.396449704142011444e-03 0.000000000000000000e+00
5.175000000000000000e+04 2.069927456907951768e-01 3.115612198452434867e-01 5.208238507055075184e-01 1.603322712790168358e-01 7.282658170232134826e-03 0.000000000000000000e+00
5.200000000000000000e+04 2.079927106458230313e-01 3.088302230314064478e-01 5.252617205279926926e-01 1.582840236686390567e-01 7.624032771961766417e-03 0.000000000000000000e+00
5.225000000000000000e+04 2.089926756008511077e-01 3.105370960400546387e-01 5.210514337733272994e-01 1.607874374146563423e-01 7.624032771961766417e-03 0.000000000000000000e+00
5.250000000000000000e+04 2.099926405558791842e-01 3.103095129722348577e-01 5.186618115612198210e-01 1.653390987710514348e-01 5.689576695493855224e-03 0.000000000000000000e+00
5.275000000000000000e+04 2.109926055109070386e-01 3.091715976331361193e-01 5.183204369594902605e-01 1.627218934911242587e-01 9.786071916249430847e-03 0.000000000000000000e+00
5.300000000000000000e+04 2.119925704659351151e-01 3.090578060992262288e-01 5.191169776968593830e-01 1.640873918980427781e-01 7.737824305871643035e-03 0.000000000000000000e+00
5.325000000000000000e+04 2.129925354209631916e-01 3.087164314974966128e-01 5.174101046882112476e-01 1.651115157032316816e-01 8.761948111060537808e-03 0.000000000000000000e+00
5.350000000000000000e+04 2.139925003759910460e-01 3.112198452435138707e-01 5.160446062812926726e-01 1.646563495675921751e-01 8.079198907601274626e-03 0.000000000000000000e+00
5.375000000000000000e+04 2.149924653310191225e-01 3.125853436504323901e-01 5.121756941283568398e-01 1.671597633136094607e-01 8.079198907601274626e-03 0.000000000000000000e+00
5.400000000000000000e+04 2.159924302860471990e-01 3.128129267182521711e-01 5.121756941283568398e-01 1.682976786527082269e-01 6.713700500682749130e-03 0.000000000000000000e+00
5.425000000000000000e+04 2.169923952410750534e-01 3.059854346836595185e-01 5.135411925352754148e-01 1.727355484751934567e-01 7.737824305871643035e-03 0.000000000000000000e+00
5.450000000000000000e+04 2.179923601961031299e-01 3.014337733272644537e-01 5.168411470186617951e-01 1.738734638142922229e-01 7.851615839781519654e-03 0.000000000000000000e+00
5.475000000000000000e+04 2.189923251511309843e-01 2.991579426490669213e-01 5.172963131543013571e-01 1.772872098315885214e-01 6.258534365043240920e-03 0.000000000000000000e+00
5.500000000000000000e+04 2.199922901061590608e-01 3.022303140646335762e-01 5.155894401456531106e-01 1.758079198907601393e-01 6.372325898953117539e-03 0.000000000000000000e+00
5.525000000000000000e+04 2.209922550611871372e-01 2.987027765134274149e-01 5.147928994082839882e-01 1.794492489758761911e-01 7.055075102412380721e-03 0.000000000000000000e+00
5.550000000000000000e+04 2.219922200162149917e-01 3.030268548020027541e-01 5.055757851615839682e-01 1.863905325443787064e-01 5.006827492034592909e-03 0.000000000000000000e+00
5.575000000000000000e+04 2.229921849712430681e-01 3.008648156577150568e-01 5.044378698224851743e-01 1.893491124260354985e-01 5.348202093764223633e-03 0.000000000000000000e+00
5.600000000000000000e+04 2.239921499262711446e-01 2.946062812926718011e-01 5.058033682294037492e-01 1.932180245789713313e-01 6.372325898953117539e-03 0.000000000000000000e+00
5.625000000000000000e+04 2.249921148812989991e-01 2.964269458352298825e-01 5.073964497041419941e-01 1.910559854346836617e-01 5.120619025944469528e-03 0.000000000000000000e+00
5.650000000000000000e+04 2.259920798363270755e-01 2.899408284023668458e-01 5.145653163404643182e-01 1.900318616294947582e-01 5.461993627674101119e-03 0.000000000000000000e+00
5.675000000000000000e+04 2.269920447913551520e-01 2.972234865725990050e-01 5.131998179335457433e-01 1.861629494765589532e-01 3.413746017296313308e-03 0.000000000000000000e+00
