# itime ezz other fcc hcp bcc ico
0.000000000000000000e+00 0.000000000000000000e+00 0.000000000000000000e+00 1.000000000000000000e+00 0.000000000000000000e+00 0.000000000000000000e+00 0.000000000000000000e+00
3.000000000000000000e+00 1.199939832830843045e-03 0.000000000000000000e+00 1.000000000000000000e+00 0.000000000000000000e+00 0.000000000000000000e+00 0.000000000000000000e+00
6.000000000000000000e+00 2.399879665661686090e-03 0.000000000000000000e+00 1.000000000000000000e+00 0.000000000000000000e+00 0.000000000000000000e+00 0.000000000000000000e+00
9.000000000000000000e+00 3.599819498492529135e-03 0.000000000000000000e+00 1.000000000000000000e+00 0.000000000000000000e+00 0.000000000000000000e+00 0.000000000000000000e+00
1.200000000000000000e+01 4.799759331323372180e-03 0.000000000000000000e+00 1.000000000000000000e+00 0.000000000000000000e+00 0.000000000000000000e+00 0.000000000000000000e+00
1.500000000000000000e+01 5.999699164154215225e-03 0.000000000000000000e+00 1.000000000000000000e+00 0.000000000000000000e+00 0.000000000000000000e+00 0.000000000000000000e+00
1.800000000000000000e+01 7.199638996984836226e-03 0.000000000000000000e+00 1.000000000000000000e+00 0.000000000000000000e+00 0.000000000000000000e+00 0.000000000000000000e+00
2.100000000000000000e+01 8.399578829815679271e-03 0.000000000000000000e+00 1.000000000000000000e+00 0.000000000000000000e+00 0.000000000000000000e+00 0.000000000000000000e+00
2.400000000000000000e+01 9.599518662646522316e-03 0.000000000000000000e+00 1.000000000000000000e+00 0.000000000000000000e+00 0.000000000000000000e+00 0.000000000000000000e+00
2.700000000000000000e+01 1.079945849547736536e-02 0.000000000000000000e+00 1.000000000000000000e+00 0.000000000000000000e+00 0.000000000000000000e+00 0.000000000000000000e+00
3.000000000000000000e+01 1.199939832830820841e-02 0.000000000000000000e+00 1.000000000000000000e+00 0.000000000000000000e+00 0.000000000000000000e+00 0.000000000000000000e+00
3.300000000000000000e+01 1.319933816113905145e-02 0.000000000000000000e+00 1.000000000000000000e+00 0.000000000000000000e+00 0.000000000000000000e+00 0.000000000000000000e+00
3.600000000000000000e+01 1.439927799396989450e-02 0.000000000000000000e+00 1.000000000000000000e+00 0.000000000000000000e+00 0.000000000000000000e+00 0.000000000000000000e+00
3.900000000000000000e+01 1.559921782680073754e-02 0.000000000000000000e+00 1.000000000000000000e+00 0.000000000000000000e+00 0.000000000000000000e+00 0.000000000000000000e+00
4.200000000000000000e+01 1.679915765963158059e-02 0.000000000000000000e+00 1.000000000000000000e+00 0.000000000000000000e+00 0.000000000000000000e+00 0.000000000000000000e+00
4.500000000000000000e+01 1.799909749246242363e-02 0.000000000000000000e+00 1.000000000000000000e+00 0.000000000000000000e+00 0.000000000000000000e+00 0.000000000000000000e+00
4.800000000000000000e+01 1.919903732529304463e-02 0.000000000000000000e+00 1.000000000000000000e+00 0.000000000000000000e+00 0.000000000000000000e+00 0.000000000000000000e+00
5.100000000000000000e+01 2.039897715812388768e-02 0.000000000000000000e+00 1.000000000000000000e+00 0.000000000000000000e+00 0.000000000000000000e+00 0.000000000000000000e+00
5.400000000000000000e+01 2.159891699095473072e-02 0.000000000000000000e+00 1.000000000000000000e+00 0.000000000000000000e+00 0.000000000000000000e+00 0.000000000000000000e+00
5.700000000000000000e+01 2.279885682378557377e-02 0.000000000000000000e+00 1.000000000000000000e+00 0.000000000000000000e+00 0.000000000000000000e+00 0.000000000000000000e+00
6.000000000000000000e+01 2.399879665661641681e-02 0.000000000000000000e+00 1.000000000000000000e+00 0.000000000000000000e+00 0.000000000000000000e+00 0.000000000000000000e+00
6.300000000000000000e+01 2.519873648944725986e-02 0.000000000000000000e+00 1.000000000000000000e+00 0.000000000000000000e+00 0.000000000000000000e+00 0.000000000000000000e+00
6.600000000000000000e+01 2.639867632227810290e-02 0.000000000000000000e+00 1.000000000000000000e+00 0.000000000000000000e+00 0.000000000000000000e+00 0.000000000000000000e+00
6.900000000000000000e+01 2.759861615510894595e-02 0.000000000000000000e+00 1.000000000000000000e+00 0.000000000000000000e+00 0.000000000000000000e+00 0.000000000000000000e+00
7.200000000000000000e+01 2.879855598793978899e-02 0.000000000000000000e+00 1.000000000000000000e+00 0.000000000000000000e+00 0.000000000000000000e+00 0.000000000000000000e+00
7.500000000000000000e+01 2.999849582077063204e-02 0.000000000000000000e+00 1.000000000000000000e+00 0.000000000000000000e+00 0.000000000000000000e+00 0.000000000000000000e+00
7.800000000000000000e+01 3.119843565360125304e-02 0.000000000000000000e+00 1.000000000000000000e+00 0.000000000000000000e+00 0.000000000000000000e+00 0.000000000000000000e+00
8.100000000000000000e+01 3.239837548643209608e-02 0.000000000000000000e+00 1.000000000000000000e+00 0.000000000000000000e+00 0.000000000000000000e+00 0.000000000000000000e+00
8.400000000000000000e+01 3.359831531926293913e-02 0.000000000000000000e+00 1.000000000000000000e+00 0.000000000000000000e+00 0.000000000000000000e+00 0.000000000000000000e+00
8.700000000000000000e+01 3.479825515209378217e-02 0.000000000000000000e+00 1.000000000000000000e+00 0.000000000000000000e+00 0.000000000000000000e+00 0.000000000000000000e+00
9.000000000000000000e+01 3.599819498492462522e-02 0.000000000000000000e+00 1.000000000000000000e+00 0.000000000000000000e+00 0.000000000000000000e+00 0.000000000000000000e+00
9.300000000000000000e+01 3.719813481775546826e-02 0.000000000000000000e+00 1.000000000000000000e+00 0.000000000000000000e+00 0.000000000000000000e+00 0.000000000000000000e+00
9.600000000000000000e+01 3.839807465058631131e-02 0.000000000000000000e+00 1.000000000000000000e+00 0.000000000000000000e+00 0.000000000000000000e+00 0.000000000000000000e+00
9.900000000000000000e+01 3.959801448341715435e-02 0.000000000000000000e+00 1.000000000000000000e+00 0.000000000000000000e+00 0.000000000000000000e+00 0.000000000000000000e+00
1.020000000000000000e+02 4.079795431624799740e-02 0.000000000000000000e+00 1.000000000000000000e+00 0.000000000000000000e+00 0.000000000000000000e+00 0.000000000000000000e+00
1.050000000000000000e+02 4.199789414907884044e-02 0.000000000000000000e+00 1.000000000000000000e+00 0.000000000000000000e+00 0.000000000000000000e+00 0.000000000000000000e+00
1.080000000000000000e+02 4.319783398190968349e-02 0.000000000000000000e+00 1.000000000000000000e+00 0.000000000000000000e+00 0.000000000000000000e+00 0.000000000000000000e+00
1.110000000000000000e+02 4.439777381474030449e-02 0.000000000000000000e+00 1.000000000000000000e+00 0.000000000000000000e+00 0.000000000000000000e+00 0.000000000000000000e+00
1.140000000000000000e+02 4.559771364757114753e-02 0.000000000000000000e+00 1.000000000000000000e+00 0.000000000000000000e+00 0.000000000000000000e+00 0.000000000000000000e+00
1.170000000000000000e+02 4.679765348040199058e-02 0.000000000000000000e+00 1.000000000000000000e+00 0.000000000000000000e+00 0.000000000000000000e+00 0.000000000000000000e+00
1.200000000000000000e+02 4.799759331323283362e-02 0.000000000000000000e+00 1.000000000000000000e+00 0.000000000000000000e+00 0.000000000000000000e+00 0.000000000000000000e+00
1.230000000000000000e+02 4.919753314606367667e-02 0.000000000000000000e+00 1.000000000000000000e+00 0.000000000000000000e+00 0.000000000000000000e+00 0.000000000000000000e+00
1.260000000000000000e+02 5.039747297889451971e-02 0.000000000000000000e+00 1.000000000000000000e+00 0.000000000000000000e+00 0.000000000000000000e+00 0.000000000000000000e+00
1.290000000000000000e+02 5.159741281172536276e-02 0.000000000000000000e+00 1.000000000000000000e+00 0.000000000000000000e+00 0.000000000000000000e+00 0.000000000000000000e+00
1.320000000000000000e+02 5.279735264455620580e-02 0.000000000000000000e+00 1.000000000000000000e+00 0.000000000000000000e+00 0.000000000000000000e+00 0.000000000000000000e+00
1.350000000000000000e+02 5.399729247738704885e-02 0.000000000000000000e+00 1.000000000000000000e+00 0.000000000000000000e+00 0.000000000000000000e+00 0.000000000000000000e+00
1.380000000000000000e+02 5.519723231021789189e-02 0.000000000000000000e+00 1.000000000000000000e+00 0.000000000000000000e+00 0.000000000000000000e+00 0.000000000000000000e+00
1.410000000000000000e+02 5.639717214304851289e-02 0.000000000000000000e+00 1.000000000000000000e+00 0.000000000000000000e+00 0.000000000000000000e+00 0.000000000000000000e+00
1.440000000000000000e+02 5.759711197587935594e-02 0.000000000000000000e+00 1.000000000000000000e+00 0.000000000000000000e+00 0.000000000000000000e+00 0.000000000000000000e+00
1.470000000000000000e+02 5.879705180871019898e-02 0.000000000000000000e+00 1.000000000000000000e+00 0.000000000000000000e+00 0.000000000000000000e+00 0.000000000000000000e+00
1.500000000000000000e+02 5.999699164154104203e-02 0.000000000000000000e+00 1.000000000000000000e+00 0.000000000000000000e+00 0.000000000000000000e+00 0.000000000000000000e+00
1.530000000000000000e+02 6.119693147437188507e-02 0.000000000000000000e+00 1.000000000000000000e+00 0.000000000000000000e+00 0.000000000000000000e+00 0.000000000000000000e+00
1.560000000000000000e+02 6.239687130720272812e-02 0.000000000000000000e+00 1.000000000000000000e+00 0.000000000000000000e+00 0.000000000000000000e+00 0.000000000000000000e+00
1.590000000000000000e+02 6.359681114003357116e-02 0.000000000000000000e+00 1.000000000000000000e+00 0.000000000000000000e+00 0.000000000000000000e+00 0.000000000000000000e+00
1.620000000000000000e+02 6.479675097286441421e-02 0.000000000000000000e+00 1.000000000000000000e+00 0.000000000000000000e+00 0.000000000000000000e+00 0.000000000000000000e+00
1.650000000000000000e+02 6.599669080569525725e-02 0.000000000000000000e+00 1.000000000000000000e+00 0.000000000000000000e+00 0.000000000000000000e+00 0.000000000000000000e+00
1.680000000000000000e+02 6.719663063852610030e-02 0.000000000000000000e+00 1.000000000000000000e+00 0.000000000000000000e+00 0.000000000000000000e+00 0.000000000000000000e+00
1.710000000000000000e+02 6.839657047135672130e-02 0.000000000000000000e+00 1.000000000000000000e+00 0.000000000000000000e+00 0.000000000000000000e+00 0.000000000000000000e+00
1.740000000000000000e+02 6.959651030418756434e-02 0.000000000000000000e+00 1.000000000000000000e+00 0.000000000000000000e+00 0.000000000000000000e+00 0.000000000000000000e+00
1.770000000000000000e+02 7.079645013701840739e-02 0.000000000000000000e+00 1.000000000000000000e+00 0.000000000000000000e+00 0.000000000000000000e+00 0.000000000000000000e+00
1.800000000000000000e+02 7.199638996984925043e-02 1.137915339098771066e-04 9.998862084660901095e-01 0.000000000000000000e+00 0.000000000000000000e+00 0.000000000000000000e+00
1.830000000000000000e+02 7.319632980268009348e-02 0.000000000000000000e+00 1.000000000000000000e+00 0.000000000000000000e+00 0.000000000000000000e+00 0.000000000000000000e+00
1.860000000000000000e+02 7.439626963551093652e-02 0.000000000000000000e+00 1.000000000000000000e+00 0.000000000000000000e+00 0.000000000000000000e+00 0.000000000000000000e+00
1.890000000000000000e+02 7.559620946834177957e-02 0.000000000000000000e+00 1.000000000000000000e+00 0.000000000000000000e+00 0.000000000000000000e+00 0.000000000000000000e+00
1.920000000000000000e+02 7.679614930117262261e-02 0.000000000000000000e+00 1.000000000000000000e+00 0.000000000000000000e+00 0.000000000000000000e+00 0.000000000000000000e+00
1.950000000000000000e+02 7.799608913400346566e-02 0.000000000000000000e+00 1.000000000000000000e+00 0.000000000000000000e+00 0.000000000000000000e+00 0.000000000000000000e+00
1.980000000000000000e+02 7.919602896683430870e-02 0.000000000000000000e+00 1.000000000000000000e+00 0.000000000000000000e+00 0.000000000000000000e+00 0.000000000000000000e+00
2.010000000000000000e+02 8.039596879966492970e-02 0.000000000000000000e+00 1.000000000000000000e+00 0.000000000000000000e+00 0.000000000000000000e+00 0.000000000000000000e+00
2.040000000000000000e+02 8.159590863249577275e-02 0.000000000000000000e+00 1.000000000000000000e+00 0.000000000000000000e+00 0.000000000000000000e+00 0.000000000000000000e+00
2.070000000000000000e+02 8.279584846532661579e-02 0.000000000000000000e+00 1.000000000000000000e+00 0.000000000000000000e+00 0.000000000000000000e+00 0.000000000000000000e+00
2.100000000000000000e+02 8.399578829815745884e-02 0.000000000000000000e+00 1.000000000000000000e+00 0.000000000000000000e+00 0.000000000000000000e+00 0.000000000000000000e+00
2.130000000000000000e+02 8.519572813098830188e-02 3.413746017296313199e-04 9.996586253982703285e-01 0.000000000000000000e+00 0.000000000000000000e+00 0.000000000000000000e+00
2.160000000000000000e+02 8.639566796381914493e-02 3.413746017296313199e-04 9.996586253982703285e-01 0.000000000000000000e+00 0.000000000000000000e+00 0.000000000000000000e+00
2.190000000000000000e+02 8.759560779664998798e-02 1.137915339098771066e-04 9.998862084660901095e-01 0.000000000000000000e+00 0.000000000000000000e+00 0.000000000000000000e+00
2.220000000000000000e+02 8.879554762948083102e-02 3.413746017296313199e-04 9.996586253982703285e-01 0.000000000000000000e+00 0.000000000000000000e+00 0.000000000000000000e+00
2.250000000000000000e+02 8.999548746231167407e-02 6.827492034592626399e-04 9.993172507965407680e-01 0.000000000000000000e+00 0.000000000000000000e+00 0.000000000000000000e+00
2.280000000000000000e+02 9.119542729514251711e-02 2.275830678197542133e-04 9.997724169321802190e-01 0.000000000000000000e+00 0.000000000000000000e+00 0.000000000000000000e+00
2.310000000000000000e+02 9.239536712797336016e-02 4.551661356395084266e-04 9.995448338643604380e-01 0.000000000000000000e+00 0.000000000000000000e+00 0.000000000000000000e+00
2.340000000000000000e+02 9.359530696080398116e-02 5.689576695493854790e-04 9.994310423304506585e-01 0.000000000000000000e+00 0.000000000000000000e+00 0.000000000000000000e+00
2.370000000000000000e+02 9.479524679363482420e-02 4.551661356395084266e-04 9.995448338643604380e-01 0.000000000000000000e+00 0.000000000000000000e+00 0.000000000000000000e+00
2.400000000000000000e+02 9.599518662646566725e-02 1.137915339098771066e-04 9.998862084660901095e-01 0.000000000000000000e+00 0.000000000000000000e+00 0.000000000000000000e+00
2.430000000000000000e+02 9.719512645929651029e-02 2.275830678197542133e-04 9.997724169321802190e-01 0.000000000000000000e+00 0.000000000000000000e+00 0.000000000000000000e+00
2.460000000000000000e+02 9.839506629212735334e-02 1.137915339098771066e-04 9.998862084660901095e-01 0.000000000000000000e+00 0.000000000000000000e+00 0.000000000000000000e+00
2.490000000000000000e+02 9.959500612495819638e-02 0.000000000000000000e+00 1.000000000000000000e+00 0.000000000000000000e+00 0.000000000000000000e+00 0.000000000000000000e+00
2.520000000000000000e+02 1.007949459577890394e-01 4.551661356395084266e-04 9.995448338643604380e-01 0.000000000000000000e+00 0.000000000000000000e+00 0.000000000000000000e+00
2.550000000000000000e+02 1.019948857906198825e-01 1.137915339098770958e-03 9.988620846609012061e-01 0.000000000000000000e+00 0.000000000000000000e+00 0.000000000000000000e+00
2.580000000000000000e+02 1.031948256234507255e-01 1.251706873008648227e-03 9.987482931269913156e-01 0.000000000000000000e+00 0.000000000000000000e+00 0.000000000000000000e+00
2.610000000000000000e+02 1.043947654562815686e-01 1.024123805188893906e-03 9.989758761948110966e-01 0.000000000000000000e+00 0.000000000000000000e+00 0.000000000000000000e+00
2.640000000000000000e+02 1.055947052891121896e-01 1.479289940828402332e-03 9.985207100591716456e-01 0.000000000000000000e+00 0.000000000000000000e+00 0.000000000000000000e+00
2.670000000000000000e+02 1.067946451219430326e-01 1.024123805188893906e-03 9.987482931269913156e-01 0.000000000000000000e+00 2.275830678197542133e-04 0.000000000000000000e+00
2.700000000000000000e+02 1.079945849547738757e-01 1.251706873008648227e-03 9.987482931269913156e-01 0.000000000000000000e+00 0.000000000000000000e+00 0.000000000000000000e+00
2.730000000000000000e+02 1.091945247876047187e-01 2.048247610377787811e-03 9.979517523896221931e-01 0.000000000000000000e+00 0.000000000000000000e+00 0.000000000000000000e+00
2.760000000000000000e+02 1.103944646204355617e-01 1.934456076467910759e-03 9.980655439235320836e-01 0.000000000000000000e+00 0.000000000000000000e+00 0.000000000000000000e+00
2.790000000000000000e+02 1.115944044532664048e-01 1.593081474738279385e-03 9.984069185252617551e-01 0.000000000000000000e+00 0.000000000000000000e+00 0.000000000000000000e+00
2.820000000000000000e+02 1.127943442860972478e-01 3.413746017296313199e-04 9.996586253982703285e-01 0.000000000000000000e+00 0.000000000000000000e+00 0.000000000000000000e+00
2.850000000000000000e+02 1.139942841189280909e-01 9.103322712790168532e-04 9.990896677287209870e-01 0.000000000000000000e+00 0.000000000000000000e+00 0.000000000000000000e+00
2.880000000000000000e+02 1.151942239517589339e-01 2.958579881656804664e-03 9.970414201183431802e-01 0.000000000000000000e+00 0.000000000000000000e+00 0.000000000000000000e+00
2.910000000000000000e+02 1.163941637845897770e-01 3.186162949476558769e-03 9.968138370505233992e-01 0.000000000000000000e+00 0.000000000000000000e+00 0.000000000000000000e+00
2.940000000000000000e+02 1.175941036174203980e-01 3.527537551206190360e-03 9.964724624487938387e-01 0.000000000000000000e+00 0.000000000000000000e+00 0.000000000000000000e+00
2.970000000000000000e+02 1.187940434502512410e-01 2.730996813837050560e-03 9.971552116522530707e-01 0.000000000000000000e+00 1.137915339098771066e-04 0.000000000000000000e+00
3.000000000000000000e+02 1.199939832830820841e-01 3.527537551206190360e-03 9.963586709148839482e-01 0.000000000000000000e+00 1.137915339098771066e-04 0.000000000000000000e+00
3.030000000000000000e+02 1.211939231159129271e-01 4.893035958124715423e-03 9.951069640418752638e-01 0.000000000000000000e+00 0.000000000000000000e+00 0.000000000000000000e+00
3.060000000000000000e+02 1.223938629487437701e-01 4.551661356395083832e-03 9.954483386436049352e-01 0.000000000000000000e+00 0.000000000000000000e+00 0.000000000000000000e+00
3.090000000000000000e+02 1.235938027815746132e-01 4.437869822485207214e-03 9.955621301775148257e-01 0.000000000000000000e+00 0.000000000000000000e+00 0.000000000000000000e+00
3.120000000000000000e+02 1.247937426144054562e-01 7.851615839781519654e-03 9.921483841602184439e-01 0.000000000000000000e+00 0.000000000000000000e+00 0.000000000000000000e+00
3.150000000000000000e+02 1.259936824472362993e-01 8.534365043240782836e-03 9.912380518889394310e-01 0.000000000000000000e+00 2.275830678197542133e-04 0.000000000000000000e+00
3.180000000000000000e+02 1.271936222800671423e-01 1.194811106053709528e-02 9.878243058716431602e-01 0.000000000000000000e+00 2.275830678197542133e-04 0.000000000000000000e+00
3.210000000000000000e+02 1.283935621128979854e-01 1.308602639963586667e-02 9.869139736003641472e-01 0.000000000000000000e+00 0.000000000000000000e+00 0.000000000000000000e+00
3.240000000000000000e+02 1.295935019457288284e-01 1.285844333181611343e-02 9.869139736003641472e-01 0.000000000000000000e+00 2.275830678197542133e-04 0.000000000000000000e+00
3.270000000000000000e+02 1.307934417785594494e-01 1.399635867091488309e-02 9.856622667273554628e-01 0.000000000000000000e+00 3.413746017296313199e-04 0.000000000000000000e+00
3.300000000000000000e+02 1.319933816113902925e-01 1.649977241693217911e-02 9.827036868456986429e-01 0.000000000000000000e+00 7.965407373691396923e-04 0.000000000000000000e+00
3.330000000000000000e+02 1.331933214442211355e-01 2.218934911242603433e-02 9.771279016841146747e-01 0.000000000000000000e+00 6.827492034592626399e-04 0.000000000000000000e+00
3.360000000000000000e+02 1.343932612770519786e-01 2.560309512972235024e-02 9.734865725989986229e-01 0.000000000000000000e+00 9.103322712790168532e-04 0.000000000000000000e+00
3.390000000000000000e+02 1.355932011098828216e-01 2.594446973145198010e-02 9.728038233955393910e-01 0.000000000000000000e+00 1.251706873008648227e-03 0.000000000000000000e+00
3.420000000000000000e+02 1.367931409427136646e-01 2.935821574874829254e-02 9.697314519799726806e-01 0.000000000000000000e+00 9.103322712790168532e-04 0.000000000000000000e+00
3.450000000000000000e+02 1.379930807755445077e-01 3.550295857988165771e-02 9.635867091488393710e-01 0.000000000000000000e+00 9.103322712790168532e-04 0.000000000000000000e+00
3.480000000000000000e+02 1.391930206083753507e-01 3.925807919890760000e-02 9.586936731907146347e-01 0.000000000000000000e+00 2.048247610377787811e-03 0.000000000000000000e+00
3.510000000000000000e+02 1.403929604412061938e-01 4.164770141101502288e-02 9.558488848429677054e-01 0.000000000000000000e+00 2.503413746017296455e-03 0.000000000000000000e+00
3.540000000000000000e+02 1.415929002740370368e-01 5.029585798816568060e-02 9.461766044606281234e-01 0.000000000000000000e+00 3.527537551206190360e-03 0.000000000000000000e+00
3.570000000000000000e+02 1.427928401068676578e-01 5.780609922621757213e-02 9.391215293582158008e-01 0.000000000000000000e+00 3.072371415566681717e-03 0.000000000000000000e+00
3.600000000000000000e+02 1.439927799396985009e-01 7.180245789713245175e-02 9.235320892125625791e-01 0.000000000000000000e+00 4.665452890304961318e-03 0.000000000000000000e+00
3.630000000000000000e+02 1.451927197725293439e-01 8.852981338188438409e-02 9.064633591260810030e-01 0.000000000000000000e+00 5.006827492034592909e-03 0.000000000000000000e+00
3.660000000000000000e+02 1.463926596053601870e-01 1.037778789258079204e-01 8.892808375056895365e-01 0.000000000000000000e+00 6.941283568502503235e-03 0.000000000000000000e+00
3.690000000000000000e+02 1.475925994381910300e-01 1.207328174783796060e-01 8.693673190714610310e-01 0.000000000000000000e+00 9.899863450159307465e-03 0.000000000000000000e+00
3.720000000000000000e+02 1.487925392710218730e-01 1.416704597177969871e-01 8.456986800182066943e-01 0.000000000000000000e+00 1.263086026399635846e-02 0.000000000000000000e+00
3.750000000000000000e+02 1.499924791038527161e-01 1.695493855257168836e-01 8.144060081929904715e-01 0.000000000000000000e+00 1.604460628129267263e-02 0.000000000000000000e+00
3.780000000000000000e+02 1.511924189366835591e-01 1.960628129267182607e-01 7.833409194355940297e-01 0.000000000000000000e+00 2.059626763768775473e-02 0.000000000000000000e+00
3.810000000000000000e+02 1.523923587695144022e-01 2.335002275830678209e-01 7.418070095584888834e-01 0.000000000000000000e+00 2.469276285844333035e-02 0.000000000000000000e+00
3.840000000000000000e+02 1.535922986023452452e-01 2.737824305871643382e-01 6.943559399180700975e-01 0.000000000000000000e+00 3.186162949476559203e-02 0.000000000000000000e+00
3.870000000000000000e+02 1.547922384351758662e-01 3.172507965407373454e-01 6.432635411925352598e-01 0.000000000000000000e+00 3.948566226672735324e-02 0.000000000000000000e+00
3.900000000000000000e+02 1.559921782680067093e-01 3.647018661811561313e-01 5.827264451524806210e-01 0.000000000000000000e+00 5.257168866636321991e-02 0.000000000000000000e+00
3.930000000000000000e+02 1.571921181008375523e-01 4.198907601274465273e-01 5.178652708238506985e-01 0.000000000000000000e+00 6.224396904870277414e-02 0.000000000000000000e+00
3.960000000000000000e+02 1.583920579336683954e-01 4.649522075557578349e-01 4.568730086481565533e-01 0.000000000000000000e+00 7.817478379608557015e-02 0.000000000000000000e+00
3.990000000000000000e+02 1.595919977664992384e-01 5.122894856622667303e-01 3.975876194811105990e-01 0.000000000000000000e+00 9.012289485662267063e-02 0.000000000000000000e+00
4.020000000000000000e+02 1.607919375993300815e-01 5.601957214383249672e-01 3.347746927628584279e-01 1.137915339098771066e-04 1.049157942649066866e-01 0.000000000000000000e+00
4.050000000000000000e+02 1.619918774321609245e-01 6.002503413746017591e-01 2.763996358670914866e-01 0.000000000000000000e+00 1.233500227583067821e-01 0.000000000000000000e+00
4.080000000000000000e+02 1.631918172649917675e-01 6.374601729631315106e-01 2.231451979972690070e-01 1.137915339098771066e-04 1.392808375056895642e-01 0.000000000000000000e+00
4.110000000000000000e+02 1.643917570978226106e-01 6.689804278561675144e-01 1.759217114246700020e-01 3.413746017296313199e-04 1.547564861174328676e-01 0.000000000000000000e+00
4.140000000000000000e+02 1.655916969306534536e-01 6.916249431042330587e-01 1.390532544378698110e-01 7.965407373691396923e-04 1.685252617205279801e-01 0.000000000000000000e+00
4.170000000000000000e+02 1.667916367634842967e-01 7.104005461993627701e-01 1.079881656804733692e-01 1.024123805188893906e-03 1.805871643149749572e-01 0.000000000000000000e+00
4.200000000000000000e+02 1.679915765963149177e-01 7.220072826581702685e-01 8.375056895766955223e-02 1.479289940828402332e-03 1.927628584433318248e-01 0.000000000000000000e+00
4.230000000000000000e+02 1.691915164291457607e-01 7.278106508875740177e-01 6.383705052344106068e-02 2.503413746017296455e-03 2.058488848429676776e-01 0.000000000000000000e+00
4.260000000000000000e+02 1.703914562619766038e-01 7.319071461083295205e-01 5.086481565771506369e-02 2.958579881656804664e-03 2.142694583522985752e-01 0.000000000000000000e+00
4.290000000000000000e+02 1.715913960948074468e-01 7.381656804733728316e-01 3.777878925807919702e-02 3.413746017296313308e-03 2.206417842512516936e-01 0.000000000000000000e+00
4.320000000000000000e+02 1.727913359276382899e-01 7.416932180245789930e-01 3.197542102867546865e-02 3.299954483386436255e-03 2.230314064633591165e-01 0.000000000000000000e+00
4.350000000000000000e+02 1.739912757604691329e-01 7.464724624487938387e-01 2.765134274010013632e-02 3.641329085116067413e-03 2.222348657259899940e-01 0.000000000000000000e+00
4.380000000000000000e+02 1.751912155932999760e-01 7.498862084660901095e-01 2.241693218024579104e-02 5.006827492034592909e-03 2.226900318616295005e-01 0.000000000000000000e+00
4.410000000000000000e+02 1.763911554261308190e-01 7.534137460172962708e-01 1.877560309512972189e-02 6.713700500682749130e-03 2.210969503868912278e-01 0.000000000000000000e+00
4.440000000000000000e+02 1.775910952589616620e-01 7.562585343650432002e-01 1.570323167956303931e-02 8.648156577150659455e-03 2.193900773782430647e-01 0.000000000000000000e+00
4.470000000000000000e+02 1.787910350917925051e-01 7.580791989076012261e-01 1.479289940828402289e-02 1.001365498406918582e-02 2.171142467000455045e-01 0.000000000000000000e+00
4.500000000000000000e+02 1.799909749246231261e-01 7.639963586709148657e-01 1.638598088302230249e-02 1.115157032316795548e-02 2.084660901228948537e-01 0.000000000000000000e+00
4.530000000000000000e+02 1.811909147574539691e-01 7.685480200273099305e-01 1.684114701866181243e-02 1.103777878925807886e-02 2.035730541647701453e-01 0.000000000000000000e+00
4.560000000000000000e+02 1.823908545902848122e-01 7.728720983158853253e-01 1.684114701866181243e-02 1.160673645880746542e-02 1.986800182066454368e-01 0.000000000000000000e+00
4.590000000000000000e+02 1.835907944231156552e-01 7.745789713245334607e-01 1.786527082385070547e-02 1.274465179790623508e-02 1.948111060537096040e-01 0.000000000000000000e+00
4.620000000000000000e+02 1.847907342559464983e-01 7.786754665452890745e-01 1.820664542558033533e-02 1.479289940828402289e-02 1.883249886208466228e-01 0.000000000000000000e+00
4.650000000000000000e+02 1.859906740887773413e-01 7.824305871643150168e-01 1.877560309512972189e-02 1.502048247610377786e-02 1.837733272644515303e-01 0.000000000000000000e+00
4.680000000000000000e+02 1.871906139216081844e-01 7.767410104688211581e-01 1.991351843422849502e-02 1.797906235776058209e-02 1.853664087391898030e-01 0.000000000000000000e+00
4.710000000000000000e+02 1.883905537544390274e-01 7.835685025034136997e-01 2.184797451069640448e-02 1.820664542558033533e-02 1.763768775603095085e-01 0.000000000000000000e+00
4.740000000000000000e+02 1.895904935872698704e-01 7.801547564861174289e-01 2.230314064633591095e-02 2.025489303595812488e-02 1.772872098315885214e-01 0.000000000000000000e+00
4.770000000000000000e+02 1.907904334201007135e-01 7.798133818843877574e-01 2.435138825671370050e-02 2.355484751934456070e-02 1.722803823395539502e-01 0.000000000000000000e+00
4.800000000000000000e+02 1.919903732529313345e-01 7.837960855712334807e-01 2.378243058716431393e-02 2.457897132453345374e-02 1.678425125170687204e-01 0.000000000000000000e+00
4.830000000000000000e+02 1.931903130857621775e-01 7.848202093764223841e-01 2.492034592626308706e-02 2.617205279927173334e-02 1.640873918980427781e-01 0.000000000000000000e+00
4.860000000000000000e+02 1.943902529185930206e-01 7.815202548930360038e-01 2.401001365498407064e-02 2.935821574874829254e-02 1.651115157032316816e-01 0.000000000000000000e+00
4.890000000000000000e+02 1.955901927514238636e-01 7.815202548930360038e-01 2.457897132453345374e-02 3.277196176604460498e-02 1.611288120163859861e-01 0.000000000000000000e+00
4.920000000000000000e+02 1.967901325842547067e-01 7.825443786982249073e-01 2.617205279927173334e-02 3.698224852071006069e-02 1.543013199817933612e-01 0.000000000000000000e+00
4.950000000000000000e+02 1.979900724170855497e-01 7.842512517068730427e-01 2.628584433318160996e-02 3.971324533454710648e-02 1.497496586253982687e-01 0.000000000000000000e+00
4.980000000000000000e+02 1.991900122499163928e-01 7.861857077833409591e-01 2.924442421483841592e-02 4.119253527537550946e-02 1.433773327264451503e-01 0.000000000000000000e+00
5.010000000000000000e+02 2.003899520827472358e-01 7.843650432407829332e-01 2.981338188438780248e-02 4.335457441966317910e-02 1.424670004551661373e-01 0.000000000000000000e+00
5.040000000000000000e+02 2.015898919155780789e-01 7.852753755120619461e-01 3.152025489303595523e-02 4.597177969959034827e-02 1.372325898953117851e-01 0.000000000000000000e+00
5.070000000000000000e+02 2.027898317484089219e-01 7.944924897587619661e-01 3.277196176604460498e-02 4.437869822485206867e-02 1.283568502503413811e-01 0.000000000000000000e+00
5.100000000000000000e+02 2.039897715812395429e-01 7.996131087847063723e-01 3.368229403732362487e-02 4.688211197086936816e-02 1.198224852071005930e-01 0.000000000000000000e+00
5.130000000000000000e+02 2.051897114140703859e-01 8.007510241238051663e-01 3.436504324078288458e-02 4.847519344560764776e-02 1.164087391898042806e-01 0.000000000000000000e+00
5.160000000000000000e+02 2.063896512469012290e-01 8.030268548020027541e-01 3.527537551206190447e-02 4.972690031861629750e-02 1.119708693673190647e-01 0.000000000000000000e+00
5.190000000000000000e+02 2.075895910797320720e-01 8.009786071916249472e-01 3.538916704597178109e-02 5.439235320892125969e-02 1.092398725534820259e-01 0.000000000000000000e+00
5.220000000000000000e+02 2.087895309125629151e-01 8.058716431497496835e-01 3.664087391898043083e-02 5.450614474283113631e-02 1.029813381884387841e-01 0.000000000000000000e+00
5.250000000000000000e+02 2.099894707453937581e-01 8.073509330905780379e-01 3.652708238507055422e-02 5.689576695493855224e-02 9.922621756941284177e-02 0.000000000000000000e+00
5.280000000000000000e+02 2.111894105782246012e-01 8.098543468365954068e-01 3.743741465634956717e-02 5.735093309057805872e-02 9.535730541647700897e-02 0.000000000000000000e+00
5.310000000000000000e+02 2.123893504110554442e-01 8.132680928538916776e-01 3.812016385980882688e-02 5.644060081929904577e-02 9.217114246700044977e-02 0.000000000000000000e+00
5.340000000000000000e+02 2.135892902438862873e-01 8.213472917614929036e-01 3.755120619025944378e-02 5.439235320892125969e-02 8.670914883932635819e-02 0.000000000000000000e+00
5.370000000000000000e+02 2.147892300767171303e-01 8.180473372781065233e-01 3.948566226672735324e-02 5.826126536185707860e-02 8.420573509330905870e-02 0.000000000000000000e+00
5.400000000000000000e+02 2.159891699095479733e-01 8.159990896677287164e-01 4.335457441966317910e-02 6.133363677742376119e-02 7.931269913518433634e-02 0.000000000000000000e+00
5.430000000000000000e+02 2.171891097423785943e-01 8.120163859808829931e-01 4.483386436049158208e-02 6.395084205735093730e-02 7.919890760127445972e-02 0.000000000000000000e+00
5.460000000000000000e+02 2.183890495752094374e-01 8.153163404642694845e-01 4.506144742831133532e-02 6.281292671825215723e-02 7.680928538916705073e-02 0.000000000000000000e+00
5.490000000000000000e+02 2.195889894080402804e-01 8.150887573964497035e-01 4.563040509786071841e-02 6.326809285389166371e-02 7.601274465179790052e-02 0.000000000000000000e+00
5.520000000000000000e+02 2.207889292408711235e-01 8.225989986345015881e-01 4.699590350477924477e-02 6.121984524351388457e-02 6.918525261720527564e-02 0.000000000000000000e+00
5.550000000000000000e+02 2.219888690737019665e-01 8.177059626763768518e-01 4.915794264906690747e-02 6.304050978607191047e-02 7.009558488848430247e-02 0.000000000000000000e+00
5.580000000000000000e+02 2.231888089065328096e-01 8.189576695493855363e-01 5.131998179335457710e-02 6.167501137915339104e-02 6.804733727810650945e-02 0.000000000000000000e+00
5.610000000000000000e+02 2.243887487393636526e-01 8.252162039144287364e-01 5.040964952207555722e-02 6.076467910787437116e-02 6.360946745562130744e-02 0.000000000000000000e+00
5.640000000000000000e+02 2.255886885721944957e-01 8.239644970414201630e-01 5.097860719162494031e-02 6.144742831133363781e-02 6.360946745562130744e-02 0.000000000000000000e+00
5.670000000000000000e+02 2.267886284050253387e-01 8.239644970414201630e-01 5.120619025944470049e-02 6.019572143832498806e-02 6.463359126081019701e-02 0.000000000000000000e+00
5.700000000000000000e+02 2.279885682378561818e-01 8.255575785161584079e-01 5.245789713245334329e-02 5.939918070095585173e-02 6.258534365043240399e-02 0.000000000000000000e+00
5.730000000000000000e+02 2.291885080706868028e-01 8.276058261265362148e-01 5.439235320892125969e-02 5.723714155666818210e-02 6.076467910787437116e-02 0.000000000000000000e+00
5.760000000000000000e+02 2.303884479035176458e-01 8.248748293126991760e-01 5.735093309057805872e-02 5.803368229403732537e-02 5.974055530268548159e-02 0.000000000000000000e+00
5.790000000000000000e+02 2.315883877363484888e-01 8.205507510241237812e-01 5.985434683659535821e-02 5.996813837050523482e-02 5.962676376877560497e-02 0.000000000000000000e+00
5.820000000000000000e+02 2.327883275691793319e-01 8.195266272189348777e-01 5.939918070095585173e-02 6.156121984524351443e-02 5.951297223486572835e-02 0.000000000000000000e+00
5.850000000000000000e+02 2.339882674020101749e-01 8.183887118798361948e-01 6.042330450614474130e-02 6.224396904870277414e-02 5.894401456531633832e-02 0.000000000000000000e+00
5.880000000000000000e+02 2.351882072348410180e-01 8.200955848884843302e-01 6.042330450614474130e-02 6.156121984524351443e-02 5.791989076012744875e-02 0.000000000000000000e+00
5.910000000000000000e+02 2.363881470676718610e-01 8.243058716431497235e-01 5.928538916704597511e-02 6.338188438780155420e-02 5.302685480200273332e-02 0.000000000000000000e+00
5.940000000000000000e+02 2.375880869005027041e-01 8.197542102867546587e-01 6.213017751479289752e-02 6.713700500682749650e-02 5.097860719162494031e-02 0.000000000000000000e+00
5.970000000000000000e+02 2.387880267333335471e-01 8.220300409649522466e-01 6.213017751479289752e-02 6.713700500682749650e-02 4.870277651342740100e-02 0.000000000000000000e+00
6.000000000000000000e+02 2.399879665661643902e-01 8.246472462448793950e-01 6.224396904870277414e-02 6.656804733727811341e-02 4.654073736913973830e-02 0.000000000000000000e+00
6.030000000000000000e+02 2.411879063989950112e-01 8.253299954483386269e-01 6.304050978607191047e-02 6.554392353208920996e-02 4.608557123350022489e-02 0.000000000000000000e+00
6.060000000000000000e+02 2.423878462318258542e-01 8.245334547109695045e-01 6.224396904870277414e-02 6.759217114246700298e-02 4.563040509786071841e-02 0.000000000000000000e+00
6.090000000000000000e+02 2.435877860646566972e-01 8.246472462448793950e-01 6.360946745562130744e-02 6.679563040509786664e-02 4.494765589440145870e-02 0.000000000000000000e+00
6.120000000000000000e+02 2.447877258974875403e-01 8.243058716431497235e-01 6.554392353208920996e-02 6.679563040509786664e-02 4.335457441966317910e-02 0.000000000000000000e+00
6.150000000000000000e+02 2.459876657303183833e-01 8.241920801092398330e-01 6.531634046426945672e-02 6.952662721893490549e-02 4.096495220755575623e-02 0.000000000000000000e+00
6.180000000000000000e+02 2.471876055631492264e-01 8.241920801092398330e-01 6.554392353208920996e-02 7.100591715976331542e-02 3.903049613108784677e-02 2.275830678197542133e-04
6.210000000000000000e+02 2.483875453959800694e-01 8.264679107874374209e-01 6.486117432862995025e-02 7.055075102412380894e-02 3.789258079198907364e-02 2.275830678197542133e-04
6.240000000000000000e+02 2.495874852288109125e-01 8.310195721438324856e-01 6.611288120163859305e-02 6.793354574419663283e-02 3.482020937642239106e-02 1.137915339098771066e-04
6.270000000000000000e+02 2.507874250616417555e-01 8.282885753299954468e-01 6.770596267637687959e-02 6.964041875284478211e-02 3.425125170687300796e-02 1.137915339098771066e-04
6.300000000000000000e+02 2.519873648944725986e-01 8.258989531178880794e-01 6.816112881201638607e-02 7.111970869367319203e-02 3.482020937642239106e-02 0.000000000000000000e+00
6.330000000000000000e+02 2.531873047273034416e-01 8.272644515248065433e-01 6.975421028675465873e-02 6.998179335457442585e-02 3.299954483386435822e-02 0.000000000000000000e+00
6.360000000000000000e+02 2.543872445601340626e-01 8.239644970414201630e-01 7.123350022758306865e-02 7.089212562585343880e-02 3.390987710514337811e-02 0.000000000000000000e+00
6.390000000000000000e+02 2.555871843929649057e-01 8.265817023213473114e-01 7.157487482931269851e-02 6.941283568502502888e-02 3.243058716431497512e-02 0.000000000000000000e+00
6.420000000000000000e+02 2.567871242257957487e-01 8.289713245334546787e-01 7.180245789713245175e-02 6.725079654073737312e-02 3.186162949476559203e-02 1.137915339098771066e-04
6.450000000000000000e+02 2.579870640586265917e-01 8.307919890760127046e-01 7.066454255803368556e-02 6.873008648156576916e-02 2.981338188438780248e-02 0.000000000000000000e+00
6.480000000000000000e+02 2.591870038914574348e-01 8.301092398725534727e-01 7.146108329540282189e-02 6.850250341374601593e-02 2.992717341829767910e-02 0.000000000000000000e+00
6.510000000000000000e+02 2.603869437242882778e-01 8.278334091943558848e-01 7.134729176149294527e-02 6.941283568502502888e-02 3.129267182521620200e-02 1.137915339098771066e-04
6.540000000000000000e+02 2.615868835571191209e-01 8.278334091943558848e-01 7.248520710059171146e-02 6.941283568502502888e-02 3.015475648611743234e-02 1.137915339098771066e-04
6.570000000000000000e+02 2.627868233899499639e-01 8.252162039144287364e-01 7.396449704142012138e-02 7.134729176149294527e-02 2.947200728265816916e-02 0.000000000000000000e+00
6.600000000000000000e+02 2.639867632227808070e-01 8.237369139736003820e-01 7.441966317705962786e-02 7.294037323623121793e-02 2.890304961310878606e-02 0.000000000000000000e+00
6.630000000000000000e+02 2.651867030556116500e-01 8.269230769230768718e-01 7.248520710059171146e-02 7.316795630405098505e-02 2.742375967228038308e-02 0.000000000000000000e+00
6.660000000000000000e+02 2.663866428884422710e-01 8.282885753299954468e-01 7.111970869367319203e-02 7.316795630405098505e-02 2.742375967228038308e-02 0.000000000000000000e+00
6.690000000000000000e+02 2.675865827212731141e-01 8.248748293126991760e-01 7.248520710059171146e-02 7.487482931269913433e-02 2.776513427401001294e-02 0.000000000000000000e+00
6.720000000000000000e+02 2.687865225541039571e-01 8.289713245334546787e-01 7.271279016841146470e-02 7.305416477014110843e-02 2.526172052799271692e-02 0.000000000000000000e+00
6.750000000000000000e+02 2.699864623869348002e-01 8.280609922621756658e-01 7.339553937187073829e-02 7.362312243969049153e-02 2.492034592626308706e-02 0.000000000000000000e+00
6.780000000000000000e+02 2.711864022197656432e-01 8.299954483386435822e-01 7.248520710059171146e-02 7.146108329540282189e-02 2.594446973145198010e-02 1.137915339098771066e-04
6.810000000000000000e+02 2.723863420525964862e-01 8.313609467455621571e-01 7.180245789713245175e-02 7.282658170232134132e-02 2.389622212107419055e-02 1.137915339098771066e-04
