# itime ezz other fcc hcp bcc ico
0.000000000000000000e+00 0.000000000000000000e+00 5.689576695493854790e-04 9.994310423304506585e-01 0.000000000000000000e+00 0.000000000000000000e+00 0.000000000000000000e+00
2.500000000000000000e+02 1.000003552018147168e-02 0.000000000000000000e+00 1.000000000000000000e+00 0.000000000000000000e+00 0.000000000000000000e+00 0.000000000000000000e+00
5.000000000000000000e+02 2.000007104036316541e-02 2.503413746017296455e-03 9.973827947200728516e-01 0.000000000000000000e+00 1.137915339098771066e-04 0.000000000000000000e+00
7.500000000000000000e+02 3.000010656054463709e-02 3.755120619025944465e-03 9.961310878470641672e-01 0.000000000000000000e+00 1.137915339098771066e-04 0.000000000000000000e+00
1.000000000000000000e+03 4.000014208072610877e-02 6.599908966772872511e-03 9.932862994993172379e-01 0.000000000000000000e+00 1.137915339098771066e-04 0.000000000000000000e+00
1.250000000000000000e+03 5.000017760090780250e-02 1.103777878925807886e-02 9.887346381429221731e-01 0.000000000000000000e+00 2.275830678197542133e-04 0.000000000000000000e+00
1.500000000000000000e+03 6.000021312108927418e-02 2.833409194355939950e-02 9.700728265817023521e-01 0.000000000000000000e+00 1.593081474738279385e-03 0.000000000000000000e+00
1.750000000000000000e+03 7.000024864127074586e-02 3.937187073281747662e-02 9.569868001820664993e-01 0.000000000000000000e+00 3.641329085116067413e-03 0.000000000000000000e+00
2.000000000000000000e+03 8.000028416145221755e-02 9.490213928083750250e-02 8.936049157942649313e-01 0.000000000000000000e+00 1.149294492489758707e-02 0.000000000000000000e+00
2.250000000000000000e+03 9.000031968163391127e-02 2.045971779699590487e-01 7.520482476103778069e-01 1.024123805188893906e-03 4.233045061447428259e-02 0.000000000000000000e+00
2.500000000000000000e+03 1.000003552018153830e-01 3.312471552116522666e-01 4.830450614474283144e-01 8.420573509330906217e-03 1.772872098315885214e-01 0.000000000000000000e+00
2.750000000000000000e+03 1.100003907219968546e-01 3.673190714610832797e-01 2.492034592626308498e-01 2.913063268092853930e-02 3.543468365953573174e-01 0.000000000000000000e+00
3.000000000000000000e+03 1.200004262421785484e-01 4.046426945835229771e-01 1.883249886208466228e-01 8.397815202548930547e-02 3.230541647701410946e-01 0.000000000000000000e+00
3.250000000000000000e+03 1.300004617623600200e-01 4.426490669094219621e-01 1.230086481565771522e-01 1.174328629949931702e-01 3.169094219390077294e-01 0.000000000000000000e+00
3.500000000000000000e+03 1.400004972825414917e-01 4.905553026854801990e-01 8.204369594902138907e-02 1.474738279472007363e-01 2.799271734182977034e-01 0.000000000000000000e+00
3.750000000000000000e+03 1.500005328027231855e-01 5.013654984069185749e-01 6.781975421028675621e-02 1.862767410104688159e-01 2.445380063723258945e-01 0.000000000000000000e+00
4.000000000000000000e+03 1.600005683229046571e-01 5.362994993172508496e-01 6.030951297223486468e-02 2.020937642239417353e-01 2.012972234865725851e-01 0.000000000000000000e+00
4.250000000000000000e+03 1.700006038430861288e-01 5.567819754210286964e-01 6.326809285389166371e-02 2.256486117432862926e-01 1.541875284478834707e-01 1.137915339098771066e-04
4.500000000000000000e+03 1.800006393632678225e-01 5.761265361857077494e-01 6.065088757396449454e-02 2.446517979062357850e-01 1.185707783340919502e-01 0.000000000000000000e+00
4.750000000000000000e+03 1.900006748834492942e-01 6.036640873918980299e-01 5.837505689576695522e-02 2.456759217114246607e-01 9.228493400091032639e-02 0.000000000000000000e+00
5.000000000000000000e+03 2.000007104036307659e-01 6.127674101046881594e-01 6.372325898953118406e-02 2.477241693218024676e-01 7.567137005006827066e-02 1.137915339098771066e-04
5.250000000000000000e+03 2.100007459238122376e-01 6.307464724624487484e-01 6.417842512517069054e-02 2.407828857532999522e-01 6.417842512517069054e-02 1.137915339098771066e-04
5.500000000000000000e+03 2.200007814439939313e-01 6.522530723714156098e-01 6.508875739644970349e-02 2.304278561675011383e-01 5.211652253072371344e-02 1.137915339098771066e-04
5.750000000000000000e+03 2.300008169641754030e-01 6.581702321347291385e-01 6.929904415111515226e-02 2.288347746927628656e-01 4.369594902139280895e-02 0.000000000000000000e+00
6.000000000000000000e+03 2.400008524843568747e-01 6.775147928994083024e-01 7.191624943104232837e-02 2.074419663177059503e-01 4.301319981793354230e-02 1.137915339098771066e-04
6.250000000000000000e+03 2.500008880045385684e-01 7.008420573509330787e-01 7.043695949021393232e-02 1.935593991807009473e-01 3.516158397815202785e-02 0.000000000000000000e+00
6.500000000000000000e+03 2.600009235247200401e-01 7.189349112426035582e-01 6.918525261720527564e-02 1.787664997724169313e-01 3.277196176604460498e-02 3.413746017296313199e-04
6.750000000000000000e+03 2.700009590449015118e-01 7.357760582612653533e-01 6.554392353208920996e-02 1.678425125170687204e-01 3.072371415566681890e-02 1.137915339098771066e-04
7.000000000000000000e+03 2.800009945650832055e-01 7.528447883477469293e-01 5.962676376877560497e-02 1.541875284478834707e-01 3.322712790168411146e-02 1.137915339098771066e-04
7.250000000000000000e+03 2.900010300852646772e-01 7.489758761948110966e-01 6.281292671825215723e-02 1.581702321347291662e-01 3.004096495220755572e-02 0.000000000000000000e+00
7.500000000000000000e+03 3.000010656054461489e-01 7.707100591715976279e-01 5.712335002275830548e-02 1.479289940828402428e-01 2.412380518889394726e-02 1.137915339098771066e-04
7.750000000000000000e+03 3.100011011256278426e-01 7.781065088757396220e-01 5.575785161583977911e-02 1.439462903959945472e-01 2.184797451069640448e-02 3.413746017296313199e-04
8.000000000000000000e+03 3.200011366458093143e-01 7.812926718252162228e-01 5.780609922621757213e-02 1.384842967683204418e-01 2.218934911242603433e-02 2.275830678197542133e-04
8.250000000000000000e+03 3.300011721659907860e-01 7.934683659535730627e-01 5.200273099681383682e-02 1.317705962676376796e-01 2.241693218024579104e-02 3.413746017296313199e-04
8.500000000000000000e+03 3.400012076861722576e-01 8.117888029130633232e-01 4.938552571688666071e-02 1.177742375967228000e-01 2.105143377332726468e-02 0.000000000000000000e+00
8.750000000000000000e+03 3.500012432063539514e-01 8.187300864815657553e-01 4.949931725079653733e-02 1.139053254437869811e-01 1.786527082385070547e-02 0.000000000000000000e+00
9.000000000000000000e+03 3.600012787265354230e-01 8.187300864815657553e-01 4.403732362312243881e-02 1.159535730541647741e-01 2.093764223941738806e-02 3.413746017296313199e-04
9.250000000000000000e+03 3.700013142467168947e-01 8.280609922621756658e-01 4.472007282658170546e-02 1.088984979517523960e-01 1.809285389167045871e-02 2.275830678197542133e-04
9.500000000000000000e+03 3.800013497668985885e-01 8.418297678652708615e-01 4.016841147018661989e-02 1.032089212562585373e-01 1.445152480655439303e-02 3.413746017296313199e-04
9.750000000000000000e+03 3.900013852870800601e-01 8.582157487482930946e-01 3.857532999544834029e-02 8.875739644970413733e-02 1.422394173873463806e-02 2.275830678197542133e-04
1.000000000000000000e+04 4.000014208072615318e-01 8.651570323167956378e-01 3.413746017296313134e-02 8.864360491579426071e-02 1.160673645880746542e-02 4.551661356395084266e-04
1.025000000000000000e+04 4.100014563274432255e-01 8.743741465634956578e-01 3.368229403732362487e-02 7.919890760127445972e-02 1.183431952662721866e-02 9.103322712790168532e-04
1.050000000000000000e+04 4.200014918476246972e-01 8.824533454710969949e-01 3.152025489303595523e-02 7.464724624487938109e-02 1.103777878925807886e-02 3.413746017296313199e-04
1.075000000000000000e+04 4.300015273678061689e-01 8.862084660901229372e-01 2.787892580791988956e-02 7.350933090578061491e-02 1.206190259444697363e-02 3.413746017296313199e-04
1.100000000000000000e+04 4.400015628879878626e-01 8.945152480655439442e-01 2.696859353664087314e-02 6.725079654073737312e-02 1.126536185707783383e-02 0.000000000000000000e+00
1.125000000000000000e+04 4.500015984081693343e-01 9.014565316340463763e-01 2.674101046882111990e-02 5.951297223486572835e-02 1.149294492489758707e-02 7.965407373691396923e-04
1.150000000000000000e+04 4.600016339283508060e-01 9.043013199817933057e-01 2.514792899408284030e-02 5.826126536185707860e-02 1.172052799271734204e-02 5.689576695493854790e-04
1.175000000000000000e+04 4.700016694485322777e-01 9.114701866181156298e-01 2.412380518889394726e-02 5.416477014110149951e-02 9.672280382339554228e-03 5.689576695493854790e-04
1.200000000000000000e+04 4.800017049687139714e-01 9.153390987710514626e-01 2.241693218024579104e-02 5.131998179335457710e-02 1.058261265361857065e-02 3.413746017296313199e-04
1.225000000000000000e+04 4.900017404888954431e-01 9.219390077378243342e-01 2.002730996813837164e-02 4.961310878470642088e-02 7.510241238051888930e-03 9.103322712790168532e-04
1.250000000000000000e+04 5.000017760090769148e-01 9.284251251706873154e-01 2.014110150204824826e-02 4.437869822485206867e-02 6.258534365043240920e-03 7.965407373691396923e-04
1.275000000000000000e+04 5.100018115292586085e-01 9.269458352298588499e-01 1.877560309512972189e-02 4.551661356395084179e-02 8.079198907601274626e-03 6.827492034592626399e-04
1.300000000000000000e+04 5.200018470494400802e-01 9.274010013654984119e-01 1.923076923076923184e-02 4.380974055530268557e-02 8.534365043240782836e-03 1.024123805188893906e-03
1.325000000000000000e+04 5.300018825696215519e-01 9.300182066454255603e-01 1.763768775603095224e-02 4.198907601274465273e-02 9.217114246700046018e-03 1.137915339098770958e-03
1.350000000000000000e+04 5.400019180898032456e-01 9.378698224852071164e-01 1.638598088302230249e-02 3.891670459717797015e-02 6.030951297223486815e-03 7.965407373691396923e-04
1.375000000000000000e+04 5.500019536099847173e-01 9.443559399180700975e-01 1.467910787437414627e-02 3.584433318161128756e-02 3.982703686845699004e-03 1.137915339098770958e-03
1.400000000000000000e+04 5.600019891301661890e-01 9.468593536640873554e-01 1.456531634046426965e-02 3.197542102867546865e-02 6.030951297223486815e-03 5.689576695493854790e-04
1.425000000000000000e+04 5.700020246503478827e-01 9.478834774692762588e-01 1.490669094219390124e-02 3.140646335912607862e-02 5.006827492034592909e-03 7.965407373691396923e-04
1.450000000000000000e+04 5.800020601705293544e-01 9.519799726900318726e-01 1.308602639963586667e-02 2.901684114701866268e-02 4.324078288575329727e-03 1.593081474738279385e-03
1.475000000000000000e+04 5.900020956907108260e-01 9.545971779699590209e-01 1.263086026399635846e-02 2.651342740100136666e-02 4.665452890304961318e-03 1.593081474738279385e-03
1.500000000000000000e+04 6.000021312108922977e-01 9.567592171142467183e-01 1.319981793354574502e-02 2.537551206190259354e-02 3.982703686845699004e-03 6.827492034592626399e-04
1.525000000000000000e+04 6.100021667310739915e-01 9.588074647246245252e-01 1.251706873008648184e-02 2.275830678197542090e-02 4.779244424214838804e-03 1.137915339098770958e-03
1.550000000000000000e+04 6.200022022512554631e-01 9.610832954028220021e-01 1.206190259444697363e-02 2.093764223941738806e-02 4.210286754665453109e-03 1.706873008648156654e-03
1.575000000000000000e+04 6.300022377714369348e-01 9.601729631315429891e-01 1.058261265361857065e-02 2.241693218024579104e-02 5.234410559854347014e-03 1.593081474738279385e-03
1.600000000000000000e+04 6.400022732916186285e-01 9.634729176149294805e-01 1.046882111970869403e-02 1.991351843422849502e-02 4.665452890304961318e-03 1.479289940828402332e-03
1.625000000000000000e+04 6.500023088118001002e-01 9.629039599453800280e-01 1.115157032316795548e-02 2.002730996813837164e-02 4.437869822485207214e-03 1.479289940828402332e-03
1.650000000000000000e+04 6.600023443319815719e-01 9.664314974965863003e-01 1.046882111970869403e-02 1.775147928994082885e-02 3.527537551206190360e-03 1.820664542558033706e-03
1.675000000000000000e+04 6.700023798521632656e-01 9.662039144287665193e-01 1.001365498406918582e-02 1.832043695949021542e-02 3.982703686845699004e-03 1.479289940828402332e-03
1.700000000000000000e+04 6.800024153723447373e-01 9.647246244879380539e-01 8.875739644970414427e-03 1.991351843422849502e-02 3.982703686845699004e-03 2.503413746017296455e-03
1.725000000000000000e+04 6.900024508925262090e-01 9.673418297678653133e-01 8.875739644970414427e-03 1.866181156121984527e-02 3.072371415566681717e-03 2.048247610377787811e-03
1.750000000000000000e+04 7.000024864127079027e-01 9.684797451069639962e-01 6.599908966772872511e-03 1.786527082385070547e-02 4.210286754665453109e-03 2.844788347746927612e-03
1.775000000000000000e+04 7.100025219328893744e-01 9.703004096495220221e-01 7.168866636322257339e-03 1.524806554392353283e-02 5.120619025944469528e-03 2.162039144287664864e-03
1.800000000000000000e+04 7.200025574530708461e-01 9.738279472007282944e-01 6.713700500682749130e-03 1.411015020482476144e-02 4.324078288575329727e-03 1.024123805188893906e-03
1.825000000000000000e+04 7.300025929732523178e-01 9.710969503868912556e-01 7.396449704142011444e-03 1.445152480655439303e-02 4.665452890304961318e-03 2.389622212107419402e-03
1.850000000000000000e+04 7.400026284934340115e-01 9.697314519799726806e-01 8.079198907601274626e-03 1.536185707783340945e-02 4.437869822485207214e-03 2.389622212107419402e-03
1.875000000000000000e+04 7.500026640136154832e-01 9.724624487938097195e-01 7.282658170232134826e-03 1.433773327264451468e-02 3.868912152935821518e-03 2.048247610377787811e-03
1.900000000000000000e+04 7.600026995337969549e-01 9.766727355484752238e-01 6.599908966772872511e-03 1.308602639963586667e-02 2.275830678197541916e-03 1.365498406918525280e-03
1.925000000000000000e+04 7.700027350539786486e-01 9.762175694128356618e-01 6.372325898953117539e-03 1.228948566226672687e-02 3.072371415566681717e-03 2.048247610377787811e-03
1.950000000000000000e+04 7.800027705741601203e-01 9.775830678197542367e-01 6.372325898953117539e-03 1.081019572143832562e-02 3.413746017296313308e-03 1.820664542558033706e-03
1.975000000000000000e+04 7.900028060943415920e-01 9.772416932180245652e-01 5.120619025944469528e-03 1.149294492489758707e-02 3.527537551206190360e-03 2.617205279927173507e-03
2.000000000000000000e+04 8.000028416145232857e-01 9.796313154301320436e-01 6.372325898953117539e-03 8.648156577150659455e-03 3.072371415566681717e-03 2.275830678197541916e-03
2.025000000000000000e+04 8.100028771347047574e-01 9.804278561675011661e-01 4.893035958124715423e-03 9.558488848429677609e-03 3.299954483386436255e-03 1.820664542558033706e-03
2.050000000000000000e+04 8.200029126548862290e-01 9.798588984979517136e-01 5.461993627674101119e-03 8.875739644970414427e-03 3.868912152935821518e-03 1.934456076467910759e-03
2.075000000000000000e+04 8.300029481750679228e-01 9.822485207100591920e-01 3.868912152935821518e-03 7.851615839781519654e-03 3.527537551206190360e-03 2.503413746017296455e-03
2.100000000000000000e+04 8.400029836952493945e-01 9.849795175238962308e-01 3.527537551206190360e-03 6.941283568502503235e-03 2.844788347746927612e-03 1.706873008648156654e-03
2.125000000000000000e+04 8.500030192154308661e-01 9.857760582612653533e-01 3.982703686845699004e-03 6.144742831133363434e-03 2.275830678197541916e-03 1.820664542558033706e-03
2.150000000000000000e+04 8.600030547356123378e-01 9.862312243969049153e-01 2.844788347746927612e-03 7.055075102412380721e-03 1.593081474738279385e-03 2.275830678197541916e-03
2.175000000000000000e+04 8.700030902557940315e-01 9.871415566681839282e-01 3.186162949476558769e-03 5.803368229403732710e-03 2.275830678197541916e-03 1.593081474738279385e-03
2.200000000000000000e+04 8.800031257759755032e-01 9.871415566681839282e-01 2.958579881656804664e-03 6.258534365043240920e-03 2.048247610377787811e-03 1.593081474738279385e-03
2.225000000000000000e+04 8.900031612961569749e-01 9.871415566681839282e-01 2.389622212107419402e-03 4.665452890304961318e-03 3.527537551206190360e-03 2.275830678197541916e-03
2.250000000000000000e+04 9.000031968163386686e-01 9.874829312699134887e-01 2.503413746017296455e-03 4.779244424214838804e-03 2.503413746017296455e-03 2.730996813837050560e-03
2.275000000000000000e+04 9.100032323365201403e-01 9.856622667273554628e-01 3.072371415566681717e-03 5.348202093764223633e-03 2.844788347746927612e-03 3.072371415566681717e-03
2.300000000000000000e+04 9.200032678567016120e-01 9.857760582612653533e-01 3.186162949476558769e-03 5.689576695493855224e-03 2.617205279927173507e-03 2.730996813837050560e-03
2.325000000000000000e+04 9.300033033768833057e-01 9.881656804733728316e-01 2.617205279927173507e-03 4.096495220755575623e-03 2.617205279927173507e-03 2.503413746017296455e-03
2.350000000000000000e+04 9.400033388970647774e-01 9.882794720072826111e-01 2.730996813837050560e-03 5.348202093764223633e-03 1.251706873008648227e-03 2.389622212107419402e-03
2.375000000000000000e+04 9.500033744172462491e-01 9.881656804733728316e-01 2.048247610377787811e-03 5.689576695493855224e-03 1.365498406918525280e-03 2.730996813837050560e-03
2.400000000000000000e+04 9.600034099374279428e-01 9.902139280837505275e-01 1.706873008648156654e-03 4.210286754665453109e-03 1.934456076467910759e-03 1.934456076467910759e-03
2.425000000000000000e+04 9.700034454576094145e-01 9.889622212107419541e-01 1.820664542558033706e-03 5.461993627674101119e-03 1.593081474738279385e-03 2.162039144287664864e-03
2.450000000000000000e+04 9.800034809777908862e-01 9.888484296768320636e-01 1.934456076467910759e-03 5.575785161583977738e-03 1.024123805188893906e-03 2.617205279927173507e-03
2.475000000000000000e+04 9.900035164979723579e-01 9.894173873463814051e-01 1.479289940828402332e-03 5.461993627674101119e-03 1.024123805188893906e-03 2.617205279927173507e-03
2.500000000000000000e+04 1.000003552018153830e+00 9.893035958124715146e-01 1.706873008648156654e-03 5.006827492034592909e-03 1.024123805188893906e-03 2.958579881656804664e-03
