# itime ezz other fcc hcp bcc ico
0.000000000000000000e+00 0.000000000000000000e+00 5.689576695493854790e-04 9.994310423304506585e-01 0.000000000000000000e+00 0.000000000000000000e+00 0.000000000000000000e+00
2.500000000000000000e+01 1.000027431131922384e-03 6.827492034592626399e-04 9.993172507965407680e-01 0.000000000000000000e+00 0.000000000000000000e+00 0.000000000000000000e+00
5.000000000000000000e+01 2.000054862263622724e-03 5.689576695493854790e-04 9.994310423304506585e-01 0.000000000000000000e+00 0.000000000000000000e+00 0.000000000000000000e+00
7.500000000000000000e+01 3.000082293395545108e-03 1.820664542558033706e-03 9.981793354574419741e-01 0.000000000000000000e+00 0.000000000000000000e+00 0.000000000000000000e+00
1.000000000000000000e+02 4.000109724527245447e-03 5.689576695493854790e-04 9.994310423304506585e-01 0.000000000000000000e+00 0.000000000000000000e+00 0.000000000000000000e+00
1.250000000000000000e+02 5.000137155659167831e-03 4.551661356395084266e-04 9.995448338643604380e-01 0.000000000000000000e+00 0.000000000000000000e+00 0.000000000000000000e+00
1.500000000000000000e+02 6.000164586790868171e-03 1.024123805188893906e-03 9.989758761948110966e-01 0.000000000000000000e+00 0.000000000000000000e+00 0.000000000000000000e+00
1.750000000000000000e+02 7.000192017922790555e-03 2.617205279927173507e-03 9.973827947200728516e-01 0.000000000000000000e+00 0.000000000000000000e+00 0.000000000000000000e+00
2.000000000000000000e+02 8.000219449054490894e-03 1.820664542558033706e-03 9.980655439235320836e-01 0.000000000000000000e+00 1.137915339098771066e-04 0.000000000000000000e+00
2.250000000000000000e+02 9.000246880186413279e-03 2.048247610377787811e-03 9.979517523896221931e-01 0.000000000000000000e+00 0.000000000000000000e+00 0.000000000000000000e+00
2.500000000000000000e+02 1.000027431131811362e-02 0.000000000000000000e+00 1.000000000000000000e+00 0.000000000000000000e+00 0.000000000000000000e+00 0.000000000000000000e+00
2.750000000000000000e+02 1.100030174245003600e-02 7.965407373691396923e-04 9.992034592626308775e-01 0.000000000000000000e+00 0.000000000000000000e+00 0.000000000000000000e+00
3.000000000000000000e+02 1.200032917358173634e-02 9.103322712790168532e-04 9.990896677287209870e-01 0.000000000000000000e+00 0.000000000000000000e+00 0.000000000000000000e+00
3.250000000000000000e+02 1.300035660471365873e-02 1.593081474738279385e-03 9.984069185252617551e-01 0.000000000000000000e+00 0.000000000000000000e+00 0.000000000000000000e+00
3.500000000000000000e+02 1.400038403584535907e-02 1.479289940828402332e-03 9.985207100591716456e-01 0.000000000000000000e+00 0.000000000000000000e+00 0.000000000000000000e+00
3.750000000000000000e+02 1.500041146697728145e-02 1.820664542558033706e-03 9.981793354574419741e-01 0.000000000000000000e+00 0.000000000000000000e+00 0.000000000000000000e+00
4.000000000000000000e+02 1.600043889810920383e-02 4.551661356395084266e-04 9.995448338643604380e-01 0.000000000000000000e+00 0.000000000000000000e+00 0.000000000000000000e+00
4.250000000000000000e+02 1.700046632924090417e-02 2.844788347746927612e-03 9.971552116522530707e-01 0.000000000000000000e+00 0.000000000000000000e+00 0.000000000000000000e+00
4.500000000000000000e+02 1.800049376037282656e-02 3.755120619025944465e-03 9.962448793809740577e-01 0.000000000000000000e+00 0.000000000000000000e+00 0.000000000000000000e+00
4.750000000000000000e+02 1.900052119150452690e-02 2.617205279927173507e-03 9.973827947200728516e-01 0.000000000000000000e+00 0.000000000000000000e+00 0.000000000000000000e+00
5.000000000000000000e+02 2.000054862263644928e-02 2.503413746017296455e-03 9.973827947200728516e-01 0.000000000000000000e+00 1.137915339098771066e-04 0.000000000000000000e+00
5.250000000000000000e+02 2.100057605376814962e-02 1.479289940828402332e-03 9.985207100591716456e-01 0.000000000000000000e+00 0.000000000000000000e+00 0.000000000000000000e+00
5.500000000000000000e+02 2.200060348490007200e-02 1.706873008648156654e-03 9.980655439235320836e-01 0.000000000000000000e+00 2.275830678197542133e-04 0.000000000000000000e+00
5.750000000000000000e+02 2.300063091603177234e-02 2.844788347746927612e-03 9.971552116522530707e-01 0.000000000000000000e+00 0.000000000000000000e+00 0.000000000000000000e+00
6.000000000000000000e+02 2.400065834716369473e-02 2.730996813837050560e-03 9.972690031861629611e-01 0.000000000000000000e+00 0.000000000000000000e+00 0.000000000000000000e+00
6.250000000000000000e+02 2.500068577829539507e-02 2.844788347746927612e-03 9.971552116522530707e-01 0.000000000000000000e+00 0.000000000000000000e+00 0.000000000000000000e+00
6.500000000000000000e+02 2.600071320942731745e-02 1.820664542558033706e-03 9.980655439235320836e-01 0.000000000000000000e+00 1.137915339098771066e-04 0.000000000000000000e+00
6.750000000000000000e+02 2.700074064055901779e-02 3.868912152935821518e-03 9.960172963131542767e-01 0.000000000000000000e+00 1.137915339098771066e-04 0.000000000000000000e+00
7.000000000000000000e+02 2.800076807169094018e-02 2.048247610377787811e-03 9.979517523896221931e-01 0.000000000000000000e+00 0.000000000000000000e+00 0.000000000000000000e+00
7.250000000000000000e+02 2.900079550282264051e-02 1.593081474738279385e-03 9.984069185252617551e-01 0.000000000000000000e+00 0.000000000000000000e+00 0.000000000000000000e+00
7.500000000000000000e+02 3.000082293395456290e-02 3.755120619025944465e-03 9.961310878470641672e-01 0.000000000000000000e+00 1.137915339098771066e-04 0.000000000000000000e+00
7.750000000000000000e+02 3.100085036508648528e-02 3.072371415566681717e-03 9.969276285844332897e-01 0.000000000000000000e+00 0.000000000000000000e+00 0.000000000000000000e+00
8.000000000000000000e+02 3.200087779621818562e-02 6.713700500682749130e-03 9.928311333636777869e-01 0.000000000000000000e+00 4.551661356395084266e-04 0.000000000000000000e+00
8.250000000000000000e+02 3.300090522735010801e-02 4.096495220755575623e-03 9.957897132453344957e-01 0.000000000000000000e+00 1.137915339098771066e-04 0.000000000000000000e+00
8.500000000000000000e+02 3.400093265848180835e-02 4.665452890304961318e-03 9.953345471096950448e-01 0.000000000000000000e+00 0.000000000000000000e+00 0.000000000000000000e+00
8.750000000000000000e+02 3.500096008961373073e-02 3.072371415566681717e-03 9.967000455166135087e-01 0.000000000000000000e+00 2.275830678197542133e-04 0.000000000000000000e+00
9.000000000000000000e+02 3.600098752074543107e-02 4.779244424214838804e-03 9.949931725079653733e-01 0.000000000000000000e+00 2.275830678197542133e-04 0.000000000000000000e+00
9.250000000000000000e+02 3.700101495187735345e-02 5.461993627674101119e-03 9.943104233045061413e-01 0.000000000000000000e+00 2.275830678197542133e-04 0.000000000000000000e+00
9.500000000000000000e+02 3.800104238300905379e-02 8.192990441511151245e-03 9.915794264906691025e-01 0.000000000000000000e+00 2.275830678197542133e-04 0.000000000000000000e+00
9.750000000000000000e+02 3.900106981414097618e-02 7.624032771961766417e-03 9.921483841602184439e-01 0.000000000000000000e+00 2.275830678197542133e-04 0.000000000000000000e+00
1.000000000000000000e+03 4.000109724527267652e-02 6.599908966772872511e-03 9.932862994993172379e-01 0.000000000000000000e+00 1.137915339098771066e-04 0.000000000000000000e+00
1.025000000000000000e+03 4.100112467640459890e-02 7.396449704142011444e-03 9.922621756941283344e-01 0.000000000000000000e+00 3.413746017296313199e-04 0.000000000000000000e+00
1.050000000000000000e+03 4.200115210753629924e-02 8.306781975421027864e-03 9.911242603550295405e-01 0.000000000000000000e+00 5.689576695493854790e-04 0.000000000000000000e+00
1.075000000000000000e+03 4.300117953866822162e-02 8.420573509330906217e-03 9.914656349567592120e-01 0.000000000000000000e+00 1.137915339098771066e-04 0.000000000000000000e+00
1.100000000000000000e+03 4.400120696980014401e-02 1.035502958579881741e-02 9.895311788802912956e-01 0.000000000000000000e+00 1.137915339098771066e-04 0.000000000000000000e+00
1.125000000000000000e+03 4.500123440093184435e-02 7.396449704142011444e-03 9.922621756941283344e-01 0.000000000000000000e+00 3.413746017296313199e-04 0.000000000000000000e+00
1.150000000000000000e+03 4.600126183206376673e-02 9.103322712790167665e-03 9.903277196176604180e-01 0.000000000000000000e+00 5.689576695493854790e-04 0.000000000000000000e+00
1.175000000000000000e+03 4.700128926319546707e-02 1.126536185707783383e-02 9.882794720072826111e-01 0.000000000000000000e+00 4.551661356395084266e-04 0.000000000000000000e+00
1.200000000000000000e+03 4.800131669432738946e-02 8.648156577150659455e-03 9.908966772872098705e-01 0.000000000000000000e+00 4.551661356395084266e-04 0.000000000000000000e+00
1.225000000000000000e+03 4.900134412545908980e-02 1.308602639963586667e-02 9.862312243969049153e-01 0.000000000000000000e+00 6.827492034592626399e-04 0.000000000000000000e+00
1.250000000000000000e+03 5.000137155659101218e-02 1.103777878925807886e-02 9.887346381429221731e-01 0.000000000000000000e+00 2.275830678197542133e-04 0.000000000000000000e+00
1.275000000000000000e+03 5.100139898772271252e-02 1.593081474738279601e-02 9.831588529813382049e-01 0.000000000000000000e+00 9.103322712790168532e-04 0.000000000000000000e+00
1.300000000000000000e+03 5.200142641885463490e-02 1.126536185707783383e-02 9.882794720072826111e-01 0.000000000000000000e+00 4.551661356395084266e-04 0.000000000000000000e+00
1.325000000000000000e+03 5.300145384998633524e-02 1.661356395084205573e-02 9.819071461083295205e-01 0.000000000000000000e+00 1.479289940828402332e-03 0.000000000000000000e+00
1.350000000000000000e+03 5.400148128111825763e-02 2.048247610377787811e-02 9.789485662266727006e-01 0.000000000000000000e+00 5.689576695493854790e-04 0.000000000000000000e+00
1.375000000000000000e+03 5.500150871224995797e-02 2.002730996813837164e-02 9.790623577605825911e-01 0.000000000000000000e+00 9.103322712790168532e-04 0.000000000000000000e+00
1.400000000000000000e+03 5.600153614338188035e-02 1.786527082385070547e-02 9.814519799726900695e-01 0.000000000000000000e+00 6.827492034592626399e-04 0.000000000000000000e+00
1.425000000000000000e+03 5.700156357451358069e-02 2.014110150204824826e-02 9.794037323623122626e-01 0.000000000000000000e+00 4.551661356395084266e-04 0.000000000000000000e+00
1.450000000000000000e+03 5.800159100564550307e-02 2.196176604460628110e-02 9.767865270823851143e-01 0.000000000000000000e+00 1.251706873008648227e-03 0.000000000000000000e+00
1.475000000000000000e+03 5.900161843677742546e-02 3.106508875739644876e-02 9.679107874374146547e-01 0.000000000000000000e+00 1.024123805188893906e-03 0.000000000000000000e+00
1.500000000000000000e+03 6.000164586790912580e-02 2.833409194355939950e-02 9.700728265817023521e-01 0.000000000000000000e+00 1.593081474738279385e-03 0.000000000000000000e+00
1.525000000000000000e+03 6.100167329904104818e-02 3.174783796085571541e-02 9.665452890304960798e-01 0.000000000000000000e+00 1.706873008648156654e-03 0.000000000000000000e+00
1.550000000000000000e+03 6.200170073017274852e-02 3.004096495220755572e-02 9.676832043695948737e-01 0.000000000000000000e+00 2.275830678197541916e-03 0.000000000000000000e+00
1.575000000000000000e+03 6.300172816130467091e-02 4.608557123350022489e-02 9.516385980883022011e-01 0.000000000000000000e+00 2.275830678197541916e-03 0.000000000000000000e+00
1.600000000000000000e+03 6.400175559243637124e-02 4.585798816568047165e-02 9.503868912152936277e-01 0.000000000000000000e+00 3.755120619025944465e-03 0.000000000000000000e+00
1.625000000000000000e+03 6.500178302356829363e-02 4.346836595357305572e-02 9.533454710969503365e-01 0.000000000000000000e+00 3.186162949476558769e-03 0.000000000000000000e+00
1.650000000000000000e+03 6.600181045469999397e-02 4.312699135184342586e-02 9.534592626308602270e-01 0.000000000000000000e+00 3.413746017296313308e-03 0.000000000000000000e+00
1.675000000000000000e+03 6.700183788583191635e-02 3.937187073281747662e-02 9.581247155211651823e-01 0.000000000000000000e+00 2.503413746017296455e-03 0.000000000000000000e+00
1.700000000000000000e+03 6.800186531696361669e-02 4.244424214838415921e-02 9.556213017751479244e-01 0.000000000000000000e+00 1.934456076467910759e-03 0.000000000000000000e+00
1.725000000000000000e+03 6.900189274809553908e-02 4.403732362312243881e-02 9.535730541647701175e-01 0.000000000000000000e+00 2.389622212107419402e-03 0.000000000000000000e+00
1.750000000000000000e+03 7.000192017922723942e-02 3.937187073281747662e-02 9.569868001820664993e-01 0.000000000000000000e+00 3.641329085116067413e-03 0.000000000000000000e+00
1.775000000000000000e+03 7.100194761035916180e-02 4.710969503868912139e-02 9.505006827492034072e-01 0.000000000000000000e+00 2.389622212107419402e-03 0.000000000000000000e+00
1.800000000000000000e+03 7.200197504149086214e-02 5.245789713245334329e-02 9.440145653163404260e-01 0.000000000000000000e+00 3.527537551206190360e-03 0.000000000000000000e+00
1.825000000000000000e+03 7.300200247262278452e-02 6.110605370960400795e-02 9.346836595357305155e-01 0.000000000000000000e+00 4.210286754665453109e-03 0.000000000000000000e+00
1.850000000000000000e+03 7.400202990375470691e-02 5.917159763313609155e-02 9.363905325443786509e-01 0.000000000000000000e+00 4.437869822485207214e-03 0.000000000000000000e+00
1.875000000000000000e+03 7.500205733488640725e-02 6.121984524351388457e-02 9.338871187983613931e-01 0.000000000000000000e+00 4.893035958124715423e-03 0.000000000000000000e+00
1.900000000000000000e+03 7.600208476601832963e-02 7.532999544833864081e-02 9.180700955848885014e-01 0.000000000000000000e+00 6.599908966772872511e-03 0.000000000000000000e+00
1.925000000000000000e+03 7.700211219715002997e-02 8.534365043240782489e-02 9.074874829312699065e-01 0.000000000000000000e+00 7.168866636322257339e-03 0.000000000000000000e+00
1.950000000000000000e+03 7.800213962828195235e-02 9.023668639053254725e-02 9.013427401001365968e-01 0.000000000000000000e+00 8.420573509330906217e-03 0.000000000000000000e+00
1.975000000000000000e+03 7.900216705941365269e-02 1.001365498406918547e-01 8.906463359126081114e-01 0.000000000000000000e+00 9.217114246700046018e-03 0.000000000000000000e+00
2.000000000000000000e+03 8.000219449054557508e-02 9.490213928083750250e-02 8.936049157942649313e-01 0.000000000000000000e+00 1.149294492489758707e-02 0.000000000000000000e+00
2.025000000000000000e+03 8.100222192167727542e-02 1.052571688666363164e-01 8.817705962676376519e-01 0.000000000000000000e+00 1.297223486572599005e-02 0.000000000000000000e+00
2.050000000000000000e+03 8.200224935280919780e-02 1.140191169776968577e-01 8.715293582157487284e-01 0.000000000000000000e+00 1.445152480655439303e-02 0.000000000000000000e+00
2.075000000000000000e+03 8.300227678394089814e-02 1.218707328174783860e-01 8.653846153846154188e-01 2.275830678197542133e-04 1.251706873008648184e-02 0.000000000000000000e+00
2.100000000000000000e+03 8.400230421507282053e-02 1.198224852071005930e-01 8.614019116977696955e-01 4.551661356395084266e-04 1.832043695949021542e-02 0.000000000000000000e+00
2.125000000000000000e+03 8.500233164620452087e-02 1.316568047337278169e-01 8.495675921711424161e-01 2.275830678197542133e-04 1.854802002730996865e-02 0.000000000000000000e+00
2.150000000000000000e+03 8.600235907733644325e-02 1.538461538461538547e-01 8.256713700500682984e-01 2.275830678197542133e-04 2.025489303595812488e-02 0.000000000000000000e+00
2.175000000000000000e+03 8.700238650846814359e-02 1.638598088302230249e-01 8.124715521165225551e-01 1.137915339098771066e-04 2.355484751934456070e-02 0.000000000000000000e+00
2.200000000000000000e+03 8.800241393960006597e-02 1.671597633136094607e-01 8.032544378698225351e-01 1.024123805188893906e-03 2.856167501137915274e-02 0.000000000000000000e+00
2.225000000000000000e+03 8.900244137073198836e-02 1.808147473827947105e-01 7.819754210286754548e-01 1.593081474738279385e-03 3.561675011379153433e-02 0.000000000000000000e+00
2.250000000000000000e+03 9.000246880186368870e-02 2.045971779699590487e-01 7.520482476103778069e-01 1.024123805188893906e-03 4.233045061447428259e-02 0.000000000000000000e+00
2.275000000000000000e+03 9.100249623299561108e-02 2.135867091488393155e-01 7.304278561675011661e-01 1.137915339098770958e-03 5.484751934456076616e-02 0.000000000000000000e+00
2.300000000000000000e+03 9.200252366412731142e-02 2.158625398270368756e-01 7.257624032771962108e-01 1.479289940828402332e-03 5.689576695493855224e-02 0.000000000000000000e+00
2.325000000000000000e+03 9.300255109525923380e-02 2.329312699135184239e-01 7.000455166135639562e-01 1.820664542558033706e-03 6.520254893035958010e-02 0.000000000000000000e+00
2.350000000000000000e+03 9.400257852639093414e-02 2.461310878470641672e-01 6.753527537551206050e-01 1.024123805188893906e-03 7.749203459262631044e-02 0.000000000000000000e+00
2.375000000000000000e+03 9.500260595752285653e-02 2.678652708238506985e-01 6.412152935821574529e-01 1.706873008648156654e-03 8.921256258534364381e-02 0.000000000000000000e+00
2.400000000000000000e+03 9.600263338865455687e-02 2.851615839781520001e-01 6.101502048247610110e-01 2.730996813837050560e-03 1.019572143832498806e-01 0.000000000000000000e+00
2.425000000000000000e+03 9.700266081978647925e-02 2.869822485207100815e-01 5.877332726445152478e-01 4.096495220755575623e-03 1.211879836140191125e-01 0.000000000000000000e+00
2.450000000000000000e+03 9.800268825091817959e-02 3.080336822940373254e-01 5.501820664542558248e-01 3.186162949476558769e-03 1.385980883022303045e-01 0.000000000000000000e+00
2.475000000000000000e+03 9.900271568205010198e-02 3.256713700500682984e-01 5.103550295857988139e-01 4.665452890304961318e-03 1.593081474738279601e-01 0.000000000000000000e+00
2.500000000000000000e+03 1.000027431131818023e-01 3.312471552116522666e-01 4.830450614474283144e-01 8.420573509330906217e-03 1.772872098315885214e-01 0.000000000000000000e+00
2.525000000000000000e+03 1.010027705443137247e-01 3.312471552116522666e-01 4.634729176149294250e-01 1.251706873008648184e-02 1.927628584433318248e-01 0.000000000000000000e+00
2.550000000000000000e+03 1.020027979754456471e-01 3.627674101046882149e-01 4.250113791533909890e-01 1.388256713700500647e-02 1.983386436049157930e-01 0.000000000000000000e+00
2.575000000000000000e+03 1.030028254065773474e-01 3.435366408739189970e-01 4.129494765589440397e-01 1.490669094219390124e-02 2.286071916249431124e-01 0.000000000000000000e+00
2.600000000000000000e+03 1.040028528377092698e-01 3.537778789258079204e-01 3.823395539371870488e-01 1.502048247610377786e-02 2.488620846609012338e-01 0.000000000000000000e+00
2.625000000000000000e+03 1.050028802688409701e-01 3.665225307237141572e-01 3.421711424670004775e-01 1.877560309512972189e-02 2.725307237141556538e-01 0.000000000000000000e+00
2.650000000000000000e+03 1.060029076999728925e-01 3.652708238507055283e-01 3.274920345926263243e-01 2.173418297678652786e-02 2.855029585798816716e-01 0.000000000000000000e+00
2.675000000000000000e+03 1.070029351311045929e-01 3.666363222576240477e-01 3.010923987255348377e-01 2.344105598543468408e-02 3.088302230314064478e-01 0.000000000000000000e+00
2.700000000000000000e+03 1.080029625622365153e-01 3.608329540282202985e-01 2.870960400546199165e-01 2.583067819754210348e-02 3.262403277196176399e-01 0.000000000000000000e+00
2.725000000000000000e+03 1.090029899933682156e-01 3.673190714610832797e-01 2.693445607646791085e-01 2.651342740100136666e-02 3.368229403732362348e-01 0.000000000000000000e+00
2.750000000000000000e+03 1.100030174245001380e-01 3.673190714610832797e-01 2.492034592626308498e-01 2.913063268092853930e-02 3.543468365953573174e-01 0.000000000000000000e+00
2.775000000000000000e+03 1.110030448556318383e-01 3.682294037323622926e-01 2.399863450159308020e-01 3.129267182521620200e-02 3.604915794264906825e-01 0.000000000000000000e+00
2.800000000000000000e+03 1.120030722867637607e-01 3.660673645880746507e-01 2.290623577605826189e-01 3.652708238507055422e-02 3.683431952662721831e-01 0.000000000000000000e+00
2.825000000000000000e+03 1.130030997178954610e-01 3.760810195721438487e-01 2.174556213017751483e-01 3.595812471552116418e-02 3.705052344105598805e-01 0.000000000000000000e+00
2.850000000000000000e+03 1.140031271490273834e-01 3.848429676832043622e-01 2.140418752844788219e-01 4.255803368229403583e-02 3.585571233500227661e-01 0.000000000000000000e+00
2.875000000000000000e+03 1.150031545801590838e-01 3.816568047337278169e-01 2.089212562585343602e-01 5.427856167501137613e-02 3.551433773327264398e-01 0.000000000000000000e+00
2.900000000000000000e+03 1.160031820112910061e-01 3.928083750568957533e-01 2.032316795630405015e-01 5.939918070095585173e-02 3.445607646791079004e-01 0.000000000000000000e+00
2.925000000000000000e+03 1.170032094424229285e-01 3.959945380063722986e-01 1.981110605370960398e-01 6.486117432862995025e-02 3.410332271279016836e-01 0.000000000000000000e+00
2.950000000000000000e+03 1.180032368735546289e-01 4.037323623122439642e-01 1.943559399180700975e-01 7.077833409194356218e-02 3.311333636777423761e-01 0.000000000000000000e+00
2.975000000000000000e+03 1.190032643046865513e-01 4.047564861174328676e-01 1.939007737824305910e-01 7.339553937187073829e-02 3.279472007282658308e-01 0.000000000000000000e+00
3.000000000000000000e+03 1.200032917358182516e-01 4.046426945835229771e-01 1.883249886208466228e-01 8.397815202548930547e-02 3.230541647701410946e-01 0.000000000000000000e+00
3.025000000000000000e+03 1.210033191669501740e-01 4.256941283568502765e-01 1.760355029585798925e-01 8.750568957669549452e-02 3.107646791078743642e-01 0.000000000000000000e+00
3.050000000000000000e+03 1.220033465980818743e-01 4.251251706873008795e-01 1.651115157032316816e-01 9.012289485662267063e-02 3.196404187528447682e-01 0.000000000000000000e+00
3.075000000000000000e+03 1.230033740292137967e-01 4.316112881201638607e-01 1.621529358215748617e-01 1.004779244424214846e-01 3.057578516158397930e-01 0.000000000000000000e+00
3.100000000000000000e+03 1.240034014603454970e-01 4.357077833409194190e-01 1.569185252617205373e-01 1.078743741465634925e-01 2.994993172507965373e-01 0.000000000000000000e+00
3.125000000000000000e+03 1.250034288914774194e-01 4.243286299499317016e-01 1.512289485662266786e-01 1.035502958579881672e-01 3.208921256258534527e-01 0.000000000000000000e+00
3.150000000000000000e+03 1.260034563226091198e-01 4.301319981793354508e-01 1.487255348202093652e-01 1.071916249431042328e-01 3.139508420573509095e-01 0.000000000000000000e+00
3.175000000000000000e+03 1.270034837537410422e-01 4.392353208921256358e-01 1.359808830223031284e-01 1.135639508420573512e-01 3.112198452435138707e-01 0.000000000000000000e+00
3.200000000000000000e+03 1.280035111848727425e-01 4.453800637232590010e-01 1.215293582157487423e-01 1.104915794264906687e-01 3.225989986345015881e-01 0.000000000000000000e+00
3.225000000000000000e+03 1.290035386160046649e-01 4.482248520710059303e-01 1.208466090122894826e-01 1.109467455621301751e-01 3.199817933545744397e-01 0.000000000000000000e+00
3.250000000000000000e+03 1.300035660471363652e-01 4.426490669094219621e-01 1.230086481565771522e-01 1.174328629949931702e-01 3.169094219390077294e-01 0.000000000000000000e+00
3.275000000000000000e+03 1.310035934782682876e-01 4.420801092398725651e-01 1.190259444697314567e-01 1.183431952662721831e-01 3.205507510241237812e-01 0.000000000000000000e+00
3.300000000000000000e+03 1.320036209094002100e-01 4.508420573509330787e-01 1.096950386891215323e-01 1.186845698680018268e-01 3.207783340919435622e-01 0.000000000000000000e+00
3.325000000000000000e+03 1.330036483405319103e-01 4.633591260810195900e-01 1.038916704597177970e-01 1.203914428766499761e-01 3.123577605826126646e-01 0.000000000000000000e+00
3.350000000000000000e+03 1.340036757716638327e-01 4.502730996813836817e-01 9.934000910332271839e-02 1.260810195721438209e-01 3.243058716431497235e-01 0.000000000000000000e+00
3.375000000000000000e+03 1.350037032027955330e-01 4.530040964952207760e-01 9.581247155211652933e-02 1.273327264451524776e-01 3.238507055075102170e-01 0.000000000000000000e+00
3.400000000000000000e+03 1.360037306339274554e-01 4.655211652253072319e-01 9.069185252617205373e-02 1.312016385980883104e-01 3.125853436504323901e-01 0.000000000000000000e+00
3.425000000000000000e+03 1.370037580650591558e-01 4.618798361401911801e-01 9.114701866181156020e-02 1.307464724624488039e-01 3.162266727355484974e-01 0.000000000000000000e+00
3.450000000000000000e+03 1.380037854961910782e-01 4.668866636322257513e-01 8.921256258534364381e-02 1.365498406918525254e-01 3.073509330905780379e-01 0.000000000000000000e+00
3.475000000000000000e+03 1.390038129273227785e-01 4.781520254893035782e-01 8.500227583067819503e-02 1.486117432862995025e-01 2.882339553937187104e-01 0.000000000000000000e+00
3.500000000000000000e+03 1.400038403584547009e-01 4.905553026854801990e-01 8.204369594902138907e-02 1.474738279472007363e-01 2.799271734182977034e-01 0.000000000000000000e+00
3.525000000000000000e+03 1.410038677895864012e-01 4.800864815657714946e-01 8.079198907601274626e-02 1.458807464724624359e-01 2.932407828857532817e-01 0.000000000000000000e+00
3.550000000000000000e+03 1.420038952207183236e-01 4.770141101502048397e-01 7.100591715976331542e-02 1.553254437869822369e-01 2.966545289030496080e-01 0.000000000000000000e+00
3.575000000000000000e+03 1.430039226518500239e-01 4.888484296768320636e-01 6.895766954938552240e-02 1.607874374146563423e-01 2.814064633591260578e-01 0.000000000000000000e+00
3.600000000000000000e+03 1.440039500829819463e-01 4.981793354574419741e-01 6.838871187983613931e-02 1.758079198907601393e-01 2.576240327719617751e-01 0.000000000000000000e+00
3.625000000000000000e+03 1.450039775141136467e-01 4.902139280837505830e-01 6.884387801547564578e-02 1.750113791533909890e-01 2.659308147473827821e-01 0.000000000000000000e+00
3.650000000000000000e+03 1.460040049452455690e-01 4.911242603550295960e-01 6.451979972690032039e-02 1.754665452890304955e-01 2.688893946290396020e-01 0.000000000000000000e+00
3.675000000000000000e+03 1.470040323763774914e-01 4.988620846609012061e-01 6.508875739644970349e-02 1.779699590350477811e-01 2.580791989076012816e-01 0.000000000000000000e+00
3.700000000000000000e+03 1.480040598075091918e-01 4.894173873463814051e-01 6.611288120163859305e-02 1.764906690942193990e-01 2.679790623577605890e-01 0.000000000000000000e+00
3.725000000000000000e+03 1.490040872386411142e-01 4.990896677287209870e-01 6.520254893035958010e-02 1.835457441966317771e-01 2.521620391442876419e-01 0.000000000000000000e+00
3.750000000000000000e+03 1.500041146697728145e-01 5.013654984069185749e-01 6.781975421028675621e-02 1.862767410104688159e-01 2.445380063723258945e-01 0.000000000000000000e+00
3.775000000000000000e+03 1.510041421009047369e-01 5.117205279927173889e-01 6.372325898953118406e-02 1.827492034592626269e-01 2.418070095584888557e-01 0.000000000000000000e+00
3.800000000000000000e+03 1.520041695320364372e-01 5.044378698224851743e-01 6.520254893035958010e-02 1.880974055530268418e-01 2.422621756941283622e-01 0.000000000000000000e+00
3.825000000000000000e+03 1.530041969631683596e-01 5.170687300864815761e-01 6.520254893035958010e-02 1.893491124260354985e-01 2.283796085571233592e-01 0.000000000000000000e+00
3.850000000000000000e+03 1.540042243943000599e-01 5.142239417387346467e-01 6.873008648156576916e-02 1.909421939007737712e-01 2.261037778789257990e-01 0.000000000000000000e+00
3.875000000000000000e+03 1.550042518254319823e-01 5.135411925352754148e-01 6.417842512517069054e-02 1.884387801547564856e-01 2.338416021847974646e-01 0.000000000000000000e+00
3.900000000000000000e+03 1.560042792565636827e-01 5.308375056895766608e-01 6.395084205735093730e-02 1.909421939007737712e-01 2.142694583522985752e-01 0.000000000000000000e+00
3.925000000000000000e+03 1.570043066876956050e-01 5.316340464269457833e-01 6.315430131998178709e-02 1.990213928083750528e-01 2.061902594446973214e-01 0.000000000000000000e+00
3.950000000000000000e+03 1.580043341188273054e-01 5.365270823850705195e-01 6.520254893035958010e-02 2.024351388256713791e-01 1.958352298588985074e-01 0.000000000000000000e+00
3.975000000000000000e+03 1.590043615499592278e-01 5.391442876649977789e-01 6.144742831133363781e-02 2.032316795630405015e-01 1.961766044606281234e-01 0.000000000000000000e+00
4.000000000000000000e+03 1.600043889810911502e-01 5.362994993172508496e-01 6.030951297223486468e-02 2.020937642239417353e-01 2.012972234865725851e-01 0.000000000000000000e+00
4.025000000000000000e+03 1.610044164122228505e-01 5.318616294947655643e-01 6.087847064178425471e-02 2.072143832498861971e-01 2.000455166135639562e-01 0.000000000000000000e+00
4.050000000000000000e+03 1.620044438433547729e-01 5.279927173418297315e-01 6.190259444697314428e-02 2.083522985889849910e-01 2.017523896222121194e-01 0.000000000000000000e+00
4.075000000000000000e+03 1.630044712744864732e-01 5.551888939462903405e-01 5.883022303140646170e-02 2.065316340464269373e-01 1.794492489758761911e-01 0.000000000000000000e+00
4.100000000000000000e+03 1.640044987056183956e-01 5.426718252162039402e-01 6.429221665908056715e-02 2.053937187073281712e-01 1.876422394173873354e-01 0.000000000000000000e+00
4.125000000000000000e+03 1.650045261367500959e-01 5.369822485207100815e-01 6.417842512517069054e-02 2.053937187073281712e-01 1.934456076467910846e-01 0.000000000000000000e+00
4.150000000000000000e+03 1.660045535678820183e-01 5.484751934456076894e-01 6.065088757396449454e-02 2.187073281747838049e-01 1.721665908056440597e-01 0.000000000000000000e+00
4.175000000000000000e+03 1.670045809990137187e-01 5.449476558944014171e-01 6.315430131998178709e-02 2.205279927173418308e-01 1.713700500682749095e-01 0.000000000000000000e+00
4.200000000000000000e+03 1.680046084301456411e-01 5.463131543013199920e-01 6.087847064178425471e-02 2.248520710059171701e-01 1.679563040509786109e-01 0.000000000000000000e+00
4.225000000000000000e+03 1.690046358612773414e-01 5.596267637687756258e-01 6.463359126081019701e-02 2.299726900318616318e-01 1.457669549385525731e-01 0.000000000000000000e+00
4.250000000000000000e+03 1.700046632924092638e-01 5.567819754210286964e-01 6.326809285389166371e-02 2.256486117432862926e-01 1.541875284478834707e-01 1.137915339098771066e-04
4.275000000000000000e+03 1.710046907235409641e-01 5.593991807009558448e-01 6.565771506599908658e-02 2.356622667273554905e-01 1.392808375056895642e-01 0.000000000000000000e+00
4.300000000000000000e+03 1.720047181546728865e-01 5.558716431497496835e-01 6.554392353208920996e-02 2.347519344560764776e-01 1.438324988620846567e-01 0.000000000000000000e+00
4.325000000000000000e+03 1.730047455858045868e-01 5.614474283113336517e-01 6.349567592171143082e-02 2.346381429221665871e-01 1.404187528447883582e-01 0.000000000000000000e+00
4.350000000000000000e+03 1.740047730169365092e-01 5.546199362767409990e-01 6.474738279472007363e-02 2.361174328629949970e-01 1.445152480655439164e-01 0.000000000000000000e+00
4.375000000000000000e+03 1.750048004480684316e-01 5.645197997269003620e-01 6.360946745562130744e-02 2.360036413290851065e-01 1.357532999544833752e-01 1.137915339098771066e-04
4.400000000000000000e+03 1.760048278792001319e-01 5.686162949476558648e-01 6.634046426945834629e-02 2.412380518889394587e-01 1.238051888939462886e-01 0.000000000000000000e+00
4.425000000000000000e+03 1.770048553103320543e-01 5.638370505234410190e-01 6.349567592171143082e-02 2.339553937187073274e-01 1.387118798361401950e-01 0.000000000000000000e+00
4.450000000000000000e+03 1.780048827414637547e-01 5.647473827947200320e-01 6.030951297223486468e-02 2.355484751934456000e-01 1.393946290395994547e-01 0.000000000000000000e+00
4.475000000000000000e+03 1.790049101725956771e-01 5.706645425580336717e-01 5.700955848884842886e-02 2.388484296768320359e-01 1.334774692762858428e-01 0.000000000000000000e+00
4.500000000000000000e+03 1.800049376037273774e-01 5.761265361857077494e-01 6.065088757396449454e-02 2.446517979062357850e-01 1.185707783340919502e-01 0.000000000000000000e+00
4.525000000000000000e+03 1.810049650348592998e-01 5.798816568047336917e-01 6.247155211652252738e-02 2.402139280837505553e-01 1.173190714610832935e-01 1.137915339098771066e-04
4.550000000000000000e+03 1.820049924659910001e-01 5.881884387801548097e-01 6.269913518434228061e-02 2.345243513882567243e-01 1.144742831133363642e-01 1.137915339098771066e-04
4.575000000000000000e+03 1.830050198971229225e-01 5.918297678652708615e-01 6.406463359126081392e-02 2.412380518889394587e-01 1.028675466545289074e-01 0.000000000000000000e+00
4.600000000000000000e+03 1.840050473282546228e-01 5.972917614929449392e-01 6.463359126081019701e-02 2.403277196176604458e-01 9.763313609467455523e-02 1.137915339098771066e-04
4.625000000000000000e+03 1.850050747593865452e-01 5.865953573054164538e-01 6.622667273554846967e-02 2.383932635411925294e-01 1.087847064178425194e-01 0.000000000000000000e+00
4.650000000000000000e+03 1.860051021905182456e-01 5.939918070095584479e-01 6.486117432862995025e-02 2.397587619481110488e-01 1.013882567137004975e-01 0.000000000000000000e+00
4.675000000000000000e+03 1.870051296216501679e-01 5.918297678652708615e-01 6.599908966772871644e-02 2.446517979062357850e-01 9.751934456076467861e-02 0.000000000000000000e+00
4.700000000000000000e+03 1.880051570527818683e-01 6.003641329085116496e-01 6.065088757396449454e-02 2.382794720072826666e-01 1.007055075102412378e-01 0.000000000000000000e+00
4.725000000000000000e+03 1.890051844839137907e-01 5.934228493400091065e-01 6.110605370960400795e-02 2.427173418297678686e-01 1.026399635867091542e-01 1.137915339098771066e-04
4.750000000000000000e+03 1.900052119150457131e-01 6.036640873918980299e-01 5.837505689576695522e-02 2.456759217114246607e-01 9.228493400091032639e-02 0.000000000000000000e+00
4.775000000000000000e+03 1.910052393461774134e-01 6.118570778334091465e-01 5.518889394629039602e-02 2.432862994993172379e-01 8.966772872098316416e-02 0.000000000000000000e+00
4.800000000000000000e+03 1.920052667773093358e-01 6.114019116977696955e-01 5.883022303140646170e-02 2.395311788802912956e-01 9.023668639053254725e-02 0.000000000000000000e+00
4.825000000000000000e+03 1.930052942084410361e-01 6.042330450614474824e-01 6.304050978607191047e-02 2.446517979062357850e-01 8.796085571233500100e-02 1.137915339098771066e-04
4.850000000000000000e+03 1.940053216395729585e-01 6.065088757396449592e-01 6.156121984524351443e-02 2.467000455166135642e-01 8.522985889849794827e-02 0.000000000000000000e+00
4.875000000000000000e+03 1.950053490707046588e-01 6.015020482476103325e-01 6.451979972690032039e-02 2.496586253982703563e-01 8.431952662721893532e-02 0.000000000000000000e+00
4.900000000000000000e+03 1.960053765018365812e-01 6.065088757396449592e-01 6.178880291306326766e-02 2.464724624487938109e-01 8.522985889849794827e-02 0.000000000000000000e+00
4.925000000000000000e+03 1.970054039329682816e-01 6.127674101046881594e-01 6.360946745562130744e-02 2.420345926263086089e-01 8.147473827947200598e-02 1.137915339098771066e-04
4.950000000000000000e+03 1.980054313641002040e-01 6.149294492489758568e-01 6.497496586253982687e-02 2.438552571688666348e-01 7.624032771961765376e-02 0.000000000000000000e+00
4.975000000000000000e+03 1.990054587952319043e-01 6.181156121984524576e-01 6.008192990441511144e-02 2.504551661356395065e-01 7.123350022758306865e-02 1.137915339098771066e-04
5.000000000000000000e+03 2.000054862263638267e-01 6.127674101046881594e-01 6.372325898953118406e-02 2.477241693218024676e-01 7.567137005006827066e-02 1.137915339098771066e-04
5.025000000000000000e+03 2.010055136574955270e-01 6.045744196631770428e-01 6.269913518434228061e-02 2.543240782885753393e-01 7.840236686390532339e-02 0.000000000000000000e+00
5.050000000000000000e+03 2.020055410886274494e-01 6.144742831133364058e-01 6.417842512517069054e-02 2.563723258989530907e-01 6.497496586253982687e-02 0.000000000000000000e+00
5.075000000000000000e+03 2.030055685197591497e-01 6.233500227583067543e-01 6.224396904870277414e-02 2.506827492034592875e-01 6.360946745562130744e-02 1.137915339098771066e-04
5.100000000000000000e+03 2.040055959508910721e-01 6.234638142922166448e-01 6.326809285389166371e-02 2.457897132453345512e-01 6.747837960855712636e-02 0.000000000000000000e+00
5.125000000000000000e+03 2.050056233820229945e-01 6.192535275375512516e-01 6.315430131998178709e-02 2.538689121529358328e-01 6.360946745562130744e-02 1.137915339098771066e-04
5.150000000000000000e+03 2.060056508131546948e-01 6.300637232589895165e-01 6.440600819299044377e-02 2.482931269913518368e-01 5.723714155666818210e-02 0.000000000000000000e+00
5.175000000000000000e+03 2.070056782442866172e-01 6.261948111060536837e-01 6.554392353208920996e-02 2.480655439235320836e-01 6.019572143832498806e-02 0.000000000000000000e+00
5.200000000000000000e+03 2.080057056754183176e-01 6.226672735548475224e-01 6.975421028675465873e-02 2.487482931269913433e-01 5.883022303140646170e-02 0.000000000000000000e+00
5.225000000000000000e+03 2.090057331065502400e-01 6.275603095129722586e-01 6.816112881201638607e-02 2.443104233045061413e-01 5.985434683659535821e-02 1.137915339098771066e-04
5.250000000000000000e+03 2.100057605376819403e-01 6.307464724624487484e-01 6.417842512517069054e-02 2.407828857532999522e-01 6.417842512517069054e-02 1.137915339098771066e-04
5.275000000000000000e+03 2.110057879688138627e-01 6.274465179790623681e-01 6.395084205735093730e-02 2.482931269913518368e-01 6.030951297223486468e-02 0.000000000000000000e+00
5.300000000000000000e+03 2.120058153999455630e-01 6.271051433773326966e-01 6.543013199817933334e-02 2.456759217114246607e-01 6.178880291306326766e-02 0.000000000000000000e+00
5.325000000000000000e+03 2.130058428310774854e-01 6.326809285389166648e-01 6.759217114246700298e-02 2.412380518889394587e-01 5.848884842967683184e-02 0.000000000000000000e+00
5.350000000000000000e+03 2.140058702622091857e-01 6.284706417842512716e-01 6.873008648156576916e-02 2.424897587619481154e-01 6.019572143832498806e-02 1.137915339098771066e-04
5.375000000000000000e+03 2.150058976933411081e-01 6.355257168866635942e-01 6.588529813381883982e-02 2.372553482020937632e-01 6.110605370960400795e-02 2.275830678197542133e-04
5.400000000000000000e+03 2.160059251244728085e-01 6.398497951752389890e-01 6.326809285389166371e-02 2.380518889394629134e-01 5.883022303140646170e-02 0.000000000000000000e+00
5.425000000000000000e+03 2.170059525556047308e-01 6.474738279472007640e-01 6.679563040509786664e-02 2.313381884387801513e-01 5.439235320892125969e-02 0.000000000000000000e+00
5.450000000000000000e+03 2.180059799867366532e-01 6.472462448793809831e-01 6.781975421028675621e-02 2.311106053709603980e-01 5.348202093764223980e-02 3.413746017296313199e-04
5.475000000000000000e+03 2.190060074178683536e-01 6.429221665908056993e-01 6.645425580336822291e-02 2.373691397360036537e-01 5.325443786982248656e-02 0.000000000000000000e+00
5.500000000000000000e+03 2.200060348490002760e-01 6.522530723714156098e-01 6.508875739644970349e-02 2.304278561675011383e-01 5.211652253072371344e-02 1.137915339098771066e-04
5.525000000000000000e+03 2.210060622801319763e-01 6.414428766499772339e-01 6.759217114246700298e-02 2.352071005917159841e-01 5.575785161583977911e-02 0.000000000000000000e+00
5.550000000000000000e+03 2.220060897112638987e-01 6.496358670914883504e-01 6.417842512517069054e-02 2.333864360491579304e-01 5.268548020027309653e-02 1.137915339098771066e-04
5.575000000000000000e+03 2.230061171423955990e-01 6.490669094219390090e-01 6.474738279472007363e-02 2.389622212107419263e-01 4.722348657259899801e-02 0.000000000000000000e+00
5.600000000000000000e+03 2.240061445735275214e-01 6.552116522530723186e-01 6.520254893035958010e-02 2.317933545744196577e-01 4.767865270823850449e-02 1.137915339098771066e-04
5.625000000000000000e+03 2.250061720046592217e-01 6.573736913973600160e-01 6.577150659990896320e-02 2.314519799726900418e-01 4.540282203004096517e-02 0.000000000000000000e+00
5.650000000000000000e+03 2.260061994357911441e-01 6.562357760582612221e-01 6.759217114246700298e-02 2.279244424214838527e-01 4.813381884387801790e-02 1.137915339098771066e-04
5.675000000000000000e+03 2.270062268669228445e-01 6.612426035502958488e-01 6.565771506599908658e-02 2.247382794720072796e-01 4.836140191169777114e-02 0.000000000000000000e+00
