# itime ezz other fcc hcp bcc ico
0.000000000000000000e+00 0.000000000000000000e+00 9.103322712790168532e-04 9.990896677287209870e-01 0.000000000000000000e+00 0.000000000000000000e+00 0.000000000000000000e+00
3.000000000000000000e+01 1.199997704903532636e-02 5.689576695493854790e-04 9.994310423304506585e-01 0.000000000000000000e+00 0.000000000000000000e+00 0.000000000000000000e+00
6.000000000000000000e+01 2.399995409807087476e-02 2.389622212107419402e-03 9.976103777878926326e-01 0.000000000000000000e+00 0.000000000000000000e+00 0.000000000000000000e+00
9.000000000000000000e+01 3.599993114710620112e-02 5.120619025944469528e-03 9.947655894401457033e-01 0.000000000000000000e+00 1.137915339098771066e-04 0.000000000000000000e+00
1.200000000000000000e+02 4.799990819614152748e-02 6.486117432862995025e-03 9.931725079654073474e-01 0.000000000000000000e+00 3.413746017296313199e-04 0.000000000000000000e+00
1.500000000000000000e+02 5.999988524517685384e-02 1.638598088302230249e-02 9.828174783796085334e-01 0.000000000000000000e+00 7.965407373691396923e-04 0.000000000000000000e+00
1.800000000000000000e+02 7.199986229421240225e-02 3.538916704597178109e-02 9.634729176149294805e-01 0.000000000000000000e+00 1.137915339098770958e-03 0.000000000000000000e+00
2.100000000000000000e+02 8.399983934324772861e-02 5.712335002275830548e-02 9.395766954938552518e-01 0.000000000000000000e+00 3.299954483386436255e-03 0.000000000000000000e+00
2.400000000000000000e+02 9.599981639228305497e-02 1.135639508420573512e-01 8.798361401911697355e-01 0.000000000000000000e+00 6.599908966772872511e-03 0.000000000000000000e+00
2.700000000000000000e+02 1.079997934413183813e-01 2.033454710969503920e-01 7.844788347746927126e-01 0.000000000000000000e+00 1.217569412835685025e-02 0.000000000000000000e+00
3.000000000000000000e+02 1.199997704903539297e-01 3.451297223486572419e-01 6.248293126991352198e-01 0.000000000000000000e+00 3.004096495220755572e-02 0.000000000000000000e+00
3.300000000000000000e+02 1.319997475393892561e-01 5.183204369594902605e-01 4.258079198907601115e-01 3.413746017296313199e-04 5.553026854802002588e-02 0.000000000000000000e+00
3.600000000000000000e+02 1.439997245884245824e-01 6.589667728720982609e-01 2.426035502958579781e-01 2.389622212107419402e-03 9.604005461993628257e-02 0.000000000000000000e+00
3.900000000000000000e+02 1.559997016374599088e-01 7.250796540737368678e-01 1.378015475648611821e-01 8.420573509330906217e-03 1.286982248520709970e-01 0.000000000000000000e+00
4.200000000000000000e+02 1.679996786864954572e-01 7.670687300864815761e-01 7.123350022758306865e-02 1.615839781520254925e-02 1.455393718707328199e-01 0.000000000000000000e+00
4.500000000000000000e+02 1.799996557355307836e-01 7.990441511151570309e-01 4.528903049613108855e-02 2.036868456986800149e-02 1.352981338188438687e-01 0.000000000000000000e+00
4.800000000000000000e+02 1.919996327845661099e-01 8.351160673645880994e-01 3.152025489303595523e-02 2.162039144287665124e-02 1.117432862994993115e-01 0.000000000000000000e+00
5.100000000000000000e+02 2.039996098336014363e-01 8.742603550295857673e-01 2.218934911242603433e-02 2.321347291761493084e-02 8.033682294037323979e-02 0.000000000000000000e+00
5.400000000000000000e+02 2.159995868826369847e-01 8.980427856167501055e-01 1.900318616294947513e-02 2.344105598543468408e-02 5.951297223486572835e-02 0.000000000000000000e+00
5.700000000000000000e+02 2.279995639316723111e-01 9.113563950842057393e-01 1.649977241693217911e-02 2.799271734182976618e-02 4.403732362312243881e-02 1.137915339098771066e-04
6.000000000000000000e+02 2.399995409807076374e-01 9.286527082385070964e-01 1.649977241693217911e-02 2.093764223941738806e-02 3.390987710514337811e-02 0.000000000000000000e+00
6.300000000000000000e+02 2.519995180297429638e-01 9.418525261720528396e-01 1.342740100136549826e-02 2.025489303595812488e-02 2.435138825671370050e-02 1.137915339098771066e-04
6.600000000000000000e+02 2.639994950787785122e-01 9.561902594446972659e-01 9.786071916249430847e-03 1.627218934911242587e-02 1.775147928994082885e-02 0.000000000000000000e+00
6.900000000000000000e+02 2.759994721278138385e-01 9.572143832498861693e-01 8.875739644970414427e-03 1.547564861174328607e-02 1.843422849340009204e-02 0.000000000000000000e+00
7.200000000000000000e+02 2.879994491768491649e-01 9.619936276741010150e-01 9.217114246700046018e-03 1.433773327264451468e-02 1.445152480655439303e-02 0.000000000000000000e+00
7.500000000000000000e+02 2.999994262258844913e-01 9.670004551661356418e-01 8.306781975421027864e-03 1.376877560309512985e-02 1.092398725534820224e-02 0.000000000000000000e+00
7.800000000000000000e+02 3.119994032749200397e-01 9.704142011834319126e-01 8.534365043240782836e-03 1.081019572143832562e-02 1.012744651797906244e-02 1.137915339098771066e-04
8.100000000000000000e+02 3.239993803239553660e-01 9.717796995903504875e-01 7.396449704142011444e-03 1.308602639963586667e-02 7.510241238051888930e-03 2.275830678197542133e-04
8.400000000000000000e+02 3.359993573729906924e-01 9.751934456076467583e-01 6.827492034592626616e-03 1.103777878925807886e-02 6.827492034592626616e-03 1.137915339098771066e-04
8.700000000000000000e+02 3.479993344220260187e-01 9.791761492944924816e-01 6.030951297223486815e-03 9.899863450159307465e-03 4.437869822485207214e-03 4.551661356395084266e-04
9.000000000000000000e+02 3.599993114710615671e-01 9.807692307692307265e-01 4.779244424214838804e-03 1.001365498406918582e-02 4.096495220755575623e-03 3.413746017296313199e-04
9.300000000000000000e+02 3.719992885200968935e-01 9.812243969048702885e-01 5.234410559854347014e-03 9.558488848429677609e-03 3.868912152935821518e-03 1.137915339098771066e-04
9.600000000000000000e+02 3.839992655691322199e-01 9.832726445152480954e-01 4.551661356395083832e-03 8.761948111060537808e-03 3.072371415566681717e-03 3.413746017296313199e-04
9.900000000000000000e+02 3.959992426181675462e-01 9.853208921256259023e-01 2.958579881656804664e-03 8.079198907601274626e-03 3.186162949476558769e-03 4.551661356395084266e-04
1.020000000000000000e+03 4.079992196672030946e-01 9.839553937187073274e-01 4.779244424214838804e-03 7.510241238051888930e-03 3.299954483386436255e-03 4.551661356395084266e-04
1.050000000000000000e+03 4.199991967162384210e-01 9.855484751934455723e-01 3.413746017296313308e-03 8.192990441511151245e-03 2.503413746017296455e-03 3.413746017296313199e-04
1.080000000000000000e+03 4.319991737652737473e-01 9.897587619481110766e-01 2.503413746017296455e-03 5.689576695493855224e-03 1.593081474738279385e-03 4.551661356395084266e-04
1.110000000000000000e+03 4.439991508143090737e-01 9.895311788802912956e-01 2.048247610377787811e-03 5.006827492034592909e-03 2.730996813837050560e-03 6.827492034592626399e-04
1.140000000000000000e+03 4.559991278633446221e-01 9.906690942193900895e-01 1.820664542558033706e-03 4.665452890304961318e-03 2.617205279927173507e-03 2.275830678197542133e-04
1.170000000000000000e+03 4.679991049123799485e-01 9.907828857532999800e-01 2.617205279927173507e-03 4.210286754665453109e-03 1.820664542558033706e-03 5.689576695493854790e-04
1.200000000000000000e+03 4.799990819614152748e-01 9.914656349567592120e-01 2.048247610377787811e-03 3.982703686845699004e-03 1.934456076467910759e-03 5.689576695493854790e-04
1.230000000000000000e+03 4.919990590104506012e-01 9.934000910332271284e-01 1.365498406918525280e-03 3.868912152935821518e-03 1.137915339098770958e-03 2.275830678197542133e-04
1.260000000000000000e+03 5.039990360594861496e-01 9.935138825671370189e-01 2.048247610377787811e-03 3.186162949476558769e-03 9.103322712790168532e-04 3.413746017296313199e-04
1.290000000000000000e+03 5.159990131085214760e-01 9.932862994993172379e-01 1.251706873008648227e-03 3.641329085116067413e-03 1.365498406918525280e-03 4.551661356395084266e-04
1.320000000000000000e+03 5.279989901575568023e-01 9.941966317705962508e-01 1.479289940828402332e-03 2.844788347746927612e-03 1.024123805188893906e-03 4.551661356395084266e-04
1.350000000000000000e+03 5.399989672065921287e-01 9.938552571688666903e-01 1.706873008648156654e-03 3.072371415566681717e-03 6.827492034592626399e-04 6.827492034592626399e-04
1.380000000000000000e+03 5.519989442556276771e-01 9.948793809740554828e-01 1.365498406918525280e-03 2.844788347746927612e-03 2.275830678197542133e-04 6.827492034592626399e-04
1.410000000000000000e+03 5.639989213046630034e-01 9.953345471096950448e-01 7.965407373691396923e-04 2.275830678197541916e-03 6.827492034592626399e-04 9.103322712790168532e-04
1.440000000000000000e+03 5.759988983536983298e-01 9.960172963131542767e-01 1.024123805188893906e-03 2.389622212107419402e-03 2.275830678197542133e-04 3.413746017296313199e-04
1.470000000000000000e+03 5.879988754027338782e-01 9.956759217114247162e-01 9.103322712790168532e-04 2.048247610377787811e-03 4.551661356395084266e-04 9.103322712790168532e-04
1.500000000000000000e+03 5.999988524517692046e-01 9.961310878470641672e-01 1.251706873008648227e-03 2.048247610377787811e-03 2.275830678197542133e-04 3.413746017296313199e-04
1.530000000000000000e+03 6.119988295008045309e-01 9.963586709148839482e-01 1.137915339098770958e-03 1.706873008648156654e-03 1.137915339098771066e-04 6.827492034592626399e-04
1.560000000000000000e+03 6.239988065498398573e-01 9.956759217114247162e-01 1.024123805188893906e-03 1.251706873008648227e-03 6.827492034592626399e-04 1.365498406918525280e-03
1.590000000000000000e+03 6.359987835988754057e-01 9.971552116522530707e-01 7.965407373691396923e-04 1.251706873008648227e-03 1.137915339098771066e-04 6.827492034592626399e-04
1.620000000000000000e+03 6.479987606479107320e-01 9.970414201183431802e-01 5.689576695493854790e-04 1.137915339098770958e-03 5.689576695493854790e-04 6.827492034592626399e-04
1.650000000000000000e+03 6.599987376969460584e-01 9.971552116522530707e-01 6.827492034592626399e-04 1.365498406918525280e-03 2.275830678197542133e-04 5.689576695493854790e-04
1.680000000000000000e+03 6.719987147459813848e-01 9.974965862539827421e-01 5.689576695493854790e-04 1.137915339098770958e-03 1.137915339098771066e-04 6.827492034592626399e-04
1.710000000000000000e+03 6.839986917950169332e-01 9.971552116522530707e-01 2.275830678197542133e-04 1.706873008648156654e-03 2.275830678197542133e-04 6.827492034592626399e-04
1.740000000000000000e+03 6.959986688440522595e-01 9.969276285844332897e-01 4.551661356395084266e-04 1.137915339098770958e-03 5.689576695493854790e-04 9.103322712790168532e-04
1.770000000000000000e+03 7.079986458930875859e-01 9.984069185252617551e-01 1.137915339098771066e-04 5.689576695493854790e-04 3.413746017296313199e-04 5.689576695493854790e-04
1.800000000000000000e+03 7.199986229421229122e-01 9.972690031861629611e-01 3.413746017296313199e-04 1.024123805188893906e-03 4.551661356395084266e-04 9.103322712790168532e-04
1.830000000000000000e+03 7.319985999911584607e-01 9.980655439235320836e-01 6.827492034592626399e-04 6.827492034592626399e-04 2.275830678197542133e-04 3.413746017296313199e-04
1.860000000000000000e+03 7.439985770401937870e-01 9.965862539827037292e-01 4.551661356395084266e-04 7.965407373691396923e-04 7.965407373691396923e-04 1.365498406918525280e-03
1.890000000000000000e+03 7.559985540892291134e-01 9.977241693218024121e-01 3.413746017296313199e-04 7.965407373691396923e-04 0.000000000000000000e+00 1.137915339098770958e-03
1.920000000000000000e+03 7.679985311382644397e-01 9.985207100591716456e-01 2.275830678197542133e-04 6.827492034592626399e-04 1.137915339098771066e-04 4.551661356395084266e-04
1.950000000000000000e+03 7.799985081872999881e-01 9.979517523896221931e-01 1.137915339098771066e-04 7.965407373691396923e-04 1.137915339098771066e-04 1.024123805188893906e-03
1.980000000000000000e+03 7.919984852363353145e-01 9.967000455166135087e-01 5.689576695493854790e-04 1.251706873008648227e-03 2.275830678197542133e-04 1.251706873008648227e-03
2.010000000000000000e+03 8.039984622853706409e-01 9.980655439235320836e-01 3.413746017296313199e-04 6.827492034592626399e-04 3.413746017296313199e-04 5.689576695493854790e-04
2.040000000000000000e+03 8.159984393344059672e-01 9.979517523896221931e-01 3.413746017296313199e-04 6.827492034592626399e-04 0.000000000000000000e+00 1.024123805188893906e-03
2.070000000000000000e+03 8.279984163834415156e-01 9.971552116522530707e-01 1.137915339098771066e-04 1.593081474738279385e-03 3.413746017296313199e-04 7.965407373691396923e-04
2.100000000000000000e+03 8.399983934324768420e-01 9.976103777878926326e-01 3.413746017296313199e-04 6.827492034592626399e-04 3.413746017296313199e-04 1.024123805188893906e-03
2.130000000000000000e+03 8.519983704815121683e-01 9.961310878470641672e-01 2.275830678197542133e-04 1.365498406918525280e-03 6.827492034592626399e-04 1.593081474738279385e-03
2.160000000000000000e+03 8.639983475305474947e-01 9.985207100591716456e-01 1.137915339098771066e-04 5.689576695493854790e-04 0.000000000000000000e+00 7.965407373691396923e-04
2.190000000000000000e+03 8.759983245795830431e-01 9.977241693218024121e-01 1.137915339098771066e-04 1.024123805188893906e-03 1.137915339098771066e-04 1.024123805188893906e-03
2.220000000000000000e+03 8.879983016286183695e-01 9.978379608557123026e-01 2.275830678197542133e-04 9.103322712790168532e-04 1.137915339098771066e-04 9.103322712790168532e-04
2.250000000000000000e+03 8.999982786776536958e-01 9.974965862539827421e-01 1.137915339098771066e-04 1.137915339098770958e-03 1.137915339098771066e-04 1.137915339098770958e-03
2.280000000000000000e+03 9.119982557266890222e-01 9.982931269913518646e-01 3.413746017296313199e-04 3.413746017296313199e-04 0.000000000000000000e+00 1.024123805188893906e-03
2.310000000000000000e+03 9.239982327757245706e-01 9.981793354574419741e-01 1.137915339098771066e-04 7.965407373691396923e-04 2.275830678197542133e-04 6.827492034592626399e-04
2.340000000000000000e+03 9.359982098247598969e-01 9.973827947200728516e-01 2.275830678197542133e-04 1.137915339098770958e-03 2.275830678197542133e-04 1.024123805188893906e-03
2.370000000000000000e+03 9.479981868737952233e-01 9.972690031861629611e-01 1.137915339098771066e-04 9.103322712790168532e-04 2.275830678197542133e-04 1.479289940828402332e-03
2.400000000000000000e+03 9.599981639228305497e-01 9.992034592626308775e-01 0.000000000000000000e+00 2.275830678197542133e-04 1.137915339098771066e-04 4.551661356395084266e-04
2.430000000000000000e+03 9.719981409718660981e-01 9.987482931269913156e-01 0.000000000000000000e+00 4.551661356395084266e-04 0.000000000000000000e+00 7.965407373691396923e-04
2.460000000000000000e+03 9.839981180209014244e-01 9.982931269913518646e-01 0.000000000000000000e+00 9.103322712790168532e-04 1.137915339098771066e-04 6.827492034592626399e-04
2.490000000000000000e+03 9.959980950699367508e-01 9.982931269913518646e-01 1.137915339098771066e-04 3.413746017296313199e-04 1.137915339098771066e-04 1.137915339098770958e-03
