# itime ezz other fcc hcp bcc ico
0.000000000000000000e+00 0.000000000000000000e+00 0.000000000000000000e+00 1.000000000000000000e+00 0.000000000000000000e+00 0.000000000000000000e+00 0.000000000000000000e+00
2.500000000000000000e+02 9.999785417822426581e-04 0.000000000000000000e+00 1.000000000000000000e+00 0.000000000000000000e+00 0.000000000000000000e+00 0.000000000000000000e+00
5.000000000000000000e+02 1.999957083564485316e-03 0.000000000000000000e+00 1.000000000000000000e+00 0.000000000000000000e+00 0.000000000000000000e+00 0.000000000000000000e+00
7.500000000000000000e+02 2.999935625346950019e-03 0.000000000000000000e+00 1.000000000000000000e+00 0.000000000000000000e+00 0.000000000000000000e+00 0.000000000000000000e+00
1.000000000000000000e+03 3.999914167129192677e-03 0.000000000000000000e+00 1.000000000000000000e+00 0.000000000000000000e+00 0.000000000000000000e+00 0.000000000000000000e+00
1.250000000000000000e+03 4.999892708911435335e-03 0.000000000000000000e+00 1.000000000000000000e+00 0.000000000000000000e+00 0.000000000000000000e+00 0.000000000000000000e+00
1.500000000000000000e+03 5.999871250693677993e-03 0.000000000000000000e+00 1.000000000000000000e+00 0.000000000000000000e+00 0.000000000000000000e+00 0.000000000000000000e+00
1.750000000000000000e+03 6.999849792476142696e-03 0.000000000000000000e+00 1.000000000000000000e+00 0.000000000000000000e+00 0.000000000000000000e+00 0.000000000000000000e+00
2.000000000000000000e+03 7.999828334258385354e-03 0.000000000000000000e+00 1.000000000000000000e+00 0.000000000000000000e+00 0.000000000000000000e+00 0.000000000000000000e+00
2.250000000000000000e+03 8.999806876040628012e-03 0.000000000000000000e+00 1.000000000000000000e+00 0.000000000000000000e+00 0.000000000000000000e+00 0.000000000000000000e+00
2.500000000000000000e+03 9.999785417822870670e-03 0.000000000000000000e+00 1.000000000000000000e+00 0.000000000000000000e+00 0.000000000000000000e+00 0.000000000000000000e+00
2.750000000000000000e+03 1.099976395960511333e-02 0.000000000000000000e+00 1.000000000000000000e+00 0.000000000000000000e+00 0.000000000000000000e+00 0.000000000000000000e+00
3.000000000000000000e+03 1.199974250138757803e-02 0.000000000000000000e+00 1.000000000000000000e+00 0.000000000000000000e+00 0.000000000000000000e+00 0.000000000000000000e+00
3.250000000000000000e+03 1.299972104316982069e-02 0.000000000000000000e+00 1.000000000000000000e+00 0.000000000000000000e+00 0.000000000000000000e+00 0.000000000000000000e+00
3.500000000000000000e+03 1.399969958495206335e-02 0.000000000000000000e+00 1.000000000000000000e+00 0.000000000000000000e+00 0.000000000000000000e+00 0.000000000000000000e+00
3.750000000000000000e+03 1.499967812673430601e-02 0.000000000000000000e+00 1.000000000000000000e+00 0.000000000000000000e+00 0.000000000000000000e+00 0.000000000000000000e+00
4.000000000000000000e+03 1.599965666851677071e-02 0.000000000000000000e+00 1.000000000000000000e+00 0.000000000000000000e+00 0.000000000000000000e+00 0.000000000000000000e+00
4.250000000000000000e+03 1.699963521029901337e-02 0.000000000000000000e+00 1.000000000000000000e+00 0.000000000000000000e+00 0.000000000000000000e+00 0.000000000000000000e+00
4.500000000000000000e+03 1.799961375208125602e-02 0.000000000000000000e+00 1.000000000000000000e+00 0.000000000000000000e+00 0.000000000000000000e+00 0.000000000000000000e+00
4.750000000000000000e+03 1.899959229386349868e-02 0.000000000000000000e+00 1.000000000000000000e+00 0.000000000000000000e+00 0.000000000000000000e+00 0.000000000000000000e+00
5.000000000000000000e+03 1.999957083564574134e-02 0.000000000000000000e+00 1.000000000000000000e+00 0.000000000000000000e+00 0.000000000000000000e+00 0.000000000000000000e+00
5.250000000000000000e+03 2.099954937742820604e-02 0.000000000000000000e+00 1.000000000000000000e+00 0.000000000000000000e+00 0.000000000000000000e+00 0.000000000000000000e+00
5.500000000000000000e+03 2.199952791921044870e-02 0.000000000000000000e+00 1.000000000000000000e+00 0.000000000000000000e+00 0.000000000000000000e+00 0.000000000000000000e+00
5.750000000000000000e+03 2.299950646099269136e-02 0.000000000000000000e+00 1.000000000000000000e+00 0.000000000000000000e+00 0.000000000000000000e+00 0.000000000000000000e+00
6.000000000000000000e+03 2.399948500277493402e-02 0.000000000000000000e+00 1.000000000000000000e+00 0.000000000000000000e+00 0.000000000000000000e+00 0.000000000000000000e+00
6.250000000000000000e+03 2.499946354455739872e-02 0.000000000000000000e+00 1.000000000000000000e+00 0.000000000000000000e+00 0.000000000000000000e+00 0.000000000000000000e+00
6.500000000000000000e+03 2.599944208633964138e-02 0.000000000000000000e+00 1.000000000000000000e+00 0.000000000000000000e+00 0.000000000000000000e+00 0.000000000000000000e+00
6.750000000000000000e+03 2.699942062812188404e-02 0.000000000000000000e+00 1.000000000000000000e+00 0.000000000000000000e+00 0.000000000000000000e+00 0.000000000000000000e+00
7.000000000000000000e+03 2.799939916990412669e-02 0.000000000000000000e+00 1.000000000000000000e+00 0.000000000000000000e+00 0.000000000000000000e+00 0.000000000000000000e+00
7.250000000000000000e+03 2.899937771168659140e-02 0.000000000000000000e+00 1.000000000000000000e+00 0.000000000000000000e+00 0.000000000000000000e+00 0.000000000000000000e+00
7.500000000000000000e+03 2.999935625346883405e-02 0.000000000000000000e+00 1.000000000000000000e+00 0.000000000000000000e+00 0.000000000000000000e+00 0.000000000000000000e+00
7.750000000000000000e+03 3.099933479525107671e-02 0.000000000000000000e+00 1.000000000000000000e+00 0.000000000000000000e+00 0.000000000000000000e+00 0.000000000000000000e+00
8.000000000000000000e+03 3.199931333703331937e-02 0.000000000000000000e+00 1.000000000000000000e+00 0.000000000000000000e+00 0.000000000000000000e+00 0.000000000000000000e+00
8.250000000000000000e+03 3.299929187881556203e-02 0.000000000000000000e+00 1.000000000000000000e+00 0.000000000000000000e+00 0.000000000000000000e+00 0.000000000000000000e+00
8.500000000000000000e+03 3.399927042059802673e-02 0.000000000000000000e+00 1.000000000000000000e+00 0.000000000000000000e+00 0.000000000000000000e+00 0.000000000000000000e+00
8.750000000000000000e+03 3.499924896238026939e-02 0.000000000000000000e+00 1.000000000000000000e+00 0.000000000000000000e+00 0.000000000000000000e+00 0.000000000000000000e+00
9.000000000000000000e+03 3.599922750416251205e-02 0.000000000000000000e+00 1.000000000000000000e+00 0.000000000000000000e+00 0.000000000000000000e+00 0.000000000000000000e+00
9.250000000000000000e+03 3.699920604594475471e-02 0.000000000000000000e+00 1.000000000000000000e+00 0.000000000000000000e+00 0.000000000000000000e+00 0.000000000000000000e+00
9.500000000000000000e+03 3.799918458772721941e-02 0.000000000000000000e+00 1.000000000000000000e+00 0.000000000000000000e+00 0.000000000000000000e+00 0.000000000000000000e+00
9.750000000000000000e+03 3.899916312950946207e-02 0.000000000000000000e+00 1.000000000000000000e+00 0.000000000000000000e+00 0.000000000000000000e+00 0.000000000000000000e+00
1.000000000000000000e+04 3.999914167129170472e-02 0.000000000000000000e+00 1.000000000000000000e+00 0.000000000000000000e+00 0.000000000000000000e+00 0.000000000000000000e+00
1.025000000000000000e+04 4.099912021307394738e-02 0.000000000000000000e+00 1.000000000000000000e+00 0.000000000000000000e+00 0.000000000000000000e+00 0.000000000000000000e+00
1.050000000000000000e+04 4.199909875485619004e-02 0.000000000000000000e+00 1.000000000000000000e+00 0.000000000000000000e+00 0.000000000000000000e+00 0.000000000000000000e+00
1.075000000000000000e+04 4.299907729663865474e-02 0.000000000000000000e+00 1.000000000000000000e+00 0.000000000000000000e+00 0.000000000000000000e+00 0.000000000000000000e+00
1.100000000000000000e+04 4.399905583842089740e-02 0.000000000000000000e+00 1.000000000000000000e+00 0.000000000000000000e+00 0.000000000000000000e+00 0.000000000000000000e+00
1.125000000000000000e+04 4.499903438020314006e-02 0.000000000000000000e+00 1.000000000000000000e+00 0.000000000000000000e+00 0.000000000000000000e+00 0.000000000000000000e+00
1.150000000000000000e+04 4.599901292198538272e-02 0.000000000000000000e+00 1.000000000000000000e+00 0.000000000000000000e+00 0.000000000000000000e+00 0.000000000000000000e+00
1.175000000000000000e+04 4.699899146376784742e-02 0.000000000000000000e+00 1.000000000000000000e+00 0.000000000000000000e+00 0.000000000000000000e+00 0.000000000000000000e+00
1.200000000000000000e+04 4.799897000555009008e-02 0.000000000000000000e+00 1.000000000000000000e+00 0.000000000000000000e+00 0.000000000000000000e+00 0.000000000000000000e+00
1.225000000000000000e+04 4.899894854733233274e-02 0.000000000000000000e+00 1.000000000000000000e+00 0.000000000000000000e+00 0.000000000000000000e+00 0.000000000000000000e+00
1.250000000000000000e+04 4.999892708911457540e-02 0.000000000000000000e+00 9.998862084660901095e-01 0.000000000000000000e+00 1.137915339098771066e-04 0.000000000000000000e+00
1.275000000000000000e+04 5.099890563089681805e-02 0.000000000000000000e+00 1.000000000000000000e+00 0.000000000000000000e+00 0.000000000000000000e+00 0.000000000000000000e+00
1.300000000000000000e+04 5.199888417267928276e-02 0.000000000000000000e+00 1.000000000000000000e+00 0.000000000000000000e+00 0.000000000000000000e+00 0.000000000000000000e+00
1.325000000000000000e+04 5.299886271446152541e-02 0.000000000000000000e+00 1.000000000000000000e+00 0.000000000000000000e+00 0.000000000000000000e+00 0.000000000000000000e+00
1.350000000000000000e+04 5.399884125624376807e-02 0.000000000000000000e+00 1.000000000000000000e+00 0.000000000000000000e+00 0.000000000000000000e+00 0.000000000000000000e+00
1.375000000000000000e+04 5.499881979802601073e-02 0.000000000000000000e+00 1.000000000000000000e+00 0.000000000000000000e+00 0.000000000000000000e+00 0.000000000000000000e+00
1.400000000000000000e+04 5.599879833980847543e-02 0.000000000000000000e+00 1.000000000000000000e+00 0.000000000000000000e+00 0.000000000000000000e+00 0.000000000000000000e+00
1.425000000000000000e+04 5.699877688159071809e-02 0.000000000000000000e+00 1.000000000000000000e+00 0.000000000000000000e+00 0.000000000000000000e+00 0.000000000000000000e+00
1.450000000000000000e+04 5.799875542337296075e-02 0.000000000000000000e+00 1.000000000000000000e+00 0.000000000000000000e+00 0.000000000000000000e+00 0.000000000000000000e+00
1.475000000000000000e+04 5.899873396515520341e-02 0.000000000000000000e+00 1.000000000000000000e+00 0.000000000000000000e+00 0.000000000000000000e+00 0.000000000000000000e+00
1.500000000000000000e+04 5.999871250693744607e-02 0.000000000000000000e+00 1.000000000000000000e+00 0.000000000000000000e+00 0.000000000000000000e+00 0.000000000000000000e+00
1.525000000000000000e+04 6.099869104871991077e-02 0.000000000000000000e+00 1.000000000000000000e+00 0.000000000000000000e+00 0.000000000000000000e+00 0.000000000000000000e+00
1.550000000000000000e+04 6.199866959050215343e-02 0.000000000000000000e+00 1.000000000000000000e+00 0.000000000000000000e+00 0.000000000000000000e+00 0.000000000000000000e+00
1.575000000000000000e+04 6.299864813228439608e-02 0.000000000000000000e+00 1.000000000000000000e+00 0.000000000000000000e+00 0.000000000000000000e+00 0.000000000000000000e+00
1.600000000000000000e+04 6.399862667406663874e-02 2.275830678197542133e-04 9.997724169321802190e-01 0.000000000000000000e+00 0.000000000000000000e+00 0.000000000000000000e+00
1.625000000000000000e+04 6.499860521584910344e-02 0.000000000000000000e+00 1.000000000000000000e+00 0.000000000000000000e+00 0.000000000000000000e+00 0.000000000000000000e+00
1.650000000000000000e+04 6.599858375763134610e-02 0.000000000000000000e+00 1.000000000000000000e+00 0.000000000000000000e+00 0.000000000000000000e+00 0.000000000000000000e+00
1.675000000000000000e+04 6.699856229941358876e-02 0.000000000000000000e+00 1.000000000000000000e+00 0.000000000000000000e+00 0.000000000000000000e+00 0.000000000000000000e+00
1.700000000000000000e+04 6.799854084119583142e-02 2.275830678197542133e-04 9.997724169321802190e-01 0.000000000000000000e+00 0.000000000000000000e+00 0.000000000000000000e+00
1.725000000000000000e+04 6.899851938297829612e-02 0.000000000000000000e+00 1.000000000000000000e+00 0.000000000000000000e+00 0.000000000000000000e+00 0.000000000000000000e+00
1.750000000000000000e+04 6.999849792476053878e-02 0.000000000000000000e+00 1.000000000000000000e+00 0.000000000000000000e+00 0.000000000000000000e+00 0.000000000000000000e+00
1.775000000000000000e+04 7.099847646654278144e-02 1.137915339098771066e-04 9.998862084660901095e-01 0.000000000000000000e+00 0.000000000000000000e+00 0.000000000000000000e+00
1.800000000000000000e+04 7.199845500832502410e-02 5.689576695493854790e-04 9.994310423304506585e-01 0.000000000000000000e+00 0.000000000000000000e+00 0.000000000000000000e+00
1.825000000000000000e+04 7.299843355010726675e-02 0.000000000000000000e+00 1.000000000000000000e+00 0.000000000000000000e+00 0.000000000000000000e+00 0.000000000000000000e+00
1.850000000000000000e+04 7.399841209188973146e-02 0.000000000000000000e+00 1.000000000000000000e+00 0.000000000000000000e+00 0.000000000000000000e+00 0.000000000000000000e+00
1.875000000000000000e+04 7.499839063367197411e-02 0.000000000000000000e+00 1.000000000000000000e+00 0.000000000000000000e+00 0.000000000000000000e+00 0.000000000000000000e+00
1.900000000000000000e+04 7.599836917545421677e-02 0.000000000000000000e+00 1.000000000000000000e+00 0.000000000000000000e+00 0.000000000000000000e+00 0.000000000000000000e+00
1.925000000000000000e+04 7.699834771723645943e-02 0.000000000000000000e+00 1.000000000000000000e+00 0.000000000000000000e+00 0.000000000000000000e+00 0.000000000000000000e+00
1.950000000000000000e+04 7.799832625901892413e-02 5.689576695493854790e-04 9.994310423304506585e-01 0.000000000000000000e+00 0.000000000000000000e+00 0.000000000000000000e+00
1.975000000000000000e+04 7.899830480080116679e-02 6.827492034592626399e-04 9.992034592626308775e-01 0.000000000000000000e+00 1.137915339098771066e-04 0.000000000000000000e+00
2.000000000000000000e+04 7.999828334258340945e-02 9.103322712790168532e-04 9.989758761948110966e-01 0.000000000000000000e+00 1.137915339098771066e-04 0.000000000000000000e+00
2.025000000000000000e+04 8.099826188436565211e-02 5.689576695493854790e-04 9.994310423304506585e-01 0.000000000000000000e+00 0.000000000000000000e+00 0.000000000000000000e+00
2.050000000000000000e+04 8.199824042614789477e-02 2.275830678197542133e-04 9.997724169321802190e-01 0.000000000000000000e+00 0.000000000000000000e+00 0.000000000000000000e+00
2.075000000000000000e+04 8.299821896793035947e-02 4.551661356395084266e-04 9.995448338643604380e-01 0.000000000000000000e+00 0.000000000000000000e+00 0.000000000000000000e+00
2.100000000000000000e+04 8.399819750971260213e-02 7.965407373691396923e-04 9.990896677287209870e-01 0.000000000000000000e+00 1.137915339098771066e-04 0.000000000000000000e+00
2.125000000000000000e+04 8.499817605149484478e-02 6.827492034592626399e-04 9.993172507965407680e-01 0.000000000000000000e+00 0.000000000000000000e+00 0.000000000000000000e+00
2.150000000000000000e+04 8.599815459327708744e-02 3.413746017296313199e-04 9.996586253982703285e-01 0.000000000000000000e+00 0.000000000000000000e+00 0.000000000000000000e+00
2.175000000000000000e+04 8.699813313505955215e-02 5.689576695493854790e-04 9.994310423304506585e-01 0.000000000000000000e+00 0.000000000000000000e+00 0.000000000000000000e+00
2.200000000000000000e+04 8.799811167684179480e-02 1.820664542558033706e-03 9.981793354574419741e-01 0.000000000000000000e+00 0.000000000000000000e+00 0.000000000000000000e+00
2.225000000000000000e+04 8.899809021862403746e-02 3.413746017296313199e-04 9.996586253982703285e-01 0.000000000000000000e+00 0.000000000000000000e+00 0.000000000000000000e+00
2.250000000000000000e+04 8.999806876040628012e-02 0.000000000000000000e+00 1.000000000000000000e+00 0.000000000000000000e+00 0.000000000000000000e+00 0.000000000000000000e+00
2.275000000000000000e+04 9.099804730218852278e-02 4.551661356395084266e-04 9.995448338643604380e-01 0.000000000000000000e+00 0.000000000000000000e+00 0.000000000000000000e+00
2.300000000000000000e+04 9.199802584397098748e-02 1.479289940828402332e-03 9.984069185252617551e-01 0.000000000000000000e+00 1.137915339098771066e-04 0.000000000000000000e+00
2.325000000000000000e+04 9.299800438575323014e-02 1.593081474738279385e-03 9.982931269913518646e-01 0.000000000000000000e+00 1.137915339098771066e-04 0.000000000000000000e+00
2.350000000000000000e+04 9.399798292753547280e-02 1.365498406918525280e-03 9.984069185252617551e-01 0.000000000000000000e+00 2.275830678197542133e-04 0.000000000000000000e+00
2.375000000000000000e+04 9.499796146931771545e-02 2.048247610377787811e-03 9.978379608557123026e-01 0.000000000000000000e+00 1.137915339098771066e-04 0.000000000000000000e+00
2.400000000000000000e+04 9.599794001110018016e-02 3.186162949476558769e-03 9.967000455166135087e-01 0.000000000000000000e+00 1.137915339098771066e-04 0.000000000000000000e+00
2.425000000000000000e+04 9.699791855288242282e-02 3.527537551206190360e-03 9.963586709148839482e-01 0.000000000000000000e+00 1.137915339098771066e-04 0.000000000000000000e+00
2.450000000000000000e+04 9.799789709466466547e-02 3.527537551206190360e-03 9.963586709148839482e-01 0.000000000000000000e+00 1.137915339098771066e-04 0.000000000000000000e+00
2.475000000000000000e+04 9.899787563644690813e-02 2.162039144287664864e-03 9.976103777878926326e-01 0.000000000000000000e+00 2.275830678197542133e-04 0.000000000000000000e+00
2.500000000000000000e+04 9.999785417822915079e-02 2.389622212107419402e-03 9.972690031861629611e-01 0.000000000000000000e+00 3.413746017296313199e-04 0.000000000000000000e+00
2.525000000000000000e+04 1.009978327200116155e-01 5.575785161583977738e-03 9.943104233045061413e-01 0.000000000000000000e+00 1.137915339098771066e-04 0.000000000000000000e+00
2.550000000000000000e+04 1.019978112617938582e-01 3.527537551206190360e-03 9.964724624487938387e-01 0.000000000000000000e+00 0.000000000000000000e+00 0.000000000000000000e+00
2.575000000000000000e+04 1.029977898035761008e-01 3.868912152935821518e-03 9.960172963131542767e-01 0.000000000000000000e+00 1.137915339098771066e-04 0.000000000000000000e+00
2.600000000000000000e+04 1.039977683453583435e-01 7.168866636322257339e-03 9.926035502958580059e-01 0.000000000000000000e+00 2.275830678197542133e-04 0.000000000000000000e+00
2.625000000000000000e+04 1.049977468871408082e-01 7.168866636322257339e-03 9.922621756941283344e-01 0.000000000000000000e+00 5.689576695493854790e-04 0.000000000000000000e+00
2.650000000000000000e+04 1.059977254289230508e-01 1.035502958579881741e-02 9.875967228038233792e-01 0.000000000000000000e+00 2.048247610377787811e-03 0.000000000000000000e+00
2.675000000000000000e+04 1.069977039707052935e-01 8.989531178880291046e-03 9.903277196176604180e-01 0.000000000000000000e+00 6.827492034592626399e-04 0.000000000000000000e+00
2.700000000000000000e+04 1.079976825124875361e-01 6.372325898953117539e-03 9.935138825671370189e-01 0.000000000000000000e+00 1.137915339098771066e-04 0.000000000000000000e+00
2.725000000000000000e+04 1.089976610542697788e-01 1.308602639963586667e-02 9.852071005917160118e-01 0.000000000000000000e+00 1.706873008648156654e-03 0.000000000000000000e+00
2.750000000000000000e+04 1.099976395960522435e-01 2.958579881656804578e-02 9.565316340464269373e-01 0.000000000000000000e+00 1.388256713700500647e-02 0.000000000000000000e+00
2.775000000000000000e+04 1.109976181378344862e-01 1.103777878925807920e-01 5.014792899408283544e-01 1.274465179790623508e-02 3.753982703686845612e-01 0.000000000000000000e+00
2.800000000000000000e+04 1.119975966796167288e-01 2.097177969959035104e-01 3.628812016385981054e-01 1.180018206645425533e-01 3.093991807009558448e-01 0.000000000000000000e+00
2.825000000000000000e+04 1.129975752213989715e-01 1.767182521620391522e-01 5.531406463359126446e-01 2.481793354574419741e-01 2.196176604460628110e-02 0.000000000000000000e+00
2.850000000000000000e+04 1.139975537631814362e-01 1.668183887118798447e-01 5.903504779244423961e-01 2.306554392353208915e-01 1.217569412835685025e-02 0.000000000000000000e+00
2.875000000000000000e+04 1.149975323049636788e-01 1.099226217569412856e-01 6.862767410104688715e-01 1.928766499772416876e-01 1.092398725534820224e-02 0.000000000000000000e+00
2.900000000000000000e+04 1.159975108467459215e-01 5.689576695493855224e-02 7.247382794720073074e-01 2.110832954028220299e-01 7.282658170232134826e-03 0.000000000000000000e+00
2.925000000000000000e+04 1.169974893885281642e-01 5.757851615839781195e-02 7.240555302685480754e-01 2.114246700045516736e-01 6.941283568502503235e-03 0.000000000000000000e+00
2.950000000000000000e+04 1.179974679303106289e-01 5.143377332726445372e-02 7.279244424214837972e-01 2.163177059626763821e-01 4.324078288575329727e-03 0.000000000000000000e+00
2.975000000000000000e+04 1.189974464720928715e-01 5.314064633591260994e-02 7.291761492944924816e-01 2.141556668183887124e-01 3.527537551206190360e-03 0.000000000000000000e+00
3.000000000000000000e+04 1.199974250138751142e-01 5.211652253072371344e-02 7.289485662266727006e-01 2.154073736913973691e-01 3.527537551206190360e-03 0.000000000000000000e+00
3.025000000000000000e+04 1.209974035556573568e-01 5.223031406463359005e-02 7.287209831588530307e-01 2.158625398270368756e-01 3.186162949476558769e-03 0.000000000000000000e+00
3.050000000000000000e+04 1.219973820974395995e-01 5.257168866636321991e-02 7.259899863450158808e-01 2.179107874374146547e-01 3.527537551206190360e-03 0.000000000000000000e+00
3.075000000000000000e+04 1.229973606392220642e-01 5.382339553937186966e-02 7.259899863450158808e-01 2.158625398270368756e-01 4.324078288575329727e-03 0.000000000000000000e+00
3.100000000000000000e+04 1.239973391810043069e-01 5.143377332726445372e-02 7.299726900318616041e-01 2.150659990896677254e-01 3.527537551206190360e-03 0.000000000000000000e+00
3.125000000000000000e+04 1.249973177227865495e-01 5.109239872553481693e-02 7.278106508875740177e-01 2.156349567592171224e-01 5.461993627674101119e-03 0.000000000000000000e+00
3.150000000000000000e+04 1.259972962645687922e-01 5.075102412380518707e-02 7.272416932180245652e-01 2.168866636322257513e-01 5.120619025944469528e-03 0.000000000000000000e+00
3.175000000000000000e+04 1.269972748063512569e-01 5.336822940373236318e-02 7.262175694128356618e-01 2.158625398270368756e-01 4.551661356395083832e-03 0.000000000000000000e+00
3.200000000000000000e+04 1.279972533481334995e-01 5.245789713245334329e-02 7.288347746927628101e-01 2.158625398270368756e-01 2.844788347746927612e-03 0.000000000000000000e+00
3.225000000000000000e+04 1.289972318899157422e-01 5.245789713245334329e-02 7.282658170232134687e-01 2.156349567592171224e-01 3.641329085116067413e-03 0.000000000000000000e+00
3.250000000000000000e+04 1.299972104316979848e-01 5.177514792899408358e-02 7.279244424214837972e-01 2.166590805644059980e-01 3.641329085116067413e-03 0.000000000000000000e+00
3.275000000000000000e+04 1.309971889734802275e-01 5.279927173418298009e-02 7.266727355484752238e-01 2.168866636322257513e-01 3.641329085116067413e-03 0.000000000000000000e+00
3.300000000000000000e+04 1.319971675152626922e-01 5.131998179335457710e-02 7.283796085571233592e-01 2.173418297678652578e-01 2.958579881656804664e-03 0.000000000000000000e+00
3.325000000000000000e+04 1.329971460570449349e-01 5.370960400546199304e-02 7.278106508875740177e-01 2.163177059626763821e-01 2.162039144287664864e-03 0.000000000000000000e+00
3.350000000000000000e+04 1.339971245988271775e-01 5.518889394629039602e-02 7.251934456076467583e-01 2.162039144287664916e-01 3.413746017296313308e-03 0.000000000000000000e+00
3.375000000000000000e+04 1.349971031406094202e-01 5.223031406463359005e-02 7.272416932180245652e-01 2.160901228948566288e-01 4.437869822485207214e-03 0.000000000000000000e+00
3.400000000000000000e+04 1.359970816823918849e-01 5.131998179335457710e-02 7.276968593536641272e-01 2.165452890304961353e-01 4.437869822485207214e-03 0.000000000000000000e+00
3.425000000000000000e+04 1.369970602241741275e-01 5.370960400546199304e-02 7.264451524806554428e-01 2.160901228948566288e-01 3.755120619025944465e-03 0.000000000000000000e+00
3.450000000000000000e+04 1.379970387659563702e-01 5.393718707328174627e-02 7.258761948111061013e-01 2.156349567592171224e-01 4.551661356395083832e-03 0.000000000000000000e+00
3.475000000000000000e+04 1.389970173077386129e-01 5.530268548020027264e-02 7.246244879380974169e-01 2.166590805644059980e-01 3.413746017296313308e-03 0.000000000000000000e+00
3.500000000000000000e+04 1.399969958495208555e-01 5.450614474283113631e-02 7.263313609467455523e-01 2.160901228948566288e-01 3.072371415566681717e-03 0.000000000000000000e+00
3.525000000000000000e+04 1.409969743913033202e-01 5.359581247155211642e-02 7.262175694128356618e-01 2.155211652253072319e-01 4.665452890304961318e-03 0.000000000000000000e+00
3.550000000000000000e+04 1.419969529330855629e-01 5.609922621756941591e-02 7.247382794720073074e-01 2.162039144287664916e-01 2.958579881656804664e-03 0.000000000000000000e+00
3.575000000000000000e+04 1.429969314748678055e-01 5.461993627674101293e-02 7.242831133363677454e-01 2.165452890304961353e-01 4.551661356395083832e-03 0.000000000000000000e+00
3.600000000000000000e+04 1.439969100166500482e-01 5.609922621756941591e-02 7.229176149294492815e-01 2.175694128356850388e-01 3.413746017296313308e-03 0.000000000000000000e+00
3.625000000000000000e+04 1.449968885584325129e-01 5.598543468365953235e-02 7.234865725989986229e-01 2.165452890304961353e-01 3.982703686845699004e-03 0.000000000000000000e+00
3.650000000000000000e+04 1.459968671002147556e-01 5.791989076012744875e-02 7.216659080564405970e-01 2.152935821574874786e-01 5.120619025944469528e-03 0.000000000000000000e+00
3.675000000000000000e+04 1.469968456419969982e-01 7.043695949021393232e-02 7.097177969959035382e-01 2.150659990896677254e-01 4.779244424214838804e-03 0.000000000000000000e+00
3.700000000000000000e+04 1.479968241837792409e-01 6.907146108329539902e-02 7.098315885298134287e-01 2.180245789713245452e-01 3.072371415566681717e-03 0.000000000000000000e+00
3.725000000000000000e+04 1.489968027255614835e-01 6.611288120163859305e-02 7.100591715976330986e-01 2.207555757851615841e-01 3.072371415566681717e-03 0.000000000000000000e+00
3.750000000000000000e+04 1.499967812673439482e-01 6.838871187983613931e-02 7.080109239872554028e-01 2.208693673190714746e-01 2.730996813837050560e-03 0.000000000000000000e+00
3.775000000000000000e+04 1.509967598091261909e-01 6.781975421028675621e-02 7.094902139280837572e-01 2.198452435138825711e-01 2.844788347746927612e-03 0.000000000000000000e+00
3.800000000000000000e+04 1.519967383509084335e-01 6.804733727810650945e-02 7.059626763768775959e-01 2.238279472007282667e-01 2.162039144287664864e-03 0.000000000000000000e+00
3.825000000000000000e+04 1.529967168926906762e-01 7.020937642239417908e-02 7.038006372325898985e-01 2.234865725989986229e-01 2.503413746017296455e-03 0.000000000000000000e+00
3.850000000000000000e+04 1.539966954344731409e-01 6.497496586253982687e-02 7.091488393263540857e-01 2.230314064633591165e-01 2.844788347746927612e-03 0.000000000000000000e+00
3.875000000000000000e+04 1.549966739762553836e-01 7.043695949021393232e-02 7.053937187073281434e-01 2.217796995903504875e-01 2.389622212107419402e-03 0.000000000000000000e+00
3.900000000000000000e+04 1.559966525180376262e-01 6.952662721893490549e-02 7.016385980883022011e-01 2.248520710059171701e-01 3.982703686845699004e-03 0.000000000000000000e+00
3.925000000000000000e+04 1.569966310598198689e-01 6.907146108329539902e-02 7.009558488848429691e-01 2.265589440145653055e-01 3.413746017296313308e-03 0.000000000000000000e+00
3.950000000000000000e+04 1.579966096016023336e-01 6.838871187983613931e-02 7.023213472917615441e-01 2.258761948111060458e-01 3.413746017296313308e-03 0.000000000000000000e+00
3.975000000000000000e+04 1.589965881433845762e-01 7.214383249886208160e-02 6.975421028675466983e-01 2.276968593536640995e-01 2.617205279927173507e-03 0.000000000000000000e+00
4.000000000000000000e+04 1.599965666851668189e-01 7.203004096495220498e-02 6.916249431042330587e-01 2.338416021847974646e-01 2.503413746017296455e-03 0.000000000000000000e+00
4.025000000000000000e+04 1.609965452269490616e-01 6.690942193900774326e-02 6.793354574419663283e-01 2.500000000000000000e-01 3.755120619025944465e-03 0.000000000000000000e+00
4.050000000000000000e+04 1.619965237687313042e-01 5.553026854802002588e-02 6.692080109239872954e-01 2.701411015020482309e-01 5.120619025944469528e-03 0.000000000000000000e+00
4.075000000000000000e+04 1.629965023105137689e-01 5.553026854802002588e-02 6.709148839326354308e-01 2.697997269003186149e-01 3.755120619025944465e-03 0.000000000000000000e+00
4.100000000000000000e+04 1.639964808522960116e-01 5.382339553937186966e-02 6.702321347291761988e-01 2.710514337733272439e-01 4.893035958124715423e-03 0.000000000000000000e+00
4.125000000000000000e+04 1.649964593940782542e-01 5.393718707328174627e-02 6.675011379153390489e-01 2.736686390532544477e-01 4.893035958124715423e-03 0.000000000000000000e+00
4.150000000000000000e+04 1.659964379358604969e-01 5.609922621756941591e-02 6.663632225762403660e-01 2.725307237141556538e-01 5.006827492034592909e-03 0.000000000000000000e+00
4.175000000000000000e+04 1.669964164776429616e-01 5.416477014110149951e-02 6.675011379153390489e-01 2.752617205279926926e-01 3.072371415566681717e-03 0.000000000000000000e+00
4.200000000000000000e+04 1.679963950194252043e-01 5.678197542102867562e-02 6.639736003641328876e-01 2.760582612653618706e-01 3.186162949476558769e-03 0.000000000000000000e+00
4.225000000000000000e+04 1.689963735612074469e-01 6.679563040509786664e-02 6.455393718707328476e-01 2.827719617660446327e-01 4.893035958124715423e-03 0.000000000000000000e+00
4.250000000000000000e+04 1.699963521029896896e-01 9.399180700955848955e-02 5.786299499317251183e-01 3.218024578971324656e-01 5.575785161583977738e-03 0.000000000000000000e+00
4.275000000000000000e+04 1.709963306447719322e-01 9.319526627218935322e-02 6.296085571233500655e-01 2.727583067819754348e-01 4.437869822485207214e-03 0.000000000000000000e+00
4.300000000000000000e+04 1.719963091865543969e-01 8.192990441511151245e-02 6.512289485662267063e-01 2.635411925352753593e-01 3.299954483386436255e-03 0.000000000000000000e+00
4.325000000000000000e+04 1.729962877283366396e-01 8.500227583067819503e-02 6.513427401001365968e-01 2.592171142467000200e-01 4.437869822485207214e-03 0.000000000000000000e+00
4.350000000000000000e+04 1.739962662701188822e-01 8.375056895766955223e-02 6.550978607191625391e-01 2.576240327719617751e-01 3.527537551206190360e-03 0.000000000000000000e+00
4.375000000000000000e+04 1.749962448119011249e-01 8.215748748293126569e-02 6.549840691852526486e-01 2.593309057806099105e-01 3.527537551206190360e-03 0.000000000000000000e+00
4.400000000000000000e+04 1.759962233536835896e-01 8.272644515248064878e-02 6.548702776513427581e-01 2.584205735093308975e-01 3.982703686845699004e-03 0.000000000000000000e+00
4.425000000000000000e+04 1.769962018954658323e-01 8.045061447428311641e-02 6.565771506599908935e-01 2.589895311788802945e-01 3.982703686845699004e-03 0.000000000000000000e+00
4.450000000000000000e+04 1.779961804372480749e-01 8.090578060992262288e-02 6.557806099226217711e-01 2.583067819754210070e-01 5.006827492034592909e-03 0.000000000000000000e+00
4.475000000000000000e+04 1.789961589790303176e-01 8.147473827947200598e-02 6.556668183887118806e-01 2.584205735093308975e-01 4.437869822485207214e-03 0.000000000000000000e+00
4.500000000000000000e+04 1.799961375208125602e-01 8.318161128812016913e-02 6.553254437869822091e-01 2.573964497041419941e-01 4.096495220755575623e-03 0.000000000000000000e+00
4.525000000000000000e+04 1.809961160625950249e-01 8.101957214383249950e-02 6.570323167956304555e-01 2.575102412380518846e-01 4.437869822485207214e-03 0.000000000000000000e+00
4.550000000000000000e+04 1.819960946043772676e-01 8.295402822030041590e-02 6.565771506599908935e-01 2.569412835685024876e-01 3.527537551206190360e-03 0.000000000000000000e+00
4.575000000000000000e+04 1.829960731461595103e-01 8.158852981338188259e-02 6.573736913973600160e-01 2.573964497041419941e-01 3.641329085116067413e-03 0.000000000000000000e+00
4.600000000000000000e+04 1.839960516879417529e-01 8.488848429676831842e-02 6.571461083295402350e-01 2.548930359581247362e-01 3.072371415566681717e-03 0.000000000000000000e+00
4.625000000000000000e+04 1.849960302297242176e-01 8.033682294037323979e-02 6.573736913973600160e-01 2.579654073736913911e-01 4.324078288575329727e-03 0.000000000000000000e+00
4.650000000000000000e+04 1.859960087715064603e-01 8.158852981338188259e-02 6.585116067364588099e-01 2.569412835685024876e-01 2.958579881656804664e-03 0.000000000000000000e+00
4.675000000000000000e+04 1.869959873132887029e-01 8.215748748293126569e-02 6.562357760582612221e-01 2.586481565771506785e-01 2.958579881656804664e-03 0.000000000000000000e+00
4.700000000000000000e+04 1.879959658550709456e-01 8.045061447428311641e-02 6.580564406008192480e-01 2.585343650432407880e-01 2.958579881656804664e-03 0.000000000000000000e+00
4.725000000000000000e+04 1.889959443968531883e-01 8.329540282203004575e-02 6.566909421939007840e-01 2.567137005006827621e-01 3.299954483386436255e-03 0.000000000000000000e+00
4.750000000000000000e+04 1.899959229386356530e-01 7.874374146563495325e-02 6.577150659990896875e-01 2.594446973145198010e-01 4.096495220755575623e-03 0.000000000000000000e+00
4.775000000000000000e+04 1.909959014804178956e-01 7.988165680473373331e-02 6.572598998634501255e-01 2.593309057806099105e-01 3.527537551206190360e-03 0.000000000000000000e+00
4.800000000000000000e+04 1.919958800222001383e-01 7.988165680473373331e-02 6.597633136094674944e-01 2.563723258989530907e-01 3.982703686845699004e-03 0.000000000000000000e+00
4.825000000000000000e+04 1.929958585639823809e-01 7.919890760127445972e-02 6.639736003641328876e-01 2.548930359581247362e-01 1.934456076467910759e-03 0.000000000000000000e+00
4.850000000000000000e+04 1.939958371057648456e-01 7.783340919435594030e-02 6.652253072371415721e-01 2.553482020937642427e-01 1.593081474738279385e-03 0.000000000000000000e+00
4.875000000000000000e+04 1.949958156475470883e-01 7.783340919435594030e-02 6.676149294492489394e-01 2.528447883477469293e-01 1.706873008648156654e-03 0.000000000000000000e+00
4.900000000000000000e+04 1.959957941893293309e-01 7.794720072826581692e-02 6.689804278561675144e-01 2.512517068730086289e-01 1.820664542558033706e-03 0.000000000000000000e+00
4.925000000000000000e+04 1.969957727311115736e-01 7.817478379608557015e-02 6.675011379153390489e-01 2.520482476103778069e-01 2.275830678197541916e-03 0.000000000000000000e+00
4.950000000000000000e+04 1.979957512728938163e-01 7.692307692307692735e-02 6.684114701866180619e-01 2.527309968138370389e-01 1.934456076467910759e-03 0.000000000000000000e+00
4.975000000000000000e+04 1.989957298146762810e-01 7.498862084660901095e-02 6.706873008648156498e-01 2.530723714155666548e-01 1.251706873008648227e-03 0.000000000000000000e+00
5.000000000000000000e+04 1.999957083564585236e-01 7.578516158397814728e-02 6.705735093309057593e-01 2.520482476103778069e-01 1.593081474738279385e-03 0.000000000000000000e+00
5.025000000000000000e+04 2.009956868982407663e-01 7.942649066909421296e-02 6.690942193900774049e-01 2.496586253982703563e-01 1.820664542558033706e-03 0.000000000000000000e+00
5.050000000000000000e+04 2.019956654400230089e-01 7.658170232134729749e-02 6.693218024578971859e-01 2.520482476103778069e-01 2.048247610377787811e-03 0.000000000000000000e+00
5.075000000000000000e+04 2.029956439818054736e-01 7.749203459262631044e-02 6.689804278561675144e-01 2.514792899408284099e-01 2.048247610377787811e-03 0.000000000000000000e+00
5.100000000000000000e+04 2.039956225235877163e-01 7.624032771961765376e-02 6.702321347291761988e-01 2.513654984069185194e-01 2.162039144287664864e-03 0.000000000000000000e+00
5.125000000000000000e+04 2.049956010653699590e-01 8.090578060992262288e-02 6.791078743741465473e-01 2.375967228038234069e-01 2.389622212107419402e-03 0.000000000000000000e+00
5.150000000000000000e+04 2.059955796071522016e-01 8.295402822030041590e-02 6.772872098315885214e-01 2.379380974055530229e-01 1.820664542558033706e-03 0.000000000000000000e+00
5.175000000000000000e+04 2.069955581489346663e-01 8.215748748293126569e-02 6.791078743741465473e-01 2.369139736003641195e-01 1.820664542558033706e-03 0.000000000000000000e+00
5.200000000000000000e+04 2.079955366907169090e-01 7.954028220300408958e-02 6.826354119253527086e-01 2.358898497951752438e-01 1.934456076467910759e-03 0.000000000000000000e+00
5.225000000000000000e+04 2.089955152324991516e-01 8.170232134729175921e-02 6.779699590350477534e-01 2.380518889394629134e-01 2.275830678197541916e-03 0.000000000000000000e+00
5.250000000000000000e+04 2.099954937742813943e-01 8.796085571233500100e-02 6.824078288575330387e-01 2.269003186162949492e-01 2.730996813837050560e-03 0.000000000000000000e+00
5.275000000000000000e+04 2.109954723160636370e-01 9.842967683204369156e-02 7.158625398270368478e-01 1.826354119253527641e-01 3.072371415566681717e-03 0.000000000000000000e+00
5.300000000000000000e+04 2.119954508578461017e-01 9.342284934000910646e-02 7.077833409194356218e-01 1.961766044606281234e-01 2.617205279927173507e-03 0.000000000000000000e+00
5.325000000000000000e+04 2.129954293996283443e-01 9.524351388256713236e-02 7.016385980883022011e-01 2.015248065543923661e-01 1.593081474738279385e-03 0.000000000000000000e+00
5.350000000000000000e+04 2.139954079414105870e-01 9.501593081474737912e-02 7.055075102412380339e-01 1.986800182066454368e-01 7.965407373691396923e-04 0.000000000000000000e+00
5.375000000000000000e+04 2.149953864831928296e-01 9.194355939918069653e-02 7.063040509786071564e-01 2.000455166135639562e-01 1.706873008648156654e-03 0.000000000000000000e+00
5.400000000000000000e+04 2.159953650249752943e-01 9.604005461993628257e-02 7.068730086481566088e-01 1.966317705962676299e-01 4.551661356395084266e-04 0.000000000000000000e+00
5.425000000000000000e+04 2.169953435667575370e-01 9.308147473827947660e-02 7.093764223941738667e-01 1.958352298588985074e-01 1.706873008648156654e-03 0.000000000000000000e+00
5.450000000000000000e+04 2.179953221085397796e-01 9.421939007737824279e-02 7.082385070550750727e-01 1.962903959945380139e-01 1.251706873008648227e-03 0.000000000000000000e+00
5.475000000000000000e+04 2.189953006503220223e-01 9.512972234865725574e-02 7.081247155211651823e-01 1.953800637232590010e-01 1.365498406918525280e-03 0.000000000000000000e+00
5.500000000000000000e+04 2.199952791921042650e-01 9.285389167045972336e-02 7.076695493855257313e-01 1.976558944014565333e-01 1.820664542558033706e-03 0.000000000000000000e+00
5.525000000000000000e+04 2.209952577338867297e-01 9.456076467910787264e-02 7.059626763768775959e-01 1.978834774692762866e-01 1.593081474738279385e-03 0.000000000000000000e+00
5.550000000000000000e+04 2.219952362756689723e-01 9.615384615384615918e-02 7.089212562585344157e-01 1.932180245789713313e-01 1.706873008648156654e-03 0.000000000000000000e+00
5.575000000000000000e+04 2.229952148174512150e-01 9.433318161128811941e-02 7.132453345471096995e-01 1.908284023668639084e-01 1.593081474738279385e-03 0.000000000000000000e+00
5.600000000000000000e+04 2.239951933592334576e-01 9.831588529813381494e-02 7.132453345471096995e-01 1.858215748748293095e-01 2.617205279927173507e-03 0.000000000000000000e+00
5.625000000000000000e+04 2.249951719010159223e-01 9.831588529813381494e-02 7.222348657259899385e-01 1.780837505689576716e-01 1.365498406918525280e-03 0.000000000000000000e+00
5.650000000000000000e+04 2.259951504427981650e-01 9.638142922166591242e-02 7.226900318616295005e-01 1.795630405097860816e-01 1.365498406918525280e-03 0.000000000000000000e+00
5.675000000000000000e+04 2.269951289845804077e-01 9.649522075557578904e-02 7.248520710059171979e-01 1.775147928994082747e-01 1.137915339098770958e-03 0.000000000000000000e+00
