# itime ezz other fcc hcp bcc ico
0.000000000000000000e+00 0.000000000000000000e+00 0.000000000000000000e+00 1.000000000000000000e+00 0.000000000000000000e+00 0.000000000000000000e+00 0.000000000000000000e+00
2.500000000000000000e+03 1.000000206050533080e-02 0.000000000000000000e+00 1.000000000000000000e+00 0.000000000000000000e+00 0.000000000000000000e+00 0.000000000000000000e+00
5.000000000000000000e+03 2.000000412101088365e-02 0.000000000000000000e+00 1.000000000000000000e+00 0.000000000000000000e+00 0.000000000000000000e+00 0.000000000000000000e+00
7.500000000000000000e+03 3.000000618151621445e-02 0.000000000000000000e+00 1.000000000000000000e+00 0.000000000000000000e+00 0.000000000000000000e+00 0.000000000000000000e+00
1.000000000000000000e+04 4.000000824202176730e-02 0.000000000000000000e+00 1.000000000000000000e+00 0.000000000000000000e+00 0.000000000000000000e+00 0.000000000000000000e+00
1.250000000000000000e+04 5.000001030252709810e-02 0.000000000000000000e+00 1.000000000000000000e+00 0.000000000000000000e+00 0.000000000000000000e+00 0.000000000000000000e+00
1.500000000000000000e+04 6.000001236303265095e-02 0.000000000000000000e+00 1.000000000000000000e+00 0.000000000000000000e+00 0.000000000000000000e+00 0.000000000000000000e+00
1.750000000000000000e+04 7.000001442353798176e-02 0.000000000000000000e+00 1.000000000000000000e+00 0.000000000000000000e+00 0.000000000000000000e+00 0.000000000000000000e+00
2.000000000000000000e+04 8.000001648404331256e-02 5.689576695493854790e-04 9.994310423304506585e-01 0.000000000000000000e+00 0.000000000000000000e+00 0.000000000000000000e+00
2.250000000000000000e+04 9.000001854454886541e-02 7.965407373691396923e-04 9.992034592626308775e-01 0.000000000000000000e+00 0.000000000000000000e+00 0.000000000000000000e+00
2.500000000000000000e+04 1.000000206050541962e-01 1.706873008648156654e-03 9.980655439235320836e-01 0.000000000000000000e+00 2.275830678197542133e-04 0.000000000000000000e+00
2.750000000000000000e+04 1.100000226655597491e-01 1.444014565316340537e-01 5.052344105598542967e-01 0.000000000000000000e+00 3.503641329085115941e-01 0.000000000000000000e+00
3.000000000000000000e+04 1.200000247260650799e-01 5.712335002275830548e-02 7.800409649522075384e-01 1.604460628129267263e-01 2.389622212107419402e-03 0.000000000000000000e+00
3.250000000000000000e+04 1.300000267865706327e-01 6.895766954938552240e-02 7.548930359581247362e-01 1.744424214838415921e-01 1.706873008648156654e-03 0.000000000000000000e+00
3.500000000000000000e+04 1.400000288470759635e-01 3.686845698680018407e-02 8.230541647701411501e-01 1.389394629039599482e-01 1.137915339098770958e-03 0.000000000000000000e+00
3.750000000000000000e+04 1.500000309075812943e-01 3.652708238507055422e-02 8.229403732362312596e-01 1.395084205735093175e-01 1.024123805188893906e-03 0.000000000000000000e+00
4.000000000000000000e+04 1.600000329680868472e-01 3.709604005461993731e-02 8.237369139736003820e-01 1.383705052344105513e-01 7.965407373691396923e-04 0.000000000000000000e+00
4.250000000000000000e+04 1.700000350285921780e-01 3.720983158852981393e-02 8.239644970414201630e-01 1.380291306326809353e-01 7.965407373691396923e-04 0.000000000000000000e+00
4.500000000000000000e+04 1.800000370890977308e-01 6.895766954938552240e-02 8.296540737369140217e-01 9.956759217114247162e-02 1.820664542558033706e-03 0.000000000000000000e+00
4.750000000000000000e+04 1.900000391496030616e-01 5.951297223486572835e-02 7.875512061902594230e-01 1.492944924897587622e-01 3.641329085116067413e-03 0.000000000000000000e+00
5.000000000000000000e+04 2.000000412101083924e-01 6.053709604005461792e-02 7.982476103777879084e-01 1.374601729631315383e-01 3.755120619025944465e-03 0.000000000000000000e+00
5.250000000000000000e+04 2.100000432706139453e-01 6.986800182066454923e-02 7.569412835685025431e-01 1.718252162039144160e-01 1.365498406918525280e-03 0.000000000000000000e+00
5.500000000000000000e+04 2.200000453311192761e-01 7.225762403277195822e-02 7.619481110605370588e-01 1.649977241693217911e-01 7.965407373691396923e-04 0.000000000000000000e+00
5.750000000000000000e+04 2.300000473916248289e-01 7.055075102412380894e-02 7.628584433318160718e-01 1.654528903049612976e-01 1.137915339098770958e-03 0.000000000000000000e+00
6.000000000000000000e+04 2.400000494521301597e-01 7.407828857532999800e-02 7.645653163404643182e-01 1.596495220755575761e-01 1.706873008648156654e-03 0.000000000000000000e+00
6.250000000000000000e+04 2.500000515126357126e-01 8.875739644970413733e-02 7.229176149294492815e-01 1.867319071461083224e-01 1.593081474738279385e-03 0.000000000000000000e+00
6.500000000000000000e+04 2.600000535731410434e-01 1.045744196631770567e-01 6.363222576240327166e-01 2.559171597633135842e-01 3.186162949476558769e-03 0.000000000000000000e+00
6.750000000000000000e+04 2.700000556336463742e-01 1.071916249431042328e-01 6.049157942649067143e-01 2.837960855712334807e-01 4.096495220755575623e-03 0.000000000000000000e+00
7.000000000000000000e+04 2.800000576941519270e-01 1.061675011379153433e-01 5.953573054164770229e-01 2.943786982248520756e-01 4.096495220755575623e-03 0.000000000000000000e+00
7.250000000000000000e+04 2.900000597546572578e-01 1.125398270368684617e-01 5.777196176604461053e-01 3.062130177514792995e-01 3.527537551206190360e-03 0.000000000000000000e+00
7.500000000000000000e+04 3.000000618151628107e-01 1.140191169776968577e-01 5.689576695493855363e-01 3.128129267182521711e-01 4.210286754665453109e-03 0.000000000000000000e+00
7.750000000000000000e+04 3.100000638756681415e-01 1.249431042330450548e-01 5.450614474283113076e-01 3.240782885753299980e-01 5.917159763313609329e-03 0.000000000000000000e+00
8.000000000000000000e+04 3.200000659361736943e-01 1.305188893946290507e-01 5.501820664542558248e-01 3.139508420573509095e-01 5.348202093764223633e-03 0.000000000000000000e+00
8.250000000000000000e+04 3.300000679966790251e-01 1.325671370050068298e-01 5.483614019116977989e-01 3.152025489303595940e-01 3.868912152935821518e-03 0.000000000000000000e+00
8.500000000000000000e+04 3.400000700571843559e-01 1.421256258534364936e-01 5.086481565771506785e-01 3.418297678652708060e-01 7.396449704142011444e-03 0.000000000000000000e+00
8.750000000000000000e+04 3.500000721176899088e-01 1.436049157942649035e-01 4.914656349567592120e-01 3.604915794264906825e-01 4.437869822485207214e-03 0.000000000000000000e+00
9.000000000000000000e+04 3.600000741781952396e-01 1.472462448793809831e-01 4.862312243969048597e-01 3.601502048247610110e-01 6.372325898953117539e-03 0.000000000000000000e+00
9.250000000000000000e+04 3.700000762387007924e-01 1.420118343195266308e-01 4.970414201183431802e-01 3.563950842057350687e-01 4.551661356395083832e-03 0.000000000000000000e+00
9.500000000000000000e+04 3.800000782992061232e-01 1.464497041420118328e-01 4.932862994993172379e-01 3.567364588074647402e-01 3.527537551206190360e-03 0.000000000000000000e+00
9.750000000000000000e+04 3.900000803597114540e-01 1.456531634046426826e-01 4.988620846609012061e-01 3.512744651797906070e-01 4.210286754665453109e-03 0.000000000000000000e+00
1.000000000000000000e+05 4.000000824202167848e-01 1.546426945835229771e-01 4.929449248975876219e-01 3.474055530268548297e-01 5.006827492034592909e-03 0.000000000000000000e+00
1.025000000000000000e+05 4.100000844807223377e-01 1.662494310423304478e-01 4.914656349567592120e-01 3.362539827036868378e-01 6.030951297223486815e-03 0.000000000000000000e+00
1.050000000000000000e+05 4.200000865412276685e-01 1.851388256713700498e-01 4.553937187073281989e-01 3.510468821119708815e-01 8.420573509330906217e-03 0.000000000000000000e+00
1.075000000000000000e+05 4.300000886017332213e-01 1.772872098315885214e-01 4.737141556668184039e-01 3.402366863905325611e-01 8.761948111060537808e-03 0.000000000000000000e+00
1.100000000000000000e+05 4.400000906622385521e-01 1.754665452890304955e-01 4.803140646335912756e-01 3.359126081019572219e-01 8.306781975421027864e-03 0.000000000000000000e+00
1.125000000000000000e+05 4.500000927227438829e-01 1.733045061447428259e-01 4.952207555757851543e-01 3.269230769230769273e-01 4.551661356395083832e-03 0.000000000000000000e+00
1.150000000000000000e+05 4.600000947832494358e-01 1.814974965862539702e-01 4.974965862539826866e-01 3.165680473372781134e-01 4.437869822485207214e-03 0.000000000000000000e+00
1.175000000000000000e+05 4.700000968437547666e-01 1.778561675011379184e-01 5.570095584888484774e-01 2.593309057806099105e-01 5.803368229403732710e-03 0.000000000000000000e+00
1.200000000000000000e+05 4.800000989042603194e-01 1.213017751479289891e-01 8.334091943559399640e-01 4.233045061447428259e-02 2.958579881656804664e-03 0.000000000000000000e+00
1.225000000000000000e+05 4.900001009647656502e-01 1.030951297223486607e-01 8.458124715521164738e-01 5.063723258989531045e-02 4.551661356395084266e-04 0.000000000000000000e+00
1.250000000000000000e+05 5.000001030252709810e-01 8.682294037323623481e-02 9.106736458807465073e-01 1.479289940828402332e-03 1.024123805188893906e-03 0.000000000000000000e+00
1.275000000000000000e+05 5.100001050857765339e-01 7.931269913518433634e-02 9.203459262630859783e-01 3.413746017296313199e-04 0.000000000000000000e+00 0.000000000000000000e+00
1.300000000000000000e+05 5.200001071462818647e-01 7.954028220300408958e-02 9.201183431952663083e-01 3.413746017296313199e-04 0.000000000000000000e+00 0.000000000000000000e+00
1.325000000000000000e+05 5.300001092067874175e-01 8.056440600819299303e-02 9.189804278561675144e-01 4.551661356395084266e-04 0.000000000000000000e+00 0.000000000000000000e+00
1.350000000000000000e+05 5.400001112672927484e-01 8.010923987255348655e-02 9.190942193900774049e-01 3.413746017296313199e-04 4.551661356395084266e-04 0.000000000000000000e+00
1.375000000000000000e+05 5.500001133277983012e-01 7.794720072826581692e-02 9.214838416021847722e-01 0.000000000000000000e+00 5.689576695493854790e-04 0.000000000000000000e+00
1.400000000000000000e+05 5.600001153883036320e-01 7.817478379608557015e-02 9.217114246700045532e-01 1.137915339098771066e-04 0.000000000000000000e+00 0.000000000000000000e+00
1.425000000000000000e+05 5.700001174488089628e-01 8.056440600819299303e-02 9.179563040509786109e-01 4.551661356395084266e-04 1.024123805188893906e-03 0.000000000000000000e+00
1.450000000000000000e+05 5.800001195093145157e-01 8.136094674556212936e-02 9.170459717796995980e-01 5.689576695493854790e-04 1.024123805188893906e-03 0.000000000000000000e+00
1.475000000000000000e+05 5.900001215698198465e-01 1.313154301319981732e-01 5.479062357760582369e-01 3.033682294037323701e-01 1.741010468821119553e-02 0.000000000000000000e+00
1.500000000000000000e+05 6.000001236303253993e-01 1.301775147928994070e-01 5.426718252162039402e-01 3.141784251251706905e-01 1.297223486572599005e-02 0.000000000000000000e+00
1.525000000000000000e+05 6.100001256908307301e-01 1.310878470641784199e-01 5.244651797906235702e-01 3.329540282203004020e-01 1.149294492489758707e-02 0.000000000000000000e+00
1.550000000000000000e+05 6.200001277513362830e-01 1.308602639963586667e-01 5.258306781975421451e-01 3.336367774237596895e-01 9.672280382339554228e-03 0.000000000000000000e+00
1.575000000000000000e+05 6.300001298118416138e-01 1.352981338188438687e-01 4.888484296768320636e-01 3.660673645880746507e-01 9.786071916249430847e-03 0.000000000000000000e+00
1.600000000000000000e+05 6.400001318723469446e-01 1.297223486572599005e-01 3.657259899863450348e-01 4.868001820664542567e-01 1.775147928994082885e-02 0.000000000000000000e+00
1.625000000000000000e+05 6.500001339328524974e-01 1.251706873008648080e-01 3.377332726445152478e-01 5.197997269003186149e-01 1.729631315430131891e-02 0.000000000000000000e+00
1.650000000000000000e+05 6.600001359933578282e-01 1.261948111060537114e-01 3.361401911697769473e-01 5.271961766044606090e-01 1.046882111970869403e-02 0.000000000000000000e+00
1.675000000000000000e+05 6.700001380538633811e-01 1.248293126991351781e-01 3.413746017296312996e-01 5.211652253072371899e-01 1.263086026399635846e-02 0.000000000000000000e+00
1.700000000000000000e+05 6.800001401143687119e-01 1.283568502503413811e-01 3.456986800182066388e-01 5.119481110605370588e-01 1.399635867091488309e-02 0.000000000000000000e+00
1.725000000000000000e+05 6.900001421748742647e-01 1.319981793354574329e-01 3.491124260355029651e-01 5.078516158397815561e-01 1.103777878925807886e-02 0.000000000000000000e+00
1.750000000000000000e+05 7.000001442353795955e-01 1.319981793354574329e-01 3.516158397815202785e-01 5.064861174328629811e-01 9.899863450159307465e-03 0.000000000000000000e+00
1.775000000000000000e+05 7.100001462958849263e-01 1.391670459717797015e-01 3.554847519344560558e-01 4.978379608557123581e-01 7.510241238051888930e-03 0.000000000000000000e+00
1.800000000000000000e+05 7.200001483563904792e-01 1.449704142011834229e-01 3.579881656804733692e-01 4.860036413290851343e-01 1.103777878925807886e-02 0.000000000000000000e+00
1.825000000000000000e+05 7.300001504168958100e-01 1.795630405097860816e-01 4.228493400091033472e-01 3.887118798361401950e-01 8.875739644970414427e-03 0.000000000000000000e+00
1.850000000000000000e+05 7.400001524774013628e-01 1.751251706873008518e-01 6.454255803368229572e-01 1.783113336367774249e-01 1.137915339098770958e-03 0.000000000000000000e+00
1.875000000000000000e+05 7.500001545379066936e-01 1.761492944924897552e-01 6.474738279472007640e-01 1.737596722803823324e-01 2.617205279927173507e-03 0.000000000000000000e+00
1.900000000000000000e+05 7.600001565984122465e-01 1.780837505689576716e-01 6.635184342284934367e-01 1.562357760582612776e-01 2.162039144287664864e-03 0.000000000000000000e+00
1.925000000000000000e+05 7.700001586589175773e-01 1.804733727810650945e-01 6.644287664997724496e-01 1.520254893035958010e-01 3.072371415566681717e-03 0.000000000000000000e+00
1.950000000000000000e+05 7.800001607194229081e-01 1.770596267637687682e-01 6.783113336367774249e-01 1.424670004551661373e-01 2.162039144287664864e-03 0.000000000000000000e+00
1.975000000000000000e+05 7.900001627799284609e-01 1.876422394173873354e-01 6.935593991807009751e-01 1.166363222576240338e-01 2.162039144287664864e-03 0.000000000000000000e+00
2.000000000000000000e+05 8.000001648404337917e-01 1.808147473827947105e-01 7.080109239872554028e-01 1.081019572143832458e-01 3.072371415566681717e-03 0.000000000000000000e+00
2.025000000000000000e+05 8.100001669009393446e-01 1.494082840236686527e-01 7.387346381429221731e-01 1.086709148839326289e-01 3.186162949476558769e-03 0.000000000000000000e+00
2.050000000000000000e+05 8.200001689614446754e-01 1.521392808375056915e-01 7.216659080564405970e-01 1.235776058261265353e-01 2.617205279927173507e-03 0.000000000000000000e+00
2.075000000000000000e+05 8.300001710219500062e-01 1.470186618115612298e-01 6.950386891215293295e-01 1.571461083295402905e-01 7.965407373691396923e-04 0.000000000000000000e+00
2.100000000000000000e+05 8.400001730824555590e-01 1.515703231679562946e-01 6.653390987710514626e-01 1.819526627218935044e-01 1.137915339098770958e-03 0.000000000000000000e+00
2.125000000000000000e+05 8.500001751429608898e-01 1.541875284478834707e-01 6.552116522530723186e-01 1.890077378243058825e-01 1.593081474738279385e-03 0.000000000000000000e+00
2.150000000000000000e+05 8.600001772034664427e-01 1.557806099226217433e-01 6.577150659990896875e-01 1.841147018661811463e-01 2.389622212107419402e-03 0.000000000000000000e+00
2.175000000000000000e+05 8.700001792639717735e-01 1.563495675921711403e-01 6.508875739644970349e-01 1.900318616294947582e-01 2.730996813837050560e-03 0.000000000000000000e+00
2.200000000000000000e+05 8.800001813244773263e-01 1.593081474738279601e-01 6.712562585343649912e-01 1.660218479745106945e-01 3.413746017296313308e-03 0.000000000000000000e+00
2.225000000000000000e+05 8.900001833849826571e-01 1.578288575329995502e-01 6.801319981793354508e-01 1.571461083295402905e-01 4.893035958124715423e-03 0.000000000000000000e+00
2.250000000000000000e+05 9.000001854454879879e-01 1.375739644970414288e-01 8.377332726445152478e-01 2.321347291761493084e-02 1.479289940828402332e-03 0.000000000000000000e+00
2.275000000000000000e+05 9.100001875059935408e-01 1.365498406918525254e-01 8.304506144742831442e-01 3.095129722348657214e-02 2.048247610377787811e-03 0.000000000000000000e+00
2.300000000000000000e+05 9.200001895664988716e-01 1.397360036413290985e-01 8.163404642694583879e-01 4.233045061447428259e-02 1.593081474738279385e-03 0.000000000000000000e+00
2.325000000000000000e+05 9.300001916270044244e-01 1.335912608101957333e-01 8.144060081929904715e-01 5.131998179335457710e-02 6.827492034592626399e-04 0.000000000000000000e+00
2.350000000000000000e+05 9.400001936875097552e-01 1.329085116067364458e-01 8.161128812016386069e-01 5.029585798816568060e-02 6.827492034592626399e-04 0.000000000000000000e+00
2.375000000000000000e+05 9.500001957480153081e-01 1.323395539371870766e-01 8.175921711424669613e-01 4.915794264906690747e-02 9.103322712790168532e-04 0.000000000000000000e+00
2.400000000000000000e+05 9.600001978085206389e-01 1.333636777423759801e-01 8.163404642694583879e-01 4.972690031861629750e-02 5.689576695493854790e-04 0.000000000000000000e+00
2.425000000000000000e+05 9.700001998690259697e-01 1.432635411925352875e-01 7.875512061902594230e-01 6.827492034592626269e-02 9.103322712790168532e-04 0.000000000000000000e+00
2.450000000000000000e+05 9.800002019295315225e-01 1.511151570323167881e-01 6.181156121984524576e-01 2.240555302685480199e-01 6.713700500682749130e-03 0.000000000000000000e+00
2.475000000000000000e+05 9.900002039900368533e-01 1.524806554392353075e-01 6.263086026399635742e-01 2.154073736913973691e-01 5.803368229403732710e-03 0.000000000000000000e+00
2.500000000000000000e+05 1.000000206050542406e+00 1.538461538461538547e-01 6.298361401911697355e-01 2.099453800637232637e-01 6.372325898953117539e-03 0.000000000000000000e+00
