# itime ezz other fcc hcp bcc ico
0.000000000000000000e+00 0.000000000000000000e+00 1.365498406918525280e-03 9.986345015930814251e-01 0.000000000000000000e+00 0.000000000000000000e+00 0.000000000000000000e+00
2.500000000000000000e+02 1.000038697970051516e-03 2.162039144287664864e-03 9.978379608557123026e-01 0.000000000000000000e+00 0.000000000000000000e+00 0.000000000000000000e+00
5.000000000000000000e+02 2.000077395940103031e-03 4.551661356395084266e-04 9.995448338643604380e-01 0.000000000000000000e+00 0.000000000000000000e+00 0.000000000000000000e+00
7.500000000000000000e+02 3.000116093909932502e-03 1.137915339098770958e-03 9.987482931269913156e-01 0.000000000000000000e+00 1.137915339098771066e-04 0.000000000000000000e+00
1.000000000000000000e+03 4.000154791879984018e-03 1.365498406918525280e-03 9.986345015930814251e-01 0.000000000000000000e+00 0.000000000000000000e+00 0.000000000000000000e+00
1.250000000000000000e+03 5.000193489850035533e-03 1.137915339098770958e-03 9.988620846609012061e-01 0.000000000000000000e+00 0.000000000000000000e+00 0.000000000000000000e+00
1.500000000000000000e+03 6.000232187820087049e-03 3.413746017296313199e-04 9.996586253982703285e-01 0.000000000000000000e+00 0.000000000000000000e+00 0.000000000000000000e+00
1.750000000000000000e+03 7.000270885789916520e-03 1.934456076467910759e-03 9.980655439235320836e-01 0.000000000000000000e+00 0.000000000000000000e+00 0.000000000000000000e+00
2.000000000000000000e+03 8.000309583759968035e-03 3.413746017296313199e-04 9.996586253982703285e-01 0.000000000000000000e+00 0.000000000000000000e+00 0.000000000000000000e+00
2.250000000000000000e+03 9.000348281730019551e-03 1.137915339098770958e-03 9.988620846609012061e-01 0.000000000000000000e+00 0.000000000000000000e+00 0.000000000000000000e+00
2.500000000000000000e+03 1.000038697970007107e-02 1.593081474738279385e-03 9.984069185252617551e-01 0.000000000000000000e+00 0.000000000000000000e+00 0.000000000000000000e+00
2.750000000000000000e+03 1.100042567766990054e-02 1.479289940828402332e-03 9.985207100591716456e-01 0.000000000000000000e+00 0.000000000000000000e+00 0.000000000000000000e+00
3.000000000000000000e+03 1.200046437563995205e-02 1.593081474738279385e-03 9.984069185252617551e-01 0.000000000000000000e+00 0.000000000000000000e+00 0.000000000000000000e+00
3.250000000000000000e+03 1.300050307361000357e-02 1.365498406918525280e-03 9.986345015930814251e-01 0.000000000000000000e+00 0.000000000000000000e+00 0.000000000000000000e+00
3.500000000000000000e+03 1.400054177158005508e-02 7.965407373691396923e-04 9.992034592626308775e-01 0.000000000000000000e+00 0.000000000000000000e+00 0.000000000000000000e+00
3.750000000000000000e+03 1.500058046955010660e-02 2.048247610377787811e-03 9.979517523896221931e-01 0.000000000000000000e+00 0.000000000000000000e+00 0.000000000000000000e+00
4.000000000000000000e+03 1.600061916751993607e-02 1.365498406918525280e-03 9.986345015930814251e-01 0.000000000000000000e+00 0.000000000000000000e+00 0.000000000000000000e+00
4.250000000000000000e+03 1.700065786548998759e-02 2.389622212107419402e-03 9.976103777878926326e-01 0.000000000000000000e+00 0.000000000000000000e+00 0.000000000000000000e+00
4.500000000000000000e+03 1.800069656346003910e-02 1.706873008648156654e-03 9.982931269913518646e-01 0.000000000000000000e+00 0.000000000000000000e+00 0.000000000000000000e+00
4.750000000000000000e+03 1.900073526143009062e-02 1.365498406918525280e-03 9.986345015930814251e-01 0.000000000000000000e+00 0.000000000000000000e+00 0.000000000000000000e+00
5.000000000000000000e+03 2.000077395939992009e-02 4.210286754665453109e-03 9.957897132453344957e-01 0.000000000000000000e+00 0.000000000000000000e+00 0.000000000000000000e+00
5.250000000000000000e+03 2.100081265736997160e-02 3.186162949476558769e-03 9.967000455166135087e-01 0.000000000000000000e+00 1.137915339098771066e-04 0.000000000000000000e+00
5.500000000000000000e+03 2.200085135534002312e-02 1.251706873008648227e-03 9.987482931269913156e-01 0.000000000000000000e+00 0.000000000000000000e+00 0.000000000000000000e+00
5.750000000000000000e+03 2.300089005331007463e-02 3.186162949476558769e-03 9.968138370505233992e-01 0.000000000000000000e+00 0.000000000000000000e+00 0.000000000000000000e+00
6.000000000000000000e+03 2.400092875127990411e-02 2.730996813837050560e-03 9.971552116522530707e-01 0.000000000000000000e+00 1.137915339098771066e-04 0.000000000000000000e+00
6.250000000000000000e+03 2.500096744924995562e-02 1.365498406918525280e-03 9.986345015930814251e-01 0.000000000000000000e+00 0.000000000000000000e+00 0.000000000000000000e+00
6.500000000000000000e+03 2.600100614722000714e-02 3.072371415566681717e-03 9.969276285844332897e-01 0.000000000000000000e+00 0.000000000000000000e+00 0.000000000000000000e+00
6.750000000000000000e+03 2.700104484519005865e-02 3.072371415566681717e-03 9.969276285844332897e-01 0.000000000000000000e+00 0.000000000000000000e+00 0.000000000000000000e+00
7.000000000000000000e+03 2.800108354316011017e-02 2.730996813837050560e-03 9.972690031861629611e-01 0.000000000000000000e+00 0.000000000000000000e+00 0.000000000000000000e+00
7.250000000000000000e+03 2.900112224112993964e-02 2.389622212107419402e-03 9.973827947200728516e-01 0.000000000000000000e+00 2.275830678197542133e-04 0.000000000000000000e+00
7.500000000000000000e+03 3.000116093909999115e-02 4.665452890304961318e-03 9.952207555757851543e-01 0.000000000000000000e+00 1.137915339098771066e-04 0.000000000000000000e+00
7.750000000000000000e+03 3.100119963707004267e-02 2.162039144287664864e-03 9.978379608557123026e-01 0.000000000000000000e+00 0.000000000000000000e+00 0.000000000000000000e+00
8.000000000000000000e+03 3.200123833504009419e-02 3.413746017296313308e-03 9.965862539827037292e-01 0.000000000000000000e+00 0.000000000000000000e+00 0.000000000000000000e+00
8.250000000000000000e+03 3.300127703300992366e-02 6.713700500682749130e-03 9.931725079654073474e-01 0.000000000000000000e+00 1.137915339098771066e-04 0.000000000000000000e+00
8.500000000000000000e+03 3.400131573097997517e-02 3.641329085116067413e-03 9.963586709148839482e-01 0.000000000000000000e+00 0.000000000000000000e+00 0.000000000000000000e+00
8.750000000000000000e+03 3.500135442895002669e-02 7.168866636322257339e-03 9.923759672280382249e-01 0.000000000000000000e+00 4.551661356395084266e-04 0.000000000000000000e+00
9.000000000000000000e+03 3.600139312692007820e-02 2.844788347746927612e-03 9.970414201183431802e-01 0.000000000000000000e+00 1.137915339098771066e-04 0.000000000000000000e+00
9.250000000000000000e+03 3.700143182488990767e-02 7.055075102412380721e-03 9.927173418297678964e-01 0.000000000000000000e+00 2.275830678197542133e-04 0.000000000000000000e+00
9.500000000000000000e+03 3.800147052285995919e-02 7.510241238051888930e-03 9.922621756941283344e-01 0.000000000000000000e+00 2.275830678197542133e-04 0.000000000000000000e+00
9.750000000000000000e+03 3.900150922083001070e-02 6.144742831133363434e-03 9.935138825671370189e-01 0.000000000000000000e+00 3.413746017296313199e-04 0.000000000000000000e+00
1.000000000000000000e+04 4.000154791880006222e-02 6.941283568502503235e-03 9.929449248975875664e-01 0.000000000000000000e+00 1.137915339098771066e-04 0.000000000000000000e+00
1.025000000000000000e+04 4.100158661677011374e-02 5.575785161583977738e-03 9.938552571688666903e-01 0.000000000000000000e+00 5.689576695493854790e-04 0.000000000000000000e+00
1.050000000000000000e+04 4.200162531473994321e-02 6.827492034592626616e-03 9.929449248975875664e-01 0.000000000000000000e+00 2.275830678197542133e-04 0.000000000000000000e+00
1.075000000000000000e+04 4.300166401270999472e-02 7.168866636322257339e-03 9.924897587619481154e-01 0.000000000000000000e+00 3.413746017296313199e-04 0.000000000000000000e+00
1.100000000000000000e+04 4.400170271068004624e-02 9.786071916249430847e-03 9.898725534820209671e-01 0.000000000000000000e+00 3.413746017296313199e-04 0.000000000000000000e+00
1.125000000000000000e+04 4.500174140865009775e-02 7.055075102412380721e-03 9.928311333636777869e-01 0.000000000000000000e+00 1.137915339098771066e-04 0.000000000000000000e+00
1.150000000000000000e+04 4.600178010661992722e-02 9.103322712790167665e-03 9.903277196176604180e-01 0.000000000000000000e+00 5.689576695493854790e-04 0.000000000000000000e+00
1.175000000000000000e+04 4.700181880458997874e-02 6.486117432862995025e-03 9.931725079654073474e-01 0.000000000000000000e+00 3.413746017296313199e-04 0.000000000000000000e+00
1.200000000000000000e+04 4.800185750256003026e-02 1.342740100136549826e-02 9.860036413290851343e-01 0.000000000000000000e+00 5.689576695493854790e-04 0.000000000000000000e+00
1.225000000000000000e+04 4.900189620053008177e-02 1.081019572143832562e-02 9.886208466090122826e-01 0.000000000000000000e+00 5.689576695493854790e-04 0.000000000000000000e+00
1.250000000000000000e+04 5.000193489849991124e-02 1.467910787437414627e-02 9.849795175238962308e-01 0.000000000000000000e+00 3.413746017296313199e-04 0.000000000000000000e+00
1.275000000000000000e+04 5.100197359646996276e-02 1.456531634046426965e-02 9.842967683204369989e-01 0.000000000000000000e+00 1.137915339098770958e-03 0.000000000000000000e+00
1.300000000000000000e+04 5.200201229444001427e-02 1.308602639963586667e-02 9.858898497951752438e-01 0.000000000000000000e+00 1.024123805188893906e-03 0.000000000000000000e+00
1.325000000000000000e+04 5.300205099241006579e-02 1.536185707783340945e-02 9.835002275830677654e-01 0.000000000000000000e+00 1.137915339098770958e-03 0.000000000000000000e+00
1.350000000000000000e+04 5.400208969038011730e-02 2.207555757851615771e-02 9.765589440145653333e-01 0.000000000000000000e+00 1.365498406918525280e-03 0.000000000000000000e+00
1.375000000000000000e+04 5.500212838834994677e-02 2.014110150204824826e-02 9.790623577605825911e-01 0.000000000000000000e+00 7.965407373691396923e-04 0.000000000000000000e+00
1.400000000000000000e+04 5.600216708631999829e-02 2.526172052799271692e-02 9.740555302685480754e-01 0.000000000000000000e+00 6.827492034592626399e-04 0.000000000000000000e+00
1.425000000000000000e+04 5.700220578429004981e-02 1.797906235776058209e-02 9.811106053709603980e-01 0.000000000000000000e+00 9.103322712790168532e-04 0.000000000000000000e+00
1.450000000000000000e+04 5.800224448226010132e-02 2.298588984979517413e-02 9.759899863450158808e-01 0.000000000000000000e+00 1.024123805188893906e-03 0.000000000000000000e+00
1.475000000000000000e+04 5.900228318022993079e-02 1.911697769685935522e-02 9.800864815657714946e-01 0.000000000000000000e+00 7.965407373691396923e-04 0.000000000000000000e+00
1.500000000000000000e+04 6.000232187819998231e-02 1.934456076467910846e-02 9.784934000910332497e-01 0.000000000000000000e+00 2.162039144287664864e-03 0.000000000000000000e+00
1.525000000000000000e+04 6.100236057617003382e-02 3.197542102867546865e-02 9.667728720983158608e-01 0.000000000000000000e+00 1.251706873008648227e-03 0.000000000000000000e+00
1.550000000000000000e+04 6.200239927414008534e-02 2.651342740100136666e-02 9.716659080564405970e-01 0.000000000000000000e+00 1.820664542558033706e-03 0.000000000000000000e+00
1.575000000000000000e+04 6.300243797210991481e-02 3.220300409649522189e-02 9.657487482931269573e-01 0.000000000000000000e+00 2.048247610377787811e-03 0.000000000000000000e+00
1.600000000000000000e+04 6.400247667007996633e-02 3.345471096950387163e-02 9.648384160218479444e-01 0.000000000000000000e+00 1.706873008648156654e-03 0.000000000000000000e+00
1.625000000000000000e+04 6.500251536805001784e-02 2.878925807919890598e-02 9.684797451069639962e-01 0.000000000000000000e+00 2.730996813837050560e-03 0.000000000000000000e+00
1.650000000000000000e+04 6.600255406602006936e-02 3.368229403732362487e-02 9.632453345471096995e-01 0.000000000000000000e+00 3.072371415566681717e-03 0.000000000000000000e+00
1.675000000000000000e+04 6.700259276399012087e-02 4.016841147018661989e-02 9.558488848429677054e-01 0.000000000000000000e+00 3.982703686845699004e-03 0.000000000000000000e+00
1.700000000000000000e+04 6.800263146195995034e-02 3.891670459717797015e-02 9.586936731907146347e-01 0.000000000000000000e+00 2.389622212107419402e-03 0.000000000000000000e+00
1.725000000000000000e+04 6.900267015993000186e-02 4.642694583522986168e-02 9.508420573509330787e-01 0.000000000000000000e+00 2.730996813837050560e-03 0.000000000000000000e+00
1.750000000000000000e+04 7.000270885790005337e-02 5.416477014110149951e-02 9.424214838416021811e-01 0.000000000000000000e+00 3.413746017296313308e-03 0.000000000000000000e+00
1.775000000000000000e+04 7.100274755587010489e-02 5.530268548020027264e-02 9.409421939007738267e-01 0.000000000000000000e+00 3.755120619025944465e-03 0.000000000000000000e+00
1.800000000000000000e+04 7.200278625383993436e-02 5.097860719162494031e-02 9.444697314519799880e-01 0.000000000000000000e+00 4.551661356395083832e-03 0.000000000000000000e+00
1.825000000000000000e+04 7.300282495180998588e-02 6.383705052344106068e-02 9.305871643149750128e-01 0.000000000000000000e+00 5.575785161583977738e-03 0.000000000000000000e+00
1.850000000000000000e+04 7.400286364978003739e-02 6.713700500682749650e-02 9.267182521620391800e-01 0.000000000000000000e+00 6.144742831133363434e-03 0.000000000000000000e+00
1.875000000000000000e+04 7.500290234775008891e-02 7.123350022758306865e-02 9.218252162039144437e-01 0.000000000000000000e+00 6.941283568502503235e-03 0.000000000000000000e+00
1.900000000000000000e+04 7.600294104572014042e-02 8.682294037323623481e-02 9.043013199817933057e-01 0.000000000000000000e+00 8.875739644970414427e-03 0.000000000000000000e+00
1.925000000000000000e+04 7.700297974368996989e-02 7.453345471096950448e-02 9.178425125170687204e-01 0.000000000000000000e+00 7.624032771961766417e-03 0.000000000000000000e+00
1.950000000000000000e+04 7.800301844166002141e-02 1.003641329085116080e-01 8.830223031406463363e-01 0.000000000000000000e+00 1.661356395084205573e-02 0.000000000000000000e+00
1.975000000000000000e+04 7.900305713963007292e-02 1.027537551206190308e-01 8.824533454710969949e-01 0.000000000000000000e+00 1.479289940828402289e-02 0.000000000000000000e+00
2.000000000000000000e+04 8.000309583760012444e-02 1.106053709604005453e-01 8.684569868001820181e-01 0.000000000000000000e+00 2.093764223941738806e-02 0.000000000000000000e+00
2.025000000000000000e+04 8.100313453556995391e-02 1.123122439690487084e-01 8.653846153846154188e-01 0.000000000000000000e+00 2.230314064633591095e-02 0.000000000000000000e+00
2.050000000000000000e+04 8.200317323354000543e-02 1.292671825216203940e-01 8.368229403732362348e-01 0.000000000000000000e+00 3.390987710514337811e-02 0.000000000000000000e+00
2.075000000000000000e+04 8.300321193151005694e-02 1.538461538461538547e-01 7.958579881656804300e-01 0.000000000000000000e+00 5.029585798816568060e-02 0.000000000000000000e+00
2.100000000000000000e+04 8.400325062948010846e-02 1.783113336367774249e-01 7.543240782885752838e-01 1.137915339098771066e-04 6.725079654073737312e-02 0.000000000000000000e+00
2.125000000000000000e+04 8.500328932744993793e-02 2.156349567592171224e-01 6.940145653163404260e-01 2.275830678197542133e-04 9.012289485662267063e-02 0.000000000000000000e+00
2.150000000000000000e+04 8.600332802541998944e-02 2.193900773782430647e-01 6.769458352298588499e-01 1.137915339098771066e-04 1.035502958579881672e-01 0.000000000000000000e+00
2.175000000000000000e+04 8.700336672339004096e-02 2.371415566681839004e-01 6.463359126081019701e-01 5.689576695493854790e-04 1.159535730541647741e-01 0.000000000000000000e+00
2.200000000000000000e+04 8.800340542136009248e-02 2.372553482020937632e-01 6.334774692762858983e-01 4.210286754665453109e-03 1.250568957669549452e-01 0.000000000000000000e+00
2.225000000000000000e+04 8.900344411933014399e-02 2.675238962221210826e-01 5.605370960400546387e-01 9.672280382339554228e-03 1.622667273554847522e-01 0.000000000000000000e+00
2.250000000000000000e+04 9.000348281729997346e-02 2.724169321802457633e-01 5.506372325898952758e-01 1.763768775603095224e-02 1.593081474738279601e-01 0.000000000000000000e+00
2.275000000000000000e+04 9.100352151527002498e-02 2.859581247155211781e-01 5.218479745106964218e-01 2.275830678197542090e-02 1.694355939918070209e-01 0.000000000000000000e+00
2.300000000000000000e+04 9.200356021324007649e-02 3.045061447428311086e-01 5.048930359581247362e-01 4.597177969959034827e-02 1.446290395994538069e-01 0.000000000000000000e+00
2.325000000000000000e+04 9.300359891121012801e-02 2.875512061902594230e-01 5.037551206190259423e-01 7.168866636322257513e-02 1.370050068274920319e-01 0.000000000000000000e+00
2.350000000000000000e+04 9.400363760917995748e-02 2.908511606736458588e-01 5.053482020937641872e-01 8.659535730541648157e-02 1.172052799271734169e-01 0.000000000000000000e+00
2.375000000000000000e+04 9.500367630715000899e-02 2.774237596722803900e-01 5.108101957214383759e-01 1.215293582157487423e-01 9.023668639053254725e-02 0.000000000000000000e+00
2.400000000000000000e+04 9.600371500512006051e-02 2.444242148384160318e-01 5.178652708238506985e-01 1.577150659990896597e-01 7.999544833864360993e-02 0.000000000000000000e+00
2.425000000000000000e+04 9.700375370309011203e-02 2.246244879380974169e-01 5.490441511151570309e-01 1.627218934911242587e-01 6.360946745562130744e-02 0.000000000000000000e+00
2.450000000000000000e+04 9.800379240105994150e-02 2.156349567592171224e-01 5.664542558033682784e-01 1.675011379153391045e-01 5.040964952207555722e-02 0.000000000000000000e+00
2.475000000000000000e+04 9.900383109902999301e-02 1.863905325443787064e-01 5.831816112881201830e-01 1.809285389167046010e-01 4.949931725079653733e-02 0.000000000000000000e+00
2.500000000000000000e+04 1.000038697970000445e-01 1.807009558488848477e-01 5.817023213472917176e-01 1.962903959945380139e-01 4.130632680928538608e-02 0.000000000000000000e+00
2.525000000000000000e+04 1.010039084949700960e-01 1.788802913063268218e-01 5.814747382794720476e-01 2.071005917159763343e-01 3.254437869822485174e-02 0.000000000000000000e+00
2.550000000000000000e+04 1.020039471929401476e-01 1.637460172963131622e-01 5.971779699590350488e-01 2.117660446062812896e-01 2.730996813837050646e-02 0.000000000000000000e+00
2.575000000000000000e+04 1.030039858909099770e-01 1.805871643149749572e-01 5.834091943559399640e-01 2.100591715976331264e-01 2.594446973145198010e-02 0.000000000000000000e+00
2.600000000000000000e+04 1.040040245888800285e-01 1.694355939918070209e-01 5.921711424670004220e-01 2.113108784706417831e-01 2.708238507055074976e-02 0.000000000000000000e+00
2.625000000000000000e+04 1.050040632868500801e-01 1.554392353208921274e-01 6.027537551206190169e-01 2.206417842512516936e-01 2.116522530723714129e-02 0.000000000000000000e+00
2.650000000000000000e+04 1.060041019848201316e-01 1.304050978607191602e-01 6.261948111060536837e-01 2.283796085571233592e-01 1.502048247610377786e-02 0.000000000000000000e+00
2.675000000000000000e+04 1.070041406827899610e-01 1.381429221665907980e-01 6.124260355029585989e-01 2.311106053709603980e-01 1.832043695949021542e-02 0.000000000000000000e+00
2.700000000000000000e+04 1.080041793807600126e-01 1.491807009558488717e-01 6.049157942649067143e-01 2.282658170232134687e-01 1.763768775603095224e-02 0.000000000000000000e+00
2.725000000000000000e+04 1.090042180787300641e-01 1.576012744651797970e-01 5.939918070095584479e-01 2.233727810650887602e-01 2.503413746017296368e-02 0.000000000000000000e+00
2.750000000000000000e+04 1.100042567767001156e-01 1.794492489758761911e-01 5.761265361857077494e-01 2.204142011834319403e-01 2.401001365498407064e-02 0.000000000000000000e+00
2.775000000000000000e+04 1.110042954746699451e-01 1.656804733727810786e-01 5.877332726445152478e-01 2.214383249886208438e-01 2.514792899408284030e-02 0.000000000000000000e+00
2.800000000000000000e+04 1.120043341726399966e-01 1.637460172963131622e-01 5.867091488393263443e-01 2.233727810650887602e-01 2.617205279927173334e-02 0.000000000000000000e+00
2.825000000000000000e+04 1.130043728706100481e-01 1.758079198907601393e-01 5.765817023213473114e-01 2.193900773782430647e-01 2.822030040964952288e-02 0.000000000000000000e+00
2.850000000000000000e+04 1.140044115685800996e-01 1.838871187983613931e-01 5.667956304050978389e-01 2.184797451069640517e-01 3.083750568957669552e-02 0.000000000000000000e+00
2.875000000000000000e+04 1.150044502665501511e-01 1.896904870277651423e-01 5.604233045061447482e-01 2.134729176149294527e-01 3.641329085116067066e-02 0.000000000000000000e+00
2.900000000000000000e+04 1.160044889645199806e-01 2.207555757851615841e-01 5.242375967228037892e-01 2.101729631315430169e-01 4.483386436049158208e-02 0.000000000000000000e+00
2.925000000000000000e+04 1.170045276624900321e-01 2.368001820664542567e-01 5.124032771961766208e-01 2.010696404187528319e-01 4.972690031861629750e-02 0.000000000000000000e+00
2.950000000000000000e+04 1.180045663604600836e-01 2.439690487027765253e-01 4.914656349567592120e-01 1.987938097405552995e-01 6.577150659990896320e-02 0.000000000000000000e+00
2.975000000000000000e+04 1.190046050584301351e-01 2.694583522985889990e-01 4.469731451979972459e-01 1.984524351388256835e-01 8.511606736458807165e-02 0.000000000000000000e+00
3.000000000000000000e+04 1.200046437563999646e-01 2.743513882567136797e-01 4.004324078288575284e-01 2.201866181156121871e-01 1.050295857988165632e-01 0.000000000000000000e+00
3.025000000000000000e+04 1.210046824543700161e-01 2.840236686390532617e-01 3.654984069185252538e-01 2.320209376422394110e-01 1.184569868001820597e-01 0.000000000000000000e+00
3.050000000000000000e+04 1.220047211523400676e-01 2.767410104688211026e-01 3.314747382794719921e-01 2.233727810650887602e-01 1.684114701866181174e-01 0.000000000000000000e+00
3.075000000000000000e+04 1.230047598503101192e-01 2.935821574874829532e-01 3.083750568957669413e-01 2.111970869367319203e-01 1.868456986800182129e-01 0.000000000000000000e+00
3.100000000000000000e+04 1.240047985482799486e-01 3.155439235320892100e-01 2.803823395539372099e-01 2.241693218024579104e-01 1.799044151115156975e-01 0.000000000000000000e+00
3.125000000000000000e+04 1.250048372462500001e-01 3.186162949476559203e-01 2.644515248065543722e-01 2.241693218024579104e-01 1.927628584433318248e-01 0.000000000000000000e+00
3.150000000000000000e+04 1.260048759442200517e-01 3.200955848884842747e-01 2.497724169321802468e-01 2.583067819754210070e-01 1.718252162039144160e-01 0.000000000000000000e+00
3.175000000000000000e+04 1.270049146421901032e-01 3.173645880746472359e-01 2.332726445152480677e-01 2.562585343650432557e-01 1.931042330450614408e-01 0.000000000000000000e+00
3.200000000000000000e+04 1.280049533401601547e-01 3.131543013199817871e-01 2.166590805644059980e-01 2.545516613563950648e-01 2.156349567592171224e-01 0.000000000000000000e+00
3.225000000000000000e+04 1.290049920381299842e-01 3.240782885753299980e-01 2.034592626308602548e-01 2.575102412380518846e-01 2.149522075557578626e-01 0.000000000000000000e+00
3.250000000000000000e+04 1.300050307361000357e-01 3.298816568047337472e-01 1.927628584433318248e-01 2.610377787892581014e-01 2.163177059626763821e-01 0.000000000000000000e+00
3.275000000000000000e+04 1.310050694340700872e-01 3.314747382794719921e-01 1.847974510696404060e-01 2.787892580791989094e-01 2.049385525716886647e-01 0.000000000000000000e+00
3.300000000000000000e+04 1.320051081320401387e-01 3.320436959490213891e-01 1.505461993627674189e-01 2.781065088757396220e-01 2.393035958124715423e-01 0.000000000000000000e+00
3.325000000000000000e+04 1.330051468300099682e-01 3.298816568047337472e-01 1.256258534365043145e-01 2.801547564861174289e-01 2.643377332726445372e-01 0.000000000000000000e+00
3.350000000000000000e+04 1.340051855279800197e-01 3.254437869822485174e-01 1.032089212562585373e-01 3.111060537096039802e-01 2.602412380518889234e-01 0.000000000000000000e+00
3.375000000000000000e+04 1.350052242259500712e-01 3.034820209376422606e-01 9.808830223031406170e-02 3.562812926718252338e-01 2.421483841602184717e-01 0.000000000000000000e+00
3.400000000000000000e+04 1.360052629239201227e-01 2.985889849795175244e-01 9.990896677287210148e-02 4.151115157032316816e-01 1.863905325443787064e-01 0.000000000000000000e+00
3.425000000000000000e+04 1.370053016218899522e-01 2.753755120619025831e-01 1.210741920801092358e-01 4.476558944014565333e-01 1.558944014565316338e-01 0.000000000000000000e+00
3.450000000000000000e+04 1.380053403198600037e-01 2.703686845698680119e-01 1.236913973600364119e-01 4.609695038689121671e-01 1.449704142011834229e-01 0.000000000000000000e+00
3.475000000000000000e+04 1.390053790178300552e-01 2.752617205279926926e-01 1.330223031406463363e-01 4.625625853436504120e-01 1.291533909877105035e-01 0.000000000000000000e+00
3.500000000000000000e+04 1.400054177158001067e-01 2.750341374601729671e-01 1.356395084205735124e-01 4.720072826581702130e-01 1.173190714610832935e-01 0.000000000000000000e+00
3.525000000000000000e+04 1.410054564137701583e-01 2.587619481110605135e-01 1.360946745562130189e-01 5.052344105598542967e-01 9.990896677287210148e-02 0.000000000000000000e+00
3.550000000000000000e+04 1.420054951117399877e-01 2.520482476103778069e-01 1.357532999544833752e-01 5.385753299954483264e-01 7.362312243969049153e-02 0.000000000000000000e+00
3.575000000000000000e+04 1.430055338097100393e-01 2.451069640418752915e-01 1.388256713700500578e-01 5.505234410559853853e-01 6.554392353208920996e-02 0.000000000000000000e+00
3.600000000000000000e+04 1.440055725076800908e-01 2.381656804733727761e-01 1.391670459717797015e-01 5.548475193445607800e-01 6.781975421028675621e-02 0.000000000000000000e+00
3.625000000000000000e+04 1.450056112056501423e-01 2.365725989986345035e-01 1.365498406918525254e-01 5.623577605826126646e-01 6.451979972690032039e-02 0.000000000000000000e+00
3.650000000000000000e+04 1.460056499036199718e-01 2.429449248975876219e-01 1.387118798361401950e-01 5.617888029130633232e-01 5.655439235320892238e-02 0.000000000000000000e+00
3.675000000000000000e+04 1.470056886015900233e-01 2.365725989986345035e-01 1.365498406918525254e-01 5.753299954483386269e-01 5.154756486117433034e-02 0.000000000000000000e+00
3.700000000000000000e+04 1.480057272995600748e-01 2.333864360491579304e-01 1.364360491579426626e-01 5.797678652708238012e-01 5.040964952207555722e-02 0.000000000000000000e+00
3.725000000000000000e+04 1.490057659975301263e-01 2.362312243969048597e-01 1.349567592171142527e-01 5.802230314064633632e-01 4.858898497951752438e-02 0.000000000000000000e+00
3.750000000000000000e+04 1.500058046954999558e-01 2.331588529813381772e-01 1.342740100136549930e-01 5.840919435593991960e-01 4.847519344560764776e-02 0.000000000000000000e+00
3.775000000000000000e+04 1.510058433934700073e-01 2.390760127446517891e-01 1.300637232589895442e-01 5.842057350933090865e-01 4.665452890304961492e-02 0.000000000000000000e+00
3.800000000000000000e+04 1.520058820914400588e-01 2.298588984979517413e-01 1.333636777423759801e-01 5.881884387801548097e-01 4.858898497951752438e-02 0.000000000000000000e+00
3.825000000000000000e+04 1.530059207894101103e-01 2.241693218024579104e-01 1.342740100136549930e-01 5.913746017296312996e-01 5.018206645425580398e-02 0.000000000000000000e+00
3.850000000000000000e+04 1.540059594873801618e-01 2.339553937187073274e-01 1.340464269458352398e-01 5.873918980427855763e-01 4.460628129267182190e-02 0.000000000000000000e+00
3.875000000000000000e+04 1.550059981853499913e-01 2.410104688211197055e-01 1.323395539371870766e-01 5.862539827036868934e-01 4.039599453800637313e-02 0.000000000000000000e+00
3.900000000000000000e+04 1.560060368833200428e-01 2.361174328629949970e-01 1.329085116067364458e-01 5.906918525261720676e-01 4.028220300409649651e-02 0.000000000000000000e+00
3.925000000000000000e+04 1.570060755812900943e-01 2.353208921256258468e-01 1.341602184797451025e-01 5.918297678652708615e-01 3.868912152935821691e-02 0.000000000000000000e+00
3.950000000000000000e+04 1.580061142792601458e-01 2.398725534820209393e-01 1.324533454710969393e-01 5.892125625853436022e-01 3.846153846153846367e-02 0.000000000000000000e+00
3.975000000000000000e+04 1.590061529772299753e-01 2.424897587619481154e-01 1.294947655894401473e-01 5.888711879836140417e-01 3.914428766499772339e-02 0.000000000000000000e+00
4.000000000000000000e+04 1.600061916752000268e-01 2.399863450159308020e-01 1.333636777423759801e-01 5.890987710514338227e-01 3.755120619025944378e-02 0.000000000000000000e+00
4.025000000000000000e+04 1.610062303731700784e-01 2.350933090578060936e-01 1.346153846153846090e-01 5.888711879836140417e-01 4.142011834319526964e-02 0.000000000000000000e+00
4.050000000000000000e+04 1.620062690711401299e-01 2.368001820664542567e-01 1.342740100136549930e-01 5.909194355939918486e-01 3.800637232589895026e-02 0.000000000000000000e+00
4.075000000000000000e+04 1.630063077691099593e-01 2.381656804733727761e-01 1.318843878015475701e-01 5.875056895766954668e-01 4.244424214838415921e-02 0.000000000000000000e+00
4.100000000000000000e+04 1.640063464670800109e-01 2.462448793809740577e-01 1.345015930814747462e-01 5.838643604915794150e-01 3.538916704597178109e-02 0.000000000000000000e+00
4.125000000000000000e+04 1.650063851650500624e-01 2.469276285844333174e-01 1.339326354119253493e-01 5.785161583978152278e-01 4.062357760582612637e-02 0.000000000000000000e+00
4.150000000000000000e+04 1.660064238630201139e-01 2.504551661356395065e-01 1.330223031406463363e-01 5.817023213472917176e-01 3.482020937642239106e-02 0.000000000000000000e+00
4.175000000000000000e+04 1.670064625609901654e-01 2.487482931269913433e-01 1.340464269458352398e-01 5.802230314064633632e-01 3.698224852071006069e-02 0.000000000000000000e+00
4.200000000000000000e+04 1.680065012589599949e-01 2.422621756941283622e-01 1.338188438780154865e-01 5.823850705507510606e-01 4.153390987710514626e-02 0.000000000000000000e+00
4.225000000000000000e+04 1.690065399569300464e-01 2.487482931269913433e-01 1.323395539371870766e-01 5.818161128812016081e-01 3.709604005461993731e-02 0.000000000000000000e+00
4.250000000000000000e+04 1.700065786549000979e-01 2.573964497041419941e-01 1.304050978607191602e-01 5.786299499317251183e-01 3.356850250341374825e-02 0.000000000000000000e+00
4.275000000000000000e+04 1.710066173528701494e-01 2.600136549840691980e-01 1.308602639963586667e-01 5.744196631770596140e-01 3.470641784251251444e-02 0.000000000000000000e+00
4.300000000000000000e+04 1.720066560508399789e-01 2.555757851615839682e-01 1.331360946745562268e-01 5.731679563040509295e-01 3.812016385980882688e-02 0.000000000000000000e+00
4.325000000000000000e+04 1.730066947488100304e-01 2.618343195266272239e-01 1.342740100136549930e-01 5.680473372781065233e-01 3.584433318161128756e-02 0.000000000000000000e+00
4.350000000000000000e+04 1.740067334467800819e-01 2.649066909421938787e-01 1.315430131998179264e-01 5.683887118798361948e-01 3.516158397815202785e-02 0.000000000000000000e+00
4.375000000000000000e+04 1.750067721447501334e-01 2.604688211197087044e-01 1.346153846153846090e-01 5.657715065999089354e-01 3.914428766499772339e-02 0.000000000000000000e+00
4.400000000000000000e+04 1.760068108427199629e-01 2.765134274010013771e-01 1.305188893946290507e-01 5.607646791078744197e-01 3.220300409649522189e-02 0.000000000000000000e+00
4.425000000000000000e+04 1.770068495406900144e-01 2.676376877560309731e-01 1.306326809285389134e-01 5.636094674556213491e-01 3.812016385980882688e-02 0.000000000000000000e+00
4.450000000000000000e+04 1.780068882386600659e-01 2.713928083750569153e-01 1.305188893946290507e-01 5.653163404642694845e-01 3.277196176604460498e-02 0.000000000000000000e+00
4.475000000000000000e+04 1.790069269366301175e-01 2.771961766044606090e-01 1.293809740555302568e-01 5.549613108784706705e-01 3.846153846153846367e-02 0.000000000000000000e+00
4.500000000000000000e+04 1.800069656346001690e-01 2.785616750113791285e-01 1.326809285389166926e-01 5.547337278106508895e-01 3.402366863905325473e-02 0.000000000000000000e+00
4.525000000000000000e+04 1.810070043325699984e-01 2.759444697314519801e-01 1.337050523441055960e-01 5.522303140646336317e-01 3.812016385980882688e-02 0.000000000000000000e+00
4.550000000000000000e+04 1.820070430305400500e-01 2.738962221210741732e-01 1.301775147928994070e-01 5.549613108784706705e-01 4.096495220755575623e-02 0.000000000000000000e+00
4.575000000000000000e+04 1.830070817285101015e-01 2.814064633591260578e-01 1.297223486572599005e-01 5.492717341829768118e-01 3.959945380063722986e-02 0.000000000000000000e+00
4.600000000000000000e+04 1.840071204264801530e-01 2.810650887573964418e-01 1.296085571233500100e-01 5.493855257168867023e-01 3.994082840236686666e-02 0.000000000000000000e+00
4.625000000000000000e+04 1.850071591244499825e-01 2.796995903504779224e-01 1.380291306326809353e-01 5.466545289030496635e-01 3.561675011379153433e-02 0.000000000000000000e+00
4.650000000000000000e+04 1.860071978224200340e-01 2.864132908511606845e-01 1.426945835229858905e-01 5.325443786982249073e-01 3.834774692762858705e-02 0.000000000000000000e+00
4.675000000000000000e+04 1.870072365203900855e-01 2.773099681383704995e-01 1.628356850250341492e-01 5.237824305871643382e-01 3.607191624943104080e-02 0.000000000000000000e+00
4.700000000000000000e+04 1.880072752183601370e-01 2.743513882567136797e-01 1.685252617205279801e-01 5.204824761037778469e-01 3.664087391898043083e-02 0.000000000000000000e+00
4.725000000000000000e+04 1.890073139163299665e-01 2.660446062812926726e-01 1.717114246700045532e-01 5.320892125625853453e-01 3.015475648611743234e-02 0.000000000000000000e+00
4.750000000000000000e+04 1.900073526143000180e-01 2.662721893491124536e-01 1.696631770596267741e-01 5.314064633591261133e-01 3.265817023213472836e-02 0.000000000000000000e+00
4.775000000000000000e+04 1.910073913122700695e-01 2.697997269003186149e-01 1.634046426945835184e-01 5.343650432407829332e-01 3.243058716431497512e-02 0.000000000000000000e+00
4.800000000000000000e+04 1.920074300102401210e-01 2.641101502048247562e-01 1.639736003641329154e-01 5.380063723258989850e-01 3.390987710514337811e-02 0.000000000000000000e+00
4.825000000000000000e+04 1.930074687082101725e-01 2.646791078743741532e-01 1.586253982703686727e-01 5.361857077833409591e-01 4.050978607191624975e-02 0.000000000000000000e+00
4.850000000000000000e+04 1.940075074061800020e-01 2.700273099681383959e-01 1.587391898042785632e-01 5.381201638598088755e-01 3.311333636777423484e-02 0.000000000000000000e+00
4.875000000000000000e+04 1.950075461041500535e-01 2.646791078743741532e-01 1.545289030496131144e-01 5.390304961310878884e-01 4.176149294492489950e-02 0.000000000000000000e+00
4.900000000000000000e+04 1.960075848021201050e-01 2.728720983158853253e-01 1.543013199817933612e-01 5.374374146563495325e-01 3.538916704597178109e-02 0.000000000000000000e+00
4.925000000000000000e+04 1.970076235000901566e-01 2.702548930359581214e-01 1.521392808375056915e-01 5.418752844788348177e-01 3.573054164770141095e-02 0.000000000000000000e+00
4.950000000000000000e+04 1.980076621980599860e-01 2.678652708238506985e-01 1.506599908966772816e-01 5.491579426490669213e-01 3.231679563040509851e-02 0.000000000000000000e+00
4.975000000000000000e+04 1.990077008960300375e-01 2.677514792899408080e-01 1.511151570323167881e-01 5.438097405553027341e-01 3.732362312243969055e-02 0.000000000000000000e+00
5.000000000000000000e+04 2.000077395940000891e-01 2.676376877560309731e-01 1.531634046426945950e-01 5.449476558944014171e-01 3.425125170687300796e-02 0.000000000000000000e+00
5.025000000000000000e+04 2.010077782919701406e-01 2.657032316795630567e-01 1.530496131087847045e-01 5.493855257168867023e-01 3.186162949476559203e-02 0.000000000000000000e+00
5.050000000000000000e+04 2.020078169899399700e-01 2.688893946290396020e-01 1.569185252617205373e-01 5.421028675466544877e-01 3.208921256258534527e-02 0.000000000000000000e+00
5.075000000000000000e+04 2.030078556879100216e-01 2.713928083750569153e-01 1.515703231679562946e-01 5.401684114701865713e-01 3.686845698680018407e-02 0.000000000000000000e+00
5.100000000000000000e+04 2.040078943858800731e-01 2.716203914428766408e-01 1.549840691852526209e-01 5.383477469276285454e-01 3.504779244424215123e-02 0.000000000000000000e+00
5.125000000000000000e+04 2.050079330838501246e-01 2.736686390532544477e-01 1.557806099226217433e-01 5.417614929449249273e-01 2.878925807919890598e-02 0.000000000000000000e+00
5.150000000000000000e+04 2.060079717818201761e-01 2.676376877560309731e-01 1.579426490669094130e-01 5.415339098771051463e-01 3.288575329995448160e-02 0.000000000000000000e+00
5.175000000000000000e+04 2.070080104797900056e-01 2.720755575785161473e-01 1.544151115157032239e-01 5.423304506144742687e-01 3.117888029130632538e-02 0.000000000000000000e+00
5.200000000000000000e+04 2.080080491777600571e-01 2.725307237141556538e-01 1.544151115157032239e-01 5.377787892580792040e-01 3.527537551206190447e-02 0.000000000000000000e+00
5.225000000000000000e+04 2.090080878757301086e-01 2.697997269003186149e-01 1.547564861174328676e-01 5.426718252162039402e-01 3.277196176604460498e-02 0.000000000000000000e+00
5.250000000000000000e+04 2.100081265737001601e-01 2.678652708238506985e-01 1.581702321347291662e-01 5.413063268092853653e-01 3.265817023213472836e-02 0.000000000000000000e+00
5.275000000000000000e+04 2.110081652716699896e-01 2.712790168411470249e-01 1.565771506599908935e-01 5.450614474283113076e-01 2.708238507055074976e-02 0.000000000000000000e+00
5.300000000000000000e+04 2.120082039696400411e-01 2.718479745106964218e-01 1.555530268548019901e-01 5.417614929449249273e-01 3.083750568957669552e-02 0.000000000000000000e+00
5.325000000000000000e+04 2.130082426676100926e-01 2.631998179335457433e-01 1.602184797451069731e-01 5.454028220300409791e-01 3.117888029130632538e-02 0.000000000000000000e+00
5.350000000000000000e+04 2.140082813655801441e-01 2.725307237141556538e-01 1.588529813381884259e-01 5.382339553937186549e-01 3.038233955393718558e-02 0.000000000000000000e+00
5.375000000000000000e+04 2.150083200635501957e-01 2.704824761037779024e-01 1.577150659990896597e-01 5.421028675466544877e-01 2.969959035047792587e-02 0.000000000000000000e+00
5.400000000000000000e+04 2.160083587615200251e-01 2.732134729176149412e-01 1.594219390077378229e-01 5.411925352753754748e-01 2.617205279927173334e-02 0.000000000000000000e+00
5.425000000000000000e+04 2.170083974594900766e-01 2.760582612653618706e-01 1.547564861174328676e-01 5.414201183431952558e-01 2.776513427401001294e-02 0.000000000000000000e+00
5.450000000000000000e+04 2.180084361574601282e-01 2.737824305871643382e-01 1.553254437869822369e-01 5.416477014110150368e-01 2.924442421483841592e-02 0.000000000000000000e+00
5.475000000000000000e+04 2.190084748554301797e-01 2.757168866636321991e-01 1.579426490669094130e-01 5.390304961310878884e-01 2.730996813837050646e-02 0.000000000000000000e+00
5.500000000000000000e+04 2.200085135534000091e-01 2.759444697314519801e-01 1.544151115157032239e-01 5.466545289030496635e-01 2.298588984979517413e-02 0.000000000000000000e+00
5.525000000000000000e+04 2.210085522513700607e-01 2.796995903504779224e-01 1.506599908966772816e-01 5.431269913518433912e-01 2.651342740100136666e-02 0.000000000000000000e+00
5.550000000000000000e+04 2.220085909493401122e-01 2.769685935366408835e-01 1.568047337278106468e-01 5.383477469276285454e-01 2.787892580791988956e-02 0.000000000000000000e+00
5.575000000000000000e+04 2.230086296473101637e-01 2.791306326809285254e-01 1.569185252617205373e-01 5.415339098771051463e-01 2.241693218024579104e-02 0.000000000000000000e+00
5.600000000000000000e+04 2.240086683452799932e-01 2.730996813837050508e-01 1.587391898042785632e-01 5.438097405553027341e-01 2.435138825671370050e-02 0.000000000000000000e+00
5.625000000000000000e+04 2.250087070432500447e-01 2.734410559854346667e-01 1.634046426945835184e-01 5.376649977241693135e-01 2.548930359581247015e-02 0.000000000000000000e+00
5.650000000000000000e+04 2.260087457412200962e-01 2.748065543923531862e-01 1.620391442876649990e-01 5.386891215293582169e-01 2.446517979062357712e-02 0.000000000000000000e+00
5.675000000000000000e+04 2.270087844391901477e-01 2.699135184342285054e-01 1.685252617205279801e-01 5.341374601729631522e-01 2.742375967228038308e-02 0.000000000000000000e+00
