# itime ezz other fcc hcp bcc ico
0.000000000000000000e+00 0.000000000000000000e+00 1.024123805188893906e-03 9.989758761948110966e-01 0.000000000000000000e+00 0.000000000000000000e+00 0.000000000000000000e+00
2.500000000000000000e+01 9.999471548547411714e-04 5.689576695493854790e-04 9.994310423304506585e-01 0.000000000000000000e+00 0.000000000000000000e+00 0.000000000000000000e+00
5.000000000000000000e+01 1.999894309709482343e-03 1.137915339098771066e-04 9.998862084660901095e-01 0.000000000000000000e+00 0.000000000000000000e+00 0.000000000000000000e+00
7.500000000000000000e+01 2.999841464564445559e-03 6.827492034592626399e-04 9.993172507965407680e-01 0.000000000000000000e+00 0.000000000000000000e+00 0.000000000000000000e+00
1.000000000000000000e+02 3.999788619419186730e-03 1.137915339098771066e-04 9.998862084660901095e-01 0.000000000000000000e+00 0.000000000000000000e+00 0.000000000000000000e+00
1.250000000000000000e+02 4.999735774273927902e-03 4.551661356395084266e-04 9.995448338643604380e-01 0.000000000000000000e+00 0.000000000000000000e+00 0.000000000000000000e+00
1.500000000000000000e+02 5.999682929128669073e-03 4.551661356395084266e-04 9.995448338643604380e-01 0.000000000000000000e+00 0.000000000000000000e+00 0.000000000000000000e+00
1.750000000000000000e+02 6.999630083983632289e-03 1.024123805188893906e-03 9.989758761948110966e-01 0.000000000000000000e+00 0.000000000000000000e+00 0.000000000000000000e+00
2.000000000000000000e+02 7.999577238838373461e-03 6.827492034592626399e-04 9.993172507965407680e-01 0.000000000000000000e+00 0.000000000000000000e+00 0.000000000000000000e+00
2.250000000000000000e+02 8.999524393693114632e-03 7.965407373691396923e-04 9.992034592626308775e-01 0.000000000000000000e+00 0.000000000000000000e+00 0.000000000000000000e+00
2.500000000000000000e+02 9.999471548547855804e-03 1.365498406918525280e-03 9.986345015930814251e-01 0.000000000000000000e+00 0.000000000000000000e+00 0.000000000000000000e+00
2.750000000000000000e+02 1.099941870340281902e-02 9.103322712790168532e-04 9.990896677287209870e-01 0.000000000000000000e+00 0.000000000000000000e+00 0.000000000000000000e+00
3.000000000000000000e+02 1.199936585825756019e-02 2.617205279927173507e-03 9.973827947200728516e-01 0.000000000000000000e+00 0.000000000000000000e+00 0.000000000000000000e+00
3.250000000000000000e+02 1.299931301311230136e-02 1.137915339098770958e-03 9.988620846609012061e-01 0.000000000000000000e+00 0.000000000000000000e+00 0.000000000000000000e+00
3.500000000000000000e+02 1.399926016796704253e-02 1.137915339098770958e-03 9.987482931269913156e-01 0.000000000000000000e+00 1.137915339098771066e-04 0.000000000000000000e+00
3.750000000000000000e+02 1.499920732282200575e-02 2.730996813837050560e-03 9.972690031861629611e-01 0.000000000000000000e+00 0.000000000000000000e+00 0.000000000000000000e+00
4.000000000000000000e+02 1.599915447767674692e-02 1.706873008648156654e-03 9.981793354574419741e-01 0.000000000000000000e+00 1.137915339098771066e-04 0.000000000000000000e+00
4.250000000000000000e+02 1.699910163253148809e-02 1.593081474738279385e-03 9.984069185252617551e-01 0.000000000000000000e+00 0.000000000000000000e+00 0.000000000000000000e+00
4.500000000000000000e+02 1.799904878738622926e-02 2.617205279927173507e-03 9.973827947200728516e-01 0.000000000000000000e+00 0.000000000000000000e+00 0.000000000000000000e+00
4.750000000000000000e+02 1.899899594224097044e-02 1.593081474738279385e-03 9.984069185252617551e-01 0.000000000000000000e+00 0.000000000000000000e+00 0.000000000000000000e+00
5.000000000000000000e+02 1.999894309709593365e-02 3.072371415566681717e-03 9.969276285844332897e-01 0.000000000000000000e+00 0.000000000000000000e+00 0.000000000000000000e+00
5.250000000000000000e+02 2.099889025195067482e-02 2.048247610377787811e-03 9.979517523896221931e-01 0.000000000000000000e+00 0.000000000000000000e+00 0.000000000000000000e+00
5.500000000000000000e+02 2.199883740680541599e-02 2.730996813837050560e-03 9.972690031861629611e-01 0.000000000000000000e+00 0.000000000000000000e+00 0.000000000000000000e+00
5.750000000000000000e+02 2.299878456166015717e-02 3.868912152935821518e-03 9.959035047792443862e-01 0.000000000000000000e+00 2.275830678197542133e-04 0.000000000000000000e+00
6.000000000000000000e+02 2.399873171651512038e-02 3.982703686845699004e-03 9.959035047792443862e-01 0.000000000000000000e+00 1.137915339098771066e-04 0.000000000000000000e+00
6.250000000000000000e+02 2.499867887136986155e-02 3.641329085116067413e-03 9.962448793809740577e-01 0.000000000000000000e+00 1.137915339098771066e-04 0.000000000000000000e+00
6.500000000000000000e+02 2.599862602622460273e-02 2.162039144287664864e-03 9.977241693218024121e-01 0.000000000000000000e+00 1.137915339098771066e-04 0.000000000000000000e+00
6.750000000000000000e+02 2.699857318107934390e-02 4.665452890304961318e-03 9.953345471096950448e-01 0.000000000000000000e+00 0.000000000000000000e+00 0.000000000000000000e+00
7.000000000000000000e+02 2.799852033593430711e-02 2.275830678197541916e-03 9.973827947200728516e-01 0.000000000000000000e+00 3.413746017296313199e-04 0.000000000000000000e+00
7.250000000000000000e+02 2.899846749078904828e-02 2.958579881656804664e-03 9.970414201183431802e-01 0.000000000000000000e+00 0.000000000000000000e+00 0.000000000000000000e+00
7.500000000000000000e+02 2.999841464564378946e-02 2.844788347746927612e-03 9.971552116522530707e-01 0.000000000000000000e+00 0.000000000000000000e+00 0.000000000000000000e+00
7.750000000000000000e+02 3.099836180049853063e-02 1.137915339098770958e-03 9.987482931269913156e-01 0.000000000000000000e+00 1.137915339098771066e-04 0.000000000000000000e+00
8.000000000000000000e+02 3.199830895535327180e-02 4.665452890304961318e-03 9.951069640418752638e-01 0.000000000000000000e+00 2.275830678197542133e-04 0.000000000000000000e+00
8.250000000000000000e+02 3.299825611020823501e-02 1.934456076467910759e-03 9.979517523896221931e-01 0.000000000000000000e+00 1.137915339098771066e-04 0.000000000000000000e+00
8.500000000000000000e+02 3.399820326506297619e-02 4.893035958124715423e-03 9.951069640418752638e-01 0.000000000000000000e+00 0.000000000000000000e+00 0.000000000000000000e+00
8.750000000000000000e+02 3.499815041991771736e-02 4.324078288575329727e-03 9.956759217114247162e-01 0.000000000000000000e+00 0.000000000000000000e+00 0.000000000000000000e+00
9.000000000000000000e+02 3.599809757477245853e-02 7.510241238051888930e-03 9.921483841602184439e-01 0.000000000000000000e+00 3.413746017296313199e-04 0.000000000000000000e+00
9.250000000000000000e+02 3.699804472962742175e-02 6.599908966772872511e-03 9.932862994993172379e-01 0.000000000000000000e+00 1.137915339098771066e-04 0.000000000000000000e+00
9.500000000000000000e+02 3.799799188448216292e-02 9.444697314519799256e-03 9.902139280837505275e-01 0.000000000000000000e+00 3.413746017296313199e-04 0.000000000000000000e+00
9.750000000000000000e+02 3.899793903933690409e-02 8.192990441511151245e-03 9.918070095584888834e-01 0.000000000000000000e+00 0.000000000000000000e+00 0.000000000000000000e+00
1.000000000000000000e+03 3.999788619419164526e-02 7.282658170232134826e-03 9.924897587619481154e-01 0.000000000000000000e+00 2.275830678197542133e-04 0.000000000000000000e+00
1.025000000000000000e+03 4.099783334904660848e-02 9.217114246700046018e-03 9.906690942193900895e-01 0.000000000000000000e+00 1.137915339098771066e-04 0.000000000000000000e+00
1.050000000000000000e+03 4.199778050390134965e-02 7.282658170232134826e-03 9.923759672280382249e-01 0.000000000000000000e+00 3.413746017296313199e-04 0.000000000000000000e+00
1.075000000000000000e+03 4.299772765875609082e-02 9.899863450159307465e-03 9.899863450159308575e-01 0.000000000000000000e+00 1.137915339098771066e-04 0.000000000000000000e+00
1.100000000000000000e+03 4.399767481361083199e-02 7.851615839781519654e-03 9.919208010923987739e-01 0.000000000000000000e+00 2.275830678197542133e-04 0.000000000000000000e+00
1.125000000000000000e+03 4.499762196846579521e-02 1.103777878925807886e-02 9.883932635411925016e-01 0.000000000000000000e+00 5.689576695493854790e-04 0.000000000000000000e+00
1.150000000000000000e+03 4.599756912332053638e-02 9.899863450159307465e-03 9.897587619481110766e-01 0.000000000000000000e+00 3.413746017296313199e-04 0.000000000000000000e+00
1.175000000000000000e+03 4.699751627817527755e-02 1.160673645880746542e-02 9.877105143377332697e-01 0.000000000000000000e+00 6.827492034592626399e-04 0.000000000000000000e+00
1.200000000000000000e+03 4.799746343303001872e-02 1.376877560309512985e-02 9.856622667273554628e-01 0.000000000000000000e+00 5.689576695493854790e-04 0.000000000000000000e+00
1.225000000000000000e+03 4.899741058788475989e-02 1.172052799271734204e-02 9.874829312699134887e-01 0.000000000000000000e+00 7.965407373691396923e-04 0.000000000000000000e+00
1.250000000000000000e+03 4.999735774273972311e-02 1.445152480655439303e-02 9.849795175238962308e-01 0.000000000000000000e+00 5.689576695493854790e-04 0.000000000000000000e+00
1.275000000000000000e+03 5.099730489759446428e-02 1.445152480655439303e-02 9.848657259899863403e-01 0.000000000000000000e+00 6.827492034592626399e-04 0.000000000000000000e+00
1.300000000000000000e+03 5.199725205244920545e-02 1.604460628129267263e-02 9.833864360491579859e-01 0.000000000000000000e+00 5.689576695493854790e-04 0.000000000000000000e+00
1.325000000000000000e+03 5.299719920730394662e-02 1.445152480655439303e-02 9.847519344560764498e-01 0.000000000000000000e+00 7.965407373691396923e-04 0.000000000000000000e+00
1.350000000000000000e+03 5.399714636215890984e-02 1.729631315430131891e-02 9.821347291761493015e-01 0.000000000000000000e+00 5.689576695493854790e-04 0.000000000000000000e+00
1.375000000000000000e+03 5.499709351701365101e-02 2.230314064633591095e-02 9.765589440145653333e-01 0.000000000000000000e+00 1.137915339098770958e-03 0.000000000000000000e+00
1.400000000000000000e+03 5.599704067186839218e-02 2.105143377332726468e-02 9.782658170232134687e-01 0.000000000000000000e+00 6.827492034592626399e-04 0.000000000000000000e+00
1.425000000000000000e+03 5.699698782672313335e-02 2.093764223941738806e-02 9.786071916249431402e-01 0.000000000000000000e+00 4.551661356395084266e-04 0.000000000000000000e+00
1.450000000000000000e+03 5.799693498157809657e-02 2.332726445152480746e-02 9.761037778789257713e-01 0.000000000000000000e+00 5.689576695493854790e-04 0.000000000000000000e+00
1.475000000000000000e+03 5.899688213643283774e-02 1.968593536640873831e-02 9.796313154301320436e-01 0.000000000000000000e+00 6.827492034592626399e-04 0.000000000000000000e+00
1.500000000000000000e+03 5.999682929128757891e-02 1.763768775603095224e-02 9.816795630405097395e-01 0.000000000000000000e+00 6.827492034592626399e-04 0.000000000000000000e+00
1.525000000000000000e+03 6.099677644614232008e-02 2.913063268092853930e-02 9.693900773782430091e-01 0.000000000000000000e+00 1.479289940828402332e-03 0.000000000000000000e+00
1.550000000000000000e+03 6.199672360099728330e-02 3.265817023213472836e-02 9.658625398270368478e-01 0.000000000000000000e+00 1.479289940828402332e-03 0.000000000000000000e+00
1.575000000000000000e+03 6.299667075585202447e-02 3.174783796085571541e-02 9.663177059626764098e-01 0.000000000000000000e+00 1.934456076467910759e-03 0.000000000000000000e+00
1.600000000000000000e+03 6.399661791070676564e-02 3.095129722348657214e-02 9.673418297678653133e-01 0.000000000000000000e+00 1.706873008648156654e-03 0.000000000000000000e+00
1.625000000000000000e+03 6.499656506556150681e-02 3.254437869822485174e-02 9.658625398270368478e-01 0.000000000000000000e+00 1.593081474738279385e-03 0.000000000000000000e+00
1.650000000000000000e+03 6.599651222041624798e-02 3.220300409649522189e-02 9.656349567592170668e-01 0.000000000000000000e+00 2.162039144287664864e-03 0.000000000000000000e+00
1.675000000000000000e+03 6.699645937527121120e-02 3.026854802002730896e-02 9.674556213017750927e-01 0.000000000000000000e+00 2.275830678197541916e-03 0.000000000000000000e+00
1.700000000000000000e+03 6.799640653012595237e-02 4.164770141101502288e-02 9.560764679107874864e-01 0.000000000000000000e+00 2.275830678197541916e-03 0.000000000000000000e+00
1.725000000000000000e+03 6.899635368498069354e-02 4.187528447883477611e-02 9.566454255803368278e-01 0.000000000000000000e+00 1.479289940828402332e-03 0.000000000000000000e+00
1.750000000000000000e+03 6.999630083983543472e-02 3.413746017296313134e-02 9.643832498862084934e-01 0.000000000000000000e+00 1.479289940828402332e-03 0.000000000000000000e+00
1.775000000000000000e+03 7.099624799469039793e-02 4.904415111515703085e-02 9.490213928083750528e-01 0.000000000000000000e+00 1.934456076467910759e-03 0.000000000000000000e+00
1.800000000000000000e+03 7.199619514954513910e-02 4.779244424214838111e-02 9.499317250796540657e-01 0.000000000000000000e+00 2.275830678197541916e-03 0.000000000000000000e+00
1.825000000000000000e+03 7.299614230439988027e-02 5.223031406463359005e-02 9.439007737824305355e-01 0.000000000000000000e+00 3.868912152935821518e-03 0.000000000000000000e+00
1.850000000000000000e+03 7.399608945925462145e-02 6.690942193900774326e-02 9.293354574419663283e-01 0.000000000000000000e+00 3.755120619025944465e-03 0.000000000000000000e+00
1.875000000000000000e+03 7.499603661410958466e-02 5.382339553937186966e-02 9.411697769685934967e-01 0.000000000000000000e+00 5.006827492034592909e-03 0.000000000000000000e+00
1.900000000000000000e+03 7.599598376896432583e-02 6.941283568502502888e-02 9.258079198907601670e-01 0.000000000000000000e+00 4.779244424214838804e-03 0.000000000000000000e+00
1.925000000000000000e+03 7.699593092381906700e-02 7.851615839781520001e-02 9.151115157032316816e-01 0.000000000000000000e+00 6.372325898953117539e-03 0.000000000000000000e+00
1.950000000000000000e+03 7.799587807867380818e-02 7.965407373691398007e-02 9.135184342284934367e-01 0.000000000000000000e+00 6.827492034592626616e-03 0.000000000000000000e+00
1.975000000000000000e+03 7.899582523352854935e-02 7.988165680473373331e-02 9.152253072371415721e-01 0.000000000000000000e+00 4.893035958124715423e-03 0.000000000000000000e+00
2.000000000000000000e+03 7.999577238838351256e-02 8.022303140646336317e-02 9.146563495675921196e-01 0.000000000000000000e+00 5.120619025944469528e-03 0.000000000000000000e+00
2.025000000000000000e+03 8.099571954323825373e-02 9.501593081474737912e-02 8.948566226672735047e-01 0.000000000000000000e+00 1.012744651797906244e-02 0.000000000000000000e+00
2.050000000000000000e+03 8.199566669809299491e-02 1.041192535275375503e-01 8.864360491579426071e-01 0.000000000000000000e+00 9.444697314519799256e-03 0.000000000000000000e+00
2.075000000000000000e+03 8.299561385294773608e-02 1.101502048247610388e-01 8.784706417842512716e-01 0.000000000000000000e+00 1.137915339098771045e-02 0.000000000000000000e+00
2.100000000000000000e+03 8.399556100780269929e-02 1.289258079198907503e-01 8.583295402822029851e-01 0.000000000000000000e+00 1.274465179790623508e-02 0.000000000000000000e+00
2.125000000000000000e+03 8.499550816265744047e-02 1.261948111060537114e-01 8.620846609012289274e-01 0.000000000000000000e+00 1.172052799271734204e-02 0.000000000000000000e+00
2.150000000000000000e+03 8.599545531751218164e-02 1.387118798361401950e-01 8.486572598998634032e-01 0.000000000000000000e+00 1.263086026399635846e-02 0.000000000000000000e+00
2.175000000000000000e+03 8.699540247236692281e-02 1.561219845243513871e-01 8.287437414656350088e-01 0.000000000000000000e+00 1.513427401001365448e-02 0.000000000000000000e+00
2.200000000000000000e+03 8.799534962722188602e-02 1.577150659990896597e-01 8.247610377787892855e-01 0.000000000000000000e+00 1.752389622212107562e-02 0.000000000000000000e+00
2.225000000000000000e+03 8.899529678207662720e-02 1.648839326354119283e-01 8.152025489303595940e-01 0.000000000000000000e+00 1.991351843422849502e-02 0.000000000000000000e+00
2.250000000000000000e+03 8.999524393693136837e-02 1.786527082385070686e-01 7.950614474283113076e-01 0.000000000000000000e+00 2.628584433318160996e-02 0.000000000000000000e+00
2.275000000000000000e+03 9.099519109178610954e-02 1.928766499772416876e-01 7.757168866636322546e-01 0.000000000000000000e+00 3.140646335912607862e-02 0.000000000000000000e+00
2.300000000000000000e+03 9.199513824664107275e-02 2.189349112426035582e-01 7.411242603550295405e-01 0.000000000000000000e+00 3.994082840236686666e-02 0.000000000000000000e+00
2.325000000000000000e+03 9.299508540149581393e-02 2.255348202093764298e-01 7.308830223031406170e-01 0.000000000000000000e+00 4.358215748748293233e-02 0.000000000000000000e+00
2.350000000000000000e+03 9.399503255635055510e-02 2.399863450159308020e-01 7.024351388256713236e-01 1.137915339098771066e-04 5.746472462448793533e-02 0.000000000000000000e+00
2.375000000000000000e+03 9.499497971120529627e-02 2.634274010013655243e-01 6.766044606281292895e-01 0.000000000000000000e+00 5.996813837050523482e-02 0.000000000000000000e+00
2.400000000000000000e+03 9.599492686606003744e-02 2.680928538916704795e-01 6.626081019572144237e-01 0.000000000000000000e+00 6.929904415111515226e-02 0.000000000000000000e+00
2.425000000000000000e+03 9.699487402091500066e-02 2.980200273099681274e-01 6.159535730541647602e-01 5.689576695493854790e-04 8.545744196631770151e-02 0.000000000000000000e+00
2.450000000000000000e+03 9.799482117576974183e-02 3.065543923532089154e-01 5.881884387801548097e-01 1.365498406918525280e-03 1.038916704597177970e-01 0.000000000000000000e+00
2.475000000000000000e+03 9.899476833062448300e-02 3.218024578971324656e-01 5.415339098771051463e-01 3.186162949476558769e-03 1.334774692762858428e-01 0.000000000000000000e+00
2.500000000000000000e+03 9.999471548547922417e-02 3.381884387801547542e-01 5.076240327719617751e-01 4.210286754665453109e-03 1.499772416932180219e-01 0.000000000000000000e+00
2.525000000000000000e+03 1.009946626403341874e-01 3.666363222576240477e-01 4.550523441055985274e-01 4.437869822485207214e-03 1.738734638142922229e-01 0.000000000000000000e+00
2.550000000000000000e+03 1.019946097951889286e-01 3.822257624032772139e-01 4.261492944924897830e-01 4.665452890304961318e-03 1.869594902139280757e-01 0.000000000000000000e+00
2.575000000000000000e+03 1.029945569500436697e-01 3.819981793354574329e-01 4.058944014565316616e-01 7.737824305871643035e-03 2.043695949021392677e-01 0.000000000000000000e+00
2.600000000000000000e+03 1.039945041048984109e-01 3.921256258534365213e-01 3.801775147928994070e-01 9.899863450159307465e-03 2.177969959035047920e-01 0.000000000000000000e+00
2.625000000000000000e+03 1.049944512597533741e-01 3.954255803368229572e-01 3.627674101046882149e-01 1.285844333181611343e-02 2.289485662266727284e-01 0.000000000000000000e+00
2.650000000000000000e+03 1.059943984146081153e-01 4.076012744651797970e-01 3.462676376877560358e-01 1.638598088302230249e-02 2.297451069640418786e-01 0.000000000000000000e+00
2.675000000000000000e+03 1.069943455694628565e-01 3.961083295402821891e-01 3.361401911697769473e-01 2.184797451069640448e-02 2.459035047792444140e-01 0.000000000000000000e+00
2.700000000000000000e+03 1.079942927243175976e-01 4.037323623122439642e-01 3.237369139736003820e-01 1.923076923076923184e-02 2.532999544833864358e-01 0.000000000000000000e+00
2.725000000000000000e+03 1.089942398791725608e-01 4.103322712790168358e-01 3.006372325898953313e-01 1.979972690031861493e-02 2.692307692307692180e-01 0.000000000000000000e+00
2.750000000000000000e+03 1.099941870340273020e-01 4.156804733727810786e-01 2.856167501137915066e-01 2.025489303595812488e-02 2.784478834774692935e-01 0.000000000000000000e+00
2.775000000000000000e+03 1.109941341888820432e-01 4.250113791533909890e-01 2.666135639508420696e-01 2.355484751934456070e-02 2.848202093764223841e-01 0.000000000000000000e+00
2.800000000000000000e+03 1.119940813437367844e-01 4.144287664997723941e-01 2.628584433318161273e-01 3.072371415566681890e-02 2.919890760127446527e-01 0.000000000000000000e+00
2.825000000000000000e+03 1.129940284985915255e-01 4.228493400091033472e-01 2.527309968138370389e-01 3.004096495220755572e-02 2.943786982248520756e-01 0.000000000000000000e+00
2.850000000000000000e+03 1.139939756534464887e-01 4.365043240782885969e-01 2.445380063723258945e-01 3.208921256258534527e-02 2.868684569868001910e-01 0.000000000000000000e+00
2.875000000000000000e+03 1.149939228083012299e-01 4.237596722803823601e-01 2.402139280837505553e-01 3.686845698680018407e-02 2.991579426490669213e-01 0.000000000000000000e+00
2.900000000000000000e+03 1.159938699631559711e-01 4.275147928994083024e-01 2.330450614474283144e-01 4.289940828402366568e-02 2.965407373691397175e-01 0.000000000000000000e+00
2.925000000000000000e+03 1.169938171180107123e-01 4.361629494765589254e-01 2.237141556668183762e-01 4.483386436049158208e-02 2.952890304961310886e-01 0.000000000000000000e+00
2.950000000000000000e+03 1.179937642728656755e-01 4.142011834319526686e-01 2.361174328629949970e-01 5.097860719162494031e-02 2.987027765134274149e-01 0.000000000000000000e+00
2.975000000000000000e+03 1.189937114277204167e-01 4.363905325443787064e-01 2.196176604460628179e-01 5.018206645425580398e-02 2.938097405553026786e-01 0.000000000000000000e+00
3.000000000000000000e+03 1.199936585825751578e-01 4.307009558488848477e-01 2.204142011834319403e-01 5.689576695493855224e-02 2.919890760127446527e-01 0.000000000000000000e+00
3.025000000000000000e+03 1.209936057374298990e-01 4.346836595357305155e-01 2.077833409194355940e-01 5.530268548020027264e-02 3.022303140646335762e-01 0.000000000000000000e+00
3.050000000000000000e+03 1.219935528922848622e-01 4.368456986800182129e-01 2.050523441055985552e-01 5.587164314974965573e-02 3.022303140646335762e-01 0.000000000000000000e+00
3.075000000000000000e+03 1.229935000471396034e-01 4.550523441055985274e-01 1.966317705962676299e-01 5.837505689576695522e-02 2.899408284023668458e-01 0.000000000000000000e+00
3.100000000000000000e+03 1.239934472019943446e-01 4.614246700045516736e-01 1.977696859353663961e-01 6.611288120163859305e-02 2.746927628584433512e-01 0.000000000000000000e+00
3.125000000000000000e+03 1.249933943568490857e-01 4.589212562585343602e-01 1.960628129267182607e-01 6.884387801547564578e-02 2.761720527992717611e-01 0.000000000000000000e+00
3.150000000000000000e+03 1.259933415117040489e-01 4.710969503868912001e-01 1.898042785616750050e-01 7.658170232134729749e-02 2.625170687300864558e-01 0.000000000000000000e+00
3.175000000000000000e+03 1.269932886665587901e-01 4.747382794720073074e-01 1.933318161128811941e-01 7.737824305871643382e-02 2.545516613563950648e-01 0.000000000000000000e+00
3.200000000000000000e+03 1.279932358214135313e-01 4.748520710059171424e-01 1.772872098315885214e-01 7.692307692307692735e-02 2.709376422394174089e-01 0.000000000000000000e+00
3.225000000000000000e+03 1.289931829762682725e-01 4.732589895311788974e-01 1.759217114246700020e-01 8.045061447428311641e-02 2.703686845698680119e-01 0.000000000000000000e+00
3.250000000000000000e+03 1.299931301311230136e-01 4.716659080564405970e-01 1.794492489758761911e-01 8.534365043240782489e-02 2.635411925352753593e-01 0.000000000000000000e+00
3.275000000000000000e+03 1.309930772859779768e-01 4.937414656349567443e-01 1.637460172963131622e-01 8.591260810195720798e-02 2.565999089667728716e-01 0.000000000000000000e+00
3.300000000000000000e+03 1.319930244408327180e-01 4.970414201183431802e-01 1.576012744651797970e-01 8.875739644970413733e-02 2.565999089667728716e-01 0.000000000000000000e+00
3.325000000000000000e+03 1.329929715956874592e-01 5.081929904415111166e-01 1.491807009558488717e-01 9.615384615384615918e-02 2.464724624487938109e-01 0.000000000000000000e+00
3.350000000000000000e+03 1.339929187505422004e-01 4.969276285844333452e-01 1.497496586253982687e-01 9.604005461993628257e-02 2.572826581702321591e-01 0.000000000000000000e+00
3.375000000000000000e+03 1.349928659053971636e-01 5.002275830678197810e-01 1.445152480655439164e-01 9.683659535730541890e-02 2.584205735093308975e-01 0.000000000000000000e+00
3.400000000000000000e+03 1.359928130602519047e-01 5.091033227127901295e-01 1.381429221665907980e-01 1.004779244424214846e-01 2.522758306781975324e-01 0.000000000000000000e+00
3.425000000000000000e+03 1.369927602151066459e-01 5.320892125625853453e-01 1.319981793354574329e-01 9.922621756941284177e-02 2.366863905325443662e-01 0.000000000000000000e+00
3.450000000000000000e+03 1.379927073699613871e-01 5.185480200273099305e-01 1.321119708693673234e-01 1.035502958579881672e-01 2.457897132453345512e-01 0.000000000000000000e+00
3.475000000000000000e+03 1.389926545248163503e-01 5.236686390532544477e-01 1.272189349112426149e-01 1.032089212562585373e-01 2.459035047792444140e-01 0.000000000000000000e+00
3.500000000000000000e+03 1.399926016796710915e-01 5.169549385525716856e-01 1.234638142922166587e-01 1.002503413746017313e-01 2.593309057806099105e-01 0.000000000000000000e+00
3.525000000000000000e+03 1.409925488345258326e-01 5.168411470186617951e-01 1.233500227583067821e-01 1.029813381884387841e-01 2.568274920345926526e-01 0.000000000000000000e+00
3.550000000000000000e+03 1.419924959893805738e-01 5.178652708238506985e-01 1.164087391898042806e-01 1.003641329085116080e-01 2.653618570778333852e-01 0.000000000000000000e+00
3.575000000000000000e+03 1.429924431442353150e-01 5.267410104688211581e-01 1.111743286299499284e-01 9.888484296768319803e-02 2.631998179335457433e-01 0.000000000000000000e+00
3.600000000000000000e+03 1.439923902990902782e-01 5.344788347746927126e-01 1.049157942649066866e-01 1.067364588074647264e-01 2.538689121529358328e-01 0.000000000000000000e+00
3.625000000000000000e+03 1.449923374539450194e-01 5.382339553937186549e-01 1.050295857988165632e-01 1.074192080109239861e-01 2.493172507965407403e-01 0.000000000000000000e+00
3.650000000000000000e+03 1.459922846087997605e-01 5.376649977241693135e-01 9.831588529813381494e-02 1.096950386891215323e-01 2.543240782885753393e-01 0.000000000000000000e+00
3.675000000000000000e+03 1.469922317636545017e-01 5.432407828857532817e-01 9.262630860263997012e-02 1.116294947655894348e-01 2.525034137460173134e-01 0.000000000000000000e+00
3.700000000000000000e+03 1.479921789185094649e-01 5.566681838871188059e-01 8.875739644970413733e-02 1.143604915794264876e-01 2.402139280837505553e-01 0.000000000000000000e+00
3.725000000000000000e+03 1.489921260733642061e-01 5.705507510241237812e-01 8.807464724624487762e-02 1.260810195721438209e-01 2.152935821574874786e-01 0.000000000000000000e+00
3.750000000000000000e+03 1.499920732282189473e-01 5.634956759217114586e-01 8.431952662721893532e-02 1.260810195721438209e-01 2.261037778789257990e-01 0.000000000000000000e+00
3.775000000000000000e+03 1.509920203830736884e-01 5.584888484296768318e-01 8.352298588984979899e-02 1.269913518434228616e-01 2.309968138370505353e-01 0.000000000000000000e+00
3.800000000000000000e+03 1.519919675379286517e-01 5.545061447428311086e-01 8.090578060992262288e-02 1.279016841147018746e-01 2.366863905325443662e-01 0.000000000000000000e+00
3.825000000000000000e+03 1.529919146927833928e-01 5.630405097860718966e-01 7.999544833864360993e-02 1.383705052344105513e-01 2.185935366408739144e-01 0.000000000000000000e+00
3.850000000000000000e+03 1.539918618476381340e-01 5.818161128812016081e-01 7.624032771961765376e-02 1.396222121074192080e-01 2.023213472917614886e-01 0.000000000000000000e+00
3.875000000000000000e+03 1.549918090024928752e-01 5.754437869822485174e-01 7.919890760127445972e-02 1.423532089212562468e-01 2.030040964952207483e-01 0.000000000000000000e+00
3.900000000000000000e+03 1.559917561573478384e-01 5.640646335912608000e-01 7.498862084660901095e-02 1.472462448793809831e-01 2.137005006827492060e-01 0.000000000000000000e+00
3.925000000000000000e+03 1.569917033122025796e-01 5.823850705507510606e-01 7.441966317705962786e-02 1.492944924897587622e-01 1.939007737824305910e-01 0.000000000000000000e+00
3.950000000000000000e+03 1.579916504670573207e-01 5.843195266272189770e-01 7.942649066909421296e-02 1.513427401001365413e-01 1.849112426035502965e-01 0.000000000000000000e+00
3.975000000000000000e+03 1.589915976219120619e-01 6.010468821119708815e-01 7.521620391442876419e-02 1.511151570323167881e-01 1.726217569412835662e-01 0.000000000000000000e+00
4.000000000000000000e+03 1.599915447767668031e-01 5.851160673645880994e-01 7.066454255803368556e-02 1.550978607191624836e-01 1.891215293582157453e-01 0.000000000000000000e+00
4.025000000000000000e+03 1.609914919316217663e-01 5.936504324078288874e-01 6.986800182066454923e-02 1.556668183887118806e-01 1.808147473827947105e-01 0.000000000000000000e+00
4.050000000000000000e+03 1.619914390864765075e-01 6.037778789258079204e-01 6.952662721893490549e-02 1.591943559399180697e-01 1.675011379153391045e-01 0.000000000000000000e+00
4.075000000000000000e+03 1.629913862413312486e-01 6.045744196631770428e-01 6.736458807464724974e-02 1.648839326354119283e-01 1.631770596267637652e-01 0.000000000000000000e+00
4.100000000000000000e+03 1.639913333961859898e-01 6.077605826126536437e-01 6.690942193900774326e-02 1.745562130177514826e-01 1.507737824305871721e-01 0.000000000000000000e+00
4.125000000000000000e+03 1.649912805510409530e-01 6.079881656804734247e-01 7.066454255803368556e-02 1.762630860263996457e-01 1.450842057350933134e-01 0.000000000000000000e+00
4.150000000000000000e+03 1.659912277058956942e-01 6.082157487482930946e-01 6.827492034592626269e-02 1.767182521620391522e-01 1.467910787437414766e-01 0.000000000000000000e+00
4.175000000000000000e+03 1.669911748607504354e-01 5.984296768320437332e-01 7.157487482931269851e-02 1.771734182976786587e-01 1.528220300409649512e-01 0.000000000000000000e+00
4.200000000000000000e+03 1.679911220156051765e-01 6.102639963586709015e-01 7.020937642239417908e-02 1.785389167045971781e-01 1.409877105143377274e-01 0.000000000000000000e+00
4.225000000000000000e+03 1.689910691704601398e-01 6.098088302230314506e-01 7.339553937187073829e-02 1.865043240782885692e-01 1.302913063268092975e-01 0.000000000000000000e+00
4.250000000000000000e+03 1.699910163253148809e-01 6.057123350022758368e-01 7.111970869367319203e-02 1.880974055530268418e-01 1.350705507510241155e-01 0.000000000000000000e+00
4.275000000000000000e+03 1.709909634801696221e-01 6.068502503413746307e-01 7.339553937187073829e-02 1.933318161128811941e-01 1.264223941738734647e-01 0.000000000000000000e+00
4.300000000000000000e+03 1.719909106350243633e-01 6.136777423759672834e-01 7.077833409194356218e-02 1.895766954938552518e-01 1.259672280382339582e-01 0.000000000000000000e+00
4.325000000000000000e+03 1.729908577898793265e-01 6.170914883932635542e-01 7.009558488848430247e-02 1.886663632225762388e-01 1.241465634956759184e-01 0.000000000000000000e+00
4.350000000000000000e+03 1.739908049447340677e-01 6.159535730541647602e-01 7.077833409194356218e-02 1.858215748748293095e-01 1.274465179790623681e-01 0.000000000000000000e+00
4.375000000000000000e+03 1.749907520995888088e-01 6.288120163859808320e-01 7.100591715976331542e-02 1.877560309512972259e-01 1.124260355029585851e-01 0.000000000000000000e+00
4.400000000000000000e+03 1.759906992544435500e-01 6.266499772416932457e-01 7.077833409194356218e-02 1.853664087391898030e-01 1.172052799271734169e-01 0.000000000000000000e+00
4.425000000000000000e+03 1.769906464092982912e-01 6.208466090122894965e-01 7.305416477014110843e-02 1.882111970869367323e-01 1.178880291306326766e-01 0.000000000000000000e+00
4.450000000000000000e+03 1.779905935641532544e-01 6.301775147928994070e-01 7.134729176149294527e-02 1.862767410104688159e-01 1.121984524351388318e-01 0.000000000000000000e+00
4.475000000000000000e+03 1.789905407190079956e-01 6.264223941738734647e-01 7.077833409194356218e-02 1.888939462903959920e-01 1.139053254437869811e-01 0.000000000000000000e+00
4.500000000000000000e+03 1.799904878738627367e-01 6.352981338188439242e-01 7.248520710059171146e-02 1.886663632225762388e-01 1.035502958579881672e-01 0.000000000000000000e+00
4.525000000000000000e+03 1.809904350287174779e-01 6.357532999544833752e-01 7.282658170232134132e-02 1.892353208921256358e-01 1.021847974510696339e-01 0.000000000000000000e+00
4.550000000000000000e+03 1.819903821835724411e-01 6.365498406918524976e-01 6.986800182066454923e-02 1.941283568502503443e-01 9.945380063723259501e-02 0.000000000000000000e+00
4.575000000000000000e+03 1.829903293384271823e-01 6.401911697769685494e-01 7.248520710059171146e-02 1.862767410104688159e-01 1.010468821119708677e-01 0.000000000000000000e+00
4.600000000000000000e+03 1.839902764932819235e-01 6.306326809285389690e-01 7.487482931269913433e-02 1.899180700955848955e-01 1.045744196631770567e-01 0.000000000000000000e+00
4.625000000000000000e+03 1.849902236481366646e-01 6.388256713700500855e-01 7.294037323623121793e-02 1.912835685025034149e-01 9.695038689121529552e-02 0.000000000000000000e+00
4.650000000000000000e+03 1.859901708029916279e-01 6.444014565316340537e-01 6.975421028675465873e-02 1.855939918070095562e-01 1.002503413746017313e-01 0.000000000000000000e+00
4.675000000000000000e+03 1.869901179578463690e-01 6.512289485662267063e-01 6.884387801547564578e-02 1.853664087391898030e-01 9.456076467910787264e-02 0.000000000000000000e+00
4.700000000000000000e+03 1.879900651127011102e-01 6.431497496586253693e-01 6.873008648156576916e-02 1.928766499772416876e-01 9.524351388256713236e-02 0.000000000000000000e+00
4.725000000000000000e+03 1.889900122675558514e-01 6.451979972690031762e-01 6.850250341374601593e-02 1.951524806554392477e-01 9.114701866181156020e-02 0.000000000000000000e+00
4.750000000000000000e+03 1.899899594224105925e-01 6.484979517523896675e-01 7.020937642239417908e-02 1.931042330450614408e-01 8.818843878015475424e-02 0.000000000000000000e+00
4.775000000000000000e+03 1.909899065772655558e-01 6.494082840236686804e-01 6.873008648156576916e-02 1.918525261720528119e-01 9.000910332271279402e-02 0.000000000000000000e+00
4.800000000000000000e+03 1.919898537321202969e-01 6.563495675921711126e-01 7.089212562585343880e-02 1.924214838416021811e-01 8.033682294037323979e-02 0.000000000000000000e+00
4.825000000000000000e+03 1.929898008869750381e-01 6.483841602184797770e-01 7.032316795630405570e-02 1.924214838416021811e-01 8.887118798361401395e-02 0.000000000000000000e+00
4.850000000000000000e+03 1.939897480418297793e-01 6.531634046426946227e-01 6.713700500682749650e-02 1.917387346381429214e-01 8.796085571233500100e-02 0.000000000000000000e+00
4.875000000000000000e+03 1.949896951966847425e-01 6.565771506599908935e-01 7.328174783796086167e-02 1.883249886208466228e-01 8.181611288120163583e-02 0.000000000000000000e+00
4.900000000000000000e+03 1.959896423515394837e-01 6.588529813381884814e-01 6.941283568502502888e-02 1.863905325443787064e-01 8.534365043240782489e-02 0.000000000000000000e+00
4.925000000000000000e+03 1.969895895063942248e-01 6.548702776513427581e-01 6.941283568502502888e-02 1.927628584433318248e-01 8.295402822030041590e-02 0.000000000000000000e+00
4.950000000000000000e+03 1.979895366612489660e-01 6.606736458807465073e-01 6.759217114246700298e-02 1.878698224852070886e-01 8.375056895766955223e-02 1.137915339098771066e-04
4.975000000000000000e+03 1.989894838161039292e-01 6.583978152025489194e-01 6.622667273554846967e-02 1.910559854346836617e-01 8.431952662721893532e-02 0.000000000000000000e+00
5.000000000000000000e+03 1.999894309709586704e-01 6.581702321347291385e-01 6.793354574419663283e-02 1.920801092398725651e-01 8.170232134729175921e-02 1.137915339098771066e-04
5.025000000000000000e+03 2.009893781258134116e-01 6.588529813381884814e-01 7.066454255803368556e-02 1.960628129267182607e-01 7.441966317705962786e-02 0.000000000000000000e+00
5.050000000000000000e+03 2.019893252806681527e-01 6.654528903049613531e-01 6.918525261720527564e-02 1.937869822485207005e-01 7.157487482931269851e-02 0.000000000000000000e+00
5.075000000000000000e+03 2.029892724355231159e-01 6.639736003641328876e-01 7.100591715976331542e-02 1.883249886208466228e-01 7.658170232134729749e-02 1.137915339098771066e-04
5.100000000000000000e+03 2.039892195903778571e-01 6.654528903049613531e-01 7.123350022758306865e-02 1.907146108329540179e-01 7.259899863450158808e-02 0.000000000000000000e+00
5.125000000000000000e+03 2.049891667452325983e-01 6.657942649066909135e-01 7.339553937187073829e-02 1.886663632225762388e-01 7.214383249886208160e-02 0.000000000000000000e+00
5.150000000000000000e+03 2.059891139000873395e-01 6.673873463814292695e-01 7.316795630405098505e-02 1.898042785616750050e-01 6.952662721893490549e-02 1.137915339098771066e-04
5.175000000000000000e+03 2.069890610549420806e-01 6.609012289485661773e-01 7.430587164314975124e-02 1.945835229858898507e-01 7.020937642239417908e-02 0.000000000000000000e+00
5.200000000000000000e+03 2.079890082097970438e-01 6.684114701866180619e-01 7.510241238051888757e-02 1.970869367319071364e-01 5.939918070095585173e-02 0.000000000000000000e+00
5.225000000000000000e+03 2.089889553646517850e-01 6.694355939918069653e-01 7.419208010923987462e-02 1.941283568502503443e-01 6.213017751479289752e-02 1.137915339098771066e-04
5.250000000000000000e+03 2.099889025195065262e-01 6.733045061447427981e-01 6.816112881201638607e-02 2.005006827492034627e-01 5.803368229403732537e-02 0.000000000000000000e+00
5.275000000000000000e+03 2.109888496743612674e-01 6.694355939918069653e-01 7.066454255803368556e-02 2.011834319526627224e-01 5.871643149749658508e-02 0.000000000000000000e+00
5.300000000000000000e+03 2.119887968292162306e-01 6.713700500682748817e-01 6.656804733727811341e-02 1.999317250796540657e-01 6.213017751479289752e-02 0.000000000000000000e+00
5.325000000000000000e+03 2.129887439840709717e-01 6.677287209831588299e-01 6.975421028675465873e-02 2.006144742831133254e-01 6.190259444697314428e-02 0.000000000000000000e+00
5.350000000000000000e+03 2.139886911389257129e-01 6.687528447883477334e-01 7.191624943104232837e-02 1.998179335457442030e-01 5.951297223486572835e-02 0.000000000000000000e+00
5.375000000000000000e+03 2.149886382937804541e-01 6.769458352298588499e-01 6.986800182066454923e-02 1.953800637232590010e-01 5.780609922621757213e-02 0.000000000000000000e+00
5.400000000000000000e+03 2.159885854486354173e-01 6.797906235776057793e-01 6.634046426945834629e-02 1.976558944014565333e-01 5.609922621756941591e-02 1.137915339098771066e-04
5.425000000000000000e+03 2.169885326034901585e-01 6.770596267637687404e-01 6.827492034592626269e-02 1.998179335457442030e-01 5.484751934456076616e-02 0.000000000000000000e+00
5.450000000000000000e+03 2.179884797583448997e-01 6.728493400091033472e-01 6.884387801547564578e-02 2.043695949021392677e-01 5.393718707328174627e-02 0.000000000000000000e+00
5.475000000000000000e+03 2.189884269131996408e-01 6.703459262630859783e-01 6.838871187983613931e-02 2.049385525716886647e-01 5.621301775147929253e-02 1.137915339098771066e-04
5.500000000000000000e+03 2.199883740680546040e-01 6.764906690942193990e-01 6.656804733727811341e-02 2.019799726900318726e-01 5.496131087847064278e-02 0.000000000000000000e+00
5.525000000000000000e+03 2.209883212229093452e-01 6.804733727810651223e-01 6.690942193900774326e-02 1.992489758761948060e-01 5.336822940373236318e-02 0.000000000000000000e+00
5.550000000000000000e+03 2.219882683777640864e-01 6.851388256713700775e-01 6.656804733727811341e-02 1.959490213928083702e-01 5.234410559854346667e-02 0.000000000000000000e+00
5.575000000000000000e+03 2.229882155326188276e-01 6.793354574419663283e-01 6.679563040509786664e-02 1.962903959945380139e-01 5.757851615839781195e-02 0.000000000000000000e+00
5.600000000000000000e+03 2.239881626874735687e-01 6.808147473827946827e-01 6.429221665908056715e-02 1.977696859353663961e-01 5.712335002275830548e-02 0.000000000000000000e+00
5.625000000000000000e+03 2.249881098423285319e-01 6.812699135184342447e-01 6.668183887118799003e-02 1.970869367319071364e-01 5.496131087847064278e-02 0.000000000000000000e+00
5.650000000000000000e+03 2.259880569971832731e-01 6.786527082385070964e-01 6.895766954938552240e-02 2.017523896222121194e-01 5.063723258989531045e-02 0.000000000000000000e+00
5.675000000000000000e+03 2.269880041520380143e-01 6.837733272644515026e-01 6.827492034592626269e-02 1.987938097405552995e-01 4.915794264906690747e-02 0.000000000000000000e+00
