# itime ezz other fcc hcp bcc ico
0.000000000000000000e+00 0.000000000000000000e+00 1.820664542558033706e-03 9.981793354574419741e-01 0.000000000000000000e+00 0.000000000000000000e+00 0.000000000000000000e+00
3.000000000000000000e+01 1.200005772745660337e-02 7.965407373691396923e-04 9.992034592626308775e-01 0.000000000000000000e+00 0.000000000000000000e+00 0.000000000000000000e+00
6.000000000000000000e+01 2.400011545491320675e-02 1.479289940828402332e-03 9.985207100591716456e-01 0.000000000000000000e+00 0.000000000000000000e+00 0.000000000000000000e+00
9.000000000000000000e+01 3.600017318236981012e-02 3.527537551206190360e-03 9.962448793809740577e-01 0.000000000000000000e+00 2.275830678197542133e-04 0.000000000000000000e+00
1.200000000000000000e+02 4.800023090982641349e-02 8.079198907601274626e-03 9.918070095584888834e-01 0.000000000000000000e+00 1.137915339098771066e-04 0.000000000000000000e+00
1.500000000000000000e+02 6.000028863728301687e-02 2.036868456986800149e-02 9.786071916249431402e-01 0.000000000000000000e+00 1.024123805188893906e-03 0.000000000000000000e+00
1.800000000000000000e+02 7.200034636473962024e-02 3.720983158852981393e-02 9.611970869367318926e-01 0.000000000000000000e+00 1.593081474738279385e-03 0.000000000000000000e+00
2.100000000000000000e+02 8.400040409219622362e-02 7.567137005006827066e-02 9.202321347291761988e-01 0.000000000000000000e+00 4.096495220755575623e-03 0.000000000000000000e+00
2.400000000000000000e+02 9.600046181965282699e-02 1.352981338188438687e-01 8.552571688666362748e-01 0.000000000000000000e+00 9.444697314519799256e-03 0.000000000000000000e+00
2.700000000000000000e+02 1.080005195471094304e-01 2.238279472007282667e-01 7.584205735093308975e-01 0.000000000000000000e+00 1.775147928994082885e-02 0.000000000000000000e+00
3.000000000000000000e+02 1.200005772745662558e-01 3.797223486572599005e-01 5.840919435593991960e-01 2.275830678197542133e-04 3.595812471552116418e-02 0.000000000000000000e+00
3.300000000000000000e+02 1.320006350020228592e-01 5.199135184342285054e-01 4.127218934911242587e-01 9.103322712790168532e-04 6.645425580336822291e-02 0.000000000000000000e+00
3.600000000000000000e+02 1.440006927294794625e-01 6.562357760582612221e-01 2.333864360491579304e-01 5.234410559854347014e-03 1.051433773327264398e-01 0.000000000000000000e+00
3.900000000000000000e+02 1.560007504569360659e-01 7.370277651342740377e-01 1.219845243513882627e-01 7.737824305871643035e-03 1.332498862084660896e-01 0.000000000000000000e+00
4.200000000000000000e+02 1.680008081843926693e-01 7.686618115612198210e-01 6.895766954938552240e-02 1.411015020482476144e-02 1.482703686845698587e-01 0.000000000000000000e+00
4.500000000000000000e+02 1.800008659118492726e-01 7.963131543013199920e-01 4.324078288575330248e-02 2.332726445152480746e-02 1.371187983614019223e-01 0.000000000000000000e+00
4.800000000000000000e+02 1.920009236393058760e-01 8.288575329995447882e-01 3.117888029130632538e-02 2.719617660446062984e-02 1.127674101046882149e-01 0.000000000000000000e+00
5.100000000000000000e+02 2.040009813667624794e-01 8.665225307237141017e-01 2.446517979062357712e-02 2.867546654528902936e-02 8.033682294037323979e-02 0.000000000000000000e+00
5.400000000000000000e+02 2.160010390942190828e-01 8.909877105143377829e-01 1.934456076467910846e-02 2.685480200273099652e-02 6.281292671825215723e-02 0.000000000000000000e+00
5.700000000000000000e+02 2.280010968216756861e-01 9.114701866181156298e-01 1.797906235776058209e-02 2.560309512972235024e-02 4.494765589440145870e-02 0.000000000000000000e+00
6.000000000000000000e+02 2.400011545491322895e-01 9.268320436959490705e-01 1.604460628129267263e-02 2.389622212107419055e-02 3.311333636777423484e-02 1.137915339098771066e-04
6.300000000000000000e+02 2.520012122765888929e-01 9.363905325443786509e-01 1.706873008648156567e-02 2.184797451069640448e-02 2.469276285844333035e-02 0.000000000000000000e+00
6.600000000000000000e+02 2.640012700040454963e-01 9.452662721893491105e-01 1.558944014565316269e-02 1.888939462903959851e-02 2.014110150204824826e-02 1.137915339098771066e-04
6.900000000000000000e+02 2.760013277315020996e-01 9.509558488848429691e-01 1.456531634046426965e-02 1.843422849340009204e-02 1.604460628129267263e-02 0.000000000000000000e+00
7.200000000000000000e+02 2.880013854589587030e-01 9.585798816568047442e-01 1.160673645880746542e-02 1.786527082385070547e-02 1.183431952662721866e-02 1.137915339098771066e-04
7.500000000000000000e+02 3.000014431864153064e-01 9.611970869367318926e-01 1.069640418752844727e-02 1.718252162039144229e-02 1.092398725534820224e-02 0.000000000000000000e+00
7.800000000000000000e+02 3.120015009138719098e-01 9.632453345471096995e-01 1.194811106053709528e-02 1.718252162039144229e-02 7.510241238051888930e-03 1.137915339098771066e-04
8.100000000000000000e+02 3.240015586413285131e-01 9.662039144287665193e-01 8.306781975421027864e-03 1.706873008648156567e-02 8.420573509330906217e-03 0.000000000000000000e+00
8.400000000000000000e+02 3.360016163687851165e-01 9.707555757851615841e-01 7.624032771961766417e-03 1.433773327264451468e-02 7.168866636322257339e-03 1.137915339098771066e-04
8.700000000000000000e+02 3.480016740962419419e-01 9.728038233955393910e-01 6.941283568502503235e-03 1.411015020482476144e-02 5.803368229403732710e-03 3.413746017296313199e-04
9.000000000000000000e+02 3.600017318236985453e-01 9.771279016841146747e-01 6.713700500682749130e-03 1.024123805188893906e-02 5.689576695493855224e-03 2.275830678197542133e-04
9.300000000000000000e+02 3.720017895511549266e-01 9.798588984979517136e-01 5.575785161583977738e-03 9.786071916249430847e-03 4.437869822485207214e-03 3.413746017296313199e-04
9.600000000000000000e+02 3.840018472786117520e-01 9.827036868456986429e-01 5.461993627674101119e-03 8.989531178880291046e-03 2.730996813837050560e-03 1.137915339098771066e-04
9.900000000000000000e+02 3.960019050060681334e-01 9.847519344560764498e-01 4.324078288575329727e-03 9.103322712790167665e-03 1.137915339098770958e-03 6.827492034592626399e-04
1.020000000000000000e+03 4.080019627335249588e-01 9.868001820664542567e-01 3.299954483386436255e-03 7.965407373691398007e-03 1.706873008648156654e-03 2.275830678197542133e-04
1.050000000000000000e+03 4.200020204609813401e-01 9.878243058716431602e-01 2.844788347746927612e-03 7.055075102412380721e-03 2.162039144287664864e-03 1.137915339098771066e-04
1.080000000000000000e+03 4.320020781884383876e-01 9.870277651342740377e-01 5.461993627674101119e-03 5.234410559854347014e-03 1.820664542558033706e-03 4.551661356395084266e-04
1.110000000000000000e+03 4.440021359158945469e-01 9.886208466090122826e-01 3.186162949476558769e-03 5.917159763313609329e-03 1.706873008648156654e-03 5.689576695493854790e-04
1.140000000000000000e+03 4.560021936433515943e-01 9.897587619481110766e-01 2.844788347746927612e-03 6.030951297223486815e-03 1.251706873008648227e-03 1.137915339098771066e-04
1.170000000000000000e+03 4.680022513708077536e-01 9.890760127446518446e-01 3.982703686845699004e-03 4.779244424214838804e-03 1.593081474738279385e-03 5.689576695493854790e-04
1.200000000000000000e+03 4.800023090982648011e-01 9.918070095584888834e-01 2.389622212107419402e-03 4.324078288575329727e-03 1.137915339098770958e-03 3.413746017296313199e-04
1.230000000000000000e+03 4.920023668257209604e-01 9.937414656349567998e-01 2.162039144287664864e-03 2.730996813837050560e-03 1.251706873008648227e-03 1.137915339098771066e-04
1.260000000000000000e+03 5.040024245531780078e-01 9.919208010923987739e-01 1.934456076467910759e-03 3.755120619025944465e-03 1.593081474738279385e-03 7.965407373691396923e-04
1.290000000000000000e+03 5.160024822806346112e-01 9.941966317705962508e-01 1.479289940828402332e-03 2.844788347746927612e-03 9.103322712790168532e-04 5.689576695493854790e-04
1.320000000000000000e+03 5.280025400080912146e-01 9.939690487027764698e-01 1.251706873008648227e-03 3.299954483386436255e-03 9.103322712790168532e-04 5.689576695493854790e-04
1.350000000000000000e+03 5.400025977355478179e-01 9.957897132453344957e-01 9.103322712790168532e-04 2.275830678197541916e-03 6.827492034592626399e-04 3.413746017296313199e-04
1.380000000000000000e+03 5.520026554630044213e-01 9.961310878470641672e-01 7.965407373691396923e-04 1.820664542558033706e-03 9.103322712790168532e-04 3.413746017296313199e-04
1.410000000000000000e+03 5.640027131904610247e-01 9.965862539827037292e-01 5.689576695493854790e-04 1.251706873008648227e-03 1.251706873008648227e-03 3.413746017296313199e-04
1.440000000000000000e+03 5.760027709179176281e-01 9.960172963131542767e-01 1.365498406918525280e-03 1.024123805188893906e-03 6.827492034592626399e-04 9.103322712790168532e-04
1.470000000000000000e+03 5.880028286453742314e-01 9.965862539827037292e-01 7.965407373691396923e-04 1.251706873008648227e-03 5.689576695493854790e-04 7.965407373691396923e-04
1.500000000000000000e+03 6.000028863728308348e-01 9.960172963131542767e-01 1.137915339098770958e-03 1.251706873008648227e-03 6.827492034592626399e-04 9.103322712790168532e-04
1.530000000000000000e+03 6.120029441002874382e-01 9.963586709148839482e-01 9.103322712790168532e-04 1.365498406918525280e-03 4.551661356395084266e-04 9.103322712790168532e-04
1.560000000000000000e+03 6.240030018277440416e-01 9.962448793809740577e-01 9.103322712790168532e-04 1.024123805188893906e-03 2.275830678197542133e-04 1.593081474738279385e-03
1.590000000000000000e+03 6.360030595552006449e-01 9.984069185252617551e-01 2.275830678197542133e-04 5.689576695493854790e-04 3.413746017296313199e-04 4.551661356395084266e-04
1.620000000000000000e+03 6.480031172826572483e-01 9.988620846609012061e-01 1.137915339098771066e-04 5.689576695493854790e-04 1.137915339098771066e-04 3.413746017296313199e-04
1.650000000000000000e+03 6.600031750101140737e-01 9.976103777878926326e-01 5.689576695493854790e-04 6.827492034592626399e-04 3.413746017296313199e-04 7.965407373691396923e-04
1.680000000000000000e+03 6.720032327375706771e-01 9.981793354574419741e-01 6.827492034592626399e-04 7.965407373691396923e-04 1.137915339098771066e-04 2.275830678197542133e-04
1.710000000000000000e+03 6.840032904650268364e-01 9.980655439235320836e-01 1.137915339098771066e-04 4.551661356395084266e-04 1.137915339098771066e-04 1.251706873008648227e-03
1.740000000000000000e+03 6.960033481924838838e-01 9.988620846609012061e-01 2.275830678197542133e-04 3.413746017296313199e-04 3.413746017296313199e-04 2.275830678197542133e-04
1.770000000000000000e+03 7.080034059199400431e-01 9.976103777878926326e-01 4.551661356395084266e-04 9.103322712790168532e-04 3.413746017296313199e-04 6.827492034592626399e-04
1.800000000000000000e+03 7.200034636473970906e-01 9.980655439235320836e-01 1.137915339098771066e-04 9.103322712790168532e-04 2.275830678197542133e-04 6.827492034592626399e-04
1.830000000000000000e+03 7.320035213748532499e-01 9.977241693218024121e-01 3.413746017296313199e-04 1.137915339098770958e-03 1.137915339098771066e-04 6.827492034592626399e-04
1.860000000000000000e+03 7.440035791023102973e-01 9.970414201183431802e-01 4.551661356395084266e-04 1.706873008648156654e-03 0.000000000000000000e+00 7.965407373691396923e-04
1.890000000000000000e+03 7.560036368297666787e-01 9.986345015930814251e-01 1.137915339098771066e-04 3.413746017296313199e-04 1.137915339098771066e-04 7.965407373691396923e-04
1.920000000000000000e+03 7.680036945572235041e-01 9.978379608557123026e-01 1.137915339098771066e-04 7.965407373691396923e-04 1.137915339098771066e-04 1.137915339098770958e-03
1.950000000000000000e+03 7.800037522846798854e-01 9.978379608557123026e-01 5.689576695493854790e-04 9.103322712790168532e-04 2.275830678197542133e-04 4.551661356395084266e-04
1.980000000000000000e+03 7.920038100121367108e-01 9.976103777878926326e-01 2.275830678197542133e-04 1.365498406918525280e-03 3.413746017296313199e-04 4.551661356395084266e-04
2.010000000000000000e+03 8.040038677395930922e-01 9.969276285844332897e-01 5.689576695493854790e-04 1.593081474738279385e-03 4.551661356395084266e-04 4.551661356395084266e-04
2.040000000000000000e+03 8.160039254670499176e-01 9.985207100591716456e-01 2.275830678197542133e-04 7.965407373691396923e-04 1.137915339098771066e-04 3.413746017296313199e-04
2.070000000000000000e+03 8.280039831945062989e-01 9.980655439235320836e-01 3.413746017296313199e-04 9.103322712790168532e-04 2.275830678197542133e-04 4.551661356395084266e-04
2.100000000000000000e+03 8.400040409219631243e-01 9.979517523896221931e-01 2.275830678197542133e-04 9.103322712790168532e-04 3.413746017296313199e-04 5.689576695493854790e-04
2.130000000000000000e+03 8.520040986494195057e-01 9.979517523896221931e-01 1.137915339098771066e-04 1.024123805188893906e-03 0.000000000000000000e+00 9.103322712790168532e-04
2.160000000000000000e+03 8.640041563768763311e-01 9.989758761948110966e-01 1.137915339098771066e-04 4.551661356395084266e-04 0.000000000000000000e+00 4.551661356395084266e-04
2.190000000000000000e+03 8.760042141043327124e-01 9.980655439235320836e-01 1.137915339098771066e-04 4.551661356395084266e-04 0.000000000000000000e+00 1.365498406918525280e-03
2.220000000000000000e+03 8.880042718317897599e-01 9.978379608557123026e-01 3.413746017296313199e-04 6.827492034592626399e-04 2.275830678197542133e-04 9.103322712790168532e-04
2.250000000000000000e+03 9.000043295592459192e-01 9.976103777878926326e-01 3.413746017296313199e-04 9.103322712790168532e-04 4.551661356395084266e-04 6.827492034592626399e-04
2.280000000000000000e+03 9.120043872867029666e-01 9.978379608557123026e-01 2.275830678197542133e-04 5.689576695493854790e-04 3.413746017296313199e-04 1.024123805188893906e-03
2.310000000000000000e+03 9.240044450141591259e-01 9.976103777878926326e-01 2.275830678197542133e-04 7.965407373691396923e-04 3.413746017296313199e-04 1.024123805188893906e-03
2.340000000000000000e+03 9.360045027416161734e-01 9.971552116522530707e-01 1.137915339098771066e-04 1.024123805188893906e-03 5.689576695493854790e-04 1.137915339098770958e-03
2.370000000000000000e+03 9.480045604690723327e-01 9.980655439235320836e-01 0.000000000000000000e+00 4.551661356395084266e-04 2.275830678197542133e-04 1.251706873008648227e-03
2.400000000000000000e+03 9.600046181965293801e-01 9.982931269913518646e-01 0.000000000000000000e+00 9.103322712790168532e-04 1.137915339098771066e-04 6.827492034592626399e-04
2.430000000000000000e+03 9.720046759239857614e-01 9.985207100591716456e-01 0.000000000000000000e+00 3.413746017296313199e-04 0.000000000000000000e+00 1.137915339098770958e-03
2.460000000000000000e+03 9.840047336514425869e-01 9.981793354574419741e-01 1.137915339098771066e-04 9.103322712790168532e-04 1.137915339098771066e-04 6.827492034592626399e-04
2.490000000000000000e+03 9.960047913788989682e-01 9.976103777878926326e-01 3.413746017296313199e-04 6.827492034592626399e-04 3.413746017296313199e-04 1.024123805188893906e-03
