# itime ezz other fcc hcp bcc ico
0.000000000000000000e+00 0.000000000000000000e+00 3.413746017296313199e-04 9.996586253982703285e-01 0.000000000000000000e+00 0.000000000000000000e+00 0.000000000000000000e+00
2.500000000000000000e+02 9.999988827540606806e-03 2.389622212107419402e-03 9.976103777878926326e-01 0.000000000000000000e+00 0.000000000000000000e+00 0.000000000000000000e+00
5.000000000000000000e+02 1.999997765508099157e-02 7.965407373691396923e-04 9.992034592626308775e-01 0.000000000000000000e+00 0.000000000000000000e+00 0.000000000000000000e+00
7.500000000000000000e+02 2.999996648262159837e-02 2.844788347746927612e-03 9.970414201183431802e-01 0.000000000000000000e+00 1.137915339098771066e-04 0.000000000000000000e+00
1.000000000000000000e+03 3.999995531016198314e-02 7.510241238051888930e-03 9.921483841602184439e-01 0.000000000000000000e+00 3.413746017296313199e-04 0.000000000000000000e+00
1.250000000000000000e+03 4.999994413770258994e-02 1.194811106053709528e-02 9.874829312699134887e-01 0.000000000000000000e+00 5.689576695493854790e-04 0.000000000000000000e+00
1.500000000000000000e+03 5.999993296524297470e-02 3.356850250341374825e-02 9.654073736913973969e-01 0.000000000000000000e+00 1.024123805188893906e-03 0.000000000000000000e+00
1.750000000000000000e+03 6.999992179278358151e-02 4.472007282658170546e-02 9.525489303595812141e-01 0.000000000000000000e+00 2.730996813837050560e-03 0.000000000000000000e+00
2.000000000000000000e+03 7.999991062032396627e-02 1.034365043240782905e-01 8.863222576240327166e-01 0.000000000000000000e+00 1.024123805188893906e-02 0.000000000000000000e+00
2.250000000000000000e+03 8.999989944786457308e-02 1.844560764679107900e-01 7.882339553937186549e-01 1.137915339098771066e-04 2.719617660446062984e-02 0.000000000000000000e+00
2.500000000000000000e+03 9.999988827540495784e-02 3.400091033227127801e-01 4.828174783796085334e-01 1.365498406918525280e-03 1.758079198907601393e-01 0.000000000000000000e+00
2.750000000000000000e+03 1.099998771029455646e-01 4.102184797451069453e-01 2.633136094674556338e-01 4.005461993627674328e-02 2.864132908511606845e-01 0.000000000000000000e+00
3.000000000000000000e+03 1.199998659304859494e-01 4.427628584433317971e-01 2.205279927173418308e-01 7.760582612653618706e-02 2.591033227127901850e-01 0.000000000000000000e+00
3.250000000000000000e+03 1.299998547580265562e-01 4.679107874374146547e-01 1.916249431042330587e-01 1.123122439690487084e-01 2.281520254893036059e-01 0.000000000000000000e+00
3.500000000000000000e+03 1.399998435855669410e-01 4.940828402366864158e-01 1.761492944924897552e-01 1.318843878015475701e-01 1.978834774692762866e-01 0.000000000000000000e+00
3.750000000000000000e+03 1.499998324131075478e-01 5.376649977241693135e-01 1.453117888029130667e-01 1.345015930814747462e-01 1.825216203914428736e-01 0.000000000000000000e+00
4.000000000000000000e+03 1.599998212406479325e-01 5.677059626763768518e-01 1.322257624032771861e-01 1.448566226672735602e-01 1.552116522530723741e-01 0.000000000000000000e+00
4.250000000000000000e+03 1.699998100681885393e-01 5.476786527082384559e-01 1.392808375056895642e-01 1.635184342284934089e-01 1.495220755575785154e-01 0.000000000000000000e+00
4.500000000000000000e+03 1.799997988957289241e-01 5.603095129722348577e-01 1.251706873008648080e-01 1.775147928994082747e-01 1.370050068274920319e-01 0.000000000000000000e+00
4.750000000000000000e+03 1.899997877232695309e-01 5.575785161583978189e-01 1.182294037323623065e-01 1.929904415111515781e-01 1.312016385980883104e-01 0.000000000000000000e+00
5.000000000000000000e+03 1.999997765508099157e-01 5.624715521165225551e-01 1.084433318161128756e-01 2.176832043695949015e-01 1.114019116977696816e-01 0.000000000000000000e+00
5.250000000000000000e+03 2.099997653783505225e-01 5.397132453345471204e-01 9.945380063723259501e-02 2.502275830678197810e-01 1.106053709604005453e-01 0.000000000000000000e+00
5.500000000000000000e+03 2.199997542058909072e-01 5.283340919435594030e-01 9.547109695038688559e-02 2.710514337733272439e-01 1.051433773327264398e-01 0.000000000000000000e+00
5.750000000000000000e+03 2.299997430334315140e-01 5.290168411470186349e-01 9.091943559399180697e-02 2.943786982248520756e-01 8.568502503413745475e-02 0.000000000000000000e+00
6.000000000000000000e+03 2.399997318609718988e-01 5.235548475193445572e-01 7.999544833864360993e-02 3.119025944469731582e-01 8.454710969503868856e-02 0.000000000000000000e+00
6.250000000000000000e+03 2.499997206885125056e-01 4.995448338643604935e-01 7.498862084660901095e-02 3.612881201638598050e-01 6.417842512517069054e-02 0.000000000000000000e+00
6.500000000000000000e+03 2.599997095160528904e-01 4.723486572598998845e-01 6.281292671825215723e-02 4.129494765589440397e-01 5.188893946290396020e-02 0.000000000000000000e+00
6.750000000000000000e+03 2.699996983435934972e-01 4.393491124260355263e-01 5.666818388711879900e-02 4.650659990896677254e-01 3.891670459717797015e-02 0.000000000000000000e+00
7.000000000000000000e+03 2.799996871711338819e-01 4.070323167956304000e-01 4.380974055530268557e-02 5.174101046882112476e-01 3.163404642694583185e-02 1.137915339098771066e-04
7.250000000000000000e+03 2.899996759986744888e-01 4.056668183887118806e-01 4.528903049613108855e-02 5.244651797906235702e-01 2.446517979062357712e-02 1.137915339098771066e-04
7.500000000000000000e+03 2.999996648262148735e-01 3.847291761492944717e-01 4.802002730996814128e-02 5.482476103777879084e-01 1.888939462903959851e-02 1.137915339098771066e-04
7.750000000000000000e+03 3.099996536537554803e-01 3.788120163859808875e-01 4.824761037778789452e-02 5.516613563950841792e-01 2.116522530723714129e-02 1.137915339098771066e-04
8.000000000000000000e+03 3.199996424812958651e-01 3.924670004551661373e-01 4.631315430131998506e-02 5.411925352753754748e-01 1.979972690031861493e-02 2.275830678197542133e-04
8.250000000000000000e+03 3.299996313088364719e-01 4.119253527537551363e-01 4.574419663177059503e-02 5.199135184342285054e-01 2.241693218024579104e-02 0.000000000000000000e+00
8.500000000000000000e+03 3.399996201363768566e-01 4.160218479745106945e-01 4.244424214838415921e-02 5.204824761037778469e-01 2.105143377332726468e-02 0.000000000000000000e+00
8.750000000000000000e+03 3.499996089639174635e-01 4.079426490669094130e-01 4.301319981793354230e-02 5.254893035958124736e-01 2.355484751934456070e-02 0.000000000000000000e+00
9.000000000000000000e+03 3.599995977914578482e-01 4.120391442876649712e-01 4.130632680928538608e-02 5.215065999089667503e-01 2.514792899408284030e-02 0.000000000000000000e+00
9.250000000000000000e+03 3.699995866189982330e-01 4.269458352298589054e-01 3.629949931725079404e-02 5.121756941283568398e-01 2.457897132453345374e-02 0.000000000000000000e+00
9.500000000000000000e+03 3.799995754465388398e-01 4.391215293582157453e-01 3.914428766499772339e-02 5.018206645425580259e-01 1.991351843422849502e-02 0.000000000000000000e+00
9.750000000000000000e+03 3.899995642740792245e-01 4.420801092398725651e-01 3.709604005461993731e-02 5.043240782885752838e-01 1.649977241693217911e-02 0.000000000000000000e+00
1.000000000000000000e+04 3.999995531016198314e-01 4.387801547564861293e-01 3.914428766499772339e-02 5.015930814747382449e-01 2.048247610377787811e-02 0.000000000000000000e+00
1.025000000000000000e+04 4.099995419291602161e-01 4.508420573509330787e-01 4.244424214838415921e-02 4.844105598543468338e-01 2.230314064633591095e-02 0.000000000000000000e+00
1.050000000000000000e+04 4.199995307567008229e-01 4.472007282658170269e-01 3.789258079198907364e-02 4.961310878470641672e-01 1.854802002730996865e-02 2.275830678197542133e-04
1.075000000000000000e+04 4.299995195842412077e-01 4.623350022758306865e-01 3.561675011379153433e-02 4.802002730996813851e-01 2.184797451069640448e-02 0.000000000000000000e+00
1.100000000000000000e+04 4.399995084117818145e-01 4.868001820664542567e-01 3.083750568957669552e-02 4.514110150204824756e-01 3.083750568957669552e-02 1.137915339098771066e-04
1.125000000000000000e+04 4.499994972393221992e-01 5.190031861629494925e-01 2.787892580791988956e-02 4.218252162039144437e-01 3.129267182521620200e-02 0.000000000000000000e+00
1.150000000000000000e+04 4.599994860668628061e-01 5.512061902594447282e-01 2.537551206190259354e-02 3.917842512517068498e-01 3.152025489303595523e-02 1.137915339098771066e-04
1.175000000000000000e+04 4.699994748944031908e-01 5.640646335912608000e-01 2.981338188438780248e-02 3.714155666818388934e-01 3.470641784251251444e-02 0.000000000000000000e+00
1.200000000000000000e+04 4.799994637219437976e-01 5.961538461538461453e-01 2.799271734182976618e-02 3.364815657715066188e-01 3.925807919890760000e-02 1.137915339098771066e-04
1.225000000000000000e+04 4.899994525494841824e-01 6.185707783340919086e-01 2.878925807919890598e-02 3.157715065999089910e-01 3.675466545289030745e-02 1.137915339098771066e-04
1.250000000000000000e+04 4.999994413770247892e-01 6.352981338188439242e-01 3.083750568957669552e-02 2.994993172507965373e-01 3.413746017296313134e-02 2.275830678197542133e-04
1.275000000000000000e+04 5.099994302045651740e-01 6.366636322257623881e-01 2.799271734182976618e-02 2.999544833864360438e-01 3.516158397815202785e-02 2.275830678197542133e-04
1.300000000000000000e+04 5.199994190321057808e-01 6.655666818388711325e-01 3.220300409649522189e-02 2.718479745106964218e-01 3.026854802002730896e-02 1.137915339098771066e-04
1.325000000000000000e+04 5.299994078596461655e-01 6.702321347291761988e-01 3.231679563040509851e-02 2.684342284934000955e-01 2.890304961310878606e-02 1.137915339098771066e-04
1.350000000000000000e+04 5.399993966871867723e-01 6.752389622212107145e-01 3.641329085116067066e-02 2.619481110605371144e-01 2.617205279927173334e-02 2.275830678197542133e-04
1.375000000000000000e+04 5.499993855147271571e-01 6.968593536640873554e-01 3.356850250341374825e-02 2.453345471096950448e-01 2.412380518889394726e-02 1.137915339098771066e-04
1.400000000000000000e+04 5.599993743422677639e-01 6.945835229858898785e-01 3.846153846153846367e-02 2.453345471096950448e-01 2.162039144287665124e-02 0.000000000000000000e+00
1.425000000000000000e+04 5.699993631698081487e-01 6.983386436049158208e-01 3.629949931725079404e-02 2.448793809740555383e-01 2.014110150204824826e-02 3.413746017296313199e-04
1.450000000000000000e+04 5.799993519973487555e-01 7.150659990896677254e-01 3.538916704597178109e-02 2.270141101502048120e-01 2.230314064633591095e-02 2.275830678197542133e-04
1.475000000000000000e+04 5.899993408248891402e-01 7.221210741920801590e-01 3.482020937642239106e-02 2.200728265817023244e-01 2.264451524806554428e-02 3.413746017296313199e-04
1.500000000000000000e+04 5.999993296524297470e-01 7.468138370505233992e-01 3.345471096950387163e-02 2.010696404187528319e-01 1.832043695949021542e-02 3.413746017296313199e-04
1.525000000000000000e+04 6.099993184799701318e-01 7.441966317705962508e-01 3.698224852071006069e-02 1.908284023668639084e-01 2.787892580791988956e-02 1.137915339098771066e-04
1.550000000000000000e+04 6.199993073075107386e-01 7.610377787892580459e-01 3.243058716431497512e-02 1.840009103322712836e-01 2.230314064633591095e-02 2.275830678197542133e-04
1.575000000000000000e+04 6.299992961350511234e-01 7.694583522985889434e-01 3.459262630860263782e-02 1.731907146108329631e-01 2.253072371415566766e-02 2.275830678197542133e-04
1.600000000000000000e+04 6.399992849625917302e-01 7.765134274010013771e-01 3.857532999544834029e-02 1.582840236686390567e-01 2.628584433318160996e-02 3.413746017296313199e-04
1.625000000000000000e+04 6.499992737901321149e-01 7.948338643604915266e-01 3.322712790168411146e-02 1.451979972690031762e-01 2.639963586709149004e-02 3.413746017296313199e-04
1.650000000000000000e+04 6.599992626176727217e-01 8.021165225307237412e-01 3.015475648611743234e-02 1.414428766499772339e-01 2.583067819754210348e-02 4.551661356395084266e-04
1.675000000000000000e+04 6.699992514452131065e-01 8.109922621756940897e-01 2.935821574874829254e-02 1.350705507510241155e-01 2.412380518889394726e-02 4.551661356395084266e-04
1.700000000000000000e+04 6.799992402727537133e-01 8.230541647701411501e-01 2.651342740100136666e-02 1.283568502503413811e-01 2.127901684114701791e-02 7.965407373691396923e-04
1.725000000000000000e+04 6.899992291002943201e-01 8.417159763313609711e-01 2.401001365498407064e-02 1.200500682749203463e-01 1.365498406918525323e-02 5.689576695493854790e-04
1.750000000000000000e+04 6.999992179278347049e-01 8.495675921711424161e-01 2.389622212107419055e-02 1.112881201638598050e-01 1.422394173873463806e-02 1.024123805188893906e-03
1.775000000000000000e+04 7.099992067553753117e-01 8.537778789258079204e-01 2.366863905325443732e-02 1.062812926718252199e-01 1.479289940828402289e-02 1.479289940828402332e-03
1.800000000000000000e+04 7.199991955829156964e-01 8.541192535275375919e-01 2.298588984979517413e-02 1.027537551206190308e-01 1.945835229858898507e-02 6.827492034592626399e-04
1.825000000000000000e+04 7.299991844104563032e-01 8.612881201638598050e-01 2.127901684114701791e-02 9.820209376422393832e-02 1.854802002730996865e-02 6.827492034592626399e-04
1.850000000000000000e+04 7.399991732379966880e-01 8.667501137915338827e-01 2.139280837505689453e-02 9.410559854346836617e-02 1.729631315430131891e-02 4.551661356395084266e-04
1.875000000000000000e+04 7.499991620655372948e-01 8.695949021392808120e-01 2.048247610377787811e-02 9.456076467910787264e-02 1.411015020482476144e-02 1.251706873008648227e-03
1.900000000000000000e+04 7.599991508930776796e-01 8.757396449704142327e-01 2.139280837505689453e-02 8.807464724624487762e-02 1.422394173873463806e-02 5.689576695493854790e-04
1.925000000000000000e+04 7.699991397206182864e-01 8.831360946745562268e-01 2.014110150204824826e-02 8.545744196631770151e-02 1.024123805188893906e-02 1.024123805188893906e-03
1.950000000000000000e+04 7.799991285481586711e-01 8.870050068274920596e-01 1.888939462903959851e-02 8.363677742375967561e-02 9.899863450159307465e-03 5.689576695493854790e-04
1.975000000000000000e+04 7.899991173756992779e-01 8.822257624032772139e-01 1.877560309512972189e-02 8.818843878015475424e-02 9.899863450159307465e-03 9.103322712790168532e-04
2.000000000000000000e+04 7.999991062032396627e-01 8.840464269458352398e-01 2.059626763768775473e-02 8.534365043240782489e-02 9.103322712790167665e-03 9.103322712790168532e-04
2.025000000000000000e+04 8.099990950307802695e-01 8.796085571233500655e-01 1.649977241693217911e-02 9.376422394173873631e-02 9.103322712790167665e-03 1.024123805188893906e-03
2.050000000000000000e+04 8.199990838583206543e-01 8.849567592171142527e-01 1.627218934911242587e-02 8.841602184797450747e-02 8.989531178880291046e-03 1.365498406918525280e-03
2.075000000000000000e+04 8.299990726858612611e-01 8.830223031406463363e-01 1.467910787437414627e-02 9.205735093309057315e-02 9.330905780609922637e-03 9.103322712790168532e-04
2.100000000000000000e+04 8.399990615134016458e-01 8.839326354119253493e-01 1.388256713700500647e-02 9.262630860263997012e-02 8.761948111060537808e-03 7.965407373691396923e-04
2.125000000000000000e+04 8.499990503409422526e-01 8.889394629039599760e-01 1.217569412835685025e-02 8.989531178880291740e-02 8.079198907601274626e-03 9.103322712790168532e-04
2.150000000000000000e+04 8.599990391684826374e-01 8.851843422849340337e-01 1.228948566226672687e-02 9.262630860263997012e-02 8.648156577150659455e-03 1.251706873008648227e-03
2.175000000000000000e+04 8.699990279960232442e-01 8.799499317250796260e-01 1.115157032316795548e-02 9.945380063723259501e-02 8.534365043240782836e-03 9.103322712790168532e-04
2.200000000000000000e+04 8.799990168235636290e-01 8.852981338188439242e-01 1.069640418752844727e-02 9.581247155211652933e-02 7.965407373691398007e-03 2.275830678197542133e-04
2.225000000000000000e+04 8.899990056511042358e-01 8.891670459717796460e-01 9.672280382339554228e-03 9.342284934000910646e-02 7.168866636322257339e-03 5.689576695493854790e-04
2.250000000000000000e+04 8.999989944786446205e-01 8.885980883022303045e-01 9.103322712790167665e-03 9.444697314519799602e-02 6.713700500682749130e-03 1.137915339098770958e-03
2.275000000000000000e+04 9.099989833061852273e-01 8.898497951752389890e-01 9.103322712790167665e-03 9.228493400091032639e-02 7.510241238051888930e-03 1.251706873008648227e-03
2.300000000000000000e+04 9.199989721337256121e-01 8.955393718707328476e-01 1.001365498406918582e-02 8.511606736458807165e-02 8.534365043240782836e-03 7.965407373691396923e-04
2.325000000000000000e+04 9.299989609612662189e-01 9.002048247610378029e-01 9.330905780609922637e-03 8.022303140646336317e-02 8.761948111060537808e-03 1.479289940828402332e-03
2.350000000000000000e+04 9.399989497888066037e-01 9.056668183887118806e-01 8.989531178880291046e-03 7.931269913518433634e-02 5.006827492034592909e-03 1.024123805188893906e-03
2.375000000000000000e+04 9.499989386163472105e-01 9.078288575329995780e-01 8.534365043240782836e-03 7.407828857532999800e-02 7.510241238051888930e-03 2.048247610377787811e-03
2.400000000000000000e+04 9.599989274438875952e-01 9.142011834319526686e-01 7.965407373691398007e-03 6.941283568502502888e-02 6.713700500682749130e-03 1.706873008648156654e-03
2.425000000000000000e+04 9.699989162714282021e-01 9.176149294492489394e-01 6.372325898953117539e-03 6.543013199817933334e-02 9.103322712790167665e-03 1.479289940828402332e-03
2.450000000000000000e+04 9.799989050989685868e-01 9.196631770596267463e-01 7.055075102412380721e-03 6.702321347291761988e-02 5.234410559854347014e-03 1.024123805188893906e-03
2.475000000000000000e+04 9.899988939265091936e-01 9.226217569412835662e-01 6.372325898953117539e-03 6.213017751479289752e-02 7.282658170232134826e-03 1.593081474738279385e-03
2.500000000000000000e+04 9.999988827540495784e-01 9.276285844333181929e-01 5.348202093764223633e-03 5.928538916704597511e-02 6.144742831133363434e-03 1.593081474738279385e-03
