# itime ezz other fcc hcp bcc ico
0.000000000000000000e+00 0.000000000000000000e+00 7.965407373691396923e-04 9.992034592626308775e-01 0.000000000000000000e+00 0.000000000000000000e+00 0.000000000000000000e+00
2.500000000000000000e+02 1.000001827172347646e-02 9.103322712790168532e-04 9.990896677287209870e-01 0.000000000000000000e+00 0.000000000000000000e+00 0.000000000000000000e+00
5.000000000000000000e+02 2.000003654344673087e-02 1.820664542558033706e-03 9.981793354574419741e-01 0.000000000000000000e+00 0.000000000000000000e+00 0.000000000000000000e+00
7.500000000000000000e+02 3.000005481517020733e-02 3.527537551206190360e-03 9.963586709148839482e-01 0.000000000000000000e+00 1.137915339098771066e-04 0.000000000000000000e+00
1.000000000000000000e+03 4.000007308689368379e-02 9.444697314519799256e-03 9.905553026854801990e-01 0.000000000000000000e+00 0.000000000000000000e+00 0.000000000000000000e+00
1.250000000000000000e+03 5.000009135861716025e-02 1.422394173873463806e-02 9.849795175238962308e-01 0.000000000000000000e+00 7.965407373691396923e-04 0.000000000000000000e+00
1.500000000000000000e+03 6.000010963034041467e-02 2.366863905325443732e-02 9.746244879380974169e-01 0.000000000000000000e+00 1.706873008648156654e-03 0.000000000000000000e+00
1.750000000000000000e+03 7.000012790206389113e-02 6.269913518434228061e-02 9.319526627218934767e-01 0.000000000000000000e+00 5.348202093764223633e-03 0.000000000000000000e+00
2.000000000000000000e+03 8.000014617378736759e-02 1.099226217569412856e-01 8.716431497496586189e-01 0.000000000000000000e+00 1.843422849340009204e-02 0.000000000000000000e+00
2.250000000000000000e+03 9.000016444551084405e-02 1.986800182066454368e-01 7.403277196176604180e-01 1.137915339098770958e-03 5.985434683659535821e-02 0.000000000000000000e+00
2.500000000000000000e+03 1.000001827172340985e-01 3.334091943559399085e-01 4.743969048702776359e-01 1.342740100136549826e-02 1.787664997724169313e-01 0.000000000000000000e+00
2.750000000000000000e+03 1.100002009889575749e-01 3.438780154756486129e-01 3.122439690487027741e-01 8.192990441511151245e-02 2.619481110605371144e-01 0.000000000000000000e+00
3.000000000000000000e+03 1.200002192606810514e-01 3.887118798361401950e-01 1.464497041420118328e-01 1.062812926718252199e-01 3.585571233500227661e-01 0.000000000000000000e+00
3.250000000000000000e+03 1.300002375324043058e-01 4.180700955848885014e-01 1.125398270368684617e-01 1.277878925807919841e-01 3.416021847974510806e-01 0.000000000000000000e+00
3.500000000000000000e+03 1.400002558041277823e-01 4.618798361401911801e-01 7.453345471096950448e-02 1.392808375056895642e-01 3.243058716431497235e-01 0.000000000000000000e+00
3.750000000000000000e+03 1.500002740758512587e-01 4.945380063723259223e-01 6.019572143832498806e-02 1.694355939918070209e-01 2.758306781975420896e-01 0.000000000000000000e+00
4.000000000000000000e+03 1.600002923475747352e-01 5.171825216203914666e-01 4.949931725079653733e-02 1.979972690031861493e-01 2.353208921256258468e-01 0.000000000000000000e+00
4.250000000000000000e+03 1.700003106192979896e-01 5.600819299044150767e-01 5.917159763313609155e-02 2.245106964041875264e-01 1.562357760582612776e-01 0.000000000000000000e+00
4.500000000000000000e+03 1.800003288910214660e-01 5.776058261265362148e-01 5.985434683659535821e-02 2.348657259899863403e-01 1.276741010468821214e-01 0.000000000000000000e+00
4.750000000000000000e+03 1.900003471627449425e-01 6.051433773327264953e-01 5.951297223486572835e-02 2.493172507965407403e-01 8.602639963586708460e-02 0.000000000000000000e+00
5.000000000000000000e+03 2.000003654344684190e-01 6.107191624943104635e-01 6.622667273554846967e-02 2.536413290851160518e-01 6.941283568502502888e-02 0.000000000000000000e+00
5.250000000000000000e+03 2.100003837061916734e-01 6.342740100136550208e-01 6.360946745562130744e-02 2.505689576695493970e-01 5.154756486117433034e-02 0.000000000000000000e+00
5.500000000000000000e+03 2.200004019779151498e-01 6.416704597177970149e-01 6.417842512517069054e-02 2.456759217114246607e-01 4.847519344560764776e-02 0.000000000000000000e+00
5.750000000000000000e+03 2.300004202496386263e-01 6.574874829312699065e-01 6.383705052344106068e-02 2.437414656349567721e-01 3.493400091033227461e-02 0.000000000000000000e+00
6.000000000000000000e+03 2.400004385213621028e-01 6.800182066454255603e-01 6.258534365043240399e-02 2.328174783796085612e-01 2.457897132453345374e-02 0.000000000000000000e+00
6.250000000000000000e+03 2.500004567930853572e-01 6.986800182066453813e-01 5.689576695493855224e-02 2.185935366408739144e-01 2.560309512972235024e-02 2.275830678197542133e-04
6.500000000000000000e+03 2.600004750648088336e-01 7.064178425125170468e-01 5.757851615839781195e-02 2.121074192080109333e-01 2.378243058716431393e-02 1.137915339098771066e-04
6.750000000000000000e+03 2.700004933365323101e-01 7.255348202093764298e-01 5.541647701411014926e-02 1.959490213928083702e-01 2.309968138370505075e-02 0.000000000000000000e+00
7.000000000000000000e+03 2.800005116082555645e-01 7.345243513882566688e-01 5.097860719162494031e-02 1.919663177059626746e-01 2.230314064633591095e-02 2.275830678197542133e-04
7.250000000000000000e+03 2.900005298799790410e-01 7.480655439235320836e-01 4.984069185252617412e-02 1.786527082385070686e-01 2.332726445152480746e-02 1.137915339098771066e-04
7.500000000000000000e+03 3.000005481517025174e-01 7.635411925352754148e-01 4.710969503868912139e-02 1.694355939918070209e-01 1.968593536640873831e-02 2.275830678197542133e-04
7.750000000000000000e+03 3.100005664234259939e-01 7.671825216203914666e-01 5.223031406463359005e-02 1.603322712790168358e-01 2.025489303595812488e-02 0.000000000000000000e+00
8.000000000000000000e+03 3.200005846951492483e-01 7.832271279016841392e-01 5.143377332726445372e-02 1.473600364132908458e-01 1.797906235776058209e-02 0.000000000000000000e+00
8.250000000000000000e+03 3.300006029668727248e-01 7.952890304961310886e-01 4.984069185252617412e-02 1.364360491579426626e-01 1.820664542558033533e-02 2.275830678197542133e-04
8.500000000000000000e+03 3.400006212385962012e-01 8.039371870732817671e-01 4.984069185252617412e-02 1.241465634956759184e-01 2.173418297678652786e-02 3.413746017296313199e-04
8.750000000000000000e+03 3.500006395103196777e-01 8.182749203459263043e-01 5.587164314974965573e-02 1.054847519344560697e-01 2.002730996813837164e-02 3.413746017296313199e-04
9.000000000000000000e+03 3.600006577820429321e-01 8.265817023213473114e-01 5.450614474283113631e-02 9.990896677287210148e-02 1.888939462903959851e-02 1.137915339098771066e-04
9.250000000000000000e+03 3.700006760537666306e-01 8.406918525261720676e-01 4.858898497951752438e-02 9.296768320436959998e-02 1.741010468821119553e-02 3.413746017296313199e-04
9.500000000000000000e+03 3.800006943254898850e-01 8.464952207555758168e-01 4.961310878470642088e-02 8.773327264451524776e-02 1.604460628129267263e-02 1.137915339098771066e-04
9.750000000000000000e+03 3.900007125972131394e-01 8.631087847064178309e-01 4.130632680928538608e-02 7.885753299954482987e-02 1.661356395084205573e-02 1.137915339098771066e-04
1.000000000000000000e+04 4.000007308689366159e-01 8.684569868001820181e-01 3.857532999544834029e-02 7.601274465179790052e-02 1.649977241693217911e-02 4.551661356395084266e-04
1.025000000000000000e+04 4.100007491406603144e-01 8.864360491579426071e-01 3.186162949476559203e-02 6.781975421028675621e-02 1.365498406918525323e-02 2.275830678197542133e-04
1.050000000000000000e+04 4.200007674123835688e-01 8.870050068274920596e-01 3.436504324078288458e-02 6.554392353208920996e-02 1.285844333181611343e-02 2.275830678197542133e-04
1.075000000000000000e+04 4.300007856841068232e-01 8.978152025489303245e-01 2.878925807919890598e-02 6.110605370960400795e-02 1.228948566226672687e-02 0.000000000000000000e+00
1.100000000000000000e+04 4.400008039558302997e-01 9.080564406008192480e-01 2.526172052799271692e-02 5.473372781065088954e-02 1.115157032316795548e-02 7.965407373691396923e-04
1.125000000000000000e+04 4.500008222275539982e-01 9.157942649066909135e-01 2.583067819754210348e-02 4.904415111515703085e-02 8.875739644970414427e-03 4.551661356395084266e-04
1.150000000000000000e+04 4.600008404992772526e-01 9.238734638142922506e-01 2.196176604460628110e-02 4.551661356395084179e-02 7.965407373691398007e-03 6.827492034592626399e-04
1.175000000000000000e+04 4.700008587710005070e-01 9.260355029585798370e-01 2.173418297678652786e-02 4.073736913973600299e-02 1.069640418752844727e-02 7.965407373691396923e-04
1.200000000000000000e+04 4.800008770427239835e-01 9.311561219845243542e-01 2.230314064633591095e-02 3.857532999544834029e-02 7.168866636322257339e-03 7.965407373691396923e-04
1.225000000000000000e+04 4.900008953144474599e-01 9.384387801547564578e-01 2.036868456986800149e-02 3.459262630860263782e-02 5.689576695493855224e-03 9.103322712790168532e-04
1.250000000000000000e+04 5.000009135861707144e-01 9.382111970869366768e-01 2.218934911242603433e-02 3.470641784251251444e-02 4.210286754665453109e-03 6.827492034592626399e-04
1.275000000000000000e+04 5.100009318578941908e-01 9.457214383249886724e-01 1.945835229858898507e-02 2.913063268092853930e-02 4.551661356395083832e-03 1.137915339098770958e-03
1.300000000000000000e+04 5.200009501296176673e-01 9.458352298588984519e-01 1.979972690031861493e-02 2.890304961310878606e-02 4.210286754665453109e-03 1.251706873008648227e-03
1.325000000000000000e+04 5.300009684013411437e-01 9.453800637232590010e-01 2.002730996813837164e-02 2.890304961310878606e-02 4.437869822485207214e-03 1.251706873008648227e-03
1.350000000000000000e+04 5.400009866730643981e-01 9.500455166135639562e-01 1.775147928994082885e-02 2.548930359581247015e-02 5.461993627674101119e-03 1.251706873008648227e-03
1.375000000000000000e+04 5.500010049447876526e-01 9.549385525716886924e-01 1.490669094219390124e-02 2.548930359581247015e-02 3.982703686845699004e-03 6.827492034592626399e-04
1.400000000000000000e+04 5.600010232165113511e-01 9.568730086481566088e-01 1.251706873008648184e-02 2.526172052799271692e-02 4.210286754665453109e-03 1.137915339098770958e-03
1.425000000000000000e+04 5.700010414882348275e-01 9.637005006827491504e-01 1.228948566226672687e-02 2.059626763768775473e-02 2.503413746017296455e-03 9.103322712790168532e-04
1.450000000000000000e+04 5.800010597599580819e-01 9.668866636322257513e-01 9.672280382339554228e-03 1.866181156121984527e-02 3.527537551206190360e-03 1.251706873008648227e-03
1.475000000000000000e+04 5.900010780316813364e-01 9.644970414201183839e-01 8.875739644970414427e-03 2.150659990896677115e-02 3.641329085116067413e-03 1.479289940828402332e-03
1.500000000000000000e+04 6.000010963034050349e-01 9.690487027765134487e-01 8.192990441511151245e-03 1.741010468821119553e-02 3.413746017296313308e-03 1.934456076467910759e-03
1.525000000000000000e+04 6.100011145751285113e-01 9.699590350477924616e-01 8.875739644970414427e-03 1.661356395084205573e-02 2.730996813837050560e-03 1.820664542558033706e-03
1.550000000000000000e+04 6.200011328468517657e-01 9.730314064633591720e-01 7.737824305871643035e-03 1.433773327264451468e-02 2.275830678197541916e-03 2.617205279927173507e-03
1.575000000000000000e+04 6.300011511185750201e-01 9.751934456076467583e-01 6.030951297223486815e-03 1.479289940828402289e-02 2.048247610377787811e-03 1.934456076467910759e-03
1.600000000000000000e+04 6.400011693902987187e-01 9.765589440145653333e-01 5.348202093764223633e-03 1.365498406918525323e-02 2.844788347746927612e-03 1.593081474738279385e-03
1.625000000000000000e+04 6.500011876620221951e-01 9.767865270823851143e-01 5.348202093764223633e-03 1.433773327264451468e-02 1.365498406918525280e-03 2.162039144287664864e-03
1.650000000000000000e+04 6.600012059337454495e-01 9.800864815657714946e-01 5.461993627674101119e-03 1.081019572143832562e-02 2.389622212107419402e-03 1.251706873008648227e-03
1.675000000000000000e+04 6.700012242054687039e-01 9.821347291761493015e-01 4.437869822485207214e-03 1.001365498406918582e-02 1.365498406918525280e-03 2.048247610377787811e-03
1.700000000000000000e+04 6.800012424771924024e-01 9.833864360491579859e-01 3.982703686845699004e-03 8.875739644970414427e-03 1.934456076467910759e-03 1.820664542558033706e-03
1.725000000000000000e+04 6.900012607489158789e-01 9.838416021847974369e-01 4.096495220755575623e-03 8.306781975421027864e-03 2.275830678197541916e-03 1.479289940828402332e-03
1.750000000000000000e+04 7.000012790206391333e-01 9.850933090578061213e-01 3.527537551206190360e-03 7.510241238051888930e-03 2.275830678197541916e-03 1.593081474738279385e-03
1.775000000000000000e+04 7.100012972923623877e-01 9.869139736003641472e-01 2.503413746017296455e-03 7.737824305871643035e-03 1.479289940828402332e-03 1.365498406918525280e-03
1.800000000000000000e+04 7.200013155640860862e-01 9.875967228038233792e-01 2.389622212107419402e-03 6.941283568502503235e-03 1.251706873008648227e-03 1.820664542558033706e-03
1.825000000000000000e+04 7.300013338358095627e-01 9.891898042785616241e-01 2.162039144287664864e-03 6.030951297223486815e-03 1.024123805188893906e-03 1.593081474738279385e-03
1.850000000000000000e+04 7.400013521075328171e-01 9.901001365498406370e-01 1.706873008648156654e-03 6.030951297223486815e-03 1.024123805188893906e-03 1.137915339098770958e-03
1.875000000000000000e+04 7.500013703792560715e-01 9.923759672280382249e-01 1.137915339098770958e-03 3.982703686845699004e-03 1.365498406918525280e-03 1.137915339098770958e-03
1.900000000000000000e+04 7.600013886509795480e-01 9.916932180245789930e-01 9.103322712790168532e-04 4.324078288575329727e-03 1.706873008648156654e-03 1.365498406918525280e-03
1.925000000000000000e+04 7.700014069227032465e-01 9.928311333636777869e-01 7.965407373691396923e-04 3.641329085116067413e-03 1.479289940828402332e-03 1.251706873008648227e-03
1.950000000000000000e+04 7.800014251944265009e-01 9.931725079654073474e-01 1.024123805188893906e-03 3.072371415566681717e-03 9.103322712790168532e-04 1.820664542558033706e-03
1.975000000000000000e+04 7.900014434661497553e-01 9.931725079654073474e-01 4.551661356395084266e-04 3.527537551206190360e-03 1.251706873008648227e-03 1.593081474738279385e-03
2.000000000000000000e+04 8.000014617378732318e-01 9.937414656349567998e-01 3.413746017296313199e-04 2.958579881656804664e-03 1.251706873008648227e-03 1.706873008648156654e-03
2.025000000000000000e+04 8.100014800095969303e-01 9.930587164314974569e-01 7.965407373691396923e-04 3.755120619025944465e-03 4.551661356395084266e-04 1.934456076467910759e-03
2.050000000000000000e+04 8.200014982813201847e-01 9.946517979062358128e-01 4.551661356395084266e-04 2.617205279927173507e-03 5.689576695493854790e-04 1.706873008648156654e-03
2.075000000000000000e+04 8.300015165530434391e-01 9.927173418297678964e-01 1.024123805188893906e-03 3.527537551206190360e-03 1.365498406918525280e-03 1.365498406918525280e-03
2.100000000000000000e+04 8.400015348247669156e-01 9.928311333636777869e-01 4.551661356395084266e-04 3.641329085116067413e-03 6.827492034592626399e-04 2.389622212107419402e-03
2.125000000000000000e+04 8.500015530964906141e-01 9.941966317705962508e-01 9.103322712790168532e-04 2.730996813837050560e-03 6.827492034592626399e-04 1.479289940828402332e-03
2.150000000000000000e+04 8.600015713682138685e-01 9.943104233045061413e-01 5.689576695493854790e-04 2.389622212107419402e-03 9.103322712790168532e-04 1.820664542558033706e-03
2.175000000000000000e+04 8.700015896399371229e-01 9.945380063723259223e-01 7.965407373691396923e-04 2.162039144287664864e-03 7.965407373691396923e-04 1.706873008648156654e-03
2.200000000000000000e+04 8.800016079116605994e-01 9.947655894401457033e-01 6.827492034592626399e-04 1.820664542558033706e-03 2.275830678197542133e-04 2.503413746017296455e-03
2.225000000000000000e+04 8.900016261833842979e-01 9.935138825671370189e-01 1.251706873008648227e-03 2.958579881656804664e-03 4.551661356395084266e-04 1.820664542558033706e-03
2.250000000000000000e+04 9.000016444551075523e-01 9.940828402366863603e-01 9.103322712790168532e-04 1.934456076467910759e-03 3.413746017296313199e-04 2.730996813837050560e-03
2.275000000000000000e+04 9.100016627268308067e-01 9.948793809740554828e-01 9.103322712790168532e-04 1.365498406918525280e-03 4.551661356395084266e-04 2.389622212107419402e-03
2.300000000000000000e+04 9.200016809985542832e-01 9.956759217114247162e-01 4.551661356395084266e-04 1.137915339098770958e-03 1.137915339098771066e-04 2.617205279927173507e-03
2.325000000000000000e+04 9.300016992702779817e-01 9.957897132453344957e-01 3.413746017296313199e-04 1.024123805188893906e-03 2.275830678197542133e-04 2.617205279927173507e-03
2.350000000000000000e+04 9.400017175420012361e-01 9.961310878470641672e-01 5.689576695493854790e-04 1.251706873008648227e-03 3.413746017296313199e-04 1.706873008648156654e-03
2.375000000000000000e+04 9.500017358137244905e-01 9.962448793809740577e-01 3.413746017296313199e-04 1.593081474738279385e-03 0.000000000000000000e+00 1.820664542558033706e-03
2.400000000000000000e+04 9.600017540854479670e-01 9.959035047792443862e-01 2.275830678197542133e-04 1.251706873008648227e-03 2.275830678197542133e-04 2.389622212107419402e-03
2.425000000000000000e+04 9.700017723571714434e-01 9.959035047792443862e-01 3.413746017296313199e-04 7.965407373691396923e-04 5.689576695493854790e-04 2.389622212107419402e-03
2.450000000000000000e+04 9.800017906288949199e-01 9.946517979062358128e-01 4.551661356395084266e-04 1.024123805188893906e-03 7.965407373691396923e-04 3.072371415566681717e-03
2.475000000000000000e+04 9.900018089006181743e-01 9.961310878470641672e-01 0.000000000000000000e+00 1.251706873008648227e-03 2.275830678197542133e-04 2.389622212107419402e-03
2.500000000000000000e+04 1.000001827172341429e+00 9.956759217114247162e-01 1.137915339098771066e-04 9.103322712790168532e-04 5.689576695493854790e-04 2.730996813837050560e-03
