# itime ezz other fcc hcp bcc ico
0.000000000000000000e+00 0.000000000000000000e+00 7.965407373691396923e-04 9.992034592626308775e-01 0.000000000000000000e+00 0.000000000000000000e+00 0.000000000000000000e+00
2.500000000000000000e+01 1.000028264671826150e-03 2.048247610377787811e-03 9.979517523896221931e-01 0.000000000000000000e+00 0.000000000000000000e+00 0.000000000000000000e+00
5.000000000000000000e+01 2.000056529343652301e-03 1.024123805188893906e-03 9.989758761948110966e-01 0.000000000000000000e+00 0.000000000000000000e+00 0.000000000000000000e+00
7.500000000000000000e+01 3.000084794015478451e-03 1.820664542558033706e-03 9.980655439235320836e-01 0.000000000000000000e+00 1.137915339098771066e-04 0.000000000000000000e+00
1.000000000000000000e+02 4.000113058687304601e-03 4.551661356395084266e-04 9.995448338643604380e-01 0.000000000000000000e+00 0.000000000000000000e+00 0.000000000000000000e+00
1.250000000000000000e+02 5.000141323359130752e-03 1.024123805188893906e-03 9.989758761948110966e-01 0.000000000000000000e+00 0.000000000000000000e+00 0.000000000000000000e+00
1.500000000000000000e+02 6.000169588030956902e-03 9.103322712790168532e-04 9.990896677287209870e-01 0.000000000000000000e+00 0.000000000000000000e+00 0.000000000000000000e+00
1.750000000000000000e+02 7.000197852702783052e-03 1.479289940828402332e-03 9.984069185252617551e-01 0.000000000000000000e+00 1.137915339098771066e-04 0.000000000000000000e+00
2.000000000000000000e+02 8.000226117374609203e-03 1.479289940828402332e-03 9.985207100591716456e-01 0.000000000000000000e+00 0.000000000000000000e+00 0.000000000000000000e+00
2.250000000000000000e+02 9.000254382046435353e-03 1.479289940828402332e-03 9.985207100591716456e-01 0.000000000000000000e+00 0.000000000000000000e+00 0.000000000000000000e+00
2.500000000000000000e+02 1.000028264671826150e-02 9.103322712790168532e-04 9.990896677287209870e-01 0.000000000000000000e+00 0.000000000000000000e+00 0.000000000000000000e+00
2.750000000000000000e+02 1.100031091139008765e-02 1.706873008648156654e-03 9.982931269913518646e-01 0.000000000000000000e+00 0.000000000000000000e+00 0.000000000000000000e+00
3.000000000000000000e+02 1.200033917606191380e-02 7.965407373691396923e-04 9.992034592626308775e-01 0.000000000000000000e+00 0.000000000000000000e+00 0.000000000000000000e+00
3.250000000000000000e+02 1.300036744073373995e-02 1.365498406918525280e-03 9.986345015930814251e-01 0.000000000000000000e+00 0.000000000000000000e+00 0.000000000000000000e+00
3.500000000000000000e+02 1.400039570540556610e-02 3.527537551206190360e-03 9.964724624487938387e-01 0.000000000000000000e+00 0.000000000000000000e+00 0.000000000000000000e+00
3.750000000000000000e+02 1.500042397007739226e-02 1.365498406918525280e-03 9.986345015930814251e-01 0.000000000000000000e+00 0.000000000000000000e+00 0.000000000000000000e+00
4.000000000000000000e+02 1.600045223474921841e-02 3.072371415566681717e-03 9.969276285844332897e-01 0.000000000000000000e+00 0.000000000000000000e+00 0.000000000000000000e+00
4.250000000000000000e+02 1.700048049942104456e-02 7.965407373691396923e-04 9.992034592626308775e-01 0.000000000000000000e+00 0.000000000000000000e+00 0.000000000000000000e+00
4.500000000000000000e+02 1.800050876409287071e-02 2.617205279927173507e-03 9.973827947200728516e-01 0.000000000000000000e+00 0.000000000000000000e+00 0.000000000000000000e+00
4.750000000000000000e+02 1.900053702876469686e-02 2.275830678197541916e-03 9.977241693218024121e-01 0.000000000000000000e+00 0.000000000000000000e+00 0.000000000000000000e+00
5.000000000000000000e+02 2.000056529343652301e-02 1.820664542558033706e-03 9.981793354574419741e-01 0.000000000000000000e+00 0.000000000000000000e+00 0.000000000000000000e+00
5.250000000000000000e+02 2.100059355810834916e-02 3.072371415566681717e-03 9.969276285844332897e-01 0.000000000000000000e+00 0.000000000000000000e+00 0.000000000000000000e+00
5.500000000000000000e+02 2.200062182278017531e-02 2.389622212107419402e-03 9.976103777878926326e-01 0.000000000000000000e+00 0.000000000000000000e+00 0.000000000000000000e+00
5.750000000000000000e+02 2.300065008745200146e-02 2.162039144287664864e-03 9.978379608557123026e-01 0.000000000000000000e+00 0.000000000000000000e+00 0.000000000000000000e+00
6.000000000000000000e+02 2.400067835212382761e-02 4.665452890304961318e-03 9.953345471096950448e-01 0.000000000000000000e+00 0.000000000000000000e+00 0.000000000000000000e+00
6.250000000000000000e+02 2.500070661679543171e-02 2.503413746017296455e-03 9.974965862539827421e-01 0.000000000000000000e+00 0.000000000000000000e+00 0.000000000000000000e+00
6.500000000000000000e+02 2.600073488146725786e-02 3.755120619025944465e-03 9.962448793809740577e-01 0.000000000000000000e+00 0.000000000000000000e+00 0.000000000000000000e+00
6.750000000000000000e+02 2.700076314613908401e-02 5.234410559854347014e-03 9.946517979062358128e-01 0.000000000000000000e+00 1.137915339098771066e-04 0.000000000000000000e+00
7.000000000000000000e+02 2.800079141081091016e-02 2.162039144287664864e-03 9.977241693218024121e-01 0.000000000000000000e+00 1.137915339098771066e-04 0.000000000000000000e+00
7.250000000000000000e+02 2.900081967548273632e-02 3.072371415566681717e-03 9.969276285844332897e-01 0.000000000000000000e+00 0.000000000000000000e+00 0.000000000000000000e+00
7.500000000000000000e+02 3.000084794015456247e-02 3.527537551206190360e-03 9.963586709148839482e-01 0.000000000000000000e+00 1.137915339098771066e-04 0.000000000000000000e+00
7.750000000000000000e+02 3.100087620482638862e-02 4.893035958124715423e-03 9.949931725079653733e-01 0.000000000000000000e+00 1.137915339098771066e-04 0.000000000000000000e+00
8.000000000000000000e+02 3.200090446949821477e-02 8.420573509330906217e-03 9.915794264906691025e-01 0.000000000000000000e+00 0.000000000000000000e+00 0.000000000000000000e+00
8.250000000000000000e+02 3.300093273417004092e-02 6.827492034592626616e-03 9.930587164314974569e-01 0.000000000000000000e+00 1.137915339098771066e-04 0.000000000000000000e+00
8.500000000000000000e+02 3.400096099884186707e-02 5.234410559854347014e-03 9.947655894401457033e-01 0.000000000000000000e+00 0.000000000000000000e+00 0.000000000000000000e+00
8.750000000000000000e+02 3.500098926351369322e-02 4.551661356395083832e-03 9.953345471096950448e-01 0.000000000000000000e+00 1.137915339098771066e-04 0.000000000000000000e+00
9.000000000000000000e+02 3.600101752818551937e-02 6.372325898953117539e-03 9.932862994993172379e-01 0.000000000000000000e+00 3.413746017296313199e-04 0.000000000000000000e+00
9.250000000000000000e+02 3.700104579285734552e-02 7.851615839781519654e-03 9.918070095584888834e-01 0.000000000000000000e+00 3.413746017296313199e-04 0.000000000000000000e+00
9.500000000000000000e+02 3.800107405752917167e-02 9.444697314519799256e-03 9.899863450159308575e-01 0.000000000000000000e+00 5.689576695493854790e-04 0.000000000000000000e+00
9.750000000000000000e+02 3.900110232220099782e-02 7.737824305871643035e-03 9.919208010923987739e-01 0.000000000000000000e+00 3.413746017296313199e-04 0.000000000000000000e+00
1.000000000000000000e+03 4.000113058687282397e-02 9.444697314519799256e-03 9.905553026854801990e-01 0.000000000000000000e+00 0.000000000000000000e+00 0.000000000000000000e+00
1.025000000000000000e+03 4.100115885154465012e-02 9.558488848429677609e-03 9.901001365498406370e-01 0.000000000000000000e+00 3.413746017296313199e-04 0.000000000000000000e+00
1.050000000000000000e+03 4.200118711621647627e-02 6.486117432862995025e-03 9.930587164314974569e-01 0.000000000000000000e+00 4.551661356395084266e-04 0.000000000000000000e+00
1.075000000000000000e+03 4.300121538088830242e-02 6.827492034592626616e-03 9.931725079654073474e-01 0.000000000000000000e+00 0.000000000000000000e+00 0.000000000000000000e+00
1.100000000000000000e+03 4.400124364556012857e-02 1.206190259444697363e-02 9.877105143377332697e-01 0.000000000000000000e+00 2.275830678197542133e-04 0.000000000000000000e+00
1.125000000000000000e+03 4.500127191023195472e-02 9.330905780609922637e-03 9.902139280837505275e-01 0.000000000000000000e+00 4.551661356395084266e-04 0.000000000000000000e+00
1.150000000000000000e+03 4.600130017490378087e-02 1.274465179790623508e-02 9.869139736003641472e-01 0.000000000000000000e+00 3.413746017296313199e-04 0.000000000000000000e+00
1.175000000000000000e+03 4.700132843957560702e-02 1.502048247610377786e-02 9.845243513882566688e-01 0.000000000000000000e+00 4.551661356395084266e-04 0.000000000000000000e+00
1.200000000000000000e+03 4.800135670424743317e-02 1.331360946745562164e-02 9.863450159308146947e-01 0.000000000000000000e+00 3.413746017296313199e-04 0.000000000000000000e+00
1.225000000000000000e+03 4.900138496891925932e-02 1.069640418752844727e-02 9.889622212107419541e-01 0.000000000000000000e+00 3.413746017296313199e-04 0.000000000000000000e+00
1.250000000000000000e+03 5.000141323359108547e-02 1.422394173873463806e-02 9.849795175238962308e-01 0.000000000000000000e+00 7.965407373691396923e-04 0.000000000000000000e+00
1.275000000000000000e+03 5.100144149826291162e-02 1.877560309512972189e-02 9.803140646335912756e-01 0.000000000000000000e+00 9.103322712790168532e-04 0.000000000000000000e+00
1.300000000000000000e+03 5.200146976293473777e-02 1.923076923076923184e-02 9.797451069640418231e-01 0.000000000000000000e+00 1.024123805188893906e-03 0.000000000000000000e+00
1.325000000000000000e+03 5.300149802760656392e-02 1.866181156121984527e-02 9.807692307692307265e-01 0.000000000000000000e+00 5.689576695493854790e-04 0.000000000000000000e+00
1.350000000000000000e+03 5.400152629227839007e-02 1.684114701866181243e-02 9.822485207100591920e-01 0.000000000000000000e+00 9.103322712790168532e-04 0.000000000000000000e+00
1.375000000000000000e+03 5.500155455695021622e-02 1.945835229858898507e-02 9.798588984979517136e-01 0.000000000000000000e+00 6.827492034592626399e-04 0.000000000000000000e+00
1.400000000000000000e+03 5.600158282162204237e-02 1.979972690031861493e-02 9.797451069640418231e-01 0.000000000000000000e+00 4.551661356395084266e-04 0.000000000000000000e+00
1.425000000000000000e+03 5.700161108629386852e-02 2.514792899408284030e-02 9.741693218024578549e-01 0.000000000000000000e+00 6.827492034592626399e-04 0.000000000000000000e+00
1.450000000000000000e+03 5.800163935096569467e-02 2.173418297678652786e-02 9.769003186162948937e-01 0.000000000000000000e+00 1.365498406918525280e-03 0.000000000000000000e+00
1.475000000000000000e+03 5.900166761563752083e-02 3.095129722348657214e-02 9.672280382339554228e-01 0.000000000000000000e+00 1.820664542558033706e-03 0.000000000000000000e+00
1.500000000000000000e+03 6.000169588030934698e-02 2.366863905325443732e-02 9.746244879380974169e-01 0.000000000000000000e+00 1.706873008648156654e-03 0.000000000000000000e+00
1.525000000000000000e+03 6.100172414498117313e-02 2.298588984979517413e-02 9.757624032771962108e-01 0.000000000000000000e+00 1.251706873008648227e-03 0.000000000000000000e+00
1.550000000000000000e+03 6.200175240965299928e-02 2.992717341829767910e-02 9.685935366408738867e-01 0.000000000000000000e+00 1.479289940828402332e-03 0.000000000000000000e+00
1.575000000000000000e+03 6.300178067432482543e-02 3.345471096950387163e-02 9.646108329540282744e-01 0.000000000000000000e+00 1.934456076467910759e-03 0.000000000000000000e+00
1.600000000000000000e+03 6.400180893899665158e-02 3.072371415566681890e-02 9.667728720983158608e-01 0.000000000000000000e+00 2.503413746017296455e-03 0.000000000000000000e+00
1.625000000000000000e+03 6.500183720366847773e-02 3.584433318161128756e-02 9.626763768775603580e-01 0.000000000000000000e+00 1.479289940828402332e-03 0.000000000000000000e+00
1.650000000000000000e+03 6.600186546834030388e-02 4.278561675011378906e-02 9.555075102412380339e-01 0.000000000000000000e+00 1.706873008648156654e-03 0.000000000000000000e+00
1.675000000000000000e+03 6.700189373301213003e-02 5.325443786982248656e-02 9.442421483841602070e-01 0.000000000000000000e+00 2.503413746017296455e-03 0.000000000000000000e+00
1.700000000000000000e+03 6.800192199768395618e-02 4.984069185252617412e-02 9.460628129267182329e-01 0.000000000000000000e+00 4.096495220755575623e-03 0.000000000000000000e+00
1.725000000000000000e+03 6.900195026235578233e-02 5.905780609922621494e-02 9.375284478834774449e-01 0.000000000000000000e+00 3.413746017296313308e-03 0.000000000000000000e+00
1.750000000000000000e+03 7.000197852702760848e-02 6.269913518434228061e-02 9.319526627218934767e-01 0.000000000000000000e+00 5.348202093764223633e-03 0.000000000000000000e+00
1.775000000000000000e+03 7.100200679169943463e-02 5.928538916704597511e-02 9.371870732817478844e-01 0.000000000000000000e+00 3.527537551206190360e-03 0.000000000000000000e+00
1.800000000000000000e+03 7.200203505637126078e-02 6.816112881201638607e-02 9.262630860263996180e-01 0.000000000000000000e+00 5.575785161583977738e-03 0.000000000000000000e+00
1.825000000000000000e+03 7.300206332104286489e-02 7.680928538916705073e-02 9.178425125170687204e-01 0.000000000000000000e+00 5.348202093764223633e-03 0.000000000000000000e+00
1.850000000000000000e+03 7.400209158571469104e-02 7.658170232134729749e-02 9.154528903049613531e-01 0.000000000000000000e+00 7.965407373691398007e-03 0.000000000000000000e+00
1.875000000000000000e+03 7.500211985038651719e-02 8.614019116977697510e-02 9.033909877105142927e-01 0.000000000000000000e+00 1.046882111970869403e-02 0.000000000000000000e+00
1.900000000000000000e+03 7.600214811505834334e-02 9.763313609467455523e-02 8.922394173873463563e-01 0.000000000000000000e+00 1.012744651797906244e-02 0.000000000000000000e+00
1.925000000000000000e+03 7.700217637973016949e-02 1.049157942649066866e-01 8.831360946745562268e-01 0.000000000000000000e+00 1.194811106053709528e-02 0.000000000000000000e+00
1.950000000000000000e+03 7.800220464440199564e-02 9.103322712790168358e-02 8.982703686845698865e-01 0.000000000000000000e+00 1.069640418752844727e-02 0.000000000000000000e+00
1.975000000000000000e+03 7.900223290907382179e-02 9.922621756941284177e-02 8.879153390987710726e-01 0.000000000000000000e+00 1.285844333181611343e-02 0.000000000000000000e+00
2.000000000000000000e+03 8.000226117374564794e-02 1.099226217569412856e-01 8.716431497496586189e-01 0.000000000000000000e+00 1.843422849340009204e-02 0.000000000000000000e+00
2.025000000000000000e+03 8.100228943841747409e-02 1.257396449704142050e-01 8.548020027309968238e-01 0.000000000000000000e+00 1.945835229858898507e-02 0.000000000000000000e+00
2.050000000000000000e+03 8.200231770308930024e-02 1.264223941738734647e-01 8.515020482476103325e-01 2.275830678197542133e-04 2.184797451069640448e-02 0.000000000000000000e+00
2.075000000000000000e+03 8.300234596776112639e-02 1.332498862084660896e-01 8.365953573054164538e-01 0.000000000000000000e+00 3.015475648611743234e-02 0.000000000000000000e+00
2.100000000000000000e+03 8.400237423243295254e-02 1.456531634046426826e-01 8.223714155666818071e-01 1.137915339098771066e-04 3.186162949476559203e-02 0.000000000000000000e+00
2.125000000000000000e+03 8.500240249710477869e-02 1.607874374146563423e-01 8.022303140646336317e-01 0.000000000000000000e+00 3.698224852071006069e-02 0.000000000000000000e+00
2.150000000000000000e+03 8.600243076177660484e-02 1.630632680928539024e-01 7.952890304961310886e-01 0.000000000000000000e+00 4.164770141101502288e-02 0.000000000000000000e+00
2.175000000000000000e+03 8.700245902644843099e-02 1.739872553482020856e-01 7.801547564861174289e-01 0.000000000000000000e+00 4.585798816568047165e-02 0.000000000000000000e+00
2.200000000000000000e+03 8.800248729112025714e-02 1.884387801547564856e-01 7.624032771961766208e-01 0.000000000000000000e+00 4.915794264906690747e-02 0.000000000000000000e+00
2.225000000000000000e+03 8.900251555579208329e-02 1.906008192990441552e-01 7.561447428311333097e-01 1.024123805188893906e-03 5.223031406463359005e-02 0.000000000000000000e+00
2.250000000000000000e+03 9.000254382046390944e-02 1.986800182066454368e-01 7.403277196176604180e-01 1.137915339098770958e-03 5.985434683659535821e-02 0.000000000000000000e+00
2.275000000000000000e+03 9.100257208513573559e-02 2.125625853436504398e-01 7.216659080564405970e-01 1.479289940828402332e-03 6.429221665908056715e-02 0.000000000000000000e+00
2.300000000000000000e+03 9.200260034980756174e-02 2.426035502958579781e-01 6.816112881201638052e-01 1.934456076467910759e-03 7.385070550751024476e-02 0.000000000000000000e+00
2.325000000000000000e+03 9.300262861447938789e-02 2.420345926263086089e-01 6.700045516613564178e-01 2.389622212107419402e-03 8.557123350022757813e-02 0.000000000000000000e+00
2.350000000000000000e+03 9.400265687915121404e-02 2.435138825671370189e-01 6.457669549385525176e-01 4.893035958124715423e-03 1.058261265361857134e-01 0.000000000000000000e+00
2.375000000000000000e+03 9.500268514382304019e-02 2.507965407373691225e-01 6.272189349112425871e-01 6.144742831133363434e-03 1.158397815202548975e-01 0.000000000000000000e+00
2.400000000000000000e+03 9.600271340849486634e-02 2.820892125625853453e-01 5.906918525261720676e-01 6.372325898953117539e-03 1.208466090122894826e-01 0.000000000000000000e+00
2.425000000000000000e+03 9.700274167316669249e-02 2.933545744196631722e-01 5.642922166590805810e-01 6.486117432862995025e-03 1.358670914883932657e-01 0.000000000000000000e+00
2.450000000000000000e+03 9.800276993783851864e-02 2.928994082840236657e-01 5.403959945380063523e-01 6.486117432862995025e-03 1.602184797451069731e-01 0.000000000000000000e+00
2.475000000000000000e+03 9.900279820251034479e-02 3.197542102867546587e-01 4.996586253982703840e-01 1.035502958579881741e-02 1.702321347291761433e-01 0.000000000000000000e+00
2.500000000000000000e+03 1.000028264671821709e-01 3.334091943559399085e-01 4.743969048702776359e-01 1.342740100136549826e-02 1.787664997724169313e-01 0.000000000000000000e+00
2.525000000000000000e+03 1.010028547318539971e-01 3.299954483386435822e-01 4.605143377332726606e-01 1.718252162039144229e-02 1.923076923076923184e-01 0.000000000000000000e+00
2.550000000000000000e+03 1.020028829965258232e-01 3.310195721438324856e-01 4.336595357305416676e-01 2.014110150204824826e-02 2.151797906235776159e-01 0.000000000000000000e+00
2.575000000000000000e+03 1.030029112611976494e-01 3.612881201638598050e-01 3.914428766499772339e-01 2.116522530723714129e-02 2.261037778789257990e-01 0.000000000000000000e+00
2.600000000000000000e+03 1.040029395258694755e-01 3.560537096040054528e-01 3.716431497496586189e-01 3.322712790168411146e-02 2.390760127446517891e-01 0.000000000000000000e+00
2.625000000000000000e+03 1.050029677905413017e-01 3.504779244424214846e-01 3.598088302230313951e-01 4.176149294492489950e-02 2.479517523896222209e-01 0.000000000000000000e+00
2.650000000000000000e+03 1.060029960552131278e-01 3.707328174783796060e-01 3.380746472462448637e-01 4.790623577605826466e-02 2.432862994993172379e-01 0.000000000000000000e+00
2.675000000000000000e+03 1.070030243198849540e-01 3.726672735548475224e-01 3.252162039144287919e-01 5.996813837050523482e-02 2.421483841602184717e-01 0.000000000000000000e+00
2.700000000000000000e+03 1.080030525845567801e-01 3.664087391898042667e-01 3.161128812016386069e-01 6.087847064178425471e-02 2.565999089667728716e-01 0.000000000000000000e+00
2.725000000000000000e+03 1.090030808492286063e-01 3.707328174783796060e-01 3.078060992262175444e-01 7.009558488848430247e-02 2.513654984069185194e-01 0.000000000000000000e+00
2.750000000000000000e+03 1.100031091139004324e-01 3.438780154756486129e-01 3.122439690487027741e-01 8.192990441511151245e-02 2.619481110605371144e-01 0.000000000000000000e+00
2.775000000000000000e+03 1.110031373785722586e-01 3.723258989531179064e-01 2.840236686390532617e-01 8.261265361857077216e-02 2.610377787892581014e-01 0.000000000000000000e+00
2.800000000000000000e+03 1.120031656432440847e-01 3.805188893946290229e-01 2.660446062812926726e-01 9.194355939918069653e-02 2.614929449248976079e-01 0.000000000000000000e+00
2.825000000000000000e+03 1.130031939079159109e-01 3.681156121984524576e-01 2.501137915339098905e-01 9.649522075557578904e-02 2.852753755120618906e-01 0.000000000000000000e+00
2.850000000000000000e+03 1.140032221725877370e-01 3.637915339098771184e-01 2.313381884387801513e-01 9.979517523896222486e-02 3.050751024123805055e-01 0.000000000000000000e+00
2.875000000000000000e+03 1.150032504372595632e-01 3.868912152935821691e-01 2.050523441055985552e-01 1.026399635867091542e-01 3.054164770141101770e-01 0.000000000000000000e+00
2.900000000000000000e+03 1.160032787019313893e-01 3.774465179790623681e-01 1.878698224852070886e-01 1.053709604005461931e-01 3.293126991351843502e-01 0.000000000000000000e+00
2.925000000000000000e+03 1.170033069666032155e-01 3.722121074192080159e-01 1.807009558488848477e-01 1.086709148839326289e-01 3.384160218479745352e-01 0.000000000000000000e+00
2.950000000000000000e+03 1.180033352312750417e-01 3.984979517523896120e-01 1.662494310423304478e-01 1.078743741465634925e-01 3.273782430587164338e-01 0.000000000000000000e+00
2.975000000000000000e+03 1.190033634959468678e-01 3.818843878015475424e-01 1.550978607191624836e-01 1.100364132908511622e-01 3.529813381884387979e-01 0.000000000000000000e+00
3.000000000000000000e+03 1.200033917606186940e-01 3.887118798361401950e-01 1.464497041420118328e-01 1.062812926718252199e-01 3.585571233500227661e-01 0.000000000000000000e+00
3.025000000000000000e+03 1.210034200252902981e-01 3.959945380063722986e-01 1.358670914883932657e-01 1.034365043240782905e-01 3.647018661811561313e-01 0.000000000000000000e+00
3.050000000000000000e+03 1.220034482899621242e-01 3.964497041420118606e-01 1.313154301319981732e-01 1.132225762403277214e-01 3.590122894856622726e-01 0.000000000000000000e+00
3.075000000000000000e+03 1.230034765546339504e-01 3.962221210741920796e-01 1.239189804278561652e-01 1.208466090122894826e-01 3.590122894856622726e-01 0.000000000000000000e+00
3.100000000000000000e+03 1.240035048193057765e-01 3.953117888029130667e-01 1.153846153846153910e-01 1.192535275375512099e-01 3.700500682749203185e-01 0.000000000000000000e+00
3.125000000000000000e+03 1.250035330839776027e-01 4.037323623122439642e-01 1.147018661811561174e-01 1.183431952662721831e-01 3.632225762403277214e-01 0.000000000000000000e+00
3.150000000000000000e+03 1.260035613486494288e-01 4.066909421939007840e-01 1.145880746472462408e-01 1.183431952662721831e-01 3.603777878925807920e-01 0.000000000000000000e+00
3.175000000000000000e+03 1.270035896133212550e-01 4.225079654073736757e-01 1.084433318161128756e-01 1.244879380974055483e-01 3.445607646791079004e-01 0.000000000000000000e+00
3.200000000000000000e+03 1.280036178779930811e-01 4.239872553482020856e-01 1.108329540282202985e-01 1.257396449704142050e-01 3.394401456531633832e-01 0.000000000000000000e+00
3.225000000000000000e+03 1.290036461426649073e-01 4.098771051433773294e-01 1.114019116977696816e-01 1.219845243513882627e-01 3.567364588074647402e-01 0.000000000000000000e+00
3.250000000000000000e+03 1.300036744073367334e-01 4.180700955848885014e-01 1.125398270368684617e-01 1.277878925807919841e-01 3.416021847974510806e-01 0.000000000000000000e+00
3.275000000000000000e+03 1.310037026720085596e-01 4.246700045516613731e-01 1.046882111970869333e-01 1.400773782430587144e-01 3.305644060081929791e-01 0.000000000000000000e+00
3.300000000000000000e+03 1.320037309366803857e-01 4.346836595357305155e-01 1.041192535275375503e-01 1.376877560309512916e-01 3.235093309057806010e-01 0.000000000000000000e+00
3.325000000000000000e+03 1.330037592013522119e-01 4.310423304506144637e-01 1.060537096040054666e-01 1.373463814292216756e-01 3.255575785161584079e-01 0.000000000000000000e+00
3.350000000000000000e+03 1.340037874660240380e-01 4.435593991807009751e-01 9.865725989986344480e-02 1.306326809285389134e-01 3.271506599908966528e-01 0.000000000000000000e+00
3.375000000000000000e+03 1.350038157306958642e-01 4.357077833409194190e-01 9.888484296768319803e-02 1.368912152935821691e-01 3.285161583978152278e-01 0.000000000000000000e+00
3.400000000000000000e+03 1.360038439953676903e-01 4.526627218934911046e-01 8.955393718707328754e-02 1.322257624032771861e-01 3.255575785161584079e-01 0.000000000000000000e+00
3.425000000000000000e+03 1.370038722600395165e-01 4.541420118343195145e-01 9.114701866181156020e-02 1.318843878015475701e-01 3.228265817023213691e-01 0.000000000000000000e+00
3.450000000000000000e+03 1.380039005247113426e-01 4.549385525716886924e-01 7.862994993172507663e-02 1.316568047337278169e-01 3.347746927628584279e-01 0.000000000000000000e+00
3.475000000000000000e+03 1.390039287893831688e-01 4.671142467000455323e-01 7.476103777878925771e-02 1.356395084205735124e-01 3.224852071005916976e-01 0.000000000000000000e+00
3.500000000000000000e+03 1.400039570540549949e-01 4.618798361401911801e-01 7.453345471096950448e-02 1.392808375056895642e-01 3.243058716431497235e-01 0.000000000000000000e+00
3.525000000000000000e+03 1.410039853187268211e-01 4.566454255803368278e-01 7.111970869367319203e-02 1.450842057350933134e-01 3.271506599908966528e-01 0.000000000000000000e+00
3.550000000000000000e+03 1.420040135833986472e-01 4.782658170232134687e-01 6.360946745562130744e-02 1.451979972690031762e-01 3.129267182521620616e-01 0.000000000000000000e+00
3.575000000000000000e+03 1.430040418480704734e-01 4.776968593536640717e-01 6.099226217569413133e-02 1.455393718707328199e-01 3.157715065999089910e-01 0.000000000000000000e+00
3.600000000000000000e+03 1.440040701127422995e-01 4.732589895311788974e-01 5.928538916704597511e-02 1.456531634046426826e-01 3.218024578971324656e-01 0.000000000000000000e+00
3.625000000000000000e+03 1.450040983774141257e-01 4.838416021847974369e-01 5.484751934456076616e-02 1.455393718707328199e-01 3.157715065999089910e-01 0.000000000000000000e+00
3.650000000000000000e+03 1.460041266420859518e-01 4.812243969048702885e-01 5.666818388711879900e-02 1.549840691852526209e-01 3.071233500227583124e-01 0.000000000000000000e+00
3.675000000000000000e+03 1.470041549067577780e-01 4.866863905325443662e-01 5.587164314974965573e-02 1.612426035502958488e-01 2.961993627674101015e-01 0.000000000000000000e+00
3.700000000000000000e+03 1.480041831714296041e-01 4.903277196176604735e-01 5.666818388711879900e-02 1.628356850250341492e-01 2.901684114701866268e-01 0.000000000000000000e+00
3.725000000000000000e+03 1.490042114361014303e-01 4.982931269913518646e-01 5.848884842967683184e-02 1.733045061447428259e-01 2.699135184342285054e-01 0.000000000000000000e+00
3.750000000000000000e+03 1.500042397007732564e-01 4.945380063723259223e-01 6.019572143832498806e-02 1.694355939918070209e-01 2.758306781975420896e-01 0.000000000000000000e+00
3.775000000000000000e+03 1.510042679654450826e-01 5.103550295857988139e-01 5.871643149749658508e-02 1.819526627218935044e-01 2.489758761948110966e-01 0.000000000000000000e+00
3.800000000000000000e+03 1.520042962301169087e-01 5.015930814747382449e-01 5.416477014110149951e-02 1.759217114246700020e-01 2.683204369594902050e-01 0.000000000000000000e+00
3.825000000000000000e+03 1.530043244947887349e-01 5.083067819754210070e-01 5.461993627674101293e-02 1.822940373236231204e-01 2.547792444242148457e-01 0.000000000000000000e+00
3.850000000000000000e+03 1.540043527594605610e-01 4.984069185252616996e-01 5.575785161583977911e-02 1.855939918070095562e-01 2.602412380518889234e-01 0.000000000000000000e+00
3.875000000000000000e+03 1.550043810241323872e-01 5.155894401456531106e-01 5.166135639508420696e-02 1.822940373236231204e-01 2.504551661356395065e-01 0.000000000000000000e+00
3.900000000000000000e+03 1.560044092888042133e-01 5.260582612653618151e-01 5.348202093764223980e-02 1.808147473827947105e-01 2.396449704142011861e-01 0.000000000000000000e+00
3.925000000000000000e+03 1.570044375534760395e-01 5.170687300864815761e-01 5.109239872553481693e-02 1.852526172052799402e-01 2.465862539827036737e-01 0.000000000000000000e+00
3.950000000000000000e+03 1.580044658181478656e-01 5.260582612653618151e-01 5.040964952207555722e-02 1.887801547564861293e-01 2.347519344560764776e-01 0.000000000000000000e+00
3.975000000000000000e+03 1.590044940828196918e-01 5.216203914428766408e-01 4.949931725079653733e-02 1.960628129267182607e-01 2.328174783796085612e-01 0.000000000000000000e+00
4.000000000000000000e+03 1.600045223474915179e-01 5.171825216203914666e-01 4.949931725079653733e-02 1.979972690031861493e-01 2.353208921256258468e-01 0.000000000000000000e+00
4.025000000000000000e+03 1.610045506121633441e-01 5.151342740100136597e-01 5.291306326809285671e-02 2.041420118343195145e-01 2.278106508875739622e-01 0.000000000000000000e+00
4.050000000000000000e+03 1.620045788768351702e-01 5.365270823850705195e-01 5.484751934456076616e-02 2.051661356395084179e-01 2.034592626308602548e-01 0.000000000000000000e+00
4.075000000000000000e+03 1.630046071415069964e-01 5.252617205279926926e-01 5.848884842967683184e-02 2.111970869367319203e-01 2.050523441055985552e-01 0.000000000000000000e+00
4.100000000000000000e+03 1.640046354061788225e-01 5.459717796995903205e-01 5.530268548020027264e-02 2.069868001820664438e-01 1.917387346381429214e-01 0.000000000000000000e+00
4.125000000000000000e+03 1.650046636708506487e-01 5.480200273099681274e-01 5.757851615839781195e-02 2.150659990896677254e-01 1.793354574419663283e-01 0.000000000000000000e+00
4.150000000000000000e+03 1.660046919355224748e-01 5.438097405553027341e-01 5.826126536185707860e-02 2.192762858443331742e-01 1.786527082385070686e-01 0.000000000000000000e+00
4.175000000000000000e+03 1.670047202001943010e-01 5.485889849795174689e-01 5.974055530268548159e-02 2.267865270823850588e-01 1.648839326354119283e-01 0.000000000000000000e+00
4.200000000000000000e+03 1.680047484648661271e-01 5.575785161583978189e-01 5.894401456531633832e-02 2.290623577605826189e-01 1.544151115157032239e-01 0.000000000000000000e+00
4.225000000000000000e+03 1.690047767295377312e-01 5.659990896677287164e-01 5.723714155666818210e-02 2.203004096495220776e-01 1.564633591260810308e-01 0.000000000000000000e+00
4.250000000000000000e+03 1.700048049942095574e-01 5.600819299044150767e-01 5.917159763313609155e-02 2.245106964041875264e-01 1.562357760582612776e-01 0.000000000000000000e+00
4.275000000000000000e+03 1.710048332588813835e-01 5.567819754210286964e-01 6.224396904870277414e-02 2.233727810650887602e-01 1.576012744651797970e-01 0.000000000000000000e+00
4.300000000000000000e+03 1.720048615235532097e-01 5.512061902594447282e-01 6.235776058261265076e-02 2.287209831588529751e-01 1.577150659990896597e-01 0.000000000000000000e+00
4.325000000000000000e+03 1.730048897882250358e-01 5.490441511151570309e-01 6.292671825216203385e-02 2.294037323623122349e-01 1.586253982703686727e-01 0.000000000000000000e+00
4.350000000000000000e+03 1.740049180528968620e-01 5.586026399635867223e-01 6.065088757396449454e-02 2.364588074647246130e-01 1.442876649977241632e-01 0.000000000000000000e+00
4.375000000000000000e+03 1.750049463175686881e-01 5.674783796085570708e-01 6.338188438780155420e-02 2.339553937187073274e-01 1.351843422849340060e-01 0.000000000000000000e+00
4.400000000000000000e+03 1.760049745822405143e-01 5.617888029130633232e-01 5.848884842967683184e-02 2.426035502958579781e-01 1.371187983614019223e-01 0.000000000000000000e+00
4.425000000000000000e+03 1.770050028469123404e-01 5.689576695493855363e-01 5.860263996358670846e-02 2.385070550751024199e-01 1.339326354119253493e-01 0.000000000000000000e+00
4.450000000000000000e+03 1.780050311115841666e-01 5.779472007282657753e-01 6.190259444697314428e-02 2.316795630405097950e-01 1.284706417842512438e-01 0.000000000000000000e+00
4.475000000000000000e+03 1.790050593762559927e-01 5.799954483386435822e-01 5.996813837050523482e-02 2.338416021847974646e-01 1.261948111060537114e-01 0.000000000000000000e+00
4.500000000000000000e+03 1.800050876409278189e-01 5.776058261265362148e-01 5.985434683659535821e-02 2.348657259899863403e-01 1.276741010468821214e-01 0.000000000000000000e+00
4.525000000000000000e+03 1.810051159055996450e-01 5.902366863905325056e-01 5.837505689576695522e-02 2.306554392353208915e-01 1.207328174783796060e-01 0.000000000000000000e+00
4.550000000000000000e+03 1.820051441702714712e-01 5.773782430587164338e-01 6.144742831133363781e-02 2.382794720072826666e-01 1.228948566226672756e-01 0.000000000000000000e+00
4.575000000000000000e+03 1.830051724349432973e-01 5.785161583978152278e-01 6.167501137915339104e-02 2.371415566681839004e-01 1.226672735548475224e-01 0.000000000000000000e+00
4.600000000000000000e+03 1.840052006996151235e-01 5.968365953573053773e-01 5.939918070095585173e-02 2.398725534820209393e-01 1.038916704597177970e-01 0.000000000000000000e+00
4.625000000000000000e+03 1.850052289642869496e-01 5.949021392808374609e-01 5.848884842967683184e-02 2.349795175238962308e-01 1.116294947655894348e-01 0.000000000000000000e+00
4.650000000000000000e+03 1.860052572289587758e-01 6.033227127901683584e-01 5.769230769230769551e-02 2.426035502958579781e-01 9.638142922166591242e-02 0.000000000000000000e+00
4.675000000000000000e+03 1.870052854936306019e-01 6.008192990441511006e-01 5.871643149749658508e-02 2.471552116522530707e-01 9.330905780609922984e-02 0.000000000000000000e+00
4.700000000000000000e+03 1.880053137583024281e-01 5.992262175694128556e-01 5.951297223486572835e-02 2.484069185252617273e-01 9.285389167045972336e-02 0.000000000000000000e+00
4.725000000000000000e+03 1.890053420229742542e-01 5.991124260355029651e-01 6.451979972690032039e-02 2.493172507965407403e-01 8.705052344105598805e-02 0.000000000000000000e+00
4.750000000000000000e+03 1.900053702876460804e-01 6.051433773327264953e-01 5.951297223486572835e-02 2.493172507965407403e-01 8.602639963586708460e-02 0.000000000000000000e+00
4.775000000000000000e+03 1.910053985523179065e-01 6.069640418752845212e-01 6.099226217569413133e-02 2.565999089667728716e-01 7.544378698224851743e-02 0.000000000000000000e+00
4.800000000000000000e+03 1.920054268169897327e-01 5.925125170687300935e-01 6.531634046426945672e-02 2.552344105598543522e-01 8.693673190714611143e-02 0.000000000000000000e+00
4.825000000000000000e+03 1.930054550816615588e-01 6.099226217569412301e-01 6.087847064178425471e-02 2.521620391442876419e-01 7.703686845698680397e-02 0.000000000000000000e+00
4.850000000000000000e+03 1.940054833463333850e-01 6.118570778334091465e-01 6.417842512517069054e-02 2.464724624487938109e-01 7.749203459262631044e-02 0.000000000000000000e+00
4.875000000000000000e+03 1.950055116110052111e-01 6.075329995448338627e-01 6.281292671825215723e-02 2.514792899408284099e-01 7.817478379608557015e-02 0.000000000000000000e+00
4.900000000000000000e+03 1.960055398756770373e-01 6.178880291306326766e-01 6.053709604005461792e-02 2.485207100591715901e-01 7.305416477014110843e-02 0.000000000000000000e+00
4.925000000000000000e+03 1.970055681403488634e-01 6.157259899863449792e-01 6.087847064178425471e-02 2.481793354574419741e-01 7.521620391442876419e-02 0.000000000000000000e+00
4.950000000000000000e+03 1.980055964050206896e-01 6.215293582157487284e-01 6.190259444697314428e-02 2.474965862539827144e-01 6.907146108329539902e-02 0.000000000000000000e+00
4.975000000000000000e+03 1.990056246696925157e-01 6.200500682749203740e-01 6.429221665908056715e-02 2.482931269913518368e-01 6.736458807464724974e-02 0.000000000000000000e+00
5.000000000000000000e+03 2.000056529343643419e-01 6.107191624943104635e-01 6.622667273554846967e-02 2.536413290851160518e-01 6.941283568502502888e-02 0.000000000000000000e+00
5.025000000000000000e+03 2.010056811990361680e-01 6.302913063268092975e-01 6.349567592171143082e-02 2.440828402366863881e-01 6.213017751479289752e-02 0.000000000000000000e+00
5.050000000000000000e+03 2.020057094637079942e-01 6.185707783340919086e-01 6.167501137915339104e-02 2.513654984069185194e-01 6.838871187983613931e-02 0.000000000000000000e+00
5.075000000000000000e+03 2.030057377283798203e-01 6.167501137915338827e-01 6.349567592171143082e-02 2.538689121529358328e-01 6.588529813381883982e-02 0.000000000000000000e+00
5.100000000000000000e+03 2.040057659930516465e-01 6.372325898953118406e-01 6.087847064178425471e-02 2.473827947200728239e-01 5.450614474283113631e-02 0.000000000000000000e+00
5.125000000000000000e+03 2.050057942577234726e-01 6.297223486572598450e-01 6.235776058261265076e-02 2.493172507965407403e-01 5.860263996358670846e-02 0.000000000000000000e+00
5.150000000000000000e+03 2.060058225223952988e-01 6.360946745562130467e-01 6.247155211652252738e-02 2.512517068730086289e-01 5.018206645425580398e-02 0.000000000000000000e+00
5.175000000000000000e+03 2.070058507870671249e-01 6.437187073281748217e-01 5.837505689576695522e-02 2.464724624487938109e-01 5.143377332726445372e-02 0.000000000000000000e+00
5.200000000000000000e+03 2.080058790517389511e-01 6.407601274465180019e-01 5.939918070095585173e-02 2.474965862539827144e-01 5.234410559854346667e-02 0.000000000000000000e+00
5.225000000000000000e+03 2.090059073164107772e-01 6.364360491579426071e-01 6.053709604005461792e-02 2.438552571688666348e-01 5.917159763313609155e-02 0.000000000000000000e+00
5.250000000000000000e+03 2.100059355810826034e-01 6.342740100136550208e-01 6.360946745562130744e-02 2.505689576695493970e-01 5.154756486117433034e-02 0.000000000000000000e+00
5.275000000000000000e+03 2.110059638457544295e-01 6.372325898953118406e-01 6.326809285389166371e-02 2.427173418297678686e-01 5.678197542102867562e-02 0.000000000000000000e+00
5.300000000000000000e+03 2.120059921104262557e-01 6.442876649977241632e-01 6.315430131998178709e-02 2.434000910332271284e-01 4.915794264906690747e-02 0.000000000000000000e+00
5.325000000000000000e+03 2.130060203750980818e-01 6.424670004551661373e-01 6.042330450614474130e-02 2.469276285844333174e-01 5.018206645425580398e-02 0.000000000000000000e+00
5.350000000000000000e+03 2.140060486397699080e-01 6.363222576240327166e-01 6.178880291306326766e-02 2.511379153390987939e-01 5.075102412380518707e-02 0.000000000000000000e+00
5.375000000000000000e+03 2.150060769044417341e-01 6.426945835229859183e-01 6.315430131998178709e-02 2.488620846609012338e-01 4.528903049613108855e-02 0.000000000000000000e+00
5.400000000000000000e+03 2.160061051691135603e-01 6.400773782430587699e-01 6.497496586253982687e-02 2.512517068730086289e-01 4.369594902139280895e-02 0.000000000000000000e+00
5.425000000000000000e+03 2.170061334337851644e-01 6.457669549385525176e-01 5.985434683659535821e-02 2.520482476103778069e-01 4.233045061447428259e-02 0.000000000000000000e+00
5.450000000000000000e+03 2.180061616984569905e-01 6.400773782430587699e-01 6.395084205735093730e-02 2.555757851615839682e-01 4.039599453800637313e-02 0.000000000000000000e+00
5.475000000000000000e+03 2.190061899631288167e-01 6.360946745562130467e-01 6.338188438780155420e-02 2.531861629494765453e-01 4.733727810650887463e-02 0.000000000000000000e+00
5.500000000000000000e+03 2.200062182278006429e-01 6.416704597177970149e-01 6.417842512517069054e-02 2.456759217114246607e-01 4.847519344560764776e-02 0.000000000000000000e+00
5.525000000000000000e+03 2.210062464924724690e-01 6.536185707783340737e-01 5.951297223486572835e-02 2.428311333636777314e-01 4.403732362312243881e-02 0.000000000000000000e+00
5.550000000000000000e+03 2.220062747571442952e-01 6.413290851160673434e-01 6.599908966772871644e-02 2.515930814747383004e-01 4.107874374146563284e-02 0.000000000000000000e+00
5.575000000000000000e+03 2.230063030218161213e-01 6.491807009558488994e-01 6.338188438780155420e-02 2.470414201183432079e-01 4.039599453800637313e-02 0.000000000000000000e+00
5.600000000000000000e+03 2.240063312864879475e-01 6.440600819299043822e-01 6.588529813381883982e-02 2.444242148384160318e-01 4.563040509786071841e-02 0.000000000000000000e+00
5.625000000000000000e+03 2.250063595511597736e-01 6.507737824305871444e-01 6.395084205735093730e-02 2.445380063723258945e-01 4.073736913973600299e-02 0.000000000000000000e+00
5.650000000000000000e+03 2.260063878158315998e-01 6.489531178880291185e-01 6.406463359126081392e-02 2.532999544833864358e-01 3.368229403732362487e-02 0.000000000000000000e+00
5.675000000000000000e+03 2.270064160805034259e-01 6.540737369139736357e-01 6.588529813381883982e-02 2.462448793809740577e-01 3.379608557123350149e-02 0.000000000000000000e+00
