# itime ezz other fcc hcp bcc ico
0.000000000000000000e+00 0.000000000000000000e+00 5.689576695493854790e-04 9.994310423304506585e-01 0.000000000000000000e+00 0.000000000000000000e+00 0.000000000000000000e+00
2.500000000000000000e+02 9.999614853277716264e-04 1.024123805188893906e-03 9.989758761948110966e-01 0.000000000000000000e+00 0.000000000000000000e+00 0.000000000000000000e+00
5.000000000000000000e+02 1.999922970655321208e-03 1.024123805188893906e-03 9.989758761948110966e-01 0.000000000000000000e+00 0.000000000000000000e+00 0.000000000000000000e+00
7.500000000000000000e+02 2.999884455983092835e-03 9.103322712790168532e-04 9.990896677287209870e-01 0.000000000000000000e+00 0.000000000000000000e+00 0.000000000000000000e+00
1.000000000000000000e+03 3.999845941310642417e-03 1.137915339098771066e-04 9.998862084660901095e-01 0.000000000000000000e+00 0.000000000000000000e+00 0.000000000000000000e+00
1.250000000000000000e+03 4.999807426638414043e-03 1.024123805188893906e-03 9.989758761948110966e-01 0.000000000000000000e+00 0.000000000000000000e+00 0.000000000000000000e+00
1.500000000000000000e+03 5.999768911966185669e-03 2.162039144287664864e-03 9.978379608557123026e-01 0.000000000000000000e+00 0.000000000000000000e+00 0.000000000000000000e+00
1.750000000000000000e+03 6.999730397293735251e-03 3.413746017296313199e-04 9.996586253982703285e-01 0.000000000000000000e+00 0.000000000000000000e+00 0.000000000000000000e+00
2.000000000000000000e+03 7.999691882621506878e-03 3.413746017296313199e-04 9.996586253982703285e-01 0.000000000000000000e+00 0.000000000000000000e+00 0.000000000000000000e+00
2.250000000000000000e+03 8.999653367949278504e-03 1.137915339098770958e-03 9.988620846609012061e-01 0.000000000000000000e+00 0.000000000000000000e+00 0.000000000000000000e+00
2.500000000000000000e+03 9.999614853276828086e-03 6.827492034592626399e-04 9.993172507965407680e-01 0.000000000000000000e+00 0.000000000000000000e+00 0.000000000000000000e+00
2.750000000000000000e+03 1.099957633860459971e-02 1.706873008648156654e-03 9.982931269913518646e-01 0.000000000000000000e+00 0.000000000000000000e+00 0.000000000000000000e+00
3.000000000000000000e+03 1.199953782393214929e-02 1.479289940828402332e-03 9.985207100591716456e-01 0.000000000000000000e+00 0.000000000000000000e+00 0.000000000000000000e+00
3.250000000000000000e+03 1.299949930925992092e-02 5.689576695493854790e-04 9.994310423304506585e-01 0.000000000000000000e+00 0.000000000000000000e+00 0.000000000000000000e+00
3.500000000000000000e+03 1.399946079458769255e-02 1.593081474738279385e-03 9.982931269913518646e-01 0.000000000000000000e+00 1.137915339098771066e-04 0.000000000000000000e+00
3.750000000000000000e+03 1.499942227991524213e-02 1.820664542558033706e-03 9.981793354574419741e-01 0.000000000000000000e+00 0.000000000000000000e+00 0.000000000000000000e+00
4.000000000000000000e+03 1.599938376524301376e-02 1.820664542558033706e-03 9.981793354574419741e-01 0.000000000000000000e+00 0.000000000000000000e+00 0.000000000000000000e+00
4.250000000000000000e+03 1.699934525057056334e-02 1.137915339098770958e-03 9.987482931269913156e-01 0.000000000000000000e+00 1.137915339098771066e-04 0.000000000000000000e+00
4.500000000000000000e+03 1.799930673589833496e-02 1.934456076467910759e-03 9.980655439235320836e-01 0.000000000000000000e+00 0.000000000000000000e+00 0.000000000000000000e+00
4.750000000000000000e+03 1.899926822122610659e-02 1.706873008648156654e-03 9.982931269913518646e-01 0.000000000000000000e+00 0.000000000000000000e+00 0.000000000000000000e+00
5.000000000000000000e+03 1.999922970655365617e-02 2.730996813837050560e-03 9.970414201183431802e-01 0.000000000000000000e+00 2.275830678197542133e-04 0.000000000000000000e+00
5.250000000000000000e+03 2.099919119188142780e-02 1.365498406918525280e-03 9.986345015930814251e-01 0.000000000000000000e+00 0.000000000000000000e+00 0.000000000000000000e+00
5.500000000000000000e+03 2.199915267720897738e-02 5.348202093764223633e-03 9.943104233045061413e-01 0.000000000000000000e+00 3.413746017296313199e-04 0.000000000000000000e+00
5.750000000000000000e+03 2.299911416253674901e-02 1.365498406918525280e-03 9.986345015930814251e-01 0.000000000000000000e+00 0.000000000000000000e+00 0.000000000000000000e+00
6.000000000000000000e+03 2.399907564786452063e-02 2.730996813837050560e-03 9.972690031861629611e-01 0.000000000000000000e+00 0.000000000000000000e+00 0.000000000000000000e+00
6.250000000000000000e+03 2.499903713319207021e-02 3.527537551206190360e-03 9.964724624487938387e-01 0.000000000000000000e+00 0.000000000000000000e+00 0.000000000000000000e+00
6.500000000000000000e+03 2.599899861851984184e-02 3.982703686845699004e-03 9.960172963131542767e-01 0.000000000000000000e+00 0.000000000000000000e+00 0.000000000000000000e+00
6.750000000000000000e+03 2.699896010384761347e-02 4.324078288575329727e-03 9.956759217114247162e-01 0.000000000000000000e+00 0.000000000000000000e+00 0.000000000000000000e+00
7.000000000000000000e+03 2.799892158917516305e-02 3.186162949476558769e-03 9.964724624487938387e-01 0.000000000000000000e+00 3.413746017296313199e-04 0.000000000000000000e+00
7.250000000000000000e+03 2.899888307450293468e-02 2.503413746017296455e-03 9.974965862539827421e-01 0.000000000000000000e+00 0.000000000000000000e+00 0.000000000000000000e+00
7.500000000000000000e+03 2.999884455983048426e-02 5.006827492034592909e-03 9.948793809740554828e-01 0.000000000000000000e+00 1.137915339098771066e-04 0.000000000000000000e+00
7.750000000000000000e+03 3.099880604515825588e-02 4.779244424214838804e-03 9.952207555757851543e-01 0.000000000000000000e+00 0.000000000000000000e+00 0.000000000000000000e+00
8.000000000000000000e+03 3.199876753048602751e-02 3.868912152935821518e-03 9.961310878470641672e-01 0.000000000000000000e+00 0.000000000000000000e+00 0.000000000000000000e+00
8.250000000000000000e+03 3.299872901581357709e-02 6.599908966772872511e-03 9.934000910332271284e-01 0.000000000000000000e+00 0.000000000000000000e+00 0.000000000000000000e+00
8.500000000000000000e+03 3.399869050114134872e-02 3.641329085116067413e-03 9.962448793809740577e-01 0.000000000000000000e+00 1.137915339098771066e-04 0.000000000000000000e+00
8.750000000000000000e+03 3.499865198646889830e-02 4.665452890304961318e-03 9.953345471096950448e-01 0.000000000000000000e+00 0.000000000000000000e+00 0.000000000000000000e+00
9.000000000000000000e+03 3.599861347179666993e-02 7.055075102412380721e-03 9.928311333636777869e-01 0.000000000000000000e+00 1.137915339098771066e-04 0.000000000000000000e+00
9.250000000000000000e+03 3.699857495712444155e-02 7.965407373691398007e-03 9.919208010923987739e-01 0.000000000000000000e+00 1.137915339098771066e-04 0.000000000000000000e+00
9.500000000000000000e+03 3.799853644245199114e-02 9.330905780609922637e-03 9.905553026854801990e-01 0.000000000000000000e+00 1.137915339098771066e-04 0.000000000000000000e+00
9.750000000000000000e+03 3.899849792777976276e-02 7.624032771961766417e-03 9.919208010923987739e-01 0.000000000000000000e+00 4.551661356395084266e-04 0.000000000000000000e+00
1.000000000000000000e+04 3.999845941310753439e-02 7.624032771961766417e-03 9.920345926263085534e-01 0.000000000000000000e+00 3.413746017296313199e-04 0.000000000000000000e+00
1.025000000000000000e+04 4.099842089843508397e-02 8.648156577150659455e-03 9.910104688211197610e-01 0.000000000000000000e+00 3.413746017296313199e-04 0.000000000000000000e+00
1.050000000000000000e+04 4.199838238376285560e-02 5.689576695493855224e-03 9.938552571688666903e-01 0.000000000000000000e+00 4.551661356395084266e-04 0.000000000000000000e+00
1.075000000000000000e+04 4.299834386909040518e-02 6.144742831133363434e-03 9.931725079654073474e-01 0.000000000000000000e+00 6.827492034592626399e-04 0.000000000000000000e+00
1.100000000000000000e+04 4.399830535441817680e-02 7.055075102412380721e-03 9.924897587619481154e-01 0.000000000000000000e+00 4.551661356395084266e-04 0.000000000000000000e+00
1.125000000000000000e+04 4.499826683974594843e-02 1.411015020482476144e-02 9.857760582612653533e-01 0.000000000000000000e+00 1.137915339098771066e-04 0.000000000000000000e+00
1.150000000000000000e+04 4.599822832507349801e-02 8.534365043240782836e-03 9.913518434228493215e-01 0.000000000000000000e+00 1.137915339098771066e-04 0.000000000000000000e+00
1.175000000000000000e+04 4.699818981040126964e-02 1.342740100136549826e-02 9.864588074647245852e-01 0.000000000000000000e+00 1.137915339098771066e-04 0.000000000000000000e+00
1.200000000000000000e+04 4.799815129572881922e-02 1.467910787437414627e-02 9.847519344560764498e-01 0.000000000000000000e+00 5.689576695493854790e-04 0.000000000000000000e+00
1.225000000000000000e+04 4.899811278105659085e-02 1.240327719617660522e-02 9.875967228038233792e-01 0.000000000000000000e+00 0.000000000000000000e+00 0.000000000000000000e+00
1.250000000000000000e+04 4.999807426638436247e-02 1.558944014565316269e-02 9.833864360491579859e-01 0.000000000000000000e+00 1.024123805188893906e-03 0.000000000000000000e+00
1.275000000000000000e+04 5.099803575171191206e-02 1.854802002730996865e-02 9.806554392353209471e-01 0.000000000000000000e+00 7.965407373691396923e-04 0.000000000000000000e+00
1.300000000000000000e+04 5.199799723703968368e-02 1.433773327264451468e-02 9.854346836595356818e-01 0.000000000000000000e+00 2.275830678197542133e-04 0.000000000000000000e+00
1.325000000000000000e+04 5.299795872236723326e-02 1.934456076467910846e-02 9.800864815657714946e-01 0.000000000000000000e+00 5.689576695493854790e-04 0.000000000000000000e+00
1.350000000000000000e+04 5.399792020769500489e-02 1.854802002730996865e-02 9.808830223031406170e-01 0.000000000000000000e+00 5.689576695493854790e-04 0.000000000000000000e+00
1.375000000000000000e+04 5.499788169302277652e-02 1.263086026399635846e-02 9.871415566681839282e-01 0.000000000000000000e+00 2.275830678197542133e-04 0.000000000000000000e+00
1.400000000000000000e+04 5.599784317835032610e-02 2.514792899408284030e-02 9.739417387346381849e-01 0.000000000000000000e+00 9.103322712790168532e-04 0.000000000000000000e+00
1.425000000000000000e+04 5.699780466367809773e-02 2.514792899408284030e-02 9.733727810650887324e-01 0.000000000000000000e+00 1.479289940828402332e-03 0.000000000000000000e+00
1.450000000000000000e+04 5.799776614900586935e-02 2.810650887573964626e-02 9.706417842512516936e-01 0.000000000000000000e+00 1.251706873008648227e-03 0.000000000000000000e+00
1.475000000000000000e+04 5.899772763433341893e-02 2.275830678197542090e-02 9.759899863450158808e-01 0.000000000000000000e+00 1.251706873008648227e-03 0.000000000000000000e+00
1.500000000000000000e+04 5.999768911966119056e-02 2.719617660446062984e-02 9.710969503868912556e-01 0.000000000000000000e+00 1.706873008648156654e-03 0.000000000000000000e+00
1.525000000000000000e+04 6.099765060498874014e-02 2.457897132453345374e-02 9.746244879380974169e-01 0.000000000000000000e+00 7.965407373691396923e-04 0.000000000000000000e+00
1.550000000000000000e+04 6.199761209031651177e-02 3.402366863905325473e-02 9.634729176149294805e-01 0.000000000000000000e+00 2.503413746017296455e-03 0.000000000000000000e+00
1.575000000000000000e+04 6.299757357564428339e-02 3.595812471552116418e-02 9.614246700045516736e-01 0.000000000000000000e+00 2.617205279927173507e-03 0.000000000000000000e+00
1.600000000000000000e+04 6.399753506097183298e-02 2.947200728265816916e-02 9.691624943104233392e-01 0.000000000000000000e+00 1.365498406918525280e-03 0.000000000000000000e+00
1.625000000000000000e+04 6.499749654629960460e-02 3.311333636777423484e-02 9.642694583522986029e-01 0.000000000000000000e+00 2.617205279927173507e-03 0.000000000000000000e+00
1.650000000000000000e+04 6.599745803162715418e-02 3.777878925807919702e-02 9.609695038689121116e-01 0.000000000000000000e+00 1.251706873008648227e-03 0.000000000000000000e+00
1.675000000000000000e+04 6.699741951695492581e-02 4.324078288575330248e-02 9.548247610377788019e-01 0.000000000000000000e+00 1.934456076467910759e-03 0.000000000000000000e+00
1.700000000000000000e+04 6.799738100228269744e-02 4.176149294492489950e-02 9.552799271734182529e-01 0.000000000000000000e+00 2.958579881656804664e-03 0.000000000000000000e+00
1.725000000000000000e+04 6.899734248761024702e-02 4.005461993627674328e-02 9.574419663177059503e-01 0.000000000000000000e+00 2.503413746017296455e-03 0.000000000000000000e+00
1.750000000000000000e+04 6.999730397293801865e-02 5.245789713245334329e-02 9.435593991807009751e-01 0.000000000000000000e+00 3.982703686845699004e-03 0.000000000000000000e+00
1.775000000000000000e+04 7.099726545826579027e-02 5.302685480200273332e-02 9.433318161128811941e-01 0.000000000000000000e+00 3.641329085116067413e-03 0.000000000000000000e+00
1.800000000000000000e+04 7.199722694359333985e-02 5.598543468365953235e-02 9.380974055530268974e-01 0.000000000000000000e+00 5.917159763313609329e-03 0.000000000000000000e+00
1.825000000000000000e+04 7.299718842892111148e-02 6.417842512517069054e-02 9.303595812471552318e-01 0.000000000000000000e+00 5.461993627674101119e-03 0.000000000000000000e+00
1.850000000000000000e+04 7.399714991424866106e-02 6.144742831133363781e-02 9.335457441966317216e-01 0.000000000000000000e+00 5.006827492034592909e-03 0.000000000000000000e+00
1.875000000000000000e+04 7.499711139957643269e-02 6.178880291306326766e-02 9.341147018661811741e-01 0.000000000000000000e+00 4.096495220755575623e-03 0.000000000000000000e+00
1.900000000000000000e+04 7.599707288490420432e-02 7.146108329540282189e-02 9.219390077378243342e-01 0.000000000000000000e+00 6.599908966772872511e-03 0.000000000000000000e+00
1.925000000000000000e+04 7.699703437023175390e-02 7.760582612653618706e-02 9.168183887118798170e-01 0.000000000000000000e+00 5.575785161583977738e-03 0.000000000000000000e+00
1.950000000000000000e+04 7.799699585555952552e-02 7.555757851615839404e-02 9.184114701866180619e-01 0.000000000000000000e+00 6.030951297223486815e-03 0.000000000000000000e+00
1.975000000000000000e+04 7.899695734088707511e-02 9.057806099226217711e-02 8.988393263541192280e-01 0.000000000000000000e+00 1.058261265361857065e-02 0.000000000000000000e+00
2.000000000000000000e+04 7.999691882621484673e-02 8.932635411925353430e-02 9.013427401001365968e-01 0.000000000000000000e+00 9.330905780609922637e-03 0.000000000000000000e+00
2.025000000000000000e+04 8.099688031154261836e-02 9.729176149294492537e-02 8.903049613108784399e-01 0.000000000000000000e+00 1.240327719617660522e-02 0.000000000000000000e+00
2.050000000000000000e+04 8.199684179687016794e-02 1.090122894856622726e-01 8.804050978607191880e-01 0.000000000000000000e+00 1.058261265361857065e-02 0.000000000000000000e+00
2.075000000000000000e+04 8.299680328219793957e-02 1.297223486572599005e-01 8.474055530268548297e-01 0.000000000000000000e+00 2.287209831588529751e-02 0.000000000000000000e+00
2.100000000000000000e+04 8.399676476752548915e-02 1.486117432862995025e-01 8.134956759217114586e-01 1.820664542558033706e-03 3.607191624943104080e-02 0.000000000000000000e+00
2.125000000000000000e+04 8.499672625285326077e-02 1.759217114246700020e-01 7.553482020937641872e-01 8.989531178880291046e-03 5.974055530268548159e-02 0.000000000000000000e+00
2.150000000000000000e+04 8.599668773818103240e-02 1.771734182976786587e-01 7.154073736913973969e-01 3.766499772416932040e-02 6.975421028675465873e-02 0.000000000000000000e+00
2.175000000000000000e+04 8.699664922350858198e-02 1.833181611288120239e-01 6.561219845243514426e-01 9.228493400091032639e-02 6.827492034592626269e-02 0.000000000000000000e+00
2.200000000000000000e+04 8.799661070883635361e-02 1.202776513427400995e-01 7.317933545744196300e-01 1.308602639963586667e-01 1.706873008648156567e-02 0.000000000000000000e+00
2.225000000000000000e+04 8.899657219416412524e-02 1.215293582157487423e-01 7.203004096495220221e-01 1.365498406918525254e-01 2.162039144287665124e-02 0.000000000000000000e+00
2.250000000000000000e+04 8.999653367949167482e-02 1.310878470641784199e-01 6.859353664087392000e-01 1.472462448793809831e-01 3.573054164770141095e-02 0.000000000000000000e+00
2.275000000000000000e+04 9.099649516481944644e-02 9.945380063723259501e-02 6.602184797451069453e-01 2.126763768775603025e-01 2.765134274010013632e-02 0.000000000000000000e+00
2.300000000000000000e+04 9.199645665014699603e-02 8.716431497496586467e-02 6.581702321347291385e-01 2.375967228038234069e-01 1.706873008648156567e-02 0.000000000000000000e+00
2.325000000000000000e+04 9.299641813547476765e-02 8.284023668639053928e-02 6.656804733727810230e-01 2.347519344560764776e-01 1.672735548475193582e-02 0.000000000000000000e+00
2.350000000000000000e+04 9.399637962080253928e-02 7.828857532999544677e-02 6.648839326354119006e-01 2.366863905325443662e-01 2.014110150204824826e-02 0.000000000000000000e+00
2.375000000000000000e+04 9.499634110613008886e-02 8.750568957669549452e-02 6.603322712790168358e-01 2.347519344560764776e-01 1.741010468821119553e-02 0.000000000000000000e+00
2.400000000000000000e+04 9.599630259145786049e-02 8.659535730541648157e-02 6.580564406008192480e-01 2.362312243969048597e-01 1.911697769685935522e-02 0.000000000000000000e+00
2.425000000000000000e+04 9.699626407678541007e-02 8.431952662721893532e-02 6.623805188893946427e-01 2.385070550751024199e-01 1.479289940828402289e-02 0.000000000000000000e+00
2.450000000000000000e+04 9.799622556211318170e-02 9.137460172963131344e-02 6.535047792444241832e-01 2.347519344560764776e-01 2.036868456986800149e-02 0.000000000000000000e+00
2.475000000000000000e+04 9.899618704744095332e-02 9.069185252617205373e-02 6.546426945835229771e-01 2.327036868456986707e-01 2.196176604460628110e-02 0.000000000000000000e+00
2.500000000000000000e+04 9.999614853276850290e-02 1.076467910787437393e-01 6.318843878015475424e-01 2.325898953117888079e-01 2.787892580791988956e-02 0.000000000000000000e+00
2.525000000000000000e+04 1.009961100180962745e-01 9.854346836595356818e-02 6.445152480655439442e-01 2.371415566681839004e-01 1.979972690031861493e-02 0.000000000000000000e+00
2.550000000000000000e+04 1.019960715034240462e-01 1.063950842057350965e-01 6.375739644970414011e-01 2.364588074647246130e-01 1.957214383249886169e-02 0.000000000000000000e+00
2.575000000000000000e+04 1.029960329887515957e-01 1.116294947655894348e-01 6.323395539371871044e-01 2.313381884387801513e-01 2.469276285844333035e-02 0.000000000000000000e+00
2.600000000000000000e+04 1.039959944740793674e-01 1.205052344105598527e-01 6.208466090122894965e-01 2.333864360491579304e-01 2.526172052799271692e-02 0.000000000000000000e+00
2.625000000000000000e+04 1.049959559594069169e-01 1.273327264451524776e-01 6.166363222576239922e-01 2.280382339553937154e-01 2.799271734182976618e-02 0.000000000000000000e+00
2.650000000000000000e+04 1.059959174447346886e-01 1.454255803368229294e-01 5.938780154756485574e-01 2.284934000910332219e-01 3.220300409649522189e-02 0.000000000000000000e+00
2.675000000000000000e+04 1.069958789300624602e-01 1.566909421939007840e-01 5.814747382794720476e-01 2.239417387346381294e-01 3.789258079198907364e-02 0.000000000000000000e+00
2.700000000000000000e+04 1.079958404153900098e-01 1.652253072371415443e-01 5.667956304050978389e-01 2.210969503868912278e-01 4.688211197086936816e-02 0.000000000000000000e+00
2.725000000000000000e+04 1.089958019007177814e-01 1.720527992717341692e-01 5.657715065999089354e-01 2.146108329540282189e-01 4.756486117432862787e-02 0.000000000000000000e+00
2.750000000000000000e+04 1.099957633860453310e-01 1.908284023668639084e-01 5.349340009103322746e-01 2.077833409194355940e-01 6.645425580336822291e-02 0.000000000000000000e+00
2.775000000000000000e+04 1.109957248713731026e-01 2.243969048702776636e-01 4.655211652253072319e-01 2.031178880291306388e-01 1.069640418752844796e-01 0.000000000000000000e+00
2.800000000000000000e+04 1.119956863567008742e-01 2.488620846609012338e-01 3.980427856167501055e-01 1.801319981793354508e-01 1.729631315430132099e-01 0.000000000000000000e+00
2.825000000000000000e+04 1.129956478420284238e-01 2.748065543923531862e-01 3.296540737369139662e-01 1.803595812471552040e-01 2.151797906235776159e-01 0.000000000000000000e+00
2.850000000000000000e+04 1.139956093273561955e-01 2.906235776058261333e-01 2.677514792899408080e-01 1.807009558488848477e-01 2.609239872553482109e-01 0.000000000000000000e+00
2.875000000000000000e+04 1.149955708126837450e-01 2.820892125625853453e-01 2.418070095584888557e-01 2.150659990896677254e-01 2.610377787892581014e-01 0.000000000000000000e+00
2.900000000000000000e+04 1.159955322980115167e-01 2.620619025944469493e-01 2.405553026854801990e-01 2.387346381429221731e-01 2.586481565771506785e-01 0.000000000000000000e+00
2.925000000000000000e+04 1.169954937833392883e-01 2.730996813837050508e-01 2.391898042785616796e-01 2.605826126536185949e-01 2.271279016841147025e-01 0.000000000000000000e+00
2.950000000000000000e+04 1.179954552686668379e-01 2.654756486117432757e-01 2.532999544833864358e-01 2.604688211197087044e-01 2.207555757851615841e-01 0.000000000000000000e+00
2.975000000000000000e+04 1.189954167539946095e-01 2.562585343650432557e-01 2.573964497041419941e-01 2.604688211197087044e-01 2.258761948111060458e-01 0.000000000000000000e+00
3.000000000000000000e+04 1.199953782393223811e-01 2.506827492034592875e-01 2.568274920345926526e-01 2.754893035958124736e-01 2.170004551661356418e-01 0.000000000000000000e+00
3.025000000000000000e+04 1.209953397246499307e-01 2.603550295857988139e-01 2.570550751024123781e-01 2.690031861629494925e-01 2.135867091488393155e-01 0.000000000000000000e+00
3.050000000000000000e+04 1.219953012099777023e-01 2.519344560764679164e-01 2.710514337733272439e-01 2.888029130632681074e-01 1.882111970869367323e-01 0.000000000000000000e+00
3.075000000000000000e+04 1.229952626953052519e-01 2.534137460172963263e-01 2.712790168411470249e-01 2.828857532999544677e-01 1.924214838416021811e-01 0.000000000000000000e+00
3.100000000000000000e+04 1.239952241806330235e-01 2.754893035958124736e-01 2.569412835685024876e-01 2.814064633591260578e-01 1.861629494765589532e-01 0.000000000000000000e+00
3.125000000000000000e+04 1.249951856659607952e-01 2.729858898497951603e-01 2.594446973145198010e-01 2.820892125625853453e-01 1.854802002730996935e-01 0.000000000000000000e+00
3.150000000000000000e+04 1.259951471512883447e-01 2.779927173418297870e-01 2.515930814747383004e-01 2.760582612653618706e-01 1.943559399180700975e-01 0.000000000000000000e+00
3.175000000000000000e+04 1.269951086366161164e-01 2.707100591715976279e-01 2.567137005006827621e-01 2.815202548930359483e-01 1.910559854346836617e-01 0.000000000000000000e+00
3.200000000000000000e+04 1.279950701219436660e-01 2.831133363677742487e-01 2.477241693218024676e-01 2.791306326809285254e-01 1.900318616294947582e-01 0.000000000000000000e+00
3.225000000000000000e+04 1.289950316072714376e-01 2.844788347746927681e-01 2.657032316795630567e-01 2.787892580791989094e-01 1.710286754665452935e-01 0.000000000000000000e+00
3.250000000000000000e+04 1.299949930925992092e-01 2.874374146563495880e-01 2.520482476103778069e-01 2.842512517068729871e-01 1.762630860263996457e-01 0.000000000000000000e+00
3.275000000000000000e+04 1.309949545779267588e-01 2.828857532999544677e-01 2.446517979062357850e-01 2.735548475193445572e-01 1.989076012744651900e-01 0.000000000000000000e+00
3.300000000000000000e+04 1.319949160632545304e-01 2.836822940373236457e-01 2.427173418297678686e-01 2.776513427401001155e-01 1.959490213928083702e-01 0.000000000000000000e+00
3.325000000000000000e+04 1.329948775485820800e-01 2.895994538006372299e-01 2.302002730996813851e-01 2.848202093764223841e-01 1.953800637232590010e-01 0.000000000000000000e+00
3.350000000000000000e+04 1.339948390339098516e-01 3.057578516158397930e-01 1.983386436049157930e-01 2.584205735093308975e-01 2.374829312699135164e-01 0.000000000000000000e+00
3.375000000000000000e+04 1.349948005192376232e-01 3.120163859808830487e-01 1.925352753755120716e-01 2.662721893491124536e-01 2.291761492944924816e-01 0.000000000000000000e+00
3.400000000000000000e+04 1.359947620045651728e-01 3.014337733272644537e-01 1.797906235776058348e-01 2.672963131543013016e-01 2.514792899408284099e-01 0.000000000000000000e+00
3.425000000000000000e+04 1.369947234898929445e-01 3.114474283113336517e-01 1.685252617205279801e-01 2.609239872553482109e-01 2.591033227127901850e-01 0.000000000000000000e+00
3.450000000000000000e+04 1.379946849752207161e-01 3.017751479289940697e-01 1.723941738734638129e-01 2.779927173418297870e-01 2.478379608557123304e-01 0.000000000000000000e+00
3.475000000000000000e+04 1.389946464605482657e-01 2.900546199362767363e-01 1.668183887118798447e-01 2.841374601729631522e-01 2.589895311788802945e-01 0.000000000000000000e+00
3.500000000000000000e+04 1.399946079458760373e-01 2.917614929449248717e-01 1.492944924897587622e-01 2.856167501137915066e-01 2.733272644515248317e-01 0.000000000000000000e+00
3.525000000000000000e+04 1.409945694312035869e-01 2.952890304961310886e-01 1.420118343195266308e-01 3.165680473372781134e-01 2.461310878470641672e-01 0.000000000000000000e+00
3.550000000000000000e+04 1.419945309165313585e-01 2.998406918525261533e-01 1.281292671825216278e-01 3.029130632680928636e-01 2.691169776968593275e-01 0.000000000000000000e+00
3.575000000000000000e+04 1.429944924018591301e-01 2.971096950386891145e-01 1.307464724624488039e-01 3.203231679563040557e-01 2.518206645425580259e-01 0.000000000000000000e+00
3.600000000000000000e+04 1.439944538871866797e-01 2.898270368684570109e-01 1.367774237596722786e-01 3.117888029130632677e-01 2.616067364588074429e-01 0.000000000000000000e+00
3.625000000000000000e+04 1.449944153725144513e-01 2.944924897587619661e-01 1.203914428766499761e-01 3.215748748293126846e-01 2.635411925352753593e-01 0.000000000000000000e+00
3.650000000000000000e+04 1.459943768578420009e-01 3.010923987255348377e-01 1.177742375967228000e-01 3.321574874829312796e-01 2.489758761948110966e-01 0.000000000000000000e+00
3.675000000000000000e+04 1.469943383431697725e-01 2.906235776058261333e-01 1.283568502503413811e-01 3.429676832043696000e-01 2.380518889394629134e-01 0.000000000000000000e+00
3.700000000000000000e+04 1.479942998284975442e-01 2.765134274010013771e-01 1.367774237596722786e-01 3.606053709604005730e-01 2.261037778789257990e-01 0.000000000000000000e+00
3.725000000000000000e+04 1.489942613138250938e-01 2.806099226217569353e-01 1.319981793354574329e-01 3.708466090122894965e-01 2.165452890304961353e-01 0.000000000000000000e+00
3.750000000000000000e+04 1.499942227991528654e-01 2.658170232134728916e-01 1.442876649977241632e-01 3.690259444697314706e-01 2.208693673190714746e-01 0.000000000000000000e+00
3.775000000000000000e+04 1.509941842844806370e-01 2.790168411470186349e-01 1.572598998634501533e-01 3.760810195721438487e-01 1.876422394173873354e-01 0.000000000000000000e+00
3.800000000000000000e+04 1.519941457698081866e-01 2.539827036868457233e-01 1.547564861174328676e-01 3.849567592171142527e-01 2.063040509786071841e-01 0.000000000000000000e+00
3.825000000000000000e+04 1.529941072551359582e-01 2.539827036868457233e-01 1.626081019572143960e-01 4.047564861174328676e-01 1.786527082385070686e-01 0.000000000000000000e+00
3.850000000000000000e+04 1.539940687404635078e-01 2.489758761948110966e-01 1.723941738734638129e-01 4.272872098315885214e-01 1.513427401001365413e-01 0.000000000000000000e+00
3.875000000000000000e+04 1.549940302257912794e-01 2.453345471096950448e-01 1.777423759672280279e-01 4.425352753755120716e-01 1.343878015475648557e-01 0.000000000000000000e+00
3.900000000000000000e+04 1.559939917111190510e-01 2.357760582612653533e-01 1.890077378243058825e-01 4.767865270823850588e-01 9.842967683204369156e-02 0.000000000000000000e+00
3.925000000000000000e+04 1.569939531964466006e-01 2.279244424214838527e-01 1.863905325443787064e-01 4.994310423304506030e-01 8.625398270368685172e-02 0.000000000000000000e+00
3.950000000000000000e+04 1.579939146817743723e-01 2.199590350477924339e-01 1.777423759672280279e-01 5.276513427401001710e-01 7.464724624487938109e-02 0.000000000000000000e+00
3.975000000000000000e+04 1.589938761671019218e-01 1.834319526627218866e-01 1.777423759672280279e-01 5.812471552116522666e-01 5.757851615839781195e-02 0.000000000000000000e+00
4.000000000000000000e+04 1.599938376524296935e-01 1.812699135184342170e-01 1.649977241693217911e-01 6.067364588074647402e-01 4.699590350477924477e-02 0.000000000000000000e+00
4.025000000000000000e+04 1.609937991377574651e-01 1.648839326354119283e-01 1.645425580336822846e-01 6.484979517523896675e-01 2.207555757851615771e-02 0.000000000000000000e+00
4.050000000000000000e+04 1.619937606230850147e-01 1.537323623122439642e-01 1.655666818388711881e-01 6.649977241693217911e-01 1.570323167956303931e-02 0.000000000000000000e+00
4.075000000000000000e+04 1.629937221084127863e-01 1.478152025489303523e-01 1.668183887118798447e-01 6.750113791533909335e-01 1.035502958579881741e-02 0.000000000000000000e+00
4.100000000000000000e+04 1.639936835937403359e-01 1.484979517523896120e-01 1.652253072371415443e-01 6.792216659080564378e-01 7.055075102412380721e-03 0.000000000000000000e+00
4.125000000000000000e+04 1.649936450790681075e-01 1.462221210741920796e-01 1.657942649066909413e-01 6.813837050523441352e-01 6.599908966772872511e-03 0.000000000000000000e+00
4.150000000000000000e+04 1.659936065643958791e-01 1.503186162949476656e-01 1.661356395084205850e-01 6.750113791533909335e-01 8.534365043240782836e-03 0.000000000000000000e+00
4.175000000000000000e+04 1.669935680497234287e-01 1.524806554392353075e-01 1.656804733727810786e-01 6.750113791533909335e-01 6.827492034592626616e-03 0.000000000000000000e+00
4.200000000000000000e+04 1.679935295350512003e-01 1.505461993627674189e-01 1.655666818388711881e-01 6.770596267637687404e-01 6.827492034592626616e-03 0.000000000000000000e+00
4.225000000000000000e+04 1.689934910203789720e-01 1.517979062357760478e-01 1.653390987710514348e-01 6.752389622212107145e-01 7.624032771961766417e-03 0.000000000000000000e+00
4.250000000000000000e+04 1.699934525057065215e-01 1.524806554392353075e-01 1.662494310423304478e-01 6.762630860263996180e-01 5.006827492034592909e-03 0.000000000000000000e+00
4.275000000000000000e+04 1.709934139910342932e-01 1.510013654984069253e-01 1.653390987710514348e-01 6.780837505689576439e-01 5.575785161583977738e-03 0.000000000000000000e+00
4.300000000000000000e+04 1.719933754763618428e-01 1.517979062357760478e-01 1.656804733727810786e-01 6.752389622212107145e-01 7.282658170232134826e-03 0.000000000000000000e+00
4.325000000000000000e+04 1.729933369616896144e-01 1.503186162949476656e-01 1.655666818388711881e-01 6.764906690942193990e-01 7.624032771961766417e-03 0.000000000000000000e+00
4.350000000000000000e+04 1.739932984470173860e-01 1.538461538461538547e-01 1.661356395084205850e-01 6.728493400091033472e-01 7.168866636322257339e-03 0.000000000000000000e+00
4.375000000000000000e+04 1.749932599323449356e-01 1.500910332271279124e-01 1.661356395084205850e-01 6.764906690942193990e-01 7.282658170232134826e-03 0.000000000000000000e+00
4.400000000000000000e+04 1.759932214176727072e-01 1.547564861174328676e-01 1.677287209831588577e-01 6.720527992717342247e-01 5.461993627674101119e-03 0.000000000000000000e+00
4.425000000000000000e+04 1.769931829030002568e-01 1.536185707783341015e-01 1.672735548475193512e-01 6.720527992717342247e-01 7.055075102412380721e-03 0.000000000000000000e+00
4.450000000000000000e+04 1.779931443883280284e-01 1.521392808375056915e-01 1.668183887118798447e-01 6.737596722803823601e-01 7.282658170232134826e-03 0.000000000000000000e+00
4.475000000000000000e+04 1.789931058736558001e-01 1.510013654984069253e-01 1.677287209831588577e-01 6.750113791533909335e-01 6.258534365043240920e-03 0.000000000000000000e+00
4.500000000000000000e+04 1.799930673589833496e-01 1.528220300409649512e-01 1.713700500682749095e-01 6.705735093309057593e-01 5.234410559854347014e-03 0.000000000000000000e+00
4.525000000000000000e+04 1.809930288443111213e-01 1.553254437869822369e-01 1.685252617205279801e-01 6.688666363222576239e-01 7.282658170232134826e-03 0.000000000000000000e+00
4.550000000000000000e+04 1.819929903296388929e-01 1.596495220755575761e-01 1.686390532544378706e-01 6.646563495675921196e-01 7.055075102412380721e-03 0.000000000000000000e+00
4.575000000000000000e+04 1.829929518149664425e-01 1.547564861174328676e-01 1.690942193900773771e-01 6.685252617205279524e-01 7.624032771961766417e-03 0.000000000000000000e+00
4.600000000000000000e+04 1.839929133002942141e-01 1.624943104233045055e-01 1.696631770596267741e-01 6.605598543468366168e-01 7.282658170232134826e-03 0.000000000000000000e+00
4.625000000000000000e+04 1.849928747856217637e-01 1.577150659990896597e-01 1.718252162039144160e-01 6.652253072371415721e-01 5.234410559854347014e-03 0.000000000000000000e+00
4.650000000000000000e+04 1.859928362709495353e-01 1.612426035502958488e-01 1.731907146108329631e-01 6.582840236686390289e-01 7.282658170232134826e-03 0.000000000000000000e+00
4.675000000000000000e+04 1.869927977562773069e-01 1.603322712790168358e-01 1.722803823395539502e-01 6.629494765589439842e-01 4.437869822485207214e-03 0.000000000000000000e+00
4.700000000000000000e+04 1.879927592416048565e-01 1.587391898042785632e-01 1.729631315430132099e-01 6.621529358215748617e-01 6.144742831133363434e-03 0.000000000000000000e+00
4.725000000000000000e+04 1.889927207269326281e-01 1.578288575329995502e-01 1.753527537551206328e-01 6.610150204824760678e-01 5.803368229403732710e-03 0.000000000000000000e+00
4.750000000000000000e+04 1.899926822122601777e-01 1.554392353208921274e-01 1.738734638142922229e-01 6.640873918980427781e-01 6.599908966772872511e-03 0.000000000000000000e+00
4.775000000000000000e+04 1.909926436975879493e-01 1.563495675921711403e-01 1.768320436959490149e-01 6.621529358215748617e-01 4.665452890304961318e-03 0.000000000000000000e+00
4.800000000000000000e+04 1.919926051829157210e-01 1.573736913973600438e-01 1.764906690942193990e-01 6.603322712790168358e-01 5.803368229403732710e-03 0.000000000000000000e+00
4.825000000000000000e+04 1.929925666682432706e-01 1.517979062357760478e-01 1.770596267637687682e-01 6.648839326354119006e-01 6.258534365043240920e-03 0.000000000000000000e+00
4.850000000000000000e+04 1.939925281535710422e-01 1.640873918980427781e-01 1.770596267637687682e-01 6.529358215748748417e-01 5.917159763313609329e-03 0.000000000000000000e+00
4.875000000000000000e+04 1.949924896388985918e-01 1.612426035502958488e-01 1.755803368229403860e-01 6.580564406008192480e-01 5.120619025944469528e-03 0.000000000000000000e+00
4.900000000000000000e+04 1.959924511242263634e-01 1.613563950842057393e-01 1.786527082385070686e-01 6.543013199817933057e-01 5.689576695493855224e-03 0.000000000000000000e+00
4.925000000000000000e+04 1.969924126095541350e-01 1.630632680928539024e-01 1.778561675011379184e-01 6.549840691852526486e-01 4.096495220755575623e-03 0.000000000000000000e+00
4.950000000000000000e+04 1.979923740948816846e-01 1.596495220755575761e-01 1.814974965862539702e-01 6.530496131087847322e-01 5.803368229403732710e-03 0.000000000000000000e+00
4.975000000000000000e+04 1.989923355802094562e-01 1.606736458807464796e-01 1.820664542558033672e-01 6.490669094219390090e-01 8.192990441511151245e-03 0.000000000000000000e+00
5.000000000000000000e+04 1.999922970655372279e-01 1.680700955848884737e-01 1.845698680018206528e-01 6.396222121074192080e-01 7.737824305871643035e-03 0.000000000000000000e+00
5.025000000000000000e+04 2.009922585508647774e-01 1.653390987710514348e-01 1.834319526627218866e-01 6.447428311333637252e-01 6.486117432862995025e-03 0.000000000000000000e+00
5.050000000000000000e+04 2.019922200361925491e-01 1.648839326354119283e-01 1.850250341374601593e-01 6.451979972690031762e-01 4.893035958124715423e-03 0.000000000000000000e+00
5.075000000000000000e+04 2.029921815215200986e-01 1.636322257624032717e-01 1.860491579426490627e-01 6.446290395994538347e-01 5.689576695493855224e-03 0.000000000000000000e+00
5.100000000000000000e+04 2.039921430068478703e-01 1.768320436959490149e-01 1.884387801547564856e-01 6.292671825216203940e-01 5.461993627674101119e-03 0.000000000000000000e+00
5.125000000000000000e+04 2.049921044921756419e-01 1.760355029585798925e-01 1.943559399180700975e-01 6.213017751479289474e-01 8.306781975421027864e-03 0.000000000000000000e+00
5.150000000000000000e+04 2.059920659775031915e-01 1.612426035502958488e-01 2.075557578516158408e-01 6.250568957669548897e-01 6.144742831133363434e-03 0.000000000000000000e+00
5.175000000000000000e+04 2.069920274628309631e-01 1.649977241693217911e-01 2.148384160218479721e-01 6.158397815202548697e-01 4.324078288575329727e-03 0.000000000000000000e+00
5.200000000000000000e+04 2.079919889481585127e-01 1.616977696859353553e-01 2.165452890304961353e-01 6.180018206645425671e-01 3.755120619025944465e-03 0.000000000000000000e+00
5.225000000000000000e+04 2.089919504334862843e-01 1.466772872098315861e-01 2.280382339553937154e-01 6.224396904870277414e-01 2.844788347746927612e-03 0.000000000000000000e+00
5.250000000000000000e+04 2.099919119188140559e-01 1.290395994538006408e-01 2.346381429221665871e-01 6.342740100136550208e-01 2.048247610377787811e-03 0.000000000000000000e+00
5.275000000000000000e+04 2.109918734041416055e-01 1.325671370050068298e-01 2.347519344560764776e-01 6.301775147928994070e-01 2.503413746017296455e-03 0.000000000000000000e+00
5.300000000000000000e+04 2.119918348894693771e-01 1.318843878015475701e-01 2.329312699135184239e-01 6.319981793354574329e-01 3.186162949476558769e-03 0.000000000000000000e+00
5.325000000000000000e+04 2.129917963747971488e-01 1.317705962676376796e-01 2.333864360491579304e-01 6.325671370050067743e-01 2.275830678197541916e-03 0.000000000000000000e+00
5.350000000000000000e+04 2.139917578601246984e-01 1.323395539371870766e-01 2.330450614474283144e-01 6.315430131998179819e-01 3.072371415566681717e-03 0.000000000000000000e+00
5.375000000000000000e+04 2.149917193454524700e-01 1.367774237596722786e-01 2.322485207100591642e-01 6.279016841147018191e-01 3.072371415566681717e-03 0.000000000000000000e+00
5.400000000000000000e+04 2.159916808307800196e-01 1.358670914883932657e-01 2.340691852526172179e-01 6.277878925807920396e-01 2.275830678197541916e-03 0.000000000000000000e+00
5.425000000000000000e+04 2.169916423161077912e-01 1.365498406918525254e-01 2.328174783796085612e-01 6.282430587164314906e-01 2.389622212107419402e-03 0.000000000000000000e+00
5.450000000000000000e+04 2.179916038014355628e-01 1.323395539371870766e-01 2.316795630405097950e-01 6.314292216659080914e-01 4.551661356395083832e-03 0.000000000000000000e+00
5.475000000000000000e+04 2.189915652867631124e-01 1.334774692762858428e-01 2.331588529813381772e-01 6.307464724624487484e-01 2.617205279927173507e-03 0.000000000000000000e+00
5.500000000000000000e+04 2.199915267720908840e-01 1.368912152935821691e-01 2.324761037778789174e-01 6.274465179790623681e-01 3.186162949476558769e-03 0.000000000000000000e+00
5.525000000000000000e+04 2.209914882574184336e-01 1.359808830223031284e-01 2.344105598543468338e-01 6.261948111060536837e-01 3.413746017296313308e-03 0.000000000000000000e+00
5.550000000000000000e+04 2.219914497427462052e-01 1.379153390987710448e-01 2.299726900318616318e-01 6.292671825216203940e-01 2.844788347746927612e-03 0.000000000000000000e+00
5.575000000000000000e+04 2.229914112280739769e-01 1.347291761492944995e-01 2.329312699135184239e-01 6.300637232589895165e-01 2.275830678197541916e-03 0.000000000000000000e+00
5.600000000000000000e+04 2.239913727134015264e-01 1.399635867091488517e-01 2.314519799726900418e-01 6.241465634956758768e-01 4.437869822485207214e-03 0.000000000000000000e+00
5.625000000000000000e+04 2.249913341987292981e-01 1.388256713700500578e-01 2.317933545744196577e-01 6.251706873008647802e-01 4.210286754665453109e-03 0.000000000000000000e+00
5.650000000000000000e+04 2.259912956840568476e-01 1.371187983614019223e-01 2.322485207100591642e-01 6.275603095129722586e-01 3.072371415566681717e-03 0.000000000000000000e+00
5.675000000000000000e+04 2.269912571693846193e-01 1.385980883022303045e-01 2.303140646335912478e-01 6.259672280382339027e-01 5.120619025944469528e-03 0.000000000000000000e+00
