# itime ezz other fcc hcp bcc ico
0.000000000000000000e+00 0.000000000000000000e+00 9.103322712790168532e-04 9.990896677287209870e-01 0.000000000000000000e+00 0.000000000000000000e+00 0.000000000000000000e+00
2.500000000000000000e+01 1.000021471794010353e-03 0.000000000000000000e+00 1.000000000000000000e+00 0.000000000000000000e+00 0.000000000000000000e+00 0.000000000000000000e+00
5.000000000000000000e+01 2.000042943588242750e-03 1.365498406918525280e-03 9.986345015930814251e-01 0.000000000000000000e+00 0.000000000000000000e+00 0.000000000000000000e+00
7.500000000000000000e+01 3.000064415382253102e-03 1.479289940828402332e-03 9.985207100591716456e-01 0.000000000000000000e+00 0.000000000000000000e+00 0.000000000000000000e+00
1.000000000000000000e+02 4.000085887176485500e-03 5.689576695493854790e-04 9.994310423304506585e-01 0.000000000000000000e+00 0.000000000000000000e+00 0.000000000000000000e+00
1.250000000000000000e+02 5.000107358970495852e-03 1.251706873008648227e-03 9.987482931269913156e-01 0.000000000000000000e+00 0.000000000000000000e+00 0.000000000000000000e+00
1.500000000000000000e+02 6.000128830764728249e-03 1.934456076467910759e-03 9.980655439235320836e-01 0.000000000000000000e+00 0.000000000000000000e+00 0.000000000000000000e+00
1.750000000000000000e+02 7.000150302558738602e-03 4.551661356395084266e-04 9.995448338643604380e-01 0.000000000000000000e+00 0.000000000000000000e+00 0.000000000000000000e+00
2.000000000000000000e+02 8.000171774352970999e-03 3.413746017296313199e-04 9.996586253982703285e-01 0.000000000000000000e+00 0.000000000000000000e+00 0.000000000000000000e+00
2.250000000000000000e+02 9.000193246146981352e-03 5.689576695493854790e-04 9.994310423304506585e-01 0.000000000000000000e+00 0.000000000000000000e+00 0.000000000000000000e+00
2.500000000000000000e+02 1.000021471794099170e-02 1.251706873008648227e-03 9.987482931269913156e-01 0.000000000000000000e+00 0.000000000000000000e+00 0.000000000000000000e+00
2.750000000000000000e+02 1.100023618973522410e-02 3.413746017296313199e-04 9.995448338643604380e-01 0.000000000000000000e+00 1.137915339098771066e-04 0.000000000000000000e+00
3.000000000000000000e+02 1.200025766152923445e-02 9.103322712790168532e-04 9.990896677287209870e-01 0.000000000000000000e+00 0.000000000000000000e+00 0.000000000000000000e+00
3.250000000000000000e+02 1.300027913332346685e-02 1.479289940828402332e-03 9.985207100591716456e-01 0.000000000000000000e+00 0.000000000000000000e+00 0.000000000000000000e+00
3.500000000000000000e+02 1.400030060511747720e-02 1.479289940828402332e-03 9.985207100591716456e-01 0.000000000000000000e+00 0.000000000000000000e+00 0.000000000000000000e+00
3.750000000000000000e+02 1.500032207691170960e-02 7.965407373691396923e-04 9.992034592626308775e-01 0.000000000000000000e+00 0.000000000000000000e+00 0.000000000000000000e+00
4.000000000000000000e+02 1.600034354870571995e-02 5.689576695493854790e-04 9.994310423304506585e-01 0.000000000000000000e+00 0.000000000000000000e+00 0.000000000000000000e+00
4.250000000000000000e+02 1.700036502049995235e-02 1.251706873008648227e-03 9.987482931269913156e-01 0.000000000000000000e+00 0.000000000000000000e+00 0.000000000000000000e+00
4.500000000000000000e+02 1.800038649229396270e-02 1.820664542558033706e-03 9.981793354574419741e-01 0.000000000000000000e+00 0.000000000000000000e+00 0.000000000000000000e+00
4.750000000000000000e+02 1.900040796408819510e-02 1.365498406918525280e-03 9.986345015930814251e-01 0.000000000000000000e+00 0.000000000000000000e+00 0.000000000000000000e+00
5.000000000000000000e+02 2.000042943588220545e-02 5.689576695493854790e-04 9.993172507965407680e-01 0.000000000000000000e+00 1.137915339098771066e-04 0.000000000000000000e+00
5.250000000000000000e+02 2.100045090767621581e-02 3.527537551206190360e-03 9.964724624487938387e-01 0.000000000000000000e+00 0.000000000000000000e+00 0.000000000000000000e+00
5.500000000000000000e+02 2.200047237947044820e-02 3.299954483386436255e-03 9.967000455166135087e-01 0.000000000000000000e+00 0.000000000000000000e+00 0.000000000000000000e+00
5.750000000000000000e+02 2.300049385126445856e-02 2.617205279927173507e-03 9.973827947200728516e-01 0.000000000000000000e+00 0.000000000000000000e+00 0.000000000000000000e+00
6.000000000000000000e+02 2.400051532305869095e-02 2.958579881656804664e-03 9.970414201183431802e-01 0.000000000000000000e+00 0.000000000000000000e+00 0.000000000000000000e+00
6.250000000000000000e+02 2.500053679485270131e-02 1.365498406918525280e-03 9.986345015930814251e-01 0.000000000000000000e+00 0.000000000000000000e+00 0.000000000000000000e+00
6.500000000000000000e+02 2.600055826664693370e-02 2.617205279927173507e-03 9.972690031861629611e-01 0.000000000000000000e+00 1.137915339098771066e-04 0.000000000000000000e+00
6.750000000000000000e+02 2.700057973844094406e-02 2.503413746017296455e-03 9.974965862539827421e-01 0.000000000000000000e+00 0.000000000000000000e+00 0.000000000000000000e+00
7.000000000000000000e+02 2.800060121023517645e-02 3.982703686845699004e-03 9.960172963131542767e-01 0.000000000000000000e+00 0.000000000000000000e+00 0.000000000000000000e+00
7.250000000000000000e+02 2.900062268202918681e-02 5.120619025944469528e-03 9.947655894401457033e-01 0.000000000000000000e+00 1.137915339098771066e-04 0.000000000000000000e+00
7.500000000000000000e+02 3.000064415382319716e-02 4.551661356395083832e-03 9.954483386436049352e-01 0.000000000000000000e+00 0.000000000000000000e+00 0.000000000000000000e+00
7.750000000000000000e+02 3.100066562561742955e-02 2.844788347746927612e-03 9.970414201183431802e-01 0.000000000000000000e+00 1.137915339098771066e-04 0.000000000000000000e+00
8.000000000000000000e+02 3.200068709741143991e-02 2.389622212107419402e-03 9.976103777878926326e-01 0.000000000000000000e+00 0.000000000000000000e+00 0.000000000000000000e+00
8.250000000000000000e+02 3.300070856920567230e-02 5.348202093764223633e-03 9.945380063723259223e-01 0.000000000000000000e+00 1.137915339098771066e-04 0.000000000000000000e+00
8.500000000000000000e+02 3.400073004099968266e-02 6.030951297223486815e-03 9.938552571688666903e-01 0.000000000000000000e+00 1.137915339098771066e-04 0.000000000000000000e+00
8.750000000000000000e+02 3.500075151279391505e-02 6.486117432862995025e-03 9.934000910332271284e-01 0.000000000000000000e+00 1.137915339098771066e-04 0.000000000000000000e+00
9.000000000000000000e+02 3.600077298458792541e-02 8.306781975421027864e-03 9.914656349567592120e-01 0.000000000000000000e+00 2.275830678197542133e-04 0.000000000000000000e+00
9.250000000000000000e+02 3.700079445638215780e-02 4.324078288575329727e-03 9.956759217114247162e-01 0.000000000000000000e+00 0.000000000000000000e+00 0.000000000000000000e+00
9.500000000000000000e+02 3.800081592817616816e-02 6.486117432862995025e-03 9.935138825671370189e-01 0.000000000000000000e+00 0.000000000000000000e+00 0.000000000000000000e+00
9.750000000000000000e+02 3.900083739997017851e-02 5.120619025944469528e-03 9.948793809740554828e-01 0.000000000000000000e+00 0.000000000000000000e+00 0.000000000000000000e+00
1.000000000000000000e+03 4.000085887176441091e-02 5.917159763313609329e-03 9.938552571688666903e-01 0.000000000000000000e+00 2.275830678197542133e-04 0.000000000000000000e+00
1.025000000000000000e+03 4.100088034355842126e-02 5.917159763313609329e-03 9.938552571688666903e-01 0.000000000000000000e+00 2.275830678197542133e-04 0.000000000000000000e+00
1.050000000000000000e+03 4.200090181535265366e-02 1.046882111970869403e-02 9.893035958124715146e-01 0.000000000000000000e+00 2.275830678197542133e-04 0.000000000000000000e+00
1.075000000000000000e+03 4.300092328714666401e-02 8.079198907601274626e-03 9.919208010923987739e-01 0.000000000000000000e+00 0.000000000000000000e+00 0.000000000000000000e+00
1.100000000000000000e+03 4.400094475894089641e-02 5.120619025944469528e-03 9.945380063723259223e-01 0.000000000000000000e+00 3.413746017296313199e-04 0.000000000000000000e+00
1.125000000000000000e+03 4.500096623073490676e-02 1.092398725534820224e-02 9.885070550751023921e-01 0.000000000000000000e+00 5.689576695493854790e-04 0.000000000000000000e+00
1.150000000000000000e+03 4.600098770252913916e-02 8.420573509330906217e-03 9.912380518889394310e-01 0.000000000000000000e+00 3.413746017296313199e-04 0.000000000000000000e+00
1.175000000000000000e+03 4.700100917432314951e-02 1.308602639963586667e-02 9.864588074647245852e-01 0.000000000000000000e+00 4.551661356395084266e-04 0.000000000000000000e+00
1.200000000000000000e+03 4.800103064611738191e-02 1.092398725534820224e-02 9.886208466090122826e-01 0.000000000000000000e+00 4.551661356395084266e-04 0.000000000000000000e+00
1.225000000000000000e+03 4.900105211791139226e-02 1.172052799271734204e-02 9.879380974055530507e-01 0.000000000000000000e+00 3.413746017296313199e-04 0.000000000000000000e+00
1.250000000000000000e+03 5.000107358970540261e-02 1.103777878925807886e-02 9.889622212107419541e-01 0.000000000000000000e+00 0.000000000000000000e+00 0.000000000000000000e+00
1.275000000000000000e+03 5.100109506149963501e-02 1.411015020482476144e-02 9.849795175238962308e-01 0.000000000000000000e+00 9.103322712790168532e-04 0.000000000000000000e+00
1.300000000000000000e+03 5.200111653329364536e-02 1.547564861174328607e-02 9.837278106508875464e-01 0.000000000000000000e+00 7.965407373691396923e-04 0.000000000000000000e+00
1.325000000000000000e+03 5.300113800508787776e-02 2.150659990896677115e-02 9.780382339553936877e-01 0.000000000000000000e+00 4.551661356395084266e-04 0.000000000000000000e+00
1.350000000000000000e+03 5.400115947688188811e-02 1.911697769685935522e-02 9.806554392353209471e-01 0.000000000000000000e+00 2.275830678197542133e-04 0.000000000000000000e+00
1.375000000000000000e+03 5.500118094867612051e-02 1.615839781520254925e-02 9.831588529813382049e-01 0.000000000000000000e+00 6.827492034592626399e-04 0.000000000000000000e+00
1.400000000000000000e+03 5.600120242047013086e-02 2.002730996813837164e-02 9.796313154301320436e-01 0.000000000000000000e+00 3.413746017296313199e-04 0.000000000000000000e+00
1.425000000000000000e+03 5.700122389226436326e-02 2.207555757851615771e-02 9.770141101502047842e-01 0.000000000000000000e+00 9.103322712790168532e-04 0.000000000000000000e+00
1.450000000000000000e+03 5.800124536405837361e-02 2.332726445152480746e-02 9.754210286754665393e-01 0.000000000000000000e+00 1.251706873008648227e-03 0.000000000000000000e+00
1.475000000000000000e+03 5.900126683585238396e-02 2.275830678197542090e-02 9.764451524806554428e-01 0.000000000000000000e+00 7.965407373691396923e-04 0.000000000000000000e+00
1.500000000000000000e+03 6.000128830764661636e-02 2.742375967228038308e-02 9.716659080564405970e-01 0.000000000000000000e+00 9.103322712790168532e-04 0.000000000000000000e+00
1.525000000000000000e+03 6.100130977944062671e-02 2.207555757851615771e-02 9.762175694128356618e-01 0.000000000000000000e+00 1.706873008648156654e-03 0.000000000000000000e+00
1.550000000000000000e+03 6.200133125123485911e-02 2.958579881656804578e-02 9.695038689121528996e-01 0.000000000000000000e+00 9.103322712790168532e-04 0.000000000000000000e+00
1.575000000000000000e+03 6.300135272302886946e-02 3.288575329995448160e-02 9.657487482931269573e-01 0.000000000000000000e+00 1.365498406918525280e-03 0.000000000000000000e+00
1.600000000000000000e+03 6.400137419482310186e-02 2.173418297678652786e-02 9.775830678197542367e-01 0.000000000000000000e+00 6.827492034592626399e-04 0.000000000000000000e+00
1.625000000000000000e+03 6.500139566661711221e-02 3.026854802002730896e-02 9.687073281747837772e-01 0.000000000000000000e+00 1.024123805188893906e-03 0.000000000000000000e+00
1.650000000000000000e+03 6.600141713841134461e-02 3.732362312243969055e-02 9.614246700045516736e-01 0.000000000000000000e+00 1.251706873008648227e-03 0.000000000000000000e+00
1.675000000000000000e+03 6.700143861020535496e-02 3.629949931725079404e-02 9.610832954028220021e-01 0.000000000000000000e+00 2.617205279927173507e-03 0.000000000000000000e+00
1.700000000000000000e+03 6.800146008199936531e-02 3.959945380063722986e-02 9.583522985889849632e-01 0.000000000000000000e+00 2.048247610377787811e-03 0.000000000000000000e+00
1.725000000000000000e+03 6.900148155379359771e-02 4.073736913973600299e-02 9.574419663177059503e-01 0.000000000000000000e+00 1.820664542558033706e-03 0.000000000000000000e+00
1.750000000000000000e+03 7.000150302558760806e-02 4.221665908056440597e-02 9.557350933090578149e-01 0.000000000000000000e+00 2.048247610377787811e-03 0.000000000000000000e+00
1.775000000000000000e+03 7.100152449738184046e-02 4.790623577605826466e-02 9.495903504779243942e-01 0.000000000000000000e+00 2.503413746017296455e-03 0.000000000000000000e+00
1.800000000000000000e+03 7.200154596917585081e-02 4.426490669094219205e-02 9.531178880291306665e-01 0.000000000000000000e+00 2.617205279927173507e-03 0.000000000000000000e+00
1.825000000000000000e+03 7.300156744097008321e-02 4.756486117432862787e-02 9.502730996813837372e-01 0.000000000000000000e+00 2.162039144287664864e-03 0.000000000000000000e+00
1.850000000000000000e+03 7.400158891276409356e-02 5.905780609922621494e-02 9.384387801547564578e-01 0.000000000000000000e+00 2.503413746017296455e-03 0.000000000000000000e+00
1.875000000000000000e+03 7.500161038455832596e-02 5.951297223486572835e-02 9.363905325443786509e-01 0.000000000000000000e+00 4.096495220755575623e-03 0.000000000000000000e+00
1.900000000000000000e+03 7.600163185635233631e-02 6.508875739644970349e-02 9.316112881201638052e-01 0.000000000000000000e+00 3.299954483386436255e-03 0.000000000000000000e+00
1.925000000000000000e+03 7.700165332814656871e-02 6.019572143832498806e-02 9.369594902139281034e-01 0.000000000000000000e+00 2.844788347746927612e-03 0.000000000000000000e+00
1.950000000000000000e+03 7.800167479994057906e-02 6.975421028675465873e-02 9.261492944924897275e-01 0.000000000000000000e+00 4.096495220755575623e-03 0.000000000000000000e+00
1.975000000000000000e+03 7.900169627173458942e-02 8.113336367774237612e-02 9.134046426945835462e-01 0.000000000000000000e+00 5.461993627674101119e-03 0.000000000000000000e+00
2.000000000000000000e+03 8.000171774352882181e-02 7.737824305871643382e-02 9.164770141101502565e-01 0.000000000000000000e+00 6.144742831133363434e-03 0.000000000000000000e+00
2.025000000000000000e+03 8.100173921532283217e-02 8.545744196631770151e-02 9.089667728720982609e-01 0.000000000000000000e+00 5.575785161583977738e-03 0.000000000000000000e+00
2.050000000000000000e+03 8.200176068711706456e-02 9.000910332271279402e-02 9.046426945835229771e-01 0.000000000000000000e+00 5.348202093764223633e-03 0.000000000000000000e+00
2.075000000000000000e+03 8.300178215891107492e-02 1.004779244424214846e-01 8.938324988620847122e-01 0.000000000000000000e+00 5.689576695493855224e-03 0.000000000000000000e+00
2.100000000000000000e+03 8.400180363070530731e-02 1.009330905780609910e-01 8.912152935821574529e-01 0.000000000000000000e+00 7.851615839781519654e-03 0.000000000000000000e+00
2.125000000000000000e+03 8.500182510249931767e-02 1.132225762403277214e-01 8.780154756486117096e-01 0.000000000000000000e+00 8.761948111060537808e-03 0.000000000000000000e+00
2.150000000000000000e+03 8.600184657429355006e-02 1.233500227583067821e-01 8.676604460628128956e-01 0.000000000000000000e+00 8.989531178880291046e-03 0.000000000000000000e+00
2.175000000000000000e+03 8.700186804608756042e-02 1.261948111060537114e-01 8.662949476558944317e-01 0.000000000000000000e+00 7.510241238051888930e-03 0.000000000000000000e+00
2.200000000000000000e+03 8.800188951788157077e-02 1.166363222576240338e-01 8.744879380974055483e-01 0.000000000000000000e+00 8.875739644970414427e-03 0.000000000000000000e+00
2.225000000000000000e+03 8.900191098967580317e-02 1.219845243513882627e-01 8.691397360036413611e-01 0.000000000000000000e+00 8.875739644970414427e-03 0.000000000000000000e+00
2.250000000000000000e+03 9.000193246146981352e-02 1.396222121074192080e-01 8.513882567137005530e-01 0.000000000000000000e+00 8.989531178880291046e-03 0.000000000000000000e+00
2.275000000000000000e+03 9.100195393326404592e-02 1.642011834319526686e-01 8.220300409649522466e-01 0.000000000000000000e+00 1.376877560309512985e-02 0.000000000000000000e+00
2.300000000000000000e+03 9.200197540505805627e-02 1.818388711879836139e-01 7.981338188438780179e-01 0.000000000000000000e+00 2.002730996813837164e-02 0.000000000000000000e+00
2.325000000000000000e+03 9.300199687685228866e-02 2.020937642239417353e-01 7.710514337733272994e-01 0.000000000000000000e+00 2.685480200273099652e-02 0.000000000000000000e+00
2.350000000000000000e+03 9.400201834864629902e-02 2.100591715976331264e-01 7.563723258989530907e-01 1.137915339098771066e-04 3.345471096950387163e-02 0.000000000000000000e+00
2.375000000000000000e+03 9.500203982044053141e-02 2.393035958124715423e-01 7.166590805644059703e-01 3.413746017296313199e-04 4.369594902139280895e-02 0.000000000000000000e+00
2.400000000000000000e+03 9.600206129223454177e-02 2.643377332726445372e-01 6.802457897132453413e-01 4.551661356395084266e-04 5.496131087847064278e-02 0.000000000000000000e+00
2.425000000000000000e+03 9.700208276402855212e-02 2.837960855712334807e-01 6.472462448793809831e-01 4.551661356395084266e-04 6.850250341374601593e-02 0.000000000000000000e+00
2.450000000000000000e+03 9.800210423582278452e-02 3.042785616750113831e-01 6.175466545289030051e-01 1.024123805188893906e-03 7.715065999089668058e-02 0.000000000000000000e+00
2.475000000000000000e+03 9.900212570761679487e-02 3.344333181611288119e-01 5.704369594902138907e-01 7.965407373691396923e-04 9.433318161128811941e-02 0.000000000000000000e+00
2.500000000000000000e+03 1.000021471794110273e-01 3.330678197542102925e-01 5.431269913518433912e-01 3.755120619025944465e-03 1.200500682749203463e-01 0.000000000000000000e+00
2.525000000000000000e+03 1.010021686512050376e-01 3.596950386891215046e-01 4.951069640418752638e-01 3.755120619025944465e-03 1.414428766499772339e-01 0.000000000000000000e+00
2.550000000000000000e+03 1.020021901229992700e-01 3.832498862084661173e-01 4.533454710969503920e-01 4.893035958124715423e-03 1.585116067364588099e-01 0.000000000000000000e+00
2.575000000000000000e+03 1.030022115947932804e-01 3.852981338188438687e-01 4.246700045516613731e-01 6.372325898953117539e-03 1.836595357305416398e-01 0.000000000000000000e+00
2.600000000000000000e+03 1.040022330665875128e-01 3.988393263541192280e-01 3.971324533454710926e-01 1.103777878925807886e-02 1.929904415111515781e-01 0.000000000000000000e+00
2.625000000000000000e+03 1.050022545383815231e-01 4.102184797451069453e-01 3.621984524351388179e-01 1.285844333181611343e-02 2.147246244879381094e-01 0.000000000000000000e+00
2.650000000000000000e+03 1.060022760101757555e-01 4.194355939918070209e-01 3.362539827036868378e-01 2.025489303595812488e-02 2.240555302685480199e-01 0.000000000000000000e+00
2.675000000000000000e+03 1.070022974819697659e-01 4.360491579426490905e-01 3.130405097860718966e-01 2.173418297678652786e-02 2.291761492944924816e-01 0.000000000000000000e+00
2.700000000000000000e+03 1.080023189537637762e-01 4.508420573509330787e-01 2.882339553937187104e-01 2.389622212107419055e-02 2.370277651342740100e-01 0.000000000000000000e+00
2.725000000000000000e+03 1.090023404255580086e-01 4.383249886208466228e-01 2.785616750113791285e-01 2.867546654528902936e-02 2.544378698224852298e-01 0.000000000000000000e+00
2.750000000000000000e+03 1.100023618973520190e-01 4.411697769685935522e-01 2.657032316795630567e-01 2.605826126536185672e-02 2.670687300864815761e-01 0.000000000000000000e+00
2.775000000000000000e+03 1.110023833691462514e-01 4.392353208921256358e-01 2.532999544833864358e-01 2.765134274010013632e-02 2.798133818843878129e-01 0.000000000000000000e+00
2.800000000000000000e+03 1.120024048409402617e-01 4.683659535730541612e-01 2.299726900318616318e-01 2.833409194355939950e-02 2.733272644515248317e-01 0.000000000000000000e+00
2.825000000000000000e+03 1.130024263127344941e-01 4.734865725989986229e-01 2.165452890304961353e-01 3.573054164770141095e-02 2.742375967228038447e-01 0.000000000000000000e+00
2.850000000000000000e+03 1.140024477845285045e-01 4.580109239872553473e-01 2.100591715976331264e-01 4.380974055530268557e-02 2.881201638598088199e-01 0.000000000000000000e+00
2.875000000000000000e+03 1.150024692563227369e-01 4.589212562585343602e-01 2.102867546654528796e-01 4.528903049613108855e-02 2.855029585798816716e-01 0.000000000000000000e+00
2.900000000000000000e+03 1.160024907281167472e-01 4.531178880291306110e-01 2.061902594446973214e-01 5.393718707328174627e-02 2.867546654528903005e-01 0.000000000000000000e+00
2.925000000000000000e+03 1.170025121999107576e-01 4.665452890304961353e-01 2.006144742831133254e-01 5.632680928538916915e-02 2.765134274010013771e-01 0.000000000000000000e+00
2.950000000000000000e+03 1.180025336717049900e-01 4.738279472007282389e-01 1.891215293582157453e-01 6.030951297223486468e-02 2.767410104688211026e-01 0.000000000000000000e+00
2.975000000000000000e+03 1.190025551434990003e-01 4.701866181156121871e-01 1.817250796540737234e-01 6.588529813381883982e-02 2.822030040964952358e-01 0.000000000000000000e+00
3.000000000000000000e+03 1.200025766152932327e-01 4.805416477014110010e-01 1.738734638142922229e-01 6.656804733727811341e-02 2.790168411470186349e-01 0.000000000000000000e+00
3.025000000000000000e+03 1.210025980870872431e-01 4.888484296768320636e-01 1.671597633136094607e-01 7.191624943104232837e-02 2.720755575785161473e-01 0.000000000000000000e+00
3.050000000000000000e+03 1.220026195588814755e-01 4.880518889394628856e-01 1.656804733727810786e-01 7.635411925352754425e-02 2.699135184342285054e-01 0.000000000000000000e+00
3.075000000000000000e+03 1.230026410306754858e-01 4.919208010923987184e-01 1.531634046426945950e-01 7.976786527082385669e-02 2.751479289940828576e-01 0.000000000000000000e+00
3.100000000000000000e+03 1.240026625024697182e-01 5.012517068730086844e-01 1.436049157942649035e-01 8.261265361857077216e-02 2.725307237141556538e-01 0.000000000000000000e+00
3.125000000000000000e+03 1.250026839742637286e-01 5.064861174328629811e-01 1.397360036413290985e-01 7.965407373691398007e-02 2.741238051888939542e-01 0.000000000000000000e+00
3.150000000000000000e+03 1.260027054460577389e-01 5.128584433318160718e-01 1.390532544378698110e-01 8.318161128812016913e-02 2.649066909421938787e-01 0.000000000000000000e+00
3.175000000000000000e+03 1.270027269178519713e-01 5.224169321802457633e-01 1.302913063268092975e-01 8.705052344105598805e-02 2.602412380518889234e-01 0.000000000000000000e+00
3.200000000000000000e+03 1.280027483896459817e-01 5.178652708238506985e-01 1.371187983614019223e-01 8.113336367774237612e-02 2.638825671370050308e-01 0.000000000000000000e+00
3.225000000000000000e+03 1.290027698614402141e-01 5.400546199362767918e-01 1.207328174783796060e-01 8.227127901684114231e-02 2.569412835685024876e-01 0.000000000000000000e+00
3.250000000000000000e+03 1.300027913332342244e-01 5.317478379608556738e-01 1.217569412835685094e-01 8.909877105143376719e-02 2.573964497041419941e-01 0.000000000000000000e+00
3.275000000000000000e+03 1.310028128050284568e-01 5.285616750113791840e-01 1.231224396904870289e-01 9.103322712790168358e-02 2.572826581702321591e-01 0.000000000000000000e+00
3.300000000000000000e+03 1.320028342768224672e-01 5.378925807919890945e-01 1.185707783340919502e-01 9.444697314519799602e-02 2.490896677287209870e-01 0.000000000000000000e+00
3.325000000000000000e+03 1.330028557486166996e-01 5.474510696404187859e-01 1.124260355029585851e-01 9.194355939918069653e-02 2.481793354574419741e-01 0.000000000000000000e+00
3.350000000000000000e+03 1.340028772204107099e-01 5.459717796995903205e-01 1.106053709604005453e-01 9.478834774692762588e-02 2.486345015930814806e-01 0.000000000000000000e+00
3.375000000000000000e+03 1.350028986922049423e-01 5.589440145653163938e-01 1.058261265361857134e-01 9.478834774692762588e-02 2.404415111515703363e-01 0.000000000000000000e+00
3.400000000000000000e+03 1.360029201639989527e-01 5.553026854802002310e-01 1.051433773327264398e-01 9.592626308602640595e-02 2.436276741010468816e-01 0.000000000000000000e+00
3.425000000000000000e+03 1.370029416357929630e-01 5.626991351843423361e-01 1.025261720527992776e-01 9.888484296768319803e-02 2.358898497951752438e-01 0.000000000000000000e+00
3.450000000000000000e+03 1.380029631075871954e-01 5.474510696404187859e-01 1.046882111970869333e-01 9.934000910332271839e-02 2.485207100591715901e-01 0.000000000000000000e+00
3.475000000000000000e+03 1.390029845793812058e-01 5.603095129722348577e-01 9.740555302685480199e-02 9.717796995903504875e-02 2.451069640418752915e-01 0.000000000000000000e+00
3.500000000000000000e+03 1.400030060511754382e-01 5.597405553026855163e-01 1.001365498406918547e-01 9.934000910332271839e-02 2.407828857532999522e-01 0.000000000000000000e+00
3.525000000000000000e+03 1.410030275229694485e-01 5.592853891670459543e-01 9.945380063723259501e-02 1.012744651797906209e-01 2.399863450159308020e-01 0.000000000000000000e+00
3.550000000000000000e+03 1.420030489947636809e-01 5.522303140646336317e-01 9.797451069640418508e-02 1.029813381884387841e-01 2.468138370505234547e-01 0.000000000000000000e+00
3.575000000000000000e+03 1.430030704665576913e-01 5.642922166590805810e-01 9.353664087391898307e-02 1.074192080109239861e-01 2.347519344560764776e-01 0.000000000000000000e+00
3.600000000000000000e+03 1.440030919383519237e-01 5.598543468365954068e-01 9.296768320436959998e-02 9.945380063723259501e-02 2.477241693218024676e-01 0.000000000000000000e+00
3.625000000000000000e+03 1.450031134101459340e-01 5.645197997269003620e-01 8.909877105143376719e-02 1.046882111970869333e-01 2.416932180245789652e-01 0.000000000000000000e+00
3.650000000000000000e+03 1.460031348819399444e-01 5.682749203459263043e-01 8.534365043240782489e-02 1.062812926718252199e-01 2.401001365498406925e-01 0.000000000000000000e+00
3.675000000000000000e+03 1.470031563537341768e-01 5.772644515248065433e-01 8.818843878015475424e-02 1.024123805188894010e-01 2.321347291761493015e-01 0.000000000000000000e+00
3.700000000000000000e+03 1.480031778255281871e-01 5.772644515248065433e-01 8.648156577150660496e-02 1.068502503413746030e-01 2.294037323623122349e-01 0.000000000000000000e+00
3.725000000000000000e+03 1.490031992973224195e-01 5.715748748293126846e-01 8.614019116977697510e-02 1.074192080109239861e-01 2.348657259899863403e-01 0.000000000000000000e+00
3.750000000000000000e+03 1.500032207691164299e-01 5.842057350933090865e-01 8.727810650887574129e-02 1.059399180700955900e-01 2.225762403277196100e-01 0.000000000000000000e+00
3.775000000000000000e+03 1.510032422409106623e-01 5.830678197542102925e-01 8.705052344105598805e-02 1.134501593081474746e-01 2.164314974965862448e-01 0.000000000000000000e+00
3.800000000000000000e+03 1.520032637127046726e-01 5.888711879836140417e-01 8.727810650887574129e-02 1.103777878925807920e-01 2.134729176149294527e-01 0.000000000000000000e+00
3.825000000000000000e+03 1.530032851844989050e-01 5.893263541192534927e-01 7.942649066909421296e-02 1.132225762403277214e-01 2.180245789713245452e-01 0.000000000000000000e+00
3.850000000000000000e+03 1.540033066562929154e-01 5.989986345015930747e-01 7.703686845698680397e-02 1.145880746472462408e-01 2.093764223941738667e-01 0.000000000000000000e+00
3.875000000000000000e+03 1.550033281280871478e-01 5.913746017296312996e-01 7.567137005006827066e-02 1.144742831133363642e-01 2.184797451069640517e-01 0.000000000000000000e+00
3.900000000000000000e+03 1.560033495998811581e-01 6.069640418752845212e-01 7.555757851615839404e-02 1.129949931725079681e-01 2.044833864360491582e-01 0.000000000000000000e+00
3.925000000000000000e+03 1.570033710716751685e-01 6.135639508420573929e-01 7.191624943104232837e-02 1.149294492489758707e-01 1.995903504779244497e-01 0.000000000000000000e+00
3.950000000000000000e+03 1.580033925434694009e-01 6.161811561219845412e-01 7.168866636322257513e-02 1.144742831133363642e-01 1.976558944014565333e-01 0.000000000000000000e+00
3.975000000000000000e+03 1.590034140152634112e-01 6.209604005461993870e-01 6.429221665908056715e-02 1.201638598088302229e-01 1.945835229858898507e-01 0.000000000000000000e+00
4.000000000000000000e+03 1.600034354870576436e-01 6.200500682749203740e-01 6.406463359126081392e-02 1.168639053254437871e-01 1.990213928083750528e-01 0.000000000000000000e+00
4.025000000000000000e+03 1.610034569588516540e-01 6.156121984524350887e-01 6.190259444697314428e-02 1.131087847064178448e-01 2.093764223941738667e-01 0.000000000000000000e+00
4.050000000000000000e+03 1.620034784306458864e-01 6.292671825216203940e-01 6.235776058261265076e-02 1.156121984524351443e-01 1.927628584433318248e-01 0.000000000000000000e+00
4.075000000000000000e+03 1.630034999024398967e-01 6.291533909877105035e-01 6.247155211652252738e-02 1.162949476558944040e-01 1.920801092398725651e-01 0.000000000000000000e+00
4.100000000000000000e+03 1.640035213742341291e-01 6.308602639963586389e-01 5.951297223486572835e-02 1.150432407828857473e-01 1.945835229858898507e-01 0.000000000000000000e+00
4.125000000000000000e+03 1.650035428460281395e-01 6.275603095129722586e-01 5.871643149749658508e-02 1.190259444697314567e-01 1.946973145197997135e-01 0.000000000000000000e+00
4.150000000000000000e+03 1.660035643178221498e-01 6.333636777423760078e-01 5.598543468365953235e-02 1.145880746472462408e-01 1.960628129267182607e-01 0.000000000000000000e+00
4.175000000000000000e+03 1.670035857896163822e-01 6.365498406918524976e-01 6.156121984524351443e-02 1.180018206645425533e-01 1.838871187983613931e-01 0.000000000000000000e+00
4.200000000000000000e+03 1.680036072614103926e-01 6.498634501593081314e-01 5.848884842967683184e-02 1.190259444697314567e-01 1.726217569412835662e-01 0.000000000000000000e+00
4.225000000000000000e+03 1.690036287332046250e-01 6.416704597177970149e-01 5.951297223486572835e-02 1.220983158852981393e-01 1.767182521620391522e-01 0.000000000000000000e+00
4.250000000000000000e+03 1.700036502049986353e-01 6.541875284478835262e-01 5.746472462448793533e-02 1.147018661811561174e-01 1.736458807464724696e-01 0.000000000000000000e+00
4.275000000000000000e+03 1.710036716767928677e-01 6.554392353208920996e-01 5.439235320892125969e-02 1.169776968593536637e-01 1.731907146108329631e-01 0.000000000000000000e+00
4.300000000000000000e+03 1.720036931485868781e-01 6.637460172963131066e-01 5.564406008192990249e-02 1.168639053254437871e-01 1.637460172963131622e-01 0.000000000000000000e+00
4.325000000000000000e+03 1.730037146203811105e-01 6.655666818388711325e-01 5.632680928538916915e-02 1.142467000455166110e-01 1.638598088302230249e-01 0.000000000000000000e+00
4.350000000000000000e+03 1.740037360921751208e-01 6.734182976786526886e-01 5.461993627674101293e-02 1.092398725534820259e-01 1.627218934911242587e-01 0.000000000000000000e+00
4.375000000000000000e+03 1.750037575639691312e-01 6.722803823395538947e-01 5.484751934456076616e-02 1.123122439690487084e-01 1.605598543468365891e-01 0.000000000000000000e+00
4.400000000000000000e+03 1.760037790357633636e-01 6.751251706873008240e-01 5.917159763313609155e-02 1.112881201638598050e-01 1.544151115157032239e-01 0.000000000000000000e+00
4.425000000000000000e+03 1.770038005075573739e-01 6.770596267637687404e-01 5.791989076012744875e-02 1.164087391898042806e-01 1.486117432862995025e-01 0.000000000000000000e+00
4.450000000000000000e+03 1.780038219793516063e-01 6.737596722803823601e-01 5.905780609922621494e-02 1.104915794264906687e-01 1.566909421939007840e-01 0.000000000000000000e+00
4.475000000000000000e+03 1.790038434511456167e-01 6.654528903049613531e-01 5.905780609922621494e-02 1.121984524351388318e-01 1.632908511606736557e-01 0.000000000000000000e+00
4.500000000000000000e+03 1.800038649229398491e-01 6.822940373236231482e-01 5.803368229403732537e-02 1.103777878925807920e-01 1.492944924897587622e-01 0.000000000000000000e+00
4.525000000000000000e+03 1.810038863947338594e-01 6.877560309512972259e-01 5.723714155666818210e-02 1.127674101046882149e-01 1.422394173873463841e-01 0.000000000000000000e+00
4.550000000000000000e+03 1.820039078665280918e-01 6.725079654073736757e-01 5.791989076012744875e-02 1.128812016385980915e-01 1.566909421939007840e-01 0.000000000000000000e+00
4.575000000000000000e+03 1.830039293383221022e-01 6.873008648156576639e-01 5.712335002275830548e-02 1.087847064178425194e-01 1.467910787437414766e-01 0.000000000000000000e+00
4.600000000000000000e+03 1.840039508101163346e-01 6.813837050523441352e-01 6.076467910787437116e-02 1.139053254437869811e-01 1.439462903959945472e-01 0.000000000000000000e+00
4.625000000000000000e+03 1.850039722819103449e-01 6.778561675011378629e-01 6.133363677742376119e-02 1.157259899863450209e-01 1.450842057350933134e-01 0.000000000000000000e+00
4.650000000000000000e+03 1.860039937537043553e-01 6.812699135184342447e-01 6.326809285389166371e-02 1.154984069185252676e-01 1.399635867091488517e-01 0.000000000000000000e+00
4.675000000000000000e+03 1.870040152254985877e-01 6.799044151115156698e-01 6.269913518434228061e-02 1.227810650887573990e-01 1.346153846153846090e-01 0.000000000000000000e+00
4.700000000000000000e+03 1.880040366972925980e-01 6.821802457897132577e-01 6.133363677742376119e-02 1.220983158852981393e-01 1.342740100136549930e-01 1.137915339098771066e-04
4.725000000000000000e+03 1.890040581690868304e-01 6.668183887118798170e-01 6.360946745562130744e-02 1.239189804278561652e-01 1.456531634046426826e-01 0.000000000000000000e+00
4.750000000000000000e+03 1.900040796408808408e-01 6.791078743741465473e-01 6.497496586253982687e-02 1.240327719617660418e-01 1.318843878015475701e-01 0.000000000000000000e+00
4.775000000000000000e+03 1.910041011126750732e-01 6.883249886208465673e-01 6.486117432862995025e-02 1.269913518434228616e-01 1.198224852071005930e-01 0.000000000000000000e+00
4.800000000000000000e+03 1.920041225844690835e-01 6.899180700955849233e-01 6.463359126081019701e-02 1.257396449704142050e-01 1.197086936731907164e-01 0.000000000000000000e+00
4.825000000000000000e+03 1.930041440562633159e-01 6.962903959945380139e-01 5.939918070095585173e-02 1.249431042330450548e-01 1.192535275375512099e-01 1.137915339098771066e-04
4.850000000000000000e+03 1.940041655280573263e-01 6.952662721893491105e-01 6.486117432862995025e-02 1.251706873008648080e-01 1.147018661811561174e-01 0.000000000000000000e+00
4.875000000000000000e+03 1.950041869998513366e-01 6.956076467910787819e-01 6.451979972690032039e-02 1.236913973600364119e-01 1.161811561219845274e-01 0.000000000000000000e+00
4.900000000000000000e+03 1.960042084716455690e-01 6.954938552571688914e-01 6.406463359126081392e-02 1.272189349112426149e-01 1.132225762403277214e-01 0.000000000000000000e+00
4.925000000000000000e+03 1.970042299434395794e-01 6.960628129267182329e-01 6.804733727810650945e-02 1.276741010468821214e-01 1.081019572143832458e-01 1.137915339098771066e-04
4.950000000000000000e+03 1.980042514152338118e-01 6.999317250796540657e-01 6.622667273554846967e-02 1.275603095129722309e-01 1.062812926718252199e-01 0.000000000000000000e+00
4.975000000000000000e+03 1.990042728870278221e-01 6.970869367319071364e-01 6.895766954938552240e-02 1.314292216659080637e-01 1.025261720527992776e-01 0.000000000000000000e+00
5.000000000000000000e+03 2.000042943588220545e-01 6.942421483841602070e-01 6.986800182066454923e-02 1.349567592171142527e-01 1.009330905780609910e-01 0.000000000000000000e+00
5.025000000000000000e+03 2.010043158306160649e-01 7.043695949021392400e-01 6.463359126081019701e-02 1.299499317250796537e-01 1.010468821119708677e-01 0.000000000000000000e+00
5.050000000000000000e+03 2.020043373024102973e-01 7.024351388256713236e-01 6.702321347291761988e-02 1.309740555302685572e-01 9.945380063723259501e-02 1.137915339098771066e-04
5.075000000000000000e+03 2.030043587742043076e-01 6.957214383249886724e-01 7.009558488848430247e-02 1.302913063268092975e-01 1.037778789258079204e-01 1.137915339098771066e-04
5.100000000000000000e+03 2.040043802459983180e-01 7.011834319526627501e-01 6.759217114246700298e-02 1.313154301319981732e-01 9.990896677287210148e-02 0.000000000000000000e+00
5.125000000000000000e+03 2.050044017177925504e-01 6.998179335457441752e-01 6.873008648156576916e-02 1.298361401911697632e-01 1.016158397815202508e-01 0.000000000000000000e+00
5.150000000000000000e+03 2.060044231895865607e-01 6.978834774692762588e-01 7.043695949021393232e-02 1.304050978607191602e-01 1.012744651797906209e-01 0.000000000000000000e+00
5.175000000000000000e+03 2.070044446613807931e-01 7.019799726900318726e-01 6.827492034592626269e-02 1.335912608101957333e-01 9.615384615384615918e-02 0.000000000000000000e+00
5.200000000000000000e+03 2.080044661331748035e-01 7.115384615384615641e-01 6.827492034592626269e-02 1.330223031406463363e-01 8.716431497496586467e-02 0.000000000000000000e+00
5.225000000000000000e+03 2.090044876049690359e-01 7.057350933090578149e-01 6.713700500682749650e-02 1.373463814292216756e-01 8.978152025489304078e-02 0.000000000000000000e+00
5.250000000000000000e+03 2.100045090767630462e-01 7.098315885298134287e-01 6.770596267637687959e-02 1.296085571233500100e-01 9.285389167045972336e-02 0.000000000000000000e+00
5.275000000000000000e+03 2.110045305485572786e-01 6.991351843422849432e-01 6.838871187983613931e-02 1.378015475648611821e-01 9.456076467910787264e-02 1.137915339098771066e-04
5.300000000000000000e+03 2.120045520203512890e-01 7.065316340464269373e-01 6.702321347291761988e-02 1.399635867091488517e-01 8.648156577150660496e-02 0.000000000000000000e+00
5.325000000000000000e+03 2.130045734921455214e-01 7.094902139280837572e-01 6.463359126081019701e-02 1.367774237596722786e-01 8.887118798361401395e-02 2.275830678197542133e-04
5.350000000000000000e+03 2.140045949639395317e-01 7.101729631315429891e-01 6.440600819299044377e-02 1.418980427856167403e-01 8.352298588984979899e-02 0.000000000000000000e+00
5.375000000000000000e+03 2.150046164357335421e-01 7.096040054619936477e-01 6.554392353208920996e-02 1.466772872098315861e-01 7.817478379608557015e-02 0.000000000000000000e+00
5.400000000000000000e+03 2.160046379075277745e-01 7.063040509786071564e-01 6.850250341374601593e-02 1.471324533454710926e-01 7.806099226217569353e-02 0.000000000000000000e+00
5.425000000000000000e+03 2.170046593793217848e-01 7.047109695038689114e-01 6.622667273554846967e-02 1.439462903959945472e-01 8.511606736458807165e-02 0.000000000000000000e+00
5.450000000000000000e+03 2.180046808511160172e-01 7.093764223941738667e-01 6.565771506599908658e-02 1.426945835229858905e-01 8.227127901684114231e-02 0.000000000000000000e+00
5.475000000000000000e+03 2.190047023229100276e-01 7.076695493855257313e-01 6.656804733727811341e-02 1.477014110150204895e-01 7.794720072826581692e-02 1.137915339098771066e-04
5.500000000000000000e+03 2.200047237947042600e-01 7.048247610377788019e-01 6.793354574419663283e-02 1.515703231679562946e-01 7.567137005006827066e-02 0.000000000000000000e+00
5.525000000000000000e+03 2.210047452664982703e-01 6.995903504779243942e-01 7.123350022758306865e-02 1.491807009558488717e-01 7.999544833864360993e-02 0.000000000000000000e+00
5.550000000000000000e+03 2.220047667382925027e-01 7.121074192080109055e-01 6.702321347291761988e-02 1.465634956759217233e-01 7.430587164314975124e-02 0.000000000000000000e+00
5.575000000000000000e+03 2.230047882100865131e-01 7.072143832498861693e-01 6.838871187983613931e-02 1.474738279472007363e-01 7.692307692307692735e-02 0.000000000000000000e+00
5.600000000000000000e+03 2.240048096818805234e-01 7.127901684114701375e-01 6.611288120163859305e-02 1.511151570323167881e-01 6.998179335457442585e-02 0.000000000000000000e+00
5.625000000000000000e+03 2.250048311536747558e-01 7.052799271734182529e-01 6.895766954938552240e-02 1.576012744651797970e-01 6.816112881201638607e-02 0.000000000000000000e+00
5.650000000000000000e+03 2.260048526254687662e-01 7.127901684114701375e-01 6.816112881201638607e-02 1.566909421939007840e-01 6.235776058261265076e-02 0.000000000000000000e+00
5.675000000000000000e+03 2.270048740972629986e-01 7.177969959035047642e-01 6.668183887118799003e-02 1.527082385070550885e-01 6.269913518434228061e-02 1.137915339098771066e-04
