# itime ezz other fcc hcp bcc ico
0.000000000000000000e+00 0.000000000000000000e+00 0.000000000000000000e+00 1.000000000000000000e+00 0.000000000000000000e+00 0.000000000000000000e+00 0.000000000000000000e+00
2.500000000000000000e+02 1.000000971692616147e-02 0.000000000000000000e+00 1.000000000000000000e+00 0.000000000000000000e+00 0.000000000000000000e+00 0.000000000000000000e+00
5.000000000000000000e+02 2.000001943385232295e-02 0.000000000000000000e+00 1.000000000000000000e+00 0.000000000000000000e+00 0.000000000000000000e+00 0.000000000000000000e+00
7.500000000000000000e+02 3.000002915077826238e-02 0.000000000000000000e+00 1.000000000000000000e+00 0.000000000000000000e+00 0.000000000000000000e+00 0.000000000000000000e+00
1.000000000000000000e+03 4.000003886770442385e-02 0.000000000000000000e+00 1.000000000000000000e+00 0.000000000000000000e+00 0.000000000000000000e+00 0.000000000000000000e+00
1.250000000000000000e+03 5.000004858463058532e-02 0.000000000000000000e+00 1.000000000000000000e+00 0.000000000000000000e+00 0.000000000000000000e+00 0.000000000000000000e+00
1.500000000000000000e+03 6.000005830155674680e-02 0.000000000000000000e+00 1.000000000000000000e+00 0.000000000000000000e+00 0.000000000000000000e+00 0.000000000000000000e+00
1.750000000000000000e+03 7.000006801848268623e-02 1.137915339098771066e-04 9.998862084660901095e-01 0.000000000000000000e+00 0.000000000000000000e+00 0.000000000000000000e+00
2.000000000000000000e+03 8.000007773540884770e-02 0.000000000000000000e+00 1.000000000000000000e+00 0.000000000000000000e+00 0.000000000000000000e+00 0.000000000000000000e+00
2.250000000000000000e+03 9.000008745233500917e-02 0.000000000000000000e+00 1.000000000000000000e+00 0.000000000000000000e+00 0.000000000000000000e+00 0.000000000000000000e+00
2.500000000000000000e+03 1.000000971692611706e-01 1.706873008648156654e-03 9.982931269913518646e-01 0.000000000000000000e+00 0.000000000000000000e+00 0.000000000000000000e+00
2.750000000000000000e+03 1.100001068861871101e-01 1.035502958579881741e-02 9.890760127446518446e-01 0.000000000000000000e+00 5.689576695493854790e-04 0.000000000000000000e+00
3.000000000000000000e+03 1.200001166031132716e-01 1.043468365953573035e-01 8.379608557123350288e-01 0.000000000000000000e+00 5.769230769230769551e-02 0.000000000000000000e+00
3.250000000000000000e+03 1.300001263200394330e-01 3.870050068274920596e-01 1.523668639053254448e-01 3.527537551206190360e-03 4.571005917159763343e-01 0.000000000000000000e+00
3.500000000000000000e+03 1.400001360369655945e-01 3.615157032316795860e-01 2.083522985889849910e-01 1.102639963586709154e-01 3.198680018206645492e-01 0.000000000000000000e+00
3.750000000000000000e+03 1.500001457538915339e-01 3.959945380063722986e-01 2.773099681383704995e-01 1.992489758761948060e-01 1.274465179790623681e-01 0.000000000000000000e+00
4.000000000000000000e+03 1.600001554708176954e-01 3.913290851160673434e-01 3.113336367774237612e-01 2.113108784706417831e-01 8.602639963586708460e-02 0.000000000000000000e+00
4.250000000000000000e+03 1.700001651877438569e-01 4.002048247610378029e-01 3.264679107874374209e-01 2.108557123350022766e-01 6.247155211652252738e-02 0.000000000000000000e+00
4.500000000000000000e+03 1.800001749046700183e-01 4.041875284478834707e-01 3.397815202548930547e-01 2.094902139280837572e-01 4.654073736913973830e-02 0.000000000000000000e+00
4.750000000000000000e+03 1.900001846215959578e-01 4.025944469731451703e-01 3.428538916704597095e-01 1.943559399180700975e-01 6.019572143832498806e-02 0.000000000000000000e+00
5.000000000000000000e+03 2.000001943385221193e-01 3.987255348202093930e-01 3.561675011379153433e-01 1.929904415111515781e-01 5.211652253072371344e-02 0.000000000000000000e+00
5.250000000000000000e+03 2.100002040554482807e-01 4.050978607191624836e-01 3.585571233500227661e-01 1.876422394173873354e-01 4.870277651342740100e-02 0.000000000000000000e+00
5.500000000000000000e+03 2.200002137723744422e-01 4.244424214838415921e-01 3.543468365953573174e-01 1.799044151115156975e-01 4.130632680928538608e-02 0.000000000000000000e+00
5.750000000000000000e+03 2.300002234893003816e-01 4.190942193900774049e-01 3.620846609012289274e-01 1.832043695949021334e-01 3.561675011379153433e-02 0.000000000000000000e+00
6.000000000000000000e+03 2.400002332062265431e-01 4.324078288575329831e-01 3.496813837050523621e-01 1.819526627218935044e-01 3.595812471552116418e-02 0.000000000000000000e+00
6.250000000000000000e+03 2.500002429231527046e-01 4.332043695949021611e-01 3.337505689576695245e-01 1.976558944014565333e-01 3.538916704597178109e-02 0.000000000000000000e+00
6.500000000000000000e+03 2.600002526400788661e-01 4.398042785616750328e-01 3.396677287209831642e-01 1.888939462903959920e-01 3.163404642694583185e-02 0.000000000000000000e+00
6.750000000000000000e+03 2.700002623570048055e-01 4.211424670004551563e-01 3.512744651797906070e-01 1.986800182066454368e-01 2.878925807919890598e-02 1.137915339098771066e-04
7.000000000000000000e+03 2.800002720739309670e-01 4.124943104233045332e-01 3.569640418752844657e-01 2.028903049613108855e-01 2.765134274010013632e-02 0.000000000000000000e+00
7.250000000000000000e+03 2.900002817908571284e-01 4.195493855257169113e-01 3.520710059171597850e-01 1.998179335457442030e-01 2.856167501137915274e-02 0.000000000000000000e+00
7.500000000000000000e+03 3.000002915077832899e-01 4.349112426035502965e-01 3.430814747382794905e-01 1.990213928083750528e-01 2.298588984979517413e-02 0.000000000000000000e+00
7.750000000000000000e+03 3.100003012247092293e-01 4.341147018661811741e-01 3.368229403732362348e-01 2.005006827492034627e-01 2.844788347746927612e-02 1.137915339098771066e-04
8.000000000000000000e+03 3.200003109416353908e-01 4.262630860263996180e-01 3.427401001365498190e-01 2.081247155211652378e-01 2.275830678197542090e-02 1.137915339098771066e-04
8.250000000000000000e+03 3.300003206585615523e-01 4.226217569412835662e-01 3.422849340009103125e-01 2.098315885298133732e-01 2.514792899408284030e-02 1.137915339098771066e-04
8.500000000000000000e+03 3.400003303754877138e-01 4.172735548475193235e-01 3.477469276285844457e-01 2.131315430131998090e-01 2.184797451069640448e-02 0.000000000000000000e+00
8.750000000000000000e+03 3.500003400924136532e-01 4.302457897132453413e-01 3.433090578060992160e-01 2.065316340464269373e-01 1.991351843422849502e-02 0.000000000000000000e+00
9.000000000000000000e+03 3.600003498093398147e-01 4.367319071461083224e-01 3.411470186618115741e-01 2.032316795630405015e-01 1.888939462903959851e-02 0.000000000000000000e+00
9.250000000000000000e+03 3.700003595262659761e-01 4.370732817478379384e-01 3.398953117888028896e-01 2.040282203004096517e-01 1.900318616294947513e-02 0.000000000000000000e+00
9.500000000000000000e+03 3.800003692431921376e-01 4.398042785616750328e-01 3.406918525261720676e-01 2.006144742831133254e-01 1.888939462903959851e-02 0.000000000000000000e+00
9.750000000000000000e+03 3.900003789601182991e-01 4.467455621301775204e-01 3.412608101957214646e-01 1.932180245789713313e-01 1.866181156121984527e-02 1.137915339098771066e-04
1.000000000000000000e+04 4.000003886770442385e-01 4.417387346381429492e-01 3.417159763313609711e-01 2.007282658170232159e-01 1.581702321347291593e-02 0.000000000000000000e+00
1.025000000000000000e+04 4.100003983939701779e-01 4.446973145197997135e-01 3.447883477469276259e-01 1.915111515703231682e-01 1.900318616294947513e-02 0.000000000000000000e+00
1.050000000000000000e+04 4.200004081108965615e-01 4.437869822485207005e-01 3.451297223486572419e-01 1.907146108329540179e-01 2.036868456986800149e-02 0.000000000000000000e+00
1.075000000000000000e+04 4.300004178278227229e-01 4.382111970869367323e-01 3.478607191624943362e-01 1.951524806554392477e-01 1.877560309512972189e-02 0.000000000000000000e+00
1.100000000000000000e+04 4.400004275447486624e-01 4.425352753755120716e-01 3.431952662721893255e-01 1.929904415111515781e-01 2.127901684114701791e-02 0.000000000000000000e+00
1.125000000000000000e+04 4.500004372616746018e-01 4.482248520710059303e-01 3.402366863905325611e-01 1.869594902139280757e-01 2.446517979062357712e-02 1.137915339098771066e-04
1.150000000000000000e+04 4.600004469786009853e-01 4.493627674101046687e-01 3.356850250341374409e-01 1.911697769685935244e-01 2.378243058716431393e-02 0.000000000000000000e+00
1.175000000000000000e+04 4.700004566955271468e-01 4.374146563495676099e-01 3.492262175694128556e-01 1.943559399180700975e-01 1.900318616294947513e-02 0.000000000000000000e+00
1.200000000000000000e+04 4.800004664124530862e-01 4.289940828402367123e-01 3.763086026399635742e-01 1.776285844333181652e-01 1.706873008648156567e-02 0.000000000000000000e+00
1.225000000000000000e+04 4.900004761293790256e-01 4.307009558488848477e-01 3.697086936731907025e-01 1.802457897132453413e-01 1.934456076467910846e-02 0.000000000000000000e+00
1.250000000000000000e+04 5.000004858463054092e-01 4.293354574419663283e-01 3.673190714610832797e-01 1.863905325443787064e-01 1.695493855257168905e-02 0.000000000000000000e+00
1.275000000000000000e+04 5.100004955632315706e-01 4.115839781520254648e-01 3.798361401911697910e-01 1.934456076467910846e-01 1.513427401001365448e-02 0.000000000000000000e+00
1.300000000000000000e+04 5.200005052801575101e-01 4.057806099226217711e-01 3.753982703686845612e-01 2.035730541647701453e-01 1.524806554392353283e-02 0.000000000000000000e+00
1.325000000000000000e+04 5.300005149970834495e-01 4.061219845243513871e-01 3.707328174783796060e-01 2.085798816568047442e-01 1.456531634046426965e-02 0.000000000000000000e+00
1.350000000000000000e+04 5.400005247140098330e-01 4.027082385070550608e-01 3.689121529358215801e-01 2.126763768775603025e-01 1.570323167956303931e-02 0.000000000000000000e+00
1.375000000000000000e+04 5.500005344309359945e-01 4.091943559399180974e-01 3.731224396904870289e-01 2.035730541647701453e-01 1.411015020482476144e-02 0.000000000000000000e+00
1.400000000000000000e+04 5.600005441478619339e-01 3.974738279472007085e-01 3.879153390987710726e-01 1.962903959945380139e-01 1.832043695949021542e-02 0.000000000000000000e+00
1.425000000000000000e+04 5.700005538647878733e-01 3.896222121074192080e-01 3.997496586253982964e-01 1.977696859353663961e-01 1.285844333181611343e-02 0.000000000000000000e+00
1.450000000000000000e+04 5.800005635817142569e-01 3.959945380063722986e-01 3.883705052344105790e-01 1.979972690031861493e-01 1.763768775603095224e-02 0.000000000000000000e+00
1.475000000000000000e+04 5.900005732986404183e-01 3.851843422849339782e-01 3.961083295402821891e-01 2.026627218934911323e-01 1.604460628129267263e-02 0.000000000000000000e+00
1.500000000000000000e+04 6.000005830155663578e-01 3.683431952662721831e-01 3.973600364132908735e-01 2.149522075557578626e-01 1.934456076467910846e-02 0.000000000000000000e+00
1.525000000000000000e+04 6.100005927324922972e-01 3.736913973600364258e-01 3.906463359126081114e-01 2.160901228948566288e-01 1.957214383249886169e-02 0.000000000000000000e+00
1.550000000000000000e+04 6.200006024494186807e-01 3.733500227583067543e-01 3.763086026399635742e-01 2.258761948111060458e-01 2.446517979062357712e-02 0.000000000000000000e+00
1.575000000000000000e+04 6.300006121663448422e-01 3.789258079198907780e-01 3.643604915794265153e-01 2.339553937187073274e-01 2.275830678197542090e-02 0.000000000000000000e+00
1.600000000000000000e+04 6.400006218832707816e-01 3.806326809285389134e-01 3.604915794264906825e-01 2.436276741010468816e-01 1.524806554392353283e-02 0.000000000000000000e+00
1.625000000000000000e+04 6.500006316001967210e-01 3.689121529358215801e-01 3.678880291306326766e-01 2.469276285844333174e-01 1.627218934911242587e-02 0.000000000000000000e+00
1.650000000000000000e+04 6.600006413171231046e-01 3.596950386891215046e-01 3.809740555302685294e-01 2.435138825671370189e-01 1.581702321347291593e-02 0.000000000000000000e+00
1.675000000000000000e+04 6.700006510340492660e-01 3.603777878925807920e-01 3.802913063268092975e-01 2.456759217114246607e-01 1.365498406918525323e-02 0.000000000000000000e+00
1.700000000000000000e+04 6.800006607509752055e-01 3.635639508420573374e-01 3.705052344105598805e-01 2.492034592626308498e-01 1.672735548475193582e-02 0.000000000000000000e+00
1.725000000000000000e+04 6.900006704679011449e-01 3.750568957669549452e-01 3.553709604005462208e-01 2.539827036868457233e-01 1.558944014565316269e-02 0.000000000000000000e+00
1.750000000000000000e+04 7.000006801848275284e-01 3.843878015475648557e-01 3.383022303140646447e-01 2.581929904415111721e-01 1.911697769685935522e-02 0.000000000000000000e+00
1.775000000000000000e+04 7.100006899017536899e-01 3.846153846153846367e-01 3.434228493400091065e-01 2.562585343650432557e-01 1.570323167956303931e-02 0.000000000000000000e+00
1.800000000000000000e+04 7.200006996186796293e-01 3.872325898953117851e-01 3.381884387801547542e-01 2.583067819754210070e-01 1.627218934911242587e-02 0.000000000000000000e+00
1.825000000000000000e+04 7.300007093356055687e-01 3.883705052344105790e-01 3.329540282203004020e-01 2.602412380518889234e-01 1.843422849340009204e-02 0.000000000000000000e+00
1.850000000000000000e+04 7.400007190525319523e-01 3.806326809285389134e-01 3.357988165680473314e-01 2.702548930359581214e-01 1.331360946745562164e-02 0.000000000000000000e+00
1.875000000000000000e+04 7.500007287694581137e-01 3.813154301319982009e-01 3.331816112881201830e-01 2.711652253072371344e-01 1.433773327264451468e-02 0.000000000000000000e+00
1.900000000000000000e+04 7.600007384863840532e-01 3.947428311333636697e-01 3.255575785161584079e-01 2.602412380518889234e-01 1.945835229858898507e-02 0.000000000000000000e+00
1.925000000000000000e+04 7.700007482033099926e-01 3.835912608101957333e-01 3.363677742375967283e-01 2.642239417387346467e-01 1.581702321347291593e-02 0.000000000000000000e+00
1.950000000000000000e+04 7.800007579202363761e-01 3.743741465634956578e-01 3.479745106964041712e-01 2.613791533909877174e-01 1.627218934911242587e-02 0.000000000000000000e+00
1.975000000000000000e+04 7.900007676371625376e-01 3.898497951752389890e-01 3.284023668639053373e-01 2.644515248065543722e-01 1.729631315430131891e-02 0.000000000000000000e+00
2.000000000000000000e+04 8.000007773540884770e-01 3.982703686845698865e-01 3.113336367774237612e-01 2.675238962221210826e-01 2.287209831588529751e-02 0.000000000000000000e+00
2.025000000000000000e+04 8.100007870710146385e-01 3.983841602184797215e-01 3.189576695493855363e-01 2.600136549840691980e-01 2.264451524806554428e-02 0.000000000000000000e+00
2.050000000000000000e+04 8.200007967879408000e-01 3.838188438780154588e-01 3.323850705507510050e-01 2.695721438324988894e-01 1.422394173873463806e-02 0.000000000000000000e+00
2.075000000000000000e+04 8.300008065048669614e-01 3.780154756486117651e-01 3.408056440600819026e-01 2.694583522985889990e-01 1.172052799271734204e-02 0.000000000000000000e+00
2.100000000000000000e+04 8.400008162217929009e-01 3.755120619025944517e-01 3.468365953573054328e-01 2.642239417387346467e-01 1.342740100136549826e-02 0.000000000000000000e+00
2.125000000000000000e+04 8.500008259387190623e-01 3.747155211652253293e-01 3.698224852071005930e-01 2.420345926263086089e-01 1.342740100136549826e-02 0.000000000000000000e+00
2.150000000000000000e+04 8.600008356556452238e-01 3.684569868001820736e-01 3.736913973600364258e-01 2.415794264906691025e-01 1.627218934911242587e-02 0.000000000000000000e+00
2.175000000000000000e+04 8.700008453725713853e-01 3.678880291306326766e-01 3.748293126991351643e-01 2.422621756941283622e-01 1.502048247610377786e-02 0.000000000000000000e+00
2.200000000000000000e+04 8.800008550894973247e-01 3.618570778334092020e-01 3.715293582157487284e-01 2.530723714155666548e-01 1.354119253527537488e-02 0.000000000000000000e+00
2.225000000000000000e+04 8.900008648064234862e-01 3.550295857988165493e-01 3.794947655894401195e-01 2.544378698224852298e-01 1.103777878925807886e-02 0.000000000000000000e+00
2.250000000000000000e+04 9.000008745233496477e-01 3.402366863905325611e-01 3.757396449704141772e-01 2.736686390532544477e-01 1.035502958579881741e-02 0.000000000000000000e+00
2.275000000000000000e+04 9.100008842402758091e-01 3.390987710514337672e-01 3.718707328174783999e-01 2.776513427401001155e-01 1.137915339098771045e-02 0.000000000000000000e+00
2.300000000000000000e+04 9.200008939572019706e-01 3.400091033227127801e-01 3.612881201638598050e-01 2.873236231224396975e-01 1.137915339098771045e-02 0.000000000000000000e+00
2.325000000000000000e+04 9.300009036741279100e-01 3.401228948566226706e-01 3.488848429676831842e-01 2.969959035047792240e-01 1.399635867091488309e-02 0.000000000000000000e+00
2.350000000000000000e+04 9.400009133910540715e-01 3.484296768320436777e-01 3.495675921711424716e-01 2.874374146563495880e-01 1.456531634046426965e-02 0.000000000000000000e+00
2.375000000000000000e+04 9.500009231079802330e-01 3.378470641784251383e-01 3.618570778334092020e-01 2.908511606736458588e-01 9.444697314519799256e-03 0.000000000000000000e+00
2.400000000000000000e+04 9.600009328249063945e-01 3.412608101957214646e-01 3.560537096040054528e-01 2.954028220300409791e-01 7.282658170232134826e-03 0.000000000000000000e+00
2.425000000000000000e+04 9.700009425418323339e-01 3.414883932635411901e-01 3.615157032316795860e-01 2.874374146563495880e-01 9.558488848429677609e-03 0.000000000000000000e+00
2.450000000000000000e+04 9.800009522587584954e-01 3.450159308147474069e-01 3.590122894856622726e-01 2.882339553937187104e-01 7.737824305871643035e-03 0.000000000000000000e+00
2.475000000000000000e+04 9.900009619756846568e-01 3.456986800182066388e-01 3.720983158852981254e-01 2.718479745106964218e-01 1.035502958579881741e-02 0.000000000000000000e+00
2.500000000000000000e+04 1.000000971692610818e+00 3.421711424670004775e-01 3.994082840236686249e-01 2.472690031861629611e-01 1.115157032316795548e-02 0.000000000000000000e+00
