# itime ezz other fcc hcp bcc ico
0.000000000000000000e+00 0.000000000000000000e+00 0.000000000000000000e+00 1.000000000000000000e+00 0.000000000000000000e+00 0.000000000000000000e+00 0.000000000000000000e+00
5.000000000000000000e+01 1.999986326896685540e-03 0.000000000000000000e+00 1.000000000000000000e+00 0.000000000000000000e+00 0.000000000000000000e+00 0.000000000000000000e+00
1.000000000000000000e+02 3.999972653793371080e-03 0.000000000000000000e+00 1.000000000000000000e+00 0.000000000000000000e+00 0.000000000000000000e+00 0.000000000000000000e+00
1.500000000000000000e+02 5.999958980690056620e-03 0.000000000000000000e+00 1.000000000000000000e+00 0.000000000000000000e+00 0.000000000000000000e+00 0.000000000000000000e+00
2.000000000000000000e+02 7.999945307586742160e-03 0.000000000000000000e+00 1.000000000000000000e+00 0.000000000000000000e+00 0.000000000000000000e+00 0.000000000000000000e+00
2.500000000000000000e+02 9.999931634483427700e-03 0.000000000000000000e+00 1.000000000000000000e+00 0.000000000000000000e+00 0.000000000000000000e+00 0.000000000000000000e+00
3.000000000000000000e+02 1.199991796138011324e-02 0.000000000000000000e+00 1.000000000000000000e+00 0.000000000000000000e+00 0.000000000000000000e+00 0.000000000000000000e+00
3.500000000000000000e+02 1.399990428827679878e-02 0.000000000000000000e+00 1.000000000000000000e+00 0.000000000000000000e+00 0.000000000000000000e+00 0.000000000000000000e+00
4.000000000000000000e+02 1.599989061517348432e-02 0.000000000000000000e+00 1.000000000000000000e+00 0.000000000000000000e+00 0.000000000000000000e+00 0.000000000000000000e+00
4.500000000000000000e+02 1.799987694207016986e-02 0.000000000000000000e+00 1.000000000000000000e+00 0.000000000000000000e+00 0.000000000000000000e+00 0.000000000000000000e+00
5.000000000000000000e+02 1.999986326896685540e-02 0.000000000000000000e+00 1.000000000000000000e+00 0.000000000000000000e+00 0.000000000000000000e+00 0.000000000000000000e+00
5.500000000000000000e+02 2.199984959586354094e-02 0.000000000000000000e+00 1.000000000000000000e+00 0.000000000000000000e+00 0.000000000000000000e+00 0.000000000000000000e+00
6.000000000000000000e+02 2.399983592276022648e-02 0.000000000000000000e+00 1.000000000000000000e+00 0.000000000000000000e+00 0.000000000000000000e+00 0.000000000000000000e+00
6.500000000000000000e+02 2.599982224965691202e-02 0.000000000000000000e+00 1.000000000000000000e+00 0.000000000000000000e+00 0.000000000000000000e+00 0.000000000000000000e+00
7.000000000000000000e+02 2.799980857655359756e-02 0.000000000000000000e+00 1.000000000000000000e+00 0.000000000000000000e+00 0.000000000000000000e+00 0.000000000000000000e+00
7.500000000000000000e+02 2.999979490345028310e-02 0.000000000000000000e+00 1.000000000000000000e+00 0.000000000000000000e+00 0.000000000000000000e+00 0.000000000000000000e+00
8.000000000000000000e+02 3.199978123034696864e-02 0.000000000000000000e+00 1.000000000000000000e+00 0.000000000000000000e+00 0.000000000000000000e+00 0.000000000000000000e+00
8.500000000000000000e+02 3.399976755724365418e-02 0.000000000000000000e+00 1.000000000000000000e+00 0.000000000000000000e+00 0.000000000000000000e+00 0.000000000000000000e+00
9.000000000000000000e+02 3.599975388414033972e-02 0.000000000000000000e+00 1.000000000000000000e+00 0.000000000000000000e+00 0.000000000000000000e+00 0.000000000000000000e+00
9.500000000000000000e+02 3.799974021103702526e-02 0.000000000000000000e+00 1.000000000000000000e+00 0.000000000000000000e+00 0.000000000000000000e+00 0.000000000000000000e+00
1.000000000000000000e+03 3.999972653793371080e-02 0.000000000000000000e+00 1.000000000000000000e+00 0.000000000000000000e+00 0.000000000000000000e+00 0.000000000000000000e+00
1.050000000000000000e+03 4.199971286483039634e-02 0.000000000000000000e+00 1.000000000000000000e+00 0.000000000000000000e+00 0.000000000000000000e+00 0.000000000000000000e+00
1.100000000000000000e+03 4.399969919172730393e-02 0.000000000000000000e+00 1.000000000000000000e+00 0.000000000000000000e+00 0.000000000000000000e+00 0.000000000000000000e+00
1.150000000000000000e+03 4.599968551862398947e-02 0.000000000000000000e+00 1.000000000000000000e+00 0.000000000000000000e+00 0.000000000000000000e+00 0.000000000000000000e+00
1.200000000000000000e+03 4.799967184552067501e-02 0.000000000000000000e+00 1.000000000000000000e+00 0.000000000000000000e+00 0.000000000000000000e+00 0.000000000000000000e+00
1.250000000000000000e+03 4.999965817241736055e-02 0.000000000000000000e+00 1.000000000000000000e+00 0.000000000000000000e+00 0.000000000000000000e+00 0.000000000000000000e+00
1.300000000000000000e+03 5.199964449931404609e-02 0.000000000000000000e+00 1.000000000000000000e+00 0.000000000000000000e+00 0.000000000000000000e+00 0.000000000000000000e+00
1.350000000000000000e+03 5.399963082621073163e-02 0.000000000000000000e+00 1.000000000000000000e+00 0.000000000000000000e+00 0.000000000000000000e+00 0.000000000000000000e+00
1.400000000000000000e+03 5.599961715310741717e-02 0.000000000000000000e+00 1.000000000000000000e+00 0.000000000000000000e+00 0.000000000000000000e+00 0.000000000000000000e+00
1.450000000000000000e+03 5.799960348000410271e-02 0.000000000000000000e+00 1.000000000000000000e+00 0.000000000000000000e+00 0.000000000000000000e+00 0.000000000000000000e+00
1.500000000000000000e+03 5.999958980690078825e-02 0.000000000000000000e+00 1.000000000000000000e+00 0.000000000000000000e+00 0.000000000000000000e+00 0.000000000000000000e+00
1.550000000000000000e+03 6.199957613379747379e-02 0.000000000000000000e+00 1.000000000000000000e+00 0.000000000000000000e+00 0.000000000000000000e+00 0.000000000000000000e+00
1.600000000000000000e+03 6.399956246069415933e-02 0.000000000000000000e+00 1.000000000000000000e+00 0.000000000000000000e+00 0.000000000000000000e+00 0.000000000000000000e+00
1.650000000000000000e+03 6.599954878759084487e-02 0.000000000000000000e+00 1.000000000000000000e+00 0.000000000000000000e+00 0.000000000000000000e+00 0.000000000000000000e+00
1.700000000000000000e+03 6.799953511448753041e-02 3.413746017296313199e-04 9.996586253982703285e-01 0.000000000000000000e+00 0.000000000000000000e+00 0.000000000000000000e+00
1.750000000000000000e+03 6.999952144138421595e-02 1.137915339098771066e-04 9.998862084660901095e-01 0.000000000000000000e+00 0.000000000000000000e+00 0.000000000000000000e+00
1.800000000000000000e+03 7.199950776828090149e-02 0.000000000000000000e+00 1.000000000000000000e+00 0.000000000000000000e+00 0.000000000000000000e+00 0.000000000000000000e+00
1.850000000000000000e+03 7.399949409517758703e-02 4.551661356395084266e-04 9.995448338643604380e-01 0.000000000000000000e+00 0.000000000000000000e+00 0.000000000000000000e+00
1.900000000000000000e+03 7.599948042207427257e-02 0.000000000000000000e+00 1.000000000000000000e+00 0.000000000000000000e+00 0.000000000000000000e+00 0.000000000000000000e+00
1.950000000000000000e+03 7.799946674897095811e-02 0.000000000000000000e+00 1.000000000000000000e+00 0.000000000000000000e+00 0.000000000000000000e+00 0.000000000000000000e+00
2.000000000000000000e+03 7.999945307586764365e-02 0.000000000000000000e+00 1.000000000000000000e+00 0.000000000000000000e+00 0.000000000000000000e+00 0.000000000000000000e+00
2.050000000000000000e+03 8.199943940276432919e-02 4.551661356395084266e-04 9.995448338643604380e-01 0.000000000000000000e+00 0.000000000000000000e+00 0.000000000000000000e+00
2.100000000000000000e+03 8.399942572966101473e-02 3.413746017296313199e-04 9.996586253982703285e-01 0.000000000000000000e+00 0.000000000000000000e+00 0.000000000000000000e+00
2.150000000000000000e+03 8.599941205655770027e-02 9.103322712790168532e-04 9.990896677287209870e-01 0.000000000000000000e+00 0.000000000000000000e+00 0.000000000000000000e+00
2.200000000000000000e+03 8.799939838345438581e-02 0.000000000000000000e+00 1.000000000000000000e+00 0.000000000000000000e+00 0.000000000000000000e+00 0.000000000000000000e+00
2.250000000000000000e+03 8.999938471035107135e-02 0.000000000000000000e+00 1.000000000000000000e+00 0.000000000000000000e+00 0.000000000000000000e+00 0.000000000000000000e+00
2.300000000000000000e+03 9.199937103724775689e-02 1.137915339098770958e-03 9.987482931269913156e-01 0.000000000000000000e+00 1.137915339098771066e-04 0.000000000000000000e+00
2.350000000000000000e+03 9.399935736414444243e-02 9.103322712790168532e-04 9.989758761948110966e-01 0.000000000000000000e+00 1.137915339098771066e-04 0.000000000000000000e+00
2.400000000000000000e+03 9.599934369104112797e-02 1.593081474738279385e-03 9.984069185252617551e-01 0.000000000000000000e+00 0.000000000000000000e+00 0.000000000000000000e+00
2.450000000000000000e+03 9.799933001793781351e-02 1.479289940828402332e-03 9.980655439235320836e-01 0.000000000000000000e+00 4.551661356395084266e-04 0.000000000000000000e+00
2.500000000000000000e+03 9.999931634483449905e-02 1.706873008648156654e-03 9.982931269913518646e-01 0.000000000000000000e+00 0.000000000000000000e+00 0.000000000000000000e+00
2.550000000000000000e+03 1.019993026717311846e-01 3.186162949476558769e-03 9.967000455166135087e-01 0.000000000000000000e+00 1.137915339098771066e-04 0.000000000000000000e+00
2.600000000000000000e+03 1.039992889986278701e-01 1.706873008648156654e-03 9.981793354574419741e-01 0.000000000000000000e+00 1.137915339098771066e-04 0.000000000000000000e+00
2.650000000000000000e+03 1.059992753255245557e-01 4.437869822485207214e-03 9.954483386436049352e-01 0.000000000000000000e+00 1.137915339098771066e-04 0.000000000000000000e+00
2.700000000000000000e+03 1.079992616524212412e-01 5.803368229403732710e-03 9.937414656349567998e-01 0.000000000000000000e+00 4.551661356395084266e-04 0.000000000000000000e+00
2.750000000000000000e+03 1.099992479793179267e-01 1.035502958579881741e-02 9.890760127446518446e-01 0.000000000000000000e+00 5.689576695493854790e-04 0.000000000000000000e+00
2.800000000000000000e+03 1.119992343062146123e-01 1.103777878925807886e-02 9.881656804733728316e-01 0.000000000000000000e+00 7.965407373691396923e-04 0.000000000000000000e+00
2.850000000000000000e+03 1.139992206331112978e-01 1.422394173873463806e-02 9.847519344560764498e-01 0.000000000000000000e+00 1.024123805188893906e-03 0.000000000000000000e+00
2.900000000000000000e+03 1.159992069600079834e-01 2.355484751934456070e-02 9.728038233955393910e-01 0.000000000000000000e+00 3.641329085116067413e-03 0.000000000000000000e+00
2.950000000000000000e+03 1.179991932869046689e-01 3.516158397815202785e-02 9.567592171142467183e-01 0.000000000000000000e+00 8.079198907601274626e-03 0.000000000000000000e+00
3.000000000000000000e+03 1.199991796138013544e-01 1.043468365953573035e-01 8.379608557123350288e-01 0.000000000000000000e+00 5.769230769230769551e-02 0.000000000000000000e+00
3.050000000000000000e+03 1.219991659406980400e-01 2.258761948111060458e-01 5.044378698224851743e-01 0.000000000000000000e+00 2.696859353664087244e-01 0.000000000000000000e+00
3.100000000000000000e+03 1.239991522675947255e-01 3.654984069185252538e-01 1.619253527537551085e-01 1.024123805188893906e-03 4.715521165225307065e-01 0.000000000000000000e+00
3.150000000000000000e+03 1.259991385944914111e-01 3.643604915794265153e-01 1.190259444697314567e-01 5.689576695493854790e-04 5.160446062812926726e-01 0.000000000000000000e+00
3.200000000000000000e+03 1.279991249213880966e-01 3.734638142922166448e-01 1.432635411925352875e-01 6.827492034592626399e-04 4.825898953117888079e-01 0.000000000000000000e+00
3.250000000000000000e+03 1.299991112482850042e-01 3.870050068274920596e-01 1.523668639053254448e-01 3.527537551206190360e-03 4.571005917159763343e-01 0.000000000000000000e+00
3.300000000000000000e+03 1.319990975751816897e-01 3.620846609012289274e-01 1.459945380063723264e-01 1.228948566226672687e-02 4.796313154301319881e-01 0.000000000000000000e+00
3.350000000000000000e+03 1.339990839020783753e-01 3.874601729631315661e-01 1.249431042330450548e-01 3.561675011379153433e-02 4.519799726900318726e-01 0.000000000000000000e+00
3.400000000000000000e+03 1.359990702289750608e-01 3.755120619025944517e-01 1.503186162949476656e-01 6.008192990441511144e-02 4.140873918980427781e-01 0.000000000000000000e+00
3.450000000000000000e+03 1.379990565558717464e-01 3.813154301319982009e-01 1.764906690942193990e-01 8.705052344105598805e-02 3.551433773327264398e-01 0.000000000000000000e+00
3.500000000000000000e+03 1.399990428827684319e-01 3.615157032316795860e-01 2.083522985889849910e-01 1.102639963586709154e-01 3.198680018206645492e-01 0.000000000000000000e+00
3.550000000000000000e+03 1.419990292096651174e-01 3.530951297223486329e-01 2.315657715065999045e-01 1.307464724624488039e-01 2.845926263086026586e-01 0.000000000000000000e+00
3.600000000000000000e+03 1.439990155365618030e-01 3.802913063268092975e-01 2.401001365498406925e-01 1.498634501593081592e-01 2.297451069640418786e-01 0.000000000000000000e+00
3.650000000000000000e+03 1.459990018634584885e-01 3.805188893946290229e-01 2.573964497041419941e-01 1.714838416021848000e-01 1.906008192990441552e-01 0.000000000000000000e+00
3.700000000000000000e+03 1.479989881903551741e-01 3.915566681838871244e-01 2.624032771961766208e-01 1.921939007737824279e-01 1.538461538461538547e-01 0.000000000000000000e+00
3.750000000000000000e+03 1.499989745172518596e-01 3.959945380063722986e-01 2.773099681383704995e-01 1.992489758761948060e-01 1.274465179790623681e-01 0.000000000000000000e+00
3.800000000000000000e+03 1.519989608441485451e-01 3.957669549385525731e-01 2.872098315885298070e-01 1.981110605370960398e-01 1.189121529358215801e-01 0.000000000000000000e+00
3.850000000000000000e+03 1.539989471710452307e-01 3.883705052344105790e-01 3.054164770141101770e-01 2.009558488848429691e-01 1.052571688666363164e-01 0.000000000000000000e+00
3.900000000000000000e+03 1.559989334979419162e-01 3.920118343195266308e-01 3.045061447428311086e-01 2.059626763768775681e-01 9.751934456076467861e-02 0.000000000000000000e+00
3.950000000000000000e+03 1.579989198248386018e-01 3.929221665908056438e-01 3.020027309968138507e-01 2.074419663177059503e-01 9.763313609467455523e-02 0.000000000000000000e+00
4.000000000000000000e+03 1.599989061517352873e-01 3.913290851160673434e-01 3.113336367774237612e-01 2.113108784706417831e-01 8.602639963586708460e-02 0.000000000000000000e+00
4.050000000000000000e+03 1.619988924786319728e-01 3.957669549385525731e-01 3.180473372781065233e-01 2.156349567592171224e-01 7.055075102412380894e-02 0.000000000000000000e+00
4.100000000000000000e+03 1.639988788055286584e-01 3.907601274465180019e-01 3.236231224396904915e-01 2.190487027765134209e-01 6.656804733727811341e-02 0.000000000000000000e+00
4.150000000000000000e+03 1.659988651324253439e-01 4.022530723714155543e-01 3.219162494310423561e-01 2.107419208010923861e-01 6.508875739644970349e-02 0.000000000000000000e+00
4.200000000000000000e+03 1.679988514593220295e-01 3.983841602184797215e-01 3.266954938552571464e-01 2.122212107419207960e-01 6.269913518434228061e-02 0.000000000000000000e+00
4.250000000000000000e+03 1.699988377862187150e-01 4.002048247610378029e-01 3.264679107874374209e-01 2.108557123350022766e-01 6.247155211652252738e-02 0.000000000000000000e+00
4.300000000000000000e+03 1.719988241131154005e-01 3.881429221665907980e-01 3.385298133818843702e-01 2.170004551661356418e-01 5.632680928538916915e-02 0.000000000000000000e+00
4.350000000000000000e+03 1.739988104400120861e-01 3.940600819299044377e-01 3.345471096950387024e-01 2.143832498862084657e-01 5.700955848884842886e-02 0.000000000000000000e+00
4.400000000000000000e+03 1.759987967669087716e-01 4.021392808375056638e-01 3.319299044151114986e-01 2.096040054619936199e-01 5.632680928538916915e-02 0.000000000000000000e+00
4.450000000000000000e+03 1.779987830938054572e-01 3.951979972690031762e-01 3.392125625853436577e-01 2.077833409194355940e-01 5.780609922621757213e-02 0.000000000000000000e+00
4.500000000000000000e+03 1.799987694207021427e-01 4.041875284478834707e-01 3.397815202548930547e-01 2.094902139280837572e-01 4.654073736913973830e-02 0.000000000000000000e+00
4.550000000000000000e+03 1.819987557475988282e-01 4.071461083295402905e-01 3.388711879836140417e-01 2.049385525716886647e-01 4.904415111515703085e-02 0.000000000000000000e+00
4.600000000000000000e+03 1.839987420744955138e-01 4.070323167956304000e-01 3.416021847974510806e-01 2.022075557578516258e-01 4.915794264906690747e-02 0.000000000000000000e+00
4.650000000000000000e+03 1.859987284013921993e-01 4.087391898042785354e-01 3.383022303140646447e-01 2.000455166135639562e-01 5.291306326809285671e-02 0.000000000000000000e+00
4.700000000000000000e+03 1.879987147282888849e-01 3.989531178880291185e-01 3.496813837050523621e-01 1.982248520710059303e-01 5.314064633591260994e-02 0.000000000000000000e+00
4.750000000000000000e+03 1.899987010551855704e-01 4.025944469731451703e-01 3.428538916704597095e-01 1.943559399180700975e-01 6.019572143832498806e-02 0.000000000000000000e+00
4.800000000000000000e+03 1.919986873820822559e-01 4.002048247610378029e-01 3.466090122894856518e-01 1.954938552571688637e-01 5.769230769230769551e-02 0.000000000000000000e+00
4.850000000000000000e+03 1.939986737089789415e-01 3.955393718707327921e-01 3.530951297223486329e-01 1.983386436049157930e-01 5.302685480200273332e-02 0.000000000000000000e+00
4.900000000000000000e+03 1.959986600358756270e-01 3.964497041420118606e-01 3.525261720527992915e-01 1.948111060537096040e-01 5.621301775147929253e-02 0.000000000000000000e+00
4.950000000000000000e+03 1.979986463627723126e-01 3.969048702776513671e-01 3.546882111970869333e-01 1.954938552571688637e-01 5.291306326809285671e-02 0.000000000000000000e+00
5.000000000000000000e+03 1.999986326896689981e-01 3.987255348202093930e-01 3.561675011379153433e-01 1.929904415111515781e-01 5.211652253072371344e-02 0.000000000000000000e+00
5.050000000000000000e+03 2.019986190165656836e-01 3.973600364132908735e-01 3.579881656804733692e-01 1.964041875284478766e-01 4.824761037778789452e-02 0.000000000000000000e+00
5.100000000000000000e+03 2.039986053434623692e-01 3.938324988620846567e-01 3.615157032316795860e-01 1.962903959945380139e-01 4.836140191169777114e-02 0.000000000000000000e+00
5.150000000000000000e+03 2.059985916703590547e-01 4.017979062357760478e-01 3.602639963586709015e-01 1.911697769685935244e-01 4.676832043695949154e-02 0.000000000000000000e+00
5.200000000000000000e+03 2.079985779972557403e-01 4.045289030496130867e-01 3.595812471552116696e-01 1.898042785616750050e-01 4.608557123350022489e-02 0.000000000000000000e+00
5.250000000000000000e+03 2.099985643241524258e-01 4.050978607191624836e-01 3.585571233500227661e-01 1.876422394173873354e-01 4.870277651342740100e-02 0.000000000000000000e+00
5.300000000000000000e+03 2.119985506510491113e-01 4.137460172963131622e-01 3.518434228493400040e-01 1.885525716886663761e-01 4.585798816568047165e-02 0.000000000000000000e+00
5.350000000000000000e+03 2.139985369779457969e-01 4.103322712790168358e-01 3.544606281292672079e-01 1.884387801547564856e-01 4.676832043695949154e-02 0.000000000000000000e+00
5.400000000000000000e+03 2.159985233048427045e-01 4.163632225762403105e-01 3.557123350022758368e-01 1.865043240782885692e-01 4.142011834319526964e-02 0.000000000000000000e+00
5.450000000000000000e+03 2.179985096317393900e-01 4.217114246700045532e-01 3.544606281292672079e-01 1.780837505689576716e-01 4.574419663177059503e-02 0.000000000000000000e+00
5.500000000000000000e+03 2.199984959586360755e-01 4.244424214838415921e-01 3.543468365953573174e-01 1.799044151115156975e-01 4.130632680928538608e-02 0.000000000000000000e+00
5.550000000000000000e+03 2.219984822855327611e-01 4.277423759672280279e-01 3.560537096040054528e-01 1.779699590350477811e-01 3.823395539371871044e-02 0.000000000000000000e+00
5.600000000000000000e+03 2.239984686124294466e-01 4.258079198907601115e-01 3.518434228493400040e-01 1.846836595357305433e-01 3.766499772416932040e-02 0.000000000000000000e+00
5.650000000000000000e+03 2.259984549393261322e-01 4.286527082385070408e-01 3.543468365953573174e-01 1.820664542558033672e-01 3.493400091033227461e-02 0.000000000000000000e+00
5.700000000000000000e+03 2.279984412662228177e-01 4.262630860263996180e-01 3.573054164770141372e-01 1.816112881201638607e-01 3.482020937642239106e-02 0.000000000000000000e+00
5.750000000000000000e+03 2.299984275931195032e-01 4.190942193900774049e-01 3.620846609012289274e-01 1.832043695949021334e-01 3.561675011379153433e-02 0.000000000000000000e+00
5.800000000000000000e+03 2.319984139200161888e-01 4.334319526627218866e-01 3.565088757396449592e-01 1.788802913063268218e-01 3.117888029130632538e-02 0.000000000000000000e+00
5.850000000000000000e+03 2.339984002469128743e-01 4.223941738734638407e-01 3.568502503413745752e-01 1.816112881201638607e-01 3.914428766499772339e-02 0.000000000000000000e+00
5.900000000000000000e+03 2.359983865738095599e-01 4.287664997724169313e-01 3.520710059171597850e-01 1.781975421028675344e-01 4.096495220755575623e-02 0.000000000000000000e+00
5.950000000000000000e+03 2.379983729007062454e-01 4.301319981793354508e-01 3.521847974510696200e-01 1.814974965862539702e-01 3.618570778334091742e-02 0.000000000000000000e+00
6.000000000000000000e+03 2.399983592276029309e-01 4.324078288575329831e-01 3.496813837050523621e-01 1.819526627218935044e-01 3.595812471552116418e-02 0.000000000000000000e+00
6.050000000000000000e+03 2.419983455544996165e-01 4.288802913063268218e-01 3.541192535275375364e-01 1.761492944924897552e-01 4.085116067364587961e-02 0.000000000000000000e+00
6.100000000000000000e+03 2.439983318813963020e-01 4.346836595357305155e-01 3.453573054164770229e-01 1.787664997724169313e-01 4.119253527537550946e-02 0.000000000000000000e+00
6.150000000000000000e+03 2.459983182082929876e-01 4.346836595357305155e-01 3.402366863905325611e-01 1.849112426035502965e-01 4.016841147018661989e-02 0.000000000000000000e+00
6.200000000000000000e+03 2.479983045351896731e-01 4.370732817478379384e-01 3.388711879836140417e-01 1.841147018661811463e-01 3.994082840236686666e-02 0.000000000000000000e+00
6.250000000000000000e+03 2.499982908620863586e-01 4.332043695949021611e-01 3.337505689576695245e-01 1.976558944014565333e-01 3.538916704597178109e-02 0.000000000000000000e+00
6.300000000000000000e+03 2.519982771889830442e-01 4.406008192990441552e-01 3.286299499317250628e-01 1.990213928083750528e-01 3.174783796085571541e-02 0.000000000000000000e+00
6.350000000000000000e+03 2.539982635158797297e-01 4.351388256713700775e-01 3.320436959490213891e-01 2.000455166135639562e-01 3.277196176604460498e-02 0.000000000000000000e+00
6.400000000000000000e+03 2.559982498427764153e-01 4.330905780609922706e-01 3.385298133818843702e-01 1.983386436049157930e-01 3.004096495220755572e-02 0.000000000000000000e+00
6.450000000000000000e+03 2.579982361696731008e-01 4.353664087391898030e-01 3.353436504324078249e-01 1.982248520710059303e-01 3.106508875739644876e-02 0.000000000000000000e+00
6.500000000000000000e+03 2.599982224965697863e-01 4.398042785616750328e-01 3.396677287209831642e-01 1.888939462903959920e-01 3.163404642694583185e-02 0.000000000000000000e+00
6.550000000000000000e+03 2.619982088234664719e-01 4.318388711879836417e-01 3.435366408739189970e-01 1.913973600364132777e-01 3.322712790168411146e-02 0.000000000000000000e+00
6.600000000000000000e+03 2.639981951503631574e-01 4.251251706873008795e-01 3.505917159763313751e-01 1.860491579426490627e-01 3.823395539371871044e-02 0.000000000000000000e+00
6.650000000000000000e+03 2.659981814772598430e-01 4.226217569412835662e-01 3.505917159763313751e-01 1.937869822485207005e-01 3.299954483386435822e-02 0.000000000000000000e+00
6.700000000000000000e+03 2.679981678041565285e-01 4.235320892125625791e-01 3.513882567137004975e-01 1.966317705962676299e-01 2.844788347746927612e-02 0.000000000000000000e+00
6.750000000000000000e+03 2.699981541310532140e-01 4.211424670004551563e-01 3.512744651797906070e-01 1.986800182066454368e-01 2.878925807919890598e-02 1.137915339098771066e-04
6.800000000000000000e+03 2.719981404579498996e-01 4.213700500682749372e-01 3.520710059171597850e-01 1.940145653163404538e-01 3.254437869822485174e-02 0.000000000000000000e+00
6.850000000000000000e+03 2.739981267848465851e-01 4.132908511606736557e-01 3.560537096040054528e-01 1.957214383249886169e-01 3.482020937642239106e-02 1.137915339098771066e-04
6.900000000000000000e+03 2.759981131117432707e-01 4.152253072371415721e-01 3.560537096040054528e-01 1.925352753755120716e-01 3.618570778334091742e-02 0.000000000000000000e+00
6.950000000000000000e+03 2.779980994386399562e-01 4.193218024578971304e-01 3.568502503413745752e-01 1.958352298588985074e-01 2.799271734182976618e-02 0.000000000000000000e+00
7.000000000000000000e+03 2.799980857655366417e-01 4.124943104233045332e-01 3.569640418752844657e-01 2.028903049613108855e-01 2.765134274010013632e-02 0.000000000000000000e+00
7.050000000000000000e+03 2.819980720924333273e-01 4.142011834319526686e-01 3.540054619936277014e-01 2.024351388256713791e-01 2.935821574874829254e-02 0.000000000000000000e+00
7.100000000000000000e+03 2.839980584193300128e-01 4.168183887118798170e-01 3.555985434683659463e-01 1.995903504779244497e-01 2.799271734182976618e-02 0.000000000000000000e+00
7.150000000000000000e+03 2.859980447462266984e-01 4.143149749658625591e-01 3.574192080109239722e-01 1.985662266727355463e-01 2.969959035047792587e-02 0.000000000000000000e+00
7.200000000000000000e+03 2.879980310731233839e-01 4.205735093309057593e-01 3.517296313154301135e-01 1.953800637232590010e-01 3.231679563040509851e-02 0.000000000000000000e+00
7.250000000000000000e+03 2.899980174000200694e-01 4.195493855257169113e-01 3.520710059171597850e-01 1.998179335457442030e-01 2.856167501137915274e-02 0.000000000000000000e+00
7.300000000000000000e+03 2.919980037269167550e-01 4.231907146108329631e-01 3.528675466545289074e-01 1.981110605370960398e-01 2.583067819754210348e-02 0.000000000000000000e+00
7.350000000000000000e+03 2.939979900538134405e-01 4.210286754665452658e-01 3.535502958579881394e-01 1.966317705962676299e-01 2.878925807919890598e-02 0.000000000000000000e+00
7.400000000000000000e+03 2.959979763807101261e-01 4.284251251706873154e-01 3.518434228493400040e-01 1.942421483841602070e-01 2.548930359581247015e-02 0.000000000000000000e+00
7.450000000000000000e+03 2.979979627076068116e-01 4.291078743741465473e-01 3.478607191624943362e-01 1.962903959945380139e-01 2.674101046882111990e-02 0.000000000000000000e+00
7.500000000000000000e+03 2.999979490345034971e-01 4.349112426035502965e-01 3.430814747382794905e-01 1.990213928083750528e-01 2.298588984979517413e-02 0.000000000000000000e+00
7.550000000000000000e+03 3.019979353614004047e-01 4.332043695949021611e-01 3.390987710514337672e-01 2.009558488848429691e-01 2.674101046882111990e-02 0.000000000000000000e+00
7.600000000000000000e+03 3.039979216882970903e-01 4.377560309512972259e-01 3.324988620846608955e-01 2.044833864360491582e-01 2.526172052799271692e-02 0.000000000000000000e+00
7.650000000000000000e+03 3.059979080151937758e-01 4.328629949931724896e-01 3.381884387801547542e-01 2.027765134274009950e-01 2.617205279927173334e-02 0.000000000000000000e+00
7.700000000000000000e+03 3.079978943420904614e-01 4.404870277651342647e-01 3.299954483386435822e-01 2.034592626308602548e-01 2.605826126536185672e-02 0.000000000000000000e+00
7.750000000000000000e+03 3.099978806689871469e-01 4.341147018661811741e-01 3.368229403732362348e-01 2.005006827492034627e-01 2.844788347746927612e-02 1.137915339098771066e-04
7.800000000000000000e+03 3.119978669958838324e-01 4.312699135184342447e-01 3.364815657715066188e-01 2.045971779699590487e-01 2.765134274010013632e-02 0.000000000000000000e+00
7.850000000000000000e+03 3.139978533227805180e-01 4.246700045516613731e-01 3.377332726445152478e-01 2.086936731907146070e-01 2.890304961310878606e-02 0.000000000000000000e+00
7.900000000000000000e+03 3.159978396496772035e-01 4.324078288575329831e-01 3.373918980427856318e-01 2.059626763768775681e-01 2.423759672280382388e-02 0.000000000000000000e+00
7.950000000000000000e+03 3.179978259765738891e-01 4.318388711879836417e-01 3.352298588984979344e-01 2.056213017751479244e-01 2.730996813837050646e-02 0.000000000000000000e+00
8.000000000000000000e+03 3.199978123034705746e-01 4.262630860263996180e-01 3.427401001365498190e-01 2.081247155211652378e-01 2.275830678197542090e-02 1.137915339098771066e-04
8.050000000000000000e+03 3.219977986303672601e-01 4.147701411015020656e-01 3.484296768320436777e-01 2.132453345471096995e-01 2.355484751934456070e-02 0.000000000000000000e+00
8.100000000000000000e+03 3.239977849572639457e-01 4.188666363222576239e-01 3.447883477469276259e-01 2.126763768775603025e-01 2.366863905325443732e-02 0.000000000000000000e+00
8.150000000000000000e+03 3.259977712841606312e-01 4.251251706873008795e-01 3.421711424670004775e-01 2.090350477924442507e-01 2.355484751934456070e-02 1.137915339098771066e-04
8.200000000000000000e+03 3.279977576110573168e-01 4.270596267637687959e-01 3.405780609922621771e-01 2.093764223941738667e-01 2.298588984979517413e-02 0.000000000000000000e+00
8.250000000000000000e+03 3.299977439379540023e-01 4.226217569412835662e-01 3.422849340009103125e-01 2.098315885298133732e-01 2.514792899408284030e-02 1.137915339098771066e-04
8.300000000000000000e+03 3.319977302648506878e-01 4.193218024578971304e-01 3.441055985434683384e-01 2.138142922166590687e-01 2.275830678197542090e-02 0.000000000000000000e+00
8.350000000000000000e+03 3.339977165917473734e-01 4.283113336367774249e-01 3.375056895766954668e-01 2.107419208010923861e-01 2.332726445152480746e-02 1.137915339098771066e-04
8.400000000000000000e+03 3.359977029186440589e-01 4.219390077378242787e-01 3.390987710514337672e-01 2.118798361401911801e-01 2.696859353664087314e-02 1.137915339098771066e-04
8.450000000000000000e+03 3.379976892455407445e-01 4.190942193900774049e-01 3.441055985434683384e-01 2.129039599453800558e-01 2.389622212107419055e-02 0.000000000000000000e+00
8.500000000000000000e+03 3.399976755724374300e-01 4.172735548475193235e-01 3.477469276285844457e-01 2.131315430131998090e-01 2.184797451069640448e-02 0.000000000000000000e+00
8.550000000000000000e+03 3.419976618993341155e-01 4.243286299499317016e-01 3.442193900773782289e-01 2.108557123350022766e-01 2.059626763768775473e-02 0.000000000000000000e+00
8.600000000000000000e+03 3.439976482262308011e-01 4.202321347291761433e-01 3.455848884842967483e-01 2.086936731907146070e-01 2.548930359581247015e-02 0.000000000000000000e+00
8.650000000000000000e+03 3.459976345531274866e-01 4.238734638142921951e-01 3.433090578060992160e-01 2.096040054619936199e-01 2.321347291761493084e-02 0.000000000000000000e+00
8.700000000000000000e+03 3.479976208800241722e-01 4.305871643149749572e-01 3.414883932635411901e-01 2.069868001820664438e-01 2.093764223941738806e-02 0.000000000000000000e+00
8.750000000000000000e+03 3.499976072069208577e-01 4.302457897132453413e-01 3.433090578060992160e-01 2.065316340464269373e-01 1.991351843422849502e-02 0.000000000000000000e+00
8.800000000000000000e+03 3.519975935338175432e-01 4.321802457897132577e-01 3.414883932635411901e-01 2.038006372325898985e-01 2.241693218024579104e-02 1.137915339098771066e-04
8.850000000000000000e+03 3.539975798607142288e-01 4.338871187983613931e-01 3.427401001365498190e-01 2.028903049613108855e-01 2.048247610377787811e-02 0.000000000000000000e+00
8.900000000000000000e+03 3.559975661876109143e-01 4.308147473827947382e-01 3.430814747382794905e-01 2.058488848429676776e-01 2.025489303595812488e-02 0.000000000000000000e+00
8.950000000000000000e+03 3.579975525145075999e-01 4.322940373236231482e-01 3.426263086026399840e-01 2.017523896222121194e-01 2.321347291761493084e-02 1.137915339098771066e-04
9.000000000000000000e+03 3.599975388414042854e-01 4.367319071461083224e-01 3.411470186618115741e-01 2.032316795630405015e-01 1.888939462903959851e-02 0.000000000000000000e+00
9.050000000000000000e+03 3.619975251683009709e-01 4.358215748748293095e-01 3.394401456531633832e-01 2.012972234865725851e-01 2.344105598543468408e-02 0.000000000000000000e+00
9.100000000000000000e+03 3.639975114951976565e-01 4.350250341374601870e-01 3.417159763313609711e-01 2.014110150204824756e-01 2.173418297678652786e-02 1.137915339098771066e-04
9.150000000000000000e+03 3.659974978220943420e-01 4.311561219845243542e-01 3.427401001365498190e-01 2.053937187073281712e-01 2.059626763768775473e-02 1.137915339098771066e-04
9.200000000000000000e+03 3.679974841489910276e-01 4.379836140191169513e-01 3.393263541192535482e-01 2.019799726900318726e-01 2.059626763768775473e-02 1.137915339098771066e-04
9.250000000000000000e+03 3.699974704758877131e-01 4.370732817478379384e-01 3.398953117888028896e-01 2.040282203004096517e-01 1.900318616294947513e-02 0.000000000000000000e+00
9.300000000000000000e+03 3.719974568027843986e-01 4.361629494765589254e-01 3.397815202548930547e-01 2.039144287664997612e-01 2.014110150204824826e-02 0.000000000000000000e+00
9.350000000000000000e+03 3.739974431296810842e-01 4.342284934000910090e-01 3.429676832043696000e-01 2.045971779699590487e-01 1.820664542558033533e-02 0.000000000000000000e+00
9.400000000000000000e+03 3.759974294565777697e-01 4.394629039599453613e-01 3.404642694583522866e-01 2.025489303595812418e-01 1.752389622212107562e-02 0.000000000000000000e+00
9.450000000000000000e+03 3.779974157834744553e-01 4.458352298588985074e-01 3.370505234410559603e-01 1.990213928083750528e-01 1.797906235776058209e-02 1.137915339098771066e-04
9.500000000000000000e+03 3.799974021103711408e-01 4.398042785616750328e-01 3.406918525261720676e-01 2.006144742831133254e-01 1.888939462903959851e-02 0.000000000000000000e+00
9.550000000000000000e+03 3.819973884372678263e-01 4.432180245789713036e-01 3.428538916704597095e-01 1.976558944014565333e-01 1.615839781520254925e-02 1.137915339098771066e-04
9.600000000000000000e+03 3.839973747641645119e-01 4.473145197997269173e-01 3.405780609922621771e-01 1.960628129267182607e-01 1.604460628129267263e-02 0.000000000000000000e+00
9.650000000000000000e+03 3.859973610910611974e-01 4.520937642239417631e-01 3.388711879836140417e-01 1.928766499772416876e-01 1.615839781520254925e-02 0.000000000000000000e+00
9.700000000000000000e+03 3.879973474179578830e-01 4.475421028675466428e-01 3.449021392808375164e-01 1.902594446973145115e-01 1.729631315430131891e-02 0.000000000000000000e+00
9.750000000000000000e+03 3.899973337448547905e-01 4.467455621301775204e-01 3.412608101957214646e-01 1.932180245789713313e-01 1.866181156121984527e-02 1.137915339098771066e-04
9.800000000000000000e+03 3.919973200717514761e-01 4.448111060537096040e-01 3.392125625853436577e-01 1.970869367319071364e-01 1.888939462903959851e-02 0.000000000000000000e+00
9.850000000000000000e+03 3.939973063986479396e-01 4.377560309512972259e-01 3.419435593991806965e-01 2.010696404187528319e-01 1.911697769685935522e-02 1.137915339098771066e-04
9.900000000000000000e+03 3.959972927255448472e-01 4.388939462903960198e-01 3.425125170687300935e-01 2.038006372325898985e-01 1.479289940828402289e-02 0.000000000000000000e+00
9.950000000000000000e+03 3.979972790524415327e-01 4.375284478834774449e-01 3.430814747382794905e-01 2.023213472917614886e-01 1.706873008648156567e-02 0.000000000000000000e+00
1.000000000000000000e+04 3.999972653793382182e-01 4.417387346381429492e-01 3.417159763313609711e-01 2.007282658170232159e-01 1.581702321347291593e-02 0.000000000000000000e+00
1.005000000000000000e+04 4.019972517062346817e-01 4.412835685025033872e-01 3.433090578060992160e-01 1.973145197997268896e-01 1.809285389167045871e-02 0.000000000000000000e+00
1.010000000000000000e+04 4.039972380331315893e-01 4.390077378243058548e-01 3.470641784251251583e-01 1.954938552571688637e-01 1.843422849340009204e-02 0.000000000000000000e+00
1.015000000000000000e+04 4.059972243600282749e-01 4.393491124260355263e-01 3.470641784251251583e-01 1.954938552571688637e-01 1.809285389167045871e-02 0.000000000000000000e+00
1.020000000000000000e+04 4.079972106869249604e-01 4.437869822485207005e-01 3.462676376877560358e-01 1.925352753755120716e-01 1.741010468821119553e-02 0.000000000000000000e+00
1.025000000000000000e+04 4.099971970138214239e-01 4.446973145197997135e-01 3.447883477469276259e-01 1.915111515703231682e-01 1.900318616294947513e-02 0.000000000000000000e+00
1.030000000000000000e+04 4.119971833407183315e-01 4.428766499772416876e-01 3.449021392808375164e-01 1.944697314519799602e-01 1.775147928994082885e-02 0.000000000000000000e+00
1.035000000000000000e+04 4.139971696676150170e-01 4.326354119253527641e-01 3.535502958579881394e-01 1.928766499772416876e-01 2.093764223941738806e-02 0.000000000000000000e+00
1.040000000000000000e+04 4.159971559945117026e-01 4.370732817478379384e-01 3.549157942649067143e-01 1.883249886208466228e-01 1.968593536640873831e-02 0.000000000000000000e+00
1.045000000000000000e+04 4.179971423214081661e-01 4.412835685025033872e-01 3.511606736458807720e-01 1.893491124260354985e-01 1.820664542558033533e-02 0.000000000000000000e+00
1.050000000000000000e+04 4.199971286483050736e-01 4.437869822485207005e-01 3.451297223486572419e-01 1.907146108329540179e-01 2.036868456986800149e-02 0.000000000000000000e+00
1.055000000000000000e+04 4.219971149752019812e-01 4.419663177059626746e-01 3.494538006372325811e-01 1.899180700955848955e-01 1.866181156121984527e-02 0.000000000000000000e+00
1.060000000000000000e+04 4.239971013020984447e-01 4.431042330450614686e-01 3.459262630860264198e-01 1.921939007737824279e-01 1.877560309512972189e-02 0.000000000000000000e+00
1.065000000000000000e+04 4.259970876289949082e-01 4.379836140191169513e-01 3.504779244424214846e-01 1.904870277651342647e-01 2.105143377332726468e-02 0.000000000000000000e+00
1.070000000000000000e+04 4.279970739558918158e-01 4.395766954938552518e-01 3.479745106964041712e-01 1.942421483841602070e-01 1.820664542558033533e-02 0.000000000000000000e+00
1.075000000000000000e+04 4.299970602827887234e-01 4.382111970869367323e-01 3.478607191624943362e-01 1.951524806554392477e-01 1.877560309512972189e-02 0.000000000000000000e+00
1.080000000000000000e+04 4.319970466096851869e-01 4.329767865270823801e-01 3.470641784251251583e-01 1.970869367319071364e-01 2.287209831588529751e-02 0.000000000000000000e+00
1.085000000000000000e+04 4.339970329365816504e-01 4.369594902139281034e-01 3.483158852981338427e-01 1.950386891215293572e-01 1.968593536640873831e-02 0.000000000000000000e+00
1.090000000000000000e+04 4.359970192634785580e-01 4.380974055530268418e-01 3.470641784251251583e-01 1.942421483841602070e-01 2.059626763768775473e-02 0.000000000000000000e+00
1.095000000000000000e+04 4.379970055903754655e-01 4.440145653163404815e-01 3.458124715521165293e-01 1.925352753755120716e-01 1.763768775603095224e-02 0.000000000000000000e+00
1.100000000000000000e+04 4.399969919172719290e-01 4.425352753755120716e-01 3.431952662721893255e-01 1.929904415111515781e-01 2.127901684114701791e-02 0.000000000000000000e+00
1.105000000000000000e+04 4.419969782441683925e-01 4.392353208921256358e-01 3.456986800182066388e-01 1.917387346381429214e-01 2.332726445152480746e-02 0.000000000000000000e+00
1.110000000000000000e+04 4.439969645710653001e-01 4.404870277651342647e-01 3.458124715521165293e-01 1.917387346381429214e-01 2.184797451069640448e-02 1.137915339098771066e-04
1.115000000000000000e+04 4.459969508979622077e-01 4.420801092398725651e-01 3.434228493400091065e-01 1.927628584433318248e-01 2.173418297678652786e-02 0.000000000000000000e+00
1.120000000000000000e+04 4.479969372248586712e-01 4.465179790623577394e-01 3.385298133818843702e-01 1.896904870277651423e-01 2.526172052799271692e-02 0.000000000000000000e+00
1.125000000000000000e+04 4.499969235517553567e-01 4.482248520710059303e-01 3.402366863905325611e-01 1.869594902139280757e-01 2.446517979062357712e-02 1.137915339098771066e-04
1.130000000000000000e+04 4.519969098786520423e-01 4.534592626308602825e-01 3.400091033227127801e-01 1.884387801547564856e-01 1.809285389167045871e-02 0.000000000000000000e+00
1.135000000000000000e+04 4.539968962055489499e-01 4.522075557578515981e-01 3.385298133818843702e-01 1.898042785616750050e-01 1.945835229858898507e-02 0.000000000000000000e+00
