# itime ezz other fcc hcp bcc ico
0.000000000000000000e+00 0.000000000000000000e+00 0.000000000000000000e+00 1.000000000000000000e+00 0.000000000000000000e+00 0.000000000000000000e+00 0.000000000000000000e+00
2.500000000000000000e+02 1.000000186554728110e-02 0.000000000000000000e+00 1.000000000000000000e+00 0.000000000000000000e+00 0.000000000000000000e+00 0.000000000000000000e+00
5.000000000000000000e+02 2.000000373109456220e-02 0.000000000000000000e+00 1.000000000000000000e+00 0.000000000000000000e+00 0.000000000000000000e+00 0.000000000000000000e+00
7.500000000000000000e+02 3.000000559664184330e-02 0.000000000000000000e+00 1.000000000000000000e+00 0.000000000000000000e+00 0.000000000000000000e+00 0.000000000000000000e+00
1.000000000000000000e+03 4.000000746218912440e-02 0.000000000000000000e+00 1.000000000000000000e+00 0.000000000000000000e+00 0.000000000000000000e+00 0.000000000000000000e+00
1.250000000000000000e+03 5.000000932773640550e-02 0.000000000000000000e+00 1.000000000000000000e+00 0.000000000000000000e+00 0.000000000000000000e+00 0.000000000000000000e+00
1.500000000000000000e+03 6.000001119328368659e-02 0.000000000000000000e+00 1.000000000000000000e+00 0.000000000000000000e+00 0.000000000000000000e+00 0.000000000000000000e+00
1.750000000000000000e+03 7.000001305883096769e-02 0.000000000000000000e+00 1.000000000000000000e+00 0.000000000000000000e+00 0.000000000000000000e+00 0.000000000000000000e+00
2.000000000000000000e+03 8.000001492437824879e-02 0.000000000000000000e+00 1.000000000000000000e+00 0.000000000000000000e+00 0.000000000000000000e+00 0.000000000000000000e+00
2.250000000000000000e+03 9.000001678992552989e-02 5.689576695493854790e-04 9.993172507965407680e-01 0.000000000000000000e+00 1.137915339098771066e-04 0.000000000000000000e+00
2.500000000000000000e+03 1.000000186554728110e-01 1.820664542558033706e-03 9.980655439235320836e-01 0.000000000000000000e+00 1.137915339098771066e-04 0.000000000000000000e+00
2.750000000000000000e+03 1.100000205210200921e-01 8.420573509330906217e-03 9.908966772872098705e-01 0.000000000000000000e+00 6.827492034592626399e-04 0.000000000000000000e+00
3.000000000000000000e+03 1.200000223865673732e-01 6.884387801547564578e-02 9.008875739644970349e-01 0.000000000000000000e+00 3.026854802002730896e-02 0.000000000000000000e+00
3.250000000000000000e+03 1.300000242521146543e-01 3.945152480655439442e-01 1.522530723714155543e-01 3.413746017296313199e-04 4.528903049613108855e-01 0.000000000000000000e+00
3.500000000000000000e+03 1.400000261176619354e-01 4.027082385070550608e-01 2.057350933090578149e-01 9.376422394173873631e-02 2.977924442421484019e-01 0.000000000000000000e+00
3.750000000000000000e+03 1.500000279832092165e-01 3.832498862084661173e-01 3.114474283113336517e-01 1.555530268548019901e-01 1.497496586253982687e-01 0.000000000000000000e+00
4.000000000000000000e+03 1.600000298487564976e-01 3.850705507510241432e-01 3.478607191624943362e-01 2.043695949021392677e-01 6.269913518434228061e-02 0.000000000000000000e+00
4.250000000000000000e+03 1.700000317143037787e-01 3.859808830223031562e-01 3.645880746472462408e-01 2.117660446062812896e-01 3.766499772416932040e-02 0.000000000000000000e+00
4.500000000000000000e+03 1.800000335798510598e-01 3.805188893946290229e-01 3.862084660901228816e-01 1.935593991807009473e-01 3.971324533454710648e-02 0.000000000000000000e+00
4.750000000000000000e+03 1.900000354453985629e-01 3.788120163859808875e-01 3.949704142011834507e-01 1.950386891215293572e-01 3.117888029130632538e-02 0.000000000000000000e+00
5.000000000000000000e+03 2.000000373109458440e-01 3.842740100136549652e-01 3.958807464724624636e-01 1.935593991807009473e-01 2.628584433318160996e-02 0.000000000000000000e+00
5.250000000000000000e+03 2.100000391764931251e-01 3.885980883022303045e-01 3.887118798361401950e-01 1.951524806554392477e-01 2.753755120619025970e-02 0.000000000000000000e+00
5.500000000000000000e+03 2.200000410420404062e-01 4.081702321347291940e-01 3.784706417842512716e-01 1.876422394173873354e-01 2.571688666363222686e-02 0.000000000000000000e+00
5.750000000000000000e+03 2.300000429075876873e-01 4.138598088302230527e-01 3.807464724624488039e-01 1.786527082385070686e-01 2.674101046882111990e-02 0.000000000000000000e+00
6.000000000000000000e+03 2.400000447731349684e-01 4.182976786527082269e-01 3.773327264451524776e-01 1.799044151115156975e-01 2.446517979062357712e-02 0.000000000000000000e+00
6.250000000000000000e+03 2.500000466386822495e-01 4.215976331360946627e-01 3.643604915794265153e-01 1.883249886208466228e-01 2.571688666363222686e-02 0.000000000000000000e+00
6.500000000000000000e+03 2.600000485042295306e-01 4.203459262630860338e-01 3.637915339098771184e-01 1.949248975876194945e-01 2.093764223941738806e-02 0.000000000000000000e+00
6.750000000000000000e+03 2.700000503697768117e-01 4.278561675011379184e-01 3.604915794264906825e-01 1.928766499772416876e-01 1.877560309512972189e-02 0.000000000000000000e+00
7.000000000000000000e+03 2.800000522353240928e-01 4.210286754665452658e-01 3.727810650887574129e-01 1.855939918070095562e-01 2.048247610377787811e-02 1.137915339098771066e-04
7.250000000000000000e+03 2.900000541008713739e-01 4.169321802457897075e-01 3.761948111060536837e-01 1.918525261720528119e-01 1.502048247610377786e-02 0.000000000000000000e+00
7.500000000000000000e+03 3.000000559664186550e-01 4.153390987710514071e-01 3.868912152935821691e-01 1.759217114246700020e-01 2.184797451069640448e-02 0.000000000000000000e+00
7.750000000000000000e+03 3.100000578319659361e-01 4.079426490669094130e-01 3.882567137005006885e-01 1.849112426035502965e-01 1.888939462903959851e-02 0.000000000000000000e+00
8.000000000000000000e+03 3.200000596975132172e-01 4.003186162949476379e-01 3.904187528447883304e-01 1.951524806554392477e-01 1.411015020482476144e-02 0.000000000000000000e+00
8.250000000000000000e+03 3.300000615630604983e-01 3.948566226672735602e-01 3.997496586253982964e-01 1.920801092398725651e-01 1.331360946745562164e-02 0.000000000000000000e+00
8.500000000000000000e+03 3.400000634286077794e-01 3.672052799271734447e-01 4.202321347291761433e-01 1.953800637232590010e-01 1.718252162039144229e-02 0.000000000000000000e+00
8.750000000000000000e+03 3.500000652941550605e-01 3.532089212562585234e-01 4.527765134274009950e-01 1.769458352298589054e-01 1.706873008648156567e-02 0.000000000000000000e+00
9.000000000000000000e+03 3.600000671597023416e-01 3.420573509330905870e-01 4.794037323623122626e-01 1.636322257624032717e-01 1.490669094219390124e-02 0.000000000000000000e+00
9.250000000000000000e+03 3.700000690252496227e-01 3.352298588984979344e-01 4.931725079654073474e-01 1.545289030496131144e-01 1.706873008648156567e-02 0.000000000000000000e+00
9.500000000000000000e+03 3.800000708907969038e-01 3.240782885753299980e-01 5.144515248065544277e-01 1.510013654984069253e-01 1.046882111970869403e-02 0.000000000000000000e+00
9.750000000000000000e+03 3.900000727563439629e-01 3.067819754210286964e-01 5.208238507055075184e-01 1.590805644060081792e-01 1.331360946745562164e-02 0.000000000000000000e+00
1.000000000000000000e+04 4.000000746218914660e-01 3.075785161583978189e-01 5.207100591715976279e-01 1.609012289485662328e-01 1.081019572143832562e-02 0.000000000000000000e+00
1.025000000000000000e+04 4.100000764874389692e-01 2.915339098771051463e-01 5.333409194355940297e-01 1.648839326354119283e-01 1.024123805188893906e-02 0.000000000000000000e+00
1.050000000000000000e+04 4.200000783529860282e-01 2.642239417387346467e-01 5.769230769230768718e-01 1.494082840236686527e-01 9.444697314519799256e-03 0.000000000000000000e+00
1.075000000000000000e+04 4.300000802185330873e-01 2.446517979062357850e-01 5.971779699590350488e-01 1.515703231679562946e-01 6.599908966772872511e-03 0.000000000000000000e+00
1.100000000000000000e+04 4.400000820840805904e-01 2.336140191169776836e-01 6.011606736458807720e-01 1.544151115157032239e-01 1.081019572143832562e-02 0.000000000000000000e+00
1.125000000000000000e+04 4.500000839496280935e-01 2.216659080564405970e-01 6.070778334091943007e-01 1.620391442876649990e-01 9.217114246700046018e-03 0.000000000000000000e+00
1.150000000000000000e+04 4.600000858151751526e-01 2.281520254893036059e-01 5.884160218479744797e-01 1.720527992717341692e-01 1.137915339098771045e-02 0.000000000000000000e+00
1.175000000000000000e+04 4.700000876807224337e-01 2.280382339553937154e-01 5.747610377787892855e-01 1.853664087391898030e-01 1.183431952662721866e-02 0.000000000000000000e+00
1.200000000000000000e+04 4.800000895462697148e-01 2.322485207100591642e-01 5.744196631770596140e-01 1.861629494765589532e-01 7.168866636322257339e-03 0.000000000000000000e+00
1.225000000000000000e+04 4.900000914118172179e-01 2.437414656349567721e-01 5.691852526172053173e-01 1.797906235776058348e-01 7.282658170232134826e-03 0.000000000000000000e+00
1.250000000000000000e+04 5.000000932773642770e-01 2.484069185252617273e-01 5.823850705507510606e-01 1.622667273554847522e-01 6.941283568502503235e-03 0.000000000000000000e+00
1.275000000000000000e+04 5.100000951429115581e-01 2.502275830678197810e-01 5.771506599908966528e-01 1.623805188893946427e-01 1.024123805188893906e-02 0.000000000000000000e+00
1.300000000000000000e+04 5.200000970084588392e-01 2.414656349567592120e-01 5.787437414656350088e-01 1.679563040509786109e-01 1.183431952662721866e-02 0.000000000000000000e+00
1.325000000000000000e+04 5.300000988740063423e-01 2.403277196176604458e-01 5.894401456531633832e-01 1.621529358215748617e-01 8.079198907601274626e-03 0.000000000000000000e+00
1.350000000000000000e+04 5.400001007395534014e-01 2.485207100591715901e-01 5.724852071005916976e-01 1.680700955848884737e-01 1.092398725534820224e-02 0.000000000000000000e+00
1.375000000000000000e+04 5.500001026051006825e-01 2.406690942193900895e-01 5.886436049157942607e-01 1.644287664997724219e-01 6.258534365043240920e-03 0.000000000000000000e+00
1.400000000000000000e+04 5.600001044706481856e-01 2.459035047792444140e-01 5.671370050068275104e-01 1.771734182976786587e-01 9.786071916249430847e-03 0.000000000000000000e+00
1.425000000000000000e+04 5.700001063361954667e-01 2.554619936276740777e-01 5.555302685480200120e-01 1.808147473827947105e-01 8.192990441511151245e-03 0.000000000000000000e+00
1.450000000000000000e+04 5.800001082017427478e-01 2.455621301775147980e-01 5.967228038233954868e-01 1.499772416932180219e-01 7.737824305871643035e-03 0.000000000000000000e+00
1.475000000000000000e+04 5.900001100672898069e-01 2.393035958124715423e-01 5.967228038233954868e-01 1.562357760582612776e-01 7.737824305871643035e-03 0.000000000000000000e+00
1.500000000000000000e+04 6.000001119328373100e-01 2.387346381429221731e-01 5.991124260355029651e-01 1.519116977696859383e-01 1.024123805188893906e-02 0.000000000000000000e+00
1.525000000000000000e+04 6.100001137983845911e-01 2.336140191169776836e-01 6.032089212562585789e-01 1.550978607191624836e-01 8.079198907601274626e-03 0.000000000000000000e+00
1.550000000000000000e+04 6.200001156639318722e-01 2.341829767865270806e-01 6.003641329085116496e-01 1.545289030496131144e-01 1.092398725534820224e-02 0.000000000000000000e+00
1.575000000000000000e+04 6.300001175294789313e-01 2.404415111515703363e-01 5.793126991351843502e-01 1.693218024578971304e-01 1.092398725534820224e-02 0.000000000000000000e+00
1.600000000000000000e+04 6.400001193950264344e-01 2.408966772872098427e-01 5.853436504324078804e-01 1.645425580336822846e-01 9.217114246700046018e-03 0.000000000000000000e+00
1.625000000000000000e+04 6.500001212605737155e-01 2.292899408284023721e-01 6.021847974510696755e-01 1.607874374146563423e-01 7.737824305871643035e-03 0.000000000000000000e+00
1.650000000000000000e+04 6.600001231261209966e-01 2.333864360491579304e-01 5.894401456531633832e-01 1.682976786527082269e-01 8.875739644970414427e-03 0.000000000000000000e+00
1.675000000000000000e+04 6.700001249916680557e-01 2.346381429221665871e-01 5.821574874829312796e-01 1.741010468821119761e-01 9.103322712790167665e-03 0.000000000000000000e+00
1.700000000000000000e+04 6.800001268572155588e-01 2.374829312699135164e-01 5.992262175694128556e-01 1.560081929904415243e-01 7.282658170232134826e-03 0.000000000000000000e+00
1.725000000000000000e+04 6.900001287227630620e-01 2.302002730996813851e-01 6.051433773327264953e-01 1.578288575329995502e-01 6.827492034592626616e-03 0.000000000000000000e+00
1.750000000000000000e+04 7.000001305883101210e-01 2.259899863450159363e-01 6.086709148839326566e-01 1.574874829312699065e-01 7.851615839781519654e-03 0.000000000000000000e+00
1.775000000000000000e+04 7.100001324538571801e-01 2.387346381429221731e-01 5.901228948566226151e-01 1.618115612198452458e-01 9.330905780609922637e-03 0.000000000000000000e+00
1.800000000000000000e+04 7.200001343194046832e-01 2.399863450159308020e-01 5.818161128812016081e-01 1.676149294492489672e-01 1.058261265361857065e-02 0.000000000000000000e+00
1.825000000000000000e+04 7.300001361849521864e-01 2.506827492034592875e-01 5.669094219390077294e-01 1.719390077378243065e-01 1.046882111970869403e-02 0.000000000000000000e+00
1.850000000000000000e+04 7.400001380504992454e-01 2.532999544833864358e-01 5.853436504324078804e-01 1.514565316340464318e-01 9.899863450159307465e-03 0.000000000000000000e+00
1.875000000000000000e+04 7.500001399160463045e-01 2.548930359581247362e-01 5.747610377787892855e-01 1.581702321347291662e-01 1.217569412835685025e-02 0.000000000000000000e+00
1.900000000000000000e+04 7.600001417815938076e-01 2.631998179335457433e-01 5.689576695493855363e-01 1.576012744651797970e-01 1.024123805188893906e-02 0.000000000000000000e+00
1.925000000000000000e+04 7.700001436471413108e-01 2.658170232134728916e-01 5.715748748293126846e-01 1.483841602184797492e-01 1.422394173873463806e-02 0.000000000000000000e+00
1.950000000000000000e+04 7.800001455126883698e-01 2.515930814747383004e-01 6.225534820209376319e-01 1.169776968593536637e-01 8.875739644970414427e-03 0.000000000000000000e+00
1.975000000000000000e+04 7.900001473782354289e-01 2.463586709148839204e-01 6.213017751479289474e-01 1.210741920801092358e-01 1.126536185707783383e-02 0.000000000000000000e+00
2.000000000000000000e+04 8.000001492437829320e-01 2.435138825671370189e-01 6.147018661811560758e-01 1.314292216659080637e-01 1.035502958579881741e-02 0.000000000000000000e+00
2.025000000000000000e+04 8.100001511093304352e-01 2.477241693218024676e-01 6.065088757396449592e-01 1.331360946745562268e-01 1.263086026399635846e-02 0.000000000000000000e+00
2.050000000000000000e+04 8.200001529748774942e-01 2.488620846609012338e-01 6.015020482476103325e-01 1.412152935821574806e-01 8.420573509330906217e-03 0.000000000000000000e+00
2.075000000000000000e+04 8.300001548404247753e-01 2.470414201183432079e-01 6.030951297223486884e-01 1.422394173873463841e-01 7.624032771961766417e-03 0.000000000000000000e+00
2.100000000000000000e+04 8.400001567059720564e-01 2.469276285844333174e-01 5.997951752389621971e-01 1.451979972690031762e-01 8.079198907601274626e-03 0.000000000000000000e+00
2.125000000000000000e+04 8.500001585715195596e-01 2.517068730086481354e-01 5.724852071005916976e-01 1.654528903049612976e-01 1.035502958579881741e-02 0.000000000000000000e+00
2.150000000000000000e+04 8.600001604370666186e-01 2.478379608557123304e-01 5.492717341829768118e-01 1.926490669094219343e-01 1.024123805188893906e-02 0.000000000000000000e+00
2.175000000000000000e+04 8.700001623026138997e-01 2.387346381429221731e-01 5.504096495220756058e-01 2.031178880291306388e-01 7.737824305871643035e-03 0.000000000000000000e+00
2.200000000000000000e+04 8.800001641681611808e-01 2.411242603550295960e-01 5.533682294037323146e-01 2.001593081474738189e-01 5.348202093764223633e-03 0.000000000000000000e+00
2.225000000000000000e+04 8.900001660337086840e-01 2.401001365498406925e-01 5.555302685480200120e-01 1.994765589440145592e-01 4.893035958124715423e-03 0.000000000000000000e+00
2.250000000000000000e+04 9.000001678992557430e-01 2.380518889394629134e-01 5.534820209376422051e-01 2.058488848429676776e-01 2.617205279927173507e-03 0.000000000000000000e+00
2.275000000000000000e+04 9.100001697648030241e-01 2.380518889394629134e-01 5.466545289030496635e-01 2.115384615384615363e-01 3.755120619025944465e-03 0.000000000000000000e+00
2.300000000000000000e+04 9.200001716303505273e-01 2.401001365498406925e-01 5.482476103777879084e-01 2.053937187073281712e-01 6.258534365043240920e-03 0.000000000000000000e+00
2.325000000000000000e+04 9.300001734958978084e-01 2.402139280837505553e-01 5.415339098771051463e-01 2.127901684114701930e-01 5.461993627674101119e-03 0.000000000000000000e+00
2.350000000000000000e+04 9.400001753614450895e-01 2.410104688211197055e-01 5.465407373691397730e-01 2.059626763768775681e-01 6.486117432862995025e-03 0.000000000000000000e+00
2.375000000000000000e+04 9.500001772269921485e-01 2.465862539827036737e-01 5.564406008192990249e-01 1.894629039599453890e-01 7.510241238051888930e-03 0.000000000000000000e+00
2.400000000000000000e+04 9.600001790925396516e-01 2.420345926263086089e-01 5.523441055985435222e-01 1.990213928083750528e-01 6.599908966772872511e-03 0.000000000000000000e+00
2.425000000000000000e+04 9.700001809580869327e-01 2.357760582612653533e-01 5.724852071005916976e-01 1.859353664087392000e-01 5.803368229403732710e-03 0.000000000000000000e+00
2.450000000000000000e+04 9.800001828236342138e-01 2.346381429221665871e-01 5.653163404642694845e-01 1.941283568502503443e-01 5.917159763313609329e-03 0.000000000000000000e+00
2.475000000000000000e+04 9.900001846891812729e-01 2.361174328629949970e-01 5.644060081929904715e-01 1.927628584433318248e-01 6.713700500682749130e-03 0.000000000000000000e+00
2.500000000000000000e+04 1.000000186554728554e+00 2.399863450159308020e-01 5.554164770141101215e-01 1.968593536640873831e-01 7.737824305871643035e-03 0.000000000000000000e+00
