# itime ezz other fcc hcp bcc ico
0.000000000000000000e+00 0.000000000000000000e+00 0.000000000000000000e+00 1.000000000000000000e+00 0.000000000000000000e+00 0.000000000000000000e+00 0.000000000000000000e+00
5.000000000000000000e+02 1.999992564760910696e-03 0.000000000000000000e+00 1.000000000000000000e+00 0.000000000000000000e+00 0.000000000000000000e+00 0.000000000000000000e+00
1.000000000000000000e+03 3.999985129522043437e-03 0.000000000000000000e+00 1.000000000000000000e+00 0.000000000000000000e+00 0.000000000000000000e+00 0.000000000000000000e+00
1.500000000000000000e+03 5.999977694282954133e-03 0.000000000000000000e+00 1.000000000000000000e+00 0.000000000000000000e+00 0.000000000000000000e+00 0.000000000000000000e+00
2.000000000000000000e+03 7.999970259044086873e-03 0.000000000000000000e+00 1.000000000000000000e+00 0.000000000000000000e+00 0.000000000000000000e+00 0.000000000000000000e+00
2.500000000000000000e+03 9.999962823804997569e-03 0.000000000000000000e+00 1.000000000000000000e+00 0.000000000000000000e+00 0.000000000000000000e+00 0.000000000000000000e+00
3.000000000000000000e+03 1.199995538856613031e-02 0.000000000000000000e+00 1.000000000000000000e+00 0.000000000000000000e+00 0.000000000000000000e+00 0.000000000000000000e+00
3.500000000000000000e+03 1.399994795332704101e-02 0.000000000000000000e+00 1.000000000000000000e+00 0.000000000000000000e+00 0.000000000000000000e+00 0.000000000000000000e+00
4.000000000000000000e+03 1.599994051808817375e-02 0.000000000000000000e+00 1.000000000000000000e+00 0.000000000000000000e+00 0.000000000000000000e+00 0.000000000000000000e+00
4.500000000000000000e+03 1.799993308284908444e-02 0.000000000000000000e+00 1.000000000000000000e+00 0.000000000000000000e+00 0.000000000000000000e+00 0.000000000000000000e+00
5.000000000000000000e+03 1.999992564761021718e-02 0.000000000000000000e+00 1.000000000000000000e+00 0.000000000000000000e+00 0.000000000000000000e+00 0.000000000000000000e+00
5.500000000000000000e+03 2.199991821237112788e-02 0.000000000000000000e+00 1.000000000000000000e+00 0.000000000000000000e+00 0.000000000000000000e+00 0.000000000000000000e+00
6.000000000000000000e+03 2.399991077713226062e-02 0.000000000000000000e+00 1.000000000000000000e+00 0.000000000000000000e+00 0.000000000000000000e+00 0.000000000000000000e+00
6.500000000000000000e+03 2.599990334189317132e-02 0.000000000000000000e+00 1.000000000000000000e+00 0.000000000000000000e+00 0.000000000000000000e+00 0.000000000000000000e+00
7.000000000000000000e+03 2.799989590665430406e-02 0.000000000000000000e+00 1.000000000000000000e+00 0.000000000000000000e+00 0.000000000000000000e+00 0.000000000000000000e+00
7.500000000000000000e+03 2.999988847141521475e-02 0.000000000000000000e+00 1.000000000000000000e+00 0.000000000000000000e+00 0.000000000000000000e+00 0.000000000000000000e+00
8.000000000000000000e+03 3.199988103617634749e-02 0.000000000000000000e+00 1.000000000000000000e+00 0.000000000000000000e+00 0.000000000000000000e+00 0.000000000000000000e+00
8.500000000000000000e+03 3.399987360093725819e-02 0.000000000000000000e+00 1.000000000000000000e+00 0.000000000000000000e+00 0.000000000000000000e+00 0.000000000000000000e+00
9.000000000000000000e+03 3.599986616569839093e-02 0.000000000000000000e+00 1.000000000000000000e+00 0.000000000000000000e+00 0.000000000000000000e+00 0.000000000000000000e+00
9.500000000000000000e+03 3.799985873045930163e-02 0.000000000000000000e+00 1.000000000000000000e+00 0.000000000000000000e+00 0.000000000000000000e+00 0.000000000000000000e+00
1.000000000000000000e+04 3.999985129522021232e-02 0.000000000000000000e+00 1.000000000000000000e+00 0.000000000000000000e+00 0.000000000000000000e+00 0.000000000000000000e+00
1.050000000000000000e+04 4.199984385998134506e-02 0.000000000000000000e+00 1.000000000000000000e+00 0.000000000000000000e+00 0.000000000000000000e+00 0.000000000000000000e+00
1.100000000000000000e+04 4.399983642474225576e-02 0.000000000000000000e+00 1.000000000000000000e+00 0.000000000000000000e+00 0.000000000000000000e+00 0.000000000000000000e+00
1.150000000000000000e+04 4.599982898950338850e-02 0.000000000000000000e+00 1.000000000000000000e+00 0.000000000000000000e+00 0.000000000000000000e+00 0.000000000000000000e+00
1.200000000000000000e+04 4.799982155426429919e-02 0.000000000000000000e+00 1.000000000000000000e+00 0.000000000000000000e+00 0.000000000000000000e+00 0.000000000000000000e+00
1.250000000000000000e+04 4.999981411902543194e-02 0.000000000000000000e+00 1.000000000000000000e+00 0.000000000000000000e+00 0.000000000000000000e+00 0.000000000000000000e+00
1.300000000000000000e+04 5.199980668378634263e-02 0.000000000000000000e+00 1.000000000000000000e+00 0.000000000000000000e+00 0.000000000000000000e+00 0.000000000000000000e+00
1.350000000000000000e+04 5.399979924854747537e-02 0.000000000000000000e+00 1.000000000000000000e+00 0.000000000000000000e+00 0.000000000000000000e+00 0.000000000000000000e+00
1.400000000000000000e+04 5.599979181330838607e-02 0.000000000000000000e+00 1.000000000000000000e+00 0.000000000000000000e+00 0.000000000000000000e+00 0.000000000000000000e+00
1.450000000000000000e+04 5.799978437806951881e-02 0.000000000000000000e+00 1.000000000000000000e+00 0.000000000000000000e+00 0.000000000000000000e+00 0.000000000000000000e+00
1.500000000000000000e+04 5.999977694283042950e-02 0.000000000000000000e+00 1.000000000000000000e+00 0.000000000000000000e+00 0.000000000000000000e+00 0.000000000000000000e+00
1.550000000000000000e+04 6.199976950759156225e-02 0.000000000000000000e+00 1.000000000000000000e+00 0.000000000000000000e+00 0.000000000000000000e+00 0.000000000000000000e+00
1.600000000000000000e+04 6.399976207235247294e-02 4.551661356395084266e-04 9.995448338643604380e-01 0.000000000000000000e+00 0.000000000000000000e+00 0.000000000000000000e+00
1.650000000000000000e+04 6.599975463711360568e-02 0.000000000000000000e+00 1.000000000000000000e+00 0.000000000000000000e+00 0.000000000000000000e+00 0.000000000000000000e+00
1.700000000000000000e+04 6.799974720187451638e-02 3.413746017296313199e-04 9.996586253982703285e-01 0.000000000000000000e+00 0.000000000000000000e+00 0.000000000000000000e+00
1.750000000000000000e+04 6.999973976663564912e-02 0.000000000000000000e+00 1.000000000000000000e+00 0.000000000000000000e+00 0.000000000000000000e+00 0.000000000000000000e+00
1.800000000000000000e+04 7.199973233139655981e-02 1.137915339098771066e-04 9.997724169321802190e-01 0.000000000000000000e+00 1.137915339098771066e-04 0.000000000000000000e+00
1.850000000000000000e+04 7.399972489615769256e-02 0.000000000000000000e+00 1.000000000000000000e+00 0.000000000000000000e+00 0.000000000000000000e+00 0.000000000000000000e+00
1.900000000000000000e+04 7.599971746091860325e-02 2.275830678197542133e-04 9.997724169321802190e-01 0.000000000000000000e+00 0.000000000000000000e+00 0.000000000000000000e+00
1.950000000000000000e+04 7.799971002567951395e-02 1.137915339098771066e-04 9.998862084660901095e-01 0.000000000000000000e+00 0.000000000000000000e+00 0.000000000000000000e+00
2.000000000000000000e+04 7.999970259044064669e-02 0.000000000000000000e+00 1.000000000000000000e+00 0.000000000000000000e+00 0.000000000000000000e+00 0.000000000000000000e+00
2.050000000000000000e+04 8.199969515520155738e-02 1.479289940828402332e-03 9.984069185252617551e-01 0.000000000000000000e+00 1.137915339098771066e-04 0.000000000000000000e+00
2.100000000000000000e+04 8.399968771996269012e-02 0.000000000000000000e+00 1.000000000000000000e+00 0.000000000000000000e+00 0.000000000000000000e+00 0.000000000000000000e+00
2.150000000000000000e+04 8.599968028472360082e-02 3.413746017296313199e-04 9.995448338643604380e-01 0.000000000000000000e+00 1.137915339098771066e-04 0.000000000000000000e+00
2.200000000000000000e+04 8.799967284948473356e-02 3.413746017296313199e-04 9.996586253982703285e-01 0.000000000000000000e+00 0.000000000000000000e+00 0.000000000000000000e+00
2.250000000000000000e+04 8.999966541424564426e-02 1.251706873008648227e-03 9.987482931269913156e-01 0.000000000000000000e+00 0.000000000000000000e+00 0.000000000000000000e+00
2.300000000000000000e+04 9.199965797900677700e-02 6.827492034592626399e-04 9.993172507965407680e-01 0.000000000000000000e+00 0.000000000000000000e+00 0.000000000000000000e+00
2.350000000000000000e+04 9.399965054376768769e-02 1.365498406918525280e-03 9.986345015930814251e-01 0.000000000000000000e+00 0.000000000000000000e+00 0.000000000000000000e+00
2.400000000000000000e+04 9.599964310852882043e-02 1.820664542558033706e-03 9.979517523896221931e-01 0.000000000000000000e+00 2.275830678197542133e-04 0.000000000000000000e+00
2.450000000000000000e+04 9.799963567328973113e-02 1.706873008648156654e-03 9.982931269913518646e-01 0.000000000000000000e+00 0.000000000000000000e+00 0.000000000000000000e+00
2.500000000000000000e+04 9.999962823805086387e-02 2.275830678197541916e-03 9.976103777878926326e-01 0.000000000000000000e+00 1.137915339098771066e-04 0.000000000000000000e+00
2.550000000000000000e+04 1.019996208028117746e-01 6.713700500682749130e-03 9.927173418297678964e-01 0.000000000000000000e+00 5.689576695493854790e-04 0.000000000000000000e+00
2.600000000000000000e+04 1.039996133675729073e-01 5.234410559854347014e-03 9.945380063723259223e-01 0.000000000000000000e+00 2.275830678197542133e-04 0.000000000000000000e+00
2.650000000000000000e+04 1.059996059323338180e-01 5.689576695493855224e-03 9.936276741010469093e-01 0.000000000000000000e+00 6.827492034592626399e-04 0.000000000000000000e+00
2.700000000000000000e+04 1.079995984970949507e-01 1.103777878925807886e-02 9.874829312699134887e-01 0.000000000000000000e+00 1.479289940828402332e-03 0.000000000000000000e+00
2.750000000000000000e+04 1.099995910618558614e-01 6.964041875284478211e-02 8.222576240327719166e-01 0.000000000000000000e+00 1.081019572143832458e-01 0.000000000000000000e+00
2.800000000000000000e+04 1.119995836266167721e-01 2.274692762858443462e-01 4.838416021847974369e-01 2.620619025944469493e-01 2.662721893491124328e-02 0.000000000000000000e+00
2.850000000000000000e+04 1.139995761913779049e-01 5.143377332726445372e-02 7.677514792899408080e-01 1.783113336367774249e-01 2.503413746017296455e-03 0.000000000000000000e+00
2.900000000000000000e+04 1.159995687561388156e-01 4.608557123350022489e-02 7.883477469276285454e-01 1.639736003641329154e-01 1.593081474738279385e-03 0.000000000000000000e+00
2.950000000000000000e+04 1.179995613208999483e-01 4.426490669094219205e-02 7.916477014110150368e-01 1.620391442876649990e-01 2.048247610377787811e-03 0.000000000000000000e+00
3.000000000000000000e+04 1.199995538856608590e-01 4.449248975876194528e-02 7.898270368684570109e-01 1.642011834319526686e-01 1.479289940828402332e-03 0.000000000000000000e+00
3.050000000000000000e+04 1.219995464504219918e-01 4.585798816568047165e-02 7.892580791989075584e-01 1.637460172963131622e-01 1.137915339098770958e-03 0.000000000000000000e+00
3.100000000000000000e+04 1.239995390151829024e-01 4.608557123350022489e-02 7.860719162494310686e-01 1.656804733727810786e-01 2.162039144287664864e-03 0.000000000000000000e+00
3.150000000000000000e+04 1.259995315799440352e-01 4.710969503868912139e-02 7.868684569868001910e-01 1.642011834319526686e-01 1.820664542558033706e-03 0.000000000000000000e+00
3.200000000000000000e+04 1.279995241447049459e-01 4.528903049613108855e-02 7.849340009103322746e-01 1.675011379153391045e-01 2.275830678197541916e-03 0.000000000000000000e+00
3.250000000000000000e+04 1.299995167094660786e-01 4.949931725079653733e-02 7.819754210286754548e-01 1.663632225762403383e-01 2.162039144287664864e-03 0.000000000000000000e+00
3.300000000000000000e+04 1.319995092742269893e-01 5.018206645425580398e-02 7.752617205279926926e-01 1.709148839326354030e-01 3.641329085116067413e-03 0.000000000000000000e+00
3.350000000000000000e+04 1.339995018389881221e-01 5.166135639508420696e-02 7.598998634501593630e-01 1.852526172052799402e-01 3.186162949476558769e-03 0.000000000000000000e+00
3.400000000000000000e+04 1.359994944037490328e-01 5.461993627674101293e-02 7.512517068730086844e-01 1.900318616294947582e-01 4.096495220755575623e-03 0.000000000000000000e+00
3.450000000000000000e+04 1.379994869685101655e-01 5.518889394629039602e-02 7.518206645425580259e-01 1.899180700955848955e-01 3.072371415566681717e-03 0.000000000000000000e+00
3.500000000000000000e+04 1.399994795332710762e-01 5.541647701411014926e-02 7.509103322712790130e-01 1.902594446973145115e-01 3.413746017296313308e-03 0.000000000000000000e+00
3.550000000000000000e+04 1.419994720980322089e-01 5.609922621756941591e-02 7.509103322712790130e-01 1.894629039599453890e-01 3.527537551206190360e-03 0.000000000000000000e+00
3.600000000000000000e+04 1.439994646627931196e-01 5.621301775147929253e-02 7.404415111515703085e-01 1.997041420118343125e-01 3.641329085116067413e-03 0.000000000000000000e+00
3.650000000000000000e+04 1.459994572275542524e-01 5.757851615839781195e-02 7.412380518889394310e-01 1.970869367319071364e-01 4.096495220755575623e-03 0.000000000000000000e+00
3.700000000000000000e+04 1.479994497923151631e-01 5.723714155666818210e-02 7.373691397360035982e-01 2.008420573509330787e-01 4.551661356395083832e-03 0.000000000000000000e+00
3.750000000000000000e+04 1.499994423570760738e-01 6.121984524351388457e-02 7.356622667273554628e-01 2.010696404187528319e-01 2.048247610377787811e-03 0.000000000000000000e+00
3.800000000000000000e+04 1.519994349218372065e-01 5.769230769230769551e-02 7.345243513882566688e-01 2.050523441055985552e-01 2.730996813837050560e-03 0.000000000000000000e+00
3.850000000000000000e+04 1.539994274865981172e-01 6.156121984524351443e-02 7.337278106508875464e-01 2.019799726900318726e-01 2.730996813837050560e-03 0.000000000000000000e+00
3.900000000000000000e+04 1.559994200513592499e-01 5.985434683659535821e-02 7.353208921256259023e-01 2.018661811561219821e-01 2.958579881656804664e-03 0.000000000000000000e+00
3.950000000000000000e+04 1.579994126161201606e-01 6.395084205735093730e-02 7.328174783796085334e-01 2.009558488848429691e-01 2.275830678197541916e-03 0.000000000000000000e+00
4.000000000000000000e+04 1.599994051808812934e-01 6.213017751479289752e-02 7.313381884387801790e-01 2.038006372325898985e-01 2.730996813837050560e-03 0.000000000000000000e+00
4.050000000000000000e+04 1.619993977456422041e-01 6.338188438780155420e-02 7.305416477014110566e-01 2.041420118343195145e-01 1.934456076467910759e-03 0.000000000000000000e+00
4.100000000000000000e+04 1.639993903104033368e-01 6.531634046426945672e-02 7.287209831588530307e-01 2.030040964952207483e-01 2.958579881656804664e-03 0.000000000000000000e+00
4.150000000000000000e+04 1.659993828751642475e-01 6.577150659990896320e-02 7.316795630405097395e-01 1.997041420118343125e-01 2.844788347746927612e-03 0.000000000000000000e+00
4.200000000000000000e+04 1.679993754399253802e-01 7.214383249886208160e-02 7.271279016841146747e-01 1.969731451979972736e-01 3.755120619025944465e-03 0.000000000000000000e+00
4.250000000000000000e+04 1.699993680046862909e-01 6.372325898953118406e-02 7.281520254893035782e-01 2.033454710969503920e-01 4.779244424214838804e-03 0.000000000000000000e+00
4.300000000000000000e+04 1.719993605694474237e-01 6.190259444697314428e-02 7.297451069640418231e-01 2.044833864360491582e-01 3.868912152935821518e-03 0.000000000000000000e+00
4.350000000000000000e+04 1.739993531342083344e-01 6.281292671825215723e-02 7.236003641329085134e-01 2.100591715976331264e-01 3.527537551206190360e-03 0.000000000000000000e+00
4.400000000000000000e+04 1.759993456989694671e-01 6.360946745562130744e-02 7.265589440145653333e-01 2.075557578516158408e-01 2.275830678197541916e-03 0.000000000000000000e+00
4.450000000000000000e+04 1.779993382637303778e-01 6.486117432862995025e-02 7.213245334547109255e-01 2.116522530723714268e-01 2.162039144287664864e-03 0.000000000000000000e+00
4.500000000000000000e+04 1.799993308284915106e-01 6.713700500682749650e-02 7.204142011834319126e-01 2.101729631315430169e-01 2.275830678197541916e-03 0.000000000000000000e+00
4.550000000000000000e+04 1.819993233932524213e-01 6.998179335457442585e-02 7.170004551661356418e-01 2.101729631315430169e-01 2.844788347746927612e-03 0.000000000000000000e+00
4.600000000000000000e+04 1.839993159580135540e-01 6.861629494765589254e-02 7.172280382339554228e-01 2.127901684114701930e-01 1.365498406918525280e-03 0.000000000000000000e+00
4.650000000000000000e+04 1.859993085227744647e-01 7.385070550751024476e-02 7.116522530723714546e-01 2.118798361401911801e-01 2.617205279927173507e-03 0.000000000000000000e+00
4.700000000000000000e+04 1.879993010875353754e-01 7.055075102412380894e-02 7.119936276741010150e-01 2.139280837505689592e-01 3.527537551206190360e-03 0.000000000000000000e+00
4.750000000000000000e+04 1.899992936522965081e-01 8.249886208466089554e-02 6.978834774692762588e-01 2.162039144287664916e-01 3.413746017296313308e-03 0.000000000000000000e+00
4.800000000000000000e+04 1.919992862170574188e-01 1.251706873008648080e-01 6.744424214838415921e-01 1.892353208921256358e-01 1.115157032316795548e-02 0.000000000000000000e+00
4.850000000000000000e+04 1.939992787818185516e-01 6.702321347291761988e-02 7.339553937187073274e-01 1.921939007737824279e-01 6.827492034592626616e-03 0.000000000000000000e+00
4.900000000000000000e+04 1.959992713465794623e-01 8.761948111060537114e-02 7.099453800637232082e-01 1.967455621301775204e-01 5.689576695493855224e-03 0.000000000000000000e+00
4.950000000000000000e+04 1.979992639113405950e-01 9.706417842512517213e-02 7.173418297678653133e-01 1.825216203914428736e-01 3.072371415566681717e-03 0.000000000000000000e+00
5.000000000000000000e+04 1.999992564761015057e-01 5.757851615839781195e-02 7.662721893491124536e-01 1.717114246700045532e-01 4.437869822485207214e-03 0.000000000000000000e+00
5.050000000000000000e+04 2.019992490408626384e-01 4.858898497951752438e-02 7.957441966317706505e-01 1.539599453800637174e-01 1.706873008648156654e-03 0.000000000000000000e+00
5.100000000000000000e+04 2.039992416056235491e-01 4.961310878470642088e-02 7.955166135639508695e-01 1.533909877105143482e-01 1.479289940828402332e-03 0.000000000000000000e+00
5.150000000000000000e+04 2.059992341703846819e-01 4.949931725079653733e-02 7.952890304961310886e-01 1.532771961766044577e-01 1.934456076467910759e-03 0.000000000000000000e+00
5.200000000000000000e+04 2.079992267351455926e-01 4.847519344560764776e-02 7.973372781065088954e-01 1.531634046426945950e-01 1.024123805188893906e-03 0.000000000000000000e+00
5.250000000000000000e+04 2.099992192999067253e-01 4.995448338643605074e-02 7.957441966317706505e-01 1.532771961766044577e-01 1.024123805188893906e-03 0.000000000000000000e+00
5.300000000000000000e+04 2.119992118646676360e-01 5.018206645425580398e-02 7.944924897587619661e-01 1.535047792444242110e-01 1.820664542558033706e-03 0.000000000000000000e+00
5.350000000000000000e+04 2.139992044294287687e-01 4.995448338643605074e-02 7.951752389622211981e-01 1.536185707783341015e-01 1.251706873008648227e-03 0.000000000000000000e+00
5.400000000000000000e+04 2.159991969941896794e-01 4.745106964041875125e-02 7.955166135639508695e-01 1.550978607191624836e-01 1.934456076467910759e-03 0.000000000000000000e+00
5.450000000000000000e+04 2.179991895589508122e-01 5.336822940373236318e-02 7.926718252162039402e-01 1.530496131087847045e-01 9.103322712790168532e-04 0.000000000000000000e+00
5.500000000000000000e+04 2.199991821237117229e-01 5.143377332726445372e-02 7.939235320892125136e-01 1.520254893035958010e-01 2.617205279927173507e-03 0.000000000000000000e+00
5.550000000000000000e+04 2.219991746884728556e-01 5.336822940373236318e-02 7.918752844788348177e-01 1.530496131087847045e-01 1.706873008648156654e-03 0.000000000000000000e+00
5.600000000000000000e+04 2.239991672532337663e-01 5.405097860719162289e-02 7.902822030040964618e-01 1.528220300409649512e-01 2.844788347746927612e-03 0.000000000000000000e+00
5.650000000000000000e+04 2.259991598179946770e-01 6.349567592171143082e-02 7.814064633591261133e-01 1.524806554392353075e-01 2.617205279927173507e-03 0.000000000000000000e+00
5.700000000000000000e+04 2.279991523827558098e-01 5.803368229403732537e-02 7.914201183431952558e-01 1.490669094219390090e-01 1.479289940828402332e-03 0.000000000000000000e+00
5.750000000000000000e+04 2.299991449475167204e-01 5.769230769230769551e-02 7.917614929449249273e-01 1.494082840236686527e-01 1.137915339098770958e-03 0.000000000000000000e+00
5.800000000000000000e+04 2.319991375122778532e-01 5.928538916704597511e-02 7.897132453345471204e-01 1.502048247610377751e-01 7.965407373691396923e-04 0.000000000000000000e+00
5.850000000000000000e+04 2.339991300770387639e-01 6.030951297223486468e-02 7.874374146563495325e-01 1.513427401001365413e-01 9.103322712790168532e-04 0.000000000000000000e+00
5.900000000000000000e+04 2.359991226417998966e-01 5.883022303140646170e-02 7.882339553937186549e-01 1.508875739644970349e-01 2.048247610377787811e-03 0.000000000000000000e+00
5.950000000000000000e+04 2.379991152065608073e-01 5.837505689576695522e-02 7.880063723258989850e-01 1.523668639053254448e-01 1.251706873008648227e-03 0.000000000000000000e+00
6.000000000000000000e+04 2.399991077713219401e-01 5.837505689576695522e-02 7.872098315885298625e-01 1.528220300409649512e-01 1.593081474738279385e-03 0.000000000000000000e+00
6.050000000000000000e+04 2.419991003360828508e-01 6.326809285389166371e-02 7.792444242148384159e-01 1.563495675921711403e-01 1.137915339098770958e-03 0.000000000000000000e+00
6.100000000000000000e+04 2.439990929008439835e-01 6.770596267637687959e-02 7.770823850705507185e-01 1.536185707783341015e-01 1.593081474738279385e-03 0.000000000000000000e+00
6.150000000000000000e+04 2.459990854656048942e-01 6.292671825216203385e-02 7.809512972234865513e-01 1.536185707783341015e-01 2.503413746017296455e-03 0.000000000000000000e+00
6.200000000000000000e+04 2.479990780303660269e-01 6.156121984524351443e-02 7.811788802913063323e-01 1.556668183887118806e-01 1.593081474738279385e-03 0.000000000000000000e+00
6.250000000000000000e+04 2.499990705951269376e-01 6.156121984524351443e-02 7.828857532999544677e-01 1.544151115157032239e-01 1.137915339098770958e-03 0.000000000000000000e+00
6.300000000000000000e+04 2.519990631598880704e-01 5.530268548020027264e-02 7.824305871643150168e-01 1.588529813381884259e-01 3.413746017296313308e-03 0.000000000000000000e+00
6.350000000000000000e+04 2.539990557246489811e-01 5.939918070095585173e-02 7.734410559854346667e-01 1.629494765589440120e-01 4.210286754665453109e-03 0.000000000000000000e+00
6.400000000000000000e+04 2.559990482894101138e-01 5.769230769230769551e-02 7.811788802913063323e-01 1.583978152025489194e-01 2.730996813837050560e-03 0.000000000000000000e+00
6.450000000000000000e+04 2.579990408541710245e-01 5.496131087847064278e-02 7.890304961310878884e-01 1.531634046426945950e-01 2.844788347746927612e-03 0.000000000000000000e+00
6.500000000000000000e+04 2.599990334189319352e-01 5.598543468365953235e-02 7.866408739189804100e-01 1.553254437869822369e-01 2.048247610377787811e-03 0.000000000000000000e+00
6.550000000000000000e+04 2.619990259836930679e-01 5.644060081929904577e-02 7.897132453345471204e-01 1.519116977696859383e-01 1.934456076467910759e-03 0.000000000000000000e+00
6.600000000000000000e+04 2.639990185484539786e-01 5.609922621756941591e-02 7.883477469276285454e-01 1.538461538461538547e-01 1.706873008648156654e-03 0.000000000000000000e+00
6.650000000000000000e+04 2.659990111132151114e-01 5.632680928538916915e-02 7.901684114701865713e-01 1.516841147018661851e-01 1.820664542558033706e-03 0.000000000000000000e+00
6.700000000000000000e+04 2.679990036779760221e-01 5.439235320892125969e-02 7.909649522075558048e-01 1.521392808375056915e-01 2.503413746017296455e-03 0.000000000000000000e+00
6.750000000000000000e+04 2.699989962427371548e-01 5.484751934456076616e-02 7.913063268092853653e-01 1.519116977696859383e-01 1.934456076467910759e-03 0.000000000000000000e+00
6.800000000000000000e+04 2.719989888074980655e-01 5.518889394629039602e-02 7.913063268092853653e-01 1.516841147018661851e-01 1.820664542558033706e-03 0.000000000000000000e+00
6.850000000000000000e+04 2.739989813722591983e-01 5.678197542102867562e-02 7.906235776058261333e-01 1.508875739644970349e-01 1.706873008648156654e-03 0.000000000000000000e+00
6.900000000000000000e+04 2.759989739370201089e-01 5.587164314974965573e-02 7.892580791989075584e-01 1.529358215748748417e-01 1.934456076467910759e-03 0.000000000000000000e+00
6.950000000000000000e+04 2.779989665017812417e-01 5.723714155666818210e-02 7.882339553937186549e-01 1.524806554392353075e-01 2.048247610377787811e-03 0.000000000000000000e+00
7.000000000000000000e+04 2.799989590665421524e-01 5.883022303140646170e-02 7.873236231224396420e-01 1.523668639053254448e-01 1.479289940828402332e-03 0.000000000000000000e+00
7.050000000000000000e+04 2.819989516313032851e-01 5.746472462448793533e-02 7.893718707328174489e-01 1.514565316340464318e-01 1.706873008648156654e-03 0.000000000000000000e+00
7.100000000000000000e+04 2.839989441960641958e-01 6.030951297223486468e-02 7.824305871643150168e-01 1.563495675921711403e-01 9.103322712790168532e-04 0.000000000000000000e+00
7.150000000000000000e+04 2.859989367608253286e-01 6.292671825216203385e-02 7.864132908511606290e-01 1.496358670914884059e-01 1.024123805188893906e-03 0.000000000000000000e+00
7.200000000000000000e+04 2.879989293255862393e-01 6.144742831133363781e-02 7.831133363677742487e-01 1.539599453800637174e-01 1.479289940828402332e-03 0.000000000000000000e+00
7.250000000000000000e+04 2.899989218903473720e-01 6.065088757396449454e-02 7.825443786982249073e-01 1.555530268548019901e-01 1.251706873008648227e-03 0.000000000000000000e+00
7.300000000000000000e+04 2.919989144551082827e-01 6.042330450614474130e-02 7.823167956304051263e-01 1.564633591260810308e-01 7.965407373691396923e-04 0.000000000000000000e+00
7.350000000000000000e+04 2.939989070198694154e-01 6.087847064178425471e-02 7.823167956304051263e-01 1.549840691852526209e-01 1.820664542558033706e-03 0.000000000000000000e+00
7.400000000000000000e+04 2.959988995846303261e-01 6.292671825216203385e-02 7.809512972234865513e-01 1.553254437869822369e-01 7.965407373691396923e-04 0.000000000000000000e+00
7.450000000000000000e+04 2.979988921493912368e-01 6.190259444697314428e-02 7.802685480200273194e-01 1.563495675921711403e-01 1.479289940828402332e-03 0.000000000000000000e+00
7.500000000000000000e+04 2.999988847141523696e-01 6.167501137915339104e-02 7.811788802913063323e-01 1.558944014565316338e-01 1.251706873008648227e-03 0.000000000000000000e+00
7.550000000000000000e+04 3.019988772789132803e-01 6.349567592171143082e-02 7.786754665452890745e-01 1.560081929904415243e-01 1.820664542558033706e-03 0.000000000000000000e+00
7.600000000000000000e+04 3.039988698436744130e-01 6.292671825216203385e-02 7.807237141556667703e-01 1.540737369139736079e-01 2.275830678197541916e-03 0.000000000000000000e+00
7.650000000000000000e+04 3.059988624084353237e-01 6.304050978607191047e-02 7.796995903504779779e-01 1.557806099226217433e-01 1.479289940828402332e-03 0.000000000000000000e+00
7.700000000000000000e+04 3.079988549731964564e-01 6.360946745562130744e-02 7.791306326809285254e-01 1.555530268548019901e-01 1.706873008648156654e-03 0.000000000000000000e+00
7.750000000000000000e+04 3.099988475379573671e-01 6.679563040509786664e-02 7.744651797906235702e-01 1.576012744651797970e-01 1.137915339098770958e-03 0.000000000000000000e+00
7.800000000000000000e+04 3.119988401027184999e-01 6.577150659990896320e-02 7.598998634501593630e-01 1.712562585343650468e-01 3.072371415566681717e-03 0.000000000000000000e+00
7.850000000000000000e+04 3.139988326674794106e-01 7.441966317705962786e-02 7.481793354574419741e-01 1.768320436959490149e-01 5.689576695493854790e-04 0.000000000000000000e+00
7.900000000000000000e+04 3.159988252322405433e-01 6.986800182066454923e-02 7.584205735093308975e-01 1.713700500682749095e-01 3.413746017296313199e-04 0.000000000000000000e+00
7.950000000000000000e+04 3.179988177970014540e-01 7.203004096495220498e-02 7.558033682294037492e-01 1.721665908056440597e-01 0.000000000000000000e+00 0.000000000000000000e+00
8.000000000000000000e+04 3.199988103617625868e-01 7.066454255803368556e-02 7.608101957214383759e-01 1.684114701866181174e-01 1.137915339098771066e-04 0.000000000000000000e+00
8.050000000000000000e+04 3.219988029265234974e-01 6.804733727810650945e-02 7.647928994082839882e-01 1.670459717796995980e-01 1.137915339098771066e-04 0.000000000000000000e+00
8.100000000000000000e+04 3.239987954912846302e-01 6.713700500682749650e-02 7.653618570778334407e-01 1.672735548475193512e-01 2.275830678197542133e-04 0.000000000000000000e+00
8.150000000000000000e+04 3.259987880560455409e-01 6.679563040509786664e-02 7.663859808830223441e-01 1.667045971779699542e-01 1.137915339098771066e-04 0.000000000000000000e+00
8.200000000000000000e+04 3.279987806208066736e-01 6.645425580336822291e-02 7.664997724169322346e-01 1.663632225762403383e-01 6.827492034592626399e-04 0.000000000000000000e+00
8.250000000000000000e+04 3.299987731855675843e-01 6.634046426945834629e-02 7.662721893491124536e-01 1.668183887118798447e-01 5.689576695493854790e-04 0.000000000000000000e+00
8.300000000000000000e+04 3.319987657503287171e-01 6.781975421028675621e-02 7.655894401456531106e-01 1.660218479745106945e-01 5.689576695493854790e-04 0.000000000000000000e+00
8.350000000000000000e+04 3.339987583150896278e-01 6.816112881201638607e-02 7.655894401456531106e-01 1.656804733727810786e-01 5.689576695493854790e-04 0.000000000000000000e+00
8.400000000000000000e+04 3.359987508798505385e-01 6.804733727810650945e-02 7.651342740100136597e-01 1.663632225762403383e-01 4.551661356395084266e-04 0.000000000000000000e+00
8.450000000000000000e+04 3.379987434446116712e-01 6.747837960855712636e-02 7.668411470186617951e-01 1.652253072371415443e-01 4.551661356395084266e-04 0.000000000000000000e+00
8.500000000000000000e+04 3.399987360093725819e-01 6.873008648156576916e-02 7.661583978152025631e-01 1.648839326354119283e-01 2.275830678197542133e-04 0.000000000000000000e+00
8.550000000000000000e+04 3.419987285741337146e-01 6.838871187983613931e-02 7.654756486117433312e-01 1.649977241693217911e-01 1.137915339098770958e-03 0.000000000000000000e+00
8.600000000000000000e+04 3.439987211388946253e-01 6.747837960855712636e-02 7.657032316795630011e-01 1.661356395084205850e-01 6.827492034592626399e-04 0.000000000000000000e+00
8.650000000000000000e+04 3.459987137036557581e-01 6.838871187983613931e-02 7.654756486117433312e-01 1.657942649066909413e-01 3.413746017296313199e-04 0.000000000000000000e+00
8.700000000000000000e+04 3.479987062684166688e-01 6.804733727810650945e-02 7.661583978152025631e-01 1.655666818388711881e-01 2.275830678197542133e-04 0.000000000000000000e+00
8.750000000000000000e+04 3.499986988331778015e-01 6.747837960855712636e-02 7.655894401456531106e-01 1.662494310423304478e-01 6.827492034592626399e-04 0.000000000000000000e+00
8.800000000000000000e+04 3.519986913979387122e-01 6.759217114246700298e-02 7.657032316795630011e-01 1.661356395084205850e-01 5.689576695493854790e-04 0.000000000000000000e+00
8.850000000000000000e+04 3.539986839626998449e-01 6.736458807464724974e-02 7.672963131543013571e-01 1.647701411015020379e-01 5.689576695493854790e-04 0.000000000000000000e+00
8.900000000000000000e+04 3.559986765274607556e-01 7.066454255803368556e-02 7.651342740100136597e-01 1.637460172963131622e-01 4.551661356395084266e-04 0.000000000000000000e+00
8.950000000000000000e+04 3.579986690922218884e-01 6.975421028675465873e-02 7.670687300864815761e-01 1.627218934911242587e-01 4.551661356395084266e-04 0.000000000000000000e+00
9.000000000000000000e+04 3.599986616569827991e-01 7.089212562585343880e-02 7.653618570778334407e-01 1.635184342284934089e-01 2.275830678197542133e-04 0.000000000000000000e+00
9.050000000000000000e+04 3.619986542217439318e-01 7.123350022758306865e-02 7.752617205279926926e-01 1.519116977696859383e-01 1.593081474738279385e-03 0.000000000000000000e+00
9.100000000000000000e+04 3.639986467865048425e-01 6.554392353208920996e-02 7.789030496131087444e-01 1.548702776513427304e-01 6.827492034592626399e-04 0.000000000000000000e+00
9.150000000000000000e+04 3.659986393512659753e-01 6.076467910787437116e-02 7.921028675466544877e-01 1.449704142011834229e-01 2.162039144287664864e-03 0.000000000000000000e+00
9.200000000000000000e+04 3.679986319160268859e-01 5.894401456531633832e-02 7.924442421483841592e-01 1.466772872098315861e-01 1.934456076467910759e-03 0.000000000000000000e+00
9.250000000000000000e+04 3.699986244807880187e-01 6.634046426945834629e-02 7.858443331816112876e-01 1.458807464724624359e-01 1.934456076467910759e-03 0.000000000000000000e+00
9.300000000000000000e+04 3.719986170455489294e-01 7.544378698224851743e-02 7.688893946290396020e-01 1.537323623122439642e-01 1.934456076467910759e-03 0.000000000000000000e+00
9.350000000000000000e+04 3.739986096103098401e-01 8.124715521165225274e-02 7.585343650432407880e-01 1.585116067364588099e-01 1.706873008648156654e-03 0.000000000000000000e+00
9.400000000000000000e+04 3.759986021750709728e-01 8.568502503413745475e-02 7.398725534820209671e-01 1.722803823395539502e-01 2.162039144287664864e-03 0.000000000000000000e+00
9.450000000000000000e+04 3.779985947398318835e-01 8.807464724624487762e-02 7.381656804733728316e-01 1.726217569412835662e-01 1.137915339098770958e-03 0.000000000000000000e+00
9.500000000000000000e+04 3.799985873045930163e-01 1.041192535275375503e-01 7.110832954028220021e-01 1.824078288575330109e-01 2.389622212107419402e-03 0.000000000000000000e+00
9.550000000000000000e+04 3.819985798693539270e-01 1.190259444697314567e-01 6.728493400091033472e-01 2.053937187073281712e-01 2.730996813837050560e-03 0.000000000000000000e+00
9.600000000000000000e+04 3.839985724341150597e-01 1.235776058261265353e-01 6.594219390077378229e-01 2.151797906235776159e-01 1.820664542558033706e-03 0.000000000000000000e+00
9.650000000000000000e+04 3.859985649988759704e-01 1.224396904870277691e-01 6.561219845243514426e-01 2.199590350477924339e-01 1.479289940828402332e-03 0.000000000000000000e+00
9.700000000000000000e+04 3.879985575636371031e-01 1.232362312243969055e-01 6.541875284478835262e-01 2.201866181156121871e-01 2.389622212107419402e-03 0.000000000000000000e+00
9.750000000000000000e+04 3.899985501283980138e-01 1.244879380974055483e-01 6.523668639053253893e-01 2.214383249886208438e-01 1.706873008648156654e-03 0.000000000000000000e+00
9.800000000000000000e+04 3.919985426931591466e-01 1.267637687756031084e-01 6.513427401001365968e-01 2.207555757851615841e-01 1.137915339098770958e-03 0.000000000000000000e+00
9.850000000000000000e+04 3.939985352579200573e-01 1.263086026399635742e-01 6.489531178880291185e-01 2.231451979972690070e-01 1.593081474738279385e-03 0.000000000000000000e+00
9.900000000000000000e+04 3.959985278226809680e-01 1.240327719617660418e-01 6.512289485662267063e-01 2.232589895311788697e-01 1.479289940828402332e-03 0.000000000000000000e+00
9.950000000000000000e+04 3.979985203874421007e-01 1.260810195721438209e-01 6.479289940828402150e-01 2.247382794720072796e-01 1.251706873008648227e-03 0.000000000000000000e+00
1.000000000000000000e+05 3.999985129522032334e-01 1.279016841147018746e-01 6.467910787437414211e-01 2.239417387346381294e-01 1.365498406918525280e-03 0.000000000000000000e+00
1.005000000000000000e+05 4.019985055169641441e-01 1.294947655894401473e-01 6.446290395994538347e-01 2.245106964041875264e-01 1.365498406918525280e-03 0.000000000000000000e+00
1.010000000000000000e+05 4.039984980817250548e-01 1.279016841147018746e-01 6.449704142011833952e-01 2.257624032771961831e-01 1.365498406918525280e-03 0.000000000000000000e+00
1.015000000000000000e+05 4.059984906464861876e-01 1.286982248520709970e-01 6.439462903959944917e-01 2.250796540737369233e-01 2.275830678197541916e-03 0.000000000000000000e+00
1.020000000000000000e+05 4.079984832112473203e-01 1.373463814292216756e-01 6.120846609012289274e-01 2.477241693218024676e-01 2.844788347746927612e-03 0.000000000000000000e+00
1.025000000000000000e+05 4.099984757760082310e-01 1.397360036413290985e-01 6.201638598088302645e-01 2.377105143377332697e-01 2.389622212107419402e-03 0.000000000000000000e+00
1.030000000000000000e+05 4.119984683407691417e-01 1.343878015475648557e-01 6.243741465634956578e-01 2.402139280837505553e-01 1.024123805188893906e-03 0.000000000000000000e+00
1.035000000000000000e+05 4.139984609055302744e-01 1.372325898953117851e-01 6.176604460628128956e-01 2.435138825671370189e-01 1.593081474738279385e-03 0.000000000000000000e+00
1.040000000000000000e+05 4.159984534702914072e-01 1.342740100136549930e-01 6.202776513427401550e-01 2.440828402366863881e-01 1.365498406918525280e-03 0.000000000000000000e+00
1.045000000000000000e+05 4.179984460350523179e-01 1.374601729631315383e-01 6.156121984524350887e-01 2.460172963131543045e-01 9.103322712790168532e-04 0.000000000000000000e+00
1.050000000000000000e+05 4.199984385998132286e-01 1.366636322257624159e-01 6.191397360036413611e-01 2.426035502958579781e-01 1.593081474738279385e-03 0.000000000000000000e+00
1.055000000000000000e+05 4.219984311645743613e-01 1.397360036413290985e-01 6.213017751479289474e-01 2.379380974055530229e-01 1.024123805188893906e-03 0.000000000000000000e+00
1.060000000000000000e+05 4.239984237293354941e-01 1.359808830223031284e-01 6.585116067364588099e-01 2.007282658170232159e-01 4.779244424214838804e-03 0.000000000000000000e+00
1.065000000000000000e+05 4.259984162940964048e-01 1.342740100136549930e-01 6.718252162039144437e-01 1.916249431042330587e-01 2.275830678197541916e-03 0.000000000000000000e+00
1.070000000000000000e+05 4.279984088588573155e-01 1.327947200728265831e-01 6.728493400091033472e-01 1.929904415111515781e-01 1.365498406918525280e-03 0.000000000000000000e+00
1.075000000000000000e+05 4.299984014236184482e-01 1.308602639963586667e-01 6.747837960855712636e-01 1.912835685025034149e-01 3.072371415566681717e-03 0.000000000000000000e+00
1.080000000000000000e+05 4.319983939883795809e-01 1.302913063268092975e-01 6.768320436959490705e-01 1.908284023668639084e-01 2.048247610377787811e-03 0.000000000000000000e+00
1.085000000000000000e+05 4.339983865531404916e-01 1.306326809285389134e-01 6.754665452890304955e-01 1.925352753755120716e-01 1.365498406918525280e-03 0.000000000000000000e+00
1.090000000000000000e+05 4.359983791179011803e-01 1.302913063268092975e-01 6.762630860263996180e-01 1.908284023668639084e-01 2.617205279927173507e-03 0.000000000000000000e+00
1.095000000000000000e+05 4.379983716826625351e-01 1.305188893946290507e-01 6.759217114246700575e-01 1.908284023668639084e-01 2.730996813837050560e-03 0.000000000000000000e+00
1.100000000000000000e+05 4.399983642474236678e-01 1.306326809285389134e-01 6.754665452890304955e-01 1.918525261720528119e-01 2.048247610377787811e-03 0.000000000000000000e+00
1.105000000000000000e+05 4.419983568121845785e-01 1.319981793354574329e-01 6.746700045516613731e-01 1.910559854346836617e-01 2.275830678197541916e-03 0.000000000000000000e+00
1.110000000000000000e+05 4.439983493769452672e-01 1.333636777423759801e-01 6.738734638142922506e-01 1.904870277651342647e-01 2.275830678197541916e-03 0.000000000000000000e+00
1.115000000000000000e+05 4.459983419417063999e-01 1.343878015475648557e-01 6.718252162039144437e-01 1.908284023668639084e-01 2.958579881656804664e-03 0.000000000000000000e+00
1.120000000000000000e+05 4.479983345064677547e-01 1.338188438780154865e-01 6.791078743741465473e-01 1.857077833409194467e-01 1.365498406918525280e-03 0.000000000000000000e+00
1.125000000000000000e+05 4.499983270712284433e-01 1.348429676832043622e-01 6.809285389167045732e-01 1.817250796540737234e-01 2.503413746017296455e-03 0.000000000000000000e+00
1.130000000000000000e+05 4.519983196359893540e-01 1.376877560309512916e-01 6.778561675011378629e-01 1.820664542558033672e-01 2.389622212107419402e-03 0.000000000000000000e+00
1.135000000000000000e+05 4.539983122007504868e-01 1.357532999544833752e-01 6.810423304506144637e-01 1.804733727810650945e-01 2.730996813837050560e-03 0.000000000000000000e+00
