# itime ezz other fcc hcp bcc ico
0.000000000000000000e+00 0.000000000000000000e+00 0.000000000000000000e+00 1.000000000000000000e+00 0.000000000000000000e+00 0.000000000000000000e+00 0.000000000000000000e+00
2.500000000000000000e+02 9.999780385272494243e-04 0.000000000000000000e+00 1.000000000000000000e+00 0.000000000000000000e+00 0.000000000000000000e+00 0.000000000000000000e+00
5.000000000000000000e+02 1.999956077054498849e-03 0.000000000000000000e+00 1.000000000000000000e+00 0.000000000000000000e+00 0.000000000000000000e+00 0.000000000000000000e+00
7.500000000000000000e+02 2.999934115581748273e-03 0.000000000000000000e+00 1.000000000000000000e+00 0.000000000000000000e+00 0.000000000000000000e+00 0.000000000000000000e+00
1.000000000000000000e+03 3.999912154108997697e-03 0.000000000000000000e+00 1.000000000000000000e+00 0.000000000000000000e+00 0.000000000000000000e+00 0.000000000000000000e+00
1.250000000000000000e+03 4.999890192636247122e-03 0.000000000000000000e+00 1.000000000000000000e+00 0.000000000000000000e+00 0.000000000000000000e+00 0.000000000000000000e+00
1.500000000000000000e+03 5.999868231163718590e-03 0.000000000000000000e+00 1.000000000000000000e+00 0.000000000000000000e+00 0.000000000000000000e+00 0.000000000000000000e+00
1.750000000000000000e+03 6.999846269690968015e-03 0.000000000000000000e+00 1.000000000000000000e+00 0.000000000000000000e+00 0.000000000000000000e+00 0.000000000000000000e+00
2.000000000000000000e+03 7.999824308218217439e-03 0.000000000000000000e+00 1.000000000000000000e+00 0.000000000000000000e+00 0.000000000000000000e+00 0.000000000000000000e+00
2.250000000000000000e+03 8.999802346745466863e-03 0.000000000000000000e+00 1.000000000000000000e+00 0.000000000000000000e+00 0.000000000000000000e+00 0.000000000000000000e+00
2.500000000000000000e+03 9.999780385272716288e-03 0.000000000000000000e+00 1.000000000000000000e+00 0.000000000000000000e+00 0.000000000000000000e+00 0.000000000000000000e+00
2.750000000000000000e+03 1.099975842379996571e-02 0.000000000000000000e+00 1.000000000000000000e+00 0.000000000000000000e+00 0.000000000000000000e+00 0.000000000000000000e+00
3.000000000000000000e+03 1.199973646232721514e-02 0.000000000000000000e+00 1.000000000000000000e+00 0.000000000000000000e+00 0.000000000000000000e+00 0.000000000000000000e+00
3.250000000000000000e+03 1.299971450085446456e-02 0.000000000000000000e+00 1.000000000000000000e+00 0.000000000000000000e+00 0.000000000000000000e+00 0.000000000000000000e+00
3.500000000000000000e+03 1.399969253938171398e-02 0.000000000000000000e+00 1.000000000000000000e+00 0.000000000000000000e+00 0.000000000000000000e+00 0.000000000000000000e+00
3.750000000000000000e+03 1.499967057790896341e-02 0.000000000000000000e+00 1.000000000000000000e+00 0.000000000000000000e+00 0.000000000000000000e+00 0.000000000000000000e+00
4.000000000000000000e+03 1.599964861643621283e-02 0.000000000000000000e+00 1.000000000000000000e+00 0.000000000000000000e+00 0.000000000000000000e+00 0.000000000000000000e+00
4.250000000000000000e+03 1.699962665496346226e-02 0.000000000000000000e+00 1.000000000000000000e+00 0.000000000000000000e+00 0.000000000000000000e+00 0.000000000000000000e+00
4.500000000000000000e+03 1.799960469349093373e-02 0.000000000000000000e+00 1.000000000000000000e+00 0.000000000000000000e+00 0.000000000000000000e+00 0.000000000000000000e+00
4.750000000000000000e+03 1.899958273201818315e-02 0.000000000000000000e+00 1.000000000000000000e+00 0.000000000000000000e+00 0.000000000000000000e+00 0.000000000000000000e+00
5.000000000000000000e+03 1.999956077054543258e-02 0.000000000000000000e+00 1.000000000000000000e+00 0.000000000000000000e+00 0.000000000000000000e+00 0.000000000000000000e+00
5.250000000000000000e+03 2.099953880907268200e-02 0.000000000000000000e+00 1.000000000000000000e+00 0.000000000000000000e+00 0.000000000000000000e+00 0.000000000000000000e+00
5.500000000000000000e+03 2.199951684759993142e-02 0.000000000000000000e+00 1.000000000000000000e+00 0.000000000000000000e+00 0.000000000000000000e+00 0.000000000000000000e+00
5.750000000000000000e+03 2.299949488612718085e-02 0.000000000000000000e+00 1.000000000000000000e+00 0.000000000000000000e+00 0.000000000000000000e+00 0.000000000000000000e+00
6.000000000000000000e+03 2.399947292465443027e-02 0.000000000000000000e+00 1.000000000000000000e+00 0.000000000000000000e+00 0.000000000000000000e+00 0.000000000000000000e+00
6.250000000000000000e+03 2.499945096318167970e-02 0.000000000000000000e+00 1.000000000000000000e+00 0.000000000000000000e+00 0.000000000000000000e+00 0.000000000000000000e+00
6.500000000000000000e+03 2.599942900170892912e-02 0.000000000000000000e+00 1.000000000000000000e+00 0.000000000000000000e+00 0.000000000000000000e+00 0.000000000000000000e+00
6.750000000000000000e+03 2.699940704023617855e-02 0.000000000000000000e+00 1.000000000000000000e+00 0.000000000000000000e+00 0.000000000000000000e+00 0.000000000000000000e+00
7.000000000000000000e+03 2.799938507876342797e-02 0.000000000000000000e+00 1.000000000000000000e+00 0.000000000000000000e+00 0.000000000000000000e+00 0.000000000000000000e+00
7.250000000000000000e+03 2.899936311729067739e-02 0.000000000000000000e+00 1.000000000000000000e+00 0.000000000000000000e+00 0.000000000000000000e+00 0.000000000000000000e+00
7.500000000000000000e+03 2.999934115581814886e-02 0.000000000000000000e+00 1.000000000000000000e+00 0.000000000000000000e+00 0.000000000000000000e+00 0.000000000000000000e+00
7.750000000000000000e+03 3.099931919434539829e-02 0.000000000000000000e+00 1.000000000000000000e+00 0.000000000000000000e+00 0.000000000000000000e+00 0.000000000000000000e+00
8.000000000000000000e+03 3.199929723287264771e-02 0.000000000000000000e+00 1.000000000000000000e+00 0.000000000000000000e+00 0.000000000000000000e+00 0.000000000000000000e+00
8.250000000000000000e+03 3.299927527139989714e-02 0.000000000000000000e+00 1.000000000000000000e+00 0.000000000000000000e+00 0.000000000000000000e+00 0.000000000000000000e+00
8.500000000000000000e+03 3.399925330992714656e-02 0.000000000000000000e+00 1.000000000000000000e+00 0.000000000000000000e+00 0.000000000000000000e+00 0.000000000000000000e+00
8.750000000000000000e+03 3.499923134845439598e-02 0.000000000000000000e+00 1.000000000000000000e+00 0.000000000000000000e+00 0.000000000000000000e+00 0.000000000000000000e+00
9.000000000000000000e+03 3.599920938698164541e-02 0.000000000000000000e+00 1.000000000000000000e+00 0.000000000000000000e+00 0.000000000000000000e+00 0.000000000000000000e+00
9.250000000000000000e+03 3.699918742550889483e-02 0.000000000000000000e+00 1.000000000000000000e+00 0.000000000000000000e+00 0.000000000000000000e+00 0.000000000000000000e+00
9.500000000000000000e+03 3.799916546403614426e-02 0.000000000000000000e+00 1.000000000000000000e+00 0.000000000000000000e+00 0.000000000000000000e+00 0.000000000000000000e+00
9.750000000000000000e+03 3.899914350256339368e-02 0.000000000000000000e+00 1.000000000000000000e+00 0.000000000000000000e+00 0.000000000000000000e+00 0.000000000000000000e+00
1.000000000000000000e+04 3.999912154109064311e-02 0.000000000000000000e+00 1.000000000000000000e+00 0.000000000000000000e+00 0.000000000000000000e+00 0.000000000000000000e+00
1.025000000000000000e+04 4.099909957961789253e-02 0.000000000000000000e+00 1.000000000000000000e+00 0.000000000000000000e+00 0.000000000000000000e+00 0.000000000000000000e+00
1.050000000000000000e+04 4.199907761814536400e-02 0.000000000000000000e+00 1.000000000000000000e+00 0.000000000000000000e+00 0.000000000000000000e+00 0.000000000000000000e+00
1.075000000000000000e+04 4.299905565667261342e-02 0.000000000000000000e+00 1.000000000000000000e+00 0.000000000000000000e+00 0.000000000000000000e+00 0.000000000000000000e+00
1.100000000000000000e+04 4.399903369519986285e-02 0.000000000000000000e+00 1.000000000000000000e+00 0.000000000000000000e+00 0.000000000000000000e+00 0.000000000000000000e+00
1.125000000000000000e+04 4.499901173372711227e-02 0.000000000000000000e+00 1.000000000000000000e+00 0.000000000000000000e+00 0.000000000000000000e+00 0.000000000000000000e+00
1.150000000000000000e+04 4.599898977225436170e-02 0.000000000000000000e+00 1.000000000000000000e+00 0.000000000000000000e+00 0.000000000000000000e+00 0.000000000000000000e+00
1.175000000000000000e+04 4.699896781078161112e-02 0.000000000000000000e+00 1.000000000000000000e+00 0.000000000000000000e+00 0.000000000000000000e+00 0.000000000000000000e+00
1.200000000000000000e+04 4.799894584930886055e-02 0.000000000000000000e+00 1.000000000000000000e+00 0.000000000000000000e+00 0.000000000000000000e+00 0.000000000000000000e+00
1.225000000000000000e+04 4.899892388783610997e-02 0.000000000000000000e+00 1.000000000000000000e+00 0.000000000000000000e+00 0.000000000000000000e+00 0.000000000000000000e+00
1.250000000000000000e+04 4.999890192636335939e-02 0.000000000000000000e+00 1.000000000000000000e+00 0.000000000000000000e+00 0.000000000000000000e+00 0.000000000000000000e+00
1.275000000000000000e+04 5.099887996489060882e-02 0.000000000000000000e+00 1.000000000000000000e+00 0.000000000000000000e+00 0.000000000000000000e+00 0.000000000000000000e+00
1.300000000000000000e+04 5.199885800341785824e-02 0.000000000000000000e+00 1.000000000000000000e+00 0.000000000000000000e+00 0.000000000000000000e+00 0.000000000000000000e+00
1.325000000000000000e+04 5.299883604194510767e-02 0.000000000000000000e+00 1.000000000000000000e+00 0.000000000000000000e+00 0.000000000000000000e+00 0.000000000000000000e+00
1.350000000000000000e+04 5.399881408047257914e-02 0.000000000000000000e+00 1.000000000000000000e+00 0.000000000000000000e+00 0.000000000000000000e+00 0.000000000000000000e+00
1.375000000000000000e+04 5.499879211899982856e-02 0.000000000000000000e+00 1.000000000000000000e+00 0.000000000000000000e+00 0.000000000000000000e+00 0.000000000000000000e+00
1.400000000000000000e+04 5.599877015752707798e-02 0.000000000000000000e+00 1.000000000000000000e+00 0.000000000000000000e+00 0.000000000000000000e+00 0.000000000000000000e+00
1.425000000000000000e+04 5.699874819605432741e-02 0.000000000000000000e+00 1.000000000000000000e+00 0.000000000000000000e+00 0.000000000000000000e+00 0.000000000000000000e+00
1.450000000000000000e+04 5.799872623458157683e-02 0.000000000000000000e+00 1.000000000000000000e+00 0.000000000000000000e+00 0.000000000000000000e+00 0.000000000000000000e+00
1.475000000000000000e+04 5.899870427310882626e-02 0.000000000000000000e+00 1.000000000000000000e+00 0.000000000000000000e+00 0.000000000000000000e+00 0.000000000000000000e+00
1.500000000000000000e+04 5.999868231163607568e-02 0.000000000000000000e+00 1.000000000000000000e+00 0.000000000000000000e+00 0.000000000000000000e+00 0.000000000000000000e+00
1.525000000000000000e+04 6.099866035016332511e-02 0.000000000000000000e+00 1.000000000000000000e+00 0.000000000000000000e+00 0.000000000000000000e+00 0.000000000000000000e+00
1.550000000000000000e+04 6.199863838869057453e-02 0.000000000000000000e+00 1.000000000000000000e+00 0.000000000000000000e+00 0.000000000000000000e+00 0.000000000000000000e+00
1.575000000000000000e+04 6.299861642721782395e-02 0.000000000000000000e+00 1.000000000000000000e+00 0.000000000000000000e+00 0.000000000000000000e+00 0.000000000000000000e+00
1.600000000000000000e+04 6.399859446574507338e-02 0.000000000000000000e+00 1.000000000000000000e+00 0.000000000000000000e+00 0.000000000000000000e+00 0.000000000000000000e+00
1.625000000000000000e+04 6.499857250427232280e-02 0.000000000000000000e+00 1.000000000000000000e+00 0.000000000000000000e+00 0.000000000000000000e+00 0.000000000000000000e+00
1.650000000000000000e+04 6.599855054279979427e-02 0.000000000000000000e+00 1.000000000000000000e+00 0.000000000000000000e+00 0.000000000000000000e+00 0.000000000000000000e+00
1.675000000000000000e+04 6.699852858132704370e-02 0.000000000000000000e+00 1.000000000000000000e+00 0.000000000000000000e+00 0.000000000000000000e+00 0.000000000000000000e+00
1.700000000000000000e+04 6.799850661985429312e-02 0.000000000000000000e+00 1.000000000000000000e+00 0.000000000000000000e+00 0.000000000000000000e+00 0.000000000000000000e+00
1.725000000000000000e+04 6.899848465838154254e-02 0.000000000000000000e+00 1.000000000000000000e+00 0.000000000000000000e+00 0.000000000000000000e+00 0.000000000000000000e+00
1.750000000000000000e+04 6.999846269690879197e-02 0.000000000000000000e+00 1.000000000000000000e+00 0.000000000000000000e+00 0.000000000000000000e+00 0.000000000000000000e+00
1.775000000000000000e+04 7.099844073543604139e-02 9.103322712790168532e-04 9.990896677287209870e-01 0.000000000000000000e+00 0.000000000000000000e+00 0.000000000000000000e+00
1.800000000000000000e+04 7.199841877396329082e-02 2.275830678197542133e-04 9.997724169321802190e-01 0.000000000000000000e+00 0.000000000000000000e+00 0.000000000000000000e+00
1.825000000000000000e+04 7.299839681249054024e-02 0.000000000000000000e+00 1.000000000000000000e+00 0.000000000000000000e+00 0.000000000000000000e+00 0.000000000000000000e+00
1.850000000000000000e+04 7.399837485101778967e-02 1.137915339098771066e-04 9.998862084660901095e-01 0.000000000000000000e+00 0.000000000000000000e+00 0.000000000000000000e+00
1.875000000000000000e+04 7.499835288954503909e-02 0.000000000000000000e+00 1.000000000000000000e+00 0.000000000000000000e+00 0.000000000000000000e+00 0.000000000000000000e+00
1.900000000000000000e+04 7.599833092807228851e-02 4.551661356395084266e-04 9.995448338643604380e-01 0.000000000000000000e+00 0.000000000000000000e+00 0.000000000000000000e+00
1.925000000000000000e+04 7.699830896659975998e-02 6.827492034592626399e-04 9.993172507965407680e-01 0.000000000000000000e+00 0.000000000000000000e+00 0.000000000000000000e+00
1.950000000000000000e+04 7.799828700512700941e-02 1.137915339098771066e-04 9.998862084660901095e-01 0.000000000000000000e+00 0.000000000000000000e+00 0.000000000000000000e+00
1.975000000000000000e+04 7.899826504365425883e-02 0.000000000000000000e+00 1.000000000000000000e+00 0.000000000000000000e+00 0.000000000000000000e+00 0.000000000000000000e+00
2.000000000000000000e+04 7.999824308218150826e-02 0.000000000000000000e+00 1.000000000000000000e+00 0.000000000000000000e+00 0.000000000000000000e+00 0.000000000000000000e+00
2.025000000000000000e+04 8.099822112070875768e-02 2.275830678197542133e-04 9.997724169321802190e-01 0.000000000000000000e+00 0.000000000000000000e+00 0.000000000000000000e+00
2.050000000000000000e+04 8.199819915923600711e-02 1.137915339098771066e-04 9.998862084660901095e-01 0.000000000000000000e+00 0.000000000000000000e+00 0.000000000000000000e+00
2.075000000000000000e+04 8.299817719776325653e-02 7.965407373691396923e-04 9.992034592626308775e-01 0.000000000000000000e+00 0.000000000000000000e+00 0.000000000000000000e+00
2.100000000000000000e+04 8.399815523629050595e-02 9.103322712790168532e-04 9.990896677287209870e-01 0.000000000000000000e+00 0.000000000000000000e+00 0.000000000000000000e+00
2.125000000000000000e+04 8.499813327481775538e-02 2.275830678197542133e-04 9.997724169321802190e-01 0.000000000000000000e+00 0.000000000000000000e+00 0.000000000000000000e+00
2.150000000000000000e+04 8.599811131334500480e-02 3.413746017296313199e-04 9.996586253982703285e-01 0.000000000000000000e+00 0.000000000000000000e+00 0.000000000000000000e+00
2.175000000000000000e+04 8.699808935187225423e-02 2.275830678197542133e-04 9.997724169321802190e-01 0.000000000000000000e+00 0.000000000000000000e+00 0.000000000000000000e+00
2.200000000000000000e+04 8.799806739039950365e-02 1.024123805188893906e-03 9.988620846609012061e-01 0.000000000000000000e+00 1.137915339098771066e-04 0.000000000000000000e+00
2.225000000000000000e+04 8.899804542892697512e-02 1.024123805188893906e-03 9.989758761948110966e-01 0.000000000000000000e+00 0.000000000000000000e+00 0.000000000000000000e+00
2.250000000000000000e+04 8.999802346745422454e-02 1.479289940828402332e-03 9.984069185252617551e-01 0.000000000000000000e+00 1.137915339098771066e-04 0.000000000000000000e+00
2.275000000000000000e+04 9.099800150598147397e-02 3.413746017296313199e-04 9.996586253982703285e-01 0.000000000000000000e+00 0.000000000000000000e+00 0.000000000000000000e+00
2.300000000000000000e+04 9.199797954450872339e-02 1.365498406918525280e-03 9.985207100591716456e-01 0.000000000000000000e+00 1.137915339098771066e-04 0.000000000000000000e+00
2.325000000000000000e+04 9.299795758303597282e-02 1.593081474738279385e-03 9.982931269913518646e-01 0.000000000000000000e+00 1.137915339098771066e-04 0.000000000000000000e+00
2.350000000000000000e+04 9.399793562156322224e-02 1.251706873008648227e-03 9.987482931269913156e-01 0.000000000000000000e+00 0.000000000000000000e+00 0.000000000000000000e+00
2.375000000000000000e+04 9.499791366009047167e-02 1.820664542558033706e-03 9.981793354574419741e-01 0.000000000000000000e+00 0.000000000000000000e+00 0.000000000000000000e+00
2.400000000000000000e+04 9.599789169861772109e-02 1.137915339098770958e-03 9.988620846609012061e-01 0.000000000000000000e+00 0.000000000000000000e+00 0.000000000000000000e+00
2.425000000000000000e+04 9.699786973714497051e-02 2.389622212107419402e-03 9.974965862539827421e-01 0.000000000000000000e+00 1.137915339098771066e-04 0.000000000000000000e+00
2.450000000000000000e+04 9.799784777567221994e-02 1.820664542558033706e-03 9.981793354574419741e-01 0.000000000000000000e+00 0.000000000000000000e+00 0.000000000000000000e+00
2.475000000000000000e+04 9.899782581419946936e-02 2.389622212107419402e-03 9.974965862539827421e-01 0.000000000000000000e+00 1.137915339098771066e-04 0.000000000000000000e+00
2.500000000000000000e+04 9.999780385272671879e-02 3.413746017296313308e-03 9.963586709148839482e-01 0.000000000000000000e+00 2.275830678197542133e-04 0.000000000000000000e+00
2.525000000000000000e+04 1.009977818912541903e-01 4.779244424214838804e-03 9.948793809740554828e-01 0.000000000000000000e+00 3.413746017296313199e-04 0.000000000000000000e+00
2.550000000000000000e+04 1.019977599297814397e-01 6.599908966772872511e-03 9.931725079654073474e-01 0.000000000000000000e+00 2.275830678197542133e-04 0.000000000000000000e+00
2.575000000000000000e+04 1.029977379683086891e-01 1.479289940828402332e-03 9.982931269913518646e-01 0.000000000000000000e+00 2.275830678197542133e-04 0.000000000000000000e+00
2.600000000000000000e+04 1.039977160068359385e-01 5.803368229403732710e-03 9.938552571688666903e-01 0.000000000000000000e+00 3.413746017296313199e-04 0.000000000000000000e+00
2.625000000000000000e+04 1.049976940453631880e-01 6.941283568502503235e-03 9.926035502958580059e-01 0.000000000000000000e+00 4.551661356395084266e-04 0.000000000000000000e+00
2.650000000000000000e+04 1.059976720838904374e-01 7.168866636322257339e-03 9.922621756941283344e-01 0.000000000000000000e+00 5.689576695493854790e-04 0.000000000000000000e+00
2.675000000000000000e+04 1.069976501224176868e-01 1.706873008648156567e-02 9.792899408284023721e-01 0.000000000000000000e+00 3.641329085116067413e-03 0.000000000000000000e+00
2.700000000000000000e+04 1.079976281609449362e-01 2.116522530723714129e-02 9.680245789713245452e-01 0.000000000000000000e+00 1.081019572143832562e-02 0.000000000000000000e+00
2.725000000000000000e+04 1.089976061994721857e-01 7.077833409194356218e-02 7.308830223031406170e-01 0.000000000000000000e+00 1.983386436049157930e-01 0.000000000000000000e+00
2.750000000000000000e+04 1.099975842379994351e-01 1.490669094219390090e-01 2.997269003186163183e-01 0.000000000000000000e+00 5.512061902594447282e-01 0.000000000000000000e+00
2.775000000000000000e+04 1.109975622765266845e-01 2.160901228948566288e-01 3.956531634046426826e-01 1.076467910787437393e-01 2.806099226217569353e-01 0.000000000000000000e+00
2.800000000000000000e+04 1.119975403150539339e-01 2.305416477014110288e-01 4.698452435138825711e-01 2.657032316795630567e-01 3.390987710514337811e-02 0.000000000000000000e+00
2.825000000000000000e+04 1.129975183535814054e-01 1.885525716886663761e-01 5.725989986345015881e-01 2.240555302685480199e-01 1.479289940828402289e-02 0.000000000000000000e+00
2.850000000000000000e+04 1.139974963921086548e-01 1.068502503413746030e-01 6.921939007737824001e-01 1.984524351388256835e-01 2.503413746017296455e-03 0.000000000000000000e+00
2.875000000000000000e+04 1.149974744306359042e-01 9.182976786527081992e-02 7.166590805644059703e-01 1.892353208921256358e-01 2.275830678197541916e-03 0.000000000000000000e+00
2.900000000000000000e+04 1.159974524691631537e-01 8.352298588984979899e-02 7.201866181156122426e-01 1.939007737824305910e-01 2.389622212107419402e-03 0.000000000000000000e+00
2.925000000000000000e+04 1.169974305076904031e-01 6.144742831133363781e-02 7.558033682294037492e-01 1.801319981793354508e-01 2.617205279927173507e-03 0.000000000000000000e+00
2.950000000000000000e+04 1.179974085462176525e-01 6.178880291306326766e-02 7.487482931269913156e-01 1.868456986800182129e-01 2.617205279927173507e-03 0.000000000000000000e+00
2.975000000000000000e+04 1.189973865847449019e-01 6.156121984524351443e-02 7.446517979062358128e-01 1.910559854346836617e-01 2.730996813837050560e-03 0.000000000000000000e+00
3.000000000000000000e+04 1.199973646232721514e-01 6.304050978607191047e-02 7.372553482020938187e-01 1.965179790623577671e-01 3.186162949476558769e-03 0.000000000000000000e+00
3.025000000000000000e+04 1.209973426617994008e-01 6.178880291306326766e-02 7.350933090578061213e-01 1.987938097405552995e-01 4.324078288575329727e-03 0.000000000000000000e+00
3.050000000000000000e+04 1.219973207003266502e-01 6.440600819299044377e-02 7.279244424214837972e-01 2.043695949021392677e-01 3.299954483386436255e-03 0.000000000000000000e+00
3.075000000000000000e+04 1.229972987388538996e-01 6.269913518434228061e-02 7.024351388256713236e-01 2.321347291761493015e-01 2.730996813837050560e-03 0.000000000000000000e+00
3.100000000000000000e+04 1.239972767773811491e-01 6.030951297223486468e-02 7.042558033682293495e-01 2.309968138370505353e-01 4.437869822485207214e-03 0.000000000000000000e+00
3.125000000000000000e+04 1.249972548159086205e-01 6.087847064178425471e-02 7.050523441055985829e-01 2.312243969048702885e-01 2.844788347746927612e-03 0.000000000000000000e+00
3.150000000000000000e+04 1.259972328544358700e-01 5.871643149749658508e-02 7.047109695038689114e-01 2.324761037778789174e-01 4.096495220755575623e-03 0.000000000000000000e+00
3.175000000000000000e+04 1.269972108929631194e-01 6.065088757396449454e-02 7.043695949021392400e-01 2.314519799726900418e-01 3.527537551206190360e-03 0.000000000000000000e+00
3.200000000000000000e+04 1.279971889314903688e-01 5.974055530268548159e-02 7.058488848429677054e-01 2.315657715065999045e-01 2.844788347746927612e-03 0.000000000000000000e+00
3.225000000000000000e+04 1.289971669700176182e-01 6.099226217569413133e-02 7.044833864360491305e-01 2.312243969048702885e-01 3.299954483386436255e-03 0.000000000000000000e+00
3.250000000000000000e+04 1.299971450085448677e-01 5.928538916704597511e-02 7.053937187073281434e-01 2.317933545744196577e-01 3.527537551206190360e-03 0.000000000000000000e+00
3.275000000000000000e+04 1.309971230470721171e-01 6.042330450614474130e-02 7.047109695038689114e-01 2.320209376422394110e-01 2.844788347746927612e-03 0.000000000000000000e+00
3.300000000000000000e+04 1.319971010855993665e-01 5.871643149749658508e-02 7.051661356395084734e-01 2.325898953117888079e-01 3.527537551206190360e-03 0.000000000000000000e+00
3.325000000000000000e+04 1.329970791241266159e-01 6.053709604005461792e-02 7.049385525716886924e-01 2.314519799726900418e-01 3.072371415566681717e-03 0.000000000000000000e+00
3.350000000000000000e+04 1.339970571626538653e-01 6.042330450614474130e-02 7.050523441055985829e-01 2.319071461083295482e-01 2.617205279927173507e-03 0.000000000000000000e+00
3.375000000000000000e+04 1.349970352011811148e-01 6.008192990441511144e-02 7.048247610377788019e-01 2.312243969048702885e-01 3.868912152935821518e-03 0.000000000000000000e+00
3.400000000000000000e+04 1.359970132397083642e-01 5.905780609922621494e-02 7.058488848429677054e-01 2.319071461083295482e-01 3.186162949476558769e-03 0.000000000000000000e+00
3.425000000000000000e+04 1.369969912782358357e-01 6.121984524351388457e-02 7.043695949021392400e-01 2.316795630405097950e-01 2.730996813837050560e-03 0.000000000000000000e+00
3.450000000000000000e+04 1.379969693167630851e-01 5.996813837050523482e-02 7.053937187073281434e-01 2.320209376422394110e-01 2.617205279927173507e-03 0.000000000000000000e+00
3.475000000000000000e+04 1.389969473552903345e-01 5.928538916704597511e-02 7.049385525716886924e-01 2.319071461083295482e-01 3.868912152935821518e-03 0.000000000000000000e+00
3.500000000000000000e+04 1.399969253938175839e-01 6.030951297223486468e-02 7.045971779699590209e-01 2.311106053709603980e-01 3.982703686845699004e-03 0.000000000000000000e+00
3.525000000000000000e+04 1.409969034323448334e-01 6.008192990441511144e-02 7.049385525716886924e-01 2.317933545744196577e-01 3.186162949476558769e-03 0.000000000000000000e+00
3.550000000000000000e+04 1.419968814708720828e-01 6.019572143832498806e-02 7.050523441055985829e-01 2.312243969048702885e-01 3.527537551206190360e-03 0.000000000000000000e+00
3.575000000000000000e+04 1.429968595093993322e-01 5.837505689576695522e-02 7.056213017751479244e-01 2.322485207100591642e-01 3.755120619025944465e-03 0.000000000000000000e+00
3.600000000000000000e+04 1.439968375479265816e-01 5.905780609922621494e-02 7.044833864360491305e-01 2.316795630405097950e-01 4.779244424214838804e-03 0.000000000000000000e+00
3.625000000000000000e+04 1.449968155864538311e-01 5.974055530268548159e-02 7.044833864360491305e-01 2.317933545744196577e-01 3.982703686845699004e-03 0.000000000000000000e+00
3.650000000000000000e+04 1.459967936249810805e-01 6.019572143832498806e-02 7.043695949021392400e-01 2.312243969048702885e-01 4.210286754665453109e-03 0.000000000000000000e+00
3.675000000000000000e+04 1.469967716635083299e-01 6.087847064178425471e-02 7.040282203004096795e-01 2.316795630405097950e-01 3.413746017296313308e-03 0.000000000000000000e+00
3.700000000000000000e+04 1.479967497020358014e-01 6.019572143832498806e-02 7.048247610377788019e-01 2.315657715065999045e-01 3.413746017296313308e-03 0.000000000000000000e+00
3.725000000000000000e+04 1.489967277405630508e-01 6.110605370960400795e-02 7.048247610377788019e-01 2.306554392353208915e-01 3.413746017296313308e-03 0.000000000000000000e+00
3.750000000000000000e+04 1.499967057790903002e-01 6.076467910787437116e-02 7.038006372325898985e-01 2.314519799726900418e-01 3.982703686845699004e-03 0.000000000000000000e+00
3.775000000000000000e+04 1.509966838176175496e-01 6.201638598088302090e-02 7.038006372325898985e-01 2.303140646335912478e-01 3.868912152935821518e-03 0.000000000000000000e+00
3.800000000000000000e+04 1.519966618561447991e-01 6.087847064178425471e-02 7.041420118343195700e-01 2.308830223031406448e-01 4.096495220755575623e-03 0.000000000000000000e+00
3.825000000000000000e+04 1.529966398946720485e-01 6.167501137915339104e-02 7.035730541647701175e-01 2.305416477014110288e-01 4.210286754665453109e-03 0.000000000000000000e+00
3.850000000000000000e+04 1.539966179331992979e-01 6.167501137915339104e-02 7.039144287664997890e-01 2.308830223031406448e-01 3.527537551206190360e-03 0.000000000000000000e+00
3.875000000000000000e+04 1.549965959717265473e-01 6.133363677742376119e-02 7.035730541647701175e-01 2.315657715065999045e-01 3.527537551206190360e-03 0.000000000000000000e+00
3.900000000000000000e+04 1.559965740102537968e-01 6.133363677742376119e-02 7.039144287664997890e-01 2.306554392353208915e-01 4.096495220755575623e-03 0.000000000000000000e+00
3.925000000000000000e+04 1.569965520487810462e-01 6.099226217569413133e-02 7.038006372325898985e-01 2.315657715065999045e-01 3.641329085116067413e-03 0.000000000000000000e+00
3.950000000000000000e+04 1.579965300873082956e-01 6.156121984524351443e-02 7.035730541647701175e-01 2.309968138370505353e-01 3.868912152935821518e-03 0.000000000000000000e+00
3.975000000000000000e+04 1.589965081258355450e-01 6.201638598088302090e-02 7.032316795630405570e-01 2.315657715065999045e-01 3.186162949476558769e-03 0.000000000000000000e+00
4.000000000000000000e+04 1.599964861643630165e-01 6.133363677742376119e-02 7.038006372325898985e-01 2.307692307692307820e-01 4.096495220755575623e-03 0.000000000000000000e+00
4.025000000000000000e+04 1.609964642028902659e-01 6.190259444697314428e-02 7.033454710969503365e-01 2.299726900318616318e-01 4.779244424214838804e-03 0.000000000000000000e+00
4.050000000000000000e+04 1.619964422414175154e-01 6.269913518434228061e-02 7.028903049613108855e-01 2.308830223031406448e-01 3.527537551206190360e-03 0.000000000000000000e+00
4.075000000000000000e+04 1.629964202799447648e-01 6.190259444697314428e-02 7.034592626308602270e-01 2.299726900318616318e-01 4.665452890304961318e-03 0.000000000000000000e+00
4.100000000000000000e+04 1.639963983184720142e-01 6.360946745562130744e-02 7.027765134274009950e-01 2.291761492944924816e-01 4.437869822485207214e-03 0.000000000000000000e+00
4.125000000000000000e+04 1.649963763569992636e-01 6.235776058261265076e-02 7.031178880291306665e-01 2.302002730996813851e-01 4.324078288575329727e-03 0.000000000000000000e+00
4.150000000000000000e+04 1.659963543955265131e-01 6.440600819299044377e-02 7.034592626308602270e-01 2.284934000910332219e-01 3.641329085116067413e-03 0.000000000000000000e+00
4.175000000000000000e+04 1.669963324340537625e-01 6.804733727810650945e-02 7.085798816568047442e-01 2.187073281747838049e-01 4.665452890304961318e-03 0.000000000000000000e+00
4.200000000000000000e+04 1.679963104725810119e-01 7.862994993172507663e-02 7.631998179335457433e-01 1.544151115157032239e-01 3.755120619025944465e-03 0.000000000000000000e+00
4.225000000000000000e+04 1.689962885111082613e-01 7.294037323623121793e-02 8.150887573964497035e-01 1.094674556213017791e-01 2.503413746017296455e-03 0.000000000000000000e+00
4.250000000000000000e+04 1.699962665496355108e-01 6.998179335457442585e-02 8.220300409649522466e-01 1.035502958579881672e-01 4.437869822485207214e-03 0.000000000000000000e+00
4.275000000000000000e+04 1.709962445881627602e-01 7.066454255803368556e-02 8.273782430587164338e-01 1.001365498406918547e-01 1.820664542558033706e-03 0.000000000000000000e+00
4.300000000000000000e+04 1.719962226266902316e-01 6.747837960855712636e-02 8.329540282203004020e-01 9.740555302685480199e-02 2.162039144287664864e-03 0.000000000000000000e+00
4.325000000000000000e+04 1.729962006652174811e-01 6.770596267637687959e-02 8.347746927628584279e-01 9.569868001820663883e-02 1.820664542558033706e-03 0.000000000000000000e+00
4.350000000000000000e+04 1.739961787037447305e-01 6.793354574419663283e-02 8.302230314064633632e-01 9.854346836595356818e-02 3.299954483386436255e-03 0.000000000000000000e+00
4.375000000000000000e+04 1.749961567422719799e-01 7.055075102412380894e-02 8.286299499317251183e-01 9.797451069640418508e-02 2.844788347746927612e-03 0.000000000000000000e+00
4.400000000000000000e+04 1.759961347807992293e-01 6.986800182066454923e-02 8.277196176604461053e-01 9.968138370505234824e-02 2.730996813837050560e-03 0.000000000000000000e+00
4.425000000000000000e+04 1.769961128193264788e-01 8.659535730541648157e-02 7.975648611743286764e-01 1.123122439690487084e-01 3.527537551206190360e-03 0.000000000000000000e+00
4.450000000000000000e+04 1.779960908578537282e-01 9.877105143377332142e-02 7.777651342740100615e-01 1.177742375967228000e-01 5.689576695493855224e-03 0.000000000000000000e+00
4.475000000000000000e+04 1.789960688963809776e-01 9.751934456076467861e-02 7.445380063723259223e-01 1.504324078288575284e-01 7.510241238051888930e-03 0.000000000000000000e+00
4.500000000000000000e+04 1.799960469349082270e-01 8.966772872098316416e-02 7.612653618570778269e-01 1.378015475648611821e-01 1.126536185707783383e-02 0.000000000000000000e+00
4.525000000000000000e+04 1.809960249734354765e-01 8.875739644970413733e-02 8.074647246244879284e-01 9.740555302685480199e-02 6.372325898953117539e-03 0.000000000000000000e+00
4.550000000000000000e+04 1.819960030119627259e-01 8.147473827947200598e-02 8.588984979517524376e-01 5.370960400546199304e-02 5.917159763313609329e-03 0.000000000000000000e+00
4.575000000000000000e+04 1.829959810504899753e-01 8.181611288120163583e-02 8.687983614019116896e-01 4.608557123350022489e-02 3.299954483386436255e-03 0.000000000000000000e+00
4.600000000000000000e+04 1.839959590890174468e-01 7.498862084660901095e-02 8.736913973600364258e-01 4.494765589440145870e-02 6.372325898953117539e-03 0.000000000000000000e+00
4.625000000000000000e+04 1.849959371275446962e-01 7.350933090578061491e-02 8.763086026399635742e-01 4.858898497951752438e-02 1.593081474738279385e-03 0.000000000000000000e+00
4.650000000000000000e+04 1.859959151660719456e-01 7.146108329540282189e-02 8.866636322257623881e-01 3.937187073281747662e-02 2.503413746017296455e-03 0.000000000000000000e+00
4.675000000000000000e+04 1.869958932045991951e-01 7.134729176149294527e-02 8.812016385980883104e-01 4.472007282658170546e-02 2.730996813837050560e-03 0.000000000000000000e+00
4.700000000000000000e+04 1.879958712431264445e-01 6.781975421028675621e-02 8.863222576240327166e-01 4.392353208921256219e-02 1.934456076467910759e-03 0.000000000000000000e+00
4.725000000000000000e+04 1.889958492816536939e-01 6.816112881201638607e-02 8.871187983614019501e-01 4.312699135184342586e-02 1.593081474738279385e-03 0.000000000000000000e+00
4.750000000000000000e+04 1.899958273201809433e-01 6.816112881201638607e-02 8.873463814292216201e-01 4.244424214838415921e-02 2.048247610377787811e-03 0.000000000000000000e+00
4.775000000000000000e+04 1.909958053587081928e-01 6.668183887118799003e-02 8.887118798361401950e-01 4.301319981793354230e-02 1.593081474738279385e-03 0.000000000000000000e+00
4.800000000000000000e+04 1.919957833972354422e-01 6.577150659990896320e-02 8.897360036413290985e-01 4.198907601274465273e-02 2.503413746017296455e-03 0.000000000000000000e+00
4.825000000000000000e+04 1.929957614357626916e-01 6.668183887118799003e-02 8.847291761492944717e-01 4.585798816568047165e-02 2.730996813837050560e-03 0.000000000000000000e+00
4.850000000000000000e+04 1.939957394742899410e-01 6.736458807464724974e-02 8.863222576240327166e-01 4.483386436049158208e-02 1.479289940828402332e-03 0.000000000000000000e+00
4.875000000000000000e+04 1.949957175128171905e-01 6.679563040509786664e-02 8.879153390987710726e-01 4.221665908056440597e-02 3.072371415566681717e-03 0.000000000000000000e+00
4.900000000000000000e+04 1.959956955513446619e-01 6.759217114246700298e-02 8.849567592171142527e-01 4.506144742831133532e-02 2.389622212107419402e-03 0.000000000000000000e+00
4.925000000000000000e+04 1.969956735898719113e-01 6.679563040509786664e-02 8.862084660901229372e-01 4.494765589440145870e-02 2.048247610377787811e-03 0.000000000000000000e+00
4.950000000000000000e+04 1.979956516283991608e-01 6.497496586253982687e-02 8.897360036413290985e-01 4.312699135184342586e-02 2.162039144287664864e-03 0.000000000000000000e+00
4.975000000000000000e+04 1.989956296669264102e-01 6.554392353208920996e-02 8.858670914883932657e-01 4.528903049613108855e-02 3.299954483386436255e-03 0.000000000000000000e+00
5.000000000000000000e+04 1.999956077054536596e-01 6.645425580336822291e-02 8.884842967683204140e-01 4.176149294492489950e-02 3.299954483386436255e-03 0.000000000000000000e+00
5.025000000000000000e+04 2.009955857439809090e-01 6.554392353208920996e-02 8.863222576240327166e-01 4.619936276741010150e-02 1.934456076467910759e-03 0.000000000000000000e+00
5.050000000000000000e+04 2.019955637825081585e-01 6.668183887118799003e-02 8.887118798361401950e-01 4.187528447883477611e-02 2.730996813837050560e-03 0.000000000000000000e+00
5.075000000000000000e+04 2.029955418210354079e-01 6.781975421028675621e-02 8.843878015475649113e-01 4.574419663177059503e-02 2.048247610377787811e-03 0.000000000000000000e+00
5.100000000000000000e+04 2.039955198595626573e-01 6.690942193900774326e-02 8.858670914883932657e-01 4.494765589440145870e-02 2.275830678197541916e-03 0.000000000000000000e+00
5.125000000000000000e+04 2.049954978980899067e-01 6.634046426945834629e-02 8.864360491579426071e-01 4.437869822485206867e-02 2.844788347746927612e-03 0.000000000000000000e+00
5.150000000000000000e+04 2.059954759366171562e-01 6.736458807464724974e-02 8.857532999544833752e-01 4.392353208921256219e-02 2.958579881656804664e-03 0.000000000000000000e+00
5.175000000000000000e+04 2.069954539751444056e-01 6.781975421028675621e-02 8.849567592171142527e-01 4.483386436049158208e-02 2.389622212107419402e-03 0.000000000000000000e+00
5.200000000000000000e+04 2.079954320136718771e-01 6.690942193900774326e-02 8.854119253527537037e-01 4.472007282658170546e-02 2.958579881656804664e-03 0.000000000000000000e+00
5.225000000000000000e+04 2.089954100521991265e-01 6.759217114246700298e-02 8.873463814292216201e-01 4.358215748748293233e-02 1.479289940828402332e-03 0.000000000000000000e+00
5.250000000000000000e+04 2.099953880907263759e-01 6.690942193900774326e-02 8.854119253527537037e-01 4.540282203004096517e-02 2.275830678197541916e-03 0.000000000000000000e+00
5.275000000000000000e+04 2.109953661292536253e-01 6.622667273554846967e-02 8.866636322257623881e-01 4.392353208921256219e-02 3.186162949476558769e-03 0.000000000000000000e+00
5.300000000000000000e+04 2.119953441677808748e-01 6.736458807464724974e-02 8.854119253527537037e-01 4.403732362312243881e-02 3.186162949476558769e-03 0.000000000000000000e+00
5.325000000000000000e+04 2.129953222063081242e-01 6.577150659990896320e-02 8.884842967683204140e-01 4.312699135184342586e-02 2.617205279927173507e-03 0.000000000000000000e+00
5.350000000000000000e+04 2.139953002448353736e-01 6.690942193900774326e-02 8.878015475648611821e-01 4.267182521620391245e-02 2.617205279927173507e-03 0.000000000000000000e+00
5.375000000000000000e+04 2.149952782833626230e-01 6.497496586253982687e-02 8.863222576240327166e-01 4.540282203004096517e-02 3.299954483386436255e-03 0.000000000000000000e+00
5.400000000000000000e+04 2.159952563218898725e-01 6.759217114246700298e-02 8.846153846153845812e-01 4.517523896222121194e-02 2.617205279927173507e-03 0.000000000000000000e+00
5.425000000000000000e+04 2.169952343604171219e-01 6.759217114246700298e-02 8.834774692762858983e-01 4.710969503868912139e-02 1.820664542558033706e-03 0.000000000000000000e+00
5.450000000000000000e+04 2.179952123989443713e-01 6.588529813381883982e-02 8.875739644970414011e-01 4.369594902139280895e-02 2.844788347746927612e-03 0.000000000000000000e+00
5.475000000000000000e+04 2.189951904374718428e-01 6.736458807464724974e-02 8.845015930814746907e-01 4.528903049613108855e-02 2.844788347746927612e-03 0.000000000000000000e+00
5.500000000000000000e+04 2.199951684759990922e-01 6.884387801547564578e-02 8.819981793354574329e-01 4.597177969959034827e-02 3.186162949476558769e-03 0.000000000000000000e+00
5.525000000000000000e+04 2.209951465145263416e-01 6.736458807464724974e-02 8.833636777423760078e-01 4.608557123350022489e-02 3.186162949476558769e-03 0.000000000000000000e+00
5.550000000000000000e+04 2.219951245530535910e-01 6.861629494765589254e-02 8.832498862084661173e-01 4.449248975876194528e-02 3.641329085116067413e-03 0.000000000000000000e+00
5.575000000000000000e+04 2.229951025915808405e-01 6.747837960855712636e-02 8.838188438780154588e-01 4.517523896222121194e-02 3.527537551206190360e-03 0.000000000000000000e+00
5.600000000000000000e+04 2.239950806301080899e-01 6.736458807464724974e-02 8.832498862084661173e-01 4.608557123350022489e-02 3.299954483386436255e-03 0.000000000000000000e+00
5.625000000000000000e+04 2.249950586686353393e-01 6.816112881201638607e-02 8.819981793354574329e-01 4.654073736913973830e-02 3.299954483386436255e-03 0.000000000000000000e+00
5.650000000000000000e+04 2.259950367071625887e-01 6.656804733727811341e-02 8.818843878015475424e-01 4.824761037778789452e-02 3.299954483386436255e-03 0.000000000000000000e+00
5.675000000000000000e+04 2.269950147456898382e-01 6.861629494765589254e-02 8.818843878015475424e-01 4.506144742831133532e-02 4.437869822485207214e-03 0.000000000000000000e+00
