# itime ezz other fcc hcp bcc ico
0.000000000000000000e+00 0.000000000000000000e+00 0.000000000000000000e+00 1.000000000000000000e+00 0.000000000000000000e+00 0.000000000000000000e+00 0.000000000000000000e+00
2.500000000000000000e+03 9.999954380542019905e-03 0.000000000000000000e+00 1.000000000000000000e+00 0.000000000000000000e+00 0.000000000000000000e+00 0.000000000000000000e+00
5.000000000000000000e+03 1.999990876108403981e-02 0.000000000000000000e+00 1.000000000000000000e+00 0.000000000000000000e+00 0.000000000000000000e+00 0.000000000000000000e+00
7.500000000000000000e+03 2.999986314162605971e-02 0.000000000000000000e+00 1.000000000000000000e+00 0.000000000000000000e+00 0.000000000000000000e+00 0.000000000000000000e+00
1.000000000000000000e+04 3.999981752216807962e-02 0.000000000000000000e+00 1.000000000000000000e+00 0.000000000000000000e+00 0.000000000000000000e+00 0.000000000000000000e+00
1.250000000000000000e+04 4.999977190271009952e-02 0.000000000000000000e+00 1.000000000000000000e+00 0.000000000000000000e+00 0.000000000000000000e+00 0.000000000000000000e+00
1.500000000000000000e+04 5.999972628325211943e-02 0.000000000000000000e+00 1.000000000000000000e+00 0.000000000000000000e+00 0.000000000000000000e+00 0.000000000000000000e+00
1.750000000000000000e+04 6.999968066379413933e-02 5.689576695493854790e-04 9.994310423304506585e-01 0.000000000000000000e+00 0.000000000000000000e+00 0.000000000000000000e+00
2.000000000000000000e+04 7.999963504433638128e-02 2.275830678197542133e-04 9.997724169321802190e-01 0.000000000000000000e+00 0.000000000000000000e+00 0.000000000000000000e+00
2.250000000000000000e+04 8.999958942487840119e-02 3.413746017296313199e-04 9.996586253982703285e-01 0.000000000000000000e+00 0.000000000000000000e+00 0.000000000000000000e+00
2.500000000000000000e+04 9.999954380542042109e-02 3.299954483386436255e-03 9.964724624487938387e-01 0.000000000000000000e+00 2.275830678197542133e-04 0.000000000000000000e+00
2.750000000000000000e+04 1.099994981859624410e-01 4.608557123350022489e-02 9.118115612198451903e-01 0.000000000000000000e+00 4.210286754665452935e-02 0.000000000000000000e+00
3.000000000000000000e+04 1.199994525665044609e-01 5.086481565771506369e-02 7.677514792899408080e-01 1.775147928994082747e-01 3.868912152935821518e-03 0.000000000000000000e+00
3.250000000000000000e+04 1.299994069470464808e-01 4.528903049613108855e-02 7.709376422394174089e-01 1.789940828402366846e-01 4.779244424214838804e-03 0.000000000000000000e+00
3.500000000000000000e+04 1.399993613275885007e-01 5.200273099681383682e-02 7.677514792899408080e-01 1.780837505689576716e-01 2.162039144287664864e-03 0.000000000000000000e+00
3.750000000000000000e+04 1.499993157081305206e-01 5.279927173418298009e-02 7.657032316795630011e-01 1.767182521620391522e-01 4.779244424214838804e-03 0.000000000000000000e+00
4.000000000000000000e+04 1.599992700886725405e-01 5.814747382794720199e-02 7.631998179335457433e-01 1.756941283568502488e-01 2.958579881656804664e-03 0.000000000000000000e+00
4.250000000000000000e+04 1.699992244692145604e-01 6.030951297223486468e-02 7.650204824761037692e-01 1.711424670004551563e-01 3.527537551206190360e-03 0.000000000000000000e+00
4.500000000000000000e+04 1.799991788497565803e-01 5.291306326809285671e-02 7.770823850705507185e-01 1.675011379153391045e-01 2.503413746017296455e-03 0.000000000000000000e+00
4.750000000000000000e+04 1.899991332302986002e-01 5.712335002275830548e-02 7.781065088757396220e-01 1.613563950842057393e-01 3.413746017296313308e-03 0.000000000000000000e+00
5.000000000000000000e+04 1.999990876108406201e-01 5.143377332726445372e-02 7.905097860719162428e-01 1.556668183887118806e-01 2.389622212107419402e-03 0.000000000000000000e+00
5.250000000000000000e+04 2.099990419913826400e-01 5.279927173418298009e-02 7.914201183431952558e-01 1.538461538461538547e-01 1.934456076467910759e-03 0.000000000000000000e+00
5.500000000000000000e+04 2.199989963719246600e-01 4.324078288575330248e-02 7.956304050978607600e-01 1.580564406008193035e-01 3.072371415566681717e-03 0.000000000000000000e+00
5.750000000000000000e+04 2.299989507524669019e-01 4.654073736913973830e-02 7.914201183431952558e-01 1.601046882111970826e-01 1.934456076467910759e-03 0.000000000000000000e+00
6.000000000000000000e+04 2.399989051330089218e-01 4.938552571688666071e-02 7.903959945380063523e-01 1.583978152025489194e-01 1.820664542558033706e-03 0.000000000000000000e+00
6.250000000000000000e+04 2.499988595135509417e-01 5.473372781065088954e-02 7.642239417387346467e-01 1.797906235776058348e-01 1.251706873008648227e-03 0.000000000000000000e+00
6.500000000000000000e+04 2.599988138940929616e-01 5.951297223486572835e-02 7.630860263996358528e-01 1.762630860263996457e-01 1.137915339098770958e-03 0.000000000000000000e+00
6.750000000000000000e+04 2.699987682746349815e-01 6.338188438780155420e-02 7.654756486117433312e-01 1.704597177969958965e-01 6.827492034592626399e-04 0.000000000000000000e+00
7.000000000000000000e+04 2.799987226551770014e-01 5.871643149749658508e-02 7.573964497041419941e-01 1.825216203914428736e-01 1.365498406918525280e-03 0.000000000000000000e+00
7.250000000000000000e+04 2.899986770357190213e-01 5.928538916704597511e-02 7.613791533909877174e-01 1.786527082385070686e-01 6.827492034592626399e-04 0.000000000000000000e+00
7.500000000000000000e+04 2.999986314162610412e-01 5.757851615839781195e-02 7.622894856622667303e-01 1.794492489758761911e-01 6.827492034592626399e-04 0.000000000000000000e+00
7.750000000000000000e+04 3.099985857968030611e-01 6.030951297223486468e-02 7.612653618570778269e-01 1.772872098315885214e-01 1.137915339098770958e-03 0.000000000000000000e+00
8.000000000000000000e+04 3.199985401773450810e-01 6.349567592171143082e-02 7.555757851615839682e-01 1.792216659080564378e-01 1.706873008648156654e-03 0.000000000000000000e+00
8.250000000000000000e+04 3.299984945578871010e-01 8.807464724624487762e-02 7.319071461083295205e-01 1.754665452890304955e-01 4.551661356395083832e-03 0.000000000000000000e+00
8.500000000000000000e+04 3.399984489384291209e-01 8.841602184797450747e-02 7.495448338643604380e-01 1.587391898042785632e-01 3.299954483386436255e-03 0.000000000000000000e+00
8.750000000000000000e+04 3.499984033189711408e-01 1.040054619936276736e-01 7.110832954028220021e-01 1.783113336367774249e-01 6.599908966772872511e-03 0.000000000000000000e+00
9.000000000000000000e+04 3.599983576995131607e-01 9.148839326354119006e-02 7.297451069640418231e-01 1.726217569412835662e-01 6.144742831133363434e-03 0.000000000000000000e+00
9.250000000000000000e+04 3.699983120800551806e-01 9.353664087391898307e-02 7.261037778789257713e-01 1.750113791533909890e-01 5.348202093764223633e-03 0.000000000000000000e+00
9.500000000000000000e+04 3.799982664605974225e-01 9.660901228948566566e-02 7.271279016841146747e-01 1.685252617205279801e-01 7.737824305871643035e-03 0.000000000000000000e+00
9.750000000000000000e+04 3.899982208411394424e-01 9.820209376422393832e-02 7.270141101502047842e-01 1.655666818388711881e-01 9.217114246700046018e-03 0.000000000000000000e+00
1.000000000000000000e+05 3.999981752216814623e-01 1.029813381884387841e-01 7.231451979972689514e-01 1.687528447883477334e-01 5.120619025944469528e-03 0.000000000000000000e+00
1.025000000000000000e+05 4.099981296022234822e-01 1.065088757396449731e-01 7.174556213017750927e-01 1.694355939918070209e-01 6.599908966772872511e-03 0.000000000000000000e+00
1.050000000000000000e+05 4.199980839827657242e-01 1.401911697769686049e-01 6.728493400091033472e-01 1.838871187983613931e-01 3.072371415566681717e-03 0.000000000000000000e+00
1.075000000000000000e+05 4.299980383633077441e-01 1.318843878015475701e-01 6.618115612198451903e-01 2.040282203004096517e-01 2.275830678197541916e-03 0.000000000000000000e+00
1.100000000000000000e+05 4.399979927438497640e-01 1.332498862084660896e-01 6.568047337278106745e-01 2.084660901228948537e-01 1.479289940828402332e-03 0.000000000000000000e+00
1.125000000000000000e+05 4.499979471243917839e-01 1.405325443786982209e-01 6.496358670914883504e-01 2.064178425125170746e-01 3.413746017296313308e-03 0.000000000000000000e+00
1.150000000000000000e+05 4.599979015049338038e-01 1.481565771506599960e-01 6.511151570323168158e-01 1.976558944014565333e-01 3.072371415566681717e-03 0.000000000000000000e+00
1.175000000000000000e+05 4.699978558854758237e-01 1.638598088302230249e-01 6.200500682749203740e-01 2.129039599453800558e-01 3.186162949476558769e-03 0.000000000000000000e+00
1.200000000000000000e+05 4.799978102660178436e-01 1.758079198907601393e-01 6.085571233500227661e-01 2.116522530723714268e-01 3.982703686845699004e-03 0.000000000000000000e+00
1.225000000000000000e+05 4.899977646465598635e-01 1.850250341374601593e-01 5.827264451524806210e-01 2.264451524806554428e-01 5.803368229403732710e-03 0.000000000000000000e+00
1.250000000000000000e+05 4.999977190271018834e-01 1.920801092398725651e-01 6.152708238507055283e-01 1.871870732817478289e-01 5.461993627674101119e-03 0.000000000000000000e+00
1.275000000000000000e+05 5.099976734076439033e-01 1.756941283568502488e-01 6.522530723714156098e-01 1.656804733727810786e-01 6.372325898953117539e-03 0.000000000000000000e+00
1.300000000000000000e+05 5.199976277881859232e-01 1.260810195721438209e-01 7.263313609467455523e-01 1.455393718707328199e-01 2.048247610377787811e-03 0.000000000000000000e+00
1.325000000000000000e+05 5.299975821687279431e-01 1.177742375967228000e-01 7.352071005917160118e-01 1.431497496586253970e-01 3.868912152935821518e-03 0.000000000000000000e+00
1.350000000000000000e+05 5.399975365492699630e-01 1.223258989531178925e-01 7.327036868456986429e-01 1.413290851160673711e-01 3.641329085116067413e-03 0.000000000000000000e+00
1.375000000000000000e+05 5.499974909298119830e-01 1.395084205735093175e-01 7.099453800637232082e-01 1.440600819299044100e-01 6.486117432862995025e-03 0.000000000000000000e+00
1.400000000000000000e+05 5.599974453103540029e-01 1.522530723714155543e-01 6.667045971779699265e-01 1.762630860263996457e-01 4.779244424214838804e-03 0.000000000000000000e+00
1.425000000000000000e+05 5.699973996908962448e-01 1.599908966772872199e-01 6.645425580336823401e-01 1.713700500682749095e-01 4.096495220755575623e-03 0.000000000000000000e+00
1.450000000000000000e+05 5.799973540714382647e-01 1.652253072371415443e-01 6.623805188893946427e-01 1.671597633136094607e-01 5.234410559854347014e-03 0.000000000000000000e+00
1.475000000000000000e+05 5.899973084519802846e-01 1.728493400091033194e-01 6.365498406918524976e-01 1.858215748748293095e-01 4.779244424214838804e-03 0.000000000000000000e+00
1.500000000000000000e+05 5.999972628325223045e-01 1.759217114246700020e-01 6.354119253527537037e-01 1.834319526627218866e-01 5.234410559854347014e-03 0.000000000000000000e+00
1.525000000000000000e+05 6.099972172130643244e-01 1.785389167045971781e-01 6.421256258534364658e-01 1.735320892125625791e-01 5.803368229403732710e-03 0.000000000000000000e+00
1.550000000000000000e+05 6.199971715936063443e-01 1.975421028675466428e-01 6.517979062357760478e-01 1.428083750568957533e-01 7.851615839781519654e-03 0.000000000000000000e+00
1.575000000000000000e+05 6.299971259741483642e-01 1.820664542558033672e-01 6.793354574419663283e-01 1.337050523441055960e-01 4.893035958124715423e-03 0.000000000000000000e+00
1.600000000000000000e+05 6.399970803546903841e-01 1.822940373236231204e-01 6.810423304506144637e-01 1.314292216659080637e-01 5.234410559854347014e-03 0.000000000000000000e+00
1.625000000000000000e+05 6.499970347352324040e-01 1.795630405097860816e-01 6.777423759672280834e-01 1.374601729631315383e-01 5.234410559854347014e-03 0.000000000000000000e+00
1.650000000000000000e+05 6.599969891157744240e-01 1.857077833409194467e-01 6.719390077378243342e-01 1.365498406918525254e-01 5.803368229403732710e-03 0.000000000000000000e+00
1.675000000000000000e+05 6.699969434963164439e-01 2.010696404187528319e-01 6.385980883022303045e-01 1.530496131087847045e-01 7.282658170232134826e-03 0.000000000000000000e+00
1.700000000000000000e+05 6.799968978768584638e-01 2.000455166135639562e-01 6.413290851160673434e-01 1.532771961766044577e-01 5.348202093764223633e-03 0.000000000000000000e+00
1.725000000000000000e+05 6.899968522574004837e-01 1.989076012744651900e-01 6.541875284478835262e-01 1.444014565316340537e-01 2.503413746017296455e-03 0.000000000000000000e+00
1.750000000000000000e+05 6.999968066379425036e-01 1.842284934000910368e-01 6.585116067364588099e-01 1.541875284478834707e-01 3.072371415566681717e-03 0.000000000000000000e+00
1.775000000000000000e+05 7.099967610184845235e-01 1.894629039599453890e-01 6.491807009558488994e-01 1.593081474738279601e-01 2.048247610377787811e-03 0.000000000000000000e+00
1.800000000000000000e+05 7.199967153990267654e-01 1.890077378243058825e-01 6.421256258534364658e-01 1.655666818388711881e-01 3.299954483386436255e-03 0.000000000000000000e+00
1.825000000000000000e+05 7.299966697795687853e-01 1.959490213928083702e-01 6.202776513427401550e-01 1.808147473827947105e-01 2.958579881656804664e-03 0.000000000000000000e+00
1.850000000000000000e+05 7.399966241601108052e-01 1.984524351388256835e-01 6.133363677742376119e-01 1.865043240782885692e-01 1.706873008648156654e-03 0.000000000000000000e+00
1.875000000000000000e+05 7.499965785406528251e-01 1.973145197997268896e-01 6.079881656804734247e-01 1.923076923076923184e-01 2.389622212107419402e-03 0.000000000000000000e+00
1.900000000000000000e+05 7.599965329211948450e-01 2.020937642239417353e-01 6.004779244424214291e-01 1.945835229858898507e-01 2.844788347746927612e-03 0.000000000000000000e+00
1.925000000000000000e+05 7.699964873017368649e-01 2.041420118343195145e-01 5.926263086026399840e-01 2.005006827492034627e-01 2.730996813837050560e-03 0.000000000000000000e+00
1.950000000000000000e+05 7.799964416822788849e-01 2.042558033682294050e-01 5.909194355939918486e-01 2.026627218934911323e-01 2.162039144287664864e-03 0.000000000000000000e+00
1.975000000000000000e+05 7.899963960628209048e-01 2.081247155211652378e-01 5.834091943559399640e-01 2.064178425125170746e-01 2.048247610377787811e-03 0.000000000000000000e+00
2.000000000000000000e+05 7.999963504433629247e-01 2.086936731907146070e-01 5.805644060081930347e-01 2.092626308602640040e-01 1.479289940828402332e-03 0.000000000000000000e+00
2.025000000000000000e+05 8.099963048239049446e-01 2.039144287664997612e-01 6.255120619025944517e-01 1.652253072371415443e-01 5.348202093764223633e-03 0.000000000000000000e+00
2.050000000000000000e+05 8.199962592044469645e-01 2.131315430131998090e-01 6.115157032316795860e-01 1.721665908056440597e-01 3.186162949476558769e-03 0.000000000000000000e+00
2.075000000000000000e+05 8.299962135849889844e-01 2.155211652253072319e-01 6.093536640873918886e-01 1.718252162039144160e-01 3.299954483386436255e-03 0.000000000000000000e+00
2.100000000000000000e+05 8.399961679655310043e-01 2.132453345471096995e-01 6.106053709604005730e-01 1.728493400091033194e-01 3.299954483386436255e-03 0.000000000000000000e+00
2.125000000000000000e+05 8.499961223460730242e-01 2.179107874374146547e-01 6.119708693673190369e-01 1.676149294492489672e-01 2.503413746017296455e-03 0.000000000000000000e+00
2.150000000000000000e+05 8.599960767266152661e-01 2.191624943104233114e-01 6.127674101046881594e-01 1.649977241693217911e-01 3.072371415566681717e-03 0.000000000000000000e+00
2.175000000000000000e+05 8.699960311071572860e-01 2.273554847519344557e-01 6.008192990441511006e-01 1.684114701866181174e-01 3.413746017296313308e-03 0.000000000000000000e+00
2.200000000000000000e+05 8.799959854876993059e-01 2.302002730996813851e-01 5.993400091033227461e-01 1.671597633136094607e-01 3.299954483386436255e-03 0.000000000000000000e+00
2.225000000000000000e+05 8.899959398682413259e-01 2.338416021847974646e-01 5.949021392808374609e-01 1.688666363222576239e-01 2.389622212107419402e-03 0.000000000000000000e+00
2.250000000000000000e+05 8.999958942487833458e-01 2.281520254893036059e-01 5.598543468365954068e-01 2.088074647246244975e-01 3.186162949476558769e-03 0.000000000000000000e+00
2.275000000000000000e+05 9.099958486293253657e-01 2.307692307692307820e-01 5.560992262175694645e-01 2.090350477924442507e-01 4.096495220755575623e-03 0.000000000000000000e+00
2.300000000000000000e+05 9.199958030098673856e-01 2.229176149294492537e-01 5.685025034137459743e-01 2.023213472917614886e-01 6.258534365043240920e-03 0.000000000000000000e+00
2.325000000000000000e+05 9.299957573904094055e-01 2.266727355484751960e-01 5.648611743286299225e-01 2.034592626308602548e-01 5.006827492034592909e-03 0.000000000000000000e+00
2.350000000000000000e+05 9.399957117709514254e-01 2.380518889394629134e-01 5.535958124715520956e-01 2.012972234865725851e-01 7.055075102412380721e-03 0.000000000000000000e+00
2.375000000000000000e+05 9.499956661514934453e-01 2.528447883477469293e-01 5.493855257168867023e-01 1.912835685025034149e-01 6.486117432862995025e-03 0.000000000000000000e+00
2.400000000000000000e+05 9.599956205320354652e-01 2.356622667273554905e-01 5.811333636777423761e-01 1.786527082385070686e-01 4.551661356395083832e-03 0.000000000000000000e+00
2.425000000000000000e+05 9.699955749125774851e-01 2.410104688211197055e-01 5.751024123805188459e-01 1.792216659080564378e-01 4.665452890304961318e-03 0.000000000000000000e+00
2.450000000000000000e+05 9.799955292931195050e-01 2.427173418297678686e-01 5.744196631770596140e-01 1.779699590350477811e-01 4.893035958124715423e-03 0.000000000000000000e+00
2.475000000000000000e+05 9.899954836736615249e-01 2.493172507965407403e-01 5.571233500227582569e-01 1.903732362312244020e-01 3.186162949476558769e-03 0.000000000000000000e+00
2.500000000000000000e+05 9.999954380542035448e-01 2.555757851615839682e-01 5.315202548930360038e-01 2.090350477924442507e-01 3.868912152935821518e-03 0.000000000000000000e+00
