# itime ezz other fcc hcp bcc ico
0.000000000000000000e+00 0.000000000000000000e+00 0.000000000000000000e+00 1.000000000000000000e+00 0.000000000000000000e+00 0.000000000000000000e+00 0.000000000000000000e+00
3.000000000000000000e+01 1.199995297084566204e-02 0.000000000000000000e+00 1.000000000000000000e+00 0.000000000000000000e+00 0.000000000000000000e+00 0.000000000000000000e+00
6.000000000000000000e+01 2.399990594169132407e-02 0.000000000000000000e+00 1.000000000000000000e+00 0.000000000000000000e+00 0.000000000000000000e+00 0.000000000000000000e+00
9.000000000000000000e+01 3.599985891253698611e-02 0.000000000000000000e+00 1.000000000000000000e+00 0.000000000000000000e+00 0.000000000000000000e+00 0.000000000000000000e+00
1.200000000000000000e+02 4.799981188338264815e-02 0.000000000000000000e+00 1.000000000000000000e+00 0.000000000000000000e+00 0.000000000000000000e+00 0.000000000000000000e+00
1.500000000000000000e+02 5.999976485422831018e-02 0.000000000000000000e+00 1.000000000000000000e+00 0.000000000000000000e+00 0.000000000000000000e+00 0.000000000000000000e+00
1.800000000000000000e+02 7.199971782507397222e-02 0.000000000000000000e+00 1.000000000000000000e+00 0.000000000000000000e+00 0.000000000000000000e+00 0.000000000000000000e+00
2.100000000000000000e+02 8.399967079591963426e-02 0.000000000000000000e+00 1.000000000000000000e+00 0.000000000000000000e+00 0.000000000000000000e+00 0.000000000000000000e+00
2.400000000000000000e+02 9.599962376676507425e-02 1.479289940828402332e-03 9.985207100591716456e-01 0.000000000000000000e+00 0.000000000000000000e+00 0.000000000000000000e+00
2.700000000000000000e+02 1.079995767376107363e-01 2.275830678197541916e-03 9.977241693218024121e-01 0.000000000000000000e+00 0.000000000000000000e+00 0.000000000000000000e+00
3.000000000000000000e+02 1.199995297084563983e-01 6.030951297223486815e-03 9.939690487027764698e-01 0.000000000000000000e+00 0.000000000000000000e+00 0.000000000000000000e+00
3.300000000000000000e+02 1.319994826793020604e-01 2.014110150204824826e-02 9.796313154301320436e-01 0.000000000000000000e+00 2.275830678197542133e-04 0.000000000000000000e+00
3.600000000000000000e+02 1.439994356501477224e-01 8.181611288120163583e-02 9.129494765589439842e-01 0.000000000000000000e+00 5.234410559854347014e-03 0.000000000000000000e+00
3.900000000000000000e+02 1.559993886209933844e-01 3.678880291306326766e-01 5.803368229403732537e-01 0.000000000000000000e+00 5.177514792899408358e-02 0.000000000000000000e+00
4.200000000000000000e+02 1.679993415918390465e-01 7.210969503868912556e-01 9.854346836595356818e-02 1.820664542558033706e-03 1.785389167045971781e-01 0.000000000000000000e+00
4.500000000000000000e+02 1.799992945626847085e-01 7.685480200273099305e-01 1.775147928994082885e-02 8.079198907601274626e-03 2.056213017751479244e-01 0.000000000000000000e+00
4.800000000000000000e+02 1.919992475335303705e-01 7.699135184342285054e-01 2.639963586709149004e-02 2.093764223941738806e-02 1.827492034592626269e-01 0.000000000000000000e+00
5.100000000000000000e+02 2.039992005043760326e-01 7.947200728265817471e-01 3.083750568957669552e-02 3.641329085116067066e-02 1.380291306326809353e-01 0.000000000000000000e+00
5.400000000000000000e+02 2.159991534752216946e-01 8.240782885753299425e-01 3.277196176604460498e-02 4.460628129267182190e-02 9.854346836595356818e-02 0.000000000000000000e+00
5.700000000000000000e+02 2.279991064460673567e-01 8.280609922621756658e-01 3.914428766499772339e-02 5.245789713245334329e-02 8.033682294037323979e-02 0.000000000000000000e+00
6.000000000000000000e+02 2.399990594169130187e-01 8.403504779244423961e-01 4.380974055530268557e-02 5.700955848884842886e-02 5.883022303140646170e-02 0.000000000000000000e+00
6.300000000000000000e+02 2.519990123877586807e-01 8.446745562130177909e-01 4.949931725079653733e-02 6.235776058261265076e-02 4.346836595357305572e-02 0.000000000000000000e+00
6.600000000000000000e+02 2.639989653586043428e-01 8.460400546199362548e-01 5.712335002275830548e-02 6.713700500682749650e-02 2.969959035047792587e-02 0.000000000000000000e+00
6.900000000000000000e+02 2.759989183294500048e-01 8.453573054164770229e-01 5.700955848884842886e-02 6.747837960855712636e-02 3.015475648611743234e-02 0.000000000000000000e+00
7.200000000000000000e+02 2.879988713002954448e-01 8.449021392808374609e-01 5.587164314974965573e-02 6.873008648156576916e-02 3.049613108784706567e-02 0.000000000000000000e+00
7.500000000000000000e+02 2.999988242711411068e-01 8.502503413746017591e-01 5.791989076012744875e-02 6.918525261720527564e-02 2.264451524806554428e-02 0.000000000000000000e+00
7.800000000000000000e+02 3.119987772419867689e-01 8.615157032316795860e-01 5.166135639508420696e-02 6.781975421028675621e-02 1.900318616294947513e-02 0.000000000000000000e+00
8.100000000000000000e+02 3.239987302128324309e-01 8.623122439690487084e-01 5.416477014110149951e-02 6.725079654073737312e-02 1.627218934911242587e-02 0.000000000000000000e+00
8.400000000000000000e+02 3.359986831836780929e-01 8.595812471552116696e-01 5.382339553937186966e-02 6.713700500682749650e-02 1.945835229858898507e-02 0.000000000000000000e+00
8.700000000000000000e+02 3.479986361545237550e-01 8.640191169776968438e-01 5.234410559854346667e-02 6.440600819299044377e-02 1.923076923076923184e-02 0.000000000000000000e+00
9.000000000000000000e+02 3.599985891253694170e-01 8.694811106053709215e-01 5.348202093764223980e-02 5.848884842967683184e-02 1.854802002730996865e-02 0.000000000000000000e+00
9.300000000000000000e+02 3.719985420962150791e-01 8.702776513427401550e-01 4.802002730996814128e-02 6.121984524351388457e-02 2.036868456986800149e-02 1.137915339098771066e-04
9.600000000000000000e+02 3.839984950670607411e-01 8.751706873008647802e-01 4.722348657259899801e-02 5.666818388711879900e-02 2.071005917159763482e-02 2.275830678197542133e-04
9.900000000000000000e+02 3.959984480379064031e-01 8.739189804278562068e-01 4.688211197086936816e-02 6.133363677742376119e-02 1.775147928994082885e-02 1.137915339098771066e-04
1.020000000000000000e+03 4.079984010087520652e-01 8.847291761492944717e-01 4.244424214838415921e-02 5.587164314974965573e-02 1.672735548475193582e-02 2.275830678197542133e-04
1.050000000000000000e+03 4.199983539795977272e-01 8.850705507510241432e-01 4.369594902139280895e-02 5.484751934456076616e-02 1.638598088302230249e-02 0.000000000000000000e+00
1.080000000000000000e+03 4.319983069504433892e-01 8.840464269458352398e-01 4.779244424214838111e-02 5.416477014110149951e-02 1.388256713700500647e-02 1.137915339098771066e-04
1.110000000000000000e+03 4.439982599212890513e-01 8.870050068274920596e-01 4.745106964041875125e-02 5.143377332726445372e-02 1.411015020482476144e-02 0.000000000000000000e+00
1.140000000000000000e+03 4.559982128921347133e-01 8.953117888029130667e-01 4.540282203004096517e-02 4.619936276741010150e-02 1.308602639963586667e-02 0.000000000000000000e+00
1.170000000000000000e+03 4.679981658629803754e-01 8.957669549385525176e-01 4.642694583522986168e-02 4.483386436049158208e-02 1.297223486572599005e-02 0.000000000000000000e+00
1.200000000000000000e+03 4.799981188338258153e-01 8.957669549385525176e-01 4.665452890304961492e-02 4.779244424214838111e-02 9.672280382339554228e-03 1.137915339098771066e-04
1.230000000000000000e+03 4.919980718046714774e-01 8.979289940828402150e-01 4.710969503868912139e-02 4.563040509786071841e-02 9.330905780609922637e-03 0.000000000000000000e+00
1.260000000000000000e+03 5.039980247755171394e-01 9.007737824305871444e-01 4.654073736913973830e-02 4.380974055530268557e-02 8.648156577150659455e-03 2.275830678197542133e-04
1.290000000000000000e+03 5.159979777463628015e-01 8.995220755575785709e-01 4.767865270823850449e-02 4.278561675011378906e-02 9.786071916249430847e-03 2.275830678197542133e-04
1.320000000000000000e+03 5.279979307172084635e-01 9.013427401001365968e-01 4.642694583522986168e-02 4.324078288575330248e-02 8.989531178880291046e-03 0.000000000000000000e+00
1.350000000000000000e+03 5.399978836880541255e-01 9.011151570323168158e-01 4.665452890304961492e-02 4.301319981793354230e-02 8.989531178880291046e-03 2.275830678197542133e-04
1.380000000000000000e+03 5.519978366588997876e-01 9.053254437869822091e-01 4.483386436049158208e-02 4.289940828402366568e-02 6.827492034592626616e-03 1.137915339098771066e-04
1.410000000000000000e+03 5.639977896297454496e-01 8.998634501593081314e-01 4.574419663177059503e-02 4.551661356395084179e-02 8.534365043240782836e-03 3.413746017296313199e-04
1.440000000000000000e+03 5.759977426005911116e-01 9.040737369139736357e-01 4.255803368229403583e-02 4.631315430131998506e-02 6.827492034592626616e-03 2.275830678197542133e-04
1.470000000000000000e+03 5.879976955714367737e-01 9.013427401001365968e-01 4.528903049613108855e-02 4.642694583522986168e-02 6.486117432862995025e-03 4.551661356395084266e-04
1.500000000000000000e+03 5.999976485422824357e-01 9.088529813381884814e-01 4.096495220755575623e-02 4.494765589440145870e-02 5.006827492034592909e-03 2.275830678197542133e-04
1.530000000000000000e+03 6.119976015131280977e-01 9.077150659990896875e-01 4.073736913973600299e-02 4.574419663177059503e-02 5.575785161583977738e-03 2.275830678197542133e-04
1.560000000000000000e+03 6.239975544839737598e-01 9.056668183887118806e-01 4.062357760582612637e-02 4.847519344560764776e-02 5.120619025944469528e-03 1.137915339098771066e-04
1.590000000000000000e+03 6.359975074548194218e-01 9.146563495675921196e-01 3.618570778334091742e-02 4.278561675011378906e-02 6.144742831133363434e-03 2.275830678197542133e-04
1.620000000000000000e+03 6.479974604256650839e-01 9.169321802457897075e-01 3.641329085116067066e-02 4.028220300409649651e-02 6.144742831133363434e-03 2.275830678197542133e-04
1.650000000000000000e+03 6.599974133965105239e-01 9.156804733727810230e-01 3.425125170687300796e-02 4.005461993627674328e-02 9.786071916249430847e-03 2.275830678197542133e-04
1.680000000000000000e+03 6.719973663673561859e-01 9.131770596267637652e-01 3.413746017296313134e-02 4.233045061447428259e-02 9.899863450159307465e-03 4.551661356395084266e-04
1.710000000000000000e+03 6.839973193382018479e-01 9.164770141101502565e-01 3.197542102867546865e-02 4.164770141101502288e-02 9.330905780609922637e-03 5.689576695493854790e-04
1.740000000000000000e+03 6.959972723090475100e-01 9.176149294492489394e-01 3.231679563040509851e-02 4.153390987710514626e-02 7.851615839781519654e-03 6.827492034592626399e-04
1.770000000000000000e+03 7.079972252798931720e-01 9.178425125170687204e-01 3.117888029130632538e-02 4.369594902139280895e-02 6.599908966772872511e-03 6.827492034592626399e-04
1.800000000000000000e+03 7.199971782507388340e-01 9.162494310423304755e-01 3.299954483386435822e-02 4.221665908056440597e-02 8.079198907601274626e-03 4.551661356395084266e-04
1.830000000000000000e+03 7.319971312215844961e-01 9.175011379153390489e-01 3.288575329995448160e-02 3.982703686845699004e-02 9.330905780609922637e-03 4.551661356395084266e-04
1.860000000000000000e+03 7.439970841924301581e-01 9.175011379153390489e-01 3.299954483386435822e-02 4.153390987710514626e-02 7.282658170232134826e-03 6.827492034592626399e-04
1.890000000000000000e+03 7.559970371632758201e-01 9.227355484751934567e-01 3.254437869822485174e-02 3.595812471552116418e-02 7.624032771961766417e-03 1.137915339098770958e-03
1.920000000000000000e+03 7.679969901341214822e-01 9.225079654073736757e-01 3.573054164770141095e-02 3.561675011379153433e-02 5.689576695493855224e-03 4.551661356395084266e-04
1.950000000000000000e+03 7.799969431049671442e-01 9.228493400091033472e-01 3.550295857988165771e-02 3.584433318161128756e-02 5.461993627674101119e-03 3.413746017296313199e-04
1.980000000000000000e+03 7.919968960758128063e-01 9.197769685935366368e-01 3.868912152935821691e-02 3.299954483386435822e-02 7.965407373691398007e-03 5.689576695493854790e-04
2.010000000000000000e+03 8.039968490466584683e-01 9.256941283568502765e-01 3.641329085116067066e-02 3.106508875739644876e-02 6.486117432862995025e-03 3.413746017296313199e-04
2.040000000000000000e+03 8.159968020175041303e-01 9.223941738734637852e-01 3.971324533454710648e-02 3.186162949476559203e-02 5.234410559854347014e-03 7.965407373691396923e-04
2.070000000000000000e+03 8.279967549883497924e-01 9.239872553482021411e-01 3.732362312243969055e-02 3.129267182521620200e-02 6.941283568502503235e-03 4.551661356395084266e-04
2.100000000000000000e+03 8.399967079591954544e-01 9.268320436959490705e-01 3.595812471552116418e-02 3.152025489303595523e-02 5.461993627674101119e-03 2.275830678197542133e-04
2.130000000000000000e+03 8.519966609300408944e-01 9.266044606281292895e-01 3.538916704597178109e-02 3.311333636777423484e-02 4.324078288575329727e-03 5.689576695493854790e-04
2.160000000000000000e+03 8.639966139008865564e-01 9.236458807464724696e-01 3.766499772416932040e-02 3.299954483386435822e-02 5.348202093764223633e-03 3.413746017296313199e-04
2.190000000000000000e+03 8.759965668717322185e-01 9.252389622212107145e-01 3.652708238507055422e-02 3.060992262175694228e-02 6.713700500682749130e-03 9.103322712790168532e-04
2.220000000000000000e+03 8.879965198425778805e-01 9.241010468821119206e-01 3.698224852071006069e-02 3.174783796085571541e-02 6.827492034592626616e-03 3.413746017296313199e-04
2.250000000000000000e+03 8.999964728134235425e-01 9.311561219845243542e-01 3.311333636777423484e-02 2.776513427401001294e-02 6.941283568502503235e-03 1.024123805188893906e-03
2.280000000000000000e+03 9.119964257842692046e-01 9.311561219845243542e-01 3.299954483386435822e-02 2.947200728265816916e-02 5.917159763313609329e-03 4.551661356395084266e-04
2.310000000000000000e+03 9.239963787551148666e-01 9.329767865270823801e-01 3.231679563040509851e-02 2.810650887573964626e-02 5.917159763313609329e-03 6.827492034592626399e-04
2.340000000000000000e+03 9.359963317259605287e-01 9.333181611288120516e-01 3.231679563040509851e-02 2.594446973145198010e-02 7.168866636322257339e-03 1.251706873008648227e-03
2.370000000000000000e+03 9.479962846968061907e-01 9.360491579426490905e-01 3.038233955393718558e-02 2.742375967228038308e-02 5.689576695493855224e-03 4.551661356395084266e-04
2.400000000000000000e+03 9.599962376676518527e-01 9.352526172052799680e-01 2.856167501137915274e-02 2.822030040964952288e-02 7.510241238051888930e-03 4.551661356395084266e-04
2.430000000000000000e+03 9.719961906384975148e-01 9.334319526627219421e-01 2.901684114701866268e-02 2.890304961310878606e-02 7.282658170232134826e-03 1.365498406918525280e-03
2.460000000000000000e+03 9.839961436093431768e-01 9.380974055530268974e-01 2.901684114701866268e-02 2.776513427401001294e-02 4.779244424214838804e-03 3.413746017296313199e-04
2.490000000000000000e+03 9.959960965801888388e-01 9.419663177059627301e-01 2.639963586709149004e-02 2.480655439235321044e-02 5.803368229403732710e-03 1.024123805188893906e-03
