# itime ezz other fcc hcp bcc ico
0.000000000000000000e+00 0.000000000000000000e+00 1.251706873008648227e-03 9.987482931269913156e-01 0.000000000000000000e+00 0.000000000000000000e+00 0.000000000000000000e+00
2.500000000000000000e+01 9.999838675827099621e-04 1.365498406918525280e-03 9.986345015930814251e-01 0.000000000000000000e+00 0.000000000000000000e+00 0.000000000000000000e+00
5.000000000000000000e+01 1.999967735165197880e-03 1.479289940828402332e-03 9.985207100591716456e-01 0.000000000000000000e+00 0.000000000000000000e+00 0.000000000000000000e+00
7.500000000000000000e+01 2.999951602747907842e-03 1.137915339098771066e-04 9.998862084660901095e-01 0.000000000000000000e+00 0.000000000000000000e+00 0.000000000000000000e+00
1.000000000000000000e+02 3.999935470330617804e-03 6.827492034592626399e-04 9.993172507965407680e-01 0.000000000000000000e+00 0.000000000000000000e+00 0.000000000000000000e+00
1.250000000000000000e+02 4.999919337913327766e-03 1.706873008648156654e-03 9.982931269913518646e-01 0.000000000000000000e+00 0.000000000000000000e+00 0.000000000000000000e+00
1.500000000000000000e+02 5.999903205495815683e-03 1.024123805188893906e-03 9.989758761948110966e-01 0.000000000000000000e+00 0.000000000000000000e+00 0.000000000000000000e+00
1.750000000000000000e+02 6.999887073078525646e-03 6.827492034592626399e-04 9.993172507965407680e-01 0.000000000000000000e+00 0.000000000000000000e+00 0.000000000000000000e+00
2.000000000000000000e+02 7.999870940661235608e-03 1.365498406918525280e-03 9.986345015930814251e-01 0.000000000000000000e+00 0.000000000000000000e+00 0.000000000000000000e+00
2.250000000000000000e+02 8.999854808243723525e-03 2.389622212107419402e-03 9.974965862539827421e-01 0.000000000000000000e+00 1.137915339098771066e-04 0.000000000000000000e+00
2.500000000000000000e+02 9.999838675826433487e-03 1.706873008648156654e-03 9.982931269913518646e-01 0.000000000000000000e+00 0.000000000000000000e+00 0.000000000000000000e+00
2.750000000000000000e+02 1.099982254340914345e-02 4.551661356395084266e-04 9.995448338643604380e-01 0.000000000000000000e+00 0.000000000000000000e+00 0.000000000000000000e+00
3.000000000000000000e+02 1.199980641099185341e-02 1.593081474738279385e-03 9.982931269913518646e-01 0.000000000000000000e+00 1.137915339098771066e-04 0.000000000000000000e+00
3.250000000000000000e+02 1.299979027857434133e-02 7.965407373691396923e-04 9.992034592626308775e-01 0.000000000000000000e+00 0.000000000000000000e+00 0.000000000000000000e+00
3.500000000000000000e+02 1.399977414615705129e-02 7.965407373691396923e-04 9.990896677287209870e-01 0.000000000000000000e+00 1.137915339098771066e-04 0.000000000000000000e+00
3.750000000000000000e+02 1.499975801373976125e-02 1.479289940828402332e-03 9.985207100591716456e-01 0.000000000000000000e+00 0.000000000000000000e+00 0.000000000000000000e+00
4.000000000000000000e+02 1.599974188132247122e-02 1.251706873008648227e-03 9.987482931269913156e-01 0.000000000000000000e+00 0.000000000000000000e+00 0.000000000000000000e+00
4.250000000000000000e+02 1.699972574890495913e-02 2.730996813837050560e-03 9.971552116522530707e-01 0.000000000000000000e+00 1.137915339098771066e-04 0.000000000000000000e+00
4.500000000000000000e+02 1.799970961648766909e-02 1.820664542558033706e-03 9.981793354574419741e-01 0.000000000000000000e+00 0.000000000000000000e+00 0.000000000000000000e+00
4.750000000000000000e+02 1.899969348407037906e-02 1.820664542558033706e-03 9.981793354574419741e-01 0.000000000000000000e+00 0.000000000000000000e+00 0.000000000000000000e+00
5.000000000000000000e+02 1.999967735165286697e-02 1.137915339098771066e-04 9.998862084660901095e-01 0.000000000000000000e+00 0.000000000000000000e+00 0.000000000000000000e+00
5.250000000000000000e+02 2.099966121923557694e-02 2.162039144287664864e-03 9.978379608557123026e-01 0.000000000000000000e+00 0.000000000000000000e+00 0.000000000000000000e+00
5.500000000000000000e+02 2.199964508681828690e-02 2.162039144287664864e-03 9.978379608557123026e-01 0.000000000000000000e+00 0.000000000000000000e+00 0.000000000000000000e+00
5.750000000000000000e+02 2.299962895440099686e-02 2.844788347746927612e-03 9.971552116522530707e-01 0.000000000000000000e+00 0.000000000000000000e+00 0.000000000000000000e+00
6.000000000000000000e+02 2.399961282198348478e-02 1.479289940828402332e-03 9.985207100591716456e-01 0.000000000000000000e+00 0.000000000000000000e+00 0.000000000000000000e+00
6.250000000000000000e+02 2.499959668956619474e-02 2.048247610377787811e-03 9.978379608557123026e-01 0.000000000000000000e+00 1.137915339098771066e-04 0.000000000000000000e+00
6.500000000000000000e+02 2.599958055714890470e-02 4.779244424214838804e-03 9.952207555757851543e-01 0.000000000000000000e+00 0.000000000000000000e+00 0.000000000000000000e+00
6.750000000000000000e+02 2.699956442473139262e-02 3.413746017296313308e-03 9.965862539827037292e-01 0.000000000000000000e+00 0.000000000000000000e+00 0.000000000000000000e+00
7.000000000000000000e+02 2.799954829231410258e-02 1.820664542558033706e-03 9.980655439235320836e-01 0.000000000000000000e+00 1.137915339098771066e-04 0.000000000000000000e+00
7.250000000000000000e+02 2.899953215989681254e-02 4.779244424214838804e-03 9.949931725079653733e-01 0.000000000000000000e+00 2.275830678197542133e-04 0.000000000000000000e+00
7.500000000000000000e+02 2.999951602747952251e-02 5.461993627674101119e-03 9.943104233045061413e-01 0.000000000000000000e+00 2.275830678197542133e-04 0.000000000000000000e+00
7.750000000000000000e+02 3.099949989506201042e-02 4.210286754665453109e-03 9.957897132453344957e-01 0.000000000000000000e+00 0.000000000000000000e+00 0.000000000000000000e+00
8.000000000000000000e+02 3.199948376264472039e-02 3.868912152935821518e-03 9.959035047792443862e-01 0.000000000000000000e+00 2.275830678197542133e-04 0.000000000000000000e+00
8.250000000000000000e+02 3.299946763022743035e-02 7.168866636322257339e-03 9.928311333636777869e-01 0.000000000000000000e+00 0.000000000000000000e+00 0.000000000000000000e+00
8.500000000000000000e+02 3.399945149781014031e-02 5.348202093764223633e-03 9.946517979062358128e-01 0.000000000000000000e+00 0.000000000000000000e+00 0.000000000000000000e+00
8.750000000000000000e+02 3.499943536539262823e-02 7.737824305871643035e-03 9.921483841602184439e-01 0.000000000000000000e+00 1.137915339098771066e-04 0.000000000000000000e+00
9.000000000000000000e+02 3.599941923297533819e-02 5.234410559854347014e-03 9.947655894401457033e-01 0.000000000000000000e+00 0.000000000000000000e+00 0.000000000000000000e+00
9.250000000000000000e+02 3.699940310055804815e-02 5.803368229403732710e-03 9.940828402366863603e-01 0.000000000000000000e+00 1.137915339098771066e-04 0.000000000000000000e+00
9.500000000000000000e+02 3.799938696814053607e-02 5.234410559854347014e-03 9.947655894401457033e-01 0.000000000000000000e+00 0.000000000000000000e+00 0.000000000000000000e+00
9.750000000000000000e+02 3.899937083572324603e-02 4.665452890304961318e-03 9.949931725079653733e-01 0.000000000000000000e+00 3.413746017296313199e-04 0.000000000000000000e+00
1.000000000000000000e+03 3.999935470330595599e-02 4.096495220755575623e-03 9.957897132453344957e-01 0.000000000000000000e+00 1.137915339098771066e-04 0.000000000000000000e+00
1.025000000000000000e+03 4.099933857088866596e-02 9.444697314519799256e-03 9.902139280837505275e-01 0.000000000000000000e+00 3.413746017296313199e-04 0.000000000000000000e+00
1.050000000000000000e+03 4.199932243847115387e-02 5.575785161583977738e-03 9.943104233045061413e-01 0.000000000000000000e+00 1.137915339098771066e-04 0.000000000000000000e+00
1.075000000000000000e+03 4.299930630605386384e-02 1.183431952662721866e-02 9.877105143377332697e-01 0.000000000000000000e+00 4.551661356395084266e-04 0.000000000000000000e+00
1.100000000000000000e+03 4.399929017363657380e-02 7.851615839781519654e-03 9.918070095584888834e-01 0.000000000000000000e+00 3.413746017296313199e-04 0.000000000000000000e+00
1.125000000000000000e+03 4.499927404121906171e-02 1.001365498406918582e-02 9.895311788802912956e-01 0.000000000000000000e+00 4.551661356395084266e-04 0.000000000000000000e+00
1.150000000000000000e+03 4.599925790880177168e-02 1.399635867091488309e-02 9.857760582612653533e-01 0.000000000000000000e+00 2.275830678197542133e-04 0.000000000000000000e+00
1.175000000000000000e+03 4.699924177638448164e-02 1.228948566226672687e-02 9.872553482020938187e-01 0.000000000000000000e+00 4.551661356395084266e-04 0.000000000000000000e+00
1.200000000000000000e+03 4.799922564396719160e-02 7.168866636322257339e-03 9.927173418297678964e-01 0.000000000000000000e+00 1.137915339098771066e-04 0.000000000000000000e+00
1.225000000000000000e+03 4.899920951154967952e-02 9.786071916249430847e-03 9.897587619481110766e-01 0.000000000000000000e+00 4.551661356395084266e-04 0.000000000000000000e+00
1.250000000000000000e+03 4.999919337913238948e-02 1.069640418752844727e-02 9.888484296768320636e-01 0.000000000000000000e+00 4.551661356395084266e-04 0.000000000000000000e+00
1.275000000000000000e+03 5.099917724671509944e-02 1.513427401001365448e-02 9.841829767865271084e-01 0.000000000000000000e+00 6.827492034592626399e-04 0.000000000000000000e+00
1.300000000000000000e+03 5.199916111429758736e-02 1.263086026399635846e-02 9.871415566681839282e-01 0.000000000000000000e+00 2.275830678197542133e-04 0.000000000000000000e+00
1.325000000000000000e+03 5.299914498188029732e-02 1.627218934911242587e-02 9.829312699135184239e-01 0.000000000000000000e+00 7.965407373691396923e-04 0.000000000000000000e+00
1.350000000000000000e+03 5.399912884946300728e-02 1.570323167956303931e-02 9.831588529813382049e-01 0.000000000000000000e+00 1.137915339098770958e-03 0.000000000000000000e+00
1.375000000000000000e+03 5.499911271704571725e-02 1.945835229858898507e-02 9.797451069640418231e-01 0.000000000000000000e+00 7.965407373691396923e-04 0.000000000000000000e+00
1.400000000000000000e+03 5.599909658462820516e-02 2.435138825671370050e-02 9.748520710059171979e-01 0.000000000000000000e+00 7.965407373691396923e-04 0.000000000000000000e+00
1.425000000000000000e+03 5.699908045221091513e-02 1.968593536640873831e-02 9.799726900318616041e-01 0.000000000000000000e+00 3.413746017296313199e-04 0.000000000000000000e+00
1.450000000000000000e+03 5.799906431979362509e-02 2.048247610377787811e-02 9.783796085571233592e-01 0.000000000000000000e+00 1.137915339098770958e-03 0.000000000000000000e+00
1.475000000000000000e+03 5.899904818737633505e-02 2.048247610377787811e-02 9.783796085571233592e-01 0.000000000000000000e+00 1.137915339098770958e-03 0.000000000000000000e+00
1.500000000000000000e+03 5.999903205495882297e-02 2.207555757851615771e-02 9.772416932180245652e-01 0.000000000000000000e+00 6.827492034592626399e-04 0.000000000000000000e+00
1.525000000000000000e+03 6.099901592254153293e-02 2.218934911242603433e-02 9.772416932180245652e-01 0.000000000000000000e+00 5.689576695493854790e-04 0.000000000000000000e+00
1.550000000000000000e+03 6.199899979012424289e-02 2.935821574874829254e-02 9.689349112426035582e-01 0.000000000000000000e+00 1.706873008648156654e-03 0.000000000000000000e+00
1.575000000000000000e+03 6.299898365770673081e-02 3.015475648611743234e-02 9.683659535730542167e-01 0.000000000000000000e+00 1.479289940828402332e-03 0.000000000000000000e+00
1.600000000000000000e+03 6.399896752528944077e-02 3.038233955393718558e-02 9.683659535730542167e-01 0.000000000000000000e+00 1.251706873008648227e-03 0.000000000000000000e+00
1.625000000000000000e+03 6.499895139287215073e-02 3.277196176604460498e-02 9.662039144287665193e-01 0.000000000000000000e+00 1.024123805188893906e-03 0.000000000000000000e+00
1.650000000000000000e+03 6.599893526045486070e-02 3.345471096950387163e-02 9.644970414201183839e-01 0.000000000000000000e+00 2.048247610377787811e-03 0.000000000000000000e+00
1.675000000000000000e+03 6.699891912803734861e-02 3.550295857988165771e-02 9.616522530723714546e-01 0.000000000000000000e+00 2.844788347746927612e-03 0.000000000000000000e+00
1.700000000000000000e+03 6.799890299562005858e-02 4.346836595357305572e-02 9.552799271734182529e-01 0.000000000000000000e+00 1.251706873008648227e-03 0.000000000000000000e+00
1.725000000000000000e+03 6.899888686320276854e-02 4.893035958124715423e-02 9.493627674101047242e-01 0.000000000000000000e+00 1.706873008648156654e-03 0.000000000000000000e+00
1.750000000000000000e+03 6.999887073078525646e-02 4.210286754665452935e-02 9.556213017751479244e-01 0.000000000000000000e+00 2.275830678197541916e-03 0.000000000000000000e+00
1.775000000000000000e+03 7.099885459836796642e-02 4.870277651342740100e-02 9.487938097405552718e-01 0.000000000000000000e+00 2.503413746017296455e-03 0.000000000000000000e+00
1.800000000000000000e+03 7.199883846595067638e-02 4.813381884387801790e-02 9.499317250796540657e-01 0.000000000000000000e+00 1.934456076467910759e-03 0.000000000000000000e+00
1.825000000000000000e+03 7.299882233353338634e-02 4.506144742831133532e-02 9.522075557578516536e-01 0.000000000000000000e+00 2.730996813837050560e-03 0.000000000000000000e+00
1.850000000000000000e+03 7.399880620111587426e-02 5.541647701411014926e-02 9.418525261720528396e-01 0.000000000000000000e+00 2.730996813837050560e-03 0.000000000000000000e+00
1.875000000000000000e+03 7.499879006869858422e-02 6.497496586253982687e-02 9.310423304506144637e-01 0.000000000000000000e+00 3.982703686845699004e-03 0.000000000000000000e+00
1.900000000000000000e+03 7.599877393628129418e-02 5.905780609922621494e-02 9.374146563495675544e-01 0.000000000000000000e+00 3.527537551206190360e-03 0.000000000000000000e+00
1.925000000000000000e+03 7.699875780386400415e-02 6.554392353208920996e-02 9.314974965862540257e-01 0.000000000000000000e+00 2.958579881656804664e-03 0.000000000000000000e+00
1.950000000000000000e+03 7.799874167144649206e-02 7.123350022758306865e-02 9.242148384160218111e-01 0.000000000000000000e+00 4.551661356395083832e-03 0.000000000000000000e+00
1.975000000000000000e+03 7.899872553902920203e-02 8.249886208466089554e-02 9.103322712790168358e-01 0.000000000000000000e+00 7.168866636322257339e-03 0.000000000000000000e+00
2.000000000000000000e+03 7.999870940661191199e-02 7.954028220300408958e-02 9.145425580336823401e-01 0.000000000000000000e+00 5.917159763313609329e-03 0.000000000000000000e+00
2.025000000000000000e+03 8.099869327419439990e-02 9.831588529813381494e-02 8.949704142011833952e-01 0.000000000000000000e+00 6.713700500682749130e-03 0.000000000000000000e+00
2.050000000000000000e+03 8.199867714177710987e-02 9.512972234865725574e-02 8.970186618115612021e-01 0.000000000000000000e+00 7.851615839781519654e-03 0.000000000000000000e+00
2.075000000000000000e+03 8.299866100935981983e-02 1.087847064178425194e-01 8.831360946745562268e-01 0.000000000000000000e+00 8.079198907601274626e-03 0.000000000000000000e+00
2.100000000000000000e+03 8.399864487694252979e-02 1.214155666818388657e-01 8.683431952662722386e-01 0.000000000000000000e+00 1.024123805188893906e-02 0.000000000000000000e+00
2.125000000000000000e+03 8.499862874452501771e-02 1.129949931725079681e-01 8.756258534365043422e-01 0.000000000000000000e+00 1.137915339098771045e-02 0.000000000000000000e+00
2.150000000000000000e+03 8.599861261210772767e-02 1.132225762403277214e-01 8.742603550295857673e-01 0.000000000000000000e+00 1.251706873008648184e-02 0.000000000000000000e+00
2.175000000000000000e+03 8.699859647969043763e-02 1.309740555302685572e-01 8.562812926718251783e-01 0.000000000000000000e+00 1.274465179790623508e-02 0.000000000000000000e+00
2.200000000000000000e+03 8.799858034727292555e-02 1.348429676832043622e-01 8.493400091033227461e-01 0.000000000000000000e+00 1.581702321347291593e-02 0.000000000000000000e+00
2.225000000000000000e+03 8.899856421485563551e-02 1.440600819299044100e-01 8.370505234410560158e-01 0.000000000000000000e+00 1.888939462903959851e-02 0.000000000000000000e+00
2.250000000000000000e+03 8.999854808243834547e-02 1.597633136094674666e-01 8.198680018206645492e-01 0.000000000000000000e+00 2.036868456986800149e-02 0.000000000000000000e+00
2.275000000000000000e+03 9.099853195002105544e-02 1.890077378243058825e-01 7.804961310878471004e-01 0.000000000000000000e+00 3.049613108784706567e-02 0.000000000000000000e+00
2.300000000000000000e+03 9.199851581760354335e-02 1.960628129267182607e-01 7.671825216203914666e-01 0.000000000000000000e+00 3.675466545289030745e-02 0.000000000000000000e+00
2.325000000000000000e+03 9.299849968518625332e-02 1.986800182066454368e-01 7.569412835685025431e-01 0.000000000000000000e+00 4.437869822485206867e-02 0.000000000000000000e+00
2.350000000000000000e+03 9.399848355276896328e-02 2.348657259899863403e-01 7.144970414201183839e-01 0.000000000000000000e+00 5.063723258989531045e-02 0.000000000000000000e+00
2.375000000000000000e+03 9.499846742035145120e-02 2.515930814747383004e-01 6.852526172052799680e-01 2.275830678197542133e-04 6.292671825216203385e-02 0.000000000000000000e+00
2.400000000000000000e+03 9.599845128793416116e-02 2.779927173418297870e-01 6.388256713700500855e-01 3.413746017296313199e-04 8.284023668639053928e-02 0.000000000000000000e+00
2.425000000000000000e+03 9.699843515551687112e-02 2.961993627674101015e-01 6.124260355029585989e-01 4.551661356395084266e-04 9.091943559399180697e-02 0.000000000000000000e+00
2.450000000000000000e+03 9.799841902309958108e-02 3.006372325898953313e-01 5.959262630860263643e-01 6.827492034592626399e-04 1.027537551206190308e-01 0.000000000000000000e+00
2.475000000000000000e+03 9.899840289068206900e-02 3.113336367774237612e-01 5.634956759217114586e-01 1.251706873008648227e-03 1.239189804278561652e-01 0.000000000000000000e+00
2.500000000000000000e+03 9.999838675826477896e-02 3.504779244424214846e-01 5.092171142467000200e-01 2.389622212107419402e-03 1.379153390987710448e-01 0.000000000000000000e+00
2.525000000000000000e+03 1.009983706258474889e-01 3.588984979517523821e-01 4.776968593536640717e-01 4.665452890304961318e-03 1.587391898042785632e-01 0.000000000000000000e+00
2.550000000000000000e+03 1.019983544934301989e-01 3.647018661811561313e-01 4.528903049613108855e-01 8.875739644970414427e-03 1.735320892125625791e-01 0.000000000000000000e+00
2.575000000000000000e+03 1.029983383610126868e-01 3.703914428766499900e-01 4.255803368229403860e-01 1.160673645880746542e-02 1.924214838416021811e-01 0.000000000000000000e+00
2.600000000000000000e+03 1.039983222285953968e-01 3.793809740555302845e-01 4.066909421939007840e-01 1.217569412835685025e-02 2.017523896222121194e-01 0.000000000000000000e+00
2.625000000000000000e+03 1.049983060961781067e-01 3.797223486572599005e-01 3.876877560309512916e-01 1.376877560309512985e-02 2.188211197086936677e-01 0.000000000000000000e+00
2.650000000000000000e+03 1.059982899637605946e-01 3.859808830223031562e-01 3.673190714610832797e-01 1.797906235776058209e-02 2.287209831588529751e-01 0.000000000000000000e+00
2.675000000000000000e+03 1.069982738313433046e-01 3.932635411925352598e-01 3.455848884842967483e-01 1.729631315430131891e-02 2.438552571688666348e-01 0.000000000000000000e+00
2.700000000000000000e+03 1.079982576989260146e-01 3.990669094219390090e-01 3.186162949476559203e-01 2.162039144287665124e-02 2.606964041875284299e-01 0.000000000000000000e+00
2.725000000000000000e+03 1.089982415665087245e-01 3.979289940828402150e-01 3.121301775147928836e-01 2.173418297678652786e-02 2.682066454255803145e-01 0.000000000000000000e+00
2.750000000000000000e+03 1.099982254340912124e-01 3.933773327264451503e-01 2.916477014110150368e-01 2.196176604460628110e-02 2.930131998179335562e-01 0.000000000000000000e+00
2.775000000000000000e+03 1.109982093016739224e-01 4.061219845243513871e-01 2.683204369594902050e-01 2.901684114701866268e-02 2.965407373691397175e-01 0.000000000000000000e+00
2.800000000000000000e+03 1.119981931692566324e-01 3.982703686845698865e-01 2.472690031861629611e-01 3.550295857988165771e-02 3.189576695493855363e-01 0.000000000000000000e+00
2.825000000000000000e+03 1.129981770368391203e-01 4.074874829312699065e-01 2.192762858443331742e-01 3.800637232589895026e-02 3.352298588984979344e-01 0.000000000000000000e+00
2.850000000000000000e+03 1.139981609044218303e-01 3.871187983614018946e-01 2.170004551661356418e-01 4.039599453800637313e-02 3.554847519344560558e-01 0.000000000000000000e+00
2.875000000000000000e+03 1.149981447720045402e-01 4.099908966772872199e-01 1.920801092398725651e-01 4.255803368229403583e-02 3.553709604005462208e-01 0.000000000000000000e+00
2.900000000000000000e+03 1.159981286395872502e-01 4.040737369139735802e-01 1.807009558488848477e-01 4.699590350477924477e-02 3.682294037323622926e-01 0.000000000000000000e+00
2.925000000000000000e+03 1.169981125071697381e-01 3.964497041420118606e-01 1.653390987710514348e-01 4.858898497951752438e-02 3.896222121074192080e-01 0.000000000000000000e+00
2.950000000000000000e+03 1.179980963747524481e-01 3.850705507510241432e-01 1.463359126081019701e-01 5.177514792899408358e-02 4.168183887118798170e-01 0.000000000000000000e+00
2.975000000000000000e+03 1.189980802423351580e-01 4.083978152025489194e-01 1.236913973600364119e-01 6.053709604005461792e-02 4.073736913973600160e-01 0.000000000000000000e+00
3.000000000000000000e+03 1.199980641099178680e-01 3.970186618115612021e-01 1.182294037323623065e-01 6.520254893035958010e-02 4.195493855257169113e-01 0.000000000000000000e+00
3.025000000000000000e+03 1.209980479775003559e-01 4.061219845243513871e-01 9.968138370505234824e-02 6.770596267637687959e-02 4.264906690942193990e-01 0.000000000000000000e+00
3.050000000000000000e+03 1.219980318450830659e-01 3.890532544378698110e-01 9.080564406008193035e-02 7.646791078743742087e-02 4.436731907146108100e-01 0.000000000000000000e+00
3.075000000000000000e+03 1.229980157126657758e-01 4.021392808375056638e-01 9.217114246700044977e-02 7.942649066909421296e-02 4.262630860263996180e-01 0.000000000000000000e+00
3.100000000000000000e+03 1.239979995802482637e-01 3.966772872098315861e-01 8.830223031406463086e-02 8.124715521165225274e-02 4.337733272644515026e-01 0.000000000000000000e+00
3.125000000000000000e+03 1.249979834478309737e-01 4.220527992717341692e-01 8.113336367774237612e-02 8.841602184797450747e-02 4.083978152025489194e-01 0.000000000000000000e+00
3.150000000000000000e+03 1.259979673154136837e-01 4.254665452890304955e-01 8.238507055075101893e-02 9.456076467910787264e-02 3.975876194811105990e-01 0.000000000000000000e+00
3.175000000000000000e+03 1.269979511829963936e-01 4.359353664087392000e-01 8.511606736458807165e-02 1.034365043240782905e-01 3.755120619025944517e-01 0.000000000000000000e+00
3.200000000000000000e+03 1.279979350505788815e-01 4.368456986800182129e-01 8.807464724624487762e-02 1.078743741465634925e-01 3.672052799271734447e-01 0.000000000000000000e+00
3.225000000000000000e+03 1.289979189181615915e-01 4.418525261720527841e-01 8.295402822030041590e-02 1.152708238507055144e-01 3.599226217569412856e-01 0.000000000000000000e+00
3.250000000000000000e+03 1.299979027857443015e-01 4.445835229858898230e-01 7.487482931269913433e-02 1.206190259444697294e-01 3.599226217569412856e-01 0.000000000000000000e+00
3.275000000000000000e+03 1.309978866533267894e-01 4.456076467910787264e-01 7.703686845698680397e-02 1.231224396904870289e-01 3.542330450614474269e-01 0.000000000000000000e+00
3.300000000000000000e+03 1.319978705209094993e-01 4.605143377332726606e-01 7.419208010923987462e-02 1.264223941738734647e-01 3.388711879836140417e-01 0.000000000000000000e+00
3.325000000000000000e+03 1.329978543884922093e-01 4.646108329540282189e-01 7.510241238051888757e-02 1.343878015475648557e-01 3.258989531178880239e-01 0.000000000000000000e+00
3.350000000000000000e+03 1.339978382560749193e-01 4.538006372325898985e-01 7.453345471096950448e-02 1.412152935821574806e-01 3.304506144742830887e-01 0.000000000000000000e+00
3.375000000000000000e+03 1.349978221236574072e-01 4.606281292671824956e-01 6.725079654073737312e-02 1.397360036413290985e-01 3.323850705507510050e-01 0.000000000000000000e+00
3.400000000000000000e+03 1.359978059912401172e-01 4.583522985889849632e-01 6.577150659990896320e-02 1.466772872098315861e-01 3.291989076012744597e-01 0.000000000000000000e+00
3.425000000000000000e+03 1.369977898588228271e-01 4.533454710969503920e-01 6.463359126081019701e-02 1.568047337278106468e-01 3.252162039144287919e-01 0.000000000000000000e+00
3.450000000000000000e+03 1.379977737264053150e-01 4.808830223031406725e-01 6.304050978607191047e-02 1.541875284478834707e-01 3.018889394629039602e-01 0.000000000000000000e+00
3.475000000000000000e+03 1.389977575939880250e-01 4.781520254893035782e-01 5.905780609922621494e-02 1.596495220755575761e-01 3.031406463359125891e-01 0.000000000000000000e+00
3.500000000000000000e+03 1.399977414615707350e-01 4.741693218024579104e-01 6.213017751479289752e-02 1.669321802457897075e-01 2.967683204369594985e-01 0.000000000000000000e+00
3.525000000000000000e+03 1.409977253291534449e-01 4.716659080564405970e-01 6.144742831133363781e-02 1.655666818388711881e-01 3.013199817933545632e-01 0.000000000000000000e+00
3.550000000000000000e+03 1.419977091967359328e-01 4.695038689121529552e-01 6.224396904870277414e-02 1.685252617205279801e-01 2.997269003186163183e-01 0.000000000000000000e+00
3.575000000000000000e+03 1.429976930643186428e-01 4.905553026854801990e-01 5.644060081929904577e-02 1.730769230769230727e-01 2.799271734182977034e-01 0.000000000000000000e+00
3.600000000000000000e+03 1.439976769319013528e-01 4.825898953117888079e-01 5.735093309057805872e-02 1.766044606281292617e-01 2.834547109695038647e-01 0.000000000000000000e+00
3.625000000000000000e+03 1.449976607994840627e-01 4.984069185252616996e-01 5.530268548020027264e-02 1.746700045516613453e-01 2.716203914428766408e-01 0.000000000000000000e+00
3.650000000000000000e+03 1.459976446670665506e-01 4.938552571688666348e-01 6.224396904870277414e-02 1.746700045516613453e-01 2.692307692307692180e-01 0.000000000000000000e+00
3.675000000000000000e+03 1.469976285346492606e-01 5.096722803823395820e-01 6.201638598088302090e-02 1.836595357305416398e-01 2.446517979062357850e-01 0.000000000000000000e+00
3.700000000000000000e+03 1.479976124022319706e-01 4.932862994993172379e-01 5.883022303140646170e-02 1.932180245789713313e-01 2.546654528903049552e-01 0.000000000000000000e+00
3.725000000000000000e+03 1.489975962698144585e-01 5.028447883477469293e-01 6.030951297223486468e-02 1.926490669094219343e-01 2.441966317705962786e-01 0.000000000000000000e+00
3.750000000000000000e+03 1.499975801373971684e-01 5.056895766954938587e-01 6.008192990441511144e-02 1.931042330450614408e-01 2.411242603550295960e-01 0.000000000000000000e+00
3.775000000000000000e+03 1.509975640049798784e-01 4.955621301775147702e-01 5.917159763313609155e-02 2.042558033682294050e-01 2.410104688211197055e-01 0.000000000000000000e+00
3.800000000000000000e+03 1.519975478725625884e-01 5.129722348657259623e-01 6.099226217569413133e-02 2.055075102412380617e-01 2.205279927173418308e-01 0.000000000000000000e+00
3.825000000000000000e+03 1.529975317401450763e-01 5.172963131543013571e-01 5.814747382794720199e-02 2.094902139280837572e-01 2.150659990896677254e-01 0.000000000000000000e+00
3.850000000000000000e+03 1.539975156077277862e-01 5.017068730086481354e-01 6.451979972690032039e-02 2.141556668183887124e-01 2.196176604460628179e-01 0.000000000000000000e+00
3.875000000000000000e+03 1.549974994753104962e-01 5.169549385525716856e-01 6.065088757396449454e-02 2.141556668183887124e-01 2.082385070550751005e-01 0.000000000000000000e+00
3.900000000000000000e+03 1.559974833428929841e-01 5.244651797906235702e-01 5.757851615839781195e-02 2.159763313609467383e-01 2.019799726900318726e-01 0.000000000000000000e+00
3.925000000000000000e+03 1.569974672104756941e-01 5.221893491124259823e-01 5.939918070095585173e-02 2.154073736913973691e-01 2.030040964952207483e-01 0.000000000000000000e+00
3.950000000000000000e+03 1.579974510780584041e-01 5.392580791989075584e-01 5.769230769230769551e-02 2.192762858443331742e-01 1.837733272644515303e-01 0.000000000000000000e+00
3.975000000000000000e+03 1.589974349456411140e-01 5.360719162494310686e-01 6.019572143832498806e-02 2.207555757851615841e-01 1.829767865270823801e-01 0.000000000000000000e+00
4.000000000000000000e+03 1.599974188132236019e-01 5.347064178425124936e-01 6.349567592171143082e-02 2.265589440145653055e-01 1.752389622212107423e-01 0.000000000000000000e+00
4.025000000000000000e+03 1.609974026808063119e-01 5.275375512061902805e-01 6.156121984524351443e-02 2.305416477014110288e-01 1.803595812471552040e-01 0.000000000000000000e+00
4.050000000000000000e+03 1.619973865483890219e-01 5.342512517068730427e-01 6.486117432862995025e-02 2.324761037778789174e-01 1.684114701866181174e-01 0.000000000000000000e+00
4.075000000000000000e+03 1.629973704159717318e-01 5.390304961310878884e-01 6.269913518434228061e-02 2.309968138370505353e-01 1.672735548475193512e-01 0.000000000000000000e+00
4.100000000000000000e+03 1.639973542835542197e-01 5.482476103777879084e-01 6.429221665908056715e-02 2.269003186162949492e-01 1.605598543468365891e-01 0.000000000000000000e+00
4.125000000000000000e+03 1.649973381511369297e-01 5.515475648611742887e-01 6.235776058261265076e-02 2.354346836595357373e-01 1.506599908966772816e-01 0.000000000000000000e+00
4.150000000000000000e+03 1.659973220187196397e-01 5.566681838871188059e-01 5.883022303140646170e-02 2.328174783796085612e-01 1.516841147018661851e-01 0.000000000000000000e+00
4.175000000000000000e+03 1.669973058863021276e-01 5.604233045061447482e-01 6.019572143832498806e-02 2.335002275830678209e-01 1.458807464724624359e-01 0.000000000000000000e+00
4.200000000000000000e+03 1.679972897538848375e-01 5.665680473372780579e-01 5.928538916704597511e-02 2.327036868456986707e-01 1.414428766499772339e-01 0.000000000000000000e+00
4.225000000000000000e+03 1.689972736214675475e-01 5.617888029130633232e-01 6.030951297223486468e-02 2.348657259899863403e-01 1.430359581247155343e-01 0.000000000000000000e+00
4.250000000000000000e+03 1.699972574890502575e-01 5.723714155666818071e-01 5.985434683659535821e-02 2.393035958124715423e-01 1.284706417842512438e-01 0.000000000000000000e+00
4.275000000000000000e+03 1.709972413566327454e-01 5.694128356850249872e-01 6.235776058261265076e-02 2.386208466090122826e-01 1.296085571233500100e-01 0.000000000000000000e+00
4.300000000000000000e+03 1.719972252242154553e-01 5.680473372781065233e-01 6.247155211652252738e-02 2.427173418297678686e-01 1.267637687756031084e-01 0.000000000000000000e+00
4.325000000000000000e+03 1.729972090917981653e-01 5.730541647701411501e-01 6.030951297223486468e-02 2.492034592626308498e-01 1.174328629949931702e-01 0.000000000000000000e+00
4.350000000000000000e+03 1.739971929593806532e-01 5.649749658625398130e-01 6.383705052344106068e-02 2.471552116522530707e-01 1.240327719617660418e-01 0.000000000000000000e+00
4.375000000000000000e+03 1.749971768269633632e-01 5.713472917614929036e-01 6.383705052344106068e-02 2.478379608557123304e-01 1.169776968593536637e-01 0.000000000000000000e+00
4.400000000000000000e+03 1.759971606945460731e-01 5.699817933545744397e-01 6.645425580336822291e-02 2.453345471096950448e-01 1.182294037323623065e-01 0.000000000000000000e+00
4.425000000000000000e+03 1.769971445621287831e-01 5.845471096950386469e-01 6.292671825216203385e-02 2.500000000000000000e-01 1.025261720527992776e-01 0.000000000000000000e+00
4.450000000000000000e+03 1.779971284297112710e-01 5.848884842967683184e-01 6.565771506599908658e-02 2.501137915339098905e-01 9.934000910332271839e-02 0.000000000000000000e+00
4.475000000000000000e+03 1.789971122972939810e-01 5.939918070095584479e-01 6.508875739644970349e-02 2.437414656349567721e-01 9.717796995903504875e-02 0.000000000000000000e+00
4.500000000000000000e+03 1.799970961648766909e-01 5.941055985434683384e-01 6.941283568502502888e-02 2.464724624487938109e-01 9.000910332271279402e-02 0.000000000000000000e+00
4.525000000000000000e+03 1.809970800324591789e-01 5.928538916704597650e-01 6.645425580336822291e-02 2.486345015930814806e-01 9.205735093309057315e-02 0.000000000000000000e+00
4.550000000000000000e+03 1.819970639000418888e-01 5.918297678652708615e-01 6.599908966772871644e-02 2.507965407373691225e-01 9.137460172963131344e-02 0.000000000000000000e+00
4.575000000000000000e+03 1.829970477676245988e-01 5.926263086026399840e-01 6.565771506599908658e-02 2.498862084660901095e-01 9.182976786527081992e-02 0.000000000000000000e+00
4.600000000000000000e+03 1.839970316352073088e-01 5.917159763313609711e-01 6.235776058261265076e-02 2.532999544833864358e-01 9.262630860263997012e-02 0.000000000000000000e+00
4.625000000000000000e+03 1.849970155027897967e-01 5.982020937642239522e-01 6.156121984524351443e-02 2.469276285844333174e-01 9.330905780609922984e-02 0.000000000000000000e+00
4.650000000000000000e+03 1.859969993703725066e-01 6.017296313154301135e-01 6.292671825216203385e-02 2.498862084660901095e-01 8.545744196631770151e-02 0.000000000000000000e+00
4.675000000000000000e+03 1.869969832379552166e-01 6.019572143832498945e-01 6.451979972690032039e-02 2.527309968138370389e-01 8.079198907601274626e-02 0.000000000000000000e+00
4.700000000000000000e+03 1.879969671055379266e-01 5.952435138825671324e-01 6.713700500682749650e-02 2.575102412380518846e-01 8.010923987255348655e-02 0.000000000000000000e+00
4.725000000000000000e+03 1.889969509731204145e-01 6.005917159763313196e-01 6.531634046426945672e-02 2.526172052799271484e-01 8.147473827947200598e-02 0.000000000000000000e+00
4.750000000000000000e+03 1.899969348407031244e-01 6.103777878925807920e-01 6.326809285389166371e-02 2.486345015930814806e-01 7.771961766044606368e-02 0.000000000000000000e+00
4.775000000000000000e+03 1.909969187082858344e-01 6.102639963586709015e-01 6.451979972690032039e-02 2.469276285844333174e-01 7.828857532999544677e-02 0.000000000000000000e+00
4.800000000000000000e+03 1.919969025758683223e-01 6.070778334091943007e-01 6.634046426945834629e-02 2.492034592626308498e-01 7.737824305871643382e-02 0.000000000000000000e+00
4.825000000000000000e+03 1.929968864434510323e-01 6.151570323167956378e-01 6.508875739644970349e-02 2.467000455166135642e-01 7.305416477014110843e-02 0.000000000000000000e+00
4.850000000000000000e+03 1.939968703110337422e-01 6.329085116067364458e-01 6.338188438780155420e-02 2.340691852526172179e-01 6.964041875284478211e-02 0.000000000000000000e+00
4.875000000000000000e+03 1.949968541786164522e-01 6.364360491579426071e-01 6.440600819299044377e-02 2.287209831588529751e-01 7.043695949021393232e-02 0.000000000000000000e+00
4.900000000000000000e+03 1.959968380461989401e-01 6.244879380974055483e-01 6.781975421028675621e-02 2.348657259899863403e-01 7.282658170232134132e-02 0.000000000000000000e+00
4.925000000000000000e+03 1.969968219137816501e-01 6.279016841147018191e-01 6.964041875284478211e-02 2.286071916249431124e-01 7.385070550751024476e-02 0.000000000000000000e+00
4.950000000000000000e+03 1.979968057813643600e-01 6.297223486572598450e-01 6.827492034592626269e-02 2.306554392353208915e-01 7.134729176149294527e-02 0.000000000000000000e+00
4.975000000000000000e+03 1.989967896489468480e-01 6.358670914883932657e-01 6.873008648156576916e-02 2.306554392353208915e-01 6.474738279472007363e-02 0.000000000000000000e+00
5.000000000000000000e+03 1.999967735165295579e-01 6.264223941738734647e-01 7.328174783796086167e-02 2.281520254893036059e-01 7.214383249886208160e-02 0.000000000000000000e+00
5.025000000000000000e+03 2.009967573841122679e-01 6.370050068274920596e-01 7.146108329540282189e-02 2.286071916249431124e-01 6.292671825216203385e-02 0.000000000000000000e+00
5.050000000000000000e+03 2.019967412516949778e-01 6.293809740555302845e-01 7.305416477014110843e-02 2.313381884387801513e-01 6.622667273554846967e-02 0.000000000000000000e+00
5.075000000000000000e+03 2.029967251192774658e-01 6.363222576240327166e-01 7.203004096495220498e-02 2.287209831588529751e-01 6.292671825216203385e-02 0.000000000000000000e+00
5.100000000000000000e+03 2.039967089868601757e-01 6.372325898953118406e-01 7.146108329540282189e-02 2.261037778789257990e-01 6.520254893035958010e-02 0.000000000000000000e+00
5.125000000000000000e+03 2.049966928544428857e-01 6.389394629039599760e-01 7.453345471096950448e-02 2.254210286754665393e-01 6.110605370960400795e-02 0.000000000000000000e+00
5.150000000000000000e+03 2.059966767220255957e-01 6.395084205735093175e-01 7.498862084660901095e-02 2.220072826581702408e-01 6.349567592171143082e-02 0.000000000000000000e+00
5.175000000000000000e+03 2.069966605896080836e-01 6.404187528447883304e-01 7.589895311788802390e-02 2.217796995903504875e-01 6.190259444697314428e-02 0.000000000000000000e+00
5.200000000000000000e+03 2.079966444571907935e-01 6.426945835229859183e-01 7.931269913518433634e-02 2.196176604460628179e-01 5.837505689576695522e-02 0.000000000000000000e+00
5.225000000000000000e+03 2.089966283247735035e-01 6.350705507510241432e-01 7.862994993172507663e-02 2.275830678197542090e-01 5.871643149749658508e-02 0.000000000000000000e+00
5.250000000000000000e+03 2.099966121923559914e-01 6.341602184797451303e-01 7.817478379608557015e-02 2.288347746927628656e-01 5.883022303140646170e-02 0.000000000000000000e+00
5.275000000000000000e+03 2.109965960599387014e-01 6.300637232589895165e-01 8.386436049157942885e-02 2.257624032771961831e-01 6.030951297223486468e-02 0.000000000000000000e+00
5.300000000000000000e+03 2.119965799275214113e-01 6.428083750568958088e-01 8.079198907601274626e-02 2.263313609467455523e-01 5.006827492034592736e-02 0.000000000000000000e+00
5.325000000000000000e+03 2.129965637951041213e-01 6.371187983614019501e-01 8.192990441511151245e-02 2.248520710059171701e-01 5.609922621756941591e-02 0.000000000000000000e+00
5.350000000000000000e+03 2.139965476626866092e-01 6.366636322257623881e-01 8.727810650887574129e-02 2.256486117432862926e-01 5.040964952207555722e-02 0.000000000000000000e+00
5.375000000000000000e+03 2.149965315302693192e-01 6.345015930814746907e-01 8.875739644970413733e-02 2.270141101502048120e-01 4.972690031861629750e-02 0.000000000000000000e+00
5.400000000000000000e+03 2.159965153978520291e-01 6.370050068274920596e-01 9.069185252617205373e-02 2.233727810650887602e-01 4.893035958124715423e-02 0.000000000000000000e+00
5.425000000000000000e+03 2.169964992654345171e-01 6.347291761492944717e-01 9.205735093309057315e-02 2.243969048702776636e-01 4.881656804733727761e-02 0.000000000000000000e+00
5.450000000000000000e+03 2.179964831330172270e-01 6.404187528447883304e-01 9.091943559399180697e-02 2.173418297678652578e-01 5.131998179335457710e-02 0.000000000000000000e+00
5.475000000000000000e+03 2.189964670005999370e-01 6.355257168866635942e-01 9.569868001820663883e-02 2.180245789713245452e-01 5.075102412380518707e-02 0.000000000000000000e+00
5.500000000000000000e+03 2.199964508681826469e-01 6.359808830223031562e-01 9.774692762858443185e-02 2.148384160218479721e-01 5.143377332726445372e-02 0.000000000000000000e+00
5.525000000000000000e+03 2.209964347357651349e-01 6.352981338188439242e-01 1.010468821119708677e-01 2.162039144287664916e-01 4.745106964041875125e-02 0.000000000000000000e+00
5.550000000000000000e+03 2.219964186033478448e-01 6.351843422849340337e-01 1.009330905780609910e-01 2.188211197086936677e-01 4.506144742831133532e-02 0.000000000000000000e+00
5.575000000000000000e+03 2.229964024709305548e-01 6.332498862084661173e-01 1.034365043240782905e-01 2.204142011834319403e-01 4.289940828402366568e-02 0.000000000000000000e+00
5.600000000000000000e+03 2.239963863385130427e-01 6.363222576240327166e-01 1.025261720527992776e-01 2.182521620391442985e-01 4.289940828402366568e-02 0.000000000000000000e+00
5.625000000000000000e+03 2.249963702060957527e-01 6.395084205735093175e-01 1.062812926718252199e-01 2.143832498862084657e-01 3.982703686845699004e-02 0.000000000000000000e+00
5.650000000000000000e+03 2.259963540736784626e-01 6.362084660901229372e-01 1.086709148839326289e-01 2.149522075557578626e-01 4.016841147018661989e-02 0.000000000000000000e+00
5.675000000000000000e+03 2.269963379412611726e-01 6.351843422849340337e-01 1.066226672735548497e-01 2.135867091488393155e-01 4.460628129267182190e-02 0.000000000000000000e+00
