# itime ezz other fcc hcp bcc ico
0.000000000000000000e+00 0.000000000000000000e+00 6.827492034592626399e-04 9.993172507965407680e-01 0.000000000000000000e+00 0.000000000000000000e+00 0.000000000000000000e+00
2.500000000000000000e+02 1.000003473358868078e-02 1.024123805188893906e-03 9.989758761948110966e-01 0.000000000000000000e+00 0.000000000000000000e+00 0.000000000000000000e+00
5.000000000000000000e+02 2.000006946717758360e-02 2.730996813837050560e-03 9.972690031861629611e-01 0.000000000000000000e+00 0.000000000000000000e+00 0.000000000000000000e+00
7.500000000000000000e+02 3.000010420076626438e-02 3.868912152935821518e-03 9.961310878470641672e-01 0.000000000000000000e+00 0.000000000000000000e+00 0.000000000000000000e+00
1.000000000000000000e+03 4.000013893435516721e-02 8.875739644970414427e-03 9.907828857532999800e-01 0.000000000000000000e+00 3.413746017296313199e-04 0.000000000000000000e+00
1.250000000000000000e+03 5.000017366794384799e-02 9.330905780609922637e-03 9.898725534820209671e-01 0.000000000000000000e+00 7.965407373691396923e-04 0.000000000000000000e+00
1.500000000000000000e+03 6.000020840153252877e-02 2.503413746017296368e-02 9.739417387346381849e-01 0.000000000000000000e+00 1.024123805188893906e-03 0.000000000000000000e+00
1.750000000000000000e+03 7.000024313512143159e-02 4.779244424214838111e-02 9.484524351388257113e-01 0.000000000000000000e+00 3.755120619025944465e-03 0.000000000000000000e+00
2.000000000000000000e+03 8.000027786871011237e-02 1.025261720527992776e-01 8.856395084205734847e-01 0.000000000000000000e+00 1.183431952662721866e-02 0.000000000000000000e+00
2.250000000000000000e+03 9.000031260229879315e-02 2.248520710059171701e-01 7.109695038689121116e-01 2.275830678197542133e-04 6.395084205735093730e-02 0.000000000000000000e+00
2.500000000000000000e+03 1.000003473358876960e-01 3.701638598088302090e-01 4.167045971779699820e-01 1.183431952662721866e-02 2.012972234865725851e-01 0.000000000000000000e+00
2.750000000000000000e+03 1.100003820694763768e-01 4.411697769685935522e-01 2.693445607646791085e-01 2.810650887573964626e-02 2.613791533909877174e-01 0.000000000000000000e+00
3.000000000000000000e+03 1.200004168030652796e-01 4.803140646335912756e-01 2.010696404187528319e-01 4.836140191169777114e-02 2.702548930359581214e-01 0.000000000000000000e+00
3.250000000000000000e+03 1.300004515366539604e-01 5.170687300864815761e-01 1.656804733727810786e-01 6.144742831133363781e-02 2.558033682294037492e-01 0.000000000000000000e+00
3.500000000000000000e+03 1.400004862702426411e-01 5.579198907601274904e-01 1.358670914883932657e-01 7.407828857532999800e-02 2.321347291761493015e-01 0.000000000000000000e+00
3.750000000000000000e+03 1.500005210038315440e-01 5.860263996358671124e-01 1.153846153846153910e-01 7.316795630405098505e-02 2.254210286754665393e-01 0.000000000000000000e+00
4.000000000000000000e+03 1.600005557374202247e-01 6.197086936731907025e-01 1.078743741465634925e-01 9.069185252617205373e-02 1.817250796540737234e-01 0.000000000000000000e+00
4.250000000000000000e+03 1.700005904710089055e-01 6.619253527537550807e-01 9.330905780609922984e-02 1.002503413746017313e-01 1.445152480655439164e-01 0.000000000000000000e+00
4.500000000000000000e+03 1.800006252045978083e-01 6.827492034592625991e-01 9.740555302685480199e-02 1.073054164770141095e-01 1.125398270368684617e-01 0.000000000000000000e+00
4.750000000000000000e+03 1.900006599381864891e-01 7.117660446062813451e-01 9.672280382339554228e-02 1.068502503413746030e-01 8.443331816112881194e-02 2.275830678197542133e-04
5.000000000000000000e+03 2.000006946717753920e-01 7.099453800637232082e-01 9.797451069640418508e-02 1.094674556213017791e-01 8.261265361857077216e-02 0.000000000000000000e+00
5.250000000000000000e+03 2.100007294053640727e-01 7.342967683204369989e-01 9.387801547564861293e-02 1.055985434683659602e-01 6.599908966772871644e-02 2.275830678197542133e-04
5.500000000000000000e+03 2.200007641389527535e-01 7.584205735093308975e-01 8.682294037323623481e-02 9.512972234865725574e-02 5.962676376877560497e-02 0.000000000000000000e+00
5.750000000000000000e+03 2.300007988725416563e-01 7.748065543923532417e-01 7.715065999089668058e-02 9.512972234865725574e-02 5.279927173418298009e-02 1.137915339098771066e-04
6.000000000000000000e+03 2.400008336061303371e-01 7.889167045971779979e-01 7.339553937187073829e-02 9.080564406008193035e-02 4.688211197086936816e-02 0.000000000000000000e+00
6.250000000000000000e+03 2.500008683397192399e-01 8.049613108784706705e-01 6.497496586253982687e-02 8.363677742375967561e-02 4.631315430131998506e-02 1.137915339098771066e-04
6.500000000000000000e+03 2.600009030733079207e-01 8.138370505234410190e-01 6.360946745562130744e-02 8.124715521165225274e-02 4.130632680928538608e-02 0.000000000000000000e+00
6.750000000000000000e+03 2.700009378068966015e-01 8.089440145653163938e-01 6.725079654073737312e-02 8.318161128812016913e-02 4.039599453800637313e-02 2.275830678197542133e-04
7.000000000000000000e+03 2.800009725404855043e-01 8.179335457441966328e-01 6.304050978607191047e-02 8.340919435593992237e-02 3.538916704597178109e-02 2.275830678197542133e-04
7.250000000000000000e+03 2.900010072740741851e-01 8.288575329995447882e-01 5.996813837050523482e-02 7.885753299954482987e-02 3.220300409649522189e-02 1.137915339098771066e-04
7.500000000000000000e+03 3.000010420076628659e-01 8.386436049157942607e-01 5.632680928538916915e-02 7.783340919435594030e-02 2.696859353664087314e-02 2.275830678197542133e-04
7.750000000000000000e+03 3.100010767412517687e-01 8.478607191624942807e-01 5.097860719162494031e-02 7.555757851615839404e-02 2.526172052799271692e-02 3.413746017296313199e-04
8.000000000000000000e+03 3.200011114748404495e-01 8.510468821119708815e-01 5.131998179335457710e-02 7.089212562585343880e-02 2.617205279927173334e-02 5.689576695493854790e-04
8.250000000000000000e+03 3.300011462084293523e-01 8.609467455621301335e-01 4.642694583522986168e-02 6.679563040509786664e-02 2.526172052799271692e-02 5.689576695493854790e-04
8.500000000000000000e+03 3.400011809420180331e-01 8.575329995448338627e-01 4.870277651342740100e-02 6.554392353208920996e-02 2.765134274010013632e-02 5.689576695493854790e-04
8.750000000000000000e+03 3.500012156756067139e-01 8.761948111060536837e-01 4.233045061447428259e-02 6.008192990441511144e-02 2.082385070550751144e-02 5.689576695493854790e-04
9.000000000000000000e+03 3.600012504091956167e-01 8.801775147928994070e-01 4.176149294492489950e-02 5.564406008192990249e-02 2.173418297678652786e-02 6.827492034592626399e-04
9.250000000000000000e+03 3.700012851427842975e-01 8.914428766499772339e-01 3.982703686845699004e-02 5.405097860719162289e-02 1.422394173873463806e-02 4.551661356395084266e-04
9.500000000000000000e+03 3.800013198763732003e-01 8.949704142011833952e-01 3.743741465634956717e-02 5.393718707328174627e-02 1.365498406918525323e-02 0.000000000000000000e+00
9.750000000000000000e+03 3.900013546099618811e-01 8.994082840236686804e-01 3.436504324078288458e-02 4.893035958124715423e-02 1.649977241693217911e-02 7.965407373691396923e-04
1.000000000000000000e+04 4.000013893435505619e-01 9.077150659990896875e-01 3.095129722348657214e-02 4.619936276741010150e-02 1.445152480655439303e-02 6.827492034592626399e-04
1.025000000000000000e+04 4.100014240771394647e-01 9.081702321347291385e-01 3.231679563040509851e-02 4.380974055530268557e-02 1.479289940828402289e-02 9.103322712790168532e-04
1.050000000000000000e+04 4.200014588107281455e-01 9.159080564406008040e-01 3.038233955393718558e-02 4.005461993627674328e-02 1.297223486572599005e-02 6.827492034592626399e-04
1.075000000000000000e+04 4.300014935443168262e-01 9.187528447883477334e-01 2.958579881656804578e-02 3.914428766499772339e-02 1.194811106053709528e-02 5.689576695493854790e-04
1.100000000000000000e+04 4.400015282779057291e-01 9.231907146108329076e-01 3.083750568957669552e-02 3.686845698680018407e-02 8.761948111060537808e-03 3.413746017296313199e-04
1.125000000000000000e+04 4.500015630114944098e-01 9.256941283568502765e-01 3.015475648611743234e-02 3.299954483386435822e-02 1.024123805188893906e-02 9.103322712790168532e-04
1.150000000000000000e+04 4.600015977450833127e-01 9.382111970869366768e-01 2.742375967228038308e-02 2.674101046882111990e-02 7.055075102412380721e-03 5.689576695493854790e-04
1.175000000000000000e+04 4.700016324786719935e-01 9.379836140191170069e-01 2.617205279927173334e-02 2.867546654528902936e-02 6.486117432862995025e-03 6.827492034592626399e-04
1.200000000000000000e+04 4.800016672122606742e-01 9.437869822485207560e-01 2.344105598543468408e-02 2.469276285844333035e-02 6.486117432862995025e-03 1.593081474738279385e-03
1.225000000000000000e+04 4.900017019458495771e-01 9.450386891215293295e-01 2.162039144287665124e-02 2.651342740100136666e-02 5.917159763313609329e-03 9.103322712790168532e-04
1.250000000000000000e+04 5.000017366794382578e-01 9.550523441055985829e-01 1.786527082385070547e-02 2.093764223941738806e-02 4.779244424214838804e-03 1.365498406918525280e-03
1.275000000000000000e+04 5.100017714130269386e-01 9.524351388256713236e-01 1.843422849340009204e-02 2.344105598543468408e-02 5.006827492034592909e-03 6.827492034592626399e-04
1.300000000000000000e+04 5.200018061466158414e-01 9.552799271734182529e-01 1.752389622212107562e-02 2.036868456986800149e-02 5.234410559854347014e-03 1.593081474738279385e-03
1.325000000000000000e+04 5.300018408802045222e-01 9.598315885298134287e-01 1.376877560309512985e-02 2.002730996813837164e-02 4.437869822485207214e-03 1.934456076467910759e-03
1.350000000000000000e+04 5.400018756137934250e-01 9.614246700045516736e-01 1.479289940828402289e-02 1.866181156121984527e-02 3.186162949476558769e-03 1.934456076467910759e-03
1.375000000000000000e+04 5.500019103473821058e-01 9.691624943104233392e-01 1.115157032316795548e-02 1.547564861174328607e-02 2.617205279927173507e-03 1.593081474738279385e-03
1.400000000000000000e+04 5.600019450809707866e-01 9.696176604460627901e-01 1.137915339098771045e-02 1.490669094219390124e-02 1.934456076467910759e-03 2.162039144287664864e-03
1.425000000000000000e+04 5.700019798145596894e-01 9.721210741920801590e-01 1.058261265361857065e-02 1.354119253527537488e-02 2.730996813837050560e-03 1.024123805188893906e-03
1.450000000000000000e+04 5.800020145481483702e-01 9.707555757851615841e-01 9.444697314519799256e-03 1.581702321347291593e-02 2.503413746017296455e-03 1.479289940828402332e-03
1.475000000000000000e+04 5.900020492817372730e-01 9.748520710059171979e-01 8.306781975421027864e-03 1.308602639963586667e-02 2.503413746017296455e-03 1.251706873008648227e-03
1.500000000000000000e+04 6.000020840153259538e-01 9.718934911242603780e-01 8.648156577150659455e-03 1.376877560309512985e-02 4.551661356395083832e-03 1.137915339098770958e-03
1.525000000000000000e+04 6.100021187489146346e-01 9.747382794720073074e-01 7.168866636322257339e-03 1.365498406918525323e-02 2.275830678197541916e-03 2.162039144287664864e-03
1.550000000000000000e+04 6.200021534825035374e-01 9.759899863450158808e-01 7.396449704142011444e-03 1.297223486572599005e-02 2.503413746017296455e-03 1.137915339098770958e-03
1.575000000000000000e+04 6.300021882160922182e-01 9.774692762858443462e-01 7.055075102412380721e-03 1.228948566226672687e-02 1.820664542558033706e-03 1.365498406918525280e-03
1.600000000000000000e+04 6.400022229496808990e-01 9.758761948111061013e-01 7.851615839781519654e-03 1.319981793354574502e-02 1.593081474738279385e-03 1.479289940828402332e-03
1.625000000000000000e+04 6.500022576832698018e-01 9.796313154301320436e-01 5.803368229403732710e-03 1.069640418752844727e-02 2.503413746017296455e-03 1.365498406918525280e-03
1.650000000000000000e+04 6.600022924168584826e-01 9.759899863450158808e-01 7.510241238051888930e-03 1.365498406918525323e-02 1.820664542558033706e-03 1.024123805188893906e-03
1.675000000000000000e+04 6.700023271504473854e-01 9.789485662266727006e-01 6.030951297223486815e-03 1.172052799271734204e-02 1.934456076467910759e-03 1.365498406918525280e-03
1.700000000000000000e+04 6.800023618840360662e-01 9.811106053709603980e-01 5.461993627674101119e-03 1.058261265361857065e-02 1.251706873008648227e-03 1.593081474738279385e-03
1.725000000000000000e+04 6.900023966176247470e-01 9.798588984979517136e-01 6.030951297223486815e-03 1.001365498406918582e-02 1.706873008648156654e-03 2.389622212107419402e-03
1.750000000000000000e+04 7.000024313512136498e-01 9.783796085571233592e-01 5.575785161583977738e-03 1.115157032316795548e-02 2.617205279927173507e-03 2.275830678197541916e-03
1.775000000000000000e+04 7.100024660848023306e-01 9.792899408284023721e-01 5.689576695493855224e-03 9.899863450159307465e-03 2.503413746017296455e-03 2.617205279927173507e-03
1.800000000000000000e+04 7.200025008183910114e-01 9.813381884387801790e-01 5.803368229403732710e-03 8.875739644970414427e-03 2.389622212107419402e-03 1.593081474738279385e-03
1.825000000000000000e+04 7.300025355519799142e-01 9.807692307692307265e-01 5.575785161583977738e-03 9.899863450159307465e-03 1.934456076467910759e-03 1.820664542558033706e-03
1.850000000000000000e+04 7.400025702855685950e-01 9.830450614474283144e-01 4.210286754665453109e-03 9.330905780609922637e-03 2.162039144287664864e-03 1.251706873008648227e-03
1.875000000000000000e+04 7.500026050191574978e-01 9.853208921256259023e-01 3.527537551206190360e-03 7.624032771961766417e-03 1.706873008648156654e-03 1.820664542558033706e-03
1.900000000000000000e+04 7.600026397527461786e-01 9.853208921256259023e-01 3.413746017296313308e-03 7.851615839781519654e-03 1.706873008648156654e-03 1.706873008648156654e-03
1.925000000000000000e+04 7.700026744863348593e-01 9.842967683204369989e-01 4.210286754665453109e-03 8.306781975421027864e-03 1.137915339098770958e-03 2.048247610377787811e-03
1.950000000000000000e+04 7.800027092199237622e-01 9.844105598543468894e-01 3.413746017296313308e-03 7.624032771961766417e-03 1.934456076467910759e-03 2.617205279927173507e-03
1.975000000000000000e+04 7.900027439535124429e-01 9.864588074647245852e-01 3.072371415566681717e-03 6.258534365043240920e-03 1.251706873008648227e-03 2.958579881656804664e-03
2.000000000000000000e+04 8.000027786871013458e-01 9.855484751934455723e-01 3.413746017296313308e-03 6.599908966772872511e-03 2.389622212107419402e-03 2.048247610377787811e-03
2.025000000000000000e+04 8.100028134206900265e-01 9.877105143377332697e-01 2.617205279927173507e-03 5.917159763313609329e-03 1.820664542558033706e-03 1.934456076467910759e-03
2.050000000000000000e+04 8.200028481542787073e-01 9.872553482020938187e-01 1.593081474738279385e-03 7.168866636322257339e-03 1.820664542558033706e-03 2.162039144287664864e-03
2.075000000000000000e+04 8.300028828878676102e-01 9.860036413290851343e-01 2.389622212107419402e-03 6.827492034592626616e-03 1.820664542558033706e-03 2.958579881656804664e-03
2.100000000000000000e+04 8.400029176214562909e-01 9.889622212107419541e-01 2.048247610377787811e-03 6.372325898953117539e-03 9.103322712790168532e-04 1.706873008648156654e-03
2.125000000000000000e+04 8.500029523550449717e-01 9.906690942193900895e-01 1.934456076467910759e-03 4.324078288575329727e-03 1.251706873008648227e-03 1.820664542558033706e-03
2.150000000000000000e+04 8.600029870886338745e-01 9.897587619481110766e-01 2.048247610377787811e-03 4.324078288575329727e-03 1.024123805188893906e-03 2.844788347746927612e-03
2.175000000000000000e+04 8.700030218222225553e-01 9.899863450159308575e-01 2.389622212107419402e-03 4.779244424214838804e-03 6.827492034592626399e-04 2.162039144287664864e-03
2.200000000000000000e+04 8.800030565558114581e-01 9.907828857532999800e-01 5.689576695493854790e-04 5.120619025944469528e-03 1.365498406918525280e-03 2.162039144287664864e-03
2.225000000000000000e+04 8.900030912894001389e-01 9.908966772872098705e-01 7.965407373691396923e-04 3.982703686845699004e-03 1.024123805188893906e-03 3.299954483386436255e-03
2.250000000000000000e+04 9.000031260229888197e-01 9.920345926263085534e-01 1.024123805188893906e-03 3.072371415566681717e-03 1.593081474738279385e-03 2.275830678197541916e-03
2.275000000000000000e+04 9.100031607565777225e-01 9.910104688211197610e-01 1.365498406918525280e-03 3.072371415566681717e-03 1.479289940828402332e-03 3.072371415566681717e-03
2.300000000000000000e+04 9.200031954901664033e-01 9.918070095584888834e-01 1.137915339098770958e-03 3.072371415566681717e-03 7.965407373691396923e-04 3.186162949476558769e-03
2.325000000000000000e+04 9.300032302237553061e-01 9.922621756941283344e-01 1.365498406918525280e-03 3.186162949476558769e-03 6.827492034592626399e-04 2.503413746017296455e-03
2.350000000000000000e+04 9.400032649573439869e-01 9.918070095584888834e-01 9.103322712790168532e-04 3.186162949476558769e-03 9.103322712790168532e-04 3.186162949476558769e-03
2.375000000000000000e+04 9.500032996909326677e-01 9.939690487027764698e-01 7.965407373691396923e-04 2.958579881656804664e-03 6.827492034592626399e-04 1.593081474738279385e-03
2.400000000000000000e+04 9.600033344245215705e-01 9.915794264906691025e-01 1.479289940828402332e-03 2.730996813837050560e-03 1.365498406918525280e-03 2.844788347746927612e-03
2.425000000000000000e+04 9.700033691581102513e-01 9.934000910332271284e-01 5.689576695493854790e-04 1.593081474738279385e-03 6.827492034592626399e-04 3.755120619025944465e-03
2.450000000000000000e+04 9.800034038916989321e-01 9.928311333636777869e-01 6.827492034592626399e-04 2.958579881656804664e-03 1.251706873008648227e-03 2.275830678197541916e-03
2.475000000000000000e+04 9.900034386252878349e-01 9.940828402366863603e-01 1.137915339098770958e-03 2.162039144287664864e-03 6.827492034592626399e-04 1.934456076467910759e-03
2.500000000000000000e+04 1.000003473358876516e+00 9.948793809740554828e-01 5.689576695493854790e-04 1.934456076467910759e-03 5.689576695493854790e-04 2.048247610377787811e-03
