# itime ezz other fcc hcp bcc ico
0.000000000000000000e+00 0.000000000000000000e+00 0.000000000000000000e+00 1.000000000000000000e+00 0.000000000000000000e+00 0.000000000000000000e+00 0.000000000000000000e+00
3.000000000000000000e+00 1.200012644841486065e-03 0.000000000000000000e+00 1.000000000000000000e+00 0.000000000000000000e+00 0.000000000000000000e+00 0.000000000000000000e+00
6.000000000000000000e+00 2.400025289683194174e-03 0.000000000000000000e+00 1.000000000000000000e+00 0.000000000000000000e+00 0.000000000000000000e+00 0.000000000000000000e+00
9.000000000000000000e+00 3.600037934524680239e-03 0.000000000000000000e+00 1.000000000000000000e+00 0.000000000000000000e+00 0.000000000000000000e+00 0.000000000000000000e+00
1.200000000000000000e+01 4.800050579366388348e-03 0.000000000000000000e+00 1.000000000000000000e+00 0.000000000000000000e+00 0.000000000000000000e+00 0.000000000000000000e+00
1.500000000000000000e+01 6.000063224207874413e-03 0.000000000000000000e+00 1.000000000000000000e+00 0.000000000000000000e+00 0.000000000000000000e+00 0.000000000000000000e+00
1.800000000000000000e+01 7.200075869049582522e-03 0.000000000000000000e+00 1.000000000000000000e+00 0.000000000000000000e+00 0.000000000000000000e+00 0.000000000000000000e+00
2.100000000000000000e+01 8.400088513891068587e-03 0.000000000000000000e+00 1.000000000000000000e+00 0.000000000000000000e+00 0.000000000000000000e+00 0.000000000000000000e+00
2.400000000000000000e+01 9.600101158732554651e-03 0.000000000000000000e+00 1.000000000000000000e+00 0.000000000000000000e+00 0.000000000000000000e+00 0.000000000000000000e+00
2.700000000000000000e+01 1.080011380357426276e-02 0.000000000000000000e+00 1.000000000000000000e+00 0.000000000000000000e+00 0.000000000000000000e+00 0.000000000000000000e+00
3.000000000000000000e+01 1.200012644841574883e-02 0.000000000000000000e+00 1.000000000000000000e+00 0.000000000000000000e+00 0.000000000000000000e+00 0.000000000000000000e+00
3.300000000000000000e+01 1.320013909325745693e-02 0.000000000000000000e+00 1.000000000000000000e+00 0.000000000000000000e+00 0.000000000000000000e+00 0.000000000000000000e+00
3.600000000000000000e+01 1.440015173809894300e-02 0.000000000000000000e+00 1.000000000000000000e+00 0.000000000000000000e+00 0.000000000000000000e+00 0.000000000000000000e+00
3.900000000000000000e+01 1.560016438294042906e-02 0.000000000000000000e+00 1.000000000000000000e+00 0.000000000000000000e+00 0.000000000000000000e+00 0.000000000000000000e+00
4.200000000000000000e+01 1.680017702778213717e-02 0.000000000000000000e+00 1.000000000000000000e+00 0.000000000000000000e+00 0.000000000000000000e+00 0.000000000000000000e+00
4.500000000000000000e+01 1.800018967262362324e-02 0.000000000000000000e+00 1.000000000000000000e+00 0.000000000000000000e+00 0.000000000000000000e+00 0.000000000000000000e+00
4.800000000000000000e+01 1.920020231746533135e-02 0.000000000000000000e+00 1.000000000000000000e+00 0.000000000000000000e+00 0.000000000000000000e+00 0.000000000000000000e+00
5.100000000000000000e+01 2.040021496230681741e-02 0.000000000000000000e+00 1.000000000000000000e+00 0.000000000000000000e+00 0.000000000000000000e+00 0.000000000000000000e+00
5.400000000000000000e+01 2.160022760714852552e-02 0.000000000000000000e+00 1.000000000000000000e+00 0.000000000000000000e+00 0.000000000000000000e+00 0.000000000000000000e+00
5.700000000000000000e+01 2.280024025199001159e-02 0.000000000000000000e+00 1.000000000000000000e+00 0.000000000000000000e+00 0.000000000000000000e+00 0.000000000000000000e+00
6.000000000000000000e+01 2.400025289683149765e-02 0.000000000000000000e+00 1.000000000000000000e+00 0.000000000000000000e+00 0.000000000000000000e+00 0.000000000000000000e+00
6.300000000000000000e+01 2.520026554167320576e-02 0.000000000000000000e+00 1.000000000000000000e+00 0.000000000000000000e+00 0.000000000000000000e+00 0.000000000000000000e+00
6.600000000000000000e+01 2.640027818651469182e-02 0.000000000000000000e+00 1.000000000000000000e+00 0.000000000000000000e+00 0.000000000000000000e+00 0.000000000000000000e+00
6.900000000000000000e+01 2.760029083135639993e-02 0.000000000000000000e+00 1.000000000000000000e+00 0.000000000000000000e+00 0.000000000000000000e+00 0.000000000000000000e+00
7.200000000000000000e+01 2.880030347619788600e-02 0.000000000000000000e+00 1.000000000000000000e+00 0.000000000000000000e+00 0.000000000000000000e+00 0.000000000000000000e+00
7.500000000000000000e+01 3.000031612103959411e-02 0.000000000000000000e+00 1.000000000000000000e+00 0.000000000000000000e+00 0.000000000000000000e+00 0.000000000000000000e+00
7.800000000000000000e+01 3.120032876588108017e-02 0.000000000000000000e+00 1.000000000000000000e+00 0.000000000000000000e+00 0.000000000000000000e+00 0.000000000000000000e+00
8.100000000000000000e+01 3.240034141072256624e-02 0.000000000000000000e+00 1.000000000000000000e+00 0.000000000000000000e+00 0.000000000000000000e+00 0.000000000000000000e+00
8.400000000000000000e+01 3.360035405556427435e-02 0.000000000000000000e+00 1.000000000000000000e+00 0.000000000000000000e+00 0.000000000000000000e+00 0.000000000000000000e+00
8.700000000000000000e+01 3.480036670040576041e-02 0.000000000000000000e+00 1.000000000000000000e+00 0.000000000000000000e+00 0.000000000000000000e+00 0.000000000000000000e+00
9.000000000000000000e+01 3.600037934524746852e-02 0.000000000000000000e+00 1.000000000000000000e+00 0.000000000000000000e+00 0.000000000000000000e+00 0.000000000000000000e+00
9.300000000000000000e+01 3.720039199008895459e-02 0.000000000000000000e+00 1.000000000000000000e+00 0.000000000000000000e+00 0.000000000000000000e+00 0.000000000000000000e+00
9.600000000000000000e+01 3.840040463493044065e-02 0.000000000000000000e+00 1.000000000000000000e+00 0.000000000000000000e+00 0.000000000000000000e+00 0.000000000000000000e+00
9.900000000000000000e+01 3.960041727977214876e-02 0.000000000000000000e+00 1.000000000000000000e+00 0.000000000000000000e+00 0.000000000000000000e+00 0.000000000000000000e+00
1.020000000000000000e+02 4.080042992461363482e-02 0.000000000000000000e+00 1.000000000000000000e+00 0.000000000000000000e+00 0.000000000000000000e+00 0.000000000000000000e+00
1.050000000000000000e+02 4.200044256945534293e-02 0.000000000000000000e+00 1.000000000000000000e+00 0.000000000000000000e+00 0.000000000000000000e+00 0.000000000000000000e+00
1.080000000000000000e+02 4.320045521429682900e-02 0.000000000000000000e+00 1.000000000000000000e+00 0.000000000000000000e+00 0.000000000000000000e+00 0.000000000000000000e+00
1.110000000000000000e+02 4.440046785913853711e-02 0.000000000000000000e+00 1.000000000000000000e+00 0.000000000000000000e+00 0.000000000000000000e+00 0.000000000000000000e+00
1.140000000000000000e+02 4.560048050398002317e-02 0.000000000000000000e+00 1.000000000000000000e+00 0.000000000000000000e+00 0.000000000000000000e+00 0.000000000000000000e+00
1.170000000000000000e+02 4.680049314882150924e-02 0.000000000000000000e+00 1.000000000000000000e+00 0.000000000000000000e+00 0.000000000000000000e+00 0.000000000000000000e+00
1.200000000000000000e+02 4.800050579366321735e-02 0.000000000000000000e+00 1.000000000000000000e+00 0.000000000000000000e+00 0.000000000000000000e+00 0.000000000000000000e+00
1.230000000000000000e+02 4.920051843850470341e-02 0.000000000000000000e+00 1.000000000000000000e+00 0.000000000000000000e+00 0.000000000000000000e+00 0.000000000000000000e+00
1.260000000000000000e+02 5.040053108334641152e-02 0.000000000000000000e+00 1.000000000000000000e+00 0.000000000000000000e+00 0.000000000000000000e+00 0.000000000000000000e+00
1.290000000000000000e+02 5.160054372818789759e-02 0.000000000000000000e+00 1.000000000000000000e+00 0.000000000000000000e+00 0.000000000000000000e+00 0.000000000000000000e+00
1.320000000000000000e+02 5.280055637302960569e-02 0.000000000000000000e+00 1.000000000000000000e+00 0.000000000000000000e+00 0.000000000000000000e+00 0.000000000000000000e+00
1.350000000000000000e+02 5.400056901787109176e-02 0.000000000000000000e+00 1.000000000000000000e+00 0.000000000000000000e+00 0.000000000000000000e+00 0.000000000000000000e+00
1.380000000000000000e+02 5.520058166271257782e-02 1.137915339098771066e-04 9.998862084660901095e-01 0.000000000000000000e+00 0.000000000000000000e+00 0.000000000000000000e+00
1.410000000000000000e+02 5.640059430755428593e-02 0.000000000000000000e+00 1.000000000000000000e+00 0.000000000000000000e+00 0.000000000000000000e+00 0.000000000000000000e+00
1.440000000000000000e+02 5.760060695239577200e-02 0.000000000000000000e+00 1.000000000000000000e+00 0.000000000000000000e+00 0.000000000000000000e+00 0.000000000000000000e+00
1.470000000000000000e+02 5.880061959723748011e-02 0.000000000000000000e+00 1.000000000000000000e+00 0.000000000000000000e+00 0.000000000000000000e+00 0.000000000000000000e+00
1.500000000000000000e+02 6.000063224207896617e-02 0.000000000000000000e+00 1.000000000000000000e+00 0.000000000000000000e+00 0.000000000000000000e+00 0.000000000000000000e+00
1.530000000000000000e+02 6.120064488692045224e-02 0.000000000000000000e+00 1.000000000000000000e+00 0.000000000000000000e+00 0.000000000000000000e+00 0.000000000000000000e+00
1.560000000000000000e+02 6.240065753176216035e-02 0.000000000000000000e+00 1.000000000000000000e+00 0.000000000000000000e+00 0.000000000000000000e+00 0.000000000000000000e+00
1.590000000000000000e+02 6.360067017660364641e-02 0.000000000000000000e+00 1.000000000000000000e+00 0.000000000000000000e+00 0.000000000000000000e+00 0.000000000000000000e+00
1.620000000000000000e+02 6.480068282144535452e-02 1.137915339098771066e-04 9.998862084660901095e-01 0.000000000000000000e+00 0.000000000000000000e+00 0.000000000000000000e+00
1.650000000000000000e+02 6.600069546628684058e-02 1.137915339098771066e-04 9.998862084660901095e-01 0.000000000000000000e+00 0.000000000000000000e+00 0.000000000000000000e+00
1.680000000000000000e+02 6.720070811112854869e-02 0.000000000000000000e+00 1.000000000000000000e+00 0.000000000000000000e+00 0.000000000000000000e+00 0.000000000000000000e+00
1.710000000000000000e+02 6.840072075597003476e-02 0.000000000000000000e+00 1.000000000000000000e+00 0.000000000000000000e+00 0.000000000000000000e+00 0.000000000000000000e+00
1.740000000000000000e+02 6.960073340081152082e-02 0.000000000000000000e+00 1.000000000000000000e+00 0.000000000000000000e+00 0.000000000000000000e+00 0.000000000000000000e+00
1.770000000000000000e+02 7.080074604565322893e-02 1.137915339098771066e-04 9.998862084660901095e-01 0.000000000000000000e+00 0.000000000000000000e+00 0.000000000000000000e+00
1.800000000000000000e+02 7.200075869049471500e-02 2.275830678197542133e-04 9.997724169321802190e-01 0.000000000000000000e+00 0.000000000000000000e+00 0.000000000000000000e+00
1.830000000000000000e+02 7.320077133533642311e-02 0.000000000000000000e+00 1.000000000000000000e+00 0.000000000000000000e+00 0.000000000000000000e+00 0.000000000000000000e+00
1.860000000000000000e+02 7.440078398017790917e-02 0.000000000000000000e+00 1.000000000000000000e+00 0.000000000000000000e+00 0.000000000000000000e+00 0.000000000000000000e+00
1.890000000000000000e+02 7.560079662501961728e-02 0.000000000000000000e+00 1.000000000000000000e+00 0.000000000000000000e+00 0.000000000000000000e+00 0.000000000000000000e+00
1.920000000000000000e+02 7.680080926986110335e-02 0.000000000000000000e+00 1.000000000000000000e+00 0.000000000000000000e+00 0.000000000000000000e+00 0.000000000000000000e+00
1.950000000000000000e+02 7.800082191470258941e-02 0.000000000000000000e+00 1.000000000000000000e+00 0.000000000000000000e+00 0.000000000000000000e+00 0.000000000000000000e+00
1.980000000000000000e+02 7.920083455954429752e-02 0.000000000000000000e+00 1.000000000000000000e+00 0.000000000000000000e+00 0.000000000000000000e+00 0.000000000000000000e+00
2.010000000000000000e+02 8.040084720438578358e-02 2.275830678197542133e-04 9.997724169321802190e-01 0.000000000000000000e+00 0.000000000000000000e+00 0.000000000000000000e+00
2.040000000000000000e+02 8.160085984922749169e-02 2.275830678197542133e-04 9.997724169321802190e-01 0.000000000000000000e+00 0.000000000000000000e+00 0.000000000000000000e+00
2.070000000000000000e+02 8.280087249406897776e-02 0.000000000000000000e+00 1.000000000000000000e+00 0.000000000000000000e+00 0.000000000000000000e+00 0.000000000000000000e+00
2.100000000000000000e+02 8.400088513891046382e-02 1.137915339098771066e-04 9.998862084660901095e-01 0.000000000000000000e+00 0.000000000000000000e+00 0.000000000000000000e+00
2.130000000000000000e+02 8.520089778375217193e-02 3.413746017296313199e-04 9.996586253982703285e-01 0.000000000000000000e+00 0.000000000000000000e+00 0.000000000000000000e+00
2.160000000000000000e+02 8.640091042859365800e-02 5.689576695493854790e-04 9.994310423304506585e-01 0.000000000000000000e+00 0.000000000000000000e+00 0.000000000000000000e+00
2.190000000000000000e+02 8.760092307343536611e-02 0.000000000000000000e+00 1.000000000000000000e+00 0.000000000000000000e+00 0.000000000000000000e+00 0.000000000000000000e+00
2.220000000000000000e+02 8.880093571827685217e-02 0.000000000000000000e+00 1.000000000000000000e+00 0.000000000000000000e+00 0.000000000000000000e+00 0.000000000000000000e+00
2.250000000000000000e+02 9.000094836311856028e-02 3.413746017296313199e-04 9.996586253982703285e-01 0.000000000000000000e+00 0.000000000000000000e+00 0.000000000000000000e+00
2.280000000000000000e+02 9.120096100796004635e-02 0.000000000000000000e+00 1.000000000000000000e+00 0.000000000000000000e+00 0.000000000000000000e+00 0.000000000000000000e+00
2.310000000000000000e+02 9.240097365280153241e-02 1.137915339098771066e-04 9.998862084660901095e-01 0.000000000000000000e+00 0.000000000000000000e+00 0.000000000000000000e+00
2.340000000000000000e+02 9.360098629764324052e-02 2.275830678197542133e-04 9.997724169321802190e-01 0.000000000000000000e+00 0.000000000000000000e+00 0.000000000000000000e+00
2.370000000000000000e+02 9.480099894248472658e-02 5.689576695493854790e-04 9.994310423304506585e-01 0.000000000000000000e+00 0.000000000000000000e+00 0.000000000000000000e+00
2.400000000000000000e+02 9.600101158732643469e-02 0.000000000000000000e+00 1.000000000000000000e+00 0.000000000000000000e+00 0.000000000000000000e+00 0.000000000000000000e+00
2.430000000000000000e+02 9.720102423216792076e-02 1.137915339098771066e-04 9.998862084660901095e-01 0.000000000000000000e+00 0.000000000000000000e+00 0.000000000000000000e+00
2.460000000000000000e+02 9.840103687700962887e-02 1.706873008648156654e-03 9.982931269913518646e-01 0.000000000000000000e+00 0.000000000000000000e+00 0.000000000000000000e+00
2.490000000000000000e+02 9.960104952185111493e-02 1.024123805188893906e-03 9.989758761948110966e-01 0.000000000000000000e+00 0.000000000000000000e+00 0.000000000000000000e+00
2.520000000000000000e+02 1.008010621666926010e-01 1.137915339098770958e-03 9.988620846609012061e-01 0.000000000000000000e+00 0.000000000000000000e+00 0.000000000000000000e+00
2.550000000000000000e+02 1.020010748115343091e-01 1.251706873008648227e-03 9.987482931269913156e-01 0.000000000000000000e+00 0.000000000000000000e+00 0.000000000000000000e+00
2.580000000000000000e+02 1.032010874563757952e-01 9.103322712790168532e-04 9.990896677287209870e-01 0.000000000000000000e+00 0.000000000000000000e+00 0.000000000000000000e+00
2.610000000000000000e+02 1.044011001012175033e-01 4.551661356395084266e-04 9.995448338643604380e-01 0.000000000000000000e+00 0.000000000000000000e+00 0.000000000000000000e+00
2.640000000000000000e+02 1.056011127460589893e-01 1.251706873008648227e-03 9.986345015930814251e-01 0.000000000000000000e+00 1.137915339098771066e-04 0.000000000000000000e+00
2.670000000000000000e+02 1.068011253909006975e-01 1.251706873008648227e-03 9.985207100591716456e-01 0.000000000000000000e+00 2.275830678197542133e-04 0.000000000000000000e+00
2.700000000000000000e+02 1.080011380357421835e-01 1.706873008648156654e-03 9.979517523896221931e-01 0.000000000000000000e+00 3.413746017296313199e-04 0.000000000000000000e+00
2.730000000000000000e+02 1.092011506805836696e-01 2.389622212107419402e-03 9.973827947200728516e-01 0.000000000000000000e+00 2.275830678197542133e-04 0.000000000000000000e+00
2.760000000000000000e+02 1.104011633254253777e-01 2.275830678197541916e-03 9.977241693218024121e-01 0.000000000000000000e+00 0.000000000000000000e+00 0.000000000000000000e+00
2.790000000000000000e+02 1.116011759702668638e-01 1.251706873008648227e-03 9.987482931269913156e-01 0.000000000000000000e+00 0.000000000000000000e+00 0.000000000000000000e+00
2.820000000000000000e+02 1.128011886151085719e-01 1.593081474738279385e-03 9.984069185252617551e-01 0.000000000000000000e+00 0.000000000000000000e+00 0.000000000000000000e+00
2.850000000000000000e+02 1.140012012599500579e-01 1.934456076467910759e-03 9.980655439235320836e-01 0.000000000000000000e+00 0.000000000000000000e+00 0.000000000000000000e+00
2.880000000000000000e+02 1.152012139047915440e-01 1.479289940828402332e-03 9.985207100591716456e-01 0.000000000000000000e+00 0.000000000000000000e+00 0.000000000000000000e+00
2.910000000000000000e+02 1.164012265496332521e-01 2.162039144287664864e-03 9.978379608557123026e-01 0.000000000000000000e+00 0.000000000000000000e+00 0.000000000000000000e+00
2.940000000000000000e+02 1.176012391944747382e-01 2.048247610377787811e-03 9.978379608557123026e-01 0.000000000000000000e+00 1.137915339098771066e-04 0.000000000000000000e+00
2.970000000000000000e+02 1.188012518393164463e-01 2.275830678197541916e-03 9.976103777878926326e-01 0.000000000000000000e+00 1.137915339098771066e-04 0.000000000000000000e+00
3.000000000000000000e+02 1.200012644841579323e-01 3.299954483386436255e-03 9.964724624487938387e-01 0.000000000000000000e+00 2.275830678197542133e-04 0.000000000000000000e+00
3.030000000000000000e+02 1.212012771289996405e-01 4.779244424214838804e-03 9.951069640418752638e-01 0.000000000000000000e+00 1.137915339098771066e-04 0.000000000000000000e+00
3.060000000000000000e+02 1.224012897738411265e-01 6.827492034592626616e-03 9.931725079654073474e-01 0.000000000000000000e+00 0.000000000000000000e+00 0.000000000000000000e+00
3.090000000000000000e+02 1.236013024186826126e-01 5.575785161583977738e-03 9.941966317705962508e-01 0.000000000000000000e+00 2.275830678197542133e-04 0.000000000000000000e+00
3.120000000000000000e+02 1.248013150635243207e-01 7.965407373691398007e-03 9.920345926263085534e-01 0.000000000000000000e+00 0.000000000000000000e+00 0.000000000000000000e+00
3.150000000000000000e+02 1.260013277083658068e-01 9.444697314519799256e-03 9.903277196176604180e-01 0.000000000000000000e+00 2.275830678197542133e-04 0.000000000000000000e+00
3.180000000000000000e+02 1.272013403532075149e-01 1.103777878925807886e-02 9.886208466090122826e-01 0.000000000000000000e+00 3.413746017296313199e-04 0.000000000000000000e+00
3.210000000000000000e+02 1.284013529980490009e-01 1.354119253527537488e-02 9.860036413290851343e-01 0.000000000000000000e+00 4.551661356395084266e-04 0.000000000000000000e+00
3.240000000000000000e+02 1.296013656428907090e-01 1.103777878925807886e-02 9.885070550751023921e-01 0.000000000000000000e+00 4.551661356395084266e-04 0.000000000000000000e+00
3.270000000000000000e+02 1.308013782877321951e-01 1.103777878925807886e-02 9.883932635411925016e-01 0.000000000000000000e+00 5.689576695493854790e-04 0.000000000000000000e+00
3.300000000000000000e+02 1.320013909325736812e-01 1.399635867091488309e-02 9.850933090578061213e-01 0.000000000000000000e+00 9.103322712790168532e-04 0.000000000000000000e+00
3.330000000000000000e+02 1.332014035774153893e-01 1.604460628129267263e-02 9.830450614474283144e-01 0.000000000000000000e+00 9.103322712790168532e-04 0.000000000000000000e+00
3.360000000000000000e+02 1.344014162222568753e-01 1.763768775603095224e-02 9.814519799726900695e-01 0.000000000000000000e+00 9.103322712790168532e-04 0.000000000000000000e+00
3.390000000000000000e+02 1.356014288670985835e-01 2.105143377332726468e-02 9.782658170232134687e-01 0.000000000000000000e+00 6.827492034592626399e-04 0.000000000000000000e+00
3.420000000000000000e+02 1.368014415119400695e-01 2.423759672280382388e-02 9.749658625398270884e-01 0.000000000000000000e+00 7.965407373691396923e-04 0.000000000000000000e+00
3.450000000000000000e+02 1.380014541567815556e-01 2.878925807919890598e-02 9.699590350477924616e-01 0.000000000000000000e+00 1.251706873008648227e-03 0.000000000000000000e+00
3.480000000000000000e+02 1.392014668016232637e-01 3.288575329995448160e-02 9.659763313609467383e-01 0.000000000000000000e+00 1.137915339098770958e-03 0.000000000000000000e+00
3.510000000000000000e+02 1.404014794464647498e-01 3.880291306326809353e-02 9.596040054619936477e-01 0.000000000000000000e+00 1.593081474738279385e-03 0.000000000000000000e+00
3.540000000000000000e+02 1.416014920913064579e-01 4.904415111515703085e-02 9.487938097405552718e-01 0.000000000000000000e+00 2.162039144287664864e-03 0.000000000000000000e+00
3.570000000000000000e+02 1.428015047361479439e-01 5.712335002275830548e-02 9.398042785616750328e-01 0.000000000000000000e+00 3.072371415566681717e-03 0.000000000000000000e+00
3.600000000000000000e+02 1.440015173809896520e-01 6.747837960855712636e-02 9.286527082385070964e-01 0.000000000000000000e+00 3.868912152935821518e-03 0.000000000000000000e+00
3.630000000000000000e+02 1.452015300258311381e-01 7.362312243969049153e-02 9.217114246700045532e-01 0.000000000000000000e+00 4.665452890304961318e-03 0.000000000000000000e+00
3.660000000000000000e+02 1.464015426706726242e-01 9.091943559399180697e-02 9.046426945835229771e-01 0.000000000000000000e+00 4.437869822485207214e-03 0.000000000000000000e+00
3.690000000000000000e+02 1.476015553155143323e-01 1.044606281292671801e-01 8.901911697769685494e-01 0.000000000000000000e+00 5.348202093764223633e-03 0.000000000000000000e+00
3.720000000000000000e+02 1.488015679603558183e-01 1.198224852071005930e-01 8.715293582157487284e-01 0.000000000000000000e+00 8.648156577150659455e-03 0.000000000000000000e+00
3.750000000000000000e+02 1.500015806051975265e-01 1.448566226672735602e-01 8.449021392808374609e-01 0.000000000000000000e+00 1.024123805188893906e-02 0.000000000000000000e+00
3.780000000000000000e+02 1.512015932500390125e-01 1.794492489758761911e-01 8.086026399635867223e-01 0.000000000000000000e+00 1.194811106053709528e-02 0.000000000000000000e+00
3.810000000000000000e+02 1.524016058948807206e-01 2.122212107419207960e-01 7.712790168411469693e-01 0.000000000000000000e+00 1.649977241693217911e-02 0.000000000000000000e+00
3.840000000000000000e+02 1.536016185397222067e-01 2.467000455166135642e-01 7.319071461083295205e-01 0.000000000000000000e+00 2.139280837505689453e-02 0.000000000000000000e+00
3.870000000000000000e+02 1.548016311845636928e-01 2.845926263086026586e-01 6.892353208921255803e-01 0.000000000000000000e+00 2.617205279927173334e-02 0.000000000000000000e+00
3.900000000000000000e+02 1.560016438294054009e-01 3.258989531178880239e-01 6.370050068274920596e-01 0.000000000000000000e+00 3.709604005461993731e-02 0.000000000000000000e+00
3.930000000000000000e+02 1.572016564742468869e-01 3.715293582157487284e-01 5.835229858898497435e-01 0.000000000000000000e+00 4.494765589440145870e-02 0.000000000000000000e+00
3.960000000000000000e+02 1.584016691190885950e-01 4.215976331360946627e-01 5.227583067819754348e-01 0.000000000000000000e+00 5.564406008192990249e-02 0.000000000000000000e+00
3.990000000000000000e+02 1.596016817639300811e-01 4.781520254893035782e-01 4.535730541647701175e-01 0.000000000000000000e+00 6.827492034592626269e-02 0.000000000000000000e+00
4.020000000000000000e+02 1.608016944087715672e-01 5.249203459262631322e-01 3.912152935821575084e-01 0.000000000000000000e+00 8.386436049157942885e-02 0.000000000000000000e+00
4.050000000000000000e+02 1.620017070536132753e-01 5.723714155666818071e-01 3.286299499317250628e-01 0.000000000000000000e+00 9.899863450159307465e-02 0.000000000000000000e+00
4.080000000000000000e+02 1.632017196984547613e-01 6.079881656804734247e-01 2.757168866636321991e-01 2.275830678197542133e-04 1.160673645880746507e-01 0.000000000000000000e+00
4.110000000000000000e+02 1.644017323432964695e-01 6.466772872098316416e-01 2.222348657259899940e-01 1.024123805188893906e-03 1.300637232589895442e-01 0.000000000000000000e+00
4.140000000000000000e+02 1.656017449881379555e-01 6.744424214838415921e-01 1.762630860263996457e-01 7.965407373691396923e-04 1.484979517523896120e-01 0.000000000000000000e+00
4.170000000000000000e+02 1.668017576329796636e-01 6.986800182066453813e-01 1.409877105143377274e-01 1.137915339098770958e-03 1.591943559399180697e-01 0.000000000000000000e+00
4.200000000000000000e+02 1.680017702778211497e-01 7.158625398270368478e-01 1.093536640873919025e-01 2.162039144287664864e-03 1.726217569412835662e-01 0.000000000000000000e+00
4.230000000000000000e+02 1.692017829226626358e-01 7.232589895311788419e-01 8.875739644970413733e-02 2.730996813837050560e-03 1.852526172052799402e-01 0.000000000000000000e+00
4.260000000000000000e+02 1.704017955675043439e-01 7.358898497951752438e-01 6.918525261720527564e-02 3.527537551206190360e-03 1.913973600364132777e-01 0.000000000000000000e+00
4.290000000000000000e+02 1.716018082123458299e-01 7.424897587619481154e-01 5.541647701411014926e-02 5.006827492034592909e-03 1.970869367319071364e-01 0.000000000000000000e+00
4.320000000000000000e+02 1.728018208571875380e-01 7.497724169321802190e-01 4.449248975876194528e-02 5.348202093764223633e-03 2.003868912152935722e-01 0.000000000000000000e+00
4.350000000000000000e+02 1.740018335020290241e-01 7.591033227127901295e-01 3.527537551206190447e-02 4.779244424214838804e-03 2.008420573509330787e-01 0.000000000000000000e+00
4.380000000000000000e+02 1.752018461468707322e-01 7.553482020937641872e-01 3.197542102867546865e-02 5.461993627674101119e-03 2.072143832498861971e-01 0.000000000000000000e+00
4.410000000000000000e+02 1.764018587917122183e-01 7.573964497041419941e-01 2.856167501137915274e-02 6.941283568502503235e-03 2.071005917159763343e-01 0.000000000000000000e+00
4.440000000000000000e+02 1.776018714365537043e-01 7.643377332726445372e-01 2.389622212107419055e-02 7.168866636322257339e-03 2.045971779699590487e-01 0.000000000000000000e+00
4.470000000000000000e+02 1.788018840813954125e-01 7.647928994082839882e-01 2.264451524806554428e-02 7.168866636322257339e-03 2.053937187073281712e-01 0.000000000000000000e+00
4.500000000000000000e+02 1.800018967262368985e-01 7.634274010013655243e-01 2.309968138370505075e-02 8.761948111060537808e-03 2.047109695038689114e-01 0.000000000000000000e+00
4.530000000000000000e+02 1.812019093710786066e-01 7.637687756030950847e-01 2.196176604460628110e-02 1.024123805188893906e-02 2.040282203004096517e-01 0.000000000000000000e+00
4.560000000000000000e+02 1.824019220159200927e-01 7.651342740100136597e-01 2.071005917159763482e-02 1.240327719617660522e-02 2.017523896222121194e-01 0.000000000000000000e+00
4.590000000000000000e+02 1.836019346607615788e-01 7.644515248065544277e-01 2.173418297678652786e-02 1.524806554392353283e-02 1.985662266727355463e-01 0.000000000000000000e+00
4.620000000000000000e+02 1.848019473056032869e-01 7.592171142467000200e-01 2.241693218024579104e-02 1.923076923076923184e-02 1.991351843422849432e-01 0.000000000000000000e+00
4.650000000000000000e+02 1.860019599504447729e-01 7.570550751024124336e-01 2.241693218024579104e-02 2.241693218024579104e-02 1.981110605370960398e-01 0.000000000000000000e+00
4.680000000000000000e+02 1.872019725952864810e-01 7.543240782885752838e-01 2.298588984979517413e-02 2.594446973145198010e-02 1.967455621301775204e-01 0.000000000000000000e+00
4.710000000000000000e+02 1.884019852401279671e-01 7.513654984069185749e-01 2.378243058716431393e-02 2.924442421483841592e-02 1.956076467910787542e-01 0.000000000000000000e+00
4.740000000000000000e+02 1.896019978849696752e-01 7.478379608557123026e-01 2.617205279927173334e-02 3.197542102867546865e-02 1.940145653163404538e-01 0.000000000000000000e+00
4.770000000000000000e+02 1.908020105298111613e-01 7.511379153390987939e-01 2.617205279927173334e-02 3.402366863905325473e-02 1.886663632225762388e-01 0.000000000000000000e+00
4.800000000000000000e+02 1.920020231746526473e-01 7.511379153390987939e-01 2.730996813837050646e-02 3.493400091033227461e-02 1.866181156121984597e-01 0.000000000000000000e+00
4.830000000000000000e+02 1.932020358194943555e-01 7.532999544833864913e-01 2.696859353664087314e-02 3.720983158852981393e-02 1.825216203914428736e-01 0.000000000000000000e+00
4.860000000000000000e+02 1.944020484643358415e-01 7.586481565771506785e-01 2.674101046882111990e-02 4.255803368229403583e-02 1.720527992717341692e-01 0.000000000000000000e+00
4.890000000000000000e+02 1.956020611091775496e-01 7.587619481110605690e-01 2.890304961310878606e-02 4.676832043695949154e-02 1.655666818388711881e-01 0.000000000000000000e+00
4.920000000000000000e+02 1.968020737540190357e-01 7.596722803823395820e-01 2.913063268092853930e-02 5.052344105598543383e-02 1.606736458807464796e-01 0.000000000000000000e+00
4.950000000000000000e+02 1.980020863988607438e-01 7.646791078743740977e-01 2.947200728265816916e-02 5.006827492034592736e-02 1.557806099226217433e-01 0.000000000000000000e+00
4.980000000000000000e+02 1.992020990437022299e-01 7.695721438324988339e-01 2.958579881656804578e-02 5.086481565771506369e-02 1.499772416932180219e-01 0.000000000000000000e+00
5.010000000000000000e+02 2.004021116885437159e-01 7.806099226217569909e-01 2.901684114701866268e-02 5.166135639508420696e-02 1.387118798361401950e-01 0.000000000000000000e+00
5.040000000000000000e+02 2.016021243333854240e-01 7.806099226217569909e-01 3.038233955393718558e-02 5.336822940373236318e-02 1.356395084205735124e-01 0.000000000000000000e+00
5.070000000000000000e+02 2.028021369782269101e-01 7.827719617660445772e-01 3.254437869822485174e-02 5.666818388711879900e-02 1.280154756486117373e-01 0.000000000000000000e+00
5.100000000000000000e+02 2.040021496230686182e-01 7.910787437414655843e-01 3.288575329995448160e-02 5.564406008192990249e-02 1.203914428766499761e-01 0.000000000000000000e+00
5.130000000000000000e+02 2.052021622679101043e-01 7.987027765134273594e-01 3.277196176604460498e-02 5.518889394629039602e-02 1.133363677742375980e-01 0.000000000000000000e+00
5.160000000000000000e+02 2.064021749127515903e-01 7.987027765134273594e-01 3.425125170687300796e-02 5.507510241238051940e-02 1.119708693673190647e-01 0.000000000000000000e+00
5.190000000000000000e+02 2.076021875575932985e-01 8.025716886663631922e-01 3.345471096950387163e-02 5.507510241238051940e-02 1.088984979517523960e-01 0.000000000000000000e+00
5.220000000000000000e+02 2.088022002024347845e-01 8.075785161583978189e-01 3.470641784251251444e-02 5.325443786982248656e-02 1.044606281292671801e-01 0.000000000000000000e+00
5.250000000000000000e+02 2.100022128472764926e-01 8.133818843878015681e-01 3.311333636777423484e-02 5.587164314974965573e-02 9.763313609467455523e-02 0.000000000000000000e+00
5.280000000000000000e+02 2.112022254921179787e-01 8.211197086936732337e-01 3.208921256258534527e-02 5.359581247155211642e-02 9.319526627218935322e-02 0.000000000000000000e+00
5.310000000000000000e+02 2.124022381369596868e-01 8.196404187528447682e-01 3.163404642694583185e-02 5.416477014110149951e-02 9.456076467910787264e-02 0.000000000000000000e+00
5.340000000000000000e+02 2.136022507818011729e-01 8.218024578971324656e-01 3.243058716431497512e-02 5.484751934456076616e-02 9.091943559399180697e-02 0.000000000000000000e+00
5.370000000000000000e+02 2.148022634266426589e-01 8.248748293126991760e-01 3.277196176604460498e-02 5.359581247155211642e-02 8.875739644970413733e-02 0.000000000000000000e+00
5.400000000000000000e+02 2.160022760714843670e-01 8.244196631770596140e-01 3.345471096950387163e-02 5.587164314974965573e-02 8.625398270368685172e-02 0.000000000000000000e+00
5.430000000000000000e+02 2.172022887163258531e-01 8.245334547109695045e-01 3.527537551206190447e-02 5.427856167501137613e-02 8.591260810195720798e-02 0.000000000000000000e+00
5.460000000000000000e+02 2.184023013611675612e-01 8.268092853891670924e-01 3.436504324078288458e-02 5.609922621756941591e-02 8.272644515248064878e-02 0.000000000000000000e+00
5.490000000000000000e+02 2.196023140060090473e-01 8.288575329995447882e-01 3.618570778334091742e-02 5.655439235320892238e-02 7.840236686390532339e-02 0.000000000000000000e+00
5.520000000000000000e+02 2.208023266508507554e-01 8.311333636777423761e-01 3.527537551206190447e-02 5.598543468365953235e-02 7.760582612653618706e-02 0.000000000000000000e+00
5.550000000000000000e+02 2.220023392956922414e-01 8.339781520254893055e-01 3.243058716431497512e-02 5.712335002275830548e-02 7.646791078743742087e-02 0.000000000000000000e+00
5.580000000000000000e+02 2.232023519405337275e-01 8.297678652708238012e-01 3.470641784251251444e-02 6.042330450614474130e-02 7.510241238051888757e-02 0.000000000000000000e+00
5.610000000000000000e+02 2.244023645853754356e-01 8.307919890760127046e-01 3.584433318161128756e-02 5.962676376877560497e-02 7.373691397360036814e-02 0.000000000000000000e+00
5.640000000000000000e+02 2.256023772302169217e-01 8.336367774237596340e-01 3.743741465634956717e-02 6.053709604005461792e-02 6.838871187983613931e-02 0.000000000000000000e+00
5.670000000000000000e+02 2.268023898750586298e-01 8.378470641784251383e-01 3.664087391898043083e-02 5.917159763313609155e-02 6.634046426945834629e-02 0.000000000000000000e+00
5.700000000000000000e+02 2.280024025199001159e-01 8.355712335002275504e-01 3.857532999544834029e-02 6.019572143832498806e-02 6.565771506599908658e-02 0.000000000000000000e+00
5.730000000000000000e+02 2.292024151647416019e-01 8.397815202548930547e-01 3.720983158852981393e-02 6.053709604005461792e-02 6.247155211652252738e-02 0.000000000000000000e+00
5.760000000000000000e+02 2.304024278095833100e-01 8.401228948566226151e-01 3.652708238507055422e-02 6.065088757396449454e-02 6.269913518434228061e-02 0.000000000000000000e+00
5.790000000000000000e+02 2.316024404544247961e-01 8.427401001365498745e-01 3.698224852071006069e-02 6.087847064178425471e-02 5.939918070095585173e-02 0.000000000000000000e+00
5.820000000000000000e+02 2.328024530992665042e-01 8.413746017296312996e-01 3.755120619025944378e-02 6.076467910787437116e-02 6.030951297223486468e-02 0.000000000000000000e+00
5.850000000000000000e+02 2.340024657441079903e-01 8.392125625853436022e-01 3.766499772416932040e-02 6.099226217569413133e-02 6.213017751479289752e-02 0.000000000000000000e+00
5.880000000000000000e+02 2.352024783889496984e-01 8.409194355939918486e-01 3.652708238507055422e-02 6.178880291306326766e-02 6.076467910787437116e-02 0.000000000000000000e+00
5.910000000000000000e+02 2.364024910337911844e-01 8.389849795175239322e-01 3.686845698680018407e-02 6.326809285389166371e-02 6.087847064178425471e-02 0.000000000000000000e+00
5.940000000000000000e+02 2.376025036786326705e-01 8.398953117888029452e-01 3.823395539371871044e-02 6.201638598088302090e-02 5.985434683659535821e-02 0.000000000000000000e+00
5.970000000000000000e+02 2.388025163234743786e-01 8.426263086026399840e-01 3.891670459717797015e-02 5.996813837050523482e-02 5.848884842967683184e-02 0.000000000000000000e+00
6.000000000000000000e+02 2.400025289683158647e-01 8.419435593991807520e-01 3.868912152935821691e-02 6.224396904870277414e-02 5.712335002275830548e-02 0.000000000000000000e+00
6.030000000000000000e+02 2.412025416131575728e-01 8.429676832043695445e-01 3.732362312243969055e-02 6.292671825216203385e-02 5.678197542102867562e-02 0.000000000000000000e+00
6.060000000000000000e+02 2.424025542579990589e-01 8.456986800182066943e-01 3.812016385980882688e-02 6.144742831133363781e-02 5.473372781065088954e-02 0.000000000000000000e+00
6.090000000000000000e+02 2.436025669028407670e-01 8.479745106964041712e-01 3.777878925807919702e-02 6.213017751479289752e-02 5.211652253072371344e-02 0.000000000000000000e+00
6.120000000000000000e+02 2.448025795476822530e-01 8.486572598998634032e-01 3.720983158852981393e-02 6.224396904870277414e-02 5.188893946290396020e-02 0.000000000000000000e+00
6.150000000000000000e+02 2.460025921925237391e-01 8.505917159763313196e-01 3.709604005461993731e-02 6.429221665908056715e-02 4.790623577605826466e-02 1.137915339098771066e-04
6.180000000000000000e+02 2.472026048373654472e-01 8.533227127901683584e-01 3.834774692762858705e-02 6.451979972690032039e-02 4.369594902139280895e-02 1.137915339098771066e-04
6.210000000000000000e+02 2.484026174822069333e-01 8.512744651797906625e-01 3.903049613108784677e-02 6.440600819299044377e-02 4.517523896222121194e-02 1.137915339098771066e-04
6.240000000000000000e+02 2.496026301270486414e-01 8.511606736458807720e-01 3.948566226672735324e-02 6.543013199817933334e-02 4.380974055530268557e-02 1.137915339098771066e-04
6.270000000000000000e+02 2.508026427718901274e-01 8.509330905780609910e-01 4.050978607191624975e-02 6.611288120163859305e-02 4.233045061447428259e-02 1.137915339098771066e-04
6.300000000000000000e+02 2.520026554167316135e-01 8.501365498406918686e-01 3.971324533454710648e-02 6.725079654073737312e-02 4.278561675011378906e-02 1.137915339098771066e-04
6.330000000000000000e+02 2.532026680615733216e-01 8.484296768320437332e-01 4.164770141101502288e-02 6.964041875284478211e-02 4.028220300409649651e-02 0.000000000000000000e+00
6.360000000000000000e+02 2.544026807064148077e-01 8.507055075102412101e-01 4.210286754665452935e-02 6.679563040509786664e-02 4.028220300409649651e-02 1.137915339098771066e-04
6.390000000000000000e+02 2.556026933512565158e-01 8.461538461538461453e-01 4.460628129267182190e-02 6.816112881201638607e-02 4.096495220755575623e-02 1.137915339098771066e-04
6.420000000000000000e+02 2.568027059960980019e-01 8.436504324078288874e-01 4.585798816568047165e-02 7.032316795630405570e-02 4.016841147018661989e-02 0.000000000000000000e+00
6.450000000000000000e+02 2.580027186409397100e-01 8.459262630860263643e-01 4.619936276741010150e-02 6.861629494765589254e-02 3.925807919890760000e-02 0.000000000000000000e+00
6.480000000000000000e+02 2.592027312857811960e-01 8.455848884842968038e-01 4.415111515703231543e-02 7.111970869367319203e-02 3.914428766499772339e-02 0.000000000000000000e+00
6.510000000000000000e+02 2.604027439306226821e-01 8.417159763313609711e-01 4.369594902139280895e-02 7.259899863450158808e-02 4.198907601274465273e-02 0.000000000000000000e+00
6.540000000000000000e+02 2.616027565754643902e-01 8.438780154756485574e-01 4.324078288575330248e-02 7.111970869367319203e-02 4.176149294492489950e-02 0.000000000000000000e+00
6.570000000000000000e+02 2.628027692203058763e-01 8.442193900773782289e-01 4.472007282658170546e-02 6.975421028675465873e-02 4.130632680928538608e-02 0.000000000000000000e+00
6.600000000000000000e+02 2.640027818651475844e-01 8.435366408739189970e-01 4.426490669094219205e-02 7.168866636322257513e-02 4.050978607191624975e-02 0.000000000000000000e+00
6.630000000000000000e+02 2.652027945099890704e-01 8.471779699590350488e-01 4.403732362312243881e-02 7.089212562585343880e-02 3.789258079198907364e-02 0.000000000000000000e+00
6.660000000000000000e+02 2.664028071548307786e-01 8.428538916704597650e-01 4.449248975876194528e-02 7.271279016841146470e-02 3.994082840236686666e-02 0.000000000000000000e+00
6.690000000000000000e+02 2.676028197996722646e-01 8.436504324078288874e-01 4.494765589440145870e-02 7.282658170232134132e-02 3.857532999544834029e-02 0.000000000000000000e+00
6.720000000000000000e+02 2.688028324445137507e-01 8.427401001365498745e-01 4.380974055530268557e-02 7.567137005006827066e-02 3.777878925807919702e-02 0.000000000000000000e+00
6.750000000000000000e+02 2.700028450893554588e-01 8.450159308147473514e-01 4.563040509786071841e-02 7.316795630405098505e-02 3.618570778334091742e-02 0.000000000000000000e+00
6.780000000000000000e+02 2.712028577341969449e-01 8.467228038233954868e-01 4.551661356395084179e-02 7.168866636322257513e-02 3.607191624943104080e-02 0.000000000000000000e+00
6.810000000000000000e+02 2.724028703790386530e-01 8.469503868912152678e-01 4.665452890304961492e-02 7.203004096495220498e-02 3.436504324078288458e-02 0.000000000000000000e+00
