# itime ezz other fcc hcp bcc ico
0.000000000000000000e+00 0.000000000000000000e+00 3.413746017296313199e-04 9.996586253982703285e-01 0.000000000000000000e+00 0.000000000000000000e+00 0.000000000000000000e+00
3.000000000000000000e+01 1.199998431744986327e-02 1.251706873008648227e-03 9.987482931269913156e-01 0.000000000000000000e+00 0.000000000000000000e+00 0.000000000000000000e+00
6.000000000000000000e+01 2.399996863489950449e-02 3.299954483386436255e-03 9.967000455166135087e-01 0.000000000000000000e+00 0.000000000000000000e+00 0.000000000000000000e+00
9.000000000000000000e+01 3.599995295234936776e-02 3.186162949476558769e-03 9.967000455166135087e-01 0.000000000000000000e+00 1.137915339098771066e-04 0.000000000000000000e+00
1.200000000000000000e+02 4.799993726979900899e-02 8.534365043240782836e-03 9.907828857532999800e-01 0.000000000000000000e+00 6.827492034592626399e-04 0.000000000000000000e+00
1.500000000000000000e+02 5.999992158724887226e-02 2.287209831588529751e-02 9.755348202093764298e-01 0.000000000000000000e+00 1.593081474738279385e-03 0.000000000000000000e+00
1.800000000000000000e+02 7.199990590469873553e-02 3.095129722348657214e-02 9.679107874374146547e-01 0.000000000000000000e+00 1.137915339098770958e-03 0.000000000000000000e+00
2.100000000000000000e+02 8.399989022214837675e-02 6.668183887118799003e-02 9.291078743741465473e-01 0.000000000000000000e+00 4.210286754665453109e-03 0.000000000000000000e+00
2.400000000000000000e+02 9.599987453959824002e-02 1.372325898953117851e-01 8.537778789258079204e-01 0.000000000000000000e+00 8.989531178880291046e-03 0.000000000000000000e+00
2.700000000000000000e+02 1.079998588570481033e-01 2.300864815657714946e-01 7.513654984069185749e-01 0.000000000000000000e+00 1.854802002730996865e-02 0.000000000000000000e+00
3.000000000000000000e+02 1.199998431744977445e-01 3.543468365953573174e-01 6.087847064178425471e-01 0.000000000000000000e+00 3.686845698680018407e-02 0.000000000000000000e+00
3.300000000000000000e+02 1.319998274919476078e-01 5.164997724169322346e-01 4.146563495675921751e-01 4.551661356395084266e-04 6.838871187983613931e-02 0.000000000000000000e+00
3.600000000000000000e+02 1.439998118093972490e-01 6.292671825216203940e-01 2.468138370505234547e-01 2.275830678197541916e-03 1.216431497496586189e-01 0.000000000000000000e+00
3.900000000000000000e+02 1.559997961268471123e-01 6.962903959945380139e-01 1.234638142922166587e-01 1.012744651797906244e-02 1.701183431952662806e-01 0.000000000000000000e+00
4.200000000000000000e+02 1.679997804442969755e-01 7.197314519799726806e-01 7.100591715976331542e-02 1.934456076467910846e-02 1.899180700955848955e-01 0.000000000000000000e+00
4.500000000000000000e+02 1.799997647617466168e-01 7.616067364588074984e-01 4.403732362312243881e-02 2.639963586709149004e-02 1.679563040509786109e-01 0.000000000000000000e+00
4.800000000000000000e+02 1.919997490791964800e-01 8.001820664542558248e-01 3.629949931725079404e-02 2.992717341829767910e-02 1.335912608101957333e-01 0.000000000000000000e+00
5.100000000000000000e+02 2.039997333966463433e-01 8.312471552116522666e-01 3.095129722348657214e-02 3.402366863905325473e-02 1.037778789258079204e-01 0.000000000000000000e+00
5.400000000000000000e+02 2.159997177140959845e-01 8.600364132908511205e-01 2.480655439235321044e-02 3.311333636777423484e-02 8.204369594902138907e-02 0.000000000000000000e+00
5.700000000000000000e+02 2.279997020315458478e-01 8.827947200728265553e-01 2.480655439235321044e-02 3.334091943559399501e-02 5.905780609922621494e-02 0.000000000000000000e+00
6.000000000000000000e+02 2.399996863489954890e-01 8.971324533454710926e-01 2.173418297678652786e-02 3.766499772416932040e-02 4.346836595357305572e-02 0.000000000000000000e+00
6.300000000000000000e+02 2.519996706664453523e-01 9.110150204824760678e-01 2.309968138370505075e-02 3.243058716431497512e-02 3.345471096950387163e-02 0.000000000000000000e+00
6.600000000000000000e+02 2.639996549838952156e-01 9.163632225762403660e-01 2.014110150204824826e-02 3.015475648611743234e-02 3.322712790168411146e-02 1.137915339098771066e-04
6.900000000000000000e+02 2.759996393013448568e-01 9.294492489758762188e-01 2.082385070550751144e-02 2.605826126536185672e-02 2.355484751934456070e-02 1.137915339098771066e-04
7.200000000000000000e+02 2.879996236187947201e-01 9.365043240782885414e-01 1.763768775603095224e-02 2.480655439235321044e-02 2.105143377332726468e-02 0.000000000000000000e+00
7.500000000000000000e+02 2.999996079362445833e-01 9.400318616294948137e-01 2.071005917159763482e-02 1.979972690031861493e-02 1.945835229858898507e-02 0.000000000000000000e+00
7.800000000000000000e+02 3.119995922536942246e-01 9.484524351388257113e-01 1.411015020482476144e-02 2.287209831588529751e-02 1.456531634046426965e-02 0.000000000000000000e+00
8.100000000000000000e+02 3.239995765711440878e-01 9.507282658170231882e-01 1.695493855257168905e-02 1.843422849340009204e-02 1.388256713700500647e-02 0.000000000000000000e+00
8.400000000000000000e+02 3.359995608885937290e-01 9.590350477924441952e-01 1.251706873008648184e-02 1.763768775603095224e-02 1.069640418752844727e-02 1.137915339098771066e-04
8.700000000000000000e+02 3.479995452060435923e-01 9.574419663177059503e-01 1.604460628129267263e-02 1.536185707783340945e-02 1.103777878925807886e-02 1.137915339098771066e-04
9.000000000000000000e+02 3.599995295234934556e-01 9.657487482931269573e-01 1.160673645880746542e-02 1.217569412835685025e-02 1.024123805188893906e-02 2.275830678197542133e-04
9.300000000000000000e+02 3.719995138409430968e-01 9.632453345471096995e-01 1.194811106053709528e-02 1.536185707783340945e-02 9.330905780609922637e-03 1.137915339098771066e-04
9.600000000000000000e+02 3.839994981583929601e-01 9.745106964041875264e-01 9.786071916249430847e-03 9.558488848429677609e-03 6.030951297223486815e-03 1.137915339098771066e-04
9.900000000000000000e+02 3.959994824758428233e-01 9.741693218024578549e-01 7.851615839781519654e-03 9.672280382339554228e-03 7.965407373691398007e-03 3.413746017296313199e-04
1.020000000000000000e+03 4.079994667932924646e-01 9.759899863450158808e-01 7.851615839781519654e-03 8.989531178880291046e-03 7.055075102412380721e-03 1.137915339098771066e-04
1.050000000000000000e+03 4.199994511107423278e-01 9.798588984979517136e-01 7.510241238051888930e-03 7.965407373691398007e-03 4.210286754665453109e-03 4.551661356395084266e-04
1.080000000000000000e+03 4.319994354281919691e-01 9.823623122439690825e-01 6.713700500682749130e-03 7.168866636322257339e-03 3.299954483386436255e-03 4.551661356395084266e-04
1.110000000000000000e+03 4.439994197456418323e-01 9.847519344560764498e-01 5.917159763313609329e-03 7.624032771961766417e-03 1.479289940828402332e-03 2.275830678197542133e-04
1.140000000000000000e+03 4.559994040630916956e-01 9.858898497951752438e-01 4.551661356395083832e-03 6.713700500682749130e-03 2.617205279927173507e-03 2.275830678197542133e-04
1.170000000000000000e+03 4.679993883805413368e-01 9.856622667273554628e-01 5.348202093764223633e-03 6.486117432862995025e-03 1.934456076467910759e-03 5.689576695493854790e-04
1.200000000000000000e+03 4.799993726979912001e-01 9.878243058716431602e-01 5.006827492034592909e-03 5.917159763313609329e-03 9.103322712790168532e-04 3.413746017296313199e-04
1.230000000000000000e+03 4.919993570154408413e-01 9.891898042785616241e-01 3.413746017296313308e-03 5.689576695493855224e-03 1.365498406918525280e-03 3.413746017296313199e-04
1.260000000000000000e+03 5.039993413328907046e-01 9.906690942193900895e-01 2.958579881656804664e-03 4.779244424214838804e-03 1.251706873008648227e-03 3.413746017296313199e-04
1.290000000000000000e+03 5.159993256503405679e-01 9.896449704142011861e-01 4.096495220755575623e-03 5.120619025944469528e-03 7.965407373691396923e-04 3.413746017296313199e-04
1.320000000000000000e+03 5.279993099677902091e-01 9.919208010923987739e-01 2.389622212107419402e-03 4.210286754665453109e-03 6.827492034592626399e-04 7.965407373691396923e-04
1.350000000000000000e+03 5.399992942852400724e-01 9.916932180245789930e-01 2.162039144287664864e-03 5.348202093764223633e-03 5.689576695493854790e-04 2.275830678197542133e-04
1.380000000000000000e+03 5.519992786026899356e-01 9.924897587619481154e-01 2.389622212107419402e-03 4.437869822485207214e-03 2.275830678197542133e-04 4.551661356395084266e-04
1.410000000000000000e+03 5.639992629201395768e-01 9.905553026854801990e-01 2.275830678197541916e-03 5.234410559854347014e-03 6.827492034592626399e-04 1.251706873008648227e-03
1.440000000000000000e+03 5.759992472375894401e-01 9.921483841602184439e-01 2.275830678197541916e-03 4.893035958124715423e-03 3.413746017296313199e-04 3.413746017296313199e-04
1.470000000000000000e+03 5.879992315550390813e-01 9.916932180245789930e-01 2.389622212107419402e-03 4.551661356395083832e-03 9.103322712790168532e-04 4.551661356395084266e-04
1.500000000000000000e+03 5.999992158724889446e-01 9.923759672280382249e-01 1.820664542558033706e-03 3.527537551206190360e-03 4.551661356395084266e-04 1.820664542558033706e-03
1.530000000000000000e+03 6.119992001899388079e-01 9.912380518889394310e-01 2.048247610377787811e-03 4.551661356395083832e-03 1.820664542558033706e-03 3.413746017296313199e-04
1.560000000000000000e+03 6.239991845073884491e-01 9.939690487027764698e-01 1.024123805188893906e-03 3.186162949476558769e-03 9.103322712790168532e-04 9.103322712790168532e-04
1.590000000000000000e+03 6.359991688248383124e-01 9.937414656349567998e-01 1.820664542558033706e-03 2.730996813837050560e-03 6.827492034592626399e-04 1.024123805188893906e-03
1.620000000000000000e+03 6.479991531422881756e-01 9.946517979062358128e-01 9.103322712790168532e-04 3.186162949476558769e-03 6.827492034592626399e-04 5.689576695493854790e-04
1.650000000000000000e+03 6.599991374597378169e-01 9.965862539827037292e-01 7.965407373691396923e-04 2.048247610377787811e-03 4.551661356395084266e-04 1.137915339098771066e-04
1.680000000000000000e+03 6.719991217771876801e-01 9.949931725079653733e-01 1.137915339098770958e-03 2.730996813837050560e-03 5.689576695493854790e-04 5.689576695493854790e-04
1.710000000000000000e+03 6.839991060946373214e-01 9.963586709148839482e-01 9.103322712790168532e-04 1.820664542558033706e-03 1.137915339098771066e-04 7.965407373691396923e-04
1.740000000000000000e+03 6.959990904120871846e-01 9.957897132453344957e-01 6.827492034592626399e-04 2.503413746017296455e-03 5.689576695493854790e-04 4.551661356395084266e-04
1.770000000000000000e+03 7.079990747295370479e-01 9.961310878470641672e-01 4.551661356395084266e-04 2.617205279927173507e-03 1.137915339098771066e-04 6.827492034592626399e-04
1.800000000000000000e+03 7.199990590469866891e-01 9.953345471096950448e-01 6.827492034592626399e-04 2.389622212107419402e-03 5.689576695493854790e-04 1.024123805188893906e-03
1.830000000000000000e+03 7.319990433644365524e-01 9.963586709148839482e-01 6.827492034592626399e-04 1.251706873008648227e-03 6.827492034592626399e-04 1.024123805188893906e-03
1.860000000000000000e+03 7.439990276818864157e-01 9.957897132453344957e-01 9.103322712790168532e-04 1.706873008648156654e-03 9.103322712790168532e-04 6.827492034592626399e-04
1.890000000000000000e+03 7.559990119993360569e-01 9.962448793809740577e-01 5.689576695493854790e-04 2.275830678197541916e-03 2.275830678197542133e-04 6.827492034592626399e-04
1.920000000000000000e+03 7.679989963167859202e-01 9.956759217114247162e-01 6.827492034592626399e-04 1.479289940828402332e-03 6.827492034592626399e-04 1.479289940828402332e-03
1.950000000000000000e+03 7.799989806342355614e-01 9.969276285844332897e-01 3.413746017296313199e-04 1.479289940828402332e-03 5.689576695493854790e-04 6.827492034592626399e-04
1.980000000000000000e+03 7.919989649516854247e-01 9.969276285844332897e-01 5.689576695493854790e-04 1.706873008648156654e-03 2.275830678197542133e-04 5.689576695493854790e-04
2.010000000000000000e+03 8.039989492691352879e-01 9.979517523896221931e-01 2.275830678197542133e-04 7.965407373691396923e-04 3.413746017296313199e-04 6.827492034592626399e-04
2.040000000000000000e+03 8.159989335865849291e-01 9.978379608557123026e-01 1.137915339098771066e-04 1.137915339098770958e-03 1.137915339098771066e-04 7.965407373691396923e-04
2.070000000000000000e+03 8.279989179040347924e-01 9.974965862539827421e-01 3.413746017296313199e-04 1.365498406918525280e-03 1.137915339098771066e-04 6.827492034592626399e-04
2.100000000000000000e+03 8.399989022214844336e-01 9.973827947200728516e-01 3.413746017296313199e-04 1.137915339098770958e-03 2.275830678197542133e-04 9.103322712790168532e-04
2.130000000000000000e+03 8.519988865389342969e-01 9.970414201183431802e-01 2.275830678197542133e-04 1.024123805188893906e-03 4.551661356395084266e-04 1.251706873008648227e-03
2.160000000000000000e+03 8.639988708563841602e-01 9.980655439235320836e-01 1.137915339098771066e-04 9.103322712790168532e-04 1.137915339098771066e-04 7.965407373691396923e-04
2.190000000000000000e+03 8.759988551738338014e-01 9.979517523896221931e-01 2.275830678197542133e-04 6.827492034592626399e-04 2.275830678197542133e-04 9.103322712790168532e-04
2.220000000000000000e+03 8.879988394912836647e-01 9.984069185252617551e-01 1.137915339098771066e-04 3.413746017296313199e-04 1.137915339098771066e-04 1.024123805188893906e-03
2.250000000000000000e+03 8.999988238087335279e-01 9.982931269913518646e-01 3.413746017296313199e-04 3.413746017296313199e-04 1.137915339098771066e-04 9.103322712790168532e-04
2.280000000000000000e+03 9.119988081261831692e-01 9.986345015930814251e-01 1.137915339098771066e-04 1.137915339098771066e-04 3.413746017296313199e-04 7.965407373691396923e-04
2.310000000000000000e+03 9.239987924436330324e-01 9.982931269913518646e-01 3.413746017296313199e-04 4.551661356395084266e-04 3.413746017296313199e-04 5.689576695493854790e-04
2.340000000000000000e+03 9.359987767610826737e-01 9.977241693218024121e-01 6.827492034592626399e-04 3.413746017296313199e-04 2.275830678197542133e-04 1.024123805188893906e-03
2.370000000000000000e+03 9.479987610785325369e-01 9.974965862539827421e-01 2.275830678197542133e-04 5.689576695493854790e-04 1.137915339098771066e-04 1.593081474738279385e-03
2.400000000000000000e+03 9.599987453959824002e-01 9.981793354574419741e-01 2.275830678197542133e-04 4.551661356395084266e-04 1.137915339098771066e-04 1.024123805188893906e-03
2.430000000000000000e+03 9.719987297134320414e-01 9.984069185252617551e-01 2.275830678197542133e-04 3.413746017296313199e-04 3.413746017296313199e-04 6.827492034592626399e-04
2.460000000000000000e+03 9.839987140308819047e-01 9.974965862539827421e-01 1.137915339098771066e-04 4.551661356395084266e-04 3.413746017296313199e-04 1.593081474738279385e-03
2.490000000000000000e+03 9.959986983483317680e-01 9.974965862539827421e-01 2.275830678197542133e-04 4.551661356395084266e-04 1.137915339098771066e-04 1.706873008648156654e-03
