# itime ezz other fcc hcp bcc ico
0.000000000000000000e+00 0.000000000000000000e+00 5.689576695493854790e-04 9.994310423304506585e-01 0.000000000000000000e+00 0.000000000000000000e+00 0.000000000000000000e+00
3.000000000000000000e+00 1.199987789970435870e-03 1.365498406918525280e-03 9.986345015930814251e-01 0.000000000000000000e+00 0.000000000000000000e+00 0.000000000000000000e+00
6.000000000000000000e+00 2.399975579940871739e-03 1.251706873008648227e-03 9.987482931269913156e-01 0.000000000000000000e+00 0.000000000000000000e+00 0.000000000000000000e+00
9.000000000000000000e+00 3.599963369911307609e-03 2.048247610377787811e-03 9.979517523896221931e-01 0.000000000000000000e+00 0.000000000000000000e+00 0.000000000000000000e+00
1.200000000000000000e+01 4.799951159881743479e-03 2.275830678197541916e-03 9.977241693218024121e-01 0.000000000000000000e+00 0.000000000000000000e+00 0.000000000000000000e+00
1.500000000000000000e+01 5.999938949852179348e-03 2.503413746017296455e-03 9.974965862539827421e-01 0.000000000000000000e+00 0.000000000000000000e+00 0.000000000000000000e+00
1.800000000000000000e+01 7.199926739822393174e-03 1.593081474738279385e-03 9.984069185252617551e-01 0.000000000000000000e+00 0.000000000000000000e+00 0.000000000000000000e+00
2.100000000000000000e+01 8.399914529792829043e-03 1.251706873008648227e-03 9.987482931269913156e-01 0.000000000000000000e+00 0.000000000000000000e+00 0.000000000000000000e+00
2.400000000000000000e+01 9.599902319763264913e-03 7.965407373691396923e-04 9.992034592626308775e-01 0.000000000000000000e+00 0.000000000000000000e+00 0.000000000000000000e+00
2.700000000000000000e+01 1.079989010973370078e-02 7.965407373691396923e-04 9.992034592626308775e-01 0.000000000000000000e+00 0.000000000000000000e+00 0.000000000000000000e+00
3.000000000000000000e+01 1.199987789970413665e-02 6.827492034592626399e-04 9.993172507965407680e-01 0.000000000000000000e+00 0.000000000000000000e+00 0.000000000000000000e+00
3.300000000000000000e+01 1.319986568967457252e-02 5.689576695493854790e-04 9.994310423304506585e-01 0.000000000000000000e+00 0.000000000000000000e+00 0.000000000000000000e+00
3.600000000000000000e+01 1.439985347964500839e-02 1.251706873008648227e-03 9.986345015930814251e-01 0.000000000000000000e+00 1.137915339098771066e-04 0.000000000000000000e+00
3.900000000000000000e+01 1.559984126961544426e-02 2.162039144287664864e-03 9.978379608557123026e-01 0.000000000000000000e+00 0.000000000000000000e+00 0.000000000000000000e+00
4.200000000000000000e+01 1.679982905958588013e-02 2.275830678197541916e-03 9.977241693218024121e-01 0.000000000000000000e+00 0.000000000000000000e+00 0.000000000000000000e+00
4.500000000000000000e+01 1.799981684955631600e-02 2.162039144287664864e-03 9.978379608557123026e-01 0.000000000000000000e+00 0.000000000000000000e+00 0.000000000000000000e+00
4.800000000000000000e+01 1.919980463952675187e-02 1.593081474738279385e-03 9.984069185252617551e-01 0.000000000000000000e+00 0.000000000000000000e+00 0.000000000000000000e+00
5.100000000000000000e+01 2.039979242949696570e-02 1.479289940828402332e-03 9.985207100591716456e-01 0.000000000000000000e+00 0.000000000000000000e+00 0.000000000000000000e+00
5.400000000000000000e+01 2.159978021946740157e-02 1.024123805188893906e-03 9.989758761948110966e-01 0.000000000000000000e+00 0.000000000000000000e+00 0.000000000000000000e+00
5.700000000000000000e+01 2.279976800943783743e-02 1.479289940828402332e-03 9.985207100591716456e-01 0.000000000000000000e+00 0.000000000000000000e+00 0.000000000000000000e+00
6.000000000000000000e+01 2.399975579940827330e-02 6.827492034592626399e-04 9.993172507965407680e-01 0.000000000000000000e+00 0.000000000000000000e+00 0.000000000000000000e+00
6.300000000000000000e+01 2.519974358937870917e-02 1.706873008648156654e-03 9.982931269913518646e-01 0.000000000000000000e+00 0.000000000000000000e+00 0.000000000000000000e+00
6.600000000000000000e+01 2.639973137934914504e-02 1.479289940828402332e-03 9.985207100591716456e-01 0.000000000000000000e+00 0.000000000000000000e+00 0.000000000000000000e+00
6.900000000000000000e+01 2.759971916931958091e-02 1.706873008648156654e-03 9.982931269913518646e-01 0.000000000000000000e+00 0.000000000000000000e+00 0.000000000000000000e+00
7.200000000000000000e+01 2.879970695929001678e-02 2.389622212107419402e-03 9.976103777878926326e-01 0.000000000000000000e+00 0.000000000000000000e+00 0.000000000000000000e+00
7.500000000000000000e+01 2.999969474926045265e-02 3.072371415566681717e-03 9.969276285844332897e-01 0.000000000000000000e+00 0.000000000000000000e+00 0.000000000000000000e+00
7.800000000000000000e+01 3.119968253923088852e-02 3.755120619025944465e-03 9.962448793809740577e-01 0.000000000000000000e+00 0.000000000000000000e+00 0.000000000000000000e+00
8.100000000000000000e+01 3.239967032920132439e-02 4.551661356395083832e-03 9.954483386436049352e-01 0.000000000000000000e+00 0.000000000000000000e+00 0.000000000000000000e+00
8.400000000000000000e+01 3.359965811917153822e-02 4.893035958124715423e-03 9.951069640418752638e-01 0.000000000000000000e+00 0.000000000000000000e+00 0.000000000000000000e+00
8.700000000000000000e+01 3.479964590914197409e-02 4.551661356395083832e-03 9.954483386436049352e-01 0.000000000000000000e+00 0.000000000000000000e+00 0.000000000000000000e+00
9.000000000000000000e+01 3.599963369911240996e-02 5.120619025944469528e-03 9.948793809740554828e-01 0.000000000000000000e+00 0.000000000000000000e+00 0.000000000000000000e+00
9.300000000000000000e+01 3.719962148908284583e-02 5.234410559854347014e-03 9.946517979062358128e-01 0.000000000000000000e+00 1.137915339098771066e-04 0.000000000000000000e+00
9.600000000000000000e+01 3.839960927905328170e-02 5.917159763313609329e-03 9.939690487027764698e-01 0.000000000000000000e+00 1.137915339098771066e-04 0.000000000000000000e+00
9.900000000000000000e+01 3.959959706902371757e-02 5.575785161583977738e-03 9.944242148384160318e-01 0.000000000000000000e+00 0.000000000000000000e+00 0.000000000000000000e+00
1.020000000000000000e+02 4.079958485899415344e-02 6.713700500682749130e-03 9.932862994993172379e-01 0.000000000000000000e+00 0.000000000000000000e+00 0.000000000000000000e+00
1.050000000000000000e+02 4.199957264896458931e-02 8.648156577150659455e-03 9.911242603550295405e-01 0.000000000000000000e+00 2.275830678197542133e-04 0.000000000000000000e+00
1.080000000000000000e+02 4.319956043893502518e-02 1.001365498406918582e-02 9.896449704142011861e-01 0.000000000000000000e+00 3.413746017296313199e-04 0.000000000000000000e+00
1.110000000000000000e+02 4.439954822890546104e-02 1.046882111970869403e-02 9.890760127446518446e-01 0.000000000000000000e+00 4.551661356395084266e-04 0.000000000000000000e+00
1.140000000000000000e+02 4.559953601887589691e-02 1.035502958579881741e-02 9.893035958124715146e-01 0.000000000000000000e+00 3.413746017296313199e-04 0.000000000000000000e+00
1.170000000000000000e+02 4.679952380884611074e-02 1.126536185707783383e-02 9.886208466090122826e-01 0.000000000000000000e+00 1.137915339098771066e-04 0.000000000000000000e+00
1.200000000000000000e+02 4.799951159881654661e-02 1.115157032316795548e-02 9.887346381429221731e-01 0.000000000000000000e+00 1.137915339098771066e-04 0.000000000000000000e+00
1.230000000000000000e+02 4.919949938878698248e-02 1.046882111970869403e-02 9.890760127446518446e-01 0.000000000000000000e+00 4.551661356395084266e-04 0.000000000000000000e+00
1.260000000000000000e+02 5.039948717875741835e-02 1.069640418752844727e-02 9.888484296768320636e-01 0.000000000000000000e+00 4.551661356395084266e-04 0.000000000000000000e+00
1.290000000000000000e+02 5.159947496872785422e-02 1.183431952662721866e-02 9.878243058716431602e-01 0.000000000000000000e+00 3.413746017296313199e-04 0.000000000000000000e+00
1.320000000000000000e+02 5.279946275869829009e-02 1.263086026399635846e-02 9.871415566681839282e-01 0.000000000000000000e+00 2.275830678197542133e-04 0.000000000000000000e+00
1.350000000000000000e+02 5.399945054866872596e-02 1.115157032316795548e-02 9.887346381429221731e-01 0.000000000000000000e+00 1.137915339098771066e-04 0.000000000000000000e+00
1.380000000000000000e+02 5.519943833863916183e-02 1.092398725534820224e-02 9.888484296768320636e-01 0.000000000000000000e+00 2.275830678197542133e-04 0.000000000000000000e+00
1.410000000000000000e+02 5.639942612860959770e-02 1.251706873008648184e-02 9.872553482020938187e-01 0.000000000000000000e+00 2.275830678197542133e-04 0.000000000000000000e+00
1.440000000000000000e+02 5.759941391858003357e-02 1.456531634046426965e-02 9.847519344560764498e-01 0.000000000000000000e+00 6.827492034592626399e-04 0.000000000000000000e+00
1.470000000000000000e+02 5.879940170855046944e-02 1.786527082385070547e-02 9.813381884387801790e-01 0.000000000000000000e+00 7.965407373691396923e-04 0.000000000000000000e+00
1.500000000000000000e+02 5.999938949852068326e-02 2.002730996813837164e-02 9.788347746927628101e-01 0.000000000000000000e+00 1.137915339098770958e-03 0.000000000000000000e+00
1.530000000000000000e+02 6.119937728849111913e-02 1.923076923076923184e-02 9.798588984979517136e-01 0.000000000000000000e+00 9.103322712790168532e-04 0.000000000000000000e+00
1.560000000000000000e+02 6.239936507846155500e-02 1.854802002730996865e-02 9.800864815657714946e-01 0.000000000000000000e+00 1.365498406918525280e-03 0.000000000000000000e+00
1.590000000000000000e+02 6.359935286843199087e-02 1.991351843422849502e-02 9.794037323623122626e-01 0.000000000000000000e+00 6.827492034592626399e-04 0.000000000000000000e+00
1.620000000000000000e+02 6.479934065840242674e-02 2.469276285844333035e-02 9.747382794720073074e-01 0.000000000000000000e+00 5.689576695493854790e-04 0.000000000000000000e+00
1.650000000000000000e+02 6.599932844837286261e-02 2.662721893491124328e-02 9.722348657259899385e-01 0.000000000000000000e+00 1.137915339098770958e-03 0.000000000000000000e+00
1.680000000000000000e+02 6.719931623834329848e-02 2.765134274010013632e-02 9.713245334547109255e-01 0.000000000000000000e+00 1.024123805188893906e-03 0.000000000000000000e+00
1.710000000000000000e+02 6.839930402831373435e-02 3.117888029130632538e-02 9.673418297678653133e-01 0.000000000000000000e+00 1.479289940828402332e-03 0.000000000000000000e+00
1.740000000000000000e+02 6.959929181828417022e-02 3.573054164770141095e-02 9.631315430131998090e-01 0.000000000000000000e+00 1.137915339098770958e-03 0.000000000000000000e+00
1.770000000000000000e+02 7.079927960825460609e-02 3.857532999544834029e-02 9.601729631315429891e-01 0.000000000000000000e+00 1.251706873008648227e-03 0.000000000000000000e+00
1.800000000000000000e+02 7.199926739822504196e-02 4.073736913973600299e-02 9.575557578516158408e-01 0.000000000000000000e+00 1.706873008648156654e-03 0.000000000000000000e+00
1.830000000000000000e+02 7.319925518819525578e-02 4.164770141101502288e-02 9.564178425125170468e-01 0.000000000000000000e+00 1.934456076467910759e-03 0.000000000000000000e+00
1.860000000000000000e+02 7.439924297816569165e-02 4.415111515703231543e-02 9.543695949021392400e-01 0.000000000000000000e+00 1.479289940828402332e-03 0.000000000000000000e+00
1.890000000000000000e+02 7.559923076813612752e-02 4.767865270823850449e-02 9.507282658170231882e-01 0.000000000000000000e+00 1.593081474738279385e-03 0.000000000000000000e+00
1.920000000000000000e+02 7.679921855810656339e-02 4.733727810650887463e-02 9.514110150204825311e-01 0.000000000000000000e+00 1.251706873008648227e-03 0.000000000000000000e+00
1.950000000000000000e+02 7.799920634807699926e-02 4.415111515703231543e-02 9.540282203004096795e-01 0.000000000000000000e+00 1.820664542558033706e-03 0.000000000000000000e+00
1.980000000000000000e+02 7.919919413804743513e-02 4.415111515703231543e-02 9.540282203004096795e-01 0.000000000000000000e+00 1.820664542558033706e-03 0.000000000000000000e+00
2.010000000000000000e+02 8.039918192801787100e-02 4.984069185252617412e-02 9.479972690031861493e-01 0.000000000000000000e+00 2.162039144287664864e-03 0.000000000000000000e+00
2.040000000000000000e+02 8.159916971798830687e-02 5.143377332726445372e-02 9.458352298588984519e-01 0.000000000000000000e+00 2.730996813837050560e-03 0.000000000000000000e+00
2.070000000000000000e+02 8.279915750795874274e-02 5.200273099681383682e-02 9.450386891215293295e-01 0.000000000000000000e+00 2.958579881656804664e-03 0.000000000000000000e+00
2.100000000000000000e+02 8.399914529792917861e-02 5.541647701411014926e-02 9.417387346381429492e-01 0.000000000000000000e+00 2.844788347746927612e-03 0.000000000000000000e+00
2.130000000000000000e+02 8.519913308789961448e-02 6.087847064178425471e-02 9.354802002730996380e-01 0.000000000000000000e+00 3.641329085116067413e-03 0.000000000000000000e+00
2.160000000000000000e+02 8.639912087786982831e-02 6.326809285389166371e-02 9.336595357305416121e-01 0.000000000000000000e+00 3.072371415566681717e-03 0.000000000000000000e+00
2.190000000000000000e+02 8.759910866784026418e-02 7.009558488848430247e-02 9.278561675011378629e-01 0.000000000000000000e+00 2.048247610377787811e-03 0.000000000000000000e+00
2.220000000000000000e+02 8.879909645781070004e-02 7.373691397360036814e-02 9.229631315430132377e-01 0.000000000000000000e+00 3.299954483386436255e-03 0.000000000000000000e+00
2.250000000000000000e+02 8.999908424778113591e-02 8.386436049157942885e-02 9.126081019572144237e-01 0.000000000000000000e+00 3.527537551206190360e-03 0.000000000000000000e+00
2.280000000000000000e+02 9.119907203775157178e-02 9.228493400091032639e-02 9.035047792444241832e-01 0.000000000000000000e+00 4.210286754665453109e-03 0.000000000000000000e+00
2.310000000000000000e+02 9.239905982772200765e-02 1.015020482476103741e-01 8.926945835229859183e-01 0.000000000000000000e+00 5.803368229403732710e-03 0.000000000000000000e+00
2.340000000000000000e+02 9.359904761769244352e-02 1.098088302230314089e-01 8.855257168866635942e-01 0.000000000000000000e+00 4.665452890304961318e-03 0.000000000000000000e+00
2.370000000000000000e+02 9.479903540766287939e-02 1.203914428766499761e-01 8.747155211652253293e-01 0.000000000000000000e+00 4.893035958124715423e-03 0.000000000000000000e+00
2.400000000000000000e+02 9.599902319763331526e-02 1.283568502503413811e-01 8.661811561219845412e-01 0.000000000000000000e+00 5.461993627674101119e-03 0.000000000000000000e+00
2.430000000000000000e+02 9.719901098760375113e-02 1.379153390987710448e-01 8.559399180700956178e-01 0.000000000000000000e+00 6.144742831133363434e-03 0.000000000000000000e+00
2.460000000000000000e+02 9.839899877757418700e-02 1.494082840236686527e-01 8.429676832043695445e-01 0.000000000000000000e+00 7.624032771961766417e-03 0.000000000000000000e+00
2.490000000000000000e+02 9.959898656754440083e-02 1.595357305416477134e-01 8.314747382794720476e-01 0.000000000000000000e+00 8.989531178880291046e-03 0.000000000000000000e+00
2.520000000000000000e+02 1.007989743575148367e-01 1.677287209831588577e-01 8.222576240327719166e-01 1.137915339098771066e-04 9.899863450159307465e-03 0.000000000000000000e+00
2.550000000000000000e+02 1.019989621474852726e-01 1.794492489758761911e-01 8.108784706417841992e-01 1.137915339098771066e-04 9.558488848429677609e-03 0.000000000000000000e+00
2.580000000000000000e+02 1.031989499374557084e-01 1.854802002730996935e-01 8.023441055985435222e-01 1.137915339098771066e-04 1.206190259444697363e-02 0.000000000000000000e+00
2.610000000000000000e+02 1.043989377274261443e-01 1.948111060537096040e-01 7.913063268092853653e-01 1.137915339098771066e-04 1.376877560309512985e-02 0.000000000000000000e+00
2.640000000000000000e+02 1.055989255173965802e-01 1.978834774692762866e-01 7.862994993172508496e-01 0.000000000000000000e+00 1.581702321347291593e-02 0.000000000000000000e+00
2.670000000000000000e+02 1.067989133073670160e-01 2.125625853436504398e-01 7.729858898497952158e-01 0.000000000000000000e+00 1.445152480655439303e-02 0.000000000000000000e+00
2.700000000000000000e+02 1.079989010973374519e-01 2.253072371415566766e-01 7.583067819754210070e-01 0.000000000000000000e+00 1.638598088302230249e-02 0.000000000000000000e+00
2.730000000000000000e+02 1.091988888873078878e-01 2.406690942193900895e-01 7.414656349567592120e-01 0.000000000000000000e+00 1.786527082385070547e-02 0.000000000000000000e+00
2.760000000000000000e+02 1.103988766772783237e-01 2.550068274920345712e-01 7.255348202093764298e-01 0.000000000000000000e+00 1.945835229858898507e-02 0.000000000000000000e+00
2.790000000000000000e+02 1.115988644672487595e-01 2.674101046882111921e-01 7.091488393263540857e-01 0.000000000000000000e+00 2.344105598543468408e-02 0.000000000000000000e+00
2.820000000000000000e+02 1.127988522572189733e-01 2.756030951297223641e-01 6.985662266727356018e-01 0.000000000000000000e+00 2.583067819754210348e-02 0.000000000000000000e+00
2.850000000000000000e+02 1.139988400471894092e-01 2.839098771051433712e-01 6.879836140191170069e-01 0.000000000000000000e+00 2.810650887573964626e-02 0.000000000000000000e+00
2.880000000000000000e+02 1.151988278371598451e-01 2.954028220300409791e-01 6.748975876194811541e-01 0.000000000000000000e+00 2.969959035047792587e-02 0.000000000000000000e+00
2.910000000000000000e+02 1.163988156271302810e-01 3.081474738279472159e-01 6.601046882111970548e-01 0.000000000000000000e+00 3.174783796085571541e-02 0.000000000000000000e+00
2.940000000000000000e+02 1.175988034171007168e-01 3.263541192535275304e-01 6.391670459717796460e-01 0.000000000000000000e+00 3.447883477469276120e-02 0.000000000000000000e+00
2.970000000000000000e+02 1.187987912070711527e-01 3.429676832043696000e-01 6.195949021392808120e-01 1.137915339098771066e-04 3.732362312243969055e-02 0.000000000000000000e+00
3.000000000000000000e+02 1.199987789970415886e-01 3.590122894856622726e-01 6.012744651797906625e-01 1.137915339098771066e-04 3.959945380063722986e-02 0.000000000000000000e+00
3.030000000000000000e+02 1.211987667870120244e-01 3.755120619025944517e-01 5.819299044151114986e-01 2.275830678197542133e-04 4.233045061447428259e-02 0.000000000000000000e+00
3.060000000000000000e+02 1.223987545769824603e-01 3.893946290395994270e-01 5.665680473372780579e-01 3.413746017296313199e-04 4.369594902139280895e-02 0.000000000000000000e+00
3.090000000000000000e+02 1.235987423669528962e-01 4.135184342284933812e-01 5.372098315885298625e-01 3.413746017296313199e-04 4.893035958124715423e-02 0.000000000000000000e+00
3.120000000000000000e+02 1.247987301569233320e-01 4.304733727810650668e-01 5.137687756030950847e-01 2.275830678197542133e-04 5.553026854802002588e-02 0.000000000000000000e+00
3.150000000000000000e+02 1.259987179468935459e-01 4.470869367319071364e-01 4.924897587619481154e-01 7.965407373691396923e-04 5.962676376877560497e-02 0.000000000000000000e+00
3.180000000000000000e+02 1.271987057368639817e-01 4.615384615384615641e-01 4.733727810650887324e-01 6.827492034592626399e-04 6.440600819299044377e-02 0.000000000000000000e+00
3.210000000000000000e+02 1.283986935268344176e-01 4.840691852526172179e-01 4.477696859353664238e-01 9.103322712790168532e-04 6.725079654073737312e-02 0.000000000000000000e+00
3.240000000000000000e+02 1.295986813168048535e-01 5.031861629494766008e-01 4.267182521620391245e-01 1.024123805188893906e-03 6.907146108329539902e-02 0.000000000000000000e+00
3.270000000000000000e+02 1.307986691067752894e-01 5.258306781975421451e-01 3.997496586253982964e-01 1.365498406918525280e-03 7.305416477014110843e-02 0.000000000000000000e+00
3.300000000000000000e+02 1.319986568967457252e-01 5.460855712335002110e-01 3.746017296313154388e-01 1.137915339098770958e-03 7.817478379608557015e-02 0.000000000000000000e+00
3.330000000000000000e+02 1.331986446867161611e-01 5.619025944469731026e-01 3.570778334091943562e-01 1.365498406918525280e-03 7.965407373691398007e-02 0.000000000000000000e+00
3.360000000000000000e+02 1.343986324766865970e-01 5.761265361857077494e-01 3.381884387801547542e-01 1.934456076467910759e-03 8.375056895766955223e-02 0.000000000000000000e+00
3.390000000000000000e+02 1.355986202666570328e-01 5.854574419663176599e-01 3.258989531178880239e-01 1.479289940828402332e-03 8.716431497496586467e-02 0.000000000000000000e+00
3.420000000000000000e+02 1.367986080566274687e-01 5.922849340009103125e-01 3.080336822940373254e-01 2.958579881656804664e-03 9.672280382339554228e-02 0.000000000000000000e+00
3.450000000000000000e+02 1.379985958465979046e-01 6.060537096040055083e-01 2.872098315885298070e-01 3.299954483386436255e-03 1.034365043240782905e-01 0.000000000000000000e+00
3.480000000000000000e+02 1.391985836365681184e-01 6.054847519344560558e-01 2.773099681383704995e-01 4.551661356395083832e-03 1.126536185707783383e-01 0.000000000000000000e+00
3.510000000000000000e+02 1.403985714265385543e-01 6.186845698680017991e-01 2.601274465179790885e-01 4.096495220755575623e-03 1.170914883932635403e-01 0.000000000000000000e+00
3.540000000000000000e+02 1.415985592165089901e-01 6.306326809285389690e-01 2.455621301775147980e-01 4.324078288575329727e-03 1.194811106053709632e-01 0.000000000000000000e+00
3.570000000000000000e+02 1.427985470064794260e-01 6.392808375056895365e-01 2.291761492944924816e-01 5.234410559854347014e-03 1.263086026399635742e-01 0.000000000000000000e+00
3.600000000000000000e+02 1.439985347964498619e-01 6.503186162949476934e-01 2.154073736913973691e-01 6.030951297223486815e-03 1.282430587164314906e-01 0.000000000000000000e+00
3.630000000000000000e+02 1.451985225864202977e-01 6.588529813381884814e-01 1.992489758761948060e-01 6.372325898953117539e-03 1.355257168866636219e-01 0.000000000000000000e+00
3.660000000000000000e+02 1.463985103763907336e-01 6.786527082385070964e-01 1.779699590350477811e-01 7.396449704142011444e-03 1.359808830223031284e-01 0.000000000000000000e+00
3.690000000000000000e+02 1.475984981663611695e-01 6.838871187983613931e-01 1.686390532544378706e-01 7.510241238051888930e-03 1.399635867091488517e-01 0.000000000000000000e+00
3.720000000000000000e+02 1.487984859563316054e-01 6.888939462903960198e-01 1.585116067364588099e-01 8.534365043240782836e-03 1.440600819299044100e-01 0.000000000000000000e+00
3.750000000000000000e+02 1.499984737463020412e-01 6.964041875284479044e-01 1.471324533454710926e-01 1.024123805188893906e-02 1.462221210741920796e-01 0.000000000000000000e+00
3.780000000000000000e+02 1.511984615362724771e-01 7.015248065543923106e-01 1.376877560309512916e-01 1.069640418752844727e-02 1.500910332271279124e-01 0.000000000000000000e+00
3.810000000000000000e+02 1.523984493262426909e-01 7.063040509786071564e-01 1.266499772416932179e-01 1.263086026399635846e-02 1.544151115157032239e-01 0.000000000000000000e+00
3.840000000000000000e+02 1.535984371162131268e-01 7.093764223941738667e-01 1.193673190714610866e-01 1.263086026399635846e-02 1.586253982703686727e-01 0.000000000000000000e+00
3.870000000000000000e+02 1.547984249061835627e-01 7.140418752844788219e-01 1.133363677742375980e-01 1.274465179790623508e-02 1.598771051433773294e-01 0.000000000000000000e+00
3.900000000000000000e+02 1.559984126961539985e-01 7.148384160218479444e-01 1.069640418752844796e-01 1.399635867091488309e-02 1.642011834319526686e-01 0.000000000000000000e+00
3.930000000000000000e+02 1.571984004861244344e-01 7.206417842512516936e-01 9.740555302685480199e-02 1.479289940828402289e-02 1.671597633136094607e-01 0.000000000000000000e+00
3.960000000000000000e+02 1.583983882760948703e-01 7.226900318616295005e-01 9.160218479745106668e-02 1.558944014565316269e-02 1.701183431952662806e-01 0.000000000000000000e+00
3.990000000000000000e+02 1.595983760660653061e-01 7.281520254893035782e-01 8.488848429676831842e-02 1.604460628129267263e-02 1.709148839326354030e-01 0.000000000000000000e+00
4.020000000000000000e+02 1.607983638560357420e-01 7.283796085571233592e-01 8.124715521165225274e-02 1.718252162039144229e-02 1.731907146108329631e-01 0.000000000000000000e+00
4.050000000000000000e+02 1.619983516460061779e-01 7.314519799726900695e-01 7.624032771961765376e-02 1.945835229858898507e-02 1.728493400091033194e-01 0.000000000000000000e+00
4.080000000000000000e+02 1.631983394359766137e-01 7.342967683204369989e-01 7.168866636322257513e-02 1.832043695949021542e-02 1.756941283568502488e-01 0.000000000000000000e+00
4.110000000000000000e+02 1.643983272259470496e-01 7.372553482020938187e-01 6.781975421028675621e-02 1.934456076467910846e-02 1.755803368229403860e-01 0.000000000000000000e+00
4.140000000000000000e+02 1.655983150159172634e-01 7.369139736003641472e-01 6.634046426945834629e-02 1.991351843422849502e-02 1.768320436959490149e-01 0.000000000000000000e+00
4.170000000000000000e+02 1.667983028058876993e-01 7.435138825671370189e-01 6.178880291306326766e-02 2.071005917159763482e-02 1.739872553482020856e-01 0.000000000000000000e+00
4.200000000000000000e+02 1.679982905958581352e-01 7.488620846609012061e-01 5.826126536185707860e-02 2.082385070550751144e-02 1.720527992717341692e-01 0.000000000000000000e+00
4.230000000000000000e+02 1.691982783858285710e-01 7.496586253982703285e-01 5.530268548020027264e-02 2.002730996813837164e-02 1.750113791533909890e-01 0.000000000000000000e+00
4.260000000000000000e+02 1.703982661757990069e-01 7.551206190259445172e-01 5.325443786982248656e-02 2.036868456986800149e-02 1.712562585343650468e-01 0.000000000000000000e+00
4.290000000000000000e+02 1.715982539657694428e-01 7.636549840691853053e-01 5.063723258989531045e-02 1.854802002730996865e-02 1.671597633136094607e-01 0.000000000000000000e+00
4.320000000000000000e+02 1.727982417557398787e-01 7.713928083750568598e-01 4.574419663177059503e-02 1.991351843422849502e-02 1.629494765589440120e-01 0.000000000000000000e+00
4.350000000000000000e+02 1.739982295457103145e-01 7.703686845698679564e-01 4.551661356395084179e-02 2.059626763768775473e-02 1.635184342284934089e-01 0.000000000000000000e+00
4.380000000000000000e+02 1.751982173356807504e-01 7.710514337733272994e-01 4.312699135184342586e-02 2.230314064633591095e-02 1.635184342284934089e-01 0.000000000000000000e+00
4.410000000000000000e+02 1.763982051256511863e-01 7.833409194355940297e-01 3.994082840236686666e-02 2.218934911242603433e-02 1.545289030496131144e-01 0.000000000000000000e+00
4.440000000000000000e+02 1.775981929156216221e-01 7.913063268092853653e-01 3.903049613108784677e-02 2.253072371415566766e-02 1.471324533454710926e-01 0.000000000000000000e+00
4.470000000000000000e+02 1.787981807055918360e-01 7.926718252162039402e-01 3.937187073281747662e-02 2.287209831588529751e-02 1.450842057350933134e-01 0.000000000000000000e+00
4.500000000000000000e+02 1.799981684955622718e-01 7.956304050978607600e-01 3.777878925807919702e-02 2.275830678197542090e-02 1.438324988620846567e-01 0.000000000000000000e+00
4.530000000000000000e+02 1.811981562855327077e-01 7.927856167501138307e-01 3.800637232589895026e-02 2.355484751934456070e-02 1.456531634046426826e-01 0.000000000000000000e+00
4.560000000000000000e+02 1.823981440755031436e-01 7.981338188438780179e-01 3.766499772416932040e-02 2.218934911242603433e-02 1.420118343195266308e-01 0.000000000000000000e+00
4.590000000000000000e+02 1.835981318654735794e-01 8.038233955393718766e-01 3.550295857988165771e-02 2.071005917159763482e-02 1.399635867091488517e-01 0.000000000000000000e+00
4.620000000000000000e+02 1.847981196554440153e-01 8.086026399635867223e-01 3.322712790168411146e-02 1.945835229858898507e-02 1.387118798361401950e-01 0.000000000000000000e+00
4.650000000000000000e+02 1.859981074454144512e-01 8.111060537096039802e-01 3.106508875739644876e-02 2.071005917159763482e-02 1.371187983614019223e-01 0.000000000000000000e+00
4.680000000000000000e+02 1.871980952353848870e-01 8.123577605826126646e-01 3.140646335912607862e-02 2.093764223941738806e-02 1.352981338188438687e-01 0.000000000000000000e+00
4.710000000000000000e+02 1.883980830253553229e-01 8.178197542102867423e-01 2.935821574874829254e-02 2.116522530723714129e-02 1.316568047337278169e-01 0.000000000000000000e+00
4.740000000000000000e+02 1.895980708153257588e-01 8.235093309057806010e-01 2.969959035047792587e-02 2.218934911242603433e-02 1.246017296313154249e-01 0.000000000000000000e+00
4.770000000000000000e+02 1.907980586052961947e-01 8.293126991351843502e-01 2.730996813837050646e-02 2.264451524806554428e-02 1.207328174783796060e-01 0.000000000000000000e+00
4.800000000000000000e+02 1.919980463952664085e-01 8.322712790168411701e-01 2.696859353664087314e-02 2.298588984979517413e-02 1.177742375967228000e-01 0.000000000000000000e+00
4.830000000000000000e+02 1.931980341852368444e-01 8.363677742375966728e-01 2.594446973145198010e-02 2.366863905325443732e-02 1.140191169776968577e-01 0.000000000000000000e+00
4.860000000000000000e+02 1.943980219752072802e-01 8.406918525261720676e-01 2.344105598543468408e-02 2.218934911242603433e-02 1.136777423759672279e-01 0.000000000000000000e+00
4.890000000000000000e+02 1.955980097651777161e-01 8.422849340009103125e-01 2.355484751934456070e-02 2.184797451069640448e-02 1.123122439690487084e-01 0.000000000000000000e+00
4.920000000000000000e+02 1.967979975551481520e-01 8.433090578060992160e-01 2.423759672280382388e-02 2.309968138370505075e-02 1.093536640873919025e-01 0.000000000000000000e+00
4.950000000000000000e+02 1.979979853451185878e-01 8.477469276285843902e-01 2.435138825671370050e-02 2.298588984979517413e-02 1.049157942649066866e-01 0.000000000000000000e+00
4.980000000000000000e+02 1.991979731350890237e-01 8.504779244424214291e-01 2.344105598543468408e-02 2.480655439235321044e-02 1.012744651797906209e-01 0.000000000000000000e+00
5.010000000000000000e+02 2.003979609250594596e-01 8.502503413746017591e-01 2.344105598543468408e-02 2.594446973145198010e-02 1.003641329085116080e-01 0.000000000000000000e+00
5.040000000000000000e+02 2.015979487150298954e-01 8.566226672735548497e-01 2.344105598543468408e-02 2.503413746017296368e-02 9.490213928083750250e-02 0.000000000000000000e+00
5.070000000000000000e+02 2.027979365050003313e-01 8.575329995448338627e-01 2.355484751934456070e-02 2.730996813837050646e-02 9.160218479745106668e-02 0.000000000000000000e+00
5.100000000000000000e+02 2.039979242949707672e-01 8.600364132908511205e-01 2.287209831588529751e-02 2.719617660446062984e-02 8.989531178880291740e-02 0.000000000000000000e+00
5.130000000000000000e+02 2.051979120849409810e-01 8.610605370960400240e-01 2.321347291761493084e-02 2.787892580791988956e-02 8.784706417842512438e-02 0.000000000000000000e+00
5.160000000000000000e+02 2.063978998749114169e-01 8.620846609012289274e-01 2.344105598543468408e-02 2.594446973145198010e-02 8.852981338188438409e-02 0.000000000000000000e+00
5.190000000000000000e+02 2.075978876648818527e-01 8.668639053254437732e-01 2.253072371415566766e-02 2.526172052799271692e-02 8.534365043240782489e-02 0.000000000000000000e+00
5.220000000000000000e+02 2.087978754548522886e-01 8.742603550295857673e-01 2.082385070550751144e-02 2.480655439235321044e-02 8.010923987255348655e-02 0.000000000000000000e+00
5.250000000000000000e+02 2.099978632448227245e-01 8.780154756486117096e-01 2.162039144287665124e-02 2.469276285844333035e-02 7.567137005006827066e-02 0.000000000000000000e+00
5.280000000000000000e+02 2.111978510347931604e-01 8.823395539371871044e-01 2.082385070550751144e-02 2.457897132453345374e-02 7.225762403277195822e-02 0.000000000000000000e+00
5.310000000000000000e+02 2.123978388247635962e-01 8.806326809285389690e-01 2.162039144287665124e-02 2.730996813837050646e-02 7.043695949021393232e-02 0.000000000000000000e+00
5.340000000000000000e+02 2.135978266147340321e-01 8.823395539371871044e-01 2.184797451069640448e-02 2.799271734182976618e-02 6.781975421028675621e-02 0.000000000000000000e+00
5.370000000000000000e+02 2.147978144047044680e-01 8.872325898953118406e-01 2.127901684114701791e-02 2.685480200273099652e-02 6.463359126081019701e-02 0.000000000000000000e+00
5.400000000000000000e+02 2.159978021946749038e-01 8.918980427856167958e-01 1.991351843422849502e-02 2.548930359581247015e-02 6.269913518434228061e-02 0.000000000000000000e+00
5.430000000000000000e+02 2.171977899846453397e-01 8.938324988620847122e-01 2.014110150204824826e-02 2.526172052799271692e-02 6.076467910787437116e-02 0.000000000000000000e+00
5.460000000000000000e+02 2.183977777746155535e-01 9.004324078288575839e-01 1.797906235776058209e-02 2.423759672280382388e-02 5.735093309057805872e-02 0.000000000000000000e+00
5.490000000000000000e+02 2.195977655645859894e-01 9.030496131087847322e-01 1.729631315430131891e-02 2.366863905325443732e-02 5.598543468365953235e-02 0.000000000000000000e+00
5.520000000000000000e+02 2.207977533545564253e-01 9.060081929904415521e-01 1.627218934911242587e-02 2.412380518889394726e-02 5.359581247155211642e-02 0.000000000000000000e+00
5.550000000000000000e+02 2.219977411445268611e-01 9.045289030496130867e-01 1.615839781520254925e-02 2.423759672280382388e-02 5.507510241238051940e-02 0.000000000000000000e+00
5.580000000000000000e+02 2.231977289344972970e-01 9.068047337278106745e-01 1.547564861174328607e-02 2.457897132453345374e-02 5.314064633591260994e-02 0.000000000000000000e+00
5.610000000000000000e+02 2.243977167244677329e-01 9.097633136094674944e-01 1.570323167956303931e-02 2.264451524806554428e-02 5.188893946290396020e-02 0.000000000000000000e+00
5.640000000000000000e+02 2.255977045144381687e-01 9.138598088302229971e-01 1.593081474738279601e-02 2.207555757851615771e-02 4.813381884387801790e-02 0.000000000000000000e+00
5.670000000000000000e+02 2.267976923044086046e-01 9.144287664997724496e-01 1.547564861174328607e-02 2.332726445152480746e-02 4.676832043695949154e-02 0.000000000000000000e+00
5.700000000000000000e+02 2.279976800943790405e-01 9.163632225762403660e-01 1.649977241693217911e-02 2.309968138370505075e-02 4.403732362312243881e-02 0.000000000000000000e+00
5.730000000000000000e+02 2.291976678843494764e-01 9.176149294492489394e-01 1.649977241693217911e-02 2.309968138370505075e-02 4.278561675011378906e-02 0.000000000000000000e+00
5.760000000000000000e+02 2.303976556743199122e-01 9.177287209831588299e-01 1.581702321347291593e-02 2.287209831588529751e-02 4.358215748748293233e-02 0.000000000000000000e+00
5.790000000000000000e+02 2.315976434642901260e-01 9.178425125170687204e-01 1.752389622212107562e-02 2.435138825671370050e-02 4.028220300409649651e-02 0.000000000000000000e+00
5.820000000000000000e+02 2.327976312542605619e-01 9.202321347291761988e-01 1.775147928994082885e-02 2.389622212107419055e-02 3.812016385980882688e-02 0.000000000000000000e+00
5.850000000000000000e+02 2.339976190442309978e-01 9.195493855257168558e-01 1.741010468821119553e-02 2.389622212107419055e-02 3.914428766499772339e-02 0.000000000000000000e+00
5.880000000000000000e+02 2.351976068342014337e-01 9.176149294492489394e-01 1.718252162039144229e-02 2.412380518889394726e-02 4.096495220755575623e-02 1.137915339098771066e-04
5.910000000000000000e+02 2.363975946241718695e-01 9.208010923987255403e-01 1.638598088302230249e-02 2.423759672280382388e-02 3.846153846153846367e-02 1.137915339098771066e-04
5.940000000000000000e+02 2.375975824141423054e-01 9.250113791533909335e-01 1.467910787437414627e-02 2.264451524806554428e-02 3.766499772416932040e-02 0.000000000000000000e+00
5.970000000000000000e+02 2.387975702041127413e-01 9.289940828402366568e-01 1.490669094219390124e-02 2.150659990896677115e-02 3.459262630860263782e-02 0.000000000000000000e+00
6.000000000000000000e+02 2.399975579940831771e-01 9.299044151115156698e-01 1.513427401001365448e-02 2.116522530723714129e-02 3.379608557123350149e-02 0.000000000000000000e+00
6.030000000000000000e+02 2.411975457840536130e-01 9.296768320436959998e-01 1.490669094219390124e-02 2.184797451069640448e-02 3.356850250341374825e-02 0.000000000000000000e+00
6.060000000000000000e+02 2.423975335740240489e-01 9.295630405097861093e-01 1.422394173873463806e-02 2.321347291761493084e-02 3.299954483386435822e-02 0.000000000000000000e+00
6.090000000000000000e+02 2.435975213639944847e-01 9.322940373236231482e-01 1.433773327264451468e-02 2.150659990896677115e-02 3.186162949476559203e-02 0.000000000000000000e+00
6.120000000000000000e+02 2.447975091539646986e-01 9.312699135184342447e-01 1.524806554392353283e-02 2.139280837505689453e-02 3.208921256258534527e-02 0.000000000000000000e+00
6.150000000000000000e+02 2.459974969439351344e-01 9.304733727810651223e-01 1.604460628129267263e-02 2.218934911242603433e-02 3.129267182521620200e-02 0.000000000000000000e+00
6.180000000000000000e+02 2.471974847339055703e-01 9.305871643149750128e-01 1.490669094219390124e-02 2.378243058716431393e-02 3.072371415566681890e-02 0.000000000000000000e+00
6.210000000000000000e+02 2.483974725238760062e-01 9.329767865270823801e-01 1.411015020482476144e-02 2.355484751934456070e-02 2.935821574874829254e-02 0.000000000000000000e+00
6.240000000000000000e+02 2.495974603138464420e-01 9.312699135184342447e-01 1.456531634046426965e-02 2.423759672280382388e-02 2.992717341829767910e-02 0.000000000000000000e+00
6.270000000000000000e+02 2.507974481038168779e-01 9.328629949931724896e-01 1.467910787437414627e-02 2.287209831588529751e-02 2.947200728265816916e-02 1.137915339098771066e-04
6.300000000000000000e+02 2.519974358937873138e-01 9.344560764679107345e-01 1.456531634046426965e-02 2.230314064633591095e-02 2.856167501137915274e-02 1.137915339098771066e-04
6.330000000000000000e+02 2.531974236837577497e-01 9.377560309512972259e-01 1.445152480655439303e-02 2.002730996813837164e-02 2.765134274010013632e-02 1.137915339098771066e-04
6.360000000000000000e+02 2.543974114737281855e-01 9.375284478834774449e-01 1.411015020482476144e-02 2.127901684114701791e-02 2.708238507055074976e-02 0.000000000000000000e+00
6.390000000000000000e+02 2.555973992636986214e-01 9.428766499772417431e-01 1.217569412835685025e-02 2.014110150204824826e-02 2.480655439235321044e-02 0.000000000000000000e+00
6.420000000000000000e+02 2.567973870536690573e-01 9.434456076467910846e-01 1.137915339098771045e-02 2.059626763768775473e-02 2.457897132453345374e-02 0.000000000000000000e+00
6.450000000000000000e+02 2.579973748436392711e-01 9.427628584433318526e-01 1.160673645880746542e-02 2.093764223941738806e-02 2.469276285844333035e-02 0.000000000000000000e+00
6.480000000000000000e+02 2.591973626336097070e-01 9.439007737824305355e-01 1.149294492489758707e-02 1.877560309512972189e-02 2.560309512972235024e-02 2.275830678197542133e-04
6.510000000000000000e+02 2.603973504235801428e-01 9.441283568502503165e-01 1.183431952662721866e-02 1.866181156121984527e-02 2.503413746017296368e-02 3.413746017296313199e-04
6.540000000000000000e+02 2.615973382135505787e-01 9.462903959945380139e-01 1.172052799271734204e-02 1.832043695949021542e-02 2.344105598543468408e-02 2.275830678197542133e-04
6.570000000000000000e+02 2.627973260035210146e-01 9.459490213928083424e-01 1.194811106053709528e-02 1.832043695949021542e-02 2.355484751934456070e-02 2.275830678197542133e-04
6.600000000000000000e+02 2.639973137934914504e-01 9.473145197997269173e-01 1.172052799271734204e-02 1.820664542558033533e-02 2.275830678197542090e-02 0.000000000000000000e+00
6.630000000000000000e+02 2.651973015834618863e-01 9.464041875284479044e-01 1.217569412835685025e-02 1.957214383249886169e-02 2.173418297678652786e-02 1.137915339098771066e-04
6.660000000000000000e+02 2.663972893734323222e-01 9.462903959945380139e-01 1.274465179790623508e-02 2.014110150204824826e-02 2.071005917159763482e-02 1.137915339098771066e-04
6.690000000000000000e+02 2.675972771634027580e-01 9.453800637232590010e-01 1.240327719617660522e-02 1.945835229858898507e-02 2.275830678197542090e-02 0.000000000000000000e+00
6.720000000000000000e+02 2.687972649533731939e-01 9.491351843422849432e-01 1.206190259444697363e-02 1.786527082385070547e-02 2.093764223941738806e-02 0.000000000000000000e+00
6.750000000000000000e+02 2.699972527433436298e-01 9.510696404187528596e-01 1.024123805188893906e-02 1.877560309512972189e-02 1.991351843422849502e-02 0.000000000000000000e+00
6.780000000000000000e+02 2.711972405333138436e-01 9.522075557578516536e-01 1.012744651797906244e-02 1.775147928994082885e-02 1.991351843422849502e-02 0.000000000000000000e+00
6.810000000000000000e+02 2.723972283232842795e-01 9.525489303595812141e-01 1.012744651797906244e-02 1.706873008648156567e-02 2.025489303595812488e-02 0.000000000000000000e+00
