# itime ezz other fcc hcp bcc ico
0.000000000000000000e+00 0.000000000000000000e+00 6.827492034592626399e-04 9.993172507965407680e-01 0.000000000000000000e+00 0.000000000000000000e+00 0.000000000000000000e+00
3.000000000000000000e+01 1.199992310721098576e-02 2.389622212107419402e-03 9.976103777878926326e-01 0.000000000000000000e+00 0.000000000000000000e+00 0.000000000000000000e+00
6.000000000000000000e+01 2.399984621442219357e-02 3.299954483386436255e-03 9.967000455166135087e-01 0.000000000000000000e+00 0.000000000000000000e+00 0.000000000000000000e+00
9.000000000000000000e+01 3.599976932163317933e-02 3.868912152935821518e-03 9.960172963131542767e-01 0.000000000000000000e+00 1.137915339098771066e-04 0.000000000000000000e+00
1.200000000000000000e+02 4.799969242884416509e-02 1.126536185707783383e-02 9.885070550751023921e-01 0.000000000000000000e+00 2.275830678197542133e-04 0.000000000000000000e+00
1.500000000000000000e+02 5.999961553605515086e-02 1.627218934911242587e-02 9.830450614474283144e-01 0.000000000000000000e+00 6.827492034592626399e-04 0.000000000000000000e+00
1.800000000000000000e+02 7.199953864326635866e-02 3.083750568957669552e-02 9.683659535730542167e-01 0.000000000000000000e+00 7.965407373691396923e-04 0.000000000000000000e+00
2.100000000000000000e+02 8.399946175047734442e-02 5.951297223486572835e-02 9.367319071461083224e-01 0.000000000000000000e+00 3.755120619025944465e-03 0.000000000000000000e+00
2.400000000000000000e+02 9.599938485768833019e-02 1.263086026399635742e-01 8.660673645880746507e-01 0.000000000000000000e+00 7.624032771961766417e-03 0.000000000000000000e+00
2.700000000000000000e+02 1.079993079648995380e-01 2.109695038689121394e-01 7.751479289940828021e-01 0.000000000000000000e+00 1.388256713700500647e-02 0.000000000000000000e+00
3.000000000000000000e+02 1.199992310721105238e-01 3.425125170687300935e-01 6.307464724624487484e-01 0.000000000000000000e+00 2.674101046882111990e-02 0.000000000000000000e+00
3.300000000000000000e+02 1.319991541793215095e-01 5.037551206190259423e-01 4.409421939007737712e-01 6.827492034592626399e-04 5.461993627674101293e-02 0.000000000000000000e+00
3.600000000000000000e+02 1.439990772865327173e-01 6.371187983614019501e-01 2.691169776968593275e-01 2.844788347746927612e-03 9.091943559399180697e-02 0.000000000000000000e+00
3.900000000000000000e+02 1.559990003937437031e-01 7.180245789713245452e-01 1.442876649977241632e-01 8.761948111060537808e-03 1.289258079198907503e-01 0.000000000000000000e+00
4.200000000000000000e+02 1.679989235009546888e-01 7.664997724169322346e-01 7.339553937187073829e-02 1.775147928994082885e-02 1.423532089212562468e-01 0.000000000000000000e+00
4.500000000000000000e+02 1.799988466081656746e-01 8.017751479289940697e-01 4.437869822485206867e-02 2.412380518889394726e-02 1.297223486572599005e-01 0.000000000000000000e+00
4.800000000000000000e+02 1.919987697153768824e-01 8.373918980427855763e-01 3.129267182521620200e-02 2.867546654528902936e-02 1.026399635867091542e-01 0.000000000000000000e+00
5.100000000000000000e+02 2.039986928225878682e-01 8.672052799271734447e-01 2.833409194355939950e-02 2.776513427401001294e-02 7.658170232134729749e-02 1.137915339098771066e-04
5.400000000000000000e+02 2.159986159297988539e-01 9.014565316340463763e-01 2.139280837505689453e-02 2.457897132453345374e-02 5.257168866636321991e-02 0.000000000000000000e+00
5.700000000000000000e+02 2.279985390370100617e-01 9.110150204824760678e-01 1.832043695949021542e-02 2.492034592626308706e-02 4.563040509786071841e-02 1.137915339098771066e-04
6.000000000000000000e+02 2.399984621442210475e-01 9.281975421028675344e-01 1.741010468821119553e-02 2.309968138370505075e-02 3.129267182521620200e-02 0.000000000000000000e+00
6.300000000000000000e+02 2.519983852514320333e-01 9.354802002730996380e-01 1.695493855257168905e-02 2.514792899408284030e-02 2.230314064633591095e-02 1.137915339098771066e-04
6.600000000000000000e+02 2.639983083586432411e-01 9.390077378243059103e-01 1.797906235776058209e-02 2.002730996813837164e-02 2.298588984979517413e-02 0.000000000000000000e+00
6.900000000000000000e+02 2.759982314658542268e-01 9.459490213928083424e-01 1.661356395084205573e-02 2.264451524806554428e-02 1.467910787437414627e-02 1.137915339098771066e-04
7.200000000000000000e+02 2.879981545730652126e-01 9.461766044606281234e-01 1.809285389167045871e-02 1.991351843422849502e-02 1.581702321347291593e-02 0.000000000000000000e+00
7.500000000000000000e+02 2.999980776802761984e-01 9.505006827492034072e-01 1.593081474738279601e-02 1.900318616294947513e-02 1.456531634046426965e-02 0.000000000000000000e+00
7.800000000000000000e+02 3.119980007874874062e-01 9.539144287664997890e-01 1.467910787437414627e-02 1.854802002730996865e-02 1.263086026399635846e-02 2.275830678197542133e-04
8.100000000000000000e+02 3.239979238946983919e-01 9.614246700045516736e-01 1.422394173873463806e-02 1.604460628129267263e-02 8.192990441511151245e-03 1.137915339098771066e-04
8.400000000000000000e+02 3.359978470019093777e-01 9.608557123350022211e-01 1.399635867091488309e-02 1.706873008648156567e-02 7.965407373691398007e-03 1.137915339098771066e-04
8.700000000000000000e+02 3.479977701091205855e-01 9.650659990896677254e-01 1.149294492489758707e-02 1.706873008648156567e-02 5.917159763313609329e-03 4.551661356395084266e-04
9.000000000000000000e+02 3.599976932163315713e-01 9.695038689121528996e-01 1.240327719617660522e-02 1.308602639963586667e-02 4.665452890304961318e-03 3.413746017296313199e-04
9.300000000000000000e+02 3.719976163235425570e-01 9.739417387346381849e-01 9.786071916249430847e-03 1.251706873008648184e-02 3.641329085116067413e-03 1.137915339098771066e-04
9.600000000000000000e+02 3.839975394307535428e-01 9.739417387346381849e-01 9.558488848429677609e-03 1.308602639963586667e-02 3.413746017296313308e-03 0.000000000000000000e+00
9.900000000000000000e+02 3.959974625379645286e-01 9.745106964041875264e-01 8.989531178880291046e-03 1.206190259444697363e-02 3.755120619025944465e-03 6.827492034592626399e-04
1.020000000000000000e+03 4.079973856451755143e-01 9.792899408284023721e-01 8.306781975421027864e-03 9.558488848429677609e-03 2.617205279927173507e-03 2.275830678197542133e-04
1.050000000000000000e+03 4.199973087523867221e-01 9.828174783796085334e-01 6.713700500682749130e-03 7.168866636322257339e-03 2.617205279927173507e-03 6.827492034592626399e-04
1.080000000000000000e+03 4.319972318595977079e-01 9.828174783796085334e-01 7.055075102412380721e-03 6.827492034592626616e-03 2.503413746017296455e-03 7.965407373691396923e-04
1.110000000000000000e+03 4.439971549668086936e-01 9.845243513882566688e-01 6.372325898953117539e-03 7.055075102412380721e-03 1.593081474738279385e-03 4.551661356395084266e-04
1.140000000000000000e+03 4.559970780740199015e-01 9.873691397360035982e-01 4.779244424214838804e-03 6.030951297223486815e-03 1.365498406918525280e-03 4.551661356395084266e-04
1.170000000000000000e+03 4.679970011812308872e-01 9.878243058716431602e-01 4.437869822485207214e-03 6.144742831133363434e-03 1.593081474738279385e-03 0.000000000000000000e+00
1.200000000000000000e+03 4.799969242884418730e-01 9.889622212107419541e-01 4.324078288575329727e-03 4.893035958124715423e-03 1.593081474738279385e-03 2.275830678197542133e-04
1.230000000000000000e+03 4.919968473956530808e-01 9.898725534820209671e-01 3.186162949476558769e-03 4.437869822485207214e-03 2.162039144287664864e-03 3.413746017296313199e-04
1.260000000000000000e+03 5.039967705028640665e-01 9.932862994993172379e-01 1.934456076467910759e-03 3.072371415566681717e-03 1.593081474738279385e-03 1.137915339098771066e-04
1.290000000000000000e+03 5.159966936100750523e-01 9.915794264906691025e-01 2.844788347746927612e-03 3.413746017296313308e-03 1.820664542558033706e-03 3.413746017296313199e-04
1.320000000000000000e+03 5.279966167172860381e-01 9.916932180245789930e-01 2.503413746017296455e-03 4.210286754665453109e-03 1.024123805188893906e-03 5.689576695493854790e-04
1.350000000000000000e+03 5.399965398244972459e-01 9.927173418297678964e-01 2.275830678197541916e-03 3.527537551206190360e-03 1.024123805188893906e-03 4.551661356395084266e-04
1.380000000000000000e+03 5.519964629317082316e-01 9.930587164314974569e-01 1.024123805188893906e-03 3.413746017296313308e-03 1.365498406918525280e-03 1.137915339098770958e-03
1.410000000000000000e+03 5.639963860389192174e-01 9.931725079654073474e-01 1.820664542558033706e-03 2.617205279927173507e-03 2.048247610377787811e-03 3.413746017296313199e-04
1.440000000000000000e+03 5.759963091461304252e-01 9.940828402366863603e-01 1.479289940828402332e-03 2.730996813837050560e-03 1.137915339098770958e-03 5.689576695493854790e-04
1.470000000000000000e+03 5.879962322533414110e-01 9.947655894401457033e-01 1.820664542558033706e-03 2.275830678197541916e-03 5.689576695493854790e-04 5.689576695493854790e-04
1.500000000000000000e+03 5.999961553605523967e-01 9.935138825671370189e-01 1.706873008648156654e-03 3.072371415566681717e-03 7.965407373691396923e-04 9.103322712790168532e-04
1.530000000000000000e+03 6.119960784677636045e-01 9.938552571688666903e-01 1.820664542558033706e-03 3.072371415566681717e-03 9.103322712790168532e-04 3.413746017296313199e-04
1.560000000000000000e+03 6.239960015749745903e-01 9.954483386436049352e-01 1.365498406918525280e-03 2.389622212107419402e-03 4.551661356395084266e-04 3.413746017296313199e-04
1.590000000000000000e+03 6.359959246821855761e-01 9.946517979062358128e-01 1.137915339098770958e-03 2.730996813837050560e-03 6.827492034592626399e-04 7.965407373691396923e-04
1.620000000000000000e+03 6.479958477893965618e-01 9.943104233045061413e-01 1.479289940828402332e-03 2.617205279927173507e-03 7.965407373691396923e-04 7.965407373691396923e-04
1.650000000000000000e+03 6.599957708966077696e-01 9.952207555757851543e-01 1.137915339098770958e-03 2.275830678197541916e-03 9.103322712790168532e-04 4.551661356395084266e-04
1.680000000000000000e+03 6.719956940038187554e-01 9.959035047792443862e-01 5.689576695493854790e-04 1.479289940828402332e-03 9.103322712790168532e-04 1.137915339098770958e-03
1.710000000000000000e+03 6.839956171110297412e-01 9.955621301775148257e-01 9.103322712790168532e-04 2.048247610377787811e-03 1.024123805188893906e-03 4.551661356395084266e-04
1.740000000000000000e+03 6.959955402182409490e-01 9.959035047792443862e-01 9.103322712790168532e-04 2.048247610377787811e-03 6.827492034592626399e-04 4.551661356395084266e-04
1.770000000000000000e+03 7.079954633254519347e-01 9.971552116522530707e-01 3.413746017296313199e-04 1.365498406918525280e-03 4.551661356395084266e-04 6.827492034592626399e-04
1.800000000000000000e+03 7.199953864326629205e-01 9.970414201183431802e-01 2.275830678197542133e-04 1.137915339098770958e-03 4.551661356395084266e-04 1.137915339098770958e-03
1.830000000000000000e+03 7.319953095398739062e-01 9.968138370505233992e-01 4.551661356395084266e-04 1.593081474738279385e-03 2.275830678197542133e-04 9.103322712790168532e-04
1.860000000000000000e+03 7.439952326470851141e-01 9.969276285844332897e-01 6.827492034592626399e-04 1.024123805188893906e-03 4.551661356395084266e-04 9.103322712790168532e-04
1.890000000000000000e+03 7.559951557542960998e-01 9.977241693218024121e-01 4.551661356395084266e-04 1.024123805188893906e-03 4.551661356395084266e-04 3.413746017296313199e-04
1.920000000000000000e+03 7.679950788615070856e-01 9.965862539827037292e-01 4.551661356395084266e-04 1.820664542558033706e-03 4.551661356395084266e-04 6.827492034592626399e-04
1.950000000000000000e+03 7.799950019687182934e-01 9.961310878470641672e-01 1.024123805188893906e-03 1.251706873008648227e-03 4.551661356395084266e-04 1.137915339098770958e-03
1.980000000000000000e+03 7.919949250759292791e-01 9.968138370505233992e-01 3.413746017296313199e-04 1.820664542558033706e-03 2.275830678197542133e-04 7.965407373691396923e-04
2.010000000000000000e+03 8.039948481831402649e-01 9.974965862539827421e-01 5.689576695493854790e-04 7.965407373691396923e-04 1.137915339098771066e-04 1.024123805188893906e-03
2.040000000000000000e+03 8.159947712903514727e-01 9.974965862539827421e-01 6.827492034592626399e-04 1.251706873008648227e-03 0.000000000000000000e+00 5.689576695493854790e-04
2.070000000000000000e+03 8.279946943975624585e-01 9.955621301775148257e-01 6.827492034592626399e-04 1.820664542558033706e-03 7.965407373691396923e-04 1.137915339098770958e-03
2.100000000000000000e+03 8.399946175047734442e-01 9.972690031861629611e-01 5.689576695493854790e-04 1.365498406918525280e-03 2.275830678197542133e-04 5.689576695493854790e-04
2.130000000000000000e+03 8.519945406119844300e-01 9.976103777878926326e-01 2.275830678197542133e-04 1.251706873008648227e-03 1.137915339098771066e-04 7.965407373691396923e-04
2.160000000000000000e+03 8.639944637191956378e-01 9.969276285844332897e-01 4.551661356395084266e-04 1.137915339098770958e-03 5.689576695493854790e-04 9.103322712790168532e-04
2.190000000000000000e+03 8.759943868264066236e-01 9.979517523896221931e-01 1.137915339098771066e-04 1.137915339098770958e-03 0.000000000000000000e+00 7.965407373691396923e-04
2.220000000000000000e+03 8.879943099336176093e-01 9.984069185252617551e-01 1.137915339098771066e-04 9.103322712790168532e-04 0.000000000000000000e+00 5.689576695493854790e-04
2.250000000000000000e+03 8.999942330408288171e-01 9.978379608557123026e-01 0.000000000000000000e+00 1.137915339098770958e-03 4.551661356395084266e-04 5.689576695493854790e-04
2.280000000000000000e+03 9.119941561480398029e-01 9.980655439235320836e-01 4.551661356395084266e-04 4.551661356395084266e-04 4.551661356395084266e-04 5.689576695493854790e-04
2.310000000000000000e+03 9.239940792552507887e-01 9.974965862539827421e-01 3.413746017296313199e-04 1.137915339098770958e-03 2.275830678197542133e-04 7.965407373691396923e-04
2.340000000000000000e+03 9.359940023624619965e-01 9.973827947200728516e-01 2.275830678197542133e-04 1.024123805188893906e-03 2.275830678197542133e-04 1.137915339098770958e-03
2.370000000000000000e+03 9.479939254696729822e-01 9.974965862539827421e-01 1.137915339098771066e-04 1.251706873008648227e-03 1.137915339098771066e-04 1.024123805188893906e-03
2.400000000000000000e+03 9.599938485768839680e-01 9.976103777878926326e-01 1.137915339098771066e-04 1.024123805188893906e-03 0.000000000000000000e+00 1.251706873008648227e-03
2.430000000000000000e+03 9.719937716840949538e-01 9.982931269913518646e-01 0.000000000000000000e+00 9.103322712790168532e-04 2.275830678197542133e-04 5.689576695493854790e-04
2.460000000000000000e+03 9.839936947913061616e-01 9.970414201183431802e-01 2.275830678197542133e-04 1.024123805188893906e-03 3.413746017296313199e-04 1.365498406918525280e-03
2.490000000000000000e+03 9.959936178985171473e-01 9.974965862539827421e-01 4.551661356395084266e-04 1.251706873008648227e-03 2.275830678197542133e-04 5.689576695493854790e-04
