# itime ezz other fcc hcp bcc ico
0.000000000000000000e+00 0.000000000000000000e+00 7.965407373691396923e-04 9.990896677287209870e-01 0.000000000000000000e+00 1.137915339098771066e-04 0.000000000000000000e+00
3.000000000000000000e+01 1.200001270676698262e-02 6.827492034592626399e-04 9.993172507965407680e-01 0.000000000000000000e+00 0.000000000000000000e+00 0.000000000000000000e+00
6.000000000000000000e+01 2.400002541353396524e-02 1.024123805188893906e-03 9.989758761948110966e-01 0.000000000000000000e+00 0.000000000000000000e+00 0.000000000000000000e+00
9.000000000000000000e+01 3.600003812030072581e-02 6.372325898953117539e-03 9.934000910332271284e-01 0.000000000000000000e+00 2.275830678197542133e-04 0.000000000000000000e+00
1.200000000000000000e+02 4.800005082706770843e-02 1.092398725534820224e-02 9.885070550751023921e-01 0.000000000000000000e+00 5.689576695493854790e-04 0.000000000000000000e+00
1.500000000000000000e+02 6.000006353383469104e-02 2.253072371415566766e-02 9.770141101502047842e-01 0.000000000000000000e+00 4.551661356395084266e-04 0.000000000000000000e+00
1.800000000000000000e+02 7.200007624060167366e-02 3.504779244424215123e-02 9.638142922166590409e-01 0.000000000000000000e+00 1.137915339098770958e-03 0.000000000000000000e+00
2.100000000000000000e+02 8.400008894736865628e-02 6.577150659990896320e-02 9.301319981793354508e-01 0.000000000000000000e+00 4.096495220755575623e-03 0.000000000000000000e+00
2.400000000000000000e+02 9.600010165413541685e-02 1.304050978607191602e-01 8.618570778334091465e-01 0.000000000000000000e+00 7.737824305871643035e-03 0.000000000000000000e+00
2.700000000000000000e+02 1.080001143609023995e-01 2.192762858443331742e-01 7.634274010013655243e-01 0.000000000000000000e+00 1.729631315430131891e-02 0.000000000000000000e+00
3.000000000000000000e+02 1.200001270676693821e-01 3.672052799271734447e-01 5.968365953573053773e-01 0.000000000000000000e+00 3.595812471552116418e-02 0.000000000000000000e+00
3.300000000000000000e+02 1.320001397744363647e-01 5.120619025944469493e-01 4.172735548475193235e-01 3.413746017296313199e-04 7.032316795630405570e-02 0.000000000000000000e+00
3.600000000000000000e+02 1.440001524812033473e-01 6.246017296313154388e-01 2.515930814747383004e-01 2.617205279927173507e-03 1.211879836140191125e-01 0.000000000000000000e+00
3.900000000000000000e+02 1.560001651879703299e-01 7.140418752844788219e-01 1.226672735548475224e-01 8.989531178880291046e-03 1.543013199817933612e-01 0.000000000000000000e+00
4.200000000000000000e+02 1.680001778947370905e-01 7.659308147473827821e-01 6.304050978607191047e-02 1.365498406918525323e-02 1.573736913973600438e-01 0.000000000000000000e+00
4.500000000000000000e+02 1.800001906015040731e-01 8.081474738279471604e-01 4.028220300409649651e-02 1.832043695949021542e-02 1.332498862084660896e-01 0.000000000000000000e+00
4.800000000000000000e+02 1.920002033082710557e-01 8.359126081019572219e-01 2.583067819754210348e-02 1.923076923076923184e-02 1.190259444697314567e-01 0.000000000000000000e+00
5.100000000000000000e+02 2.040002160150380384e-01 8.659535730541647602e-01 2.332726445152480746e-02 2.446517979062357712e-02 8.625398270368685172e-02 0.000000000000000000e+00
5.400000000000000000e+02 2.160002287218050210e-01 8.942876649977241632e-01 1.809285389167045871e-02 2.162039144287665124e-02 6.599908966772871644e-02 0.000000000000000000e+00
5.700000000000000000e+02 2.280002414285717816e-01 9.161356395084205850e-01 1.604460628129267263e-02 2.207555757851615771e-02 4.574419663177059503e-02 0.000000000000000000e+00
6.000000000000000000e+02 2.400002541353387642e-01 9.284251251706873154e-01 1.411015020482476144e-02 2.366863905325443732e-02 3.379608557123350149e-02 0.000000000000000000e+00
6.300000000000000000e+02 2.520002668421057468e-01 9.411697769685934967e-01 1.547564861174328607e-02 1.786527082385070547e-02 2.537551206190259354e-02 1.137915339098771066e-04
6.600000000000000000e+02 2.640002795488727294e-01 9.481110605370960398e-01 1.149294492489758707e-02 2.014110150204824826e-02 2.002730996813837164e-02 2.275830678197542133e-04
6.900000000000000000e+02 2.760002922556397120e-01 9.522075557578516536e-01 1.103777878925807886e-02 1.888939462903959851e-02 1.775147928994082885e-02 1.137915339098771066e-04
7.200000000000000000e+02 2.880003049624064726e-01 9.586936731907146347e-01 7.624032771961766417e-03 1.797906235776058209e-02 1.547564861174328607e-02 2.275830678197542133e-04
7.500000000000000000e+02 3.000003176691734552e-01 9.625625853436504675e-01 8.761948111060537808e-03 1.467910787437414627e-02 1.376877560309512985e-02 2.275830678197542133e-04
7.800000000000000000e+02 3.120003303759404378e-01 9.663177059626764098e-01 8.079198907601274626e-03 1.399635867091488309e-02 1.137915339098771045e-02 2.275830678197542133e-04
8.100000000000000000e+02 3.240003430827074205e-01 9.723486572598998290e-01 5.803368229403732710e-03 1.240327719617660522e-02 9.330905780609922637e-03 1.137915339098771066e-04
8.400000000000000000e+02 3.360003557894744031e-01 9.734865725989986229e-01 6.599908966772872511e-03 1.046882111970869403e-02 9.217114246700046018e-03 2.275830678197542133e-04
8.700000000000000000e+02 3.480003684962411636e-01 9.794037323623122626e-01 4.437869822485207214e-03 9.444697314519799256e-03 6.144742831133363434e-03 5.689576695493854790e-04
9.000000000000000000e+02 3.600003812030081463e-01 9.796313154301320436e-01 4.096495220755575623e-03 9.444697314519799256e-03 6.372325898953117539e-03 4.551661356395084266e-04
9.300000000000000000e+02 3.720003939097751289e-01 9.822485207100591920e-01 3.072371415566681717e-03 8.079198907601274626e-03 6.258534365043240920e-03 3.413746017296313199e-04
9.600000000000000000e+02 3.840004066165423335e-01 9.841829767865271084e-01 3.982703686845699004e-03 6.372325898953117539e-03 5.120619025944469528e-03 3.413746017296313199e-04
9.900000000000000000e+02 3.960004193233090941e-01 9.842967683204369989e-01 3.186162949476558769e-03 6.713700500682749130e-03 5.461993627674101119e-03 3.413746017296313199e-04
1.020000000000000000e+03 4.080004320300758547e-01 9.861174328629950248e-01 3.413746017296313308e-03 6.486117432862995025e-03 3.299954483386436255e-03 6.827492034592626399e-04
1.050000000000000000e+03 4.200004447368428373e-01 9.857760582612653533e-01 3.755120619025944465e-03 6.144742831133363434e-03 4.324078288575329727e-03 0.000000000000000000e+00
1.080000000000000000e+03 4.320004574436100420e-01 9.896449704142011861e-01 2.162039144287664864e-03 5.006827492034592909e-03 2.617205279927173507e-03 5.689576695493854790e-04
1.110000000000000000e+03 4.440004701503768025e-01 9.883932635411925016e-01 3.072371415566681717e-03 4.437869822485207214e-03 3.413746017296313308e-03 6.827492034592626399e-04
1.140000000000000000e+03 4.560004828571435631e-01 9.915794264906691025e-01 2.503413746017296455e-03 3.299954483386436255e-03 1.934456076467910759e-03 6.827492034592626399e-04
1.170000000000000000e+03 4.680004955639107678e-01 9.913518434228493215e-01 2.048247610377787811e-03 3.868912152935821518e-03 2.389622212107419402e-03 3.413746017296313199e-04
1.200000000000000000e+03 4.800005082706775283e-01 9.928311333636777869e-01 1.820664542558033706e-03 3.186162949476558769e-03 1.479289940828402332e-03 6.827492034592626399e-04
1.230000000000000000e+03 4.920005209774445110e-01 9.926035502958580059e-01 2.162039144287664864e-03 3.527537551206190360e-03 1.024123805188893906e-03 6.827492034592626399e-04
1.260000000000000000e+03 5.040005336842112715e-01 9.926035502958580059e-01 1.820664542558033706e-03 3.413746017296313308e-03 1.706873008648156654e-03 4.551661356395084266e-04
1.290000000000000000e+03 5.160005463909784762e-01 9.935138825671370189e-01 1.820664542558033706e-03 2.503413746017296455e-03 9.103322712790168532e-04 1.251706873008648227e-03
1.320000000000000000e+03 5.280005590977452368e-01 9.945380063723259223e-01 1.479289940828402332e-03 2.503413746017296455e-03 6.827492034592626399e-04 7.965407373691396923e-04
1.350000000000000000e+03 5.400005718045122194e-01 9.962448793809740577e-01 7.965407373691396923e-04 1.934456076467910759e-03 6.827492034592626399e-04 3.413746017296313199e-04
1.380000000000000000e+03 5.520005845112789800e-01 9.959035047792443862e-01 6.827492034592626399e-04 1.706873008648156654e-03 7.965407373691396923e-04 9.103322712790168532e-04
1.410000000000000000e+03 5.640005972180461846e-01 9.964724624487938387e-01 1.024123805188893906e-03 1.365498406918525280e-03 7.965407373691396923e-04 3.413746017296313199e-04
1.440000000000000000e+03 5.760006099248129452e-01 9.972690031861629611e-01 5.689576695493854790e-04 1.479289940828402332e-03 2.275830678197542133e-04 4.551661356395084266e-04
1.470000000000000000e+03 5.880006226315801499e-01 9.977241693218024121e-01 3.413746017296313199e-04 6.827492034592626399e-04 5.689576695493854790e-04 6.827492034592626399e-04
1.500000000000000000e+03 6.000006353383469104e-01 9.977241693218024121e-01 1.137915339098771066e-04 1.251706873008648227e-03 4.551661356395084266e-04 4.551661356395084266e-04
1.530000000000000000e+03 6.120006480451138930e-01 9.971552116522530707e-01 3.413746017296313199e-04 1.593081474738279385e-03 2.275830678197542133e-04 6.827492034592626399e-04
1.560000000000000000e+03 6.240006607518806536e-01 9.962448793809740577e-01 4.551661356395084266e-04 1.706873008648156654e-03 3.413746017296313199e-04 1.251706873008648227e-03
1.590000000000000000e+03 6.360006734586478583e-01 9.961310878470641672e-01 2.275830678197542133e-04 2.048247610377787811e-03 5.689576695493854790e-04 1.024123805188893906e-03
1.620000000000000000e+03 6.480006861654146189e-01 9.970414201183431802e-01 2.275830678197542133e-04 1.593081474738279385e-03 3.413746017296313199e-04 7.965407373691396923e-04
1.650000000000000000e+03 6.600006988721816015e-01 9.972690031861629611e-01 4.551661356395084266e-04 7.965407373691396923e-04 3.413746017296313199e-04 1.137915339098770958e-03
1.680000000000000000e+03 6.720007115789485841e-01 9.978379608557123026e-01 4.551661356395084266e-04 9.103322712790168532e-04 1.137915339098771066e-04 6.827492034592626399e-04
1.710000000000000000e+03 6.840007242857155667e-01 9.972690031861629611e-01 9.103322712790168532e-04 9.103322712790168532e-04 0.000000000000000000e+00 9.103322712790168532e-04
1.740000000000000000e+03 6.960007369924823273e-01 9.978379608557123026e-01 6.827492034592626399e-04 2.275830678197542133e-04 4.551661356395084266e-04 7.965407373691396923e-04
1.770000000000000000e+03 7.080007496992495319e-01 9.981793354574419741e-01 2.275830678197542133e-04 4.551661356395084266e-04 3.413746017296313199e-04 7.965407373691396923e-04
1.800000000000000000e+03 7.200007624060165146e-01 9.970414201183431802e-01 5.689576695493854790e-04 9.103322712790168532e-04 1.137915339098771066e-04 1.365498406918525280e-03
1.830000000000000000e+03 7.320007751127832751e-01 9.981793354574419741e-01 1.137915339098771066e-04 6.827492034592626399e-04 5.689576695493854790e-04 4.551661356395084266e-04
1.860000000000000000e+03 7.440007878195500357e-01 9.980655439235320836e-01 3.413746017296313199e-04 6.827492034592626399e-04 2.275830678197542133e-04 6.827492034592626399e-04
1.890000000000000000e+03 7.560008005263172404e-01 9.971552116522530707e-01 5.689576695493854790e-04 7.965407373691396923e-04 2.275830678197542133e-04 1.251706873008648227e-03
1.920000000000000000e+03 7.680008132330842230e-01 9.974965862539827421e-01 4.551661356395084266e-04 1.251706873008648227e-03 2.275830678197542133e-04 5.689576695493854790e-04
1.950000000000000000e+03 7.800008259398512056e-01 9.987482931269913156e-01 1.137915339098771066e-04 7.965407373691396923e-04 0.000000000000000000e+00 3.413746017296313199e-04
1.980000000000000000e+03 7.920008386466179662e-01 9.984069185252617551e-01 3.413746017296313199e-04 7.965407373691396923e-04 0.000000000000000000e+00 4.551661356395084266e-04
2.010000000000000000e+03 8.040008513533849488e-01 9.976103777878926326e-01 3.413746017296313199e-04 7.965407373691396923e-04 0.000000000000000000e+00 1.251706873008648227e-03
2.040000000000000000e+03 8.160008640601521535e-01 9.982931269913518646e-01 1.137915339098771066e-04 4.551661356395084266e-04 1.137915339098771066e-04 1.024123805188893906e-03
2.070000000000000000e+03 8.280008767669189140e-01 9.976103777878926326e-01 4.551661356395084266e-04 6.827492034592626399e-04 1.137915339098771066e-04 1.137915339098770958e-03
2.100000000000000000e+03 8.400008894736856746e-01 9.978379608557123026e-01 2.275830678197542133e-04 9.103322712790168532e-04 2.275830678197542133e-04 7.965407373691396923e-04
2.130000000000000000e+03 8.520009021804526572e-01 9.981793354574419741e-01 0.000000000000000000e+00 5.689576695493854790e-04 1.137915339098771066e-04 1.137915339098770958e-03
2.160000000000000000e+03 8.640009148872198619e-01 9.979517523896221931e-01 3.413746017296313199e-04 4.551661356395084266e-04 1.137915339098771066e-04 1.137915339098770958e-03
2.190000000000000000e+03 8.760009275939866225e-01 9.978379608557123026e-01 2.275830678197542133e-04 6.827492034592626399e-04 0.000000000000000000e+00 1.251706873008648227e-03
2.220000000000000000e+03 8.880009403007533830e-01 9.980655439235320836e-01 3.413746017296313199e-04 6.827492034592626399e-04 0.000000000000000000e+00 9.103322712790168532e-04
2.250000000000000000e+03 9.000009530075205877e-01 9.977241693218024121e-01 0.000000000000000000e+00 4.551661356395084266e-04 2.275830678197542133e-04 1.593081474738279385e-03
2.280000000000000000e+03 9.120009657142873483e-01 9.970414201183431802e-01 3.413746017296313199e-04 1.024123805188893906e-03 3.413746017296313199e-04 1.251706873008648227e-03
2.310000000000000000e+03 9.240009784210541088e-01 9.982931269913518646e-01 0.000000000000000000e+00 4.551661356395084266e-04 3.413746017296313199e-04 9.103322712790168532e-04
2.340000000000000000e+03 9.360009911278210915e-01 9.976103777878926326e-01 3.413746017296313199e-04 4.551661356395084266e-04 1.137915339098771066e-04 1.479289940828402332e-03
2.370000000000000000e+03 9.480010038345882961e-01 9.970414201183431802e-01 2.275830678197542133e-04 7.965407373691396923e-04 0.000000000000000000e+00 1.934456076467910759e-03
2.400000000000000000e+03 9.600010165413550567e-01 9.981793354574419741e-01 1.137915339098771066e-04 3.413746017296313199e-04 3.413746017296313199e-04 1.024123805188893906e-03
2.430000000000000000e+03 9.720010292481218173e-01 9.982931269913518646e-01 1.137915339098771066e-04 5.689576695493854790e-04 3.413746017296313199e-04 6.827492034592626399e-04
2.460000000000000000e+03 9.840010419548890219e-01 9.992034592626308775e-01 0.000000000000000000e+00 4.551661356395084266e-04 0.000000000000000000e+00 3.413746017296313199e-04
2.490000000000000000e+03 9.960010546616560045e-01 9.974965862539827421e-01 1.137915339098771066e-04 6.827492034592626399e-04 2.275830678197542133e-04 1.479289940828402332e-03
