# itime ezz other fcc hcp bcc ico
0.000000000000000000e+00 0.000000000000000000e+00 0.000000000000000000e+00 1.000000000000000000e+00 0.000000000000000000e+00 0.000000000000000000e+00 0.000000000000000000e+00
3.000000000000000000e+00 1.200015810129517746e-03 0.000000000000000000e+00 1.000000000000000000e+00 0.000000000000000000e+00 0.000000000000000000e+00 0.000000000000000000e+00
6.000000000000000000e+00 2.400031620259035492e-03 0.000000000000000000e+00 1.000000000000000000e+00 0.000000000000000000e+00 0.000000000000000000e+00 0.000000000000000000e+00
9.000000000000000000e+00 3.600047430388553238e-03 0.000000000000000000e+00 1.000000000000000000e+00 0.000000000000000000e+00 0.000000000000000000e+00 0.000000000000000000e+00
1.200000000000000000e+01 4.800063240518070984e-03 0.000000000000000000e+00 1.000000000000000000e+00 0.000000000000000000e+00 0.000000000000000000e+00 0.000000000000000000e+00
1.500000000000000000e+01 6.000079050647588730e-03 0.000000000000000000e+00 1.000000000000000000e+00 0.000000000000000000e+00 0.000000000000000000e+00 0.000000000000000000e+00
1.800000000000000000e+01 7.200094860777328520e-03 0.000000000000000000e+00 1.000000000000000000e+00 0.000000000000000000e+00 0.000000000000000000e+00 0.000000000000000000e+00
2.100000000000000000e+01 8.400110670906846266e-03 0.000000000000000000e+00 1.000000000000000000e+00 0.000000000000000000e+00 0.000000000000000000e+00 0.000000000000000000e+00
2.400000000000000000e+01 9.600126481036364012e-03 0.000000000000000000e+00 1.000000000000000000e+00 0.000000000000000000e+00 0.000000000000000000e+00 0.000000000000000000e+00
2.700000000000000000e+01 1.080014229116588176e-02 0.000000000000000000e+00 1.000000000000000000e+00 0.000000000000000000e+00 0.000000000000000000e+00 0.000000000000000000e+00
3.000000000000000000e+01 1.200015810129539950e-02 0.000000000000000000e+00 1.000000000000000000e+00 0.000000000000000000e+00 0.000000000000000000e+00 0.000000000000000000e+00
3.300000000000000000e+01 1.320017391142491725e-02 0.000000000000000000e+00 1.000000000000000000e+00 0.000000000000000000e+00 0.000000000000000000e+00 0.000000000000000000e+00
3.600000000000000000e+01 1.440018972155443500e-02 0.000000000000000000e+00 1.000000000000000000e+00 0.000000000000000000e+00 0.000000000000000000e+00 0.000000000000000000e+00
3.900000000000000000e+01 1.560020553168395274e-02 0.000000000000000000e+00 1.000000000000000000e+00 0.000000000000000000e+00 0.000000000000000000e+00 0.000000000000000000e+00
4.200000000000000000e+01 1.680022134181347049e-02 0.000000000000000000e+00 1.000000000000000000e+00 0.000000000000000000e+00 0.000000000000000000e+00 0.000000000000000000e+00
4.500000000000000000e+01 1.800023715194298823e-02 0.000000000000000000e+00 1.000000000000000000e+00 0.000000000000000000e+00 0.000000000000000000e+00 0.000000000000000000e+00
4.800000000000000000e+01 1.920025296207250598e-02 0.000000000000000000e+00 1.000000000000000000e+00 0.000000000000000000e+00 0.000000000000000000e+00 0.000000000000000000e+00
5.100000000000000000e+01 2.040026877220224577e-02 0.000000000000000000e+00 1.000000000000000000e+00 0.000000000000000000e+00 0.000000000000000000e+00 0.000000000000000000e+00
5.400000000000000000e+01 2.160028458233176352e-02 0.000000000000000000e+00 1.000000000000000000e+00 0.000000000000000000e+00 0.000000000000000000e+00 0.000000000000000000e+00
5.700000000000000000e+01 2.280030039246128126e-02 0.000000000000000000e+00 1.000000000000000000e+00 0.000000000000000000e+00 0.000000000000000000e+00 0.000000000000000000e+00
6.000000000000000000e+01 2.400031620259079901e-02 0.000000000000000000e+00 1.000000000000000000e+00 0.000000000000000000e+00 0.000000000000000000e+00 0.000000000000000000e+00
6.300000000000000000e+01 2.520033201272031675e-02 0.000000000000000000e+00 1.000000000000000000e+00 0.000000000000000000e+00 0.000000000000000000e+00 0.000000000000000000e+00
6.600000000000000000e+01 2.640034782284983450e-02 0.000000000000000000e+00 1.000000000000000000e+00 0.000000000000000000e+00 0.000000000000000000e+00 0.000000000000000000e+00
6.900000000000000000e+01 2.760036363297935225e-02 0.000000000000000000e+00 1.000000000000000000e+00 0.000000000000000000e+00 0.000000000000000000e+00 0.000000000000000000e+00
7.200000000000000000e+01 2.880037944310886999e-02 0.000000000000000000e+00 1.000000000000000000e+00 0.000000000000000000e+00 0.000000000000000000e+00 0.000000000000000000e+00
7.500000000000000000e+01 3.000039525323838774e-02 0.000000000000000000e+00 1.000000000000000000e+00 0.000000000000000000e+00 0.000000000000000000e+00 0.000000000000000000e+00
7.800000000000000000e+01 3.120041106336790548e-02 0.000000000000000000e+00 1.000000000000000000e+00 0.000000000000000000e+00 0.000000000000000000e+00 0.000000000000000000e+00
8.100000000000000000e+01 3.240042687349742323e-02 0.000000000000000000e+00 1.000000000000000000e+00 0.000000000000000000e+00 0.000000000000000000e+00 0.000000000000000000e+00
8.400000000000000000e+01 3.360044268362694098e-02 0.000000000000000000e+00 1.000000000000000000e+00 0.000000000000000000e+00 0.000000000000000000e+00 0.000000000000000000e+00
8.700000000000000000e+01 3.480045849375668077e-02 0.000000000000000000e+00 1.000000000000000000e+00 0.000000000000000000e+00 0.000000000000000000e+00 0.000000000000000000e+00
9.000000000000000000e+01 3.600047430388619851e-02 0.000000000000000000e+00 1.000000000000000000e+00 0.000000000000000000e+00 0.000000000000000000e+00 0.000000000000000000e+00
9.300000000000000000e+01 3.720049011401571626e-02 0.000000000000000000e+00 1.000000000000000000e+00 0.000000000000000000e+00 0.000000000000000000e+00 0.000000000000000000e+00
9.600000000000000000e+01 3.840050592414523400e-02 0.000000000000000000e+00 1.000000000000000000e+00 0.000000000000000000e+00 0.000000000000000000e+00 0.000000000000000000e+00
9.900000000000000000e+01 3.960052173427475175e-02 0.000000000000000000e+00 1.000000000000000000e+00 0.000000000000000000e+00 0.000000000000000000e+00 0.000000000000000000e+00
1.020000000000000000e+02 4.080053754440426950e-02 0.000000000000000000e+00 1.000000000000000000e+00 0.000000000000000000e+00 0.000000000000000000e+00 0.000000000000000000e+00
1.050000000000000000e+02 4.200055335453378724e-02 0.000000000000000000e+00 1.000000000000000000e+00 0.000000000000000000e+00 0.000000000000000000e+00 0.000000000000000000e+00
1.080000000000000000e+02 4.320056916466330499e-02 0.000000000000000000e+00 1.000000000000000000e+00 0.000000000000000000e+00 0.000000000000000000e+00 0.000000000000000000e+00
1.110000000000000000e+02 4.440058497479282273e-02 0.000000000000000000e+00 1.000000000000000000e+00 0.000000000000000000e+00 0.000000000000000000e+00 0.000000000000000000e+00
1.140000000000000000e+02 4.560060078492234048e-02 0.000000000000000000e+00 1.000000000000000000e+00 0.000000000000000000e+00 0.000000000000000000e+00 0.000000000000000000e+00
1.170000000000000000e+02 4.680061659505185823e-02 0.000000000000000000e+00 1.000000000000000000e+00 0.000000000000000000e+00 0.000000000000000000e+00 0.000000000000000000e+00
1.200000000000000000e+02 4.800063240518159802e-02 0.000000000000000000e+00 1.000000000000000000e+00 0.000000000000000000e+00 0.000000000000000000e+00 0.000000000000000000e+00
1.230000000000000000e+02 4.920064821531111576e-02 0.000000000000000000e+00 1.000000000000000000e+00 0.000000000000000000e+00 0.000000000000000000e+00 0.000000000000000000e+00
1.260000000000000000e+02 5.040066402544063351e-02 0.000000000000000000e+00 1.000000000000000000e+00 0.000000000000000000e+00 0.000000000000000000e+00 0.000000000000000000e+00
1.290000000000000000e+02 5.160067983557015125e-02 0.000000000000000000e+00 1.000000000000000000e+00 0.000000000000000000e+00 0.000000000000000000e+00 0.000000000000000000e+00
1.320000000000000000e+02 5.280069564569966900e-02 0.000000000000000000e+00 1.000000000000000000e+00 0.000000000000000000e+00 0.000000000000000000e+00 0.000000000000000000e+00
1.350000000000000000e+02 5.400071145582918675e-02 0.000000000000000000e+00 1.000000000000000000e+00 0.000000000000000000e+00 0.000000000000000000e+00 0.000000000000000000e+00
1.380000000000000000e+02 5.520072726595870449e-02 0.000000000000000000e+00 1.000000000000000000e+00 0.000000000000000000e+00 0.000000000000000000e+00 0.000000000000000000e+00
1.410000000000000000e+02 5.640074307608822224e-02 0.000000000000000000e+00 1.000000000000000000e+00 0.000000000000000000e+00 0.000000000000000000e+00 0.000000000000000000e+00
1.440000000000000000e+02 5.760075888621773998e-02 0.000000000000000000e+00 1.000000000000000000e+00 0.000000000000000000e+00 0.000000000000000000e+00 0.000000000000000000e+00
1.470000000000000000e+02 5.880077469634725773e-02 0.000000000000000000e+00 1.000000000000000000e+00 0.000000000000000000e+00 0.000000000000000000e+00 0.000000000000000000e+00
1.500000000000000000e+02 6.000079050647677548e-02 0.000000000000000000e+00 1.000000000000000000e+00 0.000000000000000000e+00 0.000000000000000000e+00 0.000000000000000000e+00
1.530000000000000000e+02 6.120080631660651527e-02 0.000000000000000000e+00 1.000000000000000000e+00 0.000000000000000000e+00 0.000000000000000000e+00 0.000000000000000000e+00
1.560000000000000000e+02 6.240082212673603301e-02 0.000000000000000000e+00 1.000000000000000000e+00 0.000000000000000000e+00 0.000000000000000000e+00 0.000000000000000000e+00
1.590000000000000000e+02 6.360083793686555076e-02 0.000000000000000000e+00 1.000000000000000000e+00 0.000000000000000000e+00 0.000000000000000000e+00 0.000000000000000000e+00
1.620000000000000000e+02 6.480085374699506851e-02 0.000000000000000000e+00 1.000000000000000000e+00 0.000000000000000000e+00 0.000000000000000000e+00 0.000000000000000000e+00
1.650000000000000000e+02 6.600086955712458625e-02 0.000000000000000000e+00 1.000000000000000000e+00 0.000000000000000000e+00 0.000000000000000000e+00 0.000000000000000000e+00
1.680000000000000000e+02 6.720088536725410400e-02 0.000000000000000000e+00 1.000000000000000000e+00 0.000000000000000000e+00 0.000000000000000000e+00 0.000000000000000000e+00
1.710000000000000000e+02 6.840090117738362174e-02 0.000000000000000000e+00 1.000000000000000000e+00 0.000000000000000000e+00 0.000000000000000000e+00 0.000000000000000000e+00
1.740000000000000000e+02 6.960091698751313949e-02 0.000000000000000000e+00 1.000000000000000000e+00 0.000000000000000000e+00 0.000000000000000000e+00 0.000000000000000000e+00
1.770000000000000000e+02 7.080093279764265723e-02 0.000000000000000000e+00 1.000000000000000000e+00 0.000000000000000000e+00 0.000000000000000000e+00 0.000000000000000000e+00
1.800000000000000000e+02 7.200094860777217498e-02 0.000000000000000000e+00 1.000000000000000000e+00 0.000000000000000000e+00 0.000000000000000000e+00 0.000000000000000000e+00
1.830000000000000000e+02 7.320096441790169273e-02 0.000000000000000000e+00 1.000000000000000000e+00 0.000000000000000000e+00 0.000000000000000000e+00 0.000000000000000000e+00
1.860000000000000000e+02 7.440098022803143252e-02 0.000000000000000000e+00 1.000000000000000000e+00 0.000000000000000000e+00 0.000000000000000000e+00 0.000000000000000000e+00
1.890000000000000000e+02 7.560099603816095026e-02 0.000000000000000000e+00 1.000000000000000000e+00 0.000000000000000000e+00 0.000000000000000000e+00 0.000000000000000000e+00
1.920000000000000000e+02 7.680101184829046801e-02 0.000000000000000000e+00 1.000000000000000000e+00 0.000000000000000000e+00 0.000000000000000000e+00 0.000000000000000000e+00
1.950000000000000000e+02 7.800102765841998576e-02 1.137915339098771066e-04 9.998862084660901095e-01 0.000000000000000000e+00 0.000000000000000000e+00 0.000000000000000000e+00
1.980000000000000000e+02 7.920104346854950350e-02 0.000000000000000000e+00 1.000000000000000000e+00 0.000000000000000000e+00 0.000000000000000000e+00 0.000000000000000000e+00
2.010000000000000000e+02 8.040105927867902125e-02 0.000000000000000000e+00 1.000000000000000000e+00 0.000000000000000000e+00 0.000000000000000000e+00 0.000000000000000000e+00
2.040000000000000000e+02 8.160107508880853899e-02 0.000000000000000000e+00 1.000000000000000000e+00 0.000000000000000000e+00 0.000000000000000000e+00 0.000000000000000000e+00
2.070000000000000000e+02 8.280109089893805674e-02 2.275830678197542133e-04 9.997724169321802190e-01 0.000000000000000000e+00 0.000000000000000000e+00 0.000000000000000000e+00
2.100000000000000000e+02 8.400110670906757449e-02 1.137915339098771066e-04 9.998862084660901095e-01 0.000000000000000000e+00 0.000000000000000000e+00 0.000000000000000000e+00
2.130000000000000000e+02 8.520112251919709223e-02 0.000000000000000000e+00 1.000000000000000000e+00 0.000000000000000000e+00 0.000000000000000000e+00 0.000000000000000000e+00
2.160000000000000000e+02 8.640113832932660998e-02 0.000000000000000000e+00 1.000000000000000000e+00 0.000000000000000000e+00 0.000000000000000000e+00 0.000000000000000000e+00
2.190000000000000000e+02 8.760115413945612772e-02 0.000000000000000000e+00 1.000000000000000000e+00 0.000000000000000000e+00 0.000000000000000000e+00 0.000000000000000000e+00
2.220000000000000000e+02 8.880116994958586751e-02 0.000000000000000000e+00 9.998862084660901095e-01 0.000000000000000000e+00 1.137915339098771066e-04 0.000000000000000000e+00
2.250000000000000000e+02 9.000118575971538526e-02 1.137915339098771066e-04 9.997724169321802190e-01 0.000000000000000000e+00 1.137915339098771066e-04 0.000000000000000000e+00
2.280000000000000000e+02 9.120120156984490301e-02 0.000000000000000000e+00 1.000000000000000000e+00 0.000000000000000000e+00 0.000000000000000000e+00 0.000000000000000000e+00
2.310000000000000000e+02 9.240121737997442075e-02 6.827492034592626399e-04 9.993172507965407680e-01 0.000000000000000000e+00 0.000000000000000000e+00 0.000000000000000000e+00
2.340000000000000000e+02 9.360123319010393850e-02 1.479289940828402332e-03 9.985207100591716456e-01 0.000000000000000000e+00 0.000000000000000000e+00 0.000000000000000000e+00
2.370000000000000000e+02 9.480124900023345624e-02 2.048247610377787811e-03 9.979517523896221931e-01 0.000000000000000000e+00 0.000000000000000000e+00 0.000000000000000000e+00
2.400000000000000000e+02 9.600126481036297399e-02 7.965407373691396923e-04 9.992034592626308775e-01 0.000000000000000000e+00 0.000000000000000000e+00 0.000000000000000000e+00
2.430000000000000000e+02 9.720128062049249174e-02 1.137915339098771066e-04 9.998862084660901095e-01 0.000000000000000000e+00 0.000000000000000000e+00 0.000000000000000000e+00
2.460000000000000000e+02 9.840129643062200948e-02 1.137915339098771066e-04 9.998862084660901095e-01 0.000000000000000000e+00 0.000000000000000000e+00 0.000000000000000000e+00
2.490000000000000000e+02 9.960131224075152723e-02 3.413746017296313199e-04 9.996586253982703285e-01 0.000000000000000000e+00 0.000000000000000000e+00 0.000000000000000000e+00
2.520000000000000000e+02 1.008013280508810450e-01 6.827492034592626399e-04 9.993172507965407680e-01 0.000000000000000000e+00 0.000000000000000000e+00 0.000000000000000000e+00
2.550000000000000000e+02 1.020013438610107848e-01 1.024123805188893906e-03 9.989758761948110966e-01 0.000000000000000000e+00 0.000000000000000000e+00 0.000000000000000000e+00
2.580000000000000000e+02 1.032013596711403025e-01 4.551661356395084266e-04 9.995448338643604380e-01 0.000000000000000000e+00 0.000000000000000000e+00 0.000000000000000000e+00
2.610000000000000000e+02 1.044013754812698203e-01 6.827492034592626399e-04 9.993172507965407680e-01 0.000000000000000000e+00 0.000000000000000000e+00 0.000000000000000000e+00
2.640000000000000000e+02 1.056013912913993380e-01 4.551661356395084266e-04 9.995448338643604380e-01 0.000000000000000000e+00 0.000000000000000000e+00 0.000000000000000000e+00
2.670000000000000000e+02 1.068014071015288557e-01 7.965407373691396923e-04 9.990896677287209870e-01 0.000000000000000000e+00 1.137915339098771066e-04 0.000000000000000000e+00
2.700000000000000000e+02 1.080014229116583735e-01 9.103322712790168532e-04 9.990896677287209870e-01 0.000000000000000000e+00 0.000000000000000000e+00 0.000000000000000000e+00
2.730000000000000000e+02 1.092014387217878912e-01 1.479289940828402332e-03 9.985207100591716456e-01 0.000000000000000000e+00 0.000000000000000000e+00 0.000000000000000000e+00
2.760000000000000000e+02 1.104014545319174090e-01 2.275830678197541916e-03 9.977241693218024121e-01 0.000000000000000000e+00 0.000000000000000000e+00 0.000000000000000000e+00
2.790000000000000000e+02 1.116014703420469267e-01 2.275830678197541916e-03 9.977241693218024121e-01 0.000000000000000000e+00 0.000000000000000000e+00 0.000000000000000000e+00
2.820000000000000000e+02 1.128014861521764445e-01 2.617205279927173507e-03 9.971552116522530707e-01 0.000000000000000000e+00 2.275830678197542133e-04 0.000000000000000000e+00
2.850000000000000000e+02 1.140015019623059622e-01 2.503413746017296455e-03 9.973827947200728516e-01 0.000000000000000000e+00 1.137915339098771066e-04 0.000000000000000000e+00
2.880000000000000000e+02 1.152015177724357020e-01 2.275830678197541916e-03 9.976103777878926326e-01 0.000000000000000000e+00 1.137915339098771066e-04 0.000000000000000000e+00
2.910000000000000000e+02 1.164015335825652198e-01 1.820664542558033706e-03 9.980655439235320836e-01 0.000000000000000000e+00 1.137915339098771066e-04 0.000000000000000000e+00
2.940000000000000000e+02 1.176015493926947375e-01 2.958579881656804664e-03 9.970414201183431802e-01 0.000000000000000000e+00 0.000000000000000000e+00 0.000000000000000000e+00
2.970000000000000000e+02 1.188015652028242553e-01 2.844788347746927612e-03 9.970414201183431802e-01 0.000000000000000000e+00 1.137915339098771066e-04 0.000000000000000000e+00
3.000000000000000000e+02 1.200015810129537730e-01 3.299954483386436255e-03 9.967000455166135087e-01 0.000000000000000000e+00 0.000000000000000000e+00 0.000000000000000000e+00
3.030000000000000000e+02 1.212015968230832907e-01 4.096495220755575623e-03 9.955621301775148257e-01 0.000000000000000000e+00 3.413746017296313199e-04 0.000000000000000000e+00
3.060000000000000000e+02 1.224016126332128085e-01 6.713700500682749130e-03 9.930587164314974569e-01 0.000000000000000000e+00 2.275830678197542133e-04 0.000000000000000000e+00
3.090000000000000000e+02 1.236016284433423262e-01 8.420573509330906217e-03 9.913518434228493215e-01 0.000000000000000000e+00 2.275830678197542133e-04 0.000000000000000000e+00
3.120000000000000000e+02 1.248016442534718440e-01 8.761948111060537808e-03 9.907828857532999800e-01 0.000000000000000000e+00 4.551661356395084266e-04 0.000000000000000000e+00
3.150000000000000000e+02 1.260016600636013617e-01 7.624032771961766417e-03 9.919208010923987739e-01 0.000000000000000000e+00 4.551661356395084266e-04 0.000000000000000000e+00
3.180000000000000000e+02 1.272016758737308795e-01 7.624032771961766417e-03 9.918070095584888834e-01 0.000000000000000000e+00 5.689576695493854790e-04 0.000000000000000000e+00
3.210000000000000000e+02 1.284016916838606193e-01 8.761948111060537808e-03 9.905553026854801990e-01 0.000000000000000000e+00 6.827492034592626399e-04 0.000000000000000000e+00
3.240000000000000000e+02 1.296017074939901370e-01 1.069640418752844727e-02 9.887346381429221731e-01 0.000000000000000000e+00 5.689576695493854790e-04 0.000000000000000000e+00
3.270000000000000000e+02 1.308017233041196548e-01 1.411015020482476144e-02 9.853208921256259023e-01 0.000000000000000000e+00 5.689576695493854790e-04 0.000000000000000000e+00
3.300000000000000000e+02 1.320017391142491725e-01 1.843422849340009204e-02 9.805416477014110566e-01 0.000000000000000000e+00 1.024123805188893906e-03 0.000000000000000000e+00
3.330000000000000000e+02 1.332017549243786902e-01 2.048247610377787811e-02 9.788347746927628101e-01 0.000000000000000000e+00 6.827492034592626399e-04 0.000000000000000000e+00
3.360000000000000000e+02 1.344017707345082080e-01 2.059626763768775473e-02 9.781520254893035782e-01 0.000000000000000000e+00 1.251706873008648227e-03 0.000000000000000000e+00
3.390000000000000000e+02 1.356017865446377257e-01 2.173418297678652786e-02 9.769003186162948937e-01 0.000000000000000000e+00 1.365498406918525280e-03 0.000000000000000000e+00
3.420000000000000000e+02 1.368018023547672435e-01 2.662721893491124328e-02 9.712107419208011461e-01 0.000000000000000000e+00 2.162039144287664864e-03 0.000000000000000000e+00
3.450000000000000000e+02 1.380018181648967612e-01 3.334091943559399501e-02 9.654073736913973969e-01 0.000000000000000000e+00 1.251706873008648227e-03 0.000000000000000000e+00
3.480000000000000000e+02 1.392018339750262790e-01 3.732362312243969055e-02 9.611970869367318926e-01 0.000000000000000000e+00 1.479289940828402332e-03 0.000000000000000000e+00
3.510000000000000000e+02 1.404018497851557967e-01 4.437869822485206867e-02 9.535730541647701175e-01 0.000000000000000000e+00 2.048247610377787811e-03 0.000000000000000000e+00
3.540000000000000000e+02 1.416018655952853145e-01 5.439235320892125969e-02 9.426490669094219621e-01 0.000000000000000000e+00 2.958579881656804664e-03 0.000000000000000000e+00
3.570000000000000000e+02 1.428018814054150543e-01 6.349567592171143082e-02 9.328629949931724896e-01 0.000000000000000000e+00 3.641329085116067413e-03 0.000000000000000000e+00
3.600000000000000000e+02 1.440018972155445720e-01 6.941283568502502888e-02 9.258079198907601670e-01 0.000000000000000000e+00 4.779244424214838804e-03 0.000000000000000000e+00
3.630000000000000000e+02 1.452019130256740898e-01 8.113336367774237612e-02 9.119253527537550807e-01 0.000000000000000000e+00 6.941283568502503235e-03 0.000000000000000000e+00
3.660000000000000000e+02 1.464019288358036075e-01 1.052571688666363164e-01 8.859808830223031562e-01 0.000000000000000000e+00 8.761948111060537808e-03 0.000000000000000000e+00
3.690000000000000000e+02 1.476019446459331252e-01 1.243741465634956717e-01 8.645880746472462963e-01 0.000000000000000000e+00 1.103777878925807886e-02 0.000000000000000000e+00
3.720000000000000000e+02 1.488019604560626430e-01 1.473600364132908458e-01 8.394401456531633832e-01 0.000000000000000000e+00 1.319981793354574502e-02 0.000000000000000000e+00
3.750000000000000000e+02 1.500019762661921607e-01 1.697769685935366368e-01 8.099681383705051863e-01 0.000000000000000000e+00 2.025489303595812488e-02 0.000000000000000000e+00
3.780000000000000000e+02 1.512019920763216785e-01 2.051661356395084179e-01 7.719617660446063123e-01 0.000000000000000000e+00 2.287209831588529751e-02 0.000000000000000000e+00
3.810000000000000000e+02 1.524020078864511962e-01 2.434000910332271284e-01 7.282658170232134687e-01 0.000000000000000000e+00 2.833409194355939950e-02 0.000000000000000000e+00
3.840000000000000000e+02 1.536020236965807140e-01 2.845926263086026586e-01 6.784251251706873154e-01 0.000000000000000000e+00 3.698224852071006069e-02 0.000000000000000000e+00
3.870000000000000000e+02 1.548020395067102317e-01 3.232817478379608755e-01 6.288120163859808320e-01 0.000000000000000000e+00 4.790623577605826466e-02 0.000000000000000000e+00
3.900000000000000000e+02 1.560020553168399715e-01 3.615157032316795860e-01 5.835229858898497435e-01 0.000000000000000000e+00 5.496131087847064278e-02 0.000000000000000000e+00
3.930000000000000000e+02 1.572020711269694893e-01 4.068047337278106745e-01 5.265134274010013771e-01 0.000000000000000000e+00 6.668183887118799003e-02 0.000000000000000000e+00
3.960000000000000000e+02 1.584020869370990070e-01 4.449248975876194945e-01 4.726900318616295005e-01 0.000000000000000000e+00 8.238507055075101893e-02 0.000000000000000000e+00
3.990000000000000000e+02 1.596021027472285247e-01 4.941966317705962508e-01 4.101046882111971104e-01 0.000000000000000000e+00 9.569868001820663883e-02 0.000000000000000000e+00
4.020000000000000000e+02 1.608021185573580425e-01 5.400546199362767918e-01 3.472917614929449392e-01 0.000000000000000000e+00 1.126536185707783383e-01 0.000000000000000000e+00
4.050000000000000000e+02 1.620021343674875602e-01 5.795402822030041312e-01 2.917614929449248717e-01 1.137915339098771066e-04 1.285844333181611343e-01 0.000000000000000000e+00
4.080000000000000000e+02 1.632021501776170780e-01 6.144742831133364058e-01 2.413518434228493492e-01 3.413746017296313199e-04 1.438324988620846567e-01 0.000000000000000000e+00
4.110000000000000000e+02 1.644021659877465957e-01 6.471324533454710926e-01 1.950386891215293572e-01 7.965407373691396923e-04 1.570323167956304000e-01 0.000000000000000000e+00
4.140000000000000000e+02 1.656021817978761135e-01 6.727355484751934567e-01 1.573736913973600438e-01 5.689576695493854790e-04 1.693218024578971304e-01 0.000000000000000000e+00
4.170000000000000000e+02 1.668021976080056312e-01 6.901456531634045932e-01 1.283568502503413811e-01 1.137915339098770958e-03 1.803595812471552040e-01 0.000000000000000000e+00
4.200000000000000000e+02 1.680022134181351490e-01 7.042558033682293495e-01 1.011606736458807443e-01 2.389622212107419402e-03 1.921939007737824279e-01 0.000000000000000000e+00
4.230000000000000000e+02 1.692022292282648888e-01 7.157487482931269573e-01 7.749203459262631044e-02 2.730996813837050560e-03 2.040282203004096517e-01 0.000000000000000000e+00
4.260000000000000000e+02 1.704022450383944065e-01 7.242831133363677454e-01 6.042330450614474130e-02 3.413746017296313308e-03 2.118798361401911801e-01 0.000000000000000000e+00
4.290000000000000000e+02 1.716022608485239243e-01 7.290623577605825911e-01 4.893035958124715423e-02 4.096495220755575623e-03 2.179107874374146547e-01 0.000000000000000000e+00
4.320000000000000000e+02 1.728022766586534420e-01 7.314519799726900695e-01 3.743741465634956717e-02 5.689576695493855224e-03 2.254210286754665393e-01 0.000000000000000000e+00
4.350000000000000000e+02 1.740022924687829597e-01 7.357760582612653533e-01 3.072371415566681890e-02 7.851615839781519654e-03 2.256486117432862926e-01 0.000000000000000000e+00
4.380000000000000000e+02 1.752023082789124775e-01 7.352071005917160118e-01 2.719617660446062984e-02 8.875739644970414427e-03 2.287209831588529751e-01 0.000000000000000000e+00
4.410000000000000000e+02 1.764023240890419952e-01 7.379380974055530507e-01 2.469276285844333035e-02 1.092398725534820224e-02 2.264451524806554428e-01 0.000000000000000000e+00
4.440000000000000000e+02 1.776023398991715130e-01 7.436276741010469093e-01 2.127901684114701791e-02 1.206190259444697363e-02 2.230314064633591165e-01 0.000000000000000000e+00
4.470000000000000000e+02 1.788023557093010307e-01 7.432862994993172379e-01 2.093764223941738806e-02 1.593081474738279601e-02 2.198452435138825711e-01 0.000000000000000000e+00
4.500000000000000000e+02 1.800023715194305485e-01 7.428311333636777869e-01 1.934456076467910846e-02 1.911697769685935522e-02 2.187073281747838049e-01 0.000000000000000000e+00
4.530000000000000000e+02 1.812023873295600662e-01 7.402139280837505275e-01 2.059626763768775473e-02 2.241693218024579104e-02 2.167728720983158885e-01 0.000000000000000000e+00
4.560000000000000000e+02 1.824024031396898060e-01 7.395311788802912956e-01 2.218934911242603433e-02 2.492034592626308706e-02 2.133591260810195622e-01 0.000000000000000000e+00
4.590000000000000000e+02 1.836024189498193238e-01 7.365725989986344757e-01 2.298588984979517413e-02 2.969959035047792587e-02 2.107419208010923861e-01 0.000000000000000000e+00
4.620000000000000000e+02 1.848024347599488415e-01 7.377105143377332697e-01 2.253072371415566766e-02 3.459262630860263782e-02 2.051661356395084179e-01 0.000000000000000000e+00
4.650000000000000000e+02 1.860024505700783592e-01 7.368001820664542567e-01 2.264451524806554428e-02 3.937187073281747662e-02 2.011834319526627224e-01 0.000000000000000000e+00
4.680000000000000000e+02 1.872024663802078770e-01 7.342967683204369989e-01 2.423759672280382388e-02 4.403732362312243881e-02 1.974283113336367801e-01 0.000000000000000000e+00
4.710000000000000000e+02 1.884024821903373947e-01 7.289485662266727006e-01 2.594446973145198010e-02 4.927173418297678409e-02 1.958352298588985074e-01 0.000000000000000000e+00
4.740000000000000000e+02 1.896024980004669125e-01 7.271279016841146747e-01 2.674101046882111990e-02 5.382339553937186966e-02 1.923076923076923184e-01 0.000000000000000000e+00
4.770000000000000000e+02 1.908025138105964302e-01 7.314519799726900695e-01 2.708238507055074976e-02 5.666818388711879900e-02 1.847974510696404060e-01 0.000000000000000000e+00
4.800000000000000000e+02 1.920025296207259480e-01 7.269003186162948937e-01 2.765134274010013632e-02 6.486117432862995025e-02 1.805871643149749572e-01 0.000000000000000000e+00
4.830000000000000000e+02 1.932025454308554657e-01 7.322485207100591920e-01 2.753755120619025970e-02 7.020937642239417908e-02 1.700045516613563901e-01 0.000000000000000000e+00
4.860000000000000000e+02 1.944025612409849835e-01 7.283796085571233592e-01 2.867546654528902936e-02 7.532999544833864081e-02 1.676149294492489672e-01 0.000000000000000000e+00
4.890000000000000000e+02 1.956025770511145012e-01 7.257624032771962108e-01 2.992717341829767910e-02 8.045061447428311641e-02 1.638598088302230249e-01 0.000000000000000000e+00
4.920000000000000000e+02 1.968025928612442410e-01 7.256486117432863203e-01 3.197542102867546865e-02 8.511606736458807165e-02 1.572598998634501533e-01 0.000000000000000000e+00
4.950000000000000000e+02 1.980026086713737588e-01 7.287209831588530307e-01 3.208921256258534527e-02 8.796085571233500100e-02 1.512289485662266786e-01 0.000000000000000000e+00
4.980000000000000000e+02 1.992026244815032765e-01 7.257624032771962108e-01 3.356850250341374825e-02 9.365043240782885969e-02 1.470186618115612298e-01 0.000000000000000000e+00
5.010000000000000000e+02 2.004026402916327942e-01 7.273554847519344557e-01 3.482020937642239106e-02 9.365043240782885969e-02 1.441738734638143005e-01 0.000000000000000000e+00
5.040000000000000000e+02 2.016026561017623120e-01 7.329312699135184239e-01 3.493400091033227461e-02 9.285389167045972336e-02 1.392808375056895642e-01 0.000000000000000000e+00
5.070000000000000000e+02 2.028026719118918297e-01 7.385070550751023921e-01 3.413746017296313134e-02 9.330905780609922984e-02 1.340464269458352398e-01 0.000000000000000000e+00
5.100000000000000000e+02 2.040026877220213475e-01 7.389622212107419541e-01 3.629949931725079404e-02 9.410559854346836617e-02 1.306326809285389134e-01 0.000000000000000000e+00
5.130000000000000000e+02 2.052027035321508652e-01 7.470414201183431802e-01 3.618570778334091742e-02 9.274010013654984674e-02 1.240327719617660418e-01 0.000000000000000000e+00
5.160000000000000000e+02 2.064027193422803830e-01 7.526172052799271484e-01 3.504779244424215123e-02 9.421939007737824279e-02 1.181156121984524299e-01 0.000000000000000000e+00
5.190000000000000000e+02 2.076027351524099007e-01 7.547792444242148457e-01 3.573054164770141095e-02 9.558488848429676221e-02 1.139053254437869811e-01 0.000000000000000000e+00
5.220000000000000000e+02 2.088027509625394185e-01 7.601274465179790329e-01 3.675466545289030745e-02 9.592626308602640595e-02 1.071916249431042328e-01 0.000000000000000000e+00
5.250000000000000000e+02 2.100027667726691583e-01 7.700273099681383959e-01 3.561675011379153433e-02 9.091943559399180697e-02 1.034365043240782905e-01 0.000000000000000000e+00
5.280000000000000000e+02 2.112027825827986760e-01 7.710514337733272994e-01 3.618570778334091742e-02 9.126081019572143682e-02 1.015020482476103741e-01 0.000000000000000000e+00
5.310000000000000000e+02 2.124027983929281937e-01 7.816340464269457833e-01 3.447883477469276120e-02 9.012289485662267063e-02 9.376422394173873631e-02 0.000000000000000000e+00
5.340000000000000000e+02 2.136028142030577115e-01 7.891442876649977789e-01 3.573054164770141095e-02 8.773327264451524776e-02 8.739189804278561791e-02 0.000000000000000000e+00
5.370000000000000000e+02 2.148028300131872292e-01 7.893718707328174489e-01 3.664087391898043083e-02 8.796085571233500100e-02 8.602639963586708460e-02 0.000000000000000000e+00
5.400000000000000000e+02 2.160028458233167470e-01 7.926718252162039402e-01 3.675466545289030745e-02 8.682294037323623481e-02 8.375056895766955223e-02 0.000000000000000000e+00
5.430000000000000000e+02 2.172028616334462647e-01 7.947200728265817471e-01 3.607191624943104080e-02 8.841602184797450747e-02 8.079198907601274626e-02 0.000000000000000000e+00
5.460000000000000000e+02 2.184028774435757825e-01 7.915339098771051463e-01 3.789258079198907364e-02 9.114701866181156020e-02 7.942649066909421296e-02 0.000000000000000000e+00
5.490000000000000000e+02 2.196028932537053002e-01 7.924442421483841592e-01 3.937187073281747662e-02 9.057806099226217711e-02 7.760582612653618706e-02 0.000000000000000000e+00
5.520000000000000000e+02 2.208029090638348180e-01 7.938097405553027341e-01 4.119253527537550946e-02 8.818843878015475424e-02 7.680928538916705073e-02 0.000000000000000000e+00
5.550000000000000000e+02 2.220029248739643357e-01 7.961993627674101015e-01 4.073736913973600299e-02 8.739189804278561791e-02 7.567137005006827066e-02 0.000000000000000000e+00
5.580000000000000000e+02 2.232029406840940755e-01 7.969959035047792240e-01 4.392353208921256219e-02 8.648156577150660496e-02 7.259899863450158808e-02 0.000000000000000000e+00
5.610000000000000000e+02 2.244029564942235933e-01 8.016613563950841792e-01 4.415111515703231543e-02 8.443331816112881194e-02 6.975421028675465873e-02 0.000000000000000000e+00
5.640000000000000000e+02 2.256029723043531110e-01 8.064406008192990249e-01 4.563040509786071841e-02 8.158852981338188259e-02 6.634046426945834629e-02 0.000000000000000000e+00
5.670000000000000000e+02 2.268029881144826287e-01 8.129267182521620061e-01 4.676832043695949154e-02 7.715065999089668058e-02 6.315430131998178709e-02 0.000000000000000000e+00
5.700000000000000000e+02 2.280030039246121465e-01 8.113336367774237612e-01 4.756486117432862787e-02 7.726445152480655720e-02 6.383705052344106068e-02 0.000000000000000000e+00
5.730000000000000000e+02 2.292030197347416642e-01 8.170232134729176199e-01 4.517523896222121194e-02 7.510241238051888757e-02 6.269913518434228061e-02 0.000000000000000000e+00
5.760000000000000000e+02 2.304030355448711820e-01 8.129267182521620061e-01 4.688211197086936816e-02 7.589895311788802390e-02 6.429221665908056715e-02 0.000000000000000000e+00
5.790000000000000000e+02 2.316030513550006997e-01 8.129267182521620061e-01 4.802002730996814128e-02 7.305416477014110843e-02 6.599908966772871644e-02 0.000000000000000000e+00
5.820000000000000000e+02 2.328030671651302175e-01 8.121301775147928836e-01 4.813381884387801790e-02 7.396449704142012138e-02 6.577150659990896320e-02 0.000000000000000000e+00
5.850000000000000000e+02 2.340030829752597352e-01 8.095129722348657353e-01 5.188893946290396020e-02 7.419208010923987462e-02 6.440600819299044377e-02 0.000000000000000000e+00
5.880000000000000000e+02 2.352030987853892530e-01 8.104233045061447482e-01 5.166135639508420696e-02 7.407828857532999800e-02 6.383705052344106068e-02 0.000000000000000000e+00
5.910000000000000000e+02 2.364031145955189928e-01 8.108784706417841992e-01 5.291306326809285671e-02 7.487482931269913433e-02 6.133363677742376119e-02 0.000000000000000000e+00
5.940000000000000000e+02 2.376031304056485105e-01 8.126991351843423361e-01 5.427856167501137613e-02 7.282658170232134132e-02 6.019572143832498806e-02 0.000000000000000000e+00
5.970000000000000000e+02 2.388031462157780282e-01 8.115612198452435422e-01 5.678197542102867562e-02 7.453345471096950448e-02 5.712335002275830548e-02 0.000000000000000000e+00
6.000000000000000000e+02 2.400031620259075460e-01 8.082612653618570508e-01 6.042330450614474130e-02 7.544378698224851743e-02 5.587164314974965573e-02 0.000000000000000000e+00
6.030000000000000000e+02 2.412031778360370637e-01 8.121301775147928836e-01 6.030951297223486468e-02 7.259899863450158808e-02 5.496131087847064278e-02 0.000000000000000000e+00
6.060000000000000000e+02 2.424031936461665815e-01 8.116750113791534327e-01 6.110605370960400795e-02 7.203004096495220498e-02 5.518889394629039602e-02 0.000000000000000000e+00
6.090000000000000000e+02 2.436032094562960992e-01 8.105370960400546387e-01 6.190259444697314428e-02 7.316795630405098505e-02 5.439235320892125969e-02 0.000000000000000000e+00
6.120000000000000000e+02 2.448032252664256170e-01 8.149749658625398130e-01 6.156121984524351443e-02 7.385070550751024476e-02 4.961310878470642088e-02 0.000000000000000000e+00
6.150000000000000000e+02 2.460032410765551347e-01 8.147473827947200320e-01 6.167501137915339104e-02 7.350933090578061491e-02 5.006827492034592736e-02 0.000000000000000000e+00
6.180000000000000000e+02 2.472032568866846525e-01 8.164542558033682784e-01 6.087847064178425471e-02 7.373691397360036814e-02 4.893035958124715423e-02 0.000000000000000000e+00
6.210000000000000000e+02 2.484032726968141702e-01 8.161128812016386069e-01 6.076467910787437116e-02 7.328174783796086167e-02 4.984069185252617412e-02 0.000000000000000000e+00
6.240000000000000000e+02 2.496032885069439100e-01 8.183887118798361948e-01 6.110605370960400795e-02 7.191624943104232837e-02 4.858898497951752438e-02 0.000000000000000000e+00
6.270000000000000000e+02 2.508033043170734278e-01 8.146335912608101415e-01 6.235776058261265076e-02 7.419208010923987462e-02 4.881656804733727761e-02 0.000000000000000000e+00
6.300000000000000000e+02 2.520033201272029455e-01 8.111060537096039802e-01 6.451979972690032039e-02 7.601274465179790052e-02 4.836140191169777114e-02 0.000000000000000000e+00
6.330000000000000000e+02 2.532033359373324632e-01 8.154301319981793750e-01 6.486117432862995025e-02 7.294037323623121793e-02 4.676832043695949154e-02 0.000000000000000000e+00
6.360000000000000000e+02 2.544033517474619810e-01 8.148611743286299225e-01 6.599908966772871644e-02 7.259899863450158808e-02 4.654073736913973830e-02 0.000000000000000000e+00
6.390000000000000000e+02 2.556033675575914987e-01 8.120163859808829931e-01 6.702321347291761988e-02 7.305416477014110843e-02 4.790623577605826466e-02 0.000000000000000000e+00
6.420000000000000000e+02 2.568033833677210165e-01 8.171370050068275104e-01 6.690942193900774326e-02 6.895766954938552240e-02 4.699590350477924477e-02 0.000000000000000000e+00
6.450000000000000000e+02 2.580033991778505342e-01 8.178197542102867423e-01 6.736458807464724974e-02 6.451979972690032039e-02 5.029585798816568060e-02 0.000000000000000000e+00
6.480000000000000000e+02 2.592034149879800520e-01 8.189576695493855363e-01 6.702321347291761988e-02 6.167501137915339104e-02 5.234410559854346667e-02 0.000000000000000000e+00
6.510000000000000000e+02 2.604034307981095697e-01 8.170232134729176199e-01 6.861629494765589254e-02 6.224396904870277414e-02 5.211652253072371344e-02 0.000000000000000000e+00
6.540000000000000000e+02 2.616034466082390875e-01 8.129267182521620061e-01 6.998179335457442585e-02 6.042330450614474130e-02 5.666818388711879900e-02 0.000000000000000000e+00
6.570000000000000000e+02 2.628034624183686052e-01 8.111060537096039802e-01 7.259899863450158808e-02 6.247155211652252738e-02 5.382339553937186966e-02 0.000000000000000000e+00
6.600000000000000000e+02 2.640034782284983450e-01 8.060992262175694645e-01 7.464724624487938109e-02 6.429221665908056715e-02 5.496131087847064278e-02 0.000000000000000000e+00
6.630000000000000000e+02 2.652034940386278627e-01 8.027992717341829731e-01 7.532999544833864081e-02 6.690942193900774326e-02 5.496131087847064278e-02 0.000000000000000000e+00
6.660000000000000000e+02 2.664035098487573805e-01 7.992717341829768118e-01 7.669549385525717411e-02 6.895766954938552240e-02 5.507510241238051940e-02 0.000000000000000000e+00
6.690000000000000000e+02 2.676035256588868982e-01 7.980200273099681274e-01 7.828857532999544677e-02 6.804733727810650945e-02 5.564406008192990249e-02 0.000000000000000000e+00
6.720000000000000000e+02 2.688035414690164160e-01 7.997269003186162628e-01 7.817478379608557015e-02 6.770596267637687959e-02 5.439235320892125969e-02 0.000000000000000000e+00
6.750000000000000000e+02 2.700035572791459337e-01 8.018889394629039602e-01 7.771961766044606368e-02 6.759217114246700298e-02 5.279927173418298009e-02 0.000000000000000000e+00
6.780000000000000000e+02 2.712035730892754515e-01 8.016613563950841792e-01 7.692307692307692735e-02 6.850250341374601593e-02 5.291306326809285671e-02 0.000000000000000000e+00
6.810000000000000000e+02 2.724035888994049692e-01 8.072371415566681474e-01 7.703686845698680397e-02 6.690942193900774326e-02 4.881656804733727761e-02 0.000000000000000000e+00
