# itime ezz other fcc hcp bcc ico
0.000000000000000000e+00 0.000000000000000000e+00 7.965407373691396923e-04 9.992034592626308775e-01 0.000000000000000000e+00 0.000000000000000000e+00 0.000000000000000000e+00
2.500000000000000000e+01 9.999764499959429287e-04 1.251706873008648227e-03 9.987482931269913156e-01 0.000000000000000000e+00 0.000000000000000000e+00 0.000000000000000000e+00
5.000000000000000000e+01 1.999952899992107902e-03 1.365498406918525280e-03 9.986345015930814251e-01 0.000000000000000000e+00 0.000000000000000000e+00 0.000000000000000000e+00
7.500000000000000000e+01 2.999929349988050831e-03 6.827492034592626399e-04 9.993172507965407680e-01 0.000000000000000000e+00 0.000000000000000000e+00 0.000000000000000000e+00
1.000000000000000000e+02 3.999905799983993759e-03 2.275830678197542133e-04 9.997724169321802190e-01 0.000000000000000000e+00 0.000000000000000000e+00 0.000000000000000000e+00
1.250000000000000000e+02 4.999882249980158733e-03 5.689576695493854790e-04 9.994310423304506585e-01 0.000000000000000000e+00 0.000000000000000000e+00 0.000000000000000000e+00
1.500000000000000000e+02 5.999858699976101661e-03 1.024123805188893906e-03 9.989758761948110966e-01 0.000000000000000000e+00 0.000000000000000000e+00 0.000000000000000000e+00
1.750000000000000000e+02 6.999835149972044590e-03 6.827492034592626399e-04 9.993172507965407680e-01 0.000000000000000000e+00 0.000000000000000000e+00 0.000000000000000000e+00
2.000000000000000000e+02 7.999811599968209563e-03 1.024123805188893906e-03 9.989758761948110966e-01 0.000000000000000000e+00 0.000000000000000000e+00 0.000000000000000000e+00
2.250000000000000000e+02 8.999788049964152492e-03 9.103322712790168532e-04 9.990896677287209870e-01 0.000000000000000000e+00 0.000000000000000000e+00 0.000000000000000000e+00
2.500000000000000000e+02 9.999764499960317465e-03 2.844788347746927612e-03 9.971552116522530707e-01 0.000000000000000000e+00 0.000000000000000000e+00 0.000000000000000000e+00
2.750000000000000000e+02 1.099974094995626039e-02 6.827492034592626399e-04 9.993172507965407680e-01 0.000000000000000000e+00 0.000000000000000000e+00 0.000000000000000000e+00
3.000000000000000000e+02 1.199971739995220332e-02 1.365498406918525280e-03 9.986345015930814251e-01 0.000000000000000000e+00 0.000000000000000000e+00 0.000000000000000000e+00
3.250000000000000000e+02 1.299969384994836830e-02 3.755120619025944465e-03 9.962448793809740577e-01 0.000000000000000000e+00 0.000000000000000000e+00 0.000000000000000000e+00
3.500000000000000000e+02 1.399967029994431122e-02 1.024123805188893906e-03 9.987482931269913156e-01 0.000000000000000000e+00 2.275830678197542133e-04 0.000000000000000000e+00
3.750000000000000000e+02 1.499964674994025415e-02 1.706873008648156654e-03 9.982931269913518646e-01 0.000000000000000000e+00 0.000000000000000000e+00 0.000000000000000000e+00
4.000000000000000000e+02 1.599962319993641913e-02 2.162039144287664864e-03 9.978379608557123026e-01 0.000000000000000000e+00 0.000000000000000000e+00 0.000000000000000000e+00
4.250000000000000000e+02 1.699959964993236206e-02 1.593081474738279385e-03 9.982931269913518646e-01 0.000000000000000000e+00 1.137915339098771066e-04 0.000000000000000000e+00
4.500000000000000000e+02 1.799957609992830498e-02 2.162039144287664864e-03 9.978379608557123026e-01 0.000000000000000000e+00 0.000000000000000000e+00 0.000000000000000000e+00
4.750000000000000000e+02 1.899955254992446996e-02 1.365498406918525280e-03 9.986345015930814251e-01 0.000000000000000000e+00 0.000000000000000000e+00 0.000000000000000000e+00
5.000000000000000000e+02 1.999952899992041289e-02 3.299954483386436255e-03 9.965862539827037292e-01 0.000000000000000000e+00 1.137915339098771066e-04 0.000000000000000000e+00
5.250000000000000000e+02 2.099950544991635581e-02 2.844788347746927612e-03 9.971552116522530707e-01 0.000000000000000000e+00 0.000000000000000000e+00 0.000000000000000000e+00
5.500000000000000000e+02 2.199948189991252079e-02 2.389622212107419402e-03 9.974965862539827421e-01 0.000000000000000000e+00 1.137915339098771066e-04 0.000000000000000000e+00
5.750000000000000000e+02 2.299945834990846372e-02 3.868912152935821518e-03 9.961310878470641672e-01 0.000000000000000000e+00 0.000000000000000000e+00 0.000000000000000000e+00
6.000000000000000000e+02 2.399943479990440665e-02 1.706873008648156654e-03 9.981793354574419741e-01 0.000000000000000000e+00 1.137915339098771066e-04 0.000000000000000000e+00
6.250000000000000000e+02 2.499941124990057162e-02 1.934456076467910759e-03 9.980655439235320836e-01 0.000000000000000000e+00 0.000000000000000000e+00 0.000000000000000000e+00
6.500000000000000000e+02 2.599938769989651455e-02 1.251706873008648227e-03 9.987482931269913156e-01 0.000000000000000000e+00 0.000000000000000000e+00 0.000000000000000000e+00
6.750000000000000000e+02 2.699936414989267952e-02 3.982703686845699004e-03 9.960172963131542767e-01 0.000000000000000000e+00 0.000000000000000000e+00 0.000000000000000000e+00
7.000000000000000000e+02 2.799934059988862245e-02 3.072371415566681717e-03 9.968138370505233992e-01 0.000000000000000000e+00 1.137915339098771066e-04 0.000000000000000000e+00
7.250000000000000000e+02 2.899931704988456538e-02 3.755120619025944465e-03 9.961310878470641672e-01 0.000000000000000000e+00 1.137915339098771066e-04 0.000000000000000000e+00
7.500000000000000000e+02 2.999929349988073035e-02 5.689576695493855224e-03 9.943104233045061413e-01 0.000000000000000000e+00 0.000000000000000000e+00 0.000000000000000000e+00
7.750000000000000000e+02 3.099926994987667328e-02 2.844788347746927612e-03 9.971552116522530707e-01 0.000000000000000000e+00 0.000000000000000000e+00 0.000000000000000000e+00
8.000000000000000000e+02 3.199924639987261621e-02 1.706873008648156654e-03 9.982931269913518646e-01 0.000000000000000000e+00 0.000000000000000000e+00 0.000000000000000000e+00
8.250000000000000000e+02 3.299922284986878118e-02 3.868912152935821518e-03 9.961310878470641672e-01 0.000000000000000000e+00 0.000000000000000000e+00 0.000000000000000000e+00
8.500000000000000000e+02 3.399919929986472411e-02 4.779244424214838804e-03 9.951069640418752638e-01 0.000000000000000000e+00 1.137915339098771066e-04 0.000000000000000000e+00
8.750000000000000000e+02 3.499917574986066704e-02 8.989531178880291046e-03 9.908966772872098705e-01 0.000000000000000000e+00 1.137915339098771066e-04 0.000000000000000000e+00
9.000000000000000000e+02 3.599915219985683201e-02 6.827492034592626616e-03 9.930587164314974569e-01 0.000000000000000000e+00 1.137915339098771066e-04 0.000000000000000000e+00
9.250000000000000000e+02 3.699912864985277494e-02 8.761948111060537808e-03 9.911242603550295405e-01 0.000000000000000000e+00 1.137915339098771066e-04 0.000000000000000000e+00
9.500000000000000000e+02 3.799910509984871787e-02 6.713700500682749130e-03 9.931725079654073474e-01 0.000000000000000000e+00 1.137915339098771066e-04 0.000000000000000000e+00
9.750000000000000000e+02 3.899908154984488284e-02 4.210286754665453109e-03 9.955621301775148257e-01 0.000000000000000000e+00 2.275830678197542133e-04 0.000000000000000000e+00
1.000000000000000000e+03 3.999905799984082577e-02 8.875739644970414427e-03 9.907828857532999800e-01 0.000000000000000000e+00 3.413746017296313199e-04 0.000000000000000000e+00
1.025000000000000000e+03 4.099903444983676870e-02 8.192990441511151245e-03 9.915794264906691025e-01 0.000000000000000000e+00 2.275830678197542133e-04 0.000000000000000000e+00
1.050000000000000000e+03 4.199901089983293367e-02 8.192990441511151245e-03 9.916932180245789930e-01 0.000000000000000000e+00 1.137915339098771066e-04 0.000000000000000000e+00
1.075000000000000000e+03 4.299898734982887660e-02 8.534365043240782836e-03 9.912380518889394310e-01 0.000000000000000000e+00 2.275830678197542133e-04 0.000000000000000000e+00
1.100000000000000000e+03 4.399896379982504158e-02 7.737824305871643035e-03 9.920345926263085534e-01 0.000000000000000000e+00 2.275830678197542133e-04 0.000000000000000000e+00
1.125000000000000000e+03 4.499894024982098450e-02 9.558488848429677609e-03 9.902139280837505275e-01 0.000000000000000000e+00 2.275830678197542133e-04 0.000000000000000000e+00
1.150000000000000000e+03 4.599891669981692743e-02 8.648156577150659455e-03 9.912380518889394310e-01 0.000000000000000000e+00 1.137915339098771066e-04 0.000000000000000000e+00
1.175000000000000000e+03 4.699889314981309241e-02 9.899863450159307465e-03 9.896449704142011861e-01 0.000000000000000000e+00 4.551661356395084266e-04 0.000000000000000000e+00
1.200000000000000000e+03 4.799886959980903534e-02 1.422394173873463806e-02 9.854346836595356818e-01 0.000000000000000000e+00 3.413746017296313199e-04 0.000000000000000000e+00
1.225000000000000000e+03 4.899884604980497826e-02 9.672280382339554228e-03 9.902139280837505275e-01 0.000000000000000000e+00 1.137915339098771066e-04 0.000000000000000000e+00
1.250000000000000000e+03 4.999882249980114324e-02 1.115157032316795548e-02 9.886208466090122826e-01 0.000000000000000000e+00 2.275830678197542133e-04 0.000000000000000000e+00
1.275000000000000000e+03 5.099879894979708617e-02 1.490669094219390124e-02 9.842967683204369989e-01 0.000000000000000000e+00 7.965407373691396923e-04 0.000000000000000000e+00
1.300000000000000000e+03 5.199877539979302910e-02 1.445152480655439303e-02 9.850933090578061213e-01 0.000000000000000000e+00 4.551661356395084266e-04 0.000000000000000000e+00
1.325000000000000000e+03 5.299875184978919407e-02 1.524806554392353283e-02 9.840691852526172179e-01 0.000000000000000000e+00 6.827492034592626399e-04 0.000000000000000000e+00
1.350000000000000000e+03 5.399872829978513700e-02 1.228948566226672687e-02 9.872553482020938187e-01 0.000000000000000000e+00 4.551661356395084266e-04 0.000000000000000000e+00
1.375000000000000000e+03 5.499870474978107993e-02 1.786527082385070547e-02 9.821347291761493015e-01 0.000000000000000000e+00 0.000000000000000000e+00 0.000000000000000000e+00
1.400000000000000000e+03 5.599868119977724490e-02 1.957214383249886169e-02 9.796313154301320436e-01 0.000000000000000000e+00 7.965407373691396923e-04 0.000000000000000000e+00
1.425000000000000000e+03 5.699865764977318783e-02 2.355484751934456070e-02 9.755348202093764298e-01 0.000000000000000000e+00 9.103322712790168532e-04 0.000000000000000000e+00
1.450000000000000000e+03 5.799863409976913076e-02 2.457897132453345374e-02 9.745106964041875264e-01 0.000000000000000000e+00 9.103322712790168532e-04 0.000000000000000000e+00
1.475000000000000000e+03 5.899861054976529573e-02 2.093764223941738806e-02 9.775830678197542367e-01 0.000000000000000000e+00 1.479289940828402332e-03 0.000000000000000000e+00
1.500000000000000000e+03 5.999858699976123866e-02 2.378243058716431393e-02 9.755348202093764298e-01 0.000000000000000000e+00 6.827492034592626399e-04 0.000000000000000000e+00
1.525000000000000000e+03 6.099856344975718159e-02 2.480655439235321044e-02 9.734865725989986229e-01 0.000000000000000000e+00 1.706873008648156654e-03 0.000000000000000000e+00
1.550000000000000000e+03 6.199853989975334656e-02 2.617205279927173334e-02 9.729176149294492815e-01 0.000000000000000000e+00 9.103322712790168532e-04 0.000000000000000000e+00
1.575000000000000000e+03 6.299851634974928949e-02 2.401001365498407064e-02 9.742831133363677454e-01 0.000000000000000000e+00 1.706873008648156654e-03 0.000000000000000000e+00
1.600000000000000000e+03 6.399849279974545446e-02 2.833409194355939950e-02 9.703004096495220221e-01 0.000000000000000000e+00 1.365498406918525280e-03 0.000000000000000000e+00
1.625000000000000000e+03 6.499846924974139739e-02 2.890304961310878606e-02 9.693900773782430091e-01 0.000000000000000000e+00 1.706873008648156654e-03 0.000000000000000000e+00
1.650000000000000000e+03 6.599844569973734032e-02 3.186162949476559203e-02 9.673418297678653133e-01 0.000000000000000000e+00 7.965407373691396923e-04 0.000000000000000000e+00
1.675000000000000000e+03 6.699842214973350529e-02 3.664087391898043083e-02 9.622212107419207960e-01 0.000000000000000000e+00 1.137915339098770958e-03 0.000000000000000000e+00
1.700000000000000000e+03 6.799839859972944822e-02 4.085116067364587961e-02 9.563040509786071564e-01 0.000000000000000000e+00 2.844788347746927612e-03 0.000000000000000000e+00
1.725000000000000000e+03 6.899837504972539115e-02 4.483386436049158208e-02 9.524351388256713236e-01 0.000000000000000000e+00 2.730996813837050560e-03 0.000000000000000000e+00
1.750000000000000000e+03 6.999835149972155612e-02 4.995448338643605074e-02 9.465179790623577949e-01 0.000000000000000000e+00 3.527537551206190360e-03 0.000000000000000000e+00
1.775000000000000000e+03 7.099832794971749905e-02 4.449248975876194528e-02 9.515248065543923106e-01 0.000000000000000000e+00 3.982703686845699004e-03 0.000000000000000000e+00
1.800000000000000000e+03 7.199830439971344198e-02 5.803368229403732537e-02 9.378698224852071164e-01 0.000000000000000000e+00 4.096495220755575623e-03 0.000000000000000000e+00
1.825000000000000000e+03 7.299828084970960695e-02 5.735093309057805872e-02 9.388939462903960198e-01 0.000000000000000000e+00 3.755120619025944465e-03 0.000000000000000000e+00
1.850000000000000000e+03 7.399825729970554988e-02 5.507510241238051940e-02 9.411697769685934967e-01 0.000000000000000000e+00 3.755120619025944465e-03 0.000000000000000000e+00
1.875000000000000000e+03 7.499823374970149281e-02 6.998179335457442585e-02 9.261492944924897275e-01 0.000000000000000000e+00 3.868912152935821518e-03 0.000000000000000000e+00
1.900000000000000000e+03 7.599821019969765779e-02 6.713700500682749650e-02 9.284251251706873154e-01 0.000000000000000000e+00 4.437869822485207214e-03 0.000000000000000000e+00
1.925000000000000000e+03 7.699818664969360071e-02 6.247155211652252738e-02 9.337733272644515026e-01 0.000000000000000000e+00 3.755120619025944465e-03 0.000000000000000000e+00
1.950000000000000000e+03 7.799816309968954364e-02 7.635411925352754425e-02 9.186390532544378429e-01 0.000000000000000000e+00 5.006827492034592909e-03 0.000000000000000000e+00
1.975000000000000000e+03 7.899813954968570862e-02 8.989531178880291740e-02 9.035047792444241832e-01 0.000000000000000000e+00 6.599908966772872511e-03 0.000000000000000000e+00
2.000000000000000000e+03 7.999811599968165154e-02 9.308147473827947660e-02 8.990669094219390090e-01 0.000000000000000000e+00 7.851615839781519654e-03 0.000000000000000000e+00
2.025000000000000000e+03 8.099809244967781652e-02 9.353664087391898307e-02 8.964497041420118606e-01 0.000000000000000000e+00 1.001365498406918582e-02 0.000000000000000000e+00
2.050000000000000000e+03 8.199806889967375945e-02 1.112881201638598050e-01 8.784706417842512716e-01 0.000000000000000000e+00 1.024123805188893906e-02 0.000000000000000000e+00
2.075000000000000000e+03 8.299804534966970238e-02 1.184569868001820597e-01 8.669776968593536637e-01 0.000000000000000000e+00 1.456531634046426965e-02 0.000000000000000000e+00
2.100000000000000000e+03 8.399802179966586735e-02 1.264223941738734647e-01 8.593536640873918886e-01 0.000000000000000000e+00 1.422394173873463806e-02 0.000000000000000000e+00
2.125000000000000000e+03 8.499799824966181028e-02 1.327947200728265831e-01 8.504779244424214291e-01 0.000000000000000000e+00 1.672735548475193582e-02 0.000000000000000000e+00
2.150000000000000000e+03 8.599797469965775321e-02 1.355257168866636219e-01 8.453573054164770229e-01 0.000000000000000000e+00 1.911697769685935522e-02 0.000000000000000000e+00
2.175000000000000000e+03 8.699795114965391818e-02 1.459945380063723264e-01 8.301092398725534727e-01 0.000000000000000000e+00 2.389622212107419055e-02 0.000000000000000000e+00
2.200000000000000000e+03 8.799792759964986111e-02 1.571461083295402905e-01 8.171370050068275104e-01 0.000000000000000000e+00 2.571688666363222686e-02 0.000000000000000000e+00
2.225000000000000000e+03 8.899790404964580404e-02 1.616977696859353553e-01 8.070095584888484774e-01 0.000000000000000000e+00 3.129267182521620200e-02 0.000000000000000000e+00
2.250000000000000000e+03 8.999788049964196901e-02 1.755803368229403860e-01 7.876649977241693135e-01 1.137915339098771066e-04 3.664087391898043083e-02 0.000000000000000000e+00
2.275000000000000000e+03 9.099785694963791194e-02 2.002730996813837094e-01 7.593309057806099105e-01 4.551661356395084266e-04 3.994082840236686666e-02 0.000000000000000000e+00
2.300000000000000000e+03 9.199783339963385487e-02 2.012972234865725851e-01 7.495448338643604380e-01 5.689576695493854790e-04 4.858898497951752438e-02 0.000000000000000000e+00
2.325000000000000000e+03 9.299780984963001984e-02 2.083522985889849910e-01 7.382794720072826111e-01 1.251706873008648227e-03 5.211652253072371344e-02 0.000000000000000000e+00
2.350000000000000000e+03 9.399778629962596277e-02 2.259899863450159363e-01 7.118798361401911245e-01 6.827492034592626399e-04 6.144742831133363781e-02 0.000000000000000000e+00
2.375000000000000000e+03 9.499776274962190570e-02 2.593309057806099105e-01 6.717114246700045532e-01 5.689576695493854790e-04 6.838871187983613931e-02 0.000000000000000000e+00
2.400000000000000000e+03 9.599773919961807067e-02 2.605826126536185949e-01 6.565771506599908935e-01 1.137915339098770958e-03 8.170232134729175921e-02 0.000000000000000000e+00
2.425000000000000000e+03 9.699771564961401360e-02 2.804961310878470448e-01 6.294947655894401750e-01 1.024123805188893906e-03 8.898497951752389057e-02 0.000000000000000000e+00
2.450000000000000000e+03 9.799769209961017857e-02 3.009786071916249472e-01 5.834091943559399640e-01 1.820664542558033706e-03 1.137915339098771045e-01 0.000000000000000000e+00
2.475000000000000000e+03 9.899766854960612150e-02 3.214610832954028496e-01 5.439235320892125136e-01 3.413746017296313308e-03 1.312016385980883104e-01 0.000000000000000000e+00
2.500000000000000000e+03 9.999764499960206443e-02 3.332954028220300180e-01 5.068274920345926526e-01 6.486117432862995025e-03 1.533909877105143482e-01 0.000000000000000000e+00
2.525000000000000000e+03 1.009976214495982294e-01 3.546882111970869333e-01 4.642694583522986029e-01 6.030951297223486815e-03 1.750113791533909890e-01 0.000000000000000000e+00
2.550000000000000000e+03 1.019975978995941723e-01 3.636777423759672279e-01 4.319526627218934767e-01 7.851615839781519654e-03 1.965179790623577671e-01 0.000000000000000000e+00
2.575000000000000000e+03 1.029975743495901153e-01 3.896222121074192080e-01 3.930359581247155343e-01 8.875739644970414427e-03 2.084660901228948537e-01 0.000000000000000000e+00
2.600000000000000000e+03 1.039975507995862802e-01 3.933773327264451503e-01 3.694811106053709771e-01 1.183431952662721866e-02 2.253072371415566766e-01 0.000000000000000000e+00
2.625000000000000000e+03 1.049975272495822232e-01 4.017979062357760478e-01 3.509330905780609910e-01 1.581702321347291593e-02 2.314519799726900418e-01 0.000000000000000000e+00
2.650000000000000000e+03 1.059975036995781661e-01 3.885980883022303045e-01 3.436504324078288319e-01 1.923076923076923184e-02 2.485207100591715901e-01 0.000000000000000000e+00
2.675000000000000000e+03 1.069974801495743311e-01 4.135184342284933812e-01 3.166818388711880039e-01 2.002730996813837164e-02 2.497724169321802468e-01 0.000000000000000000e+00
2.700000000000000000e+03 1.079974565995702740e-01 4.017979062357760478e-01 3.100819299044151323e-01 2.435138825671370050e-02 2.637687756030951403e-01 0.000000000000000000e+00
2.725000000000000000e+03 1.089974330495662169e-01 3.992944924897587344e-01 2.901684114701866268e-01 2.969959035047792587e-02 2.808375056895767163e-01 0.000000000000000000e+00
2.750000000000000000e+03 1.099974094995623819e-01 4.058944014565316616e-01 2.732134729176149412e-01 3.812016385980882688e-02 2.827719617660446327e-01 0.000000000000000000e+00
2.775000000000000000e+03 1.109973859495583248e-01 4.065771506599908935e-01 2.575102412380518846e-01 4.494765589440145870e-02 2.909649522075557493e-01 0.000000000000000000e+00
2.800000000000000000e+03 1.119973623995542678e-01 3.908739189804278369e-01 2.454483386436049075e-01 5.143377332726445372e-02 3.122439690487027741e-01 0.000000000000000000e+00
2.825000000000000000e+03 1.129973388495504327e-01 3.852981338188438687e-01 2.261037778789257990e-01 5.746472462448793533e-02 3.311333636777423761e-01 0.000000000000000000e+00
2.850000000000000000e+03 1.139973152995463757e-01 3.800637232589895165e-01 2.075557578516158408e-01 5.974055530268548159e-02 3.526399635867091265e-01 0.000000000000000000e+00
2.875000000000000000e+03 1.149972917495425406e-01 3.882567137005006885e-01 1.821802457897132577e-01 6.167501137915339104e-02 3.678880291306326766e-01 0.000000000000000000e+00
2.900000000000000000e+03 1.159972681995384836e-01 3.898497951752389890e-01 1.708010923987255403e-01 6.952662721893490549e-02 3.698224852071005930e-01 0.000000000000000000e+00
2.925000000000000000e+03 1.169972446495344265e-01 3.805188893946290229e-01 1.576012744651797970e-01 7.282658170232134132e-02 3.890532544378698110e-01 0.000000000000000000e+00
2.950000000000000000e+03 1.179972210995305915e-01 3.878015475648611821e-01 1.413290851160673711e-01 7.521620391442876419e-02 3.956531634046426826e-01 0.000000000000000000e+00
2.975000000000000000e+03 1.189971975495265344e-01 3.933773327264451503e-01 1.271051433773327244e-01 7.271279016841146470e-02 4.068047337278106745e-01 0.000000000000000000e+00
3.000000000000000000e+03 1.199971739995224773e-01 3.887118798361401950e-01 1.194811106053709632e-01 6.964041875284478211e-02 4.221665908056440597e-01 0.000000000000000000e+00
3.025000000000000000e+03 1.209971504495186423e-01 4.037323623122439642e-01 1.147018661811561174e-01 8.409194355939918208e-02 3.974738279472007085e-01 0.000000000000000000e+00
3.050000000000000000e+03 1.219971268995145852e-01 4.137460172963131622e-01 1.090122894856622726e-01 8.864360491579426071e-02 3.885980883022303045e-01 0.000000000000000000e+00
3.075000000000000000e+03 1.229971033495105281e-01 4.229631315430131822e-01 1.008192990441511144e-01 8.261265361857077216e-02 3.936049157942649313e-01 0.000000000000000000e+00
3.100000000000000000e+03 1.239970797995066931e-01 4.178425125170687204e-01 1.005917159763313612e-01 9.126081019572143682e-02 3.903049613108784954e-01 0.000000000000000000e+00
3.125000000000000000e+03 1.249970562495026360e-01 4.063495675921711681e-01 1.054847519344560697e-01 1.000227583067819781e-01 3.881429221665907980e-01 0.000000000000000000e+00
3.150000000000000000e+03 1.259970326994985790e-01 4.309285389167045732e-01 9.922621756941284177e-02 1.062812926718252199e-01 3.635639508420573374e-01 0.000000000000000000e+00
3.175000000000000000e+03 1.269970091494947440e-01 4.305871643149749572e-01 9.706417842512517213e-02 1.162949476558944040e-01 3.560537096040054528e-01 0.000000000000000000e+00
3.200000000000000000e+03 1.279969855994906869e-01 4.299044151115157253e-01 9.148839326354119006e-02 1.139053254437869811e-01 3.647018661811561313e-01 0.000000000000000000e+00
3.225000000000000000e+03 1.289969620494866298e-01 4.457214383249886169e-01 8.329540282203004575e-02 1.129949931725079681e-01 3.579881656804733692e-01 0.000000000000000000e+00
3.250000000000000000e+03 1.299969384994827948e-01 4.417387346381429492e-01 8.397815202548930547e-02 1.157259899863450209e-01 3.585571233500227661e-01 0.000000000000000000e+00
3.275000000000000000e+03 1.309969149494787377e-01 4.325216203914428736e-01 8.067819754210286964e-02 1.168639053254437871e-01 3.699362767410104835e-01 0.000000000000000000e+00
3.300000000000000000e+03 1.319968913994749027e-01 4.341147018661811741e-01 7.942649066909421296e-02 1.180018206645425533e-01 3.684569868001820736e-01 0.000000000000000000e+00
3.325000000000000000e+03 1.329968678494708456e-01 4.449248975876194945e-01 7.362312243969049153e-02 1.294947655894401473e-01 3.519572143832498945e-01 0.000000000000000000e+00
3.350000000000000000e+03 1.339968442994667885e-01 4.509558488848429691e-01 6.816112881201638607e-02 1.340464269458352398e-01 3.468365953573054328e-01 0.000000000000000000e+00
3.375000000000000000e+03 1.349968207494629535e-01 4.550523441055985274e-01 6.577150659990896320e-02 1.397360036413290985e-01 3.394401456531633832e-01 0.000000000000000000e+00
3.400000000000000000e+03 1.359967971994588964e-01 4.539144287664997890e-01 5.814747382794720199e-02 1.434911242603550408e-01 3.444469731451980099e-01 0.000000000000000000e+00
3.425000000000000000e+03 1.369967736494548394e-01 4.495903504779244497e-01 5.803368229403732537e-02 1.463359126081019701e-01 3.460400546199362548e-01 0.000000000000000000e+00
3.450000000000000000e+03 1.379967500994510043e-01 4.639280837505689314e-01 6.110605370960400795e-02 1.492944924897587622e-01 3.256713700500682984e-01 0.000000000000000000e+00
3.475000000000000000e+03 1.389967265494469473e-01 4.622212107419207960e-01 5.575785161583977911e-02 1.440600819299044100e-01 3.379608557123350288e-01 0.000000000000000000e+00
3.500000000000000000e+03 1.399967029994428902e-01 4.728038233955393910e-01 5.621301775147929253e-02 1.506599908966772816e-01 3.203231679563040557e-01 0.000000000000000000e+00
3.525000000000000000e+03 1.409966794494390552e-01 4.651797906235776159e-01 5.496131087847064278e-02 1.557806099226217433e-01 3.240782885753299980e-01 0.000000000000000000e+00
3.550000000000000000e+03 1.419966558994349981e-01 4.701866181156121871e-01 5.405097860719162289e-02 1.597633136094674666e-01 3.159990896677287164e-01 0.000000000000000000e+00
3.575000000000000000e+03 1.429966323494309410e-01 4.802002730996813851e-01 5.370960400546199304e-02 1.649977241693217911e-01 3.010923987255348377e-01 0.000000000000000000e+00
3.600000000000000000e+03 1.439966087994271060e-01 4.712107419208010906e-01 4.904415111515703085e-02 1.671597633136094607e-01 3.125853436504323901e-01 0.000000000000000000e+00
3.625000000000000000e+03 1.449965852494230489e-01 4.798588984979517691e-01 4.847519344560764776e-02 1.677287209831588577e-01 3.039371870732817671e-01 0.000000000000000000e+00
3.650000000000000000e+03 1.459965616994189919e-01 4.881656804733727761e-01 4.608557123350022489e-02 1.705735093309057870e-01 2.951752389622211981e-01 0.000000000000000000e+00
3.675000000000000000e+03 1.469965381494151568e-01 4.880518889394628856e-01 4.517523896222121194e-02 1.692080109239872676e-01 2.975648611743286209e-01 0.000000000000000000e+00
3.700000000000000000e+03 1.479965145994110998e-01 5.042102867546655043e-01 4.278561675011378906e-02 1.752389622212107423e-01 2.777651342740100060e-01 0.000000000000000000e+00
3.725000000000000000e+03 1.489964910494072647e-01 4.946517979062357573e-01 4.517523896222121194e-02 1.760355029585798925e-01 2.841374601729631522e-01 0.000000000000000000e+00
3.750000000000000000e+03 1.499964674994032077e-01 5.014792899408283544e-01 4.392353208921256219e-02 1.786527082385070686e-01 2.759444697314519801e-01 0.000000000000000000e+00
3.775000000000000000e+03 1.509964439493991506e-01 5.161583978152025631e-01 4.187528447883477611e-02 1.780837505689576716e-01 2.638825671370050308e-01 0.000000000000000000e+00
3.800000000000000000e+03 1.519964203993953156e-01 4.977241693218024676e-01 4.005461993627674328e-02 1.894629039599453890e-01 2.727583067819754348e-01 0.000000000000000000e+00
3.825000000000000000e+03 1.529963968493912585e-01 4.990896677287209870e-01 4.164770141101502288e-02 1.906008192990441552e-01 2.686618115612198210e-01 0.000000000000000000e+00
3.850000000000000000e+03 1.539963732993872014e-01 5.043240782885752838e-01 4.039599453800637313e-02 1.928766499772416876e-01 2.624032771961766208e-01 0.000000000000000000e+00
3.875000000000000000e+03 1.549963497493833664e-01 5.104688211197087044e-01 3.937187073281747662e-02 1.960628129267182607e-01 2.540964952207555583e-01 0.000000000000000000e+00
3.900000000000000000e+03 1.559963261993793093e-01 5.133136094674556338e-01 4.062357760582612637e-02 1.933318161128811941e-01 2.527309968138370389e-01 0.000000000000000000e+00
3.925000000000000000e+03 1.569963026493752523e-01 5.089895311788802390e-01 4.096495220755575623e-02 2.003868912152935722e-01 2.496586253982703563e-01 0.000000000000000000e+00
3.950000000000000000e+03 1.579962790993714172e-01 5.185480200273099305e-01 4.255803368229403583e-02 2.050523441055985552e-01 2.338416021847974646e-01 0.000000000000000000e+00
3.975000000000000000e+03 1.589962555493673602e-01 5.195721438324988339e-01 4.119253527537550946e-02 2.101729631315430169e-01 2.290623577605826189e-01 0.000000000000000000e+00
4.000000000000000000e+03 1.599962319993633031e-01 5.251479289940828021e-01 4.301319981793354230e-02 2.111970869367319203e-01 2.206417842512516936e-01 0.000000000000000000e+00
4.025000000000000000e+03 1.609962084493594681e-01 5.162721893491124536e-01 4.494765589440145870e-02 2.137005006827492060e-01 2.250796540737369233e-01 0.000000000000000000e+00
4.050000000000000000e+03 1.619961848993554110e-01 5.226445152480655443e-01 4.699590350477924477e-02 2.131315430131998090e-01 2.172280382339553950e-01 0.000000000000000000e+00
4.075000000000000000e+03 1.629961613493513539e-01 5.245789713245334607e-01 4.688211197086936816e-02 2.138142922166590687e-01 2.147246244879381094e-01 0.000000000000000000e+00
4.100000000000000000e+03 1.639961377993475189e-01 5.232134729176148857e-01 4.847519344560764776e-02 2.183659535730541612e-01 2.099453800637232637e-01 0.000000000000000000e+00
4.125000000000000000e+03 1.649961142493434618e-01 5.277651342740100615e-01 5.063723258989531045e-02 2.213245334547109811e-01 2.002730996813837094e-01 0.000000000000000000e+00
4.150000000000000000e+03 1.659960906993394048e-01 5.309512972234865513e-01 5.029585798816568060e-02 2.191624943104233114e-01 1.995903504779244497e-01 0.000000000000000000e+00
4.175000000000000000e+03 1.669960671493355697e-01 5.365270823850705195e-01 4.881656804733727761e-02 2.140418752844788219e-01 2.006144742831133254e-01 0.000000000000000000e+00
4.200000000000000000e+03 1.679960435993315127e-01 5.482476103777879084e-01 5.450614474283113631e-02 2.199590350477924339e-01 1.772872098315885214e-01 0.000000000000000000e+00
4.225000000000000000e+03 1.689960200493276776e-01 5.368684569868001910e-01 5.780609922621757213e-02 2.305416477014110288e-01 1.747837960855712358e-01 0.000000000000000000e+00
4.250000000000000000e+03 1.699959964993236206e-01 5.428994082840237212e-01 5.553026854802002588e-02 2.256486117432862926e-01 1.759217114246700020e-01 0.000000000000000000e+00
4.275000000000000000e+03 1.709959729493195635e-01 5.479062357760582369e-01 5.439235320892125969e-02 2.270141101502048120e-01 1.706873008648156498e-01 0.000000000000000000e+00
4.300000000000000000e+03 1.719959493993157285e-01 5.446062812926718566e-01 5.712335002275830548e-02 2.290623577605826189e-01 1.692080109239872676e-01 0.000000000000000000e+00
4.325000000000000000e+03 1.729959258493116714e-01 5.295857988165680874e-01 5.974055530268548159e-02 2.320209376422394110e-01 1.786527082385070686e-01 0.000000000000000000e+00
4.350000000000000000e+03 1.739959022993076143e-01 5.488165680473372499e-01 5.780609922621757213e-02 2.328174783796085612e-01 1.605598543468365891e-01 0.000000000000000000e+00
4.375000000000000000e+03 1.749958787493037793e-01 5.454028220300409791e-01 6.019572143832498806e-02 2.381656804733727761e-01 1.562357760582612776e-01 0.000000000000000000e+00
4.400000000000000000e+03 1.759958551992997222e-01 5.523441055985435222e-01 5.769230769230769551e-02 2.370277651342740100e-01 1.529358215748748417e-01 0.000000000000000000e+00
4.425000000000000000e+03 1.769958316492956651e-01 5.493855257168867023e-01 5.905780609922621494e-02 2.366863905325443662e-01 1.548702776513427304e-01 0.000000000000000000e+00
4.450000000000000000e+03 1.779958080992918301e-01 5.418752844788348177e-01 6.190259444697314428e-02 2.435138825671370189e-01 1.527082385070550885e-01 0.000000000000000000e+00
4.475000000000000000e+03 1.789957845492877730e-01 5.472234865725990050e-01 6.406463359126081392e-02 2.375967228038234069e-01 1.511151570323167881e-01 0.000000000000000000e+00
4.500000000000000000e+03 1.799957609992837160e-01 5.463131543013199920e-01 6.451979972690032039e-02 2.390760127446517891e-01 1.500910332271279124e-01 0.000000000000000000e+00
4.525000000000000000e+03 1.809957374492798809e-01 5.600819299044150767e-01 6.281292671825215723e-02 2.338416021847974646e-01 1.432635411925352875e-01 0.000000000000000000e+00
4.550000000000000000e+03 1.819957138992758239e-01 5.691852526172053173e-01 6.554392353208920996e-02 2.372553482020937632e-01 1.279016841147018746e-01 1.137915339098771066e-04
4.575000000000000000e+03 1.829956903492717668e-01 5.550751024123805610e-01 6.554392353208920996e-02 2.339553937187073274e-01 1.454255803368229294e-01 0.000000000000000000e+00
4.600000000000000000e+03 1.839956667992679318e-01 5.657715065999089354e-01 6.838871187983613931e-02 2.379380974055530229e-01 1.277878925807919841e-01 1.137915339098771066e-04
4.625000000000000000e+03 1.849956432492638747e-01 5.661128812016386069e-01 6.645425580336822291e-02 2.369139736003641195e-01 1.304050978607191602e-01 1.137915339098771066e-04
4.650000000000000000e+03 1.859956196992600397e-01 5.570095584888484774e-01 6.941283568502502888e-02 2.464724624487938109e-01 1.271051433773327244e-01 0.000000000000000000e+00
4.675000000000000000e+03 1.869955961492559826e-01 5.732817478379608200e-01 6.679563040509786664e-02 2.396449704142011861e-01 1.202776513427400995e-01 0.000000000000000000e+00
4.700000000000000000e+03 1.879955725992519255e-01 5.680473372781065233e-01 7.032316795630405570e-02 2.446517979062357850e-01 1.169776968593536637e-01 0.000000000000000000e+00
4.725000000000000000e+03 1.889955490492480905e-01 5.698680018206645492e-01 7.350933090578061491e-02 2.482931269913518368e-01 1.083295402822029990e-01 0.000000000000000000e+00
4.750000000000000000e+03 1.899955254992440334e-01 5.658852981338188259e-01 7.396449704142012138e-02 2.470414201183432079e-01 1.131087847064178448e-01 0.000000000000000000e+00
4.775000000000000000e+03 1.909955019492399764e-01 5.719162494310423561e-01 7.464724624487938109e-02 2.385070550751024199e-01 1.149294492489758707e-01 0.000000000000000000e+00
4.800000000000000000e+03 1.919954783992361413e-01 5.830678197542102925e-01 7.350933090578061491e-02 2.439690487027765253e-01 9.945380063723259501e-02 0.000000000000000000e+00
4.825000000000000000e+03 1.929954548492320843e-01 5.722576240327719166e-01 7.965407373691398007e-02 2.449931725079654010e-01 1.030951297223486607e-01 0.000000000000000000e+00
4.850000000000000000e+03 1.939954312992280272e-01 5.669094219390077294e-01 8.192990441511151245e-02 2.463586709148839204e-01 1.046882111970869333e-01 1.137915339098771066e-04
4.875000000000000000e+03 1.949954077492241922e-01 5.784023668639053373e-01 8.022303140646336317e-02 2.455621301775147980e-01 9.581247155211652933e-02 0.000000000000000000e+00
4.900000000000000000e+03 1.959953841992201351e-01 5.762403277196176399e-01 7.885753299954482987e-02 2.493172507965407403e-01 9.547109695038688559e-02 1.137915339098771066e-04
4.925000000000000000e+03 1.969953606492160780e-01 5.711197086936732337e-01 8.158852981338188259e-02 2.487482931269913433e-01 9.854346836595356818e-02 0.000000000000000000e+00
4.950000000000000000e+03 1.979953370992122430e-01 5.756713700500682984e-01 8.147473827947200598e-02 2.493172507965407403e-01 9.353664087391898307e-02 0.000000000000000000e+00
4.975000000000000000e+03 1.989953135492081859e-01 5.712335002275830131e-01 8.409194355939918208e-02 2.529585798816568198e-01 9.171597633136094330e-02 0.000000000000000000e+00
5.000000000000000000e+03 1.999952899992041289e-01 5.673645880746472914e-01 8.670914883932635819e-02 2.510241238051889034e-01 9.478834774692762588e-02 1.137915339098771066e-04
5.025000000000000000e+03 2.009952664492002938e-01 5.712335002275830131e-01 9.387801547564861293e-02 2.452207555757851543e-01 8.966772872098316416e-02 0.000000000000000000e+00
5.050000000000000000e+03 2.019952428991962368e-01 5.625853436504324456e-01 9.945380063723259501e-02 2.481793354574419741e-01 8.978152025489304078e-02 0.000000000000000000e+00
5.075000000000000000e+03 2.029952193491924017e-01 5.633818843878015681e-01 1.033227127901684139e-01 2.507965407373691225e-01 8.249886208466089554e-02 0.000000000000000000e+00
5.100000000000000000e+03 2.039951957991883447e-01 5.603095129722348577e-01 1.048020027309968100e-01 2.552344105598543522e-01 7.954028220300408958e-02 1.137915339098771066e-04
5.125000000000000000e+03 2.049951722491842876e-01 5.598543468365954068e-01 1.043468365953573035e-01 2.578516158397815006e-01 7.794720072826581692e-02 0.000000000000000000e+00
5.150000000000000000e+03 2.059951486991804526e-01 5.565543923532089154e-01 1.046882111970869333e-01 2.560309512972234747e-01 8.272644515248064878e-02 0.000000000000000000e+00
5.175000000000000000e+03 2.069951251491763955e-01 5.625853436504324456e-01 1.046882111970869333e-01 2.548930359581247362e-01 7.783340919435594030e-02 0.000000000000000000e+00
5.200000000000000000e+03 2.079951015991723384e-01 5.632680928538916776e-01 1.054847519344560697e-01 2.527309968138370389e-01 7.851615839781520001e-02 0.000000000000000000e+00
5.225000000000000000e+03 2.089950780491685034e-01 5.482476103777879084e-01 1.108329540282202985e-01 2.637687756030951403e-01 7.715065999089668058e-02 0.000000000000000000e+00
5.250000000000000000e+03 2.099950544991644463e-01 5.616750113791534327e-01 1.110605370960400518e-01 2.597860719162494170e-01 6.747837960855712636e-02 0.000000000000000000e+00
5.275000000000000000e+03 2.109950309491603893e-01 5.630405097860718966e-01 1.104915794264906687e-01 2.585343650432407880e-01 6.781975421028675621e-02 1.137915339098771066e-04
5.300000000000000000e+03 2.119950073991565542e-01 5.604233045061447482e-01 1.125398270368684617e-01 2.603550295857988139e-01 6.668183887118799003e-02 0.000000000000000000e+00
5.325000000000000000e+03 2.129949838491524972e-01 5.510923987255348377e-01 1.114019116977696816e-01 2.708238507055075184e-01 6.668183887118799003e-02 0.000000000000000000e+00
5.350000000000000000e+03 2.139949602991484401e-01 5.540509786071916576e-01 1.140191169776968577e-01 2.670687300864815761e-01 6.486117432862995025e-02 0.000000000000000000e+00
5.375000000000000000e+03 2.149949367491446051e-01 5.513199817933546187e-01 1.121984524351388318e-01 2.742375967228038447e-01 6.213017751479289752e-02 1.137915339098771066e-04
5.400000000000000000e+03 2.159949131991405480e-01 5.581474738279471604e-01 1.126536185707783383e-01 2.733272644515248317e-01 5.587164314974965573e-02 0.000000000000000000e+00
5.425000000000000000e+03 2.169948896491364909e-01 5.597405553026855163e-01 1.139053254437869811e-01 2.728720983158853253e-01 5.325443786982248656e-02 2.275830678197542133e-04
5.450000000000000000e+03 2.179948660991326559e-01 5.461993627674101015e-01 1.226672735548475224e-01 2.848202093764223841e-01 4.631315430131998506e-02 0.000000000000000000e+00
5.475000000000000000e+03 2.189948425491285988e-01 5.393718707328174489e-01 1.244879380974055483e-01 2.867546654528903005e-01 4.938552571688666071e-02 0.000000000000000000e+00
5.500000000000000000e+03 2.199948189991247638e-01 5.438097405553027341e-01 1.266499772416932179e-01 2.842512517068729871e-01 4.528903049613108855e-02 0.000000000000000000e+00
5.525000000000000000e+03 2.209947954491207067e-01 5.448338643604915266e-01 1.256258534365043145e-01 2.819754210286754548e-01 4.756486117432862787e-02 0.000000000000000000e+00
5.550000000000000000e+03 2.219947718991166496e-01 5.476786527082384559e-01 1.268775603095129711e-01 2.801547564861174289e-01 4.528903049613108855e-02 0.000000000000000000e+00
5.575000000000000000e+03 2.229947483491128146e-01 5.438097405553027341e-01 1.314292216659080637e-01 2.833409194355939742e-01 4.142011834319526964e-02 0.000000000000000000e+00
5.600000000000000000e+03 2.239947247991087576e-01 5.465407373691397730e-01 1.333636777423759801e-01 2.815202548930359483e-01 3.857532999544834029e-02 0.000000000000000000e+00
5.625000000000000000e+03 2.249947012491047005e-01 5.391442876649977789e-01 1.371187983614019223e-01 2.880063723258989294e-01 3.573054164770141095e-02 0.000000000000000000e+00
5.650000000000000000e+03 2.259946776991008655e-01 5.316340464269457833e-01 1.401911697769686049e-01 2.928994082840236657e-01 3.527537551206190447e-02 0.000000000000000000e+00
5.675000000000000000e+03 2.269946541490968084e-01 5.284478834774692935e-01 1.428083750568957533e-01 2.941511151570322946e-01 3.447883477469276120e-02 1.137915339098771066e-04
