# itime ezz other fcc hcp bcc ico
0.000000000000000000e+00 0.000000000000000000e+00 5.689576695493854790e-04 9.994310423304506585e-01 0.000000000000000000e+00 0.000000000000000000e+00 0.000000000000000000e+00
2.500000000000000000e+02 9.999917597622420828e-03 4.551661356395084266e-04 9.994310423304506585e-01 0.000000000000000000e+00 1.137915339098771066e-04 0.000000000000000000e+00
5.000000000000000000e+02 1.999983519524484166e-02 7.965407373691396923e-04 9.992034592626308775e-01 0.000000000000000000e+00 0.000000000000000000e+00 0.000000000000000000e+00
7.500000000000000000e+02 2.999975279286726249e-02 4.210286754665453109e-03 9.956759217114247162e-01 0.000000000000000000e+00 1.137915339098771066e-04 0.000000000000000000e+00
1.000000000000000000e+03 3.999967039048968331e-02 5.803368229403732710e-03 9.939690487027764698e-01 0.000000000000000000e+00 2.275830678197542133e-04 0.000000000000000000e+00
1.250000000000000000e+03 4.999958798811232619e-02 1.354119253527537488e-02 9.855484751934455723e-01 0.000000000000000000e+00 9.103322712790168532e-04 0.000000000000000000e+00
1.500000000000000000e+03 5.999950558573474702e-02 2.867546654528902936e-02 9.692762858443332297e-01 0.000000000000000000e+00 2.048247610377787811e-03 0.000000000000000000e+00
1.750000000000000000e+03 6.999942318335716784e-02 5.029585798816568060e-02 9.474283113336368078e-01 0.000000000000000000e+00 2.275830678197541916e-03 0.000000000000000000e+00
2.000000000000000000e+03 7.999934078097958867e-02 9.217114246700044977e-02 9.021392808375057193e-01 0.000000000000000000e+00 5.689576695493855224e-03 0.000000000000000000e+00
2.250000000000000000e+03 8.999925837860200950e-02 1.822940373236231204e-01 7.844788347746927126e-01 3.413746017296313199e-04 3.288575329995448160e-02 0.000000000000000000e+00
2.500000000000000000e+03 9.999917597622443033e-02 3.290851160673645692e-01 4.811106053709603980e-01 8.875739644970414427e-03 1.809285389167046010e-01 0.000000000000000000e+00
2.750000000000000000e+03 1.099990935738468512e-01 3.675466545289030607e-01 2.827719617660446327e-01 5.609922621756941591e-02 2.935821574874829532e-01 0.000000000000000000e+00
3.000000000000000000e+03 1.199990111714692720e-01 3.942876649977241632e-01 1.783113336367774249e-01 1.000227583067819781e-01 3.273782430587164338e-01 0.000000000000000000e+00
3.250000000000000000e+03 1.299989287690916928e-01 4.136322257624032717e-01 8.522985889849794827e-02 1.129949931725079681e-01 3.881429221665907980e-01 0.000000000000000000e+00
3.500000000000000000e+03 1.399988463667141136e-01 4.640418752844788219e-01 5.905780609922621494e-02 1.108329540282202985e-01 3.660673645880746507e-01 0.000000000000000000e+00
3.750000000000000000e+03 1.499987639643367565e-01 5.166135639508420141e-01 5.496131087847064278e-02 1.247155211652253015e-01 3.037096040054619861e-01 0.000000000000000000e+00
4.000000000000000000e+03 1.599986815619591773e-01 5.540509786071916576e-01 4.449248975876194528e-02 1.429221665908056438e-01 2.585343650432407880e-01 0.000000000000000000e+00
4.250000000000000000e+03 1.699985991595815982e-01 5.745334547109695045e-01 5.746472462448793533e-02 1.929904415111515781e-01 1.750113791533909890e-01 0.000000000000000000e+00
4.500000000000000000e+03 1.799985167572040190e-01 5.848884842967683184e-01 6.941283568502502888e-02 2.196176604460628179e-01 1.260810195721438209e-01 0.000000000000000000e+00
4.750000000000000000e+03 1.899984343548264398e-01 5.920573509330905315e-01 7.180245789713245175e-02 2.312243969048702885e-01 1.049157942649066866e-01 0.000000000000000000e+00
5.000000000000000000e+03 1.999983519524488607e-01 6.099226217569412301e-01 7.658170232134729749e-02 2.295175238962221254e-01 8.397815202548930547e-02 0.000000000000000000e+00
5.250000000000000000e+03 2.099982695500712815e-01 6.018434228493400040e-01 8.511606736458807165e-02 2.420345926263086089e-01 7.100591715976331542e-02 0.000000000000000000e+00
5.500000000000000000e+03 2.199981871476937023e-01 6.329085116067364458e-01 7.988165680473373331e-02 2.353208921256258468e-01 5.188893946290396020e-02 0.000000000000000000e+00
5.750000000000000000e+03 2.299981047453161231e-01 6.301775147928994070e-01 8.329540282203004575e-02 2.313381884387801513e-01 5.518889394629039602e-02 0.000000000000000000e+00
6.000000000000000000e+03 2.399980223429387660e-01 6.246017296313154388e-01 9.558488848429676221e-02 2.294037323623122349e-01 5.040964952207555722e-02 0.000000000000000000e+00
6.250000000000000000e+03 2.499979399405611868e-01 6.400773782430587699e-01 9.581247155211652933e-02 2.278106508875739622e-01 3.618570778334091742e-02 1.137915339098771066e-04
6.500000000000000000e+03 2.599978575381836077e-01 6.494082840236686804e-01 9.444697314519799602e-02 2.242831133363677731e-01 3.186162949476559203e-02 0.000000000000000000e+00
6.750000000000000000e+03 2.699977751358060285e-01 6.585116067364588099e-01 9.137460172963131344e-02 2.149522075557578626e-01 3.504779244424215123e-02 1.137915339098771066e-04
7.000000000000000000e+03 2.799976927334284493e-01 6.744424214838415921e-01 8.932635411925353430e-02 2.048247610377788019e-01 3.129267182521620200e-02 1.137915339098771066e-04
7.250000000000000000e+03 2.899976103310508702e-01 6.851388256713700775e-01 8.875739644970413733e-02 2.035730541647701453e-01 2.253072371415566766e-02 0.000000000000000000e+00
7.500000000000000000e+03 2.999975279286732910e-01 6.829767865270823801e-01 8.966772872098316416e-02 2.017523896222121194e-01 2.548930359581247015e-02 1.137915339098771066e-04
7.750000000000000000e+03 3.099974455262957118e-01 7.078971324533455123e-01 8.272644515248064878e-02 1.888939462903959920e-01 2.036868456986800149e-02 1.137915339098771066e-04
8.000000000000000000e+03 3.199973631239181326e-01 7.141556668183887124e-01 8.113336367774237612e-02 1.821802457897132577e-01 2.253072371415566766e-02 0.000000000000000000e+00
8.250000000000000000e+03 3.299972807215405535e-01 7.329312699135184239e-01 8.045061447428311641e-02 1.687528447883477334e-01 1.775147928994082885e-02 1.137915339098771066e-04
8.500000000000000000e+03 3.399971983191631963e-01 7.477241693218024121e-01 7.567137005006827066e-02 1.605598543468365891e-01 1.604460628129267263e-02 0.000000000000000000e+00
8.750000000000000000e+03 3.499971159167856172e-01 7.563723258989530907e-01 6.998179335457442585e-02 1.550978607191624836e-01 1.843422849340009204e-02 1.137915339098771066e-04
9.000000000000000000e+03 3.599970335144080380e-01 7.802685480200273194e-01 6.258534365043240399e-02 1.403049613108784677e-01 1.661356395084205573e-02 2.275830678197542133e-04
9.250000000000000000e+03 3.699969511120302368e-01 7.874374146563495325e-01 6.451979972690032039e-02 1.323395539371870766e-01 1.558944014565316269e-02 1.137915339098771066e-04
9.500000000000000000e+03 3.799968687096528797e-01 7.921028675466544877e-01 6.417842512517069054e-02 1.252844788347746985e-01 1.832043695949021542e-02 1.137915339098771066e-04
9.750000000000000000e+03 3.899967863072755225e-01 7.996131087847063723e-01 6.349567592171143082e-02 1.217569412835685094e-01 1.490669094219390124e-02 2.275830678197542133e-04
1.000000000000000000e+04 3.999967039048977213e-01 8.112198452435138707e-01 5.939918070095585173e-02 1.151570323167956239e-01 1.388256713700500647e-02 3.413746017296313199e-04
1.025000000000000000e+04 4.099966215025201421e-01 8.162266727355484974e-01 5.735093309057805872e-02 1.093536640873919025e-01 1.672735548475193582e-02 3.413746017296313199e-04
1.050000000000000000e+04 4.199965391001425630e-01 8.231679563040509295e-01 5.644060081929904577e-02 1.044606281292671801e-01 1.570323167956303931e-02 2.275830678197542133e-04
1.075000000000000000e+04 4.299964566977652058e-01 8.351160673645880994e-01 5.063723258989531045e-02 9.990896677287210148e-02 1.376877560309512985e-02 5.689576695493854790e-04
1.100000000000000000e+04 4.399963742953876267e-01 8.406918525261720676e-01 4.722348657259899801e-02 1.004779244424214846e-01 1.103777878925807886e-02 5.689576695493854790e-04
1.125000000000000000e+04 4.499962918930098255e-01 8.607191624943104635e-01 4.187528447883477611e-02 8.557123350022757813e-02 1.137915339098771045e-02 4.551661356395084266e-04
1.150000000000000000e+04 4.599962094906324683e-01 8.648156577150659663e-01 4.073736913973600299e-02 8.511606736458807165e-02 8.875739644970414427e-03 4.551661356395084266e-04
1.175000000000000000e+04 4.699961270882551112e-01 8.728948566226673034e-01 3.789258079198907364e-02 7.760582612653618706e-02 1.126536185707783383e-02 3.413746017296313199e-04
1.200000000000000000e+04 4.799960446858773100e-01 8.746017296313154388e-01 3.937187073281747662e-02 7.430587164314975124e-02 1.081019572143832562e-02 9.103322712790168532e-04
1.225000000000000000e+04 4.899959622834995088e-01 8.858670914883932657e-01 3.664087391898043083e-02 6.736458807464724974e-02 9.330905780609922637e-03 7.965407373691396923e-04
1.250000000000000000e+04 4.999958798811221516e-01 8.890532544378698665e-01 3.174783796085571541e-02 6.895766954938552240e-02 9.444697314519799256e-03 7.965407373691396923e-04
1.275000000000000000e+04 5.099957974787447945e-01 8.950842057350932857e-01 3.299954483386435822e-02 6.304050978607191047e-02 8.192990441511151245e-03 6.827492034592626399e-04
1.300000000000000000e+04 5.199957150763669933e-01 9.033909877105142927e-01 3.140646335912607862e-02 5.712335002275830548e-02 7.624032771961766417e-03 4.551661356395084266e-04
1.325000000000000000e+04 5.299956326739894141e-01 9.073736913973600160e-01 2.981338188438780248e-02 5.575785161583977911e-02 6.144742831133363434e-03 9.103322712790168532e-04
1.350000000000000000e+04 5.399955502716120570e-01 9.154528903049613531e-01 2.730996813837050646e-02 5.075102412380518707e-02 5.575785161583977738e-03 9.103322712790168532e-04
1.375000000000000000e+04 5.499954678692344778e-01 9.211424670004552118e-01 2.514792899408284030e-02 4.585798816568047165e-02 6.372325898953117539e-03 1.479289940828402332e-03
1.400000000000000000e+04 5.599953854668568987e-01 9.300182066454255603e-01 2.230314064633591095e-02 4.085116067364587961e-02 5.120619025944469528e-03 1.706873008648156654e-03
1.425000000000000000e+04 5.699953030644790974e-01 9.340009103322712836e-01 2.218934911242603433e-02 3.755120619025944378e-02 4.893035958124715423e-03 1.365498406918525280e-03
1.450000000000000000e+04 5.799952206621017403e-01 9.407146108329540457e-01 1.866181156121984527e-02 3.459262630860263782e-02 4.893035958124715423e-03 1.137915339098770958e-03
1.475000000000000000e+04 5.899951382597243832e-01 9.460628129267182329e-01 1.684114701866181243e-02 3.117888029130632538e-02 4.665452890304961318e-03 1.251706873008648227e-03
1.500000000000000000e+04 5.999950558573465820e-01 9.454938552571688914e-01 1.627218934911242587e-02 3.140646335912607862e-02 5.803368229403732710e-03 1.024123805188893906e-03
1.525000000000000000e+04 6.099949734549690028e-01 9.495903504779243942e-01 1.513427401001365448e-02 2.856167501137915274e-02 5.234410559854347014e-03 1.479289940828402332e-03
1.550000000000000000e+04 6.199948910525914236e-01 9.515248065543923106e-01 1.479289940828402289e-02 2.776513427401001294e-02 4.551661356395083832e-03 1.365498406918525280e-03
1.575000000000000000e+04 6.299948086502140665e-01 9.544833864360491305e-01 1.376877560309512985e-02 2.719617660446062984e-02 3.527537551206190360e-03 1.024123805188893906e-03
1.600000000000000000e+04 6.399947262478364873e-01 9.584660901228948537e-01 1.069640418752844727e-02 2.617205279927173334e-02 3.527537551206190360e-03 1.137915339098770958e-03
1.625000000000000000e+04 6.499946438454586861e-01 9.586936731907146347e-01 1.342740100136549826e-02 2.287209831588529751e-02 3.755120619025944465e-03 1.251706873008648227e-03
1.650000000000000000e+04 6.599945614430813290e-01 9.681383705052344357e-01 9.103322712790167665e-03 1.957214383249886169e-02 1.706873008648156654e-03 1.479289940828402332e-03
1.675000000000000000e+04 6.699944790407039719e-01 9.733727810650887324e-01 8.079198907601274626e-03 1.479289940828402289e-02 2.617205279927173507e-03 1.137915339098770958e-03
1.700000000000000000e+04 6.799943966383261706e-01 9.697314519799726806e-01 8.534365043240782836e-03 1.684114701866181243e-02 3.527537551206190360e-03 1.365498406918525280e-03
1.725000000000000000e+04 6.899943142359485915e-01 9.740555302685480754e-01 7.168866636322257339e-03 1.524806554392353283e-02 2.162039144287664864e-03 1.365498406918525280e-03
1.750000000000000000e+04 6.999942318335710123e-01 9.743969048702776359e-01 5.689576695493855224e-03 1.558944014565316269e-02 2.844788347746927612e-03 1.479289940828402332e-03
1.775000000000000000e+04 7.099941494311936552e-01 9.771279016841146747e-01 5.234410559854347014e-03 1.263086026399635846e-02 3.299954483386436255e-03 1.706873008648156654e-03
1.800000000000000000e+04 7.199940670288160760e-01 9.811106053709603980e-01 4.665452890304961318e-03 1.126536185707783383e-02 1.934456076467910759e-03 1.024123805188893906e-03
1.825000000000000000e+04 7.299939846264382748e-01 9.804278561675011661e-01 4.665452890304961318e-03 1.058261265361857065e-02 2.617205279927173507e-03 1.706873008648156654e-03
1.850000000000000000e+04 7.399939022240609177e-01 9.816795630405097395e-01 3.299954483386436255e-03 1.160673645880746542e-02 1.820664542558033706e-03 1.593081474738279385e-03
1.875000000000000000e+04 7.499938198216835605e-01 9.837278106508875464e-01 3.072371415566681717e-03 9.558488848429677609e-03 2.048247610377787811e-03 1.593081474738279385e-03
1.900000000000000000e+04 7.599937374193057593e-01 9.858898497951752438e-01 2.730996813837050560e-03 8.306781975421027864e-03 1.024123805188893906e-03 2.048247610377787811e-03
1.925000000000000000e+04 7.699936550169279581e-01 9.850933090578061213e-01 3.982703686845699004e-03 7.737824305871643035e-03 1.137915339098770958e-03 2.048247610377787811e-03
1.950000000000000000e+04 7.799935726145506010e-01 9.857760582612653533e-01 3.413746017296313308e-03 6.827492034592626616e-03 1.706873008648156654e-03 2.275830678197541916e-03
1.975000000000000000e+04 7.899934902121732438e-01 9.855484751934455723e-01 3.299954483386436255e-03 7.965407373691398007e-03 1.365498406918525280e-03 1.820664542558033706e-03
2.000000000000000000e+04 7.999934078097954426e-01 9.863450159308146947e-01 3.641329085116067413e-03 6.599908966772872511e-03 1.251706873008648227e-03 2.162039144287664864e-03
2.025000000000000000e+04 8.099933254074178635e-01 9.864588074647245852e-01 3.072371415566681717e-03 6.599908966772872511e-03 1.706873008648156654e-03 2.162039144287664864e-03
2.050000000000000000e+04 8.199932430050405063e-01 9.889622212107419541e-01 2.617205279927173507e-03 5.803368229403732710e-03 6.827492034592626399e-04 1.934456076467910759e-03
2.075000000000000000e+04 8.299931606026629272e-01 9.878243058716431602e-01 2.389622212107419402e-03 6.941283568502503235e-03 5.689576695493854790e-04 2.275830678197541916e-03
2.100000000000000000e+04 8.399930782002853480e-01 9.896449704142011861e-01 2.162039144287664864e-03 5.461993627674101119e-03 5.689576695493854790e-04 2.162039144287664864e-03
2.125000000000000000e+04 8.499929957979075468e-01 9.916932180245789930e-01 1.934456076467910759e-03 3.527537551206190360e-03 6.827492034592626399e-04 2.162039144287664864e-03
2.150000000000000000e+04 8.599929133955301896e-01 9.920345926263085534e-01 2.958579881656804664e-03 3.072371415566681717e-03 5.689576695493854790e-04 1.365498406918525280e-03
2.175000000000000000e+04 8.699928309931528325e-01 9.928311333636777869e-01 2.389622212107419402e-03 2.275830678197541916e-03 3.413746017296313199e-04 2.162039144287664864e-03
2.200000000000000000e+04 8.799927485907750313e-01 9.922621756941283344e-01 1.934456076467910759e-03 2.275830678197541916e-03 4.551661356395084266e-04 3.072371415566681717e-03
2.225000000000000000e+04 8.899926661883974521e-01 9.924897587619481154e-01 1.706873008648156654e-03 2.162039144287664864e-03 5.689576695493854790e-04 3.072371415566681717e-03
2.250000000000000000e+04 8.999925837860198730e-01 9.924897587619481154e-01 2.048247610377787811e-03 2.275830678197541916e-03 7.965407373691396923e-04 2.389622212107419402e-03
2.275000000000000000e+04 9.099925013836425158e-01 9.922621756941283344e-01 2.275830678197541916e-03 2.162039144287664864e-03 7.965407373691396923e-04 2.503413746017296455e-03
2.300000000000000000e+04 9.199924189812649367e-01 9.937414656349567998e-01 1.365498406918525280e-03 2.048247610377787811e-03 4.551661356395084266e-04 2.389622212107419402e-03
2.325000000000000000e+04 9.299923365788871354e-01 9.947655894401457033e-01 7.965407373691396923e-04 2.389622212107419402e-03 4.551661356395084266e-04 1.593081474738279385e-03
2.350000000000000000e+04 9.399922541765097783e-01 9.939690487027764698e-01 1.706873008648156654e-03 1.706873008648156654e-03 4.551661356395084266e-04 2.162039144287664864e-03
2.375000000000000000e+04 9.499921717741324212e-01 9.935138825671370189e-01 2.275830678197541916e-03 1.365498406918525280e-03 6.827492034592626399e-04 2.162039144287664864e-03
2.400000000000000000e+04 9.599920893717546200e-01 9.943104233045061413e-01 1.593081474738279385e-03 1.934456076467910759e-03 3.413746017296313199e-04 1.820664542558033706e-03
2.425000000000000000e+04 9.699920069693768188e-01 9.948793809740554828e-01 1.479289940828402332e-03 1.137915339098770958e-03 6.827492034592626399e-04 1.820664542558033706e-03
2.450000000000000000e+04 9.799919245669994616e-01 9.947655894401457033e-01 1.251706873008648227e-03 1.251706873008648227e-03 1.137915339098771066e-04 2.617205279927173507e-03
2.475000000000000000e+04 9.899918421646221045e-01 9.943104233045061413e-01 1.024123805188893906e-03 2.048247610377787811e-03 1.024123805188893906e-03 1.593081474738279385e-03
2.500000000000000000e+04 9.999917597622443033e-01 9.955621301775148257e-01 9.103322712790168532e-04 1.706873008648156654e-03 4.551661356395084266e-04 1.365498406918525280e-03
