# itime ezz other fcc hcp bcc ico
0.000000000000000000e+00 0.000000000000000000e+00 0.000000000000000000e+00 1.000000000000000000e+00 0.000000000000000000e+00 0.000000000000000000e+00 0.000000000000000000e+00
2.500000000000000000e+02 1.000048657749275094e-03 3.413746017296313199e-04 9.996586253982703285e-01 0.000000000000000000e+00 0.000000000000000000e+00 0.000000000000000000e+00
5.000000000000000000e+02 2.000097315498772232e-03 0.000000000000000000e+00 1.000000000000000000e+00 0.000000000000000000e+00 0.000000000000000000e+00 0.000000000000000000e+00
7.500000000000000000e+02 3.000145973248047326e-03 0.000000000000000000e+00 1.000000000000000000e+00 0.000000000000000000e+00 0.000000000000000000e+00 0.000000000000000000e+00
1.000000000000000000e+03 4.000194630997544465e-03 0.000000000000000000e+00 1.000000000000000000e+00 0.000000000000000000e+00 0.000000000000000000e+00 0.000000000000000000e+00
1.250000000000000000e+03 5.000243288746819559e-03 1.137915339098771066e-04 9.998862084660901095e-01 0.000000000000000000e+00 0.000000000000000000e+00 0.000000000000000000e+00
1.500000000000000000e+03 6.000291946496094653e-03 0.000000000000000000e+00 1.000000000000000000e+00 0.000000000000000000e+00 0.000000000000000000e+00 0.000000000000000000e+00
1.750000000000000000e+03 7.000340604245591791e-03 0.000000000000000000e+00 1.000000000000000000e+00 0.000000000000000000e+00 0.000000000000000000e+00 0.000000000000000000e+00
2.000000000000000000e+03 8.000389261994866885e-03 0.000000000000000000e+00 1.000000000000000000e+00 0.000000000000000000e+00 0.000000000000000000e+00 0.000000000000000000e+00
2.250000000000000000e+03 9.000437919744141979e-03 0.000000000000000000e+00 1.000000000000000000e+00 0.000000000000000000e+00 0.000000000000000000e+00 0.000000000000000000e+00
2.500000000000000000e+03 1.000048657749363912e-02 0.000000000000000000e+00 1.000000000000000000e+00 0.000000000000000000e+00 0.000000000000000000e+00 0.000000000000000000e+00
2.750000000000000000e+03 1.100053523524291421e-02 0.000000000000000000e+00 1.000000000000000000e+00 0.000000000000000000e+00 0.000000000000000000e+00 0.000000000000000000e+00
3.000000000000000000e+03 1.200058389299241135e-02 0.000000000000000000e+00 1.000000000000000000e+00 0.000000000000000000e+00 0.000000000000000000e+00 0.000000000000000000e+00
3.250000000000000000e+03 1.300063255074168644e-02 0.000000000000000000e+00 1.000000000000000000e+00 0.000000000000000000e+00 0.000000000000000000e+00 0.000000000000000000e+00
3.500000000000000000e+03 1.400068120849096154e-02 0.000000000000000000e+00 1.000000000000000000e+00 0.000000000000000000e+00 0.000000000000000000e+00 0.000000000000000000e+00
3.750000000000000000e+03 1.500072986624045868e-02 0.000000000000000000e+00 1.000000000000000000e+00 0.000000000000000000e+00 0.000000000000000000e+00 0.000000000000000000e+00
4.000000000000000000e+03 1.600077852398973377e-02 0.000000000000000000e+00 1.000000000000000000e+00 0.000000000000000000e+00 0.000000000000000000e+00 0.000000000000000000e+00
4.250000000000000000e+03 1.700082718173900886e-02 0.000000000000000000e+00 1.000000000000000000e+00 0.000000000000000000e+00 0.000000000000000000e+00 0.000000000000000000e+00
4.500000000000000000e+03 1.800087583948850600e-02 0.000000000000000000e+00 1.000000000000000000e+00 0.000000000000000000e+00 0.000000000000000000e+00 0.000000000000000000e+00
4.750000000000000000e+03 1.900092449723778110e-02 1.137915339098771066e-04 9.998862084660901095e-01 0.000000000000000000e+00 0.000000000000000000e+00 0.000000000000000000e+00
5.000000000000000000e+03 2.000097315498727824e-02 0.000000000000000000e+00 1.000000000000000000e+00 0.000000000000000000e+00 0.000000000000000000e+00 0.000000000000000000e+00
5.250000000000000000e+03 2.100102181273655333e-02 0.000000000000000000e+00 1.000000000000000000e+00 0.000000000000000000e+00 0.000000000000000000e+00 0.000000000000000000e+00
5.500000000000000000e+03 2.200107047048582842e-02 4.551661356395084266e-04 9.995448338643604380e-01 0.000000000000000000e+00 0.000000000000000000e+00 0.000000000000000000e+00
5.750000000000000000e+03 2.300111912823532556e-02 0.000000000000000000e+00 1.000000000000000000e+00 0.000000000000000000e+00 0.000000000000000000e+00 0.000000000000000000e+00
6.000000000000000000e+03 2.400116778598460066e-02 2.275830678197542133e-04 9.997724169321802190e-01 0.000000000000000000e+00 0.000000000000000000e+00 0.000000000000000000e+00
6.250000000000000000e+03 2.500121644373387575e-02 0.000000000000000000e+00 1.000000000000000000e+00 0.000000000000000000e+00 0.000000000000000000e+00 0.000000000000000000e+00
6.500000000000000000e+03 2.600126510148337289e-02 0.000000000000000000e+00 1.000000000000000000e+00 0.000000000000000000e+00 0.000000000000000000e+00 0.000000000000000000e+00
6.750000000000000000e+03 2.700131375923264798e-02 0.000000000000000000e+00 1.000000000000000000e+00 0.000000000000000000e+00 0.000000000000000000e+00 0.000000000000000000e+00
7.000000000000000000e+03 2.800136241698214512e-02 0.000000000000000000e+00 1.000000000000000000e+00 0.000000000000000000e+00 0.000000000000000000e+00 0.000000000000000000e+00
7.250000000000000000e+03 2.900141107473142021e-02 5.689576695493854790e-04 9.994310423304506585e-01 0.000000000000000000e+00 0.000000000000000000e+00 0.000000000000000000e+00
7.500000000000000000e+03 3.000145973248069531e-02 3.413746017296313199e-04 9.996586253982703285e-01 0.000000000000000000e+00 0.000000000000000000e+00 0.000000000000000000e+00
7.750000000000000000e+03 3.100150839023019245e-02 0.000000000000000000e+00 1.000000000000000000e+00 0.000000000000000000e+00 0.000000000000000000e+00 0.000000000000000000e+00
8.000000000000000000e+03 3.200155704797946754e-02 0.000000000000000000e+00 1.000000000000000000e+00 0.000000000000000000e+00 0.000000000000000000e+00 0.000000000000000000e+00
8.250000000000000000e+03 3.300160570572896468e-02 0.000000000000000000e+00 1.000000000000000000e+00 0.000000000000000000e+00 0.000000000000000000e+00 0.000000000000000000e+00
8.500000000000000000e+03 3.400165436347823977e-02 2.275830678197542133e-04 9.997724169321802190e-01 0.000000000000000000e+00 0.000000000000000000e+00 0.000000000000000000e+00
8.750000000000000000e+03 3.500170302122751487e-02 1.137915339098771066e-04 9.998862084660901095e-01 0.000000000000000000e+00 0.000000000000000000e+00 0.000000000000000000e+00
9.000000000000000000e+03 3.600175167897701201e-02 1.137915339098771066e-04 9.998862084660901095e-01 0.000000000000000000e+00 0.000000000000000000e+00 0.000000000000000000e+00
9.250000000000000000e+03 3.700180033672628710e-02 0.000000000000000000e+00 1.000000000000000000e+00 0.000000000000000000e+00 0.000000000000000000e+00 0.000000000000000000e+00
9.500000000000000000e+03 3.800184899447556219e-02 1.137915339098771066e-04 9.998862084660901095e-01 0.000000000000000000e+00 0.000000000000000000e+00 0.000000000000000000e+00
9.750000000000000000e+03 3.900189765222505933e-02 0.000000000000000000e+00 1.000000000000000000e+00 0.000000000000000000e+00 0.000000000000000000e+00 0.000000000000000000e+00
1.000000000000000000e+04 4.000194630997433443e-02 0.000000000000000000e+00 1.000000000000000000e+00 0.000000000000000000e+00 0.000000000000000000e+00 0.000000000000000000e+00
1.025000000000000000e+04 4.100199496772383156e-02 0.000000000000000000e+00 1.000000000000000000e+00 0.000000000000000000e+00 0.000000000000000000e+00 0.000000000000000000e+00
1.050000000000000000e+04 4.200204362547310666e-02 0.000000000000000000e+00 1.000000000000000000e+00 0.000000000000000000e+00 0.000000000000000000e+00 0.000000000000000000e+00
1.075000000000000000e+04 4.300209228322238175e-02 0.000000000000000000e+00 1.000000000000000000e+00 0.000000000000000000e+00 0.000000000000000000e+00 0.000000000000000000e+00
1.100000000000000000e+04 4.400214094097187889e-02 0.000000000000000000e+00 1.000000000000000000e+00 0.000000000000000000e+00 0.000000000000000000e+00 0.000000000000000000e+00
1.125000000000000000e+04 4.500218959872115398e-02 0.000000000000000000e+00 1.000000000000000000e+00 0.000000000000000000e+00 0.000000000000000000e+00 0.000000000000000000e+00
1.150000000000000000e+04 4.600223825647042908e-02 0.000000000000000000e+00 1.000000000000000000e+00 0.000000000000000000e+00 0.000000000000000000e+00 0.000000000000000000e+00
1.175000000000000000e+04 4.700228691421992622e-02 0.000000000000000000e+00 1.000000000000000000e+00 0.000000000000000000e+00 0.000000000000000000e+00 0.000000000000000000e+00
1.200000000000000000e+04 4.800233557196920131e-02 5.689576695493854790e-04 9.994310423304506585e-01 0.000000000000000000e+00 0.000000000000000000e+00 0.000000000000000000e+00
1.225000000000000000e+04 4.900238422971869845e-02 0.000000000000000000e+00 1.000000000000000000e+00 0.000000000000000000e+00 0.000000000000000000e+00 0.000000000000000000e+00
1.250000000000000000e+04 5.000243288746797354e-02 4.551661356395084266e-04 9.995448338643604380e-01 0.000000000000000000e+00 0.000000000000000000e+00 0.000000000000000000e+00
1.275000000000000000e+04 5.100248154521724864e-02 3.413746017296313199e-04 9.996586253982703285e-01 0.000000000000000000e+00 0.000000000000000000e+00 0.000000000000000000e+00
1.300000000000000000e+04 5.200253020296674578e-02 0.000000000000000000e+00 1.000000000000000000e+00 0.000000000000000000e+00 0.000000000000000000e+00 0.000000000000000000e+00
1.325000000000000000e+04 5.300257886071602087e-02 4.551661356395084266e-04 9.995448338643604380e-01 0.000000000000000000e+00 0.000000000000000000e+00 0.000000000000000000e+00
1.350000000000000000e+04 5.400262751846551801e-02 5.689576695493854790e-04 9.994310423304506585e-01 0.000000000000000000e+00 0.000000000000000000e+00 0.000000000000000000e+00
1.375000000000000000e+04 5.500267617621479310e-02 4.551661356395084266e-04 9.995448338643604380e-01 0.000000000000000000e+00 0.000000000000000000e+00 0.000000000000000000e+00
1.400000000000000000e+04 5.600272483396406820e-02 0.000000000000000000e+00 1.000000000000000000e+00 0.000000000000000000e+00 0.000000000000000000e+00 0.000000000000000000e+00
1.425000000000000000e+04 5.700277349171356533e-02 1.024123805188893906e-03 9.989758761948110966e-01 0.000000000000000000e+00 0.000000000000000000e+00 0.000000000000000000e+00
1.450000000000000000e+04 5.800282214946284043e-02 2.275830678197542133e-04 9.997724169321802190e-01 0.000000000000000000e+00 0.000000000000000000e+00 0.000000000000000000e+00
1.475000000000000000e+04 5.900287080721211552e-02 4.551661356395084266e-04 9.995448338643604380e-01 0.000000000000000000e+00 0.000000000000000000e+00 0.000000000000000000e+00
1.500000000000000000e+04 6.000291946496161266e-02 1.137915339098771066e-04 9.998862084660901095e-01 0.000000000000000000e+00 0.000000000000000000e+00 0.000000000000000000e+00
1.525000000000000000e+04 6.100296812271088776e-02 9.103322712790168532e-04 9.990896677287209870e-01 0.000000000000000000e+00 0.000000000000000000e+00 0.000000000000000000e+00
1.550000000000000000e+04 6.200301678046038489e-02 2.275830678197542133e-04 9.997724169321802190e-01 0.000000000000000000e+00 0.000000000000000000e+00 0.000000000000000000e+00
1.575000000000000000e+04 6.300306543820965999e-02 6.827492034592626399e-04 9.993172507965407680e-01 0.000000000000000000e+00 0.000000000000000000e+00 0.000000000000000000e+00
1.600000000000000000e+04 6.400311409595893508e-02 4.551661356395084266e-04 9.994310423304506585e-01 0.000000000000000000e+00 1.137915339098771066e-04 0.000000000000000000e+00
1.625000000000000000e+04 6.500316275370843222e-02 4.551661356395084266e-04 9.995448338643604380e-01 0.000000000000000000e+00 0.000000000000000000e+00 0.000000000000000000e+00
1.650000000000000000e+04 6.600321141145770731e-02 0.000000000000000000e+00 1.000000000000000000e+00 0.000000000000000000e+00 0.000000000000000000e+00 0.000000000000000000e+00
1.675000000000000000e+04 6.700326006920698241e-02 4.551661356395084266e-04 9.995448338643604380e-01 0.000000000000000000e+00 0.000000000000000000e+00 0.000000000000000000e+00
1.700000000000000000e+04 6.800330872695647955e-02 1.251706873008648227e-03 9.987482931269913156e-01 0.000000000000000000e+00 0.000000000000000000e+00 0.000000000000000000e+00
1.725000000000000000e+04 6.900335738470575464e-02 1.251706873008648227e-03 9.987482931269913156e-01 0.000000000000000000e+00 0.000000000000000000e+00 0.000000000000000000e+00
1.750000000000000000e+04 7.000340604245525178e-02 9.103322712790168532e-04 9.989758761948110966e-01 0.000000000000000000e+00 1.137915339098771066e-04 0.000000000000000000e+00
1.775000000000000000e+04 7.100345470020452687e-02 1.137915339098771066e-04 9.998862084660901095e-01 0.000000000000000000e+00 0.000000000000000000e+00 0.000000000000000000e+00
1.800000000000000000e+04 7.200350335795380197e-02 1.593081474738279385e-03 9.982931269913518646e-01 0.000000000000000000e+00 1.137915339098771066e-04 0.000000000000000000e+00
1.825000000000000000e+04 7.300355201570329911e-02 0.000000000000000000e+00 1.000000000000000000e+00 0.000000000000000000e+00 0.000000000000000000e+00 0.000000000000000000e+00
1.850000000000000000e+04 7.400360067345257420e-02 6.827492034592626399e-04 9.992034592626308775e-01 0.000000000000000000e+00 1.137915339098771066e-04 0.000000000000000000e+00
1.875000000000000000e+04 7.500364933120184929e-02 9.103322712790168532e-04 9.990896677287209870e-01 0.000000000000000000e+00 0.000000000000000000e+00 0.000000000000000000e+00
1.900000000000000000e+04 7.600369798895134643e-02 1.479289940828402332e-03 9.985207100591716456e-01 0.000000000000000000e+00 0.000000000000000000e+00 0.000000000000000000e+00
1.925000000000000000e+04 7.700374664670062153e-02 1.024123805188893906e-03 9.989758761948110966e-01 0.000000000000000000e+00 0.000000000000000000e+00 0.000000000000000000e+00
1.950000000000000000e+04 7.800379530445011866e-02 1.251706873008648227e-03 9.987482931269913156e-01 0.000000000000000000e+00 0.000000000000000000e+00 0.000000000000000000e+00
1.975000000000000000e+04 7.900384396219939376e-02 1.024123805188893906e-03 9.989758761948110966e-01 0.000000000000000000e+00 0.000000000000000000e+00 0.000000000000000000e+00
2.000000000000000000e+04 8.000389261994866885e-02 7.965407373691396923e-04 9.992034592626308775e-01 0.000000000000000000e+00 0.000000000000000000e+00 0.000000000000000000e+00
2.025000000000000000e+04 8.100394127769816599e-02 1.251706873008648227e-03 9.987482931269913156e-01 0.000000000000000000e+00 0.000000000000000000e+00 0.000000000000000000e+00
2.050000000000000000e+04 8.200398993544744108e-02 2.617205279927173507e-03 9.973827947200728516e-01 0.000000000000000000e+00 0.000000000000000000e+00 0.000000000000000000e+00
2.075000000000000000e+04 8.300403859319693822e-02 1.251706873008648227e-03 9.987482931269913156e-01 0.000000000000000000e+00 0.000000000000000000e+00 0.000000000000000000e+00
2.100000000000000000e+04 8.400408725094621332e-02 2.275830678197541916e-03 9.976103777878926326e-01 0.000000000000000000e+00 1.137915339098771066e-04 0.000000000000000000e+00
2.125000000000000000e+04 8.500413590869548841e-02 1.820664542558033706e-03 9.981793354574419741e-01 0.000000000000000000e+00 0.000000000000000000e+00 0.000000000000000000e+00
2.150000000000000000e+04 8.600418456644498555e-02 2.617205279927173507e-03 9.973827947200728516e-01 0.000000000000000000e+00 0.000000000000000000e+00 0.000000000000000000e+00
2.175000000000000000e+04 8.700423322419426064e-02 1.479289940828402332e-03 9.985207100591716456e-01 0.000000000000000000e+00 0.000000000000000000e+00 0.000000000000000000e+00
2.200000000000000000e+04 8.800428188194353574e-02 1.934456076467910759e-03 9.980655439235320836e-01 0.000000000000000000e+00 0.000000000000000000e+00 0.000000000000000000e+00
2.225000000000000000e+04 8.900433053969303288e-02 2.162039144287664864e-03 9.977241693218024121e-01 0.000000000000000000e+00 1.137915339098771066e-04 0.000000000000000000e+00
2.250000000000000000e+04 9.000437919744230797e-02 3.527537551206190360e-03 9.964724624487938387e-01 0.000000000000000000e+00 0.000000000000000000e+00 0.000000000000000000e+00
2.275000000000000000e+04 9.100442785519180511e-02 3.413746017296313308e-03 9.965862539827037292e-01 0.000000000000000000e+00 0.000000000000000000e+00 0.000000000000000000e+00
2.300000000000000000e+04 9.200447651294108020e-02 3.982703686845699004e-03 9.960172963131542767e-01 0.000000000000000000e+00 0.000000000000000000e+00 0.000000000000000000e+00
2.325000000000000000e+04 9.300452517069035530e-02 2.730996813837050560e-03 9.972690031861629611e-01 0.000000000000000000e+00 0.000000000000000000e+00 0.000000000000000000e+00
2.350000000000000000e+04 9.400457382843985243e-02 2.162039144287664864e-03 9.978379608557123026e-01 0.000000000000000000e+00 0.000000000000000000e+00 0.000000000000000000e+00
2.375000000000000000e+04 9.500462248618912753e-02 2.275830678197541916e-03 9.977241693218024121e-01 0.000000000000000000e+00 0.000000000000000000e+00 0.000000000000000000e+00
2.400000000000000000e+04 9.600467114393840262e-02 2.275830678197541916e-03 9.977241693218024121e-01 0.000000000000000000e+00 0.000000000000000000e+00 0.000000000000000000e+00
2.425000000000000000e+04 9.700471980168789976e-02 3.186162949476558769e-03 9.968138370505233992e-01 0.000000000000000000e+00 0.000000000000000000e+00 0.000000000000000000e+00
2.450000000000000000e+04 9.800476845943717485e-02 3.527537551206190360e-03 9.963586709148839482e-01 0.000000000000000000e+00 1.137915339098771066e-04 0.000000000000000000e+00
2.475000000000000000e+04 9.900481711718667199e-02 3.868912152935821518e-03 9.961310878470641672e-01 0.000000000000000000e+00 0.000000000000000000e+00 0.000000000000000000e+00
2.500000000000000000e+04 1.000048657749359471e-01 2.162039144287664864e-03 9.978379608557123026e-01 0.000000000000000000e+00 0.000000000000000000e+00 0.000000000000000000e+00
2.525000000000000000e+04 1.010049144326852222e-01 6.486117432862995025e-03 9.935138825671370189e-01 0.000000000000000000e+00 0.000000000000000000e+00 0.000000000000000000e+00
2.550000000000000000e+04 1.020049630904347193e-01 4.551661356395083832e-03 9.954483386436049352e-01 0.000000000000000000e+00 0.000000000000000000e+00 0.000000000000000000e+00
2.575000000000000000e+04 1.030050117481839944e-01 4.779244424214838804e-03 9.951069640418752638e-01 0.000000000000000000e+00 1.137915339098771066e-04 0.000000000000000000e+00
2.600000000000000000e+04 1.040050604059334916e-01 4.779244424214838804e-03 9.952207555757851543e-01 0.000000000000000000e+00 0.000000000000000000e+00 0.000000000000000000e+00
2.625000000000000000e+04 1.050051090636827666e-01 4.893035958124715423e-03 9.948793809740554828e-01 0.000000000000000000e+00 2.275830678197542133e-04 0.000000000000000000e+00
2.650000000000000000e+04 1.060051577214320417e-01 3.186162949476558769e-03 9.968138370505233992e-01 0.000000000000000000e+00 0.000000000000000000e+00 0.000000000000000000e+00
2.675000000000000000e+04 1.070052063791815389e-01 6.713700500682749130e-03 9.932862994993172379e-01 0.000000000000000000e+00 0.000000000000000000e+00 0.000000000000000000e+00
2.700000000000000000e+04 1.080052550369308140e-01 4.324078288575329727e-03 9.955621301775148257e-01 0.000000000000000000e+00 1.137915339098771066e-04 0.000000000000000000e+00
2.725000000000000000e+04 1.090053036946800891e-01 4.210286754665453109e-03 9.957897132453344957e-01 0.000000000000000000e+00 0.000000000000000000e+00 0.000000000000000000e+00
2.750000000000000000e+04 1.100053523524295862e-01 7.851615839781519654e-03 9.919208010923987739e-01 0.000000000000000000e+00 2.275830678197542133e-04 0.000000000000000000e+00
2.775000000000000000e+04 1.110054010101788613e-01 5.689576695493855224e-03 9.943104233045061413e-01 0.000000000000000000e+00 0.000000000000000000e+00 0.000000000000000000e+00
2.800000000000000000e+04 1.120054496679283584e-01 6.372325898953117539e-03 9.936276741010469093e-01 0.000000000000000000e+00 0.000000000000000000e+00 0.000000000000000000e+00
2.825000000000000000e+04 1.130054983256776335e-01 6.599908966772872511e-03 9.934000910332271284e-01 0.000000000000000000e+00 0.000000000000000000e+00 0.000000000000000000e+00
2.850000000000000000e+04 1.140055469834269086e-01 5.575785161583977738e-03 9.943104233045061413e-01 0.000000000000000000e+00 1.137915339098771066e-04 0.000000000000000000e+00
2.875000000000000000e+04 1.150055956411764058e-01 7.624032771961766417e-03 9.923759672280382249e-01 0.000000000000000000e+00 0.000000000000000000e+00 0.000000000000000000e+00
2.900000000000000000e+04 1.160056442989256809e-01 8.079198907601274626e-03 9.919208010923987739e-01 0.000000000000000000e+00 0.000000000000000000e+00 0.000000000000000000e+00
2.925000000000000000e+04 1.170056929566749560e-01 8.534365043240782836e-03 9.914656349567592120e-01 0.000000000000000000e+00 0.000000000000000000e+00 0.000000000000000000e+00
2.950000000000000000e+04 1.180057416144244531e-01 8.192990441511151245e-03 9.918070095584888834e-01 0.000000000000000000e+00 0.000000000000000000e+00 0.000000000000000000e+00
2.975000000000000000e+04 1.190057902721737282e-01 9.103322712790167665e-03 9.908966772872098705e-01 0.000000000000000000e+00 0.000000000000000000e+00 0.000000000000000000e+00
3.000000000000000000e+04 1.200058389299232253e-01 1.194811106053709528e-02 9.879380974055530507e-01 0.000000000000000000e+00 1.137915339098771066e-04 0.000000000000000000e+00
3.025000000000000000e+04 1.210058875876725004e-01 1.069640418752844727e-02 9.893035958124715146e-01 0.000000000000000000e+00 0.000000000000000000e+00 0.000000000000000000e+00
3.050000000000000000e+04 1.220059362454217755e-01 1.411015020482476144e-02 9.858898497951752438e-01 0.000000000000000000e+00 0.000000000000000000e+00 0.000000000000000000e+00
3.075000000000000000e+04 1.230059849031712726e-01 1.149294492489758707e-02 9.885070550751023921e-01 0.000000000000000000e+00 0.000000000000000000e+00 0.000000000000000000e+00
3.100000000000000000e+04 1.240060335609205477e-01 1.206190259444697363e-02 9.878243058716431602e-01 0.000000000000000000e+00 1.137915339098771066e-04 0.000000000000000000e+00
3.125000000000000000e+04 1.250060822186698228e-01 1.490669094219390124e-02 9.850933090578061213e-01 0.000000000000000000e+00 0.000000000000000000e+00 0.000000000000000000e+00
3.150000000000000000e+04 1.260061308764193200e-01 1.160673645880746542e-02 9.883932635411925016e-01 0.000000000000000000e+00 0.000000000000000000e+00 0.000000000000000000e+00
3.175000000000000000e+04 1.270061795341685951e-01 1.422394173873463806e-02 9.855484751934455723e-01 0.000000000000000000e+00 2.275830678197542133e-04 0.000000000000000000e+00
3.200000000000000000e+04 1.280062281919180922e-01 1.467910787437414627e-02 9.853208921256259023e-01 0.000000000000000000e+00 0.000000000000000000e+00 0.000000000000000000e+00
3.225000000000000000e+04 1.290062768496673673e-01 1.786527082385070547e-02 9.821347291761493015e-01 0.000000000000000000e+00 0.000000000000000000e+00 0.000000000000000000e+00
3.250000000000000000e+04 1.300063255074166424e-01 1.775147928994082885e-02 9.821347291761493015e-01 0.000000000000000000e+00 1.137915339098771066e-04 0.000000000000000000e+00
3.275000000000000000e+04 1.310063741651661395e-01 1.433773327264451468e-02 9.855484751934455723e-01 0.000000000000000000e+00 1.137915339098771066e-04 0.000000000000000000e+00
3.300000000000000000e+04 1.320064228229154146e-01 1.820664542558033533e-02 9.817933545744196300e-01 0.000000000000000000e+00 0.000000000000000000e+00 0.000000000000000000e+00
3.325000000000000000e+04 1.330064714806649118e-01 2.014110150204824826e-02 9.797451069640418231e-01 0.000000000000000000e+00 1.137915339098771066e-04 0.000000000000000000e+00
3.350000000000000000e+04 1.340065201384141869e-01 2.753755120619025970e-02 9.724624487938097195e-01 0.000000000000000000e+00 0.000000000000000000e+00 0.000000000000000000e+00
3.375000000000000000e+04 1.350065687961634620e-01 2.264451524806554428e-02 9.772416932180245652e-01 0.000000000000000000e+00 1.137915339098771066e-04 0.000000000000000000e+00
3.400000000000000000e+04 1.360066174539129591e-01 2.378243058716431393e-02 9.762175694128356618e-01 0.000000000000000000e+00 0.000000000000000000e+00 0.000000000000000000e+00
3.425000000000000000e+04 1.370066661116622342e-01 2.048247610377787811e-02 9.794037323623122626e-01 0.000000000000000000e+00 1.137915339098771066e-04 0.000000000000000000e+00
3.450000000000000000e+04 1.380067147694115093e-01 3.095129722348657214e-02 9.690487027765134487e-01 0.000000000000000000e+00 0.000000000000000000e+00 0.000000000000000000e+00
3.475000000000000000e+04 1.390067634271610064e-01 3.060992262175694228e-02 9.692762858443332297e-01 0.000000000000000000e+00 1.137915339098771066e-04 0.000000000000000000e+00
3.500000000000000000e+04 1.400068120849102815e-01 3.163404642694583185e-02 9.683659535730542167e-01 0.000000000000000000e+00 0.000000000000000000e+00 0.000000000000000000e+00
3.525000000000000000e+04 1.410068607426597787e-01 2.571688666363222686e-02 9.742831133363677454e-01 0.000000000000000000e+00 0.000000000000000000e+00 0.000000000000000000e+00
3.550000000000000000e+04 1.420069094004090537e-01 2.958579881656804578e-02 9.704142011834319126e-01 0.000000000000000000e+00 0.000000000000000000e+00 0.000000000000000000e+00
3.575000000000000000e+04 1.430069580581583288e-01 3.299954483386435822e-02 9.668866636322257513e-01 0.000000000000000000e+00 1.137915339098771066e-04 0.000000000000000000e+00
3.600000000000000000e+04 1.440070067159078260e-01 3.766499772416932040e-02 9.622212107419207960e-01 0.000000000000000000e+00 1.137915339098771066e-04 0.000000000000000000e+00
3.625000000000000000e+04 1.450070553736571011e-01 3.026854802002730896e-02 9.697314519799726806e-01 0.000000000000000000e+00 0.000000000000000000e+00 0.000000000000000000e+00
3.650000000000000000e+04 1.460071040314063762e-01 3.186162949476559203e-02 9.681383705052344357e-01 0.000000000000000000e+00 0.000000000000000000e+00 0.000000000000000000e+00
3.675000000000000000e+04 1.470071526891558733e-01 3.925807919890760000e-02 9.604005461993627701e-01 0.000000000000000000e+00 3.413746017296313199e-04 0.000000000000000000e+00
3.700000000000000000e+04 1.480072013469051484e-01 3.937187073281747662e-02 9.604005461993627701e-01 0.000000000000000000e+00 2.275830678197542133e-04 0.000000000000000000e+00
3.725000000000000000e+04 1.490072500046546455e-01 4.415111515703231543e-02 9.558488848429677054e-01 0.000000000000000000e+00 0.000000000000000000e+00 0.000000000000000000e+00
3.750000000000000000e+04 1.500072986624039206e-01 4.415111515703231543e-02 9.555075102412380339e-01 0.000000000000000000e+00 3.413746017296313199e-04 0.000000000000000000e+00
3.775000000000000000e+04 1.510073473201531957e-01 3.891670459717797015e-02 9.610832954028220021e-01 0.000000000000000000e+00 0.000000000000000000e+00 0.000000000000000000e+00
3.800000000000000000e+04 1.520073959779026929e-01 4.039599453800637313e-02 9.596040054619936477e-01 0.000000000000000000e+00 0.000000000000000000e+00 0.000000000000000000e+00
3.825000000000000000e+04 1.530074446356519680e-01 4.904415111515703085e-02 9.509558488848429691e-01 0.000000000000000000e+00 0.000000000000000000e+00 0.000000000000000000e+00
3.850000000000000000e+04 1.540074932934014651e-01 4.927173418297678409e-02 9.507282658170231882e-01 0.000000000000000000e+00 0.000000000000000000e+00 0.000000000000000000e+00
3.875000000000000000e+04 1.550075419511507402e-01 5.814747382794720199e-02 9.418525261720528396e-01 0.000000000000000000e+00 0.000000000000000000e+00 0.000000000000000000e+00
3.900000000000000000e+04 1.560075906089000153e-01 5.040964952207555722e-02 9.495903504779243942e-01 0.000000000000000000e+00 0.000000000000000000e+00 0.000000000000000000e+00
3.925000000000000000e+04 1.570076392666495124e-01 5.484751934456076616e-02 9.451524806554392200e-01 0.000000000000000000e+00 0.000000000000000000e+00 0.000000000000000000e+00
3.950000000000000000e+04 1.580076879243987875e-01 5.416477014110149951e-02 9.458352298588984519e-01 0.000000000000000000e+00 0.000000000000000000e+00 0.000000000000000000e+00
3.975000000000000000e+04 1.590077365821480626e-01 6.326809285389166371e-02 9.366181156121984319e-01 0.000000000000000000e+00 1.137915339098771066e-04 0.000000000000000000e+00
4.000000000000000000e+04 1.600077852398975597e-01 6.076467910787437116e-02 9.392353208921255803e-01 0.000000000000000000e+00 0.000000000000000000e+00 0.000000000000000000e+00
4.025000000000000000e+04 1.610078338976468348e-01 6.941283568502502888e-02 9.305871643149750128e-01 0.000000000000000000e+00 0.000000000000000000e+00 0.000000000000000000e+00
4.050000000000000000e+04 1.620078825553963320e-01 7.191624943104232837e-02 9.280837505689576439e-01 0.000000000000000000e+00 0.000000000000000000e+00 0.000000000000000000e+00
4.075000000000000000e+04 1.630079312131456071e-01 8.534365043240782489e-02 9.146563495675921196e-01 0.000000000000000000e+00 0.000000000000000000e+00 0.000000000000000000e+00
4.100000000000000000e+04 1.640079798708948822e-01 7.942649066909421296e-02 9.205735093309057593e-01 0.000000000000000000e+00 0.000000000000000000e+00 0.000000000000000000e+00
4.125000000000000000e+04 1.650080285286443793e-01 7.919890760127445972e-02 9.208010923987255403e-01 0.000000000000000000e+00 0.000000000000000000e+00 0.000000000000000000e+00
4.150000000000000000e+04 1.660080771863936544e-01 8.966772872098316416e-02 9.102184797451069453e-01 0.000000000000000000e+00 1.137915339098771066e-04 0.000000000000000000e+00
4.175000000000000000e+04 1.670081258441429295e-01 8.716431497496586467e-02 9.126081019572144237e-01 0.000000000000000000e+00 2.275830678197542133e-04 0.000000000000000000e+00
4.200000000000000000e+04 1.680081745018924266e-01 8.989531178880291740e-02 9.099908966772871644e-01 0.000000000000000000e+00 1.137915339098771066e-04 0.000000000000000000e+00
4.225000000000000000e+04 1.690082231596417017e-01 8.466090122894856518e-02 9.153390987710514626e-01 0.000000000000000000e+00 0.000000000000000000e+00 0.000000000000000000e+00
4.250000000000000000e+04 1.700082718173911989e-01 8.932635411925353430e-02 9.106736458807465073e-01 0.000000000000000000e+00 0.000000000000000000e+00 0.000000000000000000e+00
4.275000000000000000e+04 1.710083204751404740e-01 1.005917159763313612e-01 8.992944924897587899e-01 0.000000000000000000e+00 1.137915339098771066e-04 0.000000000000000000e+00
4.300000000000000000e+04 1.720083691328897491e-01 1.010468821119708677e-01 8.989531178880291185e-01 0.000000000000000000e+00 0.000000000000000000e+00 0.000000000000000000e+00
4.325000000000000000e+04 1.730084177906392462e-01 1.108329540282202985e-01 8.890532544378698665e-01 0.000000000000000000e+00 1.137915339098771066e-04 0.000000000000000000e+00
4.350000000000000000e+04 1.740084664483885213e-01 1.172052799271734169e-01 8.827947200728265553e-01 0.000000000000000000e+00 0.000000000000000000e+00 0.000000000000000000e+00
4.375000000000000000e+04 1.750085151061377964e-01 1.264223941738734647e-01 8.735776058261265353e-01 0.000000000000000000e+00 0.000000000000000000e+00 0.000000000000000000e+00
4.400000000000000000e+04 1.760085637638872935e-01 1.249431042330450548e-01 8.749431042330451103e-01 1.137915339098771066e-04 0.000000000000000000e+00 0.000000000000000000e+00
4.425000000000000000e+04 1.770086124216365686e-01 1.298361401911697632e-01 8.697086936731907025e-01 4.551661356395084266e-04 0.000000000000000000e+00 0.000000000000000000e+00
4.450000000000000000e+04 1.780086610793860658e-01 1.552116522530723741e-01 8.447883477469276814e-01 0.000000000000000000e+00 0.000000000000000000e+00 0.000000000000000000e+00
4.475000000000000000e+04 1.790087097371353408e-01 1.396222121074192080e-01 8.602639963586709015e-01 1.137915339098771066e-04 0.000000000000000000e+00 0.000000000000000000e+00
4.500000000000000000e+04 1.800087583948846159e-01 1.630632680928539024e-01 8.368229403732362348e-01 1.137915339098771066e-04 0.000000000000000000e+00 0.000000000000000000e+00
4.525000000000000000e+04 1.810088070526341131e-01 1.611288120163859861e-01 8.384160218479744797e-01 4.551661356395084266e-04 0.000000000000000000e+00 0.000000000000000000e+00
4.550000000000000000e+04 1.820088557103833882e-01 1.695493855257168836e-01 8.297678652708238012e-01 6.827492034592626399e-04 0.000000000000000000e+00 0.000000000000000000e+00
4.575000000000000000e+04 1.830089043681328853e-01 1.908284023668639084e-01 8.081474738279471604e-01 1.024123805188893906e-03 0.000000000000000000e+00 0.000000000000000000e+00
4.600000000000000000e+04 1.840089530258821604e-01 2.379380974055530229e-01 7.598998634501593630e-01 2.048247610377787811e-03 1.137915339098771066e-04 0.000000000000000000e+00
4.625000000000000000e+04 1.850090016836314355e-01 2.709376422394174089e-01 7.187073281747837772e-01 8.079198907601274626e-03 2.275830678197541916e-03 0.000000000000000000e+00
4.650000000000000000e+04 1.860090503413809326e-01 3.134956759217114031e-01 6.673873463814292695e-01 1.661356395084205573e-02 2.503413746017296455e-03 0.000000000000000000e+00
4.675000000000000000e+04 1.870090989991302077e-01 3.599226217569412856e-01 5.986572598998634032e-01 3.561675011379153433e-02 5.803368229403732710e-03 0.000000000000000000e+00
4.700000000000000000e+04 1.880091476568794828e-01 3.889394629039599205e-01 5.375512061902594230e-01 6.497496586253982687e-02 8.534365043240782836e-03 0.000000000000000000e+00
4.725000000000000000e+04 1.890091963146289800e-01 4.099908966772872199e-01 4.847519344560764498e-01 9.376422394173873631e-02 1.149294492489758707e-02 0.000000000000000000e+00
4.750000000000000000e+04 1.900092449723782551e-01 3.781292671825216001e-01 4.795175238962220976e-01 1.330223031406463363e-01 9.330905780609922637e-03 0.000000000000000000e+00
4.775000000000000000e+04 1.910092936301277522e-01 3.695949021392808120e-01 4.617660446062812896e-01 1.541875284478834707e-01 1.445152480655439303e-02 0.000000000000000000e+00
4.800000000000000000e+04 1.920093422878770273e-01 3.618570778334092020e-01 4.600591715976331542e-01 1.662494310423304478e-01 1.183431952662721866e-02 0.000000000000000000e+00
4.825000000000000000e+04 1.930093909456263024e-01 3.467228038233955423e-01 4.808830223031406725e-01 1.611288120163859861e-01 1.126536185707783383e-02 0.000000000000000000e+00
4.850000000000000000e+04 1.940094396033757995e-01 3.380746472462448637e-01 4.901001365498406925e-01 1.614701866181156020e-01 1.035502958579881741e-02 0.000000000000000000e+00
4.875000000000000000e+04 1.950094882611250746e-01 3.336367774237596895e-01 4.995448338643604935e-01 1.593081474738279601e-01 7.510241238051888930e-03 0.000000000000000000e+00
4.900000000000000000e+04 1.960095369188743497e-01 3.266954938552571464e-01 4.988620846609012061e-01 1.653390987710514348e-01 9.103322712790167665e-03 0.000000000000000000e+00
4.925000000000000000e+04 1.970095855766238468e-01 3.251024123805189014e-01 5.026172052799271484e-01 1.635184342284934089e-01 8.761948111060537808e-03 0.000000000000000000e+00
4.950000000000000000e+04 1.980096342343731219e-01 3.192990441511151523e-01 5.087619481110605690e-01 1.649977241693217911e-01 6.941283568502503235e-03 0.000000000000000000e+00
4.975000000000000000e+04 1.990096828921226191e-01 3.138370505234410746e-01 5.105826126536185949e-01 1.687528447883477334e-01 6.827492034592626616e-03 0.000000000000000000e+00
5.000000000000000000e+04 2.000097315498718942e-01 3.065543923532089154e-01 5.124032771961766208e-01 1.748975876194810986e-01 6.144742831133363434e-03 0.000000000000000000e+00
5.025000000000000000e+04 2.010097802076211693e-01 3.082612653618570508e-01 5.127446517979061813e-01 1.715976331360946627e-01 7.396449704142011444e-03 0.000000000000000000e+00
5.050000000000000000e+04 2.020098288653706664e-01 3.017751479289940697e-01 5.145653163404643182e-01 1.770596267637687682e-01 6.599908966772872511e-03 0.000000000000000000e+00
5.075000000000000000e+04 2.030098775231199415e-01 3.002958579881656598e-01 5.192307692307692735e-01 1.723941738734638129e-01 8.079198907601274626e-03 0.000000000000000000e+00
5.100000000000000000e+04 2.040099261808694386e-01 2.966545289030496080e-01 5.229858898497952158e-01 1.726217569412835662e-01 7.737824305871643035e-03 0.000000000000000000e+00
5.125000000000000000e+04 2.050099748386187137e-01 2.917614929449248717e-01 5.276513427401001710e-01 1.754665452890304955e-01 5.120619025944469528e-03 0.000000000000000000e+00
5.150000000000000000e+04 2.060100234963679888e-01 2.926718252162039402e-01 5.291306326809285254e-01 1.741010468821119761e-01 4.096495220755575623e-03 0.000000000000000000e+00
5.175000000000000000e+04 2.070100721541174860e-01 2.908511606736458588e-01 5.334547109695039202e-01 1.713700500682749095e-01 4.324078288575329727e-03 0.000000000000000000e+00
5.200000000000000000e+04 2.080101208118667611e-01 2.942649066909421851e-01 5.279927173418297315e-01 1.723941738734638129e-01 5.348202093764223633e-03 0.000000000000000000e+00
5.225000000000000000e+04 2.090101694696160362e-01 2.876649977241693135e-01 5.323167956304051263e-01 1.743286299499317293e-01 5.689576695493855224e-03 0.000000000000000000e+00
5.250000000000000000e+04 2.100102181273655333e-01 2.892580791989076139e-01 5.307237141556667703e-01 1.760355029585798925e-01 3.982703686845699004e-03 0.000000000000000000e+00
5.275000000000000000e+04 2.110102667851148084e-01 2.881201638598088199e-01 5.329995448338643582e-01 1.753527537551206328e-01 3.527537551206190360e-03 0.000000000000000000e+00
5.300000000000000000e+04 2.120103154428643055e-01 2.881201638598088199e-01 5.356167501137915066e-01 1.723941738734638129e-01 3.868912152935821518e-03 0.000000000000000000e+00
5.325000000000000000e+04 2.130103641006135806e-01 2.923304506144742687e-01 5.342512517068730427e-01 1.688666363222576239e-01 4.551661356395083832e-03 0.000000000000000000e+00
5.350000000000000000e+04 2.140104127583628557e-01 2.891442876649977234e-01 5.337960855712334807e-01 1.727355484751934567e-01 4.324078288575329727e-03 0.000000000000000000e+00
5.375000000000000000e+04 2.150104614161123529e-01 2.919890760127446527e-01 5.334547109695039202e-01 1.703459262630860338e-01 4.210286754665453109e-03 0.000000000000000000e+00
5.400000000000000000e+04 2.160105100738616279e-01 2.898270368684570109e-01 5.361857077833409591e-01 1.702321347291761433e-01 3.755120619025944465e-03 0.000000000000000000e+00
5.425000000000000000e+04 2.170105587316109030e-01 2.938097405553026786e-01 5.333409194355940297e-01 1.676149294492489672e-01 5.234410559854347014e-03 0.000000000000000000e+00
5.450000000000000000e+04 2.180106073893604002e-01 2.906235776058261333e-01 5.390304961310878884e-01 1.656804733727810786e-01 4.665452890304961318e-03 0.000000000000000000e+00
5.475000000000000000e+04 2.190106560471096753e-01 2.885753299954483264e-01 5.395994538006372299e-01 1.672735548475193512e-01 4.551661356395083832e-03 0.000000000000000000e+00
5.500000000000000000e+04 2.200107047048591724e-01 2.877787892580792040e-01 5.416477014110150368e-01 1.664770141101502010e-01 4.096495220755575623e-03 0.000000000000000000e+00
5.525000000000000000e+04 2.210107533626084475e-01 2.893718707328175044e-01 5.424442421483841592e-01 1.624943104233045055e-01 5.689576695493855224e-03 0.000000000000000000e+00
5.550000000000000000e+04 2.220108020203577226e-01 2.930131998179335562e-01 5.362994993172508496e-01 1.640873918980427781e-01 6.599908966772872511e-03 0.000000000000000000e+00
5.575000000000000000e+04 2.230108506781072197e-01 2.949476558944014726e-01 5.368684569868001910e-01 1.635184342284934089e-01 4.665452890304961318e-03 0.000000000000000000e+00
5.600000000000000000e+04 2.240108993358564948e-01 2.955166135639508695e-01 5.349340009103322746e-01 1.657942649066909413e-01 3.755120619025944465e-03 0.000000000000000000e+00
5.625000000000000000e+04 2.250109479936057699e-01 2.976786527082385114e-01 5.339098771051433712e-01 1.635184342284934089e-01 4.893035958124715423e-03 0.000000000000000000e+00
5.650000000000000000e+04 2.260109966513552671e-01 2.950614474283113076e-01 5.356167501137915066e-01 1.636322257624032717e-01 5.689576695493855224e-03 0.000000000000000000e+00
5.675000000000000000e+04 2.270110453091045422e-01 2.957441966317705950e-01 5.369822485207100815e-01 1.618115612198452458e-01 5.461993627674101119e-03 0.000000000000000000e+00
