# itime ezz other fcc hcp bcc ico
0.000000000000000000e+00 0.000000000000000000e+00 1.593081474738279385e-03 9.984069185252617551e-01 0.000000000000000000e+00 0.000000000000000000e+00 0.000000000000000000e+00
2.500000000000000000e+01 9.999814411945084913e-04 1.137915339098771066e-04 9.998862084660901095e-01 0.000000000000000000e+00 0.000000000000000000e+00 0.000000000000000000e+00
5.000000000000000000e+01 1.999962882389239027e-03 9.103322712790168532e-04 9.990896677287209870e-01 0.000000000000000000e+00 0.000000000000000000e+00 0.000000000000000000e+00
7.500000000000000000e+01 2.999944323583747519e-03 1.251706873008648227e-03 9.987482931269913156e-01 0.000000000000000000e+00 0.000000000000000000e+00 0.000000000000000000e+00
1.000000000000000000e+02 3.999925764778478054e-03 1.479289940828402332e-03 9.985207100591716456e-01 0.000000000000000000e+00 0.000000000000000000e+00 0.000000000000000000e+00
1.250000000000000000e+02 4.999907205972986546e-03 2.275830678197542133e-04 9.997724169321802190e-01 0.000000000000000000e+00 0.000000000000000000e+00 0.000000000000000000e+00
1.500000000000000000e+02 5.999888647167717082e-03 7.965407373691396923e-04 9.992034592626308775e-01 0.000000000000000000e+00 0.000000000000000000e+00 0.000000000000000000e+00
1.750000000000000000e+02 6.999870088362225573e-03 6.827492034592626399e-04 9.993172507965407680e-01 0.000000000000000000e+00 0.000000000000000000e+00 0.000000000000000000e+00
2.000000000000000000e+02 7.999851529556734064e-03 7.965407373691396923e-04 9.992034592626308775e-01 0.000000000000000000e+00 0.000000000000000000e+00 0.000000000000000000e+00
2.250000000000000000e+02 8.999832970751464600e-03 4.551661356395084266e-04 9.995448338643604380e-01 0.000000000000000000e+00 0.000000000000000000e+00 0.000000000000000000e+00
2.500000000000000000e+02 9.999814411945973092e-03 6.827492034592626399e-04 9.993172507965407680e-01 0.000000000000000000e+00 0.000000000000000000e+00 0.000000000000000000e+00
2.750000000000000000e+02 1.099979585314070363e-02 5.689576695493854790e-04 9.993172507965407680e-01 0.000000000000000000e+00 1.137915339098771066e-04 0.000000000000000000e+00
3.000000000000000000e+02 1.199977729433521212e-02 1.593081474738279385e-03 9.984069185252617551e-01 0.000000000000000000e+00 0.000000000000000000e+00 0.000000000000000000e+00
3.250000000000000000e+02 1.299975873552994265e-02 1.706873008648156654e-03 9.982931269913518646e-01 0.000000000000000000e+00 0.000000000000000000e+00 0.000000000000000000e+00
3.500000000000000000e+02 1.399974017672445115e-02 2.389622212107419402e-03 9.976103777878926326e-01 0.000000000000000000e+00 0.000000000000000000e+00 0.000000000000000000e+00
3.750000000000000000e+02 1.499972161791918168e-02 1.024123805188893906e-03 9.989758761948110966e-01 0.000000000000000000e+00 0.000000000000000000e+00 0.000000000000000000e+00
4.000000000000000000e+02 1.599970305911369017e-02 1.024123805188893906e-03 9.989758761948110966e-01 0.000000000000000000e+00 0.000000000000000000e+00 0.000000000000000000e+00
4.250000000000000000e+02 1.699968450030819866e-02 2.275830678197541916e-03 9.976103777878926326e-01 0.000000000000000000e+00 1.137915339098771066e-04 0.000000000000000000e+00
4.500000000000000000e+02 1.799966594150292920e-02 1.251706873008648227e-03 9.987482931269913156e-01 0.000000000000000000e+00 0.000000000000000000e+00 0.000000000000000000e+00
4.750000000000000000e+02 1.899964738269743769e-02 1.593081474738279385e-03 9.984069185252617551e-01 0.000000000000000000e+00 0.000000000000000000e+00 0.000000000000000000e+00
5.000000000000000000e+02 1.999962882389216823e-02 1.251706873008648227e-03 9.987482931269913156e-01 0.000000000000000000e+00 0.000000000000000000e+00 0.000000000000000000e+00
5.250000000000000000e+02 2.099961026508667672e-02 1.251706873008648227e-03 9.987482931269913156e-01 0.000000000000000000e+00 0.000000000000000000e+00 0.000000000000000000e+00
5.500000000000000000e+02 2.199959170628140726e-02 1.706873008648156654e-03 9.982931269913518646e-01 0.000000000000000000e+00 0.000000000000000000e+00 0.000000000000000000e+00
5.750000000000000000e+02 2.299957314747591575e-02 2.730996813837050560e-03 9.972690031861629611e-01 0.000000000000000000e+00 0.000000000000000000e+00 0.000000000000000000e+00
6.000000000000000000e+02 2.399955458867042424e-02 2.617205279927173507e-03 9.972690031861629611e-01 0.000000000000000000e+00 1.137915339098771066e-04 0.000000000000000000e+00
6.250000000000000000e+02 2.499953602986515477e-02 4.779244424214838804e-03 9.952207555757851543e-01 0.000000000000000000e+00 0.000000000000000000e+00 0.000000000000000000e+00
6.500000000000000000e+02 2.599951747105966327e-02 4.324078288575329727e-03 9.954483386436049352e-01 0.000000000000000000e+00 2.275830678197542133e-04 0.000000000000000000e+00
6.750000000000000000e+02 2.699949891225439380e-02 2.389622212107419402e-03 9.976103777878926326e-01 0.000000000000000000e+00 0.000000000000000000e+00 0.000000000000000000e+00
7.000000000000000000e+02 2.799948035344890229e-02 2.275830678197541916e-03 9.976103777878926326e-01 0.000000000000000000e+00 1.137915339098771066e-04 0.000000000000000000e+00
7.250000000000000000e+02 2.899946179464363283e-02 3.299954483386436255e-03 9.967000455166135087e-01 0.000000000000000000e+00 0.000000000000000000e+00 0.000000000000000000e+00
7.500000000000000000e+02 2.999944323583814132e-02 4.665452890304961318e-03 9.951069640418752638e-01 0.000000000000000000e+00 2.275830678197542133e-04 0.000000000000000000e+00
7.750000000000000000e+02 3.099942467703287186e-02 2.162039144287664864e-03 9.976103777878926326e-01 0.000000000000000000e+00 2.275830678197542133e-04 0.000000000000000000e+00
8.000000000000000000e+02 3.199940611822738035e-02 2.617205279927173507e-03 9.973827947200728516e-01 0.000000000000000000e+00 0.000000000000000000e+00 0.000000000000000000e+00
8.250000000000000000e+02 3.299938755942188884e-02 4.210286754665453109e-03 9.956759217114247162e-01 0.000000000000000000e+00 1.137915339098771066e-04 0.000000000000000000e+00
8.500000000000000000e+02 3.399936900061661937e-02 5.917159763313609329e-03 9.940828402366863603e-01 0.000000000000000000e+00 0.000000000000000000e+00 0.000000000000000000e+00
8.750000000000000000e+02 3.499935044181112787e-02 3.868912152935821518e-03 9.961310878470641672e-01 0.000000000000000000e+00 0.000000000000000000e+00 0.000000000000000000e+00
9.000000000000000000e+02 3.599933188300585840e-02 5.575785161583977738e-03 9.941966317705962508e-01 0.000000000000000000e+00 2.275830678197542133e-04 0.000000000000000000e+00
9.250000000000000000e+02 3.699931332420036689e-02 6.030951297223486815e-03 9.938552571688666903e-01 0.000000000000000000e+00 1.137915339098771066e-04 0.000000000000000000e+00
9.500000000000000000e+02 3.799929476539509743e-02 5.348202093764223633e-03 9.944242148384160318e-01 0.000000000000000000e+00 2.275830678197542133e-04 0.000000000000000000e+00
9.750000000000000000e+02 3.899927620658960592e-02 8.648156577150659455e-03 9.907828857532999800e-01 0.000000000000000000e+00 5.689576695493854790e-04 0.000000000000000000e+00
1.000000000000000000e+03 3.999925764778411441e-02 7.851615839781519654e-03 9.919208010923987739e-01 0.000000000000000000e+00 2.275830678197542133e-04 0.000000000000000000e+00
1.025000000000000000e+03 4.099923908897884495e-02 7.737824305871643035e-03 9.921483841602184439e-01 0.000000000000000000e+00 1.137915339098771066e-04 0.000000000000000000e+00
1.050000000000000000e+03 4.199922053017335344e-02 6.713700500682749130e-03 9.931725079654073474e-01 0.000000000000000000e+00 1.137915339098771066e-04 0.000000000000000000e+00
1.075000000000000000e+03 4.299920197136808397e-02 6.827492034592626616e-03 9.929449248975875664e-01 0.000000000000000000e+00 2.275830678197542133e-04 0.000000000000000000e+00
1.100000000000000000e+03 4.399918341256259247e-02 1.001365498406918582e-02 9.894173873463814051e-01 0.000000000000000000e+00 5.689576695493854790e-04 0.000000000000000000e+00
1.125000000000000000e+03 4.499916485375732300e-02 8.648156577150659455e-03 9.911242603550295405e-01 0.000000000000000000e+00 2.275830678197542133e-04 0.000000000000000000e+00
1.150000000000000000e+03 4.599914629495183149e-02 1.115157032316795548e-02 9.886208466090122826e-01 0.000000000000000000e+00 2.275830678197542133e-04 0.000000000000000000e+00
1.175000000000000000e+03 4.699912773614633998e-02 1.149294492489758707e-02 9.882794720072826111e-01 0.000000000000000000e+00 2.275830678197542133e-04 0.000000000000000000e+00
1.200000000000000000e+03 4.799910917734107052e-02 8.761948111060537808e-03 9.907828857532999800e-01 0.000000000000000000e+00 4.551661356395084266e-04 0.000000000000000000e+00
1.225000000000000000e+03 4.899909061853557901e-02 1.285844333181611343e-02 9.865725989986344757e-01 0.000000000000000000e+00 5.689576695493854790e-04 0.000000000000000000e+00
1.250000000000000000e+03 4.999907205973030955e-02 1.570323167956303931e-02 9.838416021847974369e-01 0.000000000000000000e+00 4.551661356395084266e-04 0.000000000000000000e+00
1.275000000000000000e+03 5.099905350092481804e-02 1.775147928994082885e-02 9.812243969048702885e-01 0.000000000000000000e+00 1.024123805188893906e-03 0.000000000000000000e+00
1.300000000000000000e+03 5.199903494211954857e-02 1.627218934911242587e-02 9.830450614474283144e-01 0.000000000000000000e+00 6.827492034592626399e-04 0.000000000000000000e+00
1.325000000000000000e+03 5.299901638331405707e-02 1.649977241693217911e-02 9.828174783796085334e-01 0.000000000000000000e+00 6.827492034592626399e-04 0.000000000000000000e+00
1.350000000000000000e+03 5.399899782450878760e-02 1.445152480655439303e-02 9.852071005917160118e-01 0.000000000000000000e+00 3.413746017296313199e-04 0.000000000000000000e+00
1.375000000000000000e+03 5.499897926570329609e-02 2.127901684114701791e-02 9.780382339553936877e-01 0.000000000000000000e+00 6.827492034592626399e-04 0.000000000000000000e+00
1.400000000000000000e+03 5.599896070689780458e-02 2.116522530723714129e-02 9.779244424214837972e-01 0.000000000000000000e+00 9.103322712790168532e-04 0.000000000000000000e+00
1.425000000000000000e+03 5.699894214809253512e-02 1.752389622212107562e-02 9.817933545744196300e-01 0.000000000000000000e+00 6.827492034592626399e-04 0.000000000000000000e+00
1.450000000000000000e+03 5.799892358928704361e-02 1.877560309512972189e-02 9.803140646335912756e-01 0.000000000000000000e+00 9.103322712790168532e-04 0.000000000000000000e+00
1.475000000000000000e+03 5.899890503048177415e-02 2.230314064633591095e-02 9.764451524806554428e-01 0.000000000000000000e+00 1.251706873008648227e-03 0.000000000000000000e+00
1.500000000000000000e+03 5.999888647167628264e-02 2.605826126536185672e-02 9.734865725989986229e-01 0.000000000000000000e+00 4.551661356395084266e-04 0.000000000000000000e+00
1.525000000000000000e+03 6.099886791287101317e-02 1.809285389167045871e-02 9.808830223031406170e-01 0.000000000000000000e+00 1.024123805188893906e-03 0.000000000000000000e+00
1.550000000000000000e+03 6.199884935406552167e-02 3.152025489303595523e-02 9.672280382339554228e-01 0.000000000000000000e+00 1.251706873008648227e-03 0.000000000000000000e+00
1.575000000000000000e+03 6.299883079526003016e-02 3.345471096950387163e-02 9.648384160218479444e-01 0.000000000000000000e+00 1.706873008648156654e-03 0.000000000000000000e+00
1.600000000000000000e+03 6.399881223645476069e-02 3.629949931725079404e-02 9.619936276741010150e-01 0.000000000000000000e+00 1.706873008648156654e-03 0.000000000000000000e+00
1.625000000000000000e+03 6.499879367764926918e-02 3.026854802002730896e-02 9.685935366408738867e-01 0.000000000000000000e+00 1.137915339098770958e-03 0.000000000000000000e+00
1.650000000000000000e+03 6.599877511884399972e-02 4.301319981793354230e-02 9.545971779699590209e-01 0.000000000000000000e+00 2.389622212107419402e-03 0.000000000000000000e+00
1.675000000000000000e+03 6.699875656003850821e-02 3.994082840236686666e-02 9.583522985889849632e-01 0.000000000000000000e+00 1.706873008648156654e-03 0.000000000000000000e+00
1.700000000000000000e+03 6.799873800123323875e-02 4.096495220755575623e-02 9.573281747837960598e-01 0.000000000000000000e+00 1.706873008648156654e-03 0.000000000000000000e+00
1.725000000000000000e+03 6.899871944242774724e-02 4.050978607191624975e-02 9.569868001820664993e-01 0.000000000000000000e+00 2.503413746017296455e-03 0.000000000000000000e+00
1.750000000000000000e+03 6.999870088362225573e-02 5.143377332726445372e-02 9.452662721893491105e-01 0.000000000000000000e+00 3.299954483386436255e-03 0.000000000000000000e+00
1.775000000000000000e+03 7.099868232481698627e-02 5.439235320892125969e-02 9.409421939007738267e-01 0.000000000000000000e+00 4.665452890304961318e-03 0.000000000000000000e+00
1.800000000000000000e+03 7.199866376601149476e-02 5.097860719162494031e-02 9.466317705962676854e-01 0.000000000000000000e+00 2.389622212107419402e-03 0.000000000000000000e+00
1.825000000000000000e+03 7.299864520720622529e-02 5.086481565771506369e-02 9.466317705962676854e-01 0.000000000000000000e+00 2.503413746017296455e-03 0.000000000000000000e+00
1.850000000000000000e+03 7.399862664840073379e-02 6.133363677742376119e-02 9.342284934000910646e-01 0.000000000000000000e+00 4.437869822485207214e-03 0.000000000000000000e+00
1.875000000000000000e+03 7.499860808959546432e-02 6.383705052344106068e-02 9.321802457897132577e-01 0.000000000000000000e+00 3.982703686845699004e-03 0.000000000000000000e+00
1.900000000000000000e+03 7.599858953078997281e-02 6.019572143832498806e-02 9.345698680018206250e-01 0.000000000000000000e+00 5.234410559854347014e-03 0.000000000000000000e+00
1.925000000000000000e+03 7.699857097198470335e-02 7.862994993172507663e-02 9.145425580336823401e-01 0.000000000000000000e+00 6.827492034592626616e-03 0.000000000000000000e+00
1.950000000000000000e+03 7.799855241317921184e-02 8.238507055075101893e-02 9.111288120163859583e-01 0.000000000000000000e+00 6.486117432862995025e-03 0.000000000000000000e+00
1.975000000000000000e+03 7.899853385437372033e-02 8.864360491579426071e-02 9.031634046426946227e-01 0.000000000000000000e+00 8.192990441511151245e-03 0.000000000000000000e+00
2.000000000000000000e+03 7.999851529556845087e-02 9.979517523896222486e-02 8.906463359126081114e-01 0.000000000000000000e+00 9.558488848429677609e-03 0.000000000000000000e+00
2.025000000000000000e+03 8.099849673676295936e-02 8.978152025489304078e-02 9.004324078288575839e-01 0.000000000000000000e+00 9.786071916249430847e-03 0.000000000000000000e+00
2.050000000000000000e+03 8.199847817795768989e-02 1.090122894856622726e-01 8.819981793354574329e-01 0.000000000000000000e+00 8.989531178880291046e-03 0.000000000000000000e+00
2.075000000000000000e+03 8.299845961915219839e-02 1.091260810195721492e-01 8.784706417842512716e-01 0.000000000000000000e+00 1.240327719617660522e-02 0.000000000000000000e+00
2.100000000000000000e+03 8.399844106034692892e-02 1.127674101046882149e-01 8.750568957669548897e-01 1.137915339098771066e-04 1.206190259444697363e-02 0.000000000000000000e+00
2.125000000000000000e+03 8.499842250154143741e-02 1.324533454710969393e-01 8.510468821119708815e-01 0.000000000000000000e+00 1.649977241693217911e-02 0.000000000000000000e+00
2.150000000000000000e+03 8.599840394273594590e-02 1.453117888029130667e-01 8.355712335002275504e-01 0.000000000000000000e+00 1.911697769685935522e-02 0.000000000000000000e+00
2.175000000000000000e+03 8.699838538393067644e-02 1.627218934911242587e-01 8.171370050068275104e-01 0.000000000000000000e+00 2.014110150204824826e-02 0.000000000000000000e+00
2.200000000000000000e+03 8.799836682512518493e-02 1.677287209831588577e-01 8.076923076923077094e-01 0.000000000000000000e+00 2.457897132453345374e-02 0.000000000000000000e+00
2.225000000000000000e+03 8.899834826631991547e-02 1.657942649066909413e-01 8.063268092853891345e-01 1.137915339098771066e-04 2.776513427401001294e-02 0.000000000000000000e+00
2.250000000000000000e+03 8.999832970751442396e-02 1.828629949931725174e-01 7.844788347746927126e-01 0.000000000000000000e+00 3.265817023213472836e-02 0.000000000000000000e+00
2.275000000000000000e+03 9.099831114870915449e-02 1.847974510696404060e-01 7.793582157487483064e-01 0.000000000000000000e+00 3.584433318161128756e-02 0.000000000000000000e+00
2.300000000000000000e+03 9.199829258990366299e-02 2.124487938097405493e-01 7.459035047792443862e-01 3.413746017296313199e-04 4.130632680928538608e-02 0.000000000000000000e+00
2.325000000000000000e+03 9.299827403109839352e-02 2.258761948111060458e-01 7.228038233955393910e-01 1.137915339098771066e-04 5.120619025944470049e-02 0.000000000000000000e+00
2.350000000000000000e+03 9.399825547229290201e-02 2.383932635411925294e-01 6.979972690031861493e-01 1.137915339098771066e-04 6.349567592171143082e-02 0.000000000000000000e+00
2.375000000000000000e+03 9.499823691348741050e-02 2.486345015930814806e-01 6.728493400091033472e-01 5.689576695493854790e-04 7.794720072826581692e-02 0.000000000000000000e+00
2.400000000000000000e+03 9.599821835468214104e-02 2.855029585798816716e-01 6.324533454710969949e-01 5.689576695493854790e-04 8.147473827947200598e-02 0.000000000000000000e+00
2.425000000000000000e+03 9.699819979587664953e-02 3.041647701411014926e-01 5.875056895766954668e-01 2.617205279927173507e-03 1.057123350022758368e-01 0.000000000000000000e+00
2.450000000000000000e+03 9.799818123707138007e-02 3.086026399635867223e-01 5.621301775147928836e-01 2.617205279927173507e-03 1.266499772416932179e-01 0.000000000000000000e+00
2.475000000000000000e+03 9.899816267826588856e-02 3.207783340919435622e-01 5.203686845698679564e-01 4.551661356395083832e-03 1.543013199817933612e-01 0.000000000000000000e+00
2.500000000000000000e+03 9.999814411946061909e-02 3.372781065088757413e-01 4.726900318616295005e-01 7.851615839781519654e-03 1.821802457897132577e-01 0.000000000000000000e+00
2.525000000000000000e+03 1.009981255606551276e-01 3.560537096040054528e-01 4.300182066454255603e-01 8.875739644970414427e-03 2.050523441055985552e-01 0.000000000000000000e+00
2.550000000000000000e+03 1.019981070018496361e-01 3.706190259444697155e-01 3.870050068274920596e-01 1.069640418752844727e-02 2.316795630405097950e-01 0.000000000000000000e+00
2.575000000000000000e+03 1.029980884430443666e-01 3.549157942649067143e-01 3.677742375967227861e-01 1.376877560309512985e-02 2.635411925352753593e-01 0.000000000000000000e+00
2.600000000000000000e+03 1.039980698842388751e-01 3.670914883932635542e-01 3.466090122894856518e-01 1.445152480655439303e-02 2.718479745106964218e-01 0.000000000000000000e+00
2.625000000000000000e+03 1.049980513254336056e-01 3.765361857077833552e-01 3.235093309057806010e-01 2.127901684114701791e-02 2.786754665452890189e-01 0.000000000000000000e+00
2.650000000000000000e+03 1.059980327666281141e-01 3.765361857077833552e-01 3.046199362767409990e-01 2.332726445152480746e-02 2.955166135639508695e-01 0.000000000000000000e+00
2.675000000000000000e+03 1.069980142078228447e-01 3.802913063268092975e-01 2.915339098771051463e-01 2.560309512972235024e-02 3.025716886663632477e-01 0.000000000000000000e+00
2.700000000000000000e+03 1.079979956490173532e-01 3.956531634046426826e-01 2.786754665452890189e-01 3.584433318161128756e-02 2.898270368684570109e-01 0.000000000000000000e+00
2.725000000000000000e+03 1.089979770902118617e-01 3.998634501593081314e-01 2.674101046882111921e-01 3.982703686845699004e-02 2.928994082840236657e-01 0.000000000000000000e+00
2.750000000000000000e+03 1.099979585314065922e-01 4.062357760582612776e-01 2.676376877560309731e-01 4.380974055530268557e-02 2.823167956304050707e-01 0.000000000000000000e+00
2.775000000000000000e+03 1.109979399726011007e-01 3.988393263541192280e-01 2.633136094674556338e-01 5.166135639508420696e-02 2.861857077833409035e-01 0.000000000000000000e+00
2.800000000000000000e+03 1.119979214137958312e-01 4.017979062357760478e-01 2.529585798816568198e-01 5.598543468365953235e-02 2.892580791989076139e-01 0.000000000000000000e+00
2.825000000000000000e+03 1.129979028549903397e-01 4.023668639053254448e-01 2.510241238051889034e-01 5.974055530268548159e-02 2.868684569868001910e-01 0.000000000000000000e+00
2.850000000000000000e+03 1.139978842961850702e-01 3.964497041420118606e-01 2.387346381429221731e-01 6.770596267637687959e-02 2.971096950386891145e-01 0.000000000000000000e+00
2.875000000000000000e+03 1.149978657373795787e-01 4.120391442876649712e-01 2.290623577605826189e-01 7.180245789713245175e-02 2.870960400546199165e-01 0.000000000000000000e+00
2.900000000000000000e+03 1.159978471785743093e-01 4.198907601274465273e-01 2.119936276741010428e-01 6.690942193900774326e-02 3.012061902594446727e-01 0.000000000000000000e+00
2.925000000000000000e+03 1.169978286197688178e-01 4.165908056440600915e-01 2.059626763768775681e-01 6.827492034592626269e-02 3.091715976331361193e-01 0.000000000000000000e+00
2.950000000000000000e+03 1.179978100609633263e-01 4.318388711879836417e-01 1.877560309512972259e-01 6.224396904870277414e-02 3.181611288120163583e-01 0.000000000000000000e+00
2.975000000000000000e+03 1.189977915021580568e-01 4.142011834319526686e-01 1.812699135184342170e-01 6.759217114246700298e-02 3.369367319071461253e-01 0.000000000000000000e+00
3.000000000000000000e+03 1.199977729433525653e-01 4.215976331360946627e-01 1.679563040509786109e-01 6.793354574419663283e-02 3.425125170687300935e-01 0.000000000000000000e+00
3.025000000000000000e+03 1.209977543845472958e-01 4.286527082385070408e-01 1.615839781520254925e-01 7.214383249886208160e-02 3.376194811106053573e-01 0.000000000000000000e+00
3.050000000000000000e+03 1.219977358257418043e-01 4.382111970869367323e-01 1.498634501593081592e-01 7.191624943104232837e-02 3.400091033227127801e-01 0.000000000000000000e+00
3.075000000000000000e+03 1.229977172669365348e-01 4.400318616294947582e-01 1.473600364132908458e-01 7.282658170232134132e-02 3.397815202548930547e-01 0.000000000000000000e+00
3.100000000000000000e+03 1.239976987081310433e-01 4.275147928994083024e-01 1.416704597177969871e-01 7.248520710059171146e-02 3.583295402822029851e-01 0.000000000000000000e+00
3.125000000000000000e+03 1.249976801493255518e-01 4.376422394173873354e-01 1.324533454710969393e-01 7.669549385525717411e-02 3.532089212562585234e-01 0.000000000000000000e+00
3.150000000000000000e+03 1.259976615905202824e-01 4.442421483841602070e-01 1.214155666818388657e-01 7.578516158397814728e-02 3.585571233500227661e-01 0.000000000000000000e+00
3.175000000000000000e+03 1.269976430317147909e-01 4.533454710969503920e-01 1.175466545289030468e-01 7.055075102412380894e-02 3.585571233500227661e-01 0.000000000000000000e+00
3.200000000000000000e+03 1.279976244729095214e-01 4.495903504779244497e-01 1.123122439690487084e-01 7.703686845698680397e-02 3.610605370960400795e-01 0.000000000000000000e+00
3.225000000000000000e+03 1.289976059141040299e-01 4.436731907146108100e-01 1.107191624943104219e-01 7.294037323623121793e-02 3.726672735548475224e-01 0.000000000000000000e+00
3.250000000000000000e+03 1.299975873552987604e-01 4.540282203004096240e-01 1.000227583067819781e-01 7.669549385525717411e-02 3.692535275375511961e-01 0.000000000000000000e+00
3.275000000000000000e+03 1.309975687964932689e-01 4.596040054619936477e-01 1.050295857988165632e-01 7.783340919435594030e-02 3.575329995448338627e-01 0.000000000000000000e+00
3.300000000000000000e+03 1.319975502376877774e-01 4.473145197997269173e-01 1.008192990441511144e-01 7.931269913518433634e-02 3.725534820209376319e-01 0.000000000000000000e+00
3.325000000000000000e+03 1.329975316788825079e-01 4.593764223941738667e-01 1.001365498406918547e-01 7.828857532999544677e-02 3.621984524351388179e-01 0.000000000000000000e+00
3.350000000000000000e+03 1.339975131200770164e-01 4.626763768775603025e-01 9.695038689121529552e-02 8.602639963586708460e-02 3.543468365953573174e-01 0.000000000000000000e+00
3.375000000000000000e+03 1.349974945612717470e-01 4.738279472007282389e-01 9.421939007737824279e-02 8.181611288120163583e-02 3.501365498406918686e-01 0.000000000000000000e+00
3.400000000000000000e+03 1.359974760024662555e-01 4.705279927173418031e-01 9.023668639053254725e-02 8.113336367774237612e-02 3.581019572143832597e-01 0.000000000000000000e+00
3.425000000000000000e+03 1.369974574436609860e-01 4.729176149294492260e-01 8.864360491579426071e-02 8.067819754210286964e-02 3.577605826126536437e-01 0.000000000000000000e+00
3.450000000000000000e+03 1.379974388848554945e-01 4.756486117432863203e-01 9.194355939918069653e-02 8.329540282203004575e-02 3.491124260355029651e-01 0.000000000000000000e+00
3.475000000000000000e+03 1.389974203260502250e-01 4.764451524806554428e-01 8.409194355939918208e-02 8.386436049157942885e-02 3.555985434683659463e-01 0.000000000000000000e+00
3.500000000000000000e+03 1.399974017672447335e-01 4.883932635411925571e-01 8.284023668639053928e-02 8.033682294037323979e-02 3.484296768320436777e-01 0.000000000000000000e+00
3.525000000000000000e+03 1.409973832084392420e-01 4.706417842512516936e-01 8.511606736458807165e-02 8.397815202548930547e-02 3.602639963586709015e-01 0.000000000000000000e+00
3.550000000000000000e+03 1.419973646496339725e-01 4.987482931269913711e-01 7.476103777878925771e-02 8.079198907601274626e-02 3.456986800182066388e-01 0.000000000000000000e+00
3.575000000000000000e+03 1.429973460908284810e-01 4.890760127446517891e-01 6.861629494765589254e-02 8.477469276285844180e-02 3.575329995448338627e-01 0.000000000000000000e+00
3.600000000000000000e+03 1.439973275320232116e-01 4.951069640418752638e-01 6.440600819299044377e-02 8.101957214383249950e-02 3.594674556213017791e-01 0.000000000000000000e+00
3.625000000000000000e+03 1.449973089732177201e-01 5.025034137460172579e-01 6.213017751479289752e-02 8.340919435593992237e-02 3.519572143832498945e-01 0.000000000000000000e+00
3.650000000000000000e+03 1.459972904144124506e-01 5.108101957214383759e-01 5.826126536185707860e-02 8.966772872098316416e-02 3.412608101957214646e-01 0.000000000000000000e+00
3.675000000000000000e+03 1.469972718556069591e-01 5.153618570778334407e-01 6.121984524351388457e-02 9.251251706873007963e-02 3.309057806099225951e-01 0.000000000000000000e+00
3.700000000000000000e+03 1.479972532968014676e-01 5.154756486117433312e-01 5.769230769230769551e-02 8.989531178880291740e-02 3.369367319071461253e-01 0.000000000000000000e+00
3.725000000000000000e+03 1.489972347379961981e-01 5.221893491124259823e-01 5.461993627674101293e-02 8.796085571233500100e-02 3.352298588984979344e-01 0.000000000000000000e+00
3.750000000000000000e+03 1.499972161791907066e-01 5.327719617660445772e-01 5.314064633591260994e-02 8.750568957669549452e-02 3.265817023213473114e-01 0.000000000000000000e+00
3.775000000000000000e+03 1.509971976203854371e-01 5.384615384615384359e-01 5.234410559854346667e-02 9.592626308602640595e-02 3.132680928538916776e-01 0.000000000000000000e+00
3.800000000000000000e+03 1.519971790615799456e-01 5.304961310878471004e-01 4.995448338643605074e-02 9.820209376422393832e-02 3.213472917614929592e-01 0.000000000000000000e+00
3.825000000000000000e+03 1.529971605027746762e-01 5.347064178425124936e-01 4.790623577605826466e-02 9.467455621301774926e-02 3.227127901684114786e-01 0.000000000000000000e+00
3.850000000000000000e+03 1.539971419439691847e-01 5.333409194355940297e-01 4.608557123350022489e-02 1.016158397815202508e-01 3.189576695493855363e-01 0.000000000000000000e+00
3.875000000000000000e+03 1.549971233851639152e-01 5.400546199362767918e-01 4.676832043695949154e-02 9.945380063723259501e-02 3.137232589895311841e-01 0.000000000000000000e+00
3.900000000000000000e+03 1.559971048263584237e-01 5.556440600819299025e-01 4.085116067364587961e-02 1.020710059171597572e-01 3.014337733272644537e-01 0.000000000000000000e+00
3.925000000000000000e+03 1.569970862675529322e-01 5.490441511151570309e-01 4.187528447883477611e-02 1.126536185707783383e-01 2.964269458352298825e-01 0.000000000000000000e+00
3.950000000000000000e+03 1.579970677087476627e-01 5.608784706417841992e-01 4.085116067364587961e-02 1.123122439690487084e-01 2.859581247155211781e-01 0.000000000000000000e+00
3.975000000000000000e+03 1.589970491499421712e-01 5.524578971324533017e-01 4.096495220755575623e-02 1.142467000455166110e-01 2.923304506144742687e-01 0.000000000000000000e+00
4.000000000000000000e+03 1.599970305911369017e-01 5.564406008192990249e-01 3.812016385980882688e-02 1.165225307237141572e-01 2.889167045971779424e-01 0.000000000000000000e+00
4.025000000000000000e+03 1.609970120323314102e-01 5.654301319981793750e-01 4.016841147018661989e-02 1.177742375967228000e-01 2.766272189349112676e-01 0.000000000000000000e+00
4.050000000000000000e+03 1.619969934735261408e-01 5.834091943559399640e-01 3.823395539371871044e-02 1.169776968593536637e-01 2.613791533909877174e-01 0.000000000000000000e+00
4.075000000000000000e+03 1.629969749147206493e-01 5.795402822030041312e-01 3.903049613108784677e-02 1.265361857077833274e-01 2.548930359581247362e-01 0.000000000000000000e+00
4.100000000000000000e+03 1.639969563559151577e-01 5.685025034137459743e-01 3.812016385980882688e-02 1.380291306326809353e-01 2.553482020937642427e-01 0.000000000000000000e+00
4.125000000000000000e+03 1.649969377971098883e-01 5.638370505234410190e-01 4.050978607191624975e-02 1.370050068274920319e-01 2.586481565771506785e-01 0.000000000000000000e+00
4.150000000000000000e+03 1.659969192383043968e-01 5.736231224396904915e-01 3.880291306326809353e-02 1.495220755575785154e-01 2.380518889394629134e-01 0.000000000000000000e+00
4.175000000000000000e+03 1.669969006794991273e-01 5.879608557123350288e-01 4.062357760582612637e-02 1.573736913973600438e-01 2.140418752844788219e-01 0.000000000000000000e+00
4.200000000000000000e+03 1.679968821206936358e-01 5.756713700500682984e-01 4.335457441966317910e-02 1.569185252617205373e-01 2.240555302685480199e-01 0.000000000000000000e+00
4.225000000000000000e+03 1.689968635618883663e-01 5.789713245334546787e-01 3.868912152935821691e-02 1.579426490669094130e-01 2.243969048702776636e-01 0.000000000000000000e+00
4.250000000000000000e+03 1.699968450030828748e-01 5.984296768320437332e-01 3.823395539371871044e-02 1.587391898042785632e-01 2.045971779699590487e-01 0.000000000000000000e+00
4.275000000000000000e+03 1.709968264442773833e-01 5.926263086026399840e-01 4.039599453800637313e-02 1.684114701866181174e-01 1.985662266727355463e-01 0.000000000000000000e+00
4.300000000000000000e+03 1.719968078854721139e-01 5.847746927628584279e-01 4.255803368229403583e-02 1.721665908056440597e-01 2.005006827492034627e-01 0.000000000000000000e+00
4.325000000000000000e+03 1.729967893266666223e-01 5.860263996358671124e-01 4.198907601274465273e-02 1.775147928994082747e-01 1.944697314519799602e-01 0.000000000000000000e+00
4.350000000000000000e+03 1.739967707678613529e-01 5.817023213472917176e-01 4.403732362312243881e-02 1.849112426035502965e-01 1.893491124260354985e-01 0.000000000000000000e+00
4.375000000000000000e+03 1.749967522090558614e-01 5.894401456531633832e-01 4.369594902139280895e-02 1.862767410104688159e-01 1.805871643149749572e-01 0.000000000000000000e+00
4.400000000000000000e+03 1.759967336502505919e-01 6.062812926718251783e-01 4.255803368229403583e-02 1.893491124260354985e-01 1.618115612198452458e-01 0.000000000000000000e+00
4.425000000000000000e+03 1.769967150914451004e-01 6.059399180700956178e-01 4.608557123350022489e-02 1.975421028675466428e-01 1.504324078288575284e-01 0.000000000000000000e+00
4.450000000000000000e+03 1.779966965326398309e-01 5.872781065088756858e-01 4.779244424214838111e-02 2.040282203004096517e-01 1.609012289485662328e-01 0.000000000000000000e+00
4.475000000000000000e+03 1.789966779738343394e-01 5.936504324078288874e-01 4.733727810650887463e-02 2.041420118343195145e-01 1.548702776513427304e-01 0.000000000000000000e+00
4.500000000000000000e+03 1.799966594150288479e-01 5.953573054164770229e-01 4.881656804733727761e-02 2.094902139280837572e-01 1.463359126081019701e-01 0.000000000000000000e+00
4.525000000000000000e+03 1.809966408562235785e-01 5.966090122894857073e-01 5.325443786982248656e-02 2.081247155211652378e-01 1.420118343195266308e-01 0.000000000000000000e+00
4.550000000000000000e+03 1.819966222974180869e-01 5.928538916704597650e-01 5.564406008192990249e-02 2.118798361401911801e-01 1.396222121074192080e-01 0.000000000000000000e+00
4.575000000000000000e+03 1.829966037386128175e-01 6.086709148839326566e-01 5.348202093764223980e-02 2.154073736913973691e-01 1.224396904870277691e-01 0.000000000000000000e+00
4.600000000000000000e+03 1.839965851798073260e-01 5.908056440600819581e-01 5.678197542102867562e-02 2.248520710059171701e-01 1.275603095129722309e-01 0.000000000000000000e+00
4.625000000000000000e+03 1.849965666210020565e-01 5.950159308147473514e-01 5.974055530268548159e-02 2.259899863450159363e-01 1.192535275375512099e-01 0.000000000000000000e+00
4.650000000000000000e+03 1.859965480621965650e-01 5.839781520254893055e-01 6.338188438780155420e-02 2.354346836595357373e-01 1.172052799271734169e-01 0.000000000000000000e+00
4.675000000000000000e+03 1.869965295033910735e-01 5.812471552116522666e-01 6.292671825216203385e-02 2.435138825671370189e-01 1.123122439690487084e-01 0.000000000000000000e+00
4.700000000000000000e+03 1.879965109445858040e-01 5.827264451524806210e-01 6.349567592171143082e-02 2.493172507965407403e-01 1.044606281292671801e-01 0.000000000000000000e+00
4.725000000000000000e+03 1.889964923857803125e-01 5.790851160673645692e-01 6.713700500682749650e-02 2.469276285844333174e-01 1.068502503413746030e-01 0.000000000000000000e+00
4.750000000000000000e+03 1.899964738269750431e-01 5.831816112881201830e-01 6.975421028675465873e-02 2.525034137460173134e-01 9.456076467910787264e-02 0.000000000000000000e+00
4.775000000000000000e+03 1.909964552681695515e-01 5.814747382794720476e-01 6.827492034592626269e-02 2.512517068730086289e-01 9.899863450159307465e-02 0.000000000000000000e+00
4.800000000000000000e+03 1.919964367093642821e-01 5.780609922621756658e-01 6.656804733727811341e-02 2.587619481110605135e-01 9.660901228948566566e-02 0.000000000000000000e+00
4.825000000000000000e+03 1.929964181505587906e-01 5.748748293126991760e-01 6.474738279472007363e-02 2.596722803823395265e-01 1.007055075102412378e-01 0.000000000000000000e+00
4.850000000000000000e+03 1.939963995917535211e-01 5.753299954483386269e-01 6.679563040509786664e-02 2.705962676376877374e-01 8.727810650887574129e-02 0.000000000000000000e+00
4.875000000000000000e+03 1.949963810329480296e-01 5.785161583978152278e-01 6.588529813381883982e-02 2.732134729176149412e-01 8.238507055075101893e-02 0.000000000000000000e+00
4.900000000000000000e+03 1.959963624741425381e-01 5.755575785161584079e-01 6.474738279472007363e-02 2.752617205279926926e-01 8.443331816112881194e-02 0.000000000000000000e+00
4.925000000000000000e+03 1.969963439153372686e-01 5.855712335002275504e-01 6.178880291306326766e-02 2.697997269003186149e-01 8.284023668639053928e-02 0.000000000000000000e+00
4.950000000000000000e+03 1.979963253565317771e-01 5.700955848884843302e-01 6.133363677742376119e-02 2.827719617660446327e-01 8.579881656804733137e-02 0.000000000000000000e+00
4.975000000000000000e+03 1.989963067977265077e-01 5.751024123805188459e-01 6.383705052344106068e-02 2.835685025034137552e-01 7.749203459262631044e-02 0.000000000000000000e+00
5.000000000000000000e+03 1.999962882389210161e-01 5.739644970414201630e-01 6.565771506599908658e-02 2.842512517068729871e-01 7.612653618570777714e-02 0.000000000000000000e+00
5.025000000000000000e+03 2.009962696801157467e-01 5.697542102867546587e-01 6.577150659990896320e-02 2.889167045971779424e-01 7.555757851615839404e-02 0.000000000000000000e+00
5.050000000000000000e+03 2.019962511213102552e-01 5.685025034137459743e-01 6.577150659990896320e-02 2.940373236231224596e-01 7.168866636322257513e-02 0.000000000000000000e+00
5.075000000000000000e+03 2.029962325625047637e-01 5.638370505234410190e-01 6.713700500682749650e-02 2.992717341829768118e-01 6.975421028675465873e-02 0.000000000000000000e+00
5.100000000000000000e+03 2.039962140036994942e-01 5.599681383705051863e-01 6.793354574419663283e-02 2.974510696404187304e-01 7.464724624487938109e-02 0.000000000000000000e+00
5.125000000000000000e+03 2.049961954448940027e-01 5.719162494310423561e-01 6.656804733727811341e-02 2.924442421483841592e-01 6.907146108329539902e-02 0.000000000000000000e+00
5.150000000000000000e+03 2.059961768860887332e-01 5.601957214383249672e-01 6.793354574419663283e-02 2.979062357760582369e-01 7.396449704142012138e-02 0.000000000000000000e+00
5.175000000000000000e+03 2.069961583272832417e-01 5.736231224396904915e-01 6.656804733727811341e-02 2.958579881656804855e-01 6.395084205735093730e-02 0.000000000000000000e+00
5.200000000000000000e+03 2.079961397684779723e-01 5.663404642694583879e-01 6.861629494765589254e-02 2.996131087847064278e-01 6.543013199817933334e-02 0.000000000000000000e+00
5.225000000000000000e+03 2.089961212096724807e-01 5.621301775147928836e-01 6.713700500682749650e-02 2.996131087847064278e-01 7.111970869367319203e-02 0.000000000000000000e+00
5.250000000000000000e+03 2.099961026508669892e-01 5.681611288120164138e-01 6.565771506599908658e-02 3.040509786071916021e-01 6.213017751479289752e-02 0.000000000000000000e+00
5.275000000000000000e+03 2.109960840920617198e-01 5.702093764223942207e-01 6.565771506599908658e-02 2.989303595812471404e-01 6.520254893035958010e-02 0.000000000000000000e+00
5.300000000000000000e+03 2.119960655332562283e-01 5.718024578971324656e-01 6.645425580336822291e-02 2.976786527082385114e-01 6.406463359126081392e-02 0.000000000000000000e+00
5.325000000000000000e+03 2.129960469744509588e-01 5.718024578971324656e-01 6.429221665908056715e-02 3.023441055985434667e-01 6.156121984524351443e-02 0.000000000000000000e+00
5.350000000000000000e+03 2.139960284156454673e-01 5.777196176604461053e-01 6.543013199817933334e-02 3.030268548020027541e-01 5.382339553937186966e-02 0.000000000000000000e+00
5.375000000000000000e+03 2.149960098568401978e-01 5.749886208466090665e-01 6.588529813381883982e-02 3.001820664542558248e-01 5.894401456531633832e-02 0.000000000000000000e+00
5.400000000000000000e+03 2.159959912980347063e-01 5.769230769230768718e-01 6.781975421028675621e-02 2.987027765134274149e-01 5.655439235320892238e-02 0.000000000000000000e+00
5.425000000000000000e+03 2.169959727392294369e-01 5.794264906690942407e-01 6.759217114246700298e-02 2.984751934456076339e-01 5.450614474283113631e-02 0.000000000000000000e+00
5.450000000000000000e+03 2.179959541804239453e-01 5.791989076012744597e-01 6.679563040509786664e-02 2.993855257168866468e-01 5.461993627674101293e-02 0.000000000000000000e+00
5.475000000000000000e+03 2.189959356216184538e-01 5.842057350933090865e-01 6.645425580336822291e-02 3.064406008192990249e-01 4.289940828402366568e-02 0.000000000000000000e+00
5.500000000000000000e+03 2.199959170628131844e-01 5.837505689576695245e-01 6.679563040509786664e-02 3.012061902594446727e-01 4.824761037778789452e-02 0.000000000000000000e+00
5.525000000000000000e+03 2.209958985040076929e-01 5.895539371870732737e-01 6.326809285389166371e-02 3.000682749203459343e-01 4.710969503868912139e-02 0.000000000000000000e+00
5.550000000000000000e+03 2.219958799452024234e-01 5.884160218479744797e-01 6.474738279472007363e-02 3.002958579881656598e-01 4.654073736913973830e-02 0.000000000000000000e+00
5.575000000000000000e+03 2.229958613863969319e-01 5.807919890760127046e-01 6.827492034592626269e-02 3.035958124715520956e-01 4.733727810650887463e-02 0.000000000000000000e+00
5.600000000000000000e+03 2.239958428275916624e-01 5.881884387801548097e-01 6.838871187983613931e-02 2.994993172507965373e-01 4.380974055530268557e-02 1.137915339098771066e-04
5.625000000000000000e+03 2.249958242687861709e-01 5.812471552116522666e-01 6.918525261720527564e-02 3.006372325898953313e-01 4.881656804733727761e-02 1.137915339098771066e-04
5.650000000000000000e+03 2.259958057099806794e-01 5.823850705507510606e-01 7.282658170232134132e-02 3.032544378698224796e-01 4.153390987710514626e-02 0.000000000000000000e+00
5.675000000000000000e+03 2.269957871511754099e-01 5.749886208466090665e-01 7.191624943104232837e-02 3.093991807009558448e-01 4.358215748748293233e-02 1.137915339098771066e-04
