# itime ezz other fcc hcp bcc ico
0.000000000000000000e+00 0.000000000000000000e+00 0.000000000000000000e+00 1.000000000000000000e+00 0.000000000000000000e+00 0.000000000000000000e+00 0.000000000000000000e+00
4.000000000000000000e+03 9.999770601691881922e-04 0.000000000000000000e+00 1.000000000000000000e+00 0.000000000000000000e+00 0.000000000000000000e+00 0.000000000000000000e+00
8.000000000000000000e+03 1.999954120338154340e-03 0.000000000000000000e+00 1.000000000000000000e+00 0.000000000000000000e+00 0.000000000000000000e+00 0.000000000000000000e+00
1.200000000000000000e+04 2.999931180507342532e-03 0.000000000000000000e+00 1.000000000000000000e+00 0.000000000000000000e+00 0.000000000000000000e+00 0.000000000000000000e+00
1.600000000000000000e+04 3.999908240676530724e-03 0.000000000000000000e+00 1.000000000000000000e+00 0.000000000000000000e+00 0.000000000000000000e+00 0.000000000000000000e+00
2.000000000000000000e+04 4.999885300845718916e-03 0.000000000000000000e+00 1.000000000000000000e+00 0.000000000000000000e+00 0.000000000000000000e+00 0.000000000000000000e+00
2.400000000000000000e+04 5.999862361014685064e-03 0.000000000000000000e+00 1.000000000000000000e+00 0.000000000000000000e+00 0.000000000000000000e+00 0.000000000000000000e+00
2.800000000000000000e+04 6.999839421183873256e-03 0.000000000000000000e+00 1.000000000000000000e+00 0.000000000000000000e+00 0.000000000000000000e+00 0.000000000000000000e+00
3.200000000000000000e+04 7.999816481353061448e-03 0.000000000000000000e+00 1.000000000000000000e+00 0.000000000000000000e+00 0.000000000000000000e+00 0.000000000000000000e+00
3.600000000000000000e+04 8.999793541522027596e-03 0.000000000000000000e+00 1.000000000000000000e+00 0.000000000000000000e+00 0.000000000000000000e+00 0.000000000000000000e+00
4.000000000000000000e+04 9.999770601691215788e-03 0.000000000000000000e+00 1.000000000000000000e+00 0.000000000000000000e+00 0.000000000000000000e+00 0.000000000000000000e+00
4.400000000000000000e+04 1.099974766186040398e-02 0.000000000000000000e+00 1.000000000000000000e+00 0.000000000000000000e+00 0.000000000000000000e+00 0.000000000000000000e+00
4.800000000000000000e+04 1.199972472202959217e-02 0.000000000000000000e+00 1.000000000000000000e+00 0.000000000000000000e+00 0.000000000000000000e+00 0.000000000000000000e+00
5.200000000000000000e+04 1.299970178219855832e-02 0.000000000000000000e+00 1.000000000000000000e+00 0.000000000000000000e+00 0.000000000000000000e+00 0.000000000000000000e+00
5.600000000000000000e+04 1.399967884236774651e-02 0.000000000000000000e+00 1.000000000000000000e+00 0.000000000000000000e+00 0.000000000000000000e+00 0.000000000000000000e+00
6.000000000000000000e+04 1.499965590253693470e-02 0.000000000000000000e+00 1.000000000000000000e+00 0.000000000000000000e+00 0.000000000000000000e+00 0.000000000000000000e+00
6.400000000000000000e+04 1.599963296270590085e-02 0.000000000000000000e+00 1.000000000000000000e+00 0.000000000000000000e+00 0.000000000000000000e+00 0.000000000000000000e+00
6.800000000000000000e+04 1.699961002287508904e-02 0.000000000000000000e+00 1.000000000000000000e+00 0.000000000000000000e+00 0.000000000000000000e+00 0.000000000000000000e+00
7.200000000000000000e+04 1.799958708304427724e-02 0.000000000000000000e+00 1.000000000000000000e+00 0.000000000000000000e+00 0.000000000000000000e+00 0.000000000000000000e+00
7.600000000000000000e+04 1.899956414321346543e-02 0.000000000000000000e+00 1.000000000000000000e+00 0.000000000000000000e+00 0.000000000000000000e+00 0.000000000000000000e+00
8.000000000000000000e+04 1.999954120338243158e-02 0.000000000000000000e+00 1.000000000000000000e+00 0.000000000000000000e+00 0.000000000000000000e+00 0.000000000000000000e+00
8.400000000000000000e+04 2.099951826355161977e-02 0.000000000000000000e+00 1.000000000000000000e+00 0.000000000000000000e+00 0.000000000000000000e+00 0.000000000000000000e+00
8.800000000000000000e+04 2.199949532372080796e-02 0.000000000000000000e+00 1.000000000000000000e+00 0.000000000000000000e+00 0.000000000000000000e+00 0.000000000000000000e+00
9.200000000000000000e+04 2.299947238388977411e-02 0.000000000000000000e+00 1.000000000000000000e+00 0.000000000000000000e+00 0.000000000000000000e+00 0.000000000000000000e+00
9.600000000000000000e+04 2.399944944405896230e-02 0.000000000000000000e+00 1.000000000000000000e+00 0.000000000000000000e+00 0.000000000000000000e+00 0.000000000000000000e+00
1.000000000000000000e+05 2.499942650422815049e-02 0.000000000000000000e+00 1.000000000000000000e+00 0.000000000000000000e+00 0.000000000000000000e+00 0.000000000000000000e+00
1.040000000000000000e+05 2.599940356439733868e-02 0.000000000000000000e+00 1.000000000000000000e+00 0.000000000000000000e+00 0.000000000000000000e+00 0.000000000000000000e+00
1.080000000000000000e+05 2.699938062456630483e-02 0.000000000000000000e+00 1.000000000000000000e+00 0.000000000000000000e+00 0.000000000000000000e+00 0.000000000000000000e+00
1.120000000000000000e+05 2.799935768473549302e-02 0.000000000000000000e+00 1.000000000000000000e+00 0.000000000000000000e+00 0.000000000000000000e+00 0.000000000000000000e+00
1.160000000000000000e+05 2.899933474490468122e-02 0.000000000000000000e+00 1.000000000000000000e+00 0.000000000000000000e+00 0.000000000000000000e+00 0.000000000000000000e+00
1.200000000000000000e+05 2.999931180507364736e-02 0.000000000000000000e+00 1.000000000000000000e+00 0.000000000000000000e+00 0.000000000000000000e+00 0.000000000000000000e+00
1.240000000000000000e+05 3.099928886524283556e-02 0.000000000000000000e+00 1.000000000000000000e+00 0.000000000000000000e+00 0.000000000000000000e+00 0.000000000000000000e+00
1.280000000000000000e+05 3.199926592541202375e-02 0.000000000000000000e+00 1.000000000000000000e+00 0.000000000000000000e+00 0.000000000000000000e+00 0.000000000000000000e+00
1.320000000000000000e+05 3.299924298558121194e-02 0.000000000000000000e+00 1.000000000000000000e+00 0.000000000000000000e+00 0.000000000000000000e+00 0.000000000000000000e+00
1.360000000000000000e+05 3.399922004575017809e-02 0.000000000000000000e+00 1.000000000000000000e+00 0.000000000000000000e+00 0.000000000000000000e+00 0.000000000000000000e+00
1.400000000000000000e+05 3.499919710591936628e-02 0.000000000000000000e+00 1.000000000000000000e+00 0.000000000000000000e+00 0.000000000000000000e+00 0.000000000000000000e+00
1.440000000000000000e+05 3.599917416608855447e-02 0.000000000000000000e+00 1.000000000000000000e+00 0.000000000000000000e+00 0.000000000000000000e+00 0.000000000000000000e+00
1.480000000000000000e+05 3.699915122625752062e-02 0.000000000000000000e+00 1.000000000000000000e+00 0.000000000000000000e+00 0.000000000000000000e+00 0.000000000000000000e+00
1.520000000000000000e+05 3.799912828642670881e-02 0.000000000000000000e+00 1.000000000000000000e+00 0.000000000000000000e+00 0.000000000000000000e+00 0.000000000000000000e+00
1.560000000000000000e+05 3.899910534659589700e-02 0.000000000000000000e+00 1.000000000000000000e+00 0.000000000000000000e+00 0.000000000000000000e+00 0.000000000000000000e+00
1.600000000000000000e+05 3.999908240676508520e-02 0.000000000000000000e+00 1.000000000000000000e+00 0.000000000000000000e+00 0.000000000000000000e+00 0.000000000000000000e+00
1.640000000000000000e+05 4.099905946693405134e-02 0.000000000000000000e+00 1.000000000000000000e+00 0.000000000000000000e+00 0.000000000000000000e+00 0.000000000000000000e+00
1.680000000000000000e+05 4.199903652710323954e-02 0.000000000000000000e+00 1.000000000000000000e+00 0.000000000000000000e+00 0.000000000000000000e+00 0.000000000000000000e+00
1.720000000000000000e+05 4.299901358727242773e-02 0.000000000000000000e+00 1.000000000000000000e+00 0.000000000000000000e+00 0.000000000000000000e+00 0.000000000000000000e+00
1.760000000000000000e+05 4.399899064744139388e-02 0.000000000000000000e+00 1.000000000000000000e+00 0.000000000000000000e+00 0.000000000000000000e+00 0.000000000000000000e+00
1.800000000000000000e+05 4.499896770761058207e-02 0.000000000000000000e+00 1.000000000000000000e+00 0.000000000000000000e+00 0.000000000000000000e+00 0.000000000000000000e+00
1.840000000000000000e+05 4.599894476777977026e-02 0.000000000000000000e+00 1.000000000000000000e+00 0.000000000000000000e+00 0.000000000000000000e+00 0.000000000000000000e+00
1.880000000000000000e+05 4.699892182794895845e-02 0.000000000000000000e+00 1.000000000000000000e+00 0.000000000000000000e+00 0.000000000000000000e+00 0.000000000000000000e+00
1.920000000000000000e+05 4.799889888811792460e-02 0.000000000000000000e+00 1.000000000000000000e+00 0.000000000000000000e+00 0.000000000000000000e+00 0.000000000000000000e+00
1.960000000000000000e+05 4.899887594828711279e-02 0.000000000000000000e+00 1.000000000000000000e+00 0.000000000000000000e+00 0.000000000000000000e+00 0.000000000000000000e+00
2.000000000000000000e+05 4.999885300845630098e-02 0.000000000000000000e+00 1.000000000000000000e+00 0.000000000000000000e+00 0.000000000000000000e+00 0.000000000000000000e+00
2.040000000000000000e+05 5.099883006862526713e-02 1.137915339098771066e-04 9.998862084660901095e-01 0.000000000000000000e+00 0.000000000000000000e+00 0.000000000000000000e+00
2.080000000000000000e+05 5.199880712879445532e-02 0.000000000000000000e+00 1.000000000000000000e+00 0.000000000000000000e+00 0.000000000000000000e+00 0.000000000000000000e+00
2.120000000000000000e+05 5.299878418896364352e-02 0.000000000000000000e+00 1.000000000000000000e+00 0.000000000000000000e+00 0.000000000000000000e+00 0.000000000000000000e+00
2.160000000000000000e+05 5.399876124913283171e-02 0.000000000000000000e+00 1.000000000000000000e+00 0.000000000000000000e+00 0.000000000000000000e+00 0.000000000000000000e+00
2.200000000000000000e+05 5.499873830930179786e-02 0.000000000000000000e+00 1.000000000000000000e+00 0.000000000000000000e+00 0.000000000000000000e+00 0.000000000000000000e+00
2.240000000000000000e+05 5.599871536947098605e-02 0.000000000000000000e+00 1.000000000000000000e+00 0.000000000000000000e+00 0.000000000000000000e+00 0.000000000000000000e+00
2.280000000000000000e+05 5.699869242964017424e-02 0.000000000000000000e+00 1.000000000000000000e+00 0.000000000000000000e+00 0.000000000000000000e+00 0.000000000000000000e+00
2.320000000000000000e+05 5.799866948980914039e-02 0.000000000000000000e+00 1.000000000000000000e+00 0.000000000000000000e+00 0.000000000000000000e+00 0.000000000000000000e+00
2.360000000000000000e+05 5.899864654997832858e-02 0.000000000000000000e+00 1.000000000000000000e+00 0.000000000000000000e+00 0.000000000000000000e+00 0.000000000000000000e+00
2.400000000000000000e+05 5.999862361014751677e-02 0.000000000000000000e+00 1.000000000000000000e+00 0.000000000000000000e+00 0.000000000000000000e+00 0.000000000000000000e+00
2.440000000000000000e+05 6.099860067031670496e-02 0.000000000000000000e+00 1.000000000000000000e+00 0.000000000000000000e+00 0.000000000000000000e+00 0.000000000000000000e+00
2.480000000000000000e+05 6.199857773048567111e-02 0.000000000000000000e+00 1.000000000000000000e+00 0.000000000000000000e+00 0.000000000000000000e+00 0.000000000000000000e+00
2.520000000000000000e+05 6.299855479065485930e-02 0.000000000000000000e+00 1.000000000000000000e+00 0.000000000000000000e+00 0.000000000000000000e+00 0.000000000000000000e+00
2.560000000000000000e+05 6.399853185082404750e-02 0.000000000000000000e+00 1.000000000000000000e+00 0.000000000000000000e+00 0.000000000000000000e+00 0.000000000000000000e+00
2.600000000000000000e+05 6.499850891099301364e-02 0.000000000000000000e+00 1.000000000000000000e+00 0.000000000000000000e+00 0.000000000000000000e+00 0.000000000000000000e+00
2.640000000000000000e+05 6.599848597116220184e-02 0.000000000000000000e+00 1.000000000000000000e+00 0.000000000000000000e+00 0.000000000000000000e+00 0.000000000000000000e+00
2.680000000000000000e+05 6.699846303133139003e-02 0.000000000000000000e+00 1.000000000000000000e+00 0.000000000000000000e+00 0.000000000000000000e+00 0.000000000000000000e+00
2.720000000000000000e+05 6.799844009150057822e-02 0.000000000000000000e+00 1.000000000000000000e+00 0.000000000000000000e+00 0.000000000000000000e+00 0.000000000000000000e+00
2.760000000000000000e+05 6.899841715166954437e-02 0.000000000000000000e+00 1.000000000000000000e+00 0.000000000000000000e+00 0.000000000000000000e+00 0.000000000000000000e+00
2.800000000000000000e+05 6.999839421183873256e-02 0.000000000000000000e+00 1.000000000000000000e+00 0.000000000000000000e+00 0.000000000000000000e+00 0.000000000000000000e+00
2.840000000000000000e+05 7.099837127200792075e-02 2.275830678197542133e-04 9.996586253982703285e-01 0.000000000000000000e+00 1.137915339098771066e-04 0.000000000000000000e+00
2.880000000000000000e+05 7.199834833217688690e-02 1.137915339098771066e-04 9.998862084660901095e-01 0.000000000000000000e+00 0.000000000000000000e+00 0.000000000000000000e+00
2.920000000000000000e+05 7.299832539234607509e-02 0.000000000000000000e+00 1.000000000000000000e+00 0.000000000000000000e+00 0.000000000000000000e+00 0.000000000000000000e+00
2.960000000000000000e+05 7.399830245251526328e-02 0.000000000000000000e+00 1.000000000000000000e+00 0.000000000000000000e+00 0.000000000000000000e+00 0.000000000000000000e+00
3.000000000000000000e+05 7.499827951268445148e-02 5.689576695493854790e-04 9.994310423304506585e-01 0.000000000000000000e+00 0.000000000000000000e+00 0.000000000000000000e+00
3.040000000000000000e+05 7.599825657285341762e-02 0.000000000000000000e+00 1.000000000000000000e+00 0.000000000000000000e+00 0.000000000000000000e+00 0.000000000000000000e+00
3.080000000000000000e+05 7.699823363302260582e-02 0.000000000000000000e+00 1.000000000000000000e+00 0.000000000000000000e+00 0.000000000000000000e+00 0.000000000000000000e+00
3.120000000000000000e+05 7.799821069319179401e-02 4.551661356395084266e-04 9.995448338643604380e-01 0.000000000000000000e+00 0.000000000000000000e+00 0.000000000000000000e+00
3.160000000000000000e+05 7.899818775336076015e-02 4.551661356395084266e-04 9.994310423304506585e-01 0.000000000000000000e+00 1.137915339098771066e-04 0.000000000000000000e+00
3.200000000000000000e+05 7.999816481352994835e-02 1.137915339098771066e-04 9.998862084660901095e-01 0.000000000000000000e+00 0.000000000000000000e+00 0.000000000000000000e+00
3.240000000000000000e+05 8.099814187369913654e-02 3.413746017296313199e-04 9.996586253982703285e-01 0.000000000000000000e+00 0.000000000000000000e+00 0.000000000000000000e+00
3.280000000000000000e+05 8.199811893386832473e-02 2.275830678197542133e-04 9.997724169321802190e-01 0.000000000000000000e+00 0.000000000000000000e+00 0.000000000000000000e+00
3.320000000000000000e+05 8.299809599403729088e-02 2.275830678197542133e-04 9.997724169321802190e-01 0.000000000000000000e+00 0.000000000000000000e+00 0.000000000000000000e+00
3.360000000000000000e+05 8.399807305420647907e-02 4.551661356395084266e-04 9.995448338643604380e-01 0.000000000000000000e+00 0.000000000000000000e+00 0.000000000000000000e+00
3.400000000000000000e+05 8.499805011437566726e-02 2.275830678197542133e-04 9.997724169321802190e-01 0.000000000000000000e+00 0.000000000000000000e+00 0.000000000000000000e+00
3.440000000000000000e+05 8.599802717454463341e-02 3.413746017296313199e-04 9.996586253982703285e-01 0.000000000000000000e+00 0.000000000000000000e+00 0.000000000000000000e+00
3.480000000000000000e+05 8.699800423471382160e-02 1.024123805188893906e-03 9.989758761948110966e-01 0.000000000000000000e+00 0.000000000000000000e+00 0.000000000000000000e+00
3.520000000000000000e+05 8.799798129488300980e-02 1.024123805188893906e-03 9.989758761948110966e-01 0.000000000000000000e+00 0.000000000000000000e+00 0.000000000000000000e+00
3.560000000000000000e+05 8.899795835505219799e-02 4.551661356395084266e-04 9.995448338643604380e-01 0.000000000000000000e+00 0.000000000000000000e+00 0.000000000000000000e+00
3.600000000000000000e+05 8.999793541522116413e-02 1.024123805188893906e-03 9.989758761948110966e-01 0.000000000000000000e+00 0.000000000000000000e+00 0.000000000000000000e+00
3.640000000000000000e+05 9.099791247539035233e-02 1.251706873008648227e-03 9.986345015930814251e-01 0.000000000000000000e+00 1.137915339098771066e-04 0.000000000000000000e+00
3.680000000000000000e+05 9.199788953555954052e-02 5.689576695493854790e-04 9.994310423304506585e-01 0.000000000000000000e+00 0.000000000000000000e+00 0.000000000000000000e+00
3.720000000000000000e+05 9.299786659572850667e-02 1.593081474738279385e-03 9.982931269913518646e-01 0.000000000000000000e+00 1.137915339098771066e-04 0.000000000000000000e+00
3.760000000000000000e+05 9.399784365589769486e-02 2.389622212107419402e-03 9.971552116522530707e-01 0.000000000000000000e+00 4.551661356395084266e-04 0.000000000000000000e+00
3.800000000000000000e+05 9.499782071606688305e-02 2.958579881656804664e-03 9.968138370505233992e-01 0.000000000000000000e+00 2.275830678197542133e-04 0.000000000000000000e+00
3.840000000000000000e+05 9.599779777623607124e-02 2.617205279927173507e-03 9.972690031861629611e-01 0.000000000000000000e+00 1.137915339098771066e-04 0.000000000000000000e+00
3.880000000000000000e+05 9.699777483640503739e-02 4.096495220755575623e-03 9.959035047792443862e-01 0.000000000000000000e+00 0.000000000000000000e+00 0.000000000000000000e+00
3.920000000000000000e+05 9.799775189657422558e-02 2.048247610377787811e-03 9.979517523896221931e-01 0.000000000000000000e+00 0.000000000000000000e+00 0.000000000000000000e+00
3.960000000000000000e+05 9.899772895674341378e-02 1.934456076467910759e-03 9.980655439235320836e-01 0.000000000000000000e+00 0.000000000000000000e+00 0.000000000000000000e+00
4.000000000000000000e+05 9.999770601691237992e-02 3.868912152935821518e-03 9.960172963131542767e-01 0.000000000000000000e+00 1.137915339098771066e-04 0.000000000000000000e+00
4.040000000000000000e+05 1.009976830770815681e-01 5.803368229403732710e-03 9.941966317705962508e-01 0.000000000000000000e+00 0.000000000000000000e+00 0.000000000000000000e+00
4.080000000000000000e+05 1.019976601372507563e-01 4.665452890304961318e-03 9.949931725079653733e-01 0.000000000000000000e+00 3.413746017296313199e-04 0.000000000000000000e+00
4.120000000000000000e+05 1.029976371974199445e-01 6.599908966772872511e-03 9.931725079654073474e-01 0.000000000000000000e+00 2.275830678197542133e-04 0.000000000000000000e+00
4.160000000000000000e+05 1.039976142575889106e-01 7.282658170232134826e-03 9.919208010923987739e-01 0.000000000000000000e+00 7.965407373691396923e-04 0.000000000000000000e+00
4.200000000000000000e+05 1.049975913177580988e-01 6.713700500682749130e-03 9.921483841602184439e-01 0.000000000000000000e+00 1.137915339098770958e-03 0.000000000000000000e+00
4.240000000000000000e+05 1.059975683779272870e-01 1.240327719617660522e-02 9.855484751934455723e-01 0.000000000000000000e+00 2.048247610377787811e-03 0.000000000000000000e+00
4.280000000000000000e+05 1.069975454380962532e-01 5.974055530268548159e-02 7.085798816568047442e-01 2.298588984979517413e-01 1.820664542558033706e-03 0.000000000000000000e+00
4.320000000000000000e+05 1.079975224982654414e-01 5.575785161583977911e-02 7.093764223941738667e-01 2.341829767865270806e-01 6.827492034592626399e-04 0.000000000000000000e+00
4.360000000000000000e+05 1.089974995584346296e-01 5.530268548020027264e-02 7.090350477924441952e-01 2.350933090578060936e-01 5.689576695493854790e-04 0.000000000000000000e+00
4.400000000000000000e+05 1.099974766186038178e-01 5.735093309057805872e-02 7.078971324533455123e-01 2.344105598543468338e-01 3.413746017296313199e-04 0.000000000000000000e+00
4.440000000000000000e+05 1.109974536787727839e-01 5.507510241238051940e-02 7.093764223941738667e-01 2.342967683204369711e-01 1.251706873008648227e-03 0.000000000000000000e+00
4.480000000000000000e+05 1.119974307389419721e-01 5.746472462448793533e-02 7.092626308602639762e-01 2.327036868456986707e-01 5.689576695493854790e-04 0.000000000000000000e+00
4.520000000000000000e+05 1.129974077991111603e-01 5.496131087847064278e-02 7.093764223941738667e-01 2.347519344560764776e-01 9.103322712790168532e-04 0.000000000000000000e+00
4.560000000000000000e+05 1.139973848592801264e-01 5.746472462448793533e-02 7.097177969959035382e-01 2.324761037778789174e-01 3.413746017296313199e-04 0.000000000000000000e+00
4.600000000000000000e+05 1.149973619194493146e-01 5.621301775147929253e-02 7.099453800637232082e-01 2.332726445152480677e-01 5.689576695493854790e-04 0.000000000000000000e+00
4.640000000000000000e+05 1.159973389796185028e-01 5.735093309057805872e-02 7.083522985889849632e-01 2.335002275830678209e-01 7.965407373691396923e-04 0.000000000000000000e+00
4.680000000000000000e+05 1.169973160397876910e-01 5.644060081929904577e-02 7.094902139280837572e-01 2.338416021847974646e-01 2.275830678197542133e-04 0.000000000000000000e+00
4.720000000000000000e+05 1.179972930999566572e-01 5.598543468365953235e-02 7.089212562585344157e-01 2.339553937187073274e-01 1.137915339098770958e-03 0.000000000000000000e+00
4.760000000000000000e+05 1.189972701601258454e-01 5.769230769230769551e-02 7.085798816568047442e-01 2.328174783796085612e-01 9.103322712790168532e-04 0.000000000000000000e+00
4.800000000000000000e+05 1.199972472202950335e-01 5.666818388711879900e-02 7.092626308602639762e-01 2.336140191169776836e-01 4.551661356395084266e-04 0.000000000000000000e+00
4.840000000000000000e+05 1.209972242804639997e-01 5.962676376877560497e-02 7.082385070550750727e-01 2.315657715065999045e-01 5.689576695493854790e-04 0.000000000000000000e+00
4.880000000000000000e+05 1.219972013406331879e-01 5.803368229403732537e-02 7.088074647246245252e-01 2.328174783796085612e-01 3.413746017296313199e-04 0.000000000000000000e+00
4.920000000000000000e+05 1.229971784008023761e-01 6.019572143832498806e-02 7.086936731907146347e-01 2.299726900318616318e-01 1.137915339098770958e-03 0.000000000000000000e+00
4.960000000000000000e+05 1.239971554609715643e-01 6.042330450614474130e-02 7.081247155211651823e-01 2.303140646335912478e-01 1.137915339098770958e-03 0.000000000000000000e+00
5.000000000000000000e+05 1.249971325211405304e-01 6.304050978607191047e-02 7.074419663177059503e-01 2.288347746927628656e-01 6.827492034592626399e-04 0.000000000000000000e+00
5.040000000000000000e+05 1.259971095813097186e-01 6.269913518434228061e-02 7.065316340464269373e-01 2.303140646335912478e-01 4.551661356395084266e-04 0.000000000000000000e+00
5.080000000000000000e+05 1.269970866414789068e-01 6.087847064178425471e-02 7.083522985889849632e-01 2.300864815657714946e-01 6.827492034592626399e-04 0.000000000000000000e+00
5.120000000000000000e+05 1.279970637016478729e-01 5.928538916704597511e-02 7.085798816568047442e-01 2.313381884387801513e-01 7.965407373691396923e-04 0.000000000000000000e+00
5.160000000000000000e+05 1.289970407618170611e-01 6.349567592171143082e-02 7.066454255803368278e-01 2.288347746927628656e-01 1.024123805188893906e-03 0.000000000000000000e+00
5.200000000000000000e+05 1.299970178219862493e-01 8.557123350022757813e-02 6.975421028675466983e-01 2.158625398270368756e-01 1.024123805188893906e-03 0.000000000000000000e+00
5.240000000000000000e+05 1.309969948821554375e-01 8.420573509330905870e-02 6.974283113336368078e-01 2.176832043695949015e-01 6.827492034592626399e-04 0.000000000000000000e+00
5.280000000000000000e+05 1.319969719423244037e-01 8.488848429676831842e-02 6.966317705962676854e-01 2.170004551661356418e-01 1.479289940828402332e-03 0.000000000000000000e+00
5.320000000000000000e+05 1.329969490024935919e-01 8.454710969503868856e-02 6.962903959945380139e-01 2.183659535730541612e-01 7.965407373691396923e-04 0.000000000000000000e+00
5.360000000000000000e+05 1.339969260626627801e-01 8.591260810195720798e-02 6.965179790623577949e-01 2.158625398270368756e-01 1.706873008648156654e-03 0.000000000000000000e+00
5.400000000000000000e+05 1.349969031228317462e-01 8.454710969503868856e-02 6.972007282658170269e-01 2.176832043695949015e-01 5.689576695493854790e-04 0.000000000000000000e+00
5.440000000000000000e+05 1.359968801830009344e-01 1.029813381884387841e-01 6.830905780609922706e-01 2.100591715976331264e-01 3.868912152935821518e-03 0.000000000000000000e+00
5.480000000000000000e+05 1.369968572431701226e-01 1.032089212562585373e-01 6.797906235776057793e-01 2.110832954028220299e-01 5.917159763313609329e-03 0.000000000000000000e+00
5.520000000000000000e+05 1.379968343033393108e-01 1.032089212562585373e-01 6.807009558488847922e-01 2.099453800637232637e-01 6.144742831133363434e-03 0.000000000000000000e+00
5.560000000000000000e+05 1.389968113635082769e-01 1.041192535275375503e-01 6.801319981793354508e-01 2.111970869367319203e-01 4.551661356395083832e-03 0.000000000000000000e+00
5.600000000000000000e+05 1.399967884236774651e-01 1.032089212562585373e-01 6.797906235776057793e-01 2.102867546654528796e-01 6.713700500682749130e-03 0.000000000000000000e+00
5.640000000000000000e+05 1.409967654838466533e-01 1.054847519344560697e-01 6.797906235776057793e-01 2.104005461993627701e-01 4.324078288575329727e-03 0.000000000000000000e+00
5.680000000000000000e+05 1.419967425440156195e-01 1.066226672735548497e-01 6.793354574419663283e-01 2.097177969959035104e-01 4.324078288575329727e-03 0.000000000000000000e+00
5.720000000000000000e+05 1.429967196041848077e-01 1.078743741465634925e-01 6.792216659080564378e-01 2.083522985889849910e-01 4.551661356395083832e-03 0.000000000000000000e+00
5.760000000000000000e+05 1.439966966643539958e-01 1.095812471552116557e-01 6.785389167045972059e-01 2.056213017751479244e-01 6.258534365043240920e-03 0.000000000000000000e+00
5.800000000000000000e+05 1.449966737245231840e-01 1.054847519344560697e-01 6.807009558488847922e-01 2.086936731907146070e-01 5.120619025944469528e-03 0.000000000000000000e+00
5.840000000000000000e+05 1.459966507846921502e-01 1.075329995448338627e-01 6.780837505689576439e-01 2.086936731907146070e-01 5.689576695493855224e-03 0.000000000000000000e+00
5.880000000000000000e+05 1.469966278448613384e-01 1.084433318161128756e-01 6.789940828402366568e-01 2.072143832498861971e-01 5.348202093764223633e-03 0.000000000000000000e+00
5.920000000000000000e+05 1.479966049050305266e-01 1.136777423759672279e-01 6.767182521620391800e-01 2.045971779699590487e-01 5.006827492034592909e-03 0.000000000000000000e+00
5.960000000000000000e+05 1.489965819651994927e-01 1.150432407828857473e-01 6.761492944924897275e-01 2.057350933090578149e-01 3.072371415566681717e-03 0.000000000000000000e+00
6.000000000000000000e+05 1.499965590253686809e-01 1.145880746472462408e-01 6.760355029585798370e-01 2.063040509786071841e-01 3.072371415566681717e-03 0.000000000000000000e+00
6.040000000000000000e+05 1.509965360855378691e-01 1.165225307237141572e-01 6.754665452890304955e-01 2.039144287664997612e-01 4.096495220755575623e-03 0.000000000000000000e+00
6.080000000000000000e+05 1.519965131457070573e-01 1.150432407828857473e-01 6.756941283568502765e-01 2.050523441055985552e-01 4.210286754665453109e-03 0.000000000000000000e+00
6.120000000000000000e+05 1.529964902058760234e-01 1.150432407828857473e-01 6.762630860263996180e-01 2.045971779699590487e-01 4.096495220755575623e-03 0.000000000000000000e+00
6.160000000000000000e+05 1.539964672660452116e-01 1.170914883932635403e-01 6.750113791533909335e-01 2.041420118343195145e-01 3.755120619025944465e-03 0.000000000000000000e+00
6.200000000000000000e+05 1.549964443262143998e-01 1.152708238507055144e-01 6.769458352298588499e-01 2.049385525716886647e-01 2.844788347746927612e-03 0.000000000000000000e+00
6.240000000000000000e+05 1.559964213863835880e-01 1.168639053254437871e-01 6.767182521620391800e-01 2.032316795630405015e-01 3.186162949476558769e-03 0.000000000000000000e+00
6.280000000000000000e+05 1.569963984465525542e-01 1.175466545289030468e-01 6.754665452890304955e-01 2.043695949021392677e-01 2.617205279927173507e-03 0.000000000000000000e+00
6.320000000000000000e+05 1.579963755067217424e-01 1.191397360036413333e-01 6.723941738734637852e-01 2.036868456986800080e-01 4.779244424214838804e-03 0.000000000000000000e+00
6.360000000000000000e+05 1.589963525668909305e-01 1.154984069185252676e-01 6.753527537551206050e-01 2.055075102412380617e-01 3.641329085116067413e-03 0.000000000000000000e+00
6.400000000000000000e+05 1.599963296270598967e-01 1.173190714610832935e-01 6.741010468821119206e-01 2.033454710969503920e-01 5.234410559854347014e-03 0.000000000000000000e+00
6.440000000000000000e+05 1.609963066872290849e-01 1.186845698680018268e-01 6.738734638142922506e-01 2.043695949021392677e-01 3.072371415566681717e-03 0.000000000000000000e+00
6.480000000000000000e+05 1.619962837473982731e-01 1.182294037323623065e-01 6.745562130177514826e-01 2.044833864360491582e-01 2.730996813837050560e-03 0.000000000000000000e+00
6.520000000000000000e+05 1.629962608075674613e-01 1.210741920801092358e-01 6.733045061447427981e-01 2.022075557578516258e-01 3.413746017296313308e-03 0.000000000000000000e+00
6.560000000000000000e+05 1.639962378677364274e-01 1.190259444697314567e-01 6.743286299499317016e-01 2.043695949021392677e-01 2.275830678197541916e-03 0.000000000000000000e+00
6.600000000000000000e+05 1.649962149279056156e-01 1.191397360036413333e-01 6.730769230769231282e-01 2.039144287664997612e-01 3.868912152935821518e-03 0.000000000000000000e+00
6.640000000000000000e+05 1.659961919880748038e-01 1.202776513427400995e-01 6.725079654073736757e-01 2.041420118343195145e-01 3.072371415566681717e-03 0.000000000000000000e+00
6.680000000000000000e+05 1.669961690482437700e-01 1.182294037323623065e-01 6.734182976786526886e-01 2.035730541647701453e-01 4.779244424214838804e-03 0.000000000000000000e+00
6.720000000000000000e+05 1.679961461084129581e-01 1.174328629949931702e-01 6.731907146108329076e-01 2.050523441055985552e-01 4.324078288575329727e-03 0.000000000000000000e+00
6.760000000000000000e+05 1.689961231685821463e-01 1.222121074192080159e-01 6.712562585343649912e-01 2.014110150204824756e-01 5.120619025944469528e-03 0.000000000000000000e+00
6.800000000000000000e+05 1.699961002287513345e-01 1.192535275375512099e-01 6.728493400091033472e-01 2.039144287664997612e-01 3.982703686845699004e-03 0.000000000000000000e+00
6.840000000000000000e+05 1.709960772889203007e-01 1.280154756486117373e-01 6.702321347291761988e-01 1.921939007737824279e-01 9.558488848429677609e-03 0.000000000000000000e+00
6.880000000000000000e+05 1.719960543490894889e-01 1.322257624032771861e-01 6.684114701866180619e-01 1.910559854346836617e-01 8.306781975421027864e-03 0.000000000000000000e+00
6.920000000000000000e+05 1.729960314092586771e-01 1.333636777423759801e-01 6.680700955848885014e-01 1.901456531634046487e-01 8.420573509330906217e-03 0.000000000000000000e+00
6.960000000000000000e+05 1.739960084694276432e-01 1.372325898953117851e-01 6.652253072371415721e-01 1.896904870277651423e-01 7.851615839781519654e-03 0.000000000000000000e+00
7.000000000000000000e+05 1.749959855295968314e-01 1.360946745562130189e-01 6.672735548475193790e-01 1.883249886208466228e-01 8.306781975421027864e-03 0.000000000000000000e+00
7.040000000000000000e+05 1.759959625897660196e-01 1.062812926718252199e-01 6.792216659080564378e-01 2.023213472917614886e-01 1.217569412835685025e-02 0.000000000000000000e+00
7.080000000000000000e+05 1.769959396499352078e-01 8.614019116977697510e-02 7.270141101502047842e-01 1.789940828402366846e-01 7.851615839781519654e-03 0.000000000000000000e+00
7.120000000000000000e+05 1.779959167101041739e-01 8.534365043240782489e-02 7.272416932180245652e-01 1.813837050523441075e-01 6.030951297223486815e-03 0.000000000000000000e+00
7.160000000000000000e+05 1.789958937702733621e-01 8.534365043240782489e-02 7.217796995903504875e-01 1.852526172052799402e-01 7.624032771961766417e-03 0.000000000000000000e+00
7.200000000000000000e+05 1.799958708304425503e-01 8.397815202548930547e-02 7.176832043695948737e-01 1.901456531634046487e-01 8.192990441511151245e-03 0.000000000000000000e+00
7.240000000000000000e+05 1.809958478906115165e-01 8.761948111060537114e-02 7.173418297678653133e-01 1.892353208921256358e-01 5.803368229403732710e-03 0.000000000000000000e+00
7.280000000000000000e+05 1.819958249507807047e-01 8.739189804278561791e-02 7.188211197086936677e-01 1.860491579426490627e-01 7.737824305871643035e-03 0.000000000000000000e+00
7.320000000000000000e+05 1.829958020109498928e-01 8.295402822030041590e-02 7.196176604460627901e-01 1.885525716886663761e-01 8.875739644970414427e-03 0.000000000000000000e+00
7.360000000000000000e+05 1.839957790711190810e-01 8.500227583067819503e-02 7.200728265817023521e-01 1.874146563495675821e-01 7.510241238051888930e-03 0.000000000000000000e+00
7.400000000000000000e+05 1.849957561312880472e-01 8.375056895766955223e-02 7.208693673190714746e-01 1.883249886208466228e-01 7.055075102412380721e-03 0.000000000000000000e+00
7.440000000000000000e+05 1.859957331914572354e-01 8.625398270368685172e-02 7.199590350477924616e-01 1.843422849340008995e-01 9.444697314519799256e-03 0.000000000000000000e+00
7.480000000000000000e+05 1.869957102516264236e-01 8.864360491579426071e-02 7.175694128356849832e-01 1.854802002730996935e-01 8.306781975421027864e-03 0.000000000000000000e+00
7.520000000000000000e+05 1.879956873117953897e-01 8.625398270368685172e-02 7.182521620391443262e-01 1.884387801547564856e-01 7.055075102412380721e-03 0.000000000000000000e+00
7.560000000000000000e+05 1.889956643719645779e-01 8.852981338188438409e-02 7.188211197086936677e-01 1.862767410104688159e-01 6.372325898953117539e-03 0.000000000000000000e+00
7.600000000000000000e+05 1.899956414321337661e-01 8.898497951752389057e-02 7.156349567592170668e-01 1.887801547564861293e-01 6.599908966772872511e-03 0.000000000000000000e+00
7.640000000000000000e+05 1.909956184923029543e-01 8.454710969503868856e-02 7.164314974965863003e-01 1.916249431042330587e-01 7.396449704142011444e-03 0.000000000000000000e+00
7.680000000000000000e+05 1.919955955524719204e-01 8.898497951752389057e-02 7.084660901228948537e-01 1.962903959945380139e-01 6.258534365043240920e-03 0.000000000000000000e+00
7.720000000000000000e+05 1.929955726126411086e-01 8.932635411925353430e-02 7.138142922166590409e-01 1.899180700955848955e-01 6.941283568502503235e-03 0.000000000000000000e+00
7.760000000000000000e+05 1.939955496728102968e-01 8.955393718707328754e-02 7.124487938097405770e-01 1.894629039599453890e-01 8.534365043240782836e-03 0.000000000000000000e+00
7.800000000000000000e+05 1.949955267329792630e-01 8.864360491579426071e-02 7.106281292671825511e-01 1.937869822485207005e-01 6.941283568502503235e-03 0.000000000000000000e+00
7.840000000000000000e+05 1.959955037931484512e-01 9.456076467910787264e-02 7.047109695038689114e-01 1.934456076467910846e-01 7.282658170232134826e-03 0.000000000000000000e+00
7.880000000000000000e+05 1.969954808533176394e-01 8.272644515248064878e-02 8.144060081929904715e-01 9.626763768775603580e-02 6.599908966772872511e-03 0.000000000000000000e+00
7.920000000000000000e+05 1.979954579134868276e-01 8.329540282203004575e-02 8.087164314974966128e-01 9.945380063723259501e-02 8.534365043240782836e-03 0.000000000000000000e+00
7.960000000000000000e+05 1.989954349736557937e-01 8.363677742375967561e-02 8.087164314974966128e-01 9.899863450159307465e-02 8.648156577150659455e-03 0.000000000000000000e+00
8.000000000000000000e+05 1.999954120338249819e-01 8.614019116977697510e-02 8.027992717341829731e-01 1.029813381884387841e-01 8.079198907601274626e-03 0.000000000000000000e+00
8.040000000000000000e+05 2.009953890939941701e-01 8.420573509330905870e-02 8.035958124715520956e-01 1.042330450614474269e-01 7.965407373691398007e-03 0.000000000000000000e+00
8.080000000000000000e+05 2.019953661541631362e-01 8.192990441511151245e-02 8.066681838871188059e-01 1.020710059171597572e-01 9.330905780609922637e-03 0.000000000000000000e+00
8.120000000000000000e+05 2.029953432143323244e-01 8.454710969503868856e-02 7.991579426490669213e-01 1.076467910787437393e-01 8.648156577150659455e-03 0.000000000000000000e+00
8.160000000000000000e+05 2.039953202745015126e-01 8.272644515248064878e-02 8.027992717341829731e-01 1.054847519344560697e-01 8.989531178880291046e-03 0.000000000000000000e+00
8.200000000000000000e+05 2.049952973346707008e-01 8.158852981338188259e-02 8.023441055985435222e-01 1.073054164770141095e-01 8.761948111060537808e-03 0.000000000000000000e+00
8.240000000000000000e+05 2.059952743948396670e-01 8.170232134729175921e-02 8.013199817933546187e-01 1.086709148839326289e-01 8.306781975421027864e-03 0.000000000000000000e+00
8.280000000000000000e+05 2.069952514550088551e-01 8.204369594902138907e-02 7.989303595812471404e-01 1.111743286299499284e-01 7.851615839781519654e-03 0.000000000000000000e+00
8.320000000000000000e+05 2.079952285151780433e-01 8.113336367774237612e-02 7.974510696404187859e-01 1.124260355029585851e-01 8.989531178880291046e-03 0.000000000000000000e+00
8.360000000000000000e+05 2.089952055753470095e-01 8.136094674556212936e-02 7.998406918525261533e-01 1.091260810195721492e-01 9.672280382339554228e-03 0.000000000000000000e+00
8.400000000000000000e+05 2.099951826355161977e-01 8.272644515248064878e-02 7.973372781065088954e-01 1.119708693673190647e-01 7.965407373691398007e-03 0.000000000000000000e+00
8.440000000000000000e+05 2.109951596956853859e-01 8.113336367774237612e-02 7.966545289030496635e-01 1.141329085116067343e-01 8.079198907601274626e-03 0.000000000000000000e+00
8.480000000000000000e+05 2.119951367558545741e-01 7.851615839781520001e-02 7.972234865725990050e-01 1.136777423759672279e-01 1.058261265361857065e-02 0.000000000000000000e+00
8.520000000000000000e+05 2.129951138160235402e-01 8.158852981338188259e-02 7.955166135639508695e-01 1.134501593081474746e-01 9.444697314519799256e-03 0.000000000000000000e+00
8.560000000000000000e+05 2.139950908761927284e-01 7.988165680473373331e-02 7.971096950386891145e-01 1.142467000455166110e-01 8.761948111060537808e-03 0.000000000000000000e+00
8.600000000000000000e+05 2.149950679363619166e-01 8.158852981338188259e-02 7.938097405553027341e-01 1.156121984524351443e-01 8.989531178880291046e-03 0.000000000000000000e+00
8.640000000000000000e+05 2.159950449965308827e-01 8.022303140646336317e-02 7.979062357760582369e-01 1.129949931725079681e-01 8.875739644970414427e-03 0.000000000000000000e+00
8.680000000000000000e+05 2.169950220567000709e-01 8.318161128812016913e-02 7.923304506144742687e-01 1.168639053254437871e-01 7.624032771961766417e-03 0.000000000000000000e+00
8.720000000000000000e+05 2.179949991168692591e-01 7.954028220300408958e-02 7.955166135639508695e-01 1.161811561219845274e-01 8.761948111060537808e-03 0.000000000000000000e+00
8.760000000000000000e+05 2.189949761770384473e-01 8.852981338188438409e-02 7.875512061902594230e-01 1.153846153846153910e-01 8.534365043240782836e-03 0.000000000000000000e+00
8.800000000000000000e+05 2.199949532372074135e-01 8.067819754210286964e-02 7.923304506144742687e-01 1.168639053254437871e-01 1.012744651797906244e-02 0.000000000000000000e+00
8.840000000000000000e+05 2.209949302973766017e-01 8.124715521165225274e-02 7.925580336822940497e-01 1.176604460628129234e-01 8.534365043240782836e-03 0.000000000000000000e+00
8.880000000000000000e+05 2.219949073575457898e-01 8.090578060992262288e-02 7.859581247155211781e-01 1.230086481565771522e-01 1.012744651797906244e-02 0.000000000000000000e+00
8.920000000000000000e+05 2.229948844177147560e-01 8.420573509330905870e-02 7.804961310878471004e-01 1.239189804278561652e-01 1.137915339098771045e-02 0.000000000000000000e+00
8.960000000000000000e+05 2.239948614778839442e-01 8.761948111060537114e-02 7.741238051888938987e-01 1.293809740555302568e-01 8.875739644970414427e-03 0.000000000000000000e+00
9.000000000000000000e+05 2.249948385380531324e-01 8.568502503413745475e-02 7.189349112426035582e-01 1.876422394173873354e-01 7.737824305871643035e-03 0.000000000000000000e+00
9.040000000000000000e+05 2.259948155982223206e-01 8.397815202548930547e-02 7.189349112426035582e-01 1.899180700955848955e-01 7.168866636322257339e-03 0.000000000000000000e+00
9.080000000000000000e+05 2.269947926583912867e-01 8.124715521165225274e-02 7.195038689121528996e-01 1.926490669094219343e-01 6.599908966772872511e-03 0.000000000000000000e+00
