# itime ezz other fcc hcp bcc ico
0.000000000000000000e+00 0.000000000000000000e+00 0.000000000000000000e+00 1.000000000000000000e+00 0.000000000000000000e+00 0.000000000000000000e+00 0.000000000000000000e+00
4.000000000000000000e+04 9.999971543032115662e-03 0.000000000000000000e+00 1.000000000000000000e+00 0.000000000000000000e+00 0.000000000000000000e+00 0.000000000000000000e+00
8.000000000000000000e+04 1.999994308606423132e-02 0.000000000000000000e+00 1.000000000000000000e+00 0.000000000000000000e+00 0.000000000000000000e+00 0.000000000000000000e+00
1.200000000000000000e+05 2.999991462909634699e-02 0.000000000000000000e+00 1.000000000000000000e+00 0.000000000000000000e+00 0.000000000000000000e+00 0.000000000000000000e+00
1.600000000000000000e+05 3.999988617212846265e-02 0.000000000000000000e+00 1.000000000000000000e+00 0.000000000000000000e+00 0.000000000000000000e+00 0.000000000000000000e+00
2.000000000000000000e+05 4.999985771516080035e-02 0.000000000000000000e+00 1.000000000000000000e+00 0.000000000000000000e+00 0.000000000000000000e+00 0.000000000000000000e+00
2.400000000000000000e+05 5.999982925819291601e-02 0.000000000000000000e+00 1.000000000000000000e+00 0.000000000000000000e+00 0.000000000000000000e+00 0.000000000000000000e+00
2.800000000000000000e+05 6.999980080122503168e-02 0.000000000000000000e+00 1.000000000000000000e+00 0.000000000000000000e+00 0.000000000000000000e+00 0.000000000000000000e+00
3.200000000000000000e+05 7.999977234425714734e-02 1.820664542558033706e-03 9.981793354574419741e-01 0.000000000000000000e+00 0.000000000000000000e+00 0.000000000000000000e+00
3.600000000000000000e+05 8.999974388728926300e-02 1.365498406918525280e-03 9.986345015930814251e-01 0.000000000000000000e+00 0.000000000000000000e+00 0.000000000000000000e+00
4.000000000000000000e+05 9.999971543032137866e-02 3.186162949476558769e-03 9.967000455166135087e-01 0.000000000000000000e+00 1.137915339098771066e-04 0.000000000000000000e+00
4.400000000000000000e+05 1.099996869733534943e-01 5.086481565771506369e-02 6.450842057350932857e-01 2.988165680473373054e-01 5.234410559854347014e-03 0.000000000000000000e+00
4.800000000000000000e+05 1.199996585163856100e-01 5.075102412380518707e-02 6.445152480655439442e-01 3.000682749203459343e-01 4.665452890304961318e-03 0.000000000000000000e+00
5.200000000000000000e+05 1.299996300594177256e-01 5.109239872553481693e-02 6.400773782430587699e-01 3.035958124715520956e-01 5.234410559854347014e-03 0.000000000000000000e+00
5.600000000000000000e+05 1.399996016024498413e-01 4.836140191169777114e-02 6.310878470641784199e-01 3.167956304050978389e-01 3.755120619025944465e-03 0.000000000000000000e+00
6.000000000000000000e+05 1.499995731454821790e-01 4.904415111515703085e-02 6.166363222576239922e-01 3.322712790168411701e-01 2.048247610377787811e-03 0.000000000000000000e+00
6.400000000000000000e+05 1.599995446885142947e-01 4.528903049613108855e-02 6.170914883932635542e-01 3.337505689576695245e-01 3.868912152935821518e-03 0.000000000000000000e+00
6.800000000000000000e+05 1.699995162315464103e-01 3.925807919890760000e-02 6.430359581247154788e-01 3.155439235320892100e-01 2.162039144287664864e-03 0.000000000000000000e+00
7.200000000000000000e+05 1.799994877745785260e-01 9.239872553482020301e-02 6.276741010468821491e-01 2.776513427401001155e-01 2.275830678197541916e-03 0.000000000000000000e+00
7.600000000000000000e+05 1.899994593176106417e-01 1.008192990441511144e-01 6.849112426035502965e-01 2.066454255803368278e-01 7.624032771961766417e-03 0.000000000000000000e+00
8.000000000000000000e+05 1.999994308606427573e-01 1.033227127901684139e-01 6.977696859353663683e-01 1.918525261720528119e-01 7.055075102412380721e-03 0.000000000000000000e+00
8.400000000000000000e+05 2.099994024036748730e-01 1.157259899863450209e-01 7.363450159308146947e-01 1.437187073281747940e-01 4.210286754665453109e-03 0.000000000000000000e+00
8.800000000000000000e+05 2.199993739467069886e-01 1.137915339098771045e-01 7.412380518889394310e-01 1.413290851160673711e-01 3.641329085116067413e-03 0.000000000000000000e+00
9.200000000000000000e+05 2.299993454897391043e-01 1.131087847064178448e-01 7.398725534820209671e-01 1.430359581247155343e-01 3.982703686845699004e-03 0.000000000000000000e+00
9.600000000000000000e+05 2.399993170327712200e-01 1.120846609012289552e-01 7.385070550751023921e-01 1.450842057350933134e-01 4.324078288575329727e-03 0.000000000000000000e+00
1.000000000000000000e+06 2.499992885758035577e-01 1.156121984524351443e-01 7.381656804733728316e-01 1.417842512517068776e-01 4.437869822485207214e-03 0.000000000000000000e+00
1.040000000000000000e+06 2.599992601188356733e-01 1.301775147928994070e-01 7.253072371415566488e-01 1.411015020482476179e-01 3.413746017296313308e-03 0.000000000000000000e+00
1.080000000000000000e+06 2.699992316618677890e-01 1.446290395994538069e-01 6.970869367319071364e-01 1.543013199817933612e-01 3.982703686845699004e-03 0.000000000000000000e+00
1.120000000000000000e+06 2.799992032048999047e-01 1.492944924897587622e-01 6.471324533454710926e-01 1.987938097405552995e-01 4.779244424214838804e-03 0.000000000000000000e+00
1.160000000000000000e+06 2.899991747479320203e-01 1.573736913973600438e-01 6.120846609012289274e-01 2.262175694128356895e-01 4.324078288575329727e-03 0.000000000000000000e+00
1.200000000000000000e+06 2.999991462909641360e-01 1.556668183887118806e-01 6.642011834319526686e-01 1.753527537551206328e-01 4.779244424214838804e-03 0.000000000000000000e+00
1.240000000000000000e+06 3.099991178339962516e-01 1.500910332271279124e-01 6.690942193900774049e-01 1.767182521620391522e-01 4.096495220755575623e-03 0.000000000000000000e+00
1.280000000000000000e+06 3.199990893770283673e-01 1.507737824305871721e-01 6.694355939918069653e-01 1.767182521620391522e-01 3.072371415566681717e-03 0.000000000000000000e+00
1.320000000000000000e+06 3.299990609200604830e-01 1.604460628129267263e-01 6.596495220755576039e-01 1.743286299499317293e-01 5.575785161583977738e-03 0.000000000000000000e+00
1.360000000000000000e+06 3.399990324630925986e-01 1.676149294492489672e-01 6.506599908966772539e-01 1.753527537551206328e-01 6.372325898953117539e-03 0.000000000000000000e+00
1.400000000000000000e+06 3.499990040061249363e-01 1.703459262630860338e-01 6.473600364132908735e-01 1.769458352298589054e-01 5.348202093764223633e-03 0.000000000000000000e+00
1.440000000000000000e+06 3.599989755491570520e-01 1.643149749658625314e-01 6.535047792444241832e-01 1.780837505689576716e-01 4.096495220755575623e-03 0.000000000000000000e+00
1.480000000000000000e+06 3.699989470921891677e-01 1.587391898042785632e-01 6.527082385070550608e-01 1.843422849340008995e-01 4.210286754665453109e-03 0.000000000000000000e+00
1.520000000000000000e+06 3.799989186352212833e-01 1.637460172963131622e-01 6.487255348202093375e-01 1.822940373236231204e-01 5.234410559854347014e-03 0.000000000000000000e+00
1.560000000000000000e+06 3.899988901782531769e-01 1.616977696859353553e-01 6.547564861174328676e-01 1.780837505689576716e-01 5.461993627674101119e-03 0.000000000000000000e+00
1.600000000000000000e+06 3.999988617212852926e-01 1.662494310423304478e-01 6.368912152935821691e-01 1.926490669094219343e-01 4.210286754665453109e-03 0.000000000000000000e+00
1.640000000000000000e+06 4.099988332643174083e-01 1.698907601274465273e-01 6.382567137005006330e-01 1.884387801547564856e-01 3.413746017296313308e-03 0.000000000000000000e+00
1.680000000000000000e+06 4.199988048073497460e-01 1.687528447883477334e-01 6.447428311333637252e-01 1.805871643149749572e-01 5.917159763313609329e-03 0.000000000000000000e+00
1.720000000000000000e+06 4.299987763503818616e-01 1.587391898042785632e-01 6.472462448793809831e-01 1.866181156121984597e-01 7.396449704142011444e-03 0.000000000000000000e+00
1.760000000000000000e+06 4.399987478934139773e-01 1.715976331360946627e-01 6.401911697769685494e-01 1.826354119253527641e-01 5.575785161583977738e-03 0.000000000000000000e+00
1.800000000000000000e+06 4.499987194364460930e-01 1.756941283568502488e-01 6.300637232589895165e-01 1.882111970869367323e-01 6.030951297223486815e-03 0.000000000000000000e+00
1.840000000000000000e+06 4.599986909794782086e-01 1.628356850250341492e-01 6.218707328174783999e-01 2.082385070550751005e-01 7.055075102412380721e-03 0.000000000000000000e+00
1.880000000000000000e+06 4.699986625225103243e-01 1.639736003641329154e-01 6.230086481565771939e-01 2.064178425125170746e-01 6.599908966772872511e-03 0.000000000000000000e+00
1.920000000000000000e+06 4.799986340655424399e-01 1.544151115157032239e-01 6.555530268548019901e-01 1.843422849340008995e-01 5.689576695493855224e-03 0.000000000000000000e+00
1.960000000000000000e+06 4.899986056085745556e-01 1.588529813381884259e-01 6.731907146108329076e-01 1.623805188893946427e-01 5.575785161583977738e-03 0.000000000000000000e+00
2.000000000000000000e+06 4.999985771516066713e-01 1.604460628129267263e-01 6.704597177969958688e-01 1.612426035502958488e-01 7.851615839781519654e-03 0.000000000000000000e+00
2.040000000000000000e+06 5.099985486946387869e-01 1.688666363222576239e-01 6.590805644060081514e-01 1.656804733727810786e-01 6.372325898953117539e-03 0.000000000000000000e+00
2.080000000000000000e+06 5.199985202376711246e-01 1.423532089212562468e-01 7.164314974965863003e-01 1.404187528447883582e-01 7.965407373691396923e-04 0.000000000000000000e+00
2.120000000000000000e+06 5.299984917807032403e-01 1.405325443786982209e-01 7.148384160218479444e-01 1.429221665908056438e-01 1.706873008648156654e-03 0.000000000000000000e+00
2.160000000000000000e+06 5.399984633237353560e-01 1.401911697769686049e-01 7.135867091488393710e-01 1.451979972690031762e-01 1.024123805188893906e-03 0.000000000000000000e+00
2.200000000000000000e+06 5.499984348667674716e-01 1.455393718707328199e-01 6.970869367319071364e-01 1.561219845243513871e-01 1.251706873008648227e-03 0.000000000000000000e+00
2.240000000000000000e+06 5.599984064097995873e-01 1.475876194811105990e-01 7.106281292671825511e-01 1.389394629039599482e-01 2.844788347746927612e-03 0.000000000000000000e+00
2.280000000000000000e+06 5.699983779528317029e-01 1.463359126081019701e-01 7.138142922166590409e-01 1.365498406918525254e-01 3.299954483386436255e-03 0.000000000000000000e+00
2.320000000000000000e+06 5.799983494958638186e-01 1.483841602184797492e-01 7.106281292671825511e-01 1.389394629039599482e-01 2.048247610377787811e-03 0.000000000000000000e+00
2.360000000000000000e+06 5.899983210388959343e-01 1.469048702776513393e-01 7.059626763768775959e-01 1.431497496586253970e-01 3.982703686845699004e-03 0.000000000000000000e+00
2.400000000000000000e+06 5.999982925819280499e-01 1.543013199817933612e-01 6.970869367319071364e-01 1.450842057350933134e-01 3.527537551206190360e-03 0.000000000000000000e+00
2.440000000000000000e+06 6.099982641249601656e-01 1.733045061447428259e-01 6.610150204824760678e-01 1.618115612198452458e-01 3.868912152935821518e-03 0.000000000000000000e+00
2.480000000000000000e+06 6.199982356679925033e-01 1.767182521620391522e-01 6.564633591260810030e-01 1.635184342284934089e-01 3.299954483386436255e-03 0.000000000000000000e+00
2.520000000000000000e+06 6.299982072110248410e-01 1.836595357305416398e-01 6.373463814292216201e-01 1.726217569412835662e-01 6.372325898953117539e-03 0.000000000000000000e+00
2.560000000000000000e+06 6.399981787540569567e-01 1.909421939007737712e-01 6.214155666818388379e-01 1.830905780609922706e-01 4.551661356395083832e-03 0.000000000000000000e+00
2.600000000000000000e+06 6.499981502970890723e-01 2.000455166135639562e-01 5.984296768320437332e-01 1.935593991807009473e-01 7.965407373691398007e-03 0.000000000000000000e+00
2.640000000000000000e+06 6.599981218401211880e-01 1.821802457897132577e-01 6.491807009558488994e-01 1.648839326354119283e-01 3.755120619025944465e-03 0.000000000000000000e+00
2.680000000000000000e+06 6.699980933831533036e-01 1.828629949931725174e-01 6.496358670914883504e-01 1.632908511606736557e-01 4.210286754665453109e-03 0.000000000000000000e+00
2.720000000000000000e+06 6.799980649261856414e-01 1.908284023668639084e-01 6.420118343195265753e-01 1.636322257624032717e-01 3.527537551206190360e-03 0.000000000000000000e+00
2.760000000000000000e+06 6.899980364692177570e-01 1.833181611288120239e-01 6.566909421939007840e-01 1.574874829312699065e-01 2.503413746017296455e-03 0.000000000000000000e+00
2.800000000000000000e+06 6.999980080122494286e-01 1.821802457897132577e-01 6.595357305416477134e-01 1.568047337278106468e-01 1.479289940828402332e-03 0.000000000000000000e+00
2.840000000000000000e+06 7.099979795552815443e-01 1.727355484751934567e-01 6.700045516613564178e-01 1.548702776513427304e-01 2.389622212107419402e-03 0.000000000000000000e+00
2.880000000000000000e+06 7.199979510983138820e-01 1.746700045516613453e-01 6.717114246700045532e-01 1.515703231679562946e-01 2.048247610377787811e-03 0.000000000000000000e+00
2.920000000000000000e+06 7.299979226413459976e-01 1.843422849340008995e-01 6.418980427856167958e-01 1.704597177969958965e-01 3.299954483386436255e-03 0.000000000000000000e+00
2.960000000000000000e+06 7.399978941843781133e-01 1.891215293582157453e-01 6.484979517523896675e-01 1.604460628129267263e-01 1.934456076467910759e-03 0.000000000000000000e+00
3.000000000000000000e+06 7.499978657274102289e-01 1.850250341374601593e-01 6.581702321347291385e-01 1.555530268548019901e-01 1.251706873008648227e-03 0.000000000000000000e+00
3.040000000000000000e+06 7.599978372704423446e-01 1.826354119253527641e-01 6.602184797451069453e-01 1.558944014565316338e-01 1.251706873008648227e-03 0.000000000000000000e+00
3.080000000000000000e+06 7.699978088134744603e-01 1.837733272644515303e-01 6.599908966772871644e-01 1.555530268548019901e-01 6.827492034592626399e-04 0.000000000000000000e+00
3.120000000000000000e+06 7.799977803565065759e-01 1.853664087391898030e-01 6.538461538461538547e-01 1.587391898042785632e-01 2.048247610377787811e-03 0.000000000000000000e+00
3.160000000000000000e+06 7.899977518995386916e-01 1.852526172052799402e-01 6.544151115157031962e-01 1.583978152025489194e-01 1.934456076467910759e-03 0.000000000000000000e+00
3.200000000000000000e+06 7.999977234425708073e-01 1.942421483841602070e-01 6.454255803368229572e-01 1.588529813381884259e-01 1.479289940828402332e-03 0.000000000000000000e+00
3.240000000000000000e+06 8.099976949856029229e-01 1.843422849340008995e-01 6.621529358215748617e-01 1.498634501593081592e-01 3.641329085116067413e-03 0.000000000000000000e+00
3.280000000000000000e+06 8.199976665286352606e-01 1.867319071461083224e-01 6.616977696859354108e-01 1.470186618115612298e-01 4.551661356395083832e-03 0.000000000000000000e+00
3.320000000000000000e+06 8.299976380716673763e-01 1.957214383249886169e-01 6.537323623122439642e-01 1.417842512517068776e-01 8.761948111060537808e-03 0.000000000000000000e+00
3.360000000000000000e+06 8.399976096146994919e-01 1.851388256713700498e-01 6.547564861174328676e-01 1.593081474738279601e-01 7.965407373691396923e-04 0.000000000000000000e+00
3.400000000000000000e+06 8.499975811577316076e-01 1.843422849340008995e-01 6.556668183887118806e-01 1.591943559399180697e-01 7.965407373691396923e-04 0.000000000000000000e+00
3.440000000000000000e+06 8.599975527007637233e-01 1.974283113336367801e-01 6.628356850250340937e-01 1.381429221665907980e-01 1.593081474738279385e-03 0.000000000000000000e+00
3.480000000000000000e+06 8.699975242437958389e-01 1.954938552571688637e-01 6.652253072371415721e-01 1.380291306326809353e-01 1.251706873008648227e-03 0.000000000000000000e+00
3.520000000000000000e+06 8.799974957868279546e-01 2.010696404187528319e-01 6.667045971779699265e-01 1.280154756486117373e-01 4.210286754665453109e-03 0.000000000000000000e+00
3.560000000000000000e+06 8.899974673298600703e-01 2.032316795630405015e-01 6.390532544378698665e-01 1.558944014565316338e-01 1.820664542558033706e-03 0.000000000000000000e+00
3.600000000000000000e+06 8.999974388728921859e-01 2.033454710969503920e-01 6.375739644970414011e-01 1.556668183887118806e-01 3.413746017296313308e-03 0.000000000000000000e+00
3.640000000000000000e+06 9.099974104159243016e-01 2.086936731907146070e-01 6.285844333181611621e-01 1.591943559399180697e-01 3.527537551206190360e-03 0.000000000000000000e+00
3.680000000000000000e+06 9.199973819589566393e-01 2.139280837505689592e-01 5.861401911697770029e-01 1.978834774692762866e-01 2.048247610377787811e-03 0.000000000000000000e+00
3.720000000000000000e+06 9.299973535019887549e-01 2.142694583522985752e-01 5.837505689576695245e-01 1.991351843422849432e-01 2.844788347746927612e-03 0.000000000000000000e+00
3.760000000000000000e+06 9.399973250450208706e-01 2.167728720983158885e-01 5.747610377787892855e-01 2.055075102412380617e-01 2.958579881656804664e-03 0.000000000000000000e+00
3.800000000000000000e+06 9.499972965880529863e-01 2.116522530723714268e-01 5.461993627674101015e-01 2.365725989986345035e-01 5.575785161583977738e-03 0.000000000000000000e+00
3.840000000000000000e+06 9.599972681310851019e-01 2.160901228948566288e-01 5.467683204369594430e-01 2.320209376422394110e-01 5.120619025944469528e-03 0.000000000000000000e+00
3.880000000000000000e+06 9.699972396741172176e-01 2.066454255803368278e-01 4.668866636322257513e-01 3.249886208466090110e-01 1.479289940828402332e-03 0.000000000000000000e+00
3.920000000000000000e+06 9.799972112171493333e-01 2.039144287664997612e-01 4.680245789713245452e-01 3.268092853891670369e-01 1.251706873008648227e-03 0.000000000000000000e+00
3.960000000000000000e+06 9.899971827601814489e-01 2.035730541647701453e-01 4.679107874374146547e-01 3.269230769230769273e-01 1.593081474738279385e-03 0.000000000000000000e+00
4.000000000000000000e+06 9.999971543032135646e-01 2.044833864360491582e-01 4.674556213017751483e-01 3.265817023213473114e-01 1.479289940828402332e-03 0.000000000000000000e+00
