# itime ezz other fcc hcp bcc ico
0.000000000000000000e+00 0.000000000000000000e+00 0.000000000000000000e+00 1.000000000000000000e+00 0.000000000000000000e+00 0.000000000000000000e+00 0.000000000000000000e+00
8.000000000000000000e+03 1.999995609992089030e-03 0.000000000000000000e+00 1.000000000000000000e+00 0.000000000000000000e+00 0.000000000000000000e+00 0.000000000000000000e+00
1.600000000000000000e+04 3.999991219984178059e-03 0.000000000000000000e+00 1.000000000000000000e+00 0.000000000000000000e+00 0.000000000000000000e+00 0.000000000000000000e+00
2.400000000000000000e+04 5.999986829976489133e-03 0.000000000000000000e+00 1.000000000000000000e+00 0.000000000000000000e+00 0.000000000000000000e+00 0.000000000000000000e+00
3.200000000000000000e+04 7.999982439968578163e-03 0.000000000000000000e+00 1.000000000000000000e+00 0.000000000000000000e+00 0.000000000000000000e+00 0.000000000000000000e+00
4.000000000000000000e+04 9.999978049960667192e-03 0.000000000000000000e+00 1.000000000000000000e+00 0.000000000000000000e+00 0.000000000000000000e+00 0.000000000000000000e+00
4.800000000000000000e+04 1.199997365995275622e-02 0.000000000000000000e+00 1.000000000000000000e+00 0.000000000000000000e+00 0.000000000000000000e+00 0.000000000000000000e+00
5.600000000000000000e+04 1.399996926994506730e-02 0.000000000000000000e+00 1.000000000000000000e+00 0.000000000000000000e+00 0.000000000000000000e+00 0.000000000000000000e+00
6.400000000000000000e+04 1.599996487993715633e-02 0.000000000000000000e+00 1.000000000000000000e+00 0.000000000000000000e+00 0.000000000000000000e+00 0.000000000000000000e+00
7.200000000000000000e+04 1.799996048992924536e-02 0.000000000000000000e+00 1.000000000000000000e+00 0.000000000000000000e+00 0.000000000000000000e+00 0.000000000000000000e+00
8.000000000000000000e+04 1.999995609992133438e-02 0.000000000000000000e+00 1.000000000000000000e+00 0.000000000000000000e+00 0.000000000000000000e+00 0.000000000000000000e+00
8.800000000000000000e+04 2.199995170991342341e-02 0.000000000000000000e+00 1.000000000000000000e+00 0.000000000000000000e+00 0.000000000000000000e+00 0.000000000000000000e+00
9.600000000000000000e+04 2.399994731990573449e-02 0.000000000000000000e+00 1.000000000000000000e+00 0.000000000000000000e+00 0.000000000000000000e+00 0.000000000000000000e+00
1.040000000000000000e+05 2.599994292989782352e-02 0.000000000000000000e+00 1.000000000000000000e+00 0.000000000000000000e+00 0.000000000000000000e+00 0.000000000000000000e+00
1.120000000000000000e+05 2.799993853988991255e-02 0.000000000000000000e+00 1.000000000000000000e+00 0.000000000000000000e+00 0.000000000000000000e+00 0.000000000000000000e+00
1.200000000000000000e+05 2.999993414988200158e-02 0.000000000000000000e+00 1.000000000000000000e+00 0.000000000000000000e+00 0.000000000000000000e+00 0.000000000000000000e+00
1.280000000000000000e+05 3.199992975987409061e-02 0.000000000000000000e+00 1.000000000000000000e+00 0.000000000000000000e+00 0.000000000000000000e+00 0.000000000000000000e+00
1.360000000000000000e+05 3.399992536986640168e-02 0.000000000000000000e+00 1.000000000000000000e+00 0.000000000000000000e+00 0.000000000000000000e+00 0.000000000000000000e+00
1.440000000000000000e+05 3.599992097985849071e-02 0.000000000000000000e+00 1.000000000000000000e+00 0.000000000000000000e+00 0.000000000000000000e+00 0.000000000000000000e+00
1.520000000000000000e+05 3.799991658985057974e-02 0.000000000000000000e+00 1.000000000000000000e+00 0.000000000000000000e+00 0.000000000000000000e+00 0.000000000000000000e+00
1.600000000000000000e+05 3.999991219984266877e-02 0.000000000000000000e+00 1.000000000000000000e+00 0.000000000000000000e+00 0.000000000000000000e+00 0.000000000000000000e+00
1.680000000000000000e+05 4.199990780983497984e-02 0.000000000000000000e+00 1.000000000000000000e+00 0.000000000000000000e+00 0.000000000000000000e+00 0.000000000000000000e+00
1.760000000000000000e+05 4.399990341982706887e-02 0.000000000000000000e+00 1.000000000000000000e+00 0.000000000000000000e+00 0.000000000000000000e+00 0.000000000000000000e+00
1.840000000000000000e+05 4.599989902981915790e-02 0.000000000000000000e+00 1.000000000000000000e+00 0.000000000000000000e+00 0.000000000000000000e+00 0.000000000000000000e+00
1.920000000000000000e+05 4.799989463981124693e-02 0.000000000000000000e+00 1.000000000000000000e+00 0.000000000000000000e+00 0.000000000000000000e+00 0.000000000000000000e+00
2.000000000000000000e+05 4.999989024980333596e-02 0.000000000000000000e+00 1.000000000000000000e+00 0.000000000000000000e+00 0.000000000000000000e+00 0.000000000000000000e+00
2.080000000000000000e+05 5.199988585979564704e-02 0.000000000000000000e+00 1.000000000000000000e+00 0.000000000000000000e+00 0.000000000000000000e+00 0.000000000000000000e+00
2.160000000000000000e+05 5.399988146978773607e-02 0.000000000000000000e+00 1.000000000000000000e+00 0.000000000000000000e+00 0.000000000000000000e+00 0.000000000000000000e+00
2.240000000000000000e+05 5.599987707977982510e-02 0.000000000000000000e+00 1.000000000000000000e+00 0.000000000000000000e+00 0.000000000000000000e+00 0.000000000000000000e+00
2.320000000000000000e+05 5.799987268977191412e-02 0.000000000000000000e+00 1.000000000000000000e+00 0.000000000000000000e+00 0.000000000000000000e+00 0.000000000000000000e+00
2.400000000000000000e+05 5.999986829976400315e-02 0.000000000000000000e+00 1.000000000000000000e+00 0.000000000000000000e+00 0.000000000000000000e+00 0.000000000000000000e+00
2.480000000000000000e+05 6.199986390975631423e-02 0.000000000000000000e+00 1.000000000000000000e+00 0.000000000000000000e+00 0.000000000000000000e+00 0.000000000000000000e+00
2.560000000000000000e+05 6.399985951974840326e-02 0.000000000000000000e+00 1.000000000000000000e+00 0.000000000000000000e+00 0.000000000000000000e+00 0.000000000000000000e+00
2.640000000000000000e+05 6.599985512974049229e-02 0.000000000000000000e+00 1.000000000000000000e+00 0.000000000000000000e+00 0.000000000000000000e+00 0.000000000000000000e+00
2.720000000000000000e+05 6.799985073973258132e-02 0.000000000000000000e+00 1.000000000000000000e+00 0.000000000000000000e+00 0.000000000000000000e+00 0.000000000000000000e+00
2.800000000000000000e+05 6.999984634972489239e-02 0.000000000000000000e+00 1.000000000000000000e+00 0.000000000000000000e+00 0.000000000000000000e+00 0.000000000000000000e+00
2.880000000000000000e+05 7.199984195971698142e-02 2.275830678197542133e-04 9.997724169321802190e-01 0.000000000000000000e+00 0.000000000000000000e+00 0.000000000000000000e+00
2.960000000000000000e+05 7.399983756970907045e-02 1.137915339098771066e-04 9.998862084660901095e-01 0.000000000000000000e+00 0.000000000000000000e+00 0.000000000000000000e+00
3.040000000000000000e+05 7.599983317970115948e-02 0.000000000000000000e+00 1.000000000000000000e+00 0.000000000000000000e+00 0.000000000000000000e+00 0.000000000000000000e+00
3.120000000000000000e+05 7.799982878969324851e-02 0.000000000000000000e+00 1.000000000000000000e+00 0.000000000000000000e+00 0.000000000000000000e+00 0.000000000000000000e+00
3.200000000000000000e+05 7.999982439968555958e-02 1.820664542558033706e-03 9.981793354574419741e-01 0.000000000000000000e+00 0.000000000000000000e+00 0.000000000000000000e+00
3.280000000000000000e+05 8.199982000967764861e-02 2.275830678197542133e-04 9.997724169321802190e-01 0.000000000000000000e+00 0.000000000000000000e+00 0.000000000000000000e+00
3.360000000000000000e+05 8.399981561966973764e-02 0.000000000000000000e+00 1.000000000000000000e+00 0.000000000000000000e+00 0.000000000000000000e+00 0.000000000000000000e+00
3.440000000000000000e+05 8.599981122966182667e-02 2.275830678197542133e-04 9.997724169321802190e-01 0.000000000000000000e+00 0.000000000000000000e+00 0.000000000000000000e+00
3.520000000000000000e+05 8.799980683965413775e-02 2.048247610377787811e-03 9.979517523896221931e-01 0.000000000000000000e+00 0.000000000000000000e+00 0.000000000000000000e+00
3.600000000000000000e+05 8.999980244964622678e-02 1.365498406918525280e-03 9.986345015930814251e-01 0.000000000000000000e+00 0.000000000000000000e+00 0.000000000000000000e+00
3.680000000000000000e+05 9.199979805963831581e-02 2.275830678197542133e-04 9.997724169321802190e-01 0.000000000000000000e+00 0.000000000000000000e+00 0.000000000000000000e+00
3.760000000000000000e+05 9.399979366963040484e-02 1.024123805188893906e-03 9.988620846609012061e-01 0.000000000000000000e+00 1.137915339098771066e-04 0.000000000000000000e+00
3.840000000000000000e+05 9.599978927962249386e-02 1.934456076467910759e-03 9.978379608557123026e-01 0.000000000000000000e+00 2.275830678197542133e-04 0.000000000000000000e+00
3.920000000000000000e+05 9.799978488961480494e-02 1.820664542558033706e-03 9.981793354574419741e-01 0.000000000000000000e+00 0.000000000000000000e+00 0.000000000000000000e+00
4.000000000000000000e+05 9.999978049960689397e-02 3.186162949476558769e-03 9.967000455166135087e-01 0.000000000000000000e+00 1.137915339098771066e-04 0.000000000000000000e+00
4.080000000000000000e+05 1.019997761095989830e-01 5.917159763313609329e-03 9.939690487027764698e-01 0.000000000000000000e+00 1.137915339098771066e-04 0.000000000000000000e+00
4.160000000000000000e+05 1.039997717195910720e-01 6.827492034592626616e-03 9.930587164314974569e-01 0.000000000000000000e+00 1.137915339098771066e-04 0.000000000000000000e+00
4.240000000000000000e+05 1.059997673295831611e-01 1.149294492489758707e-02 9.874829312699134887e-01 0.000000000000000000e+00 1.024123805188893906e-03 0.000000000000000000e+00
4.320000000000000000e+05 1.079997629395754721e-01 5.052344105598543383e-02 6.474738279472007640e-01 2.971096950386891145e-01 4.893035958124715423e-03 0.000000000000000000e+00
4.400000000000000000e+05 1.099997585495675612e-01 5.086481565771506369e-02 6.450842057350932857e-01 2.988165680473373054e-01 5.234410559854347014e-03 0.000000000000000000e+00
4.480000000000000000e+05 1.119997541595596502e-01 5.052344105598543383e-02 6.453117888029130667e-01 3.005234410559854408e-01 3.641329085116067413e-03 0.000000000000000000e+00
4.560000000000000000e+05 1.139997497695517392e-01 5.040964952207555722e-02 6.451979972690031762e-01 3.005234410559854408e-01 3.868912152935821518e-03 0.000000000000000000e+00
4.640000000000000000e+05 1.159997453795440503e-01 5.109239872553481693e-02 6.455393718707328476e-01 2.996131087847064278e-01 3.755120619025944465e-03 0.000000000000000000e+00
4.720000000000000000e+05 1.179997409895361393e-01 5.029585798816568060e-02 6.444014565316340537e-01 3.008648156577150568e-01 4.437869822485207214e-03 0.000000000000000000e+00
4.800000000000000000e+05 1.199997365995282284e-01 5.075102412380518707e-02 6.445152480655439442e-01 3.000682749203459343e-01 4.665452890304961318e-03 0.000000000000000000e+00
4.880000000000000000e+05 1.219997322095203174e-01 5.052344105598543383e-02 6.446290395994538347e-01 3.004096495220755503e-01 4.437869822485207214e-03 0.000000000000000000e+00
4.960000000000000000e+05 1.239997278195124064e-01 5.120619025944470049e-02 6.438324988620847122e-01 3.002958579881656598e-01 4.665452890304961318e-03 0.000000000000000000e+00
5.040000000000000000e+05 1.259997234295047175e-01 4.984069185252617412e-02 6.437187073281748217e-01 3.018889394629039602e-01 4.551661356395083832e-03 0.000000000000000000e+00
5.120000000000000000e+05 1.279997190394968065e-01 5.166135639508420696e-02 6.421256258534364658e-01 3.007510241238051663e-01 5.461993627674101119e-03 0.000000000000000000e+00
5.200000000000000000e+05 1.299997146494888955e-01 5.109239872553481693e-02 6.400773782430587699e-01 3.035958124715520956e-01 5.234410559854347014e-03 0.000000000000000000e+00
5.280000000000000000e+05 1.319997102594809846e-01 4.710969503868912139e-02 6.404187528447883304e-01 3.088302230314064478e-01 3.641329085116067413e-03 0.000000000000000000e+00
5.360000000000000000e+05 1.339997058694730736e-01 4.961310878470642088e-02 6.375739644970414011e-01 3.081474738279472159e-01 4.665452890304961318e-03 0.000000000000000000e+00
5.440000000000000000e+05 1.359997014794653847e-01 4.824761037778789452e-02 6.376877560309512916e-01 3.106508875739644737e-01 3.413746017296313308e-03 0.000000000000000000e+00
5.520000000000000000e+05 1.379996970894574737e-01 4.824761037778789452e-02 6.339326354119253493e-01 3.140646335912608000e-01 3.755120619025944465e-03 0.000000000000000000e+00
5.600000000000000000e+05 1.399996926994495627e-01 4.836140191169777114e-02 6.310878470641784199e-01 3.167956304050978389e-01 3.755120619025944465e-03 0.000000000000000000e+00
5.680000000000000000e+05 1.419996883094416518e-01 4.642694583522986168e-02 6.305188893946290785e-01 3.186162949476559203e-01 4.437869822485207214e-03 0.000000000000000000e+00
5.760000000000000000e+05 1.439996839194339628e-01 4.722348657259899801e-02 6.263086026399635742e-01 3.218024578971324656e-01 4.665452890304961318e-03 0.000000000000000000e+00
5.840000000000000000e+05 1.459996795294260519e-01 4.733727810650887463e-02 6.256258534365043422e-01 3.247610377787892855e-01 2.275830678197541916e-03 0.000000000000000000e+00
5.920000000000000000e+05 1.479996751394181409e-01 4.540282203004096517e-02 6.246017296313154388e-01 3.277196176604460498e-01 2.275830678197541916e-03 0.000000000000000000e+00
6.000000000000000000e+05 1.499996707494102299e-01 4.904415111515703085e-02 6.166363222576239922e-01 3.322712790168411701e-01 2.048247610377787811e-03 0.000000000000000000e+00
6.080000000000000000e+05 1.519996663594023190e-01 4.585798816568047165e-02 6.114019116977696955e-01 3.394401456531633832e-01 3.299954483386436255e-03 0.000000000000000000e+00
6.160000000000000000e+05 1.539996619693946300e-01 4.733727810650887463e-02 6.062812926718251783e-01 3.429676832043696000e-01 3.413746017296313308e-03 0.000000000000000000e+00
6.240000000000000000e+05 1.559996575793867191e-01 4.619936276741010150e-02 6.164087391898043222e-01 3.345471096950387024e-01 2.844788347746927612e-03 0.000000000000000000e+00
6.320000000000000000e+05 1.579996531893788081e-01 4.267182521620391245e-02 6.186845698680017991e-01 3.357988165680473314e-01 2.844788347746927612e-03 0.000000000000000000e+00
6.400000000000000000e+05 1.599996487993708971e-01 4.528903049613108855e-02 6.170914883932635542e-01 3.337505689576695245e-01 3.868912152935821518e-03 0.000000000000000000e+00
6.480000000000000000e+05 1.619996444093632082e-01 4.301319981793354230e-02 6.176604460628128956e-01 3.352298588984979344e-01 4.096495220755575623e-03 0.000000000000000000e+00
6.560000000000000000e+05 1.639996400193552972e-01 3.641329085116067066e-02 6.412152935821574529e-01 3.197542102867546587e-01 2.617205279927173507e-03 0.000000000000000000e+00
6.640000000000000000e+05 1.659996356293473863e-01 3.709604005461993731e-02 6.433773327264451503e-01 3.165680473372781134e-01 2.958579881656804664e-03 0.000000000000000000e+00
6.720000000000000000e+05 1.679996312393394753e-01 3.868912152935821691e-02 6.431497496586253693e-01 3.155439235320892100e-01 2.617205279927173507e-03 0.000000000000000000e+00
6.800000000000000000e+05 1.699996268493315643e-01 3.925807919890760000e-02 6.430359581247154788e-01 3.155439235320892100e-01 2.162039144287664864e-03 0.000000000000000000e+00
6.880000000000000000e+05 1.719996224593238754e-01 3.959945380063722986e-02 6.413290851160673434e-01 3.165680473372781134e-01 2.503413746017296455e-03 0.000000000000000000e+00
6.960000000000000000e+05 1.739996180693159644e-01 3.914428766499772339e-02 6.418980427856167958e-01 3.164542558033682229e-01 2.503413746017296455e-03 0.000000000000000000e+00
7.040000000000000000e+05 1.759996136793080534e-01 4.210286754665452935e-02 6.399635867091488795e-01 3.156577150659991005e-01 2.275830678197541916e-03 0.000000000000000000e+00
7.120000000000000000e+05 1.779996092893001425e-01 4.836140191169777114e-02 6.365498406918524976e-01 3.121301775147928836e-01 2.958579881656804664e-03 0.000000000000000000e+00
7.200000000000000000e+05 1.799996048992922315e-01 9.239872553482020301e-02 6.276741010468821491e-01 2.776513427401001155e-01 2.275830678197541916e-03 0.000000000000000000e+00
7.280000000000000000e+05 1.819996005092845426e-01 9.137460172963131344e-02 6.273327264451524776e-01 2.793582157487483064e-01 1.934456076467910759e-03 0.000000000000000000e+00
7.360000000000000000e+05 1.839995961192766316e-01 9.979517523896222486e-02 5.967228038233954868e-01 3.007510241238051663e-01 2.730996813837050560e-03 0.000000000000000000e+00
7.440000000000000000e+05 1.859995917292687206e-01 1.227810650887573990e-01 6.205052344105598250e-01 2.463586709148839204e-01 1.035502958579881741e-02 0.000000000000000000e+00
7.520000000000000000e+05 1.879995873392608097e-01 1.025261720527992776e-01 6.525944469731451703e-01 2.383932635411925294e-01 6.486117432862995025e-03 0.000000000000000000e+00
7.600000000000000000e+05 1.899995829492531207e-01 1.008192990441511144e-01 6.849112426035502965e-01 2.066454255803368278e-01 7.624032771961766417e-03 0.000000000000000000e+00
7.680000000000000000e+05 1.919995785592452098e-01 1.001365498406918547e-01 6.883249886208465673e-01 2.030040964952207483e-01 8.534365043240782836e-03 0.000000000000000000e+00
7.760000000000000000e+05 1.939995741692372988e-01 1.004779244424214846e-01 6.919663177059627301e-01 1.997041420118343125e-01 7.851615839781519654e-03 0.000000000000000000e+00
7.840000000000000000e+05 1.959995697792293878e-01 9.990896677287210148e-02 6.961766044606281234e-01 1.962903959945380139e-01 7.624032771961766417e-03 0.000000000000000000e+00
7.920000000000000000e+05 1.979995653892214769e-01 1.016158397815202508e-01 6.961766044606281234e-01 1.946973145197997135e-01 7.510241238051888930e-03 0.000000000000000000e+00
8.000000000000000000e+05 1.999995609992137879e-01 1.033227127901684139e-01 6.977696859353663683e-01 1.918525261720528119e-01 7.055075102412380721e-03 0.000000000000000000e+00
8.080000000000000000e+05 2.019995566092058770e-01 1.015020482476103741e-01 6.968593536640873554e-01 1.952662721893491105e-01 6.372325898953117539e-03 0.000000000000000000e+00
8.160000000000000000e+05 2.039995522191979660e-01 9.911242603550296515e-02 7.094902139280837572e-01 1.832043695949021334e-01 8.192990441511151245e-03 0.000000000000000000e+00
8.240000000000000000e+05 2.059995478291900550e-01 1.294947655894401473e-01 6.696631770596267463e-01 1.907146108329540179e-01 1.012744651797906244e-02 0.000000000000000000e+00
8.320000000000000000e+05 2.079995434391821441e-01 1.208466090122894826e-01 7.294037323623122626e-01 1.432635411925352875e-01 6.486117432862995025e-03 0.000000000000000000e+00
8.400000000000000000e+05 2.099995390491744551e-01 1.157259899863450209e-01 7.363450159308146947e-01 1.437187073281747940e-01 4.210286754665453109e-03 0.000000000000000000e+00
8.480000000000000000e+05 2.119995346591665442e-01 1.165225307237141572e-01 7.354346836595356818e-01 1.440600819299044100e-01 3.982703686845699004e-03 0.000000000000000000e+00
8.560000000000000000e+05 2.139995302691586332e-01 1.162949476558944040e-01 7.363450159308146947e-01 1.439462903959945472e-01 3.413746017296313308e-03 0.000000000000000000e+00
8.640000000000000000e+05 2.159995258791507222e-01 1.160673645880746507e-01 7.381656804733728316e-01 1.418980427856167403e-01 3.868912152935821518e-03 0.000000000000000000e+00
8.720000000000000000e+05 2.179995214891430333e-01 1.147018661811561174e-01 7.410104688211197610e-01 1.398497951752389612e-01 4.437869822485207214e-03 0.000000000000000000e+00
8.800000000000000000e+05 2.199995170991351223e-01 1.137915339098771045e-01 7.412380518889394310e-01 1.413290851160673711e-01 3.641329085116067413e-03 0.000000000000000000e+00
8.880000000000000000e+05 2.219995127091272114e-01 1.157259899863450209e-01 7.405553026854801990e-01 1.393946290395994547e-01 4.324078288575329727e-03 0.000000000000000000e+00
8.960000000000000000e+05 2.239995083191193004e-01 1.176604460628129234e-01 7.380518889394629412e-01 1.397360036413290985e-01 4.551661356395083832e-03 0.000000000000000000e+00
9.040000000000000000e+05 2.259995039291113894e-01 1.177742375967228000e-01 7.387346381429221731e-01 1.395084205735093175e-01 3.982703686845699004e-03 0.000000000000000000e+00
9.120000000000000000e+05 2.279994995391037005e-01 1.116294947655894348e-01 7.410104688211197610e-01 1.429221665908056438e-01 4.437869822485207214e-03 0.000000000000000000e+00
9.200000000000000000e+05 2.299994951490957895e-01 1.131087847064178448e-01 7.398725534820209671e-01 1.430359581247155343e-01 3.982703686845699004e-03 0.000000000000000000e+00
9.280000000000000000e+05 2.319994907590878785e-01 1.114019116977696816e-01 7.414656349567592120e-01 1.425807919890760000e-01 4.551661356395083832e-03 0.000000000000000000e+00
9.360000000000000000e+05 2.339994863690799676e-01 1.085571233500227523e-01 7.413518434228493215e-01 1.459945380063723264e-01 4.096495220755575623e-03 0.000000000000000000e+00
9.440000000000000000e+05 2.359994819790722786e-01 1.111743286299499284e-01 7.412380518889394310e-01 1.450842057350933134e-01 2.503413746017296455e-03 0.000000000000000000e+00
9.520000000000000000e+05 2.379994775890643677e-01 1.127674101046882149e-01 7.387346381429221731e-01 1.434911242603550408e-01 5.006827492034592909e-03 0.000000000000000000e+00
9.600000000000000000e+05 2.399994731990564567e-01 1.120846609012289552e-01 7.385070550751023921e-01 1.450842057350933134e-01 4.324078288575329727e-03 0.000000000000000000e+00
9.680000000000000000e+05 2.419994688090485457e-01 1.141329085116067343e-01 7.369139736003641472e-01 1.459945380063723264e-01 2.958579881656804664e-03 0.000000000000000000e+00
9.760000000000000000e+05 2.439994644190406348e-01 1.139053254437869811e-01 7.378243058716431602e-01 1.442876649977241632e-01 3.982703686845699004e-03 0.000000000000000000e+00
9.840000000000000000e+05 2.459994600290329458e-01 1.136777423759672279e-01 7.361174328629950248e-01 1.453117888029130667e-01 4.893035958124715423e-03 0.000000000000000000e+00
9.920000000000000000e+05 2.479994556390250349e-01 1.150432407828857473e-01 7.380518889394629412e-01 1.441738734638143005e-01 2.730996813837050560e-03 0.000000000000000000e+00
1.000000000000000000e+06 2.499994512490171239e-01 1.156121984524351443e-01 7.381656804733728316e-01 1.417842512517068776e-01 4.437869822485207214e-03 0.000000000000000000e+00
1.008000000000000000e+06 2.519994468590092129e-01 1.131087847064178448e-01 7.339553937187073274e-01 1.483841602184797492e-01 4.551661356395083832e-03 0.000000000000000000e+00
1.016000000000000000e+06 2.539994424690013020e-01 1.139053254437869811e-01 7.347519344560764498e-01 1.469048702776513393e-01 4.437869822485207214e-03 0.000000000000000000e+00
1.024000000000000000e+06 2.559994380789936130e-01 1.256258534365043145e-01 7.295175238962221531e-01 1.411015020482476179e-01 3.755120619025944465e-03 0.000000000000000000e+00
1.032000000000000000e+06 2.579994336889857021e-01 1.256258534365043145e-01 7.287209831588530307e-01 1.417842512517068776e-01 3.868912152935821518e-03 0.000000000000000000e+00
1.040000000000000000e+06 2.599994292989777911e-01 1.301775147928994070e-01 7.253072371415566488e-01 1.411015020482476179e-01 3.413746017296313308e-03 0.000000000000000000e+00
1.048000000000000000e+06 2.619994249089698801e-01 1.302913063268092975e-01 7.236003641329085134e-01 1.423532089212562468e-01 3.755120619025944465e-03 0.000000000000000000e+00
1.056000000000000000e+06 2.639994205189621912e-01 1.376877560309512916e-01 7.088074647246245252e-01 1.489531178880291185e-01 4.551661356395083832e-03 0.000000000000000000e+00
1.064000000000000000e+06 2.659994161289542802e-01 1.444014565316340537e-01 6.994765589440146147e-01 1.529358215748748417e-01 3.186162949476558769e-03 0.000000000000000000e+00
1.072000000000000000e+06 2.679994117389463693e-01 1.475876194811105990e-01 6.968593536640873554e-01 1.529358215748748417e-01 2.617205279927173507e-03 0.000000000000000000e+00
1.080000000000000000e+06 2.699994073489384583e-01 1.446290395994538069e-01 6.970869367319071364e-01 1.543013199817933612e-01 3.982703686845699004e-03 0.000000000000000000e+00
1.088000000000000000e+06 2.719994029589305473e-01 1.484979517523896120e-01 6.863905325443786509e-01 1.593081474738279601e-01 5.803368229403732710e-03 0.000000000000000000e+00
1.096000000000000000e+06 2.739993985689228584e-01 1.505461993627674189e-01 6.484979517523896675e-01 1.962903959945380139e-01 4.665452890304961318e-03 0.000000000000000000e+00
1.104000000000000000e+06 2.759993941789149474e-01 1.491807009558488717e-01 6.496358670914883504e-01 1.969731451979972736e-01 4.210286754665453109e-03 0.000000000000000000e+00
1.112000000000000000e+06 2.779993897889070364e-01 1.530496131087847045e-01 6.429221665908056993e-01 2.002730996813837094e-01 3.755120619025944465e-03 0.000000000000000000e+00
1.120000000000000000e+06 2.799993853988991255e-01 1.492944924897587622e-01 6.471324533454710926e-01 1.987938097405552995e-01 4.779244424214838804e-03 0.000000000000000000e+00
1.128000000000000000e+06 2.819993810088912145e-01 1.512289485662266786e-01 6.428083750568958088e-01 2.006144742831133254e-01 5.348202093764223633e-03 0.000000000000000000e+00
1.136000000000000000e+06 2.839993766188835256e-01 1.514565316340464318e-01 6.423532089212562468e-01 2.015248065543923661e-01 4.665452890304961318e-03 0.000000000000000000e+00
1.144000000000000000e+06 2.859993722288756146e-01 1.514565316340464318e-01 6.393946290395994270e-01 2.041420118343195145e-01 5.006827492034592909e-03 0.000000000000000000e+00
1.152000000000000000e+06 2.879993678388677036e-01 1.543013199817933612e-01 6.350705507510241432e-01 2.061902594446973214e-01 4.437869822485207214e-03 0.000000000000000000e+00
1.160000000000000000e+06 2.899993634488597927e-01 1.573736913973600438e-01 6.120846609012289274e-01 2.262175694128356895e-01 4.324078288575329727e-03 0.000000000000000000e+00
1.168000000000000000e+06 2.919993590588521037e-01 1.599908966772872199e-01 6.120846609012289274e-01 2.240555302685480199e-01 3.868912152935821518e-03 0.000000000000000000e+00
1.176000000000000000e+06 2.939993546688441928e-01 1.601046882111970826e-01 6.081019572143832042e-01 2.262175694128356895e-01 5.575785161583977738e-03 0.000000000000000000e+00
1.184000000000000000e+06 2.959993502788362818e-01 1.626081019572143960e-01 6.203914428766499345e-01 2.116522530723714268e-01 5.348202093764223633e-03 0.000000000000000000e+00
1.192000000000000000e+06 2.979993458888283708e-01 1.538461538461538547e-01 6.634046426945835462e-01 1.778561675011379184e-01 4.893035958124715423e-03 0.000000000000000000e+00
1.200000000000000000e+06 2.999993414988204599e-01 1.556668183887118806e-01 6.642011834319526686e-01 1.753527537551206328e-01 4.779244424214838804e-03 0.000000000000000000e+00
1.208000000000000000e+06 3.019993371088127709e-01 1.515703231679562946e-01 6.692080109239872954e-01 1.760355029585798925e-01 3.186162949476558769e-03 0.000000000000000000e+00
1.216000000000000000e+06 3.039993327188048600e-01 1.519116977696859383e-01 6.685252617205279524e-01 1.761492944924897552e-01 3.413746017296313308e-03 0.000000000000000000e+00
1.224000000000000000e+06 3.059993283287969490e-01 1.494082840236686527e-01 6.689804278561675144e-01 1.779699590350477811e-01 3.641329085116067413e-03 0.000000000000000000e+00
1.232000000000000000e+06 3.079993239387890380e-01 1.536185707783341015e-01 6.648839326354119006e-01 1.775147928994082747e-01 3.982703686845699004e-03 0.000000000000000000e+00
1.240000000000000000e+06 3.099993195487813491e-01 1.500910332271279124e-01 6.690942193900774049e-01 1.767182521620391522e-01 4.096495220755575623e-03 0.000000000000000000e+00
1.248000000000000000e+06 3.119993151587734381e-01 1.447428311333636697e-01 6.728493400091033472e-01 1.794492489758761911e-01 2.958579881656804664e-03 0.000000000000000000e+00
1.256000000000000000e+06 3.139993107687655272e-01 1.483841602184797492e-01 6.706873008648156498e-01 1.774010013654984119e-01 3.527537551206190360e-03 0.000000000000000000e+00
1.264000000000000000e+06 3.159993063787576162e-01 1.498634501593081592e-01 6.701183431952663083e-01 1.767182521620391522e-01 3.299954483386436255e-03 0.000000000000000000e+00
1.272000000000000000e+06 3.179993019887497052e-01 1.522530723714155543e-01 6.712562585343649912e-01 1.727355484751934567e-01 3.755120619025944465e-03 0.000000000000000000e+00
1.280000000000000000e+06 3.199992975987420163e-01 1.507737824305871721e-01 6.694355939918069653e-01 1.767182521620391522e-01 3.072371415566681717e-03 0.000000000000000000e+00
1.288000000000000000e+06 3.219992932087341053e-01 1.553254437869822369e-01 6.645425580336823401e-01 1.747837960855712358e-01 5.348202093764223633e-03 0.000000000000000000e+00
1.296000000000000000e+06 3.239992888187261944e-01 1.607874374146563423e-01 6.610150204824760678e-01 1.736458807464724696e-01 4.551661356395083832e-03 0.000000000000000000e+00
1.304000000000000000e+06 3.259992844287182834e-01 1.593081474738279601e-01 6.579426490669094685e-01 1.775147928994082747e-01 5.234410559854347014e-03 0.000000000000000000e+00
1.312000000000000000e+06 3.279992800387103724e-01 1.622667273554847522e-01 6.597633136094674944e-01 1.722803823395539502e-01 5.689576695493855224e-03 0.000000000000000000e+00
1.320000000000000000e+06 3.299992756487026835e-01 1.604460628129267263e-01 6.596495220755576039e-01 1.743286299499317293e-01 5.575785161583977738e-03 0.000000000000000000e+00
1.328000000000000000e+06 3.319992712586947725e-01 1.611288120163859861e-01 6.582840236686390289e-01 1.752389622212107423e-01 5.348202093764223633e-03 0.000000000000000000e+00
1.336000000000000000e+06 3.339992668686868615e-01 1.642011834319526686e-01 6.512289485662267063e-01 1.785389167045971781e-01 6.030951297223486815e-03 0.000000000000000000e+00
1.344000000000000000e+06 3.359992624786789506e-01 1.682976786527082269e-01 6.492944924897587899e-01 1.769458352298589054e-01 5.461993627674101119e-03 0.000000000000000000e+00
1.352000000000000000e+06 3.379992580886712616e-01 1.665908056440600915e-01 6.483841602184797770e-01 1.785389167045971781e-01 6.486117432862995025e-03 0.000000000000000000e+00
1.360000000000000000e+06 3.399992536986633507e-01 1.676149294492489672e-01 6.506599908966772539e-01 1.753527537551206328e-01 6.372325898953117539e-03 0.000000000000000000e+00
1.368000000000000000e+06 3.419992493086554397e-01 1.667045971779699542e-01 6.505461993627673634e-01 1.772872098315885214e-01 5.461993627674101119e-03 0.000000000000000000e+00
1.376000000000000000e+06 3.439992449186475287e-01 1.680700955848884737e-01 6.491807009558488994e-01 1.770596267637687682e-01 5.689576695493855224e-03 0.000000000000000000e+00
1.384000000000000000e+06 3.459992405286396178e-01 1.692080109239872676e-01 6.488393263541192280e-01 1.756941283568502488e-01 6.258534365043240920e-03 0.000000000000000000e+00
1.392000000000000000e+06 3.479992361386319288e-01 1.669321802457897075e-01 6.480427856167501055e-01 1.789940828402366846e-01 6.030951297223486815e-03 0.000000000000000000e+00
1.400000000000000000e+06 3.499992317486240179e-01 1.703459262630860338e-01 6.473600364132908735e-01 1.769458352298589054e-01 5.348202093764223633e-03 0.000000000000000000e+00
1.408000000000000000e+06 3.519992273586161069e-01 1.752389622212107423e-01 6.198224852071005930e-01 1.992489758761948060e-01 5.689576695493855224e-03 0.000000000000000000e+00
1.416000000000000000e+06 3.539992229686081959e-01 1.769458352298589054e-01 6.136777423759672834e-01 2.034592626308602548e-01 5.917159763313609329e-03 0.000000000000000000e+00
1.424000000000000000e+06 3.559992185786002850e-01 1.712562585343650468e-01 6.332498862084661173e-01 1.896904870277651423e-01 5.803368229403732710e-03 0.000000000000000000e+00
1.432000000000000000e+06 3.579992141885925960e-01 1.597633136094674666e-01 6.634046426945835462e-01 1.733045061447428259e-01 3.527537551206190360e-03 0.000000000000000000e+00
1.440000000000000000e+06 3.599992097985846851e-01 1.643149749658625314e-01 6.535047792444241832e-01 1.780837505689576716e-01 4.096495220755575623e-03 0.000000000000000000e+00
1.448000000000000000e+06 3.619992054085767741e-01 1.594219390077378229e-01 6.553254437869822091e-01 1.810423304506144637e-01 4.210286754665453109e-03 0.000000000000000000e+00
1.456000000000000000e+06 3.639992010185688631e-01 1.585116067364588099e-01 6.520254893035958288e-01 1.844560764679107900e-01 5.006827492034592909e-03 0.000000000000000000e+00
1.464000000000000000e+06 3.659991966285611742e-01 1.609012289485662328e-01 6.535047792444241832e-01 1.829767865270823801e-01 2.617205279927173507e-03 0.000000000000000000e+00
1.472000000000000000e+06 3.679991922385532632e-01 1.613563950842057393e-01 6.522530723714156098e-01 1.819526627218935044e-01 4.437869822485207214e-03 0.000000000000000000e+00
1.480000000000000000e+06 3.699991878485453523e-01 1.587391898042785632e-01 6.527082385070550608e-01 1.843422849340008995e-01 4.210286754665453109e-03 0.000000000000000000e+00
1.488000000000000000e+06 3.719991834585374413e-01 1.614701866181156020e-01 6.511151570323168158e-01 1.834319526627218866e-01 3.982703686845699004e-03 0.000000000000000000e+00
1.496000000000000000e+06 3.739991790685295303e-01 1.648839326354119283e-01 6.479289940828402150e-01 1.821802457897132577e-01 5.006827492034592909e-03 0.000000000000000000e+00
1.504000000000000000e+06 3.759991746785218414e-01 1.635184342284934089e-01 6.464497041420118606e-01 1.846836595357305433e-01 5.348202093764223633e-03 0.000000000000000000e+00
1.512000000000000000e+06 3.779991702885139304e-01 1.657942649066909413e-01 6.498634501593081314e-01 1.802457897132453413e-01 4.096495220755575623e-03 0.000000000000000000e+00
1.520000000000000000e+06 3.799991658985060194e-01 1.637460172963131622e-01 6.487255348202093375e-01 1.822940373236231204e-01 5.234410559854347014e-03 0.000000000000000000e+00
1.528000000000000000e+06 3.819991615084981085e-01 1.612426035502958488e-01 6.492944924897587899e-01 1.841147018661811463e-01 5.348202093764223633e-03 0.000000000000000000e+00
1.536000000000000000e+06 3.839991571184904195e-01 1.649977241693217911e-01 6.521392808375057193e-01 1.777423759672280279e-01 5.120619025944469528e-03 0.000000000000000000e+00
1.544000000000000000e+06 3.859991527284825086e-01 1.638598088302230249e-01 6.504324078288575839e-01 1.800182066454255880e-01 5.689576695493855224e-03 0.000000000000000000e+00
1.552000000000000000e+06 3.879991483384745976e-01 1.624943104233045055e-01 6.510013654984069253e-01 1.796768320436959443e-01 6.827492034592626616e-03 0.000000000000000000e+00
1.560000000000000000e+06 3.899991439484669087e-01 1.616977696859353553e-01 6.547564861174328676e-01 1.780837505689576716e-01 5.461993627674101119e-03 0.000000000000000000e+00
1.568000000000000000e+06 3.919991395584587757e-01 1.665908056440600915e-01 6.508875739644970349e-01 1.760355029585798925e-01 6.486117432862995025e-03 0.000000000000000000e+00
1.576000000000000000e+06 3.939991351684510867e-01 1.655666818388711881e-01 6.483841602184797770e-01 1.783113336367774249e-01 7.737824305871643035e-03 0.000000000000000000e+00
1.584000000000000000e+06 3.959991307784429537e-01 1.669321802457897075e-01 6.522530723714156098e-01 1.767182521620391522e-01 4.096495220755575623e-03 0.000000000000000000e+00
1.592000000000000000e+06 3.979991263884354868e-01 1.651115157032316816e-01 6.391670459717796460e-01 1.912835685025034149e-01 4.437869822485207214e-03 0.000000000000000000e+00
1.600000000000000000e+06 3.999991219984273538e-01 1.662494310423304478e-01 6.368912152935821691e-01 1.926490669094219343e-01 4.210286754665453109e-03 0.000000000000000000e+00
1.608000000000000000e+06 4.019991176084196649e-01 1.680700955848884737e-01 6.368912152935821691e-01 1.909421939007737712e-01 4.096495220755575623e-03 0.000000000000000000e+00
1.616000000000000000e+06 4.039991132184115319e-01 1.671597633136094607e-01 6.393946290395994270e-01 1.892353208921256358e-01 4.210286754665453109e-03 0.000000000000000000e+00
1.624000000000000000e+06 4.059991088284040650e-01 1.649977241693217911e-01 6.401911697769685494e-01 1.901456531634046487e-01 4.665452890304961318e-03 0.000000000000000000e+00
1.632000000000000000e+06 4.079991044383957099e-01 1.686390532544378706e-01 6.421256258534364658e-01 1.862767410104688159e-01 2.958579881656804664e-03 0.000000000000000000e+00
1.640000000000000000e+06 4.099991000483882431e-01 1.698907601274465273e-01 6.382567137005006330e-01 1.884387801547564856e-01 3.413746017296313308e-03 0.000000000000000000e+00
1.648000000000000000e+06 4.119990956583801101e-01 1.695493855257168836e-01 6.374601729631315106e-01 1.877560309512972259e-01 5.234410559854347014e-03 0.000000000000000000e+00
1.656000000000000000e+06 4.139990912683724211e-01 1.702321347291761433e-01 6.397360036413290985e-01 1.860491579426490627e-01 3.982703686845699004e-03 0.000000000000000000e+00
1.664000000000000000e+06 4.159990868783642881e-01 1.725079654073737034e-01 6.403049613108784399e-01 1.834319526627218866e-01 3.755120619025944465e-03 0.000000000000000000e+00
1.672000000000000000e+06 4.179990824883568212e-01 1.810423304506144637e-01 6.322257624032772139e-01 1.802457897132453413e-01 6.486117432862995025e-03 0.000000000000000000e+00
1.680000000000000000e+06 4.199990780983486882e-01 1.687528447883477334e-01 6.447428311333637252e-01 1.805871643149749572e-01 5.917159763313609329e-03 0.000000000000000000e+00
1.688000000000000000e+06 4.219990737083409993e-01 1.609012289485662328e-01 6.483841602184797770e-01 1.847974510696404060e-01 5.917159763313609329e-03 0.000000000000000000e+00
1.696000000000000000e+06 4.239990693183328663e-01 1.615839781520254925e-01 6.459945380063722986e-01 1.874146563495675821e-01 5.006827492034592909e-03 0.000000000000000000e+00
1.704000000000000000e+06 4.259990649283253994e-01 1.663632225762403383e-01 6.449704142011833952e-01 1.841147018661811463e-01 4.551661356395083832e-03 0.000000000000000000e+00
1.712000000000000000e+06 4.279990605383172664e-01 1.589667728720983164e-01 6.467910787437414211e-01 1.875284478834774726e-01 6.713700500682749130e-03 0.000000000000000000e+00
1.720000000000000000e+06 4.299990561483095775e-01 1.587391898042785632e-01 6.472462448793809831e-01 1.866181156121984597e-01 7.396449704142011444e-03 0.000000000000000000e+00
1.728000000000000000e+06 4.319990517583014444e-01 1.628356850250341492e-01 6.438324988620847122e-01 1.866181156121984597e-01 6.713700500682749130e-03 0.000000000000000000e+00
1.736000000000000000e+06 4.339990473682939776e-01 1.665908056440600915e-01 6.445152480655439442e-01 1.836595357305416398e-01 5.234410559854347014e-03 0.000000000000000000e+00
1.744000000000000000e+06 4.359990429782856225e-01 1.673873463814292140e-01 6.446290395994538347e-01 1.822940373236231204e-01 5.689576695493855224e-03 0.000000000000000000e+00
1.752000000000000000e+06 4.379990385882781556e-01 1.680700955848884737e-01 6.447428311333637252e-01 1.810423304506144637e-01 6.144742831133363434e-03 0.000000000000000000e+00
1.760000000000000000e+06 4.399990341982700226e-01 1.715976331360946627e-01 6.401911697769685494e-01 1.826354119253527641e-01 5.575785161583977738e-03 0.000000000000000000e+00
1.768000000000000000e+06 4.419990298082623337e-01 1.708010923987255403e-01 6.399635867091488795e-01 1.846836595357305433e-01 4.551661356395083832e-03 0.000000000000000000e+00
1.776000000000000000e+06 4.439990254182542007e-01 1.677287209831588577e-01 6.406463359126081114e-01 1.859353664087392000e-01 5.689576695493855224e-03 0.000000000000000000e+00
1.784000000000000000e+06 4.459990210282467338e-01 1.708010923987255403e-01 6.398497951752389890e-01 1.852526172052799402e-01 4.096495220755575623e-03 0.000000000000000000e+00
1.792000000000000000e+06 4.479990166382386008e-01 1.714838416021848000e-01 6.348429676832043622e-01 1.895766954938552518e-01 4.096495220755575623e-03 0.000000000000000000e+00
1.800000000000000000e+06 4.499990122482309118e-01 1.756941283568502488e-01 6.300637232589895165e-01 1.882111970869367323e-01 6.030951297223486815e-03 0.000000000000000000e+00
1.808000000000000000e+06 4.519990078582227788e-01 1.805871643149749572e-01 6.246017296313154388e-01 1.890077378243058825e-01 5.803368229403732710e-03 0.000000000000000000e+00
1.816000000000000000e+06 4.539990034682153119e-01 1.693218024578971304e-01 6.116294947655894765e-01 2.139280837505689592e-01 5.120619025944469528e-03 0.000000000000000000e+00
