# itime ezz other fcc hcp bcc ico
0.000000000000000000e+00 0.000000000000000000e+00 0.000000000000000000e+00 1.000000000000000000e+00 0.000000000000000000e+00 0.000000000000000000e+00 0.000000000000000000e+00
4.000000000000000000e+04 9.999958827489940916e-03 0.000000000000000000e+00 1.000000000000000000e+00 0.000000000000000000e+00 0.000000000000000000e+00 0.000000000000000000e+00
8.000000000000000000e+04 1.999991765497988183e-02 0.000000000000000000e+00 1.000000000000000000e+00 0.000000000000000000e+00 0.000000000000000000e+00 0.000000000000000000e+00
1.200000000000000000e+05 2.999987648247004479e-02 0.000000000000000000e+00 1.000000000000000000e+00 0.000000000000000000e+00 0.000000000000000000e+00 0.000000000000000000e+00
1.600000000000000000e+05 3.999983530995998571e-02 0.000000000000000000e+00 1.000000000000000000e+00 0.000000000000000000e+00 0.000000000000000000e+00 0.000000000000000000e+00
2.000000000000000000e+05 4.999979413744992662e-02 0.000000000000000000e+00 1.000000000000000000e+00 0.000000000000000000e+00 0.000000000000000000e+00 0.000000000000000000e+00
2.400000000000000000e+05 5.999975296493986754e-02 0.000000000000000000e+00 1.000000000000000000e+00 0.000000000000000000e+00 0.000000000000000000e+00 0.000000000000000000e+00
2.800000000000000000e+05 6.999971179242980845e-02 1.137915339098771066e-04 9.998862084660901095e-01 0.000000000000000000e+00 0.000000000000000000e+00 0.000000000000000000e+00
3.200000000000000000e+05 7.999967061991997141e-02 1.137915339098771066e-04 9.997724169321802190e-01 0.000000000000000000e+00 1.137915339098771066e-04 0.000000000000000000e+00
3.600000000000000000e+05 8.999962944740991233e-02 7.965407373691396923e-04 9.992034592626308775e-01 0.000000000000000000e+00 0.000000000000000000e+00 0.000000000000000000e+00
4.000000000000000000e+05 9.999958827489985325e-02 1.820664542558033706e-03 9.980655439235320836e-01 0.000000000000000000e+00 1.137915339098771066e-04 0.000000000000000000e+00
4.400000000000000000e+05 1.099995471023897942e-01 4.688211197086936816e-02 7.697997269003186149e-01 1.803595812471552040e-01 2.958579881656804664e-03 0.000000000000000000e+00
4.800000000000000000e+05 1.199995059298797351e-01 4.915794264906690747e-02 7.683204369594902605e-01 1.795630405097860816e-01 2.958579881656804664e-03 0.000000000000000000e+00
5.200000000000000000e+05 1.299994647573696760e-01 4.836140191169777114e-02 7.680928538916704795e-01 1.805871643149749572e-01 2.958579881656804664e-03 0.000000000000000000e+00
5.600000000000000000e+05 1.399994235848598390e-01 5.439235320892125969e-02 7.606964041875284854e-01 1.832043695949021334e-01 1.706873008648156654e-03 0.000000000000000000e+00
6.000000000000000000e+05 1.499993824123497799e-01 5.200273099681383682e-02 7.561447428311333097e-01 1.896904870277651423e-01 2.162039144287664864e-03 0.000000000000000000e+00
6.400000000000000000e+05 1.599993412398397208e-01 5.985434683659535821e-02 7.113108784706417831e-01 2.269003186162949492e-01 1.934456076467910759e-03 0.000000000000000000e+00
6.800000000000000000e+05 1.699993000673296617e-01 6.486117432862995025e-02 7.043695949021392400e-01 2.292899408284023721e-01 1.479289940828402332e-03 0.000000000000000000e+00
7.200000000000000000e+05 1.799992588948196026e-01 6.747837960855712636e-02 6.979972690031861493e-01 2.333864360491579304e-01 1.137915339098770958e-03 0.000000000000000000e+00
7.600000000000000000e+05 1.899992177223097656e-01 1.021847974510696339e-01 7.579654073736914466e-01 1.364360491579426626e-01 3.413746017296313308e-03 0.000000000000000000e+00
8.000000000000000000e+05 1.999991765497997065e-01 9.865725989986344480e-02 7.720755575785162028e-01 1.271051433773327244e-01 2.162039144287664864e-03 0.000000000000000000e+00
8.400000000000000000e+05 2.099991353772896474e-01 9.774692762858443185e-02 7.670687300864815761e-01 1.334774692762858428e-01 1.706873008648156654e-03 0.000000000000000000e+00
8.800000000000000000e+05 2.199990942047795883e-01 9.808830223031406170e-02 7.626308602639964018e-01 1.379153390987710448e-01 1.365498406918525280e-03 0.000000000000000000e+00
9.200000000000000000e+05 2.299990530322695292e-01 1.078743741465634925e-01 7.233727810650887324e-01 1.670459717796995980e-01 1.706873008648156654e-03 0.000000000000000000e+00
9.600000000000000000e+05 2.399990118597596922e-01 1.095812471552116557e-01 7.134729176149294805e-01 1.743286299499317293e-01 2.617205279927173507e-03 0.000000000000000000e+00
1.000000000000000000e+06 2.499989706872496331e-01 1.153846153846153910e-01 6.953800637232590010e-01 1.866181156121984597e-01 2.617205279927173507e-03 0.000000000000000000e+00
1.040000000000000000e+06 2.599989295147395740e-01 1.239189804278561652e-01 6.793354574419663283e-01 1.943559399180700975e-01 2.389622212107419402e-03 0.000000000000000000e+00
1.080000000000000000e+06 2.699988883422295149e-01 1.294947655894401473e-01 6.420118343195265753e-01 2.250796540737369233e-01 3.413746017296313308e-03 0.000000000000000000e+00
1.120000000000000000e+06 2.799988471697194559e-01 1.309740555302685572e-01 6.342740100136550208e-01 2.311106053709603980e-01 3.641329085116067413e-03 0.000000000000000000e+00
1.160000000000000000e+06 2.899988059972096188e-01 1.356395084205735124e-01 6.222121074192079604e-01 2.375967228038234069e-01 4.551661356395083832e-03 0.000000000000000000e+00
1.200000000000000000e+06 2.999987648246995597e-01 1.396222121074192080e-01 5.666818388711879484e-01 2.909649522075557493e-01 2.730996813837050560e-03 0.000000000000000000e+00
1.240000000000000000e+06 3.099987236521895007e-01 1.382567137005006885e-01 5.567819754210286964e-01 3.017751479289940697e-01 3.186162949476558769e-03 0.000000000000000000e+00
1.280000000000000000e+06 3.199986824796794416e-01 1.449704142011834229e-01 5.282203004096495125e-01 3.231679563040509851e-01 3.641329085116067413e-03 0.000000000000000000e+00
1.320000000000000000e+06 3.299986413071693825e-01 1.461083295402822169e-01 5.215065999089667503e-01 3.276058261265361593e-01 4.779244424214838804e-03 0.000000000000000000e+00
1.360000000000000000e+06 3.399986001346595454e-01 1.527082385070550885e-01 5.167273554847519046e-01 3.273782430587164338e-01 3.186162949476558769e-03 0.000000000000000000e+00
1.400000000000000000e+06 3.499985589621494864e-01 1.525944469731451980e-01 5.469959035047792240e-01 2.974510696404187304e-01 2.958579881656804664e-03 0.000000000000000000e+00
1.440000000000000000e+06 3.599985177896394273e-01 1.630632680928539024e-01 5.571233500227582569e-01 2.745789713245334607e-01 5.234410559854347014e-03 0.000000000000000000e+00
1.480000000000000000e+06 3.699984766171293682e-01 1.638598088302230249e-01 5.325443786982249073e-01 2.957441966317705950e-01 7.851615839781519654e-03 0.000000000000000000e+00
