# itime ezz other fcc hcp bcc ico
0.000000000000000000e+00 0.000000000000000000e+00 0.000000000000000000e+00 1.000000000000000000e+00 0.000000000000000000e+00 0.000000000000000000e+00 0.000000000000000000e+00
4.000000000000000000e+03 1.000064225462393708e-03 0.000000000000000000e+00 1.000000000000000000e+00 0.000000000000000000e+00 0.000000000000000000e+00 0.000000000000000000e+00
8.000000000000000000e+03 2.000128450925009460e-03 0.000000000000000000e+00 1.000000000000000000e+00 0.000000000000000000e+00 0.000000000000000000e+00 0.000000000000000000e+00
1.200000000000000000e+04 3.000192676387403168e-03 0.000000000000000000e+00 1.000000000000000000e+00 0.000000000000000000e+00 0.000000000000000000e+00 0.000000000000000000e+00
1.600000000000000000e+04 4.000256901849796876e-03 0.000000000000000000e+00 1.000000000000000000e+00 0.000000000000000000e+00 0.000000000000000000e+00 0.000000000000000000e+00
2.000000000000000000e+04 5.000321127312412628e-03 0.000000000000000000e+00 1.000000000000000000e+00 0.000000000000000000e+00 0.000000000000000000e+00 0.000000000000000000e+00
2.400000000000000000e+04 6.000385352774806336e-03 0.000000000000000000e+00 1.000000000000000000e+00 0.000000000000000000e+00 0.000000000000000000e+00 0.000000000000000000e+00
2.800000000000000000e+04 7.000449578237422088e-03 0.000000000000000000e+00 1.000000000000000000e+00 0.000000000000000000e+00 0.000000000000000000e+00 0.000000000000000000e+00
3.200000000000000000e+04 8.000513803699815796e-03 0.000000000000000000e+00 1.000000000000000000e+00 0.000000000000000000e+00 0.000000000000000000e+00 0.000000000000000000e+00
3.600000000000000000e+04 9.000578029162209504e-03 0.000000000000000000e+00 1.000000000000000000e+00 0.000000000000000000e+00 0.000000000000000000e+00 0.000000000000000000e+00
4.000000000000000000e+04 1.000064225462482526e-02 0.000000000000000000e+00 1.000000000000000000e+00 0.000000000000000000e+00 0.000000000000000000e+00 0.000000000000000000e+00
4.400000000000000000e+04 1.100070648008721896e-02 0.000000000000000000e+00 1.000000000000000000e+00 0.000000000000000000e+00 0.000000000000000000e+00 0.000000000000000000e+00
4.800000000000000000e+04 1.200077070554961267e-02 0.000000000000000000e+00 1.000000000000000000e+00 0.000000000000000000e+00 0.000000000000000000e+00 0.000000000000000000e+00
5.200000000000000000e+04 1.300083493101222842e-02 0.000000000000000000e+00 1.000000000000000000e+00 0.000000000000000000e+00 0.000000000000000000e+00 0.000000000000000000e+00
5.600000000000000000e+04 1.400089915647462213e-02 0.000000000000000000e+00 1.000000000000000000e+00 0.000000000000000000e+00 0.000000000000000000e+00 0.000000000000000000e+00
6.000000000000000000e+04 1.500096338193723788e-02 0.000000000000000000e+00 1.000000000000000000e+00 0.000000000000000000e+00 0.000000000000000000e+00 0.000000000000000000e+00
6.400000000000000000e+04 1.600102760739963159e-02 0.000000000000000000e+00 1.000000000000000000e+00 0.000000000000000000e+00 0.000000000000000000e+00 0.000000000000000000e+00
6.800000000000000000e+04 1.700109183286202530e-02 0.000000000000000000e+00 1.000000000000000000e+00 0.000000000000000000e+00 0.000000000000000000e+00 0.000000000000000000e+00
7.200000000000000000e+04 1.800115605832464105e-02 0.000000000000000000e+00 1.000000000000000000e+00 0.000000000000000000e+00 0.000000000000000000e+00 0.000000000000000000e+00
7.600000000000000000e+04 1.900122028378703476e-02 0.000000000000000000e+00 1.000000000000000000e+00 0.000000000000000000e+00 0.000000000000000000e+00 0.000000000000000000e+00
8.000000000000000000e+04 2.000128450924942847e-02 0.000000000000000000e+00 1.000000000000000000e+00 0.000000000000000000e+00 0.000000000000000000e+00 0.000000000000000000e+00
8.400000000000000000e+04 2.100134873471204422e-02 0.000000000000000000e+00 1.000000000000000000e+00 0.000000000000000000e+00 0.000000000000000000e+00 0.000000000000000000e+00
8.800000000000000000e+04 2.200141296017443793e-02 0.000000000000000000e+00 1.000000000000000000e+00 0.000000000000000000e+00 0.000000000000000000e+00 0.000000000000000000e+00
9.200000000000000000e+04 2.300147718563705368e-02 0.000000000000000000e+00 1.000000000000000000e+00 0.000000000000000000e+00 0.000000000000000000e+00 0.000000000000000000e+00
9.600000000000000000e+04 2.400154141109944739e-02 0.000000000000000000e+00 1.000000000000000000e+00 0.000000000000000000e+00 0.000000000000000000e+00 0.000000000000000000e+00
1.000000000000000000e+05 2.500160563656184110e-02 0.000000000000000000e+00 1.000000000000000000e+00 0.000000000000000000e+00 0.000000000000000000e+00 0.000000000000000000e+00
1.040000000000000000e+05 2.600166986202445685e-02 0.000000000000000000e+00 1.000000000000000000e+00 0.000000000000000000e+00 0.000000000000000000e+00 0.000000000000000000e+00
1.080000000000000000e+05 2.700173408748685056e-02 0.000000000000000000e+00 1.000000000000000000e+00 0.000000000000000000e+00 0.000000000000000000e+00 0.000000000000000000e+00
1.120000000000000000e+05 2.800179831294924426e-02 0.000000000000000000e+00 1.000000000000000000e+00 0.000000000000000000e+00 0.000000000000000000e+00 0.000000000000000000e+00
1.160000000000000000e+05 2.900186253841186002e-02 0.000000000000000000e+00 1.000000000000000000e+00 0.000000000000000000e+00 0.000000000000000000e+00 0.000000000000000000e+00
1.200000000000000000e+05 3.000192676387425372e-02 0.000000000000000000e+00 1.000000000000000000e+00 0.000000000000000000e+00 0.000000000000000000e+00 0.000000000000000000e+00
1.240000000000000000e+05 3.100199098933664743e-02 0.000000000000000000e+00 1.000000000000000000e+00 0.000000000000000000e+00 0.000000000000000000e+00 0.000000000000000000e+00
1.280000000000000000e+05 3.200205521479926318e-02 0.000000000000000000e+00 1.000000000000000000e+00 0.000000000000000000e+00 0.000000000000000000e+00 0.000000000000000000e+00
1.320000000000000000e+05 3.300211944026165689e-02 0.000000000000000000e+00 1.000000000000000000e+00 0.000000000000000000e+00 0.000000000000000000e+00 0.000000000000000000e+00
1.360000000000000000e+05 3.400218366572427264e-02 0.000000000000000000e+00 1.000000000000000000e+00 0.000000000000000000e+00 0.000000000000000000e+00 0.000000000000000000e+00
1.400000000000000000e+05 3.500224789118666635e-02 0.000000000000000000e+00 1.000000000000000000e+00 0.000000000000000000e+00 0.000000000000000000e+00 0.000000000000000000e+00
1.440000000000000000e+05 3.600231211664906006e-02 0.000000000000000000e+00 1.000000000000000000e+00 0.000000000000000000e+00 0.000000000000000000e+00 0.000000000000000000e+00
1.480000000000000000e+05 3.700237634211167581e-02 0.000000000000000000e+00 1.000000000000000000e+00 0.000000000000000000e+00 0.000000000000000000e+00 0.000000000000000000e+00
1.520000000000000000e+05 3.800244056757406952e-02 0.000000000000000000e+00 1.000000000000000000e+00 0.000000000000000000e+00 0.000000000000000000e+00 0.000000000000000000e+00
1.560000000000000000e+05 3.900250479303646323e-02 0.000000000000000000e+00 1.000000000000000000e+00 0.000000000000000000e+00 0.000000000000000000e+00 0.000000000000000000e+00
1.600000000000000000e+05 4.000256901849907898e-02 0.000000000000000000e+00 1.000000000000000000e+00 0.000000000000000000e+00 0.000000000000000000e+00 0.000000000000000000e+00
1.640000000000000000e+05 4.100263324396147269e-02 0.000000000000000000e+00 1.000000000000000000e+00 0.000000000000000000e+00 0.000000000000000000e+00 0.000000000000000000e+00
1.680000000000000000e+05 4.200269746942408844e-02 0.000000000000000000e+00 1.000000000000000000e+00 0.000000000000000000e+00 0.000000000000000000e+00 0.000000000000000000e+00
1.720000000000000000e+05 4.300276169488648215e-02 0.000000000000000000e+00 1.000000000000000000e+00 0.000000000000000000e+00 0.000000000000000000e+00 0.000000000000000000e+00
1.760000000000000000e+05 4.400282592034887585e-02 0.000000000000000000e+00 1.000000000000000000e+00 0.000000000000000000e+00 0.000000000000000000e+00 0.000000000000000000e+00
1.800000000000000000e+05 4.500289014581149161e-02 0.000000000000000000e+00 1.000000000000000000e+00 0.000000000000000000e+00 0.000000000000000000e+00 0.000000000000000000e+00
1.840000000000000000e+05 4.600295437127388531e-02 0.000000000000000000e+00 1.000000000000000000e+00 0.000000000000000000e+00 0.000000000000000000e+00 0.000000000000000000e+00
1.880000000000000000e+05 4.700301859673627902e-02 0.000000000000000000e+00 1.000000000000000000e+00 0.000000000000000000e+00 0.000000000000000000e+00 0.000000000000000000e+00
1.920000000000000000e+05 4.800308282219889477e-02 0.000000000000000000e+00 1.000000000000000000e+00 0.000000000000000000e+00 0.000000000000000000e+00 0.000000000000000000e+00
1.960000000000000000e+05 4.900314704766128848e-02 0.000000000000000000e+00 1.000000000000000000e+00 0.000000000000000000e+00 0.000000000000000000e+00 0.000000000000000000e+00
2.000000000000000000e+05 5.000321127312390423e-02 0.000000000000000000e+00 1.000000000000000000e+00 0.000000000000000000e+00 0.000000000000000000e+00 0.000000000000000000e+00
2.040000000000000000e+05 5.100327549858629794e-02 0.000000000000000000e+00 1.000000000000000000e+00 0.000000000000000000e+00 0.000000000000000000e+00 0.000000000000000000e+00
2.080000000000000000e+05 5.200333972404869165e-02 0.000000000000000000e+00 1.000000000000000000e+00 0.000000000000000000e+00 0.000000000000000000e+00 0.000000000000000000e+00
2.120000000000000000e+05 5.300340394951130740e-02 0.000000000000000000e+00 1.000000000000000000e+00 0.000000000000000000e+00 0.000000000000000000e+00 0.000000000000000000e+00
2.160000000000000000e+05 5.400346817497370111e-02 0.000000000000000000e+00 1.000000000000000000e+00 0.000000000000000000e+00 0.000000000000000000e+00 0.000000000000000000e+00
2.200000000000000000e+05 5.500353240043609482e-02 0.000000000000000000e+00 1.000000000000000000e+00 0.000000000000000000e+00 0.000000000000000000e+00 0.000000000000000000e+00
2.240000000000000000e+05 5.600359662589871057e-02 0.000000000000000000e+00 1.000000000000000000e+00 0.000000000000000000e+00 0.000000000000000000e+00 0.000000000000000000e+00
2.280000000000000000e+05 5.700366085136110428e-02 0.000000000000000000e+00 1.000000000000000000e+00 0.000000000000000000e+00 0.000000000000000000e+00 0.000000000000000000e+00
2.320000000000000000e+05 5.800372507682372003e-02 0.000000000000000000e+00 1.000000000000000000e+00 0.000000000000000000e+00 0.000000000000000000e+00 0.000000000000000000e+00
2.360000000000000000e+05 5.900378930228611374e-02 0.000000000000000000e+00 1.000000000000000000e+00 0.000000000000000000e+00 0.000000000000000000e+00 0.000000000000000000e+00
2.400000000000000000e+05 6.000385352774850745e-02 0.000000000000000000e+00 1.000000000000000000e+00 0.000000000000000000e+00 0.000000000000000000e+00 0.000000000000000000e+00
2.440000000000000000e+05 6.100391775321112320e-02 0.000000000000000000e+00 1.000000000000000000e+00 0.000000000000000000e+00 0.000000000000000000e+00 0.000000000000000000e+00
2.480000000000000000e+05 6.200398197867351691e-02 0.000000000000000000e+00 1.000000000000000000e+00 0.000000000000000000e+00 0.000000000000000000e+00 0.000000000000000000e+00
2.520000000000000000e+05 6.300404620413591061e-02 0.000000000000000000e+00 1.000000000000000000e+00 0.000000000000000000e+00 0.000000000000000000e+00 0.000000000000000000e+00
2.560000000000000000e+05 6.400411042959852637e-02 4.551661356395084266e-04 9.995448338643604380e-01 0.000000000000000000e+00 0.000000000000000000e+00 0.000000000000000000e+00
2.600000000000000000e+05 6.500417465506092007e-02 0.000000000000000000e+00 1.000000000000000000e+00 0.000000000000000000e+00 0.000000000000000000e+00 0.000000000000000000e+00
2.640000000000000000e+05 6.600423888052331378e-02 0.000000000000000000e+00 1.000000000000000000e+00 0.000000000000000000e+00 0.000000000000000000e+00 0.000000000000000000e+00
2.680000000000000000e+05 6.700430310598592953e-02 0.000000000000000000e+00 1.000000000000000000e+00 0.000000000000000000e+00 0.000000000000000000e+00 0.000000000000000000e+00
2.720000000000000000e+05 6.800436733144832324e-02 0.000000000000000000e+00 1.000000000000000000e+00 0.000000000000000000e+00 0.000000000000000000e+00 0.000000000000000000e+00
2.760000000000000000e+05 6.900443155691093899e-02 0.000000000000000000e+00 1.000000000000000000e+00 0.000000000000000000e+00 0.000000000000000000e+00 0.000000000000000000e+00
2.800000000000000000e+05 7.000449578237333270e-02 2.275830678197542133e-04 9.997724169321802190e-01 0.000000000000000000e+00 0.000000000000000000e+00 0.000000000000000000e+00
2.840000000000000000e+05 7.100456000783572641e-02 4.551661356395084266e-04 9.995448338643604380e-01 0.000000000000000000e+00 0.000000000000000000e+00 0.000000000000000000e+00
2.880000000000000000e+05 7.200462423329834216e-02 0.000000000000000000e+00 1.000000000000000000e+00 0.000000000000000000e+00 0.000000000000000000e+00 0.000000000000000000e+00
2.920000000000000000e+05 7.300468845876073587e-02 0.000000000000000000e+00 1.000000000000000000e+00 0.000000000000000000e+00 0.000000000000000000e+00 0.000000000000000000e+00
2.960000000000000000e+05 7.400475268422312958e-02 2.275830678197542133e-04 9.997724169321802190e-01 0.000000000000000000e+00 0.000000000000000000e+00 0.000000000000000000e+00
3.000000000000000000e+05 7.500481690968574533e-02 1.137915339098771066e-04 9.998862084660901095e-01 0.000000000000000000e+00 0.000000000000000000e+00 0.000000000000000000e+00
3.040000000000000000e+05 7.600488113514813904e-02 0.000000000000000000e+00 1.000000000000000000e+00 0.000000000000000000e+00 0.000000000000000000e+00 0.000000000000000000e+00
3.080000000000000000e+05 7.700494536061075479e-02 5.689576695493854790e-04 9.994310423304506585e-01 0.000000000000000000e+00 0.000000000000000000e+00 0.000000000000000000e+00
3.120000000000000000e+05 7.800500958607314850e-02 3.413746017296313199e-04 9.996586253982703285e-01 0.000000000000000000e+00 0.000000000000000000e+00 0.000000000000000000e+00
3.160000000000000000e+05 7.900507381153554221e-02 0.000000000000000000e+00 1.000000000000000000e+00 0.000000000000000000e+00 0.000000000000000000e+00 0.000000000000000000e+00
3.200000000000000000e+05 8.000513803699815796e-02 0.000000000000000000e+00 1.000000000000000000e+00 0.000000000000000000e+00 0.000000000000000000e+00 0.000000000000000000e+00
3.240000000000000000e+05 8.100520226246055167e-02 7.965407373691396923e-04 9.990896677287209870e-01 0.000000000000000000e+00 1.137915339098771066e-04 0.000000000000000000e+00
3.280000000000000000e+05 8.200526648792294537e-02 9.103322712790168532e-04 9.990896677287209870e-01 0.000000000000000000e+00 0.000000000000000000e+00 0.000000000000000000e+00
3.320000000000000000e+05 8.300533071338556113e-02 6.827492034592626399e-04 9.992034592626308775e-01 0.000000000000000000e+00 1.137915339098771066e-04 0.000000000000000000e+00
3.360000000000000000e+05 8.400539493884795483e-02 5.689576695493854790e-04 9.994310423304506585e-01 0.000000000000000000e+00 0.000000000000000000e+00 0.000000000000000000e+00
3.400000000000000000e+05 8.500545916431057059e-02 4.551661356395084266e-04 9.995448338643604380e-01 0.000000000000000000e+00 0.000000000000000000e+00 0.000000000000000000e+00
3.440000000000000000e+05 8.600552338977296429e-02 1.137915339098770958e-03 9.988620846609012061e-01 0.000000000000000000e+00 0.000000000000000000e+00 0.000000000000000000e+00
3.480000000000000000e+05 8.700558761523535800e-02 2.275830678197542133e-04 9.997724169321802190e-01 0.000000000000000000e+00 0.000000000000000000e+00 0.000000000000000000e+00
3.520000000000000000e+05 8.800565184069797375e-02 9.103322712790168532e-04 9.990896677287209870e-01 0.000000000000000000e+00 0.000000000000000000e+00 0.000000000000000000e+00
3.560000000000000000e+05 8.900571606616036746e-02 3.413746017296313199e-04 9.996586253982703285e-01 0.000000000000000000e+00 0.000000000000000000e+00 0.000000000000000000e+00
3.600000000000000000e+05 9.000578029162276117e-02 5.689576695493854790e-04 9.994310423304506585e-01 0.000000000000000000e+00 0.000000000000000000e+00 0.000000000000000000e+00
3.640000000000000000e+05 9.100584451708537692e-02 5.689576695493854790e-04 9.994310423304506585e-01 0.000000000000000000e+00 0.000000000000000000e+00 0.000000000000000000e+00
3.680000000000000000e+05 9.200590874254777063e-02 1.365498406918525280e-03 9.985207100591716456e-01 0.000000000000000000e+00 1.137915339098771066e-04 0.000000000000000000e+00
3.720000000000000000e+05 9.300597296801016434e-02 1.251706873008648227e-03 9.986345015930814251e-01 0.000000000000000000e+00 1.137915339098771066e-04 0.000000000000000000e+00
3.760000000000000000e+05 9.400603719347278009e-02 2.275830678197541916e-03 9.977241693218024121e-01 0.000000000000000000e+00 0.000000000000000000e+00 0.000000000000000000e+00
3.800000000000000000e+05 9.500610141893517380e-02 1.593081474738279385e-03 9.981793354574419741e-01 0.000000000000000000e+00 2.275830678197542133e-04 0.000000000000000000e+00
3.840000000000000000e+05 9.600616564439778955e-02 1.365498406918525280e-03 9.985207100591716456e-01 0.000000000000000000e+00 1.137915339098771066e-04 0.000000000000000000e+00
3.880000000000000000e+05 9.700622986986018326e-02 2.958579881656804664e-03 9.970414201183431802e-01 0.000000000000000000e+00 0.000000000000000000e+00 0.000000000000000000e+00
3.920000000000000000e+05 9.800629409532257696e-02 5.348202093764223633e-03 9.941966317705962508e-01 0.000000000000000000e+00 4.551661356395084266e-04 0.000000000000000000e+00
3.960000000000000000e+05 9.900635832078519272e-02 3.413746017296313308e-03 9.964724624487938387e-01 0.000000000000000000e+00 1.137915339098771066e-04 0.000000000000000000e+00
4.000000000000000000e+05 1.000064225462475864e-01 2.617205279927173507e-03 9.972690031861629611e-01 0.000000000000000000e+00 1.137915339098771066e-04 0.000000000000000000e+00
4.040000000000000000e+05 1.010064867717099801e-01 3.186162949476558769e-03 9.963586709148839482e-01 0.000000000000000000e+00 4.551661356395084266e-04 0.000000000000000000e+00
4.080000000000000000e+05 1.020065509971725959e-01 5.575785161583977738e-03 9.937414656349567998e-01 0.000000000000000000e+00 6.827492034592626399e-04 0.000000000000000000e+00
4.120000000000000000e+05 1.030066152226349896e-01 7.396449704142011444e-03 9.923759672280382249e-01 0.000000000000000000e+00 2.275830678197542133e-04 0.000000000000000000e+00
4.160000000000000000e+05 1.040066794480976053e-01 4.096495220755575623e-03 9.955621301775148257e-01 0.000000000000000000e+00 3.413746017296313199e-04 0.000000000000000000e+00
4.200000000000000000e+05 1.050067436735599991e-01 7.965407373691398007e-03 9.916932180245789930e-01 0.000000000000000000e+00 3.413746017296313199e-04 0.000000000000000000e+00
4.240000000000000000e+05 1.060068078990223928e-01 8.534365043240782836e-03 9.911242603550295405e-01 0.000000000000000000e+00 3.413746017296313199e-04 0.000000000000000000e+00
4.280000000000000000e+05 1.070068721244850085e-01 5.097860719162494031e-02 7.679790623577605890e-01 1.766044606281292617e-01 4.437869822485207214e-03 0.000000000000000000e+00
4.320000000000000000e+05 1.080069363499474022e-01 4.745106964041875125e-02 7.701411015020482864e-01 1.762630860263996457e-01 6.144742831133363434e-03 0.000000000000000000e+00
4.360000000000000000e+05 1.090070005754097959e-01 4.654073736913973830e-02 7.723031406463358728e-01 1.778561675011379184e-01 3.299954483386436255e-03 0.000000000000000000e+00
4.400000000000000000e+05 1.100070648008724117e-01 4.517523896222121194e-02 7.726445152480655443e-01 1.783113336367774249e-01 3.868912152935821518e-03 0.000000000000000000e+00
4.440000000000000000e+05 1.110071290263348054e-01 4.688211197086936816e-02 7.725307237141556538e-01 1.763768775603095085e-01 4.210286754665453109e-03 0.000000000000000000e+00
4.480000000000000000e+05 1.120071932517974211e-01 4.642694583522986168e-02 7.719617660446063123e-01 1.776285844333181652e-01 3.982703686845699004e-03 0.000000000000000000e+00
4.520000000000000000e+05 1.130072574772598148e-01 4.710969503868912139e-02 7.718479745106964218e-01 1.777423759672280279e-01 3.299954483386436255e-03 0.000000000000000000e+00
4.560000000000000000e+05 1.140073217027222086e-01 4.506144742831133532e-02 7.735548475193445572e-01 1.772872098315885214e-01 4.096495220755575623e-03 0.000000000000000000e+00
4.600000000000000000e+05 1.150073859281848243e-01 4.597177969959034827e-02 7.726445152480655443e-01 1.774010013654984119e-01 3.982703686845699004e-03 0.000000000000000000e+00
4.640000000000000000e+05 1.160074501536472180e-01 4.597177969959034827e-02 7.723031406463358728e-01 1.764906690942193990e-01 5.234410559854347014e-03 0.000000000000000000e+00
4.680000000000000000e+05 1.170075143791096117e-01 4.597177969959034827e-02 7.720755575785162028e-01 1.781975421028675344e-01 3.755120619025944465e-03 0.000000000000000000e+00
4.720000000000000000e+05 1.180075786045722275e-01 4.676832043695949154e-02 7.719617660446063123e-01 1.763768775603095085e-01 4.893035958124715423e-03 0.000000000000000000e+00
4.760000000000000000e+05 1.190076428300346212e-01 4.528903049613108855e-02 7.725307237141556538e-01 1.779699590350477811e-01 4.210286754665453109e-03 0.000000000000000000e+00
4.800000000000000000e+05 1.200077070554972369e-01 4.608557123350022489e-02 7.719617660446063123e-01 1.769458352298589054e-01 5.006827492034592909e-03 0.000000000000000000e+00
4.840000000000000000e+05 1.210077712809596306e-01 4.676832043695949154e-02 7.719617660446063123e-01 1.774010013654984119e-01 3.868912152935821518e-03 0.000000000000000000e+00
4.880000000000000000e+05 1.220078355064220244e-01 4.585798816568047165e-02 7.727583067819754348e-01 1.777423759672280279e-01 3.641329085116067413e-03 0.000000000000000000e+00
4.920000000000000000e+05 1.230078997318846401e-01 4.802002730996814128e-02 7.716203914428766408e-01 1.772872098315885214e-01 3.072371415566681717e-03 0.000000000000000000e+00
4.960000000000000000e+05 1.240079639573470338e-01 4.654073736913973830e-02 7.723031406463358728e-01 1.768320436959490149e-01 4.324078288575329727e-03 0.000000000000000000e+00
5.000000000000000000e+05 1.250080281828094275e-01 4.574419663177059503e-02 7.717341829767865313e-01 1.780837505689576716e-01 4.437869822485207214e-03 0.000000000000000000e+00
5.040000000000000000e+05 1.260080924082720433e-01 4.779244424214838111e-02 7.705962676376877374e-01 1.770596267637687682e-01 4.551661356395083832e-03 0.000000000000000000e+00
5.080000000000000000e+05 1.270081566337344370e-01 4.802002730996814128e-02 7.705962676376877374e-01 1.775147928994082747e-01 3.868912152935821518e-03 0.000000000000000000e+00
5.120000000000000000e+05 1.280082208591968307e-01 4.779244424214838111e-02 7.717341829767865313e-01 1.762630860263996457e-01 4.210286754665453109e-03 0.000000000000000000e+00
5.160000000000000000e+05 1.290082850846594464e-01 4.802002730996814128e-02 7.721893491124259823e-01 1.763768775603095085e-01 3.413746017296313308e-03 0.000000000000000000e+00
5.200000000000000000e+05 1.300083493101218401e-01 4.733727810650887463e-02 7.718479745106964218e-01 1.759217114246700020e-01 4.893035958124715423e-03 0.000000000000000000e+00
5.240000000000000000e+05 1.310084135355844559e-01 4.631315430131998506e-02 7.721893491124259823e-01 1.763768775603095085e-01 5.120619025944469528e-03 0.000000000000000000e+00
5.280000000000000000e+05 1.320084777610468496e-01 4.722348657259899801e-02 7.719617660446063123e-01 1.770596267637687682e-01 3.755120619025944465e-03 0.000000000000000000e+00
5.320000000000000000e+05 1.330085419865092433e-01 4.802002730996814128e-02 7.704824761037778469e-01 1.769458352298589054e-01 4.551661356395083832e-03 0.000000000000000000e+00
5.360000000000000000e+05 1.340086062119718591e-01 4.676832043695949154e-02 7.723031406463358728e-01 1.769458352298589054e-01 3.982703686845699004e-03 0.000000000000000000e+00
5.400000000000000000e+05 1.350086704374342528e-01 4.870277651342740100e-02 7.713928083750568598e-01 1.764906690942193990e-01 3.413746017296313308e-03 0.000000000000000000e+00
5.440000000000000000e+05 1.360087346628966465e-01 4.767865270823850449e-02 7.723031406463358728e-01 1.766044606281292617e-01 3.413746017296313308e-03 0.000000000000000000e+00
5.480000000000000000e+05 1.370087988883592622e-01 4.938552571688666071e-02 7.708238507055075184e-01 1.747837960855712358e-01 5.006827492034592909e-03 0.000000000000000000e+00
5.520000000000000000e+05 1.380088631138216559e-01 4.927173418297678409e-02 7.716203914428766408e-01 1.763768775603095085e-01 2.730996813837050560e-03 0.000000000000000000e+00
5.560000000000000000e+05 1.390089273392842717e-01 5.496131087847064278e-02 7.699135184342285054e-01 1.748975876194810986e-01 2.275830678197542133e-04 0.000000000000000000e+00
5.600000000000000000e+05 1.400089915647466654e-01 5.314064633591260994e-02 7.695721438324988339e-01 1.766044606281292617e-01 6.827492034592626399e-04 0.000000000000000000e+00
5.640000000000000000e+05 1.410090557902090591e-01 5.291306326809285671e-02 7.696859353664087244e-01 1.771734182976786587e-01 2.275830678197542133e-04 0.000000000000000000e+00
5.680000000000000000e+05 1.420091200156716749e-01 5.234410559854346667e-02 7.697997269003186149e-01 1.771734182976786587e-01 6.827492034592626399e-04 0.000000000000000000e+00
5.720000000000000000e+05 1.430091842411340686e-01 5.188893946290396020e-02 7.702548930359581769e-01 1.774010013654984119e-01 4.551661356395084266e-04 0.000000000000000000e+00
5.760000000000000000e+05 1.440092484665964623e-01 5.393718707328174627e-02 7.684342284934000400e-01 1.771734182976786587e-01 4.551661356395084266e-04 0.000000000000000000e+00
5.800000000000000000e+05 1.450093126920590780e-01 5.279927173418298009e-02 7.696859353664087244e-01 1.775147928994082747e-01 0.000000000000000000e+00 0.000000000000000000e+00
5.840000000000000000e+05 1.460093769175214717e-01 5.279927173418298009e-02 7.694583522985889434e-01 1.772872098315885214e-01 4.551661356395084266e-04 0.000000000000000000e+00
5.880000000000000000e+05 1.470094411429840875e-01 5.405097860719162289e-02 7.684342284934000400e-01 1.772872098315885214e-01 2.275830678197542133e-04 0.000000000000000000e+00
5.920000000000000000e+05 1.480095053684464812e-01 5.291306326809285671e-02 7.690031861629494925e-01 1.777423759672280279e-01 3.413746017296313199e-04 0.000000000000000000e+00
5.960000000000000000e+05 1.490095695939088749e-01 5.314064633591260994e-02 7.694583522985889434e-01 1.770596267637687682e-01 3.413746017296313199e-04 0.000000000000000000e+00
6.000000000000000000e+05 1.500096338193714907e-01 5.484751934456076616e-02 7.679790623577605890e-01 1.770596267637687682e-01 1.137915339098771066e-04 0.000000000000000000e+00
6.040000000000000000e+05 1.510096980448338844e-01 5.348202093764223980e-02 7.686618115612198210e-01 1.776285844333181652e-01 2.275830678197542133e-04 0.000000000000000000e+00
6.080000000000000000e+05 1.520097622702962781e-01 5.518889394629039602e-02 7.677514792899408080e-01 1.770596267637687682e-01 0.000000000000000000e+00 0.000000000000000000e+00
6.120000000000000000e+05 1.530098264957588938e-01 5.678197542102867562e-02 7.661583978152025631e-01 1.769458352298589054e-01 1.137915339098771066e-04 0.000000000000000000e+00
6.160000000000000000e+05 1.540098907212212875e-01 5.644060081929904577e-02 7.669549385525716856e-01 1.766044606281292617e-01 0.000000000000000000e+00 0.000000000000000000e+00
6.200000000000000000e+05 1.550099549466836812e-01 5.587164314974965573e-02 7.672963131543013571e-01 1.766044606281292617e-01 2.275830678197542133e-04 0.000000000000000000e+00
6.240000000000000000e+05 1.560100191721462970e-01 5.655439235320892238e-02 7.662721893491124536e-01 1.769458352298589054e-01 2.275830678197542133e-04 0.000000000000000000e+00
6.280000000000000000e+05 1.570100833976086907e-01 5.598543468365953235e-02 7.664997724169322346e-01 1.772872098315885214e-01 2.275830678197542133e-04 0.000000000000000000e+00
6.320000000000000000e+05 1.580101476230713065e-01 5.826126536185707860e-02 7.685480200273099305e-01 1.729631315430132099e-01 2.275830678197542133e-04 0.000000000000000000e+00
6.360000000000000000e+05 1.590102118485337002e-01 7.396449704142012138e-02 7.569412835685025431e-01 1.661356395084205850e-01 2.958579881656804664e-03 0.000000000000000000e+00
6.400000000000000000e+05 1.600102760739960939e-01 5.279927173418298009e-02 7.991579426490669213e-01 1.461083295402822169e-01 1.934456076467910759e-03 0.000000000000000000e+00
6.440000000000000000e+05 1.610103402994587096e-01 5.029585798816568060e-02 7.985889849795174689e-01 1.484979517523896120e-01 2.617205279927173507e-03 0.000000000000000000e+00
6.480000000000000000e+05 1.620104045249211033e-01 5.336822940373236318e-02 7.976786527082384559e-01 1.477014110150204895e-01 1.251706873008648227e-03 0.000000000000000000e+00
6.520000000000000000e+05 1.630104687503834970e-01 6.110605370960400795e-02 7.888029130632681074e-01 1.484979517523896120e-01 1.593081474738279385e-03 0.000000000000000000e+00
6.560000000000000000e+05 1.640105329758461128e-01 6.167501137915339104e-02 7.876649977241693135e-01 1.488393263541192557e-01 1.820664542558033706e-03 0.000000000000000000e+00
6.600000000000000000e+05 1.650105972013085065e-01 6.121984524351388457e-02 7.870960400546199720e-01 1.503186162949476656e-01 1.365498406918525280e-03 0.000000000000000000e+00
6.640000000000000000e+05 1.660106614267711223e-01 6.281292671825215723e-02 7.855029585798816161e-01 1.504324078288575284e-01 1.251706873008648227e-03 0.000000000000000000e+00
6.680000000000000000e+05 1.670107256522335160e-01 6.178880291306326766e-02 7.874374146563495325e-01 1.492944924897587622e-01 1.479289940828402332e-03 0.000000000000000000e+00
6.720000000000000000e+05 1.680107898776959097e-01 6.156121984524351443e-02 7.880063723258989850e-01 1.490669094219390090e-01 1.365498406918525280e-03 0.000000000000000000e+00
6.760000000000000000e+05 1.690108541031585254e-01 6.087847064178425471e-02 7.858443331816112876e-01 1.519116977696859383e-01 1.365498406918525280e-03 0.000000000000000000e+00
6.800000000000000000e+05 1.700109183286209191e-01 6.213017751479289752e-02 7.842512517068730427e-01 1.508875739644970349e-01 2.730996813837050560e-03 0.000000000000000000e+00
6.840000000000000000e+05 1.710109825540833128e-01 5.837505689576695522e-02 7.933545744196631722e-01 1.454255803368229294e-01 2.844788347746927612e-03 0.000000000000000000e+00
6.880000000000000000e+05 1.720110467795459286e-01 6.008192990441511144e-02 7.926718252162039402e-01 1.453117888029130667e-01 1.934456076467910759e-03 0.000000000000000000e+00
6.920000000000000000e+05 1.730111110050083223e-01 5.837505689576695522e-02 7.939235320892125136e-01 1.451979972690031762e-01 2.503413746017296455e-03 0.000000000000000000e+00
6.960000000000000000e+05 1.740111752304709380e-01 5.985434683659535821e-02 7.931269913518433912e-01 1.447428311333636697e-01 2.275830678197541916e-03 0.000000000000000000e+00
7.000000000000000000e+05 1.750112394559333318e-01 6.281292671825215723e-02 7.913063268092853653e-01 1.441738734638143005e-01 1.706873008648156654e-03 0.000000000000000000e+00
7.040000000000000000e+05 1.760113036813957255e-01 5.370960400546199304e-02 7.954028220300409791e-01 1.471324533454710926e-01 3.755120619025944465e-03 0.000000000000000000e+00
7.080000000000000000e+05 1.770113679068583412e-01 5.211652253072371344e-02 7.963131543013199920e-01 1.482703686845698587e-01 3.299954483386436255e-03 0.000000000000000000e+00
7.120000000000000000e+05 1.780114321323207349e-01 5.382339553937186966e-02 7.949476558944014171e-01 1.477014110150204895e-01 3.527537551206190360e-03 0.000000000000000000e+00
7.160000000000000000e+05 1.790114963577831286e-01 5.211652253072371344e-02 7.955166135639508695e-01 1.486117432862995025e-01 3.755120619025944465e-03 0.000000000000000000e+00
7.200000000000000000e+05 1.800115605832457444e-01 5.018206645425580398e-02 7.999544833864360438e-01 1.461083295402822169e-01 3.755120619025944465e-03 0.000000000000000000e+00
7.240000000000000000e+05 1.810116248087081381e-01 5.279927173418298009e-02 7.976786527082384559e-01 1.455393718707328199e-01 3.982703686845699004e-03 0.000000000000000000e+00
7.280000000000000000e+05 1.820116890341707538e-01 4.915794264906690747e-02 8.015475648611742887e-01 1.463359126081019701e-01 2.958579881656804664e-03 0.000000000000000000e+00
7.320000000000000000e+05 1.830117532596331476e-01 5.143377332726445372e-02 7.969959035047792240e-01 1.489531178880291185e-01 2.617205279927173507e-03 0.000000000000000000e+00
7.360000000000000000e+05 1.840118174850955413e-01 4.949931725079653733e-02 7.988165680473372499e-01 1.490669094219390090e-01 2.617205279927173507e-03 0.000000000000000000e+00
7.400000000000000000e+05 1.850118817105581570e-01 5.029585798816568060e-02 7.976786527082384559e-01 1.482703686845698587e-01 3.755120619025944465e-03 0.000000000000000000e+00
7.440000000000000000e+05 1.860119459360205507e-01 5.086481565771506369e-02 7.966545289030496635e-01 1.500910332271279124e-01 2.389622212107419402e-03 0.000000000000000000e+00
7.480000000000000000e+05 1.870120101614829444e-01 4.995448338643605074e-02 7.987027765134273594e-01 1.487255348202093652e-01 2.617205279927173507e-03 0.000000000000000000e+00
7.520000000000000000e+05 1.880120743869455602e-01 5.143377332726445372e-02 7.976786527082384559e-01 1.482703686845698587e-01 2.617205279927173507e-03 0.000000000000000000e+00
7.560000000000000000e+05 1.890121386124079539e-01 4.995448338643605074e-02 7.984751934456076894e-01 1.483841602184797492e-01 3.186162949476558769e-03 0.000000000000000000e+00
7.600000000000000000e+05 1.900122028378703476e-01 5.223031406463359005e-02 7.977924442421483464e-01 1.475876194811105990e-01 2.389622212107419402e-03 0.000000000000000000e+00
7.640000000000000000e+05 1.910122670633329633e-01 5.063723258989531045e-02 7.999544833864360438e-01 1.474738279472007363e-01 1.934456076467910759e-03 0.000000000000000000e+00
7.680000000000000000e+05 1.920123312887953571e-01 4.813381884387801790e-02 7.994993172507965928e-01 1.488393263541192557e-01 3.527537551206190360e-03 0.000000000000000000e+00
7.720000000000000000e+05 1.930123955142579728e-01 5.223031406463359005e-02 7.974510696404187859e-01 1.488393263541192557e-01 1.479289940828402332e-03 0.000000000000000000e+00
7.760000000000000000e+05 1.940124597397203665e-01 5.234410559854346667e-02 7.975648611743286764e-01 1.480427856167501055e-01 2.048247610377787811e-03 0.000000000000000000e+00
7.800000000000000000e+05 1.950125239651827602e-01 5.143377332726445372e-02 7.981338188438780179e-01 1.484979517523896120e-01 1.934456076467910759e-03 0.000000000000000000e+00
7.840000000000000000e+05 1.960125881906453760e-01 5.405097860719162289e-02 7.964269458352298825e-01 1.471324533454710926e-01 2.389622212107419402e-03 0.000000000000000000e+00
7.880000000000000000e+05 1.970126524161077697e-01 5.325443786982248656e-02 8.000682749203459343e-01 1.450842057350933134e-01 1.593081474738279385e-03 0.000000000000000000e+00
7.920000000000000000e+05 1.980127166415701634e-01 5.791989076012744875e-02 7.954028220300409791e-01 1.455393718707328199e-01 1.137915339098770958e-03 0.000000000000000000e+00
7.960000000000000000e+05 1.990127808670327791e-01 5.644060081929904577e-02 7.974510696404187859e-01 1.447428311333636697e-01 1.365498406918525280e-03 0.000000000000000000e+00
8.000000000000000000e+05 2.000128450924951728e-01 5.769230769230769551e-02 7.948338643604915266e-01 1.458807464724624359e-01 1.593081474738279385e-03 0.000000000000000000e+00
8.040000000000000000e+05 2.010129093179577886e-01 5.837505689576695522e-02 7.948338643604915266e-01 1.450842057350933134e-01 1.706873008648156654e-03 0.000000000000000000e+00
8.080000000000000000e+05 2.020129735434201823e-01 5.700955848884842886e-02 7.956304050978607600e-01 1.456531634046426826e-01 1.706873008648156654e-03 0.000000000000000000e+00
8.120000000000000000e+05 2.030130377688825760e-01 5.735093309057805872e-02 7.971096950386891145e-01 1.434911242603550408e-01 2.048247610377787811e-03 0.000000000000000000e+00
8.160000000000000000e+05 2.040131019943451918e-01 5.803368229403732537e-02 7.951752389622211981e-01 1.453117888029130667e-01 1.479289940828402332e-03 0.000000000000000000e+00
8.200000000000000000e+05 2.050131662198075855e-01 5.735093309057805872e-02 7.972234865725990050e-01 1.447428311333636697e-01 6.827492034592626399e-04 0.000000000000000000e+00
8.240000000000000000e+05 2.060132304452699792e-01 5.883022303140646170e-02 7.949476558944014171e-01 1.448566226672735602e-01 1.365498406918525280e-03 0.000000000000000000e+00
8.280000000000000000e+05 2.070132946707325949e-01 5.848884842967683184e-02 7.958579881656804300e-01 1.450842057350933134e-01 5.689576695493854790e-04 0.000000000000000000e+00
8.320000000000000000e+05 2.080133588961949886e-01 5.814747382794720199e-02 7.957441966317706505e-01 1.444014565316340537e-01 1.706873008648156654e-03 0.000000000000000000e+00
8.360000000000000000e+05 2.090134231216576044e-01 5.700955848884842886e-02 7.969959035047792240e-01 1.442876649977241632e-01 1.706873008648156654e-03 0.000000000000000000e+00
8.400000000000000000e+05 2.100134873471199981e-01 5.678197542102867562e-02 7.972234865725990050e-01 1.451979972690031762e-01 7.965407373691396923e-04 0.000000000000000000e+00
8.440000000000000000e+05 2.110135515725823918e-01 5.632680928538916915e-02 7.974510696404187859e-01 1.446290395994538069e-01 1.593081474738279385e-03 0.000000000000000000e+00
8.480000000000000000e+05 2.120136157980450076e-01 5.575785161583977911e-02 7.964269458352298825e-01 1.463359126081019701e-01 1.479289940828402332e-03 0.000000000000000000e+00
8.520000000000000000e+05 2.130136800235074013e-01 5.655439235320892238e-02 7.967683204369594430e-01 1.449704142011834229e-01 1.706873008648156654e-03 0.000000000000000000e+00
8.560000000000000000e+05 2.140137442489697950e-01 5.484751934456076616e-02 7.987027765134273594e-01 1.447428311333636697e-01 1.706873008648156654e-03 0.000000000000000000e+00
8.600000000000000000e+05 2.150138084744324107e-01 5.700955848884842886e-02 7.971096950386891145e-01 1.446290395994538069e-01 1.251706873008648227e-03 0.000000000000000000e+00
8.640000000000000000e+05 2.160138726998948044e-01 5.723714155666818210e-02 7.958579881656804300e-01 1.454255803368229294e-01 1.479289940828402332e-03 0.000000000000000000e+00
8.680000000000000000e+05 2.170139369253571981e-01 5.655439235320892238e-02 7.985889849795174689e-01 1.437187073281747940e-01 1.137915339098770958e-03 0.000000000000000000e+00
8.720000000000000000e+05 2.180140011508198139e-01 5.814747382794720199e-02 7.951752389622211981e-01 1.449704142011834229e-01 1.706873008648156654e-03 0.000000000000000000e+00
8.760000000000000000e+05 2.190140653762822076e-01 5.951297223486572835e-02 7.957441966317706505e-01 1.433773327264451503e-01 1.365498406918525280e-03 0.000000000000000000e+00
8.800000000000000000e+05 2.200141296017448234e-01 5.757851615839781195e-02 7.952890304961310886e-01 1.461083295402822169e-01 1.024123805188893906e-03 0.000000000000000000e+00
8.840000000000000000e+05 2.210141938272072171e-01 5.803368229403732537e-02 7.975648611743286764e-01 1.436049157942649035e-01 7.965407373691396923e-04 0.000000000000000000e+00
8.880000000000000000e+05 2.220142580526696108e-01 5.848884842967683184e-02 7.954028220300409791e-01 1.448566226672735602e-01 1.251706873008648227e-03 0.000000000000000000e+00
8.920000000000000000e+05 2.230143222781322265e-01 5.894401456531633832e-02 7.956304050978607600e-01 1.440600819299044100e-01 1.365498406918525280e-03 0.000000000000000000e+00
8.960000000000000000e+05 2.240143865035946202e-01 6.235776058261265076e-02 7.824305871643150168e-01 1.533909877105143482e-01 1.820664542558033706e-03 0.000000000000000000e+00
9.000000000000000000e+05 2.250144507290570139e-01 5.644060081929904577e-02 7.740100136549841192e-01 1.690942193900773771e-01 4.551661356395084266e-04 0.000000000000000000e+00
9.040000000000000000e+05 2.260145149545196297e-01 5.598543468365953235e-02 7.740100136549841192e-01 1.689804278561675144e-01 1.024123805188893906e-03 0.000000000000000000e+00
9.080000000000000000e+05 2.270145791799820234e-01 5.461993627674101293e-02 7.741238051888938987e-01 1.695493855257168836e-01 1.706873008648156654e-03 0.000000000000000000e+00
