# itime ezz other fcc hcp bcc ico
0.000000000000000000e+00 0.000000000000000000e+00 0.000000000000000000e+00 1.000000000000000000e+00 0.000000000000000000e+00 0.000000000000000000e+00 0.000000000000000000e+00
4.000000000000000000e+03 9.999799820048504984e-04 0.000000000000000000e+00 1.000000000000000000e+00 0.000000000000000000e+00 0.000000000000000000e+00 0.000000000000000000e+00
8.000000000000000000e+03 1.999959964009700997e-03 0.000000000000000000e+00 1.000000000000000000e+00 0.000000000000000000e+00 0.000000000000000000e+00 0.000000000000000000e+00
1.200000000000000000e+04 2.999939946014773540e-03 0.000000000000000000e+00 1.000000000000000000e+00 0.000000000000000000e+00 0.000000000000000000e+00 0.000000000000000000e+00
1.600000000000000000e+04 3.999919928019624038e-03 0.000000000000000000e+00 1.000000000000000000e+00 0.000000000000000000e+00 0.000000000000000000e+00 0.000000000000000000e+00
2.000000000000000000e+04 4.999899910024474536e-03 0.000000000000000000e+00 1.000000000000000000e+00 0.000000000000000000e+00 0.000000000000000000e+00 0.000000000000000000e+00
2.400000000000000000e+04 5.999879892029325035e-03 0.000000000000000000e+00 1.000000000000000000e+00 0.000000000000000000e+00 0.000000000000000000e+00 0.000000000000000000e+00
2.800000000000000000e+04 6.999859874034175533e-03 0.000000000000000000e+00 1.000000000000000000e+00 0.000000000000000000e+00 0.000000000000000000e+00 0.000000000000000000e+00
3.200000000000000000e+04 7.999839856039026031e-03 0.000000000000000000e+00 1.000000000000000000e+00 0.000000000000000000e+00 0.000000000000000000e+00 0.000000000000000000e+00
3.600000000000000000e+04 8.999819838044098574e-03 0.000000000000000000e+00 1.000000000000000000e+00 0.000000000000000000e+00 0.000000000000000000e+00 0.000000000000000000e+00
4.000000000000000000e+04 9.999799820048949073e-03 0.000000000000000000e+00 1.000000000000000000e+00 0.000000000000000000e+00 0.000000000000000000e+00 0.000000000000000000e+00
4.400000000000000000e+04 1.099977980205379957e-02 0.000000000000000000e+00 1.000000000000000000e+00 0.000000000000000000e+00 0.000000000000000000e+00 0.000000000000000000e+00
4.800000000000000000e+04 1.199975978405865007e-02 0.000000000000000000e+00 1.000000000000000000e+00 0.000000000000000000e+00 0.000000000000000000e+00 0.000000000000000000e+00
5.200000000000000000e+04 1.299973976606350057e-02 0.000000000000000000e+00 1.000000000000000000e+00 0.000000000000000000e+00 0.000000000000000000e+00 0.000000000000000000e+00
5.600000000000000000e+04 1.399971974806835107e-02 0.000000000000000000e+00 1.000000000000000000e+00 0.000000000000000000e+00 0.000000000000000000e+00 0.000000000000000000e+00
6.000000000000000000e+04 1.499969973007342361e-02 0.000000000000000000e+00 1.000000000000000000e+00 0.000000000000000000e+00 0.000000000000000000e+00 0.000000000000000000e+00
6.400000000000000000e+04 1.599967971207827411e-02 0.000000000000000000e+00 1.000000000000000000e+00 0.000000000000000000e+00 0.000000000000000000e+00 0.000000000000000000e+00
6.800000000000000000e+04 1.699965969408312461e-02 0.000000000000000000e+00 1.000000000000000000e+00 0.000000000000000000e+00 0.000000000000000000e+00 0.000000000000000000e+00
7.200000000000000000e+04 1.799963967608797510e-02 0.000000000000000000e+00 1.000000000000000000e+00 0.000000000000000000e+00 0.000000000000000000e+00 0.000000000000000000e+00
7.600000000000000000e+04 1.899961965809282560e-02 0.000000000000000000e+00 1.000000000000000000e+00 0.000000000000000000e+00 0.000000000000000000e+00 0.000000000000000000e+00
8.000000000000000000e+04 1.999959964009767610e-02 0.000000000000000000e+00 1.000000000000000000e+00 0.000000000000000000e+00 0.000000000000000000e+00 0.000000000000000000e+00
8.400000000000000000e+04 2.099957962210274864e-02 0.000000000000000000e+00 1.000000000000000000e+00 0.000000000000000000e+00 0.000000000000000000e+00 0.000000000000000000e+00
8.800000000000000000e+04 2.199955960410759914e-02 0.000000000000000000e+00 1.000000000000000000e+00 0.000000000000000000e+00 0.000000000000000000e+00 0.000000000000000000e+00
9.200000000000000000e+04 2.299953958611244964e-02 0.000000000000000000e+00 1.000000000000000000e+00 0.000000000000000000e+00 0.000000000000000000e+00 0.000000000000000000e+00
9.600000000000000000e+04 2.399951956811730014e-02 0.000000000000000000e+00 1.000000000000000000e+00 0.000000000000000000e+00 0.000000000000000000e+00 0.000000000000000000e+00
1.000000000000000000e+05 2.499949955012215064e-02 0.000000000000000000e+00 1.000000000000000000e+00 0.000000000000000000e+00 0.000000000000000000e+00 0.000000000000000000e+00
1.040000000000000000e+05 2.599947953212700114e-02 0.000000000000000000e+00 1.000000000000000000e+00 0.000000000000000000e+00 0.000000000000000000e+00 0.000000000000000000e+00
1.080000000000000000e+05 2.699945951413207368e-02 0.000000000000000000e+00 1.000000000000000000e+00 0.000000000000000000e+00 0.000000000000000000e+00 0.000000000000000000e+00
1.120000000000000000e+05 2.799943949613692418e-02 0.000000000000000000e+00 1.000000000000000000e+00 0.000000000000000000e+00 0.000000000000000000e+00 0.000000000000000000e+00
1.160000000000000000e+05 2.899941947814177468e-02 0.000000000000000000e+00 1.000000000000000000e+00 0.000000000000000000e+00 0.000000000000000000e+00 0.000000000000000000e+00
1.200000000000000000e+05 2.999939946014662517e-02 0.000000000000000000e+00 1.000000000000000000e+00 0.000000000000000000e+00 0.000000000000000000e+00 0.000000000000000000e+00
1.240000000000000000e+05 3.099937944215147567e-02 0.000000000000000000e+00 1.000000000000000000e+00 0.000000000000000000e+00 0.000000000000000000e+00 0.000000000000000000e+00
1.280000000000000000e+05 3.199935942415654822e-02 0.000000000000000000e+00 1.000000000000000000e+00 0.000000000000000000e+00 0.000000000000000000e+00 0.000000000000000000e+00
1.320000000000000000e+05 3.299933940616139871e-02 0.000000000000000000e+00 1.000000000000000000e+00 0.000000000000000000e+00 0.000000000000000000e+00 0.000000000000000000e+00
1.360000000000000000e+05 3.399931938816624921e-02 0.000000000000000000e+00 1.000000000000000000e+00 0.000000000000000000e+00 0.000000000000000000e+00 0.000000000000000000e+00
1.400000000000000000e+05 3.499929937017109971e-02 0.000000000000000000e+00 1.000000000000000000e+00 0.000000000000000000e+00 0.000000000000000000e+00 0.000000000000000000e+00
1.440000000000000000e+05 3.599927935217595021e-02 0.000000000000000000e+00 1.000000000000000000e+00 0.000000000000000000e+00 0.000000000000000000e+00 0.000000000000000000e+00
1.480000000000000000e+05 3.699925933418080071e-02 0.000000000000000000e+00 1.000000000000000000e+00 0.000000000000000000e+00 0.000000000000000000e+00 0.000000000000000000e+00
1.520000000000000000e+05 3.799923931618587325e-02 0.000000000000000000e+00 1.000000000000000000e+00 0.000000000000000000e+00 0.000000000000000000e+00 0.000000000000000000e+00
1.560000000000000000e+05 3.899921929819072375e-02 0.000000000000000000e+00 1.000000000000000000e+00 0.000000000000000000e+00 0.000000000000000000e+00 0.000000000000000000e+00
1.600000000000000000e+05 3.999919928019557425e-02 0.000000000000000000e+00 1.000000000000000000e+00 0.000000000000000000e+00 0.000000000000000000e+00 0.000000000000000000e+00
1.640000000000000000e+05 4.099917926220042474e-02 0.000000000000000000e+00 1.000000000000000000e+00 0.000000000000000000e+00 0.000000000000000000e+00 0.000000000000000000e+00
1.680000000000000000e+05 4.199915924420527524e-02 0.000000000000000000e+00 1.000000000000000000e+00 0.000000000000000000e+00 0.000000000000000000e+00 0.000000000000000000e+00
1.720000000000000000e+05 4.299913922621012574e-02 0.000000000000000000e+00 1.000000000000000000e+00 0.000000000000000000e+00 0.000000000000000000e+00 0.000000000000000000e+00
1.760000000000000000e+05 4.399911920821519828e-02 0.000000000000000000e+00 1.000000000000000000e+00 0.000000000000000000e+00 0.000000000000000000e+00 0.000000000000000000e+00
1.800000000000000000e+05 4.499909919022004878e-02 0.000000000000000000e+00 1.000000000000000000e+00 0.000000000000000000e+00 0.000000000000000000e+00 0.000000000000000000e+00
1.840000000000000000e+05 4.599907917222489928e-02 0.000000000000000000e+00 1.000000000000000000e+00 0.000000000000000000e+00 0.000000000000000000e+00 0.000000000000000000e+00
1.880000000000000000e+05 4.699905915422974978e-02 0.000000000000000000e+00 1.000000000000000000e+00 0.000000000000000000e+00 0.000000000000000000e+00 0.000000000000000000e+00
1.920000000000000000e+05 4.799903913623460028e-02 0.000000000000000000e+00 1.000000000000000000e+00 0.000000000000000000e+00 0.000000000000000000e+00 0.000000000000000000e+00
1.960000000000000000e+05 4.899901911823945078e-02 0.000000000000000000e+00 1.000000000000000000e+00 0.000000000000000000e+00 0.000000000000000000e+00 0.000000000000000000e+00
2.000000000000000000e+05 4.999899910024452332e-02 0.000000000000000000e+00 1.000000000000000000e+00 0.000000000000000000e+00 0.000000000000000000e+00 0.000000000000000000e+00
2.040000000000000000e+05 5.099897908224937382e-02 0.000000000000000000e+00 1.000000000000000000e+00 0.000000000000000000e+00 0.000000000000000000e+00 0.000000000000000000e+00
2.080000000000000000e+05 5.199895906425422432e-02 0.000000000000000000e+00 1.000000000000000000e+00 0.000000000000000000e+00 0.000000000000000000e+00 0.000000000000000000e+00
2.120000000000000000e+05 5.299893904625907481e-02 0.000000000000000000e+00 1.000000000000000000e+00 0.000000000000000000e+00 0.000000000000000000e+00 0.000000000000000000e+00
2.160000000000000000e+05 5.399891902826392531e-02 0.000000000000000000e+00 1.000000000000000000e+00 0.000000000000000000e+00 0.000000000000000000e+00 0.000000000000000000e+00
2.200000000000000000e+05 5.499889901026899786e-02 0.000000000000000000e+00 1.000000000000000000e+00 0.000000000000000000e+00 0.000000000000000000e+00 0.000000000000000000e+00
2.240000000000000000e+05 5.599887899227384835e-02 0.000000000000000000e+00 1.000000000000000000e+00 0.000000000000000000e+00 0.000000000000000000e+00 0.000000000000000000e+00
2.280000000000000000e+05 5.699885897427869885e-02 0.000000000000000000e+00 1.000000000000000000e+00 0.000000000000000000e+00 0.000000000000000000e+00 0.000000000000000000e+00
2.320000000000000000e+05 5.799883895628354935e-02 0.000000000000000000e+00 1.000000000000000000e+00 0.000000000000000000e+00 0.000000000000000000e+00 0.000000000000000000e+00
2.360000000000000000e+05 5.899881893828839985e-02 0.000000000000000000e+00 1.000000000000000000e+00 0.000000000000000000e+00 0.000000000000000000e+00 0.000000000000000000e+00
2.400000000000000000e+05 5.999879892029325035e-02 0.000000000000000000e+00 1.000000000000000000e+00 0.000000000000000000e+00 0.000000000000000000e+00 0.000000000000000000e+00
2.440000000000000000e+05 6.099877890229832289e-02 0.000000000000000000e+00 1.000000000000000000e+00 0.000000000000000000e+00 0.000000000000000000e+00 0.000000000000000000e+00
2.480000000000000000e+05 6.199875888430317339e-02 0.000000000000000000e+00 1.000000000000000000e+00 0.000000000000000000e+00 0.000000000000000000e+00 0.000000000000000000e+00
2.520000000000000000e+05 6.299873886630802389e-02 0.000000000000000000e+00 1.000000000000000000e+00 0.000000000000000000e+00 0.000000000000000000e+00 0.000000000000000000e+00
2.560000000000000000e+05 6.399871884831287439e-02 0.000000000000000000e+00 1.000000000000000000e+00 0.000000000000000000e+00 0.000000000000000000e+00 0.000000000000000000e+00
2.600000000000000000e+05 6.499869883031772488e-02 1.137915339098771066e-04 9.998862084660901095e-01 0.000000000000000000e+00 0.000000000000000000e+00 0.000000000000000000e+00
2.640000000000000000e+05 6.599867881232257538e-02 1.137915339098771066e-04 9.998862084660901095e-01 0.000000000000000000e+00 0.000000000000000000e+00 0.000000000000000000e+00
2.680000000000000000e+05 6.699865879432764793e-02 0.000000000000000000e+00 1.000000000000000000e+00 0.000000000000000000e+00 0.000000000000000000e+00 0.000000000000000000e+00
2.720000000000000000e+05 6.799863877633249842e-02 0.000000000000000000e+00 1.000000000000000000e+00 0.000000000000000000e+00 0.000000000000000000e+00 0.000000000000000000e+00
2.760000000000000000e+05 6.899861875833734892e-02 0.000000000000000000e+00 1.000000000000000000e+00 0.000000000000000000e+00 0.000000000000000000e+00 0.000000000000000000e+00
2.800000000000000000e+05 6.999859874034219942e-02 4.551661356395084266e-04 9.995448338643604380e-01 0.000000000000000000e+00 0.000000000000000000e+00 0.000000000000000000e+00
2.840000000000000000e+05 7.099857872234704992e-02 0.000000000000000000e+00 1.000000000000000000e+00 0.000000000000000000e+00 0.000000000000000000e+00 0.000000000000000000e+00
2.880000000000000000e+05 7.199855870435190042e-02 0.000000000000000000e+00 1.000000000000000000e+00 0.000000000000000000e+00 0.000000000000000000e+00 0.000000000000000000e+00
2.920000000000000000e+05 7.299853868635697296e-02 0.000000000000000000e+00 1.000000000000000000e+00 0.000000000000000000e+00 0.000000000000000000e+00 0.000000000000000000e+00
2.960000000000000000e+05 7.399851866836182346e-02 6.827492034592626399e-04 9.993172507965407680e-01 0.000000000000000000e+00 0.000000000000000000e+00 0.000000000000000000e+00
3.000000000000000000e+05 7.499849865036667396e-02 0.000000000000000000e+00 1.000000000000000000e+00 0.000000000000000000e+00 0.000000000000000000e+00 0.000000000000000000e+00
3.040000000000000000e+05 7.599847863237152445e-02 2.275830678197542133e-04 9.997724169321802190e-01 0.000000000000000000e+00 0.000000000000000000e+00 0.000000000000000000e+00
3.080000000000000000e+05 7.699845861437637495e-02 0.000000000000000000e+00 1.000000000000000000e+00 0.000000000000000000e+00 0.000000000000000000e+00 0.000000000000000000e+00
3.120000000000000000e+05 7.799843859638122545e-02 6.827492034592626399e-04 9.993172507965407680e-01 0.000000000000000000e+00 0.000000000000000000e+00 0.000000000000000000e+00
3.160000000000000000e+05 7.899841857838629799e-02 0.000000000000000000e+00 1.000000000000000000e+00 0.000000000000000000e+00 0.000000000000000000e+00 0.000000000000000000e+00
3.200000000000000000e+05 7.999839856039114849e-02 4.551661356395084266e-04 9.995448338643604380e-01 0.000000000000000000e+00 0.000000000000000000e+00 0.000000000000000000e+00
3.240000000000000000e+05 8.099837854239599899e-02 7.965407373691396923e-04 9.992034592626308775e-01 0.000000000000000000e+00 0.000000000000000000e+00 0.000000000000000000e+00
3.280000000000000000e+05 8.199835852440084949e-02 1.137915339098771066e-04 9.998862084660901095e-01 0.000000000000000000e+00 0.000000000000000000e+00 0.000000000000000000e+00
3.320000000000000000e+05 8.299833850640569999e-02 7.965407373691396923e-04 9.992034592626308775e-01 0.000000000000000000e+00 0.000000000000000000e+00 0.000000000000000000e+00
3.360000000000000000e+05 8.399831848841077253e-02 1.137915339098771066e-04 9.998862084660901095e-01 0.000000000000000000e+00 0.000000000000000000e+00 0.000000000000000000e+00
3.400000000000000000e+05 8.499829847041562303e-02 2.275830678197542133e-04 9.997724169321802190e-01 0.000000000000000000e+00 0.000000000000000000e+00 0.000000000000000000e+00
3.440000000000000000e+05 8.599827845242047353e-02 1.365498406918525280e-03 9.986345015930814251e-01 0.000000000000000000e+00 0.000000000000000000e+00 0.000000000000000000e+00
3.480000000000000000e+05 8.699825843442532403e-02 4.551661356395084266e-04 9.994310423304506585e-01 0.000000000000000000e+00 1.137915339098771066e-04 0.000000000000000000e+00
3.520000000000000000e+05 8.799823841643017452e-02 9.103322712790168532e-04 9.988620846609012061e-01 0.000000000000000000e+00 2.275830678197542133e-04 0.000000000000000000e+00
3.560000000000000000e+05 8.899821839843502502e-02 7.965407373691396923e-04 9.990896677287209870e-01 0.000000000000000000e+00 1.137915339098771066e-04 0.000000000000000000e+00
3.600000000000000000e+05 8.999819838044009757e-02 1.479289940828402332e-03 9.985207100591716456e-01 0.000000000000000000e+00 0.000000000000000000e+00 0.000000000000000000e+00
3.640000000000000000e+05 9.099817836244494806e-02 7.965407373691396923e-04 9.992034592626308775e-01 0.000000000000000000e+00 0.000000000000000000e+00 0.000000000000000000e+00
3.680000000000000000e+05 9.199815834444979856e-02 2.162039144287664864e-03 9.977241693218024121e-01 0.000000000000000000e+00 1.137915339098771066e-04 0.000000000000000000e+00
3.720000000000000000e+05 9.299813832645464906e-02 1.593081474738279385e-03 9.981793354574419741e-01 0.000000000000000000e+00 2.275830678197542133e-04 0.000000000000000000e+00
3.760000000000000000e+05 9.399811830845949956e-02 1.251706873008648227e-03 9.986345015930814251e-01 0.000000000000000000e+00 1.137915339098771066e-04 0.000000000000000000e+00
3.800000000000000000e+05 9.499809829046435006e-02 1.024123805188893906e-03 9.989758761948110966e-01 0.000000000000000000e+00 0.000000000000000000e+00 0.000000000000000000e+00
3.840000000000000000e+05 9.599807827246942260e-02 2.844788347746927612e-03 9.970414201183431802e-01 0.000000000000000000e+00 1.137915339098771066e-04 0.000000000000000000e+00
3.880000000000000000e+05 9.699805825447427310e-02 1.820664542558033706e-03 9.980655439235320836e-01 0.000000000000000000e+00 1.137915339098771066e-04 0.000000000000000000e+00
3.920000000000000000e+05 9.799803823647912360e-02 3.868912152935821518e-03 9.960172963131542767e-01 0.000000000000000000e+00 1.137915339098771066e-04 0.000000000000000000e+00
3.960000000000000000e+05 9.899801821848397410e-02 2.503413746017296455e-03 9.974965862539827421e-01 0.000000000000000000e+00 0.000000000000000000e+00 0.000000000000000000e+00
4.000000000000000000e+05 9.999799820048882459e-02 2.844788347746927612e-03 9.970414201183431802e-01 0.000000000000000000e+00 1.137915339098771066e-04 0.000000000000000000e+00
4.040000000000000000e+05 1.009979781824936751e-01 4.437869822485207214e-03 9.951069640418752638e-01 0.000000000000000000e+00 4.551661356395084266e-04 0.000000000000000000e+00
4.080000000000000000e+05 1.019979581644987476e-01 5.234410559854347014e-03 9.938552571688666903e-01 0.000000000000000000e+00 9.103322712790168532e-04 0.000000000000000000e+00
4.120000000000000000e+05 1.029979381465035981e-01 8.648156577150659455e-03 9.904415111515703085e-01 0.000000000000000000e+00 9.103322712790168532e-04 0.000000000000000000e+00
4.160000000000000000e+05 1.039979181285084486e-01 6.258534365043240920e-03 9.931725079654073474e-01 0.000000000000000000e+00 5.689576695493854790e-04 0.000000000000000000e+00
4.200000000000000000e+05 1.049978981105132991e-01 5.348202093764223633e-03 9.945380063723259223e-01 0.000000000000000000e+00 1.137915339098771066e-04 0.000000000000000000e+00
4.240000000000000000e+05 1.059978780925181496e-01 8.648156577150659455e-03 9.908966772872098705e-01 0.000000000000000000e+00 4.551661356395084266e-04 0.000000000000000000e+00
4.280000000000000000e+05 1.069978580745230001e-01 5.609922621756941591e-02 6.818388711879835862e-01 2.561447428311333652e-01 5.917159763313609329e-03 0.000000000000000000e+00
4.320000000000000000e+05 1.079978380565280727e-01 5.382339553937186966e-02 6.830905780609922706e-01 2.578516158397815006e-01 5.234410559854347014e-03 0.000000000000000000e+00
4.360000000000000000e+05 1.089978180385329232e-01 5.348202093764223980e-02 6.822940373236231482e-01 2.594446973145198010e-01 4.779244424214838804e-03 0.000000000000000000e+00
4.400000000000000000e+05 1.099977980205377737e-01 5.257168866636321991e-02 6.841147018661811741e-01 2.576240327719617751e-01 5.689576695493855224e-03 0.000000000000000000e+00
4.440000000000000000e+05 1.109977780025426242e-01 5.427856167501137613e-02 6.829767865270823801e-01 2.581929904415111721e-01 4.551661356395083832e-03 0.000000000000000000e+00
4.480000000000000000e+05 1.119977579845474747e-01 5.473372781065088954e-02 6.814974965862540257e-01 2.581929904415111721e-01 5.575785161583977738e-03 0.000000000000000000e+00
4.520000000000000000e+05 1.129977379665525472e-01 5.461993627674101293e-02 6.824078288575330387e-01 2.580791989076012816e-01 4.893035958124715423e-03 0.000000000000000000e+00
4.560000000000000000e+05 1.139977179485573977e-01 5.382339553937186966e-02 6.828629949931724896e-01 2.577378243058716656e-01 5.575785161583977738e-03 0.000000000000000000e+00
4.600000000000000000e+05 1.149976979305622482e-01 5.188893946290396020e-02 6.845698680018206250e-01 2.572826581702321591e-01 6.258534365043240920e-03 0.000000000000000000e+00
4.640000000000000000e+05 1.159976779125670987e-01 5.473372781065088954e-02 6.837733272644515026e-01 2.564861174328629811e-01 5.006827492034592909e-03 0.000000000000000000e+00
4.680000000000000000e+05 1.169976578945719492e-01 5.518889394629039602e-02 6.828629949931724896e-01 2.573964497041419941e-01 4.551661356395083832e-03 0.000000000000000000e+00
4.720000000000000000e+05 1.179976378765767997e-01 5.416477014110149951e-02 6.835457441966317216e-01 2.564861174328629811e-01 5.803368229403732710e-03 0.000000000000000000e+00
4.760000000000000000e+05 1.189976178585818722e-01 5.553026854802002588e-02 6.829767865270823801e-01 2.571688666363222686e-01 4.324078288575329727e-03 0.000000000000000000e+00
4.800000000000000000e+05 1.199975978405867227e-01 5.257168866636321991e-02 6.843422849340009551e-01 2.558033682294037492e-01 7.282658170232134826e-03 0.000000000000000000e+00
4.840000000000000000e+05 1.209975778225915732e-01 5.530268548020027264e-02 6.835457441966317216e-01 2.559171597633135842e-01 5.234410559854347014e-03 0.000000000000000000e+00
4.880000000000000000e+05 1.219975578045964237e-01 5.223031406463359005e-02 6.849112426035502965e-01 2.573964497041419941e-01 5.461993627674101119e-03 0.000000000000000000e+00
4.920000000000000000e+05 1.229975377866012742e-01 5.541647701411014926e-02 6.861629494765589810e-01 2.536413290851160518e-01 4.779244424214838804e-03 0.000000000000000000e+00
4.960000000000000000e+05 1.239975177686061247e-01 5.553026854802002588e-02 6.860491579426490905e-01 2.535275375512062168e-01 4.893035958124715423e-03 0.000000000000000000e+00
5.000000000000000000e+05 1.249974977506111973e-01 5.496131087847064278e-02 6.857077833409194190e-01 2.536413290851160518e-01 5.689576695493855224e-03 0.000000000000000000e+00
5.040000000000000000e+05 1.259974777326160478e-01 5.530268548020027264e-02 6.860491579426490905e-01 2.538689121529358328e-01 4.779244424214838804e-03 0.000000000000000000e+00
5.080000000000000000e+05 1.269974577146208983e-01 5.564406008192990249e-02 6.855939918070095285e-01 2.536413290851160518e-01 5.120619025944469528e-03 0.000000000000000000e+00
5.120000000000000000e+05 1.279974376966257488e-01 5.496131087847064278e-02 6.853664087391898585e-01 2.538689121529358328e-01 5.803368229403732710e-03 0.000000000000000000e+00
5.160000000000000000e+05 1.289974176786305993e-01 5.541647701411014926e-02 6.847974510696404060e-01 2.542102867546654488e-01 5.575785161583977738e-03 0.000000000000000000e+00
5.200000000000000000e+05 1.299973976606354498e-01 5.575785161583977911e-02 6.846836595357305155e-01 2.531861629494765453e-01 6.372325898953117539e-03 0.000000000000000000e+00
5.240000000000000000e+05 1.309973776426405223e-01 5.644060081929904577e-02 6.841147018661811741e-01 2.528447883477469293e-01 6.599908966772872511e-03 0.000000000000000000e+00
5.280000000000000000e+05 1.319973576246453728e-01 5.769230769230769551e-02 6.821802457897132577e-01 2.542102867546654488e-01 5.917159763313609329e-03 0.000000000000000000e+00
5.320000000000000000e+05 1.329973376066502233e-01 5.450614474283113631e-02 6.852526172052799680e-01 2.539827036868457233e-01 6.258534365043240920e-03 0.000000000000000000e+00
5.360000000000000000e+05 1.339973175886550738e-01 5.837505689576695522e-02 6.845698680018206250e-01 2.513654984069185194e-01 5.689576695493855224e-03 0.000000000000000000e+00
5.400000000000000000e+05 1.349972975706599243e-01 5.723714155666818210e-02 6.843422849340009551e-01 2.531861629494765453e-01 5.234410559854347014e-03 0.000000000000000000e+00
5.440000000000000000e+05 1.359972775526649968e-01 5.666818388711879900e-02 6.846836595357305155e-01 2.526172052799271484e-01 6.030951297223486815e-03 0.000000000000000000e+00
5.480000000000000000e+05 1.369972575346698473e-01 5.723714155666818210e-02 6.824078288575330387e-01 2.540964952207555583e-01 6.258534365043240920e-03 0.000000000000000000e+00
5.520000000000000000e+05 1.379972375166746978e-01 5.587164314974965573e-02 6.824078288575330387e-01 2.561447428311333652e-01 5.575785161583977738e-03 0.000000000000000000e+00
5.560000000000000000e+05 1.389972174986795483e-01 5.780609922621757213e-02 6.820664542558033672e-01 2.543240782885753393e-01 5.803368229403732710e-03 0.000000000000000000e+00
5.600000000000000000e+05 1.399971974806843988e-01 6.030951297223486468e-02 6.827492034592625991e-01 2.519344560764679164e-01 5.006827492034592909e-03 0.000000000000000000e+00
5.640000000000000000e+05 1.409971774626892493e-01 6.429221665908056715e-02 6.731907146108329076e-01 2.568274920345926526e-01 5.689576695493855224e-03 0.000000000000000000e+00
5.680000000000000000e+05 1.419971574446943219e-01 6.702321347291761988e-02 6.719390077378243342e-01 2.550068274920345712e-01 6.030951297223486815e-03 0.000000000000000000e+00
5.720000000000000000e+05 1.429971374266991724e-01 7.624032771961765376e-02 6.601046882111970548e-01 2.578516158397815006e-01 5.803368229403732710e-03 0.000000000000000000e+00
5.760000000000000000e+05 1.439971174087040229e-01 8.056440600819299303e-02 6.546426945835229771e-01 2.565999089667728716e-01 8.192990441511151245e-03 0.000000000000000000e+00
5.800000000000000000e+05 1.449970973907088734e-01 9.114701866181156020e-02 6.411015020482475624e-01 2.604688211197087044e-01 7.282658170232134826e-03 0.000000000000000000e+00
5.840000000000000000e+05 1.459970773727137239e-01 9.000910332271279402e-02 6.405325443786982209e-01 2.598998634501593075e-01 9.558488848429677609e-03 0.000000000000000000e+00
5.880000000000000000e+05 1.469970573547185744e-01 9.023668639053254725e-02 6.408739189804278924e-01 2.611515703231679364e-01 7.737824305871643035e-03 0.000000000000000000e+00
5.920000000000000000e+05 1.479970373367236469e-01 9.057806099226217711e-02 6.406463359126081114e-01 2.616067364588074429e-01 7.168866636322257339e-03 0.000000000000000000e+00
5.960000000000000000e+05 1.489970173187284974e-01 9.558488848429676221e-02 6.374601729631315106e-01 2.594446973145198010e-01 7.510241238051888930e-03 0.000000000000000000e+00
6.000000000000000000e+05 1.499969973007333479e-01 9.296768320436959998e-02 6.379153390987710726e-01 2.611515703231679364e-01 7.965407373691398007e-03 0.000000000000000000e+00
6.040000000000000000e+05 1.509969772827381984e-01 9.080564406008193035e-02 6.405325443786982209e-01 2.591033227127901850e-01 9.558488848429677609e-03 0.000000000000000000e+00
6.080000000000000000e+05 1.519969572647430489e-01 9.410559854346836617e-02 6.383705052344105235e-01 2.591033227127901850e-01 8.420573509330906217e-03 0.000000000000000000e+00
6.120000000000000000e+05 1.529969372467478994e-01 9.615384615384615918e-02 6.340464269458352398e-01 2.610377787892581014e-01 8.761948111060537808e-03 0.000000000000000000e+00
6.160000000000000000e+05 1.539969172287529720e-01 9.524351388256713236e-02 6.360946745562130467e-01 2.631998179335457433e-01 5.461993627674101119e-03 0.000000000000000000e+00
6.200000000000000000e+05 1.549968972107578224e-01 9.501593081474737912e-02 6.373463814292216201e-01 2.609239872553482109e-01 6.713700500682749130e-03 0.000000000000000000e+00
6.240000000000000000e+05 1.559968771927626729e-01 1.096950386891215323e-01 6.033227127901683584e-01 2.779927173418297870e-01 8.989531178880291046e-03 0.000000000000000000e+00
6.280000000000000000e+05 1.569968571747675234e-01 6.861629494765589254e-02 7.281520254893035782e-01 2.005006827492034627e-01 2.730996813837050560e-03 0.000000000000000000e+00
6.320000000000000000e+05 1.579968371567723739e-01 6.690942193900774326e-02 7.247382794720073074e-01 2.036868456986800080e-01 4.665452890304961318e-03 0.000000000000000000e+00
6.360000000000000000e+05 1.589968171387772244e-01 6.588529813381883982e-02 7.258761948111061013e-01 2.047109695038689114e-01 3.527537551206190360e-03 0.000000000000000000e+00
6.400000000000000000e+05 1.599967971207822970e-01 6.543013199817933334e-02 7.248520710059171979e-01 2.050523441055985552e-01 4.665452890304961318e-03 0.000000000000000000e+00
6.440000000000000000e+05 1.609967771027871475e-01 6.770596267637687959e-02 7.220072826581702685e-01 2.067592171142466906e-01 3.527537551206190360e-03 0.000000000000000000e+00
6.480000000000000000e+05 1.619967570847919980e-01 6.998179335457442585e-02 7.174556213017750927e-01 2.074419663177059503e-01 5.120619025944469528e-03 0.000000000000000000e+00
6.520000000000000000e+05 1.629967370667968485e-01 6.770596267637687959e-02 7.207555757851615841e-01 2.071005917159763343e-01 4.437869822485207214e-03 0.000000000000000000e+00
6.560000000000000000e+05 1.639967170488016990e-01 6.907146108329539902e-02 7.212107419208011461e-01 2.057350933090578149e-01 3.982703686845699004e-03 0.000000000000000000e+00
6.600000000000000000e+05 1.649966970308067715e-01 7.794720072826581692e-02 6.917387346381429492e-01 2.282658170232134687e-01 2.048247610377787811e-03 0.000000000000000000e+00
6.640000000000000000e+05 1.659966770128116220e-01 7.669549385525717411e-02 6.965179790623577949e-01 2.241693218024579104e-01 2.617205279927173507e-03 0.000000000000000000e+00
6.680000000000000000e+05 1.669966569948164725e-01 7.703686845698680397e-02 6.916249431042330587e-01 2.279244424214838527e-01 3.413746017296313308e-03 0.000000000000000000e+00
6.720000000000000000e+05 1.679966369768213230e-01 7.954028220300408958e-02 6.893491124260354708e-01 2.283796085571233592e-01 2.730996813837050560e-03 0.000000000000000000e+00
6.760000000000000000e+05 1.689966169588261735e-01 7.897132453345470648e-02 6.910559854346836062e-01 2.280382339553937154e-01 1.934456076467910759e-03 0.000000000000000000e+00
6.800000000000000000e+05 1.699965969408310240e-01 7.749203459262631044e-02 6.874146563495675544e-01 2.322485207100591642e-01 2.844788347746927612e-03 0.000000000000000000e+00
6.840000000000000000e+05 1.709965769228360966e-01 7.658170232134729749e-02 6.885525716886663483e-01 2.315657715065999045e-01 3.299954483386436255e-03 0.000000000000000000e+00
6.880000000000000000e+05 1.719965569048409471e-01 7.692307692307692735e-02 6.879836140191170069e-01 2.315657715065999045e-01 3.527537551206190360e-03 0.000000000000000000e+00
6.920000000000000000e+05 1.729965368868457976e-01 7.794720072826581692e-02 6.893491124260354708e-01 2.290623577605826189e-01 3.641329085116067413e-03 0.000000000000000000e+00
6.960000000000000000e+05 1.739965168688506481e-01 7.658170232134729749e-02 6.894629039599453613e-01 2.308830223031406448e-01 3.072371415566681717e-03 0.000000000000000000e+00
7.000000000000000000e+05 1.749964968508554986e-01 8.022303140646336317e-02 6.883249886208465673e-01 2.283796085571233592e-01 3.072371415566681717e-03 0.000000000000000000e+00
7.040000000000000000e+05 1.759964768328603490e-01 7.806099226217569353e-02 6.885525716886663483e-01 2.295175238962221254e-01 3.868912152935821518e-03 0.000000000000000000e+00
7.080000000000000000e+05 1.769964568148654216e-01 8.022303140646336317e-02 6.902594446973144837e-01 2.256486117432862926e-01 3.868912152935821518e-03 0.000000000000000000e+00
7.120000000000000000e+05 1.779964367968702721e-01 7.851615839781520001e-02 6.917387346381429492e-01 2.267865270823850588e-01 2.958579881656804664e-03 0.000000000000000000e+00
7.160000000000000000e+05 1.789964167788751226e-01 7.794720072826581692e-02 6.986800182066453813e-01 2.201866181156121871e-01 3.186162949476558769e-03 0.000000000000000000e+00
7.200000000000000000e+05 1.799963967608799731e-01 7.885753299954482987e-02 7.030040964952207760e-01 2.163177059626763821e-01 1.820664542558033706e-03 0.000000000000000000e+00
7.240000000000000000e+05 1.809963767428848236e-01 7.885753299954482987e-02 7.053937187073281434e-01 2.134729176149294527e-01 2.275830678197541916e-03 0.000000000000000000e+00
7.280000000000000000e+05 1.819963567248896741e-01 7.874374146563495325e-02 7.066454255803368278e-01 2.115384615384615363e-01 3.072371415566681717e-03 0.000000000000000000e+00
7.320000000000000000e+05 1.829963367068947466e-01 8.170232134729175921e-02 7.148384160218479444e-01 2.019799726900318726e-01 1.479289940828402332e-03 0.000000000000000000e+00
7.360000000000000000e+05 1.839963166888995971e-01 8.101957214383249950e-02 7.152935821574875064e-01 2.019799726900318726e-01 1.706873008648156654e-03 0.000000000000000000e+00
7.400000000000000000e+05 1.849962966709044476e-01 8.352298588984979899e-02 7.179107874374146547e-01 1.974283113336367801e-01 1.137915339098770958e-03 0.000000000000000000e+00
7.440000000000000000e+05 1.859962766529092981e-01 8.636777423759672834e-02 7.212107419208011461e-01 1.900318616294947582e-01 2.389622212107419402e-03 0.000000000000000000e+00
7.480000000000000000e+05 1.869962566349141486e-01 8.864360491579426071e-02 7.201866181156122426e-01 1.899180700955848955e-01 1.251706873008648227e-03 0.000000000000000000e+00
7.520000000000000000e+05 1.879962366169189991e-01 8.636777423759672834e-02 7.240555302685480754e-01 1.875284478834774726e-01 2.048247610377787811e-03 0.000000000000000000e+00
7.560000000000000000e+05 1.889962165989240717e-01 9.080564406008193035e-02 7.243969048702776359e-01 1.827492034592626269e-01 2.048247610377787811e-03 0.000000000000000000e+00
7.600000000000000000e+05 1.899961965809289222e-01 9.023668639053254725e-02 7.263313609467455523e-01 1.813837050523441075e-01 2.048247610377787811e-03 0.000000000000000000e+00
7.640000000000000000e+05 1.909961765629337727e-01 9.103322712790168358e-02 7.269003186162948937e-01 1.799044151115156975e-01 2.162039144287664864e-03 0.000000000000000000e+00
7.680000000000000000e+05 1.919961565449386232e-01 9.137460172963131344e-02 7.278106508875740177e-01 1.784251251706872876e-01 2.389622212107419402e-03 0.000000000000000000e+00
7.720000000000000000e+05 1.929961365269434737e-01 9.285389167045972336e-02 7.255348202093764298e-01 1.795630405097860816e-01 2.048247610377787811e-03 0.000000000000000000e+00
7.760000000000000000e+05 1.939961165089485462e-01 9.069185252617205373e-02 7.452207555757851543e-01 1.623805188893946427e-01 1.706873008648156654e-03 0.000000000000000000e+00
7.800000000000000000e+05 1.949960964909533967e-01 9.217114246700044977e-02 7.448793809740554828e-01 1.609012289485662328e-01 2.048247610377787811e-03 0.000000000000000000e+00
7.840000000000000000e+05 1.959960764729582472e-01 9.012289485662267063e-02 7.459035047792443862e-01 1.629494765589440120e-01 1.024123805188893906e-03 0.000000000000000000e+00
7.880000000000000000e+05 1.969960564549630977e-01 9.217114246700044977e-02 7.436276741010469093e-01 1.624943104233045055e-01 1.706873008648156654e-03 0.000000000000000000e+00
7.920000000000000000e+05 1.979960364369679482e-01 9.160218479745106668e-02 7.453345471096950448e-01 1.610150204824760956e-01 2.048247610377787811e-03 0.000000000000000000e+00
7.960000000000000000e+05 1.989960164189727987e-01 9.285389167045972336e-02 7.441966317705962508e-01 1.610150204824760956e-01 1.934456076467910759e-03 0.000000000000000000e+00
8.000000000000000000e+05 1.999959964009778712e-01 9.285389167045972336e-02 7.427173418297678964e-01 1.614701866181156020e-01 2.958579881656804664e-03 0.000000000000000000e+00
8.040000000000000000e+05 2.009959763829827217e-01 9.069185252617205373e-02 7.444242148384160318e-01 1.624943104233045055e-01 2.389622212107419402e-03 0.000000000000000000e+00
8.080000000000000000e+05 2.019959563649875722e-01 9.262630860263997012e-02 7.427173418297678964e-01 1.630632680928539024e-01 1.593081474738279385e-03 0.000000000000000000e+00
8.120000000000000000e+05 2.029959363469924227e-01 9.296768320436959998e-02 7.426035502958580059e-01 1.620391442876649990e-01 2.389622212107419402e-03 0.000000000000000000e+00
8.160000000000000000e+05 2.039959163289972732e-01 9.342284934000910646e-02 7.428311333636777869e-01 1.616977696859353553e-01 2.048247610377787811e-03 0.000000000000000000e+00
8.200000000000000000e+05 2.049958963110021237e-01 9.353664087391898307e-02 7.430587164314974569e-01 1.605598543468365891e-01 2.844788347746927612e-03 0.000000000000000000e+00
8.240000000000000000e+05 2.059958762930071963e-01 9.353664087391898307e-02 7.435138825671370189e-01 1.619253527537551085e-01 1.024123805188893906e-03 0.000000000000000000e+00
8.280000000000000000e+05 2.069958562750120468e-01 9.524351388256713236e-02 7.424897587619481154e-01 1.606736458807464796e-01 1.593081474738279385e-03 0.000000000000000000e+00
8.320000000000000000e+05 2.079958362570168973e-01 9.103322712790168358e-02 7.436276741010469093e-01 1.628356850250341492e-01 2.503413746017296455e-03 0.000000000000000000e+00
8.360000000000000000e+05 2.089958162390217478e-01 9.319526627218935322e-02 7.437414656349567998e-01 1.614701866181156020e-01 1.593081474738279385e-03 0.000000000000000000e+00
8.400000000000000000e+05 2.099957962210265983e-01 9.114701866181156020e-02 7.444242148384160318e-01 1.629494765589440120e-01 1.479289940828402332e-03 0.000000000000000000e+00
8.440000000000000000e+05 2.109957762030314488e-01 9.296768320436959998e-02 7.434000910332271284e-01 1.615839781520254925e-01 2.048247610377787811e-03 0.000000000000000000e+00
8.480000000000000000e+05 2.119957561850365213e-01 9.114701866181156020e-02 7.427173418297678964e-01 1.642011834319526686e-01 1.934456076467910759e-03 0.000000000000000000e+00
8.520000000000000000e+05 2.129957361670413718e-01 9.490213928083750250e-02 7.405553026854801990e-01 1.621529358215748617e-01 2.389622212107419402e-03 0.000000000000000000e+00
8.560000000000000000e+05 2.139957161490462223e-01 9.467455621301774926e-02 7.413518434228493215e-01 1.628356850250341492e-01 1.137915339098770958e-03 0.000000000000000000e+00
8.600000000000000000e+05 2.149956961310510728e-01 9.512972234865725574e-02 7.421483841602184439e-01 1.607874374146563423e-01 1.934456076467910759e-03 0.000000000000000000e+00
8.640000000000000000e+05 2.159956761130559233e-01 9.478834774692762588e-02 7.424897587619481154e-01 1.610150204824760956e-01 1.706873008648156654e-03 0.000000000000000000e+00
8.680000000000000000e+05 2.169956560950607738e-01 9.456076467910787264e-02 7.413518434228493215e-01 1.616977696859353553e-01 2.389622212107419402e-03 0.000000000000000000e+00
8.720000000000000000e+05 2.179956360770658463e-01 9.547109695038688559e-02 7.408966772872098705e-01 1.610150204824760956e-01 2.617205279927173507e-03 0.000000000000000000e+00
8.760000000000000000e+05 2.189956160590706968e-01 9.456076467910787264e-02 7.408966772872098705e-01 1.621529358215748617e-01 2.389622212107419402e-03 0.000000000000000000e+00
8.800000000000000000e+05 2.199955960410755473e-01 1.042330450614474269e-01 7.179107874374146547e-01 1.731907146108329631e-01 4.665452890304961318e-03 0.000000000000000000e+00
8.840000000000000000e+05 2.209955760230803978e-01 1.078743741465634925e-01 7.139280837505689314e-01 1.744424214838415921e-01 3.755120619025944465e-03 0.000000000000000000e+00
8.880000000000000000e+05 2.219955560050852483e-01 1.062812926718252199e-01 7.146108329540282744e-01 1.746700045516613453e-01 4.437869822485207214e-03 0.000000000000000000e+00
8.920000000000000000e+05 2.229955359870903209e-01 1.094674556213017791e-01 7.097177969959035382e-01 1.771734182976786587e-01 3.641329085116067413e-03 0.000000000000000000e+00
8.960000000000000000e+05 2.239955159690951714e-01 1.073054164770141095e-01 7.099453800637232082e-01 1.787664997724169313e-01 3.982703686845699004e-03 0.000000000000000000e+00
9.000000000000000000e+05 2.249954959511000219e-01 1.261948111060537114e-01 6.750113791533909335e-01 1.946973145197997135e-01 4.096495220755575623e-03 0.000000000000000000e+00
9.040000000000000000e+05 2.259954759331048724e-01 1.194811106053709632e-01 6.711424670004552118e-01 2.031178880291306388e-01 6.258534365043240920e-03 0.000000000000000000e+00
9.080000000000000000e+05 2.269954559151097229e-01 1.205052344105598527e-01 6.693218024578971859e-01 2.027765134274009950e-01 7.396449704142011444e-03 0.000000000000000000e+00
