# itime ezz other fcc hcp bcc ico
0.000000000000000000e+00 0.000000000000000000e+00 1.137915339098771066e-04 9.998862084660901095e-01 0.000000000000000000e+00 0.000000000000000000e+00 0.000000000000000000e+00
8.000000000000000000e+03 1.999936031146898330e-03 6.827492034592626399e-04 9.993172507965407680e-01 0.000000000000000000e+00 0.000000000000000000e+00 0.000000000000000000e+00
1.600000000000000000e+04 3.999872062293796660e-03 2.048247610377787811e-03 9.979517523896221931e-01 0.000000000000000000e+00 0.000000000000000000e+00 0.000000000000000000e+00
2.400000000000000000e+04 5.999808093440472945e-03 7.965407373691396923e-04 9.992034592626308775e-01 0.000000000000000000e+00 0.000000000000000000e+00 0.000000000000000000e+00
3.200000000000000000e+04 7.999744124587371275e-03 1.024123805188893906e-03 9.989758761948110966e-01 0.000000000000000000e+00 0.000000000000000000e+00 0.000000000000000000e+00
4.000000000000000000e+04 9.999680155734269604e-03 7.965407373691396923e-04 9.992034592626308775e-01 0.000000000000000000e+00 0.000000000000000000e+00 0.000000000000000000e+00
4.800000000000000000e+04 1.199961618688116793e-02 1.479289940828402332e-03 9.985207100591716456e-01 0.000000000000000000e+00 0.000000000000000000e+00 0.000000000000000000e+00
5.600000000000000000e+04 1.399955221802784422e-02 1.137915339098770958e-03 9.988620846609012061e-01 0.000000000000000000e+00 0.000000000000000000e+00 0.000000000000000000e+00
6.400000000000000000e+04 1.599948824917474255e-02 2.162039144287664864e-03 9.978379608557123026e-01 0.000000000000000000e+00 0.000000000000000000e+00 0.000000000000000000e+00
7.200000000000000000e+04 1.799942428032164088e-02 1.137915339098770958e-03 9.988620846609012061e-01 0.000000000000000000e+00 0.000000000000000000e+00 0.000000000000000000e+00
8.000000000000000000e+04 1.999936031146853921e-02 2.162039144287664864e-03 9.978379608557123026e-01 0.000000000000000000e+00 0.000000000000000000e+00 0.000000000000000000e+00
8.800000000000000000e+04 2.199929634261521549e-02 2.503413746017296455e-03 9.973827947200728516e-01 0.000000000000000000e+00 1.137915339098771066e-04 0.000000000000000000e+00
9.600000000000000000e+04 2.399923237376211382e-02 2.275830678197541916e-03 9.977241693218024121e-01 0.000000000000000000e+00 0.000000000000000000e+00 0.000000000000000000e+00
1.040000000000000000e+05 2.599916840490901215e-02 1.934456076467910759e-03 9.980655439235320836e-01 0.000000000000000000e+00 0.000000000000000000e+00 0.000000000000000000e+00
1.120000000000000000e+05 2.799910443605591048e-02 2.048247610377787811e-03 9.978379608557123026e-01 0.000000000000000000e+00 1.137915339098771066e-04 0.000000000000000000e+00
1.200000000000000000e+05 2.999904046720258677e-02 3.868912152935821518e-03 9.961310878470641672e-01 0.000000000000000000e+00 0.000000000000000000e+00 0.000000000000000000e+00
1.280000000000000000e+05 3.199897649834948510e-02 5.575785161583977738e-03 9.941966317705962508e-01 0.000000000000000000e+00 2.275830678197542133e-04 0.000000000000000000e+00
1.360000000000000000e+05 3.399891252949638343e-02 5.348202093764223633e-03 9.943104233045061413e-01 0.000000000000000000e+00 3.413746017296313199e-04 0.000000000000000000e+00
1.440000000000000000e+05 3.599884856064328176e-02 6.030951297223486815e-03 9.938552571688666903e-01 0.000000000000000000e+00 1.137915339098771066e-04 0.000000000000000000e+00
1.520000000000000000e+05 3.799878459178995804e-02 6.258534365043240920e-03 9.936276741010469093e-01 0.000000000000000000e+00 1.137915339098771066e-04 0.000000000000000000e+00
1.600000000000000000e+05 3.999872062293685637e-02 9.786071916249430847e-03 9.898725534820209671e-01 0.000000000000000000e+00 3.413746017296313199e-04 0.000000000000000000e+00
1.680000000000000000e+05 4.199865665408375470e-02 5.461993627674101119e-03 9.945380063723259223e-01 0.000000000000000000e+00 0.000000000000000000e+00 0.000000000000000000e+00
1.760000000000000000e+05 4.399859268523065303e-02 8.306781975421027864e-03 9.913518434228493215e-01 0.000000000000000000e+00 3.413746017296313199e-04 0.000000000000000000e+00
1.840000000000000000e+05 4.599852871637732932e-02 1.103777878925807886e-02 9.886208466090122826e-01 0.000000000000000000e+00 3.413746017296313199e-04 0.000000000000000000e+00
1.920000000000000000e+05 4.799846474752422765e-02 1.251706873008648184e-02 9.868001820664542567e-01 0.000000000000000000e+00 6.827492034592626399e-04 0.000000000000000000e+00
2.000000000000000000e+05 4.999840077867112598e-02 1.251706873008648184e-02 9.866863905325443662e-01 0.000000000000000000e+00 7.965407373691396923e-04 0.000000000000000000e+00
2.080000000000000000e+05 5.199833680981802431e-02 1.399635867091488309e-02 9.854346836595356818e-01 0.000000000000000000e+00 5.689576695493854790e-04 0.000000000000000000e+00
2.160000000000000000e+05 5.399827284096470059e-02 2.002730996813837164e-02 9.789485662266727006e-01 0.000000000000000000e+00 1.024123805188893906e-03 0.000000000000000000e+00
2.240000000000000000e+05 5.599820887211159892e-02 2.082385070550751144e-02 9.782658170232134687e-01 0.000000000000000000e+00 9.103322712790168532e-04 0.000000000000000000e+00
2.320000000000000000e+05 5.799814490325849725e-02 2.287209831588529751e-02 9.763313609467455523e-01 0.000000000000000000e+00 7.965407373691396923e-04 0.000000000000000000e+00
2.400000000000000000e+05 5.999808093440539558e-02 2.730996813837050646e-02 9.699590350477924616e-01 0.000000000000000000e+00 2.730996813837050560e-03 0.000000000000000000e+00
2.480000000000000000e+05 6.199801696555207187e-02 3.095129722348657214e-02 9.676832043695948737e-01 0.000000000000000000e+00 1.365498406918525280e-03 0.000000000000000000e+00
2.560000000000000000e+05 6.399795299669897020e-02 3.277196176604460498e-02 9.654073736913973969e-01 0.000000000000000000e+00 1.820664542558033706e-03 0.000000000000000000e+00
2.640000000000000000e+05 6.599788902784586853e-02 3.584433318161128756e-02 9.625625853436504675e-01 0.000000000000000000e+00 1.593081474738279385e-03 0.000000000000000000e+00
2.720000000000000000e+05 6.799782505899276686e-02 4.073736913973600299e-02 9.564178425125170468e-01 0.000000000000000000e+00 2.844788347746927612e-03 0.000000000000000000e+00
2.800000000000000000e+05 6.999776109013944314e-02 4.858898497951752438e-02 9.491351843422849432e-01 0.000000000000000000e+00 2.275830678197541916e-03 0.000000000000000000e+00
2.880000000000000000e+05 7.199769712128634147e-02 5.735093309057805872e-02 9.385525716886663483e-01 0.000000000000000000e+00 4.096495220755575623e-03 0.000000000000000000e+00
2.960000000000000000e+05 7.399763315243323980e-02 7.362312243969049153e-02 9.181838871187983919e-01 0.000000000000000000e+00 8.192990441511151245e-03 0.000000000000000000e+00
3.040000000000000000e+05 7.599756918358013813e-02 9.023668639053254725e-02 9.031634046426946227e-01 0.000000000000000000e+00 6.599908966772872511e-03 0.000000000000000000e+00
3.120000000000000000e+05 7.799750521472681442e-02 9.069185252617205373e-02 8.982703686845698865e-01 0.000000000000000000e+00 1.103777878925807886e-02 0.000000000000000000e+00
3.200000000000000000e+05 7.999744124587371275e-02 1.380291306326809353e-01 8.054164770141101215e-01 1.240327719617660522e-02 4.415111515703231543e-02 0.000000000000000000e+00
3.280000000000000000e+05 8.199737727702061107e-02 7.749203459262631044e-02 7.816340464269457833e-01 1.360946745562130189e-01 4.779244424214838804e-03 0.000000000000000000e+00
3.360000000000000000e+05 8.399731330816750940e-02 9.217114246700044977e-02 7.669549385525716856e-01 1.335912608101957333e-01 7.282658170232134826e-03 0.000000000000000000e+00
3.440000000000000000e+05 8.599724933931418569e-02 6.747837960855712636e-02 6.748975876194811541e-01 2.405553026854801990e-01 1.706873008648156567e-02 0.000000000000000000e+00
3.520000000000000000e+05 8.799718537046108402e-02 7.180245789713245175e-02 6.720527992717342247e-01 2.421483841602184717e-01 1.399635867091488309e-02 0.000000000000000000e+00
3.600000000000000000e+05 8.999712140160798235e-02 7.988165680473373331e-02 6.653390987710514626e-01 2.420345926263086089e-01 1.274465179790623508e-02 0.000000000000000000e+00
3.680000000000000000e+05 9.199705743275488068e-02 7.771961766044606368e-02 6.670459717796995980e-01 2.429449248975876219e-01 1.228948566226672687e-02 0.000000000000000000e+00
3.760000000000000000e+05 9.399699346390155696e-02 9.012289485662267063e-02 6.602184797451069453e-01 2.375967228038234069e-01 1.206190259444697363e-02 0.000000000000000000e+00
3.840000000000000000e+05 9.599692949504845529e-02 9.558488848429676221e-02 6.525944469731451703e-01 2.379380974055530229e-01 1.388256713700500647e-02 0.000000000000000000e+00
3.920000000000000000e+05 9.799686552619535362e-02 1.024123805188894010e-01 6.461083295402821891e-01 2.387346381429221731e-01 1.274465179790623508e-02 0.000000000000000000e+00
4.000000000000000000e+05 9.999680155734225195e-02 9.797451069640418508e-02 6.521392808375057193e-01 2.387346381429221731e-01 1.115157032316795548e-02 0.000000000000000000e+00
4.080000000000000000e+05 1.019967375884889282e-01 1.083295402822029990e-01 6.368912152935821691e-01 2.383932635411925294e-01 1.638598088302230249e-02 0.000000000000000000e+00
4.160000000000000000e+05 1.039966736196358266e-01 1.198224852071005930e-01 6.218707328174783999e-01 2.382794720072826666e-01 2.002730996813837164e-02 0.000000000000000000e+00
4.240000000000000000e+05 1.059966096507827249e-01 1.290395994538006408e-01 6.158397815202548697e-01 2.344105598543468338e-01 2.071005917159763482e-02 0.000000000000000000e+00
4.320000000000000000e+05 1.079965456819296232e-01 1.431497496586253970e-01 5.997951752389621971e-01 2.305416477014110288e-01 2.651342740100136666e-02 0.000000000000000000e+00
4.400000000000000000e+05 1.099964817130762995e-01 1.977696859353663961e-01 5.209376422394174089e-01 2.233727810650887602e-01 5.791989076012744875e-02 0.000000000000000000e+00
4.480000000000000000e+05 1.119964177442231978e-01 2.089212562585343602e-01 3.244196631770596140e-01 3.278334091943559403e-01 1.388256713700500578e-01 0.000000000000000000e+00
4.560000000000000000e+05 1.139963537753700962e-01 1.890077378243058825e-01 2.841374601729631522e-01 4.501593081474738467e-01 7.669549385525717411e-02 0.000000000000000000e+00
4.640000000000000000e+05 1.159962898065169945e-01 2.051661356395084179e-01 2.748065543923531862e-01 4.441283568502503165e-01 7.589895311788802390e-02 0.000000000000000000e+00
4.720000000000000000e+05 1.179962258376636708e-01 1.903732362312244020e-01 2.729858898497951603e-01 4.755348202093764298e-01 6.110605370960400795e-02 0.000000000000000000e+00
4.800000000000000000e+05 1.199961618688105691e-01 1.893491124260354985e-01 2.651342740100136597e-01 4.712107419208010906e-01 7.430587164314975124e-02 0.000000000000000000e+00
4.880000000000000000e+05 1.219960978999574674e-01 2.081247155211652378e-01 2.586481565771506785e-01 4.610832954028220576e-01 7.214383249886208160e-02 0.000000000000000000e+00
4.960000000000000000e+05 1.239960339311043658e-01 2.031178880291306388e-01 2.588757396449704040e-01 4.565316340464269373e-01 8.147473827947200598e-02 0.000000000000000000e+00
5.040000000000000000e+05 1.259959699622510421e-01 2.133591260810195622e-01 2.502275830678197810e-01 4.532316795630405015e-01 8.318161128812016913e-02 0.000000000000000000e+00
5.120000000000000000e+05 1.279959059933979404e-01 2.225762403277196100e-01 2.514792899408284099e-01 4.472007282658170269e-01 7.874374146563495325e-02 0.000000000000000000e+00
5.200000000000000000e+05 1.299958420245448387e-01 2.373691397360036537e-01 2.462448793809740577e-01 4.320664542558033672e-01 8.431952662721893532e-02 0.000000000000000000e+00
5.280000000000000000e+05 1.319957780556917371e-01 2.406690942193900895e-01 2.377105143377332697e-01 4.343422849340008995e-01 8.727810650887574129e-02 0.000000000000000000e+00
5.360000000000000000e+05 1.339957140868384133e-01 2.589895311788802945e-01 2.213245334547109811e-01 4.048702776513427581e-01 1.148156577150659940e-01 0.000000000000000000e+00
5.440000000000000000e+05 1.359956501179853117e-01 2.695721438324988894e-01 2.122212107419207960e-01 3.731224396904870289e-01 1.450842057350933134e-01 0.000000000000000000e+00
5.520000000000000000e+05 1.379955861491322100e-01 2.710514337733272439e-01 1.805871643149749572e-01 4.056668183887118806e-01 1.426945835229858905e-01 0.000000000000000000e+00
5.600000000000000000e+05 1.399955221802791083e-01 2.782203004096495125e-01 1.577150659990896597e-01 3.950842057350932857e-01 1.689804278561675144e-01 0.000000000000000000e+00
5.680000000000000000e+05 1.419954582114257846e-01 2.721893491124260378e-01 1.553254437869822369e-01 4.071461083295402905e-01 1.653390987710514348e-01 0.000000000000000000e+00
5.760000000000000000e+05 1.439953942425726829e-01 2.746927628584433512e-01 1.284706417842512438e-01 4.103322712790168358e-01 1.865043240782885692e-01 0.000000000000000000e+00
5.840000000000000000e+05 1.459953302737195813e-01 2.720755575785161473e-01 1.046882111970869333e-01 4.253527537551206050e-01 1.978834774692762866e-01 0.000000000000000000e+00
5.920000000000000000e+05 1.479952663048664796e-01 2.682066454255803145e-01 9.547109695038688559e-02 4.371870732817478289e-01 1.991351843422849432e-01 0.000000000000000000e+00
6.000000000000000000e+05 1.499952023360131559e-01 2.730996813837050508e-01 9.285389167045972336e-02 4.345698680018206805e-01 1.994765589440145592e-01 0.000000000000000000e+00
6.080000000000000000e+05 1.519951383671600542e-01 2.771961766044606090e-01 8.511606736458807165e-02 4.411697769685935522e-01 1.965179790623577671e-01 0.000000000000000000e+00
6.160000000000000000e+05 1.539950743983069525e-01 2.735548475193445572e-01 8.375056895766955223e-02 4.460628129267182329e-01 1.966317705962676299e-01 0.000000000000000000e+00
6.240000000000000000e+05 1.559950104294538509e-01 2.472690031861629611e-01 1.124260355029585851e-01 5.142239417387346467e-01 1.260810195721438209e-01 0.000000000000000000e+00
6.320000000000000000e+05 1.579949464606005272e-01 2.431725079654073751e-01 1.226672735548475224e-01 5.382339553937186549e-01 9.592626308602640595e-02 0.000000000000000000e+00
6.400000000000000000e+05 1.599948824917474255e-01 2.372553482020937632e-01 1.247155211652253015e-01 5.419890760127445972e-01 9.604005461993628257e-02 0.000000000000000000e+00
6.480000000000000000e+05 1.619948185228943238e-01 2.360036413290851065e-01 1.258534365043240677e-01 5.504096495220756058e-01 8.773327264451524776e-02 0.000000000000000000e+00
6.560000000000000000e+05 1.639947545540412221e-01 2.474965862539827144e-01 1.238051888939462886e-01 5.444924897587619661e-01 8.420573509330905870e-02 0.000000000000000000e+00
6.640000000000000000e+05 1.659946905851878984e-01 2.352071005917159841e-01 1.310878470641784199e-01 5.559854346836595740e-01 7.771961766044606368e-02 0.000000000000000000e+00
6.720000000000000000e+05 1.679946266163347968e-01 2.234865725989986229e-01 1.459945380063723264e-01 5.489303595812471404e-01 8.158852981338188259e-02 0.000000000000000000e+00
6.800000000000000000e+05 1.699945626474816951e-01 2.291761492944924816e-01 1.492944924897587622e-01 5.533682294037323146e-01 6.816112881201638607e-02 0.000000000000000000e+00
6.880000000000000000e+05 1.719944986786285934e-01 2.230314064633591165e-01 1.494082840236686527e-01 5.572371415566681474e-01 7.032316795630405570e-02 0.000000000000000000e+00
6.960000000000000000e+05 1.739944347097752697e-01 2.229176149294492537e-01 1.500910332271279124e-01 5.557578516158397930e-01 7.123350022758306865e-02 0.000000000000000000e+00
7.040000000000000000e+05 1.759943707409221680e-01 2.228038233955393632e-01 1.512289485662266786e-01 5.529130632680928636e-01 7.305416477014110843e-02 0.000000000000000000e+00
7.120000000000000000e+05 1.779943067720690664e-01 2.240555302685480199e-01 1.508875739644970349e-01 5.482476103777879084e-01 7.680928538916705073e-02 0.000000000000000000e+00
7.200000000000000000e+05 1.799942428032159647e-01 2.340691852526172179e-01 1.504324078288575284e-01 5.556440600819299025e-01 5.985434683659535821e-02 0.000000000000000000e+00
7.280000000000000000e+05 1.819941788343626410e-01 2.233727810650887602e-01 1.599908966772872199e-01 5.562130177514792440e-01 6.042330450614474130e-02 0.000000000000000000e+00
7.360000000000000000e+05 1.839941148655095393e-01 2.074419663177059503e-01 1.723941738734638129e-01 5.659990896677287164e-01 5.416477014110149951e-02 0.000000000000000000e+00
7.440000000000000000e+05 1.859940508966564376e-01 2.109695038689121394e-01 1.708010923987255403e-01 5.665680473372780579e-01 5.166135639508420696e-02 0.000000000000000000e+00
7.520000000000000000e+05 1.879939869278033360e-01 2.060764679107874309e-01 1.736458807464724696e-01 5.664542558033682784e-01 5.382339553937186966e-02 0.000000000000000000e+00
7.600000000000000000e+05 1.899939229589500123e-01 2.114246700045516736e-01 1.711424670004551563e-01 5.650887573964497035e-01 5.234410559854346667e-02 0.000000000000000000e+00
7.680000000000000000e+05 1.919938589900969106e-01 2.104005461993627701e-01 1.734182976786527164e-01 5.696404187528447682e-01 4.654073736913973830e-02 0.000000000000000000e+00
7.760000000000000000e+05 1.939937950212438089e-01 2.139280837505689592e-01 1.746700045516613453e-01 5.729403732362312596e-01 3.846153846153846367e-02 0.000000000000000000e+00
7.840000000000000000e+05 1.959937310523907072e-01 2.108557123350022766e-01 1.761492944924897552e-01 5.713472917614929036e-01 4.164770141101502288e-02 0.000000000000000000e+00
7.920000000000000000e+05 1.979936670835373835e-01 2.192762858443331742e-01 1.737596722803823324e-01 5.683887118798361948e-01 3.857532999544834029e-02 0.000000000000000000e+00
8.000000000000000000e+05 1.999936031146842819e-01 2.239417387346381294e-01 1.725079654073737034e-01 5.565543923532089154e-01 4.699590350477924477e-02 0.000000000000000000e+00
8.080000000000000000e+05 2.019935391458311802e-01 2.097177969959035104e-01 1.784251251706872876e-01 5.488165680473372499e-01 6.304050978607191047e-02 0.000000000000000000e+00
8.160000000000000000e+05 2.039934751769780785e-01 2.179107874374146547e-01 1.819526627218935044e-01 5.383477469276285454e-01 6.178880291306326766e-02 0.000000000000000000e+00
8.240000000000000000e+05 2.059934112081247548e-01 3.538916704597178109e-02 3.559399180700955623e-01 5.946745562130177909e-01 1.399635867091488309e-02 0.000000000000000000e+00
8.320000000000000000e+05 2.079933472392716531e-01 2.366863905325443732e-02 3.752844788347746707e-01 5.958124715521164738e-01 5.234410559854347014e-03 0.000000000000000000e+00
8.400000000000000000e+05 2.099932832704185515e-01 2.344105598543468408e-02 3.753982703686845612e-01 5.955848884842968038e-01 5.575785161583977738e-03 0.000000000000000000e+00
8.480000000000000000e+05 2.119932193015654498e-01 2.480655439235321044e-02 3.753982703686845612e-01 5.941055985434683384e-01 5.689576695493855224e-03 0.000000000000000000e+00
8.560000000000000000e+05 2.139931553327121261e-01 2.514792899408284030e-02 3.756258534365043422e-01 5.937642239417387779e-01 5.461993627674101119e-03 0.000000000000000000e+00
8.640000000000000000e+05 2.159930913638590244e-01 2.685480200273099652e-02 3.757396449704141772e-01 5.927401001365498745e-01 4.665452890304961318e-03 0.000000000000000000e+00
8.720000000000000000e+05 2.179930273950059227e-01 2.230314064633591095e-02 3.766499772416932457e-01 5.964952207555758168e-01 4.551661356395083832e-03 0.000000000000000000e+00
8.800000000000000000e+05 2.199929634261528211e-01 2.583067819754210348e-02 3.763086026399635742e-01 5.945607646791079004e-01 3.299954483386436255e-03 0.000000000000000000e+00
8.880000000000000000e+05 2.219928994572994974e-01 2.401001365498407064e-02 3.753982703686845612e-01 5.962676376877560358e-01 4.324078288575329727e-03 0.000000000000000000e+00
8.960000000000000000e+05 2.239928354884463957e-01 2.412380518889394726e-02 3.768775603095129711e-01 5.958124715521164738e-01 3.186162949476558769e-03 0.000000000000000000e+00
9.040000000000000000e+05 2.259927715195932940e-01 2.571688666363222686e-02 3.758534365043240677e-01 5.955848884842968038e-01 2.844788347746927612e-03 0.000000000000000000e+00
9.120000000000000000e+05 2.279927075507401923e-01 2.446517979062357712e-02 3.752844788347746707e-01 5.959262630860263643e-01 4.324078288575329727e-03 0.000000000000000000e+00
9.200000000000000000e+05 2.299926435818868686e-01 2.401001365498407064e-02 3.759672280382339582e-01 5.970641784251251583e-01 2.958579881656804664e-03 0.000000000000000000e+00
9.280000000000000000e+05 2.319925796130337670e-01 2.309968138370505075e-02 3.774465179790623681e-01 5.966090122894857073e-01 2.844788347746927612e-03 0.000000000000000000e+00
9.360000000000000000e+05 2.339925156441806653e-01 4.551661356395084266e-04 3.841602184797451303e-01 6.153846153846154188e-01 0.000000000000000000e+00 0.000000000000000000e+00
9.440000000000000000e+05 2.359924516753275636e-01 7.965407373691396923e-04 3.846153846153846367e-01 6.145880746472462963e-01 0.000000000000000000e+00 0.000000000000000000e+00
9.520000000000000000e+05 2.379923877064742399e-01 1.137915339098770958e-03 3.834774692762858428e-01 6.153846153846154188e-01 0.000000000000000000e+00 0.000000000000000000e+00
9.600000000000000000e+05 2.399923237376211382e-01 9.103322712790168532e-04 3.842740100136549652e-01 6.148156577150659663e-01 0.000000000000000000e+00 0.000000000000000000e+00
9.680000000000000000e+05 2.419922597687680366e-01 1.706873008648156654e-03 3.833636777423759523e-01 6.148156577150659663e-01 1.137915339098771066e-04 0.000000000000000000e+00
9.760000000000000000e+05 2.439921957999149349e-01 1.137915339098770958e-03 3.839326354119253493e-01 6.149294492489758568e-01 0.000000000000000000e+00 0.000000000000000000e+00
9.840000000000000000e+05 2.459921318310616112e-01 3.413746017296313199e-04 3.843878015475648557e-01 6.152708238507055283e-01 0.000000000000000000e+00 0.000000000000000000e+00
9.920000000000000000e+05 2.479920678622085095e-01 1.137915339098771066e-04 3.845015930814747462e-01 6.153846153846154188e-01 0.000000000000000000e+00 0.000000000000000000e+00
1.000000000000000000e+06 2.499920038933554078e-01 1.024123805188893906e-03 3.842740100136549652e-01 6.147018661811560758e-01 0.000000000000000000e+00 0.000000000000000000e+00
1.008000000000000000e+06 2.519919399245023062e-01 1.024123805188893906e-03 3.841602184797451303e-01 6.148156577150659663e-01 0.000000000000000000e+00 0.000000000000000000e+00
1.016000000000000000e+06 2.539918759556489825e-01 7.965407373691396923e-04 3.841602184797451303e-01 6.150432407828857473e-01 0.000000000000000000e+00 0.000000000000000000e+00
1.024000000000000000e+06 2.559918119867958808e-01 2.389622212107419402e-03 3.830223031406463363e-01 6.145880746472462963e-01 0.000000000000000000e+00 0.000000000000000000e+00
1.032000000000000000e+06 2.579917480179427791e-01 1.706873008648156654e-03 3.833636777423759523e-01 6.148156577150659663e-01 1.137915339098771066e-04 0.000000000000000000e+00
1.040000000000000000e+06 2.599916840490896774e-01 1.479289940828402332e-03 3.835912608101957333e-01 6.149294492489758568e-01 0.000000000000000000e+00 0.000000000000000000e+00
1.048000000000000000e+06 2.619916200802363537e-01 3.299954483386436255e-03 3.829085116067364458e-01 6.135639508420573929e-01 2.275830678197542133e-04 0.000000000000000000e+00
1.056000000000000000e+06 2.639915561113832521e-01 1.934456076467910759e-03 3.826809285389167203e-01 6.151570323167956378e-01 2.275830678197542133e-04 0.000000000000000000e+00
1.064000000000000000e+06 2.659914921425301504e-01 1.934456076467910759e-03 3.840464269458352398e-01 6.140191169776968438e-01 0.000000000000000000e+00 0.000000000000000000e+00
1.072000000000000000e+06 2.679914281736770487e-01 3.072371415566681717e-03 3.834774692762858428e-01 6.133363677742376119e-01 1.137915339098771066e-04 0.000000000000000000e+00
1.080000000000000000e+06 2.699913642048237250e-01 2.503413746017296455e-03 3.833636777423759523e-01 6.139053254437869533e-01 2.275830678197542133e-04 0.000000000000000000e+00
1.088000000000000000e+06 2.719913002359706233e-01 4.324078288575329727e-03 3.818843878015475424e-01 6.136777423759672834e-01 1.137915339098771066e-04 0.000000000000000000e+00
1.096000000000000000e+06 2.739912362671175217e-01 3.413746017296313308e-03 3.827947200728265553e-01 6.137915339098770628e-01 0.000000000000000000e+00 0.000000000000000000e+00
1.104000000000000000e+06 2.759911722982644200e-01 3.755120619025944465e-03 3.821119708693673234e-01 6.140191169776968438e-01 1.137915339098771066e-04 0.000000000000000000e+00
1.112000000000000000e+06 2.779911083294110963e-01 4.551661356395083832e-03 3.818843878015475424e-01 6.133363677742376119e-01 2.275830678197542133e-04 0.000000000000000000e+00
1.120000000000000000e+06 2.799910443605579946e-01 4.210286754665453109e-03 3.825671370050068298e-01 6.132225762403277214e-01 0.000000000000000000e+00 0.000000000000000000e+00
1.128000000000000000e+06 2.819909803917048929e-01 4.779244424214838804e-03 3.818843878015475424e-01 6.133363677742376119e-01 0.000000000000000000e+00 0.000000000000000000e+00
1.136000000000000000e+06 2.839909164228517913e-01 7.168866636322257339e-03 3.798361401911697910e-01 6.129949931725079404e-01 0.000000000000000000e+00 0.000000000000000000e+00
1.144000000000000000e+06 2.859908524539984676e-01 6.827492034592626616e-03 3.809740555302685294e-01 6.119708693673190369e-01 2.275830678197542133e-04 0.000000000000000000e+00
1.152000000000000000e+06 2.879907884851453659e-01 8.306781975421027864e-03 3.784706417842512716e-01 6.131087847064178309e-01 1.137915339098771066e-04 0.000000000000000000e+00
1.160000000000000000e+06 2.899907245162922642e-01 4.324078288575329727e-03 3.825671370050068298e-01 6.127674101046881594e-01 3.413746017296313199e-04 0.000000000000000000e+00
1.168000000000000000e+06 2.919906605474391625e-01 9.899863450159307465e-03 3.786982248520709970e-01 6.114019116977696955e-01 0.000000000000000000e+00 0.000000000000000000e+00
1.176000000000000000e+06 2.939905965785858388e-01 1.137915339098771045e-02 3.790395994538006130e-01 6.094674556213017791e-01 1.137915339098771066e-04 0.000000000000000000e+00
1.184000000000000000e+06 2.959905326097327372e-01 8.761948111060537808e-03 3.791533909877105035e-01 6.117432862994993670e-01 3.413746017296313199e-04 0.000000000000000000e+00
1.192000000000000000e+06 2.979904686408796355e-01 1.001365498406918582e-02 3.789258079198907780e-01 6.108329540282203540e-01 2.275830678197542133e-04 0.000000000000000000e+00
1.200000000000000000e+06 2.999904046720265338e-01 1.115157032316795548e-02 3.793809740555302845e-01 6.090122894856622171e-01 4.551661356395084266e-04 0.000000000000000000e+00
1.208000000000000000e+06 3.019903407031732101e-01 1.570323167956303931e-02 3.752844788347746707e-01 6.088984979517524376e-01 1.137915339098771066e-04 0.000000000000000000e+00
1.216000000000000000e+06 3.039902767343201084e-01 1.274465179790623508e-02 3.768775603095129711e-01 6.096950386891215601e-01 6.827492034592626399e-04 0.000000000000000000e+00
1.224000000000000000e+06 3.059902127654670068e-01 1.456531634046426965e-02 3.775603095129722586e-01 6.075329995448338627e-01 3.413746017296313199e-04 0.000000000000000000e+00
1.232000000000000000e+06 3.079901487966139051e-01 2.162039144287665124e-02 3.715293582157487284e-01 6.063950842057350687e-01 4.551661356395084266e-04 0.000000000000000000e+00
1.240000000000000000e+06 3.099900848277605814e-01 2.162039144287665124e-02 3.720983158852981254e-01 6.051433773327264953e-01 1.137915339098770958e-03 0.000000000000000000e+00
1.248000000000000000e+06 3.119900208589074797e-01 3.584433318161128756e-02 3.649294492489758568e-01 5.977469276285843902e-01 1.479289940828402332e-03 0.000000000000000000e+00
1.256000000000000000e+06 3.139899568900543780e-01 2.947200728265816916e-02 3.675466545289030607e-01 6.018434228493400040e-01 1.137915339098770958e-03 0.000000000000000000e+00
1.264000000000000000e+06 3.159898929212012764e-01 3.436504324078288458e-02 3.631087847064178309e-01 6.015020482476103325e-01 1.024123805188893906e-03 0.000000000000000000e+00
1.272000000000000000e+06 3.179898289523479527e-01 4.119253527537550946e-02 3.603777878925807920e-01 5.968365953573053773e-01 1.593081474738279385e-03 0.000000000000000000e+00
1.280000000000000000e+06 3.199897649834948510e-01 4.437869822485206867e-02 3.600364132908511761e-01 5.939918070095584479e-01 1.593081474738279385e-03 0.000000000000000000e+00
1.288000000000000000e+06 3.219897010146417493e-01 4.449248975876194528e-02 3.586709148839326566e-01 5.952435138825671324e-01 1.593081474738279385e-03 0.000000000000000000e+00
1.296000000000000000e+06 3.239896370457886476e-01 5.769230769230769551e-02 3.503641329085115941e-01 5.895539371870732737e-01 2.389622212107419402e-03 0.000000000000000000e+00
1.304000000000000000e+06 3.259895730769353239e-01 6.406463359126081392e-02 3.436504324078288319e-01 5.888711879836140417e-01 3.413746017296313308e-03 0.000000000000000000e+00
1.312000000000000000e+06 3.279895091080822223e-01 1.043468365953573035e-01 3.177059626763768518e-01 5.725989986345015881e-01 5.348202093764223633e-03 0.000000000000000000e+00
1.320000000000000000e+06 3.299894451392291206e-01 1.208466090122894826e-01 3.041647701411014926e-01 5.705507510241237812e-01 4.437869822485207214e-03 0.000000000000000000e+00
1.328000000000000000e+06 3.319893811703760189e-01 1.126536185707783383e-01 3.238507055075102170e-01 5.418752844788348177e-01 2.162039144287665124e-02 0.000000000000000000e+00
1.336000000000000000e+06 3.339893172015226952e-01 1.100364132908511622e-01 3.236231224396904915e-01 5.456304050978607600e-01 2.071005917159763482e-02 0.000000000000000000e+00
1.344000000000000000e+06 3.359892532326695935e-01 1.123122439690487084e-01 3.208921256258534527e-01 5.401684114701865713e-01 2.662721893491124328e-02 0.000000000000000000e+00
1.352000000000000000e+06 3.379891892638164919e-01 1.185707783340919502e-01 3.229403732362312041e-01 5.331133363677742487e-01 2.537551206190259354e-02 0.000000000000000000e+00
1.360000000000000000e+06 3.399891252949633902e-01 1.227810650887573990e-01 3.166818388711880039e-01 5.328857532999544677e-01 2.765134274010013632e-02 0.000000000000000000e+00
1.368000000000000000e+06 3.419890613261100665e-01 1.280154756486117373e-01 3.133818843878015681e-01 5.197997269003186149e-01 3.880291306326809353e-02 0.000000000000000000e+00
1.376000000000000000e+06 3.439889973572569648e-01 1.403049613108784677e-01 3.057578516158397930e-01 5.166135639508420141e-01 3.732362312243969055e-02 0.000000000000000000e+00
1.384000000000000000e+06 3.459889333884038631e-01 1.448566226672735602e-01 3.021165225307237412e-01 5.086481565771506785e-01 4.437869822485206867e-02 0.000000000000000000e+00
1.392000000000000000e+06 3.479888694195507615e-01 1.618115612198452458e-01 2.927856167501137752e-01 4.997724169321802190e-01 4.563040509786071841e-02 0.000000000000000000e+00
1.400000000000000000e+06 3.499888054506974377e-01 1.576012744651797970e-01 2.951752389622211981e-01 5.013654984069185749e-01 4.585798816568047165e-02 0.000000000000000000e+00
1.408000000000000000e+06 3.519887414818443361e-01 1.783113336367774249e-01 2.768548020027309930e-01 4.984069185252616996e-01 4.642694583522986168e-02 0.000000000000000000e+00
1.416000000000000000e+06 3.539886775129912344e-01 1.095812471552116557e-01 3.384160218479745352e-01 5.457441966317706505e-01 6.258534365043240920e-03 0.000000000000000000e+00
1.424000000000000000e+06 3.559886135441381327e-01 1.084433318161128756e-01 3.376194811106053573e-01 5.502958579881657153e-01 3.641329085116067413e-03 0.000000000000000000e+00
1.432000000000000000e+06 3.579885495752848090e-01 1.100364132908511622e-01 3.361401911697769473e-01 5.488165680473372499e-01 5.006827492034592909e-03 0.000000000000000000e+00
1.440000000000000000e+06 3.599884856064317074e-01 1.075329995448338627e-01 3.372781065088757413e-01 5.497269003186162628e-01 5.461993627674101119e-03 0.000000000000000000e+00
1.448000000000000000e+06 3.619884216375786057e-01 1.067364588074647264e-01 3.386436049157942607e-01 5.506372325898952758e-01 3.982703686845699004e-03 0.000000000000000000e+00
1.456000000000000000e+06 3.639883576687255040e-01 1.107191624943104219e-01 3.365953573054164538e-01 5.482476103777879084e-01 4.437869822485207214e-03 0.000000000000000000e+00
1.464000000000000000e+06 3.659882936998724023e-01 1.071916249431042328e-01 3.388711879836140417e-01 5.489303595812471404e-01 5.006827492034592909e-03 0.000000000000000000e+00
1.472000000000000000e+06 3.679882297310188566e-01 1.091260810195721492e-01 3.390987710514337672e-01 5.473372781065088954e-01 4.437869822485207214e-03 0.000000000000000000e+00
1.480000000000000000e+06 3.699881657621661990e-01 1.092398725534820259e-01 3.370505234410559603e-01 5.476786527082384559e-01 6.030951297223486815e-03 0.000000000000000000e+00
1.488000000000000000e+06 3.719881017933126532e-01 1.145880746472462408e-01 3.353436504324078249e-01 5.461993627674101015e-01 3.868912152935821518e-03 0.000000000000000000e+00
1.496000000000000000e+06 3.739880378244597736e-01 1.137915339098771045e-01 3.355712335002276059e-01 5.448338643604915266e-01 5.803368229403732710e-03 0.000000000000000000e+00
1.504000000000000000e+06 3.759879738556062279e-01 1.148156577150659940e-01 3.356850250341374409e-01 5.433545744196631722e-01 6.144742831133363434e-03 0.000000000000000000e+00
1.512000000000000000e+06 3.779879098867535703e-01 1.152708238507055144e-01 3.351160673645880994e-01 5.427856167501138307e-01 6.827492034592626616e-03 0.000000000000000000e+00
1.520000000000000000e+06 3.799878459179000245e-01 1.157259899863450209e-01 3.342057350933090309e-01 5.449476558944014171e-01 5.120619025944469528e-03 0.000000000000000000e+00
1.528000000000000000e+06 3.819877819490471449e-01 1.216431497496586189e-01 3.305644060081929791e-01 5.438097405553027341e-01 3.982703686845699004e-03 0.000000000000000000e+00
1.536000000000000000e+06 3.839877179801935991e-01 1.205052344105598527e-01 3.287437414656349532e-01 5.451752389622211981e-01 5.575785161583977738e-03 0.000000000000000000e+00
1.544000000000000000e+06 3.859876540113409416e-01 1.184569868001820597e-01 3.302230314064633632e-01 5.473372781065088954e-01 3.982703686845699004e-03 0.000000000000000000e+00
1.552000000000000000e+06 3.879875900424873958e-01 1.210741920801092358e-01 3.295402822030040757e-01 5.449476558944014171e-01 4.437869822485207214e-03 0.000000000000000000e+00
1.560000000000000000e+06 3.899875260736345162e-01 1.193673190714610866e-01 3.297678652708238567e-01 5.454028220300409791e-01 5.461993627674101119e-03 0.000000000000000000e+00
1.568000000000000000e+06 3.919874621047809704e-01 1.205052344105598527e-01 3.309057806099225951e-01 5.411925352753754748e-01 7.396449704142011444e-03 0.000000000000000000e+00
1.576000000000000000e+06 3.939873981359283128e-01 1.235776058261265353e-01 3.291989076012744597e-01 5.406235776058261333e-01 6.599908966772872511e-03 0.000000000000000000e+00
1.584000000000000000e+06 3.959873341670747671e-01 1.294947655894401473e-01 3.285161583978152278e-01 5.369822485207100815e-01 5.006827492034592909e-03 0.000000000000000000e+00
1.592000000000000000e+06 3.979872701982218874e-01 1.233500227583067821e-01 3.339781520254893055e-01 5.361857077833409591e-01 6.486117432862995025e-03 0.000000000000000000e+00
1.600000000000000000e+06 3.999872062293683417e-01 1.321119708693673234e-01 3.301092398725534727e-01 5.312926718252162228e-01 6.486117432862995025e-03 0.000000000000000000e+00
1.608000000000000000e+06 4.019871422605156841e-01 1.321119708693673234e-01 3.287437414656349532e-01 5.323167956304051263e-01 6.827492034592626616e-03 0.000000000000000000e+00
1.616000000000000000e+06 4.039870782916621383e-01 1.329085116067364458e-01 3.284023668639053373e-01 5.325443786982249073e-01 6.144742831133363434e-03 0.000000000000000000e+00
1.624000000000000000e+06 4.059870143228092587e-01 1.390532544378698110e-01 3.236231224396904915e-01 5.284478834774692935e-01 8.875739644970414427e-03 0.000000000000000000e+00
1.632000000000000000e+06 4.079869503539557130e-01 1.420118343195266308e-01 3.263541192535275304e-01 5.261720527992717056e-01 5.461993627674101119e-03 0.000000000000000000e+00
1.640000000000000000e+06 4.099868863851030554e-01 1.408739189804278646e-01 3.227127901684114786e-01 5.235548475193445572e-01 1.285844333181611343e-02 0.000000000000000000e+00
1.648000000000000000e+06 4.119868224162495096e-01 1.484979517523896120e-01 3.173645880746472359e-01 5.178652708238506985e-01 1.627218934911242587e-02 0.000000000000000000e+00
1.656000000000000000e+06 4.139867584473966300e-01 1.498634501593081592e-01 3.148611743286299225e-01 5.175238962221210270e-01 1.775147928994082885e-02 0.000000000000000000e+00
1.664000000000000000e+06 4.159866944785430842e-01 1.597633136094674666e-01 3.088302230314064478e-01 5.122894856622667303e-01 1.911697769685935522e-02 0.000000000000000000e+00
1.672000000000000000e+06 4.179866305096904266e-01 1.686390532544378706e-01 3.041647701411014926e-01 5.021620391442876974e-01 2.503413746017296368e-02 0.000000000000000000e+00
1.680000000000000000e+06 4.199865665408368809e-01 1.708010923987255403e-01 3.039371870732817671e-01 4.969276285844333452e-01 2.833409194355939950e-02 0.000000000000000000e+00
1.688000000000000000e+06 4.219865025719840013e-01 1.645425580336822846e-01 3.066681838871188059e-01 5.072826581702321036e-01 2.150659990896677115e-02 0.000000000000000000e+00
1.696000000000000000e+06 4.239864386031306775e-01 1.508875739644970349e-01 3.170232134729176199e-01 5.160446062812926726e-01 1.604460628129267263e-02 0.000000000000000000e+00
1.704000000000000000e+06 4.259863746342777979e-01 1.536185707783341015e-01 3.124715521165225551e-01 5.130860263996358528e-01 2.082385070550751144e-02 0.000000000000000000e+00
1.712000000000000000e+06 4.279863106654242522e-01 1.635184342284934089e-01 3.080336822940373254e-01 5.039827036868457233e-01 2.446517979062357712e-02 0.000000000000000000e+00
1.720000000000000000e+06 4.299862466965713725e-01 1.589667728720983164e-01 3.109922621756941452e-01 5.136549840691853053e-01 1.638598088302230249e-02 0.000000000000000000e+00
1.728000000000000000e+06 4.319861827277180488e-01 1.657942649066909413e-01 3.100819299044151323e-01 5.124032771961766208e-01 1.172052799271734204e-02 0.000000000000000000e+00
1.736000000000000000e+06 4.339861187588651692e-01 1.514565316340464318e-01 3.117888029130632677e-01 5.211652253072371899e-01 1.558944014565316269e-02 0.000000000000000000e+00
1.744000000000000000e+06 4.359860547900116234e-01 1.520254893035958010e-01 3.096267637687756258e-01 5.259444697314519246e-01 1.240327719617660522e-02 0.000000000000000000e+00
1.752000000000000000e+06 4.379859908211587438e-01 1.573736913973600438e-01 3.068957669549385314e-01 5.276513427401001710e-01 8.079198907601274626e-03 0.000000000000000000e+00
1.760000000000000000e+06 4.399859268523054201e-01 1.479289940828402428e-01 3.095129722348657353e-01 5.343650432407829332e-01 8.192990441511151245e-03 0.000000000000000000e+00
1.768000000000000000e+06 4.419858628834525405e-01 1.507737824305871721e-01 3.079198907601274349e-01 5.320892125625853453e-01 9.217114246700046018e-03 0.000000000000000000e+00
1.776000000000000000e+06 4.439857989145989947e-01 1.475876194811105990e-01 3.081474738279472159e-01 5.339098771051433712e-01 1.035502958579881741e-02 0.000000000000000000e+00
1.784000000000000000e+06 4.459857349457461151e-01 1.505461993627674189e-01 3.121301775147928836e-01 5.301547564861174289e-01 7.168866636322257339e-03 0.000000000000000000e+00
1.792000000000000000e+06 4.479856709768927914e-01 1.576012744651797970e-01 3.082612653618570508e-01 5.256030951297223641e-01 8.534365043240782836e-03 0.000000000000000000e+00
1.800000000000000000e+06 4.499856070080399117e-01 1.632908511606736557e-01 3.016613563950841792e-01 5.270823850705507185e-01 7.965407373691398007e-03 0.000000000000000000e+00
1.808000000000000000e+06 4.519855430391863660e-01 1.596495220755575761e-01 3.016613563950841792e-01 5.300409649522075384e-01 8.648156577150659455e-03 0.000000000000000000e+00
1.816000000000000000e+06 4.539854790703334864e-01 1.682976786527082269e-01 3.010923987255348377e-01 5.211652253072371899e-01 9.444697314519799256e-03 0.000000000000000000e+00
