# itime ezz other fcc hcp bcc ico
0.000000000000000000e+00 0.000000000000000000e+00 1.137915339098771066e-04 9.998862084660901095e-01 0.000000000000000000e+00 0.000000000000000000e+00 0.000000000000000000e+00
4.000000000000000000e+04 9.999997846525499057e-03 7.965407373691396923e-04 9.992034592626308775e-01 0.000000000000000000e+00 0.000000000000000000e+00 0.000000000000000000e+00
8.000000000000000000e+04 1.999999569305122016e-02 2.162039144287664864e-03 9.978379608557123026e-01 0.000000000000000000e+00 0.000000000000000000e+00 0.000000000000000000e+00
1.200000000000000000e+05 2.999999353957671921e-02 3.868912152935821518e-03 9.961310878470641672e-01 0.000000000000000000e+00 0.000000000000000000e+00 0.000000000000000000e+00
1.600000000000000000e+05 3.999999138610244032e-02 9.786071916249430847e-03 9.898725534820209671e-01 0.000000000000000000e+00 3.413746017296313199e-04 0.000000000000000000e+00
2.000000000000000000e+05 4.999998923262793937e-02 1.251706873008648184e-02 9.866863905325443662e-01 0.000000000000000000e+00 7.965407373691396923e-04 0.000000000000000000e+00
2.400000000000000000e+05 5.999998707915366047e-02 2.730996813837050646e-02 9.699590350477924616e-01 0.000000000000000000e+00 2.730996813837050560e-03 0.000000000000000000e+00
2.800000000000000000e+05 6.999998492567915953e-02 4.858898497951752438e-02 9.491351843422849432e-01 0.000000000000000000e+00 2.275830678197541916e-03 0.000000000000000000e+00
3.200000000000000000e+05 7.999998277220488063e-02 1.380291306326809353e-01 8.054164770141101215e-01 1.240327719617660522e-02 4.415111515703231543e-02 0.000000000000000000e+00
3.600000000000000000e+05 8.999998061873037969e-02 7.988165680473373331e-02 6.653390987710514626e-01 2.420345926263086089e-01 1.274465179790623508e-02 0.000000000000000000e+00
4.000000000000000000e+05 9.999997846525587875e-02 9.797451069640418508e-02 6.521392808375057193e-01 2.387346381429221731e-01 1.115157032316795548e-02 0.000000000000000000e+00
4.400000000000000000e+05 1.099999763117815998e-01 1.977696859353663961e-01 5.209376422394174089e-01 2.233727810650887602e-01 5.791989076012744875e-02 0.000000000000000000e+00
4.800000000000000000e+05 1.199999741583070989e-01 1.893491124260354985e-01 2.651342740100136597e-01 4.712107419208010906e-01 7.430587164314975124e-02 0.000000000000000000e+00
5.200000000000000000e+05 1.299999720048328200e-01 2.373691397360036537e-01 2.462448793809740577e-01 4.320664542558033672e-01 8.431952662721893532e-02 0.000000000000000000e+00
5.600000000000000000e+05 1.399999698513583191e-01 2.782203004096495125e-01 1.577150659990896597e-01 3.950842057350932857e-01 1.689804278561675144e-01 0.000000000000000000e+00
6.000000000000000000e+05 1.499999676978840402e-01 2.730996813837050508e-01 9.285389167045972336e-02 4.345698680018206805e-01 1.994765589440145592e-01 0.000000000000000000e+00
6.400000000000000000e+05 1.599999655444095392e-01 2.372553482020937632e-01 1.247155211652253015e-01 5.419890760127445972e-01 9.604005461993628257e-02 0.000000000000000000e+00
6.800000000000000000e+05 1.699999633909352603e-01 2.291761492944924816e-01 1.492944924897587622e-01 5.533682294037323146e-01 6.816112881201638607e-02 0.000000000000000000e+00
7.200000000000000000e+05 1.799999612374607594e-01 2.340691852526172179e-01 1.504324078288575284e-01 5.556440600819299025e-01 5.985434683659535821e-02 0.000000000000000000e+00
7.600000000000000000e+05 1.899999590839862584e-01 2.114246700045516736e-01 1.711424670004551563e-01 5.650887573964497035e-01 5.234410559854346667e-02 0.000000000000000000e+00
8.000000000000000000e+05 1.999999569305119795e-01 2.239417387346381294e-01 1.725079654073737034e-01 5.565543923532089154e-01 4.699590350477924477e-02 0.000000000000000000e+00
8.400000000000000000e+05 2.099999547770374786e-01 2.344105598543468408e-02 3.753982703686845612e-01 5.955848884842968038e-01 5.575785161583977738e-03 0.000000000000000000e+00
8.800000000000000000e+05 2.199999526235631997e-01 2.583067819754210348e-02 3.763086026399635742e-01 5.945607646791079004e-01 3.299954483386436255e-03 0.000000000000000000e+00
9.200000000000000000e+05 2.299999504700886988e-01 2.401001365498407064e-02 3.759672280382339582e-01 5.970641784251251583e-01 2.958579881656804664e-03 0.000000000000000000e+00
9.600000000000000000e+05 2.399999483166144199e-01 9.103322712790168532e-04 3.842740100136549652e-01 6.148156577150659663e-01 0.000000000000000000e+00 0.000000000000000000e+00
1.000000000000000000e+06 2.499999461631399189e-01 1.024123805188893906e-03 3.842740100136549652e-01 6.147018661811560758e-01 0.000000000000000000e+00 0.000000000000000000e+00
1.040000000000000000e+06 2.599999440096656400e-01 1.479289940828402332e-03 3.835912608101957333e-01 6.149294492489758568e-01 0.000000000000000000e+00 0.000000000000000000e+00
1.080000000000000000e+06 2.699999418561911391e-01 2.503413746017296455e-03 3.833636777423759523e-01 6.139053254437869533e-01 2.275830678197542133e-04 0.000000000000000000e+00
1.120000000000000000e+06 2.799999397027166381e-01 4.210286754665453109e-03 3.825671370050068298e-01 6.132225762403277214e-01 0.000000000000000000e+00 0.000000000000000000e+00
1.160000000000000000e+06 2.899999375492423592e-01 4.324078288575329727e-03 3.825671370050068298e-01 6.127674101046881594e-01 3.413746017296313199e-04 0.000000000000000000e+00
1.200000000000000000e+06 2.999999353957678583e-01 1.115157032316795548e-02 3.793809740555302845e-01 6.090122894856622171e-01 4.551661356395084266e-04 0.000000000000000000e+00
1.240000000000000000e+06 3.099999332422935794e-01 2.162039144287665124e-02 3.720983158852981254e-01 6.051433773327264953e-01 1.137915339098770958e-03 0.000000000000000000e+00
1.280000000000000000e+06 3.199999310888190784e-01 4.437869822485206867e-02 3.600364132908511761e-01 5.939918070095584479e-01 1.593081474738279385e-03 0.000000000000000000e+00
1.320000000000000000e+06 3.299999289353447995e-01 1.208466090122894826e-01 3.041647701411014926e-01 5.705507510241237812e-01 4.437869822485207214e-03 0.000000000000000000e+00
1.360000000000000000e+06 3.399999267818702986e-01 1.227810650887573990e-01 3.166818388711880039e-01 5.328857532999544677e-01 2.765134274010013632e-02 0.000000000000000000e+00
1.400000000000000000e+06 3.499999246283960197e-01 1.576012744651797970e-01 2.951752389622211981e-01 5.013654984069185749e-01 4.585798816568047165e-02 0.000000000000000000e+00
1.440000000000000000e+06 3.599999224749215188e-01 1.075329995448338627e-01 3.372781065088757413e-01 5.497269003186162628e-01 5.461993627674101119e-03 0.000000000000000000e+00
1.480000000000000000e+06 3.699999203214470178e-01 1.092398725534820259e-01 3.370505234410559603e-01 5.476786527082384559e-01 6.030951297223486815e-03 0.000000000000000000e+00
1.520000000000000000e+06 3.799999181679725169e-01 1.157259899863450209e-01 3.342057350933090309e-01 5.449476558944014171e-01 5.120619025944469528e-03 0.000000000000000000e+00
1.560000000000000000e+06 3.899999160144982380e-01 1.193673190714610866e-01 3.297678652708238567e-01 5.454028220300409791e-01 5.461993627674101119e-03 0.000000000000000000e+00
1.600000000000000000e+06 3.999999138610237370e-01 1.321119708693673234e-01 3.301092398725534727e-01 5.312926718252162228e-01 6.486117432862995025e-03 0.000000000000000000e+00
1.640000000000000000e+06 4.099999117075492361e-01 1.408739189804278646e-01 3.227127901684114786e-01 5.235548475193445572e-01 1.285844333181611343e-02 0.000000000000000000e+00
1.680000000000000000e+06 4.199999095540749572e-01 1.708010923987255403e-01 3.039371870732817671e-01 4.969276285844333452e-01 2.833409194355939950e-02 0.000000000000000000e+00
1.720000000000000000e+06 4.299999074006004562e-01 1.589667728720983164e-01 3.109922621756941452e-01 5.136549840691853053e-01 1.638598088302230249e-02 0.000000000000000000e+00
1.760000000000000000e+06 4.399999052471261773e-01 1.479289940828402428e-01 3.095129722348657353e-01 5.343650432407829332e-01 8.192990441511151245e-03 0.000000000000000000e+00
1.800000000000000000e+06 4.499999030936516764e-01 1.632908511606736557e-01 3.016613563950841792e-01 5.270823850705507185e-01 7.965407373691398007e-03 0.000000000000000000e+00
1.840000000000000000e+06 4.599999009401773975e-01 8.921256258534364381e-02 3.522985889849795105e-01 5.580336822940372699e-01 4.551661356395084266e-04 0.000000000000000000e+00
1.880000000000000000e+06 4.699998987867028966e-01 8.522985889849794827e-02 3.536640873918980299e-01 5.606508875739645292e-01 4.551661356395084266e-04 0.000000000000000000e+00
1.920000000000000000e+06 4.799998966332286177e-01 8.318161128812016913e-02 3.534365043240783044e-01 5.629267182521620061e-01 4.551661356395084266e-04 0.000000000000000000e+00
1.960000000000000000e+06 4.899998944797541167e-01 8.648156577150660496e-02 3.511606736458807720e-01 5.615612198452435422e-01 7.965407373691396923e-04 0.000000000000000000e+00
2.000000000000000000e+06 4.999998923262796158e-01 9.410559854346836617e-02 3.467228038233955423e-01 5.579198907601274904e-01 1.251706873008648227e-03 0.000000000000000000e+00
2.040000000000000000e+06 5.099998901728053369e-01 9.729176149294492537e-02 3.439918070095585034e-01 5.575785161583978189e-01 1.137915339098770958e-03 0.000000000000000000e+00
2.080000000000000000e+06 5.199998880193308359e-01 1.027537551206190308e-01 3.406918525261720676e-01 5.540509786071916576e-01 2.503413746017296455e-03 0.000000000000000000e+00
2.120000000000000000e+06 5.299998858658565570e-01 9.990896677287210148e-02 3.426263086026399840e-01 5.553026854802002310e-01 2.162039144287664864e-03 0.000000000000000000e+00
2.160000000000000000e+06 5.399998837123820561e-01 1.058261265361857134e-01 3.370505234410559603e-01 5.531406463359126446e-01 3.982703686845699004e-03 0.000000000000000000e+00
2.200000000000000000e+06 5.499998815589077772e-01 1.316568047337278169e-01 3.236231224396904915e-01 5.381201638598088755e-01 6.599908966772872511e-03 0.000000000000000000e+00
2.240000000000000000e+06 5.599998794054332762e-01 1.595357305416477134e-01 3.088302230314064478e-01 5.212790168411469693e-01 1.024123805188893906e-02 1.137915339098771066e-04
2.280000000000000000e+06 5.699998772519589973e-01 2.215521165225307343e-01 2.800409649522075384e-01 4.864588074647246407e-01 1.194811106053709528e-02 0.000000000000000000e+00
2.320000000000000000e+06 5.799998750984844964e-01 2.223486572598998567e-01 2.777651342740100060e-01 4.837278106508875464e-01 1.615839781520254925e-02 0.000000000000000000e+00
2.360000000000000000e+06 5.899998729450099955e-01 2.323623122439690547e-01 2.750341374601729671e-01 4.731451979972690070e-01 1.945835229858898507e-02 0.000000000000000000e+00
2.400000000000000000e+06 5.999998707915357166e-01 2.464724624487938109e-01 2.597860719162494170e-01 4.704142011834319681e-01 2.332726445152480746e-02 0.000000000000000000e+00
2.440000000000000000e+06 6.099998686380612156e-01 2.587619481110605135e-01 2.546654528903049552e-01 4.666590805644060258e-01 1.991351843422849502e-02 0.000000000000000000e+00
2.480000000000000000e+06 6.199998664845869367e-01 2.793582157487483064e-01 2.401001365498406925e-01 4.511834319526626946e-01 2.924442421483841592e-02 1.137915339098771066e-04
2.520000000000000000e+06 6.299998643311124358e-01 1.942421483841602070e-01 2.873236231224396975e-01 5.147928994082839882e-01 3.641329085116067413e-03 0.000000000000000000e+00
2.560000000000000000e+06 6.399998621776381569e-01 1.281292671825216278e-01 3.182749203459262488e-01 5.482476103777879084e-01 5.348202093764223633e-03 0.000000000000000000e+00
2.600000000000000000e+06 6.499998600241636559e-01 1.323395539371870766e-01 3.133818843878015681e-01 5.461993627674101015e-01 8.079198907601274626e-03 0.000000000000000000e+00
2.640000000000000000e+06 6.599998578706893770e-01 1.378015475648611821e-01 3.113336367774237612e-01 5.415339098771051463e-01 9.330905780609922637e-03 0.000000000000000000e+00
2.680000000000000000e+06 6.699998557172148761e-01 1.421256258534364936e-01 3.065543923532089154e-01 5.378925807919890945e-01 1.342740100136549826e-02 0.000000000000000000e+00
2.720000000000000000e+06 6.799998535637403752e-01 1.423532089212562468e-01 3.046199362767409990e-01 5.382339553937186549e-01 1.479289940828402289e-02 0.000000000000000000e+00
2.760000000000000000e+06 6.899998514102660963e-01 1.646563495675921751e-01 2.913063268092853653e-01 5.246927628584433512e-01 1.934456076467910846e-02 0.000000000000000000e+00
2.800000000000000000e+06 6.999998492567915953e-01 1.784251251706872876e-01 2.836822940373236457e-01 5.238962221210742287e-01 1.399635867091488309e-02 0.000000000000000000e+00
2.840000000000000000e+06 7.099998471033173164e-01 2.094902139280837572e-01 2.696859353664087244e-01 5.019344560764679164e-01 1.888939462903959851e-02 0.000000000000000000e+00
2.880000000000000000e+06 7.199998449498428155e-01 2.606964041875284299e-01 2.480655439235320836e-01 4.631315430131998090e-01 2.810650887573964626e-02 0.000000000000000000e+00
2.920000000000000000e+06 7.299998427963685366e-01 2.880063723258989294e-01 2.414656349567592120e-01 4.475421028675466428e-01 2.298588984979517413e-02 0.000000000000000000e+00
2.960000000000000000e+06 7.399998406428940356e-01 3.095129722348657353e-01 2.340691852526172179e-01 4.295630405097860538e-01 2.685480200273099652e-02 0.000000000000000000e+00
3.000000000000000000e+06 7.499998384894197567e-01 3.306781975421028696e-01 2.190487027765134209e-01 4.314974965862539702e-01 1.877560309512972189e-02 0.000000000000000000e+00
3.040000000000000000e+06 7.599998363359452558e-01 3.037096040054619861e-01 2.155211652253072319e-01 4.637005006827492060e-01 1.706873008648156567e-02 0.000000000000000000e+00
3.080000000000000000e+06 7.699998341824707548e-01 3.022303140646335762e-01 2.113108784706417831e-01 4.659763313609467383e-01 2.048247610377787811e-02 0.000000000000000000e+00
3.120000000000000000e+06 7.799998320289964759e-01 3.078060992262175444e-01 2.080109239872553473e-01 4.623350022758306865e-01 2.184797451069640448e-02 0.000000000000000000e+00
3.160000000000000000e+06 7.899998298755219750e-01 3.310195721438324856e-01 1.920801092398725651e-01 4.400318616294947582e-01 3.686845698680018407e-02 0.000000000000000000e+00
3.200000000000000000e+06 7.999998277220476961e-01 1.453117888029130667e-01 2.627446517979062368e-01 5.896677287209831642e-01 2.275830678197541916e-03 0.000000000000000000e+00
3.240000000000000000e+06 8.099998255685731952e-01 1.454255803368229294e-01 2.626308602639963463e-01 5.869367319071461253e-01 5.006827492034592909e-03 0.000000000000000000e+00
3.280000000000000000e+06 8.199998234150989163e-01 1.512289485662266786e-01 2.627446517979062368e-01 5.818161128812016081e-01 4.210286754665453109e-03 0.000000000000000000e+00
3.320000000000000000e+06 8.299998212616244153e-01 1.589667728720983164e-01 2.611515703231679364e-01 5.745334547109695045e-01 5.348202093764223633e-03 0.000000000000000000e+00
3.360000000000000000e+06 8.399998191081501364e-01 1.499772416932180219e-01 2.664997724169321791e-01 5.776058261265362148e-01 5.917159763313609329e-03 0.000000000000000000e+00
3.400000000000000000e+06 8.499998169546756355e-01 1.492944924897587622e-01 2.649066909421938787e-01 5.799954483386435822e-01 5.803368229403732710e-03 0.000000000000000000e+00
3.440000000000000000e+06 8.599998148012011345e-01 1.607874374146563423e-01 2.564861174328629811e-01 5.737369139736003820e-01 8.989531178880291046e-03 0.000000000000000000e+00
3.480000000000000000e+06 8.699998126477268556e-01 1.637460172963131622e-01 2.573964497041419941e-01 5.686162949476558648e-01 1.024123805188893906e-02 0.000000000000000000e+00
3.520000000000000000e+06 8.799998104942523547e-01 1.739872553482020856e-01 2.531861629494765453e-01 5.613336367774237612e-01 1.149294492489758707e-02 0.000000000000000000e+00
3.560000000000000000e+06 8.899998083407780758e-01 1.797906235776058348e-01 2.503413746017296160e-01 5.591715976331360638e-01 1.069640418752844727e-02 0.000000000000000000e+00
3.600000000000000000e+06 8.999998061873035748e-01 2.008420573509330787e-01 2.412380518889394587e-01 5.407373691397360238e-01 1.718252162039144229e-02 0.000000000000000000e+00
3.640000000000000000e+06 9.099998040338292959e-01 2.069868001820664438e-01 2.278106508875739622e-01 5.514337733272643982e-01 1.376877560309512985e-02 0.000000000000000000e+00
3.680000000000000000e+06 9.199998018803547950e-01 1.412152935821574806e-01 2.520482476103778069e-01 5.975193445607647202e-01 9.217114246700046018e-03 0.000000000000000000e+00
3.720000000000000000e+06 9.299997997268805161e-01 1.484979517523896120e-01 2.523896222121074229e-01 5.896677287209831642e-01 9.444697314519799256e-03 0.000000000000000000e+00
3.760000000000000000e+06 9.399997975734060152e-01 1.560081929904415243e-01 2.429449248975876219e-01 5.888711879836140417e-01 1.217569412835685025e-02 0.000000000000000000e+00
3.800000000000000000e+06 9.499997954199315142e-01 1.614701866181156020e-01 2.348657259899863403e-01 5.889849795175239322e-01 1.467910787437414627e-02 0.000000000000000000e+00
3.840000000000000000e+06 9.599997932664572353e-01 1.692080109239872676e-01 2.292899408284023721e-01 5.832954028220300735e-01 1.820664542558033533e-02 0.000000000000000000e+00
3.880000000000000000e+06 9.699997911129827344e-01 1.847974510696404060e-01 2.208693673190714746e-01 5.700955848884843302e-01 2.423759672280382388e-02 0.000000000000000000e+00
3.920000000000000000e+06 9.799997889595084555e-01 1.969731451979972736e-01 2.150659990896677254e-01 5.638370505234410190e-01 2.412380518889394726e-02 0.000000000000000000e+00
3.960000000000000000e+06 9.899997868060339545e-01 2.188211197086936677e-01 2.006144742831133254e-01 5.457441966317706505e-01 3.482020937642239106e-02 0.000000000000000000e+00
4.000000000000000000e+06 9.999997846525596756e-01 2.282658170232134687e-01 1.957214383249886169e-01 5.339098771051433712e-01 4.198907601274465273e-02 1.137915339098771066e-04
