# itime ezz other fcc hcp bcc ico
0.000000000000000000e+00 0.000000000000000000e+00 0.000000000000000000e+00 1.000000000000000000e+00 0.000000000000000000e+00 0.000000000000000000e+00 0.000000000000000000e+00
5.000000000000000000e+02 2.000050357828131453e-03 0.000000000000000000e+00 1.000000000000000000e+00 0.000000000000000000e+00 0.000000000000000000e+00 0.000000000000000000e+00
1.000000000000000000e+03 4.000100715656484951e-03 0.000000000000000000e+00 1.000000000000000000e+00 0.000000000000000000e+00 0.000000000000000000e+00 0.000000000000000000e+00
1.500000000000000000e+03 6.000151073484616404e-03 0.000000000000000000e+00 1.000000000000000000e+00 0.000000000000000000e+00 0.000000000000000000e+00 0.000000000000000000e+00
2.000000000000000000e+03 8.000201431312747857e-03 0.000000000000000000e+00 1.000000000000000000e+00 0.000000000000000000e+00 0.000000000000000000e+00 0.000000000000000000e+00
2.500000000000000000e+03 1.000025178914110136e-02 0.000000000000000000e+00 1.000000000000000000e+00 0.000000000000000000e+00 0.000000000000000000e+00 0.000000000000000000e+00
3.000000000000000000e+03 1.200030214696923281e-02 0.000000000000000000e+00 1.000000000000000000e+00 0.000000000000000000e+00 0.000000000000000000e+00 0.000000000000000000e+00
3.500000000000000000e+03 1.400035250479736426e-02 0.000000000000000000e+00 1.000000000000000000e+00 0.000000000000000000e+00 0.000000000000000000e+00 0.000000000000000000e+00
4.000000000000000000e+03 1.600040286262571776e-02 0.000000000000000000e+00 1.000000000000000000e+00 0.000000000000000000e+00 0.000000000000000000e+00 0.000000000000000000e+00
4.500000000000000000e+03 1.800045322045384921e-02 0.000000000000000000e+00 1.000000000000000000e+00 0.000000000000000000e+00 0.000000000000000000e+00 0.000000000000000000e+00
5.000000000000000000e+03 2.000050357828198067e-02 0.000000000000000000e+00 1.000000000000000000e+00 0.000000000000000000e+00 0.000000000000000000e+00 0.000000000000000000e+00
5.500000000000000000e+03 2.200055393611011212e-02 0.000000000000000000e+00 1.000000000000000000e+00 0.000000000000000000e+00 0.000000000000000000e+00 0.000000000000000000e+00
6.000000000000000000e+03 2.400060429393846562e-02 0.000000000000000000e+00 1.000000000000000000e+00 0.000000000000000000e+00 0.000000000000000000e+00 0.000000000000000000e+00
6.500000000000000000e+03 2.600065465176659707e-02 0.000000000000000000e+00 1.000000000000000000e+00 0.000000000000000000e+00 0.000000000000000000e+00 0.000000000000000000e+00
7.000000000000000000e+03 2.800070500959472852e-02 0.000000000000000000e+00 1.000000000000000000e+00 0.000000000000000000e+00 0.000000000000000000e+00 0.000000000000000000e+00
7.500000000000000000e+03 3.000075536742308202e-02 0.000000000000000000e+00 1.000000000000000000e+00 0.000000000000000000e+00 0.000000000000000000e+00 0.000000000000000000e+00
8.000000000000000000e+03 3.200080572525121347e-02 0.000000000000000000e+00 1.000000000000000000e+00 0.000000000000000000e+00 0.000000000000000000e+00 0.000000000000000000e+00
8.500000000000000000e+03 3.400085608307934493e-02 0.000000000000000000e+00 1.000000000000000000e+00 0.000000000000000000e+00 0.000000000000000000e+00 0.000000000000000000e+00
9.000000000000000000e+03 3.600090644090769842e-02 0.000000000000000000e+00 1.000000000000000000e+00 0.000000000000000000e+00 0.000000000000000000e+00 0.000000000000000000e+00
9.500000000000000000e+03 3.800095679873582988e-02 0.000000000000000000e+00 1.000000000000000000e+00 0.000000000000000000e+00 0.000000000000000000e+00 0.000000000000000000e+00
1.000000000000000000e+04 4.000100715656396133e-02 0.000000000000000000e+00 1.000000000000000000e+00 0.000000000000000000e+00 0.000000000000000000e+00 0.000000000000000000e+00
1.050000000000000000e+04 4.200105751439231483e-02 0.000000000000000000e+00 1.000000000000000000e+00 0.000000000000000000e+00 0.000000000000000000e+00 0.000000000000000000e+00
1.100000000000000000e+04 4.400110787222044628e-02 0.000000000000000000e+00 1.000000000000000000e+00 0.000000000000000000e+00 0.000000000000000000e+00 0.000000000000000000e+00
1.150000000000000000e+04 4.600115823004857774e-02 0.000000000000000000e+00 1.000000000000000000e+00 0.000000000000000000e+00 0.000000000000000000e+00 0.000000000000000000e+00
1.200000000000000000e+04 4.800120858787693123e-02 0.000000000000000000e+00 1.000000000000000000e+00 0.000000000000000000e+00 0.000000000000000000e+00 0.000000000000000000e+00
1.250000000000000000e+04 5.000125894570506269e-02 0.000000000000000000e+00 1.000000000000000000e+00 0.000000000000000000e+00 0.000000000000000000e+00 0.000000000000000000e+00
1.300000000000000000e+04 5.200130930353319414e-02 0.000000000000000000e+00 1.000000000000000000e+00 0.000000000000000000e+00 0.000000000000000000e+00 0.000000000000000000e+00
1.350000000000000000e+04 5.400135966136132559e-02 0.000000000000000000e+00 1.000000000000000000e+00 0.000000000000000000e+00 0.000000000000000000e+00 0.000000000000000000e+00
1.400000000000000000e+04 5.600141001918967909e-02 0.000000000000000000e+00 1.000000000000000000e+00 0.000000000000000000e+00 0.000000000000000000e+00 0.000000000000000000e+00
1.450000000000000000e+04 5.800146037701781054e-02 0.000000000000000000e+00 1.000000000000000000e+00 0.000000000000000000e+00 0.000000000000000000e+00 0.000000000000000000e+00
1.500000000000000000e+04 6.000151073484594200e-02 0.000000000000000000e+00 1.000000000000000000e+00 0.000000000000000000e+00 0.000000000000000000e+00 0.000000000000000000e+00
1.550000000000000000e+04 6.200156109267429549e-02 0.000000000000000000e+00 1.000000000000000000e+00 0.000000000000000000e+00 0.000000000000000000e+00 0.000000000000000000e+00
1.600000000000000000e+04 6.400161145050242695e-02 4.551661356395084266e-04 9.995448338643604380e-01 0.000000000000000000e+00 0.000000000000000000e+00 0.000000000000000000e+00
1.650000000000000000e+04 6.600166180833055840e-02 0.000000000000000000e+00 1.000000000000000000e+00 0.000000000000000000e+00 0.000000000000000000e+00 0.000000000000000000e+00
1.700000000000000000e+04 6.800171216615891190e-02 0.000000000000000000e+00 1.000000000000000000e+00 0.000000000000000000e+00 0.000000000000000000e+00 0.000000000000000000e+00
1.750000000000000000e+04 7.000176252398704335e-02 1.137915339098771066e-04 9.998862084660901095e-01 0.000000000000000000e+00 0.000000000000000000e+00 0.000000000000000000e+00
1.800000000000000000e+04 7.200181288181517480e-02 0.000000000000000000e+00 1.000000000000000000e+00 0.000000000000000000e+00 0.000000000000000000e+00 0.000000000000000000e+00
1.850000000000000000e+04 7.400186323964352830e-02 0.000000000000000000e+00 1.000000000000000000e+00 0.000000000000000000e+00 0.000000000000000000e+00 0.000000000000000000e+00
1.900000000000000000e+04 7.600191359747165976e-02 0.000000000000000000e+00 1.000000000000000000e+00 0.000000000000000000e+00 0.000000000000000000e+00 0.000000000000000000e+00
1.950000000000000000e+04 7.800196395529979121e-02 0.000000000000000000e+00 1.000000000000000000e+00 0.000000000000000000e+00 0.000000000000000000e+00 0.000000000000000000e+00
2.000000000000000000e+04 8.000201431312814471e-02 1.137915339098771066e-04 9.998862084660901095e-01 0.000000000000000000e+00 0.000000000000000000e+00 0.000000000000000000e+00
2.050000000000000000e+04 8.200206467095627616e-02 3.413746017296313199e-04 9.996586253982703285e-01 0.000000000000000000e+00 0.000000000000000000e+00 0.000000000000000000e+00
2.100000000000000000e+04 8.400211502878440761e-02 4.551661356395084266e-04 9.995448338643604380e-01 0.000000000000000000e+00 0.000000000000000000e+00 0.000000000000000000e+00
2.150000000000000000e+04 8.600216538661253907e-02 9.103322712790168532e-04 9.990896677287209870e-01 0.000000000000000000e+00 0.000000000000000000e+00 0.000000000000000000e+00
2.200000000000000000e+04 8.800221574444089256e-02 3.413746017296313199e-04 9.996586253982703285e-01 0.000000000000000000e+00 0.000000000000000000e+00 0.000000000000000000e+00
2.250000000000000000e+04 9.000226610226902402e-02 1.934456076467910759e-03 9.979517523896221931e-01 0.000000000000000000e+00 1.137915339098771066e-04 0.000000000000000000e+00
2.300000000000000000e+04 9.200231646009715547e-02 9.103322712790168532e-04 9.990896677287209870e-01 0.000000000000000000e+00 0.000000000000000000e+00 0.000000000000000000e+00
2.350000000000000000e+04 9.400236681792550897e-02 2.048247610377787811e-03 9.978379608557123026e-01 0.000000000000000000e+00 1.137915339098771066e-04 0.000000000000000000e+00
2.400000000000000000e+04 9.600241717575364042e-02 1.706873008648156654e-03 9.982931269913518646e-01 0.000000000000000000e+00 0.000000000000000000e+00 0.000000000000000000e+00
2.450000000000000000e+04 9.800246753358177187e-02 1.706873008648156654e-03 9.981793354574419741e-01 0.000000000000000000e+00 1.137915339098771066e-04 0.000000000000000000e+00
2.500000000000000000e+04 1.000025178914101254e-01 2.275830678197541916e-03 9.976103777878926326e-01 0.000000000000000000e+00 1.137915339098771066e-04 0.000000000000000000e+00
2.550000000000000000e+04 1.020025682492382568e-01 3.186162949476558769e-03 9.965862539827037292e-01 0.000000000000000000e+00 2.275830678197542133e-04 0.000000000000000000e+00
2.600000000000000000e+04 1.040026186070663883e-01 2.730996813837050560e-03 9.972690031861629611e-01 0.000000000000000000e+00 0.000000000000000000e+00 0.000000000000000000e+00
2.650000000000000000e+04 1.060026689648947418e-01 6.030951297223486815e-03 9.936276741010469093e-01 0.000000000000000000e+00 3.413746017296313199e-04 0.000000000000000000e+00
2.700000000000000000e+04 1.080027193227228732e-01 1.012744651797906244e-02 9.893035958124715146e-01 0.000000000000000000e+00 5.689576695493854790e-04 0.000000000000000000e+00
2.750000000000000000e+04 1.100027696805510047e-01 2.981338188438780248e-02 9.543695949021392400e-01 0.000000000000000000e+00 1.581702321347291593e-02 0.000000000000000000e+00
2.800000000000000000e+04 1.120028200383793582e-01 1.383705052344105513e-01 3.313609467455621571e-01 1.137915339098771066e-04 5.301547564861174289e-01 0.000000000000000000e+00
2.850000000000000000e+04 1.140028703962074896e-01 1.805871643149749572e-01 6.503186162949476934e-01 1.458807464724624359e-01 2.321347291761493084e-02 0.000000000000000000e+00
2.900000000000000000e+04 1.160029207540356211e-01 3.482020937642239106e-02 8.159990896677287164e-01 1.487255348202093652e-01 4.551661356395084266e-04 0.000000000000000000e+00
2.950000000000000000e+04 1.180029711118637525e-01 2.628584433318160996e-02 8.224852071005916976e-01 1.506599908966772816e-01 5.689576695493854790e-04 0.000000000000000000e+00
3.000000000000000000e+04 1.200030214696921060e-01 2.617205279927173334e-02 8.230541647701411501e-01 1.505461993627674189e-01 2.275830678197542133e-04 0.000000000000000000e+00
3.050000000000000000e+04 1.220030718275202375e-01 2.514792899408284030e-02 8.237369139736003820e-01 1.507737824305871721e-01 3.413746017296313199e-04 0.000000000000000000e+00
3.100000000000000000e+04 1.240031221853483689e-01 2.696859353664087314e-02 8.231679563040509295e-01 1.495220755575785154e-01 3.413746017296313199e-04 0.000000000000000000e+00
3.150000000000000000e+04 1.260031725431767224e-01 2.457897132453345374e-02 8.243058716431497235e-01 1.504324078288575284e-01 6.827492034592626399e-04 0.000000000000000000e+00
3.200000000000000000e+04 1.280032229010048539e-01 2.469276285844333035e-02 8.238507055075102725e-01 1.510013654984069253e-01 4.551661356395084266e-04 0.000000000000000000e+00
3.250000000000000000e+04 1.300032732588329853e-01 2.480655439235321044e-02 8.244196631770596140e-01 1.505461993627674189e-01 2.275830678197542133e-04 0.000000000000000000e+00
3.300000000000000000e+04 1.320033236166613388e-01 2.548930359581247015e-02 8.232817478379608200e-01 1.504324078288575284e-01 7.965407373691396923e-04 0.000000000000000000e+00
3.350000000000000000e+04 1.340033739744894703e-01 2.583067819754210348e-02 8.238507055075102725e-01 1.499772416932180219e-01 3.413746017296313199e-04 0.000000000000000000e+00
3.400000000000000000e+04 1.360034243323176018e-01 2.708238507055074976e-02 8.224852071005916976e-01 1.500910332271279124e-01 3.413746017296313199e-04 0.000000000000000000e+00
3.450000000000000000e+04 1.380034746901459553e-01 2.492034592626308706e-02 8.238507055075102725e-01 1.504324078288575284e-01 7.965407373691396923e-04 0.000000000000000000e+00
3.500000000000000000e+04 1.400035250479740867e-01 2.548930359581247015e-02 8.228265817023213691e-01 1.513427401001365413e-01 3.413746017296313199e-04 0.000000000000000000e+00
3.550000000000000000e+04 1.420035754058022182e-01 2.605826126536185672e-02 8.229403732362312596e-01 1.507737824305871721e-01 2.275830678197542133e-04 0.000000000000000000e+00
3.600000000000000000e+04 1.440036257636305717e-01 2.492034592626308706e-02 8.237369139736003820e-01 1.508875739644970349e-01 4.551661356395084266e-04 0.000000000000000000e+00
3.650000000000000000e+04 1.460036761214587031e-01 2.492034592626308706e-02 8.241920801092398330e-01 1.503186162949476656e-01 5.689576695493854790e-04 0.000000000000000000e+00
3.700000000000000000e+04 1.480037264792868346e-01 2.560309512972235024e-02 8.230541647701411501e-01 1.511151570323167881e-01 2.275830678197542133e-04 0.000000000000000000e+00
3.750000000000000000e+04 1.500037768371149660e-01 2.571688666363222686e-02 8.236231224396904915e-01 1.503186162949476656e-01 3.413746017296313199e-04 0.000000000000000000e+00
3.800000000000000000e+04 1.520038271949433195e-01 2.560309512972235024e-02 8.231679563040509295e-01 1.507737824305871721e-01 4.551661356395084266e-04 0.000000000000000000e+00
3.850000000000000000e+04 1.540038775527714510e-01 2.674101046882111990e-02 8.230541647701411501e-01 1.500910332271279124e-01 1.137915339098771066e-04 0.000000000000000000e+00
3.900000000000000000e+04 1.560039279105995824e-01 2.514792899408284030e-02 8.240782885753299425e-01 1.498634501593081592e-01 9.103322712790168532e-04 0.000000000000000000e+00
3.950000000000000000e+04 1.580039782684279359e-01 2.696859353664087314e-02 8.229403732362312596e-01 1.498634501593081592e-01 2.275830678197542133e-04 0.000000000000000000e+00
4.000000000000000000e+04 1.600040286262560674e-01 2.742375967228038308e-02 8.221438324988621371e-01 1.502048247610377751e-01 2.275830678197542133e-04 0.000000000000000000e+00
4.050000000000000000e+04 1.620040789840841988e-01 2.685480200273099652e-02 8.214610832954027941e-01 1.510013654984069253e-01 6.827492034592626399e-04 0.000000000000000000e+00
4.100000000000000000e+04 1.640041293419125523e-01 2.799271734182976618e-02 8.207783340919435622e-01 1.507737824305871721e-01 4.551661356395084266e-04 0.000000000000000000e+00
4.150000000000000000e+04 1.660041796997406838e-01 2.890304961310878606e-02 8.198680018206645492e-01 1.508875739644970349e-01 3.413746017296313199e-04 0.000000000000000000e+00
4.200000000000000000e+04 1.680042300575688152e-01 3.015475648611743234e-02 8.159990896677287164e-01 1.529358215748748417e-01 9.103322712790168532e-04 0.000000000000000000e+00
4.250000000000000000e+04 1.700042804153971687e-01 5.735093309057805872e-02 7.626308602639964018e-01 1.753527537551206328e-01 4.665452890304961318e-03 0.000000000000000000e+00
4.300000000000000000e+04 1.720043307732253002e-01 8.375056895766955223e-02 7.239417387346381849e-01 1.888939462903959920e-01 3.413746017296313308e-03 0.000000000000000000e+00
4.350000000000000000e+04 1.740043811310534316e-01 6.668183887118799003e-02 7.728720983158853253e-01 1.570323167956304000e-01 3.413746017296313308e-03 0.000000000000000000e+00
4.400000000000000000e+04 1.760044314888817851e-01 6.725079654073737312e-02 7.661583978152025631e-01 1.624943104233045055e-01 4.096495220755575623e-03 0.000000000000000000e+00
4.450000000000000000e+04 1.780044818467099166e-01 6.781975421028675621e-02 7.684342284934000400e-01 1.610150204824760956e-01 2.730996813837050560e-03 0.000000000000000000e+00
4.500000000000000000e+04 1.800045322045380480e-01 6.702321347291761988e-02 7.700273099681383959e-01 1.597633136094674666e-01 3.186162949476558769e-03 0.000000000000000000e+00
4.550000000000000000e+04 1.820045825623661795e-01 6.656804733727811341e-02 7.728720983158853253e-01 1.581702321347291662e-01 2.389622212107419402e-03 0.000000000000000000e+00
4.600000000000000000e+04 1.840046329201945330e-01 6.747837960855712636e-02 7.678652708238506985e-01 1.626081019572143960e-01 2.048247610377787811e-03 0.000000000000000000e+00
4.650000000000000000e+04 1.860046832780226644e-01 6.850250341374601593e-02 7.679790623577605890e-01 1.607874374146563423e-01 2.730996813837050560e-03 0.000000000000000000e+00
4.700000000000000000e+04 1.880047336358507959e-01 6.907146108329539902e-02 7.685480200273099305e-01 1.604460628129267263e-01 1.934456076467910759e-03 0.000000000000000000e+00
4.750000000000000000e+04 1.900047839936791494e-01 6.827492034592626269e-02 7.672963131543013571e-01 1.619253527537551085e-01 2.503413746017296455e-03 0.000000000000000000e+00
4.800000000000000000e+04 1.920048343515072808e-01 6.952662721893490549e-02 7.639963586709148657e-01 1.644287664997724219e-01 2.048247610377787811e-03 0.000000000000000000e+00
4.850000000000000000e+04 1.940048847093354123e-01 6.781975421028675621e-02 7.662721893491124536e-01 1.627218934911242587e-01 3.186162949476558769e-03 0.000000000000000000e+00
4.900000000000000000e+04 1.960049350671637658e-01 6.873008648156576916e-02 7.669549385525716856e-01 1.620391442876649990e-01 2.275830678197541916e-03 0.000000000000000000e+00
4.950000000000000000e+04 1.980049854249918972e-01 6.952662721893490549e-02 7.631998179335457433e-01 1.643149749658625314e-01 2.958579881656804664e-03 0.000000000000000000e+00
5.000000000000000000e+04 2.000050357828200287e-01 7.009558488848430247e-02 7.650204824761037692e-01 1.624943104233045055e-01 2.389622212107419402e-03 0.000000000000000000e+00
5.050000000000000000e+04 2.020050861406483822e-01 7.100591715976331542e-02 7.631998179335457433e-01 1.629494765589440120e-01 2.844788347746927612e-03 0.000000000000000000e+00
5.100000000000000000e+04 2.040051364984765137e-01 6.121984524351388457e-02 7.763996358670914866e-01 1.596495220755575761e-01 2.730996813837050560e-03 0.000000000000000000e+00
5.150000000000000000e+04 2.060051868563046451e-01 5.860263996358670846e-02 7.789030496131087444e-01 1.585116067364588099e-01 3.982703686845699004e-03 0.000000000000000000e+00
5.200000000000000000e+04 2.080052372141329986e-01 5.712335002275830548e-02 7.775375512061902805e-01 1.616977696859353553e-01 3.641329085116067413e-03 0.000000000000000000e+00
5.250000000000000000e+04 2.100052875719611301e-01 5.848884842967683184e-02 7.746927628584433512e-01 1.645425580336822846e-01 2.275830678197541916e-03 0.000000000000000000e+00
5.300000000000000000e+04 2.120053379297892615e-01 5.826126536185707860e-02 7.769685935366408280e-01 1.613563950842057393e-01 3.413746017296313308e-03 0.000000000000000000e+00
5.350000000000000000e+04 2.140053882876176150e-01 5.917159763313609155e-02 7.774237596722803900e-01 1.606736458807464796e-01 2.730996813837050560e-03 0.000000000000000000e+00
5.400000000000000000e+04 2.160054386454457465e-01 6.133363677742376119e-02 7.752617205279926926e-01 1.607874374146563423e-01 2.617205279927173507e-03 0.000000000000000000e+00
5.450000000000000000e+04 2.180054890032738779e-01 6.156121984524351443e-02 7.753755120619025831e-01 1.606736458807464796e-01 2.389622212107419402e-03 0.000000000000000000e+00
5.500000000000000000e+04 2.200055393611020094e-01 6.213017751479289752e-02 7.738962221210742287e-01 1.606736458807464796e-01 3.299954483386436255e-03 0.000000000000000000e+00
5.550000000000000000e+04 2.220055897189303629e-01 6.395084205735093730e-02 7.735548475193445572e-01 1.601046882111970826e-01 2.389622212107419402e-03 0.000000000000000000e+00
5.600000000000000000e+04 2.240056400767584943e-01 6.827492034592626269e-02 7.643377332726445372e-01 1.651115157032316816e-01 2.275830678197541916e-03 0.000000000000000000e+00
5.650000000000000000e+04 2.260056904345866258e-01 6.804733727810650945e-02 7.619481110605370588e-01 1.675011379153391045e-01 2.503413746017296455e-03 0.000000000000000000e+00
5.700000000000000000e+04 2.280057407924149793e-01 6.736458807464724974e-02 7.629722348657259623e-01 1.677287209831588577e-01 1.934456076467910759e-03 0.000000000000000000e+00
5.750000000000000000e+04 2.300057911502431107e-01 6.736458807464724974e-02 7.611515703231679364e-01 1.688666363222576239e-01 2.617205279927173507e-03 0.000000000000000000e+00
5.800000000000000000e+04 2.320058415080712422e-01 6.895766954938552240e-02 7.584205735093308975e-01 1.704597177969958965e-01 2.162039144287664864e-03 0.000000000000000000e+00
5.850000000000000000e+04 2.340058918658995957e-01 7.020937642239417908e-02 7.568274920345926526e-01 1.714838416021848000e-01 1.479289940828402332e-03 0.000000000000000000e+00
5.900000000000000000e+04 2.360059422237277271e-01 7.305416477014110843e-02 7.532999544833864913e-01 1.714838416021848000e-01 2.162039144287664864e-03 0.000000000000000000e+00
5.950000000000000000e+04 2.380059925815558586e-01 7.180245789713245175e-02 7.544378698224851743e-01 1.721665908056440597e-01 1.593081474738279385e-03 0.000000000000000000e+00
6.000000000000000000e+04 2.400060429393842121e-01 7.783340919435594030e-02 7.408966772872098705e-01 1.780837505689576716e-01 3.186162949476558769e-03 0.000000000000000000e+00
6.050000000000000000e+04 2.420060932972123435e-01 8.579881656804733137e-02 7.304278561675011661e-01 1.825216203914428736e-01 1.251706873008648227e-03 0.000000000000000000e+00
6.100000000000000000e+04 2.440061436550404750e-01 7.817478379608557015e-02 7.287209831588530307e-01 1.909421939007737712e-01 2.162039144287664864e-03 0.000000000000000000e+00
6.150000000000000000e+04 2.460061940128688285e-01 7.259899863450158808e-02 7.322485207100591920e-01 1.920801092398725651e-01 3.072371415566681717e-03 0.000000000000000000e+00
6.200000000000000000e+04 2.480062443706969599e-01 7.316795630405098505e-02 7.358898497951752438e-01 1.878698224852070886e-01 3.072371415566681717e-03 0.000000000000000000e+00
6.250000000000000000e+04 2.500062947285250914e-01 7.373691397360036814e-02 7.374829312699134887e-01 1.873008648156577194e-01 1.479289940828402332e-03 0.000000000000000000e+00
6.300000000000000000e+04 2.520063450863532228e-01 7.362312243969049153e-02 7.354346836595356818e-01 1.891215293582157453e-01 1.820664542558033706e-03 0.000000000000000000e+00
6.350000000000000000e+04 2.540063954441815763e-01 7.237141556668183484e-02 7.383932635411925016e-01 1.871870732817478289e-01 2.048247610377787811e-03 0.000000000000000000e+00
6.400000000000000000e+04 2.560064458020097078e-01 7.180245789713245175e-02 7.401001365498406370e-01 1.863905325443787064e-01 1.706873008648156654e-03 0.000000000000000000e+00
6.450000000000000000e+04 2.580064961598378392e-01 7.316795630405098505e-02 7.391898042785616241e-01 1.859353664087392000e-01 1.706873008648156654e-03 0.000000000000000000e+00
6.500000000000000000e+04 2.600065465176661927e-01 7.316795630405098505e-02 7.394173873463814051e-01 1.857077833409194467e-01 1.706873008648156654e-03 0.000000000000000000e+00
6.550000000000000000e+04 2.620065968754943242e-01 7.225762403277195822e-02 7.412380518889394310e-01 1.844560764679107900e-01 2.048247610377787811e-03 0.000000000000000000e+00
6.600000000000000000e+04 2.640066472333224556e-01 7.055075102412380894e-02 7.441966317705962508e-01 1.840009103322712836e-01 1.251706873008648227e-03 0.000000000000000000e+00
6.650000000000000000e+04 2.660066975911508091e-01 7.123350022758306865e-02 7.443104233045061413e-01 1.832043695949021334e-01 1.251706873008648227e-03 0.000000000000000000e+00
6.700000000000000000e+04 2.680067479489789406e-01 7.180245789713245175e-02 7.451069640418752638e-01 1.821802457897132577e-01 9.103322712790168532e-04 0.000000000000000000e+00
6.750000000000000000e+04 2.700067983068070721e-01 7.214383249886208160e-02 7.440828402366863603e-01 1.826354119253527641e-01 1.137915339098770958e-03 0.000000000000000000e+00
6.800000000000000000e+04 2.720068486646354255e-01 7.203004096495220498e-02 7.439690487027764698e-01 1.818388711879836139e-01 2.162039144287664864e-03 0.000000000000000000e+00
6.850000000000000000e+04 2.740068990224635570e-01 7.100591715976331542e-02 7.470414201183431802e-01 1.805871643149749572e-01 1.365498406918525280e-03 0.000000000000000000e+00
6.900000000000000000e+04 2.760069493802916885e-01 7.043695949021393232e-02 7.470414201183431802e-01 1.811561219845243542e-01 1.365498406918525280e-03 0.000000000000000000e+00
6.950000000000000000e+04 2.780069997381200420e-01 7.032316795630405570e-02 7.480655439235320836e-01 1.802457897132453413e-01 1.365498406918525280e-03 0.000000000000000000e+00
7.000000000000000000e+04 2.800070500959481734e-01 6.918525261720527564e-02 7.501137915339098905e-01 1.795630405097860816e-01 1.137915339098770958e-03 0.000000000000000000e+00
7.050000000000000000e+04 2.820071004537763049e-01 7.089212562585343880e-02 7.487482931269913156e-01 1.789940828402366846e-01 1.365498406918525280e-03 0.000000000000000000e+00
7.100000000000000000e+04 2.840071508116044363e-01 7.020937642239417908e-02 7.503413746017296715e-01 1.788802913063268218e-01 5.689576695493854790e-04 0.000000000000000000e+00
7.150000000000000000e+04 2.860072011694327898e-01 6.964041875284478211e-02 7.507965407373691225e-01 1.784251251706872876e-01 1.137915339098770958e-03 0.000000000000000000e+00
7.200000000000000000e+04 2.880072515272609213e-01 6.884387801547564578e-02 7.519344560764679164e-01 1.785389167045971781e-01 6.827492034592626399e-04 0.000000000000000000e+00
7.250000000000000000e+04 2.900073018850890527e-01 7.055075102412380894e-02 7.519344560764679164e-01 1.766044606281292617e-01 9.103322712790168532e-04 0.000000000000000000e+00
7.300000000000000000e+04 2.920073522429174062e-01 7.009558488848430247e-02 7.535275375512061613e-01 1.759217114246700020e-01 4.551661356395084266e-04 0.000000000000000000e+00
7.350000000000000000e+04 2.940074026007455377e-01 6.975421028675465873e-02 7.521620391442876974e-01 1.771734182976786587e-01 9.103322712790168532e-04 0.000000000000000000e+00
7.400000000000000000e+04 2.960074529585736691e-01 6.975421028675465873e-02 7.546654528903049552e-01 1.742148384160218388e-01 1.365498406918525280e-03 0.000000000000000000e+00
7.450000000000000000e+04 2.980075033164020226e-01 7.271279016841146470e-02 7.538689121529358328e-01 1.728493400091033194e-01 5.689576695493854790e-04 0.000000000000000000e+00
7.500000000000000000e+04 3.000075536742301541e-01 6.952662721893490549e-02 7.564861174328629811e-01 1.734182976786527164e-01 5.689576695493854790e-04 0.000000000000000000e+00
7.550000000000000000e+04 3.020076040320582855e-01 6.747837960855712636e-02 7.600136549840691425e-01 1.720527992717341692e-01 4.551661356395084266e-04 0.000000000000000000e+00
7.600000000000000000e+04 3.040076543898866390e-01 7.032316795630405570e-02 7.584205735093308975e-01 1.708010923987255403e-01 4.551661356395084266e-04 0.000000000000000000e+00
7.650000000000000000e+04 3.060077047477147705e-01 7.043695949021393232e-02 7.603550295857988139e-01 1.686390532544378706e-01 5.689576695493854790e-04 0.000000000000000000e+00
7.700000000000000000e+04 3.080077551055429019e-01 6.941283568502502888e-02 7.613791533909877174e-01 1.676149294492489672e-01 1.593081474738279385e-03 0.000000000000000000e+00
7.750000000000000000e+04 3.100078054633712554e-01 7.498862084660901095e-02 7.592171142467000200e-01 1.638598088302230249e-01 1.934456076467910759e-03 0.000000000000000000e+00
7.800000000000000000e+04 3.120078558211993869e-01 8.636777423759672834e-02 7.378243058716431602e-01 1.742148384160218388e-01 1.593081474738279385e-03 0.000000000000000000e+00
7.850000000000000000e+04 3.140079061790275183e-01 8.579881656804733137e-02 7.364588074647245852e-01 1.769458352298589054e-01 7.965407373691396923e-04 0.000000000000000000e+00
7.900000000000000000e+04 3.160079565368556498e-01 9.035047792444242387e-02 7.307692307692307265e-01 1.775147928994082747e-01 1.365498406918525280e-03 0.000000000000000000e+00
7.950000000000000000e+04 3.180080068946840033e-01 9.103322712790168358e-02 7.305416477014110566e-01 1.775147928994082747e-01 9.103322712790168532e-04 0.000000000000000000e+00
8.000000000000000000e+04 3.200080572525121347e-01 9.091943559399180697e-02 7.292899408284023721e-01 1.781975421028675344e-01 1.593081474738279385e-03 0.000000000000000000e+00
8.050000000000000000e+04 3.220081076103402662e-01 8.932635411925353430e-02 7.337278106508875464e-01 1.764906690942193990e-01 4.551661356395084266e-04 0.000000000000000000e+00
8.100000000000000000e+04 3.240081579681686197e-01 9.535730541647700897e-02 7.256486117432863203e-01 1.768320436959490149e-01 2.162039144287664864e-03 0.000000000000000000e+00
8.150000000000000000e+04 3.260082083259967511e-01 1.061675011379153433e-01 7.065316340464269373e-01 1.852526172052799402e-01 2.048247610377787811e-03 0.000000000000000000e+00
8.200000000000000000e+04 3.280082586838248826e-01 1.302913063268092975e-01 6.692080109239872954e-01 1.970869367319071364e-01 3.413746017296313308e-03 0.000000000000000000e+00
8.250000000000000000e+04 3.300083090416532361e-01 1.331360946745562268e-01 6.876422394173873354e-01 1.721665908056440597e-01 7.055075102412380721e-03 0.000000000000000000e+00
8.300000000000000000e+04 3.320083593994813675e-01 1.338188438780154865e-01 6.861629494765589810e-01 1.755803368229403860e-01 4.437869822485207214e-03 0.000000000000000000e+00
8.350000000000000000e+04 3.340084097573094990e-01 1.351843422849340060e-01 7.003868912152936277e-01 1.591943559399180697e-01 5.234410559854347014e-03 0.000000000000000000e+00
8.400000000000000000e+04 3.360084601151378525e-01 1.292671825216203940e-01 7.134729176149294805e-01 1.541875284478834707e-01 3.072371415566681717e-03 0.000000000000000000e+00
8.450000000000000000e+04 3.380085104729659840e-01 1.280154756486117373e-01 7.154073736913973969e-01 1.536185707783341015e-01 2.958579881656804664e-03 0.000000000000000000e+00
8.500000000000000000e+04 3.400085608307941154e-01 1.273327264451524776e-01 7.173418297678653133e-01 1.530496131087847045e-01 2.275830678197541916e-03 0.000000000000000000e+00
8.550000000000000000e+04 3.420086111886224689e-01 1.275603095129722309e-01 7.183659535730542167e-01 1.503186162949476656e-01 3.755120619025944465e-03 0.000000000000000000e+00
8.600000000000000000e+04 3.440086615464506004e-01 1.261948111060537114e-01 7.188211197086936677e-01 1.516841147018661851e-01 3.299954483386436255e-03 0.000000000000000000e+00
8.650000000000000000e+04 3.460087119042787318e-01 1.216431497496586189e-01 7.229176149294492815e-01 1.513427401001365413e-01 4.096495220755575623e-03 0.000000000000000000e+00
8.700000000000000000e+04 3.480087622621068633e-01 1.211879836140191125e-01 7.263313609467455523e-01 1.483841602184797492e-01 4.096495220755575623e-03 0.000000000000000000e+00
8.750000000000000000e+04 3.500088126199352168e-01 1.247155211652253015e-01 7.210969503868912556e-01 1.502048247610377751e-01 3.982703686845699004e-03 0.000000000000000000e+00
8.800000000000000000e+04 3.520088629777633482e-01 1.271051433773327244e-01 7.209831588529813651e-01 1.462221210741920796e-01 5.689576695493855224e-03 0.000000000000000000e+00
8.850000000000000000e+04 3.540089133355914797e-01 1.357532999544833752e-01 7.034592626308602270e-01 1.554392353208921274e-01 5.348202093764223633e-03 0.000000000000000000e+00
8.900000000000000000e+04 3.560089636934198332e-01 1.359808830223031284e-01 7.006144742831132977e-01 1.578288575329995502e-01 5.575785161583977738e-03 0.000000000000000000e+00
8.950000000000000000e+04 3.580090140512479646e-01 1.374601729631315383e-01 7.007282658170231882e-01 1.565771506599908935e-01 5.234410559854347014e-03 0.000000000000000000e+00
9.000000000000000000e+04 3.600090644090760961e-01 1.393946290395994547e-01 6.978834774692762588e-01 1.581702321347291662e-01 4.551661356395083832e-03 0.000000000000000000e+00
9.050000000000000000e+04 3.620091147669044496e-01 1.395084205735093175e-01 6.983386436049158208e-01 1.552116522530723741e-01 6.941283568502503235e-03 0.000000000000000000e+00
9.100000000000000000e+04 3.640091651247325810e-01 1.424670004551661373e-01 6.969731451979972459e-01 1.549840691852526209e-01 5.575785161583977738e-03 0.000000000000000000e+00
9.150000000000000000e+04 3.660092154825607125e-01 1.522530723714155543e-01 6.876422394173873354e-01 1.565771506599908935e-01 3.527537551206190360e-03 0.000000000000000000e+00
9.200000000000000000e+04 3.680092658403890660e-01 1.510013654984069253e-01 6.841147018661811741e-01 1.602184797451069731e-01 4.665452890304961318e-03 0.000000000000000000e+00
9.250000000000000000e+04 3.700093161982171974e-01 1.498634501593081592e-01 6.816112881201638052e-01 1.635184342284934089e-01 5.006827492034592909e-03 0.000000000000000000e+00
9.300000000000000000e+04 3.720093665560453289e-01 1.496358670914884059e-01 6.814974965862540257e-01 1.637460172963131622e-01 5.120619025944469528e-03 0.000000000000000000e+00
9.350000000000000000e+04 3.740094169138736824e-01 1.516841147018661851e-01 6.812699135184342447e-01 1.624943104233045055e-01 4.551661356395083832e-03 0.000000000000000000e+00
9.400000000000000000e+04 3.760094672717018138e-01 1.564633591260810308e-01 6.759217114246700575e-01 1.619253527537551085e-01 5.689576695493855224e-03 0.000000000000000000e+00
9.450000000000000000e+04 3.780095176295299453e-01 1.611288120163859861e-01 6.673873463814292695e-01 1.648839326354119283e-01 6.599908966772872511e-03 0.000000000000000000e+00
9.500000000000000000e+04 3.800095679873580767e-01 1.603322712790168358e-01 6.793354574419663283e-01 1.527082385070550885e-01 7.624032771961766417e-03 0.000000000000000000e+00
9.550000000000000000e+04 3.820096183451864302e-01 1.615839781520254925e-01 6.901456531634045932e-01 1.406463359126081114e-01 7.624032771961766417e-03 0.000000000000000000e+00
9.600000000000000000e+04 3.840096687030145617e-01 1.397360036413290985e-01 7.270141101502047842e-01 1.286982248520709970e-01 4.551661356395083832e-03 0.000000000000000000e+00
9.650000000000000000e+04 3.860097190608426931e-01 1.244879380974055483e-01 7.422621756941283344e-01 1.299499317250796537e-01 3.299954483386436255e-03 0.000000000000000000e+00
9.700000000000000000e+04 3.880097694186710466e-01 1.231224396904870289e-01 7.446517979062358128e-01 1.289258079198907503e-01 3.299954483386436255e-03 0.000000000000000000e+00
9.750000000000000000e+04 3.900098197764994001e-01 1.216431497496586189e-01 7.448793809740554828e-01 1.296085571233500100e-01 3.868912152935821518e-03 0.000000000000000000e+00
9.800000000000000000e+04 3.920098701343273095e-01 1.242603550295857950e-01 7.444242148384160318e-01 1.267637687756031084e-01 4.551661356395083832e-03 0.000000000000000000e+00
9.850000000000000000e+04 3.940099204921554410e-01 1.211879836140191125e-01 7.453345471096950448e-01 1.291533909877105035e-01 4.324078288575329727e-03 0.000000000000000000e+00
9.900000000000000000e+04 3.960099708499837945e-01 1.239189804278561652e-01 7.444242148384160318e-01 1.292671825216203940e-01 2.389622212107419402e-03 0.000000000000000000e+00
9.950000000000000000e+04 3.980100212078121480e-01 1.210741920801092358e-01 7.468138370505233992e-01 1.291533909877105035e-01 2.958579881656804664e-03 0.000000000000000000e+00
1.000000000000000000e+05 4.000100715656402794e-01 1.241465634956759184e-01 7.448793809740554828e-01 1.274465179790623681e-01 3.527537551206190360e-03 0.000000000000000000e+00
1.005000000000000000e+05 4.020101219234681889e-01 1.250568957669549452e-01 7.415794264906691025e-01 1.300637232589895442e-01 3.299954483386436255e-03 0.000000000000000000e+00
1.010000000000000000e+05 4.040101722812965424e-01 1.313154301319981732e-01 7.296313154301320436e-01 1.357532999544833752e-01 3.299954483386436255e-03 0.000000000000000000e+00
1.015000000000000000e+05 4.060102226391248958e-01 1.299499317250796537e-01 7.329312699135184239e-01 1.337050523441055960e-01 3.413746017296313308e-03 0.000000000000000000e+00
1.020000000000000000e+05 4.080102729969530273e-01 1.333636777423759801e-01 7.259899863450158808e-01 1.367774237596722786e-01 3.868912152935821518e-03 0.000000000000000000e+00
1.025000000000000000e+05 4.100103233547809367e-01 1.342740100136549930e-01 7.253072371415566488e-01 1.367774237596722786e-01 3.641329085116067413e-03 0.000000000000000000e+00
1.030000000000000000e+05 4.120103737126092902e-01 1.401911697769686049e-01 7.104005461993627701e-01 1.447428311333636697e-01 4.665452890304961318e-03 0.000000000000000000e+00
1.035000000000000000e+05 4.140104240704378658e-01 1.387118798361401950e-01 6.819526627218934767e-01 1.774010013654984119e-01 1.934456076467910759e-03 0.000000000000000000e+00
1.040000000000000000e+05 4.160104744282657752e-01 1.255120619025944517e-01 6.871870732817478844e-01 1.844560764679107900e-01 2.844788347746927612e-03 0.000000000000000000e+00
1.045000000000000000e+05 4.180105247860939066e-01 1.173190714610832935e-01 6.935593991807009751e-01 1.861629494765589532e-01 2.958579881656804664e-03 0.000000000000000000e+00
1.050000000000000000e+05 4.200105751439222601e-01 1.133363677742375980e-01 6.945835229858898785e-01 1.898042785616750050e-01 2.275830678197541916e-03 0.000000000000000000e+00
1.055000000000000000e+05 4.220106255017506136e-01 1.147018661811561174e-01 6.932180245789713036e-01 1.909421939007737712e-01 1.137915339098770958e-03 0.000000000000000000e+00
1.060000000000000000e+05 4.240106758595785230e-01 1.107191624943104219e-01 6.983386436049158208e-01 1.898042785616750050e-01 1.137915339098770958e-03 0.000000000000000000e+00
1.065000000000000000e+05 4.260107262174066545e-01 1.090122894856622726e-01 6.987938097405552718e-01 1.913973600364132777e-01 7.965407373691396923e-04 0.000000000000000000e+00
1.070000000000000000e+05 4.280107765752350080e-01 1.020710059171597572e-01 7.061902594446972659e-01 1.900318616294947582e-01 1.706873008648156654e-03 0.000000000000000000e+00
1.075000000000000000e+05 4.300108269330633615e-01 1.032089212562585373e-01 7.023213472917615441e-01 1.918525261720528119e-01 2.617205279927173507e-03 0.000000000000000000e+00
1.080000000000000000e+05 4.320108772908914929e-01 1.044606281292671801e-01 7.010696404187528596e-01 1.928766499772416876e-01 1.593081474738279385e-03 0.000000000000000000e+00
1.085000000000000000e+05 4.340109276487194023e-01 1.066226672735548497e-01 6.989076012744651623e-01 1.933318161128811941e-01 1.137915339098770958e-03 0.000000000000000000e+00
1.090000000000000000e+05 4.360109780065477558e-01 1.067364588074647264e-01 6.934456076467910846e-01 1.986800182066454368e-01 1.137915339098770958e-03 0.000000000000000000e+00
1.095000000000000000e+05 4.380110283643761093e-01 1.076467910787437393e-01 6.941283568502503165e-01 1.965179790623577671e-01 1.706873008648156654e-03 0.000000000000000000e+00
1.100000000000000000e+05 4.400110787222042408e-01 1.127674101046882149e-01 6.794492489758762188e-01 2.055075102412380617e-01 2.275830678197541916e-03 0.000000000000000000e+00
1.105000000000000000e+05 4.420111290800323722e-01 1.297223486572599005e-01 6.345015930814746907e-01 2.328174783796085612e-01 2.958579881656804664e-03 0.000000000000000000e+00
1.110000000000000000e+05 4.440111794378607257e-01 1.183431952662721831e-01 7.049385525716886924e-01 1.746700045516613453e-01 2.048247610377787811e-03 0.000000000000000000e+00
1.115000000000000000e+05 4.460112297956890792e-01 1.058261265361857134e-01 7.269003186162948937e-01 1.649977241693217911e-01 2.275830678197541916e-03 0.000000000000000000e+00
1.120000000000000000e+05 4.480112801535169886e-01 1.076467910787437393e-01 7.265589440145653333e-01 1.647701411015020379e-01 1.024123805188893906e-03 0.000000000000000000e+00
1.125000000000000000e+05 4.500113305113451201e-01 1.088984979517523960e-01 7.274692762858443462e-01 1.624943104233045055e-01 1.137915339098770958e-03 0.000000000000000000e+00
1.130000000000000000e+05 4.520113808691734736e-01 1.085571233500227523e-01 7.272416932180245652e-01 1.623805188893946427e-01 1.820664542558033706e-03 0.000000000000000000e+00
1.135000000000000000e+05 4.540114312270018271e-01 1.088984979517523960e-01 7.254210286754665393e-01 1.644287664997724219e-01 1.251706873008648227e-03 0.000000000000000000e+00
