# itime ezz other fcc hcp bcc ico
0.000000000000000000e+00 0.000000000000000000e+00 0.000000000000000000e+00 1.000000000000000000e+00 0.000000000000000000e+00 0.000000000000000000e+00 0.000000000000000000e+00
2.500000000000000000e+02 9.999726221214810806e-04 0.000000000000000000e+00 1.000000000000000000e+00 0.000000000000000000e+00 0.000000000000000000e+00 0.000000000000000000e+00
5.000000000000000000e+02 1.999945244242962161e-03 0.000000000000000000e+00 1.000000000000000000e+00 0.000000000000000000e+00 0.000000000000000000e+00 0.000000000000000000e+00
7.500000000000000000e+02 2.999917866364221197e-03 0.000000000000000000e+00 1.000000000000000000e+00 0.000000000000000000e+00 0.000000000000000000e+00 0.000000000000000000e+00
1.000000000000000000e+03 3.999890488485702278e-03 0.000000000000000000e+00 1.000000000000000000e+00 0.000000000000000000e+00 0.000000000000000000e+00 0.000000000000000000e+00
1.250000000000000000e+03 4.999863110607183359e-03 0.000000000000000000e+00 1.000000000000000000e+00 0.000000000000000000e+00 0.000000000000000000e+00 0.000000000000000000e+00
1.500000000000000000e+03 5.999835732728664439e-03 0.000000000000000000e+00 1.000000000000000000e+00 0.000000000000000000e+00 0.000000000000000000e+00 0.000000000000000000e+00
1.750000000000000000e+03 6.999808354850145520e-03 0.000000000000000000e+00 1.000000000000000000e+00 0.000000000000000000e+00 0.000000000000000000e+00 0.000000000000000000e+00
2.000000000000000000e+03 7.999780976971626600e-03 0.000000000000000000e+00 1.000000000000000000e+00 0.000000000000000000e+00 0.000000000000000000e+00 0.000000000000000000e+00
2.250000000000000000e+03 8.999753599092885636e-03 0.000000000000000000e+00 1.000000000000000000e+00 0.000000000000000000e+00 0.000000000000000000e+00 0.000000000000000000e+00
2.500000000000000000e+03 9.999726221214366717e-03 0.000000000000000000e+00 1.000000000000000000e+00 0.000000000000000000e+00 0.000000000000000000e+00 0.000000000000000000e+00
2.750000000000000000e+03 1.099969884333584780e-02 0.000000000000000000e+00 1.000000000000000000e+00 0.000000000000000000e+00 0.000000000000000000e+00 0.000000000000000000e+00
3.000000000000000000e+03 1.199967146545732888e-02 0.000000000000000000e+00 1.000000000000000000e+00 0.000000000000000000e+00 0.000000000000000000e+00 0.000000000000000000e+00
3.250000000000000000e+03 1.299964408757880996e-02 0.000000000000000000e+00 1.000000000000000000e+00 0.000000000000000000e+00 0.000000000000000000e+00 0.000000000000000000e+00
3.500000000000000000e+03 1.399961670970029104e-02 0.000000000000000000e+00 1.000000000000000000e+00 0.000000000000000000e+00 0.000000000000000000e+00 0.000000000000000000e+00
3.750000000000000000e+03 1.499958933182155008e-02 0.000000000000000000e+00 1.000000000000000000e+00 0.000000000000000000e+00 0.000000000000000000e+00 0.000000000000000000e+00
4.000000000000000000e+03 1.599956195394303116e-02 0.000000000000000000e+00 1.000000000000000000e+00 0.000000000000000000e+00 0.000000000000000000e+00 0.000000000000000000e+00
4.250000000000000000e+03 1.699953457606451224e-02 0.000000000000000000e+00 1.000000000000000000e+00 0.000000000000000000e+00 0.000000000000000000e+00 0.000000000000000000e+00
4.500000000000000000e+03 1.799950719818599332e-02 0.000000000000000000e+00 1.000000000000000000e+00 0.000000000000000000e+00 0.000000000000000000e+00 0.000000000000000000e+00
4.750000000000000000e+03 1.899947982030747440e-02 0.000000000000000000e+00 1.000000000000000000e+00 0.000000000000000000e+00 0.000000000000000000e+00 0.000000000000000000e+00
5.000000000000000000e+03 1.999945244242895548e-02 0.000000000000000000e+00 1.000000000000000000e+00 0.000000000000000000e+00 0.000000000000000000e+00 0.000000000000000000e+00
5.250000000000000000e+03 2.099942506455021451e-02 0.000000000000000000e+00 1.000000000000000000e+00 0.000000000000000000e+00 0.000000000000000000e+00 0.000000000000000000e+00
5.500000000000000000e+03 2.199939768667169560e-02 0.000000000000000000e+00 1.000000000000000000e+00 0.000000000000000000e+00 0.000000000000000000e+00 0.000000000000000000e+00
5.750000000000000000e+03 2.299937030879317668e-02 0.000000000000000000e+00 1.000000000000000000e+00 0.000000000000000000e+00 0.000000000000000000e+00 0.000000000000000000e+00
6.000000000000000000e+03 2.399934293091465776e-02 0.000000000000000000e+00 1.000000000000000000e+00 0.000000000000000000e+00 0.000000000000000000e+00 0.000000000000000000e+00
6.250000000000000000e+03 2.499931555303613884e-02 0.000000000000000000e+00 1.000000000000000000e+00 0.000000000000000000e+00 0.000000000000000000e+00 0.000000000000000000e+00
6.500000000000000000e+03 2.599928817515739787e-02 0.000000000000000000e+00 1.000000000000000000e+00 0.000000000000000000e+00 0.000000000000000000e+00 0.000000000000000000e+00
6.750000000000000000e+03 2.699926079727887895e-02 0.000000000000000000e+00 1.000000000000000000e+00 0.000000000000000000e+00 0.000000000000000000e+00 0.000000000000000000e+00
7.000000000000000000e+03 2.799923341940036003e-02 0.000000000000000000e+00 1.000000000000000000e+00 0.000000000000000000e+00 0.000000000000000000e+00 0.000000000000000000e+00
7.250000000000000000e+03 2.899920604152184112e-02 0.000000000000000000e+00 1.000000000000000000e+00 0.000000000000000000e+00 0.000000000000000000e+00 0.000000000000000000e+00
7.500000000000000000e+03 2.999917866364332220e-02 0.000000000000000000e+00 1.000000000000000000e+00 0.000000000000000000e+00 0.000000000000000000e+00 0.000000000000000000e+00
7.750000000000000000e+03 3.099915128576480328e-02 0.000000000000000000e+00 1.000000000000000000e+00 0.000000000000000000e+00 0.000000000000000000e+00 0.000000000000000000e+00
8.000000000000000000e+03 3.199912390788606231e-02 0.000000000000000000e+00 1.000000000000000000e+00 0.000000000000000000e+00 0.000000000000000000e+00 0.000000000000000000e+00
8.250000000000000000e+03 3.299909653000754339e-02 0.000000000000000000e+00 1.000000000000000000e+00 0.000000000000000000e+00 0.000000000000000000e+00 0.000000000000000000e+00
8.500000000000000000e+03 3.399906915212902447e-02 0.000000000000000000e+00 1.000000000000000000e+00 0.000000000000000000e+00 0.000000000000000000e+00 0.000000000000000000e+00
8.750000000000000000e+03 3.499904177425050555e-02 0.000000000000000000e+00 1.000000000000000000e+00 0.000000000000000000e+00 0.000000000000000000e+00 0.000000000000000000e+00
9.000000000000000000e+03 3.599901439637198663e-02 0.000000000000000000e+00 1.000000000000000000e+00 0.000000000000000000e+00 0.000000000000000000e+00 0.000000000000000000e+00
9.250000000000000000e+03 3.699898701849346772e-02 0.000000000000000000e+00 1.000000000000000000e+00 0.000000000000000000e+00 0.000000000000000000e+00 0.000000000000000000e+00
9.500000000000000000e+03 3.799895964061472675e-02 0.000000000000000000e+00 1.000000000000000000e+00 0.000000000000000000e+00 0.000000000000000000e+00 0.000000000000000000e+00
9.750000000000000000e+03 3.899893226273620783e-02 0.000000000000000000e+00 1.000000000000000000e+00 0.000000000000000000e+00 0.000000000000000000e+00 0.000000000000000000e+00
1.000000000000000000e+04 3.999890488485768891e-02 0.000000000000000000e+00 1.000000000000000000e+00 0.000000000000000000e+00 0.000000000000000000e+00 0.000000000000000000e+00
1.025000000000000000e+04 4.099887750697916999e-02 0.000000000000000000e+00 1.000000000000000000e+00 0.000000000000000000e+00 0.000000000000000000e+00 0.000000000000000000e+00
1.050000000000000000e+04 4.199885012910065107e-02 0.000000000000000000e+00 1.000000000000000000e+00 0.000000000000000000e+00 0.000000000000000000e+00 0.000000000000000000e+00
1.075000000000000000e+04 4.299882275122213215e-02 0.000000000000000000e+00 1.000000000000000000e+00 0.000000000000000000e+00 0.000000000000000000e+00 0.000000000000000000e+00
1.100000000000000000e+04 4.399879537334339119e-02 0.000000000000000000e+00 1.000000000000000000e+00 0.000000000000000000e+00 0.000000000000000000e+00 0.000000000000000000e+00
1.125000000000000000e+04 4.499876799546487227e-02 0.000000000000000000e+00 1.000000000000000000e+00 0.000000000000000000e+00 0.000000000000000000e+00 0.000000000000000000e+00
1.150000000000000000e+04 4.599874061758635335e-02 0.000000000000000000e+00 1.000000000000000000e+00 0.000000000000000000e+00 0.000000000000000000e+00 0.000000000000000000e+00
1.175000000000000000e+04 4.699871323970783443e-02 0.000000000000000000e+00 1.000000000000000000e+00 0.000000000000000000e+00 0.000000000000000000e+00 0.000000000000000000e+00
1.200000000000000000e+04 4.799868586182931551e-02 0.000000000000000000e+00 1.000000000000000000e+00 0.000000000000000000e+00 0.000000000000000000e+00 0.000000000000000000e+00
1.225000000000000000e+04 4.899865848395079659e-02 0.000000000000000000e+00 1.000000000000000000e+00 0.000000000000000000e+00 0.000000000000000000e+00 0.000000000000000000e+00
1.250000000000000000e+04 4.999863110607205563e-02 0.000000000000000000e+00 1.000000000000000000e+00 0.000000000000000000e+00 0.000000000000000000e+00 0.000000000000000000e+00
1.275000000000000000e+04 5.099860372819353671e-02 0.000000000000000000e+00 1.000000000000000000e+00 0.000000000000000000e+00 0.000000000000000000e+00 0.000000000000000000e+00
1.300000000000000000e+04 5.199857635031501779e-02 0.000000000000000000e+00 1.000000000000000000e+00 0.000000000000000000e+00 0.000000000000000000e+00 0.000000000000000000e+00
1.325000000000000000e+04 5.299854897243649887e-02 0.000000000000000000e+00 1.000000000000000000e+00 0.000000000000000000e+00 0.000000000000000000e+00 0.000000000000000000e+00
1.350000000000000000e+04 5.399852159455797995e-02 0.000000000000000000e+00 1.000000000000000000e+00 0.000000000000000000e+00 0.000000000000000000e+00 0.000000000000000000e+00
1.375000000000000000e+04 5.499849421667923899e-02 0.000000000000000000e+00 1.000000000000000000e+00 0.000000000000000000e+00 0.000000000000000000e+00 0.000000000000000000e+00
1.400000000000000000e+04 5.599846683880072007e-02 0.000000000000000000e+00 1.000000000000000000e+00 0.000000000000000000e+00 0.000000000000000000e+00 0.000000000000000000e+00
1.425000000000000000e+04 5.699843946092220115e-02 0.000000000000000000e+00 1.000000000000000000e+00 0.000000000000000000e+00 0.000000000000000000e+00 0.000000000000000000e+00
1.450000000000000000e+04 5.799841208304368223e-02 0.000000000000000000e+00 1.000000000000000000e+00 0.000000000000000000e+00 0.000000000000000000e+00 0.000000000000000000e+00
1.475000000000000000e+04 5.899838470516516331e-02 0.000000000000000000e+00 1.000000000000000000e+00 0.000000000000000000e+00 0.000000000000000000e+00 0.000000000000000000e+00
1.500000000000000000e+04 5.999835732728664439e-02 0.000000000000000000e+00 1.000000000000000000e+00 0.000000000000000000e+00 0.000000000000000000e+00 0.000000000000000000e+00
1.525000000000000000e+04 6.099832994940790343e-02 0.000000000000000000e+00 1.000000000000000000e+00 0.000000000000000000e+00 0.000000000000000000e+00 0.000000000000000000e+00
1.550000000000000000e+04 6.199830257152938451e-02 0.000000000000000000e+00 1.000000000000000000e+00 0.000000000000000000e+00 0.000000000000000000e+00 0.000000000000000000e+00
1.575000000000000000e+04 6.299827519365086559e-02 0.000000000000000000e+00 1.000000000000000000e+00 0.000000000000000000e+00 0.000000000000000000e+00 0.000000000000000000e+00
1.600000000000000000e+04 6.399824781577234667e-02 0.000000000000000000e+00 1.000000000000000000e+00 0.000000000000000000e+00 0.000000000000000000e+00 0.000000000000000000e+00
1.625000000000000000e+04 6.499822043789382775e-02 2.275830678197542133e-04 9.997724169321802190e-01 0.000000000000000000e+00 0.000000000000000000e+00 0.000000000000000000e+00
1.650000000000000000e+04 6.599819306001530883e-02 0.000000000000000000e+00 1.000000000000000000e+00 0.000000000000000000e+00 0.000000000000000000e+00 0.000000000000000000e+00
1.675000000000000000e+04 6.699816568213656787e-02 0.000000000000000000e+00 1.000000000000000000e+00 0.000000000000000000e+00 0.000000000000000000e+00 0.000000000000000000e+00
1.700000000000000000e+04 6.799813830425804895e-02 0.000000000000000000e+00 1.000000000000000000e+00 0.000000000000000000e+00 0.000000000000000000e+00 0.000000000000000000e+00
1.725000000000000000e+04 6.899811092637953003e-02 2.275830678197542133e-04 9.997724169321802190e-01 0.000000000000000000e+00 0.000000000000000000e+00 0.000000000000000000e+00
1.750000000000000000e+04 6.999808354850101111e-02 0.000000000000000000e+00 1.000000000000000000e+00 0.000000000000000000e+00 0.000000000000000000e+00 0.000000000000000000e+00
1.775000000000000000e+04 7.099805617062249219e-02 0.000000000000000000e+00 1.000000000000000000e+00 0.000000000000000000e+00 0.000000000000000000e+00 0.000000000000000000e+00
1.800000000000000000e+04 7.199802879274397327e-02 0.000000000000000000e+00 1.000000000000000000e+00 0.000000000000000000e+00 0.000000000000000000e+00 0.000000000000000000e+00
1.825000000000000000e+04 7.299800141486523231e-02 3.413746017296313199e-04 9.995448338643604380e-01 0.000000000000000000e+00 1.137915339098771066e-04 0.000000000000000000e+00
1.850000000000000000e+04 7.399797403698671339e-02 4.551661356395084266e-04 9.994310423304506585e-01 0.000000000000000000e+00 1.137915339098771066e-04 0.000000000000000000e+00
1.875000000000000000e+04 7.499794665910819447e-02 0.000000000000000000e+00 1.000000000000000000e+00 0.000000000000000000e+00 0.000000000000000000e+00 0.000000000000000000e+00
1.900000000000000000e+04 7.599791928122967555e-02 0.000000000000000000e+00 1.000000000000000000e+00 0.000000000000000000e+00 0.000000000000000000e+00 0.000000000000000000e+00
1.925000000000000000e+04 7.699789190335115663e-02 0.000000000000000000e+00 1.000000000000000000e+00 0.000000000000000000e+00 0.000000000000000000e+00 0.000000000000000000e+00
1.950000000000000000e+04 7.799786452547241566e-02 0.000000000000000000e+00 1.000000000000000000e+00 0.000000000000000000e+00 0.000000000000000000e+00 0.000000000000000000e+00
1.975000000000000000e+04 7.899783714759389674e-02 3.413746017296313199e-04 9.995448338643604380e-01 0.000000000000000000e+00 1.137915339098771066e-04 0.000000000000000000e+00
2.000000000000000000e+04 7.999780976971537783e-02 5.689576695493854790e-04 9.994310423304506585e-01 0.000000000000000000e+00 0.000000000000000000e+00 0.000000000000000000e+00
2.025000000000000000e+04 8.099778239183685891e-02 4.551661356395084266e-04 9.995448338643604380e-01 0.000000000000000000e+00 0.000000000000000000e+00 0.000000000000000000e+00
2.050000000000000000e+04 8.199775501395833999e-02 1.137915339098771066e-04 9.998862084660901095e-01 0.000000000000000000e+00 0.000000000000000000e+00 0.000000000000000000e+00
2.075000000000000000e+04 8.299772763607982107e-02 2.275830678197542133e-04 9.997724169321802190e-01 0.000000000000000000e+00 0.000000000000000000e+00 0.000000000000000000e+00
2.100000000000000000e+04 8.399770025820108010e-02 1.365498406918525280e-03 9.986345015930814251e-01 0.000000000000000000e+00 0.000000000000000000e+00 0.000000000000000000e+00
2.125000000000000000e+04 8.499767288032256118e-02 1.137915339098771066e-04 9.998862084660901095e-01 0.000000000000000000e+00 0.000000000000000000e+00 0.000000000000000000e+00
2.150000000000000000e+04 8.599764550244404226e-02 1.365498406918525280e-03 9.984069185252617551e-01 0.000000000000000000e+00 2.275830678197542133e-04 0.000000000000000000e+00
2.175000000000000000e+04 8.699761812456552335e-02 0.000000000000000000e+00 1.000000000000000000e+00 0.000000000000000000e+00 0.000000000000000000e+00 0.000000000000000000e+00
2.200000000000000000e+04 8.799759074668700443e-02 3.413746017296313199e-04 9.995448338643604380e-01 0.000000000000000000e+00 1.137915339098771066e-04 0.000000000000000000e+00
2.225000000000000000e+04 8.899756336880848551e-02 1.137915339098771066e-04 9.998862084660901095e-01 0.000000000000000000e+00 0.000000000000000000e+00 0.000000000000000000e+00
2.250000000000000000e+04 8.999753599092974454e-02 7.965407373691396923e-04 9.992034592626308775e-01 0.000000000000000000e+00 0.000000000000000000e+00 0.000000000000000000e+00
2.275000000000000000e+04 9.099750861305122562e-02 5.689576695493854790e-04 9.994310423304506585e-01 0.000000000000000000e+00 0.000000000000000000e+00 0.000000000000000000e+00
2.300000000000000000e+04 9.199748123517270670e-02 1.137915339098770958e-03 9.988620846609012061e-01 0.000000000000000000e+00 0.000000000000000000e+00 0.000000000000000000e+00
2.325000000000000000e+04 9.299745385729418778e-02 2.275830678197541916e-03 9.974965862539827421e-01 0.000000000000000000e+00 2.275830678197542133e-04 0.000000000000000000e+00
2.350000000000000000e+04 9.399742647941566887e-02 1.365498406918525280e-03 9.985207100591716456e-01 0.000000000000000000e+00 1.137915339098771066e-04 0.000000000000000000e+00
2.375000000000000000e+04 9.499739910153714995e-02 1.593081474738279385e-03 9.984069185252617551e-01 0.000000000000000000e+00 0.000000000000000000e+00 0.000000000000000000e+00
2.400000000000000000e+04 9.599737172365840898e-02 1.365498406918525280e-03 9.986345015930814251e-01 0.000000000000000000e+00 0.000000000000000000e+00 0.000000000000000000e+00
2.425000000000000000e+04 9.699734434577989006e-02 2.844788347746927612e-03 9.970414201183431802e-01 0.000000000000000000e+00 1.137915339098771066e-04 0.000000000000000000e+00
2.450000000000000000e+04 9.799731696790137114e-02 4.893035958124715423e-03 9.951069640418752638e-01 0.000000000000000000e+00 0.000000000000000000e+00 0.000000000000000000e+00
2.475000000000000000e+04 9.899728959002285222e-02 2.844788347746927612e-03 9.971552116522530707e-01 0.000000000000000000e+00 0.000000000000000000e+00 0.000000000000000000e+00
2.500000000000000000e+04 9.999726221214433330e-02 3.413746017296313308e-03 9.959035047792443862e-01 0.000000000000000000e+00 6.827492034592626399e-04 0.000000000000000000e+00
2.525000000000000000e+04 1.009972348342658144e-01 4.324078288575329727e-03 9.954483386436049352e-01 0.000000000000000000e+00 2.275830678197542133e-04 0.000000000000000000e+00
2.550000000000000000e+04 1.019972074563870734e-01 6.258534365043240920e-03 9.929449248975875664e-01 0.000000000000000000e+00 7.965407373691396923e-04 0.000000000000000000e+00
2.575000000000000000e+04 1.029971800785085545e-01 4.665452890304961318e-03 9.949931725079653733e-01 0.000000000000000000e+00 3.413746017296313199e-04 0.000000000000000000e+00
2.600000000000000000e+04 1.039971527006300356e-01 3.299954483386436255e-03 9.965862539827037292e-01 0.000000000000000000e+00 1.137915339098771066e-04 0.000000000000000000e+00
2.625000000000000000e+04 1.049971253227515167e-01 4.893035958124715423e-03 9.948793809740554828e-01 0.000000000000000000e+00 2.275830678197542133e-04 0.000000000000000000e+00
2.650000000000000000e+04 1.059970979448729977e-01 4.096495220755575623e-03 9.954483386436049352e-01 0.000000000000000000e+00 4.551661356395084266e-04 0.000000000000000000e+00
2.675000000000000000e+04 1.069970705669942568e-01 1.160673645880746542e-02 9.872553482020938187e-01 0.000000000000000000e+00 1.137915339098770958e-03 0.000000000000000000e+00
2.700000000000000000e+04 1.079970431891157379e-01 9.217114246700046018e-03 9.891898042785616241e-01 0.000000000000000000e+00 1.593081474738279385e-03 0.000000000000000000e+00
2.725000000000000000e+04 1.089970158112372189e-01 2.651342740100136666e-02 9.583522985889849632e-01 0.000000000000000000e+00 1.513427401001365448e-02 0.000000000000000000e+00
2.750000000000000000e+04 1.099969884333587000e-01 1.202776513427400995e-01 5.666818388711879484e-01 5.461993627674101119e-03 3.075785161583978189e-01 0.000000000000000000e+00
2.775000000000000000e+04 1.109969610554801811e-01 1.943559399180700975e-01 3.939462903959945472e-01 1.269913518434228616e-01 2.847064178425124936e-01 0.000000000000000000e+00
2.800000000000000000e+04 1.119969336776016622e-01 1.041192535275375503e-01 6.693218024578971859e-01 2.048247610377788019e-01 2.173418297678652786e-02 0.000000000000000000e+00
2.825000000000000000e+04 1.129969062997229212e-01 6.360946745562130744e-02 7.033454710969503365e-01 2.262175694128356895e-01 6.827492034592626616e-03 0.000000000000000000e+00
2.850000000000000000e+04 1.139968789218444023e-01 7.020937642239417908e-02 7.002730996813837372e-01 2.236003641329085134e-01 5.917159763313609329e-03 0.000000000000000000e+00
2.875000000000000000e+04 1.149968515439658834e-01 7.191624943104232837e-02 6.979972690031861493e-01 2.246244879380974169e-01 5.461993627674101119e-03 0.000000000000000000e+00
2.900000000000000000e+04 1.159968241660873645e-01 7.146108329540282189e-02 6.984524351388257113e-01 2.236003641329085134e-01 6.486117432862995025e-03 0.000000000000000000e+00
2.925000000000000000e+04 1.169967967882088455e-01 7.077833409194356218e-02 7.001593081474738467e-01 2.249658625398270329e-01 4.096495220755575623e-03 0.000000000000000000e+00
2.950000000000000000e+04 1.179967694103303266e-01 7.407828857532999800e-02 6.993627674101047242e-01 2.222348657259899940e-01 4.324078288575329727e-03 0.000000000000000000e+00
2.975000000000000000e+04 1.189967420324515857e-01 7.157487482931269851e-02 6.994765589440146147e-01 2.238279472007282667e-01 5.120619025944469528e-03 0.000000000000000000e+00
3.000000000000000000e+04 1.199967146545730667e-01 6.873008648156576916e-02 7.001593081474738467e-01 2.261037778789257990e-01 5.006827492034592909e-03 0.000000000000000000e+00
3.025000000000000000e+04 1.209966872766945478e-01 7.203004096495220498e-02 7.001593081474738467e-01 2.239417387346381294e-01 3.868912152935821518e-03 0.000000000000000000e+00
3.050000000000000000e+04 1.219966598988160289e-01 7.191624943104232837e-02 7.001593081474738467e-01 2.241693218024579104e-01 3.755120619025944465e-03 0.000000000000000000e+00
3.075000000000000000e+04 1.229966325209375100e-01 7.123350022758306865e-02 6.975421028675466983e-01 2.259899863450159363e-01 5.234410559854347014e-03 0.000000000000000000e+00
3.100000000000000000e+04 1.239966051430589911e-01 7.362312243969049153e-02 6.987938097405552718e-01 2.233727810650887602e-01 4.210286754665453109e-03 0.000000000000000000e+00
3.125000000000000000e+04 1.249965777651802501e-01 7.055075102412380894e-02 7.019799726900318726e-01 2.247382794720072796e-01 2.730996813837050560e-03 0.000000000000000000e+00
3.150000000000000000e+04 1.259965503873017312e-01 7.180245789713245175e-02 6.995903504779243942e-01 2.250796540737369233e-01 3.527537551206190360e-03 0.000000000000000000e+00
3.175000000000000000e+04 1.269965230094232123e-01 7.043695949021393232e-02 6.998179335457441752e-01 2.240555302685480199e-01 5.689576695493855224e-03 0.000000000000000000e+00
3.200000000000000000e+04 1.279964956315446933e-01 7.521620391442876419e-02 6.976558944014564778e-01 2.241693218024579104e-01 2.958579881656804664e-03 0.000000000000000000e+00
3.225000000000000000e+04 1.289964682536661744e-01 7.396449704142012138e-02 6.985662266727356018e-01 2.234865725989986229e-01 3.982703686845699004e-03 0.000000000000000000e+00
3.250000000000000000e+04 1.299964408757874335e-01 7.646791078743742087e-02 6.962903959945380139e-01 2.226900318616295005e-01 4.551661356395083832e-03 0.000000000000000000e+00
3.275000000000000000e+04 1.309964134979089145e-01 7.385070550751024476e-02 6.995903504779243942e-01 2.239417387346381294e-01 2.617205279927173507e-03 0.000000000000000000e+00
3.300000000000000000e+04 1.319963861200303956e-01 7.783340919435594030e-02 6.966317705962676854e-01 2.230314064633591165e-01 2.503413746017296455e-03 0.000000000000000000e+00
3.325000000000000000e+04 1.329963587421518767e-01 7.658170232134729749e-02 6.973145197997269173e-01 2.242831133363677731e-01 1.820664542558033706e-03 0.000000000000000000e+00
3.350000000000000000e+04 1.339963313642733578e-01 7.908511606736458310e-02 6.957214383249886724e-01 2.230314064633591165e-01 2.162039144287664864e-03 0.000000000000000000e+00
3.375000000000000000e+04 1.349963039863948389e-01 7.999544833864360993e-02 6.966317705962676854e-01 2.218934911242603503e-01 1.479289940828402332e-03 0.000000000000000000e+00
3.400000000000000000e+04 1.359962766085160979e-01 7.965407373691398007e-02 6.966317705962676854e-01 2.222348657259899940e-01 1.479289940828402332e-03 0.000000000000000000e+00
3.425000000000000000e+04 1.369962492306375790e-01 8.340919435593992237e-02 6.942421483841602070e-01 2.195038689121529274e-01 2.844788347746927612e-03 0.000000000000000000e+00
3.450000000000000000e+04 1.379962218527590601e-01 8.443331816112881194e-02 6.942421483841602070e-01 2.191624943104233114e-01 2.162039144287664864e-03 0.000000000000000000e+00
3.475000000000000000e+04 1.389961944748805411e-01 8.909877105143376719e-02 6.926490669094219621e-01 2.156349567592171224e-01 2.617205279927173507e-03 0.000000000000000000e+00
3.500000000000000000e+04 1.399961670970020222e-01 8.739189804278561791e-02 6.942421483841602070e-01 2.159763313609467383e-01 2.389622212107419402e-03 0.000000000000000000e+00
3.525000000000000000e+04 1.409961397191235033e-01 1.017296313154301274e-01 6.871870732817478844e-01 2.090350477924442507e-01 2.048247610377787811e-03 0.000000000000000000e+00
3.550000000000000000e+04 1.419961123412447623e-01 1.161811561219845274e-01 6.671597633136094885e-01 2.118798361401911801e-01 4.779244424214838804e-03 0.000000000000000000e+00
3.575000000000000000e+04 1.429960849633662434e-01 1.690942193900773771e-01 6.168639053254437732e-01 2.036868456986800080e-01 1.035502958579881741e-02 0.000000000000000000e+00
3.600000000000000000e+04 1.439960575854877245e-01 1.640873918980427781e-01 6.746700045516613731e-01 1.498634501593081592e-01 1.137915339098771045e-02 0.000000000000000000e+00
3.625000000000000000e+04 1.449960302076092056e-01 1.301775147928994070e-01 7.157487482931269573e-01 1.436049157942649035e-01 1.046882111970869403e-02 0.000000000000000000e+00
3.650000000000000000e+04 1.459960028297306867e-01 1.133363677742375980e-01 7.263313609467455523e-01 1.455393718707328199e-01 1.479289940828402289e-02 0.000000000000000000e+00
3.675000000000000000e+04 1.469959754518521677e-01 1.074192080109239861e-01 7.335002275830677654e-01 1.472462448793809831e-01 1.183431952662721866e-02 0.000000000000000000e+00
3.700000000000000000e+04 1.479959480739734268e-01 1.140191169776968577e-01 7.292899408284023721e-01 1.453117888029130667e-01 1.137915339098771045e-02 0.000000000000000000e+00
3.725000000000000000e+04 1.489959206960949079e-01 1.127674101046882149e-01 7.283796085571233592e-01 1.472462448793809831e-01 1.160673645880746542e-02 0.000000000000000000e+00
3.750000000000000000e+04 1.499958933182163889e-01 1.073054164770141095e-01 7.322485207100591920e-01 1.479289940828402428e-01 1.251706873008648184e-02 0.000000000000000000e+00
3.775000000000000000e+04 1.509958659403378700e-01 1.079881656804733692e-01 7.299726900318616041e-01 1.466772872098315861e-01 1.536185707783340945e-02 0.000000000000000000e+00
3.800000000000000000e+04 1.519958385624593511e-01 1.143604915794264876e-01 7.303140646335912756e-01 1.445152480655439164e-01 1.081019572143832562e-02 0.000000000000000000e+00
3.825000000000000000e+04 1.529958111845806101e-01 1.061675011379153433e-01 7.542102867546655043e-01 1.291533909877105035e-01 1.046882111970869403e-02 0.000000000000000000e+00
3.850000000000000000e+04 1.539957838067020912e-01 1.024123805188894010e-01 7.628584433318160718e-01 1.234638142922166587e-01 1.126536185707783383e-02 0.000000000000000000e+00
3.875000000000000000e+04 1.549957564288235723e-01 1.137915339098771045e-01 7.558033682294037492e-01 1.220983158852981393e-01 8.306781975421027864e-03 0.000000000000000000e+00
3.900000000000000000e+04 1.559957290509450534e-01 1.068502503413746030e-01 7.543240782885752838e-01 1.273327264451524776e-01 1.149294492489758707e-02 0.000000000000000000e+00
3.925000000000000000e+04 1.569957016730665345e-01 1.075329995448338627e-01 7.535275375512061613e-01 1.292671825216203940e-01 9.672280382339554228e-03 0.000000000000000000e+00
3.950000000000000000e+04 1.579956742951880155e-01 1.027537551206190308e-01 7.548930359581247362e-01 1.307464724624488039e-01 1.160673645880746542e-02 0.000000000000000000e+00
3.975000000000000000e+04 1.589956469173092746e-01 1.058261265361857134e-01 7.511379153390987939e-01 1.297223486572599005e-01 1.331360946745562164e-02 0.000000000000000000e+00
4.000000000000000000e+04 1.599956195394307557e-01 1.048020027309968100e-01 7.502275830678197810e-01 1.337050523441055960e-01 1.126536185707783383e-02 0.000000000000000000e+00
4.025000000000000000e+04 1.609955921615522367e-01 1.038916704597177970e-01 7.528447883477469293e-01 1.305188893946290507e-01 1.274465179790623508e-02 0.000000000000000000e+00
4.050000000000000000e+04 1.619955647836737178e-01 1.070778334091943562e-01 7.520482476103778069e-01 1.298361401911697632e-01 1.103777878925807886e-02 0.000000000000000000e+00
4.075000000000000000e+04 1.629955374057951989e-01 1.068502503413746030e-01 7.481793354574419741e-01 1.343878015475648557e-01 1.058261265361857065e-02 0.000000000000000000e+00
4.100000000000000000e+04 1.639955100279166800e-01 9.945380063723259501e-02 7.614929449248976079e-01 1.279016841147018746e-01 1.115157032316795548e-02 0.000000000000000000e+00
4.125000000000000000e+04 1.649954826500379390e-01 1.000227583067819781e-01 7.633136094674556338e-01 1.280154756486117373e-01 8.648156577150659455e-03 0.000000000000000000e+00
4.150000000000000000e+04 1.659954552721594201e-01 9.934000910332271839e-02 7.634274010013655243e-01 1.234638142922166587e-01 1.376877560309512985e-02 0.000000000000000000e+00
4.175000000000000000e+04 1.669954278942809012e-01 9.808830223031406170e-02 7.707100591715976279e-01 1.206190259444697294e-01 1.058261265361857065e-02 0.000000000000000000e+00
4.200000000000000000e+04 1.679954005164023823e-01 9.387801547564861293e-02 7.666135639508420141e-01 1.290395994538006408e-01 1.046882111970869403e-02 0.000000000000000000e+00
4.225000000000000000e+04 1.689953731385238633e-01 9.763313609467455523e-02 7.695721438324988339e-01 1.240327719617660418e-01 8.761948111060537808e-03 0.000000000000000000e+00
4.250000000000000000e+04 1.699953457606453444e-01 9.319526627218935322e-02 7.719617660446063123e-01 1.252844788347746985e-01 9.558488848429677609e-03 0.000000000000000000e+00
4.275000000000000000e+04 1.709953183827666034e-01 9.057806099226217711e-02 7.699135184342285054e-01 1.301775147928994070e-01 9.330905780609922637e-03 0.000000000000000000e+00
4.300000000000000000e+04 1.719952910048880845e-01 9.342284934000910646e-02 7.736686390532544477e-01 1.228948566226672756e-01 1.001365498406918582e-02 0.000000000000000000e+00
4.325000000000000000e+04 1.729952636270095656e-01 9.069185252617205373e-02 7.750341374601729116e-01 1.260810195721438209e-01 8.192990441511151245e-03 0.000000000000000000e+00
4.350000000000000000e+04 1.739952362491310467e-01 9.433318161128811941e-02 7.726445152480655443e-01 1.259672280382339582e-01 7.055075102412380721e-03 0.000000000000000000e+00
4.375000000000000000e+04 1.749952088712525278e-01 9.000910332271279402e-02 7.744651797906235702e-01 1.265361857077833274e-01 8.989531178880291046e-03 0.000000000000000000e+00
4.400000000000000000e+04 1.759951814933740089e-01 9.148839326354119006e-02 7.727583067819754348e-01 1.265361857077833274e-01 9.217114246700046018e-03 0.000000000000000000e+00
4.425000000000000000e+04 1.769951541154952679e-01 9.171597633136094330e-02 7.734410559854346667e-01 1.265361857077833274e-01 8.306781975421027864e-03 0.000000000000000000e+00
4.450000000000000000e+04 1.779951267376167490e-01 9.091943559399180697e-02 7.723031406463358728e-01 1.253982703686845612e-01 1.137915339098771045e-02 0.000000000000000000e+00
4.475000000000000000e+04 1.789950993597382300e-01 9.456076467910787264e-02 7.700273099681383959e-01 1.269913518434228616e-01 8.420573509330906217e-03 0.000000000000000000e+00
4.500000000000000000e+04 1.799950719818597111e-01 9.137460172963131344e-02 7.724169321802457633e-01 1.273327264451524776e-01 8.875739644970414427e-03 0.000000000000000000e+00
4.525000000000000000e+04 1.809950446039811922e-01 9.296768320436959998e-02 7.708238507055075184e-01 1.285844333181611343e-01 7.624032771961766417e-03 0.000000000000000000e+00
4.550000000000000000e+04 1.819950172261024512e-01 9.274010013654984674e-02 7.667273554847519046e-01 1.312016385980883104e-01 9.330905780609922637e-03 0.000000000000000000e+00
4.575000000000000000e+04 1.829949898482239323e-01 9.057806099226217711e-02 7.670687300864815761e-01 1.329085116067364458e-01 9.444697314519799256e-03 0.000000000000000000e+00
4.600000000000000000e+04 1.839949624703454134e-01 9.114701866181156020e-02 7.683204369594902605e-01 1.290395994538006408e-01 1.149294492489758707e-02 0.000000000000000000e+00
4.625000000000000000e+04 1.849949350924668945e-01 9.558488848429676221e-02 7.667273554847519046e-01 1.280154756486117373e-01 9.672280382339554228e-03 0.000000000000000000e+00
4.650000000000000000e+04 1.859949077145883756e-01 9.353664087391898307e-02 7.646791078743740977e-01 1.315430131998179264e-01 1.024123805188893906e-02 0.000000000000000000e+00
4.675000000000000000e+04 1.869948803367098566e-01 9.512972234865725574e-02 7.629722348657259623e-01 1.330223031406463363e-01 8.875739644970414427e-03 0.000000000000000000e+00
4.700000000000000000e+04 1.879948529588311157e-01 9.524351388256713236e-02 7.652480655439235502e-01 1.302913063268092975e-01 9.217114246700046018e-03 0.000000000000000000e+00
4.725000000000000000e+04 1.889948255809525968e-01 9.182976786527081992e-02 7.649066909421938787e-01 1.315430131998179264e-01 1.172052799271734204e-02 0.000000000000000000e+00
4.750000000000000000e+04 1.899947982030740778e-01 9.353664087391898307e-02 7.645653163404643182e-01 1.307464724624488039e-01 1.115157032316795548e-02 0.000000000000000000e+00
4.775000000000000000e+04 1.909947708251955589e-01 9.751934456076467861e-02 7.584205735093308975e-01 1.325671370050068298e-01 1.149294492489758707e-02 0.000000000000000000e+00
4.800000000000000000e+04 1.919947434473170400e-01 9.786071916249430847e-02 7.597860719162494725e-01 1.305188893946290507e-01 1.183431952662721866e-02 0.000000000000000000e+00
4.825000000000000000e+04 1.929947160694385211e-01 9.478834774692762588e-02 7.618343195266271684e-01 1.315430131998179264e-01 1.183431952662721866e-02 0.000000000000000000e+00
4.850000000000000000e+04 1.939946886915597801e-01 9.592626308602640595e-02 7.622894856622667303e-01 1.332498862084660896e-01 8.534365043240782836e-03 0.000000000000000000e+00
4.875000000000000000e+04 1.949946613136812612e-01 9.751934456076467861e-02 7.643377332726445372e-01 1.283568502503413811e-01 9.786071916249430847e-03 0.000000000000000000e+00
4.900000000000000000e+04 1.959946339358027423e-01 1.061675011379153433e-01 7.401001365498406370e-01 1.458807464724624359e-01 7.851615839781519654e-03 0.000000000000000000e+00
4.925000000000000000e+04 1.969946065579242234e-01 1.133363677742375980e-01 7.518206645425580259e-01 1.250568957669549452e-01 9.786071916249430847e-03 0.000000000000000000e+00
4.950000000000000000e+04 1.979945791800457044e-01 1.109467455621301751e-01 7.363450159308146947e-01 1.430359581247155343e-01 9.672280382339554228e-03 0.000000000000000000e+00
4.975000000000000000e+04 1.989945518021671855e-01 1.181156121984524299e-01 7.180245789713245452e-01 1.511151570323167881e-01 1.274465179790623508e-02 0.000000000000000000e+00
5.000000000000000000e+04 1.999945244242884446e-01 1.194811106053709632e-01 7.164314974965863003e-01 1.517979062357760478e-01 1.228948566226672687e-02 0.000000000000000000e+00
5.025000000000000000e+04 2.009944970464099256e-01 1.187983614019117035e-01 7.200728265817023521e-01 1.516841147018661851e-01 9.444697314519799256e-03 0.000000000000000000e+00
5.050000000000000000e+04 2.019944696685314067e-01 1.240327719617660418e-01 7.224624487938097195e-01 1.447428311333636697e-01 8.761948111060537808e-03 0.000000000000000000e+00
5.075000000000000000e+04 2.029944422906528878e-01 1.202776513427400995e-01 7.265589440145653333e-01 1.426945835229858905e-01 1.046882111970869403e-02 0.000000000000000000e+00
5.100000000000000000e+04 2.039944149127743689e-01 1.190259444697314567e-01 7.233727810650887324e-01 1.466772872098315861e-01 1.092398725534820224e-02 0.000000000000000000e+00
5.125000000000000000e+04 2.049943875348956279e-01 1.205052344105598527e-01 7.164314974965863003e-01 1.561219845243513871e-01 6.941283568502503235e-03 0.000000000000000000e+00
5.150000000000000000e+04 2.059943601570171090e-01 1.199362767410104696e-01 7.102867546654528796e-01 1.620391442876649990e-01 7.737824305871643035e-03 0.000000000000000000e+00
5.175000000000000000e+04 2.069943327791385901e-01 1.154984069185252676e-01 7.146108329540282744e-01 1.615839781520254925e-01 8.306781975421027864e-03 0.000000000000000000e+00
5.200000000000000000e+04 2.079943054012600712e-01 1.141329085116067343e-01 7.222348657259899385e-01 1.566909421939007840e-01 6.941283568502503235e-03 0.000000000000000000e+00
5.225000000000000000e+04 2.089942780233815522e-01 1.083295402822029990e-01 7.342967683204369989e-01 1.479289940828402428e-01 9.444697314519799256e-03 0.000000000000000000e+00
5.250000000000000000e+04 2.099942506455030333e-01 1.132225762403277214e-01 7.341829767865271084e-01 1.461083295402822169e-01 6.486117432862995025e-03 0.000000000000000000e+00
5.275000000000000000e+04 2.109942232676242924e-01 1.103777878925807920e-01 7.292899408284023721e-01 1.514565316340464318e-01 8.875739644970414427e-03 0.000000000000000000e+00
5.300000000000000000e+04 2.119941958897457734e-01 1.099226217569412856e-01 7.272416932180245652e-01 1.545289030496131144e-01 8.306781975421027864e-03 0.000000000000000000e+00
5.325000000000000000e+04 2.129941685118672545e-01 1.099226217569412856e-01 7.296313154301320436e-01 1.529358215748748417e-01 7.510241238051888930e-03 0.000000000000000000e+00
5.350000000000000000e+04 2.139941411339887356e-01 1.119708693673190647e-01 7.292899408284023721e-01 1.503186162949476656e-01 8.420573509330906217e-03 0.000000000000000000e+00
5.375000000000000000e+04 2.149941137561102167e-01 1.124260355029585851e-01 7.279244424214837972e-01 1.500910332271279124e-01 9.558488848429677609e-03 0.000000000000000000e+00
5.400000000000000000e+04 2.159940863782316978e-01 1.115157032316795582e-01 7.295175238962221531e-01 1.523668639053254448e-01 6.599908966772872511e-03 0.000000000000000000e+00
5.425000000000000000e+04 2.169940590003529568e-01 1.102639963586709154e-01 7.284934000910332497e-01 1.532771961766044577e-01 7.965407373691398007e-03 0.000000000000000000e+00
5.450000000000000000e+04 2.179940316224744379e-01 1.125398270368684617e-01 7.263313609467455523e-01 1.545289030496131144e-01 6.599908966772872511e-03 0.000000000000000000e+00
5.475000000000000000e+04 2.189940042445959190e-01 1.125398270368684617e-01 7.259899863450158808e-01 1.528220300409649512e-01 8.648156577150659455e-03 0.000000000000000000e+00
5.500000000000000000e+04 2.199939768667174000e-01 1.087847064178425194e-01 7.215521165225307065e-01 1.606736458807464796e-01 8.989531178880291046e-03 0.000000000000000000e+00
5.525000000000000000e+04 2.209939494888388811e-01 1.075329995448338627e-01 7.311106053709603980e-01 1.539599453800637174e-01 7.396449704142011444e-03 0.000000000000000000e+00
5.550000000000000000e+04 2.219939221109603622e-01 1.083295402822029990e-01 7.290623577605825911e-01 1.527082385070550885e-01 9.899863450159307465e-03 0.000000000000000000e+00
5.575000000000000000e+04 2.229938947330816212e-01 1.058261265361857134e-01 7.401001365498406370e-01 1.434911242603550408e-01 1.058261265361857065e-02 0.000000000000000000e+00
5.600000000000000000e+04 2.239938673552031023e-01 1.019572143832498806e-01 7.493172507965407680e-01 1.384842967683204418e-01 1.024123805188893906e-02 0.000000000000000000e+00
5.625000000000000000e+04 2.249938399773245834e-01 1.003641329085116080e-01 7.563723258989530907e-01 1.338188438780154865e-01 9.444697314519799256e-03 0.000000000000000000e+00
5.650000000000000000e+04 2.259938125994460645e-01 1.024123805188894010e-01 7.487482931269913156e-01 1.371187983614019223e-01 1.172052799271734204e-02 0.000000000000000000e+00
5.675000000000000000e+04 2.269937852215675456e-01 1.016158397815202508e-01 7.495448338643604380e-01 1.358670914883932657e-01 1.297223486572599005e-02 0.000000000000000000e+00
