# itime ezz other fcc hcp bcc ico
0.000000000000000000e+00 0.000000000000000000e+00 0.000000000000000000e+00 1.000000000000000000e+00 0.000000000000000000e+00 0.000000000000000000e+00 0.000000000000000000e+00
2.500000000000000000e+03 1.000005859183916712e-02 0.000000000000000000e+00 1.000000000000000000e+00 0.000000000000000000e+00 0.000000000000000000e+00 0.000000000000000000e+00
5.000000000000000000e+03 2.000011718367855629e-02 0.000000000000000000e+00 1.000000000000000000e+00 0.000000000000000000e+00 0.000000000000000000e+00 0.000000000000000000e+00
7.500000000000000000e+03 3.000017577551772341e-02 0.000000000000000000e+00 1.000000000000000000e+00 0.000000000000000000e+00 0.000000000000000000e+00 0.000000000000000000e+00
1.000000000000000000e+04 4.000023436735711257e-02 0.000000000000000000e+00 1.000000000000000000e+00 0.000000000000000000e+00 0.000000000000000000e+00 0.000000000000000000e+00
1.250000000000000000e+04 5.000029295919627970e-02 0.000000000000000000e+00 1.000000000000000000e+00 0.000000000000000000e+00 0.000000000000000000e+00 0.000000000000000000e+00
1.500000000000000000e+04 6.000035155103566886e-02 0.000000000000000000e+00 1.000000000000000000e+00 0.000000000000000000e+00 0.000000000000000000e+00 0.000000000000000000e+00
1.750000000000000000e+04 7.000041014287483598e-02 0.000000000000000000e+00 1.000000000000000000e+00 0.000000000000000000e+00 0.000000000000000000e+00 0.000000000000000000e+00
2.000000000000000000e+04 8.000046873471422515e-02 5.689576695493854790e-04 9.994310423304506585e-01 0.000000000000000000e+00 0.000000000000000000e+00 0.000000000000000000e+00
2.250000000000000000e+04 9.000052732655339227e-02 1.024123805188893906e-03 9.989758761948110966e-01 0.000000000000000000e+00 0.000000000000000000e+00 0.000000000000000000e+00
2.500000000000000000e+04 1.000005859183925594e-01 3.527537551206190360e-03 9.963586709148839482e-01 0.000000000000000000e+00 1.137915339098771066e-04 0.000000000000000000e+00
2.750000000000000000e+04 1.100006445102319486e-01 7.954028220300408958e-02 7.490896677287209870e-01 0.000000000000000000e+00 1.713700500682749095e-01 0.000000000000000000e+00
3.000000000000000000e+04 1.200007031020711157e-01 2.309968138370505075e-02 8.279472007282657753e-01 1.489531178880291185e-01 0.000000000000000000e+00 0.000000000000000000e+00
3.250000000000000000e+04 1.300007616939105048e-01 2.309968138370505075e-02 8.279472007282657753e-01 1.489531178880291185e-01 0.000000000000000000e+00 0.000000000000000000e+00
3.500000000000000000e+04 1.400008202857496720e-01 2.309968138370505075e-02 8.279472007282657753e-01 1.489531178880291185e-01 0.000000000000000000e+00 0.000000000000000000e+00
3.750000000000000000e+04 1.500008788775890611e-01 2.321347291761493084e-02 8.278334091943558848e-01 1.489531178880291185e-01 0.000000000000000000e+00 0.000000000000000000e+00
4.000000000000000000e+04 1.600009374694282283e-01 2.309968138370505075e-02 8.279472007282657753e-01 1.489531178880291185e-01 0.000000000000000000e+00 0.000000000000000000e+00
4.250000000000000000e+04 1.700009960612676174e-01 2.332726445152480746e-02 8.278334091943558848e-01 1.488393263541192557e-01 0.000000000000000000e+00 0.000000000000000000e+00
4.500000000000000000e+04 1.800010546531067845e-01 2.366863905325443732e-02 8.274920345926263243e-01 1.488393263541192557e-01 0.000000000000000000e+00 0.000000000000000000e+00
4.750000000000000000e+04 1.900011132449459517e-01 2.480655439235321044e-02 8.261265361857077494e-01 1.489531178880291185e-01 1.137915339098771066e-04 0.000000000000000000e+00
5.000000000000000000e+04 2.000011718367853408e-01 2.947200728265816916e-02 8.215748748293126846e-01 1.479289940828402428e-01 1.024123805188893906e-03 0.000000000000000000e+00
5.250000000000000000e+04 2.100012304286245080e-01 8.557123350022757813e-02 7.374829312699134887e-01 1.753527537551206328e-01 1.593081474738279385e-03 0.000000000000000000e+00
5.500000000000000000e+04 2.200012890204638971e-01 8.284023668639053928e-02 7.435138825671370189e-01 1.717114246700045532e-01 1.934456076467910759e-03 0.000000000000000000e+00
5.750000000000000000e+04 2.300013476123030642e-01 8.192990441511151245e-02 7.468138370505233992e-01 1.689804278561675144e-01 2.275830678197541916e-03 0.000000000000000000e+00
6.000000000000000000e+04 2.400014062041424534e-01 8.352298588984979899e-02 7.494310423304506585e-01 1.654528903049612976e-01 1.593081474738279385e-03 0.000000000000000000e+00
6.250000000000000000e+04 2.500014647959816205e-01 9.103322712790168358e-02 7.399863450159308575e-01 1.672735548475193512e-01 1.706873008648156654e-03 0.000000000000000000e+00
6.500000000000000000e+04 2.600015233878210097e-01 8.636777423759672834e-02 7.506827492034592320e-01 1.606736458807464796e-01 2.275830678197541916e-03 0.000000000000000000e+00
6.750000000000000000e+04 2.700015819796601768e-01 8.693673190714611143e-02 7.545516613563950648e-01 1.570323167956304000e-01 1.479289940828402332e-03 0.000000000000000000e+00
7.000000000000000000e+04 2.800016405714993439e-01 8.659535730541648157e-02 7.586481565771506785e-01 1.538461538461538547e-01 9.103322712790168532e-04 0.000000000000000000e+00
7.250000000000000000e+04 2.900016991633387331e-01 8.648156577150660496e-02 7.647928994082839882e-01 1.473600364132908458e-01 1.365498406918525280e-03 0.000000000000000000e+00
7.500000000000000000e+04 3.000017577551779002e-01 1.000227583067819781e-01 7.363450159308146947e-01 1.618115612198452458e-01 1.820664542558033706e-03 0.000000000000000000e+00
7.750000000000000000e+04 3.100018163470172894e-01 1.020710059171597572e-01 7.303140646335912756e-01 1.659080564406008318e-01 1.706873008648156654e-03 0.000000000000000000e+00
8.000000000000000000e+04 3.200018749388564565e-01 1.330223031406463363e-01 6.489531178880291185e-01 2.147246244879381094e-01 3.299954483386436255e-03 0.000000000000000000e+00
8.250000000000000000e+04 3.300019335306958457e-01 1.228948566226672756e-01 6.808147473827946827e-01 1.921939007737824279e-01 4.096495220755575623e-03 0.000000000000000000e+00
8.500000000000000000e+04 3.400019921225350128e-01 1.066226672735548497e-01 7.142694583522986029e-01 1.769458352298589054e-01 2.162039144287664864e-03 0.000000000000000000e+00
8.750000000000000000e+04 3.500020507143744020e-01 1.015020482476103741e-01 7.203004096495220221e-01 1.754665452890304955e-01 2.730996813837050560e-03 0.000000000000000000e+00
9.000000000000000000e+04 3.600021093062135691e-01 1.016158397815202508e-01 7.203004096495220221e-01 1.763768775603095085e-01 1.706873008648156654e-03 0.000000000000000000e+00
9.250000000000000000e+04 3.700021678980527362e-01 1.027537551206190308e-01 7.177969959035047642e-01 1.771734182976786587e-01 2.275830678197541916e-03 0.000000000000000000e+00
9.500000000000000000e+04 3.800022264898921254e-01 1.050295857988165632e-01 7.150659990896677254e-01 1.767182521620391522e-01 3.186162949476558769e-03 0.000000000000000000e+00
9.750000000000000000e+04 3.900022850817315145e-01 1.228948566226672756e-01 6.967455621301774649e-01 1.734182976786527164e-01 6.941283568502503235e-03 0.000000000000000000e+00
1.000000000000000000e+05 4.000023436735706817e-01 1.428083750568957533e-01 6.784251251706873154e-01 1.714838416021848000e-01 7.282658170232134826e-03 0.000000000000000000e+00
1.025000000000000000e+05 4.100024022654096267e-01 1.451979972690031762e-01 6.539599453800637452e-01 1.937869822485207005e-01 7.055075102412380721e-03 0.000000000000000000e+00
1.050000000000000000e+05 4.200024608572492379e-01 1.539599453800637174e-01 6.471324533454710926e-01 1.915111515703231682e-01 7.396449704142011444e-03 0.000000000000000000e+00
1.075000000000000000e+05 4.300025194490886271e-01 1.536185707783341015e-01 6.515703231679562668e-01 1.844560764679107900e-01 1.035502958579881741e-02 0.000000000000000000e+00
1.100000000000000000e+05 4.400025780409277942e-01 1.616977696859353553e-01 6.539599453800637452e-01 1.785389167045971781e-01 5.803368229403732710e-03 0.000000000000000000e+00
1.125000000000000000e+05 4.500026366327667393e-01 1.627218934911242587e-01 6.659080564406008040e-01 1.667045971779699542e-01 4.665452890304961318e-03 0.000000000000000000e+00
1.150000000000000000e+05 4.600026952246061285e-01 1.657942649066909413e-01 6.640873918980427781e-01 1.653390987710514348e-01 4.779244424214838804e-03 0.000000000000000000e+00
1.175000000000000000e+05 4.700027538164457397e-01 1.624943104233045055e-01 7.011834319526627501e-01 1.337050523441055960e-01 2.617205279927173507e-03 0.000000000000000000e+00
1.200000000000000000e+05 4.800028124082846848e-01 1.596495220755575761e-01 6.891215293582158008e-01 1.480427856167501055e-01 3.186162949476558769e-03 0.000000000000000000e+00
1.225000000000000000e+05 4.900028710001238519e-01 1.636322257624032717e-01 6.873008648156576639e-01 1.466772872098315861e-01 2.389622212107419402e-03 0.000000000000000000e+00
1.250000000000000000e+05 5.000029295919632411e-01 1.643149749658625314e-01 6.769458352298588499e-01 1.539599453800637174e-01 4.779244424214838804e-03 0.000000000000000000e+00
1.275000000000000000e+05 5.100029881838026302e-01 1.708010923987255403e-01 6.572598998634501255e-01 1.672735548475193512e-01 4.665452890304961318e-03 0.000000000000000000e+00
1.300000000000000000e+05 5.200030467756417973e-01 1.734182976786527164e-01 6.479289940828402150e-01 1.733045061447428259e-01 5.348202093764223633e-03 0.000000000000000000e+00
1.325000000000000000e+05 5.300031053674809645e-01 1.925352753755120716e-01 5.908056440600819581e-01 2.096040054619936199e-01 7.055075102412380721e-03 0.000000000000000000e+00
1.350000000000000000e+05 5.400031639593203536e-01 1.726217569412835662e-01 6.345015930814746907e-01 1.887801547564861293e-01 4.096495220755575623e-03 0.000000000000000000e+00
1.375000000000000000e+05 5.500032225511597428e-01 1.770596267637687682e-01 6.312016385980883104e-01 1.871870732817478289e-01 4.551661356395083832e-03 0.000000000000000000e+00
1.400000000000000000e+05 5.600032811429989099e-01 1.819526627218935044e-01 6.269913518434228061e-01 1.887801547564861293e-01 2.275830678197541916e-03 0.000000000000000000e+00
1.425000000000000000e+05 5.700033397348380770e-01 1.783113336367774249e-01 6.296085571233500655e-01 1.898042785616750050e-01 2.275830678197541916e-03 0.000000000000000000e+00
1.450000000000000000e+05 5.800033983266774662e-01 1.811561219845243542e-01 6.279016841147018191e-01 1.891215293582157453e-01 1.820664542558033706e-03 0.000000000000000000e+00
1.475000000000000000e+05 5.900034569185168554e-01 1.804733727810650945e-01 6.807009558488847922e-01 1.323395539371870766e-01 6.486117432862995025e-03 0.000000000000000000e+00
1.500000000000000000e+05 6.000035155103560225e-01 1.859353664087392000e-01 6.779699590350477534e-01 1.317705962676376796e-01 4.324078288575329727e-03 0.000000000000000000e+00
1.525000000000000000e+05 6.100035741021949676e-01 1.873008648156577194e-01 6.865043240782885414e-01 1.222121074192080159e-01 3.982703686845699004e-03 0.000000000000000000e+00
1.550000000000000000e+05 6.200036326940345788e-01 1.919663177059626746e-01 7.249658625398270884e-01 7.817478379608557015e-02 4.893035958124715423e-03 0.000000000000000000e+00
1.575000000000000000e+05 6.300036912858739679e-01 1.954938552571688637e-01 7.276968593536641272e-01 6.907146108329539902e-02 7.737824305871643035e-03 0.000000000000000000e+00
1.600000000000000000e+05 6.400037498777129130e-01 1.952662721893491105e-01 6.994765589440146147e-01 9.615384615384615918e-02 9.103322712790167665e-03 0.000000000000000000e+00
1.625000000000000000e+05 6.500038084695520801e-01 1.982248520710059303e-01 6.950386891215293295e-01 1.012744651797906209e-01 5.461993627674101119e-03 0.000000000000000000e+00
1.650000000000000000e+05 6.600038670613914693e-01 1.986800182066454368e-01 6.862767410104688715e-01 1.084433318161128756e-01 6.599908966772872511e-03 0.000000000000000000e+00
1.675000000000000000e+05 6.700039256532308585e-01 2.002730996813837094e-01 6.784251251706873154e-01 1.144742831133363642e-01 6.827492034592626616e-03 0.000000000000000000e+00
1.700000000000000000e+05 6.800039842450700256e-01 1.945835229858898507e-01 6.894629039599453613e-01 1.109467455621301751e-01 5.006827492034592909e-03 0.000000000000000000e+00
1.725000000000000000e+05 6.900040428369094148e-01 1.975421028675466428e-01 6.827492034592625991e-01 1.140191169776968577e-01 5.689576695493855224e-03 0.000000000000000000e+00
1.750000000000000000e+05 7.000041014287485819e-01 1.877560309512972259e-01 7.188211197086936677e-01 8.750568957669549452e-02 5.917159763313609329e-03 0.000000000000000000e+00
1.775000000000000000e+05 7.100041600205879710e-01 1.890077378243058825e-01 7.461310878470641672e-01 6.030951297223486468e-02 4.551661356395083832e-03 0.000000000000000000e+00
1.800000000000000000e+05 7.200042186124271382e-01 1.838871187983613931e-01 7.668411470186617951e-01 4.551661356395084179e-02 3.755120619025944465e-03 0.000000000000000000e+00
1.825000000000000000e+05 7.300042772042663053e-01 1.830905780609922706e-01 7.639963586709148657e-01 4.802002730996814128e-02 4.893035958124715423e-03 0.000000000000000000e+00
1.850000000000000000e+05 7.400043357961056945e-01 1.635184342284934089e-01 8.245334547109695045e-01 1.126536185707783383e-02 6.827492034592626399e-04 0.000000000000000000e+00
1.875000000000000000e+05 7.500043943879450836e-01 1.459945380063723264e-01 8.483158852981338427e-01 5.689576695493855224e-03 0.000000000000000000e+00 0.000000000000000000e+00
1.900000000000000000e+05 7.600044529797842507e-01 1.458807464724624359e-01 8.483158852981338427e-01 5.689576695493855224e-03 1.137915339098771066e-04 0.000000000000000000e+00
1.925000000000000000e+05 7.700045115716231958e-01 1.463359126081019701e-01 8.479745106964041712e-01 5.461993627674101119e-03 2.275830678197542133e-04 0.000000000000000000e+00
1.950000000000000000e+05 7.800045701634628070e-01 1.463359126081019701e-01 8.478607191624942807e-01 5.575785161583977738e-03 2.275830678197542133e-04 0.000000000000000000e+00
1.975000000000000000e+05 7.900046287553021962e-01 1.471324533454710926e-01 8.476331360946746107e-01 5.234410559854347014e-03 0.000000000000000000e+00 0.000000000000000000e+00
2.000000000000000000e+05 8.000046873471411413e-01 1.473600364132908458e-01 8.464952207555758168e-01 6.144742831133363434e-03 0.000000000000000000e+00 0.000000000000000000e+00
2.025000000000000000e+05 8.100047459389803084e-01 1.511151570323167881e-01 8.436504324078288874e-01 4.893035958124715423e-03 3.413746017296313199e-04 0.000000000000000000e+00
2.050000000000000000e+05 8.200048045308196976e-01 1.701183431952662806e-01 6.024123805188893455e-01 2.261037778789257990e-01 1.365498406918525280e-03 0.000000000000000000e+00
2.075000000000000000e+05 8.300048631226593088e-01 1.701183431952662806e-01 5.619025944469731026e-01 2.655894401456531662e-01 2.389622212107419402e-03 0.000000000000000000e+00
2.100000000000000000e+05 8.400049217144982538e-01 1.685252617205279801e-01 5.615612198452435422e-01 2.668411470186617951e-01 3.072371415566681717e-03 0.000000000000000000e+00
2.125000000000000000e+05 8.500049803063374210e-01 1.770596267637687682e-01 6.375739644970414011e-01 1.840009103322712836e-01 1.365498406918525280e-03 0.000000000000000000e+00
2.150000000000000000e+05 8.600050388981768101e-01 1.751251706873008518e-01 6.405325443786982209e-01 1.828629949931725174e-01 1.479289940828402332e-03 0.000000000000000000e+00
2.175000000000000000e+05 8.700050974900161993e-01 1.746700045516613453e-01 6.442876649977241632e-01 1.789940828402366846e-01 2.048247610377787811e-03 0.000000000000000000e+00
2.200000000000000000e+05 8.800051560818553664e-01 1.751251706873008518e-01 6.440600819299043822e-01 1.794492489758761911e-01 1.365498406918525280e-03 0.000000000000000000e+00
2.225000000000000000e+05 8.900052146736945335e-01 1.783113336367774249e-01 6.408739189804278924e-01 1.785389167045971781e-01 2.275830678197541916e-03 0.000000000000000000e+00
2.250000000000000000e+05 9.000052732655339227e-01 1.745562130177514826e-01 7.402139280837505275e-01 8.409194355939918208e-02 1.137915339098770958e-03 0.000000000000000000e+00
2.275000000000000000e+05 9.100053318573733119e-01 1.595357305416477134e-01 8.367091488393263443e-01 3.755120619025944465e-03 0.000000000000000000e+00 0.000000000000000000e+00
2.300000000000000000e+05 9.200053904492124790e-01 1.596495220755575761e-01 8.365953573054164538e-01 3.527537551206190360e-03 2.275830678197542133e-04 0.000000000000000000e+00
2.325000000000000000e+05 9.300054490410516461e-01 1.590805644060081792e-01 8.372781065088756858e-01 3.299954483386436255e-03 3.413746017296313199e-04 0.000000000000000000e+00
2.350000000000000000e+05 9.400055076328910353e-01 1.581702321347291662e-01 8.384160218479744797e-01 2.844788347746927612e-03 5.689576695493854790e-04 0.000000000000000000e+00
2.375000000000000000e+05 9.500055662247304245e-01 1.588529813381884259e-01 8.380746472462449193e-01 2.958579881656804664e-03 1.137915339098771066e-04 0.000000000000000000e+00
2.400000000000000000e+05 9.600056248165695916e-01 1.581702321347291662e-01 8.377332726445152478e-01 3.755120619025944465e-03 3.413746017296313199e-04 0.000000000000000000e+00
2.425000000000000000e+05 9.700056834084085366e-01 1.586253982703686727e-01 8.383022303140645892e-01 2.844788347746927612e-03 2.275830678197542133e-04 0.000000000000000000e+00
2.450000000000000000e+05 9.800057420002479258e-01 1.586253982703686727e-01 8.378470641784251383e-01 3.527537551206190360e-03 0.000000000000000000e+00 0.000000000000000000e+00
2.475000000000000000e+05 9.900058005920875370e-01 1.579426490669094130e-01 8.381884387801548097e-01 3.527537551206190360e-03 3.413746017296313199e-04 0.000000000000000000e+00
2.500000000000000000e+05 1.000005859183926482e+00 1.583978152025489194e-01 8.381884387801548097e-01 3.413746017296313308e-03 0.000000000000000000e+00 0.000000000000000000e+00
