# itime ezz other fcc hcp bcc ico
0.000000000000000000e+00 0.000000000000000000e+00 0.000000000000000000e+00 1.000000000000000000e+00 0.000000000000000000e+00 0.000000000000000000e+00 0.000000000000000000e+00
2.500000000000000000e+03 1.000007393825330659e-02 0.000000000000000000e+00 1.000000000000000000e+00 0.000000000000000000e+00 0.000000000000000000e+00 0.000000000000000000e+00
5.000000000000000000e+03 2.000014787650661319e-02 0.000000000000000000e+00 1.000000000000000000e+00 0.000000000000000000e+00 0.000000000000000000e+00 0.000000000000000000e+00
7.500000000000000000e+03 3.000022181475991978e-02 0.000000000000000000e+00 1.000000000000000000e+00 0.000000000000000000e+00 0.000000000000000000e+00 0.000000000000000000e+00
1.000000000000000000e+04 4.000029575301322637e-02 0.000000000000000000e+00 1.000000000000000000e+00 0.000000000000000000e+00 0.000000000000000000e+00 0.000000000000000000e+00
1.250000000000000000e+04 5.000036969126653297e-02 0.000000000000000000e+00 1.000000000000000000e+00 0.000000000000000000e+00 0.000000000000000000e+00 0.000000000000000000e+00
1.500000000000000000e+04 6.000044362951983956e-02 0.000000000000000000e+00 1.000000000000000000e+00 0.000000000000000000e+00 0.000000000000000000e+00 0.000000000000000000e+00
1.750000000000000000e+04 7.000051756777314615e-02 1.137915339098771066e-04 9.998862084660901095e-01 0.000000000000000000e+00 0.000000000000000000e+00 0.000000000000000000e+00
2.000000000000000000e+04 8.000059150602645275e-02 1.137915339098771066e-04 9.998862084660901095e-01 0.000000000000000000e+00 0.000000000000000000e+00 0.000000000000000000e+00
2.250000000000000000e+04 9.000066544427975934e-02 1.934456076467910759e-03 9.979517523896221931e-01 0.000000000000000000e+00 1.137915339098771066e-04 0.000000000000000000e+00
2.500000000000000000e+04 1.000007393825330659e-01 2.275830678197541916e-03 9.976103777878926326e-01 0.000000000000000000e+00 1.137915339098771066e-04 0.000000000000000000e+00
2.750000000000000000e+04 1.100008133207863725e-01 2.981338188438780248e-02 9.543695949021392400e-01 0.000000000000000000e+00 1.581702321347291593e-02 0.000000000000000000e+00
3.000000000000000000e+04 1.200008872590396791e-01 2.617205279927173334e-02 8.230541647701411501e-01 1.505461993627674189e-01 2.275830678197542133e-04 0.000000000000000000e+00
3.250000000000000000e+04 1.300009611972929857e-01 2.480655439235321044e-02 8.244196631770596140e-01 1.505461993627674189e-01 2.275830678197542133e-04 0.000000000000000000e+00
3.500000000000000000e+04 1.400010351355462923e-01 2.548930359581247015e-02 8.228265817023213691e-01 1.513427401001365413e-01 3.413746017296313199e-04 0.000000000000000000e+00
3.750000000000000000e+04 1.500011090737995989e-01 2.571688666363222686e-02 8.236231224396904915e-01 1.503186162949476656e-01 3.413746017296313199e-04 0.000000000000000000e+00
4.000000000000000000e+04 1.600011830120529055e-01 2.742375967228038308e-02 8.221438324988621371e-01 1.502048247610377751e-01 2.275830678197542133e-04 0.000000000000000000e+00
4.250000000000000000e+04 1.700012569503062121e-01 5.735093309057805872e-02 7.626308602639964018e-01 1.753527537551206328e-01 4.665452890304961318e-03 0.000000000000000000e+00
4.500000000000000000e+04 1.800013308885595187e-01 6.702321347291761988e-02 7.700273099681383959e-01 1.597633136094674666e-01 3.186162949476558769e-03 0.000000000000000000e+00
4.750000000000000000e+04 1.900014048268128253e-01 6.827492034592626269e-02 7.672963131543013571e-01 1.619253527537551085e-01 2.503413746017296455e-03 0.000000000000000000e+00
5.000000000000000000e+04 2.000014787650661319e-01 7.009558488848430247e-02 7.650204824761037692e-01 1.624943104233045055e-01 2.389622212107419402e-03 0.000000000000000000e+00
5.250000000000000000e+04 2.100015527033194385e-01 5.848884842967683184e-02 7.746927628584433512e-01 1.645425580336822846e-01 2.275830678197541916e-03 0.000000000000000000e+00
5.500000000000000000e+04 2.200016266415727451e-01 6.213017751479289752e-02 7.738962221210742287e-01 1.606736458807464796e-01 3.299954483386436255e-03 0.000000000000000000e+00
5.750000000000000000e+04 2.300017005798260517e-01 6.736458807464724974e-02 7.611515703231679364e-01 1.688666363222576239e-01 2.617205279927173507e-03 0.000000000000000000e+00
6.000000000000000000e+04 2.400017745180793582e-01 7.783340919435594030e-02 7.408966772872098705e-01 1.780837505689576716e-01 3.186162949476558769e-03 0.000000000000000000e+00
6.250000000000000000e+04 2.500018484563326648e-01 7.373691397360036814e-02 7.374829312699134887e-01 1.873008648156577194e-01 1.479289940828402332e-03 0.000000000000000000e+00
6.500000000000000000e+04 2.600019223945859714e-01 7.316795630405098505e-02 7.394173873463814051e-01 1.857077833409194467e-01 1.706873008648156654e-03 0.000000000000000000e+00
6.750000000000000000e+04 2.700019963328392780e-01 7.214383249886208160e-02 7.440828402366863603e-01 1.826354119253527641e-01 1.137915339098770958e-03 0.000000000000000000e+00
7.000000000000000000e+04 2.800020702710925846e-01 6.918525261720527564e-02 7.501137915339098905e-01 1.795630405097860816e-01 1.137915339098770958e-03 0.000000000000000000e+00
7.250000000000000000e+04 2.900021442093458912e-01 7.055075102412380894e-02 7.519344560764679164e-01 1.766044606281292617e-01 9.103322712790168532e-04 0.000000000000000000e+00
7.500000000000000000e+04 3.000022181475991978e-01 6.952662721893490549e-02 7.564861174328629811e-01 1.734182976786527164e-01 5.689576695493854790e-04 0.000000000000000000e+00
7.750000000000000000e+04 3.100022920858525044e-01 7.498862084660901095e-02 7.592171142467000200e-01 1.638598088302230249e-01 1.934456076467910759e-03 0.000000000000000000e+00
8.000000000000000000e+04 3.200023660241058110e-01 9.091943559399180697e-02 7.292899408284023721e-01 1.781975421028675344e-01 1.593081474738279385e-03 0.000000000000000000e+00
8.250000000000000000e+04 3.300024399623591176e-01 1.331360946745562268e-01 6.876422394173873354e-01 1.721665908056440597e-01 7.055075102412380721e-03 0.000000000000000000e+00
8.500000000000000000e+04 3.400025139006124242e-01 1.273327264451524776e-01 7.173418297678653133e-01 1.530496131087847045e-01 2.275830678197541916e-03 0.000000000000000000e+00
8.750000000000000000e+04 3.500025878388657308e-01 1.247155211652253015e-01 7.210969503868912556e-01 1.502048247610377751e-01 3.982703686845699004e-03 0.000000000000000000e+00
9.000000000000000000e+04 3.600026617771190374e-01 1.393946290395994547e-01 6.978834774692762588e-01 1.581702321347291662e-01 4.551661356395083832e-03 0.000000000000000000e+00
9.250000000000000000e+04 3.700027357153723440e-01 1.498634501593081592e-01 6.816112881201638052e-01 1.635184342284934089e-01 5.006827492034592909e-03 0.000000000000000000e+00
9.500000000000000000e+04 3.800028096536256506e-01 1.603322712790168358e-01 6.793354574419663283e-01 1.527082385070550885e-01 7.624032771961766417e-03 0.000000000000000000e+00
9.750000000000000000e+04 3.900028835918787351e-01 1.216431497496586189e-01 7.448793809740554828e-01 1.296085571233500100e-01 3.868912152935821518e-03 0.000000000000000000e+00
1.000000000000000000e+05 4.000029575301322637e-01 1.241465634956759184e-01 7.448793809740554828e-01 1.274465179790623681e-01 3.527537551206190360e-03 0.000000000000000000e+00
1.025000000000000000e+05 4.100030314683857924e-01 1.342740100136549930e-01 7.253072371415566488e-01 1.367774237596722786e-01 3.641329085116067413e-03 0.000000000000000000e+00
1.050000000000000000e+05 4.200031054066388769e-01 1.133363677742375980e-01 6.945835229858898785e-01 1.898042785616750050e-01 2.275830678197541916e-03 0.000000000000000000e+00
1.075000000000000000e+05 4.300031793448921835e-01 1.032089212562585373e-01 7.023213472917615441e-01 1.918525261720528119e-01 2.617205279927173507e-03 0.000000000000000000e+00
1.100000000000000000e+05 4.400032532831454901e-01 1.127674101046882149e-01 6.794492489758762188e-01 2.055075102412380617e-01 2.275830678197541916e-03 0.000000000000000000e+00
1.125000000000000000e+05 4.500033272213990188e-01 1.088984979517523960e-01 7.274692762858443462e-01 1.624943104233045055e-01 1.137915339098770958e-03 0.000000000000000000e+00
1.150000000000000000e+05 4.600034011596521033e-01 1.127674101046882149e-01 7.119936276741010150e-01 1.739872553482020856e-01 1.251706873008648227e-03 0.000000000000000000e+00
1.175000000000000000e+05 4.700034750979054099e-01 1.107191624943104219e-01 7.173418297678653133e-01 1.687528447883477334e-01 3.186162949476558769e-03 0.000000000000000000e+00
1.200000000000000000e+05 4.800035490361587165e-01 1.187983614019117035e-01 7.084660901228948537e-01 1.709148839326354030e-01 1.820664542558033706e-03 0.000000000000000000e+00
1.225000000000000000e+05 4.900036229744122451e-01 1.307464724624488039e-01 6.900318616294948137e-01 1.766044606281292617e-01 2.617205279927173507e-03 0.000000000000000000e+00
1.250000000000000000e+05 5.000036969126653297e-01 1.273327264451524776e-01 7.044833864360491305e-01 1.647701411015020379e-01 3.413746017296313308e-03 0.000000000000000000e+00
1.275000000000000000e+05 5.100037708509186363e-01 1.294947655894401473e-01 6.985662266727356018e-01 1.665908056440600915e-01 5.348202093764223633e-03 0.000000000000000000e+00
1.300000000000000000e+05 5.200038447891719429e-01 1.296085571233500100e-01 7.143832498862084934e-01 1.524806554392353075e-01 3.527537551206190360e-03 0.000000000000000000e+00
1.325000000000000000e+05 5.300039187274254715e-01 1.322257624032771861e-01 7.064178425125170468e-01 1.577150659990896597e-01 3.641329085116067413e-03 0.000000000000000000e+00
1.350000000000000000e+05 5.400039926656785561e-01 1.325671370050068298e-01 7.174556213017750927e-01 1.475876194811105990e-01 2.389622212107419402e-03 0.000000000000000000e+00
1.375000000000000000e+05 5.500040666039318626e-01 1.392808375056895642e-01 7.081247155211651823e-01 1.498634501593081592e-01 2.730996813837050560e-03 0.000000000000000000e+00
1.400000000000000000e+05 5.600041405421851692e-01 1.421256258534364936e-01 7.053937187073281434e-01 1.504324078288575284e-01 2.048247610377787811e-03 0.000000000000000000e+00
1.425000000000000000e+05 5.700042144804386979e-01 1.596495220755575761e-01 6.681838871187983919e-01 1.659080564406008318e-01 6.258534365043240920e-03 0.000000000000000000e+00
1.450000000000000000e+05 5.800042884186917824e-01 1.647701411015020379e-01 6.639736003641328876e-01 1.672735548475193512e-01 3.982703686845699004e-03 0.000000000000000000e+00
1.475000000000000000e+05 5.900043623569450890e-01 1.645425580336822846e-01 6.675011379153390489e-01 1.651115157032316816e-01 2.844788347746927612e-03 0.000000000000000000e+00
1.500000000000000000e+05 6.000044362951983956e-01 1.630632680928539024e-01 6.793354574419663283e-01 1.543013199817933612e-01 3.299954483386436255e-03 0.000000000000000000e+00
1.525000000000000000e+05 6.100045102334519243e-01 1.645425580336822846e-01 6.819526627218934767e-01 1.491807009558488717e-01 4.324078288575329727e-03 0.000000000000000000e+00
1.550000000000000000e+05 6.200045841717050088e-01 1.571461083295402905e-01 6.912835685025033872e-01 1.483841602184797492e-01 3.186162949476558769e-03 0.000000000000000000e+00
1.575000000000000000e+05 6.300046581099583154e-01 1.642011834319526686e-01 6.772872098315885214e-01 1.544151115157032239e-01 4.096495220755575623e-03 0.000000000000000000e+00
1.600000000000000000e+05 6.400047320482116220e-01 1.464497041420118328e-01 7.275830678197542367e-01 1.225534820209376458e-01 3.413746017296313308e-03 0.000000000000000000e+00
1.625000000000000000e+05 6.500048059864651506e-01 1.458807464724624359e-01 7.292899408284023721e-01 1.223258989531178925e-01 2.503413746017296455e-03 0.000000000000000000e+00
1.650000000000000000e+05 6.600048799247182352e-01 1.360946745562130189e-01 7.329312699135184239e-01 1.300637232589895442e-01 9.103322712790168532e-04 0.000000000000000000e+00
1.675000000000000000e+05 6.700049538629715418e-01 1.322257624032771861e-01 7.345243513882566688e-01 1.319981793354574329e-01 1.251706873008648227e-03 0.000000000000000000e+00
1.700000000000000000e+05 6.800050278012248484e-01 1.334774692762858428e-01 7.344105598543468894e-01 1.310878470641784199e-01 1.024123805188893906e-03 0.000000000000000000e+00
1.725000000000000000e+05 6.900051017394783770e-01 1.355257168866636219e-01 7.306554392353209471e-01 1.318843878015475701e-01 1.934456076467910759e-03 0.000000000000000000e+00
1.750000000000000000e+05 7.000051756777314615e-01 1.459945380063723264e-01 7.071005917159762788e-01 1.436049157942649035e-01 3.299954483386436255e-03 0.000000000000000000e+00
1.775000000000000000e+05 7.100052496159847681e-01 1.555530268548019901e-01 6.490669094219390090e-01 1.908284023668639084e-01 4.551661356395083832e-03 0.000000000000000000e+00
1.800000000000000000e+05 7.200053235542380747e-01 1.616977696859353553e-01 6.519116977696859383e-01 1.840009103322712836e-01 2.389622212107419402e-03 0.000000000000000000e+00
1.825000000000000000e+05 7.300053974924916034e-01 1.550978607191624836e-01 6.706873008648156498e-01 1.694355939918070209e-01 4.779244424214838804e-03 0.000000000000000000e+00
1.850000000000000000e+05 7.400054714307446879e-01 1.565771506599908935e-01 6.680700955848885014e-01 1.725079654073737034e-01 2.844788347746927612e-03 0.000000000000000000e+00
1.875000000000000000e+05 7.500055453689979945e-01 1.540737369139736079e-01 6.712562585343649912e-01 1.712562585343650468e-01 3.413746017296313308e-03 0.000000000000000000e+00
1.900000000000000000e+05 7.600056193072513011e-01 1.576012744651797970e-01 6.982248520710059303e-01 1.405325443786982209e-01 3.641329085116067413e-03 0.000000000000000000e+00
1.925000000000000000e+05 7.700056932455048297e-01 1.471324533454710926e-01 7.080109239872554028e-01 1.429221665908056438e-01 1.934456076467910759e-03 0.000000000000000000e+00
1.950000000000000000e+05 7.800057671837579143e-01 1.514565316340464318e-01 7.056213017751479244e-01 1.398497951752389612e-01 3.072371415566681717e-03 0.000000000000000000e+00
1.975000000000000000e+05 7.900058411220112209e-01 1.514565316340464318e-01 7.270141101502047842e-01 1.195949021392808398e-01 1.934456076467910759e-03 0.000000000000000000e+00
2.000000000000000000e+05 8.000059150602645275e-01 1.488393263541192557e-01 7.269003186162948937e-01 1.213017751479289891e-01 2.958579881656804664e-03 0.000000000000000000e+00
2.025000000000000000e+05 8.100059889985180561e-01 1.555530268548019901e-01 7.143832498862084934e-01 1.275603095129722309e-01 2.503413746017296455e-03 0.000000000000000000e+00
2.050000000000000000e+05 8.200060629367711407e-01 1.548702776513427304e-01 7.179107874374146547e-01 1.230086481565771522e-01 4.210286754665453109e-03 0.000000000000000000e+00
2.075000000000000000e+05 8.300061368750244473e-01 1.599908966772872199e-01 7.183659535730542167e-01 1.165225307237141572e-01 5.120619025944469528e-03 0.000000000000000000e+00
2.100000000000000000e+05 8.400062108132777539e-01 1.664770141101502010e-01 7.166590805644059703e-01 1.134501593081474746e-01 3.413746017296313308e-03 0.000000000000000000e+00
2.125000000000000000e+05 8.500062847515312825e-01 1.662494310423304478e-01 7.049385525716886924e-01 1.253982703686845612e-01 3.413746017296313308e-03 0.000000000000000000e+00
2.150000000000000000e+05 8.600063586897843670e-01 1.681838871187983642e-01 7.453345471096950448e-01 8.181611288120163583e-02 4.665452890304961318e-03 0.000000000000000000e+00
2.175000000000000000e+05 8.700064326280376736e-01 1.627218934911242587e-01 7.210969503868912556e-01 1.077605826126536159e-01 8.420573509330906217e-03 0.000000000000000000e+00
2.200000000000000000e+05 8.800065065662909802e-01 1.442876649977241632e-01 7.126763768775603580e-01 1.389394629039599482e-01 4.096495220755575623e-03 0.000000000000000000e+00
2.225000000000000000e+05 8.900065805045445089e-01 1.373463814292216756e-01 7.208693673190714746e-01 1.376877560309512916e-01 4.096495220755575623e-03 0.000000000000000000e+00
2.250000000000000000e+05 9.000066544427975934e-01 1.380291306326809353e-01 7.177969959035047642e-01 1.405325443786982209e-01 3.641329085116067413e-03 0.000000000000000000e+00
2.275000000000000000e+05 9.100067283810509000e-01 1.393946290395994547e-01 7.228038233955393910e-01 1.352981338188438687e-01 2.503413746017296455e-03 0.000000000000000000e+00
2.300000000000000000e+05 9.200068023193042066e-01 1.390532544378698110e-01 7.250796540737368678e-01 1.337050523441055960e-01 2.162039144287664864e-03 0.000000000000000000e+00
2.325000000000000000e+05 9.300068762575577352e-01 1.395084205735093175e-01 7.222348657259899385e-01 1.360946745562130189e-01 2.162039144287664864e-03 0.000000000000000000e+00
2.350000000000000000e+05 9.400069501958108198e-01 1.297223486572599005e-01 7.827719617660445772e-01 8.500227583067819503e-02 2.503413746017296455e-03 0.000000000000000000e+00
2.375000000000000000e+05 9.500070241340641264e-01 1.218707328174783860e-01 8.293126991351843502e-01 4.688211197086936816e-02 1.934456076467910759e-03 0.000000000000000000e+00
2.400000000000000000e+05 9.600070980723174330e-01 1.224396904870277691e-01 8.319299044151114986e-01 4.392353208921256219e-02 1.706873008648156654e-03 0.000000000000000000e+00
2.425000000000000000e+05 9.700071720105709616e-01 1.210741920801092358e-01 8.397815202548930547e-01 3.664087391898043083e-02 2.503413746017296455e-03 0.000000000000000000e+00
2.450000000000000000e+05 9.800072459488240462e-01 1.322257624032771861e-01 8.170232134729176199e-01 4.870277651342740100e-02 2.048247610377787811e-03 0.000000000000000000e+00
2.475000000000000000e+05 9.900073198870773528e-01 1.329085116067364458e-01 7.999544833864360438e-01 6.543013199817933334e-02 1.706873008648156654e-03 0.000000000000000000e+00
2.500000000000000000e+05 1.000007393825330659e+00 1.293809740555302568e-01 8.084888484296768318e-01 5.996813837050523482e-02 2.162039144287664864e-03 0.000000000000000000e+00
