# itime ezz other fcc hcp bcc ico
0.000000000000000000e+00 0.000000000000000000e+00 0.000000000000000000e+00 1.000000000000000000e+00 0.000000000000000000e+00 0.000000000000000000e+00 0.000000000000000000e+00
2.500000000000000000e+02 1.000064219352836403e-03 0.000000000000000000e+00 1.000000000000000000e+00 0.000000000000000000e+00 0.000000000000000000e+00 0.000000000000000000e+00
5.000000000000000000e+02 2.000128438705672806e-03 0.000000000000000000e+00 1.000000000000000000e+00 0.000000000000000000e+00 0.000000000000000000e+00 0.000000000000000000e+00
7.500000000000000000e+02 3.000192658058509210e-03 0.000000000000000000e+00 1.000000000000000000e+00 0.000000000000000000e+00 0.000000000000000000e+00 0.000000000000000000e+00
1.000000000000000000e+03 4.000256877411567658e-03 0.000000000000000000e+00 1.000000000000000000e+00 0.000000000000000000e+00 0.000000000000000000e+00 0.000000000000000000e+00
1.250000000000000000e+03 5.000321096764404061e-03 0.000000000000000000e+00 1.000000000000000000e+00 0.000000000000000000e+00 0.000000000000000000e+00 0.000000000000000000e+00
1.500000000000000000e+03 6.000385316117240464e-03 0.000000000000000000e+00 1.000000000000000000e+00 0.000000000000000000e+00 0.000000000000000000e+00 0.000000000000000000e+00
1.750000000000000000e+03 7.000449535470076867e-03 0.000000000000000000e+00 1.000000000000000000e+00 0.000000000000000000e+00 0.000000000000000000e+00 0.000000000000000000e+00
2.000000000000000000e+03 8.000513754822913270e-03 0.000000000000000000e+00 1.000000000000000000e+00 0.000000000000000000e+00 0.000000000000000000e+00 0.000000000000000000e+00
2.250000000000000000e+03 9.000577974175749674e-03 0.000000000000000000e+00 1.000000000000000000e+00 0.000000000000000000e+00 0.000000000000000000e+00 0.000000000000000000e+00
2.500000000000000000e+03 1.000064219352858608e-02 0.000000000000000000e+00 1.000000000000000000e+00 0.000000000000000000e+00 0.000000000000000000e+00 0.000000000000000000e+00
2.750000000000000000e+03 1.100070641288142248e-02 0.000000000000000000e+00 1.000000000000000000e+00 0.000000000000000000e+00 0.000000000000000000e+00 0.000000000000000000e+00
3.000000000000000000e+03 1.200077063223448093e-02 0.000000000000000000e+00 1.000000000000000000e+00 0.000000000000000000e+00 0.000000000000000000e+00 0.000000000000000000e+00
3.250000000000000000e+03 1.300083485158731733e-02 0.000000000000000000e+00 1.000000000000000000e+00 0.000000000000000000e+00 0.000000000000000000e+00 0.000000000000000000e+00
3.500000000000000000e+03 1.400089907094015373e-02 0.000000000000000000e+00 1.000000000000000000e+00 0.000000000000000000e+00 0.000000000000000000e+00 0.000000000000000000e+00
3.750000000000000000e+03 1.500096329029299014e-02 0.000000000000000000e+00 1.000000000000000000e+00 0.000000000000000000e+00 0.000000000000000000e+00 0.000000000000000000e+00
4.000000000000000000e+03 1.600102750964582654e-02 0.000000000000000000e+00 1.000000000000000000e+00 0.000000000000000000e+00 0.000000000000000000e+00 0.000000000000000000e+00
4.250000000000000000e+03 1.700109172899866294e-02 0.000000000000000000e+00 1.000000000000000000e+00 0.000000000000000000e+00 0.000000000000000000e+00 0.000000000000000000e+00
4.500000000000000000e+03 1.800115594835149935e-02 0.000000000000000000e+00 1.000000000000000000e+00 0.000000000000000000e+00 0.000000000000000000e+00 0.000000000000000000e+00
4.750000000000000000e+03 1.900122016770433575e-02 0.000000000000000000e+00 1.000000000000000000e+00 0.000000000000000000e+00 0.000000000000000000e+00 0.000000000000000000e+00
5.000000000000000000e+03 2.000128438705739420e-02 0.000000000000000000e+00 1.000000000000000000e+00 0.000000000000000000e+00 0.000000000000000000e+00 0.000000000000000000e+00
5.250000000000000000e+03 2.100134860641023060e-02 0.000000000000000000e+00 1.000000000000000000e+00 0.000000000000000000e+00 0.000000000000000000e+00 0.000000000000000000e+00
5.500000000000000000e+03 2.200141282576306700e-02 0.000000000000000000e+00 1.000000000000000000e+00 0.000000000000000000e+00 0.000000000000000000e+00 0.000000000000000000e+00
5.750000000000000000e+03 2.300147704511590341e-02 0.000000000000000000e+00 1.000000000000000000e+00 0.000000000000000000e+00 0.000000000000000000e+00 0.000000000000000000e+00
6.000000000000000000e+03 2.400154126446873981e-02 0.000000000000000000e+00 1.000000000000000000e+00 0.000000000000000000e+00 0.000000000000000000e+00 0.000000000000000000e+00
6.250000000000000000e+03 2.500160548382157621e-02 0.000000000000000000e+00 1.000000000000000000e+00 0.000000000000000000e+00 0.000000000000000000e+00 0.000000000000000000e+00
6.500000000000000000e+03 2.600166970317441262e-02 0.000000000000000000e+00 1.000000000000000000e+00 0.000000000000000000e+00 0.000000000000000000e+00 0.000000000000000000e+00
6.750000000000000000e+03 2.700173392252724902e-02 0.000000000000000000e+00 1.000000000000000000e+00 0.000000000000000000e+00 0.000000000000000000e+00 0.000000000000000000e+00
7.000000000000000000e+03 2.800179814188030747e-02 0.000000000000000000e+00 1.000000000000000000e+00 0.000000000000000000e+00 0.000000000000000000e+00 0.000000000000000000e+00
7.250000000000000000e+03 2.900186236123314387e-02 0.000000000000000000e+00 1.000000000000000000e+00 0.000000000000000000e+00 0.000000000000000000e+00 0.000000000000000000e+00
7.500000000000000000e+03 3.000192658058598028e-02 0.000000000000000000e+00 1.000000000000000000e+00 0.000000000000000000e+00 0.000000000000000000e+00 0.000000000000000000e+00
7.750000000000000000e+03 3.100199079993881668e-02 0.000000000000000000e+00 1.000000000000000000e+00 0.000000000000000000e+00 0.000000000000000000e+00 0.000000000000000000e+00
8.000000000000000000e+03 3.200205501929165308e-02 0.000000000000000000e+00 1.000000000000000000e+00 0.000000000000000000e+00 0.000000000000000000e+00 0.000000000000000000e+00
8.250000000000000000e+03 3.300211923864448949e-02 0.000000000000000000e+00 1.000000000000000000e+00 0.000000000000000000e+00 0.000000000000000000e+00 0.000000000000000000e+00
8.500000000000000000e+03 3.400218345799732589e-02 0.000000000000000000e+00 1.000000000000000000e+00 0.000000000000000000e+00 0.000000000000000000e+00 0.000000000000000000e+00
8.750000000000000000e+03 3.500224767735038434e-02 0.000000000000000000e+00 1.000000000000000000e+00 0.000000000000000000e+00 0.000000000000000000e+00 0.000000000000000000e+00
9.000000000000000000e+03 3.600231189670322074e-02 0.000000000000000000e+00 1.000000000000000000e+00 0.000000000000000000e+00 0.000000000000000000e+00 0.000000000000000000e+00
9.250000000000000000e+03 3.700237611605605714e-02 0.000000000000000000e+00 1.000000000000000000e+00 0.000000000000000000e+00 0.000000000000000000e+00 0.000000000000000000e+00
9.500000000000000000e+03 3.800244033540889355e-02 0.000000000000000000e+00 1.000000000000000000e+00 0.000000000000000000e+00 0.000000000000000000e+00 0.000000000000000000e+00
9.750000000000000000e+03 3.900250455476172995e-02 0.000000000000000000e+00 1.000000000000000000e+00 0.000000000000000000e+00 0.000000000000000000e+00 0.000000000000000000e+00
1.000000000000000000e+04 4.000256877411456635e-02 0.000000000000000000e+00 1.000000000000000000e+00 0.000000000000000000e+00 0.000000000000000000e+00 0.000000000000000000e+00
1.025000000000000000e+04 4.100263299346740276e-02 0.000000000000000000e+00 1.000000000000000000e+00 0.000000000000000000e+00 0.000000000000000000e+00 0.000000000000000000e+00
1.050000000000000000e+04 4.200269721282023916e-02 0.000000000000000000e+00 1.000000000000000000e+00 0.000000000000000000e+00 0.000000000000000000e+00 0.000000000000000000e+00
1.075000000000000000e+04 4.300276143217329761e-02 0.000000000000000000e+00 1.000000000000000000e+00 0.000000000000000000e+00 0.000000000000000000e+00 0.000000000000000000e+00
1.100000000000000000e+04 4.400282565152613401e-02 0.000000000000000000e+00 1.000000000000000000e+00 0.000000000000000000e+00 0.000000000000000000e+00 0.000000000000000000e+00
1.125000000000000000e+04 4.500288987087897041e-02 0.000000000000000000e+00 1.000000000000000000e+00 0.000000000000000000e+00 0.000000000000000000e+00 0.000000000000000000e+00
1.150000000000000000e+04 4.600295409023180682e-02 0.000000000000000000e+00 1.000000000000000000e+00 0.000000000000000000e+00 0.000000000000000000e+00 0.000000000000000000e+00
1.175000000000000000e+04 4.700301830958464322e-02 0.000000000000000000e+00 1.000000000000000000e+00 0.000000000000000000e+00 0.000000000000000000e+00 0.000000000000000000e+00
1.200000000000000000e+04 4.800308252893747962e-02 0.000000000000000000e+00 1.000000000000000000e+00 0.000000000000000000e+00 0.000000000000000000e+00 0.000000000000000000e+00
1.225000000000000000e+04 4.900314674829031603e-02 0.000000000000000000e+00 1.000000000000000000e+00 0.000000000000000000e+00 0.000000000000000000e+00 0.000000000000000000e+00
1.250000000000000000e+04 5.000321096764315243e-02 0.000000000000000000e+00 1.000000000000000000e+00 0.000000000000000000e+00 0.000000000000000000e+00 0.000000000000000000e+00
1.275000000000000000e+04 5.100327518699621088e-02 0.000000000000000000e+00 1.000000000000000000e+00 0.000000000000000000e+00 0.000000000000000000e+00 0.000000000000000000e+00
1.300000000000000000e+04 5.200333940634904728e-02 0.000000000000000000e+00 1.000000000000000000e+00 0.000000000000000000e+00 0.000000000000000000e+00 0.000000000000000000e+00
1.325000000000000000e+04 5.300340362570188368e-02 0.000000000000000000e+00 1.000000000000000000e+00 0.000000000000000000e+00 0.000000000000000000e+00 0.000000000000000000e+00
1.350000000000000000e+04 5.400346784505472009e-02 0.000000000000000000e+00 1.000000000000000000e+00 0.000000000000000000e+00 0.000000000000000000e+00 0.000000000000000000e+00
1.375000000000000000e+04 5.500353206440755649e-02 0.000000000000000000e+00 1.000000000000000000e+00 0.000000000000000000e+00 0.000000000000000000e+00 0.000000000000000000e+00
1.400000000000000000e+04 5.600359628376039289e-02 0.000000000000000000e+00 1.000000000000000000e+00 0.000000000000000000e+00 0.000000000000000000e+00 0.000000000000000000e+00
1.425000000000000000e+04 5.700366050311322930e-02 0.000000000000000000e+00 1.000000000000000000e+00 0.000000000000000000e+00 0.000000000000000000e+00 0.000000000000000000e+00
1.450000000000000000e+04 5.800372472246628774e-02 0.000000000000000000e+00 1.000000000000000000e+00 0.000000000000000000e+00 0.000000000000000000e+00 0.000000000000000000e+00
1.475000000000000000e+04 5.900378894181912415e-02 0.000000000000000000e+00 1.000000000000000000e+00 0.000000000000000000e+00 0.000000000000000000e+00 0.000000000000000000e+00
1.500000000000000000e+04 6.000385316117196055e-02 0.000000000000000000e+00 1.000000000000000000e+00 0.000000000000000000e+00 0.000000000000000000e+00 0.000000000000000000e+00
1.525000000000000000e+04 6.100391738052479695e-02 0.000000000000000000e+00 1.000000000000000000e+00 0.000000000000000000e+00 0.000000000000000000e+00 0.000000000000000000e+00
1.550000000000000000e+04 6.200398159987763336e-02 0.000000000000000000e+00 1.000000000000000000e+00 0.000000000000000000e+00 0.000000000000000000e+00 0.000000000000000000e+00
1.575000000000000000e+04 6.300404581923046976e-02 0.000000000000000000e+00 1.000000000000000000e+00 0.000000000000000000e+00 0.000000000000000000e+00 0.000000000000000000e+00
1.600000000000000000e+04 6.400411003858330616e-02 4.551661356395084266e-04 9.995448338643604380e-01 0.000000000000000000e+00 0.000000000000000000e+00 0.000000000000000000e+00
1.625000000000000000e+04 6.500417425793614257e-02 0.000000000000000000e+00 1.000000000000000000e+00 0.000000000000000000e+00 0.000000000000000000e+00 0.000000000000000000e+00
1.650000000000000000e+04 6.600423847728920101e-02 0.000000000000000000e+00 1.000000000000000000e+00 0.000000000000000000e+00 0.000000000000000000e+00 0.000000000000000000e+00
1.675000000000000000e+04 6.700430269664203742e-02 0.000000000000000000e+00 1.000000000000000000e+00 0.000000000000000000e+00 0.000000000000000000e+00 0.000000000000000000e+00
1.700000000000000000e+04 6.800436691599487382e-02 0.000000000000000000e+00 1.000000000000000000e+00 0.000000000000000000e+00 0.000000000000000000e+00 0.000000000000000000e+00
1.725000000000000000e+04 6.900443113534771022e-02 0.000000000000000000e+00 1.000000000000000000e+00 0.000000000000000000e+00 0.000000000000000000e+00 0.000000000000000000e+00
1.750000000000000000e+04 7.000449535470054663e-02 1.137915339098771066e-04 9.998862084660901095e-01 0.000000000000000000e+00 0.000000000000000000e+00 0.000000000000000000e+00
1.775000000000000000e+04 7.100455957405338303e-02 0.000000000000000000e+00 1.000000000000000000e+00 0.000000000000000000e+00 0.000000000000000000e+00 0.000000000000000000e+00
1.800000000000000000e+04 7.200462379340621943e-02 0.000000000000000000e+00 1.000000000000000000e+00 0.000000000000000000e+00 0.000000000000000000e+00 0.000000000000000000e+00
1.825000000000000000e+04 7.300468801275905584e-02 0.000000000000000000e+00 1.000000000000000000e+00 0.000000000000000000e+00 0.000000000000000000e+00 0.000000000000000000e+00
1.850000000000000000e+04 7.400475223211211429e-02 0.000000000000000000e+00 1.000000000000000000e+00 0.000000000000000000e+00 0.000000000000000000e+00 0.000000000000000000e+00
1.875000000000000000e+04 7.500481645146495069e-02 0.000000000000000000e+00 1.000000000000000000e+00 0.000000000000000000e+00 0.000000000000000000e+00 0.000000000000000000e+00
1.900000000000000000e+04 7.600488067081778709e-02 0.000000000000000000e+00 1.000000000000000000e+00 0.000000000000000000e+00 0.000000000000000000e+00 0.000000000000000000e+00
1.925000000000000000e+04 7.700494489017062349e-02 1.137915339098771066e-04 9.998862084660901095e-01 0.000000000000000000e+00 0.000000000000000000e+00 0.000000000000000000e+00
1.950000000000000000e+04 7.800500910952345990e-02 0.000000000000000000e+00 1.000000000000000000e+00 0.000000000000000000e+00 0.000000000000000000e+00 0.000000000000000000e+00
1.975000000000000000e+04 7.900507332887629630e-02 0.000000000000000000e+00 1.000000000000000000e+00 0.000000000000000000e+00 0.000000000000000000e+00 0.000000000000000000e+00
2.000000000000000000e+04 8.000513754822913270e-02 1.137915339098771066e-04 9.998862084660901095e-01 0.000000000000000000e+00 0.000000000000000000e+00 0.000000000000000000e+00
2.025000000000000000e+04 8.100520176758196911e-02 3.413746017296313199e-04 9.996586253982703285e-01 0.000000000000000000e+00 0.000000000000000000e+00 0.000000000000000000e+00
2.050000000000000000e+04 8.200526598693502756e-02 3.413746017296313199e-04 9.996586253982703285e-01 0.000000000000000000e+00 0.000000000000000000e+00 0.000000000000000000e+00
2.075000000000000000e+04 8.300533020628786396e-02 2.275830678197542133e-04 9.997724169321802190e-01 0.000000000000000000e+00 0.000000000000000000e+00 0.000000000000000000e+00
2.100000000000000000e+04 8.400539442564070036e-02 4.551661356395084266e-04 9.995448338643604380e-01 0.000000000000000000e+00 0.000000000000000000e+00 0.000000000000000000e+00
2.125000000000000000e+04 8.500545864499353677e-02 5.689576695493854790e-04 9.994310423304506585e-01 0.000000000000000000e+00 0.000000000000000000e+00 0.000000000000000000e+00
2.150000000000000000e+04 8.600552286434637317e-02 9.103322712790168532e-04 9.990896677287209870e-01 0.000000000000000000e+00 0.000000000000000000e+00 0.000000000000000000e+00
2.175000000000000000e+04 8.700558708369920957e-02 1.365498406918525280e-03 9.986345015930814251e-01 0.000000000000000000e+00 0.000000000000000000e+00 0.000000000000000000e+00
2.200000000000000000e+04 8.800565130305204598e-02 3.413746017296313199e-04 9.996586253982703285e-01 0.000000000000000000e+00 0.000000000000000000e+00 0.000000000000000000e+00
2.225000000000000000e+04 8.900571552240510442e-02 6.827492034592626399e-04 9.993172507965407680e-01 0.000000000000000000e+00 0.000000000000000000e+00 0.000000000000000000e+00
2.250000000000000000e+04 9.000577974175794083e-02 1.934456076467910759e-03 9.979517523896221931e-01 0.000000000000000000e+00 1.137915339098771066e-04 0.000000000000000000e+00
2.275000000000000000e+04 9.100584396111077723e-02 9.103322712790168532e-04 9.988620846609012061e-01 0.000000000000000000e+00 2.275830678197542133e-04 0.000000000000000000e+00
2.300000000000000000e+04 9.200590818046361363e-02 9.103322712790168532e-04 9.990896677287209870e-01 0.000000000000000000e+00 0.000000000000000000e+00 0.000000000000000000e+00
2.325000000000000000e+04 9.300597239981645004e-02 1.820664542558033706e-03 9.980655439235320836e-01 0.000000000000000000e+00 1.137915339098771066e-04 0.000000000000000000e+00
2.350000000000000000e+04 9.400603661916928644e-02 2.048247610377787811e-03 9.978379608557123026e-01 0.000000000000000000e+00 1.137915339098771066e-04 0.000000000000000000e+00
2.375000000000000000e+04 9.500610083852212284e-02 1.251706873008648227e-03 9.986345015930814251e-01 0.000000000000000000e+00 1.137915339098771066e-04 0.000000000000000000e+00
2.400000000000000000e+04 9.600616505787495925e-02 1.706873008648156654e-03 9.982931269913518646e-01 0.000000000000000000e+00 0.000000000000000000e+00 0.000000000000000000e+00
2.425000000000000000e+04 9.700622927722801769e-02 3.641329085116067413e-03 9.961310878470641672e-01 0.000000000000000000e+00 2.275830678197542133e-04 0.000000000000000000e+00
2.450000000000000000e+04 9.800629349658085410e-02 1.706873008648156654e-03 9.981793354574419741e-01 0.000000000000000000e+00 1.137915339098771066e-04 0.000000000000000000e+00
2.475000000000000000e+04 9.900635771593369050e-02 3.072371415566681717e-03 9.969276285844332897e-01 0.000000000000000000e+00 0.000000000000000000e+00 0.000000000000000000e+00
2.500000000000000000e+04 1.000064219352865269e-01 2.275830678197541916e-03 9.976103777878926326e-01 0.000000000000000000e+00 1.137915339098771066e-04 0.000000000000000000e+00
2.525000000000000000e+04 1.010064861546393633e-01 2.389622212107419402e-03 9.974965862539827421e-01 0.000000000000000000e+00 1.137915339098771066e-04 0.000000000000000000e+00
2.550000000000000000e+04 1.020065503739921997e-01 3.186162949476558769e-03 9.965862539827037292e-01 0.000000000000000000e+00 2.275830678197542133e-04 0.000000000000000000e+00
2.575000000000000000e+04 1.030066145933450361e-01 2.048247610377787811e-03 9.979517523896221931e-01 0.000000000000000000e+00 0.000000000000000000e+00 0.000000000000000000e+00
2.600000000000000000e+04 1.040066788126978725e-01 2.730996813837050560e-03 9.972690031861629611e-01 0.000000000000000000e+00 0.000000000000000000e+00 0.000000000000000000e+00
2.625000000000000000e+04 1.050067430320509310e-01 7.624032771961766417e-03 9.921483841602184439e-01 0.000000000000000000e+00 2.275830678197542133e-04 0.000000000000000000e+00
2.650000000000000000e+04 1.060068072514037674e-01 6.030951297223486815e-03 9.936276741010469093e-01 0.000000000000000000e+00 3.413746017296313199e-04 0.000000000000000000e+00
2.675000000000000000e+04 1.070068714707566038e-01 6.486117432862995025e-03 9.932862994993172379e-01 0.000000000000000000e+00 2.275830678197542133e-04 0.000000000000000000e+00
2.700000000000000000e+04 1.080069356901094402e-01 1.012744651797906244e-02 9.893035958124715146e-01 0.000000000000000000e+00 5.689576695493854790e-04 0.000000000000000000e+00
2.725000000000000000e+04 1.090069999094622766e-01 1.126536185707783383e-02 9.880518889394629412e-01 0.000000000000000000e+00 6.827492034592626399e-04 0.000000000000000000e+00
2.750000000000000000e+04 1.100070641288151130e-01 2.981338188438780248e-02 9.543695949021392400e-01 0.000000000000000000e+00 1.581702321347291593e-02 0.000000000000000000e+00
2.775000000000000000e+04 1.110071283481679494e-01 1.685252617205279801e-01 3.472917614929449392e-01 0.000000000000000000e+00 4.841829767865271084e-01 0.000000000000000000e+00
2.800000000000000000e+04 1.120071925675210078e-01 1.383705052344105513e-01 3.313609467455621571e-01 1.137915339098771066e-04 5.301547564861174289e-01 0.000000000000000000e+00
2.825000000000000000e+04 1.130072567868738442e-01 2.674101046882111921e-01 4.574419663177059503e-01 1.698907601274465273e-01 1.052571688666363164e-01 0.000000000000000000e+00
2.850000000000000000e+04 1.140073210062266806e-01 1.805871643149749572e-01 6.503186162949476934e-01 1.458807464724624359e-01 2.321347291761493084e-02 0.000000000000000000e+00
2.875000000000000000e+04 1.150073852255795170e-01 7.703686845698680397e-02 7.853891670459717256e-01 1.322257624032771861e-01 5.348202093764223633e-03 0.000000000000000000e+00
2.900000000000000000e+04 1.160074494449323534e-01 3.482020937642239106e-02 8.159990896677287164e-01 1.487255348202093652e-01 4.551661356395084266e-04 0.000000000000000000e+00
2.925000000000000000e+04 1.170075136642851898e-01 2.730996813837050646e-02 8.220300409649522466e-01 1.504324078288575284e-01 2.275830678197542133e-04 0.000000000000000000e+00
2.950000000000000000e+04 1.180075778836380263e-01 2.628584433318160996e-02 8.224852071005916976e-01 1.506599908966772816e-01 5.689576695493854790e-04 0.000000000000000000e+00
2.975000000000000000e+04 1.190076421029908627e-01 2.639963586709149004e-02 8.229403732362312596e-01 1.503186162949476656e-01 3.413746017296313199e-04 0.000000000000000000e+00
3.000000000000000000e+04 1.200077063223439211e-01 2.617205279927173334e-02 8.230541647701411501e-01 1.505461993627674189e-01 2.275830678197542133e-04 0.000000000000000000e+00
3.025000000000000000e+04 1.210077705416967575e-01 2.526172052799271692e-02 8.235093309057806010e-01 1.505461993627674189e-01 6.827492034592626399e-04 0.000000000000000000e+00
3.050000000000000000e+04 1.220078347610495939e-01 2.514792899408284030e-02 8.237369139736003820e-01 1.507737824305871721e-01 3.413746017296313199e-04 0.000000000000000000e+00
3.075000000000000000e+04 1.230078989804024303e-01 2.617205279927173334e-02 8.232817478379608200e-01 1.504324078288575284e-01 1.137915339098771066e-04 0.000000000000000000e+00
3.100000000000000000e+04 1.240079631997552667e-01 2.696859353664087314e-02 8.231679563040509295e-01 1.495220755575785154e-01 3.413746017296313199e-04 0.000000000000000000e+00
3.125000000000000000e+04 1.250080274191081031e-01 2.605826126536185672e-02 8.233955393718707105e-01 1.504324078288575284e-01 1.137915339098771066e-04 0.000000000000000000e+00
3.150000000000000000e+04 1.260080916384609395e-01 2.457897132453345374e-02 8.243058716431497235e-01 1.504324078288575284e-01 6.827492034592626399e-04 0.000000000000000000e+00
3.175000000000000000e+04 1.270081558578137759e-01 2.514792899408284030e-02 8.237369139736003820e-01 1.508875739644970349e-01 2.275830678197542133e-04 0.000000000000000000e+00
3.200000000000000000e+04 1.280082200771668344e-01 2.469276285844333035e-02 8.238507055075102725e-01 1.510013654984069253e-01 4.551661356395084266e-04 0.000000000000000000e+00
3.225000000000000000e+04 1.290082842965196708e-01 2.560309512972235024e-02 8.236231224396904915e-01 1.505461993627674189e-01 2.275830678197542133e-04 0.000000000000000000e+00
3.250000000000000000e+04 1.300083485158725072e-01 2.480655439235321044e-02 8.244196631770596140e-01 1.505461993627674189e-01 2.275830678197542133e-04 0.000000000000000000e+00
3.275000000000000000e+04 1.310084127352253436e-01 2.435138825671370050e-02 8.247610377787892855e-01 1.505461993627674189e-01 3.413746017296313199e-04 0.000000000000000000e+00
3.300000000000000000e+04 1.320084769545781800e-01 2.548930359581247015e-02 8.232817478379608200e-01 1.504324078288575284e-01 7.965407373691396923e-04 0.000000000000000000e+00
3.325000000000000000e+04 1.330085411739310164e-01 2.514792899408284030e-02 8.240782885753299425e-01 1.505461993627674189e-01 2.275830678197542133e-04 0.000000000000000000e+00
3.350000000000000000e+04 1.340086053932838528e-01 2.583067819754210348e-02 8.238507055075102725e-01 1.499772416932180219e-01 3.413746017296313199e-04 0.000000000000000000e+00
3.375000000000000000e+04 1.350086696126366892e-01 2.435138825671370050e-02 8.249886208466090665e-01 1.502048247610377751e-01 4.551661356395084266e-04 0.000000000000000000e+00
3.400000000000000000e+04 1.360087338319897476e-01 2.708238507055074976e-02 8.224852071005916976e-01 1.500910332271279124e-01 3.413746017296313199e-04 0.000000000000000000e+00
3.425000000000000000e+04 1.370087980513425840e-01 2.435138825671370050e-02 8.240782885753299425e-01 1.510013654984069253e-01 5.689576695493854790e-04 0.000000000000000000e+00
3.450000000000000000e+04 1.380088622706954204e-01 2.492034592626308706e-02 8.238507055075102725e-01 1.504324078288575284e-01 7.965407373691396923e-04 0.000000000000000000e+00
3.475000000000000000e+04 1.390089264900482569e-01 2.355484751934456070e-02 8.245334547109695045e-01 1.511151570323167881e-01 7.965407373691396923e-04 0.000000000000000000e+00
3.500000000000000000e+04 1.400089907094010933e-01 2.548930359581247015e-02 8.228265817023213691e-01 1.513427401001365413e-01 3.413746017296313199e-04 0.000000000000000000e+00
3.525000000000000000e+04 1.410090549287539297e-01 2.560309512972235024e-02 8.230541647701411501e-01 1.505461993627674189e-01 7.965407373691396923e-04 0.000000000000000000e+00
3.550000000000000000e+04 1.420091191481067661e-01 2.605826126536185672e-02 8.229403732362312596e-01 1.507737824305871721e-01 2.275830678197542133e-04 0.000000000000000000e+00
3.575000000000000000e+04 1.430091833674598245e-01 2.537551206190259354e-02 8.237369139736003820e-01 1.503186162949476656e-01 5.689576695493854790e-04 0.000000000000000000e+00
3.600000000000000000e+04 1.440092475868126609e-01 2.492034592626308706e-02 8.237369139736003820e-01 1.508875739644970349e-01 4.551661356395084266e-04 0.000000000000000000e+00
3.625000000000000000e+04 1.450093118061654973e-01 2.548930359581247015e-02 8.232817478379608200e-01 1.506599908966772816e-01 5.689576695493854790e-04 0.000000000000000000e+00
3.650000000000000000e+04 1.460093760255183337e-01 2.492034592626308706e-02 8.241920801092398330e-01 1.503186162949476656e-01 5.689576695493854790e-04 0.000000000000000000e+00
3.675000000000000000e+04 1.470094402448711701e-01 2.651342740100136666e-02 8.220300409649522466e-01 1.508875739644970349e-01 5.689576695493854790e-04 0.000000000000000000e+00
3.700000000000000000e+04 1.480095044642240065e-01 2.560309512972235024e-02 8.230541647701411501e-01 1.511151570323167881e-01 2.275830678197542133e-04 0.000000000000000000e+00
3.725000000000000000e+04 1.490095686835768429e-01 2.457897132453345374e-02 8.244196631770596140e-01 1.505461993627674189e-01 4.551661356395084266e-04 0.000000000000000000e+00
3.750000000000000000e+04 1.500096329029296793e-01 2.571688666363222686e-02 8.236231224396904915e-01 1.503186162949476656e-01 3.413746017296313199e-04 0.000000000000000000e+00
3.775000000000000000e+04 1.510096971222827378e-01 2.537551206190259354e-02 8.232817478379608200e-01 1.510013654984069253e-01 3.413746017296313199e-04 0.000000000000000000e+00
3.800000000000000000e+04 1.520097613416355742e-01 2.560309512972235024e-02 8.231679563040509295e-01 1.507737824305871721e-01 4.551661356395084266e-04 0.000000000000000000e+00
3.825000000000000000e+04 1.530098255609884106e-01 2.583067819754210348e-02 8.232817478379608200e-01 1.502048247610377751e-01 6.827492034592626399e-04 0.000000000000000000e+00
3.850000000000000000e+04 1.540098897803412470e-01 2.674101046882111990e-02 8.230541647701411501e-01 1.500910332271279124e-01 1.137915339098771066e-04 0.000000000000000000e+00
3.875000000000000000e+04 1.550099539996940834e-01 2.583067819754210348e-02 8.240782885753299425e-01 1.496358670914884059e-01 4.551661356395084266e-04 0.000000000000000000e+00
3.900000000000000000e+04 1.560100182190469198e-01 2.514792899408284030e-02 8.240782885753299425e-01 1.498634501593081592e-01 9.103322712790168532e-04 0.000000000000000000e+00
3.925000000000000000e+04 1.570100824383997562e-01 2.571688666363222686e-02 8.233955393718707105e-01 1.502048247610377751e-01 6.827492034592626399e-04 0.000000000000000000e+00
3.950000000000000000e+04 1.580101466577525926e-01 2.696859353664087314e-02 8.229403732362312596e-01 1.498634501593081592e-01 2.275830678197542133e-04 0.000000000000000000e+00
3.975000000000000000e+04 1.590102108771056511e-01 2.537551206190259354e-02 8.237369139736003820e-01 1.502048247610377751e-01 6.827492034592626399e-04 0.000000000000000000e+00
4.000000000000000000e+04 1.600102750964584875e-01 2.742375967228038308e-02 8.221438324988621371e-01 1.502048247610377751e-01 2.275830678197542133e-04 0.000000000000000000e+00
4.025000000000000000e+04 1.610103393158113239e-01 2.628584433318160996e-02 8.232817478379608200e-01 1.500910332271279124e-01 3.413746017296313199e-04 0.000000000000000000e+00
4.050000000000000000e+04 1.620104035351641603e-01 2.685480200273099652e-02 8.214610832954027941e-01 1.510013654984069253e-01 6.827492034592626399e-04 0.000000000000000000e+00
4.075000000000000000e+04 1.630104677545169967e-01 2.605826126536185672e-02 8.227127901684114786e-01 1.505461993627674189e-01 6.827492034592626399e-04 0.000000000000000000e+00
4.100000000000000000e+04 1.640105319738698331e-01 2.799271734182976618e-02 8.207783340919435622e-01 1.507737824305871721e-01 4.551661356395084266e-04 0.000000000000000000e+00
4.125000000000000000e+04 1.650105961932226695e-01 2.799271734182976618e-02 8.207783340919435622e-01 1.507737824305871721e-01 4.551661356395084266e-04 0.000000000000000000e+00
4.150000000000000000e+04 1.660106604125757279e-01 2.890304961310878606e-02 8.198680018206645492e-01 1.508875739644970349e-01 3.413746017296313199e-04 0.000000000000000000e+00
4.175000000000000000e+04 1.670107246319285643e-01 2.992717341829767910e-02 8.182749203459263043e-01 1.513427401001365413e-01 4.551661356395084266e-04 0.000000000000000000e+00
4.200000000000000000e+04 1.680107888512814007e-01 3.015475648611743234e-02 8.159990896677287164e-01 1.529358215748748417e-01 9.103322712790168532e-04 0.000000000000000000e+00
4.225000000000000000e+04 1.690108530706342371e-01 3.311333636777423484e-02 8.119025944469731026e-01 1.544151115157032239e-01 5.689576695493854790e-04 0.000000000000000000e+00
4.250000000000000000e+04 1.700109172899870735e-01 5.735093309057805872e-02 7.626308602639964018e-01 1.753527537551206328e-01 4.665452890304961318e-03 0.000000000000000000e+00
4.275000000000000000e+04 1.710109815093399099e-01 9.080564406008193035e-02 7.137005006827491504e-01 1.911697769685935244e-01 4.324078288575329727e-03 0.000000000000000000e+00
4.300000000000000000e+04 1.720110457286927463e-01 8.375056895766955223e-02 7.239417387346381849e-01 1.888939462903959920e-01 3.413746017296313308e-03 0.000000000000000000e+00
4.325000000000000000e+04 1.730111099480455827e-01 7.305416477014110843e-02 7.419208010923987739e-01 1.802457897132453413e-01 4.779244424214838804e-03 0.000000000000000000e+00
4.350000000000000000e+04 1.740111741673986412e-01 6.668183887118799003e-02 7.728720983158853253e-01 1.570323167956304000e-01 3.413746017296313308e-03 0.000000000000000000e+00
4.375000000000000000e+04 1.750112383867514776e-01 6.725079654073737312e-02 7.691169776968593830e-01 1.611288120163859861e-01 2.503413746017296455e-03 0.000000000000000000e+00
4.400000000000000000e+04 1.760113026061043140e-01 6.725079654073737312e-02 7.661583978152025631e-01 1.624943104233045055e-01 4.096495220755575623e-03 0.000000000000000000e+00
4.425000000000000000e+04 1.770113668254571504e-01 6.543013199817933334e-02 7.746927628584433512e-01 1.568047337278106468e-01 3.072371415566681717e-03 0.000000000000000000e+00
4.450000000000000000e+04 1.780114310448099868e-01 6.781975421028675621e-02 7.684342284934000400e-01 1.610150204824760956e-01 2.730996813837050560e-03 0.000000000000000000e+00
4.475000000000000000e+04 1.790114952641628232e-01 6.804733727810650945e-02 7.707100591715976279e-01 1.588529813381884259e-01 2.389622212107419402e-03 0.000000000000000000e+00
4.500000000000000000e+04 1.800115594835156596e-01 6.702321347291761988e-02 7.700273099681383959e-01 1.597633136094674666e-01 3.186162949476558769e-03 0.000000000000000000e+00
4.525000000000000000e+04 1.810116237028684960e-01 6.747837960855712636e-02 7.707100591715976279e-01 1.597633136094674666e-01 2.048247610377787811e-03 0.000000000000000000e+00
4.550000000000000000e+04 1.820116879222215545e-01 6.656804733727811341e-02 7.728720983158853253e-01 1.581702321347291662e-01 2.389622212107419402e-03 0.000000000000000000e+00
4.575000000000000000e+04 1.830117521415743909e-01 6.827492034592626269e-02 7.703686845698679564e-01 1.590805644060081792e-01 2.275830678197541916e-03 0.000000000000000000e+00
4.600000000000000000e+04 1.840118163609272273e-01 6.747837960855712636e-02 7.678652708238506985e-01 1.626081019572143960e-01 2.048247610377787811e-03 0.000000000000000000e+00
4.625000000000000000e+04 1.850118805802800637e-01 6.781975421028675621e-02 7.697997269003186149e-01 1.601046882111970826e-01 2.275830678197541916e-03 0.000000000000000000e+00
4.650000000000000000e+04 1.860119447996329001e-01 6.850250341374601593e-02 7.679790623577605890e-01 1.607874374146563423e-01 2.730996813837050560e-03 0.000000000000000000e+00
4.675000000000000000e+04 1.870120090189857365e-01 6.907146108329539902e-02 7.650204824761037692e-01 1.631770596267637652e-01 2.730996813837050560e-03 0.000000000000000000e+00
4.700000000000000000e+04 1.880120732383385729e-01 6.907146108329539902e-02 7.685480200273099305e-01 1.604460628129267263e-01 1.934456076467910759e-03 0.000000000000000000e+00
4.725000000000000000e+04 1.890121374576914093e-01 7.032316795630405570e-02 7.653618570778334407e-01 1.626081019572143960e-01 1.706873008648156654e-03 0.000000000000000000e+00
4.750000000000000000e+04 1.900122016770444677e-01 6.827492034592626269e-02 7.672963131543013571e-01 1.619253527537551085e-01 2.503413746017296455e-03 0.000000000000000000e+00
4.775000000000000000e+04 1.910122658963973041e-01 6.781975421028675621e-02 7.641101502048247562e-01 1.649977241693217911e-01 3.072371415566681717e-03 0.000000000000000000e+00
4.800000000000000000e+04 1.920123301157501405e-01 6.952662721893490549e-02 7.639963586709148657e-01 1.644287664997724219e-01 2.048247610377787811e-03 0.000000000000000000e+00
4.825000000000000000e+04 1.930123943351029769e-01 7.225762403277195822e-02 7.620619025944469493e-01 1.619253527537551085e-01 3.755120619025944465e-03 0.000000000000000000e+00
4.850000000000000000e+04 1.940124585544558133e-01 6.781975421028675621e-02 7.662721893491124536e-01 1.627218934911242587e-01 3.186162949476558769e-03 0.000000000000000000e+00
4.875000000000000000e+04 1.950125227738086497e-01 7.043695949021393232e-02 7.638825671370049752e-01 1.634046426945835184e-01 2.275830678197541916e-03 0.000000000000000000e+00
4.900000000000000000e+04 1.960125869931614861e-01 6.873008648156576916e-02 7.669549385525716856e-01 1.620391442876649990e-01 2.275830678197541916e-03 0.000000000000000000e+00
4.925000000000000000e+04 1.970126512125145446e-01 6.827492034592626269e-02 7.661583978152025631e-01 1.626081019572143960e-01 2.958579881656804664e-03 0.000000000000000000e+00
4.950000000000000000e+04 1.980127154318673810e-01 6.952662721893490549e-02 7.631998179335457433e-01 1.643149749658625314e-01 2.958579881656804664e-03 0.000000000000000000e+00
4.975000000000000000e+04 1.990127796512202174e-01 7.146108329540282189e-02 7.626308602639964018e-01 1.637460172963131622e-01 2.162039144287664864e-03 0.000000000000000000e+00
5.000000000000000000e+04 2.000128438705730538e-01 7.009558488848430247e-02 7.650204824761037692e-01 1.624943104233045055e-01 2.389622212107419402e-03 0.000000000000000000e+00
5.025000000000000000e+04 2.010129080899258902e-01 7.191624943104232837e-02 7.612653618570778269e-01 1.646563495675921751e-01 2.162039144287664864e-03 0.000000000000000000e+00
5.050000000000000000e+04 2.020129723092787266e-01 7.100591715976331542e-02 7.631998179335457433e-01 1.629494765589440120e-01 2.844788347746927612e-03 0.000000000000000000e+00
5.075000000000000000e+04 2.030130365286315630e-01 5.826126536185707860e-02 7.787892580791988539e-01 1.591943559399180697e-01 3.755120619025944465e-03 0.000000000000000000e+00
5.100000000000000000e+04 2.040131007479843994e-01 6.121984524351388457e-02 7.763996358670914866e-01 1.596495220755575761e-01 2.730996813837050560e-03 0.000000000000000000e+00
5.125000000000000000e+04 2.050131649673374579e-01 5.678197542102867562e-02 7.770823850705507185e-01 1.620391442876649990e-01 4.096495220755575623e-03 0.000000000000000000e+00
5.150000000000000000e+04 2.060132291866902943e-01 5.860263996358670846e-02 7.789030496131087444e-01 1.585116067364588099e-01 3.982703686845699004e-03 0.000000000000000000e+00
5.175000000000000000e+04 2.070132934060431307e-01 6.053709604005461792e-02 7.750341374601729116e-01 1.598771051433773294e-01 4.551661356395083832e-03 0.000000000000000000e+00
5.200000000000000000e+04 2.080133576253959671e-01 5.712335002275830548e-02 7.775375512061902805e-01 1.616977696859353553e-01 3.641329085116067413e-03 0.000000000000000000e+00
5.225000000000000000e+04 2.090134218447488035e-01 5.723714155666818210e-02 7.798133818843877574e-01 1.604460628129267263e-01 2.503413746017296455e-03 0.000000000000000000e+00
5.250000000000000000e+04 2.100134860641016399e-01 5.848884842967683184e-02 7.746927628584433512e-01 1.645425580336822846e-01 2.275830678197541916e-03 0.000000000000000000e+00
5.275000000000000000e+04 2.110135502834544763e-01 6.019572143832498806e-02 7.771961766044606090e-01 1.609012289485662328e-01 1.706873008648156654e-03 0.000000000000000000e+00
5.300000000000000000e+04 2.120136145028073127e-01 5.826126536185707860e-02 7.769685935366408280e-01 1.613563950842057393e-01 3.413746017296313308e-03 0.000000000000000000e+00
5.325000000000000000e+04 2.130136787221603711e-01 5.848884842967683184e-02 7.783340919435594030e-01 1.609012289485662328e-01 2.275830678197541916e-03 0.000000000000000000e+00
5.350000000000000000e+04 2.140137429415132075e-01 5.917159763313609155e-02 7.774237596722803900e-01 1.606736458807464796e-01 2.730996813837050560e-03 0.000000000000000000e+00
5.375000000000000000e+04 2.150138071608660439e-01 6.019572143832498806e-02 7.757168866636322546e-01 1.606736458807464796e-01 3.413746017296313308e-03 0.000000000000000000e+00
5.400000000000000000e+04 2.160138713802188803e-01 6.133363677742376119e-02 7.752617205279926926e-01 1.607874374146563423e-01 2.617205279927173507e-03 0.000000000000000000e+00
5.425000000000000000e+04 2.170139355995717168e-01 6.213017751479289752e-02 7.724169321802457633e-01 1.622667273554847522e-01 3.186162949476558769e-03 0.000000000000000000e+00
5.450000000000000000e+04 2.180139998189245532e-01 6.156121984524351443e-02 7.753755120619025831e-01 1.606736458807464796e-01 2.389622212107419402e-03 0.000000000000000000e+00
5.475000000000000000e+04 2.190140640382773896e-01 6.338188438780155420e-02 7.725307237141556538e-01 1.598771051433773294e-01 4.210286754665453109e-03 0.000000000000000000e+00
5.500000000000000000e+04 2.200141282576304480e-01 6.213017751479289752e-02 7.738962221210742287e-01 1.606736458807464796e-01 3.299954483386436255e-03 0.000000000000000000e+00
5.525000000000000000e+04 2.210141924769832844e-01 6.304050978607191047e-02 7.732134729176148857e-01 1.602184797451069731e-01 3.527537551206190360e-03 0.000000000000000000e+00
5.550000000000000000e+04 2.220142566963361208e-01 6.395084205735093730e-02 7.735548475193445572e-01 1.601046882111970826e-01 2.389622212107419402e-03 0.000000000000000000e+00
5.575000000000000000e+04 2.230143209156889572e-01 6.326809285389166371e-02 7.730996813837051063e-01 1.609012289485662328e-01 2.730996813837050560e-03 0.000000000000000000e+00
5.600000000000000000e+04 2.240143851350417936e-01 6.827492034592626269e-02 7.643377332726445372e-01 1.651115157032316816e-01 2.275830678197541916e-03 0.000000000000000000e+00
5.625000000000000000e+04 2.250144493543946300e-01 6.588529813381883982e-02 7.657032316795630011e-01 1.663632225762403383e-01 2.048247610377787811e-03 0.000000000000000000e+00
5.650000000000000000e+04 2.260145135737474664e-01 6.804733727810650945e-02 7.619481110605370588e-01 1.675011379153391045e-01 2.503413746017296455e-03 0.000000000000000000e+00
5.675000000000000000e+04 2.270145777931003028e-01 6.520254893035958010e-02 7.651342740100136597e-01 1.669321802457897075e-01 2.730996813837050560e-03 0.000000000000000000e+00
