# itime ezz other fcc hcp bcc ico
0.000000000000000000e+00 0.000000000000000000e+00 0.000000000000000000e+00 1.000000000000000000e+00 0.000000000000000000e+00 0.000000000000000000e+00 0.000000000000000000e+00
3.000000000000000000e+00 1.199936834218373605e-03 0.000000000000000000e+00 1.000000000000000000e+00 0.000000000000000000e+00 0.000000000000000000e+00 0.000000000000000000e+00
6.000000000000000000e+00 2.399873668436525165e-03 0.000000000000000000e+00 1.000000000000000000e+00 0.000000000000000000e+00 0.000000000000000000e+00 0.000000000000000000e+00
9.000000000000000000e+00 3.599810502654898769e-03 0.000000000000000000e+00 1.000000000000000000e+00 0.000000000000000000e+00 0.000000000000000000e+00 0.000000000000000000e+00
1.200000000000000000e+01 4.799747336873272374e-03 0.000000000000000000e+00 1.000000000000000000e+00 0.000000000000000000e+00 0.000000000000000000e+00 0.000000000000000000e+00
1.500000000000000000e+01 5.999684171091423934e-03 0.000000000000000000e+00 1.000000000000000000e+00 0.000000000000000000e+00 0.000000000000000000e+00 0.000000000000000000e+00
1.800000000000000000e+01 7.199621005309797539e-03 0.000000000000000000e+00 1.000000000000000000e+00 0.000000000000000000e+00 0.000000000000000000e+00 0.000000000000000000e+00
2.100000000000000000e+01 8.399557839527949099e-03 0.000000000000000000e+00 1.000000000000000000e+00 0.000000000000000000e+00 0.000000000000000000e+00 0.000000000000000000e+00
2.400000000000000000e+01 9.599494673746322704e-03 0.000000000000000000e+00 1.000000000000000000e+00 0.000000000000000000e+00 0.000000000000000000e+00 0.000000000000000000e+00
2.700000000000000000e+01 1.079943150796469631e-02 0.000000000000000000e+00 1.000000000000000000e+00 0.000000000000000000e+00 0.000000000000000000e+00 0.000000000000000000e+00
3.000000000000000000e+01 1.199936834218284787e-02 0.000000000000000000e+00 1.000000000000000000e+00 0.000000000000000000e+00 0.000000000000000000e+00 0.000000000000000000e+00
3.300000000000000000e+01 1.319930517640122147e-02 0.000000000000000000e+00 1.000000000000000000e+00 0.000000000000000000e+00 0.000000000000000000e+00 0.000000000000000000e+00
3.600000000000000000e+01 1.439924201061959508e-02 0.000000000000000000e+00 1.000000000000000000e+00 0.000000000000000000e+00 0.000000000000000000e+00 0.000000000000000000e+00
3.900000000000000000e+01 1.559917884483774664e-02 0.000000000000000000e+00 1.000000000000000000e+00 0.000000000000000000e+00 0.000000000000000000e+00 0.000000000000000000e+00
4.200000000000000000e+01 1.679911567905612024e-02 0.000000000000000000e+00 1.000000000000000000e+00 0.000000000000000000e+00 0.000000000000000000e+00 0.000000000000000000e+00
4.500000000000000000e+01 1.799905251327427180e-02 0.000000000000000000e+00 1.000000000000000000e+00 0.000000000000000000e+00 0.000000000000000000e+00 0.000000000000000000e+00
4.800000000000000000e+01 1.919898934749264541e-02 0.000000000000000000e+00 1.000000000000000000e+00 0.000000000000000000e+00 0.000000000000000000e+00 0.000000000000000000e+00
5.100000000000000000e+01 2.039892618171101901e-02 0.000000000000000000e+00 1.000000000000000000e+00 0.000000000000000000e+00 0.000000000000000000e+00 0.000000000000000000e+00
5.400000000000000000e+01 2.159886301592917057e-02 0.000000000000000000e+00 1.000000000000000000e+00 0.000000000000000000e+00 0.000000000000000000e+00 0.000000000000000000e+00
5.700000000000000000e+01 2.279879985014754418e-02 0.000000000000000000e+00 1.000000000000000000e+00 0.000000000000000000e+00 0.000000000000000000e+00 0.000000000000000000e+00
6.000000000000000000e+01 2.399873668436591778e-02 0.000000000000000000e+00 1.000000000000000000e+00 0.000000000000000000e+00 0.000000000000000000e+00 0.000000000000000000e+00
6.300000000000000000e+01 2.519867351858406934e-02 0.000000000000000000e+00 1.000000000000000000e+00 0.000000000000000000e+00 0.000000000000000000e+00 0.000000000000000000e+00
6.600000000000000000e+01 2.639861035280244295e-02 0.000000000000000000e+00 1.000000000000000000e+00 0.000000000000000000e+00 0.000000000000000000e+00 0.000000000000000000e+00
6.900000000000000000e+01 2.759854718702059451e-02 0.000000000000000000e+00 1.000000000000000000e+00 0.000000000000000000e+00 0.000000000000000000e+00 0.000000000000000000e+00
7.200000000000000000e+01 2.879848402123896811e-02 0.000000000000000000e+00 1.000000000000000000e+00 0.000000000000000000e+00 0.000000000000000000e+00 0.000000000000000000e+00
7.500000000000000000e+01 2.999842085545734172e-02 0.000000000000000000e+00 1.000000000000000000e+00 0.000000000000000000e+00 0.000000000000000000e+00 0.000000000000000000e+00
7.800000000000000000e+01 3.119835768967549328e-02 0.000000000000000000e+00 1.000000000000000000e+00 0.000000000000000000e+00 0.000000000000000000e+00 0.000000000000000000e+00
8.100000000000000000e+01 3.239829452389386688e-02 0.000000000000000000e+00 1.000000000000000000e+00 0.000000000000000000e+00 0.000000000000000000e+00 0.000000000000000000e+00
8.400000000000000000e+01 3.359823135811224049e-02 0.000000000000000000e+00 1.000000000000000000e+00 0.000000000000000000e+00 0.000000000000000000e+00 0.000000000000000000e+00
8.700000000000000000e+01 3.479816819233039205e-02 0.000000000000000000e+00 1.000000000000000000e+00 0.000000000000000000e+00 0.000000000000000000e+00 0.000000000000000000e+00
9.000000000000000000e+01 3.599810502654876565e-02 0.000000000000000000e+00 1.000000000000000000e+00 0.000000000000000000e+00 0.000000000000000000e+00 0.000000000000000000e+00
9.300000000000000000e+01 3.719804186076691721e-02 0.000000000000000000e+00 1.000000000000000000e+00 0.000000000000000000e+00 0.000000000000000000e+00 0.000000000000000000e+00
9.600000000000000000e+01 3.839797869498529082e-02 0.000000000000000000e+00 1.000000000000000000e+00 0.000000000000000000e+00 0.000000000000000000e+00 0.000000000000000000e+00
9.900000000000000000e+01 3.959791552920366442e-02 0.000000000000000000e+00 1.000000000000000000e+00 0.000000000000000000e+00 0.000000000000000000e+00 0.000000000000000000e+00
1.020000000000000000e+02 4.079785236342181598e-02 0.000000000000000000e+00 1.000000000000000000e+00 0.000000000000000000e+00 0.000000000000000000e+00 0.000000000000000000e+00
1.050000000000000000e+02 4.199778919764018958e-02 0.000000000000000000e+00 1.000000000000000000e+00 0.000000000000000000e+00 0.000000000000000000e+00 0.000000000000000000e+00
1.080000000000000000e+02 4.319772603185856319e-02 0.000000000000000000e+00 1.000000000000000000e+00 0.000000000000000000e+00 0.000000000000000000e+00 0.000000000000000000e+00
1.110000000000000000e+02 4.439766286607671475e-02 0.000000000000000000e+00 1.000000000000000000e+00 0.000000000000000000e+00 0.000000000000000000e+00 0.000000000000000000e+00
1.140000000000000000e+02 4.559759970029508835e-02 0.000000000000000000e+00 1.000000000000000000e+00 0.000000000000000000e+00 0.000000000000000000e+00 0.000000000000000000e+00
1.170000000000000000e+02 4.679753653451323991e-02 0.000000000000000000e+00 1.000000000000000000e+00 0.000000000000000000e+00 0.000000000000000000e+00 0.000000000000000000e+00
1.200000000000000000e+02 4.799747336873161352e-02 0.000000000000000000e+00 1.000000000000000000e+00 0.000000000000000000e+00 0.000000000000000000e+00 0.000000000000000000e+00
1.230000000000000000e+02 4.919741020294998712e-02 0.000000000000000000e+00 1.000000000000000000e+00 0.000000000000000000e+00 0.000000000000000000e+00 0.000000000000000000e+00
1.260000000000000000e+02 5.039734703716813868e-02 0.000000000000000000e+00 1.000000000000000000e+00 0.000000000000000000e+00 0.000000000000000000e+00 0.000000000000000000e+00
1.290000000000000000e+02 5.159728387138651229e-02 0.000000000000000000e+00 1.000000000000000000e+00 0.000000000000000000e+00 0.000000000000000000e+00 0.000000000000000000e+00
1.320000000000000000e+02 5.279722070560488589e-02 0.000000000000000000e+00 1.000000000000000000e+00 0.000000000000000000e+00 0.000000000000000000e+00 0.000000000000000000e+00
1.350000000000000000e+02 5.399715753982303745e-02 0.000000000000000000e+00 1.000000000000000000e+00 0.000000000000000000e+00 0.000000000000000000e+00 0.000000000000000000e+00
1.380000000000000000e+02 5.519709437404141106e-02 0.000000000000000000e+00 1.000000000000000000e+00 0.000000000000000000e+00 0.000000000000000000e+00 0.000000000000000000e+00
1.410000000000000000e+02 5.639703120825956262e-02 0.000000000000000000e+00 1.000000000000000000e+00 0.000000000000000000e+00 0.000000000000000000e+00 0.000000000000000000e+00
1.440000000000000000e+02 5.759696804247793622e-02 0.000000000000000000e+00 1.000000000000000000e+00 0.000000000000000000e+00 0.000000000000000000e+00 0.000000000000000000e+00
1.470000000000000000e+02 5.879690487669630983e-02 0.000000000000000000e+00 1.000000000000000000e+00 0.000000000000000000e+00 0.000000000000000000e+00 0.000000000000000000e+00
1.500000000000000000e+02 5.999684171091446139e-02 0.000000000000000000e+00 1.000000000000000000e+00 0.000000000000000000e+00 0.000000000000000000e+00 0.000000000000000000e+00
1.530000000000000000e+02 6.119677854513283499e-02 0.000000000000000000e+00 1.000000000000000000e+00 0.000000000000000000e+00 0.000000000000000000e+00 0.000000000000000000e+00
1.560000000000000000e+02 6.239671537935120860e-02 0.000000000000000000e+00 1.000000000000000000e+00 0.000000000000000000e+00 0.000000000000000000e+00 0.000000000000000000e+00
1.590000000000000000e+02 6.359665221356936016e-02 0.000000000000000000e+00 1.000000000000000000e+00 0.000000000000000000e+00 0.000000000000000000e+00 0.000000000000000000e+00
1.620000000000000000e+02 6.479658904778773376e-02 0.000000000000000000e+00 1.000000000000000000e+00 0.000000000000000000e+00 0.000000000000000000e+00 0.000000000000000000e+00
1.650000000000000000e+02 6.599652588200588532e-02 0.000000000000000000e+00 1.000000000000000000e+00 0.000000000000000000e+00 0.000000000000000000e+00 0.000000000000000000e+00
1.680000000000000000e+02 6.719646271622425893e-02 0.000000000000000000e+00 1.000000000000000000e+00 0.000000000000000000e+00 0.000000000000000000e+00 0.000000000000000000e+00
1.710000000000000000e+02 6.839639955044263253e-02 0.000000000000000000e+00 1.000000000000000000e+00 0.000000000000000000e+00 0.000000000000000000e+00 0.000000000000000000e+00
1.740000000000000000e+02 6.959633638466078409e-02 0.000000000000000000e+00 1.000000000000000000e+00 0.000000000000000000e+00 0.000000000000000000e+00 0.000000000000000000e+00
1.770000000000000000e+02 7.079627321887915770e-02 0.000000000000000000e+00 1.000000000000000000e+00 0.000000000000000000e+00 0.000000000000000000e+00 0.000000000000000000e+00
1.800000000000000000e+02 7.199621005309753130e-02 0.000000000000000000e+00 1.000000000000000000e+00 0.000000000000000000e+00 0.000000000000000000e+00 0.000000000000000000e+00
1.830000000000000000e+02 7.319614688731568286e-02 4.551661356395084266e-04 9.995448338643604380e-01 0.000000000000000000e+00 0.000000000000000000e+00 0.000000000000000000e+00
1.860000000000000000e+02 7.439608372153405647e-02 4.551661356395084266e-04 9.995448338643604380e-01 0.000000000000000000e+00 0.000000000000000000e+00 0.000000000000000000e+00
1.890000000000000000e+02 7.559602055575220803e-02 0.000000000000000000e+00 1.000000000000000000e+00 0.000000000000000000e+00 0.000000000000000000e+00 0.000000000000000000e+00
1.920000000000000000e+02 7.679595738997058163e-02 1.137915339098771066e-04 9.998862084660901095e-01 0.000000000000000000e+00 0.000000000000000000e+00 0.000000000000000000e+00
1.950000000000000000e+02 7.799589422418895523e-02 0.000000000000000000e+00 1.000000000000000000e+00 0.000000000000000000e+00 0.000000000000000000e+00 0.000000000000000000e+00
1.980000000000000000e+02 7.919583105840710680e-02 0.000000000000000000e+00 1.000000000000000000e+00 0.000000000000000000e+00 0.000000000000000000e+00 0.000000000000000000e+00
2.010000000000000000e+02 8.039576789262548040e-02 0.000000000000000000e+00 1.000000000000000000e+00 0.000000000000000000e+00 0.000000000000000000e+00 0.000000000000000000e+00
2.040000000000000000e+02 8.159570472684385400e-02 0.000000000000000000e+00 1.000000000000000000e+00 0.000000000000000000e+00 0.000000000000000000e+00 0.000000000000000000e+00
2.070000000000000000e+02 8.279564156106200556e-02 1.137915339098771066e-04 9.998862084660901095e-01 0.000000000000000000e+00 0.000000000000000000e+00 0.000000000000000000e+00
2.100000000000000000e+02 8.399557839528037917e-02 1.137915339098771066e-04 9.998862084660901095e-01 0.000000000000000000e+00 0.000000000000000000e+00 0.000000000000000000e+00
2.130000000000000000e+02 8.519551522949853073e-02 4.551661356395084266e-04 9.995448338643604380e-01 0.000000000000000000e+00 0.000000000000000000e+00 0.000000000000000000e+00
2.160000000000000000e+02 8.639545206371690433e-02 6.827492034592626399e-04 9.993172507965407680e-01 0.000000000000000000e+00 0.000000000000000000e+00 0.000000000000000000e+00
2.190000000000000000e+02 8.759538889793527794e-02 4.551661356395084266e-04 9.995448338643604380e-01 0.000000000000000000e+00 0.000000000000000000e+00 0.000000000000000000e+00
2.220000000000000000e+02 8.879532573215342950e-02 3.413746017296313199e-04 9.996586253982703285e-01 0.000000000000000000e+00 0.000000000000000000e+00 0.000000000000000000e+00
2.250000000000000000e+02 8.999526256637180310e-02 5.689576695493854790e-04 9.994310423304506585e-01 0.000000000000000000e+00 0.000000000000000000e+00 0.000000000000000000e+00
2.280000000000000000e+02 9.119519940059017671e-02 1.137915339098771066e-04 9.998862084660901095e-01 0.000000000000000000e+00 0.000000000000000000e+00 0.000000000000000000e+00
2.310000000000000000e+02 9.239513623480832827e-02 4.551661356395084266e-04 9.995448338643604380e-01 0.000000000000000000e+00 0.000000000000000000e+00 0.000000000000000000e+00
2.340000000000000000e+02 9.359507306902670187e-02 4.551661356395084266e-04 9.995448338643604380e-01 0.000000000000000000e+00 0.000000000000000000e+00 0.000000000000000000e+00
2.370000000000000000e+02 9.479500990324485343e-02 7.965407373691396923e-04 9.992034592626308775e-01 0.000000000000000000e+00 0.000000000000000000e+00 0.000000000000000000e+00
2.400000000000000000e+02 9.599494673746322704e-02 5.689576695493854790e-04 9.993172507965407680e-01 0.000000000000000000e+00 1.137915339098771066e-04 0.000000000000000000e+00
2.430000000000000000e+02 9.719488357168160064e-02 4.551661356395084266e-04 9.995448338643604380e-01 0.000000000000000000e+00 0.000000000000000000e+00 0.000000000000000000e+00
2.460000000000000000e+02 9.839482040589975220e-02 4.551661356395084266e-04 9.995448338643604380e-01 0.000000000000000000e+00 0.000000000000000000e+00 0.000000000000000000e+00
2.490000000000000000e+02 9.959475724011812581e-02 4.551661356395084266e-04 9.995448338643604380e-01 0.000000000000000000e+00 0.000000000000000000e+00 0.000000000000000000e+00
2.520000000000000000e+02 1.007946940743364994e-01 6.827492034592626399e-04 9.993172507965407680e-01 0.000000000000000000e+00 0.000000000000000000e+00 0.000000000000000000e+00
2.550000000000000000e+02 1.019946309085546510e-01 4.551661356395084266e-04 9.995448338643604380e-01 0.000000000000000000e+00 0.000000000000000000e+00 0.000000000000000000e+00
2.580000000000000000e+02 1.031945677427730246e-01 6.827492034592626399e-04 9.993172507965407680e-01 0.000000000000000000e+00 0.000000000000000000e+00 0.000000000000000000e+00
2.610000000000000000e+02 1.043945045769911761e-01 1.479289940828402332e-03 9.985207100591716456e-01 0.000000000000000000e+00 0.000000000000000000e+00 0.000000000000000000e+00
2.640000000000000000e+02 1.055944414112095497e-01 1.137915339098770958e-03 9.988620846609012061e-01 0.000000000000000000e+00 0.000000000000000000e+00 0.000000000000000000e+00
2.670000000000000000e+02 1.067943782454279233e-01 7.965407373691396923e-04 9.992034592626308775e-01 0.000000000000000000e+00 0.000000000000000000e+00 0.000000000000000000e+00
2.700000000000000000e+02 1.079943150796460749e-01 1.137915339098771066e-04 9.998862084660901095e-01 0.000000000000000000e+00 0.000000000000000000e+00 0.000000000000000000e+00
2.730000000000000000e+02 1.091942519138644485e-01 1.024123805188893906e-03 9.989758761948110966e-01 0.000000000000000000e+00 0.000000000000000000e+00 0.000000000000000000e+00
2.760000000000000000e+02 1.103941887480828221e-01 1.593081474738279385e-03 9.984069185252617551e-01 0.000000000000000000e+00 0.000000000000000000e+00 0.000000000000000000e+00
2.790000000000000000e+02 1.115941255823009737e-01 1.251706873008648227e-03 9.987482931269913156e-01 0.000000000000000000e+00 0.000000000000000000e+00 0.000000000000000000e+00
2.820000000000000000e+02 1.127940624165193473e-01 7.965407373691396923e-04 9.992034592626308775e-01 0.000000000000000000e+00 0.000000000000000000e+00 0.000000000000000000e+00
2.850000000000000000e+02 1.139939992507377209e-01 1.365498406918525280e-03 9.986345015930814251e-01 0.000000000000000000e+00 0.000000000000000000e+00 0.000000000000000000e+00
2.880000000000000000e+02 1.151939360849558724e-01 2.503413746017296455e-03 9.974965862539827421e-01 0.000000000000000000e+00 0.000000000000000000e+00 0.000000000000000000e+00
2.910000000000000000e+02 1.163938729191742461e-01 3.527537551206190360e-03 9.963586709148839482e-01 0.000000000000000000e+00 1.137915339098771066e-04 0.000000000000000000e+00
2.940000000000000000e+02 1.175938097533923976e-01 2.503413746017296455e-03 9.973827947200728516e-01 0.000000000000000000e+00 1.137915339098771066e-04 0.000000000000000000e+00
2.970000000000000000e+02 1.187937465876107712e-01 1.820664542558033706e-03 9.980655439235320836e-01 0.000000000000000000e+00 1.137915339098771066e-04 0.000000000000000000e+00
3.000000000000000000e+02 1.199936834218291448e-01 3.072371415566681717e-03 9.968138370505233992e-01 0.000000000000000000e+00 1.137915339098771066e-04 0.000000000000000000e+00
3.030000000000000000e+02 1.211936202560472964e-01 5.234410559854347014e-03 9.947655894401457033e-01 0.000000000000000000e+00 0.000000000000000000e+00 0.000000000000000000e+00
3.060000000000000000e+02 1.223935570902656700e-01 5.917159763313609329e-03 9.940828402366863603e-01 0.000000000000000000e+00 0.000000000000000000e+00 0.000000000000000000e+00
3.090000000000000000e+02 1.235934939244840436e-01 7.737824305871643035e-03 9.922621756941283344e-01 0.000000000000000000e+00 0.000000000000000000e+00 0.000000000000000000e+00
3.120000000000000000e+02 1.247934307587021951e-01 5.461993627674101119e-03 9.945380063723259223e-01 0.000000000000000000e+00 0.000000000000000000e+00 0.000000000000000000e+00
3.150000000000000000e+02 1.259933675929205688e-01 7.396449704142011444e-03 9.924897587619481154e-01 0.000000000000000000e+00 1.137915339098771066e-04 0.000000000000000000e+00
3.180000000000000000e+02 1.271933044271387203e-01 6.599908966772872511e-03 9.934000910332271284e-01 0.000000000000000000e+00 0.000000000000000000e+00 0.000000000000000000e+00
3.210000000000000000e+02 1.283932412613570939e-01 7.282658170232134826e-03 9.924897587619481154e-01 0.000000000000000000e+00 2.275830678197542133e-04 0.000000000000000000e+00
3.240000000000000000e+02 1.295931780955754675e-01 9.558488848429677609e-03 9.901001365498406370e-01 0.000000000000000000e+00 3.413746017296313199e-04 0.000000000000000000e+00
3.270000000000000000e+02 1.307931149297936191e-01 1.092398725534820224e-02 9.886208466090122826e-01 0.000000000000000000e+00 4.551661356395084266e-04 0.000000000000000000e+00
3.300000000000000000e+02 1.319930517640119927e-01 1.160673645880746542e-02 9.878243058716431602e-01 0.000000000000000000e+00 5.689576695493854790e-04 0.000000000000000000e+00
3.330000000000000000e+02 1.331929885982303663e-01 1.513427401001365448e-02 9.844105598543468894e-01 0.000000000000000000e+00 4.551661356395084266e-04 0.000000000000000000e+00
3.360000000000000000e+02 1.343929254324485179e-01 1.866181156121984527e-02 9.806554392353209471e-01 0.000000000000000000e+00 6.827492034592626399e-04 0.000000000000000000e+00
3.390000000000000000e+02 1.355928622666668915e-01 1.877560309512972189e-02 9.808830223031406170e-01 0.000000000000000000e+00 3.413746017296313199e-04 0.000000000000000000e+00
3.420000000000000000e+02 1.367927991008850430e-01 2.321347291761493084e-02 9.761037778789257713e-01 0.000000000000000000e+00 6.827492034592626399e-04 0.000000000000000000e+00
3.450000000000000000e+02 1.379927359351034166e-01 2.765134274010013632e-02 9.713245334547109255e-01 0.000000000000000000e+00 1.024123805188893906e-03 0.000000000000000000e+00
3.480000000000000000e+02 1.391926727693217902e-01 3.356850250341374825e-02 9.649522075557578349e-01 0.000000000000000000e+00 1.479289940828402332e-03 0.000000000000000000e+00
3.510000000000000000e+02 1.403926096035399418e-01 3.971324533454710648e-02 9.588074647246245252e-01 0.000000000000000000e+00 1.479289940828402332e-03 0.000000000000000000e+00
3.540000000000000000e+02 1.415925464377583154e-01 4.153390987710514626e-02 9.559626763768775959e-01 0.000000000000000000e+00 2.503413746017296455e-03 0.000000000000000000e+00
3.570000000000000000e+02 1.427924832719766890e-01 4.802002730996814128e-02 9.481110605370960398e-01 0.000000000000000000e+00 3.868912152935821518e-03 0.000000000000000000e+00
3.600000000000000000e+02 1.439924201061948406e-01 5.632680928538916915e-02 9.406008192990441552e-01 0.000000000000000000e+00 3.072371415566681717e-03 0.000000000000000000e+00
3.630000000000000000e+02 1.451923569404132142e-01 6.804733727810650945e-02 9.281975421028675344e-01 0.000000000000000000e+00 3.755120619025944465e-03 0.000000000000000000e+00
3.660000000000000000e+02 1.463922937746313657e-01 8.488848429676831842e-02 9.101046882111970548e-01 0.000000000000000000e+00 5.006827492034592909e-03 0.000000000000000000e+00
3.690000000000000000e+02 1.475922306088497393e-01 1.045744196631770567e-01 8.901911697769685494e-01 0.000000000000000000e+00 5.234410559854347014e-03 0.000000000000000000e+00
3.720000000000000000e+02 1.487921674430681129e-01 1.200500682749203463e-01 8.726672735548475224e-01 0.000000000000000000e+00 7.282658170232134826e-03 0.000000000000000000e+00
3.750000000000000000e+02 1.499921042772862645e-01 1.400773782430587144e-01 8.504779244424214291e-01 0.000000000000000000e+00 9.444697314519799256e-03 0.000000000000000000e+00
3.780000000000000000e+02 1.511920411115046381e-01 1.649977241693217911e-01 8.216886663632225751e-01 0.000000000000000000e+00 1.331360946745562164e-02 0.000000000000000000e+00
3.810000000000000000e+02 1.523919779457230117e-01 2.036868456986800080e-01 7.801547564861174289e-01 0.000000000000000000e+00 1.615839781520254925e-02 0.000000000000000000e+00
3.840000000000000000e+02 1.535919147799411633e-01 2.448793809740555383e-01 7.336140191169776559e-01 0.000000000000000000e+00 2.150659990896677115e-02 0.000000000000000000e+00
3.870000000000000000e+02 1.547918516141595369e-01 2.814064633591260578e-01 6.896904870277651423e-01 0.000000000000000000e+00 2.890304961310878606e-02 0.000000000000000000e+00
3.900000000000000000e+02 1.559917884483776884e-01 3.213472917614929592e-01 6.393946290395994270e-01 0.000000000000000000e+00 3.925807919890760000e-02 0.000000000000000000e+00
3.930000000000000000e+02 1.571917252825960620e-01 3.760810195721438487e-01 5.789713245334546787e-01 0.000000000000000000e+00 4.494765589440145870e-02 0.000000000000000000e+00
3.960000000000000000e+02 1.583916621168144356e-01 4.319526627218934767e-01 5.125170687300865113e-01 0.000000000000000000e+00 5.553026854802002588e-02 0.000000000000000000e+00
3.990000000000000000e+02 1.595915989510325872e-01 4.906690942193900895e-01 4.431042330450614686e-01 2.275830678197542133e-04 6.599908966772871644e-02 0.000000000000000000e+00
4.020000000000000000e+02 1.607915357852509608e-01 5.377787892580792040e-01 3.841602184797451303e-01 2.275830678197542133e-04 7.783340919435594030e-02 0.000000000000000000e+00
4.050000000000000000e+02 1.619914726194693344e-01 5.830678197542102925e-01 3.236231224396904915e-01 2.275830678197542133e-04 9.308147473827947660e-02 0.000000000000000000e+00
4.080000000000000000e+02 1.631914094536874860e-01 6.273327264451524776e-01 2.646791078743741532e-01 3.413746017296313199e-04 1.076467910787437393e-01 0.000000000000000000e+00
4.110000000000000000e+02 1.643913462879058596e-01 6.640873918980427781e-01 2.146108329540282189e-01 3.413746017296313199e-04 1.209604005461993592e-01 0.000000000000000000e+00
4.140000000000000000e+02 1.655912831221240111e-01 6.941283568502503165e-01 1.704597177969958965e-01 7.965407373691396923e-04 1.346153846153846090e-01 0.000000000000000000e+00
4.170000000000000000e+02 1.667912199563423847e-01 7.214383249886208160e-01 1.313154301319981732e-01 1.137915339098770958e-03 1.461083295402822169e-01 0.000000000000000000e+00
4.200000000000000000e+02 1.679911567905607583e-01 7.385070550751023921e-01 9.911242603550296515e-02 1.024123805188893906e-03 1.613563950842057393e-01 0.000000000000000000e+00
4.230000000000000000e+02 1.691910936247789099e-01 7.527309968138370389e-01 7.806099226217569353e-02 1.251706873008648227e-03 1.679563040509786109e-01 0.000000000000000000e+00
4.260000000000000000e+02 1.703910304589972835e-01 7.604688211197087044e-01 6.224396904870277414e-02 1.706873008648156654e-03 1.755803368229403860e-01 0.000000000000000000e+00
4.290000000000000000e+02 1.715909672932156571e-01 7.631998179335457433e-01 4.790623577605826466e-02 2.730996813837050560e-03 1.861629494765589532e-01 0.000000000000000000e+00
4.320000000000000000e+02 1.727909041274338087e-01 7.710514337733272994e-01 3.698224852071006069e-02 3.072371415566681717e-03 1.888939462903959920e-01 0.000000000000000000e+00
4.350000000000000000e+02 1.739908409616521823e-01 7.773099681383704995e-01 2.844788347746927612e-02 3.299954483386436255e-03 1.909421939007737712e-01 0.000000000000000000e+00
4.380000000000000000e+02 1.751907777958703338e-01 7.801547564861174289e-01 2.139280837505689453e-02 3.755120619025944465e-03 1.946973145197997135e-01 0.000000000000000000e+00
4.410000000000000000e+02 1.763907146300887074e-01 7.848202093764223841e-01 1.820664542558033533e-02 4.096495220755575623e-03 1.928766499772416876e-01 0.000000000000000000e+00
4.440000000000000000e+02 1.775906514643070810e-01 7.837960855712334807e-01 1.490669094219390124e-02 5.461993627674101119e-03 1.958352298588985074e-01 0.000000000000000000e+00
4.470000000000000000e+02 1.787905882985252326e-01 7.853891670459717256e-01 1.149294492489758707e-02 6.144742831133363434e-03 1.969731451979972736e-01 0.000000000000000000e+00
4.500000000000000000e+02 1.799905251327436062e-01 7.867546654528903005e-01 1.274465179790623508e-02 6.827492034592626616e-03 1.936731907146108378e-01 0.000000000000000000e+00
4.530000000000000000e+02 1.811904619669619798e-01 7.836822940373235902e-01 1.308602639963586667e-02 8.306781975421027864e-03 1.949248975876194945e-01 0.000000000000000000e+00
4.560000000000000000e+02 1.823903988011801314e-01 7.819754210286754548e-01 1.331360946745562164e-02 9.672280382339554228e-03 1.950386891215293572e-01 0.000000000000000000e+00
4.590000000000000000e+02 1.835903356353985050e-01 7.833409194355940297e-01 1.376877560309512985e-02 1.115157032316795548e-02 1.917387346381429214e-01 0.000000000000000000e+00
4.620000000000000000e+02 1.847902724696166565e-01 7.824305871643150168e-01 1.422394173873463806e-02 1.183431952662721866e-02 1.915111515703231682e-01 0.000000000000000000e+00
4.650000000000000000e+02 1.859902093038350301e-01 7.817478379608556738e-01 1.502048247610377786e-02 1.399635867091488309e-02 1.892353208921256358e-01 0.000000000000000000e+00
4.680000000000000000e+02 1.871901461380534037e-01 7.790168411470186349e-01 1.490669094219390124e-02 1.729631315430131891e-02 1.887801547564861293e-01 0.000000000000000000e+00
4.710000000000000000e+02 1.883900829722715553e-01 7.783340919435594030e-01 1.706873008648156567e-02 1.888939462903959851e-02 1.857077833409194467e-01 0.000000000000000000e+00
4.740000000000000000e+02 1.895900198064899289e-01 7.811788802913063323e-01 1.820664542558033533e-02 1.979972690031861493e-02 1.808147473827947105e-01 0.000000000000000000e+00
4.770000000000000000e+02 1.907899566407083025e-01 7.795857988165680874e-01 1.923076923076923184e-02 2.321347291761493084e-02 1.779699590350477811e-01 0.000000000000000000e+00
4.800000000000000000e+02 1.919898934749264541e-01 7.806099226217569909e-01 2.082385070550751144e-02 2.583067819754210348e-02 1.727355484751934567e-01 0.000000000000000000e+00
4.830000000000000000e+02 1.931898303091448277e-01 7.824305871643150168e-01 2.173418297678652786e-02 2.730996813837050646e-02 1.685252617205279801e-01 0.000000000000000000e+00
4.860000000000000000e+02 1.943897671433629792e-01 7.878925807919890945e-01 2.366863905325443732e-02 2.935821574874829254e-02 1.590805644060081792e-01 0.000000000000000000e+00
4.890000000000000000e+02 1.955897039775813528e-01 7.938097405553027341e-01 2.480655439235321044e-02 3.140646335912607862e-02 1.499772416932180219e-01 0.000000000000000000e+00
4.920000000000000000e+02 1.967896408117997264e-01 8.007510241238051663e-01 2.492034592626308706e-02 3.288575329995448160e-02 1.414428766499772339e-01 0.000000000000000000e+00
4.950000000000000000e+02 1.979895776460178780e-01 8.040509786071916576e-01 2.480655439235321044e-02 3.402366863905325473e-02 1.371187983614019223e-01 0.000000000000000000e+00
4.980000000000000000e+02 1.991895144802362516e-01 8.018889394629039602e-01 2.776513427401001294e-02 3.698224852071006069e-02 1.333636777423759801e-01 0.000000000000000000e+00
5.010000000000000000e+02 2.003894513144546252e-01 8.070095584888484774e-01 2.730996813837050646e-02 3.755120619025944378e-02 1.281292671825216278e-01 0.000000000000000000e+00
5.040000000000000000e+02 2.015893881486727768e-01 8.032544378698225351e-01 2.947200728265816916e-02 4.096495220755575623e-02 1.263086026399635742e-01 0.000000000000000000e+00
5.070000000000000000e+02 2.027893249828911504e-01 8.108784706417841992e-01 2.924442421483841592e-02 4.392353208921256219e-02 1.159535730541647741e-01 0.000000000000000000e+00
5.100000000000000000e+02 2.039892618171093019e-01 8.084888484296768318e-01 3.004096495220755572e-02 4.790623577605826466e-02 1.135639508420573512e-01 0.000000000000000000e+00
5.130000000000000000e+02 2.051891986513276755e-01 8.108784706417841992e-01 3.049613108784706567e-02 5.029585798816568060e-02 1.083295402822029990e-01 0.000000000000000000e+00
5.160000000000000000e+02 2.063891354855460492e-01 8.131543013199817871e-01 3.072371415566681890e-02 5.177514792899408358e-02 1.043468365953573035e-01 0.000000000000000000e+00
5.190000000000000000e+02 2.075890723197642007e-01 8.161128812016386069e-01 3.117888029130632538e-02 5.450614474283113631e-02 9.820209376422393832e-02 0.000000000000000000e+00
5.220000000000000000e+02 2.087890091539825743e-01 8.194128356850249872e-01 3.288575329995448160e-02 5.268548020027309653e-02 9.501593081474737912e-02 0.000000000000000000e+00
5.250000000000000000e+02 2.099889459882009479e-01 8.218024578971324656e-01 3.390987710514337811e-02 5.370960400546199304e-02 9.057806099226217711e-02 0.000000000000000000e+00
5.280000000000000000e+02 2.111888828224190995e-01 8.204369594902138907e-01 3.493400091033227461e-02 5.553026854802002588e-02 8.909877105143376719e-02 0.000000000000000000e+00
5.310000000000000000e+02 2.123888196566374731e-01 8.183887118798361948e-01 3.607191624943104080e-02 5.883022303140646170e-02 8.670914883932635819e-02 0.000000000000000000e+00
5.340000000000000000e+02 2.135887564908556246e-01 8.180473372781065233e-01 3.709604005461993731e-02 5.928538916704597511e-02 8.557123350022757813e-02 0.000000000000000000e+00
5.370000000000000000e+02 2.147886933250739983e-01 8.213472917614929036e-01 3.573054164770141095e-02 5.826126536185707860e-02 8.466090122894856518e-02 0.000000000000000000e+00
5.400000000000000000e+02 2.159886301592923719e-01 8.218024578971324656e-01 3.652708238507055422e-02 5.848884842967683184e-02 8.318161128812016913e-02 0.000000000000000000e+00
5.430000000000000000e+02 2.171885669935105234e-01 8.212335002275830131e-01 3.732362312243969055e-02 5.780609922621757213e-02 8.363677742375967561e-02 0.000000000000000000e+00
5.460000000000000000e+02 2.183885038277288970e-01 8.195266272189348777e-01 3.812016385980882688e-02 5.848884842967683184e-02 8.386436049157942885e-02 0.000000000000000000e+00
5.490000000000000000e+02 2.195884406619472706e-01 8.215748748293126846e-01 3.777878925807919702e-02 5.746472462448793533e-02 8.318161128812016913e-02 0.000000000000000000e+00
5.520000000000000000e+02 2.207883774961654222e-01 8.218024578971324656e-01 3.880291306326809353e-02 6.008192990441511144e-02 7.931269913518433634e-02 0.000000000000000000e+00
5.550000000000000000e+02 2.219883143303837958e-01 8.212335002275830131e-01 4.005461993627674328e-02 6.019572143832498806e-02 7.851615839781520001e-02 0.000000000000000000e+00
5.580000000000000000e+02 2.231882511646019474e-01 8.263541192535275304e-01 4.119253527537550946e-02 5.905780609922621494e-02 7.339553937187073829e-02 0.000000000000000000e+00
5.610000000000000000e+02 2.243881879988203210e-01 8.248748293126991760e-01 4.392353208921256219e-02 6.053709604005461792e-02 7.066454255803368556e-02 0.000000000000000000e+00
5.640000000000000000e+02 2.255881248330386946e-01 8.210059171597633432e-01 4.437869822485206867e-02 6.292671825216203385e-02 7.168866636322257513e-02 0.000000000000000000e+00
5.670000000000000000e+02 2.267880616672568461e-01 8.215748748293126846e-01 4.528903049613108855e-02 6.486117432862995025e-02 6.827492034592626269e-02 0.000000000000000000e+00
5.700000000000000000e+02 2.279879985014752197e-01 8.161128812016386069e-01 4.893035958124715423e-02 6.622667273554846967e-02 6.873008648156576916e-02 0.000000000000000000e+00
5.730000000000000000e+02 2.291879353356935933e-01 8.137232589895311285e-01 4.881656804733727761e-02 6.964041875284478211e-02 6.781975421028675621e-02 0.000000000000000000e+00
5.760000000000000000e+02 2.303878721699117449e-01 8.083750568957669413e-01 5.166135639508420696e-02 7.203004096495220498e-02 6.793354574419663283e-02 0.000000000000000000e+00
5.790000000000000000e+02 2.315878090041301185e-01 8.078060992262175999e-01 5.416477014110149951e-02 7.180245789713245175e-02 6.622667273554846967e-02 0.000000000000000000e+00
5.820000000000000000e+02 2.327877458383484921e-01 8.139508420573509095e-01 5.553026854802002588e-02 7.111970869367319203e-02 5.939918070095585173e-02 0.000000000000000000e+00
5.850000000000000000e+02 2.339876826725666437e-01 8.163404642694583879e-01 5.655439235320892238e-02 7.077833409194356218e-02 5.632680928538916915e-02 0.000000000000000000e+00
5.880000000000000000e+02 2.351876195067850173e-01 8.170232134729176199e-01 5.644060081929904577e-02 6.907146108329539902e-02 5.746472462448793533e-02 0.000000000000000000e+00
5.910000000000000000e+02 2.363875563410031688e-01 8.228265817023213691e-01 5.678197542102867562e-02 6.804733727810650945e-02 5.234410559854346667e-02 0.000000000000000000e+00
5.940000000000000000e+02 2.375874931752215424e-01 8.180473372781065233e-01 5.860263996358670846e-02 6.986800182066454923e-02 5.348202093764223980e-02 0.000000000000000000e+00
5.970000000000000000e+02 2.387874300094399160e-01 8.130405097860718966e-01 6.281292671825215723e-02 7.089212562585343880e-02 5.325443786982248656e-02 0.000000000000000000e+00
6.000000000000000000e+02 2.399873668436580676e-01 8.074647246244879284e-01 6.565771506599908658e-02 7.168866636322257513e-02 5.518889394629039602e-02 0.000000000000000000e+00
6.030000000000000000e+02 2.411873036778764412e-01 8.079198907601274904e-01 6.622667273554846967e-02 6.975421028675465873e-02 5.609922621756941591e-02 0.000000000000000000e+00
6.060000000000000000e+02 2.423872405120948148e-01 8.089440145653163938e-01 6.508875739644970349e-02 7.055075102412380894e-02 5.541647701411014926e-02 0.000000000000000000e+00
6.090000000000000000e+02 2.435871773463129664e-01 8.097405553026855163e-01 6.599908966772871644e-02 7.146108329540282189e-02 5.279927173418298009e-02 0.000000000000000000e+00
6.120000000000000000e+02 2.447871141805313400e-01 8.123577605826126646e-01 6.679563040509786664e-02 6.850250341374601593e-02 5.234410559854346667e-02 0.000000000000000000e+00
6.150000000000000000e+02 2.459870510147494915e-01 8.089440145653163938e-01 7.111970869367319203e-02 6.781975421028675621e-02 5.211652253072371344e-02 0.000000000000000000e+00
6.180000000000000000e+02 2.471869878489678651e-01 8.057578516158397930e-01 7.305416477014110843e-02 6.895766954938552240e-02 5.223031406463359005e-02 0.000000000000000000e+00
6.210000000000000000e+02 2.483869246831862387e-01 8.020027309968138507e-01 7.601274465179790052e-02 6.747837960855712636e-02 5.450614474283113631e-02 0.000000000000000000e+00
6.240000000000000000e+02 2.495868615174043903e-01 8.054164770141101215e-01 7.612653618570777714e-02 6.656804733727811341e-02 5.188893946290396020e-02 0.000000000000000000e+00
6.270000000000000000e+02 2.507867983516227639e-01 8.042785616750113276e-01 7.669549385525717411e-02 6.736458807464724974e-02 5.166135639508420696e-02 0.000000000000000000e+00
6.300000000000000000e+02 2.519867351858411375e-01 8.022303140646336317e-01 7.828857532999544677e-02 6.827492034592626269e-02 5.120619025944470049e-02 0.000000000000000000e+00
6.330000000000000000e+02 2.531866720200592891e-01 8.017751479289940697e-01 8.056440600819299303e-02 6.861629494765589254e-02 4.904415111515703085e-02 0.000000000000000000e+00
6.360000000000000000e+02 2.543866088542776627e-01 8.015475648611742887e-01 8.306781975421029252e-02 6.759217114246700298e-02 4.779244424214838111e-02 0.000000000000000000e+00
6.390000000000000000e+02 2.555865456884958142e-01 8.006372325898952758e-01 8.340919435593992237e-02 6.690942193900774326e-02 4.904415111515703085e-02 0.000000000000000000e+00
6.420000000000000000e+02 2.567864825227141878e-01 8.010923987255348377e-01 8.329540282203004575e-02 6.793354574419663283e-02 4.767865270823850449e-02 0.000000000000000000e+00
6.450000000000000000e+02 2.579864193569325614e-01 8.034820209376422051e-01 8.340919435593992237e-02 6.736458807464724974e-02 4.574419663177059503e-02 0.000000000000000000e+00
6.480000000000000000e+02 2.591863561911507130e-01 8.024578971324533017e-01 8.534365043240782489e-02 6.827492034592626269e-02 4.392353208921256219e-02 0.000000000000000000e+00
6.510000000000000000e+02 2.603862930253690866e-01 8.000682749203459343e-01 8.841602184797450747e-02 6.884387801547564578e-02 4.267182521620391245e-02 0.000000000000000000e+00
6.540000000000000000e+02 2.615862298595874602e-01 7.998406918525261533e-01 8.716431497496586467e-02 7.009558488848430247e-02 4.289940828402366568e-02 0.000000000000000000e+00
6.570000000000000000e+02 2.627861666938056118e-01 7.928994082840237212e-01 8.875739644970413733e-02 7.225762403277195822e-02 4.608557123350022489e-02 0.000000000000000000e+00
6.600000000000000000e+02 2.639861035280239854e-01 7.930131998179335007e-01 8.932635411925353430e-02 7.203004096495220498e-02 4.563040509786071841e-02 0.000000000000000000e+00
6.630000000000000000e+02 2.651860403622421369e-01 7.941511151570322946e-01 8.955393718707328754e-02 7.077833409194356218e-02 4.551661356395084179e-02 0.000000000000000000e+00
6.660000000000000000e+02 2.663859771964605105e-01 7.948338643604915266e-01 8.989531178880291740e-02 7.134729176149294527e-02 4.392353208921256219e-02 0.000000000000000000e+00
6.690000000000000000e+02 2.675859140306788841e-01 7.971096950386891145e-01 9.103322712790168358e-02 6.986800182066454923e-02 4.198907601274465273e-02 0.000000000000000000e+00
6.720000000000000000e+02 2.687858508648970357e-01 7.975648611743286764e-01 9.080564406008193035e-02 7.032316795630405570e-02 4.119253527537550946e-02 1.137915339098771066e-04
6.750000000000000000e+02 2.699857876991154093e-01 7.949476558944014171e-01 9.126081019572143682e-02 7.055075102412380894e-02 4.312699135184342586e-02 1.137915339098771066e-04
6.780000000000000000e+02 2.711857245333337829e-01 7.936959490213928436e-01 9.148839326354119006e-02 6.975421028675465873e-02 4.506144742831133532e-02 0.000000000000000000e+00
6.810000000000000000e+02 2.723856613675519345e-01 7.983614019116977989e-01 9.023668639053254725e-02 6.861629494765589254e-02 4.278561675011378906e-02 0.000000000000000000e+00
