# itime ezz other fcc hcp bcc ico
0.000000000000000000e+00 0.000000000000000000e+00 0.000000000000000000e+00 1.000000000000000000e+00 0.000000000000000000e+00 0.000000000000000000e+00 0.000000000000000000e+00
5.000000000000000000e+02 1.999981030354813782e-03 0.000000000000000000e+00 1.000000000000000000e+00 0.000000000000000000e+00 0.000000000000000000e+00 0.000000000000000000e+00
1.000000000000000000e+03 3.999962060709405520e-03 0.000000000000000000e+00 1.000000000000000000e+00 0.000000000000000000e+00 0.000000000000000000e+00 0.000000000000000000e+00
1.500000000000000000e+03 5.999943091064219303e-03 0.000000000000000000e+00 1.000000000000000000e+00 0.000000000000000000e+00 0.000000000000000000e+00 0.000000000000000000e+00
2.000000000000000000e+03 7.999924121419033085e-03 0.000000000000000000e+00 1.000000000000000000e+00 0.000000000000000000e+00 0.000000000000000000e+00 0.000000000000000000e+00
2.500000000000000000e+03 9.999905151773624823e-03 0.000000000000000000e+00 1.000000000000000000e+00 0.000000000000000000e+00 0.000000000000000000e+00 0.000000000000000000e+00
3.000000000000000000e+03 1.199988618212843861e-02 0.000000000000000000e+00 1.000000000000000000e+00 0.000000000000000000e+00 0.000000000000000000e+00 0.000000000000000000e+00
3.500000000000000000e+03 1.399986721248325239e-02 0.000000000000000000e+00 1.000000000000000000e+00 0.000000000000000000e+00 0.000000000000000000e+00 0.000000000000000000e+00
4.000000000000000000e+03 1.599984824283784413e-02 0.000000000000000000e+00 1.000000000000000000e+00 0.000000000000000000e+00 0.000000000000000000e+00 0.000000000000000000e+00
4.500000000000000000e+03 1.799982927319265791e-02 0.000000000000000000e+00 1.000000000000000000e+00 0.000000000000000000e+00 0.000000000000000000e+00 0.000000000000000000e+00
5.000000000000000000e+03 1.999981030354747169e-02 0.000000000000000000e+00 1.000000000000000000e+00 0.000000000000000000e+00 0.000000000000000000e+00 0.000000000000000000e+00
5.500000000000000000e+03 2.199979133390206343e-02 0.000000000000000000e+00 1.000000000000000000e+00 0.000000000000000000e+00 0.000000000000000000e+00 0.000000000000000000e+00
6.000000000000000000e+03 2.399977236425687721e-02 0.000000000000000000e+00 1.000000000000000000e+00 0.000000000000000000e+00 0.000000000000000000e+00 0.000000000000000000e+00
6.500000000000000000e+03 2.599975339461169099e-02 0.000000000000000000e+00 1.000000000000000000e+00 0.000000000000000000e+00 0.000000000000000000e+00 0.000000000000000000e+00
7.000000000000000000e+03 2.799973442496628273e-02 0.000000000000000000e+00 1.000000000000000000e+00 0.000000000000000000e+00 0.000000000000000000e+00 0.000000000000000000e+00
7.500000000000000000e+03 2.999971545532109651e-02 0.000000000000000000e+00 1.000000000000000000e+00 0.000000000000000000e+00 0.000000000000000000e+00 0.000000000000000000e+00
8.000000000000000000e+03 3.199969648567591030e-02 0.000000000000000000e+00 1.000000000000000000e+00 0.000000000000000000e+00 0.000000000000000000e+00 0.000000000000000000e+00
8.500000000000000000e+03 3.399967751603072408e-02 0.000000000000000000e+00 1.000000000000000000e+00 0.000000000000000000e+00 0.000000000000000000e+00 0.000000000000000000e+00
9.000000000000000000e+03 3.599965854638531582e-02 0.000000000000000000e+00 1.000000000000000000e+00 0.000000000000000000e+00 0.000000000000000000e+00 0.000000000000000000e+00
9.500000000000000000e+03 3.799963957674012960e-02 0.000000000000000000e+00 1.000000000000000000e+00 0.000000000000000000e+00 0.000000000000000000e+00 0.000000000000000000e+00
1.000000000000000000e+04 3.999962060709494338e-02 0.000000000000000000e+00 1.000000000000000000e+00 0.000000000000000000e+00 0.000000000000000000e+00 0.000000000000000000e+00
1.050000000000000000e+04 4.199960163744953512e-02 0.000000000000000000e+00 1.000000000000000000e+00 0.000000000000000000e+00 0.000000000000000000e+00 0.000000000000000000e+00
1.100000000000000000e+04 4.399958266780434890e-02 3.413746017296313199e-04 9.995448338643604380e-01 0.000000000000000000e+00 1.137915339098771066e-04 0.000000000000000000e+00
1.150000000000000000e+04 4.599956369815916268e-02 0.000000000000000000e+00 1.000000000000000000e+00 0.000000000000000000e+00 0.000000000000000000e+00 0.000000000000000000e+00
1.200000000000000000e+04 4.799954472851375442e-02 0.000000000000000000e+00 1.000000000000000000e+00 0.000000000000000000e+00 0.000000000000000000e+00 0.000000000000000000e+00
1.250000000000000000e+04 4.999952575886856820e-02 0.000000000000000000e+00 1.000000000000000000e+00 0.000000000000000000e+00 0.000000000000000000e+00 0.000000000000000000e+00
1.300000000000000000e+04 5.199950678922338199e-02 0.000000000000000000e+00 1.000000000000000000e+00 0.000000000000000000e+00 0.000000000000000000e+00 0.000000000000000000e+00
1.350000000000000000e+04 5.399948781957797372e-02 0.000000000000000000e+00 1.000000000000000000e+00 0.000000000000000000e+00 0.000000000000000000e+00 0.000000000000000000e+00
1.400000000000000000e+04 5.599946884993278751e-02 0.000000000000000000e+00 1.000000000000000000e+00 0.000000000000000000e+00 0.000000000000000000e+00 0.000000000000000000e+00
1.450000000000000000e+04 5.799944988028760129e-02 0.000000000000000000e+00 1.000000000000000000e+00 0.000000000000000000e+00 0.000000000000000000e+00 0.000000000000000000e+00
1.500000000000000000e+04 5.999943091064219303e-02 0.000000000000000000e+00 1.000000000000000000e+00 0.000000000000000000e+00 0.000000000000000000e+00 0.000000000000000000e+00
1.550000000000000000e+04 6.199941194099700681e-02 1.137915339098771066e-04 9.998862084660901095e-01 0.000000000000000000e+00 0.000000000000000000e+00 0.000000000000000000e+00
1.600000000000000000e+04 6.399939297135182059e-02 0.000000000000000000e+00 1.000000000000000000e+00 0.000000000000000000e+00 0.000000000000000000e+00 0.000000000000000000e+00
1.650000000000000000e+04 6.599937400170641233e-02 0.000000000000000000e+00 1.000000000000000000e+00 0.000000000000000000e+00 0.000000000000000000e+00 0.000000000000000000e+00
1.700000000000000000e+04 6.799935503206122611e-02 2.275830678197542133e-04 9.997724169321802190e-01 0.000000000000000000e+00 0.000000000000000000e+00 0.000000000000000000e+00
1.750000000000000000e+04 6.999933606241603989e-02 0.000000000000000000e+00 1.000000000000000000e+00 0.000000000000000000e+00 0.000000000000000000e+00 0.000000000000000000e+00
1.800000000000000000e+04 7.199931709277063163e-02 0.000000000000000000e+00 1.000000000000000000e+00 0.000000000000000000e+00 0.000000000000000000e+00 0.000000000000000000e+00
1.850000000000000000e+04 7.399929812312544541e-02 0.000000000000000000e+00 1.000000000000000000e+00 0.000000000000000000e+00 0.000000000000000000e+00 0.000000000000000000e+00
1.900000000000000000e+04 7.599927915348025920e-02 4.551661356395084266e-04 9.995448338643604380e-01 0.000000000000000000e+00 0.000000000000000000e+00 0.000000000000000000e+00
1.950000000000000000e+04 7.799926018383485093e-02 0.000000000000000000e+00 1.000000000000000000e+00 0.000000000000000000e+00 0.000000000000000000e+00 0.000000000000000000e+00
2.000000000000000000e+04 7.999924121418966472e-02 1.137915339098771066e-04 9.997724169321802190e-01 0.000000000000000000e+00 1.137915339098771066e-04 0.000000000000000000e+00
2.050000000000000000e+04 8.199922224454447850e-02 3.413746017296313199e-04 9.995448338643604380e-01 0.000000000000000000e+00 1.137915339098771066e-04 0.000000000000000000e+00
2.100000000000000000e+04 8.399920327489907024e-02 1.137915339098771066e-04 9.998862084660901095e-01 0.000000000000000000e+00 0.000000000000000000e+00 0.000000000000000000e+00
2.150000000000000000e+04 8.599918430525388402e-02 1.024123805188893906e-03 9.989758761948110966e-01 0.000000000000000000e+00 0.000000000000000000e+00 0.000000000000000000e+00
2.200000000000000000e+04 8.799916533560869780e-02 0.000000000000000000e+00 1.000000000000000000e+00 0.000000000000000000e+00 0.000000000000000000e+00 0.000000000000000000e+00
2.250000000000000000e+04 8.999914636596328954e-02 1.137915339098771066e-04 9.998862084660901095e-01 0.000000000000000000e+00 0.000000000000000000e+00 0.000000000000000000e+00
2.300000000000000000e+04 9.199912739631810332e-02 1.365498406918525280e-03 9.986345015930814251e-01 0.000000000000000000e+00 0.000000000000000000e+00 0.000000000000000000e+00
2.350000000000000000e+04 9.399910842667291710e-02 3.413746017296313199e-04 9.996586253982703285e-01 0.000000000000000000e+00 0.000000000000000000e+00 0.000000000000000000e+00
2.400000000000000000e+04 9.599908945702773089e-02 2.730996813837050560e-03 9.971552116522530707e-01 0.000000000000000000e+00 1.137915339098771066e-04 0.000000000000000000e+00
2.450000000000000000e+04 9.799907048738232263e-02 1.934456076467910759e-03 9.979517523896221931e-01 0.000000000000000000e+00 1.137915339098771066e-04 0.000000000000000000e+00
2.500000000000000000e+04 9.999905151773713641e-02 1.820664542558033706e-03 9.980655439235320836e-01 0.000000000000000000e+00 1.137915339098771066e-04 0.000000000000000000e+00
2.550000000000000000e+04 1.019990325480919502e-01 5.348202093764223633e-03 9.936276741010469093e-01 0.000000000000000000e+00 1.024123805188893906e-03 0.000000000000000000e+00
2.600000000000000000e+04 1.039990135784465419e-01 3.413746017296313308e-03 9.964724624487938387e-01 0.000000000000000000e+00 1.137915339098771066e-04 0.000000000000000000e+00
2.650000000000000000e+04 1.059989946088013557e-01 6.258534365043240920e-03 9.934000910332271284e-01 0.000000000000000000e+00 3.413746017296313199e-04 0.000000000000000000e+00
2.700000000000000000e+04 1.079989756391561695e-01 1.012744651797906244e-02 9.888484296768320636e-01 0.000000000000000000e+00 1.024123805188893906e-03 0.000000000000000000e+00
2.750000000000000000e+04 1.099989566695107612e-01 5.587164314974965573e-02 8.678880291306326766e-01 0.000000000000000000e+00 7.624032771961765376e-02 0.000000000000000000e+00
2.800000000000000000e+04 1.119989376998655750e-01 2.311106053709603980e-01 2.787892580791989094e-01 8.807464724624487762e-02 4.020254893035958288e-01 0.000000000000000000e+00
2.850000000000000000e+04 1.139989187302203888e-01 2.246244879380974169e-01 4.458352298588985074e-01 2.907373691397360238e-01 3.880291306326809353e-02 0.000000000000000000e+00
2.900000000000000000e+04 1.159988997605749805e-01 2.332726445152480746e-02 8.274920345926263243e-01 1.491807009558488717e-01 0.000000000000000000e+00 0.000000000000000000e+00
2.950000000000000000e+04 1.179988807909297943e-01 2.332726445152480746e-02 8.274920345926263243e-01 1.491807009558488717e-01 0.000000000000000000e+00 0.000000000000000000e+00
3.000000000000000000e+04 1.199988618212846081e-01 2.332726445152480746e-02 8.274920345926263243e-01 1.491807009558488717e-01 0.000000000000000000e+00 0.000000000000000000e+00
3.050000000000000000e+04 1.219988428516391998e-01 2.332726445152480746e-02 8.274920345926263243e-01 1.491807009558488717e-01 0.000000000000000000e+00 0.000000000000000000e+00
3.100000000000000000e+04 1.239988238819940136e-01 2.332726445152480746e-02 8.274920345926263243e-01 1.491807009558488717e-01 0.000000000000000000e+00 0.000000000000000000e+00
3.150000000000000000e+04 1.259988049123488274e-01 2.332726445152480746e-02 8.274920345926263243e-01 1.491807009558488717e-01 0.000000000000000000e+00 0.000000000000000000e+00
3.200000000000000000e+04 1.279987859427034191e-01 2.332726445152480746e-02 8.274920345926263243e-01 1.491807009558488717e-01 0.000000000000000000e+00 0.000000000000000000e+00
3.250000000000000000e+04 1.299987669730582329e-01 2.332726445152480746e-02 8.274920345926263243e-01 1.491807009558488717e-01 0.000000000000000000e+00 0.000000000000000000e+00
3.300000000000000000e+04 1.319987480034130467e-01 2.332726445152480746e-02 8.274920345926263243e-01 1.491807009558488717e-01 0.000000000000000000e+00 0.000000000000000000e+00
3.350000000000000000e+04 1.339987290337676384e-01 2.332726445152480746e-02 8.274920345926263243e-01 1.491807009558488717e-01 0.000000000000000000e+00 0.000000000000000000e+00
3.400000000000000000e+04 1.359987100641224522e-01 2.332726445152480746e-02 8.274920345926263243e-01 1.491807009558488717e-01 0.000000000000000000e+00 0.000000000000000000e+00
3.450000000000000000e+04 1.379986910944772660e-01 2.332726445152480746e-02 8.274920345926263243e-01 1.491807009558488717e-01 0.000000000000000000e+00 0.000000000000000000e+00
3.500000000000000000e+04 1.399986721248318577e-01 2.332726445152480746e-02 8.274920345926263243e-01 1.491807009558488717e-01 0.000000000000000000e+00 0.000000000000000000e+00
3.550000000000000000e+04 1.419986531551866715e-01 2.332726445152480746e-02 8.274920345926263243e-01 1.491807009558488717e-01 0.000000000000000000e+00 0.000000000000000000e+00
3.600000000000000000e+04 1.439986341855414853e-01 2.332726445152480746e-02 8.274920345926263243e-01 1.491807009558488717e-01 0.000000000000000000e+00 0.000000000000000000e+00
3.650000000000000000e+04 1.459986152158960770e-01 2.332726445152480746e-02 8.274920345926263243e-01 1.491807009558488717e-01 0.000000000000000000e+00 0.000000000000000000e+00
3.700000000000000000e+04 1.479985962462508908e-01 2.344105598543468408e-02 8.273782430587164338e-01 1.491807009558488717e-01 0.000000000000000000e+00 0.000000000000000000e+00
3.750000000000000000e+04 1.499985772766057046e-01 2.332726445152480746e-02 8.274920345926263243e-01 1.491807009558488717e-01 0.000000000000000000e+00 0.000000000000000000e+00
3.800000000000000000e+04 1.519985583069602963e-01 2.332726445152480746e-02 8.274920345926263243e-01 1.491807009558488717e-01 0.000000000000000000e+00 0.000000000000000000e+00
3.850000000000000000e+04 1.539985393373151101e-01 2.355484751934456070e-02 8.272644515248065433e-01 1.491807009558488717e-01 0.000000000000000000e+00 0.000000000000000000e+00
3.900000000000000000e+04 1.559985203676699239e-01 2.332726445152480746e-02 8.274920345926263243e-01 1.491807009558488717e-01 0.000000000000000000e+00 0.000000000000000000e+00
3.950000000000000000e+04 1.579985013980247377e-01 2.332726445152480746e-02 8.274920345926263243e-01 1.491807009558488717e-01 0.000000000000000000e+00 0.000000000000000000e+00
4.000000000000000000e+04 1.599984824283793294e-01 2.332726445152480746e-02 8.274920345926263243e-01 1.491807009558488717e-01 0.000000000000000000e+00 0.000000000000000000e+00
4.050000000000000000e+04 1.619984634587341432e-01 2.332726445152480746e-02 8.274920345926263243e-01 1.491807009558488717e-01 0.000000000000000000e+00 0.000000000000000000e+00
4.100000000000000000e+04 1.639984444890889570e-01 2.378243058716431393e-02 8.270368684569867623e-01 1.491807009558488717e-01 0.000000000000000000e+00 0.000000000000000000e+00
4.150000000000000000e+04 1.659984255194435487e-01 2.344105598543468408e-02 8.273782430587164338e-01 1.491807009558488717e-01 0.000000000000000000e+00 0.000000000000000000e+00
4.200000000000000000e+04 1.679984065497983625e-01 2.366863905325443732e-02 8.271506599908966528e-01 1.491807009558488717e-01 0.000000000000000000e+00 0.000000000000000000e+00
4.250000000000000000e+04 1.699983875801531763e-01 2.355484751934456070e-02 8.272644515248065433e-01 1.491807009558488717e-01 0.000000000000000000e+00 0.000000000000000000e+00
4.300000000000000000e+04 1.719983686105077680e-01 2.401001365498407064e-02 8.266954938552572019e-01 1.491807009558488717e-01 1.137915339098771066e-04 0.000000000000000000e+00
4.350000000000000000e+04 1.739983496408625818e-01 2.355484751934456070e-02 8.272644515248065433e-01 1.491807009558488717e-01 0.000000000000000000e+00 0.000000000000000000e+00
4.400000000000000000e+04 1.759983306712173956e-01 2.378243058716431393e-02 8.270368684569867623e-01 1.491807009558488717e-01 0.000000000000000000e+00 0.000000000000000000e+00
4.450000000000000000e+04 1.779983117015719873e-01 2.401001365498407064e-02 8.266954938552572019e-01 1.491807009558488717e-01 1.137915339098771066e-04 0.000000000000000000e+00
4.500000000000000000e+04 1.799982927319268011e-01 2.401001365498407064e-02 8.269230769230768718e-01 1.490669094219390090e-01 0.000000000000000000e+00 0.000000000000000000e+00
4.550000000000000000e+04 1.819982737622816149e-01 2.366863905325443732e-02 8.271506599908966528e-01 1.491807009558488717e-01 0.000000000000000000e+00 0.000000000000000000e+00
4.600000000000000000e+04 1.839982547926362066e-01 2.503413746017296368e-02 8.257851615839781889e-01 1.489531178880291185e-01 2.275830678197542133e-04 0.000000000000000000e+00
4.650000000000000000e+04 1.859982358229910204e-01 2.457897132453345374e-02 8.261265361857077494e-01 1.491807009558488717e-01 1.137915339098771066e-04 0.000000000000000000e+00
4.700000000000000000e+04 1.879982168533458342e-01 2.958579881656804578e-02 8.205507510241237812e-01 1.495220755575785154e-01 3.413746017296313199e-04 0.000000000000000000e+00
4.750000000000000000e+04 1.899981978837004259e-01 5.245789713245334329e-02 7.891442876649977789e-01 1.581702321347291662e-01 2.275830678197542133e-04 0.000000000000000000e+00
4.800000000000000000e+04 1.919981789140552397e-01 7.589895311788802390e-02 7.645653163404643182e-01 1.565771506599908935e-01 2.958579881656804664e-03 0.000000000000000000e+00
4.850000000000000000e+04 1.939981599444100535e-01 4.528903049613108855e-02 8.107646791078744197e-01 1.439462903959945472e-01 0.000000000000000000e+00 0.000000000000000000e+00
4.900000000000000000e+04 1.959981409747646453e-01 4.494765589440145870e-02 8.111060537096039802e-01 1.439462903959945472e-01 0.000000000000000000e+00 0.000000000000000000e+00
4.950000000000000000e+04 1.979981220051194590e-01 4.506144742831133532e-02 8.109922621756940897e-01 1.439462903959945472e-01 0.000000000000000000e+00 0.000000000000000000e+00
5.000000000000000000e+04 1.999981030354742728e-01 4.494765589440145870e-02 8.111060537096039802e-01 1.439462903959945472e-01 0.000000000000000000e+00 0.000000000000000000e+00
5.050000000000000000e+04 2.019980840658288646e-01 4.494765589440145870e-02 8.111060537096039802e-01 1.439462903959945472e-01 0.000000000000000000e+00 0.000000000000000000e+00
5.100000000000000000e+04 2.039980650961836783e-01 4.506144742831133532e-02 8.109922621756940897e-01 1.439462903959945472e-01 0.000000000000000000e+00 0.000000000000000000e+00
5.150000000000000000e+04 2.059980461265384921e-01 4.506144742831133532e-02 8.109922621756940897e-01 1.439462903959945472e-01 0.000000000000000000e+00 0.000000000000000000e+00
5.200000000000000000e+04 2.079980271568930839e-01 4.494765589440145870e-02 8.111060537096039802e-01 1.439462903959945472e-01 0.000000000000000000e+00 0.000000000000000000e+00
5.250000000000000000e+04 2.099980081872478976e-01 4.494765589440145870e-02 8.109922621756940897e-01 1.439462903959945472e-01 1.137915339098771066e-04 0.000000000000000000e+00
5.300000000000000000e+04 2.119979892176027114e-01 4.506144742831133532e-02 8.111060537096039802e-01 1.438324988620846567e-01 0.000000000000000000e+00 0.000000000000000000e+00
5.350000000000000000e+04 2.139979702479573032e-01 4.494765589440145870e-02 8.111060537096039802e-01 1.439462903959945472e-01 0.000000000000000000e+00 0.000000000000000000e+00
5.400000000000000000e+04 2.159979512783121169e-01 4.494765589440145870e-02 8.111060537096039802e-01 1.439462903959945472e-01 0.000000000000000000e+00 0.000000000000000000e+00
5.450000000000000000e+04 2.179979323086669307e-01 4.506144742831133532e-02 8.109922621756940897e-01 1.439462903959945472e-01 0.000000000000000000e+00 0.000000000000000000e+00
5.500000000000000000e+04 2.199979133390217445e-01 4.494765589440145870e-02 8.111060537096039802e-01 1.439462903959945472e-01 0.000000000000000000e+00 0.000000000000000000e+00
5.550000000000000000e+04 2.219978943693763362e-01 4.517523896222121194e-02 8.108784706417841992e-01 1.439462903959945472e-01 0.000000000000000000e+00 0.000000000000000000e+00
5.600000000000000000e+04 2.239978753997311500e-01 4.517523896222121194e-02 8.109922621756940897e-01 1.438324988620846567e-01 0.000000000000000000e+00 0.000000000000000000e+00
5.650000000000000000e+04 2.259978564300859638e-01 4.494765589440145870e-02 8.111060537096039802e-01 1.439462903959945472e-01 0.000000000000000000e+00 0.000000000000000000e+00
5.700000000000000000e+04 2.279978374604405555e-01 4.494765589440145870e-02 8.111060537096039802e-01 1.439462903959945472e-01 0.000000000000000000e+00 0.000000000000000000e+00
5.750000000000000000e+04 2.299978184907953693e-01 4.506144742831133532e-02 8.109922621756940897e-01 1.439462903959945472e-01 0.000000000000000000e+00 0.000000000000000000e+00
5.800000000000000000e+04 2.319977995211501831e-01 4.551661356395084179e-02 8.105370960400546387e-01 1.439462903959945472e-01 0.000000000000000000e+00 0.000000000000000000e+00
5.850000000000000000e+04 2.339977805515047748e-01 4.506144742831133532e-02 8.108784706417841992e-01 1.439462903959945472e-01 1.137915339098771066e-04 0.000000000000000000e+00
5.900000000000000000e+04 2.359977615818595886e-01 4.540282203004096517e-02 8.105370960400546387e-01 1.439462903959945472e-01 1.137915339098771066e-04 0.000000000000000000e+00
5.950000000000000000e+04 2.379977426122144024e-01 4.551661356395084179e-02 8.106508875739645292e-01 1.437187073281747940e-01 1.137915339098771066e-04 0.000000000000000000e+00
6.000000000000000000e+04 2.399977236425689942e-01 4.528903049613108855e-02 8.105370960400546387e-01 1.439462903959945472e-01 2.275830678197542133e-04 0.000000000000000000e+00
6.050000000000000000e+04 2.419977046729238079e-01 4.608557123350022489e-02 8.098543468365954068e-01 1.436049157942649035e-01 4.551661356395084266e-04 0.000000000000000000e+00
6.100000000000000000e+04 2.439976857032786217e-01 4.608557123350022489e-02 8.099681383705051863e-01 1.439462903959945472e-01 0.000000000000000000e+00 0.000000000000000000e+00
6.150000000000000000e+04 2.459976667336332135e-01 4.540282203004096517e-02 8.106508875739645292e-01 1.436049157942649035e-01 3.413746017296313199e-04 0.000000000000000000e+00
6.200000000000000000e+04 2.479976477639880272e-01 4.654073736913973830e-02 8.093991807009558448e-01 1.436049157942649035e-01 4.551661356395084266e-04 0.000000000000000000e+00
6.250000000000000000e+04 2.499976287943428410e-01 4.699590350477924477e-02 8.080336822940372699e-01 1.436049157942649035e-01 1.365498406918525280e-03 0.000000000000000000e+00
6.300000000000000000e+04 2.519976098246974328e-01 5.632680928538916915e-02 7.869822485207100815e-01 1.523668639053254448e-01 4.324078288575329727e-03 0.000000000000000000e+00
6.350000000000000000e+04 2.539975908550522465e-01 1.395084205735093175e-01 6.347291761492944717e-01 2.170004551661356418e-01 8.761948111060537808e-03 0.000000000000000000e+00
6.400000000000000000e+04 2.559975718854070603e-01 1.132225762403277214e-01 6.397360036413290985e-01 2.406690942193900895e-01 6.372325898953117539e-03 0.000000000000000000e+00
6.450000000000000000e+04 2.579975529157616521e-01 1.160673645880746507e-01 6.304050978607191880e-01 2.489758761948110966e-01 4.551661356395083832e-03 0.000000000000000000e+00
6.500000000000000000e+04 2.599975339461164658e-01 1.165225307237141572e-01 6.244879380974055483e-01 2.543240782885753393e-01 4.665452890304961318e-03 0.000000000000000000e+00
6.550000000000000000e+04 2.619975149764712796e-01 1.180018206645425533e-01 6.326809285389166648e-01 2.410104688211197055e-01 8.306781975421027864e-03 0.000000000000000000e+00
6.600000000000000000e+04 2.639974960068258714e-01 1.186845698680018268e-01 6.354119253527537037e-01 2.382794720072826666e-01 7.624032771961766417e-03 0.000000000000000000e+00
6.650000000000000000e+04 2.659974770371806851e-01 1.109467455621301751e-01 6.373463814292216201e-01 2.451069640418752915e-01 6.599908966772872511e-03 0.000000000000000000e+00
6.700000000000000000e+04 2.679974580675354989e-01 1.115157032316795582e-01 6.407601274465180019e-01 2.429449248975876219e-01 4.779244424214838804e-03 0.000000000000000000e+00
6.750000000000000000e+04 2.699974390978900907e-01 1.139053254437869811e-01 6.454255803368229572e-01 2.357760582612653533e-01 4.893035958124715423e-03 0.000000000000000000e+00
6.800000000000000000e+04 2.719974201282449044e-01 1.119708693673190647e-01 6.469048702776513116e-01 2.356622667273554905e-01 5.461993627674101119e-03 0.000000000000000000e+00
6.850000000000000000e+04 2.739974011585997182e-01 1.135639508420573512e-01 6.512289485662267063e-01 2.302002730996813851e-01 5.006827492034592909e-03 0.000000000000000000e+00
6.900000000000000000e+04 2.759973821889543100e-01 1.166363222576240338e-01 6.498634501593081314e-01 2.297451069640418786e-01 3.755120619025944465e-03 0.000000000000000000e+00
6.950000000000000000e+04 2.779973632193091237e-01 1.157259899863450209e-01 6.519116977696859383e-01 2.296313154301319881e-01 2.730996813837050560e-03 0.000000000000000000e+00
7.000000000000000000e+04 2.799973442496639375e-01 1.154984069185252676e-01 6.543013199817933057e-01 2.270141101502048120e-01 3.186162949476558769e-03 0.000000000000000000e+00
7.050000000000000000e+04 2.819973252800187513e-01 1.160673645880746507e-01 6.541875284478835262e-01 2.272416932180245652e-01 2.503413746017296455e-03 0.000000000000000000e+00
7.100000000000000000e+04 2.839973063103733431e-01 1.156121984524351443e-01 6.572598998634501255e-01 2.233727810650887602e-01 3.755120619025944465e-03 0.000000000000000000e+00
7.150000000000000000e+04 2.859972873407281568e-01 1.190259444697314567e-01 6.588529813381884814e-01 2.203004096495220776e-01 1.820664542558033706e-03 0.000000000000000000e+00
7.200000000000000000e+04 2.879972683710829706e-01 1.127674101046882149e-01 6.681838871187983919e-01 2.180245789713245452e-01 1.024123805188893906e-03 0.000000000000000000e+00
7.250000000000000000e+04 2.899972494014375624e-01 1.133363677742375980e-01 6.676149294492489394e-01 2.177969959035047920e-01 1.251706873008648227e-03 0.000000000000000000e+00
7.300000000000000000e+04 2.919972304317923761e-01 1.143604915794264876e-01 6.677287209831588299e-01 2.172280382339553950e-01 6.827492034592626399e-04 0.000000000000000000e+00
7.350000000000000000e+04 2.939972114621471899e-01 1.140191169776968577e-01 6.695493855257168558e-01 2.152935821574874786e-01 1.137915339098770958e-03 0.000000000000000000e+00
7.400000000000000000e+04 2.959971924925017817e-01 1.142467000455166110e-01 6.693218024578971859e-01 2.149522075557578626e-01 1.479289940828402332e-03 0.000000000000000000e+00
7.450000000000000000e+04 2.979971735228565954e-01 1.131087847064178448e-01 6.703459262630859783e-01 2.154073736913973691e-01 1.137915339098770958e-03 0.000000000000000000e+00
7.500000000000000000e+04 2.999971545532114092e-01 1.141329085116067343e-01 6.726217569412835662e-01 2.124487938097405493e-01 7.965407373691396923e-04 0.000000000000000000e+00
7.550000000000000000e+04 3.019971355835660010e-01 1.143604915794264876e-01 6.713700500682748817e-01 2.131315430131998090e-01 1.137915339098770958e-03 0.000000000000000000e+00
7.600000000000000000e+04 3.039971166139208147e-01 1.133363677742375980e-01 6.715976331360946627e-01 2.135867091488393155e-01 1.479289940828402332e-03 0.000000000000000000e+00
7.650000000000000000e+04 3.059970976442756285e-01 1.141329085116067343e-01 6.727355484751934567e-01 2.121074192080109333e-01 1.024123805188893906e-03 0.000000000000000000e+00
7.700000000000000000e+04 3.079970786746302203e-01 1.151570323167956239e-01 6.729631315430132377e-01 2.109695038689121394e-01 9.103322712790168532e-04 0.000000000000000000e+00
7.750000000000000000e+04 3.099970597049850340e-01 1.140191169776968577e-01 6.761492944924897275e-01 2.088074647246244975e-01 1.024123805188893906e-03 0.000000000000000000e+00
7.800000000000000000e+04 3.119970407353398478e-01 1.132225762403277214e-01 6.750113791533909335e-01 2.109695038689121394e-01 7.965407373691396923e-04 0.000000000000000000e+00
7.850000000000000000e+04 3.139970217656944396e-01 1.118570778334091881e-01 6.787664997724169869e-01 2.085798816568047442e-01 7.965407373691396923e-04 0.000000000000000000e+00
7.900000000000000000e+04 3.159970027960492533e-01 1.126536185707783383e-01 6.801319981793354508e-01 2.060764679107874309e-01 1.137915339098770958e-03 0.000000000000000000e+00
7.950000000000000000e+04 3.179969838264040671e-01 1.132225762403277214e-01 6.809285389167045732e-01 2.055075102412380617e-01 3.413746017296313199e-04 0.000000000000000000e+00
8.000000000000000000e+04 3.199969648567586589e-01 1.131087847064178448e-01 6.799044151115156698e-01 2.061902594446973214e-01 7.965407373691396923e-04 0.000000000000000000e+00
8.050000000000000000e+04 3.219969458871134727e-01 1.132225762403277214e-01 6.810423304506144637e-01 2.048247610377788019e-01 9.103322712790168532e-04 0.000000000000000000e+00
8.100000000000000000e+04 3.239969269174682864e-01 1.129949931725079681e-01 6.814974965862540257e-01 2.041420118343195145e-01 1.365498406918525280e-03 0.000000000000000000e+00
8.150000000000000000e+04 3.259969079478228782e-01 1.210741920801092358e-01 6.675011379153390489e-01 2.089212562585343602e-01 2.503413746017296455e-03 0.000000000000000000e+00
8.200000000000000000e+04 3.279968889781776920e-01 1.007055075102412378e-01 6.836595357305416121e-01 2.133591260810195622e-01 2.275830678197541916e-03 0.000000000000000000e+00
8.250000000000000000e+04 3.299968700085325057e-01 9.842967683204369156e-02 7.003868912152936277e-01 1.986800182066454368e-01 2.503413746017296455e-03 0.000000000000000000e+00
8.300000000000000000e+04 3.319968510388870975e-01 9.808830223031406170e-02 6.994765589440146147e-01 1.990213928083750528e-01 3.413746017296313308e-03 0.000000000000000000e+00
8.350000000000000000e+04 3.339968320692419113e-01 9.911242603550296515e-02 7.024351388256713236e-01 1.949248975876194945e-01 3.527537551206190360e-03 0.000000000000000000e+00
8.400000000000000000e+04 3.359968130995967250e-01 9.740555302685480199e-02 7.069868001820664993e-01 1.907146108329540179e-01 4.893035958124715423e-03 0.000000000000000000e+00
8.450000000000000000e+04 3.379967941299513168e-01 9.865725989986344480e-02 7.110832954028220021e-01 1.870732817478379661e-01 3.186162949476558769e-03 0.000000000000000000e+00
8.500000000000000000e+04 3.399967751603061306e-01 9.774692762858443185e-02 7.197314519799726806e-01 1.807009558488848477e-01 1.820664542558033706e-03 0.000000000000000000e+00
8.550000000000000000e+04 3.419967561906609443e-01 1.015020482476103741e-01 7.297451069640418231e-01 1.684114701866181174e-01 3.413746017296313199e-04 0.000000000000000000e+00
8.600000000000000000e+04 3.439967372210157581e-01 9.911242603550296515e-02 7.279244424214837972e-01 1.713700500682749095e-01 1.593081474738279385e-03 0.000000000000000000e+00
8.650000000000000000e+04 3.459967182513703499e-01 9.934000910332271839e-02 7.288347746927628101e-01 1.703459262630860338e-01 1.479289940828402332e-03 0.000000000000000000e+00
8.700000000000000000e+04 3.479966992817251636e-01 1.011606736458807443e-01 7.280382339553936877e-01 1.694355939918070209e-01 1.365498406918525280e-03 0.000000000000000000e+00
8.750000000000000000e+04 3.499966803120799774e-01 9.877105143377332142e-02 7.281520254893035782e-01 1.705735093309057870e-01 2.503413746017296455e-03 0.000000000000000000e+00
8.800000000000000000e+04 3.519966613424345692e-01 9.888484296768319803e-02 7.309968138370505075e-01 1.692080109239872676e-01 9.103322712790168532e-04 0.000000000000000000e+00
8.850000000000000000e+04 3.539966423727893829e-01 9.956759217114247162e-02 7.302002730996813851e-01 1.693218024578971304e-01 9.103322712790168532e-04 0.000000000000000000e+00
8.900000000000000000e+04 3.559966234031441967e-01 1.008192990441511144e-01 7.302002730996813851e-01 1.679563040509786109e-01 1.024123805188893906e-03 0.000000000000000000e+00
8.950000000000000000e+04 3.579966044334987885e-01 9.922621756941284177e-02 7.294037323623122626e-01 1.696631770596267741e-01 1.706873008648156654e-03 0.000000000000000000e+00
9.000000000000000000e+04 3.599965854638536022e-01 1.024123805188894010e-01 7.266727355484752238e-01 1.696631770596267741e-01 1.251706873008648227e-03 0.000000000000000000e+00
9.050000000000000000e+04 3.619965664942084160e-01 9.899863450159307465e-02 7.315657715065999600e-01 1.677287209831588577e-01 1.706873008648156654e-03 0.000000000000000000e+00
9.100000000000000000e+04 3.639965475245630078e-01 1.005917159763313612e-01 7.280382339553936877e-01 1.698907601274465273e-01 1.479289940828402332e-03 0.000000000000000000e+00
9.150000000000000000e+04 3.659965285549178216e-01 1.022985889849795244e-01 7.274692762858443462e-01 1.690942193900773771e-01 1.137915339098770958e-03 0.000000000000000000e+00
9.200000000000000000e+04 3.679965095852726353e-01 1.004779244424214846e-01 7.272416932180245652e-01 1.702321347291761433e-01 2.048247610377787811e-03 0.000000000000000000e+00
9.250000000000000000e+04 3.699964906156272271e-01 1.016158397815202508e-01 7.246244879380974169e-01 1.710286754665452935e-01 2.730996813837050560e-03 0.000000000000000000e+00
9.300000000000000000e+04 3.719964716459820409e-01 1.116294947655894348e-01 6.958352298588984519e-01 1.894629039599453890e-01 3.072371415566681717e-03 0.000000000000000000e+00
9.350000000000000000e+04 3.739964526763368546e-01 1.217569412835685094e-01 6.556668183887118806e-01 2.157487482931269851e-01 6.827492034592626616e-03 0.000000000000000000e+00
9.400000000000000000e+04 3.759964337066914464e-01 1.115157032316795582e-01 6.659080564406008040e-01 2.167728720983158885e-01 5.803368229403732710e-03 0.000000000000000000e+00
9.450000000000000000e+04 3.779964147370462602e-01 1.176604460628129234e-01 6.541875284478835262e-01 2.234865725989986229e-01 4.665452890304961318e-03 0.000000000000000000e+00
9.500000000000000000e+04 3.799963957674010739e-01 1.156121984524351443e-01 6.552116522530723186e-01 2.239417387346381294e-01 5.234410559854347014e-03 0.000000000000000000e+00
9.550000000000000000e+04 3.819963767977556657e-01 1.156121984524351443e-01 6.684114701866180619e-01 2.091488393263541135e-01 6.827492034592626616e-03 0.000000000000000000e+00
9.600000000000000000e+04 3.839963578281104795e-01 1.150432407828857473e-01 6.685252617205279524e-01 2.100591715976331264e-01 6.372325898953117539e-03 0.000000000000000000e+00
9.650000000000000000e+04 3.859963388584652932e-01 1.142467000455166110e-01 6.708010923987255403e-01 2.088074647246244975e-01 6.144742831133363434e-03 0.000000000000000000e+00
9.700000000000000000e+04 3.879963198888198850e-01 1.133363677742375980e-01 6.725079654073736757e-01 2.091488393263541135e-01 5.006827492034592909e-03 0.000000000000000000e+00
9.750000000000000000e+04 3.899963009191746988e-01 1.133363677742375980e-01 6.709148839326354308e-01 2.091488393263541135e-01 6.599908966772872511e-03 0.000000000000000000e+00
9.800000000000000000e+04 3.919962819495295125e-01 1.143604915794264876e-01 6.706873008648156498e-01 2.086936731907146070e-01 6.258534365043240920e-03 0.000000000000000000e+00
9.850000000000000000e+04 3.939962629798841043e-01 1.144742831133363642e-01 6.702321347291761988e-01 2.085798816568047442e-01 6.713700500682749130e-03 0.000000000000000000e+00
9.900000000000000000e+04 3.959962440102389181e-01 1.153846153846153910e-01 6.743286299499317016e-01 2.048247610377788019e-01 5.461993627674101119e-03 0.000000000000000000e+00
9.950000000000000000e+04 3.979962250405937318e-01 1.161811561219845274e-01 6.673873463814292695e-01 2.104005461993627701e-01 6.030951297223486815e-03 0.000000000000000000e+00
1.000000000000000000e+05 3.999962060709483236e-01 1.143604915794264876e-01 6.718252162039144437e-01 2.090350477924442507e-01 4.779244424214838804e-03 0.000000000000000000e+00
1.005000000000000000e+05 4.019961871013031374e-01 1.161811561219845274e-01 6.718252162039144437e-01 2.058488848429676776e-01 6.144742831133363434e-03 0.000000000000000000e+00
1.010000000000000000e+05 4.039961681316579512e-01 1.136777423759672279e-01 6.736458807464724696e-01 2.050523441055985552e-01 7.624032771961766417e-03 0.000000000000000000e+00
1.015000000000000000e+05 4.059961491620127649e-01 1.159535730541647741e-01 6.704597177969958688e-01 2.073281747837960876e-01 6.258534365043240920e-03 0.000000000000000000e+00
1.020000000000000000e+05 4.079961301923673567e-01 1.134501593081474746e-01 6.719390077378243342e-01 2.091488393263541135e-01 5.461993627674101119e-03 0.000000000000000000e+00
1.025000000000000000e+05 4.099961112227221705e-01 1.189121529358215801e-01 6.678425125170687204e-01 2.076695493855257035e-01 5.575785161583977738e-03 0.000000000000000000e+00
1.030000000000000000e+05 4.119960922530769842e-01 1.160673645880746507e-01 6.739872553482021411e-01 2.041420118343195145e-01 5.803368229403732710e-03 0.000000000000000000e+00
1.035000000000000000e+05 4.139960732834315760e-01 1.178880291306326766e-01 6.715976331360946627e-01 2.034592626308602548e-01 7.055075102412380721e-03 0.000000000000000000e+00
1.040000000000000000e+05 4.159960543137863898e-01 1.168639053254437871e-01 6.728493400091033472e-01 2.051661356395084179e-01 5.120619025944469528e-03 0.000000000000000000e+00
1.045000000000000000e+05 4.179960353441412035e-01 1.176604460628129234e-01 6.708010923987255403e-01 2.058488848429676776e-01 5.689576695493855224e-03 0.000000000000000000e+00
1.050000000000000000e+05 4.199960163744957953e-01 1.191397360036413333e-01 6.696631770596267463e-01 2.068730086481565811e-01 4.324078288575329727e-03 0.000000000000000000e+00
1.055000000000000000e+05 4.219959974048506091e-01 1.210741920801092358e-01 6.688666363222576239e-01 2.064178425125170746e-01 3.641329085116067413e-03 0.000000000000000000e+00
1.060000000000000000e+05 4.239959784352054228e-01 1.172052799271734169e-01 6.687528447883477334e-01 2.080109239872553473e-01 6.030951297223486815e-03 0.000000000000000000e+00
1.065000000000000000e+05 4.259959594655600146e-01 1.219845243513882627e-01 6.632908511606736557e-01 2.102867546654528796e-01 4.437869822485207214e-03 0.000000000000000000e+00
1.070000000000000000e+05 4.279959404959148284e-01 1.236913973600364119e-01 6.615839781520255203e-01 2.090350477924442507e-01 5.689576695493855224e-03 0.000000000000000000e+00
1.075000000000000000e+05 4.299959215262696421e-01 1.289258079198907503e-01 6.665908056440600360e-01 1.991351843422849432e-01 5.348202093764223633e-03 0.000000000000000000e+00
1.080000000000000000e+05 4.319959025566242339e-01 1.203914428766499761e-01 7.118798361401911245e-01 1.637460172963131622e-01 3.982703686845699004e-03 0.000000000000000000e+00
1.085000000000000000e+05 4.339958835869790477e-01 1.189121529358215801e-01 7.354346836595356818e-01 1.387118798361401950e-01 6.941283568502503235e-03 0.000000000000000000e+00
1.090000000000000000e+05 4.359958646173338614e-01 1.243741465634956717e-01 7.704824761037778469e-01 1.020710059171597572e-01 3.072371415566681717e-03 0.000000000000000000e+00
1.095000000000000000e+05 4.379958456476884532e-01 1.092398725534820259e-01 8.617432862994993670e-01 2.810650887573964626e-02 9.103322712790168532e-04 0.000000000000000000e+00
1.100000000000000000e+05 4.399958266780432670e-01 9.820209376422393832e-02 8.802913063268092975e-01 2.093764223941738806e-02 5.689576695493854790e-04 0.000000000000000000e+00
1.105000000000000000e+05 4.419958077083980807e-01 9.592626308602640595e-02 8.858670914883932657e-01 1.741010468821119553e-02 7.965407373691396923e-04 0.000000000000000000e+00
1.110000000000000000e+05 4.439957887387526725e-01 9.444697314519799602e-02 8.860946745562130467e-01 1.923076923076923184e-02 2.275830678197542133e-04 0.000000000000000000e+00
1.115000000000000000e+05 4.459957697691074863e-01 9.308147473827947660e-02 8.879153390987710726e-01 1.877560309512972189e-02 2.275830678197542133e-04 0.000000000000000000e+00
1.120000000000000000e+05 4.479957507994623001e-01 9.137460172963131344e-02 8.915566681838871244e-01 1.638598088302230249e-02 6.827492034592626399e-04 0.000000000000000000e+00
1.125000000000000000e+05 4.499957318298168918e-01 9.103322712790168358e-02 8.916704597177970149e-01 1.661356395084205573e-02 6.827492034592626399e-04 0.000000000000000000e+00
1.130000000000000000e+05 4.519957128601717056e-01 9.194355939918069653e-02 8.903049613108784399e-01 1.718252162039144229e-02 5.689576695493854790e-04 0.000000000000000000e+00
1.135000000000000000e+05 4.539956938905265194e-01 9.126081019572143682e-02 8.898497951752389890e-01 1.763768775603095224e-02 1.251706873008648227e-03 0.000000000000000000e+00
