# itime ezz other fcc hcp bcc ico
0.000000000000000000e+00 0.000000000000000000e+00 0.000000000000000000e+00 1.000000000000000000e+00 0.000000000000000000e+00 0.000000000000000000e+00 0.000000000000000000e+00
2.500000000000000000e+02 1.000060148774739588e-03 0.000000000000000000e+00 1.000000000000000000e+00 0.000000000000000000e+00 0.000000000000000000e+00 0.000000000000000000e+00
5.000000000000000000e+02 2.000120297549479176e-03 0.000000000000000000e+00 1.000000000000000000e+00 0.000000000000000000e+00 0.000000000000000000e+00 0.000000000000000000e+00
7.500000000000000000e+02 3.000180446324218764e-03 0.000000000000000000e+00 1.000000000000000000e+00 0.000000000000000000e+00 0.000000000000000000e+00 0.000000000000000000e+00
1.000000000000000000e+03 4.000240595098958352e-03 0.000000000000000000e+00 1.000000000000000000e+00 0.000000000000000000e+00 0.000000000000000000e+00 0.000000000000000000e+00
1.250000000000000000e+03 5.000300743873697940e-03 0.000000000000000000e+00 1.000000000000000000e+00 0.000000000000000000e+00 0.000000000000000000e+00 0.000000000000000000e+00
1.500000000000000000e+03 6.000360892648437527e-03 0.000000000000000000e+00 1.000000000000000000e+00 0.000000000000000000e+00 0.000000000000000000e+00 0.000000000000000000e+00
1.750000000000000000e+03 7.000421041423177115e-03 0.000000000000000000e+00 1.000000000000000000e+00 0.000000000000000000e+00 0.000000000000000000e+00 0.000000000000000000e+00
2.000000000000000000e+03 8.000481190197916703e-03 0.000000000000000000e+00 1.000000000000000000e+00 0.000000000000000000e+00 0.000000000000000000e+00 0.000000000000000000e+00
2.250000000000000000e+03 9.000541338972656291e-03 0.000000000000000000e+00 1.000000000000000000e+00 0.000000000000000000e+00 0.000000000000000000e+00 0.000000000000000000e+00
2.500000000000000000e+03 1.000060148774739588e-02 0.000000000000000000e+00 1.000000000000000000e+00 0.000000000000000000e+00 0.000000000000000000e+00 0.000000000000000000e+00
2.750000000000000000e+03 1.100066163652213547e-02 0.000000000000000000e+00 1.000000000000000000e+00 0.000000000000000000e+00 0.000000000000000000e+00 0.000000000000000000e+00
3.000000000000000000e+03 1.200072178529687505e-02 0.000000000000000000e+00 1.000000000000000000e+00 0.000000000000000000e+00 0.000000000000000000e+00 0.000000000000000000e+00
3.250000000000000000e+03 1.300078193407161464e-02 0.000000000000000000e+00 1.000000000000000000e+00 0.000000000000000000e+00 0.000000000000000000e+00 0.000000000000000000e+00
3.500000000000000000e+03 1.400084208284635423e-02 0.000000000000000000e+00 1.000000000000000000e+00 0.000000000000000000e+00 0.000000000000000000e+00 0.000000000000000000e+00
3.750000000000000000e+03 1.500090223162087177e-02 0.000000000000000000e+00 1.000000000000000000e+00 0.000000000000000000e+00 0.000000000000000000e+00 0.000000000000000000e+00
4.000000000000000000e+03 1.600096238039561136e-02 0.000000000000000000e+00 1.000000000000000000e+00 0.000000000000000000e+00 0.000000000000000000e+00 0.000000000000000000e+00
4.250000000000000000e+03 1.700102252917035095e-02 0.000000000000000000e+00 1.000000000000000000e+00 0.000000000000000000e+00 0.000000000000000000e+00 0.000000000000000000e+00
4.500000000000000000e+03 1.800108267794509054e-02 0.000000000000000000e+00 1.000000000000000000e+00 0.000000000000000000e+00 0.000000000000000000e+00 0.000000000000000000e+00
4.750000000000000000e+03 1.900114282671983013e-02 0.000000000000000000e+00 1.000000000000000000e+00 0.000000000000000000e+00 0.000000000000000000e+00 0.000000000000000000e+00
5.000000000000000000e+03 2.000120297549456971e-02 0.000000000000000000e+00 1.000000000000000000e+00 0.000000000000000000e+00 0.000000000000000000e+00 0.000000000000000000e+00
5.250000000000000000e+03 2.100126312426930930e-02 0.000000000000000000e+00 1.000000000000000000e+00 0.000000000000000000e+00 0.000000000000000000e+00 0.000000000000000000e+00
5.500000000000000000e+03 2.200132327304404889e-02 0.000000000000000000e+00 1.000000000000000000e+00 0.000000000000000000e+00 0.000000000000000000e+00 0.000000000000000000e+00
5.750000000000000000e+03 2.300138342181878848e-02 0.000000000000000000e+00 1.000000000000000000e+00 0.000000000000000000e+00 0.000000000000000000e+00 0.000000000000000000e+00
6.000000000000000000e+03 2.400144357059352807e-02 0.000000000000000000e+00 1.000000000000000000e+00 0.000000000000000000e+00 0.000000000000000000e+00 0.000000000000000000e+00
6.250000000000000000e+03 2.500150371936826765e-02 0.000000000000000000e+00 1.000000000000000000e+00 0.000000000000000000e+00 0.000000000000000000e+00 0.000000000000000000e+00
6.500000000000000000e+03 2.600156386814300724e-02 0.000000000000000000e+00 1.000000000000000000e+00 0.000000000000000000e+00 0.000000000000000000e+00 0.000000000000000000e+00
6.750000000000000000e+03 2.700162401691774683e-02 0.000000000000000000e+00 1.000000000000000000e+00 0.000000000000000000e+00 0.000000000000000000e+00 0.000000000000000000e+00
7.000000000000000000e+03 2.800168416569248642e-02 0.000000000000000000e+00 1.000000000000000000e+00 0.000000000000000000e+00 0.000000000000000000e+00 0.000000000000000000e+00
7.250000000000000000e+03 2.900174431446722600e-02 0.000000000000000000e+00 1.000000000000000000e+00 0.000000000000000000e+00 0.000000000000000000e+00 0.000000000000000000e+00
7.500000000000000000e+03 3.000180446324196559e-02 0.000000000000000000e+00 1.000000000000000000e+00 0.000000000000000000e+00 0.000000000000000000e+00 0.000000000000000000e+00
7.750000000000000000e+03 3.100186461201670518e-02 0.000000000000000000e+00 1.000000000000000000e+00 0.000000000000000000e+00 0.000000000000000000e+00 0.000000000000000000e+00
8.000000000000000000e+03 3.200192476079144477e-02 0.000000000000000000e+00 1.000000000000000000e+00 0.000000000000000000e+00 0.000000000000000000e+00 0.000000000000000000e+00
8.250000000000000000e+03 3.300198490956618436e-02 0.000000000000000000e+00 1.000000000000000000e+00 0.000000000000000000e+00 0.000000000000000000e+00 0.000000000000000000e+00
8.500000000000000000e+03 3.400204505834092394e-02 0.000000000000000000e+00 1.000000000000000000e+00 0.000000000000000000e+00 0.000000000000000000e+00 0.000000000000000000e+00
8.750000000000000000e+03 3.500210520711566353e-02 0.000000000000000000e+00 1.000000000000000000e+00 0.000000000000000000e+00 0.000000000000000000e+00 0.000000000000000000e+00
9.000000000000000000e+03 3.600216535589040312e-02 0.000000000000000000e+00 1.000000000000000000e+00 0.000000000000000000e+00 0.000000000000000000e+00 0.000000000000000000e+00
9.250000000000000000e+03 3.700222550466514271e-02 0.000000000000000000e+00 1.000000000000000000e+00 0.000000000000000000e+00 0.000000000000000000e+00 0.000000000000000000e+00
9.500000000000000000e+03 3.800228565343988230e-02 0.000000000000000000e+00 1.000000000000000000e+00 0.000000000000000000e+00 0.000000000000000000e+00 0.000000000000000000e+00
9.750000000000000000e+03 3.900234580221462188e-02 0.000000000000000000e+00 1.000000000000000000e+00 0.000000000000000000e+00 0.000000000000000000e+00 0.000000000000000000e+00
1.000000000000000000e+04 4.000240595098936147e-02 0.000000000000000000e+00 1.000000000000000000e+00 0.000000000000000000e+00 0.000000000000000000e+00 0.000000000000000000e+00
1.025000000000000000e+04 4.100246609976410106e-02 0.000000000000000000e+00 1.000000000000000000e+00 0.000000000000000000e+00 0.000000000000000000e+00 0.000000000000000000e+00
1.050000000000000000e+04 4.200252624853884065e-02 0.000000000000000000e+00 1.000000000000000000e+00 0.000000000000000000e+00 0.000000000000000000e+00 0.000000000000000000e+00
1.075000000000000000e+04 4.300258639731358024e-02 0.000000000000000000e+00 1.000000000000000000e+00 0.000000000000000000e+00 0.000000000000000000e+00 0.000000000000000000e+00
1.100000000000000000e+04 4.400264654608831982e-02 0.000000000000000000e+00 1.000000000000000000e+00 0.000000000000000000e+00 0.000000000000000000e+00 0.000000000000000000e+00
1.125000000000000000e+04 4.500270669486283737e-02 0.000000000000000000e+00 1.000000000000000000e+00 0.000000000000000000e+00 0.000000000000000000e+00 0.000000000000000000e+00
1.150000000000000000e+04 4.600276684363757695e-02 0.000000000000000000e+00 1.000000000000000000e+00 0.000000000000000000e+00 0.000000000000000000e+00 0.000000000000000000e+00
1.175000000000000000e+04 4.700282699241231654e-02 0.000000000000000000e+00 1.000000000000000000e+00 0.000000000000000000e+00 0.000000000000000000e+00 0.000000000000000000e+00
1.200000000000000000e+04 4.800288714118705613e-02 0.000000000000000000e+00 1.000000000000000000e+00 0.000000000000000000e+00 0.000000000000000000e+00 0.000000000000000000e+00
1.225000000000000000e+04 4.900294728996179572e-02 0.000000000000000000e+00 1.000000000000000000e+00 0.000000000000000000e+00 0.000000000000000000e+00 0.000000000000000000e+00
1.250000000000000000e+04 5.000300743873653531e-02 0.000000000000000000e+00 1.000000000000000000e+00 0.000000000000000000e+00 0.000000000000000000e+00 0.000000000000000000e+00
1.275000000000000000e+04 5.100306758751127489e-02 0.000000000000000000e+00 1.000000000000000000e+00 0.000000000000000000e+00 0.000000000000000000e+00 0.000000000000000000e+00
1.300000000000000000e+04 5.200312773628601448e-02 0.000000000000000000e+00 1.000000000000000000e+00 0.000000000000000000e+00 0.000000000000000000e+00 0.000000000000000000e+00
1.325000000000000000e+04 5.300318788506075407e-02 0.000000000000000000e+00 1.000000000000000000e+00 0.000000000000000000e+00 0.000000000000000000e+00 0.000000000000000000e+00
1.350000000000000000e+04 5.400324803383549366e-02 0.000000000000000000e+00 1.000000000000000000e+00 0.000000000000000000e+00 0.000000000000000000e+00 0.000000000000000000e+00
1.375000000000000000e+04 5.500330818261023325e-02 0.000000000000000000e+00 1.000000000000000000e+00 0.000000000000000000e+00 0.000000000000000000e+00 0.000000000000000000e+00
1.400000000000000000e+04 5.600336833138497283e-02 0.000000000000000000e+00 1.000000000000000000e+00 0.000000000000000000e+00 0.000000000000000000e+00 0.000000000000000000e+00
1.425000000000000000e+04 5.700342848015971242e-02 0.000000000000000000e+00 1.000000000000000000e+00 0.000000000000000000e+00 0.000000000000000000e+00 0.000000000000000000e+00
1.450000000000000000e+04 5.800348862893445201e-02 0.000000000000000000e+00 1.000000000000000000e+00 0.000000000000000000e+00 0.000000000000000000e+00 0.000000000000000000e+00
1.475000000000000000e+04 5.900354877770919160e-02 0.000000000000000000e+00 1.000000000000000000e+00 0.000000000000000000e+00 0.000000000000000000e+00 0.000000000000000000e+00
1.500000000000000000e+04 6.000360892648393119e-02 0.000000000000000000e+00 1.000000000000000000e+00 0.000000000000000000e+00 0.000000000000000000e+00 0.000000000000000000e+00
1.525000000000000000e+04 6.100366907525867077e-02 0.000000000000000000e+00 1.000000000000000000e+00 0.000000000000000000e+00 0.000000000000000000e+00 0.000000000000000000e+00
1.550000000000000000e+04 6.200372922403341036e-02 0.000000000000000000e+00 1.000000000000000000e+00 0.000000000000000000e+00 0.000000000000000000e+00 0.000000000000000000e+00
1.575000000000000000e+04 6.300378937280814995e-02 0.000000000000000000e+00 1.000000000000000000e+00 0.000000000000000000e+00 0.000000000000000000e+00 0.000000000000000000e+00
1.600000000000000000e+04 6.400384952158288954e-02 0.000000000000000000e+00 1.000000000000000000e+00 0.000000000000000000e+00 0.000000000000000000e+00 0.000000000000000000e+00
1.625000000000000000e+04 6.500390967035762912e-02 0.000000000000000000e+00 1.000000000000000000e+00 0.000000000000000000e+00 0.000000000000000000e+00 0.000000000000000000e+00
1.650000000000000000e+04 6.600396981913236871e-02 0.000000000000000000e+00 1.000000000000000000e+00 0.000000000000000000e+00 0.000000000000000000e+00 0.000000000000000000e+00
1.675000000000000000e+04 6.700402996790710830e-02 3.413746017296313199e-04 9.996586253982703285e-01 0.000000000000000000e+00 0.000000000000000000e+00 0.000000000000000000e+00
1.700000000000000000e+04 6.800409011668184789e-02 2.275830678197542133e-04 9.997724169321802190e-01 0.000000000000000000e+00 0.000000000000000000e+00 0.000000000000000000e+00
1.725000000000000000e+04 6.900415026545658748e-02 0.000000000000000000e+00 1.000000000000000000e+00 0.000000000000000000e+00 0.000000000000000000e+00 0.000000000000000000e+00
1.750000000000000000e+04 7.000421041423132706e-02 0.000000000000000000e+00 1.000000000000000000e+00 0.000000000000000000e+00 0.000000000000000000e+00 0.000000000000000000e+00
1.775000000000000000e+04 7.100427056300606665e-02 1.137915339098771066e-04 9.998862084660901095e-01 0.000000000000000000e+00 0.000000000000000000e+00 0.000000000000000000e+00
1.800000000000000000e+04 7.200433071178080624e-02 0.000000000000000000e+00 1.000000000000000000e+00 0.000000000000000000e+00 0.000000000000000000e+00 0.000000000000000000e+00
1.825000000000000000e+04 7.300439086055554583e-02 2.275830678197542133e-04 9.997724169321802190e-01 0.000000000000000000e+00 0.000000000000000000e+00 0.000000000000000000e+00
1.850000000000000000e+04 7.400445100933006337e-02 0.000000000000000000e+00 1.000000000000000000e+00 0.000000000000000000e+00 0.000000000000000000e+00 0.000000000000000000e+00
1.875000000000000000e+04 7.500451115810480296e-02 4.551661356395084266e-04 9.995448338643604380e-01 0.000000000000000000e+00 0.000000000000000000e+00 0.000000000000000000e+00
1.900000000000000000e+04 7.600457130687954255e-02 0.000000000000000000e+00 1.000000000000000000e+00 0.000000000000000000e+00 0.000000000000000000e+00 0.000000000000000000e+00
1.925000000000000000e+04 7.700463145565428214e-02 3.413746017296313199e-04 9.996586253982703285e-01 0.000000000000000000e+00 0.000000000000000000e+00 0.000000000000000000e+00
1.950000000000000000e+04 7.800469160442902172e-02 0.000000000000000000e+00 1.000000000000000000e+00 0.000000000000000000e+00 0.000000000000000000e+00 0.000000000000000000e+00
1.975000000000000000e+04 7.900475175320376131e-02 1.137915339098771066e-04 9.998862084660901095e-01 0.000000000000000000e+00 0.000000000000000000e+00 0.000000000000000000e+00
2.000000000000000000e+04 8.000481190197850090e-02 0.000000000000000000e+00 9.997724169321802190e-01 0.000000000000000000e+00 2.275830678197542133e-04 0.000000000000000000e+00
2.025000000000000000e+04 8.100487205075324049e-02 0.000000000000000000e+00 1.000000000000000000e+00 0.000000000000000000e+00 0.000000000000000000e+00 0.000000000000000000e+00
2.050000000000000000e+04 8.200493219952798007e-02 9.103322712790168532e-04 9.990896677287209870e-01 0.000000000000000000e+00 0.000000000000000000e+00 0.000000000000000000e+00
2.075000000000000000e+04 8.300499234830271966e-02 0.000000000000000000e+00 1.000000000000000000e+00 0.000000000000000000e+00 0.000000000000000000e+00 0.000000000000000000e+00
2.100000000000000000e+04 8.400505249707745925e-02 2.048247610377787811e-03 9.979517523896221931e-01 0.000000000000000000e+00 0.000000000000000000e+00 0.000000000000000000e+00
2.125000000000000000e+04 8.500511264585219884e-02 0.000000000000000000e+00 1.000000000000000000e+00 0.000000000000000000e+00 0.000000000000000000e+00 0.000000000000000000e+00
2.150000000000000000e+04 8.600517279462693843e-02 2.275830678197542133e-04 9.997724169321802190e-01 0.000000000000000000e+00 0.000000000000000000e+00 0.000000000000000000e+00
2.175000000000000000e+04 8.700523294340167801e-02 1.024123805188893906e-03 9.988620846609012061e-01 0.000000000000000000e+00 1.137915339098771066e-04 0.000000000000000000e+00
2.200000000000000000e+04 8.800529309217641760e-02 4.551661356395084266e-04 9.995448338643604380e-01 0.000000000000000000e+00 0.000000000000000000e+00 0.000000000000000000e+00
2.225000000000000000e+04 8.900535324095115719e-02 1.251706873008648227e-03 9.987482931269913156e-01 0.000000000000000000e+00 0.000000000000000000e+00 0.000000000000000000e+00
2.250000000000000000e+04 9.000541338972589678e-02 2.275830678197542133e-04 9.997724169321802190e-01 0.000000000000000000e+00 0.000000000000000000e+00 0.000000000000000000e+00
2.275000000000000000e+04 9.100547353850063637e-02 1.365498406918525280e-03 9.986345015930814251e-01 0.000000000000000000e+00 0.000000000000000000e+00 0.000000000000000000e+00
2.300000000000000000e+04 9.200553368727537595e-02 1.137915339098770958e-03 9.986345015930814251e-01 0.000000000000000000e+00 2.275830678197542133e-04 0.000000000000000000e+00
2.325000000000000000e+04 9.300559383605011554e-02 1.479289940828402332e-03 9.982931269913518646e-01 0.000000000000000000e+00 2.275830678197542133e-04 0.000000000000000000e+00
2.350000000000000000e+04 9.400565398482485513e-02 1.479289940828402332e-03 9.985207100591716456e-01 0.000000000000000000e+00 0.000000000000000000e+00 0.000000000000000000e+00
2.375000000000000000e+04 9.500571413359959472e-02 1.024123805188893906e-03 9.988620846609012061e-01 0.000000000000000000e+00 1.137915339098771066e-04 0.000000000000000000e+00
2.400000000000000000e+04 9.600577428237433431e-02 3.299954483386436255e-03 9.965862539827037292e-01 0.000000000000000000e+00 1.137915339098771066e-04 0.000000000000000000e+00
2.425000000000000000e+04 9.700583443114907389e-02 1.593081474738279385e-03 9.982931269913518646e-01 0.000000000000000000e+00 1.137915339098771066e-04 0.000000000000000000e+00
2.450000000000000000e+04 9.800589457992381348e-02 2.503413746017296455e-03 9.974965862539827421e-01 0.000000000000000000e+00 0.000000000000000000e+00 0.000000000000000000e+00
2.475000000000000000e+04 9.900595472869855307e-02 2.844788347746927612e-03 9.968138370505233992e-01 0.000000000000000000e+00 3.413746017296313199e-04 0.000000000000000000e+00
2.500000000000000000e+04 1.000060148774732927e-01 1.593081474738279385e-03 9.982931269913518646e-01 0.000000000000000000e+00 1.137915339098771066e-04 0.000000000000000000e+00
2.525000000000000000e+04 1.010060750262480322e-01 4.324078288575329727e-03 9.954483386436049352e-01 0.000000000000000000e+00 2.275830678197542133e-04 0.000000000000000000e+00
2.550000000000000000e+04 1.020061351750227718e-01 3.868912152935821518e-03 9.957897132453344957e-01 0.000000000000000000e+00 3.413746017296313199e-04 0.000000000000000000e+00
2.575000000000000000e+04 1.030061953237972894e-01 5.575785161583977738e-03 9.943104233045061413e-01 0.000000000000000000e+00 1.137915339098771066e-04 0.000000000000000000e+00
2.600000000000000000e+04 1.040062554725720290e-01 7.965407373691398007e-03 9.918070095584888834e-01 0.000000000000000000e+00 2.275830678197542133e-04 0.000000000000000000e+00
2.625000000000000000e+04 1.050063156213467686e-01 7.851615839781519654e-03 9.916932180245789930e-01 0.000000000000000000e+00 4.551661356395084266e-04 0.000000000000000000e+00
2.650000000000000000e+04 1.060063757701215081e-01 6.030951297223486815e-03 9.937414656349567998e-01 0.000000000000000000e+00 2.275830678197542133e-04 0.000000000000000000e+00
2.675000000000000000e+04 1.070064359188962477e-01 6.827492034592626616e-03 9.929449248975875664e-01 0.000000000000000000e+00 2.275830678197542133e-04 0.000000000000000000e+00
2.700000000000000000e+04 1.080064960676709873e-01 7.624032771961766417e-03 9.914656349567592120e-01 0.000000000000000000e+00 9.103322712790168532e-04 0.000000000000000000e+00
2.725000000000000000e+04 1.090065562164457269e-01 1.502048247610377786e-02 9.824761037778789730e-01 0.000000000000000000e+00 2.503413746017296455e-03 0.000000000000000000e+00
2.750000000000000000e+04 1.100066163652204665e-01 2.162039144287665124e-02 9.705279927173418031e-01 0.000000000000000000e+00 7.851615839781519654e-03 0.000000000000000000e+00
2.775000000000000000e+04 1.110066765139952061e-01 1.049157942649066866e-01 5.306099226217569909e-01 1.137915339098770958e-03 3.633363677742376119e-01 0.000000000000000000e+00
2.800000000000000000e+04 1.120067366627699457e-01 2.116522530723714268e-01 2.726445152480655443e-01 6.053709604005461792e-02 4.551661356395084179e-01 0.000000000000000000e+00
2.825000000000000000e+04 1.130067968115446853e-01 2.151797906235776159e-01 4.836140191169777114e-01 2.662721893491124536e-01 3.493400091033227461e-02 0.000000000000000000e+00
2.850000000000000000e+04 1.140068569603194248e-01 1.935593991807009473e-01 5.136549840691853053e-01 2.693445607646791085e-01 2.344105598543468408e-02 0.000000000000000000e+00
2.875000000000000000e+04 1.150069171090941644e-01 1.598771051433773294e-01 5.938780154756485574e-01 2.346381429221665871e-01 1.160673645880746542e-02 0.000000000000000000e+00
2.900000000000000000e+04 1.160069772578689040e-01 1.250568957669549452e-01 6.745562130177514826e-01 1.952662721893491105e-01 5.120619025944469528e-03 0.000000000000000000e+00
2.925000000000000000e+04 1.170070374066436436e-01 1.036640873918980438e-01 6.833181611288120516e-01 2.047109695038689114e-01 8.306781975421027864e-03 0.000000000000000000e+00
2.950000000000000000e+04 1.180070975554183832e-01 9.330905780609922984e-02 7.224624487938097195e-01 1.795630405097860816e-01 4.665452890304961318e-03 0.000000000000000000e+00
2.975000000000000000e+04 1.190071577041931228e-01 8.887118798361401395e-02 7.250796540737368678e-01 1.817250796540737234e-01 4.324078288575329727e-03 0.000000000000000000e+00
3.000000000000000000e+04 1.200072178529678624e-01 8.852981338188438409e-02 7.270141101502047842e-01 1.801319981793354508e-01 4.324078288575329727e-03 0.000000000000000000e+00
3.025000000000000000e+04 1.210072780017426020e-01 8.852981338188438409e-02 7.267865270823851143e-01 1.801319981793354508e-01 4.551661356395083832e-03 0.000000000000000000e+00
3.050000000000000000e+04 1.220073381505173415e-01 8.716431497496586467e-02 7.261037778789257713e-01 1.821802457897132577e-01 4.551661356395083832e-03 0.000000000000000000e+00
3.075000000000000000e+04 1.230073982992920811e-01 8.909877105143376719e-02 7.261037778789257713e-01 1.802457897132453413e-01 4.551661356395083832e-03 0.000000000000000000e+00
3.100000000000000000e+04 1.240074584480668207e-01 8.750568957669549452e-02 7.258761948111061013e-01 1.809285389167046010e-01 5.689576695493855224e-03 0.000000000000000000e+00
3.125000000000000000e+04 1.250075185968415603e-01 8.579881656804733137e-02 7.278106508875740177e-01 1.797906235776058348e-01 6.599908966772872511e-03 0.000000000000000000e+00
3.150000000000000000e+04 1.260075787456162999e-01 8.705052344105598805e-02 7.295175238962221531e-01 1.800182066454255880e-01 3.413746017296313308e-03 0.000000000000000000e+00
3.175000000000000000e+04 1.270076388943910395e-01 8.830223031406463086e-02 7.251934456076467583e-01 1.813837050523441075e-01 5.120619025944469528e-03 0.000000000000000000e+00
3.200000000000000000e+04 1.280076990431657791e-01 8.636777423759672834e-02 7.266727355484752238e-01 1.807009558488848477e-01 6.258534365043240920e-03 0.000000000000000000e+00
3.225000000000000000e+04 1.290077591919405187e-01 8.796085571233500100e-02 7.243969048702776359e-01 1.804733727810650945e-01 7.168866636322257339e-03 0.000000000000000000e+00
3.250000000000000000e+04 1.300078193407152582e-01 8.864360491579426071e-02 7.238279472007282944e-01 1.810423304506144637e-01 6.486117432862995025e-03 0.000000000000000000e+00
3.275000000000000000e+04 1.310078794894899978e-01 8.807464724624487762e-02 7.228038233955393910e-01 1.824078288575330109e-01 6.713700500682749130e-03 0.000000000000000000e+00
3.300000000000000000e+04 1.320079396382647374e-01 8.192990441511151245e-02 7.249658625398270884e-01 1.840009103322712836e-01 9.103322712790167665e-03 0.000000000000000000e+00
3.325000000000000000e+04 1.330079997870392550e-01 8.648156577150660496e-02 7.242831133363677454e-01 1.811561219845243542e-01 8.079198907601274626e-03 0.000000000000000000e+00
3.350000000000000000e+04 1.340080599358139946e-01 8.420573509330905870e-02 7.231451979972689514e-01 1.843422849340008995e-01 8.306781975421027864e-03 0.000000000000000000e+00
3.375000000000000000e+04 1.350081200845887341e-01 8.955393718707328754e-02 7.205279927173418031e-01 1.843422849340008995e-01 5.575785161583977738e-03 0.000000000000000000e+00
3.400000000000000000e+04 1.360081802333634737e-01 9.057806099226217711e-02 7.163177059626764098e-01 1.873008648156577194e-01 5.803368229403732710e-03 0.000000000000000000e+00
3.425000000000000000e+04 1.370082403821382133e-01 8.921256258534364381e-02 7.151797906235776159e-01 1.898042785616750050e-01 5.803368229403732710e-03 0.000000000000000000e+00
3.450000000000000000e+04 1.380083005309129529e-01 9.160218479745106668e-02 7.150659990896677254e-01 1.911697769685935244e-01 2.162039144287664864e-03 0.000000000000000000e+00
3.475000000000000000e+04 1.390083606796876925e-01 9.456076467910787264e-02 7.132453345471096995e-01 1.876422394173873354e-01 4.551661356395083832e-03 0.000000000000000000e+00
3.500000000000000000e+04 1.400084208284624321e-01 9.319526627218935322e-02 7.115384615384615641e-01 1.911697769685935244e-01 4.096495220755575623e-03 0.000000000000000000e+00
3.525000000000000000e+04 1.410084809772371717e-01 9.376422394173873631e-02 7.111970869367318926e-01 1.917387346381429214e-01 3.299954483386436255e-03 0.000000000000000000e+00
3.550000000000000000e+04 1.420085411260119113e-01 9.262630860263997012e-02 7.123350022758306865e-01 1.907146108329540179e-01 4.324078288575329727e-03 0.000000000000000000e+00
3.575000000000000000e+04 1.430086012747866508e-01 9.103322712790168358e-02 7.140418752844788219e-01 1.909421939007737712e-01 3.982703686845699004e-03 0.000000000000000000e+00
3.600000000000000000e+04 1.440086614235613904e-01 9.433318161128811941e-02 7.126763768775603580e-01 1.898042785616750050e-01 3.186162949476558769e-03 0.000000000000000000e+00
3.625000000000000000e+04 1.450087215723361300e-01 9.604005461993628257e-02 7.086936731907146347e-01 1.902594446973145115e-01 5.006827492034592909e-03 0.000000000000000000e+00
3.650000000000000000e+04 1.460087817211108696e-01 9.501593081474737912e-02 7.069868001820664993e-01 1.923076923076923184e-01 5.689576695493855224e-03 0.000000000000000000e+00
3.675000000000000000e+04 1.470088418698856092e-01 9.330905780609922984e-02 7.064178425125170468e-01 1.935593991807009473e-01 6.713700500682749130e-03 0.000000000000000000e+00
3.700000000000000000e+04 1.480089020186603488e-01 9.376422394173873631e-02 7.082385070550750727e-01 1.939007737824305910e-01 4.096495220755575623e-03 0.000000000000000000e+00
3.725000000000000000e+04 1.490089621674350884e-01 9.842967683204369156e-02 7.043695949021392400e-01 1.934456076467910846e-01 3.755120619025944465e-03 0.000000000000000000e+00
3.750000000000000000e+04 1.500090223162098280e-01 9.990896677287210148e-02 7.014110150204825311e-01 1.940145653163404538e-01 4.665452890304961318e-03 0.000000000000000000e+00
3.775000000000000000e+04 1.510090824649845676e-01 1.012744651797906209e-01 7.016385980883022011e-01 1.927628584433318248e-01 4.324078288575329727e-03 0.000000000000000000e+00
3.800000000000000000e+04 1.520091426137593071e-01 1.003641329085116080e-01 7.018661811561219821e-01 1.909421939007737712e-01 6.827492034592626616e-03 0.000000000000000000e+00
3.825000000000000000e+04 1.530092027625340467e-01 1.012744651797906209e-01 6.974283113336368078e-01 1.960628129267182607e-01 5.234410559854347014e-03 0.000000000000000000e+00
3.850000000000000000e+04 1.540092629113087863e-01 1.027537551206190308e-01 6.954938552571688914e-01 1.957214383249886169e-01 6.030951297223486815e-03 0.000000000000000000e+00
3.875000000000000000e+04 1.550093230600835259e-01 1.051433773327264398e-01 6.924214838416021811e-01 1.975421028675466428e-01 4.893035958124715423e-03 0.000000000000000000e+00
3.900000000000000000e+04 1.560093832088582655e-01 1.116294947655894348e-01 6.972007282658170269e-01 1.866181156121984597e-01 4.551661356395083832e-03 0.000000000000000000e+00
3.925000000000000000e+04 1.570094433576330051e-01 1.124260355029585851e-01 7.067592171142467183e-01 1.768320436959490149e-01 3.982703686845699004e-03 0.000000000000000000e+00
3.950000000000000000e+04 1.580095035064077447e-01 1.157259899863450209e-01 7.008420573509330787e-01 1.764906690942193990e-01 6.941283568502503235e-03 0.000000000000000000e+00
3.975000000000000000e+04 1.590095636551824843e-01 1.170914883932635403e-01 6.998179335457441752e-01 1.786527082385070686e-01 4.437869822485207214e-03 0.000000000000000000e+00
4.000000000000000000e+04 1.600096238039572238e-01 1.177742375967228000e-01 6.952662721893491105e-01 1.808147473827947105e-01 6.144742831133363434e-03 0.000000000000000000e+00
4.025000000000000000e+04 1.610096839527319634e-01 1.226672735548475224e-01 6.916249431042330587e-01 1.797906235776058348e-01 5.917159763313609329e-03 0.000000000000000000e+00
4.050000000000000000e+04 1.620097441015064810e-01 1.180018206645425533e-01 6.943559399180700975e-01 1.820664542558033672e-01 5.575785161583977738e-03 0.000000000000000000e+00
4.075000000000000000e+04 1.630098042502812206e-01 1.220983158852981393e-01 6.898042785616750328e-01 1.830905780609922706e-01 5.006827492034592909e-03 0.000000000000000000e+00
4.100000000000000000e+04 1.640098643990559601e-01 1.215293582157487423e-01 6.907146108329540457e-01 1.801319981793354508e-01 7.624032771961766417e-03 0.000000000000000000e+00
4.125000000000000000e+04 1.650099245478306997e-01 1.218707328174783860e-01 6.909421939007738267e-01 1.796768320436959443e-01 7.510241238051888930e-03 0.000000000000000000e+00
4.150000000000000000e+04 1.660099846966054393e-01 1.239189804278561652e-01 6.884387801547564578e-01 1.789940828402366846e-01 8.648156577150659455e-03 0.000000000000000000e+00
4.175000000000000000e+04 1.670100448453801789e-01 1.211879836140191125e-01 6.921939007737824001e-01 1.771734182976786587e-01 9.444697314519799256e-03 0.000000000000000000e+00
4.200000000000000000e+04 1.680101049941549185e-01 1.272189349112426149e-01 6.838871187983613931e-01 1.791078743741465751e-01 9.786071916249430847e-03 0.000000000000000000e+00
4.225000000000000000e+04 1.690101651429296581e-01 1.200500682749203463e-01 6.885525716886663483e-01 1.789940828402366846e-01 1.240327719617660522e-02 0.000000000000000000e+00
4.250000000000000000e+04 1.700102252917043977e-01 1.243741465634956717e-01 6.921939007737824001e-01 1.717114246700045532e-01 1.172052799271734204e-02 0.000000000000000000e+00
4.275000000000000000e+04 1.710102854404791373e-01 1.206190259444697294e-01 7.024351388256713236e-01 1.665908056440600915e-01 1.035502958579881741e-02 0.000000000000000000e+00
4.300000000000000000e+04 1.720103455892538769e-01 1.133363677742375980e-01 7.077833409194356218e-01 1.687528447883477334e-01 1.012744651797906244e-02 0.000000000000000000e+00
4.325000000000000000e+04 1.730104057380286164e-01 1.147018661811561174e-01 7.124487938097405770e-01 1.626081019572143960e-01 1.024123805188893906e-02 0.000000000000000000e+00
4.350000000000000000e+04 1.740104658868033560e-01 1.180018206645425533e-01 7.016385980883022011e-01 1.696631770596267741e-01 1.069640418752844727e-02 0.000000000000000000e+00
4.375000000000000000e+04 1.750105260355780956e-01 1.162949476558944040e-01 7.097177969959035382e-01 1.654528903049612976e-01 8.534365043240782836e-03 0.000000000000000000e+00
4.400000000000000000e+04 1.760105861843528352e-01 9.615384615384615918e-02 7.329312699135184239e-01 1.646563495675921751e-01 6.258534365043240920e-03 0.000000000000000000e+00
4.425000000000000000e+04 1.770106463331275748e-01 9.080564406008193035e-02 7.379380974055530507e-01 1.652253072371415443e-01 6.030951297223486815e-03 0.000000000000000000e+00
4.450000000000000000e+04 1.780107064819023144e-01 9.296768320436959998e-02 7.355484751934455723e-01 1.651115157032316816e-01 6.372325898953117539e-03 0.000000000000000000e+00
4.475000000000000000e+04 1.790107666306770540e-01 9.649522075557578904e-02 7.308830223031406170e-01 1.662494310423304478e-01 6.372325898953117539e-03 0.000000000000000000e+00
4.500000000000000000e+04 1.800108267794517936e-01 1.018434228493400040e-01 7.201866181156122426e-01 1.733045061447428259e-01 4.665452890304961318e-03 0.000000000000000000e+00
4.525000000000000000e+04 1.810108869282265331e-01 9.888484296768319803e-02 7.098315885298134287e-01 1.842284934000910368e-01 7.055075102412380721e-03 0.000000000000000000e+00
4.550000000000000000e+04 1.820109470770012727e-01 9.979517523896222486e-02 6.995903504779243942e-01 1.937869822485207005e-01 6.827492034592626616e-03 0.000000000000000000e+00
4.575000000000000000e+04 1.830110072257760123e-01 9.706417842512517213e-02 7.019799726900318726e-01 1.934456076467910846e-01 7.510241238051888930e-03 0.000000000000000000e+00
4.600000000000000000e+04 1.840110673745507519e-01 1.025261720527992776e-01 6.937869822485207560e-01 1.967455621301775204e-01 6.941283568502503235e-03 0.000000000000000000e+00
4.625000000000000000e+04 1.850111275233254915e-01 1.015020482476103741e-01 6.975421028675466983e-01 1.950386891215293572e-01 5.917159763313609329e-03 0.000000000000000000e+00
4.650000000000000000e+04 1.860111876721002311e-01 1.008192990441511144e-01 7.000455166135639562e-01 1.941283568502503443e-01 5.006827492034592909e-03 0.000000000000000000e+00
4.675000000000000000e+04 1.870112478208749707e-01 1.041192535275375503e-01 6.940145653163404260e-01 1.959490213928083702e-01 5.917159763313609329e-03 0.000000000000000000e+00
4.700000000000000000e+04 1.880113079696497103e-01 1.037778789258079204e-01 6.981110605370960398e-01 1.936731907146108378e-01 4.437869822485207214e-03 0.000000000000000000e+00
4.725000000000000000e+04 1.890113681184244498e-01 1.030951297223486607e-01 6.961766044606281234e-01 1.961766044606281234e-01 4.551661356395083832e-03 0.000000000000000000e+00
4.750000000000000000e+04 1.900114282671991894e-01 1.016158397815202508e-01 6.973145197997269173e-01 1.951524806554392477e-01 5.917159763313609329e-03 0.000000000000000000e+00
4.775000000000000000e+04 1.910114884159737070e-01 1.055985434683659602e-01 6.925352753755120716e-01 1.958352298588985074e-01 6.030951297223486815e-03 0.000000000000000000e+00
4.800000000000000000e+04 1.920115485647484466e-01 1.050295857988165632e-01 6.949248975876194390e-01 1.942421483841602070e-01 5.803368229403732710e-03 0.000000000000000000e+00
4.825000000000000000e+04 1.930116087135231862e-01 1.044606281292671801e-01 6.926490669094219621e-01 1.968593536640873831e-01 6.030951297223486815e-03 0.000000000000000000e+00
4.850000000000000000e+04 1.940116688622979257e-01 1.079881656804733692e-01 6.940145653163404260e-01 1.928766499772416876e-01 5.120619025944469528e-03 0.000000000000000000e+00
4.875000000000000000e+04 1.950117290110726653e-01 1.070778334091943562e-01 7.121074192080109055e-01 1.764906690942193990e-01 4.324078288575329727e-03 0.000000000000000000e+00
4.900000000000000000e+04 1.960117891598474049e-01 1.041192535275375503e-01 7.163177059626764098e-01 1.770596267637687682e-01 2.503413746017296455e-03 0.000000000000000000e+00
4.925000000000000000e+04 1.970118493086221445e-01 1.067364588074647264e-01 7.053937187073281434e-01 1.833181611288120239e-01 4.551661356395083832e-03 0.000000000000000000e+00
4.950000000000000000e+04 1.980119094573968841e-01 1.085571233500227523e-01 7.130177514792899185e-01 1.751251706873008518e-01 3.299954483386436255e-03 0.000000000000000000e+00
4.975000000000000000e+04 1.990119696061716237e-01 1.057123350022758368e-01 7.224624487938097195e-01 1.670459717796995980e-01 4.779244424214838804e-03 0.000000000000000000e+00
5.000000000000000000e+04 2.000120297549463633e-01 1.018434228493400040e-01 7.288347746927628101e-01 1.638598088302230249e-01 5.461993627674101119e-03 0.000000000000000000e+00
5.025000000000000000e+04 2.010120899037211029e-01 1.016158397815202508e-01 7.267865270823851143e-01 1.661356395084205850e-01 5.461993627674101119e-03 0.000000000000000000e+00
5.050000000000000000e+04 2.020121500524958424e-01 1.010468821119708677e-01 7.288347746927628101e-01 1.648839326354119283e-01 5.234410559854347014e-03 0.000000000000000000e+00
5.075000000000000000e+04 2.030122102012705820e-01 1.019572143832498806e-01 7.267865270823851143e-01 1.652253072371415443e-01 6.030951297223486815e-03 0.000000000000000000e+00
5.100000000000000000e+04 2.040122703500453216e-01 1.019572143832498806e-01 7.300864815657714946e-01 1.622667273554847522e-01 5.689576695493855224e-03 0.000000000000000000e+00
5.125000000000000000e+04 2.050123304988200612e-01 1.026399635867091542e-01 7.287209831588530307e-01 1.635184342284934089e-01 5.120619025944469528e-03 0.000000000000000000e+00
5.150000000000000000e+04 2.060123906475948008e-01 1.032089212562585373e-01 7.304278561675011661e-01 1.618115612198452458e-01 4.551661356395083832e-03 0.000000000000000000e+00
5.175000000000000000e+04 2.070124507963695404e-01 1.028675466545289074e-01 7.287209831588530307e-01 1.618115612198452458e-01 6.599908966772872511e-03 0.000000000000000000e+00
5.200000000000000000e+04 2.080125109451442800e-01 1.075329995448338627e-01 7.263313609467455523e-01 1.615839781520254925e-01 4.551661356395083832e-03 0.000000000000000000e+00
5.225000000000000000e+04 2.090125710939190196e-01 1.035502958579881672e-01 7.306554392353209471e-01 1.611288120163859861e-01 4.665452890304961318e-03 0.000000000000000000e+00
5.250000000000000000e+04 2.100126312426937591e-01 1.071916249431042328e-01 7.266727355484752238e-01 1.601046882111970826e-01 6.030951297223486815e-03 0.000000000000000000e+00
5.275000000000000000e+04 2.110126913914684987e-01 1.038916704597177970e-01 7.299726900318616041e-01 1.602184797451069731e-01 5.917159763313609329e-03 0.000000000000000000e+00
5.300000000000000000e+04 2.120127515402432383e-01 1.062812926718252199e-01 7.296313154301320436e-01 1.594219390077378229e-01 4.665452890304961318e-03 0.000000000000000000e+00
5.325000000000000000e+04 2.130128116890179779e-01 1.058261265361857134e-01 7.283796085571233592e-01 1.605598543468365891e-01 5.234410559854347014e-03 0.000000000000000000e+00
5.350000000000000000e+04 2.140128718377927175e-01 1.085571233500227523e-01 7.271279016841146747e-01 1.590805644060081792e-01 5.234410559854347014e-03 0.000000000000000000e+00
5.375000000000000000e+04 2.150129319865674571e-01 1.069640418752844796e-01 7.311106053709603980e-01 1.578288575329995502e-01 4.096495220755575623e-03 0.000000000000000000e+00
5.400000000000000000e+04 2.160129921353421967e-01 1.055985434683659602e-01 7.302002730996813851e-01 1.586253982703686727e-01 5.575785161583977738e-03 0.000000000000000000e+00
5.425000000000000000e+04 2.170130522841169363e-01 1.078743741465634925e-01 7.286071916249431402e-01 1.589667728720983164e-01 4.551661356395083832e-03 0.000000000000000000e+00
5.450000000000000000e+04 2.180131124328916759e-01 1.070778334091943562e-01 7.302002730996813851e-01 1.576012744651797970e-01 5.120619025944469528e-03 0.000000000000000000e+00
5.475000000000000000e+04 2.190131725816664154e-01 1.085571233500227523e-01 7.303140646335912756e-01 1.549840691852526209e-01 6.144742831133363434e-03 0.000000000000000000e+00
5.500000000000000000e+04 2.200132327304411550e-01 1.090122894856622726e-01 7.295175238962221531e-01 1.572598998634501533e-01 4.210286754665453109e-03 0.000000000000000000e+00
5.525000000000000000e+04 2.210132928792156726e-01 1.102639963586709154e-01 7.291761492944924816e-01 1.555530268548019901e-01 5.006827492034592909e-03 0.000000000000000000e+00
5.550000000000000000e+04 2.220133530279904122e-01 1.117432862994993115e-01 7.290623577605825911e-01 1.525944469731451980e-01 6.599908966772872511e-03 0.000000000000000000e+00
5.575000000000000000e+04 2.230134131767651517e-01 1.133363677742375980e-01 7.292899408284023721e-01 1.536185707783341015e-01 3.755120619025944465e-03 0.000000000000000000e+00
5.600000000000000000e+04 2.240134733255398913e-01 1.194811106053709632e-01 7.231451979972689514e-01 1.528220300409649512e-01 4.551661356395083832e-03 0.000000000000000000e+00
5.625000000000000000e+04 2.250135334743146309e-01 1.184569868001820597e-01 7.177969959035047642e-01 1.570323167956304000e-01 6.713700500682749130e-03 0.000000000000000000e+00
5.650000000000000000e+04 2.260135936230893705e-01 1.235776058261265353e-01 7.137005006827491504e-01 1.568047337278106468e-01 5.917159763313609329e-03 0.000000000000000000e+00
5.675000000000000000e+04 2.270136537718641101e-01 1.261948111060537114e-01 7.129039599453800280e-01 1.549840691852526209e-01 5.917159763313609329e-03 0.000000000000000000e+00
