# itime ezz other fcc hcp bcc ico
0.000000000000000000e+00 0.000000000000000000e+00 7.965407373691396923e-04 9.992034592626308775e-01 0.000000000000000000e+00 0.000000000000000000e+00 0.000000000000000000e+00
2.500000000000000000e+02 1.000035728047743433e-03 3.413746017296313199e-04 9.996586253982703285e-01 0.000000000000000000e+00 0.000000000000000000e+00 0.000000000000000000e+00
5.000000000000000000e+02 2.000071456095708911e-03 6.827492034592626399e-04 9.993172507965407680e-01 0.000000000000000000e+00 0.000000000000000000e+00 0.000000000000000000e+00
7.500000000000000000e+02 3.000107184143452344e-03 1.479289940828402332e-03 9.985207100591716456e-01 0.000000000000000000e+00 0.000000000000000000e+00 0.000000000000000000e+00
1.000000000000000000e+03 4.000142912191417821e-03 1.024123805188893906e-03 9.989758761948110966e-01 0.000000000000000000e+00 0.000000000000000000e+00 0.000000000000000000e+00
1.250000000000000000e+03 5.000178640239161254e-03 1.479289940828402332e-03 9.985207100591716456e-01 0.000000000000000000e+00 0.000000000000000000e+00 0.000000000000000000e+00
1.500000000000000000e+03 6.000214368286904687e-03 0.000000000000000000e+00 1.000000000000000000e+00 0.000000000000000000e+00 0.000000000000000000e+00 0.000000000000000000e+00
1.750000000000000000e+03 7.000250096334870165e-03 1.024123805188893906e-03 9.989758761948110966e-01 0.000000000000000000e+00 0.000000000000000000e+00 0.000000000000000000e+00
2.000000000000000000e+03 8.000285824382613598e-03 5.689576695493854790e-04 9.994310423304506585e-01 0.000000000000000000e+00 0.000000000000000000e+00 0.000000000000000000e+00
2.250000000000000000e+03 9.000321552430579075e-03 1.593081474738279385e-03 9.984069185252617551e-01 0.000000000000000000e+00 0.000000000000000000e+00 0.000000000000000000e+00
2.500000000000000000e+03 1.000035728047832251e-02 1.593081474738279385e-03 9.984069185252617551e-01 0.000000000000000000e+00 0.000000000000000000e+00 0.000000000000000000e+00
2.750000000000000000e+03 1.100039300852606594e-02 1.365498406918525280e-03 9.986345015930814251e-01 0.000000000000000000e+00 0.000000000000000000e+00 0.000000000000000000e+00
3.000000000000000000e+03 1.200042873657403142e-02 7.965407373691396923e-04 9.992034592626308775e-01 0.000000000000000000e+00 0.000000000000000000e+00 0.000000000000000000e+00
3.250000000000000000e+03 1.300046446462177485e-02 1.479289940828402332e-03 9.985207100591716456e-01 0.000000000000000000e+00 0.000000000000000000e+00 0.000000000000000000e+00
3.500000000000000000e+03 1.400050019266974033e-02 2.503413746017296455e-03 9.974965862539827421e-01 0.000000000000000000e+00 0.000000000000000000e+00 0.000000000000000000e+00
3.750000000000000000e+03 1.500053592071748376e-02 2.617205279927173507e-03 9.973827947200728516e-01 0.000000000000000000e+00 0.000000000000000000e+00 0.000000000000000000e+00
4.000000000000000000e+03 1.600057164876522720e-02 1.479289940828402332e-03 9.985207100591716456e-01 0.000000000000000000e+00 0.000000000000000000e+00 0.000000000000000000e+00
4.250000000000000000e+03 1.700060737681319267e-02 7.965407373691396923e-04 9.992034592626308775e-01 0.000000000000000000e+00 0.000000000000000000e+00 0.000000000000000000e+00
4.500000000000000000e+03 1.800064310486093611e-02 2.844788347746927612e-03 9.971552116522530707e-01 0.000000000000000000e+00 0.000000000000000000e+00 0.000000000000000000e+00
4.750000000000000000e+03 1.900067883290890158e-02 2.503413746017296455e-03 9.973827947200728516e-01 0.000000000000000000e+00 1.137915339098771066e-04 0.000000000000000000e+00
5.000000000000000000e+03 2.000071456095664502e-02 2.503413746017296455e-03 9.974965862539827421e-01 0.000000000000000000e+00 0.000000000000000000e+00 0.000000000000000000e+00
5.250000000000000000e+03 2.100075028900438845e-02 1.706873008648156654e-03 9.982931269913518646e-01 0.000000000000000000e+00 0.000000000000000000e+00 0.000000000000000000e+00
5.500000000000000000e+03 2.200078601705235393e-02 1.934456076467910759e-03 9.979517523896221931e-01 0.000000000000000000e+00 1.137915339098771066e-04 0.000000000000000000e+00
5.750000000000000000e+03 2.300082174510009736e-02 4.324078288575329727e-03 9.955621301775148257e-01 0.000000000000000000e+00 1.137915339098771066e-04 0.000000000000000000e+00
6.000000000000000000e+03 2.400085747314806284e-02 2.389622212107419402e-03 9.976103777878926326e-01 0.000000000000000000e+00 0.000000000000000000e+00 0.000000000000000000e+00
6.250000000000000000e+03 2.500089320119580627e-02 1.934456076467910759e-03 9.979517523896221931e-01 0.000000000000000000e+00 1.137915339098771066e-04 0.000000000000000000e+00
6.500000000000000000e+03 2.600092892924354970e-02 2.617205279927173507e-03 9.971552116522530707e-01 0.000000000000000000e+00 2.275830678197542133e-04 0.000000000000000000e+00
6.750000000000000000e+03 2.700096465729151518e-02 4.210286754665453109e-03 9.957897132453344957e-01 0.000000000000000000e+00 0.000000000000000000e+00 0.000000000000000000e+00
7.000000000000000000e+03 2.800100038533925861e-02 4.096495220755575623e-03 9.959035047792443862e-01 0.000000000000000000e+00 0.000000000000000000e+00 0.000000000000000000e+00
7.250000000000000000e+03 2.900103611338722409e-02 2.958579881656804664e-03 9.965862539827037292e-01 0.000000000000000000e+00 4.551661356395084266e-04 0.000000000000000000e+00
7.500000000000000000e+03 3.000107184143496752e-02 4.551661356395083832e-03 9.952207555757851543e-01 0.000000000000000000e+00 2.275830678197542133e-04 0.000000000000000000e+00
7.750000000000000000e+03 3.100110756948271096e-02 4.324078288575329727e-03 9.955621301775148257e-01 0.000000000000000000e+00 1.137915339098771066e-04 0.000000000000000000e+00
8.000000000000000000e+03 3.200114329753067643e-02 7.737824305871643035e-03 9.919208010923987739e-01 0.000000000000000000e+00 3.413746017296313199e-04 0.000000000000000000e+00
8.250000000000000000e+03 3.300117902557841987e-02 5.689576695493855224e-03 9.941966317705962508e-01 0.000000000000000000e+00 1.137915339098771066e-04 0.000000000000000000e+00
8.500000000000000000e+03 3.400121475362638535e-02 4.551661356395083832e-03 9.953345471096950448e-01 0.000000000000000000e+00 1.137915339098771066e-04 0.000000000000000000e+00
8.750000000000000000e+03 3.500125048167412878e-02 3.755120619025944465e-03 9.961310878470641672e-01 0.000000000000000000e+00 1.137915339098771066e-04 0.000000000000000000e+00
9.000000000000000000e+03 3.600128620972187221e-02 6.941283568502503235e-03 9.927173418297678964e-01 0.000000000000000000e+00 3.413746017296313199e-04 0.000000000000000000e+00
9.250000000000000000e+03 3.700132193776983769e-02 5.689576695493855224e-03 9.940828402366863603e-01 0.000000000000000000e+00 2.275830678197542133e-04 0.000000000000000000e+00
9.500000000000000000e+03 3.800135766581758112e-02 5.461993627674101119e-03 9.944242148384160318e-01 0.000000000000000000e+00 1.137915339098771066e-04 0.000000000000000000e+00
9.750000000000000000e+03 3.900139339386554660e-02 1.024123805188893906e-02 9.895311788802912956e-01 0.000000000000000000e+00 2.275830678197542133e-04 0.000000000000000000e+00
1.000000000000000000e+04 4.000142912191329003e-02 9.672280382339554228e-03 9.894173873463814051e-01 0.000000000000000000e+00 9.103322712790168532e-04 0.000000000000000000e+00
1.025000000000000000e+04 4.100146484996103347e-02 8.989531178880291046e-03 9.906690942193900895e-01 0.000000000000000000e+00 3.413746017296313199e-04 0.000000000000000000e+00
1.050000000000000000e+04 4.200150057800899894e-02 6.713700500682749130e-03 9.930587164314974569e-01 0.000000000000000000e+00 2.275830678197542133e-04 0.000000000000000000e+00
1.075000000000000000e+04 4.300153630605674238e-02 7.282658170232134826e-03 9.921483841602184439e-01 0.000000000000000000e+00 5.689576695493854790e-04 0.000000000000000000e+00
1.100000000000000000e+04 4.400157203410470785e-02 9.444697314519799256e-03 9.901001365498406370e-01 0.000000000000000000e+00 4.551661356395084266e-04 0.000000000000000000e+00
1.125000000000000000e+04 4.500160776215245129e-02 8.192990441511151245e-03 9.913518434228493215e-01 0.000000000000000000e+00 4.551661356395084266e-04 0.000000000000000000e+00
1.150000000000000000e+04 4.600164349020019472e-02 1.160673645880746542e-02 9.872553482020938187e-01 0.000000000000000000e+00 1.137915339098770958e-03 0.000000000000000000e+00
1.175000000000000000e+04 4.700167921824816020e-02 1.001365498406918582e-02 9.896449704142011861e-01 0.000000000000000000e+00 3.413746017296313199e-04 0.000000000000000000e+00
1.200000000000000000e+04 4.800171494629590363e-02 1.376877560309512985e-02 9.857760582612653533e-01 0.000000000000000000e+00 4.551661356395084266e-04 0.000000000000000000e+00
1.225000000000000000e+04 4.900175067434386911e-02 2.048247610377787811e-02 9.791761492944924816e-01 0.000000000000000000e+00 3.413746017296313199e-04 0.000000000000000000e+00
1.250000000000000000e+04 5.000178640239161254e-02 1.217569412835685025e-02 9.874829312699134887e-01 0.000000000000000000e+00 3.413746017296313199e-04 0.000000000000000000e+00
1.275000000000000000e+04 5.100182213043935597e-02 1.752389622212107562e-02 9.819071461083295205e-01 0.000000000000000000e+00 5.689576695493854790e-04 0.000000000000000000e+00
1.300000000000000000e+04 5.200185785848732145e-02 1.399635867091488309e-02 9.850933090578061213e-01 0.000000000000000000e+00 9.103322712790168532e-04 0.000000000000000000e+00
1.325000000000000000e+04 5.300189358653506488e-02 1.900318616294947513e-02 9.803140646335912756e-01 0.000000000000000000e+00 6.827492034592626399e-04 0.000000000000000000e+00
1.350000000000000000e+04 5.400192931458303036e-02 2.059626763768775473e-02 9.784934000910332497e-01 0.000000000000000000e+00 9.103322712790168532e-04 0.000000000000000000e+00
1.375000000000000000e+04 5.500196504263077379e-02 1.684114701866181243e-02 9.819071461083295205e-01 0.000000000000000000e+00 1.251706873008648227e-03 0.000000000000000000e+00
1.400000000000000000e+04 5.600200077067851723e-02 1.934456076467910846e-02 9.800864815657714946e-01 0.000000000000000000e+00 5.689576695493854790e-04 0.000000000000000000e+00
1.425000000000000000e+04 5.700203649872648271e-02 2.935821574874829254e-02 9.700728265817023521e-01 0.000000000000000000e+00 5.689576695493854790e-04 0.000000000000000000e+00
1.450000000000000000e+04 5.800207222677422614e-02 2.139280837505689453e-02 9.770141101502047842e-01 0.000000000000000000e+00 1.593081474738279385e-03 0.000000000000000000e+00
1.475000000000000000e+04 5.900210795482219162e-02 2.014110150204824826e-02 9.786071916249431402e-01 0.000000000000000000e+00 1.251706873008648227e-03 0.000000000000000000e+00
1.500000000000000000e+04 6.000214368286993505e-02 2.799271734182976618e-02 9.708693673190714746e-01 0.000000000000000000e+00 1.137915339098770958e-03 0.000000000000000000e+00
1.525000000000000000e+04 6.100217941091767848e-02 3.527537551206190447e-02 9.633591260810195900e-01 0.000000000000000000e+00 1.365498406918525280e-03 0.000000000000000000e+00
1.550000000000000000e+04 6.200221513896564396e-02 2.856167501137915274e-02 9.695038689121528996e-01 0.000000000000000000e+00 1.934456076467910759e-03 0.000000000000000000e+00
1.575000000000000000e+04 6.300225086701338739e-02 3.504779244424215123e-02 9.632453345471096995e-01 0.000000000000000000e+00 1.706873008648156654e-03 0.000000000000000000e+00
1.600000000000000000e+04 6.400228659506135287e-02 3.527537551206190447e-02 9.635867091488393710e-01 0.000000000000000000e+00 1.137915339098770958e-03 0.000000000000000000e+00
1.625000000000000000e+04 6.500232232310909630e-02 4.073736913973600299e-02 9.567592171142467183e-01 0.000000000000000000e+00 2.503413746017296455e-03 0.000000000000000000e+00
1.650000000000000000e+04 6.600235805115683974e-02 4.938552571688666071e-02 9.475421028675466983e-01 0.000000000000000000e+00 3.072371415566681717e-03 0.000000000000000000e+00
1.675000000000000000e+04 6.700239377920480521e-02 4.176149294492489950e-02 9.556213017751479244e-01 0.000000000000000000e+00 2.617205279927173507e-03 0.000000000000000000e+00
1.700000000000000000e+04 6.800242950725254865e-02 4.733727810650887463e-02 9.508420573509330787e-01 0.000000000000000000e+00 1.820664542558033706e-03 0.000000000000000000e+00
1.725000000000000000e+04 6.900246523530051412e-02 4.597177969959034827e-02 9.511834319526627501e-01 0.000000000000000000e+00 2.844788347746927612e-03 0.000000000000000000e+00
1.750000000000000000e+04 7.000250096334825756e-02 4.767865270823850449e-02 9.495903504779243942e-01 0.000000000000000000e+00 2.730996813837050560e-03 0.000000000000000000e+00
1.775000000000000000e+04 7.100253669139622303e-02 5.530268548020027264e-02 9.408284023668639362e-01 0.000000000000000000e+00 3.868912152935821518e-03 0.000000000000000000e+00
1.800000000000000000e+04 7.200257241944396647e-02 6.167501137915339104e-02 9.340009103322712836e-01 0.000000000000000000e+00 4.324078288575329727e-03 0.000000000000000000e+00
1.825000000000000000e+04 7.300260814749170990e-02 6.588529813381883982e-02 9.302457897132453413e-01 0.000000000000000000e+00 3.868912152935821518e-03 0.000000000000000000e+00
1.850000000000000000e+04 7.400264387553967538e-02 7.100591715976331542e-02 9.250113791533909335e-01 0.000000000000000000e+00 3.982703686845699004e-03 0.000000000000000000e+00
1.875000000000000000e+04 7.500267960358741881e-02 6.781975421028675621e-02 9.263768775603095085e-01 0.000000000000000000e+00 5.803368229403732710e-03 0.000000000000000000e+00
1.900000000000000000e+04 7.600271533163538429e-02 8.796085571233500100e-02 9.053254437869822091e-01 0.000000000000000000e+00 6.713700500682749130e-03 0.000000000000000000e+00
1.925000000000000000e+04 7.700275105968312772e-02 7.646791078743742087e-02 9.157942649066909135e-01 0.000000000000000000e+00 7.737824305871643035e-03 0.000000000000000000e+00
1.950000000000000000e+04 7.800278678773087115e-02 7.715065999089668058e-02 9.176149294492489394e-01 0.000000000000000000e+00 5.234410559854347014e-03 0.000000000000000000e+00
1.975000000000000000e+04 7.900282251577883663e-02 9.012289485662267063e-02 8.990669094219390090e-01 0.000000000000000000e+00 1.081019572143832562e-02 0.000000000000000000e+00
2.000000000000000000e+04 8.000285824382658006e-02 1.217569412835685094e-01 8.641329085116067343e-01 0.000000000000000000e+00 1.411015020482476144e-02 0.000000000000000000e+00
2.025000000000000000e+04 8.100289397187454554e-02 1.044606281292671801e-01 8.856395084205734847e-01 0.000000000000000000e+00 9.899863450159307465e-03 0.000000000000000000e+00
2.050000000000000000e+04 8.200292969992228898e-02 1.211879836140191125e-01 8.658397815202548697e-01 0.000000000000000000e+00 1.297223486572599005e-02 0.000000000000000000e+00
2.075000000000000000e+04 8.300296542797003241e-02 1.267637687756031084e-01 8.592398725534819981e-01 1.137915339098771066e-04 1.388256713700500647e-02 0.000000000000000000e+00
2.100000000000000000e+04 8.400300115601799789e-02 1.418980427856167403e-01 8.397815202548930547e-01 0.000000000000000000e+00 1.832043695949021542e-02 0.000000000000000000e+00
2.125000000000000000e+04 8.500303688406574132e-02 1.637460172963131622e-01 8.087164314974966128e-01 1.137915339098771066e-04 2.742375967228038308e-02 0.000000000000000000e+00
2.150000000000000000e+04 8.600307261211370680e-02 1.837733272644515303e-01 7.767410104688211581e-01 0.000000000000000000e+00 3.948566226672735324e-02 0.000000000000000000e+00
2.175000000000000000e+04 8.700310834016145023e-02 1.700045516613563901e-01 7.977924442421483464e-01 1.137915339098771066e-04 3.208921256258534527e-02 0.000000000000000000e+00
2.200000000000000000e+04 8.800314406820919366e-02 2.280382339553937154e-01 7.137005006827491504e-01 1.024123805188893906e-03 5.723714155666818210e-02 0.000000000000000000e+00
2.225000000000000000e+04 8.900317979625715914e-02 2.612653618570778269e-01 6.397360036413290985e-01 3.982703686845699004e-03 9.501593081474737912e-02 0.000000000000000000e+00
2.250000000000000000e+04 9.000321552430490257e-02 2.814064633591260578e-01 5.483614019116977989e-01 6.599908966772872511e-03 1.636322257624032717e-01 0.000000000000000000e+00
2.275000000000000000e+04 9.100325125235286805e-02 2.822030040964952358e-01 4.986345015930814806e-01 2.093764223941738806e-02 1.982248520710059303e-01 0.000000000000000000e+00
2.300000000000000000e+04 9.200328698040061148e-02 2.696859353664087244e-01 4.559626763768775404e-01 5.632680928538916915e-02 2.180245789713245452e-01 0.000000000000000000e+00
2.325000000000000000e+04 9.300332270844835492e-02 2.845926263086026586e-01 4.640418752844788219e-01 8.443331816112881194e-02 1.669321802457897075e-01 0.000000000000000000e+00
2.350000000000000000e+04 9.400335843649632039e-02 3.048475193445607800e-01 4.584660901228948537e-01 9.069185252617205373e-02 1.459945380063723264e-01 0.000000000000000000e+00
2.375000000000000000e+04 9.500339416454406383e-02 2.711652253072371344e-01 4.725762403277196100e-01 1.213017751479289891e-01 1.349567592171142527e-01 0.000000000000000000e+00
2.400000000000000000e+04 9.600342989259202930e-02 2.591033227127901850e-01 4.889622212107418986e-01 1.520254893035958010e-01 9.990896677287210148e-02 0.000000000000000000e+00
2.425000000000000000e+04 9.700346562063977274e-02 2.102867546654528796e-01 5.372098315885298625e-01 1.962903959945380139e-01 5.621301775147929253e-02 0.000000000000000000e+00
2.450000000000000000e+04 9.800350134868751617e-02 1.863905325443787064e-01 5.493855257168867023e-01 2.284934000910332219e-01 3.573054164770141095e-02 0.000000000000000000e+00
2.475000000000000000e+04 9.900353707673548165e-02 1.752389622212107423e-01 5.639508420573509095e-01 2.402139280837505553e-01 2.059626763768775473e-02 0.000000000000000000e+00
2.500000000000000000e+04 1.000035728047832251e-01 1.621529358215748617e-01 5.773782430587164338e-01 2.435138825671370189e-01 1.695493855257168905e-02 0.000000000000000000e+00
2.525000000000000000e+04 1.010036085328311906e-01 1.528220300409649512e-01 5.872781065088756858e-01 2.435138825671370189e-01 1.638598088302230249e-02 0.000000000000000000e+00
2.550000000000000000e+04 1.020036442608789340e-01 1.465634956759217233e-01 6.166363222576239922e-01 2.222348657259899940e-01 1.456531634046426965e-02 0.000000000000000000e+00
2.575000000000000000e+04 1.030036799889266774e-01 1.207328174783796060e-01 6.525944469731451703e-01 2.132453345471096995e-01 1.342740100136549826e-02 0.000000000000000000e+00
2.600000000000000000e+04 1.040037157169746429e-01 1.016158397815202508e-01 6.784251251706873154e-01 2.076695493855257035e-01 1.228948566226672687e-02 0.000000000000000000e+00
2.625000000000000000e+04 1.050037514450223863e-01 1.054847519344560697e-01 6.784251251706873154e-01 2.047109695038689114e-01 1.137915339098771045e-02 0.000000000000000000e+00
2.650000000000000000e+04 1.060037871730703518e-01 1.027537551206190308e-01 6.809285389167045732e-01 2.051661356395084179e-01 1.115157032316795548e-02 0.000000000000000000e+00
2.675000000000000000e+04 1.070038229011180952e-01 9.922621756941284177e-02 6.791078743741465473e-01 2.085798816568047442e-01 1.308602639963586667e-02 0.000000000000000000e+00
2.700000000000000000e+04 1.080038586291658387e-01 9.626763768775603580e-02 6.827492034592625991e-01 2.102867546654528796e-01 1.069640418752844727e-02 0.000000000000000000e+00
2.725000000000000000e+04 1.090038943572138042e-01 9.751934456076467861e-02 6.826354119253527086e-01 2.104005461993627701e-01 9.444697314519799256e-03 0.000000000000000000e+00
2.750000000000000000e+04 1.100039300852615476e-01 9.808830223031406170e-02 6.791078743741465473e-01 2.121074192080109333e-01 1.069640418752844727e-02 0.000000000000000000e+00
2.775000000000000000e+04 1.110039658133095131e-01 1.070778334091943562e-01 6.788802913063267663e-01 2.072143832498861971e-01 6.827492034592626616e-03 0.000000000000000000e+00
2.800000000000000000e+04 1.120040015413572565e-01 9.103322712790168358e-02 6.985662266727356018e-01 2.031178880291306388e-01 7.282658170232134826e-03 0.000000000000000000e+00
2.825000000000000000e+04 1.130040372694049999e-01 7.999544833864360993e-02 7.058488848429677054e-01 2.023213472917614886e-01 1.183431952662721866e-02 0.000000000000000000e+00
2.850000000000000000e+04 1.140040729974529654e-01 7.806099226217569353e-02 7.072143832498861693e-01 2.032316795630405015e-01 1.149294492489758707e-02 0.000000000000000000e+00
2.875000000000000000e+04 1.150041087255007088e-01 7.385070550751024476e-02 7.130177514792899185e-01 2.059626763768775681e-01 7.168866636322257339e-03 0.000000000000000000e+00
2.900000000000000000e+04 1.160041444535486743e-01 7.965407373691398007e-02 7.057350933090578149e-01 2.042558033682294050e-01 1.035502958579881741e-02 0.000000000000000000e+00
2.925000000000000000e+04 1.170041801815964178e-01 7.749203459262631044e-02 7.052799271734182529e-01 2.058488848429676776e-01 1.137915339098771045e-02 0.000000000000000000e+00
2.950000000000000000e+04 1.180042159096441612e-01 7.965407373691398007e-02 7.036868456986800080e-01 2.078971324533454845e-01 8.761948111060537808e-03 0.000000000000000000e+00
2.975000000000000000e+04 1.190042516376921267e-01 8.477469276285844180e-02 6.975421028675466983e-01 2.066454255803368278e-01 1.103777878925807886e-02 0.000000000000000000e+00
3.000000000000000000e+04 1.200042873657398701e-01 8.295402822030041590e-02 6.985662266727356018e-01 2.075557578516158408e-01 1.092398725534820224e-02 0.000000000000000000e+00
3.025000000000000000e+04 1.210043230937878356e-01 8.659535730541648157e-02 6.937869822485207560e-01 2.097177969959035104e-01 9.899863450159307465e-03 0.000000000000000000e+00
3.050000000000000000e+04 1.220043588218355790e-01 8.727810650887574129e-02 6.926490669094219621e-01 2.101729631315430169e-01 9.899863450159307465e-03 0.000000000000000000e+00
3.075000000000000000e+04 1.230043945498833224e-01 8.670914883932635819e-02 6.954938552571688914e-01 2.078971324533454845e-01 9.899863450159307465e-03 0.000000000000000000e+00
3.100000000000000000e+04 1.240044302779312879e-01 8.864360491579426071e-02 6.907146108329540457e-01 2.098315885298133732e-01 1.081019572143832562e-02 0.000000000000000000e+00
3.125000000000000000e+04 1.250044660059790314e-01 8.636777423759672834e-02 6.968593536640873554e-01 2.084660901228948537e-01 8.306781975421027864e-03 0.000000000000000000e+00
3.150000000000000000e+04 1.260045017340269968e-01 9.717796995903504875e-02 6.846836595357305155e-01 2.064178425125170746e-01 1.172052799271734204e-02 0.000000000000000000e+00
3.175000000000000000e+04 1.270045374620747403e-01 9.228493400091032639e-02 6.880974055530268974e-01 2.074419663177059503e-01 1.217569412835685025e-02 0.000000000000000000e+00
3.200000000000000000e+04 1.280045731901224837e-01 1.015020482476103741e-01 6.832043695949021611e-01 2.057350933090578149e-01 9.558488848429677609e-03 0.000000000000000000e+00
3.225000000000000000e+04 1.290046089181704492e-01 1.034365043240782905e-01 6.826354119253527086e-01 2.047109695038689114e-01 9.217114246700046018e-03 0.000000000000000000e+00
3.250000000000000000e+04 1.300046446462181926e-01 1.027537551206190308e-01 6.809285389167045732e-01 2.057350933090578149e-01 1.058261265361857065e-02 0.000000000000000000e+00
3.275000000000000000e+04 1.310046803742661581e-01 1.013882567137004975e-01 6.827492034592625991e-01 2.061902594446973214e-01 9.672280382339554228e-03 0.000000000000000000e+00
3.300000000000000000e+04 1.320047161023139015e-01 1.022985889849795244e-01 6.824078288575330387e-01 2.058488848429676776e-01 9.444697314519799256e-03 0.000000000000000000e+00
3.325000000000000000e+04 1.330047518303616449e-01 1.034365043240782905e-01 6.799044151115156698e-01 2.032316795630405015e-01 1.342740100136549826e-02 0.000000000000000000e+00
3.350000000000000000e+04 1.340047875584096104e-01 1.099226217569412856e-01 6.736458807464724696e-01 2.083522985889849910e-01 8.079198907601274626e-03 0.000000000000000000e+00
3.375000000000000000e+04 1.350048232864573539e-01 1.029813381884387841e-01 6.808147473827946827e-01 2.048247610377788019e-01 1.137915339098771045e-02 0.000000000000000000e+00
3.400000000000000000e+04 1.360048590145053193e-01 1.078743741465634925e-01 6.789940828402366568e-01 2.020937642239417353e-01 1.103777878925807886e-02 0.000000000000000000e+00
3.425000000000000000e+04 1.370048947425530628e-01 1.132225762403277214e-01 6.735320892125625791e-01 2.031178880291306388e-01 1.012744651797906244e-02 0.000000000000000000e+00
3.450000000000000000e+04 1.380049304706008062e-01 1.107191624943104219e-01 6.723941738734637852e-01 2.077833409194355940e-01 9.103322712790167665e-03 0.000000000000000000e+00
3.475000000000000000e+04 1.390049661986487717e-01 1.086709148839326289e-01 6.756941283568502765e-01 2.060764679107874309e-01 9.558488848429677609e-03 0.000000000000000000e+00
3.500000000000000000e+04 1.400050019266965151e-01 1.107191624943104219e-01 6.710286754665453213e-01 2.041420118343195145e-01 1.411015020482476144e-02 0.000000000000000000e+00
3.525000000000000000e+04 1.410050376547444806e-01 1.169776968593536637e-01 6.701183431952663083e-01 2.051661356395084179e-01 7.737824305871643035e-03 0.000000000000000000e+00
3.550000000000000000e+04 1.420050733827922240e-01 1.297223486572599005e-01 6.544151115157031962e-01 2.063040509786071841e-01 9.558488848429677609e-03 0.000000000000000000e+00
3.575000000000000000e+04 1.430051091108399675e-01 1.143604915794264876e-01 6.714838416021847722e-01 2.051661356395084179e-01 8.989531178880291046e-03 0.000000000000000000e+00
3.600000000000000000e+04 1.440051448388879329e-01 1.248293126991351781e-01 6.577150659990896875e-01 2.055075102412380617e-01 1.194811106053709528e-02 0.000000000000000000e+00
3.625000000000000000e+04 1.450051805669356764e-01 1.176604460628129234e-01 6.636322257624033272e-01 2.026627218934911323e-01 1.604460628129267263e-02 0.000000000000000000e+00
3.650000000000000000e+04 1.460052162949836418e-01 1.255120619025944517e-01 6.583978152025489194e-01 2.052799271734183084e-01 1.081019572143832562e-02 0.000000000000000000e+00
3.675000000000000000e+04 1.470052520230313853e-01 1.277878925807919841e-01 6.611288120163859583e-01 2.001593081474738189e-01 1.092398725534820224e-02 0.000000000000000000e+00
3.700000000000000000e+04 1.480052877510791287e-01 1.309740555302685572e-01 6.562357760582612221e-01 2.003868912152935722e-01 1.240327719617660522e-02 0.000000000000000000e+00
3.725000000000000000e+04 1.490053234791270942e-01 1.380291306326809353e-01 6.488393263541192280e-01 1.994765589440145592e-01 1.365498406918525323e-02 0.000000000000000000e+00
3.750000000000000000e+04 1.500053592071748376e-01 1.340464269458352398e-01 6.522530723714156098e-01 2.015248065543923661e-01 1.217569412835685025e-02 0.000000000000000000e+00
3.775000000000000000e+04 1.510053949352228031e-01 1.444014565316340537e-01 6.371187983614019501e-01 1.967455621301775204e-01 2.173418297678652786e-02 0.000000000000000000e+00
3.800000000000000000e+04 1.520054306632705465e-01 1.423532089212562468e-01 6.417842512517069054e-01 1.948111060537096040e-01 2.105143377332726468e-02 0.000000000000000000e+00
3.825000000000000000e+04 1.530054663913182900e-01 1.372325898953117851e-01 6.458807464724624081e-01 1.993627674101046965e-01 1.752389622212107562e-02 0.000000000000000000e+00
3.850000000000000000e+04 1.540055021193662554e-01 1.514565316340464318e-01 6.290395994538006130e-01 1.954938552571688637e-01 2.401001365498407064e-02 0.000000000000000000e+00
3.875000000000000000e+04 1.550055378474139989e-01 1.396222121074192080e-01 6.421256258534364658e-01 1.967455621301775204e-01 2.150659990896677115e-02 0.000000000000000000e+00
3.900000000000000000e+04 1.560055735754619644e-01 1.426945835229858905e-01 6.431497496586253693e-01 1.969731451979972736e-01 1.718252162039144229e-02 0.000000000000000000e+00
3.925000000000000000e+04 1.570056093035097078e-01 1.612426035502958488e-01 6.264223941738734647e-01 1.931042330450614408e-01 1.923076923076923184e-02 0.000000000000000000e+00
3.950000000000000000e+04 1.580056450315574512e-01 1.618115612198452458e-01 6.248293126991352198e-01 1.945835229858898507e-01 1.877560309512972189e-02 0.000000000000000000e+00
3.975000000000000000e+04 1.590056807596054167e-01 1.634046426945835184e-01 6.285844333181611621e-01 1.890077378243058825e-01 1.900318616294947513e-02 0.000000000000000000e+00
4.000000000000000000e+04 1.600057164876531601e-01 1.463359126081019701e-01 6.436049157942649313e-01 1.941283568502503443e-01 1.593081474738279601e-02 0.000000000000000000e+00
4.025000000000000000e+04 1.610057522157011256e-01 1.528220300409649512e-01 6.356395084205734847e-01 1.945835229858898507e-01 1.695493855257168905e-02 0.000000000000000000e+00
4.050000000000000000e+04 1.620057879437488690e-01 1.514565316340464318e-01 6.400773782430587699e-01 1.931042330450614408e-01 1.536185707783340945e-02 0.000000000000000000e+00
4.075000000000000000e+04 1.630058236717966125e-01 1.637460172963131622e-01 6.269913518434228061e-01 1.911697769685935244e-01 1.809285389167045871e-02 0.000000000000000000e+00
4.100000000000000000e+04 1.640058593998445780e-01 1.593081474738279601e-01 6.321119708693673234e-01 1.937869822485207005e-01 1.479289940828402289e-02 0.000000000000000000e+00
4.125000000000000000e+04 1.650058951278923214e-01 1.654528903049612976e-01 6.259672280382339027e-01 1.927628584433318248e-01 1.581702321347291593e-02 0.000000000000000000e+00
4.150000000000000000e+04 1.660059308559402869e-01 1.670459717796995980e-01 6.214155666818388379e-01 1.940145653163404538e-01 1.752389622212107562e-02 0.000000000000000000e+00
4.175000000000000000e+04 1.670059665839880303e-01 1.781975421028675344e-01 6.063950842057350687e-01 1.932180245789713313e-01 2.218934911242603433e-02 0.000000000000000000e+00
4.200000000000000000e+04 1.680060023120357737e-01 1.868456986800182129e-01 6.004779244424214291e-01 1.894629039599453890e-01 2.321347291761493084e-02 0.000000000000000000e+00
4.225000000000000000e+04 1.690060380400837392e-01 1.789940828402366846e-01 6.149294492489758568e-01 1.901456531634046487e-01 1.593081474738279601e-02 0.000000000000000000e+00
4.250000000000000000e+04 1.700060737681314826e-01 1.896904870277651423e-01 5.987710514337732937e-01 1.879836140191169791e-01 2.355484751934456070e-02 0.000000000000000000e+00
4.275000000000000000e+04 1.710061094961794481e-01 1.932180245789713313e-01 5.977469276285843902e-01 1.870732817478379661e-01 2.196176604460628110e-02 0.000000000000000000e+00
4.300000000000000000e+04 1.720061452242271915e-01 2.010696404187528319e-01 5.930814747382794350e-01 1.845698680018206528e-01 2.127901684114701791e-02 0.000000000000000000e+00
4.325000000000000000e+04 1.730061809522749350e-01 1.990213928083750528e-01 5.895539371870732737e-01 1.843422849340008995e-01 2.708238507055074976e-02 0.000000000000000000e+00
4.350000000000000000e+04 1.740062166803229005e-01 2.085798816568047442e-01 5.804506144742831442e-01 1.873008648156577194e-01 2.366863905325443732e-02 0.000000000000000000e+00
4.375000000000000000e+04 1.750062524083706439e-01 2.141556668183887124e-01 5.760127446517978589e-01 1.836595357305416398e-01 2.617205279927173334e-02 0.000000000000000000e+00
4.400000000000000000e+04 1.760062881364186094e-01 2.134729176149294527e-01 5.774920345926263243e-01 1.838871187983613931e-01 2.514792899408284030e-02 0.000000000000000000e+00
4.425000000000000000e+04 1.770063238644663528e-01 2.363450159308147502e-01 5.516613563950841792e-01 1.854802002730996935e-01 2.651342740100136666e-02 0.000000000000000000e+00
4.450000000000000000e+04 1.780063595925140962e-01 2.286071916249431124e-01 5.574647246244879284e-01 1.817250796540737234e-01 3.220300409649522189e-02 0.000000000000000000e+00
4.475000000000000000e+04 1.790063953205620617e-01 2.424897587619481154e-01 5.416477014110150368e-01 1.793354574419663283e-01 3.652708238507055422e-02 0.000000000000000000e+00
4.500000000000000000e+04 1.800064310486098051e-01 2.430587164314974846e-01 5.459717796995903205e-01 1.818388711879836139e-01 2.913063268092853930e-02 0.000000000000000000e+00
4.525000000000000000e+04 1.810064667766577706e-01 2.593309057806099105e-01 5.298133818843877574e-01 1.805871643149749572e-01 3.026854802002730896e-02 0.000000000000000000e+00
4.550000000000000000e+04 1.820065025047055141e-01 2.552344105598543522e-01 5.281065088757396220e-01 1.772872098315885214e-01 3.937187073281747662e-02 0.000000000000000000e+00
4.575000000000000000e+04 1.830065382327532575e-01 2.695721438324988894e-01 5.155894401456531106e-01 1.792216659080564378e-01 3.561675011379153433e-02 0.000000000000000000e+00
4.600000000000000000e+04 1.840065739608012230e-01 2.736686390532544477e-01 5.006827492034592320e-01 1.868456986800182129e-01 3.880291306326809353e-02 0.000000000000000000e+00
4.625000000000000000e+04 1.850066096888489664e-01 2.774237596722803900e-01 5.069412835685025431e-01 1.822940373236231204e-01 3.334091943559399501e-02 0.000000000000000000e+00
4.650000000000000000e+04 1.860066454168969319e-01 2.949476558944014726e-01 4.923759672280382249e-01 1.794492489758761911e-01 3.322712790168411146e-02 0.000000000000000000e+00
4.675000000000000000e+04 1.870066811449446753e-01 2.815202548930359483e-01 4.996586253982703840e-01 1.853664087391898030e-01 3.345471096950387163e-02 0.000000000000000000e+00
4.700000000000000000e+04 1.880067168729924187e-01 2.928994082840236657e-01 4.854346836595357373e-01 1.820664542558033672e-01 3.959945380063722986e-02 0.000000000000000000e+00
4.725000000000000000e+04 1.890067526010403842e-01 3.048475193445607800e-01 4.695038689121529552e-01 1.887801547564861293e-01 3.686845698680018407e-02 0.000000000000000000e+00
4.750000000000000000e+04 1.900067883290881277e-01 2.641101502048247562e-01 4.924897587619481154e-01 2.064178425125170746e-01 3.698224852071006069e-02 0.000000000000000000e+00
4.775000000000000000e+04 1.910068240571360931e-01 2.597860719162494170e-01 4.827036868456986984e-01 2.254210286754665393e-01 3.208921256258534527e-02 0.000000000000000000e+00
4.800000000000000000e+04 1.920068597851838366e-01 2.457897132453345512e-01 4.943104233045061413e-01 2.265589440145653055e-01 3.334091943559399501e-02 0.000000000000000000e+00
4.825000000000000000e+04 1.930068955132315800e-01 2.333864360491579304e-01 5.366408739189804100e-01 2.056213017751479244e-01 2.435138825671370050e-02 0.000000000000000000e+00
4.850000000000000000e+04 1.940069312412795455e-01 2.160901228948566288e-01 5.608784706417841992e-01 2.005006827492034627e-01 2.253072371415566766e-02 0.000000000000000000e+00
4.875000000000000000e+04 1.950069669693272889e-01 2.028903049613108855e-01 5.921711424670004220e-01 1.895766954938552518e-01 1.536185707783340945e-02 0.000000000000000000e+00
4.900000000000000000e+04 1.960070026973752544e-01 1.978834774692762866e-01 6.017296313154301135e-01 1.830905780609922706e-01 1.729631315430131891e-02 0.000000000000000000e+00
4.925000000000000000e+04 1.970070384254229978e-01 1.888939462903959920e-01 6.144742831133364058e-01 1.777423759672280279e-01 1.888939462903959851e-02 0.000000000000000000e+00
4.950000000000000000e+04 1.980070741534707413e-01 1.808147473827947105e-01 6.251706873008647802e-01 1.752389622212107423e-01 1.877560309512972189e-02 0.000000000000000000e+00
4.975000000000000000e+04 1.990071098815187067e-01 1.803595812471552040e-01 6.302913063268092975e-01 1.705735093309057870e-01 1.877560309512972189e-02 0.000000000000000000e+00
5.000000000000000000e+04 2.000071456095664502e-01 1.731907146108329631e-01 6.334774692762858983e-01 1.760355029585798925e-01 1.729631315430131891e-02 0.000000000000000000e+00
5.025000000000000000e+04 2.010071813376144156e-01 1.704597177969958965e-01 6.359808830223031562e-01 1.791078743741465751e-01 1.445152480655439303e-02 0.000000000000000000e+00
5.050000000000000000e+04 2.020072170656621591e-01 1.636322257624032717e-01 6.440600819299043822e-01 1.777423759672280279e-01 1.456531634046426965e-02 0.000000000000000000e+00
5.075000000000000000e+04 2.030072527937099025e-01 1.742148384160218388e-01 6.332498862084661173e-01 1.778561675011379184e-01 1.467910787437414627e-02 0.000000000000000000e+00
5.100000000000000000e+04 2.040072885217578680e-01 1.710286754665452935e-01 6.290395994538006130e-01 1.850250341374601593e-01 1.490669094219390124e-02 0.000000000000000000e+00
5.125000000000000000e+04 2.050073242498056114e-01 1.727355484751934567e-01 6.275603095129722586e-01 1.832043695949021334e-01 1.649977241693217911e-02 0.000000000000000000e+00
5.150000000000000000e+04 2.060073599778535769e-01 1.847974510696404060e-01 6.158397815202548697e-01 1.828629949931725174e-01 1.649977241693217911e-02 0.000000000000000000e+00
5.175000000000000000e+04 2.070073957059013203e-01 1.730769230769230727e-01 6.277878925807920396e-01 1.838871187983613931e-01 1.524806554392353283e-02 0.000000000000000000e+00
5.200000000000000000e+04 2.080074314339492858e-01 1.696631770596267741e-01 6.323395539371871044e-01 1.836595357305416398e-01 1.433773327264451468e-02 0.000000000000000000e+00
5.225000000000000000e+04 2.090074671619970292e-01 1.868456986800182129e-01 6.180018206645425671e-01 1.807009558488848477e-01 1.445152480655439303e-02 0.000000000000000000e+00
5.250000000000000000e+04 2.100075028900447727e-01 1.854802002730996935e-01 6.187983614019116896e-01 1.803595812471552040e-01 1.536185707783340945e-02 0.000000000000000000e+00
5.275000000000000000e+04 2.110075386180927381e-01 2.007282658170232159e-01 6.044606281292671524e-01 1.794492489758761911e-01 1.536185707783340945e-02 0.000000000000000000e+00
5.300000000000000000e+04 2.120075743461404816e-01 1.769458352298589054e-01 6.239189804278562068e-01 1.809285389167046010e-01 1.820664542558033533e-02 0.000000000000000000e+00
5.325000000000000000e+04 2.130076100741884471e-01 1.987938097405552995e-01 6.027537551206190169e-01 1.794492489758761911e-01 1.900318616294947513e-02 0.000000000000000000e+00
5.350000000000000000e+04 2.140076458022361905e-01 1.920801092398725651e-01 6.086709148839326566e-01 1.827492034592626269e-01 1.649977241693217911e-02 0.000000000000000000e+00
5.375000000000000000e+04 2.150076815302839339e-01 1.931042330450614408e-01 6.002503413746017591e-01 1.885525716886663761e-01 1.809285389167045871e-02 0.000000000000000000e+00
5.400000000000000000e+04 2.160077172583318994e-01 1.923076923076923184e-01 6.017296313154301135e-01 1.901456531634046487e-01 1.581702321347291593e-02 0.000000000000000000e+00
5.425000000000000000e+04 2.170077529863796428e-01 1.903732362312244020e-01 6.001365498406918686e-01 1.920801092398725651e-01 1.741010468821119553e-02 0.000000000000000000e+00
5.450000000000000000e+04 2.180077887144276083e-01 2.060764679107874309e-01 5.862539827036868934e-01 1.898042785616750050e-01 1.786527082385070547e-02 0.000000000000000000e+00
5.475000000000000000e+04 2.190078244424753517e-01 1.989076012744651900e-01 5.919435593991807520e-01 1.919663177059626746e-01 1.718252162039144229e-02 0.000000000000000000e+00
5.500000000000000000e+04 2.200078601705230952e-01 2.052799271734183084e-01 5.872781065088756858e-01 1.916249431042330587e-01 1.581702321347291593e-02 0.000000000000000000e+00
5.525000000000000000e+04 2.210078958985710607e-01 2.108557123350022766e-01 5.810195721438324856e-01 1.920801092398725651e-01 1.604460628129267263e-02 0.000000000000000000e+00
5.550000000000000000e+04 2.220079316266188041e-01 2.134729176149294527e-01 5.721438324988621371e-01 1.937869822485207005e-01 2.059626763768775473e-02 0.000000000000000000e+00
5.575000000000000000e+04 2.230079673546667696e-01 2.170004551661356418e-01 5.722576240327719166e-01 1.929904415111515781e-01 1.775147928994082885e-02 0.000000000000000000e+00
5.600000000000000000e+04 2.240080030827145130e-01 2.155211652253072319e-01 5.697542102867546587e-01 1.967455621301775204e-01 1.797906235776058209e-02 0.000000000000000000e+00
5.625000000000000000e+04 2.250080388107622564e-01 2.245106964041875264e-01 5.571233500227582569e-01 1.959490213928083702e-01 2.241693218024579104e-02 0.000000000000000000e+00
5.650000000000000000e+04 2.260080745388102219e-01 2.271279016841147025e-01 5.558716431497496835e-01 1.962903959945380139e-01 2.071005917159763482e-02 0.000000000000000000e+00
5.675000000000000000e+04 2.270081102668579653e-01 2.371415566681839004e-01 5.513199817933546187e-01 1.926490669094219343e-01 1.888939462903959851e-02 0.000000000000000000e+00
