# itime ezz other fcc hcp bcc ico
0.000000000000000000e+00 0.000000000000000000e+00 7.965407373691396923e-04 9.992034592626308775e-01 0.000000000000000000e+00 0.000000000000000000e+00 0.000000000000000000e+00
4.000000000000000000e+03 9.999767761141864497e-04 5.689576695493854790e-04 9.994310423304506585e-01 0.000000000000000000e+00 0.000000000000000000e+00 0.000000000000000000e+00
8.000000000000000000e+03 1.999953552228150855e-03 3.413746017296313199e-04 9.996586253982703285e-01 0.000000000000000000e+00 0.000000000000000000e+00 0.000000000000000000e+00
1.200000000000000000e+04 2.999930328342337305e-03 1.251706873008648227e-03 9.987482931269913156e-01 0.000000000000000000e+00 0.000000000000000000e+00 0.000000000000000000e+00
1.600000000000000000e+04 3.999907104456301710e-03 1.024123805188893906e-03 9.989758761948110966e-01 0.000000000000000000e+00 0.000000000000000000e+00 0.000000000000000000e+00
2.000000000000000000e+04 4.999883880570488159e-03 1.706873008648156654e-03 9.982931269913518646e-01 0.000000000000000000e+00 0.000000000000000000e+00 0.000000000000000000e+00
2.400000000000000000e+04 5.999860656684674609e-03 7.965407373691396923e-04 9.992034592626308775e-01 0.000000000000000000e+00 0.000000000000000000e+00 0.000000000000000000e+00
2.800000000000000000e+04 6.999837432798639014e-03 1.024123805188893906e-03 9.989758761948110966e-01 0.000000000000000000e+00 0.000000000000000000e+00 0.000000000000000000e+00
3.200000000000000000e+04 7.999814208912825464e-03 1.137915339098770958e-03 9.988620846609012061e-01 0.000000000000000000e+00 0.000000000000000000e+00 0.000000000000000000e+00
3.600000000000000000e+04 8.999790985027011914e-03 3.413746017296313199e-04 9.996586253982703285e-01 0.000000000000000000e+00 0.000000000000000000e+00 0.000000000000000000e+00
4.000000000000000000e+04 9.999767761140976319e-03 4.551661356395084266e-04 9.995448338643604380e-01 0.000000000000000000e+00 0.000000000000000000e+00 0.000000000000000000e+00
4.400000000000000000e+04 1.099974453725516277e-02 6.827492034592626399e-04 9.993172507965407680e-01 0.000000000000000000e+00 0.000000000000000000e+00 0.000000000000000000e+00
4.800000000000000000e+04 1.199972131336912717e-02 1.365498406918525280e-03 9.986345015930814251e-01 0.000000000000000000e+00 0.000000000000000000e+00 0.000000000000000000e+00
5.200000000000000000e+04 1.299969808948331362e-02 7.965407373691396923e-04 9.992034592626308775e-01 0.000000000000000000e+00 0.000000000000000000e+00 0.000000000000000000e+00
5.600000000000000000e+04 1.399967486559750007e-02 1.593081474738279385e-03 9.984069185252617551e-01 0.000000000000000000e+00 0.000000000000000000e+00 0.000000000000000000e+00
6.000000000000000000e+04 1.499965164171146448e-02 2.617205279927173507e-03 9.973827947200728516e-01 0.000000000000000000e+00 0.000000000000000000e+00 0.000000000000000000e+00
6.400000000000000000e+04 1.599962841782565093e-02 1.137915339098770958e-03 9.988620846609012061e-01 0.000000000000000000e+00 0.000000000000000000e+00 0.000000000000000000e+00
6.800000000000000000e+04 1.699960519393983738e-02 4.551661356395084266e-04 9.995448338643604380e-01 0.000000000000000000e+00 0.000000000000000000e+00 0.000000000000000000e+00
7.200000000000000000e+04 1.799958197005380178e-02 1.137915339098770958e-03 9.988620846609012061e-01 0.000000000000000000e+00 0.000000000000000000e+00 0.000000000000000000e+00
7.600000000000000000e+04 1.899955874616798823e-02 1.820664542558033706e-03 9.979517523896221931e-01 0.000000000000000000e+00 2.275830678197542133e-04 0.000000000000000000e+00
8.000000000000000000e+04 1.999953552228195264e-02 1.365498406918525280e-03 9.986345015930814251e-01 0.000000000000000000e+00 0.000000000000000000e+00 0.000000000000000000e+00
8.400000000000000000e+04 2.099951229839613909e-02 2.389622212107419402e-03 9.974965862539827421e-01 0.000000000000000000e+00 1.137915339098771066e-04 0.000000000000000000e+00
8.800000000000000000e+04 2.199948907451032554e-02 4.210286754665453109e-03 9.956759217114247162e-01 0.000000000000000000e+00 1.137915339098771066e-04 0.000000000000000000e+00
9.200000000000000000e+04 2.299946585062428994e-02 1.479289940828402332e-03 9.984069185252617551e-01 0.000000000000000000e+00 1.137915339098771066e-04 0.000000000000000000e+00
9.600000000000000000e+04 2.399944262673847639e-02 4.779244424214838804e-03 9.951069640418752638e-01 0.000000000000000000e+00 1.137915339098771066e-04 0.000000000000000000e+00
1.000000000000000000e+05 2.499941940285244080e-02 4.096495220755575623e-03 9.959035047792443862e-01 0.000000000000000000e+00 0.000000000000000000e+00 0.000000000000000000e+00
1.040000000000000000e+05 2.599939617896662725e-02 2.844788347746927612e-03 9.970414201183431802e-01 0.000000000000000000e+00 1.137915339098771066e-04 0.000000000000000000e+00
1.080000000000000000e+05 2.699937295508081370e-02 3.868912152935821518e-03 9.960172963131542767e-01 0.000000000000000000e+00 1.137915339098771066e-04 0.000000000000000000e+00
1.120000000000000000e+05 2.799934973119477810e-02 5.234410559854347014e-03 9.947655894401457033e-01 0.000000000000000000e+00 0.000000000000000000e+00 0.000000000000000000e+00
1.160000000000000000e+05 2.899932650730896455e-02 4.324078288575329727e-03 9.955621301775148257e-01 0.000000000000000000e+00 1.137915339098771066e-04 0.000000000000000000e+00
1.200000000000000000e+05 2.999930328342315100e-02 6.144742831133363434e-03 9.936276741010469093e-01 0.000000000000000000e+00 2.275830678197542133e-04 0.000000000000000000e+00
1.240000000000000000e+05 3.099928005953711541e-02 3.755120619025944465e-03 9.961310878470641672e-01 0.000000000000000000e+00 1.137915339098771066e-04 0.000000000000000000e+00
1.280000000000000000e+05 3.199925683565130186e-02 5.006827492034592909e-03 9.949931725079653733e-01 0.000000000000000000e+00 0.000000000000000000e+00 0.000000000000000000e+00
1.320000000000000000e+05 3.299923361176526626e-02 4.437869822485207214e-03 9.954483386436049352e-01 0.000000000000000000e+00 1.137915339098771066e-04 0.000000000000000000e+00
1.360000000000000000e+05 3.399921038787945271e-02 4.665452890304961318e-03 9.949931725079653733e-01 0.000000000000000000e+00 3.413746017296313199e-04 0.000000000000000000e+00
1.400000000000000000e+05 3.499918716399363916e-02 4.210286754665453109e-03 9.957897132453344957e-01 0.000000000000000000e+00 0.000000000000000000e+00 0.000000000000000000e+00
1.440000000000000000e+05 3.599916394010760357e-02 5.348202093764223633e-03 9.945380063723259223e-01 0.000000000000000000e+00 1.137915339098771066e-04 0.000000000000000000e+00
1.480000000000000000e+05 3.699914071622179002e-02 3.072371415566681717e-03 9.969276285844332897e-01 0.000000000000000000e+00 0.000000000000000000e+00 0.000000000000000000e+00
1.520000000000000000e+05 3.799911749233575442e-02 3.755120619025944465e-03 9.962448793809740577e-01 0.000000000000000000e+00 0.000000000000000000e+00 0.000000000000000000e+00
1.560000000000000000e+05 3.899909426844994087e-02 9.217114246700046018e-03 9.905553026854801990e-01 0.000000000000000000e+00 2.275830678197542133e-04 0.000000000000000000e+00
1.600000000000000000e+05 3.999907104456412732e-02 6.486117432862995025e-03 9.935138825671370189e-01 0.000000000000000000e+00 0.000000000000000000e+00 0.000000000000000000e+00
1.640000000000000000e+05 4.099904782067809172e-02 9.330905780609922637e-03 9.901001365498406370e-01 0.000000000000000000e+00 5.689576695493854790e-04 0.000000000000000000e+00
1.680000000000000000e+05 4.199902459679227817e-02 4.893035958124715423e-03 9.947655894401457033e-01 0.000000000000000000e+00 3.413746017296313199e-04 0.000000000000000000e+00
1.720000000000000000e+05 4.299900137290646462e-02 6.030951297223486815e-03 9.935138825671370189e-01 0.000000000000000000e+00 4.551661356395084266e-04 0.000000000000000000e+00
1.760000000000000000e+05 4.399897814902042903e-02 8.306781975421027864e-03 9.912380518889394310e-01 0.000000000000000000e+00 4.551661356395084266e-04 0.000000000000000000e+00
1.800000000000000000e+05 4.499895492513461548e-02 8.420573509330906217e-03 9.914656349567592120e-01 0.000000000000000000e+00 1.137915339098771066e-04 0.000000000000000000e+00
1.840000000000000000e+05 4.599893170124857988e-02 1.456531634046426965e-02 9.848657259899863403e-01 0.000000000000000000e+00 5.689576695493854790e-04 0.000000000000000000e+00
1.880000000000000000e+05 4.699890847736276633e-02 1.069640418752844727e-02 9.883932635411925016e-01 0.000000000000000000e+00 9.103322712790168532e-04 0.000000000000000000e+00
1.920000000000000000e+05 4.799888525347695278e-02 1.388256713700500647e-02 9.856622667273554628e-01 0.000000000000000000e+00 4.551661356395084266e-04 0.000000000000000000e+00
1.960000000000000000e+05 4.899886202959091719e-02 1.411015020482476144e-02 9.849795175238962308e-01 0.000000000000000000e+00 9.103322712790168532e-04 0.000000000000000000e+00
2.000000000000000000e+05 4.999883880570510364e-02 1.490669094219390124e-02 9.841829767865271084e-01 0.000000000000000000e+00 9.103322712790168532e-04 0.000000000000000000e+00
2.040000000000000000e+05 5.099881558181929009e-02 1.502048247610377786e-02 9.841829767865271084e-01 0.000000000000000000e+00 7.965407373691396923e-04 0.000000000000000000e+00
2.080000000000000000e+05 5.199879235793325449e-02 1.251706873008648184e-02 9.866863905325443662e-01 0.000000000000000000e+00 7.965407373691396923e-04 0.000000000000000000e+00
2.120000000000000000e+05 5.299876913404744094e-02 1.183431952662721866e-02 9.874829312699134887e-01 0.000000000000000000e+00 6.827492034592626399e-04 0.000000000000000000e+00
2.160000000000000000e+05 5.399874591016140535e-02 2.150659990896677115e-02 9.774692762858443462e-01 0.000000000000000000e+00 1.024123805188893906e-03 0.000000000000000000e+00
2.200000000000000000e+05 5.499872268627559180e-02 2.002730996813837164e-02 9.794037323623122626e-01 0.000000000000000000e+00 5.689576695493854790e-04 0.000000000000000000e+00
2.240000000000000000e+05 5.599869946238977825e-02 2.412380518889394726e-02 9.741693218024578549e-01 0.000000000000000000e+00 1.706873008648156654e-03 0.000000000000000000e+00
2.280000000000000000e+05 5.699867623850374265e-02 2.355484751934456070e-02 9.753072371415566488e-01 0.000000000000000000e+00 1.137915339098770958e-03 0.000000000000000000e+00
2.320000000000000000e+05 5.799865301461792910e-02 1.945835229858898507e-02 9.795175238962221531e-01 0.000000000000000000e+00 1.024123805188893906e-03 0.000000000000000000e+00
2.360000000000000000e+05 5.899862979073189351e-02 2.526172052799271692e-02 9.730314064633591720e-01 0.000000000000000000e+00 1.706873008648156654e-03 0.000000000000000000e+00
2.400000000000000000e+05 5.999860656684607996e-02 2.605826126536185672e-02 9.720072826581702685e-01 0.000000000000000000e+00 1.934456076467910759e-03 0.000000000000000000e+00
2.440000000000000000e+05 6.099858334296026641e-02 3.152025489303595523e-02 9.671142467000455323e-01 0.000000000000000000e+00 1.365498406918525280e-03 0.000000000000000000e+00
2.480000000000000000e+05 6.199856011907423081e-02 3.117888029130632538e-02 9.670004551661356418e-01 0.000000000000000000e+00 1.820664542558033706e-03 0.000000000000000000e+00
2.520000000000000000e+05 6.299853689518841726e-02 3.220300409649522189e-02 9.665452890304960798e-01 0.000000000000000000e+00 1.251706873008648227e-03 0.000000000000000000e+00
2.560000000000000000e+05 6.399851367130260371e-02 4.164770141101502288e-02 9.564178425125170468e-01 0.000000000000000000e+00 1.934456076467910759e-03 0.000000000000000000e+00
2.600000000000000000e+05 6.499849044741656812e-02 3.538916704597178109e-02 9.630177514792899185e-01 0.000000000000000000e+00 1.593081474738279385e-03 0.000000000000000000e+00
2.640000000000000000e+05 6.599846722353075457e-02 3.368229403732362487e-02 9.633591260810195900e-01 0.000000000000000000e+00 2.958579881656804664e-03 0.000000000000000000e+00
2.680000000000000000e+05 6.699844399964471897e-02 3.618570778334091742e-02 9.622212107419207960e-01 0.000000000000000000e+00 1.593081474738279385e-03 0.000000000000000000e+00
2.720000000000000000e+05 6.799842077575890542e-02 4.449248975876194528e-02 9.524351388256713236e-01 0.000000000000000000e+00 3.072371415566681717e-03 0.000000000000000000e+00
2.760000000000000000e+05 6.899839755187309187e-02 4.585798816568047165e-02 9.522075557578516536e-01 0.000000000000000000e+00 1.934456076467910759e-03 0.000000000000000000e+00
2.800000000000000000e+05 6.999837432798705628e-02 5.700955848884842886e-02 9.385525716886663483e-01 0.000000000000000000e+00 4.437869822485207214e-03 0.000000000000000000e+00
2.840000000000000000e+05 7.099835110410124273e-02 6.360946745562130744e-02 9.316112881201638052e-01 0.000000000000000000e+00 4.779244424214838804e-03 0.000000000000000000e+00
2.880000000000000000e+05 7.199832788021542918e-02 4.460628129267182190e-02 9.520937642239417631e-01 0.000000000000000000e+00 3.299954483386436255e-03 0.000000000000000000e+00
2.920000000000000000e+05 7.299830465632939358e-02 4.961310878470642088e-02 9.467455621301774649e-01 0.000000000000000000e+00 3.641329085116067413e-03 0.000000000000000000e+00
2.960000000000000000e+05 7.399828143244358003e-02 8.079198907601274626e-02 9.112426035502958488e-01 0.000000000000000000e+00 7.965407373691398007e-03 0.000000000000000000e+00
3.000000000000000000e+05 7.499825820855754444e-02 8.136094674556212936e-02 9.098771051433773849e-01 0.000000000000000000e+00 8.761948111060537808e-03 0.000000000000000000e+00
3.040000000000000000e+05 7.599823498467173088e-02 8.693673190714611143e-02 9.011151570323168158e-01 0.000000000000000000e+00 1.194811106053709528e-02 0.000000000000000000e+00
3.080000000000000000e+05 7.699821176078591733e-02 9.296768320436959998e-02 8.975876194811106545e-01 0.000000000000000000e+00 9.444697314519799256e-03 0.000000000000000000e+00
3.120000000000000000e+05 7.799818853689988174e-02 1.036640873918980438e-01 8.788120163859808320e-01 0.000000000000000000e+00 1.752389622212107562e-02 0.000000000000000000e+00
3.160000000000000000e+05 7.899816531301406819e-02 1.519116977696859383e-01 8.053026854802002310e-01 2.275830678197542133e-04 4.255803368229403583e-02 0.000000000000000000e+00
3.200000000000000000e+05 7.999814208912803259e-02 1.673873463814292140e-01 7.812926718252162228e-01 0.000000000000000000e+00 5.131998179335457710e-02 0.000000000000000000e+00
3.240000000000000000e+05 8.099811886524221904e-02 1.292671825216203940e-01 6.728493400091033472e-01 1.545289030496131144e-01 4.335457441966317910e-02 0.000000000000000000e+00
3.280000000000000000e+05 8.199809564135640549e-02 1.456531634046426965e-02 8.347746927628584279e-01 1.505461993627674189e-01 1.137915339098771066e-04 0.000000000000000000e+00
3.320000000000000000e+05 8.299807241747036990e-02 1.593081474738279601e-02 8.339781520254893055e-01 1.498634501593081592e-01 2.275830678197542133e-04 0.000000000000000000e+00
3.360000000000000000e+05 8.399804919358455635e-02 1.547564861174328607e-02 8.343195266272189770e-01 1.502048247610377751e-01 0.000000000000000000e+00 0.000000000000000000e+00
3.400000000000000000e+05 8.499802596969874280e-02 1.558944014565316269e-02 8.346609012289485374e-01 1.496358670914884059e-01 1.137915339098771066e-04 0.000000000000000000e+00
3.440000000000000000e+05 8.599800274581270720e-02 1.524806554392353283e-02 8.343195266272189770e-01 1.500910332271279124e-01 3.413746017296313199e-04 0.000000000000000000e+00
3.480000000000000000e+05 8.699797952192689365e-02 1.570323167956303931e-02 8.342057350933090865e-01 1.499772416932180219e-01 1.137915339098771066e-04 0.000000000000000000e+00
3.520000000000000000e+05 8.799795629804085806e-02 1.809285389167045871e-02 8.317023213472917176e-01 1.500910332271279124e-01 1.137915339098771066e-04 0.000000000000000000e+00
3.560000000000000000e+05 8.899793307415504451e-02 1.558944014565316269e-02 8.337505689576695245e-01 1.506599908966772816e-01 0.000000000000000000e+00 0.000000000000000000e+00
3.600000000000000000e+05 8.999790985026923096e-02 1.695493855257168905e-02 8.324988620846609511e-01 1.503186162949476656e-01 2.275830678197542133e-04 0.000000000000000000e+00
3.640000000000000000e+05 9.099788662638319536e-02 1.877560309512972189e-02 8.317023213472917176e-01 1.492944924897587622e-01 2.275830678197542133e-04 0.000000000000000000e+00
3.680000000000000000e+05 9.199786340249738181e-02 1.809285389167045871e-02 8.318161128812016081e-01 1.498634501593081592e-01 2.275830678197542133e-04 0.000000000000000000e+00
3.720000000000000000e+05 9.299784017861134622e-02 1.945835229858898507e-02 8.304506144742831442e-01 1.499772416932180219e-01 1.137915339098771066e-04 0.000000000000000000e+00
3.760000000000000000e+05 9.399781695472553267e-02 1.706873008648156567e-02 8.320436959490213891e-01 1.502048247610377751e-01 6.827492034592626399e-04 0.000000000000000000e+00
3.800000000000000000e+05 9.499779373083971912e-02 1.888939462903959851e-02 8.309057806099225951e-01 1.498634501593081592e-01 3.413746017296313199e-04 0.000000000000000000e+00
3.840000000000000000e+05 9.599777050695368352e-02 2.093764223941738806e-02 8.293126991351843502e-01 1.494082840236686527e-01 3.413746017296313199e-04 0.000000000000000000e+00
3.880000000000000000e+05 9.699774728306786997e-02 1.877560309512972189e-02 8.315885298133819381e-01 1.491807009558488717e-01 4.551661356395084266e-04 0.000000000000000000e+00
3.920000000000000000e+05 9.799772405918205642e-02 2.196176604460628110e-02 8.273782430587164338e-01 1.499772416932180219e-01 6.827492034592626399e-04 0.000000000000000000e+00
3.960000000000000000e+05 9.899770083529602083e-02 2.469276285844333035e-02 8.248748293126991760e-01 1.498634501593081592e-01 5.689576695493854790e-04 0.000000000000000000e+00
4.000000000000000000e+05 9.999767761141020728e-02 2.389622212107419055e-02 8.258989531178880794e-01 1.498634501593081592e-01 3.413746017296313199e-04 0.000000000000000000e+00
4.040000000000000000e+05 1.009976543875241717e-01 1.957214383249886169e-02 8.299954483386435822e-01 1.504324078288575284e-01 0.000000000000000000e+00 0.000000000000000000e+00
4.080000000000000000e+05 1.019976311636383581e-01 2.298588984979517413e-02 8.272644515248065433e-01 1.496358670914884059e-01 1.137915339098771066e-04 0.000000000000000000e+00
4.120000000000000000e+05 1.029976079397525446e-01 2.742375967228038308e-02 8.237369139736003820e-01 1.482703686845698587e-01 5.689576695493854790e-04 0.000000000000000000e+00
4.160000000000000000e+05 1.039975847158665090e-01 2.207555757851615771e-02 8.268092853891670924e-01 1.503186162949476656e-01 7.965407373691396923e-04 0.000000000000000000e+00
4.200000000000000000e+05 1.049975614919806954e-01 2.457897132453345374e-02 8.254437869822485174e-01 1.494082840236686527e-01 5.689576695493854790e-04 0.000000000000000000e+00
4.240000000000000000e+05 1.059975382680948819e-01 2.480655439235321044e-02 8.258989531178880794e-01 1.489531178880291185e-01 3.413746017296313199e-04 0.000000000000000000e+00
4.280000000000000000e+05 1.069975150442088463e-01 2.787892580791988956e-02 8.213472917614929036e-01 1.504324078288575284e-01 3.413746017296313199e-04 0.000000000000000000e+00
4.320000000000000000e+05 1.079974918203230327e-01 2.787892580791988956e-02 8.238507055075102725e-01 1.475876194811105990e-01 6.827492034592626399e-04 0.000000000000000000e+00
4.360000000000000000e+05 1.089974685964369971e-01 3.049613108784706567e-02 8.189576695493855363e-01 1.502048247610377751e-01 3.413746017296313199e-04 0.000000000000000000e+00
4.400000000000000000e+05 1.099974453725511836e-01 2.526172052799271692e-02 8.237369139736003820e-01 1.505461993627674189e-01 4.551661356395084266e-04 0.000000000000000000e+00
4.440000000000000000e+05 1.109974221486653700e-01 3.846153846153846367e-02 8.109922621756940897e-01 1.491807009558488717e-01 1.365498406918525280e-03 0.000000000000000000e+00
4.480000000000000000e+05 1.119973989247793345e-01 3.425125170687300796e-02 8.167956304050978389e-01 1.481565771506599960e-01 7.965407373691396923e-04 0.000000000000000000e+00
4.520000000000000000e+05 1.129973757008935209e-01 3.550295857988165771e-02 8.136094674556213491e-01 1.499772416932180219e-01 9.103322712790168532e-04 0.000000000000000000e+00
4.560000000000000000e+05 1.139973524770074853e-01 3.948566226672735324e-02 8.115612198452435422e-01 1.480427856167501055e-01 9.103322712790168532e-04 0.000000000000000000e+00
4.600000000000000000e+05 1.149973292531216718e-01 3.561675011379153433e-02 8.154301319981793750e-01 1.478152025489303523e-01 1.137915339098770958e-03 0.000000000000000000e+00
4.640000000000000000e+05 1.159973060292358582e-01 3.550295857988165771e-02 8.136094674556213491e-01 1.500910332271279124e-01 7.965407373691396923e-04 0.000000000000000000e+00
4.680000000000000000e+05 1.169972828053498226e-01 4.870277651342740100e-02 8.017751479289940697e-01 1.475876194811105990e-01 1.934456076467910759e-03 0.000000000000000000e+00
4.720000000000000000e+05 1.179972595814640091e-01 4.893035958124715423e-02 8.032544378698225351e-01 1.459945380063723264e-01 1.820664542558033706e-03 0.000000000000000000e+00
4.760000000000000000e+05 1.189972363575781955e-01 4.426490669094219205e-02 8.074647246244879284e-01 1.472462448793809831e-01 1.024123805188893906e-03 0.000000000000000000e+00
4.800000000000000000e+05 1.199972131336921599e-01 4.096495220755575623e-02 8.083750568957669413e-01 1.486117432862995025e-01 2.048247610377787811e-03 0.000000000000000000e+00
4.840000000000000000e+05 1.209971899098063464e-01 4.335457441966317910e-02 8.074647246244879284e-01 1.472462448793809831e-01 1.934456076467910759e-03 0.000000000000000000e+00
4.880000000000000000e+05 1.219971666859203108e-01 5.678197542102867562e-02 7.946062812926718566e-01 1.470186618115612298e-01 1.593081474738279385e-03 0.000000000000000000e+00
4.920000000000000000e+05 1.229971434620344972e-01 5.518889394629039602e-02 7.960855712335002110e-01 1.472462448793809831e-01 1.479289940828402332e-03 0.000000000000000000e+00
4.960000000000000000e+05 1.239971202381486837e-01 5.223031406463359005e-02 7.998406918525261533e-01 1.453117888029130667e-01 2.617205279927173507e-03 0.000000000000000000e+00
5.000000000000000000e+05 1.249970970142626481e-01 6.133363677742376119e-02 7.906235776058261333e-01 1.459945380063723264e-01 2.048247610377787811e-03 0.000000000000000000e+00
5.040000000000000000e+05 1.259970737903768345e-01 1.695493855257168905e-02 9.829312699135184239e-01 0.000000000000000000e+00 1.137915339098771066e-04 0.000000000000000000e+00
5.080000000000000000e+05 1.269970505664910210e-01 2.401001365498407064e-02 9.748520710059171979e-01 0.000000000000000000e+00 1.137915339098770958e-03 0.000000000000000000e+00
5.120000000000000000e+05 1.279970273426049854e-01 1.570323167956303931e-02 9.837278106508875464e-01 0.000000000000000000e+00 5.689576695493854790e-04 0.000000000000000000e+00
5.160000000000000000e+05 1.289970041187191718e-01 2.344105598543468408e-02 9.762175694128356618e-01 0.000000000000000000e+00 3.413746017296313199e-04 0.000000000000000000e+00
5.200000000000000000e+05 1.299969808948331362e-01 2.344105598543468408e-02 9.757624032771962108e-01 0.000000000000000000e+00 7.965407373691396923e-04 0.000000000000000000e+00
5.240000000000000000e+05 1.309969576709473227e-01 2.435138825671370050e-02 9.753072371415566488e-01 0.000000000000000000e+00 3.413746017296313199e-04 0.000000000000000000e+00
5.280000000000000000e+05 1.319969344470615091e-01 2.503413746017296368e-02 9.743969048702776359e-01 0.000000000000000000e+00 5.689576695493854790e-04 0.000000000000000000e+00
5.320000000000000000e+05 1.329969112231754735e-01 2.127901684114701791e-02 9.775830678197542367e-01 0.000000000000000000e+00 1.137915339098770958e-03 0.000000000000000000e+00
5.360000000000000000e+05 1.339968879992896600e-01 2.776513427401001294e-02 9.714383249886208160e-01 0.000000000000000000e+00 7.965407373691396923e-04 0.000000000000000000e+00
5.400000000000000000e+05 1.349968647754036244e-01 2.526172052799271692e-02 9.738279472007282944e-01 0.000000000000000000e+00 9.103322712790168532e-04 0.000000000000000000e+00
5.440000000000000000e+05 1.359968415515178108e-01 2.935821574874829254e-02 9.700728265817023521e-01 0.000000000000000000e+00 5.689576695493854790e-04 0.000000000000000000e+00
5.480000000000000000e+05 1.369968183276319973e-01 2.935821574874829254e-02 9.690487027765134487e-01 0.000000000000000000e+00 1.593081474738279385e-03 0.000000000000000000e+00
5.520000000000000000e+05 1.379967951037459617e-01 2.605826126536185672e-02 9.732589895311788419e-01 0.000000000000000000e+00 6.827492034592626399e-04 0.000000000000000000e+00
5.560000000000000000e+05 1.389967718798601481e-01 2.867546654528902936e-02 9.706417842512516936e-01 0.000000000000000000e+00 6.827492034592626399e-04 0.000000000000000000e+00
5.600000000000000000e+05 1.399967486559743346e-01 2.730996813837050646e-02 9.714383249886208160e-01 0.000000000000000000e+00 1.251706873008648227e-03 0.000000000000000000e+00
5.640000000000000000e+05 1.409967254320882990e-01 3.561675011379153433e-02 9.617660446062813451e-01 0.000000000000000000e+00 2.617205279927173507e-03 0.000000000000000000e+00
5.680000000000000000e+05 1.419967022082024855e-01 3.891670459717797015e-02 9.592626308602639762e-01 0.000000000000000000e+00 1.820664542558033706e-03 0.000000000000000000e+00
5.720000000000000000e+05 1.429966789843164499e-01 4.278561675011378906e-02 9.551661356395084734e-01 0.000000000000000000e+00 2.048247610377787811e-03 0.000000000000000000e+00
5.760000000000000000e+05 1.439966557604306363e-01 3.561675011379153433e-02 9.625625853436504675e-01 0.000000000000000000e+00 1.820664542558033706e-03 0.000000000000000000e+00
5.800000000000000000e+05 1.449966325365448228e-01 4.756486117432862787e-02 9.494765589440146147e-01 0.000000000000000000e+00 2.958579881656804664e-03 0.000000000000000000e+00
5.840000000000000000e+05 1.459966093126587872e-01 5.029585798816568060e-02 9.465179790623577949e-01 0.000000000000000000e+00 3.186162949476558769e-03 0.000000000000000000e+00
5.880000000000000000e+05 1.469965860887729736e-01 4.278561675011378906e-02 9.547109695038689114e-01 0.000000000000000000e+00 2.503413746017296455e-03 0.000000000000000000e+00
5.920000000000000000e+05 1.479965628648869380e-01 5.052344105598543383e-02 9.460628129267182329e-01 0.000000000000000000e+00 3.413746017296313308e-03 0.000000000000000000e+00
5.960000000000000000e+05 1.489965396410011245e-01 4.745106964041875125e-02 9.497041420118342847e-01 0.000000000000000000e+00 2.844788347746927612e-03 0.000000000000000000e+00
6.000000000000000000e+05 1.499965164171153109e-01 5.780609922621757213e-02 9.377560309512972259e-01 0.000000000000000000e+00 4.437869822485207214e-03 0.000000000000000000e+00
6.040000000000000000e+05 1.509964931932292753e-01 5.655439235320892238e-02 9.401456531634045932e-01 0.000000000000000000e+00 3.299954483386436255e-03 0.000000000000000000e+00
6.080000000000000000e+05 1.519964699693434618e-01 6.235776058261265076e-02 9.353664087391898585e-01 0.000000000000000000e+00 2.275830678197541916e-03 0.000000000000000000e+00
6.120000000000000000e+05 1.529964467454576482e-01 6.611288120163859305e-02 9.289940828402366568e-01 0.000000000000000000e+00 4.893035958124715423e-03 0.000000000000000000e+00
6.160000000000000000e+05 1.539964235215716126e-01 6.190259444697314428e-02 9.308147473827946827e-01 0.000000000000000000e+00 7.282658170232134826e-03 0.000000000000000000e+00
6.200000000000000000e+05 1.549964002976857991e-01 6.656804733727811341e-02 9.277423759672280834e-01 0.000000000000000000e+00 5.689576695493855224e-03 0.000000000000000000e+00
6.240000000000000000e+05 1.559963770737997635e-01 8.272644515248064878e-02 9.102184797451069453e-01 0.000000000000000000e+00 7.055075102412380721e-03 0.000000000000000000e+00
6.280000000000000000e+05 1.569963538499139499e-01 9.035047792444242387e-02 8.991807009558488994e-01 0.000000000000000000e+00 1.046882111970869403e-02 0.000000000000000000e+00
6.320000000000000000e+05 1.579963306260281364e-01 9.604005461993628257e-02 8.915566681838871244e-01 0.000000000000000000e+00 1.240327719617660522e-02 0.000000000000000000e+00
6.360000000000000000e+05 1.589963074021421008e-01 8.557123350022757813e-02 9.039599453800637452e-01 0.000000000000000000e+00 1.046882111970869403e-02 0.000000000000000000e+00
6.400000000000000000e+05 1.599962841782562872e-01 8.033682294037323979e-02 7.158625398270368478e-01 1.935593991807009473e-01 1.024123805188893906e-02 0.000000000000000000e+00
6.440000000000000000e+05 1.609962609543704737e-01 7.988165680473373331e-02 6.544151115157031962e-01 2.512517068730086289e-01 1.445152480655439303e-02 0.000000000000000000e+00
6.480000000000000000e+05 1.619962377304844381e-01 6.975421028675465873e-02 6.480427856167501055e-01 2.695721438324988894e-01 1.263086026399635846e-02 0.000000000000000000e+00
6.520000000000000000e+05 1.629962145065986245e-01 7.567137005006827066e-02 6.411015020482475624e-01 2.724169321802457633e-01 1.081019572143832562e-02 0.000000000000000000e+00
6.560000000000000000e+05 1.639961912827125889e-01 7.680928538916705073e-02 6.342740100136550208e-01 2.766272189349112676e-01 1.228948566226672687e-02 0.000000000000000000e+00
6.600000000000000000e+05 1.649961680588267754e-01 7.942649066909421296e-02 6.061675011379152878e-01 3.024578971324533572e-01 1.194811106053709528e-02 0.000000000000000000e+00
6.640000000000000000e+05 1.659961448349409618e-01 7.134729176149294527e-02 6.776285844333181929e-01 2.445380063723258945e-01 6.486117432862995025e-03 0.000000000000000000e+00
6.680000000000000000e+05 1.669961216110549262e-01 6.736458807464724974e-02 7.187073281747837772e-01 2.078971324533454845e-01 6.030951297223486815e-03 0.000000000000000000e+00
6.720000000000000000e+05 1.679960983871691127e-01 6.634046426945834629e-02 7.192762858443332297e-01 2.063040509786071841e-01 8.079198907601274626e-03 0.000000000000000000e+00
6.760000000000000000e+05 1.689960751632830771e-01 6.588529813381883982e-02 7.273554847519344557e-01 1.966317705962676299e-01 1.012744651797906244e-02 0.000000000000000000e+00
6.800000000000000000e+05 1.699960519393972636e-01 7.282658170232134132e-02 7.173418297678653133e-01 2.005006827492034627e-01 9.330905780609922637e-03 0.000000000000000000e+00
6.840000000000000000e+05 1.709960287155114500e-01 7.020937642239417908e-02 7.195038689121528996e-01 2.025489303595812418e-01 7.737824305871643035e-03 0.000000000000000000e+00
6.880000000000000000e+05 1.719960054916254144e-01 6.759217114246700298e-02 7.209831588529813651e-01 2.015248065543923661e-01 9.899863450159307465e-03 0.000000000000000000e+00
6.920000000000000000e+05 1.729959822677396009e-01 7.225762403277195822e-02 7.121074192080109055e-01 2.039144287664997612e-01 1.172052799271734204e-02 0.000000000000000000e+00
6.960000000000000000e+05 1.739959590438537873e-01 6.929904415111515226e-02 7.172280382339554228e-01 2.035730541647701453e-01 9.899863450159307465e-03 0.000000000000000000e+00
7.000000000000000000e+05 1.749959358199677517e-01 7.441966317705962786e-02 7.132453345471096995e-01 2.025489303595812418e-01 9.786071916249430847e-03 0.000000000000000000e+00
7.040000000000000000e+05 1.759959125960819382e-01 6.998179335457442585e-02 7.165452890304960798e-01 2.042558033682294050e-01 9.217114246700046018e-03 0.000000000000000000e+00
7.080000000000000000e+05 1.769958893721959026e-01 7.134729176149294527e-02 7.107419208010924416e-01 2.097177969959035104e-01 8.192990441511151245e-03 0.000000000000000000e+00
7.120000000000000000e+05 1.779958661483100890e-01 7.305416477014110843e-02 7.121074192080109055e-01 2.026627218934911323e-01 1.217569412835685025e-02 0.000000000000000000e+00
7.160000000000000000e+05 1.789958429244242755e-01 7.385070550751024476e-02 7.093764223941738667e-01 2.049385525716886647e-01 1.183431952662721866e-02 0.000000000000000000e+00
7.200000000000000000e+05 1.799958197005382399e-01 7.203004096495220498e-02 7.126763768775603580e-01 2.031178880291306388e-01 1.206190259444697363e-02 1.137915339098771066e-04
7.240000000000000000e+05 1.809957964766524263e-01 7.271279016841146470e-02 7.097177969959035382e-01 2.049385525716886647e-01 1.251706873008648184e-02 1.137915339098771066e-04
7.280000000000000000e+05 1.819957732527666128e-01 7.794720072826581692e-02 6.973145197997269173e-01 2.147246244879381094e-01 1.001365498406918582e-02 0.000000000000000000e+00
7.320000000000000000e+05 1.829957500288805772e-01 7.305416477014110843e-02 7.008420573509330787e-01 2.110832954028220299e-01 1.502048247610377786e-02 0.000000000000000000e+00
7.360000000000000000e+05 1.839957268049947636e-01 8.113336367774237612e-02 6.943559399180700975e-01 2.111970869367319203e-01 1.319981793354574502e-02 1.137915339098771066e-04
7.400000000000000000e+05 1.849957035811087280e-01 7.316795630405098505e-02 6.999317250796540657e-01 2.144970414201183562e-01 1.240327719617660522e-02 0.000000000000000000e+00
7.440000000000000000e+05 1.859956803572229145e-01 7.715065999089668058e-02 7.022075557578516536e-01 2.105143377332726329e-01 1.012744651797906244e-02 0.000000000000000000e+00
7.480000000000000000e+05 1.869956571333371009e-01 7.874374146563495325e-02 6.967455621301774649e-01 2.094902139280837572e-01 1.490669094219390124e-02 1.137915339098771066e-04
7.520000000000000000e+05 1.879956339094510653e-01 7.965407373691398007e-02 6.959490213928083424e-01 2.104005461993627701e-01 1.388256713700500647e-02 1.137915339098771066e-04
7.560000000000000000e+05 1.889956106855652518e-01 8.056440600819299303e-02 6.908284023668639362e-01 2.138142922166590687e-01 1.467910787437414627e-02 1.137915339098771066e-04
7.600000000000000000e+05 1.899955874616792162e-01 8.136094674556212936e-02 6.873008648156576639e-01 2.160901228948566288e-01 1.513427401001365448e-02 1.137915339098771066e-04
7.640000000000000000e+05 1.909955642377934026e-01 8.568502503413745475e-02 6.844560764679107345e-01 2.146108329540282189e-01 1.524806554392353283e-02 0.000000000000000000e+00
7.680000000000000000e+05 1.919955410139075891e-01 7.316795630405098505e-02 6.958352298588984519e-01 2.164314974965862448e-01 1.456531634046426965e-02 0.000000000000000000e+00
7.720000000000000000e+05 1.929955177900215535e-01 8.522985889849794827e-02 6.852526172052799680e-01 2.113108784706417831e-01 1.809285389167045871e-02 1.137915339098771066e-04
7.760000000000000000e+05 1.939954945661357399e-01 8.534365043240782489e-02 6.705735093309057593e-01 2.234865725989986229e-01 2.059626763768775473e-02 0.000000000000000000e+00
7.800000000000000000e+05 1.949954713422499264e-01 8.670914883932635819e-02 6.688666363222576239e-01 2.267865270823850588e-01 1.763768775603095224e-02 0.000000000000000000e+00
7.840000000000000000e+05 1.959954481183638908e-01 9.342284934000910646e-02 6.654528903049613531e-01 2.232589895311788697e-01 1.786527082385070547e-02 0.000000000000000000e+00
7.880000000000000000e+05 1.969954248944780772e-01 8.420573509330905870e-02 6.733045061447427981e-01 2.248520710059171701e-01 1.763768775603095224e-02 0.000000000000000000e+00
7.920000000000000000e+05 1.979954016705920417e-01 9.353664087391898307e-02 6.643149749658625591e-01 2.225762403277196100e-01 1.957214383249886169e-02 0.000000000000000000e+00
7.960000000000000000e+05 1.989953784467062281e-01 9.137460172963131344e-02 6.576012744651797970e-01 2.296313154301319881e-01 2.139280837505689453e-02 0.000000000000000000e+00
8.000000000000000000e+05 1.999953552228204146e-01 9.262630860263997012e-02 6.643149749658625591e-01 2.224624487938097472e-01 2.048247610377787811e-02 1.137915339098771066e-04
8.040000000000000000e+05 2.009953319989343790e-01 9.558488848429676221e-02 6.549840691852526486e-01 2.257624032771961831e-01 2.366863905325443732e-02 0.000000000000000000e+00
8.080000000000000000e+05 2.019953087750485654e-01 9.171597633136094330e-02 6.467910787437414211e-01 2.371415566681839004e-01 2.435138825671370050e-02 0.000000000000000000e+00
8.120000000000000000e+05 2.029952855511625298e-01 9.820209376422393832e-02 6.423532089212562468e-01 2.339553937187073274e-01 2.548930359581247015e-02 0.000000000000000000e+00
8.160000000000000000e+05 2.039952623272767163e-01 9.399180700955848955e-02 6.444014565316340537e-01 2.397587619481110488e-01 2.173418297678652786e-02 1.137915339098771066e-04
8.200000000000000000e+05 2.049952391033909027e-01 9.194355939918069653e-02 6.437187073281748217e-01 2.394173873463814328e-01 2.492034592626308706e-02 0.000000000000000000e+00
8.240000000000000000e+05 2.059952158795048671e-01 9.490213928083750250e-02 6.418980427856167958e-01 2.406690942193900895e-01 2.253072371415566766e-02 0.000000000000000000e+00
8.280000000000000000e+05 2.069951926556190536e-01 8.591260810195720798e-02 6.450842057350932857e-01 2.420345926263086089e-01 2.696859353664087314e-02 0.000000000000000000e+00
8.320000000000000000e+05 2.079951694317332400e-01 9.968138370505234824e-02 6.317705962676376519e-01 2.397587619481110488e-01 2.878925807919890598e-02 0.000000000000000000e+00
8.360000000000000000e+05 2.089951462078472044e-01 1.068502503413746030e-01 6.215293582157487284e-01 2.372553482020937632e-01 3.436504324078288458e-02 0.000000000000000000e+00
8.400000000000000000e+05 2.099951229839613909e-01 9.740555302685480199e-02 6.227810650887574129e-01 2.463586709148839204e-01 3.345471096950387163e-02 0.000000000000000000e+00
8.440000000000000000e+05 2.109950997600753553e-01 1.111743286299499284e-01 6.121984524351388179e-01 2.457897132453345512e-01 3.083750568957669552e-02 0.000000000000000000e+00
8.480000000000000000e+05 2.119950765361895417e-01 1.175466545289030468e-01 6.108329540282203540e-01 2.427173418297678686e-01 2.890304961310878606e-02 0.000000000000000000e+00
8.520000000000000000e+05 2.129950533123037282e-01 1.207328174783796060e-01 6.052571688666362748e-01 2.424897587619481154e-01 3.152025489303595523e-02 0.000000000000000000e+00
8.560000000000000000e+05 2.139950300884176926e-01 1.135639508420573512e-01 6.118570778334091465e-01 2.398725534820209393e-01 3.470641784251251444e-02 0.000000000000000000e+00
8.600000000000000000e+05 2.149950068645318790e-01 1.185707783340919502e-01 6.003641329085116496e-01 2.436276741010468816e-01 3.743741465634956717e-02 0.000000000000000000e+00
8.640000000000000000e+05 2.159949836406460655e-01 1.158397815202548975e-01 5.999089667728720876e-01 2.455621301775147980e-01 3.868912152935821691e-02 0.000000000000000000e+00
8.680000000000000000e+05 2.169949604167600299e-01 1.239189804278561652e-01 5.947883477469276814e-01 2.420345926263086089e-01 3.925807919890760000e-02 0.000000000000000000e+00
8.720000000000000000e+05 2.179949371928742163e-01 9.262630860263997012e-02 6.198224852071005930e-01 2.679790623577605890e-01 1.957214383249886169e-02 0.000000000000000000e+00
8.760000000000000000e+05 2.189949139689881807e-01 8.693673190714611143e-02 6.230086481565771939e-01 2.715065999089667503e-01 1.854802002730996865e-02 0.000000000000000000e+00
8.800000000000000000e+05 2.199948907451023672e-01 8.852981338188438409e-02 6.288120163859808320e-01 2.676376877560309731e-01 1.502048247610377786e-02 0.000000000000000000e+00
8.840000000000000000e+05 2.209948675212165536e-01 8.113336367774237612e-02 6.594219390077378229e-01 2.503413746017296160e-01 9.103322712790167665e-03 0.000000000000000000e+00
8.880000000000000000e+05 2.219948442973305180e-01 8.261265361857077216e-02 6.603322712790168358e-01 2.481793354574419741e-01 8.875739644970414427e-03 0.000000000000000000e+00
8.920000000000000000e+05 2.229948210734447045e-01 8.693673190714611143e-02 6.547564861174328676e-01 2.490896677287209870e-01 9.217114246700046018e-03 0.000000000000000000e+00
8.960000000000000000e+05 2.239947978495586689e-01 8.215748748293126569e-02 6.561219845243514426e-01 2.517068730086481354e-01 1.001365498406918582e-02 0.000000000000000000e+00
9.000000000000000000e+05 2.249947746256728554e-01 8.272644515248064878e-02 6.571461083295402350e-01 2.529585798816568198e-01 7.168866636322257339e-03 0.000000000000000000e+00
9.040000000000000000e+05 2.259947514017870418e-01 7.669549385525717411e-02 6.546426945835229771e-01 2.593309057806099105e-01 9.330905780609922637e-03 0.000000000000000000e+00
9.080000000000000000e+05 2.269947281779010062e-01 7.544378698224851743e-02 6.550978607191625391e-01 2.627446517979062368e-01 6.713700500682749130e-03 0.000000000000000000e+00
