# itime ezz other fcc hcp bcc ico
0.000000000000000000e+00 0.000000000000000000e+00 5.689576695493854790e-04 9.994310423304506585e-01 0.000000000000000000e+00 0.000000000000000000e+00 0.000000000000000000e+00
3.000000000000000000e+01 1.200003927547510507e-02 2.048247610377787811e-03 9.979517523896221931e-01 0.000000000000000000e+00 0.000000000000000000e+00 0.000000000000000000e+00
6.000000000000000000e+01 2.400007855094998810e-02 2.048247610377787811e-03 9.978379608557123026e-01 0.000000000000000000e+00 1.137915339098771066e-04 0.000000000000000000e+00
9.000000000000000000e+01 3.600011782642509317e-02 3.982703686845699004e-03 9.960172963131542767e-01 0.000000000000000000e+00 0.000000000000000000e+00 0.000000000000000000e+00
1.200000000000000000e+02 4.800015710190019824e-02 1.194811106053709528e-02 9.878243058716431602e-01 0.000000000000000000e+00 2.275830678197542133e-04 0.000000000000000000e+00
1.500000000000000000e+02 6.000019637737508127e-02 1.649977241693217911e-02 9.831588529813382049e-01 0.000000000000000000e+00 3.413746017296313199e-04 0.000000000000000000e+00
1.800000000000000000e+02 7.200023565285018634e-02 4.096495220755575623e-02 9.582385070550750727e-01 0.000000000000000000e+00 7.965407373691396923e-04 0.000000000000000000e+00
2.100000000000000000e+02 8.400027492832529141e-02 6.736458807464724974e-02 9.287664997724169869e-01 0.000000000000000000e+00 3.868912152935821518e-03 0.000000000000000000e+00
2.400000000000000000e+02 9.600031420380017444e-02 1.280154756486117373e-01 8.647018661811560758e-01 0.000000000000000000e+00 7.282658170232134826e-03 0.000000000000000000e+00
2.700000000000000000e+02 1.080003534792752795e-01 2.281520254893036059e-01 7.531861629494766008e-01 0.000000000000000000e+00 1.866181156121984527e-02 0.000000000000000000e+00
3.000000000000000000e+02 1.200003927547501625e-01 3.485434683659535682e-01 6.125398270368684894e-01 2.275830678197542133e-04 3.868912152935821691e-02 0.000000000000000000e+00
3.300000000000000000e+02 1.320004320302252676e-01 5.104688211197087044e-01 4.171597633136094885e-01 7.965407373691396923e-04 7.157487482931269851e-02 0.000000000000000000e+00
3.600000000000000000e+02 1.440004713057003727e-01 6.374601729631315106e-01 2.280382339553937154e-01 4.324078288575329727e-03 1.301775147928994070e-01 0.000000000000000000e+00
3.900000000000000000e+02 1.560005105811752557e-01 6.927628584433318526e-01 1.301775147928994070e-01 1.331360946745562164e-02 1.637460172963131622e-01 0.000000000000000000e+00
4.200000000000000000e+02 1.680005498566503608e-01 7.398725534820209671e-01 6.565771506599908658e-02 1.888939462903959851e-02 1.755803368229403860e-01 0.000000000000000000e+00
4.500000000000000000e+02 1.800005891321254659e-01 7.761720527992717056e-01 4.244424214838415921e-02 2.594446973145198010e-02 1.554392353208921274e-01 0.000000000000000000e+00
4.800000000000000000e+02 1.920006284076003489e-01 8.059854346836595740e-01 3.493400091033227461e-02 2.981338188438780248e-02 1.291533909877105035e-01 1.137915339098771066e-04
5.100000000000000000e+02 2.040006676830754540e-01 8.468365953573053773e-01 2.901684114701866268e-02 3.436504324078288458e-02 8.978152025489304078e-02 0.000000000000000000e+00
5.400000000000000000e+02 2.160007069585505590e-01 8.702776513427401550e-01 2.742375967228038308e-02 3.470641784251251444e-02 6.759217114246700298e-02 0.000000000000000000e+00
5.700000000000000000e+02 2.280007462340254420e-01 8.925807919890760278e-01 2.230314064633591095e-02 3.345471096950387163e-02 5.154756486117433034e-02 1.137915339098771066e-04
6.000000000000000000e+02 2.400007855095005471e-01 9.065771506599908935e-01 2.014110150204824826e-02 3.402366863905325473e-02 3.914428766499772339e-02 1.137915339098771066e-04
6.300000000000000000e+02 2.520008247849756522e-01 9.312699135184342447e-01 1.581702321347291593e-02 2.856167501137915274e-02 2.412380518889394726e-02 2.275830678197542133e-04
6.600000000000000000e+02 2.640008640604505352e-01 9.408284023668639362e-01 1.456531634046426965e-02 2.537551206190259354e-02 1.923076923076923184e-02 0.000000000000000000e+00
6.900000000000000000e+02 2.760009033359256403e-01 9.498179335457441752e-01 1.376877560309512985e-02 2.002730996813837164e-02 1.627218934911242587e-02 1.137915339098771066e-04
7.200000000000000000e+02 2.880009426114005233e-01 9.509558488848429691e-01 1.354119253527537488e-02 1.900318616294947513e-02 1.638598088302230249e-02 1.137915339098771066e-04
7.500000000000000000e+02 3.000009818868756284e-01 9.582385070550750727e-01 1.137915339098771045e-02 1.809285389167045871e-02 1.228948566226672687e-02 0.000000000000000000e+00
7.800000000000000000e+02 3.120010211623507335e-01 9.588074647246245252e-01 1.183431952662721866e-02 1.832043695949021542e-02 1.081019572143832562e-02 2.275830678197542133e-04
8.100000000000000000e+02 3.240010604378256165e-01 9.654073736913973969e-01 8.079198907601274626e-03 1.741010468821119553e-02 8.989531178880291046e-03 1.137915339098771066e-04
8.400000000000000000e+02 3.360010997133007216e-01 9.715521165225307065e-01 6.599908966772872511e-03 1.433773327264451468e-02 7.510241238051888930e-03 0.000000000000000000e+00
8.700000000000000000e+02 3.480011389887758266e-01 9.756486117432863203e-01 6.599908966772872511e-03 1.308602639963586667e-02 4.551661356395083832e-03 1.137915339098771066e-04
9.000000000000000000e+02 3.600011782642507097e-01 9.751934456076467583e-01 8.192990441511151245e-03 1.137915339098771045e-02 5.006827492034592909e-03 2.275830678197542133e-04
9.300000000000000000e+02 3.720012175397258147e-01 9.774692762858443462e-01 6.258534365043240920e-03 1.137915339098771045e-02 4.665452890304961318e-03 2.275830678197542133e-04
9.600000000000000000e+02 3.840012568152009198e-01 9.802002730996813851e-01 5.803368229403732710e-03 8.761948111060537808e-03 4.893035958124715423e-03 3.413746017296313199e-04
9.900000000000000000e+02 3.960012960906758028e-01 9.821347291761493015e-01 4.779244424214838804e-03 8.648156577150659455e-03 4.324078288575329727e-03 1.137915339098771066e-04
1.020000000000000000e+03 4.080013353661509079e-01 9.841829767865271084e-01 5.120619025944469528e-03 7.282658170232134826e-03 3.186162949476558769e-03 2.275830678197542133e-04
1.050000000000000000e+03 4.200013746416260130e-01 9.874829312699134887e-01 3.982703686845699004e-03 5.803368229403732710e-03 2.275830678197541916e-03 4.551661356395084266e-04
1.080000000000000000e+03 4.320014139171008960e-01 9.880518889394629412e-01 3.527537551206190360e-03 5.689576695493855224e-03 2.275830678197541916e-03 4.551661356395084266e-04
1.110000000000000000e+03 4.440014531925760011e-01 9.906690942193900895e-01 2.730996813837050560e-03 5.006827492034592909e-03 1.251706873008648227e-03 3.413746017296313199e-04
1.140000000000000000e+03 4.560014924680511061e-01 9.911242603550295405e-01 2.503413746017296455e-03 4.551661356395083832e-03 1.251706873008648227e-03 5.689576695493854790e-04
1.170000000000000000e+03 4.680015317435259892e-01 9.913518434228493215e-01 1.820664542558033706e-03 5.234410559854347014e-03 1.479289940828402332e-03 1.137915339098771066e-04
1.200000000000000000e+03 4.800015710190010942e-01 9.943104233045061413e-01 1.479289940828402332e-03 3.186162949476558769e-03 5.689576695493854790e-04 4.551661356395084266e-04
1.230000000000000000e+03 4.920016102944759773e-01 9.928311333636777869e-01 1.251706873008648227e-03 4.210286754665453109e-03 1.365498406918525280e-03 3.413746017296313199e-04
1.260000000000000000e+03 5.040016495699510823e-01 9.927173418297678964e-01 2.048247610377787811e-03 3.982703686845699004e-03 1.024123805188893906e-03 2.275830678197542133e-04
1.290000000000000000e+03 5.160016888454261874e-01 9.935138825671370189e-01 1.934456076467910759e-03 3.413746017296313308e-03 2.275830678197542133e-04 9.103322712790168532e-04
1.320000000000000000e+03 5.280017281209010704e-01 9.935138825671370189e-01 1.820664542558033706e-03 3.299954483386436255e-03 6.827492034592626399e-04 6.827492034592626399e-04
1.350000000000000000e+03 5.400017673963761755e-01 9.927173418297678964e-01 2.389622212107419402e-03 3.299954483386436255e-03 7.965407373691396923e-04 7.965407373691396923e-04
1.380000000000000000e+03 5.520018066718512806e-01 9.940828402366863603e-01 2.844788347746927612e-03 2.503413746017296455e-03 4.551661356395084266e-04 1.137915339098771066e-04
1.410000000000000000e+03 5.640018459473261636e-01 9.949931725079653733e-01 1.820664542558033706e-03 2.730996813837050560e-03 2.275830678197542133e-04 2.275830678197542133e-04
1.440000000000000000e+03 5.760018852228012687e-01 9.944242148384160318e-01 1.820664542558033706e-03 2.844788347746927612e-03 2.275830678197542133e-04 6.827492034592626399e-04
1.470000000000000000e+03 5.880019244982763738e-01 9.959035047792443862e-01 1.365498406918525280e-03 1.593081474738279385e-03 4.551661356395084266e-04 6.827492034592626399e-04
1.500000000000000000e+03 6.000019637737512568e-01 9.957897132453344957e-01 1.820664542558033706e-03 2.162039144287664864e-03 1.137915339098771066e-04 1.137915339098771066e-04
1.530000000000000000e+03 6.120020030492263619e-01 9.954483386436049352e-01 9.103322712790168532e-04 2.275830678197541916e-03 4.551661356395084266e-04 9.103322712790168532e-04
1.560000000000000000e+03 6.240020423247014669e-01 9.955621301775148257e-01 9.103322712790168532e-04 2.162039144287664864e-03 6.827492034592626399e-04 6.827492034592626399e-04
1.590000000000000000e+03 6.360020816001763500e-01 9.969276285844332897e-01 1.024123805188893906e-03 1.479289940828402332e-03 1.137915339098771066e-04 4.551661356395084266e-04
1.620000000000000000e+03 6.480021208756514550e-01 9.953345471096950448e-01 1.137915339098770958e-03 2.389622212107419402e-03 1.137915339098771066e-04 1.024123805188893906e-03
1.650000000000000000e+03 6.600021601511265601e-01 9.957897132453344957e-01 1.479289940828402332e-03 1.820664542558033706e-03 5.689576695493854790e-04 3.413746017296313199e-04
1.680000000000000000e+03 6.720021994266014431e-01 9.970414201183431802e-01 4.551661356395084266e-04 1.593081474738279385e-03 2.275830678197542133e-04 6.827492034592626399e-04
1.710000000000000000e+03 6.840022387020765482e-01 9.961310878470641672e-01 6.827492034592626399e-04 1.479289940828402332e-03 3.413746017296313199e-04 1.365498406918525280e-03
1.740000000000000000e+03 6.960022779775514312e-01 9.971552116522530707e-01 5.689576695493854790e-04 1.137915339098770958e-03 3.413746017296313199e-04 7.965407373691396923e-04
1.770000000000000000e+03 7.080023172530265363e-01 9.976103777878926326e-01 4.551661356395084266e-04 9.103322712790168532e-04 0.000000000000000000e+00 1.024123805188893906e-03
1.800000000000000000e+03 7.200023565285016414e-01 9.965862539827037292e-01 1.024123805188893906e-03 1.706873008648156654e-03 1.137915339098771066e-04 5.689576695493854790e-04
1.830000000000000000e+03 7.320023958039765244e-01 9.960172963131542767e-01 7.965407373691396923e-04 1.706873008648156654e-03 3.413746017296313199e-04 1.137915339098770958e-03
1.860000000000000000e+03 7.440024350794516295e-01 9.978379608557123026e-01 5.689576695493854790e-04 9.103322712790168532e-04 1.137915339098771066e-04 5.689576695493854790e-04
1.890000000000000000e+03 7.560024743549267345e-01 9.964724624487938387e-01 7.965407373691396923e-04 1.251706873008648227e-03 3.413746017296313199e-04 1.137915339098770958e-03
1.920000000000000000e+03 7.680025136304016176e-01 9.956759217114247162e-01 1.251706873008648227e-03 1.137915339098770958e-03 2.275830678197542133e-04 1.706873008648156654e-03
1.950000000000000000e+03 7.800025529058767226e-01 9.967000455166135087e-01 1.251706873008648227e-03 5.689576695493854790e-04 1.137915339098771066e-04 1.365498406918525280e-03
1.980000000000000000e+03 7.920025921813518277e-01 9.970414201183431802e-01 6.827492034592626399e-04 1.593081474738279385e-03 0.000000000000000000e+00 6.827492034592626399e-04
2.010000000000000000e+03 8.040026314568267107e-01 9.971552116522530707e-01 1.024123805188893906e-03 1.024123805188893906e-03 1.137915339098771066e-04 6.827492034592626399e-04
2.040000000000000000e+03 8.160026707323018158e-01 9.974965862539827421e-01 5.689576695493854790e-04 1.251706873008648227e-03 1.137915339098771066e-04 5.689576695493854790e-04
2.070000000000000000e+03 8.280027100077769209e-01 9.965862539827037292e-01 5.689576695493854790e-04 1.365498406918525280e-03 2.275830678197542133e-04 1.251706873008648227e-03
2.100000000000000000e+03 8.400027492832518039e-01 9.968138370505233992e-01 5.689576695493854790e-04 1.365498406918525280e-03 1.137915339098771066e-04 1.137915339098770958e-03
2.130000000000000000e+03 8.520027885587269090e-01 9.974965862539827421e-01 3.413746017296313199e-04 1.251706873008648227e-03 1.137915339098771066e-04 7.965407373691396923e-04
2.160000000000000000e+03 8.640028278342017920e-01 9.973827947200728516e-01 1.137915339098771066e-04 1.479289940828402332e-03 0.000000000000000000e+00 1.024123805188893906e-03
2.190000000000000000e+03 8.760028671096768971e-01 9.971552116522530707e-01 2.275830678197542133e-04 1.137915339098770958e-03 1.137915339098771066e-04 1.365498406918525280e-03
2.220000000000000000e+03 8.880029063851520021e-01 9.969276285844332897e-01 2.275830678197542133e-04 1.479289940828402332e-03 1.137915339098771066e-04 1.251706873008648227e-03
2.250000000000000000e+03 9.000029456606268852e-01 9.979517523896221931e-01 3.413746017296313199e-04 7.965407373691396923e-04 1.137915339098771066e-04 7.965407373691396923e-04
2.280000000000000000e+03 9.120029849361019902e-01 9.978379608557123026e-01 2.275830678197542133e-04 1.137915339098770958e-03 1.137915339098771066e-04 6.827492034592626399e-04
2.310000000000000000e+03 9.240030242115770953e-01 9.968138370505233992e-01 4.551661356395084266e-04 1.251706873008648227e-03 1.137915339098771066e-04 1.365498406918525280e-03
2.340000000000000000e+03 9.360030634870519783e-01 9.969276285844332897e-01 3.413746017296313199e-04 1.137915339098770958e-03 5.689576695493854790e-04 1.024123805188893906e-03
2.370000000000000000e+03 9.480031027625270834e-01 9.971552116522530707e-01 4.551661356395084266e-04 1.251706873008648227e-03 2.275830678197542133e-04 9.103322712790168532e-04
2.400000000000000000e+03 9.600031420380021885e-01 9.980655439235320836e-01 5.689576695493854790e-04 5.689576695493854790e-04 1.137915339098771066e-04 6.827492034592626399e-04
2.430000000000000000e+03 9.720031813134770715e-01 9.977241693218024121e-01 2.275830678197542133e-04 9.103322712790168532e-04 3.413746017296313199e-04 7.965407373691396923e-04
2.460000000000000000e+03 9.840032205889521766e-01 9.982931269913518646e-01 2.275830678197542133e-04 5.689576695493854790e-04 1.137915339098771066e-04 7.965407373691396923e-04
2.490000000000000000e+03 9.960032598644272817e-01 9.980655439235320836e-01 2.275830678197542133e-04 5.689576695493854790e-04 0.000000000000000000e+00 1.137915339098770958e-03
