# itime ezz other fcc hcp bcc ico
0.000000000000000000e+00 0.000000000000000000e+00 3.413746017296313199e-04 9.996586253982703285e-01 0.000000000000000000e+00 0.000000000000000000e+00 0.000000000000000000e+00
3.000000000000000000e+00 1.199989712808546827e-03 1.024123805188893906e-03 9.989758761948110966e-01 0.000000000000000000e+00 0.000000000000000000e+00 0.000000000000000000e+00
6.000000000000000000e+00 2.399979425617315698e-03 1.137915339098770958e-03 9.988620846609012061e-01 0.000000000000000000e+00 0.000000000000000000e+00 0.000000000000000000e+00
9.000000000000000000e+00 3.599969138425862525e-03 6.827492034592626399e-04 9.993172507965407680e-01 0.000000000000000000e+00 0.000000000000000000e+00 0.000000000000000000e+00
1.200000000000000000e+01 4.799958851234631396e-03 1.365498406918525280e-03 9.986345015930814251e-01 0.000000000000000000e+00 0.000000000000000000e+00 0.000000000000000000e+00
1.500000000000000000e+01 5.999948564043178223e-03 1.593081474738279385e-03 9.984069185252617551e-01 0.000000000000000000e+00 0.000000000000000000e+00 0.000000000000000000e+00
1.800000000000000000e+01 7.199938276851947094e-03 1.365498406918525280e-03 9.986345015930814251e-01 0.000000000000000000e+00 0.000000000000000000e+00 0.000000000000000000e+00
2.100000000000000000e+01 8.399927989660493921e-03 1.479289940828402332e-03 9.985207100591716456e-01 0.000000000000000000e+00 0.000000000000000000e+00 0.000000000000000000e+00
2.400000000000000000e+01 9.599917702469262792e-03 1.593081474738279385e-03 9.984069185252617551e-01 0.000000000000000000e+00 0.000000000000000000e+00 0.000000000000000000e+00
2.700000000000000000e+01 1.079990741527780962e-02 5.689576695493854790e-04 9.994310423304506585e-01 0.000000000000000000e+00 0.000000000000000000e+00 0.000000000000000000e+00
3.000000000000000000e+01 1.199989712808657849e-02 0.000000000000000000e+00 1.000000000000000000e+00 0.000000000000000000e+00 0.000000000000000000e+00 0.000000000000000000e+00
3.300000000000000000e+01 1.319988684089512532e-02 3.413746017296313199e-04 9.996586253982703285e-01 0.000000000000000000e+00 0.000000000000000000e+00 0.000000000000000000e+00
3.600000000000000000e+01 1.439987655370389419e-02 1.593081474738279385e-03 9.984069185252617551e-01 0.000000000000000000e+00 0.000000000000000000e+00 0.000000000000000000e+00
3.900000000000000000e+01 1.559986626651244102e-02 1.479289940828402332e-03 9.985207100591716456e-01 0.000000000000000000e+00 0.000000000000000000e+00 0.000000000000000000e+00
4.200000000000000000e+01 1.679985597932120989e-02 1.137915339098770958e-03 9.988620846609012061e-01 0.000000000000000000e+00 0.000000000000000000e+00 0.000000000000000000e+00
4.500000000000000000e+01 1.799984569212975671e-02 1.137915339098770958e-03 9.988620846609012061e-01 0.000000000000000000e+00 0.000000000000000000e+00 0.000000000000000000e+00
4.800000000000000000e+01 1.919983540493852558e-02 4.551661356395084266e-04 9.995448338643604380e-01 0.000000000000000000e+00 0.000000000000000000e+00 0.000000000000000000e+00
5.100000000000000000e+01 2.039982511774707241e-02 5.689576695493854790e-04 9.994310423304506585e-01 0.000000000000000000e+00 0.000000000000000000e+00 0.000000000000000000e+00
5.400000000000000000e+01 2.159981483055584128e-02 1.137915339098770958e-03 9.988620846609012061e-01 0.000000000000000000e+00 0.000000000000000000e+00 0.000000000000000000e+00
5.700000000000000000e+01 2.279980454336438811e-02 1.706873008648156654e-03 9.982931269913518646e-01 0.000000000000000000e+00 0.000000000000000000e+00 0.000000000000000000e+00
6.000000000000000000e+01 2.399979425617315698e-02 7.965407373691396923e-04 9.992034592626308775e-01 0.000000000000000000e+00 0.000000000000000000e+00 0.000000000000000000e+00
6.300000000000000000e+01 2.519978396898170381e-02 3.413746017296313199e-04 9.996586253982703285e-01 0.000000000000000000e+00 0.000000000000000000e+00 0.000000000000000000e+00
6.600000000000000000e+01 2.639977368179047268e-02 7.965407373691396923e-04 9.992034592626308775e-01 0.000000000000000000e+00 0.000000000000000000e+00 0.000000000000000000e+00
6.900000000000000000e+01 2.759976339459901951e-02 1.934456076467910759e-03 9.980655439235320836e-01 0.000000000000000000e+00 0.000000000000000000e+00 0.000000000000000000e+00
7.200000000000000000e+01 2.879975310740778838e-02 2.275830678197541916e-03 9.977241693218024121e-01 0.000000000000000000e+00 0.000000000000000000e+00 0.000000000000000000e+00
7.500000000000000000e+01 2.999974282021633520e-02 2.275830678197541916e-03 9.977241693218024121e-01 0.000000000000000000e+00 0.000000000000000000e+00 0.000000000000000000e+00
7.800000000000000000e+01 3.119973253302510408e-02 2.958579881656804664e-03 9.970414201183431802e-01 0.000000000000000000e+00 0.000000000000000000e+00 0.000000000000000000e+00
8.100000000000000000e+01 3.239972224583365090e-02 3.868912152935821518e-03 9.961310878470641672e-01 0.000000000000000000e+00 0.000000000000000000e+00 0.000000000000000000e+00
8.400000000000000000e+01 3.359971195864241977e-02 4.096495220755575623e-03 9.959035047792443862e-01 0.000000000000000000e+00 0.000000000000000000e+00 0.000000000000000000e+00
8.700000000000000000e+01 3.479970167145096660e-02 5.006827492034592909e-03 9.948793809740554828e-01 0.000000000000000000e+00 1.137915339098771066e-04 0.000000000000000000e+00
9.000000000000000000e+01 3.599969138425973547e-02 4.893035958124715423e-03 9.951069640418752638e-01 0.000000000000000000e+00 0.000000000000000000e+00 0.000000000000000000e+00
9.300000000000000000e+01 3.719968109706828230e-02 4.551661356395083832e-03 9.952207555757851543e-01 0.000000000000000000e+00 2.275830678197542133e-04 0.000000000000000000e+00
9.600000000000000000e+01 3.839967080987705117e-02 5.917159763313609329e-03 9.940828402366863603e-01 0.000000000000000000e+00 0.000000000000000000e+00 0.000000000000000000e+00
9.900000000000000000e+01 3.959966052268559800e-02 6.030951297223486815e-03 9.939690487027764698e-01 0.000000000000000000e+00 0.000000000000000000e+00 0.000000000000000000e+00
1.020000000000000000e+02 4.079965023549436687e-02 7.396449704142011444e-03 9.926035502958580059e-01 0.000000000000000000e+00 0.000000000000000000e+00 0.000000000000000000e+00
1.050000000000000000e+02 4.199963994830291369e-02 8.306781975421027864e-03 9.915794264906691025e-01 0.000000000000000000e+00 1.137915339098771066e-04 0.000000000000000000e+00
1.080000000000000000e+02 4.319962966111168257e-02 9.444697314519799256e-03 9.905553026854801990e-01 0.000000000000000000e+00 0.000000000000000000e+00 0.000000000000000000e+00
1.110000000000000000e+02 4.439961937392022939e-02 8.761948111060537808e-03 9.911242603550295405e-01 0.000000000000000000e+00 1.137915339098771066e-04 0.000000000000000000e+00
1.140000000000000000e+02 4.559960908672899826e-02 9.899863450159307465e-03 9.897587619481110766e-01 0.000000000000000000e+00 3.413746017296313199e-04 0.000000000000000000e+00
1.170000000000000000e+02 4.679959879953754509e-02 1.012744651797906244e-02 9.896449704142011861e-01 0.000000000000000000e+00 2.275830678197542133e-04 0.000000000000000000e+00
1.200000000000000000e+02 4.799958851234631396e-02 8.648156577150659455e-03 9.911242603550295405e-01 0.000000000000000000e+00 2.275830678197542133e-04 0.000000000000000000e+00
1.230000000000000000e+02 4.919957822515486079e-02 8.420573509330906217e-03 9.910104688211197610e-01 0.000000000000000000e+00 5.689576695493854790e-04 0.000000000000000000e+00
1.260000000000000000e+02 5.039956793796362966e-02 7.055075102412380721e-03 9.924897587619481154e-01 0.000000000000000000e+00 4.551661356395084266e-04 0.000000000000000000e+00
1.290000000000000000e+02 5.159955765077217649e-02 1.160673645880746542e-02 9.882794720072826111e-01 0.000000000000000000e+00 1.137915339098771066e-04 0.000000000000000000e+00
1.320000000000000000e+02 5.279954736358094536e-02 1.331360946745562164e-02 9.862312243969049153e-01 0.000000000000000000e+00 4.551661356395084266e-04 0.000000000000000000e+00
1.350000000000000000e+02 5.399953707638949219e-02 1.422394173873463806e-02 9.853208921256259023e-01 0.000000000000000000e+00 4.551661356395084266e-04 0.000000000000000000e+00
1.380000000000000000e+02 5.519952678919826106e-02 1.581702321347291593e-02 9.840691852526172179e-01 0.000000000000000000e+00 1.137915339098771066e-04 0.000000000000000000e+00
1.410000000000000000e+02 5.639951650200680788e-02 1.604460628129267263e-02 9.837278106508875464e-01 0.000000000000000000e+00 2.275830678197542133e-04 0.000000000000000000e+00
1.440000000000000000e+02 5.759950621481557675e-02 1.923076923076923184e-02 9.802002730996813851e-01 0.000000000000000000e+00 5.689576695493854790e-04 0.000000000000000000e+00
1.470000000000000000e+02 5.879949592762412358e-02 2.378243058716431393e-02 9.751934456076467583e-01 0.000000000000000000e+00 1.024123805188893906e-03 0.000000000000000000e+00
1.500000000000000000e+02 5.999948564043289245e-02 2.457897132453345374e-02 9.749658625398270884e-01 0.000000000000000000e+00 4.551661356395084266e-04 0.000000000000000000e+00
1.530000000000000000e+02 6.119947535324143928e-02 2.662721893491124328e-02 9.724624487938097195e-01 0.000000000000000000e+00 9.103322712790168532e-04 0.000000000000000000e+00
1.560000000000000000e+02 6.239946506605020815e-02 2.628584433318160996e-02 9.729176149294492815e-01 0.000000000000000000e+00 7.965407373691396923e-04 0.000000000000000000e+00
1.590000000000000000e+02 6.359945477885875498e-02 2.321347291761493084e-02 9.759899863450158808e-01 0.000000000000000000e+00 7.965407373691396923e-04 0.000000000000000000e+00
1.620000000000000000e+02 6.479944449166752385e-02 2.241693218024579104e-02 9.759899863450158808e-01 0.000000000000000000e+00 1.593081474738279385e-03 0.000000000000000000e+00
1.650000000000000000e+02 6.599943420447607068e-02 2.651342740100136666e-02 9.721210741920801590e-01 0.000000000000000000e+00 1.365498406918525280e-03 0.000000000000000000e+00
1.680000000000000000e+02 6.719942391728483955e-02 3.106508875739644876e-02 9.677969959035047642e-01 0.000000000000000000e+00 1.137915339098770958e-03 0.000000000000000000e+00
1.710000000000000000e+02 6.839941363009338637e-02 3.629949931725079404e-02 9.622212107419207960e-01 0.000000000000000000e+00 1.479289940828402332e-03 0.000000000000000000e+00
1.740000000000000000e+02 6.959940334290215525e-02 4.016841147018661989e-02 9.578971324533455123e-01 0.000000000000000000e+00 1.934456076467910759e-03 0.000000000000000000e+00
1.770000000000000000e+02 7.079939305571070207e-02 4.415111515703231543e-02 9.544833864360491305e-01 0.000000000000000000e+00 1.365498406918525280e-03 0.000000000000000000e+00
1.800000000000000000e+02 7.199938276851947094e-02 4.494765589440145870e-02 9.533454710969503365e-01 0.000000000000000000e+00 1.706873008648156654e-03 0.000000000000000000e+00
1.830000000000000000e+02 7.319937248132801777e-02 4.779244424214838111e-02 9.499317250796540657e-01 0.000000000000000000e+00 2.275830678197541916e-03 0.000000000000000000e+00
1.860000000000000000e+02 7.439936219413678664e-02 4.961310878470642088e-02 9.481110605370960398e-01 0.000000000000000000e+00 2.275830678197541916e-03 0.000000000000000000e+00
1.890000000000000000e+02 7.559935190694533347e-02 5.040964952207555722e-02 9.476558944014564778e-01 0.000000000000000000e+00 1.934456076467910759e-03 0.000000000000000000e+00
1.920000000000000000e+02 7.679934161975410234e-02 5.211652253072371344e-02 9.458352298588984519e-01 0.000000000000000000e+00 2.048247610377787811e-03 0.000000000000000000e+00
1.950000000000000000e+02 7.799933133256264917e-02 5.826126536185707860e-02 9.395766954938552518e-01 0.000000000000000000e+00 2.162039144287664864e-03 0.000000000000000000e+00
1.980000000000000000e+02 7.919932104537141804e-02 6.247155211652252738e-02 9.347974510696404060e-01 0.000000000000000000e+00 2.730996813837050560e-03 0.000000000000000000e+00
2.010000000000000000e+02 8.039931075817996486e-02 6.725079654073737312e-02 9.305871643149750128e-01 0.000000000000000000e+00 2.162039144287664864e-03 0.000000000000000000e+00
2.040000000000000000e+02 8.159930047098873374e-02 7.168866636322257513e-02 9.254665452890304955e-01 0.000000000000000000e+00 2.844788347746927612e-03 0.000000000000000000e+00
2.070000000000000000e+02 8.279929018379728056e-02 7.487482931269913433e-02 9.228493400091033472e-01 0.000000000000000000e+00 2.275830678197541916e-03 0.000000000000000000e+00
2.100000000000000000e+02 8.399927989660604943e-02 8.136094674556212936e-02 9.151115157032316816e-01 0.000000000000000000e+00 3.527537551206190360e-03 0.000000000000000000e+00
2.130000000000000000e+02 8.519926960941459626e-02 8.773327264451524776e-02 9.083978152025489194e-01 0.000000000000000000e+00 3.868912152935821518e-03 0.000000000000000000e+00
2.160000000000000000e+02 8.639925932222336513e-02 9.410559854346836617e-02 9.023668639053253893e-01 0.000000000000000000e+00 3.527537551206190360e-03 0.000000000000000000e+00
2.190000000000000000e+02 8.759924903503191196e-02 9.478834774692762588e-02 9.002048247610378029e-01 0.000000000000000000e+00 5.006827492034592909e-03 0.000000000000000000e+00
2.220000000000000000e+02 8.879923874784068083e-02 9.535730541647700897e-02 8.992944924897587899e-01 0.000000000000000000e+00 5.348202093764223633e-03 0.000000000000000000e+00
2.250000000000000000e+02 8.999922846064922766e-02 9.660901228948566566e-02 8.982703686845698865e-01 0.000000000000000000e+00 5.120619025944469528e-03 0.000000000000000000e+00
2.280000000000000000e+02 9.119921817345799653e-02 9.751934456076467861e-02 8.971324533454710926e-01 0.000000000000000000e+00 5.348202093764223633e-03 0.000000000000000000e+00
2.310000000000000000e+02 9.239920788626654335e-02 1.019572143832498806e-01 8.925807919890760278e-01 0.000000000000000000e+00 5.461993627674101119e-03 0.000000000000000000e+00
2.340000000000000000e+02 9.359919759907531223e-02 1.117432862994993115e-01 8.818843878015475424e-01 0.000000000000000000e+00 6.372325898953117539e-03 0.000000000000000000e+00
2.370000000000000000e+02 9.479918731188385905e-02 1.160673645880746507e-01 8.771051433773326966e-01 0.000000000000000000e+00 6.827492034592626616e-03 0.000000000000000000e+00
2.400000000000000000e+02 9.599917702469262792e-02 1.225534820209376458e-01 8.710741920801092775e-01 0.000000000000000000e+00 6.372325898953117539e-03 0.000000000000000000e+00
2.430000000000000000e+02 9.719916673750117475e-02 1.326809285389166926e-01 8.585571233500227661e-01 0.000000000000000000e+00 8.761948111060537808e-03 0.000000000000000000e+00
2.460000000000000000e+02 9.839915645030994362e-02 1.393946290395994547e-01 8.526399635867091265e-01 0.000000000000000000e+00 7.965407373691398007e-03 0.000000000000000000e+00
2.490000000000000000e+02 9.959914616311849045e-02 1.482703686845698587e-01 8.430814747382794350e-01 0.000000000000000000e+00 8.648156577150659455e-03 0.000000000000000000e+00
2.520000000000000000e+02 1.007991358759272593e-01 1.601046882111970826e-01 8.297678652708238012e-01 0.000000000000000000e+00 1.012744651797906244e-02 0.000000000000000000e+00
2.550000000000000000e+02 1.019991255887358061e-01 1.733045061447428259e-01 8.159990896677287164e-01 0.000000000000000000e+00 1.069640418752844727e-02 0.000000000000000000e+00
2.580000000000000000e+02 1.031991153015445750e-01 1.809285389167046010e-01 8.076923076923077094e-01 0.000000000000000000e+00 1.137915339098771045e-02 0.000000000000000000e+00
2.610000000000000000e+02 1.043991050143531218e-01 1.917387346381429214e-01 7.966545289030496635e-01 0.000000000000000000e+00 1.160673645880746542e-02 0.000000000000000000e+00
2.640000000000000000e+02 1.055990947271618907e-01 2.002730996813837094e-01 7.867546654528903005e-01 0.000000000000000000e+00 1.297223486572599005e-02 0.000000000000000000e+00
2.670000000000000000e+02 1.067990844399704375e-01 2.080109239872553473e-01 7.779927173418297315e-01 0.000000000000000000e+00 1.399635867091488309e-02 0.000000000000000000e+00
2.700000000000000000e+02 1.079990741527792064e-01 2.198452435138825711e-01 7.655894401456531106e-01 0.000000000000000000e+00 1.456531634046426965e-02 0.000000000000000000e+00
2.730000000000000000e+02 1.091990638655877532e-01 2.316795630405097950e-01 7.536413290851160518e-01 0.000000000000000000e+00 1.467910787437414627e-02 0.000000000000000000e+00
2.760000000000000000e+02 1.103990535783965221e-01 2.501137915339098905e-01 7.340691852526172179e-01 1.137915339098771066e-04 1.570323167956303931e-02 0.000000000000000000e+00
2.790000000000000000e+02 1.115990432912050689e-01 2.612653618570778269e-01 7.210969503868912556e-01 0.000000000000000000e+00 1.763768775603095224e-02 0.000000000000000000e+00
2.820000000000000000e+02 1.127990330040138378e-01 2.789030496131087999e-01 7.031178880291306665e-01 0.000000000000000000e+00 1.797906235776058209e-02 0.000000000000000000e+00
2.850000000000000000e+02 1.139990227168223846e-01 2.903959945380063523e-01 6.883249886208465673e-01 0.000000000000000000e+00 2.127901684114701791e-02 0.000000000000000000e+00
2.880000000000000000e+02 1.151990124296311535e-01 3.080336822940373254e-01 6.706873008648156498e-01 0.000000000000000000e+00 2.127901684114701791e-02 0.000000000000000000e+00
2.910000000000000000e+02 1.163990021424397003e-01 3.182749203459262488e-01 6.578288575329995780e-01 0.000000000000000000e+00 2.389622212107419055e-02 0.000000000000000000e+00
2.940000000000000000e+02 1.175989918552484692e-01 3.288575329995448437e-01 6.421256258534364658e-01 0.000000000000000000e+00 2.901684114701866268e-02 0.000000000000000000e+00
2.970000000000000000e+02 1.187989815680570160e-01 3.388711879836140417e-01 6.296085571233500655e-01 0.000000000000000000e+00 3.152025489303595523e-02 0.000000000000000000e+00
3.000000000000000000e+02 1.199989712808657849e-01 3.525261720527992915e-01 6.128812016385980499e-01 0.000000000000000000e+00 3.459262630860263782e-02 0.000000000000000000e+00
3.030000000000000000e+02 1.211989609936743317e-01 3.676604460628129512e-01 5.950159308147473514e-01 1.137915339098771066e-04 3.720983158852981393e-02 0.000000000000000000e+00
3.060000000000000000e+02 1.223989507064831006e-01 3.817705962676377074e-01 5.812471552116522666e-01 1.137915339098771066e-04 3.686845698680018407e-02 0.000000000000000000e+00
3.090000000000000000e+02 1.235989404192916474e-01 3.937187073281747662e-01 5.675921711424669613e-01 1.137915339098771066e-04 3.857532999544834029e-02 0.000000000000000000e+00
3.120000000000000000e+02 1.247989301321004163e-01 4.057806099226217711e-01 5.520027309968138507e-01 1.137915339098771066e-04 4.210286754665452935e-02 0.000000000000000000e+00
3.150000000000000000e+02 1.259989198449089631e-01 4.230769230769230727e-01 5.327719617660445772e-01 0.000000000000000000e+00 4.415111515703231543e-02 0.000000000000000000e+00
3.180000000000000000e+02 1.271989095577177320e-01 4.482248520710059303e-01 5.065999089667728716e-01 0.000000000000000000e+00 4.517523896222121194e-02 0.000000000000000000e+00
3.210000000000000000e+02 1.283988992705262788e-01 4.648384160218479999e-01 4.881656804733727761e-01 3.413746017296313199e-04 4.665452890304961492e-02 0.000000000000000000e+00
3.240000000000000000e+02 1.295988889833350477e-01 4.774692762858443462e-01 4.705279927173418031e-01 6.827492034592626399e-04 5.131998179335457710e-02 0.000000000000000000e+00
3.270000000000000000e+02 1.307988786961435945e-01 4.914656349567592120e-01 4.501593081474738467e-01 7.965407373691396923e-04 5.757851615839781195e-02 0.000000000000000000e+00
3.300000000000000000e+02 1.319988684089523634e-01 5.065999089667728716e-01 4.322940373236231482e-01 1.137915339098770958e-03 5.996813837050523482e-02 0.000000000000000000e+00
3.330000000000000000e+02 1.331988581217609102e-01 5.149066909421938787e-01 4.202321347291761433e-01 1.251706873008648227e-03 6.360946745562130744e-02 0.000000000000000000e+00
3.360000000000000000e+02 1.343988478345696791e-01 5.279927173418297315e-01 4.030496131087847322e-01 1.934456076467910759e-03 6.702321347291761988e-02 0.000000000000000000e+00
3.390000000000000000e+02 1.355988375473782259e-01 5.447200728265817471e-01 3.858670914883932657e-01 1.934456076467910759e-03 6.747837960855712636e-02 0.000000000000000000e+00
3.420000000000000000e+02 1.367988272601869948e-01 5.583750568957669413e-01 3.686845698680017991e-01 1.934456076467910759e-03 7.100591715976331542e-02 0.000000000000000000e+00
3.450000000000000000e+02 1.379988169729955416e-01 5.712335002275830131e-01 3.524123805188894010e-01 2.162039144287664864e-03 7.419208010923987462e-02 0.000000000000000000e+00
3.480000000000000000e+02 1.391988066858043105e-01 5.827264451524806210e-01 3.386436049157942607e-01 3.186162949476558769e-03 7.544378698224851743e-02 0.000000000000000000e+00
3.510000000000000000e+02 1.403987963986128573e-01 5.911470186618115186e-01 3.260127446517979144e-01 3.641329085116067413e-03 7.919890760127445972e-02 0.000000000000000000e+00
3.540000000000000000e+02 1.415987861114216262e-01 6.025261720527992360e-01 3.086026399635867223e-01 4.324078288575329727e-03 8.454710969503868856e-02 0.000000000000000000e+00
3.570000000000000000e+02 1.427987758242301730e-01 6.128812016385980499e-01 2.909649522075557493e-01 4.437869822485207214e-03 9.171597633136094330e-02 0.000000000000000000e+00
3.600000000000000000e+02 1.439987655370389419e-01 6.214155666818388379e-01 2.778789258079198965e-01 5.120619025944469528e-03 9.558488848429676221e-02 0.000000000000000000e+00
3.630000000000000000e+02 1.451987552498474887e-01 6.281292671825216001e-01 2.651342740100136597e-01 5.006827492034592909e-03 1.017296313154301274e-01 0.000000000000000000e+00
3.660000000000000000e+02 1.463987449626562576e-01 6.430359581247154788e-01 2.452207555757851543e-01 5.461993627674101119e-03 1.062812926718252199e-01 0.000000000000000000e+00
3.690000000000000000e+02 1.475987346754648044e-01 6.553254437869822091e-01 2.313381884387801513e-01 4.893035958124715423e-03 1.084433318161128756e-01 0.000000000000000000e+00
3.720000000000000000e+02 1.487987243882735733e-01 6.679563040509786109e-01 2.142694583522985752e-01 5.575785161583977738e-03 1.121984524351388318e-01 0.000000000000000000e+00
3.750000000000000000e+02 1.499987141010821201e-01 6.712562585343649912e-01 2.033454710969503920e-01 7.510241238051888930e-03 1.178880291306326766e-01 0.000000000000000000e+00
3.780000000000000000e+02 1.511987038138908890e-01 6.830905780609922706e-01 1.887801547564861293e-01 7.965407373691398007e-03 1.201638598088302229e-01 0.000000000000000000e+00
3.810000000000000000e+02 1.523986935266994358e-01 6.836595357305416121e-01 1.822940373236231204e-01 1.001365498406918582e-02 1.240327719617660418e-01 0.000000000000000000e+00
3.840000000000000000e+02 1.535986832395082047e-01 6.847974510696404060e-01 1.769458352298589054e-01 1.115157032316795548e-02 1.271051433773327244e-01 0.000000000000000000e+00
3.870000000000000000e+02 1.547986729523167515e-01 6.924214838416021811e-01 1.663632225762403383e-01 1.183431952662721866e-02 1.293809740555302568e-01 0.000000000000000000e+00
3.900000000000000000e+02 1.559986626651255204e-01 7.025489303595812141e-01 1.519116977696859383e-01 1.183431952662721866e-02 1.337050523441055960e-01 0.000000000000000000e+00
3.930000000000000000e+02 1.571986523779340672e-01 7.121074192080109055e-01 1.414428766499772339e-01 1.160673645880746542e-02 1.348429676832043622e-01 0.000000000000000000e+00
3.960000000000000000e+02 1.583986420907428361e-01 7.208693673190714746e-01 1.298361401911697632e-01 1.183431952662721866e-02 1.374601729631315383e-01 0.000000000000000000e+00
3.990000000000000000e+02 1.595986318035513829e-01 7.294037323623122626e-01 1.200500682749203463e-01 1.172052799271734204e-02 1.388256713700500578e-01 0.000000000000000000e+00
4.020000000000000000e+02 1.607986215163601518e-01 7.353208921256259023e-01 1.135639508420573512e-01 1.285844333181611343e-02 1.382567137005006885e-01 0.000000000000000000e+00
4.050000000000000000e+02 1.619986112291686986e-01 7.402139280837505275e-01 1.073054164770141095e-01 1.183431952662721866e-02 1.406463359126081114e-01 0.000000000000000000e+00
4.080000000000000000e+02 1.631986009419774675e-01 7.443104233045061413e-01 1.000227583067819781e-01 1.285844333181611343e-02 1.428083750568957533e-01 0.000000000000000000e+00
4.110000000000000000e+02 1.643985906547860143e-01 7.497724169321802190e-01 9.228493400091032639e-02 1.422394173873463806e-02 1.437187073281747940e-01 0.000000000000000000e+00
4.140000000000000000e+02 1.655985803675947832e-01 7.587619481110605690e-01 8.705052344105598805e-02 1.331360946745562164e-02 1.408739189804278646e-01 0.000000000000000000e+00
4.170000000000000000e+02 1.667985700804033300e-01 7.586481565771506785e-01 8.215748748293126569e-02 1.388256713700500647e-02 1.453117888029130667e-01 0.000000000000000000e+00
4.200000000000000000e+02 1.679985597932120989e-01 7.629722348657259623e-01 7.862994993172507663e-02 1.445152480655439303e-02 1.439462903959945472e-01 0.000000000000000000e+00
4.230000000000000000e+02 1.691985495060206457e-01 7.694583522985889434e-01 7.510241238051888757e-02 1.627218934911242587e-02 1.391670459717797015e-01 0.000000000000000000e+00
4.260000000000000000e+02 1.703985392188294146e-01 7.773099681383704995e-01 6.929904415111515226e-02 1.752389622212107562e-02 1.358670914883932657e-01 0.000000000000000000e+00
4.290000000000000000e+02 1.715985289316379614e-01 7.766272189349112676e-01 6.725079654073737312e-02 1.775147928994082885e-02 1.383705052344105513e-01 0.000000000000000000e+00
4.320000000000000000e+02 1.727985186444467303e-01 7.796995903504779779e-01 6.599908966772871644e-02 1.854802002730996865e-02 1.357532999544833752e-01 0.000000000000000000e+00
4.350000000000000000e+02 1.739985083572552771e-01 7.820892125625853453e-01 6.360946745562130744e-02 1.911697769685935522e-02 1.351843422849340060e-01 0.000000000000000000e+00
4.380000000000000000e+02 1.751984980700640460e-01 7.906235776058261333e-01 5.905780609922621494e-02 1.945835229858898507e-02 1.308602639963586667e-01 0.000000000000000000e+00
4.410000000000000000e+02 1.763984877828725928e-01 7.903959945380063523e-01 5.530268548020027264e-02 2.093764223941738806e-02 1.333636777423759801e-01 0.000000000000000000e+00
4.440000000000000000e+02 1.775984774956813617e-01 7.893718707328174489e-01 5.382339553937186966e-02 2.139280837505689453e-02 1.354119253527537592e-01 0.000000000000000000e+00
4.470000000000000000e+02 1.787984672084899085e-01 7.907373691397360238e-01 5.166135639508420696e-02 2.332726445152480746e-02 1.342740100136549930e-01 0.000000000000000000e+00
4.500000000000000000e+02 1.799984569212986774e-01 7.926718252162039402e-01 5.029585798816568060e-02 2.435138825671370050e-02 1.326809285389166926e-01 0.000000000000000000e+00
4.530000000000000000e+02 1.811984466341072242e-01 7.973372781065088954e-01 4.881656804733727761e-02 2.605826126536185672e-02 1.277878925807919841e-01 0.000000000000000000e+00
4.560000000000000000e+02 1.823984363469159931e-01 7.957441966317706505e-01 4.688211197086936816e-02 2.730996813837050646e-02 1.300637232589895442e-01 0.000000000000000000e+00
4.590000000000000000e+02 1.835984260597245399e-01 7.990441511151570309e-01 4.619936276741010150e-02 2.833409194355939950e-02 1.264223941738734647e-01 0.000000000000000000e+00
4.620000000000000000e+02 1.847984157725333088e-01 8.002958579881657153e-01 4.619936276741010150e-02 2.969959035047792587e-02 1.238051888939462886e-01 0.000000000000000000e+00
4.650000000000000000e+02 1.859984054853418556e-01 8.058716431497496835e-01 4.699590350477924477e-02 3.186162949476559203e-02 1.152708238507055144e-01 0.000000000000000000e+00
4.680000000000000000e+02 1.871983951981506245e-01 8.108784706417841992e-01 4.403732362312243881e-02 3.413746017296313134e-02 1.109467455621301751e-01 0.000000000000000000e+00
4.710000000000000000e+02 1.883983849109591713e-01 8.163404642694583879e-01 4.107874374146563284e-02 3.470641784251251444e-02 1.078743741465634925e-01 0.000000000000000000e+00
4.740000000000000000e+02 1.895983746237679402e-01 8.200955848884843302e-01 4.142011834319526964e-02 3.288575329995448160e-02 1.055985434683659602e-01 0.000000000000000000e+00
4.770000000000000000e+02 1.907983643365764870e-01 8.304506144742831442e-01 4.005461993627674328e-02 3.072371415566681890e-02 9.877105143377332142e-02 0.000000000000000000e+00
4.800000000000000000e+02 1.919983540493852558e-01 8.303368229403732537e-01 4.016841147018661989e-02 3.106508875739644876e-02 9.842967683204369156e-02 0.000000000000000000e+00
4.830000000000000000e+02 1.931983437621938027e-01 8.290851160673645692e-01 3.959945380063722986e-02 3.004096495220755572e-02 1.012744651797906209e-01 0.000000000000000000e+00
4.860000000000000000e+02 1.943983334750025715e-01 8.249886208466090665e-01 4.005461993627674328e-02 3.015475648611743234e-02 1.048020027309968100e-01 0.000000000000000000e+00
4.890000000000000000e+02 1.955983231878111184e-01 8.274920345926263243e-01 3.800637232589895026e-02 3.026854802002730896e-02 1.042330450614474269e-01 0.000000000000000000e+00
4.920000000000000000e+02 1.967983129006198872e-01 8.281747837960855563e-01 3.675466545289030745e-02 3.083750568957669552e-02 1.042330450614474269e-01 0.000000000000000000e+00
4.950000000000000000e+02 1.979983026134284341e-01 8.314747382794720476e-01 3.675466545289030745e-02 2.924442421483841592e-02 1.025261720527992776e-01 0.000000000000000000e+00
4.980000000000000000e+02 1.991982923262372029e-01 8.339781520254893055e-01 3.584433318161128756e-02 2.878925807919890598e-02 1.013882567137004975e-01 0.000000000000000000e+00
5.010000000000000000e+02 2.003982820390457498e-01 8.361401911697770029e-01 3.584433318161128756e-02 3.186162949476559203e-02 9.615384615384615918e-02 0.000000000000000000e+00
5.040000000000000000e+02 2.015982717518545186e-01 8.405780609922621771e-01 3.402366863905325473e-02 3.208921256258534527e-02 9.330905780609922984e-02 0.000000000000000000e+00
5.070000000000000000e+02 2.027982614646630655e-01 8.471779699590350488e-01 3.277196176604460498e-02 3.243058716431497512e-02 8.761948111060537114e-02 0.000000000000000000e+00
5.100000000000000000e+02 2.039982511774718343e-01 8.458124715521164738e-01 3.299954483386435822e-02 3.186162949476559203e-02 8.932635411925353430e-02 0.000000000000000000e+00
5.130000000000000000e+02 2.051982408902803812e-01 8.509330905780609910e-01 3.277196176604460498e-02 3.288575329995448160e-02 8.340919435593992237e-02 0.000000000000000000e+00
5.160000000000000000e+02 2.063982306030891500e-01 8.555985434683659463e-01 3.106508875739644876e-02 3.334091943559399501e-02 7.999544833864360993e-02 0.000000000000000000e+00
5.190000000000000000e+02 2.075982203158976969e-01 8.607191624943104635e-01 2.901684114701866268e-02 3.186162949476559203e-02 7.840236686390532339e-02 0.000000000000000000e+00
5.220000000000000000e+02 2.087982100287062437e-01 8.620846609012289274e-01 2.901684114701866268e-02 3.015475648611743234e-02 7.874374146563495325e-02 0.000000000000000000e+00
5.250000000000000000e+02 2.099981997415150126e-01 8.645880746472462963e-01 2.969959035047792587e-02 2.981338188438780248e-02 7.589895311788802390e-02 0.000000000000000000e+00
5.280000000000000000e+02 2.111981894543235594e-01 8.666363222576239922e-01 2.856167501137915274e-02 2.878925807919890598e-02 7.601274465179790052e-02 0.000000000000000000e+00
5.310000000000000000e+02 2.123981791671323283e-01 8.668639053254437732e-01 2.913063268092853930e-02 2.753755120619025970e-02 7.646791078743742087e-02 0.000000000000000000e+00
5.340000000000000000e+02 2.135981688799408751e-01 8.695949021392808120e-01 2.856167501137915274e-02 2.628584433318160996e-02 7.555757851615839404e-02 0.000000000000000000e+00
5.370000000000000000e+02 2.147981585927496440e-01 8.719845243513882904e-01 2.765134274010013632e-02 2.639963586709149004e-02 7.396449704142012138e-02 0.000000000000000000e+00
5.400000000000000000e+02 2.159981483055581908e-01 8.759672280382339027e-01 2.708238507055074976e-02 2.742375967228038308e-02 6.952662721893490549e-02 0.000000000000000000e+00
5.430000000000000000e+02 2.171981380183669597e-01 8.791533909877105035e-01 2.822030040964952288e-02 2.822030040964952288e-02 6.440600819299044377e-02 0.000000000000000000e+00
5.460000000000000000e+02 2.183981277311755065e-01 8.791533909877105035e-01 2.708238507055074976e-02 2.833409194355939950e-02 6.543013199817933334e-02 0.000000000000000000e+00
5.490000000000000000e+02 2.195981174439842754e-01 8.835912608101956778e-01 2.571688666363222686e-02 2.878925807919890598e-02 6.190259444697314428e-02 0.000000000000000000e+00
5.520000000000000000e+02 2.207981071567928222e-01 8.856395084205734847e-01 2.617205279927173334e-02 2.958579881656804578e-02 5.860263996358670846e-02 0.000000000000000000e+00
5.550000000000000000e+02 2.219980968696015911e-01 8.906463359126081114e-01 2.503413746017296368e-02 2.844788347746927612e-02 5.587164314974965573e-02 0.000000000000000000e+00
5.580000000000000000e+02 2.231980865824101379e-01 8.913290851160673434e-01 2.583067819754210348e-02 2.730996813837050646e-02 5.553026854802002588e-02 0.000000000000000000e+00
5.610000000000000000e+02 2.243980762952189068e-01 8.924670004551661373e-01 2.583067819754210348e-02 2.719617660446062984e-02 5.450614474283113631e-02 0.000000000000000000e+00
5.640000000000000000e+02 2.255980660080274536e-01 8.928083750568958088e-01 2.628584433318160996e-02 2.833409194355939950e-02 5.257168866636321991e-02 0.000000000000000000e+00
5.670000000000000000e+02 2.267980557208362224e-01 8.912152935821574529e-01 2.696859353664087314e-02 2.776513427401001294e-02 5.393718707328174627e-02 1.137915339098771066e-04
5.700000000000000000e+02 2.279980454336447693e-01 8.931497496586253693e-01 2.628584433318160996e-02 2.822030040964952288e-02 5.223031406463359005e-02 1.137915339098771066e-04
5.730000000000000000e+02 2.291980351464535381e-01 8.959945380063722986e-01 2.639963586709149004e-02 2.810650887573964626e-02 4.938552571688666071e-02 1.137915339098771066e-04
5.760000000000000000e+02 2.303980248592620850e-01 8.997496586253982409e-01 2.560309512972235024e-02 2.787892580791988956e-02 4.665452890304961492e-02 1.137915339098771066e-04
5.790000000000000000e+02 2.315980145720708538e-01 8.991807009558488994e-01 2.503413746017296368e-02 2.878925807919890598e-02 4.699590350477924477e-02 0.000000000000000000e+00
5.820000000000000000e+02 2.327980042848794007e-01 9.010013654984069253e-01 2.492034592626308706e-02 2.810650887573964626e-02 4.597177969959034827e-02 0.000000000000000000e+00
5.850000000000000000e+02 2.339979939976881695e-01 9.035047792444241832e-01 2.548930359581247015e-02 2.765134274010013632e-02 4.335457441966317910e-02 0.000000000000000000e+00
5.880000000000000000e+02 2.351979837104967164e-01 9.038461538461538547e-01 2.446517979062357712e-02 2.753755120619025970e-02 4.415111515703231543e-02 0.000000000000000000e+00
5.910000000000000000e+02 2.363979734233054852e-01 9.058944014565316616e-01 2.423759672280382388e-02 2.787892580791988956e-02 4.198907601274465273e-02 0.000000000000000000e+00
5.940000000000000000e+02 2.375979631361140321e-01 9.089667728720982609e-01 2.401001365498407064e-02 2.822030040964952288e-02 3.880291306326809353e-02 0.000000000000000000e+00
5.970000000000000000e+02 2.387979528489228009e-01 9.107874374146563978e-01 2.253072371415566766e-02 2.799271734182976618e-02 3.868912152935821691e-02 0.000000000000000000e+00
6.000000000000000000e+02 2.399979425617313478e-01 9.123805188893946427e-01 2.162039144287665124e-02 2.776513427401001294e-02 3.823395539371871044e-02 0.000000000000000000e+00
6.030000000000000000e+02 2.411979322745401166e-01 9.140873918980427781e-01 2.048247610377787811e-02 2.708238507055074976e-02 3.834774692762858705e-02 0.000000000000000000e+00
6.060000000000000000e+02 2.423979219873486635e-01 9.179563040509786109e-01 2.116522530723714129e-02 2.708238507055074976e-02 3.379608557123350149e-02 0.000000000000000000e+00
6.090000000000000000e+02 2.435979117001574323e-01 9.194355939918069653e-01 2.071005917159763482e-02 2.674101046882111990e-02 3.311333636777423484e-02 0.000000000000000000e+00
6.120000000000000000e+02 2.447979014129659792e-01 9.214838416021847722e-01 2.059626763768775473e-02 2.708238507055074976e-02 3.083750568957669552e-02 0.000000000000000000e+00
6.150000000000000000e+02 2.459978911257747480e-01 9.226217569412835662e-01 2.093764223941738806e-02 2.662721893491124328e-02 2.981338188438780248e-02 0.000000000000000000e+00
6.180000000000000000e+02 2.471978808385832949e-01 9.196631770596267463e-01 2.048247610377787811e-02 2.776513427401001294e-02 3.208921256258534527e-02 0.000000000000000000e+00
6.210000000000000000e+02 2.483978705513920637e-01 9.189804278561675144e-01 2.241693218024579104e-02 2.708238507055074976e-02 3.152025489303595523e-02 0.000000000000000000e+00
6.240000000000000000e+02 2.495978602642006106e-01 9.210286754665453213e-01 2.196176604460628110e-02 2.548930359581247015e-02 3.152025489303595523e-02 0.000000000000000000e+00
6.270000000000000000e+02 2.507978499770093794e-01 9.235320892125625791e-01 2.059626763768775473e-02 2.457897132453345374e-02 3.129267182521620200e-02 0.000000000000000000e+00
6.300000000000000000e+02 2.519978396898179263e-01 9.244424214838415921e-01 2.002730996813837164e-02 2.435138825671370050e-02 3.117888029130632538e-02 0.000000000000000000e+00
6.330000000000000000e+02 2.531978294026266951e-01 9.233045061447427981e-01 2.048247610377787811e-02 2.514792899408284030e-02 3.095129722348657214e-02 1.137915339098771066e-04
6.360000000000000000e+02 2.543978191154352420e-01 9.212562585343649912e-01 1.957214383249886169e-02 2.639963586709149004e-02 3.277196176604460498e-02 0.000000000000000000e+00
6.390000000000000000e+02 2.555978088282440108e-01 9.233045061447427981e-01 1.911697769685935522e-02 2.628584433318160996e-02 3.129267182521620200e-02 0.000000000000000000e+00
6.420000000000000000e+02 2.567977985410525577e-01 9.252389622212107145e-01 1.763768775603095224e-02 2.617205279927173334e-02 3.095129722348657214e-02 0.000000000000000000e+00
6.450000000000000000e+02 2.579977882538613265e-01 9.266044606281292895e-01 1.763768775603095224e-02 2.583067819754210348e-02 2.992717341829767910e-02 0.000000000000000000e+00
6.480000000000000000e+02 2.591977779666698734e-01 9.284251251706873154e-01 1.615839781520254925e-02 2.503413746017296368e-02 3.038233955393718558e-02 0.000000000000000000e+00
6.510000000000000000e+02 2.603977676794786422e-01 9.324078288575330387e-01 1.627218934911242587e-02 2.378243058716431393e-02 2.753755120619025970e-02 0.000000000000000000e+00
6.540000000000000000e+02 2.615977573922871890e-01 9.355939918070095285e-01 1.684114701866181243e-02 2.309968138370505075e-02 2.446517979062357712e-02 0.000000000000000000e+00
6.570000000000000000e+02 2.627977471050959579e-01 9.337733272644515026e-01 1.649977241693217911e-02 2.332726445152480746e-02 2.639963586709149004e-02 0.000000000000000000e+00
6.600000000000000000e+02 2.639977368179045047e-01 9.346836595357305155e-01 1.684114701866181243e-02 2.492034592626308706e-02 2.355484751934456070e-02 0.000000000000000000e+00
6.630000000000000000e+02 2.651977265307132736e-01 9.387801547564861293e-01 1.570323167956303931e-02 2.298588984979517413e-02 2.241693218024579104e-02 1.137915339098771066e-04
6.660000000000000000e+02 2.663977162435218204e-01 9.360491579426490905e-01 1.456531634046426965e-02 2.401001365498407064e-02 2.526172052799271692e-02 1.137915339098771066e-04
6.690000000000000000e+02 2.675977059563305893e-01 9.358215748748293095e-01 1.513427401001365448e-02 2.344105598543468408e-02 2.560309512972235024e-02 0.000000000000000000e+00
6.720000000000000000e+02 2.687976956691391361e-01 9.398042785616750328e-01 1.536185707783340945e-02 2.162039144287665124e-02 2.321347291761493084e-02 0.000000000000000000e+00
6.750000000000000000e+02 2.699976853819479050e-01 9.398042785616750328e-01 1.524806554392353283e-02 2.366863905325443732e-02 2.127901684114701791e-02 0.000000000000000000e+00
6.780000000000000000e+02 2.711976750947564518e-01 9.394629039599453613e-01 1.638598088302230249e-02 2.309968138370505075e-02 2.105143377332726468e-02 0.000000000000000000e+00
6.810000000000000000e+02 2.723976648075652207e-01 9.380974055530268974e-01 1.615839781520254925e-02 2.332726445152480746e-02 2.241693218024579104e-02 0.000000000000000000e+00
