# itime ezz other fcc hcp bcc ico
0.000000000000000000e+00 0.000000000000000000e+00 5.689576695493854790e-04 9.994310423304506585e-01 0.000000000000000000e+00 0.000000000000000000e+00 0.000000000000000000e+00
2.500000000000000000e+01 9.999753434184466272e-04 1.593081474738279385e-03 9.984069185252617551e-01 0.000000000000000000e+00 0.000000000000000000e+00 0.000000000000000000e+00
5.000000000000000000e+01 1.999950686836893254e-03 1.137915339098770958e-03 9.988620846609012061e-01 0.000000000000000000e+00 0.000000000000000000e+00 0.000000000000000000e+00
7.500000000000000000e+01 2.999926030255339882e-03 1.137915339098771066e-04 9.998862084660901095e-01 0.000000000000000000e+00 0.000000000000000000e+00 0.000000000000000000e+00
1.000000000000000000e+02 3.999901373674008553e-03 2.275830678197541916e-03 9.977241693218024121e-01 0.000000000000000000e+00 0.000000000000000000e+00 0.000000000000000000e+00
1.250000000000000000e+02 4.999876717092455181e-03 9.103322712790168532e-04 9.990896677287209870e-01 0.000000000000000000e+00 0.000000000000000000e+00 0.000000000000000000e+00
1.500000000000000000e+02 5.999852060510901808e-03 3.413746017296313199e-04 9.996586253982703285e-01 0.000000000000000000e+00 0.000000000000000000e+00 0.000000000000000000e+00
1.750000000000000000e+02 6.999827403929348435e-03 1.479289940828402332e-03 9.985207100591716456e-01 0.000000000000000000e+00 0.000000000000000000e+00 0.000000000000000000e+00
2.000000000000000000e+02 7.999802747347795062e-03 4.551661356395084266e-04 9.995448338643604380e-01 0.000000000000000000e+00 0.000000000000000000e+00 0.000000000000000000e+00
2.250000000000000000e+02 8.999778090766241689e-03 1.137915339098771066e-04 9.998862084660901095e-01 0.000000000000000000e+00 0.000000000000000000e+00 0.000000000000000000e+00
2.500000000000000000e+02 9.999753434184688317e-03 3.413746017296313199e-04 9.996586253982703285e-01 0.000000000000000000e+00 0.000000000000000000e+00 0.000000000000000000e+00
2.750000000000000000e+02 1.099972877760313494e-02 1.137915339098770958e-03 9.988620846609012061e-01 0.000000000000000000e+00 0.000000000000000000e+00 0.000000000000000000e+00
3.000000000000000000e+02 1.199970412102180362e-02 1.365498406918525280e-03 9.986345015930814251e-01 0.000000000000000000e+00 0.000000000000000000e+00 0.000000000000000000e+00
3.250000000000000000e+02 1.299967946444025024e-02 1.024123805188893906e-03 9.988620846609012061e-01 0.000000000000000000e+00 1.137915339098771066e-04 0.000000000000000000e+00
3.500000000000000000e+02 1.399965480785869687e-02 0.000000000000000000e+00 1.000000000000000000e+00 0.000000000000000000e+00 0.000000000000000000e+00 0.000000000000000000e+00
3.750000000000000000e+02 1.499963015127714350e-02 1.365498406918525280e-03 9.986345015930814251e-01 0.000000000000000000e+00 0.000000000000000000e+00 0.000000000000000000e+00
4.000000000000000000e+02 1.599960549469559012e-02 1.706873008648156654e-03 9.982931269913518646e-01 0.000000000000000000e+00 0.000000000000000000e+00 0.000000000000000000e+00
4.250000000000000000e+02 1.699958083811403675e-02 1.137915339098770958e-03 9.988620846609012061e-01 0.000000000000000000e+00 0.000000000000000000e+00 0.000000000000000000e+00
4.500000000000000000e+02 1.799955618153248338e-02 1.251706873008648227e-03 9.987482931269913156e-01 0.000000000000000000e+00 0.000000000000000000e+00 0.000000000000000000e+00
4.750000000000000000e+02 1.899953152495093001e-02 3.413746017296313308e-03 9.965862539827037292e-01 0.000000000000000000e+00 0.000000000000000000e+00 0.000000000000000000e+00
5.000000000000000000e+02 1.999950686836959868e-02 1.820664542558033706e-03 9.980655439235320836e-01 0.000000000000000000e+00 1.137915339098771066e-04 0.000000000000000000e+00
5.250000000000000000e+02 2.099948221178804530e-02 3.072371415566681717e-03 9.969276285844332897e-01 0.000000000000000000e+00 0.000000000000000000e+00 0.000000000000000000e+00
5.500000000000000000e+02 2.199945755520649193e-02 4.210286754665453109e-03 9.957897132453344957e-01 0.000000000000000000e+00 0.000000000000000000e+00 0.000000000000000000e+00
5.750000000000000000e+02 2.299943289862493856e-02 1.593081474738279385e-03 9.982931269913518646e-01 0.000000000000000000e+00 1.137915339098771066e-04 0.000000000000000000e+00
6.000000000000000000e+02 2.399940824204338519e-02 2.730996813837050560e-03 9.972690031861629611e-01 0.000000000000000000e+00 0.000000000000000000e+00 0.000000000000000000e+00
6.250000000000000000e+02 2.499938358546183181e-02 1.024123805188893906e-03 9.989758761948110966e-01 0.000000000000000000e+00 0.000000000000000000e+00 0.000000000000000000e+00
6.500000000000000000e+02 2.599935892888027844e-02 2.048247610377787811e-03 9.979517523896221931e-01 0.000000000000000000e+00 0.000000000000000000e+00 0.000000000000000000e+00
6.750000000000000000e+02 2.699933427229872507e-02 4.210286754665453109e-03 9.957897132453344957e-01 0.000000000000000000e+00 0.000000000000000000e+00 0.000000000000000000e+00
7.000000000000000000e+02 2.799930961571739374e-02 2.503413746017296455e-03 9.974965862539827421e-01 0.000000000000000000e+00 0.000000000000000000e+00 0.000000000000000000e+00
7.250000000000000000e+02 2.899928495913584037e-02 3.527537551206190360e-03 9.963586709148839482e-01 0.000000000000000000e+00 1.137915339098771066e-04 0.000000000000000000e+00
7.500000000000000000e+02 2.999926030255428699e-02 2.162039144287664864e-03 9.973827947200728516e-01 0.000000000000000000e+00 4.551661356395084266e-04 0.000000000000000000e+00
7.750000000000000000e+02 3.099923564597273362e-02 3.755120619025944465e-03 9.962448793809740577e-01 0.000000000000000000e+00 0.000000000000000000e+00 0.000000000000000000e+00
8.000000000000000000e+02 3.199921098939118025e-02 3.186162949476558769e-03 9.964724624487938387e-01 0.000000000000000000e+00 3.413746017296313199e-04 0.000000000000000000e+00
8.250000000000000000e+02 3.299918633280962688e-02 5.348202093764223633e-03 9.945380063723259223e-01 0.000000000000000000e+00 1.137915339098771066e-04 0.000000000000000000e+00
8.500000000000000000e+02 3.399916167622807350e-02 5.234410559854347014e-03 9.946517979062358128e-01 0.000000000000000000e+00 1.137915339098771066e-04 0.000000000000000000e+00
8.750000000000000000e+02 3.499913701964652013e-02 4.665452890304961318e-03 9.953345471096950448e-01 0.000000000000000000e+00 0.000000000000000000e+00 0.000000000000000000e+00
9.000000000000000000e+02 3.599911236306518880e-02 5.234410559854347014e-03 9.946517979062358128e-01 0.000000000000000000e+00 1.137915339098771066e-04 0.000000000000000000e+00
9.250000000000000000e+02 3.699908770648363543e-02 5.803368229403732710e-03 9.940828402366863603e-01 0.000000000000000000e+00 1.137915339098771066e-04 0.000000000000000000e+00
9.500000000000000000e+02 3.799906304990208206e-02 7.624032771961766417e-03 9.919208010923987739e-01 0.000000000000000000e+00 4.551661356395084266e-04 0.000000000000000000e+00
9.750000000000000000e+02 3.899903839332052868e-02 6.827492034592626616e-03 9.927173418297678964e-01 0.000000000000000000e+00 4.551661356395084266e-04 0.000000000000000000e+00
1.000000000000000000e+03 3.999901373673897531e-02 8.989531178880291046e-03 9.908966772872098705e-01 0.000000000000000000e+00 1.137915339098771066e-04 0.000000000000000000e+00
1.025000000000000000e+03 4.099898908015742194e-02 7.851615839781519654e-03 9.915794264906691025e-01 0.000000000000000000e+00 5.689576695493854790e-04 0.000000000000000000e+00
1.050000000000000000e+03 4.199896442357586857e-02 6.258534365043240920e-03 9.936276741010469093e-01 0.000000000000000000e+00 1.137915339098771066e-04 0.000000000000000000e+00
1.075000000000000000e+03 4.299893976699431519e-02 1.206190259444697363e-02 9.873691397360035982e-01 0.000000000000000000e+00 5.689576695493854790e-04 0.000000000000000000e+00
1.100000000000000000e+03 4.399891511041298386e-02 7.282658170232134826e-03 9.924897587619481154e-01 0.000000000000000000e+00 2.275830678197542133e-04 0.000000000000000000e+00
1.125000000000000000e+03 4.499889045383143049e-02 7.168866636322257339e-03 9.927173418297678964e-01 0.000000000000000000e+00 1.137915339098771066e-04 0.000000000000000000e+00
1.150000000000000000e+03 4.599886579724987712e-02 8.192990441511151245e-03 9.915794264906691025e-01 0.000000000000000000e+00 2.275830678197542133e-04 0.000000000000000000e+00
1.175000000000000000e+03 4.699884114066832375e-02 1.001365498406918582e-02 9.896449704142011861e-01 0.000000000000000000e+00 3.413746017296313199e-04 0.000000000000000000e+00
1.200000000000000000e+03 4.799881648408677037e-02 1.376877560309512985e-02 9.858898497951752438e-01 0.000000000000000000e+00 3.413746017296313199e-04 0.000000000000000000e+00
1.225000000000000000e+03 4.899879182750521700e-02 9.899863450159307465e-03 9.895311788802912956e-01 0.000000000000000000e+00 5.689576695493854790e-04 0.000000000000000000e+00
1.250000000000000000e+03 4.999876717092366363e-02 9.103322712790167665e-03 9.907828857532999800e-01 0.000000000000000000e+00 1.137915339098771066e-04 0.000000000000000000e+00
1.275000000000000000e+03 5.099874251434233230e-02 1.376877560309512985e-02 9.861174328629950248e-01 0.000000000000000000e+00 1.137915339098771066e-04 0.000000000000000000e+00
1.300000000000000000e+03 5.199871785776077893e-02 8.875739644970414427e-03 9.906690942193900895e-01 0.000000000000000000e+00 4.551661356395084266e-04 0.000000000000000000e+00
1.325000000000000000e+03 5.299869320117922555e-02 1.285844333181611343e-02 9.865725989986344757e-01 0.000000000000000000e+00 5.689576695493854790e-04 0.000000000000000000e+00
1.350000000000000000e+03 5.399866854459767218e-02 1.319981793354574502e-02 9.863450159308146947e-01 0.000000000000000000e+00 4.551661356395084266e-04 0.000000000000000000e+00
1.375000000000000000e+03 5.499864388801611881e-02 1.342740100136549826e-02 9.857760582612653533e-01 0.000000000000000000e+00 7.965407373691396923e-04 0.000000000000000000e+00
1.400000000000000000e+03 5.599861923143456544e-02 2.014110150204824826e-02 9.791761492944924816e-01 0.000000000000000000e+00 6.827492034592626399e-04 0.000000000000000000e+00
1.425000000000000000e+03 5.699859457485301206e-02 1.854802002730996865e-02 9.813381884387801790e-01 0.000000000000000000e+00 1.137915339098771066e-04 0.000000000000000000e+00
1.450000000000000000e+03 5.799856991827145869e-02 2.173418297678652786e-02 9.778106508875740177e-01 0.000000000000000000e+00 4.551661356395084266e-04 0.000000000000000000e+00
1.475000000000000000e+03 5.899854526169012736e-02 2.173418297678652786e-02 9.775830678197542367e-01 0.000000000000000000e+00 6.827492034592626399e-04 0.000000000000000000e+00
1.500000000000000000e+03 5.999852060510857399e-02 2.878925807919890598e-02 9.698452435138825711e-01 0.000000000000000000e+00 1.365498406918525280e-03 0.000000000000000000e+00
1.525000000000000000e+03 6.099849594852702062e-02 2.913063268092853930e-02 9.696176604460627901e-01 0.000000000000000000e+00 1.251706873008648227e-03 0.000000000000000000e+00
1.550000000000000000e+03 6.199847129194546724e-02 2.423759672280382388e-02 9.740555302685480754e-01 0.000000000000000000e+00 1.706873008648156654e-03 0.000000000000000000e+00
1.575000000000000000e+03 6.299844663536391387e-02 2.105143377332726468e-02 9.781520254893035782e-01 0.000000000000000000e+00 7.965407373691396923e-04 0.000000000000000000e+00
1.600000000000000000e+03 6.399842197878236050e-02 3.186162949476559203e-02 9.656349567592170668e-01 0.000000000000000000e+00 2.503413746017296455e-03 0.000000000000000000e+00
1.625000000000000000e+03 6.499839732220080712e-02 2.776513427401001294e-02 9.703004096495220221e-01 0.000000000000000000e+00 1.934456076467910759e-03 0.000000000000000000e+00
1.650000000000000000e+03 6.599837266561925375e-02 3.561675011379153433e-02 9.627901684114701375e-01 0.000000000000000000e+00 1.593081474738279385e-03 0.000000000000000000e+00
1.675000000000000000e+03 6.699834800903792242e-02 3.402366863905325473e-02 9.641556668183887124e-01 0.000000000000000000e+00 1.820664542558033706e-03 0.000000000000000000e+00
1.700000000000000000e+03 6.799832335245636905e-02 3.698224852071006069e-02 9.605143377332726606e-01 0.000000000000000000e+00 2.503413746017296455e-03 0.000000000000000000e+00
1.725000000000000000e+03 6.899829869587481568e-02 5.006827492034592736e-02 9.466317705962676854e-01 0.000000000000000000e+00 3.299954483386436255e-03 0.000000000000000000e+00
1.750000000000000000e+03 6.999827403929326231e-02 5.860263996358670846e-02 9.386663632225762388e-01 0.000000000000000000e+00 2.730996813837050560e-03 0.000000000000000000e+00
1.775000000000000000e+03 7.099824938271170893e-02 4.995448338643605074e-02 9.481110605370960398e-01 0.000000000000000000e+00 1.934456076467910759e-03 0.000000000000000000e+00
1.800000000000000000e+03 7.199822472613015556e-02 5.655439235320892238e-02 9.396904870277651423e-01 0.000000000000000000e+00 3.755120619025944465e-03 0.000000000000000000e+00
1.825000000000000000e+03 7.299820006954860219e-02 6.008192990441511144e-02 9.350250341374601870e-01 0.000000000000000000e+00 4.893035958124715423e-03 0.000000000000000000e+00
1.850000000000000000e+03 7.399817541296704881e-02 6.042330450614474130e-02 9.358215748748293095e-01 0.000000000000000000e+00 3.755120619025944465e-03 0.000000000000000000e+00
1.875000000000000000e+03 7.499815075638571749e-02 6.087847064178425471e-02 9.352526172052799680e-01 0.000000000000000000e+00 3.868912152935821518e-03 0.000000000000000000e+00
1.900000000000000000e+03 7.599812609980416411e-02 6.895766954938552240e-02 9.264906690942193990e-01 0.000000000000000000e+00 4.551661356395083832e-03 0.000000000000000000e+00
1.925000000000000000e+03 7.699810144322261074e-02 7.464724624487938109e-02 9.185252617205279524e-01 0.000000000000000000e+00 6.827492034592626616e-03 0.000000000000000000e+00
1.950000000000000000e+03 7.799807678664105737e-02 8.329540282203004575e-02 9.105598543468366168e-01 0.000000000000000000e+00 6.144742831133363434e-03 0.000000000000000000e+00
1.975000000000000000e+03 7.899805213005950399e-02 9.319526627218935322e-02 8.992944924897587899e-01 0.000000000000000000e+00 7.510241238051888930e-03 0.000000000000000000e+00
2.000000000000000000e+03 7.999802747347795062e-02 1.022985889849795244e-01 8.896222121074192080e-01 0.000000000000000000e+00 8.079198907601274626e-03 0.000000000000000000e+00
2.025000000000000000e+03 8.099800281689639725e-02 1.021847974510696339e-01 8.870050068274920596e-01 0.000000000000000000e+00 1.081019572143832562e-02 0.000000000000000000e+00
2.050000000000000000e+03 8.199797816031484388e-02 1.067364588074647264e-01 8.802913063268092975e-01 0.000000000000000000e+00 1.297223486572599005e-02 0.000000000000000000e+00
2.075000000000000000e+03 8.299795350373351255e-02 1.141329085116067343e-01 8.717569412835685094e-01 0.000000000000000000e+00 1.411015020482476144e-02 0.000000000000000000e+00
2.100000000000000000e+03 8.399792884715195918e-02 1.308602639963586667e-01 8.550295857988166048e-01 0.000000000000000000e+00 1.411015020482476144e-02 0.000000000000000000e+00
2.125000000000000000e+03 8.499790419057040580e-02 1.425807919890760000e-01 8.387573964497041512e-01 0.000000000000000000e+00 1.866181156121984527e-02 0.000000000000000000e+00
2.150000000000000000e+03 8.599787953398885243e-02 1.430359581247155343e-01 8.343195266272189770e-01 0.000000000000000000e+00 2.264451524806554428e-02 0.000000000000000000e+00
2.175000000000000000e+03 8.699785487740729906e-02 1.521392808375056915e-01 8.253299954483386269e-01 0.000000000000000000e+00 2.253072371415566766e-02 0.000000000000000000e+00
2.200000000000000000e+03 8.799783022082574568e-02 1.668183887118798447e-01 8.072371415566681474e-01 1.137915339098771066e-04 2.583067819754210348e-02 0.000000000000000000e+00
2.225000000000000000e+03 8.899780556424419231e-02 1.814974965862539702e-01 7.861857077833409591e-01 0.000000000000000000e+00 3.231679563040509851e-02 0.000000000000000000e+00
2.250000000000000000e+03 8.999778090766263894e-02 1.968593536640873831e-01 7.667273554847519046e-01 1.137915339098771066e-04 3.629949931725079404e-02 0.000000000000000000e+00
2.275000000000000000e+03 9.099775625108130761e-02 2.041420118343195145e-01 7.497724169321802190e-01 1.137915339098771066e-04 4.597177969959034827e-02 0.000000000000000000e+00
2.300000000000000000e+03 9.199773159449975424e-02 2.195038689121529274e-01 7.265589440145653333e-01 3.413746017296313199e-04 5.359581247155211642e-02 0.000000000000000000e+00
2.325000000000000000e+03 9.299770693791820086e-02 2.477241693218024676e-01 6.853664087391898585e-01 1.024123805188893906e-03 6.588529813381883982e-02 0.000000000000000000e+00
2.350000000000000000e+03 9.399768228133664749e-02 2.726445152480655443e-01 6.439462903959944917e-01 1.024123805188893906e-03 8.238507055075101893e-02 0.000000000000000000e+00
2.375000000000000000e+03 9.499765762475509412e-02 2.776513427401001155e-01 6.261948111060536837e-01 1.479289940828402332e-03 9.467455621301774926e-02 0.000000000000000000e+00
2.400000000000000000e+03 9.599763296817354075e-02 2.913063268092853653e-01 5.939918070095584479e-01 2.275830678197541916e-03 1.124260355029585851e-01 0.000000000000000000e+00
2.425000000000000000e+03 9.699760831159198737e-02 3.095129722348657353e-01 5.557578516158397930e-01 3.413746017296313308e-03 1.313154301319981732e-01 0.000000000000000000e+00
2.450000000000000000e+03 9.799758365501043400e-02 3.255575785161584079e-01 5.120619025944469493e-01 4.210286754665453109e-03 1.581702321347291662e-01 0.000000000000000000e+00
2.475000000000000000e+03 9.899755899842910267e-02 3.203231679563040557e-01 4.797451069640418786e-01 4.551661356395083832e-03 1.953800637232590010e-01 0.000000000000000000e+00
2.500000000000000000e+03 9.999753434184754930e-02 3.429676832043696000e-01 4.375284478834774449e-01 5.006827492034592909e-03 2.144970414201183562e-01 0.000000000000000000e+00
2.525000000000000000e+03 1.009975096852659959e-01 3.596950386891215046e-01 4.013427401001365413e-01 8.420573509330906217e-03 2.305416477014110288e-01 0.000000000000000000e+00
2.550000000000000000e+03 1.019974850286844426e-01 3.576467910787437532e-01 3.793809740555302845e-01 1.228948566226672687e-02 2.506827492034592875e-01 0.000000000000000000e+00
2.575000000000000000e+03 1.029974603721028892e-01 3.683431952662721831e-01 3.451297223486572419e-01 1.297223486572599005e-02 2.735548475193445572e-01 0.000000000000000000e+00
2.600000000000000000e+03 1.039974357155213358e-01 3.609467455621301890e-01 3.313609467455621571e-01 1.820664542558033533e-02 2.894856622667273394e-01 0.000000000000000000e+00
2.625000000000000000e+03 1.049974110589397824e-01 3.602639963586709015e-01 3.174783796085571264e-01 1.945835229858898507e-02 3.027992717341829731e-01 0.000000000000000000e+00
2.650000000000000000e+03 1.059973864023584511e-01 3.500227583067819781e-01 3.119025944469731582e-01 2.162039144287665124e-02 3.164542558033682229e-01 0.000000000000000000e+00
2.675000000000000000e+03 1.069973617457768977e-01 3.512744651797906070e-01 3.014337733272644537e-01 2.560309512972235024e-02 3.216886663632225751e-01 0.000000000000000000e+00
2.700000000000000000e+03 1.079973370891953444e-01 3.546882111970869333e-01 2.866408739189804100e-01 3.038233955393718558e-02 3.282885753299954468e-01 0.000000000000000000e+00
2.725000000000000000e+03 1.089973124326137910e-01 3.543468365953573174e-01 2.743513882567136797e-01 2.913063268092853930e-02 3.421711424670004775e-01 0.000000000000000000e+00
2.750000000000000000e+03 1.099972877760322376e-01 3.807464724624488039e-01 2.511379153390987939e-01 3.561675011379153433e-02 3.324988620846608955e-01 0.000000000000000000e+00
2.775000000000000000e+03 1.109972631194506842e-01 3.550295857988165493e-01 2.441966317705962786e-01 3.800637232589895026e-02 3.627674101046882149e-01 0.000000000000000000e+00
2.800000000000000000e+03 1.119972384628691309e-01 3.689121529358215801e-01 2.249658625398270329e-01 4.301319981793354230e-02 3.631087847064178309e-01 0.000000000000000000e+00
2.825000000000000000e+03 1.129972138062875775e-01 3.817705962676377074e-01 2.121074192080109333e-01 5.166135639508420696e-02 3.544606281292672079e-01 0.000000000000000000e+00
2.850000000000000000e+03 1.139971891497062462e-01 3.829085116067364458e-01 2.033454710969503920e-01 6.133363677742376119e-02 3.524123805188894010e-01 0.000000000000000000e+00
2.875000000000000000e+03 1.149971644931246928e-01 3.966772872098315861e-01 1.853664087391898030e-01 6.258534365043240399e-02 3.553709604005462208e-01 0.000000000000000000e+00
2.900000000000000000e+03 1.159971398365431394e-01 3.832498862084661173e-01 1.837733272644515303e-01 7.020937642239417908e-02 3.627674101046882149e-01 0.000000000000000000e+00
2.925000000000000000e+03 1.169971151799615861e-01 3.961083295402821891e-01 1.646563495675921751e-01 7.521620391442876419e-02 3.640191169776968438e-01 0.000000000000000000e+00
2.950000000000000000e+03 1.179970905233800327e-01 4.090805644060082069e-01 1.524806554392353075e-01 8.170232134729175921e-02 3.567364588074647402e-01 0.000000000000000000e+00
2.975000000000000000e+03 1.189970658667984793e-01 4.024806554392353353e-01 1.409877105143377274e-01 8.705052344105598805e-02 3.694811106053709771e-01 0.000000000000000000e+00
3.000000000000000000e+03 1.199970412102169259e-01 3.962221210741920796e-01 1.341602184797451025e-01 9.103322712790168358e-02 3.785844333181611066e-01 0.000000000000000000e+00
3.025000000000000000e+03 1.209970165536353726e-01 4.104460628129267263e-01 1.241465634956759184e-01 9.615384615384615918e-02 3.692535275375511961e-01 0.000000000000000000e+00
3.050000000000000000e+03 1.219969918970540412e-01 4.134046426945835462e-01 1.168639053254437871e-01 9.968138370505234824e-02 3.700500682749203185e-01 0.000000000000000000e+00
3.075000000000000000e+03 1.229969672404724879e-01 4.077150659990896875e-01 1.099226217569412856e-01 9.877105143377332142e-02 3.835912608101957333e-01 0.000000000000000000e+00
3.100000000000000000e+03 1.239969425838909345e-01 4.228493400091033472e-01 1.053709604005461931e-01 1.041192535275375503e-01 3.676604460628129512e-01 0.000000000000000000e+00
3.125000000000000000e+03 1.249969179273093811e-01 4.229631315430131822e-01 9.842967683204369156e-02 1.027537551206190308e-01 3.758534365043240677e-01 0.000000000000000000e+00
3.150000000000000000e+03 1.259968932707278277e-01 4.171597633136094885e-01 9.353664087391898307e-02 1.140191169776968577e-01 3.752844788347746707e-01 0.000000000000000000e+00
3.175000000000000000e+03 1.269968686141462744e-01 4.345698680018206805e-01 8.614019116977697510e-02 1.134501593081474746e-01 3.658397815202548697e-01 0.000000000000000000e+00
3.200000000000000000e+03 1.279968439575647210e-01 4.260355029585798925e-01 8.944014565316341092e-02 1.241465634956759184e-01 3.603777878925807920e-01 0.000000000000000000e+00
3.225000000000000000e+03 1.289968193009831676e-01 4.384387801547565133e-01 9.057806099226217711e-02 1.269913518434228616e-01 3.439918070095585034e-01 0.000000000000000000e+00
3.250000000000000000e+03 1.299967946444018363e-01 4.327492034592626546e-01 9.911242603550296515e-02 1.242603550295857950e-01 3.438780154756486129e-01 0.000000000000000000e+00
3.275000000000000000e+03 1.309967699878202829e-01 4.387801547564861293e-01 9.285389167045972336e-02 1.300637232589895442e-01 3.383022303140646447e-01 0.000000000000000000e+00
3.300000000000000000e+03 1.319967453312387295e-01 4.428766499772416876e-01 9.296768320436959998e-02 1.436049157942649035e-01 3.205507510241237812e-01 0.000000000000000000e+00
3.325000000000000000e+03 1.329967206746571762e-01 4.533454710969503920e-01 8.716431497496586467e-02 1.424670004551661373e-01 3.170232134729176199e-01 0.000000000000000000e+00
3.350000000000000000e+03 1.339966960180756228e-01 4.485662266727355463e-01 9.012289485662267063e-02 1.532771961766044577e-01 3.080336822940373254e-01 0.000000000000000000e+00
3.375000000000000000e+03 1.349966713614940694e-01 4.539144287664997890e-01 8.397815202548930547e-02 1.488393263541192557e-01 3.132680928538916776e-01 0.000000000000000000e+00
3.400000000000000000e+03 1.359966467049125161e-01 4.611970869367318926e-01 7.783340919435594030e-02 1.474738279472007363e-01 3.134956759217114031e-01 0.000000000000000000e+00
3.425000000000000000e+03 1.369966220483309627e-01 4.600591715976331542e-01 8.079198907601274626e-02 1.491807009558488717e-01 3.099681383705052418e-01 0.000000000000000000e+00
3.450000000000000000e+03 1.379965973917496314e-01 4.634729176149294250e-01 7.988165680473373331e-02 1.510013654984069253e-01 3.056440600819299025e-01 0.000000000000000000e+00
3.475000000000000000e+03 1.389965727351680780e-01 4.639280837505689314e-01 7.316795630405098505e-02 1.564633591260810308e-01 3.064406008192990249e-01 0.000000000000000000e+00
3.500000000000000000e+03 1.399965480785865246e-01 4.676832043695949293e-01 7.601274465179790052e-02 1.604460628129267263e-01 2.958579881656804855e-01 0.000000000000000000e+00
3.525000000000000000e+03 1.409965234220049712e-01 4.707555757851615841e-01 6.918525261720527564e-02 1.655666818388711881e-01 2.944924897587619661e-01 0.000000000000000000e+00
3.550000000000000000e+03 1.419964987654234179e-01 4.697314519799726806e-01 6.929904415111515226e-02 1.667045971779699542e-01 2.942649066909421851e-01 0.000000000000000000e+00
3.575000000000000000e+03 1.429964741088418645e-01 4.943104233045061413e-01 6.645425580336822291e-02 1.647701411015020379e-01 2.744651797906235702e-01 0.000000000000000000e+00
3.600000000000000000e+03 1.439964494522603111e-01 4.845243513882567243e-01 6.554392353208920996e-02 1.705735093309057870e-01 2.793582157487483064e-01 0.000000000000000000e+00
3.625000000000000000e+03 1.449964247956787577e-01 4.895311788802912956e-01 6.417842512517069054e-02 1.741010468821119761e-01 2.721893491124260378e-01 0.000000000000000000e+00
3.650000000000000000e+03 1.459964001390974264e-01 4.914656349567592120e-01 6.474738279472007363e-02 1.738734638142922229e-01 2.699135184342285054e-01 0.000000000000000000e+00
3.675000000000000000e+03 1.469963754825158730e-01 5.145653163404643182e-01 6.247155211652252738e-02 1.758079198907601393e-01 2.471552116522530707e-01 0.000000000000000000e+00
3.700000000000000000e+03 1.479963508259343197e-01 4.956759217114246607e-01 6.429221665908056715e-02 1.817250796540737234e-01 2.583067819754210070e-01 0.000000000000000000e+00
3.725000000000000000e+03 1.489963261693527663e-01 5.089895311788802390e-01 6.804733727810650945e-02 1.843422849340008995e-01 2.386208466090122826e-01 0.000000000000000000e+00
3.750000000000000000e+03 1.499963015127712129e-01 5.105826126536185949e-01 6.770596267637687959e-02 1.903732362312244020e-01 2.313381884387801513e-01 0.000000000000000000e+00
3.775000000000000000e+03 1.509962768561896596e-01 5.094446973145198010e-01 6.645425580336822291e-02 2.033454710969503920e-01 2.207555757851615841e-01 0.000000000000000000e+00
3.800000000000000000e+03 1.519962521996081062e-01 5.271961766044606090e-01 6.417842512517069054e-02 1.989076012744651900e-01 2.097177969959035104e-01 0.000000000000000000e+00
3.825000000000000000e+03 1.529962275430267749e-01 5.301547564861174289e-01 6.121984524351388457e-02 1.989076012744651900e-01 2.097177969959035104e-01 0.000000000000000000e+00
3.850000000000000000e+03 1.539962028864452215e-01 5.277651342740100615e-01 6.451979972690032039e-02 2.096040054619936199e-01 1.981110605370960398e-01 0.000000000000000000e+00
3.875000000000000000e+03 1.549961782298636681e-01 5.137687756030950847e-01 6.520254893035958010e-02 2.174556213017751483e-01 2.035730541647701453e-01 0.000000000000000000e+00
3.900000000000000000e+03 1.559961535732821147e-01 5.142239417387346467e-01 6.304050978607191047e-02 2.157487482931269851e-01 2.069868001820664438e-01 0.000000000000000000e+00
3.925000000000000000e+03 1.569961289167005614e-01 5.281065088757396220e-01 6.645425580336822291e-02 2.135867091488393155e-01 1.918525261720528119e-01 0.000000000000000000e+00
3.950000000000000000e+03 1.579961042601190080e-01 5.444924897587619661e-01 6.884387801547564578e-02 2.164314974965862448e-01 1.702321347291761433e-01 0.000000000000000000e+00
3.975000000000000000e+03 1.589960796035374546e-01 5.325443786982249073e-01 6.725079654073737312e-02 2.274692762858443462e-01 1.727355484751934567e-01 0.000000000000000000e+00
4.000000000000000000e+03 1.599960549469559012e-01 5.307237141556667703e-01 7.248520710059171146e-02 2.309968138370505353e-01 1.657942649066909413e-01 0.000000000000000000e+00
4.025000000000000000e+03 1.609960302903745699e-01 5.360719162494310686e-01 7.066454255803368556e-02 2.328174783796085612e-01 1.604460628129267263e-01 0.000000000000000000e+00
4.050000000000000000e+03 1.619960056337930165e-01 5.508648156577150568e-01 7.305416477014110843e-02 2.226900318616295005e-01 1.533909877105143482e-01 0.000000000000000000e+00
4.075000000000000000e+03 1.629959809772114632e-01 5.550751024123805610e-01 7.043695949021393232e-02 2.316795630405097950e-01 1.428083750568957533e-01 0.000000000000000000e+00
4.100000000000000000e+03 1.639959563206299098e-01 5.496131087847063723e-01 7.328174783796086167e-02 2.372553482020937632e-01 1.398497951752389612e-01 0.000000000000000000e+00
4.125000000000000000e+03 1.649959316640483564e-01 5.554164770141101215e-01 7.737824305871643382e-02 2.395311788802912956e-01 1.276741010468821214e-01 0.000000000000000000e+00
4.150000000000000000e+03 1.659959070074668031e-01 5.555302685480200120e-01 7.783340919435594030e-02 2.430587164314974846e-01 1.235776058261265353e-01 0.000000000000000000e+00
4.175000000000000000e+03 1.669958823508852497e-01 5.590578060992261733e-01 7.954028220300408958e-02 2.441966317705962786e-01 1.172052799271734169e-01 0.000000000000000000e+00
4.200000000000000000e+03 1.679958576943036963e-01 5.456304050978607600e-01 8.147473827947200598e-02 2.527309968138370389e-01 1.201638598088302229e-01 0.000000000000000000e+00
4.225000000000000000e+03 1.689958330377223650e-01 5.493855257168867023e-01 7.999544833864360993e-02 2.535275375512062168e-01 1.170914883932635403e-01 0.000000000000000000e+00
4.250000000000000000e+03 1.699958083811408116e-01 5.616750113791534327e-01 8.352298588984979899e-02 2.520482476103778069e-01 1.027537551206190308e-01 0.000000000000000000e+00
4.275000000000000000e+03 1.709957837245592582e-01 5.631543013199817871e-01 8.067819754210286964e-02 2.468138370505234547e-01 1.093536640873919025e-01 0.000000000000000000e+00
4.300000000000000000e+03 1.719957590679777049e-01 5.670232134729176199e-01 8.215748748293126569e-02 2.517068730086481354e-01 9.911242603550296515e-02 0.000000000000000000e+00
4.325000000000000000e+03 1.729957344113961515e-01 5.571233500227582569e-01 8.386436049157942885e-02 2.564861174328629811e-01 1.025261720527992776e-01 0.000000000000000000e+00
4.350000000000000000e+03 1.739957097548145981e-01 5.622439690487027741e-01 8.500227583067819503e-02 2.544378698224852298e-01 9.831588529813381494e-02 0.000000000000000000e+00
4.375000000000000000e+03 1.749956850982330447e-01 5.619025944469731026e-01 8.830223031406463086e-02 2.555757851615839682e-01 9.421939007737824279e-02 0.000000000000000000e+00
4.400000000000000000e+03 1.759956604416514914e-01 5.609922621756940897e-01 9.228493400091032639e-02 2.618343195266272239e-01 8.488848429676831842e-02 0.000000000000000000e+00
4.425000000000000000e+03 1.769956357850701600e-01 5.654301319981793750e-01 9.478834774692762588e-02 2.546654528903049552e-01 8.511606736458807165e-02 0.000000000000000000e+00
4.450000000000000000e+03 1.779956111284886067e-01 5.638370505234410190e-01 9.740555302685480199e-02 2.578516158397815006e-01 8.090578060992262288e-02 0.000000000000000000e+00
4.475000000000000000e+03 1.789955864719070533e-01 5.751024123805188459e-01 9.638142922166591242e-02 2.528447883477469293e-01 7.567137005006827066e-02 0.000000000000000000e+00
4.500000000000000000e+03 1.799955618153254999e-01 5.601957214383249672e-01 1.070778334091943562e-01 2.621756941283568398e-01 7.055075102412380894e-02 0.000000000000000000e+00
4.525000000000000000e+03 1.809955371587439465e-01 5.700955848884843302e-01 1.112881201638598050e-01 2.558033682294037492e-01 6.281292671825215723e-02 0.000000000000000000e+00
4.550000000000000000e+03 1.819955125021623932e-01 5.679335457441966328e-01 1.115157032316795582e-01 2.537551206190259423e-01 6.679563040509786664e-02 0.000000000000000000e+00
4.575000000000000000e+03 1.829954878455808398e-01 5.664542558033682784e-01 1.147018661811561174e-01 2.578516158397815006e-01 6.099226217569413133e-02 0.000000000000000000e+00
4.600000000000000000e+03 1.839954631889992864e-01 5.710059171597633432e-01 1.169776968593536637e-01 2.513654984069185194e-01 6.065088757396449454e-02 0.000000000000000000e+00
4.625000000000000000e+03 1.849954385324179551e-01 5.703231679563040002e-01 1.215293582157487423e-01 2.506827492034592875e-01 5.746472462448793533e-02 0.000000000000000000e+00
4.650000000000000000e+03 1.859954138758364017e-01 5.686162949476558648e-01 1.202776513427400995e-01 2.518206645425580259e-01 5.928538916704597511e-02 0.000000000000000000e+00
4.675000000000000000e+03 1.869953892192548484e-01 5.685025034137459743e-01 1.236913973600364119e-01 2.489758761948110966e-01 5.883022303140646170e-02 0.000000000000000000e+00
4.700000000000000000e+03 1.879953645626732950e-01 5.770368684569867623e-01 1.236913973600364119e-01 2.459035047792444140e-01 5.336822940373236318e-02 0.000000000000000000e+00
4.725000000000000000e+03 1.889953399060917416e-01 5.781747837960855563e-01 1.230086481565771522e-01 2.416932180245789652e-01 5.712335002275830548e-02 0.000000000000000000e+00
4.750000000000000000e+03 1.899953152495101882e-01 5.878470641784251383e-01 1.227810650887573990e-01 2.405553026854801990e-01 4.881656804733727761e-02 0.000000000000000000e+00
4.775000000000000000e+03 1.909952905929286349e-01 5.764679107874374209e-01 1.253982703686845612e-01 2.459035047792444140e-01 5.223031406463359005e-02 0.000000000000000000e+00
4.800000000000000000e+03 1.919952659363470815e-01 5.764679107874374209e-01 1.235776058261265353e-01 2.455621301775147980e-01 5.439235320892125969e-02 0.000000000000000000e+00
4.825000000000000000e+03 1.929952412797657502e-01 5.845471096950386469e-01 1.252844788347746985e-01 2.390760127446517891e-01 5.109239872553481693e-02 0.000000000000000000e+00
4.850000000000000000e+03 1.939952166231841968e-01 5.934228493400091065e-01 1.232362312243969055e-01 2.353208921256258468e-01 4.802002730996814128e-02 0.000000000000000000e+00
4.875000000000000000e+03 1.949951919666026434e-01 5.897815202548930547e-01 1.282430587164314906e-01 2.344105598543468338e-01 4.756486117432862787e-02 0.000000000000000000e+00
4.900000000000000000e+03 1.959951673100210900e-01 5.862539827036868934e-01 1.292671825216203940e-01 2.387346381429221731e-01 4.574419663177059503e-02 0.000000000000000000e+00
4.925000000000000000e+03 1.969951426534395367e-01 5.939918070095584479e-01 1.267637687756031084e-01 2.332726445152480677e-01 4.597177969959034827e-02 0.000000000000000000e+00
4.950000000000000000e+03 1.979951179968579833e-01 5.968365953573053773e-01 1.279016841147018746e-01 2.335002275830678209e-01 4.176149294492489950e-02 0.000000000000000000e+00
4.975000000000000000e+03 1.989950933402764299e-01 5.949021392808374609e-01 1.274465179790623681e-01 2.342967683204369711e-01 4.335457441966317910e-02 0.000000000000000000e+00
5.000000000000000000e+03 1.999950686836948766e-01 5.979745106964041712e-01 1.282430587164314906e-01 2.283796085571233592e-01 4.540282203004096517e-02 0.000000000000000000e+00
5.025000000000000000e+03 2.009950440271135452e-01 5.938780154756485574e-01 1.296085571233500100e-01 2.290623577605826189e-01 4.745106964041875125e-02 0.000000000000000000e+00
5.050000000000000000e+03 2.019950193705319919e-01 5.879608557123350288e-01 1.314292216659080637e-01 2.366863905325443662e-01 4.392353208921256219e-02 0.000000000000000000e+00
5.075000000000000000e+03 2.029949947139504385e-01 5.864815657715065633e-01 1.346153846153846090e-01 2.324761037778789174e-01 4.642694583522986168e-02 0.000000000000000000e+00
5.100000000000000000e+03 2.039949700573688851e-01 5.888711879836140417e-01 1.338188438780154865e-01 2.330450614474283144e-01 4.426490669094219205e-02 0.000000000000000000e+00
5.125000000000000000e+03 2.049949454007873317e-01 5.961538461538461453e-01 1.330223031406463363e-01 2.317933545744196577e-01 3.903049613108784677e-02 0.000000000000000000e+00
5.150000000000000000e+03 2.059949207442057784e-01 5.910332271279017391e-01 1.351843422849340060e-01 2.324761037778789174e-01 4.130632680928538608e-02 0.000000000000000000e+00
5.175000000000000000e+03 2.069948960876242250e-01 5.862539827036868934e-01 1.363222576240327721e-01 2.415794264906691025e-01 3.584433318161128756e-02 0.000000000000000000e+00
5.200000000000000000e+03 2.079948714310428937e-01 5.878470641784251383e-01 1.430359581247155343e-01 2.327036868456986707e-01 3.641329085116067066e-02 0.000000000000000000e+00
5.225000000000000000e+03 2.089948467744613403e-01 5.909194355939918486e-01 1.456531634046426826e-01 2.300864815657714946e-01 3.334091943559399501e-02 0.000000000000000000e+00
5.250000000000000000e+03 2.099948221178797869e-01 5.958124715521164738e-01 1.417842512517068776e-01 2.257624032771961831e-01 3.664087391898043083e-02 0.000000000000000000e+00
5.275000000000000000e+03 2.109947974612982335e-01 6.011606736458807720e-01 1.412152935821574806e-01 2.226900318616295005e-01 3.493400091033227461e-02 0.000000000000000000e+00
5.300000000000000000e+03 2.119947728047166802e-01 6.015020482476103325e-01 1.409877105143377274e-01 2.250796540737369233e-01 3.243058716431497512e-02 0.000000000000000000e+00
5.325000000000000000e+03 2.129947481481351268e-01 6.026399635867091265e-01 1.393946290395994547e-01 2.233727810650887602e-01 3.459262630860263782e-02 0.000000000000000000e+00
5.350000000000000000e+03 2.139947234915535734e-01 6.008192990441511006e-01 1.455393718707328199e-01 2.215521165225307343e-01 3.208921256258534527e-02 0.000000000000000000e+00
5.375000000000000000e+03 2.149946988349720201e-01 6.016158397815202230e-01 1.488393263541192557e-01 2.168866636322257513e-01 3.265817023213472836e-02 0.000000000000000000e+00
5.400000000000000000e+03 2.159946741783906887e-01 6.052571688666362748e-01 1.467910787437414766e-01 2.159763313609467383e-01 3.197542102867546865e-02 0.000000000000000000e+00
5.425000000000000000e+03 2.169946495218091354e-01 6.103777878925807920e-01 1.424670004551661373e-01 2.162039144287664916e-01 3.095129722348657214e-02 0.000000000000000000e+00
5.450000000000000000e+03 2.179946248652275820e-01 6.067364588074647402e-01 1.440600819299044100e-01 2.196176604460628179e-01 2.958579881656804578e-02 0.000000000000000000e+00
5.475000000000000000e+03 2.189946002086460286e-01 6.100364132908511205e-01 1.444014565316340537e-01 2.165452890304961353e-01 2.901684114701866268e-02 0.000000000000000000e+00
5.500000000000000000e+03 2.199945755520644752e-01 6.128812016385980499e-01 1.474738279472007363e-01 2.109695038689121394e-01 2.867546654528902936e-02 0.000000000000000000e+00
5.525000000000000000e+03 2.209945508954829219e-01 6.092398725534819981e-01 1.502048247610377751e-01 2.121074192080109333e-01 2.844788347746927612e-02 0.000000000000000000e+00
5.550000000000000000e+03 2.219945262389013685e-01 5.984296768320437332e-01 1.507737824305871721e-01 2.184797451069640517e-01 3.231679563040509851e-02 0.000000000000000000e+00
5.575000000000000000e+03 2.229945015823198151e-01 6.117432862994993670e-01 1.480427856167501055e-01 2.100591715976331264e-01 3.015475648611743234e-02 0.000000000000000000e+00
5.600000000000000000e+03 2.239944769257384838e-01 6.120846609012289274e-01 1.511151570323167881e-01 2.097177969959035104e-01 2.708238507055074976e-02 0.000000000000000000e+00
5.625000000000000000e+03 2.249944522691569304e-01 6.098088302230314506e-01 1.550978607191624836e-01 2.081247155211652378e-01 2.696859353664087314e-02 0.000000000000000000e+00
5.650000000000000000e+03 2.259944276125753770e-01 6.110605370960400240e-01 1.535047792444242110e-01 2.056213017751479244e-01 2.981338188438780248e-02 0.000000000000000000e+00
5.675000000000000000e+03 2.269944029559938237e-01 6.119708693673190369e-01 1.563495675921711403e-01 2.051661356395084179e-01 2.651342740100136666e-02 0.000000000000000000e+00
