# itime ezz other fcc hcp bcc ico
0.000000000000000000e+00 0.000000000000000000e+00 7.965407373691396923e-04 9.992034592626308775e-01 0.000000000000000000e+00 0.000000000000000000e+00 0.000000000000000000e+00
2.500000000000000000e+01 9.999498401760398281e-04 7.965407373691396923e-04 9.992034592626308775e-01 0.000000000000000000e+00 0.000000000000000000e+00 0.000000000000000000e+00
5.000000000000000000e+01 1.999899680352079656e-03 1.365498406918525280e-03 9.986345015930814251e-01 0.000000000000000000e+00 0.000000000000000000e+00 0.000000000000000000e+00
7.500000000000000000e+01 2.999849520528119484e-03 1.137915339098771066e-04 9.998862084660901095e-01 0.000000000000000000e+00 0.000000000000000000e+00 0.000000000000000000e+00
1.000000000000000000e+02 3.999799360704159312e-03 7.965407373691396923e-04 9.992034592626308775e-01 0.000000000000000000e+00 0.000000000000000000e+00 0.000000000000000000e+00
1.250000000000000000e+02 4.999749200879977096e-03 1.251706873008648227e-03 9.987482931269913156e-01 0.000000000000000000e+00 0.000000000000000000e+00 0.000000000000000000e+00
1.500000000000000000e+02 5.999699041056016924e-03 2.275830678197542133e-04 9.997724169321802190e-01 0.000000000000000000e+00 0.000000000000000000e+00 0.000000000000000000e+00
1.750000000000000000e+02 6.999648881232056752e-03 1.820664542558033706e-03 9.981793354574419741e-01 0.000000000000000000e+00 0.000000000000000000e+00 0.000000000000000000e+00
2.000000000000000000e+02 7.999598721408096580e-03 3.413746017296313199e-04 9.996586253982703285e-01 0.000000000000000000e+00 0.000000000000000000e+00 0.000000000000000000e+00
2.250000000000000000e+02 8.999548561584136408e-03 1.934456076467910759e-03 9.980655439235320836e-01 0.000000000000000000e+00 0.000000000000000000e+00 0.000000000000000000e+00
2.500000000000000000e+02 9.999498401760176236e-03 1.024123805188893906e-03 9.989758761948110966e-01 0.000000000000000000e+00 0.000000000000000000e+00 0.000000000000000000e+00
2.750000000000000000e+02 1.099944824193621606e-02 1.479289940828402332e-03 9.985207100591716456e-01 0.000000000000000000e+00 0.000000000000000000e+00 0.000000000000000000e+00
3.000000000000000000e+02 1.199939808211225589e-02 9.103322712790168532e-04 9.990896677287209870e-01 0.000000000000000000e+00 0.000000000000000000e+00 0.000000000000000000e+00
3.250000000000000000e+02 1.299934792228829572e-02 1.934456076467910759e-03 9.980655439235320836e-01 0.000000000000000000e+00 0.000000000000000000e+00 0.000000000000000000e+00
3.500000000000000000e+02 1.399929776246433555e-02 1.706873008648156654e-03 9.982931269913518646e-01 0.000000000000000000e+00 0.000000000000000000e+00 0.000000000000000000e+00
3.750000000000000000e+02 1.499924760264015333e-02 1.137915339098770958e-03 9.988620846609012061e-01 0.000000000000000000e+00 0.000000000000000000e+00 0.000000000000000000e+00
4.000000000000000000e+02 1.599919744281619316e-02 6.827492034592626399e-04 9.993172507965407680e-01 0.000000000000000000e+00 0.000000000000000000e+00 0.000000000000000000e+00
4.250000000000000000e+02 1.699914728299223299e-02 2.162039144287664864e-03 9.978379608557123026e-01 0.000000000000000000e+00 0.000000000000000000e+00 0.000000000000000000e+00
4.500000000000000000e+02 1.799909712316827282e-02 1.251706873008648227e-03 9.987482931269913156e-01 0.000000000000000000e+00 0.000000000000000000e+00 0.000000000000000000e+00
4.750000000000000000e+02 1.899904696334431264e-02 1.593081474738279385e-03 9.984069185252617551e-01 0.000000000000000000e+00 0.000000000000000000e+00 0.000000000000000000e+00
5.000000000000000000e+02 1.999899680352035247e-02 1.137915339098770958e-03 9.988620846609012061e-01 0.000000000000000000e+00 0.000000000000000000e+00 0.000000000000000000e+00
5.250000000000000000e+02 2.099894664369639230e-02 2.162039144287664864e-03 9.978379608557123026e-01 0.000000000000000000e+00 0.000000000000000000e+00 0.000000000000000000e+00
5.500000000000000000e+02 2.199889648387243213e-02 2.503413746017296455e-03 9.973827947200728516e-01 0.000000000000000000e+00 1.137915339098771066e-04 0.000000000000000000e+00
5.750000000000000000e+02 2.299884632404847196e-02 1.593081474738279385e-03 9.982931269913518646e-01 0.000000000000000000e+00 1.137915339098771066e-04 0.000000000000000000e+00
6.000000000000000000e+02 2.399879616422428974e-02 2.617205279927173507e-03 9.972690031861629611e-01 0.000000000000000000e+00 1.137915339098771066e-04 0.000000000000000000e+00
6.250000000000000000e+02 2.499874600440032957e-02 1.934456076467910759e-03 9.980655439235320836e-01 0.000000000000000000e+00 0.000000000000000000e+00 0.000000000000000000e+00
6.500000000000000000e+02 2.599869584457636940e-02 1.934456076467910759e-03 9.980655439235320836e-01 0.000000000000000000e+00 0.000000000000000000e+00 0.000000000000000000e+00
6.750000000000000000e+02 2.699864568475240922e-02 3.072371415566681717e-03 9.969276285844332897e-01 0.000000000000000000e+00 0.000000000000000000e+00 0.000000000000000000e+00
7.000000000000000000e+02 2.799859552492844905e-02 4.096495220755575623e-03 9.957897132453344957e-01 0.000000000000000000e+00 1.137915339098771066e-04 0.000000000000000000e+00
7.250000000000000000e+02 2.899854536510448888e-02 2.617205279927173507e-03 9.973827947200728516e-01 0.000000000000000000e+00 0.000000000000000000e+00 0.000000000000000000e+00
7.500000000000000000e+02 2.999849520528052871e-02 4.779244424214838804e-03 9.951069640418752638e-01 0.000000000000000000e+00 1.137915339098771066e-04 0.000000000000000000e+00
7.750000000000000000e+02 3.099844504545656854e-02 7.624032771961766417e-03 9.921483841602184439e-01 0.000000000000000000e+00 2.275830678197542133e-04 0.000000000000000000e+00
8.000000000000000000e+02 3.199839488563260836e-02 8.079198907601274626e-03 9.914656349567592120e-01 0.000000000000000000e+00 4.551661356395084266e-04 0.000000000000000000e+00
8.250000000000000000e+02 3.299834472580842615e-02 5.575785161583977738e-03 9.941966317705962508e-01 0.000000000000000000e+00 2.275830678197542133e-04 0.000000000000000000e+00
8.500000000000000000e+02 3.399829456598446598e-02 4.779244424214838804e-03 9.951069640418752638e-01 0.000000000000000000e+00 1.137915339098771066e-04 0.000000000000000000e+00
8.750000000000000000e+02 3.499824440616050580e-02 7.055075102412380721e-03 9.928311333636777869e-01 0.000000000000000000e+00 1.137915339098771066e-04 0.000000000000000000e+00
9.000000000000000000e+02 3.599819424633654563e-02 5.348202093764223633e-03 9.945380063723259223e-01 0.000000000000000000e+00 1.137915339098771066e-04 0.000000000000000000e+00
9.250000000000000000e+02 3.699814408651258546e-02 4.665452890304961318e-03 9.951069640418752638e-01 0.000000000000000000e+00 2.275830678197542133e-04 0.000000000000000000e+00
9.500000000000000000e+02 3.799809392668862529e-02 8.648156577150659455e-03 9.912380518889394310e-01 0.000000000000000000e+00 1.137915339098771066e-04 0.000000000000000000e+00
9.750000000000000000e+02 3.899804376686466512e-02 4.437869822485207214e-03 9.953345471096950448e-01 0.000000000000000000e+00 2.275830678197542133e-04 0.000000000000000000e+00
1.000000000000000000e+03 3.999799360704070494e-02 9.786071916249430847e-03 9.902139280837505275e-01 0.000000000000000000e+00 0.000000000000000000e+00 0.000000000000000000e+00
1.025000000000000000e+03 4.099794344721674477e-02 5.348202093764223633e-03 9.945380063723259223e-01 0.000000000000000000e+00 1.137915339098771066e-04 0.000000000000000000e+00
1.050000000000000000e+03 4.199789328739278460e-02 6.713700500682749130e-03 9.931725079654073474e-01 0.000000000000000000e+00 1.137915339098771066e-04 0.000000000000000000e+00
1.075000000000000000e+03 4.299784312756860238e-02 1.035502958579881741e-02 9.894173873463814051e-01 0.000000000000000000e+00 2.275830678197542133e-04 0.000000000000000000e+00
1.100000000000000000e+03 4.399779296774464221e-02 1.069640418752844727e-02 9.890760127446518446e-01 0.000000000000000000e+00 2.275830678197542133e-04 0.000000000000000000e+00
1.125000000000000000e+03 4.499774280792068204e-02 9.444697314519799256e-03 9.903277196176604180e-01 0.000000000000000000e+00 2.275830678197542133e-04 0.000000000000000000e+00
1.150000000000000000e+03 4.599769264809672187e-02 1.536185707783340945e-02 9.842967683204369989e-01 0.000000000000000000e+00 3.413746017296313199e-04 0.000000000000000000e+00
1.175000000000000000e+03 4.699764248827276170e-02 1.274465179790623508e-02 9.871415566681839282e-01 0.000000000000000000e+00 1.137915339098771066e-04 0.000000000000000000e+00
1.200000000000000000e+03 4.799759232844880152e-02 1.558944014565316269e-02 9.835002275830677654e-01 0.000000000000000000e+00 9.103322712790168532e-04 0.000000000000000000e+00
1.225000000000000000e+03 4.899754216862484135e-02 1.285844333181611343e-02 9.866863905325443662e-01 0.000000000000000000e+00 4.551661356395084266e-04 0.000000000000000000e+00
1.250000000000000000e+03 4.999749200880088118e-02 1.217569412835685025e-02 9.872553482020938187e-01 0.000000000000000000e+00 5.689576695493854790e-04 0.000000000000000000e+00
1.275000000000000000e+03 5.099744184897692101e-02 1.570323167956303931e-02 9.839553937187073274e-01 0.000000000000000000e+00 3.413746017296313199e-04 0.000000000000000000e+00
1.300000000000000000e+03 5.199739168915273879e-02 2.082385070550751144e-02 9.781520254893035782e-01 0.000000000000000000e+00 1.024123805188893906e-03 0.000000000000000000e+00
1.325000000000000000e+03 5.299734152932877862e-02 1.741010468821119553e-02 9.820209376422394110e-01 0.000000000000000000e+00 5.689576695493854790e-04 0.000000000000000000e+00
1.350000000000000000e+03 5.399729136950481845e-02 1.820664542558033533e-02 9.808830223031406170e-01 0.000000000000000000e+00 9.103322712790168532e-04 0.000000000000000000e+00
1.375000000000000000e+03 5.499724120968085828e-02 2.321347291761493084e-02 9.764451524806554428e-01 0.000000000000000000e+00 3.413746017296313199e-04 0.000000000000000000e+00
1.400000000000000000e+03 5.599719104985689810e-02 2.071005917159763482e-02 9.778106508875740177e-01 0.000000000000000000e+00 1.479289940828402332e-03 0.000000000000000000e+00
1.425000000000000000e+03 5.699714089003293793e-02 2.526172052799271692e-02 9.736003641329085134e-01 0.000000000000000000e+00 1.137915339098770958e-03 0.000000000000000000e+00
1.450000000000000000e+03 5.799709073020897776e-02 2.401001365498407064e-02 9.747382794720073074e-01 0.000000000000000000e+00 1.251706873008648227e-03 0.000000000000000000e+00
1.475000000000000000e+03 5.899704057038501759e-02 2.344105598543468408e-02 9.755348202093764298e-01 0.000000000000000000e+00 1.024123805188893906e-03 0.000000000000000000e+00
1.500000000000000000e+03 5.999699041056105742e-02 3.186162949476559203e-02 9.664314974965863003e-01 0.000000000000000000e+00 1.706873008648156654e-03 0.000000000000000000e+00
1.525000000000000000e+03 6.099694025073687520e-02 2.935821574874829254e-02 9.685935366408738867e-01 0.000000000000000000e+00 2.048247610377787811e-03 0.000000000000000000e+00
1.550000000000000000e+03 6.199689009091291503e-02 3.413746017296313134e-02 9.642694583522986029e-01 0.000000000000000000e+00 1.593081474738279385e-03 0.000000000000000000e+00
1.575000000000000000e+03 6.299683993108895486e-02 3.231679563040509851e-02 9.656349567592170668e-01 0.000000000000000000e+00 2.048247610377787811e-03 0.000000000000000000e+00
1.600000000000000000e+03 6.399678977126499468e-02 3.629949931725079404e-02 9.615384615384615641e-01 0.000000000000000000e+00 2.162039144287664864e-03 0.000000000000000000e+00
1.625000000000000000e+03 6.499673961144103451e-02 3.573054164770141095e-02 9.635867091488393710e-01 0.000000000000000000e+00 6.827492034592626399e-04 0.000000000000000000e+00
1.650000000000000000e+03 6.599668945161707434e-02 3.720983158852981393e-02 9.605143377332726606e-01 0.000000000000000000e+00 2.275830678197541916e-03 0.000000000000000000e+00
1.675000000000000000e+03 6.699663929179311417e-02 4.881656804733727761e-02 9.472007282658170269e-01 0.000000000000000000e+00 3.982703686845699004e-03 0.000000000000000000e+00
1.700000000000000000e+03 6.799658913196915400e-02 5.712335002275830548e-02 9.398042785616750328e-01 0.000000000000000000e+00 3.072371415566681717e-03 0.000000000000000000e+00
1.725000000000000000e+03 6.899653897214519382e-02 4.870277651342740100e-02 9.483386436049158208e-01 0.000000000000000000e+00 2.958579881656804664e-03 0.000000000000000000e+00
1.750000000000000000e+03 6.999648881232123365e-02 5.268548020027309653e-02 9.443559399180700975e-01 0.000000000000000000e+00 2.958579881656804664e-03 0.000000000000000000e+00
1.775000000000000000e+03 7.099643865249705144e-02 5.632680928538916915e-02 9.400318616294948137e-01 0.000000000000000000e+00 3.641329085116067413e-03 0.000000000000000000e+00
1.800000000000000000e+03 7.199638849267309126e-02 5.405097860719162289e-02 9.432180245789713036e-01 0.000000000000000000e+00 2.730996813837050560e-03 0.000000000000000000e+00
1.825000000000000000e+03 7.299633833284913109e-02 5.951297223486572835e-02 9.360491579426490905e-01 0.000000000000000000e+00 4.437869822485207214e-03 0.000000000000000000e+00
1.850000000000000000e+03 7.399628817302517092e-02 6.008192990441511144e-02 9.373008648156576639e-01 0.000000000000000000e+00 2.617205279927173507e-03 0.000000000000000000e+00
1.875000000000000000e+03 7.499623801320121075e-02 6.952662721893490549e-02 9.264906690942193990e-01 0.000000000000000000e+00 3.982703686845699004e-03 0.000000000000000000e+00
1.900000000000000000e+03 7.599618785337725058e-02 8.921256258534364381e-02 9.030496131087847322e-01 0.000000000000000000e+00 7.737824305871643035e-03 0.000000000000000000e+00
1.925000000000000000e+03 7.699613769355329040e-02 9.342284934000910646e-02 8.986117432862994470e-01 0.000000000000000000e+00 7.965407373691398007e-03 0.000000000000000000e+00
1.950000000000000000e+03 7.799608753372933023e-02 8.830223031406463086e-02 9.027082385070550608e-01 0.000000000000000000e+00 8.989531178880291046e-03 0.000000000000000000e+00
1.975000000000000000e+03 7.899603737390537006e-02 1.076467910787437393e-01 8.852981338188439242e-01 0.000000000000000000e+00 7.055075102412380721e-03 0.000000000000000000e+00
2.000000000000000000e+03 7.999598721408118784e-02 1.046882111970869333e-01 8.862084660901229372e-01 0.000000000000000000e+00 9.103322712790167665e-03 0.000000000000000000e+00
2.025000000000000000e+03 8.099593705425722767e-02 1.128812016385980915e-01 8.738051888939463163e-01 0.000000000000000000e+00 1.331360946745562164e-02 0.000000000000000000e+00
2.050000000000000000e+03 8.199588689443326750e-02 1.092398725534820259e-01 8.791533909877105035e-01 0.000000000000000000e+00 1.160673645880746542e-02 0.000000000000000000e+00
2.075000000000000000e+03 8.299583673460930733e-02 1.157259899863450209e-01 8.720983158852981809e-01 0.000000000000000000e+00 1.217569412835685025e-02 0.000000000000000000e+00
2.100000000000000000e+03 8.399578657478534716e-02 1.302913063268092975e-01 8.578743741465635342e-01 0.000000000000000000e+00 1.183431952662721866e-02 0.000000000000000000e+00
2.125000000000000000e+03 8.499573641496138698e-02 1.393946290395994547e-01 8.398953117888029452e-01 0.000000000000000000e+00 2.071005917159763482e-02 0.000000000000000000e+00
2.150000000000000000e+03 8.599568625513742681e-02 1.400773782430587144e-01 8.402366863905325056e-01 0.000000000000000000e+00 1.968593536640873831e-02 0.000000000000000000e+00
2.175000000000000000e+03 8.699563609531346664e-02 1.530496131087847045e-01 8.266954938552572019e-01 0.000000000000000000e+00 2.025489303595812488e-02 0.000000000000000000e+00
2.200000000000000000e+03 8.799558593548950647e-02 1.689804278561675144e-01 8.081474738279471604e-01 0.000000000000000000e+00 2.287209831588529751e-02 0.000000000000000000e+00
2.225000000000000000e+03 8.899553577566532425e-02 1.682976786527082269e-01 8.084888484296768318e-01 0.000000000000000000e+00 2.321347291761493084e-02 0.000000000000000000e+00
2.250000000000000000e+03 8.999548561584136408e-02 1.756941283568502488e-01 7.987027765134273594e-01 3.413746017296313199e-04 2.526172052799271692e-02 0.000000000000000000e+00
2.275000000000000000e+03 9.099543545601740391e-02 1.904870277651342647e-01 7.832271279016841392e-01 1.137915339098770958e-03 2.514792899408284030e-02 0.000000000000000000e+00
2.300000000000000000e+03 9.199538529619344374e-02 1.913973600364132777e-01 7.743513882567136797e-01 9.103322712790168532e-04 3.334091943559399501e-02 0.000000000000000000e+00
2.325000000000000000e+03 9.299533513636948356e-02 1.920801092398725651e-01 7.677514792899408080e-01 1.706873008648156654e-03 3.846153846153846367e-02 0.000000000000000000e+00
2.350000000000000000e+03 9.399528497654552339e-02 2.073281747837960876e-01 7.427173418297678964e-01 1.706873008648156654e-03 4.824761037778789452e-02 0.000000000000000000e+00
2.375000000000000000e+03 9.499523481672156322e-02 2.382794720072826666e-01 6.999317250796540657e-01 2.048247610377787811e-03 5.974055530268548159e-02 0.000000000000000000e+00
2.400000000000000000e+03 9.599518465689760305e-02 2.562585343650432557e-01 6.719390077378243342e-01 2.503413746017296455e-03 6.929904415111515226e-02 0.000000000000000000e+00
2.425000000000000000e+03 9.699513449707364288e-02 2.753755120619025831e-01 6.366636322257623881e-01 2.844788347746927612e-03 8.511606736458807165e-02 0.000000000000000000e+00
2.450000000000000000e+03 9.799508433724968270e-02 3.072371415566682029e-01 5.956986800182066943e-01 3.072371415566681717e-03 9.399180700955848955e-02 0.000000000000000000e+00
2.475000000000000000e+03 9.899503417742550049e-02 3.107646791078743642e-01 5.766954938552572019e-01 3.755120619025944465e-03 1.087847064178425194e-01 0.000000000000000000e+00
2.500000000000000000e+03 9.999498401760154032e-02 3.152025489303595940e-01 5.401684114701865713e-01 5.234410559854347014e-03 1.393946290395994547e-01 0.000000000000000000e+00
2.525000000000000000e+03 1.009949338577775801e-01 3.354574419663177154e-01 4.976103777878925771e-01 7.396449704142011444e-03 1.595357305416477134e-01 0.000000000000000000e+00
2.550000000000000000e+03 1.019948836979536200e-01 3.469503868912152678e-01 4.601729631315429891e-01 7.396449704142011444e-03 1.854802002730996935e-01 0.000000000000000000e+00
2.575000000000000000e+03 1.029948335381296598e-01 3.683431952662721831e-01 4.169321802457897075e-01 1.046882111970869403e-02 2.042558033682294050e-01 0.000000000000000000e+00
2.600000000000000000e+03 1.039947833783056996e-01 3.761948111060536837e-01 3.850705507510241432e-01 9.786071916249430847e-03 2.289485662266727284e-01 0.000000000000000000e+00
2.625000000000000000e+03 1.049947332184817395e-01 3.720983158852981254e-01 3.618570778334092020e-01 1.183431952662721866e-02 2.542102867546654488e-01 0.000000000000000000e+00
2.650000000000000000e+03 1.059946830586577793e-01 3.882567137005006885e-01 3.257851615839781334e-01 1.479289940828402289e-02 2.711652253072371344e-01 0.000000000000000000e+00
2.675000000000000000e+03 1.069946328988338191e-01 3.954255803368229572e-01 2.998406918525261533e-01 2.162039144287665124e-02 2.831133363677742487e-01 0.000000000000000000e+00
2.700000000000000000e+03 1.079945827390096369e-01 3.994082840236686249e-01 2.738962221210741732e-01 3.106508875739644876e-02 2.956304050978607045e-01 0.000000000000000000e+00
2.725000000000000000e+03 1.089945325791856767e-01 4.046426945835229771e-01 2.565999089667728716e-01 3.447883477469276120e-02 3.042785616750113831e-01 0.000000000000000000e+00
2.750000000000000000e+03 1.099944824193617166e-01 4.006599908966773094e-01 2.527309968138370389e-01 3.812016385980882688e-02 3.084888484296768318e-01 0.000000000000000000e+00
2.775000000000000000e+03 1.109944322595377564e-01 4.263768775603095085e-01 2.333864360491579304e-01 4.346836595357305572e-02 2.967683204369594985e-01 0.000000000000000000e+00
2.800000000000000000e+03 1.119943820997137962e-01 4.370732817478379384e-01 2.179107874374146547e-01 5.018206645425580398e-02 2.948338643604915821e-01 0.000000000000000000e+00
2.825000000000000000e+03 1.129943319398898360e-01 4.284251251706873154e-01 2.216659080564405970e-01 5.405097860719162289e-02 2.958579881656804855e-01 0.000000000000000000e+00
2.850000000000000000e+03 1.139942817800658759e-01 4.312699135184342447e-01 2.133591260810195622e-01 5.803368229403732537e-02 2.973372781065088954e-01 0.000000000000000000e+00
2.875000000000000000e+03 1.149942316202419157e-01 4.226217569412835662e-01 2.117660446062812896e-01 7.111970869367319203e-02 2.944924897587619661e-01 0.000000000000000000e+00
2.900000000000000000e+03 1.159941814604179555e-01 4.219390077378242787e-01 2.032316795630405015e-01 8.022303140646336317e-02 2.946062812926718011e-01 0.000000000000000000e+00
2.925000000000000000e+03 1.169941313005937733e-01 4.239872553482020856e-01 2.008420573509330787e-01 8.511606736458807165e-02 2.900546199362767363e-01 0.000000000000000000e+00
2.950000000000000000e+03 1.179940811407698131e-01 4.134046426945835462e-01 1.934456076467910846e-01 8.363677742375967561e-02 3.095129722348657353e-01 0.000000000000000000e+00
2.975000000000000000e+03 1.189940309809458530e-01 4.164770141101502010e-01 1.819526627218935044e-01 8.693673190714611143e-02 3.146335912608101970e-01 0.000000000000000000e+00
3.000000000000000000e+03 1.199939808211218928e-01 4.204597177969959243e-01 1.774010013654984119e-01 9.626763768775603580e-02 3.058716431497496835e-01 0.000000000000000000e+00
3.025000000000000000e+03 1.209939306612979326e-01 4.143149749658625591e-01 1.688666363222576239e-01 9.922621756941284177e-02 3.175921711424670169e-01 0.000000000000000000e+00
3.050000000000000000e+03 1.219938805014739724e-01 4.010013654984069253e-01 1.612426035502958488e-01 1.024123805188894010e-01 3.353436504324078249e-01 0.000000000000000000e+00
3.075000000000000000e+03 1.229938303416500123e-01 4.040737369139735802e-01 1.512289485662266786e-01 1.068502503413746030e-01 3.378470641784251383e-01 0.000000000000000000e+00
3.100000000000000000e+03 1.239937801818260521e-01 4.126081019572143682e-01 1.338188438780154865e-01 1.108329540282202985e-01 3.427401001365498190e-01 0.000000000000000000e+00
3.125000000000000000e+03 1.249937300220020919e-01 4.281975421028675344e-01 1.202776513427400995e-01 1.025261720527992776e-01 3.489986345015930747e-01 0.000000000000000000e+00
3.150000000000000000e+03 1.259936798621781318e-01 4.049840691852525931e-01 1.209604005461993592e-01 1.040054619936276736e-01 3.700500682749203185e-01 0.000000000000000000e+00
3.175000000000000000e+03 1.269936297023539495e-01 3.959945380063722986e-01 1.119708693673190647e-01 1.053709604005461931e-01 3.866636322257623881e-01 0.000000000000000000e+00
3.200000000000000000e+03 1.279935795425299894e-01 4.096495220755576039e-01 1.028675466545289074e-01 1.054847519344560697e-01 3.819981793354574329e-01 0.000000000000000000e+00
3.225000000000000000e+03 1.289935293827060292e-01 4.135184342284933812e-01 9.831588529813381494e-02 1.062812926718252199e-01 3.818843878015475424e-01 0.000000000000000000e+00
3.250000000000000000e+03 1.299934792228820690e-01 4.324078288575329831e-01 9.706417842512517213e-02 1.067364588074647264e-01 3.637915339098771184e-01 0.000000000000000000e+00
3.275000000000000000e+03 1.309934290630581089e-01 4.291078743741465473e-01 9.421939007737824279e-02 1.079881656804733692e-01 3.686845698680017991e-01 0.000000000000000000e+00
3.300000000000000000e+03 1.319933789032341487e-01 4.319526627218934767e-01 9.114701866181156020e-02 1.175466545289030468e-01 3.593536640873918886e-01 0.000000000000000000e+00
3.325000000000000000e+03 1.329933287434101885e-01 4.374146563495676099e-01 9.547109695038688559e-02 1.251706873008648080e-01 3.419435593991806965e-01 0.000000000000000000e+00
3.350000000000000000e+03 1.339932785835862283e-01 4.531178880291306110e-01 8.864360491579426071e-02 1.289258079198907503e-01 3.293126991351843502e-01 0.000000000000000000e+00
3.375000000000000000e+03 1.349932284237622682e-01 4.450386891215293850e-01 9.376422394173873631e-02 1.327947200728265831e-01 3.284023668639053373e-01 0.000000000000000000e+00
3.400000000000000000e+03 1.359931782639380859e-01 4.443559399180700975e-01 9.035047792444242387e-02 1.338188438780154865e-01 3.314747382794719921e-01 0.000000000000000000e+00
3.425000000000000000e+03 1.369931281041141258e-01 4.553937187073281989e-01 8.830223031406463086e-02 1.411015020482476179e-01 3.152025489303595940e-01 0.000000000000000000e+00
3.450000000000000000e+03 1.379930779442901656e-01 4.590350477924442507e-01 8.875739644970413733e-02 1.421256258534364936e-01 3.100819299044151323e-01 0.000000000000000000e+00
3.475000000000000000e+03 1.389930277844662054e-01 4.670004551661356418e-01 8.397815202548930547e-02 1.405325443786982209e-01 3.084888484296768318e-01 0.000000000000000000e+00
3.500000000000000000e+03 1.399929776246422453e-01 4.751934456076468138e-01 7.749203459262631044e-02 1.407601274465179741e-01 3.065543923532089154e-01 0.000000000000000000e+00
3.525000000000000000e+03 1.409929274648182851e-01 4.582385070550751283e-01 7.567137005006827066e-02 1.474738279472007363e-01 3.186162949476559203e-01 0.000000000000000000e+00
3.550000000000000000e+03 1.419928773049943249e-01 4.741693218024579104e-01 7.089212562585343880e-02 1.439462903959945472e-01 3.109922621756941452e-01 0.000000000000000000e+00
3.575000000000000000e+03 1.429928271451703647e-01 4.606281292671824956e-01 7.009558488848430247e-02 1.444014565316340537e-01 3.248748293126991205e-01 0.000000000000000000e+00
3.600000000000000000e+03 1.439927769853464046e-01 4.822485207100591920e-01 6.508875739644970349e-02 1.449704142011834229e-01 3.076923076923077094e-01 0.000000000000000000e+00
3.625000000000000000e+03 1.449927268255224444e-01 4.846381429221666148e-01 6.645425580336822291e-02 1.478152025489303523e-01 3.010923987255348377e-01 0.000000000000000000e+00
3.650000000000000000e+03 1.459926766656982622e-01 4.746244879380974169e-01 6.793354574419663283e-02 1.562357760582612776e-01 3.012061902594446727e-01 0.000000000000000000e+00
3.675000000000000000e+03 1.469926265058743020e-01 4.920345926263086089e-01 6.543013199817933334e-02 1.618115612198452458e-01 2.807237141556668258e-01 0.000000000000000000e+00
3.700000000000000000e+03 1.479925763460503418e-01 4.947655894401456478e-01 6.622667273554846967e-02 1.679563040509786109e-01 2.710514337733272439e-01 0.000000000000000000e+00
3.725000000000000000e+03 1.489925261862263817e-01 5.051206190259445172e-01 6.907146108329539902e-02 1.604460628129267263e-01 2.653618570778333852e-01 0.000000000000000000e+00
3.750000000000000000e+03 1.499924760264024215e-01 4.885070550751023921e-01 6.645425580336822291e-02 1.692080109239872676e-01 2.758306781975420896e-01 0.000000000000000000e+00
3.775000000000000000e+03 1.509924258665784613e-01 4.979517523896221931e-01 6.520254893035958010e-02 1.700045516613563901e-01 2.668411470186617951e-01 0.000000000000000000e+00
3.800000000000000000e+03 1.519923757067545012e-01 5.158170232134728916e-01 6.247155211652252738e-02 1.653390987710514348e-01 2.563723258989530907e-01 0.000000000000000000e+00
3.825000000000000000e+03 1.529923255469305410e-01 5.046654528903049552e-01 6.099226217569413133e-02 1.677287209831588577e-01 2.666135639508420696e-01 0.000000000000000000e+00
3.850000000000000000e+03 1.539922753871065808e-01 4.887346381429221731e-01 6.190259444697314428e-02 1.775147928994082747e-01 2.718479745106964218e-01 0.000000000000000000e+00
3.875000000000000000e+03 1.549922252272823986e-01 5.007965407373691225e-01 6.190259444697314428e-02 1.829767865270823801e-01 2.543240782885753393e-01 0.000000000000000000e+00
3.900000000000000000e+03 1.559921750674584384e-01 5.275375512061902805e-01 5.917159763313609155e-02 1.786527082385070686e-01 2.346381429221665871e-01 0.000000000000000000e+00
3.925000000000000000e+03 1.569921249076344782e-01 5.228720983158853253e-01 6.144742831133363781e-02 1.850250341374601593e-01 2.306554392353208915e-01 0.000000000000000000e+00
3.950000000000000000e+03 1.579920747478105181e-01 5.300409649522075384e-01 6.406463359126081392e-02 1.888939462903959920e-01 2.170004551661356418e-01 0.000000000000000000e+00
3.975000000000000000e+03 1.589920245879865579e-01 5.252617205279926926e-01 6.338188438780155420e-02 1.966317705962676299e-01 2.147246244879381094e-01 0.000000000000000000e+00
4.000000000000000000e+03 1.599919744281625977e-01 5.296995903504779779e-01 6.281292671825215723e-02 2.018661811561219821e-01 2.056213017751479244e-01 0.000000000000000000e+00
4.025000000000000000e+03 1.609919242683386376e-01 5.368684569868001910e-01 6.053709604005461792e-02 2.041420118343195145e-01 1.984524351388256835e-01 0.000000000000000000e+00
4.050000000000000000e+03 1.619918741085146774e-01 5.413063268092853653e-01 6.030951297223486468e-02 2.121074192080109333e-01 1.862767410104688159e-01 0.000000000000000000e+00
4.075000000000000000e+03 1.629918239486907172e-01 5.315202548930360038e-01 5.996813837050523482e-02 2.170004551661356418e-01 1.915111515703231682e-01 0.000000000000000000e+00
4.100000000000000000e+03 1.639917737888665350e-01 5.325443786982249073e-01 6.599908966772871644e-02 2.196176604460628179e-01 1.818388711879836139e-01 0.000000000000000000e+00
4.125000000000000000e+03 1.649917236290425748e-01 5.425580336822940497e-01 6.668183887118799003e-02 2.189349112426035582e-01 1.718252162039144160e-01 0.000000000000000000e+00
4.150000000000000000e+03 1.659916734692186147e-01 5.312926718252162228e-01 6.611288120163859305e-02 2.269003186162949492e-01 1.756941283568502488e-01 0.000000000000000000e+00
4.175000000000000000e+03 1.669916233093946545e-01 5.373236231224396420e-01 6.508875739644970349e-02 2.340691852526172179e-01 1.635184342284934089e-01 0.000000000000000000e+00
4.200000000000000000e+03 1.679915731495706943e-01 5.328857532999544677e-01 6.497496586253982687e-02 2.361174328629949970e-01 1.660218479745106945e-01 0.000000000000000000e+00
4.225000000000000000e+03 1.689915229897467341e-01 5.475648611743286764e-01 6.599908966772871644e-02 2.403277196176604458e-01 1.461083295402822169e-01 0.000000000000000000e+00
4.250000000000000000e+03 1.699914728299227740e-01 5.341374601729631522e-01 6.451979972690032039e-02 2.506827492034592875e-01 1.506599908966772816e-01 0.000000000000000000e+00
4.275000000000000000e+03 1.709914226700988138e-01 5.368684569868001910e-01 6.338188438780155420e-02 2.529585798816568198e-01 1.467910787437414766e-01 0.000000000000000000e+00
4.300000000000000000e+03 1.719913725102748536e-01 5.467683204369594430e-01 6.599908966772871644e-02 2.554619936276740777e-01 1.317705962676376796e-01 0.000000000000000000e+00
4.325000000000000000e+03 1.729913223504508935e-01 5.514337733272643982e-01 6.326809285389166371e-02 2.573964497041419941e-01 1.279016841147018746e-01 0.000000000000000000e+00
4.350000000000000000e+03 1.739912721906267112e-01 5.516613563950841792e-01 6.417842512517069054e-02 2.585343650432407880e-01 1.256258534365043145e-01 0.000000000000000000e+00
4.375000000000000000e+03 1.749912220308027511e-01 5.551888939462903405e-01 6.019572143832498806e-02 2.579654073736913911e-01 1.266499772416932179e-01 0.000000000000000000e+00
4.400000000000000000e+03 1.759911718709787909e-01 5.449476558944014171e-01 6.076467910787437116e-02 2.647928994082840437e-01 1.294947655894401473e-01 0.000000000000000000e+00
4.425000000000000000e+03 1.769911217111548307e-01 5.557578516158397930e-01 5.917159763313609155e-02 2.616067364588074429e-01 1.234638142922166587e-01 0.000000000000000000e+00
4.450000000000000000e+03 1.779910715513308705e-01 5.579198907601274904e-01 5.530268548020027264e-02 2.578516158397815006e-01 1.289258079198907503e-01 0.000000000000000000e+00
4.475000000000000000e+03 1.789910213915069104e-01 5.560992262175694645e-01 5.803368229403732537e-02 2.567137005006827621e-01 1.291533909877105035e-01 0.000000000000000000e+00
4.500000000000000000e+03 1.799909712316829502e-01 5.620163859808829931e-01 5.985434683659535821e-02 2.655894401456531662e-01 1.125398270368684617e-01 0.000000000000000000e+00
4.525000000000000000e+03 1.809909210718589900e-01 5.565543923532089154e-01 5.883022303140646170e-02 2.697997269003186149e-01 1.148156577150659940e-01 0.000000000000000000e+00
4.550000000000000000e+03 1.819908709120350299e-01 5.556440600819299025e-01 5.883022303140646170e-02 2.676376877560309731e-01 1.178880291306326766e-01 0.000000000000000000e+00
4.575000000000000000e+03 1.829908207522108476e-01 5.641784251251706905e-01 5.791989076012744875e-02 2.710514337733272439e-01 1.068502503413746030e-01 0.000000000000000000e+00
4.600000000000000000e+03 1.839907705923868875e-01 5.628129267182521156e-01 5.860263996358670846e-02 2.712790168411470249e-01 1.073054164770141095e-01 0.000000000000000000e+00
4.625000000000000000e+03 1.849907204325629273e-01 5.649749658625398130e-01 5.791989076012744875e-02 2.736686390532544477e-01 1.034365043240782905e-01 0.000000000000000000e+00
4.650000000000000000e+03 1.859906702727389671e-01 5.642922166590805810e-01 5.883022303140646170e-02 2.741238051888939542e-01 1.027537551206190308e-01 0.000000000000000000e+00
4.675000000000000000e+03 1.869906201129150070e-01 5.588302230314065033e-01 5.939918070095585173e-02 2.786754665452890189e-01 1.030951297223486607e-01 0.000000000000000000e+00
4.700000000000000000e+03 1.879905699530910468e-01 5.631543013199817871e-01 6.110605370960400795e-02 2.852753755120618906e-01 9.046426945835230049e-02 0.000000000000000000e+00
4.725000000000000000e+03 1.889905197932670866e-01 5.661128812016386069e-01 5.974055530268548159e-02 2.864132908511606845e-01 8.773327264451524776e-02 0.000000000000000000e+00
4.750000000000000000e+03 1.899904696334431264e-01 5.747610377787892855e-01 5.883022303140646170e-02 2.808375056895767163e-01 8.557123350022757813e-02 0.000000000000000000e+00
4.775000000000000000e+03 1.909904194736191663e-01 5.682749203459263043e-01 5.951297223486572835e-02 2.898270368684570109e-01 8.238507055075101893e-02 0.000000000000000000e+00
4.800000000000000000e+03 1.919903693137949841e-01 5.688438780154756458e-01 6.042330450614474130e-02 2.888029130632681074e-01 8.192990441511151245e-02 0.000000000000000000e+00
4.825000000000000000e+03 1.929903191539710239e-01 5.619025944469731026e-01 6.087847064178425471e-02 2.954028220300409791e-01 8.181611288120163583e-02 0.000000000000000000e+00
4.850000000000000000e+03 1.939902689941470637e-01 5.743058716431497235e-01 5.917159763313609155e-02 2.910787437414656398e-01 7.544378698224851743e-02 0.000000000000000000e+00
4.875000000000000000e+03 1.949902188343231035e-01 5.682749203459263043e-01 6.053709604005461792e-02 2.936959490213927881e-01 7.749203459262631044e-02 0.000000000000000000e+00
4.900000000000000000e+03 1.959901686744991434e-01 5.683887118798361948e-01 5.757851615839781195e-02 2.958579881656804855e-01 7.817478379608557015e-02 0.000000000000000000e+00
4.925000000000000000e+03 1.969901185146751832e-01 5.659990896677287164e-01 5.791989076012744875e-02 2.965407373691397175e-01 7.954028220300408958e-02 0.000000000000000000e+00
4.950000000000000000e+03 1.979900683548512230e-01 5.729403732362312596e-01 5.587164314974965573e-02 2.956304050978607045e-01 7.555757851615839404e-02 0.000000000000000000e+00
4.975000000000000000e+03 1.989900181950272628e-01 5.820436959490213891e-01 5.382339553937186966e-02 2.938097405553026786e-01 7.032316795630405570e-02 0.000000000000000000e+00
5.000000000000000000e+03 1.999899680352033027e-01 5.753299954483386269e-01 5.689576695493855224e-02 2.985889849795175244e-01 6.918525261720527564e-02 0.000000000000000000e+00
5.025000000000000000e+03 2.009899178753793425e-01 5.832954028220300735e-01 5.757851615839781195e-02 2.942649066909421851e-01 6.486117432862995025e-02 0.000000000000000000e+00
5.050000000000000000e+03 2.019898677155551603e-01 5.822712790168411701e-01 5.655439235320892238e-02 2.968821119708693890e-01 6.417842512517069054e-02 1.137915339098771066e-04
5.075000000000000000e+03 2.029898175557312001e-01 5.881884387801548097e-01 5.917159763313609155e-02 2.940373236231224596e-01 5.860263996358670846e-02 0.000000000000000000e+00
5.100000000000000000e+03 2.039897673959072399e-01 5.815885298133819381e-01 6.076467910787437116e-02 2.944924897587619661e-01 6.315430131998178709e-02 0.000000000000000000e+00
5.125000000000000000e+03 2.049897172360832798e-01 5.794264906690942407e-01 5.791989076012744875e-02 2.965407373691397175e-01 6.611288120163859305e-02 0.000000000000000000e+00
5.150000000000000000e+03 2.059896670762593196e-01 5.856850250341374409e-01 5.905780609922621494e-02 2.949476558944014726e-01 6.030951297223486468e-02 0.000000000000000000e+00
5.175000000000000000e+03 2.069896169164353594e-01 5.862539827036868934e-01 6.258534365043240399e-02 2.936959490213927881e-01 5.746472462448793533e-02 0.000000000000000000e+00
5.200000000000000000e+03 2.079895667566113993e-01 5.829540282203004020e-01 6.269913518434228061e-02 2.994993172507965373e-01 5.484751934456076616e-02 0.000000000000000000e+00
5.225000000000000000e+03 2.089895165967874391e-01 5.871643149749659063e-01 6.508875739644970349e-02 2.939235320892125691e-01 5.382339553937186966e-02 0.000000000000000000e+00
5.250000000000000000e+03 2.099894664369634789e-01 5.814747382794720476e-01 6.360946745562130744e-02 3.010923987255348377e-01 5.382339553937186966e-02 0.000000000000000000e+00
5.275000000000000000e+03 2.109894162771392967e-01 5.883022303140645892e-01 6.463359126081019701e-02 2.984751934456076339e-01 4.847519344560764776e-02 1.137915339098771066e-04
5.300000000000000000e+03 2.119893661173153365e-01 5.857988165680473314e-01 6.133363677742376119e-02 2.984751934456076339e-01 5.439235320892125969e-02 0.000000000000000000e+00
5.325000000000000000e+03 2.129893159574913764e-01 5.869367319071461253e-01 6.178880291306326766e-02 3.022303140646335762e-01 4.904415111515703085e-02 0.000000000000000000e+00
5.350000000000000000e+03 2.139892657976674162e-01 5.887573964497041512e-01 6.008192990441511144e-02 2.983614019116977434e-01 5.279927173418298009e-02 0.000000000000000000e+00
5.375000000000000000e+03 2.149892156378434560e-01 5.883022303140645892e-01 6.247155211652252738e-02 2.992717341829768118e-01 4.995448338643605074e-02 0.000000000000000000e+00
5.400000000000000000e+03 2.159891654780194958e-01 5.900091033227128356e-01 5.894401456531633832e-02 3.018889394629039602e-01 4.915794264906690747e-02 0.000000000000000000e+00
5.425000000000000000e+03 2.169891153181955357e-01 5.954710969503869133e-01 5.871643149749658508e-02 2.984751934456076339e-01 4.733727810650887463e-02 0.000000000000000000e+00
5.450000000000000000e+03 2.179890651583715755e-01 5.911470186618115186e-01 5.746472462448793533e-02 3.041647701411014926e-01 4.722348657259899801e-02 0.000000000000000000e+00
5.475000000000000000e+03 2.189890149985476153e-01 5.941055985434683384e-01 5.871643149749658508e-02 3.066681838871188059e-01 4.050978607191624975e-02 0.000000000000000000e+00
5.500000000000000000e+03 2.199889648387234331e-01 5.975193445607647202e-01 6.076467910787437116e-02 3.015475648611743442e-01 4.016841147018661989e-02 0.000000000000000000e+00
5.525000000000000000e+03 2.209889146788994729e-01 5.992262175694128556e-01 5.951297223486572835e-02 3.005234410559854408e-01 4.073736913973600299e-02 0.000000000000000000e+00
5.550000000000000000e+03 2.219888645190755128e-01 5.954710969503869133e-01 5.905780609922621494e-02 3.065543923532089154e-01 3.891670459717797015e-02 0.000000000000000000e+00
5.575000000000000000e+03 2.229888143592515526e-01 5.934228493400091065e-01 6.099226217569413133e-02 3.078060992262175444e-01 3.777878925807919702e-02 0.000000000000000000e+00
5.600000000000000000e+03 2.239887641994275924e-01 5.936504324078288874e-01 6.133363677742376119e-02 3.014337733272644537e-01 4.358215748748293233e-02 0.000000000000000000e+00
5.625000000000000000e+03 2.249887140396036322e-01 5.950159308147473514e-01 5.939918070095585173e-02 3.078060992262175444e-01 3.766499772416932040e-02 1.137915339098771066e-04
5.650000000000000000e+03 2.259886638797796721e-01 6.030951297223486884e-01 6.008192990441511144e-02 2.955166135639508695e-01 4.130632680928538608e-02 0.000000000000000000e+00
5.675000000000000000e+03 2.269886137199557119e-01 6.063950842057350687e-01 5.791989076012744875e-02 2.969959035047792240e-01 3.868912152935821691e-02 0.000000000000000000e+00
