# itime ezz other fcc hcp bcc ico
0.000000000000000000e+00 0.000000000000000000e+00 1.137915339098770958e-03 9.988620846609012061e-01 0.000000000000000000e+00 0.000000000000000000e+00 0.000000000000000000e+00
2.500000000000000000e+01 1.000047945518112158e-03 1.479289940828402332e-03 9.985207100591716456e-01 0.000000000000000000e+00 0.000000000000000000e+00 0.000000000000000000e+00
5.000000000000000000e+01 2.000095891036224316e-03 9.103322712790168532e-04 9.990896677287209870e-01 0.000000000000000000e+00 0.000000000000000000e+00 0.000000000000000000e+00
7.500000000000000000e+01 3.000143836554336474e-03 6.827492034592626399e-04 9.993172507965407680e-01 0.000000000000000000e+00 0.000000000000000000e+00 0.000000000000000000e+00
1.000000000000000000e+02 4.000191782072448632e-03 1.479289940828402332e-03 9.985207100591716456e-01 0.000000000000000000e+00 0.000000000000000000e+00 0.000000000000000000e+00
1.250000000000000000e+02 5.000239727590338745e-03 9.103322712790168532e-04 9.989758761948110966e-01 0.000000000000000000e+00 1.137915339098771066e-04 0.000000000000000000e+00
1.500000000000000000e+02 6.000287673108450903e-03 1.593081474738279385e-03 9.984069185252617551e-01 0.000000000000000000e+00 0.000000000000000000e+00 0.000000000000000000e+00
1.750000000000000000e+02 7.000335618626563061e-03 3.413746017296313199e-04 9.996586253982703285e-01 0.000000000000000000e+00 0.000000000000000000e+00 0.000000000000000000e+00
2.000000000000000000e+02 8.000383564144675219e-03 5.689576695493854790e-04 9.994310423304506585e-01 0.000000000000000000e+00 0.000000000000000000e+00 0.000000000000000000e+00
2.250000000000000000e+02 9.000431509662787377e-03 1.479289940828402332e-03 9.985207100591716456e-01 0.000000000000000000e+00 0.000000000000000000e+00 0.000000000000000000e+00
2.500000000000000000e+02 1.000047945518089954e-02 1.365498406918525280e-03 9.986345015930814251e-01 0.000000000000000000e+00 0.000000000000000000e+00 0.000000000000000000e+00
2.750000000000000000e+02 1.100052740069901169e-02 1.137915339098771066e-04 9.998862084660901095e-01 0.000000000000000000e+00 0.000000000000000000e+00 0.000000000000000000e+00
3.000000000000000000e+02 1.200057534621712385e-02 2.162039144287664864e-03 9.978379608557123026e-01 0.000000000000000000e+00 0.000000000000000000e+00 0.000000000000000000e+00
3.250000000000000000e+02 1.300062329173501396e-02 1.251706873008648227e-03 9.987482931269913156e-01 0.000000000000000000e+00 0.000000000000000000e+00 0.000000000000000000e+00
3.500000000000000000e+02 1.400067123725312612e-02 5.689576695493854790e-04 9.994310423304506585e-01 0.000000000000000000e+00 0.000000000000000000e+00 0.000000000000000000e+00
3.750000000000000000e+02 1.500071918277123828e-02 1.706873008648156654e-03 9.982931269913518646e-01 0.000000000000000000e+00 0.000000000000000000e+00 0.000000000000000000e+00
4.000000000000000000e+02 1.600076712828935044e-02 9.103322712790168532e-04 9.990896677287209870e-01 0.000000000000000000e+00 0.000000000000000000e+00 0.000000000000000000e+00
4.250000000000000000e+02 1.700081507380746260e-02 9.103322712790168532e-04 9.990896677287209870e-01 0.000000000000000000e+00 0.000000000000000000e+00 0.000000000000000000e+00
4.500000000000000000e+02 1.800086301932557475e-02 1.137915339098770958e-03 9.987482931269913156e-01 0.000000000000000000e+00 1.137915339098771066e-04 0.000000000000000000e+00
4.750000000000000000e+02 1.900091096484368691e-02 1.820664542558033706e-03 9.980655439235320836e-01 0.000000000000000000e+00 1.137915339098771066e-04 0.000000000000000000e+00
5.000000000000000000e+02 2.000095891036179907e-02 1.934456076467910759e-03 9.980655439235320836e-01 0.000000000000000000e+00 0.000000000000000000e+00 0.000000000000000000e+00
5.250000000000000000e+02 2.100100685587991123e-02 1.706873008648156654e-03 9.982931269913518646e-01 0.000000000000000000e+00 0.000000000000000000e+00 0.000000000000000000e+00
5.500000000000000000e+02 2.200105480139780134e-02 3.641329085116067413e-03 9.963586709148839482e-01 0.000000000000000000e+00 0.000000000000000000e+00 0.000000000000000000e+00
5.750000000000000000e+02 2.300110274691591350e-02 2.048247610377787811e-03 9.977241693218024121e-01 0.000000000000000000e+00 2.275830678197542133e-04 0.000000000000000000e+00
6.000000000000000000e+02 2.400115069243402566e-02 2.162039144287664864e-03 9.978379608557123026e-01 0.000000000000000000e+00 0.000000000000000000e+00 0.000000000000000000e+00
6.250000000000000000e+02 2.500119863795213782e-02 1.706873008648156654e-03 9.982931269913518646e-01 0.000000000000000000e+00 0.000000000000000000e+00 0.000000000000000000e+00
6.500000000000000000e+02 2.600124658347024997e-02 3.413746017296313308e-03 9.964724624487938387e-01 0.000000000000000000e+00 1.137915339098771066e-04 0.000000000000000000e+00
6.750000000000000000e+02 2.700129452898836213e-02 2.048247610377787811e-03 9.979517523896221931e-01 0.000000000000000000e+00 0.000000000000000000e+00 0.000000000000000000e+00
7.000000000000000000e+02 2.800134247450647429e-02 1.934456076467910759e-03 9.980655439235320836e-01 0.000000000000000000e+00 0.000000000000000000e+00 0.000000000000000000e+00
7.250000000000000000e+02 2.900139042002458645e-02 1.820664542558033706e-03 9.981793354574419741e-01 0.000000000000000000e+00 0.000000000000000000e+00 0.000000000000000000e+00
7.500000000000000000e+02 3.000143836554269861e-02 3.299954483386436255e-03 9.967000455166135087e-01 0.000000000000000000e+00 0.000000000000000000e+00 0.000000000000000000e+00
7.750000000000000000e+02 3.100148631106058872e-02 3.868912152935821518e-03 9.961310878470641672e-01 0.000000000000000000e+00 0.000000000000000000e+00 0.000000000000000000e+00
8.000000000000000000e+02 3.200153425657870088e-02 1.365498406918525280e-03 9.985207100591716456e-01 0.000000000000000000e+00 1.137915339098771066e-04 0.000000000000000000e+00
8.250000000000000000e+02 3.300158220209681303e-02 4.210286754665453109e-03 9.954483386436049352e-01 0.000000000000000000e+00 3.413746017296313199e-04 0.000000000000000000e+00
8.500000000000000000e+02 3.400163014761492519e-02 2.730996813837050560e-03 9.971552116522530707e-01 0.000000000000000000e+00 1.137915339098771066e-04 0.000000000000000000e+00
8.750000000000000000e+02 3.500167809313303735e-02 4.437869822485207214e-03 9.954483386436049352e-01 0.000000000000000000e+00 1.137915339098771066e-04 0.000000000000000000e+00
9.000000000000000000e+02 3.600172603865114951e-02 7.168866636322257339e-03 9.928311333636777869e-01 0.000000000000000000e+00 0.000000000000000000e+00 0.000000000000000000e+00
9.250000000000000000e+02 3.700177398416926167e-02 6.030951297223486815e-03 9.935138825671370189e-01 0.000000000000000000e+00 4.551661356395084266e-04 0.000000000000000000e+00
9.500000000000000000e+02 3.800182192968737382e-02 4.779244424214838804e-03 9.952207555757851543e-01 0.000000000000000000e+00 0.000000000000000000e+00 0.000000000000000000e+00
9.750000000000000000e+02 3.900186987520526394e-02 5.917159763313609329e-03 9.936276741010469093e-01 0.000000000000000000e+00 4.551661356395084266e-04 0.000000000000000000e+00
1.000000000000000000e+03 4.000191782072337610e-02 6.827492034592626616e-03 9.929449248975875664e-01 0.000000000000000000e+00 2.275830678197542133e-04 0.000000000000000000e+00
1.025000000000000000e+03 4.100196576624148825e-02 8.192990441511151245e-03 9.918070095584888834e-01 0.000000000000000000e+00 0.000000000000000000e+00 0.000000000000000000e+00
1.050000000000000000e+03 4.200201371175960041e-02 5.803368229403732710e-03 9.941966317705962508e-01 0.000000000000000000e+00 0.000000000000000000e+00 0.000000000000000000e+00
1.075000000000000000e+03 4.300206165727771257e-02 6.144742831133363434e-03 9.935138825671370189e-01 0.000000000000000000e+00 3.413746017296313199e-04 0.000000000000000000e+00
1.100000000000000000e+03 4.400210960279582473e-02 9.444697314519799256e-03 9.904415111515703085e-01 0.000000000000000000e+00 1.137915339098771066e-04 0.000000000000000000e+00
1.125000000000000000e+03 4.500215754831393689e-02 9.330905780609922637e-03 9.901001365498406370e-01 0.000000000000000000e+00 5.689576695493854790e-04 0.000000000000000000e+00
1.150000000000000000e+03 4.600220549383204904e-02 9.899863450159307465e-03 9.897587619481110766e-01 0.000000000000000000e+00 3.413746017296313199e-04 0.000000000000000000e+00
1.175000000000000000e+03 4.700225343935016120e-02 1.081019572143832562e-02 9.890760127446518446e-01 0.000000000000000000e+00 1.137915339098771066e-04 0.000000000000000000e+00
1.200000000000000000e+03 4.800230138486805131e-02 9.672280382339554228e-03 9.899863450159308575e-01 0.000000000000000000e+00 3.413746017296313199e-04 0.000000000000000000e+00
1.225000000000000000e+03 4.900234933038616347e-02 1.456531634046426965e-02 9.849795175238962308e-01 0.000000000000000000e+00 4.551661356395084266e-04 0.000000000000000000e+00
1.250000000000000000e+03 5.000239727590427563e-02 1.502048247610377786e-02 9.848657259899863403e-01 0.000000000000000000e+00 1.137915339098771066e-04 0.000000000000000000e+00
1.275000000000000000e+03 5.100244522142238779e-02 1.388256713700500647e-02 9.856622667273554628e-01 0.000000000000000000e+00 4.551661356395084266e-04 0.000000000000000000e+00
1.300000000000000000e+03 5.200249316694049995e-02 1.445152480655439303e-02 9.852071005917160118e-01 0.000000000000000000e+00 3.413746017296313199e-04 0.000000000000000000e+00
1.325000000000000000e+03 5.300254111245861210e-02 1.536185707783340945e-02 9.839553937187073274e-01 0.000000000000000000e+00 6.827492034592626399e-04 0.000000000000000000e+00
1.350000000000000000e+03 5.400258905797672426e-02 1.206190259444697363e-02 9.872553482020938187e-01 0.000000000000000000e+00 6.827492034592626399e-04 0.000000000000000000e+00
1.375000000000000000e+03 5.500263700349483642e-02 1.877560309512972189e-02 9.804278561675011661e-01 0.000000000000000000e+00 7.965407373691396923e-04 0.000000000000000000e+00
1.400000000000000000e+03 5.600268494901294858e-02 1.979972690031861493e-02 9.799726900318616041e-01 0.000000000000000000e+00 2.275830678197542133e-04 0.000000000000000000e+00
1.425000000000000000e+03 5.700273289453083869e-02 1.513427401001365448e-02 9.837278106508875464e-01 0.000000000000000000e+00 1.137915339098770958e-03 0.000000000000000000e+00
1.450000000000000000e+03 5.800278084004895085e-02 2.139280837505689453e-02 9.779244424214837972e-01 0.000000000000000000e+00 6.827492034592626399e-04 0.000000000000000000e+00
1.475000000000000000e+03 5.900282878556706301e-02 2.241693218024579104e-02 9.756486117432863203e-01 0.000000000000000000e+00 1.934456076467910759e-03 0.000000000000000000e+00
1.500000000000000000e+03 6.000287673108517517e-02 2.116522530723714129e-02 9.781520254893035782e-01 0.000000000000000000e+00 6.827492034592626399e-04 0.000000000000000000e+00
1.525000000000000000e+03 6.100292467660328732e-02 2.674101046882111990e-02 9.726900318616295005e-01 0.000000000000000000e+00 5.689576695493854790e-04 0.000000000000000000e+00
1.550000000000000000e+03 6.200297262212139948e-02 2.787892580791988956e-02 9.704142011834319126e-01 0.000000000000000000e+00 1.706873008648156654e-03 0.000000000000000000e+00
1.575000000000000000e+03 6.300302056763951164e-02 3.072371415566681890e-02 9.675694128356849832e-01 0.000000000000000000e+00 1.706873008648156654e-03 0.000000000000000000e+00
1.600000000000000000e+03 6.400306851315762380e-02 2.617205279927173334e-02 9.718934911242603780e-01 0.000000000000000000e+00 1.934456076467910759e-03 0.000000000000000000e+00
1.625000000000000000e+03 6.500311645867551391e-02 2.924442421483841592e-02 9.687073281747837772e-01 0.000000000000000000e+00 2.048247610377787811e-03 0.000000000000000000e+00
1.650000000000000000e+03 6.600316440419362607e-02 2.822030040964952288e-02 9.701866181156122426e-01 0.000000000000000000e+00 1.593081474738279385e-03 0.000000000000000000e+00
1.675000000000000000e+03 6.700321234971173823e-02 4.472007282658170546e-02 9.528903049613108855e-01 0.000000000000000000e+00 2.389622212107419402e-03 0.000000000000000000e+00
1.700000000000000000e+03 6.800326029522985039e-02 3.743741465634956717e-02 9.601729631315429891e-01 0.000000000000000000e+00 2.389622212107419402e-03 0.000000000000000000e+00
1.725000000000000000e+03 6.900330824074796254e-02 3.516158397815202785e-02 9.626763768775603580e-01 0.000000000000000000e+00 2.162039144287664864e-03 0.000000000000000000e+00
1.750000000000000000e+03 7.000335618626607470e-02 4.676832043695949154e-02 9.498179335457441752e-01 0.000000000000000000e+00 3.413746017296313308e-03 0.000000000000000000e+00
1.775000000000000000e+03 7.100340413178418686e-02 5.621301775147929253e-02 9.395766954938552518e-01 0.000000000000000000e+00 4.210286754665453109e-03 0.000000000000000000e+00
1.800000000000000000e+03 7.200345207730229902e-02 4.324078288575330248e-02 9.541420118343195700e-01 0.000000000000000000e+00 2.617205279927173507e-03 0.000000000000000000e+00
1.825000000000000000e+03 7.300350002282041117e-02 5.359581247155211642e-02 9.419663177059627301e-01 0.000000000000000000e+00 4.437869822485207214e-03 0.000000000000000000e+00
1.850000000000000000e+03 7.400354796833830129e-02 6.315430131998178709e-02 9.333181611288120516e-01 0.000000000000000000e+00 3.527537551206190360e-03 0.000000000000000000e+00
1.875000000000000000e+03 7.500359591385641345e-02 6.565771506599908658e-02 9.294492489758762188e-01 0.000000000000000000e+00 4.893035958124715423e-03 0.000000000000000000e+00
1.900000000000000000e+03 7.600364385937452560e-02 6.793354574419663283e-02 9.272872098315885214e-01 0.000000000000000000e+00 4.779244424214838804e-03 0.000000000000000000e+00
1.925000000000000000e+03 7.700369180489263776e-02 7.328174783796086167e-02 9.215976331360946627e-01 0.000000000000000000e+00 5.120619025944469528e-03 0.000000000000000000e+00
1.950000000000000000e+03 7.800373975041074992e-02 7.908511606736458310e-02 9.154528903049613531e-01 0.000000000000000000e+00 5.461993627674101119e-03 0.000000000000000000e+00
1.975000000000000000e+03 7.900378769592886208e-02 7.919890760127445972e-02 9.144287664997724496e-01 0.000000000000000000e+00 6.372325898953117539e-03 0.000000000000000000e+00
2.000000000000000000e+03 8.000383564144697424e-02 8.466090122894856518e-02 9.104460628129267263e-01 0.000000000000000000e+00 4.893035958124715423e-03 0.000000000000000000e+00
2.025000000000000000e+03 8.100388358696508639e-02 8.944014565316341092e-02 9.025944469731451703e-01 0.000000000000000000e+00 7.965407373691398007e-03 0.000000000000000000e+00
2.050000000000000000e+03 8.200393153248297651e-02 8.864360491579426071e-02 9.032771961766045132e-01 0.000000000000000000e+00 8.079198907601274626e-03 0.000000000000000000e+00
2.075000000000000000e+03 8.300397947800108867e-02 9.524351388256713236e-02 8.966772872098316416e-01 0.000000000000000000e+00 8.079198907601274626e-03 0.000000000000000000e+00
2.100000000000000000e+03 8.400402742351920082e-02 1.133363677742375980e-01 8.766499772416932457e-01 0.000000000000000000e+00 1.001365498406918582e-02 0.000000000000000000e+00
2.125000000000000000e+03 8.500407536903731298e-02 1.127674101046882149e-01 8.715293582157487284e-01 0.000000000000000000e+00 1.570323167956303931e-02 0.000000000000000000e+00
2.150000000000000000e+03 8.600412331455542514e-02 1.289258079198907503e-01 8.533227127901683584e-01 1.137915339098771066e-04 1.763768775603095224e-02 0.000000000000000000e+00
2.175000000000000000e+03 8.700417126007353730e-02 1.505461993627674189e-01 8.279472007282657753e-01 0.000000000000000000e+00 2.150659990896677115e-02 0.000000000000000000e+00
2.200000000000000000e+03 8.800421920559164946e-02 1.594219390077378229e-01 8.159990896677287164e-01 0.000000000000000000e+00 2.457897132453345374e-02 0.000000000000000000e+00
2.225000000000000000e+03 8.900426715110976161e-02 1.673873463814292140e-01 8.018889394629039602e-01 0.000000000000000000e+00 3.072371415566681890e-02 0.000000000000000000e+00
2.250000000000000000e+03 9.000431509662787377e-02 1.814974965862539702e-01 7.773099681383704995e-01 0.000000000000000000e+00 4.119253527537550946e-02 0.000000000000000000e+00
2.275000000000000000e+03 9.100436304214576388e-02 2.121074192080109333e-01 7.382794720072826111e-01 0.000000000000000000e+00 4.961310878470642088e-02 0.000000000000000000e+00
2.300000000000000000e+03 9.200441098766387604e-02 2.204142011834319403e-01 7.199590350477924616e-01 0.000000000000000000e+00 5.962676376877560497e-02 0.000000000000000000e+00
2.325000000000000000e+03 9.300445893318198820e-02 2.361174328629949970e-01 6.893491124260354708e-01 0.000000000000000000e+00 7.453345471096950448e-02 0.000000000000000000e+00
2.350000000000000000e+03 9.400450687870010036e-02 2.521620391442876419e-01 6.612426035502958488e-01 3.413746017296313199e-04 8.625398270368685172e-02 0.000000000000000000e+00
2.375000000000000000e+03 9.500455482421821252e-02 2.645653163404642627e-01 6.258534365043241232e-01 7.965407373691396923e-04 1.087847064178425194e-01 0.000000000000000000e+00
2.400000000000000000e+03 9.600460276973632467e-02 2.968821119708693890e-01 5.799954483386435822e-01 6.827492034592626399e-04 1.224396904870277691e-01 0.000000000000000000e+00
2.425000000000000000e+03 9.700465071525443683e-02 3.030268548020027541e-01 5.408511606736459143e-01 1.479289940828402332e-03 1.546426945835229771e-01 0.000000000000000000e+00
2.450000000000000000e+03 9.800469866077254899e-02 3.197542102867546587e-01 4.959035047792444417e-01 1.365498406918525280e-03 1.829767865270823801e-01 0.000000000000000000e+00
2.475000000000000000e+03 9.900474660629066115e-02 3.359126081019572219e-01 4.512972234865725851e-01 1.365498406918525280e-03 2.114246700045516736e-01 0.000000000000000000e+00
2.500000000000000000e+03 1.000047945518085513e-01 3.535502958579881394e-01 4.135184342284933812e-01 1.820664542558033706e-03 2.311106053709603980e-01 0.000000000000000000e+00
2.525000000000000000e+03 1.010048424973266634e-01 3.487710514337733492e-01 3.936049157942649313e-01 4.324078288575329727e-03 2.532999544833864358e-01 0.000000000000000000e+00
2.550000000000000000e+03 1.020048904428447756e-01 3.665225307237141572e-01 3.684569868001820736e-01 5.120619025944469528e-03 2.598998634501593075e-01 0.000000000000000000e+00
2.575000000000000000e+03 1.030049383883628877e-01 3.964497041420118606e-01 3.332954028220300180e-01 5.234410559854347014e-03 2.650204824761037692e-01 0.000000000000000000e+00
2.600000000000000000e+03 1.040049863338809999e-01 3.944014565316340537e-01 3.098543468365953513e-01 7.737824305871643035e-03 2.880063723258989294e-01 0.000000000000000000e+00
2.625000000000000000e+03 1.050050342793991121e-01 4.019116977696859383e-01 2.940373236231224596e-01 8.420573509330906217e-03 2.956304050978607045e-01 0.000000000000000000e+00
2.650000000000000000e+03 1.060050822249172242e-01 4.035047792444242387e-01 2.923304506144742687e-01 1.069640418752844727e-02 2.934683659535730627e-01 0.000000000000000000e+00
2.675000000000000000e+03 1.070051301704353364e-01 4.023668639053254448e-01 2.870960400546199165e-01 1.126536185707783383e-02 2.992717341829768118e-01 0.000000000000000000e+00
2.700000000000000000e+03 1.080051781159532265e-01 4.115839781520254648e-01 2.781065088757396220e-01 1.797906235776058209e-02 2.923304506144742687e-01 0.000000000000000000e+00
2.725000000000000000e+03 1.090052260614713386e-01 4.214838416021847722e-01 2.645653163404642627e-01 2.036868456986800149e-02 2.935821574874829532e-01 0.000000000000000000e+00
2.750000000000000000e+03 1.100052740069894508e-01 4.234182976786526886e-01 2.618343195266272239e-01 2.332726445152480746e-02 2.914201183431952558e-01 0.000000000000000000e+00
2.775000000000000000e+03 1.110053219525075630e-01 4.227355484751934567e-01 2.592171142467000200e-01 2.594446973145198010e-02 2.921028675466545432e-01 0.000000000000000000e+00
2.800000000000000000e+03 1.120053698980256751e-01 4.359353664087392000e-01 2.415794264906691025e-01 2.947200728265816916e-02 2.930131998179335562e-01 0.000000000000000000e+00
2.825000000000000000e+03 1.130054178435437873e-01 4.428766499772416876e-01 2.296313154301319881e-01 3.106508875739644876e-02 2.964269458352298825e-01 0.000000000000000000e+00
2.850000000000000000e+03 1.140054657890618994e-01 4.426490669094219621e-01 2.236003641329085134e-01 2.901684114701866268e-02 3.047337278106508895e-01 0.000000000000000000e+00
2.875000000000000000e+03 1.150055137345800116e-01 4.436731907146108100e-01 2.135867091488393155e-01 3.447883477469276120e-02 3.082612653618570508e-01 0.000000000000000000e+00
2.900000000000000000e+03 1.160055616800981237e-01 4.412835685025033872e-01 2.111970869367319203e-01 3.265817023213472836e-02 3.148611743286299225e-01 0.000000000000000000e+00
2.925000000000000000e+03 1.170056096256160139e-01 4.494765589440145592e-01 2.007282658170232159e-01 3.743741465634956717e-02 3.123577605826126646e-01 0.000000000000000000e+00
2.950000000000000000e+03 1.180056575711341260e-01 4.478834774692762588e-01 1.923076923076923184e-01 3.971324533454710648e-02 3.200955848884842747e-01 0.000000000000000000e+00
2.975000000000000000e+03 1.190057055166522382e-01 4.542558033682294050e-01 1.873008648156577194e-01 4.255803368229403583e-02 3.158852981338188259e-01 0.000000000000000000e+00
3.000000000000000000e+03 1.200057534621703503e-01 4.613108784706417831e-01 1.912835685025034149e-01 4.164770141101502288e-02 3.057578516158397930e-01 0.000000000000000000e+00
3.025000000000000000e+03 1.210058014076884625e-01 4.648384160218479999e-01 1.788802913063268218e-01 4.756486117432862787e-02 3.087164314974966128e-01 0.000000000000000000e+00
3.050000000000000000e+03 1.220058493532065746e-01 4.549385525716886924e-01 1.898042785616750050e-01 5.177514792899408358e-02 3.034820209376422606e-01 0.000000000000000000e+00
3.075000000000000000e+03 1.230058972987246868e-01 4.626763768775603025e-01 1.811561219845243542e-01 5.814747382794720199e-02 2.980200273099681274e-01 0.000000000000000000e+00
3.100000000000000000e+03 1.240059452442427990e-01 4.817933545744196855e-01 1.759217114246700020e-01 5.894401456531633832e-02 2.833409194355939742e-01 0.000000000000000000e+00
3.125000000000000000e+03 1.250059931897609111e-01 4.668866636322257513e-01 1.776285844333181652e-01 6.326809285389166371e-02 2.922166590805644337e-01 0.000000000000000000e+00
3.150000000000000000e+03 1.260060411352788012e-01 4.831588529813382049e-01 1.696631770596267741e-01 6.611288120163859305e-02 2.810650887573964418e-01 0.000000000000000000e+00
3.175000000000000000e+03 1.270060890807969134e-01 4.790623577605825911e-01 1.677287209831588577e-01 7.191624943104232837e-02 2.812926718252162228e-01 0.000000000000000000e+00
3.200000000000000000e+03 1.280061370263150256e-01 4.690487027765134487e-01 1.702321347291761433e-01 7.510241238051888757e-02 2.856167501137915066e-01 0.000000000000000000e+00
3.225000000000000000e+03 1.290061849718331377e-01 4.914656349567592120e-01 1.605598543468365891e-01 7.874374146563495325e-02 2.692307692307692180e-01 0.000000000000000000e+00
3.250000000000000000e+03 1.300062329173512499e-01 4.860036413290851343e-01 1.618115612198452458e-01 7.919890760127445972e-02 2.729858898497951603e-01 0.000000000000000000e+00
3.275000000000000000e+03 1.310062808628693620e-01 4.723486572598998845e-01 1.642011834319526686e-01 8.386436049157942885e-02 2.795857988165680319e-01 0.000000000000000000e+00
3.300000000000000000e+03 1.320063288083874742e-01 4.709831588529813651e-01 1.561219845243513871e-01 9.592626308602640595e-02 2.769685935366408835e-01 0.000000000000000000e+00
3.325000000000000000e+03 1.330063767539055863e-01 4.732589895311788974e-01 1.568047337278106468e-01 9.968138370505234824e-02 2.702548930359581214e-01 0.000000000000000000e+00
3.350000000000000000e+03 1.340064246994234765e-01 4.987482931269913711e-01 1.414428766499772339e-01 9.274010013654984674e-02 2.670687300864815761e-01 0.000000000000000000e+00
3.375000000000000000e+03 1.350064726449415886e-01 4.858898497951752438e-01 1.351843422849340060e-01 9.194355939918069653e-02 2.869822485207100815e-01 0.000000000000000000e+00
3.400000000000000000e+03 1.360065205904597008e-01 4.877105143377332697e-01 1.264223941738734647e-01 9.478834774692762588e-02 2.910787437414656398e-01 0.000000000000000000e+00
3.425000000000000000e+03 1.370065685359778129e-01 5.004551661356395620e-01 1.260810195721438209e-01 1.022985889849795244e-01 2.711652253072371344e-01 0.000000000000000000e+00
3.450000000000000000e+03 1.380066164814959251e-01 5.144515248065544277e-01 1.151570323167956239e-01 1.011606736458807443e-01 2.692307692307692180e-01 0.000000000000000000e+00
3.475000000000000000e+03 1.390066644270140372e-01 5.121756941283568398e-01 1.154984069185252676e-01 9.467455621301774926e-02 2.776513427401001155e-01 0.000000000000000000e+00
3.500000000000000000e+03 1.400067123725321494e-01 5.067137005006827621e-01 1.136777423759672279e-01 9.820209376422393832e-02 2.814064633591260578e-01 0.000000000000000000e+00
3.525000000000000000e+03 1.410067603180502616e-01 5.196859353664087244e-01 1.033227127901684139e-01 9.797451069640418508e-02 2.790168411470186349e-01 0.000000000000000000e+00
3.550000000000000000e+03 1.420068082635683737e-01 5.147928994082839882e-01 1.017296313154301274e-01 1.055985434683659602e-01 2.778789258079198965e-01 0.000000000000000000e+00
3.575000000000000000e+03 1.430068562090862638e-01 5.146791078743740977e-01 9.547109695038688559e-02 1.106053709604005453e-01 2.792444242148384159e-01 0.000000000000000000e+00
3.600000000000000000e+03 1.440069041546043760e-01 5.252617205279926926e-01 9.012289485662267063e-02 1.123122439690487084e-01 2.723031406463359283e-01 0.000000000000000000e+00
3.625000000000000000e+03 1.450069521001224881e-01 5.345926263086026031e-01 8.727810650887574129e-02 1.093536640873919025e-01 2.687756030951297115e-01 0.000000000000000000e+00
3.650000000000000000e+03 1.460070000456406003e-01 5.219617660446063123e-01 9.535730541647700897e-02 1.156121984524351443e-01 2.670687300864815761e-01 0.000000000000000000e+00
3.675000000000000000e+03 1.470070479911587125e-01 5.304961310878471004e-01 9.274010013654984674e-02 1.181156121984524299e-01 2.586481565771506785e-01 0.000000000000000000e+00
3.700000000000000000e+03 1.480070959366768246e-01 5.375512061902594230e-01 8.932635411925353430e-02 1.158397815202548975e-01 2.572826581702321591e-01 0.000000000000000000e+00
3.725000000000000000e+03 1.490071438821949368e-01 5.307237141556667703e-01 8.386436049157942885e-02 1.227810650887573990e-01 2.626308602639963463e-01 0.000000000000000000e+00
3.750000000000000000e+03 1.500071918277130489e-01 5.352753755120619461e-01 8.010923987255348655e-02 1.282430587164314906e-01 2.563723258989530907e-01 0.000000000000000000e+00
3.775000000000000000e+03 1.510072397732309391e-01 5.499544833864360438e-01 7.715065999089668058e-02 1.214155666818388657e-01 2.514792899408284099e-01 0.000000000000000000e+00
3.800000000000000000e+03 1.520072877187490512e-01 5.308375056895766608e-01 7.919890760127445972e-02 1.308602639963586667e-01 2.591033227127901850e-01 0.000000000000000000e+00
3.825000000000000000e+03 1.530073356642671634e-01 5.477924442421483464e-01 7.680928538916705073e-02 1.282430587164314906e-01 2.471552116522530707e-01 0.000000000000000000e+00
3.850000000000000000e+03 1.540073836097852755e-01 5.469959035047792240e-01 7.749203459262631044e-02 1.363222576240327721e-01 2.391898042785616796e-01 0.000000000000000000e+00
3.875000000000000000e+03 1.550074315553033877e-01 5.448338643604915266e-01 7.658170232134729749e-02 1.424670004551661373e-01 2.361174328629949970e-01 0.000000000000000000e+00
3.900000000000000000e+03 1.560074795008214998e-01 5.581474738279471604e-01 7.692307692307692735e-02 1.417842512517068776e-01 2.231451979972690070e-01 0.000000000000000000e+00
3.925000000000000000e+03 1.570075274463396120e-01 5.612198452435138707e-01 7.578516158397814728e-02 1.412152935821574806e-01 2.217796995903504875e-01 0.000000000000000000e+00
3.950000000000000000e+03 1.580075753918577242e-01 5.673645880746472914e-01 8.181611288120163583e-02 1.438324988620846567e-01 2.069868001820664438e-01 0.000000000000000000e+00
3.975000000000000000e+03 1.590076233373758363e-01 5.640646335912608000e-01 7.954028220300408958e-02 1.463359126081019701e-01 2.100591715976331264e-01 0.000000000000000000e+00
4.000000000000000000e+03 1.600076712828937264e-01 5.644060081929904715e-01 7.806099226217569353e-02 1.502048247610377751e-01 2.073281747837960876e-01 0.000000000000000000e+00
4.025000000000000000e+03 1.610077192284118386e-01 5.692990441511152078e-01 7.578516158397814728e-02 1.527082385070550885e-01 2.022075557578516258e-01 0.000000000000000000e+00
4.050000000000000000e+03 1.620077671739299507e-01 5.737369139736003820e-01 7.885753299954482987e-02 1.548702776513427304e-01 1.925352753755120716e-01 0.000000000000000000e+00
4.075000000000000000e+03 1.630078151194480629e-01 5.738507055075102725e-01 7.680928538916705073e-02 1.549840691852526209e-01 1.943559399180700975e-01 0.000000000000000000e+00
4.100000000000000000e+03 1.640078630649661751e-01 5.707783340919435622e-01 7.612653618570777714e-02 1.523668639053254448e-01 2.007282658170232159e-01 0.000000000000000000e+00
4.125000000000000000e+03 1.650079110104842872e-01 5.735093309057806010e-01 7.441966317705962786e-02 1.604460628129267263e-01 1.916249431042330587e-01 0.000000000000000000e+00
4.150000000000000000e+03 1.660079589560023994e-01 5.846609012289485374e-01 7.601274465179790052e-02 1.553254437869822369e-01 1.840009103322712836e-01 0.000000000000000000e+00
4.175000000000000000e+03 1.670080069015205115e-01 5.803368229403732537e-01 7.828857532999544677e-02 1.598771051433773294e-01 1.814974965862539702e-01 0.000000000000000000e+00
4.200000000000000000e+03 1.680080548470386237e-01 5.860263996358671124e-01 7.544378698224851743e-02 1.604460628129267263e-01 1.780837505689576716e-01 0.000000000000000000e+00
4.225000000000000000e+03 1.690081027925565138e-01 5.861401911697770029e-01 7.715065999089668058e-02 1.626081019572143960e-01 1.741010468821119761e-01 0.000000000000000000e+00
4.250000000000000000e+03 1.700081507380746260e-01 5.967228038233954868e-01 7.601274465179790052e-02 1.574874829312699065e-01 1.697769685935366368e-01 0.000000000000000000e+00
4.275000000000000000e+03 1.710081986835927381e-01 5.931952662721893255e-01 7.851615839781520001e-02 1.563495675921711403e-01 1.719390077378243065e-01 0.000000000000000000e+00
4.300000000000000000e+03 1.720082466291108503e-01 5.992262175694128556e-01 7.840236686390532339e-02 1.620391442876649990e-01 1.603322712790168358e-01 0.000000000000000000e+00
4.325000000000000000e+03 1.730082945746289624e-01 5.941055985434683384e-01 7.419208010923987462e-02 1.564633591260810308e-01 1.752389622212107423e-01 0.000000000000000000e+00
4.350000000000000000e+03 1.740083425201470746e-01 6.093536640873918886e-01 7.715065999089668058e-02 1.590805644060081792e-01 1.544151115157032239e-01 0.000000000000000000e+00
4.375000000000000000e+03 1.750083904656651868e-01 6.156121984524350887e-01 7.498862084660901095e-02 1.544151115157032239e-01 1.549840691852526209e-01 0.000000000000000000e+00
4.400000000000000000e+03 1.760084384111832989e-01 6.176604460628128956e-01 7.430587164314975124e-02 1.502048247610377751e-01 1.578288575329995502e-01 0.000000000000000000e+00
4.425000000000000000e+03 1.770084863567011890e-01 6.003641329085116496e-01 7.612653618570777714e-02 1.552116522530723741e-01 1.682976786527082269e-01 0.000000000000000000e+00
4.450000000000000000e+03 1.780085343022193012e-01 6.082157487482930946e-01 7.203004096495220498e-02 1.582840236686390567e-01 1.614701866181156020e-01 0.000000000000000000e+00
4.475000000000000000e+03 1.790085822477374133e-01 6.019572143832498945e-01 7.487482931269913433e-02 1.648839326354119283e-01 1.582840236686390567e-01 0.000000000000000000e+00
4.500000000000000000e+03 1.800086301932555255e-01 6.008192990441511006e-01 7.760582612653618706e-02 1.614701866181156020e-01 1.601046882111970826e-01 0.000000000000000000e+00
4.525000000000000000e+03 1.810086781387736377e-01 6.152708238507055283e-01 7.555757851615839404e-02 1.610150204824760956e-01 1.481565771506599960e-01 0.000000000000000000e+00
4.550000000000000000e+03 1.820087260842917498e-01 6.110605370960400240e-01 7.191624943104232837e-02 1.616977696859353553e-01 1.553254437869822369e-01 0.000000000000000000e+00
4.575000000000000000e+03 1.830087740298098620e-01 6.044606281292671524e-01 7.271279016841146470e-02 1.645425580336822846e-01 1.582840236686390567e-01 0.000000000000000000e+00
4.600000000000000000e+03 1.840088219753279741e-01 6.169776968593536637e-01 7.385070550751024476e-02 1.680700955848884737e-01 1.411015020482476179e-01 0.000000000000000000e+00
4.625000000000000000e+03 1.850088699208460863e-01 6.174328629949932257e-01 7.476103777878925771e-02 1.619253527537551085e-01 1.458807464724624359e-01 0.000000000000000000e+00
4.650000000000000000e+03 1.860089178663639764e-01 6.126536185707783799e-01 7.567137005006827066e-02 1.648839326354119283e-01 1.467910787437414766e-01 0.000000000000000000e+00
4.675000000000000000e+03 1.870089658118820886e-01 6.140191169776968438e-01 7.601274465179790052e-02 1.637460172963131622e-01 1.462221210741920796e-01 0.000000000000000000e+00
4.700000000000000000e+03 1.880090137574002007e-01 6.142467000455166248e-01 7.578516158397814728e-02 1.634046426945835184e-01 1.465634956759217233e-01 0.000000000000000000e+00
4.725000000000000000e+03 1.890090617029183129e-01 6.051433773327264953e-01 7.976786527082385669e-02 1.708010923987255403e-01 1.442876649977241632e-01 0.000000000000000000e+00
4.750000000000000000e+03 1.900091096484364250e-01 6.149294492489758568e-01 7.760582612653618706e-02 1.715976331360946627e-01 1.358670914883932657e-01 0.000000000000000000e+00
4.775000000000000000e+03 1.910091575939545372e-01 6.216431497496586189e-01 7.191624943104232837e-02 1.717114246700045532e-01 1.347291761492944995e-01 0.000000000000000000e+00
4.800000000000000000e+03 1.920092055394726493e-01 6.264223941738734647e-01 7.316795630405098505e-02 1.747837960855712358e-01 1.256258534365043145e-01 0.000000000000000000e+00
4.825000000000000000e+03 1.930092534849907615e-01 6.279016841147018191e-01 7.749203459262631044e-02 1.753527537551206328e-01 1.192535275375512099e-01 0.000000000000000000e+00
4.850000000000000000e+03 1.940093014305088737e-01 6.173190714610833352e-01 8.215748748293126569e-02 1.752389622212107423e-01 1.252844788347746985e-01 0.000000000000000000e+00
4.875000000000000000e+03 1.950093493760267638e-01 6.177742375967227861e-01 8.249886208466089554e-02 1.803595812471552040e-01 1.193673190714610866e-01 0.000000000000000000e+00
4.900000000000000000e+03 1.960093973215448759e-01 6.160673645880746507e-01 8.693673190714611143e-02 1.809285389167046010e-01 1.160673645880746507e-01 0.000000000000000000e+00
4.925000000000000000e+03 1.970094452670629881e-01 6.292671825216203940e-01 8.636777423759672834e-02 1.776285844333181652e-01 1.067364588074647264e-01 0.000000000000000000e+00
4.950000000000000000e+03 1.980094932125811003e-01 6.302913063268092975e-01 8.375056895766955223e-02 1.785389167045971781e-01 1.074192080109239861e-01 0.000000000000000000e+00
4.975000000000000000e+03 1.990095411580992124e-01 6.275603095129722586e-01 8.352298588984979899e-02 1.851388256713700498e-01 1.037778789258079204e-01 0.000000000000000000e+00
5.000000000000000000e+03 2.000095891036173246e-01 6.259672280382339027e-01 8.477469276285844180e-02 1.865043240782885692e-01 1.027537551206190308e-01 0.000000000000000000e+00
5.025000000000000000e+03 2.010096370491354367e-01 6.306326809285389690e-01 8.431952662721893532e-02 1.906008192990441552e-01 9.444697314519799602e-02 0.000000000000000000e+00
5.050000000000000000e+03 2.020096849946535489e-01 6.326809285389166648e-01 8.693673190714611143e-02 1.928766499772416876e-01 8.750568957669549452e-02 0.000000000000000000e+00
5.075000000000000000e+03 2.030097329401714390e-01 6.321119708693673234e-01 8.739189804278561791e-02 1.827492034592626269e-01 9.774692762858443185e-02 0.000000000000000000e+00
5.100000000000000000e+03 2.040097808856895512e-01 6.381429221665908535e-01 8.261265361857077216e-02 1.803595812471552040e-01 9.888484296768319803e-02 0.000000000000000000e+00
5.125000000000000000e+03 2.050098288312076633e-01 6.305188893946290785e-01 8.557123350022757813e-02 1.869594902139280757e-01 9.695038689121529552e-02 0.000000000000000000e+00
5.150000000000000000e+03 2.060098767767257755e-01 6.371187983614019501e-01 8.090578060992262288e-02 1.885525716886663761e-01 9.342284934000910646e-02 0.000000000000000000e+00
5.175000000000000000e+03 2.070099247222438876e-01 6.464497041420118606e-01 8.045061447428311641e-02 1.877560309512972259e-01 8.534365043240782489e-02 0.000000000000000000e+00
5.200000000000000000e+03 2.080099726677619998e-01 6.366636322257623881e-01 8.534365043240782489e-02 1.898042785616750050e-01 8.818843878015475424e-02 0.000000000000000000e+00
5.225000000000000000e+03 2.090100206132801119e-01 6.360946745562130467e-01 8.170232134729175921e-02 1.909421939007737712e-01 9.126081019572143682e-02 0.000000000000000000e+00
5.250000000000000000e+03 2.100100685587982241e-01 6.449704142011833952e-01 7.908511606736458310e-02 1.904870277651342647e-01 8.545744196631770151e-02 0.000000000000000000e+00
5.275000000000000000e+03 2.110101165043163363e-01 6.368912152935821691e-01 7.988165680473373331e-02 1.855939918070095562e-01 9.763313609467455523e-02 0.000000000000000000e+00
5.300000000000000000e+03 2.120101644498342264e-01 6.449704142011833952e-01 7.840236686390532339e-02 1.923076923076923184e-01 8.431952662721893532e-02 0.000000000000000000e+00
5.325000000000000000e+03 2.130102123953523385e-01 6.392808375056895365e-01 7.737824305871643382e-02 1.934456076467910846e-01 8.989531178880291740e-02 0.000000000000000000e+00
5.350000000000000000e+03 2.140102603408704507e-01 6.420118343195265753e-01 7.760582612653618706e-02 1.946973145197997135e-01 8.568502503413745475e-02 0.000000000000000000e+00
5.375000000000000000e+03 2.150103082863885628e-01 6.472462448793809831e-01 7.544378698224851743e-02 1.939007737824305910e-01 8.340919435593992237e-02 0.000000000000000000e+00
5.400000000000000000e+03 2.160103562319066750e-01 6.472462448793809831e-01 7.567137005006827066e-02 1.989076012744651900e-01 7.817478379608557015e-02 0.000000000000000000e+00
5.425000000000000000e+03 2.170104041774247872e-01 6.521392808375057193e-01 7.316795630405098505e-02 1.965179790623577671e-01 7.817478379608557015e-02 0.000000000000000000e+00
5.450000000000000000e+03 2.180104521229428993e-01 6.471324533454710926e-01 7.692307692307692735e-02 1.924214838416021811e-01 8.352298588984979899e-02 0.000000000000000000e+00
5.475000000000000000e+03 2.190105000684610115e-01 6.451979972690031762e-01 7.430587164314975124e-02 1.965179790623577671e-01 8.397815202548930547e-02 0.000000000000000000e+00
5.500000000000000000e+03 2.200105480139789016e-01 6.388256713700500855e-01 7.430587164314975124e-02 2.030040964952207483e-01 8.386436049157942885e-02 0.000000000000000000e+00
5.525000000000000000e+03 2.210105959594970138e-01 6.424670004551661373e-01 7.259899863450158808e-02 1.982248520710059303e-01 8.670914883932635819e-02 0.000000000000000000e+00
5.550000000000000000e+03 2.220106439050151259e-01 6.469048702776513116e-01 6.975421028675465873e-02 1.983386436049157930e-01 8.500227583067819503e-02 0.000000000000000000e+00
5.575000000000000000e+03 2.230106918505332381e-01 6.423532089212562468e-01 7.430587164314975124e-02 2.015248065543923661e-01 8.181611288120163583e-02 0.000000000000000000e+00
5.600000000000000000e+03 2.240107397960513502e-01 6.517979062357760478e-01 7.362312243969049153e-02 2.011834319526627224e-01 7.339553937187073829e-02 0.000000000000000000e+00
5.625000000000000000e+03 2.250107877415694624e-01 6.396222121074192080e-01 7.976786527082385669e-02 2.031178880291306388e-01 7.749203459262631044e-02 0.000000000000000000e+00
5.650000000000000000e+03 2.260108356870875745e-01 6.374601729631315106e-01 8.181611288120163583e-02 2.051661356395084179e-01 7.555757851615839404e-02 0.000000000000000000e+00
5.675000000000000000e+03 2.270108836326056867e-01 6.444014565316340537e-01 8.136094674556212936e-02 2.064178425125170746e-01 6.781975421028675621e-02 0.000000000000000000e+00
