# itime ezz other fcc hcp bcc ico
0.000000000000000000e+00 0.000000000000000000e+00 1.137915339098770958e-03 9.988620846609012061e-01 0.000000000000000000e+00 0.000000000000000000e+00 0.000000000000000000e+00
2.500000000000000000e+02 1.000005942284820648e-02 1.365498406918525280e-03 9.986345015930814251e-01 0.000000000000000000e+00 0.000000000000000000e+00 0.000000000000000000e+00
5.000000000000000000e+02 2.000011884569663501e-02 1.934456076467910759e-03 9.980655439235320836e-01 0.000000000000000000e+00 0.000000000000000000e+00 0.000000000000000000e+00
7.500000000000000000e+02 3.000017826854484149e-02 3.299954483386436255e-03 9.967000455166135087e-01 0.000000000000000000e+00 0.000000000000000000e+00 0.000000000000000000e+00
1.000000000000000000e+03 4.000023769139304797e-02 6.827492034592626616e-03 9.929449248975875664e-01 0.000000000000000000e+00 2.275830678197542133e-04 0.000000000000000000e+00
1.250000000000000000e+03 5.000029711424147649e-02 1.502048247610377786e-02 9.848657259899863403e-01 0.000000000000000000e+00 1.137915339098771066e-04 0.000000000000000000e+00
1.500000000000000000e+03 6.000035653708968297e-02 2.116522530723714129e-02 9.781520254893035782e-01 0.000000000000000000e+00 6.827492034592626399e-04 0.000000000000000000e+00
1.750000000000000000e+03 7.000041595993788945e-02 4.676832043695949154e-02 9.498179335457441752e-01 0.000000000000000000e+00 3.413746017296313308e-03 0.000000000000000000e+00
2.000000000000000000e+03 8.000047538278631798e-02 8.466090122894856518e-02 9.104460628129267263e-01 0.000000000000000000e+00 4.893035958124715423e-03 0.000000000000000000e+00
2.250000000000000000e+03 9.000053480563452446e-02 1.814974965862539702e-01 7.773099681383704995e-01 0.000000000000000000e+00 4.119253527537550946e-02 0.000000000000000000e+00
2.500000000000000000e+03 1.000005942284827309e-01 3.535502958579881394e-01 4.135184342284933812e-01 1.820664542558033706e-03 2.311106053709603980e-01 0.000000000000000000e+00
2.750000000000000000e+03 1.100006536513311595e-01 4.234182976786526886e-01 2.618343195266272239e-01 2.332726445152480746e-02 2.914201183431952558e-01 0.000000000000000000e+00
3.000000000000000000e+03 1.200007130741793659e-01 4.613108784706417831e-01 1.912835685025034149e-01 4.164770141101502288e-02 3.057578516158397930e-01 0.000000000000000000e+00
3.250000000000000000e+03 1.300007724970275724e-01 4.860036413290851343e-01 1.618115612198452458e-01 7.919890760127445972e-02 2.729858898497951603e-01 0.000000000000000000e+00
3.500000000000000000e+03 1.400008319198757789e-01 5.067137005006827621e-01 1.136777423759672279e-01 9.820209376422393832e-02 2.814064633591260578e-01 0.000000000000000000e+00
3.750000000000000000e+03 1.500008913427242074e-01 5.352753755120619461e-01 8.010923987255348655e-02 1.282430587164314906e-01 2.563723258989530907e-01 0.000000000000000000e+00
4.000000000000000000e+03 1.600009507655724139e-01 5.644060081929904715e-01 7.806099226217569353e-02 1.502048247610377751e-01 2.073281747837960876e-01 0.000000000000000000e+00
4.250000000000000000e+03 1.700010101884206204e-01 5.967228038233954868e-01 7.601274465179790052e-02 1.574874829312699065e-01 1.697769685935366368e-01 0.000000000000000000e+00
4.500000000000000000e+03 1.800010696112690489e-01 6.008192990441511006e-01 7.760582612653618706e-02 1.614701866181156020e-01 1.601046882111970826e-01 0.000000000000000000e+00
4.750000000000000000e+03 1.900011290341172554e-01 6.149294492489758568e-01 7.760582612653618706e-02 1.715976331360946627e-01 1.358670914883932657e-01 0.000000000000000000e+00
5.000000000000000000e+03 2.000011884569654619e-01 6.259672280382339027e-01 8.477469276285844180e-02 1.865043240782885692e-01 1.027537551206190308e-01 0.000000000000000000e+00
5.250000000000000000e+03 2.100012478798138904e-01 6.449704142011833952e-01 7.908511606736458310e-02 1.904870277651342647e-01 8.545744196631770151e-02 0.000000000000000000e+00
5.500000000000000000e+03 2.200013073026620969e-01 6.388256713700500855e-01 7.430587164314975124e-02 2.030040964952207483e-01 8.386436049157942885e-02 0.000000000000000000e+00
5.750000000000000000e+03 2.300013667255103034e-01 6.432635411925352598e-01 8.033682294037323979e-02 2.028903049613108855e-01 7.350933090578061491e-02 0.000000000000000000e+00
6.000000000000000000e+03 2.400014261483587319e-01 6.490669094219390090e-01 7.942649066909421296e-02 2.097177969959035104e-01 6.178880291306326766e-02 0.000000000000000000e+00
6.250000000000000000e+03 2.500014855712069384e-01 6.576012744651797970e-01 8.033682294037323979e-02 2.099453800637232637e-01 5.211652253072371344e-02 0.000000000000000000e+00
6.500000000000000000e+03 2.600015449940551449e-01 6.539599453800637452e-01 8.511606736458807165e-02 2.177969959035047920e-01 4.301319981793354230e-02 1.137915339098771066e-04
6.750000000000000000e+03 2.700016044169035734e-01 6.668183887118798170e-01 8.761948111060537114e-02 2.118798361401911801e-01 3.356850250341374825e-02 1.137915339098771066e-04
7.000000000000000000e+03 2.800016638397517799e-01 6.793354574419663283e-01 8.978152025489304078e-02 2.002730996813837094e-01 3.049613108784706567e-02 1.137915339098771066e-04
7.250000000000000000e+03 2.900017232625999863e-01 6.820664542558033672e-01 8.761948111060537114e-02 1.989076012744651900e-01 3.129267182521620200e-02 1.137915339098771066e-04
7.500000000000000000e+03 3.000017826854484149e-01 7.072143832498861693e-01 8.238507055075101893e-02 1.792216659080564378e-01 3.106508875739644876e-02 1.137915339098771066e-04
7.750000000000000000e+03 3.100018421082966213e-01 7.130177514792899185e-01 7.965407373691398007e-02 1.779699590350477811e-01 2.924442421483841592e-02 1.137915339098771066e-04
8.000000000000000000e+03 3.200019015311448278e-01 7.330450614474283144e-01 7.646791078743742087e-02 1.667045971779699542e-01 2.355484751934456070e-02 2.275830678197542133e-04
8.250000000000000000e+03 3.300019609539932564e-01 7.498862084660901095e-01 6.998179335457442585e-02 1.519116977696859383e-01 2.810650887573964626e-02 1.137915339098771066e-04
8.500000000000000000e+03 3.400020203768414628e-01 7.548930359581247362e-01 6.964041875284478211e-02 1.523668639053254448e-01 2.298588984979517413e-02 1.137915339098771066e-04
8.750000000000000000e+03 3.500020797996896693e-01 7.664997724169322346e-01 6.827492034592626269e-02 1.392808375056895642e-01 2.571688666363222686e-02 2.275830678197542133e-04
9.000000000000000000e+03 3.600021392225380978e-01 7.796995903504779779e-01 6.338188438780155420e-02 1.368912152935821691e-01 1.957214383249886169e-02 4.551661356395084266e-04
9.250000000000000000e+03 3.700021986453865264e-01 7.926718252162039402e-01 6.087847064178425471e-02 1.285844333181611343e-01 1.775147928994082885e-02 1.137915339098771066e-04
9.500000000000000000e+03 3.800022580682347328e-01 7.977924442421483464e-01 5.951297223486572835e-02 1.252844788347746985e-01 1.741010468821119553e-02 0.000000000000000000e+00
9.750000000000000000e+03 3.900023174910829393e-01 8.086026399635867223e-01 5.678197542102867562e-02 1.194811106053709632e-01 1.502048247610377786e-02 1.137915339098771066e-04
1.000000000000000000e+04 4.000023769139313679e-01 8.120163859808829931e-01 5.564406008192990249e-02 1.161811561219845274e-01 1.581702321347291593e-02 3.413746017296313199e-04
1.025000000000000000e+04 4.100024363367795743e-01 8.220300409649522466e-01 5.575785161583977911e-02 1.103777878925807920e-01 1.183431952662721866e-02 0.000000000000000000e+00
1.050000000000000000e+04 4.200024957596277808e-01 8.214610832954027941e-01 5.609922621756941591e-02 1.058261265361857134e-01 1.627218934911242587e-02 3.413746017296313199e-04
1.075000000000000000e+04 4.300025551824759873e-01 8.320436959490213891e-01 5.518889394629039602e-02 9.854346836595356818e-02 1.365498406918525323e-02 5.689576695493854790e-04
1.100000000000000000e+04 4.400026146053244158e-01 8.426263086026399840e-01 5.143377332726445372e-02 9.182976786527081992e-02 1.319981793354574502e-02 9.103322712790168532e-04
1.125000000000000000e+04 4.500026740281726223e-01 8.507055075102412101e-01 5.109239872553481693e-02 8.488848429676831842e-02 1.297223486572599005e-02 3.413746017296313199e-04
1.150000000000000000e+04 4.600027334510208288e-01 8.581019572143832042e-01 4.995448338643605074e-02 8.101957214383249950e-02 1.046882111970869403e-02 4.551661356395084266e-04
1.175000000000000000e+04 4.700027928738692573e-01 8.527537551206190169e-01 4.938552571688666071e-02 8.568502503413745475e-02 1.160673645880746542e-02 5.689576695493854790e-04
1.200000000000000000e+04 4.800028522967174638e-01 8.594674556213017791e-01 4.437869822485206867e-02 8.158852981338188259e-02 1.388256713700500647e-02 6.827492034592626399e-04
1.225000000000000000e+04 4.900029117195656703e-01 8.677742375967227861e-01 4.494765589440145870e-02 7.510241238051888757e-02 1.103777878925807886e-02 1.137915339098770958e-03
1.250000000000000000e+04 5.000029711424140988e-01 8.662949476558944317e-01 4.369594902139280895e-02 7.828857532999544677e-02 1.137915339098771045e-02 3.413746017296313199e-04
1.275000000000000000e+04 5.100030305652623053e-01 8.769913518434228061e-01 3.959945380063722986e-02 7.350933090578061491e-02 9.330905780609922637e-03 5.689576695493854790e-04
1.300000000000000000e+04 5.200030899881105118e-01 8.862084660901229372e-01 3.777878925807919702e-02 6.679563040509786664e-02 8.648156577150659455e-03 5.689576695493854790e-04
1.325000000000000000e+04 5.300031494109589403e-01 8.876877560309512916e-01 3.982703686845699004e-02 6.269913518434228061e-02 8.989531178880291046e-03 7.965407373691396923e-04
1.350000000000000000e+04 5.400032088338071468e-01 8.970186618115612021e-01 3.436504324078288458e-02 5.746472462448793533e-02 1.035502958579881741e-02 7.965407373691396923e-04
1.375000000000000000e+04 5.500032682566553532e-01 8.989531178880291185e-01 3.459262630860263782e-02 5.871643149749658508e-02 7.055075102412380721e-03 6.827492034592626399e-04
1.400000000000000000e+04 5.600033276795037818e-01 9.061219845243514426e-01 3.060992262175694228e-02 5.393718707328174627e-02 8.761948111060537808e-03 5.689576695493854790e-04
1.425000000000000000e+04 5.700033871023519882e-01 9.112426035502958488e-01 3.060992262175694228e-02 4.745106964041875125e-02 1.024123805188893906e-02 4.551661356395084266e-04
1.450000000000000000e+04 5.800034465252001947e-01 9.231907146108329076e-01 2.651342740100136666e-02 4.210286754665452935e-02 7.510241238051888930e-03 6.827492034592626399e-04
1.475000000000000000e+04 5.900035059480486233e-01 9.229631315430132377e-01 2.696859353664087314e-02 4.005461993627674328e-02 8.875739644970414427e-03 1.137915339098770958e-03
1.500000000000000000e+04 6.000035653708968297e-01 9.277423759672280834e-01 2.674101046882111990e-02 3.800637232589895026e-02 6.372325898953117539e-03 1.137915339098770958e-03
1.525000000000000000e+04 6.100036247937450362e-01 9.330905780609922706e-01 2.423759672280382388e-02 3.629949931725079404e-02 5.575785161583977738e-03 7.965407373691396923e-04
1.550000000000000000e+04 6.200036842165934647e-01 9.283113336367774249e-01 2.742375967228038308e-02 3.720983158852981393e-02 6.030951297223486815e-03 1.024123805188893906e-03
1.575000000000000000e+04 6.300037436394416712e-01 9.370732817478379939e-01 2.321347291761493084e-02 3.140646335912607862e-02 6.941283568502503235e-03 1.365498406918525280e-03
1.600000000000000000e+04 6.400038030622898777e-01 9.411697769685934967e-01 2.071005917159763482e-02 3.083750568957669552e-02 6.486117432862995025e-03 7.965407373691396923e-04
1.625000000000000000e+04 6.500038624851383062e-01 9.420801092398725096e-01 2.184797451069640448e-02 2.867546654528902936e-02 6.486117432862995025e-03 9.103322712790168532e-04
1.650000000000000000e+04 6.600039219079865127e-01 9.454938552571688914e-01 2.014110150204824826e-02 2.708238507055074976e-02 5.461993627674101119e-03 1.820664542558033706e-03
1.675000000000000000e+04 6.700039813308347192e-01 9.472007282658170269e-01 1.945835229858898507e-02 2.685480200273099652e-02 5.461993627674101119e-03 1.024123805188893906e-03
1.700000000000000000e+04 6.800040407536831477e-01 9.500455166135639562e-01 1.877560309512972189e-02 2.492034592626308706e-02 4.893035958124715423e-03 1.365498406918525280e-03
1.725000000000000000e+04 6.900041001765313542e-01 9.553937187073281434e-01 1.843422849340009204e-02 2.093764223941738806e-02 4.096495220755575623e-03 1.137915339098770958e-03
1.750000000000000000e+04 7.000041595993795607e-01 9.573281747837960598e-01 1.820664542558033533e-02 1.832043695949021542e-02 4.551661356395083832e-03 1.593081474738279385e-03
1.775000000000000000e+04 7.100042190222277672e-01 9.555075102412380339e-01 1.684114701866181243e-02 1.991351843422849502e-02 6.486117432862995025e-03 1.251706873008648227e-03
1.800000000000000000e+04 7.200042784450761957e-01 9.578971324533455123e-01 1.467910787437414627e-02 1.820664542558033533e-02 7.396449704142011444e-03 1.820664542558033706e-03
1.825000000000000000e+04 7.300043378679244022e-01 9.644970414201183839e-01 1.172052799271734204e-02 1.547564861174328607e-02 6.941283568502503235e-03 1.365498406918525280e-03
1.850000000000000000e+04 7.400043972907726086e-01 9.668866636322257513e-01 1.024123805188893906e-02 1.342740100136549826e-02 7.965407373691398007e-03 1.479289940828402332e-03
1.875000000000000000e+04 7.500044567136210372e-01 9.712107419208011461e-01 9.444697314519799256e-03 1.388256713700500647e-02 4.096495220755575623e-03 1.365498406918525280e-03
1.900000000000000000e+04 7.600045161364692436e-01 9.700728265817023521e-01 9.217114246700046018e-03 1.513427401001365448e-02 3.982703686845699004e-03 1.593081474738279385e-03
1.925000000000000000e+04 7.700045755593174501e-01 9.699590350477924616e-01 8.761948111060537808e-03 1.513427401001365448e-02 4.437869822485207214e-03 1.706873008648156654e-03
1.950000000000000000e+04 7.800046349821658787e-01 9.714383249886208160e-01 8.420573509330906217e-03 1.319981793354574502e-02 4.210286754665453109e-03 2.730996813837050560e-03
1.975000000000000000e+04 7.900046944050140851e-01 9.755348202093764298e-01 7.168866636322257339e-03 1.206190259444697363e-02 3.413746017296313308e-03 1.820664542558033706e-03
2.000000000000000000e+04 8.000047538278622916e-01 9.763313609467455523e-01 5.348202093764223633e-03 1.342740100136549826e-02 2.958579881656804664e-03 1.934456076467910759e-03
2.025000000000000000e+04 8.100048132507107201e-01 9.759899863450158808e-01 5.575785161583977738e-03 1.274465179790623508e-02 3.186162949476558769e-03 2.503413746017296455e-03
2.050000000000000000e+04 8.200048726735589266e-01 9.784934000910332497e-01 4.210286754665453109e-03 1.172052799271734204e-02 3.527537551206190360e-03 2.048247610377787811e-03
2.075000000000000000e+04 8.300049320964071331e-01 9.806554392353209471e-01 4.779244424214838804e-03 1.024123805188893906e-02 2.275830678197541916e-03 2.048247610377787811e-03
2.100000000000000000e+04 8.400049915192555616e-01 9.823623122439690825e-01 4.096495220755575623e-03 8.192990441511151245e-03 3.299954483386436255e-03 2.048247610377787811e-03
2.125000000000000000e+04 8.500050509421037681e-01 9.812243969048702885e-01 4.665452890304961318e-03 9.444697314519799256e-03 2.617205279927173507e-03 2.048247610377787811e-03
2.150000000000000000e+04 8.600051103649519746e-01 9.833864360491579859e-01 3.868912152935821518e-03 8.648156577150659455e-03 2.048247610377787811e-03 2.048247610377787811e-03
2.175000000000000000e+04 8.700051697878004031e-01 9.837278106508875464e-01 4.779244424214838804e-03 7.055075102412380721e-03 2.162039144287664864e-03 2.275830678197541916e-03
2.200000000000000000e+04 8.800052292106486096e-01 9.857760582612653533e-01 4.324078288575329727e-03 6.144742831133363434e-03 1.706873008648156654e-03 2.048247610377787811e-03
2.225000000000000000e+04 8.900052886334968161e-01 9.863450159308146947e-01 3.527537551206190360e-03 5.689576695493855224e-03 2.617205279927173507e-03 1.820664542558033706e-03
2.250000000000000000e+04 9.000053480563452446e-01 9.854346836595356818e-01 4.210286754665453109e-03 5.803368229403732710e-03 1.820664542558033706e-03 2.730996813837050560e-03
2.275000000000000000e+04 9.100054074791934511e-01 9.858898497951752438e-01 4.551661356395083832e-03 6.372325898953117539e-03 1.024123805188893906e-03 2.162039144287664864e-03
2.300000000000000000e+04 9.200054669020416576e-01 9.885070550751023921e-01 2.617205279927173507e-03 5.917159763313609329e-03 1.024123805188893906e-03 1.934456076467910759e-03
2.325000000000000000e+04 9.300055263248900861e-01 9.881656804733728316e-01 2.958579881656804664e-03 5.803368229403732710e-03 1.251706873008648227e-03 1.820664542558033706e-03
2.350000000000000000e+04 9.400055857477382926e-01 9.899863450159308575e-01 3.072371415566681717e-03 4.551661356395083832e-03 1.251706873008648227e-03 1.137915339098770958e-03
2.375000000000000000e+04 9.500056451705864990e-01 9.888484296768320636e-01 2.617205279927173507e-03 4.096495220755575623e-03 1.137915339098770958e-03 3.299954483386436255e-03
2.400000000000000000e+04 9.600057045934349276e-01 9.891898042785616241e-01 3.072371415566681717e-03 4.210286754665453109e-03 1.365498406918525280e-03 2.162039144287664864e-03
2.425000000000000000e+04 9.700057640162831341e-01 9.897587619481110766e-01 1.934456076467910759e-03 5.461993627674101119e-03 9.103322712790168532e-04 1.934456076467910759e-03
2.450000000000000000e+04 9.800058234391313405e-01 9.907828857532999800e-01 2.389622212107419402e-03 2.844788347746927612e-03 1.251706873008648227e-03 2.730996813837050560e-03
2.475000000000000000e+04 9.900058828619795470e-01 9.910104688211197610e-01 2.275830678197541916e-03 3.413746017296313308e-03 1.251706873008648227e-03 2.048247610377787811e-03
2.500000000000000000e+04 1.000005942284827753e+00 9.911242603550295405e-01 1.365498406918525280e-03 2.844788347746927612e-03 1.820664542558033706e-03 2.844788347746927612e-03
