# itime ezz other fcc hcp bcc ico
0.000000000000000000e+00 0.000000000000000000e+00 9.103322712790168532e-04 9.990896677287209870e-01 0.000000000000000000e+00 0.000000000000000000e+00 0.000000000000000000e+00
3.000000000000000000e+00 1.199934076471897981e-03 1.024123805188893906e-03 9.989758761948110966e-01 0.000000000000000000e+00 0.000000000000000000e+00 0.000000000000000000e+00
6.000000000000000000e+00 2.399868152943795963e-03 6.827492034592626399e-04 9.993172507965407680e-01 0.000000000000000000e+00 0.000000000000000000e+00 0.000000000000000000e+00
9.000000000000000000e+00 3.599802229415915988e-03 5.689576695493854790e-04 9.994310423304506585e-01 0.000000000000000000e+00 0.000000000000000000e+00 0.000000000000000000e+00
1.200000000000000000e+01 4.799736305887813970e-03 4.551661356395084266e-04 9.995448338643604380e-01 0.000000000000000000e+00 0.000000000000000000e+00 0.000000000000000000e+00
1.500000000000000000e+01 5.999670382359711951e-03 9.103322712790168532e-04 9.990896677287209870e-01 0.000000000000000000e+00 0.000000000000000000e+00 0.000000000000000000e+00
1.800000000000000000e+01 7.199604458831609932e-03 1.024123805188893906e-03 9.989758761948110966e-01 0.000000000000000000e+00 0.000000000000000000e+00 0.000000000000000000e+00
2.100000000000000000e+01 8.399538535303729958e-03 2.048247610377787811e-03 9.979517523896221931e-01 0.000000000000000000e+00 0.000000000000000000e+00 0.000000000000000000e+00
2.400000000000000000e+01 9.599472611775627939e-03 2.503413746017296455e-03 9.974965862539827421e-01 0.000000000000000000e+00 0.000000000000000000e+00 0.000000000000000000e+00
2.700000000000000000e+01 1.079940668824752592e-02 1.024123805188893906e-03 9.989758761948110966e-01 0.000000000000000000e+00 0.000000000000000000e+00 0.000000000000000000e+00
3.000000000000000000e+01 1.199934076471942390e-02 1.024123805188893906e-03 9.989758761948110966e-01 0.000000000000000000e+00 0.000000000000000000e+00 0.000000000000000000e+00
3.300000000000000000e+01 1.319927484119132188e-02 7.965407373691396923e-04 9.992034592626308775e-01 0.000000000000000000e+00 0.000000000000000000e+00 0.000000000000000000e+00
3.600000000000000000e+01 1.439920891766344191e-02 2.162039144287664864e-03 9.978379608557123026e-01 0.000000000000000000e+00 0.000000000000000000e+00 0.000000000000000000e+00
3.900000000000000000e+01 1.559914299413533989e-02 1.934456076467910759e-03 9.980655439235320836e-01 0.000000000000000000e+00 0.000000000000000000e+00 0.000000000000000000e+00
4.200000000000000000e+01 1.679907707060723787e-02 2.503413746017296455e-03 9.974965862539827421e-01 0.000000000000000000e+00 0.000000000000000000e+00 0.000000000000000000e+00
4.500000000000000000e+01 1.799901114707913585e-02 2.048247610377787811e-03 9.979517523896221931e-01 0.000000000000000000e+00 0.000000000000000000e+00 0.000000000000000000e+00
4.800000000000000000e+01 1.919894522355125588e-02 1.137915339098770958e-03 9.987482931269913156e-01 0.000000000000000000e+00 1.137915339098771066e-04 0.000000000000000000e+00
5.100000000000000000e+01 2.039887930002315386e-02 1.137915339098770958e-03 9.988620846609012061e-01 0.000000000000000000e+00 0.000000000000000000e+00 0.000000000000000000e+00
5.400000000000000000e+01 2.159881337649505184e-02 1.365498406918525280e-03 9.986345015930814251e-01 0.000000000000000000e+00 0.000000000000000000e+00 0.000000000000000000e+00
5.700000000000000000e+01 2.279874745296694982e-02 2.048247610377787811e-03 9.979517523896221931e-01 0.000000000000000000e+00 0.000000000000000000e+00 0.000000000000000000e+00
6.000000000000000000e+01 2.399868152943906985e-02 3.072371415566681717e-03 9.969276285844332897e-01 0.000000000000000000e+00 0.000000000000000000e+00 0.000000000000000000e+00
6.300000000000000000e+01 2.519861560591096783e-02 3.868912152935821518e-03 9.960172963131542767e-01 0.000000000000000000e+00 1.137915339098771066e-04 0.000000000000000000e+00
6.600000000000000000e+01 2.639854968238286581e-02 3.641329085116067413e-03 9.963586709148839482e-01 0.000000000000000000e+00 0.000000000000000000e+00 0.000000000000000000e+00
6.900000000000000000e+01 2.759848375885476379e-02 5.348202093764223633e-03 9.945380063723259223e-01 0.000000000000000000e+00 1.137915339098771066e-04 0.000000000000000000e+00
7.200000000000000000e+01 2.879841783532666177e-02 4.893035958124715423e-03 9.951069640418752638e-01 0.000000000000000000e+00 0.000000000000000000e+00 0.000000000000000000e+00
7.500000000000000000e+01 2.999835191179878180e-02 5.006827492034592909e-03 9.949931725079653733e-01 0.000000000000000000e+00 0.000000000000000000e+00 0.000000000000000000e+00
7.800000000000000000e+01 3.119828598827067978e-02 5.234410559854347014e-03 9.947655894401457033e-01 0.000000000000000000e+00 0.000000000000000000e+00 0.000000000000000000e+00
8.100000000000000000e+01 3.239822006474257776e-02 5.348202093764223633e-03 9.946517979062358128e-01 0.000000000000000000e+00 0.000000000000000000e+00 0.000000000000000000e+00
8.400000000000000000e+01 3.359815414121447574e-02 4.437869822485207214e-03 9.955621301775148257e-01 0.000000000000000000e+00 0.000000000000000000e+00 0.000000000000000000e+00
8.700000000000000000e+01 3.479808821768659577e-02 5.006827492034592909e-03 9.949931725079653733e-01 0.000000000000000000e+00 0.000000000000000000e+00 0.000000000000000000e+00
9.000000000000000000e+01 3.599802229415849375e-02 4.779244424214838804e-03 9.951069640418752638e-01 0.000000000000000000e+00 1.137915339098771066e-04 0.000000000000000000e+00
9.300000000000000000e+01 3.719795637063039173e-02 4.779244424214838804e-03 9.952207555757851543e-01 0.000000000000000000e+00 0.000000000000000000e+00 0.000000000000000000e+00
9.600000000000000000e+01 3.839789044710228971e-02 6.030951297223486815e-03 9.939690487027764698e-01 0.000000000000000000e+00 0.000000000000000000e+00 0.000000000000000000e+00
9.900000000000000000e+01 3.959782452357418769e-02 6.144742831133363434e-03 9.938552571688666903e-01 0.000000000000000000e+00 0.000000000000000000e+00 0.000000000000000000e+00
1.020000000000000000e+02 4.079775860004630772e-02 6.486117432862995025e-03 9.935138825671370189e-01 0.000000000000000000e+00 0.000000000000000000e+00 0.000000000000000000e+00
1.050000000000000000e+02 4.199769267651820570e-02 8.534365043240782836e-03 9.913518434228493215e-01 0.000000000000000000e+00 1.137915339098771066e-04 0.000000000000000000e+00
1.080000000000000000e+02 4.319762675299010368e-02 1.092398725534820224e-02 9.889622212107419541e-01 0.000000000000000000e+00 1.137915339098771066e-04 0.000000000000000000e+00
1.110000000000000000e+02 4.439756082946200166e-02 1.308602639963586667e-02 9.868001820664542567e-01 0.000000000000000000e+00 1.137915339098771066e-04 0.000000000000000000e+00
1.140000000000000000e+02 4.559749490593412169e-02 1.263086026399635846e-02 9.870277651342740377e-01 0.000000000000000000e+00 3.413746017296313199e-04 0.000000000000000000e+00
1.170000000000000000e+02 4.679742898240601967e-02 1.103777878925807886e-02 9.881656804733728316e-01 0.000000000000000000e+00 7.965407373691396923e-04 0.000000000000000000e+00
1.200000000000000000e+02 4.799736305887791765e-02 1.285844333181611343e-02 9.866863905325443662e-01 0.000000000000000000e+00 4.551661356395084266e-04 0.000000000000000000e+00
1.230000000000000000e+02 4.919729713534981563e-02 1.376877560309512985e-02 9.860036413290851343e-01 0.000000000000000000e+00 2.275830678197542133e-04 0.000000000000000000e+00
1.260000000000000000e+02 5.039723121182171361e-02 1.103777878925807886e-02 9.885070550751023921e-01 0.000000000000000000e+00 4.551661356395084266e-04 0.000000000000000000e+00
1.290000000000000000e+02 5.159716528829383364e-02 1.035502958579881741e-02 9.895311788802912956e-01 0.000000000000000000e+00 1.137915339098771066e-04 0.000000000000000000e+00
1.320000000000000000e+02 5.279709936476573162e-02 1.012744651797906244e-02 9.896449704142011861e-01 0.000000000000000000e+00 2.275830678197542133e-04 0.000000000000000000e+00
1.350000000000000000e+02 5.399703344123762960e-02 1.081019572143832562e-02 9.888484296768320636e-01 0.000000000000000000e+00 3.413746017296313199e-04 0.000000000000000000e+00
1.380000000000000000e+02 5.519696751770952758e-02 1.228948566226672687e-02 9.872553482020938187e-01 0.000000000000000000e+00 4.551661356395084266e-04 0.000000000000000000e+00
1.410000000000000000e+02 5.639690159418164761e-02 1.217569412835685025e-02 9.875967228038233792e-01 0.000000000000000000e+00 2.275830678197542133e-04 0.000000000000000000e+00
1.440000000000000000e+02 5.759683567065354559e-02 1.069640418752844727e-02 9.890760127446518446e-01 0.000000000000000000e+00 2.275830678197542133e-04 0.000000000000000000e+00
1.470000000000000000e+02 5.879676974712544357e-02 1.149294492489758707e-02 9.883932635411925016e-01 0.000000000000000000e+00 1.137915339098771066e-04 0.000000000000000000e+00
1.500000000000000000e+02 5.999670382359734155e-02 1.194811106053709528e-02 9.879380974055530507e-01 0.000000000000000000e+00 1.137915339098771066e-04 0.000000000000000000e+00
1.530000000000000000e+02 6.119663790006946158e-02 1.661356395084205573e-02 9.829312699135184239e-01 0.000000000000000000e+00 4.551661356395084266e-04 0.000000000000000000e+00
1.560000000000000000e+02 6.239657197654135956e-02 1.877560309512972189e-02 9.805416477014110566e-01 0.000000000000000000e+00 6.827492034592626399e-04 0.000000000000000000e+00
1.590000000000000000e+02 6.359650605301325754e-02 2.207555757851615771e-02 9.769003186162948937e-01 0.000000000000000000e+00 1.024123805188893906e-03 0.000000000000000000e+00
1.620000000000000000e+02 6.479644012948515552e-02 2.617205279927173334e-02 9.729176149294492815e-01 0.000000000000000000e+00 9.103322712790168532e-04 0.000000000000000000e+00
1.650000000000000000e+02 6.599637420595705350e-02 2.947200728265816916e-02 9.693900773782430091e-01 0.000000000000000000e+00 1.137915339098770958e-03 0.000000000000000000e+00
1.680000000000000000e+02 6.719630828242917353e-02 3.060992262175694228e-02 9.687073281747837772e-01 0.000000000000000000e+00 6.827492034592626399e-04 0.000000000000000000e+00
1.710000000000000000e+02 6.839624235890107151e-02 3.026854802002730896e-02 9.680245789713245452e-01 0.000000000000000000e+00 1.706873008648156654e-03 0.000000000000000000e+00
1.740000000000000000e+02 6.959617643537296949e-02 3.311333636777423484e-02 9.651797906235776159e-01 0.000000000000000000e+00 1.706873008648156654e-03 0.000000000000000000e+00
1.770000000000000000e+02 7.079611051184486747e-02 3.800637232589895026e-02 9.599453800637232082e-01 0.000000000000000000e+00 2.048247610377787811e-03 0.000000000000000000e+00
1.800000000000000000e+02 7.199604458831698750e-02 4.301319981793354230e-02 9.538006372325898985e-01 0.000000000000000000e+00 3.186162949476558769e-03 0.000000000000000000e+00
1.830000000000000000e+02 7.319597866478888548e-02 5.143377332726445372e-02 9.457214383249886724e-01 0.000000000000000000e+00 2.844788347746927612e-03 0.000000000000000000e+00
1.860000000000000000e+02 7.439591274126078346e-02 5.905780609922621494e-02 9.386663632225762388e-01 0.000000000000000000e+00 2.275830678197541916e-03 0.000000000000000000e+00
1.890000000000000000e+02 7.559584681773268144e-02 6.178880291306326766e-02 9.352526172052799680e-01 0.000000000000000000e+00 2.958579881656804664e-03 0.000000000000000000e+00
1.920000000000000000e+02 7.679578089420457943e-02 6.315430131998178709e-02 9.336595357305416121e-01 0.000000000000000000e+00 3.186162949476558769e-03 0.000000000000000000e+00
1.950000000000000000e+02 7.799571497067669945e-02 6.406463359126081392e-02 9.321802457897132577e-01 0.000000000000000000e+00 3.755120619025944465e-03 0.000000000000000000e+00
1.980000000000000000e+02 7.919564904714859743e-02 6.372325898953118406e-02 9.317250796540736957e-01 0.000000000000000000e+00 4.551661356395083832e-03 0.000000000000000000e+00
2.010000000000000000e+02 8.039558312362049541e-02 6.702321347291761988e-02 9.291078743741465473e-01 0.000000000000000000e+00 3.868912152935821518e-03 0.000000000000000000e+00
2.040000000000000000e+02 8.159551720009239340e-02 6.838871187983613931e-02 9.278561675011378629e-01 0.000000000000000000e+00 3.755120619025944465e-03 0.000000000000000000e+00
2.070000000000000000e+02 8.279545127656451342e-02 6.952662721893490549e-02 9.262630860263996180e-01 0.000000000000000000e+00 4.210286754665453109e-03 0.000000000000000000e+00
2.100000000000000000e+02 8.399538535303641140e-02 7.885753299954482987e-02 9.163632225762403660e-01 0.000000000000000000e+00 4.779244424214838804e-03 0.000000000000000000e+00
2.130000000000000000e+02 8.519531942950830938e-02 8.545744196631770151e-02 9.083978152025489194e-01 0.000000000000000000e+00 6.144742831133363434e-03 0.000000000000000000e+00
2.160000000000000000e+02 8.639525350598020736e-02 9.171597633136094330e-02 9.025944469731451703e-01 0.000000000000000000e+00 5.689576695493855224e-03 0.000000000000000000e+00
2.190000000000000000e+02 8.759518758245210535e-02 9.467455621301774926e-02 8.990669094219390090e-01 0.000000000000000000e+00 6.258534365043240920e-03 0.000000000000000000e+00
2.220000000000000000e+02 8.879512165892422537e-02 1.027537551206190308e-01 8.907601274465180019e-01 0.000000000000000000e+00 6.486117432862995025e-03 0.000000000000000000e+00
2.250000000000000000e+02 8.999505573539612335e-02 1.132225762403277214e-01 8.796085571233500655e-01 0.000000000000000000e+00 7.168866636322257339e-03 0.000000000000000000e+00
2.280000000000000000e+02 9.119498981186802133e-02 1.234638142922166587e-01 8.698224852071005930e-01 0.000000000000000000e+00 6.713700500682749130e-03 0.000000000000000000e+00
2.310000000000000000e+02 9.239492388833991932e-02 1.300637232589895442e-01 8.623122439690487084e-01 0.000000000000000000e+00 7.624032771961766417e-03 0.000000000000000000e+00
2.340000000000000000e+02 9.359485796481203934e-02 1.360946745562130189e-01 8.552571688666362748e-01 0.000000000000000000e+00 8.648156577150659455e-03 0.000000000000000000e+00
2.370000000000000000e+02 9.479479204128393732e-02 1.434911242603550408e-01 8.488848429676831842e-01 0.000000000000000000e+00 7.624032771961766417e-03 0.000000000000000000e+00
2.400000000000000000e+02 9.599472611775583530e-02 1.448566226672735602e-01 8.466090122894857073e-01 0.000000000000000000e+00 8.534365043240782836e-03 0.000000000000000000e+00
2.430000000000000000e+02 9.719466019422773329e-02 1.533909877105143482e-01 8.370505234410560158e-01 0.000000000000000000e+00 9.558488848429677609e-03 0.000000000000000000e+00
2.460000000000000000e+02 9.839459427069985331e-02 1.611288120163859861e-01 8.287437414656350088e-01 0.000000000000000000e+00 1.012744651797906244e-02 0.000000000000000000e+00
2.490000000000000000e+02 9.959452834717175129e-02 1.694355939918070209e-01 8.175921711424669613e-01 0.000000000000000000e+00 1.297223486572599005e-02 0.000000000000000000e+00
2.520000000000000000e+02 1.007944624236436493e-01 1.867319071461083224e-01 7.998406918525261533e-01 0.000000000000000000e+00 1.342740100136549826e-02 0.000000000000000000e+00
2.550000000000000000e+02 1.019943965001155473e-01 1.976558944014565333e-01 7.883477469276285454e-01 0.000000000000000000e+00 1.399635867091488309e-02 0.000000000000000000e+00
2.580000000000000000e+02 1.031943305765874452e-01 2.048247610377788019e-01 7.810650887573964418e-01 0.000000000000000000e+00 1.411015020482476144e-02 0.000000000000000000e+00
2.610000000000000000e+02 1.043942646530595653e-01 2.133591260810195622e-01 7.720755575785162028e-01 0.000000000000000000e+00 1.456531634046426965e-02 0.000000000000000000e+00
2.640000000000000000e+02 1.055941987295314632e-01 2.256486117432862926e-01 7.588757396449704595e-01 0.000000000000000000e+00 1.547564861174328607e-02 0.000000000000000000e+00
2.670000000000000000e+02 1.067941328060033612e-01 2.327036868456986707e-01 7.496586253982703285e-01 0.000000000000000000e+00 1.763768775603095224e-02 0.000000000000000000e+00
2.700000000000000000e+02 1.079940668824752592e-01 2.443104233045061413e-01 7.378243058716431602e-01 0.000000000000000000e+00 1.786527082385070547e-02 0.000000000000000000e+00
2.730000000000000000e+02 1.091940009589473792e-01 2.564861174328629811e-01 7.240555302685480754e-01 0.000000000000000000e+00 1.945835229858898507e-02 0.000000000000000000e+00
2.760000000000000000e+02 1.103939350354192772e-01 2.657032316795630567e-01 7.121074192080109055e-01 0.000000000000000000e+00 2.218934911242603433e-02 0.000000000000000000e+00
2.790000000000000000e+02 1.115938691118911752e-01 2.774237596722803900e-01 7.006144742831132977e-01 0.000000000000000000e+00 2.196176604460628110e-02 0.000000000000000000e+00
2.820000000000000000e+02 1.127938031883630732e-01 2.947200728265816916e-01 6.821802457897132577e-01 0.000000000000000000e+00 2.309968138370505075e-02 0.000000000000000000e+00
2.850000000000000000e+02 1.139937372648349712e-01 3.041647701411014926e-01 6.713700500682748817e-01 0.000000000000000000e+00 2.446517979062357712e-02 0.000000000000000000e+00
2.880000000000000000e+02 1.151936713413070912e-01 3.153163404642694845e-01 6.594219390077378229e-01 0.000000000000000000e+00 2.526172052799271692e-02 0.000000000000000000e+00
2.910000000000000000e+02 1.163936054177789892e-01 3.306781975421028696e-01 6.408739189804278924e-01 0.000000000000000000e+00 2.844788347746927612e-02 0.000000000000000000e+00
2.940000000000000000e+02 1.175935394942508871e-01 3.410332271279016836e-01 6.299499317250796260e-01 0.000000000000000000e+00 2.901684114701866268e-02 0.000000000000000000e+00
2.970000000000000000e+02 1.187934735707227851e-01 3.574192080109239722e-01 6.119708693673190369e-01 0.000000000000000000e+00 3.060992262175694228e-02 0.000000000000000000e+00
3.000000000000000000e+02 1.199934076471949052e-01 3.732362312243969193e-01 5.930814747382794350e-01 1.137915339098771066e-04 3.356850250341374825e-02 0.000000000000000000e+00
3.030000000000000000e+02 1.211933417236668031e-01 3.884842967683204140e-01 5.770368684569867623e-01 0.000000000000000000e+00 3.447883477469276120e-02 0.000000000000000000e+00
3.060000000000000000e+02 1.223932758001387011e-01 4.082840236686390289e-01 5.558716431497496835e-01 0.000000000000000000e+00 3.584433318161128756e-02 0.000000000000000000e+00
3.090000000000000000e+02 1.235932098766105991e-01 4.258079198907601115e-01 5.364132908511606290e-01 0.000000000000000000e+00 3.777878925807919702e-02 0.000000000000000000e+00
3.120000000000000000e+02 1.247931439530824971e-01 4.453800637232590010e-01 5.147928994082839882e-01 0.000000000000000000e+00 3.982703686845699004e-02 0.000000000000000000e+00
3.150000000000000000e+02 1.259930780295546171e-01 4.592626308602639762e-01 4.984069185252616996e-01 2.275830678197542133e-04 4.210286754665452935e-02 0.000000000000000000e+00
3.180000000000000000e+02 1.271930121060265151e-01 4.699590350477924616e-01 4.825898953117888079e-01 2.275830678197542133e-04 4.722348657259899801e-02 0.000000000000000000e+00
3.210000000000000000e+02 1.283929461824984131e-01 4.854346836595357373e-01 4.615384615384615641e-01 3.413746017296313199e-04 5.268548020027309653e-02 0.000000000000000000e+00
3.240000000000000000e+02 1.295928802589703110e-01 4.951069640418752638e-01 4.490213928083750528e-01 1.137915339098771066e-04 5.575785161583977911e-02 0.000000000000000000e+00
3.270000000000000000e+02 1.307928143354424311e-01 5.078516158397815561e-01 4.321802457897132577e-01 1.137915339098771066e-04 5.985434683659535821e-02 0.000000000000000000e+00
3.300000000000000000e+02 1.319927484119143291e-01 5.251479289940828021e-01 4.113563950842057393e-01 2.275830678197542133e-04 6.326809285389166371e-02 0.000000000000000000e+00
3.330000000000000000e+02 1.331926824883862270e-01 5.408511606736459143e-01 3.908739189804278369e-01 6.827492034592626399e-04 6.759217114246700298e-02 0.000000000000000000e+00
3.360000000000000000e+02 1.343926165648581250e-01 5.501820664542558248e-01 3.767637687756030807e-01 1.024123805188893906e-03 7.203004096495220498e-02 0.000000000000000000e+00
3.390000000000000000e+02 1.355925506413302450e-01 5.614474283113336517e-01 3.612881201638598050e-01 9.103322712790168532e-04 7.635411925352754425e-02 0.000000000000000000e+00
3.420000000000000000e+02 1.367924847178021430e-01 5.753299954483386269e-01 3.458124715521165293e-01 9.103322712790168532e-04 7.794720072826581692e-02 0.000000000000000000e+00
3.450000000000000000e+02 1.379924187942740410e-01 5.846609012289485374e-01 3.318161128812016636e-01 1.024123805188893906e-03 8.249886208466089554e-02 0.000000000000000000e+00
3.480000000000000000e+02 1.391923528707459390e-01 5.966090122894857073e-01 3.149749658625398130e-01 1.820664542558033706e-03 8.659535730541648157e-02 0.000000000000000000e+00
3.510000000000000000e+02 1.403922869472178370e-01 6.065088757396449592e-01 3.000682749203459343e-01 2.617205279927173507e-03 9.080564406008193035e-02 0.000000000000000000e+00
3.540000000000000000e+02 1.415922210236899570e-01 6.142467000455166248e-01 2.866408739189804100e-01 2.275830678197541916e-03 9.683659535730541890e-02 0.000000000000000000e+00
3.570000000000000000e+02 1.427921551001618550e-01 6.246017296313154388e-01 2.717341829767865313e-01 2.617205279927173507e-03 1.010468821119708677e-01 0.000000000000000000e+00
3.600000000000000000e+02 1.439920891766337530e-01 6.428083750568958088e-01 2.510241238051889034e-01 4.096495220755575623e-03 1.020710059171597572e-01 0.000000000000000000e+00
3.630000000000000000e+02 1.451920232531056509e-01 6.523668639053253893e-01 2.354346836595357373e-01 4.210286754665453109e-03 1.079881656804733692e-01 0.000000000000000000e+00
3.660000000000000000e+02 1.463919573295777710e-01 6.692080109239872954e-01 2.170004551661356418e-01 4.893035958124715423e-03 1.088984979517523960e-01 0.000000000000000000e+00
3.690000000000000000e+02 1.475918914060496689e-01 6.784251251706873154e-01 2.060764679107874309e-01 5.575785161583977738e-03 1.099226217569412856e-01 0.000000000000000000e+00
3.720000000000000000e+02 1.487918254825215669e-01 6.800182066454255603e-01 1.989076012744651900e-01 5.917159763313609329e-03 1.151570323167956239e-01 0.000000000000000000e+00
3.750000000000000000e+02 1.499917595589934649e-01 6.895766954938552518e-01 1.846836595357305433e-01 6.941283568502503235e-03 1.187983614019117035e-01 0.000000000000000000e+00
3.780000000000000000e+02 1.511916936354653629e-01 7.032316795630405570e-01 1.657942649066909413e-01 6.486117432862995025e-03 1.244879380974055483e-01 0.000000000000000000e+00
3.810000000000000000e+02 1.523916277119374829e-01 7.147246244879380539e-01 1.537323623122439642e-01 7.055075102412380721e-03 1.244879380974055483e-01 0.000000000000000000e+00
3.840000000000000000e+02 1.535915617884093809e-01 7.210969503868912556e-01 1.428083750568957533e-01 8.989531178880291046e-03 1.271051433773327244e-01 0.000000000000000000e+00
3.870000000000000000e+02 1.547914958648812789e-01 7.308830223031406170e-01 1.312016385980883104e-01 8.989531178880291046e-03 1.289258079198907503e-01 0.000000000000000000e+00
3.900000000000000000e+02 1.559914299413531769e-01 7.391898042785616241e-01 1.197086936731907164e-01 8.761948111060537808e-03 1.323395539371870766e-01 0.000000000000000000e+00
3.930000000000000000e+02 1.571913640178252969e-01 7.403277196176604180e-01 1.127674101046882149e-01 9.672280382339554228e-03 1.372325898953117851e-01 0.000000000000000000e+00
3.960000000000000000e+02 1.583912980942971949e-01 7.467000455166135087e-01 1.081019572143832458e-01 9.103322712790167665e-03 1.360946745562130189e-01 0.000000000000000000e+00
3.990000000000000000e+02 1.595912321707690928e-01 7.486345015930814251e-01 1.042330450614474269e-01 1.001365498406918582e-02 1.371187983614019223e-01 0.000000000000000000e+00
4.020000000000000000e+02 1.607911662472409908e-01 7.545516613563950648e-01 9.604005461993628257e-02 1.069640418752844727e-02 1.387118798361401950e-01 0.000000000000000000e+00
4.050000000000000000e+02 1.619911003237128888e-01 7.558033682294037492e-01 9.080564406008193035e-02 1.183431952662721866e-02 1.415566681838871244e-01 0.000000000000000000e+00
4.080000000000000000e+02 1.631910344001850088e-01 7.586481565771506785e-01 8.614019116977697510e-02 1.331360946745562164e-02 1.418980427856167403e-01 0.000000000000000000e+00
4.110000000000000000e+02 1.643909684766569068e-01 7.638825671370049752e-01 8.033682294037323979e-02 1.570323167956303931e-02 1.400773782430587144e-01 0.000000000000000000e+00
4.140000000000000000e+02 1.655909025531288048e-01 7.687756030951297115e-01 7.783340919435594030e-02 1.570323167956303931e-02 1.376877560309512916e-01 0.000000000000000000e+00
4.170000000000000000e+02 1.667908366296007028e-01 7.666135639508420141e-01 7.385070550751024476e-02 1.604460628129267263e-02 1.434911242603550408e-01 0.000000000000000000e+00
4.200000000000000000e+02 1.679907707060728228e-01 7.711652253072371899e-01 6.781975421028675621e-02 1.661356395084205573e-02 1.444014565316340537e-01 0.000000000000000000e+00
4.230000000000000000e+02 1.691907047825447208e-01 7.778789258079198410e-01 6.338188438780155420e-02 1.763768775603095224e-02 1.411015020482476179e-01 0.000000000000000000e+00
4.260000000000000000e+02 1.703906388590166188e-01 7.843650432407829332e-01 6.156121984524351443e-02 1.832043695949021542e-02 1.357532999544833752e-01 0.000000000000000000e+00
4.290000000000000000e+02 1.715905729354885167e-01 7.842512517068730427e-01 5.928538916704597511e-02 2.025489303595812488e-02 1.362084660901228816e-01 0.000000000000000000e+00
4.320000000000000000e+02 1.727905070119606368e-01 7.886891215293582169e-01 5.632680928538916915e-02 2.093764223941738806e-02 1.340464269458352398e-01 0.000000000000000000e+00
4.350000000000000000e+02 1.739904410884325348e-01 7.933545744196631722e-01 5.473372781065088954e-02 2.014110150204824826e-02 1.317705962676376796e-01 0.000000000000000000e+00
4.380000000000000000e+02 1.751903751649044327e-01 7.961993627674101015e-01 5.325443786982248656e-02 2.116522530723714129e-02 1.293809740555302568e-01 0.000000000000000000e+00
4.410000000000000000e+02 1.763903092413763307e-01 8.021165225307237412e-01 5.109239872553481693e-02 2.253072371415566766e-02 1.242603550295857950e-01 0.000000000000000000e+00
4.440000000000000000e+02 1.775902433178482287e-01 8.055302685480200120e-01 4.915794264906690747e-02 2.355484751934456070e-02 1.217569412835685094e-01 0.000000000000000000e+00
4.470000000000000000e+02 1.787901773943203487e-01 8.084888484296768318e-01 5.006827492034592736e-02 2.537551206190259354e-02 1.160673645880746507e-01 0.000000000000000000e+00
4.500000000000000000e+02 1.799901114707922467e-01 8.122439690487027741e-01 4.813381884387801790e-02 2.457897132453345374e-02 1.150432407828857473e-01 0.000000000000000000e+00
4.530000000000000000e+02 1.811900455472641447e-01 8.117888029130633232e-01 4.676832043695949154e-02 2.628584433318160996e-02 1.151570323167956239e-01 0.000000000000000000e+00
4.560000000000000000e+02 1.823899796237360427e-01 8.165680473372780579e-01 4.403732362312243881e-02 2.651342740100136666e-02 1.128812016385980915e-01 0.000000000000000000e+00
4.590000000000000000e+02 1.835899137002081627e-01 8.170232134729176199e-01 4.346836595357305572e-02 2.696859353664087314e-02 1.125398270368684617e-01 0.000000000000000000e+00
4.620000000000000000e+02 1.847898477766800607e-01 8.220300409649522466e-01 4.267182521620391245e-02 2.799271734182976618e-02 1.073054164770141095e-01 0.000000000000000000e+00
4.650000000000000000e+02 1.859897818531519587e-01 8.244196631770596140e-01 4.130632680928538608e-02 3.072371415566681890e-02 1.035502958579881672e-01 0.000000000000000000e+00
4.680000000000000000e+02 1.871897159296238566e-01 8.293126991351843502e-01 3.971324533454710648e-02 2.935821574874829254e-02 1.016158397815202508e-01 0.000000000000000000e+00
4.710000000000000000e+02 1.883896500060957546e-01 8.344333181611288675e-01 3.880291306326809353e-02 2.958579881656804578e-02 9.717796995903504875e-02 0.000000000000000000e+00
4.740000000000000000e+02 1.895895840825678746e-01 8.368229403732362348e-01 3.846153846153846367e-02 3.060992262175694228e-02 9.410559854346836617e-02 0.000000000000000000e+00
4.770000000000000000e+02 1.907895181590397726e-01 8.420573509330905315e-01 3.857532999544834029e-02 2.901684114701866268e-02 9.035047792444242387e-02 0.000000000000000000e+00
4.800000000000000000e+02 1.919894522355116706e-01 8.455848884842968038e-01 3.755120619025944378e-02 2.799271734182976618e-02 8.887118798361401395e-02 0.000000000000000000e+00
4.830000000000000000e+02 1.931893863119835686e-01 8.518434228493400040e-01 3.504779244424215123e-02 2.776513427401001294e-02 8.534365043240782489e-02 0.000000000000000000e+00
4.860000000000000000e+02 1.943893203884556886e-01 8.568502503413746307e-01 3.311333636777423484e-02 2.685480200273099652e-02 8.318161128812016913e-02 0.000000000000000000e+00
4.890000000000000000e+02 1.955892544649275866e-01 8.584433318161128756e-01 3.322712790168411146e-02 2.662721893491124328e-02 8.170232134729175921e-02 0.000000000000000000e+00
4.920000000000000000e+02 1.967891885413994846e-01 8.596950386891215601e-01 3.152025489303595523e-02 2.639963586709149004e-02 8.238507055075101893e-02 0.000000000000000000e+00
4.950000000000000000e+02 1.979891226178713826e-01 8.623122439690487084e-01 3.049613108784706567e-02 2.708238507055074976e-02 8.010923987255348655e-02 0.000000000000000000e+00
4.980000000000000000e+02 1.991890566943432805e-01 8.660673645880746507e-01 2.935821574874829254e-02 2.708238507055074976e-02 7.749203459262631044e-02 0.000000000000000000e+00
5.010000000000000000e+02 2.003889907708154006e-01 8.733500227583067543e-01 2.878925807919890598e-02 2.708238507055074976e-02 7.077833409194356218e-02 0.000000000000000000e+00
5.040000000000000000e+02 2.015889248472872985e-01 8.780154756486117096e-01 2.708238507055074976e-02 2.651342740100136666e-02 6.838871187983613931e-02 0.000000000000000000e+00
5.070000000000000000e+02 2.027888589237591965e-01 8.808602639963586389e-01 2.617205279927173334e-02 2.548930359581247015e-02 6.747837960855712636e-02 0.000000000000000000e+00
5.100000000000000000e+02 2.039887930002310945e-01 8.798361401911697355e-01 2.594446973145198010e-02 2.639963586709149004e-02 6.781975421028675621e-02 0.000000000000000000e+00
5.130000000000000000e+02 2.051887270767032145e-01 8.822257624032772139e-01 2.503413746017296368e-02 2.753755120619025970e-02 6.520254893035958010e-02 0.000000000000000000e+00
5.160000000000000000e+02 2.063886611531751125e-01 8.830223031406463363e-01 2.560309512972235024e-02 2.776513427401001294e-02 6.360946745562130744e-02 0.000000000000000000e+00
5.190000000000000000e+02 2.075885952296470105e-01 8.876877560309512916e-01 2.378243058716431393e-02 2.719617660446062984e-02 6.133363677742376119e-02 0.000000000000000000e+00
5.220000000000000000e+02 2.087885293061189085e-01 8.906463359126081114e-01 2.412380518889394726e-02 2.742375967228038308e-02 5.780609922621757213e-02 0.000000000000000000e+00
5.250000000000000000e+02 2.099884633825910285e-01 8.916704597177970149e-01 2.435138825671370050e-02 2.822030040964952288e-02 5.575785161583977911e-02 0.000000000000000000e+00
5.280000000000000000e+02 2.111883974590629265e-01 8.911015020482475624e-01 2.298588984979517413e-02 2.878925807919890598e-02 5.712335002275830548e-02 0.000000000000000000e+00
5.310000000000000000e+02 2.123883315355348245e-01 8.925807919890760278e-01 2.230314064633591095e-02 2.833409194355939950e-02 5.678197542102867562e-02 0.000000000000000000e+00
5.340000000000000000e+02 2.135882656120067224e-01 8.949704142011833952e-01 2.196176604460628110e-02 2.765134274010013632e-02 5.541647701411014926e-02 0.000000000000000000e+00
5.370000000000000000e+02 2.147881996884786204e-01 8.944014565316340537e-01 2.162039144287665124e-02 2.867546654528902936e-02 5.530268548020027264e-02 0.000000000000000000e+00
5.400000000000000000e+02 2.159881337649507405e-01 8.964497041420118606e-01 2.184797451069640448e-02 2.913063268092853930e-02 5.257168866636321991e-02 0.000000000000000000e+00
5.430000000000000000e+02 2.171880678414226384e-01 8.967910787437414211e-01 2.173418297678652786e-02 3.026854802002730896e-02 5.120619025944470049e-02 0.000000000000000000e+00
5.460000000000000000e+02 2.183880019178945364e-01 9.037323623122439642e-01 2.071005917159763482e-02 2.913063268092853930e-02 4.642694583522986168e-02 0.000000000000000000e+00
5.490000000000000000e+02 2.195879359943664344e-01 9.044151115157031962e-01 2.184797451069640448e-02 2.981338188438780248e-02 4.392353208921256219e-02 0.000000000000000000e+00
5.520000000000000000e+02 2.207878700708385544e-01 9.027082385070550608e-01 2.332726445152480746e-02 2.890304961310878606e-02 4.506144742831133532e-02 0.000000000000000000e+00
5.550000000000000000e+02 2.219878041473104524e-01 9.062357760582612221e-01 2.321347291761493084e-02 2.901684114701866268e-02 4.153390987710514626e-02 0.000000000000000000e+00
5.580000000000000000e+02 2.231877382237823504e-01 9.103322712790168358e-01 2.116522530723714129e-02 2.787892580791988956e-02 4.062357760582612637e-02 0.000000000000000000e+00
5.610000000000000000e+02 2.243876723002542484e-01 9.107874374146563978e-01 2.059626763768775473e-02 2.719617660446062984e-02 4.142011834319526964e-02 0.000000000000000000e+00
5.640000000000000000e+02 2.255876063767261464e-01 9.180700955848885014e-01 1.957214383249886169e-02 2.503413746017296368e-02 3.732362312243969055e-02 0.000000000000000000e+00
5.670000000000000000e+02 2.267875404531982664e-01 9.192080109239872954e-01 1.923076923076923184e-02 2.594446973145198010e-02 3.561675011379153433e-02 0.000000000000000000e+00
5.700000000000000000e+02 2.279874745296701644e-01 9.182976786527082824e-01 1.888939462903959851e-02 2.548930359581247015e-02 3.732362312243969055e-02 0.000000000000000000e+00
5.730000000000000000e+02 2.291874086061420623e-01 9.198907601274465273e-01 1.741010468821119553e-02 2.548930359581247015e-02 3.720983158852981393e-02 0.000000000000000000e+00
5.760000000000000000e+02 2.303873426826139603e-01 9.200045516613564178e-01 1.695493855257168905e-02 2.560309512972235024e-02 3.743741465634956717e-02 0.000000000000000000e+00
5.790000000000000000e+02 2.315872767590860803e-01 9.204597177969958688e-01 1.809285389167045871e-02 2.594446973145198010e-02 3.550295857988165771e-02 0.000000000000000000e+00
5.820000000000000000e+02 2.327872108355579783e-01 9.230769230769231282e-01 1.752389622212107562e-02 2.537551206190259354e-02 3.402366863905325473e-02 0.000000000000000000e+00
5.850000000000000000e+02 2.339871449120298763e-01 9.228493400091033472e-01 1.786527082385070547e-02 2.492034592626308706e-02 3.436504324078288458e-02 0.000000000000000000e+00
5.880000000000000000e+02 2.351870789885017743e-01 9.260355029585798370e-01 1.763768775603095224e-02 2.332726445152480746e-02 3.299954483386435822e-02 0.000000000000000000e+00
5.910000000000000000e+02 2.363870130649738943e-01 9.262630860263996180e-01 1.797906235776058209e-02 2.344105598543468408e-02 3.231679563040509851e-02 0.000000000000000000e+00
5.940000000000000000e+02 2.375869471414457923e-01 9.248975876194811541e-01 1.843422849340009204e-02 2.446517979062357712e-02 3.220300409649522189e-02 0.000000000000000000e+00
5.970000000000000000e+02 2.387868812179176903e-01 9.272872098315885214e-01 1.729631315430131891e-02 2.389622212107419055e-02 3.152025489303595523e-02 0.000000000000000000e+00
6.000000000000000000e+02 2.399868152943895883e-01 9.269458352298588499e-01 1.695493855257168905e-02 2.423759672280382388e-02 3.186162949476559203e-02 0.000000000000000000e+00
6.030000000000000000e+02 2.411867493708614862e-01 9.286527082385070964e-01 1.729631315430131891e-02 2.309968138370505075e-02 3.095129722348657214e-02 0.000000000000000000e+00
6.060000000000000000e+02 2.423866834473336063e-01 9.295630405097861093e-01 1.752389622212107562e-02 2.218934911242603433e-02 3.072371415566681890e-02 0.000000000000000000e+00
6.090000000000000000e+02 2.435866175238055042e-01 9.329767865270823801e-01 1.649977241693217911e-02 2.025489303595812488e-02 3.026854802002730896e-02 0.000000000000000000e+00
6.120000000000000000e+02 2.447865516002774022e-01 9.338871187983613931e-01 1.593081474738279601e-02 2.036868456986800149e-02 2.981338188438780248e-02 0.000000000000000000e+00
6.150000000000000000e+02 2.459864856767493002e-01 9.343422849340009551e-01 1.627218934911242587e-02 2.071005917159763482e-02 2.867546654528902936e-02 0.000000000000000000e+00
6.180000000000000000e+02 2.471864197532214202e-01 9.329767865270823801e-01 1.638598088302230249e-02 2.127901684114701791e-02 2.924442421483841592e-02 1.137915339098771066e-04
6.210000000000000000e+02 2.483863538296933182e-01 9.347974510696404060e-01 1.570323167956303931e-02 2.105143377332726468e-02 2.833409194355939950e-02 1.137915339098771066e-04
6.240000000000000000e+02 2.495862879061652162e-01 9.337733272644515026e-01 1.695493855257168905e-02 2.196176604460628110e-02 2.719617660446062984e-02 1.137915339098771066e-04
6.270000000000000000e+02 2.507862219826371142e-01 9.341147018661811741e-01 1.672735548475193582e-02 2.321347291761493084e-02 2.594446973145198010e-02 0.000000000000000000e+00
6.300000000000000000e+02 2.519861560591090122e-01 9.330905780609922706e-01 1.706873008648156567e-02 2.435138825671370050e-02 2.537551206190259354e-02 1.137915339098771066e-04
6.330000000000000000e+02 2.531860901355811322e-01 9.365043240782885414e-01 1.741010468821119553e-02 2.241693218024579104e-02 2.366863905325443732e-02 0.000000000000000000e+00
6.360000000000000000e+02 2.543860242120530302e-01 9.371870732817478844e-01 1.820664542558033533e-02 2.127901684114701791e-02 2.332726445152480746e-02 0.000000000000000000e+00
6.390000000000000000e+02 2.555859582885249282e-01 9.365043240782885414e-01 2.048247610377787811e-02 2.150659990896677115e-02 2.150659990896677115e-02 0.000000000000000000e+00
6.420000000000000000e+02 2.567858923649968261e-01 9.352526172052799680e-01 2.002730996813837164e-02 2.082385070550751144e-02 2.389622212107419055e-02 0.000000000000000000e+00
6.450000000000000000e+02 2.579858264414689462e-01 9.366181156121984319e-01 1.888939462903959851e-02 2.105143377332726468e-02 2.344105598543468408e-02 0.000000000000000000e+00
6.480000000000000000e+02 2.591857605179408441e-01 9.353664087391898585e-01 1.934456076467910846e-02 2.230314064633591095e-02 2.298588984979517413e-02 0.000000000000000000e+00
6.510000000000000000e+02 2.603856945944127421e-01 9.374146563495675544e-01 1.741010468821119553e-02 2.241693218024579104e-02 2.275830678197542090e-02 0.000000000000000000e+00
6.540000000000000000e+02 2.615856286708846401e-01 9.380974055530268974e-01 1.627218934911242587e-02 2.253072371415566766e-02 2.309968138370505075e-02 0.000000000000000000e+00
6.570000000000000000e+02 2.627855627473565381e-01 9.378698224852071164e-01 1.672735548475193582e-02 2.287209831588529751e-02 2.253072371415566766e-02 0.000000000000000000e+00
6.600000000000000000e+02 2.639854968238286581e-01 9.374146563495675544e-01 1.741010468821119553e-02 2.435138825671370050e-02 2.082385070550751144e-02 0.000000000000000000e+00
6.630000000000000000e+02 2.651854309003005561e-01 9.396904870277651423e-01 1.718252162039144229e-02 2.253072371415566766e-02 2.059626763768775473e-02 0.000000000000000000e+00
6.660000000000000000e+02 2.663853649767724541e-01 9.398042785616750328e-01 1.797906235776058209e-02 2.173418297678652786e-02 2.036868456986800149e-02 1.137915339098771066e-04
6.690000000000000000e+02 2.675852990532443521e-01 9.415111515703231682e-01 1.775147928994082885e-02 2.036868456986800149e-02 2.036868456986800149e-02 0.000000000000000000e+00
6.720000000000000000e+02 2.687852331297164721e-01 9.428766499772417431e-01 1.718252162039144229e-02 2.093764223941738806e-02 1.900318616294947513e-02 0.000000000000000000e+00
6.750000000000000000e+02 2.699851672061883701e-01 9.434456076467910846e-01 1.570323167956303931e-02 2.150659990896677115e-02 1.923076923076923184e-02 1.137915339098771066e-04
6.780000000000000000e+02 2.711851012826602680e-01 9.437869822485207560e-01 1.649977241693217911e-02 2.071005917159763482e-02 1.888939462903959851e-02 1.137915339098771066e-04
6.810000000000000000e+02 2.723850353591321660e-01 9.441283568502503165e-01 1.775147928994082885e-02 1.991351843422849502e-02 1.809285389167045871e-02 1.137915339098771066e-04
