# itime ezz other fcc hcp bcc ico
0.000000000000000000e+00 0.000000000000000000e+00 0.000000000000000000e+00 1.000000000000000000e+00 0.000000000000000000e+00 0.000000000000000000e+00 0.000000000000000000e+00
2.500000000000000000e+03 9.999954570138580578e-03 5.689576695493854790e-04 9.994310423304506585e-01 0.000000000000000000e+00 0.000000000000000000e+00 0.000000000000000000e+00
5.000000000000000000e+03 1.999990914027716116e-02 3.413746017296313308e-03 9.965862539827037292e-01 0.000000000000000000e+00 0.000000000000000000e+00 0.000000000000000000e+00
7.500000000000000000e+03 2.999986371041574174e-02 4.324078288575329727e-03 9.956759217114247162e-01 0.000000000000000000e+00 0.000000000000000000e+00 0.000000000000000000e+00
1.000000000000000000e+04 3.999981828055432231e-02 9.672280382339554228e-03 9.901001365498406370e-01 0.000000000000000000e+00 2.275830678197542133e-04 0.000000000000000000e+00
1.250000000000000000e+04 4.999977285069290289e-02 1.046882111970869403e-02 9.889622212107419541e-01 0.000000000000000000e+00 5.689576695493854790e-04 0.000000000000000000e+00
1.500000000000000000e+04 5.999972742083148347e-02 2.753755120619025970e-02 9.707555757851615841e-01 0.000000000000000000e+00 1.706873008648156654e-03 0.000000000000000000e+00
1.750000000000000000e+04 6.999968199097006405e-02 4.745106964041875125e-02 9.493627674101047242e-01 0.000000000000000000e+00 3.186162949476558769e-03 0.000000000000000000e+00
2.000000000000000000e+04 7.999963656110864463e-02 1.029813381884387841e-01 8.851843422849340337e-01 0.000000000000000000e+00 1.183431952662721866e-02 0.000000000000000000e+00
2.250000000000000000e+04 8.999959113124722521e-02 1.998179335457442030e-01 6.160673645880746507e-01 1.135639508420573512e-01 7.055075102412380894e-02 0.000000000000000000e+00
2.500000000000000000e+04 9.999954570138558374e-02 1.124260355029585851e-01 6.384842967683204140e-01 2.346381429221665871e-01 1.445152480655439303e-02 0.000000000000000000e+00
2.750000000000000000e+04 1.099995002715241643e-01 1.846836595357305433e-01 5.549613108784706705e-01 2.181383705052344080e-01 4.221665908056440597e-02 0.000000000000000000e+00
3.000000000000000000e+04 1.199994548416627449e-01 2.734410559854346667e-01 2.812926718252162228e-01 2.441966317705962786e-01 2.010696404187528319e-01 0.000000000000000000e+00
3.250000000000000000e+04 1.299994094118013255e-01 2.849340009103322746e-01 2.299726900318616318e-01 2.982476103777879084e-01 1.868456986800182129e-01 0.000000000000000000e+00
3.500000000000000000e+04 1.399993639819399061e-01 2.801547564861174289e-01 1.638598088302230249e-01 3.568502503413745752e-01 1.991351843422849432e-01 0.000000000000000000e+00
3.750000000000000000e+04 1.499993185520784866e-01 2.690031861629494925e-01 9.490213928083750250e-02 4.419663177059626746e-01 1.941283568502503443e-01 0.000000000000000000e+00
4.000000000000000000e+04 1.599992731222170672e-01 2.641101502048247562e-01 1.125398270368684617e-01 5.065999089667728716e-01 1.167501137915339104e-01 0.000000000000000000e+00
4.250000000000000000e+04 1.699992276923556478e-01 2.364588074647246130e-01 1.189121529358215801e-01 5.704369594902138907e-01 7.419208010923987462e-02 0.000000000000000000e+00
4.500000000000000000e+04 1.799991822624942284e-01 2.325898953117888079e-01 1.110605370960400518e-01 6.004779244424214291e-01 5.587164314974965573e-02 0.000000000000000000e+00
4.750000000000000000e+04 1.899991368326328089e-01 2.265589440145653055e-01 1.141329085116067343e-01 6.029813381884387979e-01 5.632680928538916915e-02 0.000000000000000000e+00
5.000000000000000000e+04 1.999990914027713895e-01 2.185935366408739144e-01 1.198224852071005930e-01 6.181156121984524576e-01 4.346836595357305572e-02 0.000000000000000000e+00
5.250000000000000000e+04 2.099990459729099701e-01 2.266727355484751960e-01 1.162949476558944040e-01 6.082157487482930946e-01 4.881656804733727761e-02 0.000000000000000000e+00
5.500000000000000000e+04 2.199990005430485507e-01 9.103322712790168532e-04 2.304278561675011383e-01 7.686618115612198210e-01 0.000000000000000000e+00 0.000000000000000000e+00
5.750000000000000000e+04 2.299989551131871313e-01 7.965407373691396923e-04 2.307692307692307820e-01 7.684342284934000400e-01 0.000000000000000000e+00 0.000000000000000000e+00
6.000000000000000000e+04 2.399989096833257118e-01 1.024123805188893906e-03 2.305416477014110288e-01 7.684342284934000400e-01 0.000000000000000000e+00 0.000000000000000000e+00
6.250000000000000000e+04 2.499988642534642924e-01 1.024123805188893906e-03 2.304278561675011383e-01 7.684342284934000400e-01 1.137915339098771066e-04 0.000000000000000000e+00
6.500000000000000000e+04 2.599988188236028730e-01 7.965407373691396923e-04 2.304278561675011383e-01 7.686618115612198210e-01 1.137915339098771066e-04 0.000000000000000000e+00
6.750000000000000000e+04 2.699987733937414536e-01 1.706873008648156654e-03 2.296313154301319881e-01 7.686618115612198210e-01 0.000000000000000000e+00 0.000000000000000000e+00
7.000000000000000000e+04 2.799987279638800342e-01 3.299954483386436255e-03 2.295175238962221254e-01 7.671825216203914666e-01 0.000000000000000000e+00 0.000000000000000000e+00
7.250000000000000000e+04 2.899986825340183927e-01 6.258534365043240920e-03 2.286071916249431124e-01 7.646791078743740977e-01 4.551661356395084266e-04 0.000000000000000000e+00
7.500000000000000000e+04 2.999986371041569733e-01 1.319981793354574502e-02 2.265589440145653055e-01 7.596722803823395820e-01 5.689576695493854790e-04 0.000000000000000000e+00
7.750000000000000000e+04 3.099985916742955538e-01 1.923076923076923184e-02 2.245106964041875264e-01 7.554619936276740777e-01 7.965407373691396923e-04 0.000000000000000000e+00
8.000000000000000000e+04 3.199985462444341344e-01 3.664087391898043083e-02 2.212107419208010906e-01 7.405553026854801990e-01 1.593081474738279385e-03 0.000000000000000000e+00
8.250000000000000000e+04 3.299985008145727150e-01 8.340919435593992237e-02 2.040282203004096517e-01 7.071005917159762788e-01 5.461993627674101119e-03 0.000000000000000000e+00
8.500000000000000000e+04 3.399984553847112956e-01 1.679563040509786109e-01 1.784251251706872876e-01 6.390532544378698665e-01 1.456531634046426965e-02 0.000000000000000000e+00
8.750000000000000000e+04 3.499984099548498762e-01 1.273327264451524776e-01 2.078971324533454845e-01 6.578288575329995780e-01 6.941283568502503235e-03 0.000000000000000000e+00
9.000000000000000000e+04 3.599983645249884567e-01 1.161811561219845274e-01 2.085798816568047442e-01 6.700045516613564178e-01 5.234410559854347014e-03 0.000000000000000000e+00
9.250000000000000000e+04 3.699983190951270373e-01 1.189121529358215801e-01 2.042558033682294050e-01 6.701183431952663083e-01 6.713700500682749130e-03 0.000000000000000000e+00
9.500000000000000000e+04 3.799982736652653958e-01 1.273327264451524776e-01 2.023213472917614886e-01 6.634046426945835462e-01 6.941283568502503235e-03 0.000000000000000000e+00
9.750000000000000000e+04 3.899982282354041985e-01 1.338188438780154865e-01 1.991351843422849432e-01 6.577150659990896875e-01 9.330905780609922637e-03 0.000000000000000000e+00
1.000000000000000000e+05 3.999981828055430011e-01 1.543013199817933612e-01 1.912835685025034149e-01 6.421256258534364658e-01 1.228948566226672687e-02 0.000000000000000000e+00
1.025000000000000000e+05 4.099981373756813596e-01 1.474738279472007363e-01 1.992489758761948060e-01 6.465634956759217511e-01 6.713700500682749130e-03 0.000000000000000000e+00
1.050000000000000000e+05 4.199980919458197182e-01 1.408739189804278646e-01 1.987938097405552995e-01 6.558944014565316616e-01 4.437869822485207214e-03 0.000000000000000000e+00
1.075000000000000000e+05 4.299980465159585208e-01 1.489531178880291185e-01 1.986800182066454368e-01 6.473600364132908735e-01 5.006827492034592909e-03 0.000000000000000000e+00
1.100000000000000000e+05 4.399980010860971014e-01 1.519116977696859383e-01 1.937869822485207005e-01 6.474738279472007640e-01 6.827492034592626616e-03 0.000000000000000000e+00
1.125000000000000000e+05 4.499979556562356819e-01 1.593081474738279601e-01 1.915111515703231682e-01 6.378015475648611821e-01 1.137915339098771045e-02 0.000000000000000000e+00
1.150000000000000000e+05 4.599979102263740405e-01 1.770596267637687682e-01 1.888939462903959920e-01 6.209604005461993870e-01 1.308602639963586667e-02 0.000000000000000000e+00
1.175000000000000000e+05 4.699978647965128431e-01 1.775147928994082747e-01 1.876422394173873354e-01 6.210741920801092775e-01 1.376877560309512985e-02 0.000000000000000000e+00
1.200000000000000000e+05 4.799978193666514237e-01 1.187983614019117035e-01 2.072143832498861971e-01 6.713700500682748817e-01 2.617205279927173507e-03 0.000000000000000000e+00
1.225000000000000000e+05 4.899977739367897822e-01 1.092398725534820259e-01 2.064178425125170746e-01 6.804733727810651223e-01 3.868912152935821518e-03 0.000000000000000000e+00
1.250000000000000000e+05 4.999977285069283628e-01 1.108329540282202985e-01 2.069868001820664438e-01 6.787664997724169869e-01 3.413746017296313308e-03 0.000000000000000000e+00
1.275000000000000000e+05 5.099976830770669434e-01 1.168639053254437871e-01 2.059626763768775681e-01 6.727355484751934567e-01 4.324078288575329727e-03 1.137915339098771066e-04
1.300000000000000000e+05 5.199976376472057460e-01 1.156121984524351443e-01 2.077833409194355940e-01 6.704597177969958688e-01 6.144742831133363434e-03 0.000000000000000000e+00
1.325000000000000000e+05 5.299975922173441045e-01 1.266499772416932179e-01 2.038006372325898985e-01 6.627218934911243142e-01 6.827492034592626616e-03 0.000000000000000000e+00
1.350000000000000000e+05 5.399975467874824631e-01 1.298361401911697632e-01 2.038006372325898985e-01 6.591943559399180419e-01 7.168866636322257339e-03 0.000000000000000000e+00
1.375000000000000000e+05 5.499975013576212657e-01 1.466772872098315861e-01 2.008420573509330787e-01 6.455393718707328476e-01 6.941283568502503235e-03 0.000000000000000000e+00
1.400000000000000000e+05 5.599974559277600683e-01 1.541875284478834707e-01 1.958352298588985074e-01 6.423532089212562468e-01 7.624032771961766417e-03 0.000000000000000000e+00
1.425000000000000000e+05 5.699974104978984268e-01 1.677287209831588577e-01 1.927628584433318248e-01 6.293809740555302845e-01 1.012744651797906244e-02 0.000000000000000000e+00
1.450000000000000000e+05 5.799973650680367854e-01 2.053937187073281712e-01 1.821802457897132577e-01 6.032089212562585789e-01 9.217114246700046018e-03 0.000000000000000000e+00
1.475000000000000000e+05 5.899973196381755880e-01 2.587619481110605135e-01 1.681838871187983642e-01 5.554164770141101215e-01 1.763768775603095224e-02 0.000000000000000000e+00
1.500000000000000000e+05 5.999972742083143906e-01 3.620846609012289274e-01 1.393946290395994547e-01 4.613108784706417831e-01 3.720983158852981393e-02 0.000000000000000000e+00
1.525000000000000000e+05 6.099972287784527492e-01 3.049613108784706150e-01 1.668183887118798447e-01 5.069412835685025431e-01 2.127901684114701791e-02 0.000000000000000000e+00
1.550000000000000000e+05 6.199971833485911077e-01 3.290851160673645692e-01 1.583978152025489194e-01 4.883932635411925571e-01 2.389622212107419055e-02 2.275830678197542133e-04
1.575000000000000000e+05 6.299971379187299103e-01 3.400091033227127801e-01 1.541875284478834707e-01 4.742831133363678009e-01 3.152025489303595523e-02 0.000000000000000000e+00
1.600000000000000000e+05 6.399970924888684909e-01 3.755120619025944517e-01 1.442876649977241632e-01 4.406008192990441552e-01 3.948566226672735324e-02 1.137915339098771066e-04
1.625000000000000000e+05 6.499970470590070715e-01 3.517296313154301135e-01 1.492944924897587622e-01 4.778106508875739622e-01 2.116522530723714129e-02 0.000000000000000000e+00
1.650000000000000000e+05 6.599970016291454300e-01 2.390760127446517891e-01 1.590805644060081792e-01 5.937642239417387779e-01 8.079198907601274626e-03 0.000000000000000000e+00
1.675000000000000000e+05 6.699969561992840106e-01 2.228038233955393632e-01 1.605598543468365891e-01 6.103777878925807920e-01 6.258534365043240920e-03 0.000000000000000000e+00
1.700000000000000000e+05 6.799969107694228132e-01 2.138142922166590687e-01 1.610150204824760956e-01 6.180018206645425671e-01 7.168866636322257339e-03 0.000000000000000000e+00
1.725000000000000000e+05 6.899968653395611717e-01 2.273554847519344557e-01 1.580564406008193035e-01 6.059399180700956178e-01 8.534365043240782836e-03 1.137915339098771066e-04
1.750000000000000000e+05 6.999968199096997523e-01 2.193900773782430647e-01 1.591943559399180697e-01 6.118570778334091465e-01 9.558488848429677609e-03 0.000000000000000000e+00
1.775000000000000000e+05 7.099967744798383329e-01 2.286071916249431124e-01 1.546426945835229771e-01 6.055985434683659463e-01 1.115157032316795548e-02 0.000000000000000000e+00
1.800000000000000000e+05 7.199967290499771355e-01 2.438552571688666348e-01 1.496358670914884059e-01 5.950159308147473514e-01 1.149294492489758707e-02 0.000000000000000000e+00
1.825000000000000000e+05 7.299966836201154941e-01 2.678652708238506985e-01 1.414428766499772339e-01 5.664542558033682784e-01 2.423759672280382388e-02 0.000000000000000000e+00
1.850000000000000000e+05 7.399966381902538526e-01 2.931269913518434467e-01 1.308602639963586667e-01 5.475648611743286764e-01 2.844788347746927612e-02 0.000000000000000000e+00
1.875000000000000000e+05 7.499965927603926552e-01 2.914201183431952558e-01 1.350705507510241155e-01 5.509786071916249472e-01 2.253072371415566766e-02 0.000000000000000000e+00
1.900000000000000000e+05 7.599965473305314578e-01 2.876649977241693135e-01 1.417842512517068776e-01 5.538233955393718766e-01 1.672735548475193582e-02 0.000000000000000000e+00
1.925000000000000000e+05 7.699965019006698164e-01 2.858443331816112876e-01 1.392808375056895642e-01 5.553026854802002310e-01 1.957214383249886169e-02 0.000000000000000000e+00
1.950000000000000000e+05 7.799964564708081749e-01 2.949476558944014726e-01 1.308602639963586667e-01 5.496131087847063723e-01 2.457897132453345374e-02 0.000000000000000000e+00
1.975000000000000000e+05 7.899964110409469775e-01 2.585343650432407880e-01 1.405325443786982209e-01 5.645197997269003620e-01 3.641329085116067066e-02 0.000000000000000000e+00
2.000000000000000000e+05 7.999963656110855581e-01 2.536413290851160518e-01 1.464497041420118328e-01 5.796540737369140217e-01 2.025489303595812488e-02 0.000000000000000000e+00
2.025000000000000000e+05 8.099963201812241387e-01 2.332726445152480677e-01 1.514565316340464318e-01 5.999089667728720876e-01 1.536185707783340945e-02 0.000000000000000000e+00
2.050000000000000000e+05 8.199962747513624972e-01 1.791078743741465751e-01 1.660218479745106945e-01 6.513427401001365968e-01 3.527537551206190360e-03 0.000000000000000000e+00
2.075000000000000000e+05 8.299962293215012998e-01 1.703459262630860338e-01 1.689804278561675144e-01 6.586253982703687004e-01 2.048247610377787811e-03 0.000000000000000000e+00
2.100000000000000000e+05 8.399961838916398804e-01 1.761492944924897552e-01 1.664770141101502010e-01 6.548702776513427581e-01 2.503413746017296455e-03 0.000000000000000000e+00
2.125000000000000000e+05 8.499961384617784610e-01 1.777423759672280279e-01 1.653390987710514348e-01 6.537323623122439642e-01 3.186162949476558769e-03 0.000000000000000000e+00
2.150000000000000000e+05 8.599960930319168195e-01 1.812699135184342170e-01 1.635184342284934089e-01 6.517979062357760478e-01 3.413746017296313308e-03 0.000000000000000000e+00
2.175000000000000000e+05 8.699960476020554001e-01 1.828629949931725174e-01 1.622667273554847522e-01 6.505461993627673634e-01 4.324078288575329727e-03 0.000000000000000000e+00
2.200000000000000000e+05 8.799960021721942027e-01 1.969731451979972736e-01 1.595357305416477134e-01 6.389394629039599760e-01 4.551661356395083832e-03 0.000000000000000000e+00
2.225000000000000000e+05 8.899959567423325613e-01 2.027765134274009950e-01 1.585116067364588099e-01 6.338188438780154588e-01 4.893035958124715423e-03 0.000000000000000000e+00
2.250000000000000000e+05 8.999959113124711418e-01 2.187073281747838049e-01 1.543013199817933612e-01 6.213017751479289474e-01 5.689576695493855224e-03 0.000000000000000000e+00
2.275000000000000000e+05 9.099958658826097224e-01 2.288347746927628656e-01 1.529358215748748417e-01 6.107191624943104635e-01 7.510241238051888930e-03 0.000000000000000000e+00
2.300000000000000000e+05 9.199958204527485250e-01 2.573964497041419941e-01 1.456531634046426826e-01 5.880746472462449193e-01 8.875739644970414427e-03 0.000000000000000000e+00
2.325000000000000000e+05 9.299957750228868836e-01 2.818616294947655643e-01 1.385980883022303045e-01 5.683887118798361948e-01 1.115157032316795548e-02 0.000000000000000000e+00
2.350000000000000000e+05 9.399957295930252421e-01 3.330678197542102925e-01 1.217569412835685094e-01 5.268548020027310486e-01 1.820664542558033533e-02 1.137915339098771066e-04
2.375000000000000000e+05 9.499956841631640447e-01 3.774465179790623681e-01 1.145880746472462408e-01 4.815657715065999045e-01 2.628584433318160996e-02 1.137915339098771066e-04
2.400000000000000000e+05 9.599956387333028474e-01 4.036185707783340737e-01 1.162949476558944040e-01 4.605143377332726606e-01 1.957214383249886169e-02 0.000000000000000000e+00
2.425000000000000000e+05 9.699955933034412059e-01 3.612881201638598050e-01 1.283568502503413811e-01 4.912380518889394865e-01 1.911697769685935522e-02 0.000000000000000000e+00
2.450000000000000000e+05 9.799955478735795644e-01 3.537778789258079204e-01 1.348429676832043622e-01 5.003413746017296715e-01 1.092398725534820224e-02 1.137915339098771066e-04
2.475000000000000000e+05 9.899955024437183670e-01 3.453573054164770229e-01 1.362084660901228816e-01 5.084205735093308975e-01 1.001365498406918582e-02 0.000000000000000000e+00
2.500000000000000000e+05 9.999954570138569476e-01 3.412608101957214646e-01 1.363222576240327721e-01 5.104688211197087044e-01 1.172052799271734204e-02 2.275830678197542133e-04
