# itime ezz other fcc hcp bcc ico
0.000000000000000000e+00 0.000000000000000000e+00 0.000000000000000000e+00 1.000000000000000000e+00 0.000000000000000000e+00 0.000000000000000000e+00 0.000000000000000000e+00
3.000000000000000000e+00 1.199936429139958349e-03 0.000000000000000000e+00 1.000000000000000000e+00 0.000000000000000000e+00 0.000000000000000000e+00 0.000000000000000000e+00
6.000000000000000000e+00 2.399872858279916699e-03 0.000000000000000000e+00 1.000000000000000000e+00 0.000000000000000000e+00 0.000000000000000000e+00 0.000000000000000000e+00
9.000000000000000000e+00 3.599809287419875048e-03 0.000000000000000000e+00 1.000000000000000000e+00 0.000000000000000000e+00 0.000000000000000000e+00 0.000000000000000000e+00
1.200000000000000000e+01 4.799745716559611353e-03 0.000000000000000000e+00 1.000000000000000000e+00 0.000000000000000000e+00 0.000000000000000000e+00 0.000000000000000000e+00
1.500000000000000000e+01 5.999682145699569702e-03 0.000000000000000000e+00 1.000000000000000000e+00 0.000000000000000000e+00 0.000000000000000000e+00 0.000000000000000000e+00
1.800000000000000000e+01 7.199618574839528051e-03 0.000000000000000000e+00 1.000000000000000000e+00 0.000000000000000000e+00 0.000000000000000000e+00 0.000000000000000000e+00
2.100000000000000000e+01 8.399555003979486401e-03 0.000000000000000000e+00 1.000000000000000000e+00 0.000000000000000000e+00 0.000000000000000000e+00 0.000000000000000000e+00
2.400000000000000000e+01 9.599491433119444750e-03 0.000000000000000000e+00 1.000000000000000000e+00 0.000000000000000000e+00 0.000000000000000000e+00 0.000000000000000000e+00
2.700000000000000000e+01 1.079942786225940310e-02 0.000000000000000000e+00 1.000000000000000000e+00 0.000000000000000000e+00 0.000000000000000000e+00 0.000000000000000000e+00
3.000000000000000000e+01 1.199936429139913940e-02 0.000000000000000000e+00 1.000000000000000000e+00 0.000000000000000000e+00 0.000000000000000000e+00 0.000000000000000000e+00
3.300000000000000000e+01 1.319930072053909775e-02 0.000000000000000000e+00 1.000000000000000000e+00 0.000000000000000000e+00 0.000000000000000000e+00 0.000000000000000000e+00
3.600000000000000000e+01 1.439923714967905610e-02 0.000000000000000000e+00 1.000000000000000000e+00 0.000000000000000000e+00 0.000000000000000000e+00 0.000000000000000000e+00
3.900000000000000000e+01 1.559917357881901445e-02 0.000000000000000000e+00 1.000000000000000000e+00 0.000000000000000000e+00 0.000000000000000000e+00 0.000000000000000000e+00
4.200000000000000000e+01 1.679911000795897280e-02 0.000000000000000000e+00 1.000000000000000000e+00 0.000000000000000000e+00 0.000000000000000000e+00 0.000000000000000000e+00
4.500000000000000000e+01 1.799904643709893115e-02 0.000000000000000000e+00 1.000000000000000000e+00 0.000000000000000000e+00 0.000000000000000000e+00 0.000000000000000000e+00
4.800000000000000000e+01 1.919898286623866746e-02 0.000000000000000000e+00 1.000000000000000000e+00 0.000000000000000000e+00 0.000000000000000000e+00 0.000000000000000000e+00
5.100000000000000000e+01 2.039891929537862580e-02 0.000000000000000000e+00 1.000000000000000000e+00 0.000000000000000000e+00 0.000000000000000000e+00 0.000000000000000000e+00
5.400000000000000000e+01 2.159885572451858415e-02 0.000000000000000000e+00 1.000000000000000000e+00 0.000000000000000000e+00 0.000000000000000000e+00 0.000000000000000000e+00
5.700000000000000000e+01 2.279879215365854250e-02 0.000000000000000000e+00 1.000000000000000000e+00 0.000000000000000000e+00 0.000000000000000000e+00 0.000000000000000000e+00
6.000000000000000000e+01 2.399872858279850085e-02 0.000000000000000000e+00 1.000000000000000000e+00 0.000000000000000000e+00 0.000000000000000000e+00 0.000000000000000000e+00
6.300000000000000000e+01 2.519866501193845920e-02 0.000000000000000000e+00 1.000000000000000000e+00 0.000000000000000000e+00 0.000000000000000000e+00 0.000000000000000000e+00
6.600000000000000000e+01 2.639860144107841755e-02 0.000000000000000000e+00 1.000000000000000000e+00 0.000000000000000000e+00 0.000000000000000000e+00 0.000000000000000000e+00
6.900000000000000000e+01 2.759853787021815386e-02 0.000000000000000000e+00 1.000000000000000000e+00 0.000000000000000000e+00 0.000000000000000000e+00 0.000000000000000000e+00
7.200000000000000000e+01 2.879847429935811221e-02 0.000000000000000000e+00 1.000000000000000000e+00 0.000000000000000000e+00 0.000000000000000000e+00 0.000000000000000000e+00
7.500000000000000000e+01 2.999841072849807055e-02 0.000000000000000000e+00 1.000000000000000000e+00 0.000000000000000000e+00 0.000000000000000000e+00 0.000000000000000000e+00
7.800000000000000000e+01 3.119834715763802890e-02 0.000000000000000000e+00 1.000000000000000000e+00 0.000000000000000000e+00 0.000000000000000000e+00 0.000000000000000000e+00
8.100000000000000000e+01 3.239828358677798725e-02 0.000000000000000000e+00 1.000000000000000000e+00 0.000000000000000000e+00 0.000000000000000000e+00 0.000000000000000000e+00
8.400000000000000000e+01 3.359822001591794560e-02 0.000000000000000000e+00 1.000000000000000000e+00 0.000000000000000000e+00 0.000000000000000000e+00 0.000000000000000000e+00
8.700000000000000000e+01 3.479815644505768191e-02 0.000000000000000000e+00 1.000000000000000000e+00 0.000000000000000000e+00 0.000000000000000000e+00 0.000000000000000000e+00
9.000000000000000000e+01 3.599809287419764026e-02 0.000000000000000000e+00 1.000000000000000000e+00 0.000000000000000000e+00 0.000000000000000000e+00 0.000000000000000000e+00
9.300000000000000000e+01 3.719802930333759861e-02 0.000000000000000000e+00 1.000000000000000000e+00 0.000000000000000000e+00 0.000000000000000000e+00 0.000000000000000000e+00
9.600000000000000000e+01 3.839796573247755695e-02 0.000000000000000000e+00 1.000000000000000000e+00 0.000000000000000000e+00 0.000000000000000000e+00 0.000000000000000000e+00
9.900000000000000000e+01 3.959790216161751530e-02 0.000000000000000000e+00 1.000000000000000000e+00 0.000000000000000000e+00 0.000000000000000000e+00 0.000000000000000000e+00
1.020000000000000000e+02 4.079783859075747365e-02 0.000000000000000000e+00 1.000000000000000000e+00 0.000000000000000000e+00 0.000000000000000000e+00 0.000000000000000000e+00
1.050000000000000000e+02 4.199777501989720996e-02 0.000000000000000000e+00 1.000000000000000000e+00 0.000000000000000000e+00 0.000000000000000000e+00 0.000000000000000000e+00
1.080000000000000000e+02 4.319771144903716831e-02 0.000000000000000000e+00 1.000000000000000000e+00 0.000000000000000000e+00 0.000000000000000000e+00 0.000000000000000000e+00
1.110000000000000000e+02 4.439764787817712666e-02 0.000000000000000000e+00 1.000000000000000000e+00 0.000000000000000000e+00 0.000000000000000000e+00 0.000000000000000000e+00
1.140000000000000000e+02 4.559758430731708501e-02 0.000000000000000000e+00 1.000000000000000000e+00 0.000000000000000000e+00 0.000000000000000000e+00 0.000000000000000000e+00
1.170000000000000000e+02 4.679752073645704336e-02 0.000000000000000000e+00 1.000000000000000000e+00 0.000000000000000000e+00 0.000000000000000000e+00 0.000000000000000000e+00
1.200000000000000000e+02 4.799745716559700170e-02 0.000000000000000000e+00 1.000000000000000000e+00 0.000000000000000000e+00 0.000000000000000000e+00 0.000000000000000000e+00
1.230000000000000000e+02 4.919739359473696005e-02 0.000000000000000000e+00 1.000000000000000000e+00 0.000000000000000000e+00 0.000000000000000000e+00 0.000000000000000000e+00
1.260000000000000000e+02 5.039733002387669636e-02 0.000000000000000000e+00 1.000000000000000000e+00 0.000000000000000000e+00 0.000000000000000000e+00 0.000000000000000000e+00
1.290000000000000000e+02 5.159726645301665471e-02 0.000000000000000000e+00 1.000000000000000000e+00 0.000000000000000000e+00 0.000000000000000000e+00 0.000000000000000000e+00
1.320000000000000000e+02 5.279720288215661306e-02 0.000000000000000000e+00 1.000000000000000000e+00 0.000000000000000000e+00 0.000000000000000000e+00 0.000000000000000000e+00
1.350000000000000000e+02 5.399713931129657141e-02 0.000000000000000000e+00 1.000000000000000000e+00 0.000000000000000000e+00 0.000000000000000000e+00 0.000000000000000000e+00
1.380000000000000000e+02 5.519707574043652976e-02 0.000000000000000000e+00 1.000000000000000000e+00 0.000000000000000000e+00 0.000000000000000000e+00 0.000000000000000000e+00
1.410000000000000000e+02 5.639701216957648811e-02 0.000000000000000000e+00 1.000000000000000000e+00 0.000000000000000000e+00 0.000000000000000000e+00 0.000000000000000000e+00
1.440000000000000000e+02 5.759694859871622441e-02 0.000000000000000000e+00 1.000000000000000000e+00 0.000000000000000000e+00 0.000000000000000000e+00 0.000000000000000000e+00
1.470000000000000000e+02 5.879688502785618276e-02 0.000000000000000000e+00 1.000000000000000000e+00 0.000000000000000000e+00 0.000000000000000000e+00 0.000000000000000000e+00
1.500000000000000000e+02 5.999682145699614111e-02 0.000000000000000000e+00 1.000000000000000000e+00 0.000000000000000000e+00 0.000000000000000000e+00 0.000000000000000000e+00
1.530000000000000000e+02 6.119675788613609946e-02 0.000000000000000000e+00 1.000000000000000000e+00 0.000000000000000000e+00 0.000000000000000000e+00 0.000000000000000000e+00
1.560000000000000000e+02 6.239669431527605781e-02 0.000000000000000000e+00 1.000000000000000000e+00 0.000000000000000000e+00 0.000000000000000000e+00 0.000000000000000000e+00
1.590000000000000000e+02 6.359663074441601616e-02 0.000000000000000000e+00 1.000000000000000000e+00 0.000000000000000000e+00 0.000000000000000000e+00 0.000000000000000000e+00
1.620000000000000000e+02 6.479656717355575246e-02 0.000000000000000000e+00 1.000000000000000000e+00 0.000000000000000000e+00 0.000000000000000000e+00 0.000000000000000000e+00
1.650000000000000000e+02 6.599650360269571081e-02 0.000000000000000000e+00 1.000000000000000000e+00 0.000000000000000000e+00 0.000000000000000000e+00 0.000000000000000000e+00
1.680000000000000000e+02 6.719644003183566916e-02 0.000000000000000000e+00 1.000000000000000000e+00 0.000000000000000000e+00 0.000000000000000000e+00 0.000000000000000000e+00
1.710000000000000000e+02 6.839637646097562751e-02 0.000000000000000000e+00 1.000000000000000000e+00 0.000000000000000000e+00 0.000000000000000000e+00 0.000000000000000000e+00
1.740000000000000000e+02 6.959631289011558586e-02 0.000000000000000000e+00 1.000000000000000000e+00 0.000000000000000000e+00 0.000000000000000000e+00 0.000000000000000000e+00
1.770000000000000000e+02 7.079624931925554421e-02 0.000000000000000000e+00 1.000000000000000000e+00 0.000000000000000000e+00 0.000000000000000000e+00 0.000000000000000000e+00
1.800000000000000000e+02 7.199618574839550256e-02 0.000000000000000000e+00 1.000000000000000000e+00 0.000000000000000000e+00 0.000000000000000000e+00 0.000000000000000000e+00
1.830000000000000000e+02 7.319612217753523886e-02 0.000000000000000000e+00 1.000000000000000000e+00 0.000000000000000000e+00 0.000000000000000000e+00 0.000000000000000000e+00
1.860000000000000000e+02 7.439605860667519721e-02 0.000000000000000000e+00 1.000000000000000000e+00 0.000000000000000000e+00 0.000000000000000000e+00 0.000000000000000000e+00
1.890000000000000000e+02 7.559599503581515556e-02 0.000000000000000000e+00 1.000000000000000000e+00 0.000000000000000000e+00 0.000000000000000000e+00 0.000000000000000000e+00
1.920000000000000000e+02 7.679593146495511391e-02 0.000000000000000000e+00 1.000000000000000000e+00 0.000000000000000000e+00 0.000000000000000000e+00 0.000000000000000000e+00
1.950000000000000000e+02 7.799586789409507226e-02 0.000000000000000000e+00 1.000000000000000000e+00 0.000000000000000000e+00 0.000000000000000000e+00 0.000000000000000000e+00
1.980000000000000000e+02 7.919580432323503061e-02 0.000000000000000000e+00 1.000000000000000000e+00 0.000000000000000000e+00 0.000000000000000000e+00 0.000000000000000000e+00
2.010000000000000000e+02 8.039574075237476691e-02 0.000000000000000000e+00 1.000000000000000000e+00 0.000000000000000000e+00 0.000000000000000000e+00 0.000000000000000000e+00
2.040000000000000000e+02 8.159567718151472526e-02 0.000000000000000000e+00 1.000000000000000000e+00 0.000000000000000000e+00 0.000000000000000000e+00 0.000000000000000000e+00
2.070000000000000000e+02 8.279561361065468361e-02 0.000000000000000000e+00 1.000000000000000000e+00 0.000000000000000000e+00 0.000000000000000000e+00 0.000000000000000000e+00
2.100000000000000000e+02 8.399555003979464196e-02 4.551661356395084266e-04 9.995448338643604380e-01 0.000000000000000000e+00 0.000000000000000000e+00 0.000000000000000000e+00
2.130000000000000000e+02 8.519548646893460031e-02 4.551661356395084266e-04 9.995448338643604380e-01 0.000000000000000000e+00 0.000000000000000000e+00 0.000000000000000000e+00
2.160000000000000000e+02 8.639542289807455866e-02 1.137915339098771066e-04 9.998862084660901095e-01 0.000000000000000000e+00 0.000000000000000000e+00 0.000000000000000000e+00
2.190000000000000000e+02 8.759535932721429496e-02 0.000000000000000000e+00 1.000000000000000000e+00 0.000000000000000000e+00 0.000000000000000000e+00 0.000000000000000000e+00
2.220000000000000000e+02 8.879529575635425331e-02 0.000000000000000000e+00 1.000000000000000000e+00 0.000000000000000000e+00 0.000000000000000000e+00 0.000000000000000000e+00
2.250000000000000000e+02 8.999523218549421166e-02 5.689576695493854790e-04 9.994310423304506585e-01 0.000000000000000000e+00 0.000000000000000000e+00 0.000000000000000000e+00
2.280000000000000000e+02 9.119516861463417001e-02 7.965407373691396923e-04 9.992034592626308775e-01 0.000000000000000000e+00 0.000000000000000000e+00 0.000000000000000000e+00
2.310000000000000000e+02 9.239510504377412836e-02 7.965407373691396923e-04 9.992034592626308775e-01 0.000000000000000000e+00 0.000000000000000000e+00 0.000000000000000000e+00
2.340000000000000000e+02 9.359504147291408671e-02 2.275830678197542133e-04 9.997724169321802190e-01 0.000000000000000000e+00 0.000000000000000000e+00 0.000000000000000000e+00
2.370000000000000000e+02 9.479497790205382302e-02 0.000000000000000000e+00 1.000000000000000000e+00 0.000000000000000000e+00 0.000000000000000000e+00 0.000000000000000000e+00
2.400000000000000000e+02 9.599491433119378136e-02 1.137915339098771066e-04 9.998862084660901095e-01 0.000000000000000000e+00 0.000000000000000000e+00 0.000000000000000000e+00
2.430000000000000000e+02 9.719485076033373971e-02 2.275830678197542133e-04 9.996586253982703285e-01 0.000000000000000000e+00 1.137915339098771066e-04 0.000000000000000000e+00
2.460000000000000000e+02 9.839478718947369806e-02 1.137915339098771066e-04 9.998862084660901095e-01 0.000000000000000000e+00 0.000000000000000000e+00 0.000000000000000000e+00
2.490000000000000000e+02 9.959472361861365641e-02 2.275830678197542133e-04 9.997724169321802190e-01 0.000000000000000000e+00 0.000000000000000000e+00 0.000000000000000000e+00
2.520000000000000000e+02 1.007946600477536148e-01 2.275830678197542133e-04 9.997724169321802190e-01 0.000000000000000000e+00 0.000000000000000000e+00 0.000000000000000000e+00
2.550000000000000000e+02 1.019945964768935731e-01 2.275830678197542133e-04 9.997724169321802190e-01 0.000000000000000000e+00 0.000000000000000000e+00 0.000000000000000000e+00
2.580000000000000000e+02 1.031945329060333094e-01 7.965407373691396923e-04 9.990896677287209870e-01 0.000000000000000000e+00 1.137915339098771066e-04 0.000000000000000000e+00
2.610000000000000000e+02 1.043944693351732678e-01 1.137915339098770958e-03 9.988620846609012061e-01 0.000000000000000000e+00 0.000000000000000000e+00 0.000000000000000000e+00
2.640000000000000000e+02 1.055944057643132261e-01 1.479289940828402332e-03 9.985207100591716456e-01 0.000000000000000000e+00 0.000000000000000000e+00 0.000000000000000000e+00
2.670000000000000000e+02 1.067943421934531845e-01 1.137915339098770958e-03 9.988620846609012061e-01 0.000000000000000000e+00 0.000000000000000000e+00 0.000000000000000000e+00
2.700000000000000000e+02 1.079942786225931428e-01 1.251706873008648227e-03 9.987482931269913156e-01 0.000000000000000000e+00 0.000000000000000000e+00 0.000000000000000000e+00
2.730000000000000000e+02 1.091942150517331012e-01 7.965407373691396923e-04 9.990896677287209870e-01 0.000000000000000000e+00 1.137915339098771066e-04 0.000000000000000000e+00
2.760000000000000000e+02 1.103941514808728375e-01 4.551661356395084266e-04 9.994310423304506585e-01 0.000000000000000000e+00 1.137915339098771066e-04 0.000000000000000000e+00
2.790000000000000000e+02 1.115940879100127958e-01 4.551661356395084266e-04 9.994310423304506585e-01 0.000000000000000000e+00 1.137915339098771066e-04 0.000000000000000000e+00
2.820000000000000000e+02 1.127940243391527542e-01 6.827492034592626399e-04 9.993172507965407680e-01 0.000000000000000000e+00 0.000000000000000000e+00 0.000000000000000000e+00
2.850000000000000000e+02 1.139939607682927125e-01 1.934456076467910759e-03 9.980655439235320836e-01 0.000000000000000000e+00 0.000000000000000000e+00 0.000000000000000000e+00
2.880000000000000000e+02 1.151938971974326709e-01 2.503413746017296455e-03 9.973827947200728516e-01 0.000000000000000000e+00 1.137915339098771066e-04 0.000000000000000000e+00
2.910000000000000000e+02 1.163938336265726292e-01 2.617205279927173507e-03 9.973827947200728516e-01 0.000000000000000000e+00 0.000000000000000000e+00 0.000000000000000000e+00
2.940000000000000000e+02 1.175937700557123655e-01 2.730996813837050560e-03 9.970414201183431802e-01 0.000000000000000000e+00 2.275830678197542133e-04 0.000000000000000000e+00
2.970000000000000000e+02 1.187937064848523239e-01 3.186162949476558769e-03 9.968138370505233992e-01 0.000000000000000000e+00 0.000000000000000000e+00 0.000000000000000000e+00
3.000000000000000000e+02 1.199936429139922822e-01 3.641329085116067413e-03 9.963586709148839482e-01 0.000000000000000000e+00 0.000000000000000000e+00 0.000000000000000000e+00
3.030000000000000000e+02 1.211935793431322406e-01 5.120619025944469528e-03 9.948793809740554828e-01 0.000000000000000000e+00 0.000000000000000000e+00 0.000000000000000000e+00
3.060000000000000000e+02 1.223935157722721989e-01 5.575785161583977738e-03 9.940828402366863603e-01 0.000000000000000000e+00 3.413746017296313199e-04 0.000000000000000000e+00
3.090000000000000000e+02 1.235934522014121573e-01 6.144742831133363434e-03 9.935138825671370189e-01 0.000000000000000000e+00 3.413746017296313199e-04 0.000000000000000000e+00
3.120000000000000000e+02 1.247933886305521156e-01 8.420573509330906217e-03 9.912380518889394310e-01 0.000000000000000000e+00 3.413746017296313199e-04 0.000000000000000000e+00
3.150000000000000000e+02 1.259933250596918519e-01 1.046882111970869403e-02 9.893035958124715146e-01 0.000000000000000000e+00 2.275830678197542133e-04 0.000000000000000000e+00
3.180000000000000000e+02 1.271932614888318103e-01 1.035502958579881741e-02 9.891898042785616241e-01 0.000000000000000000e+00 4.551661356395084266e-04 0.000000000000000000e+00
3.210000000000000000e+02 1.283931979179717686e-01 1.172052799271734204e-02 9.881656804733728316e-01 0.000000000000000000e+00 1.137915339098771066e-04 0.000000000000000000e+00
3.240000000000000000e+02 1.295931343471117270e-01 1.274465179790623508e-02 9.869139736003641472e-01 0.000000000000000000e+00 3.413746017296313199e-04 0.000000000000000000e+00
3.270000000000000000e+02 1.307930707762516853e-01 1.502048247610377786e-02 9.844105598543468894e-01 0.000000000000000000e+00 5.689576695493854790e-04 0.000000000000000000e+00
3.300000000000000000e+02 1.319930072053916437e-01 1.684114701866181243e-02 9.824761037778789730e-01 0.000000000000000000e+00 6.827492034592626399e-04 0.000000000000000000e+00
3.330000000000000000e+02 1.331929436345313800e-01 1.820664542558033533e-02 9.812243969048702885e-01 0.000000000000000000e+00 5.689576695493854790e-04 0.000000000000000000e+00
3.360000000000000000e+02 1.343928800636713383e-01 1.524806554392353283e-02 9.840691852526172179e-01 0.000000000000000000e+00 6.827492034592626399e-04 0.000000000000000000e+00
3.390000000000000000e+02 1.355928164928112967e-01 1.888939462903959851e-02 9.802002730996813851e-01 0.000000000000000000e+00 9.103322712790168532e-04 0.000000000000000000e+00
3.420000000000000000e+02 1.367927529219512550e-01 2.366863905325443732e-02 9.756486117432863203e-01 0.000000000000000000e+00 6.827492034592626399e-04 0.000000000000000000e+00
3.450000000000000000e+02 1.379926893510912134e-01 2.537551206190259354e-02 9.738279472007282944e-01 0.000000000000000000e+00 7.965407373691396923e-04 0.000000000000000000e+00
3.480000000000000000e+02 1.391926257802311717e-01 2.913063268092853930e-02 9.697314519799726806e-01 0.000000000000000000e+00 1.137915339098770958e-03 0.000000000000000000e+00
3.510000000000000000e+02 1.403925622093709080e-01 3.470641784251251444e-02 9.635867091488393710e-01 0.000000000000000000e+00 1.706873008648156654e-03 0.000000000000000000e+00
3.540000000000000000e+02 1.415924986385108664e-01 4.244424214838415921e-02 9.551661356395084734e-01 0.000000000000000000e+00 2.389622212107419402e-03 0.000000000000000000e+00
3.570000000000000000e+02 1.427924350676508247e-01 4.893035958124715423e-02 9.482248520710059303e-01 0.000000000000000000e+00 2.844788347746927612e-03 0.000000000000000000e+00
3.600000000000000000e+02 1.439923714967907831e-01 6.008192990441511144e-02 9.373008648156576639e-01 0.000000000000000000e+00 2.617205279927173507e-03 0.000000000000000000e+00
3.630000000000000000e+02 1.451923079259307414e-01 6.634046426945834629e-02 9.302457897132453413e-01 0.000000000000000000e+00 3.413746017296313308e-03 0.000000000000000000e+00
3.660000000000000000e+02 1.463922443550706998e-01 7.362312243969049153e-02 9.222803823395538947e-01 0.000000000000000000e+00 4.096495220755575623e-03 0.000000000000000000e+00
3.690000000000000000e+02 1.475921807842106581e-01 8.978152025489304078e-02 9.049840691852526486e-01 0.000000000000000000e+00 5.234410559854347014e-03 0.000000000000000000e+00
3.720000000000000000e+02 1.487921172133503944e-01 1.062812926718252199e-01 8.865498406918524976e-01 0.000000000000000000e+00 7.168866636322257339e-03 0.000000000000000000e+00
3.750000000000000000e+02 1.499920536424903528e-01 1.330223031406463363e-01 8.577605826126536437e-01 0.000000000000000000e+00 9.217114246700046018e-03 0.000000000000000000e+00
3.780000000000000000e+02 1.511919900716303111e-01 1.601046882111970826e-01 8.274920345926263243e-01 0.000000000000000000e+00 1.240327719617660522e-02 0.000000000000000000e+00
3.810000000000000000e+02 1.523919265007702695e-01 1.924214838416021811e-01 7.926718252162039402e-01 0.000000000000000000e+00 1.490669094219390124e-02 0.000000000000000000e+00
3.840000000000000000e+02 1.535918629299102278e-01 2.223486572598998567e-01 7.600136549840691425e-01 0.000000000000000000e+00 1.763768775603095224e-02 0.000000000000000000e+00
3.870000000000000000e+02 1.547917993590501862e-01 2.577378243058716656e-01 7.183659535730542167e-01 0.000000000000000000e+00 2.389622212107419055e-02 0.000000000000000000e+00
3.900000000000000000e+02 1.559917357881899225e-01 2.994993172507965373e-01 6.676149294492489394e-01 0.000000000000000000e+00 3.288575329995448160e-02 0.000000000000000000e+00
3.930000000000000000e+02 1.571916722173298808e-01 3.435366408739189970e-01 6.158397815202548697e-01 0.000000000000000000e+00 4.062357760582612637e-02 0.000000000000000000e+00
3.960000000000000000e+02 1.583916086464698392e-01 3.896222121074192080e-01 5.611060537096039802e-01 0.000000000000000000e+00 4.927173418297678409e-02 0.000000000000000000e+00
3.990000000000000000e+02 1.595915450756097975e-01 4.326354119253527641e-01 5.065999089667728716e-01 0.000000000000000000e+00 6.076467910787437116e-02 0.000000000000000000e+00
4.020000000000000000e+02 1.607914815047497559e-01 4.863450159308147502e-01 4.421939007737824556e-01 0.000000000000000000e+00 7.146108329540282189e-02 0.000000000000000000e+00
4.050000000000000000e+02 1.619914179338897142e-01 5.411925352753754748e-01 3.756258534365043422e-01 1.137915339098771066e-04 8.306781975421029252e-02 0.000000000000000000e+00
4.080000000000000000e+02 1.631913543630294505e-01 5.864815657715065633e-01 3.166818388711880039e-01 3.413746017296313199e-04 9.649522075557578904e-02 0.000000000000000000e+00
4.110000000000000000e+02 1.643912907921694089e-01 6.266499772416932457e-01 2.614929449248976079e-01 3.413746017296313199e-04 1.115157032316795582e-01 0.000000000000000000e+00
4.140000000000000000e+02 1.655912272213093672e-01 6.622667273554847522e-01 2.139280837505689592e-01 6.827492034592626399e-04 1.231224396904870289e-01 0.000000000000000000e+00
4.170000000000000000e+02 1.667911636504493256e-01 6.918525261720528396e-01 1.690942193900773771e-01 9.103322712790168532e-04 1.381429221665907980e-01 0.000000000000000000e+00
4.200000000000000000e+02 1.679911000795892839e-01 7.185935366408738867e-01 1.314292216659080637e-01 7.965407373691396923e-04 1.491807009558488717e-01 0.000000000000000000e+00
4.230000000000000000e+02 1.691910365087292423e-01 7.347519344560764498e-01 1.033227127901684139e-01 1.593081474738279385e-03 1.603322712790168358e-01 0.000000000000000000e+00
4.260000000000000000e+02 1.703909729378692006e-01 7.468138370505233992e-01 7.897132453345470648e-02 2.162039144287664864e-03 1.720527992717341692e-01 0.000000000000000000e+00
4.290000000000000000e+02 1.715909093670089369e-01 7.560309512972235302e-01 6.269913518434228061e-02 2.958579881656804664e-03 1.783113336367774249e-01 0.000000000000000000e+00
4.320000000000000000e+02 1.727908457961488953e-01 7.616067364588074984e-01 4.893035958124715423e-02 3.641329085116067413e-03 1.858215748748293095e-01 0.000000000000000000e+00
4.350000000000000000e+02 1.739907822252888536e-01 7.651342740100136597e-01 3.800637232589895026e-02 4.893035958124715423e-03 1.919663177059626746e-01 0.000000000000000000e+00
4.380000000000000000e+02 1.751907186544288120e-01 7.663859808830223441e-01 3.299954483386435822e-02 5.689576695493855224e-03 1.949248975876194945e-01 0.000000000000000000e+00
4.410000000000000000e+02 1.763906550835687703e-01 7.692307692307692735e-01 2.617205279927173334e-02 7.965407373691398007e-03 1.966317705962676299e-01 0.000000000000000000e+00
4.440000000000000000e+02 1.775905915127087287e-01 7.730996813837051063e-01 2.196176604460628110e-02 8.534365043240782836e-03 1.964041875284478766e-01 0.000000000000000000e+00
4.470000000000000000e+02 1.787905279418484650e-01 7.743513882567136797e-01 1.911697769685935522e-02 9.103322712790167665e-03 1.974283113336367801e-01 0.000000000000000000e+00
4.500000000000000000e+02 1.799904643709884233e-01 7.716203914428766408e-01 1.877560309512972189e-02 1.058261265361857065e-02 1.990213928083750528e-01 0.000000000000000000e+00
4.530000000000000000e+02 1.811904008001283817e-01 7.710514337733272994e-01 1.786527082385070547e-02 1.103777878925807886e-02 2.000455166135639562e-01 0.000000000000000000e+00
4.560000000000000000e+02 1.823903372292683400e-01 7.686618115612198210e-01 1.843422849340009204e-02 1.103777878925807886e-02 2.018661811561219821e-01 0.000000000000000000e+00
4.590000000000000000e+02 1.835902736584082984e-01 7.693445607646790529e-01 1.775147928994082885e-02 1.251706873008648184e-02 2.003868912152935722e-01 0.000000000000000000e+00
4.620000000000000000e+02 1.847902100875482567e-01 7.744651797906235702e-01 1.820664542558033533e-02 1.274465179790623508e-02 1.945835229858898507e-01 0.000000000000000000e+00
4.650000000000000000e+02 1.859901465166879930e-01 7.745789713245334607e-01 1.911697769685935522e-02 1.502048247610377786e-02 1.912835685025034149e-01 0.000000000000000000e+00
4.680000000000000000e+02 1.871900829458279514e-01 7.736686390532544477e-01 2.036868456986800149e-02 1.638598088302230249e-02 1.895766954938552518e-01 0.000000000000000000e+00
4.710000000000000000e+02 1.883900193749679097e-01 7.733272644515247762e-01 2.264451524806554428e-02 1.763768775603095224e-02 1.863905325443787064e-01 0.000000000000000000e+00
4.740000000000000000e+02 1.895899558041078681e-01 7.784478834774692935e-01 2.298588984979517413e-02 2.071005917159763482e-02 1.778561675011379184e-01 0.000000000000000000e+00
4.770000000000000000e+02 1.907898922332478264e-01 7.786754665452890745e-01 2.344105598543468408e-02 2.366863905325443732e-02 1.742148384160218388e-01 0.000000000000000000e+00
4.800000000000000000e+02 1.919898286623877848e-01 7.783340919435594030e-01 2.492034592626308706e-02 2.469276285844333035e-02 1.720527992717341692e-01 0.000000000000000000e+00
4.830000000000000000e+02 1.931897650915277431e-01 7.816340464269457833e-01 2.548930359581247015e-02 2.503413746017296368e-02 1.678425125170687204e-01 0.000000000000000000e+00
4.860000000000000000e+02 1.943897015206674794e-01 7.794720072826581969e-01 2.765134274010013632e-02 2.571688666363222686e-02 1.671597633136094607e-01 0.000000000000000000e+00
4.890000000000000000e+02 1.955896379498074378e-01 7.779927173418297315e-01 2.935821574874829254e-02 3.060992262175694228e-02 1.620391442876649990e-01 0.000000000000000000e+00
4.920000000000000000e+02 1.967895743789473961e-01 7.782203004096495125e-01 3.026854802002730896e-02 3.311333636777423484e-02 1.583978152025489194e-01 0.000000000000000000e+00
4.950000000000000000e+02 1.979895108080873545e-01 7.791306326809285254e-01 2.878925807919890598e-02 3.584433318161128756e-02 1.562357760582612776e-01 0.000000000000000000e+00
4.980000000000000000e+02 1.991894472372273128e-01 7.832271279016841392e-01 3.254437869822485174e-02 3.812016385980882688e-02 1.461083295402822169e-01 0.000000000000000000e+00
5.010000000000000000e+02 2.003893836663672712e-01 7.876649977241693135e-01 3.390987710514337811e-02 3.982703686845699004e-02 1.385980883022303045e-01 0.000000000000000000e+00
5.040000000000000000e+02 2.015893200955070075e-01 7.918752844788348177e-01 3.447883477469276120e-02 4.187528447883477611e-02 1.317705962676376796e-01 0.000000000000000000e+00
5.070000000000000000e+02 2.027892565246469658e-01 7.930131998179335007e-01 3.629949931725079404e-02 4.426490669094219205e-02 1.264223941738734647e-01 0.000000000000000000e+00
5.100000000000000000e+02 2.039891929537869242e-01 7.979062357760582369e-01 3.743741465634956717e-02 4.369594902139280895e-02 1.209604005461993592e-01 0.000000000000000000e+00
5.130000000000000000e+02 2.051891293829268825e-01 8.010923987255348377e-01 3.812016385980882688e-02 4.551661356395084179e-02 1.152708238507055144e-01 0.000000000000000000e+00
5.160000000000000000e+02 2.063890658120668409e-01 8.029130632680928636e-01 3.937187073281747662e-02 4.767865270823850449e-02 1.100364132908511622e-01 0.000000000000000000e+00
5.190000000000000000e+02 2.075890022412067992e-01 8.053026854802002310e-01 4.039599453800637313e-02 4.938552571688666071e-02 1.049157942649066866e-01 0.000000000000000000e+00
5.220000000000000000e+02 2.087889386703465355e-01 8.082612653618570508e-01 4.289940828402366568e-02 5.063723258989531045e-02 9.820209376422393832e-02 0.000000000000000000e+00
5.250000000000000000e+02 2.099888750994864939e-01 8.066681838871188059e-01 4.142011834319526964e-02 5.314064633591260994e-02 9.877105143377332142e-02 0.000000000000000000e+00
5.280000000000000000e+02 2.111888115286264522e-01 8.037096040054619861e-01 4.358215748748293233e-02 5.564406008192990249e-02 9.706417842512517213e-02 0.000000000000000000e+00
5.310000000000000000e+02 2.123887479577664106e-01 8.035958124715520956e-01 4.585798816568047165e-02 5.655439235320892238e-02 9.399180700955848955e-02 0.000000000000000000e+00
5.340000000000000000e+02 2.135886843869063689e-01 8.012061902594447282e-01 4.585798816568047165e-02 6.008192990441511144e-02 9.285389167045972336e-02 0.000000000000000000e+00
5.370000000000000000e+02 2.147886208160463273e-01 7.987027765134273594e-01 4.699590350477924477e-02 6.019572143832498806e-02 9.410559854346836617e-02 0.000000000000000000e+00
5.400000000000000000e+02 2.159885572451862856e-01 7.971096950386891145e-01 4.767865270823850449e-02 6.019572143832498806e-02 9.501593081474737912e-02 0.000000000000000000e+00
5.430000000000000000e+02 2.171884936743260219e-01 7.972234865725990050e-01 4.847519344560764776e-02 6.065088757396449454e-02 9.365043240782885969e-02 0.000000000000000000e+00
5.460000000000000000e+02 2.183884301034659803e-01 7.980200273099681274e-01 4.984069185252617412e-02 6.167501137915339104e-02 9.046426945835230049e-02 0.000000000000000000e+00
5.490000000000000000e+02 2.195883665326059386e-01 7.991579426490669213e-01 5.109239872553481693e-02 6.326809285389166371e-02 8.648156577150660496e-02 0.000000000000000000e+00
5.520000000000000000e+02 2.207883029617458970e-01 7.931269913518433912e-01 5.541647701411014926e-02 6.486117432862995025e-02 8.659535730541648157e-02 0.000000000000000000e+00
5.550000000000000000e+02 2.219882393908858553e-01 7.928994082840237212e-01 5.598543468365953235e-02 6.690942193900774326e-02 8.420573509330905870e-02 0.000000000000000000e+00
5.580000000000000000e+02 2.231881758200258137e-01 7.949476558944014171e-01 5.894401456531633832e-02 6.816112881201638607e-02 7.794720072826581692e-02 0.000000000000000000e+00
5.610000000000000000e+02 2.243881122491655500e-01 7.960855712335002110e-01 6.030951297223486468e-02 6.668183887118799003e-02 7.680928538916705073e-02 1.137915339098771066e-04
5.640000000000000000e+02 2.255880486783055083e-01 7.971096950386891145e-01 6.065088757396449454e-02 6.827492034592626269e-02 7.385070550751024476e-02 1.137915339098771066e-04
5.670000000000000000e+02 2.267879851074454667e-01 8.027992717341829731e-01 6.076467910787437116e-02 6.622667273554846967e-02 7.009558488848430247e-02 1.137915339098771066e-04
5.700000000000000000e+02 2.279879215365854250e-01 8.047337278106508895e-01 6.315430131998178709e-02 6.588529813381883982e-02 6.611288120163859305e-02 1.137915339098771066e-04
5.730000000000000000e+02 2.291878579657253834e-01 8.027992717341829731e-01 6.690942193900774326e-02 6.577150659990896320e-02 6.440600819299044377e-02 1.137915339098771066e-04
5.760000000000000000e+02 2.303877943948653417e-01 8.008648156577150568e-01 6.725079654073737312e-02 6.668183887118799003e-02 6.508875739644970349e-02 1.137915339098771066e-04
5.790000000000000000e+02 2.315877308240050780e-01 8.008648156577150568e-01 6.827492034592626269e-02 6.929904415111515226e-02 6.156121984524351443e-02 0.000000000000000000e+00
5.820000000000000000e+02 2.327876672531450364e-01 8.037096040054619861e-01 6.861629494765589254e-02 6.941283568502502888e-02 5.826126536185707860e-02 0.000000000000000000e+00
5.850000000000000000e+02 2.339876036822849947e-01 8.083750568957669413e-01 7.032316795630405570e-02 6.702321347291761988e-02 5.427856167501137613e-02 0.000000000000000000e+00
5.880000000000000000e+02 2.351875401114249531e-01 8.113336367774237612e-01 7.077833409194356218e-02 6.645425580336822291e-02 5.131998179335457710e-02 1.137915339098771066e-04
5.910000000000000000e+02 2.363874765405649114e-01 8.149749658625398130e-01 7.259899863450158808e-02 6.497496586253982687e-02 4.733727810650887463e-02 1.137915339098771066e-04
5.940000000000000000e+02 2.375874129697048698e-01 8.152025489303595940e-01 7.237141556668183484e-02 6.531634046426945672e-02 4.699590350477924477e-02 1.137915339098771066e-04
5.970000000000000000e+02 2.387873493988448281e-01 8.092853891670459543e-01 7.669549385525717411e-02 6.634046426945834629e-02 4.756486117432862787e-02 1.137915339098771066e-04
6.000000000000000000e+02 2.399872858279845644e-01 8.093991807009558448e-01 7.749203459262631044e-02 6.645425580336822291e-02 4.654073736913973830e-02 1.137915339098771066e-04
6.030000000000000000e+02 2.411872222571245228e-01 8.113336367774237612e-01 7.749203459262631044e-02 6.713700500682749650e-02 4.392353208921256219e-02 1.137915339098771066e-04
6.060000000000000000e+02 2.423871586862644811e-01 8.115612198452435422e-01 7.965407373691398007e-02 6.702321347291761988e-02 4.164770141101502288e-02 1.137915339098771066e-04
6.090000000000000000e+02 2.435870951154044395e-01 8.114474283113336517e-01 8.318161128812016913e-02 6.588529813381883982e-02 3.948566226672735324e-02 0.000000000000000000e+00
6.120000000000000000e+02 2.447870315445443978e-01 8.101957214383249672e-01 8.420573509330905870e-02 6.611288120163859305e-02 3.948566226672735324e-02 0.000000000000000000e+00
6.150000000000000000e+02 2.459869679736843562e-01 8.046199362767409990e-01 8.602639963586708460e-02 7.043695949021393232e-02 3.891670459717797015e-02 0.000000000000000000e+00
6.180000000000000000e+02 2.471869044028240925e-01 8.053026854802002310e-01 8.557123350022757813e-02 7.009558488848430247e-02 3.891670459717797015e-02 1.137915339098771066e-04
6.210000000000000000e+02 2.483868408319640508e-01 8.042785616750113276e-01 8.841602184797450747e-02 7.100591715976331542e-02 3.618570778334091742e-02 1.137915339098771066e-04
6.240000000000000000e+02 2.495867772611040092e-01 8.053026854802002310e-01 8.955393718707328754e-02 6.998179335457442585e-02 3.516158397815202785e-02 0.000000000000000000e+00
6.270000000000000000e+02 2.507867136902439675e-01 8.033682294037323146e-01 8.978152025489304078e-02 7.111970869367319203e-02 3.573054164770141095e-02 0.000000000000000000e+00
6.300000000000000000e+02 2.519866501193839259e-01 8.067819754210286964e-01 8.830223031406463086e-02 7.100591715976331542e-02 3.390987710514337811e-02 0.000000000000000000e+00
6.330000000000000000e+02 2.531865865485238842e-01 8.016613563950841792e-01 9.308147473827947660e-02 7.077833409194356218e-02 3.447883477469276120e-02 0.000000000000000000e+00
6.360000000000000000e+02 2.543865229776636205e-01 7.991579426490669213e-01 9.399180700955848955e-02 7.294037323623121793e-02 3.390987710514337811e-02 0.000000000000000000e+00
6.390000000000000000e+02 2.555864594068035789e-01 7.980200273099681274e-01 9.365043240782885969e-02 7.453345471096950448e-02 3.379608557123350149e-02 0.000000000000000000e+00
6.420000000000000000e+02 2.567863958359435372e-01 8.024578971324533017e-01 9.399180700955848955e-02 7.259899863450158808e-02 3.095129722348657214e-02 0.000000000000000000e+00
6.450000000000000000e+02 2.579863322650834956e-01 8.024578971324533017e-01 9.308147473827947660e-02 7.396449704142012138e-02 3.049613108784706567e-02 0.000000000000000000e+00
6.480000000000000000e+02 2.591862686942234539e-01 8.015475648611742887e-01 9.353664087391898307e-02 7.487482931269913433e-02 3.004096495220755572e-02 0.000000000000000000e+00
6.510000000000000000e+02 2.603862051233634123e-01 8.004096495220756058e-01 9.421939007737824279e-02 7.430587164314975124e-02 3.106508875739644876e-02 0.000000000000000000e+00
6.540000000000000000e+02 2.615861415525031486e-01 7.967683204369594430e-01 9.615384615384615918e-02 7.646791078743742087e-02 3.060992262175694228e-02 0.000000000000000000e+00
6.570000000000000000e+02 2.627860779816431069e-01 7.949476558944014171e-01 9.717796995903504875e-02 7.749203459262631044e-02 3.038233955393718558e-02 0.000000000000000000e+00
6.600000000000000000e+02 2.639860144107830653e-01 7.992717341829768118e-01 9.649522075557578904e-02 7.544378698224851743e-02 2.878925807919890598e-02 0.000000000000000000e+00
6.630000000000000000e+02 2.651859508399230236e-01 7.992717341829768118e-01 9.581247155211652933e-02 7.646791078743742087e-02 2.844788347746927612e-02 0.000000000000000000e+00
6.660000000000000000e+02 2.663858872690629820e-01 8.004096495220756058e-01 9.660901228948566566e-02 7.373691397360036814e-02 2.924442421483841592e-02 0.000000000000000000e+00
6.690000000000000000e+02 2.675858236982029403e-01 8.034820209376422051e-01 9.581247155211652933e-02 7.237141556668183484e-02 2.833409194355939950e-02 0.000000000000000000e+00
6.720000000000000000e+02 2.687857601273428987e-01 8.040509786071916576e-01 9.569868001820663883e-02 7.180245789713245175e-02 2.844788347746927612e-02 0.000000000000000000e+00
6.750000000000000000e+02 2.699856965564826350e-01 8.029130632680928636e-01 9.490213928083750250e-02 7.316795630405098505e-02 2.901684114701866268e-02 0.000000000000000000e+00
6.780000000000000000e+02 2.711856329856225933e-01 8.062130177514792440e-01 9.319526627218935322e-02 7.248520710059171146e-02 2.810650887573964626e-02 0.000000000000000000e+00
6.810000000000000000e+02 2.723855694147625517e-01 8.043923532089212181e-01 9.433318161128811941e-02 7.294037323623121793e-02 2.833409194355939950e-02 0.000000000000000000e+00
