# itime ezz other fcc hcp bcc ico
0.000000000000000000e+00 0.000000000000000000e+00 0.000000000000000000e+00 1.000000000000000000e+00 0.000000000000000000e+00 0.000000000000000000e+00 0.000000000000000000e+00
5.000000000000000000e+01 1.999976180689699845e-03 0.000000000000000000e+00 1.000000000000000000e+00 0.000000000000000000e+00 0.000000000000000000e+00 0.000000000000000000e+00
1.000000000000000000e+02 3.999952361379399690e-03 0.000000000000000000e+00 1.000000000000000000e+00 0.000000000000000000e+00 0.000000000000000000e+00 0.000000000000000000e+00
1.500000000000000000e+02 5.999928542068877491e-03 0.000000000000000000e+00 1.000000000000000000e+00 0.000000000000000000e+00 0.000000000000000000e+00 0.000000000000000000e+00
2.000000000000000000e+02 7.999904722758577336e-03 0.000000000000000000e+00 1.000000000000000000e+00 0.000000000000000000e+00 0.000000000000000000e+00 0.000000000000000000e+00
2.500000000000000000e+02 9.999880903448277181e-03 0.000000000000000000e+00 1.000000000000000000e+00 0.000000000000000000e+00 0.000000000000000000e+00 0.000000000000000000e+00
3.000000000000000000e+02 1.199985708413797703e-02 0.000000000000000000e+00 1.000000000000000000e+00 0.000000000000000000e+00 0.000000000000000000e+00 0.000000000000000000e+00
3.500000000000000000e+02 1.399983326482745483e-02 0.000000000000000000e+00 1.000000000000000000e+00 0.000000000000000000e+00 0.000000000000000000e+00 0.000000000000000000e+00
4.000000000000000000e+02 1.599980944551715467e-02 0.000000000000000000e+00 1.000000000000000000e+00 0.000000000000000000e+00 0.000000000000000000e+00 0.000000000000000000e+00
4.500000000000000000e+02 1.799978562620685452e-02 0.000000000000000000e+00 1.000000000000000000e+00 0.000000000000000000e+00 0.000000000000000000e+00 0.000000000000000000e+00
5.000000000000000000e+02 1.999976180689655436e-02 0.000000000000000000e+00 1.000000000000000000e+00 0.000000000000000000e+00 0.000000000000000000e+00 0.000000000000000000e+00
5.500000000000000000e+02 2.199973798758625421e-02 0.000000000000000000e+00 1.000000000000000000e+00 0.000000000000000000e+00 0.000000000000000000e+00 0.000000000000000000e+00
6.000000000000000000e+02 2.399971416827573201e-02 0.000000000000000000e+00 1.000000000000000000e+00 0.000000000000000000e+00 0.000000000000000000e+00 0.000000000000000000e+00
6.500000000000000000e+02 2.599969034896543185e-02 0.000000000000000000e+00 1.000000000000000000e+00 0.000000000000000000e+00 0.000000000000000000e+00 0.000000000000000000e+00
7.000000000000000000e+02 2.799966652965513170e-02 0.000000000000000000e+00 1.000000000000000000e+00 0.000000000000000000e+00 0.000000000000000000e+00 0.000000000000000000e+00
7.500000000000000000e+02 2.999964271034483154e-02 0.000000000000000000e+00 1.000000000000000000e+00 0.000000000000000000e+00 0.000000000000000000e+00 0.000000000000000000e+00
8.000000000000000000e+02 3.199961889103430934e-02 0.000000000000000000e+00 1.000000000000000000e+00 0.000000000000000000e+00 0.000000000000000000e+00 0.000000000000000000e+00
8.500000000000000000e+02 3.399959507172400919e-02 0.000000000000000000e+00 1.000000000000000000e+00 0.000000000000000000e+00 0.000000000000000000e+00 0.000000000000000000e+00
9.000000000000000000e+02 3.599957125241370903e-02 0.000000000000000000e+00 1.000000000000000000e+00 0.000000000000000000e+00 0.000000000000000000e+00 0.000000000000000000e+00
9.500000000000000000e+02 3.799954743310340888e-02 0.000000000000000000e+00 1.000000000000000000e+00 0.000000000000000000e+00 0.000000000000000000e+00 0.000000000000000000e+00
1.000000000000000000e+03 3.999952361379310872e-02 0.000000000000000000e+00 1.000000000000000000e+00 0.000000000000000000e+00 0.000000000000000000e+00 0.000000000000000000e+00
1.050000000000000000e+03 4.199949979448258652e-02 0.000000000000000000e+00 1.000000000000000000e+00 0.000000000000000000e+00 0.000000000000000000e+00 0.000000000000000000e+00
1.100000000000000000e+03 4.399947597517228637e-02 0.000000000000000000e+00 1.000000000000000000e+00 0.000000000000000000e+00 0.000000000000000000e+00 0.000000000000000000e+00
1.150000000000000000e+03 4.599945215586198621e-02 0.000000000000000000e+00 1.000000000000000000e+00 0.000000000000000000e+00 0.000000000000000000e+00 0.000000000000000000e+00
1.200000000000000000e+03 4.799942833655168606e-02 0.000000000000000000e+00 1.000000000000000000e+00 0.000000000000000000e+00 0.000000000000000000e+00 0.000000000000000000e+00
1.250000000000000000e+03 4.999940451724138590e-02 0.000000000000000000e+00 1.000000000000000000e+00 0.000000000000000000e+00 0.000000000000000000e+00 0.000000000000000000e+00
1.300000000000000000e+03 5.199938069793086370e-02 0.000000000000000000e+00 1.000000000000000000e+00 0.000000000000000000e+00 0.000000000000000000e+00 0.000000000000000000e+00
1.350000000000000000e+03 5.399935687862056355e-02 0.000000000000000000e+00 1.000000000000000000e+00 0.000000000000000000e+00 0.000000000000000000e+00 0.000000000000000000e+00
1.400000000000000000e+03 5.599933305931026339e-02 0.000000000000000000e+00 1.000000000000000000e+00 0.000000000000000000e+00 0.000000000000000000e+00 0.000000000000000000e+00
1.450000000000000000e+03 5.799930923999996324e-02 0.000000000000000000e+00 1.000000000000000000e+00 0.000000000000000000e+00 0.000000000000000000e+00 0.000000000000000000e+00
1.500000000000000000e+03 5.999928542068944104e-02 0.000000000000000000e+00 1.000000000000000000e+00 0.000000000000000000e+00 0.000000000000000000e+00 0.000000000000000000e+00
1.550000000000000000e+03 6.199926160137914088e-02 0.000000000000000000e+00 1.000000000000000000e+00 0.000000000000000000e+00 0.000000000000000000e+00 0.000000000000000000e+00
1.600000000000000000e+03 6.399923778206884073e-02 0.000000000000000000e+00 1.000000000000000000e+00 0.000000000000000000e+00 0.000000000000000000e+00 0.000000000000000000e+00
1.650000000000000000e+03 6.599921396275854057e-02 0.000000000000000000e+00 1.000000000000000000e+00 0.000000000000000000e+00 0.000000000000000000e+00 0.000000000000000000e+00
1.700000000000000000e+03 6.799919014344824042e-02 0.000000000000000000e+00 1.000000000000000000e+00 0.000000000000000000e+00 0.000000000000000000e+00 0.000000000000000000e+00
1.750000000000000000e+03 6.999916632413771822e-02 1.137915339098771066e-04 9.998862084660901095e-01 0.000000000000000000e+00 0.000000000000000000e+00 0.000000000000000000e+00
1.800000000000000000e+03 7.199914250482741807e-02 3.413746017296313199e-04 9.995448338643604380e-01 0.000000000000000000e+00 1.137915339098771066e-04 0.000000000000000000e+00
1.850000000000000000e+03 7.399911868551711791e-02 0.000000000000000000e+00 1.000000000000000000e+00 0.000000000000000000e+00 0.000000000000000000e+00 0.000000000000000000e+00
1.900000000000000000e+03 7.599909486620681776e-02 0.000000000000000000e+00 1.000000000000000000e+00 0.000000000000000000e+00 0.000000000000000000e+00 0.000000000000000000e+00
1.950000000000000000e+03 7.799907104689629556e-02 0.000000000000000000e+00 1.000000000000000000e+00 0.000000000000000000e+00 0.000000000000000000e+00 0.000000000000000000e+00
2.000000000000000000e+03 7.999904722758599540e-02 4.551661356395084266e-04 9.995448338643604380e-01 0.000000000000000000e+00 0.000000000000000000e+00 0.000000000000000000e+00
2.050000000000000000e+03 8.199902340827569525e-02 0.000000000000000000e+00 1.000000000000000000e+00 0.000000000000000000e+00 0.000000000000000000e+00 0.000000000000000000e+00
2.100000000000000000e+03 8.399899958896539509e-02 4.551661356395084266e-04 9.995448338643604380e-01 0.000000000000000000e+00 0.000000000000000000e+00 0.000000000000000000e+00
2.150000000000000000e+03 8.599897576965509494e-02 4.551661356395084266e-04 9.995448338643604380e-01 0.000000000000000000e+00 0.000000000000000000e+00 0.000000000000000000e+00
2.200000000000000000e+03 8.799895195034457274e-02 6.827492034592626399e-04 9.993172507965407680e-01 0.000000000000000000e+00 0.000000000000000000e+00 0.000000000000000000e+00
2.250000000000000000e+03 8.999892813103427258e-02 3.413746017296313199e-04 9.996586253982703285e-01 0.000000000000000000e+00 0.000000000000000000e+00 0.000000000000000000e+00
2.300000000000000000e+03 9.199890431172397243e-02 1.365498406918525280e-03 9.985207100591716456e-01 0.000000000000000000e+00 1.137915339098771066e-04 0.000000000000000000e+00
2.350000000000000000e+03 9.399888049241367227e-02 3.413746017296313199e-04 9.996586253982703285e-01 0.000000000000000000e+00 0.000000000000000000e+00 0.000000000000000000e+00
2.400000000000000000e+03 9.599885667310315007e-02 7.965407373691396923e-04 9.992034592626308775e-01 0.000000000000000000e+00 0.000000000000000000e+00 0.000000000000000000e+00
2.450000000000000000e+03 9.799883285379284992e-02 2.048247610377787811e-03 9.978379608557123026e-01 0.000000000000000000e+00 1.137915339098771066e-04 0.000000000000000000e+00
2.500000000000000000e+03 9.999880903448254976e-02 4.779244424214838804e-03 9.951069640418752638e-01 0.000000000000000000e+00 1.137915339098771066e-04 0.000000000000000000e+00
2.550000000000000000e+03 1.019987852151722496e-01 2.844788347746927612e-03 9.970414201183431802e-01 0.000000000000000000e+00 1.137915339098771066e-04 0.000000000000000000e+00
2.600000000000000000e+03 1.039987613958619495e-01 2.389622212107419402e-03 9.972690031861629611e-01 0.000000000000000000e+00 3.413746017296313199e-04 0.000000000000000000e+00
2.650000000000000000e+03 1.059987375765514273e-01 4.096495220755575623e-03 9.956759217114247162e-01 0.000000000000000000e+00 2.275830678197542133e-04 0.000000000000000000e+00
2.700000000000000000e+03 1.079987137572411271e-01 4.779244424214838804e-03 9.949931725079653733e-01 0.000000000000000000e+00 2.275830678197542133e-04 0.000000000000000000e+00
2.750000000000000000e+03 1.099986899379308269e-01 7.965407373691398007e-03 9.918070095584888834e-01 0.000000000000000000e+00 2.275830678197542133e-04 0.000000000000000000e+00
2.800000000000000000e+03 1.119986661186205268e-01 1.103777878925807886e-02 9.877105143377332697e-01 0.000000000000000000e+00 1.251706873008648227e-03 0.000000000000000000e+00
2.850000000000000000e+03 1.139986422993102266e-01 1.684114701866181243e-02 9.822485207100591920e-01 0.000000000000000000e+00 9.103322712790168532e-04 0.000000000000000000e+00
2.900000000000000000e+03 1.159986184799997044e-01 2.765134274010013632e-02 9.670004551661356418e-01 0.000000000000000000e+00 5.348202093764223633e-03 0.000000000000000000e+00
2.950000000000000000e+03 1.179985946606894043e-01 6.304050978607191047e-02 9.167045971779699265e-01 0.000000000000000000e+00 2.025489303595812488e-02 0.000000000000000000e+00
3.000000000000000000e+03 1.199985708413791041e-01 1.479289940828402428e-01 7.139280837505689314e-01 0.000000000000000000e+00 1.381429221665907980e-01 0.000000000000000000e+00
3.050000000000000000e+03 1.219985470220688040e-01 2.766272189349112676e-01 3.017751479289940697e-01 2.275830678197542133e-04 4.213700500682749372e-01 0.000000000000000000e+00
3.100000000000000000e+03 1.239985232027582818e-01 3.552571688666363303e-01 1.128812016385980915e-01 9.103322712790168532e-04 5.309512972234865513e-01 0.000000000000000000e+00
3.150000000000000000e+03 1.259984993834479816e-01 3.476331360946745552e-01 1.266499772416932179e-01 1.820664542558033706e-03 5.238962221210742287e-01 0.000000000000000000e+00
3.200000000000000000e+03 1.279984755641376815e-01 3.821119708693673234e-01 1.490669094219390090e-01 8.648156577150659455e-03 4.601729631315429891e-01 0.000000000000000000e+00
3.250000000000000000e+03 1.299984517448273813e-01 3.761948111060536837e-01 1.552116522530723741e-01 3.880291306326809353e-02 4.297906235776058348e-01 0.000000000000000000e+00
3.300000000000000000e+03 1.319984279255170811e-01 3.759672280382339582e-01 1.653390987710514348e-01 8.215748748293126569e-02 3.765361857077833552e-01 0.000000000000000000e+00
3.350000000000000000e+03 1.339984041062065590e-01 3.881429221665907980e-01 2.007282658170232159e-01 1.364360491579426626e-01 2.746927628584433512e-01 0.000000000000000000e+00
3.400000000000000000e+03 1.359983802868962588e-01 3.842740100136549652e-01 2.271279016841147025e-01 2.154073736913973691e-01 1.731907146108329631e-01 0.000000000000000000e+00
3.450000000000000000e+03 1.379983564675859586e-01 3.791533909877105035e-01 2.592171142467000200e-01 2.464724624487938109e-01 1.151570323167956239e-01 0.000000000000000000e+00
3.500000000000000000e+03 1.399983326482756585e-01 3.530951297223486329e-01 2.728720983158853253e-01 2.734410559854346667e-01 1.005917159763313612e-01 0.000000000000000000e+00
3.550000000000000000e+03 1.419983088289651363e-01 3.386436049157942607e-01 2.806099226217569353e-01 2.881201638598088199e-01 9.262630860263997012e-02 0.000000000000000000e+00
3.600000000000000000e+03 1.439982850096548361e-01 3.228265817023213691e-01 2.972234865725990050e-01 2.857305416477013971e-01 9.421939007737824279e-02 0.000000000000000000e+00
3.650000000000000000e+03 1.459982611903445360e-01 3.105370960400546387e-01 3.392125625853436577e-01 2.735548475193445572e-01 7.669549385525717411e-02 0.000000000000000000e+00
3.700000000000000000e+03 1.479982373710342358e-01 3.000682749203459343e-01 3.863222576240327721e-01 2.546654528903049552e-01 5.894401456531633832e-02 0.000000000000000000e+00
3.750000000000000000e+03 1.499982135517239357e-01 2.990441511151570309e-01 4.098771051433773294e-01 2.377105143377332697e-01 5.336822940373236318e-02 0.000000000000000000e+00
3.800000000000000000e+03 1.519981897324134135e-01 2.829995448338643582e-01 4.547109695038689114e-01 2.284934000910332219e-01 3.379608557123350149e-02 0.000000000000000000e+00
3.850000000000000000e+03 1.539981659131031133e-01 2.736686390532544477e-01 4.954483386436049352e-01 2.001593081474738189e-01 3.072371415566681890e-02 0.000000000000000000e+00
3.900000000000000000e+03 1.559981420937928132e-01 2.410104688211197055e-01 5.540509786071916576e-01 1.876422394173873354e-01 1.729631315430131891e-02 0.000000000000000000e+00
3.950000000000000000e+03 1.579981182744825130e-01 1.816112881201638607e-01 6.266499772416932457e-01 1.761492944924897552e-01 1.558944014565316269e-02 0.000000000000000000e+00
4.000000000000000000e+03 1.599980944551719908e-01 1.703459262630860338e-01 6.583978152025489194e-01 1.591943559399180697e-01 1.206190259444697363e-02 0.000000000000000000e+00
4.050000000000000000e+03 1.619980706358616906e-01 1.510013654984069253e-01 6.887801547564861293e-01 1.537323623122439642e-01 6.486117432862995025e-03 0.000000000000000000e+00
4.100000000000000000e+03 1.639980468165513905e-01 1.499772416932180219e-01 7.052799271734182529e-01 1.389394629039599482e-01 5.803368229403732710e-03 0.000000000000000000e+00
4.150000000000000000e+03 1.659980229972410903e-01 1.324533454710969393e-01 7.242831133363677454e-01 1.396222121074192080e-01 3.641329085116067413e-03 0.000000000000000000e+00
4.200000000000000000e+03 1.679979991779307902e-01 1.293809740555302568e-01 7.280382339553936877e-01 1.404187528447883582e-01 2.162039144287664864e-03 0.000000000000000000e+00
4.250000000000000000e+03 1.699979753586202680e-01 1.239189804278561652e-01 7.342967683204369989e-01 1.403049613108784677e-01 1.479289940828402332e-03 0.000000000000000000e+00
4.300000000000000000e+03 1.719979515393099678e-01 1.129949931725079681e-01 7.414656349567592120e-01 1.437187073281747940e-01 1.820664542558033706e-03 0.000000000000000000e+00
4.350000000000000000e+03 1.739979277199996677e-01 1.055985434683659602e-01 7.489758761948110966e-01 1.437187073281747940e-01 1.706873008648156654e-03 0.000000000000000000e+00
4.400000000000000000e+03 1.759979039006893675e-01 9.842967683204369156e-02 7.555757851615839682e-01 1.441738734638143005e-01 1.820664542558033706e-03 0.000000000000000000e+00
4.450000000000000000e+03 1.779978800813790674e-01 9.797451069640418508e-02 7.585343650432407880e-01 1.421256258534364936e-01 1.365498406918525280e-03 0.000000000000000000e+00
4.500000000000000000e+03 1.799978562620685452e-01 9.968138370505234824e-02 7.559171597633136397e-01 1.429221665908056438e-01 1.479289940828402332e-03 0.000000000000000000e+00
4.550000000000000000e+03 1.819978324427582450e-01 9.763313609467455523e-02 7.536413290851160518e-01 1.463359126081019701e-01 2.389622212107419402e-03 0.000000000000000000e+00
4.600000000000000000e+03 1.839978086234479449e-01 1.001365498406918547e-01 7.536413290851160518e-01 1.441738734638143005e-01 2.048247610377787811e-03 0.000000000000000000e+00
4.650000000000000000e+03 1.859977848041376447e-01 9.956759217114247162e-02 7.556895766954938587e-01 1.437187073281747940e-01 1.024123805188893906e-03 0.000000000000000000e+00
4.700000000000000000e+03 1.879977609848271225e-01 9.751934456076467861e-02 7.579654073736914466e-01 1.432635411925352875e-01 1.251706873008648227e-03 0.000000000000000000e+00
4.750000000000000000e+03 1.899977371655168223e-01 9.524351388256713236e-02 7.597860719162494725e-01 1.436049157942649035e-01 1.365498406918525280e-03 0.000000000000000000e+00
4.800000000000000000e+03 1.919977133462065222e-01 9.831588529813381494e-02 7.528447883477469293e-01 1.467910787437414766e-01 2.048247610377787811e-03 0.000000000000000000e+00
4.850000000000000000e+03 1.939976895268962220e-01 9.808830223031406170e-02 7.468138370505233992e-01 1.527082385070550885e-01 2.389622212107419402e-03 0.000000000000000000e+00
4.900000000000000000e+03 1.959976657075859219e-01 9.945380063723259501e-02 7.421483841602184439e-01 1.570323167956304000e-01 1.365498406918525280e-03 0.000000000000000000e+00
4.950000000000000000e+03 1.979976418882753997e-01 9.820209376422393832e-02 7.408966772872098705e-01 1.580564406008193035e-01 2.844788347746927612e-03 0.000000000000000000e+00
5.000000000000000000e+03 1.999976180689650995e-01 9.888484296768319803e-02 7.347519344560764498e-01 1.631770596267637652e-01 3.186162949476558769e-03 0.000000000000000000e+00
5.050000000000000000e+03 2.019975942496547994e-01 9.808830223031406170e-02 7.312243969048702885e-01 1.678425125170687204e-01 2.844788347746927612e-03 0.000000000000000000e+00
5.100000000000000000e+03 2.039975704303444992e-01 9.842967683204369156e-02 7.232589895311788419e-01 1.743286299499317293e-01 3.982703686845699004e-03 0.000000000000000000e+00
5.150000000000000000e+03 2.059975466110339770e-01 9.763313609467455523e-02 7.201866181156122426e-01 1.796768320436959443e-01 2.503413746017296455e-03 0.000000000000000000e+00
5.200000000000000000e+03 2.079975227917236769e-01 9.911242603550296515e-02 7.144970414201183839e-01 1.833181611288120239e-01 3.072371415566681717e-03 0.000000000000000000e+00
5.250000000000000000e+03 2.099974989724133767e-01 9.820209376422393832e-02 7.104005461993627701e-01 1.877560309512972259e-01 3.641329085116067413e-03 0.000000000000000000e+00
5.300000000000000000e+03 2.119974751531030766e-01 9.456076467910787264e-02 7.117660446062813451e-01 1.888939462903959920e-01 4.779244424214838804e-03 0.000000000000000000e+00
5.350000000000000000e+03 2.139974513337927764e-01 9.399180700955848955e-02 7.118798361401911245e-01 1.890077378243058825e-01 5.120619025944469528e-03 0.000000000000000000e+00
5.400000000000000000e+03 2.159974275144822542e-01 9.729176149294492537e-02 7.099453800637232082e-01 1.890077378243058825e-01 3.755120619025944465e-03 0.000000000000000000e+00
5.450000000000000000e+03 2.179974036951719540e-01 9.979517523896222486e-02 7.042558033682293495e-01 1.916249431042330587e-01 4.324078288575329727e-03 0.000000000000000000e+00
5.500000000000000000e+03 2.199973798758616539e-01 9.717796995903504875e-02 7.001593081474738467e-01 1.968593536640873831e-01 5.803368229403732710e-03 0.000000000000000000e+00
5.550000000000000000e+03 2.219973560565513537e-01 9.786071916249430847e-02 6.927628584433318526e-01 2.022075557578516258e-01 7.168866636322257339e-03 0.000000000000000000e+00
5.600000000000000000e+03 2.239973322372408315e-01 1.008192990441511144e-01 6.820664542558033672e-01 2.092626308602640040e-01 7.851615839781519654e-03 0.000000000000000000e+00
5.650000000000000000e+03 2.259973084179305314e-01 9.990896677287210148e-02 6.705735093309057593e-01 2.220072826581702408e-01 7.510241238051888930e-03 0.000000000000000000e+00
5.700000000000000000e+03 2.279972845986202312e-01 1.051433773327264398e-01 6.537323623122439642e-01 2.303140646335912478e-01 1.081019572143832562e-02 0.000000000000000000e+00
5.750000000000000000e+03 2.299972607793099311e-01 1.005917159763313612e-01 6.408739189804278924e-01 2.501137915339098905e-01 8.420573509330906217e-03 0.000000000000000000e+00
5.800000000000000000e+03 2.319972369599996309e-01 9.239872553482020301e-02 6.381429221665908535e-01 2.647928994082840437e-01 4.665452890304961318e-03 0.000000000000000000e+00
5.850000000000000000e+03 2.339972131406891087e-01 9.046426945835230049e-02 6.346153846153845812e-01 2.707100591715976279e-01 4.210286754665453109e-03 0.000000000000000000e+00
5.900000000000000000e+03 2.359971893213788086e-01 9.956759217114247162e-02 6.226672735548475224e-01 2.708238507055075184e-01 6.941283568502503235e-03 0.000000000000000000e+00
5.950000000000000000e+03 2.379971655020685084e-01 1.160673645880746507e-01 6.099226217569412301e-01 2.662721893491124536e-01 7.737824305871643035e-03 0.000000000000000000e+00
6.000000000000000000e+03 2.399971416827582082e-01 1.333636777423759801e-01 6.094674556213017791e-01 2.490896677287209870e-01 8.079198907601274626e-03 0.000000000000000000e+00
6.050000000000000000e+03 2.419971178634479081e-01 1.433773327264451503e-01 6.123122439690487084e-01 2.358898497951752438e-01 8.420573509330906217e-03 0.000000000000000000e+00
6.100000000000000000e+03 2.439970940441373859e-01 1.540737369139736079e-01 6.194811106053709215e-01 2.181383705052344080e-01 8.306781975421027864e-03 0.000000000000000000e+00
6.150000000000000000e+03 2.459970702248270857e-01 1.490669094219390090e-01 6.405325443786982209e-01 2.036868456986800080e-01 6.713700500682749130e-03 0.000000000000000000e+00
6.200000000000000000e+03 2.479970464055167856e-01 1.596495220755575761e-01 6.401911697769685494e-01 1.954938552571688637e-01 4.665452890304961318e-03 0.000000000000000000e+00
6.250000000000000000e+03 2.499970225862064854e-01 1.548702776513427304e-01 6.499772416932180219e-01 1.895766954938552518e-01 5.575785161583977738e-03 0.000000000000000000e+00
6.300000000000000000e+03 2.519969987668959632e-01 1.531634046426945950e-01 6.557806099226217711e-01 1.852526172052799402e-01 5.803368229403732710e-03 0.000000000000000000e+00
6.350000000000000000e+03 2.539969749475856631e-01 1.508875739644970349e-01 6.670459717796995980e-01 1.775147928994082747e-01 4.551661356395083832e-03 0.000000000000000000e+00
6.400000000000000000e+03 2.559969511282753629e-01 1.513427401001365413e-01 6.751251706873008240e-01 1.679563040509786109e-01 5.575785161583977738e-03 0.000000000000000000e+00
6.450000000000000000e+03 2.579969273089650628e-01 1.426945835229858905e-01 6.934456076467910846e-01 1.583978152025489194e-01 5.461993627674101119e-03 0.000000000000000000e+00
6.500000000000000000e+03 2.599969034896547626e-01 1.412152935821574806e-01 6.972007282658170269e-01 1.577150659990896597e-01 3.868912152935821518e-03 0.000000000000000000e+00
6.550000000000000000e+03 2.619968796703442404e-01 1.412152935821574806e-01 6.979972690031861493e-01 1.573736913973600438e-01 3.413746017296313308e-03 0.000000000000000000e+00
6.600000000000000000e+03 2.639968558510339403e-01 1.415566681838871244e-01 6.995903504779243942e-01 1.568047337278106468e-01 2.048247610377787811e-03 0.000000000000000000e+00
6.650000000000000000e+03 2.659968320317236401e-01 1.425807919890760000e-01 7.011834319526627501e-01 1.536185707783341015e-01 2.617205279927173507e-03 0.000000000000000000e+00
6.700000000000000000e+03 2.679968082124133399e-01 1.413290851160673711e-01 7.053937187073281434e-01 1.497496586253982687e-01 3.527537551206190360e-03 0.000000000000000000e+00
6.750000000000000000e+03 2.699967843931028177e-01 1.345015930814747462e-01 7.138142922166590409e-01 1.499772416932180219e-01 1.706873008648156654e-03 0.000000000000000000e+00
6.800000000000000000e+03 2.719967605737925176e-01 1.338188438780154865e-01 7.141556668183887124e-01 1.500910332271279124e-01 1.934456076467910759e-03 0.000000000000000000e+00
6.850000000000000000e+03 2.739967367544822174e-01 1.363222576240327721e-01 7.133591260810195900e-01 1.487255348202093652e-01 1.593081474738279385e-03 0.000000000000000000e+00
6.900000000000000000e+03 2.759967129351719173e-01 1.292671825216203940e-01 7.207555757851615841e-01 1.480427856167501055e-01 1.934456076467910759e-03 0.000000000000000000e+00
6.950000000000000000e+03 2.779966891158616171e-01 1.269913518434228616e-01 7.179107874374146547e-01 1.527082385070550885e-01 2.389622212107419402e-03 0.000000000000000000e+00
7.000000000000000000e+03 2.799966652965510949e-01 1.313154301319981732e-01 7.133591260810195900e-01 1.514565316340464318e-01 3.868912152935821518e-03 0.000000000000000000e+00
7.050000000000000000e+03 2.819966414772407948e-01 1.307464724624488039e-01 7.118798361401911245e-01 1.544151115157032239e-01 2.958579881656804664e-03 0.000000000000000000e+00
7.100000000000000000e+03 2.839966176579304946e-01 1.307464724624488039e-01 7.158625398270368478e-01 1.516841147018661851e-01 1.706873008648156654e-03 0.000000000000000000e+00
7.150000000000000000e+03 2.859965938386201945e-01 1.299499317250796537e-01 7.166590805644059703e-01 1.521392808375056915e-01 1.251706873008648227e-03 0.000000000000000000e+00
7.200000000000000000e+03 2.879965700193096723e-01 1.285844333181611343e-01 7.183659535730542167e-01 1.514565316340464318e-01 1.593081474738279385e-03 0.000000000000000000e+00
7.250000000000000000e+03 2.899965461999993721e-01 1.253982703686845612e-01 7.220072826581702685e-01 1.507737824305871721e-01 1.820664542558033706e-03 0.000000000000000000e+00
7.300000000000000000e+03 2.919965223806890720e-01 1.235776058261265353e-01 7.229176149294492815e-01 1.523668639053254448e-01 1.137915339098770958e-03 0.000000000000000000e+00
7.350000000000000000e+03 2.939964985613787718e-01 1.230086481565771522e-01 7.217796995903504875e-01 1.543013199817933612e-01 9.103322712790168532e-04 0.000000000000000000e+00
7.400000000000000000e+03 2.959964747420684716e-01 1.239189804278561652e-01 7.197314519799726806e-01 1.548702776513427304e-01 1.479289940828402332e-03 0.000000000000000000e+00
7.450000000000000000e+03 2.979964509227579494e-01 1.234638142922166587e-01 7.193900773782430091e-01 1.564633591260810308e-01 6.827492034592626399e-04 0.000000000000000000e+00
7.500000000000000000e+03 2.999964271034476493e-01 1.235776058261265353e-01 7.191624943104233392e-01 1.563495675921711403e-01 9.103322712790168532e-04 0.000000000000000000e+00
7.550000000000000000e+03 3.019964032841373491e-01 1.244879380974055483e-01 7.180245789713245452e-01 1.561219845243513871e-01 1.365498406918525280e-03 0.000000000000000000e+00
7.600000000000000000e+03 3.039963794648270490e-01 1.240327719617660418e-01 7.195038689121528996e-01 1.557806099226217433e-01 6.827492034592626399e-04 0.000000000000000000e+00
7.650000000000000000e+03 3.059963556455167488e-01 1.230086481565771522e-01 7.210969503868912556e-01 1.553254437869822369e-01 5.689576695493854790e-04 0.000000000000000000e+00
7.700000000000000000e+03 3.079963318262062266e-01 1.233500227583067821e-01 7.214383249886208160e-01 1.545289030496131144e-01 6.827492034592626399e-04 0.000000000000000000e+00
7.750000000000000000e+03 3.099963080068959265e-01 1.252844788347746985e-01 7.174556213017750927e-01 1.556668183887118806e-01 1.593081474738279385e-03 0.000000000000000000e+00
7.800000000000000000e+03 3.119962841875856263e-01 1.265361857077833274e-01 7.168866636322257513e-01 1.549840691852526209e-01 1.593081474738279385e-03 0.000000000000000000e+00
7.850000000000000000e+03 3.139962603682753262e-01 1.267637687756031084e-01 7.162039144287665193e-01 1.562357760582612776e-01 7.965407373691396923e-04 0.000000000000000000e+00
7.900000000000000000e+03 3.159962365489648040e-01 1.267637687756031084e-01 7.160901228948566288e-01 1.561219845243513871e-01 1.024123805188893906e-03 0.000000000000000000e+00
7.950000000000000000e+03 3.179962127296545038e-01 1.285844333181611343e-01 7.142694583522986029e-01 1.566909421939007840e-01 4.551661356395084266e-04 0.000000000000000000e+00
8.000000000000000000e+03 3.199961889103442036e-01 1.305188893946290507e-01 7.113108784706417831e-01 1.568047337278106468e-01 1.365498406918525280e-03 0.000000000000000000e+00
8.050000000000000000e+03 3.219961650910339035e-01 1.316568047337278169e-01 7.093764223941738667e-01 1.574874829312699065e-01 1.479289940828402332e-03 0.000000000000000000e+00
8.100000000000000000e+03 3.239961412717236033e-01 1.342740100136549930e-01 7.069868001820664993e-01 1.572598998634501533e-01 1.479289940828402332e-03 0.000000000000000000e+00
8.150000000000000000e+03 3.259961174524130811e-01 1.368912152935821691e-01 7.050523441055985829e-01 1.562357760582612776e-01 1.820664542558033706e-03 0.000000000000000000e+00
8.200000000000000000e+03 3.279960936331027810e-01 1.360946745562130189e-01 7.061902594446972659e-01 1.563495675921711403e-01 1.365498406918525280e-03 0.000000000000000000e+00
8.250000000000000000e+03 3.299960698137924808e-01 1.403049613108784677e-01 7.019799726900318726e-01 1.555530268548019901e-01 2.162039144287664864e-03 0.000000000000000000e+00
8.300000000000000000e+03 3.319960459944821807e-01 1.399635867091488517e-01 7.020937642239417631e-01 1.553254437869822369e-01 2.617205279927173507e-03 0.000000000000000000e+00
8.350000000000000000e+03 3.339960221751716585e-01 1.408739189804278646e-01 7.016385980883022011e-01 1.554392353208921274e-01 2.048247610377787811e-03 0.000000000000000000e+00
8.400000000000000000e+03 3.359959983558613583e-01 1.425807919890760000e-01 6.991351843422849432e-01 1.555530268548019901e-01 2.730996813837050560e-03 0.000000000000000000e+00
8.450000000000000000e+03 3.379959745365510582e-01 1.415566681838871244e-01 7.007282658170231882e-01 1.561219845243513871e-01 1.593081474738279385e-03 0.000000000000000000e+00
8.500000000000000000e+03 3.399959507172407580e-01 1.423532089212562468e-01 6.964041875284479044e-01 1.588529813381884259e-01 2.389622212107419402e-03 0.000000000000000000e+00
8.550000000000000000e+03 3.419959268979304579e-01 1.490669094219390090e-01 6.911697769685934967e-01 1.562357760582612776e-01 3.527537551206190360e-03 0.000000000000000000e+00
8.600000000000000000e+03 3.439959030786199357e-01 1.528220300409649512e-01 6.868456986800182129e-01 1.553254437869822369e-01 5.006827492034592909e-03 0.000000000000000000e+00
8.650000000000000000e+03 3.459958792593096355e-01 1.589667728720983164e-01 6.826354119253527086e-01 1.550978607191624836e-01 3.299954483386436255e-03 0.000000000000000000e+00
8.700000000000000000e+03 3.479958554399993353e-01 1.706873008648156498e-01 6.673873463814292695e-01 1.571461083295402905e-01 4.779244424214838804e-03 0.000000000000000000e+00
8.750000000000000000e+03 3.499958316206890352e-01 1.885525716886663761e-01 6.462221210741920796e-01 1.562357760582612776e-01 8.989531178880291046e-03 0.000000000000000000e+00
8.800000000000000000e+03 3.519958078013785130e-01 2.001593081474738189e-01 6.189121529358215801e-01 1.643149749658625314e-01 1.661356395084205573e-02 0.000000000000000000e+00
8.850000000000000000e+03 3.539957839820682128e-01 2.151797906235776159e-01 5.962676376877560358e-01 1.745562130177514826e-01 1.399635867091488309e-02 0.000000000000000000e+00
8.900000000000000000e+03 3.559957601627579127e-01 2.163177059626763821e-01 5.908056440600819581e-01 1.816112881201638607e-01 1.126536185707783383e-02 0.000000000000000000e+00
8.950000000000000000e+03 3.579957363434476125e-01 2.101729631315430169e-01 5.977469276285843902e-01 1.854802002730996935e-01 6.599908966772872511e-03 0.000000000000000000e+00
9.000000000000000000e+03 3.599957125241373124e-01 2.097177969959035104e-01 5.922849340009103125e-01 1.918525261720528119e-01 6.144742831133363434e-03 0.000000000000000000e+00
9.050000000000000000e+03 3.619956887048267902e-01 2.107419208010923861e-01 5.901228948566226151e-01 1.926490669094219343e-01 6.486117432862995025e-03 0.000000000000000000e+00
9.100000000000000000e+03 3.639956648855164900e-01 2.167728720983158885e-01 5.794264906690942407e-01 1.979972690031861493e-01 5.803368229403732710e-03 0.000000000000000000e+00
9.150000000000000000e+03 3.659956410662061899e-01 2.094902139280837572e-01 5.796540737369140217e-01 2.052799271734183084e-01 5.575785161583977738e-03 0.000000000000000000e+00
9.200000000000000000e+03 3.679956172468958897e-01 2.135867091488393155e-01 5.722576240327719166e-01 2.097177969959035104e-01 4.437869822485207214e-03 0.000000000000000000e+00
9.250000000000000000e+03 3.699955934275853675e-01 2.218934911242603503e-01 5.637232589895311285e-01 2.091488393263541135e-01 5.234410559854347014e-03 0.000000000000000000e+00
9.300000000000000000e+03 3.719955696082750674e-01 2.214383249886208438e-01 5.592853891670459543e-01 2.123350022758306865e-01 6.941283568502503235e-03 0.000000000000000000e+00
9.350000000000000000e+03 3.739955457889647672e-01 2.191624943104233114e-01 5.591715976331360638e-01 2.163177059626763821e-01 5.348202093764223633e-03 0.000000000000000000e+00
9.400000000000000000e+03 3.759955219696544670e-01 2.220072826581702408e-01 5.525716886663631922e-01 2.191624943104233114e-01 6.258534365043240920e-03 0.000000000000000000e+00
9.450000000000000000e+03 3.779954981503441669e-01 2.291761492944924816e-01 5.436959490213928436e-01 2.206417842512516936e-01 6.486117432862995025e-03 0.000000000000000000e+00
9.500000000000000000e+03 3.799954743310336447e-01 2.225762403277196100e-01 5.521165225307237412e-01 2.183659535730541612e-01 6.941283568502503235e-03 0.000000000000000000e+00
9.550000000000000000e+03 3.819954505117233445e-01 2.200728265817023244e-01 5.589440145653163938e-01 2.159763313609467383e-01 5.006827492034592909e-03 0.000000000000000000e+00
9.600000000000000000e+03 3.839954266924130444e-01 2.191624943104233114e-01 5.650887573964497035e-01 2.104005461993627701e-01 5.348202093764223633e-03 0.000000000000000000e+00
9.650000000000000000e+03 3.859954028731027442e-01 2.149522075557578626e-01 5.741920801092398330e-01 2.057350933090578149e-01 5.120619025944469528e-03 0.000000000000000000e+00
9.700000000000000000e+03 3.879953790537924441e-01 2.130177514792899462e-01 5.772644515248065433e-01 2.044833864360491582e-01 5.234410559854347014e-03 0.000000000000000000e+00
9.750000000000000000e+03 3.899953552344821439e-01 2.167728720983158885e-01 5.770368684569867623e-01 2.023213472917614886e-01 3.868912152935821518e-03 0.000000000000000000e+00
9.800000000000000000e+03 3.919953314151716217e-01 2.157487482931269851e-01 5.793126991351843502e-01 2.007282658170232159e-01 4.210286754665453109e-03 0.000000000000000000e+00
9.850000000000000000e+03 3.939953075958610995e-01 2.176832043695949015e-01 5.787437414656350088e-01 1.985662266727355463e-01 5.006827492034592909e-03 0.000000000000000000e+00
9.900000000000000000e+03 3.959952837765510214e-01 2.207555757851615841e-01 5.799954483386435822e-01 1.940145653163404538e-01 5.234410559854347014e-03 0.000000000000000000e+00
9.950000000000000000e+03 3.979952599572407212e-01 2.237141556668183762e-01 5.826126536185707305e-01 1.877560309512972259e-01 5.917159763313609329e-03 0.000000000000000000e+00
1.000000000000000000e+04 3.999952361379301990e-01 2.168866636322257513e-01 5.950159308147473514e-01 1.832043695949021334e-01 4.893035958124715423e-03 0.000000000000000000e+00
1.005000000000000000e+04 4.019952123186196769e-01 2.113108784706417831e-01 5.992262175694128556e-01 1.858215748748293095e-01 3.641329085116067413e-03 0.000000000000000000e+00
1.010000000000000000e+04 4.039951884993095987e-01 2.121074192080109333e-01 5.976331360946746107e-01 1.851388256713700498e-01 5.120619025944469528e-03 0.000000000000000000e+00
1.015000000000000000e+04 4.059951646799992986e-01 2.138142922166590687e-01 5.979745106964041712e-01 1.837733272644515303e-01 4.437869822485207214e-03 0.000000000000000000e+00
1.020000000000000000e+04 4.079951408606887764e-01 2.101729631315430169e-01 5.980883022303140617e-01 1.861629494765589532e-01 5.575785161583977738e-03 0.000000000000000000e+00
1.025000000000000000e+04 4.099951170413782542e-01 2.106281292671825234e-01 5.918297678652708615e-01 1.902594446973145115e-01 7.282658170232134826e-03 0.000000000000000000e+00
1.030000000000000000e+04 4.119950932220681761e-01 2.172280382339553950e-01 5.838643604915794150e-01 1.925352753755120716e-01 6.372325898953117539e-03 0.000000000000000000e+00
1.035000000000000000e+04 4.139950694027578759e-01 2.146108329540282189e-01 5.809057806099225951e-01 1.974283113336367801e-01 7.055075102412380721e-03 0.000000000000000000e+00
1.040000000000000000e+04 4.159950455834473537e-01 2.152935821574874786e-01 5.774920345926263243e-01 1.977696859353663961e-01 9.444697314519799256e-03 0.000000000000000000e+00
1.045000000000000000e+04 4.179950217641370536e-01 2.146108329540282189e-01 5.791989076012744597e-01 1.992489758761948060e-01 6.941283568502503235e-03 0.000000000000000000e+00
1.050000000000000000e+04 4.199949979448267534e-01 2.190487027765134209e-01 5.749886208466090665e-01 1.986800182066454368e-01 7.282658170232134826e-03 0.000000000000000000e+00
1.055000000000000000e+04 4.219949741255164533e-01 2.197314519799726806e-01 5.764679107874374209e-01 1.962903959945380139e-01 7.510241238051888930e-03 0.000000000000000000e+00
1.060000000000000000e+04 4.239949503062061531e-01 2.141556668183887124e-01 5.807919890760127046e-01 1.965179790623577671e-01 8.534365043240782836e-03 0.000000000000000000e+00
1.065000000000000000e+04 4.259949264868956309e-01 2.190487027765134209e-01 5.819299044151114986e-01 1.909421939007737712e-01 8.079198907601274626e-03 0.000000000000000000e+00
1.070000000000000000e+04 4.279949026675853307e-01 2.193900773782430647e-01 5.867091488393263443e-01 1.869594902139280757e-01 6.941283568502503235e-03 0.000000000000000000e+00
1.075000000000000000e+04 4.299948788482752526e-01 2.164314974965862448e-01 5.904642694583522866e-01 1.847974510696404060e-01 8.306781975421027864e-03 0.000000000000000000e+00
1.080000000000000000e+04 4.319948550289647304e-01 2.224624487938097472e-01 5.896677287209831642e-01 1.796768320436959443e-01 8.192990441511151245e-03 0.000000000000000000e+00
1.085000000000000000e+04 4.339948312096542082e-01 2.226900318616295005e-01 5.931952662721893255e-01 1.778561675011379184e-01 6.258534365043240920e-03 0.000000000000000000e+00
1.090000000000000000e+04 4.359948073903439081e-01 2.284934000910332219e-01 5.869367319071461253e-01 1.778561675011379184e-01 6.713700500682749130e-03 0.000000000000000000e+00
1.095000000000000000e+04 4.379947835710338300e-01 2.278106508875739622e-01 5.894401456531633832e-01 1.752389622212107423e-01 7.510241238051888930e-03 0.000000000000000000e+00
1.100000000000000000e+04 4.399947597517233078e-01 2.240555302685480199e-01 5.922849340009103125e-01 1.772872098315885214e-01 6.372325898953117539e-03 0.000000000000000000e+00
1.105000000000000000e+04 4.419947359324127856e-01 2.281520254893036059e-01 5.913746017296312996e-01 1.746700045516613453e-01 5.803368229403732710e-03 0.000000000000000000e+00
1.110000000000000000e+04 4.439947121131024854e-01 2.305416477014110288e-01 5.955848884842968038e-01 1.656804733727810786e-01 8.192990441511151245e-03 0.000000000000000000e+00
1.115000000000000000e+04 4.459946882937924073e-01 2.303140646335912478e-01 6.017296313154301135e-01 1.613563950842057393e-01 6.599908966772872511e-03 0.000000000000000000e+00
1.120000000000000000e+04 4.479946644744818851e-01 2.323623122439690547e-01 6.029813381884387979e-01 1.582840236686390567e-01 6.372325898953117539e-03 0.000000000000000000e+00
1.125000000000000000e+04 4.499946406551713629e-01 2.282658170232134687e-01 6.093536640873918886e-01 1.549840691852526209e-01 7.396449704142011444e-03 0.000000000000000000e+00
1.130000000000000000e+04 4.519946168358612848e-01 2.324761037778789174e-01 6.106053709604005730e-01 1.507737824305871721e-01 6.144742831133363434e-03 0.000000000000000000e+00
1.135000000000000000e+04 4.539945930165509846e-01 2.175694128356850388e-01 6.266499772416932457e-01 1.483841602184797492e-01 7.396449704142011444e-03 0.000000000000000000e+00
