# itime ezz other fcc hcp bcc ico
0.000000000000000000e+00 0.000000000000000000e+00 0.000000000000000000e+00 1.000000000000000000e+00 0.000000000000000000e+00 0.000000000000000000e+00 0.000000000000000000e+00
2.500000000000000000e+02 9.999971998971179943e-03 0.000000000000000000e+00 1.000000000000000000e+00 0.000000000000000000e+00 0.000000000000000000e+00 0.000000000000000000e+00
5.000000000000000000e+02 1.999994399794258193e-02 0.000000000000000000e+00 1.000000000000000000e+00 0.000000000000000000e+00 0.000000000000000000e+00 0.000000000000000000e+00
7.500000000000000000e+02 2.999991599691376187e-02 0.000000000000000000e+00 1.000000000000000000e+00 0.000000000000000000e+00 0.000000000000000000e+00 0.000000000000000000e+00
1.000000000000000000e+03 3.999988799588516386e-02 0.000000000000000000e+00 1.000000000000000000e+00 0.000000000000000000e+00 0.000000000000000000e+00 0.000000000000000000e+00
1.250000000000000000e+03 4.999985999485634380e-02 0.000000000000000000e+00 1.000000000000000000e+00 0.000000000000000000e+00 0.000000000000000000e+00 0.000000000000000000e+00
1.500000000000000000e+03 5.999983199382752375e-02 0.000000000000000000e+00 1.000000000000000000e+00 0.000000000000000000e+00 0.000000000000000000e+00 0.000000000000000000e+00
1.750000000000000000e+03 6.999980399279892573e-02 1.137915339098771066e-04 9.998862084660901095e-01 0.000000000000000000e+00 0.000000000000000000e+00 0.000000000000000000e+00
2.000000000000000000e+03 7.999977599177010568e-02 4.551661356395084266e-04 9.995448338643604380e-01 0.000000000000000000e+00 0.000000000000000000e+00 0.000000000000000000e+00
2.250000000000000000e+03 8.999974799074128562e-02 3.413746017296313199e-04 9.996586253982703285e-01 0.000000000000000000e+00 0.000000000000000000e+00 0.000000000000000000e+00
2.500000000000000000e+03 9.999971998971268761e-02 4.779244424214838804e-03 9.951069640418752638e-01 0.000000000000000000e+00 1.137915339098771066e-04 0.000000000000000000e+00
2.750000000000000000e+03 1.099996919886838675e-01 7.965407373691398007e-03 9.918070095584888834e-01 0.000000000000000000e+00 2.275830678197542133e-04 0.000000000000000000e+00
3.000000000000000000e+03 1.199996639876552695e-01 1.479289940828402428e-01 7.139280837505689314e-01 0.000000000000000000e+00 1.381429221665907980e-01 0.000000000000000000e+00
3.250000000000000000e+03 1.299996359866264495e-01 3.761948111060536837e-01 1.552116522530723741e-01 3.880291306326809353e-02 4.297906235776058348e-01 0.000000000000000000e+00
3.500000000000000000e+03 1.399996079855976294e-01 3.530951297223486329e-01 2.728720983158853253e-01 2.734410559854346667e-01 1.005917159763313612e-01 0.000000000000000000e+00
3.750000000000000000e+03 1.499995799845690314e-01 2.990441511151570309e-01 4.098771051433773294e-01 2.377105143377332697e-01 5.336822940373236318e-02 0.000000000000000000e+00
4.000000000000000000e+03 1.599995519835402114e-01 1.703459262630860338e-01 6.583978152025489194e-01 1.591943559399180697e-01 1.206190259444697363e-02 0.000000000000000000e+00
4.250000000000000000e+03 1.699995239825116133e-01 1.239189804278561652e-01 7.342967683204369989e-01 1.403049613108784677e-01 1.479289940828402332e-03 0.000000000000000000e+00
4.500000000000000000e+03 1.799994959814827933e-01 9.968138370505234824e-02 7.559171597633136397e-01 1.429221665908056438e-01 1.479289940828402332e-03 0.000000000000000000e+00
4.750000000000000000e+03 1.899994679804539732e-01 9.524351388256713236e-02 7.597860719162494725e-01 1.436049157942649035e-01 1.365498406918525280e-03 0.000000000000000000e+00
5.000000000000000000e+03 1.999994399794253752e-01 9.888484296768319803e-02 7.347519344560764498e-01 1.631770596267637652e-01 3.186162949476558769e-03 0.000000000000000000e+00
5.250000000000000000e+03 2.099994119783965552e-01 9.820209376422393832e-02 7.104005461993627701e-01 1.877560309512972259e-01 3.641329085116067413e-03 0.000000000000000000e+00
5.500000000000000000e+03 2.199993839773677351e-01 9.717796995903504875e-02 7.001593081474738467e-01 1.968593536640873831e-01 5.803368229403732710e-03 0.000000000000000000e+00
5.750000000000000000e+03 2.299993559763391371e-01 1.005917159763313612e-01 6.408739189804278924e-01 2.501137915339098905e-01 8.420573509330906217e-03 0.000000000000000000e+00
6.000000000000000000e+03 2.399993279753103170e-01 1.333636777423759801e-01 6.094674556213017791e-01 2.490896677287209870e-01 8.079198907601274626e-03 0.000000000000000000e+00
6.250000000000000000e+03 2.499992999742817190e-01 1.548702776513427304e-01 6.499772416932180219e-01 1.895766954938552518e-01 5.575785161583977738e-03 0.000000000000000000e+00
6.500000000000000000e+03 2.599992719732528990e-01 1.412152935821574806e-01 6.972007282658170269e-01 1.577150659990896597e-01 3.868912152935821518e-03 0.000000000000000000e+00
6.750000000000000000e+03 2.699992439722240789e-01 1.345015930814747462e-01 7.138142922166590409e-01 1.499772416932180219e-01 1.706873008648156654e-03 0.000000000000000000e+00
7.000000000000000000e+03 2.799992159711954809e-01 1.313154301319981732e-01 7.133591260810195900e-01 1.514565316340464318e-01 3.868912152935821518e-03 0.000000000000000000e+00
7.250000000000000000e+03 2.899991879701666608e-01 1.253982703686845612e-01 7.220072826581702685e-01 1.507737824305871721e-01 1.820664542558033706e-03 0.000000000000000000e+00
7.500000000000000000e+03 2.999991599691380628e-01 1.235776058261265353e-01 7.191624943104233392e-01 1.563495675921711403e-01 9.103322712790168532e-04 0.000000000000000000e+00
7.750000000000000000e+03 3.099991319681092428e-01 1.252844788347746985e-01 7.174556213017750927e-01 1.556668183887118806e-01 1.593081474738279385e-03 0.000000000000000000e+00
8.000000000000000000e+03 3.199991039670804227e-01 1.305188893946290507e-01 7.113108784706417831e-01 1.568047337278106468e-01 1.365498406918525280e-03 0.000000000000000000e+00
8.250000000000000000e+03 3.299990759660518247e-01 1.403049613108784677e-01 7.019799726900318726e-01 1.555530268548019901e-01 2.162039144287664864e-03 0.000000000000000000e+00
8.500000000000000000e+03 3.399990479650230046e-01 1.423532089212562468e-01 6.964041875284479044e-01 1.588529813381884259e-01 2.389622212107419402e-03 0.000000000000000000e+00
8.750000000000000000e+03 3.499990199639941846e-01 1.885525716886663761e-01 6.462221210741920796e-01 1.562357760582612776e-01 8.989531178880291046e-03 0.000000000000000000e+00
9.000000000000000000e+03 3.599989919629655866e-01 2.097177969959035104e-01 5.922849340009103125e-01 1.918525261720528119e-01 6.144742831133363434e-03 0.000000000000000000e+00
9.250000000000000000e+03 3.699989639619367665e-01 2.218934911242603503e-01 5.637232589895311285e-01 2.091488393263541135e-01 5.234410559854347014e-03 0.000000000000000000e+00
9.500000000000000000e+03 3.799989359609081685e-01 2.225762403277196100e-01 5.521165225307237412e-01 2.183659535730541612e-01 6.941283568502503235e-03 0.000000000000000000e+00
9.750000000000000000e+03 3.899989079598793484e-01 2.167728720983158885e-01 5.770368684569867623e-01 2.023213472917614886e-01 3.868912152935821518e-03 0.000000000000000000e+00
1.000000000000000000e+04 3.999988799588505284e-01 2.168866636322257513e-01 5.950159308147473514e-01 1.832043695949021334e-01 4.893035958124715423e-03 0.000000000000000000e+00
1.025000000000000000e+04 4.099988519578219304e-01 2.106281292671825234e-01 5.918297678652708615e-01 1.902594446973145115e-01 7.282658170232134826e-03 0.000000000000000000e+00
1.050000000000000000e+04 4.199988239567931103e-01 2.190487027765134209e-01 5.749886208466090665e-01 1.986800182066454368e-01 7.282658170232134826e-03 0.000000000000000000e+00
1.075000000000000000e+04 4.299987959557645123e-01 2.164314974965862448e-01 5.904642694583522866e-01 1.847974510696404060e-01 8.306781975421027864e-03 0.000000000000000000e+00
1.100000000000000000e+04 4.399987679547356922e-01 2.240555302685480199e-01 5.922849340009103125e-01 1.772872098315885214e-01 6.372325898953117539e-03 0.000000000000000000e+00
1.125000000000000000e+04 4.499987399537068722e-01 2.282658170232134687e-01 6.093536640873918886e-01 1.549840691852526209e-01 7.396449704142011444e-03 0.000000000000000000e+00
1.150000000000000000e+04 4.599987119526782742e-01 2.205279927173418308e-01 6.175466545289030051e-01 1.549840691852526209e-01 6.941283568502503235e-03 0.000000000000000000e+00
1.175000000000000000e+04 4.699986839516494541e-01 2.174556213017751483e-01 6.218707328174783999e-01 1.540737369139736079e-01 6.599908966772872511e-03 0.000000000000000000e+00
1.200000000000000000e+04 4.799986559506206341e-01 2.191624943104233114e-01 6.249431042330451103e-01 1.462221210741920796e-01 9.672280382339554228e-03 0.000000000000000000e+00
1.225000000000000000e+04 4.899986279495920360e-01 2.247382794720072796e-01 6.313154301319982009e-01 1.372325898953117851e-01 6.713700500682749130e-03 0.000000000000000000e+00
1.250000000000000000e+04 4.999985999485632160e-01 2.380518889394629134e-01 6.231224396904869733e-01 1.330223031406463363e-01 5.803368229403732710e-03 0.000000000000000000e+00
1.275000000000000000e+04 5.099985719475346180e-01 2.323623122439690547e-01 6.208466090122894965e-01 1.408739189804278646e-01 5.917159763313609329e-03 0.000000000000000000e+00
1.300000000000000000e+04 5.199985439465057979e-01 2.220072826581702408e-01 6.289258079198907225e-01 1.412152935821574806e-01 7.851615839781519654e-03 0.000000000000000000e+00
1.325000000000000000e+04 5.299985159454769779e-01 2.163177059626763821e-01 6.326809285389166648e-01 1.464497041420118328e-01 4.551661356395083832e-03 0.000000000000000000e+00
1.350000000000000000e+04 5.399984879444483798e-01 2.125625853436504398e-01 6.359808830223031562e-01 1.462221210741920796e-01 5.234410559854347014e-03 0.000000000000000000e+00
1.375000000000000000e+04 5.499984599434195598e-01 2.150659990896677254e-01 6.396222121074192080e-01 1.376877560309512916e-01 7.624032771961766417e-03 0.000000000000000000e+00
1.400000000000000000e+04 5.599984319423909618e-01 2.197314519799726806e-01 6.365498406918524976e-01 1.408739189804278646e-01 2.844788347746927612e-03 0.000000000000000000e+00
1.425000000000000000e+04 5.699984039413621417e-01 2.221210741920801035e-01 6.235776058261265353e-01 1.488393263541192557e-01 5.461993627674101119e-03 0.000000000000000000e+00
1.450000000000000000e+04 5.799983759403333217e-01 2.389622212107419263e-01 6.048020027309968238e-01 1.516841147018661851e-01 4.551661356395083832e-03 0.000000000000000000e+00
1.475000000000000000e+04 5.899983479393047237e-01 2.355484751934456000e-01 6.127674101046881594e-01 1.425807919890760000e-01 9.103322712790167665e-03 0.000000000000000000e+00
1.500000000000000000e+04 5.999983199382759036e-01 2.171142467000455045e-01 6.329085116067364458e-01 1.450842057350933134e-01 4.893035958124715423e-03 0.000000000000000000e+00
1.525000000000000000e+04 6.099982919372470835e-01 2.068730086481565811e-01 6.436049157942649313e-01 1.442876649977241632e-01 5.234410559854347014e-03 0.000000000000000000e+00
1.550000000000000000e+04 6.199982639362184855e-01 2.014110150204824756e-01 6.479289940828402150e-01 1.453117888029130667e-01 5.348202093764223633e-03 0.000000000000000000e+00
1.575000000000000000e+04 6.299982359351896655e-01 2.084660901228948537e-01 6.393946290395994270e-01 1.488393263541192557e-01 3.299954483386436255e-03 0.000000000000000000e+00
1.600000000000000000e+04 6.399982079341610675e-01 2.158625398270368756e-01 6.108329540282203540e-01 1.680700955848884737e-01 5.234410559854347014e-03 0.000000000000000000e+00
1.625000000000000000e+04 6.499981799331322474e-01 2.138142922166590687e-01 5.930814747382794350e-01 1.862767410104688159e-01 6.827492034592626616e-03 0.000000000000000000e+00
1.650000000000000000e+04 6.599981519321034273e-01 2.258761948111060458e-01 5.747610377787892855e-01 1.933318161128811941e-01 6.030951297223486815e-03 0.000000000000000000e+00
1.675000000000000000e+04 6.699981239310748293e-01 2.325898953117888079e-01 5.700955848884843302e-01 1.921939007737824279e-01 5.120619025944469528e-03 0.000000000000000000e+00
1.700000000000000000e+04 6.799980959300460093e-01 2.328174783796085612e-01 5.670232134729176199e-01 1.952662721893491105e-01 4.893035958124715423e-03 0.000000000000000000e+00
1.725000000000000000e+04 6.899980679290174113e-01 2.259899863450159363e-01 5.682749203459263043e-01 1.998179335457442030e-01 5.917159763313609329e-03 0.000000000000000000e+00
1.750000000000000000e+04 6.999980399279885912e-01 2.297451069640418786e-01 5.624715521165225551e-01 2.028903049613108855e-01 4.893035958124715423e-03 0.000000000000000000e+00
1.775000000000000000e+04 7.099980119269597711e-01 2.356622667273554905e-01 5.518889394629039602e-01 2.076695493855257035e-01 4.779244424214838804e-03 0.000000000000000000e+00
1.800000000000000000e+04 7.199979839259311731e-01 2.438552571688666348e-01 5.352753755120619461e-01 2.164314974965862448e-01 4.437869822485207214e-03 0.000000000000000000e+00
1.825000000000000000e+04 7.299979559249023531e-01 2.601274465179790885e-01 5.315202548930360038e-01 2.012972234865725851e-01 7.055075102412380721e-03 0.000000000000000000e+00
1.850000000000000000e+04 7.399979279238735330e-01 2.622894856622667303e-01 5.370960400546199720e-01 1.924214838416021811e-01 8.192990441511151245e-03 0.000000000000000000e+00
1.875000000000000000e+04 7.499978999228449350e-01 2.651342740100136597e-01 5.332271279016841392e-01 1.886663632225762388e-01 1.297223486572599005e-02 0.000000000000000000e+00
1.900000000000000000e+04 7.599978719218161149e-01 2.612653618570778269e-01 5.532544378698225351e-01 1.759217114246700020e-01 9.558488848429677609e-03 0.000000000000000000e+00
1.925000000000000000e+04 7.699978439207875169e-01 2.540964952207555583e-01 5.753299954483386269e-01 1.639736003641329154e-01 6.599908966772872511e-03 0.000000000000000000e+00
1.950000000000000000e+04 7.799978159197586969e-01 2.494310423304506030e-01 5.970641784251251583e-01 1.487255348202093652e-01 4.779244424214838804e-03 0.000000000000000000e+00
1.975000000000000000e+04 7.899977879187298768e-01 2.560309512972234747e-01 5.956986800182066943e-01 1.439462903959945472e-01 4.324078288575329727e-03 0.000000000000000000e+00
2.000000000000000000e+04 7.999977599177012788e-01 2.231451979972690070e-01 6.127674101046881594e-01 1.599908966772872199e-01 4.096495220755575623e-03 0.000000000000000000e+00
2.025000000000000000e+04 8.099977319166724588e-01 2.222348657259899940e-01 6.049157942649067143e-01 1.695493855257168836e-01 3.299954483386436255e-03 0.000000000000000000e+00
2.050000000000000000e+04 8.199977039156438607e-01 2.295175238962221254e-01 5.984296768320437332e-01 1.686390532544378706e-01 3.413746017296313308e-03 0.000000000000000000e+00
2.075000000000000000e+04 8.299976759146150407e-01 2.206417842512516936e-01 6.020710059171597850e-01 1.709148839326354030e-01 6.372325898953117539e-03 0.000000000000000000e+00
2.100000000000000000e+04 8.399976479135862206e-01 2.271279016841147025e-01 5.951297223486572419e-01 1.721665908056440597e-01 5.575785161583977738e-03 0.000000000000000000e+00
2.125000000000000000e+04 8.499976199125576226e-01 2.270141101502048120e-01 5.880746472462449193e-01 1.780837505689576716e-01 6.827492034592626616e-03 0.000000000000000000e+00
2.150000000000000000e+04 8.599975919115288026e-01 2.346381429221665871e-01 5.782885753299954468e-01 1.794492489758761911e-01 7.624032771961766417e-03 0.000000000000000000e+00
2.175000000000000000e+04 8.699975639105002045e-01 2.390760127446517891e-01 5.797678652708238012e-01 1.760355029585798925e-01 5.120619025944469528e-03 0.000000000000000000e+00
2.200000000000000000e+04 8.799975359094713845e-01 2.469276285844333174e-01 5.675921711424669613e-01 1.788802913063268218e-01 6.599908966772872511e-03 0.000000000000000000e+00
2.225000000000000000e+04 8.899975079084425644e-01 2.596722803823395265e-01 5.443786982248520756e-01 1.890077378243058825e-01 6.941283568502503235e-03 0.000000000000000000e+00
2.250000000000000000e+04 8.999974799074139664e-01 2.654756486117432757e-01 5.359581247155211781e-01 1.904870277651342647e-01 8.079198907601274626e-03 0.000000000000000000e+00
2.275000000000000000e+04 9.099974519063851464e-01 2.787892580791989094e-01 5.243513882567136797e-01 1.860491579426490627e-01 1.081019572143832562e-02 0.000000000000000000e+00
2.300000000000000000e+04 9.199974239053563263e-01 2.898270368684570109e-01 5.261720527992717056e-01 1.728493400091033194e-01 1.115157032316795548e-02 0.000000000000000000e+00
2.325000000000000000e+04 9.299973959043277283e-01 2.960855712335002110e-01 5.210514337733272994e-01 1.708010923987255403e-01 1.206190259444697363e-02 0.000000000000000000e+00
2.350000000000000000e+04 9.399973679032989082e-01 3.014337733272644537e-01 5.170687300864815761e-01 1.709148839326354030e-01 1.058261265361857065e-02 0.000000000000000000e+00
2.375000000000000000e+04 9.499973399022703102e-01 3.092853891670459543e-01 5.256030951297223641e-01 1.580564406008193035e-01 7.055075102412380721e-03 0.000000000000000000e+00
2.400000000000000000e+04 9.599973119012414902e-01 3.171370050068275104e-01 5.278789258079198410e-01 1.440600819299044100e-01 1.092398725534820224e-02 0.000000000000000000e+00
2.425000000000000000e+04 9.699972839002126701e-01 3.005234410559854408e-01 5.508648156577150568e-01 1.371187983614019223e-01 1.149294492489758707e-02 0.000000000000000000e+00
2.450000000000000000e+04 9.799972558991840721e-01 2.931269913518434467e-01 5.620163859808829931e-01 1.378015475648611821e-01 7.055075102412380721e-03 0.000000000000000000e+00
2.475000000000000000e+04 9.899972278981552520e-01 2.905097860719162428e-01 5.545061447428311086e-01 1.461083295402822169e-01 8.875739644970414427e-03 0.000000000000000000e+00
2.500000000000000000e+04 9.999971998971266540e-01 2.984751934456076339e-01 5.344788347746927126e-01 1.564633591260810308e-01 1.058261265361857065e-02 0.000000000000000000e+00
