# itime ezz other fcc hcp bcc ico
0.000000000000000000e+00 0.000000000000000000e+00 0.000000000000000000e+00 1.000000000000000000e+00 0.000000000000000000e+00 0.000000000000000000e+00 0.000000000000000000e+00
2.500000000000000000e+01 9.999796784021519613e-04 0.000000000000000000e+00 1.000000000000000000e+00 0.000000000000000000e+00 0.000000000000000000e+00 0.000000000000000000e+00
5.000000000000000000e+01 1.999959356804081878e-03 0.000000000000000000e+00 1.000000000000000000e+00 0.000000000000000000e+00 0.000000000000000000e+00 0.000000000000000000e+00
7.500000000000000000e+01 2.999939035206233839e-03 0.000000000000000000e+00 1.000000000000000000e+00 0.000000000000000000e+00 0.000000000000000000e+00 0.000000000000000000e+00
1.000000000000000000e+02 3.999918713608163756e-03 0.000000000000000000e+00 1.000000000000000000e+00 0.000000000000000000e+00 0.000000000000000000e+00 0.000000000000000000e+00
1.250000000000000000e+02 4.999898392010315717e-03 0.000000000000000000e+00 1.000000000000000000e+00 0.000000000000000000e+00 0.000000000000000000e+00 0.000000000000000000e+00
1.500000000000000000e+02 5.999878070412467679e-03 0.000000000000000000e+00 1.000000000000000000e+00 0.000000000000000000e+00 0.000000000000000000e+00 0.000000000000000000e+00
1.750000000000000000e+02 6.999857748814397596e-03 0.000000000000000000e+00 1.000000000000000000e+00 0.000000000000000000e+00 0.000000000000000000e+00 0.000000000000000000e+00
2.000000000000000000e+02 7.999837427216549557e-03 0.000000000000000000e+00 1.000000000000000000e+00 0.000000000000000000e+00 0.000000000000000000e+00 0.000000000000000000e+00
2.250000000000000000e+02 8.999817105618479474e-03 0.000000000000000000e+00 1.000000000000000000e+00 0.000000000000000000e+00 0.000000000000000000e+00 0.000000000000000000e+00
2.500000000000000000e+02 9.999796784020631435e-03 0.000000000000000000e+00 1.000000000000000000e+00 0.000000000000000000e+00 0.000000000000000000e+00 0.000000000000000000e+00
2.750000000000000000e+02 1.099977646242278340e-02 0.000000000000000000e+00 1.000000000000000000e+00 0.000000000000000000e+00 0.000000000000000000e+00 0.000000000000000000e+00
3.000000000000000000e+02 1.199975614082471331e-02 0.000000000000000000e+00 1.000000000000000000e+00 0.000000000000000000e+00 0.000000000000000000e+00 0.000000000000000000e+00
3.250000000000000000e+02 1.299973581922686527e-02 0.000000000000000000e+00 1.000000000000000000e+00 0.000000000000000000e+00 0.000000000000000000e+00 0.000000000000000000e+00
3.500000000000000000e+02 1.399971549762879519e-02 0.000000000000000000e+00 1.000000000000000000e+00 0.000000000000000000e+00 0.000000000000000000e+00 0.000000000000000000e+00
3.750000000000000000e+02 1.499969517603094715e-02 0.000000000000000000e+00 1.000000000000000000e+00 0.000000000000000000e+00 0.000000000000000000e+00 0.000000000000000000e+00
4.000000000000000000e+02 1.599967485443309911e-02 0.000000000000000000e+00 1.000000000000000000e+00 0.000000000000000000e+00 0.000000000000000000e+00 0.000000000000000000e+00
4.250000000000000000e+02 1.699965453283502903e-02 0.000000000000000000e+00 1.000000000000000000e+00 0.000000000000000000e+00 0.000000000000000000e+00 0.000000000000000000e+00
4.500000000000000000e+02 1.799963421123718099e-02 0.000000000000000000e+00 1.000000000000000000e+00 0.000000000000000000e+00 0.000000000000000000e+00 0.000000000000000000e+00
4.750000000000000000e+02 1.899961388963933295e-02 0.000000000000000000e+00 1.000000000000000000e+00 0.000000000000000000e+00 0.000000000000000000e+00 0.000000000000000000e+00
5.000000000000000000e+02 1.999959356804126287e-02 0.000000000000000000e+00 1.000000000000000000e+00 0.000000000000000000e+00 0.000000000000000000e+00 0.000000000000000000e+00
5.250000000000000000e+02 2.099957324644341483e-02 0.000000000000000000e+00 1.000000000000000000e+00 0.000000000000000000e+00 0.000000000000000000e+00 0.000000000000000000e+00
5.500000000000000000e+02 2.199955292484534475e-02 0.000000000000000000e+00 1.000000000000000000e+00 0.000000000000000000e+00 0.000000000000000000e+00 0.000000000000000000e+00
5.750000000000000000e+02 2.299953260324749671e-02 0.000000000000000000e+00 1.000000000000000000e+00 0.000000000000000000e+00 0.000000000000000000e+00 0.000000000000000000e+00
6.000000000000000000e+02 2.399951228164964867e-02 0.000000000000000000e+00 1.000000000000000000e+00 0.000000000000000000e+00 0.000000000000000000e+00 0.000000000000000000e+00
6.250000000000000000e+02 2.499949196005157859e-02 0.000000000000000000e+00 1.000000000000000000e+00 0.000000000000000000e+00 0.000000000000000000e+00 0.000000000000000000e+00
6.500000000000000000e+02 2.599947163845373055e-02 0.000000000000000000e+00 1.000000000000000000e+00 0.000000000000000000e+00 0.000000000000000000e+00 0.000000000000000000e+00
6.750000000000000000e+02 2.699945131685566047e-02 0.000000000000000000e+00 1.000000000000000000e+00 0.000000000000000000e+00 0.000000000000000000e+00 0.000000000000000000e+00
7.000000000000000000e+02 2.799943099525781243e-02 0.000000000000000000e+00 1.000000000000000000e+00 0.000000000000000000e+00 0.000000000000000000e+00 0.000000000000000000e+00
7.250000000000000000e+02 2.899941067365996439e-02 0.000000000000000000e+00 1.000000000000000000e+00 0.000000000000000000e+00 0.000000000000000000e+00 0.000000000000000000e+00
7.500000000000000000e+02 2.999939035206189430e-02 0.000000000000000000e+00 1.000000000000000000e+00 0.000000000000000000e+00 0.000000000000000000e+00 0.000000000000000000e+00
7.750000000000000000e+02 3.099937003046404627e-02 0.000000000000000000e+00 1.000000000000000000e+00 0.000000000000000000e+00 0.000000000000000000e+00 0.000000000000000000e+00
8.000000000000000000e+02 3.199934970886597618e-02 0.000000000000000000e+00 1.000000000000000000e+00 0.000000000000000000e+00 0.000000000000000000e+00 0.000000000000000000e+00
8.250000000000000000e+02 3.299932938726812814e-02 0.000000000000000000e+00 1.000000000000000000e+00 0.000000000000000000e+00 0.000000000000000000e+00 0.000000000000000000e+00
8.500000000000000000e+02 3.399930906567028011e-02 0.000000000000000000e+00 1.000000000000000000e+00 0.000000000000000000e+00 0.000000000000000000e+00 0.000000000000000000e+00
8.750000000000000000e+02 3.499928874407221002e-02 0.000000000000000000e+00 1.000000000000000000e+00 0.000000000000000000e+00 0.000000000000000000e+00 0.000000000000000000e+00
9.000000000000000000e+02 3.599926842247436198e-02 0.000000000000000000e+00 1.000000000000000000e+00 0.000000000000000000e+00 0.000000000000000000e+00 0.000000000000000000e+00
9.250000000000000000e+02 3.699924810087629190e-02 0.000000000000000000e+00 1.000000000000000000e+00 0.000000000000000000e+00 0.000000000000000000e+00 0.000000000000000000e+00
9.500000000000000000e+02 3.799922777927844386e-02 0.000000000000000000e+00 1.000000000000000000e+00 0.000000000000000000e+00 0.000000000000000000e+00 0.000000000000000000e+00
9.750000000000000000e+02 3.899920745768059582e-02 0.000000000000000000e+00 1.000000000000000000e+00 0.000000000000000000e+00 0.000000000000000000e+00 0.000000000000000000e+00
1.000000000000000000e+03 3.999918713608252574e-02 0.000000000000000000e+00 1.000000000000000000e+00 0.000000000000000000e+00 0.000000000000000000e+00 0.000000000000000000e+00
1.025000000000000000e+03 4.099916681448467770e-02 0.000000000000000000e+00 1.000000000000000000e+00 0.000000000000000000e+00 0.000000000000000000e+00 0.000000000000000000e+00
1.050000000000000000e+03 4.199914649288660762e-02 0.000000000000000000e+00 1.000000000000000000e+00 0.000000000000000000e+00 0.000000000000000000e+00 0.000000000000000000e+00
1.075000000000000000e+03 4.299912617128875958e-02 0.000000000000000000e+00 1.000000000000000000e+00 0.000000000000000000e+00 0.000000000000000000e+00 0.000000000000000000e+00
1.100000000000000000e+03 4.399910584969091154e-02 0.000000000000000000e+00 1.000000000000000000e+00 0.000000000000000000e+00 0.000000000000000000e+00 0.000000000000000000e+00
1.125000000000000000e+03 4.499908552809284146e-02 0.000000000000000000e+00 1.000000000000000000e+00 0.000000000000000000e+00 0.000000000000000000e+00 0.000000000000000000e+00
1.150000000000000000e+03 4.599906520649499342e-02 0.000000000000000000e+00 1.000000000000000000e+00 0.000000000000000000e+00 0.000000000000000000e+00 0.000000000000000000e+00
1.175000000000000000e+03 4.699904488489692334e-02 0.000000000000000000e+00 1.000000000000000000e+00 0.000000000000000000e+00 0.000000000000000000e+00 0.000000000000000000e+00
1.200000000000000000e+03 4.799902456329907530e-02 0.000000000000000000e+00 1.000000000000000000e+00 0.000000000000000000e+00 0.000000000000000000e+00 0.000000000000000000e+00
1.225000000000000000e+03 4.899900424170122726e-02 0.000000000000000000e+00 1.000000000000000000e+00 0.000000000000000000e+00 0.000000000000000000e+00 0.000000000000000000e+00
1.250000000000000000e+03 4.999898392010315717e-02 0.000000000000000000e+00 1.000000000000000000e+00 0.000000000000000000e+00 0.000000000000000000e+00 0.000000000000000000e+00
1.275000000000000000e+03 5.099896359850530914e-02 0.000000000000000000e+00 1.000000000000000000e+00 0.000000000000000000e+00 0.000000000000000000e+00 0.000000000000000000e+00
1.300000000000000000e+03 5.199894327690723905e-02 0.000000000000000000e+00 1.000000000000000000e+00 0.000000000000000000e+00 0.000000000000000000e+00 0.000000000000000000e+00
1.325000000000000000e+03 5.299892295530939101e-02 0.000000000000000000e+00 1.000000000000000000e+00 0.000000000000000000e+00 0.000000000000000000e+00 0.000000000000000000e+00
1.350000000000000000e+03 5.399890263371154298e-02 0.000000000000000000e+00 1.000000000000000000e+00 0.000000000000000000e+00 0.000000000000000000e+00 0.000000000000000000e+00
1.375000000000000000e+03 5.499888231211347289e-02 0.000000000000000000e+00 1.000000000000000000e+00 0.000000000000000000e+00 0.000000000000000000e+00 0.000000000000000000e+00
1.400000000000000000e+03 5.599886199051562485e-02 0.000000000000000000e+00 1.000000000000000000e+00 0.000000000000000000e+00 0.000000000000000000e+00 0.000000000000000000e+00
1.425000000000000000e+03 5.699884166891777681e-02 0.000000000000000000e+00 1.000000000000000000e+00 0.000000000000000000e+00 0.000000000000000000e+00 0.000000000000000000e+00
1.450000000000000000e+03 5.799882134731970673e-02 0.000000000000000000e+00 1.000000000000000000e+00 0.000000000000000000e+00 0.000000000000000000e+00 0.000000000000000000e+00
1.475000000000000000e+03 5.899880102572185869e-02 4.551661356395084266e-04 9.995448338643604380e-01 0.000000000000000000e+00 0.000000000000000000e+00 0.000000000000000000e+00
1.500000000000000000e+03 5.999878070412378861e-02 0.000000000000000000e+00 1.000000000000000000e+00 0.000000000000000000e+00 0.000000000000000000e+00 0.000000000000000000e+00
1.525000000000000000e+03 6.099876038252594057e-02 0.000000000000000000e+00 1.000000000000000000e+00 0.000000000000000000e+00 0.000000000000000000e+00 0.000000000000000000e+00
1.550000000000000000e+03 6.199874006092809253e-02 0.000000000000000000e+00 1.000000000000000000e+00 0.000000000000000000e+00 0.000000000000000000e+00 0.000000000000000000e+00
1.575000000000000000e+03 6.299871973933002245e-02 0.000000000000000000e+00 1.000000000000000000e+00 0.000000000000000000e+00 0.000000000000000000e+00 0.000000000000000000e+00
1.600000000000000000e+03 6.399869941773217441e-02 0.000000000000000000e+00 1.000000000000000000e+00 0.000000000000000000e+00 0.000000000000000000e+00 0.000000000000000000e+00
1.625000000000000000e+03 6.499867909613410433e-02 0.000000000000000000e+00 1.000000000000000000e+00 0.000000000000000000e+00 0.000000000000000000e+00 0.000000000000000000e+00
1.650000000000000000e+03 6.599865877453625629e-02 5.689576695493854790e-04 9.994310423304506585e-01 0.000000000000000000e+00 0.000000000000000000e+00 0.000000000000000000e+00
1.675000000000000000e+03 6.699863845293840825e-02 0.000000000000000000e+00 1.000000000000000000e+00 0.000000000000000000e+00 0.000000000000000000e+00 0.000000000000000000e+00
1.700000000000000000e+03 6.799861813134033817e-02 0.000000000000000000e+00 1.000000000000000000e+00 0.000000000000000000e+00 0.000000000000000000e+00 0.000000000000000000e+00
1.725000000000000000e+03 6.899859780974249013e-02 4.551661356395084266e-04 9.995448338643604380e-01 0.000000000000000000e+00 0.000000000000000000e+00 0.000000000000000000e+00
1.750000000000000000e+03 6.999857748814442004e-02 3.413746017296313199e-04 9.996586253982703285e-01 0.000000000000000000e+00 0.000000000000000000e+00 0.000000000000000000e+00
1.775000000000000000e+03 7.099855716654657201e-02 0.000000000000000000e+00 1.000000000000000000e+00 0.000000000000000000e+00 0.000000000000000000e+00 0.000000000000000000e+00
1.800000000000000000e+03 7.199853684494872397e-02 4.551661356395084266e-04 9.995448338643604380e-01 0.000000000000000000e+00 0.000000000000000000e+00 0.000000000000000000e+00
1.825000000000000000e+03 7.299851652335065388e-02 0.000000000000000000e+00 1.000000000000000000e+00 0.000000000000000000e+00 0.000000000000000000e+00 0.000000000000000000e+00
1.850000000000000000e+03 7.399849620175280585e-02 0.000000000000000000e+00 1.000000000000000000e+00 0.000000000000000000e+00 0.000000000000000000e+00 0.000000000000000000e+00
1.875000000000000000e+03 7.499847588015473576e-02 0.000000000000000000e+00 1.000000000000000000e+00 0.000000000000000000e+00 0.000000000000000000e+00 0.000000000000000000e+00
1.900000000000000000e+03 7.599845555855688772e-02 6.827492034592626399e-04 9.993172507965407680e-01 0.000000000000000000e+00 0.000000000000000000e+00 0.000000000000000000e+00
1.925000000000000000e+03 7.699843523695903968e-02 1.137915339098771066e-04 9.998862084660901095e-01 0.000000000000000000e+00 0.000000000000000000e+00 0.000000000000000000e+00
1.950000000000000000e+03 7.799841491536096960e-02 0.000000000000000000e+00 9.998862084660901095e-01 0.000000000000000000e+00 1.137915339098771066e-04 0.000000000000000000e+00
1.975000000000000000e+03 7.899839459376312156e-02 3.413746017296313199e-04 9.996586253982703285e-01 0.000000000000000000e+00 0.000000000000000000e+00 0.000000000000000000e+00
2.000000000000000000e+03 7.999837427216505148e-02 3.413746017296313199e-04 9.996586253982703285e-01 0.000000000000000000e+00 0.000000000000000000e+00 0.000000000000000000e+00
2.025000000000000000e+03 8.099835395056720344e-02 4.551661356395084266e-04 9.995448338643604380e-01 0.000000000000000000e+00 0.000000000000000000e+00 0.000000000000000000e+00
2.050000000000000000e+03 8.199833362896935540e-02 0.000000000000000000e+00 1.000000000000000000e+00 0.000000000000000000e+00 0.000000000000000000e+00 0.000000000000000000e+00
2.075000000000000000e+03 8.299831330737128532e-02 0.000000000000000000e+00 1.000000000000000000e+00 0.000000000000000000e+00 0.000000000000000000e+00 0.000000000000000000e+00
2.100000000000000000e+03 8.399829298577343728e-02 9.103322712790168532e-04 9.990896677287209870e-01 0.000000000000000000e+00 0.000000000000000000e+00 0.000000000000000000e+00
2.125000000000000000e+03 8.499827266417536720e-02 0.000000000000000000e+00 1.000000000000000000e+00 0.000000000000000000e+00 0.000000000000000000e+00 0.000000000000000000e+00
2.150000000000000000e+03 8.599825234257751916e-02 1.137915339098771066e-04 9.998862084660901095e-01 0.000000000000000000e+00 0.000000000000000000e+00 0.000000000000000000e+00
2.175000000000000000e+03 8.699823202097967112e-02 3.413746017296313199e-04 9.996586253982703285e-01 0.000000000000000000e+00 0.000000000000000000e+00 0.000000000000000000e+00
2.200000000000000000e+03 8.799821169938160104e-02 9.103322712790168532e-04 9.990896677287209870e-01 0.000000000000000000e+00 0.000000000000000000e+00 0.000000000000000000e+00
2.225000000000000000e+03 8.899819137778375300e-02 1.137915339098771066e-04 9.998862084660901095e-01 0.000000000000000000e+00 0.000000000000000000e+00 0.000000000000000000e+00
2.250000000000000000e+03 8.999817105618568291e-02 6.827492034592626399e-04 9.993172507965407680e-01 0.000000000000000000e+00 0.000000000000000000e+00 0.000000000000000000e+00
2.275000000000000000e+03 9.099815073458783488e-02 4.551661356395084266e-04 9.994310423304506585e-01 0.000000000000000000e+00 1.137915339098771066e-04 0.000000000000000000e+00
2.300000000000000000e+03 9.199813041298998684e-02 2.275830678197542133e-04 9.997724169321802190e-01 0.000000000000000000e+00 0.000000000000000000e+00 0.000000000000000000e+00
2.325000000000000000e+03 9.299811009139191675e-02 5.689576695493854790e-04 9.993172507965407680e-01 0.000000000000000000e+00 1.137915339098771066e-04 0.000000000000000000e+00
2.350000000000000000e+03 9.399808976979406872e-02 5.689576695493854790e-04 9.994310423304506585e-01 0.000000000000000000e+00 0.000000000000000000e+00 0.000000000000000000e+00
2.375000000000000000e+03 9.499806944819622068e-02 1.137915339098770958e-03 9.988620846609012061e-01 0.000000000000000000e+00 0.000000000000000000e+00 0.000000000000000000e+00
2.400000000000000000e+03 9.599804912659815059e-02 1.137915339098770958e-03 9.988620846609012061e-01 0.000000000000000000e+00 0.000000000000000000e+00 0.000000000000000000e+00
2.425000000000000000e+03 9.699802880500030255e-02 4.551661356395084266e-04 9.993172507965407680e-01 0.000000000000000000e+00 2.275830678197542133e-04 0.000000000000000000e+00
2.450000000000000000e+03 9.799800848340223247e-02 1.934456076467910759e-03 9.980655439235320836e-01 0.000000000000000000e+00 0.000000000000000000e+00 0.000000000000000000e+00
2.475000000000000000e+03 9.899798816180438443e-02 1.706873008648156654e-03 9.981793354574419741e-01 0.000000000000000000e+00 1.137915339098771066e-04 0.000000000000000000e+00
2.500000000000000000e+03 9.999796784020653639e-02 1.479289940828402332e-03 9.985207100591716456e-01 0.000000000000000000e+00 0.000000000000000000e+00 0.000000000000000000e+00
2.525000000000000000e+03 1.009979475186084663e-01 3.186162949476558769e-03 9.965862539827037292e-01 0.000000000000000000e+00 2.275830678197542133e-04 0.000000000000000000e+00
2.550000000000000000e+03 1.019979271970106183e-01 2.162039144287664864e-03 9.977241693218024121e-01 0.000000000000000000e+00 1.137915339098771066e-04 0.000000000000000000e+00
2.575000000000000000e+03 1.029979068754125482e-01 3.527537551206190360e-03 9.962448793809740577e-01 0.000000000000000000e+00 2.275830678197542133e-04 0.000000000000000000e+00
2.600000000000000000e+03 1.039978865538147002e-01 4.210286754665453109e-03 9.957897132453344957e-01 0.000000000000000000e+00 0.000000000000000000e+00 0.000000000000000000e+00
2.625000000000000000e+03 1.049978662322168521e-01 2.958579881656804664e-03 9.968138370505233992e-01 0.000000000000000000e+00 2.275830678197542133e-04 0.000000000000000000e+00
2.650000000000000000e+03 1.059978459106187820e-01 3.299954483386436255e-03 9.967000455166135087e-01 0.000000000000000000e+00 0.000000000000000000e+00 0.000000000000000000e+00
2.675000000000000000e+03 1.069978255890209340e-01 3.641329085116067413e-03 9.961310878470641672e-01 0.000000000000000000e+00 2.275830678197542133e-04 0.000000000000000000e+00
2.700000000000000000e+03 1.079978052674228639e-01 8.648156577150659455e-03 9.911242603550295405e-01 0.000000000000000000e+00 2.275830678197542133e-04 0.000000000000000000e+00
2.725000000000000000e+03 1.089977849458250159e-01 9.672280382339554228e-03 9.901001365498406370e-01 0.000000000000000000e+00 2.275830678197542133e-04 0.000000000000000000e+00
2.750000000000000000e+03 1.099977646242271678e-01 7.396449704142011444e-03 9.923759672280382249e-01 0.000000000000000000e+00 2.275830678197542133e-04 0.000000000000000000e+00
2.775000000000000000e+03 1.109977443026290977e-01 6.827492034592626616e-03 9.928311333636777869e-01 0.000000000000000000e+00 3.413746017296313199e-04 0.000000000000000000e+00
2.800000000000000000e+03 1.119977239810312497e-01 1.081019572143832562e-02 9.881656804733728316e-01 0.000000000000000000e+00 1.024123805188893906e-03 0.000000000000000000e+00
2.825000000000000000e+03 1.129977036594331796e-01 1.775147928994082885e-02 9.815657715065999600e-01 0.000000000000000000e+00 6.827492034592626399e-04 0.000000000000000000e+00
2.850000000000000000e+03 1.139976833378353316e-01 1.718252162039144229e-02 9.822485207100591920e-01 0.000000000000000000e+00 5.689576695493854790e-04 0.000000000000000000e+00
2.875000000000000000e+03 1.149976630162374835e-01 1.479289940828402289e-02 9.845243513882566688e-01 0.000000000000000000e+00 6.827492034592626399e-04 0.000000000000000000e+00
2.900000000000000000e+03 1.159976426946394135e-01 1.968593536640873831e-02 9.790623577605825911e-01 0.000000000000000000e+00 1.251706873008648227e-03 0.000000000000000000e+00
2.925000000000000000e+03 1.169976223730415654e-01 2.526172052799271692e-02 9.728038233955393910e-01 0.000000000000000000e+00 1.934456076467910759e-03 0.000000000000000000e+00
2.950000000000000000e+03 1.179976020514434953e-01 2.753755120619025970e-02 9.690487027765134487e-01 0.000000000000000000e+00 3.413746017296313308e-03 0.000000000000000000e+00
2.975000000000000000e+03 1.189975817298456473e-01 4.289940828402366568e-02 9.498179335457441752e-01 0.000000000000000000e+00 7.282658170232134826e-03 0.000000000000000000e+00
3.000000000000000000e+03 1.199975614082477993e-01 6.577150659990896320e-02 9.159080564406008040e-01 0.000000000000000000e+00 1.832043695949021542e-02 0.000000000000000000e+00
3.025000000000000000e+03 1.209975410866497292e-01 1.057123350022758368e-01 8.480883022303140617e-01 0.000000000000000000e+00 4.619936276741010150e-02 0.000000000000000000e+00
3.050000000000000000e+03 1.219975207650518811e-01 1.467910787437414766e-01 7.330450614474283144e-01 0.000000000000000000e+00 1.201638598088302229e-01 0.000000000000000000e+00
3.075000000000000000e+03 1.229975004434538111e-01 2.030040964952207483e-01 5.408511606736459143e-01 0.000000000000000000e+00 2.561447428311333652e-01 0.000000000000000000e+00
3.100000000000000000e+03 1.239974801218559630e-01 2.928994082840236657e-01 3.139508420573509095e-01 1.137915339098771066e-04 3.930359581247155343e-01 0.000000000000000000e+00
3.125000000000000000e+03 1.249974598002581150e-01 3.460400546199362548e-01 1.566909421939007840e-01 2.275830678197542133e-04 4.970414201183431802e-01 0.000000000000000000e+00
3.150000000000000000e+03 1.259974394786600449e-01 3.740327719617660418e-01 8.579881656804733137e-02 4.551661356395084266e-04 5.397132453345471204e-01 0.000000000000000000e+00
3.175000000000000000e+03 1.269974191570621969e-01 3.602639963586709015e-01 7.999544833864360993e-02 1.479289940828402332e-03 5.582612653618570508e-01 0.000000000000000000e+00
3.200000000000000000e+03 1.279973988354641268e-01 3.536640873918980299e-01 9.808830223031406170e-02 1.024123805188893906e-03 5.472234865725990050e-01 0.000000000000000000e+00
3.225000000000000000e+03 1.289973785138662787e-01 3.501365498406918686e-01 1.363222576240327721e-01 1.024123805188893906e-03 5.125170687300865113e-01 0.000000000000000000e+00
3.250000000000000000e+03 1.299973581922684307e-01 3.594674556213017791e-01 1.497496586253982687e-01 2.275830678197541916e-03 4.885070550751023921e-01 0.000000000000000000e+00
3.275000000000000000e+03 1.309973378706703606e-01 3.746017296313154388e-01 1.381429221665907980e-01 6.486117432862995025e-03 4.807692307692307820e-01 0.000000000000000000e+00
3.300000000000000000e+03 1.319973175490725126e-01 3.773327264451524776e-01 1.290395994538006408e-01 1.012744651797906244e-02 4.835002275830678209e-01 0.000000000000000000e+00
3.325000000000000000e+03 1.329972972274746645e-01 3.774465179790623681e-01 1.334774692762858428e-01 1.513427401001365448e-02 4.739417387346381294e-01 0.000000000000000000e+00
3.350000000000000000e+03 1.339972769058765945e-01 3.705052344105598805e-01 1.463359126081019701e-01 1.797906235776058209e-02 4.651797906235776159e-01 0.000000000000000000e+00
3.375000000000000000e+03 1.349972565842787464e-01 3.690259444697314706e-01 1.514565316340464318e-01 2.514792899408284030e-02 4.543695949021392955e-01 0.000000000000000000e+00
3.400000000000000000e+03 1.359972362626806763e-01 3.758534365043240677e-01 1.614701866181156020e-01 3.425125170687300796e-02 4.284251251706873154e-01 0.000000000000000000e+00
3.425000000000000000e+03 1.369972159410828283e-01 3.730086481565771384e-01 1.723941738734638129e-01 4.676832043695949154e-02 4.078288575329995225e-01 0.000000000000000000e+00
3.450000000000000000e+03 1.379971956194849803e-01 3.676604460628129512e-01 1.874146563495675821e-01 6.759217114246700298e-02 3.773327264451524776e-01 0.000000000000000000e+00
3.475000000000000000e+03 1.389971752978869102e-01 3.950842057350932857e-01 1.887801547564861293e-01 7.988165680473373331e-02 3.362539827036868378e-01 0.000000000000000000e+00
3.500000000000000000e+03 1.399971549762890621e-01 4.005461993627674189e-01 1.968593536640873831e-01 9.239872553482020301e-02 3.101957214383249672e-01 0.000000000000000000e+00
3.525000000000000000e+03 1.409971346546909921e-01 3.918980427856167403e-01 2.101729631315430169e-01 1.061675011379153433e-01 2.917614929449248717e-01 0.000000000000000000e+00
3.550000000000000000e+03 1.419971143330931440e-01 3.859808830223031562e-01 2.173418297678652578e-01 1.195949021392808398e-01 2.770823850705507740e-01 0.000000000000000000e+00
3.575000000000000000e+03 1.429970940114952960e-01 3.888256713700500855e-01 2.257624032771961831e-01 1.222121074192080159e-01 2.631998179335457433e-01 0.000000000000000000e+00
3.600000000000000000e+03 1.439970736898972259e-01 3.764223941738734647e-01 2.446517979062357850e-01 1.331360946745562268e-01 2.457897132453345512e-01 0.000000000000000000e+00
3.625000000000000000e+03 1.449970533682993779e-01 3.892808375056895920e-01 2.580791989076012816e-01 1.355257168866636219e-01 2.171142467000455045e-01 0.000000000000000000e+00
3.650000000000000000e+03 1.459970330467013078e-01 3.950842057350932857e-01 2.740100136549840637e-01 1.359808830223031284e-01 1.949248975876194945e-01 0.000000000000000000e+00
3.675000000000000000e+03 1.469970127251034597e-01 4.039599453800637452e-01 2.916477014110150368e-01 1.414428766499772339e-01 1.629494765589440120e-01 0.000000000000000000e+00
3.700000000000000000e+03 1.479969924035056117e-01 3.905325443786982209e-01 3.027992717341829731e-01 1.590805644060081792e-01 1.475876194811105990e-01 0.000000000000000000e+00
3.725000000000000000e+03 1.489969720819075416e-01 3.958807464724624636e-01 3.141784251251706905e-01 1.652253072371415443e-01 1.247155211652253015e-01 0.000000000000000000e+00
3.750000000000000000e+03 1.499969517603096936e-01 3.975876194811105990e-01 3.222576240327719721e-01 1.690942193900773771e-01 1.110605370960400518e-01 0.000000000000000000e+00
3.775000000000000000e+03 1.509969314387116235e-01 3.990669094219390090e-01 3.336367774237596895e-01 1.634046426945835184e-01 1.038916704597177970e-01 0.000000000000000000e+00
3.800000000000000000e+03 1.519969111171137754e-01 3.900773782430587144e-01 3.398953117888028896e-01 1.702321347291761433e-01 9.979517523896222486e-02 0.000000000000000000e+00
3.825000000000000000e+03 1.529968907955159274e-01 3.868912152935821691e-01 3.469503868912152678e-01 1.816112881201638607e-01 8.454710969503868856e-02 0.000000000000000000e+00
3.850000000000000000e+03 1.539968704739178573e-01 3.817705962676377074e-01 3.534365043240783044e-01 1.833181611288120239e-01 8.147473827947200598e-02 0.000000000000000000e+00
3.875000000000000000e+03 1.549968501523200093e-01 3.769913518434228616e-01 3.648156577150660218e-01 1.892353208921256358e-01 6.895766954938552240e-02 0.000000000000000000e+00
3.900000000000000000e+03 1.559968298307219392e-01 3.765361857077833552e-01 3.681156121984524576e-01 1.923076923076923184e-01 6.304050978607191047e-02 0.000000000000000000e+00
3.925000000000000000e+03 1.569968095091240912e-01 3.740327719617660418e-01 3.722121074192080159e-01 1.974283113336367801e-01 5.632680928538916915e-02 0.000000000000000000e+00
3.950000000000000000e+03 1.579967891875262431e-01 3.764223941738734647e-01 3.746017296313154388e-01 2.010696404187528319e-01 4.790623577605826466e-02 0.000000000000000000e+00
3.975000000000000000e+03 1.589967688659281730e-01 3.744879380974055483e-01 3.813154301319982009e-01 1.975421028675466428e-01 4.665452890304961492e-02 0.000000000000000000e+00
4.000000000000000000e+03 1.599967485443303250e-01 3.680018206645425671e-01 3.917842512517068498e-01 1.913973600364132777e-01 4.881656804733727761e-02 0.000000000000000000e+00
4.025000000000000000e+03 1.609967282227322549e-01 3.713017751479290030e-01 3.947428311333636697e-01 1.825216203914428736e-01 5.143377332726445372e-02 0.000000000000000000e+00
4.050000000000000000e+03 1.619967079011344069e-01 3.641329085116067343e-01 4.007737824305871444e-01 1.880974055530268418e-01 4.699590350477924477e-02 0.000000000000000000e+00
4.075000000000000000e+03 1.629966875795365588e-01 3.612881201638598050e-01 4.053254437869822646e-01 1.918525261720528119e-01 4.153390987710514626e-02 0.000000000000000000e+00
4.100000000000000000e+03 1.639966672579384888e-01 3.643604915794265153e-01 4.076012744651797970e-01 1.845698680018206528e-01 4.346836595357305572e-02 0.000000000000000000e+00
4.125000000000000000e+03 1.649966469363406407e-01 3.618570778334092020e-01 4.111288120163859583e-01 1.852526172052799402e-01 4.176149294492489950e-02 0.000000000000000000e+00
4.150000000000000000e+03 1.659966266147427927e-01 3.620846609012289274e-01 4.149977241693217911e-01 1.843422849340008995e-01 3.857532999544834029e-02 0.000000000000000000e+00
4.175000000000000000e+03 1.669966062931447226e-01 3.595812471552116696e-01 4.262630860263996180e-01 1.828629949931725174e-01 3.129267182521620200e-02 0.000000000000000000e+00
4.200000000000000000e+03 1.679965859715468746e-01 3.468365953573054328e-01 4.352526172052799125e-01 1.828629949931725174e-01 3.504779244424215123e-02 0.000000000000000000e+00
4.225000000000000000e+03 1.689965656499488045e-01 3.412608101957214646e-01 4.497041420118343402e-01 1.775147928994082747e-01 3.152025489303595523e-02 0.000000000000000000e+00
4.250000000000000000e+03 1.699965453283509564e-01 3.302230314064633632e-01 4.565316340464269373e-01 1.824078288575330109e-01 3.083750568957669552e-02 0.000000000000000000e+00
4.275000000000000000e+03 1.709965250067531084e-01 3.338643604915794150e-01 4.594902139280837572e-01 1.774010013654984119e-01 2.913063268092853930e-02 1.137915339098771066e-04
4.300000000000000000e+03 1.719965046851550383e-01 3.288575329995448437e-01 4.646108329540282189e-01 1.741010468821119761e-01 3.243058716431497512e-02 0.000000000000000000e+00
4.325000000000000000e+03 1.729964843635571903e-01 3.314747382794719921e-01 4.641556668183887124e-01 1.791078743741465751e-01 2.526172052799271692e-02 0.000000000000000000e+00
4.350000000000000000e+03 1.739964640419591202e-01 3.244196631770596140e-01 4.698452435138825711e-01 1.817250796540737234e-01 2.401001365498407064e-02 0.000000000000000000e+00
4.375000000000000000e+03 1.749964437203612722e-01 3.212335002275830687e-01 4.709831588529813651e-01 1.865043240782885692e-01 2.127901684114701791e-02 0.000000000000000000e+00
4.400000000000000000e+03 1.759964233987634241e-01 3.243058716431497235e-01 4.671142467000455323e-01 1.847974510696404060e-01 2.378243058716431393e-02 0.000000000000000000e+00
4.425000000000000000e+03 1.769964030771653540e-01 3.162266727355484974e-01 4.749658625398270329e-01 1.852526172052799402e-01 2.355484751934456070e-02 0.000000000000000000e+00
4.450000000000000000e+03 1.779963827555675060e-01 3.146335912608101970e-01 4.764451524806554428e-01 1.849112426035502965e-01 2.401001365498407064e-02 0.000000000000000000e+00
4.475000000000000000e+03 1.789963624339694359e-01 3.191852526172052618e-01 4.767865270823850588e-01 1.812699135184342170e-01 2.275830678197542090e-02 0.000000000000000000e+00
4.500000000000000000e+03 1.799963421123715879e-01 3.137232589895311841e-01 4.839553937187073274e-01 1.809285389167046010e-01 2.139280837505689453e-02 0.000000000000000000e+00
4.525000000000000000e+03 1.809963217907737398e-01 3.115612198452434867e-01 4.827036868456986984e-01 1.828629949931725174e-01 2.287209831588529751e-02 0.000000000000000000e+00
4.550000000000000000e+03 1.819963014691756698e-01 3.070095584888484219e-01 4.838416021847974369e-01 1.858215748748293095e-01 2.332726445152480746e-02 0.000000000000000000e+00
4.575000000000000000e+03 1.829962811475778217e-01 3.058716431497496835e-01 4.852071005917159563e-01 1.835457441966317771e-01 2.537551206190259354e-02 0.000000000000000000e+00
4.600000000000000000e+03 1.839962608259797516e-01 3.029130632680928636e-01 4.907828857532999800e-01 1.852526172052799402e-01 2.105143377332726468e-02 0.000000000000000000e+00
4.625000000000000000e+03 1.849962405043819036e-01 3.014337733272644537e-01 4.868001820664542567e-01 1.863905325443787064e-01 2.537551206190259354e-02 0.000000000000000000e+00
4.650000000000000000e+03 1.859962201827840556e-01 3.031406463359125891e-01 4.871415566681838727e-01 1.879836140191169791e-01 2.173418297678652786e-02 0.000000000000000000e+00
4.675000000000000000e+03 1.869961998611859855e-01 2.914201183431952558e-01 4.922621756941283344e-01 1.964041875284478766e-01 1.991351843422849502e-02 0.000000000000000000e+00
4.700000000000000000e+03 1.879961795395881374e-01 2.955166135639508695e-01 4.864588074647246407e-01 1.986800182066454368e-01 1.934456076467910846e-02 0.000000000000000000e+00
4.725000000000000000e+03 1.889961592179900673e-01 2.914201183431952558e-01 4.903277196176604735e-01 1.975421028675466428e-01 2.071005917159763482e-02 0.000000000000000000e+00
4.750000000000000000e+03 1.899961388963922193e-01 2.857305416477013971e-01 4.947655894401456478e-01 2.018661811561219821e-01 1.763768775603095224e-02 0.000000000000000000e+00
4.775000000000000000e+03 1.909961185747943713e-01 2.907373691397360238e-01 4.902139280837505830e-01 2.030040964952207483e-01 1.604460628129267263e-02 0.000000000000000000e+00
4.800000000000000000e+03 1.919960982531963012e-01 2.872098315885298070e-01 4.973827947200728516e-01 2.036868456986800080e-01 1.172052799271734204e-02 0.000000000000000000e+00
4.825000000000000000e+03 1.929960779315984531e-01 2.880063723258989294e-01 5.004551661356395620e-01 1.992489758761948060e-01 1.228948566226672687e-02 0.000000000000000000e+00
4.850000000000000000e+03 1.939960576100003831e-01 2.924442421483841592e-01 5.012517068730086844e-01 1.937869822485207005e-01 1.251706873008648184e-02 0.000000000000000000e+00
4.875000000000000000e+03 1.949960372884025350e-01 2.931269913518434467e-01 5.017068730086481354e-01 1.907146108329540179e-01 1.445152480655439303e-02 0.000000000000000000e+00
4.900000000000000000e+03 1.959960169668046870e-01 2.819754210286754548e-01 5.101274465179790329e-01 1.979972690031861493e-01 9.899863450159307465e-03 0.000000000000000000e+00
4.925000000000000000e+03 1.969959966452066169e-01 2.828857532999544677e-01 5.130860263996358528e-01 1.945835229858898507e-01 9.444697314519799256e-03 0.000000000000000000e+00
4.950000000000000000e+03 1.979959763236087689e-01 2.733272644515248317e-01 5.177514792899408080e-01 1.966317705962676299e-01 1.228948566226672687e-02 0.000000000000000000e+00
4.975000000000000000e+03 1.989959560020106988e-01 2.770823850705507740e-01 5.190031861629494925e-01 1.920801092398725651e-01 1.183431952662721866e-02 0.000000000000000000e+00
5.000000000000000000e+03 1.999959356804128507e-01 2.735548475193445572e-01 5.242375967228037892e-01 1.900318616294947582e-01 1.217569412835685025e-02 0.000000000000000000e+00
5.025000000000000000e+03 2.009959153588150027e-01 2.752617205279926926e-01 5.219617660446063123e-01 1.899180700955848955e-01 1.285844333181611343e-02 0.000000000000000000e+00
5.050000000000000000e+03 2.019958950372169326e-01 2.701411015020482309e-01 5.263996358670914866e-01 1.924214838416021811e-01 1.103777878925807886e-02 0.000000000000000000e+00
5.075000000000000000e+03 2.029958747156190846e-01 2.663859808830222886e-01 5.282203004096495125e-01 1.940145653163404538e-01 1.137915339098771045e-02 0.000000000000000000e+00
5.100000000000000000e+03 2.039958543940212365e-01 2.658170232134728916e-01 5.265134274010013771e-01 1.978834774692762866e-01 9.786071916249430847e-03 0.000000000000000000e+00
5.125000000000000000e+03 2.049958340724231665e-01 2.649066909421938787e-01 5.271961766044606090e-01 1.984524351388256835e-01 9.444697314519799256e-03 0.000000000000000000e+00
5.150000000000000000e+03 2.059958137508253184e-01 2.583067819754210070e-01 5.333409194355940297e-01 1.985662266727355463e-01 9.786071916249430847e-03 0.000000000000000000e+00
5.175000000000000000e+03 2.069957934292272483e-01 2.598998634501593075e-01 5.336822940373235902e-01 1.972007282658170269e-01 9.217114246700046018e-03 0.000000000000000000e+00
5.200000000000000000e+03 2.079957731076294003e-01 2.545516613563950648e-01 5.368684569868001910e-01 2.005006827492034627e-01 8.079198907601274626e-03 0.000000000000000000e+00
5.225000000000000000e+03 2.089957527860315523e-01 2.495448338643604935e-01 5.360719162494310686e-01 2.016385980883022289e-01 1.274465179790623508e-02 0.000000000000000000e+00
5.250000000000000000e+03 2.099957324644334822e-01 2.521620391442876419e-01 5.348202093764223841e-01 2.002730996813837094e-01 1.274465179790623508e-02 0.000000000000000000e+00
5.275000000000000000e+03 2.109957121428356341e-01 2.511379153390987939e-01 5.356167501137915066e-01 2.035730541647701453e-01 9.672280382339554228e-03 0.000000000000000000e+00
5.300000000000000000e+03 2.119956918212375641e-01 2.452207555757851543e-01 5.393718707328174489e-01 2.063040509786071841e-01 9.103322712790167665e-03 0.000000000000000000e+00
5.325000000000000000e+03 2.129956714996397160e-01 2.515930814747383004e-01 5.375512061902594230e-01 2.014110150204824756e-01 9.444697314519799256e-03 0.000000000000000000e+00
5.350000000000000000e+03 2.139956511780418680e-01 2.502275830678197810e-01 5.409649522075558048e-01 2.006144742831133254e-01 8.192990441511151245e-03 0.000000000000000000e+00
5.375000000000000000e+03 2.149956308564437979e-01 2.544378698224852298e-01 5.390304961310878884e-01 1.966317705962676299e-01 9.899863450159307465e-03 0.000000000000000000e+00
5.400000000000000000e+03 2.159956105348459499e-01 2.521620391442876419e-01 5.418752844788348177e-01 1.949248975876194945e-01 1.103777878925807886e-02 0.000000000000000000e+00
5.425000000000000000e+03 2.169955902132478798e-01 2.539827036868457233e-01 5.434683659535730627e-01 1.929904415111515781e-01 9.558488848429677609e-03 0.000000000000000000e+00
5.450000000000000000e+03 2.179955698916500317e-01 2.468138370505234547e-01 5.480200273099681274e-01 1.969731451979972736e-01 8.192990441511151245e-03 0.000000000000000000e+00
5.475000000000000000e+03 2.189955495700521837e-01 2.478379608557123304e-01 5.472234865725990050e-01 1.952662721893491105e-01 9.672280382339554228e-03 0.000000000000000000e+00
5.500000000000000000e+03 2.199955292484541136e-01 2.522758306781975324e-01 5.452890304961310886e-01 1.928766499772416876e-01 9.558488848429677609e-03 0.000000000000000000e+00
5.525000000000000000e+03 2.209955089268562656e-01 2.495448338643604935e-01 5.472234865725990050e-01 1.934456076467910846e-01 9.786071916249430847e-03 0.000000000000000000e+00
5.550000000000000000e+03 2.219954886052581955e-01 2.463586709148839204e-01 5.482476103777879084e-01 1.957214383249886169e-01 9.672280382339554228e-03 0.000000000000000000e+00
5.575000000000000000e+03 2.229954682836603475e-01 2.521620391442876419e-01 5.433545744196631722e-01 1.915111515703231682e-01 1.297223486572599005e-02 0.000000000000000000e+00
5.600000000000000000e+03 2.239954479620624994e-01 2.490896677287209870e-01 5.509786071916249472e-01 1.890077378243058825e-01 1.092398725534820224e-02 0.000000000000000000e+00
5.625000000000000000e+03 2.249954276404644293e-01 2.460172963131543045e-01 5.579198907601274904e-01 1.860491579426490627e-01 1.001365498406918582e-02 0.000000000000000000e+00
5.650000000000000000e+03 2.259954073188665813e-01 2.419208010923987184e-01 5.637232589895311285e-01 1.850250341374601593e-01 9.330905780609922637e-03 0.000000000000000000e+00
5.675000000000000000e+03 2.269953869972685112e-01 2.397587619481110488e-01 5.700955848884843302e-01 1.794492489758761911e-01 1.069640418752844727e-02 0.000000000000000000e+00
