# itime ezz other fcc hcp bcc ico
0.000000000000000000e+00 0.000000000000000000e+00 0.000000000000000000e+00 1.000000000000000000e+00 0.000000000000000000e+00 0.000000000000000000e+00 0.000000000000000000e+00
4.000000000000000000e+03 9.999762663448485966e-04 0.000000000000000000e+00 1.000000000000000000e+00 0.000000000000000000e+00 0.000000000000000000e+00 0.000000000000000000e+00
8.000000000000000000e+03 1.999952532689919238e-03 0.000000000000000000e+00 1.000000000000000000e+00 0.000000000000000000e+00 0.000000000000000000e+00 0.000000000000000000e+00
1.200000000000000000e+04 2.999928799034767835e-03 0.000000000000000000e+00 1.000000000000000000e+00 0.000000000000000000e+00 0.000000000000000000e+00 0.000000000000000000e+00
1.600000000000000000e+04 3.999905065379616431e-03 0.000000000000000000e+00 1.000000000000000000e+00 0.000000000000000000e+00 0.000000000000000000e+00 0.000000000000000000e+00
2.000000000000000000e+04 4.999881331724465028e-03 0.000000000000000000e+00 1.000000000000000000e+00 0.000000000000000000e+00 0.000000000000000000e+00 0.000000000000000000e+00
2.400000000000000000e+04 5.999857598069535669e-03 0.000000000000000000e+00 1.000000000000000000e+00 0.000000000000000000e+00 0.000000000000000000e+00 0.000000000000000000e+00
2.800000000000000000e+04 6.999833864414384266e-03 0.000000000000000000e+00 1.000000000000000000e+00 0.000000000000000000e+00 0.000000000000000000e+00 0.000000000000000000e+00
3.200000000000000000e+04 7.999810130759232862e-03 0.000000000000000000e+00 1.000000000000000000e+00 0.000000000000000000e+00 0.000000000000000000e+00 0.000000000000000000e+00
3.600000000000000000e+04 8.999786397104081459e-03 0.000000000000000000e+00 1.000000000000000000e+00 0.000000000000000000e+00 0.000000000000000000e+00 0.000000000000000000e+00
4.000000000000000000e+04 9.999762663449152100e-03 0.000000000000000000e+00 1.000000000000000000e+00 0.000000000000000000e+00 0.000000000000000000e+00 0.000000000000000000e+00
4.400000000000000000e+04 1.099973892979400070e-02 0.000000000000000000e+00 1.000000000000000000e+00 0.000000000000000000e+00 0.000000000000000000e+00 0.000000000000000000e+00
4.800000000000000000e+04 1.199971519613884929e-02 0.000000000000000000e+00 1.000000000000000000e+00 0.000000000000000000e+00 0.000000000000000000e+00 0.000000000000000000e+00
5.200000000000000000e+04 1.299969146248391993e-02 0.000000000000000000e+00 1.000000000000000000e+00 0.000000000000000000e+00 0.000000000000000000e+00 0.000000000000000000e+00
5.600000000000000000e+04 1.399966772882876853e-02 0.000000000000000000e+00 1.000000000000000000e+00 0.000000000000000000e+00 0.000000000000000000e+00 0.000000000000000000e+00
6.000000000000000000e+04 1.499964399517361713e-02 0.000000000000000000e+00 1.000000000000000000e+00 0.000000000000000000e+00 0.000000000000000000e+00 0.000000000000000000e+00
6.400000000000000000e+04 1.599962026151846572e-02 0.000000000000000000e+00 1.000000000000000000e+00 0.000000000000000000e+00 0.000000000000000000e+00 0.000000000000000000e+00
6.800000000000000000e+04 1.699959652786353637e-02 0.000000000000000000e+00 1.000000000000000000e+00 0.000000000000000000e+00 0.000000000000000000e+00 0.000000000000000000e+00
7.200000000000000000e+04 1.799957279420838496e-02 0.000000000000000000e+00 1.000000000000000000e+00 0.000000000000000000e+00 0.000000000000000000e+00 0.000000000000000000e+00
7.600000000000000000e+04 1.899954906055323356e-02 0.000000000000000000e+00 1.000000000000000000e+00 0.000000000000000000e+00 0.000000000000000000e+00 0.000000000000000000e+00
8.000000000000000000e+04 1.999952532689808216e-02 0.000000000000000000e+00 1.000000000000000000e+00 0.000000000000000000e+00 0.000000000000000000e+00 0.000000000000000000e+00
8.400000000000000000e+04 2.099950159324315280e-02 0.000000000000000000e+00 1.000000000000000000e+00 0.000000000000000000e+00 0.000000000000000000e+00 0.000000000000000000e+00
8.800000000000000000e+04 2.199947785958800139e-02 0.000000000000000000e+00 1.000000000000000000e+00 0.000000000000000000e+00 0.000000000000000000e+00 0.000000000000000000e+00
9.200000000000000000e+04 2.299945412593284999e-02 0.000000000000000000e+00 1.000000000000000000e+00 0.000000000000000000e+00 0.000000000000000000e+00 0.000000000000000000e+00
9.600000000000000000e+04 2.399943039227792063e-02 0.000000000000000000e+00 1.000000000000000000e+00 0.000000000000000000e+00 0.000000000000000000e+00 0.000000000000000000e+00
1.000000000000000000e+05 2.499940665862276923e-02 0.000000000000000000e+00 1.000000000000000000e+00 0.000000000000000000e+00 0.000000000000000000e+00 0.000000000000000000e+00
1.040000000000000000e+05 2.599938292496761783e-02 0.000000000000000000e+00 1.000000000000000000e+00 0.000000000000000000e+00 0.000000000000000000e+00 0.000000000000000000e+00
1.080000000000000000e+05 2.699935919131246642e-02 0.000000000000000000e+00 1.000000000000000000e+00 0.000000000000000000e+00 0.000000000000000000e+00 0.000000000000000000e+00
1.120000000000000000e+05 2.799933545765753706e-02 0.000000000000000000e+00 1.000000000000000000e+00 0.000000000000000000e+00 0.000000000000000000e+00 0.000000000000000000e+00
1.160000000000000000e+05 2.899931172400238566e-02 0.000000000000000000e+00 1.000000000000000000e+00 0.000000000000000000e+00 0.000000000000000000e+00 0.000000000000000000e+00
1.200000000000000000e+05 2.999928799034723426e-02 0.000000000000000000e+00 1.000000000000000000e+00 0.000000000000000000e+00 0.000000000000000000e+00 0.000000000000000000e+00
1.240000000000000000e+05 3.099926425669208285e-02 0.000000000000000000e+00 1.000000000000000000e+00 0.000000000000000000e+00 0.000000000000000000e+00 0.000000000000000000e+00
1.280000000000000000e+05 3.199924052303715349e-02 0.000000000000000000e+00 1.000000000000000000e+00 0.000000000000000000e+00 0.000000000000000000e+00 0.000000000000000000e+00
1.320000000000000000e+05 3.299921678938200209e-02 0.000000000000000000e+00 1.000000000000000000e+00 0.000000000000000000e+00 0.000000000000000000e+00 0.000000000000000000e+00
1.360000000000000000e+05 3.399919305572685069e-02 0.000000000000000000e+00 1.000000000000000000e+00 0.000000000000000000e+00 0.000000000000000000e+00 0.000000000000000000e+00
1.400000000000000000e+05 3.499916932207192133e-02 0.000000000000000000e+00 1.000000000000000000e+00 0.000000000000000000e+00 0.000000000000000000e+00 0.000000000000000000e+00
1.440000000000000000e+05 3.599914558841676993e-02 0.000000000000000000e+00 1.000000000000000000e+00 0.000000000000000000e+00 0.000000000000000000e+00 0.000000000000000000e+00
1.480000000000000000e+05 3.699912185476161852e-02 0.000000000000000000e+00 1.000000000000000000e+00 0.000000000000000000e+00 0.000000000000000000e+00 0.000000000000000000e+00
1.520000000000000000e+05 3.799909812110646712e-02 0.000000000000000000e+00 1.000000000000000000e+00 0.000000000000000000e+00 0.000000000000000000e+00 0.000000000000000000e+00
1.560000000000000000e+05 3.899907438745153776e-02 0.000000000000000000e+00 1.000000000000000000e+00 0.000000000000000000e+00 0.000000000000000000e+00 0.000000000000000000e+00
1.600000000000000000e+05 3.999905065379638636e-02 0.000000000000000000e+00 1.000000000000000000e+00 0.000000000000000000e+00 0.000000000000000000e+00 0.000000000000000000e+00
1.640000000000000000e+05 4.099902692014123495e-02 0.000000000000000000e+00 1.000000000000000000e+00 0.000000000000000000e+00 0.000000000000000000e+00 0.000000000000000000e+00
1.680000000000000000e+05 4.199900318648608355e-02 0.000000000000000000e+00 1.000000000000000000e+00 0.000000000000000000e+00 0.000000000000000000e+00 0.000000000000000000e+00
1.720000000000000000e+05 4.299897945283115419e-02 0.000000000000000000e+00 1.000000000000000000e+00 0.000000000000000000e+00 0.000000000000000000e+00 0.000000000000000000e+00
1.760000000000000000e+05 4.399895571917600279e-02 0.000000000000000000e+00 1.000000000000000000e+00 0.000000000000000000e+00 0.000000000000000000e+00 0.000000000000000000e+00
1.800000000000000000e+05 4.499893198552085138e-02 0.000000000000000000e+00 1.000000000000000000e+00 0.000000000000000000e+00 0.000000000000000000e+00 0.000000000000000000e+00
1.840000000000000000e+05 4.599890825186592203e-02 0.000000000000000000e+00 1.000000000000000000e+00 0.000000000000000000e+00 0.000000000000000000e+00 0.000000000000000000e+00
1.880000000000000000e+05 4.699888451821077062e-02 0.000000000000000000e+00 1.000000000000000000e+00 0.000000000000000000e+00 0.000000000000000000e+00 0.000000000000000000e+00
1.920000000000000000e+05 4.799886078455561922e-02 0.000000000000000000e+00 1.000000000000000000e+00 0.000000000000000000e+00 0.000000000000000000e+00 0.000000000000000000e+00
1.960000000000000000e+05 4.899883705090046782e-02 0.000000000000000000e+00 1.000000000000000000e+00 0.000000000000000000e+00 0.000000000000000000e+00 0.000000000000000000e+00
2.000000000000000000e+05 4.999881331724553846e-02 0.000000000000000000e+00 1.000000000000000000e+00 0.000000000000000000e+00 0.000000000000000000e+00 0.000000000000000000e+00
2.040000000000000000e+05 5.099878958359038705e-02 0.000000000000000000e+00 1.000000000000000000e+00 0.000000000000000000e+00 0.000000000000000000e+00 0.000000000000000000e+00
2.080000000000000000e+05 5.199876584993523565e-02 0.000000000000000000e+00 1.000000000000000000e+00 0.000000000000000000e+00 0.000000000000000000e+00 0.000000000000000000e+00
2.120000000000000000e+05 5.299874211628008425e-02 0.000000000000000000e+00 1.000000000000000000e+00 0.000000000000000000e+00 0.000000000000000000e+00 0.000000000000000000e+00
2.160000000000000000e+05 5.399871838262515489e-02 0.000000000000000000e+00 1.000000000000000000e+00 0.000000000000000000e+00 0.000000000000000000e+00 0.000000000000000000e+00
2.200000000000000000e+05 5.499869464897000348e-02 0.000000000000000000e+00 1.000000000000000000e+00 0.000000000000000000e+00 0.000000000000000000e+00 0.000000000000000000e+00
2.240000000000000000e+05 5.599867091531485208e-02 0.000000000000000000e+00 1.000000000000000000e+00 0.000000000000000000e+00 0.000000000000000000e+00 0.000000000000000000e+00
2.280000000000000000e+05 5.699864718165992272e-02 0.000000000000000000e+00 1.000000000000000000e+00 0.000000000000000000e+00 0.000000000000000000e+00 0.000000000000000000e+00
2.320000000000000000e+05 5.799862344800477132e-02 0.000000000000000000e+00 1.000000000000000000e+00 0.000000000000000000e+00 0.000000000000000000e+00 0.000000000000000000e+00
2.360000000000000000e+05 5.899859971434961992e-02 4.551661356395084266e-04 9.995448338643604380e-01 0.000000000000000000e+00 0.000000000000000000e+00 0.000000000000000000e+00
2.400000000000000000e+05 5.999857598069446851e-02 0.000000000000000000e+00 1.000000000000000000e+00 0.000000000000000000e+00 0.000000000000000000e+00 0.000000000000000000e+00
2.440000000000000000e+05 6.099855224703953915e-02 0.000000000000000000e+00 1.000000000000000000e+00 0.000000000000000000e+00 0.000000000000000000e+00 0.000000000000000000e+00
2.480000000000000000e+05 6.199852851338438775e-02 0.000000000000000000e+00 1.000000000000000000e+00 0.000000000000000000e+00 0.000000000000000000e+00 0.000000000000000000e+00
2.520000000000000000e+05 6.299850477972923635e-02 0.000000000000000000e+00 1.000000000000000000e+00 0.000000000000000000e+00 0.000000000000000000e+00 0.000000000000000000e+00
2.560000000000000000e+05 6.399848104607408494e-02 2.275830678197542133e-04 9.997724169321802190e-01 0.000000000000000000e+00 0.000000000000000000e+00 0.000000000000000000e+00
2.600000000000000000e+05 6.499845731241915558e-02 0.000000000000000000e+00 1.000000000000000000e+00 0.000000000000000000e+00 0.000000000000000000e+00 0.000000000000000000e+00
2.640000000000000000e+05 6.599843357876400418e-02 0.000000000000000000e+00 1.000000000000000000e+00 0.000000000000000000e+00 0.000000000000000000e+00 0.000000000000000000e+00
2.680000000000000000e+05 6.699840984510885278e-02 0.000000000000000000e+00 1.000000000000000000e+00 0.000000000000000000e+00 0.000000000000000000e+00 0.000000000000000000e+00
2.720000000000000000e+05 6.799838611145392342e-02 0.000000000000000000e+00 1.000000000000000000e+00 0.000000000000000000e+00 0.000000000000000000e+00 0.000000000000000000e+00
2.760000000000000000e+05 6.899836237779877202e-02 0.000000000000000000e+00 1.000000000000000000e+00 0.000000000000000000e+00 0.000000000000000000e+00 0.000000000000000000e+00
2.800000000000000000e+05 6.999833864414362061e-02 0.000000000000000000e+00 1.000000000000000000e+00 0.000000000000000000e+00 0.000000000000000000e+00 0.000000000000000000e+00
2.840000000000000000e+05 7.099831491048846921e-02 2.275830678197542133e-04 9.997724169321802190e-01 0.000000000000000000e+00 0.000000000000000000e+00 0.000000000000000000e+00
2.880000000000000000e+05 7.199829117683353985e-02 4.551661356395084266e-04 9.995448338643604380e-01 0.000000000000000000e+00 0.000000000000000000e+00 0.000000000000000000e+00
2.920000000000000000e+05 7.299826744317838845e-02 4.551661356395084266e-04 9.995448338643604380e-01 0.000000000000000000e+00 0.000000000000000000e+00 0.000000000000000000e+00
2.960000000000000000e+05 7.399824370952323704e-02 0.000000000000000000e+00 1.000000000000000000e+00 0.000000000000000000e+00 0.000000000000000000e+00 0.000000000000000000e+00
3.000000000000000000e+05 7.499821997586830769e-02 6.827492034592626399e-04 9.993172507965407680e-01 0.000000000000000000e+00 0.000000000000000000e+00 0.000000000000000000e+00
3.040000000000000000e+05 7.599819624221315628e-02 3.413746017296313199e-04 9.996586253982703285e-01 0.000000000000000000e+00 0.000000000000000000e+00 0.000000000000000000e+00
3.080000000000000000e+05 7.699817250855800488e-02 0.000000000000000000e+00 1.000000000000000000e+00 0.000000000000000000e+00 0.000000000000000000e+00 0.000000000000000000e+00
3.120000000000000000e+05 7.799814877490285348e-02 2.275830678197542133e-04 9.997724169321802190e-01 0.000000000000000000e+00 0.000000000000000000e+00 0.000000000000000000e+00
3.160000000000000000e+05 7.899812504124792412e-02 0.000000000000000000e+00 1.000000000000000000e+00 0.000000000000000000e+00 0.000000000000000000e+00 0.000000000000000000e+00
3.200000000000000000e+05 7.999810130759277271e-02 0.000000000000000000e+00 1.000000000000000000e+00 0.000000000000000000e+00 0.000000000000000000e+00 0.000000000000000000e+00
3.240000000000000000e+05 8.099807757393762131e-02 5.689576695493854790e-04 9.994310423304506585e-01 0.000000000000000000e+00 0.000000000000000000e+00 0.000000000000000000e+00
3.280000000000000000e+05 8.199805384028246991e-02 1.024123805188893906e-03 9.989758761948110966e-01 0.000000000000000000e+00 0.000000000000000000e+00 0.000000000000000000e+00
3.320000000000000000e+05 8.299803010662754055e-02 3.413746017296313199e-04 9.996586253982703285e-01 0.000000000000000000e+00 0.000000000000000000e+00 0.000000000000000000e+00
3.360000000000000000e+05 8.399800637297238914e-02 3.413746017296313199e-04 9.996586253982703285e-01 0.000000000000000000e+00 0.000000000000000000e+00 0.000000000000000000e+00
3.400000000000000000e+05 8.499798263931723774e-02 9.103322712790168532e-04 9.990896677287209870e-01 0.000000000000000000e+00 0.000000000000000000e+00 0.000000000000000000e+00
3.440000000000000000e+05 8.599795890566230838e-02 9.103322712790168532e-04 9.989758761948110966e-01 0.000000000000000000e+00 1.137915339098771066e-04 0.000000000000000000e+00
3.480000000000000000e+05 8.699793517200715698e-02 6.827492034592626399e-04 9.993172507965407680e-01 0.000000000000000000e+00 0.000000000000000000e+00 0.000000000000000000e+00
3.520000000000000000e+05 8.799791143835200558e-02 1.365498406918525280e-03 9.986345015930814251e-01 0.000000000000000000e+00 0.000000000000000000e+00 0.000000000000000000e+00
3.560000000000000000e+05 8.899788770469685417e-02 6.827492034592626399e-04 9.993172507965407680e-01 0.000000000000000000e+00 0.000000000000000000e+00 0.000000000000000000e+00
3.600000000000000000e+05 8.999786397104192481e-02 1.024123805188893906e-03 9.987482931269913156e-01 0.000000000000000000e+00 2.275830678197542133e-04 0.000000000000000000e+00
3.640000000000000000e+05 9.099784023738677341e-02 1.706873008648156654e-03 9.982931269913518646e-01 0.000000000000000000e+00 0.000000000000000000e+00 0.000000000000000000e+00
3.680000000000000000e+05 9.199781650373162201e-02 2.048247610377787811e-03 9.978379608557123026e-01 0.000000000000000000e+00 1.137915339098771066e-04 0.000000000000000000e+00
3.720000000000000000e+05 9.299779277007647060e-02 1.365498406918525280e-03 9.986345015930814251e-01 0.000000000000000000e+00 0.000000000000000000e+00 0.000000000000000000e+00
3.760000000000000000e+05 9.399776903642154124e-02 1.479289940828402332e-03 9.985207100591716456e-01 0.000000000000000000e+00 0.000000000000000000e+00 0.000000000000000000e+00
3.800000000000000000e+05 9.499774530276638984e-02 1.706873008648156654e-03 9.981793354574419741e-01 0.000000000000000000e+00 1.137915339098771066e-04 0.000000000000000000e+00
3.840000000000000000e+05 9.599772156911123844e-02 3.527537551206190360e-03 9.963586709148839482e-01 0.000000000000000000e+00 1.137915339098771066e-04 0.000000000000000000e+00
3.880000000000000000e+05 9.699769783545630908e-02 3.072371415566681717e-03 9.968138370505233992e-01 0.000000000000000000e+00 1.137915339098771066e-04 0.000000000000000000e+00
3.920000000000000000e+05 9.799767410180115768e-02 3.641329085116067413e-03 9.962448793809740577e-01 0.000000000000000000e+00 1.137915339098771066e-04 0.000000000000000000e+00
3.960000000000000000e+05 9.899765036814600627e-02 4.096495220755575623e-03 9.957897132453344957e-01 0.000000000000000000e+00 1.137915339098771066e-04 0.000000000000000000e+00
4.000000000000000000e+05 9.999762663449085487e-02 2.730996813837050560e-03 9.970414201183431802e-01 0.000000000000000000e+00 2.275830678197542133e-04 0.000000000000000000e+00
4.040000000000000000e+05 1.009976029008359255e-01 4.893035958124715423e-03 9.949931725079653733e-01 0.000000000000000000e+00 1.137915339098771066e-04 0.000000000000000000e+00
4.080000000000000000e+05 1.019975791671807741e-01 4.437869822485207214e-03 9.948793809740554828e-01 0.000000000000000000e+00 6.827492034592626399e-04 0.000000000000000000e+00
4.120000000000000000e+05 1.029975554335256227e-01 4.551661356395083832e-03 9.947655894401457033e-01 0.000000000000000000e+00 6.827492034592626399e-04 0.000000000000000000e+00
4.160000000000000000e+05 1.039975316998704713e-01 5.461993627674101119e-03 9.945380063723259223e-01 0.000000000000000000e+00 0.000000000000000000e+00 0.000000000000000000e+00
4.200000000000000000e+05 1.049975079662155419e-01 5.120619025944469528e-03 9.947655894401457033e-01 0.000000000000000000e+00 1.137915339098771066e-04 0.000000000000000000e+00
4.240000000000000000e+05 1.059974842325603905e-01 5.006827492034592909e-03 9.944242148384160318e-01 0.000000000000000000e+00 5.689576695493854790e-04 0.000000000000000000e+00
4.280000000000000000e+05 1.069974604989052391e-01 3.277196176604460498e-02 9.284251251706873154e-01 0.000000000000000000e+00 3.880291306326809353e-02 0.000000000000000000e+00
4.320000000000000000e+05 1.079974367652503098e-01 5.314064633591260994e-02 7.072143832498861693e-01 2.338416021847974646e-01 5.803368229403732710e-03 0.000000000000000000e+00
4.360000000000000000e+05 1.089974130315951584e-01 5.644060081929904577e-02 7.059626763768775959e-01 2.325898953117888079e-01 5.006827492034592909e-03 0.000000000000000000e+00
4.400000000000000000e+05 1.099973892979400070e-01 5.461993627674101293e-02 7.067592171142467183e-01 2.322485207100591642e-01 6.372325898953117539e-03 0.000000000000000000e+00
4.440000000000000000e+05 1.109973655642848556e-01 5.598543468365953235e-02 7.067592171142467183e-01 2.317933545744196577e-01 5.461993627674101119e-03 0.000000000000000000e+00
4.480000000000000000e+05 1.119973418306299262e-01 6.019572143832498806e-02 7.041420118343195700e-01 2.302002730996813851e-01 5.461993627674101119e-03 0.000000000000000000e+00
4.520000000000000000e+05 1.129973180969747748e-01 5.496131087847064278e-02 7.061902594446972659e-01 2.320209376422394110e-01 6.827492034592626616e-03 0.000000000000000000e+00
4.560000000000000000e+05 1.139972943633196234e-01 5.837505689576695522e-02 7.052799271734182529e-01 2.320209376422394110e-01 4.324078288575329727e-03 0.000000000000000000e+00
4.600000000000000000e+05 1.149972706296644720e-01 6.042330450614474130e-02 7.050523441055985829e-01 2.315657715065999045e-01 2.958579881656804664e-03 0.000000000000000000e+00
4.640000000000000000e+05 1.159972468960095426e-01 6.440600819299044377e-02 7.032316795630405570e-01 2.290623577605826189e-01 3.299954483386436255e-03 0.000000000000000000e+00
4.680000000000000000e+05 1.169972231623543912e-01 6.668183887118799003e-02 7.020937642239417631e-01 2.290623577605826189e-01 2.162039144287664864e-03 0.000000000000000000e+00
4.720000000000000000e+05 1.179971994286992398e-01 6.383705052344106068e-02 7.041420118343195700e-01 2.292899408284023721e-01 2.730996813837050560e-03 0.000000000000000000e+00
4.760000000000000000e+05 1.189971756950443105e-01 6.486117432862995025e-02 7.039144287664997890e-01 2.289485662266727284e-01 2.275830678197541916e-03 0.000000000000000000e+00
4.800000000000000000e+05 1.199971519613891591e-01 6.531634046426945672e-02 7.025489303595812141e-01 2.292899408284023721e-01 2.844788347746927612e-03 0.000000000000000000e+00
4.840000000000000000e+05 1.209971282277340077e-01 6.144742831133363781e-02 7.044833864360491305e-01 2.303140646335912478e-01 3.755120619025944465e-03 0.000000000000000000e+00
4.880000000000000000e+05 1.219971044940788563e-01 6.747837960855712636e-02 7.025489303595812141e-01 2.280382339553937154e-01 1.934456076467910759e-03 0.000000000000000000e+00
4.920000000000000000e+05 1.229970807604239269e-01 6.861629494765589254e-02 7.008420573509330787e-01 2.282658170232134687e-01 2.275830678197541916e-03 0.000000000000000000e+00
4.960000000000000000e+05 1.239970570267687755e-01 6.508875739644970349e-02 7.033454710969503365e-01 2.297451069640418786e-01 1.820664542558033706e-03 0.000000000000000000e+00
5.000000000000000000e+05 1.249970332931136241e-01 7.123350022758306865e-02 6.993627674101047242e-01 2.273554847519344557e-01 2.048247610377787811e-03 0.000000000000000000e+00
5.040000000000000000e+05 1.259970095594584727e-01 7.214383249886208160e-02 6.999317250796540657e-01 2.266727355484751960e-01 1.251706873008648227e-03 0.000000000000000000e+00
5.080000000000000000e+05 1.269969858258035433e-01 7.043695949021393232e-02 7.008420573509330787e-01 2.276968593536640995e-01 1.024123805188893906e-03 0.000000000000000000e+00
5.120000000000000000e+05 1.279969620921483919e-01 7.385070550751024476e-02 6.993627674101047242e-01 2.259899863450159363e-01 7.965407373691396923e-04 0.000000000000000000e+00
5.160000000000000000e+05 1.289969383584932405e-01 7.225762403277195822e-02 6.994765589440146147e-01 2.273554847519344557e-01 9.103322712790168532e-04 0.000000000000000000e+00
5.200000000000000000e+05 1.299969146248383112e-01 7.407828857532999800e-02 6.991351843422849432e-01 2.257624032771961831e-01 1.024123805188893906e-03 0.000000000000000000e+00
5.240000000000000000e+05 1.309968908911831598e-01 7.760582612653618706e-02 6.966317705962676854e-01 2.249658625398270329e-01 7.965407373691396923e-04 0.000000000000000000e+00
5.280000000000000000e+05 1.319968671575280084e-01 7.794720072826581692e-02 6.960628129267182329e-01 2.253072371415566766e-01 6.827492034592626399e-04 0.000000000000000000e+00
5.320000000000000000e+05 1.329968434238728570e-01 7.521620391442876419e-02 6.977696859353663683e-01 2.263313609467455523e-01 6.827492034592626399e-04 0.000000000000000000e+00
5.360000000000000000e+05 1.339968196902179276e-01 7.919890760127445972e-02 6.960628129267182329e-01 2.241693218024579104e-01 5.689576695493854790e-04 0.000000000000000000e+00
5.400000000000000000e+05 1.349967959565627762e-01 7.931269913518433634e-02 6.951524806554392200e-01 2.251934456076467861e-01 3.413746017296313199e-04 0.000000000000000000e+00
5.440000000000000000e+05 1.359967722229076248e-01 7.669549385525717411e-02 6.965179790623577949e-01 2.261037778789257990e-01 6.827492034592626399e-04 0.000000000000000000e+00
5.480000000000000000e+05 1.369967484892524734e-01 7.919890760127445972e-02 6.949248975876194390e-01 2.245106964041875264e-01 1.365498406918525280e-03 0.000000000000000000e+00
5.520000000000000000e+05 1.379967247555975440e-01 8.329540282203004575e-02 6.929904415111515226e-01 2.229176149294492537e-01 7.965407373691396923e-04 0.000000000000000000e+00
5.560000000000000000e+05 1.389967010219423926e-01 8.614019116977697510e-02 6.902594446973144837e-01 2.229176149294492537e-01 6.827492034592626399e-04 0.000000000000000000e+00
5.600000000000000000e+05 1.399966772882872412e-01 8.693673190714611143e-02 6.893491124260354708e-01 2.232589895311788697e-01 4.551661356395084266e-04 0.000000000000000000e+00
5.640000000000000000e+05 1.409966535546323119e-01 8.796085571233500100e-02 6.891215293582158008e-01 2.217796995903504875e-01 1.137915339098770958e-03 0.000000000000000000e+00
5.680000000000000000e+05 1.419966298209771605e-01 9.148839326354119006e-02 6.859353664087392000e-01 2.214383249886208438e-01 1.137915339098770958e-03 0.000000000000000000e+00
5.720000000000000000e+05 1.429966060873220091e-01 8.875739644970413733e-02 6.888939462903960198e-01 2.217796995903504875e-01 5.689576695493854790e-04 0.000000000000000000e+00
5.760000000000000000e+05 1.439965823536668577e-01 9.194355939918069653e-02 6.858215748748293095e-01 2.209831588529813373e-01 1.251706873008648227e-03 0.000000000000000000e+00
5.800000000000000000e+05 1.449965586200119283e-01 1.004779244424214846e-01 6.791078743741465473e-01 2.190487027765134209e-01 1.365498406918525280e-03 0.000000000000000000e+00
5.840000000000000000e+05 1.459965348863567769e-01 9.501593081474737912e-02 6.840009103322712836e-01 2.203004096495220776e-01 6.827492034592626399e-04 0.000000000000000000e+00
5.880000000000000000e+05 1.469965111527016255e-01 1.173190714610832935e-01 7.075557578516158408e-01 1.609012289485662328e-01 1.422394173873463806e-02 0.000000000000000000e+00
5.920000000000000000e+05 1.479964874190464741e-01 1.191397360036413333e-01 7.066454255803368278e-01 1.605598543468365891e-01 1.365498406918525323e-02 0.000000000000000000e+00
5.960000000000000000e+05 1.489964636853915447e-01 1.184569868001820597e-01 7.083522985889849632e-01 1.671597633136094607e-01 6.030951297223486815e-03 0.000000000000000000e+00
6.000000000000000000e+05 1.499964399517363933e-01 1.178880291306326766e-01 7.075557578516158408e-01 1.632908511606736557e-01 1.126536185707783383e-02 0.000000000000000000e+00
6.040000000000000000e+05 1.509964162180812419e-01 1.185707783340919502e-01 7.060764679107874864e-01 1.700045516613563901e-01 5.348202093764223633e-03 0.000000000000000000e+00
6.080000000000000000e+05 1.519963924844263126e-01 1.161811561219845274e-01 7.060764679107874864e-01 1.737596722803823324e-01 3.982703686845699004e-03 0.000000000000000000e+00
6.120000000000000000e+05 1.529963687507711612e-01 1.160673645880746507e-01 7.075557578516158408e-01 1.708010923987255403e-01 5.575785161583977738e-03 0.000000000000000000e+00
6.160000000000000000e+05 1.539963450171160098e-01 1.186845698680018268e-01 7.053937187073281434e-01 1.706873008648156498e-01 5.234410559854347014e-03 0.000000000000000000e+00
6.200000000000000000e+05 1.549963212834608584e-01 1.164087391898042806e-01 7.066454255803368278e-01 1.711424670004551563e-01 5.803368229403732710e-03 0.000000000000000000e+00
6.240000000000000000e+05 1.559962975498059290e-01 1.170914883932635403e-01 7.073281747837960598e-01 1.708010923987255403e-01 4.779244424214838804e-03 0.000000000000000000e+00
6.280000000000000000e+05 1.569962738161507776e-01 1.167501137915339104e-01 7.069868001820664993e-01 1.719390077378243065e-01 4.324078288575329727e-03 0.000000000000000000e+00
6.320000000000000000e+05 1.579962500824956262e-01 1.128812016385980915e-01 7.093764223941738667e-01 1.719390077378243065e-01 5.803368229403732710e-03 0.000000000000000000e+00
6.360000000000000000e+05 1.589962263488404748e-01 1.174328629949931702e-01 7.042558033682293495e-01 1.730769230769230727e-01 5.234410559854347014e-03 0.000000000000000000e+00
6.400000000000000000e+05 1.599962026151855454e-01 1.152708238507055144e-01 7.072143832498861693e-01 1.715976331360946627e-01 5.917159763313609329e-03 0.000000000000000000e+00
6.440000000000000000e+05 1.609961788815303940e-01 1.199362767410104696e-01 7.052799271734182529e-01 1.705735093309057870e-01 4.210286754665453109e-03 0.000000000000000000e+00
6.480000000000000000e+05 1.619961551478752426e-01 1.177742375967228000e-01 7.063040509786071564e-01 1.705735093309057870e-01 5.348202093764223633e-03 0.000000000000000000e+00
6.520000000000000000e+05 1.629961314142203133e-01 1.157259899863450209e-01 7.055075102412380339e-01 1.727355484751934567e-01 6.030951297223486815e-03 0.000000000000000000e+00
6.560000000000000000e+05 1.639961076805651619e-01 1.181156121984524299e-01 7.060764679107874864e-01 1.706873008648156498e-01 5.120619025944469528e-03 0.000000000000000000e+00
6.600000000000000000e+05 1.649960839469100105e-01 1.158397815202548975e-01 7.058488848429677054e-01 1.720527992717341692e-01 6.258534365043240920e-03 0.000000000000000000e+00
6.640000000000000000e+05 1.659960602132548591e-01 1.162949476558944040e-01 7.066454255803368278e-01 1.726217569412835662e-01 4.437869822485207214e-03 0.000000000000000000e+00
6.680000000000000000e+05 1.669960364795999297e-01 1.176604460628129234e-01 7.049385525716886924e-01 1.717114246700045532e-01 5.689576695493855224e-03 0.000000000000000000e+00
6.720000000000000000e+05 1.679960127459447783e-01 1.170914883932635403e-01 7.043695949021392400e-01 1.741010468821119761e-01 4.437869822485207214e-03 0.000000000000000000e+00
6.760000000000000000e+05 1.689959890122896269e-01 1.178880291306326766e-01 7.038006372325898985e-01 1.730769230769230727e-01 5.234410559854347014e-03 0.000000000000000000e+00
6.800000000000000000e+05 1.699959652786344755e-01 1.169776968593536637e-01 7.056213017751479244e-01 1.729631315430132099e-01 4.437869822485207214e-03 0.000000000000000000e+00
6.840000000000000000e+05 1.709959415449795461e-01 1.184569868001820597e-01 7.036868456986800080e-01 1.744424214838415921e-01 3.413746017296313308e-03 0.000000000000000000e+00
6.880000000000000000e+05 1.719959178113243947e-01 1.197086936731907164e-01 7.032316795630405570e-01 1.720527992717341692e-01 5.006827492034592909e-03 0.000000000000000000e+00
6.920000000000000000e+05 1.729958940776692433e-01 1.194811106053709632e-01 7.018661811561219821e-01 1.747837960855712358e-01 3.868912152935821518e-03 0.000000000000000000e+00
6.960000000000000000e+05 1.739958703440143140e-01 1.215293582157487423e-01 6.991351843422849432e-01 1.758079198907601393e-01 3.527537551206190360e-03 0.000000000000000000e+00
7.000000000000000000e+05 1.749958466103591626e-01 1.219845243513882627e-01 7.001593081474738467e-01 1.751251706873008518e-01 2.730996813837050560e-03 0.000000000000000000e+00
7.040000000000000000e+05 1.759958228767040112e-01 1.197086936731907164e-01 7.003868912152936277e-01 1.766044606281292617e-01 3.299954483386436255e-03 0.000000000000000000e+00
7.080000000000000000e+05 1.769957991430488597e-01 1.207328174783796060e-01 6.978834774692762588e-01 1.768320436959490149e-01 4.551661356395083832e-03 0.000000000000000000e+00
7.120000000000000000e+05 1.779957754093939304e-01 1.177742375967228000e-01 7.019799726900318726e-01 1.768320436959490149e-01 3.413746017296313308e-03 0.000000000000000000e+00
7.160000000000000000e+05 1.789957516757387790e-01 1.197086936731907164e-01 7.019799726900318726e-01 1.745562130177514826e-01 3.755120619025944465e-03 0.000000000000000000e+00
7.200000000000000000e+05 1.799957279420836276e-01 1.203914428766499761e-01 7.001593081474738467e-01 1.764906690942193990e-01 2.958579881656804664e-03 0.000000000000000000e+00
7.240000000000000000e+05 1.809957042084284762e-01 1.206190259444697294e-01 7.009558488848429691e-01 1.750113791533909890e-01 3.413746017296313308e-03 0.000000000000000000e+00
7.280000000000000000e+05 1.819956804747735468e-01 1.211879836140191125e-01 6.969731451979972459e-01 1.785389167045971781e-01 3.299954483386436255e-03 0.000000000000000000e+00
7.320000000000000000e+05 1.829956567411183954e-01 1.170914883932635403e-01 6.995903504779243942e-01 1.792216659080564378e-01 4.096495220755575623e-03 0.000000000000000000e+00
7.360000000000000000e+05 1.839956330074632440e-01 1.313154301319981732e-01 6.758079198907601670e-01 1.882111970869367323e-01 4.665452890304961318e-03 0.000000000000000000e+00
7.400000000000000000e+05 1.849956092738083147e-01 1.274465179790623681e-01 6.817250796540736957e-01 1.866181156121984597e-01 4.210286754665453109e-03 0.000000000000000000e+00
7.440000000000000000e+05 1.859955855401531633e-01 1.195949021392808398e-01 6.894629039599453613e-01 1.859353664087392000e-01 5.006827492034592909e-03 0.000000000000000000e+00
7.480000000000000000e+05 1.869955618064980118e-01 1.214155666818388657e-01 6.883249886208465673e-01 1.851388256713700498e-01 5.120619025944469528e-03 0.000000000000000000e+00
7.520000000000000000e+05 1.879955380728428604e-01 1.231224396904870289e-01 6.874146563495675544e-01 1.849112426035502965e-01 4.551661356395083832e-03 0.000000000000000000e+00
7.560000000000000000e+05 1.889955143391879311e-01 1.230086481565771522e-01 6.878698224852071164e-01 1.850250341374601593e-01 4.096495220755575623e-03 0.000000000000000000e+00
7.600000000000000000e+05 1.899954906055327797e-01 1.252844788347746985e-01 6.870732817478379939e-01 1.846836595357305433e-01 2.958579881656804664e-03 0.000000000000000000e+00
7.640000000000000000e+05 1.909954668718776283e-01 1.247155211652253015e-01 6.868456986800182129e-01 1.844560764679107900e-01 3.982703686845699004e-03 0.000000000000000000e+00
7.680000000000000000e+05 1.919954431382224769e-01 1.015020482476103741e-01 7.290623577605825911e-01 1.648839326354119283e-01 4.551661356395083832e-03 0.000000000000000000e+00
7.720000000000000000e+05 1.929954194045675475e-01 9.945380063723259501e-02 7.278106508875740177e-01 1.690942193900773771e-01 3.641329085116067413e-03 0.000000000000000000e+00
7.760000000000000000e+05 1.939953956709123961e-01 1.024123805188894010e-01 7.261037778789257713e-01 1.679563040509786109e-01 3.527537551206190360e-03 0.000000000000000000e+00
7.800000000000000000e+05 1.949953719372572447e-01 1.019572143832498806e-01 7.278106508875740177e-01 1.665908056440600915e-01 3.641329085116067413e-03 0.000000000000000000e+00
7.840000000000000000e+05 1.959953482036023154e-01 9.922621756941284177e-02 7.312243969048702885e-01 1.662494310423304478e-01 3.299954483386436255e-03 0.000000000000000000e+00
7.880000000000000000e+05 1.969953244699471639e-01 1.033227127901684139e-01 7.248520710059171979e-01 1.693218024578971304e-01 2.503413746017296455e-03 0.000000000000000000e+00
7.920000000000000000e+05 1.979953007362920125e-01 1.029813381884387841e-01 7.251934456076467583e-01 1.689804278561675144e-01 2.844788347746927612e-03 0.000000000000000000e+00
7.960000000000000000e+05 1.989952770026368611e-01 1.019572143832498806e-01 7.280382339553936877e-01 1.663632225762403383e-01 3.641329085116067413e-03 0.000000000000000000e+00
8.000000000000000000e+05 1.999952532689819318e-01 1.011606736458807443e-01 7.263313609467455523e-01 1.676149294492489672e-01 4.893035958124715423e-03 0.000000000000000000e+00
8.040000000000000000e+05 2.009952295353267804e-01 1.011606736458807443e-01 7.297451069640418231e-01 1.659080564406008318e-01 3.186162949476558769e-03 0.000000000000000000e+00
8.080000000000000000e+05 2.019952058016716290e-01 1.022985889849795244e-01 7.314519799726900695e-01 1.640873918980427781e-01 2.162039144287664864e-03 0.000000000000000000e+00
8.120000000000000000e+05 2.029951820680164776e-01 1.027537551206190308e-01 7.307692307692307265e-01 1.638598088302230249e-01 2.617205279927173507e-03 0.000000000000000000e+00
8.160000000000000000e+05 2.039951583343615482e-01 1.030951297223486607e-01 7.281520254893035782e-01 1.651115157032316816e-01 3.641329085116067413e-03 0.000000000000000000e+00
8.200000000000000000e+05 2.049951346007063968e-01 1.043468365953573035e-01 7.279244424214837972e-01 1.651115157032316816e-01 2.617205279927173507e-03 0.000000000000000000e+00
8.240000000000000000e+05 2.059951108670512454e-01 1.040054619936276736e-01 7.283796085571233592e-01 1.642011834319526686e-01 3.413746017296313308e-03 0.000000000000000000e+00
8.280000000000000000e+05 2.069950871333963160e-01 1.041192535275375503e-01 7.269003186162948937e-01 1.660218479745106945e-01 2.958579881656804664e-03 0.000000000000000000e+00
8.320000000000000000e+05 2.079950633997411646e-01 1.025261720527992776e-01 7.264451524806554428e-01 1.675011379153391045e-01 3.527537551206190360e-03 0.000000000000000000e+00
8.360000000000000000e+05 2.089950396660860132e-01 1.063950842057350965e-01 7.250796540737368678e-01 1.649977241693217911e-01 3.527537551206190360e-03 0.000000000000000000e+00
8.400000000000000000e+05 2.099950159324308618e-01 1.035502958579881672e-01 7.284934000910332497e-01 1.655666818388711881e-01 2.389622212107419402e-03 0.000000000000000000e+00
8.440000000000000000e+05 2.109949921987759325e-01 1.013882567137004975e-01 7.280382339553936877e-01 1.670459717796995980e-01 3.527537551206190360e-03 0.000000000000000000e+00
8.480000000000000000e+05 2.119949684651207811e-01 1.037778789258079204e-01 7.270141101502047842e-01 1.663632225762403383e-01 2.844788347746927612e-03 0.000000000000000000e+00
8.520000000000000000e+05 2.129949447314656297e-01 1.024123805188894010e-01 7.267865270823851143e-01 1.675011379153391045e-01 3.299954483386436255e-03 0.000000000000000000e+00
8.560000000000000000e+05 2.139949209978104783e-01 1.051433773327264398e-01 7.246244879380974169e-01 1.678425125170687204e-01 2.389622212107419402e-03 0.000000000000000000e+00
8.600000000000000000e+05 2.149948972641555489e-01 1.053709604005461931e-01 7.250796540737368678e-01 1.668183887118798447e-01 2.730996813837050560e-03 0.000000000000000000e+00
8.640000000000000000e+05 2.159948735305003975e-01 1.046882111970869333e-01 7.224624487938097195e-01 1.694355939918070209e-01 3.413746017296313308e-03 0.000000000000000000e+00
8.680000000000000000e+05 2.169948497968452461e-01 1.044606281292671801e-01 7.233727810650887324e-01 1.676149294492489672e-01 4.551661356395083832e-03 0.000000000000000000e+00
8.720000000000000000e+05 2.179948260631903167e-01 1.095812471552116557e-01 7.214383249886208160e-01 1.656804733727810786e-01 3.299954483386436255e-03 0.000000000000000000e+00
8.760000000000000000e+05 2.189948023295351653e-01 1.184569868001820597e-01 7.019799726900318726e-01 1.769458352298589054e-01 2.617205279927173507e-03 0.000000000000000000e+00
8.800000000000000000e+05 2.199947785958800139e-01 1.169776968593536637e-01 7.008420573509330787e-01 1.785389167045971781e-01 3.641329085116067413e-03 0.000000000000000000e+00
8.840000000000000000e+05 2.209947548622248625e-01 1.170914883932635403e-01 6.943559399180700975e-01 1.866181156121984597e-01 1.934456076467910759e-03 0.000000000000000000e+00
8.880000000000000000e+05 2.219947311285699332e-01 1.193673190714610866e-01 6.945835229858898785e-01 1.827492034592626269e-01 3.299954483386436255e-03 0.000000000000000000e+00
8.920000000000000000e+05 2.229947073949147818e-01 1.189121529358215801e-01 6.946973145197997690e-01 1.830905780609922706e-01 3.299954483386436255e-03 0.000000000000000000e+00
8.960000000000000000e+05 2.239946836612596304e-01 1.187983614019117035e-01 6.964041875284479044e-01 1.819526627218935044e-01 2.844788347746927612e-03 0.000000000000000000e+00
9.000000000000000000e+05 2.249946599276047010e-01 1.220983158852981393e-01 6.849112426035502965e-01 1.888939462903959920e-01 4.096495220755575623e-03 0.000000000000000000e+00
9.040000000000000000e+05 2.259946361939495496e-01 1.251706873008648080e-01 6.840009103322712836e-01 1.878698224852070886e-01 2.958579881656804664e-03 0.000000000000000000e+00
9.080000000000000000e+05 2.269946124602943982e-01 1.281292671825216278e-01 6.862767410104688715e-01 1.828629949931725174e-01 2.730996813837050560e-03 0.000000000000000000e+00
