# itime ezz other fcc hcp bcc ico
0.000000000000000000e+00 0.000000000000000000e+00 0.000000000000000000e+00 1.000000000000000000e+00 0.000000000000000000e+00 0.000000000000000000e+00 0.000000000000000000e+00
4.000000000000000000e+03 1.000056994515441389e-03 0.000000000000000000e+00 1.000000000000000000e+00 0.000000000000000000e+00 0.000000000000000000e+00 0.000000000000000000e+00
8.000000000000000000e+03 2.000113989030882777e-03 0.000000000000000000e+00 1.000000000000000000e+00 0.000000000000000000e+00 0.000000000000000000e+00 0.000000000000000000e+00
1.200000000000000000e+04 3.000170983546102121e-03 0.000000000000000000e+00 1.000000000000000000e+00 0.000000000000000000e+00 0.000000000000000000e+00 0.000000000000000000e+00
1.600000000000000000e+04 4.000227978061543510e-03 0.000000000000000000e+00 1.000000000000000000e+00 0.000000000000000000e+00 0.000000000000000000e+00 0.000000000000000000e+00
2.000000000000000000e+04 5.000284972576984899e-03 0.000000000000000000e+00 1.000000000000000000e+00 0.000000000000000000e+00 0.000000000000000000e+00 0.000000000000000000e+00
2.400000000000000000e+04 6.000341967092426287e-03 0.000000000000000000e+00 1.000000000000000000e+00 0.000000000000000000e+00 0.000000000000000000e+00 0.000000000000000000e+00
2.800000000000000000e+04 7.000398961607867676e-03 0.000000000000000000e+00 1.000000000000000000e+00 0.000000000000000000e+00 0.000000000000000000e+00 0.000000000000000000e+00
3.200000000000000000e+04 8.000455956123087020e-03 0.000000000000000000e+00 1.000000000000000000e+00 0.000000000000000000e+00 0.000000000000000000e+00 0.000000000000000000e+00
3.600000000000000000e+04 9.000512950638528409e-03 0.000000000000000000e+00 1.000000000000000000e+00 0.000000000000000000e+00 0.000000000000000000e+00 0.000000000000000000e+00
4.000000000000000000e+04 1.000056994515396980e-02 0.000000000000000000e+00 1.000000000000000000e+00 0.000000000000000000e+00 0.000000000000000000e+00 0.000000000000000000e+00
4.400000000000000000e+04 1.100062693966941119e-02 0.000000000000000000e+00 1.000000000000000000e+00 0.000000000000000000e+00 0.000000000000000000e+00 0.000000000000000000e+00
4.800000000000000000e+04 1.200068393418463053e-02 0.000000000000000000e+00 1.000000000000000000e+00 0.000000000000000000e+00 0.000000000000000000e+00 0.000000000000000000e+00
5.200000000000000000e+04 1.300074092870007192e-02 0.000000000000000000e+00 1.000000000000000000e+00 0.000000000000000000e+00 0.000000000000000000e+00 0.000000000000000000e+00
5.600000000000000000e+04 1.400079792321551331e-02 0.000000000000000000e+00 1.000000000000000000e+00 0.000000000000000000e+00 0.000000000000000000e+00 0.000000000000000000e+00
6.000000000000000000e+04 1.500085491773095470e-02 0.000000000000000000e+00 1.000000000000000000e+00 0.000000000000000000e+00 0.000000000000000000e+00 0.000000000000000000e+00
6.400000000000000000e+04 1.600091191224639608e-02 0.000000000000000000e+00 1.000000000000000000e+00 0.000000000000000000e+00 0.000000000000000000e+00 0.000000000000000000e+00
6.800000000000000000e+04 1.700096890676161543e-02 0.000000000000000000e+00 1.000000000000000000e+00 0.000000000000000000e+00 0.000000000000000000e+00 0.000000000000000000e+00
7.200000000000000000e+04 1.800102590127705682e-02 0.000000000000000000e+00 1.000000000000000000e+00 0.000000000000000000e+00 0.000000000000000000e+00 0.000000000000000000e+00
7.600000000000000000e+04 1.900108289579249821e-02 0.000000000000000000e+00 1.000000000000000000e+00 0.000000000000000000e+00 0.000000000000000000e+00 0.000000000000000000e+00
8.000000000000000000e+04 2.000113989030793960e-02 0.000000000000000000e+00 1.000000000000000000e+00 0.000000000000000000e+00 0.000000000000000000e+00 0.000000000000000000e+00
8.400000000000000000e+04 2.100119688482338098e-02 0.000000000000000000e+00 1.000000000000000000e+00 0.000000000000000000e+00 0.000000000000000000e+00 0.000000000000000000e+00
8.800000000000000000e+04 2.200125387933860033e-02 0.000000000000000000e+00 1.000000000000000000e+00 0.000000000000000000e+00 0.000000000000000000e+00 0.000000000000000000e+00
9.200000000000000000e+04 2.300131087385404172e-02 0.000000000000000000e+00 1.000000000000000000e+00 0.000000000000000000e+00 0.000000000000000000e+00 0.000000000000000000e+00
9.600000000000000000e+04 2.400136786836948311e-02 0.000000000000000000e+00 1.000000000000000000e+00 0.000000000000000000e+00 0.000000000000000000e+00 0.000000000000000000e+00
1.000000000000000000e+05 2.500142486288492449e-02 0.000000000000000000e+00 1.000000000000000000e+00 0.000000000000000000e+00 0.000000000000000000e+00 0.000000000000000000e+00
1.040000000000000000e+05 2.600148185740014384e-02 0.000000000000000000e+00 1.000000000000000000e+00 0.000000000000000000e+00 0.000000000000000000e+00 0.000000000000000000e+00
1.080000000000000000e+05 2.700153885191558523e-02 0.000000000000000000e+00 1.000000000000000000e+00 0.000000000000000000e+00 0.000000000000000000e+00 0.000000000000000000e+00
1.120000000000000000e+05 2.800159584643102662e-02 0.000000000000000000e+00 1.000000000000000000e+00 0.000000000000000000e+00 0.000000000000000000e+00 0.000000000000000000e+00
1.160000000000000000e+05 2.900165284094646800e-02 0.000000000000000000e+00 1.000000000000000000e+00 0.000000000000000000e+00 0.000000000000000000e+00 0.000000000000000000e+00
1.200000000000000000e+05 3.000170983546190939e-02 0.000000000000000000e+00 1.000000000000000000e+00 0.000000000000000000e+00 0.000000000000000000e+00 0.000000000000000000e+00
1.240000000000000000e+05 3.100176682997712874e-02 0.000000000000000000e+00 1.000000000000000000e+00 0.000000000000000000e+00 0.000000000000000000e+00 0.000000000000000000e+00
1.280000000000000000e+05 3.200182382449257013e-02 0.000000000000000000e+00 1.000000000000000000e+00 0.000000000000000000e+00 0.000000000000000000e+00 0.000000000000000000e+00
1.320000000000000000e+05 3.300188081900801151e-02 0.000000000000000000e+00 1.000000000000000000e+00 0.000000000000000000e+00 0.000000000000000000e+00 0.000000000000000000e+00
1.360000000000000000e+05 3.400193781352345290e-02 0.000000000000000000e+00 1.000000000000000000e+00 0.000000000000000000e+00 0.000000000000000000e+00 0.000000000000000000e+00
1.400000000000000000e+05 3.500199480803889429e-02 0.000000000000000000e+00 1.000000000000000000e+00 0.000000000000000000e+00 0.000000000000000000e+00 0.000000000000000000e+00
1.440000000000000000e+05 3.600205180255411364e-02 0.000000000000000000e+00 1.000000000000000000e+00 0.000000000000000000e+00 0.000000000000000000e+00 0.000000000000000000e+00
1.480000000000000000e+05 3.700210879706955502e-02 0.000000000000000000e+00 1.000000000000000000e+00 0.000000000000000000e+00 0.000000000000000000e+00 0.000000000000000000e+00
1.520000000000000000e+05 3.800216579158499641e-02 0.000000000000000000e+00 1.000000000000000000e+00 0.000000000000000000e+00 0.000000000000000000e+00 0.000000000000000000e+00
1.560000000000000000e+05 3.900222278610043780e-02 0.000000000000000000e+00 1.000000000000000000e+00 0.000000000000000000e+00 0.000000000000000000e+00 0.000000000000000000e+00
1.600000000000000000e+05 4.000227978061587919e-02 0.000000000000000000e+00 1.000000000000000000e+00 0.000000000000000000e+00 0.000000000000000000e+00 0.000000000000000000e+00
1.640000000000000000e+05 4.100233677513109853e-02 0.000000000000000000e+00 1.000000000000000000e+00 0.000000000000000000e+00 0.000000000000000000e+00 0.000000000000000000e+00
1.680000000000000000e+05 4.200239376964653992e-02 0.000000000000000000e+00 1.000000000000000000e+00 0.000000000000000000e+00 0.000000000000000000e+00 0.000000000000000000e+00
1.720000000000000000e+05 4.300245076416198131e-02 0.000000000000000000e+00 1.000000000000000000e+00 0.000000000000000000e+00 0.000000000000000000e+00 0.000000000000000000e+00
1.760000000000000000e+05 4.400250775867742270e-02 0.000000000000000000e+00 1.000000000000000000e+00 0.000000000000000000e+00 0.000000000000000000e+00 0.000000000000000000e+00
1.800000000000000000e+05 4.500256475319264204e-02 0.000000000000000000e+00 1.000000000000000000e+00 0.000000000000000000e+00 0.000000000000000000e+00 0.000000000000000000e+00
1.840000000000000000e+05 4.600262174770808343e-02 0.000000000000000000e+00 1.000000000000000000e+00 0.000000000000000000e+00 0.000000000000000000e+00 0.000000000000000000e+00
1.880000000000000000e+05 4.700267874222352482e-02 0.000000000000000000e+00 1.000000000000000000e+00 0.000000000000000000e+00 0.000000000000000000e+00 0.000000000000000000e+00
1.920000000000000000e+05 4.800273573673896621e-02 0.000000000000000000e+00 1.000000000000000000e+00 0.000000000000000000e+00 0.000000000000000000e+00 0.000000000000000000e+00
1.960000000000000000e+05 4.900279273125440760e-02 0.000000000000000000e+00 1.000000000000000000e+00 0.000000000000000000e+00 0.000000000000000000e+00 0.000000000000000000e+00
2.000000000000000000e+05 5.000284972576962694e-02 0.000000000000000000e+00 1.000000000000000000e+00 0.000000000000000000e+00 0.000000000000000000e+00 0.000000000000000000e+00
2.040000000000000000e+05 5.100290672028506833e-02 0.000000000000000000e+00 1.000000000000000000e+00 0.000000000000000000e+00 0.000000000000000000e+00 0.000000000000000000e+00
2.080000000000000000e+05 5.200296371480050972e-02 0.000000000000000000e+00 1.000000000000000000e+00 0.000000000000000000e+00 0.000000000000000000e+00 0.000000000000000000e+00
2.120000000000000000e+05 5.300302070931595111e-02 0.000000000000000000e+00 1.000000000000000000e+00 0.000000000000000000e+00 0.000000000000000000e+00 0.000000000000000000e+00
2.160000000000000000e+05 5.400307770383139250e-02 0.000000000000000000e+00 1.000000000000000000e+00 0.000000000000000000e+00 0.000000000000000000e+00 0.000000000000000000e+00
2.200000000000000000e+05 5.500313469834661184e-02 0.000000000000000000e+00 1.000000000000000000e+00 0.000000000000000000e+00 0.000000000000000000e+00 0.000000000000000000e+00
2.240000000000000000e+05 5.600319169286205323e-02 0.000000000000000000e+00 1.000000000000000000e+00 0.000000000000000000e+00 0.000000000000000000e+00 0.000000000000000000e+00
2.280000000000000000e+05 5.700324868737749462e-02 0.000000000000000000e+00 1.000000000000000000e+00 0.000000000000000000e+00 0.000000000000000000e+00 0.000000000000000000e+00
2.320000000000000000e+05 5.800330568189293601e-02 0.000000000000000000e+00 1.000000000000000000e+00 0.000000000000000000e+00 0.000000000000000000e+00 0.000000000000000000e+00
2.360000000000000000e+05 5.900336267640837740e-02 0.000000000000000000e+00 1.000000000000000000e+00 0.000000000000000000e+00 0.000000000000000000e+00 0.000000000000000000e+00
2.400000000000000000e+05 6.000341967092359674e-02 0.000000000000000000e+00 1.000000000000000000e+00 0.000000000000000000e+00 0.000000000000000000e+00 0.000000000000000000e+00
2.440000000000000000e+05 6.100347666543903813e-02 0.000000000000000000e+00 1.000000000000000000e+00 0.000000000000000000e+00 0.000000000000000000e+00 0.000000000000000000e+00
2.480000000000000000e+05 6.200353365995447952e-02 0.000000000000000000e+00 1.000000000000000000e+00 0.000000000000000000e+00 0.000000000000000000e+00 0.000000000000000000e+00
2.520000000000000000e+05 6.300359065446992091e-02 0.000000000000000000e+00 1.000000000000000000e+00 0.000000000000000000e+00 0.000000000000000000e+00 0.000000000000000000e+00
2.560000000000000000e+05 6.400364764898514025e-02 0.000000000000000000e+00 1.000000000000000000e+00 0.000000000000000000e+00 0.000000000000000000e+00 0.000000000000000000e+00
2.600000000000000000e+05 6.500370464350058164e-02 0.000000000000000000e+00 1.000000000000000000e+00 0.000000000000000000e+00 0.000000000000000000e+00 0.000000000000000000e+00
2.640000000000000000e+05 6.600376163801602303e-02 3.413746017296313199e-04 9.996586253982703285e-01 0.000000000000000000e+00 0.000000000000000000e+00 0.000000000000000000e+00
2.680000000000000000e+05 6.700381863253146442e-02 0.000000000000000000e+00 1.000000000000000000e+00 0.000000000000000000e+00 0.000000000000000000e+00 0.000000000000000000e+00
2.720000000000000000e+05 6.800387562704690581e-02 0.000000000000000000e+00 1.000000000000000000e+00 0.000000000000000000e+00 0.000000000000000000e+00 0.000000000000000000e+00
2.760000000000000000e+05 6.900393262156212515e-02 0.000000000000000000e+00 1.000000000000000000e+00 0.000000000000000000e+00 0.000000000000000000e+00 0.000000000000000000e+00
2.800000000000000000e+05 7.000398961607756654e-02 0.000000000000000000e+00 1.000000000000000000e+00 0.000000000000000000e+00 0.000000000000000000e+00 0.000000000000000000e+00
2.840000000000000000e+05 7.100404661059300793e-02 1.137915339098771066e-04 9.998862084660901095e-01 0.000000000000000000e+00 0.000000000000000000e+00 0.000000000000000000e+00
2.880000000000000000e+05 7.200410360510844932e-02 2.275830678197542133e-04 9.997724169321802190e-01 0.000000000000000000e+00 0.000000000000000000e+00 0.000000000000000000e+00
2.920000000000000000e+05 7.300416059962389070e-02 0.000000000000000000e+00 1.000000000000000000e+00 0.000000000000000000e+00 0.000000000000000000e+00 0.000000000000000000e+00
2.960000000000000000e+05 7.400421759413911005e-02 7.965407373691396923e-04 9.992034592626308775e-01 0.000000000000000000e+00 0.000000000000000000e+00 0.000000000000000000e+00
3.000000000000000000e+05 7.500427458865455144e-02 3.413746017296313199e-04 9.996586253982703285e-01 0.000000000000000000e+00 0.000000000000000000e+00 0.000000000000000000e+00
3.040000000000000000e+05 7.600433158316999283e-02 1.137915339098771066e-04 9.998862084660901095e-01 0.000000000000000000e+00 0.000000000000000000e+00 0.000000000000000000e+00
3.080000000000000000e+05 7.700438857768543421e-02 2.275830678197542133e-04 9.997724169321802190e-01 0.000000000000000000e+00 0.000000000000000000e+00 0.000000000000000000e+00
3.120000000000000000e+05 7.800444557220065356e-02 0.000000000000000000e+00 1.000000000000000000e+00 0.000000000000000000e+00 0.000000000000000000e+00 0.000000000000000000e+00
3.160000000000000000e+05 7.900450256671609495e-02 4.551661356395084266e-04 9.995448338643604380e-01 0.000000000000000000e+00 0.000000000000000000e+00 0.000000000000000000e+00
3.200000000000000000e+05 8.000455956123153634e-02 2.275830678197542133e-04 9.997724169321802190e-01 0.000000000000000000e+00 0.000000000000000000e+00 0.000000000000000000e+00
3.240000000000000000e+05 8.100461655574697772e-02 4.551661356395084266e-04 9.995448338643604380e-01 0.000000000000000000e+00 0.000000000000000000e+00 0.000000000000000000e+00
3.280000000000000000e+05 8.200467355026241911e-02 6.827492034592626399e-04 9.993172507965407680e-01 0.000000000000000000e+00 0.000000000000000000e+00 0.000000000000000000e+00
3.320000000000000000e+05 8.300473054477763846e-02 4.551661356395084266e-04 9.995448338643604380e-01 0.000000000000000000e+00 0.000000000000000000e+00 0.000000000000000000e+00
3.360000000000000000e+05 8.400478753929307985e-02 6.827492034592626399e-04 9.992034592626308775e-01 0.000000000000000000e+00 1.137915339098771066e-04 0.000000000000000000e+00
3.400000000000000000e+05 8.500484453380852123e-02 1.024123805188893906e-03 9.989758761948110966e-01 0.000000000000000000e+00 0.000000000000000000e+00 0.000000000000000000e+00
3.440000000000000000e+05 8.600490152832396262e-02 6.827492034592626399e-04 9.992034592626308775e-01 0.000000000000000000e+00 1.137915339098771066e-04 0.000000000000000000e+00
3.480000000000000000e+05 8.700495852283940401e-02 9.103322712790168532e-04 9.990896677287209870e-01 0.000000000000000000e+00 0.000000000000000000e+00 0.000000000000000000e+00
3.520000000000000000e+05 8.800501551735462336e-02 1.024123805188893906e-03 9.989758761948110966e-01 0.000000000000000000e+00 0.000000000000000000e+00 0.000000000000000000e+00
3.560000000000000000e+05 8.900507251187006474e-02 6.827492034592626399e-04 9.992034592626308775e-01 0.000000000000000000e+00 1.137915339098771066e-04 0.000000000000000000e+00
3.600000000000000000e+05 9.000512950638550613e-02 1.024123805188893906e-03 9.989758761948110966e-01 0.000000000000000000e+00 0.000000000000000000e+00 0.000000000000000000e+00
3.640000000000000000e+05 9.100518650090094752e-02 9.103322712790168532e-04 9.989758761948110966e-01 0.000000000000000000e+00 1.137915339098771066e-04 0.000000000000000000e+00
3.680000000000000000e+05 9.200524349541638891e-02 1.820664542558033706e-03 9.981793354574419741e-01 0.000000000000000000e+00 0.000000000000000000e+00 0.000000000000000000e+00
3.720000000000000000e+05 9.300530048993160825e-02 1.365498406918525280e-03 9.985207100591716456e-01 0.000000000000000000e+00 1.137915339098771066e-04 0.000000000000000000e+00
3.760000000000000000e+05 9.400535748444704964e-02 1.024123805188893906e-03 9.987482931269913156e-01 0.000000000000000000e+00 2.275830678197542133e-04 0.000000000000000000e+00
3.800000000000000000e+05 9.500541447896249103e-02 1.251706873008648227e-03 9.987482931269913156e-01 0.000000000000000000e+00 0.000000000000000000e+00 0.000000000000000000e+00
3.840000000000000000e+05 9.600547147347793242e-02 1.479289940828402332e-03 9.984069185252617551e-01 0.000000000000000000e+00 1.137915339098771066e-04 0.000000000000000000e+00
3.880000000000000000e+05 9.700552846799315176e-02 3.072371415566681717e-03 9.968138370505233992e-01 0.000000000000000000e+00 1.137915339098771066e-04 0.000000000000000000e+00
3.920000000000000000e+05 9.800558546250859315e-02 3.755120619025944465e-03 9.961310878470641672e-01 0.000000000000000000e+00 1.137915339098771066e-04 0.000000000000000000e+00
3.960000000000000000e+05 9.900564245702403454e-02 3.413746017296313308e-03 9.963586709148839482e-01 0.000000000000000000e+00 2.275830678197542133e-04 0.000000000000000000e+00
4.000000000000000000e+05 1.000056994515394759e-01 1.820664542558033706e-03 9.981793354574419741e-01 0.000000000000000000e+00 0.000000000000000000e+00 0.000000000000000000e+00
4.040000000000000000e+05 1.010057564460549173e-01 3.186162949476558769e-03 9.967000455166135087e-01 0.000000000000000000e+00 1.137915339098771066e-04 0.000000000000000000e+00
4.080000000000000000e+05 1.020058134405701367e-01 5.575785161583977738e-03 9.938552571688666903e-01 0.000000000000000000e+00 5.689576695493854790e-04 0.000000000000000000e+00
4.120000000000000000e+05 1.030058704350855781e-01 7.396449704142011444e-03 9.920345926263085534e-01 0.000000000000000000e+00 5.689576695493854790e-04 0.000000000000000000e+00
4.160000000000000000e+05 1.040059274296010194e-01 5.461993627674101119e-03 9.941966317705962508e-01 0.000000000000000000e+00 3.413746017296313199e-04 0.000000000000000000e+00
4.200000000000000000e+05 1.050059844241164608e-01 5.917159763313609329e-03 9.923759672280382249e-01 0.000000000000000000e+00 1.706873008648156654e-03 0.000000000000000000e+00
4.240000000000000000e+05 1.060060414186319022e-01 1.137915339098771045e-02 9.874829312699134887e-01 0.000000000000000000e+00 1.137915339098770958e-03 0.000000000000000000e+00
4.280000000000000000e+05 1.070060984131471216e-01 4.050978607191624975e-02 8.203231679563040002e-01 1.378015475648611821e-01 1.365498406918525280e-03 0.000000000000000000e+00
4.320000000000000000e+05 1.080061554076625630e-01 2.298588984979517413e-02 8.304506144742831442e-01 1.462221210741920796e-01 3.413746017296313199e-04 0.000000000000000000e+00
4.360000000000000000e+05 1.090062124021780043e-01 2.401001365498407064e-02 8.301092398725534727e-01 1.454255803368229294e-01 4.551661356395084266e-04 0.000000000000000000e+00
4.400000000000000000e+05 1.100062693966934457e-01 2.401001365498407064e-02 8.298816568047336917e-01 1.456531634046426826e-01 4.551661356395084266e-04 0.000000000000000000e+00
4.440000000000000000e+05 1.110063263912086651e-01 1.649977241693217911e-02 8.347746927628584279e-01 1.480427856167501055e-01 6.827492034592626399e-04 0.000000000000000000e+00
4.480000000000000000e+05 1.120063833857241065e-01 1.809285389167045871e-02 8.335229858898497435e-01 1.479289940828402428e-01 4.551661356395084266e-04 0.000000000000000000e+00
4.520000000000000000e+05 1.130064403802395478e-01 1.786527082385070547e-02 8.335229858898497435e-01 1.481565771506599960e-01 4.551661356395084266e-04 0.000000000000000000e+00
4.560000000000000000e+05 1.140064973747549892e-01 1.741010468821119553e-02 8.336367774237596340e-01 1.480427856167501055e-01 9.103322712790168532e-04 0.000000000000000000e+00
4.600000000000000000e+05 1.150065543692704306e-01 1.763768775603095224e-02 8.337505689576695245e-01 1.477014110150204895e-01 9.103322712790168532e-04 0.000000000000000000e+00
4.640000000000000000e+05 1.160066113637856500e-01 1.741010468821119553e-02 8.343195266272189770e-01 1.480427856167501055e-01 2.275830678197542133e-04 0.000000000000000000e+00
4.680000000000000000e+05 1.170066683583010914e-01 1.786527082385070547e-02 8.337505689576695245e-01 1.478152025489303523e-01 5.689576695493854790e-04 0.000000000000000000e+00
4.720000000000000000e+05 1.180067253528165327e-01 1.741010468821119553e-02 8.343195266272189770e-01 1.480427856167501055e-01 2.275830678197542133e-04 0.000000000000000000e+00
4.760000000000000000e+05 1.190067823473319741e-01 1.718252162039144229e-02 8.337505689576695245e-01 1.482703686845698587e-01 7.965407373691396923e-04 0.000000000000000000e+00
4.800000000000000000e+05 1.200068393418474155e-01 1.752389622212107562e-02 8.340919435593991960e-01 1.480427856167501055e-01 3.413746017296313199e-04 0.000000000000000000e+00
4.840000000000000000e+05 1.210068963363626349e-01 1.763768775603095224e-02 8.337505689576695245e-01 1.480427856167501055e-01 5.689576695493854790e-04 0.000000000000000000e+00
4.880000000000000000e+05 1.220069533308780763e-01 1.786527082385070547e-02 8.339781520254893055e-01 1.477014110150204895e-01 4.551661356395084266e-04 0.000000000000000000e+00
4.920000000000000000e+05 1.230070103253935176e-01 1.820664542558033533e-02 8.331816112881201830e-01 1.477014110150204895e-01 9.103322712790168532e-04 0.000000000000000000e+00
4.960000000000000000e+05 1.240070673199089590e-01 1.854802002730996865e-02 8.335229858898497435e-01 1.474738279472007363e-01 4.551661356395084266e-04 0.000000000000000000e+00
5.000000000000000000e+05 1.250071243144244004e-01 1.900318616294947513e-02 8.328402366863905115e-01 1.477014110150204895e-01 4.551661356395084266e-04 0.000000000000000000e+00
5.040000000000000000e+05 1.260071813089396198e-01 1.866181156121984527e-02 8.335229858898497435e-01 1.473600364132908458e-01 4.551661356395084266e-04 0.000000000000000000e+00
5.080000000000000000e+05 1.270072383034550612e-01 1.843422849340009204e-02 8.334091943559399640e-01 1.473600364132908458e-01 7.965407373691396923e-04 0.000000000000000000e+00
5.120000000000000000e+05 1.280072952979705025e-01 1.832043695949021542e-02 8.335229858898497435e-01 1.475876194811105990e-01 5.689576695493854790e-04 0.000000000000000000e+00
5.160000000000000000e+05 1.290073522924859439e-01 1.786527082385070547e-02 8.338643604915794150e-01 1.474738279472007363e-01 7.965407373691396923e-04 0.000000000000000000e+00
5.200000000000000000e+05 1.300074092870011633e-01 1.923076923076923184e-02 8.330678197542102925e-01 1.473600364132908458e-01 3.413746017296313199e-04 0.000000000000000000e+00
5.240000000000000000e+05 1.310074662815166047e-01 2.014110150204824826e-02 8.322712790168411701e-01 1.472462448793809831e-01 3.413746017296313199e-04 0.000000000000000000e+00
5.280000000000000000e+05 1.320075232760320461e-01 1.832043695949021542e-02 8.340919435593991960e-01 1.471324533454710926e-01 4.551661356395084266e-04 0.000000000000000000e+00
5.320000000000000000e+05 1.330075802705474874e-01 1.866181156121984527e-02 8.337505689576695245e-01 1.471324533454710926e-01 4.551661356395084266e-04 0.000000000000000000e+00
5.360000000000000000e+05 1.340076372650629288e-01 1.866181156121984527e-02 8.336367774237596340e-01 1.472462448793809831e-01 4.551661356395084266e-04 0.000000000000000000e+00
5.400000000000000000e+05 1.350076942595781482e-01 1.741010468821119553e-02 8.343195266272189770e-01 1.473600364132908458e-01 9.103322712790168532e-04 0.000000000000000000e+00
5.440000000000000000e+05 1.360077512540935896e-01 1.957214383249886169e-02 8.328402366863905115e-01 1.470186618115612298e-01 5.689576695493854790e-04 0.000000000000000000e+00
5.480000000000000000e+05 1.370078082486090310e-01 1.957214383249886169e-02 8.332954028220300735e-01 1.466772872098315861e-01 4.551661356395084266e-04 0.000000000000000000e+00
5.520000000000000000e+05 1.380078652431244723e-01 4.005461993627674328e-02 7.699135184342285054e-01 1.878698224852070886e-01 2.162039144287664864e-03 0.000000000000000000e+00
5.560000000000000000e+05 1.390079222376399137e-01 3.766499772416932040e-02 7.724169321802457633e-01 1.865043240782885692e-01 3.413746017296313308e-03 0.000000000000000000e+00
5.600000000000000000e+05 1.400079792321551331e-01 3.709604005461993731e-02 7.720755575785162028e-01 1.875284478834774726e-01 3.299954483386436255e-03 0.000000000000000000e+00
5.640000000000000000e+05 1.410080362266705745e-01 3.823395539371871044e-02 7.707100591715976279e-01 1.875284478834774726e-01 3.527537551206190360e-03 0.000000000000000000e+00
5.680000000000000000e+05 1.420080932211860159e-01 3.800637232589895026e-02 7.712790168411469693e-01 1.873008648156577194e-01 3.413746017296313308e-03 0.000000000000000000e+00
5.720000000000000000e+05 1.430081502157014572e-01 3.971324533454710648e-02 7.696859353664087244e-01 1.873008648156577194e-01 3.299954483386436255e-03 0.000000000000000000e+00
5.760000000000000000e+05 1.440082072102166766e-01 3.959945380063722986e-02 7.688893946290396020e-01 1.891215293582157453e-01 2.389622212107419402e-03 0.000000000000000000e+00
5.800000000000000000e+05 1.450082642047321180e-01 3.914428766499772339e-02 7.680928538916704795e-01 1.894629039599453890e-01 3.299954483386436255e-03 0.000000000000000000e+00
5.840000000000000000e+05 1.460083211992475594e-01 3.834774692762858705e-02 7.692307692307692735e-01 1.885525716886663761e-01 3.868912152935821518e-03 0.000000000000000000e+00
5.880000000000000000e+05 1.470083781937630008e-01 4.050978607191624975e-02 7.674101046882112476e-01 1.884387801547564856e-01 3.641329085116067413e-03 0.000000000000000000e+00
5.920000000000000000e+05 1.480084351882784421e-01 4.289940828402366568e-02 7.654756486117433312e-01 1.877560309512972259e-01 3.868912152935821518e-03 0.000000000000000000e+00
5.960000000000000000e+05 1.490084921827936615e-01 4.654073736913973830e-02 7.712790168411469693e-01 1.768320436959490149e-01 5.348202093764223633e-03 0.000000000000000000e+00
6.000000000000000000e+05 1.500085491773091029e-01 5.268548020027309653e-02 7.446517979062358128e-01 1.975421028675466428e-01 5.120619025944469528e-03 0.000000000000000000e+00
6.040000000000000000e+05 1.510086061718245443e-01 5.587164314974965573e-02 7.440828402366863603e-01 1.964041875284478766e-01 3.641329085116067413e-03 0.000000000000000000e+00
6.080000000000000000e+05 1.520086631663399857e-01 5.302685480200273332e-02 7.487482931269913156e-01 1.952662721893491105e-01 2.958579881656804664e-03 0.000000000000000000e+00
6.120000000000000000e+05 1.530087201608554270e-01 4.733727810650887463e-02 7.803823395539372099e-01 1.708010923987255403e-01 1.479289940828402332e-03 0.000000000000000000e+00
6.160000000000000000e+05 1.540087771553706464e-01 4.540282203004096517e-02 7.845926263086026031e-01 1.686390532544378706e-01 1.365498406918525280e-03 0.000000000000000000e+00
6.200000000000000000e+05 1.550088341498860878e-01 4.699590350477924477e-02 7.859581247155211781e-01 1.648839326354119283e-01 2.162039144287664864e-03 0.000000000000000000e+00
6.240000000000000000e+05 1.560088911444015292e-01 4.676832043695949154e-02 7.850477924442421651e-01 1.664770141101502010e-01 1.706873008648156654e-03 0.000000000000000000e+00
6.280000000000000000e+05 1.570089481389169705e-01 4.665452890304961492e-02 7.851615839781520556e-01 1.670459717796995980e-01 1.137915339098770958e-03 0.000000000000000000e+00
6.320000000000000000e+05 1.580090051334324119e-01 4.585798816568047165e-02 7.872098315885298625e-01 1.653390987710514348e-01 1.593081474738279385e-03 0.000000000000000000e+00
6.360000000000000000e+05 1.590090621279476313e-01 4.608557123350022489e-02 7.873236231224396420e-01 1.647701411015020379e-01 1.820664542558033706e-03 0.000000000000000000e+00
6.400000000000000000e+05 1.600091191224630727e-01 4.676832043695949154e-02 7.883477469276285454e-01 1.635184342284934089e-01 1.365498406918525280e-03 0.000000000000000000e+00
6.440000000000000000e+05 1.610091761169785141e-01 4.665452890304961492e-02 7.858443331816112876e-01 1.661356395084205850e-01 1.365498406918525280e-03 0.000000000000000000e+00
6.480000000000000000e+05 1.620092331114939554e-01 4.631315430131998506e-02 7.868684569868001910e-01 1.649977241693217911e-01 1.820664542558033706e-03 0.000000000000000000e+00
6.520000000000000000e+05 1.630092901060091748e-01 4.699590350477924477e-02 7.868684569868001910e-01 1.647701411015020379e-01 1.365498406918525280e-03 0.000000000000000000e+00
6.560000000000000000e+05 1.640093471005246162e-01 4.688211197086936816e-02 7.859581247155211781e-01 1.647701411015020379e-01 2.389622212107419402e-03 0.000000000000000000e+00
6.600000000000000000e+05 1.650094040950400576e-01 4.881656804733727761e-02 7.820892125625853453e-01 1.673873463814292140e-01 1.706873008648156654e-03 0.000000000000000000e+00
6.640000000000000000e+05 1.660094610895554990e-01 4.665452890304961492e-02 7.864132908511606290e-01 1.647701411015020379e-01 2.162039144287664864e-03 0.000000000000000000e+00
6.680000000000000000e+05 1.670095180840709403e-01 4.654073736913973830e-02 7.866408739189804100e-01 1.649977241693217911e-01 1.820664542558033706e-03 0.000000000000000000e+00
6.720000000000000000e+05 1.680095750785861597e-01 4.847519344560764776e-02 7.840236686390532617e-01 1.660218479745106945e-01 1.479289940828402332e-03 0.000000000000000000e+00
6.760000000000000000e+05 1.690096320731016011e-01 4.813381884387801790e-02 7.826581702321346867e-01 1.670459717796995980e-01 2.162039144287664864e-03 0.000000000000000000e+00
6.800000000000000000e+05 1.700096890676170425e-01 4.710969503868912139e-02 7.831133363677742487e-01 1.679563040509786109e-01 1.820664542558033706e-03 0.000000000000000000e+00
6.840000000000000000e+05 1.710097460621324839e-01 4.551661356395084179e-02 7.849340009103322746e-01 1.676149294492489672e-01 1.934456076467910759e-03 0.000000000000000000e+00
6.880000000000000000e+05 1.720098030566479252e-01 4.858898497951752438e-02 7.825443786982249073e-01 1.675011379153391045e-01 1.365498406918525280e-03 0.000000000000000000e+00
6.920000000000000000e+05 1.730098600511631446e-01 4.847519344560764776e-02 7.807237141556667703e-01 1.690942193900773771e-01 1.706873008648156654e-03 0.000000000000000000e+00
6.960000000000000000e+05 1.740099170456785860e-01 4.802002730996814128e-02 7.823167956304051263e-01 1.675011379153391045e-01 2.162039144287664864e-03 0.000000000000000000e+00
7.000000000000000000e+05 1.750099740401940274e-01 4.676832043695949154e-02 7.843650432407829332e-01 1.669321802457897075e-01 1.934456076467910759e-03 0.000000000000000000e+00
7.040000000000000000e+05 1.760100310347094688e-01 4.847519344560764776e-02 7.823167956304051263e-01 1.671597633136094607e-01 2.048247610377787811e-03 0.000000000000000000e+00
7.080000000000000000e+05 1.770100880292249101e-01 4.802002730996814128e-02 7.817478379608556738e-01 1.682976786527082269e-01 1.934456076467910759e-03 0.000000000000000000e+00
7.120000000000000000e+05 1.780101450237401295e-01 4.767865270823850449e-02 7.823167956304051263e-01 1.671597633136094607e-01 2.844788347746927612e-03 0.000000000000000000e+00
7.160000000000000000e+05 1.790102020182555709e-01 4.642694583522986168e-02 7.812926718252162228e-01 1.695493855257168836e-01 2.730996813837050560e-03 0.000000000000000000e+00
7.200000000000000000e+05 1.800102590127710123e-01 4.699590350477924477e-02 7.798133818843877574e-01 1.708010923987255403e-01 2.389622212107419402e-03 0.000000000000000000e+00
7.240000000000000000e+05 1.810103160072864537e-01 4.631315430131998506e-02 7.815202548930360038e-01 1.696631770596267741e-01 2.503413746017296455e-03 0.000000000000000000e+00
7.280000000000000000e+05 1.820103730018016730e-01 4.767865270823850449e-02 7.835685025034136997e-01 1.670459717796995980e-01 1.706873008648156654e-03 0.000000000000000000e+00
7.320000000000000000e+05 1.830104299963171144e-01 4.915794264906690747e-02 7.791306326809285254e-01 1.689804278561675144e-01 2.730996813837050560e-03 0.000000000000000000e+00
7.360000000000000000e+05 1.840104869908325558e-01 4.767865270823850449e-02 7.792444242148384159e-01 1.701183431952662806e-01 2.958579881656804664e-03 0.000000000000000000e+00
7.400000000000000000e+05 1.850105439853479972e-01 4.824761037778789452e-02 7.829995448338643582e-01 1.672735548475193512e-01 1.479289940828402332e-03 0.000000000000000000e+00
7.440000000000000000e+05 1.860106009798634386e-01 4.870277651342740100e-02 7.796995903504779779e-01 1.690942193900773771e-01 2.503413746017296455e-03 0.000000000000000000e+00
7.480000000000000000e+05 1.870106579743786579e-01 4.767865270823850449e-02 7.803823395539372099e-01 1.692080109239872676e-01 2.730996813837050560e-03 0.000000000000000000e+00
7.520000000000000000e+05 1.880107149688940993e-01 4.995448338643605074e-02 7.793582157487483064e-01 1.677287209831588577e-01 2.958579881656804664e-03 0.000000000000000000e+00
7.560000000000000000e+05 1.890107719634095407e-01 4.904415111515703085e-02 7.777651342740100615e-01 1.711424670004551563e-01 2.048247610377787811e-03 0.000000000000000000e+00
7.600000000000000000e+05 1.900108289579249821e-01 4.699590350477924477e-02 7.775375512061902805e-01 1.706873008648156498e-01 4.779244424214838804e-03 0.000000000000000000e+00
7.640000000000000000e+05 1.910108859524404235e-01 5.018206645425580398e-02 7.752617205279926926e-01 1.712562585343650468e-01 3.299954483386436255e-03 0.000000000000000000e+00
7.680000000000000000e+05 1.920109429469556428e-01 4.961310878470642088e-02 7.763996358670914866e-01 1.702321347291761433e-01 3.755120619025944465e-03 0.000000000000000000e+00
7.720000000000000000e+05 1.930109999414710842e-01 4.995448338643605074e-02 7.744651797906235702e-01 1.720527992717341692e-01 3.527537551206190360e-03 0.000000000000000000e+00
7.760000000000000000e+05 1.940110569359865256e-01 5.826126536185707860e-02 7.528447883477469293e-01 1.860491579426490627e-01 2.844788347746927612e-03 0.000000000000000000e+00
7.800000000000000000e+05 1.950111139305019670e-01 6.042330450614474130e-02 7.504551661356395620e-01 1.860491579426490627e-01 3.072371415566681717e-03 0.000000000000000000e+00
7.840000000000000000e+05 1.960111709250171863e-01 6.087847064178425471e-02 7.492034592626308775e-01 1.871870732817478289e-01 2.730996813837050560e-03 0.000000000000000000e+00
7.880000000000000000e+05 1.970112279195326277e-01 6.042330450614474130e-02 7.490896677287209870e-01 1.879836140191169791e-01 2.503413746017296455e-03 0.000000000000000000e+00
7.920000000000000000e+05 1.980112849140480691e-01 7.111970869367319203e-02 7.140418752844788219e-01 2.094902139280837572e-01 5.348202093764223633e-03 0.000000000000000000e+00
7.960000000000000000e+05 1.990113419085635105e-01 7.419208010923987462e-02 7.143832498862084934e-01 2.085798816568047442e-01 2.844788347746927612e-03 0.000000000000000000e+00
8.000000000000000000e+05 2.000113989030789519e-01 7.578516158397814728e-02 7.100591715976330986e-01 2.098315885298133732e-01 4.324078288575329727e-03 0.000000000000000000e+00
8.040000000000000000e+05 2.010114558975941712e-01 7.407828857532999800e-02 7.134729176149294805e-01 2.092626308602640040e-01 3.186162949476558769e-03 0.000000000000000000e+00
8.080000000000000000e+05 2.020115128921096126e-01 7.282658170232134132e-02 7.132453345471096995e-01 2.094902139280837572e-01 4.437869822485207214e-03 0.000000000000000000e+00
8.120000000000000000e+05 2.030115698866250540e-01 7.385070550751024476e-02 7.123350022758306865e-01 2.099453800637232637e-01 3.868912152935821518e-03 0.000000000000000000e+00
8.160000000000000000e+05 2.040116268811404954e-01 7.362312243969049153e-02 7.106281292671825511e-01 2.117660446062812896e-01 3.982703686845699004e-03 0.000000000000000000e+00
8.200000000000000000e+05 2.050116838756559368e-01 7.521620391442876419e-02 7.097177969959035382e-01 2.109695038689121394e-01 4.096495220755575623e-03 0.000000000000000000e+00
8.240000000000000000e+05 2.060117408701711561e-01 7.567137005006827066e-02 7.075557578516158408e-01 2.131315430131998090e-01 3.641329085116067413e-03 0.000000000000000000e+00
8.280000000000000000e+05 2.070117978646865975e-01 7.589895311788802390e-02 7.084660901228948537e-01 2.115384615384615363e-01 4.096495220755575623e-03 0.000000000000000000e+00
8.320000000000000000e+05 2.080118548592020389e-01 7.464724624487938109e-02 7.063040509786071564e-01 2.143832498862084657e-01 4.665452890304961318e-03 0.000000000000000000e+00
8.360000000000000000e+05 2.090119118537174803e-01 7.589895311788802390e-02 7.078971324533455123e-01 2.125625853436504398e-01 3.641329085116067413e-03 0.000000000000000000e+00
8.400000000000000000e+05 2.100119688482329217e-01 7.555757851615839404e-02 7.060764679107874864e-01 2.157487482931269851e-01 2.617205279927173507e-03 0.000000000000000000e+00
8.440000000000000000e+05 2.110120258427481410e-01 7.589895311788802390e-02 7.047109695038689114e-01 2.156349567592171224e-01 3.755120619025944465e-03 0.000000000000000000e+00
8.480000000000000000e+05 2.120120828372635824e-01 7.453345471096950448e-02 7.061902594446972659e-01 2.152935821574874786e-01 3.982703686845699004e-03 0.000000000000000000e+00
8.520000000000000000e+05 2.130121398317790238e-01 7.430587164314975124e-02 7.068730086481566088e-01 2.157487482931269851e-01 3.072371415566681717e-03 0.000000000000000000e+00
8.560000000000000000e+05 2.140121968262944652e-01 7.567137005006827066e-02 7.042558033682293495e-01 2.162039144287664916e-01 3.868912152935821518e-03 0.000000000000000000e+00
8.600000000000000000e+05 2.150122538208096845e-01 7.339553937187073829e-02 7.094902139280837572e-01 2.140418752844788219e-01 3.072371415566681717e-03 0.000000000000000000e+00
8.640000000000000000e+05 2.160123108153251259e-01 7.749203459262631044e-02 7.045971779699590209e-01 2.163177059626763821e-01 1.593081474738279385e-03 0.000000000000000000e+00
8.680000000000000000e+05 2.170123678098405673e-01 7.771961766044606368e-02 7.041420118343195700e-01 2.158625398270368756e-01 2.275830678197541916e-03 0.000000000000000000e+00
8.720000000000000000e+05 2.180124248043560087e-01 7.532999544833864081e-02 7.042558033682293495e-01 2.177969959035047920e-01 2.617205279927173507e-03 0.000000000000000000e+00
8.760000000000000000e+05 2.190124817988714501e-01 7.567137005006827066e-02 7.053937187073281434e-01 2.166590805644059980e-01 2.275830678197541916e-03 0.000000000000000000e+00
8.800000000000000000e+05 2.200125387933866694e-01 7.567137005006827066e-02 7.051661356395084734e-01 2.168866636322257513e-01 2.275830678197541916e-03 0.000000000000000000e+00
8.840000000000000000e+05 2.210125957879021108e-01 7.760582612653618706e-02 7.014110150204825311e-01 2.188211197086936677e-01 2.162039144287664864e-03 0.000000000000000000e+00
8.880000000000000000e+05 2.220126527824175522e-01 7.669549385525717411e-02 7.039144287664997890e-01 2.170004551661356418e-01 2.389622212107419402e-03 0.000000000000000000e+00
8.920000000000000000e+05 2.230127097769329936e-01 7.521620391442876419e-02 7.032316795630405570e-01 2.182521620391442985e-01 3.299954483386436255e-03 0.000000000000000000e+00
8.960000000000000000e+05 2.240127667714484350e-01 7.521620391442876419e-02 7.028903049613108855e-01 2.188211197086936677e-01 3.072371415566681717e-03 0.000000000000000000e+00
9.000000000000000000e+05 2.250128237659636543e-01 7.874374146563495325e-02 6.998179335457441752e-01 2.197314519799726806e-01 1.706873008648156654e-03 0.000000000000000000e+00
9.040000000000000000e+05 2.260128807604790957e-01 7.806099226217569353e-02 7.011834319526627501e-01 2.177969959035047920e-01 2.958579881656804664e-03 0.000000000000000000e+00
9.080000000000000000e+05 2.270129377549945371e-01 7.851615839781520001e-02 7.022075557578516536e-01 2.166590805644059980e-01 2.617205279927173507e-03 0.000000000000000000e+00
