# itime ezz other fcc hcp bcc ico
0.000000000000000000e+00 0.000000000000000000e+00 0.000000000000000000e+00 1.000000000000000000e+00 0.000000000000000000e+00 0.000000000000000000e+00 0.000000000000000000e+00
8.000000000000000000e+03 1.999982652734599853e-03 0.000000000000000000e+00 1.000000000000000000e+00 0.000000000000000000e+00 0.000000000000000000e+00 0.000000000000000000e+00
1.600000000000000000e+04 3.999965305468977661e-03 0.000000000000000000e+00 1.000000000000000000e+00 0.000000000000000000e+00 0.000000000000000000e+00 0.000000000000000000e+00
2.400000000000000000e+04 5.999947958203577514e-03 0.000000000000000000e+00 1.000000000000000000e+00 0.000000000000000000e+00 0.000000000000000000e+00 0.000000000000000000e+00
3.200000000000000000e+04 7.999930610938177367e-03 0.000000000000000000e+00 1.000000000000000000e+00 0.000000000000000000e+00 0.000000000000000000e+00 0.000000000000000000e+00
4.000000000000000000e+04 9.999913263672777219e-03 0.000000000000000000e+00 1.000000000000000000e+00 0.000000000000000000e+00 0.000000000000000000e+00 0.000000000000000000e+00
4.800000000000000000e+04 1.199989591640715503e-02 0.000000000000000000e+00 1.000000000000000000e+00 0.000000000000000000e+00 0.000000000000000000e+00 0.000000000000000000e+00
5.600000000000000000e+04 1.399987856914175488e-02 0.000000000000000000e+00 1.000000000000000000e+00 0.000000000000000000e+00 0.000000000000000000e+00 0.000000000000000000e+00
6.400000000000000000e+04 1.599986122187635473e-02 0.000000000000000000e+00 1.000000000000000000e+00 0.000000000000000000e+00 0.000000000000000000e+00 0.000000000000000000e+00
7.200000000000000000e+04 1.799984387461095459e-02 0.000000000000000000e+00 1.000000000000000000e+00 0.000000000000000000e+00 0.000000000000000000e+00 0.000000000000000000e+00
8.000000000000000000e+04 1.999982652734533239e-02 0.000000000000000000e+00 1.000000000000000000e+00 0.000000000000000000e+00 0.000000000000000000e+00 0.000000000000000000e+00
8.800000000000000000e+04 2.199980918007993225e-02 0.000000000000000000e+00 1.000000000000000000e+00 0.000000000000000000e+00 0.000000000000000000e+00 0.000000000000000000e+00
9.600000000000000000e+04 2.399979183281453210e-02 0.000000000000000000e+00 1.000000000000000000e+00 0.000000000000000000e+00 0.000000000000000000e+00 0.000000000000000000e+00
1.040000000000000000e+05 2.599977448554890991e-02 0.000000000000000000e+00 1.000000000000000000e+00 0.000000000000000000e+00 0.000000000000000000e+00 0.000000000000000000e+00
1.120000000000000000e+05 2.799975713828350976e-02 0.000000000000000000e+00 1.000000000000000000e+00 0.000000000000000000e+00 0.000000000000000000e+00 0.000000000000000000e+00
1.200000000000000000e+05 2.999973979101810961e-02 0.000000000000000000e+00 1.000000000000000000e+00 0.000000000000000000e+00 0.000000000000000000e+00 0.000000000000000000e+00
1.280000000000000000e+05 3.199972244375270947e-02 0.000000000000000000e+00 1.000000000000000000e+00 0.000000000000000000e+00 0.000000000000000000e+00 0.000000000000000000e+00
1.360000000000000000e+05 3.399970509648708727e-02 0.000000000000000000e+00 1.000000000000000000e+00 0.000000000000000000e+00 0.000000000000000000e+00 0.000000000000000000e+00
1.440000000000000000e+05 3.599968774922168713e-02 0.000000000000000000e+00 1.000000000000000000e+00 0.000000000000000000e+00 0.000000000000000000e+00 0.000000000000000000e+00
1.520000000000000000e+05 3.799967040195628698e-02 0.000000000000000000e+00 1.000000000000000000e+00 0.000000000000000000e+00 0.000000000000000000e+00 0.000000000000000000e+00
1.600000000000000000e+05 3.999965305469088683e-02 0.000000000000000000e+00 1.000000000000000000e+00 0.000000000000000000e+00 0.000000000000000000e+00 0.000000000000000000e+00
1.680000000000000000e+05 4.199963570742526464e-02 0.000000000000000000e+00 1.000000000000000000e+00 0.000000000000000000e+00 0.000000000000000000e+00 0.000000000000000000e+00
1.760000000000000000e+05 4.399961836015986449e-02 0.000000000000000000e+00 1.000000000000000000e+00 0.000000000000000000e+00 0.000000000000000000e+00 0.000000000000000000e+00
1.840000000000000000e+05 4.599960101289446435e-02 0.000000000000000000e+00 1.000000000000000000e+00 0.000000000000000000e+00 0.000000000000000000e+00 0.000000000000000000e+00
1.920000000000000000e+05 4.799958366562884216e-02 0.000000000000000000e+00 1.000000000000000000e+00 0.000000000000000000e+00 0.000000000000000000e+00 0.000000000000000000e+00
2.000000000000000000e+05 4.999956631836344201e-02 0.000000000000000000e+00 1.000000000000000000e+00 0.000000000000000000e+00 0.000000000000000000e+00 0.000000000000000000e+00
2.080000000000000000e+05 5.199954897109804186e-02 0.000000000000000000e+00 1.000000000000000000e+00 0.000000000000000000e+00 0.000000000000000000e+00 0.000000000000000000e+00
2.160000000000000000e+05 5.399953162383264171e-02 0.000000000000000000e+00 1.000000000000000000e+00 0.000000000000000000e+00 0.000000000000000000e+00 0.000000000000000000e+00
2.240000000000000000e+05 5.599951427656701952e-02 0.000000000000000000e+00 1.000000000000000000e+00 0.000000000000000000e+00 0.000000000000000000e+00 0.000000000000000000e+00
2.320000000000000000e+05 5.799949692930161937e-02 0.000000000000000000e+00 1.000000000000000000e+00 0.000000000000000000e+00 0.000000000000000000e+00 0.000000000000000000e+00
2.400000000000000000e+05 5.999947958203621923e-02 0.000000000000000000e+00 1.000000000000000000e+00 0.000000000000000000e+00 0.000000000000000000e+00 0.000000000000000000e+00
2.480000000000000000e+05 6.199946223477081908e-02 0.000000000000000000e+00 1.000000000000000000e+00 0.000000000000000000e+00 0.000000000000000000e+00 0.000000000000000000e+00
2.560000000000000000e+05 6.399944488750519689e-02 0.000000000000000000e+00 1.000000000000000000e+00 0.000000000000000000e+00 0.000000000000000000e+00 0.000000000000000000e+00
2.640000000000000000e+05 6.599942754023979674e-02 0.000000000000000000e+00 1.000000000000000000e+00 0.000000000000000000e+00 0.000000000000000000e+00 0.000000000000000000e+00
2.720000000000000000e+05 6.799941019297439659e-02 0.000000000000000000e+00 1.000000000000000000e+00 0.000000000000000000e+00 0.000000000000000000e+00 0.000000000000000000e+00
2.800000000000000000e+05 6.999939284570877440e-02 0.000000000000000000e+00 1.000000000000000000e+00 0.000000000000000000e+00 0.000000000000000000e+00 0.000000000000000000e+00
2.880000000000000000e+05 7.199937549844337425e-02 0.000000000000000000e+00 1.000000000000000000e+00 0.000000000000000000e+00 0.000000000000000000e+00 0.000000000000000000e+00
2.960000000000000000e+05 7.399935815117797411e-02 4.551661356395084266e-04 9.995448338643604380e-01 0.000000000000000000e+00 0.000000000000000000e+00 0.000000000000000000e+00
3.040000000000000000e+05 7.599934080391257396e-02 0.000000000000000000e+00 1.000000000000000000e+00 0.000000000000000000e+00 0.000000000000000000e+00 0.000000000000000000e+00
3.120000000000000000e+05 7.799932345664695177e-02 0.000000000000000000e+00 1.000000000000000000e+00 0.000000000000000000e+00 0.000000000000000000e+00 0.000000000000000000e+00
3.200000000000000000e+05 7.999930610938155162e-02 3.413746017296313199e-04 9.996586253982703285e-01 0.000000000000000000e+00 0.000000000000000000e+00 0.000000000000000000e+00
3.280000000000000000e+05 8.199928876211615147e-02 1.024123805188893906e-03 9.988620846609012061e-01 0.000000000000000000e+00 1.137915339098771066e-04 0.000000000000000000e+00
3.360000000000000000e+05 8.399927141485052928e-02 4.551661356395084266e-04 9.995448338643604380e-01 0.000000000000000000e+00 0.000000000000000000e+00 0.000000000000000000e+00
3.440000000000000000e+05 8.599925406758512914e-02 5.689576695493854790e-04 9.994310423304506585e-01 0.000000000000000000e+00 0.000000000000000000e+00 0.000000000000000000e+00
3.520000000000000000e+05 8.799923672031972899e-02 1.251706873008648227e-03 9.986345015930814251e-01 0.000000000000000000e+00 1.137915339098771066e-04 0.000000000000000000e+00
3.600000000000000000e+05 8.999921937305432884e-02 1.593081474738279385e-03 9.981793354574419741e-01 0.000000000000000000e+00 2.275830678197542133e-04 0.000000000000000000e+00
3.680000000000000000e+05 9.199920202578870665e-02 4.551661356395084266e-04 9.995448338643604380e-01 0.000000000000000000e+00 0.000000000000000000e+00 0.000000000000000000e+00
3.760000000000000000e+05 9.399918467852330650e-02 1.820664542558033706e-03 9.981793354574419741e-01 0.000000000000000000e+00 0.000000000000000000e+00 0.000000000000000000e+00
3.840000000000000000e+05 9.599916733125790635e-02 2.162039144287664864e-03 9.974965862539827421e-01 0.000000000000000000e+00 3.413746017296313199e-04 0.000000000000000000e+00
3.920000000000000000e+05 9.799914998399250621e-02 2.730996813837050560e-03 9.971552116522530707e-01 0.000000000000000000e+00 1.137915339098771066e-04 0.000000000000000000e+00
4.000000000000000000e+05 9.999913263672688402e-02 3.641329085116067413e-03 9.960172963131542767e-01 0.000000000000000000e+00 3.413746017296313199e-04 0.000000000000000000e+00
4.080000000000000000e+05 1.019991152894614839e-01 2.389622212107419402e-03 9.974965862539827421e-01 0.000000000000000000e+00 1.137915339098771066e-04 0.000000000000000000e+00
4.160000000000000000e+05 1.039990979421960837e-01 4.210286754665453109e-03 9.953345471096950448e-01 0.000000000000000000e+00 4.551661356395084266e-04 0.000000000000000000e+00
4.240000000000000000e+05 1.059990805949304615e-01 7.851615839781519654e-03 9.915794264906691025e-01 0.000000000000000000e+00 5.689576695493854790e-04 0.000000000000000000e+00
4.320000000000000000e+05 1.079990632476650614e-01 7.612653618570777714e-02 6.957214383249886724e-01 2.228038233955393632e-01 5.348202093764223633e-03 0.000000000000000000e+00
4.400000000000000000e+05 1.099990459003996612e-01 7.487482931269913433e-02 6.967455621301774649e-01 2.232589895311788697e-01 5.120619025944469528e-03 0.000000000000000000e+00
4.480000000000000000e+05 1.119990285531342611e-01 7.532999544833864081e-02 6.951524806554392200e-01 2.243969048702776636e-01 5.120619025944469528e-03 0.000000000000000000e+00
4.560000000000000000e+05 1.139990112058686389e-01 7.385070550751024476e-02 6.964041875284479044e-01 2.238279472007282667e-01 5.917159763313609329e-03 0.000000000000000000e+00
4.640000000000000000e+05 1.159989938586032387e-01 7.214383249886208160e-02 6.969731451979972459e-01 2.245106964041875264e-01 6.372325898953117539e-03 0.000000000000000000e+00
4.720000000000000000e+05 1.179989765113378386e-01 7.271279016841146470e-02 6.962903959945380139e-01 2.243969048702776636e-01 6.599908966772872511e-03 0.000000000000000000e+00
4.800000000000000000e+05 1.199989591640724385e-01 7.464724624487938109e-02 6.953800637232590010e-01 2.230314064633591165e-01 6.941283568502503235e-03 0.000000000000000000e+00
4.880000000000000000e+05 1.219989418168068163e-01 7.532999544833864081e-02 6.952662721893491105e-01 2.238279472007282667e-01 5.575785161583977738e-03 0.000000000000000000e+00
4.960000000000000000e+05 1.239989244695414161e-01 7.430587164314975124e-02 6.956076467910787819e-01 2.242831133363677731e-01 5.803368229403732710e-03 0.000000000000000000e+00
5.040000000000000000e+05 1.259989071222760160e-01 7.373691397360036814e-02 6.962903959945380139e-01 2.240555302685480199e-01 5.917159763313609329e-03 0.000000000000000000e+00
5.120000000000000000e+05 1.279988897750103938e-01 7.464724624487938109e-02 6.961766044606281234e-01 2.239417387346381294e-01 5.234410559854347014e-03 0.000000000000000000e+00
5.200000000000000000e+05 1.299988724277449936e-01 7.373691397360036814e-02 6.961766044606281234e-01 2.238279472007282667e-01 6.258534365043240920e-03 0.000000000000000000e+00
5.280000000000000000e+05 1.319988550804795935e-01 7.225762403277195822e-02 6.962903959945380139e-01 2.255348202093764298e-01 5.917159763313609329e-03 0.000000000000000000e+00
5.360000000000000000e+05 1.339988377332141933e-01 7.305416477014110843e-02 6.952662721893491105e-01 2.255348202093764298e-01 6.144742831133363434e-03 0.000000000000000000e+00
5.440000000000000000e+05 1.359988203859485711e-01 7.180245789713245175e-02 6.960628129267182329e-01 2.266727355484751960e-01 5.461993627674101119e-03 0.000000000000000000e+00
5.520000000000000000e+05 1.379988030386831710e-01 7.385070550751024476e-02 6.953800637232590010e-01 2.231451979972690070e-01 7.624032771961766417e-03 0.000000000000000000e+00
5.600000000000000000e+05 1.399987856914177708e-01 7.441966317705962786e-02 6.961766044606281234e-01 2.228038233955393632e-01 6.599908966772872511e-03 0.000000000000000000e+00
5.680000000000000000e+05 1.419987683441523707e-01 7.441966317705962786e-02 6.954938552571688914e-01 2.247382794720072796e-01 5.348202093764223633e-03 0.000000000000000000e+00
5.760000000000000000e+05 1.439987509968867485e-01 7.589895311788802390e-02 6.945835229858898785e-01 2.232589895311788697e-01 6.258534365043240920e-03 0.000000000000000000e+00
5.840000000000000000e+05 1.459987336496213484e-01 6.998179335457442585e-02 6.964041875284479044e-01 2.255348202093764298e-01 8.079198907601274626e-03 0.000000000000000000e+00
5.920000000000000000e+05 1.479987163023559482e-01 7.544378698224851743e-02 6.954938552571688914e-01 2.222348657259899940e-01 6.827492034592626616e-03 0.000000000000000000e+00
6.000000000000000000e+05 1.499986989550903260e-01 7.578516158397814728e-02 6.958352298588984519e-01 2.226900318616295005e-01 5.689576695493855224e-03 0.000000000000000000e+00
6.080000000000000000e+05 1.519986816078249259e-01 7.601274465179790052e-02 6.946973145197997690e-01 2.218934911242603503e-01 7.396449704142011444e-03 0.000000000000000000e+00
6.160000000000000000e+05 1.539986642605595257e-01 7.851615839781520001e-02 6.939007737824305355e-01 2.204142011834319403e-01 7.168866636322257339e-03 0.000000000000000000e+00
6.240000000000000000e+05 1.559986469132941256e-01 7.578516158397814728e-02 6.932180245789713036e-01 2.236003641329085134e-01 7.396449704142011444e-03 0.000000000000000000e+00
6.320000000000000000e+05 1.579986295660285034e-01 8.420573509330905870e-02 6.705735093309057593e-01 2.412380518889394587e-01 3.982703686845699004e-03 0.000000000000000000e+00
6.400000000000000000e+05 1.599986122187631032e-01 8.272644515248064878e-02 6.706873008648156498e-01 2.416932180245789652e-01 4.893035958124715423e-03 0.000000000000000000e+00
6.480000000000000000e+05 1.619985948714977031e-01 8.238507055075101893e-02 6.688666363222576239e-01 2.443104233045061413e-01 4.437869822485207214e-03 0.000000000000000000e+00
6.560000000000000000e+05 1.639985775242323029e-01 8.306781975421029252e-02 6.679563040509786109e-01 2.440828402366863881e-01 4.893035958124715423e-03 0.000000000000000000e+00
6.640000000000000000e+05 1.659985601769666808e-01 8.500227583067819503e-02 6.679563040509786109e-01 2.418070095584888557e-01 5.234410559854347014e-03 0.000000000000000000e+00
6.720000000000000000e+05 1.679985428297012806e-01 8.272644515248064878e-02 7.254210286754665393e-01 1.880974055530268418e-01 3.755120619025944465e-03 0.000000000000000000e+00
6.800000000000000000e+05 1.699985254824358805e-01 8.488848429676831842e-02 7.257624032771962108e-01 1.855939918070095562e-01 3.755120619025944465e-03 0.000000000000000000e+00
6.880000000000000000e+05 1.719985081351702583e-01 8.500227583067819503e-02 7.396449704142011861e-01 1.717114246700045532e-01 3.641329085116067413e-03 0.000000000000000000e+00
6.960000000000000000e+05 1.739984907879048581e-01 8.431952662721893532e-02 7.360036413290851343e-01 1.756941283568502488e-01 3.982703686845699004e-03 0.000000000000000000e+00
7.040000000000000000e+05 1.759984734406394580e-01 8.431952662721893532e-02 7.336140191169776559e-01 1.772872098315885214e-01 4.779244424214838804e-03 0.000000000000000000e+00
7.120000000000000000e+05 1.779984560933740578e-01 8.409194355939918208e-02 7.369139736003641472e-01 1.739872553482020856e-01 5.006827492034592909e-03 0.000000000000000000e+00
7.200000000000000000e+05 1.799984387461084356e-01 8.477469276285844180e-02 7.365725989986344757e-01 1.747837960855712358e-01 3.868912152935821518e-03 0.000000000000000000e+00
7.280000000000000000e+05 1.819984213988430355e-01 8.636777423759672834e-02 7.350933090578061213e-01 1.752389622212107423e-01 3.299954483386436255e-03 0.000000000000000000e+00
7.360000000000000000e+05 1.839984040515776353e-01 5.553026854802002588e-02 8.788120163859808320e-01 6.201638598088302090e-02 3.641329085116067413e-03 0.000000000000000000e+00
7.440000000000000000e+05 1.859983867043122352e-01 5.154756486117433034e-02 8.757396449704142327e-01 6.747837960855712636e-02 5.234410559854347014e-03 0.000000000000000000e+00
7.520000000000000000e+05 1.879983693570466130e-01 5.223031406463359005e-02 8.700500682749203740e-01 7.180245789713245175e-02 5.917159763313609329e-03 0.000000000000000000e+00
7.600000000000000000e+05 1.899983520097812129e-01 5.473372781065088954e-02 8.670914883932635542e-01 7.350933090578061491e-02 4.665452890304961318e-03 0.000000000000000000e+00
7.680000000000000000e+05 1.919983346625158127e-01 5.370960400546199304e-02 8.604915794264906825e-01 8.170232134729175921e-02 4.096495220755575623e-03 0.000000000000000000e+00
7.760000000000000000e+05 1.939983173152501905e-01 5.632680928538916915e-02 8.607191624943104635e-01 7.965407373691398007e-02 3.299954483386436255e-03 0.000000000000000000e+00
7.840000000000000000e+05 1.959982999679847904e-01 5.496131087847064278e-02 8.532089212562585789e-01 8.625398270368685172e-02 5.575785161583977738e-03 0.000000000000000000e+00
7.920000000000000000e+05 1.979982826207193902e-01 5.439235320892125969e-02 8.502503413746017591e-01 8.989531178880291740e-02 5.461993627674101119e-03 0.000000000000000000e+00
8.000000000000000000e+05 1.999982652734539901e-01 5.814747382794720199e-02 8.476331360946746107e-01 8.978152025489304078e-02 4.437869822485207214e-03 0.000000000000000000e+00
8.080000000000000000e+05 2.019982479261883679e-01 5.644060081929904577e-02 8.364815657715065633e-01 9.979517523896222486e-02 7.282658170232134826e-03 0.000000000000000000e+00
8.160000000000000000e+05 2.039982305789229677e-01 5.735093309057805872e-02 8.375056895766954668e-01 9.979517523896222486e-02 5.348202093764223633e-03 0.000000000000000000e+00
8.240000000000000000e+05 2.059982132316575676e-01 5.917159763313609155e-02 8.355712335002275504e-01 9.968138370505234824e-02 5.575785161583977738e-03 0.000000000000000000e+00
8.320000000000000000e+05 2.079981958843919454e-01 5.871643149749658508e-02 8.321574874829312796e-01 1.020710059171597572e-01 7.055075102412380721e-03 0.000000000000000000e+00
8.400000000000000000e+05 2.099981785371265453e-01 5.757851615839781195e-02 8.272644515248065433e-01 1.069640418752844796e-01 8.192990441511151245e-03 0.000000000000000000e+00
8.480000000000000000e+05 2.119981611898611451e-01 6.087847064178425471e-02 8.320436959490213891e-01 1.015020482476103741e-01 5.575785161583977738e-03 0.000000000000000000e+00
8.560000000000000000e+05 2.139981438425957450e-01 5.735093309057805872e-02 8.309057806099225951e-01 1.046882111970869333e-01 7.055075102412380721e-03 0.000000000000000000e+00
8.640000000000000000e+05 2.159981264953301228e-01 5.883022303140646170e-02 8.297678652708238012e-01 1.046882111970869333e-01 6.713700500682749130e-03 0.000000000000000000e+00
8.720000000000000000e+05 2.179981091480647226e-01 5.917159763313609155e-02 8.377332726445152478e-01 9.729176149294492537e-02 5.803368229403732710e-03 0.000000000000000000e+00
8.800000000000000000e+05 2.199980918007993225e-01 6.042330450614474130e-02 8.354574419663176599e-01 9.774692762858443185e-02 6.372325898953117539e-03 0.000000000000000000e+00
8.880000000000000000e+05 2.219980744535339223e-01 5.837505689576695522e-02 8.356850250341374409e-01 9.888484296768319803e-02 7.055075102412380721e-03 0.000000000000000000e+00
8.960000000000000000e+05 2.239980571062683001e-01 6.269913518434228061e-02 8.354574419663176599e-01 9.638142922166591242e-02 5.461993627674101119e-03 0.000000000000000000e+00
9.040000000000000000e+05 2.259980397590029000e-01 6.042330450614474130e-02 8.426263086026399840e-01 9.205735093309057315e-02 4.893035958124715423e-03 0.000000000000000000e+00
9.120000000000000000e+05 2.279980224117374998e-01 6.247155211652252738e-02 8.422849340009103125e-01 8.989531178880291740e-02 5.348202093764223633e-03 0.000000000000000000e+00
9.200000000000000000e+05 2.299980050644718776e-01 7.897132453345470648e-02 7.464724624487938387e-01 1.703459262630860338e-01 4.210286754665453109e-03 0.000000000000000000e+00
9.280000000000000000e+05 2.319979877172064775e-01 7.578516158397814728e-02 7.462448793809740577e-01 1.735320892125625791e-01 4.437869822485207214e-03 0.000000000000000000e+00
9.360000000000000000e+05 2.339979703699410774e-01 7.771961766044606368e-02 7.434000910332271284e-01 1.747837960855712358e-01 4.096495220755575623e-03 0.000000000000000000e+00
9.440000000000000000e+05 2.359979530226756772e-01 7.851615839781520001e-02 7.461310878470641672e-01 1.719390077378243065e-01 3.413746017296313308e-03 0.000000000000000000e+00
9.520000000000000000e+05 2.379979356754100550e-01 7.760582612653618706e-02 7.437414656349567998e-01 1.739872553482020856e-01 4.665452890304961318e-03 0.000000000000000000e+00
9.600000000000000000e+05 2.399979183281446549e-01 7.965407373691398007e-02 7.439690487027764698e-01 1.706873008648156498e-01 5.689576695493855224e-03 0.000000000000000000e+00
9.680000000000000000e+05 2.419979009808792547e-01 7.874374146563495325e-02 7.431725079654073474e-01 1.739872553482020856e-01 4.096495220755575623e-03 0.000000000000000000e+00
9.760000000000000000e+05 2.439978836336138546e-01 8.192990441511151245e-02 7.481793354574419741e-01 1.665908056440600915e-01 3.299954483386436255e-03 0.000000000000000000e+00
9.840000000000000000e+05 2.459978662863482324e-01 8.090578060992262288e-02 7.459035047792443862e-01 1.702321347291761433e-01 2.958579881656804664e-03 0.000000000000000000e+00
9.920000000000000000e+05 2.479978489390828322e-01 8.124715521165225274e-02 7.484069185252617551e-01 1.665908056440600915e-01 3.755120619025944465e-03 0.000000000000000000e+00
1.000000000000000000e+06 2.499978315918174321e-01 8.477469276285844180e-02 7.794720072826581969e-01 1.325671370050068298e-01 3.186162949476558769e-03 0.000000000000000000e+00
1.008000000000000000e+06 2.519978142445518099e-01 8.864360491579426071e-02 7.803823395539372099e-01 1.269913518434228616e-01 3.982703686845699004e-03 0.000000000000000000e+00
1.016000000000000000e+06 2.539977968972864097e-01 8.670914883932635819e-02 7.728720983158853253e-01 1.363222576240327721e-01 4.096495220755575623e-03 0.000000000000000000e+00
1.024000000000000000e+06 2.559977795500210096e-01 8.966772872098316416e-02 7.682066454255803700e-01 1.382567137005006885e-01 3.868912152935821518e-03 0.000000000000000000e+00
1.032000000000000000e+06 2.579977622027556095e-01 9.114701866181156020e-02 7.647928994082839882e-01 1.396222121074192080e-01 4.437869822485207214e-03 0.000000000000000000e+00
1.040000000000000000e+06 2.599977448554899873e-01 9.069185252617205373e-02 7.675238962221210270e-01 1.381429221665907980e-01 3.641329085116067413e-03 0.000000000000000000e+00
1.048000000000000000e+06 2.619977275082245871e-01 9.148839326354119006e-02 7.631998179335457433e-01 1.401911697769686049e-01 5.120619025944469528e-03 0.000000000000000000e+00
1.056000000000000000e+06 2.639977101609591870e-01 9.217114246700044977e-02 7.626308602639964018e-01 1.418980427856167403e-01 3.299954483386436255e-03 0.000000000000000000e+00
1.064000000000000000e+06 2.659976928136937868e-01 9.262630860263997012e-02 7.586481565771506785e-01 1.437187073281747940e-01 5.006827492034592909e-03 0.000000000000000000e+00
1.072000000000000000e+06 2.679976754664281646e-01 9.626763768775603580e-02 7.592171142467000200e-01 1.385980883022303045e-01 5.917159763313609329e-03 0.000000000000000000e+00
1.080000000000000000e+06 2.699976581191627645e-01 8.488848429676831842e-02 7.430587164314974569e-01 1.664770141101502010e-01 5.575785161583977738e-03 0.000000000000000000e+00
1.088000000000000000e+06 2.719976407718973643e-01 8.534365043240782489e-02 7.361174328629950248e-01 1.714838416021848000e-01 7.055075102412380721e-03 0.000000000000000000e+00
1.096000000000000000e+06 2.739976234246317421e-01 9.103322712790168358e-02 7.378243058716431602e-01 1.669321802457897075e-01 4.210286754665453109e-03 0.000000000000000000e+00
1.104000000000000000e+06 2.759976060773663420e-01 8.818843878015475424e-02 7.380518889394629412e-01 1.688666363222576239e-01 4.893035958124715423e-03 0.000000000000000000e+00
1.112000000000000000e+06 2.779975887301009418e-01 8.716431497496586467e-02 7.385070550751023921e-01 1.681838871187983642e-01 6.144742831133363434e-03 0.000000000000000000e+00
1.120000000000000000e+06 2.799975713828355417e-01 9.069185252617205373e-02 7.307692307692307265e-01 1.713700500682749095e-01 7.168866636322257339e-03 0.000000000000000000e+00
1.128000000000000000e+06 2.819975540355699195e-01 9.137460172963131344e-02 7.307692307692307265e-01 1.712562585343650468e-01 6.599908966772872511e-03 0.000000000000000000e+00
1.136000000000000000e+06 2.839975366883045194e-01 9.023668639053254725e-02 7.262175694128356618e-01 1.766044606281292617e-01 6.941283568502503235e-03 0.000000000000000000e+00
1.144000000000000000e+06 2.859975193410391192e-01 9.171597633136094330e-02 7.234865725989986229e-01 1.763768775603095085e-01 8.420573509330906217e-03 0.000000000000000000e+00
1.152000000000000000e+06 2.879975019937737191e-01 9.262630860263997012e-02 7.218934911242603780e-01 1.774010013654984119e-01 8.079198907601274626e-03 0.000000000000000000e+00
1.160000000000000000e+06 2.899974846465080969e-01 9.217114246700044977e-02 7.192762858443332297e-01 1.808147473827947105e-01 7.737824305871643035e-03 0.000000000000000000e+00
1.168000000000000000e+06 2.919974672992426967e-01 9.262630860263997012e-02 7.104005461993627701e-01 1.877560309512972259e-01 9.217114246700046018e-03 0.000000000000000000e+00
1.176000000000000000e+06 2.939974499519772966e-01 9.717796995903504875e-02 7.026627218934911046e-01 1.912835685025034149e-01 8.875739644970414427e-03 0.000000000000000000e+00
1.184000000000000000e+06 2.959974326047116744e-01 9.831588529813381494e-02 7.016385980883022011e-01 1.933318161128811941e-01 6.713700500682749130e-03 0.000000000000000000e+00
1.192000000000000000e+06 2.979974152574462742e-01 9.842967683204369156e-02 7.056213017751479244e-01 1.879836140191169791e-01 7.965407373691398007e-03 0.000000000000000000e+00
1.200000000000000000e+06 2.999973979101808741e-01 1.011606736458807443e-01 7.032316795630405570e-01 1.880974055530268418e-01 7.510241238051888930e-03 0.000000000000000000e+00
1.208000000000000000e+06 3.019973805629154739e-01 1.008192990441511144e-01 6.991351843422849432e-01 1.906008192990441552e-01 9.444697314519799256e-03 0.000000000000000000e+00
1.216000000000000000e+06 3.039973632156498518e-01 9.000910332271279402e-02 7.205279927173418031e-01 1.819526627218935044e-01 7.510241238051888930e-03 0.000000000000000000e+00
1.224000000000000000e+06 3.059973458683844516e-01 8.818843878015475424e-02 7.216659080564405970e-01 1.838871187983613931e-01 6.258534365043240920e-03 0.000000000000000000e+00
1.232000000000000000e+06 3.079973285211190515e-01 9.012289485662267063e-02 7.266727355484752238e-01 1.752389622212107423e-01 7.965407373691398007e-03 0.000000000000000000e+00
1.240000000000000000e+06 3.099973111738536513e-01 8.818843878015475424e-02 7.299726900318616041e-01 1.739872553482020856e-01 7.851615839781519654e-03 0.000000000000000000e+00
1.248000000000000000e+06 3.119972938265880291e-01 1.004779244424214846e-01 7.634274010013655243e-01 1.265361857077833274e-01 9.558488848429677609e-03 0.000000000000000000e+00
1.256000000000000000e+06 3.139972764793226290e-01 9.524351388256713236e-02 7.644515248065544277e-01 1.331360946745562268e-01 7.168866636322257339e-03 0.000000000000000000e+00
1.264000000000000000e+06 3.159972591320572288e-01 9.649522075557578904e-02 7.647928994082839882e-01 1.306326809285389134e-01 8.079198907601274626e-03 0.000000000000000000e+00
1.272000000000000000e+06 3.179972417847916066e-01 9.706417842512517213e-02 7.952890304961310886e-01 1.002503413746017313e-01 7.396449704142011444e-03 0.000000000000000000e+00
1.280000000000000000e+06 3.199972244375262065e-01 9.604005461993628257e-02 8.008648156577150568e-01 9.763313609467455523e-02 5.461993627674101119e-03 0.000000000000000000e+00
1.288000000000000000e+06 3.219972070902608063e-01 9.683659535730541890e-02 7.952890304961310886e-01 1.025261720527992776e-01 5.348202093764223633e-03 0.000000000000000000e+00
1.296000000000000000e+06 3.239971897429954062e-01 9.899863450159307465e-02 7.960855712335002110e-01 9.877105143377332142e-02 6.144742831133363434e-03 0.000000000000000000e+00
1.304000000000000000e+06 3.259971723957297840e-01 9.911242603550296515e-02 7.946062812926718566e-01 1.009330905780609910e-01 5.348202093764223633e-03 0.000000000000000000e+00
1.312000000000000000e+06 3.279971550484643839e-01 9.524351388256713236e-02 7.957441966317706505e-01 1.016158397815202508e-01 7.396449704142011444e-03 0.000000000000000000e+00
1.320000000000000000e+06 3.299971377011989837e-01 9.786071916249430847e-02 7.915339098771051463e-01 1.043468365953573035e-01 6.258534365043240920e-03 0.000000000000000000e+00
1.328000000000000000e+06 3.319971203539333615e-01 9.877105143377332142e-02 7.909649522075558048e-01 1.032089212562585373e-01 7.055075102412380721e-03 0.000000000000000000e+00
1.336000000000000000e+06 3.339971030066679614e-01 1.013882567137004975e-01 7.881201638598088755e-01 1.042330450614474269e-01 6.258534365043240920e-03 0.000000000000000000e+00
1.344000000000000000e+06 3.359970856594025612e-01 1.003641329085116080e-01 7.873236231224396420e-01 1.055985434683659602e-01 6.713700500682749130e-03 0.000000000000000000e+00
1.352000000000000000e+06 3.379970683121371611e-01 1.058261265361857134e-01 7.637687756030950847e-01 1.209604005461993592e-01 9.444697314519799256e-03 0.000000000000000000e+00
1.360000000000000000e+06 3.399970509648715389e-01 1.070778334091943562e-01 7.463586709148839482e-01 1.396222121074192080e-01 6.941283568502503235e-03 0.000000000000000000e+00
1.368000000000000000e+06 3.419970336176061387e-01 1.135639508420573512e-01 7.289485662266727006e-01 1.508875739644970349e-01 6.599908966772872511e-03 0.000000000000000000e+00
1.376000000000000000e+06 3.439970162703407386e-01 1.119708693673190647e-01 7.299726900318616041e-01 1.525944469731451980e-01 5.461993627674101119e-03 0.000000000000000000e+00
1.384000000000000000e+06 3.459969989230753384e-01 1.125398270368684617e-01 7.283796085571233592e-01 1.527082385070550885e-01 6.372325898953117539e-03 0.000000000000000000e+00
1.392000000000000000e+06 3.479969815758097162e-01 1.153846153846153910e-01 7.304278561675011661e-01 1.487255348202093652e-01 5.461993627674101119e-03 0.000000000000000000e+00
1.400000000000000000e+06 3.499969642285443161e-01 1.143604915794264876e-01 7.335002275830677654e-01 1.457669549385525731e-01 6.372325898953117539e-03 0.000000000000000000e+00
1.408000000000000000e+06 3.519969468812789160e-01 1.141329085116067343e-01 7.271279016841146747e-01 1.521392808375056915e-01 6.599908966772872511e-03 0.000000000000000000e+00
1.416000000000000000e+06 3.539969295340132938e-01 1.027537551206190308e-01 7.439690487027764698e-01 1.495220755575785154e-01 3.755120619025944465e-03 0.000000000000000000e+00
1.424000000000000000e+06 3.559969121867478936e-01 1.012744651797906209e-01 7.431725079654073474e-01 1.530496131087847045e-01 2.503413746017296455e-03 0.000000000000000000e+00
1.432000000000000000e+06 3.579968948394824935e-01 1.002503413746017313e-01 7.463586709148839482e-01 1.508875739644970349e-01 2.503413746017296455e-03 0.000000000000000000e+00
1.440000000000000000e+06 3.599968774922170933e-01 1.010468821119708677e-01 7.420345926263085534e-01 1.540737369139736079e-01 2.844788347746927612e-03 0.000000000000000000e+00
1.448000000000000000e+06 3.619968601449514711e-01 9.695038689121529552e-02 7.471552116522530707e-01 1.525944469731451980e-01 3.299954483386436255e-03 0.000000000000000000e+00
1.456000000000000000e+06 3.639968427976860710e-01 9.934000910332271839e-02 7.462448793809740577e-01 1.511151570323167881e-01 3.299954483386436255e-03 0.000000000000000000e+00
1.464000000000000000e+06 3.659968254504206708e-01 9.968138370505234824e-02 7.426035502958580059e-01 1.536185707783341015e-01 4.096495220755575623e-03 0.000000000000000000e+00
1.472000000000000000e+06 3.679968081031552707e-01 9.911242603550296515e-02 7.453345471096950448e-01 1.515703231679562946e-01 3.982703686845699004e-03 0.000000000000000000e+00
1.480000000000000000e+06 3.699967907558896485e-01 9.717796995903504875e-02 7.445380063723259223e-01 1.537323623122439642e-01 4.551661356395083832e-03 0.000000000000000000e+00
1.488000000000000000e+06 3.719967734086242483e-01 1.010468821119708677e-01 7.432862994993172379e-01 1.519116977696859383e-01 3.755120619025944465e-03 0.000000000000000000e+00
1.496000000000000000e+06 3.739967560613588482e-01 1.000227583067819781e-01 7.424897587619481154e-01 1.535047792444242110e-01 3.982703686845699004e-03 0.000000000000000000e+00
1.504000000000000000e+06 3.759967387140932260e-01 1.019572143832498806e-01 7.415794264906691025e-01 1.530496131087847045e-01 3.413746017296313308e-03 0.000000000000000000e+00
1.512000000000000000e+06 3.779967213668278259e-01 1.028675466545289074e-01 7.415794264906691025e-01 1.513427401001365413e-01 4.210286754665453109e-03 0.000000000000000000e+00
1.520000000000000000e+06 3.799967040195624257e-01 1.024123805188894010e-01 7.428311333636777869e-01 1.506599908966772816e-01 4.096495220755575623e-03 0.000000000000000000e+00
1.528000000000000000e+06 3.819966866722970256e-01 1.015020482476103741e-01 7.375967228038233792e-01 1.571461083295402905e-01 3.755120619025944465e-03 0.000000000000000000e+00
1.536000000000000000e+06 3.839966693250314034e-01 1.007055075102412378e-01 7.441966317705962508e-01 1.519116977696859383e-01 3.186162949476558769e-03 0.000000000000000000e+00
1.544000000000000000e+06 3.859966519777660032e-01 1.079881656804733692e-01 7.329312699135184239e-01 1.564633591260810308e-01 2.617205279927173507e-03 0.000000000000000000e+00
1.552000000000000000e+06 3.879966346305006031e-01 1.094674556213017791e-01 7.321347291761493015e-01 1.553254437869822369e-01 3.072371415566681717e-03 0.000000000000000000e+00
1.560000000000000000e+06 3.899966172832349809e-01 1.091260810195721492e-01 7.364588074647245852e-01 1.511151570323167881e-01 3.299954483386436255e-03 0.000000000000000000e+00
1.568000000000000000e+06 3.919965999359695807e-01 1.093536640873919025e-01 7.364588074647245852e-01 1.507737824305871721e-01 3.413746017296313308e-03 0.000000000000000000e+00
1.576000000000000000e+06 3.939965825887044026e-01 1.126536185707783383e-01 7.342967683204369989e-01 1.497496586253982687e-01 3.299954483386436255e-03 0.000000000000000000e+00
1.584000000000000000e+06 3.959965652414387804e-01 1.135639508420573512e-01 7.320209376422394110e-01 1.521392808375056915e-01 2.275830678197541916e-03 0.000000000000000000e+00
1.592000000000000000e+06 3.979965478941731583e-01 1.010468821119708677e-01 8.790395994538006130e-01 1.923076923076923184e-02 6.827492034592626399e-04 0.000000000000000000e+00
1.600000000000000000e+06 3.999965305469077581e-01 9.854346836595356818e-02 8.823395539371871044e-01 1.843422849340009204e-02 6.827492034592626399e-04 0.000000000000000000e+00
1.608000000000000000e+06 4.019965131996425800e-01 9.911242603550296515e-02 8.818843878015475424e-01 1.820664542558033533e-02 7.965407373691396923e-04 0.000000000000000000e+00
1.616000000000000000e+06 4.039964958523769578e-01 1.004779244424214846e-01 8.806326809285389690e-01 1.797906235776058209e-02 9.103322712790168532e-04 0.000000000000000000e+00
1.624000000000000000e+06 4.059964785051113356e-01 9.888484296768319803e-02 8.819981793354574329e-01 1.763768775603095224e-02 1.479289940828402332e-03 0.000000000000000000e+00
1.632000000000000000e+06 4.079964611578459355e-01 9.888484296768319803e-02 8.826809285389166648e-01 1.741010468821119553e-02 1.024123805188893906e-03 0.000000000000000000e+00
1.640000000000000000e+06 4.099964438105805353e-01 1.002503413746017313e-01 8.805188893946290785e-01 1.843422849340009204e-02 7.965407373691396923e-04 0.000000000000000000e+00
1.648000000000000000e+06 4.119964264633151352e-01 9.888484296768319803e-02 8.821119708693673234e-01 1.809285389167045871e-02 9.103322712790168532e-04 0.000000000000000000e+00
1.656000000000000000e+06 4.139964091160495130e-01 9.786071916249430847e-02 8.842740100136550208e-01 1.729631315430131891e-02 5.689576695493854790e-04 0.000000000000000000e+00
1.664000000000000000e+06 4.159963917687841128e-01 9.797451069640418508e-02 8.857532999544833752e-01 1.558944014565316269e-02 6.827492034592626399e-04 0.000000000000000000e+00
1.672000000000000000e+06 4.179963744215187127e-01 9.831588529813381494e-02 8.857532999544833752e-01 1.524806554392353283e-02 6.827492034592626399e-04 0.000000000000000000e+00
1.680000000000000000e+06 4.199963570742530905e-01 9.888484296768319803e-02 8.862084660901229372e-01 1.411015020482476144e-02 7.965407373691396923e-04 0.000000000000000000e+00
1.688000000000000000e+06 4.219963397269874683e-01 9.899863450159307465e-02 8.860946745562130467e-01 1.445152480655439303e-02 4.551661356395084266e-04 0.000000000000000000e+00
1.696000000000000000e+06 4.239963223797222902e-01 9.899863450159307465e-02 8.856395084205734847e-01 1.479289940828402289e-02 5.689576695493854790e-04 0.000000000000000000e+00
1.704000000000000000e+06 4.259963050324568901e-01 9.820209376422393832e-02 8.858670914883932657e-01 1.513427401001365448e-02 7.965407373691396923e-04 0.000000000000000000e+00
1.712000000000000000e+06 4.279962876851912679e-01 9.842967683204369156e-02 8.868912152935821691e-01 1.399635867091488309e-02 6.827492034592626399e-04 0.000000000000000000e+00
1.720000000000000000e+06 4.299962703379256457e-01 9.854346836595356818e-02 8.867774237596722786e-01 1.411015020482476144e-02 5.689576695493854790e-04 0.000000000000000000e+00
1.728000000000000000e+06 4.319962529906604676e-01 9.842967683204369156e-02 8.864360491579426071e-01 1.479289940828402289e-02 3.413746017296313199e-04 0.000000000000000000e+00
1.736000000000000000e+06 4.339962356433950674e-01 9.899863450159307465e-02 8.871187983614019501e-01 1.342740100136549826e-02 4.551661356395084266e-04 0.000000000000000000e+00
1.744000000000000000e+06 4.359962182961294452e-01 9.956759217114247162e-02 8.856395084205734847e-01 1.376877560309512985e-02 1.024123805188893906e-03 0.000000000000000000e+00
1.752000000000000000e+06 4.379962009488638230e-01 1.004779244424214846e-01 8.826809285389166648e-01 1.627218934911242587e-02 5.689576695493854790e-04 0.000000000000000000e+00
1.760000000000000000e+06 4.399961836015986449e-01 1.002503413746017313e-01 8.819981793354574329e-01 1.695493855257168905e-02 7.965407373691396923e-04 0.000000000000000000e+00
1.768000000000000000e+06 4.419961662543332448e-01 1.010468821119708677e-01 8.808602639963586389e-01 1.706873008648156567e-02 1.024123805188893906e-03 0.000000000000000000e+00
1.776000000000000000e+06 4.439961489070676226e-01 1.000227583067819781e-01 8.816568047337277614e-01 1.763768775603095224e-02 6.827492034592626399e-04 0.000000000000000000e+00
1.784000000000000000e+06 4.459961315598020004e-01 8.443331816112881194e-02 9.089667728720982609e-01 6.030951297223486815e-03 5.689576695493854790e-04 0.000000000000000000e+00
1.792000000000000000e+06 4.479961142125368223e-01 8.522985889849794827e-02 9.086253982703687004e-01 5.803368229403732710e-03 3.413746017296313199e-04 0.000000000000000000e+00
1.800000000000000000e+06 4.499960968652714222e-01 8.522985889849794827e-02 9.090805644060081514e-01 4.893035958124715423e-03 7.965407373691396923e-04 0.000000000000000000e+00
1.808000000000000000e+06 4.519960795180058000e-01 8.500227583067819503e-02 9.091943559399180419e-01 5.348202093764223633e-03 4.551661356395084266e-04 0.000000000000000000e+00
1.816000000000000000e+06 4.539960621707401778e-01 8.488848429676831842e-02 9.086253982703687004e-01 5.575785161583977738e-03 9.103322712790168532e-04 0.000000000000000000e+00
