# itime ezz other fcc hcp bcc ico
0.000000000000000000e+00 0.000000000000000000e+00 9.103322712790168532e-04 9.990896677287209870e-01 0.000000000000000000e+00 0.000000000000000000e+00 0.000000000000000000e+00
3.000000000000000000e+01 1.200004710375845995e-02 1.365498406918525280e-03 9.986345015930814251e-01 0.000000000000000000e+00 0.000000000000000000e+00 0.000000000000000000e+00
6.000000000000000000e+01 2.400009420751691991e-02 3.072371415566681717e-03 9.969276285844332897e-01 0.000000000000000000e+00 0.000000000000000000e+00 0.000000000000000000e+00
9.000000000000000000e+01 3.600014131127537986e-02 5.461993627674101119e-03 9.944242148384160318e-01 0.000000000000000000e+00 1.137915339098771066e-04 0.000000000000000000e+00
1.200000000000000000e+02 4.800018841503383982e-02 1.035502958579881741e-02 9.893035958124715146e-01 0.000000000000000000e+00 3.413746017296313199e-04 0.000000000000000000e+00
1.500000000000000000e+02 6.000023551879229977e-02 2.218934911242603433e-02 9.770141101502047842e-01 0.000000000000000000e+00 7.965407373691396923e-04 0.000000000000000000e+00
1.800000000000000000e+02 7.200028262255075973e-02 3.948566226672735324e-02 9.583522985889849632e-01 0.000000000000000000e+00 2.162039144287664864e-03 0.000000000000000000e+00
2.100000000000000000e+02 8.400032972630921968e-02 7.601274465179790052e-02 9.196631770596267463e-01 0.000000000000000000e+00 4.324078288575329727e-03 0.000000000000000000e+00
2.400000000000000000e+02 9.600037683006790168e-02 1.480427856167501055e-01 8.405780609922621771e-01 0.000000000000000000e+00 1.137915339098771045e-02 0.000000000000000000e+00
2.700000000000000000e+02 1.080004239338263616e-01 2.527309968138370389e-01 7.263313609467455523e-01 1.137915339098771066e-04 2.082385070550751144e-02 0.000000000000000000e+00
3.000000000000000000e+02 1.200004710375848216e-01 3.874601729631315661e-01 5.732817478379608200e-01 3.413746017296313199e-04 3.891670459717797015e-02 0.000000000000000000e+00
3.300000000000000000e+02 1.320005181413432815e-01 5.331133363677742487e-01 3.942876649977241632e-01 1.820664542558033706e-03 7.077833409194356218e-02 0.000000000000000000e+00
3.600000000000000000e+02 1.440005652451017415e-01 6.461083295402821891e-01 2.382794720072826666e-01 5.461993627674101119e-03 1.101502048247610388e-01 0.000000000000000000e+00
3.900000000000000000e+02 1.560006123488602015e-01 7.135867091488393710e-01 1.414428766499772339e-01 8.079198907601274626e-03 1.368912152935821691e-01 0.000000000000000000e+00
4.200000000000000000e+02 1.680006594526186614e-01 7.631998179335457433e-01 8.124715521165225274e-02 1.354119253527537488e-02 1.420118343195266308e-01 0.000000000000000000e+00
4.500000000000000000e+02 1.800007065563771214e-01 7.983614019116977989e-01 5.211652253072371344e-02 2.116522530723714129e-02 1.283568502503413811e-01 0.000000000000000000e+00
4.800000000000000000e+02 1.920007536601355813e-01 8.255575785161584079e-01 3.288575329995448160e-02 2.503413746017296368e-02 1.165225307237141572e-01 0.000000000000000000e+00
5.100000000000000000e+02 2.040008007638940413e-01 8.561675011379152878e-01 3.072371415566681890e-02 2.878925807919890598e-02 8.431952662721893532e-02 0.000000000000000000e+00
5.400000000000000000e+02 2.160008478676525012e-01 8.697086936731907025e-01 2.742375967228038308e-02 2.867546654528902936e-02 7.419208010923987462e-02 0.000000000000000000e+00
5.700000000000000000e+02 2.280008949714109612e-01 8.866636322257623881e-01 2.514792899408284030e-02 2.947200728265816916e-02 5.871643149749658508e-02 0.000000000000000000e+00
6.000000000000000000e+02 2.400009420751694211e-01 9.095357305416477134e-01 2.287209831588529751e-02 2.526172052799271692e-02 4.233045061447428259e-02 0.000000000000000000e+00
6.300000000000000000e+02 2.520009891789278811e-01 9.172735548475193790e-01 2.196176604460628110e-02 2.469276285844333035e-02 3.607191624943104080e-02 0.000000000000000000e+00
6.600000000000000000e+02 2.640010362826863410e-01 9.313837050523441352e-01 2.173418297678652786e-02 2.162039144287665124e-02 2.526172052799271692e-02 0.000000000000000000e+00
6.900000000000000000e+02 2.760010833864450230e-01 9.369594902139281034e-01 1.809285389167045871e-02 2.162039144287665124e-02 2.321347291761493084e-02 1.137915339098771066e-04
7.200000000000000000e+02 2.880011304902034830e-01 9.459490213928083424e-01 1.797906235776058209e-02 1.820664542558033533e-02 1.786527082385070547e-02 0.000000000000000000e+00
7.500000000000000000e+02 3.000011775939619429e-01 9.527765134274009950e-01 1.445152480655439303e-02 1.991351843422849502e-02 1.285844333181611343e-02 0.000000000000000000e+00
7.800000000000000000e+02 3.120012246977204029e-01 9.544833864360491305e-01 1.319981793354574502e-02 1.775147928994082885e-02 1.456531634046426965e-02 0.000000000000000000e+00
8.100000000000000000e+02 3.240012718014788629e-01 9.592626308602639762e-01 1.240327719617660522e-02 1.593081474738279601e-02 1.228948566226672687e-02 1.137915339098771066e-04
8.400000000000000000e+02 3.360013189052373228e-01 9.618798361401911245e-01 1.126536185707783383e-02 1.627218934911242587e-02 1.035502958579881741e-02 2.275830678197542133e-04
8.700000000000000000e+02 3.480013660089957828e-01 9.634729176149294805e-01 1.160673645880746542e-02 1.513427401001365448e-02 9.217114246700046018e-03 5.689576695493854790e-04
9.000000000000000000e+02 3.600014131127542427e-01 9.710969503868912556e-01 8.534365043240782836e-03 1.149294492489758707e-02 8.534365043240782836e-03 3.413746017296313199e-04
9.300000000000000000e+02 3.720014602165124806e-01 9.717796995903504875e-01 8.648156577150659455e-03 1.183431952662721866e-02 7.624032771961766417e-03 1.137915339098771066e-04
9.600000000000000000e+02 3.840015073202709406e-01 9.726900318616295005e-01 8.420573509330906217e-03 1.160673645880746542e-02 7.055075102412380721e-03 2.275830678197542133e-04
9.900000000000000000e+02 3.960015544240296226e-01 9.745106964041875264e-01 8.534365043240782836e-03 1.046882111970869403e-02 6.144742831133363434e-03 3.413746017296313199e-04
1.020000000000000000e+03 4.080016015277880825e-01 9.774692762858443462e-01 7.282658170232134826e-03 8.761948111060537808e-03 5.917159763313609329e-03 5.689576695493854790e-04
1.050000000000000000e+03 4.200016486315465425e-01 9.774692762858443462e-01 7.282658170232134826e-03 9.444697314519799256e-03 5.575785161583977738e-03 2.275830678197542133e-04
1.080000000000000000e+03 4.320016957353050024e-01 9.814519799726900695e-01 5.234410559854347014e-03 8.420573509330906217e-03 4.551661356395083832e-03 3.413746017296313199e-04
1.110000000000000000e+03 4.440017428390634624e-01 9.839553937187073274e-01 5.803368229403732710e-03 6.486117432862995025e-03 3.641329085116067413e-03 1.137915339098771066e-04
1.140000000000000000e+03 4.560017899428219224e-01 9.828174783796085334e-01 5.689576695493855224e-03 6.372325898953117539e-03 5.006827492034592909e-03 1.137915339098771066e-04
1.170000000000000000e+03 4.680018370465803823e-01 9.852071005917160118e-01 4.665452890304961318e-03 6.144742831133363434e-03 3.868912152935821518e-03 1.137915339098771066e-04
1.200000000000000000e+03 4.800018841503388423e-01 9.866863905325443662e-01 4.665452890304961318e-03 6.372325898953117539e-03 2.162039144287664864e-03 1.137915339098771066e-04
1.230000000000000000e+03 4.920019312540973022e-01 9.885070550751023921e-01 4.665452890304961318e-03 4.210286754665453109e-03 2.389622212107419402e-03 2.275830678197542133e-04
1.260000000000000000e+03 5.040019783578557622e-01 9.895311788802912956e-01 4.096495220755575623e-03 3.868912152935821518e-03 2.275830678197541916e-03 2.275830678197542133e-04
1.290000000000000000e+03 5.160020254616142221e-01 9.907828857532999800e-01 2.503413746017296455e-03 4.551661356395083832e-03 1.593081474738279385e-03 5.689576695493854790e-04
1.320000000000000000e+03 5.280020725653726821e-01 9.915794264906691025e-01 2.503413746017296455e-03 3.527537551206190360e-03 1.934456076467910759e-03 4.551661356395084266e-04
1.350000000000000000e+03 5.400021196691311420e-01 9.935138825671370189e-01 2.503413746017296455e-03 2.503413746017296455e-03 9.103322712790168532e-04 5.689576695493854790e-04
1.380000000000000000e+03 5.520021667728896020e-01 9.930587164314974569e-01 2.844788347746927612e-03 2.730996813837050560e-03 1.137915339098770958e-03 2.275830678197542133e-04
1.410000000000000000e+03 5.640022138766480619e-01 9.932862994993172379e-01 3.072371415566681717e-03 2.503413746017296455e-03 6.827492034592626399e-04 4.551661356395084266e-04
1.440000000000000000e+03 5.760022609804065219e-01 9.936276741010469093e-01 2.162039144287664864e-03 2.503413746017296455e-03 1.024123805188893906e-03 6.827492034592626399e-04
1.470000000000000000e+03 5.880023080841652039e-01 9.952207555757851543e-01 1.593081474738279385e-03 2.048247610377787811e-03 3.413746017296313199e-04 7.965407373691396923e-04
1.500000000000000000e+03 6.000023551879236638e-01 9.938552571688666903e-01 1.593081474738279385e-03 2.275830678197541916e-03 1.479289940828402332e-03 7.965407373691396923e-04
1.530000000000000000e+03 6.120024022916821238e-01 9.940828402366863603e-01 1.479289940828402332e-03 2.389622212107419402e-03 1.251706873008648227e-03 7.965407373691396923e-04
1.560000000000000000e+03 6.240024493954405838e-01 9.957897132453344957e-01 7.965407373691396923e-04 1.934456076467910759e-03 5.689576695493854790e-04 9.103322712790168532e-04
1.590000000000000000e+03 6.360024964991990437e-01 9.962448793809740577e-01 3.413746017296313199e-04 2.048247610377787811e-03 7.965407373691396923e-04 5.689576695493854790e-04
1.620000000000000000e+03 6.480025436029575037e-01 9.963586709148839482e-01 3.413746017296313199e-04 2.275830678197541916e-03 3.413746017296313199e-04 6.827492034592626399e-04
1.650000000000000000e+03 6.600025907067159636e-01 9.973827947200728516e-01 5.689576695493854790e-04 1.365498406918525280e-03 3.413746017296313199e-04 3.413746017296313199e-04
1.680000000000000000e+03 6.720026378104744236e-01 9.971552116522530707e-01 4.551661356395084266e-04 1.137915339098770958e-03 4.551661356395084266e-04 7.965407373691396923e-04
1.710000000000000000e+03 6.840026849142328835e-01 9.964724624487938387e-01 4.551661356395084266e-04 1.820664542558033706e-03 4.551661356395084266e-04 7.965407373691396923e-04
1.740000000000000000e+03 6.960027320179913435e-01 9.967000455166135087e-01 5.689576695493854790e-04 9.103322712790168532e-04 4.551661356395084266e-04 1.365498406918525280e-03
1.770000000000000000e+03 7.080027791217498034e-01 9.973827947200728516e-01 4.551661356395084266e-04 9.103322712790168532e-04 5.689576695493854790e-04 6.827492034592626399e-04
1.800000000000000000e+03 7.200028262255082634e-01 9.971552116522530707e-01 4.551661356395084266e-04 1.365498406918525280e-03 4.551661356395084266e-04 5.689576695493854790e-04
1.830000000000000000e+03 7.320028733292667233e-01 9.963586709148839482e-01 5.689576695493854790e-04 1.137915339098770958e-03 6.827492034592626399e-04 1.251706873008648227e-03
1.860000000000000000e+03 7.440029204330251833e-01 9.968138370505233992e-01 3.413746017296313199e-04 1.593081474738279385e-03 3.413746017296313199e-04 9.103322712790168532e-04
1.890000000000000000e+03 7.560029675367836433e-01 9.973827947200728516e-01 5.689576695493854790e-04 7.965407373691396923e-04 3.413746017296313199e-04 9.103322712790168532e-04
1.920000000000000000e+03 7.680030146405423253e-01 9.979517523896221931e-01 0.000000000000000000e+00 1.137915339098770958e-03 3.413746017296313199e-04 5.689576695493854790e-04
1.950000000000000000e+03 7.800030617443007852e-01 9.967000455166135087e-01 2.275830678197542133e-04 1.365498406918525280e-03 6.827492034592626399e-04 1.024123805188893906e-03
1.980000000000000000e+03 7.920031088480592452e-01 9.976103777878926326e-01 1.137915339098771066e-04 1.024123805188893906e-03 2.275830678197542133e-04 1.024123805188893906e-03
2.010000000000000000e+03 8.040031559518177051e-01 9.977241693218024121e-01 3.413746017296313199e-04 9.103322712790168532e-04 3.413746017296313199e-04 6.827492034592626399e-04
2.040000000000000000e+03 8.160032030555761651e-01 9.977241693218024121e-01 4.551661356395084266e-04 6.827492034592626399e-04 2.275830678197542133e-04 9.103322712790168532e-04
2.070000000000000000e+03 8.280032501593346250e-01 9.979517523896221931e-01 2.275830678197542133e-04 7.965407373691396923e-04 4.551661356395084266e-04 5.689576695493854790e-04
2.100000000000000000e+03 8.400032972630930850e-01 9.976103777878926326e-01 3.413746017296313199e-04 9.103322712790168532e-04 3.413746017296313199e-04 7.965407373691396923e-04
2.130000000000000000e+03 8.520033443668515449e-01 9.979517523896221931e-01 5.689576695493854790e-04 9.103322712790168532e-04 1.137915339098771066e-04 4.551661356395084266e-04
2.160000000000000000e+03 8.640033914706100049e-01 9.984069185252617551e-01 2.275830678197542133e-04 4.551661356395084266e-04 1.137915339098771066e-04 7.965407373691396923e-04
2.190000000000000000e+03 8.760034385743684648e-01 9.971552116522530707e-01 9.103322712790168532e-04 9.103322712790168532e-04 4.551661356395084266e-04 5.689576695493854790e-04
2.220000000000000000e+03 8.880034856781269248e-01 9.981793354574419741e-01 1.137915339098771066e-04 5.689576695493854790e-04 3.413746017296313199e-04 7.965407373691396923e-04
2.250000000000000000e+03 9.000035327818853848e-01 9.985207100591716456e-01 2.275830678197542133e-04 3.413746017296313199e-04 1.137915339098771066e-04 7.965407373691396923e-04
2.280000000000000000e+03 9.120035798856438447e-01 9.978379608557123026e-01 3.413746017296313199e-04 7.965407373691396923e-04 2.275830678197542133e-04 7.965407373691396923e-04
2.310000000000000000e+03 9.240036269894023047e-01 9.973827947200728516e-01 2.275830678197542133e-04 1.137915339098770958e-03 1.137915339098771066e-04 1.137915339098770958e-03
2.340000000000000000e+03 9.360036740931607646e-01 9.981793354574419741e-01 1.137915339098771066e-04 2.275830678197542133e-04 3.413746017296313199e-04 1.137915339098770958e-03
2.370000000000000000e+03 9.480037211969194466e-01 9.982931269913518646e-01 1.137915339098771066e-04 6.827492034592626399e-04 0.000000000000000000e+00 9.103322712790168532e-04
2.400000000000000000e+03 9.600037683006779066e-01 9.985207100591716456e-01 1.137915339098771066e-04 4.551661356395084266e-04 1.137915339098771066e-04 7.965407373691396923e-04
2.430000000000000000e+03 9.720038154044363665e-01 9.985207100591716456e-01 0.000000000000000000e+00 6.827492034592626399e-04 2.275830678197542133e-04 5.689576695493854790e-04
2.460000000000000000e+03 9.840038625081948265e-01 9.985207100591716456e-01 1.137915339098771066e-04 3.413746017296313199e-04 0.000000000000000000e+00 1.024123805188893906e-03
2.490000000000000000e+03 9.960039096119532864e-01 9.976103777878926326e-01 1.137915339098771066e-04 7.965407373691396923e-04 1.137915339098771066e-04 1.365498406918525280e-03
