# itime ezz other fcc hcp bcc ico
0.000000000000000000e+00 0.000000000000000000e+00 7.965407373691396923e-04 9.992034592626308775e-01 0.000000000000000000e+00 0.000000000000000000e+00 0.000000000000000000e+00
2.500000000000000000e+02 9.999883811524501454e-04 4.551661356395084266e-04 9.995448338643604380e-01 0.000000000000000000e+00 0.000000000000000000e+00 0.000000000000000000e+00
5.000000000000000000e+02 1.999976762304900291e-03 1.137915339098771066e-04 9.998862084660901095e-01 0.000000000000000000e+00 0.000000000000000000e+00 0.000000000000000000e+00
7.500000000000000000e+02 2.999965143457572481e-03 1.137915339098770958e-03 9.988620846609012061e-01 0.000000000000000000e+00 0.000000000000000000e+00 0.000000000000000000e+00
1.000000000000000000e+03 3.999953524610022626e-03 7.965407373691396923e-04 9.992034592626308775e-01 0.000000000000000000e+00 0.000000000000000000e+00 0.000000000000000000e+00
1.250000000000000000e+03 4.999941905762472771e-03 0.000000000000000000e+00 1.000000000000000000e+00 0.000000000000000000e+00 0.000000000000000000e+00 0.000000000000000000e+00
1.500000000000000000e+03 5.999930286914922917e-03 2.730996813837050560e-03 9.972690031861629611e-01 0.000000000000000000e+00 0.000000000000000000e+00 0.000000000000000000e+00
1.750000000000000000e+03 6.999918668067595107e-03 5.689576695493854790e-04 9.994310423304506585e-01 0.000000000000000000e+00 0.000000000000000000e+00 0.000000000000000000e+00
2.000000000000000000e+03 7.999907049220045252e-03 9.103322712790168532e-04 9.990896677287209870e-01 0.000000000000000000e+00 0.000000000000000000e+00 0.000000000000000000e+00
2.250000000000000000e+03 8.999895430372495397e-03 5.689576695493854790e-04 9.994310423304506585e-01 0.000000000000000000e+00 0.000000000000000000e+00 0.000000000000000000e+00
2.500000000000000000e+03 9.999883811524945543e-03 1.820664542558033706e-03 9.981793354574419741e-01 0.000000000000000000e+00 0.000000000000000000e+00 0.000000000000000000e+00
2.750000000000000000e+03 1.099987219267761773e-02 1.593081474738279385e-03 9.984069185252617551e-01 0.000000000000000000e+00 0.000000000000000000e+00 0.000000000000000000e+00
3.000000000000000000e+03 1.199986057383006788e-02 2.275830678197542133e-04 9.997724169321802190e-01 0.000000000000000000e+00 0.000000000000000000e+00 0.000000000000000000e+00
3.250000000000000000e+03 1.299984895498251802e-02 1.365498406918525280e-03 9.986345015930814251e-01 0.000000000000000000e+00 0.000000000000000000e+00 0.000000000000000000e+00
3.500000000000000000e+03 1.399983733613496817e-02 2.503413746017296455e-03 9.974965862539827421e-01 0.000000000000000000e+00 0.000000000000000000e+00 0.000000000000000000e+00
3.750000000000000000e+03 1.499982571728764036e-02 1.251706873008648227e-03 9.987482931269913156e-01 0.000000000000000000e+00 0.000000000000000000e+00 0.000000000000000000e+00
4.000000000000000000e+03 1.599981409844009050e-02 9.103322712790168532e-04 9.990896677287209870e-01 0.000000000000000000e+00 0.000000000000000000e+00 0.000000000000000000e+00
4.250000000000000000e+03 1.699980247959254065e-02 1.934456076467910759e-03 9.980655439235320836e-01 0.000000000000000000e+00 0.000000000000000000e+00 0.000000000000000000e+00
4.500000000000000000e+03 1.799979086074499079e-02 3.868912152935821518e-03 9.961310878470641672e-01 0.000000000000000000e+00 0.000000000000000000e+00 0.000000000000000000e+00
4.750000000000000000e+03 1.899977924189744094e-02 1.479289940828402332e-03 9.985207100591716456e-01 0.000000000000000000e+00 0.000000000000000000e+00 0.000000000000000000e+00
5.000000000000000000e+03 1.999976762305011313e-02 1.706873008648156654e-03 9.982931269913518646e-01 0.000000000000000000e+00 0.000000000000000000e+00 0.000000000000000000e+00
5.250000000000000000e+03 2.099975600420256328e-02 1.593081474738279385e-03 9.984069185252617551e-01 0.000000000000000000e+00 0.000000000000000000e+00 0.000000000000000000e+00
5.500000000000000000e+03 2.199974438535501342e-02 2.162039144287664864e-03 9.978379608557123026e-01 0.000000000000000000e+00 0.000000000000000000e+00 0.000000000000000000e+00
5.750000000000000000e+03 2.299973276650746357e-02 3.641329085116067413e-03 9.963586709148839482e-01 0.000000000000000000e+00 0.000000000000000000e+00 0.000000000000000000e+00
6.000000000000000000e+03 2.399972114766013576e-02 4.210286754665453109e-03 9.957897132453344957e-01 0.000000000000000000e+00 0.000000000000000000e+00 0.000000000000000000e+00
6.250000000000000000e+03 2.499970952881258590e-02 2.162039144287664864e-03 9.978379608557123026e-01 0.000000000000000000e+00 0.000000000000000000e+00 0.000000000000000000e+00
6.500000000000000000e+03 2.599969790996503605e-02 1.365498406918525280e-03 9.985207100591716456e-01 0.000000000000000000e+00 1.137915339098771066e-04 0.000000000000000000e+00
6.750000000000000000e+03 2.699968629111748619e-02 2.844788347746927612e-03 9.971552116522530707e-01 0.000000000000000000e+00 0.000000000000000000e+00 0.000000000000000000e+00
7.000000000000000000e+03 2.799967467227015838e-02 4.551661356395083832e-03 9.954483386436049352e-01 0.000000000000000000e+00 0.000000000000000000e+00 0.000000000000000000e+00
7.250000000000000000e+03 2.899966305342260853e-02 4.779244424214838804e-03 9.952207555757851543e-01 0.000000000000000000e+00 0.000000000000000000e+00 0.000000000000000000e+00
7.500000000000000000e+03 2.999965143457505867e-02 4.665452890304961318e-03 9.949931725079653733e-01 0.000000000000000000e+00 3.413746017296313199e-04 0.000000000000000000e+00
7.750000000000000000e+03 3.099963981572750882e-02 4.324078288575329727e-03 9.956759217114247162e-01 0.000000000000000000e+00 0.000000000000000000e+00 0.000000000000000000e+00
8.000000000000000000e+03 3.199962819688018101e-02 4.551661356395083832e-03 9.954483386436049352e-01 0.000000000000000000e+00 0.000000000000000000e+00 0.000000000000000000e+00
8.250000000000000000e+03 3.299961657803263115e-02 3.755120619025944465e-03 9.961310878470641672e-01 0.000000000000000000e+00 1.137915339098771066e-04 0.000000000000000000e+00
8.500000000000000000e+03 3.399960495918508130e-02 3.413746017296313308e-03 9.965862539827037292e-01 0.000000000000000000e+00 0.000000000000000000e+00 0.000000000000000000e+00
8.750000000000000000e+03 3.499959334033753144e-02 3.868912152935821518e-03 9.960172963131542767e-01 0.000000000000000000e+00 1.137915339098771066e-04 0.000000000000000000e+00
9.000000000000000000e+03 3.599958172148998159e-02 6.144742831133363434e-03 9.936276741010469093e-01 0.000000000000000000e+00 2.275830678197542133e-04 0.000000000000000000e+00
9.250000000000000000e+03 3.699957010264265378e-02 5.803368229403732710e-03 9.940828402366863603e-01 0.000000000000000000e+00 1.137915339098771066e-04 0.000000000000000000e+00
9.500000000000000000e+03 3.799955848379510392e-02 5.689576695493855224e-03 9.939690487027764698e-01 0.000000000000000000e+00 3.413746017296313199e-04 0.000000000000000000e+00
9.750000000000000000e+03 3.899954686494755407e-02 6.713700500682749130e-03 9.927173418297678964e-01 0.000000000000000000e+00 5.689576695493854790e-04 0.000000000000000000e+00
1.000000000000000000e+04 3.999953524610000422e-02 6.941283568502503235e-03 9.928311333636777869e-01 0.000000000000000000e+00 2.275830678197542133e-04 0.000000000000000000e+00
1.025000000000000000e+04 4.099952362725267641e-02 1.137915339098771045e-02 9.885070550751023921e-01 0.000000000000000000e+00 1.137915339098771066e-04 0.000000000000000000e+00
1.050000000000000000e+04 4.199951200840512655e-02 7.510241238051888930e-03 9.924897587619481154e-01 0.000000000000000000e+00 0.000000000000000000e+00 0.000000000000000000e+00
1.075000000000000000e+04 4.299950038955757670e-02 1.206190259444697363e-02 9.879380974055530507e-01 0.000000000000000000e+00 0.000000000000000000e+00 0.000000000000000000e+00
1.100000000000000000e+04 4.399948877071002684e-02 9.217114246700046018e-03 9.903277196176604180e-01 0.000000000000000000e+00 4.551661356395084266e-04 0.000000000000000000e+00
1.125000000000000000e+04 4.499947715186269903e-02 7.510241238051888930e-03 9.923759672280382249e-01 0.000000000000000000e+00 1.137915339098771066e-04 0.000000000000000000e+00
1.150000000000000000e+04 4.599946553301514918e-02 7.396449704142011444e-03 9.924897587619481154e-01 0.000000000000000000e+00 1.137915339098771066e-04 0.000000000000000000e+00
1.175000000000000000e+04 4.699945391416759932e-02 1.319981793354574502e-02 9.863450159308146947e-01 0.000000000000000000e+00 4.551661356395084266e-04 0.000000000000000000e+00
1.200000000000000000e+04 4.799944229532004947e-02 1.445152480655439303e-02 9.852071005917160118e-01 0.000000000000000000e+00 3.413746017296313199e-04 0.000000000000000000e+00
1.225000000000000000e+04 4.899943067647272166e-02 1.115157032316795548e-02 9.882794720072826111e-01 0.000000000000000000e+00 5.689576695493854790e-04 0.000000000000000000e+00
1.250000000000000000e+04 4.999941905762517180e-02 1.206190259444697363e-02 9.878243058716431602e-01 0.000000000000000000e+00 1.137915339098771066e-04 0.000000000000000000e+00
1.275000000000000000e+04 5.099940743877762195e-02 1.445152480655439303e-02 9.849795175238962308e-01 0.000000000000000000e+00 5.689576695493854790e-04 0.000000000000000000e+00
1.300000000000000000e+04 5.199939581993007209e-02 1.308602639963586667e-02 9.862312243969049153e-01 0.000000000000000000e+00 6.827492034592626399e-04 0.000000000000000000e+00
1.325000000000000000e+04 5.299938420108252224e-02 2.196176604460628110e-02 9.770141101502047842e-01 0.000000000000000000e+00 1.024123805188893906e-03 0.000000000000000000e+00
1.350000000000000000e+04 5.399937258223519443e-02 1.900318616294947513e-02 9.797451069640418231e-01 0.000000000000000000e+00 1.251706873008648227e-03 0.000000000000000000e+00
1.375000000000000000e+04 5.499936096338764457e-02 1.672735548475193582e-02 9.824761037778789730e-01 0.000000000000000000e+00 7.965407373691396923e-04 0.000000000000000000e+00
1.400000000000000000e+04 5.599934934454009472e-02 1.934456076467910846e-02 9.796313154301320436e-01 0.000000000000000000e+00 1.024123805188893906e-03 0.000000000000000000e+00
1.425000000000000000e+04 5.699933772569254486e-02 1.832043695949021542e-02 9.809968138370505075e-01 0.000000000000000000e+00 6.827492034592626399e-04 0.000000000000000000e+00
1.450000000000000000e+04 5.799932610684521705e-02 3.311333636777423484e-02 9.654073736913973969e-01 0.000000000000000000e+00 1.479289940828402332e-03 0.000000000000000000e+00
1.475000000000000000e+04 5.899931448799766720e-02 2.674101046882111990e-02 9.710969503868912556e-01 0.000000000000000000e+00 2.162039144287664864e-03 0.000000000000000000e+00
1.500000000000000000e+04 5.999930286915011735e-02 2.617205279927173334e-02 9.721210741920801590e-01 0.000000000000000000e+00 1.706873008648156654e-03 0.000000000000000000e+00
1.525000000000000000e+04 6.099929125030256749e-02 2.890304961310878606e-02 9.700728265817023521e-01 0.000000000000000000e+00 1.024123805188893906e-03 0.000000000000000000e+00
1.550000000000000000e+04 6.199927963145523968e-02 2.822030040964952288e-02 9.703004096495220221e-01 0.000000000000000000e+00 1.479289940828402332e-03 0.000000000000000000e+00
1.575000000000000000e+04 6.299926801260768983e-02 2.492034592626308706e-02 9.741693218024578549e-01 0.000000000000000000e+00 9.103322712790168532e-04 0.000000000000000000e+00
1.600000000000000000e+04 6.399925639376013997e-02 3.994082840236686666e-02 9.586936731907146347e-01 0.000000000000000000e+00 1.365498406918525280e-03 0.000000000000000000e+00
1.625000000000000000e+04 6.499924477491259012e-02 3.914428766499772339e-02 9.577833409194356218e-01 0.000000000000000000e+00 3.072371415566681717e-03 0.000000000000000000e+00
1.650000000000000000e+04 6.599923315606526231e-02 5.131998179335457710e-02 9.462903959945380139e-01 0.000000000000000000e+00 2.389622212107419402e-03 0.000000000000000000e+00
1.675000000000000000e+04 6.699922153721771245e-02 4.949931725079653733e-02 9.469731451979972459e-01 0.000000000000000000e+00 3.527537551206190360e-03 0.000000000000000000e+00
1.700000000000000000e+04 6.799920991837016260e-02 4.494765589440145870e-02 9.526627218934911046e-01 0.000000000000000000e+00 2.389622212107419402e-03 0.000000000000000000e+00
1.725000000000000000e+04 6.899919829952261274e-02 4.722348657259899801e-02 9.483386436049158208e-01 0.000000000000000000e+00 4.437869822485207214e-03 0.000000000000000000e+00
1.750000000000000000e+04 6.999918668067506289e-02 4.779244424214838111e-02 9.489076012744651623e-01 0.000000000000000000e+00 3.299954483386436255e-03 0.000000000000000000e+00
1.775000000000000000e+04 7.099917506182773508e-02 5.974055530268548159e-02 9.346836595357305155e-01 0.000000000000000000e+00 5.575785161583977738e-03 0.000000000000000000e+00
1.800000000000000000e+04 7.199916344298018522e-02 6.440600819299044377e-02 9.291078743741465473e-01 0.000000000000000000e+00 6.486117432862995025e-03 0.000000000000000000e+00
1.825000000000000000e+04 7.299915182413263537e-02 6.178880291306326766e-02 9.319526627218934767e-01 0.000000000000000000e+00 6.258534365043240920e-03 0.000000000000000000e+00
1.850000000000000000e+04 7.399914020528508551e-02 6.861629494765589254e-02 9.256941283568502765e-01 0.000000000000000000e+00 5.689576695493855224e-03 0.000000000000000000e+00
1.875000000000000000e+04 7.499912858643775770e-02 8.409194355939918208e-02 9.085116067364588099e-01 0.000000000000000000e+00 7.396449704142011444e-03 0.000000000000000000e+00
1.900000000000000000e+04 7.599911696759020785e-02 9.342284934000910646e-02 8.951979972690031762e-01 0.000000000000000000e+00 1.137915339098771045e-02 0.000000000000000000e+00
1.925000000000000000e+04 7.699910534874265799e-02 8.136094674556212936e-02 9.107874374146563978e-01 1.137915339098771066e-04 7.737824305871643035e-03 0.000000000000000000e+00
1.950000000000000000e+04 7.799909372989510814e-02 1.018434228493400040e-01 8.864360491579426071e-01 0.000000000000000000e+00 1.172052799271734204e-02 0.000000000000000000e+00
1.975000000000000000e+04 7.899908211104778033e-02 1.027537551206190308e-01 8.830223031406463363e-01 0.000000000000000000e+00 1.422394173873463806e-02 0.000000000000000000e+00
2.000000000000000000e+04 7.999907049220023048e-02 1.244879380974055483e-01 8.552571688666362748e-01 0.000000000000000000e+00 2.025489303595812488e-02 0.000000000000000000e+00
2.025000000000000000e+04 8.099905887335268062e-02 1.299499317250796537e-01 8.423987255348202030e-01 1.137915339098771066e-04 2.753755120619025970e-02 0.000000000000000000e+00
2.050000000000000000e+04 8.199904725450513077e-02 1.412152935821574806e-01 8.285161583978152278e-01 0.000000000000000000e+00 3.026854802002730896e-02 0.000000000000000000e+00
2.075000000000000000e+04 8.299903563565780296e-02 1.676149294492489672e-01 7.981338188438780179e-01 0.000000000000000000e+00 3.425125170687300796e-02 0.000000000000000000e+00
2.100000000000000000e+04 8.399902401681025310e-02 1.845698680018206528e-01 7.406690942193900895e-01 2.275830678197542133e-04 7.453345471096950448e-02 0.000000000000000000e+00
2.125000000000000000e+04 8.499901239796270325e-02 2.233727810650887602e-01 6.598771051433773849e-01 1.137915339098770958e-03 1.156121984524351443e-01 0.000000000000000000e+00
2.150000000000000000e+04 8.599900077911515339e-02 2.419208010923987184e-01 6.005917159763313196e-01 3.527537551206190360e-03 1.539599453800637174e-01 0.000000000000000000e+00
2.175000000000000000e+04 8.699898916026760354e-02 2.617205279927173334e-01 5.415339098771051463e-01 2.264451524806554428e-02 1.741010468821119761e-01 0.000000000000000000e+00
2.200000000000000000e+04 8.799897754142027573e-02 2.699135184342285054e-01 4.902139280837505830e-01 6.008192990441511144e-02 1.797906235776058348e-01 0.000000000000000000e+00
2.225000000000000000e+04 8.899896592257272587e-02 2.633136094674556338e-01 4.961310878470641672e-01 1.141329085116067343e-01 1.264223941738734647e-01 0.000000000000000000e+00
2.250000000000000000e+04 8.999895430372517602e-02 2.447655894401456478e-01 5.249203459262631322e-01 1.442876649977241632e-01 8.602639963586708460e-02 0.000000000000000000e+00
2.275000000000000000e+04 9.099894268487762616e-02 2.141556668183887124e-01 5.335685025034136997e-01 1.721665908056440597e-01 8.010923987255348655e-02 0.000000000000000000e+00
2.300000000000000000e+04 9.199893106603029835e-02 2.077833409194355940e-01 5.318616294947655643e-01 1.837733272644515303e-01 7.658170232134729749e-02 0.000000000000000000e+00
2.325000000000000000e+04 9.299891944718274850e-02 2.185935366408739144e-01 5.223031406463358728e-01 1.862767410104688159e-01 7.282658170232134132e-02 0.000000000000000000e+00
2.350000000000000000e+04 9.399890782833519864e-02 2.018661811561219821e-01 5.406235776058261333e-01 1.927628584433318248e-01 6.474738279472007363e-02 0.000000000000000000e+00
2.375000000000000000e+04 9.499889620948764879e-02 2.094902139280837572e-01 5.234410559854346667e-01 2.031178880291306388e-01 6.395084205735093730e-02 0.000000000000000000e+00
2.400000000000000000e+04 9.599888459064032098e-02 1.769458352298589054e-01 5.537096040054619861e-01 2.134729176149294527e-01 5.587164314974965573e-02 0.000000000000000000e+00
2.425000000000000000e+04 9.699887297179277112e-02 1.961766044606281234e-01 5.433545744196631722e-01 2.122212107419207960e-01 4.824761037778789452e-02 0.000000000000000000e+00
2.450000000000000000e+04 9.799886135294522127e-02 1.932180245789713313e-01 5.318616294947655643e-01 2.208693673190714746e-01 5.405097860719162289e-02 0.000000000000000000e+00
2.475000000000000000e+04 9.899884973409767142e-02 1.950386891215293572e-01 5.155894401456531106e-01 2.243969048702776636e-01 6.497496586253982687e-02 0.000000000000000000e+00
2.500000000000000000e+04 9.999883811525034361e-02 1.853664087391898030e-01 5.133136094674556338e-01 2.324761037778789174e-01 6.884387801547564578e-02 0.000000000000000000e+00
2.525000000000000000e+04 1.009988264964027938e-01 1.949248975876194945e-01 4.905553026854801990e-01 2.298588984979517413e-01 8.466090122894856518e-02 0.000000000000000000e+00
2.550000000000000000e+04 1.019988148775552439e-01 1.975421028675466428e-01 4.698452435138825711e-01 2.401001365498406925e-01 9.251251706873007963e-02 0.000000000000000000e+00
2.575000000000000000e+04 1.029988032587076940e-01 1.821802457897132577e-01 4.557350933090578149e-01 2.535275375512062168e-01 1.085571233500227523e-01 0.000000000000000000e+00
2.600000000000000000e+04 1.039987916398601442e-01 2.014110150204824756e-01 4.401456531634046487e-01 2.534137460172963263e-01 1.050295857988165632e-01 0.000000000000000000e+00
2.625000000000000000e+04 1.049987800210128164e-01 2.011834319526627224e-01 4.394629039599453613e-01 2.519344560764679164e-01 1.074192080109239861e-01 0.000000000000000000e+00
2.650000000000000000e+04 1.059987684021652665e-01 1.950386891215293572e-01 4.457214383249886169e-01 2.553482020937642427e-01 1.038916704597177970e-01 0.000000000000000000e+00
2.675000000000000000e+04 1.069987567833177167e-01 2.025489303595812418e-01 4.293354574419663283e-01 2.559171597633135842e-01 1.121984524351388318e-01 0.000000000000000000e+00
2.700000000000000000e+04 1.079987451644701668e-01 1.923076923076923184e-01 4.234182976786526886e-01 2.776513427401001155e-01 1.066226672735548497e-01 0.000000000000000000e+00
2.725000000000000000e+04 1.089987335456228390e-01 2.089212562585343602e-01 4.190942193900774049e-01 2.700273099681383959e-01 1.019572143832498806e-01 0.000000000000000000e+00
2.750000000000000000e+04 1.099987219267752891e-01 2.028903049613108855e-01 4.208010923987255403e-01 2.759444697314519801e-01 1.003641329085116080e-01 0.000000000000000000e+00
2.775000000000000000e+04 1.109987103079277393e-01 2.068730086481565811e-01 4.140873918980427781e-01 2.784478834774692935e-01 1.005917159763313612e-01 0.000000000000000000e+00
2.800000000000000000e+04 1.119986986890801894e-01 2.261037778789257990e-01 4.046426945835229771e-01 2.690031861629494925e-01 1.002503413746017313e-01 0.000000000000000000e+00
2.825000000000000000e+04 1.129986870702328616e-01 2.281520254893036059e-01 3.970186618115612021e-01 2.642239417387346467e-01 1.106053709604005453e-01 0.000000000000000000e+00
2.850000000000000000e+04 1.139986754513853118e-01 2.348657259899863403e-01 4.010013654984069253e-01 2.614929449248976079e-01 1.026399635867091542e-01 0.000000000000000000e+00
2.875000000000000000e+04 1.149986638325377619e-01 2.229176149294492537e-01 3.929221665908056438e-01 2.550068274920345712e-01 1.291533909877105035e-01 0.000000000000000000e+00
2.900000000000000000e+04 1.159986522136902121e-01 2.335002275830678209e-01 3.810878470641784199e-01 2.628584433318161273e-01 1.225534820209376458e-01 0.000000000000000000e+00
2.925000000000000000e+04 1.169986405948428843e-01 2.426035502958579781e-01 3.784706417842512716e-01 2.676376877560309731e-01 1.112881201638598050e-01 0.000000000000000000e+00
2.950000000000000000e+04 1.179986289759953344e-01 2.570550751024123781e-01 3.548020027309968238e-01 2.622894856622667303e-01 1.258534365043240677e-01 0.000000000000000000e+00
2.975000000000000000e+04 1.189986173571477845e-01 2.560309512972234747e-01 3.369367319071461253e-01 2.650204824761037692e-01 1.420118343195266308e-01 0.000000000000000000e+00
3.000000000000000000e+04 1.199986057383002347e-01 2.503413746017296160e-01 3.379608557123350288e-01 2.823167956304050707e-01 1.293809740555302568e-01 0.000000000000000000e+00
3.025000000000000000e+04 1.209985941194526848e-01 2.614929449248976079e-01 3.167956304050978389e-01 2.941511151570322946e-01 1.275603095129722309e-01 0.000000000000000000e+00
3.050000000000000000e+04 1.219985825006053570e-01 2.587619481110605135e-01 3.104233045061447482e-01 3.119025944469731582e-01 1.189121529358215801e-01 0.000000000000000000e+00
3.075000000000000000e+04 1.229985708817578072e-01 2.601274465179790885e-01 2.906235776058261333e-01 3.139508420573509095e-01 1.352981338188438687e-01 0.000000000000000000e+00
3.100000000000000000e+04 1.239985592629102573e-01 2.694583522985889990e-01 2.870960400546199165e-01 3.093991807009558448e-01 1.340464269458352398e-01 0.000000000000000000e+00
3.125000000000000000e+04 1.249985476440627075e-01 2.775375512061902805e-01 2.771961766044606090e-01 3.098543468365953513e-01 1.354119253527537592e-01 0.000000000000000000e+00
3.150000000000000000e+04 1.259985360252153797e-01 2.649066909421938787e-01 2.746927628584433512e-01 3.218024578971324656e-01 1.385980883022303045e-01 0.000000000000000000e+00
3.175000000000000000e+04 1.269985244063678298e-01 2.699135184342285054e-01 2.733272644515248317e-01 3.233955393718707105e-01 1.333636777423759801e-01 0.000000000000000000e+00
3.200000000000000000e+04 1.279985127875202799e-01 2.595584888484296915e-01 2.707100591715976279e-01 3.412608101957214646e-01 1.284706417842512438e-01 0.000000000000000000e+00
3.225000000000000000e+04 1.289985011686727301e-01 2.469276285844333174e-01 2.621756941283568398e-01 3.488848429676831842e-01 1.420118343195266308e-01 0.000000000000000000e+00
3.250000000000000000e+04 1.299984895498254023e-01 2.545516613563950648e-01 2.679790623577605890e-01 3.452435138825671324e-01 1.322257624032771861e-01 0.000000000000000000e+00
3.275000000000000000e+04 1.309984779309778524e-01 2.496586253982703563e-01 2.546654528903049552e-01 3.404642694583522866e-01 1.552116522530723741e-01 0.000000000000000000e+00
3.300000000000000000e+04 1.319984663121303026e-01 2.595584888484296915e-01 2.603550295857988139e-01 3.451297223486572419e-01 1.349567592171142527e-01 0.000000000000000000e+00
3.325000000000000000e+04 1.329984546932827527e-01 2.757168866636321991e-01 2.404415111515703363e-01 3.332954028220300180e-01 1.505461993627674189e-01 0.000000000000000000e+00
3.350000000000000000e+04 1.339984430744354249e-01 2.638825671370050308e-01 2.247382794720072796e-01 3.418297678652708060e-01 1.695493855257168836e-01 0.000000000000000000e+00
3.375000000000000000e+04 1.349984314555878750e-01 2.708238507055075184e-01 2.172280382339553950e-01 3.533227127901684139e-01 1.586253982703686727e-01 0.000000000000000000e+00
3.400000000000000000e+04 1.359984198367403252e-01 2.790168411470186349e-01 2.110832954028220299e-01 3.610605370960400795e-01 1.488393263541192557e-01 0.000000000000000000e+00
3.425000000000000000e+04 1.369984082178927753e-01 2.608101957214383204e-01 2.042558033682294050e-01 3.611743286299499145e-01 1.737596722803823324e-01 0.000000000000000000e+00
3.450000000000000000e+04 1.379983965990452255e-01 2.725307237141556538e-01 2.038006372325898985e-01 3.705052344105598805e-01 1.531634046426945950e-01 0.000000000000000000e+00
3.475000000000000000e+04 1.389983849801978977e-01 2.683204369594902050e-01 1.931042330450614408e-01 3.728948566226672479e-01 1.656804733727810786e-01 0.000000000000000000e+00
3.500000000000000000e+04 1.399983733613503478e-01 2.709376422394174089e-01 1.868456986800182129e-01 3.670914883932635542e-01 1.751251706873008518e-01 0.000000000000000000e+00
3.525000000000000000e+04 1.409983617425027980e-01 2.721893491124260378e-01 1.853664087391898030e-01 3.716431497496586189e-01 1.708010923987255403e-01 0.000000000000000000e+00
3.550000000000000000e+04 1.419983501236552481e-01 2.688893946290396020e-01 1.855939918070095562e-01 3.773327264451524776e-01 1.681838871187983642e-01 0.000000000000000000e+00
3.575000000000000000e+04 1.429983385048079203e-01 2.769685935366408835e-01 1.829767865270823801e-01 3.761948111060536837e-01 1.638598088302230249e-01 0.000000000000000000e+00
3.600000000000000000e+04 1.439983268859603704e-01 2.754893035958124736e-01 1.756941283568502488e-01 3.743741465634956578e-01 1.744424214838415921e-01 0.000000000000000000e+00
3.625000000000000000e+04 1.449983152671128206e-01 2.860719162494310686e-01 1.752389622212107423e-01 3.857532999544833752e-01 1.529358215748748417e-01 0.000000000000000000e+00
3.650000000000000000e+04 1.459983036482652707e-01 2.729858898497951603e-01 1.684114701866181174e-01 3.838188438780154588e-01 1.747837960855712358e-01 0.000000000000000000e+00
3.675000000000000000e+04 1.469982920294179429e-01 2.874374146563495880e-01 1.665908056440600915e-01 3.751706873008648357e-01 1.708010923987255403e-01 0.000000000000000000e+00
3.700000000000000000e+04 1.479982804105703931e-01 2.925580336822940497e-01 1.475876194811105990e-01 3.826809285389167203e-01 1.771734182976786587e-01 0.000000000000000000e+00
3.725000000000000000e+04 1.489982687917228432e-01 2.974510696404187304e-01 1.591943559399180697e-01 3.714155666818388934e-01 1.719390077378243065e-01 0.000000000000000000e+00
3.750000000000000000e+04 1.499982571728752934e-01 3.008648156577150568e-01 1.428083750568957533e-01 3.708466090122894965e-01 1.854802002730996935e-01 0.000000000000000000e+00
3.775000000000000000e+04 1.509982455540279656e-01 3.078060992262175444e-01 1.349567592171142527e-01 3.656121984524351443e-01 1.916249431042330587e-01 0.000000000000000000e+00
3.800000000000000000e+04 1.519982339351804157e-01 2.948338643604915821e-01 1.307464724624488039e-01 3.683431952662721831e-01 2.060764679107874309e-01 0.000000000000000000e+00
3.825000000000000000e+04 1.529982223163328658e-01 3.045061447428311086e-01 1.134501593081474746e-01 3.594674556213017791e-01 2.225762403277196100e-01 0.000000000000000000e+00
3.850000000000000000e+04 1.539982106974853160e-01 2.984751934456076339e-01 9.330905780609922984e-02 3.644742831133363503e-01 2.437414656349567721e-01 0.000000000000000000e+00
3.875000000000000000e+04 1.549981990786377661e-01 2.724169321802457633e-01 6.497496586253982687e-02 3.761948111060536837e-01 2.864132908511606845e-01 0.000000000000000000e+00
3.900000000000000000e+04 1.559981874597904383e-01 2.559171597633135842e-01 5.632680928538916915e-02 4.052116522530723741e-01 2.825443786982248517e-01 0.000000000000000000e+00
3.925000000000000000e+04 1.569981758409428885e-01 2.515930814747383004e-01 5.131998179335457710e-02 4.237596722803823601e-01 2.733272644515248317e-01 0.000000000000000000e+00
3.950000000000000000e+04 1.579981642220953386e-01 2.412380518889394587e-01 4.984069185252617412e-02 4.491351843422849432e-01 2.597860719162494170e-01 0.000000000000000000e+00
3.975000000000000000e+04 1.589981526032477888e-01 2.555757851615839682e-01 5.188893946290396020e-02 4.682521620391442707e-01 2.242831133363677731e-01 0.000000000000000000e+00
4.000000000000000000e+04 1.599981409844004610e-01 2.338416021847974646e-01 5.359581247155211642e-02 5.061447428311333097e-01 2.064178425125170746e-01 0.000000000000000000e+00
4.025000000000000000e+04 1.609981293655529111e-01 2.362312243969048597e-01 5.405097860719162289e-02 5.167273554847519046e-01 1.929904415111515781e-01 0.000000000000000000e+00
4.050000000000000000e+04 1.619981177467053612e-01 2.324761037778789174e-01 5.291306326809285671e-02 5.311788802913063323e-01 1.834319526627218866e-01 0.000000000000000000e+00
4.075000000000000000e+04 1.629981061278578114e-01 2.374829312699135164e-01 5.461993627674101293e-02 5.421028675466544877e-01 1.657942649066909413e-01 0.000000000000000000e+00
4.100000000000000000e+04 1.639980945090104836e-01 2.428311333636777314e-01 5.188893946290396020e-02 5.473372781065088954e-01 1.579426490669094130e-01 0.000000000000000000e+00
4.125000000000000000e+04 1.649980828901629337e-01 2.287209831588529751e-01 5.223031406463359005e-02 5.632680928538916776e-01 1.557806099226217433e-01 0.000000000000000000e+00
4.150000000000000000e+04 1.659980712713153839e-01 2.358898497951752438e-01 5.086481565771506369e-02 5.471096950386891145e-01 1.661356395084205850e-01 0.000000000000000000e+00
4.175000000000000000e+04 1.669980596524678340e-01 2.272416932180245652e-01 5.257168866636321991e-02 5.760127446517978589e-01 1.441738734638143005e-01 0.000000000000000000e+00
4.200000000000000000e+04 1.679980480336205062e-01 2.283796085571233592e-01 5.097860719162494031e-02 5.739644970414201630e-01 1.466772872098315861e-01 0.000000000000000000e+00
4.225000000000000000e+04 1.689980364147729563e-01 2.294037323623122349e-01 5.086481565771506369e-02 5.760127446517978589e-01 1.437187073281747940e-01 0.000000000000000000e+00
4.250000000000000000e+04 1.699980247959254065e-01 2.344105598543468338e-01 5.245789713245334329e-02 5.722576240327719166e-01 1.408739189804278646e-01 0.000000000000000000e+00
4.275000000000000000e+04 1.709980131770778566e-01 2.330450614474283144e-01 4.995448338643605074e-02 5.794264906690942407e-01 1.375739644970414288e-01 0.000000000000000000e+00
4.300000000000000000e+04 1.719980015582303068e-01 2.291761492944924816e-01 5.097860719162494031e-02 5.934228493400091065e-01 1.264223941738734647e-01 0.000000000000000000e+00
4.325000000000000000e+04 1.729979899393829790e-01 2.397587619481110488e-01 5.040964952207555722e-02 5.815885298133819381e-01 1.282430587164314906e-01 0.000000000000000000e+00
4.350000000000000000e+04 1.739979783205354291e-01 2.404415111515703363e-01 5.177514792899408358e-02 5.850022758306782089e-01 1.227810650887573990e-01 0.000000000000000000e+00
4.375000000000000000e+04 1.749979667016878793e-01 2.339553937187073274e-01 5.461993627674101293e-02 5.941055985434683384e-01 1.173190714610832935e-01 0.000000000000000000e+00
4.400000000000000000e+04 1.759979550828403294e-01 2.341829767865270806e-01 5.348202093764223980e-02 5.931952662721893255e-01 1.191397360036413333e-01 0.000000000000000000e+00
4.425000000000000000e+04 1.769979434639930016e-01 2.387346381429221731e-01 5.029585798816568060e-02 5.972917614929449392e-01 1.136777423759672279e-01 0.000000000000000000e+00
4.450000000000000000e+04 1.779979318451454517e-01 2.284934000910332219e-01 5.234410559854346667e-02 5.972917614929449392e-01 1.218707328174783860e-01 0.000000000000000000e+00
4.475000000000000000e+04 1.789979202262979019e-01 2.250796540737369233e-01 4.927173418297678409e-02 6.176604460628128956e-01 1.079881656804733692e-01 0.000000000000000000e+00
4.500000000000000000e+04 1.799979086074503520e-01 2.218934911242603503e-01 4.938552571688666071e-02 6.312016385980883104e-01 9.751934456076467861e-02 0.000000000000000000e+00
4.525000000000000000e+04 1.809978969886030242e-01 2.199590350477924339e-01 4.915794264906690747e-02 6.202776513427401550e-01 1.106053709604005453e-01 0.000000000000000000e+00
4.550000000000000000e+04 1.819978853697554744e-01 2.198452435138825711e-01 5.131998179335457710e-02 6.228948566226673034e-01 1.059399180700955900e-01 0.000000000000000000e+00
4.575000000000000000e+04 1.829978737509079245e-01 2.240555302685480199e-01 5.029585798816568060e-02 6.248293126991352198e-01 1.008192990441511144e-01 0.000000000000000000e+00
4.600000000000000000e+04 1.839978621320603747e-01 2.272416932180245652e-01 5.131998179335457710e-02 6.218707328174783999e-01 9.956759217114247162e-02 0.000000000000000000e+00
4.625000000000000000e+04 1.849978505132128248e-01 2.152935821574874786e-01 5.120619025944470049e-02 6.296085571233500655e-01 1.038916704597177970e-01 0.000000000000000000e+00
4.650000000000000000e+04 1.859978388943654970e-01 2.282658170232134687e-01 4.893035958124715423e-02 6.256258534365043422e-01 9.717796995903504875e-02 0.000000000000000000e+00
4.675000000000000000e+04 1.869978272755179471e-01 2.283796085571233592e-01 4.802002730996814128e-02 6.312016385980883104e-01 9.239872553482020301e-02 0.000000000000000000e+00
4.700000000000000000e+04 1.879978156566703973e-01 2.288347746927628656e-01 5.314064633591260994e-02 6.340464269458352398e-01 8.397815202548930547e-02 0.000000000000000000e+00
4.725000000000000000e+04 1.889978040378228474e-01 2.233727810650887602e-01 4.972690031861629750e-02 6.203914428766499345e-01 1.065088757396449731e-01 0.000000000000000000e+00
4.750000000000000000e+04 1.899977924189755196e-01 2.180245789713245452e-01 5.211652253072371344e-02 6.271051433773326966e-01 1.027537551206190308e-01 0.000000000000000000e+00
4.775000000000000000e+04 1.909977808001279698e-01 2.231451979972690070e-01 4.972690031861629750e-02 6.281292671825216001e-01 9.899863450159307465e-02 0.000000000000000000e+00
4.800000000000000000e+04 1.919977691812804199e-01 2.210969503868912278e-01 5.052344105598543383e-02 6.310878470641784199e-01 9.729176149294492537e-02 0.000000000000000000e+00
4.825000000000000000e+04 1.929977575624328701e-01 2.264451524806554428e-01 4.642694583522986168e-02 6.264223941738734647e-01 1.007055075102412378e-01 0.000000000000000000e+00
4.850000000000000000e+04 1.939977459435855422e-01 2.113108784706417831e-01 4.699590350477924477e-02 6.335912608101956778e-01 1.081019572143832458e-01 0.000000000000000000e+00
4.875000000000000000e+04 1.949977343247379924e-01 2.123350022758306865e-01 4.563040509786071841e-02 6.333636777423760078e-01 1.086709148839326289e-01 0.000000000000000000e+00
4.900000000000000000e+04 1.959977227058904425e-01 2.100591715976331264e-01 4.995448338643605074e-02 6.265361857077833552e-01 1.134501593081474746e-01 0.000000000000000000e+00
4.925000000000000000e+04 1.969977110870428927e-01 2.027765134274009950e-01 4.619936276741010150e-02 6.441738734638142727e-01 1.068502503413746030e-01 0.000000000000000000e+00
4.950000000000000000e+04 1.979976994681955649e-01 1.780837505689576716e-01 4.233045061447428259e-02 6.852526172052799680e-01 9.433318161128811941e-02 0.000000000000000000e+00
4.975000000000000000e+04 1.989976878493480150e-01 1.048020027309968100e-01 5.564406008192990249e-02 7.933545744196631722e-01 4.619936276741010150e-02 0.000000000000000000e+00
5.000000000000000000e+04 1.999976762305004652e-01 8.716431497496586467e-02 5.291306326809285671e-02 8.262403277196176399e-01 3.368229403732362487e-02 0.000000000000000000e+00
5.025000000000000000e+04 2.009976646116529153e-01 7.760582612653618706e-02 5.223031406463359005e-02 8.380746472462449193e-01 3.208921256258534527e-02 0.000000000000000000e+00
5.050000000000000000e+04 2.019976529928053655e-01 6.690942193900774326e-02 5.131998179335457710e-02 8.536640873918980299e-01 2.810650887573964626e-02 0.000000000000000000e+00
5.075000000000000000e+04 2.029976413739580376e-01 5.632680928538916915e-02 5.097860719162494031e-02 8.716431497496586189e-01 2.105143377332726468e-02 0.000000000000000000e+00
5.100000000000000000e+04 2.039976297551104878e-01 4.028220300409649651e-02 5.871643149749658508e-02 8.916704597177970149e-01 9.330905780609922637e-03 0.000000000000000000e+00
5.125000000000000000e+04 2.049976181362629379e-01 2.355484751934456070e-02 6.759217114246700298e-02 9.017979062357760478e-01 7.055075102412380721e-03 0.000000000000000000e+00
5.150000000000000000e+04 2.059976065174153881e-01 2.480655439235321044e-02 6.713700500682749650e-02 9.015703231679562668e-01 6.486117432862995025e-03 0.000000000000000000e+00
5.175000000000000000e+04 2.069975948985680603e-01 2.628584433318160996e-02 6.656804733727811341e-02 9.011151570323168158e-01 6.030951297223486815e-03 0.000000000000000000e+00
5.200000000000000000e+04 2.079975832797205104e-01 2.332726445152480746e-02 6.770596267637687959e-02 9.039599453800637452e-01 5.006827492034592909e-03 0.000000000000000000e+00
5.225000000000000000e+04 2.089975716608729606e-01 2.435138825671370050e-02 6.804733727810650945e-02 9.028220300409649512e-01 4.779244424214838804e-03 0.000000000000000000e+00
5.250000000000000000e+04 2.099975600420254107e-01 2.560309512972235024e-02 6.645425580336822291e-02 9.031634046426946227e-01 4.779244424214838804e-03 0.000000000000000000e+00
5.275000000000000000e+04 2.109975484231780829e-01 2.298588984979517413e-02 6.850250341374601593e-02 9.037323623122439642e-01 4.779244424214838804e-03 0.000000000000000000e+00
5.300000000000000000e+04 2.119975368043305330e-01 2.628584433318160996e-02 6.690942193900774326e-02 9.022530723714156098e-01 4.551661356395083832e-03 0.000000000000000000e+00
5.325000000000000000e+04 2.129975251854829832e-01 2.366863905325443732e-02 6.759217114246700298e-02 9.050978607191625391e-01 3.641329085116067413e-03 0.000000000000000000e+00
5.350000000000000000e+04 2.139975135666354333e-01 2.366863905325443732e-02 6.759217114246700298e-02 9.040737369139736357e-01 4.665452890304961318e-03 0.000000000000000000e+00
5.375000000000000000e+04 2.149975019477881055e-01 2.446517979062357712e-02 6.804733727810650945e-02 9.030496131087847322e-01 4.437869822485207214e-03 0.000000000000000000e+00
5.400000000000000000e+04 2.159974903289405557e-01 2.446517979062357712e-02 6.702321347291761988e-02 9.032771961766045132e-01 5.234410559854347014e-03 0.000000000000000000e+00
5.425000000000000000e+04 2.169974787100930058e-01 2.389622212107419055e-02 6.861629494765589254e-02 9.043013199817933057e-01 3.186162949476558769e-03 0.000000000000000000e+00
5.450000000000000000e+04 2.179974670912454560e-01 2.457897132453345374e-02 6.770596267637687959e-02 9.039599453800637452e-01 3.755120619025944465e-03 0.000000000000000000e+00
5.475000000000000000e+04 2.189974554723979061e-01 2.355484751934456070e-02 6.804733727810650945e-02 9.039599453800637452e-01 4.437869822485207214e-03 0.000000000000000000e+00
5.500000000000000000e+04 2.199974438535505783e-01 2.469276285844333035e-02 6.759217114246700298e-02 9.043013199817933057e-01 3.413746017296313308e-03 0.000000000000000000e+00
5.525000000000000000e+04 2.209974322347030284e-01 2.435138825671370050e-02 6.838871187983613931e-02 9.039599453800637452e-01 3.299954483386436255e-03 0.000000000000000000e+00
5.550000000000000000e+04 2.219974206158554786e-01 2.264451524806554428e-02 6.861629494765589254e-02 9.045289030496130867e-01 4.210286754665453109e-03 0.000000000000000000e+00
5.575000000000000000e+04 2.229974089970079287e-01 2.309968138370505075e-02 6.816112881201638607e-02 9.038461538461538547e-01 4.893035958124715423e-03 0.000000000000000000e+00
5.600000000000000000e+04 2.239973973781606009e-01 2.412380518889394726e-02 6.907146108329539902e-02 9.033909877105142927e-01 3.413746017296313308e-03 0.000000000000000000e+00
5.625000000000000000e+04 2.249973857593130511e-01 2.423759672280382388e-02 6.838871187983613931e-02 9.043013199817933057e-01 3.072371415566681717e-03 0.000000000000000000e+00
5.650000000000000000e+04 2.259973741404655012e-01 2.560309512972235024e-02 6.759217114246700298e-02 9.031634046426946227e-01 3.641329085116067413e-03 0.000000000000000000e+00
5.675000000000000000e+04 2.269973625216179514e-01 2.378243058716431393e-02 6.838871187983613931e-02 9.048702776513427581e-01 2.958579881656804664e-03 0.000000000000000000e+00
