# itime ezz other fcc hcp bcc ico
0.000000000000000000e+00 0.000000000000000000e+00 0.000000000000000000e+00 1.000000000000000000e+00 0.000000000000000000e+00 0.000000000000000000e+00 0.000000000000000000e+00
2.500000000000000000e+02 1.000039367759386622e-03 0.000000000000000000e+00 1.000000000000000000e+00 0.000000000000000000e+00 0.000000000000000000e+00 0.000000000000000000e+00
5.000000000000000000e+02 2.000078735518773243e-03 2.275830678197542133e-04 9.997724169321802190e-01 0.000000000000000000e+00 0.000000000000000000e+00 0.000000000000000000e+00
7.500000000000000000e+02 3.000118103278159865e-03 0.000000000000000000e+00 1.000000000000000000e+00 0.000000000000000000e+00 0.000000000000000000e+00 0.000000000000000000e+00
1.000000000000000000e+03 4.000157471037546486e-03 0.000000000000000000e+00 1.000000000000000000e+00 0.000000000000000000e+00 0.000000000000000000e+00 0.000000000000000000e+00
1.250000000000000000e+03 5.000196838796933108e-03 0.000000000000000000e+00 1.000000000000000000e+00 0.000000000000000000e+00 0.000000000000000000e+00 0.000000000000000000e+00
1.500000000000000000e+03 6.000236206556319729e-03 0.000000000000000000e+00 1.000000000000000000e+00 0.000000000000000000e+00 0.000000000000000000e+00 0.000000000000000000e+00
1.750000000000000000e+03 7.000275574315928395e-03 0.000000000000000000e+00 1.000000000000000000e+00 0.000000000000000000e+00 0.000000000000000000e+00 0.000000000000000000e+00
2.000000000000000000e+03 8.000314942075315017e-03 0.000000000000000000e+00 1.000000000000000000e+00 0.000000000000000000e+00 0.000000000000000000e+00 0.000000000000000000e+00
2.250000000000000000e+03 9.000354309834701638e-03 0.000000000000000000e+00 1.000000000000000000e+00 0.000000000000000000e+00 0.000000000000000000e+00 0.000000000000000000e+00
2.500000000000000000e+03 1.000039367759408826e-02 0.000000000000000000e+00 1.000000000000000000e+00 0.000000000000000000e+00 0.000000000000000000e+00 0.000000000000000000e+00
2.750000000000000000e+03 1.100043304535347488e-02 0.000000000000000000e+00 1.000000000000000000e+00 0.000000000000000000e+00 0.000000000000000000e+00 0.000000000000000000e+00
3.000000000000000000e+03 1.200047241311286150e-02 0.000000000000000000e+00 1.000000000000000000e+00 0.000000000000000000e+00 0.000000000000000000e+00 0.000000000000000000e+00
3.250000000000000000e+03 1.300051178087224812e-02 0.000000000000000000e+00 1.000000000000000000e+00 0.000000000000000000e+00 0.000000000000000000e+00 0.000000000000000000e+00
3.500000000000000000e+03 1.400055114863163475e-02 0.000000000000000000e+00 1.000000000000000000e+00 0.000000000000000000e+00 0.000000000000000000e+00 0.000000000000000000e+00
3.750000000000000000e+03 1.500059051639102137e-02 0.000000000000000000e+00 1.000000000000000000e+00 0.000000000000000000e+00 0.000000000000000000e+00 0.000000000000000000e+00
4.000000000000000000e+03 1.600062988415040799e-02 1.137915339098771066e-04 9.998862084660901095e-01 0.000000000000000000e+00 0.000000000000000000e+00 0.000000000000000000e+00
4.250000000000000000e+03 1.700066925190979461e-02 0.000000000000000000e+00 1.000000000000000000e+00 0.000000000000000000e+00 0.000000000000000000e+00 0.000000000000000000e+00
4.500000000000000000e+03 1.800070861966918123e-02 0.000000000000000000e+00 1.000000000000000000e+00 0.000000000000000000e+00 0.000000000000000000e+00 0.000000000000000000e+00
4.750000000000000000e+03 1.900074798742878990e-02 1.137915339098771066e-04 9.998862084660901095e-01 0.000000000000000000e+00 0.000000000000000000e+00 0.000000000000000000e+00
5.000000000000000000e+03 2.000078735518817652e-02 0.000000000000000000e+00 1.000000000000000000e+00 0.000000000000000000e+00 0.000000000000000000e+00 0.000000000000000000e+00
5.250000000000000000e+03 2.100082672294756314e-02 4.551661356395084266e-04 9.995448338643604380e-01 0.000000000000000000e+00 0.000000000000000000e+00 0.000000000000000000e+00
5.500000000000000000e+03 2.200086609070694976e-02 0.000000000000000000e+00 1.000000000000000000e+00 0.000000000000000000e+00 0.000000000000000000e+00 0.000000000000000000e+00
5.750000000000000000e+03 2.300090545846633638e-02 0.000000000000000000e+00 1.000000000000000000e+00 0.000000000000000000e+00 0.000000000000000000e+00 0.000000000000000000e+00
6.000000000000000000e+03 2.400094482622572301e-02 0.000000000000000000e+00 1.000000000000000000e+00 0.000000000000000000e+00 0.000000000000000000e+00 0.000000000000000000e+00
6.250000000000000000e+03 2.500098419398510963e-02 0.000000000000000000e+00 1.000000000000000000e+00 0.000000000000000000e+00 0.000000000000000000e+00 0.000000000000000000e+00
6.500000000000000000e+03 2.600102356174449625e-02 0.000000000000000000e+00 1.000000000000000000e+00 0.000000000000000000e+00 0.000000000000000000e+00 0.000000000000000000e+00
6.750000000000000000e+03 2.700106292950388287e-02 0.000000000000000000e+00 1.000000000000000000e+00 0.000000000000000000e+00 0.000000000000000000e+00 0.000000000000000000e+00
7.000000000000000000e+03 2.800110229726326949e-02 0.000000000000000000e+00 1.000000000000000000e+00 0.000000000000000000e+00 0.000000000000000000e+00 0.000000000000000000e+00
7.250000000000000000e+03 2.900114166502265611e-02 1.137915339098771066e-04 9.998862084660901095e-01 0.000000000000000000e+00 0.000000000000000000e+00 0.000000000000000000e+00
7.500000000000000000e+03 3.000118103278204273e-02 0.000000000000000000e+00 1.000000000000000000e+00 0.000000000000000000e+00 0.000000000000000000e+00 0.000000000000000000e+00
7.750000000000000000e+03 3.100122040054165140e-02 0.000000000000000000e+00 1.000000000000000000e+00 0.000000000000000000e+00 0.000000000000000000e+00 0.000000000000000000e+00
8.000000000000000000e+03 3.200125976830103802e-02 0.000000000000000000e+00 1.000000000000000000e+00 0.000000000000000000e+00 0.000000000000000000e+00 0.000000000000000000e+00
8.250000000000000000e+03 3.300129913606042464e-02 2.275830678197542133e-04 9.997724169321802190e-01 0.000000000000000000e+00 0.000000000000000000e+00 0.000000000000000000e+00
8.500000000000000000e+03 3.400133850381981127e-02 4.551661356395084266e-04 9.995448338643604380e-01 0.000000000000000000e+00 0.000000000000000000e+00 0.000000000000000000e+00
8.750000000000000000e+03 3.500137787157919789e-02 0.000000000000000000e+00 1.000000000000000000e+00 0.000000000000000000e+00 0.000000000000000000e+00 0.000000000000000000e+00
9.000000000000000000e+03 3.600141723933858451e-02 0.000000000000000000e+00 1.000000000000000000e+00 0.000000000000000000e+00 0.000000000000000000e+00 0.000000000000000000e+00
9.250000000000000000e+03 3.700145660709797113e-02 4.551661356395084266e-04 9.995448338643604380e-01 0.000000000000000000e+00 0.000000000000000000e+00 0.000000000000000000e+00
9.500000000000000000e+03 3.800149597485735775e-02 0.000000000000000000e+00 1.000000000000000000e+00 0.000000000000000000e+00 0.000000000000000000e+00 0.000000000000000000e+00
9.750000000000000000e+03 3.900153534261674437e-02 0.000000000000000000e+00 1.000000000000000000e+00 0.000000000000000000e+00 0.000000000000000000e+00 0.000000000000000000e+00
1.000000000000000000e+04 4.000157471037613099e-02 0.000000000000000000e+00 1.000000000000000000e+00 0.000000000000000000e+00 0.000000000000000000e+00 0.000000000000000000e+00
1.025000000000000000e+04 4.100161407813551762e-02 0.000000000000000000e+00 1.000000000000000000e+00 0.000000000000000000e+00 0.000000000000000000e+00 0.000000000000000000e+00
1.050000000000000000e+04 4.200165344589490424e-02 0.000000000000000000e+00 1.000000000000000000e+00 0.000000000000000000e+00 0.000000000000000000e+00 0.000000000000000000e+00
1.075000000000000000e+04 4.300169281365429086e-02 0.000000000000000000e+00 1.000000000000000000e+00 0.000000000000000000e+00 0.000000000000000000e+00 0.000000000000000000e+00
1.100000000000000000e+04 4.400173218141389953e-02 0.000000000000000000e+00 1.000000000000000000e+00 0.000000000000000000e+00 0.000000000000000000e+00 0.000000000000000000e+00
1.125000000000000000e+04 4.500177154917328615e-02 0.000000000000000000e+00 1.000000000000000000e+00 0.000000000000000000e+00 0.000000000000000000e+00 0.000000000000000000e+00
1.150000000000000000e+04 4.600181091693267277e-02 1.137915339098771066e-04 9.998862084660901095e-01 0.000000000000000000e+00 0.000000000000000000e+00 0.000000000000000000e+00
1.175000000000000000e+04 4.700185028469205939e-02 3.413746017296313199e-04 9.996586253982703285e-01 0.000000000000000000e+00 0.000000000000000000e+00 0.000000000000000000e+00
1.200000000000000000e+04 4.800188965245144601e-02 4.551661356395084266e-04 9.995448338643604380e-01 0.000000000000000000e+00 0.000000000000000000e+00 0.000000000000000000e+00
1.225000000000000000e+04 4.900192902021083263e-02 1.137915339098771066e-04 9.998862084660901095e-01 0.000000000000000000e+00 0.000000000000000000e+00 0.000000000000000000e+00
1.250000000000000000e+04 5.000196838797021925e-02 5.689576695493854790e-04 9.994310423304506585e-01 0.000000000000000000e+00 0.000000000000000000e+00 0.000000000000000000e+00
1.275000000000000000e+04 5.100200775572960588e-02 4.551661356395084266e-04 9.995448338643604380e-01 0.000000000000000000e+00 0.000000000000000000e+00 0.000000000000000000e+00
1.300000000000000000e+04 5.200204712348899250e-02 0.000000000000000000e+00 1.000000000000000000e+00 0.000000000000000000e+00 0.000000000000000000e+00 0.000000000000000000e+00
1.325000000000000000e+04 5.300208649124837912e-02 2.275830678197542133e-04 9.997724169321802190e-01 0.000000000000000000e+00 0.000000000000000000e+00 0.000000000000000000e+00
1.350000000000000000e+04 5.400212585900776574e-02 7.965407373691396923e-04 9.992034592626308775e-01 0.000000000000000000e+00 0.000000000000000000e+00 0.000000000000000000e+00
1.375000000000000000e+04 5.500216522676715236e-02 0.000000000000000000e+00 1.000000000000000000e+00 0.000000000000000000e+00 0.000000000000000000e+00 0.000000000000000000e+00
1.400000000000000000e+04 5.600220459452676103e-02 0.000000000000000000e+00 1.000000000000000000e+00 0.000000000000000000e+00 0.000000000000000000e+00 0.000000000000000000e+00
1.425000000000000000e+04 5.700224396228614765e-02 2.275830678197542133e-04 9.997724169321802190e-01 0.000000000000000000e+00 0.000000000000000000e+00 0.000000000000000000e+00
1.450000000000000000e+04 5.800228333004553427e-02 5.689576695493854790e-04 9.994310423304506585e-01 0.000000000000000000e+00 0.000000000000000000e+00 0.000000000000000000e+00
1.475000000000000000e+04 5.900232269780492089e-02 0.000000000000000000e+00 1.000000000000000000e+00 0.000000000000000000e+00 0.000000000000000000e+00 0.000000000000000000e+00
1.500000000000000000e+04 6.000236206556430751e-02 0.000000000000000000e+00 1.000000000000000000e+00 0.000000000000000000e+00 0.000000000000000000e+00 0.000000000000000000e+00
1.525000000000000000e+04 6.100240143332369414e-02 4.551661356395084266e-04 9.994310423304506585e-01 0.000000000000000000e+00 1.137915339098771066e-04 0.000000000000000000e+00
1.550000000000000000e+04 6.200244080108308076e-02 2.162039144287664864e-03 9.978379608557123026e-01 0.000000000000000000e+00 0.000000000000000000e+00 0.000000000000000000e+00
1.575000000000000000e+04 6.300248016884246738e-02 5.689576695493854790e-04 9.994310423304506585e-01 0.000000000000000000e+00 0.000000000000000000e+00 0.000000000000000000e+00
1.600000000000000000e+04 6.400251953660185400e-02 4.551661356395084266e-04 9.995448338643604380e-01 0.000000000000000000e+00 0.000000000000000000e+00 0.000000000000000000e+00
1.625000000000000000e+04 6.500255890436124062e-02 5.689576695493854790e-04 9.994310423304506585e-01 0.000000000000000000e+00 0.000000000000000000e+00 0.000000000000000000e+00
1.650000000000000000e+04 6.600259827212062724e-02 1.137915339098771066e-04 9.998862084660901095e-01 0.000000000000000000e+00 0.000000000000000000e+00 0.000000000000000000e+00
1.675000000000000000e+04 6.700263763988001386e-02 1.024123805188893906e-03 9.989758761948110966e-01 0.000000000000000000e+00 0.000000000000000000e+00 0.000000000000000000e+00
1.700000000000000000e+04 6.800267700763962253e-02 5.689576695493854790e-04 9.994310423304506585e-01 0.000000000000000000e+00 0.000000000000000000e+00 0.000000000000000000e+00
1.725000000000000000e+04 6.900271637539900915e-02 5.689576695493854790e-04 9.994310423304506585e-01 0.000000000000000000e+00 0.000000000000000000e+00 0.000000000000000000e+00
1.750000000000000000e+04 7.000275574315839577e-02 1.137915339098770958e-03 9.988620846609012061e-01 0.000000000000000000e+00 0.000000000000000000e+00 0.000000000000000000e+00
1.775000000000000000e+04 7.100279511091778240e-02 1.706873008648156654e-03 9.982931269913518646e-01 0.000000000000000000e+00 0.000000000000000000e+00 0.000000000000000000e+00
1.800000000000000000e+04 7.200283447867716902e-02 1.706873008648156654e-03 9.982931269913518646e-01 0.000000000000000000e+00 0.000000000000000000e+00 0.000000000000000000e+00
1.825000000000000000e+04 7.300287384643655564e-02 3.413746017296313199e-04 9.996586253982703285e-01 0.000000000000000000e+00 0.000000000000000000e+00 0.000000000000000000e+00
1.850000000000000000e+04 7.400291321419594226e-02 6.827492034592626399e-04 9.993172507965407680e-01 0.000000000000000000e+00 0.000000000000000000e+00 0.000000000000000000e+00
1.875000000000000000e+04 7.500295258195532888e-02 4.551661356395084266e-04 9.995448338643604380e-01 0.000000000000000000e+00 0.000000000000000000e+00 0.000000000000000000e+00
1.900000000000000000e+04 7.600299194971471550e-02 1.251706873008648227e-03 9.986345015930814251e-01 0.000000000000000000e+00 1.137915339098771066e-04 0.000000000000000000e+00
1.925000000000000000e+04 7.700303131747410212e-02 2.389622212107419402e-03 9.976103777878926326e-01 0.000000000000000000e+00 0.000000000000000000e+00 0.000000000000000000e+00
1.950000000000000000e+04 7.800307068523348875e-02 2.389622212107419402e-03 9.976103777878926326e-01 0.000000000000000000e+00 0.000000000000000000e+00 0.000000000000000000e+00
1.975000000000000000e+04 7.900311005299287537e-02 4.551661356395084266e-04 9.995448338643604380e-01 0.000000000000000000e+00 0.000000000000000000e+00 0.000000000000000000e+00
2.000000000000000000e+04 8.000314942075226199e-02 1.479289940828402332e-03 9.985207100591716456e-01 0.000000000000000000e+00 0.000000000000000000e+00 0.000000000000000000e+00
2.025000000000000000e+04 8.100318878851187065e-02 1.820664542558033706e-03 9.981793354574419741e-01 0.000000000000000000e+00 0.000000000000000000e+00 0.000000000000000000e+00
2.050000000000000000e+04 8.200322815627125728e-02 2.503413746017296455e-03 9.974965862539827421e-01 0.000000000000000000e+00 0.000000000000000000e+00 0.000000000000000000e+00
2.075000000000000000e+04 8.300326752403064390e-02 2.275830678197541916e-03 9.977241693218024121e-01 0.000000000000000000e+00 0.000000000000000000e+00 0.000000000000000000e+00
2.100000000000000000e+04 8.400330689179003052e-02 1.706873008648156654e-03 9.981793354574419741e-01 0.000000000000000000e+00 1.137915339098771066e-04 0.000000000000000000e+00
2.125000000000000000e+04 8.500334625954941714e-02 3.186162949476558769e-03 9.967000455166135087e-01 0.000000000000000000e+00 1.137915339098771066e-04 0.000000000000000000e+00
2.150000000000000000e+04 8.600338562730880376e-02 2.162039144287664864e-03 9.978379608557123026e-01 0.000000000000000000e+00 0.000000000000000000e+00 0.000000000000000000e+00
2.175000000000000000e+04 8.700342499506819038e-02 1.934456076467910759e-03 9.980655439235320836e-01 0.000000000000000000e+00 0.000000000000000000e+00 0.000000000000000000e+00
2.200000000000000000e+04 8.800346436282757701e-02 6.827492034592626399e-04 9.993172507965407680e-01 0.000000000000000000e+00 0.000000000000000000e+00 0.000000000000000000e+00
2.225000000000000000e+04 8.900350373058696363e-02 1.706873008648156654e-03 9.982931269913518646e-01 0.000000000000000000e+00 0.000000000000000000e+00 0.000000000000000000e+00
2.250000000000000000e+04 9.000354309834635025e-02 2.048247610377787811e-03 9.979517523896221931e-01 0.000000000000000000e+00 0.000000000000000000e+00 0.000000000000000000e+00
2.275000000000000000e+04 9.100358246610573687e-02 2.958579881656804664e-03 9.970414201183431802e-01 0.000000000000000000e+00 0.000000000000000000e+00 0.000000000000000000e+00
2.300000000000000000e+04 9.200362183386512349e-02 2.048247610377787811e-03 9.979517523896221931e-01 0.000000000000000000e+00 0.000000000000000000e+00 0.000000000000000000e+00
2.325000000000000000e+04 9.300366120162473216e-02 1.137915339098770958e-03 9.988620846609012061e-01 0.000000000000000000e+00 0.000000000000000000e+00 0.000000000000000000e+00
2.350000000000000000e+04 9.400370056938411878e-02 2.730996813837050560e-03 9.972690031861629611e-01 0.000000000000000000e+00 0.000000000000000000e+00 0.000000000000000000e+00
2.375000000000000000e+04 9.500373993714350540e-02 4.665452890304961318e-03 9.953345471096950448e-01 0.000000000000000000e+00 0.000000000000000000e+00 0.000000000000000000e+00
2.400000000000000000e+04 9.600377930490289202e-02 3.299954483386436255e-03 9.964724624487938387e-01 0.000000000000000000e+00 2.275830678197542133e-04 0.000000000000000000e+00
2.425000000000000000e+04 9.700381867266227864e-02 4.551661356395083832e-03 9.953345471096950448e-01 0.000000000000000000e+00 1.137915339098771066e-04 0.000000000000000000e+00
2.450000000000000000e+04 9.800385804042166527e-02 3.299954483386436255e-03 9.967000455166135087e-01 0.000000000000000000e+00 0.000000000000000000e+00 0.000000000000000000e+00
2.475000000000000000e+04 9.900389740818105189e-02 4.210286754665453109e-03 9.956759217114247162e-01 0.000000000000000000e+00 1.137915339098771066e-04 0.000000000000000000e+00
2.500000000000000000e+04 1.000039367759404385e-01 5.917159763313609329e-03 9.939690487027764698e-01 0.000000000000000000e+00 1.137915339098771066e-04 0.000000000000000000e+00
2.525000000000000000e+04 1.010039761436998251e-01 3.413746017296313308e-03 9.965862539827037292e-01 0.000000000000000000e+00 0.000000000000000000e+00 0.000000000000000000e+00
2.550000000000000000e+04 1.020040155114592118e-01 4.893035958124715423e-03 9.951069640418752638e-01 0.000000000000000000e+00 0.000000000000000000e+00 0.000000000000000000e+00
2.575000000000000000e+04 1.030040548792185984e-01 6.144742831133363434e-03 9.938552571688666903e-01 0.000000000000000000e+00 0.000000000000000000e+00 0.000000000000000000e+00
2.600000000000000000e+04 1.040040942469779850e-01 2.503413746017296455e-03 9.973827947200728516e-01 0.000000000000000000e+00 1.137915339098771066e-04 0.000000000000000000e+00
2.625000000000000000e+04 1.050041336147373716e-01 6.713700500682749130e-03 9.930587164314974569e-01 0.000000000000000000e+00 2.275830678197542133e-04 0.000000000000000000e+00
2.650000000000000000e+04 1.060041729824969803e-01 5.575785161583977738e-03 9.944242148384160318e-01 0.000000000000000000e+00 0.000000000000000000e+00 0.000000000000000000e+00
2.675000000000000000e+04 1.070042123502563669e-01 4.893035958124715423e-03 9.949931725079653733e-01 0.000000000000000000e+00 1.137915339098771066e-04 0.000000000000000000e+00
2.700000000000000000e+04 1.080042517180157535e-01 7.055075102412380721e-03 9.928311333636777869e-01 0.000000000000000000e+00 1.137915339098771066e-04 0.000000000000000000e+00
2.725000000000000000e+04 1.090042910857751401e-01 7.168866636322257339e-03 9.928311333636777869e-01 0.000000000000000000e+00 0.000000000000000000e+00 0.000000000000000000e+00
2.750000000000000000e+04 1.100043304535345268e-01 6.144742831133363434e-03 9.937414656349567998e-01 0.000000000000000000e+00 1.137915339098771066e-04 0.000000000000000000e+00
2.775000000000000000e+04 1.110043698212939134e-01 7.396449704142011444e-03 9.926035502958580059e-01 0.000000000000000000e+00 0.000000000000000000e+00 0.000000000000000000e+00
2.800000000000000000e+04 1.120044091890533000e-01 5.120619025944469528e-03 9.948793809740554828e-01 0.000000000000000000e+00 0.000000000000000000e+00 0.000000000000000000e+00
2.825000000000000000e+04 1.130044485568126866e-01 7.737824305871643035e-03 9.922621756941283344e-01 0.000000000000000000e+00 0.000000000000000000e+00 0.000000000000000000e+00
2.850000000000000000e+04 1.140044879245720733e-01 7.624032771961766417e-03 9.923759672280382249e-01 0.000000000000000000e+00 0.000000000000000000e+00 0.000000000000000000e+00
2.875000000000000000e+04 1.150045272923314599e-01 6.713700500682749130e-03 9.932862994993172379e-01 0.000000000000000000e+00 0.000000000000000000e+00 0.000000000000000000e+00
2.900000000000000000e+04 1.160045666600908465e-01 1.263086026399635846e-02 9.872553482020938187e-01 0.000000000000000000e+00 1.137915339098771066e-04 0.000000000000000000e+00
2.925000000000000000e+04 1.170046060278502331e-01 1.137915339098771045e-02 9.886208466090122826e-01 0.000000000000000000e+00 0.000000000000000000e+00 0.000000000000000000e+00
2.950000000000000000e+04 1.180046453956098418e-01 1.160673645880746542e-02 9.882794720072826111e-01 0.000000000000000000e+00 1.137915339098771066e-04 0.000000000000000000e+00
2.975000000000000000e+04 1.190046847633692284e-01 8.534365043240782836e-03 9.913518434228493215e-01 0.000000000000000000e+00 1.137915339098771066e-04 0.000000000000000000e+00
3.000000000000000000e+04 1.200047241311286150e-01 9.330905780609922637e-03 9.905553026854801990e-01 0.000000000000000000e+00 1.137915339098771066e-04 0.000000000000000000e+00
3.025000000000000000e+04 1.210047634988880016e-01 1.581702321347291593e-02 9.840691852526172179e-01 0.000000000000000000e+00 1.137915339098771066e-04 0.000000000000000000e+00
3.050000000000000000e+04 1.220048028666473883e-01 1.661356395084205573e-02 9.833864360491579859e-01 0.000000000000000000e+00 0.000000000000000000e+00 0.000000000000000000e+00
3.075000000000000000e+04 1.230048422344067749e-01 1.160673645880746542e-02 9.882794720072826111e-01 0.000000000000000000e+00 1.137915339098771066e-04 0.000000000000000000e+00
3.100000000000000000e+04 1.240048816021661615e-01 1.672735548475193582e-02 9.832726445152480954e-01 0.000000000000000000e+00 0.000000000000000000e+00 0.000000000000000000e+00
3.125000000000000000e+04 1.250049209699255481e-01 1.365498406918525323e-02 9.861174328629950248e-01 0.000000000000000000e+00 2.275830678197542133e-04 0.000000000000000000e+00
3.150000000000000000e+04 1.260049603376849348e-01 1.240327719617660522e-02 9.875967228038233792e-01 0.000000000000000000e+00 0.000000000000000000e+00 0.000000000000000000e+00
3.175000000000000000e+04 1.270049997054443214e-01 1.581702321347291593e-02 9.841829767865271084e-01 0.000000000000000000e+00 0.000000000000000000e+00 0.000000000000000000e+00
3.200000000000000000e+04 1.280050390732037080e-01 1.524806554392353283e-02 9.844105598543468894e-01 0.000000000000000000e+00 3.413746017296313199e-04 0.000000000000000000e+00
3.225000000000000000e+04 1.290050784409630946e-01 1.547564861174328607e-02 9.844105598543468894e-01 0.000000000000000000e+00 1.137915339098771066e-04 0.000000000000000000e+00
3.250000000000000000e+04 1.300051178087227033e-01 1.843422849340009204e-02 9.813381884387801790e-01 0.000000000000000000e+00 2.275830678197542133e-04 0.000000000000000000e+00
3.275000000000000000e+04 1.310051571764820899e-01 2.082385070550751144e-02 9.791761492944924816e-01 0.000000000000000000e+00 0.000000000000000000e+00 0.000000000000000000e+00
3.300000000000000000e+04 1.320051965442414765e-01 2.298588984979517413e-02 9.770141101502047842e-01 0.000000000000000000e+00 0.000000000000000000e+00 0.000000000000000000e+00
3.325000000000000000e+04 1.330052359120008632e-01 1.957214383249886169e-02 9.803140646335912756e-01 0.000000000000000000e+00 1.137915339098771066e-04 0.000000000000000000e+00
3.350000000000000000e+04 1.340052752797602498e-01 2.150659990896677115e-02 9.784934000910332497e-01 0.000000000000000000e+00 0.000000000000000000e+00 0.000000000000000000e+00
3.375000000000000000e+04 1.350053146475196364e-01 2.287209831588529751e-02 9.771279016841146747e-01 0.000000000000000000e+00 0.000000000000000000e+00 0.000000000000000000e+00
3.400000000000000000e+04 1.360053540152790230e-01 2.412380518889394726e-02 9.758761948111061013e-01 0.000000000000000000e+00 0.000000000000000000e+00 0.000000000000000000e+00
3.425000000000000000e+04 1.370053933830384096e-01 2.560309512972235024e-02 9.743969048702776359e-01 0.000000000000000000e+00 0.000000000000000000e+00 0.000000000000000000e+00
3.450000000000000000e+04 1.380054327507977963e-01 2.867546654528902936e-02 9.713245334547109255e-01 0.000000000000000000e+00 0.000000000000000000e+00 0.000000000000000000e+00
3.475000000000000000e+04 1.390054721185571829e-01 2.583067819754210348e-02 9.741693218024578549e-01 0.000000000000000000e+00 0.000000000000000000e+00 0.000000000000000000e+00
3.500000000000000000e+04 1.400055114863165695e-01 2.924442421483841592e-02 9.706417842512516936e-01 0.000000000000000000e+00 1.137915339098771066e-04 0.000000000000000000e+00
3.525000000000000000e+04 1.410055508540759561e-01 2.401001365498407064e-02 9.759899863450158808e-01 0.000000000000000000e+00 0.000000000000000000e+00 0.000000000000000000e+00
3.550000000000000000e+04 1.420055902218353427e-01 3.186162949476559203e-02 9.679107874374146547e-01 0.000000000000000000e+00 2.275830678197542133e-04 0.000000000000000000e+00
3.575000000000000000e+04 1.430056295895949514e-01 2.901684114701866268e-02 9.709831588529813651e-01 0.000000000000000000e+00 0.000000000000000000e+00 0.000000000000000000e+00
3.600000000000000000e+04 1.440056689573543380e-01 2.685480200273099652e-02 9.731451979972689514e-01 0.000000000000000000e+00 0.000000000000000000e+00 0.000000000000000000e+00
3.625000000000000000e+04 1.450057083251137247e-01 3.459262630860263782e-02 9.654073736913973969e-01 0.000000000000000000e+00 0.000000000000000000e+00 0.000000000000000000e+00
3.650000000000000000e+04 1.460057476928731113e-01 3.095129722348657214e-02 9.690487027765134487e-01 0.000000000000000000e+00 0.000000000000000000e+00 0.000000000000000000e+00
3.675000000000000000e+04 1.470057870606324979e-01 3.413746017296313134e-02 9.656349567592170668e-01 0.000000000000000000e+00 2.275830678197542133e-04 0.000000000000000000e+00
3.700000000000000000e+04 1.480058264283918845e-01 3.402366863905325473e-02 9.659763313609467383e-01 0.000000000000000000e+00 0.000000000000000000e+00 0.000000000000000000e+00
3.725000000000000000e+04 1.490058657961512711e-01 3.755120619025944378e-02 9.623350022758306865e-01 0.000000000000000000e+00 1.137915339098771066e-04 0.000000000000000000e+00
3.750000000000000000e+04 1.500059051639106578e-01 4.301319981793354230e-02 9.569868001820664993e-01 0.000000000000000000e+00 0.000000000000000000e+00 0.000000000000000000e+00
3.775000000000000000e+04 1.510059445316700444e-01 4.176149294492489950e-02 9.582385070550750727e-01 0.000000000000000000e+00 0.000000000000000000e+00 0.000000000000000000e+00
3.800000000000000000e+04 1.520059838994294310e-01 4.494765589440145870e-02 9.550523441055985829e-01 0.000000000000000000e+00 0.000000000000000000e+00 0.000000000000000000e+00
3.825000000000000000e+04 1.530060232671888176e-01 4.380974055530268557e-02 9.561902594446972659e-01 0.000000000000000000e+00 0.000000000000000000e+00 0.000000000000000000e+00
3.850000000000000000e+04 1.540060626349482042e-01 4.574419663177059503e-02 9.542558033682293495e-01 0.000000000000000000e+00 0.000000000000000000e+00 0.000000000000000000e+00
3.875000000000000000e+04 1.550061020027078129e-01 5.791989076012744875e-02 9.420801092398725096e-01 0.000000000000000000e+00 0.000000000000000000e+00 0.000000000000000000e+00
3.900000000000000000e+04 1.560061413704671995e-01 5.188893946290396020e-02 9.481110605370960398e-01 0.000000000000000000e+00 0.000000000000000000e+00 0.000000000000000000e+00
3.925000000000000000e+04 1.570061807382265862e-01 4.722348657259899801e-02 9.527765134274009950e-01 0.000000000000000000e+00 0.000000000000000000e+00 0.000000000000000000e+00
3.950000000000000000e+04 1.580062201059859728e-01 6.144742831133363781e-02 9.385525716886663483e-01 0.000000000000000000e+00 0.000000000000000000e+00 0.000000000000000000e+00
3.975000000000000000e+04 1.590062594737453594e-01 6.622667273554846967e-02 9.337733272644515026e-01 0.000000000000000000e+00 0.000000000000000000e+00 0.000000000000000000e+00
4.000000000000000000e+04 1.600062988415047460e-01 7.464724624487938109e-02 9.253527537551206050e-01 0.000000000000000000e+00 0.000000000000000000e+00 0.000000000000000000e+00
4.025000000000000000e+04 1.610063382092641326e-01 7.203004096495220498e-02 9.279699590350477534e-01 0.000000000000000000e+00 0.000000000000000000e+00 0.000000000000000000e+00
4.050000000000000000e+04 1.620063775770235193e-01 7.111970869367319203e-02 9.288802913063267663e-01 0.000000000000000000e+00 0.000000000000000000e+00 0.000000000000000000e+00
4.075000000000000000e+04 1.630064169447829059e-01 7.362312243969049153e-02 9.263768775603095085e-01 0.000000000000000000e+00 0.000000000000000000e+00 0.000000000000000000e+00
4.100000000000000000e+04 1.640064563125422925e-01 7.749203459262631044e-02 9.225079654073736757e-01 0.000000000000000000e+00 0.000000000000000000e+00 0.000000000000000000e+00
4.125000000000000000e+04 1.650064956803016791e-01 8.113336367774237612e-02 9.188666363222576239e-01 0.000000000000000000e+00 0.000000000000000000e+00 0.000000000000000000e+00
4.150000000000000000e+04 1.660065350480610658e-01 8.636777423759672834e-02 9.136322257624033272e-01 0.000000000000000000e+00 0.000000000000000000e+00 0.000000000000000000e+00
4.175000000000000000e+04 1.670065744158206744e-01 8.215748748293126569e-02 9.178425125170687204e-01 0.000000000000000000e+00 0.000000000000000000e+00 0.000000000000000000e+00
4.200000000000000000e+04 1.680066137835800610e-01 9.410559854346836617e-02 9.058944014565316616e-01 0.000000000000000000e+00 0.000000000000000000e+00 0.000000000000000000e+00
4.225000000000000000e+04 1.690066531513394477e-01 9.000910332271279402e-02 9.098771051433773849e-01 0.000000000000000000e+00 1.137915339098771066e-04 0.000000000000000000e+00
4.250000000000000000e+04 1.700066925190988343e-01 9.091943559399180697e-02 9.090805644060081514e-01 0.000000000000000000e+00 0.000000000000000000e+00 0.000000000000000000e+00
4.275000000000000000e+04 1.710067318868582209e-01 1.000227583067819781e-01 8.999772416932180219e-01 0.000000000000000000e+00 0.000000000000000000e+00 0.000000000000000000e+00
4.300000000000000000e+04 1.720067712546176075e-01 1.059399180700955900e-01 8.940600819299043822e-01 0.000000000000000000e+00 0.000000000000000000e+00 0.000000000000000000e+00
4.325000000000000000e+04 1.730068106223769941e-01 1.167501137915339104e-01 8.831360946745562268e-01 0.000000000000000000e+00 1.137915339098771066e-04 0.000000000000000000e+00
4.350000000000000000e+04 1.740068499901363808e-01 1.198224852071005930e-01 8.800637232589895165e-01 0.000000000000000000e+00 1.137915339098771066e-04 0.000000000000000000e+00
4.375000000000000000e+04 1.750068893578957674e-01 1.214155666818388657e-01 8.785844333181611621e-01 0.000000000000000000e+00 0.000000000000000000e+00 0.000000000000000000e+00
4.400000000000000000e+04 1.760069287256551540e-01 1.259672280382339582e-01 8.740327719617660973e-01 0.000000000000000000e+00 0.000000000000000000e+00 0.000000000000000000e+00
4.425000000000000000e+04 1.770069680934145406e-01 1.352981338188438687e-01 8.647018661811560758e-01 0.000000000000000000e+00 0.000000000000000000e+00 0.000000000000000000e+00
4.450000000000000000e+04 1.780070074611739273e-01 1.280154756486117373e-01 8.718707328174783999e-01 0.000000000000000000e+00 1.137915339098771066e-04 0.000000000000000000e+00
4.475000000000000000e+04 1.790070468289333139e-01 1.503186162949476656e-01 8.496813837050523066e-01 0.000000000000000000e+00 0.000000000000000000e+00 0.000000000000000000e+00
4.500000000000000000e+04 1.800070861966929225e-01 1.470186618115612298e-01 8.529813381884387979e-01 0.000000000000000000e+00 0.000000000000000000e+00 0.000000000000000000e+00
4.525000000000000000e+04 1.810071255644523092e-01 1.628356850250341492e-01 8.369367319071461253e-01 0.000000000000000000e+00 2.275830678197542133e-04 0.000000000000000000e+00
4.550000000000000000e+04 1.820071649322116958e-01 1.680700955848884737e-01 8.315885298133819381e-01 0.000000000000000000e+00 3.413746017296313199e-04 0.000000000000000000e+00
4.575000000000000000e+04 1.830072042999710824e-01 1.634046426945835184e-01 8.365953573054164538e-01 0.000000000000000000e+00 0.000000000000000000e+00 0.000000000000000000e+00
4.600000000000000000e+04 1.840072436677304690e-01 1.850250341374601593e-01 8.146335912608101415e-01 0.000000000000000000e+00 3.413746017296313199e-04 0.000000000000000000e+00
4.625000000000000000e+04 1.850072830354898556e-01 2.182521620391442985e-01 7.799271734182976479e-01 6.827492034592626399e-04 1.137915339098770958e-03 0.000000000000000000e+00
4.650000000000000000e+04 1.860073224032492423e-01 2.638825671370050308e-01 7.256486117432863203e-01 8.192990441511151245e-03 2.275830678197541916e-03 0.000000000000000000e+00
4.675000000000000000e+04 1.870073617710086289e-01 3.362539827036868378e-01 6.449704142011833952e-01 1.490669094219390124e-02 3.868912152935821518e-03 0.000000000000000000e+00
4.700000000000000000e+04 1.880074011387680155e-01 3.378470641784251383e-01 6.265361857077833552e-01 2.890304961310878606e-02 6.713700500682749130e-03 0.000000000000000000e+00
4.725000000000000000e+04 1.890074405065274021e-01 3.583295402822029851e-01 5.993400091033227461e-01 3.652708238507055422e-02 5.803368229403732710e-03 0.000000000000000000e+00
4.750000000000000000e+04 1.900074798742867888e-01 3.752844788347746707e-01 5.665680473372780579e-01 5.063723258989531045e-02 7.510241238051888930e-03 0.000000000000000000e+00
4.775000000000000000e+04 1.910075192420461754e-01 3.915566681838871244e-01 5.303823395539372099e-01 6.554392353208920996e-02 1.251706873008648184e-02 0.000000000000000000e+00
4.800000000000000000e+04 1.920075586098057840e-01 4.147701411015020656e-01 4.940828402366864158e-01 7.806099226217569353e-02 1.308602639963586667e-02 0.000000000000000000e+00
4.825000000000000000e+04 1.930075979775651707e-01 4.304733727810650668e-01 4.693900773782430647e-01 8.170232134729175921e-02 1.843422849340009204e-02 0.000000000000000000e+00
4.850000000000000000e+04 1.940076373453245573e-01 4.366181156121984319e-01 4.528903049613108855e-01 9.239872553482020301e-02 1.797906235776058209e-02 1.137915339098771066e-04
4.875000000000000000e+04 1.950076767130839439e-01 4.284251251706873154e-01 4.520937642239417631e-01 1.028675466545289074e-01 1.661356395084205573e-02 0.000000000000000000e+00
4.900000000000000000e+04 1.960077160808433305e-01 4.210286754665452658e-01 4.578971324533454568e-01 1.050295857988165632e-01 1.604460628129267263e-02 0.000000000000000000e+00
4.925000000000000000e+04 1.970077554486027172e-01 4.119253527537551363e-01 4.666590805644060258e-01 1.073054164770141095e-01 1.411015020482476144e-02 0.000000000000000000e+00
4.950000000000000000e+04 1.980077948163621038e-01 4.068047337278106745e-01 4.673418297678652578e-01 1.086709148839326289e-01 1.718252162039144229e-02 0.000000000000000000e+00
4.975000000000000000e+04 1.990078341841214904e-01 4.024806554392353353e-01 4.710969503868912001e-01 1.135639508420573512e-01 1.285844333181611343e-02 0.000000000000000000e+00
5.000000000000000000e+04 2.000078735518808770e-01 4.068047337278106745e-01 4.634729176149294250e-01 1.170914883932635403e-01 1.263086026399635846e-02 0.000000000000000000e+00
5.025000000000000000e+04 2.010079129196402636e-01 4.114701866181156298e-01 4.623350022758306865e-01 1.129949931725079681e-01 1.319981793354574502e-02 0.000000000000000000e+00
5.050000000000000000e+04 2.020079522873996503e-01 4.115839781520254648e-01 4.604005461993627701e-01 1.161811561219845274e-01 1.183431952662721866e-02 0.000000000000000000e+00
5.075000000000000000e+04 2.030079916551590369e-01 4.103322712790168358e-01 4.599453800637232637e-01 1.152708238507055144e-01 1.445152480655439303e-02 0.000000000000000000e+00
5.100000000000000000e+04 2.040080310229186455e-01 4.126081019572143682e-01 4.549385525716886924e-01 1.195949021392808398e-01 1.285844333181611343e-02 0.000000000000000000e+00
5.125000000000000000e+04 2.050080703906780322e-01 4.177287209831588299e-01 4.505006827492034627e-01 1.209604005461993592e-01 1.081019572143832562e-02 0.000000000000000000e+00
5.150000000000000000e+04 2.060081097584374188e-01 4.220527992717341692e-01 4.486800182066454368e-01 1.197086936731907164e-01 9.558488848429677609e-03 0.000000000000000000e+00
5.175000000000000000e+04 2.070081491261968054e-01 4.185252617205280079e-01 4.483386436049158208e-01 1.247155211652253015e-01 8.420573509330906217e-03 0.000000000000000000e+00
5.200000000000000000e+04 2.080081884939561920e-01 4.181838871187983364e-01 4.479972690031861493e-01 1.236913973600364119e-01 1.012744651797906244e-02 0.000000000000000000e+00
5.225000000000000000e+04 2.090082278617155787e-01 4.155666818388711881e-01 4.460628129267182329e-01 1.252844788347746985e-01 1.308602639963586667e-02 0.000000000000000000e+00
5.250000000000000000e+04 2.100082672294749653e-01 4.230769230769230727e-01 4.413973600364132777e-01 1.252844788347746985e-01 1.024123805188893906e-02 0.000000000000000000e+00
5.275000000000000000e+04 2.110083065972343519e-01 4.138598088302230527e-01 4.445835229858898230e-01 1.286982248520709970e-01 1.285844333181611343e-02 0.000000000000000000e+00
5.300000000000000000e+04 2.120083459649937385e-01 4.104460628129267263e-01 4.445835229858898230e-01 1.318843878015475701e-01 1.308602639963586667e-02 0.000000000000000000e+00
5.325000000000000000e+04 2.130083853327531251e-01 4.074874829312699065e-01 4.473145197997269173e-01 1.337050523441055960e-01 1.149294492489758707e-02 0.000000000000000000e+00
5.350000000000000000e+04 2.140084247005125118e-01 4.103322712790168358e-01 4.454938552571688914e-01 1.315430131998179264e-01 1.263086026399635846e-02 0.000000000000000000e+00
5.375000000000000000e+04 2.150084640682718984e-01 4.159080564406008040e-01 4.398042785616750328e-01 1.324533454710969393e-01 1.183431952662721866e-02 0.000000000000000000e+00
5.400000000000000000e+04 2.160085034360312850e-01 4.186390532544378429e-01 4.350250341374601870e-01 1.343878015475648557e-01 1.194811106053709528e-02 0.000000000000000000e+00
5.425000000000000000e+04 2.170085428037908937e-01 4.146563495675921751e-01 4.383249886208466228e-01 1.373463814292216756e-01 9.672280382339554228e-03 0.000000000000000000e+00
5.450000000000000000e+04 2.180085821715502803e-01 4.173873463814292140e-01 4.299044151115157253e-01 1.393946290395994547e-01 1.331360946745562164e-02 0.000000000000000000e+00
5.475000000000000000e+04 2.190086215393096669e-01 4.170459717796995980e-01 4.307009558488848477e-01 1.401911697769686049e-01 1.206190259444697363e-02 0.000000000000000000e+00
5.500000000000000000e+04 2.200086609070690535e-01 4.236458807464724696e-01 4.221665908056440597e-01 1.408739189804278646e-01 1.331360946745562164e-02 0.000000000000000000e+00
5.525000000000000000e+04 2.210087002748284402e-01 4.179563040509786109e-01 4.258079198907601115e-01 1.434911242603550408e-01 1.274465179790623508e-02 0.000000000000000000e+00
5.550000000000000000e+04 2.220087396425878268e-01 4.160218479745106945e-01 4.288802913063268218e-01 1.425807919890760000e-01 1.251706873008648184e-02 0.000000000000000000e+00
5.575000000000000000e+04 2.230087790103472134e-01 4.115839781520254648e-01 4.332043695949021611e-01 1.445152480655439164e-01 1.069640418752844727e-02 0.000000000000000000e+00
5.600000000000000000e+04 2.240088183781066000e-01 4.142011834319526686e-01 4.268320436959490149e-01 1.477014110150204895e-01 1.126536185707783383e-02 0.000000000000000000e+00
5.625000000000000000e+04 2.250088577458659866e-01 4.045289030496130867e-01 4.311561219845243542e-01 1.514565316340464318e-01 1.285844333181611343e-02 0.000000000000000000e+00
5.650000000000000000e+04 2.260088971136253733e-01 4.010013654984069253e-01 4.378698224852071164e-01 1.519116977696859383e-01 9.217114246700046018e-03 0.000000000000000000e+00
5.675000000000000000e+04 2.270089364813847599e-01 3.961083295402821891e-01 4.403732362312243742e-01 1.538461538461538547e-01 9.672280382339554228e-03 0.000000000000000000e+00
