# itime ezz other fcc hcp bcc ico
0.000000000000000000e+00 0.000000000000000000e+00 0.000000000000000000e+00 1.000000000000000000e+00 0.000000000000000000e+00 0.000000000000000000e+00 0.000000000000000000e+00
2.500000000000000000e+01 9.999795504183062178e-04 0.000000000000000000e+00 1.000000000000000000e+00 0.000000000000000000e+00 0.000000000000000000e+00 0.000000000000000000e+00
5.000000000000000000e+01 1.999959100836390391e-03 0.000000000000000000e+00 1.000000000000000000e+00 0.000000000000000000e+00 0.000000000000000000e+00 0.000000000000000000e+00
7.500000000000000000e+01 2.999938651254696609e-03 0.000000000000000000e+00 1.000000000000000000e+00 0.000000000000000000e+00 0.000000000000000000e+00 0.000000000000000000e+00
1.000000000000000000e+02 3.999918201672780782e-03 0.000000000000000000e+00 1.000000000000000000e+00 0.000000000000000000e+00 0.000000000000000000e+00 0.000000000000000000e+00
1.250000000000000000e+02 4.999897752091087000e-03 0.000000000000000000e+00 1.000000000000000000e+00 0.000000000000000000e+00 0.000000000000000000e+00 0.000000000000000000e+00
1.500000000000000000e+02 5.999877302509393218e-03 0.000000000000000000e+00 1.000000000000000000e+00 0.000000000000000000e+00 0.000000000000000000e+00 0.000000000000000000e+00
1.750000000000000000e+02 6.999856852927477391e-03 0.000000000000000000e+00 1.000000000000000000e+00 0.000000000000000000e+00 0.000000000000000000e+00 0.000000000000000000e+00
2.000000000000000000e+02 7.999836403345783609e-03 0.000000000000000000e+00 1.000000000000000000e+00 0.000000000000000000e+00 0.000000000000000000e+00 0.000000000000000000e+00
2.250000000000000000e+02 8.999815953763867782e-03 0.000000000000000000e+00 1.000000000000000000e+00 0.000000000000000000e+00 0.000000000000000000e+00 0.000000000000000000e+00
2.500000000000000000e+02 9.999795504182174000e-03 0.000000000000000000e+00 1.000000000000000000e+00 0.000000000000000000e+00 0.000000000000000000e+00 0.000000000000000000e+00
2.750000000000000000e+02 1.099977505460048022e-02 0.000000000000000000e+00 1.000000000000000000e+00 0.000000000000000000e+00 0.000000000000000000e+00 0.000000000000000000e+00
3.000000000000000000e+02 1.199975460501856439e-02 0.000000000000000000e+00 1.000000000000000000e+00 0.000000000000000000e+00 0.000000000000000000e+00 0.000000000000000000e+00
3.250000000000000000e+02 1.299973415543687061e-02 0.000000000000000000e+00 1.000000000000000000e+00 0.000000000000000000e+00 0.000000000000000000e+00 0.000000000000000000e+00
3.500000000000000000e+02 1.399971370585517683e-02 0.000000000000000000e+00 1.000000000000000000e+00 0.000000000000000000e+00 0.000000000000000000e+00 0.000000000000000000e+00
3.750000000000000000e+02 1.499969325627326100e-02 0.000000000000000000e+00 1.000000000000000000e+00 0.000000000000000000e+00 0.000000000000000000e+00 0.000000000000000000e+00
4.000000000000000000e+02 1.599967280669156722e-02 0.000000000000000000e+00 1.000000000000000000e+00 0.000000000000000000e+00 0.000000000000000000e+00 0.000000000000000000e+00
4.250000000000000000e+02 1.699965235710965139e-02 0.000000000000000000e+00 1.000000000000000000e+00 0.000000000000000000e+00 0.000000000000000000e+00 0.000000000000000000e+00
4.500000000000000000e+02 1.799963190752795761e-02 0.000000000000000000e+00 1.000000000000000000e+00 0.000000000000000000e+00 0.000000000000000000e+00 0.000000000000000000e+00
4.750000000000000000e+02 1.899961145794626383e-02 0.000000000000000000e+00 1.000000000000000000e+00 0.000000000000000000e+00 0.000000000000000000e+00 0.000000000000000000e+00
5.000000000000000000e+02 1.999959100836434800e-02 0.000000000000000000e+00 1.000000000000000000e+00 0.000000000000000000e+00 0.000000000000000000e+00 0.000000000000000000e+00
5.250000000000000000e+02 2.099957055878265422e-02 0.000000000000000000e+00 1.000000000000000000e+00 0.000000000000000000e+00 0.000000000000000000e+00 0.000000000000000000e+00
5.500000000000000000e+02 2.199955010920073839e-02 0.000000000000000000e+00 1.000000000000000000e+00 0.000000000000000000e+00 0.000000000000000000e+00 0.000000000000000000e+00
5.750000000000000000e+02 2.299952965961904461e-02 0.000000000000000000e+00 1.000000000000000000e+00 0.000000000000000000e+00 0.000000000000000000e+00 0.000000000000000000e+00
6.000000000000000000e+02 2.399950921003735083e-02 0.000000000000000000e+00 1.000000000000000000e+00 0.000000000000000000e+00 0.000000000000000000e+00 0.000000000000000000e+00
6.250000000000000000e+02 2.499948876045543500e-02 0.000000000000000000e+00 1.000000000000000000e+00 0.000000000000000000e+00 0.000000000000000000e+00 0.000000000000000000e+00
6.500000000000000000e+02 2.599946831087374122e-02 0.000000000000000000e+00 1.000000000000000000e+00 0.000000000000000000e+00 0.000000000000000000e+00 0.000000000000000000e+00
6.750000000000000000e+02 2.699944786129182539e-02 0.000000000000000000e+00 1.000000000000000000e+00 0.000000000000000000e+00 0.000000000000000000e+00 0.000000000000000000e+00
7.000000000000000000e+02 2.799942741171013161e-02 0.000000000000000000e+00 1.000000000000000000e+00 0.000000000000000000e+00 0.000000000000000000e+00 0.000000000000000000e+00
7.250000000000000000e+02 2.899940696212843783e-02 0.000000000000000000e+00 1.000000000000000000e+00 0.000000000000000000e+00 0.000000000000000000e+00 0.000000000000000000e+00
7.500000000000000000e+02 2.999938651254652200e-02 0.000000000000000000e+00 1.000000000000000000e+00 0.000000000000000000e+00 0.000000000000000000e+00 0.000000000000000000e+00
7.750000000000000000e+02 3.099936606296482822e-02 0.000000000000000000e+00 1.000000000000000000e+00 0.000000000000000000e+00 0.000000000000000000e+00 0.000000000000000000e+00
8.000000000000000000e+02 3.199934561338313443e-02 0.000000000000000000e+00 1.000000000000000000e+00 0.000000000000000000e+00 0.000000000000000000e+00 0.000000000000000000e+00
8.250000000000000000e+02 3.299932516380121861e-02 0.000000000000000000e+00 1.000000000000000000e+00 0.000000000000000000e+00 0.000000000000000000e+00 0.000000000000000000e+00
8.500000000000000000e+02 3.399930471421952483e-02 0.000000000000000000e+00 1.000000000000000000e+00 0.000000000000000000e+00 0.000000000000000000e+00 0.000000000000000000e+00
8.750000000000000000e+02 3.499928426463760900e-02 0.000000000000000000e+00 1.000000000000000000e+00 0.000000000000000000e+00 0.000000000000000000e+00 0.000000000000000000e+00
9.000000000000000000e+02 3.599926381505591522e-02 0.000000000000000000e+00 1.000000000000000000e+00 0.000000000000000000e+00 0.000000000000000000e+00 0.000000000000000000e+00
9.250000000000000000e+02 3.699924336547422143e-02 0.000000000000000000e+00 1.000000000000000000e+00 0.000000000000000000e+00 0.000000000000000000e+00 0.000000000000000000e+00
9.500000000000000000e+02 3.799922291589230561e-02 0.000000000000000000e+00 1.000000000000000000e+00 0.000000000000000000e+00 0.000000000000000000e+00 0.000000000000000000e+00
9.750000000000000000e+02 3.899920246631061183e-02 0.000000000000000000e+00 1.000000000000000000e+00 0.000000000000000000e+00 0.000000000000000000e+00 0.000000000000000000e+00
1.000000000000000000e+03 3.999918201672869600e-02 0.000000000000000000e+00 1.000000000000000000e+00 0.000000000000000000e+00 0.000000000000000000e+00 0.000000000000000000e+00
1.025000000000000000e+03 4.099916156714700222e-02 0.000000000000000000e+00 1.000000000000000000e+00 0.000000000000000000e+00 0.000000000000000000e+00 0.000000000000000000e+00
1.050000000000000000e+03 4.199914111756530843e-02 0.000000000000000000e+00 1.000000000000000000e+00 0.000000000000000000e+00 0.000000000000000000e+00 0.000000000000000000e+00
1.075000000000000000e+03 4.299912066798339261e-02 0.000000000000000000e+00 1.000000000000000000e+00 0.000000000000000000e+00 0.000000000000000000e+00 0.000000000000000000e+00
1.100000000000000000e+03 4.399910021840169883e-02 0.000000000000000000e+00 1.000000000000000000e+00 0.000000000000000000e+00 0.000000000000000000e+00 0.000000000000000000e+00
1.125000000000000000e+03 4.499907976881978300e-02 0.000000000000000000e+00 1.000000000000000000e+00 0.000000000000000000e+00 0.000000000000000000e+00 0.000000000000000000e+00
1.150000000000000000e+03 4.599905931923808922e-02 0.000000000000000000e+00 1.000000000000000000e+00 0.000000000000000000e+00 0.000000000000000000e+00 0.000000000000000000e+00
1.175000000000000000e+03 4.699903886965639543e-02 0.000000000000000000e+00 1.000000000000000000e+00 0.000000000000000000e+00 0.000000000000000000e+00 0.000000000000000000e+00
1.200000000000000000e+03 4.799901842007447961e-02 0.000000000000000000e+00 1.000000000000000000e+00 0.000000000000000000e+00 0.000000000000000000e+00 0.000000000000000000e+00
1.225000000000000000e+03 4.899899797049278583e-02 0.000000000000000000e+00 1.000000000000000000e+00 0.000000000000000000e+00 0.000000000000000000e+00 0.000000000000000000e+00
1.250000000000000000e+03 4.999897752091109204e-02 0.000000000000000000e+00 1.000000000000000000e+00 0.000000000000000000e+00 0.000000000000000000e+00 0.000000000000000000e+00
1.275000000000000000e+03 5.099895707132917622e-02 0.000000000000000000e+00 1.000000000000000000e+00 0.000000000000000000e+00 0.000000000000000000e+00 0.000000000000000000e+00
1.300000000000000000e+03 5.199893662174748243e-02 0.000000000000000000e+00 1.000000000000000000e+00 0.000000000000000000e+00 0.000000000000000000e+00 0.000000000000000000e+00
1.325000000000000000e+03 5.299891617216556661e-02 0.000000000000000000e+00 1.000000000000000000e+00 0.000000000000000000e+00 0.000000000000000000e+00 0.000000000000000000e+00
1.350000000000000000e+03 5.399889572258387282e-02 0.000000000000000000e+00 1.000000000000000000e+00 0.000000000000000000e+00 0.000000000000000000e+00 0.000000000000000000e+00
1.375000000000000000e+03 5.499887527300217904e-02 0.000000000000000000e+00 1.000000000000000000e+00 0.000000000000000000e+00 0.000000000000000000e+00 0.000000000000000000e+00
1.400000000000000000e+03 5.599885482342026322e-02 0.000000000000000000e+00 1.000000000000000000e+00 0.000000000000000000e+00 0.000000000000000000e+00 0.000000000000000000e+00
1.425000000000000000e+03 5.699883437383856943e-02 0.000000000000000000e+00 1.000000000000000000e+00 0.000000000000000000e+00 0.000000000000000000e+00 0.000000000000000000e+00
1.450000000000000000e+03 5.799881392425665361e-02 0.000000000000000000e+00 1.000000000000000000e+00 0.000000000000000000e+00 0.000000000000000000e+00 0.000000000000000000e+00
1.475000000000000000e+03 5.899879347467495982e-02 0.000000000000000000e+00 1.000000000000000000e+00 0.000000000000000000e+00 0.000000000000000000e+00 0.000000000000000000e+00
1.500000000000000000e+03 5.999877302509326604e-02 0.000000000000000000e+00 1.000000000000000000e+00 0.000000000000000000e+00 0.000000000000000000e+00 0.000000000000000000e+00
1.525000000000000000e+03 6.099875257551135022e-02 0.000000000000000000e+00 1.000000000000000000e+00 0.000000000000000000e+00 0.000000000000000000e+00 0.000000000000000000e+00
1.550000000000000000e+03 6.199873212592965643e-02 0.000000000000000000e+00 1.000000000000000000e+00 0.000000000000000000e+00 0.000000000000000000e+00 0.000000000000000000e+00
1.575000000000000000e+03 6.299871167634774061e-02 0.000000000000000000e+00 1.000000000000000000e+00 0.000000000000000000e+00 0.000000000000000000e+00 0.000000000000000000e+00
1.600000000000000000e+03 6.399869122676604682e-02 0.000000000000000000e+00 1.000000000000000000e+00 0.000000000000000000e+00 0.000000000000000000e+00 0.000000000000000000e+00
1.625000000000000000e+03 6.499867077718435304e-02 0.000000000000000000e+00 1.000000000000000000e+00 0.000000000000000000e+00 0.000000000000000000e+00 0.000000000000000000e+00
1.650000000000000000e+03 6.599865032760243722e-02 0.000000000000000000e+00 1.000000000000000000e+00 0.000000000000000000e+00 0.000000000000000000e+00 0.000000000000000000e+00
1.675000000000000000e+03 6.699862987802074343e-02 0.000000000000000000e+00 1.000000000000000000e+00 0.000000000000000000e+00 0.000000000000000000e+00 0.000000000000000000e+00
1.700000000000000000e+03 6.799860942843904965e-02 0.000000000000000000e+00 1.000000000000000000e+00 0.000000000000000000e+00 0.000000000000000000e+00 0.000000000000000000e+00
1.725000000000000000e+03 6.899858897885713382e-02 0.000000000000000000e+00 1.000000000000000000e+00 0.000000000000000000e+00 0.000000000000000000e+00 0.000000000000000000e+00
1.750000000000000000e+03 6.999856852927544004e-02 0.000000000000000000e+00 1.000000000000000000e+00 0.000000000000000000e+00 0.000000000000000000e+00 0.000000000000000000e+00
1.775000000000000000e+03 7.099854807969352422e-02 0.000000000000000000e+00 1.000000000000000000e+00 0.000000000000000000e+00 0.000000000000000000e+00 0.000000000000000000e+00
1.800000000000000000e+03 7.199852763011183043e-02 0.000000000000000000e+00 1.000000000000000000e+00 0.000000000000000000e+00 0.000000000000000000e+00 0.000000000000000000e+00
1.825000000000000000e+03 7.299850718053013665e-02 0.000000000000000000e+00 1.000000000000000000e+00 0.000000000000000000e+00 0.000000000000000000e+00 0.000000000000000000e+00
1.850000000000000000e+03 7.399848673094822082e-02 0.000000000000000000e+00 1.000000000000000000e+00 0.000000000000000000e+00 0.000000000000000000e+00 0.000000000000000000e+00
1.875000000000000000e+03 7.499846628136652704e-02 0.000000000000000000e+00 1.000000000000000000e+00 0.000000000000000000e+00 0.000000000000000000e+00 0.000000000000000000e+00
1.900000000000000000e+03 7.599844583178461122e-02 0.000000000000000000e+00 1.000000000000000000e+00 0.000000000000000000e+00 0.000000000000000000e+00 0.000000000000000000e+00
1.925000000000000000e+03 7.699842538220291743e-02 1.137915339098771066e-04 9.998862084660901095e-01 0.000000000000000000e+00 0.000000000000000000e+00 0.000000000000000000e+00
1.950000000000000000e+03 7.799840493262122365e-02 0.000000000000000000e+00 1.000000000000000000e+00 0.000000000000000000e+00 0.000000000000000000e+00 0.000000000000000000e+00
1.975000000000000000e+03 7.899838448303930782e-02 3.413746017296313199e-04 9.996586253982703285e-01 0.000000000000000000e+00 0.000000000000000000e+00 0.000000000000000000e+00
2.000000000000000000e+03 7.999836403345761404e-02 0.000000000000000000e+00 1.000000000000000000e+00 0.000000000000000000e+00 0.000000000000000000e+00 0.000000000000000000e+00
2.025000000000000000e+03 8.099834358387569822e-02 2.275830678197542133e-04 9.996586253982703285e-01 0.000000000000000000e+00 1.137915339098771066e-04 0.000000000000000000e+00
2.050000000000000000e+03 8.199832313429400443e-02 0.000000000000000000e+00 1.000000000000000000e+00 0.000000000000000000e+00 0.000000000000000000e+00 0.000000000000000000e+00
2.075000000000000000e+03 8.299830268471231065e-02 1.137915339098771066e-04 9.998862084660901095e-01 0.000000000000000000e+00 0.000000000000000000e+00 0.000000000000000000e+00
2.100000000000000000e+03 8.399828223513039482e-02 0.000000000000000000e+00 1.000000000000000000e+00 0.000000000000000000e+00 0.000000000000000000e+00 0.000000000000000000e+00
2.125000000000000000e+03 8.499826178554870104e-02 1.137915339098770958e-03 9.988620846609012061e-01 0.000000000000000000e+00 0.000000000000000000e+00 0.000000000000000000e+00
2.150000000000000000e+03 8.599824133596700726e-02 0.000000000000000000e+00 1.000000000000000000e+00 0.000000000000000000e+00 0.000000000000000000e+00 0.000000000000000000e+00
2.175000000000000000e+03 8.699822088638509143e-02 7.965407373691396923e-04 9.992034592626308775e-01 0.000000000000000000e+00 0.000000000000000000e+00 0.000000000000000000e+00
2.200000000000000000e+03 8.799820043680339765e-02 2.275830678197542133e-04 9.997724169321802190e-01 0.000000000000000000e+00 0.000000000000000000e+00 0.000000000000000000e+00
2.225000000000000000e+03 8.899817998722148182e-02 6.827492034592626399e-04 9.992034592626308775e-01 0.000000000000000000e+00 1.137915339098771066e-04 0.000000000000000000e+00
2.250000000000000000e+03 8.999815953763978804e-02 1.365498406918525280e-03 9.986345015930814251e-01 0.000000000000000000e+00 0.000000000000000000e+00 0.000000000000000000e+00
2.275000000000000000e+03 9.099813908805809426e-02 9.103322712790168532e-04 9.990896677287209870e-01 0.000000000000000000e+00 0.000000000000000000e+00 0.000000000000000000e+00
2.300000000000000000e+03 9.199811863847617843e-02 4.551661356395084266e-04 9.995448338643604380e-01 0.000000000000000000e+00 0.000000000000000000e+00 0.000000000000000000e+00
2.325000000000000000e+03 9.299809818889448465e-02 1.479289940828402332e-03 9.985207100591716456e-01 0.000000000000000000e+00 0.000000000000000000e+00 0.000000000000000000e+00
2.350000000000000000e+03 9.399807773931256882e-02 5.689576695493854790e-04 9.994310423304506585e-01 0.000000000000000000e+00 0.000000000000000000e+00 0.000000000000000000e+00
2.375000000000000000e+03 9.499805728973087504e-02 9.103322712790168532e-04 9.990896677287209870e-01 0.000000000000000000e+00 0.000000000000000000e+00 0.000000000000000000e+00
2.400000000000000000e+03 9.599803684014918126e-02 1.251706873008648227e-03 9.987482931269913156e-01 0.000000000000000000e+00 0.000000000000000000e+00 0.000000000000000000e+00
2.425000000000000000e+03 9.699801639056726543e-02 1.820664542558033706e-03 9.980655439235320836e-01 0.000000000000000000e+00 1.137915339098771066e-04 0.000000000000000000e+00
2.450000000000000000e+03 9.799799594098557165e-02 1.593081474738279385e-03 9.982931269913518646e-01 0.000000000000000000e+00 1.137915339098771066e-04 0.000000000000000000e+00
2.475000000000000000e+03 9.899797549140365582e-02 4.551661356395084266e-04 9.994310423304506585e-01 0.000000000000000000e+00 1.137915339098771066e-04 0.000000000000000000e+00
2.500000000000000000e+03 9.999795504182196204e-02 2.389622212107419402e-03 9.976103777878926326e-01 0.000000000000000000e+00 0.000000000000000000e+00 0.000000000000000000e+00
2.525000000000000000e+03 1.009979345922402683e-01 4.779244424214838804e-03 9.951069640418752638e-01 0.000000000000000000e+00 1.137915339098771066e-04 0.000000000000000000e+00
2.550000000000000000e+03 1.019979141426583524e-01 1.934456076467910759e-03 9.980655439235320836e-01 0.000000000000000000e+00 0.000000000000000000e+00 0.000000000000000000e+00
2.575000000000000000e+03 1.029978936930766586e-01 3.868912152935821518e-03 9.961310878470641672e-01 0.000000000000000000e+00 0.000000000000000000e+00 0.000000000000000000e+00
2.600000000000000000e+03 1.039978732434949649e-01 4.779244424214838804e-03 9.948793809740554828e-01 0.000000000000000000e+00 3.413746017296313199e-04 0.000000000000000000e+00
2.625000000000000000e+03 1.049978527939130490e-01 3.868912152935821518e-03 9.960172963131542767e-01 0.000000000000000000e+00 1.137915339098771066e-04 0.000000000000000000e+00
2.650000000000000000e+03 1.059978323443313553e-01 6.827492034592626616e-03 9.930587164314974569e-01 0.000000000000000000e+00 1.137915339098771066e-04 0.000000000000000000e+00
2.675000000000000000e+03 1.069978118947494394e-01 4.324078288575329727e-03 9.954483386436049352e-01 0.000000000000000000e+00 2.275830678197542133e-04 0.000000000000000000e+00
2.700000000000000000e+03 1.079977914451677456e-01 7.282658170232134826e-03 9.927173418297678964e-01 0.000000000000000000e+00 0.000000000000000000e+00 0.000000000000000000e+00
2.725000000000000000e+03 1.089977709955860519e-01 5.575785161583977738e-03 9.940828402366863603e-01 0.000000000000000000e+00 3.413746017296313199e-04 0.000000000000000000e+00
2.750000000000000000e+03 1.099977505460041360e-01 6.372325898953117539e-03 9.934000910332271284e-01 0.000000000000000000e+00 2.275830678197542133e-04 0.000000000000000000e+00
2.775000000000000000e+03 1.109977300964224423e-01 6.372325898953117539e-03 9.931725079654073474e-01 0.000000000000000000e+00 4.551661356395084266e-04 0.000000000000000000e+00
2.800000000000000000e+03 1.119977096468405264e-01 8.875739644970414427e-03 9.906690942193900895e-01 0.000000000000000000e+00 4.551661356395084266e-04 0.000000000000000000e+00
2.825000000000000000e+03 1.129976891972588326e-01 1.228948566226672687e-02 9.872553482020938187e-01 0.000000000000000000e+00 4.551661356395084266e-04 0.000000000000000000e+00
2.850000000000000000e+03 1.139976687476771389e-01 1.172052799271734204e-02 9.879380974055530507e-01 0.000000000000000000e+00 3.413746017296313199e-04 0.000000000000000000e+00
2.875000000000000000e+03 1.149976482980952230e-01 1.422394173873463806e-02 9.847519344560764498e-01 0.000000000000000000e+00 1.024123805188893906e-03 0.000000000000000000e+00
2.900000000000000000e+03 1.159976278485135293e-01 1.570323167956303931e-02 9.829312699135184239e-01 0.000000000000000000e+00 1.365498406918525280e-03 0.000000000000000000e+00
2.925000000000000000e+03 1.169976073989316134e-01 2.526172052799271692e-02 9.721210741920801590e-01 0.000000000000000000e+00 2.617205279927173507e-03 0.000000000000000000e+00
2.950000000000000000e+03 1.179975869493499196e-01 3.368229403732362487e-02 9.586936731907146347e-01 0.000000000000000000e+00 7.624032771961766417e-03 0.000000000000000000e+00
2.975000000000000000e+03 1.189975664997682259e-01 4.085116067364587961e-02 9.493627674101047242e-01 0.000000000000000000e+00 9.786071916249430847e-03 0.000000000000000000e+00
3.000000000000000000e+03 1.199975460501863100e-01 5.496131087847064278e-02 9.215976331360946627e-01 0.000000000000000000e+00 2.344105598543468408e-02 0.000000000000000000e+00
3.025000000000000000e+03 1.209975256006046163e-01 1.070778334091943562e-01 8.298816568047336917e-01 0.000000000000000000e+00 6.304050978607191047e-02 0.000000000000000000e+00
3.050000000000000000e+03 1.219975051510229225e-01 1.737596722803823324e-01 6.816112881201638052e-01 2.275830678197542133e-04 1.444014565316340537e-01 0.000000000000000000e+00
3.075000000000000000e+03 1.229974847014410066e-01 2.399863450159308020e-01 4.918070095584888279e-01 9.103322712790168532e-04 2.672963131543013016e-01 0.000000000000000000e+00
3.100000000000000000e+03 1.239974642518593129e-01 3.318161128812016636e-01 2.630860263996358528e-01 3.413746017296313199e-04 4.047564861174328676e-01 0.000000000000000000e+00
3.125000000000000000e+03 1.249974438022773970e-01 3.807464724624488039e-01 1.382567137005006885e-01 2.275830678197542133e-04 4.807692307692307820e-01 0.000000000000000000e+00
3.150000000000000000e+03 1.259974233526957033e-01 3.730086481565771384e-01 8.648156577150660496e-02 3.413746017296313199e-04 5.401684114701865713e-01 0.000000000000000000e+00
3.175000000000000000e+03 1.269974029031140095e-01 3.510468821119708815e-01 6.065088757396449454e-02 7.965407373691396923e-04 5.875056895766954668e-01 0.000000000000000000e+00
3.200000000000000000e+03 1.279973824535320936e-01 3.587847064178424916e-01 6.292671825216203385e-02 1.934456076467910759e-03 5.763541192535275304e-01 0.000000000000000000e+00
3.225000000000000000e+03 1.289973620039503999e-01 3.928083750568957533e-01 7.476103777878925771e-02 5.234410559854347014e-03 5.271961766044606090e-01 0.000000000000000000e+00
3.250000000000000000e+03 1.299973415543684840e-01 3.961083295402821891e-01 9.296768320436959998e-02 7.396449704142011444e-03 5.035275375512061613e-01 0.000000000000000000e+00
3.275000000000000000e+03 1.309973211047867903e-01 3.858670914883932657e-01 1.045744196631770567e-01 1.923076923076923184e-02 4.903277196176604735e-01 0.000000000000000000e+00
3.300000000000000000e+03 1.319973006552050965e-01 4.068047337278106745e-01 1.040054619936276736e-01 2.935821574874829254e-02 4.598315885298133732e-01 0.000000000000000000e+00
3.325000000000000000e+03 1.329972802056231806e-01 4.293354574419663283e-01 1.049157942649066866e-01 4.608557123350022489e-02 4.196631770596267463e-01 0.000000000000000000e+00
3.350000000000000000e+03 1.339972597560414869e-01 4.668866636322257513e-01 1.161811561219845274e-01 6.952662721893490549e-02 3.474055530268548297e-01 0.000000000000000000e+00
3.375000000000000000e+03 1.349972393064595710e-01 4.830450614474283144e-01 1.333636777423759801e-01 9.854346836595356818e-02 2.850477924442421651e-01 0.000000000000000000e+00
3.400000000000000000e+03 1.359972188568778773e-01 4.928311333636777314e-01 1.466772872098315861e-01 1.252844788347746985e-01 2.352071005917159841e-01 0.000000000000000000e+00
3.425000000000000000e+03 1.369971984072961835e-01 5.032999544833864913e-01 1.543013199817933612e-01 1.398497951752389612e-01 2.025489303595812418e-01 0.000000000000000000e+00
3.450000000000000000e+03 1.379971779577142676e-01 5.109239872553481554e-01 1.606736458807464796e-01 1.528220300409649512e-01 1.755803368229403860e-01 0.000000000000000000e+00
3.475000000000000000e+03 1.389971575081325739e-01 5.187756030951297115e-01 1.560081929904415243e-01 1.739872553482020856e-01 1.512289485662266786e-01 0.000000000000000000e+00
3.500000000000000000e+03 1.399971370585508801e-01 5.174101046882112476e-01 1.533909877105143482e-01 1.841147018661811463e-01 1.450842057350933134e-01 0.000000000000000000e+00
3.525000000000000000e+03 1.409971166089689643e-01 5.061447428311333097e-01 1.372325898953117851e-01 1.972007282658170269e-01 1.594219390077378229e-01 0.000000000000000000e+00
3.550000000000000000e+03 1.419970961593872705e-01 5.150204824761037692e-01 1.282430587164314906e-01 2.060764679107874309e-01 1.506599908966772816e-01 0.000000000000000000e+00
3.575000000000000000e+03 1.429970757098053546e-01 5.063723258989530907e-01 1.264223941738734647e-01 2.205279927173418308e-01 1.466772872098315861e-01 0.000000000000000000e+00
3.600000000000000000e+03 1.439970552602236609e-01 4.952207555757851543e-01 1.252844788347746985e-01 2.341829767865270806e-01 1.453117888029130667e-01 0.000000000000000000e+00
3.625000000000000000e+03 1.449970348106419671e-01 4.922621756941283344e-01 1.268775603095129711e-01 2.529585798816568198e-01 1.279016841147018746e-01 0.000000000000000000e+00
3.650000000000000000e+03 1.459970143610600513e-01 4.951069640418752638e-01 1.296085571233500100e-01 2.581929904415111721e-01 1.170914883932635403e-01 0.000000000000000000e+00
3.675000000000000000e+03 1.469969939114783575e-01 4.881656804733727761e-01 1.286982248520709970e-01 2.653618570778333852e-01 1.177742375967228000e-01 0.000000000000000000e+00
3.700000000000000000e+03 1.479969734618964416e-01 4.951069640418752638e-01 1.269913518434228616e-01 2.682066454255803145e-01 1.096950386891215323e-01 0.000000000000000000e+00
3.725000000000000000e+03 1.489969530123147479e-01 4.923759672280382249e-01 1.304050978607191602e-01 2.740100136549840637e-01 1.032089212562585373e-01 0.000000000000000000e+00
3.750000000000000000e+03 1.499969325627330541e-01 5.064861174328629811e-01 1.318843878015475701e-01 2.717341829767865313e-01 8.989531178880291740e-02 0.000000000000000000e+00
3.775000000000000000e+03 1.509969121131511383e-01 5.035275375512061613e-01 1.300637232589895442e-01 2.852753755120618906e-01 8.113336367774237612e-02 0.000000000000000000e+00
3.800000000000000000e+03 1.519968916635694445e-01 5.001137915339098905e-01 1.331360946745562268e-01 2.944924897587619661e-01 7.225762403277195822e-02 0.000000000000000000e+00
3.825000000000000000e+03 1.529968712139875286e-01 5.080791989076012261e-01 1.282430587164314906e-01 3.004096495220755503e-01 6.326809285389166371e-02 0.000000000000000000e+00
3.850000000000000000e+03 1.539968507644058349e-01 5.032999544833864913e-01 1.291533909877105035e-01 3.126991351843422806e-01 5.484751934456076616e-02 0.000000000000000000e+00
3.875000000000000000e+03 1.549968303148241411e-01 5.029585798816568198e-01 1.253982703686845612e-01 3.208921256258534527e-01 5.075102412380518707e-02 0.000000000000000000e+00
3.900000000000000000e+03 1.559968098652422253e-01 4.972690031861629611e-01 1.192535275375512099e-01 3.305644060081929791e-01 5.291306326809285671e-02 0.000000000000000000e+00
3.925000000000000000e+03 1.569967894156605315e-01 5.017068730086481354e-01 1.132225762403277214e-01 3.383022303140646447e-01 4.676832043695949154e-02 0.000000000000000000e+00
3.950000000000000000e+03 1.579967689660788377e-01 5.036413290851160518e-01 1.106053709604005453e-01 3.439918070095585034e-01 4.176149294492489950e-02 0.000000000000000000e+00
3.975000000000000000e+03 1.589967485164969219e-01 5.010241238051889034e-01 1.108329540282202985e-01 3.480883022303140617e-01 4.005461993627674328e-02 0.000000000000000000e+00
4.000000000000000000e+03 1.599967280669152281e-01 5.020482476103778069e-01 1.092398725534820259e-01 3.419435593991806965e-01 4.676832043695949154e-02 0.000000000000000000e+00
4.025000000000000000e+03 1.609967076173333123e-01 5.004551661356395620e-01 1.101502048247610388e-01 3.416021847974510806e-01 4.779244424214838111e-02 0.000000000000000000e+00
4.050000000000000000e+03 1.619966871677516185e-01 5.043240782885752838e-01 1.086709148839326289e-01 3.417159763313609711e-01 4.528903049613108855e-02 0.000000000000000000e+00
4.075000000000000000e+03 1.629966667181699247e-01 5.105826126536185949e-01 1.079881656804733692e-01 3.389849795175238767e-01 4.244424214838415921e-02 0.000000000000000000e+00
4.100000000000000000e+03 1.639966462685880089e-01 5.089895311788802390e-01 1.094674556213017791e-01 3.380746472462448637e-01 4.346836595357305572e-02 0.000000000000000000e+00
4.125000000000000000e+03 1.649966258190063151e-01 5.145653163404643182e-01 1.049157942649066866e-01 3.330678197542102925e-01 4.745106964041875125e-02 0.000000000000000000e+00
4.150000000000000000e+03 1.659966053694243993e-01 5.224169321802457633e-01 1.057123350022758368e-01 3.309057806099225951e-01 4.096495220755575623e-02 0.000000000000000000e+00
4.175000000000000000e+03 1.669965849198427055e-01 5.236686390532544477e-01 1.059399180700955900e-01 3.285161583978152278e-01 4.187528447883477611e-02 0.000000000000000000e+00
4.200000000000000000e+03 1.679965644702610117e-01 5.267410104688211581e-01 1.063950842057350965e-01 3.286299499317250628e-01 3.823395539371871044e-02 0.000000000000000000e+00
4.225000000000000000e+03 1.689965440206790959e-01 5.295857988165680874e-01 1.083295402822029990e-01 3.319299044151114986e-01 3.015475648611743234e-02 0.000000000000000000e+00
4.250000000000000000e+03 1.699965235710974021e-01 5.307237141556667703e-01 1.044606281292671801e-01 3.340919435593991960e-01 3.072371415566681890e-02 0.000000000000000000e+00
4.275000000000000000e+03 1.709965031215154863e-01 5.369822485207100815e-01 1.040054619936276736e-01 3.312471552116522666e-01 2.776513427401001294e-02 0.000000000000000000e+00
4.300000000000000000e+03 1.719964826719337925e-01 5.360719162494310686e-01 1.051433773327264398e-01 3.294264906690942407e-01 2.935821574874829254e-02 0.000000000000000000e+00
4.325000000000000000e+03 1.729964622223520987e-01 5.406235776058261333e-01 1.050295857988165632e-01 3.253299954483386269e-01 2.901684114701866268e-02 0.000000000000000000e+00
4.350000000000000000e+03 1.739964417727701829e-01 5.403959945380063523e-01 1.055985434683659602e-01 3.246472462448793950e-01 2.935821574874829254e-02 0.000000000000000000e+00
4.375000000000000000e+03 1.749964213231884891e-01 5.513199817933546187e-01 1.034365043240782905e-01 3.175921711424670169e-01 2.765134274010013632e-02 0.000000000000000000e+00
4.400000000000000000e+03 1.759964008736067953e-01 5.443786982248520756e-01 1.035502958579881672e-01 3.180473372781065233e-01 3.402366863905325473e-02 0.000000000000000000e+00
4.425000000000000000e+03 1.769963804240248795e-01 5.513199817933546187e-01 1.026399635867091542e-01 3.148611743286299225e-01 3.117888029130632538e-02 0.000000000000000000e+00
4.450000000000000000e+03 1.779963599744431857e-01 5.518889394629039602e-01 1.034365043240782905e-01 3.132680928538916776e-01 3.140646335912607862e-02 0.000000000000000000e+00
4.475000000000000000e+03 1.789963395248612699e-01 5.554164770141101215e-01 1.060537096040054666e-01 3.065543923532089154e-01 3.197542102867546865e-02 0.000000000000000000e+00
4.500000000000000000e+03 1.799963190752795761e-01 5.554164770141101215e-01 1.033227127901684139e-01 3.080336822940373254e-01 3.322712790168411146e-02 0.000000000000000000e+00
4.525000000000000000e+03 1.809962986256978823e-01 5.608784706417841992e-01 1.045744196631770567e-01 3.001820664542558248e-01 3.436504324078288458e-02 0.000000000000000000e+00
4.550000000000000000e+03 1.819962781761159665e-01 5.616750113791534327e-01 1.063950842057350965e-01 2.971096950386891145e-01 3.482020937642239106e-02 0.000000000000000000e+00
4.575000000000000000e+03 1.829962577265342727e-01 5.671370050068275104e-01 1.046882111970869333e-01 2.905097860719162428e-01 3.766499772416932040e-02 0.000000000000000000e+00
4.600000000000000000e+03 1.839962372769523569e-01 5.674783796085570708e-01 1.087847064178425194e-01 2.815202548930359483e-01 4.221665908056440597e-02 0.000000000000000000e+00
4.625000000000000000e+03 1.849962168273706631e-01 5.621301775147928836e-01 1.121984524351388318e-01 2.789030496131087999e-01 4.676832043695949154e-02 0.000000000000000000e+00
4.650000000000000000e+03 1.859961963777889693e-01 5.667956304050978389e-01 1.148156577150659940e-01 2.677514792899408080e-01 5.063723258989531045e-02 0.000000000000000000e+00
4.675000000000000000e+03 1.869961759282070535e-01 5.659990896677287164e-01 1.184569868001820597e-01 2.606964041875284299e-01 5.484751934456076616e-02 0.000000000000000000e+00
4.700000000000000000e+03 1.879961554786253597e-01 5.652025489303595940e-01 1.216431497496586189e-01 2.465862539827036737e-01 6.656804733727811341e-02 0.000000000000000000e+00
4.725000000000000000e+03 1.889961350290434439e-01 5.579198907601274904e-01 1.332498862084660896e-01 2.341829767865270806e-01 7.464724624487938109e-02 0.000000000000000000e+00
4.750000000000000000e+03 1.899961145794617501e-01 5.619025944469731026e-01 1.383705052344105513e-01 2.216659080564405970e-01 7.806099226217569353e-02 0.000000000000000000e+00
4.775000000000000000e+03 1.909960941298800563e-01 5.586026399635867223e-01 1.514565316340464318e-01 2.052799271734183084e-01 8.466090122894856518e-02 0.000000000000000000e+00
4.800000000000000000e+03 1.919960736802981405e-01 5.488165680473372499e-01 1.579426490669094130e-01 2.050523441055985552e-01 8.818843878015475424e-02 0.000000000000000000e+00
4.825000000000000000e+03 1.929960532307164467e-01 5.584888484296768318e-01 1.614701866181156020e-01 1.931042330450614408e-01 8.693673190714611143e-02 0.000000000000000000e+00
4.850000000000000000e+03 1.939960327811347529e-01 5.477924442421483464e-01 1.717114246700045532e-01 1.907146108329540179e-01 8.978152025489304078e-02 0.000000000000000000e+00
4.875000000000000000e+03 1.949960123315528371e-01 5.423304506144742687e-01 1.834319526627218866e-01 1.956076467910787542e-01 7.851615839781520001e-02 1.137915339098771066e-04
4.900000000000000000e+03 1.959959918819711433e-01 5.513199817933546187e-01 1.920801092398725651e-01 1.925352753755120716e-01 6.406463359126081392e-02 0.000000000000000000e+00
4.925000000000000000e+03 1.969959714323892275e-01 5.361857077833409591e-01 2.040282203004096517e-01 1.921939007737824279e-01 6.759217114246700298e-02 0.000000000000000000e+00
4.950000000000000000e+03 1.979959509828075337e-01 5.323167956304051263e-01 2.129039599453800558e-01 1.933318161128811941e-01 6.144742831133363781e-02 0.000000000000000000e+00
4.975000000000000000e+03 1.989959305332258399e-01 5.364132908511606290e-01 2.160901228948566288e-01 1.854802002730996935e-01 6.201638598088302090e-02 0.000000000000000000e+00
5.000000000000000000e+03 1.999959100836439241e-01 5.269685935366408280e-01 2.282658170232134687e-01 1.853664087391898030e-01 5.939918070095585173e-02 0.000000000000000000e+00
5.025000000000000000e+03 2.009958896340622303e-01 5.263996358670914866e-01 2.289485662266727284e-01 1.903732362312244020e-01 5.427856167501137613e-02 0.000000000000000000e+00
5.050000000000000000e+03 2.019958691844803145e-01 5.205962676376877374e-01 2.289485662266727284e-01 1.891215293582157453e-01 6.133363677742376119e-02 0.000000000000000000e+00
5.075000000000000000e+03 2.029958487348986207e-01 5.202548930359581769e-01 2.380518889394629134e-01 1.866181156121984597e-01 5.507510241238051940e-02 0.000000000000000000e+00
5.100000000000000000e+03 2.039958282853169269e-01 5.133136094674556338e-01 2.446517979062357850e-01 1.896904870277651423e-01 5.234410559854346667e-02 0.000000000000000000e+00
5.125000000000000000e+03 2.049958078357350111e-01 5.076240327719617751e-01 2.473827947200728239e-01 1.904870277651342647e-01 5.450614474283113631e-02 0.000000000000000000e+00
5.150000000000000000e+03 2.059957873861533173e-01 5.004551661356395620e-01 2.570550751024123781e-01 1.921939007737824279e-01 5.029585798816568060e-02 0.000000000000000000e+00
5.175000000000000000e+03 2.069957669365714015e-01 4.953345471096950448e-01 2.564861174328629811e-01 1.942421483841602070e-01 5.393718707328174627e-02 0.000000000000000000e+00
5.200000000000000000e+03 2.079957464869897077e-01 4.894173873463814051e-01 2.597860719162494170e-01 1.986800182066454368e-01 5.211652253072371344e-02 0.000000000000000000e+00
5.225000000000000000e+03 2.089957260374080139e-01 4.888484296768320636e-01 2.622894856622667303e-01 1.970869367319071364e-01 5.177514792899408358e-02 0.000000000000000000e+00
5.250000000000000000e+03 2.099957055878260981e-01 4.886208466090122826e-01 2.651342740100136597e-01 1.959490213928083702e-01 5.029585798816568060e-02 0.000000000000000000e+00
5.275000000000000000e+03 2.109956851382444043e-01 4.758761948111060458e-01 2.751479289940828576e-01 1.910559854346836617e-01 5.791989076012744875e-02 0.000000000000000000e+00
5.300000000000000000e+03 2.119956646886627105e-01 4.794037323623122626e-01 2.774237596722803900e-01 1.847974510696404060e-01 5.837505689576695522e-02 0.000000000000000000e+00
5.325000000000000000e+03 2.129956442390807947e-01 4.657487482931270129e-01 2.903959945380063523e-01 1.846836595357305433e-01 5.917159763313609155e-02 0.000000000000000000e+00
5.350000000000000000e+03 2.139956237894991009e-01 4.646108329540282189e-01 2.950614474283113076e-01 1.853664087391898030e-01 5.496131087847064278e-02 0.000000000000000000e+00
5.375000000000000000e+03 2.149956033399171851e-01 4.531178880291306110e-01 3.014337733272644537e-01 1.915111515703231682e-01 5.393718707328174627e-02 0.000000000000000000e+00
5.400000000000000000e+03 2.159955828903354913e-01 4.505006827492034627e-01 3.056440600819299025e-01 1.973145197997268896e-01 4.654073736913973830e-02 0.000000000000000000e+00
5.425000000000000000e+03 2.169955624407537975e-01 4.426490669094219621e-01 3.092853891670459543e-01 1.986800182066454368e-01 4.938552571688666071e-02 0.000000000000000000e+00
5.450000000000000000e+03 2.179955419911718817e-01 4.462903959945380139e-01 3.042785616750113831e-01 2.049385525716886647e-01 4.437869822485206867e-02 1.137915339098771066e-04
5.475000000000000000e+03 2.189955215415901879e-01 4.507282658170231882e-01 3.071233500227583124e-01 2.068730086481565811e-01 3.527537551206190447e-02 0.000000000000000000e+00
5.500000000000000000e+03 2.199955010920082721e-01 4.440145653163404815e-01 3.075785161583978189e-01 2.125625853436504398e-01 3.573054164770141095e-02 1.137915339098771066e-04
5.525000000000000000e+03 2.209954806424265783e-01 4.417387346381429492e-01 3.080336822940373254e-01 2.173418297678652578e-01 3.288575329995448160e-02 0.000000000000000000e+00
5.550000000000000000e+03 2.219954601928448845e-01 4.344560764679107900e-01 3.115612198452434867e-01 2.216659080564405970e-01 3.231679563040509851e-02 0.000000000000000000e+00
5.575000000000000000e+03 2.229954397432629687e-01 4.308147473827947382e-01 3.137232589895311841e-01 2.233727810650887602e-01 3.197542102867546865e-02 1.137915339098771066e-04
5.600000000000000000e+03 2.239954192936812749e-01 4.301319981793354508e-01 3.188438780154756458e-01 2.255348202093764298e-01 2.514792899408284030e-02 3.413746017296313199e-04
5.625000000000000000e+03 2.249953988440993591e-01 4.269458352298589054e-01 3.215748748293126846e-01 2.266727355484751960e-01 2.469276285844333035e-02 1.137915339098771066e-04
5.650000000000000000e+03 2.259953783945176653e-01 4.318388711879836417e-01 3.170232134729176199e-01 2.275830678197542090e-01 2.355484751934456070e-02 0.000000000000000000e+00
5.675000000000000000e+03 2.269953579449359715e-01 4.260355029585798925e-01 3.175921711424670169e-01 2.256486117432862926e-01 3.060992262175694228e-02 1.137915339098771066e-04
