# itime ezz other fcc hcp bcc ico
0.000000000000000000e+00 0.000000000000000000e+00 0.000000000000000000e+00 1.000000000000000000e+00 0.000000000000000000e+00 0.000000000000000000e+00 0.000000000000000000e+00
2.500000000000000000e+02 9.999978462387648648e-03 0.000000000000000000e+00 1.000000000000000000e+00 0.000000000000000000e+00 0.000000000000000000e+00 0.000000000000000000e+00
5.000000000000000000e+02 1.999995692477529730e-02 0.000000000000000000e+00 1.000000000000000000e+00 0.000000000000000000e+00 0.000000000000000000e+00 0.000000000000000000e+00
7.500000000000000000e+02 2.999993538716294594e-02 0.000000000000000000e+00 1.000000000000000000e+00 0.000000000000000000e+00 0.000000000000000000e+00 0.000000000000000000e+00
1.000000000000000000e+03 3.999991384955059459e-02 0.000000000000000000e+00 1.000000000000000000e+00 0.000000000000000000e+00 0.000000000000000000e+00 0.000000000000000000e+00
1.250000000000000000e+03 4.999989231193824324e-02 0.000000000000000000e+00 1.000000000000000000e+00 0.000000000000000000e+00 0.000000000000000000e+00 0.000000000000000000e+00
1.500000000000000000e+03 5.999987077432589189e-02 0.000000000000000000e+00 1.000000000000000000e+00 0.000000000000000000e+00 0.000000000000000000e+00 0.000000000000000000e+00
1.750000000000000000e+03 6.999984923671354053e-02 0.000000000000000000e+00 1.000000000000000000e+00 0.000000000000000000e+00 0.000000000000000000e+00 0.000000000000000000e+00
2.000000000000000000e+03 7.999982769910118918e-02 1.137915339098771066e-04 9.998862084660901095e-01 0.000000000000000000e+00 0.000000000000000000e+00 0.000000000000000000e+00
2.250000000000000000e+03 8.999980616148905987e-02 4.551661356395084266e-04 9.995448338643604380e-01 0.000000000000000000e+00 0.000000000000000000e+00 0.000000000000000000e+00
2.500000000000000000e+03 9.999978462387670852e-02 2.730996813837050560e-03 9.970414201183431802e-01 0.000000000000000000e+00 2.275830678197542133e-04 0.000000000000000000e+00
2.750000000000000000e+03 1.099997630862643572e-01 7.737824305871643035e-03 9.916932180245789930e-01 0.000000000000000000e+00 5.689576695493854790e-04 0.000000000000000000e+00
3.000000000000000000e+03 1.199997415486520058e-01 7.783340919435594030e-02 8.834774692762858983e-01 0.000000000000000000e+00 3.868912152935821691e-02 0.000000000000000000e+00
3.250000000000000000e+03 1.299997200110396545e-01 3.895084205735093175e-01 1.263086026399635742e-01 4.210286754665453109e-03 4.799726900318616041e-01 0.000000000000000000e+00
3.500000000000000000e+03 1.399996984734273031e-01 3.859808830223031562e-01 2.200728265817023244e-01 1.506599908966772816e-01 2.432862994993172379e-01 0.000000000000000000e+00
3.750000000000000000e+03 1.499996769358149518e-01 3.799499317250796815e-01 3.394401456531633832e-01 2.304278561675011383e-01 5.018206645425580398e-02 0.000000000000000000e+00
4.000000000000000000e+03 1.599996553982026004e-01 3.707328174783796060e-01 3.774465179790623681e-01 2.247382794720072796e-01 2.708238507055074976e-02 0.000000000000000000e+00
4.250000000000000000e+03 1.699996338605902491e-01 3.187300864815657553e-01 4.448111060537096040e-01 2.189349112426035582e-01 1.752389622212107562e-02 0.000000000000000000e+00
4.500000000000000000e+03 1.799996123229778977e-01 2.812926718252162228e-01 4.901001365498406925e-01 2.102867546654528796e-01 1.832043695949021542e-02 0.000000000000000000e+00
4.750000000000000000e+03 1.899995907853655464e-01 2.350933090578060936e-01 5.269685935366408280e-01 2.207555757851615841e-01 1.718252162039144229e-02 0.000000000000000000e+00
5.000000000000000000e+03 1.999995692477531950e-01 2.289485662266727284e-01 5.520027309968138507e-01 2.041420118343195145e-01 1.490669094219390124e-02 0.000000000000000000e+00
5.250000000000000000e+03 2.099995477101408436e-01 2.155211652253072319e-01 5.687300864815657553e-01 2.049385525716886647e-01 1.081019572143832562e-02 0.000000000000000000e+00
5.500000000000000000e+03 2.199995261725284923e-01 2.138142922166590687e-01 5.667956304050978389e-01 2.104005461993627701e-01 8.989531178880291046e-03 0.000000000000000000e+00
5.750000000000000000e+03 2.299995046349161409e-01 2.180245789713245452e-01 5.587164314974966128e-01 2.159763313609467383e-01 7.282658170232134826e-03 0.000000000000000000e+00
6.000000000000000000e+03 2.399994830973037896e-01 2.223486572598998567e-01 5.607646791078744197e-01 2.083522985889849910e-01 8.534365043240782836e-03 0.000000000000000000e+00
6.250000000000000000e+03 2.499994615596914382e-01 2.175694128356850388e-01 5.662266727355484974e-01 2.081247155211652378e-01 8.079198907601274626e-03 0.000000000000000000e+00
6.500000000000000000e+03 2.599994400220793089e-01 2.148384160218479721e-01 5.770368684569867623e-01 1.967455621301775204e-01 1.137915339098771045e-02 0.000000000000000000e+00
6.750000000000000000e+03 2.699994184844669576e-01 2.242831133363677731e-01 5.502958579881657153e-01 2.184797451069640517e-01 6.941283568502503235e-03 0.000000000000000000e+00
7.000000000000000000e+03 2.799993969468546062e-01 2.225762403277196100e-01 5.207100591715976279e-01 2.480655439235320836e-01 8.648156577150659455e-03 0.000000000000000000e+00
7.250000000000000000e+03 2.899993754092422549e-01 2.165452890304961353e-01 5.323167956304051263e-01 2.363450159308147502e-01 1.479289940828402289e-02 0.000000000000000000e+00
7.500000000000000000e+03 2.999993538716299035e-01 2.077833409194355940e-01 5.918297678652708615e-01 1.900318616294947582e-01 1.035502958579881741e-02 0.000000000000000000e+00
7.750000000000000000e+03 3.099993323340175522e-01 1.883249886208466228e-01 6.312016385980883104e-01 1.698907601274465273e-01 1.058261265361857065e-02 0.000000000000000000e+00
8.000000000000000000e+03 3.199993107964052008e-01 1.808147473827947105e-01 6.169776968593536637e-01 1.934456076467910846e-01 8.761948111060537808e-03 0.000000000000000000e+00
8.250000000000000000e+03 3.299992892587928495e-01 1.739872553482020856e-01 6.268775603095130267e-01 1.924214838416021811e-01 6.713700500682749130e-03 0.000000000000000000e+00
8.500000000000000000e+03 3.399992677211804981e-01 1.702321347291761433e-01 6.319981793354574329e-01 1.913973600364132777e-01 6.372325898953117539e-03 0.000000000000000000e+00
8.750000000000000000e+03 3.499992461835681468e-01 1.706873008648156498e-01 6.395084205735093175e-01 1.833181611288120239e-01 6.486117432862995025e-03 0.000000000000000000e+00
9.000000000000000000e+03 3.599992246459557954e-01 1.785389167045971781e-01 6.500910332271279124e-01 1.646563495675921751e-01 6.713700500682749130e-03 0.000000000000000000e+00
9.250000000000000000e+03 3.699992031083434441e-01 1.739872553482020856e-01 6.762630860263996180e-01 1.448566226672735602e-01 4.893035958124715423e-03 0.000000000000000000e+00
9.500000000000000000e+03 3.799991815707310927e-01 1.752389622212107423e-01 6.896904870277651423e-01 1.315430131998179264e-01 3.527537551206190360e-03 0.000000000000000000e+00
9.750000000000000000e+03 3.899991600331187414e-01 1.664770141101502010e-01 6.850250341374601870e-01 1.432635411925352875e-01 5.234410559854347014e-03 0.000000000000000000e+00
1.000000000000000000e+04 3.999991384955063900e-01 1.725079654073737034e-01 6.821802457897132577e-01 1.415566681838871244e-01 3.755120619025944465e-03 0.000000000000000000e+00
1.025000000000000000e+04 4.099991169578940386e-01 1.772872098315885214e-01 6.711424670004552118e-01 1.480427856167501055e-01 3.527537551206190360e-03 0.000000000000000000e+00
1.050000000000000000e+04 4.199990954202816873e-01 1.896904870277651423e-01 6.383705052344105235e-01 1.685252617205279801e-01 3.413746017296313308e-03 0.000000000000000000e+00
1.075000000000000000e+04 4.299990738826695580e-01 2.031178880291306388e-01 6.190259444697314706e-01 1.708010923987255403e-01 7.055075102412380721e-03 0.000000000000000000e+00
1.100000000000000000e+04 4.399990523450572066e-01 2.137005006827492060e-01 5.921711424670004220e-01 1.878698224852070886e-01 6.258534365043240920e-03 0.000000000000000000e+00
1.125000000000000000e+04 4.499990308074448553e-01 2.185935366408739144e-01 5.867091488393263443e-01 1.865043240782885692e-01 8.192990441511151245e-03 0.000000000000000000e+00
1.150000000000000000e+04 4.599990092698325039e-01 2.197314519799726806e-01 6.040054619936277014e-01 1.684114701866181174e-01 7.851615839781519654e-03 0.000000000000000000e+00
1.175000000000000000e+04 4.699989877322201526e-01 2.306554392353208915e-01 6.098088302230314506e-01 1.483841602184797492e-01 1.115157032316795548e-02 0.000000000000000000e+00
1.200000000000000000e+04 4.799989661946078012e-01 2.360036413290851065e-01 6.202776513427401550e-01 1.357532999544833752e-01 7.965407373691398007e-03 0.000000000000000000e+00
1.225000000000000000e+04 4.899989446569954499e-01 2.279244424214838527e-01 6.286982248520710526e-01 1.351843422849340060e-01 8.192990441511151245e-03 0.000000000000000000e+00
1.250000000000000000e+04 4.999989231193830985e-01 2.197314519799726806e-01 6.439462903959944917e-01 1.291533909877105035e-01 7.168866636322257339e-03 0.000000000000000000e+00
1.275000000000000000e+04 5.099989015817707472e-01 2.189349112426035582e-01 6.370050068274920596e-01 1.373463814292216756e-01 6.713700500682749130e-03 0.000000000000000000e+00
1.300000000000000000e+04 5.199988800441583958e-01 2.151797906235776159e-01 6.347291761492944717e-01 1.429221665908056438e-01 7.168866636322257339e-03 0.000000000000000000e+00
1.325000000000000000e+04 5.299988585065460445e-01 2.213245334547109811e-01 6.284706417842512716e-01 1.431497496586253970e-01 7.055075102412380721e-03 0.000000000000000000e+00
1.350000000000000000e+04 5.399988369689336931e-01 2.251934456076467861e-01 6.387118798361401950e-01 1.288120163859808875e-01 7.282658170232134826e-03 0.000000000000000000e+00
1.375000000000000000e+04 5.499988154313213418e-01 2.321347291761493015e-01 6.281292671825216001e-01 1.302913063268092975e-01 9.444697314519799256e-03 0.000000000000000000e+00
1.400000000000000000e+04 5.599987938937089904e-01 2.363450159308147502e-01 6.294947655894401750e-01 1.265361857077833274e-01 7.624032771961766417e-03 0.000000000000000000e+00
1.425000000000000000e+04 5.699987723560966391e-01 2.094902139280837572e-01 6.886663632225762388e-01 9.547109695038688559e-02 6.372325898953117539e-03 0.000000000000000000e+00
1.450000000000000000e+04 5.799987508184842877e-01 1.986800182066454368e-01 7.088074647246245252e-01 8.761948111060537114e-02 4.893035958124715423e-03 0.000000000000000000e+00
1.475000000000000000e+04 5.899987292808721584e-01 1.923076923076923184e-01 7.091488393263540857e-01 9.251251706873007963e-02 6.030951297223486815e-03 0.000000000000000000e+00
1.500000000000000000e+04 5.999987077432598070e-01 1.888939462903959920e-01 7.127901684114701375e-01 9.342284934000910646e-02 4.893035958124715423e-03 0.000000000000000000e+00
1.525000000000000000e+04 6.099986862056474557e-01 1.736458807464724696e-01 7.255348202093764298e-01 9.706417842512517213e-02 3.755120619025944465e-03 0.000000000000000000e+00
1.550000000000000000e+04 6.199986646680351043e-01 1.759217114246700020e-01 7.055075102412380339e-01 1.148156577150659940e-01 3.755120619025944465e-03 0.000000000000000000e+00
1.575000000000000000e+04 6.299986431304227530e-01 1.768320436959490149e-01 6.965179790623577949e-01 1.232362312243969055e-01 3.413746017296313308e-03 0.000000000000000000e+00
1.600000000000000000e+04 6.399986215928104016e-01 1.814974965862539702e-01 6.802457897132453413e-01 1.343878015475648557e-01 3.868912152935821518e-03 0.000000000000000000e+00
1.625000000000000000e+04 6.499986000551980503e-01 2.015248065543923661e-01 6.376877560309512916e-01 1.541875284478834707e-01 6.599908966772872511e-03 0.000000000000000000e+00
1.650000000000000000e+04 6.599985785175856989e-01 2.100591715976331264e-01 5.768092853891670924e-01 2.084660901228948537e-01 4.665452890304961318e-03 0.000000000000000000e+00
1.675000000000000000e+04 6.699985569799733476e-01 2.073281747837960876e-01 5.904642694583522866e-01 1.948111060537096040e-01 7.396449704142011444e-03 0.000000000000000000e+00
1.700000000000000000e+04 6.799985354423609962e-01 2.179107874374146547e-01 6.095812471552116696e-01 1.689804278561675144e-01 3.527537551206190360e-03 0.000000000000000000e+00
1.725000000000000000e+04 6.899985139047486449e-01 2.093764223941738667e-01 6.453117888029130667e-01 1.431497496586253970e-01 2.162039144287664864e-03 0.000000000000000000e+00
1.750000000000000000e+04 6.999984923671362935e-01 2.036868456986800080e-01 6.581702321347291385e-01 1.334774692762858428e-01 4.665452890304961318e-03 0.000000000000000000e+00
1.775000000000000000e+04 7.099984708295239422e-01 2.093764223941738667e-01 6.488393263541192280e-01 1.383705052344105513e-01 3.413746017296313308e-03 0.000000000000000000e+00
1.800000000000000000e+04 7.199984492919115908e-01 2.107419208010923861e-01 6.486117432862994470e-01 1.339326354119253493e-01 6.713700500682749130e-03 0.000000000000000000e+00
1.825000000000000000e+04 7.299984277542992395e-01 2.148384160218479721e-01 6.436049157942649313e-01 1.346153846153846090e-01 6.941283568502503235e-03 0.000000000000000000e+00
1.850000000000000000e+04 7.399984062166868881e-01 2.218934911242603503e-01 6.399635867091488795e-01 1.305188893946290507e-01 7.624032771961766417e-03 0.000000000000000000e+00
1.875000000000000000e+04 7.499983846790745368e-01 2.563723258989530907e-01 6.063950842057350687e-01 1.260810195721438209e-01 1.115157032316795548e-02 0.000000000000000000e+00
1.900000000000000000e+04 7.599983631414624075e-01 2.684342284934000955e-01 5.848884842967683184e-01 1.356395084205735124e-01 1.103777878925807886e-02 0.000000000000000000e+00
1.925000000000000000e+04 7.699983416038500561e-01 2.605826126536185949e-01 6.029813381884387979e-01 1.277878925807919841e-01 8.648156577150659455e-03 0.000000000000000000e+00
1.950000000000000000e+04 7.799983200662377048e-01 2.509103322712790130e-01 5.999089667728720876e-01 1.413290851160673711e-01 7.851615839781519654e-03 0.000000000000000000e+00
1.975000000000000000e+04 7.899982985286253534e-01 2.493172507965407403e-01 5.847746927628584279e-01 1.570323167956304000e-01 8.875739644970414427e-03 0.000000000000000000e+00
2.000000000000000000e+04 7.999982769910130020e-01 2.357760582612653533e-01 5.888711879836140417e-01 1.684114701866181174e-01 6.941283568502503235e-03 0.000000000000000000e+00
2.025000000000000000e+04 8.099982554534006507e-01 2.307692307692307820e-01 5.815885298133819381e-01 1.748975876194810986e-01 1.274465179790623508e-02 0.000000000000000000e+00
2.050000000000000000e+04 8.199982339157882993e-01 2.386208466090122826e-01 5.777196176604461053e-01 1.733045061447428259e-01 1.024123805188893906e-02 1.137915339098771066e-04
2.075000000000000000e+04 8.299982123781759480e-01 2.476103777878925771e-01 5.686162949476558648e-01 1.727355484751934567e-01 1.103777878925807886e-02 0.000000000000000000e+00
2.100000000000000000e+04 8.399981908405635966e-01 2.435138825671370189e-01 5.735093309057806010e-01 1.728493400091033194e-01 1.012744651797906244e-02 0.000000000000000000e+00
2.125000000000000000e+04 8.499981693029512453e-01 2.258761948111060458e-01 5.964952207555758168e-01 1.694355939918070209e-01 8.192990441511151245e-03 0.000000000000000000e+00
2.150000000000000000e+04 8.599981477653388939e-01 2.246244879380974169e-01 6.029813381884387979e-01 1.669321802457897075e-01 5.461993627674101119e-03 0.000000000000000000e+00
2.175000000000000000e+04 8.699981262277265426e-01 2.177969959035047920e-01 6.142467000455166248e-01 1.620391442876649990e-01 5.917159763313609329e-03 0.000000000000000000e+00
2.200000000000000000e+04 8.799981046901141912e-01 2.179107874374146547e-01 6.227810650887574129e-01 1.502048247610377751e-01 9.103322712790167665e-03 0.000000000000000000e+00
2.225000000000000000e+04 8.899980831525018399e-01 2.164314974965862448e-01 6.186845698680017991e-01 1.573736913973600438e-01 7.510241238051888930e-03 0.000000000000000000e+00
2.250000000000000000e+04 8.999980616148894885e-01 2.174556213017751483e-01 6.193673190714610310e-01 1.576012744651797970e-01 5.575785161583977738e-03 0.000000000000000000e+00
2.275000000000000000e+04 9.099980400772771372e-01 2.110832954028220299e-01 6.224396904870277414e-01 1.585116067364588099e-01 7.965407373691398007e-03 0.000000000000000000e+00
2.300000000000000000e+04 9.199980185396647858e-01 2.099453800637232637e-01 5.939918070095584479e-01 1.883249886208466228e-01 7.737824305871643035e-03 0.000000000000000000e+00
2.325000000000000000e+04 9.299979970020526565e-01 2.064178425125170746e-01 5.847746927628584279e-01 1.990213928083750528e-01 9.786071916249430847e-03 0.000000000000000000e+00
2.350000000000000000e+04 9.399979754644403052e-01 2.088074647246244975e-01 6.087847064178425471e-01 1.745562130177514826e-01 7.851615839781519654e-03 0.000000000000000000e+00
2.375000000000000000e+04 9.499979539268279538e-01 2.052799271734183084e-01 6.392808375056895365e-01 1.478152025489303523e-01 7.624032771961766417e-03 0.000000000000000000e+00
2.400000000000000000e+04 9.599979323892156025e-01 2.030040964952207483e-01 6.557806099226217711e-01 1.358670914883932657e-01 5.348202093764223633e-03 0.000000000000000000e+00
2.425000000000000000e+04 9.699979108516032511e-01 1.991351843422849432e-01 6.546426945835229771e-01 1.404187528447883582e-01 5.803368229403732710e-03 0.000000000000000000e+00
2.450000000000000000e+04 9.799978893139908998e-01 2.035730541647701453e-01 6.393946290395994270e-01 1.494082840236686527e-01 7.624032771961766417e-03 0.000000000000000000e+00
2.475000000000000000e+04 9.899978677763785484e-01 2.067592171142466906e-01 6.372325898953118406e-01 1.491807009558488717e-01 6.827492034592626616e-03 0.000000000000000000e+00
2.500000000000000000e+04 9.999978462387661970e-01 2.104005461993627701e-01 6.433773327264451503e-01 1.393946290395994547e-01 6.827492034592626616e-03 0.000000000000000000e+00
