# itime ezz other fcc hcp bcc ico
0.000000000000000000e+00 0.000000000000000000e+00 0.000000000000000000e+00 1.000000000000000000e+00 0.000000000000000000e+00 0.000000000000000000e+00 0.000000000000000000e+00
2.500000000000000000e+01 9.999814918268956632e-04 0.000000000000000000e+00 1.000000000000000000e+00 0.000000000000000000e+00 0.000000000000000000e+00 0.000000000000000000e+00
5.000000000000000000e+01 1.999962983653791326e-03 0.000000000000000000e+00 1.000000000000000000e+00 0.000000000000000000e+00 0.000000000000000000e+00 0.000000000000000000e+00
7.500000000000000000e+01 2.999944475480686989e-03 0.000000000000000000e+00 1.000000000000000000e+00 0.000000000000000000e+00 0.000000000000000000e+00 0.000000000000000000e+00
1.000000000000000000e+02 3.999925967307582653e-03 0.000000000000000000e+00 1.000000000000000000e+00 0.000000000000000000e+00 0.000000000000000000e+00 0.000000000000000000e+00
1.250000000000000000e+02 4.999907459134478316e-03 0.000000000000000000e+00 1.000000000000000000e+00 0.000000000000000000e+00 0.000000000000000000e+00 0.000000000000000000e+00
1.500000000000000000e+02 5.999888950961373979e-03 0.000000000000000000e+00 1.000000000000000000e+00 0.000000000000000000e+00 0.000000000000000000e+00 0.000000000000000000e+00
1.750000000000000000e+02 6.999870442788269642e-03 0.000000000000000000e+00 1.000000000000000000e+00 0.000000000000000000e+00 0.000000000000000000e+00 0.000000000000000000e+00
2.000000000000000000e+02 7.999851934615165305e-03 0.000000000000000000e+00 1.000000000000000000e+00 0.000000000000000000e+00 0.000000000000000000e+00 0.000000000000000000e+00
2.250000000000000000e+02 8.999833426442060968e-03 0.000000000000000000e+00 1.000000000000000000e+00 0.000000000000000000e+00 0.000000000000000000e+00 0.000000000000000000e+00
2.500000000000000000e+02 9.999814918268956632e-03 0.000000000000000000e+00 1.000000000000000000e+00 0.000000000000000000e+00 0.000000000000000000e+00 0.000000000000000000e+00
2.750000000000000000e+02 1.099979641009585229e-02 0.000000000000000000e+00 1.000000000000000000e+00 0.000000000000000000e+00 0.000000000000000000e+00 0.000000000000000000e+00
3.000000000000000000e+02 1.199977790192274796e-02 0.000000000000000000e+00 1.000000000000000000e+00 0.000000000000000000e+00 0.000000000000000000e+00 0.000000000000000000e+00
3.250000000000000000e+02 1.299975939374964362e-02 0.000000000000000000e+00 1.000000000000000000e+00 0.000000000000000000e+00 0.000000000000000000e+00 0.000000000000000000e+00
3.500000000000000000e+02 1.399974088557631724e-02 0.000000000000000000e+00 1.000000000000000000e+00 0.000000000000000000e+00 0.000000000000000000e+00 0.000000000000000000e+00
3.750000000000000000e+02 1.499972237740321290e-02 0.000000000000000000e+00 1.000000000000000000e+00 0.000000000000000000e+00 0.000000000000000000e+00 0.000000000000000000e+00
4.000000000000000000e+02 1.599970386923010857e-02 0.000000000000000000e+00 1.000000000000000000e+00 0.000000000000000000e+00 0.000000000000000000e+00 0.000000000000000000e+00
4.250000000000000000e+02 1.699968536105700423e-02 0.000000000000000000e+00 1.000000000000000000e+00 0.000000000000000000e+00 0.000000000000000000e+00 0.000000000000000000e+00
4.500000000000000000e+02 1.799966685288389989e-02 0.000000000000000000e+00 1.000000000000000000e+00 0.000000000000000000e+00 0.000000000000000000e+00 0.000000000000000000e+00
4.750000000000000000e+02 1.899964834471079556e-02 0.000000000000000000e+00 1.000000000000000000e+00 0.000000000000000000e+00 0.000000000000000000e+00 0.000000000000000000e+00
5.000000000000000000e+02 1.999962983653769122e-02 0.000000000000000000e+00 1.000000000000000000e+00 0.000000000000000000e+00 0.000000000000000000e+00 0.000000000000000000e+00
5.250000000000000000e+02 2.099961132836458688e-02 0.000000000000000000e+00 1.000000000000000000e+00 0.000000000000000000e+00 0.000000000000000000e+00 0.000000000000000000e+00
5.500000000000000000e+02 2.199959282019148255e-02 0.000000000000000000e+00 1.000000000000000000e+00 0.000000000000000000e+00 0.000000000000000000e+00 0.000000000000000000e+00
5.750000000000000000e+02 2.299957431201837821e-02 0.000000000000000000e+00 1.000000000000000000e+00 0.000000000000000000e+00 0.000000000000000000e+00 0.000000000000000000e+00
6.000000000000000000e+02 2.399955580384527387e-02 0.000000000000000000e+00 1.000000000000000000e+00 0.000000000000000000e+00 0.000000000000000000e+00 0.000000000000000000e+00
6.250000000000000000e+02 2.499953729567216953e-02 0.000000000000000000e+00 1.000000000000000000e+00 0.000000000000000000e+00 0.000000000000000000e+00 0.000000000000000000e+00
6.500000000000000000e+02 2.599951878749906520e-02 0.000000000000000000e+00 1.000000000000000000e+00 0.000000000000000000e+00 0.000000000000000000e+00 0.000000000000000000e+00
6.750000000000000000e+02 2.699950027932596086e-02 0.000000000000000000e+00 1.000000000000000000e+00 0.000000000000000000e+00 0.000000000000000000e+00 0.000000000000000000e+00
7.000000000000000000e+02 2.799948177115285652e-02 0.000000000000000000e+00 1.000000000000000000e+00 0.000000000000000000e+00 0.000000000000000000e+00 0.000000000000000000e+00
7.250000000000000000e+02 2.899946326297975219e-02 0.000000000000000000e+00 1.000000000000000000e+00 0.000000000000000000e+00 0.000000000000000000e+00 0.000000000000000000e+00
7.500000000000000000e+02 2.999944475480664785e-02 0.000000000000000000e+00 1.000000000000000000e+00 0.000000000000000000e+00 0.000000000000000000e+00 0.000000000000000000e+00
7.750000000000000000e+02 3.099942624663354351e-02 0.000000000000000000e+00 1.000000000000000000e+00 0.000000000000000000e+00 0.000000000000000000e+00 0.000000000000000000e+00
8.000000000000000000e+02 3.199940773846043918e-02 0.000000000000000000e+00 1.000000000000000000e+00 0.000000000000000000e+00 0.000000000000000000e+00 0.000000000000000000e+00
8.250000000000000000e+02 3.299938923028733484e-02 0.000000000000000000e+00 1.000000000000000000e+00 0.000000000000000000e+00 0.000000000000000000e+00 0.000000000000000000e+00
8.500000000000000000e+02 3.399937072211423050e-02 0.000000000000000000e+00 1.000000000000000000e+00 0.000000000000000000e+00 0.000000000000000000e+00 0.000000000000000000e+00
8.750000000000000000e+02 3.499935221394112617e-02 0.000000000000000000e+00 1.000000000000000000e+00 0.000000000000000000e+00 0.000000000000000000e+00 0.000000000000000000e+00
9.000000000000000000e+02 3.599933370576802183e-02 0.000000000000000000e+00 1.000000000000000000e+00 0.000000000000000000e+00 0.000000000000000000e+00 0.000000000000000000e+00
9.250000000000000000e+02 3.699931519759491749e-02 0.000000000000000000e+00 1.000000000000000000e+00 0.000000000000000000e+00 0.000000000000000000e+00 0.000000000000000000e+00
9.500000000000000000e+02 3.799929668942181316e-02 0.000000000000000000e+00 1.000000000000000000e+00 0.000000000000000000e+00 0.000000000000000000e+00 0.000000000000000000e+00
9.750000000000000000e+02 3.899927818124870882e-02 0.000000000000000000e+00 1.000000000000000000e+00 0.000000000000000000e+00 0.000000000000000000e+00 0.000000000000000000e+00
1.000000000000000000e+03 3.999925967307560448e-02 0.000000000000000000e+00 1.000000000000000000e+00 0.000000000000000000e+00 0.000000000000000000e+00 0.000000000000000000e+00
1.025000000000000000e+03 4.099924116490227810e-02 0.000000000000000000e+00 1.000000000000000000e+00 0.000000000000000000e+00 0.000000000000000000e+00 0.000000000000000000e+00
1.050000000000000000e+03 4.199922265672917376e-02 0.000000000000000000e+00 1.000000000000000000e+00 0.000000000000000000e+00 0.000000000000000000e+00 0.000000000000000000e+00
1.075000000000000000e+03 4.299920414855606943e-02 0.000000000000000000e+00 1.000000000000000000e+00 0.000000000000000000e+00 0.000000000000000000e+00 0.000000000000000000e+00
1.100000000000000000e+03 4.399918564038296509e-02 0.000000000000000000e+00 1.000000000000000000e+00 0.000000000000000000e+00 0.000000000000000000e+00 0.000000000000000000e+00
1.125000000000000000e+03 4.499916713220986075e-02 0.000000000000000000e+00 1.000000000000000000e+00 0.000000000000000000e+00 0.000000000000000000e+00 0.000000000000000000e+00
1.150000000000000000e+03 4.599914862403675642e-02 0.000000000000000000e+00 1.000000000000000000e+00 0.000000000000000000e+00 0.000000000000000000e+00 0.000000000000000000e+00
1.175000000000000000e+03 4.699913011586365208e-02 0.000000000000000000e+00 1.000000000000000000e+00 0.000000000000000000e+00 0.000000000000000000e+00 0.000000000000000000e+00
1.200000000000000000e+03 4.799911160769054774e-02 0.000000000000000000e+00 1.000000000000000000e+00 0.000000000000000000e+00 0.000000000000000000e+00 0.000000000000000000e+00
1.225000000000000000e+03 4.899909309951744341e-02 0.000000000000000000e+00 1.000000000000000000e+00 0.000000000000000000e+00 0.000000000000000000e+00 0.000000000000000000e+00
1.250000000000000000e+03 4.999907459134433907e-02 0.000000000000000000e+00 1.000000000000000000e+00 0.000000000000000000e+00 0.000000000000000000e+00 0.000000000000000000e+00
1.275000000000000000e+03 5.099905608317123473e-02 0.000000000000000000e+00 1.000000000000000000e+00 0.000000000000000000e+00 0.000000000000000000e+00 0.000000000000000000e+00
1.300000000000000000e+03 5.199903757499813040e-02 0.000000000000000000e+00 1.000000000000000000e+00 0.000000000000000000e+00 0.000000000000000000e+00 0.000000000000000000e+00
1.325000000000000000e+03 5.299901906682502606e-02 0.000000000000000000e+00 1.000000000000000000e+00 0.000000000000000000e+00 0.000000000000000000e+00 0.000000000000000000e+00
1.350000000000000000e+03 5.399900055865192172e-02 0.000000000000000000e+00 1.000000000000000000e+00 0.000000000000000000e+00 0.000000000000000000e+00 0.000000000000000000e+00
1.375000000000000000e+03 5.499898205047881738e-02 0.000000000000000000e+00 1.000000000000000000e+00 0.000000000000000000e+00 0.000000000000000000e+00 0.000000000000000000e+00
1.400000000000000000e+03 5.599896354230571305e-02 0.000000000000000000e+00 1.000000000000000000e+00 0.000000000000000000e+00 0.000000000000000000e+00 0.000000000000000000e+00
1.425000000000000000e+03 5.699894503413260871e-02 0.000000000000000000e+00 1.000000000000000000e+00 0.000000000000000000e+00 0.000000000000000000e+00 0.000000000000000000e+00
1.450000000000000000e+03 5.799892652595950437e-02 0.000000000000000000e+00 1.000000000000000000e+00 0.000000000000000000e+00 0.000000000000000000e+00 0.000000000000000000e+00
1.475000000000000000e+03 5.899890801778640004e-02 0.000000000000000000e+00 1.000000000000000000e+00 0.000000000000000000e+00 0.000000000000000000e+00 0.000000000000000000e+00
1.500000000000000000e+03 5.999888950961329570e-02 0.000000000000000000e+00 1.000000000000000000e+00 0.000000000000000000e+00 0.000000000000000000e+00 0.000000000000000000e+00
1.525000000000000000e+03 6.099887100144019136e-02 0.000000000000000000e+00 1.000000000000000000e+00 0.000000000000000000e+00 0.000000000000000000e+00 0.000000000000000000e+00
1.550000000000000000e+03 6.199885249326708703e-02 0.000000000000000000e+00 1.000000000000000000e+00 0.000000000000000000e+00 0.000000000000000000e+00 0.000000000000000000e+00
1.575000000000000000e+03 6.299883398509398269e-02 0.000000000000000000e+00 1.000000000000000000e+00 0.000000000000000000e+00 0.000000000000000000e+00 0.000000000000000000e+00
1.600000000000000000e+03 6.399881547692087835e-02 0.000000000000000000e+00 1.000000000000000000e+00 0.000000000000000000e+00 0.000000000000000000e+00 0.000000000000000000e+00
1.625000000000000000e+03 6.499879696874777402e-02 0.000000000000000000e+00 1.000000000000000000e+00 0.000000000000000000e+00 0.000000000000000000e+00 0.000000000000000000e+00
1.650000000000000000e+03 6.599877846057466968e-02 0.000000000000000000e+00 1.000000000000000000e+00 0.000000000000000000e+00 0.000000000000000000e+00 0.000000000000000000e+00
1.675000000000000000e+03 6.699875995240156534e-02 0.000000000000000000e+00 1.000000000000000000e+00 0.000000000000000000e+00 0.000000000000000000e+00 0.000000000000000000e+00
1.700000000000000000e+03 6.799874144422823896e-02 0.000000000000000000e+00 1.000000000000000000e+00 0.000000000000000000e+00 0.000000000000000000e+00 0.000000000000000000e+00
1.725000000000000000e+03 6.899872293605513462e-02 1.137915339098771066e-04 9.997724169321802190e-01 0.000000000000000000e+00 1.137915339098771066e-04 0.000000000000000000e+00
1.750000000000000000e+03 6.999870442788203029e-02 0.000000000000000000e+00 1.000000000000000000e+00 0.000000000000000000e+00 0.000000000000000000e+00 0.000000000000000000e+00
1.775000000000000000e+03 7.099868591970892595e-02 0.000000000000000000e+00 1.000000000000000000e+00 0.000000000000000000e+00 0.000000000000000000e+00 0.000000000000000000e+00
1.800000000000000000e+03 7.199866741153582161e-02 0.000000000000000000e+00 1.000000000000000000e+00 0.000000000000000000e+00 0.000000000000000000e+00 0.000000000000000000e+00
1.825000000000000000e+03 7.299864890336271728e-02 0.000000000000000000e+00 1.000000000000000000e+00 0.000000000000000000e+00 0.000000000000000000e+00 0.000000000000000000e+00
1.850000000000000000e+03 7.399863039518961294e-02 0.000000000000000000e+00 1.000000000000000000e+00 0.000000000000000000e+00 0.000000000000000000e+00 0.000000000000000000e+00
1.875000000000000000e+03 7.499861188701650860e-02 0.000000000000000000e+00 1.000000000000000000e+00 0.000000000000000000e+00 0.000000000000000000e+00 0.000000000000000000e+00
1.900000000000000000e+03 7.599859337884340427e-02 1.137915339098771066e-04 9.998862084660901095e-01 0.000000000000000000e+00 0.000000000000000000e+00 0.000000000000000000e+00
1.925000000000000000e+03 7.699857487067029993e-02 0.000000000000000000e+00 1.000000000000000000e+00 0.000000000000000000e+00 0.000000000000000000e+00 0.000000000000000000e+00
1.950000000000000000e+03 7.799855636249719559e-02 2.275830678197542133e-04 9.997724169321802190e-01 0.000000000000000000e+00 0.000000000000000000e+00 0.000000000000000000e+00
1.975000000000000000e+03 7.899853785432409126e-02 1.137915339098771066e-04 9.998862084660901095e-01 0.000000000000000000e+00 0.000000000000000000e+00 0.000000000000000000e+00
2.000000000000000000e+03 7.999851934615098692e-02 0.000000000000000000e+00 1.000000000000000000e+00 0.000000000000000000e+00 0.000000000000000000e+00 0.000000000000000000e+00
2.025000000000000000e+03 8.099850083797788258e-02 2.275830678197542133e-04 9.997724169321802190e-01 0.000000000000000000e+00 0.000000000000000000e+00 0.000000000000000000e+00
2.050000000000000000e+03 8.199848232980477825e-02 0.000000000000000000e+00 1.000000000000000000e+00 0.000000000000000000e+00 0.000000000000000000e+00 0.000000000000000000e+00
2.075000000000000000e+03 8.299846382163167391e-02 3.413746017296313199e-04 9.996586253982703285e-01 0.000000000000000000e+00 0.000000000000000000e+00 0.000000000000000000e+00
2.100000000000000000e+03 8.399844531345856957e-02 4.551661356395084266e-04 9.995448338643604380e-01 0.000000000000000000e+00 0.000000000000000000e+00 0.000000000000000000e+00
2.125000000000000000e+03 8.499842680528546524e-02 0.000000000000000000e+00 1.000000000000000000e+00 0.000000000000000000e+00 0.000000000000000000e+00 0.000000000000000000e+00
2.150000000000000000e+03 8.599840829711236090e-02 1.137915339098771066e-04 9.998862084660901095e-01 0.000000000000000000e+00 0.000000000000000000e+00 0.000000000000000000e+00
2.175000000000000000e+03 8.699838978893925656e-02 1.024123805188893906e-03 9.987482931269913156e-01 0.000000000000000000e+00 2.275830678197542133e-04 0.000000000000000000e+00
2.200000000000000000e+03 8.799837128076615222e-02 1.137915339098770958e-03 9.987482931269913156e-01 0.000000000000000000e+00 1.137915339098771066e-04 0.000000000000000000e+00
2.225000000000000000e+03 8.899835277259304789e-02 1.137915339098771066e-04 9.998862084660901095e-01 0.000000000000000000e+00 0.000000000000000000e+00 0.000000000000000000e+00
2.250000000000000000e+03 8.999833426441994355e-02 5.689576695493854790e-04 9.994310423304506585e-01 0.000000000000000000e+00 0.000000000000000000e+00 0.000000000000000000e+00
2.275000000000000000e+03 9.099831575624683921e-02 2.275830678197542133e-04 9.997724169321802190e-01 0.000000000000000000e+00 0.000000000000000000e+00 0.000000000000000000e+00
2.300000000000000000e+03 9.199829724807373488e-02 5.689576695493854790e-04 9.993172507965407680e-01 0.000000000000000000e+00 1.137915339098771066e-04 0.000000000000000000e+00
2.325000000000000000e+03 9.299827873990063054e-02 1.820664542558033706e-03 9.981793354574419741e-01 0.000000000000000000e+00 0.000000000000000000e+00 0.000000000000000000e+00
2.350000000000000000e+03 9.399826023172752620e-02 1.365498406918525280e-03 9.986345015930814251e-01 0.000000000000000000e+00 0.000000000000000000e+00 0.000000000000000000e+00
2.375000000000000000e+03 9.499824172355419982e-02 1.137915339098770958e-03 9.988620846609012061e-01 0.000000000000000000e+00 0.000000000000000000e+00 0.000000000000000000e+00
2.400000000000000000e+03 9.599822321538109549e-02 1.706873008648156654e-03 9.982931269913518646e-01 0.000000000000000000e+00 0.000000000000000000e+00 0.000000000000000000e+00
2.425000000000000000e+03 9.699820470720799115e-02 1.706873008648156654e-03 9.982931269913518646e-01 0.000000000000000000e+00 0.000000000000000000e+00 0.000000000000000000e+00
2.450000000000000000e+03 9.799818619903488681e-02 1.024123805188893906e-03 9.988620846609012061e-01 0.000000000000000000e+00 1.137915339098771066e-04 0.000000000000000000e+00
2.475000000000000000e+03 9.899816769086178248e-02 3.072371415566681717e-03 9.968138370505233992e-01 0.000000000000000000e+00 1.137915339098771066e-04 0.000000000000000000e+00
2.500000000000000000e+03 9.999814918268867814e-02 2.730996813837050560e-03 9.970414201183431802e-01 0.000000000000000000e+00 2.275830678197542133e-04 0.000000000000000000e+00
2.525000000000000000e+03 1.009981306745155738e-01 4.096495220755575623e-03 9.956759217114247162e-01 0.000000000000000000e+00 2.275830678197542133e-04 0.000000000000000000e+00
2.550000000000000000e+03 1.019981121663424695e-01 2.048247610377787811e-03 9.977241693218024121e-01 0.000000000000000000e+00 2.275830678197542133e-04 0.000000000000000000e+00
2.575000000000000000e+03 1.029980936581693651e-01 1.251706873008648227e-03 9.986345015930814251e-01 0.000000000000000000e+00 1.137915339098771066e-04 0.000000000000000000e+00
2.600000000000000000e+03 1.039980751499962608e-01 2.275830678197541916e-03 9.976103777878926326e-01 0.000000000000000000e+00 1.137915339098771066e-04 0.000000000000000000e+00
2.625000000000000000e+03 1.049980566418231565e-01 2.730996813837050560e-03 9.972690031861629611e-01 0.000000000000000000e+00 0.000000000000000000e+00 0.000000000000000000e+00
2.650000000000000000e+03 1.059980381336500521e-01 4.437869822485207214e-03 9.954483386436049352e-01 0.000000000000000000e+00 1.137915339098771066e-04 0.000000000000000000e+00
2.675000000000000000e+03 1.069980196254769478e-01 5.917159763313609329e-03 9.936276741010469093e-01 0.000000000000000000e+00 4.551661356395084266e-04 0.000000000000000000e+00
2.700000000000000000e+03 1.079980011173038434e-01 2.503413746017296455e-03 9.973827947200728516e-01 0.000000000000000000e+00 1.137915339098771066e-04 0.000000000000000000e+00
2.725000000000000000e+03 1.089979826091307391e-01 5.348202093764223633e-03 9.944242148384160318e-01 0.000000000000000000e+00 2.275830678197542133e-04 0.000000000000000000e+00
2.750000000000000000e+03 1.099979641009576348e-01 8.420573509330906217e-03 9.911242603550295405e-01 0.000000000000000000e+00 4.551661356395084266e-04 0.000000000000000000e+00
2.775000000000000000e+03 1.109979455927845304e-01 7.396449704142011444e-03 9.924897587619481154e-01 0.000000000000000000e+00 1.137915339098771066e-04 0.000000000000000000e+00
2.800000000000000000e+03 1.119979270846114261e-01 1.172052799271734204e-02 9.878243058716431602e-01 0.000000000000000000e+00 4.551661356395084266e-04 0.000000000000000000e+00
2.825000000000000000e+03 1.129979085764383218e-01 1.649977241693217911e-02 9.825898953117887524e-01 0.000000000000000000e+00 9.103322712790168532e-04 0.000000000000000000e+00
2.850000000000000000e+03 1.139978900682652174e-01 1.103777878925807886e-02 9.885070550751023921e-01 0.000000000000000000e+00 4.551661356395084266e-04 0.000000000000000000e+00
2.875000000000000000e+03 1.149978715600921131e-01 1.422394173873463806e-02 9.842967683204369989e-01 0.000000000000000000e+00 1.479289940828402332e-03 0.000000000000000000e+00
2.900000000000000000e+03 1.159978530519190087e-01 1.786527082385070547e-02 9.806554392353209471e-01 0.000000000000000000e+00 1.479289940828402332e-03 0.000000000000000000e+00
2.925000000000000000e+03 1.169978345437459044e-01 2.651342740100136666e-02 9.691624943104233392e-01 0.000000000000000000e+00 4.324078288575329727e-03 0.000000000000000000e+00
2.950000000000000000e+03 1.179978160355728001e-01 2.810650887573964626e-02 9.665452890304960798e-01 0.000000000000000000e+00 5.348202093764223633e-03 0.000000000000000000e+00
2.975000000000000000e+03 1.189977975273996957e-01 3.573054164770141095e-02 9.526627218934911046e-01 0.000000000000000000e+00 1.160673645880746542e-02 0.000000000000000000e+00
3.000000000000000000e+03 1.199977790192265914e-01 6.304050978607191047e-02 9.080564406008192480e-01 0.000000000000000000e+00 2.890304961310878606e-02 0.000000000000000000e+00
3.025000000000000000e+03 1.209977605110534871e-01 1.076467910787437393e-01 8.157715065999089354e-01 0.000000000000000000e+00 7.658170232134729749e-02 0.000000000000000000e+00
3.050000000000000000e+03 1.219977420028801607e-01 1.726217569412835662e-01 6.603322712790168358e-01 0.000000000000000000e+00 1.670459717796995980e-01 0.000000000000000000e+00
3.075000000000000000e+03 1.229977234947070563e-01 2.404415111515703363e-01 4.688211197086936677e-01 0.000000000000000000e+00 2.907373691397360238e-01 0.000000000000000000e+00
3.100000000000000000e+03 1.239977049865339520e-01 3.060992262175694090e-01 2.918752844788347622e-01 0.000000000000000000e+00 4.020254893035958288e-01 0.000000000000000000e+00
3.125000000000000000e+03 1.249976864783608477e-01 3.266954938552571464e-01 1.779699590350477811e-01 1.024123805188893906e-03 4.943104233045061413e-01 0.000000000000000000e+00
3.150000000000000000e+03 1.259976679701877433e-01 3.388711879836140417e-01 1.208466090122894826e-01 1.046882111970869403e-02 5.298133818843877574e-01 0.000000000000000000e+00
3.175000000000000000e+03 1.269976494620146390e-01 3.538916704597178109e-01 9.672280382339554228e-02 2.287209831588529751e-02 5.265134274010013771e-01 0.000000000000000000e+00
3.200000000000000000e+03 1.279976309538415347e-01 3.553709604005462208e-01 9.956759217114247162e-02 4.494765589440145870e-02 5.001137915339098905e-01 0.000000000000000000e+00
3.225000000000000000e+03 1.289976124456684303e-01 3.378470641784251383e-01 1.314292216659080637e-01 6.030951297223486468e-02 4.704142011834319681e-01 0.000000000000000000e+00
3.250000000000000000e+03 1.299975939374953260e-01 3.266954938552571464e-01 1.703459262630860338e-01 7.885753299954482987e-02 4.241010468821119761e-01 0.000000000000000000e+00
3.275000000000000000e+03 1.309975754293222217e-01 3.191852526172052618e-01 2.148384160218479721e-01 1.159535730541647741e-01 3.500227583067819781e-01 0.000000000000000000e+00
3.300000000000000000e+03 1.319975569211491173e-01 3.022303140646335762e-01 2.447655894401456478e-01 1.640873918980427781e-01 2.889167045971779424e-01 0.000000000000000000e+00
3.325000000000000000e+03 1.329975384129760130e-01 3.004096495220755503e-01 2.762858443331815961e-01 2.182521620391442985e-01 2.050523441055985552e-01 0.000000000000000000e+00
3.350000000000000000e+03 1.339975199048029086e-01 2.834547109695038647e-01 3.063268092853891900e-01 2.713928083750569153e-01 1.388256713700500578e-01 0.000000000000000000e+00
3.375000000000000000e+03 1.349975013966298043e-01 2.973372781065088954e-01 3.112198452435138707e-01 2.763996358670914866e-01 1.150432407828857473e-01 0.000000000000000000e+00
3.400000000000000000e+03 1.359974828884567000e-01 2.798133818843878129e-01 3.197542102867546587e-01 2.899408284023668458e-01 1.104915794264906687e-01 0.000000000000000000e+00
3.425000000000000000e+03 1.369974643802835956e-01 2.639963586709148657e-01 3.343195266272189214e-01 3.020027309968138507e-01 9.968138370505234824e-02 0.000000000000000000e+00
3.450000000000000000e+03 1.379974458721104913e-01 2.429449248975876219e-01 3.570778334091943562e-01 3.196404187528447682e-01 8.033682294037323979e-02 0.000000000000000000e+00
3.475000000000000000e+03 1.389974273639373870e-01 2.291761492944924816e-01 3.744879380974055483e-01 3.287437414656349532e-01 6.759217114246700298e-02 0.000000000000000000e+00
3.500000000000000000e+03 1.399974088557642826e-01 2.040282203004096517e-01 4.006599908966773094e-01 3.385298133818843702e-01 5.678197542102867562e-02 0.000000000000000000e+00
3.525000000000000000e+03 1.409973903475911783e-01 1.990213928083750528e-01 4.177287209831588299e-01 3.453573054164770229e-01 3.789258079198907364e-02 0.000000000000000000e+00
3.550000000000000000e+03 1.419973718394180739e-01 1.859353664087392000e-01 4.307009558488848477e-01 3.590122894856622726e-01 2.435138825671370050e-02 0.000000000000000000e+00
3.575000000000000000e+03 1.429973533312449696e-01 1.797906235776058348e-01 4.350250341374601870e-01 3.568502503413745752e-01 2.833409194355939950e-02 0.000000000000000000e+00
3.600000000000000000e+03 1.439973348230718653e-01 1.884387801547564856e-01 4.248975876194810986e-01 3.576467910787437532e-01 2.901684114701866268e-02 0.000000000000000000e+00
3.625000000000000000e+03 1.449973163148987609e-01 1.921939007737824279e-01 4.250113791533909890e-01 3.511606736458807720e-01 3.163404642694583185e-02 0.000000000000000000e+00
3.650000000000000000e+03 1.459972978067256566e-01 1.902594446973145115e-01 4.287664997724169313e-01 3.540054619936277014e-01 2.696859353664087314e-02 0.000000000000000000e+00
3.675000000000000000e+03 1.469972792985525523e-01 1.778561675011379184e-01 4.387801547564861293e-01 3.628812016385981054e-01 2.048247610377787811e-02 0.000000000000000000e+00
3.700000000000000000e+03 1.479972607903794479e-01 1.771734182976786587e-01 4.435593991807009751e-01 3.666363222576240477e-01 1.263086026399635846e-02 0.000000000000000000e+00
3.725000000000000000e+03 1.489972422822061215e-01 1.817250796540737234e-01 4.489076012744651623e-01 3.546882111970869333e-01 1.467910787437414627e-02 0.000000000000000000e+00
3.750000000000000000e+03 1.499972237740330172e-01 1.810423304506144637e-01 4.520937642239417631e-01 3.530951297223486329e-01 1.376877560309512985e-02 0.000000000000000000e+00
3.775000000000000000e+03 1.509972052658599129e-01 1.933318161128811941e-01 4.486800182066454368e-01 3.437642239417387224e-01 1.422394173873463806e-02 0.000000000000000000e+00
3.800000000000000000e+03 1.519971867576868085e-01 1.958352298588985074e-01 4.474283113336367523e-01 3.388711879836140417e-01 1.786527082385070547e-02 0.000000000000000000e+00
3.825000000000000000e+03 1.529971682495137042e-01 2.055075102412380617e-01 4.441283568502503165e-01 3.320436959490213891e-01 1.832043695949021542e-02 0.000000000000000000e+00
3.850000000000000000e+03 1.539971497413405999e-01 2.328174783796085612e-01 4.307009558488848477e-01 3.169094219390077294e-01 1.957214383249886169e-02 0.000000000000000000e+00
3.875000000000000000e+03 1.549971312331674955e-01 2.454483386436049075e-01 4.209148839326354308e-01 3.125853436504323901e-01 2.105143377332726468e-02 0.000000000000000000e+00
3.900000000000000000e+03 1.559971127249943912e-01 2.523896222121074229e-01 4.160218479745106945e-01 3.050751024123805055e-01 2.651342740100136666e-02 0.000000000000000000e+00
3.925000000000000000e+03 1.569970942168212868e-01 2.641101502048247562e-01 4.131770596267637652e-01 3.030268548020027541e-01 1.968593536640873831e-02 0.000000000000000000e+00
3.950000000000000000e+03 1.579970757086481825e-01 2.658170232134728916e-01 4.110150204824761233e-01 3.006372325898953313e-01 2.253072371415566766e-02 0.000000000000000000e+00
3.975000000000000000e+03 1.589970572004750782e-01 2.763996358670914866e-01 4.056668183887118806e-01 2.864132908511606845e-01 3.152025489303595523e-02 0.000000000000000000e+00
4.000000000000000000e+03 1.599970386923019738e-01 2.785616750113791285e-01 4.080564406008193035e-01 2.775375512061902805e-01 3.584433318161128756e-02 0.000000000000000000e+00
4.025000000000000000e+03 1.609970201841288695e-01 2.789030496131087999e-01 4.111288120163859583e-01 2.804961310878470448e-01 2.947200728265816916e-02 0.000000000000000000e+00
4.050000000000000000e+03 1.619970016759557652e-01 2.864132908511606845e-01 4.077150659990896875e-01 2.715065999089667503e-01 3.436504324078288458e-02 0.000000000000000000e+00
4.075000000000000000e+03 1.629969831677826608e-01 2.874374146563495880e-01 4.074874829312699065e-01 2.649066909421938787e-01 4.016841147018661989e-02 0.000000000000000000e+00
4.100000000000000000e+03 1.639969646596095565e-01 2.897132453345471204e-01 4.110150204824761233e-01 2.610377787892581014e-01 3.823395539371871044e-02 0.000000000000000000e+00
4.125000000000000000e+03 1.649969461514364522e-01 2.890304961310878329e-01 4.073736913973600160e-01 2.635411925352753593e-01 4.005461993627674328e-02 0.000000000000000000e+00
4.150000000000000000e+03 1.659969276432633478e-01 3.000682749203459343e-01 4.071461083295402905e-01 2.555757851615839682e-01 3.720983158852981393e-02 0.000000000000000000e+00
4.175000000000000000e+03 1.669969091350902435e-01 2.982476103777879084e-01 4.114701866181156298e-01 2.513654984069185194e-01 3.891670459717797015e-02 0.000000000000000000e+00
4.200000000000000000e+03 1.679968906269171391e-01 3.068957669549385314e-01 4.153390987710514071e-01 2.431725079654073751e-01 3.459262630860263782e-02 0.000000000000000000e+00
4.225000000000000000e+03 1.689968721187440348e-01 3.038233955393718766e-01 4.235320892125625791e-01 2.337278106508875741e-01 3.891670459717797015e-02 0.000000000000000000e+00
4.250000000000000000e+03 1.699968536105709305e-01 3.063268092853891900e-01 4.326354119253527641e-01 2.269003186162949492e-01 3.413746017296313134e-02 0.000000000000000000e+00
4.275000000000000000e+03 1.709968351023978261e-01 3.074647246244879284e-01 4.403732362312243742e-01 2.222348657259899940e-01 2.992717341829767910e-02 0.000000000000000000e+00
4.300000000000000000e+03 1.719968165942247218e-01 3.004096495220755503e-01 4.511834319526626946e-01 2.198452435138825711e-01 2.856167501137915274e-02 0.000000000000000000e+00
4.325000000000000000e+03 1.729967980860516175e-01 2.837960855712334807e-01 4.707555757851615841e-01 2.208693673190714746e-01 2.457897132453345374e-02 0.000000000000000000e+00
4.350000000000000000e+03 1.739967795778785131e-01 2.751479289940828576e-01 4.824761037778789174e-01 2.189349112426035582e-01 2.344105598543468408e-02 0.000000000000000000e+00
4.375000000000000000e+03 1.749967610697054088e-01 2.737824305871643382e-01 4.880518889394628856e-01 2.175694128356850388e-01 2.059626763768775473e-02 0.000000000000000000e+00
4.400000000000000000e+03 1.759967425615320824e-01 2.592171142467000200e-01 5.003413746017296715e-01 2.215521165225307343e-01 1.888939462903959851e-02 0.000000000000000000e+00
4.425000000000000000e+03 1.769967240533589781e-01 2.552344105598543522e-01 5.065999089667728716e-01 2.247382794720072796e-01 1.342740100136549826e-02 0.000000000000000000e+00
4.450000000000000000e+03 1.779967055451858737e-01 2.548930359581247362e-01 5.111515703231679364e-01 2.242831133363677731e-01 9.672280382339554228e-03 0.000000000000000000e+00
4.475000000000000000e+03 1.789966870370127694e-01 2.515930814747383004e-01 5.106964041875284854e-01 2.263313609467455523e-01 1.137915339098771045e-02 0.000000000000000000e+00
4.500000000000000000e+03 1.799966685288396651e-01 2.478379608557123304e-01 5.138825671370049752e-01 2.262175694128356895e-01 1.206190259444697363e-02 0.000000000000000000e+00
4.525000000000000000e+03 1.809966500206665607e-01 2.426035502958579781e-01 5.224169321802457633e-01 2.222348657259899940e-01 1.274465179790623508e-02 0.000000000000000000e+00
4.550000000000000000e+03 1.819966315124934564e-01 2.368001820664542567e-01 5.292444242148384159e-01 2.234865725989986229e-01 1.046882111970869403e-02 0.000000000000000000e+00
4.575000000000000000e+03 1.829966130043203520e-01 2.390760127446517891e-01 5.329995448338643582e-01 2.192762858443331742e-01 8.648156577150659455e-03 0.000000000000000000e+00
4.600000000000000000e+03 1.839965944961472477e-01 2.362312243969048597e-01 5.383477469276285454e-01 2.168866636322257513e-01 8.534365043240782836e-03 0.000000000000000000e+00
4.625000000000000000e+03 1.849965759879741434e-01 2.331588529813381772e-01 5.466545289030496635e-01 2.118798361401911801e-01 8.306781975421027864e-03 0.000000000000000000e+00
4.650000000000000000e+03 1.859965574798010390e-01 2.360036413290851065e-01 5.469959035047792240e-01 2.065316340464269373e-01 1.046882111970869403e-02 0.000000000000000000e+00
4.675000000000000000e+03 1.869965389716279347e-01 2.389622212107419263e-01 5.455166135639508695e-01 2.060764679107874309e-01 9.444697314519799256e-03 0.000000000000000000e+00
4.700000000000000000e+03 1.879965204634548304e-01 2.358898497951752438e-01 5.496131087847063723e-01 2.059626763768775681e-01 8.534365043240782836e-03 0.000000000000000000e+00
4.725000000000000000e+03 1.889965019552817260e-01 2.408966772872098427e-01 5.481338188438780179e-01 2.010696404187528319e-01 9.899863450159307465e-03 0.000000000000000000e+00
4.750000000000000000e+03 1.899964834471086217e-01 2.355484751934456000e-01 5.520027309968138507e-01 2.009558488848429691e-01 1.149294492489758707e-02 0.000000000000000000e+00
4.775000000000000000e+03 1.909964649389355174e-01 2.370277651342740100e-01 5.515475648611742887e-01 2.003868912152935722e-01 1.103777878925807886e-02 0.000000000000000000e+00
4.800000000000000000e+03 1.919964464307624130e-01 2.344105598543468338e-01 5.572371415566681474e-01 1.972007282658170269e-01 1.115157032316795548e-02 0.000000000000000000e+00
4.825000000000000000e+03 1.929964279225893087e-01 2.263313609467455523e-01 5.659990896677287164e-01 1.972007282658170269e-01 1.046882111970869403e-02 0.000000000000000000e+00
4.850000000000000000e+03 1.939964094144162043e-01 2.175694128356850388e-01 5.772644515248065433e-01 1.965179790623577671e-01 8.648156577150659455e-03 0.000000000000000000e+00
4.875000000000000000e+03 1.949963909062431000e-01 2.132453345471096995e-01 5.786299499317251183e-01 1.958352298588985074e-01 1.228948566226672687e-02 0.000000000000000000e+00
4.900000000000000000e+03 1.959963723980699957e-01 2.101729631315430169e-01 5.826126536185707305e-01 1.957214383249886169e-01 1.149294492489758707e-02 0.000000000000000000e+00
4.925000000000000000e+03 1.969963538898968913e-01 2.099453800637232637e-01 5.850022758306782089e-01 1.970869367319071364e-01 7.965407373691398007e-03 0.000000000000000000e+00
4.950000000000000000e+03 1.979963353817237870e-01 2.094902139280837572e-01 5.862539827036868934e-01 1.953800637232590010e-01 8.875739644970414427e-03 0.000000000000000000e+00
4.975000000000000000e+03 1.989963168735506827e-01 2.050523441055985552e-01 5.886436049157942607e-01 1.972007282658170269e-01 9.103322712790167665e-03 0.000000000000000000e+00
5.000000000000000000e+03 1.999962983653775783e-01 1.968593536640873831e-01 5.949021392808374609e-01 1.994765589440145592e-01 8.761948111060537808e-03 0.000000000000000000e+00
5.025000000000000000e+03 2.009962798572044740e-01 1.990213928083750528e-01 5.955848884842968038e-01 1.995903504779244497e-01 5.803368229403732710e-03 0.000000000000000000e+00
5.050000000000000000e+03 2.019962613490311476e-01 1.948111060537096040e-01 6.013882567137005530e-01 1.981110605370960398e-01 5.689576695493855224e-03 0.000000000000000000e+00
5.075000000000000000e+03 2.029962428408580433e-01 1.867319071461083224e-01 6.055985434683659463e-01 2.018661811561219821e-01 5.803368229403732710e-03 0.000000000000000000e+00
5.100000000000000000e+03 2.039962243326849389e-01 1.900318616294947582e-01 6.030951297223486884e-01 2.026627218934911323e-01 4.210286754665453109e-03 0.000000000000000000e+00
5.125000000000000000e+03 2.049962058245118346e-01 1.900318616294947582e-01 6.020710059171597850e-01 2.036868456986800080e-01 4.210286754665453109e-03 0.000000000000000000e+00
5.150000000000000000e+03 2.059961873163387303e-01 1.845698680018206528e-01 6.050295857988166048e-01 2.035730541647701453e-01 6.827492034592626616e-03 0.000000000000000000e+00
5.175000000000000000e+03 2.069961688081656259e-01 1.844560764679107900e-01 6.054847519344560558e-01 2.033454710969503920e-01 6.713700500682749130e-03 0.000000000000000000e+00
5.200000000000000000e+03 2.079961502999925216e-01 1.846836595357305433e-01 6.079881656804734247e-01 2.015248065543923661e-01 5.803368229403732710e-03 0.000000000000000000e+00
5.225000000000000000e+03 2.089961317918194172e-01 1.920801092398725651e-01 6.042330450614474824e-01 1.972007282658170269e-01 6.486117432862995025e-03 0.000000000000000000e+00
5.250000000000000000e+03 2.099961132836463129e-01 1.954938552571688637e-01 6.018434228493400040e-01 1.953800637232590010e-01 7.282658170232134826e-03 0.000000000000000000e+00
5.275000000000000000e+03 2.109960947754732086e-01 1.931042330450614408e-01 6.043468365953572619e-01 1.957214383249886169e-01 6.827492034592626616e-03 0.000000000000000000e+00
5.300000000000000000e+03 2.119960762673001042e-01 1.887801547564861293e-01 6.082157487482930946e-01 1.973145197997268896e-01 5.689576695493855224e-03 0.000000000000000000e+00
5.325000000000000000e+03 2.129960577591269999e-01 1.918525261720528119e-01 6.066226672735548497e-01 1.952662721893491105e-01 6.258534365043240920e-03 0.000000000000000000e+00
5.350000000000000000e+03 2.139960392509538956e-01 1.906008192990441552e-01 6.090122894856622171e-01 1.945835229858898507e-01 5.803368229403732710e-03 0.000000000000000000e+00
5.375000000000000000e+03 2.149960207427807912e-01 1.886663632225762388e-01 6.087847064178425471e-01 1.969731451979972736e-01 5.575785161583977738e-03 0.000000000000000000e+00
5.400000000000000000e+03 2.159960022346076869e-01 1.900318616294947582e-01 6.067364588074647402e-01 1.965179790623577671e-01 6.713700500682749130e-03 0.000000000000000000e+00
5.425000000000000000e+03 2.169959837264345826e-01 1.913973600364132777e-01 6.061675011379152878e-01 1.943559399180700975e-01 8.079198907601274626e-03 0.000000000000000000e+00
5.450000000000000000e+03 2.179959652182614782e-01 1.940145653163404538e-01 6.037778789258079204e-01 1.945835229858898507e-01 7.624032771961766417e-03 0.000000000000000000e+00
5.475000000000000000e+03 2.189959467100883739e-01 1.932180245789713313e-01 6.025261720527992360e-01 1.954938552571688637e-01 8.761948111060537808e-03 0.000000000000000000e+00
5.500000000000000000e+03 2.199959282019152695e-01 1.946973145197997135e-01 6.007055075102412101e-01 1.934456076467910846e-01 1.115157032316795548e-02 0.000000000000000000e+00
5.525000000000000000e+03 2.209959096937421652e-01 1.941283568502503443e-01 6.024123805188893455e-01 1.928766499772416876e-01 1.058261265361857065e-02 0.000000000000000000e+00
5.550000000000000000e+03 2.219958911855690609e-01 1.934456076467910846e-01 6.071916249431041912e-01 1.892353208921256358e-01 1.012744651797906244e-02 0.000000000000000000e+00
5.575000000000000000e+03 2.229958726773959565e-01 1.990213928083750528e-01 6.066226672735548497e-01 1.826354119253527641e-01 1.172052799271734204e-02 0.000000000000000000e+00
5.600000000000000000e+03 2.239958541692228522e-01 1.990213928083750528e-01 6.109467455621301335e-01 1.793354574419663283e-01 1.069640418752844727e-02 0.000000000000000000e+00
5.625000000000000000e+03 2.249958356610497479e-01 2.019799726900318726e-01 6.139053254437869533e-01 1.696631770596267741e-01 1.445152480655439303e-02 0.000000000000000000e+00
5.650000000000000000e+03 2.259958171528766435e-01 1.981110605370960398e-01 6.214155666818388379e-01 1.692080109239872676e-01 1.126536185707783383e-02 0.000000000000000000e+00
5.675000000000000000e+03 2.269957986447035392e-01 1.894629039599453890e-01 6.272189349112425871e-01 1.698907601274465273e-01 1.342740100136549826e-02 0.000000000000000000e+00
