# itime ezz other fcc hcp bcc ico
0.000000000000000000e+00 0.000000000000000000e+00 0.000000000000000000e+00 1.000000000000000000e+00 0.000000000000000000e+00 0.000000000000000000e+00 0.000000000000000000e+00
2.500000000000000000e+02 9.999953859912924514e-03 0.000000000000000000e+00 1.000000000000000000e+00 0.000000000000000000e+00 0.000000000000000000e+00 0.000000000000000000e+00
5.000000000000000000e+02 1.999990771982584903e-02 0.000000000000000000e+00 1.000000000000000000e+00 0.000000000000000000e+00 0.000000000000000000e+00 0.000000000000000000e+00
7.500000000000000000e+02 2.999986157973877354e-02 0.000000000000000000e+00 1.000000000000000000e+00 0.000000000000000000e+00 0.000000000000000000e+00 0.000000000000000000e+00
1.000000000000000000e+03 3.999981543965169806e-02 0.000000000000000000e+00 1.000000000000000000e+00 0.000000000000000000e+00 0.000000000000000000e+00 0.000000000000000000e+00
1.250000000000000000e+03 4.999976929956462257e-02 0.000000000000000000e+00 1.000000000000000000e+00 0.000000000000000000e+00 0.000000000000000000e+00 0.000000000000000000e+00
1.500000000000000000e+03 5.999972315947754709e-02 0.000000000000000000e+00 1.000000000000000000e+00 0.000000000000000000e+00 0.000000000000000000e+00 0.000000000000000000e+00
1.750000000000000000e+03 6.999967701939047160e-02 0.000000000000000000e+00 1.000000000000000000e+00 0.000000000000000000e+00 0.000000000000000000e+00 0.000000000000000000e+00
2.000000000000000000e+03 7.999963087930339611e-02 0.000000000000000000e+00 1.000000000000000000e+00 0.000000000000000000e+00 0.000000000000000000e+00 0.000000000000000000e+00
2.250000000000000000e+03 8.999958473921632063e-02 1.365498406918525280e-03 9.986345015930814251e-01 0.000000000000000000e+00 0.000000000000000000e+00 0.000000000000000000e+00
2.500000000000000000e+03 9.999953859912924514e-02 2.389622212107419402e-03 9.976103777878926326e-01 0.000000000000000000e+00 0.000000000000000000e+00 0.000000000000000000e+00
2.750000000000000000e+03 1.099994924590419476e-01 6.372325898953117539e-03 9.934000910332271284e-01 0.000000000000000000e+00 2.275830678197542133e-04 0.000000000000000000e+00
3.000000000000000000e+03 1.199994463189548721e-01 5.496131087847064278e-02 9.215976331360946627e-01 0.000000000000000000e+00 2.344105598543468408e-02 0.000000000000000000e+00
3.250000000000000000e+03 1.299994001788677966e-01 3.961083295402821891e-01 9.296768320436959998e-02 7.396449704142011444e-03 5.035275375512061613e-01 0.000000000000000000e+00
3.500000000000000000e+03 1.399993540387807212e-01 5.174101046882112476e-01 1.533909877105143482e-01 1.841147018661811463e-01 1.450842057350933134e-01 0.000000000000000000e+00
3.750000000000000000e+03 1.499993078986936457e-01 5.064861174328629811e-01 1.318843878015475701e-01 2.717341829767865313e-01 8.989531178880291740e-02 0.000000000000000000e+00
4.000000000000000000e+03 1.599992617586065702e-01 5.020482476103778069e-01 1.092398725534820259e-01 3.419435593991806965e-01 4.676832043695949154e-02 0.000000000000000000e+00
4.250000000000000000e+03 1.699992156185194947e-01 5.307237141556667703e-01 1.044606281292671801e-01 3.340919435593991960e-01 3.072371415566681890e-02 0.000000000000000000e+00
4.500000000000000000e+03 1.799991694784324192e-01 5.554164770141101215e-01 1.033227127901684139e-01 3.080336822940373254e-01 3.322712790168411146e-02 0.000000000000000000e+00
4.750000000000000000e+03 1.899991233383453437e-01 5.619025944469731026e-01 1.383705052344105513e-01 2.216659080564405970e-01 7.806099226217569353e-02 0.000000000000000000e+00
5.000000000000000000e+03 1.999990771982582682e-01 5.269685935366408280e-01 2.282658170232134687e-01 1.853664087391898030e-01 5.939918070095585173e-02 0.000000000000000000e+00
5.250000000000000000e+03 2.099990310581711928e-01 4.886208466090122826e-01 2.651342740100136597e-01 1.959490213928083702e-01 5.029585798816568060e-02 0.000000000000000000e+00
5.500000000000000000e+03 2.199989849180841173e-01 4.440145653163404815e-01 3.075785161583978189e-01 2.125625853436504398e-01 3.573054164770141095e-02 1.137915339098771066e-04
5.750000000000000000e+03 2.299989387779970418e-01 4.357077833409194190e-01 3.197542102867546587e-01 2.191624943104233114e-01 2.526172052799271692e-02 1.137915339098771066e-04
6.000000000000000000e+03 2.399988926379099663e-01 4.320664542558033672e-01 3.206645425580336717e-01 2.283796085571233592e-01 1.888939462903959851e-02 0.000000000000000000e+00
6.250000000000000000e+03 2.499988464978228908e-01 4.184114701866181174e-01 3.348884842967683184e-01 2.283796085571233592e-01 1.832043695949021542e-02 0.000000000000000000e+00
6.500000000000000000e+03 2.599988003577358153e-01 4.096495220755576039e-01 3.502503413746017036e-01 2.198452435138825711e-01 2.002730996813837164e-02 2.275830678197542133e-04
6.750000000000000000e+03 2.699987542176487398e-01 3.921256258534365213e-01 3.644742831133363503e-01 2.266727355484751960e-01 1.672735548475193582e-02 0.000000000000000000e+00
7.000000000000000000e+03 2.799987080775616644e-01 3.832498862084661173e-01 3.827947200728265553e-01 2.183659535730541612e-01 1.558944014565316269e-02 0.000000000000000000e+00
7.250000000000000000e+03 2.899986619374745889e-01 3.777878925807919841e-01 3.876877560309512916e-01 2.173418297678652578e-01 1.706873008648156567e-02 1.137915339098771066e-04
7.500000000000000000e+03 2.999986157973875134e-01 3.720983158852981254e-01 3.873463814292216756e-01 2.254210286754665393e-01 1.502048247610377786e-02 1.137915339098771066e-04
7.750000000000000000e+03 3.099985696573002159e-01 3.739189804278561513e-01 3.833636777423759523e-01 2.314519799726900418e-01 1.126536185707783383e-02 0.000000000000000000e+00
8.000000000000000000e+03 3.199985235172131404e-01 3.807464724624488039e-01 3.738051888939463163e-01 2.304278561675011383e-01 1.502048247610377786e-02 0.000000000000000000e+00
8.250000000000000000e+03 3.299984773771260649e-01 3.891670459717797015e-01 3.731224396904870289e-01 2.224624487938097472e-01 1.524806554392353283e-02 0.000000000000000000e+00
8.500000000000000000e+03 3.399984312370389894e-01 4.041875284478834707e-01 3.665225307237141572e-01 2.203004096495220776e-01 8.989531178880291046e-03 0.000000000000000000e+00
8.750000000000000000e+03 3.499983850969519139e-01 4.055530268548019901e-01 3.793809740555302845e-01 1.976558944014565333e-01 1.741010468821119553e-02 0.000000000000000000e+00
9.000000000000000000e+03 3.599983389568648384e-01 3.986117432862995025e-01 3.849567592171142527e-01 2.020937642239417353e-01 1.433773327264451468e-02 0.000000000000000000e+00
9.250000000000000000e+03 3.699982928167777629e-01 4.088529813381884259e-01 3.730086481565771384e-01 2.043695949021392677e-01 1.376877560309512985e-02 0.000000000000000000e+00
9.500000000000000000e+03 3.799982466766906875e-01 4.137460172963131622e-01 3.633363677742376119e-01 2.109695038689121394e-01 1.194811106053709528e-02 0.000000000000000000e+00
9.750000000000000000e+03 3.899982005366033899e-01 4.170459717796995980e-01 3.848429676832043622e-01 1.846836595357305433e-01 1.342740100136549826e-02 0.000000000000000000e+00
1.000000000000000000e+04 3.999981543965165365e-01 4.226217569412835662e-01 3.859808830223031562e-01 1.789940828402366846e-01 1.240327719617660522e-02 0.000000000000000000e+00
1.025000000000000000e+04 4.099981082564296830e-01 4.286527082385070408e-01 3.678880291306326766e-01 1.845698680018206528e-01 1.888939462903959851e-02 0.000000000000000000e+00
1.050000000000000000e+04 4.199980621163423855e-01 4.271734182976786309e-01 3.714155666818388934e-01 1.805871643149749572e-01 2.082385070550751144e-02 0.000000000000000000e+00
1.075000000000000000e+04 4.299980159762550880e-01 4.119253527537551363e-01 3.736913973600364258e-01 2.019799726900318726e-01 1.240327719617660522e-02 0.000000000000000000e+00
1.100000000000000000e+04 4.399979698361682345e-01 4.107874374146563423e-01 3.750568957669549452e-01 1.992489758761948060e-01 1.490669094219390124e-02 0.000000000000000000e+00
1.125000000000000000e+04 4.499979236960811591e-01 4.130632680928538747e-01 3.701638598088302090e-01 2.010696404187528319e-01 1.570323167956303931e-02 0.000000000000000000e+00
1.150000000000000000e+04 4.599978775559940836e-01 4.193218024578971304e-01 3.550295857988165493e-01 2.135867091488393155e-01 1.206190259444697363e-02 0.000000000000000000e+00
1.175000000000000000e+04 4.699978314159067860e-01 4.017979062357760478e-01 3.967910787437414766e-01 1.884387801547564856e-01 1.297223486572599005e-02 0.000000000000000000e+00
1.200000000000000000e+04 4.799977852758199326e-01 4.079426490669094130e-01 3.972462448793809831e-01 1.836595357305416398e-01 1.115157032316795548e-02 0.000000000000000000e+00
1.225000000000000000e+04 4.899977391357328571e-01 4.085116067364588099e-01 3.973600364132908735e-01 1.809285389167046010e-01 1.319981793354574502e-02 0.000000000000000000e+00
1.250000000000000000e+04 4.999976929956457816e-01 4.121529358215748617e-01 3.947428311333636697e-01 1.809285389167046010e-01 1.217569412835685025e-02 0.000000000000000000e+00
1.275000000000000000e+04 5.099976468555584841e-01 4.142011834319526686e-01 3.934911242603550408e-01 1.822940373236231204e-01 1.001365498406918582e-02 0.000000000000000000e+00
1.300000000000000000e+04 5.199976007154714086e-01 4.196631770596267463e-01 3.903049613108784954e-01 1.779699590350477811e-01 1.206190259444697363e-02 0.000000000000000000e+00
1.325000000000000000e+04 5.299975545753845552e-01 4.167045971779699820e-01 3.971324533454710926e-01 1.739872553482020856e-01 1.217569412835685025e-02 0.000000000000000000e+00
1.350000000000000000e+04 5.399975084352972576e-01 4.061219845243513871e-01 3.912152935821575084e-01 1.924214838416021811e-01 1.024123805188893906e-02 0.000000000000000000e+00
1.375000000000000000e+04 5.499974622952101821e-01 4.043013199817933612e-01 4.004324078288575284e-01 1.840009103322712836e-01 1.126536185707783383e-02 0.000000000000000000e+00
1.400000000000000000e+04 5.599974161551231067e-01 3.929221665908056438e-01 4.175011379153391045e-01 1.792216659080564378e-01 1.035502958579881741e-02 0.000000000000000000e+00
1.425000000000000000e+04 5.699973700150362532e-01 4.005461993627674189e-01 4.353664087391898030e-01 1.530496131087847045e-01 1.103777878925807886e-02 0.000000000000000000e+00
1.450000000000000000e+04 5.799973238749489557e-01 3.950842057350932857e-01 4.509558488848429691e-01 1.406463359126081114e-01 1.331360946745562164e-02 0.000000000000000000e+00
1.475000000000000000e+04 5.899972777348616582e-01 3.713017751479290030e-01 4.737141556668184039e-01 1.453117888029130667e-01 9.672280382339554228e-03 0.000000000000000000e+00
1.500000000000000000e+04 5.999972315947748047e-01 3.731224396904870289e-01 4.712107419208010906e-01 1.446290395994538069e-01 1.103777878925807886e-02 0.000000000000000000e+00
1.525000000000000000e+04 6.099971854546879513e-01 3.650432407828857473e-01 4.789485662266727561e-01 1.429221665908056438e-01 1.308602639963586667e-02 0.000000000000000000e+00
1.550000000000000000e+04 6.199971393146006537e-01 3.697086936731907025e-01 4.774692762858443462e-01 1.408739189804278646e-01 1.194811106053709528e-02 0.000000000000000000e+00
1.575000000000000000e+04 6.299970931745133562e-01 3.784706417842512716e-01 4.528903049613108855e-01 1.543013199817933612e-01 1.433773327264451468e-02 0.000000000000000000e+00
1.600000000000000000e+04 6.399970470344265028e-01 3.903049613108784954e-01 4.236458807464724696e-01 1.696631770596267741e-01 1.638598088302230249e-02 0.000000000000000000e+00
1.625000000000000000e+04 6.499970008943394273e-01 3.954255803368229572e-01 4.197769685935366368e-01 1.684114701866181174e-01 1.638598088302230249e-02 0.000000000000000000e+00
1.650000000000000000e+04 6.599969547542523518e-01 3.923532089212562468e-01 4.295630405097860538e-01 1.656804733727810786e-01 1.240327719617660522e-02 0.000000000000000000e+00
1.675000000000000000e+04 6.699969086141650543e-01 3.953117888029130667e-01 4.335457441966317771e-01 1.558944014565316338e-01 1.524806554392353283e-02 0.000000000000000000e+00
1.700000000000000000e+04 6.799968624740782008e-01 3.930359581247155343e-01 4.333181611288119961e-01 1.585116067364588099e-01 1.513427401001365448e-02 0.000000000000000000e+00
1.725000000000000000e+04 6.899968163339911253e-01 3.949704142011834507e-01 4.238734638142921951e-01 1.695493855257168836e-01 1.160673645880746542e-02 0.000000000000000000e+00
1.750000000000000000e+04 6.999967701939040499e-01 3.973600364132908735e-01 4.277423759672280279e-01 1.647701411015020379e-01 1.012744651797906244e-02 0.000000000000000000e+00
1.775000000000000000e+04 7.099967240538167523e-01 3.975876194811105990e-01 4.172735548475193235e-01 1.750113791533909890e-01 1.012744651797906244e-02 0.000000000000000000e+00
1.800000000000000000e+04 7.199966779137296768e-01 3.975876194811105990e-01 4.101046882111971104e-01 1.817250796540737234e-01 1.058261265361857065e-02 0.000000000000000000e+00
1.825000000000000000e+04 7.299966317736428234e-01 4.014565316340464318e-01 4.185252617205280079e-01 1.697769685935366368e-01 1.024123805188893906e-02 0.000000000000000000e+00
1.850000000000000000e+04 7.399965856335555259e-01 4.032771961766044577e-01 4.188666363222576239e-01 1.671597633136094607e-01 1.069640418752844727e-02 0.000000000000000000e+00
1.875000000000000000e+04 7.499965394934684504e-01 3.987255348202093930e-01 4.279699590350478089e-01 1.618115612198452458e-01 1.149294492489758707e-02 0.000000000000000000e+00
1.900000000000000000e+04 7.599964933533813749e-01 3.942876649977241632e-01 4.363905325443787064e-01 1.573736913973600438e-01 1.194811106053709528e-02 0.000000000000000000e+00
1.925000000000000000e+04 7.699964472132945215e-01 3.984979517523896120e-01 4.268320436959490149e-01 1.634046426945835184e-01 1.126536185707783383e-02 0.000000000000000000e+00
1.950000000000000000e+04 7.799964010732072239e-01 3.891670459717797015e-01 4.417387346381429492e-01 1.579426490669094130e-01 1.115157032316795548e-02 0.000000000000000000e+00
1.975000000000000000e+04 7.899963549331199264e-01 3.937187073281747662e-01 4.316112881201638607e-01 1.639736003641329154e-01 1.046882111970869403e-02 2.275830678197542133e-04
2.000000000000000000e+04 7.999963087930330730e-01 4.073736913973600160e-01 4.324078288575329831e-01 1.469048702776513393e-01 1.331360946745562164e-02 0.000000000000000000e+00
2.025000000000000000e+04 8.099962626529462195e-01 3.967910787437414766e-01 4.403732362312243742e-01 1.484979517523896120e-01 1.433773327264451468e-02 0.000000000000000000e+00
2.050000000000000000e+04 8.199962165128589220e-01 4.025944469731451703e-01 4.440145653163404815e-01 1.408739189804278646e-01 1.251706873008648184e-02 0.000000000000000000e+00
2.075000000000000000e+04 8.299961703727716245e-01 3.941738734638142727e-01 4.459490213928083979e-01 1.464497041420118328e-01 1.342740100136549826e-02 0.000000000000000000e+00
2.100000000000000000e+04 8.399961242326847710e-01 3.832498862084661173e-01 4.541420118343195145e-01 1.496358670914884059e-01 1.297223486572599005e-02 0.000000000000000000e+00
2.125000000000000000e+04 8.499960780925976955e-01 3.863222576240327721e-01 4.483386436049158208e-01 1.538461538461538547e-01 1.149294492489758707e-02 0.000000000000000000e+00
2.150000000000000000e+04 8.599960319525106200e-01 3.833636777423759523e-01 4.355939918070095840e-01 1.710286754665452935e-01 1.001365498406918582e-02 0.000000000000000000e+00
2.175000000000000000e+04 8.699959858124233225e-01 3.815430131998179264e-01 4.404870277651342647e-01 1.669321802457897075e-01 1.103777878925807886e-02 0.000000000000000000e+00
2.200000000000000000e+04 8.799959396723364691e-01 3.769913518434228616e-01 4.642694583522986029e-01 1.502048247610377751e-01 8.534365043240782836e-03 0.000000000000000000e+00
2.225000000000000000e+04 8.899958935322493936e-01 3.733500227583067543e-01 4.672280382339553673e-01 1.512289485662266786e-01 8.192990441511151245e-03 0.000000000000000000e+00
2.250000000000000000e+04 8.999958473921623181e-01 3.732362312243969193e-01 4.684797451069640517e-01 1.496358670914884059e-01 8.648156577150659455e-03 0.000000000000000000e+00
2.275000000000000000e+04 9.099958012520750206e-01 3.664087391898042667e-01 4.772416932180245652e-01 1.477014110150204895e-01 8.648156577150659455e-03 0.000000000000000000e+00
2.300000000000000000e+04 9.199957551119879451e-01 3.618570778334092020e-01 4.889622212107418986e-01 1.414428766499772339e-01 7.737824305871643035e-03 0.000000000000000000e+00
2.325000000000000000e+04 9.299957089719010916e-01 3.495675921711424716e-01 5.012517068730086844e-01 1.421256258534364936e-01 7.055075102412380721e-03 0.000000000000000000e+00
2.350000000000000000e+04 9.399956628318137941e-01 3.450159308147474069e-01 5.045516613563950648e-01 1.397360036413290985e-01 1.058261265361857065e-02 1.137915339098771066e-04
2.375000000000000000e+04 9.499956166917267186e-01 3.386436049157942607e-01 5.045516613563950648e-01 1.459945380063723264e-01 1.081019572143832562e-02 0.000000000000000000e+00
2.400000000000000000e+04 9.599955705516396431e-01 3.368229403732362348e-01 5.092171142467000200e-01 1.422394173873463841e-01 1.172052799271734204e-02 0.000000000000000000e+00
2.425000000000000000e+04 9.699955244115527897e-01 3.433090578060992160e-01 4.997724169321802190e-01 1.445152480655439164e-01 1.240327719617660522e-02 0.000000000000000000e+00
2.450000000000000000e+04 9.799954782714654922e-01 3.472917614929449392e-01 4.771279016841146747e-01 1.598771051433773294e-01 1.570323167956303931e-02 0.000000000000000000e+00
2.475000000000000000e+04 9.899954321313781946e-01 3.484296768320436777e-01 4.701866181156121871e-01 1.723941738734638129e-01 8.989531178880291046e-03 0.000000000000000000e+00
2.500000000000000000e+04 9.999953859912913412e-01 3.591260810195721631e-01 4.440145653163404815e-01 1.860491579426490627e-01 1.081019572143832562e-02 0.000000000000000000e+00
