# itime ezz other fcc hcp bcc ico
0.000000000000000000e+00 0.000000000000000000e+00 1.820664542558033706e-03 9.981793354574419741e-01 0.000000000000000000e+00 0.000000000000000000e+00 0.000000000000000000e+00
3.000000000000000000e+01 1.200001990525079165e-02 7.965407373691396923e-04 9.992034592626308775e-01 0.000000000000000000e+00 0.000000000000000000e+00 0.000000000000000000e+00
6.000000000000000000e+01 2.400003981050180535e-02 1.365498406918525280e-03 9.985207100591716456e-01 0.000000000000000000e+00 1.137915339098771066e-04 0.000000000000000000e+00
9.000000000000000000e+01 3.600005971575259700e-02 6.713700500682749130e-03 9.930587164314974569e-01 0.000000000000000000e+00 2.275830678197542133e-04 0.000000000000000000e+00
1.200000000000000000e+02 4.800007962100361070e-02 1.103777878925807886e-02 9.883932635411925016e-01 0.000000000000000000e+00 5.689576695493854790e-04 0.000000000000000000e+00
1.500000000000000000e+02 6.000009952625440235e-02 1.752389622212107562e-02 9.817933545744196300e-01 0.000000000000000000e+00 6.827492034592626399e-04 0.000000000000000000e+00
1.800000000000000000e+02 7.200011943150519400e-02 4.608557123350022489e-02 9.527765134274009950e-01 0.000000000000000000e+00 1.137915339098770958e-03 0.000000000000000000e+00
2.100000000000000000e+02 8.400013933675620770e-02 6.952662721893490549e-02 9.263768775603095085e-01 0.000000000000000000e+00 4.096495220755575623e-03 0.000000000000000000e+00
2.400000000000000000e+02 9.600015924200699935e-02 1.279016841147018746e-01 8.654984069185253093e-01 0.000000000000000000e+00 6.599908966772872511e-03 0.000000000000000000e+00
2.700000000000000000e+02 1.080001791472580130e-01 2.306554392353208915e-01 7.560309512972235302e-01 0.000000000000000000e+00 1.331360946745562164e-02 0.000000000000000000e+00
3.000000000000000000e+02 1.200001990525088047e-01 3.455848884842967483e-01 6.252844788347746707e-01 0.000000000000000000e+00 2.913063268092853930e-02 0.000000000000000000e+00
3.300000000000000000e+02 1.320002189577595963e-01 5.130860263996358528e-01 4.313837050523440797e-01 1.137915339098770958e-03 5.439235320892125969e-02 0.000000000000000000e+00
3.600000000000000000e+02 1.440002388630106100e-01 6.463359126081019701e-01 2.616067364588074429e-01 2.617205279927173507e-03 8.944014565316341092e-02 0.000000000000000000e+00
3.900000000000000000e+02 1.560002587682614017e-01 7.181383705052344357e-01 1.491807009558488717e-01 9.899863450159307465e-03 1.227810650887573990e-01 0.000000000000000000e+00
4.200000000000000000e+02 1.680002786735124154e-01 7.568274920345926526e-01 8.010923987255348655e-02 1.843422849340009204e-02 1.446290395994538069e-01 0.000000000000000000e+00
4.500000000000000000e+02 1.800002985787632070e-01 7.935821574874829532e-01 4.733727810650887463e-02 2.423759672280382388e-02 1.348429676832043622e-01 0.000000000000000000e+00
4.800000000000000000e+02 1.920003184840139987e-01 8.208921256258534527e-01 3.641329085116067066e-02 3.072371415566681890e-02 1.119708693673190647e-01 0.000000000000000000e+00
5.100000000000000000e+02 2.040003383892650124e-01 8.529813381884387979e-01 2.913063268092853930e-02 2.844788347746927612e-02 8.944014565316341092e-02 0.000000000000000000e+00
5.400000000000000000e+02 2.160003582945158040e-01 8.862084660901229372e-01 2.230314064633591095e-02 2.605826126536185672e-02 6.543013199817933334e-02 0.000000000000000000e+00
5.700000000000000000e+02 2.280003781997668177e-01 8.982703686845698865e-01 2.196176604460628110e-02 2.571688666363222686e-02 5.393718707328174627e-02 1.137915339098771066e-04
6.000000000000000000e+02 2.400003981050176094e-01 9.142011834319526686e-01 2.071005917159763482e-02 2.856167501137915274e-02 3.652708238507055422e-02 0.000000000000000000e+00
6.300000000000000000e+02 2.520004180102684010e-01 9.227355484751934567e-01 1.809285389167045871e-02 2.753755120619025970e-02 3.163404642694583185e-02 0.000000000000000000e+00
6.600000000000000000e+02 2.640004379155194147e-01 9.235320892125625791e-01 2.162039144287665124e-02 2.469276285844333035e-02 3.004096495220755572e-02 1.137915339098771066e-04
6.900000000000000000e+02 2.760004578207702064e-01 9.395766954938552518e-01 1.866181156121984527e-02 2.105143377332726468e-02 2.071005917159763482e-02 0.000000000000000000e+00
7.200000000000000000e+02 2.880004777260212201e-01 9.452662721893491105e-01 1.684114701866181243e-02 2.059626763768775473e-02 1.729631315430131891e-02 0.000000000000000000e+00
7.500000000000000000e+02 3.000004976312720117e-01 9.557350933090578149e-01 1.445152480655439303e-02 1.854802002730996865e-02 1.126536185707783383e-02 0.000000000000000000e+00
7.800000000000000000e+02 3.120005175365228034e-01 9.569868001820664993e-01 1.274465179790623508e-02 1.729631315430131891e-02 1.297223486572599005e-02 0.000000000000000000e+00
8.100000000000000000e+02 3.240005374417738171e-01 9.646108329540282744e-01 1.092398725534820224e-02 1.490669094219390124e-02 9.558488848429677609e-03 0.000000000000000000e+00
8.400000000000000000e+02 3.360005573470246087e-01 9.622212107419207960e-01 1.183431952662721866e-02 1.547564861174328607e-02 1.035502958579881741e-02 1.137915339098771066e-04
8.700000000000000000e+02 3.480005772522756224e-01 9.665452890304960798e-01 1.149294492489758707e-02 1.445152480655439303e-02 7.396449704142011444e-03 1.137915339098771066e-04
9.000000000000000000e+02 3.600005971575264141e-01 9.696176604460627901e-01 1.012744651797906244e-02 1.399635867091488309e-02 6.030951297223486815e-03 2.275830678197542133e-04
9.300000000000000000e+02 3.720006170627774278e-01 9.722348657259899385e-01 8.761948111060537808e-03 1.251706873008648184e-02 6.258534365043240920e-03 2.275830678197542133e-04
9.600000000000000000e+02 3.840006369680282194e-01 9.754210286754665393e-01 8.875739644970414427e-03 1.069640418752844727e-02 4.665452890304961318e-03 3.413746017296313199e-04
9.900000000000000000e+02 3.960006568732787890e-01 9.792899408284023721e-01 6.941283568502503235e-03 1.001365498406918582e-02 3.413746017296313308e-03 3.413746017296313199e-04
1.020000000000000000e+03 4.080006767785300248e-01 9.795175238962221531e-01 7.168866636322257339e-03 8.989531178880291046e-03 4.210286754665453109e-03 1.137915339098771066e-04
1.050000000000000000e+03 4.200006966837810385e-01 9.825898953117887524e-01 6.144742831133363434e-03 7.282658170232134826e-03 3.527537551206190360e-03 4.551661356395084266e-04
1.080000000000000000e+03 4.320007165890316081e-01 9.821347291761493015e-01 6.030951297223486815e-03 7.282658170232134826e-03 4.324078288575329727e-03 2.275830678197542133e-04
1.110000000000000000e+03 4.440007364942823997e-01 9.841829767865271084e-01 4.665452890304961318e-03 7.055075102412380721e-03 3.868912152935821518e-03 2.275830678197542133e-04
1.140000000000000000e+03 4.560007563995334134e-01 9.868001820664542567e-01 3.641329085116067413e-03 5.689576695493855224e-03 3.413746017296313308e-03 4.551661356395084266e-04
1.170000000000000000e+03 4.680007763047844271e-01 9.880518889394629412e-01 2.958579881656804664e-03 4.551661356395083832e-03 4.096495220755575623e-03 3.413746017296313199e-04
1.200000000000000000e+03 4.800007962100352188e-01 9.881656804733728316e-01 3.755120619025944465e-03 6.486117432862995025e-03 1.479289940828402332e-03 1.137915339098771066e-04
1.230000000000000000e+03 4.920008161152860104e-01 9.882794720072826111e-01 3.072371415566681717e-03 6.372325898953117539e-03 1.706873008648156654e-03 5.689576695493854790e-04
1.260000000000000000e+03 5.040008360205370241e-01 9.872553482020938187e-01 4.096495220755575623e-03 5.803368229403732710e-03 1.934456076467910759e-03 9.103322712790168532e-04
1.290000000000000000e+03 5.160008559257880378e-01 9.888484296768320636e-01 2.844788347746927612e-03 5.575785161583977738e-03 1.706873008648156654e-03 1.024123805188893906e-03
1.320000000000000000e+03 5.280008758310388295e-01 9.893035958124715146e-01 2.389622212107419402e-03 6.486117432862995025e-03 1.365498406918525280e-03 4.551661356395084266e-04
1.350000000000000000e+03 5.400008957362893991e-01 9.886208466090122826e-01 2.162039144287664864e-03 7.055075102412380721e-03 1.593081474738279385e-03 5.689576695493854790e-04
1.380000000000000000e+03 5.520009156415404128e-01 9.897587619481110766e-01 2.617205279927173507e-03 6.486117432862995025e-03 7.965407373691396923e-04 3.413746017296313199e-04
1.410000000000000000e+03 5.640009355467914265e-01 9.912380518889394310e-01 2.844788347746927612e-03 4.210286754665453109e-03 1.024123805188893906e-03 6.827492034592626399e-04
1.440000000000000000e+03 5.760009554520422181e-01 9.919208010923987739e-01 2.844788347746927612e-03 3.982703686845699004e-03 9.103322712790168532e-04 3.413746017296313199e-04
1.470000000000000000e+03 5.880009753572930098e-01 9.918070095584888834e-01 2.389622212107419402e-03 4.779244424214838804e-03 7.965407373691396923e-04 2.275830678197542133e-04
1.500000000000000000e+03 6.000009952625440235e-01 9.916932180245789930e-01 2.503413746017296455e-03 4.096495220755575623e-03 6.827492034592626399e-04 1.024123805188893906e-03
1.530000000000000000e+03 6.120010151677950372e-01 9.922621756941283344e-01 1.706873008648156654e-03 4.665452890304961318e-03 4.551661356395084266e-04 9.103322712790168532e-04
1.560000000000000000e+03 6.240010350730458288e-01 9.935138825671370189e-01 1.706873008648156654e-03 3.413746017296313308e-03 9.103322712790168532e-04 4.551661356395084266e-04
1.590000000000000000e+03 6.360010549782963984e-01 9.935138825671370189e-01 1.365498406918525280e-03 3.299954483386436255e-03 1.137915339098770958e-03 6.827492034592626399e-04
1.620000000000000000e+03 6.480010748835476342e-01 9.937414656349567998e-01 1.251706873008648227e-03 4.210286754665453109e-03 6.827492034592626399e-04 1.137915339098771066e-04
1.650000000000000000e+03 6.600010947887986479e-01 9.953345471096950448e-01 1.251706873008648227e-03 2.162039144287664864e-03 5.689576695493854790e-04 6.827492034592626399e-04
1.680000000000000000e+03 6.720011146940492175e-01 9.967000455166135087e-01 5.689576695493854790e-04 2.162039144287664864e-03 3.413746017296313199e-04 2.275830678197542133e-04
1.710000000000000000e+03 6.840011345993000091e-01 9.955621301775148257e-01 1.024123805188893906e-03 2.503413746017296455e-03 6.827492034592626399e-04 2.275830678197542133e-04
1.740000000000000000e+03 6.960011545045510228e-01 9.947655894401457033e-01 1.593081474738279385e-03 2.844788347746927612e-03 0.000000000000000000e+00 7.965407373691396923e-04
1.770000000000000000e+03 7.080011744098020365e-01 9.955621301775148257e-01 1.024123805188893906e-03 2.617205279927173507e-03 3.413746017296313199e-04 4.551661356395084266e-04
1.800000000000000000e+03 7.200011943150528282e-01 9.955621301775148257e-01 5.689576695493854790e-04 2.503413746017296455e-03 4.551661356395084266e-04 9.103322712790168532e-04
1.830000000000000000e+03 7.320012142203036198e-01 9.951069640418752638e-01 1.365498406918525280e-03 1.820664542558033706e-03 6.827492034592626399e-04 1.024123805188893906e-03
1.860000000000000000e+03 7.440012341255546335e-01 9.954483386436049352e-01 1.137915339098770958e-03 1.820664542558033706e-03 7.965407373691396923e-04 7.965407373691396923e-04
1.890000000000000000e+03 7.560012540308056472e-01 9.959035047792443862e-01 1.024123805188893906e-03 1.706873008648156654e-03 1.024123805188893906e-03 3.413746017296313199e-04
1.920000000000000000e+03 7.680012739360564389e-01 9.963586709148839482e-01 7.965407373691396923e-04 1.706873008648156654e-03 5.689576695493854790e-04 5.689576695493854790e-04
1.950000000000000000e+03 7.800012938413070085e-01 9.971552116522530707e-01 6.827492034592626399e-04 1.137915339098770958e-03 4.551661356395084266e-04 5.689576695493854790e-04
1.980000000000000000e+03 7.920013137465580222e-01 9.965862539827037292e-01 6.827492034592626399e-04 1.251706873008648227e-03 2.275830678197542133e-04 1.251706873008648227e-03
2.010000000000000000e+03 8.040013336518090359e-01 9.967000455166135087e-01 9.103322712790168532e-04 1.137915339098770958e-03 6.827492034592626399e-04 5.689576695493854790e-04
2.040000000000000000e+03 8.160013535570598275e-01 9.962448793809740577e-01 1.024123805188893906e-03 1.479289940828402332e-03 4.551661356395084266e-04 7.965407373691396923e-04
2.070000000000000000e+03 8.280013734623106192e-01 9.965862539827037292e-01 6.827492034592626399e-04 1.365498406918525280e-03 2.275830678197542133e-04 1.137915339098770958e-03
2.100000000000000000e+03 8.400013933675616329e-01 9.965862539827037292e-01 4.551661356395084266e-04 1.251706873008648227e-03 4.551661356395084266e-04 1.251706873008648227e-03
2.130000000000000000e+03 8.520014132728126466e-01 9.972690031861629611e-01 5.689576695493854790e-04 5.689576695493854790e-04 5.689576695493854790e-04 1.024123805188893906e-03
2.160000000000000000e+03 8.640014331780634382e-01 9.959035047792443862e-01 1.024123805188893906e-03 1.251706873008648227e-03 3.413746017296313199e-04 1.479289940828402332e-03
2.190000000000000000e+03 8.760014530833140078e-01 9.961310878470641672e-01 7.965407373691396923e-04 1.479289940828402332e-03 3.413746017296313199e-04 1.251706873008648227e-03
2.220000000000000000e+03 8.880014729885652436e-01 9.960172963131542767e-01 1.137915339098770958e-03 1.365498406918525280e-03 1.137915339098771066e-04 1.365498406918525280e-03
2.250000000000000000e+03 9.000014928938162573e-01 9.964724624487938387e-01 6.827492034592626399e-04 1.137915339098770958e-03 5.689576695493854790e-04 1.137915339098770958e-03
2.280000000000000000e+03 9.120015127990668269e-01 9.956759217114247162e-01 7.965407373691396923e-04 2.275830678197541916e-03 2.275830678197542133e-04 1.024123805188893906e-03
2.310000000000000000e+03 9.240015327043176185e-01 9.965862539827037292e-01 3.413746017296313199e-04 1.479289940828402332e-03 3.413746017296313199e-04 1.251706873008648227e-03
2.340000000000000000e+03 9.360015526095686322e-01 9.967000455166135087e-01 2.275830678197542133e-04 1.251706873008648227e-03 0.000000000000000000e+00 1.820664542558033706e-03
2.370000000000000000e+03 9.480015725148196459e-01 9.965862539827037292e-01 5.689576695493854790e-04 1.593081474738279385e-03 3.413746017296313199e-04 9.103322712790168532e-04
2.400000000000000000e+03 9.600015924200704376e-01 9.972690031861629611e-01 3.413746017296313199e-04 7.965407373691396923e-04 3.413746017296313199e-04 1.251706873008648227e-03
2.430000000000000000e+03 9.720016123253212292e-01 9.976103777878926326e-01 2.275830678197542133e-04 7.965407373691396923e-04 1.137915339098771066e-04 1.251706873008648227e-03
2.460000000000000000e+03 9.840016322305722429e-01 9.980655439235320836e-01 2.275830678197542133e-04 7.965407373691396923e-04 2.275830678197542133e-04 6.827492034592626399e-04
2.490000000000000000e+03 9.960016521358232566e-01 9.967000455166135087e-01 4.551661356395084266e-04 1.479289940828402332e-03 2.275830678197542133e-04 1.137915339098770958e-03
