# itime ezz other fcc hcp bcc ico
0.000000000000000000e+00 0.000000000000000000e+00 0.000000000000000000e+00 1.000000000000000000e+00 0.000000000000000000e+00 0.000000000000000000e+00 0.000000000000000000e+00
2.500000000000000000e+01 9.999818280568284479e-04 0.000000000000000000e+00 1.000000000000000000e+00 0.000000000000000000e+00 0.000000000000000000e+00 0.000000000000000000e+00
5.000000000000000000e+01 1.999963656113878940e-03 0.000000000000000000e+00 1.000000000000000000e+00 0.000000000000000000e+00 0.000000000000000000e+00 0.000000000000000000e+00
7.500000000000000000e+01 2.999945484170707388e-03 0.000000000000000000e+00 1.000000000000000000e+00 0.000000000000000000e+00 0.000000000000000000e+00 0.000000000000000000e+00
1.000000000000000000e+02 3.999927312227757881e-03 0.000000000000000000e+00 1.000000000000000000e+00 0.000000000000000000e+00 0.000000000000000000e+00 0.000000000000000000e+00
1.250000000000000000e+02 4.999909140284586329e-03 0.000000000000000000e+00 1.000000000000000000e+00 0.000000000000000000e+00 0.000000000000000000e+00 0.000000000000000000e+00
1.500000000000000000e+02 5.999890968341636821e-03 0.000000000000000000e+00 1.000000000000000000e+00 0.000000000000000000e+00 0.000000000000000000e+00 0.000000000000000000e+00
1.750000000000000000e+02 6.999872796398465269e-03 0.000000000000000000e+00 1.000000000000000000e+00 0.000000000000000000e+00 0.000000000000000000e+00 0.000000000000000000e+00
2.000000000000000000e+02 7.999854624455515761e-03 0.000000000000000000e+00 1.000000000000000000e+00 0.000000000000000000e+00 0.000000000000000000e+00 0.000000000000000000e+00
2.250000000000000000e+02 8.999836452512344209e-03 0.000000000000000000e+00 1.000000000000000000e+00 0.000000000000000000e+00 0.000000000000000000e+00 0.000000000000000000e+00
2.500000000000000000e+02 9.999818280569172657e-03 0.000000000000000000e+00 1.000000000000000000e+00 0.000000000000000000e+00 0.000000000000000000e+00 0.000000000000000000e+00
2.750000000000000000e+02 1.099980010862622315e-02 0.000000000000000000e+00 1.000000000000000000e+00 0.000000000000000000e+00 0.000000000000000000e+00 0.000000000000000000e+00
3.000000000000000000e+02 1.199978193668305160e-02 0.000000000000000000e+00 1.000000000000000000e+00 0.000000000000000000e+00 0.000000000000000000e+00 0.000000000000000000e+00
3.250000000000000000e+02 1.299976376474010209e-02 0.000000000000000000e+00 1.000000000000000000e+00 0.000000000000000000e+00 0.000000000000000000e+00 0.000000000000000000e+00
3.500000000000000000e+02 1.399974559279693054e-02 0.000000000000000000e+00 1.000000000000000000e+00 0.000000000000000000e+00 0.000000000000000000e+00 0.000000000000000000e+00
3.750000000000000000e+02 1.499972742085398103e-02 0.000000000000000000e+00 1.000000000000000000e+00 0.000000000000000000e+00 0.000000000000000000e+00 0.000000000000000000e+00
4.000000000000000000e+02 1.599970924891080948e-02 0.000000000000000000e+00 1.000000000000000000e+00 0.000000000000000000e+00 0.000000000000000000e+00 0.000000000000000000e+00
4.250000000000000000e+02 1.699969107696763793e-02 0.000000000000000000e+00 1.000000000000000000e+00 0.000000000000000000e+00 0.000000000000000000e+00 0.000000000000000000e+00
4.500000000000000000e+02 1.799967290502468842e-02 0.000000000000000000e+00 1.000000000000000000e+00 0.000000000000000000e+00 0.000000000000000000e+00 0.000000000000000000e+00
4.750000000000000000e+02 1.899965473308151687e-02 0.000000000000000000e+00 1.000000000000000000e+00 0.000000000000000000e+00 0.000000000000000000e+00 0.000000000000000000e+00
5.000000000000000000e+02 1.999963656113856736e-02 0.000000000000000000e+00 1.000000000000000000e+00 0.000000000000000000e+00 0.000000000000000000e+00 0.000000000000000000e+00
5.250000000000000000e+02 2.099961838919539581e-02 0.000000000000000000e+00 1.000000000000000000e+00 0.000000000000000000e+00 0.000000000000000000e+00 0.000000000000000000e+00
5.500000000000000000e+02 2.199960021725244630e-02 0.000000000000000000e+00 1.000000000000000000e+00 0.000000000000000000e+00 0.000000000000000000e+00 0.000000000000000000e+00
5.750000000000000000e+02 2.299958204530927475e-02 0.000000000000000000e+00 1.000000000000000000e+00 0.000000000000000000e+00 0.000000000000000000e+00 0.000000000000000000e+00
6.000000000000000000e+02 2.399956387336632524e-02 0.000000000000000000e+00 1.000000000000000000e+00 0.000000000000000000e+00 0.000000000000000000e+00 0.000000000000000000e+00
6.250000000000000000e+02 2.499954570142315369e-02 0.000000000000000000e+00 1.000000000000000000e+00 0.000000000000000000e+00 0.000000000000000000e+00 0.000000000000000000e+00
6.500000000000000000e+02 2.599952752947998214e-02 0.000000000000000000e+00 1.000000000000000000e+00 0.000000000000000000e+00 0.000000000000000000e+00 0.000000000000000000e+00
6.750000000000000000e+02 2.699950935753703263e-02 0.000000000000000000e+00 1.000000000000000000e+00 0.000000000000000000e+00 0.000000000000000000e+00 0.000000000000000000e+00
7.000000000000000000e+02 2.799949118559386108e-02 0.000000000000000000e+00 1.000000000000000000e+00 0.000000000000000000e+00 0.000000000000000000e+00 0.000000000000000000e+00
7.250000000000000000e+02 2.899947301365091157e-02 0.000000000000000000e+00 1.000000000000000000e+00 0.000000000000000000e+00 0.000000000000000000e+00 0.000000000000000000e+00
7.500000000000000000e+02 2.999945484170774002e-02 0.000000000000000000e+00 1.000000000000000000e+00 0.000000000000000000e+00 0.000000000000000000e+00 0.000000000000000000e+00
7.750000000000000000e+02 3.099943666976479051e-02 0.000000000000000000e+00 1.000000000000000000e+00 0.000000000000000000e+00 0.000000000000000000e+00 0.000000000000000000e+00
8.000000000000000000e+02 3.199941849782161896e-02 0.000000000000000000e+00 1.000000000000000000e+00 0.000000000000000000e+00 0.000000000000000000e+00 0.000000000000000000e+00
8.250000000000000000e+02 3.299940032587866945e-02 0.000000000000000000e+00 1.000000000000000000e+00 0.000000000000000000e+00 0.000000000000000000e+00 0.000000000000000000e+00
8.500000000000000000e+02 3.399938215393549790e-02 0.000000000000000000e+00 1.000000000000000000e+00 0.000000000000000000e+00 0.000000000000000000e+00 0.000000000000000000e+00
8.750000000000000000e+02 3.499936398199232634e-02 0.000000000000000000e+00 1.000000000000000000e+00 0.000000000000000000e+00 0.000000000000000000e+00 0.000000000000000000e+00
9.000000000000000000e+02 3.599934581004937684e-02 0.000000000000000000e+00 1.000000000000000000e+00 0.000000000000000000e+00 0.000000000000000000e+00 0.000000000000000000e+00
9.250000000000000000e+02 3.699932763810620528e-02 0.000000000000000000e+00 1.000000000000000000e+00 0.000000000000000000e+00 0.000000000000000000e+00 0.000000000000000000e+00
9.500000000000000000e+02 3.799930946616325578e-02 0.000000000000000000e+00 1.000000000000000000e+00 0.000000000000000000e+00 0.000000000000000000e+00 0.000000000000000000e+00
9.750000000000000000e+02 3.899929129422008423e-02 0.000000000000000000e+00 1.000000000000000000e+00 0.000000000000000000e+00 0.000000000000000000e+00 0.000000000000000000e+00
1.000000000000000000e+03 3.999927312227713472e-02 0.000000000000000000e+00 1.000000000000000000e+00 0.000000000000000000e+00 0.000000000000000000e+00 0.000000000000000000e+00
1.025000000000000000e+03 4.099925495033396317e-02 0.000000000000000000e+00 1.000000000000000000e+00 0.000000000000000000e+00 0.000000000000000000e+00 0.000000000000000000e+00
1.050000000000000000e+03 4.199923677839079161e-02 0.000000000000000000e+00 1.000000000000000000e+00 0.000000000000000000e+00 0.000000000000000000e+00 0.000000000000000000e+00
1.075000000000000000e+03 4.299921860644784211e-02 0.000000000000000000e+00 1.000000000000000000e+00 0.000000000000000000e+00 0.000000000000000000e+00 0.000000000000000000e+00
1.100000000000000000e+03 4.399920043450467055e-02 0.000000000000000000e+00 1.000000000000000000e+00 0.000000000000000000e+00 0.000000000000000000e+00 0.000000000000000000e+00
1.125000000000000000e+03 4.499918226256172105e-02 0.000000000000000000e+00 1.000000000000000000e+00 0.000000000000000000e+00 0.000000000000000000e+00 0.000000000000000000e+00
1.150000000000000000e+03 4.599916409061854949e-02 0.000000000000000000e+00 1.000000000000000000e+00 0.000000000000000000e+00 0.000000000000000000e+00 0.000000000000000000e+00
1.175000000000000000e+03 4.699914591867559999e-02 0.000000000000000000e+00 1.000000000000000000e+00 0.000000000000000000e+00 0.000000000000000000e+00 0.000000000000000000e+00
1.200000000000000000e+03 4.799912774673242843e-02 0.000000000000000000e+00 1.000000000000000000e+00 0.000000000000000000e+00 0.000000000000000000e+00 0.000000000000000000e+00
1.225000000000000000e+03 4.899910957478947893e-02 0.000000000000000000e+00 1.000000000000000000e+00 0.000000000000000000e+00 0.000000000000000000e+00 0.000000000000000000e+00
1.250000000000000000e+03 4.999909140284630737e-02 0.000000000000000000e+00 1.000000000000000000e+00 0.000000000000000000e+00 0.000000000000000000e+00 0.000000000000000000e+00
1.275000000000000000e+03 5.099907323090313582e-02 0.000000000000000000e+00 1.000000000000000000e+00 0.000000000000000000e+00 0.000000000000000000e+00 0.000000000000000000e+00
1.300000000000000000e+03 5.199905505896018632e-02 0.000000000000000000e+00 1.000000000000000000e+00 0.000000000000000000e+00 0.000000000000000000e+00 0.000000000000000000e+00
1.325000000000000000e+03 5.299903688701701476e-02 0.000000000000000000e+00 1.000000000000000000e+00 0.000000000000000000e+00 0.000000000000000000e+00 0.000000000000000000e+00
1.350000000000000000e+03 5.399901871507406526e-02 0.000000000000000000e+00 1.000000000000000000e+00 0.000000000000000000e+00 0.000000000000000000e+00 0.000000000000000000e+00
1.375000000000000000e+03 5.499900054313089370e-02 0.000000000000000000e+00 1.000000000000000000e+00 0.000000000000000000e+00 0.000000000000000000e+00 0.000000000000000000e+00
1.400000000000000000e+03 5.599898237118794420e-02 0.000000000000000000e+00 1.000000000000000000e+00 0.000000000000000000e+00 0.000000000000000000e+00 0.000000000000000000e+00
1.425000000000000000e+03 5.699896419924477264e-02 0.000000000000000000e+00 1.000000000000000000e+00 0.000000000000000000e+00 0.000000000000000000e+00 0.000000000000000000e+00
1.450000000000000000e+03 5.799894602730182314e-02 0.000000000000000000e+00 1.000000000000000000e+00 0.000000000000000000e+00 0.000000000000000000e+00 0.000000000000000000e+00
1.475000000000000000e+03 5.899892785535865158e-02 0.000000000000000000e+00 1.000000000000000000e+00 0.000000000000000000e+00 0.000000000000000000e+00 0.000000000000000000e+00
1.500000000000000000e+03 5.999890968341548003e-02 0.000000000000000000e+00 1.000000000000000000e+00 0.000000000000000000e+00 0.000000000000000000e+00 0.000000000000000000e+00
1.525000000000000000e+03 6.099889151147253052e-02 0.000000000000000000e+00 1.000000000000000000e+00 0.000000000000000000e+00 0.000000000000000000e+00 0.000000000000000000e+00
1.550000000000000000e+03 6.199887333952935897e-02 0.000000000000000000e+00 1.000000000000000000e+00 0.000000000000000000e+00 0.000000000000000000e+00 0.000000000000000000e+00
1.575000000000000000e+03 6.299885516758640946e-02 0.000000000000000000e+00 1.000000000000000000e+00 0.000000000000000000e+00 0.000000000000000000e+00 0.000000000000000000e+00
1.600000000000000000e+03 6.399883699564323791e-02 0.000000000000000000e+00 1.000000000000000000e+00 0.000000000000000000e+00 0.000000000000000000e+00 0.000000000000000000e+00
1.625000000000000000e+03 6.499881882370028841e-02 0.000000000000000000e+00 1.000000000000000000e+00 0.000000000000000000e+00 0.000000000000000000e+00 0.000000000000000000e+00
1.650000000000000000e+03 6.599880065175711685e-02 0.000000000000000000e+00 1.000000000000000000e+00 0.000000000000000000e+00 0.000000000000000000e+00 0.000000000000000000e+00
1.675000000000000000e+03 6.699878247981416735e-02 0.000000000000000000e+00 1.000000000000000000e+00 0.000000000000000000e+00 0.000000000000000000e+00 0.000000000000000000e+00
1.700000000000000000e+03 6.799876430787099579e-02 0.000000000000000000e+00 1.000000000000000000e+00 0.000000000000000000e+00 0.000000000000000000e+00 0.000000000000000000e+00
1.725000000000000000e+03 6.899874613592782424e-02 0.000000000000000000e+00 1.000000000000000000e+00 0.000000000000000000e+00 0.000000000000000000e+00 0.000000000000000000e+00
1.750000000000000000e+03 6.999872796398487473e-02 2.275830678197542133e-04 9.997724169321802190e-01 0.000000000000000000e+00 0.000000000000000000e+00 0.000000000000000000e+00
1.775000000000000000e+03 7.099870979204170318e-02 3.413746017296313199e-04 9.996586253982703285e-01 0.000000000000000000e+00 0.000000000000000000e+00 0.000000000000000000e+00
1.800000000000000000e+03 7.199869162009875367e-02 0.000000000000000000e+00 9.998862084660901095e-01 0.000000000000000000e+00 1.137915339098771066e-04 0.000000000000000000e+00
1.825000000000000000e+03 7.299867344815558212e-02 5.689576695493854790e-04 9.994310423304506585e-01 0.000000000000000000e+00 0.000000000000000000e+00 0.000000000000000000e+00
1.850000000000000000e+03 7.399865527621263261e-02 3.413746017296313199e-04 9.996586253982703285e-01 0.000000000000000000e+00 0.000000000000000000e+00 0.000000000000000000e+00
1.875000000000000000e+03 7.499863710426946106e-02 0.000000000000000000e+00 1.000000000000000000e+00 0.000000000000000000e+00 0.000000000000000000e+00 0.000000000000000000e+00
1.900000000000000000e+03 7.599861893232628951e-02 1.137915339098771066e-04 9.998862084660901095e-01 0.000000000000000000e+00 0.000000000000000000e+00 0.000000000000000000e+00
1.925000000000000000e+03 7.699860076038334000e-02 3.413746017296313199e-04 9.996586253982703285e-01 0.000000000000000000e+00 0.000000000000000000e+00 0.000000000000000000e+00
1.950000000000000000e+03 7.799858258844016845e-02 4.551661356395084266e-04 9.995448338643604380e-01 0.000000000000000000e+00 0.000000000000000000e+00 0.000000000000000000e+00
1.975000000000000000e+03 7.899856441649721894e-02 0.000000000000000000e+00 1.000000000000000000e+00 0.000000000000000000e+00 0.000000000000000000e+00 0.000000000000000000e+00
2.000000000000000000e+03 7.999854624455404739e-02 0.000000000000000000e+00 1.000000000000000000e+00 0.000000000000000000e+00 0.000000000000000000e+00 0.000000000000000000e+00
2.025000000000000000e+03 8.099852807261109788e-02 2.275830678197542133e-04 9.997724169321802190e-01 0.000000000000000000e+00 0.000000000000000000e+00 0.000000000000000000e+00
2.050000000000000000e+03 8.199850990066792633e-02 0.000000000000000000e+00 1.000000000000000000e+00 0.000000000000000000e+00 0.000000000000000000e+00 0.000000000000000000e+00
2.075000000000000000e+03 8.299849172872497682e-02 0.000000000000000000e+00 1.000000000000000000e+00 0.000000000000000000e+00 0.000000000000000000e+00 0.000000000000000000e+00
2.100000000000000000e+03 8.399847355678180527e-02 1.137915339098771066e-04 9.998862084660901095e-01 0.000000000000000000e+00 0.000000000000000000e+00 0.000000000000000000e+00
2.125000000000000000e+03 8.499845538483863372e-02 1.137915339098771066e-04 9.998862084660901095e-01 0.000000000000000000e+00 0.000000000000000000e+00 0.000000000000000000e+00
2.150000000000000000e+03 8.599843721289568421e-02 1.024123805188893906e-03 9.989758761948110966e-01 0.000000000000000000e+00 0.000000000000000000e+00 0.000000000000000000e+00
2.175000000000000000e+03 8.699841904095251266e-02 2.275830678197542133e-04 9.997724169321802190e-01 0.000000000000000000e+00 0.000000000000000000e+00 0.000000000000000000e+00
2.200000000000000000e+03 8.799840086900956315e-02 7.965407373691396923e-04 9.992034592626308775e-01 0.000000000000000000e+00 0.000000000000000000e+00 0.000000000000000000e+00
2.225000000000000000e+03 8.899838269706639160e-02 1.137915339098770958e-03 9.988620846609012061e-01 0.000000000000000000e+00 0.000000000000000000e+00 0.000000000000000000e+00
2.250000000000000000e+03 8.999836452512344209e-02 1.365498406918525280e-03 9.985207100591716456e-01 0.000000000000000000e+00 1.137915339098771066e-04 0.000000000000000000e+00
2.275000000000000000e+03 9.099834635318027054e-02 5.689576695493854790e-04 9.994310423304506585e-01 0.000000000000000000e+00 0.000000000000000000e+00 0.000000000000000000e+00
2.300000000000000000e+03 9.199832818123732103e-02 3.413746017296313199e-04 9.996586253982703285e-01 0.000000000000000000e+00 0.000000000000000000e+00 0.000000000000000000e+00
2.325000000000000000e+03 9.299831000929414948e-02 9.103322712790168532e-04 9.989758761948110966e-01 0.000000000000000000e+00 1.137915339098771066e-04 0.000000000000000000e+00
2.350000000000000000e+03 9.399829183735097793e-02 1.479289940828402332e-03 9.985207100591716456e-01 0.000000000000000000e+00 0.000000000000000000e+00 0.000000000000000000e+00
2.375000000000000000e+03 9.499827366540802842e-02 7.965407373691396923e-04 9.990896677287209870e-01 0.000000000000000000e+00 1.137915339098771066e-04 0.000000000000000000e+00
2.400000000000000000e+03 9.599825549346485687e-02 1.137915339098771066e-04 9.998862084660901095e-01 0.000000000000000000e+00 0.000000000000000000e+00 0.000000000000000000e+00
2.425000000000000000e+03 9.699823732152190736e-02 2.730996813837050560e-03 9.972690031861629611e-01 0.000000000000000000e+00 0.000000000000000000e+00 0.000000000000000000e+00
2.450000000000000000e+03 9.799821914957873581e-02 3.641329085116067413e-03 9.963586709148839482e-01 0.000000000000000000e+00 0.000000000000000000e+00 0.000000000000000000e+00
2.475000000000000000e+03 9.899820097763578630e-02 1.365498406918525280e-03 9.984069185252617551e-01 0.000000000000000000e+00 2.275830678197542133e-04 0.000000000000000000e+00
2.500000000000000000e+03 9.999818280569261475e-02 2.389622212107419402e-03 9.972690031861629611e-01 0.000000000000000000e+00 3.413746017296313199e-04 0.000000000000000000e+00
2.525000000000000000e+03 1.009981646337494432e-01 2.389622212107419402e-03 9.973827947200728516e-01 0.000000000000000000e+00 2.275830678197542133e-04 0.000000000000000000e+00
2.550000000000000000e+03 1.019981464618064937e-01 4.324078288575329727e-03 9.956759217114247162e-01 0.000000000000000000e+00 0.000000000000000000e+00 0.000000000000000000e+00
2.575000000000000000e+03 1.029981282898633221e-01 2.844788347746927612e-03 9.969276285844332897e-01 0.000000000000000000e+00 2.275830678197542133e-04 0.000000000000000000e+00
2.600000000000000000e+03 1.039981101179203726e-01 4.893035958124715423e-03 9.948793809740554828e-01 0.000000000000000000e+00 2.275830678197542133e-04 0.000000000000000000e+00
2.625000000000000000e+03 1.049980919459772011e-01 2.958579881656804664e-03 9.968138370505233992e-01 0.000000000000000000e+00 2.275830678197542133e-04 0.000000000000000000e+00
2.650000000000000000e+03 1.059980737740342516e-01 8.420573509330906217e-03 9.914656349567592120e-01 0.000000000000000000e+00 1.137915339098771066e-04 0.000000000000000000e+00
2.675000000000000000e+03 1.069980556020910800e-01 6.258534365043240920e-03 9.932862994993172379e-01 0.000000000000000000e+00 4.551661356395084266e-04 0.000000000000000000e+00
2.700000000000000000e+03 1.079980374301481305e-01 6.030951297223486815e-03 9.937414656349567998e-01 0.000000000000000000e+00 2.275830678197542133e-04 0.000000000000000000e+00
2.725000000000000000e+03 1.089980192582049590e-01 5.689576695493855224e-03 9.941966317705962508e-01 0.000000000000000000e+00 1.137915339098771066e-04 0.000000000000000000e+00
2.750000000000000000e+03 1.099980010862617874e-01 7.168866636322257339e-03 9.927173418297678964e-01 0.000000000000000000e+00 1.137915339098771066e-04 0.000000000000000000e+00
2.775000000000000000e+03 1.109979829143188379e-01 9.672280382339554228e-03 9.896449704142011861e-01 0.000000000000000000e+00 6.827492034592626399e-04 0.000000000000000000e+00
2.800000000000000000e+03 1.119979647423756663e-01 9.217114246700046018e-03 9.899863450159308575e-01 0.000000000000000000e+00 7.965407373691396923e-04 0.000000000000000000e+00
2.825000000000000000e+03 1.129979465704327168e-01 1.672735548475193582e-02 9.825898953117887524e-01 0.000000000000000000e+00 6.827492034592626399e-04 0.000000000000000000e+00
2.850000000000000000e+03 1.139979283984895453e-01 1.342740100136549826e-02 9.850933090578061213e-01 0.000000000000000000e+00 1.479289940828402332e-03 0.000000000000000000e+00
2.875000000000000000e+03 1.149979102265465958e-01 2.014110150204824826e-02 9.783796085571233592e-01 0.000000000000000000e+00 1.479289940828402332e-03 0.000000000000000000e+00
2.900000000000000000e+03 1.159978920546034242e-01 1.832043695949021542e-02 9.794037323623122626e-01 0.000000000000000000e+00 2.275830678197541916e-03 0.000000000000000000e+00
2.925000000000000000e+03 1.169978738826604747e-01 3.208921256258534527e-02 9.638142922166590409e-01 0.000000000000000000e+00 4.096495220755575623e-03 0.000000000000000000e+00
2.950000000000000000e+03 1.179978557107173032e-01 3.220300409649522189e-02 9.593764223941738667e-01 0.000000000000000000e+00 8.420573509330906217e-03 0.000000000000000000e+00
2.975000000000000000e+03 1.189978375387741316e-01 5.177514792899408358e-02 9.231907146108329076e-01 0.000000000000000000e+00 2.503413746017296368e-02 0.000000000000000000e+00
3.000000000000000000e+03 1.199978193668311821e-01 8.261265361857077216e-02 8.591260810195721076e-01 0.000000000000000000e+00 5.826126536185707860e-02 0.000000000000000000e+00
3.025000000000000000e+03 1.209978011948880106e-01 1.396222121074192080e-01 7.042558033682293495e-01 0.000000000000000000e+00 1.561219845243513871e-01 0.000000000000000000e+00
3.050000000000000000e+03 1.219977830229450610e-01 2.024351388256713791e-01 4.907828857532999800e-01 0.000000000000000000e+00 3.067819754210286964e-01 0.000000000000000000e+00
3.075000000000000000e+03 1.229977648510018895e-01 2.974510696404187304e-01 2.729858898497951603e-01 1.137915339098771066e-04 4.294492489758762188e-01 0.000000000000000000e+00
3.100000000000000000e+03 1.239977466790589400e-01 3.627674101046882149e-01 1.508875739644970349e-01 2.275830678197542133e-04 4.861174328629949692e-01 0.000000000000000000e+00
3.125000000000000000e+03 1.249977285071157684e-01 3.868912152935821691e-01 1.061675011379153433e-01 3.413746017296313199e-04 5.065999089667728716e-01 0.000000000000000000e+00
3.150000000000000000e+03 1.259977103351725969e-01 3.535502958579881394e-01 1.381429221665907980e-01 1.137915339098771066e-04 5.081929904415111166e-01 0.000000000000000000e+00
3.175000000000000000e+03 1.269976921632296474e-01 3.423987255348202030e-01 1.735320892125625791e-01 2.275830678197542133e-04 4.838416021847974369e-01 0.000000000000000000e+00
3.200000000000000000e+03 1.279976739912864758e-01 3.429676832043696000e-01 1.953800637232590010e-01 2.275830678197542133e-04 4.614246700045516736e-01 0.000000000000000000e+00
3.225000000000000000e+03 1.289976558193435263e-01 3.699362767410104835e-01 1.505461993627674189e-01 1.024123805188893906e-03 4.784934000910332497e-01 0.000000000000000000e+00
3.250000000000000000e+03 1.299976376474003548e-01 3.897360036413290985e-01 1.007055075102412378e-01 4.437869822485207214e-03 5.051206190259445172e-01 0.000000000000000000e+00
3.275000000000000000e+03 1.309976194754574053e-01 3.903049613108784954e-01 6.873008648156576916e-02 1.206190259444697363e-02 5.289030496131087444e-01 0.000000000000000000e+00
3.300000000000000000e+03 1.319976013035142337e-01 3.871187983614018946e-01 6.030951297223486468e-02 1.706873008648156567e-02 5.355029585798816161e-01 0.000000000000000000e+00
3.325000000000000000e+03 1.329975831315712842e-01 4.072598998634501810e-01 6.679563040509786664e-02 2.548930359581247015e-02 5.004551661356395620e-01 0.000000000000000000e+00
3.350000000000000000e+03 1.339975649596281126e-01 4.267182521620391245e-01 8.352298588984979899e-02 3.789258079198907364e-02 4.518661811561219821e-01 0.000000000000000000e+00
3.375000000000000000e+03 1.349975467876849411e-01 4.363905325443787064e-01 1.007055075102412378e-01 5.177514792899408358e-02 4.111288120163859583e-01 0.000000000000000000e+00
3.400000000000000000e+03 1.359975286157419916e-01 4.556213017751479244e-01 1.053709604005461931e-01 5.803368229403732537e-02 3.809740555302685294e-01 0.000000000000000000e+00
3.425000000000000000e+03 1.369975104437988200e-01 4.705279927173418031e-01 1.135639508420573512e-01 7.111970869367319203e-02 3.447883477469276259e-01 0.000000000000000000e+00
3.450000000000000000e+03 1.379974922718558705e-01 4.773554847519344557e-01 1.209604005461993592e-01 9.433318161128811941e-02 3.073509330905780379e-01 0.000000000000000000e+00
3.475000000000000000e+03 1.389974740999126990e-01 5.013654984069185749e-01 1.252844788347746985e-01 1.231224396904870289e-01 2.502275830678197810e-01 0.000000000000000000e+00
3.500000000000000000e+03 1.399974559279697495e-01 5.158170232134728916e-01 1.340464269458352398e-01 1.540737369139736079e-01 1.960628129267182607e-01 0.000000000000000000e+00
3.525000000000000000e+03 1.409974377560265779e-01 5.061447428311333097e-01 1.388256713700500578e-01 1.921939007737824279e-01 1.628356850250341492e-01 0.000000000000000000e+00
3.550000000000000000e+03 1.419974195840836284e-01 5.098998634501593630e-01 1.376877560309512916e-01 2.091488393263541135e-01 1.432635411925352875e-01 0.000000000000000000e+00
3.575000000000000000e+03 1.429974014121404569e-01 5.127446517979061813e-01 1.339326354119253493e-01 2.180245789713245452e-01 1.352981338188438687e-01 0.000000000000000000e+00
3.600000000000000000e+03 1.439973832401972853e-01 5.091033227127901295e-01 1.258534365043240677e-01 2.253072371415566766e-01 1.397360036413290985e-01 0.000000000000000000e+00
3.625000000000000000e+03 1.449973650682543358e-01 5.125170687300865113e-01 1.180018206645425533e-01 2.315657715065999045e-01 1.379153390987710448e-01 0.000000000000000000e+00
3.650000000000000000e+03 1.459973468963111642e-01 5.096722803823395820e-01 1.128812016385980915e-01 2.412380518889394587e-01 1.362084660901228816e-01 0.000000000000000000e+00
3.675000000000000000e+03 1.469973287243682147e-01 5.054619936276740777e-01 1.148156577150659940e-01 2.455621301775147980e-01 1.341602184797451025e-01 0.000000000000000000e+00
3.700000000000000000e+03 1.479973105524250432e-01 5.133136094674556338e-01 1.119708693673190647e-01 2.519344560764679164e-01 1.227810650887573990e-01 0.000000000000000000e+00
3.725000000000000000e+03 1.489972923804820937e-01 5.151342740100136597e-01 1.070778334091943562e-01 2.560309512972234747e-01 1.217569412835685094e-01 0.000000000000000000e+00
3.750000000000000000e+03 1.499972742085389221e-01 5.252617205279926926e-01 1.067364588074647264e-01 2.723031406463359283e-01 9.569868001820663883e-02 0.000000000000000000e+00
3.775000000000000000e+03 1.509972560365957506e-01 5.334547109695039202e-01 1.066226672735548497e-01 2.876649977241693135e-01 7.225762403277195822e-02 0.000000000000000000e+00
3.800000000000000000e+03 1.519972378646528011e-01 5.360719162494310686e-01 1.025261720527992776e-01 3.068957669549385314e-01 5.450614474283113631e-02 0.000000000000000000e+00
3.825000000000000000e+03 1.529972196927096295e-01 5.372098315885298625e-01 9.592626308602640595e-02 3.177059626763768518e-01 4.915794264906690747e-02 0.000000000000000000e+00
3.850000000000000000e+03 1.539972015207666800e-01 5.395994538006372299e-01 8.739189804278561791e-02 3.166818388711880039e-01 5.632680928538916915e-02 0.000000000000000000e+00
3.875000000000000000e+03 1.549971833488235085e-01 5.374374146563495325e-01 8.067819754210286964e-02 3.297678652708238567e-01 5.211652253072371344e-02 0.000000000000000000e+00
3.900000000000000000e+03 1.559971651768805589e-01 5.366408739189804100e-01 7.908511606736458310e-02 3.314747382794719921e-01 5.279927173418298009e-02 0.000000000000000000e+00
3.925000000000000000e+03 1.569971470049373874e-01 5.395994538006372299e-01 7.976786527082385669e-02 3.281747837960855563e-01 5.245789713245334329e-02 0.000000000000000000e+00
3.950000000000000000e+03 1.579971288329944379e-01 5.345926263086026031e-01 8.272644515248064878e-02 3.324988620846608955e-01 5.018206645425580398e-02 0.000000000000000000e+00
3.975000000000000000e+03 1.589971106610512663e-01 5.409649522075558048e-01 8.158852981338188259e-02 3.286299499317250628e-01 4.881656804733727761e-02 0.000000000000000000e+00
4.000000000000000000e+03 1.599970924891080948e-01 5.415339098771051463e-01 8.545744196631770151e-02 3.266954938552571464e-01 4.631315430131998506e-02 0.000000000000000000e+00
4.025000000000000000e+03 1.609970743171651453e-01 5.380063723258989850e-01 8.909877105143376719e-02 3.245334547109695045e-01 4.836140191169777114e-02 0.000000000000000000e+00
4.050000000000000000e+03 1.619970561452219737e-01 5.375512061902594230e-01 8.705052344105598805e-02 3.328402366863905115e-01 4.255803368229403583e-02 0.000000000000000000e+00
4.075000000000000000e+03 1.629970379732790242e-01 5.376649977241693135e-01 8.761948111060537114e-02 3.354574419663177154e-01 3.925807919890760000e-02 0.000000000000000000e+00
4.100000000000000000e+03 1.639970198013358527e-01 5.351615839781520556e-01 8.796085571233500100e-02 3.343195266272189214e-01 4.255803368229403583e-02 0.000000000000000000e+00
4.125000000000000000e+03 1.649970016293929032e-01 5.368684569868001910e-01 9.080564406008193035e-02 3.296540737369139662e-01 4.267182521620391245e-02 0.000000000000000000e+00
4.150000000000000000e+03 1.659969834574497316e-01 5.439235320892125136e-01 9.387801547564861293e-02 3.274920345926263243e-01 3.470641784251251444e-02 0.000000000000000000e+00
4.175000000000000000e+03 1.669969652855067821e-01 5.469959035047792240e-01 9.251251706873007963e-02 3.213472917614929592e-01 3.914428766499772339e-02 0.000000000000000000e+00
4.200000000000000000e+03 1.679969471135636105e-01 5.394856622667273394e-01 9.683659535730541890e-02 3.262403277196176399e-01 3.743741465634956717e-02 0.000000000000000000e+00
4.225000000000000000e+03 1.689969289416204390e-01 5.427856167501138307e-01 9.615384615384615918e-02 3.236231224396904915e-01 3.743741465634956717e-02 0.000000000000000000e+00
4.250000000000000000e+03 1.699969107696774895e-01 5.340236686390532617e-01 1.002503413746017313e-01 3.273782430587164338e-01 3.834774692762858705e-02 0.000000000000000000e+00
4.275000000000000000e+03 1.709968925977343179e-01 5.434683659535730627e-01 9.934000910332271839e-02 3.221438324988620816e-01 3.504779244424215123e-02 0.000000000000000000e+00
4.300000000000000000e+03 1.719968744257913684e-01 5.418752844788348177e-01 9.820209376422393832e-02 3.224852071005916976e-01 3.743741465634956717e-02 0.000000000000000000e+00
4.325000000000000000e+03 1.729968562538481969e-01 5.440373236231224041e-01 9.433318161128811941e-02 3.248748293126991205e-01 3.675466545289030745e-02 0.000000000000000000e+00
4.350000000000000000e+03 1.739968380819052474e-01 5.464269458352298825e-01 9.285389167045972336e-02 3.252162039144287919e-01 3.550295857988165771e-02 0.000000000000000000e+00
4.375000000000000000e+03 1.749968199099620758e-01 5.449476558944014171e-01 9.296768320436959998e-02 3.298816568047337472e-01 3.220300409649522189e-02 0.000000000000000000e+00
4.400000000000000000e+03 1.759968017380189043e-01 5.493855257168867023e-01 9.126081019572143682e-02 3.282885753299954468e-01 3.106508875739644876e-02 0.000000000000000000e+00
4.425000000000000000e+03 1.769967835660759548e-01 5.515475648611742887e-01 8.944014565316341092e-02 3.303368229403732537e-01 2.867546654528902936e-02 0.000000000000000000e+00
4.450000000000000000e+03 1.779967653941327832e-01 5.589440145653163938e-01 8.955393718707328754e-02 3.236231224396904915e-01 2.787892580791988956e-02 0.000000000000000000e+00
4.475000000000000000e+03 1.789967472221898337e-01 5.556440600819299025e-01 8.750568957669549452e-02 3.246472462448793950e-01 3.220300409649522189e-02 0.000000000000000000e+00
4.500000000000000000e+03 1.799967290502466621e-01 5.545061447428311086e-01 8.522985889849794827e-02 3.265817023213473114e-01 3.368229403732362487e-02 0.000000000000000000e+00
4.525000000000000000e+03 1.809967108783037126e-01 5.571233500227582569e-01 8.158852981338188259e-02 3.255575785161584079e-01 3.573054164770141095e-02 0.000000000000000000e+00
4.550000000000000000e+03 1.819966927063605411e-01 5.615612198452435422e-01 8.181611288120163583e-02 3.276058261265361593e-01 2.901684114701866268e-02 0.000000000000000000e+00
4.575000000000000000e+03 1.829966745344175916e-01 5.568957669549385869e-01 8.090578060992262288e-02 3.274920345926263243e-01 3.470641784251251444e-02 0.000000000000000000e+00
4.600000000000000000e+03 1.839966563624744200e-01 5.645197997269003620e-01 7.840236686390532339e-02 3.253299954483386269e-01 3.174783796085571541e-02 0.000000000000000000e+00
4.625000000000000000e+03 1.849966381905312485e-01 5.707783340919435622e-01 7.919890760127445972e-02 3.204369594902139462e-01 2.958579881656804578e-02 0.000000000000000000e+00
4.650000000000000000e+03 1.859966200185882990e-01 5.779472007282657753e-01 7.578516158397814728e-02 3.161128812016386069e-01 3.015475648611743234e-02 0.000000000000000000e+00
4.675000000000000000e+03 1.869966018466451274e-01 5.744196631770596140e-01 7.919890760127445972e-02 3.150887573964497035e-01 3.129267182521620200e-02 0.000000000000000000e+00
4.700000000000000000e+03 1.879965836747021779e-01 5.657715065999089354e-01 7.965407373691398007e-02 3.182749203459262488e-01 3.629949931725079404e-02 0.000000000000000000e+00
4.725000000000000000e+03 1.889965655027590063e-01 5.705507510241237812e-01 8.170232134729175921e-02 3.137232589895311841e-01 3.402366863905325473e-02 0.000000000000000000e+00
4.750000000000000000e+03 1.899965473308160568e-01 5.681611288120164138e-01 8.329540282203004575e-02 3.177059626763768518e-01 3.083750568957669552e-02 0.000000000000000000e+00
4.775000000000000000e+03 1.909965291588728853e-01 5.713472917614929036e-01 7.919890760127445972e-02 3.146335912608101970e-01 3.482020937642239106e-02 0.000000000000000000e+00
4.800000000000000000e+03 1.919965109869299358e-01 5.802230314064633632e-01 7.737824305871643382e-02 3.083750568957669413e-01 3.402366863905325473e-02 0.000000000000000000e+00
4.825000000000000000e+03 1.929964928149867642e-01 5.817023213472917176e-01 7.544378698224851743e-02 3.062130177514792995e-01 3.664087391898043083e-02 0.000000000000000000e+00
4.850000000000000000e+03 1.939964746430435927e-01 5.872781065088756858e-01 7.498862084660901095e-02 3.060992262175694090e-01 3.163404642694583185e-02 0.000000000000000000e+00
4.875000000000000000e+03 1.949964564711006432e-01 5.839781520254893055e-01 7.521620391442876419e-02 3.081474738279472159e-01 3.265817023213472836e-02 0.000000000000000000e+00
4.900000000000000000e+03 1.959964382991574716e-01 5.895539371870732737e-01 7.646791078743742087e-02 3.001820664542558248e-01 3.379608557123350149e-02 0.000000000000000000e+00
4.925000000000000000e+03 1.969964201272145221e-01 5.921711424670004220e-01 7.840236686390532339e-02 2.919890760127446527e-01 3.743741465634956717e-02 0.000000000000000000e+00
4.950000000000000000e+03 1.979964019552713506e-01 6.002503413746017591e-01 8.466090122894856518e-02 2.820892125625853453e-01 3.299954483386435822e-02 0.000000000000000000e+00
4.975000000000000000e+03 1.989963837833284011e-01 6.107191624943104635e-01 9.421939007737824279e-02 2.629722348657259623e-01 3.208921256258534527e-02 0.000000000000000000e+00
5.000000000000000000e+03 1.999963656113852295e-01 6.140191169776968438e-01 1.092398725534820259e-01 2.423759672280382249e-01 3.436504324078288458e-02 0.000000000000000000e+00
5.025000000000000000e+03 2.009963474394422800e-01 6.199362767410104835e-01 1.314292216659080637e-01 2.173418297678652578e-01 3.129267182521620200e-02 0.000000000000000000e+00
5.050000000000000000e+03 2.019963292674991084e-01 6.137915339098770628e-01 1.607874374146563423e-01 2.014110150204824756e-01 2.401001365498407064e-02 0.000000000000000000e+00
5.075000000000000000e+03 2.029963110955559369e-01 6.045744196631770428e-01 1.986800182066454368e-01 1.794492489758761911e-01 1.729631315430131891e-02 0.000000000000000000e+00
5.100000000000000000e+03 2.039962929236129874e-01 5.987710514337732937e-01 2.341829767865270806e-01 1.548702776513427304e-01 1.217569412835685025e-02 0.000000000000000000e+00
5.125000000000000000e+03 2.049962747516698158e-01 5.937642239417387779e-01 2.592171142467000200e-01 1.289258079198907503e-01 1.809285389167045871e-02 0.000000000000000000e+00
5.150000000000000000e+03 2.059962565797268663e-01 5.922849340009103125e-01 2.782203004096495125e-01 1.049157942649066866e-01 2.457897132453345374e-02 0.000000000000000000e+00
5.175000000000000000e+03 2.069962384077836948e-01 5.888711879836140417e-01 2.884615384615384359e-01 9.353664087391898307e-02 2.913063268092853930e-02 0.000000000000000000e+00
5.200000000000000000e+03 2.079962202358407453e-01 5.646335912608101415e-01 3.042785616750113831e-01 8.693673190714611143e-02 4.415111515703231543e-02 0.000000000000000000e+00
5.225000000000000000e+03 2.089962020638975737e-01 5.487027765134273594e-01 3.156577150659991005e-01 8.147473827947200598e-02 5.416477014110149951e-02 0.000000000000000000e+00
5.250000000000000000e+03 2.099961838919544022e-01 5.427856167501138307e-01 3.239644970414201075e-01 8.284023668639053928e-02 5.040964952207555722e-02 0.000000000000000000e+00
5.275000000000000000e+03 2.109961657200114526e-01 5.341374601729631522e-01 3.328402366863905115e-01 8.215748748293126569e-02 5.086481565771506369e-02 0.000000000000000000e+00
5.300000000000000000e+03 2.119961475480682811e-01 5.300409649522075384e-01 3.416021847974510806e-01 8.557123350022757813e-02 4.278561675011378906e-02 0.000000000000000000e+00
5.325000000000000000e+03 2.129961293761253316e-01 5.183204369594902605e-01 3.522985889849795105e-01 9.194355939918069653e-02 3.743741465634956717e-02 0.000000000000000000e+00
5.350000000000000000e+03 2.139961112041821600e-01 5.157032316795630011e-01 3.459262630860264198e-01 9.774692762858443185e-02 4.062357760582612637e-02 0.000000000000000000e+00
5.375000000000000000e+03 2.149960930322392105e-01 5.144515248065544277e-01 3.455848884842967483e-01 1.052571688666363164e-01 3.470641784251251444e-02 0.000000000000000000e+00
5.400000000000000000e+03 2.159960748602960390e-01 5.167273554847519046e-01 3.384160218479745352e-01 1.128812016385980915e-01 3.197542102867546865e-02 0.000000000000000000e+00
5.425000000000000000e+03 2.169960566883530895e-01 5.063723258989530907e-01 3.318161128812016636e-01 1.326809285389166926e-01 2.913063268092853930e-02 0.000000000000000000e+00
5.450000000000000000e+03 2.179960385164099179e-01 5.102412380518889234e-01 3.187300864815657553e-01 1.382567137005006885e-01 3.277196176604460498e-02 0.000000000000000000e+00
5.475000000000000000e+03 2.189960203444667464e-01 5.129722348657259623e-01 3.122439690487027741e-01 1.477014110150204895e-01 2.708238507055074976e-02 0.000000000000000000e+00
5.500000000000000000e+03 2.199960021725237969e-01 5.133136094674556338e-01 2.996131087847064278e-01 1.591943559399180697e-01 2.787892580791988956e-02 0.000000000000000000e+00
5.525000000000000000e+03 2.209959840005806253e-01 5.136549840691853053e-01 2.893718707328175044e-01 1.730769230769230727e-01 2.389622212107419055e-02 0.000000000000000000e+00
5.550000000000000000e+03 2.219959658286376758e-01 5.158170232134728916e-01 2.833409194355939742e-01 1.824078288575330109e-01 1.843422849340009204e-02 0.000000000000000000e+00
5.575000000000000000e+03 2.229959476566945042e-01 5.089895311788802390e-01 2.806099226217569353e-01 1.942421483841602070e-01 1.615839781520254925e-02 0.000000000000000000e+00
5.600000000000000000e+03 2.239959294847515547e-01 5.018206645425580259e-01 2.798133818843878129e-01 2.028903049613108855e-01 1.547564861174328607e-02 0.000000000000000000e+00
5.625000000000000000e+03 2.249959113128083832e-01 5.005689576695493415e-01 2.754893035958124736e-01 2.080109239872553473e-01 1.593081474738279601e-02 0.000000000000000000e+00
5.650000000000000000e+03 2.259958931408654337e-01 5.019344560764679164e-01 2.691169776968593275e-01 2.144970414201183562e-01 1.445152480655439303e-02 0.000000000000000000e+00
5.675000000000000000e+03 2.269958749689222621e-01 5.027309968138370389e-01 2.676376877560309731e-01 2.163177059626763821e-01 1.331360946745562164e-02 0.000000000000000000e+00
