# itime ezz other fcc hcp bcc ico
0.000000000000000000e+00 0.000000000000000000e+00 0.000000000000000000e+00 1.000000000000000000e+00 0.000000000000000000e+00 0.000000000000000000e+00 0.000000000000000000e+00
4.000000000000000000e+03 9.999823363608939530e-04 0.000000000000000000e+00 1.000000000000000000e+00 0.000000000000000000e+00 0.000000000000000000e+00 0.000000000000000000e+00
8.000000000000000000e+03 1.999964672721787906e-03 0.000000000000000000e+00 1.000000000000000000e+00 0.000000000000000000e+00 0.000000000000000000e+00 0.000000000000000000e+00
1.200000000000000000e+04 2.999947009082681859e-03 0.000000000000000000e+00 1.000000000000000000e+00 0.000000000000000000e+00 0.000000000000000000e+00 0.000000000000000000e+00
1.600000000000000000e+04 3.999929345443353768e-03 0.000000000000000000e+00 1.000000000000000000e+00 0.000000000000000000e+00 0.000000000000000000e+00 0.000000000000000000e+00
2.000000000000000000e+04 4.999911681804247721e-03 0.000000000000000000e+00 1.000000000000000000e+00 0.000000000000000000e+00 0.000000000000000000e+00 0.000000000000000000e+00
2.400000000000000000e+04 5.999894018165141674e-03 0.000000000000000000e+00 1.000000000000000000e+00 0.000000000000000000e+00 0.000000000000000000e+00 0.000000000000000000e+00
2.800000000000000000e+04 6.999876354526035627e-03 0.000000000000000000e+00 1.000000000000000000e+00 0.000000000000000000e+00 0.000000000000000000e+00 0.000000000000000000e+00
3.200000000000000000e+04 7.999858690886929580e-03 0.000000000000000000e+00 1.000000000000000000e+00 0.000000000000000000e+00 0.000000000000000000e+00 0.000000000000000000e+00
3.600000000000000000e+04 8.999841027247823533e-03 0.000000000000000000e+00 1.000000000000000000e+00 0.000000000000000000e+00 0.000000000000000000e+00 0.000000000000000000e+00
4.000000000000000000e+04 9.999823363608717486e-03 0.000000000000000000e+00 1.000000000000000000e+00 0.000000000000000000e+00 0.000000000000000000e+00 0.000000000000000000e+00
4.400000000000000000e+04 1.099980569996938939e-02 0.000000000000000000e+00 1.000000000000000000e+00 0.000000000000000000e+00 0.000000000000000000e+00 0.000000000000000000e+00
4.800000000000000000e+04 1.199978803633028335e-02 0.000000000000000000e+00 1.000000000000000000e+00 0.000000000000000000e+00 0.000000000000000000e+00 0.000000000000000000e+00
5.200000000000000000e+04 1.299977037269117730e-02 0.000000000000000000e+00 1.000000000000000000e+00 0.000000000000000000e+00 0.000000000000000000e+00 0.000000000000000000e+00
5.600000000000000000e+04 1.399975270905207125e-02 0.000000000000000000e+00 1.000000000000000000e+00 0.000000000000000000e+00 0.000000000000000000e+00 0.000000000000000000e+00
6.000000000000000000e+04 1.499973504541296521e-02 0.000000000000000000e+00 1.000000000000000000e+00 0.000000000000000000e+00 0.000000000000000000e+00 0.000000000000000000e+00
6.400000000000000000e+04 1.599971738177385916e-02 0.000000000000000000e+00 1.000000000000000000e+00 0.000000000000000000e+00 0.000000000000000000e+00 0.000000000000000000e+00
6.800000000000000000e+04 1.699969971813453107e-02 0.000000000000000000e+00 1.000000000000000000e+00 0.000000000000000000e+00 0.000000000000000000e+00 0.000000000000000000e+00
7.200000000000000000e+04 1.799968205449542502e-02 0.000000000000000000e+00 1.000000000000000000e+00 0.000000000000000000e+00 0.000000000000000000e+00 0.000000000000000000e+00
7.600000000000000000e+04 1.899966439085631897e-02 0.000000000000000000e+00 1.000000000000000000e+00 0.000000000000000000e+00 0.000000000000000000e+00 0.000000000000000000e+00
8.000000000000000000e+04 1.999964672721721293e-02 0.000000000000000000e+00 1.000000000000000000e+00 0.000000000000000000e+00 0.000000000000000000e+00 0.000000000000000000e+00
8.400000000000000000e+04 2.099962906357810688e-02 0.000000000000000000e+00 1.000000000000000000e+00 0.000000000000000000e+00 0.000000000000000000e+00 0.000000000000000000e+00
8.800000000000000000e+04 2.199961139993900083e-02 0.000000000000000000e+00 1.000000000000000000e+00 0.000000000000000000e+00 0.000000000000000000e+00 0.000000000000000000e+00
9.200000000000000000e+04 2.299959373629989479e-02 0.000000000000000000e+00 1.000000000000000000e+00 0.000000000000000000e+00 0.000000000000000000e+00 0.000000000000000000e+00
9.600000000000000000e+04 2.399957607266056669e-02 0.000000000000000000e+00 1.000000000000000000e+00 0.000000000000000000e+00 0.000000000000000000e+00 0.000000000000000000e+00
1.000000000000000000e+05 2.499955840902146065e-02 0.000000000000000000e+00 1.000000000000000000e+00 0.000000000000000000e+00 0.000000000000000000e+00 0.000000000000000000e+00
1.040000000000000000e+05 2.599954074538235460e-02 0.000000000000000000e+00 1.000000000000000000e+00 0.000000000000000000e+00 0.000000000000000000e+00 0.000000000000000000e+00
1.080000000000000000e+05 2.699952308174324855e-02 0.000000000000000000e+00 1.000000000000000000e+00 0.000000000000000000e+00 0.000000000000000000e+00 0.000000000000000000e+00
1.120000000000000000e+05 2.799950541810414251e-02 0.000000000000000000e+00 1.000000000000000000e+00 0.000000000000000000e+00 0.000000000000000000e+00 0.000000000000000000e+00
1.160000000000000000e+05 2.899948775446503646e-02 0.000000000000000000e+00 1.000000000000000000e+00 0.000000000000000000e+00 0.000000000000000000e+00 0.000000000000000000e+00
1.200000000000000000e+05 2.999947009082593041e-02 0.000000000000000000e+00 1.000000000000000000e+00 0.000000000000000000e+00 0.000000000000000000e+00 0.000000000000000000e+00
1.240000000000000000e+05 3.099945242718660232e-02 0.000000000000000000e+00 1.000000000000000000e+00 0.000000000000000000e+00 0.000000000000000000e+00 0.000000000000000000e+00
1.280000000000000000e+05 3.199943476354749627e-02 0.000000000000000000e+00 1.000000000000000000e+00 0.000000000000000000e+00 0.000000000000000000e+00 0.000000000000000000e+00
1.320000000000000000e+05 3.299941709990839023e-02 0.000000000000000000e+00 1.000000000000000000e+00 0.000000000000000000e+00 0.000000000000000000e+00 0.000000000000000000e+00
1.360000000000000000e+05 3.399939943626928418e-02 0.000000000000000000e+00 1.000000000000000000e+00 0.000000000000000000e+00 0.000000000000000000e+00 0.000000000000000000e+00
1.400000000000000000e+05 3.499938177263017813e-02 0.000000000000000000e+00 1.000000000000000000e+00 0.000000000000000000e+00 0.000000000000000000e+00 0.000000000000000000e+00
1.440000000000000000e+05 3.599936410899107209e-02 0.000000000000000000e+00 1.000000000000000000e+00 0.000000000000000000e+00 0.000000000000000000e+00 0.000000000000000000e+00
1.480000000000000000e+05 3.699934644535196604e-02 0.000000000000000000e+00 1.000000000000000000e+00 0.000000000000000000e+00 0.000000000000000000e+00 0.000000000000000000e+00
1.520000000000000000e+05 3.799932878171263795e-02 0.000000000000000000e+00 1.000000000000000000e+00 0.000000000000000000e+00 0.000000000000000000e+00 0.000000000000000000e+00
1.560000000000000000e+05 3.899931111807353190e-02 0.000000000000000000e+00 1.000000000000000000e+00 0.000000000000000000e+00 0.000000000000000000e+00 0.000000000000000000e+00
1.600000000000000000e+05 3.999929345443442585e-02 0.000000000000000000e+00 1.000000000000000000e+00 0.000000000000000000e+00 0.000000000000000000e+00 0.000000000000000000e+00
1.640000000000000000e+05 4.099927579079531981e-02 0.000000000000000000e+00 1.000000000000000000e+00 0.000000000000000000e+00 0.000000000000000000e+00 0.000000000000000000e+00
1.680000000000000000e+05 4.199925812715621376e-02 0.000000000000000000e+00 1.000000000000000000e+00 0.000000000000000000e+00 0.000000000000000000e+00 0.000000000000000000e+00
1.720000000000000000e+05 4.299924046351710771e-02 0.000000000000000000e+00 1.000000000000000000e+00 0.000000000000000000e+00 0.000000000000000000e+00 0.000000000000000000e+00
1.760000000000000000e+05 4.399922279987800167e-02 0.000000000000000000e+00 1.000000000000000000e+00 0.000000000000000000e+00 0.000000000000000000e+00 0.000000000000000000e+00
1.800000000000000000e+05 4.499920513623867357e-02 0.000000000000000000e+00 1.000000000000000000e+00 0.000000000000000000e+00 0.000000000000000000e+00 0.000000000000000000e+00
1.840000000000000000e+05 4.599918747259956753e-02 0.000000000000000000e+00 1.000000000000000000e+00 0.000000000000000000e+00 0.000000000000000000e+00 0.000000000000000000e+00
1.880000000000000000e+05 4.699916980896046148e-02 0.000000000000000000e+00 1.000000000000000000e+00 0.000000000000000000e+00 0.000000000000000000e+00 0.000000000000000000e+00
1.920000000000000000e+05 4.799915214532135543e-02 0.000000000000000000e+00 1.000000000000000000e+00 0.000000000000000000e+00 0.000000000000000000e+00 0.000000000000000000e+00
1.960000000000000000e+05 4.899913448168224939e-02 0.000000000000000000e+00 1.000000000000000000e+00 0.000000000000000000e+00 0.000000000000000000e+00 0.000000000000000000e+00
2.000000000000000000e+05 4.999911681804314334e-02 0.000000000000000000e+00 1.000000000000000000e+00 0.000000000000000000e+00 0.000000000000000000e+00 0.000000000000000000e+00
2.040000000000000000e+05 5.099909915440381525e-02 0.000000000000000000e+00 1.000000000000000000e+00 0.000000000000000000e+00 0.000000000000000000e+00 0.000000000000000000e+00
2.080000000000000000e+05 5.199908149076470920e-02 0.000000000000000000e+00 1.000000000000000000e+00 0.000000000000000000e+00 0.000000000000000000e+00 0.000000000000000000e+00
2.120000000000000000e+05 5.299906382712560315e-02 0.000000000000000000e+00 1.000000000000000000e+00 0.000000000000000000e+00 0.000000000000000000e+00 0.000000000000000000e+00
2.160000000000000000e+05 5.399904616348649711e-02 0.000000000000000000e+00 1.000000000000000000e+00 0.000000000000000000e+00 0.000000000000000000e+00 0.000000000000000000e+00
2.200000000000000000e+05 5.499902849984739106e-02 0.000000000000000000e+00 1.000000000000000000e+00 0.000000000000000000e+00 0.000000000000000000e+00 0.000000000000000000e+00
2.240000000000000000e+05 5.599901083620828501e-02 0.000000000000000000e+00 1.000000000000000000e+00 0.000000000000000000e+00 0.000000000000000000e+00 0.000000000000000000e+00
2.280000000000000000e+05 5.699899317256917897e-02 0.000000000000000000e+00 1.000000000000000000e+00 0.000000000000000000e+00 0.000000000000000000e+00 0.000000000000000000e+00
2.320000000000000000e+05 5.799897550892985088e-02 0.000000000000000000e+00 1.000000000000000000e+00 0.000000000000000000e+00 0.000000000000000000e+00 0.000000000000000000e+00
2.360000000000000000e+05 5.899895784529074483e-02 0.000000000000000000e+00 1.000000000000000000e+00 0.000000000000000000e+00 0.000000000000000000e+00 0.000000000000000000e+00
2.400000000000000000e+05 5.999894018165163878e-02 0.000000000000000000e+00 1.000000000000000000e+00 0.000000000000000000e+00 0.000000000000000000e+00 0.000000000000000000e+00
2.440000000000000000e+05 6.099892251801253273e-02 3.413746017296313199e-04 9.996586253982703285e-01 0.000000000000000000e+00 0.000000000000000000e+00 0.000000000000000000e+00
2.480000000000000000e+05 6.199890485437342669e-02 0.000000000000000000e+00 1.000000000000000000e+00 0.000000000000000000e+00 0.000000000000000000e+00 0.000000000000000000e+00
2.520000000000000000e+05 6.299888719073432064e-02 0.000000000000000000e+00 1.000000000000000000e+00 0.000000000000000000e+00 0.000000000000000000e+00 0.000000000000000000e+00
2.560000000000000000e+05 6.399886952709521459e-02 0.000000000000000000e+00 1.000000000000000000e+00 0.000000000000000000e+00 0.000000000000000000e+00 0.000000000000000000e+00
2.600000000000000000e+05 6.499885186345588650e-02 0.000000000000000000e+00 1.000000000000000000e+00 0.000000000000000000e+00 0.000000000000000000e+00 0.000000000000000000e+00
2.640000000000000000e+05 6.599883419981678045e-02 2.275830678197542133e-04 9.996586253982703285e-01 0.000000000000000000e+00 1.137915339098771066e-04 0.000000000000000000e+00
2.680000000000000000e+05 6.699881653617767441e-02 0.000000000000000000e+00 1.000000000000000000e+00 0.000000000000000000e+00 0.000000000000000000e+00 0.000000000000000000e+00
2.720000000000000000e+05 6.799879887253856836e-02 3.413746017296313199e-04 9.996586253982703285e-01 0.000000000000000000e+00 0.000000000000000000e+00 0.000000000000000000e+00
2.760000000000000000e+05 6.899878120889946231e-02 0.000000000000000000e+00 1.000000000000000000e+00 0.000000000000000000e+00 0.000000000000000000e+00 0.000000000000000000e+00
2.800000000000000000e+05 6.999876354526035627e-02 0.000000000000000000e+00 1.000000000000000000e+00 0.000000000000000000e+00 0.000000000000000000e+00 0.000000000000000000e+00
2.840000000000000000e+05 7.099874588162125022e-02 0.000000000000000000e+00 1.000000000000000000e+00 0.000000000000000000e+00 0.000000000000000000e+00 0.000000000000000000e+00
2.880000000000000000e+05 7.199872821798192213e-02 0.000000000000000000e+00 1.000000000000000000e+00 0.000000000000000000e+00 0.000000000000000000e+00 0.000000000000000000e+00
2.920000000000000000e+05 7.299871055434281608e-02 0.000000000000000000e+00 1.000000000000000000e+00 0.000000000000000000e+00 0.000000000000000000e+00 0.000000000000000000e+00
2.960000000000000000e+05 7.399869289070371003e-02 1.137915339098771066e-04 9.998862084660901095e-01 0.000000000000000000e+00 0.000000000000000000e+00 0.000000000000000000e+00
3.000000000000000000e+05 7.499867522706460399e-02 4.551661356395084266e-04 9.995448338643604380e-01 0.000000000000000000e+00 0.000000000000000000e+00 0.000000000000000000e+00
3.040000000000000000e+05 7.599865756342549794e-02 1.137915339098771066e-04 9.998862084660901095e-01 0.000000000000000000e+00 0.000000000000000000e+00 0.000000000000000000e+00
3.080000000000000000e+05 7.699863989978639189e-02 0.000000000000000000e+00 1.000000000000000000e+00 0.000000000000000000e+00 0.000000000000000000e+00 0.000000000000000000e+00
3.120000000000000000e+05 7.799862223614728585e-02 0.000000000000000000e+00 1.000000000000000000e+00 0.000000000000000000e+00 0.000000000000000000e+00 0.000000000000000000e+00
3.160000000000000000e+05 7.899860457250795776e-02 0.000000000000000000e+00 1.000000000000000000e+00 0.000000000000000000e+00 0.000000000000000000e+00 0.000000000000000000e+00
3.200000000000000000e+05 7.999858690886885171e-02 4.551661356395084266e-04 9.995448338643604380e-01 0.000000000000000000e+00 0.000000000000000000e+00 0.000000000000000000e+00
3.240000000000000000e+05 8.099856924522974566e-02 1.137915339098771066e-04 9.998862084660901095e-01 0.000000000000000000e+00 0.000000000000000000e+00 0.000000000000000000e+00
3.280000000000000000e+05 8.199855158159063961e-02 0.000000000000000000e+00 1.000000000000000000e+00 0.000000000000000000e+00 0.000000000000000000e+00 0.000000000000000000e+00
3.320000000000000000e+05 8.299853391795153357e-02 7.965407373691396923e-04 9.992034592626308775e-01 0.000000000000000000e+00 0.000000000000000000e+00 0.000000000000000000e+00
3.360000000000000000e+05 8.399851625431242752e-02 4.551661356395084266e-04 9.995448338643604380e-01 0.000000000000000000e+00 0.000000000000000000e+00 0.000000000000000000e+00
3.400000000000000000e+05 8.499849859067309943e-02 4.551661356395084266e-04 9.995448338643604380e-01 0.000000000000000000e+00 0.000000000000000000e+00 0.000000000000000000e+00
3.440000000000000000e+05 8.599848092703399338e-02 1.251706873008648227e-03 9.986345015930814251e-01 0.000000000000000000e+00 1.137915339098771066e-04 0.000000000000000000e+00
3.480000000000000000e+05 8.699846326339488733e-02 2.275830678197542133e-04 9.997724169321802190e-01 0.000000000000000000e+00 0.000000000000000000e+00 0.000000000000000000e+00
3.520000000000000000e+05 8.799844559975578129e-02 5.689576695493854790e-04 9.993172507965407680e-01 0.000000000000000000e+00 1.137915339098771066e-04 0.000000000000000000e+00
3.560000000000000000e+05 8.899842793611667524e-02 9.103322712790168532e-04 9.990896677287209870e-01 0.000000000000000000e+00 0.000000000000000000e+00 0.000000000000000000e+00
3.600000000000000000e+05 8.999841027247756919e-02 0.000000000000000000e+00 1.000000000000000000e+00 0.000000000000000000e+00 0.000000000000000000e+00 0.000000000000000000e+00
3.640000000000000000e+05 9.099839260883846315e-02 2.275830678197542133e-04 9.997724169321802190e-01 0.000000000000000000e+00 0.000000000000000000e+00 0.000000000000000000e+00
3.680000000000000000e+05 9.199837494519913506e-02 1.251706873008648227e-03 9.987482931269913156e-01 0.000000000000000000e+00 0.000000000000000000e+00 0.000000000000000000e+00
3.720000000000000000e+05 9.299835728156002901e-02 9.103322712790168532e-04 9.990896677287209870e-01 0.000000000000000000e+00 0.000000000000000000e+00 0.000000000000000000e+00
3.760000000000000000e+05 9.399833961792092296e-02 1.137915339098770958e-03 9.988620846609012061e-01 0.000000000000000000e+00 0.000000000000000000e+00 0.000000000000000000e+00
3.800000000000000000e+05 9.499832195428181691e-02 2.048247610377787811e-03 9.978379608557123026e-01 0.000000000000000000e+00 1.137915339098771066e-04 0.000000000000000000e+00
3.840000000000000000e+05 9.599830429064271087e-02 1.251706873008648227e-03 9.986345015930814251e-01 0.000000000000000000e+00 1.137915339098771066e-04 0.000000000000000000e+00
3.880000000000000000e+05 9.699828662700360482e-02 2.162039144287664864e-03 9.977241693218024121e-01 0.000000000000000000e+00 1.137915339098771066e-04 0.000000000000000000e+00
3.920000000000000000e+05 9.799826896336449877e-02 3.868912152935821518e-03 9.956759217114247162e-01 0.000000000000000000e+00 4.551661356395084266e-04 0.000000000000000000e+00
3.960000000000000000e+05 9.899825129972517068e-02 3.186162949476558769e-03 9.961310878470641672e-01 0.000000000000000000e+00 6.827492034592626399e-04 0.000000000000000000e+00
4.000000000000000000e+05 9.999823363608606464e-02 4.893035958124715423e-03 9.947655894401457033e-01 0.000000000000000000e+00 3.413746017296313199e-04 0.000000000000000000e+00
4.040000000000000000e+05 1.009982159724469586e-01 1.251706873008648227e-03 9.987482931269913156e-01 0.000000000000000000e+00 0.000000000000000000e+00 0.000000000000000000e+00
4.080000000000000000e+05 1.019981983088078525e-01 3.299954483386436255e-03 9.967000455166135087e-01 0.000000000000000000e+00 0.000000000000000000e+00 0.000000000000000000e+00
4.120000000000000000e+05 1.029981806451687465e-01 2.275830678197541916e-03 9.974965862539827421e-01 0.000000000000000000e+00 2.275830678197542133e-04 0.000000000000000000e+00
4.160000000000000000e+05 1.039981629815296404e-01 5.348202093764223633e-03 9.940828402366863603e-01 0.000000000000000000e+00 5.689576695493854790e-04 0.000000000000000000e+00
4.200000000000000000e+05 1.049981453178905344e-01 3.299954483386436255e-03 9.964724624487938387e-01 0.000000000000000000e+00 2.275830678197542133e-04 0.000000000000000000e+00
4.240000000000000000e+05 1.059981276542512063e-01 8.875739644970414427e-03 9.906690942193900895e-01 0.000000000000000000e+00 4.551661356395084266e-04 0.000000000000000000e+00
4.280000000000000000e+05 1.069981099906121003e-01 3.516158397815202785e-02 8.203231679563040002e-01 1.434911242603550408e-01 1.024123805188893906e-03 0.000000000000000000e+00
4.320000000000000000e+05 1.079980923269729942e-01 3.231679563040509851e-02 8.224852071005916976e-01 1.446290395994538069e-01 5.689576695493854790e-04 0.000000000000000000e+00
4.360000000000000000e+05 1.089980746633338882e-01 3.277196176604460498e-02 8.219162494310423561e-01 1.446290395994538069e-01 6.827492034592626399e-04 0.000000000000000000e+00
4.400000000000000000e+05 1.099980569996947821e-01 3.243058716431497512e-02 8.215748748293126846e-01 1.451979972690031762e-01 7.965407373691396923e-04 0.000000000000000000e+00
4.440000000000000000e+05 1.109980393360556761e-01 3.288575329995448160e-02 8.219162494310423561e-01 1.445152480655439164e-01 6.827492034592626399e-04 0.000000000000000000e+00
4.480000000000000000e+05 1.119980216724165700e-01 3.288575329995448160e-02 8.220300409649522466e-01 1.442876649977241632e-01 7.965407373691396923e-04 0.000000000000000000e+00
4.520000000000000000e+05 1.129980040087772419e-01 3.299954483386435822e-02 8.216886663632225751e-01 1.445152480655439164e-01 7.965407373691396923e-04 0.000000000000000000e+00
4.560000000000000000e+05 1.139979863451381359e-01 3.220300409649522189e-02 8.227127901684114786e-01 1.445152480655439164e-01 5.689576695493854790e-04 0.000000000000000000e+00
4.600000000000000000e+05 1.149979686814990298e-01 3.231679563040509851e-02 8.221438324988621371e-01 1.445152480655439164e-01 1.024123805188893906e-03 0.000000000000000000e+00
4.640000000000000000e+05 1.159979510178599238e-01 3.345471096950387163e-02 8.218024578971324656e-01 1.439462903959945472e-01 7.965407373691396923e-04 0.000000000000000000e+00
4.680000000000000000e+05 1.169979333542208177e-01 3.299954483386435822e-02 8.221438324988621371e-01 1.445152480655439164e-01 3.413746017296313199e-04 0.000000000000000000e+00
4.720000000000000000e+05 1.179979156905817117e-01 3.459262630860263782e-02 8.211197086936732337e-01 1.438324988620846567e-01 4.551661356395084266e-04 0.000000000000000000e+00
4.760000000000000000e+05 1.189978980269423836e-01 3.459262630860263782e-02 8.214610832954027941e-01 1.436049157942649035e-01 3.413746017296313199e-04 0.000000000000000000e+00
4.800000000000000000e+05 1.199978803633032776e-01 3.413746017296313134e-02 8.211197086936732337e-01 1.437187073281747940e-01 1.024123805188893906e-03 0.000000000000000000e+00
4.840000000000000000e+05 1.209978626996641715e-01 3.413746017296313134e-02 8.220300409649522466e-01 1.434911242603550408e-01 3.413746017296313199e-04 0.000000000000000000e+00
4.880000000000000000e+05 1.219978450360250655e-01 3.550295857988165771e-02 8.210059171597633432e-01 1.433773327264451503e-01 1.137915339098771066e-04 0.000000000000000000e+00
4.920000000000000000e+05 1.229978273723859594e-01 3.720983158852981393e-02 8.198680018206645492e-01 1.425807919890760000e-01 3.413746017296313199e-04 0.000000000000000000e+00
4.960000000000000000e+05 1.239978097087468534e-01 3.675466545289030745e-02 8.202093764223942207e-01 1.425807919890760000e-01 4.551661356395084266e-04 0.000000000000000000e+00
5.000000000000000000e+05 1.249977920451077473e-01 3.516158397815202785e-02 8.207783340919435622e-01 1.433773327264451503e-01 6.827492034592626399e-04 0.000000000000000000e+00
5.040000000000000000e+05 1.259977743814684192e-01 3.254437869822485174e-02 8.228265817023213691e-01 1.440600819299044100e-01 5.689576695493854790e-04 0.000000000000000000e+00
5.080000000000000000e+05 1.269977567178293132e-01 3.060992262175694228e-02 8.244196631770596140e-01 1.446290395994538069e-01 3.413746017296313199e-04 0.000000000000000000e+00
5.120000000000000000e+05 1.279977390541902071e-01 3.220300409649522189e-02 8.235093309057806010e-01 1.434911242603550408e-01 7.965407373691396923e-04 0.000000000000000000e+00
5.160000000000000000e+05 1.289977213905511011e-01 2.708238507055074976e-02 8.274920345926263243e-01 1.444014565316340537e-01 1.024123805188893906e-03 0.000000000000000000e+00
5.200000000000000000e+05 1.299977037269119950e-01 2.776513427401001294e-02 8.265817023213473114e-01 1.448566226672735602e-01 7.965407373691396923e-04 0.000000000000000000e+00
5.240000000000000000e+05 1.309976860632728890e-01 2.753755120619025970e-02 8.265817023213473114e-01 1.445152480655439164e-01 1.365498406918525280e-03 0.000000000000000000e+00
5.280000000000000000e+05 1.319976683996337830e-01 2.730996813837050646e-02 8.272644515248065433e-01 1.446290395994538069e-01 7.965407373691396923e-04 0.000000000000000000e+00
5.320000000000000000e+05 1.329976507359944549e-01 2.639963586709149004e-02 8.270368684569867623e-01 1.449704142011834229e-01 1.593081474738279385e-03 0.000000000000000000e+00
5.360000000000000000e+05 1.339976330723553488e-01 2.878925807919890598e-02 8.265817023213473114e-01 1.438324988620846567e-01 7.965407373691396923e-04 0.000000000000000000e+00
5.400000000000000000e+05 1.349976154087162428e-01 2.753755120619025970e-02 8.269230769230768718e-01 1.447428311333636697e-01 7.965407373691396923e-04 0.000000000000000000e+00
5.440000000000000000e+05 1.359975977450771367e-01 2.730996813837050646e-02 8.274920345926263243e-01 1.439462903959945472e-01 1.251706873008648227e-03 0.000000000000000000e+00
5.480000000000000000e+05 1.369975800814380307e-01 2.810650887573964626e-02 8.268092853891670924e-01 1.440600819299044100e-01 1.024123805188893906e-03 0.000000000000000000e+00
5.520000000000000000e+05 1.379975624177989246e-01 2.787892580791988956e-02 8.264679107874374209e-01 1.447428311333636697e-01 9.103322712790168532e-04 0.000000000000000000e+00
5.560000000000000000e+05 1.389975447541598186e-01 2.787892580791988956e-02 8.270368684569867623e-01 1.441738734638143005e-01 9.103322712790168532e-04 0.000000000000000000e+00
5.600000000000000000e+05 1.399975270905204905e-01 2.753755120619025970e-02 8.269230769230768718e-01 1.446290395994538069e-01 9.103322712790168532e-04 0.000000000000000000e+00
5.640000000000000000e+05 1.409975094268813844e-01 2.639963586709149004e-02 8.269230769230768718e-01 1.454255803368229294e-01 1.251706873008648227e-03 0.000000000000000000e+00
5.680000000000000000e+05 1.419974917632422784e-01 2.730996813837050646e-02 8.270368684569867623e-01 1.448566226672735602e-01 7.965407373691396923e-04 0.000000000000000000e+00
5.720000000000000000e+05 1.429974740996031723e-01 2.833409194355939950e-02 8.262403277196176399e-01 1.447428311333636697e-01 6.827492034592626399e-04 0.000000000000000000e+00
5.760000000000000000e+05 1.439974564359640663e-01 2.742375967228038308e-02 8.272644515248065433e-01 1.445152480655439164e-01 7.965407373691396923e-04 0.000000000000000000e+00
5.800000000000000000e+05 1.449974387723249603e-01 2.776513427401001294e-02 8.272644515248065433e-01 1.445152480655439164e-01 4.551661356395084266e-04 0.000000000000000000e+00
5.840000000000000000e+05 1.459974211086858542e-01 2.822030040964952288e-02 8.266954938552572019e-01 1.441738734638143005e-01 9.103322712790168532e-04 0.000000000000000000e+00
5.880000000000000000e+05 1.469974034450465261e-01 2.810650887573964626e-02 8.261265361857077494e-01 1.442876649977241632e-01 1.479289940828402332e-03 0.000000000000000000e+00
5.920000000000000000e+05 1.479973857814074201e-01 2.901684114701866268e-02 8.257851615839781889e-01 1.445152480655439164e-01 6.827492034592626399e-04 0.000000000000000000e+00
5.960000000000000000e+05 1.489973681177683140e-01 2.810650887573964626e-02 8.263541192535275304e-01 1.442876649977241632e-01 1.251706873008648227e-03 0.000000000000000000e+00
6.000000000000000000e+05 1.499973504541292080e-01 2.776513427401001294e-02 8.268092853891670924e-01 1.447428311333636697e-01 6.827492034592626399e-04 0.000000000000000000e+00
6.040000000000000000e+05 1.509973327904901019e-01 2.947200728265816916e-02 8.254437869822485174e-01 1.440600819299044100e-01 1.024123805188893906e-03 0.000000000000000000e+00
6.080000000000000000e+05 1.519973151268509959e-01 2.799271734182976618e-02 8.271506599908966528e-01 1.445152480655439164e-01 3.413746017296313199e-04 0.000000000000000000e+00
6.120000000000000000e+05 1.529972974632116678e-01 2.890304961310878606e-02 8.257851615839781889e-01 1.441738734638143005e-01 1.137915339098770958e-03 0.000000000000000000e+00
6.160000000000000000e+05 1.539972797995725617e-01 2.844788347746927612e-02 8.257851615839781889e-01 1.448566226672735602e-01 9.103322712790168532e-04 0.000000000000000000e+00
6.200000000000000000e+05 1.549972621359334557e-01 2.810650887573964626e-02 8.261265361857077494e-01 1.444014565316340537e-01 1.365498406918525280e-03 0.000000000000000000e+00
6.240000000000000000e+05 1.559972444722943496e-01 2.719617660446062984e-02 8.265817023213473114e-01 1.448566226672735602e-01 1.365498406918525280e-03 0.000000000000000000e+00
6.280000000000000000e+05 1.569972268086552436e-01 2.992717341829767910e-02 8.248748293126991760e-01 1.439462903959945472e-01 1.251706873008648227e-03 0.000000000000000000e+00
6.320000000000000000e+05 1.579972091450161376e-01 2.958579881656804578e-02 8.252162039144287364e-01 1.441738734638143005e-01 1.024123805188893906e-03 0.000000000000000000e+00
6.360000000000000000e+05 1.589971914813770315e-01 2.935821574874829254e-02 8.258989531178880794e-01 1.440600819299044100e-01 6.827492034592626399e-04 0.000000000000000000e+00
6.400000000000000000e+05 1.599971738177377034e-01 3.004096495220755572e-02 8.252162039144287364e-01 1.440600819299044100e-01 6.827492034592626399e-04 0.000000000000000000e+00
6.440000000000000000e+05 1.609971561540985974e-01 2.890304961310878606e-02 8.254437869822485174e-01 1.444014565316340537e-01 1.251706873008648227e-03 0.000000000000000000e+00
6.480000000000000000e+05 1.619971384904594913e-01 2.856167501137915274e-02 8.260127446517978589e-01 1.446290395994538069e-01 7.965407373691396923e-04 0.000000000000000000e+00
6.520000000000000000e+05 1.629971208268203853e-01 2.935821574874829254e-02 8.252162039144287364e-01 1.445152480655439164e-01 9.103322712790168532e-04 0.000000000000000000e+00
6.560000000000000000e+05 1.639971031631812792e-01 2.958579881656804578e-02 8.252162039144287364e-01 1.441738734638143005e-01 1.024123805188893906e-03 0.000000000000000000e+00
6.600000000000000000e+05 1.649970854995421732e-01 2.924442421483841592e-02 8.258989531178880794e-01 1.439462903959945472e-01 9.103322712790168532e-04 0.000000000000000000e+00
6.640000000000000000e+05 1.659970678359030671e-01 2.947200728265816916e-02 8.261265361857077494e-01 1.439462903959945472e-01 4.551661356395084266e-04 0.000000000000000000e+00
6.680000000000000000e+05 1.669970501722637390e-01 2.890304961310878606e-02 8.257851615839781889e-01 1.442876649977241632e-01 1.024123805188893906e-03 0.000000000000000000e+00
6.720000000000000000e+05 1.679970325086246330e-01 2.924442421483841592e-02 8.263541192535275304e-01 1.439462903959945472e-01 4.551661356395084266e-04 0.000000000000000000e+00
6.760000000000000000e+05 1.689970148449855269e-01 3.060992262175694228e-02 8.245334547109695045e-01 1.438324988620846567e-01 1.024123805188893906e-03 0.000000000000000000e+00
6.800000000000000000e+05 1.699969971813464209e-01 3.004096495220755572e-02 8.248748293126991760e-01 1.439462903959945472e-01 1.137915339098770958e-03 0.000000000000000000e+00
6.840000000000000000e+05 1.709969795177073149e-01 3.208921256258534527e-02 8.224852071005916976e-01 1.445152480655439164e-01 9.103322712790168532e-04 0.000000000000000000e+00
6.880000000000000000e+05 1.719969618540682088e-01 3.220300409649522189e-02 8.229403732362312596e-01 1.440600819299044100e-01 7.965407373691396923e-04 0.000000000000000000e+00
6.920000000000000000e+05 1.729969441904291028e-01 3.288575329995448160e-02 8.220300409649522466e-01 1.444014565316340537e-01 6.827492034592626399e-04 0.000000000000000000e+00
6.960000000000000000e+05 1.739969265267897747e-01 5.393718707328174627e-02 7.761720527992717056e-01 1.679563040509786109e-01 1.934456076467910759e-03 0.000000000000000000e+00
7.000000000000000000e+05 1.749969088631506686e-01 5.211652253072371344e-02 7.761720527992717056e-01 1.690942193900773771e-01 2.617205279927173507e-03 0.000000000000000000e+00
7.040000000000000000e+05 1.759968911995115626e-01 5.325443786982248656e-02 7.759444697314519246e-01 1.689804278561675144e-01 1.820664542558033706e-03 0.000000000000000000e+00
7.080000000000000000e+05 1.769968735358724565e-01 5.416477014110149951e-02 7.723031406463358728e-01 1.719390077378243065e-01 1.593081474738279385e-03 0.000000000000000000e+00
7.120000000000000000e+05 1.779968558722333505e-01 5.461993627674101293e-02 7.730996813837051063e-01 1.696631770596267741e-01 2.617205279927173507e-03 0.000000000000000000e+00
7.160000000000000000e+05 1.789968382085942444e-01 5.416477014110149951e-02 7.753755120619025831e-01 1.688666363222576239e-01 1.593081474738279385e-03 0.000000000000000000e+00
7.200000000000000000e+05 1.799968205449551384e-01 5.325443786982248656e-02 7.749203459262631322e-01 1.696631770596267741e-01 2.162039144287664864e-03 0.000000000000000000e+00
7.240000000000000000e+05 1.809968028813158103e-01 5.484751934456076616e-02 7.718479745106964218e-01 1.704597177969958965e-01 2.844788347746927612e-03 0.000000000000000000e+00
7.280000000000000000e+05 1.819967852176767042e-01 5.075102412380518707e-02 7.740100136549841192e-01 1.720527992717341692e-01 3.186162949476558769e-03 0.000000000000000000e+00
7.320000000000000000e+05 1.829967675540375982e-01 5.632680928538916915e-02 7.734410559854346667e-01 1.673873463814292140e-01 2.844788347746927612e-03 0.000000000000000000e+00
7.360000000000000000e+05 1.839967498903984922e-01 5.291306326809285671e-02 7.736686390532544477e-01 1.705735093309057870e-01 2.844788347746927612e-03 0.000000000000000000e+00
7.400000000000000000e+05 1.849967322267593861e-01 6.372325898953118406e-02 7.529585798816568198e-01 1.796768320436959443e-01 3.641329085116067413e-03 0.000000000000000000e+00
7.440000000000000000e+05 1.859967145631202801e-01 6.679563040509786664e-02 7.505689576695493415e-01 1.802457897132453413e-01 2.389622212107419402e-03 0.000000000000000000e+00
7.480000000000000000e+05 1.869966968994809520e-01 6.599908966772871644e-02 7.526172052799271484e-01 1.778561675011379184e-01 3.527537551206190360e-03 0.000000000000000000e+00
7.520000000000000000e+05 1.879966792358418459e-01 6.599908966772871644e-02 7.517068730086481354e-01 1.794492489758761911e-01 2.844788347746927612e-03 0.000000000000000000e+00
7.560000000000000000e+05 1.889966615722027399e-01 6.224396904870277414e-02 7.523896222121073674e-01 1.813837050523441075e-01 3.982703686845699004e-03 0.000000000000000000e+00
7.600000000000000000e+05 1.899966439085636338e-01 6.486117432862995025e-02 7.528447883477469293e-01 1.788802913063268218e-01 3.413746017296313308e-03 0.000000000000000000e+00
7.640000000000000000e+05 1.909966262449245278e-01 6.406463359126081392e-02 7.530723714155667103e-01 1.797906235776058348e-01 3.072371415566681717e-03 0.000000000000000000e+00
7.680000000000000000e+05 1.919966085812854217e-01 6.793354574419663283e-02 7.497724169321802190e-01 1.799044151115156975e-01 2.389622212107419402e-03 0.000000000000000000e+00
7.720000000000000000e+05 1.929965909176463157e-01 7.100591715976331542e-02 7.332726445152480954e-01 1.933318161128811941e-01 2.389622212107419402e-03 0.000000000000000000e+00
7.760000000000000000e+05 1.939965732540069876e-01 7.157487482931269851e-02 7.329312699135184239e-01 1.928766499772416876e-01 2.617205279927173507e-03 0.000000000000000000e+00
7.800000000000000000e+05 1.949965555903678815e-01 7.362312243969049153e-02 7.305416477014110566e-01 1.935593991807009473e-01 2.275830678197541916e-03 0.000000000000000000e+00
7.840000000000000000e+05 1.959965379267287755e-01 7.362312243969049153e-02 7.288347746927628101e-01 1.944697314519799602e-01 3.072371415566681717e-03 0.000000000000000000e+00
7.880000000000000000e+05 1.969965202630896695e-01 7.453345471096950448e-02 7.275830678197542367e-01 1.954938552571688637e-01 2.389622212107419402e-03 0.000000000000000000e+00
7.920000000000000000e+05 1.979965025994505634e-01 7.362312243969049153e-02 7.265589440145653333e-01 1.970869367319071364e-01 2.730996813837050560e-03 0.000000000000000000e+00
7.960000000000000000e+05 1.989964849358114574e-01 7.362312243969049153e-02 7.255348202093764298e-01 1.974283113336367801e-01 3.413746017296313308e-03 0.000000000000000000e+00
8.000000000000000000e+05 1.999964672721723513e-01 7.294037323623121793e-02 7.276968593536641272e-01 1.956076467910787542e-01 3.755120619025944465e-03 0.000000000000000000e+00
8.040000000000000000e+05 2.009964496085330232e-01 7.385070550751024476e-02 7.266727355484752238e-01 1.977696859353663961e-01 1.706873008648156654e-03 0.000000000000000000e+00
8.080000000000000000e+05 2.019964319448939172e-01 7.237141556668183484e-02 7.261037778789257713e-01 1.986800182066454368e-01 2.844788347746927612e-03 0.000000000000000000e+00
8.120000000000000000e+05 2.029964142812548111e-01 7.294037323623121793e-02 7.245106964041875264e-01 2.003868912152935722e-01 2.162039144287664864e-03 0.000000000000000000e+00
8.160000000000000000e+05 2.039963966176157051e-01 7.248520710059171146e-02 7.249658625398270884e-01 1.999317250796540657e-01 2.617205279927173507e-03 0.000000000000000000e+00
8.200000000000000000e+05 2.049963789539765990e-01 7.191624943104232837e-02 7.256486117432863203e-01 1.989076012744651900e-01 3.527537551206190360e-03 0.000000000000000000e+00
8.240000000000000000e+05 2.059963612903374930e-01 7.089212562585343880e-02 7.254210286754665393e-01 1.993627674101046965e-01 4.324078288575329727e-03 0.000000000000000000e+00
8.280000000000000000e+05 2.069963436266983869e-01 7.146108329540282189e-02 7.236003641329085134e-01 2.016385980883022289e-01 3.299954483386436255e-03 0.000000000000000000e+00
8.320000000000000000e+05 2.079963259630590589e-01 7.362312243969049153e-02 7.215521165225307065e-01 2.014110150204824756e-01 3.413746017296313308e-03 0.000000000000000000e+00
8.360000000000000000e+05 2.089963082994199528e-01 7.146108329540282189e-02 7.241693218024578549e-01 2.009558488848429691e-01 3.413746017296313308e-03 0.000000000000000000e+00
8.400000000000000000e+05 2.099962906357808468e-01 7.089212562585343880e-02 7.224624487938097195e-01 2.030040964952207483e-01 3.641329085116067413e-03 0.000000000000000000e+00
8.440000000000000000e+05 2.109962729721417407e-01 7.510241238051888757e-02 7.379380974055530507e-01 1.850250341374601593e-01 1.934456076467910759e-03 0.000000000000000000e+00
8.480000000000000000e+05 2.119962553085026347e-01 7.498862084660901095e-02 7.375967228038233792e-01 1.852526172052799402e-01 2.162039144287664864e-03 0.000000000000000000e+00
8.520000000000000000e+05 2.129962376448635286e-01 7.476103777878925771e-02 7.381656804733728316e-01 1.854802002730996935e-01 1.593081474738279385e-03 0.000000000000000000e+00
8.560000000000000000e+05 2.139962199812244226e-01 7.555757851615839404e-02 7.377105143377332697e-01 1.849112426035502965e-01 1.820664542558033706e-03 0.000000000000000000e+00
8.600000000000000000e+05 2.149962023175850945e-01 7.339553937187073829e-02 7.381656804733728316e-01 1.852526172052799402e-01 3.186162949476558769e-03 0.000000000000000000e+00
8.640000000000000000e+05 2.159961846539459884e-01 7.453345471096950448e-02 7.371415566681839282e-01 1.869594902139280757e-01 1.365498406918525280e-03 0.000000000000000000e+00
8.680000000000000000e+05 2.169961669903068824e-01 7.464724624487938109e-02 7.378243058716431602e-01 1.857077833409194467e-01 1.820664542558033706e-03 0.000000000000000000e+00
8.720000000000000000e+05 2.179961493266677763e-01 7.430587164314975124e-02 7.361174328629950248e-01 1.865043240782885692e-01 3.072371415566681717e-03 0.000000000000000000e+00
8.760000000000000000e+05 2.189961316630286703e-01 7.567137005006827066e-02 7.364588074647245852e-01 1.860491579426490627e-01 1.820664542558033706e-03 0.000000000000000000e+00
8.800000000000000000e+05 2.199961139993895642e-01 7.589895311788802390e-02 7.341829767865271084e-01 1.885525716886663761e-01 1.365498406918525280e-03 0.000000000000000000e+00
8.840000000000000000e+05 2.209960963357502362e-01 7.544378698224851743e-02 7.369139736003641472e-01 1.858215748748293095e-01 1.820664542558033706e-03 0.000000000000000000e+00
8.880000000000000000e+05 2.219960786721111301e-01 7.362312243969049153e-02 7.360036413290851343e-01 1.883249886208466228e-01 2.048247610377787811e-03 0.000000000000000000e+00
8.920000000000000000e+05 2.229960610084720241e-01 7.521620391442876419e-02 7.350933090578061213e-01 1.884387801547564856e-01 1.251706873008648227e-03 0.000000000000000000e+00
8.960000000000000000e+05 2.239960433448329180e-01 7.430587164314975124e-02 7.347519344560764498e-01 1.892353208921256358e-01 1.706873008648156654e-03 0.000000000000000000e+00
9.000000000000000000e+05 2.249960256811938120e-01 7.453345471096950448e-02 7.328174783796085334e-01 1.901456531634046487e-01 2.503413746017296455e-03 0.000000000000000000e+00
9.040000000000000000e+05 2.259960080175547059e-01 7.464724624487938109e-02 7.357760582612653533e-01 1.871870732817478289e-01 2.389622212107419402e-03 0.000000000000000000e+00
9.080000000000000000e+05 2.269959903539155999e-01 7.464724624487938109e-02 7.322485207100591920e-01 1.908284023668639084e-01 2.275830678197541916e-03 0.000000000000000000e+00
