# itime ezz other fcc hcp bcc ico
0.000000000000000000e+00 0.000000000000000000e+00 0.000000000000000000e+00 1.000000000000000000e+00 0.000000000000000000e+00 0.000000000000000000e+00 0.000000000000000000e+00
4.000000000000000000e+03 9.999805070419753861e-04 0.000000000000000000e+00 1.000000000000000000e+00 0.000000000000000000e+00 0.000000000000000000e+00 0.000000000000000000e+00
8.000000000000000000e+03 1.999961014083728728e-03 0.000000000000000000e+00 1.000000000000000000e+00 0.000000000000000000e+00 0.000000000000000000e+00 0.000000000000000000e+00
1.200000000000000000e+04 2.999941521125704114e-03 0.000000000000000000e+00 1.000000000000000000e+00 0.000000000000000000e+00 0.000000000000000000e+00 0.000000000000000000e+00
1.600000000000000000e+04 3.999922028167457455e-03 0.000000000000000000e+00 1.000000000000000000e+00 0.000000000000000000e+00 0.000000000000000000e+00 0.000000000000000000e+00
2.000000000000000000e+04 4.999902535209432841e-03 0.000000000000000000e+00 1.000000000000000000e+00 0.000000000000000000e+00 0.000000000000000000e+00 0.000000000000000000e+00
2.400000000000000000e+04 5.999883042251186183e-03 0.000000000000000000e+00 1.000000000000000000e+00 0.000000000000000000e+00 0.000000000000000000e+00 0.000000000000000000e+00
2.800000000000000000e+04 6.999863549293161569e-03 0.000000000000000000e+00 1.000000000000000000e+00 0.000000000000000000e+00 0.000000000000000000e+00 0.000000000000000000e+00
3.200000000000000000e+04 7.999844056334914910e-03 0.000000000000000000e+00 1.000000000000000000e+00 0.000000000000000000e+00 0.000000000000000000e+00 0.000000000000000000e+00
3.600000000000000000e+04 8.999824563376890296e-03 0.000000000000000000e+00 1.000000000000000000e+00 0.000000000000000000e+00 0.000000000000000000e+00 0.000000000000000000e+00
4.000000000000000000e+04 9.999805070418643638e-03 0.000000000000000000e+00 1.000000000000000000e+00 0.000000000000000000e+00 0.000000000000000000e+00 0.000000000000000000e+00
4.400000000000000000e+04 1.099978557746061902e-02 0.000000000000000000e+00 1.000000000000000000e+00 0.000000000000000000e+00 0.000000000000000000e+00 0.000000000000000000e+00
4.800000000000000000e+04 1.199976608450237237e-02 0.000000000000000000e+00 1.000000000000000000e+00 0.000000000000000000e+00 0.000000000000000000e+00 0.000000000000000000e+00
5.200000000000000000e+04 1.299974659154434775e-02 0.000000000000000000e+00 1.000000000000000000e+00 0.000000000000000000e+00 0.000000000000000000e+00 0.000000000000000000e+00
5.600000000000000000e+04 1.399972709858610109e-02 0.000000000000000000e+00 1.000000000000000000e+00 0.000000000000000000e+00 0.000000000000000000e+00 0.000000000000000000e+00
6.000000000000000000e+04 1.499970760562807648e-02 0.000000000000000000e+00 1.000000000000000000e+00 0.000000000000000000e+00 0.000000000000000000e+00 0.000000000000000000e+00
6.400000000000000000e+04 1.599968811266982982e-02 0.000000000000000000e+00 1.000000000000000000e+00 0.000000000000000000e+00 0.000000000000000000e+00 0.000000000000000000e+00
6.800000000000000000e+04 1.699966861971180521e-02 0.000000000000000000e+00 1.000000000000000000e+00 0.000000000000000000e+00 0.000000000000000000e+00 0.000000000000000000e+00
7.200000000000000000e+04 1.799964912675355855e-02 0.000000000000000000e+00 1.000000000000000000e+00 0.000000000000000000e+00 0.000000000000000000e+00 0.000000000000000000e+00
7.600000000000000000e+04 1.899962963379553393e-02 0.000000000000000000e+00 1.000000000000000000e+00 0.000000000000000000e+00 0.000000000000000000e+00 0.000000000000000000e+00
8.000000000000000000e+04 1.999961014083728728e-02 0.000000000000000000e+00 1.000000000000000000e+00 0.000000000000000000e+00 0.000000000000000000e+00 0.000000000000000000e+00
8.400000000000000000e+04 2.099959064787926266e-02 0.000000000000000000e+00 1.000000000000000000e+00 0.000000000000000000e+00 0.000000000000000000e+00 0.000000000000000000e+00
8.800000000000000000e+04 2.199957115492101600e-02 0.000000000000000000e+00 1.000000000000000000e+00 0.000000000000000000e+00 0.000000000000000000e+00 0.000000000000000000e+00
9.200000000000000000e+04 2.299955166196299139e-02 0.000000000000000000e+00 1.000000000000000000e+00 0.000000000000000000e+00 0.000000000000000000e+00 0.000000000000000000e+00
9.600000000000000000e+04 2.399953216900496678e-02 0.000000000000000000e+00 1.000000000000000000e+00 0.000000000000000000e+00 0.000000000000000000e+00 0.000000000000000000e+00
1.000000000000000000e+05 2.499951267604672012e-02 0.000000000000000000e+00 1.000000000000000000e+00 0.000000000000000000e+00 0.000000000000000000e+00 0.000000000000000000e+00
1.040000000000000000e+05 2.599949318308869550e-02 0.000000000000000000e+00 1.000000000000000000e+00 0.000000000000000000e+00 0.000000000000000000e+00 0.000000000000000000e+00
1.080000000000000000e+05 2.699947369013044884e-02 0.000000000000000000e+00 1.000000000000000000e+00 0.000000000000000000e+00 0.000000000000000000e+00 0.000000000000000000e+00
1.120000000000000000e+05 2.799945419717242423e-02 0.000000000000000000e+00 1.000000000000000000e+00 0.000000000000000000e+00 0.000000000000000000e+00 0.000000000000000000e+00
1.160000000000000000e+05 2.899943470421417757e-02 0.000000000000000000e+00 1.000000000000000000e+00 0.000000000000000000e+00 0.000000000000000000e+00 0.000000000000000000e+00
1.200000000000000000e+05 2.999941521125615296e-02 0.000000000000000000e+00 1.000000000000000000e+00 0.000000000000000000e+00 0.000000000000000000e+00 0.000000000000000000e+00
1.240000000000000000e+05 3.099939571829790630e-02 0.000000000000000000e+00 1.000000000000000000e+00 0.000000000000000000e+00 0.000000000000000000e+00 0.000000000000000000e+00
1.280000000000000000e+05 3.199937622533988169e-02 0.000000000000000000e+00 1.000000000000000000e+00 0.000000000000000000e+00 0.000000000000000000e+00 0.000000000000000000e+00
1.320000000000000000e+05 3.299935673238163503e-02 0.000000000000000000e+00 1.000000000000000000e+00 0.000000000000000000e+00 0.000000000000000000e+00 0.000000000000000000e+00
1.360000000000000000e+05 3.399933723942361041e-02 0.000000000000000000e+00 1.000000000000000000e+00 0.000000000000000000e+00 0.000000000000000000e+00 0.000000000000000000e+00
1.400000000000000000e+05 3.499931774646536375e-02 0.000000000000000000e+00 1.000000000000000000e+00 0.000000000000000000e+00 0.000000000000000000e+00 0.000000000000000000e+00
1.440000000000000000e+05 3.599929825350733914e-02 0.000000000000000000e+00 1.000000000000000000e+00 0.000000000000000000e+00 0.000000000000000000e+00 0.000000000000000000e+00
1.480000000000000000e+05 3.699927876054909248e-02 0.000000000000000000e+00 1.000000000000000000e+00 0.000000000000000000e+00 0.000000000000000000e+00 0.000000000000000000e+00
1.520000000000000000e+05 3.799925926759106787e-02 0.000000000000000000e+00 1.000000000000000000e+00 0.000000000000000000e+00 0.000000000000000000e+00 0.000000000000000000e+00
1.560000000000000000e+05 3.899923977463282121e-02 0.000000000000000000e+00 1.000000000000000000e+00 0.000000000000000000e+00 0.000000000000000000e+00 0.000000000000000000e+00
1.600000000000000000e+05 3.999922028167479660e-02 0.000000000000000000e+00 1.000000000000000000e+00 0.000000000000000000e+00 0.000000000000000000e+00 0.000000000000000000e+00
1.640000000000000000e+05 4.099920078871654994e-02 0.000000000000000000e+00 1.000000000000000000e+00 0.000000000000000000e+00 0.000000000000000000e+00 0.000000000000000000e+00
1.680000000000000000e+05 4.199918129575852532e-02 0.000000000000000000e+00 1.000000000000000000e+00 0.000000000000000000e+00 0.000000000000000000e+00 0.000000000000000000e+00
1.720000000000000000e+05 4.299916180280027866e-02 0.000000000000000000e+00 1.000000000000000000e+00 0.000000000000000000e+00 0.000000000000000000e+00 0.000000000000000000e+00
1.760000000000000000e+05 4.399914230984225405e-02 0.000000000000000000e+00 1.000000000000000000e+00 0.000000000000000000e+00 0.000000000000000000e+00 0.000000000000000000e+00
1.800000000000000000e+05 4.499912281688400739e-02 0.000000000000000000e+00 1.000000000000000000e+00 0.000000000000000000e+00 0.000000000000000000e+00 0.000000000000000000e+00
1.840000000000000000e+05 4.599910332392598278e-02 0.000000000000000000e+00 1.000000000000000000e+00 0.000000000000000000e+00 0.000000000000000000e+00 0.000000000000000000e+00
1.880000000000000000e+05 4.699908383096795816e-02 0.000000000000000000e+00 1.000000000000000000e+00 0.000000000000000000e+00 0.000000000000000000e+00 0.000000000000000000e+00
1.920000000000000000e+05 4.799906433800971151e-02 0.000000000000000000e+00 1.000000000000000000e+00 0.000000000000000000e+00 0.000000000000000000e+00 0.000000000000000000e+00
1.960000000000000000e+05 4.899904484505168689e-02 0.000000000000000000e+00 1.000000000000000000e+00 0.000000000000000000e+00 0.000000000000000000e+00 0.000000000000000000e+00
2.000000000000000000e+05 4.999902535209344023e-02 0.000000000000000000e+00 1.000000000000000000e+00 0.000000000000000000e+00 0.000000000000000000e+00 0.000000000000000000e+00
2.040000000000000000e+05 5.099900585913541562e-02 0.000000000000000000e+00 1.000000000000000000e+00 0.000000000000000000e+00 0.000000000000000000e+00 0.000000000000000000e+00
2.080000000000000000e+05 5.199898636617716896e-02 0.000000000000000000e+00 1.000000000000000000e+00 0.000000000000000000e+00 0.000000000000000000e+00 0.000000000000000000e+00
2.120000000000000000e+05 5.299896687321914435e-02 0.000000000000000000e+00 1.000000000000000000e+00 0.000000000000000000e+00 0.000000000000000000e+00 0.000000000000000000e+00
2.160000000000000000e+05 5.399894738026089769e-02 0.000000000000000000e+00 1.000000000000000000e+00 0.000000000000000000e+00 0.000000000000000000e+00 0.000000000000000000e+00
2.200000000000000000e+05 5.499892788730287307e-02 0.000000000000000000e+00 1.000000000000000000e+00 0.000000000000000000e+00 0.000000000000000000e+00 0.000000000000000000e+00
2.240000000000000000e+05 5.599890839434462642e-02 0.000000000000000000e+00 1.000000000000000000e+00 0.000000000000000000e+00 0.000000000000000000e+00 0.000000000000000000e+00
2.280000000000000000e+05 5.699888890138660180e-02 3.413746017296313199e-04 9.996586253982703285e-01 0.000000000000000000e+00 0.000000000000000000e+00 0.000000000000000000e+00
2.320000000000000000e+05 5.799886940842835514e-02 1.137915339098771066e-04 9.998862084660901095e-01 0.000000000000000000e+00 0.000000000000000000e+00 0.000000000000000000e+00
2.360000000000000000e+05 5.899884991547033053e-02 0.000000000000000000e+00 1.000000000000000000e+00 0.000000000000000000e+00 0.000000000000000000e+00 0.000000000000000000e+00
2.400000000000000000e+05 5.999883042251208387e-02 0.000000000000000000e+00 1.000000000000000000e+00 0.000000000000000000e+00 0.000000000000000000e+00 0.000000000000000000e+00
2.440000000000000000e+05 6.099881092955405926e-02 0.000000000000000000e+00 1.000000000000000000e+00 0.000000000000000000e+00 0.000000000000000000e+00 0.000000000000000000e+00
2.480000000000000000e+05 6.199879143659581260e-02 0.000000000000000000e+00 1.000000000000000000e+00 0.000000000000000000e+00 0.000000000000000000e+00 0.000000000000000000e+00
2.520000000000000000e+05 6.299877194363778798e-02 0.000000000000000000e+00 1.000000000000000000e+00 0.000000000000000000e+00 0.000000000000000000e+00 0.000000000000000000e+00
2.560000000000000000e+05 6.399875245067954133e-02 0.000000000000000000e+00 1.000000000000000000e+00 0.000000000000000000e+00 0.000000000000000000e+00 0.000000000000000000e+00
2.600000000000000000e+05 6.499873295772151671e-02 0.000000000000000000e+00 1.000000000000000000e+00 0.000000000000000000e+00 0.000000000000000000e+00 0.000000000000000000e+00
2.640000000000000000e+05 6.599871346476327005e-02 0.000000000000000000e+00 1.000000000000000000e+00 0.000000000000000000e+00 0.000000000000000000e+00 0.000000000000000000e+00
2.680000000000000000e+05 6.699869397180524544e-02 0.000000000000000000e+00 1.000000000000000000e+00 0.000000000000000000e+00 0.000000000000000000e+00 0.000000000000000000e+00
2.720000000000000000e+05 6.799867447884699878e-02 0.000000000000000000e+00 1.000000000000000000e+00 0.000000000000000000e+00 0.000000000000000000e+00 0.000000000000000000e+00
2.760000000000000000e+05 6.899865498588897417e-02 1.137915339098771066e-04 9.998862084660901095e-01 0.000000000000000000e+00 0.000000000000000000e+00 0.000000000000000000e+00
2.800000000000000000e+05 6.999863549293094955e-02 0.000000000000000000e+00 1.000000000000000000e+00 0.000000000000000000e+00 0.000000000000000000e+00 0.000000000000000000e+00
2.840000000000000000e+05 7.099861599997270289e-02 4.551661356395084266e-04 9.995448338643604380e-01 0.000000000000000000e+00 0.000000000000000000e+00 0.000000000000000000e+00
2.880000000000000000e+05 7.199859650701467828e-02 0.000000000000000000e+00 1.000000000000000000e+00 0.000000000000000000e+00 0.000000000000000000e+00 0.000000000000000000e+00
2.920000000000000000e+05 7.299857701405643162e-02 0.000000000000000000e+00 1.000000000000000000e+00 0.000000000000000000e+00 0.000000000000000000e+00 0.000000000000000000e+00
2.960000000000000000e+05 7.399855752109840701e-02 0.000000000000000000e+00 1.000000000000000000e+00 0.000000000000000000e+00 0.000000000000000000e+00 0.000000000000000000e+00
3.000000000000000000e+05 7.499853802814016035e-02 0.000000000000000000e+00 1.000000000000000000e+00 0.000000000000000000e+00 0.000000000000000000e+00 0.000000000000000000e+00
3.040000000000000000e+05 7.599851853518213574e-02 4.551661356395084266e-04 9.995448338643604380e-01 0.000000000000000000e+00 0.000000000000000000e+00 0.000000000000000000e+00
3.080000000000000000e+05 7.699849904222388908e-02 0.000000000000000000e+00 1.000000000000000000e+00 0.000000000000000000e+00 0.000000000000000000e+00 0.000000000000000000e+00
3.120000000000000000e+05 7.799847954926586446e-02 0.000000000000000000e+00 1.000000000000000000e+00 0.000000000000000000e+00 0.000000000000000000e+00 0.000000000000000000e+00
3.160000000000000000e+05 7.899846005630761780e-02 4.551661356395084266e-04 9.995448338643604380e-01 0.000000000000000000e+00 0.000000000000000000e+00 0.000000000000000000e+00
3.200000000000000000e+05 7.999844056334959319e-02 1.137915339098771066e-04 9.998862084660901095e-01 0.000000000000000000e+00 0.000000000000000000e+00 0.000000000000000000e+00
3.240000000000000000e+05 8.099842107039134653e-02 4.551661356395084266e-04 9.995448338643604380e-01 0.000000000000000000e+00 0.000000000000000000e+00 0.000000000000000000e+00
3.280000000000000000e+05 8.199840157743332192e-02 5.689576695493854790e-04 9.994310423304506585e-01 0.000000000000000000e+00 0.000000000000000000e+00 0.000000000000000000e+00
3.320000000000000000e+05 8.299838208447507526e-02 0.000000000000000000e+00 1.000000000000000000e+00 0.000000000000000000e+00 0.000000000000000000e+00 0.000000000000000000e+00
3.360000000000000000e+05 8.399836259151705065e-02 7.965407373691396923e-04 9.992034592626308775e-01 0.000000000000000000e+00 0.000000000000000000e+00 0.000000000000000000e+00
3.400000000000000000e+05 8.499834309855880399e-02 4.551661356395084266e-04 9.994310423304506585e-01 0.000000000000000000e+00 1.137915339098771066e-04 0.000000000000000000e+00
3.440000000000000000e+05 8.599832360560077937e-02 6.827492034592626399e-04 9.990896677287209870e-01 0.000000000000000000e+00 2.275830678197542133e-04 0.000000000000000000e+00
3.480000000000000000e+05 8.699830411264253271e-02 9.103322712790168532e-04 9.988620846609012061e-01 0.000000000000000000e+00 2.275830678197542133e-04 0.000000000000000000e+00
3.520000000000000000e+05 8.799828461968450810e-02 6.827492034592626399e-04 9.993172507965407680e-01 0.000000000000000000e+00 0.000000000000000000e+00 0.000000000000000000e+00
3.560000000000000000e+05 8.899826512672626144e-02 0.000000000000000000e+00 1.000000000000000000e+00 0.000000000000000000e+00 0.000000000000000000e+00 0.000000000000000000e+00
3.600000000000000000e+05 8.999824563376823683e-02 7.965407373691396923e-04 9.992034592626308775e-01 0.000000000000000000e+00 0.000000000000000000e+00 0.000000000000000000e+00
3.640000000000000000e+05 9.099822614080999017e-02 6.827492034592626399e-04 9.993172507965407680e-01 0.000000000000000000e+00 0.000000000000000000e+00 0.000000000000000000e+00
3.680000000000000000e+05 9.199820664785196556e-02 3.641329085116067413e-03 9.961310878470641672e-01 0.000000000000000000e+00 2.275830678197542133e-04 0.000000000000000000e+00
3.720000000000000000e+05 9.299818715489371890e-02 1.024123805188893906e-03 9.989758761948110966e-01 0.000000000000000000e+00 0.000000000000000000e+00 0.000000000000000000e+00
3.760000000000000000e+05 9.399816766193569428e-02 1.365498406918525280e-03 9.985207100591716456e-01 0.000000000000000000e+00 1.137915339098771066e-04 0.000000000000000000e+00
3.800000000000000000e+05 9.499814816897766967e-02 1.137915339098770958e-03 9.986345015930814251e-01 0.000000000000000000e+00 2.275830678197542133e-04 0.000000000000000000e+00
3.840000000000000000e+05 9.599812867601942301e-02 1.479289940828402332e-03 9.985207100591716456e-01 0.000000000000000000e+00 0.000000000000000000e+00 0.000000000000000000e+00
3.880000000000000000e+05 9.699810918306139840e-02 1.820664542558033706e-03 9.981793354574419741e-01 0.000000000000000000e+00 0.000000000000000000e+00 0.000000000000000000e+00
3.920000000000000000e+05 9.799808969010315174e-02 3.072371415566681717e-03 9.965862539827037292e-01 0.000000000000000000e+00 3.413746017296313199e-04 0.000000000000000000e+00
3.960000000000000000e+05 9.899807019714512712e-02 2.617205279927173507e-03 9.970414201183431802e-01 0.000000000000000000e+00 3.413746017296313199e-04 0.000000000000000000e+00
4.000000000000000000e+05 9.999805070418688047e-02 7.396449704142011444e-03 9.922621756941283344e-01 0.000000000000000000e+00 3.413746017296313199e-04 0.000000000000000000e+00
4.040000000000000000e+05 1.009980312112288559e-01 1.934456076467910759e-03 9.980655439235320836e-01 0.000000000000000000e+00 0.000000000000000000e+00 0.000000000000000000e+00
4.080000000000000000e+05 1.019980117182706092e-01 3.641329085116067413e-03 9.960172963131542767e-01 0.000000000000000000e+00 3.413746017296313199e-04 0.000000000000000000e+00
4.120000000000000000e+05 1.029979922253125846e-01 3.299954483386436255e-03 9.964724624487938387e-01 0.000000000000000000e+00 2.275830678197542133e-04 0.000000000000000000e+00
4.160000000000000000e+05 1.039979727323543379e-01 8.420573509330906217e-03 9.908966772872098705e-01 0.000000000000000000e+00 6.827492034592626399e-04 0.000000000000000000e+00
4.200000000000000000e+05 1.049979532393963133e-01 6.599908966772872511e-03 9.929449248975875664e-01 0.000000000000000000e+00 4.551661356395084266e-04 0.000000000000000000e+00
4.240000000000000000e+05 1.059979337464380666e-01 8.079198907601274626e-03 9.912380518889394310e-01 0.000000000000000000e+00 6.827492034592626399e-04 0.000000000000000000e+00
4.280000000000000000e+05 1.069979142534800420e-01 8.101957214383249950e-02 5.456304050978607600e-01 3.632225762403277214e-01 1.012744651797906244e-02 0.000000000000000000e+00
4.320000000000000000e+05 1.079978947605217954e-01 7.111970869367319203e-02 5.502958579881657153e-01 3.733500227583067543e-01 5.234410559854347014e-03 0.000000000000000000e+00
4.360000000000000000e+05 1.089978752675637708e-01 7.146108329540282189e-02 5.515475648611742887e-01 3.715293582157487284e-01 5.461993627674101119e-03 0.000000000000000000e+00
4.400000000000000000e+05 1.099978557746055241e-01 7.271279016841146470e-02 5.516613563950841792e-01 3.709604005461993870e-01 4.665452890304961318e-03 0.000000000000000000e+00
4.440000000000000000e+05 1.109978362816474995e-01 7.180245789713245175e-02 5.523441055985435222e-01 3.720983158852981254e-01 3.755120619025944465e-03 0.000000000000000000e+00
4.480000000000000000e+05 1.119978167886892528e-01 6.986800182066454923e-02 5.526854802002730827e-01 3.710741920801092220e-01 6.372325898953117539e-03 0.000000000000000000e+00
4.520000000000000000e+05 1.129977972957312282e-01 7.407828857532999800e-02 5.498406918525261533e-01 3.695949021392808120e-01 6.486117432862995025e-03 0.000000000000000000e+00
4.560000000000000000e+05 1.139977778027729816e-01 7.157487482931269851e-02 5.522303140646336317e-01 3.714155666818388934e-01 4.779244424214838804e-03 0.000000000000000000e+00
4.600000000000000000e+05 1.149977583098149569e-01 7.259899863450158808e-02 5.517751479289940697e-01 3.716431497496586189e-01 3.982703686845699004e-03 0.000000000000000000e+00
4.640000000000000000e+05 1.159977388168567103e-01 7.225762403277195822e-02 5.515475648611742887e-01 3.701638598088302090e-01 6.030951297223486815e-03 0.000000000000000000e+00
4.680000000000000000e+05 1.169977193238986857e-01 7.066454255803368556e-02 5.508648156577150568e-01 3.719845243513882349e-01 6.486117432862995025e-03 0.000000000000000000e+00
4.720000000000000000e+05 1.179976998309406611e-01 7.134729176149294527e-02 5.518889394629039602e-01 3.711879836140191125e-01 5.575785161583977738e-03 0.000000000000000000e+00
4.760000000000000000e+05 1.189976803379824144e-01 7.396449704142012138e-02 5.506372325898952758e-01 3.713017751479290030e-01 4.096495220755575623e-03 0.000000000000000000e+00
4.800000000000000000e+05 1.199976608450243898e-01 7.203004096495220498e-02 5.514337733272643982e-01 3.701638598088302090e-01 6.372325898953117539e-03 0.000000000000000000e+00
4.840000000000000000e+05 1.209976413520661431e-01 7.396449704142012138e-02 5.524578971324533017e-01 3.692535275375511961e-01 4.324078288575329727e-03 0.000000000000000000e+00
4.880000000000000000e+05 1.219976218591081185e-01 7.521620391442876419e-02 5.481338188438780179e-01 3.692535275375511961e-01 7.396449704142011444e-03 0.000000000000000000e+00
4.920000000000000000e+05 1.229976023661498719e-01 7.555757851615839404e-02 5.499544833864360438e-01 3.697086936731907025e-01 4.779244424214838804e-03 0.000000000000000000e+00
4.960000000000000000e+05 1.239975828731918472e-01 7.737824305871643382e-02 5.504096495220756058e-01 3.676604460628129512e-01 4.551661356395083832e-03 0.000000000000000000e+00
5.000000000000000000e+05 1.249975633802336006e-01 9.478834774692762588e-02 5.376649977241693135e-01 3.603777878925807920e-01 7.168866636322257339e-03 0.000000000000000000e+00
5.040000000000000000e+05 1.259975438872755760e-01 1.000227583067819781e-01 5.368684569868001910e-01 3.555985434683659463e-01 7.510241238051888930e-03 0.000000000000000000e+00
5.080000000000000000e+05 1.269975243943173293e-01 1.144742831133363642e-01 5.277651342740100615e-01 3.410332271279016836e-01 1.672735548475193582e-02 0.000000000000000000e+00
5.120000000000000000e+05 1.279975049013593047e-01 1.222121074192080159e-01 5.278789258079198410e-01 3.389849795175238767e-01 1.092398725534820224e-02 0.000000000000000000e+00
5.160000000000000000e+05 1.289974854084010580e-01 1.197086936731907164e-01 5.275375512061902805e-01 3.417159763313609711e-01 1.103777878925807886e-02 0.000000000000000000e+00
5.200000000000000000e+05 1.299974659154430334e-01 1.202776513427400995e-01 5.265134274010013771e-01 3.395539371870732737e-01 1.365498406918525323e-02 0.000000000000000000e+00
5.240000000000000000e+05 1.309974464224847868e-01 1.198224852071005930e-01 5.267410104688211581e-01 3.404642694583522866e-01 1.297223486572599005e-02 0.000000000000000000e+00
5.280000000000000000e+05 1.319974269295267622e-01 1.203914428766499761e-01 5.271961766044606090e-01 3.384160218479745352e-01 1.399635867091488309e-02 0.000000000000000000e+00
5.320000000000000000e+05 1.329974074365685155e-01 1.222121074192080159e-01 5.269685935366408280e-01 3.389849795175238767e-01 1.183431952662721866e-02 0.000000000000000000e+00
5.360000000000000000e+05 1.339973879436104909e-01 1.197086936731907164e-01 5.262858443331815961e-01 3.416021847974510806e-01 1.240327719617660522e-02 0.000000000000000000e+00
5.400000000000000000e+05 1.349973684506522442e-01 1.242603550295857950e-01 5.262858443331815961e-01 3.405780609922621771e-01 8.875739644970414427e-03 0.000000000000000000e+00
5.440000000000000000e+05 1.359973489576942196e-01 1.226672735548475224e-01 5.256030951297223641e-01 3.390987710514337672e-01 1.263086026399635846e-02 0.000000000000000000e+00
5.480000000000000000e+05 1.369973294647359729e-01 1.181156121984524299e-01 5.244651797906235702e-01 3.434228493400091065e-01 1.399635867091488309e-02 0.000000000000000000e+00
5.520000000000000000e+05 1.379973099717779483e-01 1.224396904870277691e-01 5.246927628584433512e-01 3.406918525261720676e-01 1.217569412835685025e-02 0.000000000000000000e+00
5.560000000000000000e+05 1.389972904788197017e-01 1.224396904870277691e-01 5.237824305871643382e-01 3.402366863905325611e-01 1.354119253527537488e-02 0.000000000000000000e+00
5.600000000000000000e+05 1.399972709858616771e-01 1.243741465634956717e-01 5.219617660446063123e-01 3.392125625853436577e-01 1.445152480655439303e-02 0.000000000000000000e+00
5.640000000000000000e+05 1.409972514929036524e-01 1.242603550295857950e-01 5.212790168411469693e-01 3.400091033227127801e-01 1.445152480655439303e-02 0.000000000000000000e+00
5.680000000000000000e+05 1.419972319999454058e-01 1.259672280382339582e-01 5.234410559854346667e-01 3.400091033227127801e-01 1.058261265361857065e-02 0.000000000000000000e+00
5.720000000000000000e+05 1.429972125069873812e-01 1.235776058261265353e-01 5.227583067819754348e-01 3.406918525261720676e-01 1.297223486572599005e-02 0.000000000000000000e+00
5.760000000000000000e+05 1.439971930140291345e-01 1.564633591260810308e-01 5.078516158397815561e-01 2.939235320892125691e-01 4.176149294492489950e-02 0.000000000000000000e+00
5.800000000000000000e+05 1.449971735210711099e-01 1.418980427856167403e-01 5.517751479289940697e-01 2.306554392353208915e-01 7.567137005006827066e-02 0.000000000000000000e+00
5.840000000000000000e+05 1.459971540281128632e-01 1.445152480655439164e-01 5.556440600819299025e-01 2.307692307692307820e-01 6.907146108329539902e-02 0.000000000000000000e+00
5.880000000000000000e+05 1.469971345351548386e-01 1.466772872098315861e-01 5.487027765134273594e-01 2.327036868456986707e-01 7.191624943104232837e-02 0.000000000000000000e+00
5.920000000000000000e+05 1.479971150421965920e-01 1.458807464724624359e-01 5.443786982248520756e-01 2.329312699135184239e-01 7.680928538916705073e-02 0.000000000000000000e+00
5.960000000000000000e+05 1.489970955492385674e-01 1.521392808375056915e-01 5.381201638598088755e-01 2.308830223031406448e-01 7.885753299954482987e-02 0.000000000000000000e+00
6.000000000000000000e+05 1.499970760562803207e-01 1.522530723714155543e-01 5.357305416477013971e-01 2.303140646335912478e-01 8.170232134729175921e-02 0.000000000000000000e+00
6.040000000000000000e+05 1.509970565633222961e-01 1.519116977696859383e-01 5.332271279016841392e-01 2.320209376422394110e-01 8.284023668639053928e-02 0.000000000000000000e+00
6.080000000000000000e+05 1.519970370703640494e-01 1.606736458807464796e-01 5.251479289940828021e-01 2.299726900318616318e-01 8.420573509330905870e-02 0.000000000000000000e+00
6.120000000000000000e+05 1.529970175774060248e-01 1.607874374146563423e-01 5.163859808830223441e-01 2.272416932180245652e-01 9.558488848429676221e-02 0.000000000000000000e+00
6.160000000000000000e+05 1.539969980844477782e-01 2.240555302685480199e-01 1.979972690031861493e-01 4.937414656349567443e-01 8.420573509330905870e-02 0.000000000000000000e+00
6.200000000000000000e+05 1.549969785914897535e-01 1.795630405097860816e-01 2.875512061902594230e-01 5.103550295857988139e-01 2.253072371415566766e-02 0.000000000000000000e+00
6.240000000000000000e+05 1.559969590985315069e-01 1.737596722803823324e-01 2.861857077833409035e-01 5.155894401456531106e-01 2.446517979062357712e-02 0.000000000000000000e+00
6.280000000000000000e+05 1.569969396055734823e-01 1.811561219845243542e-01 2.823167956304050707e-01 5.159308147473827821e-01 2.059626763768775473e-02 0.000000000000000000e+00
6.320000000000000000e+05 1.579969201126152356e-01 1.760355029585798925e-01 2.849340009103322746e-01 5.182066454255803700e-01 2.082385070550751144e-02 0.000000000000000000e+00
6.360000000000000000e+05 1.589969006196572110e-01 1.728493400091033194e-01 2.865270823850705750e-01 5.133136094674556338e-01 2.730996813837050646e-02 0.000000000000000000e+00
6.400000000000000000e+05 1.599968811266989643e-01 1.796768320436959443e-01 2.799271734182977034e-01 5.174101046882112476e-01 2.298588984979517413e-02 0.000000000000000000e+00
6.440000000000000000e+05 1.609968616337409397e-01 1.865043240782885692e-01 2.729858898497951603e-01 5.190031861629494925e-01 2.150659990896677115e-02 0.000000000000000000e+00
6.480000000000000000e+05 1.619968421407826931e-01 1.869594902139280757e-01 2.580791989076012816e-01 5.348202093764223841e-01 2.014110150204824826e-02 0.000000000000000000e+00
6.520000000000000000e+05 1.629968226478246685e-01 1.825216203914428736e-01 2.603550295857988139e-01 5.336822940373235902e-01 2.344105598543468408e-02 0.000000000000000000e+00
6.560000000000000000e+05 1.639968031548666438e-01 1.846836595357305433e-01 2.529585798816568198e-01 5.375512061902594230e-01 2.480655439235321044e-02 0.000000000000000000e+00
6.600000000000000000e+05 1.649967836619083972e-01 1.844560764679107900e-01 2.558033682294037492e-01 5.360719162494310686e-01 2.366863905325443732e-02 0.000000000000000000e+00
6.640000000000000000e+05 1.659967641689503726e-01 1.911697769685935244e-01 2.383932635411925294e-01 5.442649066909421851e-01 2.617205279927173334e-02 0.000000000000000000e+00
6.680000000000000000e+05 1.669967446759921259e-01 1.899180700955848955e-01 2.382794720072826666e-01 5.480200273099681274e-01 2.378243058716431393e-02 0.000000000000000000e+00
6.720000000000000000e+05 1.679967251830341013e-01 1.937869822485207005e-01 2.373691397360036537e-01 5.498406918525261533e-01 1.900318616294947513e-02 0.000000000000000000e+00
6.760000000000000000e+05 1.689967056900758546e-01 1.946973145197997135e-01 2.327036868456986707e-01 5.510923987255348377e-01 2.150659990896677115e-02 0.000000000000000000e+00
6.800000000000000000e+05 1.699966861971178300e-01 1.918525261720528119e-01 2.317933545744196577e-01 5.487027765134273594e-01 2.765134274010013632e-02 0.000000000000000000e+00
6.840000000000000000e+05 1.709966667041595834e-01 1.945835229858898507e-01 2.283796085571233592e-01 5.516613563950841792e-01 2.537551206190259354e-02 0.000000000000000000e+00
6.880000000000000000e+05 1.719966472112015587e-01 1.910559854346836617e-01 2.324761037778789174e-01 5.482476103777879084e-01 2.822030040964952288e-02 0.000000000000000000e+00
6.920000000000000000e+05 1.729966277182433121e-01 1.932180245789713313e-01 2.180245789713245452e-01 5.589440145653163938e-01 2.981338188438780248e-02 0.000000000000000000e+00
6.960000000000000000e+05 1.739966082252852875e-01 1.959490213928083702e-01 2.201866181156121871e-01 5.558716431497496835e-01 2.799271734182976618e-02 0.000000000000000000e+00
7.000000000000000000e+05 1.749965887323270408e-01 1.769458352298589054e-01 2.274692762858443462e-01 5.593991807009558448e-01 3.618570778334091742e-02 0.000000000000000000e+00
7.040000000000000000e+05 1.759965692393690162e-01 1.814974965862539702e-01 2.216659080564405970e-01 5.665680473372780579e-01 3.026854802002730896e-02 0.000000000000000000e+00
7.080000000000000000e+05 1.769965497464107695e-01 1.804733727810650945e-01 2.240555302685480199e-01 5.631543013199817871e-01 3.231679563040509851e-02 0.000000000000000000e+00
7.120000000000000000e+05 1.779965302534527449e-01 1.812699135184342170e-01 2.238279472007282667e-01 5.637232589895311285e-01 3.117888029130632538e-02 0.000000000000000000e+00
7.160000000000000000e+05 1.789965107604944983e-01 1.827492034592626269e-01 2.180245789713245452e-01 5.699817933545744397e-01 2.924442421483841592e-02 0.000000000000000000e+00
7.200000000000000000e+05 1.799964912675364737e-01 1.828629949931725174e-01 2.228038233955393632e-01 5.648611743286299225e-01 2.947200728265816916e-02 0.000000000000000000e+00
7.240000000000000000e+05 1.809964717745782270e-01 1.819526627218935044e-01 2.176832043695949015e-01 5.685025034137459743e-01 3.186162949476559203e-02 0.000000000000000000e+00
7.280000000000000000e+05 1.819964522816202024e-01 1.862767410104688159e-01 2.191624943104233114e-01 5.675921711424669613e-01 2.696859353664087314e-02 0.000000000000000000e+00
7.320000000000000000e+05 1.829964327886619557e-01 1.821802457897132577e-01 2.170004551661356418e-01 5.719162494310423561e-01 2.890304961310878606e-02 0.000000000000000000e+00
7.360000000000000000e+05 1.839964132957039311e-01 1.822940373236231204e-01 2.188211197086936677e-01 5.732817478379608200e-01 2.560309512972235024e-02 0.000000000000000000e+00
7.400000000000000000e+05 1.849963938027456845e-01 1.859353664087392000e-01 2.222348657259899940e-01 5.681611288120164138e-01 2.366863905325443732e-02 0.000000000000000000e+00
7.440000000000000000e+05 1.859963743097876598e-01 1.841147018661811463e-01 2.174556213017751483e-01 5.735093309057806010e-01 2.492034592626308706e-02 0.000000000000000000e+00
7.480000000000000000e+05 1.869963548168296352e-01 1.853664087391898030e-01 2.132453345471096995e-01 5.738507055075102725e-01 2.753755120619025970e-02 0.000000000000000000e+00
7.520000000000000000e+05 1.879963353238713886e-01 1.882111970869367323e-01 2.164314974965862448e-01 5.720300409649522466e-01 2.332726445152480746e-02 0.000000000000000000e+00
7.560000000000000000e+05 1.889963158309133640e-01 1.859353664087392000e-01 2.162039144287664916e-01 5.728265817023213691e-01 2.503413746017296368e-02 0.000000000000000000e+00
7.600000000000000000e+05 1.899962963379551173e-01 1.916249431042330587e-01 2.132453345471096995e-01 5.723714155666818071e-01 2.275830678197542090e-02 0.000000000000000000e+00
7.640000000000000000e+05 1.909962768449970927e-01 1.878698224852070886e-01 2.138142922166590687e-01 5.739644970414201630e-01 2.435138825671370050e-02 0.000000000000000000e+00
7.680000000000000000e+05 1.919962573520388460e-01 1.860491579426490627e-01 2.092626308602640040e-01 5.797678652708238012e-01 2.492034592626308706e-02 0.000000000000000000e+00
7.720000000000000000e+05 1.929962378590808214e-01 1.894629039599453890e-01 2.105143377332726329e-01 5.765817023213473114e-01 2.344105598543468408e-02 0.000000000000000000e+00
7.760000000000000000e+05 1.939962183661225747e-01 1.927628584433318248e-01 1.886663632225762388e-01 5.931952662721893255e-01 2.537551206190259354e-02 0.000000000000000000e+00
7.800000000000000000e+05 1.949961988731645501e-01 1.168639053254437871e-01 2.662721893491124536e-01 6.153846153846154188e-01 1.479289940828402332e-03 0.000000000000000000e+00
7.840000000000000000e+05 1.959961793802063035e-01 1.167501137915339104e-01 2.662721893491124536e-01 6.153846153846154188e-01 1.593081474738279385e-03 0.000000000000000000e+00
7.880000000000000000e+05 1.969961598872482789e-01 1.168639053254437871e-01 2.662721893491124536e-01 6.153846153846154188e-01 1.479289940828402332e-03 0.000000000000000000e+00
7.920000000000000000e+05 1.979961403942900322e-01 1.178880291306326766e-01 2.662721893491124536e-01 6.153846153846154188e-01 4.551661356395084266e-04 0.000000000000000000e+00
7.960000000000000000e+05 1.989961209013320076e-01 1.176604460628129234e-01 2.662721893491124536e-01 6.153846153846154188e-01 6.827492034592626399e-04 0.000000000000000000e+00
8.000000000000000000e+05 1.999961014083737609e-01 1.174328629949931702e-01 2.662721893491124536e-01 6.153846153846154188e-01 9.103322712790168532e-04 0.000000000000000000e+00
8.040000000000000000e+05 2.009960819154157363e-01 1.173190714610832935e-01 2.662721893491124536e-01 6.153846153846154188e-01 1.024123805188893906e-03 0.000000000000000000e+00
8.080000000000000000e+05 2.019960624224574897e-01 1.175466545289030468e-01 2.662721893491124536e-01 6.153846153846154188e-01 7.965407373691396923e-04 0.000000000000000000e+00
8.120000000000000000e+05 2.029960429294994650e-01 1.170914883932635403e-01 2.662721893491124536e-01 6.153846153846154188e-01 1.251706873008648227e-03 0.000000000000000000e+00
8.160000000000000000e+05 2.039960234365412184e-01 1.173190714610832935e-01 2.662721893491124536e-01 6.153846153846154188e-01 1.024123805188893906e-03 0.000000000000000000e+00
8.200000000000000000e+05 2.049960039435831938e-01 1.180018206645425533e-01 2.662721893491124536e-01 6.153846153846154188e-01 3.413746017296313199e-04 0.000000000000000000e+00
8.240000000000000000e+05 2.059959844506249471e-01 1.168639053254437871e-01 2.662721893491124536e-01 6.153846153846154188e-01 1.479289940828402332e-03 0.000000000000000000e+00
8.280000000000000000e+05 2.069959649576669225e-01 1.176604460628129234e-01 2.662721893491124536e-01 6.153846153846154188e-01 6.827492034592626399e-04 0.000000000000000000e+00
8.320000000000000000e+05 2.079959454647086758e-01 1.174328629949931702e-01 2.662721893491124536e-01 6.153846153846154188e-01 9.103322712790168532e-04 0.000000000000000000e+00
8.360000000000000000e+05 2.089959259717506512e-01 1.174328629949931702e-01 2.662721893491124536e-01 6.153846153846154188e-01 9.103322712790168532e-04 0.000000000000000000e+00
8.400000000000000000e+05 2.099959064787926266e-01 1.170914883932635403e-01 2.662721893491124536e-01 6.153846153846154188e-01 1.251706873008648227e-03 0.000000000000000000e+00
8.440000000000000000e+05 2.109958869858343800e-01 1.161811561219845274e-01 2.662721893491124536e-01 6.153846153846154188e-01 2.162039144287664864e-03 0.000000000000000000e+00
8.480000000000000000e+05 2.119958674928763553e-01 1.182294037323623065e-01 2.662721893491124536e-01 6.153846153846154188e-01 1.137915339098771066e-04 0.000000000000000000e+00
8.520000000000000000e+05 2.129958479999181087e-01 1.177742375967228000e-01 2.662721893491124536e-01 6.153846153846154188e-01 5.689576695493854790e-04 0.000000000000000000e+00
8.560000000000000000e+05 2.139958285069600841e-01 1.173190714610832935e-01 2.662721893491124536e-01 6.153846153846154188e-01 1.024123805188893906e-03 0.000000000000000000e+00
8.600000000000000000e+05 2.149958090140018374e-01 1.178880291306326766e-01 2.662721893491124536e-01 6.153846153846154188e-01 4.551661356395084266e-04 0.000000000000000000e+00
8.640000000000000000e+05 2.159957895210438128e-01 1.182294037323623065e-01 2.662721893491124536e-01 6.151570323167956378e-01 3.413746017296313199e-04 0.000000000000000000e+00
8.680000000000000000e+05 2.169957700280855661e-01 1.175466545289030468e-01 2.662721893491124536e-01 6.153846153846154188e-01 7.965407373691396923e-04 0.000000000000000000e+00
8.720000000000000000e+05 2.179957505351275415e-01 1.165225307237141572e-01 2.662721893491124536e-01 6.153846153846154188e-01 1.820664542558033706e-03 0.000000000000000000e+00
8.760000000000000000e+05 2.189957310421692949e-01 1.176604460628129234e-01 2.662721893491124536e-01 6.152708238507055283e-01 7.965407373691396923e-04 0.000000000000000000e+00
8.800000000000000000e+05 2.199957115492112703e-01 1.180018206645425533e-01 2.662721893491124536e-01 6.153846153846154188e-01 3.413746017296313199e-04 0.000000000000000000e+00
8.840000000000000000e+05 2.209956920562530236e-01 1.180018206645425533e-01 2.662721893491124536e-01 6.150432407828857473e-01 6.827492034592626399e-04 0.000000000000000000e+00
8.880000000000000000e+05 2.219956725632949990e-01 1.182294037323623065e-01 2.661583978152025631e-01 6.145880746472462963e-01 1.024123805188893906e-03 0.000000000000000000e+00
8.920000000000000000e+05 2.229956530703367523e-01 1.182294037323623065e-01 2.662721893491124536e-01 6.153846153846154188e-01 1.137915339098771066e-04 0.000000000000000000e+00
8.960000000000000000e+05 2.239956335773787277e-01 1.177742375967228000e-01 2.662721893491124536e-01 6.153846153846154188e-01 5.689576695493854790e-04 0.000000000000000000e+00
9.000000000000000000e+05 2.249956140844204810e-01 1.174328629949931702e-01 2.662721893491124536e-01 6.151570323167956378e-01 1.137915339098770958e-03 0.000000000000000000e+00
9.040000000000000000e+05 2.259955945914624564e-01 1.184569868001820597e-01 2.661583978152025631e-01 6.150432407828857473e-01 3.413746017296313199e-04 0.000000000000000000e+00
9.080000000000000000e+05 2.269955750985042098e-01 1.181156121984524299e-01 2.662721893491124536e-01 6.153846153846154188e-01 2.275830678197542133e-04 0.000000000000000000e+00
