# itime ezz other fcc hcp bcc ico
0.000000000000000000e+00 0.000000000000000000e+00 0.000000000000000000e+00 1.000000000000000000e+00 0.000000000000000000e+00 0.000000000000000000e+00 0.000000000000000000e+00
4.000000000000000000e+03 1.000060296422855544e-03 0.000000000000000000e+00 1.000000000000000000e+00 0.000000000000000000e+00 0.000000000000000000e+00 0.000000000000000000e+00
8.000000000000000000e+03 2.000120592845933132e-03 0.000000000000000000e+00 1.000000000000000000e+00 0.000000000000000000e+00 0.000000000000000000e+00 0.000000000000000000e+00
1.200000000000000000e+04 3.000180889268788675e-03 0.000000000000000000e+00 1.000000000000000000e+00 0.000000000000000000e+00 0.000000000000000000e+00 0.000000000000000000e+00
1.600000000000000000e+04 4.000241185691644219e-03 0.000000000000000000e+00 1.000000000000000000e+00 0.000000000000000000e+00 0.000000000000000000e+00 0.000000000000000000e+00
2.000000000000000000e+04 5.000301482114721807e-03 0.000000000000000000e+00 1.000000000000000000e+00 0.000000000000000000e+00 0.000000000000000000e+00 0.000000000000000000e+00
2.400000000000000000e+04 6.000361778537577351e-03 0.000000000000000000e+00 1.000000000000000000e+00 0.000000000000000000e+00 0.000000000000000000e+00 0.000000000000000000e+00
2.800000000000000000e+04 7.000422074960432894e-03 0.000000000000000000e+00 1.000000000000000000e+00 0.000000000000000000e+00 0.000000000000000000e+00 0.000000000000000000e+00
3.200000000000000000e+04 8.000482371383510483e-03 0.000000000000000000e+00 1.000000000000000000e+00 0.000000000000000000e+00 0.000000000000000000e+00 0.000000000000000000e+00
3.600000000000000000e+04 9.000542667806366026e-03 0.000000000000000000e+00 1.000000000000000000e+00 0.000000000000000000e+00 0.000000000000000000e+00 0.000000000000000000e+00
4.000000000000000000e+04 1.000060296422944361e-02 0.000000000000000000e+00 1.000000000000000000e+00 0.000000000000000000e+00 0.000000000000000000e+00 0.000000000000000000e+00
4.400000000000000000e+04 1.100066326065229916e-02 0.000000000000000000e+00 1.000000000000000000e+00 0.000000000000000000e+00 0.000000000000000000e+00 0.000000000000000000e+00
4.800000000000000000e+04 1.200072355707515470e-02 0.000000000000000000e+00 1.000000000000000000e+00 0.000000000000000000e+00 0.000000000000000000e+00 0.000000000000000000e+00
5.200000000000000000e+04 1.300078385349823229e-02 0.000000000000000000e+00 1.000000000000000000e+00 0.000000000000000000e+00 0.000000000000000000e+00 0.000000000000000000e+00
5.600000000000000000e+04 1.400084414992108783e-02 0.000000000000000000e+00 1.000000000000000000e+00 0.000000000000000000e+00 0.000000000000000000e+00 0.000000000000000000e+00
6.000000000000000000e+04 1.500090444634394338e-02 0.000000000000000000e+00 1.000000000000000000e+00 0.000000000000000000e+00 0.000000000000000000e+00 0.000000000000000000e+00
6.400000000000000000e+04 1.600096474276702097e-02 0.000000000000000000e+00 1.000000000000000000e+00 0.000000000000000000e+00 0.000000000000000000e+00 0.000000000000000000e+00
6.800000000000000000e+04 1.700102503918987651e-02 0.000000000000000000e+00 1.000000000000000000e+00 0.000000000000000000e+00 0.000000000000000000e+00 0.000000000000000000e+00
7.200000000000000000e+04 1.800108533561273205e-02 0.000000000000000000e+00 1.000000000000000000e+00 0.000000000000000000e+00 0.000000000000000000e+00 0.000000000000000000e+00
7.600000000000000000e+04 1.900114563203580964e-02 0.000000000000000000e+00 1.000000000000000000e+00 0.000000000000000000e+00 0.000000000000000000e+00 0.000000000000000000e+00
8.000000000000000000e+04 2.000120592845866518e-02 0.000000000000000000e+00 1.000000000000000000e+00 0.000000000000000000e+00 0.000000000000000000e+00 0.000000000000000000e+00
8.400000000000000000e+04 2.100126622488152073e-02 0.000000000000000000e+00 1.000000000000000000e+00 0.000000000000000000e+00 0.000000000000000000e+00 0.000000000000000000e+00
8.800000000000000000e+04 2.200132652130459832e-02 0.000000000000000000e+00 1.000000000000000000e+00 0.000000000000000000e+00 0.000000000000000000e+00 0.000000000000000000e+00
9.200000000000000000e+04 2.300138681772745386e-02 0.000000000000000000e+00 1.000000000000000000e+00 0.000000000000000000e+00 0.000000000000000000e+00 0.000000000000000000e+00
9.600000000000000000e+04 2.400144711415030940e-02 0.000000000000000000e+00 1.000000000000000000e+00 0.000000000000000000e+00 0.000000000000000000e+00 0.000000000000000000e+00
1.000000000000000000e+05 2.500150741057338699e-02 0.000000000000000000e+00 1.000000000000000000e+00 0.000000000000000000e+00 0.000000000000000000e+00 0.000000000000000000e+00
1.040000000000000000e+05 2.600156770699624253e-02 0.000000000000000000e+00 1.000000000000000000e+00 0.000000000000000000e+00 0.000000000000000000e+00 0.000000000000000000e+00
1.080000000000000000e+05 2.700162800341932012e-02 0.000000000000000000e+00 1.000000000000000000e+00 0.000000000000000000e+00 0.000000000000000000e+00 0.000000000000000000e+00
1.120000000000000000e+05 2.800168829984217567e-02 0.000000000000000000e+00 1.000000000000000000e+00 0.000000000000000000e+00 0.000000000000000000e+00 0.000000000000000000e+00
1.160000000000000000e+05 2.900174859626503121e-02 0.000000000000000000e+00 1.000000000000000000e+00 0.000000000000000000e+00 0.000000000000000000e+00 0.000000000000000000e+00
1.200000000000000000e+05 3.000180889268810880e-02 0.000000000000000000e+00 1.000000000000000000e+00 0.000000000000000000e+00 0.000000000000000000e+00 0.000000000000000000e+00
1.240000000000000000e+05 3.100186918911096434e-02 0.000000000000000000e+00 1.000000000000000000e+00 0.000000000000000000e+00 0.000000000000000000e+00 0.000000000000000000e+00
1.280000000000000000e+05 3.200192948553381989e-02 0.000000000000000000e+00 1.000000000000000000e+00 0.000000000000000000e+00 0.000000000000000000e+00 0.000000000000000000e+00
1.320000000000000000e+05 3.300198978195689747e-02 0.000000000000000000e+00 1.000000000000000000e+00 0.000000000000000000e+00 0.000000000000000000e+00 0.000000000000000000e+00
1.360000000000000000e+05 3.400205007837975302e-02 0.000000000000000000e+00 1.000000000000000000e+00 0.000000000000000000e+00 0.000000000000000000e+00 0.000000000000000000e+00
1.400000000000000000e+05 3.500211037480260856e-02 0.000000000000000000e+00 1.000000000000000000e+00 0.000000000000000000e+00 0.000000000000000000e+00 0.000000000000000000e+00
1.440000000000000000e+05 3.600217067122568615e-02 0.000000000000000000e+00 1.000000000000000000e+00 0.000000000000000000e+00 0.000000000000000000e+00 0.000000000000000000e+00
1.480000000000000000e+05 3.700223096764854169e-02 0.000000000000000000e+00 1.000000000000000000e+00 0.000000000000000000e+00 0.000000000000000000e+00 0.000000000000000000e+00
1.520000000000000000e+05 3.800229126407139724e-02 0.000000000000000000e+00 1.000000000000000000e+00 0.000000000000000000e+00 0.000000000000000000e+00 0.000000000000000000e+00
1.560000000000000000e+05 3.900235156049447482e-02 0.000000000000000000e+00 1.000000000000000000e+00 0.000000000000000000e+00 0.000000000000000000e+00 0.000000000000000000e+00
1.600000000000000000e+05 4.000241185691733037e-02 0.000000000000000000e+00 1.000000000000000000e+00 0.000000000000000000e+00 0.000000000000000000e+00 0.000000000000000000e+00
1.640000000000000000e+05 4.100247215334040796e-02 0.000000000000000000e+00 1.000000000000000000e+00 0.000000000000000000e+00 0.000000000000000000e+00 0.000000000000000000e+00
1.680000000000000000e+05 4.200253244976326350e-02 0.000000000000000000e+00 1.000000000000000000e+00 0.000000000000000000e+00 0.000000000000000000e+00 0.000000000000000000e+00
1.720000000000000000e+05 4.300259274618611904e-02 0.000000000000000000e+00 1.000000000000000000e+00 0.000000000000000000e+00 0.000000000000000000e+00 0.000000000000000000e+00
1.760000000000000000e+05 4.400265304260919663e-02 0.000000000000000000e+00 1.000000000000000000e+00 0.000000000000000000e+00 0.000000000000000000e+00 0.000000000000000000e+00
1.800000000000000000e+05 4.500271333903205218e-02 0.000000000000000000e+00 1.000000000000000000e+00 0.000000000000000000e+00 0.000000000000000000e+00 0.000000000000000000e+00
1.840000000000000000e+05 4.600277363545490772e-02 0.000000000000000000e+00 1.000000000000000000e+00 0.000000000000000000e+00 0.000000000000000000e+00 0.000000000000000000e+00
1.880000000000000000e+05 4.700283393187798531e-02 0.000000000000000000e+00 1.000000000000000000e+00 0.000000000000000000e+00 0.000000000000000000e+00 0.000000000000000000e+00
1.920000000000000000e+05 4.800289422830084085e-02 0.000000000000000000e+00 1.000000000000000000e+00 0.000000000000000000e+00 0.000000000000000000e+00 0.000000000000000000e+00
1.960000000000000000e+05 4.900295452472369639e-02 0.000000000000000000e+00 1.000000000000000000e+00 0.000000000000000000e+00 0.000000000000000000e+00 0.000000000000000000e+00
2.000000000000000000e+05 5.000301482114677398e-02 0.000000000000000000e+00 1.000000000000000000e+00 0.000000000000000000e+00 0.000000000000000000e+00 0.000000000000000000e+00
2.040000000000000000e+05 5.100307511756962953e-02 0.000000000000000000e+00 1.000000000000000000e+00 0.000000000000000000e+00 0.000000000000000000e+00 0.000000000000000000e+00
2.080000000000000000e+05 5.200313541399248507e-02 0.000000000000000000e+00 1.000000000000000000e+00 0.000000000000000000e+00 0.000000000000000000e+00 0.000000000000000000e+00
2.120000000000000000e+05 5.300319571041556266e-02 0.000000000000000000e+00 1.000000000000000000e+00 0.000000000000000000e+00 0.000000000000000000e+00 0.000000000000000000e+00
2.160000000000000000e+05 5.400325600683841820e-02 0.000000000000000000e+00 1.000000000000000000e+00 0.000000000000000000e+00 0.000000000000000000e+00 0.000000000000000000e+00
2.200000000000000000e+05 5.500331630326127375e-02 0.000000000000000000e+00 1.000000000000000000e+00 0.000000000000000000e+00 0.000000000000000000e+00 0.000000000000000000e+00
2.240000000000000000e+05 5.600337659968435133e-02 3.413746017296313199e-04 9.996586253982703285e-01 0.000000000000000000e+00 0.000000000000000000e+00 0.000000000000000000e+00
2.280000000000000000e+05 5.700343689610720688e-02 0.000000000000000000e+00 1.000000000000000000e+00 0.000000000000000000e+00 0.000000000000000000e+00 0.000000000000000000e+00
2.320000000000000000e+05 5.800349719253028447e-02 0.000000000000000000e+00 1.000000000000000000e+00 0.000000000000000000e+00 0.000000000000000000e+00 0.000000000000000000e+00
2.360000000000000000e+05 5.900355748895314001e-02 0.000000000000000000e+00 1.000000000000000000e+00 0.000000000000000000e+00 0.000000000000000000e+00 0.000000000000000000e+00
2.400000000000000000e+05 6.000361778537599555e-02 0.000000000000000000e+00 1.000000000000000000e+00 0.000000000000000000e+00 0.000000000000000000e+00 0.000000000000000000e+00
2.440000000000000000e+05 6.100367808179907314e-02 0.000000000000000000e+00 1.000000000000000000e+00 0.000000000000000000e+00 0.000000000000000000e+00 0.000000000000000000e+00
2.480000000000000000e+05 6.200373837822192868e-02 0.000000000000000000e+00 1.000000000000000000e+00 0.000000000000000000e+00 0.000000000000000000e+00 0.000000000000000000e+00
2.520000000000000000e+05 6.300379867464478423e-02 0.000000000000000000e+00 1.000000000000000000e+00 0.000000000000000000e+00 0.000000000000000000e+00 0.000000000000000000e+00
2.560000000000000000e+05 6.400385897106786182e-02 1.137915339098771066e-04 9.998862084660901095e-01 0.000000000000000000e+00 0.000000000000000000e+00 0.000000000000000000e+00
2.600000000000000000e+05 6.500391926749071736e-02 0.000000000000000000e+00 1.000000000000000000e+00 0.000000000000000000e+00 0.000000000000000000e+00 0.000000000000000000e+00
2.640000000000000000e+05 6.600397956391357290e-02 0.000000000000000000e+00 1.000000000000000000e+00 0.000000000000000000e+00 0.000000000000000000e+00 0.000000000000000000e+00
2.680000000000000000e+05 6.700403986033665049e-02 0.000000000000000000e+00 1.000000000000000000e+00 0.000000000000000000e+00 0.000000000000000000e+00 0.000000000000000000e+00
2.720000000000000000e+05 6.800410015675950604e-02 0.000000000000000000e+00 1.000000000000000000e+00 0.000000000000000000e+00 0.000000000000000000e+00 0.000000000000000000e+00
2.760000000000000000e+05 6.900416045318236158e-02 0.000000000000000000e+00 1.000000000000000000e+00 0.000000000000000000e+00 0.000000000000000000e+00 0.000000000000000000e+00
2.800000000000000000e+05 7.000422074960543917e-02 0.000000000000000000e+00 1.000000000000000000e+00 0.000000000000000000e+00 0.000000000000000000e+00 0.000000000000000000e+00
2.840000000000000000e+05 7.100428104602829471e-02 0.000000000000000000e+00 1.000000000000000000e+00 0.000000000000000000e+00 0.000000000000000000e+00 0.000000000000000000e+00
2.880000000000000000e+05 7.200434134245115025e-02 0.000000000000000000e+00 1.000000000000000000e+00 0.000000000000000000e+00 0.000000000000000000e+00 0.000000000000000000e+00
2.920000000000000000e+05 7.300440163887422784e-02 0.000000000000000000e+00 1.000000000000000000e+00 0.000000000000000000e+00 0.000000000000000000e+00 0.000000000000000000e+00
2.960000000000000000e+05 7.400446193529708339e-02 0.000000000000000000e+00 1.000000000000000000e+00 0.000000000000000000e+00 0.000000000000000000e+00 0.000000000000000000e+00
3.000000000000000000e+05 7.500452223172016097e-02 0.000000000000000000e+00 1.000000000000000000e+00 0.000000000000000000e+00 0.000000000000000000e+00 0.000000000000000000e+00
3.040000000000000000e+05 7.600458252814301652e-02 6.827492034592626399e-04 9.993172507965407680e-01 0.000000000000000000e+00 0.000000000000000000e+00 0.000000000000000000e+00
3.080000000000000000e+05 7.700464282456587206e-02 4.551661356395084266e-04 9.995448338643604380e-01 0.000000000000000000e+00 0.000000000000000000e+00 0.000000000000000000e+00
3.120000000000000000e+05 7.800470312098894965e-02 0.000000000000000000e+00 1.000000000000000000e+00 0.000000000000000000e+00 0.000000000000000000e+00 0.000000000000000000e+00
3.160000000000000000e+05 7.900476341741180519e-02 0.000000000000000000e+00 1.000000000000000000e+00 0.000000000000000000e+00 0.000000000000000000e+00 0.000000000000000000e+00
3.200000000000000000e+05 8.000482371383466074e-02 0.000000000000000000e+00 1.000000000000000000e+00 0.000000000000000000e+00 0.000000000000000000e+00 0.000000000000000000e+00
3.240000000000000000e+05 8.100488401025773832e-02 0.000000000000000000e+00 1.000000000000000000e+00 0.000000000000000000e+00 0.000000000000000000e+00 0.000000000000000000e+00
3.280000000000000000e+05 8.200494430668059387e-02 0.000000000000000000e+00 1.000000000000000000e+00 0.000000000000000000e+00 0.000000000000000000e+00 0.000000000000000000e+00
3.320000000000000000e+05 8.300500460310344941e-02 0.000000000000000000e+00 1.000000000000000000e+00 0.000000000000000000e+00 0.000000000000000000e+00 0.000000000000000000e+00
3.360000000000000000e+05 8.400506489952652700e-02 5.689576695493854790e-04 9.994310423304506585e-01 0.000000000000000000e+00 0.000000000000000000e+00 0.000000000000000000e+00
3.400000000000000000e+05 8.500512519594938254e-02 0.000000000000000000e+00 1.000000000000000000e+00 0.000000000000000000e+00 0.000000000000000000e+00 0.000000000000000000e+00
3.440000000000000000e+05 8.600518549237223809e-02 4.551661356395084266e-04 9.995448338643604380e-01 0.000000000000000000e+00 0.000000000000000000e+00 0.000000000000000000e+00
3.480000000000000000e+05 8.700524578879531568e-02 1.137915339098771066e-04 9.998862084660901095e-01 0.000000000000000000e+00 0.000000000000000000e+00 0.000000000000000000e+00
3.520000000000000000e+05 8.800530608521817122e-02 7.965407373691396923e-04 9.992034592626308775e-01 0.000000000000000000e+00 0.000000000000000000e+00 0.000000000000000000e+00
3.560000000000000000e+05 8.900536638164124881e-02 3.413746017296313199e-04 9.996586253982703285e-01 0.000000000000000000e+00 0.000000000000000000e+00 0.000000000000000000e+00
3.600000000000000000e+05 9.000542667806410435e-02 2.048247610377787811e-03 9.979517523896221931e-01 0.000000000000000000e+00 0.000000000000000000e+00 0.000000000000000000e+00
3.640000000000000000e+05 9.100548697448695989e-02 4.551661356395084266e-04 9.995448338643604380e-01 0.000000000000000000e+00 0.000000000000000000e+00 0.000000000000000000e+00
3.680000000000000000e+05 9.200554727091003748e-02 1.024123805188893906e-03 9.989758761948110966e-01 0.000000000000000000e+00 0.000000000000000000e+00 0.000000000000000000e+00
3.720000000000000000e+05 9.300560756733289303e-02 6.827492034592626399e-04 9.990896677287209870e-01 0.000000000000000000e+00 2.275830678197542133e-04 0.000000000000000000e+00
3.760000000000000000e+05 9.400566786375574857e-02 1.365498406918525280e-03 9.986345015930814251e-01 0.000000000000000000e+00 0.000000000000000000e+00 0.000000000000000000e+00
3.800000000000000000e+05 9.500572816017882616e-02 1.137915339098770958e-03 9.986345015930814251e-01 0.000000000000000000e+00 2.275830678197542133e-04 0.000000000000000000e+00
3.840000000000000000e+05 9.600578845660168170e-02 1.365498406918525280e-03 9.986345015930814251e-01 0.000000000000000000e+00 0.000000000000000000e+00 0.000000000000000000e+00
3.880000000000000000e+05 9.700584875302453725e-02 1.365498406918525280e-03 9.985207100591716456e-01 0.000000000000000000e+00 1.137915339098771066e-04 0.000000000000000000e+00
3.920000000000000000e+05 9.800590904944761483e-02 3.186162949476558769e-03 9.967000455166135087e-01 0.000000000000000000e+00 1.137915339098771066e-04 0.000000000000000000e+00
3.960000000000000000e+05 9.900596934587047038e-02 1.024123805188893906e-03 9.988620846609012061e-01 0.000000000000000000e+00 1.137915339098771066e-04 0.000000000000000000e+00
4.000000000000000000e+05 1.000060296422933259e-01 3.072371415566681717e-03 9.967000455166135087e-01 0.000000000000000000e+00 2.275830678197542133e-04 0.000000000000000000e+00
4.040000000000000000e+05 1.010060899387164035e-01 1.706873008648156654e-03 9.981793354574419741e-01 0.000000000000000000e+00 1.137915339098771066e-04 0.000000000000000000e+00
4.080000000000000000e+05 1.020061502351392591e-01 4.551661356395083832e-03 9.951069640418752638e-01 0.000000000000000000e+00 3.413746017296313199e-04 0.000000000000000000e+00
4.120000000000000000e+05 1.030062105315621146e-01 3.186162949476558769e-03 9.965862539827037292e-01 0.000000000000000000e+00 2.275830678197542133e-04 0.000000000000000000e+00
4.160000000000000000e+05 1.040062708279851922e-01 7.396449704142011444e-03 9.923759672280382249e-01 0.000000000000000000e+00 2.275830678197542133e-04 0.000000000000000000e+00
4.200000000000000000e+05 1.050063311244080477e-01 6.941283568502503235e-03 9.924897587619481154e-01 0.000000000000000000e+00 5.689576695493854790e-04 0.000000000000000000e+00
4.240000000000000000e+05 1.060063914208311253e-01 1.217569412835685025e-02 9.872553482020938187e-01 0.000000000000000000e+00 5.689576695493854790e-04 0.000000000000000000e+00
4.280000000000000000e+05 1.070064517172539809e-01 6.531634046426945672e-02 7.899408284023669014e-01 1.399635867091488517e-01 4.779244424214838804e-03 0.000000000000000000e+00
4.320000000000000000e+05 1.080065120136768364e-01 5.234410559854346667e-02 8.105370960400546387e-01 1.321119708693673234e-01 5.006827492034592909e-03 0.000000000000000000e+00
4.360000000000000000e+05 1.090065723100999140e-01 5.450614474283113631e-02 8.079198907601274904e-01 1.324533454710969393e-01 5.120619025944469528e-03 0.000000000000000000e+00
4.400000000000000000e+05 1.100066326065227695e-01 4.870277651342740100e-02 8.108784706417841992e-01 1.342740100136549930e-01 6.144742831133363434e-03 0.000000000000000000e+00
4.440000000000000000e+05 1.110066929029456251e-01 4.836140191169777114e-02 8.109922621756940897e-01 1.337050523441055960e-01 6.941283568502503235e-03 0.000000000000000000e+00
4.480000000000000000e+05 1.120067531993687027e-01 4.995448338643605074e-02 8.107646791078744197e-01 1.334774692762858428e-01 5.803368229403732710e-03 0.000000000000000000e+00
4.520000000000000000e+05 1.130068134957915582e-01 5.120619025944470049e-02 8.080336822940372699e-01 1.357532999544833752e-01 5.006827492034592909e-03 0.000000000000000000e+00
4.560000000000000000e+05 1.140068737922144138e-01 4.858898497951752438e-02 8.100819299044150767e-01 1.354119253527537592e-01 5.917159763313609329e-03 0.000000000000000000e+00
4.600000000000000000e+05 1.150069340886374913e-01 4.688211197086936816e-02 8.101957214383249672e-01 1.365498406918525254e-01 6.372325898953117539e-03 0.000000000000000000e+00
4.640000000000000000e+05 1.160069943850603469e-01 4.893035958124715423e-02 8.088302230314065033e-01 1.388256713700500578e-01 3.413746017296313308e-03 0.000000000000000000e+00
4.680000000000000000e+05 1.170070546814832024e-01 5.040964952207555722e-02 8.053026854802002310e-01 1.407601274465179741e-01 3.527537551206190360e-03 0.000000000000000000e+00
4.720000000000000000e+05 1.180071149779062800e-01 5.166135639508420696e-02 8.058716431497496835e-01 1.395084205735093175e-01 2.958579881656804664e-03 0.000000000000000000e+00
4.760000000000000000e+05 1.190071752743291356e-01 2.901684114701866268e-02 9.556213017751479244e-01 1.399635867091488309e-02 1.365498406918525280e-03 0.000000000000000000e+00
4.800000000000000000e+05 1.200072355707519911e-01 3.106508875739644876e-02 9.550523441055985829e-01 1.263086026399635846e-02 1.251706873008648227e-03 0.000000000000000000e+00
4.840000000000000000e+05 1.210072958671750687e-01 2.913063268092853930e-02 9.549385525716886924e-01 1.479289940828402289e-02 1.137915339098770958e-03 0.000000000000000000e+00
4.880000000000000000e+05 1.220073561635979242e-01 3.004096495220755572e-02 9.563040509786071564e-01 1.285844333181611343e-02 7.965407373691396923e-04 0.000000000000000000e+00
4.920000000000000000e+05 1.230074164600210018e-01 3.060992262175694228e-02 9.555075102412380339e-01 1.297223486572599005e-02 9.103322712790168532e-04 0.000000000000000000e+00
4.960000000000000000e+05 1.240074767564438574e-01 3.197542102867546865e-02 9.543695949021392400e-01 1.297223486572599005e-02 6.827492034592626399e-04 0.000000000000000000e+00
5.000000000000000000e+05 1.250075370528667129e-01 3.026854802002730896e-02 9.556213017751479244e-01 1.263086026399635846e-02 1.479289940828402332e-03 0.000000000000000000e+00
5.040000000000000000e+05 1.260075973492897905e-01 3.026854802002730896e-02 9.552799271734182529e-01 1.308602639963586667e-02 1.365498406918525280e-03 0.000000000000000000e+00
5.080000000000000000e+05 1.270076576457126460e-01 3.015475648611743234e-02 9.540282203004096795e-01 1.411015020482476144e-02 1.706873008648156654e-03 0.000000000000000000e+00
5.120000000000000000e+05 1.280077179421355016e-01 3.060992262175694228e-02 9.559626763768775959e-01 1.217569412835685025e-02 1.251706873008648227e-03 0.000000000000000000e+00
5.160000000000000000e+05 1.290077782385585792e-01 2.765134274010013632e-02 9.591488393263540857e-01 1.194811106053709528e-02 1.251706873008648227e-03 0.000000000000000000e+00
5.200000000000000000e+05 1.300078385349814347e-01 2.878925807919890598e-02 9.578971324533455123e-01 1.228948566226672687e-02 1.024123805188893906e-03 0.000000000000000000e+00
5.240000000000000000e+05 1.310078988314042903e-01 2.913063268092853930e-02 9.553937187073281434e-01 1.399635867091488309e-02 1.479289940828402332e-03 0.000000000000000000e+00
5.280000000000000000e+05 1.320079591278273679e-01 2.913063268092853930e-02 9.581247155211651823e-01 1.160673645880746542e-02 1.137915339098770958e-03 0.000000000000000000e+00
5.320000000000000000e+05 1.330080194242502234e-01 2.947200728265816916e-02 9.563040509786071564e-01 1.319981793354574502e-02 1.024123805188893906e-03 0.000000000000000000e+00
5.360000000000000000e+05 1.340080797206730789e-01 2.947200728265816916e-02 9.556213017751479244e-01 1.354119253527537488e-02 1.365498406918525280e-03 0.000000000000000000e+00
5.400000000000000000e+05 1.350081400170961565e-01 2.913063268092853930e-02 9.566454255803368278e-01 1.297223486572599005e-02 1.251706873008648227e-03 0.000000000000000000e+00
5.440000000000000000e+05 1.360082003135190121e-01 2.969959035047792587e-02 9.565316340464269373e-01 1.285844333181611343e-02 9.103322712790168532e-04 0.000000000000000000e+00
5.480000000000000000e+05 1.370082606099420897e-01 2.867546654528902936e-02 9.571005917159762788e-01 1.228948566226672687e-02 1.934456076467910759e-03 0.000000000000000000e+00
5.520000000000000000e+05 1.380083209063649452e-01 2.992717341829767910e-02 9.556213017751479244e-01 1.354119253527537488e-02 9.103322712790168532e-04 0.000000000000000000e+00
5.560000000000000000e+05 1.390083812027878007e-01 2.856167501137915274e-02 9.567592171142467183e-01 1.308602639963586667e-02 1.593081474738279385e-03 0.000000000000000000e+00
5.600000000000000000e+05 1.400084414992108783e-01 3.117888029130632538e-02 9.534592626308602270e-01 1.422394173873463806e-02 1.137915339098770958e-03 0.000000000000000000e+00
5.640000000000000000e+05 1.410085017956337339e-01 2.913063268092853930e-02 9.556213017751479244e-01 1.274465179790623508e-02 2.503413746017296455e-03 0.000000000000000000e+00
5.680000000000000000e+05 1.420085620920565894e-01 3.015475648611743234e-02 9.540282203004096795e-01 1.445152480655439303e-02 1.365498406918525280e-03 0.000000000000000000e+00
5.720000000000000000e+05 1.430086223884796670e-01 2.992717341829767910e-02 9.553937187073281434e-01 1.297223486572599005e-02 1.706873008648156654e-03 0.000000000000000000e+00
5.760000000000000000e+05 1.440086826849025226e-01 3.038233955393718558e-02 9.543695949021392400e-01 1.388256713700500647e-02 1.365498406918525280e-03 0.000000000000000000e+00
5.800000000000000000e+05 1.450087429813253781e-01 2.867546654528902936e-02 9.557350933090578149e-01 1.388256713700500647e-02 1.706873008648156654e-03 0.000000000000000000e+00
5.840000000000000000e+05 1.460088032777484557e-01 3.083750568957669552e-02 9.541420118343195700e-01 1.354119253527537488e-02 1.479289940828402332e-03 0.000000000000000000e+00
5.880000000000000000e+05 1.470088635741713112e-01 3.004096495220755572e-02 9.552799271734182529e-01 1.354119253527537488e-02 1.137915339098770958e-03 0.000000000000000000e+00
5.920000000000000000e+05 1.480089238705941668e-01 3.072371415566681890e-02 9.555075102412380339e-01 1.240327719617660522e-02 1.365498406918525280e-03 0.000000000000000000e+00
5.960000000000000000e+05 1.490089841670172444e-01 3.026854802002730896e-02 9.533454710969503365e-01 1.513427401001365448e-02 1.251706873008648227e-03 0.000000000000000000e+00
6.000000000000000000e+05 1.500090444634400999e-01 2.958579881656804578e-02 9.553937187073281434e-01 1.342740100136549826e-02 1.593081474738279385e-03 0.000000000000000000e+00
6.040000000000000000e+05 1.510091047598629554e-01 3.129267182521620200e-02 9.542558033682293495e-01 1.342740100136549826e-02 1.024123805188893906e-03 0.000000000000000000e+00
6.080000000000000000e+05 1.520091650562860330e-01 3.106508875739644876e-02 9.541420118343195700e-01 1.263086026399635846e-02 2.162039144287664864e-03 0.000000000000000000e+00
6.120000000000000000e+05 1.530092253527088886e-01 3.015475648611743234e-02 9.533454710969503365e-01 1.422394173873463806e-02 2.275830678197541916e-03 0.000000000000000000e+00
6.160000000000000000e+05 1.540092856491319662e-01 3.060992262175694228e-02 9.538006372325898985e-01 1.388256713700500647e-02 1.706873008648156654e-03 0.000000000000000000e+00
6.200000000000000000e+05 1.550093459455548217e-01 3.004096495220755572e-02 9.527765134274009950e-01 1.490669094219390124e-02 2.275830678197541916e-03 0.000000000000000000e+00
6.240000000000000000e+05 1.560094062419776773e-01 3.231679563040509851e-02 9.500455166135639562e-01 1.638598088302230249e-02 1.251706873008648227e-03 0.000000000000000000e+00
6.280000000000000000e+05 1.570094665384007548e-01 2.969959035047792587e-02 9.549385525716886924e-01 1.342740100136549826e-02 1.934456076467910759e-03 0.000000000000000000e+00
6.320000000000000000e+05 1.580095268348236104e-01 3.174783796085571541e-02 9.510696404187528596e-01 1.524806554392353283e-02 1.934456076467910759e-03 0.000000000000000000e+00
6.360000000000000000e+05 1.590095871312464659e-01 3.072371415566681890e-02 9.508420573509330787e-01 1.615839781520254925e-02 2.275830678197541916e-03 0.000000000000000000e+00
6.400000000000000000e+05 1.600096474276695435e-01 3.083750568957669552e-02 9.501593081474738467e-01 1.684114701866181243e-02 2.162039144287664864e-03 0.000000000000000000e+00
6.440000000000000000e+05 1.610097077240923991e-01 3.106508875739644876e-02 9.522075557578516536e-01 1.502048247610377786e-02 1.706873008648156654e-03 0.000000000000000000e+00
6.480000000000000000e+05 1.620097680205152546e-01 3.254437869822485174e-02 9.476558944014564778e-01 1.820664542558033533e-02 1.593081474738279385e-03 0.000000000000000000e+00
6.520000000000000000e+05 1.630098283169383322e-01 3.208921256258534527e-02 9.498179335457441752e-01 1.684114701866181243e-02 1.251706873008648227e-03 0.000000000000000000e+00
6.560000000000000000e+05 1.640098886133611877e-01 3.186162949476559203e-02 9.482248520710059303e-01 1.741010468821119553e-02 2.503413746017296455e-03 0.000000000000000000e+00
6.600000000000000000e+05 1.650099489097840433e-01 3.368229403732362487e-02 9.444697314519799880e-01 1.866181156121984527e-02 3.186162949476558769e-03 0.000000000000000000e+00
6.640000000000000000e+05 1.660100092062071209e-01 3.140646335912607862e-02 9.443559399180700975e-01 2.036868456986800149e-02 3.868912152935821518e-03 0.000000000000000000e+00
6.680000000000000000e+05 1.670100695026299764e-01 3.447883477469276120e-02 9.449248975876194390e-01 1.820664542558033533e-02 2.389622212107419402e-03 0.000000000000000000e+00
6.720000000000000000e+05 1.680101297990528320e-01 4.619936276741010150e-02 8.390987710514338227e-01 1.059399180700955900e-01 8.761948111060537808e-03 0.000000000000000000e+00
6.760000000000000000e+05 1.690101900954759095e-01 4.255803368229403583e-02 8.384160218479744797e-01 1.081019572143832458e-01 1.092398725534820224e-02 0.000000000000000000e+00
6.800000000000000000e+05 1.700102503918987651e-01 4.528903049613108855e-02 8.348884842967683184e-01 1.103777878925807920e-01 9.444697314519799256e-03 0.000000000000000000e+00
6.840000000000000000e+05 1.710103106883218427e-01 4.915794264906690747e-02 8.396677287209831642e-01 1.042330450614474269e-01 6.941283568502503235e-03 0.000000000000000000e+00
6.880000000000000000e+05 1.720103709847446982e-01 4.699590350477924477e-02 8.376194811106053573e-01 1.052571688666363164e-01 1.012744651797906244e-02 0.000000000000000000e+00
6.920000000000000000e+05 1.730104312811675538e-01 4.415111515703231543e-02 8.386436049157942607e-01 1.076467910787437393e-01 9.558488848429677609e-03 0.000000000000000000e+00
6.960000000000000000e+05 1.740104915775906314e-01 4.631315430131998506e-02 8.409194355939918486e-01 1.040054619936276736e-01 8.761948111060537808e-03 0.000000000000000000e+00
7.000000000000000000e+05 1.750105518740134869e-01 4.688211197086936816e-02 8.359126081019572219e-01 1.063950842057350965e-01 1.081019572143832562e-02 0.000000000000000000e+00
7.040000000000000000e+05 1.760106121704363424e-01 4.802002730996814128e-02 8.381884387801548097e-01 1.066226672735548497e-01 7.168866636322257339e-03 0.000000000000000000e+00
7.080000000000000000e+05 1.770106724668594200e-01 4.984069185252617412e-02 8.343195266272189770e-01 1.068502503413746030e-01 8.989531178880291046e-03 0.000000000000000000e+00
7.120000000000000000e+05 1.780107327632822756e-01 4.585798816568047165e-02 8.409194355939918486e-01 1.036640873918980438e-01 9.558488848429677609e-03 0.000000000000000000e+00
7.160000000000000000e+05 1.790107930597051311e-01 4.733727810650887463e-02 8.386436049157942607e-01 1.050295857988165632e-01 8.989531178880291046e-03 0.000000000000000000e+00
7.200000000000000000e+05 1.800108533561282087e-01 4.665452890304961492e-02 8.379608557123350288e-01 1.063950842057350965e-01 8.989531178880291046e-03 0.000000000000000000e+00
7.240000000000000000e+05 1.810109136525510642e-01 4.972690031861629750e-02 8.340919435593991960e-01 1.081019572143832458e-01 8.079198907601274626e-03 0.000000000000000000e+00
7.280000000000000000e+05 1.820109739489739198e-01 4.972690031861629750e-02 8.452435138825671324e-01 9.695038689121529552e-02 8.079198907601274626e-03 0.000000000000000000e+00
7.320000000000000000e+05 1.830110342453969974e-01 4.585798816568047165e-02 8.477469276285843902e-01 9.786071916249430847e-02 8.534365043240782836e-03 0.000000000000000000e+00
7.360000000000000000e+05 1.840110945418198529e-01 4.858898497951752438e-02 8.410332271279017391e-01 1.016158397815202508e-01 8.761948111060537808e-03 0.000000000000000000e+00
7.400000000000000000e+05 1.850111548382429305e-01 4.756486117432862787e-02 8.484296768320437332e-01 9.638142922166591242e-02 7.624032771961766417e-03 0.000000000000000000e+00
7.440000000000000000e+05 1.860112151346657861e-01 4.949931725079653733e-02 8.536640873918980299e-01 8.818843878015475424e-02 8.648156577150659455e-03 0.000000000000000000e+00
7.480000000000000000e+05 1.870112754310886416e-01 5.040964952207555722e-02 8.581019572143832042e-01 8.500227583067819503e-02 6.486117432862995025e-03 0.000000000000000000e+00
7.520000000000000000e+05 1.880113357275117192e-01 4.938552571688666071e-02 8.601502048247610110e-01 8.067819754210286964e-02 9.786071916249430847e-03 0.000000000000000000e+00
7.560000000000000000e+05 1.890113960239345747e-01 5.097860719162494031e-02 8.649294492489758568e-01 7.521620391442876419e-02 8.875739644970414427e-03 0.000000000000000000e+00
7.600000000000000000e+05 1.900114563203574303e-01 4.938552571688666071e-02 8.675466545289030051e-01 7.419208010923987462e-02 8.875739644970414427e-03 0.000000000000000000e+00
7.640000000000000000e+05 1.910115166167805079e-01 5.234410559854346667e-02 8.724396904870277414e-01 6.725079654073737312e-02 7.965407373691398007e-03 0.000000000000000000e+00
7.680000000000000000e+05 1.920115769132033634e-01 5.325443786982248656e-02 8.683431952662722386e-01 7.100591715976331542e-02 7.396449704142011444e-03 0.000000000000000000e+00
7.720000000000000000e+05 1.930116372096262189e-01 5.223031406463359005e-02 8.764223941738734647e-01 6.554392353208920996e-02 5.803368229403732710e-03 0.000000000000000000e+00
7.760000000000000000e+05 1.940116975060492965e-01 6.121984524351388457e-02 8.791533909877105035e-01 5.587164314974965573e-02 3.755120619025944465e-03 0.000000000000000000e+00
7.800000000000000000e+05 1.950117578024721521e-01 4.881656804733727761e-02 8.550295857988166048e-01 8.796085571233500100e-02 8.192990441511151245e-03 0.000000000000000000e+00
7.840000000000000000e+05 1.960118180988950076e-01 4.483386436049158208e-02 8.530951297223486884e-01 9.182976786527081992e-02 1.024123805188893906e-02 0.000000000000000000e+00
7.880000000000000000e+05 1.970118783953180852e-01 4.813381884387801790e-02 8.592398725534819981e-01 8.352298588984979899e-02 9.103322712790167665e-03 0.000000000000000000e+00
7.920000000000000000e+05 1.980119386917409408e-01 4.358215748748293233e-02 8.576467910787437532e-01 8.921256258534364381e-02 9.558488848429677609e-03 0.000000000000000000e+00
7.960000000000000000e+05 1.990119989881637963e-01 4.790623577605826466e-02 8.529813381884387979e-01 9.046426945835230049e-02 8.648156577150659455e-03 0.000000000000000000e+00
8.000000000000000000e+05 2.000120592845868739e-01 4.642694583522986168e-02 8.559399180700956178e-01 8.909877105143376719e-02 8.534365043240782836e-03 0.000000000000000000e+00
8.040000000000000000e+05 2.010121195810097294e-01 4.597177969959034827e-02 8.535502958579881394e-01 9.228493400091032639e-02 8.192990441511151245e-03 0.000000000000000000e+00
8.080000000000000000e+05 2.020121798774328070e-01 4.631315430131998506e-02 8.530951297223486884e-01 9.205735093309057315e-02 8.534365043240782836e-03 0.000000000000000000e+00
8.120000000000000000e+05 2.030122401738556626e-01 4.870277651342740100e-02 8.521847974510696755e-01 9.251251706873007963e-02 6.599908966772872511e-03 0.000000000000000000e+00
8.160000000000000000e+05 2.040123004702785181e-01 5.075102412380518707e-02 8.502503413746017591e-01 9.126081019572143682e-02 7.737824305871643035e-03 0.000000000000000000e+00
8.200000000000000000e+05 2.050123607667015957e-01 4.870277651342740100e-02 8.513882567137005530e-01 9.160218479745106668e-02 8.306781975421027864e-03 0.000000000000000000e+00
8.240000000000000000e+05 2.060124210631244512e-01 4.631315430131998506e-02 8.536640873918980299e-01 9.137460172963131344e-02 8.648156577150659455e-03 0.000000000000000000e+00
8.280000000000000000e+05 2.070124813595473068e-01 4.767865270823850449e-02 8.524123805188893455e-01 9.205735093309057315e-02 7.851615839781519654e-03 0.000000000000000000e+00
8.320000000000000000e+05 2.080125416559703844e-01 4.938552571688666071e-02 8.509330905780609910e-01 9.251251706873007963e-02 7.168866636322257339e-03 0.000000000000000000e+00
8.360000000000000000e+05 2.090126019523932399e-01 4.904415111515703085e-02 8.458124715521164738e-01 9.729176149294492537e-02 7.851615839781519654e-03 0.000000000000000000e+00
8.400000000000000000e+05 2.100126622488160955e-01 4.847519344560764776e-02 8.536640873918980299e-01 9.057806099226217711e-02 7.282658170232134826e-03 0.000000000000000000e+00
8.440000000000000000e+05 2.110127225452391730e-01 4.745106964041875125e-02 8.502503413746017591e-01 9.433318161128811941e-02 7.965407373691398007e-03 0.000000000000000000e+00
8.480000000000000000e+05 2.120127828416620286e-01 4.938552571688666071e-02 8.530951297223486884e-01 9.057806099226217711e-02 6.941283568502503235e-03 0.000000000000000000e+00
8.520000000000000000e+05 2.130128431380848841e-01 4.790623577605826466e-02 8.487710514337732937e-01 9.638142922166591242e-02 6.941283568502503235e-03 0.000000000000000000e+00
8.560000000000000000e+05 2.140129034345079617e-01 5.006827492034592736e-02 8.521847974510696755e-01 8.966772872098316416e-02 8.079198907601274626e-03 0.000000000000000000e+00
8.600000000000000000e+05 2.150129637309308173e-01 4.893035958124715423e-02 8.485434683659536237e-01 9.490213928083750250e-02 7.624032771961766417e-03 0.000000000000000000e+00
8.640000000000000000e+05 2.160130240273536728e-01 4.984069185252617412e-02 8.494538006372326366e-01 9.274010013654984674e-02 7.965407373691398007e-03 0.000000000000000000e+00
8.680000000000000000e+05 2.170130843237767504e-01 4.858898497951752438e-02 8.530951297223486884e-01 9.091943559399180697e-02 7.396449704142011444e-03 0.000000000000000000e+00
8.720000000000000000e+05 2.180131446201996059e-01 4.619936276741010150e-02 8.532089212562585789e-01 9.182976786527081992e-02 8.761948111060537808e-03 0.000000000000000000e+00
8.760000000000000000e+05 2.190132049166226835e-01 4.904415111515703085e-02 8.521847974510696755e-01 9.228493400091032639e-02 6.486117432862995025e-03 0.000000000000000000e+00
8.800000000000000000e+05 2.200132652130455391e-01 4.995448338643605074e-02 8.484296768320437332e-01 9.421939007737824279e-02 7.396449704142011444e-03 0.000000000000000000e+00
8.840000000000000000e+05 2.210133255094683946e-01 4.858898497951752438e-02 8.516158397815202230e-01 9.126081019572143682e-02 8.534365043240782836e-03 0.000000000000000000e+00
8.880000000000000000e+05 2.220133858058914722e-01 5.097860719162494031e-02 8.509330905780609910e-01 9.182976786527081992e-02 6.258534365043240920e-03 0.000000000000000000e+00
8.920000000000000000e+05 2.230134461023143277e-01 5.063723258989531045e-02 8.536640873918980299e-01 8.864360491579426071e-02 7.055075102412380721e-03 0.000000000000000000e+00
8.960000000000000000e+05 2.240135063987371833e-01 4.870277651342740100e-02 8.551433773327264953e-01 9.012289485662267063e-02 6.030951297223486815e-03 0.000000000000000000e+00
9.000000000000000000e+05 2.250135666951602609e-01 4.938552571688666071e-02 8.567364588074647402e-01 8.625398270368685172e-02 7.624032771961766417e-03 0.000000000000000000e+00
9.040000000000000000e+05 2.260136269915831164e-01 5.040964952207555722e-02 8.636777423759672834e-01 8.022303140646336317e-02 5.689576695493855224e-03 0.000000000000000000e+00
9.080000000000000000e+05 2.270136872880059720e-01 5.029585798816568060e-02 8.617432862994993670e-01 8.215748748293126569e-02 5.803368229403732710e-03 0.000000000000000000e+00
