# itime ezz other fcc hcp bcc ico
0.000000000000000000e+00 0.000000000000000000e+00 7.965407373691396923e-04 9.992034592626308775e-01 0.000000000000000000e+00 0.000000000000000000e+00 0.000000000000000000e+00
2.500000000000000000e+01 9.999574002630406966e-04 6.827492034592626399e-04 9.993172507965407680e-01 0.000000000000000000e+00 0.000000000000000000e+00 0.000000000000000000e+00
5.000000000000000000e+01 1.999914800525859349e-03 1.479289940828402332e-03 9.985207100591716456e-01 0.000000000000000000e+00 0.000000000000000000e+00 0.000000000000000000e+00
7.500000000000000000e+01 2.999872200788900045e-03 3.413746017296313199e-04 9.996586253982703285e-01 0.000000000000000000e+00 0.000000000000000000e+00 0.000000000000000000e+00
1.000000000000000000e+02 3.999829601051718697e-03 6.827492034592626399e-04 9.993172507965407680e-01 0.000000000000000000e+00 0.000000000000000000e+00 0.000000000000000000e+00
1.250000000000000000e+02 4.999787001314759394e-03 2.162039144287664864e-03 9.978379608557123026e-01 0.000000000000000000e+00 0.000000000000000000e+00 0.000000000000000000e+00
1.500000000000000000e+02 5.999744401577578046e-03 1.137915339098770958e-03 9.988620846609012061e-01 0.000000000000000000e+00 0.000000000000000000e+00 0.000000000000000000e+00
1.750000000000000000e+02 6.999701801840618742e-03 7.965407373691396923e-04 9.992034592626308775e-01 0.000000000000000000e+00 0.000000000000000000e+00 0.000000000000000000e+00
2.000000000000000000e+02 7.999659202103437394e-03 2.162039144287664864e-03 9.978379608557123026e-01 0.000000000000000000e+00 0.000000000000000000e+00 0.000000000000000000e+00
2.250000000000000000e+02 8.999616602366478091e-03 1.706873008648156654e-03 9.981793354574419741e-01 0.000000000000000000e+00 1.137915339098771066e-04 0.000000000000000000e+00
2.500000000000000000e+02 9.999574002629296743e-03 1.137915339098771066e-04 9.998862084660901095e-01 0.000000000000000000e+00 0.000000000000000000e+00 0.000000000000000000e+00
2.750000000000000000e+02 1.099953140289233744e-02 1.820664542558033706e-03 9.981793354574419741e-01 0.000000000000000000e+00 0.000000000000000000e+00 0.000000000000000000e+00
3.000000000000000000e+02 1.199948880315515609e-02 4.551661356395084266e-04 9.995448338643604380e-01 0.000000000000000000e+00 0.000000000000000000e+00 0.000000000000000000e+00
3.250000000000000000e+02 1.299944620341819679e-02 1.365498406918525280e-03 9.985207100591716456e-01 0.000000000000000000e+00 1.137915339098771066e-04 0.000000000000000000e+00
3.500000000000000000e+02 1.399940360368101544e-02 1.251706873008648227e-03 9.987482931269913156e-01 0.000000000000000000e+00 0.000000000000000000e+00 0.000000000000000000e+00
3.750000000000000000e+02 1.499936100394405614e-02 9.103322712790168532e-04 9.990896677287209870e-01 0.000000000000000000e+00 0.000000000000000000e+00 0.000000000000000000e+00
4.000000000000000000e+02 1.599931840420687479e-02 2.730996813837050560e-03 9.972690031861629611e-01 0.000000000000000000e+00 0.000000000000000000e+00 0.000000000000000000e+00
4.250000000000000000e+02 1.699927580446991549e-02 2.275830678197542133e-04 9.997724169321802190e-01 0.000000000000000000e+00 0.000000000000000000e+00 0.000000000000000000e+00
4.500000000000000000e+02 1.799923320473273414e-02 3.072371415566681717e-03 9.968138370505233992e-01 0.000000000000000000e+00 1.137915339098771066e-04 0.000000000000000000e+00
4.750000000000000000e+02 1.899919060499577483e-02 1.820664542558033706e-03 9.981793354574419741e-01 0.000000000000000000e+00 0.000000000000000000e+00 0.000000000000000000e+00
5.000000000000000000e+02 1.999914800525881553e-02 2.275830678197541916e-03 9.977241693218024121e-01 0.000000000000000000e+00 0.000000000000000000e+00 0.000000000000000000e+00
5.250000000000000000e+02 2.099910540552163418e-02 1.706873008648156654e-03 9.982931269913518646e-01 0.000000000000000000e+00 0.000000000000000000e+00 0.000000000000000000e+00
5.500000000000000000e+02 2.199906280578467488e-02 2.389622212107419402e-03 9.976103777878926326e-01 0.000000000000000000e+00 0.000000000000000000e+00 0.000000000000000000e+00
5.750000000000000000e+02 2.299902020604749353e-02 3.982703686845699004e-03 9.959035047792443862e-01 0.000000000000000000e+00 1.137915339098771066e-04 0.000000000000000000e+00
6.000000000000000000e+02 2.399897760631053423e-02 5.461993627674101119e-03 9.943104233045061413e-01 0.000000000000000000e+00 2.275830678197542133e-04 0.000000000000000000e+00
6.250000000000000000e+02 2.499893500657335288e-02 2.730996813837050560e-03 9.972690031861629611e-01 0.000000000000000000e+00 0.000000000000000000e+00 0.000000000000000000e+00
6.500000000000000000e+02 2.599889240683639358e-02 2.958579881656804664e-03 9.970414201183431802e-01 0.000000000000000000e+00 0.000000000000000000e+00 0.000000000000000000e+00
6.750000000000000000e+02 2.699884980709921223e-02 3.186162949476558769e-03 9.967000455166135087e-01 0.000000000000000000e+00 1.137915339098771066e-04 0.000000000000000000e+00
7.000000000000000000e+02 2.799880720736225292e-02 5.120619025944469528e-03 9.948793809740554828e-01 0.000000000000000000e+00 0.000000000000000000e+00 0.000000000000000000e+00
7.250000000000000000e+02 2.899876460762507158e-02 2.503413746017296455e-03 9.973827947200728516e-01 0.000000000000000000e+00 1.137915339098771066e-04 0.000000000000000000e+00
7.500000000000000000e+02 2.999872200788811227e-02 5.234410559854347014e-03 9.944242148384160318e-01 0.000000000000000000e+00 3.413746017296313199e-04 0.000000000000000000e+00
7.750000000000000000e+02 3.099867940815093093e-02 6.144742831133363434e-03 9.937414656349567998e-01 0.000000000000000000e+00 1.137915339098771066e-04 0.000000000000000000e+00
8.000000000000000000e+02 3.199863680841397162e-02 5.234410559854347014e-03 9.946517979062358128e-01 0.000000000000000000e+00 1.137915339098771066e-04 0.000000000000000000e+00
8.250000000000000000e+02 3.299859420867679027e-02 3.072371415566681717e-03 9.968138370505233992e-01 0.000000000000000000e+00 1.137915339098771066e-04 0.000000000000000000e+00
8.500000000000000000e+02 3.399855160893983097e-02 3.982703686845699004e-03 9.959035047792443862e-01 0.000000000000000000e+00 1.137915339098771066e-04 0.000000000000000000e+00
8.750000000000000000e+02 3.499850900920264962e-02 4.893035958124715423e-03 9.948793809740554828e-01 0.000000000000000000e+00 2.275830678197542133e-04 0.000000000000000000e+00
9.000000000000000000e+02 3.599846640946569032e-02 9.786071916249430847e-03 9.899863450159308575e-01 0.000000000000000000e+00 2.275830678197542133e-04 0.000000000000000000e+00
9.250000000000000000e+02 3.699842380972850897e-02 4.096495220755575623e-03 9.957897132453344957e-01 0.000000000000000000e+00 1.137915339098771066e-04 0.000000000000000000e+00
9.500000000000000000e+02 3.799838120999154967e-02 6.372325898953117539e-03 9.936276741010469093e-01 0.000000000000000000e+00 0.000000000000000000e+00 0.000000000000000000e+00
9.750000000000000000e+02 3.899833861025459036e-02 7.624032771961766417e-03 9.922621756941283344e-01 0.000000000000000000e+00 1.137915339098771066e-04 0.000000000000000000e+00
1.000000000000000000e+03 3.999829601051740902e-02 7.624032771961766417e-03 9.920345926263085534e-01 0.000000000000000000e+00 3.413746017296313199e-04 0.000000000000000000e+00
1.025000000000000000e+03 4.099825341078044971e-02 7.168866636322257339e-03 9.920345926263085534e-01 0.000000000000000000e+00 7.965407373691396923e-04 0.000000000000000000e+00
1.050000000000000000e+03 4.199821081104326836e-02 8.420573509330906217e-03 9.913518434228493215e-01 0.000000000000000000e+00 2.275830678197542133e-04 0.000000000000000000e+00
1.075000000000000000e+03 4.299816821130630906e-02 1.012744651797906244e-02 9.890760127446518446e-01 0.000000000000000000e+00 7.965407373691396923e-04 0.000000000000000000e+00
1.100000000000000000e+03 4.399812561156912771e-02 1.103777878925807886e-02 9.888484296768320636e-01 0.000000000000000000e+00 1.137915339098771066e-04 0.000000000000000000e+00
1.125000000000000000e+03 4.499808301183216841e-02 1.319981793354574502e-02 9.856622667273554628e-01 0.000000000000000000e+00 1.137915339098770958e-03 0.000000000000000000e+00
1.150000000000000000e+03 4.599804041209498706e-02 1.274465179790623508e-02 9.870277651342740377e-01 0.000000000000000000e+00 2.275830678197542133e-04 0.000000000000000000e+00
1.175000000000000000e+03 4.699799781235802776e-02 8.875739644970414427e-03 9.905553026854801990e-01 0.000000000000000000e+00 5.689576695493854790e-04 0.000000000000000000e+00
1.200000000000000000e+03 4.799795521262084641e-02 1.035502958579881741e-02 9.890760127446518446e-01 0.000000000000000000e+00 5.689576695493854790e-04 0.000000000000000000e+00
1.225000000000000000e+03 4.899791261288388711e-02 1.615839781520254925e-02 9.833864360491579859e-01 0.000000000000000000e+00 4.551661356395084266e-04 0.000000000000000000e+00
1.250000000000000000e+03 4.999787001314670576e-02 1.126536185707783383e-02 9.885070550751023921e-01 0.000000000000000000e+00 2.275830678197542133e-04 0.000000000000000000e+00
1.275000000000000000e+03 5.099782741340974646e-02 1.297223486572599005e-02 9.868001820664542567e-01 0.000000000000000000e+00 2.275830678197542133e-04 0.000000000000000000e+00
1.300000000000000000e+03 5.199778481367256511e-02 1.763768775603095224e-02 9.819071461083295205e-01 0.000000000000000000e+00 4.551661356395084266e-04 0.000000000000000000e+00
1.325000000000000000e+03 5.299774221393560580e-02 1.433773327264451468e-02 9.853208921256259023e-01 0.000000000000000000e+00 3.413746017296313199e-04 0.000000000000000000e+00
1.350000000000000000e+03 5.399769961419842446e-02 1.866181156121984527e-02 9.808830223031406170e-01 0.000000000000000000e+00 4.551661356395084266e-04 0.000000000000000000e+00
1.375000000000000000e+03 5.499765701446146515e-02 1.513427401001365448e-02 9.846381429221665593e-01 0.000000000000000000e+00 2.275830678197542133e-04 0.000000000000000000e+00
1.400000000000000000e+03 5.599761441472450585e-02 1.809285389167045871e-02 9.817933545744196300e-01 0.000000000000000000e+00 1.137915339098771066e-04 0.000000000000000000e+00
1.425000000000000000e+03 5.699757181498732450e-02 2.184797451069640448e-02 9.771279016841146747e-01 0.000000000000000000e+00 1.024123805188893906e-03 0.000000000000000000e+00
1.450000000000000000e+03 5.799752921525036520e-02 2.298588984979517413e-02 9.761037778789257713e-01 0.000000000000000000e+00 9.103322712790168532e-04 0.000000000000000000e+00
1.475000000000000000e+03 5.899748661551318385e-02 2.958579881656804578e-02 9.688211197086936677e-01 0.000000000000000000e+00 1.593081474738279385e-03 0.000000000000000000e+00
1.500000000000000000e+03 5.999744401577622455e-02 3.573054164770141095e-02 9.630177514792899185e-01 0.000000000000000000e+00 1.251706873008648227e-03 0.000000000000000000e+00
1.525000000000000000e+03 6.099740141603904320e-02 2.878925807919890598e-02 9.700728265817023521e-01 0.000000000000000000e+00 1.137915339098770958e-03 0.000000000000000000e+00
1.550000000000000000e+03 6.199735881630208389e-02 2.503413746017296368e-02 9.739417387346381849e-01 0.000000000000000000e+00 1.024123805188893906e-03 0.000000000000000000e+00
1.575000000000000000e+03 6.299731621656490255e-02 3.208921256258534527e-02 9.667728720983158608e-01 0.000000000000000000e+00 1.137915339098770958e-03 0.000000000000000000e+00
1.600000000000000000e+03 6.399727361682794324e-02 3.220300409649522189e-02 9.665452890304960798e-01 0.000000000000000000e+00 1.251706873008648227e-03 0.000000000000000000e+00
1.625000000000000000e+03 6.499723101709076190e-02 3.652708238507055422e-02 9.611970869367318926e-01 0.000000000000000000e+00 2.275830678197541916e-03 0.000000000000000000e+00
1.650000000000000000e+03 6.599718841735380259e-02 3.379608557123350149e-02 9.644970414201183839e-01 0.000000000000000000e+00 1.706873008648156654e-03 0.000000000000000000e+00
1.675000000000000000e+03 6.699714581761662124e-02 3.686845698680018407e-02 9.616522530723714546e-01 0.000000000000000000e+00 1.479289940828402332e-03 0.000000000000000000e+00
1.700000000000000000e+03 6.799710321787966194e-02 4.312699135184342586e-02 9.542558033682293495e-01 0.000000000000000000e+00 2.617205279927173507e-03 0.000000000000000000e+00
1.725000000000000000e+03 6.899706061814248059e-02 4.756486117432862787e-02 9.500455166135639562e-01 0.000000000000000000e+00 2.389622212107419402e-03 0.000000000000000000e+00
1.750000000000000000e+03 6.999701801840552129e-02 4.710969503868912139e-02 9.499317250796540657e-01 0.000000000000000000e+00 2.958579881656804664e-03 0.000000000000000000e+00
1.775000000000000000e+03 7.099697541866833994e-02 5.871643149749658508e-02 9.379836140191170069e-01 0.000000000000000000e+00 3.299954483386436255e-03 0.000000000000000000e+00
1.800000000000000000e+03 7.199693281893138064e-02 5.905780609922621494e-02 9.367319071461083224e-01 0.000000000000000000e+00 4.210286754665453109e-03 0.000000000000000000e+00
1.825000000000000000e+03 7.299689021919419929e-02 5.348202093764223980e-02 9.433318161128811941e-01 0.000000000000000000e+00 3.186162949476558769e-03 0.000000000000000000e+00
1.850000000000000000e+03 7.399684761945723999e-02 7.168866636322257513e-02 9.250113791533909335e-01 0.000000000000000000e+00 3.299954483386436255e-03 0.000000000000000000e+00
1.875000000000000000e+03 7.499680501972028068e-02 6.975421028675465873e-02 9.259217114246700575e-01 0.000000000000000000e+00 4.324078288575329727e-03 0.000000000000000000e+00
1.900000000000000000e+03 7.599676241998309933e-02 6.190259444697314428e-02 9.340009103322712836e-01 0.000000000000000000e+00 4.096495220755575623e-03 0.000000000000000000e+00
1.925000000000000000e+03 7.699671982024614003e-02 7.544378698224851743e-02 9.204597177969958688e-01 0.000000000000000000e+00 4.096495220755575623e-03 0.000000000000000000e+00
1.950000000000000000e+03 7.799667722050895868e-02 8.124715521165225274e-02 9.118115612198451903e-01 0.000000000000000000e+00 6.941283568502503235e-03 0.000000000000000000e+00
1.975000000000000000e+03 7.899663462077199938e-02 8.147473827947200598e-02 9.113563950842057393e-01 0.000000000000000000e+00 7.168866636322257339e-03 0.000000000000000000e+00
2.000000000000000000e+03 7.999659202103481803e-02 8.147473827947200598e-02 9.126081019572144237e-01 0.000000000000000000e+00 5.917159763313609329e-03 0.000000000000000000e+00
2.025000000000000000e+03 8.099654942129785873e-02 1.011606736458807443e-01 8.913290851160673434e-01 0.000000000000000000e+00 7.510241238051888930e-03 0.000000000000000000e+00
2.050000000000000000e+03 8.199650682156067738e-02 1.086709148839326289e-01 8.834774692762858983e-01 0.000000000000000000e+00 7.851615839781519654e-03 0.000000000000000000e+00
2.075000000000000000e+03 8.299646422182371808e-02 1.167501137915339104e-01 8.734638142922166448e-01 0.000000000000000000e+00 9.786071916249430847e-03 0.000000000000000000e+00
2.100000000000000000e+03 8.399642162208653673e-02 1.286982248520709970e-01 8.599226217569412301e-01 1.137915339098771066e-04 1.126536185707783383e-02 0.000000000000000000e+00
2.125000000000000000e+03 8.499637902234957743e-02 1.355257168866636219e-01 8.505917159763313196e-01 0.000000000000000000e+00 1.388256713700500647e-02 0.000000000000000000e+00
2.150000000000000000e+03 8.599633642261239608e-02 1.499772416932180219e-01 8.307919890760127046e-01 0.000000000000000000e+00 1.923076923076923184e-02 0.000000000000000000e+00
2.175000000000000000e+03 8.699629382287543677e-02 1.685252617205279801e-01 8.096267637687756258e-01 1.137915339098771066e-04 2.173418297678652786e-02 0.000000000000000000e+00
2.200000000000000000e+03 8.799625122313825543e-02 1.692080109239872676e-01 8.073509330905780379e-01 3.413746017296313199e-04 2.309968138370505075e-02 0.000000000000000000e+00
2.225000000000000000e+03 8.899620862340129612e-02 1.842284934000910368e-01 7.897132453345471204e-01 2.275830678197542133e-04 2.583067819754210348e-02 0.000000000000000000e+00
2.250000000000000000e+03 8.999616602366411477e-02 1.954938552571688637e-01 7.715065999089667503e-01 1.137915339098771066e-04 3.288575329995448160e-02 0.000000000000000000e+00
2.275000000000000000e+03 9.099612342392715547e-02 2.003868912152935722e-01 7.597860719162494725e-01 4.551661356395084266e-04 3.937187073281747662e-02 0.000000000000000000e+00
2.300000000000000000e+03 9.199608082418997412e-02 2.091488393263541135e-01 7.456759217114247162e-01 1.137915339098771066e-04 4.506144742831133532e-02 0.000000000000000000e+00
2.325000000000000000e+03 9.299603822445301482e-02 2.319071461083295482e-01 7.164314974965863003e-01 5.689576695493854790e-04 5.109239872553481693e-02 0.000000000000000000e+00
2.350000000000000000e+03 9.399599562471605552e-02 2.482931269913518368e-01 6.850250341374601870e-01 6.827492034592626399e-04 6.599908966772871644e-02 0.000000000000000000e+00
2.375000000000000000e+03 9.499595302497887417e-02 2.661583978152025631e-01 6.546426945835229771e-01 2.503413746017296455e-03 7.669549385525717411e-02 0.000000000000000000e+00
2.400000000000000000e+03 9.599591042524191487e-02 2.952890304961310886e-01 6.037778789258079204e-01 3.527537551206190360e-03 9.740555302685480199e-02 0.000000000000000000e+00
2.425000000000000000e+03 9.699586782550473352e-02 3.022303140646335762e-01 5.773782430587164338e-01 1.934456076467910759e-03 1.184569868001820597e-01 0.000000000000000000e+00
2.450000000000000000e+03 9.799582522576777421e-02 3.123577605826126646e-01 5.461993627674101015e-01 2.730996813837050560e-03 1.387118798361401950e-01 0.000000000000000000e+00
2.475000000000000000e+03 9.899578262603059287e-02 3.241920801092398885e-01 5.011379153390987939e-01 5.461993627674101119e-03 1.692080109239872676e-01 0.000000000000000000e+00
2.500000000000000000e+03 9.999574002629363356e-02 3.311333636777423761e-01 4.671142467000455323e-01 1.012744651797906244e-02 1.916249431042330587e-01 0.000000000000000000e+00
2.525000000000000000e+03 1.009956974265564522e-01 3.479745106964041712e-01 4.246700045516613731e-01 1.388256713700500647e-02 2.134729176149294527e-01 0.000000000000000000e+00
2.550000000000000000e+03 1.019956548268194929e-01 3.545744196631770428e-01 3.801775147928994070e-01 1.968593536640873831e-02 2.455621301775147980e-01 0.000000000000000000e+00
2.575000000000000000e+03 1.029956122270823116e-01 3.666363222576240477e-01 3.437642239417387224e-01 1.923076923076923184e-02 2.703686845698680119e-01 0.000000000000000000e+00
2.600000000000000000e+03 1.039955696273453523e-01 3.661811561219845412e-01 3.271506599908966528e-01 2.571688666363222686e-02 2.809512972234865513e-01 0.000000000000000000e+00
2.625000000000000000e+03 1.049955270276081709e-01 3.708466090122894965e-01 3.039371870732817671e-01 2.412380518889394726e-02 3.010923987255348377e-01 0.000000000000000000e+00
2.650000000000000000e+03 1.059954844278712116e-01 3.620846609012289274e-01 2.983614019116977434e-01 2.309968138370505075e-02 3.164542558033682229e-01 0.000000000000000000e+00
2.675000000000000000e+03 1.069954418281340303e-01 3.816568047337278169e-01 2.792444242148384159e-01 3.140646335912607862e-02 3.076923076923077094e-01 0.000000000000000000e+00
2.700000000000000000e+03 1.079953992283970710e-01 3.944014565316340537e-01 2.711652253072371344e-01 3.709604005461993731e-02 2.973372781065088954e-01 0.000000000000000000e+00
2.725000000000000000e+03 1.089953566286598896e-01 3.948566226672735602e-01 2.741238051888939542e-01 4.221665908056440597e-02 2.888029130632681074e-01 0.000000000000000000e+00
2.750000000000000000e+03 1.099953140289229303e-01 4.012289485662266508e-01 2.721893491124260378e-01 4.460628129267182190e-02 2.819754210286754548e-01 0.000000000000000000e+00
2.775000000000000000e+03 1.109952714291857490e-01 4.090805644060082069e-01 2.606964041875284299e-01 4.824761037778789452e-02 2.819754210286754548e-01 0.000000000000000000e+00
2.800000000000000000e+03 1.119952288294487897e-01 3.924670004551661373e-01 2.655894401456531662e-01 5.279927173418298009e-02 2.891442876649977234e-01 0.000000000000000000e+00
2.825000000000000000e+03 1.129951862297118304e-01 4.015703231679563223e-01 2.487482931269913433e-01 5.211652253072371344e-02 2.975648611743286209e-01 0.000000000000000000e+00
2.850000000000000000e+03 1.139951436299746490e-01 4.030496131087847322e-01 2.396449704142011861e-01 5.541647701411014926e-02 3.018889394629039602e-01 0.000000000000000000e+00
2.875000000000000000e+03 1.149951010302376897e-01 4.074874829312699065e-01 2.297451069640418786e-01 6.554392353208920996e-02 2.972234865725990050e-01 0.000000000000000000e+00
2.900000000000000000e+03 1.159950584305005084e-01 3.899635867091488239e-01 2.229176149294492537e-01 6.417842512517069054e-02 3.229403732362312041e-01 0.000000000000000000e+00
2.925000000000000000e+03 1.169950158307635490e-01 3.941738734638142727e-01 2.236003641329085134e-01 7.055075102412380894e-02 3.116750113791533772e-01 0.000000000000000000e+00
2.950000000000000000e+03 1.179949732310263677e-01 3.923532089212562468e-01 2.109695038689121394e-01 7.589895311788802390e-02 3.207783340919435622e-01 0.000000000000000000e+00
2.975000000000000000e+03 1.189949306312894084e-01 3.977014110150204895e-01 2.008420573509330787e-01 7.874374146563495325e-02 3.227127901684114786e-01 0.000000000000000000e+00
3.000000000000000000e+03 1.199948880315522270e-01 3.809740555302685294e-01 1.939007737824305910e-01 8.796085571233500100e-02 3.371643149749658508e-01 0.000000000000000000e+00
3.025000000000000000e+03 1.209948454318152677e-01 4.138598088302230527e-01 1.812699135184342170e-01 8.784706417842512438e-02 3.170232134729176199e-01 0.000000000000000000e+00
3.050000000000000000e+03 1.219948028320780864e-01 4.230769230769230727e-01 1.717114246700045532e-01 8.875739644970413733e-02 3.164542558033682229e-01 0.000000000000000000e+00
3.075000000000000000e+03 1.229947602323411271e-01 4.132908511606736557e-01 1.624943104233045055e-01 1.001365498406918547e-01 3.240782885753299980e-01 0.000000000000000000e+00
3.100000000000000000e+03 1.239947176326039457e-01 4.127218934911242587e-01 1.558944014565316338e-01 1.049157942649066866e-01 3.264679107874374209e-01 0.000000000000000000e+00
3.125000000000000000e+03 1.249946750328669864e-01 4.097633136094674389e-01 1.528220300409649512e-01 1.132225762403277214e-01 3.241920801092398885e-01 0.000000000000000000e+00
3.150000000000000000e+03 1.259946324331298051e-01 4.285389167045971504e-01 1.457669549385525731e-01 1.170914883932635403e-01 3.086026399635867223e-01 0.000000000000000000e+00
3.175000000000000000e+03 1.269945898333928458e-01 4.103322712790168358e-01 1.354119253527537592e-01 1.244879380974055483e-01 3.297678652708238567e-01 0.000000000000000000e+00
3.200000000000000000e+03 1.279945472336556644e-01 4.223941738734638407e-01 1.265361857077833274e-01 1.205052344105598527e-01 3.305644060081929791e-01 0.000000000000000000e+00
3.225000000000000000e+03 1.289945046339187051e-01 4.337733272644515026e-01 1.176604460628129234e-01 1.178880291306326766e-01 3.306781975421028696e-01 0.000000000000000000e+00
3.250000000000000000e+03 1.299944620341815238e-01 4.241010468821119761e-01 1.164087391898042806e-01 1.288120163859808875e-01 3.306781975421028696e-01 0.000000000000000000e+00
3.275000000000000000e+03 1.309944194344445645e-01 4.186390532544378429e-01 1.104915794264906687e-01 1.305188893946290507e-01 3.403504779244423961e-01 0.000000000000000000e+00
3.300000000000000000e+03 1.319943768347076052e-01 4.259217114246700020e-01 1.096950386891215323e-01 1.283568502503413811e-01 3.360263996358671124e-01 0.000000000000000000e+00
3.325000000000000000e+03 1.329943342349704238e-01 4.302457897132453413e-01 1.076467910787437393e-01 1.359808830223031284e-01 3.261265361857078049e-01 0.000000000000000000e+00
3.350000000000000000e+03 1.339942916352334645e-01 4.482248520710059303e-01 9.968138370505234824e-02 1.439462903959945472e-01 3.081474738279472159e-01 0.000000000000000000e+00
3.375000000000000000e+03 1.349942490354962832e-01 4.350250341374601870e-01 9.751934456076467861e-02 1.364360491579426626e-01 3.310195721438324856e-01 0.000000000000000000e+00
3.400000000000000000e+03 1.359942064357593239e-01 4.439007737824305910e-01 1.021847974510696339e-01 1.449704142011834229e-01 3.089440145653163383e-01 0.000000000000000000e+00
3.425000000000000000e+03 1.369941638360221425e-01 4.503868912152935722e-01 9.604005461993628257e-02 1.406463359126081114e-01 3.129267182521620616e-01 0.000000000000000000e+00
3.450000000000000000e+03 1.379941212362851832e-01 4.571005917159763343e-01 9.729176149294492537e-02 1.496358670914884059e-01 2.959717796995903760e-01 0.000000000000000000e+00
3.475000000000000000e+03 1.389940786365480019e-01 4.474283113336367523e-01 9.683659535730541890e-02 1.610150204824760956e-01 2.947200728265816916e-01 0.000000000000000000e+00
3.500000000000000000e+03 1.399940360368110426e-01 4.393491124260355263e-01 9.319526627218935322e-02 1.585116067364588099e-01 3.089440145653163383e-01 0.000000000000000000e+00
3.525000000000000000e+03 1.409939934370738612e-01 4.726900318616295005e-01 8.397815202548930547e-02 1.574874829312699065e-01 2.858443331816112876e-01 0.000000000000000000e+00
3.550000000000000000e+03 1.419939508373369019e-01 4.581247155211652378e-01 8.033682294037323979e-02 1.576012744651797970e-01 3.039371870732817671e-01 0.000000000000000000e+00
3.575000000000000000e+03 1.429939082375997206e-01 4.664314974965862448e-01 7.532999544833864081e-02 1.598771051433773294e-01 2.983614019116977434e-01 0.000000000000000000e+00
3.600000000000000000e+03 1.439938656378627613e-01 4.683659535730541612e-01 7.658170232134729749e-02 1.577150659990896597e-01 2.973372781065088954e-01 0.000000000000000000e+00
3.625000000000000000e+03 1.449938230381255799e-01 4.665452890304961353e-01 7.282658170232134132e-02 1.604460628129267263e-01 3.001820664542558248e-01 0.000000000000000000e+00
3.650000000000000000e+03 1.459937804383886206e-01 4.714383249886208715e-01 6.690942193900774326e-02 1.596495220755575761e-01 3.020027309968138507e-01 0.000000000000000000e+00
3.675000000000000000e+03 1.469937378386514393e-01 4.715521165225307065e-01 6.873008648156576916e-02 1.628356850250341492e-01 2.968821119708693890e-01 0.000000000000000000e+00
3.700000000000000000e+03 1.479936952389144800e-01 4.787209831588529751e-01 6.497496586253982687e-02 1.596495220755575761e-01 2.966545289030496080e-01 0.000000000000000000e+00
3.725000000000000000e+03 1.489936526391775207e-01 4.869139736003641472e-01 6.167501137915339104e-02 1.668183887118798447e-01 2.845926263086026586e-01 0.000000000000000000e+00
3.750000000000000000e+03 1.499936100394403393e-01 4.839553937187073274e-01 5.974055530268548159e-02 1.694355939918070209e-01 2.868684569868001910e-01 0.000000000000000000e+00
3.775000000000000000e+03 1.509935674397033800e-01 4.866863905325443662e-01 5.905780609922621494e-02 1.731907146108329631e-01 2.810650887573964418e-01 0.000000000000000000e+00
3.800000000000000000e+03 1.519935248399661987e-01 5.014792899408283544e-01 6.121984524351388457e-02 1.725079654073737034e-01 2.647928994082840437e-01 0.000000000000000000e+00
3.825000000000000000e+03 1.529934822402292394e-01 5.003413746017296715e-01 5.826126536185707860e-02 1.718252162039144160e-01 2.695721438324988894e-01 0.000000000000000000e+00
3.850000000000000000e+03 1.539934396404920580e-01 4.984069185252616996e-01 5.814747382794720199e-02 1.791078743741465751e-01 2.643377332726445372e-01 0.000000000000000000e+00
3.875000000000000000e+03 1.549933970407550987e-01 5.087619481110605690e-01 5.735093309057805872e-02 1.789940828402366846e-01 2.548930359581247362e-01 0.000000000000000000e+00
3.900000000000000000e+03 1.559933544410179174e-01 4.989758761948110966e-01 6.156121984524351443e-02 1.893491124260354985e-01 2.501137915339098905e-01 0.000000000000000000e+00
3.925000000000000000e+03 1.569933118412809581e-01 4.907828857532999800e-01 6.076467910787437116e-02 1.937869822485207005e-01 2.546654528903049552e-01 0.000000000000000000e+00
3.950000000000000000e+03 1.579932692415437767e-01 5.005689576695493415e-01 6.224396904870277414e-02 1.975421028675466428e-01 2.396449704142011861e-01 0.000000000000000000e+00
3.975000000000000000e+03 1.589932266418068174e-01 5.060309512972235302e-01 6.042330450614474130e-02 1.953800637232590010e-01 2.381656804733727761e-01 0.000000000000000000e+00
4.000000000000000000e+03 1.599931840420696361e-01 5.103550295857988139e-01 6.383705052344106068e-02 2.003868912152935722e-01 2.254210286754665393e-01 0.000000000000000000e+00
4.025000000000000000e+03 1.609931414423326768e-01 5.170687300864815761e-01 6.110605370960400795e-02 1.961766044606281234e-01 2.256486117432862926e-01 0.000000000000000000e+00
4.050000000000000000e+03 1.619930988425954954e-01 5.110377787892580459e-01 6.451979972690032039e-02 1.985662266727355463e-01 2.258761948111060458e-01 0.000000000000000000e+00
4.075000000000000000e+03 1.629930562428585361e-01 5.199135184342285054e-01 6.577150659990896320e-02 2.061902594446973214e-01 2.081247155211652378e-01 0.000000000000000000e+00
4.100000000000000000e+03 1.639930136431213548e-01 5.215065999089667503e-01 6.838871187983613931e-02 2.107419208010923861e-01 1.993627674101046965e-01 0.000000000000000000e+00
4.125000000000000000e+03 1.649929710433843955e-01 5.226445152480655443e-01 6.918525261720527564e-02 2.118798361401911801e-01 1.962903959945380139e-01 0.000000000000000000e+00
4.150000000000000000e+03 1.659929284436472141e-01 5.271961766044606090e-01 6.964041875284478211e-02 2.132453345471096995e-01 1.899180700955848955e-01 0.000000000000000000e+00
4.175000000000000000e+03 1.669928858439102548e-01 5.350477924442421651e-01 6.884387801547564578e-02 2.166590805644059980e-01 1.794492489758761911e-01 0.000000000000000000e+00
4.200000000000000000e+03 1.679928432441732955e-01 5.405097860719162428e-01 7.237141556668183484e-02 2.130177514792899462e-01 1.741010468821119761e-01 0.000000000000000000e+00
4.225000000000000000e+03 1.689928006444361142e-01 5.319754210286754548e-01 7.532999544833864081e-02 2.166590805644059980e-01 1.760355029585798925e-01 0.000000000000000000e+00
4.250000000000000000e+03 1.699927580446991549e-01 5.335685025034136997e-01 7.362312243969049153e-02 2.129039599453800558e-01 1.799044151115156975e-01 0.000000000000000000e+00
4.275000000000000000e+03 1.709927154449619735e-01 5.238962221210742287e-01 8.033682294037323979e-02 2.234865725989986229e-01 1.722803823395539502e-01 0.000000000000000000e+00
4.300000000000000000e+03 1.719926728452250142e-01 5.261720527992717056e-01 7.726445152480655720e-02 2.280382339553937154e-01 1.685252617205279801e-01 0.000000000000000000e+00
4.325000000000000000e+03 1.729926302454878329e-01 5.230996813837051063e-01 8.136094674556212936e-02 2.289485662266727284e-01 1.665908056440600915e-01 0.000000000000000000e+00
4.350000000000000000e+03 1.739925876457508735e-01 5.343650432407829332e-01 7.646791078743742087e-02 2.262175694128356895e-01 1.629494765589440120e-01 0.000000000000000000e+00
4.375000000000000000e+03 1.749925450460136922e-01 5.395994538006372299e-01 7.612653618570777714e-02 2.233727810650887602e-01 1.609012289485662328e-01 0.000000000000000000e+00
4.400000000000000000e+03 1.759925024462767329e-01 5.368684569868001910e-01 8.249886208466089554e-02 2.280382339553937154e-01 1.525944469731451980e-01 0.000000000000000000e+00
4.425000000000000000e+03 1.769924598465395515e-01 5.361857077833409591e-01 8.420573509330905870e-02 2.342967683204369711e-01 1.453117888029130667e-01 0.000000000000000000e+00
4.450000000000000000e+03 1.779924172468025922e-01 5.357305416477013971e-01 8.352298588984979899e-02 2.350933090578060936e-01 1.456531634046426826e-01 0.000000000000000000e+00
4.475000000000000000e+03 1.789923746470654109e-01 5.352753755120619461e-01 8.568502503413745475e-02 2.395311788802912956e-01 1.395084205735093175e-01 0.000000000000000000e+00
4.500000000000000000e+03 1.799923320473284516e-01 5.408511606736459143e-01 8.079198907601274626e-02 2.379380974055530229e-01 1.404187528447883582e-01 0.000000000000000000e+00
4.525000000000000000e+03 1.809922894475912702e-01 5.248065543923532417e-01 8.033682294037323979e-02 2.469276285844333174e-01 1.479289940828402428e-01 0.000000000000000000e+00
4.550000000000000000e+03 1.819922468478543109e-01 5.282203004096495125e-01 8.705052344105598805e-02 2.525034137460173134e-01 1.322257624032771861e-01 0.000000000000000000e+00
4.575000000000000000e+03 1.829922042481171296e-01 5.366408739189804100e-01 8.545744196631770151e-02 2.578516158397815006e-01 1.200500682749203463e-01 0.000000000000000000e+00
4.600000000000000000e+03 1.839921616483801703e-01 5.266272189349112676e-01 8.966772872098316416e-02 2.664997724169321791e-01 1.172052799271734169e-01 0.000000000000000000e+00
4.625000000000000000e+03 1.849921190486429889e-01 5.292444242148384159e-01 9.194355939918069653e-02 2.687756030951297115e-01 1.100364132908511622e-01 0.000000000000000000e+00
4.650000000000000000e+03 1.859920764489060296e-01 5.372098315885298625e-01 9.319526627218935322e-02 2.660446062812926726e-01 1.035502958579881672e-01 0.000000000000000000e+00
4.675000000000000000e+03 1.869920338491690703e-01 5.282203004096495125e-01 9.342284934000910646e-02 2.757168866636321991e-01 1.026399635867091542e-01 0.000000000000000000e+00
4.700000000000000000e+03 1.879919912494318890e-01 5.238962221210742287e-01 9.774692762858443185e-02 2.807237141556668258e-01 9.763313609467455523e-02 0.000000000000000000e+00
4.725000000000000000e+03 1.889919486496949297e-01 5.219617660446063123e-01 9.763313609467455523e-02 2.811788802913063323e-01 9.922621756941284177e-02 0.000000000000000000e+00
4.750000000000000000e+03 1.899919060499577483e-01 5.304961310878471004e-01 9.877105143377332142e-02 2.734410559854346667e-01 9.729176149294492537e-02 0.000000000000000000e+00
4.775000000000000000e+03 1.909918634502207890e-01 5.220755575785162028e-01 1.022985889849795244e-01 2.798133818843878129e-01 9.581247155211652933e-02 0.000000000000000000e+00
4.800000000000000000e+03 1.919918208504836077e-01 5.199135184342285054e-01 1.051433773327264398e-01 2.810650887573964418e-01 9.387801547564861293e-02 0.000000000000000000e+00
4.825000000000000000e+03 1.929917782507466484e-01 5.113791533909877174e-01 1.083295402822029990e-01 2.868684569868001910e-01 9.342284934000910646e-02 0.000000000000000000e+00
4.850000000000000000e+03 1.939917356510094670e-01 5.100136549840691425e-01 1.086709148839326289e-01 2.891442876649977234e-01 9.217114246700044977e-02 0.000000000000000000e+00
4.875000000000000000e+03 1.949916930512725077e-01 5.089895311788802390e-01 1.111743286299499284e-01 2.950614474283113076e-01 8.477469276285844180e-02 0.000000000000000000e+00
4.900000000000000000e+03 1.959916504515353264e-01 5.044378698224851743e-01 1.161811561219845274e-01 2.974510696404187304e-01 8.192990441511151245e-02 0.000000000000000000e+00
4.925000000000000000e+03 1.969916078517983671e-01 4.994310423304506030e-01 1.158397815202548975e-01 3.004096495220755503e-01 8.431952662721893532e-02 0.000000000000000000e+00
4.950000000000000000e+03 1.979915652520611857e-01 5.026172052799271484e-01 1.160673645880746507e-01 3.048475193445607800e-01 7.646791078743742087e-02 0.000000000000000000e+00
4.975000000000000000e+03 1.989915226523242264e-01 4.866863905325443662e-01 1.176604460628129234e-01 3.120163859808830487e-01 8.363677742375967561e-02 0.000000000000000000e+00
5.000000000000000000e+03 1.999914800525870451e-01 5.004551661356395620e-01 1.180018206645425533e-01 3.065543923532089154e-01 7.498862084660901095e-02 0.000000000000000000e+00
5.025000000000000000e+03 2.009914374528500858e-01 4.982931269913518646e-01 1.186845698680018268e-01 3.042785616750113831e-01 7.874374146563495325e-02 0.000000000000000000e+00
5.050000000000000000e+03 2.019913948531129044e-01 4.967000455166135642e-01 1.219845243513882627e-01 3.082612653618570508e-01 7.294037323623121793e-02 1.137915339098771066e-04
5.075000000000000000e+03 2.029913522533759451e-01 4.894173873463814051e-01 1.223258989531178925e-01 3.169094219390077294e-01 7.134729176149294527e-02 0.000000000000000000e+00
5.100000000000000000e+03 2.039913096536387638e-01 4.868001820664542567e-01 1.215293582157487423e-01 3.159990896677287164e-01 7.567137005006827066e-02 0.000000000000000000e+00
5.125000000000000000e+03 2.049912670539018045e-01 4.885070550751023921e-01 1.236913973600364119e-01 3.121301775147928836e-01 7.555757851615839404e-02 1.137915339098771066e-04
5.150000000000000000e+03 2.059912244541648452e-01 4.862312243969048597e-01 1.257396449704142050e-01 3.117888029130632677e-01 7.624032771961765376e-02 0.000000000000000000e+00
5.175000000000000000e+03 2.069911818544276638e-01 4.914656349567592120e-01 1.257396449704142050e-01 3.141784251251706905e-01 6.861629494765589254e-02 0.000000000000000000e+00
5.200000000000000000e+03 2.079911392546907045e-01 4.896449704142011861e-01 1.279016841147018746e-01 3.191852526172052618e-01 6.326809285389166371e-02 0.000000000000000000e+00
5.225000000000000000e+03 2.089910966549535232e-01 4.780382339553937432e-01 1.296085571233500100e-01 3.246472462448793950e-01 6.770596267637687959e-02 0.000000000000000000e+00
5.250000000000000000e+03 2.099910540552165639e-01 4.791761492944924816e-01 1.324533454710969393e-01 3.224852071005916976e-01 6.588529813381883982e-02 0.000000000000000000e+00
5.275000000000000000e+03 2.109910114554793825e-01 4.799726900318616041e-01 1.373463814292216756e-01 3.274920345926263243e-01 5.518889394629039602e-02 0.000000000000000000e+00
5.300000000000000000e+03 2.119909688557424232e-01 4.796313154301319881e-01 1.392808375056895642e-01 3.244196631770596140e-01 5.666818388711879900e-02 0.000000000000000000e+00
5.325000000000000000e+03 2.129909262560052419e-01 4.722348657259899940e-01 1.477014110150204895e-01 3.261265361857078049e-01 5.393718707328174627e-02 0.000000000000000000e+00
5.350000000000000000e+03 2.139908836562682826e-01 4.684797451069640517e-01 1.481565771506599960e-01 3.266954938552571464e-01 5.666818388711879900e-02 0.000000000000000000e+00
5.375000000000000000e+03 2.149908410565311012e-01 4.586936731907146347e-01 1.544151115157032239e-01 3.363677742375967283e-01 5.052344105598543383e-02 0.000000000000000000e+00
5.400000000000000000e+03 2.159907984567941419e-01 4.543695949021392955e-01 1.556668183887118806e-01 3.423987255348202030e-01 4.756486117432862787e-02 0.000000000000000000e+00
5.425000000000000000e+03 2.169907558570569606e-01 4.462903959945380139e-01 1.598771051433773294e-01 3.445607646791079004e-01 4.927173418297678409e-02 0.000000000000000000e+00
5.450000000000000000e+03 2.179907132573200013e-01 4.453800637232590010e-01 1.619253527537551085e-01 3.478607191624943362e-01 4.483386436049158208e-02 0.000000000000000000e+00
5.475000000000000000e+03 2.189906706575828199e-01 4.396904870277651423e-01 1.655666818388711881e-01 3.485434683659535682e-01 4.619936276741010150e-02 0.000000000000000000e+00
5.500000000000000000e+03 2.199906280578458606e-01 4.316112881201638607e-01 1.700045516613563901e-01 3.575329995448338627e-01 4.085116067364587961e-02 0.000000000000000000e+00
5.525000000000000000e+03 2.209905854581086793e-01 4.407146108329540457e-01 1.678425125170687204e-01 3.517296313154301135e-01 3.971324533454710648e-02 0.000000000000000000e+00
5.550000000000000000e+03 2.219905428583717200e-01 4.283113336367774249e-01 1.730769230769230727e-01 3.647018661811561313e-01 3.390987710514337811e-02 0.000000000000000000e+00
5.575000000000000000e+03 2.229905002586345386e-01 4.220527992717341692e-01 1.759217114246700020e-01 3.660673645880746507e-01 3.595812471552116418e-02 0.000000000000000000e+00
5.600000000000000000e+03 2.239904576588975793e-01 4.176149294492489950e-01 1.787664997724169313e-01 3.746017296313154388e-01 2.901684114701866268e-02 0.000000000000000000e+00
5.625000000000000000e+03 2.249904150591606200e-01 4.142011834319526686e-01 1.836595357305416398e-01 3.738051888939463163e-01 2.833409194355939950e-02 0.000000000000000000e+00
5.650000000000000000e+03 2.259903724594234387e-01 4.101046882111971104e-01 1.876422394173873354e-01 3.722121074192080159e-01 3.004096495220755572e-02 0.000000000000000000e+00
5.675000000000000000e+03 2.269903298596864794e-01 3.995220755575785154e-01 1.903732362312244020e-01 3.829085116067364458e-01 2.719617660446062984e-02 0.000000000000000000e+00
