# itime ezz other fcc hcp bcc ico
0.000000000000000000e+00 0.000000000000000000e+00 7.965407373691396923e-04 9.992034592626308775e-01 0.000000000000000000e+00 0.000000000000000000e+00 0.000000000000000000e+00
2.500000000000000000e+02 1.000000042642401610e-02 1.137915339098771066e-04 9.998862084660901095e-01 0.000000000000000000e+00 0.000000000000000000e+00 0.000000000000000000e+00
5.000000000000000000e+02 2.000000085284803220e-02 2.275830678197541916e-03 9.977241693218024121e-01 0.000000000000000000e+00 0.000000000000000000e+00 0.000000000000000000e+00
7.500000000000000000e+02 3.000000127927182625e-02 5.234410559854347014e-03 9.944242148384160318e-01 0.000000000000000000e+00 3.413746017296313199e-04 0.000000000000000000e+00
1.000000000000000000e+03 4.000000170569584235e-02 7.624032771961766417e-03 9.920345926263085534e-01 0.000000000000000000e+00 3.413746017296313199e-04 0.000000000000000000e+00
1.250000000000000000e+03 5.000000213211985844e-02 1.126536185707783383e-02 9.885070550751023921e-01 0.000000000000000000e+00 2.275830678197542133e-04 0.000000000000000000e+00
1.500000000000000000e+03 6.000000255854387454e-02 3.573054164770141095e-02 9.630177514792899185e-01 0.000000000000000000e+00 1.251706873008648227e-03 0.000000000000000000e+00
1.750000000000000000e+03 7.000000298496766860e-02 4.710969503868912139e-02 9.499317250796540657e-01 0.000000000000000000e+00 2.958579881656804664e-03 0.000000000000000000e+00
2.000000000000000000e+03 8.000000341139168469e-02 8.147473827947200598e-02 9.126081019572144237e-01 0.000000000000000000e+00 5.917159763313609329e-03 0.000000000000000000e+00
2.250000000000000000e+03 9.000000383781570079e-02 1.954938552571688637e-01 7.715065999089667503e-01 1.137915339098771066e-04 3.288575329995448160e-02 0.000000000000000000e+00
2.500000000000000000e+03 1.000000042642397169e-01 3.311333636777423761e-01 4.671142467000455323e-01 1.012744651797906244e-02 1.916249431042330587e-01 0.000000000000000000e+00
2.750000000000000000e+03 1.100000046906635109e-01 4.012289485662266508e-01 2.721893491124260378e-01 4.460628129267182190e-02 2.819754210286754548e-01 0.000000000000000000e+00
3.000000000000000000e+03 1.200000051170875270e-01 3.809740555302685294e-01 1.939007737824305910e-01 8.796085571233500100e-02 3.371643149749658508e-01 0.000000000000000000e+00
3.250000000000000000e+03 1.300000055435115431e-01 4.241010468821119761e-01 1.164087391898042806e-01 1.288120163859808875e-01 3.306781975421028696e-01 0.000000000000000000e+00
3.500000000000000000e+03 1.400000059699355592e-01 4.393491124260355263e-01 9.319526627218935322e-02 1.585116067364588099e-01 3.089440145653163383e-01 0.000000000000000000e+00
3.750000000000000000e+03 1.500000063963595753e-01 4.839553937187073274e-01 5.974055530268548159e-02 1.694355939918070209e-01 2.868684569868001910e-01 0.000000000000000000e+00
4.000000000000000000e+03 1.600000068227833694e-01 5.103550295857988139e-01 6.383705052344106068e-02 2.003868912152935722e-01 2.254210286754665393e-01 0.000000000000000000e+00
4.250000000000000000e+03 1.700000072492073855e-01 5.335685025034136997e-01 7.362312243969049153e-02 2.129039599453800558e-01 1.799044151115156975e-01 0.000000000000000000e+00
4.500000000000000000e+03 1.800000076756314016e-01 5.408511606736459143e-01 8.079198907601274626e-02 2.379380974055530229e-01 1.404187528447883582e-01 0.000000000000000000e+00
4.750000000000000000e+03 1.900000081020554177e-01 5.304961310878471004e-01 9.877105143377332142e-02 2.734410559854346667e-01 9.729176149294492537e-02 0.000000000000000000e+00
5.000000000000000000e+03 2.000000085284792117e-01 5.004551661356395620e-01 1.180018206645425533e-01 3.065543923532089154e-01 7.498862084660901095e-02 0.000000000000000000e+00
5.250000000000000000e+03 2.100000089549032278e-01 4.791761492944924816e-01 1.324533454710969393e-01 3.224852071005916976e-01 6.588529813381883982e-02 0.000000000000000000e+00
5.500000000000000000e+03 2.200000093813272439e-01 4.316112881201638607e-01 1.700045516613563901e-01 3.575329995448338627e-01 4.085116067364587961e-02 0.000000000000000000e+00
5.750000000000000000e+03 2.300000098077512600e-01 3.802913063268092975e-01 1.931042330450614408e-01 4.061219845243513871e-01 2.048247610377787811e-02 0.000000000000000000e+00
6.000000000000000000e+03 2.400000102341752761e-01 2.977924442421484019e-01 2.397587619481110488e-01 4.516385980883022566e-01 1.081019572143832562e-02 0.000000000000000000e+00
6.250000000000000000e+03 2.500000106605990702e-01 2.785616750113791285e-01 2.645653163404642627e-01 4.491351843422849432e-01 7.737824305871643035e-03 0.000000000000000000e+00
6.500000000000000000e+03 2.600000110870230863e-01 2.554619936276740777e-01 2.853891670459717811e-01 4.543695949021392955e-01 4.779244424214838804e-03 0.000000000000000000e+00
6.750000000000000000e+03 2.700000115134471024e-01 2.447655894401456478e-01 2.921028675466545432e-01 4.560764679107874309e-01 7.055075102412380721e-03 0.000000000000000000e+00
7.000000000000000000e+03 2.800000119398711185e-01 2.338416021847974646e-01 2.910787437414656398e-01 4.673418297678652578e-01 7.737824305871643035e-03 0.000000000000000000e+00
7.250000000000000000e+03 2.900000123662949125e-01 2.387346381429221731e-01 2.844788347746927681e-01 4.692762858443331742e-01 7.510241238051888930e-03 0.000000000000000000e+00
7.500000000000000000e+03 3.000000127927189286e-01 2.502275830678197810e-01 2.775375512061902805e-01 4.602867546654528796e-01 1.194811106053709528e-02 0.000000000000000000e+00
7.750000000000000000e+03 3.100000132191429447e-01 2.744651797906235702e-01 2.653618570778333852e-01 4.458352298588985074e-01 1.433773327264451468e-02 0.000000000000000000e+00
8.000000000000000000e+03 3.200000136455669608e-01 3.050751024123805055e-01 2.535275375512062168e-01 4.221665908056440597e-01 1.923076923076923184e-02 0.000000000000000000e+00
8.250000000000000000e+03 3.300000140719907549e-01 3.698224852071005930e-01 2.155211652253072319e-01 3.885980883022303045e-01 2.605826126536185672e-02 0.000000000000000000e+00
8.500000000000000000e+03 3.400000144984147710e-01 4.064633591260810030e-01 2.043695949021392677e-01 3.670914883932635542e-01 2.207555757851615771e-02 0.000000000000000000e+00
8.750000000000000000e+03 3.500000149248387871e-01 4.062357760582612776e-01 2.107419208010923861e-01 3.607191624943104080e-01 2.230314064633591095e-02 0.000000000000000000e+00
9.000000000000000000e+03 3.600000153512628032e-01 3.851843422849339782e-01 2.154073736913973691e-01 3.789258079198907780e-01 2.048247610377787811e-02 0.000000000000000000e+00
9.250000000000000000e+03 3.700000157776868193e-01 3.854119253527537592e-01 2.104005461993627701e-01 3.825671370050068298e-01 2.162039144287665124e-02 0.000000000000000000e+00
9.500000000000000000e+03 3.800000162041106133e-01 3.641329085116067343e-01 2.195038689121529274e-01 3.950842057350932857e-01 2.127901684114701791e-02 0.000000000000000000e+00
9.750000000000000000e+03 3.900000166305346294e-01 3.652708238507055283e-01 2.125625853436504398e-01 4.008875739644970349e-01 2.127901684114701791e-02 0.000000000000000000e+00
1.000000000000000000e+04 4.000000170569586455e-01 3.648156577150660218e-01 2.121074192080109333e-01 4.022530723714155543e-01 2.082385070550751144e-02 0.000000000000000000e+00
1.025000000000000000e+04 4.100000174833826616e-01 3.835912608101957333e-01 2.033454710969503920e-01 3.909877105143377274e-01 2.207555757851615771e-02 0.000000000000000000e+00
1.050000000000000000e+04 4.200000179098064557e-01 4.153390987710514071e-01 1.904870277651342647e-01 3.684569868001820736e-01 2.571688666363222686e-02 0.000000000000000000e+00
1.075000000000000000e+04 4.300000183362304718e-01 4.437869822485207005e-01 1.701183431952662806e-01 3.560537096040054528e-01 3.004096495220755572e-02 0.000000000000000000e+00
1.100000000000000000e+04 4.400000187626544879e-01 4.758761948111060458e-01 1.731907146108329631e-01 3.266954938552571464e-01 2.423759672280382388e-02 0.000000000000000000e+00
1.125000000000000000e+04 4.500000191890785040e-01 5.179790623577605890e-01 1.558944014565316338e-01 2.941511151570322946e-01 3.197542102867546865e-02 0.000000000000000000e+00
1.150000000000000000e+04 4.600000196155025201e-01 5.563268092853891345e-01 1.378015475648611821e-01 2.707100591715976279e-01 3.516158397815202785e-02 0.000000000000000000e+00
1.175000000000000000e+04 4.700000200419263141e-01 5.633818843878015681e-01 1.442876649977241632e-01 2.587619481110605135e-01 3.345471096950387163e-02 1.137915339098771066e-04
1.200000000000000000e+04 4.800000204683503302e-01 5.621301775147928836e-01 1.507737824305871721e-01 2.555757851615839682e-01 3.152025489303595523e-02 0.000000000000000000e+00
1.225000000000000000e+04 4.900000208947743463e-01 5.706645425580336717e-01 1.478152025489303523e-01 2.523896222121074229e-01 2.913063268092853930e-02 0.000000000000000000e+00
1.250000000000000000e+04 5.000000213211983624e-01 5.855712335002275504e-01 1.430359581247155343e-01 2.393035958124715423e-01 3.197542102867546865e-02 1.137915339098771066e-04
1.275000000000000000e+04 5.100000217476221565e-01 5.967228038233954868e-01 1.389394629039599482e-01 2.341829767865270806e-01 3.004096495220755572e-02 1.137915339098771066e-04
1.300000000000000000e+04 5.200000221740461726e-01 6.116294947655894765e-01 1.346153846153846090e-01 2.238279472007282667e-01 2.992717341829767910e-02 0.000000000000000000e+00
1.325000000000000000e+04 5.300000226004701886e-01 6.170914883932635542e-01 1.304050978607191602e-01 2.230314064633591165e-01 2.913063268092853930e-02 3.413746017296313199e-04
1.350000000000000000e+04 5.400000230268942047e-01 6.384842967683204140e-01 1.186845698680018268e-01 2.137005006827492060e-01 2.913063268092853930e-02 0.000000000000000000e+00
1.375000000000000000e+04 5.500000234533179988e-01 6.464497041420118606e-01 1.161811561219845274e-01 2.052799271734183084e-01 3.186162949476559203e-02 2.275830678197542133e-04
1.400000000000000000e+04 5.600000238797420149e-01 6.669321802457897075e-01 1.062812926718252199e-01 2.012972234865725851e-01 2.548930359581247015e-02 0.000000000000000000e+00
1.425000000000000000e+04 5.700000243061660310e-01 6.795630405097861093e-01 1.005917159763313612e-01 1.934456076467910846e-01 2.628584433318160996e-02 1.137915339098771066e-04
1.450000000000000000e+04 5.800000247325900471e-01 6.840009103322712836e-01 9.444697314519799602e-02 1.891215293582157453e-01 3.231679563040509851e-02 1.137915339098771066e-04
1.475000000000000000e+04 5.900000251590140632e-01 7.012972234865726406e-01 9.035047792444242387e-02 1.820664542558033672e-01 2.605826126536185672e-02 2.275830678197542133e-04
1.500000000000000000e+04 6.000000255854378572e-01 7.188211197086936677e-01 8.340919435593992237e-02 1.748975876194810986e-01 2.287209831588529751e-02 0.000000000000000000e+00
1.525000000000000000e+04 6.100000260118618733e-01 7.295175238962221531e-01 8.067819754210286964e-02 1.681838871187983642e-01 2.150659990896677115e-02 1.137915339098771066e-04
1.550000000000000000e+04 6.200000264382858894e-01 7.286071916249431402e-01 8.010923987255348655e-02 1.621529358215748617e-01 2.878925807919890598e-02 3.413746017296313199e-04
1.575000000000000000e+04 6.300000268647099055e-01 7.395311788802912956e-01 7.316795630405098505e-02 1.581702321347291662e-01 2.878925807919890598e-02 3.413746017296313199e-04
1.600000000000000000e+04 6.400000272911336996e-01 7.451069640418752638e-01 7.350933090578061491e-02 1.582840236686390567e-01 2.241693218024579104e-02 6.827492034592626399e-04
1.625000000000000000e+04 6.500000277175577157e-01 7.555757851615839682e-01 6.998179335457442585e-02 1.490669094219390090e-01 2.514792899408284030e-02 2.275830678197542133e-04
1.650000000000000000e+04 6.600000281439817318e-01 7.620619025944469493e-01 6.690942193900774326e-02 1.451979972690031762e-01 2.503413746017296368e-02 7.965407373691396923e-04
1.675000000000000000e+04 6.700000285704057479e-01 7.729858898497952158e-01 6.099226217569413133e-02 1.385980883022303045e-01 2.719617660446062984e-02 2.275830678197542133e-04
1.700000000000000000e+04 6.800000289968297640e-01 7.840236686390532617e-01 5.996813837050523482e-02 1.313154301319981732e-01 2.435138825671370050e-02 3.413746017296313199e-04
1.725000000000000000e+04 6.900000294232535580e-01 7.991579426490669213e-01 5.553026854802002588e-02 1.182294037323623065e-01 2.674101046882111990e-02 3.413746017296313199e-04
1.750000000000000000e+04 7.000000298496775741e-01 8.081474738279471604e-01 5.461993627674101293e-02 1.149294492489758707e-01 2.207555757851615771e-02 2.275830678197542133e-04
1.775000000000000000e+04 7.100000302761015902e-01 8.213472917614929036e-01 5.120619025944470049e-02 1.063950842057350965e-01 2.093764223941738806e-02 1.137915339098771066e-04
1.800000000000000000e+04 7.200000307025256063e-01 8.252162039144287364e-01 5.029585798816568060e-02 1.033227127901684139e-01 2.116522530723714129e-02 0.000000000000000000e+00
1.825000000000000000e+04 7.300000311289494004e-01 8.273782430587164338e-01 4.813381884387801790e-02 1.021847974510696339e-01 2.196176604460628110e-02 3.413746017296313199e-04
1.850000000000000000e+04 7.400000315553734165e-01 8.461538461538461453e-01 4.278561675011378906e-02 9.296768320436959998e-02 1.752389622212107562e-02 5.689576695493854790e-04
1.875000000000000000e+04 7.500000319817974326e-01 8.469503868912152678e-01 4.506144742831133532e-02 9.035047792444242387e-02 1.729631315430131891e-02 3.413746017296313199e-04
1.900000000000000000e+04 7.600000324082214487e-01 8.606053709604005730e-01 3.982703686845699004e-02 8.352298588984979899e-02 1.570323167956303931e-02 3.413746017296313199e-04
1.925000000000000000e+04 7.700000328346452427e-01 8.616294947655894765e-01 4.233045061447428259e-02 8.295402822030041590e-02 1.251706873008648184e-02 5.689576695493854790e-04
1.950000000000000000e+04 7.800000332610692588e-01 8.606053709604005730e-01 4.301319981793354230e-02 8.363677742375967561e-02 1.183431952662721866e-02 9.103322712790168532e-04
1.975000000000000000e+04 7.900000336874932749e-01 8.594674556213017791e-01 4.870277651342740100e-02 8.067819754210286964e-02 9.444697314519799256e-03 1.706873008648156654e-03
2.000000000000000000e+04 8.000000341139172910e-01 8.603777878925807920e-01 4.881656804733727761e-02 8.113336367774237612e-02 8.989531178880291046e-03 6.827492034592626399e-04
2.025000000000000000e+04 8.100000345403413071e-01 8.584433318161128756e-01 5.120619025944470049e-02 8.170232134729175921e-02 8.079198907601274626e-03 5.689576695493854790e-04
2.050000000000000000e+04 8.200000349667651012e-01 8.677742375967227861e-01 4.961310878470642088e-02 7.305416477014110843e-02 8.534365043240782836e-03 1.024123805188893906e-03
2.075000000000000000e+04 8.300000353931891173e-01 8.771051433773326966e-01 4.506144742831133532e-02 6.884387801547564578e-02 7.737824305871643035e-03 1.251706873008648227e-03
2.100000000000000000e+04 8.400000358196131334e-01 8.822257624032772139e-01 4.198907601274465273e-02 6.554392353208920996e-02 9.217114246700046018e-03 1.024123805188893906e-03
2.125000000000000000e+04 8.500000362460371495e-01 8.833636777423760078e-01 4.050978607191624975e-02 6.543013199817933334e-02 9.558488848429677609e-03 1.137915339098770958e-03
2.150000000000000000e+04 8.600000366724609435e-01 8.937187073281748217e-01 3.641329085116067066e-02 6.030951297223486468e-02 8.306781975421027864e-03 1.251706873008648227e-03
2.175000000000000000e+04 8.700000370988849596e-01 9.010013654984069253e-01 3.607191624943104080e-02 5.382339553937186966e-02 8.192990441511151245e-03 9.103322712790168532e-04
2.200000000000000000e+04 8.800000375253089757e-01 9.037323623122439642e-01 3.538916704597178109e-02 5.131998179335457710e-02 8.306781975421027864e-03 1.251706873008648227e-03
2.225000000000000000e+04 8.900000379517329918e-01 9.004324078288575839e-01 3.482020937642239106e-02 5.518889394629039602e-02 8.306781975421027864e-03 1.251706873008648227e-03
2.250000000000000000e+04 9.000000383781567859e-01 9.099908966772871644e-01 3.220300409649522189e-02 4.972690031861629750e-02 7.282658170232134826e-03 7.965407373691396923e-04
2.275000000000000000e+04 9.100000388045808020e-01 9.128356850250340937e-01 3.163404642694583185e-02 4.710969503868912139e-02 6.827492034592626616e-03 1.593081474738279385e-03
2.300000000000000000e+04 9.200000392310048181e-01 9.171597633136094885e-01 2.753755120619025970e-02 4.551661356395084179e-02 8.420573509330906217e-03 1.365498406918525280e-03
2.325000000000000000e+04 9.300000396574288342e-01 9.201183431952663083e-01 2.878925807919890598e-02 4.335457441966317910e-02 6.486117432862995025e-03 1.251706873008648227e-03
2.350000000000000000e+04 9.400000400838528503e-01 9.244424214838415921e-01 2.378243058716431393e-02 4.233045061447428259e-02 7.510241238051888930e-03 1.934456076467910759e-03
2.375000000000000000e+04 9.500000405102766443e-01 9.308147473827946827e-01 2.093764223941738806e-02 3.971324533454710648e-02 7.510241238051888930e-03 1.024123805188893906e-03
2.400000000000000000e+04 9.600000409367006604e-01 9.319526627218934767e-01 2.105143377332726468e-02 3.755120619025944378e-02 6.713700500682749130e-03 2.730996813837050560e-03
2.425000000000000000e+04 9.700000413631246765e-01 9.346836595357305155e-01 2.071005917159763482e-02 3.834774692762858705e-02 5.006827492034592909e-03 1.251706873008648227e-03
2.450000000000000000e+04 9.800000417895486926e-01 9.382111970869366768e-01 2.082385070550751144e-02 3.265817023213472836e-02 6.827492034592626616e-03 1.479289940828402332e-03
2.475000000000000000e+04 9.900000422159724867e-01 9.390077378243059103e-01 2.173418297678652786e-02 3.208921256258534527e-02 5.461993627674101119e-03 1.706873008648156654e-03
2.500000000000000000e+04 1.000000042642396725e+00 9.419663177059627301e-01 1.968593536640873831e-02 3.174783796085571541e-02 5.120619025944469528e-03 1.479289940828402332e-03
