# itime ezz other fcc hcp bcc ico
0.000000000000000000e+00 0.000000000000000000e+00 1.251706873008648227e-03 9.987482931269913156e-01 0.000000000000000000e+00 0.000000000000000000e+00 0.000000000000000000e+00
2.500000000000000000e+01 1.000047294017480937e-03 1.024123805188893906e-03 9.989758761948110966e-01 0.000000000000000000e+00 0.000000000000000000e+00 0.000000000000000000e+00
5.000000000000000000e+01 2.000094588034961873e-03 1.137915339098771066e-04 9.998862084660901095e-01 0.000000000000000000e+00 0.000000000000000000e+00 0.000000000000000000e+00
7.500000000000000000e+01 3.000141882052220765e-03 1.479289940828402332e-03 9.985207100591716456e-01 0.000000000000000000e+00 0.000000000000000000e+00 0.000000000000000000e+00
1.000000000000000000e+02 4.000189176069701702e-03 5.689576695493854790e-04 9.994310423304506585e-01 0.000000000000000000e+00 0.000000000000000000e+00 0.000000000000000000e+00
1.250000000000000000e+02 5.000236470087182639e-03 4.551661356395084266e-04 9.995448338643604380e-01 0.000000000000000000e+00 0.000000000000000000e+00 0.000000000000000000e+00
1.500000000000000000e+02 6.000283764104663575e-03 4.551661356395084266e-04 9.995448338643604380e-01 0.000000000000000000e+00 0.000000000000000000e+00 0.000000000000000000e+00
1.750000000000000000e+02 7.000331058121922467e-03 1.706873008648156654e-03 9.982931269913518646e-01 0.000000000000000000e+00 0.000000000000000000e+00 0.000000000000000000e+00
2.000000000000000000e+02 8.000378352139403404e-03 2.048247610377787811e-03 9.979517523896221931e-01 0.000000000000000000e+00 0.000000000000000000e+00 0.000000000000000000e+00
2.250000000000000000e+02 9.000425646156884341e-03 6.827492034592626399e-04 9.993172507965407680e-01 0.000000000000000000e+00 0.000000000000000000e+00 0.000000000000000000e+00
2.500000000000000000e+02 1.000047294017436528e-02 1.593081474738279385e-03 9.984069185252617551e-01 0.000000000000000000e+00 0.000000000000000000e+00 0.000000000000000000e+00
2.750000000000000000e+02 1.100052023419162417e-02 1.137915339098770958e-03 9.988620846609012061e-01 0.000000000000000000e+00 0.000000000000000000e+00 0.000000000000000000e+00
3.000000000000000000e+02 1.200056752820910511e-02 7.965407373691396923e-04 9.990896677287209870e-01 0.000000000000000000e+00 1.137915339098771066e-04 0.000000000000000000e+00
3.250000000000000000e+02 1.300061482222658604e-02 1.365498406918525280e-03 9.986345015930814251e-01 0.000000000000000000e+00 0.000000000000000000e+00 0.000000000000000000e+00
3.500000000000000000e+02 1.400066211624406698e-02 1.820664542558033706e-03 9.981793354574419741e-01 0.000000000000000000e+00 0.000000000000000000e+00 0.000000000000000000e+00
3.750000000000000000e+02 1.500070941026132587e-02 1.137915339098770958e-03 9.988620846609012061e-01 0.000000000000000000e+00 0.000000000000000000e+00 0.000000000000000000e+00
4.000000000000000000e+02 1.600075670427880681e-02 2.048247610377787811e-03 9.978379608557123026e-01 0.000000000000000000e+00 1.137915339098771066e-04 0.000000000000000000e+00
4.250000000000000000e+02 1.700080399829628774e-02 1.251706873008648227e-03 9.987482931269913156e-01 0.000000000000000000e+00 0.000000000000000000e+00 0.000000000000000000e+00
4.500000000000000000e+02 1.800085129231376868e-02 1.024123805188893906e-03 9.989758761948110966e-01 0.000000000000000000e+00 0.000000000000000000e+00 0.000000000000000000e+00
4.750000000000000000e+02 1.900089858633102757e-02 7.965407373691396923e-04 9.990896677287209870e-01 0.000000000000000000e+00 1.137915339098771066e-04 0.000000000000000000e+00
5.000000000000000000e+02 2.000094588034850851e-02 1.934456076467910759e-03 9.980655439235320836e-01 0.000000000000000000e+00 0.000000000000000000e+00 0.000000000000000000e+00
5.250000000000000000e+02 2.100099317436598945e-02 1.593081474738279385e-03 9.984069185252617551e-01 0.000000000000000000e+00 0.000000000000000000e+00 0.000000000000000000e+00
5.500000000000000000e+02 2.200104046838347038e-02 2.844788347746927612e-03 9.971552116522530707e-01 0.000000000000000000e+00 0.000000000000000000e+00 0.000000000000000000e+00
5.750000000000000000e+02 2.300108776240072928e-02 2.389622212107419402e-03 9.976103777878926326e-01 0.000000000000000000e+00 0.000000000000000000e+00 0.000000000000000000e+00
6.000000000000000000e+02 2.400113505641821021e-02 3.299954483386436255e-03 9.965862539827037292e-01 0.000000000000000000e+00 1.137915339098771066e-04 0.000000000000000000e+00
6.250000000000000000e+02 2.500118235043569115e-02 4.779244424214838804e-03 9.951069640418752638e-01 0.000000000000000000e+00 1.137915339098771066e-04 0.000000000000000000e+00
6.500000000000000000e+02 2.600122964445317209e-02 2.844788347746927612e-03 9.971552116522530707e-01 0.000000000000000000e+00 0.000000000000000000e+00 0.000000000000000000e+00
6.750000000000000000e+02 2.700127693847043098e-02 3.186162949476558769e-03 9.968138370505233992e-01 0.000000000000000000e+00 0.000000000000000000e+00 0.000000000000000000e+00
7.000000000000000000e+02 2.800132423248791191e-02 4.210286754665453109e-03 9.956759217114247162e-01 0.000000000000000000e+00 1.137915339098771066e-04 0.000000000000000000e+00
7.250000000000000000e+02 2.900137152650539285e-02 5.348202093764223633e-03 9.946517979062358128e-01 0.000000000000000000e+00 0.000000000000000000e+00 0.000000000000000000e+00
7.500000000000000000e+02 3.000141882052287379e-02 2.730996813837050560e-03 9.972690031861629611e-01 0.000000000000000000e+00 0.000000000000000000e+00 0.000000000000000000e+00
7.750000000000000000e+02 3.100146611454013268e-02 4.551661356395083832e-03 9.954483386436049352e-01 0.000000000000000000e+00 0.000000000000000000e+00 0.000000000000000000e+00
8.000000000000000000e+02 3.200151340855761362e-02 5.234410559854347014e-03 9.945380063723259223e-01 0.000000000000000000e+00 2.275830678197542133e-04 0.000000000000000000e+00
8.250000000000000000e+02 3.300156070257509455e-02 5.006827492034592909e-03 9.948793809740554828e-01 0.000000000000000000e+00 1.137915339098771066e-04 0.000000000000000000e+00
8.500000000000000000e+02 3.400160799659257549e-02 5.348202093764223633e-03 9.945380063723259223e-01 0.000000000000000000e+00 1.137915339098771066e-04 0.000000000000000000e+00
8.750000000000000000e+02 3.500165529060983438e-02 3.413746017296313308e-03 9.965862539827037292e-01 0.000000000000000000e+00 0.000000000000000000e+00 0.000000000000000000e+00
9.000000000000000000e+02 3.600170258462731532e-02 6.599908966772872511e-03 9.934000910332271284e-01 0.000000000000000000e+00 0.000000000000000000e+00 0.000000000000000000e+00
9.250000000000000000e+02 3.700174987864479625e-02 7.624032771961766417e-03 9.921483841602184439e-01 0.000000000000000000e+00 2.275830678197542133e-04 0.000000000000000000e+00
9.500000000000000000e+02 3.800179717266227719e-02 7.965407373691398007e-03 9.920345926263085534e-01 0.000000000000000000e+00 0.000000000000000000e+00 0.000000000000000000e+00
9.750000000000000000e+02 3.900184446667953608e-02 5.120619025944469528e-03 9.946517979062358128e-01 0.000000000000000000e+00 2.275830678197542133e-04 0.000000000000000000e+00
1.000000000000000000e+03 4.000189176069701702e-02 8.534365043240782836e-03 9.911242603550295405e-01 0.000000000000000000e+00 3.413746017296313199e-04 0.000000000000000000e+00
1.025000000000000000e+03 4.100193905471449796e-02 7.624032771961766417e-03 9.921483841602184439e-01 0.000000000000000000e+00 2.275830678197542133e-04 0.000000000000000000e+00
1.050000000000000000e+03 4.200198634873197889e-02 9.444697314519799256e-03 9.902139280837505275e-01 0.000000000000000000e+00 3.413746017296313199e-04 0.000000000000000000e+00
1.075000000000000000e+03 4.300203364274923779e-02 1.012744651797906244e-02 9.896449704142011861e-01 0.000000000000000000e+00 2.275830678197542133e-04 0.000000000000000000e+00
1.100000000000000000e+03 4.400208093676671872e-02 1.126536185707783383e-02 9.883932635411925016e-01 0.000000000000000000e+00 3.413746017296313199e-04 0.000000000000000000e+00
1.125000000000000000e+03 4.500212823078419966e-02 8.192990441511151245e-03 9.915794264906691025e-01 0.000000000000000000e+00 2.275830678197542133e-04 0.000000000000000000e+00
1.150000000000000000e+03 4.600217552480168060e-02 7.396449704142011444e-03 9.923759672280382249e-01 0.000000000000000000e+00 2.275830678197542133e-04 0.000000000000000000e+00
1.175000000000000000e+03 4.700222281881893949e-02 1.433773327264451468e-02 9.855484751934455723e-01 0.000000000000000000e+00 1.137915339098771066e-04 0.000000000000000000e+00
1.200000000000000000e+03 4.800227011283642042e-02 1.046882111970869403e-02 9.889622212107419541e-01 0.000000000000000000e+00 5.689576695493854790e-04 0.000000000000000000e+00
1.225000000000000000e+03 4.900231740685390136e-02 1.263086026399635846e-02 9.872553482020938187e-01 0.000000000000000000e+00 1.137915339098771066e-04 0.000000000000000000e+00
1.250000000000000000e+03 5.000236470087138230e-02 1.604460628129267263e-02 9.836140191169776559e-01 0.000000000000000000e+00 3.413746017296313199e-04 0.000000000000000000e+00
1.275000000000000000e+03 5.100241199488864119e-02 1.502048247610377786e-02 9.841829767865271084e-01 0.000000000000000000e+00 7.965407373691396923e-04 0.000000000000000000e+00
1.300000000000000000e+03 5.200245928890612213e-02 1.604460628129267263e-02 9.833864360491579859e-01 0.000000000000000000e+00 5.689576695493854790e-04 0.000000000000000000e+00
1.325000000000000000e+03 5.300250658292360306e-02 1.695493855257168905e-02 9.825898953117887524e-01 0.000000000000000000e+00 4.551661356395084266e-04 0.000000000000000000e+00
1.350000000000000000e+03 5.400255387694108400e-02 2.036868456986800149e-02 9.791761492944924816e-01 0.000000000000000000e+00 4.551661356395084266e-04 0.000000000000000000e+00
1.375000000000000000e+03 5.500260117095834289e-02 2.253072371415566766e-02 9.766727355484752238e-01 0.000000000000000000e+00 7.965407373691396923e-04 0.000000000000000000e+00
1.400000000000000000e+03 5.600264846497582383e-02 2.048247610377787811e-02 9.782658170232134687e-01 0.000000000000000000e+00 1.251706873008648227e-03 0.000000000000000000e+00
1.425000000000000000e+03 5.700269575899330476e-02 2.162039144287665124e-02 9.773554847519344557e-01 0.000000000000000000e+00 1.024123805188893906e-03 0.000000000000000000e+00
1.450000000000000000e+03 5.800274305301078570e-02 2.366863905325443732e-02 9.751934456076467583e-01 0.000000000000000000e+00 1.137915339098770958e-03 0.000000000000000000e+00
1.475000000000000000e+03 5.900279034702826664e-02 2.753755120619025970e-02 9.707555757851615841e-01 0.000000000000000000e+00 1.706873008648156654e-03 0.000000000000000000e+00
1.500000000000000000e+03 6.000283764104552553e-02 2.332726445152480746e-02 9.743969048702776359e-01 0.000000000000000000e+00 2.275830678197541916e-03 0.000000000000000000e+00
1.525000000000000000e+03 6.100288493506300647e-02 3.095129722348657214e-02 9.674556213017750927e-01 0.000000000000000000e+00 1.593081474738279385e-03 0.000000000000000000e+00
1.550000000000000000e+03 6.200293222908048740e-02 2.844788347746927612e-02 9.693900773782430091e-01 0.000000000000000000e+00 2.162039144287664864e-03 0.000000000000000000e+00
1.575000000000000000e+03 6.300297952309796834e-02 4.164770141101502288e-02 9.565316340464269373e-01 0.000000000000000000e+00 1.820664542558033706e-03 0.000000000000000000e+00
1.600000000000000000e+03 6.400302681711522723e-02 3.186162949476559203e-02 9.671142467000455323e-01 0.000000000000000000e+00 1.024123805188893906e-03 0.000000000000000000e+00
1.625000000000000000e+03 6.500307411113270817e-02 3.243058716431497512e-02 9.646108329540282744e-01 0.000000000000000000e+00 2.958579881656804664e-03 0.000000000000000000e+00
1.650000000000000000e+03 6.600312140515018910e-02 4.050978607191624975e-02 9.566454255803368278e-01 0.000000000000000000e+00 2.844788347746927612e-03 0.000000000000000000e+00
1.675000000000000000e+03 6.700316869916767004e-02 4.210286754665452935e-02 9.560764679107874864e-01 0.000000000000000000e+00 1.820664542558033706e-03 0.000000000000000000e+00
1.700000000000000000e+03 6.800321599318492893e-02 4.346836595357305572e-02 9.539144287664997890e-01 0.000000000000000000e+00 2.617205279927173507e-03 0.000000000000000000e+00
1.725000000000000000e+03 6.900326328720240987e-02 4.528903049613108855e-02 9.503868912152936277e-01 0.000000000000000000e+00 4.324078288575329727e-03 0.000000000000000000e+00
1.750000000000000000e+03 7.000331058121989081e-02 5.860263996358670846e-02 9.371870732817478844e-01 0.000000000000000000e+00 4.210286754665453109e-03 0.000000000000000000e+00
1.775000000000000000e+03 7.100335787523737174e-02 5.871643149749658508e-02 9.370732817478379939e-01 0.000000000000000000e+00 4.210286754665453109e-03 0.000000000000000000e+00
1.800000000000000000e+03 7.200340516925463064e-02 6.577150659990896320e-02 9.285389167045972059e-01 0.000000000000000000e+00 5.689576695493855224e-03 0.000000000000000000e+00
1.825000000000000000e+03 7.300345246327211157e-02 6.565771506599908658e-02 9.294492489758762188e-01 0.000000000000000000e+00 4.893035958124715423e-03 0.000000000000000000e+00
1.850000000000000000e+03 7.400349975728959251e-02 6.725079654073737312e-02 9.274010013654984119e-01 0.000000000000000000e+00 5.348202093764223633e-03 0.000000000000000000e+00
1.875000000000000000e+03 7.500354705130707345e-02 7.532999544833864081e-02 9.184114701866180619e-01 0.000000000000000000e+00 6.258534365043240920e-03 0.000000000000000000e+00
1.900000000000000000e+03 7.600359434532433234e-02 7.305416477014110843e-02 9.209148839326354308e-01 0.000000000000000000e+00 6.030951297223486815e-03 0.000000000000000000e+00
1.925000000000000000e+03 7.700364163934181327e-02 7.544378698224851743e-02 9.187528447883477334e-01 0.000000000000000000e+00 5.803368229403732710e-03 0.000000000000000000e+00
1.950000000000000000e+03 7.800368893335929421e-02 8.227127901684114231e-02 9.126081019572144237e-01 0.000000000000000000e+00 5.120619025944469528e-03 0.000000000000000000e+00
1.975000000000000000e+03 7.900373622737677515e-02 8.227127901684114231e-02 9.105598543468366168e-01 0.000000000000000000e+00 7.168866636322257339e-03 0.000000000000000000e+00
2.000000000000000000e+03 8.000378352139403404e-02 9.763313609467455523e-02 8.947428311333637252e-01 0.000000000000000000e+00 7.624032771961766417e-03 0.000000000000000000e+00
2.025000000000000000e+03 8.100383081541151498e-02 1.017296313154301274e-01 8.870050068274920596e-01 0.000000000000000000e+00 1.126536185707783383e-02 0.000000000000000000e+00
2.050000000000000000e+03 8.200387810942899591e-02 1.136777423759672279e-01 8.736913973600364258e-01 0.000000000000000000e+00 1.263086026399635846e-02 0.000000000000000000e+00
2.075000000000000000e+03 8.300392540344647685e-02 1.077605826126536159e-01 8.794947655894401750e-01 0.000000000000000000e+00 1.274465179790623508e-02 0.000000000000000000e+00
2.100000000000000000e+03 8.400397269746373574e-02 1.461083295402822169e-01 8.400091033227128356e-01 0.000000000000000000e+00 1.388256713700500647e-02 0.000000000000000000e+00
2.125000000000000000e+03 8.500401999148121668e-02 1.444014565316340537e-01 8.373918980427855763e-01 0.000000000000000000e+00 1.820664542558033533e-02 0.000000000000000000e+00
2.150000000000000000e+03 8.600406728549869761e-02 1.461083295402822169e-01 8.318161128812016081e-01 0.000000000000000000e+00 2.207555757851615771e-02 0.000000000000000000e+00
2.175000000000000000e+03 8.700411457951617855e-02 1.621529358215748617e-01 8.107646791078744197e-01 0.000000000000000000e+00 2.708238507055074976e-02 0.000000000000000000e+00
2.200000000000000000e+03 8.800416187353343744e-02 1.785389167045971781e-01 7.915339098771051463e-01 0.000000000000000000e+00 2.992717341829767910e-02 0.000000000000000000e+00
2.225000000000000000e+03 8.900420916755091838e-02 1.918525261720528119e-01 7.727583067819754348e-01 3.413746017296313199e-04 3.504779244424215123e-02 0.000000000000000000e+00
2.250000000000000000e+03 9.000425646156839932e-02 2.234865725989986229e-01 7.335002275830677654e-01 0.000000000000000000e+00 4.301319981793354230e-02 0.000000000000000000e+00
2.275000000000000000e+03 9.100430375558588025e-02 2.348657259899863403e-01 7.117660446062813451e-01 3.413746017296313199e-04 5.302685480200273332e-02 0.000000000000000000e+00
2.300000000000000000e+03 9.200435104960313915e-02 2.438552571688666348e-01 6.878698224852071164e-01 7.965407373691396923e-04 6.747837960855712636e-02 0.000000000000000000e+00
2.325000000000000000e+03 9.300439834362062008e-02 2.603550295857988139e-01 6.538461538461538547e-01 4.551661356395084266e-04 8.534365043240782489e-02 0.000000000000000000e+00
2.350000000000000000e+03 9.400444563763810102e-02 2.704824761037779024e-01 6.346153846153845812e-01 2.275830678197542133e-04 9.467455621301774926e-02 0.000000000000000000e+00
2.375000000000000000e+03 9.500449293165558196e-02 2.752617205279926926e-01 6.106053709604005730e-01 1.251706873008648227e-03 1.128812016385980915e-01 0.000000000000000000e+00
2.400000000000000000e+03 9.600454022567284085e-02 2.947200728265816916e-01 5.687300864815657553e-01 2.730996813837050560e-03 1.338188438780154865e-01 0.000000000000000000e+00
2.425000000000000000e+03 9.700458751969032178e-02 3.277196176604460498e-01 5.163859808830223441e-01 3.868912152935821518e-03 1.520254893035958010e-01 0.000000000000000000e+00
2.450000000000000000e+03 9.800463481370780272e-02 3.335229858898497990e-01 4.927173418297678409e-01 4.324078288575329727e-03 1.694355939918070209e-01 0.000000000000000000e+00
2.475000000000000000e+03 9.900468210772528366e-02 3.444469731451980099e-01 4.585798816568047442e-01 4.665452890304961318e-03 1.923076923076923184e-01 0.000000000000000000e+00
2.500000000000000000e+03 1.000047294017425425e-01 3.517296313154301135e-01 4.205735093309057593e-01 1.035502958579881741e-02 2.173418297678652578e-01 0.000000000000000000e+00
2.525000000000000000e+03 1.010047766957600235e-01 3.538916704597178109e-01 3.895084205735093175e-01 1.297223486572599005e-02 2.436276741010468816e-01 0.000000000000000000e+00
2.550000000000000000e+03 1.020048239897775044e-01 3.678880291306326766e-01 3.577605826126536437e-01 1.411015020482476144e-02 2.602412380518889234e-01 0.000000000000000000e+00
2.575000000000000000e+03 1.030048712837949854e-01 3.537778789258079204e-01 3.441055985434683384e-01 1.752389622212107562e-02 2.845926263086026586e-01 0.000000000000000000e+00
2.600000000000000000e+03 1.040049185778122443e-01 3.615157032316795860e-01 3.206645425580336717e-01 1.957214383249886169e-02 2.982476103777879084e-01 0.000000000000000000e+00
2.625000000000000000e+03 1.050049658718297252e-01 3.723258989531179064e-01 3.070095584888484219e-01 2.389622212107419055e-02 2.967683204369594985e-01 0.000000000000000000e+00
2.650000000000000000e+03 1.060050131658472061e-01 3.755120619025944517e-01 2.906235776058261333e-01 2.787892580791988956e-02 3.059854346836595185e-01 0.000000000000000000e+00
2.675000000000000000e+03 1.070050604598646871e-01 3.884842967683204140e-01 2.784478834774692935e-01 3.038233955393718558e-02 3.026854802002730827e-01 0.000000000000000000e+00
2.700000000000000000e+03 1.080051077538819460e-01 3.875739644970414011e-01 2.729858898497951603e-01 3.311333636777423484e-02 3.063268092853891900e-01 0.000000000000000000e+00
2.725000000000000000e+03 1.090051550478994269e-01 3.834774692762858428e-01 2.732134729176149412e-01 3.891670459717797015e-02 3.043923532089212736e-01 0.000000000000000000e+00
2.750000000000000000e+03 1.100052023419169078e-01 3.969048702776513671e-01 2.679790623577605890e-01 4.506144742831133532e-02 2.900546199362767363e-01 0.000000000000000000e+00
2.775000000000000000e+03 1.110052496359343888e-01 4.020254893035958288e-01 2.654756486117432757e-01 5.188893946290396020e-02 2.806099226217569353e-01 0.000000000000000000e+00
2.800000000000000000e+03 1.120052969299516477e-01 4.097633136094674389e-01 2.500000000000000000e-01 5.484751934456076616e-02 2.853891670459717811e-01 0.000000000000000000e+00
2.825000000000000000e+03 1.130053442239691286e-01 4.213700500682749372e-01 2.393035958124715423e-01 5.655439235320892238e-02 2.827719617660446327e-01 0.000000000000000000e+00
2.850000000000000000e+03 1.140053915179866095e-01 4.314974965862539702e-01 2.305416477014110288e-01 6.224396904870277414e-02 2.757168866636321991e-01 0.000000000000000000e+00
2.875000000000000000e+03 1.150054388120040905e-01 4.329767865270823801e-01 2.247382794720072796e-01 6.941283568502502888e-02 2.728720983158853253e-01 0.000000000000000000e+00
2.900000000000000000e+03 1.160054861060215714e-01 4.321802457897132577e-01 2.215521165225307343e-01 6.838871187983613931e-02 2.778789258079198965e-01 0.000000000000000000e+00
2.925000000000000000e+03 1.170055334000388303e-01 4.403732362312243742e-01 2.152935821574874786e-01 7.521620391442876419e-02 2.691169776968593275e-01 0.000000000000000000e+00
2.950000000000000000e+03 1.180055806940563112e-01 4.433318161128811941e-01 2.156349567592171224e-01 8.113336367774237612e-02 2.598998634501593075e-01 0.000000000000000000e+00
2.975000000000000000e+03 1.190056279880737922e-01 4.369594902139281034e-01 2.126763768775603025e-01 8.295402822030041590e-02 2.674101046882111921e-01 0.000000000000000000e+00
3.000000000000000000e+03 1.200056752820912731e-01 4.332043695949021611e-01 2.125625853436504398e-01 8.147473827947200598e-02 2.727583067819754348e-01 0.000000000000000000e+00
3.025000000000000000e+03 1.210057225761085320e-01 4.491351843422849432e-01 1.983386436049157930e-01 8.852981338188438409e-02 2.639963586709148657e-01 0.000000000000000000e+00
3.050000000000000000e+03 1.220057698701260129e-01 4.436731907146108100e-01 1.983386436049157930e-01 9.330905780609922984e-02 2.646791078743741532e-01 0.000000000000000000e+00
3.075000000000000000e+03 1.230058171641434939e-01 4.402594446973145392e-01 1.937869822485207005e-01 9.854346836595356818e-02 2.674101046882111921e-01 0.000000000000000000e+00
3.100000000000000000e+03 1.240058644581609748e-01 4.335457441966317771e-01 1.934456076467910846e-01 1.026399635867091542e-01 2.703686845698680119e-01 0.000000000000000000e+00
3.125000000000000000e+03 1.250059117521782337e-01 4.402594446973145392e-01 1.883249886208466228e-01 1.079881656804733692e-01 2.634274010013655243e-01 0.000000000000000000e+00
3.150000000000000000e+03 1.260059590461957146e-01 4.375284478834774449e-01 1.874146563495675821e-01 1.106053709604005453e-01 2.644515248065543722e-01 0.000000000000000000e+00
3.175000000000000000e+03 1.270060063402131956e-01 4.418525261720527841e-01 1.846836595357305433e-01 1.139053254437869811e-01 2.595584888484296915e-01 0.000000000000000000e+00
3.200000000000000000e+03 1.280060536342306765e-01 4.478834774692762588e-01 1.730769230769230727e-01 1.223258989531178925e-01 2.567137005006827621e-01 0.000000000000000000e+00
3.225000000000000000e+03 1.290061009282479354e-01 4.431042330450614686e-01 1.759217114246700020e-01 1.195949021392808398e-01 2.613791533909877174e-01 0.000000000000000000e+00
3.250000000000000000e+03 1.300061482222654163e-01 4.616522530723713991e-01 1.645425580336822846e-01 1.250568957669549452e-01 2.487482931269913433e-01 0.000000000000000000e+00
3.275000000000000000e+03 1.310061955162828973e-01 4.549385525716886924e-01 1.652253072371415443e-01 1.266499772416932179e-01 2.531861629494765453e-01 0.000000000000000000e+00
3.300000000000000000e+03 1.320062428103003782e-01 4.408284023668638807e-01 1.618115612198452458e-01 1.302913063268092975e-01 2.670687300864815761e-01 0.000000000000000000e+00
3.325000000000000000e+03 1.330062901043176371e-01 4.475421028675466428e-01 1.519116977696859383e-01 1.382567137005006885e-01 2.622894856622667303e-01 0.000000000000000000e+00
3.350000000000000000e+03 1.340063373983351180e-01 4.467455621301775204e-01 1.490669094219390090e-01 1.409877105143377274e-01 2.631998179335457433e-01 0.000000000000000000e+00
3.375000000000000000e+03 1.350063846923525990e-01 4.573281747837960598e-01 1.464497041420118328e-01 1.445152480655439164e-01 2.517068730086481354e-01 0.000000000000000000e+00
3.400000000000000000e+03 1.360064319863700799e-01 4.706417842512516936e-01 1.420118343195266308e-01 1.436049157942649035e-01 2.437414656349567721e-01 0.000000000000000000e+00
3.425000000000000000e+03 1.370064792803873388e-01 4.725762403277196100e-01 1.454255803368229294e-01 1.457669549385525731e-01 2.362312243969048597e-01 0.000000000000000000e+00
3.450000000000000000e+03 1.380065265744048197e-01 4.662039144287665193e-01 1.479289940828402428e-01 1.512289485662266786e-01 2.346381429221665871e-01 0.000000000000000000e+00
3.475000000000000000e+03 1.390065738684223007e-01 4.703004096495220776e-01 1.458807464724624359e-01 1.484979517523896120e-01 2.353208921256258468e-01 0.000000000000000000e+00
3.500000000000000000e+03 1.400066211624397816e-01 4.780382339553937432e-01 1.396222121074192080e-01 1.477014110150204895e-01 2.346381429221665871e-01 0.000000000000000000e+00
3.525000000000000000e+03 1.410066684564570405e-01 4.729176149294492260e-01 1.415566681838871244e-01 1.471324533454710926e-01 2.383932635411925294e-01 0.000000000000000000e+00
3.550000000000000000e+03 1.420067157504745214e-01 4.698452435138825711e-01 1.332498862084660896e-01 1.488393263541192557e-01 2.480655439235320836e-01 0.000000000000000000e+00
3.575000000000000000e+03 1.430067630444920024e-01 4.676832043695949293e-01 1.365498406918525254e-01 1.520254893035958010e-01 2.437414656349567721e-01 0.000000000000000000e+00
3.600000000000000000e+03 1.440068103385094833e-01 4.833864360491579304e-01 1.255120619025944517e-01 1.548702776513427304e-01 2.362312243969048597e-01 0.000000000000000000e+00
3.625000000000000000e+03 1.450068576325267422e-01 4.781520254893035782e-01 1.202776513427400995e-01 1.631770596267637652e-01 2.383932635411925294e-01 0.000000000000000000e+00
3.650000000000000000e+03 1.460069049265442231e-01 4.886208466090122826e-01 1.236913973600364119e-01 1.524806554392353075e-01 2.352071005917159841e-01 0.000000000000000000e+00
3.675000000000000000e+03 1.470069522205617041e-01 4.830450614474283144e-01 1.230086481565771522e-01 1.598771051433773294e-01 2.340691852526172179e-01 0.000000000000000000e+00
3.700000000000000000e+03 1.480069995145791850e-01 4.948793809740555383e-01 1.191397360036413333e-01 1.596495220755575761e-01 2.263313609467455523e-01 0.000000000000000000e+00
3.725000000000000000e+03 1.490070468085964439e-01 4.954483386436049352e-01 1.192535275375512099e-01 1.624943104233045055e-01 2.228038233955393632e-01 0.000000000000000000e+00
3.750000000000000000e+03 1.500070941026139248e-01 4.955621301775147702e-01 1.248293126991351781e-01 1.610150204824760956e-01 2.185935366408739144e-01 0.000000000000000000e+00
3.775000000000000000e+03 1.510071413966314058e-01 4.965862539827036737e-01 1.162949476558944040e-01 1.657942649066909413e-01 2.213245334547109811e-01 0.000000000000000000e+00
3.800000000000000000e+03 1.520071886906488867e-01 5.117205279927173889e-01 1.083295402822029990e-01 1.726217569412835662e-01 2.073281747837960876e-01 0.000000000000000000e+00
3.825000000000000000e+03 1.530072359846661456e-01 4.980655439235320836e-01 1.092398725534820259e-01 1.712562585343650468e-01 2.214383249886208438e-01 0.000000000000000000e+00
3.850000000000000000e+03 1.540072832786836265e-01 4.982931269913518646e-01 1.043468365953573035e-01 1.677287209831588577e-01 2.296313154301319881e-01 0.000000000000000000e+00
3.875000000000000000e+03 1.550073305727011075e-01 5.059171597633136397e-01 1.004779244424214846e-01 1.734182976786527164e-01 2.201866181156121871e-01 0.000000000000000000e+00
3.900000000000000000e+03 1.560073778667185884e-01 4.995448338643604935e-01 1.019572143832498806e-01 1.777423759672280279e-01 2.207555757851615841e-01 0.000000000000000000e+00
3.925000000000000000e+03 1.570074251607358473e-01 5.110377787892580459e-01 9.979517523896222486e-02 1.763768775603095085e-01 2.127901684114701930e-01 0.000000000000000000e+00
3.950000000000000000e+03 1.580074724547533283e-01 5.065999089667728716e-01 9.888484296768319803e-02 1.854802002730996935e-01 2.090350477924442507e-01 0.000000000000000000e+00
3.975000000000000000e+03 1.590075197487708092e-01 5.118343195266271684e-01 9.956759217114247162e-02 1.857077833409194467e-01 2.028903049613108855e-01 0.000000000000000000e+00
4.000000000000000000e+03 1.600075670427882901e-01 5.096722803823395820e-01 9.820209376422393832e-02 1.892353208921256358e-01 2.028903049613108855e-01 0.000000000000000000e+00
4.025000000000000000e+03 1.610076143368055490e-01 5.133136094674556338e-01 9.433318161128811941e-02 1.966317705962676299e-01 1.957214383249886169e-01 0.000000000000000000e+00
4.050000000000000000e+03 1.620076616308230300e-01 5.098998634501593630e-01 9.012289485662267063e-02 1.945835229858898507e-01 2.053937187073281712e-01 0.000000000000000000e+00
4.075000000000000000e+03 1.630077089248405109e-01 5.072826581702321036e-01 8.602639963586708460e-02 1.986800182066454368e-01 2.080109239872553473e-01 0.000000000000000000e+00
4.100000000000000000e+03 1.640077562188579918e-01 5.127446517979061813e-01 8.591260810195720798e-02 2.048247610377788019e-01 1.965179790623577671e-01 0.000000000000000000e+00
4.125000000000000000e+03 1.650078035128752507e-01 5.219617660446063123e-01 8.477469276285844180e-02 2.030040964952207483e-01 1.902594446973145115e-01 0.000000000000000000e+00
4.150000000000000000e+03 1.660078508068927317e-01 5.145653163404643182e-01 8.625398270368685172e-02 2.084660901228948537e-01 1.907146108329540179e-01 0.000000000000000000e+00
4.175000000000000000e+03 1.670078981009102126e-01 5.203686845698679564e-01 8.716431497496586467e-02 2.093764223941738667e-01 1.830905780609922706e-01 0.000000000000000000e+00
4.200000000000000000e+03 1.680079453949276935e-01 5.200273099681383959e-01 8.887118798361401395e-02 2.065316340464269373e-01 1.845698680018206528e-01 0.000000000000000000e+00
4.225000000000000000e+03 1.690079926889449524e-01 5.200273099681383959e-01 8.727810650887574129e-02 2.084660901228948537e-01 1.842284934000910368e-01 0.000000000000000000e+00
4.250000000000000000e+03 1.700080399829624334e-01 5.212790168411469693e-01 8.363677742375967561e-02 2.101729631315430169e-01 1.849112426035502965e-01 0.000000000000000000e+00
4.275000000000000000e+03 1.710080872769799143e-01 5.303823395539372099e-01 8.192990441511151245e-02 2.100591715976331264e-01 1.776285844333181652e-01 0.000000000000000000e+00
4.300000000000000000e+03 1.720081345709973952e-01 5.218479745106964218e-01 8.409194355939918208e-02 2.225762403277196100e-01 1.714838416021848000e-01 0.000000000000000000e+00
4.325000000000000000e+03 1.730081818650148762e-01 5.307237141556667703e-01 8.511606736458807165e-02 2.216659080564405970e-01 1.624943104233045055e-01 0.000000000000000000e+00
4.350000000000000000e+03 1.740082291590321351e-01 5.135411925352754148e-01 8.397815202548930547e-02 2.283796085571233592e-01 1.741010468821119761e-01 0.000000000000000000e+00
4.375000000000000000e+03 1.750082764530496160e-01 5.229858898497952158e-01 8.090578060992262288e-02 2.375967228038234069e-01 1.585116067364588099e-01 0.000000000000000000e+00
4.400000000000000000e+03 1.760083237470670969e-01 5.351615839781520556e-01 8.033682294037323979e-02 2.339553937187073274e-01 1.505461993627674189e-01 0.000000000000000000e+00
4.425000000000000000e+03 1.770083710410845779e-01 5.253755120619025831e-01 8.204369594902138907e-02 2.463586709148839204e-01 1.462221210741920796e-01 0.000000000000000000e+00
4.450000000000000000e+03 1.780084183351018368e-01 5.240100136549841192e-01 8.261265361857077216e-02 2.430587164314974846e-01 1.503186162949476656e-01 0.000000000000000000e+00
4.475000000000000000e+03 1.790084656291193177e-01 5.209376422394174089e-01 7.954028220300408958e-02 2.407828857532999522e-01 1.587391898042785632e-01 0.000000000000000000e+00
4.500000000000000000e+03 1.800085129231367986e-01 5.275375512061902805e-01 7.646791078743742087e-02 2.380518889394629134e-01 1.578288575329995502e-01 1.137915339098771066e-04
4.525000000000000000e+03 1.810085602171542796e-01 5.357305416477013971e-01 7.737824305871643382e-02 2.418070095584888557e-01 1.450842057350933134e-01 0.000000000000000000e+00
4.550000000000000000e+03 1.820086075111715385e-01 5.228720983158853253e-01 7.840236686390532339e-02 2.525034137460173134e-01 1.462221210741920796e-01 0.000000000000000000e+00
4.575000000000000000e+03 1.830086548051890194e-01 5.284478834774692935e-01 7.874374146563495325e-02 2.497724169321802468e-01 1.430359581247155343e-01 0.000000000000000000e+00
4.600000000000000000e+03 1.840087020992065003e-01 5.158170232134728916e-01 8.204369594902138907e-02 2.548930359581247362e-01 1.472462448793809831e-01 0.000000000000000000e+00
4.625000000000000000e+03 1.850087493932239813e-01 5.304961310878471004e-01 7.589895311788802390e-02 2.597860719162494170e-01 1.338188438780154865e-01 0.000000000000000000e+00
4.650000000000000000e+03 1.860087966872412402e-01 5.135411925352754148e-01 7.749203459262631044e-02 2.704824761037779024e-01 1.384842967683204418e-01 0.000000000000000000e+00
4.675000000000000000e+03 1.870088439812587211e-01 5.028447883477469293e-01 7.794720072826581692e-02 2.729858898497951603e-01 1.462221210741920796e-01 0.000000000000000000e+00
4.700000000000000000e+03 1.880088912752762020e-01 5.157032316795630011e-01 7.385070550751024476e-02 2.738962221210741732e-01 1.365498406918525254e-01 0.000000000000000000e+00
4.725000000000000000e+03 1.890089385692936830e-01 5.050068274920346267e-01 7.203004096495220498e-02 2.816340464269458388e-01 1.413290851160673711e-01 0.000000000000000000e+00
4.750000000000000000e+03 1.900089858633109419e-01 5.215065999089667503e-01 6.873008648156576916e-02 2.834547109695038647e-01 1.263086026399635742e-01 0.000000000000000000e+00
4.775000000000000000e+03 1.910090331573284228e-01 5.064861174328629811e-01 7.282658170232134132e-02 2.880063723258989294e-01 1.326809285389166926e-01 0.000000000000000000e+00
4.800000000000000000e+03 1.920090804513459037e-01 5.056895766954938587e-01 6.816112881201638607e-02 2.958579881656804855e-01 1.302913063268092975e-01 0.000000000000000000e+00
4.825000000000000000e+03 1.930091277453633847e-01 5.002275830678197810e-01 6.781975421028675621e-02 3.017751479289940697e-01 1.301775147928994070e-01 0.000000000000000000e+00
4.850000000000000000e+03 1.940091750393806436e-01 4.910104688211197055e-01 6.964041875284478211e-02 3.030268548020027541e-01 1.363222576240327721e-01 0.000000000000000000e+00
4.875000000000000000e+03 1.950092223333981245e-01 4.977241693218024676e-01 6.998179335457442585e-02 3.042785616750113831e-01 1.280154756486117373e-01 0.000000000000000000e+00
4.900000000000000000e+03 1.960092696274156054e-01 4.903277196176604735e-01 7.100591715976331542e-02 3.122439690487027741e-01 1.264223941738734647e-01 0.000000000000000000e+00
4.925000000000000000e+03 1.970093169214330864e-01 4.871415566681838727e-01 7.248520710059171146e-02 3.186162949476559203e-01 1.217569412835685094e-01 0.000000000000000000e+00
4.950000000000000000e+03 1.980093642154503453e-01 4.795175238962220976e-01 7.168866636322257513e-02 3.236231224396904915e-01 1.251706873008648080e-01 0.000000000000000000e+00
4.975000000000000000e+03 1.990094115094678262e-01 4.830450614474283144e-01 7.294037323623121793e-02 3.236231224396904915e-01 1.203914428766499761e-01 0.000000000000000000e+00
5.000000000000000000e+03 2.000094588034853071e-01 4.802002730996813851e-01 7.282658170232134132e-02 3.319299044151114986e-01 1.150432407828857473e-01 0.000000000000000000e+00
5.025000000000000000e+03 2.010095060975027881e-01 4.868001820664542567e-01 6.736458807464724974e-02 3.323850705507510050e-01 1.134501593081474746e-01 0.000000000000000000e+00
5.050000000000000000e+03 2.020095533915200470e-01 4.829312699135184239e-01 6.702321347291761988e-02 3.352298588984979344e-01 1.148156577150659940e-01 0.000000000000000000e+00
5.075000000000000000e+03 2.030096006855375279e-01 4.832726445152480399e-01 6.804733727810650945e-02 3.344333181611288119e-01 1.142467000455166110e-01 0.000000000000000000e+00
5.100000000000000000e+03 2.040096479795550088e-01 4.773554847519344557e-01 6.884387801547564578e-02 3.380746472462448637e-01 1.157259899863450209e-01 0.000000000000000000e+00
5.125000000000000000e+03 2.050096952735724898e-01 4.682521620391442707e-01 6.747837960855712636e-02 3.507055075102412656e-01 1.135639508420573512e-01 0.000000000000000000e+00
5.150000000000000000e+03 2.060097425675897487e-01 4.644970414201183284e-01 6.690942193900774326e-02 3.566226672735548497e-01 1.119708693673190647e-01 0.000000000000000000e+00
5.175000000000000000e+03 2.070097898616072296e-01 4.630177514792899185e-01 6.952662721893490549e-02 3.587847064178424916e-01 1.086709148839326289e-01 0.000000000000000000e+00
5.200000000000000000e+03 2.080098371556247105e-01 4.553937187073281989e-01 7.123350022758306865e-02 3.675466545289030607e-01 1.058261265361857134e-01 0.000000000000000000e+00
5.225000000000000000e+03 2.090098844496421915e-01 4.531178880291306110e-01 7.350933090578061491e-02 3.714155666818388934e-01 1.019572143832498806e-01 0.000000000000000000e+00
5.250000000000000000e+03 2.100099317436594504e-01 4.492489758761948337e-01 7.157487482931269851e-02 3.786982248520709970e-01 1.004779244424214846e-01 0.000000000000000000e+00
5.275000000000000000e+03 2.110099790376769313e-01 4.437869822485207005e-01 7.544378698224851743e-02 3.875739644970414011e-01 9.308147473827947660e-02 1.137915339098771066e-04
5.300000000000000000e+03 2.120100263316944122e-01 4.394629039599453613e-01 7.635411925352754425e-02 4.054392353208920996e-01 7.874374146563495325e-02 0.000000000000000000e+00
5.325000000000000000e+03 2.130100736257118932e-01 4.338871187983613931e-01 7.885753299954482987e-02 4.076012744651797970e-01 7.965407373691398007e-02 0.000000000000000000e+00
5.350000000000000000e+03 2.140101209197291521e-01 4.213700500682749372e-01 8.101957214383249950e-02 4.185252617205280079e-01 7.908511606736458310e-02 0.000000000000000000e+00
5.375000000000000000e+03 2.150101682137466330e-01 4.128356850250341492e-01 8.557123350022757813e-02 4.344560764679107900e-01 6.702321347291761988e-02 1.137915339098771066e-04
5.400000000000000000e+03 2.160102155077641140e-01 4.086253982703687004e-01 8.693673190714611143e-02 4.425352753755120716e-01 6.190259444697314428e-02 0.000000000000000000e+00
5.425000000000000000e+03 2.170102628017815949e-01 3.974738279472007085e-01 8.773327264451524776e-02 4.530040964952207760e-01 6.178880291306326766e-02 0.000000000000000000e+00
5.450000000000000000e+03 2.180103100957988538e-01 3.864360491579426626e-01 8.659535730541648157e-02 4.698452435138825711e-01 5.712335002275830548e-02 0.000000000000000000e+00
5.475000000000000000e+03 2.190103573898163347e-01 3.790395994538006130e-01 8.682294037323623481e-02 4.797451069640418786e-01 5.439235320892125969e-02 0.000000000000000000e+00
5.500000000000000000e+03 2.200104046838338157e-01 3.643604915794265153e-01 9.023668639053254725e-02 4.891898042785616796e-01 5.609922621756941591e-02 1.137915339098771066e-04
5.525000000000000000e+03 2.210104519778512966e-01 3.604915794264906825e-01 9.114701866181156020e-02 5.003413746017296715e-01 4.802002730996814128e-02 0.000000000000000000e+00
5.550000000000000000e+03 2.220104992718685555e-01 3.561675011379153433e-01 9.274010013654984674e-02 5.096722803823395820e-01 4.142011834319526964e-02 0.000000000000000000e+00
5.575000000000000000e+03 2.230105465658860364e-01 3.405780609922621771e-01 9.387801547564861293e-02 5.228720983158853253e-01 4.267182521620391245e-02 0.000000000000000000e+00
5.600000000000000000e+03 2.240105938599035174e-01 3.282885753299954468e-01 9.751934456076467861e-02 5.316340464269457833e-01 4.255803368229403583e-02 0.000000000000000000e+00
5.625000000000000000e+03 2.250106411539209983e-01 3.297678652708238567e-01 9.626763768775603580e-02 5.365270823850705195e-01 3.732362312243969055e-02 1.137915339098771066e-04
5.650000000000000000e+03 2.260106884479382572e-01 3.230541647701410946e-01 9.797451069640418508e-02 5.449476558944014171e-01 3.390987710514337811e-02 1.137915339098771066e-04
5.675000000000000000e+03 2.270107357419557381e-01 3.206645425580336717e-01 1.003641329085116080e-01 5.482476103777879084e-01 3.072371415566681890e-02 0.000000000000000000e+00
