# itime ezz other fcc hcp bcc ico
0.000000000000000000e+00 0.000000000000000000e+00 5.689576695493854790e-04 9.994310423304506585e-01 0.000000000000000000e+00 0.000000000000000000e+00 0.000000000000000000e+00
3.000000000000000000e+00 1.199979702247278013e-03 3.413746017296313199e-04 9.996586253982703285e-01 0.000000000000000000e+00 0.000000000000000000e+00 0.000000000000000000e+00
6.000000000000000000e+00 2.399959404494556026e-03 9.103322712790168532e-04 9.990896677287209870e-01 0.000000000000000000e+00 0.000000000000000000e+00 0.000000000000000000e+00
9.000000000000000000e+00 3.599939106742056083e-03 1.251706873008648227e-03 9.987482931269913156e-01 0.000000000000000000e+00 0.000000000000000000e+00 0.000000000000000000e+00
1.200000000000000000e+01 4.799918808989334096e-03 6.827492034592626399e-04 9.992034592626308775e-01 0.000000000000000000e+00 1.137915339098771066e-04 0.000000000000000000e+00
1.500000000000000000e+01 5.999898511236612109e-03 5.689576695493854790e-04 9.994310423304506585e-01 0.000000000000000000e+00 0.000000000000000000e+00 0.000000000000000000e+00
1.800000000000000000e+01 7.199878213483890121e-03 4.551661356395084266e-04 9.995448338643604380e-01 0.000000000000000000e+00 0.000000000000000000e+00 0.000000000000000000e+00
2.100000000000000000e+01 8.399857915731168134e-03 1.365498406918525280e-03 9.986345015930814251e-01 0.000000000000000000e+00 0.000000000000000000e+00 0.000000000000000000e+00
2.400000000000000000e+01 9.599837617978668192e-03 1.479289940828402332e-03 9.985207100591716456e-01 0.000000000000000000e+00 0.000000000000000000e+00 0.000000000000000000e+00
2.700000000000000000e+01 1.079981732022594620e-02 2.275830678197542133e-04 9.997724169321802190e-01 0.000000000000000000e+00 0.000000000000000000e+00 0.000000000000000000e+00
3.000000000000000000e+01 1.199979702247322422e-02 1.137915339098771066e-04 9.998862084660901095e-01 0.000000000000000000e+00 0.000000000000000000e+00 0.000000000000000000e+00
3.300000000000000000e+01 1.319977672472050223e-02 6.827492034592626399e-04 9.993172507965407680e-01 0.000000000000000000e+00 0.000000000000000000e+00 0.000000000000000000e+00
3.600000000000000000e+01 1.439975642696778024e-02 1.137915339098770958e-03 9.988620846609012061e-01 0.000000000000000000e+00 0.000000000000000000e+00 0.000000000000000000e+00
3.900000000000000000e+01 1.559973612921528030e-02 1.934456076467910759e-03 9.980655439235320836e-01 0.000000000000000000e+00 0.000000000000000000e+00 0.000000000000000000e+00
4.200000000000000000e+01 1.679971583146255831e-02 2.389622212107419402e-03 9.974965862539827421e-01 0.000000000000000000e+00 1.137915339098771066e-04 0.000000000000000000e+00
4.500000000000000000e+01 1.799969553370983633e-02 2.048247610377787811e-03 9.979517523896221931e-01 0.000000000000000000e+00 0.000000000000000000e+00 0.000000000000000000e+00
4.800000000000000000e+01 1.919967523595711434e-02 1.479289940828402332e-03 9.985207100591716456e-01 0.000000000000000000e+00 0.000000000000000000e+00 0.000000000000000000e+00
5.100000000000000000e+01 2.039965493820439235e-02 2.617205279927173507e-03 9.973827947200728516e-01 0.000000000000000000e+00 0.000000000000000000e+00 0.000000000000000000e+00
5.400000000000000000e+01 2.159963464045189241e-02 3.072371415566681717e-03 9.968138370505233992e-01 0.000000000000000000e+00 1.137915339098771066e-04 0.000000000000000000e+00
5.700000000000000000e+01 2.279961434269917042e-02 2.503413746017296455e-03 9.973827947200728516e-01 0.000000000000000000e+00 1.137915339098771066e-04 0.000000000000000000e+00
6.000000000000000000e+01 2.399959404494644843e-02 1.593081474738279385e-03 9.982931269913518646e-01 0.000000000000000000e+00 1.137915339098771066e-04 0.000000000000000000e+00
6.300000000000000000e+01 2.519957374719372645e-02 1.251706873008648227e-03 9.987482931269913156e-01 0.000000000000000000e+00 0.000000000000000000e+00 0.000000000000000000e+00
6.600000000000000000e+01 2.639955344944100446e-02 2.275830678197541916e-03 9.977241693218024121e-01 0.000000000000000000e+00 0.000000000000000000e+00 0.000000000000000000e+00
6.900000000000000000e+01 2.759953315168828247e-02 2.617205279927173507e-03 9.973827947200728516e-01 0.000000000000000000e+00 0.000000000000000000e+00 0.000000000000000000e+00
7.200000000000000000e+01 2.879951285393578253e-02 3.072371415566681717e-03 9.969276285844332897e-01 0.000000000000000000e+00 0.000000000000000000e+00 0.000000000000000000e+00
7.500000000000000000e+01 2.999949255618306054e-02 2.844788347746927612e-03 9.971552116522530707e-01 0.000000000000000000e+00 0.000000000000000000e+00 0.000000000000000000e+00
7.800000000000000000e+01 3.119947225843033856e-02 2.275830678197541916e-03 9.977241693218024121e-01 0.000000000000000000e+00 0.000000000000000000e+00 0.000000000000000000e+00
8.100000000000000000e+01 3.239945196067761657e-02 2.389622212107419402e-03 9.976103777878926326e-01 0.000000000000000000e+00 0.000000000000000000e+00 0.000000000000000000e+00
8.400000000000000000e+01 3.359943166292489458e-02 3.413746017296313308e-03 9.965862539827037292e-01 0.000000000000000000e+00 0.000000000000000000e+00 0.000000000000000000e+00
8.700000000000000000e+01 3.479941136517239464e-02 4.779244424214838804e-03 9.951069640418752638e-01 0.000000000000000000e+00 1.137915339098771066e-04 0.000000000000000000e+00
9.000000000000000000e+01 3.599939106741967265e-02 5.689576695493855224e-03 9.941966317705962508e-01 0.000000000000000000e+00 1.137915339098771066e-04 0.000000000000000000e+00
9.300000000000000000e+01 3.719937076966695066e-02 5.575785161583977738e-03 9.944242148384160318e-01 0.000000000000000000e+00 0.000000000000000000e+00 0.000000000000000000e+00
9.600000000000000000e+01 3.839935047191422868e-02 4.665452890304961318e-03 9.949931725079653733e-01 0.000000000000000000e+00 3.413746017296313199e-04 0.000000000000000000e+00
9.900000000000000000e+01 3.959933017416150669e-02 5.348202093764223633e-03 9.940828402366863603e-01 0.000000000000000000e+00 5.689576695493854790e-04 0.000000000000000000e+00
1.020000000000000000e+02 4.079930987640900675e-02 4.665452890304961318e-03 9.951069640418752638e-01 0.000000000000000000e+00 2.275830678197542133e-04 0.000000000000000000e+00
1.050000000000000000e+02 4.199928957865628476e-02 7.851615839781519654e-03 9.920345926263085534e-01 0.000000000000000000e+00 1.137915339098771066e-04 0.000000000000000000e+00
1.080000000000000000e+02 4.319926928090356277e-02 9.330905780609922637e-03 9.903277196176604180e-01 0.000000000000000000e+00 3.413746017296313199e-04 0.000000000000000000e+00
1.110000000000000000e+02 4.439924898315084079e-02 1.058261265361857065e-02 9.891898042785616241e-01 0.000000000000000000e+00 2.275830678197542133e-04 0.000000000000000000e+00
1.140000000000000000e+02 4.559922868539811880e-02 1.001365498406918582e-02 9.898725534820209671e-01 0.000000000000000000e+00 1.137915339098771066e-04 0.000000000000000000e+00
1.170000000000000000e+02 4.679920838764561886e-02 9.444697314519799256e-03 9.903277196176604180e-01 0.000000000000000000e+00 2.275830678197542133e-04 0.000000000000000000e+00
1.200000000000000000e+02 4.799918808989289687e-02 8.989531178880291046e-03 9.908966772872098705e-01 0.000000000000000000e+00 1.137915339098771066e-04 0.000000000000000000e+00
1.230000000000000000e+02 4.919916779214017488e-02 9.558488848429677609e-03 9.897587619481110766e-01 0.000000000000000000e+00 6.827492034592626399e-04 0.000000000000000000e+00
1.260000000000000000e+02 5.039914749438745289e-02 1.012744651797906244e-02 9.894173873463814051e-01 0.000000000000000000e+00 4.551661356395084266e-04 0.000000000000000000e+00
1.290000000000000000e+02 5.159912719663473091e-02 9.330905780609922637e-03 9.902139280837505275e-01 0.000000000000000000e+00 4.551661356395084266e-04 0.000000000000000000e+00
1.320000000000000000e+02 5.279910689888223096e-02 1.001365498406918582e-02 9.896449704142011861e-01 0.000000000000000000e+00 3.413746017296313199e-04 0.000000000000000000e+00
1.350000000000000000e+02 5.399908660112950898e-02 1.103777878925807886e-02 9.882794720072826111e-01 0.000000000000000000e+00 6.827492034592626399e-04 0.000000000000000000e+00
1.380000000000000000e+02 5.519906630337678699e-02 1.183431952662721866e-02 9.869139736003641472e-01 0.000000000000000000e+00 1.251706873008648227e-03 0.000000000000000000e+00
1.410000000000000000e+02 5.639904600562406500e-02 1.342740100136549826e-02 9.857760582612653533e-01 0.000000000000000000e+00 7.965407373691396923e-04 0.000000000000000000e+00
1.440000000000000000e+02 5.759902570787134302e-02 1.331360946745562164e-02 9.861174328629950248e-01 0.000000000000000000e+00 5.689576695493854790e-04 0.000000000000000000e+00
1.470000000000000000e+02 5.879900541011884307e-02 1.479289940828402289e-02 9.844105598543468894e-01 0.000000000000000000e+00 7.965407373691396923e-04 0.000000000000000000e+00
1.500000000000000000e+02 5.999898511236612109e-02 1.593081474738279601e-02 9.837278106508875464e-01 0.000000000000000000e+00 3.413746017296313199e-04 0.000000000000000000e+00
1.530000000000000000e+02 6.119896481461339910e-02 1.911697769685935522e-02 9.804278561675011661e-01 0.000000000000000000e+00 4.551661356395084266e-04 0.000000000000000000e+00
1.560000000000000000e+02 6.239894451686067711e-02 2.082385070550751144e-02 9.783796085571233592e-01 0.000000000000000000e+00 7.965407373691396923e-04 0.000000000000000000e+00
1.590000000000000000e+02 6.359892421910795512e-02 2.253072371415566766e-02 9.769003186162948937e-01 0.000000000000000000e+00 5.689576695493854790e-04 0.000000000000000000e+00
1.620000000000000000e+02 6.479890392135545518e-02 2.674101046882111990e-02 9.724624487938097195e-01 0.000000000000000000e+00 7.965407373691396923e-04 0.000000000000000000e+00
1.650000000000000000e+02 6.599888362360273319e-02 2.708238507055074976e-02 9.718934911242603780e-01 0.000000000000000000e+00 1.024123805188893906e-03 0.000000000000000000e+00
1.680000000000000000e+02 6.719886332585001121e-02 2.719617660446062984e-02 9.713245334547109255e-01 0.000000000000000000e+00 1.479289940828402332e-03 0.000000000000000000e+00
1.710000000000000000e+02 6.839884302809728922e-02 2.901684114701866268e-02 9.699590350477924616e-01 0.000000000000000000e+00 1.024123805188893906e-03 0.000000000000000000e+00
1.740000000000000000e+02 6.959882273034456723e-02 3.152025489303595523e-02 9.665452890304960798e-01 0.000000000000000000e+00 1.934456076467910759e-03 0.000000000000000000e+00
1.770000000000000000e+02 7.079880243259206729e-02 3.686845698680018407e-02 9.615384615384615641e-01 0.000000000000000000e+00 1.593081474738279385e-03 0.000000000000000000e+00
1.800000000000000000e+02 7.199878213483934530e-02 3.994082840236686666e-02 9.583522985889849632e-01 0.000000000000000000e+00 1.706873008648156654e-03 0.000000000000000000e+00
1.830000000000000000e+02 7.319876183708662332e-02 4.312699135184342586e-02 9.549385525716886924e-01 0.000000000000000000e+00 1.934456076467910759e-03 0.000000000000000000e+00
1.860000000000000000e+02 7.439874153933390133e-02 4.710969503868912139e-02 9.507282658170231882e-01 0.000000000000000000e+00 2.162039144287664864e-03 0.000000000000000000e+00
1.890000000000000000e+02 7.559872124158117934e-02 4.688211197086936816e-02 9.511834319526627501e-01 0.000000000000000000e+00 1.934456076467910759e-03 0.000000000000000000e+00
1.920000000000000000e+02 7.679870094382845735e-02 4.984069185252617412e-02 9.483386436049158208e-01 0.000000000000000000e+00 1.820664542558033706e-03 0.000000000000000000e+00
1.950000000000000000e+02 7.799868064607595741e-02 5.507510241238051940e-02 9.421939007737824001e-01 0.000000000000000000e+00 2.730996813837050560e-03 0.000000000000000000e+00
1.980000000000000000e+02 7.919866034832323543e-02 5.974055530268548159e-02 9.370732817478379939e-01 0.000000000000000000e+00 3.186162949476558769e-03 0.000000000000000000e+00
2.010000000000000000e+02 8.039864005057051344e-02 6.634046426945834629e-02 9.316112881201638052e-01 0.000000000000000000e+00 2.048247610377787811e-03 0.000000000000000000e+00
2.040000000000000000e+02 8.159861975281779145e-02 7.168866636322257513e-02 9.260355029585798370e-01 0.000000000000000000e+00 2.275830678197541916e-03 0.000000000000000000e+00
2.070000000000000000e+02 8.279859945506506946e-02 7.259899863450158808e-02 9.238734638142922506e-01 0.000000000000000000e+00 3.527537551206190360e-03 0.000000000000000000e+00
2.100000000000000000e+02 8.399857915731256952e-02 7.225762403277195822e-02 9.227355484751934567e-01 0.000000000000000000e+00 5.006827492034592909e-03 0.000000000000000000e+00
2.130000000000000000e+02 8.519855885955984753e-02 7.624032771961765376e-02 9.188666363222576239e-01 0.000000000000000000e+00 4.893035958124715423e-03 0.000000000000000000e+00
2.160000000000000000e+02 8.639853856180712555e-02 8.010923987255348655e-02 9.146563495675921196e-01 0.000000000000000000e+00 5.234410559854347014e-03 0.000000000000000000e+00
2.190000000000000000e+02 8.759851826405440356e-02 9.205735093309057315e-02 9.028220300409649512e-01 0.000000000000000000e+00 5.120619025944469528e-03 0.000000000000000000e+00
2.220000000000000000e+02 8.879849796630168157e-02 1.012744651797906209e-01 8.937187073281748217e-01 0.000000000000000000e+00 5.006827492034592909e-03 0.000000000000000000e+00
2.250000000000000000e+02 8.999847766854918163e-02 1.048020027309968100e-01 8.884842967683204140e-01 0.000000000000000000e+00 6.713700500682749130e-03 0.000000000000000000e+00
2.280000000000000000e+02 9.119845737079645964e-02 1.140191169776968577e-01 8.781292671825216001e-01 0.000000000000000000e+00 7.851615839781519654e-03 0.000000000000000000e+00
2.310000000000000000e+02 9.239843707304373766e-02 1.246017296313154249e-01 8.667501137915338827e-01 0.000000000000000000e+00 8.648156577150659455e-03 0.000000000000000000e+00
2.340000000000000000e+02 9.359841677529101567e-02 1.346153846153846090e-01 8.560537096040055083e-01 0.000000000000000000e+00 9.330905780609922637e-03 0.000000000000000000e+00
2.370000000000000000e+02 9.479839647753829368e-02 1.466772872098315861e-01 8.444469731451980099e-01 0.000000000000000000e+00 8.875739644970414427e-03 0.000000000000000000e+00
2.400000000000000000e+02 9.599837617978579374e-02 1.533909877105143482e-01 8.362539827036868934e-01 0.000000000000000000e+00 1.035502958579881741e-02 0.000000000000000000e+00
2.430000000000000000e+02 9.719835588203307175e-02 1.545289030496131144e-01 8.360263996358671124e-01 0.000000000000000000e+00 9.444697314519799256e-03 0.000000000000000000e+00
2.460000000000000000e+02 9.839833558428034976e-02 1.673873463814292140e-01 8.227127901684114786e-01 0.000000000000000000e+00 9.899863450159307465e-03 0.000000000000000000e+00
2.490000000000000000e+02 9.959831528652762778e-02 1.750113791533909890e-01 8.122439690487027741e-01 0.000000000000000000e+00 1.274465179790623508e-02 0.000000000000000000e+00
2.520000000000000000e+02 1.007982949887749058e-01 1.859353664087392000e-01 8.007510241238051663e-01 0.000000000000000000e+00 1.331360946745562164e-02 0.000000000000000000e+00
2.550000000000000000e+02 1.019982746910224058e-01 1.985662266727355463e-01 7.860719162494310686e-01 0.000000000000000000e+00 1.536185707783340945e-02 0.000000000000000000e+00
2.580000000000000000e+02 1.031982543932696839e-01 2.050523441055985552e-01 7.767410104688211581e-01 0.000000000000000000e+00 1.820664542558033533e-02 0.000000000000000000e+00
2.610000000000000000e+02 1.043982340955169619e-01 2.162039144287664916e-01 7.668411470186617951e-01 0.000000000000000000e+00 1.695493855257168905e-02 0.000000000000000000e+00
2.640000000000000000e+02 1.055982137977642399e-01 2.267865270823850588e-01 7.542102867546655043e-01 0.000000000000000000e+00 1.900318616294947513e-02 0.000000000000000000e+00
2.670000000000000000e+02 1.067981935000115179e-01 2.403277196176604458e-01 7.393035958124715146e-01 0.000000000000000000e+00 2.036868456986800149e-02 0.000000000000000000e+00
2.700000000000000000e+02 1.079981732022590180e-01 2.467000455166135642e-01 7.316795630405097395e-01 0.000000000000000000e+00 2.162039144287665124e-02 0.000000000000000000e+00
2.730000000000000000e+02 1.091981529045062960e-01 2.558033682294037492e-01 7.205279927173418031e-01 0.000000000000000000e+00 2.366863905325443732e-02 0.000000000000000000e+00
2.760000000000000000e+02 1.103981326067535740e-01 2.719617660446062568e-01 7.038006372325898985e-01 0.000000000000000000e+00 2.423759672280382388e-02 0.000000000000000000e+00
2.790000000000000000e+02 1.115981123090008520e-01 2.827719617660446327e-01 6.910559854346836062e-01 0.000000000000000000e+00 2.617205279927173334e-02 0.000000000000000000e+00
2.820000000000000000e+02 1.127980920112481300e-01 2.961993627674101015e-01 6.726217569412835662e-01 0.000000000000000000e+00 3.117888029130632538e-02 0.000000000000000000e+00
2.850000000000000000e+02 1.139980717134956301e-01 3.131543013199817871e-01 6.544151115157031962e-01 0.000000000000000000e+00 3.243058716431497512e-02 0.000000000000000000e+00
2.880000000000000000e+02 1.151980514157429081e-01 3.280609922621757213e-01 6.371187983614019501e-01 0.000000000000000000e+00 3.482020937642239106e-02 0.000000000000000000e+00
2.910000000000000000e+02 1.163980311179901861e-01 3.345471096950387024e-01 6.234638142922166448e-01 0.000000000000000000e+00 4.198907601274465273e-02 0.000000000000000000e+00
2.940000000000000000e+02 1.175980108202374641e-01 3.495675921711424716e-01 6.086709148839326566e-01 0.000000000000000000e+00 4.176149294492489950e-02 0.000000000000000000e+00
2.970000000000000000e+02 1.187979905224847421e-01 3.687983614019116896e-01 5.863677742375966728e-01 1.137915339098771066e-04 4.472007282658170546e-02 0.000000000000000000e+00
3.000000000000000000e+02 1.199979702247322422e-01 3.851843422849339782e-01 5.652025489303595940e-01 1.137915339098771066e-04 4.949931725079653733e-02 0.000000000000000000e+00
3.030000000000000000e+02 1.211979499269795202e-01 4.062357760582612776e-01 5.440373236231224041e-01 1.137915339098771066e-04 4.961310878470642088e-02 0.000000000000000000e+00
3.060000000000000000e+02 1.223979296292267982e-01 4.231907146108329631e-01 5.228720983158853253e-01 1.137915339098771066e-04 5.382339553937186966e-02 0.000000000000000000e+00
3.090000000000000000e+02 1.235979093314740762e-01 4.360491579426490905e-01 5.045516613563950648e-01 2.275830678197542133e-04 5.917159763313609155e-02 0.000000000000000000e+00
3.120000000000000000e+02 1.247978890337213542e-01 4.525489303595812696e-01 4.828174783796085334e-01 2.275830678197542133e-04 6.440600819299044377e-02 0.000000000000000000e+00
3.150000000000000000e+02 1.259978687359686322e-01 4.651797906235776159e-01 4.650659990896677254e-01 6.827492034592626399e-04 6.907146108329539902e-02 0.000000000000000000e+00
3.180000000000000000e+02 1.271978484382161323e-01 4.763313609467455523e-01 4.494765589440145592e-01 1.479289940828402332e-03 7.271279016841146470e-02 0.000000000000000000e+00
3.210000000000000000e+02 1.283978281404634103e-01 4.948793809740555383e-01 4.280837505689576439e-01 1.593081474738279385e-03 7.544378698224851743e-02 0.000000000000000000e+00
3.240000000000000000e+02 1.295978078427106883e-01 5.062585343650432002e-01 4.138598088302230527e-01 1.706873008648156654e-03 7.817478379608557015e-02 0.000000000000000000e+00
3.270000000000000000e+02 1.307977875449579663e-01 5.241238051888938987e-01 3.931497496586254248e-01 2.275830678197541916e-03 8.045061447428311641e-02 0.000000000000000000e+00
3.300000000000000000e+02 1.319977672472052443e-01 5.369822485207100815e-01 3.743741465634956578e-01 2.162039144287664864e-03 8.648156577150660496e-02 0.000000000000000000e+00
3.330000000000000000e+02 1.331977469494527444e-01 5.473372781065088954e-01 3.593536640873918886e-01 1.934456076467910759e-03 9.137460172963131344e-02 0.000000000000000000e+00
3.360000000000000000e+02 1.343977266517000224e-01 5.593991807009558448e-01 3.412608101957214646e-01 2.048247610377787811e-03 9.729176149294492537e-02 0.000000000000000000e+00
3.390000000000000000e+02 1.355977063539473004e-01 5.696404187528447682e-01 3.263541192535275304e-01 2.275830678197541916e-03 1.017296313154301274e-01 0.000000000000000000e+00
3.420000000000000000e+02 1.367976860561945784e-01 5.762403277196176399e-01 3.086026399635867223e-01 2.730996813837050560e-03 1.124260355029585851e-01 0.000000000000000000e+00
3.450000000000000000e+02 1.379976657584418565e-01 5.873918980427855763e-01 2.905097860719162428e-01 3.413746017296313308e-03 1.186845698680018268e-01 0.000000000000000000e+00
3.480000000000000000e+02 1.391976454606893565e-01 6.024123805188893455e-01 2.699135184342285054e-01 3.868912152935821518e-03 1.238051888939462886e-01 0.000000000000000000e+00
3.510000000000000000e+02 1.403976251629366345e-01 6.150432407828857473e-01 2.532999544833864358e-01 3.641329085116067413e-03 1.280154756486117373e-01 0.000000000000000000e+00
3.540000000000000000e+02 1.415976048651839125e-01 6.215293582157487284e-01 2.415794264906691025e-01 4.096495220755575623e-03 1.327947200728265831e-01 0.000000000000000000e+00
3.570000000000000000e+02 1.427975845674311905e-01 6.272189349112425871e-01 2.309968138370505353e-01 4.665452890304961318e-03 1.371187983614019223e-01 0.000000000000000000e+00
3.600000000000000000e+02 1.439975642696784686e-01 6.430359581247154788e-01 2.127901684114701930e-01 4.551661356395083832e-03 1.396222121074192080e-01 0.000000000000000000e+00
3.630000000000000000e+02 1.451975439719259686e-01 6.471324533454710926e-01 2.000455166135639562e-01 6.599908966772872511e-03 1.462221210741920796e-01 0.000000000000000000e+00
3.660000000000000000e+02 1.463975236741732466e-01 6.571461083295402350e-01 1.833181611288120239e-01 7.851615839781519654e-03 1.516841147018661851e-01 0.000000000000000000e+00
3.690000000000000000e+02 1.475975033764205246e-01 6.659080564406008040e-01 1.730769230769230727e-01 8.761948111060537808e-03 1.522530723714155543e-01 0.000000000000000000e+00
3.720000000000000000e+02 1.487974830786678027e-01 6.693218024578971859e-01 1.637460172963131622e-01 8.989531178880291046e-03 1.579426490669094130e-01 0.000000000000000000e+00
3.750000000000000000e+02 1.499974627809150807e-01 6.712562585343649912e-01 1.558944014565316338e-01 9.672280382339554228e-03 1.631770596267637652e-01 0.000000000000000000e+00
3.780000000000000000e+02 1.511974424831625807e-01 6.764906690942193990e-01 1.457669549385525731e-01 1.081019572143832562e-02 1.669321802457897075e-01 0.000000000000000000e+00
3.810000000000000000e+02 1.523974221854098587e-01 6.842284934000910646e-01 1.384842967683204418e-01 1.126536185707783383e-02 1.660218479745106945e-01 0.000000000000000000e+00
3.840000000000000000e+02 1.535974018876571368e-01 6.825216203914429292e-01 1.334774692762858428e-01 1.285844333181611343e-02 1.711424670004551563e-01 0.000000000000000000e+00
3.870000000000000000e+02 1.547973815899044148e-01 6.832043695949021611e-01 1.273327264451524776e-01 1.422394173873463806e-02 1.752389622212107423e-01 0.000000000000000000e+00
3.900000000000000000e+02 1.559973612921516928e-01 6.824078288575330387e-01 1.213017751479289891e-01 1.524806554392353283e-02 1.810423304506144637e-01 0.000000000000000000e+00
3.930000000000000000e+02 1.571973409943991928e-01 6.837733272644515026e-01 1.156121984524351443e-01 1.502048247610377786e-02 1.855939918070095562e-01 0.000000000000000000e+00
3.960000000000000000e+02 1.583973206966464709e-01 6.867319071461083224e-01 1.083295402822029990e-01 1.467910787437414627e-02 1.902594446973145115e-01 0.000000000000000000e+00
3.990000000000000000e+02 1.595973003988937489e-01 6.841147018661811741e-01 1.046882111970869333e-01 1.604460628129267263e-02 1.951524806554392477e-01 0.000000000000000000e+00
4.020000000000000000e+02 1.607972801011410269e-01 6.915111515703231682e-01 9.797451069640418508e-02 1.593081474738279601e-02 1.945835229858898507e-01 0.000000000000000000e+00
4.050000000000000000e+02 1.619972598033883049e-01 6.918525261720528396e-01 9.217114246700044977e-02 1.695493855257168905e-02 1.990213928083750528e-01 0.000000000000000000e+00
4.080000000000000000e+02 1.631972395056358049e-01 6.949248975876194390e-01 8.716431497496586467e-02 1.684114701866181243e-02 2.010696404187528319e-01 0.000000000000000000e+00
4.110000000000000000e+02 1.643972192078830830e-01 6.961766044606281234e-01 8.022303140646336317e-02 1.775147928994082885e-02 2.058488848429676776e-01 0.000000000000000000e+00
4.140000000000000000e+02 1.655971989101303610e-01 6.965179790623577949e-01 7.828857532999544677e-02 1.911697769685935522e-02 2.060764679107874309e-01 0.000000000000000000e+00
4.170000000000000000e+02 1.667971786123776390e-01 6.986800182066453813e-01 7.225762403277195822e-02 2.036868456986800149e-02 2.086936731907146070e-01 0.000000000000000000e+00
4.200000000000000000e+02 1.679971583146249170e-01 7.028903049613108855e-01 6.816112881201638607e-02 1.945835229858898507e-02 2.094902139280837572e-01 0.000000000000000000e+00
4.230000000000000000e+02 1.691971380168724171e-01 7.111970869367318926e-01 6.451979972690032039e-02 2.002730996813837164e-02 2.042558033682294050e-01 0.000000000000000000e+00
4.260000000000000000e+02 1.703971177191196951e-01 7.134729176149294805e-01 6.383705052344106068e-02 2.127901684114701791e-02 2.014110150204824756e-01 0.000000000000000000e+00
4.290000000000000000e+02 1.715970974213669731e-01 7.209831588529813651e-01 5.985434683659535821e-02 2.105143377332726468e-02 1.981110605370960398e-01 0.000000000000000000e+00
4.320000000000000000e+02 1.727970771236142511e-01 7.261037778789257713e-01 5.644060081929904577e-02 2.196176604460628110e-02 1.954938552571688637e-01 0.000000000000000000e+00
4.350000000000000000e+02 1.739970568258615291e-01 7.302002730996813851e-01 5.553026854802002588e-02 2.173418297678652786e-02 1.925352753755120716e-01 0.000000000000000000e+00
4.380000000000000000e+02 1.751970365281088071e-01 7.336140191169776559e-01 5.348202093764223980e-02 2.218934911242603433e-02 1.907146108329540179e-01 0.000000000000000000e+00
4.410000000000000000e+02 1.763970162303563072e-01 7.374829312699134887e-01 5.040964952207555722e-02 2.378243058716431393e-02 1.883249886208466228e-01 0.000000000000000000e+00
4.440000000000000000e+02 1.775969959326035852e-01 7.379380974055530507e-01 4.858898497951752438e-02 2.298588984979517413e-02 1.904870277651342647e-01 0.000000000000000000e+00
4.470000000000000000e+02 1.787969756348508632e-01 7.451069640418752638e-01 4.415111515703231543e-02 2.275830678197542090e-02 1.879836140191169791e-01 0.000000000000000000e+00
4.500000000000000000e+02 1.799969553370981412e-01 7.511379153390987939e-01 4.255803368229403583e-02 2.298588984979517413e-02 1.833181611288120239e-01 0.000000000000000000e+00
4.530000000000000000e+02 1.811969350393454192e-01 7.537551206190259423e-01 4.255803368229403583e-02 2.207555757851615771e-02 1.816112881201638607e-01 0.000000000000000000e+00
4.560000000000000000e+02 1.823969147415929193e-01 7.531861629494766008e-01 4.267182521620391245e-02 2.241693218024579104e-02 1.817250796540737234e-01 0.000000000000000000e+00
4.590000000000000000e+02 1.835968944438401973e-01 7.559171597633136397e-01 4.073736913973600299e-02 2.344105598543468408e-02 1.799044151115156975e-01 0.000000000000000000e+00
4.620000000000000000e+02 1.847968741460874753e-01 7.620619025944469493e-01 3.982703686845699004e-02 2.480655439235321044e-02 1.733045061447428259e-01 0.000000000000000000e+00
4.650000000000000000e+02 1.859968538483347533e-01 7.643377332726445372e-01 3.846153846153846367e-02 2.617205279927173334e-02 1.710286754665452935e-01 0.000000000000000000e+00
4.680000000000000000e+02 1.871968335505820313e-01 7.653618570778334407e-01 3.652708238507055422e-02 2.696859353664087314e-02 1.711424670004551563e-01 0.000000000000000000e+00
4.710000000000000000e+02 1.883968132528295314e-01 7.708238507055075184e-01 3.538916704597178109e-02 2.492034592626308706e-02 1.688666363222576239e-01 0.000000000000000000e+00
4.740000000000000000e+02 1.895967929550768094e-01 7.758306781975421451e-01 3.561675011379153433e-02 2.617205279927173334e-02 1.623805188893946427e-01 0.000000000000000000e+00
4.770000000000000000e+02 1.907967726573240874e-01 7.799271734182976479e-01 3.516158397815202785e-02 2.685480200273099652e-02 1.580564406008193035e-01 0.000000000000000000e+00
4.800000000000000000e+02 1.919967523595713654e-01 7.826581702321346867e-01 3.208921256258534527e-02 2.776513427401001294e-02 1.574874829312699065e-01 0.000000000000000000e+00
4.830000000000000000e+02 1.931967320618186434e-01 7.895994538006372299e-01 3.095129722348657214e-02 2.822030040964952288e-02 1.512289485662266786e-01 0.000000000000000000e+00
4.860000000000000000e+02 1.943967117640661435e-01 7.973372781065088954e-01 2.935821574874829254e-02 2.696859353664087314e-02 1.463359126081019701e-01 0.000000000000000000e+00
4.890000000000000000e+02 1.955966914663134215e-01 8.038233955393718766e-01 2.833409194355939950e-02 2.662721893491124328e-02 1.412152935821574806e-01 0.000000000000000000e+00
4.920000000000000000e+02 1.967966711685606995e-01 8.080336822940372699e-01 2.696859353664087314e-02 2.708238507055074976e-02 1.379153390987710448e-01 0.000000000000000000e+00
4.950000000000000000e+02 1.979966508708079775e-01 8.037096040054619861e-01 2.890304961310878606e-02 2.822030040964952288e-02 1.391670459717797015e-01 0.000000000000000000e+00
4.980000000000000000e+02 1.991966305730552556e-01 8.116750113791534327e-01 2.685480200273099652e-02 2.913063268092853930e-02 1.323395539371870766e-01 0.000000000000000000e+00
5.010000000000000000e+02 2.003966102753027556e-01 8.133818843878015681e-01 2.662721893491124328e-02 3.083750568957669552e-02 1.291533909877105035e-01 0.000000000000000000e+00
5.040000000000000000e+02 2.015965899775500336e-01 8.157715065999089354e-01 2.651342740100136666e-02 3.322712790168411146e-02 1.244879380974055483e-01 0.000000000000000000e+00
5.070000000000000000e+02 2.027965696797973116e-01 8.196404187528447682e-01 2.628584433318160996e-02 3.277196176604460498e-02 1.213017751479289891e-01 0.000000000000000000e+00
5.100000000000000000e+02 2.039965493820445896e-01 8.221438324988621371e-01 2.696859353664087314e-02 3.208921256258534527e-02 1.187983614019117035e-01 0.000000000000000000e+00
5.130000000000000000e+02 2.051965290842918677e-01 8.243058716431497235e-01 2.674101046882111990e-02 3.390987710514337811e-02 1.150432407828857473e-01 0.000000000000000000e+00
5.160000000000000000e+02 2.063965087865393677e-01 8.279472007282657753e-01 2.674101046882111990e-02 3.231679563040509851e-02 1.129949931725079681e-01 0.000000000000000000e+00
5.190000000000000000e+02 2.075964884887866457e-01 8.322712790168411701e-01 2.753755120619025970e-02 3.368229403732362487e-02 1.065088757396449731e-01 0.000000000000000000e+00
5.220000000000000000e+02 2.087964681910339237e-01 8.373918980427855763e-01 2.526172052799271692e-02 3.584433318161128756e-02 1.015020482476103741e-01 0.000000000000000000e+00
5.250000000000000000e+02 2.099964478932812018e-01 8.433090578060992160e-01 2.514792899408284030e-02 3.698224852071006069e-02 9.456076467910787264e-02 0.000000000000000000e+00
5.280000000000000000e+02 2.111964275955284798e-01 8.477469276285843902e-01 2.548930359581247015e-02 3.755120619025944378e-02 8.921256258534364381e-02 0.000000000000000000e+00
5.310000000000000000e+02 2.123964072977759798e-01 8.553709604005461653e-01 2.457897132453345374e-02 3.732362312243969055e-02 8.272644515248064878e-02 0.000000000000000000e+00
5.340000000000000000e+02 2.135963870000232578e-01 8.583295402822029851e-01 2.332726445152480746e-02 3.812016385980882688e-02 8.022303140646336317e-02 0.000000000000000000e+00
5.370000000000000000e+02 2.147963667022705359e-01 8.617432862994993670e-01 2.184797451069640448e-02 3.732362312243969055e-02 7.908511606736458310e-02 0.000000000000000000e+00
5.400000000000000000e+02 2.159963464045178139e-01 8.620846609012289274e-01 2.196176604460628110e-02 3.766499772416932040e-02 7.828857532999544677e-02 0.000000000000000000e+00
5.430000000000000000e+02 2.171963261067650919e-01 8.603777878925807920e-01 2.048247610377787811e-02 3.914428766499772339e-02 7.999544833864360993e-02 0.000000000000000000e+00
5.460000000000000000e+02 2.183963058090125919e-01 8.666363222576239922e-01 2.036868456986800149e-02 3.618570778334091742e-02 7.680928538916705073e-02 0.000000000000000000e+00
5.490000000000000000e+02 2.195962855112598699e-01 8.686845698680017991e-01 2.071005917159763482e-02 3.732362312243969055e-02 7.328174783796086167e-02 0.000000000000000000e+00
5.520000000000000000e+02 2.207962652135071480e-01 8.733500227583067543e-01 2.082385070550751144e-02 3.675466545289030745e-02 6.907146108329539902e-02 0.000000000000000000e+00
5.550000000000000000e+02 2.219962449157544260e-01 8.742603550295857673e-01 2.116522530723714129e-02 3.812016385980882688e-02 6.645425580336822291e-02 0.000000000000000000e+00
5.580000000000000000e+02 2.231962246180017040e-01 8.741465634956758768e-01 2.071005917159763482e-02 3.868912152935821691e-02 6.645425580336822291e-02 0.000000000000000000e+00
5.610000000000000000e+02 2.243962043202489820e-01 8.756258534365043422e-01 2.105143377332726468e-02 3.880291306326809353e-02 6.451979972690032039e-02 0.000000000000000000e+00
5.640000000000000000e+02 2.255961840224964821e-01 8.769913518434228061e-01 2.059626763768775473e-02 3.982703686845699004e-02 6.258534365043240399e-02 0.000000000000000000e+00
5.670000000000000000e+02 2.267961637247437601e-01 8.806326809285389690e-01 2.059626763768775473e-02 3.755120619025944378e-02 6.121984524351388457e-02 0.000000000000000000e+00
5.700000000000000000e+02 2.279961434269910381e-01 8.789258079198907225e-01 2.082385070550751144e-02 3.880291306326809353e-02 6.144742831133363781e-02 0.000000000000000000e+00
5.730000000000000000e+02 2.291961231292383161e-01 8.806326809285389690e-01 2.014110150204824826e-02 4.016841147018661989e-02 5.905780609922621494e-02 0.000000000000000000e+00
5.760000000000000000e+02 2.303961028314855941e-01 8.867774237596722786e-01 1.968593536640873831e-02 3.846153846153846367e-02 5.507510241238051940e-02 0.000000000000000000e+00
5.790000000000000000e+02 2.315960825337330942e-01 8.903049613108784399e-01 1.843422849340009204e-02 3.834774692762858705e-02 5.291306326809285671e-02 0.000000000000000000e+00
5.820000000000000000e+02 2.327960622359803722e-01 8.915566681838871244e-01 1.945835229858898507e-02 3.709604005461993731e-02 5.188893946290396020e-02 0.000000000000000000e+00
5.850000000000000000e+02 2.339960419382276502e-01 8.954255803368229572e-01 1.991351843422849502e-02 3.527537551206190447e-02 4.938552571688666071e-02 0.000000000000000000e+00
5.880000000000000000e+02 2.351960216404749282e-01 8.953117888029130667e-01 2.048247610377787811e-02 3.527537551206190447e-02 4.893035958124715423e-02 0.000000000000000000e+00
5.910000000000000000e+02 2.363960013427222062e-01 8.980427856167501055e-01 1.968593536640873831e-02 3.595812471552116418e-02 4.631315430131998506e-02 0.000000000000000000e+00
5.940000000000000000e+02 2.375959810449697063e-01 9.016841147018661573e-01 1.991351843422849502e-02 3.516158397815202785e-02 4.324078288575330248e-02 0.000000000000000000e+00
5.970000000000000000e+02 2.387959607472169843e-01 9.028220300409649512e-01 2.093764223941738806e-02 3.584433318161128756e-02 4.039599453800637313e-02 0.000000000000000000e+00
6.000000000000000000e+02 2.399959404494642623e-01 9.015703231679562668e-01 2.048247610377787811e-02 3.641329085116067066e-02 4.153390987710514626e-02 0.000000000000000000e+00
6.030000000000000000e+02 2.411959201517115403e-01 9.047564861174328676e-01 2.082385070550751144e-02 3.675466545289030745e-02 3.766499772416932040e-02 0.000000000000000000e+00
6.060000000000000000e+02 2.423958998539588183e-01 9.080564406008192480e-01 2.036868456986800149e-02 3.652708238507055422e-02 3.504779244424215123e-02 0.000000000000000000e+00
6.090000000000000000e+02 2.435958795562063184e-01 9.074874829312699065e-01 2.048247610377787811e-02 3.538916704597178109e-02 3.664087391898043083e-02 0.000000000000000000e+00
6.120000000000000000e+02 2.447958592584535964e-01 9.069185252617205650e-01 2.082385070550751144e-02 3.652708238507055422e-02 3.573054164770141095e-02 0.000000000000000000e+00
6.150000000000000000e+02 2.459958389607008744e-01 9.087391898042785909e-01 1.934456076467910846e-02 3.629949931725079404e-02 3.561675011379153433e-02 0.000000000000000000e+00
6.180000000000000000e+02 2.471958186629481524e-01 9.073736913973600160e-01 2.059626763768775473e-02 3.880291306326809353e-02 3.322712790168411146e-02 0.000000000000000000e+00
6.210000000000000000e+02 2.483957983651954304e-01 9.071461083295402350e-01 2.048247610377787811e-02 4.028220300409649651e-02 3.208921256258534527e-02 0.000000000000000000e+00
6.240000000000000000e+02 2.495957780674429305e-01 9.090805644060081514e-01 2.082385070550751144e-02 4.050978607191624975e-02 2.958579881656804578e-02 0.000000000000000000e+00
6.270000000000000000e+02 2.507957577696902085e-01 9.073736913973600160e-01 2.036868456986800149e-02 4.210286754665452935e-02 3.004096495220755572e-02 1.137915339098771066e-04
6.300000000000000000e+02 2.519957374719374865e-01 9.081702321347291385e-01 2.025489303595812488e-02 4.210286754665452935e-02 2.935821574874829254e-02 1.137915339098771066e-04
6.330000000000000000e+02 2.531957171741847645e-01 9.090805644060081514e-01 1.877560309512972189e-02 4.210286754665452935e-02 2.992717341829767910e-02 1.137915339098771066e-04
6.360000000000000000e+02 2.543956968764320425e-01 9.115839781520255203e-01 1.752389622212107562e-02 4.107874374146563284e-02 2.969959035047792587e-02 1.137915339098771066e-04
6.390000000000000000e+02 2.555956765786795426e-01 9.106736458807465073e-01 1.741010468821119553e-02 4.050978607191624975e-02 3.140646335912607862e-02 0.000000000000000000e+00
6.420000000000000000e+02 2.567956562809268206e-01 9.140873918980427781e-01 1.706873008648156567e-02 3.891670459717797015e-02 2.992717341829767910e-02 0.000000000000000000e+00
6.450000000000000000e+02 2.579956359831740986e-01 9.149977241693217911e-01 1.763768775603095224e-02 3.766499772416932040e-02 2.969959035047792587e-02 0.000000000000000000e+00
6.480000000000000000e+02 2.591956156854213766e-01 9.171597633136094885e-01 1.820664542558033533e-02 3.618570778334091742e-02 2.844788347746927612e-02 0.000000000000000000e+00
6.510000000000000000e+02 2.603955953876686547e-01 9.194355939918069653e-01 1.820664542558033533e-02 3.584433318161128756e-02 2.651342740100136666e-02 0.000000000000000000e+00
6.540000000000000000e+02 2.615955750899161547e-01 9.218252162039144437e-01 1.763768775603095224e-02 3.356850250341374825e-02 2.696859353664087314e-02 0.000000000000000000e+00
6.570000000000000000e+02 2.627955547921634327e-01 9.228493400091033472e-01 1.775147928994082885e-02 3.345471096950387163e-02 2.594446973145198010e-02 0.000000000000000000e+00
6.600000000000000000e+02 2.639955344944107107e-01 9.237596722803823601e-01 1.741010468821119553e-02 3.345471096950387163e-02 2.537551206190259354e-02 0.000000000000000000e+00
6.630000000000000000e+02 2.651955141966579887e-01 9.270596267637687404e-01 1.763768775603095224e-02 3.140646335912607862e-02 2.389622212107419055e-02 0.000000000000000000e+00
6.660000000000000000e+02 2.663954938989052668e-01 9.258079198907601670e-01 1.820664542558033533e-02 3.277196176604460498e-02 2.321347291761493084e-02 0.000000000000000000e+00
6.690000000000000000e+02 2.675954736011525448e-01 9.287664997724169869e-01 1.763768775603095224e-02 3.356850250341374825e-02 2.002730996813837164e-02 0.000000000000000000e+00
6.720000000000000000e+02 2.687954533034000448e-01 9.283113336367774249e-01 1.775147928994082885e-02 3.390987710514337811e-02 2.002730996813837164e-02 0.000000000000000000e+00
6.750000000000000000e+02 2.699954330056473228e-01 9.288802913063267663e-01 1.775147928994082885e-02 3.322712790168411146e-02 2.014110150204824826e-02 0.000000000000000000e+00
6.780000000000000000e+02 2.711954127078946009e-01 9.293354574419663283e-01 1.706873008648156567e-02 3.277196176604460498e-02 2.071005917159763482e-02 1.137915339098771066e-04
6.810000000000000000e+02 2.723953924101418789e-01 9.317250796540736957e-01 1.684114701866181243e-02 3.174783796085571541e-02 1.968593536640873831e-02 0.000000000000000000e+00
