# itime ezz other fcc hcp bcc ico
0.000000000000000000e+00 0.000000000000000000e+00 4.551661356395084266e-04 9.995448338643604380e-01 0.000000000000000000e+00 0.000000000000000000e+00 0.000000000000000000e+00
2.500000000000000000e+02 9.999516799841234871e-04 6.827492034592626399e-04 9.993172507965407680e-01 0.000000000000000000e+00 0.000000000000000000e+00 0.000000000000000000e+00
5.000000000000000000e+02 1.999903359968246974e-03 0.000000000000000000e+00 1.000000000000000000e+00 0.000000000000000000e+00 0.000000000000000000e+00 0.000000000000000000e+00
7.500000000000000000e+02 2.999855039952370461e-03 2.389622212107419402e-03 9.976103777878926326e-01 0.000000000000000000e+00 0.000000000000000000e+00 0.000000000000000000e+00
1.000000000000000000e+03 3.999806719936493948e-03 9.103322712790168532e-04 9.990896677287209870e-01 0.000000000000000000e+00 0.000000000000000000e+00 0.000000000000000000e+00
1.250000000000000000e+03 4.999758399920617435e-03 6.827492034592626399e-04 9.993172507965407680e-01 0.000000000000000000e+00 0.000000000000000000e+00 0.000000000000000000e+00
1.500000000000000000e+03 5.999710079904740923e-03 1.251706873008648227e-03 9.987482931269913156e-01 0.000000000000000000e+00 0.000000000000000000e+00 0.000000000000000000e+00
1.750000000000000000e+03 6.999661759888864410e-03 6.827492034592626399e-04 9.993172507965407680e-01 0.000000000000000000e+00 0.000000000000000000e+00 0.000000000000000000e+00
2.000000000000000000e+03 7.999613439872987897e-03 3.413746017296313199e-04 9.996586253982703285e-01 0.000000000000000000e+00 0.000000000000000000e+00 0.000000000000000000e+00
2.250000000000000000e+03 8.999565119857111384e-03 1.024123805188893906e-03 9.989758761948110966e-01 0.000000000000000000e+00 0.000000000000000000e+00 0.000000000000000000e+00
2.500000000000000000e+03 9.999516799841234871e-03 1.706873008648156654e-03 9.982931269913518646e-01 0.000000000000000000e+00 0.000000000000000000e+00 0.000000000000000000e+00
2.750000000000000000e+03 1.099946847982558040e-02 1.706873008648156654e-03 9.982931269913518646e-01 0.000000000000000000e+00 0.000000000000000000e+00 0.000000000000000000e+00
3.000000000000000000e+03 1.199942015980970389e-02 2.389622212107419402e-03 9.976103777878926326e-01 0.000000000000000000e+00 0.000000000000000000e+00 0.000000000000000000e+00
3.250000000000000000e+03 1.299937183979382738e-02 1.365498406918525280e-03 9.986345015930814251e-01 0.000000000000000000e+00 0.000000000000000000e+00 0.000000000000000000e+00
3.500000000000000000e+03 1.399932351977795086e-02 1.479289940828402332e-03 9.982931269913518646e-01 0.000000000000000000e+00 2.275830678197542133e-04 0.000000000000000000e+00
3.750000000000000000e+03 1.499927519976207435e-02 2.048247610377787811e-03 9.979517523896221931e-01 0.000000000000000000e+00 0.000000000000000000e+00 0.000000000000000000e+00
4.000000000000000000e+03 1.599922687974619784e-02 1.479289940828402332e-03 9.985207100591716456e-01 0.000000000000000000e+00 0.000000000000000000e+00 0.000000000000000000e+00
4.250000000000000000e+03 1.699917855973032133e-02 1.479289940828402332e-03 9.985207100591716456e-01 0.000000000000000000e+00 0.000000000000000000e+00 0.000000000000000000e+00
4.500000000000000000e+03 1.799913023971444481e-02 1.934456076467910759e-03 9.980655439235320836e-01 0.000000000000000000e+00 0.000000000000000000e+00 0.000000000000000000e+00
4.750000000000000000e+03 1.899908191969856830e-02 1.024123805188893906e-03 9.989758761948110966e-01 0.000000000000000000e+00 0.000000000000000000e+00 0.000000000000000000e+00
5.000000000000000000e+03 1.999903359968269179e-02 1.593081474738279385e-03 9.984069185252617551e-01 0.000000000000000000e+00 0.000000000000000000e+00 0.000000000000000000e+00
5.250000000000000000e+03 2.099898527966681527e-02 2.617205279927173507e-03 9.973827947200728516e-01 0.000000000000000000e+00 0.000000000000000000e+00 0.000000000000000000e+00
5.500000000000000000e+03 2.199893695965093876e-02 1.479289940828402332e-03 9.985207100591716456e-01 0.000000000000000000e+00 0.000000000000000000e+00 0.000000000000000000e+00
5.750000000000000000e+03 2.299888863963506225e-02 2.048247610377787811e-03 9.979517523896221931e-01 0.000000000000000000e+00 0.000000000000000000e+00 0.000000000000000000e+00
6.000000000000000000e+03 2.399884031961918573e-02 4.665452890304961318e-03 9.953345471096950448e-01 0.000000000000000000e+00 0.000000000000000000e+00 0.000000000000000000e+00
6.250000000000000000e+03 2.499879199960330922e-02 3.186162949476558769e-03 9.967000455166135087e-01 0.000000000000000000e+00 1.137915339098771066e-04 0.000000000000000000e+00
6.500000000000000000e+03 2.599874367958743271e-02 1.820664542558033706e-03 9.980655439235320836e-01 0.000000000000000000e+00 1.137915339098771066e-04 0.000000000000000000e+00
6.750000000000000000e+03 2.699869535957155620e-02 2.162039144287664864e-03 9.977241693218024121e-01 0.000000000000000000e+00 1.137915339098771066e-04 0.000000000000000000e+00
7.000000000000000000e+03 2.799864703955567968e-02 2.617205279927173507e-03 9.971552116522530707e-01 0.000000000000000000e+00 2.275830678197542133e-04 0.000000000000000000e+00
7.250000000000000000e+03 2.899859871953980317e-02 5.006827492034592909e-03 9.948793809740554828e-01 0.000000000000000000e+00 1.137915339098771066e-04 0.000000000000000000e+00
7.500000000000000000e+03 2.999855039952392666e-02 5.917159763313609329e-03 9.939690487027764698e-01 0.000000000000000000e+00 1.137915339098771066e-04 0.000000000000000000e+00
7.750000000000000000e+03 3.099850207950805014e-02 4.893035958124715423e-03 9.948793809740554828e-01 0.000000000000000000e+00 2.275830678197542133e-04 0.000000000000000000e+00
8.000000000000000000e+03 3.199845375949239568e-02 5.348202093764223633e-03 9.946517979062358128e-01 0.000000000000000000e+00 0.000000000000000000e+00 0.000000000000000000e+00
8.250000000000000000e+03 3.299840543947651916e-02 3.982703686845699004e-03 9.960172963131542767e-01 0.000000000000000000e+00 0.000000000000000000e+00 0.000000000000000000e+00
8.500000000000000000e+03 3.399835711946064265e-02 7.282658170232134826e-03 9.924897587619481154e-01 0.000000000000000000e+00 2.275830678197542133e-04 0.000000000000000000e+00
8.750000000000000000e+03 3.499830879944476614e-02 5.348202093764223633e-03 9.946517979062358128e-01 0.000000000000000000e+00 0.000000000000000000e+00 0.000000000000000000e+00
9.000000000000000000e+03 3.599826047942888962e-02 4.096495220755575623e-03 9.957897132453344957e-01 0.000000000000000000e+00 1.137915339098771066e-04 0.000000000000000000e+00
9.250000000000000000e+03 3.699821215941301311e-02 5.917159763313609329e-03 9.939690487027764698e-01 0.000000000000000000e+00 1.137915339098771066e-04 0.000000000000000000e+00
9.500000000000000000e+03 3.799816383939713660e-02 8.306781975421027864e-03 9.915794264906691025e-01 0.000000000000000000e+00 1.137915339098771066e-04 0.000000000000000000e+00
9.750000000000000000e+03 3.899811551938126009e-02 1.024123805188893906e-02 9.894173873463814051e-01 0.000000000000000000e+00 3.413746017296313199e-04 0.000000000000000000e+00
1.000000000000000000e+04 3.999806719936538357e-02 7.168866636322257339e-03 9.926035502958580059e-01 0.000000000000000000e+00 2.275830678197542133e-04 0.000000000000000000e+00
1.025000000000000000e+04 4.099801887934950706e-02 7.282658170232134826e-03 9.923759672280382249e-01 0.000000000000000000e+00 3.413746017296313199e-04 0.000000000000000000e+00
1.050000000000000000e+04 4.199797055933363055e-02 1.115157032316795548e-02 9.882794720072826111e-01 0.000000000000000000e+00 5.689576695493854790e-04 0.000000000000000000e+00
1.075000000000000000e+04 4.299792223931775403e-02 6.599908966772872511e-03 9.929449248975875664e-01 0.000000000000000000e+00 4.551661356395084266e-04 0.000000000000000000e+00
1.100000000000000000e+04 4.399787391930187752e-02 1.058261265361857065e-02 9.891898042785616241e-01 0.000000000000000000e+00 2.275830678197542133e-04 0.000000000000000000e+00
1.125000000000000000e+04 4.499782559928600101e-02 1.183431952662721866e-02 9.878243058716431602e-01 0.000000000000000000e+00 3.413746017296313199e-04 0.000000000000000000e+00
1.150000000000000000e+04 4.599777727927012450e-02 1.536185707783340945e-02 9.840691852526172179e-01 0.000000000000000000e+00 5.689576695493854790e-04 0.000000000000000000e+00
1.175000000000000000e+04 4.699772895925424798e-02 1.433773327264451468e-02 9.849795175238962308e-01 0.000000000000000000e+00 6.827492034592626399e-04 0.000000000000000000e+00
1.200000000000000000e+04 4.799768063923837147e-02 1.957214383249886169e-02 9.799726900318616041e-01 0.000000000000000000e+00 4.551661356395084266e-04 0.000000000000000000e+00
1.225000000000000000e+04 4.899763231922249496e-02 1.285844333181611343e-02 9.865725989986344757e-01 0.000000000000000000e+00 5.689576695493854790e-04 0.000000000000000000e+00
1.250000000000000000e+04 4.999758399920661844e-02 1.752389622212107562e-02 9.821347291761493015e-01 0.000000000000000000e+00 3.413746017296313199e-04 0.000000000000000000e+00
1.275000000000000000e+04 5.099753567919074193e-02 1.422394173873463806e-02 9.848657259899863403e-01 0.000000000000000000e+00 9.103322712790168532e-04 0.000000000000000000e+00
1.300000000000000000e+04 5.199748735917486542e-02 1.661356395084205573e-02 9.825898953117887524e-01 0.000000000000000000e+00 7.965407373691396923e-04 0.000000000000000000e+00
1.325000000000000000e+04 5.299743903915921095e-02 1.752389622212107562e-02 9.820209376422394110e-01 0.000000000000000000e+00 4.551661356395084266e-04 0.000000000000000000e+00
1.350000000000000000e+04 5.399739071914333444e-02 1.832043695949021542e-02 9.812243969048702885e-01 0.000000000000000000e+00 4.551661356395084266e-04 0.000000000000000000e+00
1.375000000000000000e+04 5.499734239912745792e-02 2.218934911242603433e-02 9.763313609467455523e-01 0.000000000000000000e+00 1.479289940828402332e-03 0.000000000000000000e+00
1.400000000000000000e+04 5.599729407911158141e-02 1.923076923076923184e-02 9.797451069640418231e-01 0.000000000000000000e+00 1.024123805188893906e-03 0.000000000000000000e+00
1.425000000000000000e+04 5.699724575909570490e-02 2.947200728265816916e-02 9.695038689121528996e-01 0.000000000000000000e+00 1.024123805188893906e-03 0.000000000000000000e+00
1.450000000000000000e+04 5.799719743907982838e-02 2.810650887573964626e-02 9.706417842512516936e-01 0.000000000000000000e+00 1.251706873008648227e-03 0.000000000000000000e+00
1.475000000000000000e+04 5.899714911906395187e-02 2.275830678197542090e-02 9.761037778789257713e-01 0.000000000000000000e+00 1.137915339098770958e-03 0.000000000000000000e+00
1.500000000000000000e+04 5.999710079904807536e-02 2.446517979062357712e-02 9.747382794720073074e-01 0.000000000000000000e+00 7.965407373691396923e-04 0.000000000000000000e+00
1.525000000000000000e+04 6.099705247903219885e-02 2.833409194355939950e-02 9.705279927173418031e-01 0.000000000000000000e+00 1.137915339098770958e-03 0.000000000000000000e+00
1.550000000000000000e+04 6.199700415901632233e-02 3.482020937642239106e-02 9.635867091488393710e-01 0.000000000000000000e+00 1.593081474738279385e-03 0.000000000000000000e+00
1.575000000000000000e+04 6.299695583900044582e-02 3.834774692762858705e-02 9.599453800637232082e-01 0.000000000000000000e+00 1.706873008648156654e-03 0.000000000000000000e+00
1.600000000000000000e+04 6.399690751898456931e-02 3.698224852071006069e-02 9.608557123350022211e-01 0.000000000000000000e+00 2.162039144287664864e-03 0.000000000000000000e+00
1.625000000000000000e+04 6.499685919896869279e-02 3.948566226672735324e-02 9.586936731907146347e-01 0.000000000000000000e+00 1.820664542558033706e-03 0.000000000000000000e+00
1.650000000000000000e+04 6.599681087895281628e-02 4.335457441966317910e-02 9.536868456986800080e-01 0.000000000000000000e+00 2.958579881656804664e-03 0.000000000000000000e+00
1.675000000000000000e+04 6.699676255893693977e-02 4.107874374146563284e-02 9.556213017751479244e-01 0.000000000000000000e+00 3.299954483386436255e-03 0.000000000000000000e+00
1.700000000000000000e+04 6.799671423892106326e-02 5.063723258989531045e-02 9.465179790623577949e-01 0.000000000000000000e+00 2.844788347746927612e-03 0.000000000000000000e+00
1.725000000000000000e+04 6.899666591890518674e-02 5.666818388711879900e-02 9.403732362312243742e-01 0.000000000000000000e+00 2.958579881656804664e-03 0.000000000000000000e+00
1.750000000000000000e+04 6.999661759888931023e-02 7.783340919435594030e-02 9.145425580336823401e-01 0.000000000000000000e+00 7.624032771961766417e-03 0.000000000000000000e+00
1.775000000000000000e+04 7.099656927887343372e-02 5.985434683659535821e-02 9.369594902139281034e-01 0.000000000000000000e+00 3.186162949476558769e-03 0.000000000000000000e+00
1.800000000000000000e+04 7.199652095885755720e-02 6.156121984524351443e-02 9.322940373236231482e-01 0.000000000000000000e+00 6.144742831133363434e-03 0.000000000000000000e+00
1.825000000000000000e+04 7.299647263884168069e-02 6.747837960855712636e-02 9.286527082385070964e-01 0.000000000000000000e+00 3.868912152935821518e-03 0.000000000000000000e+00
1.850000000000000000e+04 7.399642431882602622e-02 7.407828857532999800e-02 9.203459262630859783e-01 0.000000000000000000e+00 5.575785161583977738e-03 0.000000000000000000e+00
1.875000000000000000e+04 7.499637599881014971e-02 8.022303140646336317e-02 9.163632225762403660e-01 0.000000000000000000e+00 3.413746017296313308e-03 0.000000000000000000e+00
1.900000000000000000e+04 7.599632767879427320e-02 8.340919435593992237e-02 9.069185252617205650e-01 0.000000000000000000e+00 9.672280382339554228e-03 0.000000000000000000e+00
1.925000000000000000e+04 7.699627935877839668e-02 8.659535730541648157e-02 9.068047337278106745e-01 0.000000000000000000e+00 6.599908966772872511e-03 0.000000000000000000e+00
1.950000000000000000e+04 7.799623103876252017e-02 8.841602184797450747e-02 9.055530268548019901e-01 0.000000000000000000e+00 6.030951297223486815e-03 0.000000000000000000e+00
1.975000000000000000e+04 7.899618271874664366e-02 1.054847519344560697e-01 8.848429676832043622e-01 0.000000000000000000e+00 9.672280382339554228e-03 0.000000000000000000e+00
2.000000000000000000e+04 7.999613439873076715e-02 1.170914883932635403e-01 8.687983614019116896e-01 1.137915339098771066e-04 1.399635867091488309e-02 0.000000000000000000e+00
2.025000000000000000e+04 8.099608607871489063e-02 1.207328174783796060e-01 8.691397360036413611e-01 0.000000000000000000e+00 1.012744651797906244e-02 0.000000000000000000e+00
2.050000000000000000e+04 8.199603775869901412e-02 1.269913518434228616e-01 8.575329995448338627e-01 1.137915339098771066e-04 1.536185707783340945e-02 0.000000000000000000e+00
2.075000000000000000e+04 8.299598943868313761e-02 1.616977696859353553e-01 8.199817933545744397e-01 1.137915339098771066e-04 1.820664542558033533e-02 0.000000000000000000e+00
2.100000000000000000e+04 8.399594111866726109e-02 1.714838416021848000e-01 7.886891215293582169e-01 2.275830678197542133e-04 3.959945380063722986e-02 0.000000000000000000e+00
2.125000000000000000e+04 8.499589279865138458e-02 1.820664542558033672e-01 7.748065543923532417e-01 2.275830678197542133e-04 4.289940828402366568e-02 0.000000000000000000e+00
2.150000000000000000e+04 8.599584447863550807e-02 2.282658170232134687e-01 6.943559399180700975e-01 1.024123805188893906e-03 7.635411925352754425e-02 0.000000000000000000e+00
2.175000000000000000e+04 8.699579615861963156e-02 2.156349567592171224e-01 6.997041420118342847e-01 7.965407373691396923e-04 8.386436049157942885e-02 0.000000000000000000e+00
2.200000000000000000e+04 8.799574783860375504e-02 2.337278106508875741e-01 6.619253527537550807e-01 1.706873008648156654e-03 1.026399635867091542e-01 0.000000000000000000e+00
2.225000000000000000e+04 8.899569951858787853e-02 2.659308147473827821e-01 5.913746017296312996e-01 3.527537551206190360e-03 1.391670459717797015e-01 0.000000000000000000e+00
2.250000000000000000e+04 8.999565119857200202e-02 2.774237596722803900e-01 5.152480655439235502e-01 2.196176604460628110e-02 1.853664087391898030e-01 0.000000000000000000e+00
2.275000000000000000e+04 9.099560287855612550e-02 2.742375967228038447e-01 4.675694128356850388e-01 8.534365043240782489e-02 1.728493400091033194e-01 0.000000000000000000e+00
2.300000000000000000e+04 9.199555455854024899e-02 2.544378698224852298e-01 5.032999544833864913e-01 1.484979517523896120e-01 9.376422394173873631e-02 0.000000000000000000e+00
2.325000000000000000e+04 9.299550623852437248e-02 2.048247610377788019e-01 5.474510696404187859e-01 1.827492034592626269e-01 6.497496586253982687e-02 0.000000000000000000e+00
2.350000000000000000e+04 9.399545791850849596e-02 1.756941283568502488e-01 5.508648156577150568e-01 2.092626308602640040e-01 6.417842512517069054e-02 0.000000000000000000e+00
2.375000000000000000e+04 9.499540959849284150e-02 1.664770141101502010e-01 5.491579426490669213e-01 2.107419208010923861e-01 7.362312243969049153e-02 0.000000000000000000e+00
2.400000000000000000e+04 9.599536127847696498e-02 1.548702776513427304e-01 5.642922166590805810e-01 2.314519799726900418e-01 4.938552571688666071e-02 0.000000000000000000e+00
2.425000000000000000e+04 9.699531295846108847e-02 1.492944924897587622e-01 5.697542102867546587e-01 2.333864360491579304e-01 4.756486117432862787e-02 0.000000000000000000e+00
2.450000000000000000e+04 9.799526463844521196e-02 1.606736458807464796e-01 5.641784251251706905e-01 2.230314064633591165e-01 5.211652253072371344e-02 0.000000000000000000e+00
2.475000000000000000e+04 9.899521631842933544e-02 1.566909421939007840e-01 5.780609922621756658e-01 2.214383249886208438e-01 4.380974055530268557e-02 0.000000000000000000e+00
2.500000000000000000e+04 9.999516799841345893e-02 1.334774692762858428e-01 6.458807464724624081e-01 1.983386436049157930e-01 2.230314064633591095e-02 0.000000000000000000e+00
2.525000000000000000e+04 1.009951196783975824e-01 9.592626308602640595e-02 6.784251251706873154e-01 2.032316795630405015e-01 2.241693218024579104e-02 0.000000000000000000e+00
2.550000000000000000e+04 1.019950713583817059e-01 8.033682294037323979e-02 6.888939462903960198e-01 2.094902139280837572e-01 2.127901684114701791e-02 0.000000000000000000e+00
2.575000000000000000e+04 1.029950230383658294e-01 7.828857532999544677e-02 6.860491579426490905e-01 2.147246244879381094e-01 2.093764223941738806e-02 0.000000000000000000e+00
2.600000000000000000e+04 1.039949747183499529e-01 7.783340919435594030e-02 6.884387801547564578e-01 2.116522530723714268e-01 2.207555757851615771e-02 0.000000000000000000e+00
2.625000000000000000e+04 1.049949263983340764e-01 7.146108329540282189e-02 6.916249431042330587e-01 2.115384615384615363e-01 2.537551206190259354e-02 0.000000000000000000e+00
2.650000000000000000e+04 1.059948780783181999e-01 7.305416477014110843e-02 6.885525716886663483e-01 2.129039599453800558e-01 2.548930359581247015e-02 0.000000000000000000e+00
2.675000000000000000e+04 1.069948297583023233e-01 7.373691397360036814e-02 6.906008192990441552e-01 2.123350022758306865e-01 2.332726445152480746e-02 0.000000000000000000e+00
2.700000000000000000e+04 1.079947814382864468e-01 8.227127901684114231e-02 6.821802457897132577e-01 2.104005461993627701e-01 2.514792899408284030e-02 0.000000000000000000e+00
2.725000000000000000e+04 1.089947331182705703e-01 7.419208010923987462e-02 6.901456531634045932e-01 2.115384615384615363e-01 2.412380518889394726e-02 0.000000000000000000e+00
2.750000000000000000e+04 1.099946847982546938e-01 7.589895311788802390e-02 6.873008648156576639e-01 2.132453345471096995e-01 2.355484751934456070e-02 0.000000000000000000e+00
2.775000000000000000e+04 1.109946364782388173e-01 7.783340919435594030e-02 6.850250341374601870e-01 2.107419208010923861e-01 2.639963586709149004e-02 0.000000000000000000e+00
2.800000000000000000e+04 1.119945881582229408e-01 8.534365043240782489e-02 6.769458352298588499e-01 2.127901684114701930e-01 2.492034592626308706e-02 0.000000000000000000e+00
2.825000000000000000e+04 1.129945398382070643e-01 8.648156577150660496e-02 6.805871643149750128e-01 2.082385070550751005e-01 2.469276285844333035e-02 0.000000000000000000e+00
2.850000000000000000e+04 1.139944915181911878e-01 7.624032771961765376e-02 6.844560764679107345e-01 2.124487938097405493e-01 2.685480200273099652e-02 0.000000000000000000e+00
2.875000000000000000e+04 1.149944431981753112e-01 8.272644515248064878e-02 6.803595812471552318e-01 2.100591715976331264e-01 2.685480200273099652e-02 0.000000000000000000e+00
2.900000000000000000e+04 1.159943948781596568e-01 8.466090122894856518e-02 6.793354574419663283e-01 2.081247155211652378e-01 2.787892580791988956e-02 0.000000000000000000e+00
2.925000000000000000e+04 1.169943465581437803e-01 8.568502503413745475e-02 6.769458352298588499e-01 2.069868001820664438e-01 3.038233955393718558e-02 0.000000000000000000e+00
2.950000000000000000e+04 1.179942982381279037e-01 9.615384615384615918e-02 6.677287209831588299e-01 2.060764679107874309e-01 3.004096495220755572e-02 0.000000000000000000e+00
2.975000000000000000e+04 1.189942499181120272e-01 9.945380063723259501e-02 6.692080109239872954e-01 2.081247155211652378e-01 2.321347291761493084e-02 0.000000000000000000e+00
3.000000000000000000e+04 1.199942015980961507e-01 9.945380063723259501e-02 6.694355939918069653e-01 2.055075102412380617e-01 2.560309512972235024e-02 0.000000000000000000e+00
3.025000000000000000e+04 1.209941532780802742e-01 9.433318161128811941e-02 6.708010923987255403e-01 2.055075102412380617e-01 2.935821574874829254e-02 0.000000000000000000e+00
3.050000000000000000e+04 1.219941049580643977e-01 9.046426945835230049e-02 6.769458352298588499e-01 2.106281292671825234e-01 2.196176604460628110e-02 0.000000000000000000e+00
3.075000000000000000e+04 1.229940566380485212e-01 1.022985889849795244e-01 6.654528903049613531e-01 2.080109239872553473e-01 2.423759672280382388e-02 0.000000000000000000e+00
3.100000000000000000e+04 1.239940083180326447e-01 1.013882567137004975e-01 6.640873918980427781e-01 2.072143832498861971e-01 2.730996813837050646e-02 0.000000000000000000e+00
3.125000000000000000e+04 1.249939599980167682e-01 1.019572143832498806e-01 6.628356850250340937e-01 2.076695493855257035e-01 2.753755120619025970e-02 0.000000000000000000e+00
3.150000000000000000e+04 1.259939116780008916e-01 1.059399180700955900e-01 6.615839781520255203e-01 2.027765134274009950e-01 2.969959035047792587e-02 0.000000000000000000e+00
3.175000000000000000e+04 1.269938633579850151e-01 1.059399180700955900e-01 6.577150659990896875e-01 2.076695493855257035e-01 2.867546654528902936e-02 0.000000000000000000e+00
3.200000000000000000e+04 1.279938150379691386e-01 1.110605370960400518e-01 6.508875739644970349e-01 2.057350933090578149e-01 3.231679563040509851e-02 0.000000000000000000e+00
3.225000000000000000e+04 1.289937667179532621e-01 1.183431952662721831e-01 6.510013654984069253e-01 2.020937642239417353e-01 2.856167501137915274e-02 0.000000000000000000e+00
3.250000000000000000e+04 1.299937183979373856e-01 1.135639508420573512e-01 6.496358670914883504e-01 2.040282203004096517e-01 3.277196176604460498e-02 0.000000000000000000e+00
3.275000000000000000e+04 1.309936700779215091e-01 1.088984979517523960e-01 6.572598998634501255e-01 2.022075557578516258e-01 3.163404642694583185e-02 0.000000000000000000e+00
3.300000000000000000e+04 1.319936217579056326e-01 1.165225307237141572e-01 6.464497041420118606e-01 2.023213472917614886e-01 3.470641784251251444e-02 0.000000000000000000e+00
3.325000000000000000e+04 1.329935734378897561e-01 1.317705962676376796e-01 6.340464269458352398e-01 2.024351388256713791e-01 3.174783796085571541e-02 0.000000000000000000e+00
3.350000000000000000e+04 1.339935251178738795e-01 1.345015930814747462e-01 6.324533454710969949e-01 2.007282658170232159e-01 3.231679563040509851e-02 0.000000000000000000e+00
3.375000000000000000e+04 1.349934767978580030e-01 1.205052344105598527e-01 6.392808375056895365e-01 2.088074647246244975e-01 3.140646335912607862e-02 0.000000000000000000e+00
3.400000000000000000e+04 1.359934284778421265e-01 1.258534365043240677e-01 6.318843878015475424e-01 2.075557578516158408e-01 3.470641784251251444e-02 0.000000000000000000e+00
3.425000000000000000e+04 1.369933801578264720e-01 1.340464269458352398e-01 6.329085116067364458e-01 2.038006372325898985e-01 2.924442421483841592e-02 0.000000000000000000e+00
3.450000000000000000e+04 1.379933318378105955e-01 1.462221210741920796e-01 6.235776058261265353e-01 2.003868912152935722e-01 2.981338188438780248e-02 0.000000000000000000e+00
3.475000000000000000e+04 1.389932835177947190e-01 1.578288575329995502e-01 6.114019116977696955e-01 1.942421483841602070e-01 3.652708238507055422e-02 0.000000000000000000e+00
3.500000000000000000e+04 1.399932351977788425e-01 1.403049613108784677e-01 6.198224852071005930e-01 2.033454710969503920e-01 3.652708238507055422e-02 0.000000000000000000e+00
3.525000000000000000e+04 1.409931868777629660e-01 1.417842512517068776e-01 6.230086481565771939e-01 2.026627218934911323e-01 3.254437869822485174e-02 0.000000000000000000e+00
3.550000000000000000e+04 1.419931385577470895e-01 1.503186162949476656e-01 6.125398270368684894e-01 1.995903504779244497e-01 3.755120619025944378e-02 0.000000000000000000e+00
3.575000000000000000e+04 1.429930902377312130e-01 1.535047792444242110e-01 6.043468365953572619e-01 2.016385980883022289e-01 4.050978607191624975e-02 0.000000000000000000e+00
3.600000000000000000e+04 1.439930419177153365e-01 1.537323623122439642e-01 6.112881201638598050e-01 2.007282658170232159e-01 3.425125170687300796e-02 0.000000000000000000e+00
3.625000000000000000e+04 1.449929935976994599e-01 1.857077833409194467e-01 5.824988620846609511e-01 1.957214383249886169e-01 3.607191624943104080e-02 0.000000000000000000e+00
3.650000000000000000e+04 1.459929452776835834e-01 1.854802002730996935e-01 5.772644515248065433e-01 1.894629039599453890e-01 4.779244424214838111e-02 0.000000000000000000e+00
3.675000000000000000e+04 1.469928969576677069e-01 1.937869822485207005e-01 5.617888029130633232e-01 1.909421939007737712e-01 5.348202093764223980e-02 0.000000000000000000e+00
3.700000000000000000e+04 1.479928486376518304e-01 2.067592171142466906e-01 5.493855257168867023e-01 1.814974965862539702e-01 6.235776058261265076e-02 0.000000000000000000e+00
3.725000000000000000e+04 1.489928003176359539e-01 2.250796540737369233e-01 5.209376422394174089e-01 1.845698680018206528e-01 6.941283568502502888e-02 0.000000000000000000e+00
3.750000000000000000e+04 1.499927519976200774e-01 2.265589440145653055e-01 5.147928994082839882e-01 1.784251251706872876e-01 8.022303140646336317e-02 0.000000000000000000e+00
3.775000000000000000e+04 1.509927036776042009e-01 2.203004096495220776e-01 5.058033682294037492e-01 1.826354119253527641e-01 9.126081019572143682e-02 0.000000000000000000e+00
3.800000000000000000e+04 1.519926553575883243e-01 2.251934456076467861e-01 4.883932635411925571e-01 1.807009558488848477e-01 1.057123350022758368e-01 0.000000000000000000e+00
3.825000000000000000e+04 1.529926070375724478e-01 2.286071916249431124e-01 4.849795175238962308e-01 1.756941283568502488e-01 1.107191624943104219e-01 0.000000000000000000e+00
3.850000000000000000e+04 1.539925587175565713e-01 2.342967683204369711e-01 4.812243969048702885e-01 1.827492034592626269e-01 1.017296313154301274e-01 0.000000000000000000e+00
3.875000000000000000e+04 1.549925103975406948e-01 2.143832498862084657e-01 4.764451524806554428e-01 1.932180245789713313e-01 1.159535730541647741e-01 0.000000000000000000e+00
3.900000000000000000e+04 1.559924620775248183e-01 2.403277196176604458e-01 4.518661811561219821e-01 1.981110605370960398e-01 1.096950386891215323e-01 0.000000000000000000e+00
3.925000000000000000e+04 1.569924137575089418e-01 2.348657259899863403e-01 4.442421483841602070e-01 2.014110150204824756e-01 1.194811106053709632e-01 0.000000000000000000e+00
3.950000000000000000e+04 1.579923654374932873e-01 2.522758306781975324e-01 4.201183431952662528e-01 2.108557123350022766e-01 1.167501137915339104e-01 0.000000000000000000e+00
3.975000000000000000e+04 1.589923171174774108e-01 2.405553026854801990e-01 4.358215748748293095e-01 2.146108329540282189e-01 1.090122894856622726e-01 0.000000000000000000e+00
4.000000000000000000e+04 1.599922687974615343e-01 2.423759672280382249e-01 4.256941283568502765e-01 2.222348657259899940e-01 1.096950386891215323e-01 0.000000000000000000e+00
4.025000000000000000e+04 1.609922204774456578e-01 2.725307237141556538e-01 4.054392353208920996e-01 2.158625398270368756e-01 1.061675011379153433e-01 0.000000000000000000e+00
4.050000000000000000e+04 1.619921721574297813e-01 2.567137005006827621e-01 3.954255803368229572e-01 2.328174783796085612e-01 1.150432407828857473e-01 0.000000000000000000e+00
4.075000000000000000e+04 1.629921238374139048e-01 2.644515248065543722e-01 4.037323623122439642e-01 2.467000455166135642e-01 8.511606736458807165e-02 0.000000000000000000e+00
4.100000000000000000e+04 1.639920755173980282e-01 2.647928994082840437e-01 3.966772872098315861e-01 2.540964952207555583e-01 8.443331816112881194e-02 0.000000000000000000e+00
4.125000000000000000e+04 1.649920271973821517e-01 2.723031406463359283e-01 3.901911697769686049e-01 2.581929904415111721e-01 7.931269913518433634e-02 0.000000000000000000e+00
4.150000000000000000e+04 1.659919788773662752e-01 2.364588074647246130e-01 4.212562585343650468e-01 2.843650432407828776e-01 5.791989076012744875e-02 0.000000000000000000e+00
4.175000000000000000e+04 1.669919305573503987e-01 2.188211197086936677e-01 4.571005917159763343e-01 2.891442876649977234e-01 3.493400091033227461e-02 0.000000000000000000e+00
4.200000000000000000e+04 1.679918822373345222e-01 1.877560309512972259e-01 4.928311333636777314e-01 2.959717796995903760e-01 2.344105598543468408e-02 0.000000000000000000e+00
4.225000000000000000e+04 1.689918339173186457e-01 1.676149294492489672e-01 5.175238962221210270e-01 3.010923987255348377e-01 1.376877560309512985e-02 0.000000000000000000e+00
4.250000000000000000e+04 1.699917855973027692e-01 1.358670914883932657e-01 5.430131998179335007e-01 3.109922621756941452e-01 1.012744651797906244e-02 0.000000000000000000e+00
4.275000000000000000e+04 1.709917372772868926e-01 1.338188438780154865e-01 5.410787437414655843e-01 3.137232589895311841e-01 1.137915339098771045e-02 0.000000000000000000e+00
4.300000000000000000e+04 1.719916889572710161e-01 1.403049613108784677e-01 5.381201638598088755e-01 3.111060537096039802e-01 1.046882111970869403e-02 0.000000000000000000e+00
4.325000000000000000e+04 1.729916406372551396e-01 1.355257168866636219e-01 5.362994993172508496e-01 3.139508420573509095e-01 1.422394173873463806e-02 0.000000000000000000e+00
4.350000000000000000e+04 1.739915923172392631e-01 1.430359581247155343e-01 5.258306781975421451e-01 3.180473372781065233e-01 1.308602639963586667e-02 0.000000000000000000e+00
4.375000000000000000e+04 1.749915439972233866e-01 1.309740555302685572e-01 5.259444697314519246e-01 3.254437869822485174e-01 1.763768775603095224e-02 0.000000000000000000e+00
4.400000000000000000e+04 1.759914956772075101e-01 1.302913063268092975e-01 4.919208010923987184e-01 3.543468365953573174e-01 2.344105598543468408e-02 0.000000000000000000e+00
4.425000000000000000e+04 1.769914473571916336e-01 1.161811561219845274e-01 4.705279927173418031e-01 3.933773327264451503e-01 1.991351843422849502e-02 0.000000000000000000e+00
4.450000000000000000e+04 1.779913990371757571e-01 1.178880291306326766e-01 4.733727810650887324e-01 3.988393263541192280e-01 9.899863450159307465e-03 0.000000000000000000e+00
4.475000000000000000e+04 1.789913507171601026e-01 1.177742375967228000e-01 4.767865270823850588e-01 4.008875739644970349e-01 4.551661356395083832e-03 0.000000000000000000e+00
4.500000000000000000e+04 1.799913023971442261e-01 1.159535730541647741e-01 4.766727355484751683e-01 4.022530723714155543e-01 5.120619025944469528e-03 0.000000000000000000e+00
4.525000000000000000e+04 1.809912540771283496e-01 1.190259444697314567e-01 4.738279472007282389e-01 4.016841147018661573e-01 5.461993627674101119e-03 0.000000000000000000e+00
4.550000000000000000e+04 1.819912057571124731e-01 1.193673190714610866e-01 4.728038233955393910e-01 4.048702776513427581e-01 2.958579881656804664e-03 0.000000000000000000e+00
4.575000000000000000e+04 1.829911574370965965e-01 1.140191169776968577e-01 4.751934456076468138e-01 4.066909421939007840e-01 4.096495220755575623e-03 0.000000000000000000e+00
4.600000000000000000e+04 1.839911091170807200e-01 1.148156577150659940e-01 4.741693218024579104e-01 4.057806099226217711e-01 5.234410559854347014e-03 0.000000000000000000e+00
4.625000000000000000e+04 1.849910607970648435e-01 1.169776968593536637e-01 4.721210741920801035e-01 4.032771961766044577e-01 7.624032771961766417e-03 0.000000000000000000e+00
4.650000000000000000e+04 1.859910124770489670e-01 1.185707783340919502e-01 4.698452435138825711e-01 4.048702776513427581e-01 6.713700500682749130e-03 0.000000000000000000e+00
4.675000000000000000e+04 1.869909641570330905e-01 1.191397360036413333e-01 4.688211197086936677e-01 4.052116522530723741e-01 6.827492034592626616e-03 0.000000000000000000e+00
4.700000000000000000e+04 1.879909158370172140e-01 1.148156577150659940e-01 4.679107874374146547e-01 4.111288120163859583e-01 6.144742831133363434e-03 0.000000000000000000e+00
4.725000000000000000e+04 1.889908675170013375e-01 1.154984069185252676e-01 4.673418297678652578e-01 4.098771051433773294e-01 7.282658170232134826e-03 0.000000000000000000e+00
4.750000000000000000e+04 1.899908191969854609e-01 1.161811561219845274e-01 4.665452890304961353e-01 4.115839781520254648e-01 5.689576695493855224e-03 0.000000000000000000e+00
4.775000000000000000e+04 1.909907708769695844e-01 1.143604915794264876e-01 4.665452890304961353e-01 4.132908511606736557e-01 5.803368229403732710e-03 0.000000000000000000e+00
4.800000000000000000e+04 1.919907225569537079e-01 1.121984524351388318e-01 4.658625398270368478e-01 4.136322257624032717e-01 8.306781975421027864e-03 0.000000000000000000e+00
4.825000000000000000e+04 1.929906742369378314e-01 1.148156577150659940e-01 4.648384160218479999e-01 4.137460172963131622e-01 6.599908966772872511e-03 0.000000000000000000e+00
4.850000000000000000e+04 1.939906259169219549e-01 1.198224852071005930e-01 4.644970414201183284e-01 4.098771051433773294e-01 5.803368229403732710e-03 0.000000000000000000e+00
4.875000000000000000e+04 1.949905775969060784e-01 1.166363222576240338e-01 4.651797906235776159e-01 4.124943104233045332e-01 5.689576695493855224e-03 0.000000000000000000e+00
4.900000000000000000e+04 1.959905292768902019e-01 1.147018661811561174e-01 4.626763768775603025e-01 4.157942649066909691e-01 6.827492034592626616e-03 0.000000000000000000e+00
4.925000000000000000e+04 1.969904809568743254e-01 1.083295402822029990e-01 4.625625853436504120e-01 4.214838416021847722e-01 7.624032771961766417e-03 0.000000000000000000e+00
4.950000000000000000e+04 1.979904326368584488e-01 1.019572143832498806e-01 4.646108329540282189e-01 4.275147928994083024e-01 5.917159763313609329e-03 0.000000000000000000e+00
4.975000000000000000e+04 1.989903843168425723e-01 1.027537551206190308e-01 4.613108784706417831e-01 4.301319981793354508e-01 5.803368229403732710e-03 0.000000000000000000e+00
5.000000000000000000e+04 1.999903359968269179e-01 9.330905780609922984e-02 4.644970414201183284e-01 4.376422394173873354e-01 4.551661356395083832e-03 0.000000000000000000e+00
5.025000000000000000e+04 2.009902876768110414e-01 9.820209376422393832e-02 4.648384160218479999e-01 4.337733272644515026e-01 3.186162949476558769e-03 0.000000000000000000e+00
5.050000000000000000e+04 2.019902393567951648e-01 9.512972234865725574e-02 4.650659990896677254e-01 4.365043240782885969e-01 3.299954483386436255e-03 0.000000000000000000e+00
5.075000000000000000e+04 2.029901910367792883e-01 9.387801547564861293e-02 4.665452890304961353e-01 4.352526172052799125e-01 4.324078288575329727e-03 0.000000000000000000e+00
5.100000000000000000e+04 2.039901427167634118e-01 9.581247155211652933e-02 4.668866636322257513e-01 4.345698680018206805e-01 2.730996813837050560e-03 0.000000000000000000e+00
5.125000000000000000e+04 2.049900943967475353e-01 9.865725989986344480e-02 4.658625398270368478e-01 4.312699135184342447e-01 4.210286754665453109e-03 0.000000000000000000e+00
5.150000000000000000e+04 2.059900460767316588e-01 9.774692762858443185e-02 4.648384160218479999e-01 4.327492034592626546e-01 4.665452890304961318e-03 0.000000000000000000e+00
5.175000000000000000e+04 2.069899977567157823e-01 9.228493400091032639e-02 4.659763313609467383e-01 4.359353664087392000e-01 5.803368229403732710e-03 0.000000000000000000e+00
5.200000000000000000e+04 2.079899494366999058e-01 9.512972234865725574e-02 4.660901228948566288e-01 4.337733272644515026e-01 5.006827492034592909e-03 0.000000000000000000e+00
5.225000000000000000e+04 2.089899011166840292e-01 9.854346836595356818e-02 4.663177059626763543e-01 4.310423304506144637e-01 4.096495220755575623e-03 0.000000000000000000e+00
5.250000000000000000e+04 2.099898527966681527e-01 9.842967683204369156e-02 4.651797906235776159e-01 4.322940373236231482e-01 4.096495220755575623e-03 0.000000000000000000e+00
5.275000000000000000e+04 2.109898044766522762e-01 9.387801547564861293e-02 4.644970414201183284e-01 4.355939918070095840e-01 6.030951297223486815e-03 0.000000000000000000e+00
5.300000000000000000e+04 2.119897561566363997e-01 9.877105143377332142e-02 4.650659990896677254e-01 4.318388711879836417e-01 4.324078288575329727e-03 0.000000000000000000e+00
5.325000000000000000e+04 2.129897078366205232e-01 9.695038689121529552e-02 4.647246244879381094e-01 4.344560764679107900e-01 3.868912152935821518e-03 0.000000000000000000e+00
5.350000000000000000e+04 2.139896595166046467e-01 1.029813381884387841e-01 4.640418752844788219e-01 4.285389167045971504e-01 4.437869822485207214e-03 0.000000000000000000e+00
5.375000000000000000e+04 2.149896111965887702e-01 1.017296313154301274e-01 4.633591260810195900e-01 4.324078288575329831e-01 2.503413746017296455e-03 0.000000000000000000e+00
5.400000000000000000e+04 2.159895628765728937e-01 9.808830223031406170e-02 4.646108329540282189e-01 4.317250796540737512e-01 5.575785161583977738e-03 0.000000000000000000e+00
5.425000000000000000e+04 2.169895145565570171e-01 9.797451069640418508e-02 4.642694583522986029e-01 4.314974965862539702e-01 6.258534365043240920e-03 0.000000000000000000e+00
5.450000000000000000e+04 2.179894662365411406e-01 1.020710059171597572e-01 4.652935821574875064e-01 4.288802913063268218e-01 3.755120619025944465e-03 0.000000000000000000e+00
5.475000000000000000e+04 2.189894179165252641e-01 1.019572143832498806e-01 4.634729176149294250e-01 4.311561219845243542e-01 3.413746017296313308e-03 0.000000000000000000e+00
5.500000000000000000e+04 2.199893695965093876e-01 1.013882567137004975e-01 4.658625398270368478e-01 4.287664997724169313e-01 3.982703686845699004e-03 0.000000000000000000e+00
5.525000000000000000e+04 2.209893212764937331e-01 1.017296313154301274e-01 4.631315430131998090e-01 4.311561219845243542e-01 3.982703686845699004e-03 0.000000000000000000e+00
5.550000000000000000e+04 2.219892729564778566e-01 1.054847519344560697e-01 4.606281292671824956e-01 4.303595812471552318e-01 3.527537551206190360e-03 0.000000000000000000e+00
5.575000000000000000e+04 2.229892246364619801e-01 1.060537096040054666e-01 4.639280837505689314e-01 4.269458352298589054e-01 3.072371415566681717e-03 0.000000000000000000e+00
5.600000000000000000e+04 2.239891763164461036e-01 1.095812471552116557e-01 4.632453345471096995e-01 4.223941738734638407e-01 4.779244424214838804e-03 0.000000000000000000e+00
5.625000000000000000e+04 2.249891279964302271e-01 1.068502503413746030e-01 4.666590805644060258e-01 4.221665908056440597e-01 4.324078288575329727e-03 0.000000000000000000e+00
5.650000000000000000e+04 2.259890796764143506e-01 1.106053709604005453e-01 4.689349112426035582e-01 4.170459717796995980e-01 3.413746017296313308e-03 0.000000000000000000e+00
5.675000000000000000e+04 2.269890313563984741e-01 1.158397815202548975e-01 4.642694583522986029e-01 4.152253072371415721e-01 4.665452890304961318e-03 0.000000000000000000e+00
