# itime ezz other fcc hcp bcc ico
0.000000000000000000e+00 0.000000000000000000e+00 1.934456076467910759e-03 9.980655439235320836e-01 0.000000000000000000e+00 0.000000000000000000e+00 0.000000000000000000e+00
3.000000000000000000e+00 1.199959874484957112e-03 6.827492034592626399e-04 9.993172507965407680e-01 0.000000000000000000e+00 0.000000000000000000e+00 0.000000000000000000e+00
6.000000000000000000e+00 2.399919748969914224e-03 4.551661356395084266e-04 9.995448338643604380e-01 0.000000000000000000e+00 0.000000000000000000e+00 0.000000000000000000e+00
9.000000000000000000e+00 3.599879623454871336e-03 1.137915339098771066e-04 9.998862084660901095e-01 0.000000000000000000e+00 0.000000000000000000e+00 0.000000000000000000e+00
1.200000000000000000e+01 4.799839497939828448e-03 0.000000000000000000e+00 1.000000000000000000e+00 0.000000000000000000e+00 0.000000000000000000e+00 0.000000000000000000e+00
1.500000000000000000e+01 5.999799372424785560e-03 4.551661356395084266e-04 9.995448338643604380e-01 0.000000000000000000e+00 0.000000000000000000e+00 0.000000000000000000e+00
1.800000000000000000e+01 7.199759246909742672e-03 2.275830678197542133e-04 9.997724169321802190e-01 0.000000000000000000e+00 0.000000000000000000e+00 0.000000000000000000e+00
2.100000000000000000e+01 8.399719121394699783e-03 5.689576695493854790e-04 9.994310423304506585e-01 0.000000000000000000e+00 0.000000000000000000e+00 0.000000000000000000e+00
2.400000000000000000e+01 9.599678995879656895e-03 1.479289940828402332e-03 9.985207100591716456e-01 0.000000000000000000e+00 0.000000000000000000e+00 0.000000000000000000e+00
2.700000000000000000e+01 1.079963887036461401e-02 1.934456076467910759e-03 9.980655439235320836e-01 0.000000000000000000e+00 0.000000000000000000e+00 0.000000000000000000e+00
3.000000000000000000e+01 1.199959874484957112e-02 1.365498406918525280e-03 9.986345015930814251e-01 0.000000000000000000e+00 0.000000000000000000e+00 0.000000000000000000e+00
3.300000000000000000e+01 1.319955861933452823e-02 1.251706873008648227e-03 9.987482931269913156e-01 0.000000000000000000e+00 0.000000000000000000e+00 0.000000000000000000e+00
3.600000000000000000e+01 1.439951849381948534e-02 1.365498406918525280e-03 9.986345015930814251e-01 0.000000000000000000e+00 0.000000000000000000e+00 0.000000000000000000e+00
3.900000000000000000e+01 1.559947836830444245e-02 1.137915339098770958e-03 9.988620846609012061e-01 0.000000000000000000e+00 0.000000000000000000e+00 0.000000000000000000e+00
4.200000000000000000e+01 1.679943824278939957e-02 1.479289940828402332e-03 9.985207100591716456e-01 0.000000000000000000e+00 0.000000000000000000e+00 0.000000000000000000e+00
4.500000000000000000e+01 1.799939811727435668e-02 9.103322712790168532e-04 9.990896677287209870e-01 0.000000000000000000e+00 0.000000000000000000e+00 0.000000000000000000e+00
4.800000000000000000e+01 1.919935799175931379e-02 9.103322712790168532e-04 9.989758761948110966e-01 0.000000000000000000e+00 1.137915339098771066e-04 0.000000000000000000e+00
5.100000000000000000e+01 2.039931786624427090e-02 1.024123805188893906e-03 9.988620846609012061e-01 0.000000000000000000e+00 1.137915339098771066e-04 0.000000000000000000e+00
5.400000000000000000e+01 2.159927774072922801e-02 1.137915339098770958e-03 9.988620846609012061e-01 0.000000000000000000e+00 0.000000000000000000e+00 0.000000000000000000e+00
5.700000000000000000e+01 2.279923761521418513e-02 1.137915339098770958e-03 9.988620846609012061e-01 0.000000000000000000e+00 0.000000000000000000e+00 0.000000000000000000e+00
6.000000000000000000e+01 2.399919748969914224e-02 7.965407373691396923e-04 9.992034592626308775e-01 0.000000000000000000e+00 0.000000000000000000e+00 0.000000000000000000e+00
6.300000000000000000e+01 2.519915736418409935e-02 1.820664542558033706e-03 9.981793354574419741e-01 0.000000000000000000e+00 0.000000000000000000e+00 0.000000000000000000e+00
6.600000000000000000e+01 2.639911723866905646e-02 2.048247610377787811e-03 9.979517523896221931e-01 0.000000000000000000e+00 0.000000000000000000e+00 0.000000000000000000e+00
6.900000000000000000e+01 2.759907711315423562e-02 2.275830678197541916e-03 9.977241693218024121e-01 0.000000000000000000e+00 0.000000000000000000e+00 0.000000000000000000e+00
7.200000000000000000e+01 2.879903698763919273e-02 1.706873008648156654e-03 9.982931269913518646e-01 0.000000000000000000e+00 0.000000000000000000e+00 0.000000000000000000e+00
7.500000000000000000e+01 2.999899686212414984e-02 2.048247610377787811e-03 9.979517523896221931e-01 0.000000000000000000e+00 0.000000000000000000e+00 0.000000000000000000e+00
7.800000000000000000e+01 3.119895673660910695e-02 1.934456076467910759e-03 9.980655439235320836e-01 0.000000000000000000e+00 0.000000000000000000e+00 0.000000000000000000e+00
8.100000000000000000e+01 3.239891661109406407e-02 2.503413746017296455e-03 9.974965862539827421e-01 0.000000000000000000e+00 0.000000000000000000e+00 0.000000000000000000e+00
8.400000000000000000e+01 3.359887648557902118e-02 2.389622212107419402e-03 9.976103777878926326e-01 0.000000000000000000e+00 0.000000000000000000e+00 0.000000000000000000e+00
8.700000000000000000e+01 3.479883636006397829e-02 3.641329085116067413e-03 9.961310878470641672e-01 0.000000000000000000e+00 2.275830678197542133e-04 0.000000000000000000e+00
9.000000000000000000e+01 3.599879623454893540e-02 4.096495220755575623e-03 9.956759217114247162e-01 0.000000000000000000e+00 2.275830678197542133e-04 0.000000000000000000e+00
9.300000000000000000e+01 3.719875610903389251e-02 5.234410559854347014e-03 9.946517979062358128e-01 0.000000000000000000e+00 1.137915339098771066e-04 0.000000000000000000e+00
9.600000000000000000e+01 3.839871598351884963e-02 5.917159763313609329e-03 9.938552571688666903e-01 0.000000000000000000e+00 2.275830678197542133e-04 0.000000000000000000e+00
9.900000000000000000e+01 3.959867585800380674e-02 5.917159763313609329e-03 9.939690487027764698e-01 0.000000000000000000e+00 1.137915339098771066e-04 0.000000000000000000e+00
1.020000000000000000e+02 4.079863573248876385e-02 7.396449704142011444e-03 9.926035502958580059e-01 0.000000000000000000e+00 0.000000000000000000e+00 0.000000000000000000e+00
1.050000000000000000e+02 4.199859560697372096e-02 6.486117432862995025e-03 9.935138825671370189e-01 0.000000000000000000e+00 0.000000000000000000e+00 0.000000000000000000e+00
1.080000000000000000e+02 4.319855548145867807e-02 6.372325898953117539e-03 9.930587164314974569e-01 0.000000000000000000e+00 5.689576695493854790e-04 0.000000000000000000e+00
1.110000000000000000e+02 4.439851535594363519e-02 7.055075102412380721e-03 9.924897587619481154e-01 0.000000000000000000e+00 4.551661356395084266e-04 0.000000000000000000e+00
1.140000000000000000e+02 4.559847523042859230e-02 9.330905780609922637e-03 9.901001365498406370e-01 0.000000000000000000e+00 5.689576695493854790e-04 0.000000000000000000e+00
1.170000000000000000e+02 4.679843510491354941e-02 1.069640418752844727e-02 9.886208466090122826e-01 0.000000000000000000e+00 6.827492034592626399e-04 0.000000000000000000e+00
1.200000000000000000e+02 4.799839497939850652e-02 1.263086026399635846e-02 9.870277651342740377e-01 0.000000000000000000e+00 3.413746017296313199e-04 0.000000000000000000e+00
1.230000000000000000e+02 4.919835485388346363e-02 1.524806554392353283e-02 9.839553937187073274e-01 0.000000000000000000e+00 7.965407373691396923e-04 0.000000000000000000e+00
1.260000000000000000e+02 5.039831472836842075e-02 1.433773327264451468e-02 9.852071005917160118e-01 0.000000000000000000e+00 4.551661356395084266e-04 0.000000000000000000e+00
1.290000000000000000e+02 5.159827460285337786e-02 1.388256713700500647e-02 9.857760582612653533e-01 0.000000000000000000e+00 3.413746017296313199e-04 0.000000000000000000e+00
1.320000000000000000e+02 5.279823447733833497e-02 1.069640418752844727e-02 9.887346381429221731e-01 0.000000000000000000e+00 5.689576695493854790e-04 0.000000000000000000e+00
1.350000000000000000e+02 5.399819435182329208e-02 1.137915339098771045e-02 9.877105143377332697e-01 0.000000000000000000e+00 9.103322712790168532e-04 0.000000000000000000e+00
1.380000000000000000e+02 5.519815422630824919e-02 1.206190259444697363e-02 9.873691397360035982e-01 0.000000000000000000e+00 5.689576695493854790e-04 0.000000000000000000e+00
1.410000000000000000e+02 5.639811410079320630e-02 1.217569412835685025e-02 9.872553482020938187e-01 0.000000000000000000e+00 5.689576695493854790e-04 0.000000000000000000e+00
1.440000000000000000e+02 5.759807397527816342e-02 1.342740100136549826e-02 9.861174328629950248e-01 0.000000000000000000e+00 4.551661356395084266e-04 0.000000000000000000e+00
1.470000000000000000e+02 5.879803384976312053e-02 1.570323167956303931e-02 9.837278106508875464e-01 0.000000000000000000e+00 5.689576695493854790e-04 0.000000000000000000e+00
1.500000000000000000e+02 5.999799372424807764e-02 1.672735548475193582e-02 9.825898953117887524e-01 0.000000000000000000e+00 6.827492034592626399e-04 0.000000000000000000e+00
1.530000000000000000e+02 6.119795359873303475e-02 1.672735548475193582e-02 9.827036868456986429e-01 0.000000000000000000e+00 5.689576695493854790e-04 0.000000000000000000e+00
1.560000000000000000e+02 6.239791347321799186e-02 1.729631315430131891e-02 9.819071461083295205e-01 0.000000000000000000e+00 7.965407373691396923e-04 0.000000000000000000e+00
1.590000000000000000e+02 6.359787334770294898e-02 1.445152480655439303e-02 9.846381429221665593e-01 0.000000000000000000e+00 9.103322712790168532e-04 0.000000000000000000e+00
1.620000000000000000e+02 6.479783322218790609e-02 1.649977241693217911e-02 9.825898953117887524e-01 0.000000000000000000e+00 9.103322712790168532e-04 0.000000000000000000e+00
1.650000000000000000e+02 6.599779309667286320e-02 1.854802002730996865e-02 9.808830223031406170e-01 0.000000000000000000e+00 5.689576695493854790e-04 0.000000000000000000e+00
1.680000000000000000e+02 6.719775297115782031e-02 2.332726445152480746e-02 9.751934456076467583e-01 0.000000000000000000e+00 1.479289940828402332e-03 0.000000000000000000e+00
1.710000000000000000e+02 6.839771284564277742e-02 2.548930359581247015e-02 9.734865725989986229e-01 0.000000000000000000e+00 1.024123805188893906e-03 0.000000000000000000e+00
1.740000000000000000e+02 6.959767272012773454e-02 2.526172052799271692e-02 9.734865725989986229e-01 0.000000000000000000e+00 1.251706873008648227e-03 0.000000000000000000e+00
1.770000000000000000e+02 7.079763259461269165e-02 2.878925807919890598e-02 9.703004096495220221e-01 0.000000000000000000e+00 9.103322712790168532e-04 0.000000000000000000e+00
1.800000000000000000e+02 7.199759246909764876e-02 2.844788347746927612e-02 9.713245334547109255e-01 0.000000000000000000e+00 2.275830678197542133e-04 0.000000000000000000e+00
1.830000000000000000e+02 7.319755234358260587e-02 3.015475648611743234e-02 9.696176604460627901e-01 0.000000000000000000e+00 2.275830678197542133e-04 0.000000000000000000e+00
1.860000000000000000e+02 7.439751221806756298e-02 3.072371415566681890e-02 9.684797451069639962e-01 0.000000000000000000e+00 7.965407373691396923e-04 0.000000000000000000e+00
1.890000000000000000e+02 7.559747209255252010e-02 3.436504324078288458e-02 9.647246244879380539e-01 0.000000000000000000e+00 9.103322712790168532e-04 0.000000000000000000e+00
1.920000000000000000e+02 7.679743196703747721e-02 4.085116067364587961e-02 9.581247155211651823e-01 0.000000000000000000e+00 1.024123805188893906e-03 0.000000000000000000e+00
1.950000000000000000e+02 7.799739184152243432e-02 4.574419663177059503e-02 9.532316795630405570e-01 0.000000000000000000e+00 1.024123805188893906e-03 0.000000000000000000e+00
1.980000000000000000e+02 7.919735171600739143e-02 4.881656804733727761e-02 9.493627674101047242e-01 0.000000000000000000e+00 1.820664542558033706e-03 0.000000000000000000e+00
2.010000000000000000e+02 8.039731159049257059e-02 4.654073736913973830e-02 9.512972234865726406e-01 0.000000000000000000e+00 2.162039144287664864e-03 0.000000000000000000e+00
2.040000000000000000e+02 8.159727146497752770e-02 4.881656804733727761e-02 9.479972690031861493e-01 0.000000000000000000e+00 3.186162949476558769e-03 0.000000000000000000e+00
2.070000000000000000e+02 8.279723133946248481e-02 5.359581247155211642e-02 9.429904415111515226e-01 0.000000000000000000e+00 3.413746017296313308e-03 0.000000000000000000e+00
2.100000000000000000e+02 8.399719121394744192e-02 5.837505689576695522e-02 9.388939462903960198e-01 0.000000000000000000e+00 2.730996813837050560e-03 0.000000000000000000e+00
2.130000000000000000e+02 8.519715108843239904e-02 6.360946745562130744e-02 9.335457441966317216e-01 0.000000000000000000e+00 2.844788347746927612e-03 0.000000000000000000e+00
2.160000000000000000e+02 8.639711096291735615e-02 7.146108329540282189e-02 9.260355029585798370e-01 0.000000000000000000e+00 2.503413746017296455e-03 0.000000000000000000e+00
2.190000000000000000e+02 8.759707083740231326e-02 7.760582612653618706e-02 9.190942193900774049e-01 0.000000000000000000e+00 3.299954483386436255e-03 0.000000000000000000e+00
2.220000000000000000e+02 8.879703071188727037e-02 8.500227583067819503e-02 9.109012289485661773e-01 0.000000000000000000e+00 4.096495220755575623e-03 0.000000000000000000e+00
2.250000000000000000e+02 8.999699058637222748e-02 9.410559854346836617e-02 9.008875739644970349e-01 0.000000000000000000e+00 5.006827492034592909e-03 0.000000000000000000e+00
2.280000000000000000e+02 9.119695046085718459e-02 1.081019572143832458e-01 8.879153390987710726e-01 0.000000000000000000e+00 3.982703686845699004e-03 0.000000000000000000e+00
2.310000000000000000e+02 9.239691033534214171e-02 1.117432862994993115e-01 8.835912608101956778e-01 0.000000000000000000e+00 4.665452890304961318e-03 0.000000000000000000e+00
2.340000000000000000e+02 9.359687020982709882e-02 1.190259444697314567e-01 8.768775603095130267e-01 0.000000000000000000e+00 4.096495220755575623e-03 0.000000000000000000e+00
2.370000000000000000e+02 9.479683008431205593e-02 1.267637687756031084e-01 8.678880291306326766e-01 0.000000000000000000e+00 5.348202093764223633e-03 0.000000000000000000e+00
2.400000000000000000e+02 9.599678995879701304e-02 1.304050978607191602e-01 8.632225762403277214e-01 0.000000000000000000e+00 6.372325898953117539e-03 0.000000000000000000e+00
2.430000000000000000e+02 9.719674983328197015e-02 1.323395539371870766e-01 8.615157032316795860e-01 0.000000000000000000e+00 6.144742831133363434e-03 0.000000000000000000e+00
2.460000000000000000e+02 9.839670970776692727e-02 1.426945835229858905e-01 8.517296313154301135e-01 0.000000000000000000e+00 5.575785161583977738e-03 0.000000000000000000e+00
2.490000000000000000e+02 9.959666958225188438e-02 1.487255348202093652e-01 8.459262630860263643e-01 0.000000000000000000e+00 5.348202093764223633e-03 0.000000000000000000e+00
2.520000000000000000e+02 1.007966294567368415e-01 1.595357305416477134e-01 8.328402366863905115e-01 0.000000000000000000e+00 7.624032771961766417e-03 0.000000000000000000e+00
2.550000000000000000e+02 1.019965893312217986e-01 1.657942649066909413e-01 8.284023668639053373e-01 0.000000000000000000e+00 5.803368229403732710e-03 0.000000000000000000e+00
2.580000000000000000e+02 1.031965492057067557e-01 1.696631770596267741e-01 8.223714155666818071e-01 0.000000000000000000e+00 7.965407373691398007e-03 0.000000000000000000e+00
2.610000000000000000e+02 1.043965090801917128e-01 1.759217114246700020e-01 8.152025489303595940e-01 0.000000000000000000e+00 8.875739644970414427e-03 0.000000000000000000e+00
2.640000000000000000e+02 1.055964689546766699e-01 1.810423304506144637e-01 8.086026399635867223e-01 0.000000000000000000e+00 1.035502958579881741e-02 0.000000000000000000e+00
2.670000000000000000e+02 1.067964288291616270e-01 1.893491124260354985e-01 7.999544833864360438e-01 0.000000000000000000e+00 1.069640418752844727e-02 0.000000000000000000e+00
2.700000000000000000e+02 1.079963887036465842e-01 1.975421028675466428e-01 7.901684114701865713e-01 0.000000000000000000e+00 1.228948566226672687e-02 0.000000000000000000e+00
2.730000000000000000e+02 1.091963485781315413e-01 2.100591715976331264e-01 7.758306781975421451e-01 0.000000000000000000e+00 1.411015020482476144e-02 0.000000000000000000e+00
2.760000000000000000e+02 1.103963084526164984e-01 2.180245789713245452e-01 7.670687300864815761e-01 0.000000000000000000e+00 1.490669094219390124e-02 0.000000000000000000e+00
2.790000000000000000e+02 1.115962683271014555e-01 2.274692762858443462e-01 7.569412835685025431e-01 0.000000000000000000e+00 1.558944014565316269e-02 0.000000000000000000e+00
2.820000000000000000e+02 1.127962282015864126e-01 2.418070095584888557e-01 7.426035502958580059e-01 0.000000000000000000e+00 1.558944014565316269e-02 0.000000000000000000e+00
2.850000000000000000e+02 1.139961880760713697e-01 2.560309512972234747e-01 7.259899863450158808e-01 0.000000000000000000e+00 1.797906235776058209e-02 0.000000000000000000e+00
2.880000000000000000e+02 1.151961479505563268e-01 2.737824305871643382e-01 7.091488393263540857e-01 0.000000000000000000e+00 1.706873008648156567e-02 0.000000000000000000e+00
2.910000000000000000e+02 1.163961078250412839e-01 2.906235776058261333e-01 6.895766954938552518e-01 0.000000000000000000e+00 1.979972690031861493e-02 0.000000000000000000e+00
2.940000000000000000e+02 1.175960676995262411e-01 3.020027309968138507e-01 6.758079198907601670e-01 0.000000000000000000e+00 2.218934911242603433e-02 0.000000000000000000e+00
2.970000000000000000e+02 1.187960275740111982e-01 3.161128812016386069e-01 6.610150204824760678e-01 0.000000000000000000e+00 2.287209831588529751e-02 0.000000000000000000e+00
3.000000000000000000e+02 1.199959874484961553e-01 3.356850250341374409e-01 6.407601274465180019e-01 0.000000000000000000e+00 2.355484751934456070e-02 0.000000000000000000e+00
3.030000000000000000e+02 1.211959473229811124e-01 3.520710059171597850e-01 6.217569412835685094e-01 0.000000000000000000e+00 2.617205279927173334e-02 0.000000000000000000e+00
3.060000000000000000e+02 1.223959071974660695e-01 3.669776968593536637e-01 6.040054619936277014e-01 0.000000000000000000e+00 2.901684114701866268e-02 0.000000000000000000e+00
3.090000000000000000e+02 1.235958670719510266e-01 3.829085116067364458e-01 5.867091488393263443e-01 0.000000000000000000e+00 3.038233955393718558e-02 0.000000000000000000e+00
3.120000000000000000e+02 1.247958269464359837e-01 4.040737369139735802e-01 5.647473827947200320e-01 0.000000000000000000e+00 3.117888029130632538e-02 0.000000000000000000e+00
3.150000000000000000e+02 1.259957868209209408e-01 4.175011379153391045e-01 5.479062357760582369e-01 2.275830678197542133e-04 3.436504324078288458e-02 0.000000000000000000e+00
3.180000000000000000e+02 1.271957466954058980e-01 4.316112881201638607e-01 5.287892580791988539e-01 1.137915339098771066e-04 3.948566226672735324e-02 0.000000000000000000e+00
3.210000000000000000e+02 1.283957065698908551e-01 4.534592626308602825e-01 5.060309512972235302e-01 3.413746017296313199e-04 4.016841147018661989e-02 0.000000000000000000e+00
3.240000000000000000e+02 1.295956664443758122e-01 4.672280382339553673e-01 4.887346381429221731e-01 4.551661356395084266e-04 4.358215748748293233e-02 0.000000000000000000e+00
3.270000000000000000e+02 1.307956263188607693e-01 4.840691852526172179e-01 4.650659990896677254e-01 7.965407373691396923e-04 5.006827492034592736e-02 0.000000000000000000e+00
3.300000000000000000e+02 1.319955861933457264e-01 5.046654528903049552e-01 4.404870277651342647e-01 1.365498406918525280e-03 5.348202093764223980e-02 0.000000000000000000e+00
3.330000000000000000e+02 1.331955460678309056e-01 5.260582612653618151e-01 4.163632225762403105e-01 1.251706873008648227e-03 5.632680928538916915e-02 0.000000000000000000e+00
3.360000000000000000e+02 1.343955059423158627e-01 5.389167045971779979e-01 3.992944924897587344e-01 1.365498406918525280e-03 6.042330450614474130e-02 0.000000000000000000e+00
3.390000000000000000e+02 1.355954658168008198e-01 5.581474738279471604e-01 3.765361857077833552e-01 1.251706873008648227e-03 6.406463359126081392e-02 0.000000000000000000e+00
3.420000000000000000e+02 1.367954256912857769e-01 5.753299954483386269e-01 3.522985889849795105e-01 1.365498406918525280e-03 7.100591715976331542e-02 0.000000000000000000e+00
3.450000000000000000e+02 1.379953855657707340e-01 5.851160673645880994e-01 3.371643149749658508e-01 1.706873008648156654e-03 7.601274465179790052e-02 0.000000000000000000e+00
3.480000000000000000e+02 1.391953454402556911e-01 6.021847974510696755e-01 3.126991351843422806e-01 2.162039144287664864e-03 8.295402822030041590e-02 0.000000000000000000e+00
3.510000000000000000e+02 1.403953053147406482e-01 6.174328629949932257e-01 2.934683659535730627e-01 2.730996813837050560e-03 8.636777423759672834e-02 0.000000000000000000e+00
3.540000000000000000e+02 1.415952651892256053e-01 6.241465634956758768e-01 2.809512972234865513e-01 3.186162949476558769e-03 9.171597633136094330e-02 0.000000000000000000e+00
3.570000000000000000e+02 1.427952250637105625e-01 6.371187983614019501e-01 2.644515248065543722e-01 4.096495220755575623e-03 9.433318161128811941e-02 0.000000000000000000e+00
3.600000000000000000e+02 1.439951849381955196e-01 6.439462903959944917e-01 2.474965862539827144e-01 4.324078288575329727e-03 1.042330450614474269e-01 0.000000000000000000e+00
3.630000000000000000e+02 1.451951448126804767e-01 6.543013199817933057e-01 2.315657715065999045e-01 4.324078288575329727e-03 1.098088302230314089e-01 0.000000000000000000e+00
3.660000000000000000e+02 1.463951046871654338e-01 6.665908056440600360e-01 2.159763313609467383e-01 5.803368229403732710e-03 1.116294947655894348e-01 0.000000000000000000e+00
3.690000000000000000e+02 1.475950645616503909e-01 6.787664997724169869e-01 1.973145197997268896e-01 6.372325898953117539e-03 1.175466545289030468e-01 0.000000000000000000e+00
3.720000000000000000e+02 1.487950244361353480e-01 6.887801547564861293e-01 1.849112426035502965e-01 6.827492034592626616e-03 1.194811106053709632e-01 0.000000000000000000e+00
3.750000000000000000e+02 1.499949843106203051e-01 6.994765589440146147e-01 1.684114701866181174e-01 7.737824305871643035e-03 1.243741465634956717e-01 0.000000000000000000e+00
3.780000000000000000e+02 1.511949441851052622e-01 7.015248065543923106e-01 1.588529813381884259e-01 8.761948111060537808e-03 1.308602639963586667e-01 0.000000000000000000e+00
3.810000000000000000e+02 1.523949040595902193e-01 7.066454255803368278e-01 1.454255803368229294e-01 9.444697314519799256e-03 1.384842967683204418e-01 0.000000000000000000e+00
3.840000000000000000e+02 1.535948639340751765e-01 7.078971324533455123e-01 1.366636322257624159e-01 9.444697314519799256e-03 1.459945380063723264e-01 0.000000000000000000e+00
3.870000000000000000e+02 1.547948238085601336e-01 7.111970869367318926e-01 1.319981793354574329e-01 1.012744651797906244e-02 1.466772872098315861e-01 0.000000000000000000e+00
3.900000000000000000e+02 1.559947836830450907e-01 7.157487482931269573e-01 1.205052344105598527e-01 1.103777878925807886e-02 1.527082385070550885e-01 0.000000000000000000e+00
3.930000000000000000e+02 1.571947435575300478e-01 7.190487027765134487e-01 1.134501593081474746e-01 1.058261265361857065e-02 1.569185252617205373e-01 0.000000000000000000e+00
3.960000000000000000e+02 1.583947034320150049e-01 7.229176149294492815e-01 1.083295402822029990e-01 1.103777878925807886e-02 1.577150659990896597e-01 0.000000000000000000e+00
3.990000000000000000e+02 1.595946633064999620e-01 7.266727355484752238e-01 1.017296313154301274e-01 1.172052799271734204e-02 1.598771051433773294e-01 0.000000000000000000e+00
4.020000000000000000e+02 1.607946231809849191e-01 7.309968138370505075e-01 9.421939007737824279e-02 1.092398725534820224e-02 1.638598088302230249e-01 0.000000000000000000e+00
4.050000000000000000e+02 1.619945830554698762e-01 7.390760127446518446e-01 8.454710969503868856e-02 1.194811106053709528e-02 1.644287664997724219e-01 0.000000000000000000e+00
4.080000000000000000e+02 1.631945429299548334e-01 7.459035047792443862e-01 7.794720072826581692e-02 1.263086026399635846e-02 1.635184342284934089e-01 0.000000000000000000e+00
4.110000000000000000e+02 1.643945028044397905e-01 7.523896222121073674e-01 7.237141556668183484e-02 1.376877560309512985e-02 1.614701866181156020e-01 0.000000000000000000e+00
4.140000000000000000e+02 1.655944626789247476e-01 7.530723714155667103e-01 6.725079654073737312e-02 1.502048247610377786e-02 1.646563495675921751e-01 0.000000000000000000e+00
4.170000000000000000e+02 1.667944225534097047e-01 7.527309968138370389e-01 6.383705052344106068e-02 1.467910787437414627e-02 1.687528447883477334e-01 0.000000000000000000e+00
4.200000000000000000e+02 1.679943824278946618e-01 7.550068274920346267e-01 6.099226217569413133e-02 1.513427401001365448e-02 1.688666363222576239e-01 0.000000000000000000e+00
4.230000000000000000e+02 1.691943423023796189e-01 7.585343650432407880e-01 5.712335002275830548e-02 1.661356395084205573e-02 1.677287209831588577e-01 0.000000000000000000e+00
4.260000000000000000e+02 1.703943021768645760e-01 7.654756486117433312e-01 5.200273099681383682e-02 1.638598088302230249e-02 1.661356395084205850e-01 0.000000000000000000e+00
4.290000000000000000e+02 1.715942620513495331e-01 7.692307692307692735e-01 4.824761037778789452e-02 1.775147928994082885e-02 1.647701411015020379e-01 0.000000000000000000e+00
4.320000000000000000e+02 1.727942219258344902e-01 7.758306781975421451e-01 4.745106964041875125e-02 1.809285389167045871e-02 1.586253982703686727e-01 0.000000000000000000e+00
4.350000000000000000e+02 1.739941818003194474e-01 7.790168411470186349e-01 4.665452890304961492e-02 1.763768775603095224e-02 1.566909421939007840e-01 0.000000000000000000e+00
4.380000000000000000e+02 1.751941416748044045e-01 7.799271734182976479e-01 4.312699135184342586e-02 1.979972690031861493e-02 1.571461083295402905e-01 0.000000000000000000e+00
4.410000000000000000e+02 1.763941015492893616e-01 7.842512517068730427e-01 4.073736913973600299e-02 2.002730996813837164e-02 1.549840691852526209e-01 0.000000000000000000e+00
4.440000000000000000e+02 1.775940614237743187e-01 7.894856622667273394e-01 3.891670459717797015e-02 1.934456076467910846e-02 1.522530723714155543e-01 0.000000000000000000e+00
4.470000000000000000e+02 1.787940212982592758e-01 7.940373236231224041e-01 3.766499772416932040e-02 1.968593536640873831e-02 1.486117432862995025e-01 0.000000000000000000e+00
4.500000000000000000e+02 1.799939811727442329e-01 7.981338188438780179e-01 3.618570778334091742e-02 2.105143377332726468e-02 1.446290395994538069e-01 0.000000000000000000e+00
4.530000000000000000e+02 1.811939410472291900e-01 8.020027309968138507e-01 3.197542102867546865e-02 2.196176604460628110e-02 1.440600819299044100e-01 0.000000000000000000e+00
4.560000000000000000e+02 1.823939009217141471e-01 8.065543923532089154e-01 3.106508875739644876e-02 2.150659990896677115e-02 1.408739189804278646e-01 0.000000000000000000e+00
4.590000000000000000e+02 1.835938607961991043e-01 8.096267637687756258e-01 3.026854802002730896e-02 2.218934911242603433e-02 1.379153390987710448e-01 0.000000000000000000e+00
4.620000000000000000e+02 1.847938206706840614e-01 8.133818843878015681e-01 3.026854802002730896e-02 2.150659990896677115e-02 1.348429676832043622e-01 0.000000000000000000e+00
4.650000000000000000e+02 1.859937805451692405e-01 8.173645880746472914e-01 3.060992262175694228e-02 2.275830678197542090e-02 1.292671825216203940e-01 0.000000000000000000e+00
4.680000000000000000e+02 1.871937404196541976e-01 8.199817933545744397e-01 3.129267182521620200e-02 2.230314064633591095e-02 1.264223941738734647e-01 0.000000000000000000e+00
4.710000000000000000e+02 1.883937002941391547e-01 8.249886208466090665e-01 3.197542102867546865e-02 2.025489303595812488e-02 1.227810650887573990e-01 0.000000000000000000e+00
4.740000000000000000e+02 1.895936601686241119e-01 8.315885298133819381e-01 2.765134274010013632e-02 2.048247610377787811e-02 1.202776513427400995e-01 0.000000000000000000e+00
4.770000000000000000e+02 1.907936200431090690e-01 8.302230314064633632e-01 2.878925807919890598e-02 2.196176604460628110e-02 1.190259444697314567e-01 0.000000000000000000e+00
4.800000000000000000e+02 1.919935799175940261e-01 8.317023213472917176e-01 2.662721893491124328e-02 2.378243058716431393e-02 1.178880291306326766e-01 0.000000000000000000e+00
4.830000000000000000e+02 1.931935397920789832e-01 8.371643149749659063e-01 2.571688666363222686e-02 2.275830678197542090e-02 1.143604915794264876e-01 0.000000000000000000e+00
4.860000000000000000e+02 1.943934996665639403e-01 8.396677287209831642e-01 2.492034592626308706e-02 2.378243058716431393e-02 1.116294947655894348e-01 0.000000000000000000e+00
4.890000000000000000e+02 1.955934595410488974e-01 8.443331816112881194e-01 2.514792899408284030e-02 2.309968138370505075e-02 1.074192080109239861e-01 0.000000000000000000e+00
4.920000000000000000e+02 1.967934194155338545e-01 8.474055530268548297e-01 2.560309512972235024e-02 2.162039144287665124e-02 1.053709604005461931e-01 0.000000000000000000e+00
4.950000000000000000e+02 1.979933792900188116e-01 8.480883022303140617e-01 2.696859353664087314e-02 2.275830678197542090e-02 1.021847974510696339e-01 0.000000000000000000e+00
4.980000000000000000e+02 1.991933391645037688e-01 8.499089667728720876e-01 2.571688666363222686e-02 2.389622212107419055e-02 1.004779244424214846e-01 0.000000000000000000e+00
5.010000000000000000e+02 2.003932990389887259e-01 8.526399635867091265e-01 2.605826126536185672e-02 2.469276285844333035e-02 9.660901228948566566e-02 0.000000000000000000e+00
5.040000000000000000e+02 2.015932589134736830e-01 8.526399635867091265e-01 2.492034592626308706e-02 2.537551206190259354e-02 9.706417842512517213e-02 0.000000000000000000e+00
5.070000000000000000e+02 2.027932187879586401e-01 8.623122439690487084e-01 2.264451524806554428e-02 2.674101046882111990e-02 8.830223031406463086e-02 0.000000000000000000e+00
5.100000000000000000e+02 2.039931786624435972e-01 8.656121984524350887e-01 2.173418297678652786e-02 2.617205279927173334e-02 8.648156577150660496e-02 0.000000000000000000e+00
5.130000000000000000e+02 2.051931385369285543e-01 8.672052799271734447e-01 2.264451524806554428e-02 2.662721893491124328e-02 8.352298588984979899e-02 0.000000000000000000e+00
5.160000000000000000e+02 2.063930984114135114e-01 8.730086481565771939e-01 2.253072371415566766e-02 2.492034592626308706e-02 7.954028220300408958e-02 0.000000000000000000e+00
5.190000000000000000e+02 2.075930582858984685e-01 8.768775603095130267e-01 2.287209831588529751e-02 2.560309512972235024e-02 7.464724624487938109e-02 0.000000000000000000e+00
5.220000000000000000e+02 2.087930181603834257e-01 8.802913063268092975e-01 2.218934911242603433e-02 2.605826126536185672e-02 7.146108329540282189e-02 0.000000000000000000e+00
5.250000000000000000e+02 2.099929780348683828e-01 8.831360946745562268e-01 2.287209831588529751e-02 2.651342740100136666e-02 6.747837960855712636e-02 0.000000000000000000e+00
5.280000000000000000e+02 2.111929379093533399e-01 8.822257624032772139e-01 2.230314064633591095e-02 2.639963586709149004e-02 6.907146108329539902e-02 0.000000000000000000e+00
5.310000000000000000e+02 2.123928977838382970e-01 8.864360491579426071e-01 2.264451524806554428e-02 2.548930359581247015e-02 6.543013199817933334e-02 0.000000000000000000e+00
5.340000000000000000e+02 2.135928576583232541e-01 8.867774237596722786e-01 2.196176604460628110e-02 2.537551206190259354e-02 6.588529813381883982e-02 0.000000000000000000e+00
5.370000000000000000e+02 2.147928175328082112e-01 8.895084205735093175e-01 2.287209831588529751e-02 2.617205279927173334e-02 6.144742831133363781e-02 0.000000000000000000e+00
5.400000000000000000e+02 2.159927774072931683e-01 8.911015020482475624e-01 2.196176604460628110e-02 2.457897132453345374e-02 6.235776058261265076e-02 0.000000000000000000e+00
5.430000000000000000e+02 2.171927372817781254e-01 8.951979972690031762e-01 2.116522530723714129e-02 2.344105598543468408e-02 6.019572143832498806e-02 0.000000000000000000e+00
5.460000000000000000e+02 2.183926971562630825e-01 8.973600364132908735e-01 2.093764223941738806e-02 2.423759672280382388e-02 5.746472462448793533e-02 0.000000000000000000e+00
5.490000000000000000e+02 2.195926570307480397e-01 9.008875739644970349e-01 2.127901684114701791e-02 2.423759672280382388e-02 5.359581247155211642e-02 0.000000000000000000e+00
5.520000000000000000e+02 2.207926169052329968e-01 9.046426945835229771e-01 1.957214383249886169e-02 2.344105598543468408e-02 5.234410559854346667e-02 0.000000000000000000e+00
5.550000000000000000e+02 2.219925767797179539e-01 9.047564861174328676e-01 1.672735548475193582e-02 2.412380518889394726e-02 5.439235320892125969e-02 0.000000000000000000e+00
5.580000000000000000e+02 2.231925366542029110e-01 9.076012744651797970e-01 1.684114701866181243e-02 2.389622212107419055e-02 5.166135639508420696e-02 0.000000000000000000e+00
5.610000000000000000e+02 2.243924965286878681e-01 9.114701866181156298e-01 1.649977241693217911e-02 2.275830678197542090e-02 4.927173418297678409e-02 0.000000000000000000e+00
5.640000000000000000e+02 2.255924564031728252e-01 9.135184342284934367e-01 1.581702321347291593e-02 2.298588984979517413e-02 4.767865270823850449e-02 0.000000000000000000e+00
5.670000000000000000e+02 2.267924162776577823e-01 9.147701411015020101e-01 1.593081474738279601e-02 2.401001365498407064e-02 4.528903049613108855e-02 0.000000000000000000e+00
5.700000000000000000e+02 2.279923761521427394e-01 9.131770596267637652e-01 1.695493855257168905e-02 2.389622212107419055e-02 4.597177969959034827e-02 0.000000000000000000e+00
5.730000000000000000e+02 2.291923360266276966e-01 9.114701866181156298e-01 1.729631315430131891e-02 2.401001365498407064e-02 4.722348657259899801e-02 0.000000000000000000e+00
5.760000000000000000e+02 2.303922959011126537e-01 9.107874374146563978e-01 1.775147928994082885e-02 2.457897132453345374e-02 4.688211197086936816e-02 0.000000000000000000e+00
5.790000000000000000e+02 2.315922557755976108e-01 9.129494765589439842e-01 1.877560309512972189e-02 2.412380518889394726e-02 4.415111515703231543e-02 0.000000000000000000e+00
5.820000000000000000e+02 2.327922156500825679e-01 9.145425580336823401e-01 1.820664542558033533e-02 2.480655439235321044e-02 4.244424214838415921e-02 0.000000000000000000e+00
5.850000000000000000e+02 2.339921755245675250e-01 9.206873008648156498e-01 1.809285389167045871e-02 2.287209831588529751e-02 3.834774692762858705e-02 0.000000000000000000e+00
5.880000000000000000e+02 2.351921353990524821e-01 9.235320892125625791e-01 1.706873008648156567e-02 2.162039144287665124e-02 3.777878925807919702e-02 0.000000000000000000e+00
5.910000000000000000e+02 2.363920952735374392e-01 9.237596722803823601e-01 1.581702321347291593e-02 2.150659990896677115e-02 3.891670459717797015e-02 0.000000000000000000e+00
5.940000000000000000e+02 2.375920551480223963e-01 9.245562130177514826e-01 1.661356395084205573e-02 2.196176604460628110e-02 3.686845698680018407e-02 0.000000000000000000e+00
5.970000000000000000e+02 2.387920150225075755e-01 9.284251251706873154e-01 1.604460628129267263e-02 2.162039144287665124e-02 3.390987710514337811e-02 0.000000000000000000e+00
6.000000000000000000e+02 2.399919748969925326e-01 9.284251251706873154e-01 1.593081474738279601e-02 2.162039144287665124e-02 3.402366863905325473e-02 0.000000000000000000e+00
6.030000000000000000e+02 2.411919347714774897e-01 9.309285389167045732e-01 1.581702321347291593e-02 2.173418297678652786e-02 3.140646335912607862e-02 1.137915339098771066e-04
6.060000000000000000e+02 2.423918946459624468e-01 9.322940373236231482e-01 1.524806554392353283e-02 2.241693218024579104e-02 2.992717341829767910e-02 1.137915339098771066e-04
6.090000000000000000e+02 2.435918545204474039e-01 9.326354119253527086e-01 1.490669094219390124e-02 2.162039144287665124e-02 3.072371415566681890e-02 1.137915339098771066e-04
6.120000000000000000e+02 2.447918143949323611e-01 9.327492034592625991e-01 1.524806554392353283e-02 2.196176604460628110e-02 3.004096495220755572e-02 0.000000000000000000e+00
6.150000000000000000e+02 2.459917742694173182e-01 9.326354119253527086e-01 1.388256713700500647e-02 2.309968138370505075e-02 3.026854802002730896e-02 1.137915339098771066e-04
6.180000000000000000e+02 2.471917341439022753e-01 9.324078288575330387e-01 1.365498406918525323e-02 2.492034592626308706e-02 2.890304961310878606e-02 1.137915339098771066e-04
6.210000000000000000e+02 2.483916940183872324e-01 9.352526172052799680e-01 1.399635867091488309e-02 2.309968138370505075e-02 2.742375967228038308e-02 2.275830678197542133e-04
6.240000000000000000e+02 2.495916538928721895e-01 9.370732817478379939e-01 1.422394173873463806e-02 2.207555757851615771e-02 2.639963586709149004e-02 2.275830678197542133e-04
6.270000000000000000e+02 2.507916137673571466e-01 9.377560309512972259e-01 1.422394173873463806e-02 2.275830678197542090e-02 2.503413746017296368e-02 2.275830678197542133e-04
6.300000000000000000e+02 2.519915736418421037e-01 9.403732362312243742e-01 1.376877560309512985e-02 2.150659990896677115e-02 2.423759672280382388e-02 1.137915339098771066e-04
6.330000000000000000e+02 2.531915335163270608e-01 9.427628584433318526e-01 1.308602639963586667e-02 2.093764223941738806e-02 2.321347291761493084e-02 0.000000000000000000e+00
6.360000000000000000e+02 2.543914933908120179e-01 9.446973145197997690e-01 1.319981793354574502e-02 2.025489303595812488e-02 2.184797451069640448e-02 0.000000000000000000e+00
6.390000000000000000e+02 2.555914532652969751e-01 9.450386891215293295e-01 1.285844333181611343e-02 2.002730996813837164e-02 2.207555757851615771e-02 0.000000000000000000e+00
6.420000000000000000e+02 2.567914131397819322e-01 9.429904415111515226e-01 1.240327719617660522e-02 1.945835229858898507e-02 2.514792899408284030e-02 0.000000000000000000e+00
6.450000000000000000e+02 2.579913730142668893e-01 9.396904870277651423e-01 1.331360946745562164e-02 2.048247610377787811e-02 2.651342740100136666e-02 0.000000000000000000e+00
6.480000000000000000e+02 2.591913328887518464e-01 9.411697769685934967e-01 1.342740100136549826e-02 1.888939462903959851e-02 2.639963586709149004e-02 1.137915339098771066e-04
6.510000000000000000e+02 2.603912927632368035e-01 9.384387801547564578e-01 1.365498406918525323e-02 2.082385070550751144e-02 2.708238507055074976e-02 0.000000000000000000e+00
6.540000000000000000e+02 2.615912526377217606e-01 9.400318616294948137e-01 1.342740100136549826e-02 1.991351843422849502e-02 2.662721893491124328e-02 0.000000000000000000e+00
6.570000000000000000e+02 2.627912125122067177e-01 9.442421483841602070e-01 1.354119253527537488e-02 1.877560309512972189e-02 2.344105598543468408e-02 0.000000000000000000e+00
6.600000000000000000e+02 2.639911723866916748e-01 9.457214383249886724e-01 1.263086026399635846e-02 1.888939462903959851e-02 2.275830678197542090e-02 0.000000000000000000e+00
6.630000000000000000e+02 2.651911322611766320e-01 9.458352298588984519e-01 1.308602639963586667e-02 1.911697769685935522e-02 2.184797451069640448e-02 1.137915339098771066e-04
6.660000000000000000e+02 2.663910921356615891e-01 9.451524806554392200e-01 1.433773327264451468e-02 1.820664542558033533e-02 2.218934911242603433e-02 1.137915339098771066e-04
6.690000000000000000e+02 2.675910520101465462e-01 9.486800182066453813e-01 1.251706873008648184e-02 1.820664542558033533e-02 2.048247610377787811e-02 1.137915339098771066e-04
6.720000000000000000e+02 2.687910118846315033e-01 9.499317250796540657e-01 1.263086026399635846e-02 1.718252162039144229e-02 2.025489303595812488e-02 0.000000000000000000e+00
6.750000000000000000e+02 2.699909717591164604e-01 9.500455166135639562e-01 1.285844333181611343e-02 1.695493855257168905e-02 2.014110150204824826e-02 0.000000000000000000e+00
6.780000000000000000e+02 2.711909316336014175e-01 9.517523896222120916e-01 1.228948566226672687e-02 1.797906235776058209e-02 1.797906235776058209e-02 0.000000000000000000e+00
6.810000000000000000e+02 2.723908915080863746e-01 9.510696404187528596e-01 1.354119253527537488e-02 1.854802002730996865e-02 1.672735548475193582e-02 1.137915339098771066e-04
