# itime ezz other fcc hcp bcc ico
0.000000000000000000e+00 0.000000000000000000e+00 5.689576695493854790e-04 9.994310423304506585e-01 0.000000000000000000e+00 0.000000000000000000e+00 0.000000000000000000e+00
2.500000000000000000e+02 1.000001746211021114e-02 7.965407373691396923e-04 9.992034592626308775e-01 0.000000000000000000e+00 0.000000000000000000e+00 0.000000000000000000e+00
5.000000000000000000e+02 2.000003492422042228e-02 1.820664542558033706e-03 9.981793354574419741e-01 0.000000000000000000e+00 0.000000000000000000e+00 0.000000000000000000e+00
7.500000000000000000e+02 3.000005238633041138e-02 3.299954483386436255e-03 9.965862539827037292e-01 0.000000000000000000e+00 1.137915339098771066e-04 0.000000000000000000e+00
1.000000000000000000e+03 4.000006984844062252e-02 6.827492034592626616e-03 9.931725079654073474e-01 0.000000000000000000e+00 0.000000000000000000e+00 0.000000000000000000e+00
1.250000000000000000e+03 5.000008731055083366e-02 1.263086026399635846e-02 9.870277651342740377e-01 0.000000000000000000e+00 3.413746017296313199e-04 0.000000000000000000e+00
1.500000000000000000e+03 6.000010477266104481e-02 2.389622212107419055e-02 9.747382794720073074e-01 0.000000000000000000e+00 1.365498406918525280e-03 0.000000000000000000e+00
1.750000000000000000e+03 7.000012223477125595e-02 4.813381884387801790e-02 9.489076012744651623e-01 0.000000000000000000e+00 2.958579881656804664e-03 0.000000000000000000e+00
2.000000000000000000e+03 8.000013969688124504e-02 9.160218479745106668e-02 8.975876194811106545e-01 0.000000000000000000e+00 1.081019572143832562e-02 0.000000000000000000e+00
2.250000000000000000e+03 9.000015715899145619e-02 2.086936731907146070e-01 7.437414656349567998e-01 4.551661356395084266e-04 4.710969503868912139e-02 0.000000000000000000e+00
2.500000000000000000e+03 1.000001746211016673e-01 3.113336367774237612e-01 4.741693218024579104e-01 6.486117432862995025e-03 2.080109239872553473e-01 0.000000000000000000e+00
2.750000000000000000e+03 1.100001920832118785e-01 3.692535275375511961e-01 2.720755575785161473e-01 3.755120619025944378e-02 3.211197086936731782e-01 0.000000000000000000e+00
3.000000000000000000e+03 1.200002095453220896e-01 4.176149294492489950e-01 2.106281292671825234e-01 7.316795630405098505e-02 2.985889849795175244e-01 0.000000000000000000e+00
3.250000000000000000e+03 1.300002270074320787e-01 4.648384160218479999e-01 1.432635411925352875e-01 8.716431497496586467e-02 3.047337278106508895e-01 0.000000000000000000e+00
3.500000000000000000e+03 1.400002444695422898e-01 4.989758761948110966e-01 1.241465634956759184e-01 1.231224396904870289e-01 2.537551206190259423e-01 0.000000000000000000e+00
3.750000000000000000e+03 1.500002619316525010e-01 5.235548475193445572e-01 1.110605370960400518e-01 1.382567137005006885e-01 2.271279016841147025e-01 0.000000000000000000e+00
4.000000000000000000e+03 1.600002793937627121e-01 5.369822485207100815e-01 1.002503413746017313e-01 1.611288120163859861e-01 2.016385980883022289e-01 0.000000000000000000e+00
4.250000000000000000e+03 1.700002968558727012e-01 5.703231679563040002e-01 8.978152025489304078e-02 1.673873463814292140e-01 1.725079654073737034e-01 0.000000000000000000e+00
4.500000000000000000e+03 1.800003143179829124e-01 5.991124260355029651e-01 8.534365043240782489e-02 1.826354119253527641e-01 1.329085116067364458e-01 0.000000000000000000e+00
4.750000000000000000e+03 1.900003317800931235e-01 5.864815657715065633e-01 8.409194355939918208e-02 2.089212562585343602e-01 1.205052344105598527e-01 0.000000000000000000e+00
5.000000000000000000e+03 2.000003492422033347e-01 5.896677287209831642e-01 8.431952662721893532e-02 2.311106053709603980e-01 9.490213928083750250e-02 0.000000000000000000e+00
5.250000000000000000e+03 2.100003667043135458e-01 6.041192535275375919e-01 7.680928538916705073e-02 2.496586253982703563e-01 6.941283568502502888e-02 0.000000000000000000e+00
5.500000000000000000e+03 2.200003841664235349e-01 5.883022303140645892e-01 7.396449704142012138e-02 2.796995903504779224e-01 5.803368229403732537e-02 0.000000000000000000e+00
5.750000000000000000e+03 2.300004016285337460e-01 6.002503413746017591e-01 6.781975421028675621e-02 2.872098315885298070e-01 4.472007282658170546e-02 0.000000000000000000e+00
6.000000000000000000e+03 2.400004190906439572e-01 5.869367319071461253e-01 6.577150659990896320e-02 3.161128812016386069e-01 3.117888029130632538e-02 0.000000000000000000e+00
6.250000000000000000e+03 2.500004365527541683e-01 5.952435138825671324e-01 6.725079654073737312e-02 3.097405553026854608e-01 2.776513427401001294e-02 0.000000000000000000e+00
6.500000000000000000e+03 2.600004540148643795e-01 6.000227583067819781e-01 6.178880291306326766e-02 3.115612198452434867e-01 2.639963586709149004e-02 2.275830678197542133e-04
6.750000000000000000e+03 2.700004714769743686e-01 6.159535730541647602e-01 5.974055530268548159e-02 2.996131087847064278e-01 2.469276285844333035e-02 0.000000000000000000e+00
7.000000000000000000e+03 2.800004889390845797e-01 6.248293126991352198e-01 5.883022303140646170e-02 2.940373236231224596e-01 2.230314064633591095e-02 0.000000000000000000e+00
7.250000000000000000e+03 2.900005064011947908e-01 6.505461993627673634e-01 5.735093309057805872e-02 2.697997269003186149e-01 2.230314064633591095e-02 0.000000000000000000e+00
7.500000000000000000e+03 3.000005238633050020e-01 6.679563040509786109e-01 5.450614474283113631e-02 2.554619936276740777e-01 2.207555757851615771e-02 0.000000000000000000e+00
7.750000000000000000e+03 3.100005413254152131e-01 6.774010013654984119e-01 5.268548020027309653e-02 2.472690031861629611e-01 2.264451524806554428e-02 0.000000000000000000e+00
8.000000000000000000e+03 3.200005587875252022e-01 6.869594902139281034e-01 5.097860719162494031e-02 2.407828857532999522e-01 2.116522530723714129e-02 1.137915339098771066e-04
8.250000000000000000e+03 3.300005762496354134e-01 7.032316795630405570e-01 5.359581247155211642e-02 2.259899863450159363e-01 1.706873008648156567e-02 1.137915339098771066e-04
8.500000000000000000e+03 3.400005937117456245e-01 7.201866181156122426e-01 5.052344105598543383e-02 2.092626308602640040e-01 2.002730996813837164e-02 0.000000000000000000e+00
8.750000000000000000e+03 3.500006111738558356e-01 7.297451069640418231e-01 5.166135639508420696e-02 2.000455166135639562e-01 1.797906235776058209e-02 5.689576695493854790e-04
9.000000000000000000e+03 3.600006286359660468e-01 7.482931269913518646e-01 4.733727810650887463e-02 1.875284478834774726e-01 1.649977241693217911e-02 3.413746017296313199e-04
9.250000000000000000e+03 3.700006460980762579e-01 7.594446973145198010e-01 4.415111515703231543e-02 1.810423304506144637e-01 1.502048247610377786e-02 3.413746017296313199e-04
9.500000000000000000e+03 3.800006635601862470e-01 7.625170687300865113e-01 4.676832043695949154e-02 1.742148384160218388e-01 1.604460628129267263e-02 4.551661356395084266e-04
9.750000000000000000e+03 3.900006810222962361e-01 7.701411015020482864e-01 4.437869822485206867e-02 1.693218024578971304e-01 1.570323167956303931e-02 4.551661356395084266e-04
1.000000000000000000e+04 4.000006984844066693e-01 7.844788347746927126e-01 4.119253527537550946e-02 1.613563950842057393e-01 1.274465179790623508e-02 2.275830678197542133e-04
1.025000000000000000e+04 4.100007159465168805e-01 7.857305416477013971e-01 3.834774692762858705e-02 1.555530268548019901e-01 2.014110150204824826e-02 2.275830678197542133e-04
1.050000000000000000e+04 4.200007334086268695e-01 8.088302230314065033e-01 3.800637232589895026e-02 1.364360491579426626e-01 1.615839781520254925e-02 5.689576695493854790e-04
1.075000000000000000e+04 4.300007508707368586e-01 8.080336822940372699e-01 3.880291306326809353e-02 1.380291306326809353e-01 1.479289940828402289e-02 3.413746017296313199e-04
1.100000000000000000e+04 4.400007683328472918e-01 8.171370050068275104e-01 3.800637232589895026e-02 1.264223941738734647e-01 1.763768775603095224e-02 7.965407373691396923e-04
1.125000000000000000e+04 4.500007857949575030e-01 8.301092398725534727e-01 3.482020937642239106e-02 1.165225307237141572e-01 1.786527082385070547e-02 6.827492034592626399e-04
1.150000000000000000e+04 4.600008032570674921e-01 8.450159308147473514e-01 3.345471096950387163e-02 1.036640873918980438e-01 1.752389622212107562e-02 3.413746017296313199e-04
1.175000000000000000e+04 4.700008207191777032e-01 8.532089212562585789e-01 3.265817023213472836e-02 9.433318161128811941e-02 1.900318616294947513e-02 7.965407373691396923e-04
1.200000000000000000e+04 4.800008381812879144e-01 8.536640873918980299e-01 3.254437869822485174e-02 9.228493400091032639e-02 2.116522530723714129e-02 3.413746017296313199e-04
1.225000000000000000e+04 4.900008556433983475e-01 8.653846153846154188e-01 3.152025489303595523e-02 8.591260810195720798e-02 1.684114701866181243e-02 3.413746017296313199e-04
1.250000000000000000e+04 5.000008731055083366e-01 8.657259899863449792e-01 3.026854802002730896e-02 8.750568957669549452e-02 1.570323167956303931e-02 7.965407373691396923e-04
1.275000000000000000e+04 5.100008905676183257e-01 8.731224396904869733e-01 2.639963586709149004e-02 8.170232134729175921e-02 1.832043695949021542e-02 4.551661356395084266e-04
1.300000000000000000e+04 5.200009080297285369e-01 8.786982248520710526e-01 2.469276285844333035e-02 7.749203459262631044e-02 1.843422849340009204e-02 6.827492034592626399e-04
1.325000000000000000e+04 5.300009254918389701e-01 8.846153846153845812e-01 2.423759672280382388e-02 7.339553937187073829e-02 1.718252162039144229e-02 5.689576695493854790e-04
1.350000000000000000e+04 5.400009429539489592e-01 8.906463359126081114e-01 2.332726445152480746e-02 6.941283568502502888e-02 1.615839781520254925e-02 4.551661356395084266e-04
1.375000000000000000e+04 5.500009604160589483e-01 8.997496586253982409e-01 2.139280837505689453e-02 6.497496586253982687e-02 1.285844333181611343e-02 1.024123805188893906e-03
1.400000000000000000e+04 5.600009778781691594e-01 8.932635411925352598e-01 2.309968138370505075e-02 6.827492034592626269e-02 1.467910787437414627e-02 6.827492034592626399e-04
1.425000000000000000e+04 5.700009953402795926e-01 8.932635411925352598e-01 2.173418297678652786e-02 7.362312243969049153e-02 1.035502958579881741e-02 1.024123805188893906e-03
1.450000000000000000e+04 5.800010128023895817e-01 9.017979062357760478e-01 2.071005917159763482e-02 6.781975421028675621e-02 9.103322712790167665e-03 5.689576695493854790e-04
1.475000000000000000e+04 5.900010302644995708e-01 9.071461083295402350e-01 2.082385070550751144e-02 6.224396904870277414e-02 9.217114246700046018e-03 5.689576695493854790e-04
1.500000000000000000e+04 6.000010477266100040e-01 9.152253072371415721e-01 1.684114701866181243e-02 5.848884842967683184e-02 8.648156577150659455e-03 7.965407373691396923e-04
1.525000000000000000e+04 6.100010651887202151e-01 9.180700955848885014e-01 1.536185707783340945e-02 5.621301775147929253e-02 9.786071916249430847e-03 5.689576695493854790e-04
1.550000000000000000e+04 6.200010826508302042e-01 9.280837505689576439e-01 1.388256713700500647e-02 4.904415111515703085e-02 7.965407373691398007e-03 1.024123805188893906e-03
1.575000000000000000e+04 6.300011001129401933e-01 9.283113336367774249e-01 1.376877560309512985e-02 4.949931725079653733e-02 7.737824305871643035e-03 6.827492034592626399e-04
1.600000000000000000e+04 6.400011175750506265e-01 9.327492034592625991e-01 1.274465179790623508e-02 4.642694583522986168e-02 7.737824305871643035e-03 3.413746017296313199e-04
1.625000000000000000e+04 6.500011350371608376e-01 9.328629949931724896e-01 1.331360946745562164e-02 4.563040509786071841e-02 7.396449704142011444e-03 7.965407373691396923e-04
1.650000000000000000e+04 6.600011524992708267e-01 9.380974055530268974e-01 1.251706873008648184e-02 4.039599453800637313e-02 7.737824305871643035e-03 1.251706873008648227e-03
1.675000000000000000e+04 6.700011699613808158e-01 9.436731907146108655e-01 1.058261265361857065e-02 3.834774692762858705e-02 6.827492034592626616e-03 5.689576695493854790e-04
1.700000000000000000e+04 6.800011874234912490e-01 9.465179790623577949e-01 1.058261265361857065e-02 3.527537551206190447e-02 6.372325898953117539e-03 1.251706873008648227e-03
1.725000000000000000e+04 6.900012048856014601e-01 9.449248975876194390e-01 1.103777878925807886e-02 3.629949931725079404e-02 6.827492034592626616e-03 9.103322712790168532e-04
1.750000000000000000e+04 7.000012223477114492e-01 9.474283113336368078e-01 1.115157032316795548e-02 3.470641784251251444e-02 5.234410559854347014e-03 1.479289940828402332e-03
1.775000000000000000e+04 7.100012398098216604e-01 9.508420573509330787e-01 9.672280382339554228e-03 3.299954483386435822e-02 5.917159763313609329e-03 5.689576695493854790e-04
1.800000000000000000e+04 7.200012572719318715e-01 9.515248065543923106e-01 9.786071916249430847e-03 3.152025489303595523e-02 5.348202093764223633e-03 1.820664542558033706e-03
1.825000000000000000e+04 7.300012747340423047e-01 9.534592626308602270e-01 9.217114246700046018e-03 3.152025489303595523e-02 4.210286754665453109e-03 1.593081474738279385e-03
1.850000000000000000e+04 7.400012921961522938e-01 9.551661356395084734e-01 9.444697314519799256e-03 2.890304961310878606e-02 5.234410559854347014e-03 1.251706873008648227e-03
1.875000000000000000e+04 7.500013096582622829e-01 9.575557578516158408e-01 8.420573509330906217e-03 2.776513427401001294e-02 4.779244424214838804e-03 1.479289940828402332e-03
1.900000000000000000e+04 7.600013271203724941e-01 9.586936731907146347e-01 8.989531178880291046e-03 2.560309512972235024e-02 4.437869822485207214e-03 2.275830678197541916e-03
1.925000000000000000e+04 7.700013445824829272e-01 9.629039599453800280e-01 7.282658170232134826e-03 2.344105598543468408e-02 4.779244424214838804e-03 1.593081474738279385e-03
1.950000000000000000e+04 7.800013620445929163e-01 9.652935821574875064e-01 6.599908966772872511e-03 2.298588984979517413e-02 3.868912152935821518e-03 1.251706873008648227e-03
1.975000000000000000e+04 7.900013795067029054e-01 9.644970414201183839e-01 6.372325898953117539e-03 2.298588984979517413e-02 4.096495220755575623e-03 2.048247610377787811e-03
2.000000000000000000e+04 8.000013969688131166e-01 9.630177514792899185e-01 7.282658170232134826e-03 2.332726445152480746e-02 5.006827492034592909e-03 1.365498406918525280e-03
2.025000000000000000e+04 8.100014144309235498e-01 9.643832498862084934e-01 6.941283568502503235e-03 2.321347291761493084e-02 3.641329085116067413e-03 1.820664542558033706e-03
2.050000000000000000e+04 8.200014318930335389e-01 9.629039599453800280e-01 6.941283568502503235e-03 2.583067819754210348e-02 2.503413746017296455e-03 1.820664542558033706e-03
2.075000000000000000e+04 8.300014493551435280e-01 9.673418297678653133e-01 5.461993627674101119e-03 2.230314064633591095e-02 3.299954483386436255e-03 1.593081474738279385e-03
2.100000000000000000e+04 8.400014668172539611e-01 9.672280382339554228e-01 6.713700500682749130e-03 2.059626763768775473e-02 4.096495220755575623e-03 1.365498406918525280e-03
2.125000000000000000e+04 8.500014842793641723e-01 9.683659535730542167e-01 6.486117432862995025e-03 2.048247610377787811e-02 3.186162949476558769e-03 1.479289940828402332e-03
2.150000000000000000e+04 8.600015017414741614e-01 9.681383705052344357e-01 6.827492034592626616e-03 2.014110150204824826e-02 3.186162949476558769e-03 1.706873008648156654e-03
2.175000000000000000e+04 8.700015192035841505e-01 9.713245334547109255e-01 5.803368229403732710e-03 1.832043695949021542e-02 2.275830678197541916e-03 2.275830678197541916e-03
2.200000000000000000e+04 8.800015366656945837e-01 9.734865725989986229e-01 5.803368229403732710e-03 1.661356395084205573e-02 1.706873008648156654e-03 2.389622212107419402e-03
2.225000000000000000e+04 8.900015541278047948e-01 9.716659080564405970e-01 5.917159763313609329e-03 1.695493855257168905e-02 3.072371415566681717e-03 2.389622212107419402e-03
2.250000000000000000e+04 9.000015715899147839e-01 9.733727810650887324e-01 6.258534365043240920e-03 1.649977241693217911e-02 1.706873008648156654e-03 2.162039144287664864e-03
2.275000000000000000e+04 9.100015890520247730e-01 9.737141556668184039e-01 5.348202093764223633e-03 1.706873008648156567e-02 2.617205279927173507e-03 1.251706873008648227e-03
2.300000000000000000e+04 9.200016065141352062e-01 9.759899863450158808e-01 5.348202093764223633e-03 1.558944014565316269e-02 1.479289940828402332e-03 1.593081474738279385e-03
2.325000000000000000e+04 9.300016239762454173e-01 9.781520254893035782e-01 4.779244424214838804e-03 1.411015020482476144e-02 1.137915339098770958e-03 1.820664542558033706e-03
2.350000000000000000e+04 9.400016414383556285e-01 9.773554847519344557e-01 4.551661356395083832e-03 1.422394173873463806e-02 2.389622212107419402e-03 1.479289940828402332e-03
2.375000000000000000e+04 9.500016589004656176e-01 9.773554847519344557e-01 4.210286754665453109e-03 1.376877560309512985e-02 2.162039144287664864e-03 2.503413746017296455e-03
2.400000000000000000e+04 9.600016763625758287e-01 9.794037323623122626e-01 3.982703686845699004e-03 1.172052799271734204e-02 2.730996813837050560e-03 2.162039144287664864e-03
2.425000000000000000e+04 9.700016938246862619e-01 9.808830223031406170e-01 3.527537551206190360e-03 1.172052799271734204e-02 2.389622212107419402e-03 1.479289940828402332e-03
2.450000000000000000e+04 9.800017112867962510e-01 9.792899408284023721e-01 4.437869822485207214e-03 1.228948566226672687e-02 1.706873008648156654e-03 2.275830678197541916e-03
2.475000000000000000e+04 9.900017287489062401e-01 9.825898953117887524e-01 3.072371415566681717e-03 1.024123805188893906e-02 1.706873008648156654e-03 2.389622212107419402e-03
2.500000000000000000e+04 1.000001746211016673e+00 9.836140191169776559e-01 3.755120619025944465e-03 8.420573509330906217e-03 1.820664542558033706e-03 2.389622212107419402e-03
