# itime ezz other fcc hcp bcc ico
0.000000000000000000e+00 0.000000000000000000e+00 4.551661356395084266e-04 9.995448338643604380e-01 0.000000000000000000e+00 0.000000000000000000e+00 0.000000000000000000e+00
2.500000000000000000e+02 1.000005973003825765e-02 1.251706873008648227e-03 9.987482931269913156e-01 0.000000000000000000e+00 0.000000000000000000e+00 0.000000000000000000e+00
5.000000000000000000e+02 2.000011946007673735e-02 2.617205279927173507e-03 9.973827947200728516e-01 0.000000000000000000e+00 0.000000000000000000e+00 0.000000000000000000e+00
7.500000000000000000e+02 3.000017919011499501e-02 3.868912152935821518e-03 9.956759217114247162e-01 0.000000000000000000e+00 4.551661356395084266e-04 0.000000000000000000e+00
1.000000000000000000e+03 4.000023892015347471e-02 7.055075102412380721e-03 9.929449248975875664e-01 0.000000000000000000e+00 0.000000000000000000e+00 0.000000000000000000e+00
1.250000000000000000e+03 5.000029865019173236e-02 1.001365498406918582e-02 9.891898042785616241e-01 0.000000000000000000e+00 7.965407373691396923e-04 0.000000000000000000e+00
1.500000000000000000e+03 6.000035838023021206e-02 2.184797451069640448e-02 9.778106508875740177e-01 0.000000000000000000e+00 3.413746017296313199e-04 0.000000000000000000e+00
1.750000000000000000e+03 7.000041811026846972e-02 4.153390987710514626e-02 9.563040509786071564e-01 0.000000000000000000e+00 2.162039144287664864e-03 0.000000000000000000e+00
2.000000000000000000e+03 8.000047784030694942e-02 6.645425580336822291e-02 9.281975421028675344e-01 0.000000000000000000e+00 5.348202093764223633e-03 0.000000000000000000e+00
2.250000000000000000e+03 9.000053757034520707e-02 1.569185252617205373e-01 8.247610377787892855e-01 0.000000000000000000e+00 1.832043695949021542e-02 0.000000000000000000e+00
2.500000000000000000e+03 1.000005973003836868e-01 3.387573964497041512e-01 5.182066454255803700e-01 2.162039144287664864e-03 1.408739189804278646e-01 0.000000000000000000e+00
2.750000000000000000e+03 1.100006570304219444e-01 4.278561675011379184e-01 2.420345926263086089e-01 2.105143377332726468e-02 3.090578060992262288e-01 0.000000000000000000e+00
3.000000000000000000e+03 1.200007167604604241e-01 5.021620391442876974e-01 1.438324988620846567e-01 4.870277651342740100e-02 3.053026854802002865e-01 0.000000000000000000e+00
3.250000000000000000e+03 1.300007764904986818e-01 5.418752844788348177e-01 1.043468365953573035e-01 7.248520710059171146e-02 2.812926718252162228e-01 0.000000000000000000e+00
3.500000000000000000e+03 1.400008362205371615e-01 5.769230769230768718e-01 6.611288120163859305e-02 8.204369594902138907e-02 2.749203459262630767e-01 0.000000000000000000e+00
3.750000000000000000e+03 1.500008959505754191e-01 5.902366863905325056e-01 5.439235320892125969e-02 9.774692762858443185e-02 2.576240327719617751e-01 0.000000000000000000e+00
4.000000000000000000e+03 1.600009556806138988e-01 6.260810195721437932e-01 5.689576695493855224e-02 1.128812016385980915e-01 2.041420118343195145e-01 0.000000000000000000e+00
4.250000000000000000e+03 1.700010154106521565e-01 6.495220755575785709e-01 6.144742831133363781e-02 1.283568502503413811e-01 1.606736458807464796e-01 0.000000000000000000e+00
4.500000000000000000e+03 1.800010751406906362e-01 6.635184342284934367e-01 6.747837960855712636e-02 1.367774237596722786e-01 1.322257624032771861e-01 0.000000000000000000e+00
4.750000000000000000e+03 1.900011348707288938e-01 6.816112881201638052e-01 6.577150659990896320e-02 1.450842057350933134e-01 1.075329995448338627e-01 0.000000000000000000e+00
5.000000000000000000e+03 2.000011946007673735e-01 6.853664087391898585e-01 6.793354574419663283e-02 1.684114701866181174e-01 7.828857532999544677e-02 0.000000000000000000e+00
5.250000000000000000e+03 2.100012543308056312e-01 6.855939918070095285e-01 7.646791078743742087e-02 1.702321347291761433e-01 6.770596267637687959e-02 0.000000000000000000e+00
5.500000000000000000e+03 2.200013140608441109e-01 6.982248520710059303e-01 7.487482931269913433e-02 1.776285844333181652e-01 4.915794264906690747e-02 1.137915339098771066e-04
5.750000000000000000e+03 2.300013737908823686e-01 6.993627674101047242e-01 7.862994993172507663e-02 1.779699590350477811e-01 4.403732362312243881e-02 0.000000000000000000e+00
6.000000000000000000e+03 2.400014335209206262e-01 7.078971324533455123e-01 7.419208010923987462e-02 1.736458807464724696e-01 4.426490669094219205e-02 0.000000000000000000e+00
6.250000000000000000e+03 2.500014932509591059e-01 7.058488848429677054e-01 7.749203459262631044e-02 1.788802913063268218e-01 3.777878925807919702e-02 0.000000000000000000e+00
6.500000000000000000e+03 2.600015529809973636e-01 7.099453800637232082e-01 8.272644515248064878e-02 1.803595812471552040e-01 2.696859353664087314e-02 0.000000000000000000e+00
6.750000000000000000e+03 2.700016127110358433e-01 7.077833409194356218e-01 8.306781975421029252e-02 1.811561219845243542e-01 2.787892580791988956e-02 1.137915339098771066e-04
7.000000000000000000e+03 2.800016724410741009e-01 7.132453345471096995e-01 7.840236686390532339e-02 1.817250796540737234e-01 2.651342740100136666e-02 1.137915339098771066e-04
7.250000000000000000e+03 2.900017321711125806e-01 7.143832498862084934e-01 7.760582612653618706e-02 1.791078743741465751e-01 2.890304961310878606e-02 0.000000000000000000e+00
7.500000000000000000e+03 3.000017919011508383e-01 7.329312699135184239e-01 7.669549385525717411e-02 1.644287664997724219e-01 2.560309512972235024e-02 3.413746017296313199e-04
7.750000000000000000e+03 3.100018516311893180e-01 7.356622667273554628e-01 7.692307692307692735e-02 1.560081929904415243e-01 3.140646335912607862e-02 0.000000000000000000e+00
8.000000000000000000e+03 3.200019113612275756e-01 7.528447883477469293e-01 7.203004096495220498e-02 1.494082840236686527e-01 2.571688666363222686e-02 0.000000000000000000e+00
8.250000000000000000e+03 3.300019710912660553e-01 7.691169776968593830e-01 6.941283568502502888e-02 1.426945835229858905e-01 1.877560309512972189e-02 0.000000000000000000e+00
8.500000000000000000e+03 3.400020308213043130e-01 7.743513882567136797e-01 6.918525261720527564e-02 1.401911697769686049e-01 1.627218934911242587e-02 0.000000000000000000e+00
8.750000000000000000e+03 3.500020905513427927e-01 7.826581702321346867e-01 6.747837960855712636e-02 1.356395084205735124e-01 1.422394173873463806e-02 0.000000000000000000e+00
9.000000000000000000e+03 3.600021502813810503e-01 7.975648611743286764e-01 6.543013199817933334e-02 1.247155211652253015e-01 1.206190259444697363e-02 2.275830678197542133e-04
9.250000000000000000e+03 3.700022100114195300e-01 8.024578971324533017e-01 6.941283568502502888e-02 1.166363222576240338e-01 1.126536185707783383e-02 2.275830678197542133e-04
9.500000000000000000e+03 3.800022697414577877e-01 8.175921711424669613e-01 6.315430131998178709e-02 1.092398725534820259e-01 9.558488848429677609e-03 4.551661356395084266e-04
9.750000000000000000e+03 3.900023294714962674e-01 8.216886663632225751e-01 6.451979972690032039e-02 1.016158397815202508e-01 1.183431952662721866e-02 3.413746017296313199e-04
1.000000000000000000e+04 4.000023892015347471e-01 8.253299954483386269e-01 6.167501137915339104e-02 1.015020482476103741e-01 1.103777878925807886e-02 4.551661356395084266e-04
1.025000000000000000e+04 4.100024489315730047e-01 8.324988620846609511e-01 6.121984524351388457e-02 9.683659535730541890e-02 9.103322712790167665e-03 3.413746017296313199e-04
1.050000000000000000e+04 4.200025086616110404e-01 8.426263086026399840e-01 5.723714155666818210e-02 9.126081019572143682e-02 8.534365043240782836e-03 3.413746017296313199e-04
1.075000000000000000e+04 4.300025683916497421e-01 8.466090122894857073e-01 5.473372781065088954e-02 9.114701866181156020e-02 7.168866636322257339e-03 3.413746017296313199e-04
1.100000000000000000e+04 4.400026281216882218e-01 8.585571233500227661e-01 5.006827492034592736e-02 8.420573509330905870e-02 6.827492034592626616e-03 3.413746017296313199e-04
1.125000000000000000e+04 4.500026878517264795e-01 8.652708238507055283e-01 4.608557123350022489e-02 7.874374146563495325e-02 9.444697314519799256e-03 4.551661356395084266e-04
1.150000000000000000e+04 4.600027475817645151e-01 8.697086936731907025e-01 4.426490669094219205e-02 7.692307692307692735e-02 8.648156577150659455e-03 4.551661356395084266e-04
1.175000000000000000e+04 4.700028073118032168e-01 8.743741465634956578e-01 4.119253527537550946e-02 7.532999544833864081e-02 8.420573509330906217e-03 6.827492034592626399e-04
1.200000000000000000e+04 4.800028670418416965e-01 8.832498862084661173e-01 3.823395539371871044e-02 6.804733727810650945e-02 9.672280382339554228e-03 7.965407373691396923e-04
1.225000000000000000e+04 4.900029267718797321e-01 8.860946745562130467e-01 4.050978607191624975e-02 6.497496586253982687e-02 7.851615839781519654e-03 5.689576695493854790e-04
1.250000000000000000e+04 5.000029865019179898e-01 8.882567137005006330e-01 4.085116067364587961e-02 6.201638598088302090e-02 8.420573509330906217e-03 4.551661356395084266e-04
1.275000000000000000e+04 5.100030462319564695e-01 8.920118343195265753e-01 4.301319981793354230e-02 5.575785161583977911e-02 8.420573509330906217e-03 7.965407373691396923e-04
1.300000000000000000e+04 5.200031059619951712e-01 8.990669094219390090e-01 4.016841147018661989e-02 5.223031406463359005e-02 8.306781975421027864e-03 2.275830678197542133e-04
1.325000000000000000e+04 5.300031656920332068e-01 9.013427401001365968e-01 4.005461993627674328e-02 5.052344105598543383e-02 7.282658170232134826e-03 7.965407373691396923e-04
1.350000000000000000e+04 5.400032254220714645e-01 9.072598998634501255e-01 3.937187073281747662e-02 4.597177969959034827e-02 6.941283568502503235e-03 4.551661356395084266e-04
1.375000000000000000e+04 5.500032851521099442e-01 9.119253527537550807e-01 3.709604005461993731e-02 4.289940828402366568e-02 7.624032771961766417e-03 4.551661356395084266e-04
1.400000000000000000e+04 5.600033448821486459e-01 9.136322257624033272e-01 3.573054164770141095e-02 3.937187073281747662e-02 1.058261265361857065e-02 6.827492034592626399e-04
1.425000000000000000e+04 5.700034046121866815e-01 9.173873463814292695e-01 3.402366863905325473e-02 3.914428766499772339e-02 8.420573509330906217e-03 1.024123805188893906e-03
1.450000000000000000e+04 5.800034643422249392e-01 9.222803823395538947e-01 3.095129722348657214e-02 3.903049613108784677e-02 6.713700500682749130e-03 1.024123805188893906e-03
1.475000000000000000e+04 5.900035240722634189e-01 9.270596267637687404e-01 3.038233955393718558e-02 3.595812471552116418e-02 5.575785161583977738e-03 1.024123805188893906e-03
1.500000000000000000e+04 6.000035838023018986e-01 9.264906690942193990e-01 2.924442421483841592e-02 3.789258079198907364e-02 5.234410559854347014e-03 1.137915339098770958e-03
1.525000000000000000e+04 6.100036435323401562e-01 9.300182066454255603e-01 2.810650887573964626e-02 3.561675011379153433e-02 5.575785161583977738e-03 6.827492034592626399e-04
1.550000000000000000e+04 6.200037032623784139e-01 9.338871187983613931e-01 2.730996813837050646e-02 3.334091943559399501e-02 3.982703686845699004e-03 1.479289940828402332e-03
1.575000000000000000e+04 6.300037629924168936e-01 9.439007737824305355e-01 2.355484751934456070e-02 2.810650887573964626e-02 3.413746017296313308e-03 1.024123805188893906e-03
1.600000000000000000e+04 6.400038227224553733e-01 9.478834774692762588e-01 1.957214383249886169e-02 2.685480200273099652e-02 4.665452890304961318e-03 1.024123805188893906e-03
1.625000000000000000e+04 6.500038824524936310e-01 9.493627674101047242e-01 1.763768775603095224e-02 2.708238507055074976e-02 5.006827492034592909e-03 9.103322712790168532e-04
1.650000000000000000e+04 6.600039421825318886e-01 9.526627218934911046e-01 1.729631315430131891e-02 2.492034592626308706e-02 3.527537551206190360e-03 1.593081474738279385e-03
1.675000000000000000e+04 6.700040019125703683e-01 9.491351843422849432e-01 1.706873008648156567e-02 2.730996813837050646e-02 5.120619025944469528e-03 1.365498406918525280e-03
1.700000000000000000e+04 6.800040616426088480e-01 9.515248065543923106e-01 1.820664542558033533e-02 2.594446973145198010e-02 2.730996813837050560e-03 1.593081474738279385e-03
1.725000000000000000e+04 6.900041213726471057e-01 9.536868456986800080e-01 1.570323167956303931e-02 2.651342740100136666e-02 3.072371415566681717e-03 1.024123805188893906e-03
1.750000000000000000e+04 7.000041811026853633e-01 9.558488848429677054e-01 1.365498406918525323e-02 2.514792899408284030e-02 4.210286754665453109e-03 1.137915339098770958e-03
1.775000000000000000e+04 7.100042408327238430e-01 9.597177969959035382e-01 1.399635867091488309e-02 2.264451524806554428e-02 2.617205279927173507e-03 1.024123805188893906e-03
1.800000000000000000e+04 7.200043005627623227e-01 9.563040509786071564e-01 1.376877560309512985e-02 2.594446973145198010e-02 2.730996813837050560e-03 1.251706873008648227e-03
1.825000000000000000e+04 7.300043602928005804e-01 9.584660901228948537e-01 1.319981793354574502e-02 2.401001365498407064e-02 3.072371415566681717e-03 1.251706873008648227e-03
1.850000000000000000e+04 7.400044200228388380e-01 9.611970869367318926e-01 1.365498406918525323e-02 2.218934911242603433e-02 1.820664542558033706e-03 1.137915339098770958e-03
1.875000000000000000e+04 7.500044797528773177e-01 9.654073736913973969e-01 1.149294492489758707e-02 1.968593536640873831e-02 2.389622212107419402e-03 1.024123805188893906e-03
1.900000000000000000e+04 7.600045394829157974e-01 9.668866636322257513e-01 1.058261265361857065e-02 1.741010468821119553e-02 3.527537551206190360e-03 1.593081474738279385e-03
1.925000000000000000e+04 7.700045992129540551e-01 9.691624943104233392e-01 1.001365498406918582e-02 1.741010468821119553e-02 1.706873008648156654e-03 1.706873008648156654e-03
1.950000000000000000e+04 7.800046589429923127e-01 9.679107874374146547e-01 1.012744651797906244e-02 1.775147928994082885e-02 2.275830678197541916e-03 1.934456076467910759e-03
1.975000000000000000e+04 7.900047186730307924e-01 9.732589895311788419e-01 8.648156577150659455e-03 1.513427401001365448e-02 1.593081474738279385e-03 1.365498406918525280e-03
2.000000000000000000e+04 8.000047784030692721e-01 9.757624032771962108e-01 7.055075102412380721e-03 1.331360946745562164e-02 2.389622212107419402e-03 1.479289940828402332e-03
2.025000000000000000e+04 8.100048381331075298e-01 9.747382794720073074e-01 6.827492034592626616e-03 1.308602639963586667e-02 2.844788347746927612e-03 2.503413746017296455e-03
2.050000000000000000e+04 8.200048978631457874e-01 9.763313609467455523e-01 5.803368229403732710e-03 1.331360946745562164e-02 1.934456076467910759e-03 2.617205279927173507e-03
2.075000000000000000e+04 8.300049575931842671e-01 9.794037323623122626e-01 5.461993627674101119e-03 1.115157032316795548e-02 2.048247610377787811e-03 1.934456076467910759e-03
2.100000000000000000e+04 8.400050173232227468e-01 9.800864815657714946e-01 4.551661356395083832e-03 1.206190259444697363e-02 1.251706873008648227e-03 2.048247610377787811e-03
2.125000000000000000e+04 8.500050770532610045e-01 9.827036868456986429e-01 4.096495220755575623e-03 9.672280382339554228e-03 1.137915339098770958e-03 2.389622212107419402e-03
2.150000000000000000e+04 8.600051367832992621e-01 9.823623122439690825e-01 3.868912152935821518e-03 1.012744651797906244e-02 1.820664542558033706e-03 1.820664542558033706e-03
2.175000000000000000e+04 8.700051965133377418e-01 9.842967683204369989e-01 4.210286754665453109e-03 8.761948111060537808e-03 1.137915339098770958e-03 1.593081474738279385e-03
2.200000000000000000e+04 8.800052562433762215e-01 9.845243513882566688e-01 3.186162949476558769e-03 9.103322712790167665e-03 1.137915339098770958e-03 2.048247610377787811e-03
2.225000000000000000e+04 8.900053159734144792e-01 9.836140191169776559e-01 3.868912152935821518e-03 9.103322712790167665e-03 9.103322712790168532e-04 2.503413746017296455e-03
2.250000000000000000e+04 9.000053757034525148e-01 9.845243513882566688e-01 3.299954483386436255e-03 9.103322712790167665e-03 1.251706873008648227e-03 1.820664542558033706e-03
2.275000000000000000e+04 9.100054354334912166e-01 9.850933090578061213e-01 2.389622212107419402e-03 9.103322712790167665e-03 1.365498406918525280e-03 2.048247610377787811e-03
2.300000000000000000e+04 9.200054951635296963e-01 9.870277651342740377e-01 2.503413746017296455e-03 7.282658170232134826e-03 1.137915339098770958e-03 2.048247610377787811e-03
2.325000000000000000e+04 9.300055548935679539e-01 9.875967228038233792e-01 1.934456076467910759e-03 7.510241238051888930e-03 5.689576695493854790e-04 2.389622212107419402e-03
2.350000000000000000e+04 9.400056146236059895e-01 9.893035958124715146e-01 2.389622212107419402e-03 5.803368229403732710e-03 5.689576695493854790e-04 1.934456076467910759e-03
2.375000000000000000e+04 9.500056743536446913e-01 9.908966772872098705e-01 2.048247610377787811e-03 4.893035958124715423e-03 7.965407373691396923e-04 1.365498406918525280e-03
2.400000000000000000e+04 9.600057340836831710e-01 9.905553026854801990e-01 1.706873008648156654e-03 5.461993627674101119e-03 4.551661356395084266e-04 1.820664542558033706e-03
2.425000000000000000e+04 9.700057938137212066e-01 9.931725079654073474e-01 9.103322712790168532e-04 3.641329085116067413e-03 5.689576695493854790e-04 1.706873008648156654e-03
2.450000000000000000e+04 9.800058535437594642e-01 9.927173418297678964e-01 1.934456076467910759e-03 3.413746017296313308e-03 1.137915339098771066e-04 1.820664542558033706e-03
2.475000000000000000e+04 9.900059132737979439e-01 9.941966317705962508e-01 1.706873008648156654e-03 2.389622212107419402e-03 3.413746017296313199e-04 1.365498406918525280e-03
2.500000000000000000e+04 1.000005973003836424e+00 9.948793809740554828e-01 1.024123805188893906e-03 1.820664542558033706e-03 4.551661356395084266e-04 1.820664542558033706e-03
