# itime ezz other fcc hcp bcc ico
0.000000000000000000e+00 0.000000000000000000e+00 5.689576695493854790e-04 9.994310423304506585e-01 0.000000000000000000e+00 0.000000000000000000e+00 0.000000000000000000e+00
2.500000000000000000e+01 1.000043749088908029e-03 1.365498406918525280e-03 9.986345015930814251e-01 0.000000000000000000e+00 0.000000000000000000e+00 0.000000000000000000e+00
5.000000000000000000e+01 2.000087498177816059e-03 5.689576695493854790e-04 9.994310423304506585e-01 0.000000000000000000e+00 0.000000000000000000e+00 0.000000000000000000e+00
7.500000000000000000e+01 3.000131247266946133e-03 1.137915339098771066e-04 9.998862084660901095e-01 0.000000000000000000e+00 0.000000000000000000e+00 0.000000000000000000e+00
1.000000000000000000e+02 4.000174996355854162e-03 3.186162949476558769e-03 9.968138370505233992e-01 0.000000000000000000e+00 0.000000000000000000e+00 0.000000000000000000e+00
1.250000000000000000e+02 5.000218745444762192e-03 6.827492034592626399e-04 9.993172507965407680e-01 0.000000000000000000e+00 0.000000000000000000e+00 0.000000000000000000e+00
1.500000000000000000e+02 6.000262494533670221e-03 2.275830678197542133e-04 9.997724169321802190e-01 0.000000000000000000e+00 0.000000000000000000e+00 0.000000000000000000e+00
1.750000000000000000e+02 7.000306243622800295e-03 7.965407373691396923e-04 9.992034592626308775e-01 0.000000000000000000e+00 0.000000000000000000e+00 0.000000000000000000e+00
2.000000000000000000e+02 8.000349992711708325e-03 2.162039144287664864e-03 9.978379608557123026e-01 0.000000000000000000e+00 0.000000000000000000e+00 0.000000000000000000e+00
2.250000000000000000e+02 9.000393741800616354e-03 7.965407373691396923e-04 9.990896677287209870e-01 0.000000000000000000e+00 1.137915339098771066e-04 0.000000000000000000e+00
2.500000000000000000e+02 1.000043749088952438e-02 7.965407373691396923e-04 9.992034592626308775e-01 0.000000000000000000e+00 0.000000000000000000e+00 0.000000000000000000e+00
2.750000000000000000e+02 1.100048123997865446e-02 9.103322712790168532e-04 9.989758761948110966e-01 0.000000000000000000e+00 1.137915339098771066e-04 0.000000000000000000e+00
3.000000000000000000e+02 1.200052498906756249e-02 9.103322712790168532e-04 9.990896677287209870e-01 0.000000000000000000e+00 0.000000000000000000e+00 0.000000000000000000e+00
3.250000000000000000e+02 1.300056873815647052e-02 1.706873008648156654e-03 9.982931269913518646e-01 0.000000000000000000e+00 0.000000000000000000e+00 0.000000000000000000e+00
3.500000000000000000e+02 1.400061248724537855e-02 2.617205279927173507e-03 9.973827947200728516e-01 0.000000000000000000e+00 0.000000000000000000e+00 0.000000000000000000e+00
3.750000000000000000e+02 1.500065623633450862e-02 1.365498406918525280e-03 9.986345015930814251e-01 0.000000000000000000e+00 0.000000000000000000e+00 0.000000000000000000e+00
4.000000000000000000e+02 1.600069998542341665e-02 2.617205279927173507e-03 9.973827947200728516e-01 0.000000000000000000e+00 0.000000000000000000e+00 0.000000000000000000e+00
4.250000000000000000e+02 1.700074373451232468e-02 2.275830678197542133e-04 9.997724169321802190e-01 0.000000000000000000e+00 0.000000000000000000e+00 0.000000000000000000e+00
4.500000000000000000e+02 1.800078748360123271e-02 9.103322712790168532e-04 9.990896677287209870e-01 0.000000000000000000e+00 0.000000000000000000e+00 0.000000000000000000e+00
4.750000000000000000e+02 1.900083123269036278e-02 1.593081474738279385e-03 9.984069185252617551e-01 0.000000000000000000e+00 0.000000000000000000e+00 0.000000000000000000e+00
5.000000000000000000e+02 2.000087498177927081e-02 1.820664542558033706e-03 9.981793354574419741e-01 0.000000000000000000e+00 0.000000000000000000e+00 0.000000000000000000e+00
5.250000000000000000e+02 2.100091873086817884e-02 2.844788347746927612e-03 9.970414201183431802e-01 0.000000000000000000e+00 1.137915339098771066e-04 0.000000000000000000e+00
5.500000000000000000e+02 2.200096247995708687e-02 2.048247610377787811e-03 9.979517523896221931e-01 0.000000000000000000e+00 0.000000000000000000e+00 0.000000000000000000e+00
5.750000000000000000e+02 2.300100622904621694e-02 1.365498406918525280e-03 9.986345015930814251e-01 0.000000000000000000e+00 0.000000000000000000e+00 0.000000000000000000e+00
6.000000000000000000e+02 2.400104997813512497e-02 3.755120619025944465e-03 9.962448793809740577e-01 0.000000000000000000e+00 0.000000000000000000e+00 0.000000000000000000e+00
6.250000000000000000e+02 2.500109372722403300e-02 2.162039144287664864e-03 9.976103777878926326e-01 0.000000000000000000e+00 2.275830678197542133e-04 0.000000000000000000e+00
6.500000000000000000e+02 2.600113747631294103e-02 2.617205279927173507e-03 9.973827947200728516e-01 0.000000000000000000e+00 0.000000000000000000e+00 0.000000000000000000e+00
6.750000000000000000e+02 2.700118122540207111e-02 3.413746017296313308e-03 9.964724624487938387e-01 0.000000000000000000e+00 1.137915339098771066e-04 0.000000000000000000e+00
7.000000000000000000e+02 2.800122497449097914e-02 2.389622212107419402e-03 9.976103777878926326e-01 0.000000000000000000e+00 0.000000000000000000e+00 0.000000000000000000e+00
7.250000000000000000e+02 2.900126872357988717e-02 2.617205279927173507e-03 9.972690031861629611e-01 0.000000000000000000e+00 1.137915339098771066e-04 0.000000000000000000e+00
7.500000000000000000e+02 3.000131247266879519e-02 3.299954483386436255e-03 9.965862539827037292e-01 0.000000000000000000e+00 1.137915339098771066e-04 0.000000000000000000e+00
7.750000000000000000e+02 3.100135622175770322e-02 2.730996813837050560e-03 9.971552116522530707e-01 0.000000000000000000e+00 1.137915339098771066e-04 0.000000000000000000e+00
8.000000000000000000e+02 3.200139997084683330e-02 4.437869822485207214e-03 9.954483386436049352e-01 0.000000000000000000e+00 1.137915339098771066e-04 0.000000000000000000e+00
8.250000000000000000e+02 3.300144371993574133e-02 3.755120619025944465e-03 9.961310878470641672e-01 0.000000000000000000e+00 1.137915339098771066e-04 0.000000000000000000e+00
8.500000000000000000e+02 3.400148746902464936e-02 6.372325898953117539e-03 9.936276741010469093e-01 0.000000000000000000e+00 0.000000000000000000e+00 0.000000000000000000e+00
8.750000000000000000e+02 3.500153121811355739e-02 6.941283568502503235e-03 9.928311333636777869e-01 0.000000000000000000e+00 2.275830678197542133e-04 0.000000000000000000e+00
9.000000000000000000e+02 3.600157496720268746e-02 5.234410559854347014e-03 9.947655894401457033e-01 0.000000000000000000e+00 0.000000000000000000e+00 0.000000000000000000e+00
9.250000000000000000e+02 3.700161871629159549e-02 4.893035958124715423e-03 9.951069640418752638e-01 0.000000000000000000e+00 0.000000000000000000e+00 0.000000000000000000e+00
9.500000000000000000e+02 3.800166246538050352e-02 5.234410559854347014e-03 9.947655894401457033e-01 0.000000000000000000e+00 0.000000000000000000e+00 0.000000000000000000e+00
9.750000000000000000e+02 3.900170621446941155e-02 7.624032771961766417e-03 9.921483841602184439e-01 0.000000000000000000e+00 2.275830678197542133e-04 0.000000000000000000e+00
1.000000000000000000e+03 4.000174996355854162e-02 6.827492034592626616e-03 9.931725079654073474e-01 0.000000000000000000e+00 0.000000000000000000e+00 0.000000000000000000e+00
1.025000000000000000e+03 4.100179371264744965e-02 9.672280382339554228e-03 9.898725534820209671e-01 0.000000000000000000e+00 4.551661356395084266e-04 0.000000000000000000e+00
1.050000000000000000e+03 4.200183746173635768e-02 7.396449704142011444e-03 9.922621756941283344e-01 0.000000000000000000e+00 3.413746017296313199e-04 0.000000000000000000e+00
1.075000000000000000e+03 4.300188121082526571e-02 8.306781975421027864e-03 9.915794264906691025e-01 0.000000000000000000e+00 1.137915339098771066e-04 0.000000000000000000e+00
1.100000000000000000e+03 4.400192495991439579e-02 8.420573509330906217e-03 9.911242603550295405e-01 0.000000000000000000e+00 4.551661356395084266e-04 0.000000000000000000e+00
1.125000000000000000e+03 4.500196870900330381e-02 1.115157032316795548e-02 9.885070550751023921e-01 0.000000000000000000e+00 3.413746017296313199e-04 0.000000000000000000e+00
1.150000000000000000e+03 4.600201245809221184e-02 9.444697314519799256e-03 9.898725534820209671e-01 0.000000000000000000e+00 6.827492034592626399e-04 0.000000000000000000e+00
1.175000000000000000e+03 4.700205620718111987e-02 9.444697314519799256e-03 9.903277196176604180e-01 0.000000000000000000e+00 2.275830678197542133e-04 0.000000000000000000e+00
1.200000000000000000e+03 4.800209995627024995e-02 1.137915339098771045e-02 9.880518889394629412e-01 0.000000000000000000e+00 5.689576695493854790e-04 0.000000000000000000e+00
1.225000000000000000e+03 4.900214370535915798e-02 1.581702321347291593e-02 9.836140191169776559e-01 0.000000000000000000e+00 5.689576695493854790e-04 0.000000000000000000e+00
1.250000000000000000e+03 5.000218745444806601e-02 1.263086026399635846e-02 9.870277651342740377e-01 0.000000000000000000e+00 3.413746017296313199e-04 0.000000000000000000e+00
1.275000000000000000e+03 5.100223120353697404e-02 1.399635867091488309e-02 9.860036413290851343e-01 0.000000000000000000e+00 0.000000000000000000e+00 0.000000000000000000e+00
1.300000000000000000e+03 5.200227495262610411e-02 1.558944014565316269e-02 9.829312699135184239e-01 0.000000000000000000e+00 1.479289940828402332e-03 0.000000000000000000e+00
1.325000000000000000e+03 5.300231870171501214e-02 1.502048247610377786e-02 9.845243513882566688e-01 0.000000000000000000e+00 4.551661356395084266e-04 0.000000000000000000e+00
1.350000000000000000e+03 5.400236245080392017e-02 1.627218934911242587e-02 9.821347291761493015e-01 0.000000000000000000e+00 1.593081474738279385e-03 0.000000000000000000e+00
1.375000000000000000e+03 5.500240619989282820e-02 1.991351843422849502e-02 9.782658170232134687e-01 0.000000000000000000e+00 1.820664542558033706e-03 0.000000000000000000e+00
1.400000000000000000e+03 5.600244994898195827e-02 2.344105598543468408e-02 9.753072371415566488e-01 0.000000000000000000e+00 1.251706873008648227e-03 0.000000000000000000e+00
1.425000000000000000e+03 5.700249369807086630e-02 2.674101046882111990e-02 9.716659080564405970e-01 0.000000000000000000e+00 1.593081474738279385e-03 0.000000000000000000e+00
1.450000000000000000e+03 5.800253744715977433e-02 1.752389622212107562e-02 9.812243969048702885e-01 0.000000000000000000e+00 1.251706873008648227e-03 0.000000000000000000e+00
1.475000000000000000e+03 5.900258119624868236e-02 2.230314064633591095e-02 9.766727355484752238e-01 0.000000000000000000e+00 1.024123805188893906e-03 0.000000000000000000e+00
1.500000000000000000e+03 6.000262494533781243e-02 2.389622212107419055e-02 9.747382794720073074e-01 0.000000000000000000e+00 1.365498406918525280e-03 0.000000000000000000e+00
1.525000000000000000e+03 6.100266869442672046e-02 2.719617660446062984e-02 9.722348657259899385e-01 0.000000000000000000e+00 5.689576695493854790e-04 0.000000000000000000e+00
1.550000000000000000e+03 6.200271244351562849e-02 3.390987710514337811e-02 9.644970414201183839e-01 0.000000000000000000e+00 1.593081474738279385e-03 0.000000000000000000e+00
1.575000000000000000e+03 6.300275619260453652e-02 3.436504324078288458e-02 9.633591260810195900e-01 0.000000000000000000e+00 2.275830678197541916e-03 0.000000000000000000e+00
1.600000000000000000e+03 6.400279994169344455e-02 3.447883477469276120e-02 9.626763768775603580e-01 0.000000000000000000e+00 2.844788347746927612e-03 0.000000000000000000e+00
1.625000000000000000e+03 6.500284369078257463e-02 2.901684114701866268e-02 9.685935366408738867e-01 0.000000000000000000e+00 2.389622212107419402e-03 0.000000000000000000e+00
1.650000000000000000e+03 6.600288743987148266e-02 3.334091943559399501e-02 9.649522075557578349e-01 0.000000000000000000e+00 1.706873008648156654e-03 0.000000000000000000e+00
1.675000000000000000e+03 6.700293118896039068e-02 3.698224852071006069e-02 9.611970869367318926e-01 0.000000000000000000e+00 1.820664542558033706e-03 0.000000000000000000e+00
1.700000000000000000e+03 6.800297493804929871e-02 4.893035958124715423e-02 9.491351843422849432e-01 0.000000000000000000e+00 1.934456076467910759e-03 0.000000000000000000e+00
1.725000000000000000e+03 6.900301868713842879e-02 4.802002730996814128e-02 9.494765589440146147e-01 0.000000000000000000e+00 2.503413746017296455e-03 0.000000000000000000e+00
1.750000000000000000e+03 7.000306243622733682e-02 4.813381884387801790e-02 9.489076012744651623e-01 0.000000000000000000e+00 2.958579881656804664e-03 0.000000000000000000e+00
1.775000000000000000e+03 7.100310618531624485e-02 5.598543468365953235e-02 9.403732362312243742e-01 0.000000000000000000e+00 3.641329085116067413e-03 0.000000000000000000e+00
1.800000000000000000e+03 7.200314993440515288e-02 5.962676376877560497e-02 9.352526172052799680e-01 0.000000000000000000e+00 5.120619025944469528e-03 0.000000000000000000e+00
1.825000000000000000e+03 7.300319368349428295e-02 5.860263996358670846e-02 9.378698224852071164e-01 0.000000000000000000e+00 3.527537551206190360e-03 0.000000000000000000e+00
1.850000000000000000e+03 7.400323743258319098e-02 6.326809285389166371e-02 9.320664542558033672e-01 0.000000000000000000e+00 4.665452890304961318e-03 0.000000000000000000e+00
1.875000000000000000e+03 7.500328118167209901e-02 6.178880291306326766e-02 9.335457441966317216e-01 0.000000000000000000e+00 4.665452890304961318e-03 0.000000000000000000e+00
1.900000000000000000e+03 7.600332493076100704e-02 8.147473827947200598e-02 9.118115612198451903e-01 0.000000000000000000e+00 6.713700500682749130e-03 0.000000000000000000e+00
1.925000000000000000e+03 7.700336867985013711e-02 8.875739644970413733e-02 9.035047792444241832e-01 0.000000000000000000e+00 7.737824305871643035e-03 0.000000000000000000e+00
1.950000000000000000e+03 7.800341242893904514e-02 9.569868001820663883e-02 8.950842057350932857e-01 0.000000000000000000e+00 9.217114246700046018e-03 0.000000000000000000e+00
1.975000000000000000e+03 7.900345617802795317e-02 9.353664087391898307e-02 8.941738734638142727e-01 0.000000000000000000e+00 1.228948566226672687e-02 0.000000000000000000e+00
2.000000000000000000e+03 8.000349992711686120e-02 9.160218479745106668e-02 8.975876194811106545e-01 0.000000000000000000e+00 1.081019572143832562e-02 0.000000000000000000e+00
2.025000000000000000e+03 8.100354367620599128e-02 1.216431497496586189e-01 8.644742831133364058e-01 0.000000000000000000e+00 1.388256713700500647e-02 0.000000000000000000e+00
2.050000000000000000e+03 8.200358742529489930e-02 1.290395994538006408e-01 8.559399180700956178e-01 0.000000000000000000e+00 1.502048247610377786e-02 0.000000000000000000e+00
2.075000000000000000e+03 8.300363117438380733e-02 1.280154756486117373e-01 8.537778789258079204e-01 0.000000000000000000e+00 1.820664542558033533e-02 0.000000000000000000e+00
2.100000000000000000e+03 8.400367492347271536e-02 1.340464269458352398e-01 8.435366408739189970e-01 1.137915339098771066e-04 2.230314064633591095e-02 0.000000000000000000e+00
2.125000000000000000e+03 8.500371867256184544e-02 1.653390987710514348e-01 8.070095584888484774e-01 0.000000000000000000e+00 2.765134274010013632e-02 0.000000000000000000e+00
2.150000000000000000e+03 8.600376242165075347e-02 1.696631770596267741e-01 7.996131087847063723e-01 1.137915339098771066e-04 3.060992262175694228e-02 0.000000000000000000e+00
2.175000000000000000e+03 8.700380617073966150e-02 1.678425125170687204e-01 7.971096950386891145e-01 2.275830678197542133e-04 3.482020937642239106e-02 0.000000000000000000e+00
2.200000000000000000e+03 8.800384991982856953e-02 1.917387346381429214e-01 7.687756030951297115e-01 4.551661356395084266e-04 3.903049613108784677e-02 0.000000000000000000e+00
2.225000000000000000e+03 8.900389366891769960e-02 1.941283568502503443e-01 7.625170687300865113e-01 5.689576695493854790e-04 4.278561675011378906e-02 0.000000000000000000e+00
2.250000000000000000e+03 9.000393741800660763e-02 2.086936731907146070e-01 7.437414656349567998e-01 4.551661356395084266e-04 4.710969503868912139e-02 0.000000000000000000e+00
2.275000000000000000e+03 9.100398116709551566e-02 2.155211652253072319e-01 7.282658170232134687e-01 1.024123805188893906e-03 5.518889394629039602e-02 0.000000000000000000e+00
2.300000000000000000e+03 9.200402491618442369e-02 2.462448793809740577e-01 6.911697769685934967e-01 7.965407373691396923e-04 6.178880291306326766e-02 0.000000000000000000e+00
2.325000000000000000e+03 9.300406866527333172e-02 2.306554392353208915e-01 6.915111515703231682e-01 1.479289940828402332e-03 7.635411925352754425e-02 0.000000000000000000e+00
2.350000000000000000e+03 9.400411241436246179e-02 2.503413746017296160e-01 6.607874374146563978e-01 1.251706873008648227e-03 8.761948111060537114e-02 0.000000000000000000e+00
2.375000000000000000e+03 9.500415616345136982e-02 2.617205279927173334e-01 6.330223031406463363e-01 2.275830678197541916e-03 1.029813381884387841e-01 0.000000000000000000e+00
2.400000000000000000e+03 9.600419991254027785e-02 2.878925807919890945e-01 5.888711879836140417e-01 2.958579881656804664e-03 1.202776513427400995e-01 0.000000000000000000e+00
2.425000000000000000e+03 9.700424366162918588e-02 2.921028675466545432e-01 5.655439235320892655e-01 4.551661356395083832e-03 1.378015475648611821e-01 0.000000000000000000e+00
2.450000000000000000e+03 9.800428741071831595e-02 3.071233500227583124e-01 5.306099226217569909e-01 5.461993627674101119e-03 1.568047337278106468e-01 0.000000000000000000e+00
2.475000000000000000e+03 9.900433115980722398e-02 3.105370960400546387e-01 5.017068730086481354e-01 5.120619025944469528e-03 1.826354119253527641e-01 0.000000000000000000e+00
2.500000000000000000e+03 1.000043749088961320e-01 3.113336367774237612e-01 4.741693218024579104e-01 6.486117432862995025e-03 2.080109239872553473e-01 0.000000000000000000e+00
2.525000000000000000e+03 1.010044186579850400e-01 3.229403732362312041e-01 4.449248975876194945e-01 7.282658170232134826e-03 2.248520710059171701e-01 0.000000000000000000e+00
2.550000000000000000e+03 1.020044624070741701e-01 3.241920801092398885e-01 4.297906235776058348e-01 7.737824305871643035e-03 2.382794720072826666e-01 0.000000000000000000e+00
2.575000000000000000e+03 1.030045061561630781e-01 3.210059171597632877e-01 4.036185707783340737e-01 1.046882111970869403e-02 2.649066909421938787e-01 0.000000000000000000e+00
2.600000000000000000e+03 1.040045499052519862e-01 3.338643604915794150e-01 3.711879836140191125e-01 1.411015020482476144e-02 2.808375056895767163e-01 0.000000000000000000e+00
2.625000000000000000e+03 1.050045936543408942e-01 3.496813837050523621e-01 3.461538461538461453e-01 1.741010468821119553e-02 2.867546654528903005e-01 0.000000000000000000e+00
2.650000000000000000e+03 1.060046374034300243e-01 3.505917159763313751e-01 3.330678197542102925e-01 2.025489303595812488e-02 2.960855712335002110e-01 0.000000000000000000e+00
2.675000000000000000e+03 1.070046811525189323e-01 3.592398725534819981e-01 3.236231224396904915e-01 2.389622212107419055e-02 2.932407828857532817e-01 0.000000000000000000e+00
2.700000000000000000e+03 1.080047249016078403e-01 3.642467000455166248e-01 2.952890304961310886e-01 2.298588984979517413e-02 3.174783796085571264e-01 0.000000000000000000e+00
2.725000000000000000e+03 1.090047686506967484e-01 3.697086936731907025e-01 2.870960400546199165e-01 2.947200728265816916e-02 3.137232589895311841e-01 0.000000000000000000e+00
2.750000000000000000e+03 1.100048123997858784e-01 3.692535275375511961e-01 2.720755575785161473e-01 3.755120619025944378e-02 3.211197086936731782e-01 0.000000000000000000e+00
2.775000000000000000e+03 1.110048561488747865e-01 3.796085571233500100e-01 2.653618570778333852e-01 4.062357760582612637e-02 3.144060081929904160e-01 0.000000000000000000e+00
2.800000000000000000e+03 1.120048998979636945e-01 3.829085116067364458e-01 2.511379153390987939e-01 4.688211197086936816e-02 3.190714610832954268e-01 0.000000000000000000e+00
2.825000000000000000e+03 1.130049436470526025e-01 3.962221210741920796e-01 2.426035502958579781e-01 4.779244424214838111e-02 3.133818843878015681e-01 0.000000000000000000e+00
2.850000000000000000e+03 1.140049873961417326e-01 4.035047792444242387e-01 2.315657715065999045e-01 5.200273099681383682e-02 3.129267182521620616e-01 0.000000000000000000e+00
2.875000000000000000e+03 1.150050311452306406e-01 4.040737369139735802e-01 2.300864815657714946e-01 5.974055530268548159e-02 3.060992262175694090e-01 0.000000000000000000e+00
2.900000000000000000e+03 1.160050748943195487e-01 3.989531178880291185e-01 2.329312699135184239e-01 6.030951297223486468e-02 3.078060992262175444e-01 0.000000000000000000e+00
2.925000000000000000e+03 1.170051186434084567e-01 3.954255803368229572e-01 2.229176149294492537e-01 6.372325898953118406e-02 3.179335457441966328e-01 0.000000000000000000e+00
2.950000000000000000e+03 1.180051623924975868e-01 3.992944924897587344e-01 2.164314974965862448e-01 7.123350022758306865e-02 3.130405097860718966e-01 0.000000000000000000e+00
2.975000000000000000e+03 1.190052061415864948e-01 4.130632680928538747e-01 2.165452890304961353e-01 7.168866636322257513e-02 2.987027765134274149e-01 0.000000000000000000e+00
3.000000000000000000e+03 1.200052498906754028e-01 4.176149294492489950e-01 2.106281292671825234e-01 7.316795630405098505e-02 2.985889849795175244e-01 0.000000000000000000e+00
3.025000000000000000e+03 1.210052936397643109e-01 4.167045971779699820e-01 2.043695949021392677e-01 7.817478379608557015e-02 3.007510241238051663e-01 0.000000000000000000e+00
3.050000000000000000e+03 1.220053373888532189e-01 4.310423304506144637e-01 1.927628584433318248e-01 8.363677742375967561e-02 2.925580336822940497e-01 0.000000000000000000e+00
3.075000000000000000e+03 1.230053811379423490e-01 4.296768320436959443e-01 1.863905325443787064e-01 8.511606736458807165e-02 2.988165680473373054e-01 0.000000000000000000e+00
3.100000000000000000e+03 1.240054248870312570e-01 4.238734638142921951e-01 1.868456986800182129e-01 9.262630860263997012e-02 2.966545289030496080e-01 0.000000000000000000e+00
3.125000000000000000e+03 1.250054686361201650e-01 4.599453800637232637e-01 1.665908056440600915e-01 8.932635411925353430e-02 2.841374601729631522e-01 0.000000000000000000e+00
3.150000000000000000e+03 1.260055123852090730e-01 4.490213928083750528e-01 1.664770141101502010e-01 8.887118798361401395e-02 2.956304050978607045e-01 0.000000000000000000e+00
3.175000000000000000e+03 1.270055561342982031e-01 4.481110605370960398e-01 1.657942649066909413e-01 9.228493400091032639e-02 2.938097405553026786e-01 0.000000000000000000e+00
3.200000000000000000e+03 1.280055998833871111e-01 4.616522530723713991e-01 1.562357760582612776e-01 8.511606736458807165e-02 2.969959035047792240e-01 0.000000000000000000e+00
3.225000000000000000e+03 1.290056436324760192e-01 4.742831133363678009e-01 1.438324988620846567e-01 8.545744196631770151e-02 2.964269458352298825e-01 0.000000000000000000e+00
3.250000000000000000e+03 1.300056873815649272e-01 4.648384160218479999e-01 1.432635411925352875e-01 8.716431497496586467e-02 3.047337278106508895e-01 0.000000000000000000e+00
3.275000000000000000e+03 1.310057311306540573e-01 4.693900773782430647e-01 1.398497951752389612e-01 8.682294037323623481e-02 3.039371870732817671e-01 0.000000000000000000e+00
3.300000000000000000e+03 1.320057748797429653e-01 4.666590805644060258e-01 1.334774692762858428e-01 9.421939007737824279e-02 3.056440600819299025e-01 0.000000000000000000e+00
3.325000000000000000e+03 1.330058186288318733e-01 4.698452435138825711e-01 1.352981338188438687e-01 9.786071916249430847e-02 2.969959035047792240e-01 0.000000000000000000e+00
3.350000000000000000e+03 1.340058623779207814e-01 4.750796540737369233e-01 1.301775147928994070e-01 9.763313609467455523e-02 2.971096950386891145e-01 0.000000000000000000e+00
3.375000000000000000e+03 1.350059061270099114e-01 4.792899408284023721e-01 1.283568502503413811e-01 1.009330905780609910e-01 2.914201183431952558e-01 0.000000000000000000e+00
3.400000000000000000e+03 1.360059498760988195e-01 4.870277651342740377e-01 1.223258989531178925e-01 1.043468365953573035e-01 2.862994993172507940e-01 0.000000000000000000e+00
3.425000000000000000e+03 1.370059936251877275e-01 4.820209376422394110e-01 1.260810195721438209e-01 1.061675011379153433e-01 2.857305416477013971e-01 0.000000000000000000e+00
3.450000000000000000e+03 1.380060373742766355e-01 4.857760582612653533e-01 1.258534365043240677e-01 1.124260355029585851e-01 2.759444697314519801e-01 0.000000000000000000e+00
3.475000000000000000e+03 1.390060811233657656e-01 4.885070550751023921e-01 1.296085571233500100e-01 1.233500227583067821e-01 2.585343650432407880e-01 0.000000000000000000e+00
3.500000000000000000e+03 1.400061248724546736e-01 4.989758761948110966e-01 1.241465634956759184e-01 1.231224396904870289e-01 2.537551206190259423e-01 0.000000000000000000e+00
3.525000000000000000e+03 1.410061686215435817e-01 5.114929449248976079e-01 1.248293126991351781e-01 1.265361857077833274e-01 2.371415566681839004e-01 0.000000000000000000e+00
3.550000000000000000e+03 1.420062123706324897e-01 4.996586253982703840e-01 1.226672735548475224e-01 1.310878470641784199e-01 2.465862539827036737e-01 0.000000000000000000e+00
3.575000000000000000e+03 1.430062561197216198e-01 5.062585343650432002e-01 1.195949021392808398e-01 1.368912152935821691e-01 2.372553482020937632e-01 0.000000000000000000e+00
3.600000000000000000e+03 1.440062998688105278e-01 5.029585798816568198e-01 1.151570323167956239e-01 1.333636777423759801e-01 2.485207100591715901e-01 0.000000000000000000e+00
3.625000000000000000e+03 1.450063436178994358e-01 5.152480655439235502e-01 1.107191624943104219e-01 1.330223031406463363e-01 2.410104688211197055e-01 0.000000000000000000e+00
3.650000000000000000e+03 1.460063873669883439e-01 4.978379608557123581e-01 1.147018661811561174e-01 1.412152935821574806e-01 2.462448793809740577e-01 0.000000000000000000e+00
3.675000000000000000e+03 1.470064311160774739e-01 4.968138370505234547e-01 1.131087847064178448e-01 1.392808375056895642e-01 2.507965407373691225e-01 0.000000000000000000e+00
3.700000000000000000e+03 1.480064748651663820e-01 5.061447428311333097e-01 1.142467000455166110e-01 1.458807464724624359e-01 2.337278106508875741e-01 0.000000000000000000e+00
3.725000000000000000e+03 1.490065186142552900e-01 4.994310423304506030e-01 1.133363677742375980e-01 1.385980883022303045e-01 2.486345015930814806e-01 0.000000000000000000e+00
3.750000000000000000e+03 1.500065623633441980e-01 5.235548475193445572e-01 1.110605370960400518e-01 1.382567137005006885e-01 2.271279016841147025e-01 0.000000000000000000e+00
3.775000000000000000e+03 1.510066061124331060e-01 5.142239417387346467e-01 1.128812016385980915e-01 1.426945835229858905e-01 2.302002730996813851e-01 0.000000000000000000e+00
3.800000000000000000e+03 1.520066498615222361e-01 5.105826126536185949e-01 1.090122894856622726e-01 1.540737369139736079e-01 2.263313609467455523e-01 0.000000000000000000e+00
3.825000000000000000e+03 1.530066936106111442e-01 5.187756030951297115e-01 1.073054164770141095e-01 1.543013199817933612e-01 2.196176604460628179e-01 0.000000000000000000e+00
3.850000000000000000e+03 1.540067373597000522e-01 5.152480655439235502e-01 1.079881656804733692e-01 1.515703231679562946e-01 2.251934456076467861e-01 0.000000000000000000e+00
3.875000000000000000e+03 1.550067811087889602e-01 5.190031861629494925e-01 1.057123350022758368e-01 1.554392353208921274e-01 2.198452435138825711e-01 0.000000000000000000e+00
3.900000000000000000e+03 1.560068248578780903e-01 5.282203004096495125e-01 1.016158397815202508e-01 1.563495675921711403e-01 2.138142922166590687e-01 0.000000000000000000e+00
3.925000000000000000e+03 1.570068686069669983e-01 5.422166590805643782e-01 9.615384615384615918e-02 1.516841147018661851e-01 2.099453800637232637e-01 0.000000000000000000e+00
3.950000000000000000e+03 1.580069123560559063e-01 5.273099681383704995e-01 1.000227583067819781e-01 1.631770596267637652e-01 2.094902139280837572e-01 0.000000000000000000e+00
3.975000000000000000e+03 1.590069561051448144e-01 5.300409649522075384e-01 1.026399635867091542e-01 1.610150204824760956e-01 2.063040509786071841e-01 0.000000000000000000e+00
4.000000000000000000e+03 1.600069998542339444e-01 5.369822485207100815e-01 1.002503413746017313e-01 1.611288120163859861e-01 2.016385980883022289e-01 0.000000000000000000e+00
4.025000000000000000e+03 1.610070436033228525e-01 5.374374146563495325e-01 9.717796995903504875e-02 1.663632225762403383e-01 1.990213928083750528e-01 0.000000000000000000e+00
4.050000000000000000e+03 1.620070873524117605e-01 5.490441511151570309e-01 9.410559854346836617e-02 1.663632225762403383e-01 1.904870277651342647e-01 0.000000000000000000e+00
4.075000000000000000e+03 1.630071311015006685e-01 5.520027309968138507e-01 9.285389167045972336e-02 1.626081019572143960e-01 1.925352753755120716e-01 0.000000000000000000e+00
4.100000000000000000e+03 1.640071748505897986e-01 5.474510696404187859e-01 9.194355939918069653e-02 1.663632225762403383e-01 1.942421483841602070e-01 0.000000000000000000e+00
4.125000000000000000e+03 1.650072185996787066e-01 5.540509786071916576e-01 9.126081019572143682e-02 1.659080564406008318e-01 1.887801547564861293e-01 0.000000000000000000e+00
4.150000000000000000e+03 1.660072623487676147e-01 5.529130632680928636e-01 9.160218479745106668e-02 1.710286754665452935e-01 1.844560764679107900e-01 0.000000000000000000e+00
4.175000000000000000e+03 1.670073060978565227e-01 5.499544833864360438e-01 9.501593081474737912e-02 1.717114246700045532e-01 1.833181611288120239e-01 0.000000000000000000e+00
4.200000000000000000e+03 1.680073498469456528e-01 5.683887118798361948e-01 9.319526627218935322e-02 1.676149294492489672e-01 1.708010923987255403e-01 0.000000000000000000e+00
4.225000000000000000e+03 1.690073935960345608e-01 5.739644970414201630e-01 8.534365043240782489e-02 1.649977241693217911e-01 1.756941283568502488e-01 0.000000000000000000e+00
4.250000000000000000e+03 1.700074373451234688e-01 5.703231679563040002e-01 8.978152025489304078e-02 1.673873463814292140e-01 1.725079654073737034e-01 0.000000000000000000e+00
4.275000000000000000e+03 1.710074810942123769e-01 5.739644970414201630e-01 8.636777423759672834e-02 1.693218024578971304e-01 1.703459262630860338e-01 0.000000000000000000e+00
4.300000000000000000e+03 1.720075248433015069e-01 5.834091943559399640e-01 8.693673190714611143e-02 1.626081019572143960e-01 1.670459717796995980e-01 0.000000000000000000e+00
4.325000000000000000e+03 1.730075685923904150e-01 5.656577150659990449e-01 9.251251706873007963e-02 1.783113336367774249e-01 1.635184342284934089e-01 0.000000000000000000e+00
4.350000000000000000e+03 1.740076123414793230e-01 5.745334547109695045e-01 9.274010013654984674e-02 1.759217114246700020e-01 1.568047337278106468e-01 0.000000000000000000e+00
4.375000000000000000e+03 1.750076560905682310e-01 5.829540282203004020e-01 8.534365043240782489e-02 1.758079198907601393e-01 1.558944014565316338e-01 0.000000000000000000e+00
4.400000000000000000e+03 1.760076998396573611e-01 5.854574419663176599e-01 8.568502503413745475e-02 1.800182066454255880e-01 1.488393263541192557e-01 0.000000000000000000e+00
4.425000000000000000e+03 1.770077435887462691e-01 5.725989986345015881e-01 8.852981338188438409e-02 1.809285389167046010e-01 1.579426490669094130e-01 0.000000000000000000e+00
4.450000000000000000e+03 1.780077873378351772e-01 5.889849795175239322e-01 8.545744196631770151e-02 1.847974510696404060e-01 1.407601274465179741e-01 0.000000000000000000e+00
4.475000000000000000e+03 1.790078310869240852e-01 5.863677742375966728e-01 9.012289485662267063e-02 1.876422394173873354e-01 1.358670914883932657e-01 0.000000000000000000e+00
4.500000000000000000e+03 1.800078748360132153e-01 5.991124260355029651e-01 8.534365043240782489e-02 1.826354119253527641e-01 1.329085116067364458e-01 0.000000000000000000e+00
4.525000000000000000e+03 1.810079185851021233e-01 5.884160218479744797e-01 8.875739644970413733e-02 1.896904870277651423e-01 1.331360946745562268e-01 0.000000000000000000e+00
4.550000000000000000e+03 1.820079623341910313e-01 5.878470641784251383e-01 8.818843878015475424e-02 1.950386891215293572e-01 1.289258079198907503e-01 0.000000000000000000e+00
4.575000000000000000e+03 1.830080060832799393e-01 5.934228493400091065e-01 8.363677742375967561e-02 1.891215293582157453e-01 1.338188438780154865e-01 0.000000000000000000e+00
4.600000000000000000e+03 1.840080498323688474e-01 5.867091488393263443e-01 8.466090122894856518e-02 1.954938552571688637e-01 1.331360946745562268e-01 0.000000000000000000e+00
4.625000000000000000e+03 1.850080935814579775e-01 6.027537551206190169e-01 8.170232134729175921e-02 1.920801092398725651e-01 1.234638142922166587e-01 0.000000000000000000e+00
4.650000000000000000e+03 1.860081373305468855e-01 5.944469731451980099e-01 8.932635411925353430e-02 1.977696859353663961e-01 1.184569868001820597e-01 0.000000000000000000e+00
4.675000000000000000e+03 1.870081810796357935e-01 5.909194355939918486e-01 8.318161128812016913e-02 2.060764679107874309e-01 1.198224852071005930e-01 0.000000000000000000e+00
4.700000000000000000e+03 1.880082248287247015e-01 5.903504779244423961e-01 8.147473827947200598e-02 2.137005006827492060e-01 1.144742831133363642e-01 0.000000000000000000e+00
4.725000000000000000e+03 1.890082685778138316e-01 5.949021392808374609e-01 8.181611288120163583e-02 2.052799271734183084e-01 1.180018206645425533e-01 0.000000000000000000e+00
4.750000000000000000e+03 1.900083123269027396e-01 5.864815657715065633e-01 8.409194355939918208e-02 2.089212562585343602e-01 1.205052344105598527e-01 0.000000000000000000e+00
4.775000000000000000e+03 1.910083560759916477e-01 6.007055075102412101e-01 8.386436049157942885e-02 2.057350933090578149e-01 1.096950386891215323e-01 0.000000000000000000e+00
4.800000000000000000e+03 1.920083998250805557e-01 5.843195266272189770e-01 8.397815202548930547e-02 2.098315885298133732e-01 1.218707328174783860e-01 0.000000000000000000e+00
4.825000000000000000e+03 1.930084435741696858e-01 5.979745106964041712e-01 8.136094674556212936e-02 2.098315885298133732e-01 1.107191624943104219e-01 1.137915339098771066e-04
4.850000000000000000e+03 1.940084873232585938e-01 6.052571688666362748e-01 8.887118798361401395e-02 2.106281292671825234e-01 9.524351388256713236e-02 0.000000000000000000e+00
4.875000000000000000e+03 1.950085310723475018e-01 5.835229858898497435e-01 9.194355939918069653e-02 2.213245334547109811e-01 1.032089212562585373e-01 0.000000000000000000e+00
4.900000000000000000e+03 1.960085748214364099e-01 5.989986345015930747e-01 8.466090122894856518e-02 2.171142467000455045e-01 9.922621756941284177e-02 0.000000000000000000e+00
4.925000000000000000e+03 1.970086185705255399e-01 5.946745562130177909e-01 8.284023668639053928e-02 2.197314519799726806e-01 1.027537551206190308e-01 0.000000000000000000e+00
4.950000000000000000e+03 1.980086623196144480e-01 5.972917614929449392e-01 7.885753299954482987e-02 2.216659080564405970e-01 1.021847974510696339e-01 0.000000000000000000e+00
4.975000000000000000e+03 1.990087060687033560e-01 5.980883022303140617e-01 8.113336367774237612e-02 2.298588984979517413e-01 9.091943559399180697e-02 0.000000000000000000e+00
5.000000000000000000e+03 2.000087498177922640e-01 5.896677287209831642e-01 8.431952662721893532e-02 2.311106053709603980e-01 9.490213928083750250e-02 0.000000000000000000e+00
5.025000000000000000e+03 2.010087935668813941e-01 5.962676376877560358e-01 8.284023668639053928e-02 2.323623122439690547e-01 8.852981338188438409e-02 0.000000000000000000e+00
5.050000000000000000e+03 2.020088373159703021e-01 5.959262630860263643e-01 8.284023668639053928e-02 2.332726445152480677e-01 8.796085571233500100e-02 0.000000000000000000e+00
5.075000000000000000e+03 2.030088810650592102e-01 5.991124260355029651e-01 8.113336367774237612e-02 2.294037323623122349e-01 9.035047792444242387e-02 0.000000000000000000e+00
5.100000000000000000e+03 2.040089248141481182e-01 6.071916249431041912e-01 7.806099226217569353e-02 2.362312243969048597e-01 7.851615839781520001e-02 0.000000000000000000e+00
5.125000000000000000e+03 2.050089685632372483e-01 5.976331360946746107e-01 8.386436049157942885e-02 2.398725534820209393e-01 7.862994993172507663e-02 0.000000000000000000e+00
5.150000000000000000e+03 2.060090123123261563e-01 5.942193900773782289e-01 7.817478379608557015e-02 2.410104688211197055e-01 8.659535730541648157e-02 0.000000000000000000e+00
5.175000000000000000e+03 2.070090560614150643e-01 5.901228948566226151e-01 8.158852981338188259e-02 2.494310423304506030e-01 7.885753299954482987e-02 0.000000000000000000e+00
5.200000000000000000e+03 2.080090998105039723e-01 6.017296313154301135e-01 8.170232134729175921e-02 2.486345015930814806e-01 6.793354574419663283e-02 0.000000000000000000e+00
5.225000000000000000e+03 2.090091435595931024e-01 6.084433318161128756e-01 7.840236686390532339e-02 2.498862084660901095e-01 6.326809285389166371e-02 0.000000000000000000e+00
5.250000000000000000e+03 2.100091873086820105e-01 6.041192535275375919e-01 7.680928538916705073e-02 2.496586253982703563e-01 6.941283568502502888e-02 0.000000000000000000e+00
5.275000000000000000e+03 2.110092310577709185e-01 5.985434683659536237e-01 7.965407373691398007e-02 2.518206645425580259e-01 6.998179335457442585e-02 0.000000000000000000e+00
5.300000000000000000e+03 2.120092748068598265e-01 6.024123805188893455e-01 7.737824305871643382e-02 2.527309968138370389e-01 6.747837960855712636e-02 0.000000000000000000e+00
5.325000000000000000e+03 2.130093185559487345e-01 5.971779699590350488e-01 7.908511606736458310e-02 2.560309512972234747e-01 6.770596267637687959e-02 0.000000000000000000e+00
5.350000000000000000e+03 2.140093623050378646e-01 5.967228038233954868e-01 8.056440600819299303e-02 2.575102412380518846e-01 6.520254893035958010e-02 0.000000000000000000e+00
5.375000000000000000e+03 2.150094060541267726e-01 5.854574419663176599e-01 8.158852981338188259e-02 2.653618570778333852e-01 6.759217114246700298e-02 0.000000000000000000e+00
5.400000000000000000e+03 2.160094498032156807e-01 5.949021392808374609e-01 7.385070550751024476e-02 2.677514792899408080e-01 6.349567592171143082e-02 0.000000000000000000e+00
5.425000000000000000e+03 2.170094935523045887e-01 5.959262630860263643e-01 7.225762403277195822e-02 2.711652253072371344e-01 6.065088757396449454e-02 0.000000000000000000e+00
5.450000000000000000e+03 2.180095373013937188e-01 5.878470641784251383e-01 7.146108329540282189e-02 2.793582157487483064e-01 6.133363677742376119e-02 0.000000000000000000e+00
5.475000000000000000e+03 2.190095810504826268e-01 5.853436504324078804e-01 7.555757851615839404e-02 2.784478834774692935e-01 6.065088757396449454e-02 0.000000000000000000e+00
5.500000000000000000e+03 2.200096247995715348e-01 5.883022303140645892e-01 7.396449704142012138e-02 2.796995903504779224e-01 5.803368229403732537e-02 0.000000000000000000e+00
5.525000000000000000e+03 2.210096685486604429e-01 5.898953117888029452e-01 7.396449704142012138e-02 2.800409649522075384e-01 5.609922621756941591e-02 0.000000000000000000e+00
5.550000000000000000e+03 2.220097122977495729e-01 5.949021392808374609e-01 7.453345471096950448e-02 2.762858443331815961e-01 5.427856167501137613e-02 0.000000000000000000e+00
5.575000000000000000e+03 2.230097560468384810e-01 5.863677742375966728e-01 7.624032771961765376e-02 2.802685480200273194e-01 5.712335002275830548e-02 0.000000000000000000e+00
5.600000000000000000e+03 2.240097997959273890e-01 5.979745106964041712e-01 7.180245789713245175e-02 2.770823850705507740e-01 5.314064633591260994e-02 0.000000000000000000e+00
5.625000000000000000e+03 2.250098435450162970e-01 5.982020937642239522e-01 7.111970869367319203e-02 2.809512972234865513e-01 4.972690031861629750e-02 0.000000000000000000e+00
5.650000000000000000e+03 2.260098872941054271e-01 5.991124260355029651e-01 6.702321347291761988e-02 2.793582157487483064e-01 5.450614474283113631e-02 0.000000000000000000e+00
5.675000000000000000e+03 2.270099310431943351e-01 5.922849340009103125e-01 6.895766954938552240e-02 2.907373691397360238e-01 4.802002730996814128e-02 0.000000000000000000e+00
