# itime ezz other fcc hcp bcc ico
0.000000000000000000e+00 0.000000000000000000e+00 0.000000000000000000e+00 1.000000000000000000e+00 0.000000000000000000e+00 0.000000000000000000e+00 0.000000000000000000e+00
8.000000000000000000e+03 1.999984700191692610e-03 0.000000000000000000e+00 1.000000000000000000e+00 0.000000000000000000e+00 0.000000000000000000e+00 0.000000000000000000e+00
1.600000000000000000e+04 3.999969400383163176e-03 0.000000000000000000e+00 1.000000000000000000e+00 0.000000000000000000e+00 0.000000000000000000e+00 0.000000000000000000e+00
2.400000000000000000e+04 5.999954100574855786e-03 0.000000000000000000e+00 1.000000000000000000e+00 0.000000000000000000e+00 0.000000000000000000e+00 0.000000000000000000e+00
3.200000000000000000e+04 7.999938800766326352e-03 0.000000000000000000e+00 1.000000000000000000e+00 0.000000000000000000e+00 0.000000000000000000e+00 0.000000000000000000e+00
4.000000000000000000e+04 9.999923500958018963e-03 0.000000000000000000e+00 1.000000000000000000e+00 0.000000000000000000e+00 0.000000000000000000e+00 0.000000000000000000e+00
4.800000000000000000e+04 1.199990820114948953e-02 0.000000000000000000e+00 1.000000000000000000e+00 0.000000000000000000e+00 0.000000000000000000e+00 0.000000000000000000e+00
5.600000000000000000e+04 1.399989290134118214e-02 0.000000000000000000e+00 1.000000000000000000e+00 0.000000000000000000e+00 0.000000000000000000e+00 0.000000000000000000e+00
6.400000000000000000e+04 1.599987760153265270e-02 0.000000000000000000e+00 1.000000000000000000e+00 0.000000000000000000e+00 0.000000000000000000e+00 0.000000000000000000e+00
7.200000000000000000e+04 1.799986230172434531e-02 0.000000000000000000e+00 1.000000000000000000e+00 0.000000000000000000e+00 0.000000000000000000e+00 0.000000000000000000e+00
8.000000000000000000e+04 1.999984700191581588e-02 0.000000000000000000e+00 1.000000000000000000e+00 0.000000000000000000e+00 0.000000000000000000e+00 0.000000000000000000e+00
8.800000000000000000e+04 2.199983170210750849e-02 0.000000000000000000e+00 1.000000000000000000e+00 0.000000000000000000e+00 0.000000000000000000e+00 0.000000000000000000e+00
9.600000000000000000e+04 2.399981640229897906e-02 0.000000000000000000e+00 1.000000000000000000e+00 0.000000000000000000e+00 0.000000000000000000e+00 0.000000000000000000e+00
1.040000000000000000e+05 2.599980110249067167e-02 0.000000000000000000e+00 1.000000000000000000e+00 0.000000000000000000e+00 0.000000000000000000e+00 0.000000000000000000e+00
1.120000000000000000e+05 2.799978580268214223e-02 0.000000000000000000e+00 1.000000000000000000e+00 0.000000000000000000e+00 0.000000000000000000e+00 0.000000000000000000e+00
1.200000000000000000e+05 2.999977050287383484e-02 0.000000000000000000e+00 1.000000000000000000e+00 0.000000000000000000e+00 0.000000000000000000e+00 0.000000000000000000e+00
1.280000000000000000e+05 3.199975520306530541e-02 0.000000000000000000e+00 1.000000000000000000e+00 0.000000000000000000e+00 0.000000000000000000e+00 0.000000000000000000e+00
1.360000000000000000e+05 3.399973990325699802e-02 0.000000000000000000e+00 1.000000000000000000e+00 0.000000000000000000e+00 0.000000000000000000e+00 0.000000000000000000e+00
1.440000000000000000e+05 3.599972460344846859e-02 0.000000000000000000e+00 1.000000000000000000e+00 0.000000000000000000e+00 0.000000000000000000e+00 0.000000000000000000e+00
1.520000000000000000e+05 3.799970930364016120e-02 0.000000000000000000e+00 1.000000000000000000e+00 0.000000000000000000e+00 0.000000000000000000e+00 0.000000000000000000e+00
1.600000000000000000e+05 3.999969400383163176e-02 0.000000000000000000e+00 1.000000000000000000e+00 0.000000000000000000e+00 0.000000000000000000e+00 0.000000000000000000e+00
1.680000000000000000e+05 4.199967870402332437e-02 0.000000000000000000e+00 1.000000000000000000e+00 0.000000000000000000e+00 0.000000000000000000e+00 0.000000000000000000e+00
1.760000000000000000e+05 4.399966340421479494e-02 0.000000000000000000e+00 1.000000000000000000e+00 0.000000000000000000e+00 0.000000000000000000e+00 0.000000000000000000e+00
1.840000000000000000e+05 4.599964810440648755e-02 0.000000000000000000e+00 1.000000000000000000e+00 0.000000000000000000e+00 0.000000000000000000e+00 0.000000000000000000e+00
1.920000000000000000e+05 4.799963280459795811e-02 0.000000000000000000e+00 1.000000000000000000e+00 0.000000000000000000e+00 0.000000000000000000e+00 0.000000000000000000e+00
2.000000000000000000e+05 4.999961750478965072e-02 0.000000000000000000e+00 1.000000000000000000e+00 0.000000000000000000e+00 0.000000000000000000e+00 0.000000000000000000e+00
2.080000000000000000e+05 5.199960220498112129e-02 0.000000000000000000e+00 1.000000000000000000e+00 0.000000000000000000e+00 0.000000000000000000e+00 0.000000000000000000e+00
2.160000000000000000e+05 5.399958690517281390e-02 0.000000000000000000e+00 1.000000000000000000e+00 0.000000000000000000e+00 0.000000000000000000e+00 0.000000000000000000e+00
2.240000000000000000e+05 5.599957160536450651e-02 0.000000000000000000e+00 1.000000000000000000e+00 0.000000000000000000e+00 0.000000000000000000e+00 0.000000000000000000e+00
2.320000000000000000e+05 5.799955630555597708e-02 3.413746017296313199e-04 9.996586253982703285e-01 0.000000000000000000e+00 0.000000000000000000e+00 0.000000000000000000e+00
2.400000000000000000e+05 5.999954100574766969e-02 0.000000000000000000e+00 1.000000000000000000e+00 0.000000000000000000e+00 0.000000000000000000e+00 0.000000000000000000e+00
2.480000000000000000e+05 6.199952570593914025e-02 0.000000000000000000e+00 1.000000000000000000e+00 0.000000000000000000e+00 0.000000000000000000e+00 0.000000000000000000e+00
2.560000000000000000e+05 6.399951040613083286e-02 0.000000000000000000e+00 1.000000000000000000e+00 0.000000000000000000e+00 0.000000000000000000e+00 0.000000000000000000e+00
2.640000000000000000e+05 6.599949510632230343e-02 0.000000000000000000e+00 1.000000000000000000e+00 0.000000000000000000e+00 0.000000000000000000e+00 0.000000000000000000e+00
2.720000000000000000e+05 6.799947980651399604e-02 0.000000000000000000e+00 1.000000000000000000e+00 0.000000000000000000e+00 0.000000000000000000e+00 0.000000000000000000e+00
2.800000000000000000e+05 6.999946450670546660e-02 0.000000000000000000e+00 1.000000000000000000e+00 0.000000000000000000e+00 0.000000000000000000e+00 0.000000000000000000e+00
2.880000000000000000e+05 7.199944920689715921e-02 5.689576695493854790e-04 9.994310423304506585e-01 0.000000000000000000e+00 0.000000000000000000e+00 0.000000000000000000e+00
2.960000000000000000e+05 7.399943390708862978e-02 0.000000000000000000e+00 1.000000000000000000e+00 0.000000000000000000e+00 0.000000000000000000e+00 0.000000000000000000e+00
3.040000000000000000e+05 7.599941860728032239e-02 0.000000000000000000e+00 1.000000000000000000e+00 0.000000000000000000e+00 0.000000000000000000e+00 0.000000000000000000e+00
3.120000000000000000e+05 7.799940330747179296e-02 2.275830678197542133e-04 9.997724169321802190e-01 0.000000000000000000e+00 0.000000000000000000e+00 0.000000000000000000e+00
3.200000000000000000e+05 7.999938800766348557e-02 4.551661356395084266e-04 9.995448338643604380e-01 0.000000000000000000e+00 0.000000000000000000e+00 0.000000000000000000e+00
3.280000000000000000e+05 8.199937270785495613e-02 0.000000000000000000e+00 1.000000000000000000e+00 0.000000000000000000e+00 0.000000000000000000e+00 0.000000000000000000e+00
3.360000000000000000e+05 8.399935740804664874e-02 1.365498406918525280e-03 9.985207100591716456e-01 0.000000000000000000e+00 1.137915339098771066e-04 0.000000000000000000e+00
3.440000000000000000e+05 8.599934210823811931e-02 1.137915339098771066e-04 9.998862084660901095e-01 0.000000000000000000e+00 0.000000000000000000e+00 0.000000000000000000e+00
3.520000000000000000e+05 8.799932680842981192e-02 1.137915339098771066e-04 9.998862084660901095e-01 0.000000000000000000e+00 0.000000000000000000e+00 0.000000000000000000e+00
3.600000000000000000e+05 8.999931150862128248e-02 9.103322712790168532e-04 9.990896677287209870e-01 0.000000000000000000e+00 0.000000000000000000e+00 0.000000000000000000e+00
3.680000000000000000e+05 9.199929620881297510e-02 1.820664542558033706e-03 9.979517523896221931e-01 0.000000000000000000e+00 2.275830678197542133e-04 0.000000000000000000e+00
3.760000000000000000e+05 9.399928090900444566e-02 1.706873008648156654e-03 9.980655439235320836e-01 0.000000000000000000e+00 2.275830678197542133e-04 0.000000000000000000e+00
3.840000000000000000e+05 9.599926560919613827e-02 2.275830678197541916e-03 9.976103777878926326e-01 0.000000000000000000e+00 1.137915339098771066e-04 0.000000000000000000e+00
3.920000000000000000e+05 9.799925030938760884e-02 2.048247610377787811e-03 9.978379608557123026e-01 0.000000000000000000e+00 1.137915339098771066e-04 0.000000000000000000e+00
4.000000000000000000e+05 9.999923500957930145e-02 3.755120619025944465e-03 9.957897132453344957e-01 0.000000000000000000e+00 4.551661356395084266e-04 0.000000000000000000e+00
4.080000000000000000e+05 1.019992197097707720e-01 4.779244424214838804e-03 9.946517979062358128e-01 0.000000000000000000e+00 5.689576695493854790e-04 0.000000000000000000e+00
4.160000000000000000e+05 1.039992044099624646e-01 5.917159763313609329e-03 9.937414656349567998e-01 0.000000000000000000e+00 3.413746017296313199e-04 0.000000000000000000e+00
4.240000000000000000e+05 1.059991891101539352e-01 7.965407373691398007e-03 9.915794264906691025e-01 0.000000000000000000e+00 4.551661356395084266e-04 0.000000000000000000e+00
4.320000000000000000e+05 1.079991738103456278e-01 2.184797451069640448e-02 6.794492489758762188e-01 2.975648611743286209e-01 1.137915339098770958e-03 0.000000000000000000e+00
4.400000000000000000e+05 1.099991585105370984e-01 2.059626763768775473e-02 6.803595812471552318e-01 2.982476103777879084e-01 7.965407373691396923e-04 0.000000000000000000e+00
4.480000000000000000e+05 1.119991432107287910e-01 2.264451524806554428e-02 6.786527082385070964e-01 2.974510696404187304e-01 1.251706873008648227e-03 0.000000000000000000e+00
4.560000000000000000e+05 1.139991279109204836e-01 2.309968138370505075e-02 6.791078743741465473e-01 2.973372781065088954e-01 4.551661356395084266e-04 0.000000000000000000e+00
4.640000000000000000e+05 1.159991126111119542e-01 2.287209831588529751e-02 6.792216659080564378e-01 2.975648611743286209e-01 3.413746017296313199e-04 0.000000000000000000e+00
4.720000000000000000e+05 1.179990973113036468e-01 2.162039144287665124e-02 6.794492489758762188e-01 2.983614019116977434e-01 5.689576695493854790e-04 0.000000000000000000e+00
4.800000000000000000e+05 1.199990820114951173e-01 2.173418297678652786e-02 6.791078743741465473e-01 2.983614019116977434e-01 7.965407373691396923e-04 0.000000000000000000e+00
4.880000000000000000e+05 1.219990667116868099e-01 2.207555757851615771e-02 6.789940828402366568e-01 2.981338188438780179e-01 7.965407373691396923e-04 0.000000000000000000e+00
4.960000000000000000e+05 1.239990514118782805e-01 2.093764223941738806e-02 6.795630405097861093e-01 2.987027765134274149e-01 7.965407373691396923e-04 0.000000000000000000e+00
5.040000000000000000e+05 1.259990361120699731e-01 2.116522530723714129e-02 6.800182066454255603e-01 2.981338188438780179e-01 6.827492034592626399e-04 0.000000000000000000e+00
5.120000000000000000e+05 1.279990208122614437e-01 2.218934911242603433e-02 6.787664997724169869e-01 2.980200273099681274e-01 1.024123805188893906e-03 0.000000000000000000e+00
5.200000000000000000e+05 1.299990055124531363e-01 2.127901684114701791e-02 6.793354574419663283e-01 2.982476103777879084e-01 1.137915339098770958e-03 0.000000000000000000e+00
5.280000000000000000e+05 1.319989902126446069e-01 2.469276285844333035e-02 6.778561675011378629e-01 2.968821119708693890e-01 5.689576695493854790e-04 0.000000000000000000e+00
5.360000000000000000e+05 1.339989749128362995e-01 2.309968138370505075e-02 6.784251251706873154e-01 2.973372781065088954e-01 1.137915339098770958e-03 0.000000000000000000e+00
5.440000000000000000e+05 1.359989596130277700e-01 2.241693218024579104e-02 6.787664997724169869e-01 2.981338188438780179e-01 6.827492034592626399e-04 0.000000000000000000e+00
5.520000000000000000e+05 1.379989443132194626e-01 2.401001365498407064e-02 6.778561675011378629e-01 2.971096950386891145e-01 1.024123805188893906e-03 0.000000000000000000e+00
5.600000000000000000e+05 1.399989290134109332e-01 2.344105598543468408e-02 6.783113336367774249e-01 2.971096950386891145e-01 1.137915339098770958e-03 0.000000000000000000e+00
5.680000000000000000e+05 1.419989137136026258e-01 2.401001365498407064e-02 6.775147928994083024e-01 2.969959035047792240e-01 1.479289940828402332e-03 0.000000000000000000e+00
5.760000000000000000e+05 1.439988984137940964e-01 2.560309512972235024e-02 6.767182521620391800e-01 2.966545289030496080e-01 1.024123805188893906e-03 0.000000000000000000e+00
5.840000000000000000e+05 1.459988831139857890e-01 2.389622212107419055e-02 6.779699590350477534e-01 2.973372781065088954e-01 7.965407373691396923e-04 0.000000000000000000e+00
5.920000000000000000e+05 1.479988678141772596e-01 2.560309512972235024e-02 6.770596267637687404e-01 2.966545289030496080e-01 6.827492034592626399e-04 0.000000000000000000e+00
6.000000000000000000e+05 1.499988525143689522e-01 2.753755120619025970e-02 6.755803368229403860e-01 2.955166135639508695e-01 1.365498406918525280e-03 0.000000000000000000e+00
6.080000000000000000e+05 1.519988372145604227e-01 3.584433318161128756e-02 6.624943104233045332e-01 2.991579426490669213e-01 2.503413746017296455e-03 0.000000000000000000e+00
6.160000000000000000e+05 1.539988219147521153e-01 3.777878925807919702e-02 6.615839781520255203e-01 2.989303595812471404e-01 1.706873008648156654e-03 0.000000000000000000e+00
6.240000000000000000e+05 1.559988066149435859e-01 3.823395539371871044e-02 6.616977696859354108e-01 2.977924442421484019e-01 2.275830678197541916e-03 0.000000000000000000e+00
6.320000000000000000e+05 1.579987913151352785e-01 3.368229403732362487e-02 6.643149749658625591e-01 2.996131087847064278e-01 2.389622212107419402e-03 0.000000000000000000e+00
6.400000000000000000e+05 1.599987760153267491e-01 3.447883477469276120e-02 6.649977241693217911e-01 2.992717341829768118e-01 1.251706873008648227e-03 0.000000000000000000e+00
6.480000000000000000e+05 1.619987607155184417e-01 3.527537551206190447e-02 6.629494765589439842e-01 2.998406918525261533e-01 1.934456076467910759e-03 0.000000000000000000e+00
6.560000000000000000e+05 1.639987454157099123e-01 3.561675011379153433e-02 6.627218934911243142e-01 3.004096495220755503e-01 1.251706873008648227e-03 0.000000000000000000e+00
6.640000000000000000e+05 1.659987301159016049e-01 3.823395539371871044e-02 6.585116067364588099e-01 3.013199817933545632e-01 1.934456076467910759e-03 0.000000000000000000e+00
6.720000000000000000e+05 1.679987148160932975e-01 3.584433318161128756e-02 6.586253982703687004e-01 3.026854802002730827e-01 2.844788347746927612e-03 0.000000000000000000e+00
6.800000000000000000e+05 1.699986995162847681e-01 3.311333636777423484e-02 6.606736458807465073e-01 3.035958124715520956e-01 2.617205279927173507e-03 0.000000000000000000e+00
6.880000000000000000e+05 1.719986842164764607e-01 3.436504324078288458e-02 6.601046882111970548e-01 3.033682294037323701e-01 2.162039144287664864e-03 0.000000000000000000e+00
6.960000000000000000e+05 1.739986689166679312e-01 3.368229403732362487e-02 6.597633136094674944e-01 3.035958124715520956e-01 2.958579881656804664e-03 0.000000000000000000e+00
7.040000000000000000e+05 1.759986536168596238e-01 3.311333636777423484e-02 6.613563950842057393e-01 3.033682294037323701e-01 2.162039144287664864e-03 0.000000000000000000e+00
7.120000000000000000e+05 1.779986383170510944e-01 3.447883477469276120e-02 6.610150204824760678e-01 3.015475648611743442e-01 2.958579881656804664e-03 0.000000000000000000e+00
7.200000000000000000e+05 1.799986230172427870e-01 3.538916704597178109e-02 6.615839781520255203e-01 3.016613563950841792e-01 1.365498406918525280e-03 0.000000000000000000e+00
7.280000000000000000e+05 1.819986077174342576e-01 3.516158397815202785e-02 6.599908966772871644e-01 3.027992717341829731e-01 2.048247610377787811e-03 0.000000000000000000e+00
7.360000000000000000e+05 1.839985924176259502e-01 3.311333636777423484e-02 6.623805188893946427e-01 3.020027309968138507e-01 2.503413746017296455e-03 0.000000000000000000e+00
7.440000000000000000e+05 1.859985771178174208e-01 3.493400091033227461e-02 6.613563950842057393e-01 3.021165225307237412e-01 1.593081474738279385e-03 0.000000000000000000e+00
7.520000000000000000e+05 1.879985618180091134e-01 3.493400091033227461e-02 6.607874374146563978e-01 3.018889394629039602e-01 2.389622212107419402e-03 0.000000000000000000e+00
7.600000000000000000e+05 1.899985465182005839e-01 3.493400091033227461e-02 6.615839781520255203e-01 3.006372325898953313e-01 2.844788347746927612e-03 0.000000000000000000e+00
7.680000000000000000e+05 1.919985312183922765e-01 3.618570778334091742e-02 6.582840236686390289e-01 3.031406463359125891e-01 2.389622212107419402e-03 0.000000000000000000e+00
7.760000000000000000e+05 1.939985159185837471e-01 3.652708238507055422e-02 6.612426035502958488e-01 3.009786071916249472e-01 1.251706873008648227e-03 0.000000000000000000e+00
7.840000000000000000e+05 1.959985006187754397e-01 3.447883477469276120e-02 6.609012289485661773e-01 3.018889394629039602e-01 2.730996813837050560e-03 0.000000000000000000e+00
7.920000000000000000e+05 1.979984853189669103e-01 3.561675011379153433e-02 6.606736458807465073e-01 3.018889394629039602e-01 1.820664542558033706e-03 0.000000000000000000e+00
8.000000000000000000e+05 1.999984700191586029e-01 3.641329085116067066e-02 6.610150204824760678e-01 3.005234410559854408e-01 2.048247610377787811e-03 0.000000000000000000e+00
8.080000000000000000e+05 2.019984547193500735e-01 3.595812471552116418e-02 6.610150204824760678e-01 3.015475648611743442e-01 1.479289940828402332e-03 0.000000000000000000e+00
8.160000000000000000e+05 2.039984394195417661e-01 3.812016385980882688e-02 6.572598998634501255e-01 3.030268548020027541e-01 1.593081474738279385e-03 0.000000000000000000e+00
8.240000000000000000e+05 2.059984241197332366e-01 4.050978607191624975e-02 6.565771506599908935e-01 3.002958579881656598e-01 2.617205279927173507e-03 0.000000000000000000e+00
8.320000000000000000e+05 2.079984088199249292e-01 3.971324533454710648e-02 6.570323167956304555e-01 3.012061902594446727e-01 2.048247610377787811e-03 0.000000000000000000e+00
8.400000000000000000e+05 2.099983935201163998e-01 3.914428766499772339e-02 6.553254437869822091e-01 3.020027309968138507e-01 3.527537551206190360e-03 0.000000000000000000e+00
8.480000000000000000e+05 2.119983782203080924e-01 3.891670459717797015e-02 6.583978152025489194e-01 3.006372325898953313e-01 2.048247610377787811e-03 0.000000000000000000e+00
8.560000000000000000e+05 2.139983629204995630e-01 3.686845698680018407e-02 6.583978152025489194e-01 3.016613563950841792e-01 3.072371415566681717e-03 0.000000000000000000e+00
8.640000000000000000e+05 2.159983476206912556e-01 3.766499772416932040e-02 6.576012744651797970e-01 3.023441055985434667e-01 2.389622212107419402e-03 0.000000000000000000e+00
8.720000000000000000e+05 2.179983323208827262e-01 3.755120619025944378e-02 6.594219390077378229e-01 3.008648156577150568e-01 2.162039144287664864e-03 0.000000000000000000e+00
8.800000000000000000e+05 2.199983170210744188e-01 3.925807919890760000e-02 6.569185252617205650e-01 3.015475648611743442e-01 2.275830678197541916e-03 0.000000000000000000e+00
8.880000000000000000e+05 2.219983017212661114e-01 3.834774692762858705e-02 6.585116067364588099e-01 3.009786071916249472e-01 2.162039144287664864e-03 0.000000000000000000e+00
8.960000000000000000e+05 2.239982864214575820e-01 3.664087391898043083e-02 6.593081474738279324e-01 3.020027309968138507e-01 2.048247610377787811e-03 0.000000000000000000e+00
9.040000000000000000e+05 2.259982711216492746e-01 3.868912152935821691e-02 6.586253982703687004e-01 3.010923987255348377e-01 1.593081474738279385e-03 0.000000000000000000e+00
9.120000000000000000e+05 2.279982558218407451e-01 3.823395539371871044e-02 6.585116067364588099e-01 3.014337733272644537e-01 1.820664542558033706e-03 0.000000000000000000e+00
9.200000000000000000e+05 2.299982405220324377e-01 3.743741465634956717e-02 6.594219390077378229e-01 3.008648156577150568e-01 2.275830678197541916e-03 0.000000000000000000e+00
9.280000000000000000e+05 2.319982252222239083e-01 3.698224852071006069e-02 6.588529813381884814e-01 3.016613563950841792e-01 2.503413746017296455e-03 0.000000000000000000e+00
9.360000000000000000e+05 2.339982099224156009e-01 3.982703686845699004e-02 6.599908966772871644e-01 2.987027765134274149e-01 1.479289940828402332e-03 0.000000000000000000e+00
9.440000000000000000e+05 2.359981946226070715e-01 3.891670459717797015e-02 6.588529813381884814e-01 3.007510241238051663e-01 1.479289940828402332e-03 0.000000000000000000e+00
9.520000000000000000e+05 2.379981793227987641e-01 3.868912152935821691e-02 6.599908966772871644e-01 2.990441511151570309e-01 2.275830678197541916e-03 0.000000000000000000e+00
9.600000000000000000e+05 2.399981640229902347e-01 3.698224852071006069e-02 6.595357305416477134e-01 3.015475648611743442e-01 1.934456076467910759e-03 0.000000000000000000e+00
9.680000000000000000e+05 2.419981487231819273e-01 3.982703686845699004e-02 6.582840236686390289e-01 3.004096495220755503e-01 1.479289940828402332e-03 0.000000000000000000e+00
9.760000000000000000e+05 2.439981334233733978e-01 3.959945380063722986e-02 6.588529813381884814e-01 2.994993172507965373e-01 2.048247610377787811e-03 0.000000000000000000e+00
9.840000000000000000e+05 2.459981181235650904e-01 3.914428766499772339e-02 6.583978152025489194e-01 3.002958579881656598e-01 2.162039144287664864e-03 0.000000000000000000e+00
9.920000000000000000e+05 2.479981028237565610e-01 4.119253527537550946e-02 6.568047337278106745e-01 2.994993172507965373e-01 2.503413746017296455e-03 0.000000000000000000e+00
1.000000000000000000e+06 2.499980875239482536e-01 4.187528447883477611e-02 6.562357760582612221e-01 2.994993172507965373e-01 2.389622212107419402e-03 0.000000000000000000e+00
1.008000000000000000e+06 2.519980722241397242e-01 4.244424214838415921e-02 6.570323167956304555e-01 2.983614019116977434e-01 2.162039144287664864e-03 0.000000000000000000e+00
1.016000000000000000e+06 2.539980569243314168e-01 4.915794264906690747e-02 6.495220755575785709e-01 2.994993172507965373e-01 1.820664542558033706e-03 0.000000000000000000e+00
1.024000000000000000e+06 2.559980416245228874e-01 5.632680928538916915e-02 6.324533454710969949e-01 3.086026399635867223e-01 2.617205279927173507e-03 0.000000000000000000e+00
1.032000000000000000e+06 2.579980263247145800e-01 6.144742831133363781e-02 6.276741010468821491e-01 3.083750568957669413e-01 2.503413746017296455e-03 0.000000000000000000e+00
1.040000000000000000e+06 2.599980110249060505e-01 6.087847064178425471e-02 6.271051433773326966e-01 3.107646791078743642e-01 1.251706873008648227e-03 0.000000000000000000e+00
1.048000000000000000e+06 2.619979957250977431e-01 6.042330450614474130e-02 6.277878925807920396e-01 3.101957214383249672e-01 1.593081474738279385e-03 0.000000000000000000e+00
1.056000000000000000e+06 2.639979804252892137e-01 5.951297223486572835e-02 6.288120163859808320e-01 3.100819299044151323e-01 1.593081474738279385e-03 0.000000000000000000e+00
1.064000000000000000e+06 2.659979651254809063e-01 6.156121984524351443e-02 6.266499772416932457e-01 3.099681383705052418e-01 1.820664542558033706e-03 0.000000000000000000e+00
1.072000000000000000e+06 2.679979498256723769e-01 6.178880291306326766e-02 6.267637687756031362e-01 3.091715976331361193e-01 2.275830678197541916e-03 0.000000000000000000e+00
1.080000000000000000e+06 2.699979345258640695e-01 6.201638598088302090e-02 6.271051433773326966e-01 3.092853891670459543e-01 1.593081474738279385e-03 0.000000000000000000e+00
1.088000000000000000e+06 2.719979192260555401e-01 6.213017751479289752e-02 6.268775603095130267e-01 3.088302230314064478e-01 2.162039144287664864e-03 0.000000000000000000e+00
1.096000000000000000e+06 2.739979039262472327e-01 6.474738279472007363e-02 6.241465634956758768e-01 3.092853891670459543e-01 1.820664542558033706e-03 0.000000000000000000e+00
1.104000000000000000e+06 2.759978886264387032e-01 6.247155211652252738e-02 6.266499772416932457e-01 3.093991807009558448e-01 1.479289940828402332e-03 0.000000000000000000e+00
1.112000000000000000e+06 2.779978733266303959e-01 6.281292671825215723e-02 6.249431042330451103e-01 3.103095129722348577e-01 1.934456076467910759e-03 0.000000000000000000e+00
1.120000000000000000e+06 2.799978580268220885e-01 6.429221665908056715e-02 6.228948566226673034e-01 3.115612198452434867e-01 1.251706873008648227e-03 0.000000000000000000e+00
1.128000000000000000e+06 2.819978427270135590e-01 6.315430131998178709e-02 6.224396904870277414e-01 3.124715521165225551e-01 1.934456076467910759e-03 0.000000000000000000e+00
1.136000000000000000e+06 2.839978274272052516e-01 6.520254893035958010e-02 6.213017751479289474e-01 3.114474283113336517e-01 2.048247610377787811e-03 0.000000000000000000e+00
1.144000000000000000e+06 2.859978121273967222e-01 6.486117432862995025e-02 6.220983158852981809e-01 3.113336367774237612e-01 1.706873008648156654e-03 0.000000000000000000e+00
1.152000000000000000e+06 2.879977968275884148e-01 6.451979972690032039e-02 6.200500682749203740e-01 3.126991351843422806e-01 2.730996813837050560e-03 0.000000000000000000e+00
1.160000000000000000e+06 2.899977815277798854e-01 6.486117432862995025e-02 6.201638598088302645e-01 3.124715521165225551e-01 2.503413746017296455e-03 0.000000000000000000e+00
1.168000000000000000e+06 2.919977662279715780e-01 6.543013199817933334e-02 6.201638598088302645e-01 3.114474283113336517e-01 2.958579881656804664e-03 0.000000000000000000e+00
1.176000000000000000e+06 2.939977509281630486e-01 6.440600819299044377e-02 6.198224852071005930e-01 3.124715521165225551e-01 3.299954483386436255e-03 0.000000000000000000e+00
1.184000000000000000e+06 2.959977356283547412e-01 6.554392353208920996e-02 6.186845698680017991e-01 3.133818843878015681e-01 2.389622212107419402e-03 0.000000000000000000e+00
1.192000000000000000e+06 2.979977203285462117e-01 6.747837960855712636e-02 6.174328629949932257e-01 3.134956759217114031e-01 1.593081474738279385e-03 0.000000000000000000e+00
1.200000000000000000e+06 2.999977050287379043e-01 6.952662721893490549e-02 6.170914883932635542e-01 3.108784706417842547e-01 2.503413746017296455e-03 0.000000000000000000e+00
1.208000000000000000e+06 3.019976897289293749e-01 6.964041875284478211e-02 6.137915339098770628e-01 3.141784251251706905e-01 2.389622212107419402e-03 0.000000000000000000e+00
1.216000000000000000e+06 3.039976744291210675e-01 7.100591715976331542e-02 6.107191624943104635e-01 3.161128812016386069e-01 2.162039144287664864e-03 0.000000000000000000e+00
1.224000000000000000e+06 3.059976591293125381e-01 7.043695949021393232e-02 6.104915794264906825e-01 3.164542558033682229e-01 2.617205279927173507e-03 0.000000000000000000e+00
1.232000000000000000e+06 3.079976438295042307e-01 7.271279016841146470e-02 6.078743741465635342e-01 3.173645880746472359e-01 2.048247610377787811e-03 0.000000000000000000e+00
1.240000000000000000e+06 3.099976285296957013e-01 7.282658170232134132e-02 6.076467910787437532e-01 3.175921711424670169e-01 1.934456076467910759e-03 0.000000000000000000e+00
1.248000000000000000e+06 3.119976132298873939e-01 7.680928538916705073e-02 6.044606281292671524e-01 3.159990896677287164e-01 2.730996813837050560e-03 0.000000000000000000e+00
1.256000000000000000e+06 3.139975979300788644e-01 7.692307692307692735e-02 6.043468365953572619e-01 3.165680473372781134e-01 2.162039144287664864e-03 0.000000000000000000e+00
1.264000000000000000e+06 3.159975826302705570e-01 7.862994993172507663e-02 5.994538006372326366e-01 3.185025034137460298e-01 3.413746017296313308e-03 0.000000000000000000e+00
1.272000000000000000e+06 3.179975673304620276e-01 8.614019116977697510e-02 5.911470186618115186e-01 3.181611288120163583e-01 4.551661356395083832e-03 0.000000000000000000e+00
1.280000000000000000e+06 3.199975520306537202e-01 7.089212562585343880e-02 6.277878925807920396e-01 2.989303595812471404e-01 2.389622212107419402e-03 0.000000000000000000e+00
1.288000000000000000e+06 3.219975367308451908e-01 7.077833409194356218e-02 6.291533909877105035e-01 2.987027765134274149e-01 1.365498406918525280e-03 0.000000000000000000e+00
1.296000000000000000e+06 3.239975214310368834e-01 7.123350022758306865e-02 6.309740555302685294e-01 2.963131543013199920e-01 1.479289940828402332e-03 0.000000000000000000e+00
1.304000000000000000e+06 3.259975061312283540e-01 7.214383249886208160e-02 6.279016841147018191e-01 2.981338188438780179e-01 1.820664542558033706e-03 0.000000000000000000e+00
1.312000000000000000e+06 3.279974908314200466e-01 6.952662721893490549e-02 6.309740555302685294e-01 2.983614019116977434e-01 1.137915339098770958e-03 0.000000000000000000e+00
1.320000000000000000e+06 3.299974755316115171e-01 6.099226217569413133e-02 6.337050523441055683e-01 3.040509786071916021e-01 1.251706873008648227e-03 0.000000000000000000e+00
1.328000000000000000e+06 3.319974602318032098e-01 6.019572143832498806e-02 6.362084660901229372e-01 3.018889394629039602e-01 1.706873008648156654e-03 0.000000000000000000e+00
1.336000000000000000e+06 3.339974449319949024e-01 5.985434683659535821e-02 6.366636322257623881e-01 3.010923987255348377e-01 2.389622212107419402e-03 0.000000000000000000e+00
1.344000000000000000e+06 3.359974296321863729e-01 6.247155211652252738e-02 6.363222576240327166e-01 3.004096495220755503e-01 7.965407373691396923e-04 0.000000000000000000e+00
1.352000000000000000e+06 3.379974143323780655e-01 6.144742831133363781e-02 6.357532999544833752e-01 3.013199817933545632e-01 1.479289940828402332e-03 0.000000000000000000e+00
1.360000000000000000e+06 3.399973990325695361e-01 6.349567592171143082e-02 6.326809285389166648e-01 3.030268548020027541e-01 7.965407373691396923e-04 0.000000000000000000e+00
1.368000000000000000e+06 3.419973837327612287e-01 6.304050978607191047e-02 6.323395539371871044e-01 3.032544378698224796e-01 1.365498406918525280e-03 0.000000000000000000e+00
1.376000000000000000e+06 3.439973684329526993e-01 6.315430131998178709e-02 6.325671370050067743e-01 3.029130632680928636e-01 1.365498406918525280e-03 0.000000000000000000e+00
1.384000000000000000e+06 3.459973531331443919e-01 6.315430131998178709e-02 6.314292216659080914e-01 3.049613108784706150e-01 4.551661356395084266e-04 0.000000000000000000e+00
1.392000000000000000e+06 3.479973378333358625e-01 6.304050978607191047e-02 6.319981793354574329e-01 3.037096040054619861e-01 1.251706873008648227e-03 0.000000000000000000e+00
1.400000000000000000e+06 3.499973225335275551e-01 6.247155211652252738e-02 6.449704142011833952e-01 2.911925352753755303e-01 1.365498406918525280e-03 0.000000000000000000e+00
1.408000000000000000e+06 3.519973072337190256e-01 6.247155211652252738e-02 6.444014565316340537e-01 2.918752844788347622e-01 1.251706873008648227e-03 0.000000000000000000e+00
1.416000000000000000e+06 3.539972919339107182e-01 6.190259444697314428e-02 6.446290395994538347e-01 2.916477014110150368e-01 1.820664542558033706e-03 0.000000000000000000e+00
1.424000000000000000e+06 3.559972766341021888e-01 6.065088757396449454e-02 6.434911242603550408e-01 2.935821574874829532e-01 2.275830678197541916e-03 0.000000000000000000e+00
1.432000000000000000e+06 3.579972613342938814e-01 6.315430131998178709e-02 6.497496586253982409e-01 2.843650432407828776e-01 2.730996813837050560e-03 0.000000000000000000e+00
1.440000000000000000e+06 3.599972460344853520e-01 6.588529813381883982e-02 6.471324533454710926e-01 2.850477924442421651e-01 1.934456076467910759e-03 0.000000000000000000e+00
1.448000000000000000e+06 3.619972307346770446e-01 6.474738279472007363e-02 6.482703686845698865e-01 2.859581247155211781e-01 1.024123805188893906e-03 0.000000000000000000e+00
1.456000000000000000e+06 3.639972154348685152e-01 6.360946745562130744e-02 6.502048247610378029e-01 2.844788347746927681e-01 1.706873008648156654e-03 0.000000000000000000e+00
1.464000000000000000e+06 3.659972001350602078e-01 6.395084205735093730e-02 6.492944924897587899e-01 2.845926263086026586e-01 2.162039144287664864e-03 0.000000000000000000e+00
1.472000000000000000e+06 3.679971848352516783e-01 6.292671825216203385e-02 6.491807009558488994e-01 2.864132908511606845e-01 1.479289940828402332e-03 0.000000000000000000e+00
1.480000000000000000e+06 3.699971695354433709e-01 6.338188438780155420e-02 6.492944924897587899e-01 2.852753755120618906e-01 2.048247610377787811e-03 0.000000000000000000e+00
1.488000000000000000e+06 3.719971542356348415e-01 6.258534365043240399e-02 6.480427856167501055e-01 2.866408739189804100e-01 2.730996813837050560e-03 0.000000000000000000e+00
1.496000000000000000e+06 3.739971389358265341e-01 6.338188438780155420e-02 6.488393263541192280e-01 2.865270823850705750e-01 1.251706873008648227e-03 0.000000000000000000e+00
1.504000000000000000e+06 3.759971236360180047e-01 6.395084205735093730e-02 6.488393263541192280e-01 2.855029585798816716e-01 1.706873008648156654e-03 0.000000000000000000e+00
1.512000000000000000e+06 3.779971083362096973e-01 6.383705052344106068e-02 6.480427856167501055e-01 2.868684569868001910e-01 1.251706873008648227e-03 0.000000000000000000e+00
1.520000000000000000e+06 3.799970930364011679e-01 6.474738279472007363e-02 6.480427856167501055e-01 2.852753755120618906e-01 1.934456076467910759e-03 0.000000000000000000e+00
1.528000000000000000e+06 3.819970777365928605e-01 6.224396904870277414e-02 6.494082840236686804e-01 2.859581247155211781e-01 2.389622212107419402e-03 0.000000000000000000e+00
1.536000000000000000e+06 3.839970624367843310e-01 6.338188438780155420e-02 6.481565771506599960e-01 2.859581247155211781e-01 2.503413746017296455e-03 0.000000000000000000e+00
1.544000000000000000e+06 3.859970471369760237e-01 1.015020482476103741e-01 6.110605370960400240e-01 2.833409194355939742e-01 4.096495220755575623e-03 0.000000000000000000e+00
1.552000000000000000e+06 3.879970318371674942e-01 1.042330450614474269e-01 6.093536640873918886e-01 2.833409194355939742e-01 3.072371415566681717e-03 0.000000000000000000e+00
1.560000000000000000e+06 3.899970165373589648e-01 1.008192990441511144e-01 6.106053709604005730e-01 2.843650432407828776e-01 4.210286754665453109e-03 0.000000000000000000e+00
1.568000000000000000e+06 3.919970012375508794e-01 1.059399180700955900e-01 6.092398725534819981e-01 2.816340464269458388e-01 3.186162949476558769e-03 0.000000000000000000e+00
1.576000000000000000e+06 3.939969859377425720e-01 1.016158397815202508e-01 6.110605370960400240e-01 2.842512517068729871e-01 3.072371415566681717e-03 0.000000000000000000e+00
1.584000000000000000e+06 3.959969706379340426e-01 1.024123805188894010e-01 6.120846609012289274e-01 2.824305871643149612e-01 3.072371415566681717e-03 0.000000000000000000e+00
1.592000000000000000e+06 3.979969553381252911e-01 1.027537551206190308e-01 6.117432862994993670e-01 2.823167956304050707e-01 3.186162949476558769e-03 0.000000000000000000e+00
1.600000000000000000e+06 3.999969400383172058e-01 1.050295857988165632e-01 6.131087847064178309e-01 2.789030496131087999e-01 2.958579881656804664e-03 0.000000000000000000e+00
1.608000000000000000e+06 4.019969247385088984e-01 1.063950842057350965e-01 6.108329540282203540e-01 2.802685480200273194e-01 2.503413746017296455e-03 0.000000000000000000e+00
1.616000000000000000e+06 4.039969094387003690e-01 1.244879380974055483e-01 5.730541647701411501e-01 2.977924442421484019e-01 4.665452890304961318e-03 0.000000000000000000e+00
1.624000000000000000e+06 4.059968941388916175e-01 1.216431497496586189e-01 5.758989531178880794e-01 2.966545289030496080e-01 5.803368229403732710e-03 0.000000000000000000e+00
1.632000000000000000e+06 4.079968788390835321e-01 1.232362312243969055e-01 5.737369139736003820e-01 2.985889849795175244e-01 4.437869822485207214e-03 0.000000000000000000e+00
1.640000000000000000e+06 4.099968635392752248e-01 1.223258989531178925e-01 5.755575785161584079e-01 2.981338188438780179e-01 3.982703686845699004e-03 0.000000000000000000e+00
1.648000000000000000e+06 4.119968482394666953e-01 1.228948566226672756e-01 5.725989986345015881e-01 2.999544833864360438e-01 4.551661356395083832e-03 0.000000000000000000e+00
1.656000000000000000e+06 4.139968329396581659e-01 1.246017296313154249e-01 5.692990441511152078e-01 2.998406918525261533e-01 6.258534365043240920e-03 0.000000000000000000e+00
1.664000000000000000e+06 4.159968176398498585e-01 1.294947655894401473e-01 5.706645425580336717e-01 2.949476558944014726e-01 4.893035958124715423e-03 0.000000000000000000e+00
1.672000000000000000e+06 4.179968023400415511e-01 1.256258534365043145e-01 5.731679563040509295e-01 2.948338643604915821e-01 6.372325898953117539e-03 0.000000000000000000e+00
1.680000000000000000e+06 4.199967870402330217e-01 1.279016841147018746e-01 5.706645425580336717e-01 2.963131543013199920e-01 5.120619025944469528e-03 0.000000000000000000e+00
1.688000000000000000e+06 4.219967717404244922e-01 1.290395994538006408e-01 5.674783796085570708e-01 2.982476103777879084e-01 5.234410559854347014e-03 0.000000000000000000e+00
1.696000000000000000e+06 4.239967564406161848e-01 1.355257168866636219e-01 5.655439235320892655e-01 2.950614474283113076e-01 3.868912152935821518e-03 0.000000000000000000e+00
1.704000000000000000e+06 4.259967411408078775e-01 1.368912152935821691e-01 5.628129267182521156e-01 2.941511151570322946e-01 6.144742831133363434e-03 0.000000000000000000e+00
1.712000000000000000e+06 4.279967258409993480e-01 1.525944469731451980e-01 5.632680928538916776e-01 2.775375512061902805e-01 6.599908966772872511e-03 0.000000000000000000e+00
1.720000000000000000e+06 4.299967105411908186e-01 1.595357305416477134e-01 5.560992262175694645e-01 2.786754665452890189e-01 5.689576695493855224e-03 0.000000000000000000e+00
1.728000000000000000e+06 4.319966952413825112e-01 1.569185252617205373e-01 5.576923076923077094e-01 2.784478834774692935e-01 6.941283568502503235e-03 0.000000000000000000e+00
1.736000000000000000e+06 4.339966799415742038e-01 1.588529813381884259e-01 5.558716431497496835e-01 2.789030496131087999e-01 6.372325898953117539e-03 0.000000000000000000e+00
1.744000000000000000e+06 4.359966646417656744e-01 2.031178880291306388e-01 5.061447428311333097e-01 2.825443786982248517e-01 8.192990441511151245e-03 0.000000000000000000e+00
1.752000000000000000e+06 4.379966493419571449e-01 2.020937642239417353e-01 4.993172507965407125e-01 2.866408739189804100e-01 1.194811106053709528e-02 0.000000000000000000e+00
1.760000000000000000e+06 4.399966340421488376e-01 2.106281292671825234e-01 5.022758306781975879e-01 2.782203004096495125e-01 8.875739644970414427e-03 0.000000000000000000e+00
1.768000000000000000e+06 4.419966187423405302e-01 1.385980883022303045e-01 6.385980883022303045e-01 2.209831588529813373e-01 1.820664542558033706e-03 0.000000000000000000e+00
1.776000000000000000e+06 4.439966034425320007e-01 1.375739644970414288e-01 6.392808375056895365e-01 2.205279927173418308e-01 2.617205279927173507e-03 0.000000000000000000e+00
1.784000000000000000e+06 4.459965881427234713e-01 1.375739644970414288e-01 6.375739644970414011e-01 2.193900773782430647e-01 5.461993627674101119e-03 0.000000000000000000e+00
1.792000000000000000e+06 4.479965728429151639e-01 1.383705052344105513e-01 6.371187983614019501e-01 2.201866181156121871e-01 4.324078288575329727e-03 0.000000000000000000e+00
1.800000000000000000e+06 4.499965575431068565e-01 1.387118798361401950e-01 6.366636322257623881e-01 2.205279927173418308e-01 4.096495220755575623e-03 0.000000000000000000e+00
1.808000000000000000e+06 4.519965422432983271e-01 1.430359581247155343e-01 6.429221665908056993e-01 2.076695493855257035e-01 6.372325898953117539e-03 0.000000000000000000e+00
1.816000000000000000e+06 4.539965269434897976e-01 1.462221210741920796e-01 6.486117432862994470e-01 2.008420573509330787e-01 4.324078288575329727e-03 0.000000000000000000e+00
