# itime ezz other fcc hcp bcc ico
0.000000000000000000e+00 0.000000000000000000e+00 0.000000000000000000e+00 1.000000000000000000e+00 0.000000000000000000e+00 0.000000000000000000e+00 0.000000000000000000e+00
4.000000000000000000e+03 9.999754224778723000e-04 0.000000000000000000e+00 1.000000000000000000e+00 0.000000000000000000e+00 0.000000000000000000e+00 0.000000000000000000e+00
8.000000000000000000e+03 1.999950844955966645e-03 0.000000000000000000e+00 1.000000000000000000e+00 0.000000000000000000e+00 0.000000000000000000e+00 0.000000000000000000e+00
1.200000000000000000e+04 2.999926267433838944e-03 0.000000000000000000e+00 1.000000000000000000e+00 0.000000000000000000e+00 0.000000000000000000e+00 0.000000000000000000e+00
1.600000000000000000e+04 3.999901689911711244e-03 0.000000000000000000e+00 1.000000000000000000e+00 0.000000000000000000e+00 0.000000000000000000e+00 0.000000000000000000e+00
2.000000000000000000e+04 4.999877112389805589e-03 0.000000000000000000e+00 1.000000000000000000e+00 0.000000000000000000e+00 0.000000000000000000e+00 0.000000000000000000e+00
2.400000000000000000e+04 5.999852534867677889e-03 0.000000000000000000e+00 1.000000000000000000e+00 0.000000000000000000e+00 0.000000000000000000e+00 0.000000000000000000e+00
2.800000000000000000e+04 6.999827957345550189e-03 0.000000000000000000e+00 1.000000000000000000e+00 0.000000000000000000e+00 0.000000000000000000e+00 0.000000000000000000e+00
3.200000000000000000e+04 7.999803379823422489e-03 0.000000000000000000e+00 1.000000000000000000e+00 0.000000000000000000e+00 0.000000000000000000e+00 0.000000000000000000e+00
3.600000000000000000e+04 8.999778802301516833e-03 0.000000000000000000e+00 1.000000000000000000e+00 0.000000000000000000e+00 0.000000000000000000e+00 0.000000000000000000e+00
4.000000000000000000e+04 9.999754224779389133e-03 0.000000000000000000e+00 1.000000000000000000e+00 0.000000000000000000e+00 0.000000000000000000e+00 0.000000000000000000e+00
4.400000000000000000e+04 1.099972964725726143e-02 0.000000000000000000e+00 1.000000000000000000e+00 0.000000000000000000e+00 0.000000000000000000e+00 0.000000000000000000e+00
4.800000000000000000e+04 1.199970506973535578e-02 0.000000000000000000e+00 1.000000000000000000e+00 0.000000000000000000e+00 0.000000000000000000e+00 0.000000000000000000e+00
5.200000000000000000e+04 1.299968049221322808e-02 0.000000000000000000e+00 1.000000000000000000e+00 0.000000000000000000e+00 0.000000000000000000e+00 0.000000000000000000e+00
5.600000000000000000e+04 1.399965591469110038e-02 0.000000000000000000e+00 1.000000000000000000e+00 0.000000000000000000e+00 0.000000000000000000e+00 0.000000000000000000e+00
6.000000000000000000e+04 1.499963133716919472e-02 0.000000000000000000e+00 1.000000000000000000e+00 0.000000000000000000e+00 0.000000000000000000e+00 0.000000000000000000e+00
6.400000000000000000e+04 1.599960675964706702e-02 0.000000000000000000e+00 1.000000000000000000e+00 0.000000000000000000e+00 0.000000000000000000e+00 0.000000000000000000e+00
6.800000000000000000e+04 1.699958218212493932e-02 0.000000000000000000e+00 1.000000000000000000e+00 0.000000000000000000e+00 0.000000000000000000e+00 0.000000000000000000e+00
7.200000000000000000e+04 1.799955760460281162e-02 0.000000000000000000e+00 1.000000000000000000e+00 0.000000000000000000e+00 0.000000000000000000e+00 0.000000000000000000e+00
7.600000000000000000e+04 1.899953302708090597e-02 0.000000000000000000e+00 1.000000000000000000e+00 0.000000000000000000e+00 0.000000000000000000e+00 0.000000000000000000e+00
8.000000000000000000e+04 1.999950844955877827e-02 0.000000000000000000e+00 1.000000000000000000e+00 0.000000000000000000e+00 0.000000000000000000e+00 0.000000000000000000e+00
8.400000000000000000e+04 2.099948387203665057e-02 0.000000000000000000e+00 1.000000000000000000e+00 0.000000000000000000e+00 0.000000000000000000e+00 0.000000000000000000e+00
8.800000000000000000e+04 2.199945929451474491e-02 0.000000000000000000e+00 1.000000000000000000e+00 0.000000000000000000e+00 0.000000000000000000e+00 0.000000000000000000e+00
9.200000000000000000e+04 2.299943471699261721e-02 0.000000000000000000e+00 1.000000000000000000e+00 0.000000000000000000e+00 0.000000000000000000e+00 0.000000000000000000e+00
9.600000000000000000e+04 2.399941013947048951e-02 0.000000000000000000e+00 1.000000000000000000e+00 0.000000000000000000e+00 0.000000000000000000e+00 0.000000000000000000e+00
1.000000000000000000e+05 2.499938556194858386e-02 0.000000000000000000e+00 1.000000000000000000e+00 0.000000000000000000e+00 0.000000000000000000e+00 0.000000000000000000e+00
1.040000000000000000e+05 2.599936098442645616e-02 0.000000000000000000e+00 1.000000000000000000e+00 0.000000000000000000e+00 0.000000000000000000e+00 0.000000000000000000e+00
1.080000000000000000e+05 2.699933640690432846e-02 0.000000000000000000e+00 1.000000000000000000e+00 0.000000000000000000e+00 0.000000000000000000e+00 0.000000000000000000e+00
1.120000000000000000e+05 2.799931182938220076e-02 0.000000000000000000e+00 1.000000000000000000e+00 0.000000000000000000e+00 0.000000000000000000e+00 0.000000000000000000e+00
1.160000000000000000e+05 2.899928725186029510e-02 0.000000000000000000e+00 1.000000000000000000e+00 0.000000000000000000e+00 0.000000000000000000e+00 0.000000000000000000e+00
1.200000000000000000e+05 2.999926267433816740e-02 0.000000000000000000e+00 1.000000000000000000e+00 0.000000000000000000e+00 0.000000000000000000e+00 0.000000000000000000e+00
1.240000000000000000e+05 3.099923809681603970e-02 0.000000000000000000e+00 1.000000000000000000e+00 0.000000000000000000e+00 0.000000000000000000e+00 0.000000000000000000e+00
1.280000000000000000e+05 3.199921351929413404e-02 0.000000000000000000e+00 1.000000000000000000e+00 0.000000000000000000e+00 0.000000000000000000e+00 0.000000000000000000e+00
1.320000000000000000e+05 3.299918894177200634e-02 0.000000000000000000e+00 1.000000000000000000e+00 0.000000000000000000e+00 0.000000000000000000e+00 0.000000000000000000e+00
1.360000000000000000e+05 3.399916436424987864e-02 0.000000000000000000e+00 1.000000000000000000e+00 0.000000000000000000e+00 0.000000000000000000e+00 0.000000000000000000e+00
1.400000000000000000e+05 3.499913978672797299e-02 0.000000000000000000e+00 1.000000000000000000e+00 0.000000000000000000e+00 0.000000000000000000e+00 0.000000000000000000e+00
1.440000000000000000e+05 3.599911520920584529e-02 0.000000000000000000e+00 1.000000000000000000e+00 0.000000000000000000e+00 0.000000000000000000e+00 0.000000000000000000e+00
1.480000000000000000e+05 3.699909063168371759e-02 0.000000000000000000e+00 1.000000000000000000e+00 0.000000000000000000e+00 0.000000000000000000e+00 0.000000000000000000e+00
1.520000000000000000e+05 3.799906605416158989e-02 0.000000000000000000e+00 1.000000000000000000e+00 0.000000000000000000e+00 0.000000000000000000e+00 0.000000000000000000e+00
1.560000000000000000e+05 3.899904147663968423e-02 0.000000000000000000e+00 1.000000000000000000e+00 0.000000000000000000e+00 0.000000000000000000e+00 0.000000000000000000e+00
1.600000000000000000e+05 3.999901689911755653e-02 0.000000000000000000e+00 1.000000000000000000e+00 0.000000000000000000e+00 0.000000000000000000e+00 0.000000000000000000e+00
1.640000000000000000e+05 4.099899232159542883e-02 0.000000000000000000e+00 1.000000000000000000e+00 0.000000000000000000e+00 0.000000000000000000e+00 0.000000000000000000e+00
1.680000000000000000e+05 4.199896774407352318e-02 0.000000000000000000e+00 1.000000000000000000e+00 0.000000000000000000e+00 0.000000000000000000e+00 0.000000000000000000e+00
1.720000000000000000e+05 4.299894316655139548e-02 0.000000000000000000e+00 1.000000000000000000e+00 0.000000000000000000e+00 0.000000000000000000e+00 0.000000000000000000e+00
1.760000000000000000e+05 4.399891858902926778e-02 0.000000000000000000e+00 1.000000000000000000e+00 0.000000000000000000e+00 0.000000000000000000e+00 0.000000000000000000e+00
1.800000000000000000e+05 4.499889401150736212e-02 0.000000000000000000e+00 1.000000000000000000e+00 0.000000000000000000e+00 0.000000000000000000e+00 0.000000000000000000e+00
1.840000000000000000e+05 4.599886943398523442e-02 0.000000000000000000e+00 1.000000000000000000e+00 0.000000000000000000e+00 0.000000000000000000e+00 0.000000000000000000e+00
1.880000000000000000e+05 4.699884485646310672e-02 0.000000000000000000e+00 1.000000000000000000e+00 0.000000000000000000e+00 0.000000000000000000e+00 0.000000000000000000e+00
1.920000000000000000e+05 4.799882027894120107e-02 0.000000000000000000e+00 1.000000000000000000e+00 0.000000000000000000e+00 0.000000000000000000e+00 0.000000000000000000e+00
1.960000000000000000e+05 4.899879570141907337e-02 0.000000000000000000e+00 1.000000000000000000e+00 0.000000000000000000e+00 0.000000000000000000e+00 0.000000000000000000e+00
2.000000000000000000e+05 4.999877112389694567e-02 0.000000000000000000e+00 1.000000000000000000e+00 0.000000000000000000e+00 0.000000000000000000e+00 0.000000000000000000e+00
2.040000000000000000e+05 5.099874654637481797e-02 0.000000000000000000e+00 1.000000000000000000e+00 0.000000000000000000e+00 0.000000000000000000e+00 0.000000000000000000e+00
2.080000000000000000e+05 5.199872196885291231e-02 1.137915339098771066e-04 9.998862084660901095e-01 0.000000000000000000e+00 0.000000000000000000e+00 0.000000000000000000e+00
2.120000000000000000e+05 5.299869739133078461e-02 0.000000000000000000e+00 1.000000000000000000e+00 0.000000000000000000e+00 0.000000000000000000e+00 0.000000000000000000e+00
2.160000000000000000e+05 5.399867281380865691e-02 0.000000000000000000e+00 1.000000000000000000e+00 0.000000000000000000e+00 0.000000000000000000e+00 0.000000000000000000e+00
2.200000000000000000e+05 5.499864823628675126e-02 0.000000000000000000e+00 1.000000000000000000e+00 0.000000000000000000e+00 0.000000000000000000e+00 0.000000000000000000e+00
2.240000000000000000e+05 5.599862365876462356e-02 0.000000000000000000e+00 1.000000000000000000e+00 0.000000000000000000e+00 0.000000000000000000e+00 0.000000000000000000e+00
2.280000000000000000e+05 5.699859908124249586e-02 0.000000000000000000e+00 1.000000000000000000e+00 0.000000000000000000e+00 0.000000000000000000e+00 0.000000000000000000e+00
2.320000000000000000e+05 5.799857450372059020e-02 0.000000000000000000e+00 1.000000000000000000e+00 0.000000000000000000e+00 0.000000000000000000e+00 0.000000000000000000e+00
2.360000000000000000e+05 5.899854992619846250e-02 0.000000000000000000e+00 1.000000000000000000e+00 0.000000000000000000e+00 0.000000000000000000e+00 0.000000000000000000e+00
2.400000000000000000e+05 5.999852534867633480e-02 0.000000000000000000e+00 1.000000000000000000e+00 0.000000000000000000e+00 0.000000000000000000e+00 0.000000000000000000e+00
2.440000000000000000e+05 6.099850077115420710e-02 0.000000000000000000e+00 1.000000000000000000e+00 0.000000000000000000e+00 0.000000000000000000e+00 0.000000000000000000e+00
2.480000000000000000e+05 6.199847619363230145e-02 0.000000000000000000e+00 1.000000000000000000e+00 0.000000000000000000e+00 0.000000000000000000e+00 0.000000000000000000e+00
2.520000000000000000e+05 6.299845161611017375e-02 0.000000000000000000e+00 1.000000000000000000e+00 0.000000000000000000e+00 0.000000000000000000e+00 0.000000000000000000e+00
2.560000000000000000e+05 6.399842703858804605e-02 2.275830678197542133e-04 9.997724169321802190e-01 0.000000000000000000e+00 0.000000000000000000e+00 0.000000000000000000e+00
2.600000000000000000e+05 6.499840246106614039e-02 0.000000000000000000e+00 1.000000000000000000e+00 0.000000000000000000e+00 0.000000000000000000e+00 0.000000000000000000e+00
2.640000000000000000e+05 6.599837788354401269e-02 0.000000000000000000e+00 1.000000000000000000e+00 0.000000000000000000e+00 0.000000000000000000e+00 0.000000000000000000e+00
2.680000000000000000e+05 6.699835330602188499e-02 0.000000000000000000e+00 1.000000000000000000e+00 0.000000000000000000e+00 0.000000000000000000e+00 0.000000000000000000e+00
2.720000000000000000e+05 6.799832872849997933e-02 1.137915339098771066e-04 9.998862084660901095e-01 0.000000000000000000e+00 0.000000000000000000e+00 0.000000000000000000e+00
2.760000000000000000e+05 6.899830415097785163e-02 0.000000000000000000e+00 1.000000000000000000e+00 0.000000000000000000e+00 0.000000000000000000e+00 0.000000000000000000e+00
2.800000000000000000e+05 6.999827957345572393e-02 0.000000000000000000e+00 1.000000000000000000e+00 0.000000000000000000e+00 0.000000000000000000e+00 0.000000000000000000e+00
2.840000000000000000e+05 7.099825499593359623e-02 0.000000000000000000e+00 1.000000000000000000e+00 0.000000000000000000e+00 0.000000000000000000e+00 0.000000000000000000e+00
2.880000000000000000e+05 7.199823041841169058e-02 0.000000000000000000e+00 1.000000000000000000e+00 0.000000000000000000e+00 0.000000000000000000e+00 0.000000000000000000e+00
2.920000000000000000e+05 7.299820584088956288e-02 0.000000000000000000e+00 1.000000000000000000e+00 0.000000000000000000e+00 0.000000000000000000e+00 0.000000000000000000e+00
2.960000000000000000e+05 7.399818126336743518e-02 0.000000000000000000e+00 1.000000000000000000e+00 0.000000000000000000e+00 0.000000000000000000e+00 0.000000000000000000e+00
3.000000000000000000e+05 7.499815668584552952e-02 2.275830678197542133e-04 9.997724169321802190e-01 0.000000000000000000e+00 0.000000000000000000e+00 0.000000000000000000e+00
3.040000000000000000e+05 7.599813210832340182e-02 0.000000000000000000e+00 1.000000000000000000e+00 0.000000000000000000e+00 0.000000000000000000e+00 0.000000000000000000e+00
3.080000000000000000e+05 7.699810753080127412e-02 0.000000000000000000e+00 1.000000000000000000e+00 0.000000000000000000e+00 0.000000000000000000e+00 0.000000000000000000e+00
3.120000000000000000e+05 7.799808295327936847e-02 6.827492034592626399e-04 9.993172507965407680e-01 0.000000000000000000e+00 0.000000000000000000e+00 0.000000000000000000e+00
3.160000000000000000e+05 7.899805837575724077e-02 1.024123805188893906e-03 9.988620846609012061e-01 0.000000000000000000e+00 1.137915339098771066e-04 0.000000000000000000e+00
3.200000000000000000e+05 7.999803379823511307e-02 1.137915339098771066e-04 9.998862084660901095e-01 0.000000000000000000e+00 0.000000000000000000e+00 0.000000000000000000e+00
3.240000000000000000e+05 8.099800922071298537e-02 0.000000000000000000e+00 1.000000000000000000e+00 0.000000000000000000e+00 0.000000000000000000e+00 0.000000000000000000e+00
3.280000000000000000e+05 8.199798464319107971e-02 0.000000000000000000e+00 1.000000000000000000e+00 0.000000000000000000e+00 0.000000000000000000e+00 0.000000000000000000e+00
3.320000000000000000e+05 8.299796006566895201e-02 4.551661356395084266e-04 9.994310423304506585e-01 0.000000000000000000e+00 1.137915339098771066e-04 0.000000000000000000e+00
3.360000000000000000e+05 8.399793548814682431e-02 6.827492034592626399e-04 9.993172507965407680e-01 0.000000000000000000e+00 0.000000000000000000e+00 0.000000000000000000e+00
3.400000000000000000e+05 8.499791091062491866e-02 6.827492034592626399e-04 9.993172507965407680e-01 0.000000000000000000e+00 0.000000000000000000e+00 0.000000000000000000e+00
3.440000000000000000e+05 8.599788633310279096e-02 1.251706873008648227e-03 9.987482931269913156e-01 0.000000000000000000e+00 0.000000000000000000e+00 0.000000000000000000e+00
3.480000000000000000e+05 8.699786175558066326e-02 1.137915339098770958e-03 9.986345015930814251e-01 0.000000000000000000e+00 2.275830678197542133e-04 0.000000000000000000e+00
3.520000000000000000e+05 8.799783717805875760e-02 6.827492034592626399e-04 9.993172507965407680e-01 0.000000000000000000e+00 0.000000000000000000e+00 0.000000000000000000e+00
3.560000000000000000e+05 8.899781260053662990e-02 9.103322712790168532e-04 9.990896677287209870e-01 0.000000000000000000e+00 0.000000000000000000e+00 0.000000000000000000e+00
3.600000000000000000e+05 8.999778802301450220e-02 1.706873008648156654e-03 9.980655439235320836e-01 0.000000000000000000e+00 2.275830678197542133e-04 0.000000000000000000e+00
3.640000000000000000e+05 9.099776344549259655e-02 1.365498406918525280e-03 9.986345015930814251e-01 0.000000000000000000e+00 0.000000000000000000e+00 0.000000000000000000e+00
3.680000000000000000e+05 9.199773886797046885e-02 9.103322712790168532e-04 9.990896677287209870e-01 0.000000000000000000e+00 0.000000000000000000e+00 0.000000000000000000e+00
3.720000000000000000e+05 9.299771429044834115e-02 1.479289940828402332e-03 9.984069185252617551e-01 0.000000000000000000e+00 1.137915339098771066e-04 0.000000000000000000e+00
3.760000000000000000e+05 9.399768971292621345e-02 2.503413746017296455e-03 9.973827947200728516e-01 0.000000000000000000e+00 1.137915339098771066e-04 0.000000000000000000e+00
3.800000000000000000e+05 9.499766513540430779e-02 2.275830678197541916e-03 9.976103777878926326e-01 0.000000000000000000e+00 1.137915339098771066e-04 0.000000000000000000e+00
3.840000000000000000e+05 9.599764055788218009e-02 2.730996813837050560e-03 9.972690031861629611e-01 0.000000000000000000e+00 0.000000000000000000e+00 0.000000000000000000e+00
3.880000000000000000e+05 9.699761598036005239e-02 1.934456076467910759e-03 9.980655439235320836e-01 0.000000000000000000e+00 0.000000000000000000e+00 0.000000000000000000e+00
3.920000000000000000e+05 9.799759140283814673e-02 1.934456076467910759e-03 9.980655439235320836e-01 0.000000000000000000e+00 0.000000000000000000e+00 0.000000000000000000e+00
3.960000000000000000e+05 9.899756682531601903e-02 3.186162949476558769e-03 9.965862539827037292e-01 0.000000000000000000e+00 2.275830678197542133e-04 0.000000000000000000e+00
4.000000000000000000e+05 9.999754224779389133e-02 9.103322712790168532e-04 9.989758761948110966e-01 0.000000000000000000e+00 1.137915339098771066e-04 0.000000000000000000e+00
4.040000000000000000e+05 1.009975176702719857e-01 3.868912152935821518e-03 9.959035047792443862e-01 0.000000000000000000e+00 2.275830678197542133e-04 0.000000000000000000e+00
4.080000000000000000e+05 1.019974930927498580e-01 3.186162949476558769e-03 9.967000455166135087e-01 0.000000000000000000e+00 1.137915339098771066e-04 0.000000000000000000e+00
4.120000000000000000e+05 1.029974685152277303e-01 6.486117432862995025e-03 9.935138825671370189e-01 0.000000000000000000e+00 0.000000000000000000e+00 0.000000000000000000e+00
4.160000000000000000e+05 1.039974439377056026e-01 5.348202093764223633e-03 9.944242148384160318e-01 0.000000000000000000e+00 2.275830678197542133e-04 0.000000000000000000e+00
4.200000000000000000e+05 1.049974193601836969e-01 4.779244424214838804e-03 9.952207555757851543e-01 0.000000000000000000e+00 0.000000000000000000e+00 0.000000000000000000e+00
4.240000000000000000e+05 1.059973947826615692e-01 6.941283568502503235e-03 9.919208010923987739e-01 0.000000000000000000e+00 1.137915339098770958e-03 0.000000000000000000e+00
4.280000000000000000e+05 1.069973702051394415e-01 5.928538916704597511e-02 7.645653163404643182e-01 1.727355484751934567e-01 3.413746017296313308e-03 0.000000000000000000e+00
4.320000000000000000e+05 1.079973456276175359e-01 4.619936276741010150e-02 7.680928538916704795e-01 1.804733727810650945e-01 5.234410559854347014e-03 0.000000000000000000e+00
4.360000000000000000e+05 1.089973210500954082e-01 4.631315430131998506e-02 7.678652708238506985e-01 1.809285389167046010e-01 4.893035958124715423e-03 0.000000000000000000e+00
4.400000000000000000e+05 1.099972964725732805e-01 4.881656804733727761e-02 7.668411470186617951e-01 1.801319981793354508e-01 4.210286754665453109e-03 0.000000000000000000e+00
4.440000000000000000e+05 1.109972718950513748e-01 5.097860719162494031e-02 7.669549385525716856e-01 1.778561675011379184e-01 4.210286754665453109e-03 0.000000000000000000e+00
4.480000000000000000e+05 1.119972473175292471e-01 4.813381884387801790e-02 7.671825216203914666e-01 1.796768320436959443e-01 5.006827492034592909e-03 0.000000000000000000e+00
4.520000000000000000e+05 1.129972227400071194e-01 5.006827492034592736e-02 7.669549385525716856e-01 1.779699590350477811e-01 5.006827492034592909e-03 0.000000000000000000e+00
4.560000000000000000e+05 1.139971981624849917e-01 4.665452890304961492e-02 7.666135639508420141e-01 1.810423304506144637e-01 5.689576695493855224e-03 0.000000000000000000e+00
4.600000000000000000e+05 1.149971735849630861e-01 4.893035958124715423e-02 7.662721893491124536e-01 1.799044151115156975e-01 4.893035958124715423e-03 0.000000000000000000e+00
4.640000000000000000e+05 1.159971490074409584e-01 5.109239872553481693e-02 7.667273554847519046e-01 1.770596267637687682e-01 5.120619025944469528e-03 0.000000000000000000e+00
4.680000000000000000e+05 1.169971244299188307e-01 5.154756486117433034e-02 7.663859808830223441e-01 1.775147928994082747e-01 4.551661356395083832e-03 0.000000000000000000e+00
4.720000000000000000e+05 1.179970998523969250e-01 4.813381884387801790e-02 7.661583978152025631e-01 1.811561219845243542e-01 4.551661356395083832e-03 0.000000000000000000e+00
4.760000000000000000e+05 1.189970752748747973e-01 4.904415111515703085e-02 7.668411470186617951e-01 1.786527082385070686e-01 5.461993627674101119e-03 0.000000000000000000e+00
4.800000000000000000e+05 1.199970506973526696e-01 4.119253527537550946e-02 8.066681838871188059e-01 1.515703231679562946e-01 5.689576695493854790e-04 0.000000000000000000e+00
4.840000000000000000e+05 1.209970261198307639e-01 4.210286754665452935e-02 8.065543923532089154e-01 1.507737824305871721e-01 5.689576695493854790e-04 0.000000000000000000e+00
4.880000000000000000e+05 1.219970015423086362e-01 4.380974055530268557e-02 8.051888939462903405e-01 1.505461993627674189e-01 4.551661356395084266e-04 0.000000000000000000e+00
4.920000000000000000e+05 1.229969769647865085e-01 4.142011834319526964e-02 8.064406008192990249e-01 1.515703231679562946e-01 5.689576695493854790e-04 0.000000000000000000e+00
4.960000000000000000e+05 1.239969523872643808e-01 4.301319981793354230e-02 8.059854346836595740e-01 1.507737824305871721e-01 2.275830678197542133e-04 0.000000000000000000e+00
5.000000000000000000e+05 1.249969278097424752e-01 4.301319981793354230e-02 8.050751024123805610e-01 1.515703231679562946e-01 3.413746017296313199e-04 0.000000000000000000e+00
5.040000000000000000e+05 1.259969032322203475e-01 4.210286754665452935e-02 8.067819754210286964e-01 1.506599908966772816e-01 4.551661356395084266e-04 0.000000000000000000e+00
5.080000000000000000e+05 1.269968786546982198e-01 4.415111515703231543e-02 8.037096040054619861e-01 1.516841147018661851e-01 4.551661356395084266e-04 0.000000000000000000e+00
5.120000000000000000e+05 1.279968540771763141e-01 4.392353208921256219e-02 8.040509786071916576e-01 1.519116977696859383e-01 1.137915339098771066e-04 0.000000000000000000e+00
5.160000000000000000e+05 1.289968294996541864e-01 4.528903049613108855e-02 8.022303140646336317e-01 1.516841147018661851e-01 7.965407373691396923e-04 0.000000000000000000e+00
5.200000000000000000e+05 1.299968049221320587e-01 4.460628129267182190e-02 8.024578971324533017e-01 1.522530723714155543e-01 6.827492034592626399e-04 0.000000000000000000e+00
5.240000000000000000e+05 1.309967803446101531e-01 4.369594902139280895e-02 8.033682294037323146e-01 1.523668639053254448e-01 5.689576695493854790e-04 0.000000000000000000e+00
5.280000000000000000e+05 1.319967557670880254e-01 4.415111515703231543e-02 8.032544378698225351e-01 1.520254893035958010e-01 5.689576695493854790e-04 0.000000000000000000e+00
5.320000000000000000e+05 1.329967311895658977e-01 4.460628129267182190e-02 8.020027309968138507e-01 1.527082385070550885e-01 6.827492034592626399e-04 0.000000000000000000e+00
5.360000000000000000e+05 1.339967066120439920e-01 4.699590350477924477e-02 7.991579426490669213e-01 1.531634046426945950e-01 6.827492034592626399e-04 0.000000000000000000e+00
5.400000000000000000e+05 1.349966820345218643e-01 4.858898497951752438e-02 7.964269458352298825e-01 1.541875284478834707e-01 7.965407373691396923e-04 0.000000000000000000e+00
5.440000000000000000e+05 1.359966574569997366e-01 4.506144742831133532e-02 8.012061902594447282e-01 1.529358215748748417e-01 7.965407373691396923e-04 0.000000000000000000e+00
5.480000000000000000e+05 1.369966328794776089e-01 4.483386436049158208e-02 8.008648156577150568e-01 1.537323623122439642e-01 5.689576695493854790e-04 0.000000000000000000e+00
5.520000000000000000e+05 1.379966083019557033e-01 4.767865270823850449e-02 7.983614019116977989e-01 1.535047792444242110e-01 4.551661356395084266e-04 0.000000000000000000e+00
5.560000000000000000e+05 1.389965837244335756e-01 4.790623577605826466e-02 7.973372781065088954e-01 1.539599453800637174e-01 7.965407373691396923e-04 0.000000000000000000e+00
5.600000000000000000e+05 1.399965591469114479e-01 5.803368229403732537e-02 7.654756486117433312e-01 1.739872553482020856e-01 2.503413746017296455e-03 0.000000000000000000e+00
5.640000000000000000e+05 1.409965345693895422e-01 5.257168866636321991e-02 7.685480200273099305e-01 1.767182521620391522e-01 2.162039144287664864e-03 0.000000000000000000e+00
5.680000000000000000e+05 1.419965099918674145e-01 5.211652253072371344e-02 7.693445607646790529e-01 1.768320436959490149e-01 1.706873008648156654e-03 0.000000000000000000e+00
5.720000000000000000e+05 1.429964854143452868e-01 5.518889394629039602e-02 7.679790623577605890e-01 1.754665452890304955e-01 1.365498406918525280e-03 0.000000000000000000e+00
5.760000000000000000e+05 1.439964608368233812e-01 5.791989076012744875e-02 7.658170232134728916e-01 1.744424214838415921e-01 1.820664542558033706e-03 0.000000000000000000e+00
5.800000000000000000e+05 1.449964362593012535e-01 5.644060081929904577e-02 7.655894401456531106e-01 1.764906690942193990e-01 1.479289940828402332e-03 0.000000000000000000e+00
5.840000000000000000e+05 1.459964116817791258e-01 5.746472462448793533e-02 7.663859808830223441e-01 1.744424214838415921e-01 1.706873008648156654e-03 0.000000000000000000e+00
5.880000000000000000e+05 1.469963871042569981e-01 5.553026854802002588e-02 7.661583978152025631e-01 1.769458352298589054e-01 1.365498406918525280e-03 0.000000000000000000e+00
5.920000000000000000e+05 1.479963625267350924e-01 5.666818388711879900e-02 7.661583978152025631e-01 1.753527537551206328e-01 1.820664542558033706e-03 0.000000000000000000e+00
5.960000000000000000e+05 1.489963379492129647e-01 5.757851615839781195e-02 7.643377332726445372e-01 1.760355029585798925e-01 2.048247610377787811e-03 0.000000000000000000e+00
6.000000000000000000e+05 1.499963133716908370e-01 6.645425580336822291e-02 7.597860719162494725e-01 1.711424670004551563e-01 2.617205279927173507e-03 0.000000000000000000e+00
6.040000000000000000e+05 1.509962887941689313e-01 4.255803368229403583e-02 8.084888484296768318e-01 1.480427856167501055e-01 9.103322712790168532e-04 0.000000000000000000e+00
6.080000000000000000e+05 1.519962642166468036e-01 4.233045061447428259e-02 8.076923076923077094e-01 1.480427856167501055e-01 1.934456076467910759e-03 0.000000000000000000e+00
6.120000000000000000e+05 1.529962396391246759e-01 4.164770141101502288e-02 8.080336822940372699e-01 1.496358670914884059e-01 6.827492034592626399e-04 0.000000000000000000e+00
6.160000000000000000e+05 1.539962150616027703e-01 4.255803368229403583e-02 8.060992262175694645e-01 1.499772416932180219e-01 1.365498406918525280e-03 0.000000000000000000e+00
6.200000000000000000e+05 1.549961904840806426e-01 4.255803368229403583e-02 8.063268092853891345e-01 1.499772416932180219e-01 1.137915339098770958e-03 0.000000000000000000e+00
6.240000000000000000e+05 1.559961659065585149e-01 4.233045061447428259e-02 8.067819754210286964e-01 1.495220755575785154e-01 1.365498406918525280e-03 0.000000000000000000e+00
6.280000000000000000e+05 1.569961413290363872e-01 4.233045061447428259e-02 8.075785161583978189e-01 1.489531178880291185e-01 1.137915339098770958e-03 0.000000000000000000e+00
6.320000000000000000e+05 1.579961167515144815e-01 4.392353208921256219e-02 8.032544378698225351e-01 1.515703231679562946e-01 1.251706873008648227e-03 0.000000000000000000e+00
6.360000000000000000e+05 1.589960921739923538e-01 4.346836595357305572e-02 8.058716431497496835e-01 1.498634501593081592e-01 7.965407373691396923e-04 0.000000000000000000e+00
6.400000000000000000e+05 1.599960675964702261e-01 4.176149294492489950e-02 8.065543923532089154e-01 1.503186162949476656e-01 1.365498406918525280e-03 0.000000000000000000e+00
6.440000000000000000e+05 1.609960430189483205e-01 4.278561675011378906e-02 8.053026854802002310e-01 1.507737824305871721e-01 1.137915339098770958e-03 0.000000000000000000e+00
6.480000000000000000e+05 1.619960184414261928e-01 4.403732362312243881e-02 8.043923532089212181e-01 1.503186162949476656e-01 1.251706873008648227e-03 0.000000000000000000e+00
6.520000000000000000e+05 1.629959938639040651e-01 4.369594902139280895e-02 8.050751024123805610e-01 1.503186162949476656e-01 9.103322712790168532e-04 0.000000000000000000e+00
6.560000000000000000e+05 1.639959692863821594e-01 4.540282203004096517e-02 8.020027309968138507e-01 1.503186162949476656e-01 2.275830678197541916e-03 0.000000000000000000e+00
6.600000000000000000e+05 1.649959447088600317e-01 4.551661356395084179e-02 8.024578971324533017e-01 1.513427401001365413e-01 6.827492034592626399e-04 0.000000000000000000e+00
6.640000000000000000e+05 1.659959201313379040e-01 4.540282203004096517e-02 8.008648156577150568e-01 1.520254893035958010e-01 1.706873008648156654e-03 0.000000000000000000e+00
6.680000000000000000e+05 1.669958955538157763e-01 4.870277651342740100e-02 7.969959035047792240e-01 1.524806554392353075e-01 1.820664542558033706e-03 0.000000000000000000e+00
6.720000000000000000e+05 1.679958709762938707e-01 6.998179335457442585e-02 7.553482020937641872e-01 1.705735093309057870e-01 4.096495220755575623e-03 0.000000000000000000e+00
6.760000000000000000e+05 1.689958463987717430e-01 6.770596267637687959e-02 7.577378243058716656e-01 1.712562585343650468e-01 3.299954483386436255e-03 0.000000000000000000e+00
6.800000000000000000e+05 1.699958218212496153e-01 6.873008648156576916e-02 7.546654528903049552e-01 1.735320892125625791e-01 3.072371415566681717e-03 0.000000000000000000e+00
6.840000000000000000e+05 1.709957972437277096e-01 6.781975421028675621e-02 7.517068730086481354e-01 1.770596267637687682e-01 3.413746017296313308e-03 0.000000000000000000e+00
6.880000000000000000e+05 1.719957726662055819e-01 7.168866636322257513e-02 7.523896222121073674e-01 1.738734638142922229e-01 2.048247610377787811e-03 0.000000000000000000e+00
6.920000000000000000e+05 1.729957480886834542e-01 6.816112881201638607e-02 7.528447883477469293e-01 1.747837960855712358e-01 4.210286754665453109e-03 0.000000000000000000e+00
6.960000000000000000e+05 1.739957235111615486e-01 6.850250341374601593e-02 7.538689121529358328e-01 1.739872553482020856e-01 3.641329085116067413e-03 0.000000000000000000e+00
7.000000000000000000e+05 1.749956989336394209e-01 6.964041875284478211e-02 7.534137460172962708e-01 1.727355484751934567e-01 4.210286754665453109e-03 0.000000000000000000e+00
7.040000000000000000e+05 1.759956743561172932e-01 6.725079654073737312e-02 7.548930359581247362e-01 1.746700045516613453e-01 3.186162949476558769e-03 0.000000000000000000e+00
7.080000000000000000e+05 1.769956497785953875e-01 6.941283568502502888e-02 7.519344560764679164e-01 1.750113791533909890e-01 3.641329085116067413e-03 0.000000000000000000e+00
7.120000000000000000e+05 1.779956252010732598e-01 7.020937642239417908e-02 7.500000000000000000e-01 1.772872098315885214e-01 2.503413746017296455e-03 0.000000000000000000e+00
7.160000000000000000e+05 1.789956006235511321e-01 7.043695949021393232e-02 7.504551661356395620e-01 1.768320436959490149e-01 2.275830678197541916e-03 0.000000000000000000e+00
7.200000000000000000e+05 1.799955760460290044e-01 6.964041875284478211e-02 7.498862084660901095e-01 1.762630860263996457e-01 4.210286754665453109e-03 0.000000000000000000e+00
7.240000000000000000e+05 1.809955514685070987e-01 6.804733727810650945e-02 7.503413746017296715e-01 1.778561675011379184e-01 3.755120619025944465e-03 0.000000000000000000e+00
7.280000000000000000e+05 1.819955268909849710e-01 7.248520710059171146e-02 7.453345471096950448e-01 1.791078743741465751e-01 3.072371415566681717e-03 0.000000000000000000e+00
7.320000000000000000e+05 1.829955023134628433e-01 6.907146108329539902e-02 7.476103777878926326e-01 1.800182066454255880e-01 3.299954483386436255e-03 0.000000000000000000e+00
7.360000000000000000e+05 1.839954777359409377e-01 7.316795630405098505e-02 7.446517979062358128e-01 1.796768320436959443e-01 2.503413746017296455e-03 0.000000000000000000e+00
7.400000000000000000e+05 1.849954531584188100e-01 7.100591715976331542e-02 7.452207555757851543e-01 1.809285389167046010e-01 2.844788347746927612e-03 0.000000000000000000e+00
7.440000000000000000e+05 1.859954285808966823e-01 6.884387801547564578e-02 7.465862539827037292e-01 1.807009558488848477e-01 3.868912152935821518e-03 0.000000000000000000e+00
7.480000000000000000e+05 1.869954040033747766e-01 7.362312243969049153e-02 7.448793809740554828e-01 1.783113336367774249e-01 3.186162949476558769e-03 0.000000000000000000e+00
7.520000000000000000e+05 1.879953794258526489e-01 7.111970869367319203e-02 7.449931725079653733e-01 1.808147473827947105e-01 3.072371415566681717e-03 0.000000000000000000e+00
7.560000000000000000e+05 1.889953548483305212e-01 7.180245789713245175e-02 7.487482931269913156e-01 1.763768775603095085e-01 3.072371415566681717e-03 0.000000000000000000e+00
7.600000000000000000e+05 1.899953302708083935e-01 7.168866636322257513e-02 7.451069640418752638e-01 1.808147473827947105e-01 2.389622212107419402e-03 0.000000000000000000e+00
7.640000000000000000e+05 1.909953056932864879e-01 7.316795630405098505e-02 7.452207555757851543e-01 1.792216659080564378e-01 2.389622212107419402e-03 0.000000000000000000e+00
7.680000000000000000e+05 1.919952811157643602e-01 8.101957214383249950e-02 7.093764223941738667e-01 2.025489303595812418e-01 7.055075102412380721e-03 0.000000000000000000e+00
7.720000000000000000e+05 1.929952565382422325e-01 7.168866636322257513e-02 7.124487938097405770e-01 2.078971324533454845e-01 7.965407373691398007e-03 0.000000000000000000e+00
7.760000000000000000e+05 1.939952319607203268e-01 7.077833409194356218e-02 7.154073736913973969e-01 2.074419663177059503e-01 6.372325898953117539e-03 0.000000000000000000e+00
7.800000000000000000e+05 1.949952073831981991e-01 6.952662721893490549e-02 7.146108329540282744e-01 2.082385070550751005e-01 7.624032771961766417e-03 0.000000000000000000e+00
7.840000000000000000e+05 1.959951828056760714e-01 7.043695949021393232e-02 7.157487482931269573e-01 2.067592171142466906e-01 7.055075102412380721e-03 0.000000000000000000e+00
7.880000000000000000e+05 1.969951582281541658e-01 7.191624943104232837e-02 7.150659990896677254e-01 2.066454255803368278e-01 6.372325898953117539e-03 0.000000000000000000e+00
7.920000000000000000e+05 1.979951336506320381e-01 7.055075102412380894e-02 7.144970414201183839e-01 2.075557578516158408e-01 7.396449704142011444e-03 0.000000000000000000e+00
7.960000000000000000e+05 1.989951090731099104e-01 7.111970869367319203e-02 7.139280837505689314e-01 2.076695493855257035e-01 7.282658170232134826e-03 0.000000000000000000e+00
8.000000000000000000e+05 1.999950844955877827e-01 6.895766954938552240e-02 7.158625398270368478e-01 2.082385070550751005e-01 6.941283568502503235e-03 0.000000000000000000e+00
8.040000000000000000e+05 2.009950599180658770e-01 6.850250341374601593e-02 7.163177059626764098e-01 2.072143832498861971e-01 7.965407373691398007e-03 0.000000000000000000e+00
8.080000000000000000e+05 2.019950353405437493e-01 7.111970869367319203e-02 7.150659990896677254e-01 2.085798816568047442e-01 5.234410559854347014e-03 0.000000000000000000e+00
8.120000000000000000e+05 2.029950107630216216e-01 6.929904415111515226e-02 7.160901228948566288e-01 2.084660901228948537e-01 6.144742831133363434e-03 0.000000000000000000e+00
8.160000000000000000e+05 2.039949861854997160e-01 6.861629494765589254e-02 7.187073281747837772e-01 2.055075102412380617e-01 7.168866636322257339e-03 0.000000000000000000e+00
8.200000000000000000e+05 2.049949616079775883e-01 6.986800182066454923e-02 7.160901228948566288e-01 2.073281747837960876e-01 6.713700500682749130e-03 0.000000000000000000e+00
8.240000000000000000e+05 2.059949370304554606e-01 6.884387801547564578e-02 7.198452435138825711e-01 2.027765134274009950e-01 8.534365043240782836e-03 0.000000000000000000e+00
8.280000000000000000e+05 2.069949124529335549e-01 7.055075102412380894e-02 7.177969959035047642e-01 2.058488848429676776e-01 5.803368229403732710e-03 0.000000000000000000e+00
8.320000000000000000e+05 2.079948878754114272e-01 6.884387801547564578e-02 7.203004096495220221e-01 2.045971779699590487e-01 6.258534365043240920e-03 0.000000000000000000e+00
8.360000000000000000e+05 2.089948632978892995e-01 6.781975421028675621e-02 7.195038689121528996e-01 2.061902594446973214e-01 6.486117432862995025e-03 0.000000000000000000e+00
8.400000000000000000e+05 2.099948387203671718e-01 6.804733727810650945e-02 7.212107419208011461e-01 2.049385525716886647e-01 5.803368229403732710e-03 0.000000000000000000e+00
8.440000000000000000e+05 2.109948141428452661e-01 6.656804733727811341e-02 7.217796995903504875e-01 2.048247610377788019e-01 6.827492034592626616e-03 0.000000000000000000e+00
8.480000000000000000e+05 2.119947895653231384e-01 6.816112881201638607e-02 7.212107419208011461e-01 2.043695949021392677e-01 6.258534365043240920e-03 0.000000000000000000e+00
8.520000000000000000e+05 2.129947649878010107e-01 6.975421028675465873e-02 7.209831588529813651e-01 2.030040964952207483e-01 6.258534365043240920e-03 0.000000000000000000e+00
8.560000000000000000e+05 2.139947404102791051e-01 6.929904415111515226e-02 7.224624487938097195e-01 2.010696404187528319e-01 7.168866636322257339e-03 0.000000000000000000e+00
8.600000000000000000e+05 2.149947158327569774e-01 6.804733727810650945e-02 7.216659080564405970e-01 2.038006372325898985e-01 6.486117432862995025e-03 0.000000000000000000e+00
8.640000000000000000e+05 2.159946912552348497e-01 6.781975421028675621e-02 7.208693673190714746e-01 2.045971779699590487e-01 6.713700500682749130e-03 0.000000000000000000e+00
8.680000000000000000e+05 2.169946666777129440e-01 6.656804733727811341e-02 7.237141556668184039e-01 2.026627218934911323e-01 7.055075102412380721e-03 0.000000000000000000e+00
8.720000000000000000e+05 2.179946421001908163e-01 6.747837960855712636e-02 7.243969048702776359e-01 2.008420573509330787e-01 7.282658170232134826e-03 0.000000000000000000e+00
8.760000000000000000e+05 2.189946175226686886e-01 6.964041875284478211e-02 7.238279472007282944e-01 2.001593081474738189e-01 6.372325898953117539e-03 0.000000000000000000e+00
8.800000000000000000e+05 2.199945929451467830e-01 6.474738279472007363e-02 7.308830223031406170e-01 2.001593081474738189e-01 4.210286754665453109e-03 0.000000000000000000e+00
8.840000000000000000e+05 2.209945683676246553e-01 6.463359126081019701e-02 7.295175238962221531e-01 2.009558488848429691e-01 4.893035958124715423e-03 0.000000000000000000e+00
8.880000000000000000e+05 2.219945437901025276e-01 6.326809285389166371e-02 7.303140646335912756e-01 1.999317250796540657e-01 6.486117432862995025e-03 0.000000000000000000e+00
8.920000000000000000e+05 2.229945192125803999e-01 6.611288120163859305e-02 7.312243969048702885e-01 1.998179335457442030e-01 2.844788347746927612e-03 0.000000000000000000e+00
8.960000000000000000e+05 2.239944946350584942e-01 6.315430131998178709e-02 7.333864360491579859e-01 1.990213928083750528e-01 4.437869822485207214e-03 0.000000000000000000e+00
9.000000000000000000e+05 2.249944700575363665e-01 6.326809285389166371e-02 7.329312699135184239e-01 1.995903504779244497e-01 4.210286754665453109e-03 0.000000000000000000e+00
9.040000000000000000e+05 2.259944454800142388e-01 6.258534365043240399e-02 7.338416021847974369e-01 1.982248520710059303e-01 5.348202093764223633e-03 0.000000000000000000e+00
9.080000000000000000e+05 2.269944209024923332e-01 6.451979972690032039e-02 7.338416021847974369e-01 1.987938097405552995e-01 2.844788347746927612e-03 0.000000000000000000e+00
