# itime ezz other fcc hcp bcc ico
0.000000000000000000e+00 0.000000000000000000e+00 0.000000000000000000e+00 1.000000000000000000e+00 0.000000000000000000e+00 0.000000000000000000e+00 0.000000000000000000e+00
4.000000000000000000e+04 1.000000592124683507e-02 0.000000000000000000e+00 1.000000000000000000e+00 0.000000000000000000e+00 0.000000000000000000e+00 0.000000000000000000e+00
8.000000000000000000e+04 2.000001184249389219e-02 0.000000000000000000e+00 1.000000000000000000e+00 0.000000000000000000e+00 0.000000000000000000e+00 0.000000000000000000e+00
1.200000000000000000e+05 3.000001776374072726e-02 0.000000000000000000e+00 1.000000000000000000e+00 0.000000000000000000e+00 0.000000000000000000e+00 0.000000000000000000e+00
1.600000000000000000e+05 4.000002368498756233e-02 0.000000000000000000e+00 1.000000000000000000e+00 0.000000000000000000e+00 0.000000000000000000e+00 0.000000000000000000e+00
2.000000000000000000e+05 5.000002960623461945e-02 0.000000000000000000e+00 1.000000000000000000e+00 0.000000000000000000e+00 0.000000000000000000e+00 0.000000000000000000e+00
2.400000000000000000e+05 6.000003552748145452e-02 0.000000000000000000e+00 1.000000000000000000e+00 0.000000000000000000e+00 0.000000000000000000e+00 0.000000000000000000e+00
2.800000000000000000e+05 7.000004144872828959e-02 0.000000000000000000e+00 1.000000000000000000e+00 0.000000000000000000e+00 0.000000000000000000e+00 0.000000000000000000e+00
3.200000000000000000e+05 8.000004736997534671e-02 4.551661356395084266e-04 9.995448338643604380e-01 0.000000000000000000e+00 0.000000000000000000e+00 0.000000000000000000e+00
3.600000000000000000e+05 9.000005329122218178e-02 9.103322712790168532e-04 9.990896677287209870e-01 0.000000000000000000e+00 0.000000000000000000e+00 0.000000000000000000e+00
4.000000000000000000e+05 1.000000592124690169e-01 3.755120619025944465e-03 9.957897132453344957e-01 0.000000000000000000e+00 4.551661356395084266e-04 0.000000000000000000e+00
4.400000000000000000e+05 1.100000651337158519e-01 2.059626763768775473e-02 6.803595812471552318e-01 2.982476103777879084e-01 7.965407373691396923e-04 0.000000000000000000e+00
4.800000000000000000e+05 1.200000710549629090e-01 2.173418297678652786e-02 6.791078743741465473e-01 2.983614019116977434e-01 7.965407373691396923e-04 0.000000000000000000e+00
5.200000000000000000e+05 1.300000769762097441e-01 2.127901684114701791e-02 6.793354574419663283e-01 2.982476103777879084e-01 1.137915339098770958e-03 0.000000000000000000e+00
5.600000000000000000e+05 1.400000828974565792e-01 2.344105598543468408e-02 6.783113336367774249e-01 2.971096950386891145e-01 1.137915339098770958e-03 0.000000000000000000e+00
6.000000000000000000e+05 1.500000888187036363e-01 2.753755120619025970e-02 6.755803368229403860e-01 2.955166135639508695e-01 1.365498406918525280e-03 0.000000000000000000e+00
6.400000000000000000e+05 1.600000947399504714e-01 3.447883477469276120e-02 6.649977241693217911e-01 2.992717341829768118e-01 1.251706873008648227e-03 0.000000000000000000e+00
6.800000000000000000e+05 1.700001006611973065e-01 3.311333636777423484e-02 6.606736458807465073e-01 3.035958124715520956e-01 2.617205279927173507e-03 0.000000000000000000e+00
7.200000000000000000e+05 1.800001065824443636e-01 3.538916704597178109e-02 6.615839781520255203e-01 3.016613563950841792e-01 1.365498406918525280e-03 0.000000000000000000e+00
7.600000000000000000e+05 1.900001125036911986e-01 3.493400091033227461e-02 6.615839781520255203e-01 3.006372325898953313e-01 2.844788347746927612e-03 0.000000000000000000e+00
8.000000000000000000e+05 2.000001184249380337e-01 3.641329085116067066e-02 6.610150204824760678e-01 3.005234410559854408e-01 2.048247610377787811e-03 0.000000000000000000e+00
8.400000000000000000e+05 2.100001243461850908e-01 3.914428766499772339e-02 6.553254437869822091e-01 3.020027309968138507e-01 3.527537551206190360e-03 0.000000000000000000e+00
8.800000000000000000e+05 2.200001302674319259e-01 3.925807919890760000e-02 6.569185252617205650e-01 3.015475648611743442e-01 2.275830678197541916e-03 0.000000000000000000e+00
9.200000000000000000e+05 2.300001361886787610e-01 3.743741465634956717e-02 6.594219390077378229e-01 3.008648156577150568e-01 2.275830678197541916e-03 0.000000000000000000e+00
9.600000000000000000e+05 2.400001421099258181e-01 3.698224852071006069e-02 6.595357305416477134e-01 3.015475648611743442e-01 1.934456076467910759e-03 0.000000000000000000e+00
1.000000000000000000e+06 2.500001480311726532e-01 4.187528447883477611e-02 6.562357760582612221e-01 2.994993172507965373e-01 2.389622212107419402e-03 0.000000000000000000e+00
1.040000000000000000e+06 2.600001539524194882e-01 6.087847064178425471e-02 6.271051433773326966e-01 3.107646791078743642e-01 1.251706873008648227e-03 0.000000000000000000e+00
1.080000000000000000e+06 2.700001598736665454e-01 6.201638598088302090e-02 6.271051433773326966e-01 3.092853891670459543e-01 1.593081474738279385e-03 0.000000000000000000e+00
1.120000000000000000e+06 2.800001657949133804e-01 6.429221665908056715e-02 6.228948566226673034e-01 3.115612198452434867e-01 1.251706873008648227e-03 0.000000000000000000e+00
1.160000000000000000e+06 2.900001717161602155e-01 6.486117432862995025e-02 6.201638598088302645e-01 3.124715521165225551e-01 2.503413746017296455e-03 0.000000000000000000e+00
1.200000000000000000e+06 3.000001776374070506e-01 6.952662721893490549e-02 6.170914883932635542e-01 3.108784706417842547e-01 2.503413746017296455e-03 0.000000000000000000e+00
1.240000000000000000e+06 3.100001835586541077e-01 7.282658170232134132e-02 6.076467910787437532e-01 3.175921711424670169e-01 1.934456076467910759e-03 0.000000000000000000e+00
1.280000000000000000e+06 3.200001894799009428e-01 7.089212562585343880e-02 6.277878925807920396e-01 2.989303595812471404e-01 2.389622212107419402e-03 0.000000000000000000e+00
1.320000000000000000e+06 3.300001954011477778e-01 6.099226217569413133e-02 6.337050523441055683e-01 3.040509786071916021e-01 1.251706873008648227e-03 0.000000000000000000e+00
1.360000000000000000e+06 3.400002013223948349e-01 6.349567592171143082e-02 6.326809285389166648e-01 3.030268548020027541e-01 7.965407373691396923e-04 0.000000000000000000e+00
1.400000000000000000e+06 3.500002072436416700e-01 6.247155211652252738e-02 6.449704142011833952e-01 2.911925352753755303e-01 1.365498406918525280e-03 0.000000000000000000e+00
1.440000000000000000e+06 3.600002131648885051e-01 6.588529813381883982e-02 6.471324533454710926e-01 2.850477924442421651e-01 1.934456076467910759e-03 0.000000000000000000e+00
1.480000000000000000e+06 3.700002190861355622e-01 6.338188438780155420e-02 6.492944924897587899e-01 2.852753755120618906e-01 2.048247610377787811e-03 0.000000000000000000e+00
1.520000000000000000e+06 3.800002250073823973e-01 6.474738279472007363e-02 6.480427856167501055e-01 2.852753755120618906e-01 1.934456076467910759e-03 0.000000000000000000e+00
1.560000000000000000e+06 3.900002309286292324e-01 1.008192990441511144e-01 6.106053709604005730e-01 2.843650432407828776e-01 4.210286754665453109e-03 0.000000000000000000e+00
1.600000000000000000e+06 4.000002368498762895e-01 1.050295857988165632e-01 6.131087847064178309e-01 2.789030496131087999e-01 2.958579881656804664e-03 0.000000000000000000e+00
1.640000000000000000e+06 4.100002427711231245e-01 1.223258989531178925e-01 5.755575785161584079e-01 2.981338188438780179e-01 3.982703686845699004e-03 0.000000000000000000e+00
1.680000000000000000e+06 4.200002486923699596e-01 1.279016841147018746e-01 5.706645425580336717e-01 2.963131543013199920e-01 5.120619025944469528e-03 0.000000000000000000e+00
1.720000000000000000e+06 4.300002546136170167e-01 1.595357305416477134e-01 5.560992262175694645e-01 2.786754665452890189e-01 5.689576695493855224e-03 0.000000000000000000e+00
1.760000000000000000e+06 4.400002605348638518e-01 2.106281292671825234e-01 5.022758306781975879e-01 2.782203004096495125e-01 8.875739644970414427e-03 0.000000000000000000e+00
1.800000000000000000e+06 4.500002664561106869e-01 1.387118798361401950e-01 6.366636322257623881e-01 2.205279927173418308e-01 4.096495220755575623e-03 0.000000000000000000e+00
1.840000000000000000e+06 4.600002723773577440e-01 1.321119708693673234e-01 6.553254437869822091e-01 2.091488393263541135e-01 3.413746017296313308e-03 0.000000000000000000e+00
1.880000000000000000e+06 4.700002782986045791e-01 1.345015930814747462e-01 6.481565771506599960e-01 2.130177514792899462e-01 4.324078288575329727e-03 0.000000000000000000e+00
1.920000000000000000e+06 4.800002842198514141e-01 1.388256713700500578e-01 6.425807919890760278e-01 2.141556668183887124e-01 4.437869822485207214e-03 0.000000000000000000e+00
1.960000000000000000e+06 4.900002901410984713e-01 1.407601274465179741e-01 6.325671370050067743e-01 2.228038233955393632e-01 3.868912152935821518e-03 0.000000000000000000e+00
2.000000000000000000e+06 5.000002960623453063e-01 1.432635411925352875e-01 6.213017751479289474e-01 2.303140646335912478e-01 5.120619025944469528e-03 0.000000000000000000e+00
2.040000000000000000e+06 5.100003019835921414e-01 1.539599453800637174e-01 6.079881656804734247e-01 2.302002730996813851e-01 7.851615839781519654e-03 0.000000000000000000e+00
2.080000000000000000e+06 5.200003079048389765e-01 1.609012289485662328e-01 5.989986345015930747e-01 2.305416477014110288e-01 9.558488848429677609e-03 0.000000000000000000e+00
2.120000000000000000e+06 5.300003138260860336e-01 1.908284023668639084e-01 5.992262175694128556e-01 2.036868456986800080e-01 6.258534365043240920e-03 0.000000000000000000e+00
2.160000000000000000e+06 5.400003197473328687e-01 1.868456986800182129e-01 6.102639963586709015e-01 1.975421028675466428e-01 5.348202093764223633e-03 0.000000000000000000e+00
2.200000000000000000e+06 5.500003256685797037e-01 1.899180700955848955e-01 6.103777878925807920e-01 1.932180245789713313e-01 6.486117432862995025e-03 0.000000000000000000e+00
2.240000000000000000e+06 5.600003315898267608e-01 1.825216203914428736e-01 5.938780154756485574e-01 2.195038689121529274e-01 4.096495220755575623e-03 0.000000000000000000e+00
2.280000000000000000e+06 5.700003375110735959e-01 1.784251251706872876e-01 5.979745106964041712e-01 2.183659535730541612e-01 5.234410559854347014e-03 0.000000000000000000e+00
2.320000000000000000e+06 5.800003434323204310e-01 1.761492944924897552e-01 6.007055075102412101e-01 2.199590350477924339e-01 3.186162949476558769e-03 0.000000000000000000e+00
2.360000000000000000e+06 5.900003493535674881e-01 1.690942193900773771e-01 6.042330450614474824e-01 2.245106964041875264e-01 2.162039144287664864e-03 0.000000000000000000e+00
2.400000000000000000e+06 6.000003552748143232e-01 1.742148384160218388e-01 6.044606281292671524e-01 2.196176604460628179e-01 1.706873008648156654e-03 0.000000000000000000e+00
2.440000000000000000e+06 6.100003611960611583e-01 1.755803368229403860e-01 6.009330905780609910e-01 2.204142011834319403e-01 3.072371415566681717e-03 0.000000000000000000e+00
2.480000000000000000e+06 6.200003671173082154e-01 1.805871643149749572e-01 5.892125625853436022e-01 2.270141101502048120e-01 3.186162949476558769e-03 0.000000000000000000e+00
2.520000000000000000e+06 6.300003730385550504e-01 1.722803823395539502e-01 6.107191624943104635e-01 2.086936731907146070e-01 8.306781975421027864e-03 0.000000000000000000e+00
2.560000000000000000e+06 6.400003789598018855e-01 1.825216203914428736e-01 6.313154301319982009e-01 1.772872098315885214e-01 8.875739644970414427e-03 0.000000000000000000e+00
2.600000000000000000e+06 6.500003848810489426e-01 1.309740555302685572e-01 8.522985889849795660e-01 1.456531634046426965e-02 2.162039144287664864e-03 0.000000000000000000e+00
2.640000000000000000e+06 6.600003908022957777e-01 1.318843878015475701e-01 8.493400091033227461e-01 1.661356395084205573e-02 2.162039144287664864e-03 0.000000000000000000e+00
2.680000000000000000e+06 6.700003967235426128e-01 1.318843878015475701e-01 8.476331360946746107e-01 1.866181156121984527e-02 1.820664542558033706e-03 0.000000000000000000e+00
2.720000000000000000e+06 6.800004026447896699e-01 1.310878470641784199e-01 8.461538461538461453e-01 2.014110150204824826e-02 2.617205279927173507e-03 0.000000000000000000e+00
2.760000000000000000e+06 6.900004085660365050e-01 1.317705962676376796e-01 8.430814747382794350e-01 2.230314064633591095e-02 2.844788347746927612e-03 0.000000000000000000e+00
2.800000000000000000e+06 7.000004144872833400e-01 1.338188438780154865e-01 8.418297678652708615e-01 2.196176604460628110e-02 2.389622212107419402e-03 0.000000000000000000e+00
2.840000000000000000e+06 7.100004204085301751e-01 1.367774237596722786e-01 8.361401911697770029e-01 2.401001365498407064e-02 3.072371415566681717e-03 0.000000000000000000e+00
2.880000000000000000e+06 7.200004263297772322e-01 1.413290851160673711e-01 8.213472917614929036e-01 2.981338188438780248e-02 7.510241238051888930e-03 0.000000000000000000e+00
2.920000000000000000e+06 7.300004322510240673e-01 1.571461083295402905e-01 7.033454710969503365e-01 1.352981338188438687e-01 4.210286754665453109e-03 0.000000000000000000e+00
2.960000000000000000e+06 7.400004381722709024e-01 1.591943559399180697e-01 7.072143832498861693e-01 1.301775147928994070e-01 3.413746017296313308e-03 0.000000000000000000e+00
3.000000000000000000e+06 7.500004440935179595e-01 1.446290395994538069e-01 8.138370505234410190e-01 4.062357760582612637e-02 9.103322712790168532e-04 0.000000000000000000e+00
3.040000000000000000e+06 7.600004500147647946e-01 1.444014565316340537e-01 8.095129722348657353e-01 4.426490669094219205e-02 1.820664542558033706e-03 0.000000000000000000e+00
3.080000000000000000e+06 7.700004559360116296e-01 1.473600364132908458e-01 8.038233955393718766e-01 4.710969503868912139e-02 1.706873008648156654e-03 0.000000000000000000e+00
3.120000000000000000e+06 7.800004618572586867e-01 1.528220300409649512e-01 7.581929904415111166e-01 8.648156577150660496e-02 2.503413746017296455e-03 0.000000000000000000e+00
3.160000000000000000e+06 7.900004677785055218e-01 1.635184342284934089e-01 7.578516158397815561e-01 7.794720072826581692e-02 6.827492034592626399e-04 0.000000000000000000e+00
3.200000000000000000e+06 8.000004736997523569e-01 1.646563495675921751e-01 7.517068730086481354e-01 8.227127901684114231e-02 1.365498406918525280e-03 0.000000000000000000e+00
3.240000000000000000e+06 8.100004796209994140e-01 1.655666818388711881e-01 7.435138825671370189e-01 8.864360491579426071e-02 2.275830678197541916e-03 0.000000000000000000e+00
3.280000000000000000e+06 8.200004855422462491e-01 1.566909421939007840e-01 7.820892125625853453e-01 6.076467910787437116e-02 4.551661356395084266e-04 0.000000000000000000e+00
3.320000000000000000e+06 8.300004914634930842e-01 1.661356395084205850e-01 7.695721438324988339e-01 6.247155211652252738e-02 1.820664542558033706e-03 0.000000000000000000e+00
3.360000000000000000e+06 8.400004973847401413e-01 1.616977696859353553e-01 7.931269913518433912e-01 4.506144742831133532e-02 1.137915339098771066e-04 0.000000000000000000e+00
3.400000000000000000e+06 8.500005033059869763e-01 1.621529358215748617e-01 7.906235776058261333e-01 4.642694583522986168e-02 7.965407373691396923e-04 0.000000000000000000e+00
3.440000000000000000e+06 8.600005092272338114e-01 1.645425580336822846e-01 7.878925807919890945e-01 4.710969503868912139e-02 4.551661356395084266e-04 0.000000000000000000e+00
3.480000000000000000e+06 8.700005151484808685e-01 1.523668639053254448e-01 7.966545289030496635e-01 4.893035958124715423e-02 2.048247610377787811e-03 0.000000000000000000e+00
3.520000000000000000e+06 8.800005210697277036e-01 1.522530723714155543e-01 7.881201638598088755e-01 5.632680928538916915e-02 3.299954483386436255e-03 0.000000000000000000e+00
3.560000000000000000e+06 8.900005269909745387e-01 1.606736458807464796e-01 7.270141101502047842e-01 1.082157487482931224e-01 4.096495220755575623e-03 0.000000000000000000e+00
3.600000000000000000e+06 9.000005329122213737e-01 1.598771051433773294e-01 7.246244879380974169e-01 1.112881201638598050e-01 4.210286754665453109e-03 0.000000000000000000e+00
3.640000000000000000e+06 9.100005388334684309e-01 1.602184797451069731e-01 7.201866181156122426e-01 1.144742831133363642e-01 5.120619025944469528e-03 0.000000000000000000e+00
3.680000000000000000e+06 9.200005447547152659e-01 1.743286299499317293e-01 6.340464269458352398e-01 1.862767410104688159e-01 5.348202093764223633e-03 0.000000000000000000e+00
3.720000000000000000e+06 9.300005506759621010e-01 1.746700045516613453e-01 6.306326809285389690e-01 1.901456531634046487e-01 4.551661356395083832e-03 0.000000000000000000e+00
3.760000000000000000e+06 9.400005565972091581e-01 1.851388256713700498e-01 6.090122894856622171e-01 1.982248520710059303e-01 7.624032771961766417e-03 0.000000000000000000e+00
3.800000000000000000e+06 9.500005625184559932e-01 1.216431497496586189e-01 8.719845243513882904e-01 6.030951297223486815e-03 3.413746017296313199e-04 0.000000000000000000e+00
3.840000000000000000e+06 9.600005684397028283e-01 1.215293582157487423e-01 8.728948566226673034e-01 5.461993627674101119e-03 1.137915339098771066e-04 0.000000000000000000e+00
3.880000000000000000e+06 9.700005743609498854e-01 1.224396904870277691e-01 8.715293582157487284e-01 6.030951297223486815e-03 0.000000000000000000e+00 0.000000000000000000e+00
3.920000000000000000e+06 9.800005802821967205e-01 1.235776058261265353e-01 8.722121074192079604e-01 4.210286754665453109e-03 0.000000000000000000e+00 0.000000000000000000e+00
3.960000000000000000e+06 9.900005862034435555e-01 1.235776058261265353e-01 8.724396904870277414e-01 3.755120619025944465e-03 2.275830678197542133e-04 0.000000000000000000e+00
4.000000000000000000e+06 1.000000592124690613e+00 1.235776058261265353e-01 8.725534820209376319e-01 3.641329085116067413e-03 2.275830678197542133e-04 0.000000000000000000e+00
