# itime ezz other fcc hcp bcc ico
0.000000000000000000e+00 0.000000000000000000e+00 4.551661356395084266e-04 9.995448338643604380e-01 0.000000000000000000e+00 0.000000000000000000e+00 0.000000000000000000e+00
3.000000000000000000e+01 1.200000005117018986e-02 1.934456076467910759e-03 9.979517523896221931e-01 0.000000000000000000e+00 1.137915339098771066e-04 0.000000000000000000e+00
6.000000000000000000e+01 2.400000010234015768e-02 1.934456076467910759e-03 9.980655439235320836e-01 0.000000000000000000e+00 0.000000000000000000e+00 0.000000000000000000e+00
9.000000000000000000e+01 3.600000015351034754e-02 4.893035958124715423e-03 9.949931725079653733e-01 0.000000000000000000e+00 1.137915339098771066e-04 0.000000000000000000e+00
1.200000000000000000e+02 4.800000020468053741e-02 1.206190259444697363e-02 9.877105143377332697e-01 0.000000000000000000e+00 2.275830678197542133e-04 0.000000000000000000e+00
1.500000000000000000e+02 6.000000025585050523e-02 1.684114701866181243e-02 9.821347291761493015e-01 0.000000000000000000e+00 1.024123805188893906e-03 0.000000000000000000e+00
1.800000000000000000e+02 7.200000030702069509e-02 3.299954483386435822e-02 9.648384160218479444e-01 0.000000000000000000e+00 2.162039144287664864e-03 0.000000000000000000e+00
2.100000000000000000e+02 8.400000035819066291e-02 7.954028220300408958e-02 9.176149294492489394e-01 0.000000000000000000e+00 2.844788347746927612e-03 0.000000000000000000e+00
2.400000000000000000e+02 9.600000040936085277e-02 1.269913518434228616e-01 8.662949476558944317e-01 0.000000000000000000e+00 6.713700500682749130e-03 0.000000000000000000e+00
2.700000000000000000e+02 1.080000004605310426e-01 2.188211197086936677e-01 7.645653163404643182e-01 0.000000000000000000e+00 1.661356395084205573e-02 0.000000000000000000e+00
3.000000000000000000e+02 1.200000005117010105e-01 3.511606736458807720e-01 6.186845698680017991e-01 0.000000000000000000e+00 3.015475648611743234e-02 0.000000000000000000e+00
3.300000000000000000e+02 1.320000005628712003e-01 4.910104688211197055e-01 4.528903049613108855e-01 6.827492034592626399e-04 5.541647701411014926e-02 0.000000000000000000e+00
3.600000000000000000e+02 1.440000006140413902e-01 6.302913063268092975e-01 2.735548475193445572e-01 5.006827492034592909e-03 9.114701866181156020e-02 0.000000000000000000e+00
3.900000000000000000e+02 1.560000006652113580e-01 7.051661356395084734e-01 1.486117432862995025e-01 1.251706873008648184e-02 1.337050523441055960e-01 0.000000000000000000e+00
4.200000000000000000e+02 1.680000007163815479e-01 7.492034592626308775e-01 7.589895311788802390e-02 1.923076923076923184e-02 1.556668183887118806e-01 0.000000000000000000e+00
4.500000000000000000e+02 1.800000007675517377e-01 7.966545289030496635e-01 4.676832043695949154e-02 1.991351843422849502e-02 1.366636322257624159e-01 0.000000000000000000e+00
4.800000000000000000e+02 1.920000008187217055e-01 8.365953573054164538e-01 3.254437869822485174e-02 2.685480200273099652e-02 1.040054619936276736e-01 0.000000000000000000e+00
5.100000000000000000e+02 2.040000008698918954e-01 8.577605826126536437e-01 3.072371415566681890e-02 2.935821574874829254e-02 8.215748748293126569e-02 0.000000000000000000e+00
5.400000000000000000e+02 2.160000009210620853e-01 8.766499772416932457e-01 2.742375967228038308e-02 3.072371415566681890e-02 6.508875739644970349e-02 1.137915339098771066e-04
5.700000000000000000e+02 2.280000009722320531e-01 8.955393718707328476e-01 2.332726445152480746e-02 3.060992262175694228e-02 5.029585798816568060e-02 2.275830678197542133e-04
6.000000000000000000e+02 2.400000010234022430e-01 9.083978152025489194e-01 2.264451524806554428e-02 2.674101046882111990e-02 4.221665908056440597e-02 0.000000000000000000e+00
6.300000000000000000e+02 2.520000010745722108e-01 9.210286754665453213e-01 1.945835229858898507e-02 2.583067819754210348e-02 3.368229403732362487e-02 0.000000000000000000e+00
6.600000000000000000e+02 2.640000011257424006e-01 9.313837050523441352e-01 1.456531634046426965e-02 2.366863905325443732e-02 3.038233955393718558e-02 0.000000000000000000e+00
6.900000000000000000e+02 2.760000011769125905e-01 9.384387801547564578e-01 1.433773327264451468e-02 2.332726445152480746e-02 2.389622212107419055e-02 0.000000000000000000e+00
7.200000000000000000e+02 2.880000012280825583e-01 9.448111060537096595e-01 1.251706873008648184e-02 2.309968138370505075e-02 1.957214383249886169e-02 0.000000000000000000e+00
7.500000000000000000e+02 3.000000012792527482e-01 9.482248520710059303e-01 1.217569412835685025e-02 2.116522530723714129e-02 1.832043695949021542e-02 1.137915339098771066e-04
7.800000000000000000e+02 3.120000013304229380e-01 9.548247610377788019e-01 1.251706873008648184e-02 1.752389622212107562e-02 1.490669094219390124e-02 2.275830678197542133e-04
8.100000000000000000e+02 3.240000013815929059e-01 9.575557578516158408e-01 1.308602639963586667e-02 1.718252162039144229e-02 1.183431952662721866e-02 3.413746017296313199e-04
8.400000000000000000e+02 3.360000014327630957e-01 9.600591715976330986e-01 1.126536185707783383e-02 1.593081474738279601e-02 1.228948566226672687e-02 4.551661356395084266e-04
8.700000000000000000e+02 3.480000014839332856e-01 9.652935821574875064e-01 1.024123805188893906e-02 1.479289940828402289e-02 9.103322712790167665e-03 5.689576695493854790e-04
9.000000000000000000e+02 3.600000015351032534e-01 9.706417842512516936e-01 7.624032771961766417e-03 1.183431952662721866e-02 9.558488848429677609e-03 3.413746017296313199e-04
9.300000000000000000e+02 3.720000015862736653e-01 9.690487027765134487e-01 7.851615839781519654e-03 1.365498406918525323e-02 8.875739644970414427e-03 5.689576695493854790e-04
9.600000000000000000e+02 3.840000016374434111e-01 9.742831133363677454e-01 6.941283568502503235e-03 1.103777878925807886e-02 7.510241238051888930e-03 2.275830678197542133e-04
9.900000000000000000e+02 3.960000016886138230e-01 9.750796540737368678e-01 8.079198907601274626e-03 9.899863450159307465e-03 6.827492034592626616e-03 1.137915339098771066e-04
1.020000000000000000e+03 4.080000017397835688e-01 9.791761492944924816e-01 7.851615839781519654e-03 8.648156577150659455e-03 4.096495220755575623e-03 2.275830678197542133e-04
1.050000000000000000e+03 4.200000017909539807e-01 9.806554392353209471e-01 7.396449704142011444e-03 6.599908966772872511e-03 5.006827492034592909e-03 3.413746017296313199e-04
1.080000000000000000e+03 4.320000018421237264e-01 9.787209831588530307e-01 7.510241238051888930e-03 8.420573509330906217e-03 5.006827492034592909e-03 3.413746017296313199e-04
1.110000000000000000e+03 4.440000018932941384e-01 9.812243969048702885e-01 7.510241238051888930e-03 7.737824305871643035e-03 3.413746017296313308e-03 1.137915339098771066e-04
1.140000000000000000e+03 4.560000019444641062e-01 9.822485207100591920e-01 6.372325898953117539e-03 7.510241238051888930e-03 3.072371415566681717e-03 7.965407373691396923e-04
1.170000000000000000e+03 4.680000019956345181e-01 9.822485207100591920e-01 6.599908966772872511e-03 7.396449704142011444e-03 2.958579881656804664e-03 7.965407373691396923e-04
1.200000000000000000e+03 4.800000020468042639e-01 9.864588074647245852e-01 5.461993627674101119e-03 5.348202093764223633e-03 1.934456076467910759e-03 7.965407373691396923e-04
1.230000000000000000e+03 4.920000020979746758e-01 9.874829312699134887e-01 5.006827492034592909e-03 4.665452890304961318e-03 2.162039144287664864e-03 6.827492034592626399e-04
1.260000000000000000e+03 5.040000021491444215e-01 9.877105143377332697e-01 4.893035958124715423e-03 5.461993627674101119e-03 1.593081474738279385e-03 3.413746017296313199e-04
1.290000000000000000e+03 5.160000022003148334e-01 9.886208466090122826e-01 3.641329085116067413e-03 5.120619025944469528e-03 2.162039144287664864e-03 4.551661356395084266e-04
1.320000000000000000e+03 5.280000022514848013e-01 9.927173418297678964e-01 3.072371415566681717e-03 3.413746017296313308e-03 3.413746017296313199e-04 4.551661356395084266e-04
1.350000000000000000e+03 5.400000023026552132e-01 9.920345926263085534e-01 2.730996813837050560e-03 3.413746017296313308e-03 9.103322712790168532e-04 9.103322712790168532e-04
1.380000000000000000e+03 5.520000023538249589e-01 9.920345926263085534e-01 2.844788347746927612e-03 3.982703686845699004e-03 5.689576695493854790e-04 5.689576695493854790e-04
1.410000000000000000e+03 5.640000024049953709e-01 9.927173418297678964e-01 1.365498406918525280e-03 3.641329085116067413e-03 1.137915339098770958e-03 1.137915339098770958e-03
1.440000000000000000e+03 5.760000024561651166e-01 9.940828402366863603e-01 1.479289940828402332e-03 3.527537551206190360e-03 5.689576695493854790e-04 3.413746017296313199e-04
1.470000000000000000e+03 5.880000025073355285e-01 9.953345471096950448e-01 9.103322712790168532e-04 2.730996813837050560e-03 5.689576695493854790e-04 4.551661356395084266e-04
1.500000000000000000e+03 6.000000025585052743e-01 9.954483386436049352e-01 1.024123805188893906e-03 2.275830678197541916e-03 6.827492034592626399e-04 5.689576695493854790e-04
1.530000000000000000e+03 6.120000026096756862e-01 9.955621301775148257e-01 1.251706873008648227e-03 1.934456076467910759e-03 7.965407373691396923e-04 4.551661356395084266e-04
1.560000000000000000e+03 6.240000026608456540e-01 9.955621301775148257e-01 1.137915339098770958e-03 2.162039144287664864e-03 3.413746017296313199e-04 7.965407373691396923e-04
1.590000000000000000e+03 6.360000027120160659e-01 9.952207555757851543e-01 1.024123805188893906e-03 2.617205279927173507e-03 3.413746017296313199e-04 7.965407373691396923e-04
1.620000000000000000e+03 6.480000027631858117e-01 9.964724624487938387e-01 1.137915339098770958e-03 1.593081474738279385e-03 3.413746017296313199e-04 4.551661356395084266e-04
1.650000000000000000e+03 6.600000028143562236e-01 9.967000455166135087e-01 1.024123805188893906e-03 1.137915339098770958e-03 5.689576695493854790e-04 5.689576695493854790e-04
1.680000000000000000e+03 6.720000028655259694e-01 9.964724624487938387e-01 9.103322712790168532e-04 1.365498406918525280e-03 2.275830678197542133e-04 1.024123805188893906e-03
1.710000000000000000e+03 6.840000029166963813e-01 9.964724624487938387e-01 1.137915339098770958e-03 1.365498406918525280e-03 3.413746017296313199e-04 6.827492034592626399e-04
1.740000000000000000e+03 6.960000029678663491e-01 9.964724624487938387e-01 1.251706873008648227e-03 1.251706873008648227e-03 3.413746017296313199e-04 6.827492034592626399e-04
1.770000000000000000e+03 7.080000030190367610e-01 9.978379608557123026e-01 3.413746017296313199e-04 6.827492034592626399e-04 1.137915339098771066e-04 1.024123805188893906e-03
1.800000000000000000e+03 7.200000030702065068e-01 9.969276285844332897e-01 3.413746017296313199e-04 1.820664542558033706e-03 2.275830678197542133e-04 6.827492034592626399e-04
1.830000000000000000e+03 7.320000031213769187e-01 9.979517523896221931e-01 4.551661356395084266e-04 1.137915339098770958e-03 1.137915339098771066e-04 3.413746017296313199e-04
1.860000000000000000e+03 7.440000031725466645e-01 9.969276285844332897e-01 6.827492034592626399e-04 1.820664542558033706e-03 1.137915339098771066e-04 4.551661356395084266e-04
1.890000000000000000e+03 7.560000032237170764e-01 9.970414201183431802e-01 6.827492034592626399e-04 9.103322712790168532e-04 4.551661356395084266e-04 9.103322712790168532e-04
1.920000000000000000e+03 7.680000032748868222e-01 9.967000455166135087e-01 6.827492034592626399e-04 1.024123805188893906e-03 5.689576695493854790e-04 1.024123805188893906e-03
1.950000000000000000e+03 7.800000033260572341e-01 9.968138370505233992e-01 7.965407373691396923e-04 1.479289940828402332e-03 3.413746017296313199e-04 5.689576695493854790e-04
1.980000000000000000e+03 7.920000033772272019e-01 9.962448793809740577e-01 7.965407373691396923e-04 1.706873008648156654e-03 2.275830678197542133e-04 1.024123805188893906e-03
2.010000000000000000e+03 8.040000034283976138e-01 9.971552116522530707e-01 2.275830678197542133e-04 1.024123805188893906e-03 2.275830678197542133e-04 1.365498406918525280e-03
2.040000000000000000e+03 8.160000034795673596e-01 9.984069185252617551e-01 1.137915339098771066e-04 6.827492034592626399e-04 1.137915339098771066e-04 6.827492034592626399e-04
2.070000000000000000e+03 8.280000035307377715e-01 9.980655439235320836e-01 3.413746017296313199e-04 6.827492034592626399e-04 0.000000000000000000e+00 9.103322712790168532e-04
2.100000000000000000e+03 8.400000035819075173e-01 9.971552116522530707e-01 6.827492034592626399e-04 9.103322712790168532e-04 3.413746017296313199e-04 9.103322712790168532e-04
2.130000000000000000e+03 8.520000036330779292e-01 9.965862539827037292e-01 9.103322712790168532e-04 1.137915339098770958e-03 1.137915339098771066e-04 1.251706873008648227e-03
2.160000000000000000e+03 8.640000036842476749e-01 9.970414201183431802e-01 3.413746017296313199e-04 7.965407373691396923e-04 2.275830678197542133e-04 1.593081474738279385e-03
2.190000000000000000e+03 8.760000037354180868e-01 9.970414201183431802e-01 4.551661356395084266e-04 9.103322712790168532e-04 3.413746017296313199e-04 1.251706873008648227e-03
2.220000000000000000e+03 8.880000037865880547e-01 9.978379608557123026e-01 2.275830678197542133e-04 1.024123805188893906e-03 3.413746017296313199e-04 5.689576695493854790e-04
2.250000000000000000e+03 9.000000038377584666e-01 9.962448793809740577e-01 2.275830678197542133e-04 1.593081474738279385e-03 4.551661356395084266e-04 1.479289940828402332e-03
2.280000000000000000e+03 9.120000038889282123e-01 9.974965862539827421e-01 2.275830678197542133e-04 9.103322712790168532e-04 1.137915339098771066e-04 1.251706873008648227e-03
2.310000000000000000e+03 9.240000039400986243e-01 9.969276285844332897e-01 4.551661356395084266e-04 1.251706873008648227e-03 2.275830678197542133e-04 1.137915339098770958e-03
2.340000000000000000e+03 9.360000039912683700e-01 9.973827947200728516e-01 4.551661356395084266e-04 3.413746017296313199e-04 1.137915339098771066e-04 1.706873008648156654e-03
2.370000000000000000e+03 9.480000040424387819e-01 9.976103777878926326e-01 5.689576695493854790e-04 9.103322712790168532e-04 1.137915339098771066e-04 7.965407373691396923e-04
2.400000000000000000e+03 9.600000040936087498e-01 9.980655439235320836e-01 6.827492034592626399e-04 6.827492034592626399e-04 0.000000000000000000e+00 5.689576695493854790e-04
2.430000000000000000e+03 9.720000041447791617e-01 9.971552116522530707e-01 3.413746017296313199e-04 1.137915339098770958e-03 1.137915339098771066e-04 1.251706873008648227e-03
2.460000000000000000e+03 9.840000041959489074e-01 9.967000455166135087e-01 1.137915339098771066e-04 1.479289940828402332e-03 3.413746017296313199e-04 1.365498406918525280e-03
2.490000000000000000e+03 9.960000042471193193e-01 9.981793354574419741e-01 2.275830678197542133e-04 9.103322712790168532e-04 1.137915339098771066e-04 5.689576695493854790e-04
