# itime ezz other fcc hcp bcc ico
0.000000000000000000e+00 0.000000000000000000e+00 6.827492034592626399e-04 9.993172507965407680e-01 0.000000000000000000e+00 0.000000000000000000e+00 0.000000000000000000e+00
2.500000000000000000e+01 9.999590527620672020e-04 6.827492034592626399e-04 9.993172507965407680e-01 0.000000000000000000e+00 0.000000000000000000e+00 0.000000000000000000e+00
5.000000000000000000e+01 1.999918105524356449e-03 1.024123805188893906e-03 9.988620846609012061e-01 0.000000000000000000e+00 1.137915339098771066e-04 0.000000000000000000e+00
7.500000000000000000e+01 2.999877158286423651e-03 1.706873008648156654e-03 9.982931269913518646e-01 0.000000000000000000e+00 0.000000000000000000e+00 0.000000000000000000e+00
1.000000000000000000e+02 3.999836211048490853e-03 1.593081474738279385e-03 9.984069185252617551e-01 0.000000000000000000e+00 0.000000000000000000e+00 0.000000000000000000e+00
1.250000000000000000e+02 4.999795263810780099e-03 9.103322712790168532e-04 9.990896677287209870e-01 0.000000000000000000e+00 0.000000000000000000e+00 0.000000000000000000e+00
1.500000000000000000e+02 5.999754316572847301e-03 0.000000000000000000e+00 1.000000000000000000e+00 0.000000000000000000e+00 0.000000000000000000e+00 0.000000000000000000e+00
1.750000000000000000e+02 6.999713369334914503e-03 6.827492034592626399e-04 9.993172507965407680e-01 0.000000000000000000e+00 0.000000000000000000e+00 0.000000000000000000e+00
2.000000000000000000e+02 7.999672422096981705e-03 1.251706873008648227e-03 9.987482931269913156e-01 0.000000000000000000e+00 0.000000000000000000e+00 0.000000000000000000e+00
2.250000000000000000e+02 8.999631474859270952e-03 3.413746017296313199e-04 9.996586253982703285e-01 0.000000000000000000e+00 0.000000000000000000e+00 0.000000000000000000e+00
2.500000000000000000e+02 9.999590527621338154e-03 2.275830678197541916e-03 9.977241693218024121e-01 0.000000000000000000e+00 0.000000000000000000e+00 0.000000000000000000e+00
2.750000000000000000e+02 1.099954958038340536e-02 7.965407373691396923e-04 9.992034592626308775e-01 0.000000000000000000e+00 0.000000000000000000e+00 0.000000000000000000e+00
3.000000000000000000e+02 1.199950863314569460e-02 7.965407373691396923e-04 9.992034592626308775e-01 0.000000000000000000e+00 0.000000000000000000e+00 0.000000000000000000e+00
3.250000000000000000e+02 1.299946768590776180e-02 2.503413746017296455e-03 9.974965862539827421e-01 0.000000000000000000e+00 0.000000000000000000e+00 0.000000000000000000e+00
3.500000000000000000e+02 1.399942673866982901e-02 1.820664542558033706e-03 9.981793354574419741e-01 0.000000000000000000e+00 0.000000000000000000e+00 0.000000000000000000e+00
3.750000000000000000e+02 1.499938579143211825e-02 1.251706873008648227e-03 9.986345015930814251e-01 0.000000000000000000e+00 1.137915339098771066e-04 0.000000000000000000e+00
4.000000000000000000e+02 1.599934484419418546e-02 2.162039144287664864e-03 9.978379608557123026e-01 0.000000000000000000e+00 0.000000000000000000e+00 0.000000000000000000e+00
4.250000000000000000e+02 1.699930389695625266e-02 2.503413746017296455e-03 9.974965862539827421e-01 0.000000000000000000e+00 0.000000000000000000e+00 0.000000000000000000e+00
4.500000000000000000e+02 1.799926294971831986e-02 1.934456076467910759e-03 9.980655439235320836e-01 0.000000000000000000e+00 0.000000000000000000e+00 0.000000000000000000e+00
4.750000000000000000e+02 1.899922200248060911e-02 1.251706873008648227e-03 9.987482931269913156e-01 0.000000000000000000e+00 0.000000000000000000e+00 0.000000000000000000e+00
5.000000000000000000e+02 1.999918105524267631e-02 1.137915339098770958e-03 9.988620846609012061e-01 0.000000000000000000e+00 0.000000000000000000e+00 0.000000000000000000e+00
5.250000000000000000e+02 2.099914010800474351e-02 3.299954483386436255e-03 9.967000455166135087e-01 0.000000000000000000e+00 0.000000000000000000e+00 0.000000000000000000e+00
5.500000000000000000e+02 2.199909916076703276e-02 1.593081474738279385e-03 9.984069185252617551e-01 0.000000000000000000e+00 0.000000000000000000e+00 0.000000000000000000e+00
5.750000000000000000e+02 2.299905821352909996e-02 3.755120619025944465e-03 9.961310878470641672e-01 0.000000000000000000e+00 1.137915339098771066e-04 0.000000000000000000e+00
6.000000000000000000e+02 2.399901726629116716e-02 2.958579881656804664e-03 9.970414201183431802e-01 0.000000000000000000e+00 0.000000000000000000e+00 0.000000000000000000e+00
6.250000000000000000e+02 2.499897631905345641e-02 2.048247610377787811e-03 9.979517523896221931e-01 0.000000000000000000e+00 0.000000000000000000e+00 0.000000000000000000e+00
6.500000000000000000e+02 2.599893537181552361e-02 2.617205279927173507e-03 9.973827947200728516e-01 0.000000000000000000e+00 0.000000000000000000e+00 0.000000000000000000e+00
6.750000000000000000e+02 2.699889442457759081e-02 1.934456076467910759e-03 9.980655439235320836e-01 0.000000000000000000e+00 0.000000000000000000e+00 0.000000000000000000e+00
7.000000000000000000e+02 2.799885347733965801e-02 3.413746017296313308e-03 9.962448793809740577e-01 0.000000000000000000e+00 3.413746017296313199e-04 0.000000000000000000e+00
7.250000000000000000e+02 2.899881253010194726e-02 3.641329085116067413e-03 9.963586709148839482e-01 0.000000000000000000e+00 0.000000000000000000e+00 0.000000000000000000e+00
7.500000000000000000e+02 2.999877158286401446e-02 3.868912152935821518e-03 9.960172963131542767e-01 0.000000000000000000e+00 1.137915339098771066e-04 0.000000000000000000e+00
7.750000000000000000e+02 3.099873063562608166e-02 3.413746017296313308e-03 9.965862539827037292e-01 0.000000000000000000e+00 0.000000000000000000e+00 0.000000000000000000e+00
8.000000000000000000e+02 3.199868968838837091e-02 2.958579881656804664e-03 9.969276285844332897e-01 0.000000000000000000e+00 1.137915339098771066e-04 0.000000000000000000e+00
8.250000000000000000e+02 3.299864874115043811e-02 6.258534365043240920e-03 9.934000910332271284e-01 0.000000000000000000e+00 3.413746017296313199e-04 0.000000000000000000e+00
8.500000000000000000e+02 3.399860779391250531e-02 3.186162949476558769e-03 9.968138370505233992e-01 0.000000000000000000e+00 0.000000000000000000e+00 0.000000000000000000e+00
8.750000000000000000e+02 3.499856684667479456e-02 4.437869822485207214e-03 9.954483386436049352e-01 0.000000000000000000e+00 1.137915339098771066e-04 0.000000000000000000e+00
9.000000000000000000e+02 3.599852589943686176e-02 7.282658170232134826e-03 9.924897587619481154e-01 0.000000000000000000e+00 2.275830678197542133e-04 0.000000000000000000e+00
9.250000000000000000e+02 3.699848495219892897e-02 6.941283568502503235e-03 9.929449248975875664e-01 0.000000000000000000e+00 1.137915339098771066e-04 0.000000000000000000e+00
9.500000000000000000e+02 3.799844400496121821e-02 5.575785161583977738e-03 9.941966317705962508e-01 0.000000000000000000e+00 2.275830678197542133e-04 0.000000000000000000e+00
9.750000000000000000e+02 3.899840305772328541e-02 7.055075102412380721e-03 9.927173418297678964e-01 0.000000000000000000e+00 2.275830678197542133e-04 0.000000000000000000e+00
1.000000000000000000e+03 3.999836211048535262e-02 3.868912152935821518e-03 9.961310878470641672e-01 0.000000000000000000e+00 0.000000000000000000e+00 0.000000000000000000e+00
1.025000000000000000e+03 4.099832116324741982e-02 7.737824305871643035e-03 9.919208010923987739e-01 0.000000000000000000e+00 3.413746017296313199e-04 0.000000000000000000e+00
1.050000000000000000e+03 4.199828021600970906e-02 3.299954483386436255e-03 9.967000455166135087e-01 0.000000000000000000e+00 0.000000000000000000e+00 0.000000000000000000e+00
1.075000000000000000e+03 4.299823926877177627e-02 9.558488848429677609e-03 9.899863450159308575e-01 0.000000000000000000e+00 4.551661356395084266e-04 0.000000000000000000e+00
1.100000000000000000e+03 4.399819832153384347e-02 7.965407373691398007e-03 9.919208010923987739e-01 0.000000000000000000e+00 1.137915339098771066e-04 0.000000000000000000e+00
1.125000000000000000e+03 4.499815737429613272e-02 1.012744651797906244e-02 9.897587619481110766e-01 0.000000000000000000e+00 1.137915339098771066e-04 0.000000000000000000e+00
1.150000000000000000e+03 4.599811642705819992e-02 1.388256713700500647e-02 9.856622667273554628e-01 0.000000000000000000e+00 4.551661356395084266e-04 0.000000000000000000e+00
1.175000000000000000e+03 4.699807547982026712e-02 7.851615839781519654e-03 9.916932180245789930e-01 0.000000000000000000e+00 4.551661356395084266e-04 0.000000000000000000e+00
1.200000000000000000e+03 4.799803453258255637e-02 1.058261265361857065e-02 9.890760127446518446e-01 0.000000000000000000e+00 3.413746017296313199e-04 0.000000000000000000e+00
1.225000000000000000e+03 4.899799358534462357e-02 1.183431952662721866e-02 9.875967228038233792e-01 0.000000000000000000e+00 5.689576695493854790e-04 0.000000000000000000e+00
1.250000000000000000e+03 4.999795263810669077e-02 1.706873008648156567e-02 9.824761037778789730e-01 0.000000000000000000e+00 4.551661356395084266e-04 0.000000000000000000e+00
1.275000000000000000e+03 5.099791169086875797e-02 1.365498406918525323e-02 9.857760582612653533e-01 0.000000000000000000e+00 5.689576695493854790e-04 0.000000000000000000e+00
1.300000000000000000e+03 5.199787074363104722e-02 1.615839781520254925e-02 9.831588529813382049e-01 0.000000000000000000e+00 6.827492034592626399e-04 0.000000000000000000e+00
1.325000000000000000e+03 5.299782979639311442e-02 1.399635867091488309e-02 9.853208921256259023e-01 0.000000000000000000e+00 6.827492034592626399e-04 0.000000000000000000e+00
1.350000000000000000e+03 5.399778884915518162e-02 1.991351843422849502e-02 9.794037323623122626e-01 0.000000000000000000e+00 6.827492034592626399e-04 0.000000000000000000e+00
1.375000000000000000e+03 5.499774790191747087e-02 1.957214383249886169e-02 9.796313154301320436e-01 0.000000000000000000e+00 7.965407373691396923e-04 0.000000000000000000e+00
1.400000000000000000e+03 5.599770695467953807e-02 1.649977241693217911e-02 9.828174783796085334e-01 0.000000000000000000e+00 6.827492034592626399e-04 0.000000000000000000e+00
1.425000000000000000e+03 5.699766600744160527e-02 1.945835229858898507e-02 9.797451069640418231e-01 0.000000000000000000e+00 7.965407373691396923e-04 0.000000000000000000e+00
1.450000000000000000e+03 5.799762506020389452e-02 2.059626763768775473e-02 9.787209831588530307e-01 0.000000000000000000e+00 6.827492034592626399e-04 0.000000000000000000e+00
1.475000000000000000e+03 5.899758411296596172e-02 2.548930359581247015e-02 9.734865725989986229e-01 0.000000000000000000e+00 1.024123805188893906e-03 0.000000000000000000e+00
1.500000000000000000e+03 5.999754316572802892e-02 2.389622212107419055e-02 9.746244879380974169e-01 0.000000000000000000e+00 1.479289940828402332e-03 0.000000000000000000e+00
1.525000000000000000e+03 6.099750221849009613e-02 2.184797451069640448e-02 9.771279016841146747e-01 0.000000000000000000e+00 1.024123805188893906e-03 0.000000000000000000e+00
1.550000000000000000e+03 6.199746127125238537e-02 2.469276285844333035e-02 9.739417387346381849e-01 0.000000000000000000e+00 1.365498406918525280e-03 0.000000000000000000e+00
1.575000000000000000e+03 6.299742032401445258e-02 2.730996813837050646e-02 9.715521165225307065e-01 0.000000000000000000e+00 1.137915339098770958e-03 0.000000000000000000e+00
1.600000000000000000e+03 6.399737937677651978e-02 3.186162949476559203e-02 9.667728720983158608e-01 0.000000000000000000e+00 1.365498406918525280e-03 0.000000000000000000e+00
1.625000000000000000e+03 6.499733842953880902e-02 3.698224852071006069e-02 9.597177969959035382e-01 0.000000000000000000e+00 3.299954483386436255e-03 0.000000000000000000e+00
1.650000000000000000e+03 6.599729748230087623e-02 4.073736913973600299e-02 9.567592171142467183e-01 0.000000000000000000e+00 2.503413746017296455e-03 0.000000000000000000e+00
1.675000000000000000e+03 6.699725653506294343e-02 3.595812471552116418e-02 9.623350022758306865e-01 0.000000000000000000e+00 1.706873008648156654e-03 0.000000000000000000e+00
1.700000000000000000e+03 6.799721558782523267e-02 3.743741465634956717e-02 9.604005461993627701e-01 0.000000000000000000e+00 2.162039144287664864e-03 0.000000000000000000e+00
1.725000000000000000e+03 6.899717464058729988e-02 4.210286754665452935e-02 9.551661356395084734e-01 0.000000000000000000e+00 2.730996813837050560e-03 0.000000000000000000e+00
1.750000000000000000e+03 6.999713369334936708e-02 4.563040509786071841e-02 9.519799726900318726e-01 0.000000000000000000e+00 2.389622212107419402e-03 0.000000000000000000e+00
1.775000000000000000e+03 7.099709274611165633e-02 4.563040509786071841e-02 9.524351388256713236e-01 0.000000000000000000e+00 1.934456076467910759e-03 0.000000000000000000e+00
1.800000000000000000e+03 7.199705179887372353e-02 4.506144742831133532e-02 9.527765134274009950e-01 0.000000000000000000e+00 2.162039144287664864e-03 0.000000000000000000e+00
1.825000000000000000e+03 7.299701085163579073e-02 5.769230769230769551e-02 9.390077378243059103e-01 0.000000000000000000e+00 3.299954483386436255e-03 0.000000000000000000e+00
1.850000000000000000e+03 7.399696990439785793e-02 5.370960400546199304e-02 9.428766499772417431e-01 0.000000000000000000e+00 3.413746017296313308e-03 0.000000000000000000e+00
1.875000000000000000e+03 7.499692895716014718e-02 6.838871187983613931e-02 9.266044606281292895e-01 0.000000000000000000e+00 5.006827492034592909e-03 0.000000000000000000e+00
1.900000000000000000e+03 7.599688800992221438e-02 6.167501137915339104e-02 9.338871187983613931e-01 0.000000000000000000e+00 4.437869822485207214e-03 0.000000000000000000e+00
1.925000000000000000e+03 7.699684706268428158e-02 7.043695949021393232e-02 9.235320892125625791e-01 0.000000000000000000e+00 6.030951297223486815e-03 0.000000000000000000e+00
1.950000000000000000e+03 7.799680611544657083e-02 9.217114246700044977e-02 9.004324078288575839e-01 0.000000000000000000e+00 7.396449704142011444e-03 0.000000000000000000e+00
1.975000000000000000e+03 7.899676516820863803e-02 7.578516158397814728e-02 9.171597633136094885e-01 0.000000000000000000e+00 7.055075102412380721e-03 0.000000000000000000e+00
2.000000000000000000e+03 7.999672422097070523e-02 9.012289485662267063e-02 9.027082385070550608e-01 0.000000000000000000e+00 7.168866636322257339e-03 0.000000000000000000e+00
2.025000000000000000e+03 8.099668327373299448e-02 9.365043240782885969e-02 8.983841602184797770e-01 0.000000000000000000e+00 7.965407373691398007e-03 0.000000000000000000e+00
2.050000000000000000e+03 8.199664232649506168e-02 9.911242603550296515e-02 8.912152935821574529e-01 0.000000000000000000e+00 9.672280382339554228e-03 0.000000000000000000e+00
2.075000000000000000e+03 8.299660137925712888e-02 1.094674556213017791e-01 8.797223486572598450e-01 0.000000000000000000e+00 1.081019572143832562e-02 0.000000000000000000e+00
2.100000000000000000e+03 8.399656043201919609e-02 1.157259899863450209e-01 8.699362767410104835e-01 0.000000000000000000e+00 1.433773327264451468e-02 0.000000000000000000e+00
2.125000000000000000e+03 8.499651948478148533e-02 1.382567137005006885e-01 8.430814747382794350e-01 0.000000000000000000e+00 1.866181156121984527e-02 0.000000000000000000e+00
2.150000000000000000e+03 8.599647853754355253e-02 1.505461993627674189e-01 8.284023668639053373e-01 0.000000000000000000e+00 2.105143377332726468e-02 0.000000000000000000e+00
2.175000000000000000e+03 8.699643759030561974e-02 1.481565771506599960e-01 8.272644515248065433e-01 0.000000000000000000e+00 2.457897132453345374e-02 0.000000000000000000e+00
2.200000000000000000e+03 8.799639664306790898e-02 1.477014110150204895e-01 8.220300409649522466e-01 0.000000000000000000e+00 3.026854802002730896e-02 0.000000000000000000e+00
2.225000000000000000e+03 8.899635569582997618e-02 1.777423759672280279e-01 7.856167501137915066e-01 0.000000000000000000e+00 3.664087391898043083e-02 0.000000000000000000e+00
2.250000000000000000e+03 8.999631474859204339e-02 1.892353208921256358e-01 7.621756941283568398e-01 0.000000000000000000e+00 4.858898497951752438e-02 0.000000000000000000e+00
2.275000000000000000e+03 9.099627380135433263e-02 2.042558033682294050e-01 7.309968138370505075e-01 2.275830678197542133e-04 6.451979972690032039e-02 0.000000000000000000e+00
2.300000000000000000e+03 9.199623285411639984e-02 2.234865725989986229e-01 6.926490669094219621e-01 3.413746017296313199e-04 8.352298588984979899e-02 0.000000000000000000e+00
2.325000000000000000e+03 9.299619190687846704e-02 2.462448793809740577e-01 6.555530268548019901e-01 6.827492034592626399e-04 9.751934456076467861e-02 0.000000000000000000e+00
2.350000000000000000e+03 9.399615095964053424e-02 2.649066909421938787e-01 6.152708238507055283e-01 3.413746017296313308e-03 1.164087391898042806e-01 0.000000000000000000e+00
2.375000000000000000e+03 9.499611001240282349e-02 2.703686845698680119e-01 5.864815657715065633e-01 6.827492034592626616e-03 1.363222576240327721e-01 0.000000000000000000e+00
2.400000000000000000e+03 9.599606906516489069e-02 2.842512517068729871e-01 5.473372781065088954e-01 1.263086026399635846e-02 1.557806099226217433e-01 0.000000000000000000e+00
2.425000000000000000e+03 9.699602811792695789e-02 2.919890760127446527e-01 5.069412835685025431e-01 1.763768775603095224e-02 1.834319526627218866e-01 0.000000000000000000e+00
2.450000000000000000e+03 9.799598717068924714e-02 3.097405553026854608e-01 4.670004551661356418e-01 2.093764223941738806e-02 2.023213472917614886e-01 0.000000000000000000e+00
2.475000000000000000e+03 9.899594622345131434e-02 3.010923987255348377e-01 4.483386436049158208e-01 2.492034592626308706e-02 2.256486117432862926e-01 0.000000000000000000e+00
2.500000000000000000e+03 9.999590527621338154e-02 3.139508420573509095e-01 4.155666818388711881e-01 2.696859353664087314e-02 2.435138825671370189e-01 0.000000000000000000e+00
2.525000000000000000e+03 1.009958643289756708e-01 3.304506144742830887e-01 3.761948111060536837e-01 2.435138825671370050e-02 2.690031861629494925e-01 0.000000000000000000e+00
2.550000000000000000e+03 1.019958233817377380e-01 3.205507510241237812e-01 3.692535275375511961e-01 2.867546654528902936e-02 2.815202548930359483e-01 0.000000000000000000e+00
2.575000000000000000e+03 1.029957824344998052e-01 3.330678197542102925e-01 3.299954483386435822e-01 3.277196176604460498e-02 3.041647701411014926e-01 0.000000000000000000e+00
2.600000000000000000e+03 1.039957414872620944e-01 3.372781065088757413e-01 3.174783796085571264e-01 3.334091943559399501e-02 3.119025944469731582e-01 0.000000000000000000e+00
2.625000000000000000e+03 1.049957005400241616e-01 3.274920345926263243e-01 3.057578516158397930e-01 3.595812471552116418e-02 3.307919890760127601e-01 0.000000000000000000e+00
2.650000000000000000e+03 1.059956595927862288e-01 3.252162039144287919e-01 2.980200273099681274e-01 3.538916704597178109e-02 3.413746017296312996e-01 0.000000000000000000e+00
2.675000000000000000e+03 1.069956186455482960e-01 3.257851615839781334e-01 2.833409194355939742e-01 3.812016385980882688e-02 3.527537551206190169e-01 0.000000000000000000e+00
2.700000000000000000e+03 1.079955776983105853e-01 3.343195266272189214e-01 2.687756030951297115e-01 3.777878925807919702e-02 3.591260810195721631e-01 0.000000000000000000e+00
2.725000000000000000e+03 1.089955367510726525e-01 3.435366408739189970e-01 2.559171597633135842e-01 4.335457441966317910e-02 3.571916249431042467e-01 0.000000000000000000e+00
2.750000000000000000e+03 1.099954958038347197e-01 3.458124715521165293e-01 2.426035502958579781e-01 4.380974055530268557e-02 3.677742375967227861e-01 0.000000000000000000e+00
2.775000000000000000e+03 1.109954548565970089e-01 3.431952662721893255e-01 2.428311333636777314e-01 4.619936276741010150e-02 3.677742375967227861e-01 0.000000000000000000e+00
2.800000000000000000e+03 1.119954139093590761e-01 3.483158852981338427e-01 2.322485207100591642e-01 5.097860719162494031e-02 3.684569868001820736e-01 0.000000000000000000e+00
2.825000000000000000e+03 1.129953729621211433e-01 3.632225762403277214e-01 2.300864815657714946e-01 5.052344105598543383e-02 3.561675011379153433e-01 0.000000000000000000e+00
2.850000000000000000e+03 1.139953320148834326e-01 3.625398270368684339e-01 2.221210741920801035e-01 5.518889394629039602e-02 3.601502048247610110e-01 0.000000000000000000e+00
2.875000000000000000e+03 1.149952910676454998e-01 3.673190714610832797e-01 2.233727810650887602e-01 6.247155211652252738e-02 3.468365953573054328e-01 0.000000000000000000e+00
2.900000000000000000e+03 1.159952501204075670e-01 3.733500227583067543e-01 2.126763768775603025e-01 7.123350022758306865e-02 3.427401001365498190e-01 0.000000000000000000e+00
2.925000000000000000e+03 1.169952091731696342e-01 3.859808830223031562e-01 2.118798361401911801e-01 7.669549385525717411e-02 3.254437869822485174e-01 0.000000000000000000e+00
2.950000000000000000e+03 1.179951682259319234e-01 3.868912152935821691e-01 2.017523896222121194e-01 8.522985889849794827e-02 3.261265361857078049e-01 0.000000000000000000e+00
2.975000000000000000e+03 1.189951272786939906e-01 3.689121529358215801e-01 2.022075557578516258e-01 8.978152025489304078e-02 3.390987710514337672e-01 0.000000000000000000e+00
3.000000000000000000e+03 1.199950863314560578e-01 3.761948111060536837e-01 1.961766044606281234e-01 8.932635411925353430e-02 3.383022303140646447e-01 0.000000000000000000e+00
3.025000000000000000e+03 1.209950453842183471e-01 3.966772872098315861e-01 1.842284934000910368e-01 9.592626308602640595e-02 3.231679563040509851e-01 0.000000000000000000e+00
3.050000000000000000e+03 1.219950044369804143e-01 4.080564406008193035e-01 1.804733727810650945e-01 9.911242603550296515e-02 3.123577605826126646e-01 0.000000000000000000e+00
3.075000000000000000e+03 1.229949634897424815e-01 4.162494310423304755e-01 1.652253072371415443e-01 1.095812471552116557e-01 3.089440145653163383e-01 0.000000000000000000e+00
3.100000000000000000e+03 1.239949225425047707e-01 4.080564406008193035e-01 1.652253072371415443e-01 1.135639508420573512e-01 3.131543013199817871e-01 0.000000000000000000e+00
3.125000000000000000e+03 1.249948815952668379e-01 4.120391442876649712e-01 1.568047337278106468e-01 1.101502048247610388e-01 3.210059171597632877e-01 0.000000000000000000e+00
3.150000000000000000e+03 1.259948406480289052e-01 4.086253982703687004e-01 1.564633591260810308e-01 1.170914883932635403e-01 3.178197542102867423e-01 0.000000000000000000e+00
3.175000000000000000e+03 1.269947997007909724e-01 4.113563950842057393e-01 1.480427856167501055e-01 1.183431952662721831e-01 3.222576240327719721e-01 0.000000000000000000e+00
3.200000000000000000e+03 1.279947587535532616e-01 4.267182521620391245e-01 1.388256713700500578e-01 1.190259444697314567e-01 3.154301319981793195e-01 0.000000000000000000e+00
3.225000000000000000e+03 1.289947178063153288e-01 4.408284023668638807e-01 1.389394629039599482e-01 1.202776513427400995e-01 2.999544833864360438e-01 0.000000000000000000e+00
3.250000000000000000e+03 1.299946768590773960e-01 4.279699590350478089e-01 1.312016385980883104e-01 1.199362767410104696e-01 3.208921256258534527e-01 0.000000000000000000e+00
3.275000000000000000e+03 1.309946359118396852e-01 4.328629949931724896e-01 1.277878925807919841e-01 1.242603550295857950e-01 3.150887573964497035e-01 0.000000000000000000e+00
3.300000000000000000e+03 1.319945949646017525e-01 4.288802913063268218e-01 1.226672735548475224e-01 1.296085571233500100e-01 3.188438780154756458e-01 0.000000000000000000e+00
3.325000000000000000e+03 1.329945540173638197e-01 4.275147928994083024e-01 1.223258989531178925e-01 1.273327264451524776e-01 3.228265817023213691e-01 0.000000000000000000e+00
3.350000000000000000e+03 1.339945130701261089e-01 4.380974055530268418e-01 1.142467000455166110e-01 1.305188893946290507e-01 3.171370050068275104e-01 0.000000000000000000e+00
3.375000000000000000e+03 1.349944721228881761e-01 4.476558944014565333e-01 1.158397815202548975e-01 1.404187528447883582e-01 2.960855712335002110e-01 0.000000000000000000e+00
3.400000000000000000e+03 1.359944311756502433e-01 4.347974510696404060e-01 1.139053254437869811e-01 1.382567137005006885e-01 3.130405097860718966e-01 0.000000000000000000e+00
3.425000000000000000e+03 1.369943902284125326e-01 4.393491124260355263e-01 1.118570778334091881e-01 1.416704597177969871e-01 3.071233500227583124e-01 0.000000000000000000e+00
3.450000000000000000e+03 1.379943492811745998e-01 4.566454255803368278e-01 1.028675466545289074e-01 1.399635867091488517e-01 3.005234410559854408e-01 0.000000000000000000e+00
3.475000000000000000e+03 1.389943083339366670e-01 4.577833409194355663e-01 9.717796995903504875e-02 1.457669549385525731e-01 2.992717341829768118e-01 0.000000000000000000e+00
3.500000000000000000e+03 1.399942673866987342e-01 4.576695493855257313e-01 9.353664087391898307e-02 1.459945380063723264e-01 3.027992717341829731e-01 0.000000000000000000e+00
3.525000000000000000e+03 1.409942264394610234e-01 4.580109239872553473e-01 9.638142922166591242e-02 1.469048702776513393e-01 2.987027765134274149e-01 0.000000000000000000e+00
3.550000000000000000e+03 1.419941854922230906e-01 4.681383705052344357e-01 9.262630860263997012e-02 1.489531178880291185e-01 2.902822030040965173e-01 0.000000000000000000e+00
3.575000000000000000e+03 1.429941445449851578e-01 4.671142467000455323e-01 8.921256258534364381e-02 1.585116067364588099e-01 2.851615839781520001e-01 0.000000000000000000e+00
3.600000000000000000e+03 1.439941035977474471e-01 4.695038689121529552e-01 8.090578060992262288e-02 1.568047337278106468e-01 2.927856167501137752e-01 0.000000000000000000e+00
3.625000000000000000e+03 1.449940626505095143e-01 4.805416477014110010e-01 8.386436049157942885e-02 1.545289030496131144e-01 2.810650887573964418e-01 0.000000000000000000e+00
3.650000000000000000e+03 1.459940217032715815e-01 4.722348657259899940e-01 8.511606736458807165e-02 1.651115157032316816e-01 2.775375512061902805e-01 0.000000000000000000e+00
3.675000000000000000e+03 1.469939807560338707e-01 4.691624943104232837e-01 8.454710969503868856e-02 1.632908511606736557e-01 2.829995448338643582e-01 0.000000000000000000e+00
3.700000000000000000e+03 1.479939398087959379e-01 4.850933090578061213e-01 8.500227583067819503e-02 1.569185252617205373e-01 2.729858898497951603e-01 0.000000000000000000e+00
3.725000000000000000e+03 1.489938988615580051e-01 4.862312243969048597e-01 7.965407373691398007e-02 1.599908966772872199e-01 2.741238051888939542e-01 0.000000000000000000e+00
3.750000000000000000e+03 1.499938579143200723e-01 4.862312243969048597e-01 7.885753299954482987e-02 1.645425580336822846e-01 2.703686845698680119e-01 0.000000000000000000e+00
3.775000000000000000e+03 1.509938169670823616e-01 5.020482476103778069e-01 7.817478379608557015e-02 1.676149294492489672e-01 2.521620391442876419e-01 0.000000000000000000e+00
3.800000000000000000e+03 1.519937760198444288e-01 4.995448338643604935e-01 7.828857532999544677e-02 1.664770141101502010e-01 2.556895766954938587e-01 0.000000000000000000e+00
3.825000000000000000e+03 1.529937350726064960e-01 4.989758761948110966e-01 8.022303140646336317e-02 1.697769685935366368e-01 2.510241238051889034e-01 0.000000000000000000e+00
3.850000000000000000e+03 1.539936941253687852e-01 5.089895311788802390e-01 7.806099226217569353e-02 1.762630860263996457e-01 2.366863905325443662e-01 0.000000000000000000e+00
3.875000000000000000e+03 1.549936531781308524e-01 5.067137005006827621e-01 7.942649066909421296e-02 1.761492944924897552e-01 2.377105143377332697e-01 0.000000000000000000e+00
3.900000000000000000e+03 1.559936122308929196e-01 5.210514337733272994e-01 7.305416477014110843e-02 1.804733727810650945e-01 2.254210286754665393e-01 0.000000000000000000e+00
3.925000000000000000e+03 1.569935712836552089e-01 5.251479289940828021e-01 7.669549385525717411e-02 1.844560764679107900e-01 2.137005006827492060e-01 0.000000000000000000e+00
3.950000000000000000e+03 1.579935303364172761e-01 5.290168411470186349e-01 7.464724624487938109e-02 1.893491124260354985e-01 2.069868001820664438e-01 0.000000000000000000e+00
3.975000000000000000e+03 1.589934893891793433e-01 5.205962676376877374e-01 8.101957214383249950e-02 1.972007282658170269e-01 2.011834319526627224e-01 0.000000000000000000e+00
4.000000000000000000e+03 1.599934484419414105e-01 5.328857532999544677e-01 7.897132453345470648e-02 1.934456076467910846e-01 1.946973145197997135e-01 0.000000000000000000e+00
4.025000000000000000e+03 1.609934074947036997e-01 5.377787892580792040e-01 8.716431497496586467e-02 1.901456531634046487e-01 1.849112426035502965e-01 0.000000000000000000e+00
4.050000000000000000e+03 1.619933665474657669e-01 5.451752389622211981e-01 8.614019116977697510e-02 1.960628129267182607e-01 1.726217569412835662e-01 0.000000000000000000e+00
4.075000000000000000e+03 1.629933256002278341e-01 5.441511151570322946e-01 8.329540282203004575e-02 2.096040054619936199e-01 1.629494765589440120e-01 0.000000000000000000e+00
4.100000000000000000e+03 1.639932846529901234e-01 5.532544378698225351e-01 7.760582612653618706e-02 2.075557578516158408e-01 1.615839781520254925e-01 0.000000000000000000e+00
4.125000000000000000e+03 1.649932437057521906e-01 5.534820209376422051e-01 7.806099226217569353e-02 2.075557578516158408e-01 1.609012289485662328e-01 0.000000000000000000e+00
4.150000000000000000e+03 1.659932027585142578e-01 5.381201638598088755e-01 7.851615839781520001e-02 2.175694128356850388e-01 1.657942649066909413e-01 0.000000000000000000e+00
4.175000000000000000e+03 1.669931618112765470e-01 5.440373236231224041e-01 7.646791078743742087e-02 2.254210286754665393e-01 1.540737369139736079e-01 0.000000000000000000e+00
4.200000000000000000e+03 1.679931208640386142e-01 5.394856622667273394e-01 7.783340919435594030e-02 2.243969048702776636e-01 1.582840236686390567e-01 0.000000000000000000e+00
4.225000000000000000e+03 1.689930799168006814e-01 5.423304506144742687e-01 7.476103777878925771e-02 2.298588984979517413e-01 1.530496131087847045e-01 0.000000000000000000e+00
4.250000000000000000e+03 1.699930389695629707e-01 5.465407373691397730e-01 7.419208010923987462e-02 2.408966772872098427e-01 1.383705052344105513e-01 0.000000000000000000e+00
4.275000000000000000e+03 1.709929980223250379e-01 5.426718252162039402e-01 7.624032771961765376e-02 2.430587164314974846e-01 1.380291306326809353e-01 0.000000000000000000e+00
4.300000000000000000e+03 1.719929570750871051e-01 5.532544378698225351e-01 7.715065999089668058e-02 2.378243058716431602e-01 1.317705962676376796e-01 0.000000000000000000e+00
4.325000000000000000e+03 1.729929161278491723e-01 5.523441055985435222e-01 7.703686845698680397e-02 2.416932180245789652e-01 1.289258079198907503e-01 0.000000000000000000e+00
4.350000000000000000e+03 1.739928751806114615e-01 5.632680928538916776e-01 7.430587164314975124e-02 2.441966317705962786e-01 1.182294037323623065e-01 0.000000000000000000e+00
4.375000000000000000e+03 1.749928342333735287e-01 5.475648611743286764e-01 7.578516158397814728e-02 2.500000000000000000e-01 1.266499772416932179e-01 0.000000000000000000e+00
4.400000000000000000e+03 1.759927932861355959e-01 5.593991807009558448e-01 7.954028220300408958e-02 2.519344560764679164e-01 1.091260810195721492e-01 0.000000000000000000e+00
4.425000000000000000e+03 1.769927523388978852e-01 5.601957214383249672e-01 7.771961766044606368e-02 2.502275830678197810e-01 1.118570778334091881e-01 0.000000000000000000e+00
4.450000000000000000e+03 1.779927113916599524e-01 5.578060992262175999e-01 7.737824305871643382e-02 2.534137460172963263e-01 1.114019116977696816e-01 0.000000000000000000e+00
4.475000000000000000e+03 1.789926704444220196e-01 5.527992717341829731e-01 7.612653618570777714e-02 2.547792444242148457e-01 1.162949476558944040e-01 0.000000000000000000e+00
4.500000000000000000e+03 1.799926294971843088e-01 5.534820209376422051e-01 8.136094674556212936e-02 2.548930359581247362e-01 1.102639963586709154e-01 0.000000000000000000e+00
4.525000000000000000e+03 1.809925885499463760e-01 5.599681383705051863e-01 8.113336367774237612e-02 2.535275375512062168e-01 1.053709604005461931e-01 0.000000000000000000e+00
4.550000000000000000e+03 1.819925476027084432e-01 5.562130177514792440e-01 8.591260810195720798e-02 2.550068274920345712e-01 1.028675466545289074e-01 0.000000000000000000e+00
4.575000000000000000e+03 1.829925066554705104e-01 5.551888939462903405e-01 8.397815202548930547e-02 2.605826126536185949e-01 1.002503413746017313e-01 0.000000000000000000e+00
4.600000000000000000e+03 1.839924657082327997e-01 5.621301775147928836e-01 8.352298588984979899e-02 2.626308602639963463e-01 9.171597633136094330e-02 0.000000000000000000e+00
4.625000000000000000e+03 1.849924247609948669e-01 5.576923076923077094e-01 8.409194355939918208e-02 2.579654073736913911e-01 1.002503413746017313e-01 0.000000000000000000e+00
4.650000000000000000e+03 1.859923838137569341e-01 5.638370505234410190e-01 8.295402822030041590e-02 2.651342740100136597e-01 8.807464724624487762e-02 0.000000000000000000e+00
4.675000000000000000e+03 1.869923428665192233e-01 5.682749203459263043e-01 8.375056895766955223e-02 2.659308147473827821e-01 8.204369594902138907e-02 0.000000000000000000e+00
4.700000000000000000e+03 1.879923019192812905e-01 5.646335912608101415e-01 8.215748748293126569e-02 2.685480200273099860e-01 8.466090122894856518e-02 0.000000000000000000e+00
4.725000000000000000e+03 1.889922609720433577e-01 5.718024578971324656e-01 8.420573509330905870e-02 2.653618570778333852e-01 7.862994993172507663e-02 0.000000000000000000e+00
4.750000000000000000e+03 1.899922200248056470e-01 5.692990441511152078e-01 8.318161128812016913e-02 2.682066454255803145e-01 7.931269913518433634e-02 0.000000000000000000e+00
4.775000000000000000e+03 1.909921790775677142e-01 5.740782885753299425e-01 8.318161128812016913e-02 2.625170687300864558e-01 8.022303140646336317e-02 0.000000000000000000e+00
4.800000000000000000e+03 1.919921381303297814e-01 5.819299044151114986e-01 7.954028220300408958e-02 2.657032316795630567e-01 7.282658170232134132e-02 0.000000000000000000e+00
4.825000000000000000e+03 1.929920971830920706e-01 5.763541192535275304e-01 8.101957214383249950e-02 2.693445607646791085e-01 7.328174783796086167e-02 0.000000000000000000e+00
4.850000000000000000e+03 1.939920562358541378e-01 5.796540737369140217e-01 8.056440600819299303e-02 2.653618570778333852e-01 7.441966317705962786e-02 0.000000000000000000e+00
4.875000000000000000e+03 1.949920152886162050e-01 5.755575785161584079e-01 8.067819754210286964e-02 2.697997269003186149e-01 7.396449704142012138e-02 0.000000000000000000e+00
4.900000000000000000e+03 1.959919743413782722e-01 5.769230769230768718e-01 7.806099226217569353e-02 2.679790623577605890e-01 7.703686845698680397e-02 0.000000000000000000e+00
4.925000000000000000e+03 1.969919333941405615e-01 5.810195721438324856e-01 7.783340919435594030e-02 2.724169321802457633e-01 6.873008648156576916e-02 0.000000000000000000e+00
4.950000000000000000e+03 1.979918924469026287e-01 5.774920345926263243e-01 8.215748748293126569e-02 2.726445152480655443e-01 6.770596267637687959e-02 0.000000000000000000e+00
4.975000000000000000e+03 1.989918514996646959e-01 5.837505689576695245e-01 7.760582612653618706e-02 2.732134729176149412e-01 6.543013199817933334e-02 0.000000000000000000e+00
5.000000000000000000e+03 1.999918105524269851e-01 5.894401456531633832e-01 7.965407373691398007e-02 2.664997724169321791e-01 6.440600819299044377e-02 0.000000000000000000e+00
5.025000000000000000e+03 2.009917696051890523e-01 5.852298588984979899e-01 8.033682294037323979e-02 2.680928538916704795e-01 6.634046426945834629e-02 0.000000000000000000e+00
5.050000000000000000e+03 2.019917286579511195e-01 5.827264451524806210e-01 8.227127901684114231e-02 2.713928083750569153e-01 6.360946745562130744e-02 0.000000000000000000e+00
5.075000000000000000e+03 2.029916877107134088e-01 5.994538006372326366e-01 8.215748748293126569e-02 2.627446517979062368e-01 5.564406008192990249e-02 0.000000000000000000e+00
5.100000000000000000e+03 2.039916467634754760e-01 5.976331360946746107e-01 7.999544833864360993e-02 2.687756030951297115e-01 5.359581247155211642e-02 0.000000000000000000e+00
5.125000000000000000e+03 2.049916058162375432e-01 5.910332271279017391e-01 7.988165680473373331e-02 2.653618570778333852e-01 6.372325898953118406e-02 0.000000000000000000e+00
5.150000000000000000e+03 2.059915648689996104e-01 5.880746472462449193e-01 8.079198907601274626e-02 2.727583067819754348e-01 5.837505689576695522e-02 0.000000000000000000e+00
5.175000000000000000e+03 2.069915239217618996e-01 5.960400546199362548e-01 7.658170232134729749e-02 2.663859808830222886e-01 6.099226217569413133e-02 0.000000000000000000e+00
5.200000000000000000e+03 2.079914829745239668e-01 5.927401001365498745e-01 7.942649066909421296e-02 2.717341829767865313e-01 5.609922621756941591e-02 0.000000000000000000e+00
5.225000000000000000e+03 2.089914420272860340e-01 5.980883022303140617e-01 7.726445152480655720e-02 2.716203914428766408e-01 5.302685480200273332e-02 0.000000000000000000e+00
5.250000000000000000e+03 2.099914010800483233e-01 5.937642239417387779e-01 7.578516158397814728e-02 2.746927628584433512e-01 5.564406008192990249e-02 1.137915339098771066e-04
5.275000000000000000e+03 2.109913601328103905e-01 6.015020482476103325e-01 7.760582612653618706e-02 2.734410559854346667e-01 4.745106964041875125e-02 0.000000000000000000e+00
5.300000000000000000e+03 2.119913191855724577e-01 5.962676376877560358e-01 7.794720072826581692e-02 2.744651797906235702e-01 5.131998179335457710e-02 0.000000000000000000e+00
5.325000000000000000e+03 2.129912782383347469e-01 5.970641784251251583e-01 7.999544833864360993e-02 2.738962221210741732e-01 4.904415111515703085e-02 0.000000000000000000e+00
5.350000000000000000e+03 2.139912372910968141e-01 5.931952662721893255e-01 8.067819754210286964e-02 2.704824761037779024e-01 5.564406008192990249e-02 0.000000000000000000e+00
5.375000000000000000e+03 2.149911963438588813e-01 6.015020482476103325e-01 7.715065999089668058e-02 2.670687300864815761e-01 5.427856167501137613e-02 0.000000000000000000e+00
5.400000000000000000e+03 2.159911553966209485e-01 6.021847974510696755e-01 7.373691397360036814e-02 2.732134729176149412e-01 5.086481565771506369e-02 0.000000000000000000e+00
5.425000000000000000e+03 2.169911144493832378e-01 6.021847974510696755e-01 7.612653618570777714e-02 2.690031861629494925e-01 5.268548020027309653e-02 0.000000000000000000e+00
5.450000000000000000e+03 2.179910735021453050e-01 6.088984979517524376e-01 7.328174783796086167e-02 2.678652708238506985e-01 4.995448338643605074e-02 0.000000000000000000e+00
5.475000000000000000e+03 2.189910325549073722e-01 6.126536185707783799e-01 7.157487482931269851e-02 2.642239417387346467e-01 5.154756486117433034e-02 0.000000000000000000e+00
5.500000000000000000e+03 2.199909916076696614e-01 6.128812016385980499e-01 7.760582612653618706e-02 2.670687300864815761e-01 4.244424214838415921e-02 0.000000000000000000e+00
5.525000000000000000e+03 2.209909506604317286e-01 6.061675011379152878e-01 7.635411925352754425e-02 2.738962221210741732e-01 4.358215748748293233e-02 0.000000000000000000e+00
5.550000000000000000e+03 2.219909097131937958e-01 6.075329995448338627e-01 7.806099226217569353e-02 2.686618115612198210e-01 4.574419663177059503e-02 0.000000000000000000e+00
5.575000000000000000e+03 2.229908687659560851e-01 6.115157032316795860e-01 7.601274465179790052e-02 2.712790168411470249e-01 4.119253527537550946e-02 0.000000000000000000e+00
5.600000000000000000e+03 2.239908278187181523e-01 6.185707783340919086e-01 7.544378698224851743e-02 2.654756486117432757e-01 4.050978607191624975e-02 0.000000000000000000e+00
5.625000000000000000e+03 2.249907868714802195e-01 6.120846609012289274e-01 7.658170232134729749e-02 2.643377332726445372e-01 4.699590350477924477e-02 0.000000000000000000e+00
5.650000000000000000e+03 2.259907459242425087e-01 6.131087847064178309e-01 7.851615839781520001e-02 2.678652708238506985e-01 4.050978607191624975e-02 0.000000000000000000e+00
5.675000000000000000e+03 2.269907049770045759e-01 6.186845698680017991e-01 7.715065999089668058e-02 2.622894856622667303e-01 4.187528447883477611e-02 0.000000000000000000e+00
