# itime ezz other fcc hcp bcc ico
0.000000000000000000e+00 0.000000000000000000e+00 2.275830678197542133e-04 9.997724169321802190e-01 0.000000000000000000e+00 0.000000000000000000e+00 0.000000000000000000e+00
3.000000000000000000e+01 1.200000332637762845e-02 4.551661356395084266e-04 9.995448338643604380e-01 0.000000000000000000e+00 0.000000000000000000e+00 0.000000000000000000e+00
6.000000000000000000e+01 2.400000665275547895e-02 7.965407373691396923e-04 9.992034592626308775e-01 0.000000000000000000e+00 0.000000000000000000e+00 0.000000000000000000e+00
9.000000000000000000e+01 3.600000997913310741e-02 5.348202093764223633e-03 9.946517979062358128e-01 0.000000000000000000e+00 0.000000000000000000e+00 0.000000000000000000e+00
1.200000000000000000e+02 4.800001330551095791e-02 8.306781975421027864e-03 9.912380518889394310e-01 0.000000000000000000e+00 4.551661356395084266e-04 0.000000000000000000e+00
1.500000000000000000e+02 6.000001663188858636e-02 1.888939462903959851e-02 9.800864815657714946e-01 0.000000000000000000e+00 1.024123805188893906e-03 0.000000000000000000e+00
1.800000000000000000e+02 7.200001995826643686e-02 3.641329085116067066e-02 9.613108784706417831e-01 0.000000000000000000e+00 2.275830678197541916e-03 0.000000000000000000e+00
2.100000000000000000e+02 8.400002328464406531e-02 7.635411925352754425e-02 9.200045516613564178e-01 0.000000000000000000e+00 3.641329085116067413e-03 0.000000000000000000e+00
2.400000000000000000e+02 9.600002661102169377e-02 1.273327264451524776e-01 8.659535730541647602e-01 1.137915339098771066e-04 6.599908966772872511e-03 0.000000000000000000e+00
2.700000000000000000e+02 1.080000299373995443e-01 2.180245789713245452e-01 7.655894401456531106e-01 0.000000000000000000e+00 1.638598088302230249e-02 0.000000000000000000e+00
3.000000000000000000e+02 1.200000332637771727e-01 3.552571688666363303e-01 6.128812016385980499e-01 0.000000000000000000e+00 3.186162949476559203e-02 0.000000000000000000e+00
3.300000000000000000e+02 1.320000365901550232e-01 5.265134274010013771e-01 4.121529358215748617e-01 1.251706873008648227e-03 6.008192990441511144e-02 0.000000000000000000e+00
3.600000000000000000e+02 1.440000399165326517e-01 6.326809285389166648e-01 2.487482931269913433e-01 6.030951297223486815e-03 1.125398270368684617e-01 0.000000000000000000e+00
3.900000000000000000e+02 1.560000432429102801e-01 6.983386436049158208e-01 1.413290851160673711e-01 1.456531634046426965e-02 1.457669549385525731e-01 0.000000000000000000e+00
4.200000000000000000e+02 1.680000465692881306e-01 7.422621756941283344e-01 7.385070550751024476e-02 2.287209831588529751e-02 1.610150204824760956e-01 0.000000000000000000e+00
4.500000000000000000e+02 1.800000498956657591e-01 7.898270368684570109e-01 4.483386436049158208e-02 3.231679563040509851e-02 1.330223031406463363e-01 0.000000000000000000e+00
4.800000000000000000e+02 1.920000532220436096e-01 8.241920801092398330e-01 3.482020937642239106e-02 3.482020937642239106e-02 1.061675011379153433e-01 0.000000000000000000e+00
5.100000000000000000e+02 2.040000565484212380e-01 8.558261265361857273e-01 2.765134274010013632e-02 2.913063268092853930e-02 8.739189804278561791e-02 0.000000000000000000e+00
5.400000000000000000e+02 2.160000598747990885e-01 8.819981793354574329e-01 2.423759672280382388e-02 3.254437869822485174e-02 6.121984524351388457e-02 0.000000000000000000e+00
5.700000000000000000e+02 2.280000632011767170e-01 8.996358670914883504e-01 2.173418297678652786e-02 3.038233955393718558e-02 4.824761037778789452e-02 0.000000000000000000e+00
6.000000000000000000e+02 2.400000665275543454e-01 9.156804733727810230e-01 1.752389622212107562e-02 2.605826126536185672e-02 4.073736913973600299e-02 0.000000000000000000e+00
6.300000000000000000e+02 2.520000698539321959e-01 9.269458352298588499e-01 1.741010468821119553e-02 2.503413746017296368e-02 3.060992262175694228e-02 0.000000000000000000e+00
6.600000000000000000e+02 2.640000731803098244e-01 9.417387346381429492e-01 1.502048247610377786e-02 2.378243058716431393e-02 1.945835229858898507e-02 0.000000000000000000e+00
6.900000000000000000e+02 2.760000765066876749e-01 9.404870277651342647e-01 1.615839781520254925e-02 2.287209831588529751e-02 2.025489303595812488e-02 2.275830678197542133e-04
7.200000000000000000e+02 2.880000798330653033e-01 9.545971779699590209e-01 1.319981793354574502e-02 1.900318616294947513e-02 1.319981793354574502e-02 0.000000000000000000e+00
7.500000000000000000e+02 3.000000831594429318e-01 9.600591715976330986e-01 1.115157032316795548e-02 1.547564861174328607e-02 1.331360946745562164e-02 0.000000000000000000e+00
7.800000000000000000e+02 3.120000864858207823e-01 9.592626308602639762e-01 1.160673645880746542e-02 1.536185707783340945e-02 1.376877560309512985e-02 0.000000000000000000e+00
8.100000000000000000e+02 3.240000898121984108e-01 9.616522530723714546e-01 1.103777878925807886e-02 1.536185707783340945e-02 1.149294492489758707e-02 4.551661356395084266e-04
8.400000000000000000e+02 3.360000931385762613e-01 9.685935366408738867e-01 1.035502958579881741e-02 1.183431952662721866e-02 9.217114246700046018e-03 0.000000000000000000e+00
8.700000000000000000e+02 3.480000964649538897e-01 9.707555757851615841e-01 9.899863450159307465e-03 1.115157032316795548e-02 8.192990441511151245e-03 0.000000000000000000e+00
9.000000000000000000e+02 3.600000997913317402e-01 9.731451979972689514e-01 9.103322712790167665e-03 1.172052799271734204e-02 5.689576695493855224e-03 3.413746017296313199e-04
9.300000000000000000e+02 3.720001031177091466e-01 9.746244879380974169e-01 7.737824305871643035e-03 1.172052799271734204e-02 5.917159763313609329e-03 0.000000000000000000e+00
9.600000000000000000e+02 3.840001064440872192e-01 9.817933545744196300e-01 6.372325898953117539e-03 7.965407373691398007e-03 3.755120619025944465e-03 1.137915339098771066e-04
9.900000000000000000e+02 3.960001097704646256e-01 9.817933545744196300e-01 5.461993627674101119e-03 8.761948111060537808e-03 3.755120619025944465e-03 2.275830678197542133e-04
1.020000000000000000e+03 4.080001130968426981e-01 9.841829767865271084e-01 5.006827492034592909e-03 6.372325898953117539e-03 4.096495220755575623e-03 3.413746017296313199e-04
1.050000000000000000e+03 4.200001164232201045e-01 9.848657259899863403e-01 4.437869822485207214e-03 6.941283568502503235e-03 3.527537551206190360e-03 2.275830678197542133e-04
1.080000000000000000e+03 4.320001197495981771e-01 9.871415566681839282e-01 3.641329085116067413e-03 5.917159763313609329e-03 3.299954483386436255e-03 0.000000000000000000e+00
1.110000000000000000e+03 4.440001230759755835e-01 9.865725989986344757e-01 4.210286754665453109e-03 7.282658170232134826e-03 1.706873008648156654e-03 2.275830678197542133e-04
1.140000000000000000e+03 4.560001264023536560e-01 9.878243058716431602e-01 4.096495220755575623e-03 6.030951297223486815e-03 2.048247610377787811e-03 0.000000000000000000e+00
1.170000000000000000e+03 4.680001297287310624e-01 9.889622212107419541e-01 3.413746017296313308e-03 5.234410559854347014e-03 1.934456076467910759e-03 4.551661356395084266e-04
1.200000000000000000e+03 4.800001330551089129e-01 9.888484296768320636e-01 3.299954483386436255e-03 5.006827492034592909e-03 2.389622212107419402e-03 4.551661356395084266e-04
1.230000000000000000e+03 4.920001363814863193e-01 9.901001365498406370e-01 2.844788347746927612e-03 5.120619025944469528e-03 1.365498406918525280e-03 5.689576695493854790e-04
1.260000000000000000e+03 5.040001397078643919e-01 9.908966772872098705e-01 2.048247610377787811e-03 4.665452890304961318e-03 1.934456076467910759e-03 4.551661356395084266e-04
1.290000000000000000e+03 5.160001430342417983e-01 9.920345926263085534e-01 2.048247610377787811e-03 3.527537551206190360e-03 1.365498406918525280e-03 1.024123805188893906e-03
1.320000000000000000e+03 5.280001463606198708e-01 9.920345926263085534e-01 2.389622212107419402e-03 3.527537551206190360e-03 1.137915339098770958e-03 9.103322712790168532e-04
1.350000000000000000e+03 5.400001496869972772e-01 9.922621756941283344e-01 1.820664542558033706e-03 3.868912152935821518e-03 6.827492034592626399e-04 1.365498406918525280e-03
1.380000000000000000e+03 5.520001530133753498e-01 9.934000910332271284e-01 1.479289940828402332e-03 3.413746017296313308e-03 9.103322712790168532e-04 7.965407373691396923e-04
1.410000000000000000e+03 5.640001563397527562e-01 9.932862994993172379e-01 1.820664542558033706e-03 3.299954483386436255e-03 9.103322712790168532e-04 6.827492034592626399e-04
1.440000000000000000e+03 5.760001596661308287e-01 9.940828402366863603e-01 1.365498406918525280e-03 3.072371415566681717e-03 1.024123805188893906e-03 4.551661356395084266e-04
1.470000000000000000e+03 5.880001629925082351e-01 9.946517979062358128e-01 7.965407373691396923e-04 3.527537551206190360e-03 6.827492034592626399e-04 3.413746017296313199e-04
1.500000000000000000e+03 6.000001663188863077e-01 9.949931725079653733e-01 6.827492034592626399e-04 2.730996813837050560e-03 1.024123805188893906e-03 5.689576695493854790e-04
1.530000000000000000e+03 6.120001696452637141e-01 9.943104233045061413e-01 1.024123805188893906e-03 3.413746017296313308e-03 5.689576695493854790e-04 6.827492034592626399e-04
1.560000000000000000e+03 6.240001729716415646e-01 9.959035047792443862e-01 9.103322712790168532e-04 2.048247610377787811e-03 5.689576695493854790e-04 5.689576695493854790e-04
1.590000000000000000e+03 6.360001762980189710e-01 9.959035047792443862e-01 7.965407373691396923e-04 2.162039144287664864e-03 4.551661356395084266e-04 6.827492034592626399e-04
1.620000000000000000e+03 6.480001796243970436e-01 9.959035047792443862e-01 7.965407373691396923e-04 2.389622212107419402e-03 4.551661356395084266e-04 4.551661356395084266e-04
1.650000000000000000e+03 6.600001829507744500e-01 9.969276285844332897e-01 3.413746017296313199e-04 1.820664542558033706e-03 0.000000000000000000e+00 9.103322712790168532e-04
1.680000000000000000e+03 6.720001862771525225e-01 9.968138370505233992e-01 2.275830678197542133e-04 2.048247610377787811e-03 3.413746017296313199e-04 5.689576695493854790e-04
1.710000000000000000e+03 6.840001896035299289e-01 9.978379608557123026e-01 1.137915339098771066e-04 1.479289940828402332e-03 1.137915339098771066e-04 4.551661356395084266e-04
1.740000000000000000e+03 6.960001929299080015e-01 9.971552116522530707e-01 3.413746017296313199e-04 1.820664542558033706e-03 0.000000000000000000e+00 6.827492034592626399e-04
1.770000000000000000e+03 7.080001962562854079e-01 9.972690031861629611e-01 2.275830678197542133e-04 1.706873008648156654e-03 3.413746017296313199e-04 4.551661356395084266e-04
1.800000000000000000e+03 7.200001995826634804e-01 9.971552116522530707e-01 0.000000000000000000e+00 1.365498406918525280e-03 4.551661356395084266e-04 1.024123805188893906e-03
1.830000000000000000e+03 7.320002029090408868e-01 9.969276285844332897e-01 3.413746017296313199e-04 1.820664542558033706e-03 1.137915339098771066e-04 7.965407373691396923e-04
1.860000000000000000e+03 7.440002062354189594e-01 9.978379608557123026e-01 4.551661356395084266e-04 1.251706873008648227e-03 2.275830678197542133e-04 2.275830678197542133e-04
1.890000000000000000e+03 7.560002095617963658e-01 9.971552116522530707e-01 5.689576695493854790e-04 7.965407373691396923e-04 1.137915339098771066e-04 1.365498406918525280e-03
1.920000000000000000e+03 7.680002128881742163e-01 9.971552116522530707e-01 4.551661356395084266e-04 1.251706873008648227e-03 2.275830678197542133e-04 9.103322712790168532e-04
1.950000000000000000e+03 7.800002162145516227e-01 9.972690031861629611e-01 4.551661356395084266e-04 1.024123805188893906e-03 3.413746017296313199e-04 9.103322712790168532e-04
1.980000000000000000e+03 7.920002195409296952e-01 9.970414201183431802e-01 6.827492034592626399e-04 1.024123805188893906e-03 3.413746017296313199e-04 9.103322712790168532e-04
2.010000000000000000e+03 8.040002228673071016e-01 9.984069185252617551e-01 3.413746017296313199e-04 4.551661356395084266e-04 3.413746017296313199e-04 4.551661356395084266e-04
2.040000000000000000e+03 8.160002261936851742e-01 9.978379608557123026e-01 4.551661356395084266e-04 6.827492034592626399e-04 2.275830678197542133e-04 7.965407373691396923e-04
2.070000000000000000e+03 8.280002295200625806e-01 9.977241693218024121e-01 4.551661356395084266e-04 5.689576695493854790e-04 2.275830678197542133e-04 1.024123805188893906e-03
2.100000000000000000e+03 8.400002328464406531e-01 9.979517523896221931e-01 5.689576695493854790e-04 6.827492034592626399e-04 1.137915339098771066e-04 6.827492034592626399e-04
2.130000000000000000e+03 8.520002361728180595e-01 9.973827947200728516e-01 7.965407373691396923e-04 7.965407373691396923e-04 1.137915339098771066e-04 9.103322712790168532e-04
2.160000000000000000e+03 8.640002394991961321e-01 9.979517523896221931e-01 4.551661356395084266e-04 7.965407373691396923e-04 1.137915339098771066e-04 6.827492034592626399e-04
2.190000000000000000e+03 8.760002428255735385e-01 9.980655439235320836e-01 4.551661356395084266e-04 5.689576695493854790e-04 1.137915339098771066e-04 7.965407373691396923e-04
2.220000000000000000e+03 8.880002461519516110e-01 9.984069185252617551e-01 2.275830678197542133e-04 4.551661356395084266e-04 2.275830678197542133e-04 6.827492034592626399e-04
2.250000000000000000e+03 9.000002494783290174e-01 9.982931269913518646e-01 2.275830678197542133e-04 1.137915339098770958e-03 0.000000000000000000e+00 3.413746017296313199e-04
2.280000000000000000e+03 9.120002528047068679e-01 9.976103777878926326e-01 2.275830678197542133e-04 9.103322712790168532e-04 2.275830678197542133e-04 1.024123805188893906e-03
2.310000000000000000e+03 9.240002561310842744e-01 9.982931269913518646e-01 1.137915339098771066e-04 9.103322712790168532e-04 1.137915339098771066e-04 5.689576695493854790e-04
2.340000000000000000e+03 9.360002594574623469e-01 9.981793354574419741e-01 2.275830678197542133e-04 5.689576695493854790e-04 1.137915339098771066e-04 9.103322712790168532e-04
2.370000000000000000e+03 9.480002627838397533e-01 9.979517523896221931e-01 1.137915339098771066e-04 4.551661356395084266e-04 2.275830678197542133e-04 1.251706873008648227e-03
2.400000000000000000e+03 9.600002661102178259e-01 9.972690031861629611e-01 1.137915339098771066e-04 7.965407373691396923e-04 0.000000000000000000e+00 1.820664542558033706e-03
2.430000000000000000e+03 9.720002694365952323e-01 9.978379608557123026e-01 1.137915339098771066e-04 1.024123805188893906e-03 1.137915339098771066e-04 9.103322712790168532e-04
2.460000000000000000e+03 9.840002727629733048e-01 9.984069185252617551e-01 0.000000000000000000e+00 5.689576695493854790e-04 2.275830678197542133e-04 7.965407373691396923e-04
2.490000000000000000e+03 9.960002760893507112e-01 9.979517523896221931e-01 1.137915339098771066e-04 5.689576695493854790e-04 2.275830678197542133e-04 1.137915339098770958e-03
