# itime ezz other fcc hcp bcc ico
0.000000000000000000e+00 0.000000000000000000e+00 0.000000000000000000e+00 1.000000000000000000e+00 0.000000000000000000e+00 0.000000000000000000e+00 0.000000000000000000e+00
2.500000000000000000e+02 1.000048974030720572e-03 0.000000000000000000e+00 1.000000000000000000e+00 0.000000000000000000e+00 0.000000000000000000e+00 0.000000000000000000e+00
5.000000000000000000e+02 2.000097948061441144e-03 0.000000000000000000e+00 1.000000000000000000e+00 0.000000000000000000e+00 0.000000000000000000e+00 0.000000000000000000e+00
7.500000000000000000e+02 3.000146922092383761e-03 0.000000000000000000e+00 1.000000000000000000e+00 0.000000000000000000e+00 0.000000000000000000e+00 0.000000000000000000e+00
1.000000000000000000e+03 4.000195896123104333e-03 0.000000000000000000e+00 1.000000000000000000e+00 0.000000000000000000e+00 0.000000000000000000e+00 0.000000000000000000e+00
1.250000000000000000e+03 5.000244870153824905e-03 0.000000000000000000e+00 1.000000000000000000e+00 0.000000000000000000e+00 0.000000000000000000e+00 0.000000000000000000e+00
1.500000000000000000e+03 6.000293844184545478e-03 0.000000000000000000e+00 1.000000000000000000e+00 0.000000000000000000e+00 0.000000000000000000e+00 0.000000000000000000e+00
1.750000000000000000e+03 7.000342818215488094e-03 0.000000000000000000e+00 1.000000000000000000e+00 0.000000000000000000e+00 0.000000000000000000e+00 0.000000000000000000e+00
2.000000000000000000e+03 8.000391792246208666e-03 0.000000000000000000e+00 1.000000000000000000e+00 0.000000000000000000e+00 0.000000000000000000e+00 0.000000000000000000e+00
2.250000000000000000e+03 9.000440766276929239e-03 0.000000000000000000e+00 1.000000000000000000e+00 0.000000000000000000e+00 0.000000000000000000e+00 0.000000000000000000e+00
2.500000000000000000e+03 1.000048974030764981e-02 0.000000000000000000e+00 1.000000000000000000e+00 0.000000000000000000e+00 0.000000000000000000e+00 0.000000000000000000e+00
2.750000000000000000e+03 1.100053871433859243e-02 0.000000000000000000e+00 1.000000000000000000e+00 0.000000000000000000e+00 0.000000000000000000e+00 0.000000000000000000e+00
3.000000000000000000e+03 1.200058768836931300e-02 0.000000000000000000e+00 1.000000000000000000e+00 0.000000000000000000e+00 0.000000000000000000e+00 0.000000000000000000e+00
3.250000000000000000e+03 1.300063666240003357e-02 0.000000000000000000e+00 1.000000000000000000e+00 0.000000000000000000e+00 0.000000000000000000e+00 0.000000000000000000e+00
3.500000000000000000e+03 1.400068563643075414e-02 0.000000000000000000e+00 1.000000000000000000e+00 0.000000000000000000e+00 0.000000000000000000e+00 0.000000000000000000e+00
3.750000000000000000e+03 1.500073461046169676e-02 0.000000000000000000e+00 1.000000000000000000e+00 0.000000000000000000e+00 0.000000000000000000e+00 0.000000000000000000e+00
4.000000000000000000e+03 1.600078358449241733e-02 0.000000000000000000e+00 1.000000000000000000e+00 0.000000000000000000e+00 0.000000000000000000e+00 0.000000000000000000e+00
4.250000000000000000e+03 1.700083255852313791e-02 0.000000000000000000e+00 1.000000000000000000e+00 0.000000000000000000e+00 0.000000000000000000e+00 0.000000000000000000e+00
4.500000000000000000e+03 1.800088153255385848e-02 0.000000000000000000e+00 1.000000000000000000e+00 0.000000000000000000e+00 0.000000000000000000e+00 0.000000000000000000e+00
4.750000000000000000e+03 1.900093050658480109e-02 0.000000000000000000e+00 1.000000000000000000e+00 0.000000000000000000e+00 0.000000000000000000e+00 0.000000000000000000e+00
5.000000000000000000e+03 2.000097948061552167e-02 0.000000000000000000e+00 1.000000000000000000e+00 0.000000000000000000e+00 0.000000000000000000e+00 0.000000000000000000e+00
5.250000000000000000e+03 2.100102845464624224e-02 0.000000000000000000e+00 1.000000000000000000e+00 0.000000000000000000e+00 0.000000000000000000e+00 0.000000000000000000e+00
5.500000000000000000e+03 2.200107742867696281e-02 0.000000000000000000e+00 1.000000000000000000e+00 0.000000000000000000e+00 0.000000000000000000e+00 0.000000000000000000e+00
5.750000000000000000e+03 2.300112640270790543e-02 0.000000000000000000e+00 1.000000000000000000e+00 0.000000000000000000e+00 0.000000000000000000e+00 0.000000000000000000e+00
6.000000000000000000e+03 2.400117537673862600e-02 0.000000000000000000e+00 1.000000000000000000e+00 0.000000000000000000e+00 0.000000000000000000e+00 0.000000000000000000e+00
6.250000000000000000e+03 2.500122435076934657e-02 0.000000000000000000e+00 1.000000000000000000e+00 0.000000000000000000e+00 0.000000000000000000e+00 0.000000000000000000e+00
6.500000000000000000e+03 2.600127332480006714e-02 0.000000000000000000e+00 1.000000000000000000e+00 0.000000000000000000e+00 0.000000000000000000e+00 0.000000000000000000e+00
6.750000000000000000e+03 2.700132229883078772e-02 0.000000000000000000e+00 1.000000000000000000e+00 0.000000000000000000e+00 0.000000000000000000e+00 0.000000000000000000e+00
7.000000000000000000e+03 2.800137127286173033e-02 0.000000000000000000e+00 1.000000000000000000e+00 0.000000000000000000e+00 0.000000000000000000e+00 0.000000000000000000e+00
7.250000000000000000e+03 2.900142024689245090e-02 0.000000000000000000e+00 1.000000000000000000e+00 0.000000000000000000e+00 0.000000000000000000e+00 0.000000000000000000e+00
7.500000000000000000e+03 3.000146922092317148e-02 0.000000000000000000e+00 1.000000000000000000e+00 0.000000000000000000e+00 0.000000000000000000e+00 0.000000000000000000e+00
7.750000000000000000e+03 3.100151819495389205e-02 0.000000000000000000e+00 1.000000000000000000e+00 0.000000000000000000e+00 0.000000000000000000e+00 0.000000000000000000e+00
8.000000000000000000e+03 3.200156716898483467e-02 0.000000000000000000e+00 1.000000000000000000e+00 0.000000000000000000e+00 0.000000000000000000e+00 0.000000000000000000e+00
8.250000000000000000e+03 3.300161614301555524e-02 0.000000000000000000e+00 1.000000000000000000e+00 0.000000000000000000e+00 0.000000000000000000e+00 0.000000000000000000e+00
8.500000000000000000e+03 3.400166511704627581e-02 0.000000000000000000e+00 1.000000000000000000e+00 0.000000000000000000e+00 0.000000000000000000e+00 0.000000000000000000e+00
8.750000000000000000e+03 3.500171409107699638e-02 0.000000000000000000e+00 1.000000000000000000e+00 0.000000000000000000e+00 0.000000000000000000e+00 0.000000000000000000e+00
9.000000000000000000e+03 3.600176306510793900e-02 0.000000000000000000e+00 1.000000000000000000e+00 0.000000000000000000e+00 0.000000000000000000e+00 0.000000000000000000e+00
9.250000000000000000e+03 3.700181203913865957e-02 0.000000000000000000e+00 1.000000000000000000e+00 0.000000000000000000e+00 0.000000000000000000e+00 0.000000000000000000e+00
9.500000000000000000e+03 3.800186101316938014e-02 0.000000000000000000e+00 1.000000000000000000e+00 0.000000000000000000e+00 0.000000000000000000e+00 0.000000000000000000e+00
9.750000000000000000e+03 3.900190998720010072e-02 0.000000000000000000e+00 1.000000000000000000e+00 0.000000000000000000e+00 0.000000000000000000e+00 0.000000000000000000e+00
1.000000000000000000e+04 4.000195896123104333e-02 0.000000000000000000e+00 1.000000000000000000e+00 0.000000000000000000e+00 0.000000000000000000e+00 0.000000000000000000e+00
1.025000000000000000e+04 4.100200793526176390e-02 0.000000000000000000e+00 1.000000000000000000e+00 0.000000000000000000e+00 0.000000000000000000e+00 0.000000000000000000e+00
1.050000000000000000e+04 4.200205690929248448e-02 0.000000000000000000e+00 1.000000000000000000e+00 0.000000000000000000e+00 0.000000000000000000e+00 0.000000000000000000e+00
1.075000000000000000e+04 4.300210588332320505e-02 0.000000000000000000e+00 1.000000000000000000e+00 0.000000000000000000e+00 0.000000000000000000e+00 0.000000000000000000e+00
1.100000000000000000e+04 4.400215485735414767e-02 0.000000000000000000e+00 1.000000000000000000e+00 0.000000000000000000e+00 0.000000000000000000e+00 0.000000000000000000e+00
1.125000000000000000e+04 4.500220383138486824e-02 0.000000000000000000e+00 1.000000000000000000e+00 0.000000000000000000e+00 0.000000000000000000e+00 0.000000000000000000e+00
1.150000000000000000e+04 4.600225280541558881e-02 0.000000000000000000e+00 1.000000000000000000e+00 0.000000000000000000e+00 0.000000000000000000e+00 0.000000000000000000e+00
1.175000000000000000e+04 4.700230177944630938e-02 0.000000000000000000e+00 1.000000000000000000e+00 0.000000000000000000e+00 0.000000000000000000e+00 0.000000000000000000e+00
1.200000000000000000e+04 4.800235075347725200e-02 0.000000000000000000e+00 1.000000000000000000e+00 0.000000000000000000e+00 0.000000000000000000e+00 0.000000000000000000e+00
1.225000000000000000e+04 4.900239972750797257e-02 0.000000000000000000e+00 1.000000000000000000e+00 0.000000000000000000e+00 0.000000000000000000e+00 0.000000000000000000e+00
1.250000000000000000e+04 5.000244870153869314e-02 0.000000000000000000e+00 1.000000000000000000e+00 0.000000000000000000e+00 0.000000000000000000e+00 0.000000000000000000e+00
1.275000000000000000e+04 5.100249767556941372e-02 0.000000000000000000e+00 1.000000000000000000e+00 0.000000000000000000e+00 0.000000000000000000e+00 0.000000000000000000e+00
1.300000000000000000e+04 5.200254664960013429e-02 0.000000000000000000e+00 1.000000000000000000e+00 0.000000000000000000e+00 0.000000000000000000e+00 0.000000000000000000e+00
1.325000000000000000e+04 5.300259562363107690e-02 0.000000000000000000e+00 1.000000000000000000e+00 0.000000000000000000e+00 0.000000000000000000e+00 0.000000000000000000e+00
1.350000000000000000e+04 5.400264459766179748e-02 0.000000000000000000e+00 1.000000000000000000e+00 0.000000000000000000e+00 0.000000000000000000e+00 0.000000000000000000e+00
1.375000000000000000e+04 5.500269357169251805e-02 0.000000000000000000e+00 1.000000000000000000e+00 0.000000000000000000e+00 0.000000000000000000e+00 0.000000000000000000e+00
1.400000000000000000e+04 5.600274254572323862e-02 0.000000000000000000e+00 1.000000000000000000e+00 0.000000000000000000e+00 0.000000000000000000e+00 0.000000000000000000e+00
1.425000000000000000e+04 5.700279151975418124e-02 0.000000000000000000e+00 1.000000000000000000e+00 0.000000000000000000e+00 0.000000000000000000e+00 0.000000000000000000e+00
1.450000000000000000e+04 5.800284049378490181e-02 0.000000000000000000e+00 1.000000000000000000e+00 0.000000000000000000e+00 0.000000000000000000e+00 0.000000000000000000e+00
1.475000000000000000e+04 5.900288946781562238e-02 0.000000000000000000e+00 1.000000000000000000e+00 0.000000000000000000e+00 0.000000000000000000e+00 0.000000000000000000e+00
1.500000000000000000e+04 6.000293844184634295e-02 0.000000000000000000e+00 1.000000000000000000e+00 0.000000000000000000e+00 0.000000000000000000e+00 0.000000000000000000e+00
1.525000000000000000e+04 6.100298741587728557e-02 0.000000000000000000e+00 1.000000000000000000e+00 0.000000000000000000e+00 0.000000000000000000e+00 0.000000000000000000e+00
1.550000000000000000e+04 6.200303638990800614e-02 0.000000000000000000e+00 1.000000000000000000e+00 0.000000000000000000e+00 0.000000000000000000e+00 0.000000000000000000e+00
1.575000000000000000e+04 6.300308536393872672e-02 0.000000000000000000e+00 1.000000000000000000e+00 0.000000000000000000e+00 0.000000000000000000e+00 0.000000000000000000e+00
1.600000000000000000e+04 6.400313433796944729e-02 0.000000000000000000e+00 1.000000000000000000e+00 0.000000000000000000e+00 0.000000000000000000e+00 0.000000000000000000e+00
1.625000000000000000e+04 6.500318331200038990e-02 1.137915339098771066e-04 9.998862084660901095e-01 0.000000000000000000e+00 0.000000000000000000e+00 0.000000000000000000e+00
1.650000000000000000e+04 6.600323228603111048e-02 0.000000000000000000e+00 1.000000000000000000e+00 0.000000000000000000e+00 0.000000000000000000e+00 0.000000000000000000e+00
1.675000000000000000e+04 6.700328126006183105e-02 0.000000000000000000e+00 1.000000000000000000e+00 0.000000000000000000e+00 0.000000000000000000e+00 0.000000000000000000e+00
1.700000000000000000e+04 6.800333023409255162e-02 4.551661356395084266e-04 9.995448338643604380e-01 0.000000000000000000e+00 0.000000000000000000e+00 0.000000000000000000e+00
1.725000000000000000e+04 6.900337920812349424e-02 0.000000000000000000e+00 1.000000000000000000e+00 0.000000000000000000e+00 0.000000000000000000e+00 0.000000000000000000e+00
1.750000000000000000e+04 7.000342818215421481e-02 0.000000000000000000e+00 1.000000000000000000e+00 0.000000000000000000e+00 0.000000000000000000e+00 0.000000000000000000e+00
1.775000000000000000e+04 7.100347715618493538e-02 0.000000000000000000e+00 1.000000000000000000e+00 0.000000000000000000e+00 0.000000000000000000e+00 0.000000000000000000e+00
1.800000000000000000e+04 7.200352613021565595e-02 0.000000000000000000e+00 1.000000000000000000e+00 0.000000000000000000e+00 0.000000000000000000e+00 0.000000000000000000e+00
1.825000000000000000e+04 7.300357510424659857e-02 0.000000000000000000e+00 1.000000000000000000e+00 0.000000000000000000e+00 0.000000000000000000e+00 0.000000000000000000e+00
1.850000000000000000e+04 7.400362407827731914e-02 1.137915339098771066e-04 9.998862084660901095e-01 0.000000000000000000e+00 0.000000000000000000e+00 0.000000000000000000e+00
1.875000000000000000e+04 7.500367305230803971e-02 2.275830678197542133e-04 9.997724169321802190e-01 0.000000000000000000e+00 0.000000000000000000e+00 0.000000000000000000e+00
1.900000000000000000e+04 7.600372202633876029e-02 0.000000000000000000e+00 1.000000000000000000e+00 0.000000000000000000e+00 0.000000000000000000e+00 0.000000000000000000e+00
1.925000000000000000e+04 7.700377100036948086e-02 1.137915339098771066e-04 9.998862084660901095e-01 0.000000000000000000e+00 0.000000000000000000e+00 0.000000000000000000e+00
1.950000000000000000e+04 7.800381997440042348e-02 3.413746017296313199e-04 9.996586253982703285e-01 0.000000000000000000e+00 0.000000000000000000e+00 0.000000000000000000e+00
1.975000000000000000e+04 7.900386894843114405e-02 6.827492034592626399e-04 9.993172507965407680e-01 0.000000000000000000e+00 0.000000000000000000e+00 0.000000000000000000e+00
2.000000000000000000e+04 8.000391792246186462e-02 7.965407373691396923e-04 9.992034592626308775e-01 0.000000000000000000e+00 0.000000000000000000e+00 0.000000000000000000e+00
2.025000000000000000e+04 8.100396689649258519e-02 6.827492034592626399e-04 9.992034592626308775e-01 0.000000000000000000e+00 1.137915339098771066e-04 0.000000000000000000e+00
2.050000000000000000e+04 8.200401587052352781e-02 1.137915339098771066e-04 9.998862084660901095e-01 0.000000000000000000e+00 0.000000000000000000e+00 0.000000000000000000e+00
2.075000000000000000e+04 8.300406484455424838e-02 0.000000000000000000e+00 1.000000000000000000e+00 0.000000000000000000e+00 0.000000000000000000e+00 0.000000000000000000e+00
2.100000000000000000e+04 8.400411381858496895e-02 3.413746017296313199e-04 9.994310423304506585e-01 0.000000000000000000e+00 2.275830678197542133e-04 0.000000000000000000e+00
2.125000000000000000e+04 8.500416279261568953e-02 0.000000000000000000e+00 1.000000000000000000e+00 0.000000000000000000e+00 0.000000000000000000e+00 0.000000000000000000e+00
2.150000000000000000e+04 8.600421176664663214e-02 1.137915339098771066e-04 9.998862084660901095e-01 0.000000000000000000e+00 0.000000000000000000e+00 0.000000000000000000e+00
2.175000000000000000e+04 8.700426074067735271e-02 1.593081474738279385e-03 9.984069185252617551e-01 0.000000000000000000e+00 0.000000000000000000e+00 0.000000000000000000e+00
2.200000000000000000e+04 8.800430971470807329e-02 1.137915339098771066e-04 9.998862084660901095e-01 0.000000000000000000e+00 0.000000000000000000e+00 0.000000000000000000e+00
2.225000000000000000e+04 8.900435868873879386e-02 4.551661356395084266e-04 9.995448338643604380e-01 0.000000000000000000e+00 0.000000000000000000e+00 0.000000000000000000e+00
2.250000000000000000e+04 9.000440766276973648e-02 1.024123805188893906e-03 9.989758761948110966e-01 0.000000000000000000e+00 0.000000000000000000e+00 0.000000000000000000e+00
2.275000000000000000e+04 9.100445663680045705e-02 1.479289940828402332e-03 9.985207100591716456e-01 0.000000000000000000e+00 0.000000000000000000e+00 0.000000000000000000e+00
2.300000000000000000e+04 9.200450561083117762e-02 9.103322712790168532e-04 9.988620846609012061e-01 0.000000000000000000e+00 2.275830678197542133e-04 0.000000000000000000e+00
2.325000000000000000e+04 9.300455458486189819e-02 1.365498406918525280e-03 9.985207100591716456e-01 0.000000000000000000e+00 1.137915339098771066e-04 0.000000000000000000e+00
2.350000000000000000e+04 9.400460355889284081e-02 1.593081474738279385e-03 9.984069185252617551e-01 0.000000000000000000e+00 0.000000000000000000e+00 0.000000000000000000e+00
2.375000000000000000e+04 9.500465253292356138e-02 1.706873008648156654e-03 9.981793354574419741e-01 0.000000000000000000e+00 1.137915339098771066e-04 0.000000000000000000e+00
2.400000000000000000e+04 9.600470150695428195e-02 1.706873008648156654e-03 9.981793354574419741e-01 0.000000000000000000e+00 1.137915339098771066e-04 0.000000000000000000e+00
2.425000000000000000e+04 9.700475048098500253e-02 1.479289940828402332e-03 9.985207100591716456e-01 0.000000000000000000e+00 0.000000000000000000e+00 0.000000000000000000e+00
2.450000000000000000e+04 9.800479945501594514e-02 2.162039144287664864e-03 9.974965862539827421e-01 0.000000000000000000e+00 3.413746017296313199e-04 0.000000000000000000e+00
2.475000000000000000e+04 9.900484842904666571e-02 1.934456076467910759e-03 9.979517523896221931e-01 0.000000000000000000e+00 1.137915339098771066e-04 0.000000000000000000e+00
2.500000000000000000e+04 1.000048974030773863e-01 4.551661356395083832e-03 9.953345471096950448e-01 0.000000000000000000e+00 1.137915339098771066e-04 0.000000000000000000e+00
2.525000000000000000e+04 1.010049463771081069e-01 3.755120619025944465e-03 9.959035047792443862e-01 0.000000000000000000e+00 3.413746017296313199e-04 0.000000000000000000e+00
2.550000000000000000e+04 1.020049953511388274e-01 5.006827492034592909e-03 9.949931725079653733e-01 0.000000000000000000e+00 0.000000000000000000e+00 0.000000000000000000e+00
2.575000000000000000e+04 1.030050443251697700e-01 4.665452890304961318e-03 9.952207555757851543e-01 0.000000000000000000e+00 1.137915339098771066e-04 0.000000000000000000e+00
2.600000000000000000e+04 1.040050932992004906e-01 3.982703686845699004e-03 9.960172963131542767e-01 0.000000000000000000e+00 0.000000000000000000e+00 0.000000000000000000e+00
2.625000000000000000e+04 1.050051422732312112e-01 6.599908966772872511e-03 9.931725079654073474e-01 0.000000000000000000e+00 2.275830678197542133e-04 0.000000000000000000e+00
2.650000000000000000e+04 1.060051912472619318e-01 6.941283568502503235e-03 9.929449248975875664e-01 0.000000000000000000e+00 1.137915339098771066e-04 0.000000000000000000e+00
2.675000000000000000e+04 1.070052402212928744e-01 8.989531178880291046e-03 9.906690942193900895e-01 0.000000000000000000e+00 3.413746017296313199e-04 0.000000000000000000e+00
2.700000000000000000e+04 1.080052891953235950e-01 9.444697314519799256e-03 9.897587619481110766e-01 0.000000000000000000e+00 7.965407373691396923e-04 0.000000000000000000e+00
2.725000000000000000e+04 1.090053381693543155e-01 1.479289940828402289e-02 9.821347291761493015e-01 0.000000000000000000e+00 3.072371415566681717e-03 0.000000000000000000e+00
2.750000000000000000e+04 1.100053871433850361e-01 4.551661356395084179e-02 8.893946290395994270e-01 1.137915339098771066e-04 6.497496586253982687e-02 0.000000000000000000e+00
2.775000000000000000e+04 1.110054361174159787e-01 2.292899408284023721e-01 2.832271279016841392e-01 3.527537551206190360e-03 4.839553937187073274e-01 0.000000000000000000e+00
2.800000000000000000e+04 1.120054850914466993e-01 2.542102867546654488e-01 4.239872553482020856e-01 2.044833864360491582e-01 1.173190714610832935e-01 0.000000000000000000e+00
2.825000000000000000e+04 1.130055340654774199e-01 2.000455166135639562e-01 5.493855257168867023e-01 2.251934456076467861e-01 2.537551206190259354e-02 0.000000000000000000e+00
2.850000000000000000e+04 1.140055830395081404e-01 1.636322257624032717e-01 6.134501593081475024e-01 2.067592171142466906e-01 1.615839781520254925e-02 0.000000000000000000e+00
2.875000000000000000e+04 1.150056320135390830e-01 1.240327719617660418e-01 6.944697314519799880e-01 1.644287664997724219e-01 1.706873008648156567e-02 0.000000000000000000e+00
2.900000000000000000e+04 1.160056809875698036e-01 7.316795630405098505e-02 7.387346381429221731e-01 1.832043695949021334e-01 4.893035958124715423e-03 0.000000000000000000e+00
2.925000000000000000e+04 1.170057299616005242e-01 6.451979972690032039e-02 7.748065543923532417e-01 1.561219845243513871e-01 4.551661356395083832e-03 0.000000000000000000e+00
2.950000000000000000e+04 1.180057789356312448e-01 3.880291306326809353e-02 8.112198452435138707e-01 1.494082840236686527e-01 5.689576695493854790e-04 0.000000000000000000e+00
2.975000000000000000e+04 1.190058279096621874e-01 3.322712790168411146e-02 8.185025034137459743e-01 1.481565771506599960e-01 1.137915339098771066e-04 0.000000000000000000e+00
3.000000000000000000e+04 1.200058768836929080e-01 3.288575329995448160e-02 8.189576695493855363e-01 1.481565771506599960e-01 0.000000000000000000e+00 0.000000000000000000e+00
3.025000000000000000e+04 1.210059258577236285e-01 3.197542102867546865e-02 8.196404187528447682e-01 1.482703686845698587e-01 1.137915339098771066e-04 0.000000000000000000e+00
3.050000000000000000e+04 1.220059748317543491e-01 3.254437869822485174e-02 8.191852526172053173e-01 1.482703686845698587e-01 0.000000000000000000e+00 0.000000000000000000e+00
3.075000000000000000e+04 1.230060238057852917e-01 3.231679563040509851e-02 8.192990441511152078e-01 1.482703686845698587e-01 1.137915339098771066e-04 0.000000000000000000e+00
3.100000000000000000e+04 1.240060727798160123e-01 3.322712790168411146e-02 8.185025034137459743e-01 1.482703686845698587e-01 0.000000000000000000e+00 0.000000000000000000e+00
3.125000000000000000e+04 1.250061217538467329e-01 3.208921256258534527e-02 8.196404187528447682e-01 1.482703686845698587e-01 0.000000000000000000e+00 0.000000000000000000e+00
3.150000000000000000e+04 1.260061707278774534e-01 3.243058716431497512e-02 8.192990441511152078e-01 1.482703686845698587e-01 0.000000000000000000e+00 0.000000000000000000e+00
3.175000000000000000e+04 1.270062197019081740e-01 3.231679563040509851e-02 8.192990441511152078e-01 1.482703686845698587e-01 1.137915339098771066e-04 0.000000000000000000e+00
3.200000000000000000e+04 1.280062686759391166e-01 3.186162949476559203e-02 8.196404187528447682e-01 1.482703686845698587e-01 2.275830678197542133e-04 0.000000000000000000e+00
3.225000000000000000e+04 1.290063176499698372e-01 3.322712790168411146e-02 8.186162949476558648e-01 1.480427856167501055e-01 1.137915339098771066e-04 0.000000000000000000e+00
3.250000000000000000e+04 1.300063666240005578e-01 3.265817023213472836e-02 8.188438780154756458e-01 1.482703686845698587e-01 2.275830678197542133e-04 0.000000000000000000e+00
3.275000000000000000e+04 1.310064155980312783e-01 3.220300409649522189e-02 8.195266272189348777e-01 1.482703686845698587e-01 0.000000000000000000e+00 0.000000000000000000e+00
3.300000000000000000e+04 1.320064645720622210e-01 3.265817023213472836e-02 8.190714610832954268e-01 1.482703686845698587e-01 0.000000000000000000e+00 0.000000000000000000e+00
3.325000000000000000e+04 1.330065135460929415e-01 3.345471096950387163e-02 8.182749203459263043e-01 1.482703686845698587e-01 0.000000000000000000e+00 0.000000000000000000e+00
3.350000000000000000e+04 1.340065625201236621e-01 3.254437869822485174e-02 8.191852526172053173e-01 1.482703686845698587e-01 0.000000000000000000e+00 0.000000000000000000e+00
3.375000000000000000e+04 1.350066114941543827e-01 3.254437869822485174e-02 8.192990441511152078e-01 1.481565771506599960e-01 0.000000000000000000e+00 0.000000000000000000e+00
3.400000000000000000e+04 1.360066604681853253e-01 3.322712790168411146e-02 8.185025034137459743e-01 1.482703686845698587e-01 0.000000000000000000e+00 0.000000000000000000e+00
3.425000000000000000e+04 1.370067094422160459e-01 3.277196176604460498e-02 8.189576695493855363e-01 1.482703686845698587e-01 0.000000000000000000e+00 0.000000000000000000e+00
3.450000000000000000e+04 1.380067584162467664e-01 3.197542102867546865e-02 8.196404187528447682e-01 1.482703686845698587e-01 1.137915339098771066e-04 0.000000000000000000e+00
3.475000000000000000e+04 1.390068073902774870e-01 3.243058716431497512e-02 8.192990441511152078e-01 1.481565771506599960e-01 1.137915339098771066e-04 0.000000000000000000e+00
3.500000000000000000e+04 1.400068563643084296e-01 3.254437869822485174e-02 8.191852526172053173e-01 1.480427856167501055e-01 2.275830678197542133e-04 0.000000000000000000e+00
3.525000000000000000e+04 1.410069053383391502e-01 3.243058716431497512e-02 8.192990441511152078e-01 1.482703686845698587e-01 0.000000000000000000e+00 0.000000000000000000e+00
3.550000000000000000e+04 1.420069543123698708e-01 3.345471096950387163e-02 8.182749203459263043e-01 1.482703686845698587e-01 0.000000000000000000e+00 0.000000000000000000e+00
3.575000000000000000e+04 1.430070032864005913e-01 3.277196176604460498e-02 8.188438780154756458e-01 1.482703686845698587e-01 1.137915339098771066e-04 0.000000000000000000e+00
3.600000000000000000e+04 1.440070522604315340e-01 3.254437869822485174e-02 8.191852526172053173e-01 1.482703686845698587e-01 0.000000000000000000e+00 0.000000000000000000e+00
3.625000000000000000e+04 1.450071012344622545e-01 3.243058716431497512e-02 8.191852526172053173e-01 1.482703686845698587e-01 1.137915339098771066e-04 0.000000000000000000e+00
3.650000000000000000e+04 1.460071502084929751e-01 3.265817023213472836e-02 8.188438780154756458e-01 1.482703686845698587e-01 2.275830678197542133e-04 0.000000000000000000e+00
3.675000000000000000e+04 1.470071991825236957e-01 3.231679563040509851e-02 8.195266272189348777e-01 1.481565771506599960e-01 0.000000000000000000e+00 0.000000000000000000e+00
3.700000000000000000e+04 1.480072481565546383e-01 3.265817023213472836e-02 8.189576695493855363e-01 1.481565771506599960e-01 2.275830678197542133e-04 0.000000000000000000e+00
3.725000000000000000e+04 1.490072971305853589e-01 3.288575329995448160e-02 8.187300864815657553e-01 1.482703686845698587e-01 1.137915339098771066e-04 0.000000000000000000e+00
3.750000000000000000e+04 1.500073461046160794e-01 3.322712790168411146e-02 8.183887118798361948e-01 1.482703686845698587e-01 1.137915339098771066e-04 0.000000000000000000e+00
3.775000000000000000e+04 1.510073950786468000e-01 3.368229403732362487e-02 8.182749203459263043e-01 1.480427856167501055e-01 0.000000000000000000e+00 0.000000000000000000e+00
3.800000000000000000e+04 1.520074440526775206e-01 3.322712790168411146e-02 8.183887118798361948e-01 1.482703686845698587e-01 1.137915339098771066e-04 0.000000000000000000e+00
3.825000000000000000e+04 1.530074930267084632e-01 3.368229403732362487e-02 8.180473372781065233e-01 1.482703686845698587e-01 0.000000000000000000e+00 0.000000000000000000e+00
3.850000000000000000e+04 1.540075420007391838e-01 3.413746017296313134e-02 8.177059626763768518e-01 1.481565771506599960e-01 0.000000000000000000e+00 0.000000000000000000e+00
3.875000000000000000e+04 1.550075909747699043e-01 3.447883477469276120e-02 8.178197542102867423e-01 1.477014110150204895e-01 0.000000000000000000e+00 0.000000000000000000e+00
3.900000000000000000e+04 1.560076399488006249e-01 3.368229403732362487e-02 8.181611288120164138e-01 1.478152025489303523e-01 3.413746017296313199e-04 0.000000000000000000e+00
3.925000000000000000e+04 1.570076889228315675e-01 3.322712790168411146e-02 8.186162949476558648e-01 1.479289940828402428e-01 2.275830678197542133e-04 0.000000000000000000e+00
3.950000000000000000e+04 1.580077378968622881e-01 3.368229403732362487e-02 8.181611288120164138e-01 1.478152025489303523e-01 3.413746017296313199e-04 0.000000000000000000e+00
3.975000000000000000e+04 1.590077868708930087e-01 3.356850250341374825e-02 8.182749203459263043e-01 1.479289940828402428e-01 2.275830678197542133e-04 0.000000000000000000e+00
4.000000000000000000e+04 1.600078358449237292e-01 3.538916704597178109e-02 8.171370050068275104e-01 1.474738279472007363e-01 0.000000000000000000e+00 0.000000000000000000e+00
4.025000000000000000e+04 1.610078848189546719e-01 3.425125170687300796e-02 8.175921711424669613e-01 1.479289940828402428e-01 2.275830678197542133e-04 0.000000000000000000e+00
4.050000000000000000e+04 1.620079337929853924e-01 3.402366863905325473e-02 8.175921711424669613e-01 1.479289940828402428e-01 4.551661356395084266e-04 0.000000000000000000e+00
4.075000000000000000e+04 1.630079827670161130e-01 3.482020937642239106e-02 8.170232134729176199e-01 1.478152025489303523e-01 3.413746017296313199e-04 0.000000000000000000e+00
4.100000000000000000e+04 1.640080317410468336e-01 3.504779244424215123e-02 8.169094219390077294e-01 1.478152025489303523e-01 2.275830678197542133e-04 0.000000000000000000e+00
4.125000000000000000e+04 1.650080807150777762e-01 3.550295857988165771e-02 8.153163404642694845e-01 1.481565771506599960e-01 1.024123805188893906e-03 0.000000000000000000e+00
4.150000000000000000e+04 1.660081296891084968e-01 3.550295857988165771e-02 8.167956304050978389e-01 1.475876194811105990e-01 1.137915339098771066e-04 0.000000000000000000e+00
4.175000000000000000e+04 1.670081786631392173e-01 3.675466545289030745e-02 8.150887573964497035e-01 1.475876194811105990e-01 5.689576695493854790e-04 0.000000000000000000e+00
4.200000000000000000e+04 1.680082276371699379e-01 3.629949931725079404e-02 8.148611743286299225e-01 1.475876194811105990e-01 1.251706873008648227e-03 0.000000000000000000e+00
4.225000000000000000e+04 1.690082766112008805e-01 3.550295857988165771e-02 8.161128812016386069e-01 1.477014110150204895e-01 6.827492034592626399e-04 0.000000000000000000e+00
4.250000000000000000e+04 1.700083255852316011e-01 4.153390987710514626e-02 8.086026399635867223e-01 1.490669094219390090e-01 7.965407373691396923e-04 0.000000000000000000e+00
4.275000000000000000e+04 1.710083745592623217e-01 5.325443786982248656e-02 7.700273099681383959e-01 1.730769230769230727e-01 3.641329085116067413e-03 0.000000000000000000e+00
4.300000000000000000e+04 1.720084235332930422e-01 6.440600819299044377e-02 7.428311333636777869e-01 1.868456986800182129e-01 5.917159763313609329e-03 0.000000000000000000e+00
4.325000000000000000e+04 1.730084725073239849e-01 7.476103777878925771e-02 7.308830223031406170e-01 1.860491579426490627e-01 8.306781975421027864e-03 0.000000000000000000e+00
4.350000000000000000e+04 1.740085214813547054e-01 6.964041875284478211e-02 7.448793809740554828e-01 1.788802913063268218e-01 6.599908966772872511e-03 0.000000000000000000e+00
4.375000000000000000e+04 1.750085704553854260e-01 5.621301775147929253e-02 7.789030496131087444e-01 1.630632680928539024e-01 1.820664542558033706e-03 0.000000000000000000e+00
4.400000000000000000e+04 1.760086194294161466e-01 6.349567592171143082e-02 7.612653618570778269e-01 1.705735093309057870e-01 4.665452890304961318e-03 0.000000000000000000e+00
4.425000000000000000e+04 1.770086684034468671e-01 7.965407373691398007e-02 7.349795175238962308e-01 1.762630860263996457e-01 9.103322712790167665e-03 0.000000000000000000e+00
4.450000000000000000e+04 1.780087173774778098e-01 1.092398725534820259e-01 7.124487938097405770e-01 1.678425125170687204e-01 1.046882111970869403e-02 0.000000000000000000e+00
4.475000000000000000e+04 1.790087663515085303e-01 8.978152025489304078e-02 7.455621301775148257e-01 1.603322712790168358e-01 4.324078288575329727e-03 0.000000000000000000e+00
4.500000000000000000e+04 1.800088153255392509e-01 9.069185252617205373e-02 7.431725079654073474e-01 1.630632680928539024e-01 3.072371415566681717e-03 0.000000000000000000e+00
4.525000000000000000e+04 1.810088642995699715e-01 8.693673190714611143e-02 7.476103777878926326e-01 1.623805188893946427e-01 3.072371415566681717e-03 0.000000000000000000e+00
4.550000000000000000e+04 1.820089132736009141e-01 8.625398270368685172e-02 7.493172507965407680e-01 1.611288120163859861e-01 3.299954483386436255e-03 0.000000000000000000e+00
4.575000000000000000e+04 1.830089622476316347e-01 8.466090122894856518e-02 7.512517068730086844e-01 1.609012289485662328e-01 3.186162949476558769e-03 0.000000000000000000e+00
4.600000000000000000e+04 1.840090112216623552e-01 8.841602184797450747e-02 7.447655894401457033e-01 1.630632680928539024e-01 3.755120619025944465e-03 0.000000000000000000e+00
4.625000000000000000e+04 1.850090601956930758e-01 8.807464724624487762e-02 7.441966317705962508e-01 1.632908511606736557e-01 4.437869822485207214e-03 0.000000000000000000e+00
4.650000000000000000e+04 1.860091091697240184e-01 9.194355939918069653e-02 7.419208010923987739e-01 1.635184342284934089e-01 2.617205279927173507e-03 0.000000000000000000e+00
4.675000000000000000e+04 1.870091581437547390e-01 8.921256258534364381e-02 7.445380063723259223e-01 1.636322257624032717e-01 2.617205279927173507e-03 0.000000000000000000e+00
4.700000000000000000e+04 1.880092071177854596e-01 8.921256258534364381e-02 7.449931725079653733e-01 1.636322257624032717e-01 2.162039144287664864e-03 0.000000000000000000e+00
4.725000000000000000e+04 1.890092560918161801e-01 8.818843878015475424e-02 7.453345471096950448e-01 1.645425580336822846e-01 1.934456076467910759e-03 0.000000000000000000e+00
4.750000000000000000e+04 1.900093050658471228e-01 9.091943559399180697e-02 7.435138825671370189e-01 1.632908511606736557e-01 2.275830678197541916e-03 0.000000000000000000e+00
4.775000000000000000e+04 1.910093540398778433e-01 9.080564406008193035e-02 7.429449248975875664e-01 1.635184342284934089e-01 2.730996813837050560e-03 0.000000000000000000e+00
4.800000000000000000e+04 1.920094030139085639e-01 9.057806099226217711e-02 7.421483841602184439e-01 1.648839326354119283e-01 2.389622212107419402e-03 0.000000000000000000e+00
4.825000000000000000e+04 1.930094519879392845e-01 8.898497951752389057e-02 7.430587164314974569e-01 1.647701411015020379e-01 3.186162949476558769e-03 0.000000000000000000e+00
4.850000000000000000e+04 1.940095009619702271e-01 9.285389167045972336e-02 7.402139280837505275e-01 1.643149749658625314e-01 2.617205279927173507e-03 0.000000000000000000e+00
4.875000000000000000e+04 1.950095499360009477e-01 9.103322712790168358e-02 7.386208466090122826e-01 1.677287209831588577e-01 2.617205279927173507e-03 0.000000000000000000e+00
4.900000000000000000e+04 1.960095989100316682e-01 9.319526627218935322e-02 7.372553482020938187e-01 1.675011379153391045e-01 2.048247610377787811e-03 0.000000000000000000e+00
4.925000000000000000e+04 1.970096478840623888e-01 9.342284934000910646e-02 7.358898497951752438e-01 1.682976786527082269e-01 2.389622212107419402e-03 0.000000000000000000e+00
4.950000000000000000e+04 1.980096968580933314e-01 9.228493400091032639e-02 7.375967228038233792e-01 1.675011379153391045e-01 2.617205279927173507e-03 0.000000000000000000e+00
4.975000000000000000e+04 1.990097458321240520e-01 9.478834774692762588e-02 7.364588074647245852e-01 1.661356395084205850e-01 2.617205279927173507e-03 0.000000000000000000e+00
5.000000000000000000e+04 2.000097948061547726e-01 9.319526627218935322e-02 7.358898497951752438e-01 1.680700955848884737e-01 2.844788347746927612e-03 0.000000000000000000e+00
5.025000000000000000e+04 2.010098437801854931e-01 9.444697314519799602e-02 7.335002275830677654e-01 1.695493855257168836e-01 2.503413746017296455e-03 0.000000000000000000e+00
5.050000000000000000e+04 2.020098927542162137e-01 9.615384615384615918e-02 7.336140191169776559e-01 1.686390532544378706e-01 1.593081474738279385e-03 0.000000000000000000e+00
5.075000000000000000e+04 2.030099417282471563e-01 9.626763768775603580e-02 7.335002275830677654e-01 1.675011379153391045e-01 2.730996813837050560e-03 0.000000000000000000e+00
5.100000000000000000e+04 2.040099907022778769e-01 9.433318161128811941e-02 7.362312243969049153e-01 1.660218479745106945e-01 3.413746017296313308e-03 0.000000000000000000e+00
5.125000000000000000e+04 2.050100396763085975e-01 1.026399635867091542e-01 7.270141101502047842e-01 1.677287209831588577e-01 2.617205279927173507e-03 0.000000000000000000e+00
5.150000000000000000e+04 2.060100886503393181e-01 1.051433773327264398e-01 7.187073281747837772e-01 1.722803823395539502e-01 3.868912152935821518e-03 0.000000000000000000e+00
5.175000000000000000e+04 2.070101376243702607e-01 1.015020482476103741e-01 7.231451979972689514e-01 1.714838416021848000e-01 3.868912152935821518e-03 0.000000000000000000e+00
5.200000000000000000e+04 2.080101865984009812e-01 1.063950842057350965e-01 7.175694128356849832e-01 1.721665908056440597e-01 3.868912152935821518e-03 0.000000000000000000e+00
5.225000000000000000e+04 2.090102355724317018e-01 1.017296313154301274e-01 7.204142011834319126e-01 1.739872553482020856e-01 3.868912152935821518e-03 0.000000000000000000e+00
5.250000000000000000e+04 2.100102845464624224e-01 1.067364588074647264e-01 7.173418297678653133e-01 1.721665908056440597e-01 3.755120619025944465e-03 0.000000000000000000e+00
5.275000000000000000e+04 2.110103335204933650e-01 1.046882111970869333e-01 7.164314974965863003e-01 1.752389622212107423e-01 3.641329085116067413e-03 0.000000000000000000e+00
5.300000000000000000e+04 2.120103824945240856e-01 1.058261265361857134e-01 7.160901228948566288e-01 1.750113791533909890e-01 3.072371415566681717e-03 0.000000000000000000e+00
5.325000000000000000e+04 2.130104314685548061e-01 1.029813381884387841e-01 7.188211197086936677e-01 1.754665452890304955e-01 2.730996813837050560e-03 0.000000000000000000e+00
5.350000000000000000e+04 2.140104804425855267e-01 1.022985889849795244e-01 7.187073281747837772e-01 1.762630860263996457e-01 2.730996813837050560e-03 0.000000000000000000e+00
5.375000000000000000e+04 2.150105294166164693e-01 9.000910332271279402e-02 7.212107419208011461e-01 1.868456986800182129e-01 1.934456076467910759e-03 0.000000000000000000e+00
5.400000000000000000e+04 2.160105783906471899e-01 9.114701866181156020e-02 7.197314519799726806e-01 1.870732817478379661e-01 2.048247610377787811e-03 0.000000000000000000e+00
5.425000000000000000e+04 2.170106273646779105e-01 9.194355939918069653e-02 7.208693673190714746e-01 1.859353664087392000e-01 1.251706873008648227e-03 0.000000000000000000e+00
5.450000000000000000e+04 2.180106763387086311e-01 8.864360491579426071e-02 7.208693673190714746e-01 1.870732817478379661e-01 3.413746017296313308e-03 0.000000000000000000e+00
5.475000000000000000e+04 2.190107253127395737e-01 8.989531178880291740e-02 7.207555757851615841e-01 1.870732817478379661e-01 2.275830678197541916e-03 0.000000000000000000e+00
5.500000000000000000e+04 2.200107742867702942e-01 9.091943559399180697e-02 7.198452435138825711e-01 1.865043240782885692e-01 2.730996813837050560e-03 0.000000000000000000e+00
5.525000000000000000e+04 2.210108232608010148e-01 8.966772872098316416e-02 7.203004096495220221e-01 1.879836140191169791e-01 2.048247610377787811e-03 0.000000000000000000e+00
5.550000000000000000e+04 2.220108722348317354e-01 9.046426945835230049e-02 7.198452435138825711e-01 1.868456986800182129e-01 2.844788347746927612e-03 0.000000000000000000e+00
5.575000000000000000e+04 2.230109212088626780e-01 9.171597633136094330e-02 7.167728720983158608e-01 1.883249886208466228e-01 3.186162949476558769e-03 0.000000000000000000e+00
5.600000000000000000e+04 2.240109701828933986e-01 9.217114246700044977e-02 7.179107874374146547e-01 1.875284478834774726e-01 2.389622212107419402e-03 0.000000000000000000e+00
5.625000000000000000e+04 2.250110191569241191e-01 9.057806099226217711e-02 7.177969959035047642e-01 1.886663632225762388e-01 2.958579881656804664e-03 0.000000000000000000e+00
5.650000000000000000e+04 2.260110681309548397e-01 9.399180700955848955e-02 7.133591260810195900e-01 1.886663632225762388e-01 3.982703686845699004e-03 0.000000000000000000e+00
5.675000000000000000e+04 2.270111171049857823e-01 9.592626308602640595e-02 7.131315430131998090e-01 1.879836140191169791e-01 2.958579881656804664e-03 0.000000000000000000e+00
