# itime ezz other fcc hcp bcc ico
0.000000000000000000e+00 0.000000000000000000e+00 0.000000000000000000e+00 1.000000000000000000e+00 0.000000000000000000e+00 0.000000000000000000e+00 0.000000000000000000e+00
2.500000000000000000e+03 1.000001589847654415e-02 0.000000000000000000e+00 1.000000000000000000e+00 0.000000000000000000e+00 0.000000000000000000e+00 0.000000000000000000e+00
5.000000000000000000e+03 2.000003179695331035e-02 0.000000000000000000e+00 1.000000000000000000e+00 0.000000000000000000e+00 0.000000000000000000e+00 0.000000000000000000e+00
7.500000000000000000e+03 3.000004769542985450e-02 0.000000000000000000e+00 1.000000000000000000e+00 0.000000000000000000e+00 0.000000000000000000e+00 0.000000000000000000e+00
1.000000000000000000e+04 4.000006359390639865e-02 0.000000000000000000e+00 1.000000000000000000e+00 0.000000000000000000e+00 0.000000000000000000e+00 0.000000000000000000e+00
1.250000000000000000e+04 5.000007949238316485e-02 0.000000000000000000e+00 1.000000000000000000e+00 0.000000000000000000e+00 0.000000000000000000e+00 0.000000000000000000e+00
1.500000000000000000e+04 6.000009539085970900e-02 0.000000000000000000e+00 1.000000000000000000e+00 0.000000000000000000e+00 0.000000000000000000e+00 0.000000000000000000e+00
1.750000000000000000e+04 7.000011128933625315e-02 0.000000000000000000e+00 1.000000000000000000e+00 0.000000000000000000e+00 0.000000000000000000e+00 0.000000000000000000e+00
2.000000000000000000e+04 8.000012718781301935e-02 9.103322712790168532e-04 9.990896677287209870e-01 0.000000000000000000e+00 0.000000000000000000e+00 0.000000000000000000e+00
2.250000000000000000e+04 9.000014308628956350e-02 5.689576695493854790e-04 9.993172507965407680e-01 0.000000000000000000e+00 1.137915339098771066e-04 0.000000000000000000e+00
2.500000000000000000e+04 1.000001589847663297e-01 1.479289940828402332e-03 9.982931269913518646e-01 0.000000000000000000e+00 2.275830678197542133e-04 0.000000000000000000e+00
2.750000000000000000e+04 1.100001748832428738e-01 5.075102412380518707e-02 8.361401911697770029e-01 0.000000000000000000e+00 1.131087847064178448e-01 0.000000000000000000e+00
3.000000000000000000e+04 1.200001907817194180e-01 8.136094674556212936e-02 5.988848429676831842e-01 3.150887573964497035e-01 4.665452890304961318e-03 0.000000000000000000e+00
3.250000000000000000e+04 1.300002066801961842e-01 1.001365498406918547e-01 5.850022758306782089e-01 3.064406008192990249e-01 8.420573509330906217e-03 0.000000000000000000e+00
3.500000000000000000e+04 1.400002225786727283e-01 1.168639053254437871e-01 5.743058716431497235e-01 3.024578971324533572e-01 6.372325898953117539e-03 0.000000000000000000e+00
3.750000000000000000e+04 1.500002384771492725e-01 1.411015020482476179e-01 5.926263086026399840e-01 2.563723258989530907e-01 9.899863450159307465e-03 0.000000000000000000e+00
4.000000000000000000e+04 1.600002543756260387e-01 1.599908966772872199e-01 5.687300864815657553e-01 2.545516613563950648e-01 1.672735548475193582e-02 0.000000000000000000e+00
4.250000000000000000e+04 1.700002702741025828e-01 9.660901228948566566e-02 7.360036413290851343e-01 1.655666818388711881e-01 1.820664542558033706e-03 0.000000000000000000e+00
4.500000000000000000e+04 1.800002861725791270e-01 5.257168866636321991e-02 8.033682294037323146e-01 1.437187073281747940e-01 3.413746017296313199e-04 0.000000000000000000e+00
4.750000000000000000e+04 1.900003020710558932e-01 5.040964952207555722e-02 8.049613108784706705e-01 1.441738734638143005e-01 4.551661356395084266e-04 0.000000000000000000e+00
5.000000000000000000e+04 2.000003179695324373e-01 5.052344105598543383e-02 8.047337278106508895e-01 1.442876649977241632e-01 4.551661356395084266e-04 0.000000000000000000e+00
5.250000000000000000e+04 2.100003338680089815e-01 5.075102412380518707e-02 8.047337278106508895e-01 1.442876649977241632e-01 2.275830678197542133e-04 0.000000000000000000e+00
5.500000000000000000e+04 2.200003497664857477e-01 5.052344105598543383e-02 8.049613108784706705e-01 1.444014565316340537e-01 1.137915339098771066e-04 0.000000000000000000e+00
5.750000000000000000e+04 2.300003656649622918e-01 4.710969503868912139e-02 8.070095584888484774e-01 1.457669549385525731e-01 1.137915339098771066e-04 0.000000000000000000e+00
6.000000000000000000e+04 2.400003815634388360e-01 4.710969503868912139e-02 8.068957669549385869e-01 1.457669549385525731e-01 2.275830678197542133e-04 0.000000000000000000e+00
6.250000000000000000e+04 2.500003974619156022e-01 4.802002730996814128e-02 8.062130177514792440e-01 1.457669549385525731e-01 0.000000000000000000e+00 0.000000000000000000e+00
6.500000000000000000e+04 2.600004133603921463e-01 5.427856167501137613e-02 7.988165680473372499e-01 1.461083295402822169e-01 7.965407373691396923e-04 0.000000000000000000e+00
6.750000000000000000e+04 2.700004292588689125e-01 1.694355939918070209e-01 6.376877560309512916e-01 1.847974510696404060e-01 8.079198907601274626e-03 0.000000000000000000e+00
7.000000000000000000e+04 2.800004451573454567e-01 1.211879836140191125e-01 7.198452435138825711e-01 1.562357760582612776e-01 2.730996813837050560e-03 0.000000000000000000e+00
7.250000000000000000e+04 2.900004610558220008e-01 1.045744196631770567e-01 7.329312699135184239e-01 1.620391442876649990e-01 4.551661356395084266e-04 0.000000000000000000e+00
7.500000000000000000e+04 3.000004769542987670e-01 1.057123350022758368e-01 7.304278561675011661e-01 1.628356850250341492e-01 1.024123805188893906e-03 0.000000000000000000e+00
7.750000000000000000e+04 3.100004928527753112e-01 1.136777423759672279e-01 7.263313609467455523e-01 1.589667728720983164e-01 1.024123805188893906e-03 0.000000000000000000e+00
8.000000000000000000e+04 3.200005087512518553e-01 1.144742831133363642e-01 7.276968593536641272e-01 1.569185252617205373e-01 9.103322712790168532e-04 0.000000000000000000e+00
8.250000000000000000e+04 3.300005246497286215e-01 1.162949476558944040e-01 7.280382339553936877e-01 1.550978607191624836e-01 5.689576695493854790e-04 0.000000000000000000e+00
8.500000000000000000e+04 3.400005405482051657e-01 1.165225307237141572e-01 7.288347746927628101e-01 1.537323623122439642e-01 9.103322712790168532e-04 0.000000000000000000e+00
8.750000000000000000e+04 3.500005564466817098e-01 1.310878470641784199e-01 6.975421028675466983e-01 1.692080109239872676e-01 2.162039144287664864e-03 0.000000000000000000e+00
9.000000000000000000e+04 3.600005723451584760e-01 1.231224396904870289e-01 7.422621756941283344e-01 1.326809285389166926e-01 1.934456076467910759e-03 0.000000000000000000e+00
9.250000000000000000e+04 3.700005882436350202e-01 1.300637232589895442e-01 7.350933090578061213e-01 1.327947200728265831e-01 2.048247610377787811e-03 0.000000000000000000e+00
9.500000000000000000e+04 3.800006041421115643e-01 1.374601729631315383e-01 7.313381884387801790e-01 1.301775147928994070e-01 1.024123805188893906e-03 0.000000000000000000e+00
9.750000000000000000e+04 3.900006200405883305e-01 1.431497496586253970e-01 7.208693673190714746e-01 1.338188438780154865e-01 2.162039144287664864e-03 0.000000000000000000e+00
1.000000000000000000e+05 4.000006359390650967e-01 1.545289030496131144e-01 6.958352298588984519e-01 1.461083295402822169e-01 3.527537551206190360e-03 0.000000000000000000e+00
1.025000000000000000e+05 4.100006518375414188e-01 1.132225762403277214e-01 7.531861629494766008e-01 1.305188893946290507e-01 3.072371415566681717e-03 0.000000000000000000e+00
1.050000000000000000e+05 4.200006677360179630e-01 1.133363677742375980e-01 7.543240782885752838e-01 1.301775147928994070e-01 2.162039144287664864e-03 0.000000000000000000e+00
1.075000000000000000e+05 4.300006836344947292e-01 1.156121984524351443e-01 7.531861629494766008e-01 1.283568502503413811e-01 2.844788347746927612e-03 0.000000000000000000e+00
1.100000000000000000e+05 4.400006995329714954e-01 1.156121984524351443e-01 7.523896222121073674e-01 1.281292671825216278e-01 3.868912152935821518e-03 0.000000000000000000e+00
1.125000000000000000e+05 4.500007154314480395e-01 1.248293126991351781e-01 7.338416021847974369e-01 1.356395084205735124e-01 5.689576695493855224e-03 0.000000000000000000e+00
1.150000000000000000e+05 4.600007313299245837e-01 1.281292671825216278e-01 6.912835685025033872e-01 1.779699590350477811e-01 2.617205279927173507e-03 0.000000000000000000e+00
1.175000000000000000e+05 4.700007472284013499e-01 1.395084205735093175e-01 6.589667728720982609e-01 1.990213928083750528e-01 2.503413746017296455e-03 0.000000000000000000e+00
1.200000000000000000e+05 4.800007631268781161e-01 1.665908056440600915e-01 5.970641784251251583e-01 2.322485207100591642e-01 4.096495220755575623e-03 0.000000000000000000e+00
1.225000000000000000e+05 4.900007790253544382e-01 1.570323167956304000e-01 6.618115612198451903e-01 1.802457897132453413e-01 9.103322712790168532e-04 0.000000000000000000e+00
1.250000000000000000e+05 5.000007949238309823e-01 1.639736003641329154e-01 6.851388256713700775e-01 1.497496586253982687e-01 1.137915339098770958e-03 0.000000000000000000e+00
1.275000000000000000e+05 5.100008108223077485e-01 1.660218479745106945e-01 6.794492489758762188e-01 1.535047792444242110e-01 1.024123805188893906e-03 0.000000000000000000e+00
1.300000000000000000e+05 5.200008267207845147e-01 1.678425125170687204e-01 6.764906690942193990e-01 1.541875284478834707e-01 1.479289940828402332e-03 0.000000000000000000e+00
1.325000000000000000e+05 5.300008426192610589e-01 1.702321347291761433e-01 6.714838416021847722e-01 1.574874829312699065e-01 7.965407373691396923e-04 0.000000000000000000e+00
1.350000000000000000e+05 5.400008585177373810e-01 1.779699590350477811e-01 6.566909421939007840e-01 1.646563495675921751e-01 6.827492034592626399e-04 0.000000000000000000e+00
1.375000000000000000e+05 5.500008744162141472e-01 1.789940828402366846e-01 6.556668183887118806e-01 1.639736003641329154e-01 1.365498406918525280e-03 0.000000000000000000e+00
1.400000000000000000e+05 5.600008903146909134e-01 1.801319981793354508e-01 6.578288575329995780e-01 1.614701866181156020e-01 5.689576695493854790e-04 0.000000000000000000e+00
1.425000000000000000e+05 5.700009062131674575e-01 1.710286754665452935e-01 6.614701866181156298e-01 1.644287664997724219e-01 3.072371415566681717e-03 0.000000000000000000e+00
1.450000000000000000e+05 5.800009221116440017e-01 1.733045061447428259e-01 6.574874829312699065e-01 1.663632225762403383e-01 2.844788347746927612e-03 0.000000000000000000e+00
1.475000000000000000e+05 5.900009380101207679e-01 1.812699135184342170e-01 6.487255348202093375e-01 1.660218479745106945e-01 3.982703686845699004e-03 0.000000000000000000e+00
1.500000000000000000e+05 6.000009539085975341e-01 1.693218024578971304e-01 6.845698680018206250e-01 1.446290395994538069e-01 1.479289940828402332e-03 0.000000000000000000e+00
1.525000000000000000e+05 6.100009698070740782e-01 1.571461083295402905e-01 6.982248520710059303e-01 1.436049157942649035e-01 1.024123805188893906e-03 0.000000000000000000e+00
1.550000000000000000e+05 6.200009857055508444e-01 1.545289030496131144e-01 7.011834319526627501e-01 1.437187073281747940e-01 5.689576695493854790e-04 0.000000000000000000e+00
1.575000000000000000e+05 6.300010016040271665e-01 1.538461538461538547e-01 6.989076012744651623e-01 1.459945380063723264e-01 1.251706873008648227e-03 0.000000000000000000e+00
1.600000000000000000e+05 6.400010175025039327e-01 1.571461083295402905e-01 6.981110605370960398e-01 1.437187073281747940e-01 1.024123805188893906e-03 0.000000000000000000e+00
1.625000000000000000e+05 6.500010334009804769e-01 1.477014110150204895e-01 6.993627674101047242e-01 1.522530723714155543e-01 6.827492034592626399e-04 0.000000000000000000e+00
1.650000000000000000e+05 6.600010492994572431e-01 1.483841602184797492e-01 6.990213928083750528e-01 1.525944469731451980e-01 0.000000000000000000e+00 0.000000000000000000e+00
1.675000000000000000e+05 6.700010651979337872e-01 1.482703686845698587e-01 6.984524351388257113e-01 1.532771961766044577e-01 0.000000000000000000e+00 0.000000000000000000e+00
1.700000000000000000e+05 6.800010810964105534e-01 1.474738279472007363e-01 6.989076012744651623e-01 1.535047792444242110e-01 1.137915339098771066e-04 0.000000000000000000e+00
1.725000000000000000e+05 6.900010969948868755e-01 1.486117432862995025e-01 6.987938097405552718e-01 1.525944469731451980e-01 0.000000000000000000e+00 0.000000000000000000e+00
1.750000000000000000e+05 7.000011128933634197e-01 1.499772416932180219e-01 6.979972690031861493e-01 1.517979062357760478e-01 2.275830678197542133e-04 0.000000000000000000e+00
1.775000000000000000e+05 7.100011287918401859e-01 1.515703231679562946e-01 6.977696859353663683e-01 1.503186162949476656e-01 3.413746017296313199e-04 0.000000000000000000e+00
1.800000000000000000e+05 7.200011446903169521e-01 1.472462448793809831e-01 7.041420118343195700e-01 1.479289940828402428e-01 6.827492034592626399e-04 0.000000000000000000e+00
1.825000000000000000e+05 7.300011605887934962e-01 1.500910332271279124e-01 7.016385980883022011e-01 1.472462448793809831e-01 1.024123805188893906e-03 0.000000000000000000e+00
1.850000000000000000e+05 7.400011764872698183e-01 1.909421939007737712e-01 6.095812471552116696e-01 1.972007282658170269e-01 2.275830678197541916e-03 0.000000000000000000e+00
1.875000000000000000e+05 7.500011923857468066e-01 1.893491124260354985e-01 6.463359126081019701e-01 1.626081019572143960e-01 1.706873008648156654e-03 0.000000000000000000e+00
1.900000000000000000e+05 7.600012082842235728e-01 1.948111060537096040e-01 6.424670004551661373e-01 1.609012289485662328e-01 1.820664542558033706e-03 0.000000000000000000e+00
1.925000000000000000e+05 7.700012241826998949e-01 1.935593991807009473e-01 6.472462448793809831e-01 1.579426490669094130e-01 1.251706873008648227e-03 0.000000000000000000e+00
1.950000000000000000e+05 7.800012400811764390e-01 1.956076467910787542e-01 6.467910787437414211e-01 1.558944014565316338e-01 1.706873008648156654e-03 0.000000000000000000e+00
1.975000000000000000e+05 7.900012559796532052e-01 2.036868456986800080e-01 6.376877560309512916e-01 1.547564861174328676e-01 3.868912152935821518e-03 0.000000000000000000e+00
2.000000000000000000e+05 8.000012718781299714e-01 2.517068730086481354e-01 5.798816568047336917e-01 1.622667273554847522e-01 6.144742831133363434e-03 0.000000000000000000e+00
2.025000000000000000e+05 8.100012877766065156e-01 2.008420573509330787e-01 6.539599453800637452e-01 1.412152935821574806e-01 3.982703686845699004e-03 0.000000000000000000e+00
2.050000000000000000e+05 8.200013036750828377e-01 1.873008648156577194e-01 6.745562130177514826e-01 1.363222576240327721e-01 1.820664542558033706e-03 0.000000000000000000e+00
2.075000000000000000e+05 8.300013195735596039e-01 1.837733272644515303e-01 6.751251706873008240e-01 1.389394629039599482e-01 2.162039144287664864e-03 0.000000000000000000e+00
2.100000000000000000e+05 8.400013354720363701e-01 1.870732817478379661e-01 6.715976331360946627e-01 1.396222121074192080e-01 1.706873008648156654e-03 0.000000000000000000e+00
2.125000000000000000e+05 8.500013513705129142e-01 1.871870732817478289e-01 6.708010923987255403e-01 1.404187528447883582e-01 1.593081474738279385e-03 0.000000000000000000e+00
2.150000000000000000e+05 8.600013672689894584e-01 1.913973600364132777e-01 6.638598088302229971e-01 1.413290851160673711e-01 3.413746017296313308e-03 0.000000000000000000e+00
2.175000000000000000e+05 8.700013831674662246e-01 2.024351388256713791e-01 6.285844333181611621e-01 1.670459717796995980e-01 1.934456076467910759e-03 0.000000000000000000e+00
2.200000000000000000e+05 8.800013990659429908e-01 2.041420118343195145e-01 6.238051888939463163e-01 1.703459262630860338e-01 1.706873008648156654e-03 0.000000000000000000e+00
2.225000000000000000e+05 8.900014149644193129e-01 2.141556668183887124e-01 6.043468365953572619e-01 1.804733727810650945e-01 1.024123805188893906e-03 0.000000000000000000e+00
2.250000000000000000e+05 9.000014308628958570e-01 2.150659990896677254e-01 6.030951297223486884e-01 1.812699135184342170e-01 5.689576695493854790e-04 0.000000000000000000e+00
2.275000000000000000e+05 9.100014467613726232e-01 2.000455166135639562e-01 6.445152480655439442e-01 1.515703231679562946e-01 3.868912152935821518e-03 0.000000000000000000e+00
2.300000000000000000e+05 9.200014626598493894e-01 2.035730541647701453e-01 6.378015475648611821e-01 1.548702776513427304e-01 3.755120619025944465e-03 0.000000000000000000e+00
2.325000000000000000e+05 9.300014785583259336e-01 2.101729631315430169e-01 6.313154301319982009e-01 1.556668183887118806e-01 2.844788347746927612e-03 0.000000000000000000e+00
2.350000000000000000e+05 9.400014944568024777e-01 2.158625398270368756e-01 6.341602184797451303e-01 1.455393718707328199e-01 4.437869822485207214e-03 0.000000000000000000e+00
2.375000000000000000e+05 9.500015103552792439e-01 2.152935821574874786e-01 6.185707783340919086e-01 1.624943104233045055e-01 3.641329085116067413e-03 0.000000000000000000e+00
2.400000000000000000e+05 9.600015262537560101e-01 2.126763768775603025e-01 6.133363677742376119e-01 1.704597177969958965e-01 3.527537551206190360e-03 0.000000000000000000e+00
2.425000000000000000e+05 9.700015421522323322e-01 2.142694583522985752e-01 6.094674556213017791e-01 1.735320892125625791e-01 2.730996813837050560e-03 0.000000000000000000e+00
2.450000000000000000e+05 9.800015580507088764e-01 2.172280382339553950e-01 6.062812926718251783e-01 1.742148384160218388e-01 2.275830678197541916e-03 0.000000000000000000e+00
2.475000000000000000e+05 9.900015739491856426e-01 2.402139280837505553e-01 5.703231679563040002e-01 1.876422394173873354e-01 1.820664542558033706e-03 0.000000000000000000e+00
2.500000000000000000e+05 1.000001589847662409e+00 2.513654984069185194e-01 5.582612653618570508e-01 1.876422394173873354e-01 2.730996813837050560e-03 0.000000000000000000e+00
