# itime ezz other fcc hcp bcc ico
0.000000000000000000e+00 0.000000000000000000e+00 0.000000000000000000e+00 1.000000000000000000e+00 0.000000000000000000e+00 0.000000000000000000e+00 0.000000000000000000e+00
2.500000000000000000e+02 1.000063589688959809e-03 0.000000000000000000e+00 1.000000000000000000e+00 0.000000000000000000e+00 0.000000000000000000e+00 0.000000000000000000e+00
5.000000000000000000e+02 2.000127179377919617e-03 0.000000000000000000e+00 1.000000000000000000e+00 0.000000000000000000e+00 0.000000000000000000e+00 0.000000000000000000e+00
7.500000000000000000e+02 3.000190769067101471e-03 0.000000000000000000e+00 1.000000000000000000e+00 0.000000000000000000e+00 0.000000000000000000e+00 0.000000000000000000e+00
1.000000000000000000e+03 4.000254358756061279e-03 0.000000000000000000e+00 1.000000000000000000e+00 0.000000000000000000e+00 0.000000000000000000e+00 0.000000000000000000e+00
1.250000000000000000e+03 5.000317948445021088e-03 0.000000000000000000e+00 1.000000000000000000e+00 0.000000000000000000e+00 0.000000000000000000e+00 0.000000000000000000e+00
1.500000000000000000e+03 6.000381538133980897e-03 0.000000000000000000e+00 1.000000000000000000e+00 0.000000000000000000e+00 0.000000000000000000e+00 0.000000000000000000e+00
1.750000000000000000e+03 7.000445127823162750e-03 0.000000000000000000e+00 1.000000000000000000e+00 0.000000000000000000e+00 0.000000000000000000e+00 0.000000000000000000e+00
2.000000000000000000e+03 8.000508717512122558e-03 0.000000000000000000e+00 1.000000000000000000e+00 0.000000000000000000e+00 0.000000000000000000e+00 0.000000000000000000e+00
2.250000000000000000e+03 9.000572307201082367e-03 0.000000000000000000e+00 1.000000000000000000e+00 0.000000000000000000e+00 0.000000000000000000e+00 0.000000000000000000e+00
2.500000000000000000e+03 1.000063589689004218e-02 0.000000000000000000e+00 1.000000000000000000e+00 0.000000000000000000e+00 0.000000000000000000e+00 0.000000000000000000e+00
2.750000000000000000e+03 1.100069948657922403e-02 0.000000000000000000e+00 1.000000000000000000e+00 0.000000000000000000e+00 0.000000000000000000e+00 0.000000000000000000e+00
3.000000000000000000e+03 1.200076307626818384e-02 0.000000000000000000e+00 1.000000000000000000e+00 0.000000000000000000e+00 0.000000000000000000e+00 0.000000000000000000e+00
3.250000000000000000e+03 1.300082666595714365e-02 0.000000000000000000e+00 1.000000000000000000e+00 0.000000000000000000e+00 0.000000000000000000e+00 0.000000000000000000e+00
3.500000000000000000e+03 1.400089025564610345e-02 0.000000000000000000e+00 1.000000000000000000e+00 0.000000000000000000e+00 0.000000000000000000e+00 0.000000000000000000e+00
3.750000000000000000e+03 1.500095384533506326e-02 0.000000000000000000e+00 1.000000000000000000e+00 0.000000000000000000e+00 0.000000000000000000e+00 0.000000000000000000e+00
4.000000000000000000e+03 1.600101743502424512e-02 0.000000000000000000e+00 1.000000000000000000e+00 0.000000000000000000e+00 0.000000000000000000e+00 0.000000000000000000e+00
4.250000000000000000e+03 1.700108102471320493e-02 0.000000000000000000e+00 1.000000000000000000e+00 0.000000000000000000e+00 0.000000000000000000e+00 0.000000000000000000e+00
4.500000000000000000e+03 1.800114461440216473e-02 0.000000000000000000e+00 1.000000000000000000e+00 0.000000000000000000e+00 0.000000000000000000e+00 0.000000000000000000e+00
4.750000000000000000e+03 1.900120820409112454e-02 0.000000000000000000e+00 1.000000000000000000e+00 0.000000000000000000e+00 0.000000000000000000e+00 0.000000000000000000e+00
5.000000000000000000e+03 2.000127179378030640e-02 0.000000000000000000e+00 1.000000000000000000e+00 0.000000000000000000e+00 0.000000000000000000e+00 0.000000000000000000e+00
5.250000000000000000e+03 2.100133538346926620e-02 0.000000000000000000e+00 1.000000000000000000e+00 0.000000000000000000e+00 0.000000000000000000e+00 0.000000000000000000e+00
5.500000000000000000e+03 2.200139897315822601e-02 0.000000000000000000e+00 1.000000000000000000e+00 0.000000000000000000e+00 0.000000000000000000e+00 0.000000000000000000e+00
5.750000000000000000e+03 2.300146256284718582e-02 0.000000000000000000e+00 1.000000000000000000e+00 0.000000000000000000e+00 0.000000000000000000e+00 0.000000000000000000e+00
6.000000000000000000e+03 2.400152615253614563e-02 0.000000000000000000e+00 1.000000000000000000e+00 0.000000000000000000e+00 0.000000000000000000e+00 0.000000000000000000e+00
6.250000000000000000e+03 2.500158974222532748e-02 0.000000000000000000e+00 1.000000000000000000e+00 0.000000000000000000e+00 0.000000000000000000e+00 0.000000000000000000e+00
6.500000000000000000e+03 2.600165333191428729e-02 0.000000000000000000e+00 1.000000000000000000e+00 0.000000000000000000e+00 0.000000000000000000e+00 0.000000000000000000e+00
6.750000000000000000e+03 2.700171692160324710e-02 0.000000000000000000e+00 1.000000000000000000e+00 0.000000000000000000e+00 0.000000000000000000e+00 0.000000000000000000e+00
7.000000000000000000e+03 2.800178051129220691e-02 0.000000000000000000e+00 1.000000000000000000e+00 0.000000000000000000e+00 0.000000000000000000e+00 0.000000000000000000e+00
7.250000000000000000e+03 2.900184410098138876e-02 0.000000000000000000e+00 1.000000000000000000e+00 0.000000000000000000e+00 0.000000000000000000e+00 0.000000000000000000e+00
7.500000000000000000e+03 3.000190769067034857e-02 0.000000000000000000e+00 1.000000000000000000e+00 0.000000000000000000e+00 0.000000000000000000e+00 0.000000000000000000e+00
7.750000000000000000e+03 3.100197128035930838e-02 0.000000000000000000e+00 1.000000000000000000e+00 0.000000000000000000e+00 0.000000000000000000e+00 0.000000000000000000e+00
8.000000000000000000e+03 3.200203487004826819e-02 0.000000000000000000e+00 1.000000000000000000e+00 0.000000000000000000e+00 0.000000000000000000e+00 0.000000000000000000e+00
8.250000000000000000e+03 3.300209845973745004e-02 0.000000000000000000e+00 1.000000000000000000e+00 0.000000000000000000e+00 0.000000000000000000e+00 0.000000000000000000e+00
8.500000000000000000e+03 3.400216204942640985e-02 0.000000000000000000e+00 1.000000000000000000e+00 0.000000000000000000e+00 0.000000000000000000e+00 0.000000000000000000e+00
8.750000000000000000e+03 3.500222563911536966e-02 0.000000000000000000e+00 1.000000000000000000e+00 0.000000000000000000e+00 0.000000000000000000e+00 0.000000000000000000e+00
9.000000000000000000e+03 3.600228922880432947e-02 0.000000000000000000e+00 1.000000000000000000e+00 0.000000000000000000e+00 0.000000000000000000e+00 0.000000000000000000e+00
9.250000000000000000e+03 3.700235281849328928e-02 0.000000000000000000e+00 1.000000000000000000e+00 0.000000000000000000e+00 0.000000000000000000e+00 0.000000000000000000e+00
9.500000000000000000e+03 3.800241640818247113e-02 0.000000000000000000e+00 1.000000000000000000e+00 0.000000000000000000e+00 0.000000000000000000e+00 0.000000000000000000e+00
9.750000000000000000e+03 3.900247999787143094e-02 0.000000000000000000e+00 1.000000000000000000e+00 0.000000000000000000e+00 0.000000000000000000e+00 0.000000000000000000e+00
1.000000000000000000e+04 4.000254358756039075e-02 0.000000000000000000e+00 1.000000000000000000e+00 0.000000000000000000e+00 0.000000000000000000e+00 0.000000000000000000e+00
1.025000000000000000e+04 4.100260717724935056e-02 0.000000000000000000e+00 1.000000000000000000e+00 0.000000000000000000e+00 0.000000000000000000e+00 0.000000000000000000e+00
1.050000000000000000e+04 4.200267076693853241e-02 0.000000000000000000e+00 1.000000000000000000e+00 0.000000000000000000e+00 0.000000000000000000e+00 0.000000000000000000e+00
1.075000000000000000e+04 4.300273435662749222e-02 0.000000000000000000e+00 1.000000000000000000e+00 0.000000000000000000e+00 0.000000000000000000e+00 0.000000000000000000e+00
1.100000000000000000e+04 4.400279794631645203e-02 0.000000000000000000e+00 1.000000000000000000e+00 0.000000000000000000e+00 0.000000000000000000e+00 0.000000000000000000e+00
1.125000000000000000e+04 4.500286153600541184e-02 0.000000000000000000e+00 1.000000000000000000e+00 0.000000000000000000e+00 0.000000000000000000e+00 0.000000000000000000e+00
1.150000000000000000e+04 4.600292512569459369e-02 0.000000000000000000e+00 1.000000000000000000e+00 0.000000000000000000e+00 0.000000000000000000e+00 0.000000000000000000e+00
1.175000000000000000e+04 4.700298871538355350e-02 0.000000000000000000e+00 1.000000000000000000e+00 0.000000000000000000e+00 0.000000000000000000e+00 0.000000000000000000e+00
1.200000000000000000e+04 4.800305230507251331e-02 0.000000000000000000e+00 1.000000000000000000e+00 0.000000000000000000e+00 0.000000000000000000e+00 0.000000000000000000e+00
1.225000000000000000e+04 4.900311589476147311e-02 0.000000000000000000e+00 1.000000000000000000e+00 0.000000000000000000e+00 0.000000000000000000e+00 0.000000000000000000e+00
1.250000000000000000e+04 5.000317948445043292e-02 0.000000000000000000e+00 1.000000000000000000e+00 0.000000000000000000e+00 0.000000000000000000e+00 0.000000000000000000e+00
1.275000000000000000e+04 5.100324307413961478e-02 0.000000000000000000e+00 1.000000000000000000e+00 0.000000000000000000e+00 0.000000000000000000e+00 0.000000000000000000e+00
1.300000000000000000e+04 5.200330666382857459e-02 0.000000000000000000e+00 1.000000000000000000e+00 0.000000000000000000e+00 0.000000000000000000e+00 0.000000000000000000e+00
1.325000000000000000e+04 5.300337025351753439e-02 0.000000000000000000e+00 1.000000000000000000e+00 0.000000000000000000e+00 0.000000000000000000e+00 0.000000000000000000e+00
1.350000000000000000e+04 5.400343384320649420e-02 0.000000000000000000e+00 1.000000000000000000e+00 0.000000000000000000e+00 0.000000000000000000e+00 0.000000000000000000e+00
1.375000000000000000e+04 5.500349743289567606e-02 0.000000000000000000e+00 1.000000000000000000e+00 0.000000000000000000e+00 0.000000000000000000e+00 0.000000000000000000e+00
1.400000000000000000e+04 5.600356102258463586e-02 0.000000000000000000e+00 1.000000000000000000e+00 0.000000000000000000e+00 0.000000000000000000e+00 0.000000000000000000e+00
1.425000000000000000e+04 5.700362461227359567e-02 0.000000000000000000e+00 1.000000000000000000e+00 0.000000000000000000e+00 0.000000000000000000e+00 0.000000000000000000e+00
1.450000000000000000e+04 5.800368820196255548e-02 0.000000000000000000e+00 1.000000000000000000e+00 0.000000000000000000e+00 0.000000000000000000e+00 0.000000000000000000e+00
1.475000000000000000e+04 5.900375179165173734e-02 0.000000000000000000e+00 1.000000000000000000e+00 0.000000000000000000e+00 0.000000000000000000e+00 0.000000000000000000e+00
1.500000000000000000e+04 6.000381538134069714e-02 0.000000000000000000e+00 1.000000000000000000e+00 0.000000000000000000e+00 0.000000000000000000e+00 0.000000000000000000e+00
1.525000000000000000e+04 6.100387897102965695e-02 0.000000000000000000e+00 1.000000000000000000e+00 0.000000000000000000e+00 0.000000000000000000e+00 0.000000000000000000e+00
1.550000000000000000e+04 6.200394256071861676e-02 0.000000000000000000e+00 1.000000000000000000e+00 0.000000000000000000e+00 0.000000000000000000e+00 0.000000000000000000e+00
1.575000000000000000e+04 6.300400615040757657e-02 0.000000000000000000e+00 1.000000000000000000e+00 0.000000000000000000e+00 0.000000000000000000e+00 0.000000000000000000e+00
1.600000000000000000e+04 6.400406974009675842e-02 0.000000000000000000e+00 1.000000000000000000e+00 0.000000000000000000e+00 0.000000000000000000e+00 0.000000000000000000e+00
1.625000000000000000e+04 6.500413332978571823e-02 0.000000000000000000e+00 1.000000000000000000e+00 0.000000000000000000e+00 0.000000000000000000e+00 0.000000000000000000e+00
1.650000000000000000e+04 6.600419691947467804e-02 0.000000000000000000e+00 1.000000000000000000e+00 0.000000000000000000e+00 0.000000000000000000e+00 0.000000000000000000e+00
1.675000000000000000e+04 6.700426050916363785e-02 0.000000000000000000e+00 1.000000000000000000e+00 0.000000000000000000e+00 0.000000000000000000e+00 0.000000000000000000e+00
1.700000000000000000e+04 6.800432409885281970e-02 1.024123805188893906e-03 9.989758761948110966e-01 0.000000000000000000e+00 0.000000000000000000e+00 0.000000000000000000e+00
1.725000000000000000e+04 6.900438768854177951e-02 2.275830678197542133e-04 9.997724169321802190e-01 0.000000000000000000e+00 0.000000000000000000e+00 0.000000000000000000e+00
1.750000000000000000e+04 7.000445127823073932e-02 0.000000000000000000e+00 1.000000000000000000e+00 0.000000000000000000e+00 0.000000000000000000e+00 0.000000000000000000e+00
1.775000000000000000e+04 7.100451486791969913e-02 0.000000000000000000e+00 1.000000000000000000e+00 0.000000000000000000e+00 0.000000000000000000e+00 0.000000000000000000e+00
1.800000000000000000e+04 7.200457845760865894e-02 0.000000000000000000e+00 1.000000000000000000e+00 0.000000000000000000e+00 0.000000000000000000e+00 0.000000000000000000e+00
1.825000000000000000e+04 7.300464204729784079e-02 0.000000000000000000e+00 1.000000000000000000e+00 0.000000000000000000e+00 0.000000000000000000e+00 0.000000000000000000e+00
1.850000000000000000e+04 7.400470563698680060e-02 0.000000000000000000e+00 1.000000000000000000e+00 0.000000000000000000e+00 0.000000000000000000e+00 0.000000000000000000e+00
1.875000000000000000e+04 7.500476922667576041e-02 1.137915339098771066e-04 9.998862084660901095e-01 0.000000000000000000e+00 0.000000000000000000e+00 0.000000000000000000e+00
1.900000000000000000e+04 7.600483281636472022e-02 0.000000000000000000e+00 1.000000000000000000e+00 0.000000000000000000e+00 0.000000000000000000e+00 0.000000000000000000e+00
1.925000000000000000e+04 7.700489640605390207e-02 4.551661356395084266e-04 9.995448338643604380e-01 0.000000000000000000e+00 0.000000000000000000e+00 0.000000000000000000e+00
1.950000000000000000e+04 7.800495999574286188e-02 0.000000000000000000e+00 1.000000000000000000e+00 0.000000000000000000e+00 0.000000000000000000e+00 0.000000000000000000e+00
1.975000000000000000e+04 7.900502358543182169e-02 4.551661356395084266e-04 9.995448338643604380e-01 0.000000000000000000e+00 0.000000000000000000e+00 0.000000000000000000e+00
2.000000000000000000e+04 8.000508717512078150e-02 5.689576695493854790e-04 9.994310423304506585e-01 0.000000000000000000e+00 0.000000000000000000e+00 0.000000000000000000e+00
2.025000000000000000e+04 8.100515076480996335e-02 4.551661356395084266e-04 9.995448338643604380e-01 0.000000000000000000e+00 0.000000000000000000e+00 0.000000000000000000e+00
2.050000000000000000e+04 8.200521435449892316e-02 1.137915339098771066e-04 9.997724169321802190e-01 0.000000000000000000e+00 1.137915339098771066e-04 0.000000000000000000e+00
2.075000000000000000e+04 8.300527794418788297e-02 1.137915339098771066e-04 9.998862084660901095e-01 0.000000000000000000e+00 0.000000000000000000e+00 0.000000000000000000e+00
2.100000000000000000e+04 8.400534153387684277e-02 0.000000000000000000e+00 1.000000000000000000e+00 0.000000000000000000e+00 0.000000000000000000e+00 0.000000000000000000e+00
2.125000000000000000e+04 8.500540512356580258e-02 6.827492034592626399e-04 9.992034592626308775e-01 0.000000000000000000e+00 1.137915339098771066e-04 0.000000000000000000e+00
2.150000000000000000e+04 8.600546871325498444e-02 4.551661356395084266e-04 9.995448338643604380e-01 0.000000000000000000e+00 0.000000000000000000e+00 0.000000000000000000e+00
2.175000000000000000e+04 8.700553230294394425e-02 0.000000000000000000e+00 9.998862084660901095e-01 0.000000000000000000e+00 1.137915339098771066e-04 0.000000000000000000e+00
2.200000000000000000e+04 8.800559589263290405e-02 7.965407373691396923e-04 9.992034592626308775e-01 0.000000000000000000e+00 0.000000000000000000e+00 0.000000000000000000e+00
2.225000000000000000e+04 8.900565948232186386e-02 2.275830678197542133e-04 9.997724169321802190e-01 0.000000000000000000e+00 0.000000000000000000e+00 0.000000000000000000e+00
2.250000000000000000e+04 9.000572307201104572e-02 3.413746017296313199e-04 9.996586253982703285e-01 0.000000000000000000e+00 0.000000000000000000e+00 0.000000000000000000e+00
2.275000000000000000e+04 9.100578666170000552e-02 1.251706873008648227e-03 9.987482931269913156e-01 0.000000000000000000e+00 0.000000000000000000e+00 0.000000000000000000e+00
2.300000000000000000e+04 9.200585025138896533e-02 6.827492034592626399e-04 9.993172507965407680e-01 0.000000000000000000e+00 0.000000000000000000e+00 0.000000000000000000e+00
2.325000000000000000e+04 9.300591384107792514e-02 1.706873008648156654e-03 9.982931269913518646e-01 0.000000000000000000e+00 0.000000000000000000e+00 0.000000000000000000e+00
2.350000000000000000e+04 9.400597743076710699e-02 1.365498406918525280e-03 9.986345015930814251e-01 0.000000000000000000e+00 0.000000000000000000e+00 0.000000000000000000e+00
2.375000000000000000e+04 9.500604102045606680e-02 2.162039144287664864e-03 9.978379608557123026e-01 0.000000000000000000e+00 0.000000000000000000e+00 0.000000000000000000e+00
2.400000000000000000e+04 9.600610461014502661e-02 1.820664542558033706e-03 9.981793354574419741e-01 0.000000000000000000e+00 0.000000000000000000e+00 0.000000000000000000e+00
2.425000000000000000e+04 9.700616819983398642e-02 1.706873008648156654e-03 9.980655439235320836e-01 0.000000000000000000e+00 2.275830678197542133e-04 0.000000000000000000e+00
2.450000000000000000e+04 9.800623178952294623e-02 2.617205279927173507e-03 9.971552116522530707e-01 0.000000000000000000e+00 2.275830678197542133e-04 0.000000000000000000e+00
2.475000000000000000e+04 9.900629537921212808e-02 2.048247610377787811e-03 9.979517523896221931e-01 0.000000000000000000e+00 0.000000000000000000e+00 0.000000000000000000e+00
2.500000000000000000e+04 1.000063589689010879e-01 3.299954483386436255e-03 9.967000455166135087e-01 0.000000000000000000e+00 0.000000000000000000e+00 0.000000000000000000e+00
2.525000000000000000e+04 1.010064225585900477e-01 2.844788347746927612e-03 9.971552116522530707e-01 0.000000000000000000e+00 0.000000000000000000e+00 0.000000000000000000e+00
2.550000000000000000e+04 1.020064861482790075e-01 4.665452890304961318e-03 9.953345471096950448e-01 0.000000000000000000e+00 0.000000000000000000e+00 0.000000000000000000e+00
2.575000000000000000e+04 1.030065497379681894e-01 2.162039144287664864e-03 9.974965862539827421e-01 0.000000000000000000e+00 3.413746017296313199e-04 0.000000000000000000e+00
2.600000000000000000e+04 1.040066133276571492e-01 5.006827492034592909e-03 9.944242148384160318e-01 0.000000000000000000e+00 5.689576695493854790e-04 0.000000000000000000e+00
2.625000000000000000e+04 1.050066769173461090e-01 4.893035958124715423e-03 9.946517979062358128e-01 0.000000000000000000e+00 4.551661356395084266e-04 0.000000000000000000e+00
2.650000000000000000e+04 1.060067405070350688e-01 6.258534365043240920e-03 9.935138825671370189e-01 0.000000000000000000e+00 2.275830678197542133e-04 0.000000000000000000e+00
2.675000000000000000e+04 1.070068040967242506e-01 1.046882111970869403e-02 9.886208466090122826e-01 0.000000000000000000e+00 9.103322712790168532e-04 0.000000000000000000e+00
2.700000000000000000e+04 1.080068676864132104e-01 1.547564861174328607e-02 9.817933545744196300e-01 0.000000000000000000e+00 2.730996813837050560e-03 0.000000000000000000e+00
2.725000000000000000e+04 1.090069312761021703e-01 2.787892580791988956e-02 9.492489758761948337e-01 0.000000000000000000e+00 2.287209831588529751e-02 0.000000000000000000e+00
2.750000000000000000e+04 1.100069948657911301e-01 1.851388256713700498e-01 4.101046882111971104e-01 4.551661356395084266e-04 4.043013199817933612e-01 0.000000000000000000e+00
2.775000000000000000e+04 1.110070584554800899e-01 1.545289030496131144e-01 3.053026854802002865e-01 1.137915339098771066e-04 5.400546199362767918e-01 0.000000000000000000e+00
2.800000000000000000e+04 1.120071220451692717e-01 2.199590350477924339e-01 3.499089667728720876e-01 8.204369594902138907e-02 3.480883022303140617e-01 0.000000000000000000e+00
2.825000000000000000e+04 1.130071856348582315e-01 2.552344105598543522e-01 4.431042330450614686e-01 2.462448793809740577e-01 5.541647701411014926e-02 0.000000000000000000e+00
2.850000000000000000e+04 1.140072492245471913e-01 2.078971324533454845e-01 4.969276285844333452e-01 2.782203004096495125e-01 1.695493855257168905e-02 0.000000000000000000e+00
2.875000000000000000e+04 1.150073128142361512e-01 1.985662266727355463e-01 5.241238051888938987e-01 2.709376422394174089e-01 6.372325898953117539e-03 0.000000000000000000e+00
2.900000000000000000e+04 1.160073764039253330e-01 1.974283113336367801e-01 5.530268548020027541e-01 2.407828857532999522e-01 8.761948111060537808e-03 0.000000000000000000e+00
2.925000000000000000e+04 1.170074399936142928e-01 1.860491579426490627e-01 5.881884387801548097e-01 2.180245789713245452e-01 7.737824305871643035e-03 0.000000000000000000e+00
2.950000000000000000e+04 1.180075035833032526e-01 1.644287664997724219e-01 6.475876194811106545e-01 1.777423759672280279e-01 1.024123805188893906e-02 0.000000000000000000e+00
2.975000000000000000e+04 1.190075671729922124e-01 1.363222576240327721e-01 7.035730541647701175e-01 1.503186162949476656e-01 9.786071916249430847e-03 0.000000000000000000e+00
3.000000000000000000e+04 1.200076307626811722e-01 1.315430131998179264e-01 7.237141556668184039e-01 1.348429676832043622e-01 9.899863450159307465e-03 0.000000000000000000e+00
3.025000000000000000e+04 1.210076943523703541e-01 1.251706873008648080e-01 7.352071005917160118e-01 1.314292216659080637e-01 8.192990441511151245e-03 0.000000000000000000e+00
3.050000000000000000e+04 1.220077579420593139e-01 1.176604460628129234e-01 7.429449248975875664e-01 1.305188893946290507e-01 8.875739644970414427e-03 0.000000000000000000e+00
3.075000000000000000e+04 1.230078215317482737e-01 1.210741920801092358e-01 7.435138825671370189e-01 1.283568502503413811e-01 7.055075102412380721e-03 0.000000000000000000e+00
3.100000000000000000e+04 1.240078851214372335e-01 1.205052344105598527e-01 7.432862994993172379e-01 1.302913063268092975e-01 5.917159763313609329e-03 0.000000000000000000e+00
3.125000000000000000e+04 1.250079487111264154e-01 1.154984069185252676e-01 7.482931269913518646e-01 1.275603095129722309e-01 8.648156577150659455e-03 0.000000000000000000e+00
3.150000000000000000e+04 1.260080123008153752e-01 1.134501593081474746e-01 7.509103322712790130e-01 1.293809740555302568e-01 6.258534365043240920e-03 0.000000000000000000e+00
3.175000000000000000e+04 1.270080758905043350e-01 1.167501137915339104e-01 7.487482931269913156e-01 1.291533909877105035e-01 5.348202093764223633e-03 0.000000000000000000e+00
3.200000000000000000e+04 1.280081394801932948e-01 1.195949021392808398e-01 7.510241238051889034e-01 1.236913973600364119e-01 5.689576695493855224e-03 0.000000000000000000e+00
3.225000000000000000e+04 1.290082030698824767e-01 1.151570323167956239e-01 7.495448338643604380e-01 1.299499317250796537e-01 5.348202093764223633e-03 0.000000000000000000e+00
3.250000000000000000e+04 1.300082666595714365e-01 1.123122439690487084e-01 7.502275830678197810e-01 1.294947655894401473e-01 7.965407373691398007e-03 0.000000000000000000e+00
3.275000000000000000e+04 1.310083302492603963e-01 1.126536185707783383e-01 7.504551661356395620e-01 1.308602639963586667e-01 6.030951297223486815e-03 0.000000000000000000e+00
3.300000000000000000e+04 1.320083938389493561e-01 1.057123350022758368e-01 7.438552571688666903e-01 1.453117888029130667e-01 5.120619025944469528e-03 0.000000000000000000e+00
3.325000000000000000e+04 1.330084574286383159e-01 1.008192990441511144e-01 7.504551661356395620e-01 1.439462903959945472e-01 4.779244424214838804e-03 0.000000000000000000e+00
3.350000000000000000e+04 1.340085210183274977e-01 1.053709604005461931e-01 7.333864360491579859e-01 1.572598998634501533e-01 3.982703686845699004e-03 0.000000000000000000e+00
3.375000000000000000e+04 1.350085846080164576e-01 1.008192990441511144e-01 7.461310878470641672e-01 1.473600364132908458e-01 5.689576695493855224e-03 0.000000000000000000e+00
3.400000000000000000e+04 1.360086481977054174e-01 9.979517523896222486e-02 7.584205735093308975e-01 1.366636322257624159e-01 5.120619025944469528e-03 0.000000000000000000e+00
3.425000000000000000e+04 1.370087117873943772e-01 9.899863450159307465e-02 7.542102867546655043e-01 1.382567137005006885e-01 8.534365043240782836e-03 0.000000000000000000e+00
3.450000000000000000e+04 1.380087753770835590e-01 9.922621756941284177e-02 7.503413746017296715e-01 1.426945835229858905e-01 7.737824305871643035e-03 0.000000000000000000e+00
3.475000000000000000e+04 1.390088389667725188e-01 9.182976786527081992e-02 7.523896222121073674e-01 1.432635411925352875e-01 1.251706873008648184e-02 0.000000000000000000e+00
3.500000000000000000e+04 1.400089025564614786e-01 9.194355939918069653e-02 7.495448338643604380e-01 1.491807009558488717e-01 9.330905780609922637e-03 0.000000000000000000e+00
3.525000000000000000e+04 1.410089661461504384e-01 8.921256258534364381e-02 7.552344105598542967e-01 1.507737824305871721e-01 4.779244424214838804e-03 0.000000000000000000e+00
3.550000000000000000e+04 1.420090297358396203e-01 8.887118798361401395e-02 7.544378698224851743e-01 1.490669094219390090e-01 7.624032771961766417e-03 0.000000000000000000e+00
3.575000000000000000e+04 1.430090933255285801e-01 9.160218479745106668e-02 7.565999089667728716e-01 1.479289940828402428e-01 3.868912152935821518e-03 0.000000000000000000e+00
3.600000000000000000e+04 1.440091569152175399e-01 8.739189804278561791e-02 7.598998634501593630e-01 1.466772872098315861e-01 6.030951297223486815e-03 0.000000000000000000e+00
3.625000000000000000e+04 1.450092205049064997e-01 8.739189804278561791e-02 7.577378243058716656e-01 1.472462448793809831e-01 7.624032771961766417e-03 0.000000000000000000e+00
3.650000000000000000e+04 1.460092840945954595e-01 8.887118798361401395e-02 7.586481565771506785e-01 1.462221210741920796e-01 6.258534365043240920e-03 0.000000000000000000e+00
3.675000000000000000e+04 1.470093476842846414e-01 8.841602184797450747e-02 7.605826126536185949e-01 1.449704142011834229e-01 6.030951297223486815e-03 0.000000000000000000e+00
3.700000000000000000e+04 1.480094112739736012e-01 8.898497951752389057e-02 7.598998634501593630e-01 1.455393718707328199e-01 5.575785161583977738e-03 0.000000000000000000e+00
3.725000000000000000e+04 1.490094748636625610e-01 8.978152025489304078e-02 7.596722803823395820e-01 1.451979972690031762e-01 5.348202093764223633e-03 0.000000000000000000e+00
3.750000000000000000e+04 1.500095384533515208e-01 9.023668639053254725e-02 7.595584888484296915e-01 1.438324988620846567e-01 6.372325898953117539e-03 0.000000000000000000e+00
3.775000000000000000e+04 1.510096020430407027e-01 9.501593081474737912e-02 7.505689576695493415e-01 1.456531634046426826e-01 8.761948111060537808e-03 0.000000000000000000e+00
3.800000000000000000e+04 1.520096656327296625e-01 9.501593081474737912e-02 7.375967228038233792e-01 1.598771051433773294e-01 7.510241238051888930e-03 0.000000000000000000e+00
3.825000000000000000e+04 1.530097292224186223e-01 9.251251706873007963e-02 7.469276285844332897e-01 1.530496131087847045e-01 7.510241238051888930e-03 0.000000000000000000e+00
3.850000000000000000e+04 1.540097928121075821e-01 9.091943559399180697e-02 7.432862994993172379e-01 1.574874829312699065e-01 8.306781975421027864e-03 0.000000000000000000e+00
3.875000000000000000e+04 1.550098564017965419e-01 9.262630860263997012e-02 7.435138825671370189e-01 1.563495675921711403e-01 7.510241238051888930e-03 0.000000000000000000e+00
3.900000000000000000e+04 1.560099199914857238e-01 9.160218479745106668e-02 7.484069185252617551e-01 1.529358215748748417e-01 7.055075102412380721e-03 0.000000000000000000e+00
3.925000000000000000e+04 1.570099835811746836e-01 8.944014565316341092e-02 7.487482931269913156e-01 1.545289030496131144e-01 7.282658170232134826e-03 0.000000000000000000e+00
3.950000000000000000e+04 1.580100471708636434e-01 8.887118798361401395e-02 7.484069185252617551e-01 1.540737369139736079e-01 8.648156577150659455e-03 0.000000000000000000e+00
3.975000000000000000e+04 1.590101107605526032e-01 8.944014565316341092e-02 7.507965407373691225e-01 1.508875739644970349e-01 8.875739644970414427e-03 0.000000000000000000e+00
4.000000000000000000e+04 1.600101743502417850e-01 9.160218479745106668e-02 7.470414201183431802e-01 1.544151115157032239e-01 6.941283568502503235e-03 0.000000000000000000e+00
4.025000000000000000e+04 1.610102379399307448e-01 9.308147473827947660e-02 7.502275830678197810e-01 1.505461993627674189e-01 6.144742831133363434e-03 0.000000000000000000e+00
4.050000000000000000e+04 1.620103015296197047e-01 9.239872553482020301e-02 7.503413746017296715e-01 1.511151570323167881e-01 6.144742831133363434e-03 0.000000000000000000e+00
4.075000000000000000e+04 1.630103651193086645e-01 8.864360491579426071e-02 7.520482476103778069e-01 1.520254893035958010e-01 7.282658170232134826e-03 0.000000000000000000e+00
4.100000000000000000e+04 1.640104287089978463e-01 9.000910332271279402e-02 7.497724169321802190e-01 1.545289030496131144e-01 5.689576695493855224e-03 0.000000000000000000e+00
4.125000000000000000e+04 1.650104922986868061e-01 9.148839326354119006e-02 7.526172052799271484e-01 1.494082840236686527e-01 6.486117432862995025e-03 0.000000000000000000e+00
4.150000000000000000e+04 1.660105558883757659e-01 9.080564406008193035e-02 7.521620391442876974e-01 1.494082840236686527e-01 7.624032771961766417e-03 0.000000000000000000e+00
4.175000000000000000e+04 1.670106194780647257e-01 9.035047792444242387e-02 7.514792899408283544e-01 1.488393263541192557e-01 9.330905780609922637e-03 0.000000000000000000e+00
4.200000000000000000e+04 1.680106830677536855e-01 8.989531178880291740e-02 7.519344560764679164e-01 1.507737824305871721e-01 7.396449704142011444e-03 0.000000000000000000e+00
4.225000000000000000e+04 1.690107466574428674e-01 8.966772872098316416e-02 7.526172052799271484e-01 1.511151570323167881e-01 6.599908966772872511e-03 0.000000000000000000e+00
4.250000000000000000e+04 1.700108102471318272e-01 9.171597633136094330e-02 7.526172052799271484e-01 1.492944924897587622e-01 6.372325898953117539e-03 0.000000000000000000e+00
4.275000000000000000e+04 1.710108738368207870e-01 9.000910332271279402e-02 7.536413290851160518e-01 1.489531178880291185e-01 7.396449704142011444e-03 0.000000000000000000e+00
4.300000000000000000e+04 1.720109374265097468e-01 8.932635411925353430e-02 7.569412835685025431e-01 1.471324533454710926e-01 6.599908966772872511e-03 0.000000000000000000e+00
4.325000000000000000e+04 1.730110010161989287e-01 9.251251706873007963e-02 7.542102867546655043e-01 1.473600364132908458e-01 5.917159763313609329e-03 0.000000000000000000e+00
4.350000000000000000e+04 1.740110646058878885e-01 9.148839326354119006e-02 7.531861629494766008e-01 1.483841602184797492e-01 6.941283568502503235e-03 0.000000000000000000e+00
4.375000000000000000e+04 1.750111281955768483e-01 9.023668639053254725e-02 7.558033682294037492e-01 1.469048702776513393e-01 7.055075102412380721e-03 0.000000000000000000e+00
4.400000000000000000e+04 1.760111917852658081e-01 8.864360491579426071e-02 7.575102412380518846e-01 1.472462448793809831e-01 6.599908966772872511e-03 0.000000000000000000e+00
4.425000000000000000e+04 1.770112553749549900e-01 9.057806099226217711e-02 7.597860719162494725e-01 1.432635411925352875e-01 6.372325898953117539e-03 0.000000000000000000e+00
4.450000000000000000e+04 1.780113189646439498e-01 9.228493400091032639e-02 7.560309512972235302e-01 1.454255803368229294e-01 6.258534365043240920e-03 0.000000000000000000e+00
4.475000000000000000e+04 1.790113825543329096e-01 8.716431497496586467e-02 7.618343195266271684e-01 1.440600819299044100e-01 6.941283568502503235e-03 0.000000000000000000e+00
4.500000000000000000e+04 1.800114461440218694e-01 9.080564406008193035e-02 7.586481565771506785e-01 1.438324988620846567e-01 6.713700500682749130e-03 0.000000000000000000e+00
4.525000000000000000e+04 1.810115097337108292e-01 8.784706417842512438e-02 7.584205735093308975e-01 1.472462448793809831e-01 6.486117432862995025e-03 0.000000000000000000e+00
4.550000000000000000e+04 1.820115733234000110e-01 9.126081019572143682e-02 7.585343650432407880e-01 1.458807464724624359e-01 4.324078288575329727e-03 0.000000000000000000e+00
4.575000000000000000e+04 1.830116369130889709e-01 9.228493400091032639e-02 7.576240327719617751e-01 1.453117888029130667e-01 4.779244424214838804e-03 0.000000000000000000e+00
4.600000000000000000e+04 1.840117005027779307e-01 9.057806099226217711e-02 7.580791989076012261e-01 1.459945380063723264e-01 5.348202093764223633e-03 0.000000000000000000e+00
4.625000000000000000e+04 1.850117640924668905e-01 9.069185252617205373e-02 7.609239872553481554e-01 1.423532089212562468e-01 6.030951297223486815e-03 0.000000000000000000e+00
4.650000000000000000e+04 1.860118276821560723e-01 9.171597633136094330e-02 7.567137005006827621e-01 1.455393718707328199e-01 6.030951297223486815e-03 0.000000000000000000e+00
4.675000000000000000e+04 1.870118912718450321e-01 9.137460172963131344e-02 7.628584433318160718e-01 1.392808375056895642e-01 6.486117432862995025e-03 0.000000000000000000e+00
4.700000000000000000e+04 1.880119548615339919e-01 9.751934456076467861e-02 7.519344560764679164e-01 1.447428311333636697e-01 5.803368229403732710e-03 0.000000000000000000e+00
4.725000000000000000e+04 1.890120184512229518e-01 9.808830223031406170e-02 7.446517979062358128e-01 1.520254893035958010e-01 5.234410559854347014e-03 0.000000000000000000e+00
4.750000000000000000e+04 1.900120820409121336e-01 9.808830223031406170e-02 7.445380063723259223e-01 1.511151570323167881e-01 6.258534365043240920e-03 0.000000000000000000e+00
4.775000000000000000e+04 1.910121456306010934e-01 1.009330905780609910e-01 7.404415111515703085e-01 1.538461538461538547e-01 4.779244424214838804e-03 0.000000000000000000e+00
4.800000000000000000e+04 1.920122092202900532e-01 1.001365498406918547e-01 7.369139736003641472e-01 1.563495675921711403e-01 6.599908966772872511e-03 0.000000000000000000e+00
4.825000000000000000e+04 1.930122728099790130e-01 1.035502958579881672e-01 7.362312243969049153e-01 1.529358215748748417e-01 7.282658170232134826e-03 0.000000000000000000e+00
4.850000000000000000e+04 1.940123363996679728e-01 1.070778334091943562e-01 7.302002730996813851e-01 1.556668183887118806e-01 7.055075102412380721e-03 0.000000000000000000e+00
4.875000000000000000e+04 1.950123999893571547e-01 1.037778789258079204e-01 7.335002275830677654e-01 1.577150659990896597e-01 5.006827492034592909e-03 0.000000000000000000e+00
4.900000000000000000e+04 1.960124635790461145e-01 1.002503413746017313e-01 7.431725079654073474e-01 1.507737824305871721e-01 5.803368229403732710e-03 0.000000000000000000e+00
4.925000000000000000e+04 1.970125271687350743e-01 9.934000910332271839e-02 7.498862084660901095e-01 1.442876649977241632e-01 6.486117432862995025e-03 0.000000000000000000e+00
4.950000000000000000e+04 1.980125907584240341e-01 9.945380063723259501e-02 7.454483386436049352e-01 1.469048702776513393e-01 8.192990441511151245e-03 0.000000000000000000e+00
4.975000000000000000e+04 1.990126543481132160e-01 1.017296313154301274e-01 7.371415566681839282e-01 1.537323623122439642e-01 7.396449704142011444e-03 0.000000000000000000e+00
5.000000000000000000e+04 2.000127179378021758e-01 1.002503413746017313e-01 7.247382794720073074e-01 1.673873463814292140e-01 7.624032771961766417e-03 0.000000000000000000e+00
5.025000000000000000e+04 2.010127815274911356e-01 1.045744196631770567e-01 7.300864815657714946e-01 1.588529813381884259e-01 6.486117432862995025e-03 0.000000000000000000e+00
5.050000000000000000e+04 2.020128451171800954e-01 1.033227127901684139e-01 7.125625853436504675e-01 1.754665452890304955e-01 8.648156577150659455e-03 0.000000000000000000e+00
5.075000000000000000e+04 2.030129087068690552e-01 1.044606281292671801e-01 7.123350022758306865e-01 1.756941283568502488e-01 7.510241238051888930e-03 0.000000000000000000e+00
5.100000000000000000e+04 2.040129722965582371e-01 1.053709604005461931e-01 7.105143377332726606e-01 1.753527537551206328e-01 8.761948111060537808e-03 0.000000000000000000e+00
5.125000000000000000e+04 2.050130358862471969e-01 1.048020027309968100e-01 7.142694583522986029e-01 1.713700500682749095e-01 9.558488848429677609e-03 0.000000000000000000e+00
5.150000000000000000e+04 2.060130994759361567e-01 1.037778789258079204e-01 7.137005006827491504e-01 1.748975876194810986e-01 7.624032771961766417e-03 0.000000000000000000e+00
5.175000000000000000e+04 2.070131630656251165e-01 1.071916249431042328e-01 7.101729631315429891e-01 1.751251706873008518e-01 7.510241238051888930e-03 0.000000000000000000e+00
5.200000000000000000e+04 2.080132266553142983e-01 1.066226672735548497e-01 7.109695038689121116e-01 1.750113791533909890e-01 7.396449704142011444e-03 0.000000000000000000e+00
5.225000000000000000e+04 2.090132902450032581e-01 1.061675011379153433e-01 7.073281747837960598e-01 1.772872098315885214e-01 9.217114246700046018e-03 0.000000000000000000e+00
5.250000000000000000e+04 2.100133538346922180e-01 1.060537096040054666e-01 7.048247610377788019e-01 1.808147473827947105e-01 8.306781975421027864e-03 0.000000000000000000e+00
5.275000000000000000e+04 2.110134174243811778e-01 1.077605826126536159e-01 7.093764223941738667e-01 1.748975876194810986e-01 7.965407373691398007e-03 0.000000000000000000e+00
5.300000000000000000e+04 2.120134810140703596e-01 1.070778334091943562e-01 7.056213017751479244e-01 1.780837505689576716e-01 9.217114246700046018e-03 0.000000000000000000e+00
5.325000000000000000e+04 2.130135446037593194e-01 1.067364588074647264e-01 7.076695493855257313e-01 1.762630860263996457e-01 9.330905780609922637e-03 0.000000000000000000e+00
5.350000000000000000e+04 2.140136081934482792e-01 1.120846609012289552e-01 7.074419663177059503e-01 1.736458807464724696e-01 6.827492034592626616e-03 0.000000000000000000e+00
5.375000000000000000e+04 2.150136717831372390e-01 1.083295402822029990e-01 7.058488848429677054e-01 1.777423759672280279e-01 8.079198907601274626e-03 0.000000000000000000e+00
5.400000000000000000e+04 2.160137353728261989e-01 1.054847519344560697e-01 7.082385070550750727e-01 1.774010013654984119e-01 8.875739644970414427e-03 0.000000000000000000e+00
5.425000000000000000e+04 2.170137989625153807e-01 1.082157487482931224e-01 7.064178425125170468e-01 1.772872098315885214e-01 8.079198907601274626e-03 0.000000000000000000e+00
5.450000000000000000e+04 2.180138625522043405e-01 1.086709148839326289e-01 7.017523896222120916e-01 1.804733727810650945e-01 9.103322712790167665e-03 0.000000000000000000e+00
5.475000000000000000e+04 2.190139261418933003e-01 1.115157032316795582e-01 7.023213472917615441e-01 1.768320436959490149e-01 9.330905780609922637e-03 0.000000000000000000e+00
5.500000000000000000e+04 2.200139897315822601e-01 1.085571233500227523e-01 7.086936731907146347e-01 1.736458807464724696e-01 9.103322712790167665e-03 0.000000000000000000e+00
5.525000000000000000e+04 2.210140533212714420e-01 1.169776968593536637e-01 6.814974965862540257e-01 1.921939007737824279e-01 9.330905780609922637e-03 0.000000000000000000e+00
5.550000000000000000e+04 2.220141169109604018e-01 1.181156121984524299e-01 6.557806099226217711e-01 2.172280382339553950e-01 8.875739644970414427e-03 0.000000000000000000e+00
5.575000000000000000e+04 2.230141805006493616e-01 1.250568957669549452e-01 6.446290395994538347e-01 2.218934911242603503e-01 8.420573509330906217e-03 0.000000000000000000e+00
5.600000000000000000e+04 2.240142440903383214e-01 1.214155666818388657e-01 6.444014565316340537e-01 2.265589440145653055e-01 7.624032771961766417e-03 0.000000000000000000e+00
5.625000000000000000e+04 2.250143076800275033e-01 1.175466545289030468e-01 6.469048702776513116e-01 2.289485662266727284e-01 6.599908966772872511e-03 0.000000000000000000e+00
5.650000000000000000e+04 2.260143712697164631e-01 1.232362312243969055e-01 6.570323167956304555e-01 2.122212107419207960e-01 7.510241238051888930e-03 0.000000000000000000e+00
5.675000000000000000e+04 2.270144348594054229e-01 1.206190259444697294e-01 6.994765589440146147e-01 1.713700500682749095e-01 8.534365043240782836e-03 0.000000000000000000e+00
