# itime ezz other fcc hcp bcc ico
0.000000000000000000e+00 0.000000000000000000e+00 0.000000000000000000e+00 1.000000000000000000e+00 0.000000000000000000e+00 0.000000000000000000e+00 0.000000000000000000e+00
2.500000000000000000e+03 9.999988655083447142e-03 0.000000000000000000e+00 1.000000000000000000e+00 0.000000000000000000e+00 0.000000000000000000e+00 0.000000000000000000e+00
5.000000000000000000e+03 1.999997731016689428e-02 0.000000000000000000e+00 1.000000000000000000e+00 0.000000000000000000e+00 0.000000000000000000e+00 0.000000000000000000e+00
7.500000000000000000e+03 2.999996596525034143e-02 0.000000000000000000e+00 1.000000000000000000e+00 0.000000000000000000e+00 0.000000000000000000e+00 0.000000000000000000e+00
1.000000000000000000e+04 3.999995462033356652e-02 0.000000000000000000e+00 1.000000000000000000e+00 0.000000000000000000e+00 0.000000000000000000e+00 0.000000000000000000e+00
1.250000000000000000e+04 4.999994327541701367e-02 0.000000000000000000e+00 1.000000000000000000e+00 0.000000000000000000e+00 0.000000000000000000e+00 0.000000000000000000e+00
1.500000000000000000e+04 5.999993193050046081e-02 0.000000000000000000e+00 1.000000000000000000e+00 0.000000000000000000e+00 0.000000000000000000e+00 0.000000000000000000e+00
1.750000000000000000e+04 6.999992058558390795e-02 0.000000000000000000e+00 1.000000000000000000e+00 0.000000000000000000e+00 0.000000000000000000e+00 0.000000000000000000e+00
2.000000000000000000e+04 7.999990924066735509e-02 7.965407373691396923e-04 9.992034592626308775e-01 0.000000000000000000e+00 0.000000000000000000e+00 0.000000000000000000e+00
2.250000000000000000e+04 8.999989789575080223e-02 1.024123805188893906e-03 9.989758761948110966e-01 0.000000000000000000e+00 0.000000000000000000e+00 0.000000000000000000e+00
2.500000000000000000e+04 9.999988655083402733e-02 4.551661356395083832e-03 9.953345471096950448e-01 0.000000000000000000e+00 1.137915339098771066e-04 0.000000000000000000e+00
2.750000000000000000e+04 1.099998752059174745e-01 4.551661356395084179e-02 8.893946290395994270e-01 1.137915339098771066e-04 6.497496586253982687e-02 0.000000000000000000e+00
3.000000000000000000e+04 1.199998638610009216e-01 3.288575329995448160e-02 8.189576695493855363e-01 1.481565771506599960e-01 0.000000000000000000e+00 0.000000000000000000e+00
3.250000000000000000e+04 1.299998525160843688e-01 3.265817023213472836e-02 8.188438780154756458e-01 1.482703686845698587e-01 2.275830678197542133e-04 0.000000000000000000e+00
3.500000000000000000e+04 1.399998411711678159e-01 3.254437869822485174e-02 8.191852526172053173e-01 1.480427856167501055e-01 2.275830678197542133e-04 0.000000000000000000e+00
3.750000000000000000e+04 1.499998298262512630e-01 3.322712790168411146e-02 8.183887118798361948e-01 1.482703686845698587e-01 1.137915339098771066e-04 0.000000000000000000e+00
4.000000000000000000e+04 1.599998184813344881e-01 3.538916704597178109e-02 8.171370050068275104e-01 1.474738279472007363e-01 0.000000000000000000e+00 0.000000000000000000e+00
4.250000000000000000e+04 1.699998071364179353e-01 4.153390987710514626e-02 8.086026399635867223e-01 1.490669094219390090e-01 7.965407373691396923e-04 0.000000000000000000e+00
4.500000000000000000e+04 1.799997957915013824e-01 9.069185252617205373e-02 7.431725079654073474e-01 1.630632680928539024e-01 3.072371415566681717e-03 0.000000000000000000e+00
4.750000000000000000e+04 1.899997844465848296e-01 9.091943559399180697e-02 7.435138825671370189e-01 1.632908511606736557e-01 2.275830678197541916e-03 0.000000000000000000e+00
5.000000000000000000e+04 1.999997731016682767e-01 9.319526627218935322e-02 7.358898497951752438e-01 1.680700955848884737e-01 2.844788347746927612e-03 0.000000000000000000e+00
5.250000000000000000e+04 2.099997617567517239e-01 1.067364588074647264e-01 7.173418297678653133e-01 1.721665908056440597e-01 3.755120619025944465e-03 0.000000000000000000e+00
5.500000000000000000e+04 2.199997504118349489e-01 9.091943559399180697e-02 7.198452435138825711e-01 1.865043240782885692e-01 2.730996813837050560e-03 0.000000000000000000e+00
5.750000000000000000e+04 2.299997390669183961e-01 9.410559854346836617e-02 7.058488848429677054e-01 1.974283113336367801e-01 2.617205279927173507e-03 0.000000000000000000e+00
6.000000000000000000e+04 2.399997277220018432e-01 1.001365498406918547e-01 6.985662266727356018e-01 1.977696859353663961e-01 3.527537551206190360e-03 0.000000000000000000e+00
6.250000000000000000e+04 2.499997163770852904e-01 1.011606736458807443e-01 6.970869367319071364e-01 1.975421028675466428e-01 4.210286754665453109e-03 0.000000000000000000e+00
6.500000000000000000e+04 2.599997050321687375e-01 1.078743741465634925e-01 6.860491579426490905e-01 2.014110150204824756e-01 4.665452890304961318e-03 0.000000000000000000e+00
6.750000000000000000e+04 2.699996936872521847e-01 1.183431952662721831e-01 6.632908511606736557e-01 2.150659990896677254e-01 3.299954483386436255e-03 0.000000000000000000e+00
7.000000000000000000e+04 2.799996823423354098e-01 1.078743741465634925e-01 7.042558033682293495e-01 1.865043240782885692e-01 1.365498406918525280e-03 0.000000000000000000e+00
7.250000000000000000e+04 2.899996709974188569e-01 1.112881201638598050e-01 7.051661356395084734e-01 1.824078288575330109e-01 1.137915339098770958e-03 0.000000000000000000e+00
7.500000000000000000e+04 2.999996596525023040e-01 1.109467455621301751e-01 7.039144287664997890e-01 1.842284934000910368e-01 9.103322712790168532e-04 0.000000000000000000e+00
7.750000000000000000e+04 3.099996483075857512e-01 1.141329085116067343e-01 7.030040964952207760e-01 1.812699135184342170e-01 1.593081474738279385e-03 0.000000000000000000e+00
8.000000000000000000e+04 3.199996369626691983e-01 1.178880291306326766e-01 6.998179335457441752e-01 1.799044151115156975e-01 2.389622212107419402e-03 0.000000000000000000e+00
8.250000000000000000e+04 3.299996256177526455e-01 1.183431952662721831e-01 6.973145197997269173e-01 1.818388711879836139e-01 2.503413746017296455e-03 0.000000000000000000e+00
8.500000000000000000e+04 3.399996142728358706e-01 1.339326354119253493e-01 6.928766499772417431e-01 1.711424670004551563e-01 2.048247610377787811e-03 0.000000000000000000e+00
8.750000000000000000e+04 3.499996029279193177e-01 1.397360036413290985e-01 6.804733727810651223e-01 1.770596267637687682e-01 2.730996813837050560e-03 0.000000000000000000e+00
9.000000000000000000e+04 3.599995915830027648e-01 1.447428311333636697e-01 6.733045061447427981e-01 1.777423759672280279e-01 4.210286754665453109e-03 0.000000000000000000e+00
9.250000000000000000e+04 3.699995802380862120e-01 1.520254893035958010e-01 6.580564406008192480e-01 1.870732817478379661e-01 2.844788347746927612e-03 0.000000000000000000e+00
9.500000000000000000e+04 3.799995688931696591e-01 1.627218934911242587e-01 6.513427401001365968e-01 1.818388711879836139e-01 4.096495220755575623e-03 0.000000000000000000e+00
9.750000000000000000e+04 3.899995575482531063e-01 1.664770141101502010e-01 6.649977241693217911e-01 1.637460172963131622e-01 4.779244424214838804e-03 0.000000000000000000e+00
1.000000000000000000e+05 3.999995462033365534e-01 1.672735548475193512e-01 6.627218934911243142e-01 1.642011834319526686e-01 5.803368229403732710e-03 0.000000000000000000e+00
1.025000000000000000e+05 4.099995348584197785e-01 1.672735548475193512e-01 6.635184342284934367e-01 1.648839326354119283e-01 4.324078288575329727e-03 0.000000000000000000e+00
1.050000000000000000e+05 4.199995235135032257e-01 1.668183887118798447e-01 6.702321347291761988e-01 1.577150659990896597e-01 5.234410559854347014e-03 0.000000000000000000e+00
1.075000000000000000e+05 4.299995121685866728e-01 1.974283113336367801e-01 6.282430587164314906e-01 1.682976786527082269e-01 6.030951297223486815e-03 0.000000000000000000e+00
1.100000000000000000e+05 4.399995008236703420e-01 1.756941283568502488e-01 6.610150204824760678e-01 1.581702321347291662e-01 5.120619025944469528e-03 0.000000000000000000e+00
1.125000000000000000e+05 4.499994894787535671e-01 1.737596722803823324e-01 6.609012289485661773e-01 1.588529813381884259e-01 6.486117432862995025e-03 0.000000000000000000e+00
1.150000000000000000e+05 4.599994781338367922e-01 1.969731451979972736e-01 6.292671825216203940e-01 1.701183431952662806e-01 3.641329085116067413e-03 0.000000000000000000e+00
1.175000000000000000e+05 4.699994667889202393e-01 2.002730996813837094e-01 6.109467455621301335e-01 1.844560764679107900e-01 4.324078288575329727e-03 0.000000000000000000e+00
1.200000000000000000e+05 4.799994554440039085e-01 2.059626763768775681e-01 6.070778334091943007e-01 1.818388711879836139e-01 5.120619025944469528e-03 0.000000000000000000e+00
1.225000000000000000e+05 4.899994440990871336e-01 1.877560309512972259e-01 6.396222121074192080e-01 1.668183887118798447e-01 5.803368229403732710e-03 0.000000000000000000e+00
1.250000000000000000e+05 4.999994327541703587e-01 1.767182521620391522e-01 6.474738279472007640e-01 1.718252162039144160e-01 3.982703686845699004e-03 0.000000000000000000e+00
1.275000000000000000e+05 5.099994214092540279e-01 1.804733727810650945e-01 6.513427401001365968e-01 1.631770596267637652e-01 5.006827492034592909e-03 0.000000000000000000e+00
1.300000000000000000e+05 5.199994100643374750e-01 1.836595357305416398e-01 6.450842057350932857e-01 1.671597633136094607e-01 4.096495220755575623e-03 0.000000000000000000e+00
1.325000000000000000e+05 5.299993987194207001e-01 1.653390987710514348e-01 6.799044151115156698e-01 1.521392808375056915e-01 2.617205279927173507e-03 0.000000000000000000e+00
1.350000000000000000e+05 5.399993873745041473e-01 1.686390532544378706e-01 6.906008192990441552e-01 1.368912152935821691e-01 3.868912152935821518e-03 0.000000000000000000e+00
1.375000000000000000e+05 5.499993760295875944e-01 1.653390987710514348e-01 6.921939007737824001e-01 1.375739644970414288e-01 4.893035958124715423e-03 0.000000000000000000e+00
1.400000000000000000e+05 5.599993646846712636e-01 1.706873008648156498e-01 6.821802457897132577e-01 1.439462903959945472e-01 3.186162949476558769e-03 0.000000000000000000e+00
1.425000000000000000e+05 5.699993533397544887e-01 1.787664997724169313e-01 6.690942193900774049e-01 1.489531178880291185e-01 3.186162949476558769e-03 0.000000000000000000e+00
1.450000000000000000e+05 5.799993419948377138e-01 1.787664997724169313e-01 6.627218934911243142e-01 1.564633591260810308e-01 2.048247610377787811e-03 0.000000000000000000e+00
1.475000000000000000e+05 5.899993306499211609e-01 1.778561675011379184e-01 6.702321347291761988e-01 1.499772416932180219e-01 1.934456076467910759e-03 0.000000000000000000e+00
1.500000000000000000e+05 5.999993193050048301e-01 1.844560764679107900e-01 6.657942649066909135e-01 1.472462448793809831e-01 2.503413746017296455e-03 0.000000000000000000e+00
1.525000000000000000e+05 6.099993079600880552e-01 1.849112426035502965e-01 6.679563040509786109e-01 1.441738734638143005e-01 2.958579881656804664e-03 0.000000000000000000e+00
1.550000000000000000e+05 6.199992966151712803e-01 1.898042785616750050e-01 6.597633136094674944e-01 1.455393718707328199e-01 4.893035958124715423e-03 0.000000000000000000e+00
1.575000000000000000e+05 6.299992852702549495e-01 2.018661811561219821e-01 6.378015475648611821e-01 1.571461083295402905e-01 3.186162949476558769e-03 0.000000000000000000e+00
1.600000000000000000e+05 6.399992739253383967e-01 2.135867091488393155e-01 6.306326809285389690e-01 1.514565316340464318e-01 4.324078288575329727e-03 0.000000000000000000e+00
1.625000000000000000e+05 6.499992625804216217e-01 2.066454255803368278e-01 6.313154301319982009e-01 1.565771506599908935e-01 5.461993627674101119e-03 0.000000000000000000e+00
1.650000000000000000e+05 6.599992512355050689e-01 2.041420118343195145e-01 6.378015475648611821e-01 1.539599453800637174e-01 4.096495220755575623e-03 0.000000000000000000e+00
1.675000000000000000e+05 6.699992398905885160e-01 2.042558033682294050e-01 6.390532544378698665e-01 1.515703231679562946e-01 5.120619025944469528e-03 0.000000000000000000e+00
1.700000000000000000e+05 6.799992285456721852e-01 1.981110605370960398e-01 6.469048702776513116e-01 1.521392808375056915e-01 2.844788347746927612e-03 0.000000000000000000e+00
1.725000000000000000e+05 6.899992172007554103e-01 2.214383249886208438e-01 6.025261720527992360e-01 1.703459262630860338e-01 5.689576695493855224e-03 0.000000000000000000e+00
1.750000000000000000e+05 6.999992058558386354e-01 2.295175238962221254e-01 5.859126081019572219e-01 1.779699590350477811e-01 6.599908966772872511e-03 0.000000000000000000e+00
1.775000000000000000e+05 7.099991945109220826e-01 2.340691852526172179e-01 5.803368229403732537e-01 1.797906235776058348e-01 5.803368229403732710e-03 0.000000000000000000e+00
1.800000000000000000e+05 7.199991831660057517e-01 2.389622212107419263e-01 5.745334547109695045e-01 1.788802913063268218e-01 7.624032771961766417e-03 0.000000000000000000e+00
1.825000000000000000e+05 7.299991718210889768e-01 2.468138370505234547e-01 5.724852071005916976e-01 1.715976331360946627e-01 9.103322712790167665e-03 0.000000000000000000e+00
1.850000000000000000e+05 7.399991604761722019e-01 2.371415566681839004e-01 5.911470186618115186e-01 1.651115157032316816e-01 6.599908966772872511e-03 0.000000000000000000e+00
1.875000000000000000e+05 7.499991491312558711e-01 2.383932635411925294e-01 5.804506144742831442e-01 1.743286299499317293e-01 6.827492034592626616e-03 0.000000000000000000e+00
1.900000000000000000e+05 7.599991377863393183e-01 2.398725534820209393e-01 5.713472917614929036e-01 1.818388711879836139e-01 6.941283568502503235e-03 0.000000000000000000e+00
1.925000000000000000e+05 7.699991264414227654e-01 2.437414656349567721e-01 5.675921711424669613e-01 1.820664542558033672e-01 6.599908966772872511e-03 0.000000000000000000e+00
1.950000000000000000e+05 7.799991150965059905e-01 2.480655439235320836e-01 5.848884842967683184e-01 1.610150204824760956e-01 6.030951297223486815e-03 0.000000000000000000e+00
1.975000000000000000e+05 7.899991037515894376e-01 2.314519799726900418e-01 6.065088757396449592e-01 1.579426490669094130e-01 4.096495220755575623e-03 0.000000000000000000e+00
2.000000000000000000e+05 7.999990924066731068e-01 2.173418297678652578e-01 6.099226217569412301e-01 1.687528447883477334e-01 3.982703686845699004e-03 0.000000000000000000e+00
2.025000000000000000e+05 8.099990810617563319e-01 2.241693218024579104e-01 6.020710059171597850e-01 1.690942193900773771e-01 4.665452890304961318e-03 0.000000000000000000e+00
2.050000000000000000e+05 8.199990697168395570e-01 2.192762858443331742e-01 6.075329995448338627e-01 1.700045516613563901e-01 3.186162949476558769e-03 0.000000000000000000e+00
2.075000000000000000e+05 8.299990583719232262e-01 2.205279927173418308e-01 6.081019572143832042e-01 1.656804733727810786e-01 5.689576695493855224e-03 0.000000000000000000e+00
2.100000000000000000e+05 8.399990470270066734e-01 2.271279016841147025e-01 5.927401001365498745e-01 1.761492944924897552e-01 3.982703686845699004e-03 0.000000000000000000e+00
2.125000000000000000e+05 8.499990356820898985e-01 2.299726900318616318e-01 5.735093309057806010e-01 1.911697769685935244e-01 5.348202093764223633e-03 0.000000000000000000e+00
2.150000000000000000e+05 8.599990243371731236e-01 2.232589895311788697e-01 5.654301319981793750e-01 2.047109695038689114e-01 6.599908966772872511e-03 0.000000000000000000e+00
2.175000000000000000e+05 8.699990129922567927e-01 2.305416477014110288e-01 5.522303140646336317e-01 2.109695038689121394e-01 6.258534365043240920e-03 0.000000000000000000e+00
2.200000000000000000e+05 8.799990016473402399e-01 2.548930359581247362e-01 5.475648611743286764e-01 1.898042785616750050e-01 7.737824305871643035e-03 0.000000000000000000e+00
2.225000000000000000e+05 8.899989903024236870e-01 2.292899408284023721e-01 5.960400546199362548e-01 1.689804278561675144e-01 5.689576695493855224e-03 0.000000000000000000e+00
2.250000000000000000e+05 8.999989789575069121e-01 2.183659535730541612e-01 6.185707783340919086e-01 1.544151115157032239e-01 8.648156577150659455e-03 0.000000000000000000e+00
2.275000000000000000e+05 9.099989676125903593e-01 2.251934456076467861e-01 6.147018661811560758e-01 1.569185252617205373e-01 3.186162949476558769e-03 0.000000000000000000e+00
2.300000000000000000e+05 9.199989562676740285e-01 2.199590350477924339e-01 6.300637232589895165e-01 1.456531634046426826e-01 4.324078288575329727e-03 0.000000000000000000e+00
2.325000000000000000e+05 9.299989449227572536e-01 2.200728265817023244e-01 6.174328629949932257e-01 1.569185252617205373e-01 5.575785161583977738e-03 0.000000000000000000e+00
2.350000000000000000e+05 9.399989335778404786e-01 2.193900773782430647e-01 6.177742375967227861e-01 1.574874829312699065e-01 5.348202093764223633e-03 0.000000000000000000e+00
2.375000000000000000e+05 9.499989222329241478e-01 2.221210741920801035e-01 6.116294947655894765e-01 1.613563950842057393e-01 4.893035958124715423e-03 0.000000000000000000e+00
2.400000000000000000e+05 9.599989108880075950e-01 2.278106508875739622e-01 6.034365043240782489e-01 1.638598088302230249e-01 4.893035958124715423e-03 0.000000000000000000e+00
2.425000000000000000e+05 9.699988995430908201e-01 2.309968138370505353e-01 5.950159308147473514e-01 1.695493855257168836e-01 4.437869822485207214e-03 0.000000000000000000e+00
2.450000000000000000e+05 9.799988881981740452e-01 2.432862994993172379e-01 6.001365498406918686e-01 1.515703231679562946e-01 5.006827492034592909e-03 0.000000000000000000e+00
2.475000000000000000e+05 9.899988768532577144e-01 2.228038233955393632e-01 6.259672280382339027e-01 1.479289940828402428e-01 3.299954483386436255e-03 0.000000000000000000e+00
2.500000000000000000e+05 9.999988655083411615e-01 1.998179335457442030e-01 6.431497496586253693e-01 1.558944014565316338e-01 1.137915339098770958e-03 0.000000000000000000e+00
