# itime ezz other fcc hcp bcc ico
0.000000000000000000e+00 0.000000000000000000e+00 1.024123805188893906e-03 9.989758761948110966e-01 0.000000000000000000e+00 0.000000000000000000e+00 0.000000000000000000e+00
2.500000000000000000e+02 9.999878844260123856e-04 1.137915339098771066e-04 9.998862084660901095e-01 0.000000000000000000e+00 0.000000000000000000e+00 0.000000000000000000e+00
5.000000000000000000e+02 1.999975768852024771e-03 6.827492034592626399e-04 9.993172507965407680e-01 0.000000000000000000e+00 0.000000000000000000e+00 0.000000000000000000e+00
7.500000000000000000e+02 2.999963653278037157e-03 5.689576695493854790e-04 9.994310423304506585e-01 0.000000000000000000e+00 0.000000000000000000e+00 0.000000000000000000e+00
1.000000000000000000e+03 3.999951537703827498e-03 6.827492034592626399e-04 9.993172507965407680e-01 0.000000000000000000e+00 0.000000000000000000e+00 0.000000000000000000e+00
1.250000000000000000e+03 4.999939422129839883e-03 1.137915339098771066e-04 9.998862084660901095e-01 0.000000000000000000e+00 0.000000000000000000e+00 0.000000000000000000e+00
1.500000000000000000e+03 5.999927306555852269e-03 7.965407373691396923e-04 9.992034592626308775e-01 0.000000000000000000e+00 0.000000000000000000e+00 0.000000000000000000e+00
1.750000000000000000e+03 6.999915190981864654e-03 5.689576695493854790e-04 9.994310423304506585e-01 0.000000000000000000e+00 0.000000000000000000e+00 0.000000000000000000e+00
2.000000000000000000e+03 7.999903075407877040e-03 2.275830678197541916e-03 9.977241693218024121e-01 0.000000000000000000e+00 0.000000000000000000e+00 0.000000000000000000e+00
2.250000000000000000e+03 8.999890959833889426e-03 7.965407373691396923e-04 9.992034592626308775e-01 0.000000000000000000e+00 0.000000000000000000e+00 0.000000000000000000e+00
2.500000000000000000e+03 9.999878844259901811e-03 5.689576695493854790e-04 9.994310423304506585e-01 0.000000000000000000e+00 0.000000000000000000e+00 0.000000000000000000e+00
2.750000000000000000e+03 1.099986672868591420e-02 1.706873008648156654e-03 9.982931269913518646e-01 0.000000000000000000e+00 0.000000000000000000e+00 0.000000000000000000e+00
3.000000000000000000e+03 1.199985461311170454e-02 1.479289940828402332e-03 9.985207100591716456e-01 0.000000000000000000e+00 0.000000000000000000e+00 0.000000000000000000e+00
3.250000000000000000e+03 1.299984249753771692e-02 2.503413746017296455e-03 9.973827947200728516e-01 0.000000000000000000e+00 1.137915339098771066e-04 0.000000000000000000e+00
3.500000000000000000e+03 1.399983038196372931e-02 2.048247610377787811e-03 9.978379608557123026e-01 0.000000000000000000e+00 1.137915339098771066e-04 0.000000000000000000e+00
3.750000000000000000e+03 1.499981826638974169e-02 2.162039144287664864e-03 9.978379608557123026e-01 0.000000000000000000e+00 0.000000000000000000e+00 0.000000000000000000e+00
4.000000000000000000e+03 1.599980615081575408e-02 1.024123805188893906e-03 9.989758761948110966e-01 0.000000000000000000e+00 0.000000000000000000e+00 0.000000000000000000e+00
4.250000000000000000e+03 1.699979403524176647e-02 2.503413746017296455e-03 9.974965862539827421e-01 0.000000000000000000e+00 0.000000000000000000e+00 0.000000000000000000e+00
4.500000000000000000e+03 1.799978191966777885e-02 1.365498406918525280e-03 9.986345015930814251e-01 0.000000000000000000e+00 0.000000000000000000e+00 0.000000000000000000e+00
4.750000000000000000e+03 1.899976980409379124e-02 2.389622212107419402e-03 9.976103777878926326e-01 0.000000000000000000e+00 0.000000000000000000e+00 0.000000000000000000e+00
5.000000000000000000e+03 1.999975768851958158e-02 1.137915339098770958e-03 9.987482931269913156e-01 0.000000000000000000e+00 1.137915339098771066e-04 0.000000000000000000e+00
5.250000000000000000e+03 2.099974557294559396e-02 1.706873008648156654e-03 9.982931269913518646e-01 0.000000000000000000e+00 0.000000000000000000e+00 0.000000000000000000e+00
5.500000000000000000e+03 2.199973345737160635e-02 1.820664542558033706e-03 9.980655439235320836e-01 0.000000000000000000e+00 1.137915339098771066e-04 0.000000000000000000e+00
5.750000000000000000e+03 2.299972134179761873e-02 2.162039144287664864e-03 9.978379608557123026e-01 0.000000000000000000e+00 0.000000000000000000e+00 0.000000000000000000e+00
6.000000000000000000e+03 2.399970922622363112e-02 2.503413746017296455e-03 9.974965862539827421e-01 0.000000000000000000e+00 0.000000000000000000e+00 0.000000000000000000e+00
6.250000000000000000e+03 2.499969711064964351e-02 2.958579881656804664e-03 9.970414201183431802e-01 0.000000000000000000e+00 0.000000000000000000e+00 0.000000000000000000e+00
6.500000000000000000e+03 2.599968499507565589e-02 4.210286754665453109e-03 9.954483386436049352e-01 0.000000000000000000e+00 3.413746017296313199e-04 0.000000000000000000e+00
6.750000000000000000e+03 2.699967287950144623e-02 2.162039144287664864e-03 9.977241693218024121e-01 0.000000000000000000e+00 1.137915339098771066e-04 0.000000000000000000e+00
7.000000000000000000e+03 2.799966076392745862e-02 3.641329085116067413e-03 9.963586709148839482e-01 0.000000000000000000e+00 0.000000000000000000e+00 0.000000000000000000e+00
7.250000000000000000e+03 2.899964864835347100e-02 3.299954483386436255e-03 9.965862539827037292e-01 0.000000000000000000e+00 1.137915339098771066e-04 0.000000000000000000e+00
7.500000000000000000e+03 2.999963653277948339e-02 2.844788347746927612e-03 9.970414201183431802e-01 0.000000000000000000e+00 1.137915339098771066e-04 0.000000000000000000e+00
7.750000000000000000e+03 3.099962441720549577e-02 4.665452890304961318e-03 9.953345471096950448e-01 0.000000000000000000e+00 0.000000000000000000e+00 0.000000000000000000e+00
8.000000000000000000e+03 3.199961230163150816e-02 5.575785161583977738e-03 9.944242148384160318e-01 0.000000000000000000e+00 0.000000000000000000e+00 0.000000000000000000e+00
8.250000000000000000e+03 3.299960018605752055e-02 4.665452890304961318e-03 9.952207555757851543e-01 0.000000000000000000e+00 1.137915339098771066e-04 0.000000000000000000e+00
8.500000000000000000e+03 3.399958807048353293e-02 8.192990441511151245e-03 9.915794264906691025e-01 0.000000000000000000e+00 2.275830678197542133e-04 0.000000000000000000e+00
8.750000000000000000e+03 3.499957595490932327e-02 5.803368229403732710e-03 9.939690487027764698e-01 0.000000000000000000e+00 2.275830678197542133e-04 0.000000000000000000e+00
9.000000000000000000e+03 3.599956383933533566e-02 7.168866636322257339e-03 9.926035502958580059e-01 0.000000000000000000e+00 2.275830678197542133e-04 0.000000000000000000e+00
9.250000000000000000e+03 3.699955172376134804e-02 4.779244424214838804e-03 9.949931725079653733e-01 0.000000000000000000e+00 2.275830678197542133e-04 0.000000000000000000e+00
9.500000000000000000e+03 3.799953960818736043e-02 8.192990441511151245e-03 9.914656349567592120e-01 0.000000000000000000e+00 3.413746017296313199e-04 0.000000000000000000e+00
9.750000000000000000e+03 3.899952749261337281e-02 6.827492034592626616e-03 9.929449248975875664e-01 0.000000000000000000e+00 2.275830678197542133e-04 0.000000000000000000e+00
1.000000000000000000e+04 3.999951537703938520e-02 9.786071916249430847e-03 9.898725534820209671e-01 0.000000000000000000e+00 3.413746017296313199e-04 0.000000000000000000e+00
1.025000000000000000e+04 4.099950326146539759e-02 6.258534365043240920e-03 9.936276741010469093e-01 0.000000000000000000e+00 1.137915339098771066e-04 0.000000000000000000e+00
1.050000000000000000e+04 4.199949114589140997e-02 6.486117432862995025e-03 9.930587164314974569e-01 0.000000000000000000e+00 4.551661356395084266e-04 0.000000000000000000e+00
1.075000000000000000e+04 4.299947903031720031e-02 8.761948111060537808e-03 9.906690942193900895e-01 0.000000000000000000e+00 5.689576695493854790e-04 0.000000000000000000e+00
1.100000000000000000e+04 4.399946691474321270e-02 1.001365498406918582e-02 9.893035958124715146e-01 0.000000000000000000e+00 6.827492034592626399e-04 0.000000000000000000e+00
1.125000000000000000e+04 4.499945479916922508e-02 9.103322712790167665e-03 9.902139280837505275e-01 0.000000000000000000e+00 6.827492034592626399e-04 0.000000000000000000e+00
1.150000000000000000e+04 4.599944268359523747e-02 1.137915339098771045e-02 9.882794720072826111e-01 0.000000000000000000e+00 3.413746017296313199e-04 0.000000000000000000e+00
1.175000000000000000e+04 4.699943056802124985e-02 1.274465179790623508e-02 9.870277651342740377e-01 0.000000000000000000e+00 2.275830678197542133e-04 0.000000000000000000e+00
1.200000000000000000e+04 4.799941845244726224e-02 1.456531634046426965e-02 9.847519344560764498e-01 0.000000000000000000e+00 6.827492034592626399e-04 0.000000000000000000e+00
1.225000000000000000e+04 4.899940633687327463e-02 1.331360946745562164e-02 9.861174328629950248e-01 0.000000000000000000e+00 5.689576695493854790e-04 0.000000000000000000e+00
1.250000000000000000e+04 4.999939422129906497e-02 1.388256713700500647e-02 9.858898497951752438e-01 0.000000000000000000e+00 2.275830678197542133e-04 0.000000000000000000e+00
1.275000000000000000e+04 5.099938210572507735e-02 1.604460628129267263e-02 9.831588529813382049e-01 0.000000000000000000e+00 7.965407373691396923e-04 0.000000000000000000e+00
1.300000000000000000e+04 5.199936999015108974e-02 1.672735548475193582e-02 9.821347291761493015e-01 0.000000000000000000e+00 1.137915339098770958e-03 0.000000000000000000e+00
1.325000000000000000e+04 5.299935787457710212e-02 1.570323167956303931e-02 9.832726445152480954e-01 0.000000000000000000e+00 1.024123805188893906e-03 0.000000000000000000e+00
1.350000000000000000e+04 5.399934575900311451e-02 1.684114701866181243e-02 9.820209376422394110e-01 0.000000000000000000e+00 1.137915339098770958e-03 0.000000000000000000e+00
1.375000000000000000e+04 5.499933364342912689e-02 2.059626763768775473e-02 9.780382339553936877e-01 0.000000000000000000e+00 1.365498406918525280e-03 0.000000000000000000e+00
1.400000000000000000e+04 5.599932152785513928e-02 2.401001365498407064e-02 9.748520710059171979e-01 0.000000000000000000e+00 1.137915339098770958e-03 0.000000000000000000e+00
1.425000000000000000e+04 5.699930941228115167e-02 1.718252162039144229e-02 9.819071461083295205e-01 0.000000000000000000e+00 9.103322712790168532e-04 0.000000000000000000e+00
1.450000000000000000e+04 5.799929729670694201e-02 2.662721893491124328e-02 9.724624487938097195e-01 0.000000000000000000e+00 9.103322712790168532e-04 0.000000000000000000e+00
1.475000000000000000e+04 5.899928518113295439e-02 2.446517979062357712e-02 9.738279472007282944e-01 0.000000000000000000e+00 1.706873008648156654e-03 0.000000000000000000e+00
1.500000000000000000e+04 5.999927306555896678e-02 2.708238507055074976e-02 9.709831588529813651e-01 0.000000000000000000e+00 1.934456076467910759e-03 0.000000000000000000e+00
1.525000000000000000e+04 6.099926094998497916e-02 3.038233955393718558e-02 9.670004551661356418e-01 0.000000000000000000e+00 2.617205279927173507e-03 0.000000000000000000e+00
1.550000000000000000e+04 6.199924883441099155e-02 3.664087391898043083e-02 9.615384615384615641e-01 0.000000000000000000e+00 1.820664542558033706e-03 0.000000000000000000e+00
1.575000000000000000e+04 6.299923671883700393e-02 3.459262630860263782e-02 9.623350022758306865e-01 0.000000000000000000e+00 3.072371415566681717e-03 0.000000000000000000e+00
1.600000000000000000e+04 6.399922460326301632e-02 4.779244424214838111e-02 9.476558944014564778e-01 0.000000000000000000e+00 4.551661356395083832e-03 0.000000000000000000e+00
1.625000000000000000e+04 6.499921248768902871e-02 3.288575329995448160e-02 9.656349567592170668e-01 0.000000000000000000e+00 1.479289940828402332e-03 0.000000000000000000e+00
1.650000000000000000e+04 6.599920037211481905e-02 3.834774692762858705e-02 9.588074647246245252e-01 0.000000000000000000e+00 2.844788347746927612e-03 0.000000000000000000e+00
1.675000000000000000e+04 6.699918825654083143e-02 5.097860719162494031e-02 9.444697314519799880e-01 0.000000000000000000e+00 4.551661356395083832e-03 0.000000000000000000e+00
1.700000000000000000e+04 6.799917614096684382e-02 4.472007282658170546e-02 9.520937642239417631e-01 0.000000000000000000e+00 3.186162949476558769e-03 0.000000000000000000e+00
1.725000000000000000e+04 6.899916402539285620e-02 6.042330450614474130e-02 9.336595357305416121e-01 0.000000000000000000e+00 5.917159763313609329e-03 0.000000000000000000e+00
1.750000000000000000e+04 6.999915190981886859e-02 5.177514792899408358e-02 9.413973600364132777e-01 0.000000000000000000e+00 6.827492034592626616e-03 0.000000000000000000e+00
1.775000000000000000e+04 7.099913979424488097e-02 6.065088757396449454e-02 9.335457441966317216e-01 0.000000000000000000e+00 5.803368229403732710e-03 0.000000000000000000e+00
1.800000000000000000e+04 7.199912767867089336e-02 5.848884842967683184e-02 9.351388256713700775e-01 0.000000000000000000e+00 6.372325898953117539e-03 0.000000000000000000e+00
1.825000000000000000e+04 7.299911556309668370e-02 6.690942193900774326e-02 9.268320436959490705e-01 0.000000000000000000e+00 6.258534365043240920e-03 0.000000000000000000e+00
1.850000000000000000e+04 7.399910344752269609e-02 7.385070550751024476e-02 9.167045971779699265e-01 0.000000000000000000e+00 9.444697314519799256e-03 0.000000000000000000e+00
1.875000000000000000e+04 7.499909133194870847e-02 6.850250341374601593e-02 9.214838416021847722e-01 0.000000000000000000e+00 1.001365498406918582e-02 0.000000000000000000e+00
1.900000000000000000e+04 7.599907921637472086e-02 7.453345471096950448e-02 9.170459717796995980e-01 0.000000000000000000e+00 8.420573509330906217e-03 0.000000000000000000e+00
1.925000000000000000e+04 7.699906710080073324e-02 8.727810650887574129e-02 9.038461538461538547e-01 0.000000000000000000e+00 8.875739644970414427e-03 0.000000000000000000e+00
1.950000000000000000e+04 7.799905498522674563e-02 7.703686845698680397e-02 9.104460628129267263e-01 0.000000000000000000e+00 1.251706873008648184e-02 0.000000000000000000e+00
1.975000000000000000e+04 7.899904286965275801e-02 8.989531178880291740e-02 9.007737824305871444e-01 0.000000000000000000e+00 9.330905780609922637e-03 0.000000000000000000e+00
2.000000000000000000e+04 7.999903075407877040e-02 1.079881656804733692e-01 8.752844788347746707e-01 0.000000000000000000e+00 1.672735548475193582e-02 0.000000000000000000e+00
2.025000000000000000e+04 8.099901863850456074e-02 1.015020482476103741e-01 8.871187983614019501e-01 0.000000000000000000e+00 1.137915339098771045e-02 0.000000000000000000e+00
2.050000000000000000e+04 8.199900652293057313e-02 1.088984979517523960e-01 8.758534365043241232e-01 0.000000000000000000e+00 1.524806554392353283e-02 0.000000000000000000e+00
2.075000000000000000e+04 8.299899440735658551e-02 1.251706873008648080e-01 8.559399180700956178e-01 0.000000000000000000e+00 1.888939462903959851e-02 0.000000000000000000e+00
2.100000000000000000e+04 8.399898229178259790e-02 1.338188438780154865e-01 8.422849340009103125e-01 0.000000000000000000e+00 2.389622212107419055e-02 0.000000000000000000e+00
2.125000000000000000e+04 8.499897017620861028e-02 1.544151115157032239e-01 8.035958124715520956e-01 1.137915339098771066e-04 4.187528447883477611e-02 0.000000000000000000e+00
2.150000000000000000e+04 8.599895806063462267e-02 1.771734182976786587e-01 7.625170687300865113e-01 1.137915339098771066e-04 6.019572143832498806e-02 0.000000000000000000e+00
2.175000000000000000e+04 8.699894594506063505e-02 2.042558033682294050e-01 7.115384615384615641e-01 3.413746017296313199e-04 8.386436049157942885e-02 0.000000000000000000e+00
2.200000000000000000e+04 8.799893382948664744e-02 2.294037323623122349e-01 6.323395539371871044e-01 8.079198907601274626e-03 1.301775147928994070e-01 0.000000000000000000e+00
2.225000000000000000e+04 8.899892171391243778e-02 2.428311333636777314e-01 5.620163859808829931e-01 2.753755120619025970e-02 1.676149294492489672e-01 0.000000000000000000e+00
2.250000000000000000e+04 8.999890959833845017e-02 2.730996813837050508e-01 5.014792899408283544e-01 4.938552571688666071e-02 1.760355029585798925e-01 0.000000000000000000e+00
2.275000000000000000e+04 9.099889748276446255e-02 2.598998634501593075e-01 4.956759217114246607e-01 6.577150659990896320e-02 1.786527082385070686e-01 0.000000000000000000e+00
2.300000000000000000e+04 9.199888536719047494e-02 2.758306781975420896e-01 4.704142011834319681e-01 8.966772872098316416e-02 1.640873918980427781e-01 0.000000000000000000e+00
2.325000000000000000e+04 9.299887325161648732e-02 2.560309512972234747e-01 4.722348657259899940e-01 1.007055075102412378e-01 1.710286754665452935e-01 0.000000000000000000e+00
2.350000000000000000e+04 9.399886113604249971e-02 2.308830223031406448e-01 5.031861629494766008e-01 1.648839326354119283e-01 1.010468821119708677e-01 0.000000000000000000e+00
2.375000000000000000e+04 9.499884902046851209e-02 2.071005917159763343e-01 5.388029130632681074e-01 1.892353208921256358e-01 6.486117432862995025e-02 0.000000000000000000e+00
2.400000000000000000e+04 9.599883690489430244e-02 1.693218024578971304e-01 5.615612198452435422e-01 2.185935366408739144e-01 5.052344105598543383e-02 0.000000000000000000e+00
2.425000000000000000e+04 9.699882478932031482e-02 1.433773327264451503e-01 5.788575329995447882e-01 2.364588074647246130e-01 4.130632680928538608e-02 0.000000000000000000e+00
2.450000000000000000e+04 9.799881267374632721e-02 1.454255803368229294e-01 5.705507510241237812e-01 2.296313154301319881e-01 5.439235320892125969e-02 0.000000000000000000e+00
2.475000000000000000e+04 9.899880055817233959e-02 1.400773782430587144e-01 5.824988620846609511e-01 2.347519344560764776e-01 4.267182521620391245e-02 0.000000000000000000e+00
2.500000000000000000e+04 9.999878844259835198e-02 1.415566681838871244e-01 5.843195266272189770e-01 2.377105143377332697e-01 3.641329085116067066e-02 0.000000000000000000e+00
2.525000000000000000e+04 1.009987763270243644e-01 1.431497496586253970e-01 5.720300409649522466e-01 2.356622667273554905e-01 4.915794264906690747e-02 0.000000000000000000e+00
2.550000000000000000e+04 1.019987642114503767e-01 1.505461993627674189e-01 5.695266272189348777e-01 2.287209831588529751e-01 5.120619025944470049e-02 0.000000000000000000e+00
2.575000000000000000e+04 1.029987520958763891e-01 1.521392808375056915e-01 5.629267182521620061e-01 2.259899863450159363e-01 5.894401456531633832e-02 0.000000000000000000e+00
2.600000000000000000e+04 1.039987399803021795e-01 1.628356850250341492e-01 5.426718252162039402e-01 2.269003186162949492e-01 6.759217114246700298e-02 0.000000000000000000e+00
2.625000000000000000e+04 1.049987278647281919e-01 1.661356395084205850e-01 5.414201183431952558e-01 2.262175694128356895e-01 6.622667273554846967e-02 0.000000000000000000e+00
2.650000000000000000e+04 1.059987157491542042e-01 1.986800182066454368e-01 4.927173418297678409e-01 2.259899863450159363e-01 8.261265361857077216e-02 0.000000000000000000e+00
2.675000000000000000e+04 1.069987036335802166e-01 2.050523441055985552e-01 4.789485662266727561e-01 2.246244879380974169e-01 9.137460172963131344e-02 0.000000000000000000e+00
2.700000000000000000e+04 1.079986915180062290e-01 2.167728720983158885e-01 4.526627218934911046e-01 2.173418297678652578e-01 1.132225762403277214e-01 0.000000000000000000e+00
2.725000000000000000e+04 1.089986794024322414e-01 2.190487027765134209e-01 4.425352753755120716e-01 2.174556213017751483e-01 1.209604005461993592e-01 0.000000000000000000e+00
2.750000000000000000e+04 1.099986672868582538e-01 2.259899863450159363e-01 4.259217114246700020e-01 2.258761948111060458e-01 1.222121074192080159e-01 0.000000000000000000e+00
2.775000000000000000e+04 1.109986551712842662e-01 2.076695493855257035e-01 4.481110605370960398e-01 2.634274010013655243e-01 8.079198907601274626e-02 0.000000000000000000e+00
2.800000000000000000e+04 1.119986430557100565e-01 1.880974055530268418e-01 4.773554847519344557e-01 2.733272644515248317e-01 6.121984524351388457e-02 0.000000000000000000e+00
2.825000000000000000e+04 1.129986309401360689e-01 1.491807009558488717e-01 5.685025034137459743e-01 2.542102867546654488e-01 2.810650887573964626e-02 0.000000000000000000e+00
2.850000000000000000e+04 1.139986188245620813e-01 1.251706873008648080e-01 6.084433318161128756e-01 2.471552116522530707e-01 1.923076923076923184e-02 0.000000000000000000e+00
2.875000000000000000e+04 1.149986067089880937e-01 1.271051433773327244e-01 6.049157942649067143e-01 2.506827492034592875e-01 1.729631315430131891e-02 0.000000000000000000e+00
2.900000000000000000e+04 1.159985945934141061e-01 1.143604915794264876e-01 6.168639053254437732e-01 2.503413746017296160e-01 1.843422849340009204e-02 0.000000000000000000e+00
2.925000000000000000e+04 1.169985824778401184e-01 1.176604460628129234e-01 6.185707783340919086e-01 2.471552116522530707e-01 1.661356395084205573e-02 0.000000000000000000e+00
2.950000000000000000e+04 1.179985703622661308e-01 1.143604915794264876e-01 6.209604005461993870e-01 2.461310878470641672e-01 1.854802002730996865e-02 0.000000000000000000e+00
2.975000000000000000e+04 1.189985582466919212e-01 1.149294492489758707e-01 6.207328174783796060e-01 2.468138370505234547e-01 1.752389622212107562e-02 0.000000000000000000e+00
3.000000000000000000e+04 1.199985461311179336e-01 1.210741920801092358e-01 6.180018206645425671e-01 2.461310878470641672e-01 1.479289940828402289e-02 0.000000000000000000e+00
3.025000000000000000e+04 1.209985340155439459e-01 1.139053254437869811e-01 6.223258989531178509e-01 2.482931269913518368e-01 1.547564861174328607e-02 0.000000000000000000e+00
3.050000000000000000e+04 1.219985218999699583e-01 1.149294492489758707e-01 6.201638598088302645e-01 2.496586253982703563e-01 1.524806554392353283e-02 0.000000000000000000e+00
3.075000000000000000e+04 1.229985097843959707e-01 1.189121529358215801e-01 6.173190714610833352e-01 2.489758761948110966e-01 1.479289940828402289e-02 0.000000000000000000e+00
3.100000000000000000e+04 1.239984976688219831e-01 1.147018661811561174e-01 6.220983158852981809e-01 2.482931269913518368e-01 1.490669094219390124e-02 0.000000000000000000e+00
3.125000000000000000e+04 1.249984855532479955e-01 1.149294492489758707e-01 6.220983158852981809e-01 2.510241238051889034e-01 1.194811106053709528e-02 0.000000000000000000e+00
3.150000000000000000e+04 1.259984734376740079e-01 1.145880746472462408e-01 6.209604005461993870e-01 2.487482931269913433e-01 1.570323167956303931e-02 0.000000000000000000e+00
3.175000000000000000e+04 1.269984613220997982e-01 1.187983614019117035e-01 6.189121529358215801e-01 2.501137915339098905e-01 1.217569412835685025e-02 0.000000000000000000e+00
3.200000000000000000e+04 1.279984492065258106e-01 1.087847064178425194e-01 6.288120163859808320e-01 2.477241693218024676e-01 1.467910787437414627e-02 0.000000000000000000e+00
3.225000000000000000e+04 1.289984370909518230e-01 1.060537096040054666e-01 6.305188893946290785e-01 2.470414201183432079e-01 1.638598088302230249e-02 0.000000000000000000e+00
3.250000000000000000e+04 1.299984249753778354e-01 1.037778789258079204e-01 6.277878925807920396e-01 2.509103322712790130e-01 1.752389622212107562e-02 0.000000000000000000e+00
3.275000000000000000e+04 1.309984128598038478e-01 1.139053254437869811e-01 6.279016841147018191e-01 2.455621301775147980e-01 1.263086026399635846e-02 0.000000000000000000e+00
3.300000000000000000e+04 1.319984007442298601e-01 1.085571233500227523e-01 6.286982248520710526e-01 2.467000455166135642e-01 1.604460628129267263e-02 0.000000000000000000e+00
3.325000000000000000e+04 1.329983886286558725e-01 1.120846609012289552e-01 6.269913518434228061e-01 2.445380063723258945e-01 1.638598088302230249e-02 0.000000000000000000e+00
3.350000000000000000e+04 1.339983765130816629e-01 1.098088302230314089e-01 6.292671825216203940e-01 2.451069640418752915e-01 1.581702321347291593e-02 0.000000000000000000e+00
3.375000000000000000e+04 1.349983643975076752e-01 1.134501593081474746e-01 6.298361401911697355e-01 2.416932180245789652e-01 1.502048247610377786e-02 0.000000000000000000e+00
3.400000000000000000e+04 1.359983522819336876e-01 1.069640418752844796e-01 6.330223031406463363e-01 2.437414656349567721e-01 1.627218934911242587e-02 0.000000000000000000e+00
3.425000000000000000e+04 1.369983401663597000e-01 1.175466545289030468e-01 6.230086481565771939e-01 2.444242148384160318e-01 1.502048247610377786e-02 0.000000000000000000e+00
3.450000000000000000e+04 1.379983280507857124e-01 1.169776968593536637e-01 6.242603550295857673e-01 2.406690942193900895e-01 1.809285389167045871e-02 0.000000000000000000e+00
3.475000000000000000e+04 1.389983159352117248e-01 1.145880746472462408e-01 6.284706417842512716e-01 2.430587164314974846e-01 1.388256713700500647e-02 0.000000000000000000e+00
3.500000000000000000e+04 1.399983038196377372e-01 1.174328629949931702e-01 6.253982703686845612e-01 2.427173418297678686e-01 1.445152480655439303e-02 0.000000000000000000e+00
3.525000000000000000e+04 1.409982917040637496e-01 1.136777423759672279e-01 6.304050978607191880e-01 2.428311333636777314e-01 1.308602639963586667e-02 0.000000000000000000e+00
3.550000000000000000e+04 1.419982795884895399e-01 1.143604915794264876e-01 6.258534365043241232e-01 2.436276741010468816e-01 1.615839781520254925e-02 0.000000000000000000e+00
3.575000000000000000e+04 1.429982674729155523e-01 1.170914883932635403e-01 6.282430587164314906e-01 2.387346381429221731e-01 1.593081474738279601e-02 0.000000000000000000e+00
3.600000000000000000e+04 1.439982553573415647e-01 1.157259899863450209e-01 6.285844333181611621e-01 2.406690942193900895e-01 1.502048247610377786e-02 0.000000000000000000e+00
3.625000000000000000e+04 1.449982432417675771e-01 1.247155211652253015e-01 6.247155211652253293e-01 2.307692307692307820e-01 1.979972690031861493e-02 0.000000000000000000e+00
3.650000000000000000e+04 1.459982311261935894e-01 1.246017296313154249e-01 6.235776058261265353e-01 2.357760582612653533e-01 1.604460628129267263e-02 0.000000000000000000e+00
3.675000000000000000e+04 1.469982190106196018e-01 1.326809285389166926e-01 6.217569412835685094e-01 2.271279016841147025e-01 1.843422849340009204e-02 0.000000000000000000e+00
3.700000000000000000e+04 1.479982068950456142e-01 1.282430587164314906e-01 6.282430587164314906e-01 2.246244879380974169e-01 1.888939462903959851e-02 0.000000000000000000e+00
3.725000000000000000e+04 1.489981947794716266e-01 1.422394173873463841e-01 6.314292216659080914e-01 2.096040054619936199e-01 1.672735548475193582e-02 0.000000000000000000e+00
3.750000000000000000e+04 1.499981826638974169e-01 1.198224852071005930e-01 6.763768775603095085e-01 1.869594902139280757e-01 1.684114701866181243e-02 0.000000000000000000e+00
3.775000000000000000e+04 1.509981705483234293e-01 1.102639963586709154e-01 6.820664542558033672e-01 1.907146108329540179e-01 1.695493855257168905e-02 0.000000000000000000e+00
3.800000000000000000e+04 1.519981584327494417e-01 1.191397360036413333e-01 6.745562130177514826e-01 1.892353208921256358e-01 1.706873008648156567e-02 0.000000000000000000e+00
3.825000000000000000e+04 1.529981463171754541e-01 1.193673190714610866e-01 6.743286299499317016e-01 1.921939007737824279e-01 1.411015020482476144e-02 0.000000000000000000e+00
3.850000000000000000e+04 1.539981342016014665e-01 1.136777423759672279e-01 6.793354574419663283e-01 1.927628584433318248e-01 1.422394173873463806e-02 0.000000000000000000e+00
3.875000000000000000e+04 1.549981220860274789e-01 1.185707783340919502e-01 6.768320436959490705e-01 1.901456531634046487e-01 1.445152480655439303e-02 0.000000000000000000e+00
3.900000000000000000e+04 1.559981099704534913e-01 1.201638598088302229e-01 6.726217569412835662e-01 1.867319071461083224e-01 2.048247610377787811e-02 0.000000000000000000e+00
3.925000000000000000e+04 1.569980978548792816e-01 1.319981793354574329e-01 6.640873918980427781e-01 1.858215748748293095e-01 1.809285389167045871e-02 0.000000000000000000e+00
3.950000000000000000e+04 1.579980857393052940e-01 1.310878470641784199e-01 6.644287664997724496e-01 1.863905325443787064e-01 1.809285389167045871e-02 0.000000000000000000e+00
3.975000000000000000e+04 1.589980736237313064e-01 1.326809285389166926e-01 6.603322712790168358e-01 1.894629039599453890e-01 1.752389622212107562e-02 0.000000000000000000e+00
4.000000000000000000e+04 1.599980615081573188e-01 1.329085116067364458e-01 6.620391442876649712e-01 1.836595357305416398e-01 2.139280837505689453e-02 0.000000000000000000e+00
4.025000000000000000e+04 1.609980493925833311e-01 1.334774692762858428e-01 6.624943104233045332e-01 1.847974510696404060e-01 1.923076923076923184e-02 0.000000000000000000e+00
4.050000000000000000e+04 1.619980372770093435e-01 1.474738279472007363e-01 6.513427401001365968e-01 1.822940373236231204e-01 1.888939462903959851e-02 0.000000000000000000e+00
4.075000000000000000e+04 1.629980251614353559e-01 1.484979517523896120e-01 6.489531178880291185e-01 1.824078288575330109e-01 2.014110150204824826e-02 0.000000000000000000e+00
4.100000000000000000e+04 1.639980130458613683e-01 1.510013654984069253e-01 6.499772416932180219e-01 1.824078288575330109e-01 1.661356395084205573e-02 0.000000000000000000e+00
4.125000000000000000e+04 1.649980009302871586e-01 1.492944924897587622e-01 6.446290395994538347e-01 1.805871643149749572e-01 2.548930359581247015e-02 0.000000000000000000e+00
4.150000000000000000e+04 1.659979888147131710e-01 1.540737369139736079e-01 6.495220755575785709e-01 1.791078743741465751e-01 1.729631315430131891e-02 0.000000000000000000e+00
4.175000000000000000e+04 1.669979766991391834e-01 1.668183887118798447e-01 6.334774692762858983e-01 1.767182521620391522e-01 2.298588984979517413e-02 0.000000000000000000e+00
4.200000000000000000e+04 1.679979645835651958e-01 1.654528903049612976e-01 6.339326354119253493e-01 1.795630405097860816e-01 2.105143377332726468e-02 0.000000000000000000e+00
4.225000000000000000e+04 1.689979524679912082e-01 1.738734638142922229e-01 6.282430587164314906e-01 1.744424214838415921e-01 2.344105598543468408e-02 0.000000000000000000e+00
4.250000000000000000e+04 1.699979403524172206e-01 1.750113791533909890e-01 6.288120163859808320e-01 1.768320436959490149e-01 1.934456076467910846e-02 0.000000000000000000e+00
4.275000000000000000e+04 1.709979282368432330e-01 1.758079198907601393e-01 6.231224396904869733e-01 1.784251251706872876e-01 2.264451524806554428e-02 0.000000000000000000e+00
4.300000000000000000e+04 1.719979161212692453e-01 1.973145197997268896e-01 6.045744196631770428e-01 1.725079654073737034e-01 2.560309512972235024e-02 0.000000000000000000e+00
4.325000000000000000e+04 1.729979040056950357e-01 2.049385525716886647e-01 5.970641784251251583e-01 1.739872553482020856e-01 2.401001365498407064e-02 0.000000000000000000e+00
4.350000000000000000e+04 1.739978918901210481e-01 2.100591715976331264e-01 5.870505234410560158e-01 1.721665908056440597e-01 3.072371415566681890e-02 0.000000000000000000e+00
4.375000000000000000e+04 1.749978797745470604e-01 2.105143377332726329e-01 5.889849795175239322e-01 1.754665452890304955e-01 2.503413746017296368e-02 0.000000000000000000e+00
4.400000000000000000e+04 1.759978676589730728e-01 2.142694583522985752e-01 5.870505234410560158e-01 1.736458807464724696e-01 2.503413746017296368e-02 0.000000000000000000e+00
4.425000000000000000e+04 1.769978555433990852e-01 2.200728265817023244e-01 5.835229858898497435e-01 1.742148384160218388e-01 2.218934911242603433e-02 0.000000000000000000e+00
4.450000000000000000e+04 1.779978434278250976e-01 2.208693673190714746e-01 5.879608557123350288e-01 1.638598088302230249e-01 2.730996813837050646e-02 0.000000000000000000e+00
4.475000000000000000e+04 1.789978313122511100e-01 2.223486572598998567e-01 5.890987710514338227e-01 1.667045971779699542e-01 2.184797451069640448e-02 0.000000000000000000e+00
4.500000000000000000e+04 1.799978191966769003e-01 2.286071916249431124e-01 5.753299954483386269e-01 1.700045516613563901e-01 2.605826126536185672e-02 0.000000000000000000e+00
4.525000000000000000e+04 1.809978070811029127e-01 2.380518889394629134e-01 5.706645425580336717e-01 1.663632225762403383e-01 2.492034592626308706e-02 0.000000000000000000e+00
4.550000000000000000e+04 1.819977949655289251e-01 2.322485207100591642e-01 5.818161128812016081e-01 1.622667273554847522e-01 2.366863905325443732e-02 0.000000000000000000e+00
4.575000000000000000e+04 1.829977828499549375e-01 2.383932635411925294e-01 5.832954028220300735e-01 1.611288120163859861e-01 1.718252162039144229e-02 0.000000000000000000e+00
4.600000000000000000e+04 1.839977707343809499e-01 2.379380974055530229e-01 5.782885753299954468e-01 1.614701866181156020e-01 2.230314064633591095e-02 0.000000000000000000e+00
4.625000000000000000e+04 1.849977586188069623e-01 2.440828402366863881e-01 5.720300409649522466e-01 1.601046882111970826e-01 2.378243058716431393e-02 0.000000000000000000e+00
4.650000000000000000e+04 1.859977465032329746e-01 2.401001365498406925e-01 5.797678652708238012e-01 1.576012744651797970e-01 2.253072371415566766e-02 0.000000000000000000e+00
4.675000000000000000e+04 1.869977343876589870e-01 2.419208010923987184e-01 5.740782885753299425e-01 1.618115612198452458e-01 2.218934911242603433e-02 0.000000000000000000e+00
4.700000000000000000e+04 1.879977222720847774e-01 2.449931725079654010e-01 5.679335457441966328e-01 1.577150659990896597e-01 2.935821574874829254e-02 0.000000000000000000e+00
4.725000000000000000e+04 1.889977101565107898e-01 2.595584888484296915e-01 5.571233500227582569e-01 1.547564861174328676e-01 2.856167501137915274e-02 0.000000000000000000e+00
4.750000000000000000e+04 1.899976980409368021e-01 2.503413746017296160e-01 5.633818843878015681e-01 1.581702321347291662e-01 2.810650887573964626e-02 0.000000000000000000e+00
4.775000000000000000e+04 1.909976859253628145e-01 2.575102412380518846e-01 5.591715976331360638e-01 1.522530723714155543e-01 3.106508875739644876e-02 0.000000000000000000e+00
4.800000000000000000e+04 1.919976738097888269e-01 2.597860719162494170e-01 5.554164770141101215e-01 1.571461083295402905e-01 2.753755120619025970e-02 1.137915339098771066e-04
4.825000000000000000e+04 1.929976616942148393e-01 2.662721893491124536e-01 5.500682749203459343e-01 1.541875284478834707e-01 2.947200728265816916e-02 0.000000000000000000e+00
4.850000000000000000e+04 1.939976495786408517e-01 2.560309512972234747e-01 5.570095584888484774e-01 1.524806554392353075e-01 3.447883477469276120e-02 0.000000000000000000e+00
4.875000000000000000e+04 1.949976374630668641e-01 2.592171142467000200e-01 5.523441055985435222e-01 1.519116977696859383e-01 3.652708238507055422e-02 0.000000000000000000e+00
4.900000000000000000e+04 1.959976253474926544e-01 2.598998634501593075e-01 5.542785616750113276e-01 1.522530723714155543e-01 3.356850250341374825e-02 0.000000000000000000e+00
4.925000000000000000e+04 1.969976132319186668e-01 2.593309057806099105e-01 5.403959945380063523e-01 1.598771051433773294e-01 4.039599453800637313e-02 0.000000000000000000e+00
4.950000000000000000e+04 1.979976011163446792e-01 2.688893946290396020e-01 5.265134274010013771e-01 1.631770596267637652e-01 4.142011834319526964e-02 0.000000000000000000e+00
4.975000000000000000e+04 1.989975890007706916e-01 2.653618570778333852e-01 5.307237141556667703e-01 1.652253072371415443e-01 3.868912152935821691e-02 0.000000000000000000e+00
5.000000000000000000e+04 1.999975768851967040e-01 2.621756941283568398e-01 5.259444697314519246e-01 1.693218024578971304e-01 4.255803368229403583e-02 0.000000000000000000e+00
5.025000000000000000e+04 2.009975647696227163e-01 2.585343650432407880e-01 5.335685025034136997e-01 1.708010923987255403e-01 3.709604005461993731e-02 0.000000000000000000e+00
5.050000000000000000e+04 2.019975526540487287e-01 2.675238962221210826e-01 5.271961766044606090e-01 1.719390077378243065e-01 3.334091943559399501e-02 0.000000000000000000e+00
5.075000000000000000e+04 2.029975405384745191e-01 2.674101046882111921e-01 5.205962676376877374e-01 1.742148384160218388e-01 3.777878925807919702e-02 0.000000000000000000e+00
5.100000000000000000e+04 2.039975284229005315e-01 2.646791078743741532e-01 5.419890760127445972e-01 1.651115157032316816e-01 2.822030040964952288e-02 0.000000000000000000e+00
5.125000000000000000e+04 2.049975163073265438e-01 2.587619481110605135e-01 5.549613108784706705e-01 1.644287664997724219e-01 2.184797451069640448e-02 0.000000000000000000e+00
5.150000000000000000e+04 2.059975041917525562e-01 2.515930814747383004e-01 5.558716431497496835e-01 1.647701411015020379e-01 2.776513427401001294e-02 0.000000000000000000e+00
5.175000000000000000e+04 2.069974920761785686e-01 2.635411925352753593e-01 5.447200728265817471e-01 1.605598543468365891e-01 3.117888029130632538e-02 0.000000000000000000e+00
5.200000000000000000e+04 2.079974799606045810e-01 2.509103322712790130e-01 5.603095129722348577e-01 1.655666818388711881e-01 2.321347291761493084e-02 0.000000000000000000e+00
5.225000000000000000e+04 2.089974678450305934e-01 2.470414201183432079e-01 5.716886663632225751e-01 1.564633591260810308e-01 2.480655439235321044e-02 0.000000000000000000e+00
5.250000000000000000e+04 2.099974557294566058e-01 2.470414201183432079e-01 5.772644515248065433e-01 1.537323623122439642e-01 2.196176604460628110e-02 0.000000000000000000e+00
5.275000000000000000e+04 2.109974436138823961e-01 2.431725079654073751e-01 5.558716431497496835e-01 1.766044606281292617e-01 2.435138825671370050e-02 0.000000000000000000e+00
5.300000000000000000e+04 2.119974314983084085e-01 2.448793809740555383e-01 5.488165680473372499e-01 1.854802002730996935e-01 2.082385070550751144e-02 0.000000000000000000e+00
5.325000000000000000e+04 2.129974193827344209e-01 2.414656349567592120e-01 5.446062812926718566e-01 1.924214838416021811e-01 2.150659990896677115e-02 0.000000000000000000e+00
5.350000000000000000e+04 2.139974072671604333e-01 2.282658170232134687e-01 5.541647701411015481e-01 1.932180245789713313e-01 2.435138825671370050e-02 0.000000000000000000e+00
5.375000000000000000e+04 2.149973951515864456e-01 2.283796085571233592e-01 5.596267637687756258e-01 1.895766954938552518e-01 2.241693218024579104e-02 0.000000000000000000e+00
5.400000000000000000e+04 2.159973830360124580e-01 2.279244424214838527e-01 5.463131543013199920e-01 2.052799271734183084e-01 2.048247610377787811e-02 0.000000000000000000e+00
5.425000000000000000e+04 2.169973709204384704e-01 2.292899408284023721e-01 5.459717796995903205e-01 2.039144287664997612e-01 2.082385070550751144e-02 0.000000000000000000e+00
5.450000000000000000e+04 2.179973588048644828e-01 2.171142467000455045e-01 5.473372781065088954e-01 2.116522530723714268e-01 2.389622212107419055e-02 0.000000000000000000e+00
5.475000000000000000e+04 2.189973466892902731e-01 2.232589895311788697e-01 5.433545744196631722e-01 2.118798361401911801e-01 2.150659990896677115e-02 0.000000000000000000e+00
5.500000000000000000e+04 2.199973345737162855e-01 2.225762403277196100e-01 5.450614474283113076e-01 2.102867546654528796e-01 2.207555757851615771e-02 0.000000000000000000e+00
5.525000000000000000e+04 2.209973224581422979e-01 2.346381429221665871e-01 5.364132908511606290e-01 2.043695949021392677e-01 2.457897132453345374e-02 0.000000000000000000e+00
5.550000000000000000e+04 2.219973103425683103e-01 2.332726445152480677e-01 5.409649522075558048e-01 2.069868001820664438e-01 1.877560309512972189e-02 0.000000000000000000e+00
5.575000000000000000e+04 2.229972982269943227e-01 2.374829312699135164e-01 5.296995903504779779e-01 2.097177969959035104e-01 2.309968138370505075e-02 0.000000000000000000e+00
5.600000000000000000e+04 2.239972861114203351e-01 2.221210741920801035e-01 5.416477014110150368e-01 2.106281292671825234e-01 2.560309512972235024e-02 0.000000000000000000e+00
5.625000000000000000e+04 2.249972739958463475e-01 2.215521165225307343e-01 5.392580791989075584e-01 2.156349567592171224e-01 2.355484751934456070e-02 0.000000000000000000e+00
5.650000000000000000e+04 2.259972618802721378e-01 2.412380518889394587e-01 5.315202548930360038e-01 2.071005917159763343e-01 2.014110150204824826e-02 0.000000000000000000e+00
5.675000000000000000e+04 2.269972497646981502e-01 2.327036868456986707e-01 5.343650432407829332e-01 2.122212107419207960e-01 2.071005917159763482e-02 0.000000000000000000e+00
