# itime ezz other fcc hcp bcc ico
0.000000000000000000e+00 0.000000000000000000e+00 0.000000000000000000e+00 1.000000000000000000e+00 0.000000000000000000e+00 0.000000000000000000e+00 0.000000000000000000e+00
2.500000000000000000e+03 1.000002221311269146e-02 0.000000000000000000e+00 1.000000000000000000e+00 0.000000000000000000e+00 0.000000000000000000e+00 0.000000000000000000e+00
5.000000000000000000e+03 2.000004442622516088e-02 0.000000000000000000e+00 1.000000000000000000e+00 0.000000000000000000e+00 0.000000000000000000e+00 0.000000000000000000e+00
7.500000000000000000e+03 3.000006663933785234e-02 0.000000000000000000e+00 1.000000000000000000e+00 0.000000000000000000e+00 0.000000000000000000e+00 0.000000000000000000e+00
1.000000000000000000e+04 4.000008885245032175e-02 0.000000000000000000e+00 1.000000000000000000e+00 0.000000000000000000e+00 0.000000000000000000e+00 0.000000000000000000e+00
1.250000000000000000e+04 5.000011106556301321e-02 0.000000000000000000e+00 1.000000000000000000e+00 0.000000000000000000e+00 0.000000000000000000e+00 0.000000000000000000e+00
1.500000000000000000e+04 6.000013327867548263e-02 0.000000000000000000e+00 1.000000000000000000e+00 0.000000000000000000e+00 0.000000000000000000e+00 0.000000000000000000e+00
1.750000000000000000e+04 7.000015549178817409e-02 0.000000000000000000e+00 1.000000000000000000e+00 0.000000000000000000e+00 0.000000000000000000e+00 0.000000000000000000e+00
2.000000000000000000e+04 8.000017770490064350e-02 4.551661356395084266e-04 9.995448338643604380e-01 0.000000000000000000e+00 0.000000000000000000e+00 0.000000000000000000e+00
2.250000000000000000e+04 9.000019991801333497e-02 1.706873008648156654e-03 9.982931269913518646e-01 0.000000000000000000e+00 0.000000000000000000e+00 0.000000000000000000e+00
2.500000000000000000e+04 1.000002221311258044e-01 4.437869822485207214e-03 9.953345471096950448e-01 0.000000000000000000e+00 2.275830678197542133e-04 0.000000000000000000e+00
2.750000000000000000e+04 1.100002443442384958e-01 3.038233955393718558e-02 9.530040964952207760e-01 0.000000000000000000e+00 1.661356395084205573e-02 0.000000000000000000e+00
3.000000000000000000e+04 1.200002665573509653e-01 6.429221665908056715e-02 7.091488393263540857e-01 2.167728720983158885e-01 9.786071916249430847e-03 0.000000000000000000e+00
3.250000000000000000e+04 1.300002887704636567e-01 6.599908966772871644e-02 7.045971779699590209e-01 2.197314519799726806e-01 9.672280382339554228e-03 0.000000000000000000e+00
3.500000000000000000e+04 1.400003109835761261e-01 6.781975421028675621e-02 7.034592626308602270e-01 2.187073281747838049e-01 1.001365498406918582e-02 0.000000000000000000e+00
3.750000000000000000e+04 1.500003331966888176e-01 7.521620391442876419e-02 6.986800182066453813e-01 2.144970414201183562e-01 1.160673645880746542e-02 0.000000000000000000e+00
4.000000000000000000e+04 1.600003554098012870e-01 7.988165680473373331e-02 6.965179790623577949e-01 2.148384160218479721e-01 8.761948111060537808e-03 0.000000000000000000e+00
4.250000000000000000e+04 1.700003776229139785e-01 8.295402822030041590e-02 6.895766954938552518e-01 2.183659535730541612e-01 9.103322712790167665e-03 0.000000000000000000e+00
4.500000000000000000e+04 1.800003998360264479e-01 8.875739644970413733e-02 7.005006827492034072e-01 2.034592626308602548e-01 7.282658170232134826e-03 0.000000000000000000e+00
4.750000000000000000e+04 1.900004220491391393e-01 9.000910332271279402e-02 6.853664087391898585e-01 2.165452890304961353e-01 8.079198907601274626e-03 0.000000000000000000e+00
5.000000000000000000e+04 2.000004442622516088e-01 1.174328629949931702e-01 6.632908511606736557e-01 2.160901228948566288e-01 3.186162949476558769e-03 0.000000000000000000e+00
5.250000000000000000e+04 2.100004664753643002e-01 1.185707783340919502e-01 6.619253527537550807e-01 2.164314974965862448e-01 3.072371415566681717e-03 0.000000000000000000e+00
5.500000000000000000e+04 2.200004886884767696e-01 1.243741465634956717e-01 6.834319526627219421e-01 1.884387801547564856e-01 3.755120619025944465e-03 0.000000000000000000e+00
5.750000000000000000e+04 2.300005109015894611e-01 1.227810650887573990e-01 6.681838871187983919e-01 2.047109695038689114e-01 4.324078288575329727e-03 0.000000000000000000e+00
6.000000000000000000e+04 2.400005331147021526e-01 1.213017751479289891e-01 6.855939918070095285e-01 1.891215293582157453e-01 3.982703686845699004e-03 0.000000000000000000e+00
6.250000000000000000e+04 2.500005553278146220e-01 1.198224852071005930e-01 6.860491579426490905e-01 1.885525716886663761e-01 5.575785161583977738e-03 0.000000000000000000e+00
6.500000000000000000e+04 2.600005775409273134e-01 1.215293582157487423e-01 6.811561219845243542e-01 1.900318616294947582e-01 7.282658170232134826e-03 0.000000000000000000e+00
6.750000000000000000e+04 2.700005997540397829e-01 1.260810195721438209e-01 6.788802913063267663e-01 1.866181156121984597e-01 8.420573509330906217e-03 0.000000000000000000e+00
7.000000000000000000e+04 2.800006219671524743e-01 1.519116977696859383e-01 6.209604005461993870e-01 2.215521165225307343e-01 5.575785161583977738e-03 0.000000000000000000e+00
7.250000000000000000e+04 2.900006441802649437e-01 1.580564406008193035e-01 6.096950386891215601e-01 2.272416932180245652e-01 5.006827492034592909e-03 0.000000000000000000e+00
7.500000000000000000e+04 3.000006663933776352e-01 1.553254437869822369e-01 5.913746017296312996e-01 2.480655439235320836e-01 5.234410559854347014e-03 0.000000000000000000e+00
7.750000000000000000e+04 3.100006886064901046e-01 1.502048247610377751e-01 6.375739644970414011e-01 2.014110150204824756e-01 1.081019572143832562e-02 0.000000000000000000e+00
8.000000000000000000e+04 3.200007108196027961e-01 1.424670004551661373e-01 6.406463359126081114e-01 2.092626308602640040e-01 7.624032771961766417e-03 0.000000000000000000e+00
8.250000000000000000e+04 3.300007330327152655e-01 1.474738279472007363e-01 6.274465179790623681e-01 2.183659535730541612e-01 6.713700500682749130e-03 0.000000000000000000e+00
8.500000000000000000e+04 3.400007552458279569e-01 1.337050523441055960e-01 6.643149749658625591e-01 1.978834774692762866e-01 4.096495220755575623e-03 0.000000000000000000e+00
8.750000000000000000e+04 3.500007774589404264e-01 1.284706417842512438e-01 7.074419663177059503e-01 1.577150659990896597e-01 6.372325898953117539e-03 0.000000000000000000e+00
9.000000000000000000e+04 3.600007996720531178e-01 1.283568502503413811e-01 7.020937642239417631e-01 1.619253527537551085e-01 7.624032771961766417e-03 0.000000000000000000e+00
9.250000000000000000e+04 3.700008218851655872e-01 1.365498406918525254e-01 7.006144742831132977e-01 1.553254437869822369e-01 7.510241238051888930e-03 0.000000000000000000e+00
9.500000000000000000e+04 3.800008440982782787e-01 1.454255803368229294e-01 6.928766499772417431e-01 1.565771506599908935e-01 5.120619025944469528e-03 0.000000000000000000e+00
9.750000000000000000e+04 3.900008663113909702e-01 1.449704142011834229e-01 6.890077378243059103e-01 1.606736458807464796e-01 5.348202093764223633e-03 0.000000000000000000e+00
1.000000000000000000e+05 4.000008885245034396e-01 1.448566226672735602e-01 6.805871643149750128e-01 1.668183887118798447e-01 7.737824305871643035e-03 0.000000000000000000e+00
1.025000000000000000e+05 4.100009107376159090e-01 1.359808830223031284e-01 6.944697314519799880e-01 1.623805188893946427e-01 7.168866636322257339e-03 0.000000000000000000e+00
1.050000000000000000e+05 4.200009329507286004e-01 1.432635411925352875e-01 6.794492489758762188e-01 1.689804278561675144e-01 8.306781975421027864e-03 0.000000000000000000e+00
1.075000000000000000e+05 4.300009551638412919e-01 1.502048247610377751e-01 6.669321802457897075e-01 1.717114246700045532e-01 1.115157032316795548e-02 0.000000000000000000e+00
1.100000000000000000e+05 4.400009773769537613e-01 1.461083295402822169e-01 6.767182521620391800e-01 1.742148384160218388e-01 2.958579881656804664e-03 0.000000000000000000e+00
1.125000000000000000e+05 4.500009995900662307e-01 1.503186162949476656e-01 6.737596722803823601e-01 1.726217569412835662e-01 3.299954483386436255e-03 0.000000000000000000e+00
1.150000000000000000e+05 4.600010218031789222e-01 1.482703686845698587e-01 6.663632225762403660e-01 1.819526627218935044e-01 3.413746017296313308e-03 0.000000000000000000e+00
1.175000000000000000e+05 4.700010440162916137e-01 1.550978607191624836e-01 6.613563950842057393e-01 1.816112881201638607e-01 1.934456076467910759e-03 0.000000000000000000e+00
1.200000000000000000e+05 4.800010662294040831e-01 1.561219845243513871e-01 6.585116067364588099e-01 1.813837050523441075e-01 3.982703686845699004e-03 0.000000000000000000e+00
1.225000000000000000e+05 4.900010884425165525e-01 1.568047337278106468e-01 6.525944469731451703e-01 1.866181156121984597e-01 3.982703686845699004e-03 0.000000000000000000e+00
1.250000000000000000e+05 5.000011106556292440e-01 1.572598998634501533e-01 6.654528903049613531e-01 1.734182976786527164e-01 3.868912152935821518e-03 0.000000000000000000e+00
1.275000000000000000e+05 5.100011328687419354e-01 1.561219845243513871e-01 6.630632680928538747e-01 1.775147928994082747e-01 3.299954483386436255e-03 0.000000000000000000e+00
1.300000000000000000e+05 5.200011550818544048e-01 1.647701411015020379e-01 6.436049157942649313e-01 1.891215293582157453e-01 2.503413746017296455e-03 0.000000000000000000e+00
1.325000000000000000e+05 5.300011772949668742e-01 1.668183887118798447e-01 6.205052344105598250e-01 2.115384615384615363e-01 1.137915339098770958e-03 0.000000000000000000e+00
1.350000000000000000e+05 5.400011995080795657e-01 1.687528447883477334e-01 6.194811106053709215e-01 2.102867546654528796e-01 1.479289940828402332e-03 0.000000000000000000e+00
1.375000000000000000e+05 5.500012217211922572e-01 1.725079654073737034e-01 6.150432407828857473e-01 2.108557123350022766e-01 1.593081474738279385e-03 0.000000000000000000e+00
1.400000000000000000e+05 5.600012439343047266e-01 1.759217114246700020e-01 6.325671370050067743e-01 1.876422394173873354e-01 3.868912152935821518e-03 0.000000000000000000e+00
1.425000000000000000e+05 5.700012661474171960e-01 1.676149294492489672e-01 6.576012744651797970e-01 1.697769685935366368e-01 5.006827492034592909e-03 0.000000000000000000e+00
1.450000000000000000e+05 5.800012883605298875e-01 1.714838416021848000e-01 6.594219390077378229e-01 1.646563495675921751e-01 4.437869822485207214e-03 0.000000000000000000e+00
1.475000000000000000e+05 5.900013105736425789e-01 1.783113336367774249e-01 6.502048247610378029e-01 1.669321802457897075e-01 4.551661356395083832e-03 0.000000000000000000e+00
1.500000000000000000e+05 6.000013327867550483e-01 1.669321802457897075e-01 6.580564406008192480e-01 1.717114246700045532e-01 3.299954483386436255e-03 0.000000000000000000e+00
1.525000000000000000e+05 6.100013549998675177e-01 1.418980427856167403e-01 7.084660901228948537e-01 1.471324533454710926e-01 2.503413746017296455e-03 0.000000000000000000e+00
1.550000000000000000e+05 6.200013772129802092e-01 1.391670459717797015e-01 7.089212562585344157e-01 1.496358670914884059e-01 2.275830678197541916e-03 0.000000000000000000e+00
1.575000000000000000e+05 6.300013994260931227e-01 1.436049157942649035e-01 7.041420118343195700e-01 1.492944924897587622e-01 2.958579881656804664e-03 0.000000000000000000e+00
1.600000000000000000e+05 6.400014216392053701e-01 1.579426490669094130e-01 6.900318616294948137e-01 1.492944924897587622e-01 2.730996813837050560e-03 0.000000000000000000e+00
1.625000000000000000e+05 6.500014438523178395e-01 1.742148384160218388e-01 6.753527537551206050e-01 1.474738279472007363e-01 2.958579881656804664e-03 0.000000000000000000e+00
1.650000000000000000e+05 6.600014660654305310e-01 1.708010923987255403e-01 6.759217114246700575e-01 1.503186162949476656e-01 2.958579881656804664e-03 0.000000000000000000e+00
1.675000000000000000e+05 6.700014882785434445e-01 1.616977696859353553e-01 6.832043695949021611e-01 1.499772416932180219e-01 5.120619025944469528e-03 0.000000000000000000e+00
1.700000000000000000e+05 6.800015104916556918e-01 1.778561675011379184e-01 6.792216659080564378e-01 1.382567137005006885e-01 4.665452890304961318e-03 0.000000000000000000e+00
1.725000000000000000e+05 6.900015327047681613e-01 1.615839781520254925e-01 6.759217114246700575e-01 1.612426035502958488e-01 1.251706873008648227e-03 0.000000000000000000e+00
1.750000000000000000e+05 7.000015549178810748e-01 1.679563040509786109e-01 6.720527992717342247e-01 1.582840236686390567e-01 1.706873008648156654e-03 0.000000000000000000e+00
1.775000000000000000e+05 7.100015771309937662e-01 1.531634046426945950e-01 6.992489758761948337e-01 1.431497496586253970e-01 4.437869822485207214e-03 0.000000000000000000e+00
1.800000000000000000e+05 7.200015993441062356e-01 1.533909877105143482e-01 6.958352298588984519e-01 1.465634956759217233e-01 4.210286754665453109e-03 0.000000000000000000e+00
1.825000000000000000e+05 7.300016215572184830e-01 1.454255803368229294e-01 7.006144742831132977e-01 1.522530723714155543e-01 1.706873008648156654e-03 0.000000000000000000e+00
1.850000000000000000e+05 7.400016437703313965e-01 1.454255803368229294e-01 6.910559854346836062e-01 1.611288120163859861e-01 2.389622212107419402e-03 0.000000000000000000e+00
1.875000000000000000e+05 7.500016659834440880e-01 1.481565771506599960e-01 6.903732362312243742e-01 1.595357305416477134e-01 1.934456076467910759e-03 0.000000000000000000e+00
1.900000000000000000e+05 7.600016881965565574e-01 1.531634046426945950e-01 6.853664087391898585e-01 1.594219390077378229e-01 2.048247610377787811e-03 0.000000000000000000e+00
1.925000000000000000e+05 7.700017104096688048e-01 1.595357305416477134e-01 6.726217569412835662e-01 1.659080564406008318e-01 1.934456076467910759e-03 0.000000000000000000e+00
1.950000000000000000e+05 7.800017326227817183e-01 1.662494310423304478e-01 6.662494310423304755e-01 1.639736003641329154e-01 3.527537551206190360e-03 0.000000000000000000e+00
1.975000000000000000e+05 7.900017548358944097e-01 1.678425125170687204e-01 6.622667273554847522e-01 1.651115157032316816e-01 4.779244424214838804e-03 0.000000000000000000e+00
2.000000000000000000e+05 8.000017770490068791e-01 1.710286754665452935e-01 6.564633591260810030e-01 1.672735548475193512e-01 5.234410559854347014e-03 0.000000000000000000e+00
2.025000000000000000e+05 8.100017992621193486e-01 1.718252162039144160e-01 6.477014110150204340e-01 1.762630860263996457e-01 4.210286754665453109e-03 0.000000000000000000e+00
2.050000000000000000e+05 8.200018214752320400e-01 1.769458352298589054e-01 6.400773782430587699e-01 1.785389167045971781e-01 4.437869822485207214e-03 0.000000000000000000e+00
2.075000000000000000e+05 8.300018436883447315e-01 1.991351843422849432e-01 6.111743286299499145e-01 1.827492034592626269e-01 6.941283568502503235e-03 0.000000000000000000e+00
2.100000000000000000e+05 8.400018659014572009e-01 1.975421028675466428e-01 6.174328629949932257e-01 1.805871643149749572e-01 4.437869822485207214e-03 0.000000000000000000e+00
2.125000000000000000e+05 8.500018881145696703e-01 1.814974965862539702e-01 6.224396904870277414e-01 1.931042330450614408e-01 2.958579881656804664e-03 0.000000000000000000e+00
2.150000000000000000e+05 8.600019103276823618e-01 1.792216659080564378e-01 6.400773782430587699e-01 1.781975421028675344e-01 2.503413746017296455e-03 0.000000000000000000e+00
2.175000000000000000e+05 8.700019325407950532e-01 1.799044151115156975e-01 6.393946290395994270e-01 1.778561675011379184e-01 2.844788347746927612e-03 0.000000000000000000e+00
2.200000000000000000e+05 8.800019547539075226e-01 1.774010013654984119e-01 6.422394173873463563e-01 1.779699590350477811e-01 2.389622212107419402e-03 0.000000000000000000e+00
2.225000000000000000e+05 8.900019769670199921e-01 1.830905780609922706e-01 6.409877105143377829e-01 1.746700045516613453e-01 1.251706873008648227e-03 0.000000000000000000e+00
2.250000000000000000e+05 9.000019991801326835e-01 1.917387346381429214e-01 6.290395994538006130e-01 1.760355029585798925e-01 3.186162949476558769e-03 0.000000000000000000e+00
2.275000000000000000e+05 9.100020213932453750e-01 1.967455621301775204e-01 6.241465634956758768e-01 1.755803368229403860e-01 3.527537551206190360e-03 0.000000000000000000e+00
2.300000000000000000e+05 9.200020436063578444e-01 1.986800182066454368e-01 6.354119253527537037e-01 1.629494765589440120e-01 2.958579881656804664e-03 0.000000000000000000e+00
2.325000000000000000e+05 9.300020658194703138e-01 1.788802913063268218e-01 6.636322257624033272e-01 1.562357760582612776e-01 1.251706873008648227e-03 0.000000000000000000e+00
2.350000000000000000e+05 9.400020880325830053e-01 1.781975421028675344e-01 6.694355939918069653e-01 1.512289485662266786e-01 1.137915339098770958e-03 0.000000000000000000e+00
2.375000000000000000e+05 9.500021102456956967e-01 1.725079654073737034e-01 6.800182066454255603e-01 1.454255803368229294e-01 2.048247610377787811e-03 0.000000000000000000e+00
2.400000000000000000e+05 9.600021324588081661e-01 1.705735093309057870e-01 6.677287209831588299e-01 1.603322712790168358e-01 1.365498406918525280e-03 0.000000000000000000e+00
2.425000000000000000e+05 9.700021546719206356e-01 1.562357760582612776e-01 6.803595812471552318e-01 1.624943104233045055e-01 9.103322712790168532e-04 0.000000000000000000e+00
2.450000000000000000e+05 9.800021768850333270e-01 1.570323167956304000e-01 6.807009558488847922e-01 1.611288120163859861e-01 1.137915339098770958e-03 0.000000000000000000e+00
2.475000000000000000e+05 9.900021990981460185e-01 1.572598998634501533e-01 6.804733727810651223e-01 1.613563950842057393e-01 9.103322712790168532e-04 0.000000000000000000e+00
2.500000000000000000e+05 1.000002221311258488e+00 1.694355939918070209e-01 6.794492489758762188e-01 1.500910332271279124e-01 1.024123805188893906e-03 0.000000000000000000e+00
