# itime ezz other fcc hcp bcc ico
0.000000000000000000e+00 0.000000000000000000e+00 0.000000000000000000e+00 1.000000000000000000e+00 0.000000000000000000e+00 0.000000000000000000e+00 0.000000000000000000e+00
2.500000000000000000e+03 9.999960850038291937e-03 0.000000000000000000e+00 1.000000000000000000e+00 0.000000000000000000e+00 0.000000000000000000e+00 0.000000000000000000e+00
5.000000000000000000e+03 1.999992170007658387e-02 0.000000000000000000e+00 1.000000000000000000e+00 0.000000000000000000e+00 0.000000000000000000e+00 0.000000000000000000e+00
7.500000000000000000e+03 2.999988255011487581e-02 0.000000000000000000e+00 1.000000000000000000e+00 0.000000000000000000e+00 0.000000000000000000e+00 0.000000000000000000e+00
1.000000000000000000e+04 3.999984340015338979e-02 4.551661356395084266e-04 9.995448338643604380e-01 0.000000000000000000e+00 0.000000000000000000e+00 0.000000000000000000e+00
1.250000000000000000e+04 4.999980425019168173e-02 0.000000000000000000e+00 1.000000000000000000e+00 0.000000000000000000e+00 0.000000000000000000e+00 0.000000000000000000e+00
1.500000000000000000e+04 5.999976510022997367e-02 0.000000000000000000e+00 1.000000000000000000e+00 0.000000000000000000e+00 0.000000000000000000e+00 0.000000000000000000e+00
1.750000000000000000e+04 6.999972595026826561e-02 0.000000000000000000e+00 1.000000000000000000e+00 0.000000000000000000e+00 0.000000000000000000e+00 0.000000000000000000e+00
2.000000000000000000e+04 7.999968680030655754e-02 3.413746017296313199e-04 9.994310423304506585e-01 0.000000000000000000e+00 2.275830678197542133e-04 0.000000000000000000e+00
2.250000000000000000e+04 8.999964765034484948e-02 4.551661356395084266e-04 9.993172507965407680e-01 0.000000000000000000e+00 2.275830678197542133e-04 0.000000000000000000e+00
2.500000000000000000e+04 9.999960850038336346e-02 4.096495220755575623e-03 9.957897132453344957e-01 0.000000000000000000e+00 1.137915339098771066e-04 0.000000000000000000e+00
2.750000000000000000e+04 1.099995693504216554e-01 6.178880291306326766e-02 7.682066454255803700e-01 0.000000000000000000e+00 1.700045516613563901e-01 0.000000000000000000e+00
3.000000000000000000e+04 1.199995302004599473e-01 2.526172052799271692e-02 8.251024123805188459e-01 1.496358670914884059e-01 0.000000000000000000e+00 0.000000000000000000e+00
3.250000000000000000e+04 1.299994910504982393e-01 2.526172052799271692e-02 8.251024123805188459e-01 1.496358670914884059e-01 0.000000000000000000e+00 0.000000000000000000e+00
3.500000000000000000e+04 1.399994519005365312e-01 2.548930359581247015e-02 8.248748293126991760e-01 1.496358670914884059e-01 0.000000000000000000e+00 0.000000000000000000e+00
3.750000000000000000e+04 1.499994127505748231e-01 2.628584433318160996e-02 8.244196631770596140e-01 1.492944924897587622e-01 0.000000000000000000e+00 0.000000000000000000e+00
4.000000000000000000e+04 1.599993736006133371e-01 2.708238507055074976e-02 8.235093309057806010e-01 1.490669094219390090e-01 3.413746017296313199e-04 0.000000000000000000e+00
4.250000000000000000e+04 1.699993344506516291e-01 7.703686845698680397e-02 7.059626763768775959e-01 2.102867546654528796e-01 6.713700500682749130e-03 0.000000000000000000e+00
4.500000000000000000e+04 1.799992953006899210e-01 5.723714155666818210e-02 7.372553482020938187e-01 2.039144287664997612e-01 1.593081474738279385e-03 0.000000000000000000e+00
4.750000000000000000e+04 1.899992561507282129e-01 5.416477014110149951e-02 7.370277651342740377e-01 2.069868001820664438e-01 1.820664542558033706e-03 0.000000000000000000e+00
5.000000000000000000e+04 1.999992170007665049e-01 5.450614474283113631e-02 7.356622667273554628e-01 2.053937187073281712e-01 4.437869822485207214e-03 0.000000000000000000e+00
5.250000000000000000e+04 2.099991778508047968e-01 5.848884842967683184e-02 7.307692307692307265e-01 2.071005917159763343e-01 3.641329085116067413e-03 0.000000000000000000e+00
5.500000000000000000e+04 2.199991387008433108e-01 6.668183887118799003e-02 7.104005461993627701e-01 2.170004551661356418e-01 5.917159763313609329e-03 0.000000000000000000e+00
5.750000000000000000e+04 2.299990995508816027e-01 1.118570778334091881e-01 7.300864815657714946e-01 1.570323167956304000e-01 1.024123805188893906e-03 0.000000000000000000e+00
6.000000000000000000e+04 2.399990604009198947e-01 1.103777878925807920e-01 7.314519799726900695e-01 1.570323167956304000e-01 1.137915339098770958e-03 0.000000000000000000e+00
6.250000000000000000e+04 2.499990212509581866e-01 1.160673645880746507e-01 7.149522075557578349e-01 1.639736003641329154e-01 5.006827492034592909e-03 0.000000000000000000e+00
6.500000000000000000e+04 2.599989821009964786e-01 1.005917159763313612e-01 7.388484296768320636e-01 1.596495220755575761e-01 9.103322712790168532e-04 0.000000000000000000e+00
6.750000000000000000e+04 2.699989429510347705e-01 1.005917159763313612e-01 7.412380518889394310e-01 1.564633591260810308e-01 1.706873008648156654e-03 0.000000000000000000e+00
7.000000000000000000e+04 2.799989038010730624e-01 1.004779244424214846e-01 7.440828402366863603e-01 1.541875284478834707e-01 1.251706873008648227e-03 0.000000000000000000e+00
7.250000000000000000e+04 2.899988646511115764e-01 1.013882567137004975e-01 7.453345471096950448e-01 1.519116977696859383e-01 1.365498406918525280e-03 0.000000000000000000e+00
7.500000000000000000e+04 2.999988255011498683e-01 1.040054619936276736e-01 7.465862539827037292e-01 1.484979517523896120e-01 9.103322712790168532e-04 0.000000000000000000e+00
7.750000000000000000e+04 3.099987863511881603e-01 1.117432862994993115e-01 7.313381884387801790e-01 1.533909877105143482e-01 3.527537551206190360e-03 0.000000000000000000e+00
8.000000000000000000e+04 3.199987472012264522e-01 1.362084660901228816e-01 7.114246700045516736e-01 1.481565771506599960e-01 4.210286754665453109e-03 0.000000000000000000e+00
8.250000000000000000e+04 3.299987080512647442e-01 1.721665908056440597e-01 6.582840236686390289e-01 1.612426035502958488e-01 8.306781975421027864e-03 0.000000000000000000e+00
8.500000000000000000e+04 3.399986689013030361e-01 1.636322257624032717e-01 6.701183431952663083e-01 1.602184797451069731e-01 6.030951297223486815e-03 0.000000000000000000e+00
8.750000000000000000e+04 3.499986297513415501e-01 1.446290395994538069e-01 6.887801547564861293e-01 1.624943104233045055e-01 4.096495220755575623e-03 0.000000000000000000e+00
9.000000000000000000e+04 3.599985906013798420e-01 1.472462448793809831e-01 6.877560309512972259e-01 1.611288120163859861e-01 3.868912152935821518e-03 0.000000000000000000e+00
9.250000000000000000e+04 3.699985514514181340e-01 1.519116977696859383e-01 6.821802457897132577e-01 1.618115612198452458e-01 4.096495220755575623e-03 0.000000000000000000e+00
9.500000000000000000e+04 3.799985123014564259e-01 1.624943104233045055e-01 6.523668639053253893e-01 1.783113336367774249e-01 6.827492034592626616e-03 0.000000000000000000e+00
9.750000000000000000e+04 3.899984731514947178e-01 1.705735093309057870e-01 5.814747382794720476e-01 2.453345471096950448e-01 2.617205279927173507e-03 0.000000000000000000e+00
1.000000000000000000e+05 3.999984340015330098e-01 1.731907146108329631e-01 5.764679107874374209e-01 2.480655439235320836e-01 2.275830678197541916e-03 0.000000000000000000e+00
1.025000000000000000e+05 4.099983948515715237e-01 1.770596267637687682e-01 5.686162949476558648e-01 2.527309968138370389e-01 1.593081474738279385e-03 0.000000000000000000e+00
1.050000000000000000e+05 4.199983557016098157e-01 1.781975421028675344e-01 5.661128812016386069e-01 2.531861629494765453e-01 2.503413746017296455e-03 0.000000000000000000e+00
1.075000000000000000e+05 4.299983165516481076e-01 1.880974055530268418e-01 5.559854346836595740e-01 2.528447883477469293e-01 3.072371415566681717e-03 0.000000000000000000e+00
1.100000000000000000e+05 4.399982774016863996e-01 1.746700045516613453e-01 6.228948566226673034e-01 1.999317250796540657e-01 2.503413746017296455e-03 0.000000000000000000e+00
1.125000000000000000e+05 4.499982382517246915e-01 1.432635411925352875e-01 7.148384160218479444e-01 1.393946290395994547e-01 2.503413746017296455e-03 0.000000000000000000e+00
1.150000000000000000e+05 4.599981991017629834e-01 1.408739189804278646e-01 7.172280382339554228e-01 1.396222121074192080e-01 2.275830678197541916e-03 0.000000000000000000e+00
1.175000000000000000e+05 4.699981599518012754e-01 1.511151570323167881e-01 6.936731907146108655e-01 1.527082385070550885e-01 2.503413746017296455e-03 0.000000000000000000e+00
1.200000000000000000e+05 4.799981208018397894e-01 1.598771051433773294e-01 6.811561219845243542e-01 1.564633591260810308e-01 2.503413746017296455e-03 0.000000000000000000e+00
1.225000000000000000e+05 4.899980816518780813e-01 1.710286754665452935e-01 6.634046426945835462e-01 1.610150204824760956e-01 4.551661356395083832e-03 0.000000000000000000e+00
1.250000000000000000e+05 4.999980425019163732e-01 1.851388256713700498e-01 6.424670004551661373e-01 1.677287209831588577e-01 4.665452890304961318e-03 0.000000000000000000e+00
1.275000000000000000e+05 5.099980033519546652e-01 1.878698224852070886e-01 6.434911242603550408e-01 1.642011834319526686e-01 4.437869822485207214e-03 0.000000000000000000e+00
1.300000000000000000e+05 5.199979642019929571e-01 1.771734182976786587e-01 6.731907146108329076e-01 1.448566226672735602e-01 4.779244424214838804e-03 0.000000000000000000e+00
1.325000000000000000e+05 5.299979250520312490e-01 1.807009558488848477e-01 6.726217569412835662e-01 1.416704597177969871e-01 5.006827492034592909e-03 0.000000000000000000e+00
1.350000000000000000e+05 5.399978859020697630e-01 1.810423304506144637e-01 6.653390987710514626e-01 1.473600364132908458e-01 6.258534365043240920e-03 0.000000000000000000e+00
1.375000000000000000e+05 5.499978467521080550e-01 1.871870732817478289e-01 6.597633136094674944e-01 1.483841602184797492e-01 4.665452890304961318e-03 0.000000000000000000e+00
1.400000000000000000e+05 5.599978076021463469e-01 1.787664997724169313e-01 6.607874374146563978e-01 1.576012744651797970e-01 2.844788347746927612e-03 0.000000000000000000e+00
1.425000000000000000e+05 5.699977684521846388e-01 1.723941738734638129e-01 6.601046882111970548e-01 1.637460172963131622e-01 3.755120619025944465e-03 0.000000000000000000e+00
1.450000000000000000e+05 5.799977293022229308e-01 1.744424214838415921e-01 6.596495220755576039e-01 1.627218934911242587e-01 3.186162949476558769e-03 0.000000000000000000e+00
1.475000000000000000e+05 5.899976901522612227e-01 1.759217114246700020e-01 6.580564406008192480e-01 1.611288120163859861e-01 4.893035958124715423e-03 0.000000000000000000e+00
1.500000000000000000e+05 5.999976510022997367e-01 1.825216203914428736e-01 6.455393718707328476e-01 1.662494310423304478e-01 5.689576695493855224e-03 0.000000000000000000e+00
1.525000000000000000e+05 6.099976118523380286e-01 1.957214383249886169e-01 6.313154301319982009e-01 1.664770141101502010e-01 6.486117432862995025e-03 0.000000000000000000e+00
1.550000000000000000e+05 6.199975727023763206e-01 1.833181611288120239e-01 6.486117432862994470e-01 1.653390987710514348e-01 2.730996813837050560e-03 0.000000000000000000e+00
1.575000000000000000e+05 6.299975335524146125e-01 1.890077378243058825e-01 6.366636322257623881e-01 1.713700500682749095e-01 2.958579881656804664e-03 0.000000000000000000e+00
1.600000000000000000e+05 6.399974944024529044e-01 2.024351388256713791e-01 6.170914883932635542e-01 1.771734182976786587e-01 3.299954483386436255e-03 0.000000000000000000e+00
1.625000000000000000e+05 6.499974552524911964e-01 2.074419663177059503e-01 6.345015930814746907e-01 1.519116977696859383e-01 6.144742831133363434e-03 0.000000000000000000e+00
1.650000000000000000e+05 6.599974161025297104e-01 2.074419663177059503e-01 6.255120619025944517e-01 1.614701866181156020e-01 5.575785161583977738e-03 0.000000000000000000e+00
1.675000000000000000e+05 6.699973769525680023e-01 2.094902139280837572e-01 6.397360036413290985e-01 1.456531634046426826e-01 5.120619025944469528e-03 0.000000000000000000e+00
1.700000000000000000e+05 6.799973378026062942e-01 2.084660901228948537e-01 6.434911242603550408e-01 1.408739189804278646e-01 7.168866636322257339e-03 0.000000000000000000e+00
1.725000000000000000e+05 6.899972986526445862e-01 2.034592626308602548e-01 6.491807009558488994e-01 1.429221665908056438e-01 4.437869822485207214e-03 0.000000000000000000e+00
1.750000000000000000e+05 6.999972595026828781e-01 1.851388256713700498e-01 6.820664542558033672e-01 1.293809740555302568e-01 3.413746017296313308e-03 0.000000000000000000e+00
1.775000000000000000e+05 7.099972203527211700e-01 1.968593536640873831e-01 6.690942193900774049e-01 1.284706417842512438e-01 5.575785161583977738e-03 0.000000000000000000e+00
1.800000000000000000e+05 7.199971812027594620e-01 2.074419663177059503e-01 6.549840691852526486e-01 1.325671370050068298e-01 5.006827492034592909e-03 0.000000000000000000e+00
1.825000000000000000e+05 7.299971420527979760e-01 1.873008648156577194e-01 6.799044151115156698e-01 1.273327264451524776e-01 5.461993627674101119e-03 0.000000000000000000e+00
1.850000000000000000e+05 7.399971029028362679e-01 1.865043240782885692e-01 6.824078288575330387e-01 1.250568957669549452e-01 6.030951297223486815e-03 0.000000000000000000e+00
1.875000000000000000e+05 7.499970637528745598e-01 1.873008648156577194e-01 6.810423304506144637e-01 1.280154756486117373e-01 3.641329085116067413e-03 0.000000000000000000e+00
1.900000000000000000e+05 7.599970246029128518e-01 1.755803368229403860e-01 6.937869822485207560e-01 1.298361401911697632e-01 7.965407373691396923e-04 0.000000000000000000e+00
1.925000000000000000e+05 7.699969854529511437e-01 1.722803823395539502e-01 6.939007737824305355e-01 1.327947200728265831e-01 1.024123805188893906e-03 0.000000000000000000e+00
1.950000000000000000e+05 7.799969463029894357e-01 1.735320892125625791e-01 6.933318161128811941e-01 1.322257624032771861e-01 9.103322712790168532e-04 0.000000000000000000e+00
1.975000000000000000e+05 7.899969071530279496e-01 1.601046882111970826e-01 7.072143832498861693e-01 1.324533454710969393e-01 2.275830678197542133e-04 0.000000000000000000e+00
2.000000000000000000e+05 7.999968680030662416e-01 1.690942193900773771e-01 6.825216203914429292e-01 1.475876194811105990e-01 7.965407373691396923e-04 0.000000000000000000e+00
2.025000000000000000e+05 8.099968288531045335e-01 1.686390532544378706e-01 6.924214838416021811e-01 1.367774237596722786e-01 2.162039144287664864e-03 0.000000000000000000e+00
2.050000000000000000e+05 8.199967897031428254e-01 1.722803823395539502e-01 6.904870277651342647e-01 1.354119253527537592e-01 1.820664542558033706e-03 0.000000000000000000e+00
2.075000000000000000e+05 8.299967505531811174e-01 1.853664087391898030e-01 6.783113336367774249e-01 1.327947200728265831e-01 3.527537551206190360e-03 0.000000000000000000e+00
2.100000000000000000e+05 8.399967114032194093e-01 1.817250796540737234e-01 6.739872553482021411e-01 1.384842967683204418e-01 5.803368229403732710e-03 0.000000000000000000e+00
2.125000000000000000e+05 8.499966722532579233e-01 1.805871643149749572e-01 6.571461083295402350e-01 1.591943559399180697e-01 3.072371415566681717e-03 0.000000000000000000e+00
2.150000000000000000e+05 8.599966331032962152e-01 1.871870732817478289e-01 6.632908511606736557e-01 1.475876194811105990e-01 1.934456076467910759e-03 0.000000000000000000e+00
2.175000000000000000e+05 8.699965939533345072e-01 1.876422394173873354e-01 6.643149749658625591e-01 1.459945380063723264e-01 2.048247610377787811e-03 0.000000000000000000e+00
2.200000000000000000e+05 8.799965548033727991e-01 1.952662721893491105e-01 6.453117888029130667e-01 1.572598998634501533e-01 2.162039144287664864e-03 0.000000000000000000e+00
2.225000000000000000e+05 8.899965156534110911e-01 1.973145197997268896e-01 6.453117888029130667e-01 1.540737369139736079e-01 3.299954483386436255e-03 0.000000000000000000e+00
2.250000000000000000e+05 8.999964765034493830e-01 2.017523896222121194e-01 6.403049613108784399e-01 1.545289030496131144e-01 3.413746017296313308e-03 0.000000000000000000e+00
2.275000000000000000e+05 9.099964373534878970e-01 2.044833864360491582e-01 6.492944924897587899e-01 1.415566681838871244e-01 4.665452890304961318e-03 0.000000000000000000e+00
2.300000000000000000e+05 9.199963982035261889e-01 2.069868001820664438e-01 6.474738279472007640e-01 1.407601274465179741e-01 4.779244424214838804e-03 0.000000000000000000e+00
2.325000000000000000e+05 9.299963590535644808e-01 2.146108329540282189e-01 6.310878470641784199e-01 1.505461993627674189e-01 3.755120619025944465e-03 0.000000000000000000e+00
2.350000000000000000e+05 9.399963199036027728e-01 2.193900773782430647e-01 6.135639508420573929e-01 1.645425580336822846e-01 2.503413746017296455e-03 0.000000000000000000e+00
2.375000000000000000e+05 9.499962807536410647e-01 2.247382794720072796e-01 5.938780154756485574e-01 1.778561675011379184e-01 3.527537551206190360e-03 0.000000000000000000e+00
2.400000000000000000e+05 9.599962416036793567e-01 2.314519799726900418e-01 5.846609012289485374e-01 1.793354574419663283e-01 4.551661356395083832e-03 0.000000000000000000e+00
2.425000000000000000e+05 9.699962024537176486e-01 2.363450159308147502e-01 5.902366863905325056e-01 1.685252617205279801e-01 4.893035958124715423e-03 0.000000000000000000e+00
2.450000000000000000e+05 9.799961633037561626e-01 2.348657259899863403e-01 5.974055530268548297e-01 1.634046426945835184e-01 4.324078288575329727e-03 0.000000000000000000e+00
2.475000000000000000e+05 9.899961241537944545e-01 2.290623577605826189e-01 6.016158397815202230e-01 1.654528903049612976e-01 3.868912152935821518e-03 0.000000000000000000e+00
2.500000000000000000e+05 9.999960850038327465e-01 2.379380974055530229e-01 5.815885298133819381e-01 1.764906690942193990e-01 3.982703686845699004e-03 0.000000000000000000e+00
