# itime ezz other fcc hcp bcc ico
0.000000000000000000e+00 0.000000000000000000e+00 0.000000000000000000e+00 1.000000000000000000e+00 0.000000000000000000e+00 0.000000000000000000e+00 0.000000000000000000e+00
2.500000000000000000e+02 1.000060791041645913e-03 0.000000000000000000e+00 1.000000000000000000e+00 0.000000000000000000e+00 0.000000000000000000e+00 0.000000000000000000e+00
5.000000000000000000e+02 2.000121582083069782e-03 0.000000000000000000e+00 1.000000000000000000e+00 0.000000000000000000e+00 0.000000000000000000e+00 0.000000000000000000e+00
7.500000000000000000e+02 3.000182373124715696e-03 0.000000000000000000e+00 1.000000000000000000e+00 0.000000000000000000e+00 0.000000000000000000e+00 0.000000000000000000e+00
1.000000000000000000e+03 4.000243164166361609e-03 0.000000000000000000e+00 1.000000000000000000e+00 0.000000000000000000e+00 0.000000000000000000e+00 0.000000000000000000e+00
1.250000000000000000e+03 5.000303955208007523e-03 0.000000000000000000e+00 1.000000000000000000e+00 0.000000000000000000e+00 0.000000000000000000e+00 0.000000000000000000e+00
1.500000000000000000e+03 6.000364746249431391e-03 0.000000000000000000e+00 1.000000000000000000e+00 0.000000000000000000e+00 0.000000000000000000e+00 0.000000000000000000e+00
1.750000000000000000e+03 7.000425537291077305e-03 0.000000000000000000e+00 1.000000000000000000e+00 0.000000000000000000e+00 0.000000000000000000e+00 0.000000000000000000e+00
2.000000000000000000e+03 8.000486328332723218e-03 0.000000000000000000e+00 1.000000000000000000e+00 0.000000000000000000e+00 0.000000000000000000e+00 0.000000000000000000e+00
2.250000000000000000e+03 9.000547119374369132e-03 0.000000000000000000e+00 1.000000000000000000e+00 0.000000000000000000e+00 0.000000000000000000e+00 0.000000000000000000e+00
2.500000000000000000e+03 1.000060791041579300e-02 0.000000000000000000e+00 1.000000000000000000e+00 0.000000000000000000e+00 0.000000000000000000e+00 0.000000000000000000e+00
2.750000000000000000e+03 1.100066870145743891e-02 0.000000000000000000e+00 1.000000000000000000e+00 0.000000000000000000e+00 0.000000000000000000e+00 0.000000000000000000e+00
3.000000000000000000e+03 1.200072949249908483e-02 0.000000000000000000e+00 1.000000000000000000e+00 0.000000000000000000e+00 0.000000000000000000e+00 0.000000000000000000e+00
3.250000000000000000e+03 1.300079028354073074e-02 0.000000000000000000e+00 1.000000000000000000e+00 0.000000000000000000e+00 0.000000000000000000e+00 0.000000000000000000e+00
3.500000000000000000e+03 1.400085107458215461e-02 0.000000000000000000e+00 1.000000000000000000e+00 0.000000000000000000e+00 0.000000000000000000e+00 0.000000000000000000e+00
3.750000000000000000e+03 1.500091186562380052e-02 0.000000000000000000e+00 1.000000000000000000e+00 0.000000000000000000e+00 0.000000000000000000e+00 0.000000000000000000e+00
4.000000000000000000e+03 1.600097265666544644e-02 0.000000000000000000e+00 1.000000000000000000e+00 0.000000000000000000e+00 0.000000000000000000e+00 0.000000000000000000e+00
4.250000000000000000e+03 1.700103344770709235e-02 0.000000000000000000e+00 1.000000000000000000e+00 0.000000000000000000e+00 0.000000000000000000e+00 0.000000000000000000e+00
4.500000000000000000e+03 1.800109423874851622e-02 0.000000000000000000e+00 1.000000000000000000e+00 0.000000000000000000e+00 0.000000000000000000e+00 0.000000000000000000e+00
4.750000000000000000e+03 1.900115502979016213e-02 0.000000000000000000e+00 1.000000000000000000e+00 0.000000000000000000e+00 0.000000000000000000e+00 0.000000000000000000e+00
5.000000000000000000e+03 2.000121582083180805e-02 0.000000000000000000e+00 1.000000000000000000e+00 0.000000000000000000e+00 0.000000000000000000e+00 0.000000000000000000e+00
5.250000000000000000e+03 2.100127661187345396e-02 0.000000000000000000e+00 1.000000000000000000e+00 0.000000000000000000e+00 0.000000000000000000e+00 0.000000000000000000e+00
5.500000000000000000e+03 2.200133740291487783e-02 0.000000000000000000e+00 1.000000000000000000e+00 0.000000000000000000e+00 0.000000000000000000e+00 0.000000000000000000e+00
5.750000000000000000e+03 2.300139819395652374e-02 0.000000000000000000e+00 1.000000000000000000e+00 0.000000000000000000e+00 0.000000000000000000e+00 0.000000000000000000e+00
6.000000000000000000e+03 2.400145898499816965e-02 0.000000000000000000e+00 1.000000000000000000e+00 0.000000000000000000e+00 0.000000000000000000e+00 0.000000000000000000e+00
6.250000000000000000e+03 2.500151977603981557e-02 0.000000000000000000e+00 1.000000000000000000e+00 0.000000000000000000e+00 0.000000000000000000e+00 0.000000000000000000e+00
6.500000000000000000e+03 2.600158056708123944e-02 0.000000000000000000e+00 1.000000000000000000e+00 0.000000000000000000e+00 0.000000000000000000e+00 0.000000000000000000e+00
6.750000000000000000e+03 2.700164135812288535e-02 0.000000000000000000e+00 1.000000000000000000e+00 0.000000000000000000e+00 0.000000000000000000e+00 0.000000000000000000e+00
7.000000000000000000e+03 2.800170214916453126e-02 0.000000000000000000e+00 1.000000000000000000e+00 0.000000000000000000e+00 0.000000000000000000e+00 0.000000000000000000e+00
7.250000000000000000e+03 2.900176294020617718e-02 0.000000000000000000e+00 1.000000000000000000e+00 0.000000000000000000e+00 0.000000000000000000e+00 0.000000000000000000e+00
7.500000000000000000e+03 3.000182373124760105e-02 0.000000000000000000e+00 1.000000000000000000e+00 0.000000000000000000e+00 0.000000000000000000e+00 0.000000000000000000e+00
7.750000000000000000e+03 3.100188452228924696e-02 0.000000000000000000e+00 1.000000000000000000e+00 0.000000000000000000e+00 0.000000000000000000e+00 0.000000000000000000e+00
8.000000000000000000e+03 3.200194531333089287e-02 0.000000000000000000e+00 1.000000000000000000e+00 0.000000000000000000e+00 0.000000000000000000e+00 0.000000000000000000e+00
8.250000000000000000e+03 3.300200610437253879e-02 0.000000000000000000e+00 1.000000000000000000e+00 0.000000000000000000e+00 0.000000000000000000e+00 0.000000000000000000e+00
8.500000000000000000e+03 3.400206689541396265e-02 0.000000000000000000e+00 1.000000000000000000e+00 0.000000000000000000e+00 0.000000000000000000e+00 0.000000000000000000e+00
8.750000000000000000e+03 3.500212768645560857e-02 0.000000000000000000e+00 1.000000000000000000e+00 0.000000000000000000e+00 0.000000000000000000e+00 0.000000000000000000e+00
9.000000000000000000e+03 3.600218847749725448e-02 0.000000000000000000e+00 1.000000000000000000e+00 0.000000000000000000e+00 0.000000000000000000e+00 0.000000000000000000e+00
9.250000000000000000e+03 3.700224926853890040e-02 0.000000000000000000e+00 1.000000000000000000e+00 0.000000000000000000e+00 0.000000000000000000e+00 0.000000000000000000e+00
9.500000000000000000e+03 3.800231005958032426e-02 0.000000000000000000e+00 1.000000000000000000e+00 0.000000000000000000e+00 0.000000000000000000e+00 0.000000000000000000e+00
9.750000000000000000e+03 3.900237085062197018e-02 0.000000000000000000e+00 1.000000000000000000e+00 0.000000000000000000e+00 0.000000000000000000e+00 0.000000000000000000e+00
1.000000000000000000e+04 4.000243164166361609e-02 0.000000000000000000e+00 1.000000000000000000e+00 0.000000000000000000e+00 0.000000000000000000e+00 0.000000000000000000e+00
1.025000000000000000e+04 4.100249243270526200e-02 0.000000000000000000e+00 1.000000000000000000e+00 0.000000000000000000e+00 0.000000000000000000e+00 0.000000000000000000e+00
1.050000000000000000e+04 4.200255322374668587e-02 0.000000000000000000e+00 1.000000000000000000e+00 0.000000000000000000e+00 0.000000000000000000e+00 0.000000000000000000e+00
1.075000000000000000e+04 4.300261401478833179e-02 0.000000000000000000e+00 1.000000000000000000e+00 0.000000000000000000e+00 0.000000000000000000e+00 0.000000000000000000e+00
1.100000000000000000e+04 4.400267480582997770e-02 0.000000000000000000e+00 1.000000000000000000e+00 0.000000000000000000e+00 0.000000000000000000e+00 0.000000000000000000e+00
1.125000000000000000e+04 4.500273559687162361e-02 0.000000000000000000e+00 1.000000000000000000e+00 0.000000000000000000e+00 0.000000000000000000e+00 0.000000000000000000e+00
1.150000000000000000e+04 4.600279638791304748e-02 0.000000000000000000e+00 1.000000000000000000e+00 0.000000000000000000e+00 0.000000000000000000e+00 0.000000000000000000e+00
1.175000000000000000e+04 4.700285717895469340e-02 0.000000000000000000e+00 1.000000000000000000e+00 0.000000000000000000e+00 0.000000000000000000e+00 0.000000000000000000e+00
1.200000000000000000e+04 4.800291796999633931e-02 0.000000000000000000e+00 1.000000000000000000e+00 0.000000000000000000e+00 0.000000000000000000e+00 0.000000000000000000e+00
1.225000000000000000e+04 4.900297876103798522e-02 0.000000000000000000e+00 1.000000000000000000e+00 0.000000000000000000e+00 0.000000000000000000e+00 0.000000000000000000e+00
1.250000000000000000e+04 5.000303955207940909e-02 0.000000000000000000e+00 1.000000000000000000e+00 0.000000000000000000e+00 0.000000000000000000e+00 0.000000000000000000e+00
1.275000000000000000e+04 5.100310034312105500e-02 0.000000000000000000e+00 1.000000000000000000e+00 0.000000000000000000e+00 0.000000000000000000e+00 0.000000000000000000e+00
1.300000000000000000e+04 5.200316113416270092e-02 0.000000000000000000e+00 1.000000000000000000e+00 0.000000000000000000e+00 0.000000000000000000e+00 0.000000000000000000e+00
1.325000000000000000e+04 5.300322192520434683e-02 0.000000000000000000e+00 1.000000000000000000e+00 0.000000000000000000e+00 0.000000000000000000e+00 0.000000000000000000e+00
1.350000000000000000e+04 5.400328271624577070e-02 0.000000000000000000e+00 1.000000000000000000e+00 0.000000000000000000e+00 0.000000000000000000e+00 0.000000000000000000e+00
1.375000000000000000e+04 5.500334350728741661e-02 0.000000000000000000e+00 1.000000000000000000e+00 0.000000000000000000e+00 0.000000000000000000e+00 0.000000000000000000e+00
1.400000000000000000e+04 5.600340429832906253e-02 0.000000000000000000e+00 1.000000000000000000e+00 0.000000000000000000e+00 0.000000000000000000e+00 0.000000000000000000e+00
1.425000000000000000e+04 5.700346508937070844e-02 0.000000000000000000e+00 1.000000000000000000e+00 0.000000000000000000e+00 0.000000000000000000e+00 0.000000000000000000e+00
1.450000000000000000e+04 5.800352588041213231e-02 0.000000000000000000e+00 1.000000000000000000e+00 0.000000000000000000e+00 0.000000000000000000e+00 0.000000000000000000e+00
1.475000000000000000e+04 5.900358667145377822e-02 0.000000000000000000e+00 1.000000000000000000e+00 0.000000000000000000e+00 0.000000000000000000e+00 0.000000000000000000e+00
1.500000000000000000e+04 6.000364746249542414e-02 0.000000000000000000e+00 1.000000000000000000e+00 0.000000000000000000e+00 0.000000000000000000e+00 0.000000000000000000e+00
1.525000000000000000e+04 6.100370825353707005e-02 0.000000000000000000e+00 1.000000000000000000e+00 0.000000000000000000e+00 0.000000000000000000e+00 0.000000000000000000e+00
1.550000000000000000e+04 6.200376904457849392e-02 0.000000000000000000e+00 1.000000000000000000e+00 0.000000000000000000e+00 0.000000000000000000e+00 0.000000000000000000e+00
1.575000000000000000e+04 6.300382983562013983e-02 0.000000000000000000e+00 1.000000000000000000e+00 0.000000000000000000e+00 0.000000000000000000e+00 0.000000000000000000e+00
1.600000000000000000e+04 6.400389062666178575e-02 0.000000000000000000e+00 1.000000000000000000e+00 0.000000000000000000e+00 0.000000000000000000e+00 0.000000000000000000e+00
1.625000000000000000e+04 6.500395141770343166e-02 0.000000000000000000e+00 1.000000000000000000e+00 0.000000000000000000e+00 0.000000000000000000e+00 0.000000000000000000e+00
1.650000000000000000e+04 6.600401220874485553e-02 0.000000000000000000e+00 1.000000000000000000e+00 0.000000000000000000e+00 0.000000000000000000e+00 0.000000000000000000e+00
1.675000000000000000e+04 6.700407299978650144e-02 0.000000000000000000e+00 1.000000000000000000e+00 0.000000000000000000e+00 0.000000000000000000e+00 0.000000000000000000e+00
1.700000000000000000e+04 6.800413379082814735e-02 0.000000000000000000e+00 1.000000000000000000e+00 0.000000000000000000e+00 0.000000000000000000e+00 0.000000000000000000e+00
1.725000000000000000e+04 6.900419458186979327e-02 0.000000000000000000e+00 1.000000000000000000e+00 0.000000000000000000e+00 0.000000000000000000e+00 0.000000000000000000e+00
1.750000000000000000e+04 7.000425537291121714e-02 0.000000000000000000e+00 1.000000000000000000e+00 0.000000000000000000e+00 0.000000000000000000e+00 0.000000000000000000e+00
1.775000000000000000e+04 7.100431616395286305e-02 0.000000000000000000e+00 1.000000000000000000e+00 0.000000000000000000e+00 0.000000000000000000e+00 0.000000000000000000e+00
1.800000000000000000e+04 7.200437695499450896e-02 0.000000000000000000e+00 1.000000000000000000e+00 0.000000000000000000e+00 0.000000000000000000e+00 0.000000000000000000e+00
1.825000000000000000e+04 7.300443774603615488e-02 0.000000000000000000e+00 1.000000000000000000e+00 0.000000000000000000e+00 0.000000000000000000e+00 0.000000000000000000e+00
1.850000000000000000e+04 7.400449853707757875e-02 1.137915339098771066e-04 9.998862084660901095e-01 0.000000000000000000e+00 0.000000000000000000e+00 0.000000000000000000e+00
1.875000000000000000e+04 7.500455932811922466e-02 3.413746017296313199e-04 9.996586253982703285e-01 0.000000000000000000e+00 0.000000000000000000e+00 0.000000000000000000e+00
1.900000000000000000e+04 7.600462011916087057e-02 3.413746017296313199e-04 9.995448338643604380e-01 0.000000000000000000e+00 1.137915339098771066e-04 0.000000000000000000e+00
1.925000000000000000e+04 7.700468091020251649e-02 0.000000000000000000e+00 1.000000000000000000e+00 0.000000000000000000e+00 0.000000000000000000e+00 0.000000000000000000e+00
1.950000000000000000e+04 7.800474170124394035e-02 4.551661356395084266e-04 9.995448338643604380e-01 0.000000000000000000e+00 0.000000000000000000e+00 0.000000000000000000e+00
1.975000000000000000e+04 7.900480249228558627e-02 6.827492034592626399e-04 9.993172507965407680e-01 0.000000000000000000e+00 0.000000000000000000e+00 0.000000000000000000e+00
2.000000000000000000e+04 8.000486328332723218e-02 4.551661356395084266e-04 9.995448338643604380e-01 0.000000000000000000e+00 0.000000000000000000e+00 0.000000000000000000e+00
2.025000000000000000e+04 8.100492407436887810e-02 4.551661356395084266e-04 9.995448338643604380e-01 0.000000000000000000e+00 0.000000000000000000e+00 0.000000000000000000e+00
2.050000000000000000e+04 8.200498486541030196e-02 5.689576695493854790e-04 9.993172507965407680e-01 0.000000000000000000e+00 1.137915339098771066e-04 0.000000000000000000e+00
2.075000000000000000e+04 8.300504565645194788e-02 2.275830678197542133e-04 9.997724169321802190e-01 0.000000000000000000e+00 0.000000000000000000e+00 0.000000000000000000e+00
2.100000000000000000e+04 8.400510644749359379e-02 5.689576695493854790e-04 9.994310423304506585e-01 0.000000000000000000e+00 0.000000000000000000e+00 0.000000000000000000e+00
2.125000000000000000e+04 8.500516723853523970e-02 1.024123805188893906e-03 9.989758761948110966e-01 0.000000000000000000e+00 0.000000000000000000e+00 0.000000000000000000e+00
2.150000000000000000e+04 8.600522802957666357e-02 1.251706873008648227e-03 9.987482931269913156e-01 0.000000000000000000e+00 0.000000000000000000e+00 0.000000000000000000e+00
2.175000000000000000e+04 8.700528882061830949e-02 1.137915339098770958e-03 9.988620846609012061e-01 0.000000000000000000e+00 0.000000000000000000e+00 0.000000000000000000e+00
2.200000000000000000e+04 8.800534961165995540e-02 2.275830678197542133e-04 9.997724169321802190e-01 0.000000000000000000e+00 0.000000000000000000e+00 0.000000000000000000e+00
2.225000000000000000e+04 8.900541040270137927e-02 1.251706873008648227e-03 9.986345015930814251e-01 0.000000000000000000e+00 1.137915339098771066e-04 0.000000000000000000e+00
2.250000000000000000e+04 9.000547119374302518e-02 1.706873008648156654e-03 9.982931269913518646e-01 0.000000000000000000e+00 0.000000000000000000e+00 0.000000000000000000e+00
2.275000000000000000e+04 9.100553198478467110e-02 1.251706873008648227e-03 9.986345015930814251e-01 0.000000000000000000e+00 1.137915339098771066e-04 0.000000000000000000e+00
2.300000000000000000e+04 9.200559277582631701e-02 1.024123805188893906e-03 9.989758761948110966e-01 0.000000000000000000e+00 0.000000000000000000e+00 0.000000000000000000e+00
2.325000000000000000e+04 9.300565356686774088e-02 1.820664542558033706e-03 9.981793354574419741e-01 0.000000000000000000e+00 0.000000000000000000e+00 0.000000000000000000e+00
2.350000000000000000e+04 9.400571435790938679e-02 2.389622212107419402e-03 9.973827947200728516e-01 0.000000000000000000e+00 2.275830678197542133e-04 0.000000000000000000e+00
2.375000000000000000e+04 9.500577514895103270e-02 2.275830678197541916e-03 9.977241693218024121e-01 0.000000000000000000e+00 0.000000000000000000e+00 0.000000000000000000e+00
2.400000000000000000e+04 9.600583593999267862e-02 1.137915339098770958e-03 9.986345015930814251e-01 0.000000000000000000e+00 2.275830678197542133e-04 0.000000000000000000e+00
2.425000000000000000e+04 9.700589673103410249e-02 2.048247610377787811e-03 9.979517523896221931e-01 0.000000000000000000e+00 0.000000000000000000e+00 0.000000000000000000e+00
2.450000000000000000e+04 9.800595752207574840e-02 3.982703686845699004e-03 9.959035047792443862e-01 0.000000000000000000e+00 1.137915339098771066e-04 0.000000000000000000e+00
2.475000000000000000e+04 9.900601831311739431e-02 1.706873008648156654e-03 9.982931269913518646e-01 0.000000000000000000e+00 0.000000000000000000e+00 0.000000000000000000e+00
2.500000000000000000e+04 1.000060791041590402e-01 4.437869822485207214e-03 9.953345471096950448e-01 0.000000000000000000e+00 2.275830678197542133e-04 0.000000000000000000e+00
2.525000000000000000e+04 1.010061398952004641e-01 3.299954483386436255e-03 9.964724624487938387e-01 0.000000000000000000e+00 2.275830678197542133e-04 0.000000000000000000e+00
2.550000000000000000e+04 1.020062006862421100e-01 2.730996813837050560e-03 9.970414201183431802e-01 0.000000000000000000e+00 2.275830678197542133e-04 0.000000000000000000e+00
2.575000000000000000e+04 1.030062614772837559e-01 5.917159763313609329e-03 9.939690487027764698e-01 0.000000000000000000e+00 1.137915339098771066e-04 0.000000000000000000e+00
2.600000000000000000e+04 1.040063222683254018e-01 6.372325898953117539e-03 9.930587164314974569e-01 0.000000000000000000e+00 5.689576695493854790e-04 0.000000000000000000e+00
2.625000000000000000e+04 1.050063830593668257e-01 7.282658170232134826e-03 9.918070095584888834e-01 0.000000000000000000e+00 9.103322712790168532e-04 0.000000000000000000e+00
2.650000000000000000e+04 1.060064438504084716e-01 7.282658170232134826e-03 9.923759672280382249e-01 0.000000000000000000e+00 3.413746017296313199e-04 0.000000000000000000e+00
2.675000000000000000e+04 1.070065046414501175e-01 5.803368229403732710e-03 9.937414656349567998e-01 0.000000000000000000e+00 4.551661356395084266e-04 0.000000000000000000e+00
2.700000000000000000e+04 1.080065654324917634e-01 1.081019572143832562e-02 9.883932635411925016e-01 0.000000000000000000e+00 7.965407373691396923e-04 0.000000000000000000e+00
2.725000000000000000e+04 1.090066262235331873e-01 1.593081474738279601e-02 9.822485207100591920e-01 0.000000000000000000e+00 1.820664542558033706e-03 0.000000000000000000e+00
2.750000000000000000e+04 1.100066870145748332e-01 3.038233955393718558e-02 9.530040964952207760e-01 0.000000000000000000e+00 1.661356395084205573e-02 0.000000000000000000e+00
2.775000000000000000e+04 1.110067478056164791e-01 1.506599908966772816e-01 3.129267182521620616e-01 1.137915339098771066e-04 5.362994993172508496e-01 0.000000000000000000e+00
2.800000000000000000e+04 1.120068085966581251e-01 1.734182976786527164e-01 3.626536185707783244e-01 3.254437869822485174e-02 4.313837050523440797e-01 0.000000000000000000e+00
2.825000000000000000e+04 1.130068693876995489e-01 1.659080564406008318e-01 5.671370050068275104e-01 2.371415566681839004e-01 2.981338188438780248e-02 0.000000000000000000e+00
2.850000000000000000e+04 1.140069301787411948e-01 1.601046882111970826e-01 5.864815657715065633e-01 2.403277196176604458e-01 1.308602639963586667e-02 0.000000000000000000e+00
2.875000000000000000e+04 1.150069909697828408e-01 1.274465179790623681e-01 6.541875284478835262e-01 2.057350933090578149e-01 1.263086026399635846e-02 0.000000000000000000e+00
2.900000000000000000e+04 1.160070517608244867e-01 7.897132453345470648e-02 6.997041420118342847e-01 2.075557578516158408e-01 1.376877560309512985e-02 0.000000000000000000e+00
2.925000000000000000e+04 1.170071125518659105e-01 6.895766954938552240e-02 7.065316340464269373e-01 2.142694583522985752e-01 1.024123805188893906e-02 0.000000000000000000e+00
2.950000000000000000e+04 1.180071733429075564e-01 6.907146108329539902e-02 7.072143832498861693e-01 2.154073736913973691e-01 8.306781975421027864e-03 0.000000000000000000e+00
2.975000000000000000e+04 1.190072341339492024e-01 6.360946745562130744e-02 7.092626308602639762e-01 2.167728720983158885e-01 1.035502958579881741e-02 0.000000000000000000e+00
3.000000000000000000e+04 1.200072949249908483e-01 6.429221665908056715e-02 7.091488393263540857e-01 2.167728720983158885e-01 9.786071916249430847e-03 0.000000000000000000e+00
3.025000000000000000e+04 1.210073557160322721e-01 6.497496586253982687e-02 7.088074647246245252e-01 2.168866636322257513e-01 9.330905780609922637e-03 0.000000000000000000e+00
3.050000000000000000e+04 1.220074165070739181e-01 6.144742831133363781e-02 7.089212562585344157e-01 2.170004551661356418e-01 1.263086026399635846e-02 0.000000000000000000e+00
3.075000000000000000e+04 1.230074772981155640e-01 6.520254893035958010e-02 7.075557578516158408e-01 2.162039144287664916e-01 1.103777878925807886e-02 0.000000000000000000e+00
3.100000000000000000e+04 1.240075380891572099e-01 6.759217114246700298e-02 7.069868001820664993e-01 2.179107874374146547e-01 7.510241238051888930e-03 0.000000000000000000e+00
3.125000000000000000e+04 1.250075988801986338e-01 6.781975421028675621e-02 7.063040509786071564e-01 2.181383705052344080e-01 7.737824305871643035e-03 0.000000000000000000e+00
3.150000000000000000e+04 1.260076596712402797e-01 6.690942193900774326e-02 7.056213017751479244e-01 2.190487027765134209e-01 8.420573509330906217e-03 0.000000000000000000e+00
3.175000000000000000e+04 1.270077204622819256e-01 6.781975421028675621e-02 7.045971779699590209e-01 2.177969959035047920e-01 9.786071916249430847e-03 0.000000000000000000e+00
3.200000000000000000e+04 1.280077812533235715e-01 6.838871187983613931e-02 7.038006372325898985e-01 2.179107874374146547e-01 9.899863450159307465e-03 0.000000000000000000e+00
3.225000000000000000e+04 1.290078420443649954e-01 6.736458807464724974e-02 7.056213017751479244e-01 2.183659535730541612e-01 8.648156577150659455e-03 0.000000000000000000e+00
3.250000000000000000e+04 1.300079028354066413e-01 6.599908966772871644e-02 7.045971779699590209e-01 2.197314519799726806e-01 9.672280382339554228e-03 0.000000000000000000e+00
3.275000000000000000e+04 1.310079636264482872e-01 6.713700500682749650e-02 7.064178425125170468e-01 2.174556213017751483e-01 8.989531178880291046e-03 0.000000000000000000e+00
3.300000000000000000e+04 1.320080244174899331e-01 6.838871187983613931e-02 7.042558033682293495e-01 2.174556213017751483e-01 9.899863450159307465e-03 0.000000000000000000e+00
3.325000000000000000e+04 1.330080852085313570e-01 6.668183887118799003e-02 7.050523441055985829e-01 2.185935366408739144e-01 9.672280382339554228e-03 0.000000000000000000e+00
3.350000000000000000e+04 1.340081459995730029e-01 6.975421028675465873e-02 7.030040964952207760e-01 2.170004551661356418e-01 1.024123805188893906e-02 0.000000000000000000e+00
3.375000000000000000e+04 1.350082067906146488e-01 6.941283568502502888e-02 7.027765134274009950e-01 2.155211652253072319e-01 1.228948566226672687e-02 0.000000000000000000e+00
3.400000000000000000e+04 1.360082675816562947e-01 6.804733727810650945e-02 7.041420118343195700e-01 2.163177059626763821e-01 1.149294492489758707e-02 0.000000000000000000e+00
3.425000000000000000e+04 1.370083283726977186e-01 6.850250341374601593e-02 7.025489303595812141e-01 2.173418297678652578e-01 1.160673645880746542e-02 0.000000000000000000e+00
3.450000000000000000e+04 1.380083891637393645e-01 6.907146108329539902e-02 7.025489303595812141e-01 2.183659535730541612e-01 1.001365498406918582e-02 0.000000000000000000e+00
3.475000000000000000e+04 1.390084499547810104e-01 6.861629494765589254e-02 7.023213472917615441e-01 2.180245789713245452e-01 1.103777878925807886e-02 0.000000000000000000e+00
3.500000000000000000e+04 1.400085107458226563e-01 6.781975421028675621e-02 7.034592626308602270e-01 2.187073281747838049e-01 1.001365498406918582e-02 0.000000000000000000e+00
3.525000000000000000e+04 1.410085715368640802e-01 6.998179335457442585e-02 7.024351388256713236e-01 2.168866636322257513e-01 1.069640418752844727e-02 0.000000000000000000e+00
3.550000000000000000e+04 1.420086323279057261e-01 6.873008648156576916e-02 7.002730996813837372e-01 2.196176604460628179e-01 1.137915339098771045e-02 0.000000000000000000e+00
3.575000000000000000e+04 1.430086931189473720e-01 7.055075102412380894e-02 7.008420573509330787e-01 2.185935366408739144e-01 1.001365498406918582e-02 0.000000000000000000e+00
3.600000000000000000e+04 1.440087539099890179e-01 7.225762403277195822e-02 6.979972690031861493e-01 2.166590805644059980e-01 1.308602639963586667e-02 0.000000000000000000e+00
3.625000000000000000e+04 1.450088147010304418e-01 7.009558488848430247e-02 7.015248065543923106e-01 2.163177059626763821e-01 1.206190259444697363e-02 0.000000000000000000e+00
3.650000000000000000e+04 1.460088754920720877e-01 7.328174783796086167e-02 6.973145197997269173e-01 2.172280382339553950e-01 1.217569412835685025e-02 0.000000000000000000e+00
3.675000000000000000e+04 1.470089362831137336e-01 7.100591715976331542e-02 7.003868912152936277e-01 2.162039144287664916e-01 1.240327719617660522e-02 0.000000000000000000e+00
3.700000000000000000e+04 1.480089970741553795e-01 7.282658170232134132e-02 6.990213928083750528e-01 2.155211652253072319e-01 1.263086026399635846e-02 0.000000000000000000e+00
3.725000000000000000e+04 1.490090578651968034e-01 7.328174783796086167e-02 6.994765589440146147e-01 2.152935821574874786e-01 1.194811106053709528e-02 0.000000000000000000e+00
3.750000000000000000e+04 1.500091186562384493e-01 7.521620391442876419e-02 6.986800182066453813e-01 2.144970414201183562e-01 1.160673645880746542e-02 0.000000000000000000e+00
3.775000000000000000e+04 1.510091794472800952e-01 7.487482931269913433e-02 6.974283113336368078e-01 2.159763313609467383e-01 1.172052799271734204e-02 0.000000000000000000e+00
3.800000000000000000e+04 1.520092402383217411e-01 7.783340919435594030e-02 6.952662721893491105e-01 2.147246244879381094e-01 1.217569412835685025e-02 0.000000000000000000e+00
3.825000000000000000e+04 1.530093010293631650e-01 7.999544833864360993e-02 6.921939007737824001e-01 2.163177059626763821e-01 1.149294492489758707e-02 0.000000000000000000e+00
3.850000000000000000e+04 1.540093618204048109e-01 8.090578060992262288e-02 6.981110605370960398e-01 2.134729176149294527e-01 7.510241238051888930e-03 0.000000000000000000e+00
3.875000000000000000e+04 1.550094226114464568e-01 7.874374146563495325e-02 6.989076012744651623e-01 2.147246244879381094e-01 7.624032771961766417e-03 0.000000000000000000e+00
3.900000000000000000e+04 1.560094834024881028e-01 7.737824305871643382e-02 6.987938097405552718e-01 2.158625398270368756e-01 7.965407373691398007e-03 0.000000000000000000e+00
3.925000000000000000e+04 1.570095441935295266e-01 7.942649066909421296e-02 6.977696859353663683e-01 2.154073736913973691e-01 7.396449704142011444e-03 0.000000000000000000e+00
3.950000000000000000e+04 1.580096049845711725e-01 8.238507055075101893e-02 6.946973145197997690e-01 2.148384160218479721e-01 8.079198907601274626e-03 0.000000000000000000e+00
3.975000000000000000e+04 1.590096657756128185e-01 7.976786527082385669e-02 6.975421028675466983e-01 2.147246244879381094e-01 7.965407373691398007e-03 0.000000000000000000e+00
4.000000000000000000e+04 1.600097265666544644e-01 7.988165680473373331e-02 6.965179790623577949e-01 2.148384160218479721e-01 8.761948111060537808e-03 0.000000000000000000e+00
4.025000000000000000e+04 1.610097873576958882e-01 8.170232134729175921e-02 6.957214383249886724e-01 2.133591260810195622e-01 9.217114246700046018e-03 0.000000000000000000e+00
4.050000000000000000e+04 1.620098481487375341e-01 8.238507055075101893e-02 6.950386891215293295e-01 2.137005006827492060e-01 8.875739644970414427e-03 0.000000000000000000e+00
4.075000000000000000e+04 1.630099089397791801e-01 8.761948111060537114e-02 6.923076923076922906e-01 2.106281292671825234e-01 9.444697314519799256e-03 0.000000000000000000e+00
4.100000000000000000e+04 1.640099697308208260e-01 7.897132453345470648e-02 6.959490213928083424e-01 2.195038689121529274e-01 5.575785161583977738e-03 0.000000000000000000e+00
4.125000000000000000e+04 1.650100305218622498e-01 7.851615839781520001e-02 6.957214383249886724e-01 2.183659535730541612e-01 7.396449704142011444e-03 0.000000000000000000e+00
4.150000000000000000e+04 1.660100913129038958e-01 7.794720072826581692e-02 6.928766499772417431e-01 2.215521165225307343e-01 7.624032771961766417e-03 0.000000000000000000e+00
4.175000000000000000e+04 1.670101521039455417e-01 8.295402822030041590e-02 6.910559854346836062e-01 2.177969959035047920e-01 8.192990441511151245e-03 0.000000000000000000e+00
4.200000000000000000e+04 1.680102128949871876e-01 7.783340919435594030e-02 6.946973145197997690e-01 2.191624943104233114e-01 8.306781975421027864e-03 0.000000000000000000e+00
4.225000000000000000e+04 1.690102736860286115e-01 8.101957214383249950e-02 6.933318161128811941e-01 2.189349112426035582e-01 6.713700500682749130e-03 0.000000000000000000e+00
4.250000000000000000e+04 1.700103344770702574e-01 8.295402822030041590e-02 6.895766954938552518e-01 2.183659535730541612e-01 9.103322712790167665e-03 0.000000000000000000e+00
4.275000000000000000e+04 1.710103952681119033e-01 8.284023668639053928e-02 6.911697769685934967e-01 2.184797451069640517e-01 7.510241238051888930e-03 0.000000000000000000e+00
4.300000000000000000e+04 1.720104560591535492e-01 8.397815202548930547e-02 6.904870277651342647e-01 2.185935366408739144e-01 6.941283568502503235e-03 0.000000000000000000e+00
4.325000000000000000e+04 1.730105168501949731e-01 8.363677742375967561e-02 6.910559854346836062e-01 2.175694128356850388e-01 7.737824305871643035e-03 0.000000000000000000e+00
4.350000000000000000e+04 1.740105776412366190e-01 9.057806099226217711e-02 6.863905325443786509e-01 2.135867091488393155e-01 9.444697314519799256e-03 0.000000000000000000e+00
4.375000000000000000e+04 1.750106384322782649e-01 9.296768320436959998e-02 6.890077378243059103e-01 2.090350477924442507e-01 8.989531178880291046e-03 0.000000000000000000e+00
4.400000000000000000e+04 1.760106992233196888e-01 9.547109695038688559e-02 6.921939007737824001e-01 2.042558033682294050e-01 8.079198907601274626e-03 0.000000000000000000e+00
4.425000000000000000e+04 1.770107600143613347e-01 8.921256258534364381e-02 6.965179790623577949e-01 2.055075102412380617e-01 8.761948111060537808e-03 0.000000000000000000e+00
4.450000000000000000e+04 1.780108208054029806e-01 8.773327264451524776e-02 7.038006372325898985e-01 2.034592626308602548e-01 5.006827492034592909e-03 0.000000000000000000e+00
4.475000000000000000e+04 1.790108815964446265e-01 8.898497951752389057e-02 7.011834319526627501e-01 2.033454710969503920e-01 6.486117432862995025e-03 0.000000000000000000e+00
4.500000000000000000e+04 1.800109423874860504e-01 8.875739644970413733e-02 7.005006827492034072e-01 2.034592626308602548e-01 7.282658170232134826e-03 0.000000000000000000e+00
4.525000000000000000e+04 1.810110031785276963e-01 8.636777423759672834e-02 7.020937642239417631e-01 2.042558033682294050e-01 7.282658170232134826e-03 0.000000000000000000e+00
4.550000000000000000e+04 1.820110639695693422e-01 8.852981338188438409e-02 7.015248065543923106e-01 2.038006372325898985e-01 6.144742831133363434e-03 0.000000000000000000e+00
4.575000000000000000e+04 1.830111247606109881e-01 8.955393718707328754e-02 6.989076012744651623e-01 2.022075557578516258e-01 9.330905780609922637e-03 0.000000000000000000e+00
4.600000000000000000e+04 1.840111855516524120e-01 8.807464724624487762e-02 7.000455166135639562e-01 2.059626763768775681e-01 5.917159763313609329e-03 0.000000000000000000e+00
4.625000000000000000e+04 1.850112463426940579e-01 9.012289485662267063e-02 7.016385980883022011e-01 2.022075557578516258e-01 6.030951297223486815e-03 0.000000000000000000e+00
4.650000000000000000e+04 1.860113071337357038e-01 8.966772872098316416e-02 6.992489758761948337e-01 2.041420118343195145e-01 6.941283568502503235e-03 0.000000000000000000e+00
4.675000000000000000e+04 1.870113679247773497e-01 8.875739644970413733e-02 7.000455166135639562e-01 2.024351388256713791e-01 8.761948111060537808e-03 0.000000000000000000e+00
4.700000000000000000e+04 1.880114287158187736e-01 8.864360491579426071e-02 6.965179790623577949e-01 2.077833409194355940e-01 7.055075102412380721e-03 0.000000000000000000e+00
4.725000000000000000e+04 1.890114895068604195e-01 8.705052344105598805e-02 6.951524806554392200e-01 2.080109239872553473e-01 9.786071916249430847e-03 0.000000000000000000e+00
4.750000000000000000e+04 1.900115502979020654e-01 9.000910332271279402e-02 6.853664087391898585e-01 2.165452890304961353e-01 8.079198907601274626e-03 0.000000000000000000e+00
4.775000000000000000e+04 1.910116110889437113e-01 9.217114246700044977e-02 6.836595357305416121e-01 2.157487482931269851e-01 8.420573509330906217e-03 0.000000000000000000e+00
4.800000000000000000e+04 1.920116718799851352e-01 8.932635411925353430e-02 6.863905325443786509e-01 2.164314974965862448e-01 7.851615839781519654e-03 0.000000000000000000e+00
4.825000000000000000e+04 1.930117326710267811e-01 9.182976786527081992e-02 6.820664542558033672e-01 2.176832043695949015e-01 8.420573509330906217e-03 0.000000000000000000e+00
4.850000000000000000e+04 1.940117934620684270e-01 1.036640873918980438e-01 6.554392353208920996e-01 2.319071461083295482e-01 8.989531178880291046e-03 0.000000000000000000e+00
4.875000000000000000e+04 1.950118542531100729e-01 1.213017751479289891e-01 6.207328174783796060e-01 2.527309968138370389e-01 5.234410559854347014e-03 0.000000000000000000e+00
4.900000000000000000e+04 1.960119150441514968e-01 1.269913518434228616e-01 6.589667728720982609e-01 2.092626308602640040e-01 4.779244424214838804e-03 0.000000000000000000e+00
4.925000000000000000e+04 1.970119758351931427e-01 1.261948111060537114e-01 6.557806099226217711e-01 2.149522075557578626e-01 3.072371415566681717e-03 0.000000000000000000e+00
4.950000000000000000e+04 1.980120366262347886e-01 1.219845243513882627e-01 6.628356850250340937e-01 2.124487938097405493e-01 2.730996813837050560e-03 0.000000000000000000e+00
4.975000000000000000e+04 1.990120974172764345e-01 1.170914883932635403e-01 6.667045971779699265e-01 2.135867091488393155e-01 2.617205279927173507e-03 0.000000000000000000e+00
5.000000000000000000e+04 2.000121582083178584e-01 1.174328629949931702e-01 6.632908511606736557e-01 2.160901228948566288e-01 3.186162949476558769e-03 0.000000000000000000e+00
5.025000000000000000e+04 2.010122189993595043e-01 1.165225307237141572e-01 6.648839326354119006e-01 2.162039144287664916e-01 2.389622212107419402e-03 0.000000000000000000e+00
5.050000000000000000e+04 2.020122797904011502e-01 1.162949476558944040e-01 6.652253072371415721e-01 2.158625398270368756e-01 2.617205279927173507e-03 0.000000000000000000e+00
5.075000000000000000e+04 2.030123405814427962e-01 1.164087391898042806e-01 6.643149749658625591e-01 2.159763313609467383e-01 3.299954483386436255e-03 0.000000000000000000e+00
5.100000000000000000e+04 2.040124013724842200e-01 1.189121529358215801e-01 6.637460172963131066e-01 2.146108329540282189e-01 2.730996813837050560e-03 0.000000000000000000e+00
5.125000000000000000e+04 2.050124621635258659e-01 1.186845698680018268e-01 6.631770596267637652e-01 2.157487482931269851e-01 2.389622212107419402e-03 0.000000000000000000e+00
5.150000000000000000e+04 2.060125229545675118e-01 1.147018661811561174e-01 6.642011834319526686e-01 2.187073281747838049e-01 2.389622212107419402e-03 0.000000000000000000e+00
5.175000000000000000e+04 2.070125837456091578e-01 1.193673190714610866e-01 6.637460172963131066e-01 2.147246244879381094e-01 2.162039144287664864e-03 0.000000000000000000e+00
5.200000000000000000e+04 2.080126445366505816e-01 1.165225307237141572e-01 6.642011834319526686e-01 2.173418297678652578e-01 1.934456076467910759e-03 0.000000000000000000e+00
5.225000000000000000e+04 2.090127053276922275e-01 1.185707783340919502e-01 6.616977696859354108e-01 2.172280382339553950e-01 2.503413746017296455e-03 0.000000000000000000e+00
5.250000000000000000e+04 2.100127661187338735e-01 1.185707783340919502e-01 6.619253527537550807e-01 2.164314974965862448e-01 3.072371415566681717e-03 0.000000000000000000e+00
5.275000000000000000e+04 2.110128269097755194e-01 1.191397360036413333e-01 6.612426035502958488e-01 2.171142467000455045e-01 2.503413746017296455e-03 0.000000000000000000e+00
5.300000000000000000e+04 2.120128877008169432e-01 1.223258989531178925e-01 6.766044606281292895e-01 1.965179790623577671e-01 4.551661356395083832e-03 0.000000000000000000e+00
5.325000000000000000e+04 2.130129484918585892e-01 1.246017296313154249e-01 6.800182066454255603e-01 1.915111515703231682e-01 3.868912152935821518e-03 0.000000000000000000e+00
5.350000000000000000e+04 2.140130092829002351e-01 1.272189349112426149e-01 6.901456531634045932e-01 1.786527082385070686e-01 3.982703686845699004e-03 0.000000000000000000e+00
5.375000000000000000e+04 2.150130700739418810e-01 1.210741920801092358e-01 6.868456986800182129e-01 1.871870732817478289e-01 4.893035958124715423e-03 0.000000000000000000e+00
5.400000000000000000e+04 2.160131308649833048e-01 1.233500227583067821e-01 6.813837050523441352e-01 1.892353208921256358e-01 6.030951297223486815e-03 0.000000000000000000e+00
5.425000000000000000e+04 2.170131916560249508e-01 1.235776058261265353e-01 6.825216203914429292e-01 1.894629039599453890e-01 4.437869822485207214e-03 0.000000000000000000e+00
5.450000000000000000e+04 2.180132524470665967e-01 1.223258989531178925e-01 6.826354119253527086e-01 1.900318616294947582e-01 5.006827492034592909e-03 0.000000000000000000e+00
5.475000000000000000e+04 2.190133132381082426e-01 1.236913973600364119e-01 6.829767865270823801e-01 1.882111970869367323e-01 5.120619025944469528e-03 0.000000000000000000e+00
5.500000000000000000e+04 2.200133740291496665e-01 1.243741465634956717e-01 6.834319526627219421e-01 1.884387801547564856e-01 3.755120619025944465e-03 0.000000000000000000e+00
5.525000000000000000e+04 2.210134348201913124e-01 1.252844788347746985e-01 6.752389622212107145e-01 1.940145653163404538e-01 5.461993627674101119e-03 0.000000000000000000e+00
5.550000000000000000e+04 2.220134956112329583e-01 1.288120163859808875e-01 6.654528903049613531e-01 1.995903504779244497e-01 6.144742831133363434e-03 0.000000000000000000e+00
5.575000000000000000e+04 2.230135564022746042e-01 1.313154301319981732e-01 6.667045971779699265e-01 1.944697314519799602e-01 7.510241238051888930e-03 0.000000000000000000e+00
5.600000000000000000e+04 2.240136171933160281e-01 1.308602639963586667e-01 6.727355484751934567e-01 1.875284478834774726e-01 8.875739644970414427e-03 0.000000000000000000e+00
5.625000000000000000e+04 2.250136779843576740e-01 1.358670914883932657e-01 6.711424670004552118e-01 1.829767865270823801e-01 1.001365498406918582e-02 0.000000000000000000e+00
5.650000000000000000e+04 2.260137387753993199e-01 1.342740100136549930e-01 6.593081474738279324e-01 1.967455621301775204e-01 9.672280382339554228e-03 0.000000000000000000e+00
5.675000000000000000e+04 2.270137995664409658e-01 1.332498862084660896e-01 6.583978152025489194e-01 2.017523896222121194e-01 6.599908966772872511e-03 0.000000000000000000e+00
