# itime ezz other fcc hcp bcc ico
0.000000000000000000e+00 0.000000000000000000e+00 0.000000000000000000e+00 1.000000000000000000e+00 0.000000000000000000e+00 0.000000000000000000e+00 0.000000000000000000e+00
2.500000000000000000e+02 9.999770754529624384e-04 0.000000000000000000e+00 1.000000000000000000e+00 0.000000000000000000e+00 0.000000000000000000e+00 0.000000000000000000e+00
5.000000000000000000e+02 1.999954150905702832e-03 0.000000000000000000e+00 1.000000000000000000e+00 0.000000000000000000e+00 0.000000000000000000e+00 0.000000000000000000e+00
7.500000000000000000e+02 2.999931226358665270e-03 0.000000000000000000e+00 1.000000000000000000e+00 0.000000000000000000e+00 0.000000000000000000e+00 0.000000000000000000e+00
1.000000000000000000e+03 3.999908301811627709e-03 0.000000000000000000e+00 1.000000000000000000e+00 0.000000000000000000e+00 0.000000000000000000e+00 0.000000000000000000e+00
1.250000000000000000e+03 4.999885377264368103e-03 0.000000000000000000e+00 1.000000000000000000e+00 0.000000000000000000e+00 0.000000000000000000e+00 0.000000000000000000e+00
1.500000000000000000e+03 5.999862452717330541e-03 0.000000000000000000e+00 1.000000000000000000e+00 0.000000000000000000e+00 0.000000000000000000e+00 0.000000000000000000e+00
1.750000000000000000e+03 6.999839528170292979e-03 0.000000000000000000e+00 1.000000000000000000e+00 0.000000000000000000e+00 0.000000000000000000e+00 0.000000000000000000e+00
2.000000000000000000e+03 7.999816603623033373e-03 0.000000000000000000e+00 1.000000000000000000e+00 0.000000000000000000e+00 0.000000000000000000e+00 0.000000000000000000e+00
2.250000000000000000e+03 8.999793679075995811e-03 0.000000000000000000e+00 1.000000000000000000e+00 0.000000000000000000e+00 0.000000000000000000e+00 0.000000000000000000e+00
2.500000000000000000e+03 9.999770754528958250e-03 0.000000000000000000e+00 1.000000000000000000e+00 0.000000000000000000e+00 0.000000000000000000e+00 0.000000000000000000e+00
2.750000000000000000e+03 1.099974782998169864e-02 0.000000000000000000e+00 1.000000000000000000e+00 0.000000000000000000e+00 0.000000000000000000e+00 0.000000000000000000e+00
3.000000000000000000e+03 1.199972490543466108e-02 0.000000000000000000e+00 1.000000000000000000e+00 0.000000000000000000e+00 0.000000000000000000e+00 0.000000000000000000e+00
3.250000000000000000e+03 1.299970198088762352e-02 0.000000000000000000e+00 1.000000000000000000e+00 0.000000000000000000e+00 0.000000000000000000e+00 0.000000000000000000e+00
3.500000000000000000e+03 1.399967905634036391e-02 0.000000000000000000e+00 1.000000000000000000e+00 0.000000000000000000e+00 0.000000000000000000e+00 0.000000000000000000e+00
3.750000000000000000e+03 1.499965613179332635e-02 0.000000000000000000e+00 1.000000000000000000e+00 0.000000000000000000e+00 0.000000000000000000e+00 0.000000000000000000e+00
4.000000000000000000e+03 1.599963320724628879e-02 0.000000000000000000e+00 1.000000000000000000e+00 0.000000000000000000e+00 0.000000000000000000e+00 0.000000000000000000e+00
4.250000000000000000e+03 1.699961028269902918e-02 0.000000000000000000e+00 1.000000000000000000e+00 0.000000000000000000e+00 0.000000000000000000e+00 0.000000000000000000e+00
4.500000000000000000e+03 1.799958735815199162e-02 0.000000000000000000e+00 1.000000000000000000e+00 0.000000000000000000e+00 0.000000000000000000e+00 0.000000000000000000e+00
4.750000000000000000e+03 1.899956443360495406e-02 0.000000000000000000e+00 1.000000000000000000e+00 0.000000000000000000e+00 0.000000000000000000e+00 0.000000000000000000e+00
5.000000000000000000e+03 1.999954150905769446e-02 0.000000000000000000e+00 1.000000000000000000e+00 0.000000000000000000e+00 0.000000000000000000e+00 0.000000000000000000e+00
5.250000000000000000e+03 2.099951858451065689e-02 0.000000000000000000e+00 1.000000000000000000e+00 0.000000000000000000e+00 0.000000000000000000e+00 0.000000000000000000e+00
5.500000000000000000e+03 2.199949565996361933e-02 0.000000000000000000e+00 1.000000000000000000e+00 0.000000000000000000e+00 0.000000000000000000e+00 0.000000000000000000e+00
5.750000000000000000e+03 2.299947273541635973e-02 0.000000000000000000e+00 1.000000000000000000e+00 0.000000000000000000e+00 0.000000000000000000e+00 0.000000000000000000e+00
6.000000000000000000e+03 2.399944981086932216e-02 0.000000000000000000e+00 1.000000000000000000e+00 0.000000000000000000e+00 0.000000000000000000e+00 0.000000000000000000e+00
6.250000000000000000e+03 2.499942688632228460e-02 0.000000000000000000e+00 1.000000000000000000e+00 0.000000000000000000e+00 0.000000000000000000e+00 0.000000000000000000e+00
6.500000000000000000e+03 2.599940396177502500e-02 0.000000000000000000e+00 1.000000000000000000e+00 0.000000000000000000e+00 0.000000000000000000e+00 0.000000000000000000e+00
6.750000000000000000e+03 2.699938103722798743e-02 0.000000000000000000e+00 1.000000000000000000e+00 0.000000000000000000e+00 0.000000000000000000e+00 0.000000000000000000e+00
7.000000000000000000e+03 2.799935811268094987e-02 0.000000000000000000e+00 1.000000000000000000e+00 0.000000000000000000e+00 0.000000000000000000e+00 0.000000000000000000e+00
7.250000000000000000e+03 2.899933518813369027e-02 0.000000000000000000e+00 1.000000000000000000e+00 0.000000000000000000e+00 0.000000000000000000e+00 0.000000000000000000e+00
7.500000000000000000e+03 2.999931226358665270e-02 0.000000000000000000e+00 1.000000000000000000e+00 0.000000000000000000e+00 0.000000000000000000e+00 0.000000000000000000e+00
7.750000000000000000e+03 3.099928933903961514e-02 0.000000000000000000e+00 1.000000000000000000e+00 0.000000000000000000e+00 0.000000000000000000e+00 0.000000000000000000e+00
8.000000000000000000e+03 3.199926641449235554e-02 0.000000000000000000e+00 1.000000000000000000e+00 0.000000000000000000e+00 0.000000000000000000e+00 0.000000000000000000e+00
8.250000000000000000e+03 3.299924348994531798e-02 0.000000000000000000e+00 1.000000000000000000e+00 0.000000000000000000e+00 0.000000000000000000e+00 0.000000000000000000e+00
8.500000000000000000e+03 3.399922056539828041e-02 0.000000000000000000e+00 1.000000000000000000e+00 0.000000000000000000e+00 0.000000000000000000e+00 0.000000000000000000e+00
8.750000000000000000e+03 3.499919764085124285e-02 0.000000000000000000e+00 1.000000000000000000e+00 0.000000000000000000e+00 0.000000000000000000e+00 0.000000000000000000e+00
9.000000000000000000e+03 3.599917471630398325e-02 0.000000000000000000e+00 1.000000000000000000e+00 0.000000000000000000e+00 0.000000000000000000e+00 0.000000000000000000e+00
9.250000000000000000e+03 3.699915179175694568e-02 0.000000000000000000e+00 1.000000000000000000e+00 0.000000000000000000e+00 0.000000000000000000e+00 0.000000000000000000e+00
9.500000000000000000e+03 3.799912886720990812e-02 0.000000000000000000e+00 1.000000000000000000e+00 0.000000000000000000e+00 0.000000000000000000e+00 0.000000000000000000e+00
9.750000000000000000e+03 3.899910594266264852e-02 0.000000000000000000e+00 1.000000000000000000e+00 0.000000000000000000e+00 0.000000000000000000e+00 0.000000000000000000e+00
1.000000000000000000e+04 3.999908301811561095e-02 0.000000000000000000e+00 1.000000000000000000e+00 0.000000000000000000e+00 0.000000000000000000e+00 0.000000000000000000e+00
1.025000000000000000e+04 4.099906009356857339e-02 0.000000000000000000e+00 1.000000000000000000e+00 0.000000000000000000e+00 0.000000000000000000e+00 0.000000000000000000e+00
1.050000000000000000e+04 4.199903716902131379e-02 0.000000000000000000e+00 1.000000000000000000e+00 0.000000000000000000e+00 0.000000000000000000e+00 0.000000000000000000e+00
1.075000000000000000e+04 4.299901424447427623e-02 0.000000000000000000e+00 1.000000000000000000e+00 0.000000000000000000e+00 0.000000000000000000e+00 0.000000000000000000e+00
1.100000000000000000e+04 4.399899131992723866e-02 0.000000000000000000e+00 1.000000000000000000e+00 0.000000000000000000e+00 0.000000000000000000e+00 0.000000000000000000e+00
1.125000000000000000e+04 4.499896839537997906e-02 0.000000000000000000e+00 1.000000000000000000e+00 0.000000000000000000e+00 0.000000000000000000e+00 0.000000000000000000e+00
1.150000000000000000e+04 4.599894547083294150e-02 0.000000000000000000e+00 1.000000000000000000e+00 0.000000000000000000e+00 0.000000000000000000e+00 0.000000000000000000e+00
1.175000000000000000e+04 4.699892254628590393e-02 0.000000000000000000e+00 1.000000000000000000e+00 0.000000000000000000e+00 0.000000000000000000e+00 0.000000000000000000e+00
1.200000000000000000e+04 4.799889962173864433e-02 0.000000000000000000e+00 1.000000000000000000e+00 0.000000000000000000e+00 0.000000000000000000e+00 0.000000000000000000e+00
1.225000000000000000e+04 4.899887669719160677e-02 0.000000000000000000e+00 1.000000000000000000e+00 0.000000000000000000e+00 0.000000000000000000e+00 0.000000000000000000e+00
1.250000000000000000e+04 4.999885377264456920e-02 0.000000000000000000e+00 1.000000000000000000e+00 0.000000000000000000e+00 0.000000000000000000e+00 0.000000000000000000e+00
1.275000000000000000e+04 5.099883084809730960e-02 0.000000000000000000e+00 1.000000000000000000e+00 0.000000000000000000e+00 0.000000000000000000e+00 0.000000000000000000e+00
1.300000000000000000e+04 5.199880792355027204e-02 0.000000000000000000e+00 1.000000000000000000e+00 0.000000000000000000e+00 0.000000000000000000e+00 0.000000000000000000e+00
1.325000000000000000e+04 5.299878499900323447e-02 0.000000000000000000e+00 1.000000000000000000e+00 0.000000000000000000e+00 0.000000000000000000e+00 0.000000000000000000e+00
1.350000000000000000e+04 5.399876207445597487e-02 0.000000000000000000e+00 1.000000000000000000e+00 0.000000000000000000e+00 0.000000000000000000e+00 0.000000000000000000e+00
1.375000000000000000e+04 5.499873914990893731e-02 0.000000000000000000e+00 1.000000000000000000e+00 0.000000000000000000e+00 0.000000000000000000e+00 0.000000000000000000e+00
1.400000000000000000e+04 5.599871622536189975e-02 0.000000000000000000e+00 1.000000000000000000e+00 0.000000000000000000e+00 0.000000000000000000e+00 0.000000000000000000e+00
1.425000000000000000e+04 5.699869330081464014e-02 0.000000000000000000e+00 1.000000000000000000e+00 0.000000000000000000e+00 0.000000000000000000e+00 0.000000000000000000e+00
1.450000000000000000e+04 5.799867037626760258e-02 0.000000000000000000e+00 1.000000000000000000e+00 0.000000000000000000e+00 0.000000000000000000e+00 0.000000000000000000e+00
1.475000000000000000e+04 5.899864745172056502e-02 0.000000000000000000e+00 1.000000000000000000e+00 0.000000000000000000e+00 0.000000000000000000e+00 0.000000000000000000e+00
1.500000000000000000e+04 5.999862452717330541e-02 0.000000000000000000e+00 1.000000000000000000e+00 0.000000000000000000e+00 0.000000000000000000e+00 0.000000000000000000e+00
1.525000000000000000e+04 6.099860160262626785e-02 0.000000000000000000e+00 1.000000000000000000e+00 0.000000000000000000e+00 0.000000000000000000e+00 0.000000000000000000e+00
1.550000000000000000e+04 6.199857867807923029e-02 0.000000000000000000e+00 1.000000000000000000e+00 0.000000000000000000e+00 0.000000000000000000e+00 0.000000000000000000e+00
1.575000000000000000e+04 6.299855575353197068e-02 3.413746017296313199e-04 9.996586253982703285e-01 0.000000000000000000e+00 0.000000000000000000e+00 0.000000000000000000e+00
1.600000000000000000e+04 6.399853282898493312e-02 0.000000000000000000e+00 1.000000000000000000e+00 0.000000000000000000e+00 0.000000000000000000e+00 0.000000000000000000e+00
1.625000000000000000e+04 6.499850990443789556e-02 0.000000000000000000e+00 1.000000000000000000e+00 0.000000000000000000e+00 0.000000000000000000e+00 0.000000000000000000e+00
1.650000000000000000e+04 6.599848697989063595e-02 0.000000000000000000e+00 1.000000000000000000e+00 0.000000000000000000e+00 0.000000000000000000e+00 0.000000000000000000e+00
1.675000000000000000e+04 6.699846405534359839e-02 1.137915339098771066e-04 9.998862084660901095e-01 0.000000000000000000e+00 0.000000000000000000e+00 0.000000000000000000e+00
1.700000000000000000e+04 6.799844113079656083e-02 0.000000000000000000e+00 1.000000000000000000e+00 0.000000000000000000e+00 0.000000000000000000e+00 0.000000000000000000e+00
1.725000000000000000e+04 6.899841820624930122e-02 0.000000000000000000e+00 1.000000000000000000e+00 0.000000000000000000e+00 0.000000000000000000e+00 0.000000000000000000e+00
1.750000000000000000e+04 6.999839528170226366e-02 0.000000000000000000e+00 1.000000000000000000e+00 0.000000000000000000e+00 0.000000000000000000e+00 0.000000000000000000e+00
1.775000000000000000e+04 7.099837235715522610e-02 2.275830678197542133e-04 9.997724169321802190e-01 0.000000000000000000e+00 0.000000000000000000e+00 0.000000000000000000e+00
1.800000000000000000e+04 7.199834943260796649e-02 0.000000000000000000e+00 1.000000000000000000e+00 0.000000000000000000e+00 0.000000000000000000e+00 0.000000000000000000e+00
1.825000000000000000e+04 7.299832650806092893e-02 0.000000000000000000e+00 1.000000000000000000e+00 0.000000000000000000e+00 0.000000000000000000e+00 0.000000000000000000e+00
1.850000000000000000e+04 7.399830358351389137e-02 0.000000000000000000e+00 1.000000000000000000e+00 0.000000000000000000e+00 0.000000000000000000e+00 0.000000000000000000e+00
1.875000000000000000e+04 7.499828065896663176e-02 2.275830678197542133e-04 9.997724169321802190e-01 0.000000000000000000e+00 0.000000000000000000e+00 0.000000000000000000e+00
1.900000000000000000e+04 7.599825773441959420e-02 4.551661356395084266e-04 9.995448338643604380e-01 0.000000000000000000e+00 0.000000000000000000e+00 0.000000000000000000e+00
1.925000000000000000e+04 7.699823480987255664e-02 3.413746017296313199e-04 9.996586253982703285e-01 0.000000000000000000e+00 0.000000000000000000e+00 0.000000000000000000e+00
1.950000000000000000e+04 7.799821188532529703e-02 3.413746017296313199e-04 9.996586253982703285e-01 0.000000000000000000e+00 0.000000000000000000e+00 0.000000000000000000e+00
1.975000000000000000e+04 7.899818896077825947e-02 2.275830678197542133e-04 9.997724169321802190e-01 0.000000000000000000e+00 0.000000000000000000e+00 0.000000000000000000e+00
2.000000000000000000e+04 7.999816603623122191e-02 0.000000000000000000e+00 1.000000000000000000e+00 0.000000000000000000e+00 0.000000000000000000e+00 0.000000000000000000e+00
2.025000000000000000e+04 8.099814311168396230e-02 2.275830678197542133e-04 9.997724169321802190e-01 0.000000000000000000e+00 0.000000000000000000e+00 0.000000000000000000e+00
2.050000000000000000e+04 8.199812018713692474e-02 4.551661356395084266e-04 9.994310423304506585e-01 0.000000000000000000e+00 1.137915339098771066e-04 0.000000000000000000e+00
2.075000000000000000e+04 8.299809726258988718e-02 1.137915339098771066e-04 9.997724169321802190e-01 0.000000000000000000e+00 1.137915339098771066e-04 0.000000000000000000e+00
2.100000000000000000e+04 8.399807433804262757e-02 5.689576695493854790e-04 9.994310423304506585e-01 0.000000000000000000e+00 0.000000000000000000e+00 0.000000000000000000e+00
2.125000000000000000e+04 8.499805141349559001e-02 5.689576695493854790e-04 9.994310423304506585e-01 0.000000000000000000e+00 0.000000000000000000e+00 0.000000000000000000e+00
2.150000000000000000e+04 8.599802848894855245e-02 5.689576695493854790e-04 9.994310423304506585e-01 0.000000000000000000e+00 0.000000000000000000e+00 0.000000000000000000e+00
2.175000000000000000e+04 8.699800556440129284e-02 7.965407373691396923e-04 9.990896677287209870e-01 0.000000000000000000e+00 1.137915339098771066e-04 0.000000000000000000e+00
2.200000000000000000e+04 8.799798263985425528e-02 0.000000000000000000e+00 1.000000000000000000e+00 0.000000000000000000e+00 0.000000000000000000e+00 0.000000000000000000e+00
2.225000000000000000e+04 8.899795971530721772e-02 1.024123805188893906e-03 9.989758761948110966e-01 0.000000000000000000e+00 0.000000000000000000e+00 0.000000000000000000e+00
2.250000000000000000e+04 8.999793679075995811e-02 1.024123805188893906e-03 9.989758761948110966e-01 0.000000000000000000e+00 0.000000000000000000e+00 0.000000000000000000e+00
2.275000000000000000e+04 9.099791386621292055e-02 3.413746017296313199e-04 9.996586253982703285e-01 0.000000000000000000e+00 0.000000000000000000e+00 0.000000000000000000e+00
2.300000000000000000e+04 9.199789094166588299e-02 2.162039144287664864e-03 9.977241693218024121e-01 0.000000000000000000e+00 1.137915339098771066e-04 0.000000000000000000e+00
2.325000000000000000e+04 9.299786801711862338e-02 1.934456076467910759e-03 9.979517523896221931e-01 0.000000000000000000e+00 1.137915339098771066e-04 0.000000000000000000e+00
2.350000000000000000e+04 9.399784509257158582e-02 1.706873008648156654e-03 9.982931269913518646e-01 0.000000000000000000e+00 0.000000000000000000e+00 0.000000000000000000e+00
2.375000000000000000e+04 9.499782216802454826e-02 1.479289940828402332e-03 9.982931269913518646e-01 0.000000000000000000e+00 2.275830678197542133e-04 0.000000000000000000e+00
2.400000000000000000e+04 9.599779924347728866e-02 1.365498406918525280e-03 9.984069185252617551e-01 0.000000000000000000e+00 2.275830678197542133e-04 0.000000000000000000e+00
2.425000000000000000e+04 9.699777631893025109e-02 2.048247610377787811e-03 9.978379608557123026e-01 0.000000000000000000e+00 1.137915339098771066e-04 0.000000000000000000e+00
2.450000000000000000e+04 9.799775339438321353e-02 3.755120619025944465e-03 9.956759217114247162e-01 0.000000000000000000e+00 5.689576695493854790e-04 0.000000000000000000e+00
2.475000000000000000e+04 9.899773046983595393e-02 3.641329085116067413e-03 9.963586709148839482e-01 0.000000000000000000e+00 0.000000000000000000e+00 0.000000000000000000e+00
2.500000000000000000e+04 9.999770754528891636e-02 1.820664542558033706e-03 9.980655439235320836e-01 0.000000000000000000e+00 1.137915339098771066e-04 0.000000000000000000e+00
2.525000000000000000e+04 1.009976846207418788e-01 4.893035958124715423e-03 9.948793809740554828e-01 0.000000000000000000e+00 2.275830678197542133e-04 0.000000000000000000e+00
2.550000000000000000e+04 1.019976616961946192e-01 2.389622212107419402e-03 9.974965862539827421e-01 0.000000000000000000e+00 1.137915339098771066e-04 0.000000000000000000e+00
2.575000000000000000e+04 1.029976387716475816e-01 7.396449704142011444e-03 9.920345926263085534e-01 0.000000000000000000e+00 5.689576695493854790e-04 0.000000000000000000e+00
2.600000000000000000e+04 1.039976158471005441e-01 4.437869822485207214e-03 9.951069640418752638e-01 0.000000000000000000e+00 4.551661356395084266e-04 0.000000000000000000e+00
2.625000000000000000e+04 1.049975929225535065e-01 7.055075102412380721e-03 9.923759672280382249e-01 0.000000000000000000e+00 5.689576695493854790e-04 0.000000000000000000e+00
2.650000000000000000e+04 1.059975699980062469e-01 8.761948111060537808e-03 9.907828857532999800e-01 0.000000000000000000e+00 4.551661356395084266e-04 0.000000000000000000e+00
2.675000000000000000e+04 1.069975470734592093e-01 1.228948566226672687e-02 9.863450159308146947e-01 0.000000000000000000e+00 1.365498406918525280e-03 0.000000000000000000e+00
2.700000000000000000e+04 1.079975241489121718e-01 1.513427401001365448e-02 9.833864360491579859e-01 0.000000000000000000e+00 1.479289940828402332e-03 0.000000000000000000e+00
2.725000000000000000e+04 1.089975012243649122e-01 2.651342740100136666e-02 9.606281292671825511e-01 0.000000000000000000e+00 1.285844333181611343e-02 0.000000000000000000e+00
2.750000000000000000e+04 1.099974782998178746e-01 1.013882567137004975e-01 5.738507055075102725e-01 0.000000000000000000e+00 3.247610377787892855e-01 0.000000000000000000e+00
2.775000000000000000e+04 1.109974553752708371e-01 1.486117432862995025e-01 3.087164314974966128e-01 3.413746017296313199e-04 5.423304506144742687e-01 0.000000000000000000e+00
2.800000000000000000e+04 1.119974324507235774e-01 2.411242603550295960e-01 4.180700955848885014e-01 1.456531634046426826e-01 1.951524806554392477e-01 0.000000000000000000e+00
2.825000000000000000e+04 1.129974095261765399e-01 2.382794720072826666e-01 4.637005006827492060e-01 2.416932180245789652e-01 5.632680928538916915e-02 0.000000000000000000e+00
2.850000000000000000e+04 1.139973866016295023e-01 2.045971779699590487e-01 5.405097860719162428e-01 2.381656804733727761e-01 1.672735548475193582e-02 0.000000000000000000e+00
2.875000000000000000e+04 1.149973636770822427e-01 1.685252617205279801e-01 5.710059171597633432e-01 2.539827036868457233e-01 6.486117432862995025e-03 0.000000000000000000e+00
2.900000000000000000e+04 1.159973407525352052e-01 1.317705962676376796e-01 5.926263086026399840e-01 2.710514337733272439e-01 4.551661356395083832e-03 0.000000000000000000e+00
2.925000000000000000e+04 1.169973178279881676e-01 1.252844788347746985e-01 6.011606736458807720e-01 2.684342284934000955e-01 5.120619025944469528e-03 0.000000000000000000e+00
2.950000000000000000e+04 1.179972949034409080e-01 1.151570323167956239e-01 6.255120619025944517e-01 2.556895766954938587e-01 3.641329085116067413e-03 0.000000000000000000e+00
2.975000000000000000e+04 1.189972719788938704e-01 1.076467910787437393e-01 6.433773327264451503e-01 2.438552571688666348e-01 5.120619025944469528e-03 0.000000000000000000e+00
3.000000000000000000e+04 1.199972490543468329e-01 1.095812471552116557e-01 6.393946290395994270e-01 2.474965862539827144e-01 3.527537551206190360e-03 0.000000000000000000e+00
3.025000000000000000e+04 1.209972261297995733e-01 1.090122894856622726e-01 6.403049613108784399e-01 2.468138370505234547e-01 3.868912152935821518e-03 0.000000000000000000e+00
3.050000000000000000e+04 1.219972032052525357e-01 1.073054164770141095e-01 6.407601274465180019e-01 2.484069185252617273e-01 3.527537551206190360e-03 0.000000000000000000e+00
3.075000000000000000e+04 1.229971802807054981e-01 1.120846609012289552e-01 6.390532544378698665e-01 2.457897132453345512e-01 3.072371415566681717e-03 0.000000000000000000e+00
3.100000000000000000e+04 1.239971573561582385e-01 1.102639963586709154e-01 6.415566681838871244e-01 2.449931725079654010e-01 3.186162949476558769e-03 0.000000000000000000e+00
3.125000000000000000e+04 1.249971344316112010e-01 1.112881201638598050e-01 6.412152935821574529e-01 2.432862994993172379e-01 4.210286754665453109e-03 0.000000000000000000e+00
3.150000000000000000e+04 1.259971115070641634e-01 1.118570778334091881e-01 6.414428766499772339e-01 2.436276741010468816e-01 3.072371415566681717e-03 0.000000000000000000e+00
3.175000000000000000e+04 1.269970885825169038e-01 1.083295402822029990e-01 6.425807919890760278e-01 2.456759217114246607e-01 3.413746017296313308e-03 0.000000000000000000e+00
3.200000000000000000e+04 1.279970656579698662e-01 1.120846609012289552e-01 6.391670459717796460e-01 2.462448793809740577e-01 2.503413746017296455e-03 0.000000000000000000e+00
3.225000000000000000e+04 1.289970427334228287e-01 1.082157487482931224e-01 6.403049613108784399e-01 2.478379608557123304e-01 3.641329085116067413e-03 0.000000000000000000e+00
3.250000000000000000e+04 1.299970198088755691e-01 1.107191624943104219e-01 6.403049613108784399e-01 2.445380063723258945e-01 4.437869822485207214e-03 0.000000000000000000e+00
3.275000000000000000e+04 1.309969968843285315e-01 1.131087847064178448e-01 6.471324533454710926e-01 2.366863905325443662e-01 3.072371415566681717e-03 0.000000000000000000e+00
3.300000000000000000e+04 1.319969739597814939e-01 1.108329540282202985e-01 6.599908966772871644e-01 2.243969048702776636e-01 4.779244424214838804e-03 0.000000000000000000e+00
3.325000000000000000e+04 1.329969510352342343e-01 1.037778789258079204e-01 6.868456986800182129e-01 2.075557578516158408e-01 1.820664542558033706e-03 0.000000000000000000e+00
3.350000000000000000e+04 1.339969281106871968e-01 1.030951297223486607e-01 7.414656349567592120e-01 1.530496131087847045e-01 2.389622212107419402e-03 0.000000000000000000e+00
3.375000000000000000e+04 1.349969051861401592e-01 6.133363677742376119e-02 8.360263996358671124e-01 9.774692762858443185e-02 4.893035958124715423e-03 0.000000000000000000e+00
3.400000000000000000e+04 1.359968822615928996e-01 6.167501137915339104e-02 8.419435593991807520e-01 9.410559854346836617e-02 2.275830678197541916e-03 0.000000000000000000e+00
3.425000000000000000e+04 1.369968593370458620e-01 5.416477014110149951e-02 8.503641329085116496e-01 9.217114246700044977e-02 3.299954483386436255e-03 0.000000000000000000e+00
3.450000000000000000e+04 1.379968364124988245e-01 5.405097860719162289e-02 8.492262175694128556e-01 9.308147473827947660e-02 3.641329085116067413e-03 0.000000000000000000e+00
3.475000000000000000e+04 1.389968134879515649e-01 5.245789713245334329e-02 8.489986345015930747e-01 9.433318161128811941e-02 4.210286754665453109e-03 0.000000000000000000e+00
3.500000000000000000e+04 1.399967905634045273e-01 5.143377332726445372e-02 8.501365498406918686e-01 9.433318161128811941e-02 4.096495220755575623e-03 0.000000000000000000e+00
3.525000000000000000e+04 1.409967676388574898e-01 5.177514792899408358e-02 8.500227583067819781e-01 9.387801547564861293e-02 4.324078288575329727e-03 0.000000000000000000e+00
3.550000000000000000e+04 1.419967447143102302e-01 5.223031406463359005e-02 8.493400091033227461e-01 9.433318161128811941e-02 4.096495220755575623e-03 0.000000000000000000e+00
3.575000000000000000e+04 1.429967217897631926e-01 5.211652253072371344e-02 8.488848429676831842e-01 9.410559854346836617e-02 4.893035958124715423e-03 0.000000000000000000e+00
3.600000000000000000e+04 1.439966988652161550e-01 5.040964952207555722e-02 8.501365498406918686e-01 9.421939007737824279e-02 5.234410559854347014e-03 0.000000000000000000e+00
3.625000000000000000e+04 1.449966759406688954e-01 4.961310878470642088e-02 8.495675921711424161e-01 9.490213928083750250e-02 5.917159763313609329e-03 0.000000000000000000e+00
3.650000000000000000e+04 1.459966530161218579e-01 4.984069185252617412e-02 8.500227583067819781e-01 9.456076467910787264e-02 5.575785161583977738e-03 0.000000000000000000e+00
3.675000000000000000e+04 1.469966300915748203e-01 5.029585798816568060e-02 8.504779244424214291e-01 9.456076467910787264e-02 4.665452890304961318e-03 0.000000000000000000e+00
3.700000000000000000e+04 1.479966071670275607e-01 4.995448338643605074e-02 8.509330905780609910e-01 9.478834774692762588e-02 4.324078288575329727e-03 0.000000000000000000e+00
3.725000000000000000e+04 1.489965842424805231e-01 5.018206645425580398e-02 8.496813837050523066e-01 9.421939007737824279e-02 5.917159763313609329e-03 0.000000000000000000e+00
3.750000000000000000e+04 1.499965613179334856e-01 5.040964952207555722e-02 8.494538006372326366e-01 9.444697314519799602e-02 5.689576695493855224e-03 0.000000000000000000e+00
3.775000000000000000e+04 1.509965383933862260e-01 4.847519344560764776e-02 8.502503413746017591e-01 9.558488848429676221e-02 5.689576695493855224e-03 0.000000000000000000e+00
3.800000000000000000e+04 1.519965154688391884e-01 4.938552571688666071e-02 8.504779244424214291e-01 9.387801547564861293e-02 6.258534365043240920e-03 0.000000000000000000e+00
3.825000000000000000e+04 1.529964925442921508e-01 5.006827492034592736e-02 8.496813837050523066e-01 9.433318161128811941e-02 5.917159763313609329e-03 0.000000000000000000e+00
3.850000000000000000e+04 1.539964696197448912e-01 5.063723258989531045e-02 8.499089667728720876e-01 9.399180700955848955e-02 5.461993627674101119e-03 0.000000000000000000e+00
3.875000000000000000e+04 1.549964466951978537e-01 4.858898497951752438e-02 8.512744651797906625e-01 9.456076467910787264e-02 5.575785161583977738e-03 0.000000000000000000e+00
3.900000000000000000e+04 1.559964237706508161e-01 5.006827492034592736e-02 8.504779244424214291e-01 9.342284934000910646e-02 6.030951297223486815e-03 0.000000000000000000e+00
3.925000000000000000e+04 1.569964008461035565e-01 4.870277651342740100e-02 8.516158397815202230e-01 9.421939007737824279e-02 5.461993627674101119e-03 0.000000000000000000e+00
3.950000000000000000e+04 1.579963779215565189e-01 4.813381884387801790e-02 8.530951297223486884e-01 9.365043240782885969e-02 5.120619025944469528e-03 0.000000000000000000e+00
3.975000000000000000e+04 1.589963549970094814e-01 4.665452890304961492e-02 8.521847974510696755e-01 9.410559854346836617e-02 7.055075102412380721e-03 0.000000000000000000e+00
4.000000000000000000e+04 1.599963320724622218e-01 4.654073736913973830e-02 8.532089212562585789e-01 9.490213928083750250e-02 5.348202093764223633e-03 0.000000000000000000e+00
4.025000000000000000e+04 1.609963091479151842e-01 4.745106964041875125e-02 8.526399635867091265e-01 9.433318161128811941e-02 5.575785161583977738e-03 0.000000000000000000e+00
4.050000000000000000e+04 1.619962862233681467e-01 4.699590350477924477e-02 8.530951297223486884e-01 9.330905780609922984e-02 6.599908966772872511e-03 0.000000000000000000e+00
4.075000000000000000e+04 1.629962632988208870e-01 4.654073736913973830e-02 8.536640873918980299e-01 9.399180700955848955e-02 5.803368229403732710e-03 0.000000000000000000e+00
4.100000000000000000e+04 1.639962403742738495e-01 4.676832043695949154e-02 8.530951297223486884e-01 9.421939007737824279e-02 5.917159763313609329e-03 0.000000000000000000e+00
4.125000000000000000e+04 1.649962174497268119e-01 4.688211197086936816e-02 8.530951297223486884e-01 9.319526627218935322e-02 6.827492034592626616e-03 0.000000000000000000e+00
4.150000000000000000e+04 1.659961945251795523e-01 4.813381884387801790e-02 8.530951297223486884e-01 9.319526627218935322e-02 5.575785161583977738e-03 0.000000000000000000e+00
4.175000000000000000e+04 1.669961716006325148e-01 4.585798816568047165e-02 8.538916704597178109e-01 9.399180700955848955e-02 6.258534365043240920e-03 0.000000000000000000e+00
4.200000000000000000e+04 1.679961486760854772e-01 4.619936276741010150e-02 8.535502958579881394e-01 9.365043240782885969e-02 6.599908966772872511e-03 0.000000000000000000e+00
4.225000000000000000e+04 1.689961257515382176e-01 4.722348657259899801e-02 8.529813381884387979e-01 9.353664087391898307e-02 6.258534365043240920e-03 0.000000000000000000e+00
4.250000000000000000e+04 1.699961028269911800e-01 4.608557123350022489e-02 8.537778789258079204e-01 9.376422394173873631e-02 6.372325898953117539e-03 0.000000000000000000e+00
4.275000000000000000e+04 1.709960799024441425e-01 4.585798816568047165e-02 8.546882111970869333e-01 9.274010013654984674e-02 6.713700500682749130e-03 0.000000000000000000e+00
4.300000000000000000e+04 1.719960569778971049e-01 4.563040509786071841e-02 8.544606281292671524e-01 9.205735093309057315e-02 7.851615839781519654e-03 0.000000000000000000e+00
4.325000000000000000e+04 1.729960340533498453e-01 4.710969503868912139e-02 8.538916704597178109e-01 9.148839326354119006e-02 7.510241238051888930e-03 0.000000000000000000e+00
4.350000000000000000e+04 1.739960111288028077e-01 4.972690031861629750e-02 8.525261720527992360e-01 9.160218479745106668e-02 6.144742831133363434e-03 0.000000000000000000e+00
4.375000000000000000e+04 1.749959882042557702e-01 4.494765589440145870e-02 8.537778789258079204e-01 9.433318161128811941e-02 6.941283568502503235e-03 0.000000000000000000e+00
4.400000000000000000e+04 1.759959652797085106e-01 4.676832043695949154e-02 8.559399180700956178e-01 8.909877105143376719e-02 8.192990441511151245e-03 0.000000000000000000e+00
4.425000000000000000e+04 1.769959423551614730e-01 4.528903049613108855e-02 8.598088302230314506e-01 9.035047792444242387e-02 4.551661356395083832e-03 0.000000000000000000e+00
4.450000000000000000e+04 1.779959194306144354e-01 4.517523896222121194e-02 8.588984979517524376e-01 9.035047792444242387e-02 5.575785161583977738e-03 0.000000000000000000e+00
4.475000000000000000e+04 1.789958965060671758e-01 4.608557123350022489e-02 8.591260810195721076e-01 9.000910332271279402e-02 4.779244424214838804e-03 0.000000000000000000e+00
4.500000000000000000e+04 1.799958735815201383e-01 4.483386436049158208e-02 8.584433318161128756e-01 9.126081019572143682e-02 5.461993627674101119e-03 0.000000000000000000e+00
4.525000000000000000e+04 1.809958506569731007e-01 4.563040509786071841e-02 8.590122894856622171e-01 9.023668639053254725e-02 5.120619025944469528e-03 0.000000000000000000e+00
4.550000000000000000e+04 1.819958277324258411e-01 4.415111515703231543e-02 8.606053709604005730e-01 9.023668639053254725e-02 5.006827492034592909e-03 0.000000000000000000e+00
4.575000000000000000e+04 1.829958048078788035e-01 4.699590350477924477e-02 8.592398725534819981e-01 8.966772872098316416e-02 4.096495220755575623e-03 0.000000000000000000e+00
4.600000000000000000e+04 1.839957818833317660e-01 4.665452890304961492e-02 8.602639963586709015e-01 8.887118798361401395e-02 4.210286754665453109e-03 0.000000000000000000e+00
4.625000000000000000e+04 1.849957589587845064e-01 4.642694583522986168e-02 8.600364132908511205e-01 8.841602184797450747e-02 5.120619025944469528e-03 0.000000000000000000e+00
4.650000000000000000e+04 1.859957360342374688e-01 4.585798816568047165e-02 8.604915794264906825e-01 8.955393718707328754e-02 4.096495220755575623e-03 0.000000000000000000e+00
4.675000000000000000e+04 1.869957131096904313e-01 4.597177969959034827e-02 8.601502048247610110e-01 8.955393718707328754e-02 4.324078288575329727e-03 0.000000000000000000e+00
4.700000000000000000e+04 1.879956901851431716e-01 4.597177969959034827e-02 8.609467455621301335e-01 8.955393718707328754e-02 3.527537551206190360e-03 0.000000000000000000e+00
4.725000000000000000e+04 1.889956672605961341e-01 4.574419663177059503e-02 8.632225762403277214e-01 8.750568957669549452e-02 3.527537551206190360e-03 0.000000000000000000e+00
4.750000000000000000e+04 1.899956443360490965e-01 4.483386436049158208e-02 8.629949931725079404e-01 8.807464724624487762e-02 4.096495220755575623e-03 0.000000000000000000e+00
4.775000000000000000e+04 1.909956214115018369e-01 4.722348657259899801e-02 8.609467455621301335e-01 8.727810650887574129e-02 4.551661356395083832e-03 0.000000000000000000e+00
4.800000000000000000e+04 1.919955984869547994e-01 4.437869822485206867e-02 8.632225762403277214e-01 8.852981338188438409e-02 3.868912152935821518e-03 0.000000000000000000e+00
4.825000000000000000e+04 1.929955755624077618e-01 4.528903049613108855e-02 8.636777423759672834e-01 8.659535730541648157e-02 4.437869822485207214e-03 0.000000000000000000e+00
4.850000000000000000e+04 1.939955526378605022e-01 4.642694583522986168e-02 8.627674101046881594e-01 8.727810650887574129e-02 3.527537551206190360e-03 0.000000000000000000e+00
4.875000000000000000e+04 1.949955297133134646e-01 4.710969503868912139e-02 8.626536185707783799e-01 8.659535730541648157e-02 3.641329085116067413e-03 0.000000000000000000e+00
4.900000000000000000e+04 1.959955067887664271e-01 4.722348657259899801e-02 8.625398270368684894e-01 8.614019116977697510e-02 4.096495220755575623e-03 0.000000000000000000e+00
4.925000000000000000e+04 1.969954838642191675e-01 4.631315430131998506e-02 8.637915339098770628e-01 8.545744196631770151e-02 4.437869822485207214e-03 0.000000000000000000e+00
4.950000000000000000e+04 1.979954609396721299e-01 4.676832043695949154e-02 8.639053254437869533e-01 8.591260810195720798e-02 3.413746017296313308e-03 0.000000000000000000e+00
4.975000000000000000e+04 1.989954380151250923e-01 4.608557123350022489e-02 8.649294492489758568e-01 8.488848429676831842e-02 4.096495220755575623e-03 0.000000000000000000e+00
5.000000000000000000e+04 1.999954150905778327e-01 4.699590350477924477e-02 8.644742831133364058e-01 8.511606736458807165e-02 3.413746017296313308e-03 0.000000000000000000e+00
5.025000000000000000e+04 2.009953921660307952e-01 5.097860719162494031e-02 8.618570778334091465e-01 8.409194355939918208e-02 3.072371415566681717e-03 0.000000000000000000e+00
5.050000000000000000e+04 2.019953692414837576e-01 5.097860719162494031e-02 8.625398270368684894e-01 8.340919435593992237e-02 3.072371415566681717e-03 0.000000000000000000e+00
5.075000000000000000e+04 2.029953463169364980e-01 6.588529813381883982e-02 8.154301319981793750e-01 1.142467000455166110e-01 4.437869822485207214e-03 0.000000000000000000e+00
5.100000000000000000e+04 2.039953233923894604e-01 8.386436049157942885e-02 7.270141101502047842e-01 1.761492944924897552e-01 1.297223486572599005e-02 0.000000000000000000e+00
5.125000000000000000e+04 2.049953004678424229e-01 8.511606736458807165e-02 7.115384615384615641e-01 1.973145197997268896e-01 6.030951297223486815e-03 0.000000000000000000e+00
5.150000000000000000e+04 2.059952775432951633e-01 7.908511606736458310e-02 7.166590805644059703e-01 1.936731907146108378e-01 1.058261265361857065e-02 0.000000000000000000e+00
5.175000000000000000e+04 2.069952546187481257e-01 8.033682294037323979e-02 7.173418297678653133e-01 1.918525261720528119e-01 1.046882111970869403e-02 0.000000000000000000e+00
5.200000000000000000e+04 2.079952316942010881e-01 7.851615839781520001e-02 7.158625398270368478e-01 1.950386891215293572e-01 1.058261265361857065e-02 0.000000000000000000e+00
5.225000000000000000e+04 2.089952087696538285e-01 7.965407373691398007e-02 7.160901228948566288e-01 1.942421483841602070e-01 1.001365498406918582e-02 0.000000000000000000e+00
5.250000000000000000e+04 2.099951858451067910e-01 8.522985889849794827e-02 7.147246244879380539e-01 1.901456531634046487e-01 9.899863450159307465e-03 0.000000000000000000e+00
5.275000000000000000e+04 2.109951629205597534e-01 8.056440600819299303e-02 7.140418752844788219e-01 1.948111060537096040e-01 1.058261265361857065e-02 0.000000000000000000e+00
5.300000000000000000e+04 2.119951399960124938e-01 7.908511606736458310e-02 7.162039144287665193e-01 1.940145653163404538e-01 1.069640418752844727e-02 0.000000000000000000e+00
5.325000000000000000e+04 2.129951170714654562e-01 8.147473827947200598e-02 7.144970414201183839e-01 1.928766499772416876e-01 1.115157032316795548e-02 0.000000000000000000e+00
5.350000000000000000e+04 2.139950941469184187e-01 8.181611288120163583e-02 7.164314974965863003e-01 1.921939007737824279e-01 9.558488848429677609e-03 0.000000000000000000e+00
5.375000000000000000e+04 2.149950712223711591e-01 8.329540282203004575e-02 7.160901228948566288e-01 1.915111515703231682e-01 9.103322712790167665e-03 0.000000000000000000e+00
5.400000000000000000e+04 2.159950482978241215e-01 8.158852981338188259e-02 7.164314974965863003e-01 1.899180700955848955e-01 1.206190259444697363e-02 0.000000000000000000e+00
5.425000000000000000e+04 2.169950253732770840e-01 7.999544833864360993e-02 7.166590805644059703e-01 1.923076923076923184e-01 1.103777878925807886e-02 0.000000000000000000e+00
5.450000000000000000e+04 2.179950024487298244e-01 8.238507055075101893e-02 7.182521620391443262e-01 1.891215293582157453e-01 1.024123805188893906e-02 0.000000000000000000e+00
5.475000000000000000e+04 2.189949795241827868e-01 7.726445152480655720e-02 7.204142011834319126e-01 1.924214838416021811e-01 9.899863450159307465e-03 0.000000000000000000e+00
5.500000000000000000e+04 2.199949565996357492e-01 8.249886208466089554e-02 7.177969959035047642e-01 1.885525716886663761e-01 1.115157032316795548e-02 0.000000000000000000e+00
5.525000000000000000e+04 2.209949336750884896e-01 8.454710969503868856e-02 7.164314974965863003e-01 1.908284023668639084e-01 8.192990441511151245e-03 0.000000000000000000e+00
5.550000000000000000e+04 2.219949107505414521e-01 8.272644515248064878e-02 7.185935366408738867e-01 1.884387801547564856e-01 1.024123805188893906e-02 0.000000000000000000e+00
5.575000000000000000e+04 2.229948878259944145e-01 8.261265361857077216e-02 7.187073281747837772e-01 1.902594446973145115e-01 8.420573509330906217e-03 0.000000000000000000e+00
5.600000000000000000e+04 2.239948649014471549e-01 8.500227583067819503e-02 7.152935821574875064e-01 1.863905325443787064e-01 1.331360946745562164e-02 0.000000000000000000e+00
5.625000000000000000e+04 2.249948419769001173e-01 8.500227583067819503e-02 7.187073281747837772e-01 1.858215748748293095e-01 1.046882111970869403e-02 0.000000000000000000e+00
5.650000000000000000e+04 2.259948190523530798e-01 8.761948111060537114e-02 7.185935366408738867e-01 1.842284934000910368e-01 9.558488848429677609e-03 0.000000000000000000e+00
5.675000000000000000e+04 2.269947961278058202e-01 8.670914883932635819e-02 7.175694128356849832e-01 1.842284934000910368e-01 1.149294492489758707e-02 0.000000000000000000e+00
