# itime ezz other fcc hcp bcc ico
0.000000000000000000e+00 0.000000000000000000e+00 5.689576695493854790e-04 9.994310423304506585e-01 0.000000000000000000e+00 0.000000000000000000e+00 0.000000000000000000e+00
2.500000000000000000e+02 9.999724331255510634e-04 1.137915339098771066e-04 9.998862084660901095e-01 0.000000000000000000e+00 0.000000000000000000e+00 0.000000000000000000e+00
5.000000000000000000e+02 1.999944866251324171e-03 3.413746017296313199e-04 9.996586253982703285e-01 0.000000000000000000e+00 0.000000000000000000e+00 0.000000000000000000e+00
7.500000000000000000e+02 2.999917299376875235e-03 1.365498406918525280e-03 9.986345015930814251e-01 0.000000000000000000e+00 0.000000000000000000e+00 0.000000000000000000e+00
1.000000000000000000e+03 3.999889732502648343e-03 5.689576695493854790e-04 9.994310423304506585e-01 0.000000000000000000e+00 0.000000000000000000e+00 0.000000000000000000e+00
1.250000000000000000e+03 4.999862165628199406e-03 1.706873008648156654e-03 9.981793354574419741e-01 0.000000000000000000e+00 1.137915339098771066e-04 0.000000000000000000e+00
1.500000000000000000e+03 5.999834598753972514e-03 6.827492034592626399e-04 9.993172507965407680e-01 0.000000000000000000e+00 0.000000000000000000e+00 0.000000000000000000e+00
1.750000000000000000e+03 6.999807031879523578e-03 1.024123805188893906e-03 9.989758761948110966e-01 0.000000000000000000e+00 0.000000000000000000e+00 0.000000000000000000e+00
2.000000000000000000e+03 7.999779465005296686e-03 1.137915339098771066e-04 9.998862084660901095e-01 0.000000000000000000e+00 0.000000000000000000e+00 0.000000000000000000e+00
2.250000000000000000e+03 8.999751898130847749e-03 3.413746017296313199e-04 9.996586253982703285e-01 0.000000000000000000e+00 0.000000000000000000e+00 0.000000000000000000e+00
2.500000000000000000e+03 9.999724331256620857e-03 7.965407373691396923e-04 9.992034592626308775e-01 0.000000000000000000e+00 0.000000000000000000e+00 0.000000000000000000e+00
2.750000000000000000e+03 1.099969676438217192e-02 2.162039144287664864e-03 9.978379608557123026e-01 0.000000000000000000e+00 0.000000000000000000e+00 0.000000000000000000e+00
3.000000000000000000e+03 1.199966919750794503e-02 6.827492034592626399e-04 9.993172507965407680e-01 0.000000000000000000e+00 0.000000000000000000e+00 0.000000000000000000e+00
3.250000000000000000e+03 1.299964163063349609e-02 2.048247610377787811e-03 9.979517523896221931e-01 0.000000000000000000e+00 0.000000000000000000e+00 0.000000000000000000e+00
3.500000000000000000e+03 1.399961406375926920e-02 1.251706873008648227e-03 9.987482931269913156e-01 0.000000000000000000e+00 0.000000000000000000e+00 0.000000000000000000e+00
3.750000000000000000e+03 1.499958649688482026e-02 9.103322712790168532e-04 9.990896677287209870e-01 0.000000000000000000e+00 0.000000000000000000e+00 0.000000000000000000e+00
4.000000000000000000e+03 1.599955893001059337e-02 2.730996813837050560e-03 9.972690031861629611e-01 0.000000000000000000e+00 0.000000000000000000e+00 0.000000000000000000e+00
4.250000000000000000e+03 1.699953136313614444e-02 2.275830678197541916e-03 9.976103777878926326e-01 0.000000000000000000e+00 1.137915339098771066e-04 0.000000000000000000e+00
4.500000000000000000e+03 1.799950379626191754e-02 2.275830678197542133e-04 9.997724169321802190e-01 0.000000000000000000e+00 0.000000000000000000e+00 0.000000000000000000e+00
4.750000000000000000e+03 1.899947622938746861e-02 2.844788347746927612e-03 9.971552116522530707e-01 0.000000000000000000e+00 0.000000000000000000e+00 0.000000000000000000e+00
5.000000000000000000e+03 1.999944866251324171e-02 1.137915339098770958e-03 9.988620846609012061e-01 0.000000000000000000e+00 0.000000000000000000e+00 0.000000000000000000e+00
5.250000000000000000e+03 2.099942109563879278e-02 2.048247610377787811e-03 9.977241693218024121e-01 0.000000000000000000e+00 2.275830678197542133e-04 0.000000000000000000e+00
5.500000000000000000e+03 2.199939352876456589e-02 4.551661356395083832e-03 9.954483386436049352e-01 0.000000000000000000e+00 0.000000000000000000e+00 0.000000000000000000e+00
5.750000000000000000e+03 2.299936596189011695e-02 1.479289940828402332e-03 9.985207100591716456e-01 0.000000000000000000e+00 0.000000000000000000e+00 0.000000000000000000e+00
6.000000000000000000e+03 2.399933839501589006e-02 3.072371415566681717e-03 9.967000455166135087e-01 0.000000000000000000e+00 2.275830678197542133e-04 0.000000000000000000e+00
6.250000000000000000e+03 2.499931082814144112e-02 2.503413746017296455e-03 9.973827947200728516e-01 0.000000000000000000e+00 1.137915339098771066e-04 0.000000000000000000e+00
6.500000000000000000e+03 2.599928326126721423e-02 4.437869822485207214e-03 9.955621301775148257e-01 0.000000000000000000e+00 0.000000000000000000e+00 0.000000000000000000e+00
6.750000000000000000e+03 2.699925569439276529e-02 1.934456076467910759e-03 9.980655439235320836e-01 0.000000000000000000e+00 0.000000000000000000e+00 0.000000000000000000e+00
7.000000000000000000e+03 2.799922812751853840e-02 3.982703686845699004e-03 9.960172963131542767e-01 0.000000000000000000e+00 0.000000000000000000e+00 0.000000000000000000e+00
7.250000000000000000e+03 2.899920056064408946e-02 2.958579881656804664e-03 9.970414201183431802e-01 0.000000000000000000e+00 0.000000000000000000e+00 0.000000000000000000e+00
7.500000000000000000e+03 2.999917299376986257e-02 4.096495220755575623e-03 9.959035047792443862e-01 0.000000000000000000e+00 0.000000000000000000e+00 0.000000000000000000e+00
7.750000000000000000e+03 3.099914542689541364e-02 3.072371415566681717e-03 9.968138370505233992e-01 0.000000000000000000e+00 1.137915339098771066e-04 0.000000000000000000e+00
8.000000000000000000e+03 3.199911786002118674e-02 2.162039144287664864e-03 9.976103777878926326e-01 0.000000000000000000e+00 2.275830678197542133e-04 0.000000000000000000e+00
8.250000000000000000e+03 3.299909029314673781e-02 5.575785161583977738e-03 9.944242148384160318e-01 0.000000000000000000e+00 0.000000000000000000e+00 0.000000000000000000e+00
8.500000000000000000e+03 3.399906272627251091e-02 5.689576695493855224e-03 9.941966317705962508e-01 0.000000000000000000e+00 1.137915339098771066e-04 0.000000000000000000e+00
8.750000000000000000e+03 3.499903515939806198e-02 5.348202093764223633e-03 9.944242148384160318e-01 0.000000000000000000e+00 2.275830678197542133e-04 0.000000000000000000e+00
9.000000000000000000e+03 3.599900759252383509e-02 5.234410559854347014e-03 9.946517979062358128e-01 0.000000000000000000e+00 1.137915339098771066e-04 0.000000000000000000e+00
9.250000000000000000e+03 3.699898002564938615e-02 6.372325898953117539e-03 9.934000910332271284e-01 0.000000000000000000e+00 2.275830678197542133e-04 0.000000000000000000e+00
9.500000000000000000e+03 3.799895245877493721e-02 6.599908966772872511e-03 9.932862994993172379e-01 0.000000000000000000e+00 1.137915339098771066e-04 0.000000000000000000e+00
9.750000000000000000e+03 3.899892489190071032e-02 5.120619025944469528e-03 9.948793809740554828e-01 0.000000000000000000e+00 0.000000000000000000e+00 0.000000000000000000e+00
1.000000000000000000e+04 3.999889732502626138e-02 8.989531178880291046e-03 9.905553026854801990e-01 0.000000000000000000e+00 4.551661356395084266e-04 0.000000000000000000e+00
1.025000000000000000e+04 4.099886975815203449e-02 1.399635867091488309e-02 9.858898497951752438e-01 0.000000000000000000e+00 1.137915339098771066e-04 0.000000000000000000e+00
1.050000000000000000e+04 4.199884219127758556e-02 9.103322712790167665e-03 9.906690942193900895e-01 0.000000000000000000e+00 2.275830678197542133e-04 0.000000000000000000e+00
1.075000000000000000e+04 4.299881462440335866e-02 7.282658170232134826e-03 9.923759672280382249e-01 0.000000000000000000e+00 3.413746017296313199e-04 0.000000000000000000e+00
1.100000000000000000e+04 4.399878705752890973e-02 1.308602639963586667e-02 9.864588074647245852e-01 0.000000000000000000e+00 4.551661356395084266e-04 0.000000000000000000e+00
1.125000000000000000e+04 4.499875949065468284e-02 1.172052799271734204e-02 9.880518889394629412e-01 0.000000000000000000e+00 2.275830678197542133e-04 0.000000000000000000e+00
1.150000000000000000e+04 4.599873192378023390e-02 1.092398725534820224e-02 9.885070550751023921e-01 0.000000000000000000e+00 5.689576695493854790e-04 0.000000000000000000e+00
1.175000000000000000e+04 4.699870435690600701e-02 1.172052799271734204e-02 9.879380974055530507e-01 0.000000000000000000e+00 3.413746017296313199e-04 0.000000000000000000e+00
1.200000000000000000e+04 4.799867679003155807e-02 1.081019572143832562e-02 9.889622212107419541e-01 0.000000000000000000e+00 2.275830678197542133e-04 0.000000000000000000e+00
1.225000000000000000e+04 4.899864922315733118e-02 1.331360946745562164e-02 9.861174328629950248e-01 0.000000000000000000e+00 5.689576695493854790e-04 0.000000000000000000e+00
1.250000000000000000e+04 4.999862165628288224e-02 1.297223486572599005e-02 9.868001820664542567e-01 0.000000000000000000e+00 2.275830678197542133e-04 0.000000000000000000e+00
1.275000000000000000e+04 5.099859408940865535e-02 1.513427401001365448e-02 9.841829767865271084e-01 0.000000000000000000e+00 6.827492034592626399e-04 0.000000000000000000e+00
1.300000000000000000e+04 5.199856652253420641e-02 1.319981793354574502e-02 9.863450159308146947e-01 0.000000000000000000e+00 4.551661356395084266e-04 0.000000000000000000e+00
1.325000000000000000e+04 5.299853895565997952e-02 1.342740100136549826e-02 9.861174328629950248e-01 0.000000000000000000e+00 4.551661356395084266e-04 0.000000000000000000e+00
1.350000000000000000e+04 5.399851138878553058e-02 1.718252162039144229e-02 9.814519799726900695e-01 0.000000000000000000e+00 1.365498406918525280e-03 0.000000000000000000e+00
1.375000000000000000e+04 5.499848382191130369e-02 1.843422849340009204e-02 9.807692307692307265e-01 0.000000000000000000e+00 7.965407373691396923e-04 0.000000000000000000e+00
1.400000000000000000e+04 5.599845625503685476e-02 2.196176604460628110e-02 9.773554847519344557e-01 0.000000000000000000e+00 6.827492034592626399e-04 0.000000000000000000e+00
1.425000000000000000e+04 5.699842868816262786e-02 1.638598088302230249e-02 9.830450614474283144e-01 0.000000000000000000e+00 5.689576695493854790e-04 0.000000000000000000e+00
1.450000000000000000e+04 5.799840112128817893e-02 1.843422849340009204e-02 9.808830223031406170e-01 0.000000000000000000e+00 6.827492034592626399e-04 0.000000000000000000e+00
1.475000000000000000e+04 5.899837355441395204e-02 1.763768775603095224e-02 9.807692307692307265e-01 0.000000000000000000e+00 1.593081474738279385e-03 0.000000000000000000e+00
1.500000000000000000e+04 5.999834598753950310e-02 1.968593536640873831e-02 9.795175238962221531e-01 0.000000000000000000e+00 7.965407373691396923e-04 0.000000000000000000e+00
1.525000000000000000e+04 6.099831842066527621e-02 2.742375967228038308e-02 9.707555757851615841e-01 0.000000000000000000e+00 1.820664542558033706e-03 0.000000000000000000e+00
1.550000000000000000e+04 6.199829085379082727e-02 2.378243058716431393e-02 9.750796540737368678e-01 0.000000000000000000e+00 1.137915339098770958e-03 0.000000000000000000e+00
1.575000000000000000e+04 6.299826328691660038e-02 3.197542102867546865e-02 9.660901228948566288e-01 0.000000000000000000e+00 1.934456076467910759e-03 0.000000000000000000e+00
1.600000000000000000e+04 6.399823572004215144e-02 3.243058716431497512e-02 9.659763313609467383e-01 0.000000000000000000e+00 1.593081474738279385e-03 0.000000000000000000e+00
1.625000000000000000e+04 6.499820815316792455e-02 3.356850250341374825e-02 9.649522075557578349e-01 0.000000000000000000e+00 1.479289940828402332e-03 0.000000000000000000e+00
1.650000000000000000e+04 6.599818058629347561e-02 3.914428766499772339e-02 9.582385070550750727e-01 0.000000000000000000e+00 2.617205279927173507e-03 0.000000000000000000e+00
1.675000000000000000e+04 6.699815301941924872e-02 3.641329085116067066e-02 9.610832954028220021e-01 0.000000000000000000e+00 2.503413746017296455e-03 0.000000000000000000e+00
1.700000000000000000e+04 6.799812545254479978e-02 3.925807919890760000e-02 9.576695493855257313e-01 0.000000000000000000e+00 3.072371415566681717e-03 0.000000000000000000e+00
1.725000000000000000e+04 6.899809788567057289e-02 3.846153846153846367e-02 9.578971324533455123e-01 0.000000000000000000e+00 3.641329085116067413e-03 0.000000000000000000e+00
1.750000000000000000e+04 6.999807031879612396e-02 3.948566226672735324e-02 9.583522985889849632e-01 0.000000000000000000e+00 2.162039144287664864e-03 0.000000000000000000e+00
1.775000000000000000e+04 7.099804275192189706e-02 4.233045061447428259e-02 9.557350933090578149e-01 0.000000000000000000e+00 1.934456076467910759e-03 0.000000000000000000e+00
1.800000000000000000e+04 7.199801518504744813e-02 5.359581247155211642e-02 9.423076923076922906e-01 0.000000000000000000e+00 4.096495220755575623e-03 0.000000000000000000e+00
1.825000000000000000e+04 7.299798761817299919e-02 6.827492034592626269e-02 9.258079198907601670e-01 0.000000000000000000e+00 5.917159763313609329e-03 0.000000000000000000e+00
1.850000000000000000e+04 7.399796005129877230e-02 4.699590350477924477e-02 9.493627674101047242e-01 0.000000000000000000e+00 3.641329085116067413e-03 0.000000000000000000e+00
1.875000000000000000e+04 7.499793248442432336e-02 6.497496586253982687e-02 9.287664997724169869e-01 0.000000000000000000e+00 6.258534365043240920e-03 0.000000000000000000e+00
1.900000000000000000e+04 7.599790491755009647e-02 6.816112881201638607e-02 9.270596267637687404e-01 0.000000000000000000e+00 4.779244424214838804e-03 0.000000000000000000e+00
1.925000000000000000e+04 7.699787735067564753e-02 6.406463359126081392e-02 9.309285389167045732e-01 0.000000000000000000e+00 5.006827492034592909e-03 0.000000000000000000e+00
1.950000000000000000e+04 7.799784978380142064e-02 8.796085571233500100e-02 9.060081929904415521e-01 0.000000000000000000e+00 6.030951297223486815e-03 0.000000000000000000e+00
1.975000000000000000e+04 7.899782221692697171e-02 8.386436049157942885e-02 9.073736913973600160e-01 0.000000000000000000e+00 8.761948111060537808e-03 0.000000000000000000e+00
2.000000000000000000e+04 7.999779465005274481e-02 9.171597633136094330e-02 8.988393263541192280e-01 0.000000000000000000e+00 9.444697314519799256e-03 0.000000000000000000e+00
2.025000000000000000e+04 8.099776708317829588e-02 1.159535730541647741e-01 8.707328174783796060e-01 0.000000000000000000e+00 1.331360946745562164e-02 0.000000000000000000e+00
2.050000000000000000e+04 8.199773951630406899e-02 1.032089212562585373e-01 8.831360946745562268e-01 0.000000000000000000e+00 1.365498406918525323e-02 0.000000000000000000e+00
2.075000000000000000e+04 8.299771194942962005e-02 1.170914883932635403e-01 8.674328629949932257e-01 0.000000000000000000e+00 1.547564861174328607e-02 0.000000000000000000e+00
2.100000000000000000e+04 8.399768438255539316e-02 1.406463359126081114e-01 8.346609012289485374e-01 0.000000000000000000e+00 2.469276285844333035e-02 0.000000000000000000e+00
2.125000000000000000e+04 8.499765681568094422e-02 1.646563495675921751e-01 7.823167956304051263e-01 0.000000000000000000e+00 5.302685480200273332e-02 0.000000000000000000e+00
2.150000000000000000e+04 8.599762924880671733e-02 2.050523441055985552e-01 6.768320436959490705e-01 2.389622212107419402e-03 1.157259899863450209e-01 0.000000000000000000e+00
2.175000000000000000e+04 8.699760168193226839e-02 2.347519344560764776e-01 5.673645880746472914e-01 1.752389622212107562e-02 1.803595812471552040e-01 0.000000000000000000e+00
2.200000000000000000e+04 8.799757411505804150e-02 2.498862084660901095e-01 5.151342740100136597e-01 4.483386436049158208e-02 1.901456531634046487e-01 0.000000000000000000e+00
2.225000000000000000e+04 8.899754654818359256e-02 2.554619936276740777e-01 5.167273554847519046e-01 8.534365043240782489e-02 1.424670004551661373e-01 0.000000000000000000e+00
2.250000000000000000e+04 8.999751898130936567e-02 2.322485207100591642e-01 5.459717796995903205e-01 1.275603095129722309e-01 9.421939007737824279e-02 0.000000000000000000e+00
2.275000000000000000e+04 9.099749141443491673e-02 2.259899863450159363e-01 5.343650432407829332e-01 1.504324078288575284e-01 8.921256258534364381e-02 0.000000000000000000e+00
2.300000000000000000e+04 9.199746384756068984e-02 2.209831588529813373e-01 5.149066909421938787e-01 1.962903959945380139e-01 6.781975421028675621e-02 0.000000000000000000e+00
2.325000000000000000e+04 9.299743628068624091e-02 1.991351843422849432e-01 5.277651342740100615e-01 2.126763768775603025e-01 6.042330450614474130e-02 0.000000000000000000e+00
2.350000000000000000e+04 9.399740871381201401e-02 1.940145653163404538e-01 5.332271279016841392e-01 2.187073281747838049e-01 5.405097860719162289e-02 0.000000000000000000e+00
2.375000000000000000e+04 9.499738114693756508e-02 1.614701866181156020e-01 5.498406918525261533e-01 2.426035502958579781e-01 4.608557123350022489e-02 0.000000000000000000e+00
2.400000000000000000e+04 9.599735358006333819e-02 1.580564406008193035e-01 5.551888939462903405e-01 2.504551661356395065e-01 3.629949931725079404e-02 0.000000000000000000e+00
2.425000000000000000e+04 9.699732601318888925e-02 1.561219845243513871e-01 5.543923532089212181e-01 2.522758306781975324e-01 3.720983158852981393e-02 0.000000000000000000e+00
2.450000000000000000e+04 9.799729844631466236e-02 1.447428311333636697e-01 5.523441055985435222e-01 2.588757396449704040e-01 4.403732362312243881e-02 0.000000000000000000e+00
2.475000000000000000e+04 9.899727087944021342e-02 1.345015930814747462e-01 5.480200273099681274e-01 2.779927173418297870e-01 3.948566226672735324e-02 0.000000000000000000e+00
2.500000000000000000e+04 9.999724331256598653e-02 1.438324988620846567e-01 5.438097405553027341e-01 2.777651342740100060e-01 3.459262630860263782e-02 0.000000000000000000e+00
2.525000000000000000e+04 1.009972157456915376e-01 1.366636322257624159e-01 5.493855257168867023e-01 2.766272189349112676e-01 3.732362312243969055e-02 0.000000000000000000e+00
2.550000000000000000e+04 1.019971881788173107e-01 1.472462448793809831e-01 5.431269913518433912e-01 2.763996358670914866e-01 3.322712790168411146e-02 0.000000000000000000e+00
2.575000000000000000e+04 1.029971606119428618e-01 1.488393263541192557e-01 5.373236231224396420e-01 2.761720527992717611e-01 3.766499772416932040e-02 0.000000000000000000e+00
2.600000000000000000e+04 1.039971330450686349e-01 1.597633136094674666e-01 5.277651342740100615e-01 2.732134729176149412e-01 3.925807919890760000e-02 0.000000000000000000e+00
2.625000000000000000e+04 1.049971054781941859e-01 1.538461538461538547e-01 5.271961766044606090e-01 2.736686390532544477e-01 4.528903049613108855e-02 0.000000000000000000e+00
2.650000000000000000e+04 1.059970779113199590e-01 1.581702321347291662e-01 5.278789258079198410e-01 2.733272644515248317e-01 4.062357760582612637e-02 0.000000000000000000e+00
2.675000000000000000e+04 1.069970503444455101e-01 1.634046426945835184e-01 5.225307237141556538e-01 2.697997269003186149e-01 4.426490669094219205e-02 0.000000000000000000e+00
2.700000000000000000e+04 1.079970227775712832e-01 1.593081474738279601e-01 5.141101502048247562e-01 2.693445607646791085e-01 5.723714155666818210e-02 0.000000000000000000e+00
2.725000000000000000e+04 1.089969952106968343e-01 1.844560764679107900e-01 4.962448793809740577e-01 2.591033227127901850e-01 6.019572143832498806e-02 0.000000000000000000e+00
2.750000000000000000e+04 1.099969676438223853e-01 1.837733272644515303e-01 5.029585798816568198e-01 2.579654073736913911e-01 5.530268548020027264e-02 0.000000000000000000e+00
2.775000000000000000e+04 1.109969400769481584e-01 1.928766499772416876e-01 4.902139280837505830e-01 2.594446973145198010e-01 5.746472462448793533e-02 0.000000000000000000e+00
2.800000000000000000e+04 1.119969125100737095e-01 1.929904415111515781e-01 4.841829767865271084e-01 2.608101957214383204e-01 6.201638598088302090e-02 0.000000000000000000e+00
2.825000000000000000e+04 1.129968849431994826e-01 2.023213472917614886e-01 4.731451979972690070e-01 2.553482020937642427e-01 6.918525261720527564e-02 0.000000000000000000e+00
2.850000000000000000e+04 1.139968573763250337e-01 2.090350477924442507e-01 4.525489303595812696e-01 2.537551206190259423e-01 8.466090122894856518e-02 0.000000000000000000e+00
2.875000000000000000e+04 1.149968298094508068e-01 2.241693218024579104e-01 4.212562585343650468e-01 2.575102412380518846e-01 9.706417842512517213e-02 0.000000000000000000e+00
2.900000000000000000e+04 1.159968022425763579e-01 2.327036868456986707e-01 4.052116522530723741e-01 2.725307237141556538e-01 8.955393718707328754e-02 0.000000000000000000e+00
2.925000000000000000e+04 1.169967746757021310e-01 2.237141556668183762e-01 4.054392353208920996e-01 2.875512061902594230e-01 8.329540282203004575e-02 0.000000000000000000e+00
2.950000000000000000e+04 1.179967471088276820e-01 2.174556213017751483e-01 4.039599453800637452e-01 3.026854802002730827e-01 7.589895311788802390e-02 0.000000000000000000e+00
2.975000000000000000e+04 1.189967195419534551e-01 2.329312699135184239e-01 3.766499772416932457e-01 3.023441055985434667e-01 8.807464724624487762e-02 0.000000000000000000e+00
3.000000000000000000e+04 1.199966919750790062e-01 2.422621756941283622e-01 3.667501137915338827e-01 3.043923532089212736e-01 8.659535730541648157e-02 0.000000000000000000e+00
3.025000000000000000e+04 1.209966644082047793e-01 2.471552116522530707e-01 3.567364588074647402e-01 3.013199817933545632e-01 9.478834774692762588e-02 0.000000000000000000e+00
3.050000000000000000e+04 1.219966368413303304e-01 2.638825671370050308e-01 3.461538461538461453e-01 2.949476558944014726e-01 9.501593081474737912e-02 0.000000000000000000e+00
3.075000000000000000e+04 1.229966092744561035e-01 2.643377332726445372e-01 3.221438324988620816e-01 2.845926263086026586e-01 1.289258079198907503e-01 0.000000000000000000e+00
3.100000000000000000e+04 1.239965817075816545e-01 2.841374601729631522e-01 3.188438780154756458e-01 2.699135184342285054e-01 1.271051433773327244e-01 0.000000000000000000e+00
3.125000000000000000e+04 1.249965541407074276e-01 2.843650432407828776e-01 3.113336367774237612e-01 2.748065543923531862e-01 1.294947655894401473e-01 0.000000000000000000e+00
3.150000000000000000e+04 1.259965265738329787e-01 2.849340009103322746e-01 3.023441055985434667e-01 2.775375512061902805e-01 1.351843422849340060e-01 0.000000000000000000e+00
3.175000000000000000e+04 1.269964990069587518e-01 2.883477469276286009e-01 2.872098315885298070e-01 2.717341829767865313e-01 1.527082385070550885e-01 0.000000000000000000e+00
3.200000000000000000e+04 1.279964714400843029e-01 2.898270368684570109e-01 2.655894401456531662e-01 2.752617205279926926e-01 1.693218024578971304e-01 0.000000000000000000e+00
3.225000000000000000e+04 1.289964438732100760e-01 3.103095129722348577e-01 2.588757396449704040e-01 2.606964041875284299e-01 1.701183431952662806e-01 0.000000000000000000e+00
3.250000000000000000e+04 1.299964163063356271e-01 3.056440600819299025e-01 2.526172052799271484e-01 2.612653618570778269e-01 1.804733727810650945e-01 0.000000000000000000e+00
3.275000000000000000e+04 1.309963887394614002e-01 3.255575785161584079e-01 2.284934000910332219e-01 2.717341829767865313e-01 1.742148384160218388e-01 0.000000000000000000e+00
3.300000000000000000e+04 1.319963611725869512e-01 3.235093309057806010e-01 2.135867091488393155e-01 2.762858443331815961e-01 1.866181156121984597e-01 0.000000000000000000e+00
3.325000000000000000e+04 1.329963336057127243e-01 3.062130177514792995e-01 2.042558033682294050e-01 2.842512517068729871e-01 2.052799271734183084e-01 0.000000000000000000e+00
3.350000000000000000e+04 1.339963060388382754e-01 3.130405097860718966e-01 1.764906690942193990e-01 2.784478834774692935e-01 2.320209376422394110e-01 0.000000000000000000e+00
3.375000000000000000e+04 1.349962784719640485e-01 3.096267637687756258e-01 1.692080109239872676e-01 2.833409194355939742e-01 2.378243058716431602e-01 0.000000000000000000e+00
3.400000000000000000e+04 1.359962509050895996e-01 3.179335457441966328e-01 1.536185707783341015e-01 2.870960400546199165e-01 2.413518434228493492e-01 0.000000000000000000e+00
3.425000000000000000e+04 1.369962233382153727e-01 3.198680018206645492e-01 1.556668183887118806e-01 2.927856167501137752e-01 2.316795630405097950e-01 0.000000000000000000e+00
3.450000000000000000e+04 1.379961957713409237e-01 3.145197997269003065e-01 1.568047337278106468e-01 2.993855257168866468e-01 2.292899408284023721e-01 0.000000000000000000e+00
3.475000000000000000e+04 1.389961682044666968e-01 3.218024578971324656e-01 1.425807919890760000e-01 3.048475193445607800e-01 2.307692307692307820e-01 0.000000000000000000e+00
3.500000000000000000e+04 1.399961406375922479e-01 3.158852981338188259e-01 1.250568957669549452e-01 2.956304050978607045e-01 2.634274010013655243e-01 0.000000000000000000e+00
3.525000000000000000e+04 1.409961130707180210e-01 3.241920801092398885e-01 1.208466090122894826e-01 3.116750113791533772e-01 2.432862994993172379e-01 0.000000000000000000e+00
3.550000000000000000e+04 1.419960855038435721e-01 3.290851160673645692e-01 1.184569868001820597e-01 3.159990896677287164e-01 2.364588074647246130e-01 0.000000000000000000e+00
3.575000000000000000e+04 1.429960579369693452e-01 3.279472007282658308e-01 1.034365043240782905e-01 3.203231679563040557e-01 2.482931269913518368e-01 0.000000000000000000e+00
3.600000000000000000e+04 1.439960303700948963e-01 3.264679107874374209e-01 9.979517523896222486e-02 3.288575329995448437e-01 2.448793809740555383e-01 0.000000000000000000e+00
3.625000000000000000e+04 1.449960028032204473e-01 3.208921256258534527e-01 9.934000910332271839e-02 3.347746927628584279e-01 2.449931725079654010e-01 0.000000000000000000e+00
3.650000000000000000e+04 1.459959752363462204e-01 3.244196631770596140e-01 9.456076467910787264e-02 3.413746017296312996e-01 2.396449704142011861e-01 0.000000000000000000e+00
3.675000000000000000e+04 1.469959476694717715e-01 3.068957669549385314e-01 9.410559854346836617e-02 3.427401001365498190e-01 2.562585343650432557e-01 0.000000000000000000e+00
3.700000000000000000e+04 1.479959201025975446e-01 3.064406008192990249e-01 9.114701866181156020e-02 3.532089212562585234e-01 2.492034592626308498e-01 0.000000000000000000e+00
3.725000000000000000e+04 1.489958925357230957e-01 3.141784251251706905e-01 8.318161128812016913e-02 3.601502048247610110e-01 2.424897587619481154e-01 0.000000000000000000e+00
3.750000000000000000e+04 1.499958649688488688e-01 3.049613108784706150e-01 7.589895311788802390e-02 3.800637232589895165e-01 2.390760127446517891e-01 0.000000000000000000e+00
3.775000000000000000e+04 1.509958374019744198e-01 3.108784706417842547e-01 7.601274465179790052e-02 3.824533454710969393e-01 2.306554392353208915e-01 0.000000000000000000e+00
3.800000000000000000e+04 1.519958098351001929e-01 3.056440600819299025e-01 6.964041875284478211e-02 3.975876194811105990e-01 2.271279016841147025e-01 0.000000000000000000e+00
3.825000000000000000e+04 1.529957822682257440e-01 3.059854346836595185e-01 6.998179335457442585e-02 4.011151570323168158e-01 2.229176149294492537e-01 0.000000000000000000e+00
3.850000000000000000e+04 1.539957547013515171e-01 2.966545289030496080e-01 7.020937642239417908e-02 4.157942649066909691e-01 2.173418297678652578e-01 0.000000000000000000e+00
3.875000000000000000e+04 1.549957271344770682e-01 2.823167956304050707e-01 7.430587164314975124e-02 4.235320892125625791e-01 2.198452435138825711e-01 0.000000000000000000e+00
3.900000000000000000e+04 1.559956995676028413e-01 2.991579426490669213e-01 7.828857532999544677e-02 4.286527082385070408e-01 1.939007737824305910e-01 0.000000000000000000e+00
3.925000000000000000e+04 1.569956720007283923e-01 2.971096950386891145e-01 7.373691397360036814e-02 4.410559854346836617e-01 1.880974055530268418e-01 0.000000000000000000e+00
3.950000000000000000e+04 1.579956444338541655e-01 2.950614474283113076e-01 7.180245789713245175e-02 4.470869367319071364e-01 1.860491579426490627e-01 0.000000000000000000e+00
3.975000000000000000e+04 1.589956168669797165e-01 2.940373236231224596e-01 7.294037323623121793e-02 4.467455621301775204e-01 1.862767410104688159e-01 0.000000000000000000e+00
4.000000000000000000e+04 1.599955893001054896e-01 2.791306326809285254e-01 7.168866636322257513e-02 4.734865725989986229e-01 1.756941283568502488e-01 0.000000000000000000e+00
4.025000000000000000e+04 1.609955617332310407e-01 2.715065999089667503e-01 6.611288120163859305e-02 4.968138370505234547e-01 1.655666818388711881e-01 0.000000000000000000e+00
4.050000000000000000e+04 1.619955341663568138e-01 2.652480655439235502e-01 7.259899863450158808e-02 5.045516613563950648e-01 1.576012744651797970e-01 0.000000000000000000e+00
4.075000000000000000e+04 1.629955065994823649e-01 2.569412835685024876e-01 7.521620391442876419e-02 5.121756941283568398e-01 1.556668183887118806e-01 0.000000000000000000e+00
4.100000000000000000e+04 1.639954790326081380e-01 2.525034137460173134e-01 7.430587164314975124e-02 5.180928538916704795e-01 1.550978607191624836e-01 0.000000000000000000e+00
4.125000000000000000e+04 1.649954514657336890e-01 2.638825671370050308e-01 7.851615839781520001e-02 5.304961310878471004e-01 1.271051433773327244e-01 0.000000000000000000e+00
4.150000000000000000e+04 1.659954238988594621e-01 2.532999544833864358e-01 7.385070550751024476e-02 5.331133363677742487e-01 1.397360036413290985e-01 0.000000000000000000e+00
4.175000000000000000e+04 1.669953963319850132e-01 2.627446517979062368e-01 7.362312243969049153e-02 5.380063723258989850e-01 1.256258534365043145e-01 0.000000000000000000e+00
4.200000000000000000e+04 1.679953687651107863e-01 2.462448793809740577e-01 8.568502503413745475e-02 5.353891670459717256e-01 1.326809285389166926e-01 0.000000000000000000e+00
4.225000000000000000e+04 1.689953411982363374e-01 2.464724624487938109e-01 7.749203459262631044e-02 5.400546199362767918e-01 1.359808830223031284e-01 0.000000000000000000e+00
4.250000000000000000e+04 1.699953136313621105e-01 2.510241238051889034e-01 7.692307692307692735e-02 5.383477469276285454e-01 1.337050523441055960e-01 0.000000000000000000e+00
4.275000000000000000e+04 1.709952860644876615e-01 2.447655894401456478e-01 7.157487482931269851e-02 5.475648611743286764e-01 1.360946745562130189e-01 0.000000000000000000e+00
4.300000000000000000e+04 1.719952584976134347e-01 2.453345471096950448e-01 7.453345471096950448e-02 5.434683659535730627e-01 1.366636322257624159e-01 0.000000000000000000e+00
4.325000000000000000e+04 1.729952309307389857e-01 2.413518434228493492e-01 7.419208010923987462e-02 5.426718252162039402e-01 1.417842512517068776e-01 0.000000000000000000e+00
4.350000000000000000e+04 1.739952033638647588e-01 2.439690487027765253e-01 7.191624943104232837e-02 5.547337278106508895e-01 1.293809740555302568e-01 0.000000000000000000e+00
4.375000000000000000e+04 1.749951757969903099e-01 2.420345926263086089e-01 7.100591715976331542e-02 5.583750568957669413e-01 1.285844333181611343e-01 0.000000000000000000e+00
4.400000000000000000e+04 1.759951482301160830e-01 2.423759672280382249e-01 6.725079654073737312e-02 5.629267182521620061e-01 1.274465179790623681e-01 0.000000000000000000e+00
4.425000000000000000e+04 1.769951206632416341e-01 2.195038689121529274e-01 6.656804733727811341e-02 5.828402366863905115e-01 1.310878470641784199e-01 0.000000000000000000e+00
4.450000000000000000e+04 1.779950930963674072e-01 2.156349567592171224e-01 5.996813837050523482e-02 6.013882567137005530e-01 1.230086481565771522e-01 0.000000000000000000e+00
4.475000000000000000e+04 1.789950655294929582e-01 2.124487938097405493e-01 5.837505689576695522e-02 6.044606281292671524e-01 1.247155211652253015e-01 0.000000000000000000e+00
4.500000000000000000e+04 1.799950379626187313e-01 2.071005917159763343e-01 5.427856167501137613e-02 6.238051888939463163e-01 1.148156577150659940e-01 0.000000000000000000e+00
4.525000000000000000e+04 1.809950103957442824e-01 2.041420118343195145e-01 5.177514792899408358e-02 6.263086026399635742e-01 1.177742375967228000e-01 0.000000000000000000e+00
4.550000000000000000e+04 1.819949828288698335e-01 1.941283568502503443e-01 5.700955848884842886e-02 6.439462903959944917e-01 1.049157942649066866e-01 0.000000000000000000e+00
4.575000000000000000e+04 1.829949552619956066e-01 1.826354119253527641e-01 5.188893946290396020e-02 6.652253072371415721e-01 1.002503413746017313e-01 0.000000000000000000e+00
4.600000000000000000e+04 1.839949276951211576e-01 1.562357760582612776e-01 5.279927173418298009e-02 7.040282203004096795e-01 8.693673190714611143e-02 0.000000000000000000e+00
4.625000000000000000e+04 1.849949001282469307e-01 1.530496131087847045e-01 5.427856167501137613e-02 7.156349567592170668e-01 7.703686845698680397e-02 0.000000000000000000e+00
4.650000000000000000e+04 1.859948725613724818e-01 1.343878015475648557e-01 5.541647701411014926e-02 7.377105143377332697e-01 7.248520710059171146e-02 0.000000000000000000e+00
4.675000000000000000e+04 1.869948449944982549e-01 1.310878470641784199e-01 5.780609922621757213e-02 7.419208010923987739e-01 6.918525261720527564e-02 0.000000000000000000e+00
4.700000000000000000e+04 1.879948174276238060e-01 1.368912152935821691e-01 5.837505689576695522e-02 7.434000910332271284e-01 6.133363677742376119e-02 0.000000000000000000e+00
4.725000000000000000e+04 1.889947898607495791e-01 1.226672735548475224e-01 5.894401456531633832e-02 7.502275830678197810e-01 6.816112881201638607e-02 0.000000000000000000e+00
4.750000000000000000e+04 1.899947622938751302e-01 1.312016385980883104e-01 5.985434683659535821e-02 7.478379608557123026e-01 6.110605370960400795e-02 0.000000000000000000e+00
4.775000000000000000e+04 1.909947347270009033e-01 1.359808830223031284e-01 5.939918070095585173e-02 7.490896677287209870e-01 5.553026854802002588e-02 0.000000000000000000e+00
4.800000000000000000e+04 1.919947071601264543e-01 1.428083750568957533e-01 5.871643149749658508e-02 7.449931725079653733e-01 5.348202093764223980e-02 0.000000000000000000e+00
4.825000000000000000e+04 1.929946795932522274e-01 1.319981793354574329e-01 6.087847064178425471e-02 7.514792899408283544e-01 5.564406008192990249e-02 0.000000000000000000e+00
4.850000000000000000e+04 1.939946520263777785e-01 1.398497951752389612e-01 6.030951297223486468e-02 7.521620391442876974e-01 4.767865270823850449e-02 0.000000000000000000e+00
4.875000000000000000e+04 1.949946244595035516e-01 1.342740100136549930e-01 6.156121984524351443e-02 7.548930359581247362e-01 4.927173418297678409e-02 0.000000000000000000e+00
4.900000000000000000e+04 1.959945968926291027e-01 1.352981338188438687e-01 5.985434683659535821e-02 7.551206190259445172e-01 4.972690031861629750e-02 0.000000000000000000e+00
4.925000000000000000e+04 1.969945693257548758e-01 1.366636322257624159e-01 5.996813837050523482e-02 7.587619481110605690e-01 4.460628129267182190e-02 0.000000000000000000e+00
4.950000000000000000e+04 1.979945417588804268e-01 1.333636777423759801e-01 5.837505689576695522e-02 7.629722348657259623e-01 4.528903049613108855e-02 0.000000000000000000e+00
4.975000000000000000e+04 1.989945141920061999e-01 1.314292216659080637e-01 5.632680928538916915e-02 7.650204824761037692e-01 4.722348657259899801e-02 0.000000000000000000e+00
5.000000000000000000e+04 1.999944866251317510e-01 1.429221665908056438e-01 5.689576695493855224e-02 7.622894856622667303e-01 3.789258079198907364e-02 0.000000000000000000e+00
5.025000000000000000e+04 2.009944590582575241e-01 1.392808375056895642e-01 5.644060081929904577e-02 7.686618115612198210e-01 3.561675011379153433e-02 0.000000000000000000e+00
5.050000000000000000e+04 2.019944314913830752e-01 1.341602184797451025e-01 5.370960400546199304e-02 7.730996813837051063e-01 3.903049613108784677e-02 0.000000000000000000e+00
5.075000000000000000e+04 2.029944039245088483e-01 1.289258079198907503e-01 5.564406008192990249e-02 7.729858898497952158e-01 4.244424214838415921e-02 0.000000000000000000e+00
5.100000000000000000e+04 2.039943763576343994e-01 1.374601729631315383e-01 5.359581247155211642e-02 7.725307237141556538e-01 3.641329085116067066e-02 0.000000000000000000e+00
5.125000000000000000e+04 2.049943487907601725e-01 1.393946290395994547e-01 5.530268548020027264e-02 7.717341829767865313e-01 3.356850250341374825e-02 0.000000000000000000e+00
5.150000000000000000e+04 2.059943212238857235e-01 1.294947655894401473e-01 5.541647701411014926e-02 7.766272189349112676e-01 3.846153846153846367e-02 0.000000000000000000e+00
5.175000000000000000e+04 2.069942936570114966e-01 1.391670459717797015e-01 5.564406008192990249e-02 7.716203914428766408e-01 3.356850250341374825e-02 0.000000000000000000e+00
5.200000000000000000e+04 2.079942660901370477e-01 1.378015475648611821e-01 5.439235320892125969e-02 7.763996358670914866e-01 3.140646335912607862e-02 0.000000000000000000e+00
5.225000000000000000e+04 2.089942385232628208e-01 1.346153846153846090e-01 5.496131087847064278e-02 7.785616750113791840e-01 3.186162949476559203e-02 0.000000000000000000e+00
5.250000000000000000e+04 2.099942109563883719e-01 1.385980883022303045e-01 5.541647701411014926e-02 7.749203459262631322e-01 3.106508875739644876e-02 0.000000000000000000e+00
5.275000000000000000e+04 2.109941833895141450e-01 1.335912608101957333e-01 5.496131087847064278e-02 7.787892580791988539e-01 3.265817023213472836e-02 0.000000000000000000e+00
5.300000000000000000e+04 2.119941558226396960e-01 1.392808375056895642e-01 5.416477014110149951e-02 7.783340919435594030e-01 2.822030040964952288e-02 0.000000000000000000e+00
5.325000000000000000e+04 2.129941282557654691e-01 1.359808830223031284e-01 5.473372781065088954e-02 7.796995903504779779e-01 2.958579881656804578e-02 0.000000000000000000e+00
5.350000000000000000e+04 2.139941006888910202e-01 1.358670914883932657e-01 5.587164314974965573e-02 7.824305871643150168e-01 2.583067819754210348e-02 0.000000000000000000e+00
5.375000000000000000e+04 2.149940731220167933e-01 1.379153390987710448e-01 5.621301775147929253e-02 7.784478834774692935e-01 2.742375967228038308e-02 0.000000000000000000e+00
5.400000000000000000e+04 2.159940455551423444e-01 1.389394629039599482e-01 5.644060081929904577e-02 7.790168411470186349e-01 2.560309512972235024e-02 0.000000000000000000e+00
5.425000000000000000e+04 2.169940179882681175e-01 1.405325443786982209e-01 5.621301775147929253e-02 7.800409649522075384e-01 2.321347291761493084e-02 0.000000000000000000e+00
5.450000000000000000e+04 2.179939904213936686e-01 1.437187073281747940e-01 5.450614474283113631e-02 7.781065088757396220e-01 2.366863905325443732e-02 0.000000000000000000e+00
5.475000000000000000e+04 2.189939628545192196e-01 1.352981338188438687e-01 5.644060081929904577e-02 7.811788802913063323e-01 2.708238507055074976e-02 0.000000000000000000e+00
5.500000000000000000e+04 2.199939352876449927e-01 1.421256258534364936e-01 5.598543468365953235e-02 7.777651342740100615e-01 2.412380518889394726e-02 0.000000000000000000e+00
5.525000000000000000e+04 2.209939077207705438e-01 1.442876649977241632e-01 5.496131087847064278e-02 7.789030496131087444e-01 2.184797451069640448e-02 0.000000000000000000e+00
5.550000000000000000e+04 2.219938801538963169e-01 1.418980427856167403e-01 5.553026854802002588e-02 7.806099226217569909e-01 2.196176604460628110e-02 0.000000000000000000e+00
5.575000000000000000e+04 2.229938525870218680e-01 1.415566681838871244e-01 5.541647701411014926e-02 7.822030040964952358e-01 2.082385070550751144e-02 0.000000000000000000e+00
5.600000000000000000e+04 2.239938250201476411e-01 1.420118343195266308e-01 5.723714155666818210e-02 7.809512972234865513e-01 1.979972690031861493e-02 0.000000000000000000e+00
5.625000000000000000e+04 2.249937974532731921e-01 1.406463359126081114e-01 5.564406008192990249e-02 7.803823395539372099e-01 2.332726445152480746e-02 0.000000000000000000e+00
5.650000000000000000e+04 2.259937698863989652e-01 1.440600819299044100e-01 5.621301775147929253e-02 7.812926718252162228e-01 1.843422849340009204e-02 0.000000000000000000e+00
5.675000000000000000e+04 2.269937423195245163e-01 1.463359126081019701e-01 5.507510241238051940e-02 7.812926718252162228e-01 1.729631315430131891e-02 0.000000000000000000e+00
