# itime ezz other fcc hcp bcc ico
0.000000000000000000e+00 0.000000000000000000e+00 0.000000000000000000e+00 1.000000000000000000e+00 0.000000000000000000e+00 0.000000000000000000e+00 0.000000000000000000e+00
2.500000000000000000e+03 1.000006249656726354e-02 0.000000000000000000e+00 1.000000000000000000e+00 0.000000000000000000e+00 0.000000000000000000e+00 0.000000000000000000e+00
5.000000000000000000e+03 2.000012499313474912e-02 0.000000000000000000e+00 1.000000000000000000e+00 0.000000000000000000e+00 0.000000000000000000e+00 0.000000000000000000e+00
7.500000000000000000e+03 3.000018748970201266e-02 0.000000000000000000e+00 1.000000000000000000e+00 0.000000000000000000e+00 0.000000000000000000e+00 0.000000000000000000e+00
1.000000000000000000e+04 4.000024998626927619e-02 0.000000000000000000e+00 1.000000000000000000e+00 0.000000000000000000e+00 0.000000000000000000e+00 0.000000000000000000e+00
1.250000000000000000e+04 5.000031248283676177e-02 0.000000000000000000e+00 1.000000000000000000e+00 0.000000000000000000e+00 0.000000000000000000e+00 0.000000000000000000e+00
1.500000000000000000e+04 6.000037497940402531e-02 0.000000000000000000e+00 1.000000000000000000e+00 0.000000000000000000e+00 0.000000000000000000e+00 0.000000000000000000e+00
1.750000000000000000e+04 7.000043747597128885e-02 0.000000000000000000e+00 1.000000000000000000e+00 0.000000000000000000e+00 0.000000000000000000e+00 0.000000000000000000e+00
2.000000000000000000e+04 8.000049997253855238e-02 3.413746017296313199e-04 9.995448338643604380e-01 0.000000000000000000e+00 1.137915339098771066e-04 0.000000000000000000e+00
2.250000000000000000e+04 9.000056246910603797e-02 9.103322712790168532e-04 9.990896677287209870e-01 0.000000000000000000e+00 0.000000000000000000e+00 0.000000000000000000e+00
2.500000000000000000e+04 1.000006249656733015e-01 2.617205279927173507e-03 9.972690031861629611e-01 0.000000000000000000e+00 1.137915339098771066e-04 0.000000000000000000e+00
2.750000000000000000e+04 1.100006874622405650e-01 1.688666363222576239e-01 3.951979972690031762e-01 4.893035958124715423e-03 4.310423304506144637e-01 0.000000000000000000e+00
3.000000000000000000e+04 1.200007499588080506e-01 1.374601729631315383e-01 6.239189804278562068e-01 2.356622667273554905e-01 2.958579881656804664e-03 0.000000000000000000e+00
3.250000000000000000e+04 1.300008124553753142e-01 1.123122439690487084e-01 6.634046426945835462e-01 2.217796995903504875e-01 2.503413746017296455e-03 0.000000000000000000e+00
3.500000000000000000e+04 1.400008749519425777e-01 1.253982703686845612e-01 6.469048702776513116e-01 2.257624032771961831e-01 1.934456076467910759e-03 0.000000000000000000e+00
3.750000000000000000e+04 1.500009374485100633e-01 1.478152025489303523e-01 6.077605826126536437e-01 2.385070550751024199e-01 5.917159763313609329e-03 0.000000000000000000e+00
4.000000000000000000e+04 1.600009999450773268e-01 1.127674101046882149e-01 6.961766044606281234e-01 1.874146563495675821e-01 3.641329085116067413e-03 0.000000000000000000e+00
4.250000000000000000e+04 1.700010624416445904e-01 1.058261265361857134e-01 6.978834774692762588e-01 1.928766499772416876e-01 3.413746017296313308e-03 0.000000000000000000e+00
4.500000000000000000e+04 1.800011249382118539e-01 9.581247155211652933e-02 7.242831133363677454e-01 1.744424214838415921e-01 5.461993627674101119e-03 0.000000000000000000e+00
4.750000000000000000e+04 1.900011874347793395e-01 8.773327264451524776e-02 7.422621756941283344e-01 1.624943104233045055e-01 7.510241238051888930e-03 0.000000000000000000e+00
5.000000000000000000e+04 2.000012499313466030e-01 7.669549385525717411e-02 7.525034137460172579e-01 1.672735548475193512e-01 3.527537551206190360e-03 0.000000000000000000e+00
5.250000000000000000e+04 2.100013124279138665e-01 8.238507055075101893e-02 7.467000455166135087e-01 1.642011834319526686e-01 6.713700500682749130e-03 0.000000000000000000e+00
5.500000000000000000e+04 2.200013749244813521e-01 7.612653618570777714e-02 7.465862539827037292e-01 1.714838416021848000e-01 5.803368229403732710e-03 0.000000000000000000e+00
5.750000000000000000e+04 2.300014374210486157e-01 7.544378698224851743e-02 7.502275830678197810e-01 1.680700955848884737e-01 6.258534365043240920e-03 0.000000000000000000e+00
6.000000000000000000e+04 2.400014999176158792e-01 8.124715521165225274e-02 7.540964952207556138e-01 1.631770596267637652e-01 1.479289940828402332e-03 0.000000000000000000e+00
6.250000000000000000e+04 2.500015624141833648e-01 8.284023668639053928e-02 7.406690942193900895e-01 1.747837960855712358e-01 1.706873008648156654e-03 0.000000000000000000e+00
6.500000000000000000e+04 2.600016249107506283e-01 1.021847974510696339e-01 6.989076012744651623e-01 1.959490213928083702e-01 2.958579881656804664e-03 0.000000000000000000e+00
6.750000000000000000e+04 2.700016874073178919e-01 9.672280382339554228e-02 7.047109695038689114e-01 1.962903959945380139e-01 2.275830678197541916e-03 0.000000000000000000e+00
7.000000000000000000e+04 2.800017499038853774e-01 9.672280382339554228e-02 6.997041420118342847e-01 2.009558488848429691e-01 2.617205279927173507e-03 0.000000000000000000e+00
7.250000000000000000e+04 2.900018124004526410e-01 1.043468365953573035e-01 6.861629494765589810e-01 2.072143832498861971e-01 2.275830678197541916e-03 0.000000000000000000e+00
7.500000000000000000e+04 3.000018748970199045e-01 1.172052799271734169e-01 6.470186618115612021e-01 2.309968138370505353e-01 4.779244424214838804e-03 0.000000000000000000e+00
7.750000000000000000e+04 3.100019373935871680e-01 1.428083750568957533e-01 5.832954028220300735e-01 2.700273099681383959e-01 3.868912152935821518e-03 0.000000000000000000e+00
8.000000000000000000e+04 3.200019998901546536e-01 1.451979972690031762e-01 5.779472007282657753e-01 2.688893946290396020e-01 7.965407373691398007e-03 0.000000000000000000e+00
8.250000000000000000e+04 3.300020623867219172e-01 1.609012289485662328e-01 5.590578060992261733e-01 2.721893491124260378e-01 7.851615839781519654e-03 0.000000000000000000e+00
8.500000000000000000e+04 3.400021248832891807e-01 1.445152480655439164e-01 6.512289485662267063e-01 1.995903504779244497e-01 4.665452890304961318e-03 0.000000000000000000e+00
8.750000000000000000e+04 3.500021873798566663e-01 1.411015020482476179e-01 6.792216659080564378e-01 1.759217114246700020e-01 3.755120619025944465e-03 0.000000000000000000e+00
9.000000000000000000e+04 3.600022498764239298e-01 9.103322712790168358e-02 7.647928994082839882e-01 1.418980427856167403e-01 2.275830678197541916e-03 0.000000000000000000e+00
9.250000000000000000e+04 3.700023123729911934e-01 9.376422394173873631e-02 7.618343195266271684e-01 1.424670004551661373e-01 1.934456076467910759e-03 0.000000000000000000e+00
9.500000000000000000e+04 3.800023748695586789e-01 9.376422394173873631e-02 7.469276285844332897e-01 1.579426490669094130e-01 1.365498406918525280e-03 0.000000000000000000e+00
9.750000000000000000e+04 3.900024373661259425e-01 9.717796995903504875e-02 7.452207555757851543e-01 1.557806099226217433e-01 1.820664542558033706e-03 0.000000000000000000e+00
1.000000000000000000e+05 4.000024998626932060e-01 9.342284934000910646e-02 7.444242148384160318e-01 1.563495675921711403e-01 5.803368229403732710e-03 0.000000000000000000e+00
1.025000000000000000e+05 4.100025623592604695e-01 9.535730541647700897e-02 7.416932180245789930e-01 1.564633591260810308e-01 6.486117432862995025e-03 0.000000000000000000e+00
1.050000000000000000e+05 4.200026248558279551e-01 9.649522075557578904e-02 7.372553482020938187e-01 1.573736913973600438e-01 8.875739644970414427e-03 0.000000000000000000e+00
1.075000000000000000e+05 4.300026873523952187e-01 1.268775603095129711e-01 6.818388711879835862e-01 1.887801547564861293e-01 2.503413746017296455e-03 0.000000000000000000e+00
1.100000000000000000e+05 4.400027498489624822e-01 1.356395084205735124e-01 6.754665452890304955e-01 1.875284478834774726e-01 1.365498406918525280e-03 0.000000000000000000e+00
1.125000000000000000e+05 4.500028123455299678e-01 1.275603095129722309e-01 6.838871187983613931e-01 1.859353664087392000e-01 2.617205279927173507e-03 0.000000000000000000e+00
1.150000000000000000e+05 4.600028748420972313e-01 1.267637687756031084e-01 6.880974055530268974e-01 1.808147473827947105e-01 4.324078288575329727e-03 0.000000000000000000e+00
1.175000000000000000e+05 4.700029373386644949e-01 1.234638142922166587e-01 7.000455166135639562e-01 1.739872553482020856e-01 2.503413746017296455e-03 0.000000000000000000e+00
1.200000000000000000e+05 4.800029998352319804e-01 1.231224396904870289e-01 6.986800182066453813e-01 1.735320892125625791e-01 4.665452890304961318e-03 0.000000000000000000e+00
1.225000000000000000e+05 4.900030623317992440e-01 1.290395994538006408e-01 6.675011379153390489e-01 2.015248065543923661e-01 1.934456076467910759e-03 0.000000000000000000e+00
1.250000000000000000e+05 5.000031248283665075e-01 1.263086026399635742e-01 6.731907146108329076e-01 1.985662266727355463e-01 1.934456076467910759e-03 0.000000000000000000e+00
1.275000000000000000e+05 5.100031873249339931e-01 1.230086481565771522e-01 6.769458352298588499e-01 1.984524351388256835e-01 1.593081474738279385e-03 0.000000000000000000e+00
1.300000000000000000e+05 5.200032498215012566e-01 1.252844788347746985e-01 6.746700045516613731e-01 1.985662266727355463e-01 1.479289940828402332e-03 0.000000000000000000e+00
1.325000000000000000e+05 5.300033123180685202e-01 1.280154756486117373e-01 6.706873008648156498e-01 1.990213928083750528e-01 2.275830678197541916e-03 0.000000000000000000e+00
1.350000000000000000e+05 5.400033748146357837e-01 1.596495220755575761e-01 6.550978607191625391e-01 1.803595812471552040e-01 4.893035958124715423e-03 0.000000000000000000e+00
1.375000000000000000e+05 5.500034373112032693e-01 1.498634501593081592e-01 6.593081474738279324e-01 1.876422394173873354e-01 3.186162949476558769e-03 0.000000000000000000e+00
1.400000000000000000e+05 5.600034998077705328e-01 1.602184797451069731e-01 6.535047792444241832e-01 1.830905780609922706e-01 3.186162949476558769e-03 0.000000000000000000e+00
1.425000000000000000e+05 5.700035623043377964e-01 1.663632225762403383e-01 6.525944469731451703e-01 1.799044151115156975e-01 1.137915339098770958e-03 0.000000000000000000e+00
1.450000000000000000e+05 5.800036248009052819e-01 1.634046426945835184e-01 6.624943104233045332e-01 1.728493400091033194e-01 1.251706873008648227e-03 0.000000000000000000e+00
1.475000000000000000e+05 5.900036872974725455e-01 1.661356395084205850e-01 6.643149749658625591e-01 1.679563040509786109e-01 1.593081474738279385e-03 0.000000000000000000e+00
1.500000000000000000e+05 6.000037497940398090e-01 1.614701866181156020e-01 6.645425580336823401e-01 1.714838416021848000e-01 2.503413746017296455e-03 0.000000000000000000e+00
1.525000000000000000e+05 6.100038122906072946e-01 1.672735548475193512e-01 6.694355939918069653e-01 1.603322712790168358e-01 2.958579881656804664e-03 0.000000000000000000e+00
1.550000000000000000e+05 6.200038747871745581e-01 1.682976786527082269e-01 6.631770596267637652e-01 1.648839326354119283e-01 3.641329085116067413e-03 0.000000000000000000e+00
1.575000000000000000e+05 6.300039372837418217e-01 1.690942193900773771e-01 6.651115157032316816e-01 1.631770596267637652e-01 2.617205279927173507e-03 0.000000000000000000e+00
1.600000000000000000e+05 6.400039997803093073e-01 2.092626308602640040e-01 5.971779699590350488e-01 1.898042785616750050e-01 3.755120619025944465e-03 0.000000000000000000e+00
1.625000000000000000e+05 6.500040622768765708e-01 1.917387346381429214e-01 6.257396449704142327e-01 1.776285844333181652e-01 4.893035958124715423e-03 0.000000000000000000e+00
1.650000000000000000e+05 6.600041247734438343e-01 2.012972234865725851e-01 6.081019572143832042e-01 1.847974510696404060e-01 5.803368229403732710e-03 0.000000000000000000e+00
1.675000000000000000e+05 6.700041872700110979e-01 1.995903504779244497e-01 6.187983614019116896e-01 1.746700045516613453e-01 6.941283568502503235e-03 0.000000000000000000e+00
1.700000000000000000e+05 6.800042497665785834e-01 2.149522075557578626e-01 5.952435138825671324e-01 1.822940373236231204e-01 7.510241238051888930e-03 0.000000000000000000e+00
1.725000000000000000e+05 6.900043122631458470e-01 2.086936731907146070e-01 6.202776513427401550e-01 1.664770141101502010e-01 4.551661356395083832e-03 0.000000000000000000e+00
1.750000000000000000e+05 7.000043747597131105e-01 2.093764223941738667e-01 6.165225307237141017e-01 1.681838871187983642e-01 5.917159763313609329e-03 0.000000000000000000e+00
1.775000000000000000e+05 7.100044372562805961e-01 2.105143377332726329e-01 6.166363222576239922e-01 1.667045971779699542e-01 6.144742831133363434e-03 0.000000000000000000e+00
1.800000000000000000e+05 7.200044997528478596e-01 2.142694583522985752e-01 6.086709148839326566e-01 1.693218024578971304e-01 7.737824305871643035e-03 0.000000000000000000e+00
1.825000000000000000e+05 7.300045622494151232e-01 2.147246244879381094e-01 6.077605826126536437e-01 1.686390532544378706e-01 8.875739644970414427e-03 0.000000000000000000e+00
1.850000000000000000e+05 7.400046247459826088e-01 2.200728265817023244e-01 5.925125170687300935e-01 1.811561219845243542e-01 6.258534365043240920e-03 0.000000000000000000e+00
1.875000000000000000e+05 7.500046872425498723e-01 2.225762403277196100e-01 6.062812926718251783e-01 1.662494310423304478e-01 4.893035958124715423e-03 0.000000000000000000e+00
1.900000000000000000e+05 7.600047497391171358e-01 2.239417387346381294e-01 5.984296768320437332e-01 1.718252162039144160e-01 5.803368229403732710e-03 0.000000000000000000e+00
1.925000000000000000e+05 7.700048122356843994e-01 2.241693218024579104e-01 5.968365953573053773e-01 1.726217569412835662e-01 6.372325898953117539e-03 0.000000000000000000e+00
1.950000000000000000e+05 7.800048747322518850e-01 2.242831133363677731e-01 5.927401001365498745e-01 1.744424214838415921e-01 8.534365043240782836e-03 0.000000000000000000e+00
1.975000000000000000e+05 7.900049372288191485e-01 2.109695038689121394e-01 6.228948566226673034e-01 1.591943559399180697e-01 6.941283568502503235e-03 0.000000000000000000e+00
2.000000000000000000e+05 8.000049997253864120e-01 1.809285389167046010e-01 6.696631770596267463e-01 1.441738734638143005e-01 5.234410559854347014e-03 0.000000000000000000e+00
2.025000000000000000e+05 8.100050622219538976e-01 1.748975876194810986e-01 6.746700045516613731e-01 1.456531634046426826e-01 4.779244424214838804e-03 0.000000000000000000e+00
2.050000000000000000e+05 8.200051247185211611e-01 1.764906690942193990e-01 6.714838416021847722e-01 1.477014110150204895e-01 4.324078288575329727e-03 0.000000000000000000e+00
2.075000000000000000e+05 8.300051872150884247e-01 1.735320892125625791e-01 6.723941738734637852e-01 1.477014110150204895e-01 6.372325898953117539e-03 0.000000000000000000e+00
2.100000000000000000e+05 8.400052497116559103e-01 1.801319981793354508e-01 6.590805644060081514e-01 1.566909421939007840e-01 4.096495220755575623e-03 0.000000000000000000e+00
2.125000000000000000e+05 8.500053122082231738e-01 1.855939918070095562e-01 6.449704142011833952e-01 1.656804733727810786e-01 3.755120619025944465e-03 0.000000000000000000e+00
2.150000000000000000e+05 8.600053747047904373e-01 1.895766954938552518e-01 6.329085116067364458e-01 1.745562130177514826e-01 2.958579881656804664e-03 0.000000000000000000e+00
2.175000000000000000e+05 8.700054372013579229e-01 1.876422394173873354e-01 6.326809285389166648e-01 1.760355029585798925e-01 3.641329085116067413e-03 0.000000000000000000e+00
2.200000000000000000e+05 8.800054996979251865e-01 1.741010468821119761e-01 6.586253982703687004e-01 1.651115157032316816e-01 2.162039144287664864e-03 0.000000000000000000e+00
2.225000000000000000e+05 8.900055621944924500e-01 1.733045061447428259e-01 6.611288120163859583e-01 1.645425580336822846e-01 1.024123805188893906e-03 0.000000000000000000e+00
2.250000000000000000e+05 9.000056246910597135e-01 1.776285844333181652e-01 6.581702321347291385e-01 1.620391442876649990e-01 2.162039144287664864e-03 0.000000000000000000e+00
2.275000000000000000e+05 9.100056871876271991e-01 1.781975421028675344e-01 6.574874829312699065e-01 1.629494765589440120e-01 1.365498406918525280e-03 0.000000000000000000e+00
2.300000000000000000e+05 9.200057496841944626e-01 1.809285389167046010e-01 6.640873918980427781e-01 1.528220300409649512e-01 2.162039144287664864e-03 0.000000000000000000e+00
2.325000000000000000e+05 9.300058121807617262e-01 1.809285389167046010e-01 6.611288120163859583e-01 1.564633591260810308e-01 1.479289940828402332e-03 0.000000000000000000e+00
2.350000000000000000e+05 9.400058746773292118e-01 1.802457897132453413e-01 6.566909421939007840e-01 1.623805188893946427e-01 6.827492034592626399e-04 0.000000000000000000e+00
2.375000000000000000e+05 9.500059371738964753e-01 1.837733272644515303e-01 6.589667728720982609e-01 1.565771506599908935e-01 6.827492034592626399e-04 0.000000000000000000e+00
2.400000000000000000e+05 9.600059996704637388e-01 1.852526172052799402e-01 6.571461083295402350e-01 1.564633591260810308e-01 1.137915339098770958e-03 0.000000000000000000e+00
2.425000000000000000e+05 9.700060621670312244e-01 1.861629494765589532e-01 6.538461538461538547e-01 1.586253982703686727e-01 1.365498406918525280e-03 0.000000000000000000e+00
2.450000000000000000e+05 9.800061246635984880e-01 1.908284023668639084e-01 6.422394173873463563e-01 1.654528903049612976e-01 1.479289940828402332e-03 0.000000000000000000e+00
2.475000000000000000e+05 9.900061871601657515e-01 1.981110605370960398e-01 6.352981338188439242e-01 1.645425580336822846e-01 2.048247610377787811e-03 0.000000000000000000e+00
2.500000000000000000e+05 1.000006249656733015e+00 2.190487027765134209e-01 6.002503413746017591e-01 1.784251251706872876e-01 2.275830678197541916e-03 0.000000000000000000e+00
