# itime ezz other fcc hcp bcc ico
0.000000000000000000e+00 0.000000000000000000e+00 0.000000000000000000e+00 1.000000000000000000e+00 0.000000000000000000e+00 0.000000000000000000e+00 0.000000000000000000e+00
2.500000000000000000e+02 9.999808237060037186e-04 0.000000000000000000e+00 1.000000000000000000e+00 0.000000000000000000e+00 0.000000000000000000e+00 0.000000000000000000e+00
5.000000000000000000e+02 1.999961647412229482e-03 0.000000000000000000e+00 1.000000000000000000e+00 0.000000000000000000e+00 0.000000000000000000e+00 0.000000000000000000e+00
7.500000000000000000e+02 2.999942471118233200e-03 0.000000000000000000e+00 1.000000000000000000e+00 0.000000000000000000e+00 0.000000000000000000e+00 0.000000000000000000e+00
1.000000000000000000e+03 3.999923294824458964e-03 0.000000000000000000e+00 1.000000000000000000e+00 0.000000000000000000e+00 0.000000000000000000e+00 0.000000000000000000e+00
1.250000000000000000e+03 4.999904118530462682e-03 0.000000000000000000e+00 1.000000000000000000e+00 0.000000000000000000e+00 0.000000000000000000e+00 0.000000000000000000e+00
1.500000000000000000e+03 5.999884942236466401e-03 0.000000000000000000e+00 1.000000000000000000e+00 0.000000000000000000e+00 0.000000000000000000e+00 0.000000000000000000e+00
1.750000000000000000e+03 6.999865765942692164e-03 0.000000000000000000e+00 1.000000000000000000e+00 0.000000000000000000e+00 0.000000000000000000e+00 0.000000000000000000e+00
2.000000000000000000e+03 7.999846589648695883e-03 0.000000000000000000e+00 1.000000000000000000e+00 0.000000000000000000e+00 0.000000000000000000e+00 0.000000000000000000e+00
2.250000000000000000e+03 8.999827413354699601e-03 0.000000000000000000e+00 1.000000000000000000e+00 0.000000000000000000e+00 0.000000000000000000e+00 0.000000000000000000e+00
2.500000000000000000e+03 9.999808237060925364e-03 0.000000000000000000e+00 1.000000000000000000e+00 0.000000000000000000e+00 0.000000000000000000e+00 0.000000000000000000e+00
2.750000000000000000e+03 1.099978906076692908e-02 0.000000000000000000e+00 1.000000000000000000e+00 0.000000000000000000e+00 0.000000000000000000e+00 0.000000000000000000e+00
3.000000000000000000e+03 1.199976988447315485e-02 0.000000000000000000e+00 1.000000000000000000e+00 0.000000000000000000e+00 0.000000000000000000e+00 0.000000000000000000e+00
3.250000000000000000e+03 1.299975070817915856e-02 0.000000000000000000e+00 1.000000000000000000e+00 0.000000000000000000e+00 0.000000000000000000e+00 0.000000000000000000e+00
3.500000000000000000e+03 1.399973153188516228e-02 0.000000000000000000e+00 1.000000000000000000e+00 0.000000000000000000e+00 0.000000000000000000e+00 0.000000000000000000e+00
3.750000000000000000e+03 1.499971235559138805e-02 0.000000000000000000e+00 1.000000000000000000e+00 0.000000000000000000e+00 0.000000000000000000e+00 0.000000000000000000e+00
4.000000000000000000e+03 1.599969317929739177e-02 0.000000000000000000e+00 1.000000000000000000e+00 0.000000000000000000e+00 0.000000000000000000e+00 0.000000000000000000e+00
4.250000000000000000e+03 1.699967400300339548e-02 0.000000000000000000e+00 1.000000000000000000e+00 0.000000000000000000e+00 0.000000000000000000e+00 0.000000000000000000e+00
4.500000000000000000e+03 1.799965482670962125e-02 0.000000000000000000e+00 1.000000000000000000e+00 0.000000000000000000e+00 0.000000000000000000e+00 0.000000000000000000e+00
4.750000000000000000e+03 1.899963565041562497e-02 0.000000000000000000e+00 1.000000000000000000e+00 0.000000000000000000e+00 0.000000000000000000e+00 0.000000000000000000e+00
5.000000000000000000e+03 1.999961647412185073e-02 0.000000000000000000e+00 1.000000000000000000e+00 0.000000000000000000e+00 0.000000000000000000e+00 0.000000000000000000e+00
5.250000000000000000e+03 2.099959729782785445e-02 0.000000000000000000e+00 1.000000000000000000e+00 0.000000000000000000e+00 0.000000000000000000e+00 0.000000000000000000e+00
5.500000000000000000e+03 2.199957812153385817e-02 0.000000000000000000e+00 1.000000000000000000e+00 0.000000000000000000e+00 0.000000000000000000e+00 0.000000000000000000e+00
5.750000000000000000e+03 2.299955894524008393e-02 0.000000000000000000e+00 1.000000000000000000e+00 0.000000000000000000e+00 0.000000000000000000e+00 0.000000000000000000e+00
6.000000000000000000e+03 2.399953976894608765e-02 0.000000000000000000e+00 1.000000000000000000e+00 0.000000000000000000e+00 0.000000000000000000e+00 0.000000000000000000e+00
6.250000000000000000e+03 2.499952059265209137e-02 0.000000000000000000e+00 1.000000000000000000e+00 0.000000000000000000e+00 0.000000000000000000e+00 0.000000000000000000e+00
6.500000000000000000e+03 2.599950141635831713e-02 0.000000000000000000e+00 1.000000000000000000e+00 0.000000000000000000e+00 0.000000000000000000e+00 0.000000000000000000e+00
6.750000000000000000e+03 2.699948224006432085e-02 0.000000000000000000e+00 1.000000000000000000e+00 0.000000000000000000e+00 0.000000000000000000e+00 0.000000000000000000e+00
7.000000000000000000e+03 2.799946306377054661e-02 0.000000000000000000e+00 1.000000000000000000e+00 0.000000000000000000e+00 0.000000000000000000e+00 0.000000000000000000e+00
7.250000000000000000e+03 2.899944388747655033e-02 0.000000000000000000e+00 1.000000000000000000e+00 0.000000000000000000e+00 0.000000000000000000e+00 0.000000000000000000e+00
7.500000000000000000e+03 2.999942471118255405e-02 0.000000000000000000e+00 1.000000000000000000e+00 0.000000000000000000e+00 0.000000000000000000e+00 0.000000000000000000e+00
7.750000000000000000e+03 3.099940553488877981e-02 0.000000000000000000e+00 1.000000000000000000e+00 0.000000000000000000e+00 0.000000000000000000e+00 0.000000000000000000e+00
8.000000000000000000e+03 3.199938635859478353e-02 0.000000000000000000e+00 1.000000000000000000e+00 0.000000000000000000e+00 0.000000000000000000e+00 0.000000000000000000e+00
8.250000000000000000e+03 3.299936718230078725e-02 0.000000000000000000e+00 1.000000000000000000e+00 0.000000000000000000e+00 0.000000000000000000e+00 0.000000000000000000e+00
8.500000000000000000e+03 3.399934800600701301e-02 0.000000000000000000e+00 1.000000000000000000e+00 0.000000000000000000e+00 0.000000000000000000e+00 0.000000000000000000e+00
8.750000000000000000e+03 3.499932882971301673e-02 0.000000000000000000e+00 1.000000000000000000e+00 0.000000000000000000e+00 0.000000000000000000e+00 0.000000000000000000e+00
9.000000000000000000e+03 3.599930965341924249e-02 0.000000000000000000e+00 1.000000000000000000e+00 0.000000000000000000e+00 0.000000000000000000e+00 0.000000000000000000e+00
9.250000000000000000e+03 3.699929047712524621e-02 0.000000000000000000e+00 1.000000000000000000e+00 0.000000000000000000e+00 0.000000000000000000e+00 0.000000000000000000e+00
9.500000000000000000e+03 3.799927130083124993e-02 0.000000000000000000e+00 1.000000000000000000e+00 0.000000000000000000e+00 0.000000000000000000e+00 0.000000000000000000e+00
9.750000000000000000e+03 3.899925212453747569e-02 0.000000000000000000e+00 1.000000000000000000e+00 0.000000000000000000e+00 0.000000000000000000e+00 0.000000000000000000e+00
1.000000000000000000e+04 3.999923294824347941e-02 0.000000000000000000e+00 1.000000000000000000e+00 0.000000000000000000e+00 0.000000000000000000e+00 0.000000000000000000e+00
1.025000000000000000e+04 4.099921377194948313e-02 0.000000000000000000e+00 1.000000000000000000e+00 0.000000000000000000e+00 0.000000000000000000e+00 0.000000000000000000e+00
1.050000000000000000e+04 4.199919459565570889e-02 0.000000000000000000e+00 1.000000000000000000e+00 0.000000000000000000e+00 0.000000000000000000e+00 0.000000000000000000e+00
1.075000000000000000e+04 4.299917541936171261e-02 0.000000000000000000e+00 1.000000000000000000e+00 0.000000000000000000e+00 0.000000000000000000e+00 0.000000000000000000e+00
1.100000000000000000e+04 4.399915624306793838e-02 0.000000000000000000e+00 1.000000000000000000e+00 0.000000000000000000e+00 0.000000000000000000e+00 0.000000000000000000e+00
1.125000000000000000e+04 4.499913706677394210e-02 0.000000000000000000e+00 1.000000000000000000e+00 0.000000000000000000e+00 0.000000000000000000e+00 0.000000000000000000e+00
1.150000000000000000e+04 4.599911789047994581e-02 0.000000000000000000e+00 1.000000000000000000e+00 0.000000000000000000e+00 0.000000000000000000e+00 0.000000000000000000e+00
1.175000000000000000e+04 4.699909871418617158e-02 0.000000000000000000e+00 1.000000000000000000e+00 0.000000000000000000e+00 0.000000000000000000e+00 0.000000000000000000e+00
1.200000000000000000e+04 4.799907953789217530e-02 0.000000000000000000e+00 1.000000000000000000e+00 0.000000000000000000e+00 0.000000000000000000e+00 0.000000000000000000e+00
1.225000000000000000e+04 4.899906036159817901e-02 0.000000000000000000e+00 1.000000000000000000e+00 0.000000000000000000e+00 0.000000000000000000e+00 0.000000000000000000e+00
1.250000000000000000e+04 4.999904118530440478e-02 0.000000000000000000e+00 1.000000000000000000e+00 0.000000000000000000e+00 0.000000000000000000e+00 0.000000000000000000e+00
1.275000000000000000e+04 5.099902200901040850e-02 0.000000000000000000e+00 1.000000000000000000e+00 0.000000000000000000e+00 0.000000000000000000e+00 0.000000000000000000e+00
1.300000000000000000e+04 5.199900283271663426e-02 0.000000000000000000e+00 1.000000000000000000e+00 0.000000000000000000e+00 0.000000000000000000e+00 0.000000000000000000e+00
1.325000000000000000e+04 5.299898365642263798e-02 0.000000000000000000e+00 1.000000000000000000e+00 0.000000000000000000e+00 0.000000000000000000e+00 0.000000000000000000e+00
1.350000000000000000e+04 5.399896448012864170e-02 0.000000000000000000e+00 1.000000000000000000e+00 0.000000000000000000e+00 0.000000000000000000e+00 0.000000000000000000e+00
1.375000000000000000e+04 5.499894530383486746e-02 0.000000000000000000e+00 1.000000000000000000e+00 0.000000000000000000e+00 0.000000000000000000e+00 0.000000000000000000e+00
1.400000000000000000e+04 5.599892612754087118e-02 0.000000000000000000e+00 1.000000000000000000e+00 0.000000000000000000e+00 0.000000000000000000e+00 0.000000000000000000e+00
1.425000000000000000e+04 5.699890695124687490e-02 0.000000000000000000e+00 1.000000000000000000e+00 0.000000000000000000e+00 0.000000000000000000e+00 0.000000000000000000e+00
1.450000000000000000e+04 5.799888777495310066e-02 0.000000000000000000e+00 1.000000000000000000e+00 0.000000000000000000e+00 0.000000000000000000e+00 0.000000000000000000e+00
1.475000000000000000e+04 5.899886859865910438e-02 0.000000000000000000e+00 1.000000000000000000e+00 0.000000000000000000e+00 0.000000000000000000e+00 0.000000000000000000e+00
1.500000000000000000e+04 5.999884942236533014e-02 0.000000000000000000e+00 1.000000000000000000e+00 0.000000000000000000e+00 0.000000000000000000e+00 0.000000000000000000e+00
1.525000000000000000e+04 6.099883024607133386e-02 0.000000000000000000e+00 1.000000000000000000e+00 0.000000000000000000e+00 0.000000000000000000e+00 0.000000000000000000e+00
1.550000000000000000e+04 6.199881106977733758e-02 0.000000000000000000e+00 1.000000000000000000e+00 0.000000000000000000e+00 0.000000000000000000e+00 0.000000000000000000e+00
1.575000000000000000e+04 6.299879189348356334e-02 0.000000000000000000e+00 1.000000000000000000e+00 0.000000000000000000e+00 0.000000000000000000e+00 0.000000000000000000e+00
1.600000000000000000e+04 6.399877271718956706e-02 0.000000000000000000e+00 1.000000000000000000e+00 0.000000000000000000e+00 0.000000000000000000e+00 0.000000000000000000e+00
1.625000000000000000e+04 6.499875354089557078e-02 0.000000000000000000e+00 1.000000000000000000e+00 0.000000000000000000e+00 0.000000000000000000e+00 0.000000000000000000e+00
1.650000000000000000e+04 6.599873436460179654e-02 0.000000000000000000e+00 1.000000000000000000e+00 0.000000000000000000e+00 0.000000000000000000e+00 0.000000000000000000e+00
1.675000000000000000e+04 6.699871518830780026e-02 0.000000000000000000e+00 1.000000000000000000e+00 0.000000000000000000e+00 0.000000000000000000e+00 0.000000000000000000e+00
1.700000000000000000e+04 6.799869601201402602e-02 0.000000000000000000e+00 1.000000000000000000e+00 0.000000000000000000e+00 0.000000000000000000e+00 0.000000000000000000e+00
1.725000000000000000e+04 6.899867683572002974e-02 0.000000000000000000e+00 1.000000000000000000e+00 0.000000000000000000e+00 0.000000000000000000e+00 0.000000000000000000e+00
1.750000000000000000e+04 6.999865765942603346e-02 0.000000000000000000e+00 1.000000000000000000e+00 0.000000000000000000e+00 0.000000000000000000e+00 0.000000000000000000e+00
1.775000000000000000e+04 7.099863848313225922e-02 0.000000000000000000e+00 1.000000000000000000e+00 0.000000000000000000e+00 0.000000000000000000e+00 0.000000000000000000e+00
1.800000000000000000e+04 7.199861930683826294e-02 2.275830678197542133e-04 9.997724169321802190e-01 0.000000000000000000e+00 0.000000000000000000e+00 0.000000000000000000e+00
1.825000000000000000e+04 7.299860013054426666e-02 0.000000000000000000e+00 1.000000000000000000e+00 0.000000000000000000e+00 0.000000000000000000e+00 0.000000000000000000e+00
1.850000000000000000e+04 7.399858095425049243e-02 3.413746017296313199e-04 9.996586253982703285e-01 0.000000000000000000e+00 0.000000000000000000e+00 0.000000000000000000e+00
1.875000000000000000e+04 7.499856177795649614e-02 1.137915339098771066e-04 9.998862084660901095e-01 0.000000000000000000e+00 0.000000000000000000e+00 0.000000000000000000e+00
1.900000000000000000e+04 7.599854260166272191e-02 3.413746017296313199e-04 9.996586253982703285e-01 0.000000000000000000e+00 0.000000000000000000e+00 0.000000000000000000e+00
1.925000000000000000e+04 7.699852342536872563e-02 2.275830678197542133e-04 9.997724169321802190e-01 0.000000000000000000e+00 0.000000000000000000e+00 0.000000000000000000e+00
1.950000000000000000e+04 7.799850424907472934e-02 0.000000000000000000e+00 1.000000000000000000e+00 0.000000000000000000e+00 0.000000000000000000e+00 0.000000000000000000e+00
1.975000000000000000e+04 7.899848507278095511e-02 4.551661356395084266e-04 9.995448338643604380e-01 0.000000000000000000e+00 0.000000000000000000e+00 0.000000000000000000e+00
2.000000000000000000e+04 7.999846589648695883e-02 0.000000000000000000e+00 1.000000000000000000e+00 0.000000000000000000e+00 0.000000000000000000e+00 0.000000000000000000e+00
2.025000000000000000e+04 8.099844672019296254e-02 5.689576695493854790e-04 9.994310423304506585e-01 0.000000000000000000e+00 0.000000000000000000e+00 0.000000000000000000e+00
2.050000000000000000e+04 8.199842754389918831e-02 1.137915339098770958e-03 9.987482931269913156e-01 0.000000000000000000e+00 1.137915339098771066e-04 0.000000000000000000e+00
2.075000000000000000e+04 8.299840836760519203e-02 1.137915339098771066e-04 9.998862084660901095e-01 0.000000000000000000e+00 0.000000000000000000e+00 0.000000000000000000e+00
2.100000000000000000e+04 8.399838919131141779e-02 5.689576695493854790e-04 9.994310423304506585e-01 0.000000000000000000e+00 0.000000000000000000e+00 0.000000000000000000e+00
2.125000000000000000e+04 8.499837001501742151e-02 4.551661356395084266e-04 9.995448338643604380e-01 0.000000000000000000e+00 0.000000000000000000e+00 0.000000000000000000e+00
2.150000000000000000e+04 8.599835083872342523e-02 4.551661356395084266e-04 9.995448338643604380e-01 0.000000000000000000e+00 0.000000000000000000e+00 0.000000000000000000e+00
2.175000000000000000e+04 8.699833166242965099e-02 7.965407373691396923e-04 9.992034592626308775e-01 0.000000000000000000e+00 0.000000000000000000e+00 0.000000000000000000e+00
2.200000000000000000e+04 8.799831248613565471e-02 4.551661356395084266e-04 9.994310423304506585e-01 0.000000000000000000e+00 1.137915339098771066e-04 0.000000000000000000e+00
2.225000000000000000e+04 8.899829330984165843e-02 1.024123805188893906e-03 9.988620846609012061e-01 0.000000000000000000e+00 1.137915339098771066e-04 0.000000000000000000e+00
2.250000000000000000e+04 8.999827413354788419e-02 1.024123805188893906e-03 9.988620846609012061e-01 0.000000000000000000e+00 1.137915339098771066e-04 0.000000000000000000e+00
2.275000000000000000e+04 9.099825495725388791e-02 0.000000000000000000e+00 1.000000000000000000e+00 0.000000000000000000e+00 0.000000000000000000e+00 0.000000000000000000e+00
2.300000000000000000e+04 9.199823578096011367e-02 4.551661356395084266e-04 9.993172507965407680e-01 0.000000000000000000e+00 2.275830678197542133e-04 0.000000000000000000e+00
2.325000000000000000e+04 9.299821660466611739e-02 5.689576695493854790e-04 9.994310423304506585e-01 0.000000000000000000e+00 0.000000000000000000e+00 0.000000000000000000e+00
2.350000000000000000e+04 9.399819742837212111e-02 1.706873008648156654e-03 9.982931269913518646e-01 0.000000000000000000e+00 0.000000000000000000e+00 0.000000000000000000e+00
2.375000000000000000e+04 9.499817825207834687e-02 9.103322712790168532e-04 9.990896677287209870e-01 0.000000000000000000e+00 0.000000000000000000e+00 0.000000000000000000e+00
2.400000000000000000e+04 9.599815907578435059e-02 2.730996813837050560e-03 9.972690031861629611e-01 0.000000000000000000e+00 0.000000000000000000e+00 0.000000000000000000e+00
2.425000000000000000e+04 9.699813989949035431e-02 2.162039144287664864e-03 9.977241693218024121e-01 0.000000000000000000e+00 1.137915339098771066e-04 0.000000000000000000e+00
2.450000000000000000e+04 9.799812072319658007e-02 2.048247610377787811e-03 9.979517523896221931e-01 0.000000000000000000e+00 0.000000000000000000e+00 0.000000000000000000e+00
2.475000000000000000e+04 9.899810154690258379e-02 1.706873008648156654e-03 9.981793354574419741e-01 0.000000000000000000e+00 1.137915339098771066e-04 0.000000000000000000e+00
2.500000000000000000e+04 9.999808237060880955e-02 4.551661356395083832e-03 9.953345471096950448e-01 0.000000000000000000e+00 1.137915339098771066e-04 0.000000000000000000e+00
2.525000000000000000e+04 1.009980631943148133e-01 1.706873008648156654e-03 9.982931269913518646e-01 0.000000000000000000e+00 0.000000000000000000e+00 0.000000000000000000e+00
2.550000000000000000e+04 1.019980440180208170e-01 3.299954483386436255e-03 9.965862539827037292e-01 0.000000000000000000e+00 1.137915339098771066e-04 0.000000000000000000e+00
2.575000000000000000e+04 1.029980248417270428e-01 4.096495220755575623e-03 9.957897132453344957e-01 0.000000000000000000e+00 1.137915339098771066e-04 0.000000000000000000e+00
2.600000000000000000e+04 1.039980056654330465e-01 5.803368229403732710e-03 9.937414656349567998e-01 0.000000000000000000e+00 4.551661356395084266e-04 0.000000000000000000e+00
2.625000000000000000e+04 1.049979864891390502e-01 1.251706873008648227e-03 9.984069185252617551e-01 0.000000000000000000e+00 3.413746017296313199e-04 0.000000000000000000e+00
2.650000000000000000e+04 1.059979673128452760e-01 6.599908966772872511e-03 9.930587164314974569e-01 0.000000000000000000e+00 3.413746017296313199e-04 0.000000000000000000e+00
2.675000000000000000e+04 1.069979481365512797e-01 6.144742831133363434e-03 9.931725079654073474e-01 0.000000000000000000e+00 6.827492034592626399e-04 0.000000000000000000e+00
2.700000000000000000e+04 1.079979289602575054e-01 1.388256713700500647e-02 9.847519344560764498e-01 0.000000000000000000e+00 1.365498406918525280e-03 0.000000000000000000e+00
2.725000000000000000e+04 1.089979097839635092e-01 1.991351843422849502e-02 9.763313609467455523e-01 0.000000000000000000e+00 3.755120619025944465e-03 0.000000000000000000e+00
2.750000000000000000e+04 1.099978906076695129e-01 7.601274465179790052e-02 7.881201638598088755e-01 1.137915339098771066e-04 1.357532999544833752e-01 0.000000000000000000e+00
2.775000000000000000e+04 1.109978714313757386e-01 1.326809285389166926e-01 2.534137460172963263e-01 2.639963586709149004e-02 5.875056895766954668e-01 0.000000000000000000e+00
2.800000000000000000e+04 1.119978522550817424e-01 1.572598998634501533e-01 5.762403277196176399e-01 2.439690487027765253e-01 2.253072371415566766e-02 0.000000000000000000e+00
2.825000000000000000e+04 1.129978330787877461e-01 1.390532544378698110e-01 6.302913063268092975e-01 2.088074647246244975e-01 2.184797451069640448e-02 0.000000000000000000e+00
2.850000000000000000e+04 1.139978139024939718e-01 8.978152025489304078e-02 6.972007282658170269e-01 2.032316795630405015e-01 9.786071916249430847e-03 0.000000000000000000e+00
2.875000000000000000e+04 1.149977947261999756e-01 7.612653618570777714e-02 7.372553482020938187e-01 1.802457897132453413e-01 6.372325898953117539e-03 0.000000000000000000e+00
2.900000000000000000e+04 1.159977755499062013e-01 5.848884842967683184e-02 7.682066454255803700e-01 1.726217569412835662e-01 6.827492034592626399e-04 0.000000000000000000e+00
2.925000000000000000e+04 1.169977563736122050e-01 4.346836595357305572e-02 7.910787437414655843e-01 1.644287664997724219e-01 1.024123805188893906e-03 0.000000000000000000e+00
2.950000000000000000e+04 1.179977371973182088e-01 2.924442421483841592e-02 8.228265817023213691e-01 1.479289940828402428e-01 0.000000000000000000e+00 0.000000000000000000e+00
2.975000000000000000e+04 1.189977180210244345e-01 2.935821574874829254e-02 8.227127901684114786e-01 1.479289940828402428e-01 0.000000000000000000e+00 0.000000000000000000e+00
3.000000000000000000e+04 1.199976988447304382e-01 2.935821574874829254e-02 8.228265817023213691e-01 1.478152025489303523e-01 0.000000000000000000e+00 0.000000000000000000e+00
3.025000000000000000e+04 1.209976796684364420e-01 2.924442421483841592e-02 8.228265817023213691e-01 1.479289940828402428e-01 0.000000000000000000e+00 0.000000000000000000e+00
3.050000000000000000e+04 1.219976604921426677e-01 2.935821574874829254e-02 8.228265817023213691e-01 1.478152025489303523e-01 0.000000000000000000e+00 0.000000000000000000e+00
3.075000000000000000e+04 1.229976413158486714e-01 2.958579881656804578e-02 8.225989986345015881e-01 1.478152025489303523e-01 0.000000000000000000e+00 0.000000000000000000e+00
3.100000000000000000e+04 1.239976221395548972e-01 2.913063268092853930e-02 8.229403732362312596e-01 1.479289940828402428e-01 0.000000000000000000e+00 0.000000000000000000e+00
3.125000000000000000e+04 1.249976029632609009e-01 2.924442421483841592e-02 8.228265817023213691e-01 1.479289940828402428e-01 0.000000000000000000e+00 0.000000000000000000e+00
3.150000000000000000e+04 1.259975837869669046e-01 2.981338188438780248e-02 8.225989986345015881e-01 1.475876194811105990e-01 0.000000000000000000e+00 0.000000000000000000e+00
3.175000000000000000e+04 1.269975646106731304e-01 2.924442421483841592e-02 8.228265817023213691e-01 1.479289940828402428e-01 0.000000000000000000e+00 0.000000000000000000e+00
3.200000000000000000e+04 1.279975454343791341e-01 2.981338188438780248e-02 8.224852071005916976e-01 1.477014110150204895e-01 0.000000000000000000e+00 0.000000000000000000e+00
3.225000000000000000e+04 1.289975262580851378e-01 2.958579881656804578e-02 8.224852071005916976e-01 1.478152025489303523e-01 1.137915339098771066e-04 0.000000000000000000e+00
3.250000000000000000e+04 1.299975070817913636e-01 2.935821574874829254e-02 8.228265817023213691e-01 1.478152025489303523e-01 0.000000000000000000e+00 0.000000000000000000e+00
3.275000000000000000e+04 1.309974879054973673e-01 2.947200728265816916e-02 8.227127901684114786e-01 1.478152025489303523e-01 0.000000000000000000e+00 0.000000000000000000e+00
3.300000000000000000e+04 1.319974687292035931e-01 2.958579881656804578e-02 8.227127901684114786e-01 1.477014110150204895e-01 0.000000000000000000e+00 0.000000000000000000e+00
3.325000000000000000e+04 1.329974495529095968e-01 2.947200728265816916e-02 8.227127901684114786e-01 1.478152025489303523e-01 0.000000000000000000e+00 0.000000000000000000e+00
3.350000000000000000e+04 1.339974303766156005e-01 2.969959035047792587e-02 8.227127901684114786e-01 1.475876194811105990e-01 0.000000000000000000e+00 0.000000000000000000e+00
3.375000000000000000e+04 1.349974112003218263e-01 3.026854802002730896e-02 8.220300409649522466e-01 1.477014110150204895e-01 0.000000000000000000e+00 0.000000000000000000e+00
3.400000000000000000e+04 1.359973920240278300e-01 3.026854802002730896e-02 8.221438324988621371e-01 1.475876194811105990e-01 0.000000000000000000e+00 0.000000000000000000e+00
3.425000000000000000e+04 1.369973728477338337e-01 3.015475648611743234e-02 8.221438324988621371e-01 1.477014110150204895e-01 0.000000000000000000e+00 0.000000000000000000e+00
3.450000000000000000e+04 1.379973536714400595e-01 3.026854802002730896e-02 8.220300409649522466e-01 1.477014110150204895e-01 0.000000000000000000e+00 0.000000000000000000e+00
3.475000000000000000e+04 1.389973344951460632e-01 3.026854802002730896e-02 8.220300409649522466e-01 1.475876194811105990e-01 1.137915339098771066e-04 0.000000000000000000e+00
3.500000000000000000e+04 1.399973153188522890e-01 3.049613108784706567e-02 8.219162494310423561e-01 1.475876194811105990e-01 0.000000000000000000e+00 0.000000000000000000e+00
3.525000000000000000e+04 1.409972961425582927e-01 2.981338188438780248e-02 8.224852071005916976e-01 1.477014110150204895e-01 0.000000000000000000e+00 0.000000000000000000e+00
3.550000000000000000e+04 1.419972769662642964e-01 2.992717341829767910e-02 8.221438324988621371e-01 1.479289940828402428e-01 0.000000000000000000e+00 0.000000000000000000e+00
3.575000000000000000e+04 1.429972577899705222e-01 3.004096495220755572e-02 8.222576240327719166e-01 1.477014110150204895e-01 0.000000000000000000e+00 0.000000000000000000e+00
3.600000000000000000e+04 1.439972386136765259e-01 3.072371415566681890e-02 8.216886663632225751e-01 1.474738279472007363e-01 1.137915339098771066e-04 0.000000000000000000e+00
3.625000000000000000e+04 1.449972194373825296e-01 3.117888029130632538e-02 8.213472917614929036e-01 1.474738279472007363e-01 0.000000000000000000e+00 0.000000000000000000e+00
3.650000000000000000e+04 1.459972002610887554e-01 3.015475648611743234e-02 8.221438324988621371e-01 1.477014110150204895e-01 0.000000000000000000e+00 0.000000000000000000e+00
3.675000000000000000e+04 1.469971810847947591e-01 3.015475648611743234e-02 8.221438324988621371e-01 1.475876194811105990e-01 1.137915339098771066e-04 0.000000000000000000e+00
3.700000000000000000e+04 1.479971619085009849e-01 3.129267182521620200e-02 8.211197086936732337e-01 1.475876194811105990e-01 0.000000000000000000e+00 0.000000000000000000e+00
3.725000000000000000e+04 1.489971427322069886e-01 3.026854802002730896e-02 8.221438324988621371e-01 1.475876194811105990e-01 0.000000000000000000e+00 0.000000000000000000e+00
3.750000000000000000e+04 1.499971235559129923e-01 3.106508875739644876e-02 8.213472917614929036e-01 1.474738279472007363e-01 1.137915339098771066e-04 0.000000000000000000e+00
3.775000000000000000e+04 1.509971043796192181e-01 3.049613108784706567e-02 8.215748748293126846e-01 1.479289940828402428e-01 0.000000000000000000e+00 0.000000000000000000e+00
3.800000000000000000e+04 1.519970852033252218e-01 3.163404642694583185e-02 8.208921256258534527e-01 1.473600364132908458e-01 1.137915339098771066e-04 0.000000000000000000e+00
3.825000000000000000e+04 1.529970660270312255e-01 3.197542102867546865e-02 8.208921256258534527e-01 1.471324533454710926e-01 0.000000000000000000e+00 0.000000000000000000e+00
3.850000000000000000e+04 1.539970468507374513e-01 3.129267182521620200e-02 8.212335002275830131e-01 1.473600364132908458e-01 1.137915339098771066e-04 0.000000000000000000e+00
3.875000000000000000e+04 1.549970276744434550e-01 3.117888029130632538e-02 8.213472917614929036e-01 1.474738279472007363e-01 0.000000000000000000e+00 0.000000000000000000e+00
3.900000000000000000e+04 1.559970084981496807e-01 3.129267182521620200e-02 8.212335002275830131e-01 1.473600364132908458e-01 1.137915339098771066e-04 0.000000000000000000e+00
3.925000000000000000e+04 1.569969893218556845e-01 3.106508875739644876e-02 8.213472917614929036e-01 1.475876194811105990e-01 0.000000000000000000e+00 0.000000000000000000e+00
3.950000000000000000e+04 1.579969701455616882e-01 3.106508875739644876e-02 8.214610832954027941e-01 1.473600364132908458e-01 1.137915339098771066e-04 0.000000000000000000e+00
3.975000000000000000e+04 1.589969509692679139e-01 3.095129722348657214e-02 8.208921256258534527e-01 1.477014110150204895e-01 4.551661356395084266e-04 0.000000000000000000e+00
4.000000000000000000e+04 1.599969317929739177e-01 3.254437869822485174e-02 8.197542102867546587e-01 1.471324533454710926e-01 5.689576695493854790e-04 0.000000000000000000e+00
4.025000000000000000e+04 1.609969126166799214e-01 3.152025489303595523e-02 8.206645425580336717e-01 1.474738279472007363e-01 3.413746017296313199e-04 0.000000000000000000e+00
4.050000000000000000e+04 1.619968934403861471e-01 3.447883477469276120e-02 8.165680473372780579e-01 1.483841602184797492e-01 5.689576695493854790e-04 0.000000000000000000e+00
4.075000000000000000e+04 1.629968742640921509e-01 4.790623577605826466e-02 7.855029585798816161e-01 1.654528903049612976e-01 1.137915339098770958e-03 0.000000000000000000e+00
4.100000000000000000e+04 1.639968550877983766e-01 5.894401456531633832e-02 7.626308602639964018e-01 1.766044606281292617e-01 1.820664542558033706e-03 0.000000000000000000e+00
4.125000000000000000e+04 1.649968359115043803e-01 5.951297223486572835e-02 7.604688211197087044e-01 1.783113336367774249e-01 1.706873008648156654e-03 0.000000000000000000e+00
4.150000000000000000e+04 1.659968167352103841e-01 6.565771506599908658e-02 7.435138825671370189e-01 1.891215293582157453e-01 1.706873008648156654e-03 0.000000000000000000e+00
4.175000000000000000e+04 1.669967975589166098e-01 6.986800182066454923e-02 7.312243969048702885e-01 1.965179790623577671e-01 2.389622212107419402e-03 0.000000000000000000e+00
4.200000000000000000e+04 1.679967783826226135e-01 9.308147473827947660e-02 7.081247155211651823e-01 1.929904415111515781e-01 5.803368229403732710e-03 0.000000000000000000e+00
4.225000000000000000e+04 1.689967592063286173e-01 1.065088757396449731e-01 6.851388256713700775e-01 1.989076012744651900e-01 9.444697314519799256e-03 0.000000000000000000e+00
4.250000000000000000e+04 1.699967400300348430e-01 9.069185252617205373e-02 7.418070095584888834e-01 1.636322257624032717e-01 3.868912152935821518e-03 0.000000000000000000e+00
4.275000000000000000e+04 1.709967208537408467e-01 8.955393718707328754e-02 7.523896222121073674e-01 1.553254437869822369e-01 2.730996813837050560e-03 0.000000000000000000e+00
4.300000000000000000e+04 1.719967016774470725e-01 6.213017751479289752e-02 7.703686845698679564e-01 1.629494765589440120e-01 4.551661356395083832e-03 0.000000000000000000e+00
4.325000000000000000e+04 1.729966825011530762e-01 5.951297223486572835e-02 7.721893491124259823e-01 1.640873918980427781e-01 4.210286754665453109e-03 0.000000000000000000e+00
4.350000000000000000e+04 1.739966633248590799e-01 6.133363677742376119e-02 7.734410559854346667e-01 1.629494765589440120e-01 2.275830678197541916e-03 0.000000000000000000e+00
4.375000000000000000e+04 1.749966441485653057e-01 6.019572143832498806e-02 7.705962676376877374e-01 1.651115157032316816e-01 4.096495220755575623e-03 0.000000000000000000e+00
4.400000000000000000e+04 1.759966249722713094e-01 6.167501137915339104e-02 7.711652253072371899e-01 1.644287664997724219e-01 2.730996813837050560e-03 0.000000000000000000e+00
4.425000000000000000e+04 1.769966057959773131e-01 6.144742831133363781e-02 7.721893491124259823e-01 1.638598088302230249e-01 2.503413746017296455e-03 0.000000000000000000e+00
4.450000000000000000e+04 1.779965866196835389e-01 6.247155211652252738e-02 7.660446062812926726e-01 1.679563040509786109e-01 3.527537551206190360e-03 0.000000000000000000e+00
4.475000000000000000e+04 1.789965674433895426e-01 6.178880291306326766e-02 7.687756030951297115e-01 1.660218479745106945e-01 3.413746017296313308e-03 0.000000000000000000e+00
4.500000000000000000e+04 1.799965482670957684e-01 6.235776058261265076e-02 7.679790623577605890e-01 1.670459717796995980e-01 2.617205279927173507e-03 0.000000000000000000e+00
4.525000000000000000e+04 1.809965290908017721e-01 6.497496586253982687e-02 7.659308147473827821e-01 1.665908056440600915e-01 2.503413746017296455e-03 0.000000000000000000e+00
4.550000000000000000e+04 1.819965099145077758e-01 6.269913518434228061e-02 7.694583522985889434e-01 1.651115157032316816e-01 2.730996813837050560e-03 0.000000000000000000e+00
4.575000000000000000e+04 1.829964907382140016e-01 6.474738279472007363e-02 7.646791078743740977e-01 1.664770141101502010e-01 4.096495220755575623e-03 0.000000000000000000e+00
4.600000000000000000e+04 1.839964715619200053e-01 6.338188438780155420e-02 7.690031861629494925e-01 1.653390987710514348e-01 2.275830678197541916e-03 0.000000000000000000e+00
4.625000000000000000e+04 1.849964523856260090e-01 6.463359126081019701e-02 7.653618570778334407e-01 1.675011379153391045e-01 2.503413746017296455e-03 0.000000000000000000e+00
4.650000000000000000e+04 1.859964332093322348e-01 6.451979972690032039e-02 7.669549385525716856e-01 1.653390987710514348e-01 3.186162949476558769e-03 0.000000000000000000e+00
4.675000000000000000e+04 1.869964140330382385e-01 6.577150659990896320e-02 7.679790623577605890e-01 1.630632680928539024e-01 3.186162949476558769e-03 0.000000000000000000e+00
4.700000000000000000e+04 1.879963948567444643e-01 6.804733727810650945e-02 7.691169776968593830e-01 1.606736458807464796e-01 2.162039144287664864e-03 0.000000000000000000e+00
4.725000000000000000e+04 1.889963756804504680e-01 6.907146108329539902e-02 7.674101046882112476e-01 1.599908966772872199e-01 3.527537551206190360e-03 0.000000000000000000e+00
4.750000000000000000e+04 1.899963565041564717e-01 6.508875739644970349e-02 7.728720983158853253e-01 1.571461083295402905e-01 4.893035958124715423e-03 0.000000000000000000e+00
4.775000000000000000e+04 1.909963373278626975e-01 6.656804733727811341e-02 7.700273099681383959e-01 1.591943559399180697e-01 4.210286754665453109e-03 0.000000000000000000e+00
4.800000000000000000e+04 1.919963181515687012e-01 7.066454255803368556e-02 7.687756030951297115e-01 1.565771506599908935e-01 3.982703686845699004e-03 0.000000000000000000e+00
4.825000000000000000e+04 1.929962989752747049e-01 6.952662721893490549e-02 7.692307692307692735e-01 1.568047337278106468e-01 4.437869822485207214e-03 0.000000000000000000e+00
4.850000000000000000e+04 1.939962797989809307e-01 7.316795630405098505e-02 7.682066454255803700e-01 1.541875284478834707e-01 4.437869822485207214e-03 0.000000000000000000e+00
4.875000000000000000e+04 1.949962606226869344e-01 6.952662721893490549e-02 7.741238051888938987e-01 1.504324078288575284e-01 5.917159763313609329e-03 0.000000000000000000e+00
4.900000000000000000e+04 1.959962414463931601e-01 6.224396904870277414e-02 7.842512517068730427e-01 1.498634501593081592e-01 3.641329085116067413e-03 0.000000000000000000e+00
4.925000000000000000e+04 1.969962222700991639e-01 6.008192990441511144e-02 7.825443786982249073e-01 1.554392353208921274e-01 1.934456076467910759e-03 0.000000000000000000e+00
4.950000000000000000e+04 1.979962030938051676e-01 6.508875739644970349e-02 7.787892580791988539e-01 1.540737369139736079e-01 2.048247610377787811e-03 0.000000000000000000e+00
4.975000000000000000e+04 1.989961839175113933e-01 6.338188438780155420e-02 7.802685480200273194e-01 1.549840691852526209e-01 1.365498406918525280e-03 0.000000000000000000e+00
5.000000000000000000e+04 1.999961647412173971e-01 6.304050978607191047e-02 7.795857988165680874e-01 1.555530268548019901e-01 1.820664542558033706e-03 0.000000000000000000e+00
5.025000000000000000e+04 2.009961455649234008e-01 6.190259444697314428e-02 7.795857988165680874e-01 1.557806099226217433e-01 2.730996813837050560e-03 0.000000000000000000e+00
5.050000000000000000e+04 2.019961263886296265e-01 6.224396904870277414e-02 7.815202548930360038e-01 1.538461538461538547e-01 2.389622212107419402e-03 0.000000000000000000e+00
5.075000000000000000e+04 2.029961072123356303e-01 6.315430131998178709e-02 7.800409649522075384e-01 1.548702776513427304e-01 1.934456076467910759e-03 0.000000000000000000e+00
5.100000000000000000e+04 2.039960880360418560e-01 6.281292671825215723e-02 7.793582157487483064e-01 1.558944014565316338e-01 1.934456076467910759e-03 0.000000000000000000e+00
5.125000000000000000e+04 2.049960688597478597e-01 6.110605370960400795e-02 7.853891670459717256e-01 1.525944469731451980e-01 9.103322712790168532e-04 0.000000000000000000e+00
5.150000000000000000e+04 2.059960496834538635e-01 6.167501137915339104e-02 7.833409194355940297e-01 1.533909877105143482e-01 1.593081474738279385e-03 0.000000000000000000e+00
5.175000000000000000e+04 2.069960305071600892e-01 6.087847064178425471e-02 7.835685025034136997e-01 1.536185707783341015e-01 1.934456076467910759e-03 0.000000000000000000e+00
5.200000000000000000e+04 2.079960113308660929e-01 6.019572143832498806e-02 7.824305871643150168e-01 1.553254437869822369e-01 2.048247610377787811e-03 0.000000000000000000e+00
5.225000000000000000e+04 2.089959921545720967e-01 5.780609922621757213e-02 7.893718707328174489e-01 1.510013654984069253e-01 1.820664542558033706e-03 0.000000000000000000e+00
5.250000000000000000e+04 2.099959729782783224e-01 5.655439235320892238e-02 7.894856622667273394e-01 1.515703231679562946e-01 2.389622212107419402e-03 0.000000000000000000e+00
5.275000000000000000e+04 2.109959538019843261e-01 5.735093309057805872e-02 7.890304961310878884e-01 1.519116977696859383e-01 1.706873008648156654e-03 0.000000000000000000e+00
5.300000000000000000e+04 2.119959346256905519e-01 6.019572143832498806e-02 7.868684569868001910e-01 1.510013654984069253e-01 1.934456076467910759e-03 0.000000000000000000e+00
5.325000000000000000e+04 2.129959154493965556e-01 5.905780609922621494e-02 7.878925807919890945e-01 1.514565316340464318e-01 1.593081474738279385e-03 0.000000000000000000e+00
5.350000000000000000e+04 2.139958962731025593e-01 5.700955848884842886e-02 7.914201183431952558e-01 1.500910332271279124e-01 1.479289940828402332e-03 0.000000000000000000e+00
5.375000000000000000e+04 2.149958770968087851e-01 5.939918070095585173e-02 7.876649977241693135e-01 1.514565316340464318e-01 1.479289940828402332e-03 0.000000000000000000e+00
5.400000000000000000e+04 2.159958579205147888e-01 5.985434683659535821e-02 7.875512061902594230e-01 1.513427401001365413e-01 1.251706873008648227e-03 0.000000000000000000e+00
5.425000000000000000e+04 2.169958387442207925e-01 6.053709604005461792e-02 7.869822485207100815e-01 1.516841147018661851e-01 7.965407373691396923e-04 0.000000000000000000e+00
5.450000000000000000e+04 2.179958195679270183e-01 5.951297223486572835e-02 7.872098315885298625e-01 1.512289485662266786e-01 2.048247610377787811e-03 0.000000000000000000e+00
5.475000000000000000e+04 2.189958003916330220e-01 6.030951297223486468e-02 7.877787892580792040e-01 1.507737824305871721e-01 1.137915339098770958e-03 0.000000000000000000e+00
5.500000000000000000e+04 2.199957812153392478e-01 5.757851615839781195e-02 7.890304961310878884e-01 1.511151570323167881e-01 2.275830678197541916e-03 0.000000000000000000e+00
5.525000000000000000e+04 2.209957620390452515e-01 5.996813837050523482e-02 7.878925807919890945e-01 1.504324078288575284e-01 1.706873008648156654e-03 0.000000000000000000e+00
5.550000000000000000e+04 2.219957428627512552e-01 6.008192990441511144e-02 7.874374146563495325e-01 1.500910332271279124e-01 2.389622212107419402e-03 0.000000000000000000e+00
5.575000000000000000e+04 2.229957236864574810e-01 6.099226217569413133e-02 7.864132908511606290e-01 1.514565316340464318e-01 1.137915339098770958e-03 0.000000000000000000e+00
5.600000000000000000e+04 2.239957045101634847e-01 6.258534365043240399e-02 7.856167501137915066e-01 1.500910332271279124e-01 1.706873008648156654e-03 0.000000000000000000e+00
5.625000000000000000e+04 2.249956853338694884e-01 6.144742831133363781e-02 7.845926263086026031e-01 1.513427401001365413e-01 2.617205279927173507e-03 0.000000000000000000e+00
5.650000000000000000e+04 2.259956661575757142e-01 6.065088757396449454e-02 7.869822485207100815e-01 1.514565316340464318e-01 9.103322712790168532e-04 0.000000000000000000e+00
5.675000000000000000e+04 2.269956469812817179e-01 6.167501137915339104e-02 7.862994993172508496e-01 1.502048247610377751e-01 1.820664542558033706e-03 0.000000000000000000e+00
