# itime ezz other fcc hcp bcc ico
0.000000000000000000e+00 0.000000000000000000e+00 0.000000000000000000e+00 1.000000000000000000e+00 0.000000000000000000e+00 0.000000000000000000e+00 0.000000000000000000e+00
2.500000000000000000e+02 1.000066555264966794e-03 0.000000000000000000e+00 1.000000000000000000e+00 0.000000000000000000e+00 0.000000000000000000e+00 0.000000000000000000e+00
5.000000000000000000e+02 2.000133110529711544e-03 0.000000000000000000e+00 1.000000000000000000e+00 0.000000000000000000e+00 0.000000000000000000e+00 0.000000000000000000e+00
7.500000000000000000e+02 3.000199665794678339e-03 0.000000000000000000e+00 1.000000000000000000e+00 0.000000000000000000e+00 0.000000000000000000e+00 0.000000000000000000e+00
1.000000000000000000e+03 4.000266221059423088e-03 0.000000000000000000e+00 1.000000000000000000e+00 0.000000000000000000e+00 0.000000000000000000e+00 0.000000000000000000e+00
1.250000000000000000e+03 5.000332776324389883e-03 0.000000000000000000e+00 1.000000000000000000e+00 0.000000000000000000e+00 0.000000000000000000e+00 0.000000000000000000e+00
1.500000000000000000e+03 6.000399331589134633e-03 0.000000000000000000e+00 1.000000000000000000e+00 0.000000000000000000e+00 0.000000000000000000e+00 0.000000000000000000e+00
1.750000000000000000e+03 7.000465886854101427e-03 0.000000000000000000e+00 1.000000000000000000e+00 0.000000000000000000e+00 0.000000000000000000e+00 0.000000000000000000e+00
2.000000000000000000e+03 8.000532442118846177e-03 0.000000000000000000e+00 1.000000000000000000e+00 0.000000000000000000e+00 0.000000000000000000e+00 0.000000000000000000e+00
2.250000000000000000e+03 9.000598997383812971e-03 0.000000000000000000e+00 1.000000000000000000e+00 0.000000000000000000e+00 0.000000000000000000e+00 0.000000000000000000e+00
2.500000000000000000e+03 1.000066555264855772e-02 0.000000000000000000e+00 1.000000000000000000e+00 0.000000000000000000e+00 0.000000000000000000e+00 0.000000000000000000e+00
2.750000000000000000e+03 1.100073210791352452e-02 0.000000000000000000e+00 1.000000000000000000e+00 0.000000000000000000e+00 0.000000000000000000e+00 0.000000000000000000e+00
3.000000000000000000e+03 1.200079866317826927e-02 0.000000000000000000e+00 1.000000000000000000e+00 0.000000000000000000e+00 0.000000000000000000e+00 0.000000000000000000e+00
3.250000000000000000e+03 1.300086521844323606e-02 0.000000000000000000e+00 1.000000000000000000e+00 0.000000000000000000e+00 0.000000000000000000e+00 0.000000000000000000e+00
3.500000000000000000e+03 1.400093177370798081e-02 0.000000000000000000e+00 1.000000000000000000e+00 0.000000000000000000e+00 0.000000000000000000e+00 0.000000000000000000e+00
3.750000000000000000e+03 1.500099832897294760e-02 0.000000000000000000e+00 1.000000000000000000e+00 0.000000000000000000e+00 0.000000000000000000e+00 0.000000000000000000e+00
4.000000000000000000e+03 1.600106488423769235e-02 0.000000000000000000e+00 1.000000000000000000e+00 0.000000000000000000e+00 0.000000000000000000e+00 0.000000000000000000e+00
4.250000000000000000e+03 1.700113143950265915e-02 0.000000000000000000e+00 1.000000000000000000e+00 0.000000000000000000e+00 0.000000000000000000e+00 0.000000000000000000e+00
4.500000000000000000e+03 1.800119799476740390e-02 0.000000000000000000e+00 1.000000000000000000e+00 0.000000000000000000e+00 0.000000000000000000e+00 0.000000000000000000e+00
4.750000000000000000e+03 1.900126455003237069e-02 0.000000000000000000e+00 1.000000000000000000e+00 0.000000000000000000e+00 0.000000000000000000e+00 0.000000000000000000e+00
5.000000000000000000e+03 2.000133110529711544e-02 0.000000000000000000e+00 1.000000000000000000e+00 0.000000000000000000e+00 0.000000000000000000e+00 0.000000000000000000e+00
5.250000000000000000e+03 2.100139766056208224e-02 0.000000000000000000e+00 1.000000000000000000e+00 0.000000000000000000e+00 0.000000000000000000e+00 0.000000000000000000e+00
5.500000000000000000e+03 2.200146421582682699e-02 0.000000000000000000e+00 1.000000000000000000e+00 0.000000000000000000e+00 0.000000000000000000e+00 0.000000000000000000e+00
5.750000000000000000e+03 2.300153077109179378e-02 0.000000000000000000e+00 1.000000000000000000e+00 0.000000000000000000e+00 0.000000000000000000e+00 0.000000000000000000e+00
6.000000000000000000e+03 2.400159732635653853e-02 0.000000000000000000e+00 1.000000000000000000e+00 0.000000000000000000e+00 0.000000000000000000e+00 0.000000000000000000e+00
6.250000000000000000e+03 2.500166388162150533e-02 0.000000000000000000e+00 1.000000000000000000e+00 0.000000000000000000e+00 0.000000000000000000e+00 0.000000000000000000e+00
6.500000000000000000e+03 2.600173043688625008e-02 0.000000000000000000e+00 1.000000000000000000e+00 0.000000000000000000e+00 0.000000000000000000e+00 0.000000000000000000e+00
6.750000000000000000e+03 2.700179699215121687e-02 0.000000000000000000e+00 1.000000000000000000e+00 0.000000000000000000e+00 0.000000000000000000e+00 0.000000000000000000e+00
7.000000000000000000e+03 2.800186354741596162e-02 0.000000000000000000e+00 1.000000000000000000e+00 0.000000000000000000e+00 0.000000000000000000e+00 0.000000000000000000e+00
7.250000000000000000e+03 2.900193010268092841e-02 0.000000000000000000e+00 1.000000000000000000e+00 0.000000000000000000e+00 0.000000000000000000e+00 0.000000000000000000e+00
7.500000000000000000e+03 3.000199665794567316e-02 0.000000000000000000e+00 1.000000000000000000e+00 0.000000000000000000e+00 0.000000000000000000e+00 0.000000000000000000e+00
7.750000000000000000e+03 3.100206321321063996e-02 0.000000000000000000e+00 1.000000000000000000e+00 0.000000000000000000e+00 0.000000000000000000e+00 0.000000000000000000e+00
8.000000000000000000e+03 3.200212976847538471e-02 0.000000000000000000e+00 1.000000000000000000e+00 0.000000000000000000e+00 0.000000000000000000e+00 0.000000000000000000e+00
8.250000000000000000e+03 3.300219632374035150e-02 0.000000000000000000e+00 1.000000000000000000e+00 0.000000000000000000e+00 0.000000000000000000e+00 0.000000000000000000e+00
8.500000000000000000e+03 3.400226287900509625e-02 0.000000000000000000e+00 1.000000000000000000e+00 0.000000000000000000e+00 0.000000000000000000e+00 0.000000000000000000e+00
8.750000000000000000e+03 3.500232943427006305e-02 0.000000000000000000e+00 1.000000000000000000e+00 0.000000000000000000e+00 0.000000000000000000e+00 0.000000000000000000e+00
9.000000000000000000e+03 3.600239598953480780e-02 0.000000000000000000e+00 1.000000000000000000e+00 0.000000000000000000e+00 0.000000000000000000e+00 0.000000000000000000e+00
9.250000000000000000e+03 3.700246254479977459e-02 0.000000000000000000e+00 1.000000000000000000e+00 0.000000000000000000e+00 0.000000000000000000e+00 0.000000000000000000e+00
9.500000000000000000e+03 3.800252910006451934e-02 0.000000000000000000e+00 1.000000000000000000e+00 0.000000000000000000e+00 0.000000000000000000e+00 0.000000000000000000e+00
9.750000000000000000e+03 3.900259565532948614e-02 0.000000000000000000e+00 1.000000000000000000e+00 0.000000000000000000e+00 0.000000000000000000e+00 0.000000000000000000e+00
1.000000000000000000e+04 4.000266221059423088e-02 0.000000000000000000e+00 1.000000000000000000e+00 0.000000000000000000e+00 0.000000000000000000e+00 0.000000000000000000e+00
1.025000000000000000e+04 4.100272876585919768e-02 0.000000000000000000e+00 1.000000000000000000e+00 0.000000000000000000e+00 0.000000000000000000e+00 0.000000000000000000e+00
1.050000000000000000e+04 4.200279532112394243e-02 0.000000000000000000e+00 1.000000000000000000e+00 0.000000000000000000e+00 0.000000000000000000e+00 0.000000000000000000e+00
1.075000000000000000e+04 4.300286187638890922e-02 0.000000000000000000e+00 1.000000000000000000e+00 0.000000000000000000e+00 0.000000000000000000e+00 0.000000000000000000e+00
1.100000000000000000e+04 4.400292843165365397e-02 0.000000000000000000e+00 1.000000000000000000e+00 0.000000000000000000e+00 0.000000000000000000e+00 0.000000000000000000e+00
1.125000000000000000e+04 4.500299498691862077e-02 0.000000000000000000e+00 1.000000000000000000e+00 0.000000000000000000e+00 0.000000000000000000e+00 0.000000000000000000e+00
1.150000000000000000e+04 4.600306154218336552e-02 0.000000000000000000e+00 1.000000000000000000e+00 0.000000000000000000e+00 0.000000000000000000e+00 0.000000000000000000e+00
1.175000000000000000e+04 4.700312809744833231e-02 0.000000000000000000e+00 1.000000000000000000e+00 0.000000000000000000e+00 0.000000000000000000e+00 0.000000000000000000e+00
1.200000000000000000e+04 4.800319465271307706e-02 0.000000000000000000e+00 1.000000000000000000e+00 0.000000000000000000e+00 0.000000000000000000e+00 0.000000000000000000e+00
1.225000000000000000e+04 4.900326120797804386e-02 0.000000000000000000e+00 1.000000000000000000e+00 0.000000000000000000e+00 0.000000000000000000e+00 0.000000000000000000e+00
1.250000000000000000e+04 5.000332776324278861e-02 0.000000000000000000e+00 1.000000000000000000e+00 0.000000000000000000e+00 0.000000000000000000e+00 0.000000000000000000e+00
1.275000000000000000e+04 5.100339431850775540e-02 0.000000000000000000e+00 1.000000000000000000e+00 0.000000000000000000e+00 0.000000000000000000e+00 0.000000000000000000e+00
1.300000000000000000e+04 5.200346087377250015e-02 0.000000000000000000e+00 1.000000000000000000e+00 0.000000000000000000e+00 0.000000000000000000e+00 0.000000000000000000e+00
1.325000000000000000e+04 5.300352742903746694e-02 0.000000000000000000e+00 1.000000000000000000e+00 0.000000000000000000e+00 0.000000000000000000e+00 0.000000000000000000e+00
1.350000000000000000e+04 5.400359398430221169e-02 0.000000000000000000e+00 1.000000000000000000e+00 0.000000000000000000e+00 0.000000000000000000e+00 0.000000000000000000e+00
1.375000000000000000e+04 5.500366053956717849e-02 0.000000000000000000e+00 1.000000000000000000e+00 0.000000000000000000e+00 0.000000000000000000e+00 0.000000000000000000e+00
1.400000000000000000e+04 5.600372709483192324e-02 0.000000000000000000e+00 1.000000000000000000e+00 0.000000000000000000e+00 0.000000000000000000e+00 0.000000000000000000e+00
1.425000000000000000e+04 5.700379365009689003e-02 0.000000000000000000e+00 1.000000000000000000e+00 0.000000000000000000e+00 0.000000000000000000e+00 0.000000000000000000e+00
1.450000000000000000e+04 5.800386020536163478e-02 0.000000000000000000e+00 1.000000000000000000e+00 0.000000000000000000e+00 0.000000000000000000e+00 0.000000000000000000e+00
1.475000000000000000e+04 5.900392676062660158e-02 0.000000000000000000e+00 1.000000000000000000e+00 0.000000000000000000e+00 0.000000000000000000e+00 0.000000000000000000e+00
1.500000000000000000e+04 6.000399331589134633e-02 0.000000000000000000e+00 1.000000000000000000e+00 0.000000000000000000e+00 0.000000000000000000e+00 0.000000000000000000e+00
1.525000000000000000e+04 6.100405987115631312e-02 0.000000000000000000e+00 1.000000000000000000e+00 0.000000000000000000e+00 0.000000000000000000e+00 0.000000000000000000e+00
1.550000000000000000e+04 6.200412642642105787e-02 0.000000000000000000e+00 1.000000000000000000e+00 0.000000000000000000e+00 0.000000000000000000e+00 0.000000000000000000e+00
1.575000000000000000e+04 6.300419298168602467e-02 4.551661356395084266e-04 9.995448338643604380e-01 0.000000000000000000e+00 0.000000000000000000e+00 0.000000000000000000e+00
1.600000000000000000e+04 6.400425953695076942e-02 1.137915339098771066e-04 9.998862084660901095e-01 0.000000000000000000e+00 0.000000000000000000e+00 0.000000000000000000e+00
1.625000000000000000e+04 6.500432609221573621e-02 0.000000000000000000e+00 1.000000000000000000e+00 0.000000000000000000e+00 0.000000000000000000e+00 0.000000000000000000e+00
1.650000000000000000e+04 6.600439264748048096e-02 0.000000000000000000e+00 1.000000000000000000e+00 0.000000000000000000e+00 0.000000000000000000e+00 0.000000000000000000e+00
1.675000000000000000e+04 6.700445920274544775e-02 0.000000000000000000e+00 1.000000000000000000e+00 0.000000000000000000e+00 0.000000000000000000e+00 0.000000000000000000e+00
1.700000000000000000e+04 6.800452575801019250e-02 0.000000000000000000e+00 1.000000000000000000e+00 0.000000000000000000e+00 0.000000000000000000e+00 0.000000000000000000e+00
1.725000000000000000e+04 6.900459231327515930e-02 0.000000000000000000e+00 1.000000000000000000e+00 0.000000000000000000e+00 0.000000000000000000e+00 0.000000000000000000e+00
1.750000000000000000e+04 7.000465886853990405e-02 0.000000000000000000e+00 1.000000000000000000e+00 0.000000000000000000e+00 0.000000000000000000e+00 0.000000000000000000e+00
1.775000000000000000e+04 7.100472542380487084e-02 0.000000000000000000e+00 1.000000000000000000e+00 0.000000000000000000e+00 0.000000000000000000e+00 0.000000000000000000e+00
1.800000000000000000e+04 7.200479197906961559e-02 0.000000000000000000e+00 1.000000000000000000e+00 0.000000000000000000e+00 0.000000000000000000e+00 0.000000000000000000e+00
1.825000000000000000e+04 7.300485853433458239e-02 4.551661356395084266e-04 9.995448338643604380e-01 0.000000000000000000e+00 0.000000000000000000e+00 0.000000000000000000e+00
1.850000000000000000e+04 7.400492508959932714e-02 0.000000000000000000e+00 1.000000000000000000e+00 0.000000000000000000e+00 0.000000000000000000e+00 0.000000000000000000e+00
1.875000000000000000e+04 7.500499164486429393e-02 2.275830678197542133e-04 9.997724169321802190e-01 0.000000000000000000e+00 0.000000000000000000e+00 0.000000000000000000e+00
1.900000000000000000e+04 7.600505820012903868e-02 7.965407373691396923e-04 9.992034592626308775e-01 0.000000000000000000e+00 0.000000000000000000e+00 0.000000000000000000e+00
1.925000000000000000e+04 7.700512475539400548e-02 3.413746017296313199e-04 9.994310423304506585e-01 0.000000000000000000e+00 2.275830678197542133e-04 0.000000000000000000e+00
1.950000000000000000e+04 7.800519131065875023e-02 1.137915339098771066e-04 9.997724169321802190e-01 0.000000000000000000e+00 1.137915339098771066e-04 0.000000000000000000e+00
1.975000000000000000e+04 7.900525786592371702e-02 0.000000000000000000e+00 1.000000000000000000e+00 0.000000000000000000e+00 0.000000000000000000e+00 0.000000000000000000e+00
2.000000000000000000e+04 8.000532442118846177e-02 3.413746017296313199e-04 9.995448338643604380e-01 0.000000000000000000e+00 1.137915339098771066e-04 0.000000000000000000e+00
2.025000000000000000e+04 8.100539097645342856e-02 6.827492034592626399e-04 9.993172507965407680e-01 0.000000000000000000e+00 0.000000000000000000e+00 0.000000000000000000e+00
2.050000000000000000e+04 8.200545753171817331e-02 1.137915339098770958e-03 9.988620846609012061e-01 0.000000000000000000e+00 0.000000000000000000e+00 0.000000000000000000e+00
2.075000000000000000e+04 8.300552408698314011e-02 1.251706873008648227e-03 9.986345015930814251e-01 0.000000000000000000e+00 1.137915339098771066e-04 0.000000000000000000e+00
2.100000000000000000e+04 8.400559064224788486e-02 5.689576695493854790e-04 9.994310423304506585e-01 0.000000000000000000e+00 0.000000000000000000e+00 0.000000000000000000e+00
2.125000000000000000e+04 8.500565719751285165e-02 2.275830678197542133e-04 9.997724169321802190e-01 0.000000000000000000e+00 0.000000000000000000e+00 0.000000000000000000e+00
2.150000000000000000e+04 8.600572375277759640e-02 1.137915339098771066e-04 9.998862084660901095e-01 0.000000000000000000e+00 0.000000000000000000e+00 0.000000000000000000e+00
2.175000000000000000e+04 8.700579030804256320e-02 4.551661356395084266e-04 9.994310423304506585e-01 0.000000000000000000e+00 1.137915339098771066e-04 0.000000000000000000e+00
2.200000000000000000e+04 8.800585686330730795e-02 5.689576695493854790e-04 9.994310423304506585e-01 0.000000000000000000e+00 0.000000000000000000e+00 0.000000000000000000e+00
2.225000000000000000e+04 8.900592341857227474e-02 1.365498406918525280e-03 9.985207100591716456e-01 0.000000000000000000e+00 1.137915339098771066e-04 0.000000000000000000e+00
2.250000000000000000e+04 9.000598997383701949e-02 9.103322712790168532e-04 9.990896677287209870e-01 0.000000000000000000e+00 0.000000000000000000e+00 0.000000000000000000e+00
2.275000000000000000e+04 9.100605652910198629e-02 1.024123805188893906e-03 9.989758761948110966e-01 0.000000000000000000e+00 0.000000000000000000e+00 0.000000000000000000e+00
2.300000000000000000e+04 9.200612308436673104e-02 1.251706873008648227e-03 9.986345015930814251e-01 0.000000000000000000e+00 1.137915339098771066e-04 0.000000000000000000e+00
2.325000000000000000e+04 9.300618963963169783e-02 1.479289940828402332e-03 9.982931269913518646e-01 0.000000000000000000e+00 2.275830678197542133e-04 0.000000000000000000e+00
2.350000000000000000e+04 9.400625619489644258e-02 1.251706873008648227e-03 9.986345015930814251e-01 0.000000000000000000e+00 1.137915339098771066e-04 0.000000000000000000e+00
2.375000000000000000e+04 9.500632275016140937e-02 4.324078288575329727e-03 9.956759217114247162e-01 0.000000000000000000e+00 0.000000000000000000e+00 0.000000000000000000e+00
2.400000000000000000e+04 9.600638930542615412e-02 2.617205279927173507e-03 9.973827947200728516e-01 0.000000000000000000e+00 0.000000000000000000e+00 0.000000000000000000e+00
2.425000000000000000e+04 9.700645586069112092e-02 1.934456076467910759e-03 9.978379608557123026e-01 0.000000000000000000e+00 2.275830678197542133e-04 0.000000000000000000e+00
2.450000000000000000e+04 9.800652241595586567e-02 3.641329085116067413e-03 9.961310878470641672e-01 0.000000000000000000e+00 2.275830678197542133e-04 0.000000000000000000e+00
2.475000000000000000e+04 9.900658897122083246e-02 2.162039144287664864e-03 9.978379608557123026e-01 0.000000000000000000e+00 0.000000000000000000e+00 0.000000000000000000e+00
2.500000000000000000e+04 1.000066555264855772e-01 2.617205279927173507e-03 9.972690031861629611e-01 0.000000000000000000e+00 1.137915339098771066e-04 0.000000000000000000e+00
2.525000000000000000e+04 1.010067220817505440e-01 4.437869822485207214e-03 9.947655894401457033e-01 0.000000000000000000e+00 7.965407373691396923e-04 0.000000000000000000e+00
2.550000000000000000e+04 1.020067886370152888e-01 5.006827492034592909e-03 9.947655894401457033e-01 0.000000000000000000e+00 2.275830678197542133e-04 0.000000000000000000e+00
2.575000000000000000e+04 1.030068551922802556e-01 4.779244424214838804e-03 9.949931725079653733e-01 0.000000000000000000e+00 2.275830678197542133e-04 0.000000000000000000e+00
2.600000000000000000e+04 1.040069217475450003e-01 4.893035958124715423e-03 9.945380063723259223e-01 0.000000000000000000e+00 5.689576695493854790e-04 0.000000000000000000e+00
2.625000000000000000e+04 1.050069883028099671e-01 5.803368229403732710e-03 9.931725079654073474e-01 0.000000000000000000e+00 1.024123805188893906e-03 0.000000000000000000e+00
2.650000000000000000e+04 1.060070548580747118e-01 9.558488848429677609e-03 9.896449704142011861e-01 0.000000000000000000e+00 7.965407373691396923e-04 0.000000000000000000e+00
2.675000000000000000e+04 1.070071214133396786e-01 7.851615839781519654e-03 9.919208010923987739e-01 0.000000000000000000e+00 2.275830678197542133e-04 0.000000000000000000e+00
2.700000000000000000e+04 1.080071879686044234e-01 1.467910787437414627e-02 9.833864360491579859e-01 0.000000000000000000e+00 1.934456076467910759e-03 0.000000000000000000e+00
2.725000000000000000e+04 1.090072545238693902e-01 3.322712790168411146e-02 9.220527992717342247e-01 0.000000000000000000e+00 4.472007282658170546e-02 0.000000000000000000e+00
2.750000000000000000e+04 1.100073210791341349e-01 1.688666363222576239e-01 3.951979972690031762e-01 4.893035958124715423e-03 4.310423304506144637e-01 0.000000000000000000e+00
2.775000000000000000e+04 1.110073876343991017e-01 2.405553026854801990e-01 4.489076012744651623e-01 2.295175238962221254e-01 8.101957214383249950e-02 0.000000000000000000e+00
2.800000000000000000e+04 1.120074541896638465e-01 1.598771051433773294e-01 5.935366408739189970e-01 2.353208921256258468e-01 1.126536185707783383e-02 0.000000000000000000e+00
2.825000000000000000e+04 1.130075207449288133e-01 1.689804278561675144e-01 5.918297678652708615e-01 2.323623122439690547e-01 6.827492034592626616e-03 0.000000000000000000e+00
2.850000000000000000e+04 1.140075873001935580e-01 1.708010923987255403e-01 5.938780154756485574e-01 2.295175238962221254e-01 5.803368229403732710e-03 0.000000000000000000e+00
2.875000000000000000e+04 1.150076538554585248e-01 1.630632680928539024e-01 6.008192990441511006e-01 2.270141101502048120e-01 9.103322712790167665e-03 0.000000000000000000e+00
2.900000000000000000e+04 1.160077204107232696e-01 1.596495220755575761e-01 6.073054164770140817e-01 2.251934456076467861e-01 7.851615839781519654e-03 0.000000000000000000e+00
2.925000000000000000e+04 1.170077869659882364e-01 1.429221665908056438e-01 6.203914428766499345e-01 2.330450614474283144e-01 3.641329085116067413e-03 0.000000000000000000e+00
2.950000000000000000e+04 1.180078535212529811e-01 1.357532999544833752e-01 6.228948566226673034e-01 2.378243058716431602e-01 3.527537551206190360e-03 0.000000000000000000e+00
2.975000000000000000e+04 1.190079200765179479e-01 1.351843422849340060e-01 6.194811106053709215e-01 2.396449704142011861e-01 5.689576695493855224e-03 0.000000000000000000e+00
3.000000000000000000e+04 1.200079866317826927e-01 1.374601729631315383e-01 6.239189804278562068e-01 2.356622667273554905e-01 2.958579881656804664e-03 0.000000000000000000e+00
3.025000000000000000e+04 1.210080531870476594e-01 1.306326809285389134e-01 6.339326354119253493e-01 2.302002730996813851e-01 5.234410559854347014e-03 0.000000000000000000e+00
3.050000000000000000e+04 1.220081197423124042e-01 1.086709148839326289e-01 6.627218934911243142e-01 2.257624032771961831e-01 2.844788347746927612e-03 0.000000000000000000e+00
3.075000000000000000e+04 1.230081862975773710e-01 1.115157032316795582e-01 6.640873918980427781e-01 2.198452435138825711e-01 4.551661356395083832e-03 0.000000000000000000e+00
3.100000000000000000e+04 1.240082528528421157e-01 1.088984979517523960e-01 6.651115157032316816e-01 2.217796995903504875e-01 4.210286754665453109e-03 0.000000000000000000e+00
3.125000000000000000e+04 1.250083194081070825e-01 1.102639963586709154e-01 6.648839326354119006e-01 2.214383249886208438e-01 3.413746017296313308e-03 0.000000000000000000e+00
3.150000000000000000e+04 1.260083859633718273e-01 1.082157487482931224e-01 6.668183887118798170e-01 2.209831588529813373e-01 3.982703686845699004e-03 0.000000000000000000e+00
3.175000000000000000e+04 1.270084525186367941e-01 1.150432407828857473e-01 6.634046426945835462e-01 2.185935366408739144e-01 2.958579881656804664e-03 0.000000000000000000e+00
3.200000000000000000e+04 1.280085190739015388e-01 1.137915339098771045e-01 6.629494765589439842e-01 2.201866181156121871e-01 3.072371415566681717e-03 0.000000000000000000e+00
3.225000000000000000e+04 1.290085856291665056e-01 1.108329540282202985e-01 6.616977696859354108e-01 2.246244879380974169e-01 2.844788347746927612e-03 0.000000000000000000e+00
3.250000000000000000e+04 1.300086521844312504e-01 1.123122439690487084e-01 6.634046426945835462e-01 2.217796995903504875e-01 2.503413746017296455e-03 0.000000000000000000e+00
3.275000000000000000e+04 1.310087187396962172e-01 1.101502048247610388e-01 6.642011834319526686e-01 2.229176149294492537e-01 2.730996813837050560e-03 0.000000000000000000e+00
3.300000000000000000e+04 1.320087852949609619e-01 1.152708238507055144e-01 6.614701866181156298e-01 2.203004096495220776e-01 2.958579881656804664e-03 0.000000000000000000e+00
3.325000000000000000e+04 1.330088518502259287e-01 1.148156577150659940e-01 6.593081474738279324e-01 2.239417387346381294e-01 1.934456076467910759e-03 0.000000000000000000e+00
3.350000000000000000e+04 1.340089184054906735e-01 1.154984069185252676e-01 6.577150659990896875e-01 2.236003641329085134e-01 3.186162949476558769e-03 0.000000000000000000e+00
3.375000000000000000e+04 1.350089849607556403e-01 1.156121984524351443e-01 6.604460628129267263e-01 2.215521165225307343e-01 2.389622212107419402e-03 0.000000000000000000e+00
3.400000000000000000e+04 1.360090515160203850e-01 1.161811561219845274e-01 6.566909421939007840e-01 2.248520710059171701e-01 2.275830678197541916e-03 0.000000000000000000e+00
3.425000000000000000e+04 1.370091180712853518e-01 1.156121984524351443e-01 6.576012744651797970e-01 2.226900318616295005e-01 4.096495220755575623e-03 0.000000000000000000e+00
3.450000000000000000e+04 1.380091846265500966e-01 1.190259444697314567e-01 6.556668183887118806e-01 2.226900318616295005e-01 2.617205279927173507e-03 0.000000000000000000e+00
3.475000000000000000e+04 1.390092511818150633e-01 1.198224852071005930e-01 6.520254893035958288e-01 2.253072371415566766e-01 2.844788347746927612e-03 0.000000000000000000e+00
3.500000000000000000e+04 1.400093177370798081e-01 1.253982703686845612e-01 6.469048702776513116e-01 2.257624032771961831e-01 1.934456076467910759e-03 0.000000000000000000e+00
3.525000000000000000e+04 1.410093842923447749e-01 1.226672735548475224e-01 6.505461993627673634e-01 2.241693218024579104e-01 2.617205279927173507e-03 0.000000000000000000e+00
3.550000000000000000e+04 1.420094508476095196e-01 1.224396904870277691e-01 6.498634501593081314e-01 2.250796540737369233e-01 2.617205279927173507e-03 0.000000000000000000e+00
3.575000000000000000e+04 1.430095174028744864e-01 1.228948566226672756e-01 6.486117432862994470e-01 2.253072371415566766e-01 3.186162949476558769e-03 0.000000000000000000e+00
3.600000000000000000e+04 1.440095839581392312e-01 1.235776058261265353e-01 6.482703686845698865e-01 2.248520710059171701e-01 3.299954483386436255e-03 0.000000000000000000e+00
3.625000000000000000e+04 1.450096505134041980e-01 1.222121074192080159e-01 6.486117432862994470e-01 2.259899863450159363e-01 3.186162949476558769e-03 0.000000000000000000e+00
3.650000000000000000e+04 1.460097170686689427e-01 1.238051888939462886e-01 6.479289940828402150e-01 2.247382794720072796e-01 3.527537551206190360e-03 0.000000000000000000e+00
3.675000000000000000e+04 1.470097836239339095e-01 1.240327719617660418e-01 6.491807009558488994e-01 2.242831133363677731e-01 2.503413746017296455e-03 0.000000000000000000e+00
3.700000000000000000e+04 1.480098501791986543e-01 1.260810195721438209e-01 6.409877105143377829e-01 2.298588984979517413e-01 3.072371415566681717e-03 0.000000000000000000e+00
3.725000000000000000e+04 1.490099167344636211e-01 1.371187983614019223e-01 6.260810195721437932e-01 2.325898953117888079e-01 4.210286754665453109e-03 0.000000000000000000e+00
3.750000000000000000e+04 1.500099832897283658e-01 1.478152025489303523e-01 6.077605826126536437e-01 2.385070550751024199e-01 5.917159763313609329e-03 0.000000000000000000e+00
3.775000000000000000e+04 1.510100498449933326e-01 1.593081474738279601e-01 5.877332726445152478e-01 2.419208010923987184e-01 1.103777878925807886e-02 0.000000000000000000e+00
3.800000000000000000e+04 1.520101164002580774e-01 1.338188438780154865e-01 6.333636777423760078e-01 2.240555302685480199e-01 8.761948111060537808e-03 0.000000000000000000e+00
3.825000000000000000e+04 1.530101829555230442e-01 1.241465634956759184e-01 6.349567592171142527e-01 2.337278106508875741e-01 7.168866636322257339e-03 0.000000000000000000e+00
3.850000000000000000e+04 1.540102495107877889e-01 1.240327719617660418e-01 6.397360036413290985e-01 2.300864815657714946e-01 6.144742831133363434e-03 0.000000000000000000e+00
3.875000000000000000e+04 1.550103160660527557e-01 1.203914428766499761e-01 6.442876649977241632e-01 2.292899408284023721e-01 6.030951297223486815e-03 0.000000000000000000e+00
3.900000000000000000e+04 1.560103826213175005e-01 1.206190259444697294e-01 6.397360036413290985e-01 2.345243513882567243e-01 5.120619025944469528e-03 0.000000000000000000e+00
3.925000000000000000e+04 1.570104491765824672e-01 1.199362767410104696e-01 6.446290395994538347e-01 2.305416477014110288e-01 4.893035958124715423e-03 0.000000000000000000e+00
3.950000000000000000e+04 1.580105157318472120e-01 1.244879380974055483e-01 6.544151115157031962e-01 2.162039144287664916e-01 4.893035958124715423e-03 0.000000000000000000e+00
3.975000000000000000e+04 1.590105822871121788e-01 1.249431042330450548e-01 6.737596722803823601e-01 1.972007282658170269e-01 4.096495220755575623e-03 0.000000000000000000e+00
4.000000000000000000e+04 1.600106488423769235e-01 1.127674101046882149e-01 6.961766044606281234e-01 1.874146563495675821e-01 3.641329085116067413e-03 0.000000000000000000e+00
4.025000000000000000e+04 1.610107153976418903e-01 1.118570778334091881e-01 6.954938552571688914e-01 1.883249886208466228e-01 4.324078288575329727e-03 0.000000000000000000e+00
4.050000000000000000e+04 1.620107819529066351e-01 1.086709148839326289e-01 6.962903959945380139e-01 1.925352753755120716e-01 2.503413746017296455e-03 0.000000000000000000e+00
4.075000000000000000e+04 1.630108485081716019e-01 1.038916704597177970e-01 7.003868912152936277e-01 1.919663177059626746e-01 3.755120619025944465e-03 0.000000000000000000e+00
4.100000000000000000e+04 1.640109150634363466e-01 1.060537096040054666e-01 6.989076012744651623e-01 1.929904415111515781e-01 2.048247610377787811e-03 0.000000000000000000e+00
4.125000000000000000e+04 1.650109816187013134e-01 1.053709604005461931e-01 6.991351843422849432e-01 1.926490669094219343e-01 2.844788347746927612e-03 0.000000000000000000e+00
4.150000000000000000e+04 1.660110481739660582e-01 1.058261265361857134e-01 7.001593081474738467e-01 1.907146108329540179e-01 3.299954483386436255e-03 0.000000000000000000e+00
4.175000000000000000e+04 1.670111147292310250e-01 1.062812926718252199e-01 6.982248520710059303e-01 1.934456076467910846e-01 2.048247610377787811e-03 0.000000000000000000e+00
4.200000000000000000e+04 1.680111812844957697e-01 1.051433773327264398e-01 6.983386436049158208e-01 1.924214838416021811e-01 4.096495220755575623e-03 0.000000000000000000e+00
4.225000000000000000e+04 1.690112478397607365e-01 1.084433318161128756e-01 6.957214383249886724e-01 1.921939007737824279e-01 3.641329085116067413e-03 0.000000000000000000e+00
4.250000000000000000e+04 1.700113143950254813e-01 1.058261265361857134e-01 6.978834774692762588e-01 1.928766499772416876e-01 3.413746017296313308e-03 0.000000000000000000e+00
4.275000000000000000e+04 1.710113809502904481e-01 1.053709604005461931e-01 6.977696859353663683e-01 1.937869822485207005e-01 3.072371415566681717e-03 0.000000000000000000e+00
4.300000000000000000e+04 1.720114475055551928e-01 1.055985434683659602e-01 6.962903959945380139e-01 1.942421483841602070e-01 3.868912152935821518e-03 0.000000000000000000e+00
4.325000000000000000e+04 1.730115140608201596e-01 1.055985434683659602e-01 6.960628129267182329e-01 1.941283568502503443e-01 4.210286754665453109e-03 0.000000000000000000e+00
4.350000000000000000e+04 1.740115806160849043e-01 1.066226672735548497e-01 6.948111060537096595e-01 1.950386891215293572e-01 3.527537551206190360e-03 0.000000000000000000e+00
4.375000000000000000e+04 1.750116471713498711e-01 1.079881656804733692e-01 6.960628129267182329e-01 1.919663177059626746e-01 3.982703686845699004e-03 0.000000000000000000e+00
4.400000000000000000e+04 1.760117137266146159e-01 1.070778334091943562e-01 7.014110150204825311e-01 1.877560309512972259e-01 3.755120619025944465e-03 0.000000000000000000e+00
4.425000000000000000e+04 1.770117802818795827e-01 1.052571688666363164e-01 7.099453800637232082e-01 1.812699135184342170e-01 3.527537551206190360e-03 0.000000000000000000e+00
4.450000000000000000e+04 1.780118468371443274e-01 9.626763768775603580e-02 7.240555302685480754e-01 1.761492944924897552e-01 3.527537551206190360e-03 0.000000000000000000e+00
4.475000000000000000e+04 1.790119133924092942e-01 9.695038689121529552e-02 7.239417387346381849e-01 1.762630860263996457e-01 2.844788347746927612e-03 0.000000000000000000e+00
4.500000000000000000e+04 1.800119799476740390e-01 9.581247155211652933e-02 7.242831133363677454e-01 1.744424214838415921e-01 5.461993627674101119e-03 0.000000000000000000e+00
4.525000000000000000e+04 1.810120465029390058e-01 9.672280382339554228e-02 7.223486572598998290e-01 1.774010013654984119e-01 3.527537551206190360e-03 0.000000000000000000e+00
4.550000000000000000e+04 1.820121130582037505e-01 9.865725989986344480e-02 7.225762403277196100e-01 1.747837960855712358e-01 3.982703686845699004e-03 0.000000000000000000e+00
4.575000000000000000e+04 1.830121796134687173e-01 9.911242603550296515e-02 7.204142011834319126e-01 1.752389622212107423e-01 5.234410559854347014e-03 0.000000000000000000e+00
4.600000000000000000e+04 1.840122461687334621e-01 9.308147473827947660e-02 7.370277651342740377e-01 1.653390987710514348e-01 4.551661356395083832e-03 0.000000000000000000e+00
4.625000000000000000e+04 1.850123127239984289e-01 8.101957214383249950e-02 7.452207555757851543e-01 1.668183887118798447e-01 6.941283568502503235e-03 0.000000000000000000e+00
4.650000000000000000e+04 1.860123792792631736e-01 8.056440600819299303e-02 7.459035047792443862e-01 1.644287664997724219e-01 9.103322712790167665e-03 0.000000000000000000e+00
4.675000000000000000e+04 1.870124458345281404e-01 8.397815202548930547e-02 7.418070095584888834e-01 1.660218479745106945e-01 8.192990441511151245e-03 0.000000000000000000e+00
4.700000000000000000e+04 1.880125123897928852e-01 8.591260810195720798e-02 7.410104688211197610e-01 1.642011834319526686e-01 8.875739644970414427e-03 0.000000000000000000e+00
4.725000000000000000e+04 1.890125789450578520e-01 8.170232134729175921e-02 7.441966317705962508e-01 1.648839326354119283e-01 9.217114246700046018e-03 0.000000000000000000e+00
4.750000000000000000e+04 1.900126455003225967e-01 8.773327264451524776e-02 7.422621756941283344e-01 1.624943104233045055e-01 7.510241238051888930e-03 0.000000000000000000e+00
4.775000000000000000e+04 1.910127120555875635e-01 8.329540282203004575e-02 7.455621301775148257e-01 1.622667273554847522e-01 8.875739644970414427e-03 0.000000000000000000e+00
4.800000000000000000e+04 1.920127786108523082e-01 8.511606736458807165e-02 7.424897587619481154e-01 1.635184342284934089e-01 8.875739644970414427e-03 0.000000000000000000e+00
4.825000000000000000e+04 1.930128451661172750e-01 8.227127901684114231e-02 7.460172963131542767e-01 1.632908511606736557e-01 8.420573509330906217e-03 0.000000000000000000e+00
4.850000000000000000e+04 1.940129117213820198e-01 8.363677742375967561e-02 7.449931725079653733e-01 1.632908511606736557e-01 8.079198907601274626e-03 0.000000000000000000e+00
4.875000000000000000e+04 1.950129782766469866e-01 8.204369594902138907e-02 7.465862539827037292e-01 1.635184342284934089e-01 7.851615839781519654e-03 0.000000000000000000e+00
4.900000000000000000e+04 1.960130448319117313e-01 8.147473827947200598e-02 7.467000455166135087e-01 1.636322257624032717e-01 8.192990441511151245e-03 0.000000000000000000e+00
4.925000000000000000e+04 1.970131113871766981e-01 7.680928538916705073e-02 7.515930814747382449e-01 1.652253072371415443e-01 6.372325898953117539e-03 0.000000000000000000e+00
4.950000000000000000e+04 1.980131779424414429e-01 7.897132453345470648e-02 7.514792899408283544e-01 1.657942649066909413e-01 3.755120619025944465e-03 0.000000000000000000e+00
4.975000000000000000e+04 1.990132444977064097e-01 7.817478379608557015e-02 7.515930814747382449e-01 1.652253072371415443e-01 5.006827492034592909e-03 0.000000000000000000e+00
5.000000000000000000e+04 2.000133110529711544e-01 7.669549385525717411e-02 7.525034137460172579e-01 1.672735548475193512e-01 3.527537551206190360e-03 0.000000000000000000e+00
5.025000000000000000e+04 2.010133776082361212e-01 7.794720072826581692e-02 7.520482476103778069e-01 1.656804733727810786e-01 4.324078288575329727e-03 0.000000000000000000e+00
5.050000000000000000e+04 2.020134441635008660e-01 7.806099226217569353e-02 7.511379153390987939e-01 1.643149749658625314e-01 6.486117432862995025e-03 0.000000000000000000e+00
5.075000000000000000e+04 2.030135107187658328e-01 8.022303140646336317e-02 7.505689576695493415e-01 1.649977241693217911e-01 4.210286754665453109e-03 0.000000000000000000e+00
5.100000000000000000e+04 2.040135772740305775e-01 7.851615839781520001e-02 7.515930814747382449e-01 1.655666818388711881e-01 4.324078288575329727e-03 0.000000000000000000e+00
5.125000000000000000e+04 2.050136438292955443e-01 8.079198907601274626e-02 7.496586253982703285e-01 1.635184342284934089e-01 6.030951297223486815e-03 0.000000000000000000e+00
5.150000000000000000e+04 2.060137103845602891e-01 8.022303140646336317e-02 7.513654984069185749e-01 1.643149749658625314e-01 4.096495220755575623e-03 0.000000000000000000e+00
5.175000000000000000e+04 2.070137769398252559e-01 7.908511606736458310e-02 7.501137915339098905e-01 1.652253072371415443e-01 5.575785161583977738e-03 0.000000000000000000e+00
5.200000000000000000e+04 2.080138434950900006e-01 8.079198907601274626e-02 7.492034592626308775e-01 1.651115157032316816e-01 4.893035958124715423e-03 0.000000000000000000e+00
5.225000000000000000e+04 2.090139100503549674e-01 8.158852981338188259e-02 7.495448338643604380e-01 1.631770596267637652e-01 5.689576695493855224e-03 0.000000000000000000e+00
5.250000000000000000e+04 2.100139766056197121e-01 8.238507055075101893e-02 7.467000455166135087e-01 1.642011834319526686e-01 6.713700500682749130e-03 0.000000000000000000e+00
5.275000000000000000e+04 2.110140431608846789e-01 8.261265361857077216e-02 7.395311788802912956e-01 1.709148839326354030e-01 6.941283568502503235e-03 0.000000000000000000e+00
5.300000000000000000e+04 2.120141097161494237e-01 7.737824305871643382e-02 7.463586709148839482e-01 1.697769685935366368e-01 6.486117432862995025e-03 0.000000000000000000e+00
5.325000000000000000e+04 2.130141762714143905e-01 7.624032771961765376e-02 7.463586709148839482e-01 1.711424670004551563e-01 6.258534365043240920e-03 0.000000000000000000e+00
5.350000000000000000e+04 2.140142428266791352e-01 7.737824305871643382e-02 7.497724169321802190e-01 1.659080564406008318e-01 6.941283568502503235e-03 0.000000000000000000e+00
5.375000000000000000e+04 2.150143093819441020e-01 7.589895311788802390e-02 7.465862539827037292e-01 1.711424670004551563e-01 6.372325898953117539e-03 0.000000000000000000e+00
5.400000000000000000e+04 2.160143759372088468e-01 7.771961766044606368e-02 7.472690031861629611e-01 1.687528447883477334e-01 6.258534365043240920e-03 0.000000000000000000e+00
5.425000000000000000e+04 2.170144424924738136e-01 7.316795630405098505e-02 7.496586253982703285e-01 1.706873008648156498e-01 6.486117432862995025e-03 0.000000000000000000e+00
5.450000000000000000e+04 2.180145090477385583e-01 7.680928538916705073e-02 7.469276285844332897e-01 1.698907601274465273e-01 6.372325898953117539e-03 0.000000000000000000e+00
5.475000000000000000e+04 2.190145756030035251e-01 7.817478379608557015e-02 7.474965862539827421e-01 1.692080109239872676e-01 5.120619025944469528e-03 0.000000000000000000e+00
5.500000000000000000e+04 2.200146421582682699e-01 7.612653618570777714e-02 7.465862539827037292e-01 1.714838416021848000e-01 5.803368229403732710e-03 0.000000000000000000e+00
5.525000000000000000e+04 2.210147087135332367e-01 7.885753299954482987e-02 7.434000910332271284e-01 1.710286754665452935e-01 6.713700500682749130e-03 0.000000000000000000e+00
5.550000000000000000e+04 2.220147752687979814e-01 7.658170232134729749e-02 7.474965862539827421e-01 1.697769685935366368e-01 6.144742831133363434e-03 0.000000000000000000e+00
5.575000000000000000e+04 2.230148418240629482e-01 8.022303140646336317e-02 7.423759672280382249e-01 1.703459262630860338e-01 7.055075102412380721e-03 0.000000000000000000e+00
5.600000000000000000e+04 2.240149083793276930e-01 8.511606736458807165e-02 7.406690942193900895e-01 1.669321802457897075e-01 7.282658170232134826e-03 0.000000000000000000e+00
5.625000000000000000e+04 2.250149749345926597e-01 7.806099226217569353e-02 7.494310423304506585e-01 1.675011379153391045e-01 5.006827492034592909e-03 0.000000000000000000e+00
5.650000000000000000e+04 2.260150414898574045e-01 7.908511606736458310e-02 7.471552116522530707e-01 1.681838871187983642e-01 5.575785161583977738e-03 0.000000000000000000e+00
5.675000000000000000e+04 2.270151080451223713e-01 7.897132453345470648e-02 7.502275830678197810e-01 1.659080564406008318e-01 4.893035958124715423e-03 0.000000000000000000e+00
