# itime ezz other fcc hcp bcc ico
0.000000000000000000e+00 0.000000000000000000e+00 0.000000000000000000e+00 1.000000000000000000e+00 0.000000000000000000e+00 0.000000000000000000e+00 0.000000000000000000e+00
2.500000000000000000e+03 1.000001520441484715e-02 0.000000000000000000e+00 1.000000000000000000e+00 0.000000000000000000e+00 0.000000000000000000e+00 0.000000000000000000e+00
5.000000000000000000e+03 2.000003040882947225e-02 0.000000000000000000e+00 1.000000000000000000e+00 0.000000000000000000e+00 0.000000000000000000e+00 0.000000000000000000e+00
7.500000000000000000e+03 3.000004561324431940e-02 0.000000000000000000e+00 1.000000000000000000e+00 0.000000000000000000e+00 0.000000000000000000e+00 0.000000000000000000e+00
1.000000000000000000e+04 4.000006081765916655e-02 0.000000000000000000e+00 1.000000000000000000e+00 0.000000000000000000e+00 0.000000000000000000e+00 0.000000000000000000e+00
1.250000000000000000e+04 5.000007602207379165e-02 0.000000000000000000e+00 1.000000000000000000e+00 0.000000000000000000e+00 0.000000000000000000e+00 0.000000000000000000e+00
1.500000000000000000e+04 6.000009122648863880e-02 0.000000000000000000e+00 1.000000000000000000e+00 0.000000000000000000e+00 0.000000000000000000e+00 0.000000000000000000e+00
1.750000000000000000e+04 7.000010643090348594e-02 0.000000000000000000e+00 1.000000000000000000e+00 0.000000000000000000e+00 0.000000000000000000e+00 0.000000000000000000e+00
2.000000000000000000e+04 8.000012163531811105e-02 2.275830678197542133e-04 9.997724169321802190e-01 0.000000000000000000e+00 0.000000000000000000e+00 0.000000000000000000e+00
2.250000000000000000e+04 9.000013683973295819e-02 9.103322712790168532e-04 9.990896677287209870e-01 0.000000000000000000e+00 0.000000000000000000e+00 0.000000000000000000e+00
2.500000000000000000e+04 1.000001520441478053e-01 1.593081474738279385e-03 9.982931269913518646e-01 0.000000000000000000e+00 1.137915339098771066e-04 0.000000000000000000e+00
2.750000000000000000e+04 1.100001672485624304e-01 2.492034592626308706e-02 9.651797906235776159e-01 0.000000000000000000e+00 9.899863450159307465e-03 0.000000000000000000e+00
3.000000000000000000e+04 1.200001824529772776e-01 4.244424214838415921e-02 8.120163859808829931e-01 1.448566226672735602e-01 6.827492034592626399e-04 0.000000000000000000e+00
3.250000000000000000e+04 1.300001976573921247e-01 4.312699135184342586e-02 8.116750113791534327e-01 1.444014565316340537e-01 7.965407373691396923e-04 0.000000000000000000e+00
3.500000000000000000e+04 1.400002128618067498e-01 4.289940828402366568e-02 8.119025944469731026e-01 1.449704142011834229e-01 2.275830678197542133e-04 0.000000000000000000e+00
3.750000000000000000e+04 1.500002280662215970e-01 4.130632680928538608e-02 8.132680928538916776e-01 1.449704142011834229e-01 4.551661356395084266e-04 0.000000000000000000e+00
4.000000000000000000e+04 1.600002432706364441e-01 4.119253527537550946e-02 8.131543013199817871e-01 1.453117888029130667e-01 3.413746017296313199e-04 0.000000000000000000e+00
4.250000000000000000e+04 1.700002584750510692e-01 4.301319981793354230e-02 8.117888029130633232e-01 1.447428311333636697e-01 4.551661356395084266e-04 0.000000000000000000e+00
4.500000000000000000e+04 1.800002736794659164e-01 1.158397815202548975e-01 7.127901684114701375e-01 1.669321802457897075e-01 4.437869822485207214e-03 0.000000000000000000e+00
4.750000000000000000e+04 1.900002888838807635e-01 8.443331816112881194e-02 7.768548020027310486e-01 1.338188438780154865e-01 4.893035958124715423e-03 0.000000000000000000e+00
5.000000000000000000e+04 2.000003040882953886e-01 8.989531178880291740e-02 7.700273099681383959e-01 1.362084660901228816e-01 3.868912152935821518e-03 0.000000000000000000e+00
5.250000000000000000e+04 2.100003192927102358e-01 7.988165680473373331e-02 7.829995448338643582e-01 1.352981338188438687e-01 1.820664542558033706e-03 0.000000000000000000e+00
5.500000000000000000e+04 2.200003344971250829e-01 8.079198907601274626e-02 7.816340464269457833e-01 1.362084660901228816e-01 1.365498406918525280e-03 0.000000000000000000e+00
5.750000000000000000e+04 2.300003497015397080e-01 8.659535730541648157e-02 7.725307237141556538e-01 1.382567137005006885e-01 2.617205279927173507e-03 0.000000000000000000e+00
6.000000000000000000e+04 2.400003649059545552e-01 9.251251706873007963e-02 7.593309057806099105e-01 1.437187073281747940e-01 4.437869822485207214e-03 0.000000000000000000e+00
6.250000000000000000e+04 2.500003801103694023e-01 9.330905780609922984e-02 7.443104233045061413e-01 1.604460628129267263e-01 1.934456076467910759e-03 0.000000000000000000e+00
6.500000000000000000e+04 2.600003953147840274e-01 9.490213928083750250e-02 7.414656349567592120e-01 1.611288120163859861e-01 2.503413746017296455e-03 0.000000000000000000e+00
6.750000000000000000e+04 2.700004105191988746e-01 1.051433773327264398e-01 7.216659080564405970e-01 1.702321347291761433e-01 2.958579881656804664e-03 0.000000000000000000e+00
7.000000000000000000e+04 2.800004257236137217e-01 8.750568957669549452e-02 7.619481110605370588e-01 1.489531178880291185e-01 1.593081474738279385e-03 0.000000000000000000e+00
7.250000000000000000e+04 2.900004409280283468e-01 8.841602184797450747e-02 7.616067364588074984e-01 1.484979517523896120e-01 1.479289940828402332e-03 0.000000000000000000e+00
7.500000000000000000e+04 3.000004561324431940e-01 9.251251706873007963e-02 7.655894401456531106e-01 1.405325443786982209e-01 1.365498406918525280e-03 0.000000000000000000e+00
7.750000000000000000e+04 3.100004713368580411e-01 9.035047792444242387e-02 7.737824305871643382e-01 1.345015930814747462e-01 1.365498406918525280e-03 0.000000000000000000e+00
8.000000000000000000e+04 3.200004865412726662e-01 9.160218479745106668e-02 7.700273099681383959e-01 1.362084660901228816e-01 2.162039144287664864e-03 0.000000000000000000e+00
8.250000000000000000e+04 3.300005017456875134e-01 9.285389167045972336e-02 7.682066454255803700e-01 1.367774237596722786e-01 2.162039144287664864e-03 0.000000000000000000e+00
8.500000000000000000e+04 3.400005169501021385e-01 1.128812016385980915e-01 7.300864815657714946e-01 1.554392353208921274e-01 1.593081474738279385e-03 0.000000000000000000e+00
8.750000000000000000e+04 3.500005321545169856e-01 1.149294492489758707e-01 7.583067819754210070e-01 1.244879380974055483e-01 2.275830678197541916e-03 0.000000000000000000e+00
9.000000000000000000e+04 3.600005473589318328e-01 1.096950386891215323e-01 7.568274920345926526e-01 1.302913063268092975e-01 3.186162949476558769e-03 0.000000000000000000e+00
9.250000000000000000e+04 3.700005625633464579e-01 1.101502048247610388e-01 7.503413746017296715e-01 1.349567592171142527e-01 4.551661356395083832e-03 0.000000000000000000e+00
9.500000000000000000e+04 3.800005777677613050e-01 1.325671370050068298e-01 6.809285389167045732e-01 1.822940373236231204e-01 4.210286754665453109e-03 0.000000000000000000e+00
9.750000000000000000e+04 3.900005929721761522e-01 1.117432862994993115e-01 7.635411925352754148e-01 1.216431497496586189e-01 3.072371415566681717e-03 0.000000000000000000e+00
1.000000000000000000e+05 4.000006081765909993e-01 1.137915339098771045e-01 7.624032771961766208e-01 1.172052799271734169e-01 6.599908966772872511e-03 0.000000000000000000e+00
1.025000000000000000e+05 4.100006233810058465e-01 1.088984979517523960e-01 7.669549385525716856e-01 1.207328174783796060e-01 3.413746017296313308e-03 0.000000000000000000e+00
1.050000000000000000e+05 4.200006385854204716e-01 1.051433773327264398e-01 7.690031861629494925e-01 1.220983158852981393e-01 3.755120619025944465e-03 0.000000000000000000e+00
1.075000000000000000e+05 4.300006537898353187e-01 1.086709148839326289e-01 7.634274010013655243e-01 1.231224396904870289e-01 4.779244424214838804e-03 0.000000000000000000e+00
1.100000000000000000e+05 4.400006689942501659e-01 1.086709148839326289e-01 7.668411470186617951e-01 1.203914428766499761e-01 4.096495220755575623e-03 0.000000000000000000e+00
1.125000000000000000e+05 4.500006841986647910e-01 1.117432862994993115e-01 7.596722803823395820e-01 1.263086026399635742e-01 2.275830678197541916e-03 0.000000000000000000e+00
1.150000000000000000e+05 4.600006994030796381e-01 1.357532999544833752e-01 7.142694583522986029e-01 1.441738734638143005e-01 5.803368229403732710e-03 0.000000000000000000e+00
1.175000000000000000e+05 4.700007146074944853e-01 1.414428766499772339e-01 7.091488393263540857e-01 1.449704142011834229e-01 4.437869822485207214e-03 0.000000000000000000e+00
1.200000000000000000e+05 4.800007298119091104e-01 1.431497496586253970e-01 7.327036868456986429e-01 1.214155666818388657e-01 2.730996813837050560e-03 0.000000000000000000e+00
1.225000000000000000e+05 4.900007450163239575e-01 1.388256713700500578e-01 7.478379608557123026e-01 1.102639963586709154e-01 3.072371415566681717e-03 0.000000000000000000e+00
1.250000000000000000e+05 5.000007602207388047e-01 1.249431042330450548e-01 7.663859808830223441e-01 1.015020482476103741e-01 7.168866636322257339e-03 0.000000000000000000e+00
1.275000000000000000e+05 5.100007754251534298e-01 1.210741920801092358e-01 7.645653163404643182e-01 1.075329995448338627e-01 6.827492034592626616e-03 0.000000000000000000e+00
1.300000000000000000e+05 5.200007906295682769e-01 1.132225762403277214e-01 7.602412380518889234e-01 1.232362312243969055e-01 3.299954483386436255e-03 0.000000000000000000e+00
1.325000000000000000e+05 5.300008058339831241e-01 1.135639508420573512e-01 7.592171142467000200e-01 1.216431497496586189e-01 5.575785161583977738e-03 0.000000000000000000e+00
1.350000000000000000e+05 5.400008210383977492e-01 1.120846609012289552e-01 7.542102867546655043e-01 1.312016385980883104e-01 2.503413746017296455e-03 0.000000000000000000e+00
1.375000000000000000e+05 5.500008362428125963e-01 1.131087847064178448e-01 7.542102867546655043e-01 1.305188893946290507e-01 2.162039144287664864e-03 0.000000000000000000e+00
1.400000000000000000e+05 5.600008514472274435e-01 1.135639508420573512e-01 7.511379153390987939e-01 1.327947200728265831e-01 2.503413746017296455e-03 0.000000000000000000e+00
1.425000000000000000e+05 5.700008666516420686e-01 1.140191169776968577e-01 7.494310423304506585e-01 1.335912608101957333e-01 2.958579881656804664e-03 0.000000000000000000e+00
1.450000000000000000e+05 5.800008818560569157e-01 1.400773782430587144e-01 6.843422849340009551e-01 1.727355484751934567e-01 2.844788347746927612e-03 0.000000000000000000e+00
1.475000000000000000e+05 5.900008970604717629e-01 1.298361401911697632e-01 6.802457897132453413e-01 1.882111970869367323e-01 1.706873008648156654e-03 0.000000000000000000e+00
1.500000000000000000e+05 6.000009122648863880e-01 1.319981793354574329e-01 6.770596267637687404e-01 1.894629039599453890e-01 1.479289940828402332e-03 0.000000000000000000e+00
1.525000000000000000e+05 6.100009274693012351e-01 1.381429221665907980e-01 6.571461083295402350e-01 2.020937642239417353e-01 2.617205279927173507e-03 0.000000000000000000e+00
1.550000000000000000e+05 6.200009426737160823e-01 1.568047337278106468e-01 5.744196631770596140e-01 2.637687756030951403e-01 5.006827492034592909e-03 0.000000000000000000e+00
1.575000000000000000e+05 6.300009578781307074e-01 1.566909421939007840e-01 5.698680018206645492e-01 2.711652253072371344e-01 2.275830678197541916e-03 0.000000000000000000e+00
1.600000000000000000e+05 6.400009730825453325e-01 1.479289940828402428e-01 7.190487027765134487e-01 1.285844333181611343e-01 4.437869822485207214e-03 0.000000000000000000e+00
1.625000000000000000e+05 6.500009882869599576e-01 1.471324533454710926e-01 7.250796540737368678e-01 1.233500227583067821e-01 4.437869822485207214e-03 0.000000000000000000e+00
1.650000000000000000e+05 6.600010034913748047e-01 1.293809740555302568e-01 8.309057806099225951e-01 3.641329085116067066e-02 3.299954483386436255e-03 0.000000000000000000e+00
1.675000000000000000e+05 6.700010186957896519e-01 1.330223031406463363e-01 8.337505689576695245e-01 3.117888029130632538e-02 2.048247610377787811e-03 0.000000000000000000e+00
1.700000000000000000e+05 6.800010339002042770e-01 1.306326809285389134e-01 8.380746472462449193e-01 2.969959035047792587e-02 1.593081474738279385e-03 0.000000000000000000e+00
1.725000000000000000e+05 6.900010491046191241e-01 1.301775147928994070e-01 8.535502958579881394e-01 1.536185707783340945e-02 9.103322712790168532e-04 0.000000000000000000e+00
1.750000000000000000e+05 7.000010643090341933e-01 1.306326809285389134e-01 8.502503413746017591e-01 1.741010468821119553e-02 1.706873008648156654e-03 0.000000000000000000e+00
1.775000000000000000e+05 7.100010795134490404e-01 1.251706873008648080e-01 8.428538916704597650e-01 2.935821574874829254e-02 2.617205279927173507e-03 0.000000000000000000e+00
1.800000000000000000e+05 7.200010947178636656e-01 1.233500227583067821e-01 8.450159308147473514e-01 2.901684114701866268e-02 2.617205279927173507e-03 0.000000000000000000e+00
1.825000000000000000e+05 7.300011099222785127e-01 1.250568957669549452e-01 8.433090578060992160e-01 2.947200728265816916e-02 2.162039144287664864e-03 0.000000000000000000e+00
1.850000000000000000e+05 7.400011251266933598e-01 1.251706873008648080e-01 8.450159308147473514e-01 2.810650887573964626e-02 1.706873008648156654e-03 0.000000000000000000e+00
1.875000000000000000e+05 7.500011403311079849e-01 1.242603550295857950e-01 8.458124715521164738e-01 2.878925807919890598e-02 1.137915339098770958e-03 0.000000000000000000e+00
1.900000000000000000e+05 7.600011555355228321e-01 1.239189804278561652e-01 8.468365953573053773e-01 2.776513427401001294e-02 1.479289940828402332e-03 0.000000000000000000e+00
1.925000000000000000e+05 7.700011707399376792e-01 1.247155211652253015e-01 8.456986800182066943e-01 2.776513427401001294e-02 1.820664542558033706e-03 0.000000000000000000e+00
1.950000000000000000e+05 7.800011859443523043e-01 1.276741010468821214e-01 8.445607646791079004e-01 2.639963586709149004e-02 1.365498406918525280e-03 0.000000000000000000e+00
1.975000000000000000e+05 7.900012011487671515e-01 1.333636777423759801e-01 7.758306781975421451e-01 8.864360491579426071e-02 2.162039144287664864e-03 0.000000000000000000e+00
2.000000000000000000e+05 8.000012163531819986e-01 1.049157942649066866e-01 8.920118343195265753e-01 2.730996813837050560e-03 3.413746017296313199e-04 0.000000000000000000e+00
2.025000000000000000e+05 8.100012315575966237e-01 1.052571688666363164e-01 8.917842512517069054e-01 2.730996813837050560e-03 2.275830678197542133e-04 0.000000000000000000e+00
2.050000000000000000e+05 8.200012467620114709e-01 1.049157942649066866e-01 8.922394173873463563e-01 2.730996813837050560e-03 1.137915339098771066e-04 0.000000000000000000e+00
2.075000000000000000e+05 8.300012619664263180e-01 1.036640873918980438e-01 8.933773327264451503e-01 2.730996813837050560e-03 2.275830678197542133e-04 0.000000000000000000e+00
2.100000000000000000e+05 8.400012771708409431e-01 1.049157942649066866e-01 8.923532089212562468e-01 2.503413746017296455e-03 2.275830678197542133e-04 0.000000000000000000e+00
2.125000000000000000e+05 8.500012923752557903e-01 1.058261265361857134e-01 8.913290851160673434e-01 2.730996813837050560e-03 1.137915339098771066e-04 0.000000000000000000e+00
2.150000000000000000e+05 8.600013075796706374e-01 1.061675011379153433e-01 8.911015020482475624e-01 2.503413746017296455e-03 2.275830678197542133e-04 0.000000000000000000e+00
2.175000000000000000e+05 8.700013227840852625e-01 1.075329995448338627e-01 8.896222121074192080e-01 2.162039144287664864e-03 6.827492034592626399e-04 0.000000000000000000e+00
2.200000000000000000e+05 8.800013379885001097e-01 1.088984979517523960e-01 8.882567137005006330e-01 1.934456076467910759e-03 9.103322712790168532e-04 0.000000000000000000e+00
2.225000000000000000e+05 8.900013531929149568e-01 1.297223486572599005e-01 8.021165225307237412e-01 6.634046426945834629e-02 1.820664542558033706e-03 0.000000000000000000e+00
2.250000000000000000e+05 9.000013683973295819e-01 1.261948111060537114e-01 7.750341374601729116e-01 9.285389167045972336e-02 5.917159763313609329e-03 0.000000000000000000e+00
2.275000000000000000e+05 9.100013836017444291e-01 1.282430587164314906e-01 7.552344105598542967e-01 1.126536185707783383e-01 3.868912152935821518e-03 0.000000000000000000e+00
2.300000000000000000e+05 9.200013988061592762e-01 1.337050523441055960e-01 7.303140646335912756e-01 1.306326809285389134e-01 5.348202093764223633e-03 0.000000000000000000e+00
2.325000000000000000e+05 9.300014140105739013e-01 1.366636322257624159e-01 6.973145197997269173e-01 1.550978607191624836e-01 1.092398725534820224e-02 0.000000000000000000e+00
2.350000000000000000e+05 9.400014292149887485e-01 1.351843422849340060e-01 6.913973600364132777e-01 1.655666818388711881e-01 7.851615839781519654e-03 0.000000000000000000e+00
2.375000000000000000e+05 9.500014444194035956e-01 1.350705507510241155e-01 6.906008192990441552e-01 1.664770141101502010e-01 7.851615839781519654e-03 0.000000000000000000e+00
2.400000000000000000e+05 9.600014596238182207e-01 1.380291306326809353e-01 6.733045061447427981e-01 1.811561219845243542e-01 7.510241238051888930e-03 0.000000000000000000e+00
2.425000000000000000e+05 9.700014748282330679e-01 1.462221210741920796e-01 6.261948111060536837e-01 2.216659080564405970e-01 5.917159763313609329e-03 0.000000000000000000e+00
2.450000000000000000e+05 9.800014900326479150e-01 1.528220300409649512e-01 5.876194811106053573e-01 2.525034137460173134e-01 7.055075102412380721e-03 0.000000000000000000e+00
2.475000000000000000e+05 9.900015052370625401e-01 1.514565316340464318e-01 6.019572143832498945e-01 2.383932635411925294e-01 8.192990441511151245e-03 0.000000000000000000e+00
2.500000000000000000e+05 1.000001520441477165e+00 1.573736913973600438e-01 6.257396449704142327e-01 2.117660446062812896e-01 5.120619025944469528e-03 0.000000000000000000e+00
