# itime ezz other fcc hcp bcc ico
0.000000000000000000e+00 0.000000000000000000e+00 0.000000000000000000e+00 1.000000000000000000e+00 0.000000000000000000e+00 0.000000000000000000e+00 0.000000000000000000e+00
2.500000000000000000e+02 9.999928424604398458e-04 0.000000000000000000e+00 1.000000000000000000e+00 0.000000000000000000e+00 0.000000000000000000e+00 0.000000000000000000e+00
5.000000000000000000e+02 1.999985684921101736e-03 0.000000000000000000e+00 1.000000000000000000e+00 0.000000000000000000e+00 0.000000000000000000e+00 0.000000000000000000e+00
7.500000000000000000e+02 2.999978527381541582e-03 0.000000000000000000e+00 1.000000000000000000e+00 0.000000000000000000e+00 0.000000000000000000e+00 0.000000000000000000e+00
1.000000000000000000e+03 3.999971369841981428e-03 0.000000000000000000e+00 1.000000000000000000e+00 0.000000000000000000e+00 0.000000000000000000e+00 0.000000000000000000e+00
1.250000000000000000e+03 4.999964212302643318e-03 0.000000000000000000e+00 1.000000000000000000e+00 0.000000000000000000e+00 0.000000000000000000e+00 0.000000000000000000e+00
1.500000000000000000e+03 5.999957054763083164e-03 0.000000000000000000e+00 1.000000000000000000e+00 0.000000000000000000e+00 0.000000000000000000e+00 0.000000000000000000e+00
1.750000000000000000e+03 6.999949897223745054e-03 0.000000000000000000e+00 1.000000000000000000e+00 0.000000000000000000e+00 0.000000000000000000e+00 0.000000000000000000e+00
2.000000000000000000e+03 7.999942739684184900e-03 0.000000000000000000e+00 1.000000000000000000e+00 0.000000000000000000e+00 0.000000000000000000e+00 0.000000000000000000e+00
2.250000000000000000e+03 8.999935582144624746e-03 0.000000000000000000e+00 1.000000000000000000e+00 0.000000000000000000e+00 0.000000000000000000e+00 0.000000000000000000e+00
2.500000000000000000e+03 9.999928424605286637e-03 0.000000000000000000e+00 1.000000000000000000e+00 0.000000000000000000e+00 0.000000000000000000e+00 0.000000000000000000e+00
2.750000000000000000e+03 1.099992126706572648e-02 0.000000000000000000e+00 1.000000000000000000e+00 0.000000000000000000e+00 0.000000000000000000e+00 0.000000000000000000e+00
3.000000000000000000e+03 1.199991410952616633e-02 0.000000000000000000e+00 1.000000000000000000e+00 0.000000000000000000e+00 0.000000000000000000e+00 0.000000000000000000e+00
3.250000000000000000e+03 1.299990695198682822e-02 0.000000000000000000e+00 1.000000000000000000e+00 0.000000000000000000e+00 0.000000000000000000e+00 0.000000000000000000e+00
3.500000000000000000e+03 1.399989979444726806e-02 0.000000000000000000e+00 1.000000000000000000e+00 0.000000000000000000e+00 0.000000000000000000e+00 0.000000000000000000e+00
3.750000000000000000e+03 1.499989263690770791e-02 0.000000000000000000e+00 1.000000000000000000e+00 0.000000000000000000e+00 0.000000000000000000e+00 0.000000000000000000e+00
4.000000000000000000e+03 1.599988547936836980e-02 0.000000000000000000e+00 1.000000000000000000e+00 0.000000000000000000e+00 0.000000000000000000e+00 0.000000000000000000e+00
4.250000000000000000e+03 1.699987832182880965e-02 0.000000000000000000e+00 1.000000000000000000e+00 0.000000000000000000e+00 0.000000000000000000e+00 0.000000000000000000e+00
4.500000000000000000e+03 1.799987116428924949e-02 0.000000000000000000e+00 1.000000000000000000e+00 0.000000000000000000e+00 0.000000000000000000e+00 0.000000000000000000e+00
4.750000000000000000e+03 1.899986400674991138e-02 0.000000000000000000e+00 1.000000000000000000e+00 0.000000000000000000e+00 0.000000000000000000e+00 0.000000000000000000e+00
5.000000000000000000e+03 1.999985684921035123e-02 0.000000000000000000e+00 1.000000000000000000e+00 0.000000000000000000e+00 0.000000000000000000e+00 0.000000000000000000e+00
5.250000000000000000e+03 2.099984969167101312e-02 0.000000000000000000e+00 1.000000000000000000e+00 0.000000000000000000e+00 0.000000000000000000e+00 0.000000000000000000e+00
5.500000000000000000e+03 2.199984253413145296e-02 0.000000000000000000e+00 1.000000000000000000e+00 0.000000000000000000e+00 0.000000000000000000e+00 0.000000000000000000e+00
5.750000000000000000e+03 2.299983537659189281e-02 0.000000000000000000e+00 1.000000000000000000e+00 0.000000000000000000e+00 0.000000000000000000e+00 0.000000000000000000e+00
6.000000000000000000e+03 2.399982821905255470e-02 0.000000000000000000e+00 1.000000000000000000e+00 0.000000000000000000e+00 0.000000000000000000e+00 0.000000000000000000e+00
6.250000000000000000e+03 2.499982106151299455e-02 0.000000000000000000e+00 1.000000000000000000e+00 0.000000000000000000e+00 0.000000000000000000e+00 0.000000000000000000e+00
6.500000000000000000e+03 2.599981390397343439e-02 0.000000000000000000e+00 1.000000000000000000e+00 0.000000000000000000e+00 0.000000000000000000e+00 0.000000000000000000e+00
6.750000000000000000e+03 2.699980674643409628e-02 0.000000000000000000e+00 1.000000000000000000e+00 0.000000000000000000e+00 0.000000000000000000e+00 0.000000000000000000e+00
7.000000000000000000e+03 2.799979958889453613e-02 0.000000000000000000e+00 1.000000000000000000e+00 0.000000000000000000e+00 0.000000000000000000e+00 0.000000000000000000e+00
7.250000000000000000e+03 2.899979243135497597e-02 0.000000000000000000e+00 1.000000000000000000e+00 0.000000000000000000e+00 0.000000000000000000e+00 0.000000000000000000e+00
7.500000000000000000e+03 2.999978527381563786e-02 0.000000000000000000e+00 1.000000000000000000e+00 0.000000000000000000e+00 0.000000000000000000e+00 0.000000000000000000e+00
7.750000000000000000e+03 3.099977811627607771e-02 0.000000000000000000e+00 1.000000000000000000e+00 0.000000000000000000e+00 0.000000000000000000e+00 0.000000000000000000e+00
8.000000000000000000e+03 3.199977095873651756e-02 0.000000000000000000e+00 1.000000000000000000e+00 0.000000000000000000e+00 0.000000000000000000e+00 0.000000000000000000e+00
8.250000000000000000e+03 3.299976380119717945e-02 0.000000000000000000e+00 1.000000000000000000e+00 0.000000000000000000e+00 0.000000000000000000e+00 0.000000000000000000e+00
8.500000000000000000e+03 3.399975664365761929e-02 0.000000000000000000e+00 1.000000000000000000e+00 0.000000000000000000e+00 0.000000000000000000e+00 0.000000000000000000e+00
8.750000000000000000e+03 3.499974948611828118e-02 0.000000000000000000e+00 1.000000000000000000e+00 0.000000000000000000e+00 0.000000000000000000e+00 0.000000000000000000e+00
9.000000000000000000e+03 3.599974232857872103e-02 0.000000000000000000e+00 1.000000000000000000e+00 0.000000000000000000e+00 0.000000000000000000e+00 0.000000000000000000e+00
9.250000000000000000e+03 3.699973517103916087e-02 0.000000000000000000e+00 1.000000000000000000e+00 0.000000000000000000e+00 0.000000000000000000e+00 0.000000000000000000e+00
9.500000000000000000e+03 3.799972801349982277e-02 0.000000000000000000e+00 1.000000000000000000e+00 0.000000000000000000e+00 0.000000000000000000e+00 0.000000000000000000e+00
9.750000000000000000e+03 3.899972085596026261e-02 0.000000000000000000e+00 1.000000000000000000e+00 0.000000000000000000e+00 0.000000000000000000e+00 0.000000000000000000e+00
1.000000000000000000e+04 3.999971369842070246e-02 0.000000000000000000e+00 1.000000000000000000e+00 0.000000000000000000e+00 0.000000000000000000e+00 0.000000000000000000e+00
1.025000000000000000e+04 4.099970654088136435e-02 0.000000000000000000e+00 1.000000000000000000e+00 0.000000000000000000e+00 0.000000000000000000e+00 0.000000000000000000e+00
1.050000000000000000e+04 4.199969938334180419e-02 0.000000000000000000e+00 1.000000000000000000e+00 0.000000000000000000e+00 0.000000000000000000e+00 0.000000000000000000e+00
1.075000000000000000e+04 4.299969222580224404e-02 0.000000000000000000e+00 1.000000000000000000e+00 0.000000000000000000e+00 0.000000000000000000e+00 0.000000000000000000e+00
1.100000000000000000e+04 4.399968506826290593e-02 0.000000000000000000e+00 1.000000000000000000e+00 0.000000000000000000e+00 0.000000000000000000e+00 0.000000000000000000e+00
1.125000000000000000e+04 4.499967791072334578e-02 0.000000000000000000e+00 1.000000000000000000e+00 0.000000000000000000e+00 0.000000000000000000e+00 0.000000000000000000e+00
1.150000000000000000e+04 4.599967075318378562e-02 0.000000000000000000e+00 1.000000000000000000e+00 0.000000000000000000e+00 0.000000000000000000e+00 0.000000000000000000e+00
1.175000000000000000e+04 4.699966359564444751e-02 0.000000000000000000e+00 1.000000000000000000e+00 0.000000000000000000e+00 0.000000000000000000e+00 0.000000000000000000e+00
1.200000000000000000e+04 4.799965643810488736e-02 0.000000000000000000e+00 1.000000000000000000e+00 0.000000000000000000e+00 0.000000000000000000e+00 0.000000000000000000e+00
1.225000000000000000e+04 4.899964928056554925e-02 0.000000000000000000e+00 1.000000000000000000e+00 0.000000000000000000e+00 0.000000000000000000e+00 0.000000000000000000e+00
1.250000000000000000e+04 4.999964212302598909e-02 0.000000000000000000e+00 1.000000000000000000e+00 0.000000000000000000e+00 0.000000000000000000e+00 0.000000000000000000e+00
1.275000000000000000e+04 5.099963496548642894e-02 0.000000000000000000e+00 1.000000000000000000e+00 0.000000000000000000e+00 0.000000000000000000e+00 0.000000000000000000e+00
1.300000000000000000e+04 5.199962780794709083e-02 0.000000000000000000e+00 1.000000000000000000e+00 0.000000000000000000e+00 0.000000000000000000e+00 0.000000000000000000e+00
1.325000000000000000e+04 5.299962065040753068e-02 0.000000000000000000e+00 1.000000000000000000e+00 0.000000000000000000e+00 0.000000000000000000e+00 0.000000000000000000e+00
1.350000000000000000e+04 5.399961349286797052e-02 0.000000000000000000e+00 1.000000000000000000e+00 0.000000000000000000e+00 0.000000000000000000e+00 0.000000000000000000e+00
1.375000000000000000e+04 5.499960633532863241e-02 0.000000000000000000e+00 1.000000000000000000e+00 0.000000000000000000e+00 0.000000000000000000e+00 0.000000000000000000e+00
1.400000000000000000e+04 5.599959917778907226e-02 0.000000000000000000e+00 1.000000000000000000e+00 0.000000000000000000e+00 0.000000000000000000e+00 0.000000000000000000e+00
1.425000000000000000e+04 5.699959202024951210e-02 0.000000000000000000e+00 1.000000000000000000e+00 0.000000000000000000e+00 0.000000000000000000e+00 0.000000000000000000e+00
1.450000000000000000e+04 5.799958486271017399e-02 0.000000000000000000e+00 1.000000000000000000e+00 0.000000000000000000e+00 0.000000000000000000e+00 0.000000000000000000e+00
1.475000000000000000e+04 5.899957770517061384e-02 0.000000000000000000e+00 1.000000000000000000e+00 0.000000000000000000e+00 0.000000000000000000e+00 0.000000000000000000e+00
1.500000000000000000e+04 5.999957054763105369e-02 0.000000000000000000e+00 1.000000000000000000e+00 0.000000000000000000e+00 0.000000000000000000e+00 0.000000000000000000e+00
1.525000000000000000e+04 6.099956339009171558e-02 0.000000000000000000e+00 1.000000000000000000e+00 0.000000000000000000e+00 0.000000000000000000e+00 0.000000000000000000e+00
1.550000000000000000e+04 6.199955623255215542e-02 0.000000000000000000e+00 1.000000000000000000e+00 0.000000000000000000e+00 0.000000000000000000e+00 0.000000000000000000e+00
1.575000000000000000e+04 6.299954907501281731e-02 0.000000000000000000e+00 1.000000000000000000e+00 0.000000000000000000e+00 0.000000000000000000e+00 0.000000000000000000e+00
1.600000000000000000e+04 6.399954191747325716e-02 0.000000000000000000e+00 1.000000000000000000e+00 0.000000000000000000e+00 0.000000000000000000e+00 0.000000000000000000e+00
1.625000000000000000e+04 6.499953475993369700e-02 0.000000000000000000e+00 1.000000000000000000e+00 0.000000000000000000e+00 0.000000000000000000e+00 0.000000000000000000e+00
1.650000000000000000e+04 6.599952760239435889e-02 0.000000000000000000e+00 1.000000000000000000e+00 0.000000000000000000e+00 0.000000000000000000e+00 0.000000000000000000e+00
1.675000000000000000e+04 6.699952044485479874e-02 0.000000000000000000e+00 1.000000000000000000e+00 0.000000000000000000e+00 0.000000000000000000e+00 0.000000000000000000e+00
1.700000000000000000e+04 6.799951328731523859e-02 1.137915339098771066e-04 9.998862084660901095e-01 0.000000000000000000e+00 0.000000000000000000e+00 0.000000000000000000e+00
1.725000000000000000e+04 6.899950612977590048e-02 0.000000000000000000e+00 1.000000000000000000e+00 0.000000000000000000e+00 0.000000000000000000e+00 0.000000000000000000e+00
1.750000000000000000e+04 6.999949897223634032e-02 1.137915339098771066e-04 9.998862084660901095e-01 0.000000000000000000e+00 0.000000000000000000e+00 0.000000000000000000e+00
1.775000000000000000e+04 7.099949181469678017e-02 0.000000000000000000e+00 1.000000000000000000e+00 0.000000000000000000e+00 0.000000000000000000e+00 0.000000000000000000e+00
1.800000000000000000e+04 7.199948465715744206e-02 2.275830678197542133e-04 9.997724169321802190e-01 0.000000000000000000e+00 0.000000000000000000e+00 0.000000000000000000e+00
1.825000000000000000e+04 7.299947749961788190e-02 0.000000000000000000e+00 1.000000000000000000e+00 0.000000000000000000e+00 0.000000000000000000e+00 0.000000000000000000e+00
1.850000000000000000e+04 7.399947034207832175e-02 0.000000000000000000e+00 1.000000000000000000e+00 0.000000000000000000e+00 0.000000000000000000e+00 0.000000000000000000e+00
1.875000000000000000e+04 7.499946318453898364e-02 1.137915339098771066e-04 9.998862084660901095e-01 0.000000000000000000e+00 0.000000000000000000e+00 0.000000000000000000e+00
1.900000000000000000e+04 7.599945602699942349e-02 4.551661356395084266e-04 9.995448338643604380e-01 0.000000000000000000e+00 0.000000000000000000e+00 0.000000000000000000e+00
1.925000000000000000e+04 7.699944886946008538e-02 7.965407373691396923e-04 9.990896677287209870e-01 0.000000000000000000e+00 1.137915339098771066e-04 0.000000000000000000e+00
1.950000000000000000e+04 7.799944171192052522e-02 4.551661356395084266e-04 9.994310423304506585e-01 0.000000000000000000e+00 1.137915339098771066e-04 0.000000000000000000e+00
1.975000000000000000e+04 7.899943455438096507e-02 0.000000000000000000e+00 1.000000000000000000e+00 0.000000000000000000e+00 0.000000000000000000e+00 0.000000000000000000e+00
2.000000000000000000e+04 7.999942739684162696e-02 2.275830678197542133e-04 9.997724169321802190e-01 0.000000000000000000e+00 0.000000000000000000e+00 0.000000000000000000e+00
2.025000000000000000e+04 8.099942023930206680e-02 9.103322712790168532e-04 9.989758761948110966e-01 0.000000000000000000e+00 1.137915339098771066e-04 0.000000000000000000e+00
2.050000000000000000e+04 8.199941308176250665e-02 6.827492034592626399e-04 9.993172507965407680e-01 0.000000000000000000e+00 0.000000000000000000e+00 0.000000000000000000e+00
2.075000000000000000e+04 8.299940592422316854e-02 0.000000000000000000e+00 1.000000000000000000e+00 0.000000000000000000e+00 0.000000000000000000e+00 0.000000000000000000e+00
2.100000000000000000e+04 8.399939876668360839e-02 6.827492034592626399e-04 9.993172507965407680e-01 0.000000000000000000e+00 0.000000000000000000e+00 0.000000000000000000e+00
2.125000000000000000e+04 8.499939160914404823e-02 0.000000000000000000e+00 1.000000000000000000e+00 0.000000000000000000e+00 0.000000000000000000e+00 0.000000000000000000e+00
2.150000000000000000e+04 8.599938445160471012e-02 1.137915339098770958e-03 9.987482931269913156e-01 0.000000000000000000e+00 1.137915339098771066e-04 0.000000000000000000e+00
2.175000000000000000e+04 8.699937729406514997e-02 1.479289940828402332e-03 9.985207100591716456e-01 0.000000000000000000e+00 0.000000000000000000e+00 0.000000000000000000e+00
2.200000000000000000e+04 8.799937013652558981e-02 9.103322712790168532e-04 9.990896677287209870e-01 0.000000000000000000e+00 0.000000000000000000e+00 0.000000000000000000e+00
2.225000000000000000e+04 8.899936297898625170e-02 7.965407373691396923e-04 9.992034592626308775e-01 0.000000000000000000e+00 0.000000000000000000e+00 0.000000000000000000e+00
2.250000000000000000e+04 8.999935582144669155e-02 1.024123805188893906e-03 9.989758761948110966e-01 0.000000000000000000e+00 0.000000000000000000e+00 0.000000000000000000e+00
2.275000000000000000e+04 9.099934866390735344e-02 5.689576695493854790e-04 9.994310423304506585e-01 0.000000000000000000e+00 0.000000000000000000e+00 0.000000000000000000e+00
2.300000000000000000e+04 9.199934150636779329e-02 1.479289940828402332e-03 9.985207100591716456e-01 0.000000000000000000e+00 0.000000000000000000e+00 0.000000000000000000e+00
2.325000000000000000e+04 9.299933434882823313e-02 1.024123805188893906e-03 9.989758761948110966e-01 0.000000000000000000e+00 0.000000000000000000e+00 0.000000000000000000e+00
2.350000000000000000e+04 9.399932719128889502e-02 7.965407373691396923e-04 9.990896677287209870e-01 0.000000000000000000e+00 1.137915339098771066e-04 0.000000000000000000e+00
2.375000000000000000e+04 9.499932003374933487e-02 1.365498406918525280e-03 9.986345015930814251e-01 0.000000000000000000e+00 0.000000000000000000e+00 0.000000000000000000e+00
2.400000000000000000e+04 9.599931287620977471e-02 1.706873008648156654e-03 9.982931269913518646e-01 0.000000000000000000e+00 0.000000000000000000e+00 0.000000000000000000e+00
2.425000000000000000e+04 9.699930571867043660e-02 9.103322712790168532e-04 9.989758761948110966e-01 0.000000000000000000e+00 1.137915339098771066e-04 0.000000000000000000e+00
2.450000000000000000e+04 9.799929856113087645e-02 3.868912152935821518e-03 9.956759217114247162e-01 0.000000000000000000e+00 4.551661356395084266e-04 0.000000000000000000e+00
2.475000000000000000e+04 9.899929140359131630e-02 4.551661356395083832e-03 9.952207555757851543e-01 0.000000000000000000e+00 2.275830678197542133e-04 0.000000000000000000e+00
2.500000000000000000e+04 9.999928424605197819e-02 4.551661356395083832e-03 9.949931725079653733e-01 0.000000000000000000e+00 4.551661356395084266e-04 0.000000000000000000e+00
2.525000000000000000e+04 1.009992770885124180e-01 1.251706873008648227e-03 9.986345015930814251e-01 0.000000000000000000e+00 1.137915339098771066e-04 0.000000000000000000e+00
2.550000000000000000e+04 1.019992699309730799e-01 2.958579881656804664e-03 9.969276285844332897e-01 0.000000000000000000e+00 1.137915339098771066e-04 0.000000000000000000e+00
2.575000000000000000e+04 1.029992627734335198e-01 4.437869822485207214e-03 9.953345471096950448e-01 0.000000000000000000e+00 2.275830678197542133e-04 0.000000000000000000e+00
2.600000000000000000e+04 1.039992556158939596e-01 7.055075102412380721e-03 9.922621756941283344e-01 0.000000000000000000e+00 6.827492034592626399e-04 0.000000000000000000e+00
2.625000000000000000e+04 1.049992484583546215e-01 5.120619025944469528e-03 9.945380063723259223e-01 0.000000000000000000e+00 3.413746017296313199e-04 0.000000000000000000e+00
2.650000000000000000e+04 1.059992413008150614e-01 8.875739644970414427e-03 9.905553026854801990e-01 0.000000000000000000e+00 5.689576695493854790e-04 0.000000000000000000e+00
2.675000000000000000e+04 1.069992341432755012e-01 1.240327719617660522e-02 9.849795175238962308e-01 0.000000000000000000e+00 2.617205279927173507e-03 0.000000000000000000e+00
2.700000000000000000e+04 1.079992269857361631e-01 2.298588984979517413e-02 9.630177514792899185e-01 0.000000000000000000e+00 1.399635867091488309e-02 0.000000000000000000e+00
2.725000000000000000e+04 1.089992198281966029e-01 1.055985434683659602e-01 6.109467455621301335e-01 6.599908966772872511e-03 2.768548020027309930e-01 0.000000000000000000e+00
2.750000000000000000e+04 1.099992126706570428e-01 1.781975421028675344e-01 4.830450614474283144e-01 1.762630860263996457e-01 1.624943104233045055e-01 0.000000000000000000e+00
2.775000000000000000e+04 1.109992055131177047e-01 8.898497951752389057e-02 6.722803823395538947e-01 2.056213017751479244e-01 3.311333636777423484e-02 0.000000000000000000e+00
2.800000000000000000e+04 1.119991983555781445e-01 5.655439235320892238e-02 7.075557578516158408e-01 2.289485662266727284e-01 6.941283568502503235e-03 0.000000000000000000e+00
2.825000000000000000e+04 1.129991911980385844e-01 6.065088757396449454e-02 7.038006372325898985e-01 2.289485662266727284e-01 6.599908966772872511e-03 0.000000000000000000e+00
2.850000000000000000e+04 1.139991840404992463e-01 6.133363677742376119e-02 7.040282203004096795e-01 2.303140646335912478e-01 4.324078288575329727e-03 0.000000000000000000e+00
2.875000000000000000e+04 1.149991768829596861e-01 6.008192990441511144e-02 7.044833864360491305e-01 2.300864815657714946e-01 5.348202093764223633e-03 0.000000000000000000e+00
2.900000000000000000e+04 1.159991697254203480e-01 5.996813837050523482e-02 7.050523441055985829e-01 2.304278561675011383e-01 4.551661356395083832e-03 0.000000000000000000e+00
2.925000000000000000e+04 1.169991625678807878e-01 5.928538916704597511e-02 7.051661356395084734e-01 2.313381884387801513e-01 4.210286754665453109e-03 0.000000000000000000e+00
2.950000000000000000e+04 1.179991554103412277e-01 6.543013199817933334e-02 7.028903049613108855e-01 2.295175238962221254e-01 2.162039144287664864e-03 0.000000000000000000e+00
2.975000000000000000e+04 1.189991482528018896e-01 6.599908966772871644e-02 7.026627218934911046e-01 2.286071916249431124e-01 2.730996813837050560e-03 0.000000000000000000e+00
3.000000000000000000e+04 1.199991410952623294e-01 6.588529813381883982e-02 7.024351388256713236e-01 2.297451069640418786e-01 1.934456076467910759e-03 0.000000000000000000e+00
3.025000000000000000e+04 1.209991339377227693e-01 6.861629494765589254e-02 7.012972234865726406e-01 2.272416932180245652e-01 2.844788347746927612e-03 0.000000000000000000e+00
3.050000000000000000e+04 1.219991267801834312e-01 6.713700500682749650e-02 7.016385980883022011e-01 2.284934000910332219e-01 2.730996813837050560e-03 0.000000000000000000e+00
3.075000000000000000e+04 1.229991196226438710e-01 6.895766954938552240e-02 7.011834319526627501e-01 2.287209831588529751e-01 1.137915339098770958e-03 0.000000000000000000e+00
3.100000000000000000e+04 1.239991124651043108e-01 6.520254893035958010e-02 7.030040964952207760e-01 2.298588984979517413e-01 1.934456076467910759e-03 0.000000000000000000e+00
3.125000000000000000e+04 1.249991053075649727e-01 6.907146108329539902e-02 7.010696404187528596e-01 2.280382339553937154e-01 1.820664542558033706e-03 0.000000000000000000e+00
3.150000000000000000e+04 1.259990981500254126e-01 6.964041875284478211e-02 7.000455166135639562e-01 2.284934000910332219e-01 1.820664542558033706e-03 0.000000000000000000e+00
3.175000000000000000e+04 1.269990909924858524e-01 7.077833409194356218e-02 7.003868912152936277e-01 2.270141101502048120e-01 1.820664542558033706e-03 0.000000000000000000e+00
3.200000000000000000e+04 1.279990838349465143e-01 7.134729176149294527e-02 6.995903504779243942e-01 2.271279016841147025e-01 1.934456076467910759e-03 0.000000000000000000e+00
3.225000000000000000e+04 1.289990766774069542e-01 7.282658170232134132e-02 6.997041420118342847e-01 2.267865270823850588e-01 6.827492034592626399e-04 0.000000000000000000e+00
3.250000000000000000e+04 1.299990695198676161e-01 7.191624943104232837e-02 6.995903504779243942e-01 2.269003186162949492e-01 1.593081474738279385e-03 0.000000000000000000e+00
3.275000000000000000e+04 1.309990623623280559e-01 7.214383249886208160e-02 6.997041420118342847e-01 2.269003186162949492e-01 1.251706873008648227e-03 0.000000000000000000e+00
3.300000000000000000e+04 1.319990552047884957e-01 7.316795630405098505e-02 6.991351843422849432e-01 2.265589440145653055e-01 1.137915339098770958e-03 0.000000000000000000e+00
3.325000000000000000e+04 1.329990480472491576e-01 7.259899863450158808e-02 6.999317250796540657e-01 2.267865270823850588e-01 6.827492034592626399e-04 0.000000000000000000e+00
3.350000000000000000e+04 1.339990408897095975e-01 7.624032771961765376e-02 6.965179790623577949e-01 2.262175694128356895e-01 1.024123805188893906e-03 0.000000000000000000e+00
3.375000000000000000e+04 1.349990337321700373e-01 8.056440600819299303e-02 6.944697314519799880e-01 2.241693218024579104e-01 7.965407373691396923e-04 0.000000000000000000e+00
3.400000000000000000e+04 1.359990265746306992e-01 8.352298588984979899e-02 6.899180700955849233e-01 2.250796540737369233e-01 1.479289940828402332e-03 0.000000000000000000e+00
3.425000000000000000e+04 1.369990194170911391e-01 8.284023668639053928e-02 6.928766499772417431e-01 2.231451979972690070e-01 1.137915339098770958e-03 0.000000000000000000e+00
3.450000000000000000e+04 1.379990122595515789e-01 7.897132453345470648e-02 6.957214383249886724e-01 2.251934456076467861e-01 1.137915339098771066e-04 0.000000000000000000e+00
3.475000000000000000e+04 1.389990051020122408e-01 8.534365043240782489e-02 6.900318616294948137e-01 2.237141556668183762e-01 9.103322712790168532e-04 0.000000000000000000e+00
3.500000000000000000e+04 1.399989979444726806e-01 8.375056895766955223e-02 6.923076923076922906e-01 2.230314064633591165e-01 9.103322712790168532e-04 0.000000000000000000e+00
3.525000000000000000e+04 1.409989907869331205e-01 9.069185252617205373e-02 6.863905325443786509e-01 2.221210741920801035e-01 7.965407373691396923e-04 0.000000000000000000e+00
3.550000000000000000e+04 1.419989836293937824e-01 8.511606736458807165e-02 6.902594446973144837e-01 2.240555302685480199e-01 5.689576695493854790e-04 0.000000000000000000e+00
3.575000000000000000e+04 1.429989764718542222e-01 9.330905780609922984e-02 6.835457441966317216e-01 2.218934911242603503e-01 1.251706873008648227e-03 0.000000000000000000e+00
3.600000000000000000e+04 1.439989693143148841e-01 9.069185252617205373e-02 6.860491579426490905e-01 2.220072826581702408e-01 1.251706873008648227e-03 0.000000000000000000e+00
3.625000000000000000e+04 1.449989621567753240e-01 9.945380063723259501e-02 6.800182066454255603e-01 2.195038689121529274e-01 1.024123805188893906e-03 0.000000000000000000e+00
3.650000000000000000e+04 1.459989549992357638e-01 9.342284934000910646e-02 6.850250341374601870e-01 2.208693673190714746e-01 6.827492034592626399e-04 0.000000000000000000e+00
3.675000000000000000e+04 1.469989478416964257e-01 9.888484296768319803e-02 6.801319981793354508e-01 2.200728265817023244e-01 9.103322712790168532e-04 0.000000000000000000e+00
3.700000000000000000e+04 1.479989406841568655e-01 1.035502958579881672e-01 6.763768775603095085e-01 2.189349112426035582e-01 1.137915339098770958e-03 0.000000000000000000e+00
3.725000000000000000e+04 1.489989335266173054e-01 1.066226672735548497e-01 6.738734638142922506e-01 2.181383705052344080e-01 1.365498406918525280e-03 0.000000000000000000e+00
3.750000000000000000e+04 1.499989263690779673e-01 1.115157032316795582e-01 6.689804278561675144e-01 2.177969959035047920e-01 1.706873008648156654e-03 0.000000000000000000e+00
3.775000000000000000e+04 1.509989192115384071e-01 1.084433318161128756e-01 6.727355484751934567e-01 2.175694128356850388e-01 1.251706873008648227e-03 0.000000000000000000e+00
3.800000000000000000e+04 1.519989120539988470e-01 1.102639963586709154e-01 6.709148839326354308e-01 2.171142467000455045e-01 1.706873008648156654e-03 0.000000000000000000e+00
3.825000000000000000e+04 1.529989048964595089e-01 1.147018661811561174e-01 6.669321802457897075e-01 2.164314974965862448e-01 1.934456076467910759e-03 0.000000000000000000e+00
3.850000000000000000e+04 1.539988977389199487e-01 1.337050523441055960e-01 6.490669094219390090e-01 2.151797906235776159e-01 2.048247610377787811e-03 0.000000000000000000e+00
3.875000000000000000e+04 1.549988905813803886e-01 2.214383249886208438e-01 5.505234410559853853e-01 2.114246700045516736e-01 1.661356395084205573e-02 0.000000000000000000e+00
3.900000000000000000e+04 1.559988834238410504e-01 2.413518434228493492e-01 5.514337733272643982e-01 1.919663177059626746e-01 1.524806554392353283e-02 0.000000000000000000e+00
3.925000000000000000e+04 1.569988762663014903e-01 1.999317250796540657e-01 6.075329995448338627e-01 1.845698680018206528e-01 7.965407373691398007e-03 0.000000000000000000e+00
3.950000000000000000e+04 1.579988691087621522e-01 1.695493855257168836e-01 6.428083750568958088e-01 1.783113336367774249e-01 9.330905780609922637e-03 0.000000000000000000e+00
3.975000000000000000e+04 1.589988619512225920e-01 1.448566226672735602e-01 6.785389167045972059e-01 1.670459717796995980e-01 9.558488848429677609e-03 0.000000000000000000e+00
4.000000000000000000e+04 1.599988547936830319e-01 1.478152025489303523e-01 6.744424214838415921e-01 1.690942193900773771e-01 8.648156577150659455e-03 0.000000000000000000e+00
4.025000000000000000e+04 1.609988476361436938e-01 1.417842512517068776e-01 6.789940828402366568e-01 1.720527992717341692e-01 7.168866636322257339e-03 0.000000000000000000e+00
4.050000000000000000e+04 1.619988404786041336e-01 1.323395539371870766e-01 6.942421483841602070e-01 1.659080564406008318e-01 7.510241238051888930e-03 0.000000000000000000e+00
4.075000000000000000e+04 1.629988333210645735e-01 1.264223941738734647e-01 6.829767865270823801e-01 1.829767865270823801e-01 7.624032771961766417e-03 0.000000000000000000e+00
4.100000000000000000e+04 1.639988261635252353e-01 1.199362767410104696e-01 6.894629039599453613e-01 1.845698680018206528e-01 6.030951297223486815e-03 0.000000000000000000e+00
4.125000000000000000e+04 1.649988190059856752e-01 1.110605370960400518e-01 7.077833409194356218e-01 1.772872098315885214e-01 3.868912152935821518e-03 0.000000000000000000e+00
4.150000000000000000e+04 1.659988118484461150e-01 9.820209376422393832e-02 7.323623122439690825e-01 1.651115157032316816e-01 4.324078288575329727e-03 0.000000000000000000e+00
4.175000000000000000e+04 1.669988046909067769e-01 9.080564406008193035e-02 7.543240782885752838e-01 1.503186162949476656e-01 4.551661356395083832e-03 0.000000000000000000e+00
4.200000000000000000e+04 1.679987975333672168e-01 8.739189804278561791e-02 7.631998179335457433e-01 1.417842512517068776e-01 7.624032771961766417e-03 0.000000000000000000e+00
4.225000000000000000e+04 1.689987903758276566e-01 8.227127901684114231e-02 7.875512061902594230e-01 1.207328174783796060e-01 9.444697314519799256e-03 0.000000000000000000e+00
4.250000000000000000e+04 1.699987832182883185e-01 7.350933090578061491e-02 7.948338643604915266e-01 1.246017296313154249e-01 7.055075102412380721e-03 0.000000000000000000e+00
4.275000000000000000e+04 1.709987760607487584e-01 7.692307692307692735e-02 7.950614474283113076e-01 1.210741920801092358e-01 6.941283568502503235e-03 0.000000000000000000e+00
4.300000000000000000e+04 1.719987689032094202e-01 7.441966317705962786e-02 7.958579881656804300e-01 1.242603550295857950e-01 5.461993627674101119e-03 0.000000000000000000e+00
4.325000000000000000e+04 1.729987617456698601e-01 7.134729176149294527e-02 7.968821119708693335e-01 1.247155211652253015e-01 7.055075102412380721e-03 0.000000000000000000e+00
4.350000000000000000e+04 1.739987545881302999e-01 7.487482931269913433e-02 7.943786982248520756e-01 1.258534365043240677e-01 4.893035958124715423e-03 0.000000000000000000e+00
4.375000000000000000e+04 1.749987474305909618e-01 7.362312243969049153e-02 7.961993627674101015e-01 1.239189804278561652e-01 6.258534365043240920e-03 0.000000000000000000e+00
4.400000000000000000e+04 1.759987402730514017e-01 7.612653618570777714e-02 7.948338643604915266e-01 1.234638142922166587e-01 5.575785161583977738e-03 0.000000000000000000e+00
4.425000000000000000e+04 1.769987331155118415e-01 7.385070550751024476e-02 7.964269458352298825e-01 1.240327719617660418e-01 5.689576695493855224e-03 0.000000000000000000e+00
4.450000000000000000e+04 1.779987259579725034e-01 7.737824305871643382e-02 7.946062812926718566e-01 1.225534820209376458e-01 5.461993627674101119e-03 0.000000000000000000e+00
4.475000000000000000e+04 1.789987188004329433e-01 7.464724624487938109e-02 7.961993627674101015e-01 1.244879380974055483e-01 4.665452890304961318e-03 0.000000000000000000e+00
4.500000000000000000e+04 1.799987116428933831e-01 7.362312243969049153e-02 7.954028220300409791e-01 1.258534365043240677e-01 5.120619025944469528e-03 0.000000000000000000e+00
4.525000000000000000e+04 1.809987044853540450e-01 7.624032771961765376e-02 7.946062812926718566e-01 1.236913973600364119e-01 5.461993627674101119e-03 0.000000000000000000e+00
4.550000000000000000e+04 1.819986973278144848e-01 7.624032771961765376e-02 7.946062812926718566e-01 1.241465634956759184e-01 5.006827492034592909e-03 0.000000000000000000e+00
4.575000000000000000e+04 1.829986901702749247e-01 7.737824305871643382e-02 7.950614474283113076e-01 1.227810650887573990e-01 4.779244424214838804e-03 0.000000000000000000e+00
4.600000000000000000e+04 1.839986830127355866e-01 7.669549385525717411e-02 7.946062812926718566e-01 1.238051888939462886e-01 4.893035958124715423e-03 0.000000000000000000e+00
4.625000000000000000e+04 1.849986758551960264e-01 7.510241238051888757e-02 7.955166135639508695e-01 1.243741465634956717e-01 5.006827492034592909e-03 0.000000000000000000e+00
4.650000000000000000e+04 1.859986686976566883e-01 7.885753299954482987e-02 7.931269913518433912e-01 1.233500227583067821e-01 4.665452890304961318e-03 0.000000000000000000e+00
4.675000000000000000e+04 1.869986615401171282e-01 7.624032771961765376e-02 7.948338643604915266e-01 1.244879380974055483e-01 4.437869822485207214e-03 0.000000000000000000e+00
4.700000000000000000e+04 1.879986543825775680e-01 7.726445152480655720e-02 7.952890304961310886e-01 1.226672735548475224e-01 4.779244424214838804e-03 0.000000000000000000e+00
4.725000000000000000e+04 1.889986472250382299e-01 7.885753299954482987e-02 7.933545744196631722e-01 1.224396904870277691e-01 5.348202093764223633e-03 0.000000000000000000e+00
4.750000000000000000e+04 1.899986400674986697e-01 8.045061447428311641e-02 7.906235776058261333e-01 1.236913973600364119e-01 5.234410559854347014e-03 0.000000000000000000e+00
4.775000000000000000e+04 1.909986329099591096e-01 8.261265361857077216e-02 7.907373691397360238e-01 1.220983158852981393e-01 4.551661356395083832e-03 0.000000000000000000e+00
4.800000000000000000e+04 1.919986257524197715e-01 8.227127901684114231e-02 7.918752844788348177e-01 1.216431497496586189e-01 4.210286754665453109e-03 0.000000000000000000e+00
4.825000000000000000e+04 1.929986185948802113e-01 8.010923987255348655e-02 7.934683659535730627e-01 1.219845243513882627e-01 4.437869822485207214e-03 0.000000000000000000e+00
4.850000000000000000e+04 1.939986114373406512e-01 8.363677742375967561e-02 7.890304961310878884e-01 1.211879836140191125e-01 6.144742831133363434e-03 0.000000000000000000e+00
4.875000000000000000e+04 1.949986042798013131e-01 8.215748748293126569e-02 7.899408284023669014e-01 1.222121074192080159e-01 5.689576695493855224e-03 0.000000000000000000e+00
4.900000000000000000e+04 1.959985971222617529e-01 8.238507055075101893e-02 7.893718707328174489e-01 1.232362312243969055e-01 5.006827492034592909e-03 0.000000000000000000e+00
4.925000000000000000e+04 1.969985899647221927e-01 8.636777423759672834e-02 7.866408739189804100e-01 1.223258989531178925e-01 4.665452890304961318e-03 0.000000000000000000e+00
4.950000000000000000e+04 1.979985828071828546e-01 8.420573509330905870e-02 7.884615384615384359e-01 1.226672735548475224e-01 4.665452890304961318e-03 0.000000000000000000e+00
4.975000000000000000e+04 1.989985756496432945e-01 8.636777423759672834e-02 7.869822485207100815e-01 1.215293582157487423e-01 5.120619025944469528e-03 0.000000000000000000e+00
5.000000000000000000e+04 1.999985684921039564e-01 9.126081019572143682e-02 7.835685025034136997e-01 1.189121529358215801e-01 6.258534365043240920e-03 0.000000000000000000e+00
5.025000000000000000e+04 2.009985613345643962e-01 9.000910332271279402e-02 7.817478379608556738e-01 1.241465634956759184e-01 4.096495220755575623e-03 0.000000000000000000e+00
5.050000000000000000e+04 2.019985541770248361e-01 9.114701866181156020e-02 7.723031406463358728e-01 1.315430131998179264e-01 5.006827492034592909e-03 0.000000000000000000e+00
5.075000000000000000e+04 2.029985470194854980e-01 8.966772872098316416e-02 7.741238051888938987e-01 1.302913063268092975e-01 5.917159763313609329e-03 0.000000000000000000e+00
5.100000000000000000e+04 2.039985398619459378e-01 8.875739644970413733e-02 7.740100136549841192e-01 1.322257624032771861e-01 5.006827492034592909e-03 0.000000000000000000e+00
5.125000000000000000e+04 2.049985327044063776e-01 8.852981338188438409e-02 7.723031406463358728e-01 1.333636777423759801e-01 5.803368229403732710e-03 0.000000000000000000e+00
5.150000000000000000e+04 2.059985255468670395e-01 8.898497951752389057e-02 7.693445607646790529e-01 1.333636777423759801e-01 8.306781975421027864e-03 0.000000000000000000e+00
5.175000000000000000e+04 2.069985183893274794e-01 8.921256258534364381e-02 7.587619481110605690e-01 1.428083750568957533e-01 9.217114246700046018e-03 0.000000000000000000e+00
5.200000000000000000e+04 2.079985112317879192e-01 8.454710969503868856e-02 7.383932635411925016e-01 1.577150659990896597e-01 1.934456076467910846e-02 0.000000000000000000e+00
5.225000000000000000e+04 2.089985040742485811e-01 8.682294037323623481e-02 7.562585343650432002e-01 1.448566226672735602e-01 1.206190259444697363e-02 0.000000000000000000e+00
5.250000000000000000e+04 2.099984969167090210e-01 8.557123350022757813e-02 7.551206190259445172e-01 1.519116977696859383e-01 7.396449704142011444e-03 0.000000000000000000e+00
5.275000000000000000e+04 2.109984897591696829e-01 8.568502503413745475e-02 7.548930359581247362e-01 1.489531178880291185e-01 1.046882111970869403e-02 0.000000000000000000e+00
5.300000000000000000e+04 2.119984826016301227e-01 8.466090122894856518e-02 7.558033682294037492e-01 1.511151570323167881e-01 8.420573509330906217e-03 0.000000000000000000e+00
5.325000000000000000e+04 2.129984754440905625e-01 8.522985889849794827e-02 7.560309512972235302e-01 1.503186162949476656e-01 8.420573509330906217e-03 0.000000000000000000e+00
5.350000000000000000e+04 2.139984682865512244e-01 8.773327264451524776e-02 7.559171597633136397e-01 1.486117432862995025e-01 7.737824305871643035e-03 0.000000000000000000e+00
5.375000000000000000e+04 2.149984611290116643e-01 8.864360491579426071e-02 7.532999544833864913e-01 1.486117432862995025e-01 9.444697314519799256e-03 0.000000000000000000e+00
5.400000000000000000e+04 2.159984539714721041e-01 9.285389167045972336e-02 7.476103777878926326e-01 1.525944469731451980e-01 6.941283568502503235e-03 0.000000000000000000e+00
5.425000000000000000e+04 2.169984468139327660e-01 1.144742831133363642e-01 7.181383705052344357e-01 1.616977696859353553e-01 5.689576695493855224e-03 0.000000000000000000e+00
5.450000000000000000e+04 2.179984396563932059e-01 1.181156121984524299e-01 7.072143832498861693e-01 1.668183887118798447e-01 7.851615839781519654e-03 0.000000000000000000e+00
5.475000000000000000e+04 2.189984324988536457e-01 1.159535730541647741e-01 7.090350477924441952e-01 1.685252617205279801e-01 6.486117432862995025e-03 0.000000000000000000e+00
5.500000000000000000e+04 2.199984253413143076e-01 1.081019572143832458e-01 7.240555302685480754e-01 1.593081474738279601e-01 8.534365043240782836e-03 0.000000000000000000e+00
5.525000000000000000e+04 2.209984181837747474e-01 9.808830223031406170e-02 7.456759217114247162e-01 1.479289940828402428e-01 8.306781975421027864e-03 0.000000000000000000e+00
5.550000000000000000e+04 2.219984110262351873e-01 1.068502503413746030e-01 7.356622667273554628e-01 1.503186162949476656e-01 7.168866636322257339e-03 0.000000000000000000e+00
5.575000000000000000e+04 2.229984038686958492e-01 1.057123350022758368e-01 7.097177969959035382e-01 1.748975876194810986e-01 9.672280382339554228e-03 0.000000000000000000e+00
5.600000000000000000e+04 2.239983967111562890e-01 9.911242603550296515e-02 6.987938097405552718e-01 1.920801092398725651e-01 1.001365498406918582e-02 0.000000000000000000e+00
5.625000000000000000e+04 2.249983895536169509e-01 9.512972234865725574e-02 7.176832043695948737e-01 1.758079198907601393e-01 1.137915339098771045e-02 0.000000000000000000e+00
5.650000000000000000e+04 2.259983823960773908e-01 9.490213928083750250e-02 7.242831133363677454e-01 1.713700500682749095e-01 9.444697314519799256e-03 0.000000000000000000e+00
5.675000000000000000e+04 2.269983752385378306e-01 9.296768320436959998e-02 7.259899863450158808e-01 1.706873008648156498e-01 1.035502958579881741e-02 0.000000000000000000e+00
