# itime ezz other fcc hcp bcc ico
0.000000000000000000e+00 0.000000000000000000e+00 0.000000000000000000e+00 1.000000000000000000e+00 0.000000000000000000e+00 0.000000000000000000e+00 0.000000000000000000e+00
2.500000000000000000e+03 9.999988893509614840e-03 0.000000000000000000e+00 1.000000000000000000e+00 0.000000000000000000e+00 0.000000000000000000e+00 0.000000000000000000e+00
5.000000000000000000e+03 1.999997778701945172e-02 0.000000000000000000e+00 1.000000000000000000e+00 0.000000000000000000e+00 0.000000000000000000e+00 0.000000000000000000e+00
7.500000000000000000e+03 2.999996668052906656e-02 0.000000000000000000e+00 1.000000000000000000e+00 0.000000000000000000e+00 0.000000000000000000e+00 0.000000000000000000e+00
1.000000000000000000e+04 3.999995557403890345e-02 0.000000000000000000e+00 1.000000000000000000e+00 0.000000000000000000e+00 0.000000000000000000e+00 0.000000000000000000e+00
1.250000000000000000e+04 4.999994446754851829e-02 0.000000000000000000e+00 1.000000000000000000e+00 0.000000000000000000e+00 0.000000000000000000e+00 0.000000000000000000e+00
1.500000000000000000e+04 5.999993336105813313e-02 1.137915339098771066e-04 9.998862084660901095e-01 0.000000000000000000e+00 0.000000000000000000e+00 0.000000000000000000e+00
1.750000000000000000e+04 6.999992225456797001e-02 0.000000000000000000e+00 1.000000000000000000e+00 0.000000000000000000e+00 0.000000000000000000e+00 0.000000000000000000e+00
2.000000000000000000e+04 7.999991114807758485e-02 0.000000000000000000e+00 1.000000000000000000e+00 0.000000000000000000e+00 0.000000000000000000e+00 0.000000000000000000e+00
2.250000000000000000e+04 8.999990004158719969e-02 1.137915339098770958e-03 9.987482931269913156e-01 0.000000000000000000e+00 1.137915339098771066e-04 0.000000000000000000e+00
2.500000000000000000e+04 9.999988893509703658e-02 4.324078288575329727e-03 9.953345471096950448e-01 0.000000000000000000e+00 3.413746017296313199e-04 0.000000000000000000e+00
2.750000000000000000e+04 1.099998778286066514e-01 8.101957214383249950e-02 7.188211197086936677e-01 0.000000000000000000e+00 2.001593081474738189e-01 0.000000000000000000e+00
3.000000000000000000e+04 1.199998667221164883e-01 8.113336367774237612e-02 7.044833864360491305e-01 2.097177969959035104e-01 4.665452890304961318e-03 0.000000000000000000e+00
3.250000000000000000e+04 1.299998556156261031e-01 8.090578060992262288e-02 7.026627218934911046e-01 2.125625853436504398e-01 3.868912152935821518e-03 0.000000000000000000e+00
3.500000000000000000e+04 1.399998445091357180e-01 8.522985889849794827e-02 6.937869822485207560e-01 2.174556213017751483e-01 3.527537551206190360e-03 0.000000000000000000e+00
3.750000000000000000e+04 1.499998334026455549e-01 7.965407373691398007e-02 7.002730996813837372e-01 2.176832043695949015e-01 2.389622212107419402e-03 0.000000000000000000e+00
4.000000000000000000e+04 1.599998222961551697e-01 8.045061447428311641e-02 7.100591715976330986e-01 2.076695493855257035e-01 1.820664542558033706e-03 0.000000000000000000e+00
4.250000000000000000e+04 1.699998111896650066e-01 7.783340919435594030e-02 7.280382339553936877e-01 1.923076923076923184e-01 1.820664542558033706e-03 0.000000000000000000e+00
4.500000000000000000e+04 1.799998000831746214e-01 7.885753299954482987e-02 7.276968593536641272e-01 1.919663177059626746e-01 1.479289940828402332e-03 0.000000000000000000e+00
4.750000000000000000e+04 1.899997889766842363e-01 1.348429676832043622e-01 6.614701866181156298e-01 1.992489758761948060e-01 4.437869822485207214e-03 0.000000000000000000e+00
5.000000000000000000e+04 1.999997778701940732e-01 8.557123350022757813e-02 7.340691852526172179e-01 1.783113336367774249e-01 2.048247610377787811e-03 0.000000000000000000e+00
5.250000000000000000e+04 2.099997667637036880e-01 6.508875739644970349e-02 7.861857077833409591e-01 1.478152025489303523e-01 9.103322712790168532e-04 0.000000000000000000e+00
5.500000000000000000e+04 2.199997556572135249e-01 6.702321347291761988e-02 7.857305416477013971e-01 1.456531634046426826e-01 1.593081474738279385e-03 0.000000000000000000e+00
5.750000000000000000e+04 2.299997445507231397e-01 7.965407373691398007e-02 7.568274920345926526e-01 1.622667273554847522e-01 1.251706873008648227e-03 0.000000000000000000e+00
6.000000000000000000e+04 2.399997334442327546e-01 8.124715521165225274e-02 7.588757396449704595e-01 1.590805644060081792e-01 7.965407373691396923e-04 0.000000000000000000e+00
6.250000000000000000e+04 2.499997223377425914e-01 7.874374146563495325e-02 7.608101957214383759e-01 1.599908966772872199e-01 4.551661356395084266e-04 0.000000000000000000e+00
6.500000000000000000e+04 2.599997112312522063e-01 9.182976786527081992e-02 7.470414201183431802e-01 1.589667728720983164e-01 2.162039144287664864e-03 0.000000000000000000e+00
6.750000000000000000e+04 2.699997001247618211e-01 1.048020027309968100e-01 7.232589895311788419e-01 1.702321347291761433e-01 1.706873008648156654e-03 0.000000000000000000e+00
7.000000000000000000e+04 2.799996890182716580e-01 1.030951297223486607e-01 7.265589440145653333e-01 1.688666363222576239e-01 1.479289940828402332e-03 0.000000000000000000e+00
7.250000000000000000e+04 2.899996779117812729e-01 1.060537096040054666e-01 7.431725079654073474e-01 1.489531178880291185e-01 1.820664542558033706e-03 0.000000000000000000e+00
7.500000000000000000e+04 2.999996668052911097e-01 1.034365043240782905e-01 7.471552116522530707e-01 1.474738279472007363e-01 1.934456076467910759e-03 0.000000000000000000e+00
7.750000000000000000e+04 3.099996556988007246e-01 1.136777423759672279e-01 7.218934911242603780e-01 1.627218934911242587e-01 1.706873008648156654e-03 0.000000000000000000e+00
8.000000000000000000e+04 3.199996445923103394e-01 1.148156577150659940e-01 7.205279927173418031e-01 1.629494765589440120e-01 1.706873008648156654e-03 0.000000000000000000e+00
8.250000000000000000e+04 3.299996334858201763e-01 1.149294492489758707e-01 7.201866181156122426e-01 1.627218934911242587e-01 2.162039144287664864e-03 0.000000000000000000e+00
8.500000000000000000e+04 3.399996223793297911e-01 1.358670914883932657e-01 6.490669094219390090e-01 2.116522530723714268e-01 3.413746017296313308e-03 0.000000000000000000e+00
8.750000000000000000e+04 3.499996112728396280e-01 1.175466545289030468e-01 6.991351843422849432e-01 1.816112881201638607e-01 1.706873008648156654e-03 0.000000000000000000e+00
9.000000000000000000e+04 3.599996001663492429e-01 9.945380063723259501e-02 7.636549840691853053e-01 1.356395084205735124e-01 1.251706873008648227e-03 0.000000000000000000e+00
9.250000000000000000e+04 3.699995890598588577e-01 9.558488848429676221e-02 7.604688211197087044e-01 1.416704597177969871e-01 2.275830678197541916e-03 0.000000000000000000e+00
9.500000000000000000e+04 3.799995779533686946e-01 1.035502958579881672e-01 7.380518889394629412e-01 1.557806099226217433e-01 2.617205279927173507e-03 0.000000000000000000e+00
9.750000000000000000e+04 3.899995668468785315e-01 1.062812926718252199e-01 7.339553937187073274e-01 1.583978152025489194e-01 1.365498406918525280e-03 0.000000000000000000e+00
1.000000000000000000e+05 3.999995557403879243e-01 1.024123805188894010e-01 7.347519344560764498e-01 1.609012289485662328e-01 1.934456076467910759e-03 0.000000000000000000e+00
1.025000000000000000e+05 4.099995446338975391e-01 1.088984979517523960e-01 7.358898497951752438e-01 1.532771961766044577e-01 1.934456076467910759e-03 0.000000000000000000e+00
1.050000000000000000e+05 4.199995335274073760e-01 1.112881201638598050e-01 7.314519799726900695e-01 1.550978607191624836e-01 2.162039144287664864e-03 0.000000000000000000e+00
1.075000000000000000e+05 4.299995224209172129e-01 1.346153846153846090e-01 6.681838871187983919e-01 1.919663177059626746e-01 5.234410559854347014e-03 0.000000000000000000e+00
1.100000000000000000e+05 4.399995113144268277e-01 1.544151115157032239e-01 6.335912608101956778e-01 2.061902594446973214e-01 5.803368229403732710e-03 0.000000000000000000e+00
1.125000000000000000e+05 4.499995002079364426e-01 1.516841147018661851e-01 6.114019116977696955e-01 2.316795630405097950e-01 5.234410559854347014e-03 0.000000000000000000e+00
1.150000000000000000e+05 4.599994891014462794e-01 1.522530723714155543e-01 6.548702776513427581e-01 1.884387801547564856e-01 4.437869822485207214e-03 0.000000000000000000e+00
1.175000000000000000e+05 4.699994779949561163e-01 1.576012744651797970e-01 6.436049157942649313e-01 1.941283568502503443e-01 4.665452890304961318e-03 0.000000000000000000e+00
1.200000000000000000e+05 4.799994668884657312e-01 1.569185252617205373e-01 6.426945835229859183e-01 1.934456076467910846e-01 6.941283568502503235e-03 0.000000000000000000e+00
1.225000000000000000e+05 4.899994557819751240e-01 1.631770596267637652e-01 6.347291761492944717e-01 1.946973145197997135e-01 7.396449704142011444e-03 0.000000000000000000e+00
1.250000000000000000e+05 4.999994446754849609e-01 1.701183431952662806e-01 6.185707783340919086e-01 2.038006372325898985e-01 7.510241238051888930e-03 0.000000000000000000e+00
1.275000000000000000e+05 5.099994335689947977e-01 1.744424214838415921e-01 6.020710059171597850e-01 2.163177059626763821e-01 7.168866636322257339e-03 0.000000000000000000e+00
1.300000000000000000e+05 5.199994224625044126e-01 1.742148384160218388e-01 5.261720527992717056e-01 2.944924897587619661e-01 5.120619025944469528e-03 0.000000000000000000e+00
1.325000000000000000e+05 5.299994113560140274e-01 1.549840691852526209e-01 5.356167501137915066e-01 3.048475193445607800e-01 4.551661356395083832e-03 0.000000000000000000e+00
1.350000000000000000e+05 5.399994002495238643e-01 1.492944924897587622e-01 5.273099681383704995e-01 3.195266272189349332e-01 3.868912152935821518e-03 0.000000000000000000e+00
1.375000000000000000e+05 5.499993891430337012e-01 1.449704142011834229e-01 5.355029585798816161e-01 3.167956304050978389e-01 2.730996813837050560e-03 0.000000000000000000e+00
1.400000000000000000e+05 5.599993780365433160e-01 1.454255803368229294e-01 5.608784706417841992e-01 2.900546199362767363e-01 3.641329085116067413e-03 0.000000000000000000e+00
1.425000000000000000e+05 5.699993669300527088e-01 1.449704142011834229e-01 5.652025489303595940e-01 2.853891670459717811e-01 4.437869822485207214e-03 0.000000000000000000e+00
1.450000000000000000e+05 5.799993558235625457e-01 1.472462448793809831e-01 5.532544378698225351e-01 2.960855712335002110e-01 3.413746017296313308e-03 0.000000000000000000e+00
1.475000000000000000e+05 5.899993447170723826e-01 1.206190259444697294e-01 4.469731451979972459e-01 4.287664997724169313e-01 3.641329085116067413e-03 0.000000000000000000e+00
1.500000000000000000e+05 5.999993336105819974e-01 9.069185252617205373e-02 4.485662266727355463e-01 4.596040054619936477e-01 1.137915339098770958e-03 0.000000000000000000e+00
1.525000000000000000e+05 6.099993225040916123e-01 8.898497951752389057e-02 4.497041420118343402e-01 4.608557123350022766e-01 4.551661356395084266e-04 0.000000000000000000e+00
1.550000000000000000e+05 6.199993113976014492e-01 8.955393718707328754e-02 4.495903504779244497e-01 4.598315885298133732e-01 1.024123805188893906e-03 0.000000000000000000e+00
1.575000000000000000e+05 6.299993002911112860e-01 9.171597633136094330e-02 4.460628129267182329e-01 4.604005461993627701e-01 1.820664542558033706e-03 0.000000000000000000e+00
1.600000000000000000e+05 6.399992891846209009e-01 9.091943559399180697e-02 4.466317705962676299e-01 4.605143377332726606e-01 1.934456076467910759e-03 0.000000000000000000e+00
1.625000000000000000e+05 6.499992780781302937e-01 9.717796995903504875e-02 4.384387801547565133e-01 4.622212107419207960e-01 2.162039144287664864e-03 0.000000000000000000e+00
1.650000000000000000e+05 6.599992669716403526e-01 1.297223486572599005e-01 3.946290395994537792e-01 4.731451979972690070e-01 2.503413746017296455e-03 0.000000000000000000e+00
1.675000000000000000e+05 6.699992558651501895e-01 1.297223486572599005e-01 3.924670004551661373e-01 4.737141556668184039e-01 4.096495220755575623e-03 0.000000000000000000e+00
1.700000000000000000e+05 6.799992447586595823e-01 1.381429221665907980e-01 3.812016385980883104e-01 4.755348202093764298e-01 5.120619025944469528e-03 0.000000000000000000e+00
1.725000000000000000e+05 6.899992336521691971e-01 1.454255803368229294e-01 3.395539371870732737e-01 4.922621756941283344e-01 2.275830678197542090e-02 0.000000000000000000e+00
1.750000000000000000e+05 6.999992225456790340e-01 1.240327719617660418e-01 4.347974510696404060e-01 4.375284478834774449e-01 3.641329085116067413e-03 0.000000000000000000e+00
1.775000000000000000e+05 7.099992114391888709e-01 1.230086481565771522e-01 4.341147018661811741e-01 4.361629494765589254e-01 6.713700500682749130e-03 0.000000000000000000e+00
1.800000000000000000e+05 7.199992003326984857e-01 1.234638142922166587e-01 4.332043695949021611e-01 4.369594902139281034e-01 6.372325898953117539e-03 0.000000000000000000e+00
1.825000000000000000e+05 7.299991892262081006e-01 1.240327719617660418e-01 4.314974965862539702e-01 4.374146563495676099e-01 7.055075102412380721e-03 0.000000000000000000e+00
1.850000000000000000e+05 7.399991781197179375e-01 1.292671825216203940e-01 4.288802913063268218e-01 4.338871187983613931e-01 7.965407373691398007e-03 0.000000000000000000e+00
1.875000000000000000e+05 7.499991670132277743e-01 1.298361401911697632e-01 4.284251251706873154e-01 4.341147018661811741e-01 7.624032771961766417e-03 0.000000000000000000e+00
1.900000000000000000e+05 7.599991559067371671e-01 1.407601274465179741e-01 4.190942193900774049e-01 4.279699590350478089e-01 1.217569412835685025e-02 0.000000000000000000e+00
1.925000000000000000e+05 7.699991448002467820e-01 1.388256713700500578e-01 4.231907146108329631e-01 4.322940373236231482e-01 5.689576695493855224e-03 0.000000000000000000e+00
1.950000000000000000e+05 7.799991336937566189e-01 1.314292216659080637e-01 4.266044606281292895e-01 4.357077833409194190e-01 6.258534365043240920e-03 0.000000000000000000e+00
1.975000000000000000e+05 7.899991225872664558e-01 1.231224396904870289e-01 4.309285389167045732e-01 4.377560309512972259e-01 8.192990441511151245e-03 0.000000000000000000e+00
2.000000000000000000e+05 7.999991114807760706e-01 1.195949021392808398e-01 4.359353664087392000e-01 4.394629039599453613e-01 5.006827492034592909e-03 0.000000000000000000e+00
2.025000000000000000e+05 8.099991003742856854e-01 1.232362312243969055e-01 4.342284934000910090e-01 4.370732817478379384e-01 5.461993627674101119e-03 0.000000000000000000e+00
2.050000000000000000e+05 8.199990892677955223e-01 1.172052799271734169e-01 4.383249886208466228e-01 4.395766954938552518e-01 4.893035958124715423e-03 0.000000000000000000e+00
2.075000000000000000e+05 8.299990781613053592e-01 1.141329085116067343e-01 4.386663632225762388e-01 4.417387346381429492e-01 5.461993627674101119e-03 0.000000000000000000e+00
2.100000000000000000e+05 8.399990670548147520e-01 1.160673645880746507e-01 4.388939462903960198e-01 4.396904870277651423e-01 5.348202093764223633e-03 0.000000000000000000e+00
2.125000000000000000e+05 8.499990559483243668e-01 1.149294492489758707e-01 4.390077378243058548e-01 4.420801092398725651e-01 3.982703686845699004e-03 0.000000000000000000e+00
2.150000000000000000e+05 8.599990448418342037e-01 1.164087391898042806e-01 4.394629039599453613e-01 4.416249431042330587e-01 2.503413746017296455e-03 0.000000000000000000e+00
2.175000000000000000e+05 8.699990337353440406e-01 1.166363222576240338e-01 4.376422394173873354e-01 4.420801092398725651e-01 3.641329085116067413e-03 0.000000000000000000e+00
2.200000000000000000e+05 8.799990226288536554e-01 1.173190714610832935e-01 4.368456986800182129e-01 4.402594446973145392e-01 5.575785161583977738e-03 0.000000000000000000e+00
2.225000000000000000e+05 8.899990115223632703e-01 9.353664087391898307e-02 4.524351388256713791e-01 4.540282203004096240e-01 0.000000000000000000e+00 0.000000000000000000e+00
2.250000000000000000e+05 8.999990004158731072e-01 9.365043240782885969e-02 4.524351388256713791e-01 4.539144287664997890e-01 0.000000000000000000e+00 0.000000000000000000e+00
2.275000000000000000e+05 9.099989893093829441e-01 9.353664087391898307e-02 4.524351388256713791e-01 4.540282203004096240e-01 0.000000000000000000e+00 0.000000000000000000e+00
2.300000000000000000e+05 9.199989782028925589e-01 9.353664087391898307e-02 4.524351388256713791e-01 4.540282203004096240e-01 0.000000000000000000e+00 0.000000000000000000e+00
2.325000000000000000e+05 9.299989670964019517e-01 9.376422394173873631e-02 4.522075557578515981e-01 4.540282203004096240e-01 0.000000000000000000e+00 0.000000000000000000e+00
2.350000000000000000e+05 9.399989559899117886e-01 9.433318161128811941e-02 4.517523896222120916e-01 4.538006372325898985e-01 1.137915339098771066e-04 0.000000000000000000e+00
2.375000000000000000e+05 9.499989448834216255e-01 9.501593081474737912e-02 4.510696404187528596e-01 4.530040964952207760e-01 9.103322712790168532e-04 0.000000000000000000e+00
2.400000000000000000e+05 9.599989337769312403e-01 9.934000910332271839e-02 4.494765589440145592e-01 4.497041420118343402e-01 1.479289940828402332e-03 0.000000000000000000e+00
2.425000000000000000e+05 9.699989226704408551e-01 1.021847974510696339e-01 4.468593536640874109e-01 4.486800182066454368e-01 2.275830678197541916e-03 0.000000000000000000e+00
2.450000000000000000e+05 9.799989115639506920e-01 1.096950386891215323e-01 4.374146563495676099e-01 4.460628129267182329e-01 6.827492034592626616e-03 0.000000000000000000e+00
2.475000000000000000e+05 9.899989004574605289e-01 1.395084205735093175e-01 4.221665908056440597e-01 4.321802457897132577e-01 6.144742831133363434e-03 0.000000000000000000e+00
2.500000000000000000e+05 9.999988893509701438e-01 1.273327264451524776e-01 4.310423304506144637e-01 4.375284478834774449e-01 4.096495220755575623e-03 0.000000000000000000e+00
