# itime ezz other fcc hcp bcc ico
0.000000000000000000e+00 0.000000000000000000e+00 0.000000000000000000e+00 1.000000000000000000e+00 0.000000000000000000e+00 0.000000000000000000e+00 0.000000000000000000e+00
2.500000000000000000e+03 1.000002462099591760e-02 0.000000000000000000e+00 1.000000000000000000e+00 0.000000000000000000e+00 0.000000000000000000e+00 0.000000000000000000e+00
5.000000000000000000e+03 2.000004924199161316e-02 0.000000000000000000e+00 1.000000000000000000e+00 0.000000000000000000e+00 0.000000000000000000e+00 0.000000000000000000e+00
7.500000000000000000e+03 3.000007386298753076e-02 0.000000000000000000e+00 1.000000000000000000e+00 0.000000000000000000e+00 0.000000000000000000e+00 0.000000000000000000e+00
1.000000000000000000e+04 4.000009848398344836e-02 0.000000000000000000e+00 1.000000000000000000e+00 0.000000000000000000e+00 0.000000000000000000e+00 0.000000000000000000e+00
1.250000000000000000e+04 5.000012310497914392e-02 0.000000000000000000e+00 1.000000000000000000e+00 0.000000000000000000e+00 0.000000000000000000e+00 0.000000000000000000e+00
1.500000000000000000e+04 6.000014772597506152e-02 0.000000000000000000e+00 1.000000000000000000e+00 0.000000000000000000e+00 0.000000000000000000e+00 0.000000000000000000e+00
1.750000000000000000e+04 7.000017234697075708e-02 0.000000000000000000e+00 1.000000000000000000e+00 0.000000000000000000e+00 0.000000000000000000e+00 0.000000000000000000e+00
2.000000000000000000e+04 8.000019696796667468e-02 3.413746017296313199e-04 9.996586253982703285e-01 0.000000000000000000e+00 0.000000000000000000e+00 0.000000000000000000e+00
2.250000000000000000e+04 9.000022158896259228e-02 1.137915339098771066e-04 9.998862084660901095e-01 0.000000000000000000e+00 0.000000000000000000e+00 0.000000000000000000e+00
2.500000000000000000e+04 1.000002462099582878e-01 5.234410559854347014e-03 9.943104233045061413e-01 0.000000000000000000e+00 4.551661356395084266e-04 0.000000000000000000e+00
2.750000000000000000e+04 1.100002708309542054e-01 6.884387801547564578e-02 7.719617660446063123e-01 0.000000000000000000e+00 1.591943559399180697e-01 0.000000000000000000e+00
3.000000000000000000e+04 1.200002954519501230e-01 3.288575329995448160e-02 8.189576695493855363e-01 1.481565771506599960e-01 0.000000000000000000e+00 0.000000000000000000e+00
3.250000000000000000e+04 1.300003200729458186e-01 3.288575329995448160e-02 8.189576695493855363e-01 1.481565771506599960e-01 0.000000000000000000e+00 0.000000000000000000e+00
3.500000000000000000e+04 1.400003446939417362e-01 3.288575329995448160e-02 8.189576695493855363e-01 1.481565771506599960e-01 0.000000000000000000e+00 0.000000000000000000e+00
3.750000000000000000e+04 1.500003693149374318e-01 3.288575329995448160e-02 8.189576695493855363e-01 1.481565771506599960e-01 0.000000000000000000e+00 0.000000000000000000e+00
4.000000000000000000e+04 1.600003939359333494e-01 3.299954483386435822e-02 8.189576695493855363e-01 1.480427856167501055e-01 0.000000000000000000e+00 0.000000000000000000e+00
4.250000000000000000e+04 1.700004185569292670e-01 3.288575329995448160e-02 8.189576695493855363e-01 1.481565771506599960e-01 0.000000000000000000e+00 0.000000000000000000e+00
4.500000000000000000e+04 1.800004431779249625e-01 3.288575329995448160e-02 8.189576695493855363e-01 1.481565771506599960e-01 0.000000000000000000e+00 0.000000000000000000e+00
4.750000000000000000e+04 1.900004677989208801e-01 3.345471096950387163e-02 8.186162949476558648e-01 1.479289940828402428e-01 0.000000000000000000e+00 0.000000000000000000e+00
5.000000000000000000e+04 2.000004924199167977e-01 3.447883477469276120e-02 8.174783796085570708e-01 1.479289940828402428e-01 1.137915339098771066e-04 0.000000000000000000e+00
5.250000000000000000e+04 2.100005170409124933e-01 3.436504324078288458e-02 8.173645880746472914e-01 1.481565771506599960e-01 1.137915339098771066e-04 0.000000000000000000e+00
5.500000000000000000e+04 2.200005416619084109e-01 3.629949931725079404e-02 8.163404642694583879e-01 1.469048702776513393e-01 4.551661356395084266e-04 0.000000000000000000e+00
5.750000000000000000e+04 2.300005662829041064e-01 7.885753299954482987e-02 7.651342740100136597e-01 1.547564861174328676e-01 1.251706873008648227e-03 0.000000000000000000e+00
6.000000000000000000e+04 2.400005909039000240e-01 7.066454255803368556e-02 7.766272189349112676e-01 1.507737824305871721e-01 1.934456076467910759e-03 0.000000000000000000e+00
6.250000000000000000e+04 2.500006155248959416e-01 7.521620391442876419e-02 7.745789713245334607e-01 1.491807009558488717e-01 1.024123805188893906e-03 0.000000000000000000e+00
6.500000000000000000e+04 2.600006401458916372e-01 8.113336367774237612e-02 7.577378243058716656e-01 1.586253982703686727e-01 2.503413746017296455e-03 0.000000000000000000e+00
6.750000000000000000e+04 2.700006647668875548e-01 8.761948111060537114e-02 7.452207555757851543e-01 1.657942649066909413e-01 1.365498406918525280e-03 0.000000000000000000e+00
7.000000000000000000e+04 2.800006893878834724e-01 8.750568957669549452e-02 7.500000000000000000e-01 1.604460628129267263e-01 2.048247610377787811e-03 0.000000000000000000e+00
7.250000000000000000e+04 2.900007140088791679e-01 8.761948111060537114e-02 7.515930814747382449e-01 1.589667728720983164e-01 1.820664542558033706e-03 0.000000000000000000e+00
7.500000000000000000e+04 3.000007386298750856e-01 1.013882567137004975e-01 7.109695038689121116e-01 1.843422849340008995e-01 3.299954483386436255e-03 0.000000000000000000e+00
7.750000000000000000e+04 3.100007632508710032e-01 1.015020482476103741e-01 7.074419663177059503e-01 1.880974055530268418e-01 2.958579881656804664e-03 0.000000000000000000e+00
8.000000000000000000e+04 3.200007878718666987e-01 1.051433773327264398e-01 6.960628129267182329e-01 1.966317705962676299e-01 2.162039144287664864e-03 0.000000000000000000e+00
8.250000000000000000e+04 3.300008124928626163e-01 1.177742375967228000e-01 6.825216203914429292e-01 1.969731451979972736e-01 2.730996813837050560e-03 0.000000000000000000e+00
8.500000000000000000e+04 3.400008371138583119e-01 1.143604915794264876e-01 6.912835685025033872e-01 1.915111515703231682e-01 2.844788347746927612e-03 0.000000000000000000e+00
8.750000000000000000e+04 3.500008617348542295e-01 9.717796995903504875e-02 7.256486117432863203e-01 1.760355029585798925e-01 1.137915339098770958e-03 0.000000000000000000e+00
9.000000000000000000e+04 3.600008863558501471e-01 1.205052344105598527e-01 6.796768320436959998e-01 1.975421028675466428e-01 2.275830678197541916e-03 0.000000000000000000e+00
9.250000000000000000e+04 3.700009109768458426e-01 1.300637232589895442e-01 6.607874374146563978e-01 2.075557578516158408e-01 1.593081474738279385e-03 0.000000000000000000e+00
9.500000000000000000e+04 3.800009355978417602e-01 1.339326354119253493e-01 6.591943559399180419e-01 2.047109695038689114e-01 2.162039144287664864e-03 0.000000000000000000e+00
9.750000000000000000e+04 3.900009602188374558e-01 1.375739644970414288e-01 6.614701866181156298e-01 1.978834774692762866e-01 3.072371415566681717e-03 0.000000000000000000e+00
1.000000000000000000e+05 4.000009848398333734e-01 1.457669549385525731e-01 6.540737369139736357e-01 1.966317705962676299e-01 3.527537551206190360e-03 0.000000000000000000e+00
1.025000000000000000e+05 4.100010094608295130e-01 1.272189349112426149e-01 6.834319526627219421e-01 1.870732817478379661e-01 2.275830678197541916e-03 0.000000000000000000e+00
1.050000000000000000e+05 4.200010340818249865e-01 1.332498862084660896e-01 6.915111515703231682e-01 1.730769230769230727e-01 2.162039144287664864e-03 0.000000000000000000e+00
1.075000000000000000e+05 4.300010587028206821e-01 1.778561675011379184e-01 6.659080564406008040e-01 1.497496586253982687e-01 6.486117432862995025e-03 0.000000000000000000e+00
1.100000000000000000e+05 4.400010833238168217e-01 1.479289940828402428e-01 7.119936276741010150e-01 1.351843422849340060e-01 4.893035958124715423e-03 0.000000000000000000e+00
1.125000000000000000e+05 4.500011079448127393e-01 1.513427401001365413e-01 6.857077833409194190e-01 1.582840236686390567e-01 4.665452890304961318e-03 0.000000000000000000e+00
1.150000000000000000e+05 4.600011325658084349e-01 1.539599453800637174e-01 6.713700500682748817e-01 1.689804278561675144e-01 5.689576695493855224e-03 0.000000000000000000e+00
1.175000000000000000e+05 4.700011571868041305e-01 1.574874829312699065e-01 6.504324078288575839e-01 1.859353664087392000e-01 6.144742831133363434e-03 0.000000000000000000e+00
1.200000000000000000e+05 4.800011818078000481e-01 1.440600819299044100e-01 6.540737369139736357e-01 1.962903959945380139e-01 5.575785161583977738e-03 0.000000000000000000e+00
1.225000000000000000e+05 4.900012064287961877e-01 1.425807919890760000e-01 6.486117432862994470e-01 2.058488848429676776e-01 2.958579881656804664e-03 0.000000000000000000e+00
1.250000000000000000e+05 5.000012310497918833e-01 1.445152480655439164e-01 6.464497041420118606e-01 2.048247610377788019e-01 4.210286754665453109e-03 0.000000000000000000e+00
1.275000000000000000e+05 5.100012556707873568e-01 1.471324533454710926e-01 6.428083750568958088e-01 2.045971779699590487e-01 5.461993627674101119e-03 0.000000000000000000e+00
1.300000000000000000e+05 5.200012802917834964e-01 1.717114246700045532e-01 6.255120619025944517e-01 1.969731451979972736e-01 5.803368229403732710e-03 0.000000000000000000e+00
1.325000000000000000e+05 5.300013049127794140e-01 1.606736458807464796e-01 6.267637687756031362e-01 2.085798816568047442e-01 3.982703686845699004e-03 0.000000000000000000e+00
1.350000000000000000e+05 5.400013295337751096e-01 1.610150204824760956e-01 6.255120619025944517e-01 2.084660901228948537e-01 5.006827492034592909e-03 0.000000000000000000e+00
1.375000000000000000e+05 5.500013541547708051e-01 1.637460172963131622e-01 6.199362767410104835e-01 2.109695038689121394e-01 5.348202093764223633e-03 0.000000000000000000e+00
1.400000000000000000e+05 5.600013787757667227e-01 1.693218024578971304e-01 6.134501593081475024e-01 2.114246700045516736e-01 5.803368229403732710e-03 0.000000000000000000e+00
1.425000000000000000e+05 5.700014033967628624e-01 1.744424214838415921e-01 6.021847974510696755e-01 2.192762858443331742e-01 4.096495220755575623e-03 0.000000000000000000e+00
1.450000000000000000e+05 5.800014280177585579e-01 1.762630860263996457e-01 5.936504324078288874e-01 2.233727810650887602e-01 6.713700500682749130e-03 0.000000000000000000e+00
1.475000000000000000e+05 5.900014526387540315e-01 1.804733727810650945e-01 5.997951752389621971e-01 2.132453345471096995e-01 6.486117432862995025e-03 0.000000000000000000e+00
1.500000000000000000e+05 6.000014772597501711e-01 1.940145653163404538e-01 5.315202548930360038e-01 2.637687756030951403e-01 1.069640418752844727e-02 0.000000000000000000e+00
1.525000000000000000e+05 6.100015018807460887e-01 1.918525261720528119e-01 5.927401001365498745e-01 2.107419208010923861e-01 4.665452890304961318e-03 0.000000000000000000e+00
1.550000000000000000e+05 6.200015265017417843e-01 1.700045516613563901e-01 6.117432862994993670e-01 2.115384615384615363e-01 6.713700500682749130e-03 0.000000000000000000e+00
1.575000000000000000e+05 6.300015511227374798e-01 1.572598998634501533e-01 5.812471552116522666e-01 2.545516613563950648e-01 6.941283568502503235e-03 0.000000000000000000e+00
1.600000000000000000e+05 6.400015757437333974e-01 1.563495675921711403e-01 5.845471096950386469e-01 2.530723714155666548e-01 6.030951297223486815e-03 0.000000000000000000e+00
1.625000000000000000e+05 6.500016003647295371e-01 1.522530723714155543e-01 5.845471096950386469e-01 2.547792444242148457e-01 8.420573509330906217e-03 0.000000000000000000e+00
1.650000000000000000e+05 6.600016249857252326e-01 1.545289030496131144e-01 5.581474738279471604e-01 2.814064633591260578e-01 5.917159763313609329e-03 0.000000000000000000e+00
1.675000000000000000e+05 6.700016496067209282e-01 1.590805644060081792e-01 5.518889394629039602e-01 2.834547109695038647e-01 5.575785161583977738e-03 0.000000000000000000e+00
1.700000000000000000e+05 6.800016742277168458e-01 1.618115612198452458e-01 5.415339098771051463e-01 2.900546199362767363e-01 6.599908966772872511e-03 0.000000000000000000e+00
1.725000000000000000e+05 6.900016988487127634e-01 1.693218024578971304e-01 5.796540737369140217e-01 2.459035047792444140e-01 5.120619025944469528e-03 0.000000000000000000e+00
1.750000000000000000e+05 7.000017234697084589e-01 1.690942193900773771e-01 5.814747382794720476e-01 2.428311333636777314e-01 6.599908966772872511e-03 0.000000000000000000e+00
1.775000000000000000e+05 7.100017480907041545e-01 1.767182521620391522e-01 5.713472917614929036e-01 2.429449248975876219e-01 8.989531178880291046e-03 0.000000000000000000e+00
1.800000000000000000e+05 7.200017727117000721e-01 1.678425125170687204e-01 6.195949021392808120e-01 2.058488848429676776e-01 6.713700500682749130e-03 0.000000000000000000e+00
1.825000000000000000e+05 7.300017973326962117e-01 1.659080564406008318e-01 6.226672735548475224e-01 2.025489303595812418e-01 8.875739644970414427e-03 0.000000000000000000e+00
1.850000000000000000e+05 7.400018219536919073e-01 1.701183431952662806e-01 6.042330450614474824e-01 2.146108329540282189e-01 1.103777878925807886e-02 0.000000000000000000e+00
1.875000000000000000e+05 7.500018465746876029e-01 1.748975876194810986e-01 6.027537551206190169e-01 2.086936731907146070e-01 1.365498406918525323e-02 0.000000000000000000e+00
1.900000000000000000e+05 7.600018711956835205e-01 1.649977241693217911e-01 6.622667273554847522e-01 1.656804733727810786e-01 7.055075102412380721e-03 0.000000000000000000e+00
1.925000000000000000e+05 7.700018958166794381e-01 1.655666818388711881e-01 6.711424670004552118e-01 1.574874829312699065e-01 5.803368229403732710e-03 0.000000000000000000e+00
1.950000000000000000e+05 7.800019204376751336e-01 1.739872553482020856e-01 6.603322712790168358e-01 1.572598998634501533e-01 8.420573509330906217e-03 0.000000000000000000e+00
1.975000000000000000e+05 7.900019450586708292e-01 1.570323167956304000e-01 6.853664087391898585e-01 1.531634046426945950e-01 4.437869822485207214e-03 0.000000000000000000e+00
2.000000000000000000e+05 8.000019696796667468e-01 1.614701866181156020e-01 6.835457441966317216e-01 1.503186162949476656e-01 4.665452890304961318e-03 0.000000000000000000e+00
2.025000000000000000e+05 8.100019943006628864e-01 1.668183887118798447e-01 6.750113791533909335e-01 1.522530723714155543e-01 5.917159763313609329e-03 0.000000000000000000e+00
2.050000000000000000e+05 8.200020189216585820e-01 1.703459262630860338e-01 6.731907146108329076e-01 1.513427401001365413e-01 5.120619025944469528e-03 0.000000000000000000e+00
2.075000000000000000e+05 8.300020435426542775e-01 1.736458807464724696e-01 6.701183431952663083e-01 1.515703231679562946e-01 4.665452890304961318e-03 0.000000000000000000e+00
2.100000000000000000e+05 8.400020681636501951e-01 1.913973600364132777e-01 6.498634501593081314e-01 1.530496131087847045e-01 5.689576695493855224e-03 0.000000000000000000e+00
2.125000000000000000e+05 8.500020927846461127e-01 1.929904415111515781e-01 6.516841147018661573e-01 1.490669094219390090e-01 6.258534365043240920e-03 0.000000000000000000e+00
2.150000000000000000e+05 8.600021174056418083e-01 1.997041420118343125e-01 6.486117432862994470e-01 1.461083295402822169e-01 5.575785161583977738e-03 0.000000000000000000e+00
2.175000000000000000e+05 8.700021420266375038e-01 1.990213928083750528e-01 6.300637232589895165e-01 1.665908056440600915e-01 4.324078288575329727e-03 0.000000000000000000e+00
2.200000000000000000e+05 8.800021666476334214e-01 1.809285389167046010e-01 6.484979517523896675e-01 1.663632225762403383e-01 4.210286754665453109e-03 0.000000000000000000e+00
2.225000000000000000e+05 8.900021912686295611e-01 1.811561219845243542e-01 6.436049157942649313e-01 1.709148839326354030e-01 4.324078288575329727e-03 0.000000000000000000e+00
2.250000000000000000e+05 9.000022158896252567e-01 1.808147473827947105e-01 6.411015020482475624e-01 1.730769230769230727e-01 5.006827492034592909e-03 0.000000000000000000e+00
2.275000000000000000e+05 9.100022405106209522e-01 1.844560764679107900e-01 6.395084205735093175e-01 1.725079654073737034e-01 3.527537551206190360e-03 0.000000000000000000e+00
2.300000000000000000e+05 9.200022651316168698e-01 1.899180700955848955e-01 6.253982703686845612e-01 1.804733727810650945e-01 4.210286754665453109e-03 0.000000000000000000e+00
2.325000000000000000e+05 9.300022897526127874e-01 1.910559854346836617e-01 6.258534365043241232e-01 1.780837505689576716e-01 5.006827492034592909e-03 0.000000000000000000e+00
2.350000000000000000e+05 9.400023143736084830e-01 1.949248975876194945e-01 6.248293126991352198e-01 1.748975876194810986e-01 5.348202093764223633e-03 0.000000000000000000e+00
2.375000000000000000e+05 9.500023389946041785e-01 2.012972234865725851e-01 6.475876194811106545e-01 1.454255803368229294e-01 5.689576695493855224e-03 0.000000000000000000e+00
2.400000000000000000e+05 9.600023636156003182e-01 1.966317705962676299e-01 6.455393718707328476e-01 1.524806554392353075e-01 5.348202093764223633e-03 0.000000000000000000e+00
2.425000000000000000e+05 9.700023882365962358e-01 1.979972690031861493e-01 6.451979972690031762e-01 1.491807009558488717e-01 7.624032771961766417e-03 0.000000000000000000e+00
2.450000000000000000e+05 9.800024128575919313e-01 2.197314519799726806e-01 6.332498862084661173e-01 1.389394629039599482e-01 8.079198907601274626e-03 0.000000000000000000e+00
2.475000000000000000e+05 9.900024374785876269e-01 2.189349112426035582e-01 6.243741465634956578e-01 1.496358670914884059e-01 7.055075102412380721e-03 0.000000000000000000e+00
2.500000000000000000e+05 1.000002462099583767e+00 2.281520254893036059e-01 6.037778789258079204e-01 1.606736458807464796e-01 7.396449704142011444e-03 0.000000000000000000e+00
