# itime ezz other fcc hcp bcc ico
0.000000000000000000e+00 0.000000000000000000e+00 1.137915339098770958e-03 9.988620846609012061e-01 0.000000000000000000e+00 0.000000000000000000e+00 0.000000000000000000e+00
3.200000000000000000e+04 1.000007105872446900e-03 9.103322712790168532e-04 9.990896677287209870e-01 0.000000000000000000e+00 0.000000000000000000e+00 0.000000000000000000e+00
6.400000000000000000e+04 2.000014211744893800e-03 1.251706873008648227e-03 9.987482931269913156e-01 0.000000000000000000e+00 0.000000000000000000e+00 0.000000000000000000e+00
9.600000000000000000e+04 3.000021317617118655e-03 6.827492034592626399e-04 9.993172507965407680e-01 0.000000000000000000e+00 0.000000000000000000e+00 0.000000000000000000e+00
1.280000000000000000e+05 4.000028423489565554e-03 1.934456076467910759e-03 9.980655439235320836e-01 0.000000000000000000e+00 0.000000000000000000e+00 0.000000000000000000e+00
1.600000000000000000e+05 5.000035529362012454e-03 1.251706873008648227e-03 9.987482931269913156e-01 0.000000000000000000e+00 0.000000000000000000e+00 0.000000000000000000e+00
1.920000000000000000e+05 6.000042635234459354e-03 6.827492034592626399e-04 9.993172507965407680e-01 0.000000000000000000e+00 0.000000000000000000e+00 0.000000000000000000e+00
2.240000000000000000e+05 7.000049741106684209e-03 1.479289940828402332e-03 9.985207100591716456e-01 0.000000000000000000e+00 0.000000000000000000e+00 0.000000000000000000e+00
2.560000000000000000e+05 8.000056846979131109e-03 9.103322712790168532e-04 9.989758761948110966e-01 0.000000000000000000e+00 1.137915339098771066e-04 0.000000000000000000e+00
2.880000000000000000e+05 9.000063952851578009e-03 3.413746017296313199e-04 9.995448338643604380e-01 0.000000000000000000e+00 1.137915339098771066e-04 0.000000000000000000e+00
3.200000000000000000e+05 1.000007105872402491e-02 1.365498406918525280e-03 9.986345015930814251e-01 0.000000000000000000e+00 0.000000000000000000e+00 0.000000000000000000e+00
3.520000000000000000e+05 1.100007816459647181e-02 1.251706873008648227e-03 9.987482931269913156e-01 0.000000000000000000e+00 0.000000000000000000e+00 0.000000000000000000e+00
3.840000000000000000e+05 1.200008527046869666e-02 9.103322712790168532e-04 9.990896677287209870e-01 0.000000000000000000e+00 0.000000000000000000e+00 0.000000000000000000e+00
4.160000000000000000e+05 1.300009237634114356e-02 2.730996813837050560e-03 9.971552116522530707e-01 0.000000000000000000e+00 1.137915339098771066e-04 0.000000000000000000e+00
4.480000000000000000e+05 1.400009948221359046e-02 2.389622212107419402e-03 9.976103777878926326e-01 0.000000000000000000e+00 0.000000000000000000e+00 0.000000000000000000e+00
4.800000000000000000e+05 1.500010658808603736e-02 1.137915339098770958e-03 9.988620846609012061e-01 0.000000000000000000e+00 0.000000000000000000e+00 0.000000000000000000e+00
5.120000000000000000e+05 1.600011369395848426e-02 3.299954483386436255e-03 9.967000455166135087e-01 0.000000000000000000e+00 0.000000000000000000e+00 0.000000000000000000e+00
5.440000000000000000e+05 1.700012079983070912e-02 1.706873008648156654e-03 9.982931269913518646e-01 0.000000000000000000e+00 0.000000000000000000e+00 0.000000000000000000e+00
5.760000000000000000e+05 1.800012790570315602e-02 6.827492034592626399e-04 9.993172507965407680e-01 0.000000000000000000e+00 0.000000000000000000e+00 0.000000000000000000e+00
6.080000000000000000e+05 1.900013501157560292e-02 2.162039144287664864e-03 9.976103777878926326e-01 0.000000000000000000e+00 2.275830678197542133e-04 0.000000000000000000e+00
6.400000000000000000e+05 2.000014211744804982e-02 2.389622212107419402e-03 9.973827947200728516e-01 0.000000000000000000e+00 2.275830678197542133e-04 0.000000000000000000e+00
6.720000000000000000e+05 2.100014922332027467e-02 1.820664542558033706e-03 9.981793354574419741e-01 0.000000000000000000e+00 0.000000000000000000e+00 0.000000000000000000e+00
7.040000000000000000e+05 2.200015632919272157e-02 1.593081474738279385e-03 9.984069185252617551e-01 0.000000000000000000e+00 0.000000000000000000e+00 0.000000000000000000e+00
7.360000000000000000e+05 2.300016343506516847e-02 2.730996813837050560e-03 9.972690031861629611e-01 0.000000000000000000e+00 0.000000000000000000e+00 0.000000000000000000e+00
7.680000000000000000e+05 2.400017054093761537e-02 2.503413746017296455e-03 9.971552116522530707e-01 0.000000000000000000e+00 3.413746017296313199e-04 0.000000000000000000e+00
8.000000000000000000e+05 2.500017764681006227e-02 1.934456076467910759e-03 9.980655439235320836e-01 0.000000000000000000e+00 0.000000000000000000e+00 0.000000000000000000e+00
8.320000000000000000e+05 2.600018475268228713e-02 2.048247610377787811e-03 9.979517523896221931e-01 0.000000000000000000e+00 0.000000000000000000e+00 0.000000000000000000e+00
8.640000000000000000e+05 2.700019185855473403e-02 5.006827492034592909e-03 9.949931725079653733e-01 0.000000000000000000e+00 0.000000000000000000e+00 0.000000000000000000e+00
8.960000000000000000e+05 2.800019896442718093e-02 1.706873008648156654e-03 9.982931269913518646e-01 0.000000000000000000e+00 0.000000000000000000e+00 0.000000000000000000e+00
9.280000000000000000e+05 2.900020607029962783e-02 5.348202093764223633e-03 9.946517979062358128e-01 0.000000000000000000e+00 0.000000000000000000e+00 0.000000000000000000e+00
9.600000000000000000e+05 3.000021317617185268e-02 2.730996813837050560e-03 9.972690031861629611e-01 0.000000000000000000e+00 0.000000000000000000e+00 0.000000000000000000e+00
9.920000000000000000e+05 3.100022028204429958e-02 3.527537551206190360e-03 9.963586709148839482e-01 0.000000000000000000e+00 1.137915339098771066e-04 0.000000000000000000e+00
1.024000000000000000e+06 3.200022738791674648e-02 2.730996813837050560e-03 9.972690031861629611e-01 0.000000000000000000e+00 0.000000000000000000e+00 0.000000000000000000e+00
1.056000000000000000e+06 3.300023449378919338e-02 2.503413746017296455e-03 9.971552116522530707e-01 0.000000000000000000e+00 3.413746017296313199e-04 0.000000000000000000e+00
1.088000000000000000e+06 3.400024159966164028e-02 5.348202093764223633e-03 9.946517979062358128e-01 0.000000000000000000e+00 0.000000000000000000e+00 0.000000000000000000e+00
1.120000000000000000e+06 3.500024870553386513e-02 3.982703686845699004e-03 9.959035047792443862e-01 0.000000000000000000e+00 1.137915339098771066e-04 0.000000000000000000e+00
1.152000000000000000e+06 3.600025581140631203e-02 6.258534365043240920e-03 9.935138825671370189e-01 0.000000000000000000e+00 2.275830678197542133e-04 0.000000000000000000e+00
1.184000000000000000e+06 3.700026291727875893e-02 5.461993627674101119e-03 9.944242148384160318e-01 0.000000000000000000e+00 1.137915339098771066e-04 0.000000000000000000e+00
1.216000000000000000e+06 3.800027002315120583e-02 6.941283568502503235e-03 9.926035502958580059e-01 0.000000000000000000e+00 4.551661356395084266e-04 0.000000000000000000e+00
1.248000000000000000e+06 3.900027712902365273e-02 6.030951297223486815e-03 9.936276741010469093e-01 0.000000000000000000e+00 3.413746017296313199e-04 0.000000000000000000e+00
1.280000000000000000e+06 4.000028423489587759e-02 9.103322712790167665e-03 9.908966772872098705e-01 0.000000000000000000e+00 0.000000000000000000e+00 0.000000000000000000e+00
1.312000000000000000e+06 4.100029134076832449e-02 7.510241238051888930e-03 9.920345926263085534e-01 0.000000000000000000e+00 4.551661356395084266e-04 0.000000000000000000e+00
1.344000000000000000e+06 4.200029844664077139e-02 9.217114246700046018e-03 9.904415111515703085e-01 0.000000000000000000e+00 3.413746017296313199e-04 0.000000000000000000e+00
1.376000000000000000e+06 4.300030555251321829e-02 9.899863450159307465e-03 9.901001365498406370e-01 0.000000000000000000e+00 0.000000000000000000e+00 0.000000000000000000e+00
1.408000000000000000e+06 4.400031265838544314e-02 6.258534365043240920e-03 9.935138825671370189e-01 0.000000000000000000e+00 2.275830678197542133e-04 0.000000000000000000e+00
1.440000000000000000e+06 4.500031976425789004e-02 6.827492034592626616e-03 9.930587164314974569e-01 0.000000000000000000e+00 1.137915339098771066e-04 0.000000000000000000e+00
1.472000000000000000e+06 4.600032687013033694e-02 1.081019572143832562e-02 9.888484296768320636e-01 0.000000000000000000e+00 3.413746017296313199e-04 0.000000000000000000e+00
1.504000000000000000e+06 4.700033397600278384e-02 7.055075102412380721e-03 9.926035502958580059e-01 0.000000000000000000e+00 3.413746017296313199e-04 0.000000000000000000e+00
1.536000000000000000e+06 4.800034108187523074e-02 1.376877560309512985e-02 9.857760582612653533e-01 0.000000000000000000e+00 4.551661356395084266e-04 0.000000000000000000e+00
1.568000000000000000e+06 4.900034818774745560e-02 9.672280382339554228e-03 9.898725534820209671e-01 0.000000000000000000e+00 4.551661356395084266e-04 0.000000000000000000e+00
1.600000000000000000e+06 5.000035529361990250e-02 1.160673645880746542e-02 9.879380974055530507e-01 0.000000000000000000e+00 4.551661356395084266e-04 0.000000000000000000e+00
1.632000000000000000e+06 5.100036239949234940e-02 1.297223486572599005e-02 9.866863905325443662e-01 0.000000000000000000e+00 3.413746017296313199e-04 0.000000000000000000e+00
1.664000000000000000e+06 5.200036950536479630e-02 1.832043695949021542e-02 9.808830223031406170e-01 0.000000000000000000e+00 7.965407373691396923e-04 0.000000000000000000e+00
1.696000000000000000e+06 5.300037661123702115e-02 1.388256713700500647e-02 9.856622667273554628e-01 0.000000000000000000e+00 4.551661356395084266e-04 0.000000000000000000e+00
1.728000000000000000e+06 5.400038371710946805e-02 1.217569412835685025e-02 9.871415566681839282e-01 0.000000000000000000e+00 6.827492034592626399e-04 0.000000000000000000e+00
1.760000000000000000e+06 5.500039082298191495e-02 1.672735548475193582e-02 9.828174783796085334e-01 0.000000000000000000e+00 4.551661356395084266e-04 0.000000000000000000e+00
1.792000000000000000e+06 5.600039792885436185e-02 2.139280837505689453e-02 9.773554847519344557e-01 0.000000000000000000e+00 1.251706873008648227e-03 0.000000000000000000e+00
1.824000000000000000e+06 5.700040503472680875e-02 2.287209831588529751e-02 9.765589440145653333e-01 0.000000000000000000e+00 5.689576695493854790e-04 0.000000000000000000e+00
1.856000000000000000e+06 5.800041214059903361e-02 1.729631315430131891e-02 9.813381884387801790e-01 0.000000000000000000e+00 1.365498406918525280e-03 0.000000000000000000e+00
1.888000000000000000e+06 5.900041924647148051e-02 2.389622212107419055e-02 9.745106964041875264e-01 0.000000000000000000e+00 1.593081474738279385e-03 0.000000000000000000e+00
1.920000000000000000e+06 6.000042635234392741e-02 2.150659990896677115e-02 9.773554847519344557e-01 0.000000000000000000e+00 1.137915339098770958e-03 0.000000000000000000e+00
1.952000000000000000e+06 6.100043345821637431e-02 3.095129722348657214e-02 9.676832043695948737e-01 0.000000000000000000e+00 1.365498406918525280e-03 0.000000000000000000e+00
1.984000000000000000e+06 6.200044056408882120e-02 2.036868456986800149e-02 9.787209831588530307e-01 0.000000000000000000e+00 9.103322712790168532e-04 0.000000000000000000e+00
2.016000000000000000e+06 6.300044766996104606e-02 2.765134274010013632e-02 9.712107419208011461e-01 0.000000000000000000e+00 1.137915339098770958e-03 0.000000000000000000e+00
2.048000000000000000e+06 6.400045477583349296e-02 3.413746017296313134e-02 9.640418752844788219e-01 0.000000000000000000e+00 1.820664542558033706e-03 0.000000000000000000e+00
2.080000000000000000e+06 6.500046188170593986e-02 2.696859353664087314e-02 9.710969503868912556e-01 0.000000000000000000e+00 1.934456076467910759e-03 0.000000000000000000e+00
2.112000000000000000e+06 6.600046898757838676e-02 3.106508875739644876e-02 9.675694128356849832e-01 0.000000000000000000e+00 1.365498406918525280e-03 0.000000000000000000e+00
2.144000000000000000e+06 6.700047609345061161e-02 3.425125170687300796e-02 9.646108329540282744e-01 0.000000000000000000e+00 1.137915339098770958e-03 0.000000000000000000e+00
2.176000000000000000e+06 6.800048319932305851e-02 3.447883477469276120e-02 9.627901684114701375e-01 0.000000000000000000e+00 2.730996813837050560e-03 0.000000000000000000e+00
2.208000000000000000e+06 6.900049030519550541e-02 4.346836595357305572e-02 9.527765134274009950e-01 0.000000000000000000e+00 3.755120619025944465e-03 0.000000000000000000e+00
2.240000000000000000e+06 7.000049741106795231e-02 3.584433318161128756e-02 9.617660446062813451e-01 0.000000000000000000e+00 2.389622212107419402e-03 0.000000000000000000e+00
2.272000000000000000e+06 7.100050451694039921e-02 5.644060081929904577e-02 9.385525716886663483e-01 0.000000000000000000e+00 5.006827492034592909e-03 0.000000000000000000e+00
2.304000000000000000e+06 7.200051162281262407e-02 4.654073736913973830e-02 9.495903504779243942e-01 0.000000000000000000e+00 3.868912152935821518e-03 0.000000000000000000e+00
2.336000000000000000e+06 7.300051872868507097e-02 5.655439235320892238e-02 9.398042785616750328e-01 0.000000000000000000e+00 3.641329085116067413e-03 0.000000000000000000e+00
2.368000000000000000e+06 7.400052583455751787e-02 5.245789713245334329e-02 9.446973145197997690e-01 0.000000000000000000e+00 2.844788347746927612e-03 0.000000000000000000e+00
2.400000000000000000e+06 7.500053294042996477e-02 7.089212562585343880e-02 9.228493400091033472e-01 0.000000000000000000e+00 6.258534365043240920e-03 0.000000000000000000e+00
2.432000000000000000e+06 7.600054004630218962e-02 7.259899863450158808e-02 9.204597177969958688e-01 0.000000000000000000e+00 6.941283568502503235e-03 0.000000000000000000e+00
2.464000000000000000e+06 7.700054715217463652e-02 8.340919435593992237e-02 9.078288575329995780e-01 0.000000000000000000e+00 8.761948111060537808e-03 0.000000000000000000e+00
2.496000000000000000e+06 7.800055425804708342e-02 9.683659535730541890e-02 8.885980883022303045e-01 0.000000000000000000e+00 1.456531634046426965e-02 0.000000000000000000e+00
2.528000000000000000e+06 7.900056136391953032e-02 9.968138370505234824e-02 8.870050068274920596e-01 0.000000000000000000e+00 1.331360946745562164e-02 0.000000000000000000e+00
2.560000000000000000e+06 8.000056846979197722e-02 9.820209376422393832e-02 8.879153390987710726e-01 2.275830678197542133e-04 1.365498406918525323e-02 0.000000000000000000e+00
2.592000000000000000e+06 8.100057557566420208e-02 1.226672735548475224e-01 8.562812926718251783e-01 2.275830678197542133e-04 2.082385070550751144e-02 0.000000000000000000e+00
2.624000000000000000e+06 8.200058268153664898e-02 1.208466090122894826e-01 8.525261720527992360e-01 0.000000000000000000e+00 2.662721893491124328e-02 0.000000000000000000e+00
2.656000000000000000e+06 8.300058978740909588e-02 1.376877560309512985e-02 8.394401456531633832e-01 1.467910787437414766e-01 0.000000000000000000e+00 0.000000000000000000e+00
2.688000000000000000e+06 8.400059689328154278e-02 1.399635867091488309e-02 8.378470641784251383e-01 1.481565771506599960e-01 0.000000000000000000e+00 0.000000000000000000e+00
2.720000000000000000e+06 8.500060399915376763e-02 1.615839781520254925e-02 8.359126081019572219e-01 1.478152025489303523e-01 1.137915339098771066e-04 0.000000000000000000e+00
2.752000000000000000e+06 8.600061110502621453e-02 1.388256713700500647e-02 8.375056895766954668e-01 1.486117432862995025e-01 0.000000000000000000e+00 0.000000000000000000e+00
2.784000000000000000e+06 8.700061821089866143e-02 1.581702321347291593e-02 8.370505234410560158e-01 1.469048702776513393e-01 2.275830678197542133e-04 0.000000000000000000e+00
2.816000000000000000e+06 8.800062531677110833e-02 1.536185707783340945e-02 8.368229403732362348e-01 1.475876194811105990e-01 2.275830678197542133e-04 0.000000000000000000e+00
2.848000000000000000e+06 8.900063242264355523e-02 1.388256713700500647e-02 8.379608557123350288e-01 1.479289940828402428e-01 2.275830678197542133e-04 0.000000000000000000e+00
2.880000000000000000e+06 9.000063952851578009e-02 1.456531634046426965e-02 8.369367319071461253e-01 1.480427856167501055e-01 4.551661356395084266e-04 0.000000000000000000e+00
2.912000000000000000e+06 9.100064663438822699e-02 1.672735548475193582e-02 8.356850250341374409e-01 1.472462448793809831e-01 3.413746017296313199e-04 0.000000000000000000e+00
2.944000000000000000e+06 9.200065374026067389e-02 1.331360946745562164e-02 8.381884387801548097e-01 1.483841602184797492e-01 1.137915339098771066e-04 0.000000000000000000e+00
2.976000000000000000e+06 9.300066084613312078e-02 1.888939462903959851e-02 8.346609012289485374e-01 1.463359126081019701e-01 1.137915339098771066e-04 0.000000000000000000e+00
3.008000000000000000e+06 9.400066795200556768e-02 1.752389622212107562e-02 8.362539827036868934e-01 1.461083295402822169e-01 1.137915339098771066e-04 0.000000000000000000e+00
3.040000000000000000e+06 9.500067505787779254e-02 1.661356395084205573e-02 8.359126081019572219e-01 1.473600364132908458e-01 1.137915339098771066e-04 0.000000000000000000e+00
3.072000000000000000e+06 9.600068216375023944e-02 1.786527082385070547e-02 8.347746927628584279e-01 1.473600364132908458e-01 0.000000000000000000e+00 0.000000000000000000e+00
3.104000000000000000e+06 9.700068926962268634e-02 2.025489303595812488e-02 8.324988620846609511e-01 1.471324533454710926e-01 1.137915339098771066e-04 0.000000000000000000e+00
3.136000000000000000e+06 9.800069637549513324e-02 1.854802002730996865e-02 8.342057350933090865e-01 1.470186618115612298e-01 2.275830678197542133e-04 0.000000000000000000e+00
3.168000000000000000e+06 9.900070348136735809e-02 2.366863905325443732e-02 8.298816568047336917e-01 1.463359126081019701e-01 1.137915339098771066e-04 0.000000000000000000e+00
3.200000000000000000e+06 1.000007105872398050e-01 1.888939462903959851e-02 8.334091943559399640e-01 1.471324533454710926e-01 5.689576695493854790e-04 0.000000000000000000e+00
3.232000000000000000e+06 1.010007176931122519e-01 2.173418297678652786e-02 8.331816112881201830e-01 1.447428311333636697e-01 3.413746017296313199e-04 0.000000000000000000e+00
3.264000000000000000e+06 1.020007247989846988e-01 1.923076923076923184e-02 8.332954028220300735e-01 1.471324533454710926e-01 3.413746017296313199e-04 0.000000000000000000e+00
3.296000000000000000e+06 1.030007319048571457e-01 2.150659990896677115e-02 8.313609467455621571e-01 1.462221210741920796e-01 9.103322712790168532e-04 0.000000000000000000e+00
3.328000000000000000e+06 1.040007390107293705e-01 2.048247610377787811e-02 8.330678197542102925e-01 1.463359126081019701e-01 1.137915339098771066e-04 0.000000000000000000e+00
3.360000000000000000e+06 1.050007461166018174e-01 2.207555757851615771e-02 8.290851160673645692e-01 1.477014110150204895e-01 1.137915339098770958e-03 0.000000000000000000e+00
3.392000000000000000e+06 1.060007532224742643e-01 2.833409194355939950e-02 8.244196631770596140e-01 1.462221210741920796e-01 1.024123805188893906e-03 0.000000000000000000e+00
3.424000000000000000e+06 1.070007603283467112e-01 2.753755120619025970e-02 8.280609922621756658e-01 1.434911242603550408e-01 9.103322712790168532e-04 0.000000000000000000e+00
3.456000000000000000e+06 1.080007674342189361e-01 2.924442421483841592e-02 8.222576240327719166e-01 1.473600364132908458e-01 1.137915339098770958e-03 0.000000000000000000e+00
3.488000000000000000e+06 1.090007745400913830e-01 2.901684114701866268e-02 8.222576240327719166e-01 1.472462448793809831e-01 1.479289940828402332e-03 0.000000000000000000e+00
3.520000000000000000e+06 1.100007816459638299e-01 2.617205279927173334e-02 8.268092853891670924e-01 1.462221210741920796e-01 7.965407373691396923e-04 0.000000000000000000e+00
3.552000000000000000e+06 1.110007887518362768e-01 3.334091943559399501e-02 8.207783340919435622e-01 1.447428311333636697e-01 1.137915339098770958e-03 0.000000000000000000e+00
3.584000000000000000e+06 1.120007958577087237e-01 2.799271734182976618e-02 8.254437869822485174e-01 1.461083295402822169e-01 4.551661356395084266e-04 0.000000000000000000e+00
3.616000000000000000e+06 1.130008029635809486e-01 3.334091943559399501e-02 8.224852071005916976e-01 1.425807919890760000e-01 1.593081474738279385e-03 0.000000000000000000e+00
3.648000000000000000e+06 1.140008100694533955e-01 3.060992262175694228e-02 8.211197086936732337e-01 1.466772872098315861e-01 1.593081474738279385e-03 0.000000000000000000e+00
3.680000000000000000e+06 1.150008171753258424e-01 3.311333636777423484e-02 8.214610832954027941e-01 1.446290395994538069e-01 7.965407373691396923e-04 0.000000000000000000e+00
3.712000000000000000e+06 1.160008242811982893e-01 3.720983158852981393e-02 8.178197542102867423e-01 1.437187073281747940e-01 1.251706873008648227e-03 0.000000000000000000e+00
3.744000000000000000e+06 1.170008313870707362e-01 3.390987710514337811e-02 8.197542102867546587e-01 1.448566226672735602e-01 1.479289940828402332e-03 0.000000000000000000e+00
3.776000000000000000e+06 1.180008384929429610e-01 3.789258079198907364e-02 8.148611743286299225e-01 1.455393718707328199e-01 1.706873008648156654e-03 0.000000000000000000e+00
3.808000000000000000e+06 1.190008455988154079e-01 3.971324533454710648e-02 8.138370505234410190e-01 1.449704142011834229e-01 1.479289940828402332e-03 0.000000000000000000e+00
3.840000000000000000e+06 1.200008527046878548e-01 3.994082840236686666e-02 8.148611743286299225e-01 1.428083750568957533e-01 2.389622212107419402e-03 0.000000000000000000e+00
3.872000000000000000e+06 1.210008598105603017e-01 4.380974055530268557e-02 8.103095129722348577e-01 1.446290395994538069e-01 1.251706873008648227e-03 0.000000000000000000e+00
3.904000000000000000e+06 1.220008669164325266e-01 4.551661356395084179e-02 8.072371415566681474e-01 1.456531634046426826e-01 1.593081474738279385e-03 0.000000000000000000e+00
3.936000000000000000e+06 1.230008740223049735e-01 4.836140191169777114e-02 8.048475193445607800e-01 1.447428311333636697e-01 2.048247610377787811e-03 0.000000000000000000e+00
3.968000000000000000e+06 1.240008811281774204e-01 4.210286754665452935e-02 8.112198452435138707e-01 1.447428311333636697e-01 1.934456076467910759e-03 0.000000000000000000e+00
4.000000000000000000e+06 1.250008882340498673e-01 4.767865270823850449e-02 8.042785616750113276e-01 1.450842057350933134e-01 2.958579881656804664e-03 0.000000000000000000e+00
4.032000000000000000e+06 1.260008953399223142e-01 5.507510241238051940e-02 7.993855257168867023e-01 1.429221665908056438e-01 2.617205279927173507e-03 0.000000000000000000e+00
4.064000000000000000e+06 1.270009024457945390e-01 6.406463359126081392e-02 7.903959945380063523e-01 1.425807919890760000e-01 2.958579881656804664e-03 0.000000000000000000e+00
4.096000000000000000e+06 1.280009095516669859e-01 5.632680928538916915e-02 7.965407373691397730e-01 1.444014565316340537e-01 2.730996813837050560e-03 0.000000000000000000e+00
4.128000000000000000e+06 1.290009166575394328e-01 2.036868456986800149e-02 9.789485662266727006e-01 0.000000000000000000e+00 6.827492034592626399e-04 0.000000000000000000e+00
4.160000000000000000e+06 1.300009237634118797e-01 2.617205279927173334e-02 9.733727810650887324e-01 0.000000000000000000e+00 4.551661356395084266e-04 0.000000000000000000e+00
4.192000000000000000e+06 1.310009308692841046e-01 2.514792899408284030e-02 9.745106964041875264e-01 0.000000000000000000e+00 3.413746017296313199e-04 0.000000000000000000e+00
4.224000000000000000e+06 1.320009379751565515e-01 2.253072371415566766e-02 9.772416932180245652e-01 0.000000000000000000e+00 2.275830678197542133e-04 0.000000000000000000e+00
4.256000000000000000e+06 1.330009450810289984e-01 2.856167501137915274e-02 9.710969503868912556e-01 0.000000000000000000e+00 3.413746017296313199e-04 0.000000000000000000e+00
4.288000000000000000e+06 1.340009521869014453e-01 2.332726445152480746e-02 9.758761948111061013e-01 0.000000000000000000e+00 7.965407373691396923e-04 0.000000000000000000e+00
4.320000000000000000e+06 1.350009592927738922e-01 2.753755120619025970e-02 9.715521165225307065e-01 0.000000000000000000e+00 9.103322712790168532e-04 0.000000000000000000e+00
4.352000000000000000e+06 1.360009663986461170e-01 2.878925807919890598e-02 9.700728265817023521e-01 0.000000000000000000e+00 1.137915339098770958e-03 0.000000000000000000e+00
4.384000000000000000e+06 1.370009735045185639e-01 3.140646335912607862e-02 9.680245789713245452e-01 0.000000000000000000e+00 5.689576695493854790e-04 0.000000000000000000e+00
4.416000000000000000e+06 1.380009806103910108e-01 3.311333636777423484e-02 9.659763313609467383e-01 0.000000000000000000e+00 9.103322712790168532e-04 0.000000000000000000e+00
4.448000000000000000e+06 1.390009877162634577e-01 3.311333636777423484e-02 9.659763313609467383e-01 0.000000000000000000e+00 9.103322712790168532e-04 0.000000000000000000e+00
4.480000000000000000e+06 1.400009948221359046e-01 3.629949931725079404e-02 9.625625853436504675e-01 0.000000000000000000e+00 1.137915339098770958e-03 0.000000000000000000e+00
4.512000000000000000e+06 1.410010019280081295e-01 3.595812471552116418e-02 9.615384615384615641e-01 0.000000000000000000e+00 2.503413746017296455e-03 0.000000000000000000e+00
4.544000000000000000e+06 1.420010090338805764e-01 3.140646335912607862e-02 9.679107874374146547e-01 0.000000000000000000e+00 6.827492034592626399e-04 0.000000000000000000e+00
4.576000000000000000e+06 1.430010161397530233e-01 3.277196176604460498e-02 9.654073736913973969e-01 0.000000000000000000e+00 1.820664542558033706e-03 0.000000000000000000e+00
4.608000000000000000e+06 1.440010232456254702e-01 3.140646335912607862e-02 9.674556213017750927e-01 0.000000000000000000e+00 1.137915339098770958e-03 0.000000000000000000e+00
4.640000000000000000e+06 1.450010303514976950e-01 4.597177969959034827e-02 9.523213472917615441e-01 0.000000000000000000e+00 1.706873008648156654e-03 0.000000000000000000e+00
4.672000000000000000e+06 1.460010374573701419e-01 4.563040509786071841e-02 9.528903049613108855e-01 0.000000000000000000e+00 1.479289940828402332e-03 0.000000000000000000e+00
4.704000000000000000e+06 1.470010445632425888e-01 4.301319981793354230e-02 9.542558033682293495e-01 0.000000000000000000e+00 2.730996813837050560e-03 0.000000000000000000e+00
4.736000000000000000e+06 1.480010516691150357e-01 3.834774692762858705e-02 9.596040054619936477e-01 0.000000000000000000e+00 2.048247610377787811e-03 0.000000000000000000e+00
4.768000000000000000e+06 1.490010587749874826e-01 5.541647701411014926e-02 9.406008192990441552e-01 0.000000000000000000e+00 3.982703686845699004e-03 0.000000000000000000e+00
4.800000000000000000e+06 1.500010658808597075e-01 4.927173418297678409e-02 9.464041875284479044e-01 0.000000000000000000e+00 4.324078288575329727e-03 0.000000000000000000e+00
4.832000000000000000e+06 1.510010729867321544e-01 5.234410559854346667e-02 9.444697314519799880e-01 0.000000000000000000e+00 3.186162949476558769e-03 0.000000000000000000e+00
4.864000000000000000e+06 1.520010800926046013e-01 5.655439235320892238e-02 9.395766954938552518e-01 0.000000000000000000e+00 3.868912152935821518e-03 0.000000000000000000e+00
4.896000000000000000e+06 1.530010871984770482e-01 6.076467910787437116e-02 9.355939918070095285e-01 0.000000000000000000e+00 3.641329085116067413e-03 0.000000000000000000e+00
4.928000000000000000e+06 1.540010943043492730e-01 5.905780609922621494e-02 9.362767410104688715e-01 0.000000000000000000e+00 4.665452890304961318e-03 0.000000000000000000e+00
4.960000000000000000e+06 1.550011014102217199e-01 7.328174783796086167e-02 9.202321347291761988e-01 0.000000000000000000e+00 6.486117432862995025e-03 0.000000000000000000e+00
4.992000000000000000e+06 1.560011085160941668e-01 9.592626308602640595e-02 7.752617205279926926e-01 1.133363677742375980e-01 1.547564861174328607e-02 0.000000000000000000e+00
5.024000000000000000e+06 1.570011156219666137e-01 9.228493400091032639e-02 7.702548930359581769e-01 1.235776058261265353e-01 1.388256713700500647e-02 0.000000000000000000e+00
5.056000000000000000e+06 1.580011227278390606e-01 9.808830223031406170e-02 7.167728720983158608e-01 1.682976786527082269e-01 1.684114701866181243e-02 0.000000000000000000e+00
5.088000000000000000e+06 1.590011298337112855e-01 1.013882567137004975e-01 7.124487938097405770e-01 1.698907601274465273e-01 1.627218934911242587e-02 0.000000000000000000e+00
5.120000000000000000e+06 1.600011369395837324e-01 9.296768320436959998e-02 7.173418297678653133e-01 1.689804278561675144e-01 2.071005917159763482e-02 0.000000000000000000e+00
5.152000000000000000e+06 1.610011440454561793e-01 1.020710059171597572e-01 7.031178880291306665e-01 1.703459262630860338e-01 2.446517979062357712e-02 0.000000000000000000e+00
5.184000000000000000e+06 1.620011511513286262e-01 1.002503413746017313e-01 7.075557578516158408e-01 1.692080109239872676e-01 2.298588984979517413e-02 0.000000000000000000e+00
5.216000000000000000e+06 1.630011582572010731e-01 1.007055075102412378e-01 7.052799271734182529e-01 1.745562130177514826e-01 1.945835229858898507e-02 0.000000000000000000e+00
5.248000000000000000e+06 1.640011653630732980e-01 1.004779244424214846e-01 7.083522985889849632e-01 1.695493855257168836e-01 2.162039144287665124e-02 0.000000000000000000e+00
5.280000000000000000e+06 1.650011724689457449e-01 6.781975421028675621e-02 6.462221210741920796e-01 2.763996358670914866e-01 9.558488848429677609e-03 0.000000000000000000e+00
5.312000000000000000e+06 1.660011795748181918e-01 7.749203459262631044e-02 6.347291761492944717e-01 2.783340919435594030e-01 9.444697314519799256e-03 0.000000000000000000e+00
5.344000000000000000e+06 1.670011866806906387e-01 7.419208010923987462e-02 6.407601274465180019e-01 2.761720527992717611e-01 8.875739644970414427e-03 0.000000000000000000e+00
5.376000000000000000e+06 1.680011937865628635e-01 7.624032771961765376e-02 6.426945835229859183e-01 2.696859353664087244e-01 1.137915339098771045e-02 0.000000000000000000e+00
5.408000000000000000e+06 1.690012008924353104e-01 7.487482931269913433e-02 6.382567137005006330e-01 2.751479289940828576e-01 1.172052799271734204e-02 0.000000000000000000e+00
5.440000000000000000e+06 1.700012079983077573e-01 7.658170232134729749e-02 6.412152935821574529e-01 2.699135184342285054e-01 1.228948566226672687e-02 0.000000000000000000e+00
5.472000000000000000e+06 1.710012151041802042e-01 7.692307692307692735e-02 6.373463814292216201e-01 2.726445152480655443e-01 1.308602639963586667e-02 0.000000000000000000e+00
5.504000000000000000e+06 1.720012222100526511e-01 5.928538916704597511e-02 7.882339553937186549e-01 1.481565771506599960e-01 4.324078288575329727e-03 0.000000000000000000e+00
5.536000000000000000e+06 1.730012293159248760e-01 5.780609922621757213e-02 8.023441055985435222e-01 1.339326354119253493e-01 5.917159763313609329e-03 0.000000000000000000e+00
5.568000000000000000e+06 1.740012364217973229e-01 6.201638598088302090e-02 7.956304050978607600e-01 1.376877560309512916e-01 4.665452890304961318e-03 0.000000000000000000e+00
5.600000000000000000e+06 1.750012435276697698e-01 5.974055530268548159e-02 7.984751934456076894e-01 1.379153390987710448e-01 3.868912152935821518e-03 0.000000000000000000e+00
5.632000000000000000e+06 1.760012506335422167e-01 5.883022303140646170e-02 7.949476558944014171e-01 1.407601274465179741e-01 5.461993627674101119e-03 0.000000000000000000e+00
5.664000000000000000e+06 1.770012577394144415e-01 6.019572143832498806e-02 7.985889849795174689e-01 1.365498406918525254e-01 4.665452890304961318e-03 0.000000000000000000e+00
5.696000000000000000e+06 1.780012648452868884e-01 6.110605370960400795e-02 7.944924897587619661e-01 1.388256713700500578e-01 5.575785161583977738e-03 0.000000000000000000e+00
5.728000000000000000e+06 1.790012719511593353e-01 5.939918070095585173e-02 7.940373236231224041e-01 1.416704597177969871e-01 4.893035958124715423e-03 0.000000000000000000e+00
5.760000000000000000e+06 1.800012790570317822e-01 6.611288120163859305e-02 7.900546199362767918e-01 1.392808375056895642e-01 4.551661356395083832e-03 0.000000000000000000e+00
5.792000000000000000e+06 1.810012861629042291e-01 5.962676376877560497e-02 7.960855712335002110e-01 1.396222121074192080e-01 4.665452890304961318e-03 0.000000000000000000e+00
5.824000000000000000e+06 1.820012932687764540e-01 6.201638598088302090e-02 7.923304506144742687e-01 1.411015020482476179e-01 4.551661356395083832e-03 0.000000000000000000e+00
5.856000000000000000e+06 1.830013003746489009e-01 6.554392353208920996e-02 7.885753299954483264e-01 1.406463359126081114e-01 5.234410559854347014e-03 0.000000000000000000e+00
5.888000000000000000e+06 1.840013074805213478e-01 6.804733727810650945e-02 7.853891670459717256e-01 1.409877105143377274e-01 5.575785161583977738e-03 0.000000000000000000e+00
5.920000000000000000e+06 1.850013145863937947e-01 6.269913518434228061e-02 7.881201638598088755e-01 1.439462903959945472e-01 5.234410559854347014e-03 0.000000000000000000e+00
5.952000000000000000e+06 1.860013216922662416e-01 6.679563040509786664e-02 7.815202548930360038e-01 1.450842057350933134e-01 6.599908966772872511e-03 0.000000000000000000e+00
5.984000000000000000e+06 1.870013287981384664e-01 7.316795630405098505e-02 7.834547109695039202e-01 1.366636322257624159e-01 6.713700500682749130e-03 0.000000000000000000e+00
6.016000000000000000e+06 1.880013359040109133e-01 6.622667273554846967e-02 7.881201638598088755e-01 1.381429221665907980e-01 7.510241238051888930e-03 0.000000000000000000e+00
6.048000000000000000e+06 1.890013430098833602e-01 6.850250341374601593e-02 7.918752844788348177e-01 1.341602184797451025e-01 5.461993627674101119e-03 0.000000000000000000e+00
6.080000000000000000e+06 1.900013501157558071e-01 7.294037323623121793e-02 7.827719617660445772e-01 1.378015475648611821e-01 6.486117432862995025e-03 0.000000000000000000e+00
6.112000000000000000e+06 1.910013572216280320e-01 7.146108329540282189e-02 7.806099226217569909e-01 1.404187528447883582e-01 7.510241238051888930e-03 0.000000000000000000e+00
6.144000000000000000e+06 1.920013643275004789e-01 7.396449704142012138e-02 7.763996358670914866e-01 1.428083750568957533e-01 6.827492034592626616e-03 0.000000000000000000e+00
6.176000000000000000e+06 1.930013714333729258e-01 7.419208010923987462e-02 7.783340919435594030e-01 1.391670459717797015e-01 8.306781975421027864e-03 0.000000000000000000e+00
6.208000000000000000e+06 1.940013785392453727e-01 7.350933090578061491e-02 7.754893035958124736e-01 1.440600819299044100e-01 6.941283568502503235e-03 0.000000000000000000e+00
6.240000000000000000e+06 1.950013856451178196e-01 7.851615839781520001e-02 7.606964041875284854e-01 1.535047792444242110e-01 7.282658170232134826e-03 0.000000000000000000e+00
6.272000000000000000e+06 1.960013927509900444e-01 8.192990441511151245e-02 7.578516158397815561e-01 1.532771961766044577e-01 6.941283568502503235e-03 0.000000000000000000e+00
6.304000000000000000e+06 1.970013998568624913e-01 8.420573509330905870e-02 7.563723258989530907e-01 1.506599908966772816e-01 8.761948111060537808e-03 0.000000000000000000e+00
6.336000000000000000e+06 1.980014069627349382e-01 8.852981338188438409e-02 7.495448338643604380e-01 1.535047792444242110e-01 8.420573509330906217e-03 0.000000000000000000e+00
6.368000000000000000e+06 1.990014140686073851e-01 8.522985889849794827e-02 7.519344560764679164e-01 1.536185707783341015e-01 9.217114246700046018e-03 0.000000000000000000e+00
6.400000000000000000e+06 2.000014211744796100e-01 8.522985889849794827e-02 7.522758306781975879e-01 1.543013199817933612e-01 8.192990441511151245e-03 0.000000000000000000e+00
6.432000000000000000e+06 2.010014282803520569e-01 6.759217114246700298e-02 7.849340009103322746e-01 1.405325443786982209e-01 6.941283568502503235e-03 0.000000000000000000e+00
6.464000000000000000e+06 2.020014353862245038e-01 7.430587164314975124e-02 7.859581247155211781e-01 1.305188893946290507e-01 9.217114246700046018e-03 0.000000000000000000e+00
6.496000000000000000e+06 2.030014424920969507e-01 7.601274465179790052e-02 7.822030040964952358e-01 1.316568047337278169e-01 1.012744651797906244e-02 0.000000000000000000e+00
6.528000000000000000e+06 2.040014495979693976e-01 7.555757851615839404e-02 7.869822485207100815e-01 1.298361401911697632e-01 7.624032771961766417e-03 0.000000000000000000e+00
6.560000000000000000e+06 2.050014567038416224e-01 6.975421028675465873e-02 7.996131087847063723e-01 1.217569412835685094e-01 8.875739644970414427e-03 0.000000000000000000e+00
6.592000000000000000e+06 2.060014638097140693e-01 7.066454255803368556e-02 7.972234865725990050e-01 1.240327719617660418e-01 8.079198907601274626e-03 0.000000000000000000e+00
6.624000000000000000e+06 2.070014709155865162e-01 7.498862084660901095e-02 7.992717341829768118e-01 1.159535730541647741e-01 9.786071916249430847e-03 0.000000000000000000e+00
6.656000000000000000e+06 2.080014780214589631e-01 7.578516158397814728e-02 7.954028220300409791e-01 1.215293582157487423e-01 7.282658170232134826e-03 0.000000000000000000e+00
6.688000000000000000e+06 2.090014851273314100e-01 7.749203459262631044e-02 7.923304506144742687e-01 1.199362767410104696e-01 1.024123805188893906e-02 0.000000000000000000e+00
6.720000000000000000e+06 2.100014922332036349e-01 7.578516158397814728e-02 7.936959490213928436e-01 1.205052344105598527e-01 1.001365498406918582e-02 0.000000000000000000e+00
6.752000000000000000e+06 2.110014993390760818e-01 7.862994993172507663e-02 7.960855712335002110e-01 1.182294037323623065e-01 7.055075102412380721e-03 0.000000000000000000e+00
6.784000000000000000e+06 2.120015064449485287e-01 7.430587164314975124e-02 7.972234865725990050e-01 1.191397360036413333e-01 9.330905780609922637e-03 0.000000000000000000e+00
6.816000000000000000e+06 2.130015135508209756e-01 7.555757851615839404e-02 7.934683659535730627e-01 1.216431497496586189e-01 9.330905780609922637e-03 0.000000000000000000e+00
6.848000000000000000e+06 2.140015206566932005e-01 7.635411925352754425e-02 7.925580336822940497e-01 1.200500682749203463e-01 1.103777878925807886e-02 0.000000000000000000e+00
6.880000000000000000e+06 2.150015277625656474e-01 7.419208010923987462e-02 7.936959490213928436e-01 1.209604005461993592e-01 1.115157032316795548e-02 0.000000000000000000e+00
6.912000000000000000e+06 2.160015348684380943e-01 7.305416477014110843e-02 7.961993627674101015e-01 1.211879836140191125e-01 9.558488848429677609e-03 0.000000000000000000e+00
6.944000000000000000e+06 2.170015419743105411e-01 7.567137005006827066e-02 7.909649522075558048e-01 1.242603550295857950e-01 9.103322712790167665e-03 0.000000000000000000e+00
6.976000000000000000e+06 2.180015490801829880e-01 6.907146108329539902e-02 7.972234865725990050e-01 1.248293126991351781e-01 8.875739644970414427e-03 0.000000000000000000e+00
7.008000000000000000e+06 2.190015561860552129e-01 6.907146108329539902e-02 7.988165680473372499e-01 1.246017296313154249e-01 7.510241238051888930e-03 0.000000000000000000e+00
7.040000000000000000e+06 2.200015632919276598e-01 7.476103777878925771e-02 7.898270368684570109e-01 1.290395994538006408e-01 6.372325898953117539e-03 0.000000000000000000e+00
7.072000000000000000e+06 2.210015703978001067e-01 7.680928538916705073e-02 7.906235776058261333e-01 1.259672280382339582e-01 6.599908966772872511e-03 0.000000000000000000e+00
7.104000000000000000e+06 2.220015775036725536e-01 7.601274465179790052e-02 7.914201183431952558e-01 1.258534365043240677e-01 6.713700500682749130e-03 0.000000000000000000e+00
7.136000000000000000e+06 2.230015846095447785e-01 8.181611288120163583e-02 7.852753755120619461e-01 1.251706873008648080e-01 7.737824305871643035e-03 0.000000000000000000e+00
7.168000000000000000e+06 2.240015917154172254e-01 8.215748748293126569e-02 7.833409194355940297e-01 1.263086026399635742e-01 8.192990441511151245e-03 0.000000000000000000e+00
7.200000000000000000e+06 2.250015988212896723e-01 7.954028220300408958e-02 7.842512517068730427e-01 1.264223941738734647e-01 9.786071916249430847e-03 0.000000000000000000e+00
7.232000000000000000e+06 2.260016059271621192e-01 7.897132453345470648e-02 7.851615839781520556e-01 1.255120619025944517e-01 1.035502958579881741e-02 0.000000000000000000e+00
7.264000000000000000e+06 2.270016130330345661e-01 8.318161128812016913e-02 7.785616750113791840e-01 1.273327264451524776e-01 1.092398725534820224e-02 0.000000000000000000e+00
