# itime ezz other fcc hcp bcc ico
0.000000000000000000e+00 0.000000000000000000e+00 0.000000000000000000e+00 1.000000000000000000e+00 0.000000000000000000e+00 0.000000000000000000e+00 0.000000000000000000e+00
5.000000000000000000e+02 2.000068742765481744e-03 0.000000000000000000e+00 1.000000000000000000e+00 0.000000000000000000e+00 0.000000000000000000e+00 0.000000000000000000e+00
1.000000000000000000e+03 4.000137485530963488e-03 0.000000000000000000e+00 1.000000000000000000e+00 0.000000000000000000e+00 0.000000000000000000e+00 0.000000000000000000e+00
1.500000000000000000e+03 6.000206228296223188e-03 0.000000000000000000e+00 1.000000000000000000e+00 0.000000000000000000e+00 0.000000000000000000e+00 0.000000000000000000e+00
2.000000000000000000e+03 8.000274971061704932e-03 0.000000000000000000e+00 1.000000000000000000e+00 0.000000000000000000e+00 0.000000000000000000e+00 0.000000000000000000e+00
2.500000000000000000e+03 1.000034371382718668e-02 0.000000000000000000e+00 1.000000000000000000e+00 0.000000000000000000e+00 0.000000000000000000e+00 0.000000000000000000e+00
3.000000000000000000e+03 1.200041245659266842e-02 0.000000000000000000e+00 1.000000000000000000e+00 0.000000000000000000e+00 0.000000000000000000e+00 0.000000000000000000e+00
3.500000000000000000e+03 1.400048119935815016e-02 0.000000000000000000e+00 1.000000000000000000e+00 0.000000000000000000e+00 0.000000000000000000e+00 0.000000000000000000e+00
4.000000000000000000e+03 1.600054994212340986e-02 0.000000000000000000e+00 1.000000000000000000e+00 0.000000000000000000e+00 0.000000000000000000e+00 0.000000000000000000e+00
4.500000000000000000e+03 1.800061868488889161e-02 0.000000000000000000e+00 1.000000000000000000e+00 0.000000000000000000e+00 0.000000000000000000e+00 0.000000000000000000e+00
5.000000000000000000e+03 2.000068742765437335e-02 0.000000000000000000e+00 1.000000000000000000e+00 0.000000000000000000e+00 0.000000000000000000e+00 0.000000000000000000e+00
5.500000000000000000e+03 2.200075617041985510e-02 0.000000000000000000e+00 1.000000000000000000e+00 0.000000000000000000e+00 0.000000000000000000e+00 0.000000000000000000e+00
6.000000000000000000e+03 2.400082491318533684e-02 0.000000000000000000e+00 1.000000000000000000e+00 0.000000000000000000e+00 0.000000000000000000e+00 0.000000000000000000e+00
6.500000000000000000e+03 2.600089365595081858e-02 0.000000000000000000e+00 1.000000000000000000e+00 0.000000000000000000e+00 0.000000000000000000e+00 0.000000000000000000e+00
7.000000000000000000e+03 2.800096239871607828e-02 0.000000000000000000e+00 1.000000000000000000e+00 0.000000000000000000e+00 0.000000000000000000e+00 0.000000000000000000e+00
7.500000000000000000e+03 3.000103114148156003e-02 0.000000000000000000e+00 1.000000000000000000e+00 0.000000000000000000e+00 0.000000000000000000e+00 0.000000000000000000e+00
8.000000000000000000e+03 3.200109988424704177e-02 0.000000000000000000e+00 1.000000000000000000e+00 0.000000000000000000e+00 0.000000000000000000e+00 0.000000000000000000e+00
8.500000000000000000e+03 3.400116862701252352e-02 0.000000000000000000e+00 1.000000000000000000e+00 0.000000000000000000e+00 0.000000000000000000e+00 0.000000000000000000e+00
9.000000000000000000e+03 3.600123736977800526e-02 0.000000000000000000e+00 1.000000000000000000e+00 0.000000000000000000e+00 0.000000000000000000e+00 0.000000000000000000e+00
9.500000000000000000e+03 3.800130611254326496e-02 0.000000000000000000e+00 1.000000000000000000e+00 0.000000000000000000e+00 0.000000000000000000e+00 0.000000000000000000e+00
1.000000000000000000e+04 4.000137485530874670e-02 0.000000000000000000e+00 1.000000000000000000e+00 0.000000000000000000e+00 0.000000000000000000e+00 0.000000000000000000e+00
1.050000000000000000e+04 4.200144359807422845e-02 0.000000000000000000e+00 1.000000000000000000e+00 0.000000000000000000e+00 0.000000000000000000e+00 0.000000000000000000e+00
1.100000000000000000e+04 4.400151234083971019e-02 0.000000000000000000e+00 1.000000000000000000e+00 0.000000000000000000e+00 0.000000000000000000e+00 0.000000000000000000e+00
1.150000000000000000e+04 4.600158108360519194e-02 0.000000000000000000e+00 1.000000000000000000e+00 0.000000000000000000e+00 0.000000000000000000e+00 0.000000000000000000e+00
1.200000000000000000e+04 4.800164982637045163e-02 0.000000000000000000e+00 1.000000000000000000e+00 0.000000000000000000e+00 0.000000000000000000e+00 0.000000000000000000e+00
1.250000000000000000e+04 5.000171856913593338e-02 0.000000000000000000e+00 1.000000000000000000e+00 0.000000000000000000e+00 0.000000000000000000e+00 0.000000000000000000e+00
1.300000000000000000e+04 5.200178731190141512e-02 0.000000000000000000e+00 1.000000000000000000e+00 0.000000000000000000e+00 0.000000000000000000e+00 0.000000000000000000e+00
1.350000000000000000e+04 5.400185605466689687e-02 0.000000000000000000e+00 1.000000000000000000e+00 0.000000000000000000e+00 0.000000000000000000e+00 0.000000000000000000e+00
1.400000000000000000e+04 5.600192479743237861e-02 0.000000000000000000e+00 1.000000000000000000e+00 0.000000000000000000e+00 0.000000000000000000e+00 0.000000000000000000e+00
1.450000000000000000e+04 5.800199354019763831e-02 0.000000000000000000e+00 1.000000000000000000e+00 0.000000000000000000e+00 0.000000000000000000e+00 0.000000000000000000e+00
1.500000000000000000e+04 6.000206228296312005e-02 0.000000000000000000e+00 1.000000000000000000e+00 0.000000000000000000e+00 0.000000000000000000e+00 0.000000000000000000e+00
1.550000000000000000e+04 6.200213102572860180e-02 0.000000000000000000e+00 1.000000000000000000e+00 0.000000000000000000e+00 0.000000000000000000e+00 0.000000000000000000e+00
1.600000000000000000e+04 6.400219976849408354e-02 0.000000000000000000e+00 1.000000000000000000e+00 0.000000000000000000e+00 0.000000000000000000e+00 0.000000000000000000e+00
1.650000000000000000e+04 6.600226851125956529e-02 0.000000000000000000e+00 1.000000000000000000e+00 0.000000000000000000e+00 0.000000000000000000e+00 0.000000000000000000e+00
1.700000000000000000e+04 6.800233725402504703e-02 4.551661356395084266e-04 9.995448338643604380e-01 0.000000000000000000e+00 0.000000000000000000e+00 0.000000000000000000e+00
1.750000000000000000e+04 7.000240599679030673e-02 6.827492034592626399e-04 9.993172507965407680e-01 0.000000000000000000e+00 0.000000000000000000e+00 0.000000000000000000e+00
1.800000000000000000e+04 7.200247473955578847e-02 0.000000000000000000e+00 1.000000000000000000e+00 0.000000000000000000e+00 0.000000000000000000e+00 0.000000000000000000e+00
1.850000000000000000e+04 7.400254348232127022e-02 0.000000000000000000e+00 1.000000000000000000e+00 0.000000000000000000e+00 0.000000000000000000e+00 0.000000000000000000e+00
1.900000000000000000e+04 7.600261222508675196e-02 0.000000000000000000e+00 1.000000000000000000e+00 0.000000000000000000e+00 0.000000000000000000e+00 0.000000000000000000e+00
1.950000000000000000e+04 7.800268096785223371e-02 1.137915339098771066e-04 9.998862084660901095e-01 0.000000000000000000e+00 0.000000000000000000e+00 0.000000000000000000e+00
2.000000000000000000e+04 8.000274971061749341e-02 3.413746017296313199e-04 9.996586253982703285e-01 0.000000000000000000e+00 0.000000000000000000e+00 0.000000000000000000e+00
2.050000000000000000e+04 8.200281845338297515e-02 4.551661356395084266e-04 9.995448338643604380e-01 0.000000000000000000e+00 0.000000000000000000e+00 0.000000000000000000e+00
2.100000000000000000e+04 8.400288719614845689e-02 0.000000000000000000e+00 1.000000000000000000e+00 0.000000000000000000e+00 0.000000000000000000e+00 0.000000000000000000e+00
2.150000000000000000e+04 8.600295593891393864e-02 3.413746017296313199e-04 9.996586253982703285e-01 0.000000000000000000e+00 0.000000000000000000e+00 0.000000000000000000e+00
2.200000000000000000e+04 8.800302468167942038e-02 9.103322712790168532e-04 9.989758761948110966e-01 0.000000000000000000e+00 1.137915339098771066e-04 0.000000000000000000e+00
2.250000000000000000e+04 9.000309342444468008e-02 5.689576695493854790e-04 9.994310423304506585e-01 0.000000000000000000e+00 0.000000000000000000e+00 0.000000000000000000e+00
2.300000000000000000e+04 9.200316216721016183e-02 3.527537551206190360e-03 9.964724624487938387e-01 0.000000000000000000e+00 0.000000000000000000e+00 0.000000000000000000e+00
2.350000000000000000e+04 9.400323090997564357e-02 2.048247610377787811e-03 9.978379608557123026e-01 0.000000000000000000e+00 1.137915339098771066e-04 0.000000000000000000e+00
2.400000000000000000e+04 9.600329965274112531e-02 2.730996813837050560e-03 9.971552116522530707e-01 0.000000000000000000e+00 1.137915339098771066e-04 0.000000000000000000e+00
2.450000000000000000e+04 9.800336839550660706e-02 1.479289940828402332e-03 9.985207100591716456e-01 0.000000000000000000e+00 0.000000000000000000e+00 0.000000000000000000e+00
2.500000000000000000e+04 1.000034371382718668e-01 3.868912152935821518e-03 9.956759217114247162e-01 0.000000000000000000e+00 4.551661356395084266e-04 0.000000000000000000e+00
2.550000000000000000e+04 1.020035058810373485e-01 5.803368229403732710e-03 9.940828402366863603e-01 0.000000000000000000e+00 1.137915339098771066e-04 0.000000000000000000e+00
2.600000000000000000e+04 1.040035746238028302e-01 4.779244424214838804e-03 9.951069640418752638e-01 0.000000000000000000e+00 1.137915339098771066e-04 0.000000000000000000e+00
2.650000000000000000e+04 1.060036433665683120e-01 5.006827492034592909e-03 9.946517979062358128e-01 0.000000000000000000e+00 3.413746017296313199e-04 0.000000000000000000e+00
2.700000000000000000e+04 1.080037121093337937e-01 1.183431952662721866e-02 9.865725989986344757e-01 0.000000000000000000e+00 1.593081474738279385e-03 0.000000000000000000e+00
2.750000000000000000e+04 1.100037808520992755e-01 5.587164314974965573e-02 8.348884842967683184e-01 0.000000000000000000e+00 1.092398725534820259e-01 0.000000000000000000e+00
2.800000000000000000e+04 1.120038495948645352e-01 2.591033227127901850e-01 4.499317250796540657e-01 2.189349112426035582e-01 7.203004096495220498e-02 0.000000000000000000e+00
2.850000000000000000e+04 1.140039183376300169e-01 1.596495220755575761e-01 5.842057350933090865e-01 2.415794264906691025e-01 1.456531634046426965e-02 0.000000000000000000e+00
2.900000000000000000e+04 1.160039870803954987e-01 1.700045516613563901e-01 6.159535730541647602e-01 2.023213472917614886e-01 1.172052799271734204e-02 0.000000000000000000e+00
2.950000000000000000e+04 1.180040558231609804e-01 1.341602184797451025e-01 6.774010013654984119e-01 1.830905780609922706e-01 5.348202093764223633e-03 0.000000000000000000e+00
3.000000000000000000e+04 1.200041245659264622e-01 1.283568502503413811e-01 6.908284023668639362e-01 1.768320436959490149e-01 3.982703686845699004e-03 0.000000000000000000e+00
3.050000000000000000e+04 1.220041933086917219e-01 1.215293582157487423e-01 6.830905780609922706e-01 1.909421939007737712e-01 4.437869822485207214e-03 0.000000000000000000e+00
3.100000000000000000e+04 1.240042620514572036e-01 1.225534820209376458e-01 6.835457441966317216e-01 1.903732362312244020e-01 3.527537551206190360e-03 0.000000000000000000e+00
3.150000000000000000e+04 1.260043307942226853e-01 1.208466090122894826e-01 6.833181611288120516e-01 1.916249431042330587e-01 4.210286754665453109e-03 0.000000000000000000e+00
3.200000000000000000e+04 1.280043995369881671e-01 1.242603550295857950e-01 6.811561219845243542e-01 1.912835685025034149e-01 3.299954483386436255e-03 0.000000000000000000e+00
3.250000000000000000e+04 1.300044682797536488e-01 1.232362312243969055e-01 6.811561219845243542e-01 1.912835685025034149e-01 4.324078288575329727e-03 0.000000000000000000e+00
3.300000000000000000e+04 1.320045370225189085e-01 1.239189804278561652e-01 6.807009558488847922e-01 1.919663177059626746e-01 3.413746017296313308e-03 0.000000000000000000e+00
3.350000000000000000e+04 1.340046057652843903e-01 1.248293126991351781e-01 6.801319981793354508e-01 1.907146108329540179e-01 4.324078288575329727e-03 0.000000000000000000e+00
3.400000000000000000e+04 1.360046745080498720e-01 1.239189804278561652e-01 6.792216659080564378e-01 1.920801092398725651e-01 4.779244424214838804e-03 0.000000000000000000e+00
3.450000000000000000e+04 1.380047432508153538e-01 1.233500227583067821e-01 6.792216659080564378e-01 1.927628584433318248e-01 4.665452890304961318e-03 0.000000000000000000e+00
3.500000000000000000e+04 1.400048119935808355e-01 1.186845698680018268e-01 6.913973600364132777e-01 1.862767410104688159e-01 3.641329085116067413e-03 0.000000000000000000e+00
3.550000000000000000e+04 1.420048807363460952e-01 1.162949476558944040e-01 7.031178880291306665e-01 1.777423759672280279e-01 2.844788347746927612e-03 0.000000000000000000e+00
3.600000000000000000e+04 1.440049494791115769e-01 1.137915339098771045e-01 7.024351388256713236e-01 1.791078743741465751e-01 4.665452890304961318e-03 0.000000000000000000e+00
3.650000000000000000e+04 1.460050182218770587e-01 1.166363222576240338e-01 7.027765134274009950e-01 1.764906690942193990e-01 4.096495220755575623e-03 0.000000000000000000e+00
3.700000000000000000e+04 1.480050869646425404e-01 1.187983614019117035e-01 6.978834774692762588e-01 1.787664997724169313e-01 4.551661356395083832e-03 0.000000000000000000e+00
3.750000000000000000e+04 1.500051557074080222e-01 1.207328174783796060e-01 6.939007737824305355e-01 1.803595812471552040e-01 5.006827492034592909e-03 0.000000000000000000e+00
3.800000000000000000e+04 1.520052244501732819e-01 1.187983614019117035e-01 6.933318161128811941e-01 1.838871187983613931e-01 3.982703686845699004e-03 0.000000000000000000e+00
3.850000000000000000e+04 1.540052931929387636e-01 1.207328174783796060e-01 6.931042330450614131e-01 1.818388711879836139e-01 4.324078288575329727e-03 0.000000000000000000e+00
3.900000000000000000e+04 1.560053619357042454e-01 1.189121529358215801e-01 6.948111060537096595e-01 1.821802457897132577e-01 4.096495220755575623e-03 0.000000000000000000e+00
3.950000000000000000e+04 1.580054306784697271e-01 1.213017751479289891e-01 6.912835685025033872e-01 1.824078288575330109e-01 5.006827492034592909e-03 0.000000000000000000e+00
4.000000000000000000e+04 1.600054994212352089e-01 1.198224852071005930e-01 6.943559399180700975e-01 1.805871643149749572e-01 5.234410559854347014e-03 0.000000000000000000e+00
4.050000000000000000e+04 1.620055681640006906e-01 1.215293582157487423e-01 6.944697314519799880e-01 1.805871643149749572e-01 3.413746017296313308e-03 0.000000000000000000e+00
4.100000000000000000e+04 1.640056369067659503e-01 1.224396904870277691e-01 6.952662721893491105e-01 1.793354574419663283e-01 2.958579881656804664e-03 0.000000000000000000e+00
4.150000000000000000e+04 1.660057056495314320e-01 1.226672735548475224e-01 6.913973600364132777e-01 1.809285389167046010e-01 5.006827492034592909e-03 0.000000000000000000e+00
4.200000000000000000e+04 1.680057743922969138e-01 1.308602639963586667e-01 6.723941738734637852e-01 1.918525261720528119e-01 4.893035958124715423e-03 0.000000000000000000e+00
4.250000000000000000e+04 1.700058431350623955e-01 1.338188438780154865e-01 6.776285844333181929e-01 1.836595357305416398e-01 4.893035958124715423e-03 0.000000000000000000e+00
4.300000000000000000e+04 1.720059118778278773e-01 1.406463359126081114e-01 6.809285389167045732e-01 1.729631315430132099e-01 5.461993627674101119e-03 0.000000000000000000e+00
4.350000000000000000e+04 1.740059806205931370e-01 1.351843422849340060e-01 6.858215748748293095e-01 1.727355484751934567e-01 6.258534365043240920e-03 0.000000000000000000e+00
4.400000000000000000e+04 1.760060493633586187e-01 1.255120619025944517e-01 6.942421483841602070e-01 1.752389622212107423e-01 5.006827492034592909e-03 0.000000000000000000e+00
4.450000000000000000e+04 1.780061181061241005e-01 1.219845243513882627e-01 6.954938552571688914e-01 1.764906690942193990e-01 6.030951297223486815e-03 0.000000000000000000e+00
4.500000000000000000e+04 1.800061868488895822e-01 1.219845243513882627e-01 6.909421939007738267e-01 1.796768320436959443e-01 7.396449704142011444e-03 0.000000000000000000e+00
4.550000000000000000e+04 1.820062555916550640e-01 1.202776513427400995e-01 6.944697314519799880e-01 1.792216659080564378e-01 6.030951297223486815e-03 0.000000000000000000e+00
4.600000000000000000e+04 1.840063243344203237e-01 1.187983614019117035e-01 6.934456076467910846e-01 1.803595812471552040e-01 7.396449704142011444e-03 0.000000000000000000e+00
4.650000000000000000e+04 1.860063930771858054e-01 1.226672735548475224e-01 6.890077378243059103e-01 1.833181611288120239e-01 5.006827492034592909e-03 0.000000000000000000e+00
4.700000000000000000e+04 1.880064618199512871e-01 1.213017751479289891e-01 6.827492034592625991e-01 1.915111515703231682e-01 4.437869822485207214e-03 0.000000000000000000e+00
4.750000000000000000e+04 1.900065305627167689e-01 1.194811106053709632e-01 6.847974510696404060e-01 1.907146108329540179e-01 5.006827492034592909e-03 0.000000000000000000e+00
4.800000000000000000e+04 1.920065993054822506e-01 1.217569412835685094e-01 6.739872553482021411e-01 1.984524351388256835e-01 5.803368229403732710e-03 0.000000000000000000e+00
4.850000000000000000e+04 1.940066680482475103e-01 1.232362312243969055e-01 6.596495220755576039e-01 2.105143377332726329e-01 6.599908966772872511e-03 0.000000000000000000e+00
4.900000000000000000e+04 1.960067367910129921e-01 1.228948566226672756e-01 6.564633591260810030e-01 2.130177514792899462e-01 7.624032771961766417e-03 0.000000000000000000e+00
4.950000000000000000e+04 1.980068055337784738e-01 1.249431042330450548e-01 6.573736913973600160e-01 2.130177514792899462e-01 4.665452890304961318e-03 0.000000000000000000e+00
5.000000000000000000e+04 2.000068742765439556e-01 1.296085571233500100e-01 6.552116522530723186e-01 2.081247155211652378e-01 7.055075102412380721e-03 0.000000000000000000e+00
5.050000000000000000e+04 2.020069430193094373e-01 1.284706417842512438e-01 6.590805644060081514e-01 2.074419663177059503e-01 5.006827492034592909e-03 0.000000000000000000e+00
5.100000000000000000e+04 2.040070117620749190e-01 1.261948111060537114e-01 6.563495675921711126e-01 2.132453345471096995e-01 4.210286754665453109e-03 0.000000000000000000e+00
5.150000000000000000e+04 2.060070805048401787e-01 1.261948111060537114e-01 6.563495675921711126e-01 2.133591260810195622e-01 4.096495220755575623e-03 0.000000000000000000e+00
5.200000000000000000e+04 2.080071492476056605e-01 1.293809740555302568e-01 6.539599453800637452e-01 2.130177514792899462e-01 3.641329085116067413e-03 0.000000000000000000e+00
5.250000000000000000e+04 2.100072179903711422e-01 1.275603095129722309e-01 6.538461538461538547e-01 2.147246244879381094e-01 3.868912152935821518e-03 0.000000000000000000e+00
5.300000000000000000e+04 2.120072867331366240e-01 1.274465179790623681e-01 6.473600364132908735e-01 2.191624943104233114e-01 6.030951297223486815e-03 0.000000000000000000e+00
5.350000000000000000e+04 2.140073554759021057e-01 1.313154301319981732e-01 6.462221210741920796e-01 2.182521620391442985e-01 4.210286754665453109e-03 0.000000000000000000e+00
5.400000000000000000e+04 2.160074242186673654e-01 1.292671825216203940e-01 6.482703686845698865e-01 2.191624943104233114e-01 3.299954483386436255e-03 0.000000000000000000e+00
5.450000000000000000e+04 2.180074929614328472e-01 1.345015930814747462e-01 6.434911242603550408e-01 2.158625398270368756e-01 6.144742831133363434e-03 0.000000000000000000e+00
5.500000000000000000e+04 2.200075617041983289e-01 1.339326354119253493e-01 6.453117888029130667e-01 2.140418752844788219e-01 6.713700500682749130e-03 0.000000000000000000e+00
5.550000000000000000e+04 2.220076304469638107e-01 1.420118343195266308e-01 6.450842057350932857e-01 2.080109239872553473e-01 4.893035958124715423e-03 0.000000000000000000e+00
5.600000000000000000e+04 2.240076991897292924e-01 1.404187528447883582e-01 6.471324533454710926e-01 2.057350933090578149e-01 6.713700500682749130e-03 0.000000000000000000e+00
5.650000000000000000e+04 2.260077679324945521e-01 1.414428766499772339e-01 6.470186618115612021e-01 2.049385525716886647e-01 6.599908966772872511e-03 0.000000000000000000e+00
5.700000000000000000e+04 2.280078366752600338e-01 1.422394173873463841e-01 6.467910787437414211e-01 2.049385525716886647e-01 6.030951297223486815e-03 0.000000000000000000e+00
5.750000000000000000e+04 2.300079054180255156e-01 1.385980883022303045e-01 6.455393718707328476e-01 2.074419663177059503e-01 8.420573509330906217e-03 0.000000000000000000e+00
5.800000000000000000e+04 2.320079741607909973e-01 1.459945380063723264e-01 6.438324988620847122e-01 2.042558033682294050e-01 5.917159763313609329e-03 0.000000000000000000e+00
5.850000000000000000e+04 2.340080429035564791e-01 1.458807464724624359e-01 6.354119253527537037e-01 2.121074192080109333e-01 6.599908966772872511e-03 0.000000000000000000e+00
5.900000000000000000e+04 2.360081116463217388e-01 1.482703686845698587e-01 6.298361401911697355e-01 2.160901228948566288e-01 5.803368229403732710e-03 0.000000000000000000e+00
5.950000000000000000e+04 2.380081803890872205e-01 1.524806554392353075e-01 6.298361401911697355e-01 2.121074192080109333e-01 5.575785161583977738e-03 0.000000000000000000e+00
6.000000000000000000e+04 2.400082491318527023e-01 1.532771961766044577e-01 6.324533454710969949e-01 2.083522985889849910e-01 5.917159763313609329e-03 0.000000000000000000e+00
6.050000000000000000e+04 2.420083178746181840e-01 1.516841147018661851e-01 6.360946745562130467e-01 2.041420118343195145e-01 8.079198907601274626e-03 0.000000000000000000e+00
6.100000000000000000e+04 2.440083866173836658e-01 1.595357305416477134e-01 6.314292216659080914e-01 1.999317250796540657e-01 9.103322712790167665e-03 0.000000000000000000e+00
6.150000000000000000e+04 2.460084553601491475e-01 1.570323167956304000e-01 6.365498406918524976e-01 2.002730996813837094e-01 6.144742831133363434e-03 0.000000000000000000e+00
6.200000000000000000e+04 2.480085241029144072e-01 1.340464269458352398e-01 6.512289485662267063e-01 2.100591715976331264e-01 4.665452890304961318e-03 0.000000000000000000e+00
6.250000000000000000e+04 2.500085928456798889e-01 1.301775147928994070e-01 6.613563950842057393e-01 2.044833864360491582e-01 3.982703686845699004e-03 0.000000000000000000e+00
6.300000000000000000e+04 2.520086615884453707e-01 1.274465179790623681e-01 6.607874374146563978e-01 2.061902594446973214e-01 5.575785161583977738e-03 0.000000000000000000e+00
6.350000000000000000e+04 2.540087303312108524e-01 1.305188893946290507e-01 6.594219390077378229e-01 2.056213017751479244e-01 4.437869822485207214e-03 0.000000000000000000e+00
6.400000000000000000e+04 2.560087990739763342e-01 1.276741010468821214e-01 6.638598088302229971e-01 2.043695949021392677e-01 4.096495220755575623e-03 0.000000000000000000e+00
6.450000000000000000e+04 2.580088678167415939e-01 1.300637232589895442e-01 6.563495675921711126e-01 2.094902139280837572e-01 4.096495220755575623e-03 0.000000000000000000e+00
6.500000000000000000e+04 2.600089365595070756e-01 1.272189349112426149e-01 6.618115612198451903e-01 2.069868001820664438e-01 3.982703686845699004e-03 0.000000000000000000e+00
6.550000000000000000e+04 2.620090053022725574e-01 1.273327264451524776e-01 6.586253982703687004e-01 2.091488393263541135e-01 4.893035958124715423e-03 0.000000000000000000e+00
6.600000000000000000e+04 2.640090740450380391e-01 1.298361401911697632e-01 6.569185252617205650e-01 2.091488393263541135e-01 4.096495220755575623e-03 0.000000000000000000e+00
6.650000000000000000e+04 2.660091427878035208e-01 1.286982248520709970e-01 6.540737369139736357e-01 2.139280837505689592e-01 3.299954483386436255e-03 0.000000000000000000e+00
6.700000000000000000e+04 2.680092115305687805e-01 1.318843878015475701e-01 6.448566226672735047e-01 2.177969959035047920e-01 5.461993627674101119e-03 0.000000000000000000e+00
6.750000000000000000e+04 2.700092802733342623e-01 1.415566681838871244e-01 6.629494765589439842e-01 1.926490669094219343e-01 2.844788347746927612e-03 0.000000000000000000e+00
6.800000000000000000e+04 2.720093490160997440e-01 1.378015475648611821e-01 7.049385525716886924e-01 1.491807009558488717e-01 8.079198907601274626e-03 0.000000000000000000e+00
6.850000000000000000e+04 2.740094177588652258e-01 1.227810650887573990e-01 6.965179790623577949e-01 1.723941738734638129e-01 8.306781975421027864e-03 0.000000000000000000e+00
6.900000000000000000e+04 2.760094865016307075e-01 1.220983158852981393e-01 7.094902139280837572e-01 1.614701866181156020e-01 6.941283568502503235e-03 0.000000000000000000e+00
6.950000000000000000e+04 2.780095552443959672e-01 1.184569868001820597e-01 7.091488393263540857e-01 1.647701411015020379e-01 7.624032771961766417e-03 0.000000000000000000e+00
7.000000000000000000e+04 2.800096239871614490e-01 1.143604915794264876e-01 7.134729176149294805e-01 1.644287664997724219e-01 7.737824305871643035e-03 0.000000000000000000e+00
7.050000000000000000e+04 2.820096927299269307e-01 1.199362767410104696e-01 7.093764223941738667e-01 1.654528903049612976e-01 5.234410559854347014e-03 0.000000000000000000e+00
7.100000000000000000e+04 2.840097614726924125e-01 1.218707328174783860e-01 7.119936276741010150e-01 1.583978152025489194e-01 7.737824305871643035e-03 0.000000000000000000e+00
7.150000000000000000e+04 2.860098302154578942e-01 1.191397360036413333e-01 7.150659990896677254e-01 1.581702321347291662e-01 7.624032771961766417e-03 0.000000000000000000e+00
7.200000000000000000e+04 2.880098989582233759e-01 1.219845243513882627e-01 7.101729631315429891e-01 1.603322712790168358e-01 7.510241238051888930e-03 0.000000000000000000e+00
7.250000000000000000e+04 2.900099677009886356e-01 1.233500227583067821e-01 7.099453800637232082e-01 1.593081474738279601e-01 7.396449704142011444e-03 0.000000000000000000e+00
7.300000000000000000e+04 2.920100364437541174e-01 1.235776058261265353e-01 7.093764223941738667e-01 1.578288575329995502e-01 9.217114246700046018e-03 0.000000000000000000e+00
7.350000000000000000e+04 2.940101051865195991e-01 1.213017751479289891e-01 7.110832954028220021e-01 1.595357305416477134e-01 8.079198907601274626e-03 0.000000000000000000e+00
7.400000000000000000e+04 2.960101739292850809e-01 1.206190259444697294e-01 7.097177969959035382e-01 1.619253527537551085e-01 7.737824305871643035e-03 0.000000000000000000e+00
7.450000000000000000e+04 2.980102426720505626e-01 1.217569412835685094e-01 7.085798816568047442e-01 1.605598543468365891e-01 9.103322712790167665e-03 0.000000000000000000e+00
7.500000000000000000e+04 3.000103114148158223e-01 1.249431042330450548e-01 7.047109695038689114e-01 1.621529358215748617e-01 8.192990441511151245e-03 0.000000000000000000e+00
7.550000000000000000e+04 3.020103801575813041e-01 1.249431042330450548e-01 7.053937187073281434e-01 1.622667273554847522e-01 7.396449704142011444e-03 0.000000000000000000e+00
7.600000000000000000e+04 3.040104489003467858e-01 1.233500227583067821e-01 7.059626763768775959e-01 1.610150204824760956e-01 9.672280382339554228e-03 0.000000000000000000e+00
7.650000000000000000e+04 3.060105176431122675e-01 1.244879380974055483e-01 7.018661811561219821e-01 1.653390987710514348e-01 8.306781975421027864e-03 0.000000000000000000e+00
7.700000000000000000e+04 3.080105863858777493e-01 1.282430587164314906e-01 6.890077378243059103e-01 1.759217114246700020e-01 6.827492034592626616e-03 0.000000000000000000e+00
7.750000000000000000e+04 3.100106551286430090e-01 1.279016841147018746e-01 6.885525716886663483e-01 1.758079198907601393e-01 7.737824305871643035e-03 0.000000000000000000e+00
7.800000000000000000e+04 3.120107238714084907e-01 1.291533909877105035e-01 6.876422394173873354e-01 1.745562130177514826e-01 8.648156577150659455e-03 0.000000000000000000e+00
7.850000000000000000e+04 3.140107926141739725e-01 1.300637232589895442e-01 6.863905325443786509e-01 1.762630860263996457e-01 7.282658170232134826e-03 0.000000000000000000e+00
7.900000000000000000e+04 3.160108613569394542e-01 1.305188893946290507e-01 6.830905780609922706e-01 1.795630405097860816e-01 6.827492034592626616e-03 0.000000000000000000e+00
7.950000000000000000e+04 3.180109300997049360e-01 1.325671370050068298e-01 6.816112881201638052e-01 1.792216659080564378e-01 6.599908966772872511e-03 0.000000000000000000e+00
8.000000000000000000e+04 3.200109988424701957e-01 1.391670459717797015e-01 6.775147928994083024e-01 1.777423759672280279e-01 5.575785161583977738e-03 0.000000000000000000e+00
8.050000000000000000e+04 3.220110675852356774e-01 1.376877560309512916e-01 6.771734182976786309e-01 1.781975421028675344e-01 6.941283568502503235e-03 0.000000000000000000e+00
8.100000000000000000e+04 3.240111363280011592e-01 1.390532544378698110e-01 6.718252162039144437e-01 1.816112881201638607e-01 7.510241238051888930e-03 0.000000000000000000e+00
8.150000000000000000e+04 3.260112050707666409e-01 1.407601274465179741e-01 6.762630860263996180e-01 1.774010013654984119e-01 5.575785161583977738e-03 0.000000000000000000e+00
8.200000000000000000e+04 3.280112738135321226e-01 1.467910787437414766e-01 6.655666818388711325e-01 1.810423304506144637e-01 6.599908966772872511e-03 0.000000000000000000e+00
8.250000000000000000e+04 3.300113425562976044e-01 1.523668639053254448e-01 6.488393263541192280e-01 1.913973600364132777e-01 7.396449704142011444e-03 0.000000000000000000e+00
8.300000000000000000e+04 3.320114112990628641e-01 1.632908511606736557e-01 6.360946745562130467e-01 1.965179790623577671e-01 4.096495220755575623e-03 0.000000000000000000e+00
8.350000000000000000e+04 3.340114800418283458e-01 1.694355939918070209e-01 5.860263996358671124e-01 2.402139280837505553e-01 4.324078288575329727e-03 0.000000000000000000e+00
8.400000000000000000e+04 3.360115487845938276e-01 1.814974965862539702e-01 5.702093764223942207e-01 2.424897587619481154e-01 5.803368229403732710e-03 0.000000000000000000e+00
8.450000000000000000e+04 3.380116175273593093e-01 1.771734182976786587e-01 5.994538006372326366e-01 2.177969959035047920e-01 5.575785161583977738e-03 0.000000000000000000e+00
8.500000000000000000e+04 3.400116862701247911e-01 1.789940828402366846e-01 5.888711879836140417e-01 2.255348202093764298e-01 6.599908966772872511e-03 0.000000000000000000e+00
8.550000000000000000e+04 3.420117550128900508e-01 1.788802913063268218e-01 5.912608101957214091e-01 2.234865725989986229e-01 6.372325898953117539e-03 0.000000000000000000e+00
8.600000000000000000e+04 3.440118237556555325e-01 1.787664997724169313e-01 5.908056440600819581e-01 2.255348202093764298e-01 4.893035958124715423e-03 0.000000000000000000e+00
8.650000000000000000e+04 3.460118924984210143e-01 1.794492489758761911e-01 5.929676832043695445e-01 2.214383249886208438e-01 6.144742831133363434e-03 0.000000000000000000e+00
8.700000000000000000e+04 3.480119612411864960e-01 1.812699135184342170e-01 5.869367319071461253e-01 2.266727355484751960e-01 5.120619025944469528e-03 0.000000000000000000e+00
8.750000000000000000e+04 3.500120299839519777e-01 1.791078743741465751e-01 5.857988165680473314e-01 2.276968593536640995e-01 7.396449704142011444e-03 0.000000000000000000e+00
8.800000000000000000e+04 3.520120987267172374e-01 1.778561675011379184e-01 5.842057350933090865e-01 2.320209376422394110e-01 5.917159763313609329e-03 0.000000000000000000e+00
8.850000000000000000e+04 3.540121674694827192e-01 1.875284478834774726e-01 5.762403277196176399e-01 2.306554392353208915e-01 5.575785161583977738e-03 0.000000000000000000e+00
8.900000000000000000e+04 3.560122362122482009e-01 1.781975421028675344e-01 5.774920345926263243e-01 2.365725989986345035e-01 7.737824305871643035e-03 0.000000000000000000e+00
8.950000000000000000e+04 3.580123049550136827e-01 1.828629949931725174e-01 5.778334091943558848e-01 2.332726445152480677e-01 6.030951297223486815e-03 0.000000000000000000e+00
9.000000000000000000e+04 3.600123736977791644e-01 1.837733272644515303e-01 5.757851615839781889e-01 2.332726445152480677e-01 7.168866636322257339e-03 0.000000000000000000e+00
9.050000000000000000e+04 3.620124424405444241e-01 1.849112426035502965e-01 5.719162494310423561e-01 2.355484751934456000e-01 7.624032771961766417e-03 0.000000000000000000e+00
9.100000000000000000e+04 3.640125111833099059e-01 1.875284478834774726e-01 5.724852071005916976e-01 2.348657259899863403e-01 5.120619025944469528e-03 0.000000000000000000e+00
9.150000000000000000e+04 3.660125799260753876e-01 1.879836140191169791e-01 5.652025489303595940e-01 2.413518434228493492e-01 5.461993627674101119e-03 0.000000000000000000e+00
9.200000000000000000e+04 3.680126486688408693e-01 1.908284023668639084e-01 5.683887118798361948e-01 2.354346836595357373e-01 5.348202093764223633e-03 0.000000000000000000e+00
9.250000000000000000e+04 3.700127174116063511e-01 1.952662721893491105e-01 5.820436959490213891e-01 2.152935821574874786e-01 7.396449704142011444e-03 0.000000000000000000e+00
9.300000000000000000e+04 3.720127861543718328e-01 1.875284478834774726e-01 6.294947655894401750e-01 1.764906690942193990e-01 6.486117432862995025e-03 0.000000000000000000e+00
9.350000000000000000e+04 3.740128548971370925e-01 1.602184797451069731e-01 6.892353208921255803e-01 1.422394173873463841e-01 8.306781975421027864e-03 0.000000000000000000e+00
9.400000000000000000e+04 3.760129236399025743e-01 1.519116977696859383e-01 6.949248975876194390e-01 1.461083295402822169e-01 7.055075102412380721e-03 0.000000000000000000e+00
9.450000000000000000e+04 3.780129923826680560e-01 1.533909877105143482e-01 6.939007737824305355e-01 1.471324533454710926e-01 5.575785161583977738e-03 0.000000000000000000e+00
9.500000000000000000e+04 3.800130611254335378e-01 1.556668183887118806e-01 6.899180700955849233e-01 1.479289940828402428e-01 6.486117432862995025e-03 0.000000000000000000e+00
9.550000000000000000e+04 3.820131298681990195e-01 1.554392353208921274e-01 6.925352753755120716e-01 1.469048702776513393e-01 5.120619025944469528e-03 0.000000000000000000e+00
9.600000000000000000e+04 3.840131986109642792e-01 1.562357760582612776e-01 6.908284023668639362e-01 1.483841602184797492e-01 4.551661356395083832e-03 0.000000000000000000e+00
9.650000000000000000e+04 3.860132673537297610e-01 1.568047337278106468e-01 6.912835685025033872e-01 1.459945380063723264e-01 5.917159763313609329e-03 0.000000000000000000e+00
9.700000000000000000e+04 3.880133360964952427e-01 1.603322712790168358e-01 6.792216659080564378e-01 1.546426945835229771e-01 5.803368229403732710e-03 0.000000000000000000e+00
9.750000000000000000e+04 3.900134048392605024e-01 1.618115612198452458e-01 6.912835685025033872e-01 1.424670004551661373e-01 4.437869822485207214e-03 0.000000000000000000e+00
9.800000000000000000e+04 3.920134735820262062e-01 1.635184342284934089e-01 7.769685935366408280e-01 5.473372781065088954e-02 4.779244424214838804e-03 0.000000000000000000e+00
9.850000000000000000e+04 3.940135423247916879e-01 1.400773782430587144e-01 8.119025944469731026e-01 4.494765589440145870e-02 3.072371415566681717e-03 0.000000000000000000e+00
9.900000000000000000e+04 3.960136110675569476e-01 1.390532544378698110e-01 8.144060081929904715e-01 4.380974055530268557e-02 2.730996813837050560e-03 0.000000000000000000e+00
9.950000000000000000e+04 3.980136798103222073e-01 1.314292216659080637e-01 8.238507055075102725e-01 4.187528447883477611e-02 2.844788347746927612e-03 0.000000000000000000e+00
1.000000000000000000e+05 4.000137485530879111e-01 1.273327264451524776e-01 8.408056440600819581e-01 3.026854802002730896e-02 1.593081474738279385e-03 0.000000000000000000e+00
1.005000000000000000e+05 4.020138172958533929e-01 1.261948111060537114e-01 8.385298133818843702e-01 3.402366863905325473e-02 1.251706873008648227e-03 0.000000000000000000e+00
1.010000000000000000e+05 4.040138860386186526e-01 1.248293126991351781e-01 8.387573964497041512e-01 3.447883477469276120e-02 1.934456076467910759e-03 0.000000000000000000e+00
1.015000000000000000e+05 4.060139547813841343e-01 1.227810650887573990e-01 8.433090578060992160e-01 3.243058716431497512e-02 1.479289940828402332e-03 0.000000000000000000e+00
1.020000000000000000e+05 4.080140235241496161e-01 1.209604005461993592e-01 8.512744651797906625e-01 2.628584433318160996e-02 1.479289940828402332e-03 0.000000000000000000e+00
1.025000000000000000e+05 4.100140922669153198e-01 1.201638598088302229e-01 8.499089667728720876e-01 2.856167501137915274e-02 1.365498406918525280e-03 0.000000000000000000e+00
1.030000000000000000e+05 4.120141610096805795e-01 1.197086936731907164e-01 8.513882567137005530e-01 2.765134274010013632e-02 1.251706873008648227e-03 0.000000000000000000e+00
1.035000000000000000e+05 4.140142297524458392e-01 1.199362767410104696e-01 8.513882567137005530e-01 2.765134274010013632e-02 1.024123805188893906e-03 0.000000000000000000e+00
1.040000000000000000e+05 4.160142984952113210e-01 1.209604005461993592e-01 8.501365498406918686e-01 2.776513427401001294e-02 1.137915339098770958e-03 0.000000000000000000e+00
1.045000000000000000e+05 4.180143672379770248e-01 1.191397360036413333e-01 8.516158397815202230e-01 2.776513427401001294e-02 1.479289940828402332e-03 0.000000000000000000e+00
1.050000000000000000e+05 4.200144359807422845e-01 1.207328174783796060e-01 8.512744651797906625e-01 2.719617660446062984e-02 7.965407373691396923e-04 0.000000000000000000e+00
1.055000000000000000e+05 4.220145047235075442e-01 1.203914428766499761e-01 8.528675466545289074e-01 2.583067819754210348e-02 9.103322712790168532e-04 0.000000000000000000e+00
1.060000000000000000e+05 4.240145734662732480e-01 1.214155666818388657e-01 8.512744651797906625e-01 2.685480200273099652e-02 4.551661356395084266e-04 0.000000000000000000e+00
1.065000000000000000e+05 4.260146422090387297e-01 1.213017751479289891e-01 8.540054619936277014e-01 2.401001365498407064e-02 6.827492034592626399e-04 0.000000000000000000e+00
1.070000000000000000e+05 4.280147109518039894e-01 1.208466090122894826e-01 8.535502958579881394e-01 2.469276285844333035e-02 9.103322712790168532e-04 0.000000000000000000e+00
1.075000000000000000e+05 4.300147796945692491e-01 1.210741920801092358e-01 8.550295857988166048e-01 2.332726445152480746e-02 5.689576695493854790e-04 0.000000000000000000e+00
1.080000000000000000e+05 4.320148484373349529e-01 1.222121074192080159e-01 8.551433773327264953e-01 2.173418297678652786e-02 9.103322712790168532e-04 0.000000000000000000e+00
1.085000000000000000e+05 4.340149171801004346e-01 1.210741920801092358e-01 8.549157942649067143e-01 2.321347291761493084e-02 7.965407373691396923e-04 0.000000000000000000e+00
1.090000000000000000e+05 4.360149859228656943e-01 1.227810650887573990e-01 8.533227127901683584e-01 2.355484751934456070e-02 3.413746017296313199e-04 0.000000000000000000e+00
1.095000000000000000e+05 4.380150546656311761e-01 1.210741920801092358e-01 8.537778789258079204e-01 2.480655439235321044e-02 3.413746017296313199e-04 0.000000000000000000e+00
1.100000000000000000e+05 4.400151234083966578e-01 1.227810650887573990e-01 8.528675466545289074e-01 2.389622212107419055e-02 4.551661356395084266e-04 0.000000000000000000e+00
1.105000000000000000e+05 4.420151921511623616e-01 1.220983158852981393e-01 8.532089212562585789e-01 2.378243058716431393e-02 9.103322712790168532e-04 0.000000000000000000e+00
1.110000000000000000e+05 4.440152608939276213e-01 1.228948566226672756e-01 8.528675466545289074e-01 2.321347291761493084e-02 1.024123805188893906e-03 0.000000000000000000e+00
1.115000000000000000e+05 4.460153296366928810e-01 1.219845243513882627e-01 8.536640873918980299e-01 2.355484751934456070e-02 7.965407373691396923e-04 0.000000000000000000e+00
1.120000000000000000e+05 4.480153983794583628e-01 1.216431497496586189e-01 8.519572143832498945e-01 2.571688666363222686e-02 6.827492034592626399e-04 0.000000000000000000e+00
1.125000000000000000e+05 4.500154671222240665e-01 1.318843878015475701e-01 7.977924442421483464e-01 6.895766954938552240e-02 1.365498406918525280e-03 0.000000000000000000e+00
1.130000000000000000e+05 4.520155358649893262e-01 1.359808830223031284e-01 7.236003641329085134e-01 1.385980883022303045e-01 1.820664542558033706e-03 0.000000000000000000e+00
1.135000000000000000e+05 4.540156046077545859e-01 1.363222576240327721e-01 7.270141101502047842e-01 1.351843422849340060e-01 1.479289940828402332e-03 0.000000000000000000e+00
