# itime ezz other fcc hcp bcc ico
0.000000000000000000e+00 0.000000000000000000e+00 0.000000000000000000e+00 1.000000000000000000e+00 0.000000000000000000e+00 0.000000000000000000e+00 0.000000000000000000e+00
2.500000000000000000e+03 9.999998850455549260e-03 0.000000000000000000e+00 1.000000000000000000e+00 0.000000000000000000e+00 0.000000000000000000e+00 0.000000000000000000e+00
5.000000000000000000e+03 1.999999770091109852e-02 0.000000000000000000e+00 1.000000000000000000e+00 0.000000000000000000e+00 0.000000000000000000e+00 0.000000000000000000e+00
7.500000000000000000e+03 2.999999655136642573e-02 0.000000000000000000e+00 1.000000000000000000e+00 0.000000000000000000e+00 0.000000000000000000e+00 0.000000000000000000e+00
1.000000000000000000e+04 3.999999540182197499e-02 0.000000000000000000e+00 1.000000000000000000e+00 0.000000000000000000e+00 0.000000000000000000e+00 0.000000000000000000e+00
1.250000000000000000e+04 4.999999425227752425e-02 0.000000000000000000e+00 1.000000000000000000e+00 0.000000000000000000e+00 0.000000000000000000e+00 0.000000000000000000e+00
1.500000000000000000e+04 5.999999310273307351e-02 0.000000000000000000e+00 1.000000000000000000e+00 0.000000000000000000e+00 0.000000000000000000e+00 0.000000000000000000e+00
1.750000000000000000e+04 6.999999195318862277e-02 6.827492034592626399e-04 9.993172507965407680e-01 0.000000000000000000e+00 0.000000000000000000e+00 0.000000000000000000e+00
2.000000000000000000e+04 7.999999080364394999e-02 3.413746017296313199e-04 9.996586253982703285e-01 0.000000000000000000e+00 0.000000000000000000e+00 0.000000000000000000e+00
2.250000000000000000e+04 8.999998965409949925e-02 5.689576695493854790e-04 9.994310423304506585e-01 0.000000000000000000e+00 0.000000000000000000e+00 0.000000000000000000e+00
2.500000000000000000e+04 9.999998850455504851e-02 3.868912152935821518e-03 9.956759217114247162e-01 0.000000000000000000e+00 4.551661356395084266e-04 0.000000000000000000e+00
2.750000000000000000e+04 1.099999873550105978e-01 5.587164314974965573e-02 8.348884842967683184e-01 0.000000000000000000e+00 1.092398725534820259e-01 0.000000000000000000e+00
3.000000000000000000e+04 1.199999862054659250e-01 1.283568502503413811e-01 6.908284023668639362e-01 1.768320436959490149e-01 3.982703686845699004e-03 0.000000000000000000e+00
3.250000000000000000e+04 1.299999850559214742e-01 1.232362312243969055e-01 6.811561219845243542e-01 1.912835685025034149e-01 4.324078288575329727e-03 0.000000000000000000e+00
3.500000000000000000e+04 1.399999839063770235e-01 1.186845698680018268e-01 6.913973600364132777e-01 1.862767410104688159e-01 3.641329085116067413e-03 0.000000000000000000e+00
3.750000000000000000e+04 1.499999827568325728e-01 1.207328174783796060e-01 6.939007737824305355e-01 1.803595812471552040e-01 5.006827492034592909e-03 0.000000000000000000e+00
4.000000000000000000e+04 1.599999816072881220e-01 1.198224852071005930e-01 6.943559399180700975e-01 1.805871643149749572e-01 5.234410559854347014e-03 0.000000000000000000e+00
4.250000000000000000e+04 1.699999804577434492e-01 1.338188438780154865e-01 6.776285844333181929e-01 1.836595357305416398e-01 4.893035958124715423e-03 0.000000000000000000e+00
4.500000000000000000e+04 1.799999793081989985e-01 1.219845243513882627e-01 6.909421939007738267e-01 1.796768320436959443e-01 7.396449704142011444e-03 0.000000000000000000e+00
4.750000000000000000e+04 1.899999781586545478e-01 1.194811106053709632e-01 6.847974510696404060e-01 1.907146108329540179e-01 5.006827492034592909e-03 0.000000000000000000e+00
5.000000000000000000e+04 1.999999770091100970e-01 1.296085571233500100e-01 6.552116522530723186e-01 2.081247155211652378e-01 7.055075102412380721e-03 0.000000000000000000e+00
5.250000000000000000e+04 2.099999758595656463e-01 1.275603095129722309e-01 6.538461538461538547e-01 2.147246244879381094e-01 3.868912152935821518e-03 0.000000000000000000e+00
5.500000000000000000e+04 2.199999747100209735e-01 1.339326354119253493e-01 6.453117888029130667e-01 2.140418752844788219e-01 6.713700500682749130e-03 0.000000000000000000e+00
5.750000000000000000e+04 2.299999735604765227e-01 1.385980883022303045e-01 6.455393718707328476e-01 2.074419663177059503e-01 8.420573509330906217e-03 0.000000000000000000e+00
6.000000000000000000e+04 2.399999724109320720e-01 1.532771961766044577e-01 6.324533454710969949e-01 2.083522985889849910e-01 5.917159763313609329e-03 0.000000000000000000e+00
6.250000000000000000e+04 2.499999712613876213e-01 1.301775147928994070e-01 6.613563950842057393e-01 2.044833864360491582e-01 3.982703686845699004e-03 0.000000000000000000e+00
6.500000000000000000e+04 2.599999701118429485e-01 1.272189349112426149e-01 6.618115612198451903e-01 2.069868001820664438e-01 3.982703686845699004e-03 0.000000000000000000e+00
6.750000000000000000e+04 2.699999689622984977e-01 1.415566681838871244e-01 6.629494765589439842e-01 1.926490669094219343e-01 2.844788347746927612e-03 0.000000000000000000e+00
7.000000000000000000e+04 2.799999678127540470e-01 1.143604915794264876e-01 7.134729176149294805e-01 1.644287664997724219e-01 7.737824305871643035e-03 0.000000000000000000e+00
7.250000000000000000e+04 2.899999666632095963e-01 1.233500227583067821e-01 7.099453800637232082e-01 1.593081474738279601e-01 7.396449704142011444e-03 0.000000000000000000e+00
7.500000000000000000e+04 2.999999655136651455e-01 1.249431042330450548e-01 7.047109695038689114e-01 1.621529358215748617e-01 8.192990441511151245e-03 0.000000000000000000e+00
7.750000000000000000e+04 3.099999643641204727e-01 1.279016841147018746e-01 6.885525716886663483e-01 1.758079198907601393e-01 7.737824305871643035e-03 0.000000000000000000e+00
8.000000000000000000e+04 3.199999632145760220e-01 1.391670459717797015e-01 6.775147928994083024e-01 1.777423759672280279e-01 5.575785161583977738e-03 0.000000000000000000e+00
8.250000000000000000e+04 3.299999620650315713e-01 1.523668639053254448e-01 6.488393263541192280e-01 1.913973600364132777e-01 7.396449704142011444e-03 0.000000000000000000e+00
8.500000000000000000e+04 3.399999609154871205e-01 1.789940828402366846e-01 5.888711879836140417e-01 2.255348202093764298e-01 6.599908966772872511e-03 0.000000000000000000e+00
8.750000000000000000e+04 3.499999597659426698e-01 1.791078743741465751e-01 5.857988165680473314e-01 2.276968593536640995e-01 7.396449704142011444e-03 0.000000000000000000e+00
9.000000000000000000e+04 3.599999586163979970e-01 1.837733272644515303e-01 5.757851615839781889e-01 2.332726445152480677e-01 7.168866636322257339e-03 0.000000000000000000e+00
9.250000000000000000e+04 3.699999574668535463e-01 1.952662721893491105e-01 5.820436959490213891e-01 2.152935821574874786e-01 7.396449704142011444e-03 0.000000000000000000e+00
9.500000000000000000e+04 3.799999563173090955e-01 1.556668183887118806e-01 6.899180700955849233e-01 1.479289940828402428e-01 6.486117432862995025e-03 0.000000000000000000e+00
9.750000000000000000e+04 3.899999551677646448e-01 1.618115612198452458e-01 6.912835685025033872e-01 1.424670004551661373e-01 4.437869822485207214e-03 0.000000000000000000e+00
1.000000000000000000e+05 3.999999540182201940e-01 1.273327264451524776e-01 8.408056440600819581e-01 3.026854802002730896e-02 1.593081474738279385e-03 0.000000000000000000e+00
1.025000000000000000e+05 4.099999528686755212e-01 1.201638598088302229e-01 8.499089667728720876e-01 2.856167501137915274e-02 1.365498406918525280e-03 0.000000000000000000e+00
1.050000000000000000e+05 4.199999517191310705e-01 1.207328174783796060e-01 8.512744651797906625e-01 2.719617660446062984e-02 7.965407373691396923e-04 0.000000000000000000e+00
1.075000000000000000e+05 4.299999505695866198e-01 1.210741920801092358e-01 8.550295857988166048e-01 2.332726445152480746e-02 5.689576695493854790e-04 0.000000000000000000e+00
1.100000000000000000e+05 4.399999494200421690e-01 1.227810650887573990e-01 8.528675466545289074e-01 2.389622212107419055e-02 4.551661356395084266e-04 0.000000000000000000e+00
1.125000000000000000e+05 4.499999482704974962e-01 1.318843878015475701e-01 7.977924442421483464e-01 6.895766954938552240e-02 1.365498406918525280e-03 0.000000000000000000e+00
1.150000000000000000e+05 4.599999471209530455e-01 1.359808830223031284e-01 7.053937187073281434e-01 1.544151115157032239e-01 4.210286754665453109e-03 0.000000000000000000e+00
1.175000000000000000e+05 4.699999459714085948e-01 1.379153390987710448e-01 6.781975421028675344e-01 1.786527082385070686e-01 5.234410559854347014e-03 0.000000000000000000e+00
1.200000000000000000e+05 4.799999448218641440e-01 1.376877560309512916e-01 6.643149749658625591e-01 1.925352753755120716e-01 5.461993627674101119e-03 0.000000000000000000e+00
1.225000000000000000e+05 4.899999436723196933e-01 1.425807919890760000e-01 6.177742375967227861e-01 2.335002275830678209e-01 6.144742831133363434e-03 0.000000000000000000e+00
1.250000000000000000e+05 4.999999425227750205e-01 1.382567137005006885e-01 5.961538461538461453e-01 2.577378243058716656e-01 7.851615839781519654e-03 0.000000000000000000e+00
1.275000000000000000e+05 5.099999413732305698e-01 1.422394173873463841e-01 5.897815202548930547e-01 2.609239872553482109e-01 7.055075102412380721e-03 0.000000000000000000e+00
1.300000000000000000e+05 5.199999402236861190e-01 1.432635411925352875e-01 5.804506144742831442e-01 2.657032316795630567e-01 1.058261265361857065e-02 0.000000000000000000e+00
1.325000000000000000e+05 5.299999390741416683e-01 1.489531178880291185e-01 5.664542558033682784e-01 2.790168411470186349e-01 5.575785161583977738e-03 0.000000000000000000e+00
1.350000000000000000e+05 5.399999379245972175e-01 1.370050068274920319e-01 5.555302685480200120e-01 3.016613563950841792e-01 5.803368229403732710e-03 0.000000000000000000e+00
1.375000000000000000e+05 5.499999367750525447e-01 1.404187528447883582e-01 5.886436049157942607e-01 2.659308147473827821e-01 5.006827492034592909e-03 0.000000000000000000e+00
1.400000000000000000e+05 5.599999356255080940e-01 1.424670004551661373e-01 6.008192990441511006e-01 2.514792899408284099e-01 5.234410559854347014e-03 0.000000000000000000e+00
1.425000000000000000e+05 5.699999344759636433e-01 1.453117888029130667e-01 6.503186162949476934e-01 1.987938097405552995e-01 5.575785161583977738e-03 0.000000000000000000e+00
1.450000000000000000e+05 5.799999333264191925e-01 1.418980427856167403e-01 6.431497496586253693e-01 2.097177969959035104e-01 5.234410559854347014e-03 0.000000000000000000e+00
1.475000000000000000e+05 5.899999321768745197e-01 1.413290851160673711e-01 6.383705052344105235e-01 2.152935821574874786e-01 5.006827492034592909e-03 0.000000000000000000e+00
1.500000000000000000e+05 5.999999310273300690e-01 1.418980427856167403e-01 6.383705052344105235e-01 2.138142922166590687e-01 5.917159763313609329e-03 0.000000000000000000e+00
1.525000000000000000e+05 6.099999298777856183e-01 1.458807464724624359e-01 6.375739644970414011e-01 2.111970869367319203e-01 5.348202093764223633e-03 0.000000000000000000e+00
1.550000000000000000e+05 6.199999287282411675e-01 1.544151115157032239e-01 6.066226672735548497e-01 2.338416021847974646e-01 5.120619025944469528e-03 0.000000000000000000e+00
1.575000000000000000e+05 6.299999275786967168e-01 1.555530268548019901e-01 6.045744196631770428e-01 2.361174328629949970e-01 3.755120619025944465e-03 0.000000000000000000e+00
1.600000000000000000e+05 6.399999264291520440e-01 1.603322712790168358e-01 6.046882111970869333e-01 2.291761492944924816e-01 5.803368229403732710e-03 0.000000000000000000e+00
1.625000000000000000e+05 6.499999252796075933e-01 1.640873918980427781e-01 6.094674556213017791e-01 2.231451979972690070e-01 3.299954483386436255e-03 0.000000000000000000e+00
1.650000000000000000e+05 6.599999241300631425e-01 1.660218479745106945e-01 5.979745106964041712e-01 2.304278561675011383e-01 5.575785161583977738e-03 0.000000000000000000e+00
1.675000000000000000e+05 6.699999229805186918e-01 1.662494310423304478e-01 6.078743741465635342e-01 2.173418297678652578e-01 8.534365043240782836e-03 0.000000000000000000e+00
1.700000000000000000e+05 6.799999218309742410e-01 1.579426490669094130e-01 5.655439235320892655e-01 2.652480655439235502e-01 1.126536185707783383e-02 0.000000000000000000e+00
1.725000000000000000e+05 6.899999206814295682e-01 1.603322712790168358e-01 5.549613108784706705e-01 2.771961766044606090e-01 7.510241238051888930e-03 0.000000000000000000e+00
1.750000000000000000e+05 6.999999195318851175e-01 1.652253072371415443e-01 6.514565316340463763e-01 1.760355029585798925e-01 7.282658170232134826e-03 0.000000000000000000e+00
1.775000000000000000e+05 7.099999183823406668e-01 1.654528903049612976e-01 6.571461083295402350e-01 1.720527992717341692e-01 5.348202093764223633e-03 0.000000000000000000e+00
1.800000000000000000e+05 7.199999172327962160e-01 1.480427856167501055e-01 6.569185252617205650e-01 1.911697769685935244e-01 3.868912152935821518e-03 0.000000000000000000e+00
1.825000000000000000e+05 7.299999160832517653e-01 1.454255803368229294e-01 6.649977241693217911e-01 1.865043240782885692e-01 3.072371415566681717e-03 0.000000000000000000e+00
1.850000000000000000e+05 7.399999149337070925e-01 1.438324988620846567e-01 6.638598088302229971e-01 1.886663632225762388e-01 3.641329085116067413e-03 0.000000000000000000e+00
1.875000000000000000e+05 7.499999137841626418e-01 1.478152025489303523e-01 6.613563950842057393e-01 1.870732817478379661e-01 3.755120619025944465e-03 0.000000000000000000e+00
1.900000000000000000e+05 7.599999126346181910e-01 1.517979062357760478e-01 6.514565316340463763e-01 1.929904415111515781e-01 3.755120619025944465e-03 0.000000000000000000e+00
1.925000000000000000e+05 7.699999114850737403e-01 1.470186618115612298e-01 6.563495675921711126e-01 1.920801092398725651e-01 4.551661356395083832e-03 0.000000000000000000e+00
1.950000000000000000e+05 7.799999103355290675e-01 1.535047792444242110e-01 6.471324533454710926e-01 1.957214383249886169e-01 3.641329085116067413e-03 0.000000000000000000e+00
1.975000000000000000e+05 7.899999091859846168e-01 1.537323623122439642e-01 6.393946290395994270e-01 2.025489303595812418e-01 4.324078288575329727e-03 0.000000000000000000e+00
2.000000000000000000e+05 7.999999080364401660e-01 1.554392353208921274e-01 6.381429221665908535e-01 2.025489303595812418e-01 3.868912152935821518e-03 0.000000000000000000e+00
2.025000000000000000e+05 8.099999068868957153e-01 1.360946745562130189e-01 8.459262630860263643e-01 1.627218934911242587e-02 1.706873008648156654e-03 0.000000000000000000e+00
2.050000000000000000e+05 8.199999057373512645e-01 1.176604460628129234e-01 8.640191169776968438e-01 1.718252162039144229e-02 1.137915339098770958e-03 0.000000000000000000e+00
2.075000000000000000e+05 8.299999045878065917e-01 1.187983614019117035e-01 8.627674101046881594e-01 1.741010468821119553e-02 1.024123805188893906e-03 0.000000000000000000e+00
2.100000000000000000e+05 8.399999034382621410e-01 1.190259444697314567e-01 8.626536185707783799e-01 1.706873008648156567e-02 1.251706873008648227e-03 0.000000000000000000e+00
2.125000000000000000e+05 8.499999022887176903e-01 1.183431952662721831e-01 8.634501593081475024e-01 1.684114701866181243e-02 1.365498406918525280e-03 0.000000000000000000e+00
2.150000000000000000e+05 8.599999011391732395e-01 1.206190259444697294e-01 8.608329540282203540e-01 1.661356395084205573e-02 1.934456076467910759e-03 0.000000000000000000e+00
2.175000000000000000e+05 8.699998999896287888e-01 1.240327719617660418e-01 8.578743741465635342e-01 1.672735548475193582e-02 1.365498406918525280e-03 0.000000000000000000e+00
2.200000000000000000e+05 8.799998988400841160e-01 1.243741465634956717e-01 8.570778334091943007e-01 1.763768775603095224e-02 9.103322712790168532e-04 0.000000000000000000e+00
2.225000000000000000e+05 8.899998976905396653e-01 1.289258079198907503e-01 8.279472007282657753e-01 4.073736913973600299e-02 2.389622212107419402e-03 0.000000000000000000e+00
2.250000000000000000e+05 8.999998965409952145e-01 1.201638598088302229e-01 5.100136549840691425e-01 3.687983614019116896e-01 1.024123805188893906e-03 0.000000000000000000e+00
2.275000000000000000e+05 9.099998953914507638e-01 1.198224852071005930e-01 5.061447428311333097e-01 3.727810650887574129e-01 1.251706873008648227e-03 0.000000000000000000e+00
2.300000000000000000e+05 9.199998942419060910e-01 1.182294037323623065e-01 5.097860719162494725e-01 3.709604005461993870e-01 1.024123805188893906e-03 0.000000000000000000e+00
2.325000000000000000e+05 9.299998930923616403e-01 1.182294037323623065e-01 5.060309512972235302e-01 3.750568957669549452e-01 6.827492034592626399e-04 0.000000000000000000e+00
2.350000000000000000e+05 9.399998919428171895e-01 1.224396904870277691e-01 4.899863450159308020e-01 3.840464269458352398e-01 3.527537551206190360e-03 0.000000000000000000e+00
2.375000000000000000e+05 9.499998907932727388e-01 1.210741920801092358e-01 4.853208921256258468e-01 3.899635867091488239e-01 3.641329085116067413e-03 0.000000000000000000e+00
2.400000000000000000e+05 9.599998896437282880e-01 1.251706873008648080e-01 4.790623577605825911e-01 3.916704597177970149e-01 4.096495220755575623e-03 0.000000000000000000e+00
2.425000000000000000e+05 9.699998884941836153e-01 1.208466090122894826e-01 4.806554392353208915e-01 3.961083295402821891e-01 2.389622212107419402e-03 0.000000000000000000e+00
2.450000000000000000e+05 9.799998873446391645e-01 1.162949476558944040e-01 4.833864360491579304e-01 3.965634956759216956e-01 3.755120619025944465e-03 0.000000000000000000e+00
2.475000000000000000e+05 9.899998861950947138e-01 1.182294037323623065e-01 4.827036868456986984e-01 3.957669549385525731e-01 3.299954483386436255e-03 0.000000000000000000e+00
2.500000000000000000e+05 9.999998850455502630e-01 1.299499317250796537e-01 4.713245334547109811e-01 3.860946745562129911e-01 1.263086026399635846e-02 0.000000000000000000e+00
