# itime ezz other fcc hcp bcc ico
0.000000000000000000e+00 0.000000000000000000e+00 0.000000000000000000e+00 1.000000000000000000e+00 0.000000000000000000e+00 0.000000000000000000e+00 0.000000000000000000e+00
2.500000000000000000e+03 1.000007492668730791e-02 0.000000000000000000e+00 1.000000000000000000e+00 0.000000000000000000e+00 0.000000000000000000e+00 0.000000000000000000e+00
5.000000000000000000e+03 2.000014985337483786e-02 0.000000000000000000e+00 1.000000000000000000e+00 0.000000000000000000e+00 0.000000000000000000e+00 0.000000000000000000e+00
7.500000000000000000e+03 3.000022478006214577e-02 0.000000000000000000e+00 1.000000000000000000e+00 0.000000000000000000e+00 0.000000000000000000e+00 0.000000000000000000e+00
1.000000000000000000e+04 4.000029970674945368e-02 0.000000000000000000e+00 1.000000000000000000e+00 0.000000000000000000e+00 0.000000000000000000e+00 0.000000000000000000e+00
1.250000000000000000e+04 5.000037463343676158e-02 0.000000000000000000e+00 1.000000000000000000e+00 0.000000000000000000e+00 0.000000000000000000e+00 0.000000000000000000e+00
1.500000000000000000e+04 6.000044956012429154e-02 0.000000000000000000e+00 1.000000000000000000e+00 0.000000000000000000e+00 0.000000000000000000e+00 0.000000000000000000e+00
1.750000000000000000e+04 7.000052448681159944e-02 5.689576695493854790e-04 9.994310423304506585e-01 0.000000000000000000e+00 0.000000000000000000e+00 0.000000000000000000e+00
2.000000000000000000e+04 8.000059941349890735e-02 2.275830678197542133e-04 9.997724169321802190e-01 0.000000000000000000e+00 0.000000000000000000e+00 0.000000000000000000e+00
2.250000000000000000e+04 9.000067434018643731e-02 5.689576695493854790e-04 9.992034592626308775e-01 0.000000000000000000e+00 2.275830678197542133e-04 0.000000000000000000e+00
2.500000000000000000e+04 1.000007492668737452e-01 2.048247610377787811e-03 9.978379608557123026e-01 0.000000000000000000e+00 1.137915339098771066e-04 0.000000000000000000e+00
2.750000000000000000e+04 1.100008241935610531e-01 1.203914428766499761e-01 5.375512061902594230e-01 0.000000000000000000e+00 3.420573509330905870e-01 0.000000000000000000e+00
3.000000000000000000e+04 1.200008991202483610e-01 3.117888029130632538e-02 8.205507510241237812e-01 1.482703686845698587e-01 0.000000000000000000e+00 0.000000000000000000e+00
3.250000000000000000e+04 1.300009740469358910e-01 3.163404642694583185e-02 8.200955848884843302e-01 1.482703686845698587e-01 0.000000000000000000e+00 0.000000000000000000e+00
3.500000000000000000e+04 1.400010489736231989e-01 3.117888029130632538e-02 8.205507510241237812e-01 1.482703686845698587e-01 0.000000000000000000e+00 0.000000000000000000e+00
3.750000000000000000e+04 1.500011239003105068e-01 3.060992262175694228e-02 8.211197086936732337e-01 1.482703686845698587e-01 0.000000000000000000e+00 0.000000000000000000e+00
4.000000000000000000e+04 1.600011988269980368e-01 3.197542102867546865e-02 8.198680018206645492e-01 1.479289940828402428e-01 2.275830678197542133e-04 0.000000000000000000e+00
4.250000000000000000e+04 1.700012737536853447e-01 3.140646335912607862e-02 8.202093764223942207e-01 1.482703686845698587e-01 1.137915339098771066e-04 0.000000000000000000e+00
4.500000000000000000e+04 1.800013486803726526e-01 3.311333636777423484e-02 8.190714610832954268e-01 1.478152025489303523e-01 0.000000000000000000e+00 0.000000000000000000e+00
4.750000000000000000e+04 1.900014236070599605e-01 3.368229403732362487e-02 8.180473372781065233e-01 1.479289940828402428e-01 3.413746017296313199e-04 0.000000000000000000e+00
5.000000000000000000e+04 2.000014985337474904e-01 7.214383249886208160e-02 7.789030496131087444e-01 1.471324533454710926e-01 1.820664542558033706e-03 0.000000000000000000e+00
5.250000000000000000e+04 2.100015734604347983e-01 8.079198907601274626e-02 7.529585798816568198e-01 1.646563495675921751e-01 1.593081474738279385e-03 0.000000000000000000e+00
5.500000000000000000e+04 2.200016483871221062e-01 8.101957214383249950e-02 7.469276285844332897e-01 1.713700500682749095e-01 6.827492034592626399e-04 0.000000000000000000e+00
5.750000000000000000e+04 2.300017233138096362e-01 8.386436049157942885e-02 7.454483386436049352e-01 1.700045516613563901e-01 6.827492034592626399e-04 0.000000000000000000e+00
6.000000000000000000e+04 2.400017982404969441e-01 9.091943559399180697e-02 7.411242603550295405e-01 1.664770141101502010e-01 1.479289940828402332e-03 0.000000000000000000e+00
6.250000000000000000e+04 2.500018731671842520e-01 8.932635411925353430e-02 7.446517979062358128e-01 1.646563495675921751e-01 1.365498406918525280e-03 0.000000000000000000e+00
6.500000000000000000e+04 2.600019480938715599e-01 1.033227127901684139e-01 7.173418297678653133e-01 1.748975876194810986e-01 4.437869822485207214e-03 0.000000000000000000e+00
6.750000000000000000e+04 2.700020230205590899e-01 1.149294492489758707e-01 7.131315430131998090e-01 1.694355939918070209e-01 2.503413746017296455e-03 0.000000000000000000e+00
7.000000000000000000e+04 2.800020979472463978e-01 1.285844333181611343e-01 6.645425580336823401e-01 2.028903049613108855e-01 3.982703686845699004e-03 0.000000000000000000e+00
7.250000000000000000e+04 2.900021728739337057e-01 1.133363677742375980e-01 7.002730996813837372e-01 1.846836595357305433e-01 1.706873008648156654e-03 0.000000000000000000e+00
7.500000000000000000e+04 3.000022478006212356e-01 1.127674101046882149e-01 7.017523896222120916e-01 1.840009103322712836e-01 1.479289940828402332e-03 0.000000000000000000e+00
7.750000000000000000e+04 3.100023227273085435e-01 1.166363222576240338e-01 6.951524806554392200e-01 1.868456986800182129e-01 1.365498406918525280e-03 0.000000000000000000e+00
8.000000000000000000e+04 3.200023976539958515e-01 1.145880746472462408e-01 6.936731907146108655e-01 1.902594446973145115e-01 1.479289940828402332e-03 0.000000000000000000e+00
8.250000000000000000e+04 3.300024725806831594e-01 1.144742831133363642e-01 6.956076467910787819e-01 1.860491579426490627e-01 3.868912152935821518e-03 0.000000000000000000e+00
8.500000000000000000e+04 3.400025475073706893e-01 1.209604005461993592e-01 6.929904415111515226e-01 1.827492034592626269e-01 3.299954483386436255e-03 0.000000000000000000e+00
8.750000000000000000e+04 3.500026224340579972e-01 1.257396449704142050e-01 6.784251251706873154e-01 1.929904415111515781e-01 2.844788347746927612e-03 0.000000000000000000e+00
9.000000000000000000e+04 3.600026973607453051e-01 1.492944924897587622e-01 6.481565771506599960e-01 1.970869367319071364e-01 5.461993627674101119e-03 0.000000000000000000e+00
9.250000000000000000e+04 3.700027722874328351e-01 1.145880746472462408e-01 7.237141556668184039e-01 1.580564406008193035e-01 3.641329085116067413e-03 0.000000000000000000e+00
9.500000000000000000e+04 3.800028472141201430e-01 1.140191169776968577e-01 7.304278561675011661e-01 1.515703231679562946e-01 3.982703686845699004e-03 0.000000000000000000e+00
9.750000000000000000e+04 3.900029221408074509e-01 1.132225762403277214e-01 7.295175238962221531e-01 1.521392808375056915e-01 5.120619025944469528e-03 0.000000000000000000e+00
1.000000000000000000e+05 4.000029970674949809e-01 1.207328174783796060e-01 7.209831588529813651e-01 1.521392808375056915e-01 6.144742831133363434e-03 0.000000000000000000e+00
1.025000000000000000e+05 4.100030719941822888e-01 1.248293126991351781e-01 7.208693673190714746e-01 1.488393263541192557e-01 5.461993627674101119e-03 0.000000000000000000e+00
1.050000000000000000e+05 4.200031469208693746e-01 1.433773327264451503e-01 6.969731451979972459e-01 1.533909877105143482e-01 6.258534365043240920e-03 0.000000000000000000e+00
1.075000000000000000e+05 4.300032218475569046e-01 1.381429221665907980e-01 7.185935366408738867e-01 1.381429221665907980e-01 5.120619025944469528e-03 0.000000000000000000e+00
1.100000000000000000e+05 4.400032967742444345e-01 1.393946290395994547e-01 7.173418297678653133e-01 1.372325898953117851e-01 6.030951297223486815e-03 0.000000000000000000e+00
1.125000000000000000e+05 4.500033717009317424e-01 1.406463359126081114e-01 7.172280382339554228e-01 1.370050068274920319e-01 5.120619025944469528e-03 0.000000000000000000e+00
1.150000000000000000e+05 4.600034466276188283e-01 1.389394629039599482e-01 7.246244879380974169e-01 1.315430131998179264e-01 4.893035958124715423e-03 0.000000000000000000e+00
1.175000000000000000e+05 4.700035215543063583e-01 1.441738734638143005e-01 7.061902594446972659e-01 1.471324533454710926e-01 2.503413746017296455e-03 0.000000000000000000e+00
1.200000000000000000e+05 4.800035964809938882e-01 1.473600364132908458e-01 7.125625853436504675e-01 1.352981338188438687e-01 4.779244424214838804e-03 0.000000000000000000e+00
1.225000000000000000e+05 4.900036714076811961e-01 1.456531634046426826e-01 7.180245789713245452e-01 1.316568047337278169e-01 4.665452890304961318e-03 0.000000000000000000e+00
1.250000000000000000e+05 5.000037463343685040e-01 1.474738279472007363e-01 7.089212562585344157e-01 1.392808375056895642e-01 4.324078288575329727e-03 0.000000000000000000e+00
1.275000000000000000e+05 5.100038212610560340e-01 1.454255803368229294e-01 7.107419208010924416e-01 1.407601274465179741e-01 3.072371415566681717e-03 0.000000000000000000e+00
1.300000000000000000e+05 5.200038961877433419e-01 1.587391898042785632e-01 6.803595812471552318e-01 1.583978152025489194e-01 2.503413746017296455e-03 0.000000000000000000e+00
1.325000000000000000e+05 5.300039711144306498e-01 1.677287209831588577e-01 6.660218479745106945e-01 1.639736003641329154e-01 2.275830678197541916e-03 0.000000000000000000e+00
1.350000000000000000e+05 5.400040460411179577e-01 1.603322712790168358e-01 6.594219390077378229e-01 1.768320436959490149e-01 3.413746017296313308e-03 0.000000000000000000e+00
1.375000000000000000e+05 5.500041209678054877e-01 1.602184797451069731e-01 6.581702321347291385e-01 1.774010013654984119e-01 4.210286754665453109e-03 0.000000000000000000e+00
1.400000000000000000e+05 5.600041958944930176e-01 1.714838416021848000e-01 6.550978607191625391e-01 1.694355939918070209e-01 3.982703686845699004e-03 0.000000000000000000e+00
1.425000000000000000e+05 5.700042708211801035e-01 1.648839326354119283e-01 6.547564861174328676e-01 1.748975876194810986e-01 5.461993627674101119e-03 0.000000000000000000e+00
1.450000000000000000e+05 5.800043457478674114e-01 2.129039599453800558e-01 5.733955393718707105e-01 2.060764679107874309e-01 7.624032771961766417e-03 0.000000000000000000e+00
1.475000000000000000e+05 5.900044206745549413e-01 1.525944469731451980e-01 6.965179790623577949e-01 1.473600364132908458e-01 3.527537551206190360e-03 0.000000000000000000e+00
1.500000000000000000e+05 6.000044956012424713e-01 1.494082840236686527e-01 6.977696859353663683e-01 1.484979517523896120e-01 4.324078288575329727e-03 0.000000000000000000e+00
1.525000000000000000e+05 6.100045705279295571e-01 1.445152480655439164e-01 7.035730541647701175e-01 1.489531178880291185e-01 2.958579881656804664e-03 0.000000000000000000e+00
1.550000000000000000e+05 6.200046454546168651e-01 1.454255803368229294e-01 6.828629949931724896e-01 1.680700955848884737e-01 3.641329085116067413e-03 0.000000000000000000e+00
1.575000000000000000e+05 6.300047203813043950e-01 1.274465179790623681e-01 6.791078743741465473e-01 1.918525261720528119e-01 1.593081474738279385e-03 0.000000000000000000e+00
1.600000000000000000e+05 6.400047953079919250e-01 1.283568502503413811e-01 6.786527082385070964e-01 1.915111515703231682e-01 1.479289940828402332e-03 0.000000000000000000e+00
1.625000000000000000e+05 6.500048702346790108e-01 1.279016841147018746e-01 6.787664997724169869e-01 1.926490669094219343e-01 6.827492034592626399e-04 0.000000000000000000e+00
1.650000000000000000e+05 6.600049451613663187e-01 1.239189804278561652e-01 6.836595357305416121e-01 1.919663177059626746e-01 4.551661356395084266e-04 0.000000000000000000e+00
1.675000000000000000e+05 6.700050200880538487e-01 1.248293126991351781e-01 6.832043695949021611e-01 1.909421939007737712e-01 1.024123805188893906e-03 0.000000000000000000e+00
1.700000000000000000e+05 6.800050950147413786e-01 1.244879380974055483e-01 6.837733272644515026e-01 1.903732362312244020e-01 1.365498406918525280e-03 0.000000000000000000e+00
1.725000000000000000e+05 6.900051699414286865e-01 1.252844788347746985e-01 6.834319526627219421e-01 1.901456531634046487e-01 1.137915339098770958e-03 0.000000000000000000e+00
1.750000000000000000e+05 7.000052448681157724e-01 1.261948111060537114e-01 6.846836595357305155e-01 1.879836140191169791e-01 1.137915339098770958e-03 0.000000000000000000e+00
1.775000000000000000e+05 7.100053197948033024e-01 1.277878925807919841e-01 6.844560764679107345e-01 1.874146563495675821e-01 3.413746017296313199e-04 0.000000000000000000e+00
1.800000000000000000e+05 7.200053947214908323e-01 1.780837505689576716e-01 5.435821574874829532e-01 2.746927628584433512e-01 3.641329085116067413e-03 0.000000000000000000e+00
1.825000000000000000e+05 7.300054696481781402e-01 1.943559399180700975e-01 5.847746927628584279e-01 2.150659990896677254e-01 5.803368229403732710e-03 0.000000000000000000e+00
1.850000000000000000e+05 7.400055445748652261e-01 1.812699135184342170e-01 6.185707783340919086e-01 1.977696859353663961e-01 2.389622212107419402e-03 0.000000000000000000e+00
1.875000000000000000e+05 7.500056195015527560e-01 1.780837505689576716e-01 6.209604005461993870e-01 1.993627674101046965e-01 1.593081474738279385e-03 0.000000000000000000e+00
1.900000000000000000e+05 7.600056944282402860e-01 1.750113791533909890e-01 6.191397360036413611e-01 2.026627218934911323e-01 3.186162949476558769e-03 0.000000000000000000e+00
1.925000000000000000e+05 7.700057693549275939e-01 1.728493400091033194e-01 6.175466545289030051e-01 2.059626763768775681e-01 3.641329085116067413e-03 0.000000000000000000e+00
1.950000000000000000e+05 7.800058442816146798e-01 1.767182521620391522e-01 6.123122439690487084e-01 2.065316340464269373e-01 4.437869822485207214e-03 0.000000000000000000e+00
1.975000000000000000e+05 7.900059192083022097e-01 1.844560764679107900e-01 6.142467000455166248e-01 1.962903959945380139e-01 5.006827492034592909e-03 0.000000000000000000e+00
2.000000000000000000e+05 8.000059941349897397e-01 1.799044151115156975e-01 6.161811561219845412e-01 1.981110605370960398e-01 5.803368229403732710e-03 0.000000000000000000e+00
2.025000000000000000e+05 8.100060690616770476e-01 1.901456531634046487e-01 6.281292671825216001e-01 1.776285844333181652e-01 4.096495220755575623e-03 0.000000000000000000e+00
2.050000000000000000e+05 8.200061439883643555e-01 1.820664542558033672e-01 6.513427401001365968e-01 1.611288120163859861e-01 5.461993627674101119e-03 0.000000000000000000e+00
2.075000000000000000e+05 8.300062189150518854e-01 1.813837050523441075e-01 6.582840236686390289e-01 1.539599453800637174e-01 6.372325898953117539e-03 0.000000000000000000e+00
2.100000000000000000e+05 8.400062938417394154e-01 1.903732362312244020e-01 6.305188893946290785e-01 1.722803823395539502e-01 6.827492034592626616e-03 0.000000000000000000e+00
2.125000000000000000e+05 8.500063687684265012e-01 1.936731907146108378e-01 6.293809740555302845e-01 1.728493400091033194e-01 4.096495220755575623e-03 0.000000000000000000e+00
2.150000000000000000e+05 8.600064436951138092e-01 1.876422394173873354e-01 6.425807919890760278e-01 1.657942649066909413e-01 3.982703686845699004e-03 0.000000000000000000e+00
2.175000000000000000e+05 8.700065186218013391e-01 1.742148384160218388e-01 6.537323623122439642e-01 1.687528447883477334e-01 3.299954483386436255e-03 0.000000000000000000e+00
2.200000000000000000e+05 8.800065935484888691e-01 1.772872098315885214e-01 6.561219845243514426e-01 1.628356850250341492e-01 3.755120619025944465e-03 0.000000000000000000e+00
2.225000000000000000e+05 8.900066684751759549e-01 1.751251706873008518e-01 6.709148839326354308e-01 1.492944924897587622e-01 4.665452890304961318e-03 0.000000000000000000e+00
2.250000000000000000e+05 9.000067434018632628e-01 1.762630860263996457e-01 6.730769230769231282e-01 1.469048702776513393e-01 3.755120619025944465e-03 0.000000000000000000e+00
2.275000000000000000e+05 9.100068183285507928e-01 1.776285844333181652e-01 6.710286754665453213e-01 1.457669549385525731e-01 5.575785161583977738e-03 0.000000000000000000e+00
2.300000000000000000e+05 9.200068932552383227e-01 1.733045061447428259e-01 6.722803823395538947e-01 1.492944924897587622e-01 5.120619025944469528e-03 0.000000000000000000e+00
2.325000000000000000e+05 9.300069681819254086e-01 1.788802913063268218e-01 6.685252617205279524e-01 1.469048702776513393e-01 5.689576695493855224e-03 0.000000000000000000e+00
2.350000000000000000e+05 9.400070431086127165e-01 1.779699590350477811e-01 6.672735548475193790e-01 1.471324533454710926e-01 7.624032771961766417e-03 0.000000000000000000e+00
2.375000000000000000e+05 9.500071180353002465e-01 1.859353664087392000e-01 6.605598543468366168e-01 1.458807464724624359e-01 7.624032771961766417e-03 0.000000000000000000e+00
2.400000000000000000e+05 9.600071929619877764e-01 1.776285844333181652e-01 6.835457441966317216e-01 1.380291306326809353e-01 7.965407373691396923e-04 0.000000000000000000e+00
2.425000000000000000e+05 9.700072678886750843e-01 1.770596267637687682e-01 6.845698680018206250e-01 1.378015475648611821e-01 5.689576695493854790e-04 0.000000000000000000e+00
2.450000000000000000e+05 9.800073428153621702e-01 1.751251706873008518e-01 6.859353664087392000e-01 1.380291306326809353e-01 9.103322712790168532e-04 0.000000000000000000e+00
2.475000000000000000e+05 9.900074177420497001e-01 1.758079198907601393e-01 6.851388256713700775e-01 1.384842967683204418e-01 5.689576695493854790e-04 0.000000000000000000e+00
2.500000000000000000e+05 1.000007492668737452e+00 1.741010468821119761e-01 6.868456986800182129e-01 1.381429221665907980e-01 9.103322712790168532e-04 0.000000000000000000e+00
