# itime ezz other fcc hcp bcc ico
0.000000000000000000e+00 0.000000000000000000e+00 0.000000000000000000e+00 1.000000000000000000e+00 0.000000000000000000e+00 0.000000000000000000e+00 0.000000000000000000e+00
2.500000000000000000e+02 1.000056330691778683e-03 0.000000000000000000e+00 1.000000000000000000e+00 0.000000000000000000e+00 0.000000000000000000e+00 0.000000000000000000e+00
5.000000000000000000e+02 2.000112661383335322e-03 0.000000000000000000e+00 1.000000000000000000e+00 0.000000000000000000e+00 0.000000000000000000e+00 0.000000000000000000e+00
7.500000000000000000e+02 3.000168992075114005e-03 0.000000000000000000e+00 1.000000000000000000e+00 0.000000000000000000e+00 0.000000000000000000e+00 0.000000000000000000e+00
1.000000000000000000e+03 4.000225322766670644e-03 0.000000000000000000e+00 1.000000000000000000e+00 0.000000000000000000e+00 0.000000000000000000e+00 0.000000000000000000e+00
1.250000000000000000e+03 5.000281653458449327e-03 0.000000000000000000e+00 1.000000000000000000e+00 0.000000000000000000e+00 0.000000000000000000e+00 0.000000000000000000e+00
1.500000000000000000e+03 6.000337984150005965e-03 0.000000000000000000e+00 1.000000000000000000e+00 0.000000000000000000e+00 0.000000000000000000e+00 0.000000000000000000e+00
1.750000000000000000e+03 7.000394314841784649e-03 0.000000000000000000e+00 1.000000000000000000e+00 0.000000000000000000e+00 0.000000000000000000e+00 0.000000000000000000e+00
2.000000000000000000e+03 8.000450645533563332e-03 0.000000000000000000e+00 1.000000000000000000e+00 0.000000000000000000e+00 0.000000000000000000e+00 0.000000000000000000e+00
2.250000000000000000e+03 9.000506976225119971e-03 0.000000000000000000e+00 1.000000000000000000e+00 0.000000000000000000e+00 0.000000000000000000e+00 0.000000000000000000e+00
2.500000000000000000e+03 1.000056330691689865e-02 0.000000000000000000e+00 1.000000000000000000e+00 0.000000000000000000e+00 0.000000000000000000e+00 0.000000000000000000e+00
2.750000000000000000e+03 1.100061963760845529e-02 0.000000000000000000e+00 1.000000000000000000e+00 0.000000000000000000e+00 0.000000000000000000e+00 0.000000000000000000e+00
3.000000000000000000e+03 1.200067596830023398e-02 0.000000000000000000e+00 1.000000000000000000e+00 0.000000000000000000e+00 0.000000000000000000e+00 0.000000000000000000e+00
3.250000000000000000e+03 1.300073229899201266e-02 0.000000000000000000e+00 1.000000000000000000e+00 0.000000000000000000e+00 0.000000000000000000e+00 0.000000000000000000e+00
3.500000000000000000e+03 1.400078862968356930e-02 0.000000000000000000e+00 1.000000000000000000e+00 0.000000000000000000e+00 0.000000000000000000e+00 0.000000000000000000e+00
3.750000000000000000e+03 1.500084496037534798e-02 0.000000000000000000e+00 1.000000000000000000e+00 0.000000000000000000e+00 0.000000000000000000e+00 0.000000000000000000e+00
4.000000000000000000e+03 1.600090129106690462e-02 0.000000000000000000e+00 1.000000000000000000e+00 0.000000000000000000e+00 0.000000000000000000e+00 0.000000000000000000e+00
4.250000000000000000e+03 1.700095762175868330e-02 0.000000000000000000e+00 1.000000000000000000e+00 0.000000000000000000e+00 0.000000000000000000e+00 0.000000000000000000e+00
4.500000000000000000e+03 1.800101395245023994e-02 0.000000000000000000e+00 1.000000000000000000e+00 0.000000000000000000e+00 0.000000000000000000e+00 0.000000000000000000e+00
4.750000000000000000e+03 1.900107028314201862e-02 0.000000000000000000e+00 1.000000000000000000e+00 0.000000000000000000e+00 0.000000000000000000e+00 0.000000000000000000e+00
5.000000000000000000e+03 2.000112661383379731e-02 0.000000000000000000e+00 1.000000000000000000e+00 0.000000000000000000e+00 0.000000000000000000e+00 0.000000000000000000e+00
5.250000000000000000e+03 2.100118294452535395e-02 0.000000000000000000e+00 1.000000000000000000e+00 0.000000000000000000e+00 0.000000000000000000e+00 0.000000000000000000e+00
5.500000000000000000e+03 2.200123927521713263e-02 0.000000000000000000e+00 1.000000000000000000e+00 0.000000000000000000e+00 0.000000000000000000e+00 0.000000000000000000e+00
5.750000000000000000e+03 2.300129560590868927e-02 0.000000000000000000e+00 1.000000000000000000e+00 0.000000000000000000e+00 0.000000000000000000e+00 0.000000000000000000e+00
6.000000000000000000e+03 2.400135193660046795e-02 0.000000000000000000e+00 1.000000000000000000e+00 0.000000000000000000e+00 0.000000000000000000e+00 0.000000000000000000e+00
6.250000000000000000e+03 2.500140826729224663e-02 0.000000000000000000e+00 1.000000000000000000e+00 0.000000000000000000e+00 0.000000000000000000e+00 0.000000000000000000e+00
6.500000000000000000e+03 2.600146459798380327e-02 0.000000000000000000e+00 1.000000000000000000e+00 0.000000000000000000e+00 0.000000000000000000e+00 0.000000000000000000e+00
6.750000000000000000e+03 2.700152092867558196e-02 0.000000000000000000e+00 1.000000000000000000e+00 0.000000000000000000e+00 0.000000000000000000e+00 0.000000000000000000e+00
7.000000000000000000e+03 2.800157725936713859e-02 0.000000000000000000e+00 1.000000000000000000e+00 0.000000000000000000e+00 0.000000000000000000e+00 0.000000000000000000e+00
7.250000000000000000e+03 2.900163359005891728e-02 0.000000000000000000e+00 1.000000000000000000e+00 0.000000000000000000e+00 0.000000000000000000e+00 0.000000000000000000e+00
7.500000000000000000e+03 3.000168992075047392e-02 0.000000000000000000e+00 1.000000000000000000e+00 0.000000000000000000e+00 0.000000000000000000e+00 0.000000000000000000e+00
7.750000000000000000e+03 3.100174625144225260e-02 0.000000000000000000e+00 1.000000000000000000e+00 0.000000000000000000e+00 0.000000000000000000e+00 0.000000000000000000e+00
8.000000000000000000e+03 3.200180258213403128e-02 0.000000000000000000e+00 1.000000000000000000e+00 0.000000000000000000e+00 0.000000000000000000e+00 0.000000000000000000e+00
8.250000000000000000e+03 3.300185891282558792e-02 0.000000000000000000e+00 1.000000000000000000e+00 0.000000000000000000e+00 0.000000000000000000e+00 0.000000000000000000e+00
8.500000000000000000e+03 3.400191524351736660e-02 0.000000000000000000e+00 1.000000000000000000e+00 0.000000000000000000e+00 0.000000000000000000e+00 0.000000000000000000e+00
8.750000000000000000e+03 3.500197157420892324e-02 0.000000000000000000e+00 1.000000000000000000e+00 0.000000000000000000e+00 0.000000000000000000e+00 0.000000000000000000e+00
9.000000000000000000e+03 3.600202790490070193e-02 0.000000000000000000e+00 1.000000000000000000e+00 0.000000000000000000e+00 0.000000000000000000e+00 0.000000000000000000e+00
9.250000000000000000e+03 3.700208423559248061e-02 0.000000000000000000e+00 1.000000000000000000e+00 0.000000000000000000e+00 0.000000000000000000e+00 0.000000000000000000e+00
9.500000000000000000e+03 3.800214056628403725e-02 0.000000000000000000e+00 1.000000000000000000e+00 0.000000000000000000e+00 0.000000000000000000e+00 0.000000000000000000e+00
9.750000000000000000e+03 3.900219689697581593e-02 0.000000000000000000e+00 1.000000000000000000e+00 0.000000000000000000e+00 0.000000000000000000e+00 0.000000000000000000e+00
1.000000000000000000e+04 4.000225322766737257e-02 0.000000000000000000e+00 1.000000000000000000e+00 0.000000000000000000e+00 0.000000000000000000e+00 0.000000000000000000e+00
1.025000000000000000e+04 4.100230955835915125e-02 0.000000000000000000e+00 1.000000000000000000e+00 0.000000000000000000e+00 0.000000000000000000e+00 0.000000000000000000e+00
1.050000000000000000e+04 4.200236588905070789e-02 0.000000000000000000e+00 1.000000000000000000e+00 0.000000000000000000e+00 0.000000000000000000e+00 0.000000000000000000e+00
1.075000000000000000e+04 4.300242221974248658e-02 0.000000000000000000e+00 1.000000000000000000e+00 0.000000000000000000e+00 0.000000000000000000e+00 0.000000000000000000e+00
1.100000000000000000e+04 4.400247855043426526e-02 0.000000000000000000e+00 1.000000000000000000e+00 0.000000000000000000e+00 0.000000000000000000e+00 0.000000000000000000e+00
1.125000000000000000e+04 4.500253488112582190e-02 0.000000000000000000e+00 1.000000000000000000e+00 0.000000000000000000e+00 0.000000000000000000e+00 0.000000000000000000e+00
1.150000000000000000e+04 4.600259121181760058e-02 0.000000000000000000e+00 1.000000000000000000e+00 0.000000000000000000e+00 0.000000000000000000e+00 0.000000000000000000e+00
1.175000000000000000e+04 4.700264754250915722e-02 0.000000000000000000e+00 1.000000000000000000e+00 0.000000000000000000e+00 0.000000000000000000e+00 0.000000000000000000e+00
1.200000000000000000e+04 4.800270387320093590e-02 0.000000000000000000e+00 1.000000000000000000e+00 0.000000000000000000e+00 0.000000000000000000e+00 0.000000000000000000e+00
1.225000000000000000e+04 4.900276020389249254e-02 0.000000000000000000e+00 1.000000000000000000e+00 0.000000000000000000e+00 0.000000000000000000e+00 0.000000000000000000e+00
1.250000000000000000e+04 5.000281653458427122e-02 0.000000000000000000e+00 1.000000000000000000e+00 0.000000000000000000e+00 0.000000000000000000e+00 0.000000000000000000e+00
1.275000000000000000e+04 5.100287286527604991e-02 0.000000000000000000e+00 1.000000000000000000e+00 0.000000000000000000e+00 0.000000000000000000e+00 0.000000000000000000e+00
1.300000000000000000e+04 5.200292919596760655e-02 0.000000000000000000e+00 1.000000000000000000e+00 0.000000000000000000e+00 0.000000000000000000e+00 0.000000000000000000e+00
1.325000000000000000e+04 5.300298552665938523e-02 0.000000000000000000e+00 1.000000000000000000e+00 0.000000000000000000e+00 0.000000000000000000e+00 0.000000000000000000e+00
1.350000000000000000e+04 5.400304185735094187e-02 0.000000000000000000e+00 1.000000000000000000e+00 0.000000000000000000e+00 0.000000000000000000e+00 0.000000000000000000e+00
1.375000000000000000e+04 5.500309818804272055e-02 0.000000000000000000e+00 1.000000000000000000e+00 0.000000000000000000e+00 0.000000000000000000e+00 0.000000000000000000e+00
1.400000000000000000e+04 5.600315451873449923e-02 0.000000000000000000e+00 1.000000000000000000e+00 0.000000000000000000e+00 0.000000000000000000e+00 0.000000000000000000e+00
1.425000000000000000e+04 5.700321084942605587e-02 4.551661356395084266e-04 9.995448338643604380e-01 0.000000000000000000e+00 0.000000000000000000e+00 0.000000000000000000e+00
1.450000000000000000e+04 5.800326718011783456e-02 0.000000000000000000e+00 1.000000000000000000e+00 0.000000000000000000e+00 0.000000000000000000e+00 0.000000000000000000e+00
1.475000000000000000e+04 5.900332351080939119e-02 0.000000000000000000e+00 1.000000000000000000e+00 0.000000000000000000e+00 0.000000000000000000e+00 0.000000000000000000e+00
1.500000000000000000e+04 6.000337984150116988e-02 4.551661356395084266e-04 9.995448338643604380e-01 0.000000000000000000e+00 0.000000000000000000e+00 0.000000000000000000e+00
1.525000000000000000e+04 6.100343617219272652e-02 0.000000000000000000e+00 1.000000000000000000e+00 0.000000000000000000e+00 0.000000000000000000e+00 0.000000000000000000e+00
1.550000000000000000e+04 6.200349250288450520e-02 0.000000000000000000e+00 1.000000000000000000e+00 0.000000000000000000e+00 0.000000000000000000e+00 0.000000000000000000e+00
1.575000000000000000e+04 6.300354883357628388e-02 0.000000000000000000e+00 1.000000000000000000e+00 0.000000000000000000e+00 0.000000000000000000e+00 0.000000000000000000e+00
1.600000000000000000e+04 6.400360516426784052e-02 0.000000000000000000e+00 1.000000000000000000e+00 0.000000000000000000e+00 0.000000000000000000e+00 0.000000000000000000e+00
1.625000000000000000e+04 6.500366149495961920e-02 0.000000000000000000e+00 1.000000000000000000e+00 0.000000000000000000e+00 0.000000000000000000e+00 0.000000000000000000e+00
1.650000000000000000e+04 6.600371782565117584e-02 0.000000000000000000e+00 1.000000000000000000e+00 0.000000000000000000e+00 0.000000000000000000e+00 0.000000000000000000e+00
1.675000000000000000e+04 6.700377415634295453e-02 0.000000000000000000e+00 1.000000000000000000e+00 0.000000000000000000e+00 0.000000000000000000e+00 0.000000000000000000e+00
1.700000000000000000e+04 6.800383048703473321e-02 1.137915339098771066e-04 9.998862084660901095e-01 0.000000000000000000e+00 0.000000000000000000e+00 0.000000000000000000e+00
1.725000000000000000e+04 6.900388681772628985e-02 1.137915339098771066e-04 9.998862084660901095e-01 0.000000000000000000e+00 0.000000000000000000e+00 0.000000000000000000e+00
1.750000000000000000e+04 7.000394314841806853e-02 0.000000000000000000e+00 1.000000000000000000e+00 0.000000000000000000e+00 0.000000000000000000e+00 0.000000000000000000e+00
1.775000000000000000e+04 7.100399947910962517e-02 0.000000000000000000e+00 1.000000000000000000e+00 0.000000000000000000e+00 0.000000000000000000e+00 0.000000000000000000e+00
1.800000000000000000e+04 7.200405580980140385e-02 2.275830678197542133e-04 9.996586253982703285e-01 0.000000000000000000e+00 1.137915339098771066e-04 0.000000000000000000e+00
1.825000000000000000e+04 7.300411214049296049e-02 0.000000000000000000e+00 1.000000000000000000e+00 0.000000000000000000e+00 0.000000000000000000e+00 0.000000000000000000e+00
1.850000000000000000e+04 7.400416847118473918e-02 0.000000000000000000e+00 1.000000000000000000e+00 0.000000000000000000e+00 0.000000000000000000e+00 0.000000000000000000e+00
1.875000000000000000e+04 7.500422480187651786e-02 0.000000000000000000e+00 1.000000000000000000e+00 0.000000000000000000e+00 0.000000000000000000e+00 0.000000000000000000e+00
1.900000000000000000e+04 7.600428113256807450e-02 0.000000000000000000e+00 1.000000000000000000e+00 0.000000000000000000e+00 0.000000000000000000e+00 0.000000000000000000e+00
1.925000000000000000e+04 7.700433746325985318e-02 3.413746017296313199e-04 9.996586253982703285e-01 0.000000000000000000e+00 0.000000000000000000e+00 0.000000000000000000e+00
1.950000000000000000e+04 7.800439379395140982e-02 1.137915339098771066e-04 9.998862084660901095e-01 0.000000000000000000e+00 0.000000000000000000e+00 0.000000000000000000e+00
1.975000000000000000e+04 7.900445012464318850e-02 0.000000000000000000e+00 1.000000000000000000e+00 0.000000000000000000e+00 0.000000000000000000e+00 0.000000000000000000e+00
2.000000000000000000e+04 8.000450645533474514e-02 2.275830678197542133e-04 9.996586253982703285e-01 0.000000000000000000e+00 1.137915339098771066e-04 0.000000000000000000e+00
2.025000000000000000e+04 8.100456278602652382e-02 2.275830678197542133e-04 9.997724169321802190e-01 0.000000000000000000e+00 0.000000000000000000e+00 0.000000000000000000e+00
2.050000000000000000e+04 8.200461911671830251e-02 2.275830678197542133e-04 9.997724169321802190e-01 0.000000000000000000e+00 0.000000000000000000e+00 0.000000000000000000e+00
2.075000000000000000e+04 8.300467544740985915e-02 1.137915339098771066e-04 9.998862084660901095e-01 0.000000000000000000e+00 0.000000000000000000e+00 0.000000000000000000e+00
2.100000000000000000e+04 8.400473177810163783e-02 1.137915339098770958e-03 9.987482931269913156e-01 0.000000000000000000e+00 1.137915339098771066e-04 0.000000000000000000e+00
2.125000000000000000e+04 8.500478810879319447e-02 0.000000000000000000e+00 1.000000000000000000e+00 0.000000000000000000e+00 0.000000000000000000e+00 0.000000000000000000e+00
2.150000000000000000e+04 8.600484443948497315e-02 6.827492034592626399e-04 9.992034592626308775e-01 0.000000000000000000e+00 1.137915339098771066e-04 0.000000000000000000e+00
2.175000000000000000e+04 8.700490077017675183e-02 1.479289940828402332e-03 9.985207100591716456e-01 0.000000000000000000e+00 0.000000000000000000e+00 0.000000000000000000e+00
2.200000000000000000e+04 8.800495710086830847e-02 1.706873008648156654e-03 9.982931269913518646e-01 0.000000000000000000e+00 0.000000000000000000e+00 0.000000000000000000e+00
2.225000000000000000e+04 8.900501343156008716e-02 5.689576695493854790e-04 9.994310423304506585e-01 0.000000000000000000e+00 0.000000000000000000e+00 0.000000000000000000e+00
2.250000000000000000e+04 9.000506976225164379e-02 3.413746017296313199e-04 9.996586253982703285e-01 0.000000000000000000e+00 0.000000000000000000e+00 0.000000000000000000e+00
2.275000000000000000e+04 9.100512609294342248e-02 1.706873008648156654e-03 9.982931269913518646e-01 0.000000000000000000e+00 0.000000000000000000e+00 0.000000000000000000e+00
2.300000000000000000e+04 9.200518242363497912e-02 9.103322712790168532e-04 9.990896677287209870e-01 0.000000000000000000e+00 0.000000000000000000e+00 0.000000000000000000e+00
2.325000000000000000e+04 9.300523875432675780e-02 1.934456076467910759e-03 9.980655439235320836e-01 0.000000000000000000e+00 0.000000000000000000e+00 0.000000000000000000e+00
2.350000000000000000e+04 9.400529508501853648e-02 3.072371415566681717e-03 9.969276285844332897e-01 0.000000000000000000e+00 0.000000000000000000e+00 0.000000000000000000e+00
2.375000000000000000e+04 9.500535141571009312e-02 4.551661356395084266e-04 9.995448338643604380e-01 0.000000000000000000e+00 0.000000000000000000e+00 0.000000000000000000e+00
2.400000000000000000e+04 9.600540774640187180e-02 1.365498406918525280e-03 9.985207100591716456e-01 0.000000000000000000e+00 1.137915339098771066e-04 0.000000000000000000e+00
2.425000000000000000e+04 9.700546407709342844e-02 2.162039144287664864e-03 9.976103777878926326e-01 0.000000000000000000e+00 2.275830678197542133e-04 0.000000000000000000e+00
2.450000000000000000e+04 9.800552040778520713e-02 1.593081474738279385e-03 9.984069185252617551e-01 0.000000000000000000e+00 0.000000000000000000e+00 0.000000000000000000e+00
2.475000000000000000e+04 9.900557673847698581e-02 2.048247610377787811e-03 9.977241693218024121e-01 0.000000000000000000e+00 2.275830678197542133e-04 0.000000000000000000e+00
2.500000000000000000e+04 1.000056330691685424e-01 2.048247610377787811e-03 9.978379608557123026e-01 0.000000000000000000e+00 1.137915339098771066e-04 0.000000000000000000e+00
2.525000000000000000e+04 1.010056893998603211e-01 4.551661356395083832e-03 9.952207555757851543e-01 0.000000000000000000e+00 2.275830678197542133e-04 0.000000000000000000e+00
2.550000000000000000e+04 1.020057457305518778e-01 2.844788347746927612e-03 9.969276285844332897e-01 0.000000000000000000e+00 2.275830678197542133e-04 0.000000000000000000e+00
2.575000000000000000e+04 1.030058020612436565e-01 2.844788347746927612e-03 9.971552116522530707e-01 0.000000000000000000e+00 0.000000000000000000e+00 0.000000000000000000e+00
2.600000000000000000e+04 1.040058583919352131e-01 2.162039144287664864e-03 9.977241693218024121e-01 0.000000000000000000e+00 1.137915339098771066e-04 0.000000000000000000e+00
2.625000000000000000e+04 1.050059147226269918e-01 7.624032771961766417e-03 9.915794264906691025e-01 0.000000000000000000e+00 7.965407373691396923e-04 0.000000000000000000e+00
2.650000000000000000e+04 1.060059710533187705e-01 7.965407373691398007e-03 9.916932180245789930e-01 0.000000000000000000e+00 3.413746017296313199e-04 0.000000000000000000e+00
2.675000000000000000e+04 1.070060273840103271e-01 5.234410559854347014e-03 9.943104233045061413e-01 0.000000000000000000e+00 4.551661356395084266e-04 0.000000000000000000e+00
2.700000000000000000e+04 1.080060837147021058e-01 8.761948111060537808e-03 9.896449704142011861e-01 0.000000000000000000e+00 1.593081474738279385e-03 0.000000000000000000e+00
2.725000000000000000e+04 1.090061400453936624e-01 2.332726445152480746e-02 9.641556668183887124e-01 0.000000000000000000e+00 1.251706873008648184e-02 0.000000000000000000e+00
2.750000000000000000e+04 1.100061963760854411e-01 1.127674101046882149e-01 6.348429676832043622e-01 9.103322712790168532e-04 2.514792899408284099e-01 0.000000000000000000e+00
2.775000000000000000e+04 1.110062527067772198e-01 2.139280837505689592e-01 4.136322257624032717e-01 1.195949021392808398e-01 2.528447883477469293e-01 0.000000000000000000e+00
2.800000000000000000e+04 1.120063090374687764e-01 1.264223941738734647e-01 5.704369594902138907e-01 2.844788347746927681e-01 1.866181156121984527e-02 0.000000000000000000e+00
2.825000000000000000e+04 1.130063653681605551e-01 9.706417842512517213e-02 5.982020937642239522e-01 2.930131998179335562e-01 1.172052799271734204e-02 0.000000000000000000e+00
2.850000000000000000e+04 1.140064216988521117e-01 9.968138370505234824e-02 6.046882111970869333e-01 2.867546654528903005e-01 8.875739644970414427e-03 0.000000000000000000e+00
2.875000000000000000e+04 1.150064780295438904e-01 9.535730541647700897e-02 6.037778789258079204e-01 2.933545744196631722e-01 7.510241238051888930e-03 0.000000000000000000e+00
2.900000000000000000e+04 1.160065343602354471e-01 9.376422394173873631e-02 6.055985434683659463e-01 2.917614929449248717e-01 8.875739644970414427e-03 0.000000000000000000e+00
2.925000000000000000e+04 1.170065906909272258e-01 1.002503413746017313e-01 5.994538006372326366e-01 2.927856167501137752e-01 7.510241238051888930e-03 0.000000000000000000e+00
2.950000000000000000e+04 1.180066470216190044e-01 9.911242603550296515e-02 6.010468821119708815e-01 2.943786982248520756e-01 5.461993627674101119e-03 0.000000000000000000e+00
2.975000000000000000e+04 1.190067033523105611e-01 1.019572143832498806e-01 5.983158852981338427e-01 2.913063268092853653e-01 8.420573509330906217e-03 0.000000000000000000e+00
3.000000000000000000e+04 1.200067596830023398e-01 9.865725989986344480e-02 6.010468821119708815e-01 2.941511151570322946e-01 6.144742831133363434e-03 0.000000000000000000e+00
3.025000000000000000e+04 1.210068160136938964e-01 1.041192535275375503e-01 5.970641784251251583e-01 2.908511606736458588e-01 7.965407373691398007e-03 0.000000000000000000e+00
3.050000000000000000e+04 1.220068723443856751e-01 1.055985434683659602e-01 5.935366408739189970e-01 2.925580336822940497e-01 8.306781975421027864e-03 0.000000000000000000e+00
3.075000000000000000e+04 1.230069286750772317e-01 1.077605826126536159e-01 5.921711424670004220e-01 2.928994082840236657e-01 7.168866636322257339e-03 0.000000000000000000e+00
3.100000000000000000e+04 1.240069850057690104e-01 1.073054164770141095e-01 5.916021847974510806e-01 2.952890304961310886e-01 5.803368229403732710e-03 0.000000000000000000e+00
3.125000000000000000e+04 1.250070413364607891e-01 1.085571233500227523e-01 5.943331816112881194e-01 2.911925352753755303e-01 5.917159763313609329e-03 0.000000000000000000e+00
3.150000000000000000e+04 1.260070976671523457e-01 1.194811106053709632e-01 5.850022758306782089e-01 2.891442876649977234e-01 6.372325898953117539e-03 0.000000000000000000e+00
3.175000000000000000e+04 1.270071539978441244e-01 1.294947655894401473e-01 5.755575785161584079e-01 2.858443331816112876e-01 9.103322712790167665e-03 0.000000000000000000e+00
3.200000000000000000e+04 1.280072103285356810e-01 1.487255348202093652e-01 6.148156577150659663e-01 2.258761948111060458e-01 1.058261265361857065e-02 0.000000000000000000e+00
3.225000000000000000e+04 1.290072666592274597e-01 1.338188438780154865e-01 6.255120619025944517e-01 2.298588984979517413e-01 1.081019572143832562e-02 0.000000000000000000e+00
3.250000000000000000e+04 1.300073229899192384e-01 1.294947655894401473e-01 6.472462448793809831e-01 2.159763313609467383e-01 7.282658170232134826e-03 0.000000000000000000e+00
3.275000000000000000e+04 1.310073793206107950e-01 1.066226672735548497e-01 6.762630860263996180e-01 2.125625853436504398e-01 4.551661356395083832e-03 0.000000000000000000e+00
3.300000000000000000e+04 1.320074356513025737e-01 9.285389167045972336e-02 6.907146108329540457e-01 2.126763768775603025e-01 3.755120619025944465e-03 0.000000000000000000e+00
3.325000000000000000e+04 1.330074919819941304e-01 9.171597633136094330e-02 6.939007737824305355e-01 2.111970869367319203e-01 3.186162949476558769e-03 0.000000000000000000e+00
3.350000000000000000e+04 1.340075483126859091e-01 9.467455621301774926e-02 6.912835685025033872e-01 2.108557123350022766e-01 3.186162949476558769e-03 0.000000000000000000e+00
3.375000000000000000e+04 1.350076046433774657e-01 8.921256258534364381e-02 6.910559854346836062e-01 2.154073736913973691e-01 4.324078288575329727e-03 0.000000000000000000e+00
3.400000000000000000e+04 1.360076609740692444e-01 8.887118798361401395e-02 6.925352753755120716e-01 2.164314974965862448e-01 2.162039144287664864e-03 0.000000000000000000e+00
3.425000000000000000e+04 1.370077173047610231e-01 8.978152025489304078e-02 6.891215293582158008e-01 2.185935366408739144e-01 2.503413746017296455e-03 0.000000000000000000e+00
3.450000000000000000e+04 1.380077736354525797e-01 8.784706417842512438e-02 6.912835685025033872e-01 2.174556213017751483e-01 3.413746017296313308e-03 0.000000000000000000e+00
3.475000000000000000e+04 1.390078299661443584e-01 8.944014565316341092e-02 6.893491124260354708e-01 2.189349112426035582e-01 2.275830678197541916e-03 0.000000000000000000e+00
3.500000000000000000e+04 1.400078862968359150e-01 8.807464724624487762e-02 6.910559854346836062e-01 2.166590805644059980e-01 4.210286754665453109e-03 0.000000000000000000e+00
3.525000000000000000e+04 1.410079426275276937e-01 9.069185252617205373e-02 6.904870277651342647e-01 2.160901228948566288e-01 2.730996813837050560e-03 0.000000000000000000e+00
3.550000000000000000e+04 1.420079989582194724e-01 9.057806099226217711e-02 6.894629039599453613e-01 2.172280382339553950e-01 2.730996813837050560e-03 0.000000000000000000e+00
3.575000000000000000e+04 1.430080552889110290e-01 8.841602184797450747e-02 6.919663177059627301e-01 2.176832043695949015e-01 1.934456076467910759e-03 0.000000000000000000e+00
3.600000000000000000e+04 1.440081116196028077e-01 8.579881656804733137e-02 6.937869822485207560e-01 2.159763313609467383e-01 4.437869822485207214e-03 0.000000000000000000e+00
3.625000000000000000e+04 1.450081679502943643e-01 8.648156577150660496e-02 6.926490669094219621e-01 2.171142467000455045e-01 3.755120619025944465e-03 0.000000000000000000e+00
3.650000000000000000e+04 1.460082242809861430e-01 8.511606736458807165e-02 6.918525261720528396e-01 2.201866181156121871e-01 2.844788347746927612e-03 0.000000000000000000e+00
3.675000000000000000e+04 1.470082806116776997e-01 8.101957214383249950e-02 6.913973600364132777e-01 2.248520710059171701e-01 2.730996813837050560e-03 0.000000000000000000e+00
3.700000000000000000e+04 1.480083369423694784e-01 7.931269913518433634e-02 6.923076923076922906e-01 2.246244879380974169e-01 3.755120619025944465e-03 0.000000000000000000e+00
3.725000000000000000e+04 1.490083932730612570e-01 8.010923987255348655e-02 6.935593991807009751e-01 2.229176149294492537e-01 3.413746017296313308e-03 0.000000000000000000e+00
3.750000000000000000e+04 1.500084496037528137e-01 8.010923987255348655e-02 6.933318161128811941e-01 2.241693218024579104e-01 2.389622212107419402e-03 0.000000000000000000e+00
3.775000000000000000e+04 1.510085059344445924e-01 7.919890760127445972e-02 6.929904415111515226e-01 2.246244879380974169e-01 3.186162949476558769e-03 0.000000000000000000e+00
3.800000000000000000e+04 1.520085622651361490e-01 7.908511606736458310e-02 6.929904415111515226e-01 2.247382794720072796e-01 3.186162949476558769e-03 0.000000000000000000e+00
3.825000000000000000e+04 1.530086185958279277e-01 8.147473827947200598e-02 6.900318616294948137e-01 2.257624032771961831e-01 2.730996813837050560e-03 0.000000000000000000e+00
3.850000000000000000e+04 1.540086749265197064e-01 7.954028220300408958e-02 6.915111515703231682e-01 2.262175694128356895e-01 2.730996813837050560e-03 0.000000000000000000e+00
3.875000000000000000e+04 1.550087312572112630e-01 7.828857532999544677e-02 6.901456531634045932e-01 2.288347746927628656e-01 2.730996813837050560e-03 0.000000000000000000e+00
3.900000000000000000e+04 1.560087875879030417e-01 7.658170232134729749e-02 6.911697769685934967e-01 2.298588984979517413e-01 2.389622212107419402e-03 0.000000000000000000e+00
3.925000000000000000e+04 1.570088439185945983e-01 7.817478379608557015e-02 6.868456986800182129e-01 2.331588529813381772e-01 1.820664542558033706e-03 0.000000000000000000e+00
3.950000000000000000e+04 1.580089002492863770e-01 7.851615839781520001e-02 6.885525716886663483e-01 2.305416477014110288e-01 2.389622212107419402e-03 0.000000000000000000e+00
3.975000000000000000e+04 1.590089565799779336e-01 7.942649066909421296e-02 6.836595357305416121e-01 2.348657259899863403e-01 2.048247610377787811e-03 0.000000000000000000e+00
4.000000000000000000e+04 1.600090129106697123e-01 7.874374146563495325e-02 6.873008648156576639e-01 2.314519799726900418e-01 2.503413746017296455e-03 0.000000000000000000e+00
4.025000000000000000e+04 1.610090692413614910e-01 7.828857532999544677e-02 6.838871187983613931e-01 2.340691852526172179e-01 3.755120619025944465e-03 0.000000000000000000e+00
4.050000000000000000e+04 1.620091255720530476e-01 8.090578060992262288e-02 6.809285389167045732e-01 2.348657259899863403e-01 3.299954483386436255e-03 0.000000000000000000e+00
4.075000000000000000e+04 1.630091819027448263e-01 8.067819754210286964e-02 6.736458807464724696e-01 2.407828857532999522e-01 4.893035958124715423e-03 0.000000000000000000e+00
4.100000000000000000e+04 1.640092382334363830e-01 8.693673190714611143e-02 6.543013199817933057e-01 2.519344560764679164e-01 6.827492034592626616e-03 0.000000000000000000e+00
4.125000000000000000e+04 1.650092945641281617e-01 8.852981338188438409e-02 6.256258534365043422e-01 2.775375512061902805e-01 8.306781975421027864e-03 0.000000000000000000e+00
4.150000000000000000e+04 1.660093508948197183e-01 9.683659535730541890e-02 5.811333636777423761e-01 3.138370505234410746e-01 8.192990441511151245e-03 0.000000000000000000e+00
4.175000000000000000e+04 1.670094072255114970e-01 9.956759217114247162e-02 5.733955393718707105e-01 3.197542102867546587e-01 7.282658170232134826e-03 0.000000000000000000e+00
4.200000000000000000e+04 1.680094635562032757e-01 1.009330905780609910e-01 5.743058716431497235e-01 3.202093764223941652e-01 4.551661356395083832e-03 0.000000000000000000e+00
4.225000000000000000e+04 1.690095198868948323e-01 9.774692762858443185e-02 5.744196631770596140e-01 3.222576240327719721e-01 5.575785161583977738e-03 0.000000000000000000e+00
4.250000000000000000e+04 1.700095762175866110e-01 1.004779244424214846e-01 5.706645425580336717e-01 3.237369139736003820e-01 5.120619025944469528e-03 0.000000000000000000e+00
4.275000000000000000e+04 1.710096325482781676e-01 1.009330905780609910e-01 5.710059171597633432e-01 3.223714155666818626e-01 5.689576695493855224e-03 0.000000000000000000e+00
4.300000000000000000e+04 1.720096888789699463e-01 9.922621756941284177e-02 5.674783796085570708e-01 3.266954938552571464e-01 6.599908966772872511e-03 0.000000000000000000e+00
4.325000000000000000e+04 1.730097452096617250e-01 9.934000910332271839e-02 5.716886663632225751e-01 3.230541647701410946e-01 5.917159763313609329e-03 0.000000000000000000e+00
4.350000000000000000e+04 1.740098015403532816e-01 9.899863450159307465e-02 5.670232134729176199e-01 3.274920345926263243e-01 6.486117432862995025e-03 0.000000000000000000e+00
4.375000000000000000e+04 1.750098578710450603e-01 9.956759217114247162e-02 5.661128812016386069e-01 3.293126991351843502e-01 5.006827492034592909e-03 0.000000000000000000e+00
4.400000000000000000e+04 1.760099142017366169e-01 1.012744651797906209e-01 5.657715065999089354e-01 3.273782430587164338e-01 5.575785161583977738e-03 0.000000000000000000e+00
4.425000000000000000e+04 1.770099705324283956e-01 1.025261720527992776e-01 5.583750568957669413e-01 3.334091943559399085e-01 5.689576695493855224e-03 0.000000000000000000e+00
4.450000000000000000e+04 1.780100268631199523e-01 9.968138370505234824e-02 5.605370960400546387e-01 3.334091943559399085e-01 6.372325898953117539e-03 0.000000000000000000e+00
4.475000000000000000e+04 1.790100831938117310e-01 1.044606281292671801e-01 5.592853891670459543e-01 3.314747382794719921e-01 4.779244424214838804e-03 0.000000000000000000e+00
4.500000000000000000e+04 1.800101395245035096e-01 1.042330450614474269e-01 5.548475193445607800e-01 3.351160673645880994e-01 5.803368229403732710e-03 0.000000000000000000e+00
4.525000000000000000e+04 1.810101958551950663e-01 1.044606281292671801e-01 5.563268092853891345e-01 3.336367774237596895e-01 5.575785161583977738e-03 0.000000000000000000e+00
4.550000000000000000e+04 1.820102521858868450e-01 1.042330450614474269e-01 5.491579426490669213e-01 3.392125625853436577e-01 7.396449704142011444e-03 0.000000000000000000e+00
4.575000000000000000e+04 1.830103085165784016e-01 1.046882111970869333e-01 5.547337278106508895e-01 3.348884842967683184e-01 5.689576695493855224e-03 0.000000000000000000e+00
4.600000000000000000e+04 1.840103648472701803e-01 1.069640418752844796e-01 5.475648611743286764e-01 3.404642694583522866e-01 5.006827492034592909e-03 0.000000000000000000e+00
4.625000000000000000e+04 1.850104211779619590e-01 1.073054164770141095e-01 5.394856622667273394e-01 3.454710969503869133e-01 7.737824305871643035e-03 0.000000000000000000e+00
4.650000000000000000e+04 1.860104775086535156e-01 1.054847519344560697e-01 5.359581247155211781e-01 3.495675921711424716e-01 8.989531178880291046e-03 0.000000000000000000e+00
4.675000000000000000e+04 1.870105338393452943e-01 1.033227127901684139e-01 5.424442421483841592e-01 3.470641784251251583e-01 7.168866636322257339e-03 0.000000000000000000e+00
4.700000000000000000e+04 1.880105901700368509e-01 1.128812016385980915e-01 5.376649977241693135e-01 3.435366408739189970e-01 5.917159763313609329e-03 0.000000000000000000e+00
4.725000000000000000e+04 1.890106465007286296e-01 1.086709148839326289e-01 5.279927173418297315e-01 3.557123350022758368e-01 7.624032771961766417e-03 0.000000000000000000e+00
4.750000000000000000e+04 1.900107028314201862e-01 1.117432862994993115e-01 5.164997724169322346e-01 3.608329540282202985e-01 1.092398725534820224e-02 0.000000000000000000e+00
4.775000000000000000e+04 1.910107591621119649e-01 1.175466545289030468e-01 5.093309057806099105e-01 3.621984524351388179e-01 1.092398725534820224e-02 0.000000000000000000e+00
4.800000000000000000e+04 1.920108154928037436e-01 1.208466090122894826e-01 5.072826581702321036e-01 3.619708693673190925e-01 9.899863450159307465e-03 0.000000000000000000e+00
4.825000000000000000e+04 1.930108718234953002e-01 1.190259444697314567e-01 4.989758761948110966e-01 3.675466545289030607e-01 1.445152480655439303e-02 0.000000000000000000e+00
4.850000000000000000e+04 1.940109281541870789e-01 1.283568502503413811e-01 4.883932635411925571e-01 3.736913973600364258e-01 9.558488848429677609e-03 0.000000000000000000e+00
4.875000000000000000e+04 1.950109844848786356e-01 1.222121074192080159e-01 4.855484751934456278e-01 3.780154756486117651e-01 1.422394173873463806e-02 0.000000000000000000e+00
4.900000000000000000e+04 1.960110408155704143e-01 1.234638142922166587e-01 4.847519344560764498e-01 3.790395994538006130e-01 1.274465179790623508e-02 0.000000000000000000e+00
4.925000000000000000e+04 1.970110971462619709e-01 1.293809740555302568e-01 4.745106964041875264e-01 3.821119708693673234e-01 1.399635867091488309e-02 0.000000000000000000e+00
4.950000000000000000e+04 1.980111534769537496e-01 1.288120163859808875e-01 4.701866181156121871e-01 3.889394629039599205e-01 1.206190259444697363e-02 0.000000000000000000e+00
4.975000000000000000e+04 1.990112098076455283e-01 1.341602184797451025e-01 4.676832043695949293e-01 3.829085116067364458e-01 1.524806554392353283e-02 0.000000000000000000e+00
5.000000000000000000e+04 2.000112661383370849e-01 1.301775147928994070e-01 4.616522530723713991e-01 3.937187073281747662e-01 1.445152480655439303e-02 0.000000000000000000e+00
5.025000000000000000e+04 2.010113224690288636e-01 1.314292216659080637e-01 4.558488848429677054e-01 3.999772416932180219e-01 1.274465179790623508e-02 0.000000000000000000e+00
5.050000000000000000e+04 2.020113787997204202e-01 1.411015020482476179e-01 4.420801092398725651e-01 4.022530723714155543e-01 1.456531634046426965e-02 0.000000000000000000e+00
5.075000000000000000e+04 2.030114351304121989e-01 1.405325443786982209e-01 4.421939007737824556e-01 3.962221210741920796e-01 2.105143377332726468e-02 0.000000000000000000e+00
5.100000000000000000e+04 2.040114914611039776e-01 1.550978607191624836e-01 4.201183431952662528e-01 4.079426490669094130e-01 1.684114701866181243e-02 0.000000000000000000e+00
5.125000000000000000e+04 2.050115477917955342e-01 1.538461538461538547e-01 4.399180700955848677e-01 3.917842512517068498e-01 1.445152480655439303e-02 0.000000000000000000e+00
5.150000000000000000e+04 2.060116041224873129e-01 1.553254437869822369e-01 4.501593081474738467e-01 3.789258079198907780e-01 1.558944014565316269e-02 0.000000000000000000e+00
5.175000000000000000e+04 2.070116604531788695e-01 1.571461083295402905e-01 4.791761492944924816e-01 3.394401456531633832e-01 2.423759672280382388e-02 0.000000000000000000e+00
5.200000000000000000e+04 2.080117167838706482e-01 1.505461993627674189e-01 4.921483841602184994e-01 3.327264451524806765e-01 2.457897132453345374e-02 0.000000000000000000e+00
5.225000000000000000e+04 2.090117731145622049e-01 1.553254437869822369e-01 4.901001365498406925e-01 3.373918980427856318e-01 1.718252162039144229e-02 0.000000000000000000e+00
5.250000000000000000e+04 2.100118294452539836e-01 1.495220755575785154e-01 5.050068274920346267e-01 3.284023668639053373e-01 1.706873008648156567e-02 0.000000000000000000e+00
5.275000000000000000e+04 2.110118857759457622e-01 1.490669094219390090e-01 5.076240327719617751e-01 3.258989531178880239e-01 1.741010468821119553e-02 0.000000000000000000e+00
5.300000000000000000e+04 2.120119421066373189e-01 1.491807009558488717e-01 5.088757396449704595e-01 3.266954938552571464e-01 1.524806554392353283e-02 0.000000000000000000e+00
5.325000000000000000e+04 2.130119984373290976e-01 1.465634956759217233e-01 5.158170232134728916e-01 3.202093764223941652e-01 1.741010468821119553e-02 0.000000000000000000e+00
5.350000000000000000e+04 2.140120547680206542e-01 1.455393718707328199e-01 5.190031861629494925e-01 3.180473372781065233e-01 1.741010468821119553e-02 0.000000000000000000e+00
5.375000000000000000e+04 2.150121110987124329e-01 1.446290395994538069e-01 5.256030951297223641e-01 3.113336367774237612e-01 1.843422849340009204e-02 0.000000000000000000e+00
5.400000000000000000e+04 2.160121674294042116e-01 1.497496586253982687e-01 5.545061447428311086e-01 2.775375512061902805e-01 1.820664542558033533e-02 0.000000000000000000e+00
5.425000000000000000e+04 2.170122237600957682e-01 1.412152935821574806e-01 5.794264906690942407e-01 2.676376877560309731e-01 1.172052799271734204e-02 0.000000000000000000e+00
5.450000000000000000e+04 2.180122800907875469e-01 1.345015930814747462e-01 5.751024123805188459e-01 2.759444697314519801e-01 1.445152480655439303e-02 0.000000000000000000e+00
5.475000000000000000e+04 2.190123364214791035e-01 1.286982248520709970e-01 5.769230769230768718e-01 2.839098771051433712e-01 1.046882111970869403e-02 0.000000000000000000e+00
5.500000000000000000e+04 2.200123927521708822e-01 1.315430131998179264e-01 5.743058716431497235e-01 2.829995448338643582e-01 1.115157032316795548e-02 0.000000000000000000e+00
5.525000000000000000e+04 2.210124490828624388e-01 1.294947655894401473e-01 5.729403732362312596e-01 2.881201638598088199e-01 9.444697314519799256e-03 0.000000000000000000e+00
5.550000000000000000e+04 2.220125054135542175e-01 1.307464724624488039e-01 5.721438324988621371e-01 2.862994993172507940e-01 1.081019572143832562e-02 0.000000000000000000e+00
5.575000000000000000e+04 2.230125617442459962e-01 1.281292671825216278e-01 5.724852071005916976e-01 2.897132453345471204e-01 9.672280382339554228e-03 0.000000000000000000e+00
5.600000000000000000e+04 2.240126180749375528e-01 1.326809285389166926e-01 5.669094219390077294e-01 2.898270368684570109e-01 1.058261265361857065e-02 0.000000000000000000e+00
5.625000000000000000e+04 2.250126744056293315e-01 1.293809740555302568e-01 5.661128812016386069e-01 2.917614929449248717e-01 1.274465179790623508e-02 0.000000000000000000e+00
5.650000000000000000e+04 2.260127307363208882e-01 1.302913063268092975e-01 5.672507965407374009e-01 2.905097860719162428e-01 1.194811106053709528e-02 0.000000000000000000e+00
5.675000000000000000e+04 2.270127870670126669e-01 1.364360491579426626e-01 5.597405553026855163e-01 2.908511606736458588e-01 1.297223486572599005e-02 0.000000000000000000e+00
