# itime ezz other fcc hcp bcc ico
0.000000000000000000e+00 0.000000000000000000e+00 4.551661356395084266e-04 9.995448338643604380e-01 0.000000000000000000e+00 0.000000000000000000e+00 0.000000000000000000e+00
3.000000000000000000e+00 1.200012493610014275e-03 6.827492034592626399e-04 9.993172507965407680e-01 0.000000000000000000e+00 0.000000000000000000e+00 0.000000000000000000e+00
6.000000000000000000e+00 2.400024987220028549e-03 1.024123805188893906e-03 9.989758761948110966e-01 0.000000000000000000e+00 0.000000000000000000e+00 0.000000000000000000e+00
9.000000000000000000e+00 3.600037480830264869e-03 4.551661356395084266e-04 9.995448338643604380e-01 0.000000000000000000e+00 0.000000000000000000e+00 0.000000000000000000e+00
1.200000000000000000e+01 4.800049974440279144e-03 4.551661356395084266e-04 9.995448338643604380e-01 0.000000000000000000e+00 0.000000000000000000e+00 0.000000000000000000e+00
1.500000000000000000e+01 6.000062468050293418e-03 1.934456076467910759e-03 9.980655439235320836e-01 0.000000000000000000e+00 0.000000000000000000e+00 0.000000000000000000e+00
1.800000000000000000e+01 7.200074961660307693e-03 2.617205279927173507e-03 9.973827947200728516e-01 0.000000000000000000e+00 0.000000000000000000e+00 0.000000000000000000e+00
2.100000000000000000e+01 8.400087455270544012e-03 2.275830678197541916e-03 9.977241693218024121e-01 0.000000000000000000e+00 0.000000000000000000e+00 0.000000000000000000e+00
2.400000000000000000e+01 9.600099948880558287e-03 2.730996813837050560e-03 9.972690031861629611e-01 0.000000000000000000e+00 0.000000000000000000e+00 0.000000000000000000e+00
2.700000000000000000e+01 1.080011244249057256e-02 3.527537551206190360e-03 9.964724624487938387e-01 0.000000000000000000e+00 0.000000000000000000e+00 0.000000000000000000e+00
3.000000000000000000e+01 1.200012493610058684e-02 3.413746017296313308e-03 9.965862539827037292e-01 0.000000000000000000e+00 0.000000000000000000e+00 0.000000000000000000e+00
3.300000000000000000e+01 1.320013742971060111e-02 2.275830678197541916e-03 9.977241693218024121e-01 0.000000000000000000e+00 0.000000000000000000e+00 0.000000000000000000e+00
3.600000000000000000e+01 1.440014992332083743e-02 1.934456076467910759e-03 9.980655439235320836e-01 0.000000000000000000e+00 0.000000000000000000e+00 0.000000000000000000e+00
3.900000000000000000e+01 1.560016241693085171e-02 1.137915339098770958e-03 9.988620846609012061e-01 0.000000000000000000e+00 0.000000000000000000e+00 0.000000000000000000e+00
4.200000000000000000e+01 1.680017491054086598e-02 1.251706873008648227e-03 9.987482931269913156e-01 0.000000000000000000e+00 0.000000000000000000e+00 0.000000000000000000e+00
4.500000000000000000e+01 1.800018740415088025e-02 1.820664542558033706e-03 9.980655439235320836e-01 0.000000000000000000e+00 1.137915339098771066e-04 0.000000000000000000e+00
4.800000000000000000e+01 1.920019989776089453e-02 2.503413746017296455e-03 9.974965862539827421e-01 0.000000000000000000e+00 0.000000000000000000e+00 0.000000000000000000e+00
5.100000000000000000e+01 2.040021239137113085e-02 3.186162949476558769e-03 9.968138370505233992e-01 0.000000000000000000e+00 0.000000000000000000e+00 0.000000000000000000e+00
5.400000000000000000e+01 2.160022488498114512e-02 2.048247610377787811e-03 9.978379608557123026e-01 0.000000000000000000e+00 1.137915339098771066e-04 0.000000000000000000e+00
5.700000000000000000e+01 2.280023737859115940e-02 1.934456076467910759e-03 9.980655439235320836e-01 0.000000000000000000e+00 0.000000000000000000e+00 0.000000000000000000e+00
6.000000000000000000e+01 2.400024987220117367e-02 1.593081474738279385e-03 9.984069185252617551e-01 0.000000000000000000e+00 0.000000000000000000e+00 0.000000000000000000e+00
6.300000000000000000e+01 2.520026236581140999e-02 1.706873008648156654e-03 9.982931269913518646e-01 0.000000000000000000e+00 0.000000000000000000e+00 0.000000000000000000e+00
6.600000000000000000e+01 2.640027485942142427e-02 2.389622212107419402e-03 9.976103777878926326e-01 0.000000000000000000e+00 0.000000000000000000e+00 0.000000000000000000e+00
6.900000000000000000e+01 2.760028735303143854e-02 2.048247610377787811e-03 9.979517523896221931e-01 0.000000000000000000e+00 0.000000000000000000e+00 0.000000000000000000e+00
7.200000000000000000e+01 2.880029984664145282e-02 2.844788347746927612e-03 9.970414201183431802e-01 0.000000000000000000e+00 1.137915339098771066e-04 0.000000000000000000e+00
7.500000000000000000e+01 3.000031234025146709e-02 4.551661356395083832e-03 9.954483386436049352e-01 0.000000000000000000e+00 0.000000000000000000e+00 0.000000000000000000e+00
7.800000000000000000e+01 3.120032483386170341e-02 4.551661356395083832e-03 9.954483386436049352e-01 0.000000000000000000e+00 0.000000000000000000e+00 0.000000000000000000e+00
8.100000000000000000e+01 3.240033732747171769e-02 5.234410559854347014e-03 9.947655894401457033e-01 0.000000000000000000e+00 0.000000000000000000e+00 0.000000000000000000e+00
8.400000000000000000e+01 3.360034982108173196e-02 4.324078288575329727e-03 9.956759217114247162e-01 0.000000000000000000e+00 0.000000000000000000e+00 0.000000000000000000e+00
8.700000000000000000e+01 3.480036231469174623e-02 3.868912152935821518e-03 9.961310878470641672e-01 0.000000000000000000e+00 0.000000000000000000e+00 0.000000000000000000e+00
9.000000000000000000e+01 3.600037480830198255e-02 3.527537551206190360e-03 9.963586709148839482e-01 0.000000000000000000e+00 1.137915339098771066e-04 0.000000000000000000e+00
9.300000000000000000e+01 3.720038730191199683e-02 5.120619025944469528e-03 9.947655894401457033e-01 0.000000000000000000e+00 1.137915339098771066e-04 0.000000000000000000e+00
9.600000000000000000e+01 3.840039979552201110e-02 6.599908966772872511e-03 9.934000910332271284e-01 0.000000000000000000e+00 0.000000000000000000e+00 0.000000000000000000e+00
9.900000000000000000e+01 3.960041228913202538e-02 5.120619025944469528e-03 9.948793809740554828e-01 0.000000000000000000e+00 0.000000000000000000e+00 0.000000000000000000e+00
1.020000000000000000e+02 4.080042478274203965e-02 5.234410559854347014e-03 9.947655894401457033e-01 0.000000000000000000e+00 0.000000000000000000e+00 0.000000000000000000e+00
1.050000000000000000e+02 4.200043727635227597e-02 5.575785161583977738e-03 9.943104233045061413e-01 0.000000000000000000e+00 1.137915339098771066e-04 0.000000000000000000e+00
1.080000000000000000e+02 4.320044976996229025e-02 6.486117432862995025e-03 9.931725079654073474e-01 0.000000000000000000e+00 3.413746017296313199e-04 0.000000000000000000e+00
1.110000000000000000e+02 4.440046226357230452e-02 7.168866636322257339e-03 9.924897587619481154e-01 0.000000000000000000e+00 3.413746017296313199e-04 0.000000000000000000e+00
1.140000000000000000e+02 4.560047475718231880e-02 8.079198907601274626e-03 9.915794264906691025e-01 0.000000000000000000e+00 3.413746017296313199e-04 0.000000000000000000e+00
1.170000000000000000e+02 4.680048725079233307e-02 8.648156577150659455e-03 9.908966772872098705e-01 0.000000000000000000e+00 4.551661356395084266e-04 0.000000000000000000e+00
1.200000000000000000e+02 4.800049974440256939e-02 1.035502958579881741e-02 9.890760127446518446e-01 0.000000000000000000e+00 5.689576695493854790e-04 0.000000000000000000e+00
1.230000000000000000e+02 4.920051223801258367e-02 9.558488848429677609e-03 9.897587619481110766e-01 0.000000000000000000e+00 6.827492034592626399e-04 0.000000000000000000e+00
1.260000000000000000e+02 5.040052473162259794e-02 9.330905780609922637e-03 9.902139280837505275e-01 0.000000000000000000e+00 4.551661356395084266e-04 0.000000000000000000e+00
1.290000000000000000e+02 5.160053722523261222e-02 8.192990441511151245e-03 9.914656349567592120e-01 0.000000000000000000e+00 3.413746017296313199e-04 0.000000000000000000e+00
1.320000000000000000e+02 5.280054971884284853e-02 7.168866636322257339e-03 9.926035502958580059e-01 0.000000000000000000e+00 2.275830678197542133e-04 0.000000000000000000e+00
1.350000000000000000e+02 5.400056221245286281e-02 9.786071916249430847e-03 9.901001365498406370e-01 0.000000000000000000e+00 1.137915339098771066e-04 0.000000000000000000e+00
1.380000000000000000e+02 5.520057470606287708e-02 1.240327719617660522e-02 9.872553482020938187e-01 0.000000000000000000e+00 3.413746017296313199e-04 0.000000000000000000e+00
1.410000000000000000e+02 5.640058719967289136e-02 1.786527082385070547e-02 9.815657715065999600e-01 0.000000000000000000e+00 5.689576695493854790e-04 0.000000000000000000e+00
1.440000000000000000e+02 5.760059969328290563e-02 2.002730996813837164e-02 9.791761492944924816e-01 0.000000000000000000e+00 7.965407373691396923e-04 0.000000000000000000e+00
1.470000000000000000e+02 5.880061218689314195e-02 2.139280837505689453e-02 9.774692762858443462e-01 0.000000000000000000e+00 1.137915339098770958e-03 0.000000000000000000e+00
1.500000000000000000e+02 6.000062468050315623e-02 2.162039144287665124e-02 9.772416932180245652e-01 0.000000000000000000e+00 1.137915339098770958e-03 0.000000000000000000e+00
1.530000000000000000e+02 6.120063717411317050e-02 2.344105598543468408e-02 9.753072371415566488e-01 0.000000000000000000e+00 1.251706873008648227e-03 0.000000000000000000e+00
1.560000000000000000e+02 6.240064966772318478e-02 2.560309512972235024e-02 9.731451979972689514e-01 0.000000000000000000e+00 1.251706873008648227e-03 0.000000000000000000e+00
1.590000000000000000e+02 6.360066216133342110e-02 2.503413746017296368e-02 9.736003641329085134e-01 0.000000000000000000e+00 1.365498406918525280e-03 0.000000000000000000e+00
1.620000000000000000e+02 6.480067465494343537e-02 2.469276285844333035e-02 9.739417387346381849e-01 0.000000000000000000e+00 1.365498406918525280e-03 0.000000000000000000e+00
1.650000000000000000e+02 6.600068714855344965e-02 2.309968138370505075e-02 9.761037778789257713e-01 0.000000000000000000e+00 7.965407373691396923e-04 0.000000000000000000e+00
1.680000000000000000e+02 6.720069964216346392e-02 2.173418297678652786e-02 9.774692762858443462e-01 0.000000000000000000e+00 7.965407373691396923e-04 0.000000000000000000e+00
1.710000000000000000e+02 6.840071213577347820e-02 2.548930359581247015e-02 9.733727810650887324e-01 0.000000000000000000e+00 1.137915339098770958e-03 0.000000000000000000e+00
1.740000000000000000e+02 6.960072462938371451e-02 2.913063268092853930e-02 9.697314519799726806e-01 0.000000000000000000e+00 1.137915339098770958e-03 0.000000000000000000e+00
1.770000000000000000e+02 7.080073712299372879e-02 3.106508875739644876e-02 9.674556213017750927e-01 0.000000000000000000e+00 1.479289940828402332e-03 0.000000000000000000e+00
1.800000000000000000e+02 7.200074961660374306e-02 3.618570778334091742e-02 9.621074192080109055e-01 0.000000000000000000e+00 1.706873008648156654e-03 0.000000000000000000e+00
1.830000000000000000e+02 7.320076211021375734e-02 3.880291306326809353e-02 9.600591715976330986e-01 0.000000000000000000e+00 1.137915339098770958e-03 0.000000000000000000e+00
1.860000000000000000e+02 7.440077460382377161e-02 3.891670459717797015e-02 9.601729631315429891e-01 0.000000000000000000e+00 9.103322712790168532e-04 0.000000000000000000e+00
1.890000000000000000e+02 7.560078709743400793e-02 3.914428766499772339e-02 9.599453800637232082e-01 0.000000000000000000e+00 9.103322712790168532e-04 0.000000000000000000e+00
1.920000000000000000e+02 7.680079959104402221e-02 4.312699135184342586e-02 9.559626763768775959e-01 0.000000000000000000e+00 9.103322712790168532e-04 0.000000000000000000e+00
1.950000000000000000e+02 7.800081208465403648e-02 4.779244424214838111e-02 9.515248065543923106e-01 0.000000000000000000e+00 6.827492034592626399e-04 0.000000000000000000e+00
1.980000000000000000e+02 7.920082457826405076e-02 5.188893946290396020e-02 9.460628129267182329e-01 0.000000000000000000e+00 2.048247610377787811e-03 0.000000000000000000e+00
2.010000000000000000e+02 8.040083707187428708e-02 5.678197542102867562e-02 9.401456531634045932e-01 0.000000000000000000e+00 3.072371415566681717e-03 0.000000000000000000e+00
2.040000000000000000e+02 8.160084956548430135e-02 5.951297223486572835e-02 9.382111970869366768e-01 0.000000000000000000e+00 2.275830678197541916e-03 0.000000000000000000e+00
2.070000000000000000e+02 8.280086205909431563e-02 6.304050978607191047e-02 9.345698680018206250e-01 0.000000000000000000e+00 2.389622212107419402e-03 0.000000000000000000e+00
2.100000000000000000e+02 8.400087455270432990e-02 6.736458807464724974e-02 9.302457897132453413e-01 0.000000000000000000e+00 2.389622212107419402e-03 0.000000000000000000e+00
2.130000000000000000e+02 8.520088704631434418e-02 7.168866636322257513e-02 9.259217114246700575e-01 0.000000000000000000e+00 2.389622212107419402e-03 0.000000000000000000e+00
2.160000000000000000e+02 8.640089953992458049e-02 7.954028220300408958e-02 9.177287209831588299e-01 0.000000000000000000e+00 2.730996813837050560e-03 0.000000000000000000e+00
2.190000000000000000e+02 8.760091203353459477e-02 8.693673190714611143e-02 9.096495220755576039e-01 0.000000000000000000e+00 3.413746017296313308e-03 0.000000000000000000e+00
2.220000000000000000e+02 8.880092452714460904e-02 9.512972234865725574e-02 9.004324078288575839e-01 0.000000000000000000e+00 4.437869822485207214e-03 0.000000000000000000e+00
2.250000000000000000e+02 9.000093702075462332e-02 1.019572143832498806e-01 8.936049157942649313e-01 0.000000000000000000e+00 4.437869822485207214e-03 0.000000000000000000e+00
2.280000000000000000e+02 9.120094951436485964e-02 1.079881656804733692e-01 8.873463814292216201e-01 0.000000000000000000e+00 4.665452890304961318e-03 0.000000000000000000e+00
2.310000000000000000e+02 9.240096200797487391e-02 1.150432407828857473e-01 8.788120163859808320e-01 0.000000000000000000e+00 6.144742831133363434e-03 0.000000000000000000e+00
2.340000000000000000e+02 9.360097450158488819e-02 1.249431042330450548e-01 8.682294037323623481e-01 0.000000000000000000e+00 6.827492034592626616e-03 0.000000000000000000e+00
2.370000000000000000e+02 9.480098699519490246e-02 1.357532999544833752e-01 8.567364588074647402e-01 0.000000000000000000e+00 7.510241238051888930e-03 0.000000000000000000e+00
2.400000000000000000e+02 9.600099948880491674e-02 1.466772872098315861e-01 8.461538461538461453e-01 0.000000000000000000e+00 7.168866636322257339e-03 0.000000000000000000e+00
2.430000000000000000e+02 9.720101198241515306e-02 1.533909877105143482e-01 8.383022303140645892e-01 0.000000000000000000e+00 8.306781975421027864e-03 0.000000000000000000e+00
2.460000000000000000e+02 9.840102447602516733e-02 1.619253527537551085e-01 8.294264906690942407e-01 0.000000000000000000e+00 8.648156577150659455e-03 0.000000000000000000e+00
2.490000000000000000e+02 9.960103696963518161e-02 1.689804278561675144e-01 8.206645425580336717e-01 0.000000000000000000e+00 1.035502958579881741e-02 0.000000000000000000e+00
2.520000000000000000e+02 1.008010494632451959e-01 1.731907146108329631e-01 8.170232134729176199e-01 0.000000000000000000e+00 9.786071916249430847e-03 0.000000000000000000e+00
2.550000000000000000e+02 1.020010619568552102e-01 1.775147928994082747e-01 8.116750113791534327e-01 0.000000000000000000e+00 1.081019572143832562e-02 0.000000000000000000e+00
2.580000000000000000e+02 1.032010744504654465e-01 1.893491124260354985e-01 7.998406918525261533e-01 0.000000000000000000e+00 1.081019572143832562e-02 0.000000000000000000e+00
2.610000000000000000e+02 1.044010869440754607e-01 1.945835229858898507e-01 7.928994082840237212e-01 0.000000000000000000e+00 1.251706873008648184e-02 0.000000000000000000e+00
2.640000000000000000e+02 1.056010994376854750e-01 2.030040964952207483e-01 7.835685025034136997e-01 0.000000000000000000e+00 1.342740100136549826e-02 0.000000000000000000e+00
2.670000000000000000e+02 1.068011119312954893e-01 2.146108329540282189e-01 7.713928083750568598e-01 0.000000000000000000e+00 1.399635867091488309e-02 0.000000000000000000e+00
2.700000000000000000e+02 1.080011244249057256e-01 2.257624032771961831e-01 7.581929904415111166e-01 0.000000000000000000e+00 1.604460628129267263e-02 0.000000000000000000e+00
2.730000000000000000e+02 1.092011369185157399e-01 2.327036868456986707e-01 7.506827492034592320e-01 0.000000000000000000e+00 1.661356395084205573e-02 0.000000000000000000e+00
2.760000000000000000e+02 1.104011494121257542e-01 2.478379608557123304e-01 7.360036413290851343e-01 0.000000000000000000e+00 1.615839781520254925e-02 0.000000000000000000e+00
2.790000000000000000e+02 1.116011619057357684e-01 2.570550751024123781e-01 7.267865270823851143e-01 0.000000000000000000e+00 1.615839781520254925e-02 0.000000000000000000e+00
2.820000000000000000e+02 1.128011743993457827e-01 2.736686390532544477e-01 7.076695493855257313e-01 0.000000000000000000e+00 1.866181156121984527e-02 0.000000000000000000e+00
2.850000000000000000e+02 1.140011868929560190e-01 2.849340009103322746e-01 6.937869822485207560e-01 0.000000000000000000e+00 2.127901684114701791e-02 0.000000000000000000e+00
2.880000000000000000e+02 1.152011993865660333e-01 3.001820664542558248e-01 6.786527082385070964e-01 0.000000000000000000e+00 2.116522530723714129e-02 0.000000000000000000e+00
2.910000000000000000e+02 1.164012118801760476e-01 3.189576695493855363e-01 6.582840236686390289e-01 0.000000000000000000e+00 2.275830678197542090e-02 0.000000000000000000e+00
2.940000000000000000e+02 1.176012243737860619e-01 3.345471096950387024e-01 6.403049613108784399e-01 0.000000000000000000e+00 2.514792899408284030e-02 0.000000000000000000e+00
2.970000000000000000e+02 1.188012368673962982e-01 3.480883022303140617e-01 6.252844788347746707e-01 1.137915339098771066e-04 2.651342740100136666e-02 0.000000000000000000e+00
3.000000000000000000e+02 1.200012493610063125e-01 3.615157032316795860e-01 6.102639963586709015e-01 0.000000000000000000e+00 2.822030040964952288e-02 0.000000000000000000e+00
3.030000000000000000e+02 1.212012618546163267e-01 3.746017296313154388e-01 5.949021392808374609e-01 0.000000000000000000e+00 3.049613108784706567e-02 0.000000000000000000e+00
3.060000000000000000e+02 1.224012743482263410e-01 3.947428311333636697e-01 5.718024578971324656e-01 0.000000000000000000e+00 3.345471096950387163e-02 0.000000000000000000e+00
3.090000000000000000e+02 1.236012868418363553e-01 4.124943104233045332e-01 5.501820664542558248e-01 1.137915339098771066e-04 3.720983158852981393e-02 0.000000000000000000e+00
3.120000000000000000e+02 1.248012993354465916e-01 4.330905780609922706e-01 5.292444242148384159e-01 1.137915339098771066e-04 3.755120619025944378e-02 0.000000000000000000e+00
3.150000000000000000e+02 1.260013118290566059e-01 4.498179335457441752e-01 5.096722803823395820e-01 1.137915339098771066e-04 4.039599453800637313e-02 0.000000000000000000e+00
3.180000000000000000e+02 1.272013243226666201e-01 4.597177969959034827e-01 4.963586709148839482e-01 1.137915339098771066e-04 4.380974055530268557e-02 0.000000000000000000e+00
3.210000000000000000e+02 1.284013368162766344e-01 4.745106964041875264e-01 4.803140646335912756e-01 4.551661356395084266e-04 4.472007282658170546e-02 0.000000000000000000e+00
3.240000000000000000e+02 1.296013493098866487e-01 4.895311788802912956e-01 4.615384615384615641e-01 5.689576695493854790e-04 4.836140191169777114e-02 0.000000000000000000e+00
3.270000000000000000e+02 1.308013618034968850e-01 5.069412835685025431e-01 4.402594446973145392e-01 1.251706873008648227e-03 5.154756486117433034e-02 0.000000000000000000e+00
3.300000000000000000e+02 1.320013742971068993e-01 5.163859808830223441e-01 4.269458352298589054e-01 1.365498406918525280e-03 5.530268548020027264e-02 0.000000000000000000e+00
3.330000000000000000e+02 1.332013867907169136e-01 5.282203004096495125e-01 4.119253527537551363e-01 1.137915339098770958e-03 5.871643149749658508e-02 0.000000000000000000e+00
3.360000000000000000e+02 1.344013992843269278e-01 5.434683659535730627e-01 3.916704597177970149e-01 1.479289940828402332e-03 6.338188438780155420e-02 0.000000000000000000e+00
3.390000000000000000e+02 1.356014117779371642e-01 5.515475648611742887e-01 3.785844333181611066e-01 1.934456076467910759e-03 6.793354574419663283e-02 0.000000000000000000e+00
3.420000000000000000e+02 1.368014242715471784e-01 5.695266272189348777e-01 3.592398725534819981e-01 1.593081474738279385e-03 6.964041875284478211e-02 0.000000000000000000e+00
3.450000000000000000e+02 1.380014367651571927e-01 5.872781065088756858e-01 3.396677287209831642e-01 1.479289940828402332e-03 7.157487482931269851e-02 0.000000000000000000e+00
3.480000000000000000e+02 1.392014492587672070e-01 6.026399635867091265e-01 3.206645425580336717e-01 1.706873008648156654e-03 7.498862084660901095e-02 0.000000000000000000e+00
3.510000000000000000e+02 1.404014617523772213e-01 6.156121984524350887e-01 3.040509786071916021e-01 2.617205279927173507e-03 7.771961766044606368e-02 0.000000000000000000e+00
3.540000000000000000e+02 1.416014742459874576e-01 6.335912608101956778e-01 2.822030040964952358e-01 2.958579881656804664e-03 8.124715521165225274e-02 0.000000000000000000e+00
3.570000000000000000e+02 1.428014867395974719e-01 6.403049613108784399e-01 2.697997269003186149e-01 2.958579881656804664e-03 8.693673190714611143e-02 0.000000000000000000e+00
3.600000000000000000e+02 1.440014992332074861e-01 6.561219845243514426e-01 2.511379153390987939e-01 3.413746017296313308e-03 8.932635411925353430e-02 0.000000000000000000e+00
3.630000000000000000e+02 1.452015117268175004e-01 6.623805188893946427e-01 2.374829312699135164e-01 3.641329085116067413e-03 9.649522075557578904e-02 0.000000000000000000e+00
3.660000000000000000e+02 1.464015242204277367e-01 6.717114246700045532e-01 2.208693673190714746e-01 3.641329085116067413e-03 1.037778789258079204e-01 0.000000000000000000e+00
3.690000000000000000e+02 1.476015367140377510e-01 6.768320436959490705e-01 2.083522985889849910e-01 4.437869822485207214e-03 1.103777878925807920e-01 0.000000000000000000e+00
3.720000000000000000e+02 1.488015492076477653e-01 6.812699135184342447e-01 2.022075557578516258e-01 4.779244424214838804e-03 1.117432862994993115e-01 0.000000000000000000e+00
3.750000000000000000e+02 1.500015617012577795e-01 6.855939918070095285e-01 1.915111515703231682e-01 5.006827492034592909e-03 1.178880291306326766e-01 0.000000000000000000e+00
3.780000000000000000e+02 1.512015741948677938e-01 6.972007282658170269e-01 1.779699590350477811e-01 5.803368229403732710e-03 1.190259444697314567e-01 0.000000000000000000e+00
3.810000000000000000e+02 1.524015866884780301e-01 7.043695949021392400e-01 1.654528903049612976e-01 7.510241238051888930e-03 1.226672735548475224e-01 0.000000000000000000e+00
3.840000000000000000e+02 1.536015991820880444e-01 7.055075102412380339e-01 1.622667273554847522e-01 8.420573509330906217e-03 1.238051888939462886e-01 0.000000000000000000e+00
3.870000000000000000e+02 1.548016116756980587e-01 7.140418752844788219e-01 1.537323623122439642e-01 8.761948111060537808e-03 1.234638142922166587e-01 0.000000000000000000e+00
3.900000000000000000e+02 1.560016241693080730e-01 7.245106964041875264e-01 1.420118343195266308e-01 8.875739644970414427e-03 1.246017296313154249e-01 0.000000000000000000e+00
3.930000000000000000e+02 1.572016366629180872e-01 7.363450159308146947e-01 1.277878925807919841e-01 8.306781975421027864e-03 1.275603095129722309e-01 0.000000000000000000e+00
3.960000000000000000e+02 1.584016491565283236e-01 7.395311788802912956e-01 1.195949021392808398e-01 9.217114246700046018e-03 1.316568047337278169e-01 0.000000000000000000e+00
3.990000000000000000e+02 1.596016616501383378e-01 7.412380518889394310e-01 1.133363677742375980e-01 1.024123805188893906e-02 1.351843422849340060e-01 0.000000000000000000e+00
4.020000000000000000e+02 1.608016741437483521e-01 7.496586253982703285e-01 1.034365043240782905e-01 1.126536185707783383e-02 1.356395084205735124e-01 0.000000000000000000e+00
4.050000000000000000e+02 1.620016866373583664e-01 7.585343650432407880e-01 9.592626308602640595e-02 1.149294492489758707e-02 1.340464269458352398e-01 0.000000000000000000e+00
4.080000000000000000e+02 1.632016991309686027e-01 7.616067364588074984e-01 9.069185252617205373e-02 1.285844333181611343e-02 1.348429676832043622e-01 0.000000000000000000e+00
4.110000000000000000e+02 1.644017116245786170e-01 7.639963586709148657e-01 8.466090122894856518e-02 1.376877560309512985e-02 1.375739644970414288e-01 0.000000000000000000e+00
4.140000000000000000e+02 1.656017241181886313e-01 7.666135639508420141e-01 8.136094674556212936e-02 1.536185707783340945e-02 1.366636322257624159e-01 0.000000000000000000e+00
4.170000000000000000e+02 1.668017366117986455e-01 7.686618115612198210e-01 7.680928538916705073e-02 1.536185707783340945e-02 1.391670459717797015e-01 0.000000000000000000e+00
4.200000000000000000e+02 1.680017491054086598e-01 7.738962221210742287e-01 7.089212562585343880e-02 1.604460628129267263e-02 1.391670459717797015e-01 0.000000000000000000e+00
4.230000000000000000e+02 1.692017615990188961e-01 7.741238051888938987e-01 6.895766954938552240e-02 1.718252162039144229e-02 1.397360036413290985e-01 0.000000000000000000e+00
4.260000000000000000e+02 1.704017740926289104e-01 7.789030496131087444e-01 6.201638598088302090e-02 1.729631315430131891e-02 1.417842512517068776e-01 0.000000000000000000e+00
4.290000000000000000e+02 1.716017865862389247e-01 7.842512517068730427e-01 5.826126536185707860e-02 1.718252162039144229e-02 1.403049613108784677e-01 0.000000000000000000e+00
4.320000000000000000e+02 1.728017990798489389e-01 7.839098771051433712e-01 5.405097860719162289e-02 1.809285389167045871e-02 1.439462903959945472e-01 0.000000000000000000e+00
4.350000000000000000e+02 1.740018115734591753e-01 7.930131998179335007e-01 4.984069185252617412e-02 1.832043695949021542e-02 1.388256713700500578e-01 0.000000000000000000e+00
4.380000000000000000e+02 1.752018240670691895e-01 7.956304050978607600e-01 4.858898497951752438e-02 1.934456076467910846e-02 1.364360491579426626e-01 0.000000000000000000e+00
4.410000000000000000e+02 1.764018365606792038e-01 7.932407828857532817e-01 4.688211197086936816e-02 2.105143377332726468e-02 1.388256713700500578e-01 0.000000000000000000e+00
4.440000000000000000e+02 1.776018490542892181e-01 7.949476558944014171e-01 4.745106964041875125e-02 2.150659990896677115e-02 1.360946745562130189e-01 0.000000000000000000e+00
4.470000000000000000e+02 1.788018615478992324e-01 7.947200728265817471e-01 4.654073736913973830e-02 2.093764223941738806e-02 1.378015475648611821e-01 0.000000000000000000e+00
4.500000000000000000e+02 1.800018740415094687e-01 8.005234410559853853e-01 4.369594902139280895e-02 2.253072371415566766e-02 1.332498862084660896e-01 0.000000000000000000e+00
4.530000000000000000e+02 1.812018865351194830e-01 8.030268548020027541e-01 4.039599453800637313e-02 2.423759672280382388e-02 1.323395539371870766e-01 0.000000000000000000e+00
4.560000000000000000e+02 1.824018990287294972e-01 8.080336822940372699e-01 3.823395539371871044e-02 2.435138825671370050e-02 1.293809740555302568e-01 0.000000000000000000e+00
4.590000000000000000e+02 1.836019115223395115e-01 8.104233045061447482e-01 3.709604005461993731e-02 2.639963586709149004e-02 1.260810195721438209e-01 0.000000000000000000e+00
4.620000000000000000e+02 1.848019240159495258e-01 8.100819299044150767e-01 3.925807919890760000e-02 2.503413746017296368e-02 1.256258534365043145e-01 0.000000000000000000e+00
4.650000000000000000e+02 1.860019365095597621e-01 8.138370505234410190e-01 3.777878925807919702e-02 2.560309512972235024e-02 1.227810650887573990e-01 0.000000000000000000e+00
4.680000000000000000e+02 1.872019490031697764e-01 8.161128812016386069e-01 3.675466545289030745e-02 2.765134274010013632e-02 1.194811106053709632e-01 0.000000000000000000e+00
4.710000000000000000e+02 1.884019614967797907e-01 8.257851615839781889e-01 3.436504324078288458e-02 2.833409194355939950e-02 1.115157032316795582e-01 0.000000000000000000e+00
4.740000000000000000e+02 1.896019739903898049e-01 8.293126991351843502e-01 3.334091943559399501e-02 2.878925807919890598e-02 1.085571233500227523e-01 0.000000000000000000e+00
4.770000000000000000e+02 1.908019864840000412e-01 8.337505689576695245e-01 3.174783796085571541e-02 2.822030040964952288e-02 1.062812926718252199e-01 0.000000000000000000e+00
4.800000000000000000e+02 1.920019989776100555e-01 8.352298588984979899e-01 3.004096495220755572e-02 2.730996813837050646e-02 1.074192080109239861e-01 0.000000000000000000e+00
4.830000000000000000e+02 1.932020114712200698e-01 8.384160218479744797e-01 3.026854802002730896e-02 2.583067819754210348e-02 1.054847519344560697e-01 0.000000000000000000e+00
4.860000000000000000e+02 1.944020239648300841e-01 8.438780154756485574e-01 2.844788347746927612e-02 2.583067819754210348e-02 1.018434228493400040e-01 0.000000000000000000e+00
4.890000000000000000e+02 1.956020364584400983e-01 8.431952662721893255e-01 2.776513427401001294e-02 2.503413746017296368e-02 1.040054619936276736e-01 0.000000000000000000e+00
4.920000000000000000e+02 1.968020489520503347e-01 8.486572598998634032e-01 2.480655439235321044e-02 2.594446973145198010e-02 1.005917159763313612e-01 0.000000000000000000e+00
4.950000000000000000e+02 1.980020614456603489e-01 8.545744196631770428e-01 2.401001365498407064e-02 2.389622212107419055e-02 9.751934456076467861e-02 0.000000000000000000e+00
4.980000000000000000e+02 1.992020739392703632e-01 8.609467455621301335e-01 2.241693218024579104e-02 2.298588984979517413e-02 9.365043240782885969e-02 0.000000000000000000e+00
5.010000000000000000e+02 2.004020864328803775e-01 8.617432862994993670e-01 2.207555757851615771e-02 2.378243058716431393e-02 9.239872553482020301e-02 0.000000000000000000e+00
5.040000000000000000e+02 2.016020989264906138e-01 8.624260355029585989e-01 2.253072371415566766e-02 2.446517979062357712e-02 9.057806099226217711e-02 0.000000000000000000e+00
5.070000000000000000e+02 2.028021114201006281e-01 8.629949931725079404e-01 2.264451524806554428e-02 2.412380518889394726e-02 9.023668639053254725e-02 0.000000000000000000e+00
5.100000000000000000e+02 2.040021239137106424e-01 8.647018661811560758e-01 2.196176604460628110e-02 2.412380518889394726e-02 8.921256258534364381e-02 0.000000000000000000e+00
5.130000000000000000e+02 2.052021364073206566e-01 8.668639053254437732e-01 2.184797451069640448e-02 2.457897132453345374e-02 8.670914883932635819e-02 0.000000000000000000e+00
5.160000000000000000e+02 2.064021489009306709e-01 8.697086936731907025e-01 2.162039144287665124e-02 2.446517979062357712e-02 8.420573509330905870e-02 0.000000000000000000e+00
5.190000000000000000e+02 2.076021613945409072e-01 8.719845243513882904e-01 2.162039144287665124e-02 2.548930359581247015e-02 8.090578060992262288e-02 0.000000000000000000e+00
5.220000000000000000e+02 2.088021738881509215e-01 8.774465179790623681e-01 1.991351843422849502e-02 2.423759672280382388e-02 7.840236686390532339e-02 0.000000000000000000e+00
5.250000000000000000e+02 2.100021863817609358e-01 8.808602639963586389e-01 1.945835229858898507e-02 2.287209831588529751e-02 7.680928538916705073e-02 0.000000000000000000e+00
5.280000000000000000e+02 2.112021988753709500e-01 8.813154301319982009e-01 1.866181156121984527e-02 2.298588984979517413e-02 7.703686845698680397e-02 0.000000000000000000e+00
5.310000000000000000e+02 2.124022113689809643e-01 8.843878015475649113e-01 1.854802002730996865e-02 2.457897132453345374e-02 7.248520710059171146e-02 0.000000000000000000e+00
5.340000000000000000e+02 2.136022238625912006e-01 8.878015475648611821e-01 1.832043695949021542e-02 2.446517979062357712e-02 6.941283568502502888e-02 0.000000000000000000e+00
5.370000000000000000e+02 2.148022363562012149e-01 8.879153390987710726e-01 1.752389622212107562e-02 2.378243058716431393e-02 7.077833409194356218e-02 0.000000000000000000e+00
5.400000000000000000e+02 2.160022488498112292e-01 8.884842967683204140e-01 1.752389622212107562e-02 2.605826126536185672e-02 6.793354574419663283e-02 0.000000000000000000e+00
5.430000000000000000e+02 2.172022613434212435e-01 8.880291306326809631e-01 1.706873008648156567e-02 2.719617660446062984e-02 6.770596267637687959e-02 0.000000000000000000e+00
5.460000000000000000e+02 2.184022738370314798e-01 8.930359581247154788e-01 1.741010468821119553e-02 2.594446973145198010e-02 6.360946745562130744e-02 0.000000000000000000e+00
5.490000000000000000e+02 2.196022863306414941e-01 8.918980427856167958e-01 1.820664542558033533e-02 2.446517979062357712e-02 6.543013199817933334e-02 0.000000000000000000e+00
5.520000000000000000e+02 2.208022988242515083e-01 8.936049157942649313e-01 1.741010468821119553e-02 2.469276285844333035e-02 6.429221665908056715e-02 0.000000000000000000e+00
5.550000000000000000e+02 2.220023113178615226e-01 8.970186618115612021e-01 1.627218934911242587e-02 2.412380518889394726e-02 6.258534365043240399e-02 0.000000000000000000e+00
5.580000000000000000e+02 2.232023238114715369e-01 8.996358670914883504e-01 1.649977241693217911e-02 2.389622212107419055e-02 5.996813837050523482e-02 0.000000000000000000e+00
5.610000000000000000e+02 2.244023363050817732e-01 9.028220300409649512e-01 1.547564861174328607e-02 2.366863905325443732e-02 5.803368229403732537e-02 0.000000000000000000e+00
5.640000000000000000e+02 2.256023487986917875e-01 9.056668183887118806e-01 1.536185707783340945e-02 2.355484751934456070e-02 5.541647701411014926e-02 0.000000000000000000e+00
5.670000000000000000e+02 2.268023612923018018e-01 9.085116067364588099e-01 1.411015020482476144e-02 2.492034592626308706e-02 5.245789713245334329e-02 0.000000000000000000e+00
5.700000000000000000e+02 2.280023737859118160e-01 9.090805644060081514e-01 1.479289940828402289e-02 2.492034592626308706e-02 5.120619025944470049e-02 0.000000000000000000e+00
5.730000000000000000e+02 2.292023862795220523e-01 9.101046882111970548e-01 1.422394173873463806e-02 2.401001365498407064e-02 5.166135639508420696e-02 0.000000000000000000e+00
5.760000000000000000e+02 2.304023987731320666e-01 9.155666818388711325e-01 1.297223486572599005e-02 2.355484751934456070e-02 4.790623577605826466e-02 0.000000000000000000e+00
5.790000000000000000e+02 2.316024112667420809e-01 9.172735548475193790e-01 1.445152480655439303e-02 2.264451524806554428e-02 4.563040509786071841e-02 0.000000000000000000e+00
5.820000000000000000e+02 2.328024237603520952e-01 9.178425125170687204e-01 1.547564861174328607e-02 2.139280837505689453e-02 4.528903049613108855e-02 0.000000000000000000e+00
5.850000000000000000e+02 2.340024362539621094e-01 9.187528447883477334e-01 1.467910787437414627e-02 2.287209831588529751e-02 4.369594902139280895e-02 0.000000000000000000e+00
5.880000000000000000e+02 2.352024487475723458e-01 9.202321347291761988e-01 1.479289940828402289e-02 2.241693218024579104e-02 4.255803368229403583e-02 0.000000000000000000e+00
5.910000000000000000e+02 2.364024612411823600e-01 9.188666363222576239e-01 1.479289940828402289e-02 2.309968138370505075e-02 4.324078288575330248e-02 0.000000000000000000e+00
5.940000000000000000e+02 2.376024737347923743e-01 9.182976786527082824e-01 1.581702321347291593e-02 2.309968138370505075e-02 4.278561675011378906e-02 0.000000000000000000e+00
5.970000000000000000e+02 2.388024862284023886e-01 9.210286754665453213e-01 1.604460628129267263e-02 2.332726445152480746e-02 3.959945380063722986e-02 0.000000000000000000e+00
6.000000000000000000e+02 2.400024987220124029e-01 9.246700045516613731e-01 1.570323167956303931e-02 2.264451524806554428e-02 3.698224852071006069e-02 0.000000000000000000e+00
6.030000000000000000e+02 2.412025112156226392e-01 9.276285844333181929e-01 1.604460628129267263e-02 2.173418297678652786e-02 3.459262630860263782e-02 0.000000000000000000e+00
6.060000000000000000e+02 2.424025237092326535e-01 9.269458352298588499e-01 1.593081474738279601e-02 2.196176604460628110e-02 3.516158397815202785e-02 0.000000000000000000e+00
6.090000000000000000e+02 2.436025362028426677e-01 9.297906235776057793e-01 1.479289940828402289e-02 2.184797451069640448e-02 3.356850250341374825e-02 0.000000000000000000e+00
6.120000000000000000e+02 2.448025486964526820e-01 9.304733727810651223e-01 1.445152480655439303e-02 2.184797451069640448e-02 3.322712790168411146e-02 0.000000000000000000e+00
6.150000000000000000e+02 2.460025611900629183e-01 9.334319526627219421e-01 1.308602639963586667e-02 1.968593536640873831e-02 3.379608557123350149e-02 0.000000000000000000e+00
6.180000000000000000e+02 2.472025736836729326e-01 9.353664087391898585e-01 1.251706873008648184e-02 1.957214383249886169e-02 3.254437869822485174e-02 0.000000000000000000e+00
6.210000000000000000e+02 2.484025861772829469e-01 9.342284934000910646e-01 1.228948566226672687e-02 2.014110150204824826e-02 3.334091943559399501e-02 0.000000000000000000e+00
6.240000000000000000e+02 2.496025986708929612e-01 9.337733272644515026e-01 1.217569412835685025e-02 2.025489303595812488e-02 3.379608557123350149e-02 0.000000000000000000e+00
6.270000000000000000e+02 2.508026111645029754e-01 9.351388256713700775e-01 1.240327719617660522e-02 1.911697769685935522e-02 3.334091943559399501e-02 0.000000000000000000e+00
6.300000000000000000e+02 2.520026236581132117e-01 9.367319071461083224e-01 1.263086026399635846e-02 1.877560309512972189e-02 3.186162949476559203e-02 0.000000000000000000e+00
6.330000000000000000e+02 2.532026361517232260e-01 9.396904870277651423e-01 1.183431952662721866e-02 1.843422849340009204e-02 3.004096495220755572e-02 0.000000000000000000e+00
6.360000000000000000e+02 2.544026486453332403e-01 9.410559854346836062e-01 1.228948566226672687e-02 1.866181156121984527e-02 2.799271734182976618e-02 0.000000000000000000e+00
6.390000000000000000e+02 2.556026611389432546e-01 9.396904870277651423e-01 1.308602639963586667e-02 1.911697769685935522e-02 2.810650887573964626e-02 0.000000000000000000e+00
6.420000000000000000e+02 2.568026736325534909e-01 9.413973600364132777e-01 1.365498406918525323e-02 1.888939462903959851e-02 2.605826126536185672e-02 0.000000000000000000e+00
6.450000000000000000e+02 2.580026861261635052e-01 9.431042330450614131e-01 1.285844333181611343e-02 1.900318616294947513e-02 2.503413746017296368e-02 0.000000000000000000e+00
6.480000000000000000e+02 2.592026986197735194e-01 9.444697314519799880e-01 1.228948566226672687e-02 1.934456076467910846e-02 2.378243058716431393e-02 1.137915339098771066e-04
6.510000000000000000e+02 2.604027111133835337e-01 9.448111060537096595e-01 1.228948566226672687e-02 1.934456076467910846e-02 2.355484751934456070e-02 0.000000000000000000e+00
6.540000000000000000e+02 2.616027236069935480e-01 9.421939007737824001e-01 1.183431952662721866e-02 1.979972690031861493e-02 2.617205279927173334e-02 0.000000000000000000e+00
6.570000000000000000e+02 2.628027361006037843e-01 9.412835685025033872e-01 1.228948566226672687e-02 1.911697769685935522e-02 2.730996813837050646e-02 0.000000000000000000e+00
6.600000000000000000e+02 2.640027485942137986e-01 9.421939007737824001e-01 1.365498406918525323e-02 1.706873008648156567e-02 2.708238507055074976e-02 0.000000000000000000e+00
6.630000000000000000e+02 2.652027610878238129e-01 9.433318161128811941e-01 1.274465179790623508e-02 1.832043695949021542e-02 2.560309512972235024e-02 0.000000000000000000e+00
6.660000000000000000e+02 2.664027735814338271e-01 9.442421483841602070e-01 1.194811106053709528e-02 1.991351843422849502e-02 2.378243058716431393e-02 1.137915339098771066e-04
6.690000000000000000e+02 2.676027860750438414e-01 9.456076467910787819e-01 1.172052799271734204e-02 2.002730996813837164e-02 2.264451524806554428e-02 0.000000000000000000e+00
6.720000000000000000e+02 2.688027985686540777e-01 9.472007282658170269e-01 1.115157032316795548e-02 1.934456076467910846e-02 2.230314064633591095e-02 0.000000000000000000e+00
6.750000000000000000e+02 2.700028110622640920e-01 9.494765589440146147e-01 1.069640418752844727e-02 1.843422849340009204e-02 2.139280837505689453e-02 0.000000000000000000e+00
6.780000000000000000e+02 2.712028235558741063e-01 9.506144742831132977e-01 1.035502958579881741e-02 1.763768775603095224e-02 2.139280837505689453e-02 0.000000000000000000e+00
6.810000000000000000e+02 2.724028360494841206e-01 9.498179335457441752e-01 1.001365498406918582e-02 1.820664542558033533e-02 2.196176604460628110e-02 0.000000000000000000e+00
