# itime ezz other fcc hcp bcc ico
0.000000000000000000e+00 0.000000000000000000e+00 0.000000000000000000e+00 1.000000000000000000e+00 0.000000000000000000e+00 0.000000000000000000e+00 0.000000000000000000e+00
5.000000000000000000e+01 1.999983550672768118e-03 0.000000000000000000e+00 1.000000000000000000e+00 0.000000000000000000e+00 0.000000000000000000e+00 0.000000000000000000e+00
1.000000000000000000e+02 3.999967101345536236e-03 0.000000000000000000e+00 1.000000000000000000e+00 0.000000000000000000e+00 0.000000000000000000e+00 0.000000000000000000e+00
1.500000000000000000e+02 5.999950652018304353e-03 0.000000000000000000e+00 1.000000000000000000e+00 0.000000000000000000e+00 0.000000000000000000e+00 0.000000000000000000e+00
2.000000000000000000e+02 7.999934202691072471e-03 0.000000000000000000e+00 1.000000000000000000e+00 0.000000000000000000e+00 0.000000000000000000e+00 0.000000000000000000e+00
2.500000000000000000e+02 9.999917753363840589e-03 0.000000000000000000e+00 1.000000000000000000e+00 0.000000000000000000e+00 0.000000000000000000e+00 0.000000000000000000e+00
3.000000000000000000e+02 1.199990130403660871e-02 0.000000000000000000e+00 1.000000000000000000e+00 0.000000000000000000e+00 0.000000000000000000e+00 0.000000000000000000e+00
3.500000000000000000e+02 1.399988485470937682e-02 0.000000000000000000e+00 1.000000000000000000e+00 0.000000000000000000e+00 0.000000000000000000e+00 0.000000000000000000e+00
4.000000000000000000e+02 1.599986840538214494e-02 0.000000000000000000e+00 1.000000000000000000e+00 0.000000000000000000e+00 0.000000000000000000e+00 0.000000000000000000e+00
4.500000000000000000e+02 1.799985195605491306e-02 0.000000000000000000e+00 1.000000000000000000e+00 0.000000000000000000e+00 0.000000000000000000e+00 0.000000000000000000e+00
5.000000000000000000e+02 1.999983550672768118e-02 0.000000000000000000e+00 1.000000000000000000e+00 0.000000000000000000e+00 0.000000000000000000e+00 0.000000000000000000e+00
5.500000000000000000e+02 2.199981905740044930e-02 0.000000000000000000e+00 1.000000000000000000e+00 0.000000000000000000e+00 0.000000000000000000e+00 0.000000000000000000e+00
6.000000000000000000e+02 2.399980260807321741e-02 0.000000000000000000e+00 1.000000000000000000e+00 0.000000000000000000e+00 0.000000000000000000e+00 0.000000000000000000e+00
6.500000000000000000e+02 2.599978615874598553e-02 0.000000000000000000e+00 1.000000000000000000e+00 0.000000000000000000e+00 0.000000000000000000e+00 0.000000000000000000e+00
7.000000000000000000e+02 2.799976970941875365e-02 0.000000000000000000e+00 1.000000000000000000e+00 0.000000000000000000e+00 0.000000000000000000e+00 0.000000000000000000e+00
7.500000000000000000e+02 2.999975326009152177e-02 0.000000000000000000e+00 1.000000000000000000e+00 0.000000000000000000e+00 0.000000000000000000e+00 0.000000000000000000e+00
8.000000000000000000e+02 3.199973681076428988e-02 0.000000000000000000e+00 1.000000000000000000e+00 0.000000000000000000e+00 0.000000000000000000e+00 0.000000000000000000e+00
8.500000000000000000e+02 3.399972036143705800e-02 0.000000000000000000e+00 1.000000000000000000e+00 0.000000000000000000e+00 0.000000000000000000e+00 0.000000000000000000e+00
9.000000000000000000e+02 3.599970391210982612e-02 0.000000000000000000e+00 1.000000000000000000e+00 0.000000000000000000e+00 0.000000000000000000e+00 0.000000000000000000e+00
9.500000000000000000e+02 3.799968746278259424e-02 0.000000000000000000e+00 1.000000000000000000e+00 0.000000000000000000e+00 0.000000000000000000e+00 0.000000000000000000e+00
1.000000000000000000e+03 3.999967101345536236e-02 0.000000000000000000e+00 1.000000000000000000e+00 0.000000000000000000e+00 0.000000000000000000e+00 0.000000000000000000e+00
1.050000000000000000e+03 4.199965456412813047e-02 0.000000000000000000e+00 1.000000000000000000e+00 0.000000000000000000e+00 0.000000000000000000e+00 0.000000000000000000e+00
1.100000000000000000e+03 4.399963811480089859e-02 0.000000000000000000e+00 1.000000000000000000e+00 0.000000000000000000e+00 0.000000000000000000e+00 0.000000000000000000e+00
1.150000000000000000e+03 4.599962166547366671e-02 0.000000000000000000e+00 1.000000000000000000e+00 0.000000000000000000e+00 0.000000000000000000e+00 0.000000000000000000e+00
1.200000000000000000e+03 4.799960521614643483e-02 0.000000000000000000e+00 1.000000000000000000e+00 0.000000000000000000e+00 0.000000000000000000e+00 0.000000000000000000e+00
1.250000000000000000e+03 4.999958876681920295e-02 0.000000000000000000e+00 1.000000000000000000e+00 0.000000000000000000e+00 0.000000000000000000e+00 0.000000000000000000e+00
1.300000000000000000e+03 5.199957231749197106e-02 0.000000000000000000e+00 1.000000000000000000e+00 0.000000000000000000e+00 0.000000000000000000e+00 0.000000000000000000e+00
1.350000000000000000e+03 5.399955586816473918e-02 0.000000000000000000e+00 1.000000000000000000e+00 0.000000000000000000e+00 0.000000000000000000e+00 0.000000000000000000e+00
1.400000000000000000e+03 5.599953941883750730e-02 0.000000000000000000e+00 1.000000000000000000e+00 0.000000000000000000e+00 0.000000000000000000e+00 0.000000000000000000e+00
1.450000000000000000e+03 5.799952296951027542e-02 0.000000000000000000e+00 1.000000000000000000e+00 0.000000000000000000e+00 0.000000000000000000e+00 0.000000000000000000e+00
1.500000000000000000e+03 5.999950652018304353e-02 0.000000000000000000e+00 1.000000000000000000e+00 0.000000000000000000e+00 0.000000000000000000e+00 0.000000000000000000e+00
1.550000000000000000e+03 6.199949007085581165e-02 0.000000000000000000e+00 1.000000000000000000e+00 0.000000000000000000e+00 0.000000000000000000e+00 0.000000000000000000e+00
1.600000000000000000e+03 6.399947362152857977e-02 0.000000000000000000e+00 1.000000000000000000e+00 0.000000000000000000e+00 0.000000000000000000e+00 0.000000000000000000e+00
1.650000000000000000e+03 6.599945717220156993e-02 4.551661356395084266e-04 9.995448338643604380e-01 0.000000000000000000e+00 0.000000000000000000e+00 0.000000000000000000e+00
1.700000000000000000e+03 6.799944072287433805e-02 0.000000000000000000e+00 1.000000000000000000e+00 0.000000000000000000e+00 0.000000000000000000e+00 0.000000000000000000e+00
1.750000000000000000e+03 6.999942427354710617e-02 0.000000000000000000e+00 1.000000000000000000e+00 0.000000000000000000e+00 0.000000000000000000e+00 0.000000000000000000e+00
1.800000000000000000e+03 7.199940782421987429e-02 0.000000000000000000e+00 1.000000000000000000e+00 0.000000000000000000e+00 0.000000000000000000e+00 0.000000000000000000e+00
1.850000000000000000e+03 7.399939137489264240e-02 0.000000000000000000e+00 1.000000000000000000e+00 0.000000000000000000e+00 0.000000000000000000e+00 0.000000000000000000e+00
1.900000000000000000e+03 7.599937492556541052e-02 0.000000000000000000e+00 1.000000000000000000e+00 0.000000000000000000e+00 0.000000000000000000e+00 0.000000000000000000e+00
1.950000000000000000e+03 7.799935847623817864e-02 0.000000000000000000e+00 1.000000000000000000e+00 0.000000000000000000e+00 0.000000000000000000e+00 0.000000000000000000e+00
2.000000000000000000e+03 7.999934202691094676e-02 1.137915339098771066e-04 9.998862084660901095e-01 0.000000000000000000e+00 0.000000000000000000e+00 0.000000000000000000e+00
2.050000000000000000e+03 8.199932557758371487e-02 6.827492034592626399e-04 9.993172507965407680e-01 0.000000000000000000e+00 0.000000000000000000e+00 0.000000000000000000e+00
2.100000000000000000e+03 8.399930912825648299e-02 0.000000000000000000e+00 1.000000000000000000e+00 0.000000000000000000e+00 0.000000000000000000e+00 0.000000000000000000e+00
2.150000000000000000e+03 8.599929267892925111e-02 6.827492034592626399e-04 9.993172507965407680e-01 0.000000000000000000e+00 0.000000000000000000e+00 0.000000000000000000e+00
2.200000000000000000e+03 8.799927622960201923e-02 1.137915339098771066e-04 9.997724169321802190e-01 0.000000000000000000e+00 1.137915339098771066e-04 0.000000000000000000e+00
2.250000000000000000e+03 8.999925978027478735e-02 2.275830678197542133e-04 9.997724169321802190e-01 0.000000000000000000e+00 0.000000000000000000e+00 0.000000000000000000e+00
2.300000000000000000e+03 9.199924333094755546e-02 5.689576695493854790e-04 9.994310423304506585e-01 0.000000000000000000e+00 0.000000000000000000e+00 0.000000000000000000e+00
2.350000000000000000e+03 9.399922688162032358e-02 1.365498406918525280e-03 9.986345015930814251e-01 0.000000000000000000e+00 0.000000000000000000e+00 0.000000000000000000e+00
2.400000000000000000e+03 9.599921043229309170e-02 1.706873008648156654e-03 9.982931269913518646e-01 0.000000000000000000e+00 0.000000000000000000e+00 0.000000000000000000e+00
2.450000000000000000e+03 9.799919398296585982e-02 1.479289940828402332e-03 9.985207100591716456e-01 0.000000000000000000e+00 0.000000000000000000e+00 0.000000000000000000e+00
2.500000000000000000e+03 9.999917753363862793e-02 3.299954483386436255e-03 9.967000455166135087e-01 0.000000000000000000e+00 0.000000000000000000e+00 0.000000000000000000e+00
2.550000000000000000e+03 1.019991610843113961e-01 4.324078288575329727e-03 9.956759217114247162e-01 0.000000000000000000e+00 0.000000000000000000e+00 0.000000000000000000e+00
2.600000000000000000e+03 1.039991446349841642e-01 3.072371415566681717e-03 9.968138370505233992e-01 0.000000000000000000e+00 1.137915339098771066e-04 0.000000000000000000e+00
2.650000000000000000e+03 1.059991281856569323e-01 4.551661356395083832e-03 9.954483386436049352e-01 0.000000000000000000e+00 0.000000000000000000e+00 0.000000000000000000e+00
2.700000000000000000e+03 1.079991117363297004e-01 4.665452890304961318e-03 9.952207555757851543e-01 0.000000000000000000e+00 1.137915339098771066e-04 0.000000000000000000e+00
2.750000000000000000e+03 1.099990952870024685e-01 1.092398725534820224e-02 9.885070550751023921e-01 0.000000000000000000e+00 5.689576695493854790e-04 0.000000000000000000e+00
2.800000000000000000e+03 1.119990788376752366e-01 1.263086026399635846e-02 9.864588074647245852e-01 0.000000000000000000e+00 9.103322712790168532e-04 0.000000000000000000e+00
2.850000000000000000e+03 1.139990623883480048e-01 1.092398725534820224e-02 9.886208466090122826e-01 0.000000000000000000e+00 4.551661356395084266e-04 0.000000000000000000e+00
2.900000000000000000e+03 1.159990459390207729e-01 2.230314064633591095e-02 9.754210286754665393e-01 0.000000000000000000e+00 2.275830678197541916e-03 0.000000000000000000e+00
2.950000000000000000e+03 1.179990294896935410e-01 3.573054164770141095e-02 9.593764223941738667e-01 0.000000000000000000e+00 4.893035958124715423e-03 0.000000000000000000e+00
3.000000000000000000e+03 1.199990130403663091e-01 7.897132453345470648e-02 8.879153390987710726e-01 0.000000000000000000e+00 3.311333636777423484e-02 0.000000000000000000e+00
3.050000000000000000e+03 1.219989965910390772e-01 1.807009558488848477e-01 6.015020482476103325e-01 0.000000000000000000e+00 2.177969959035047920e-01 0.000000000000000000e+00
3.100000000000000000e+03 1.239989801417118453e-01 3.430814747382794905e-01 1.842284934000910368e-01 2.275830678197542133e-04 4.724624487938097195e-01 0.000000000000000000e+00
3.150000000000000000e+03 1.259989636923846135e-01 3.695949021392808120e-01 8.215748748293126569e-02 2.275830678197542133e-04 5.480200273099681274e-01 0.000000000000000000e+00
3.200000000000000000e+03 1.279989472430573816e-01 3.584433318161128756e-01 1.198224852071005930e-01 0.000000000000000000e+00 5.217341829767865313e-01 0.000000000000000000e+00
3.250000000000000000e+03 1.299989307937301497e-01 3.870050068274920596e-01 9.729176149294492537e-02 2.389622212107419402e-03 5.133136094674556338e-01 0.000000000000000000e+00
3.300000000000000000e+03 1.319989143444029178e-01 3.962221210741920796e-01 6.793354574419663283e-02 1.365498406918525323e-02 5.221893491124259823e-01 0.000000000000000000e+00
3.350000000000000000e+03 1.339988978950756859e-01 4.208010923987255403e-01 7.294037323623121793e-02 3.959945380063722986e-02 4.666590805644060258e-01 0.000000000000000000e+00
3.400000000000000000e+03 1.359988814457484541e-01 4.597177969959034827e-01 1.053709604005461931e-01 7.373691397360036814e-02 3.611743286299499145e-01 0.000000000000000000e+00
3.450000000000000000e+03 1.379988649964212222e-01 5.030723714155667103e-01 1.252844788347746985e-01 1.354119253527537592e-01 2.362312243969048597e-01 0.000000000000000000e+00
3.500000000000000000e+03 1.399988485470939903e-01 5.267410104688211581e-01 1.190259444697314567e-01 1.891215293582157453e-01 1.651115157032316816e-01 0.000000000000000000e+00
3.550000000000000000e+03 1.419988320977667584e-01 5.326581702321346867e-01 1.035502958579881672e-01 2.241693218024579104e-01 1.396222121074192080e-01 0.000000000000000000e+00
3.600000000000000000e+03 1.439988156484395265e-01 5.145653163404643182e-01 1.065088757396449731e-01 2.385070550751024199e-01 1.404187528447883582e-01 0.000000000000000000e+00
3.650000000000000000e+03 1.459987991991122946e-01 5.022758306781975879e-01 1.076467910787437393e-01 2.511379153390987939e-01 1.389394629039599482e-01 0.000000000000000000e+00
3.700000000000000000e+03 1.479987827497850628e-01 5.005689576695493415e-01 1.051433773327264398e-01 2.567137005006827621e-01 1.375739644970414288e-01 0.000000000000000000e+00
3.750000000000000000e+03 1.499987663004578309e-01 4.954483386436049352e-01 9.660901228948566566e-02 2.625170687300864558e-01 1.454255803368229294e-01 0.000000000000000000e+00
3.800000000000000000e+03 1.519987498511305990e-01 4.964724624487937832e-01 9.626763768775603580e-02 2.822030040964952358e-01 1.250568957669549452e-01 0.000000000000000000e+00
3.850000000000000000e+03 1.539987334018033671e-01 5.060309512972235302e-01 9.717796995903504875e-02 2.949476558944014726e-01 1.018434228493400040e-01 0.000000000000000000e+00
3.900000000000000000e+03 1.559987169524761352e-01 5.044378698224851743e-01 9.501593081474737912e-02 2.930131998179335562e-01 1.075329995448338627e-01 0.000000000000000000e+00
3.950000000000000000e+03 1.579987005031489034e-01 5.229858898497952158e-01 9.717796995903504875e-02 2.966545289030496080e-01 8.318161128812016913e-02 0.000000000000000000e+00
4.000000000000000000e+03 1.599986840538216715e-01 5.299271734182976479e-01 1.017296313154301274e-01 3.096267637687756258e-01 5.871643149749658508e-02 0.000000000000000000e+00
4.050000000000000000e+03 1.619986676044944396e-01 5.289030496131087444e-01 9.979517523896222486e-02 3.120163859808830487e-01 5.928538916704597511e-02 0.000000000000000000e+00
4.100000000000000000e+03 1.639986511551672077e-01 5.434683659535730627e-01 9.660901228948566566e-02 3.165680473372781134e-01 4.335457441966317910e-02 0.000000000000000000e+00
4.150000000000000000e+03 1.659986347058399758e-01 5.405097860719162428e-01 9.444697314519799602e-02 3.247610377787892855e-01 4.028220300409649651e-02 0.000000000000000000e+00
4.200000000000000000e+03 1.679986182565127439e-01 5.452890304961310886e-01 8.796085571233500100e-02 3.224852071005916976e-01 4.426490669094219205e-02 0.000000000000000000e+00
4.250000000000000000e+03 1.699986018071855121e-01 5.430131998179335007e-01 8.318161128812016913e-02 3.274920345926263243e-01 4.631315430131998506e-02 0.000000000000000000e+00
4.300000000000000000e+03 1.719985853578582802e-01 5.431269913518433912e-01 8.716431497496586467e-02 3.346609012289485929e-01 3.504779244424215123e-02 0.000000000000000000e+00
4.350000000000000000e+03 1.739985689085310483e-01 5.441511151570322946e-01 8.693673190714611143e-02 3.293126991351843502e-01 3.959945380063722986e-02 0.000000000000000000e+00
4.400000000000000000e+03 1.759985524592038164e-01 5.456304050978607600e-01 9.023668639053254725e-02 3.287437414656349532e-01 3.538916704597178109e-02 0.000000000000000000e+00
4.450000000000000000e+03 1.779985360098765845e-01 5.472234865725990050e-01 8.625398270368685172e-02 3.321574874829312796e-01 3.436504324078288458e-02 0.000000000000000000e+00
4.500000000000000000e+03 1.799985195605493526e-01 5.549613108784706705e-01 8.466090122894856518e-02 3.261265361857078049e-01 3.425125170687300796e-02 0.000000000000000000e+00
4.550000000000000000e+03 1.819985031112221208e-01 5.527992717341829731e-01 8.352298588984979899e-02 3.276058261265361593e-01 3.607191624943104080e-02 0.000000000000000000e+00
4.600000000000000000e+03 1.839984866618948889e-01 5.620163859808829931e-01 8.238507055075101893e-02 3.252162039144287919e-01 3.038233955393718558e-02 0.000000000000000000e+00
4.650000000000000000e+03 1.859984702125676570e-01 5.533682294037323146e-01 8.397815202548930547e-02 3.257851615839781334e-01 3.686845698680018407e-02 0.000000000000000000e+00
4.700000000000000000e+03 1.879984537632404251e-01 5.646335912608101415e-01 8.431952662721893532e-02 3.148611743286299225e-01 3.618570778334091742e-02 0.000000000000000000e+00
4.750000000000000000e+03 1.899984373139131932e-01 5.718024578971324656e-01 8.204369594902138907e-02 3.119025944469731582e-01 3.425125170687300796e-02 0.000000000000000000e+00
4.800000000000000000e+03 1.919984208645859614e-01 5.802230314064633632e-01 8.227127901684114231e-02 3.032544378698224796e-01 3.425125170687300796e-02 0.000000000000000000e+00
4.850000000000000000e+03 1.939984044152587295e-01 5.856850250341374409e-01 9.000910332271279402e-02 2.914201183431952558e-01 3.288575329995448160e-02 0.000000000000000000e+00
4.900000000000000000e+03 1.959983879659314976e-01 6.004779244424214291e-01 1.015020482476103741e-01 2.671825216203914666e-01 3.083750568957669552e-02 0.000000000000000000e+00
4.950000000000000000e+03 1.979983715166044878e-01 6.070778334091943007e-01 1.226672735548475224e-01 2.387346381429221731e-01 3.152025489303595523e-02 0.000000000000000000e+00
5.000000000000000000e+03 1.999983550672772559e-01 6.143604915794265153e-01 1.585116067364588099e-01 1.990213928083750528e-01 2.810650887573964626e-02 0.000000000000000000e+00
5.050000000000000000e+03 2.019983386179500240e-01 6.103777878925807920e-01 2.107419208010923861e-01 1.579426490669094130e-01 2.093764223941738806e-02 0.000000000000000000e+00
5.100000000000000000e+03 2.039983221686227921e-01 6.070778334091943007e-01 2.517068730086481354e-01 1.169776968593536637e-01 2.423759672280382388e-02 0.000000000000000000e+00
5.150000000000000000e+03 2.059983057192955602e-01 5.923987255348202030e-01 2.820892125625853453e-01 9.615384615384615918e-02 2.935821574874829254e-02 0.000000000000000000e+00
5.200000000000000000e+03 2.079982892699683283e-01 5.757851615839781889e-01 3.023441055985434667e-01 7.908511606736458310e-02 4.278561675011378906e-02 0.000000000000000000e+00
5.250000000000000000e+03 2.099982728206410965e-01 5.638370505234410190e-01 3.208921256258534527e-01 7.510241238051888757e-02 4.016841147018661989e-02 0.000000000000000000e+00
5.300000000000000000e+03 2.119982563713138646e-01 5.440373236231224041e-01 3.371643149749658508e-01 7.794720072826581692e-02 4.085116067364587961e-02 0.000000000000000000e+00
5.350000000000000000e+03 2.139982399219866327e-01 5.350477924442421651e-01 3.245334547109695045e-01 8.852981338188438409e-02 5.188893946290396020e-02 0.000000000000000000e+00
5.400000000000000000e+03 2.159982234726594008e-01 5.319754210286754548e-01 3.182749203459262488e-01 9.683659535730541890e-02 5.291306326809285671e-02 0.000000000000000000e+00
5.450000000000000000e+03 2.179982070233321689e-01 5.378925807919890945e-01 3.050751024123805055e-01 1.133363677742375980e-01 4.369594902139280895e-02 0.000000000000000000e+00
5.500000000000000000e+03 2.199981905740049370e-01 5.543923532089212181e-01 2.794720072826581969e-01 1.282430587164314906e-01 3.789258079198907364e-02 0.000000000000000000e+00
5.550000000000000000e+03 2.219981741246777052e-01 5.389167045971779979e-01 2.798133818843878129e-01 1.564633591260810308e-01 2.480655439235321044e-02 0.000000000000000000e+00
5.600000000000000000e+03 2.239981576753504733e-01 5.281065088757396220e-01 2.823167956304050707e-01 1.632908511606736557e-01 2.628584433318160996e-02 0.000000000000000000e+00
5.650000000000000000e+03 2.259981412260232414e-01 5.234410559854346667e-01 2.778789258079198965e-01 1.700045516613563901e-01 2.867546654528902936e-02 0.000000000000000000e+00
5.700000000000000000e+03 2.279981247766960095e-01 5.299271734182976479e-01 2.708238507055075184e-01 1.778561675011379184e-01 2.139280837505689453e-02 0.000000000000000000e+00
5.750000000000000000e+03 2.299981083273687776e-01 5.201411015020482864e-01 2.702548930359581214e-01 1.868456986800182129e-01 2.275830678197542090e-02 0.000000000000000000e+00
5.800000000000000000e+03 2.319980918780415458e-01 5.158170232134728916e-01 2.675238962221210826e-01 1.906008192990441552e-01 2.605826126536185672e-02 0.000000000000000000e+00
5.850000000000000000e+03 2.339980754287143139e-01 5.180928538916704795e-01 2.657032316795630567e-01 1.923076923076923184e-01 2.389622212107419055e-02 0.000000000000000000e+00
5.900000000000000000e+03 2.359980589793870820e-01 5.134274010013655243e-01 2.687756030951297115e-01 1.969731451979972736e-01 2.082385070550751144e-02 0.000000000000000000e+00
5.950000000000000000e+03 2.379980425300598501e-01 5.138825671370049752e-01 2.661583978152025631e-01 1.978834774692762866e-01 2.207555757851615771e-02 0.000000000000000000e+00
6.000000000000000000e+03 2.399980260807326182e-01 5.030723714155667103e-01 2.751479289940828576e-01 2.035730541647701453e-01 1.820664542558033533e-02 0.000000000000000000e+00
6.050000000000000000e+03 2.419980096314053863e-01 5.084205735093308975e-01 2.705962676376877374e-01 2.020937642239417353e-01 1.888939462903959851e-02 0.000000000000000000e+00
6.100000000000000000e+03 2.439979931820781545e-01 5.083067819754210070e-01 2.687756030951297115e-01 2.019799726900318726e-01 2.093764223941738806e-02 0.000000000000000000e+00
6.150000000000000000e+03 2.459979767327509226e-01 5.062585343650432002e-01 2.735548475193445572e-01 1.978834774692762866e-01 2.230314064633591095e-02 0.000000000000000000e+00
6.200000000000000000e+03 2.479979602834236907e-01 5.035275375512061613e-01 2.703686845698680119e-01 2.056213017751479244e-01 2.048247610377787811e-02 0.000000000000000000e+00
6.250000000000000000e+03 2.499979438340964588e-01 5.079654073736914466e-01 2.707100591715976279e-01 2.027765134274009950e-01 1.854802002730996865e-02 0.000000000000000000e+00
6.300000000000000000e+03 2.519979273847692269e-01 5.031861629494766008e-01 2.726445152480655443e-01 2.053937187073281712e-01 1.877560309512972189e-02 0.000000000000000000e+00
6.350000000000000000e+03 2.539979109354419951e-01 4.993172507965407125e-01 2.734410559854346667e-01 2.052799271734183084e-01 2.196176604460628110e-02 0.000000000000000000e+00
6.400000000000000000e+03 2.559978944861147632e-01 5.038689121529358328e-01 2.677514792899408080e-01 2.078971324533454845e-01 2.048247610377787811e-02 0.000000000000000000e+00
6.450000000000000000e+03 2.579978780367875313e-01 5.040964952207556138e-01 2.662721893491124536e-01 2.052799271734183084e-01 2.435138825671370050e-02 0.000000000000000000e+00
6.500000000000000000e+03 2.599978615874602994e-01 5.059171597633136397e-01 2.668411470186617951e-01 2.023213472917614886e-01 2.492034592626308706e-02 0.000000000000000000e+00
6.550000000000000000e+03 2.619978451381330675e-01 5.059171597633136397e-01 2.685480200273099860e-01 2.057350933090578149e-01 1.979972690031861493e-02 0.000000000000000000e+00
6.600000000000000000e+03 2.639978286888058356e-01 5.139963586709148657e-01 2.583067819754210070e-01 2.039144287664997612e-01 2.378243058716431393e-02 0.000000000000000000e+00
6.650000000000000000e+03 2.659978122394786038e-01 5.130860263996358528e-01 2.536413290851160518e-01 2.076695493855257035e-01 2.560309512972235024e-02 0.000000000000000000e+00
6.700000000000000000e+03 2.679977957901513719e-01 5.119481110605370588e-01 2.480655439235320836e-01 2.127901684114701930e-01 2.719617660446062984e-02 0.000000000000000000e+00
6.750000000000000000e+03 2.699977793408241400e-01 5.102412380518889234e-01 2.520482476103778069e-01 2.147246244879381094e-01 2.298588984979517413e-02 0.000000000000000000e+00
6.800000000000000000e+03 2.719977628914969081e-01 5.162721893491124536e-01 2.418070095584888557e-01 2.141556668183887124e-01 2.776513427401001294e-02 0.000000000000000000e+00
6.850000000000000000e+03 2.739977464421696762e-01 5.039827036868457233e-01 2.448793809740555383e-01 2.233727810650887602e-01 2.776513427401001294e-02 0.000000000000000000e+00
6.900000000000000000e+03 2.759977299928424443e-01 5.062585343650432002e-01 2.424897587619481154e-01 2.241693218024579104e-01 2.708238507055074976e-02 0.000000000000000000e+00
6.950000000000000000e+03 2.779977135435152125e-01 5.031861629494766008e-01 2.408966772872098427e-01 2.292899408284023721e-01 2.662721893491124328e-02 0.000000000000000000e+00
7.000000000000000000e+03 2.799976970941879806e-01 5.072826581702321036e-01 2.362312243969048597e-01 2.316795630405097950e-01 2.480655439235321044e-02 0.000000000000000000e+00
7.050000000000000000e+03 2.819976806448607487e-01 5.061447428311333097e-01 2.297451069640418786e-01 2.332726445152480677e-01 3.083750568957669552e-02 0.000000000000000000e+00
7.100000000000000000e+03 2.839976641955335168e-01 5.081929904415111166e-01 2.189349112426035582e-01 2.354346836595357373e-01 3.743741465634956717e-02 0.000000000000000000e+00
7.150000000000000000e+03 2.859976477462062849e-01 5.111515703231679364e-01 2.066454255803368278e-01 2.443104233045061413e-01 3.789258079198907364e-02 0.000000000000000000e+00
7.200000000000000000e+03 2.879976312968790531e-01 4.972690031861629611e-01 2.005006827492034627e-01 2.559171597633135842e-01 4.631315430131998506e-02 0.000000000000000000e+00
7.250000000000000000e+03 2.899976148475518212e-01 5.029585798816568198e-01 1.885525716886663761e-01 2.589895311788802945e-01 4.949931725079653733e-02 0.000000000000000000e+00
7.300000000000000000e+03 2.919975983982245893e-01 5.102412380518889234e-01 1.777423759672280279e-01 2.530723714155666548e-01 5.894401456531633832e-02 0.000000000000000000e+00
7.350000000000000000e+03 2.939975819488973574e-01 5.085343650432407880e-01 1.701183431952662806e-01 2.608101957214383204e-01 6.053709604005461792e-02 0.000000000000000000e+00
7.400000000000000000e+03 2.959975654995701255e-01 5.100136549840691425e-01 1.609012289485662328e-01 2.686618115612198210e-01 6.042330450614474130e-02 0.000000000000000000e+00
7.450000000000000000e+03 2.979975490502428936e-01 5.110377787892580459e-01 1.538461538461538547e-01 2.781065088757396220e-01 5.700955848884842886e-02 0.000000000000000000e+00
7.500000000000000000e+03 2.999975326009156618e-01 5.028447883477469293e-01 1.368912152935821691e-01 3.000682749203459343e-01 6.019572143832498806e-02 0.000000000000000000e+00
7.550000000000000000e+03 3.019975161515884299e-01 4.987482931269913711e-01 1.190259444697314567e-01 3.219162494310423561e-01 6.030951297223486468e-02 0.000000000000000000e+00
7.600000000000000000e+03 3.039974997022611980e-01 4.956759217114246607e-01 1.022985889849795244e-01 3.413746017296312996e-01 6.065088757396449454e-02 0.000000000000000000e+00
7.650000000000000000e+03 3.059974832529339661e-01 4.800864815657714946e-01 8.670914883932635819e-02 3.726672735548475224e-01 6.053709604005461792e-02 0.000000000000000000e+00
7.700000000000000000e+03 3.079974668036067342e-01 4.464041875284479044e-01 7.305416477014110843e-02 4.357077833409194190e-01 4.483386436049158208e-02 0.000000000000000000e+00
7.750000000000000000e+03 3.099974503542795023e-01 4.239872553482020856e-01 7.703686845698680397e-02 4.599453800637232637e-01 3.903049613108784677e-02 0.000000000000000000e+00
7.800000000000000000e+03 3.119974339049522705e-01 3.963359126081019701e-01 7.794720072826581692e-02 4.881656804733727761e-01 3.755120619025944378e-02 0.000000000000000000e+00
7.850000000000000000e+03 3.139974174556250386e-01 3.771051433773327521e-01 8.136094674556212936e-02 5.141101502048247562e-01 2.742375967228038308e-02 0.000000000000000000e+00
7.900000000000000000e+03 3.159974010062978067e-01 3.661811561219845412e-01 7.680928538916705073e-02 5.351615839781520556e-01 2.184797451069640448e-02 0.000000000000000000e+00
7.950000000000000000e+03 3.179973845569705748e-01 3.552571688666363303e-01 7.259899863450158808e-02 5.557578516158397930e-01 1.638598088302230249e-02 0.000000000000000000e+00
8.000000000000000000e+03 3.199973681076433429e-01 3.380746472462448637e-01 7.259899863450158808e-02 5.722576240327719166e-01 1.706873008648156567e-02 0.000000000000000000e+00
8.050000000000000000e+03 3.219973516583161111e-01 3.390987710514337672e-01 6.793354574419663283e-02 5.784023668639053373e-01 1.456531634046426965e-02 0.000000000000000000e+00
8.100000000000000000e+03 3.239973352089888792e-01 3.297678652708238567e-01 6.918525261720527564e-02 5.875056895766954668e-01 1.354119253527537488e-02 0.000000000000000000e+00
8.150000000000000000e+03 3.259973187596616473e-01 3.252162039144287919e-01 7.453345471096950448e-02 5.894401456531633832e-01 1.081019572143832562e-02 0.000000000000000000e+00
8.200000000000000000e+03 3.279973023103344154e-01 3.153163404642694845e-01 8.056440600819299303e-02 5.956986800182066943e-01 8.420573509330906217e-03 0.000000000000000000e+00
8.250000000000000000e+03 3.299972858610074056e-01 3.166818388711880039e-01 8.284023668639053928e-02 5.931952662721893255e-01 7.282658170232134826e-03 0.000000000000000000e+00
8.300000000000000000e+03 3.319972694116801737e-01 3.172507965407373454e-01 8.682294037323623481e-02 5.895539371870732737e-01 6.372325898953117539e-03 0.000000000000000000e+00
8.350000000000000000e+03 3.339972529623529418e-01 3.154301319981793195e-01 8.761948111060537114e-02 5.917159763313609711e-01 5.234410559854347014e-03 0.000000000000000000e+00
8.400000000000000000e+03 3.359972365130257099e-01 3.133818843878015681e-01 8.875739644970413733e-02 5.938780154756485574e-01 3.982703686845699004e-03 0.000000000000000000e+00
8.450000000000000000e+03 3.379972200636984780e-01 3.103095129722348577e-01 8.864360491579426071e-02 5.967228038233954868e-01 4.324078288575329727e-03 0.000000000000000000e+00
8.500000000000000000e+03 3.399972036143712462e-01 3.064406008192990249e-01 8.944014565316341092e-02 6.001365498406918686e-01 3.982703686845699004e-03 0.000000000000000000e+00
8.550000000000000000e+03 3.419971871650440143e-01 3.071233500227583124e-01 8.773327264451524776e-02 6.003641329085116496e-01 4.779244424214838804e-03 0.000000000000000000e+00
8.600000000000000000e+03 3.439971707157167824e-01 3.049613108784706150e-01 8.557123350022757813e-02 6.050295857988166048e-01 4.437869822485207214e-03 0.000000000000000000e+00
8.650000000000000000e+03 3.459971542663895505e-01 3.058716431497496835e-01 8.363677742375967561e-02 6.068502503413746307e-01 3.641329085116067413e-03 0.000000000000000000e+00
8.700000000000000000e+03 3.479971378170623186e-01 3.032544378698224796e-01 8.204369594902138907e-02 6.116294947655894765e-01 3.072371415566681717e-03 0.000000000000000000e+00
8.750000000000000000e+03 3.499971213677350867e-01 2.998406918525261533e-01 8.215748748293126569e-02 6.153846153846154188e-01 2.617205279927173507e-03 0.000000000000000000e+00
8.800000000000000000e+03 3.519971049184078549e-01 3.039371870732817671e-01 8.010923987255348655e-02 6.128812016385980499e-01 2.958579881656804664e-03 1.137915339098771066e-04
8.850000000000000000e+03 3.539970884690806230e-01 3.016613563950841792e-01 8.227127901684114231e-02 6.125398270368684894e-01 3.527537551206190360e-03 0.000000000000000000e+00
8.900000000000000000e+03 3.559970720197533911e-01 3.051888939462903960e-01 7.908511606736458310e-02 6.121984524351388179e-01 3.527537551206190360e-03 0.000000000000000000e+00
8.950000000000000000e+03 3.579970555704261592e-01 2.987027765134274149e-01 7.999544833864360993e-02 6.181156121984524576e-01 3.072371415566681717e-03 1.137915339098771066e-04
9.000000000000000000e+03 3.599970391210989273e-01 3.001820664542558248e-01 7.919890760127445972e-02 6.178880291306326766e-01 2.730996813837050560e-03 0.000000000000000000e+00
9.050000000000000000e+03 3.619970226717716955e-01 2.977924442421484019e-01 7.942649066909421296e-02 6.194811106053709215e-01 3.299954483386436255e-03 0.000000000000000000e+00
9.100000000000000000e+03 3.639970062224444636e-01 2.975648611743286209e-01 7.965407373691398007e-02 6.199362767410104835e-01 2.844788347746927612e-03 0.000000000000000000e+00
9.150000000000000000e+03 3.659969897731172317e-01 3.010923987255348377e-01 7.908511606736458310e-02 6.167501137915338827e-01 3.072371415566681717e-03 0.000000000000000000e+00
9.200000000000000000e+03 3.679969733237899998e-01 3.008648156577150568e-01 7.874374146563495325e-02 6.186845698680017991e-01 1.706873008648156654e-03 0.000000000000000000e+00
9.250000000000000000e+03 3.699969568744627679e-01 2.996131087847064278e-01 7.965407373691398007e-02 6.181156121984524576e-01 2.617205279927173507e-03 0.000000000000000000e+00
9.300000000000000000e+03 3.719969404251355360e-01 2.989303595812471404e-01 8.067819754210286964e-02 6.177742375967227861e-01 2.617205279927173507e-03 0.000000000000000000e+00
9.350000000000000000e+03 3.739969239758083042e-01 3.002958579881656598e-01 7.862994993172507663e-02 6.190259444697314706e-01 2.048247610377787811e-03 0.000000000000000000e+00
9.400000000000000000e+03 3.759969075264810723e-01 3.008648156577150568e-01 7.942649066909421296e-02 6.167501137915338827e-01 2.958579881656804664e-03 0.000000000000000000e+00
9.450000000000000000e+03 3.779968910771538404e-01 3.000682749203459343e-01 8.067819754210286964e-02 6.166363222576239922e-01 2.617205279927173507e-03 0.000000000000000000e+00
9.500000000000000000e+03 3.799968746278266085e-01 3.018889394629039602e-01 8.101957214383249950e-02 6.153846153846154188e-01 1.706873008648156654e-03 0.000000000000000000e+00
9.550000000000000000e+03 3.819968581784993766e-01 3.007510241238051663e-01 8.420573509330905870e-02 6.133363677742376119e-01 1.706873008648156654e-03 0.000000000000000000e+00
9.600000000000000000e+03 3.839968417291721448e-01 3.008648156577150568e-01 8.557123350022757813e-02 6.116294947655894765e-01 1.934456076467910759e-03 0.000000000000000000e+00
9.650000000000000000e+03 3.859968252798449129e-01 2.993855257168866468e-01 8.898497951752389057e-02 6.086709148839326566e-01 2.958579881656804664e-03 0.000000000000000000e+00
9.700000000000000000e+03 3.879968088305176810e-01 2.987027765134274149e-01 9.182976786527081992e-02 6.069640418752845212e-01 2.503413746017296455e-03 0.000000000000000000e+00
9.750000000000000000e+03 3.899967923811906712e-01 2.975648611743286209e-01 9.308147473827947660e-02 6.077605826126536437e-01 1.593081474738279385e-03 0.000000000000000000e+00
9.800000000000000000e+03 3.919967759318629952e-01 2.959717796995903760e-01 9.194355939918069653e-02 6.096950386891215601e-01 2.389622212107419402e-03 0.000000000000000000e+00
9.850000000000000000e+03 3.939967594825362074e-01 2.952890304961310886e-01 9.114701866181156020e-02 6.114019116977696955e-01 2.162039144287664864e-03 0.000000000000000000e+00
9.900000000000000000e+03 3.959967430332085314e-01 2.980200273099681274e-01 9.069185252617205373e-02 6.099226217569412301e-01 1.365498406918525280e-03 0.000000000000000000e+00
9.950000000000000000e+03 3.979967265838817436e-01 2.969959035047792240e-01 9.228493400091032639e-02 6.096950386891215601e-01 1.024123805188893906e-03 0.000000000000000000e+00
1.000000000000000000e+04 3.999967101345540677e-01 2.940373236231224596e-01 9.228493400091032639e-02 6.123122439690487084e-01 1.365498406918525280e-03 0.000000000000000000e+00
1.005000000000000000e+04 4.019966936852272799e-01 2.955166135639508695e-01 9.194355939918069653e-02 6.110605370960400240e-01 1.479289940828402332e-03 0.000000000000000000e+00
1.010000000000000000e+04 4.039966772358996039e-01 2.957441966317705950e-01 9.387801547564861293e-02 6.078743741465635342e-01 2.503413746017296455e-03 0.000000000000000000e+00
1.015000000000000000e+04 4.059966607865728161e-01 2.968821119708693890e-01 9.114701866181156020e-02 6.106053709604005730e-01 1.365498406918525280e-03 0.000000000000000000e+00
1.020000000000000000e+04 4.079966443372451401e-01 2.950614474283113076e-01 9.080564406008193035e-02 6.132225762403277214e-01 9.103322712790168532e-04 0.000000000000000000e+00
1.025000000000000000e+04 4.099966278879183523e-01 2.931269913518434467e-01 9.160218479745106668e-02 6.134501593081475024e-01 1.820664542558033706e-03 0.000000000000000000e+00
1.030000000000000000e+04 4.119966114385906764e-01 2.949476558944014726e-01 9.239872553482020301e-02 6.112881201638598050e-01 1.365498406918525280e-03 0.000000000000000000e+00
1.035000000000000000e+04 4.139965949892638886e-01 2.950614474283113076e-01 9.103322712790168358e-02 6.121984524351388179e-01 1.706873008648156654e-03 0.000000000000000000e+00
1.040000000000000000e+04 4.159965785399362126e-01 2.957441966317705950e-01 9.080564406008193035e-02 6.112881201638598050e-01 2.162039144287664864e-03 0.000000000000000000e+00
1.045000000000000000e+04 4.179965620906094248e-01 2.952890304961310886e-01 8.875739644970413733e-02 6.150432407828857473e-01 9.103322712790168532e-04 0.000000000000000000e+00
1.050000000000000000e+04 4.199965456412819709e-01 2.980200273099681274e-01 8.818843878015475424e-02 6.117432862994993670e-01 2.048247610377787811e-03 0.000000000000000000e+00
1.055000000000000000e+04 4.219965291919549610e-01 2.928994082840236657e-01 9.012289485662267063e-02 6.150432407828857473e-01 1.934456076467910759e-03 0.000000000000000000e+00
1.060000000000000000e+04 4.239965127426275071e-01 2.895994538006372299e-01 8.852981338188438409e-02 6.197086936731907025e-01 2.162039144287664864e-03 0.000000000000000000e+00
1.065000000000000000e+04 4.259964962933004973e-01 2.915339098771051463e-01 8.659535730541648157e-02 6.210741920801092775e-01 7.965407373691396923e-04 0.000000000000000000e+00
1.070000000000000000e+04 4.279964798439730433e-01 2.893718707328175044e-01 8.557123350022757813e-02 6.241465634956758768e-01 9.103322712790168532e-04 0.000000000000000000e+00
1.075000000000000000e+04 4.299964633946460335e-01 2.885753299954483264e-01 8.340919435593992237e-02 6.269913518434228061e-01 1.024123805188893906e-03 0.000000000000000000e+00
1.080000000000000000e+04 4.319964469453185796e-01 2.909649522075557493e-01 8.136094674556212936e-02 6.266499772416932457e-01 1.024123805188893906e-03 0.000000000000000000e+00
1.085000000000000000e+04 4.339964304959915697e-01 2.918752844788347622e-01 8.045061447428311641e-02 6.261948111060536837e-01 1.479289940828402332e-03 0.000000000000000000e+00
1.090000000000000000e+04 4.359964140466641158e-01 2.938097405553026786e-01 7.692307692307692735e-02 6.275603095129722586e-01 1.706873008648156654e-03 0.000000000000000000e+00
1.095000000000000000e+04 4.379963975973371060e-01 2.907373691397360238e-01 7.555757851615839404e-02 6.312016385980883104e-01 2.503413746017296455e-03 0.000000000000000000e+00
1.100000000000000000e+04 4.399963811480096521e-01 2.919890760127446527e-01 7.316795630405098505e-02 6.322257624032772139e-01 2.617205279927173507e-03 0.000000000000000000e+00
1.105000000000000000e+04 4.419963646986826422e-01 2.941511151570322946e-01 7.225762403277195822e-02 6.321119708693673234e-01 1.479289940828402332e-03 0.000000000000000000e+00
1.110000000000000000e+04 4.439963482493551883e-01 2.930131998179335562e-01 7.146108329540282189e-02 6.341602184797451303e-01 1.365498406918525280e-03 0.000000000000000000e+00
1.115000000000000000e+04 4.459963318000281784e-01 2.907373691397360238e-01 7.430587164314975124e-02 6.325671370050067743e-01 2.389622212107419402e-03 0.000000000000000000e+00
1.120000000000000000e+04 4.479963153507007245e-01 2.927856167501137752e-01 7.407828857532999800e-02 6.314292216659080914e-01 1.706873008648156654e-03 0.000000000000000000e+00
1.125000000000000000e+04 4.499962989013737147e-01 2.911925352753755303e-01 7.441966317705962786e-02 6.325671370050067743e-01 1.820664542558033706e-03 0.000000000000000000e+00
1.130000000000000000e+04 4.519962824520462608e-01 2.943786982248520756e-01 7.168866636322257513e-02 6.322257624032772139e-01 1.706873008648156654e-03 0.000000000000000000e+00
1.135000000000000000e+04 4.539962660027192509e-01 2.931269913518434467e-01 7.168866636322257513e-02 6.330223031406463363e-01 2.162039144287664864e-03 0.000000000000000000e+00
