# itime ezz other fcc hcp bcc ico
0.000000000000000000e+00 0.000000000000000000e+00 5.689576695493854790e-04 9.994310423304506585e-01 0.000000000000000000e+00 0.000000000000000000e+00 0.000000000000000000e+00
2.500000000000000000e+02 1.000043614088452770e-03 1.137915339098770958e-03 9.988620846609012061e-01 0.000000000000000000e+00 0.000000000000000000e+00 0.000000000000000000e+00
5.000000000000000000e+02 2.000087228176905541e-03 3.413746017296313199e-04 9.996586253982703285e-01 0.000000000000000000e+00 0.000000000000000000e+00 0.000000000000000000e+00
7.500000000000000000e+02 3.000130842265358311e-03 1.024123805188893906e-03 9.989758761948110966e-01 0.000000000000000000e+00 0.000000000000000000e+00 0.000000000000000000e+00
1.000000000000000000e+03 4.000174456353811081e-03 9.103322712790168532e-04 9.990896677287209870e-01 0.000000000000000000e+00 0.000000000000000000e+00 0.000000000000000000e+00
1.250000000000000000e+03 5.000218070442263851e-03 1.251706873008648227e-03 9.987482931269913156e-01 0.000000000000000000e+00 0.000000000000000000e+00 0.000000000000000000e+00
1.500000000000000000e+03 6.000261684530716622e-03 0.000000000000000000e+00 1.000000000000000000e+00 0.000000000000000000e+00 0.000000000000000000e+00 0.000000000000000000e+00
1.750000000000000000e+03 7.000305298619169392e-03 1.251706873008648227e-03 9.987482931269913156e-01 0.000000000000000000e+00 0.000000000000000000e+00 0.000000000000000000e+00
2.000000000000000000e+03 8.000348912707622162e-03 7.965407373691396923e-04 9.992034592626308775e-01 0.000000000000000000e+00 0.000000000000000000e+00 0.000000000000000000e+00
2.250000000000000000e+03 9.000392526796074932e-03 1.479289940828402332e-03 9.985207100591716456e-01 0.000000000000000000e+00 0.000000000000000000e+00 0.000000000000000000e+00
2.500000000000000000e+03 1.000043614088474975e-02 1.593081474738279385e-03 9.984069185252617551e-01 0.000000000000000000e+00 0.000000000000000000e+00 0.000000000000000000e+00
2.750000000000000000e+03 1.100047975497320252e-02 5.689576695493854790e-04 9.994310423304506585e-01 0.000000000000000000e+00 0.000000000000000000e+00 0.000000000000000000e+00
3.000000000000000000e+03 1.200052336906165529e-02 1.365498406918525280e-03 9.986345015930814251e-01 0.000000000000000000e+00 0.000000000000000000e+00 0.000000000000000000e+00
3.250000000000000000e+03 1.300056698315010806e-02 1.024123805188893906e-03 9.989758761948110966e-01 0.000000000000000000e+00 0.000000000000000000e+00 0.000000000000000000e+00
3.500000000000000000e+03 1.400061059723856083e-02 1.365498406918525280e-03 9.986345015930814251e-01 0.000000000000000000e+00 0.000000000000000000e+00 0.000000000000000000e+00
3.750000000000000000e+03 1.500065421132701360e-02 1.934456076467910759e-03 9.980655439235320836e-01 0.000000000000000000e+00 0.000000000000000000e+00 0.000000000000000000e+00
4.000000000000000000e+03 1.600069782541546637e-02 1.934456076467910759e-03 9.980655439235320836e-01 0.000000000000000000e+00 0.000000000000000000e+00 0.000000000000000000e+00
4.250000000000000000e+03 1.700074143950391914e-02 1.137915339098771066e-04 9.998862084660901095e-01 0.000000000000000000e+00 0.000000000000000000e+00 0.000000000000000000e+00
4.500000000000000000e+03 1.800078505359237191e-02 2.389622212107419402e-03 9.976103777878926326e-01 0.000000000000000000e+00 0.000000000000000000e+00 0.000000000000000000e+00
4.750000000000000000e+03 1.900082866768082468e-02 3.299954483386436255e-03 9.965862539827037292e-01 0.000000000000000000e+00 1.137915339098771066e-04 0.000000000000000000e+00
5.000000000000000000e+03 2.000087228176927745e-02 2.730996813837050560e-03 9.972690031861629611e-01 0.000000000000000000e+00 0.000000000000000000e+00 0.000000000000000000e+00
5.250000000000000000e+03 2.100091589585773022e-02 2.389622212107419402e-03 9.974965862539827421e-01 0.000000000000000000e+00 1.137915339098771066e-04 0.000000000000000000e+00
5.500000000000000000e+03 2.200095950994618299e-02 2.275830678197541916e-03 9.976103777878926326e-01 0.000000000000000000e+00 1.137915339098771066e-04 0.000000000000000000e+00
5.750000000000000000e+03 2.300100312403463576e-02 2.162039144287664864e-03 9.978379608557123026e-01 0.000000000000000000e+00 0.000000000000000000e+00 0.000000000000000000e+00
6.000000000000000000e+03 2.400104673812308853e-02 3.413746017296313308e-03 9.964724624487938387e-01 0.000000000000000000e+00 1.137915339098771066e-04 0.000000000000000000e+00
6.250000000000000000e+03 2.500109035221154130e-02 3.641329085116067413e-03 9.963586709148839482e-01 0.000000000000000000e+00 0.000000000000000000e+00 0.000000000000000000e+00
6.500000000000000000e+03 2.600113396629999407e-02 2.958579881656804664e-03 9.969276285844332897e-01 0.000000000000000000e+00 1.137915339098771066e-04 0.000000000000000000e+00
6.750000000000000000e+03 2.700117758038844684e-02 2.844788347746927612e-03 9.971552116522530707e-01 0.000000000000000000e+00 0.000000000000000000e+00 0.000000000000000000e+00
7.000000000000000000e+03 2.800122119447689961e-02 2.958579881656804664e-03 9.967000455166135087e-01 0.000000000000000000e+00 3.413746017296313199e-04 0.000000000000000000e+00
7.250000000000000000e+03 2.900126480856557443e-02 3.641329085116067413e-03 9.959035047792443862e-01 0.000000000000000000e+00 4.551661356395084266e-04 0.000000000000000000e+00
7.500000000000000000e+03 3.000130842265402720e-02 4.324078288575329727e-03 9.955621301775148257e-01 0.000000000000000000e+00 1.137915339098771066e-04 0.000000000000000000e+00
7.750000000000000000e+03 3.100135203674247997e-02 4.210286754665453109e-03 9.957897132453344957e-01 0.000000000000000000e+00 0.000000000000000000e+00 0.000000000000000000e+00
8.000000000000000000e+03 3.200139565083093274e-02 2.958579881656804664e-03 9.970414201183431802e-01 0.000000000000000000e+00 0.000000000000000000e+00 0.000000000000000000e+00
8.250000000000000000e+03 3.300143926491938551e-02 5.006827492034592909e-03 9.949931725079653733e-01 0.000000000000000000e+00 0.000000000000000000e+00 0.000000000000000000e+00
8.500000000000000000e+03 3.400148287900783828e-02 4.210286754665453109e-03 9.954483386436049352e-01 0.000000000000000000e+00 3.413746017296313199e-04 0.000000000000000000e+00
8.750000000000000000e+03 3.500152649309629105e-02 4.665452890304961318e-03 9.951069640418752638e-01 0.000000000000000000e+00 2.275830678197542133e-04 0.000000000000000000e+00
9.000000000000000000e+03 3.600157010718474382e-02 5.120619025944469528e-03 9.944242148384160318e-01 0.000000000000000000e+00 4.551661356395084266e-04 0.000000000000000000e+00
9.250000000000000000e+03 3.700161372127319659e-02 3.982703686845699004e-03 9.959035047792443862e-01 0.000000000000000000e+00 1.137915339098771066e-04 0.000000000000000000e+00
9.500000000000000000e+03 3.800165733536164936e-02 7.282658170232134826e-03 9.927173418297678964e-01 0.000000000000000000e+00 0.000000000000000000e+00 0.000000000000000000e+00
9.750000000000000000e+03 3.900170094945010213e-02 6.599908966772872511e-03 9.931725079654073474e-01 0.000000000000000000e+00 2.275830678197542133e-04 0.000000000000000000e+00
1.000000000000000000e+04 4.000174456353855490e-02 7.737824305871643035e-03 9.921483841602184439e-01 0.000000000000000000e+00 1.137915339098771066e-04 0.000000000000000000e+00
1.025000000000000000e+04 4.100178817762700767e-02 8.534365043240782836e-03 9.910104688211197610e-01 0.000000000000000000e+00 4.551661356395084266e-04 0.000000000000000000e+00
1.050000000000000000e+04 4.200183179171546044e-02 6.827492034592626616e-03 9.930587164314974569e-01 0.000000000000000000e+00 1.137915339098771066e-04 0.000000000000000000e+00
1.075000000000000000e+04 4.300187540580391321e-02 9.103322712790167665e-03 9.905553026854801990e-01 0.000000000000000000e+00 3.413746017296313199e-04 0.000000000000000000e+00
1.100000000000000000e+04 4.400191901989236598e-02 7.851615839781519654e-03 9.916932180245789930e-01 0.000000000000000000e+00 4.551661356395084266e-04 0.000000000000000000e+00
1.125000000000000000e+04 4.500196263398081875e-02 1.069640418752844727e-02 9.887346381429221731e-01 0.000000000000000000e+00 5.689576695493854790e-04 0.000000000000000000e+00
1.150000000000000000e+04 4.600200624806927152e-02 1.285844333181611343e-02 9.869139736003641472e-01 0.000000000000000000e+00 2.275830678197542133e-04 0.000000000000000000e+00
1.175000000000000000e+04 4.700204986215772429e-02 1.217569412835685025e-02 9.872553482020938187e-01 0.000000000000000000e+00 5.689576695493854790e-04 0.000000000000000000e+00
1.200000000000000000e+04 4.800209347624639911e-02 8.534365043240782836e-03 9.908966772872098705e-01 0.000000000000000000e+00 5.689576695493854790e-04 0.000000000000000000e+00
1.225000000000000000e+04 4.900213709033485188e-02 1.160673645880746542e-02 9.880518889394629412e-01 0.000000000000000000e+00 3.413746017296313199e-04 0.000000000000000000e+00
1.250000000000000000e+04 5.000218070442330465e-02 1.399635867091488309e-02 9.850933090578061213e-01 0.000000000000000000e+00 9.103322712790168532e-04 0.000000000000000000e+00
1.275000000000000000e+04 5.100222431851175742e-02 1.251706873008648184e-02 9.870277651342740377e-01 0.000000000000000000e+00 4.551661356395084266e-04 0.000000000000000000e+00
1.300000000000000000e+04 5.200226793260021019e-02 1.763768775603095224e-02 9.812243969048702885e-01 0.000000000000000000e+00 1.137915339098770958e-03 0.000000000000000000e+00
1.325000000000000000e+04 5.300231154668866296e-02 2.048247610377787811e-02 9.783796085571233592e-01 0.000000000000000000e+00 1.137915339098770958e-03 0.000000000000000000e+00
1.350000000000000000e+04 5.400235516077711573e-02 1.820664542558033533e-02 9.812243969048702885e-01 0.000000000000000000e+00 5.689576695493854790e-04 0.000000000000000000e+00
1.375000000000000000e+04 5.500239877486556850e-02 2.355484751934456070e-02 9.748520710059171979e-01 0.000000000000000000e+00 1.593081474738279385e-03 0.000000000000000000e+00
1.400000000000000000e+04 5.600244238895402127e-02 1.615839781520254925e-02 9.831588529813382049e-01 0.000000000000000000e+00 6.827492034592626399e-04 0.000000000000000000e+00
1.425000000000000000e+04 5.700248600304247404e-02 1.888939462903959851e-02 9.802002730996813851e-01 0.000000000000000000e+00 9.103322712790168532e-04 0.000000000000000000e+00
1.450000000000000000e+04 5.800252961713092681e-02 2.332726445152480746e-02 9.757624032771962108e-01 0.000000000000000000e+00 9.103322712790168532e-04 0.000000000000000000e+00
1.475000000000000000e+04 5.900257323121937958e-02 2.435138825671370050e-02 9.741693218024578549e-01 0.000000000000000000e+00 1.479289940828402332e-03 0.000000000000000000e+00
1.500000000000000000e+04 6.000261684530783235e-02 2.708238507055074976e-02 9.715521165225307065e-01 0.000000000000000000e+00 1.365498406918525280e-03 0.000000000000000000e+00
1.525000000000000000e+04 6.100266045939628512e-02 3.072371415566681890e-02 9.680245789713245452e-01 0.000000000000000000e+00 1.251706873008648227e-03 0.000000000000000000e+00
1.550000000000000000e+04 6.200270407348473789e-02 3.083750568957669552e-02 9.673418297678653133e-01 0.000000000000000000e+00 1.820664542558033706e-03 0.000000000000000000e+00
1.575000000000000000e+04 6.300274768757319066e-02 3.413746017296313134e-02 9.648384160218479444e-01 0.000000000000000000e+00 1.024123805188893906e-03 0.000000000000000000e+00
1.600000000000000000e+04 6.400279130166164343e-02 3.698224852071006069e-02 9.615384615384615641e-01 0.000000000000000000e+00 1.479289940828402332e-03 0.000000000000000000e+00
1.625000000000000000e+04 6.500283491575009620e-02 3.834774692762858705e-02 9.590350477924441952e-01 0.000000000000000000e+00 2.617205279927173507e-03 0.000000000000000000e+00
1.650000000000000000e+04 6.600287852983854897e-02 3.379608557123350149e-02 9.633591260810195900e-01 0.000000000000000000e+00 2.844788347746927612e-03 0.000000000000000000e+00
1.675000000000000000e+04 6.700292214392722379e-02 5.052344105598543383e-02 9.466317705962676854e-01 0.000000000000000000e+00 2.844788347746927612e-03 0.000000000000000000e+00
1.700000000000000000e+04 6.800296575801567656e-02 4.927173418297678409e-02 9.474283113336368078e-01 0.000000000000000000e+00 3.299954483386436255e-03 0.000000000000000000e+00
1.725000000000000000e+04 6.900300937210412933e-02 5.632680928538916915e-02 9.398042785616750328e-01 0.000000000000000000e+00 3.868912152935821518e-03 0.000000000000000000e+00
1.750000000000000000e+04 7.000305298619258210e-02 5.826126536185707860e-02 9.377560309512972259e-01 0.000000000000000000e+00 3.982703686845699004e-03 0.000000000000000000e+00
1.775000000000000000e+04 7.100309660028103487e-02 6.190259444697314428e-02 9.341147018661811741e-01 0.000000000000000000e+00 3.982703686845699004e-03 0.000000000000000000e+00
1.800000000000000000e+04 7.200314021436948764e-02 7.362312243969049153e-02 9.180700955848885014e-01 0.000000000000000000e+00 8.306781975421027864e-03 0.000000000000000000e+00
1.825000000000000000e+04 7.300318382845794041e-02 6.668183887118799003e-02 9.296768320436959998e-01 0.000000000000000000e+00 3.641329085116067413e-03 0.000000000000000000e+00
1.850000000000000000e+04 7.400322744254639318e-02 8.295402822030041590e-02 9.106736458807465073e-01 0.000000000000000000e+00 6.372325898953117539e-03 0.000000000000000000e+00
1.875000000000000000e+04 7.500327105663484595e-02 7.157487482931269851e-02 9.208010923987255403e-01 0.000000000000000000e+00 7.624032771961766417e-03 0.000000000000000000e+00
1.900000000000000000e+04 7.600331467072329872e-02 9.820209376422393832e-02 8.888256713700500855e-01 0.000000000000000000e+00 1.297223486572599005e-02 0.000000000000000000e+00
1.925000000000000000e+04 7.700335828481175149e-02 8.852981338188438409e-02 9.005461993627673634e-01 0.000000000000000000e+00 1.092398725534820224e-02 0.000000000000000000e+00
1.950000000000000000e+04 7.800340189890020426e-02 7.749203459262631044e-02 9.153390987710514626e-01 0.000000000000000000e+00 7.168866636322257339e-03 0.000000000000000000e+00
1.975000000000000000e+04 7.900344551298865703e-02 1.092398725534820259e-01 8.799499317250796260e-01 0.000000000000000000e+00 1.081019572143832562e-02 0.000000000000000000e+00
2.000000000000000000e+04 8.000348912707710980e-02 1.187983614019117035e-01 8.574192080109239722e-01 0.000000000000000000e+00 2.378243058716431393e-02 0.000000000000000000e+00
2.025000000000000000e+04 8.100353274116556257e-02 1.483841602184797492e-01 8.212335002275830131e-01 0.000000000000000000e+00 3.038233955393718558e-02 0.000000000000000000e+00
2.050000000000000000e+04 8.200357635525401534e-02 1.424670004551661373e-01 8.313609467455621571e-01 0.000000000000000000e+00 2.617205279927173334e-02 0.000000000000000000e+00
2.075000000000000000e+04 8.300361996934246811e-02 1.746700045516613453e-01 7.834547109695039202e-01 5.689576695493854790e-04 4.130632680928538608e-02 0.000000000000000000e+00
2.100000000000000000e+04 8.400366358343092088e-02 1.764906690942193990e-01 7.730996813837051063e-01 3.413746017296313199e-04 5.006827492034592736e-02 0.000000000000000000e+00
2.125000000000000000e+04 8.500370719751937365e-02 1.986800182066454368e-01 7.167728720983158608e-01 5.120619025944469528e-03 7.942649066909421296e-02 0.000000000000000000e+00
2.150000000000000000e+04 8.600375081160804847e-02 2.170004551661356418e-01 6.727355484751934567e-01 7.624032771961766417e-03 1.026399635867091542e-01 0.000000000000000000e+00
2.175000000000000000e+04 8.700379442569650124e-02 2.166590805644059980e-01 6.273327264451524776e-01 5.575785161583977911e-02 1.002503413746017313e-01 0.000000000000000000e+00
2.200000000000000000e+04 8.800383803978495401e-02 2.090350477924442507e-01 6.101502048247610110e-01 1.156121984524351443e-01 6.520254893035958010e-02 0.000000000000000000e+00
2.225000000000000000e+04 8.900388165387340678e-02 1.920801092398725651e-01 6.128812016385980499e-01 1.453117888029130667e-01 4.972690031861629750e-02 0.000000000000000000e+00
2.250000000000000000e+04 9.000392526796185955e-02 1.754665452890304955e-01 6.280154756486117096e-01 1.524806554392353075e-01 4.403732362312243881e-02 0.000000000000000000e+00
2.275000000000000000e+04 9.100396888205031232e-02 1.836595357305416398e-01 6.000227583067819781e-01 1.634046426945835184e-01 5.291306326809285671e-02 0.000000000000000000e+00
2.300000000000000000e+04 9.200401249613876509e-02 1.671597633136094607e-01 5.865953573054164538e-01 1.833181611288120239e-01 6.292671825216203385e-02 0.000000000000000000e+00
2.325000000000000000e+04 9.300405611022721786e-02 1.752389622212107423e-01 5.719162494310423561e-01 1.962903959945380139e-01 5.655439235320892238e-02 0.000000000000000000e+00
2.350000000000000000e+04 9.400409972431567063e-02 1.754665452890304955e-01 5.623577605826126646e-01 2.116522530723714268e-01 5.052344105598543383e-02 0.000000000000000000e+00
2.375000000000000000e+04 9.500414333840412340e-02 1.613563950842057393e-01 5.587164314974966128e-01 2.328174783796085612e-01 4.710969503868912139e-02 0.000000000000000000e+00
2.400000000000000000e+04 9.600418695249257617e-02 1.525944469731451980e-01 5.666818388711879484e-01 2.360036413290851065e-01 4.472007282658170546e-02 0.000000000000000000e+00
2.425000000000000000e+04 9.700423056658102894e-02 1.601046882111970826e-01 5.745334547109695045e-01 2.339553937187073274e-01 3.140646335912607862e-02 0.000000000000000000e+00
2.450000000000000000e+04 9.800427418066948171e-02 1.601046882111970826e-01 5.791989076012744597e-01 2.319071461083295482e-01 2.878925807919890598e-02 0.000000000000000000e+00
2.475000000000000000e+04 9.900431779475793448e-02 1.506599908966772816e-01 5.822712790168411701e-01 2.382794720072826666e-01 2.878925807919890598e-02 0.000000000000000000e+00
2.500000000000000000e+04 1.000043614088463872e-01 1.679563040509786109e-01 5.859126081019572219e-01 2.223486572598998567e-01 2.378243058716431393e-02 0.000000000000000000e+00
2.525000000000000000e+04 1.010044050229348400e-01 1.640873918980427781e-01 6.241465634956758768e-01 1.952662721893491105e-01 1.649977241693217911e-02 0.000000000000000000e+00
2.550000000000000000e+04 1.020044486370232928e-01 1.240327719617660418e-01 7.263313609467455523e-01 1.347291761492944995e-01 1.490669094219390124e-02 0.000000000000000000e+00
2.575000000000000000e+04 1.030044922511117456e-01 9.103322712790168358e-02 7.781065088757396220e-01 1.240327719617660418e-01 6.827492034592626616e-03 0.000000000000000000e+00
2.600000000000000000e+04 1.040045358652001983e-01 7.020937642239417908e-02 8.014337733272643982e-01 1.223258989531178925e-01 6.030951297223486815e-03 0.000000000000000000e+00
2.625000000000000000e+04 1.050045794792888731e-01 7.134729176149294527e-02 8.014337733272643982e-01 1.224396904870277691e-01 4.779244424214838804e-03 0.000000000000000000e+00
2.650000000000000000e+04 1.060046230933773259e-01 7.055075102412380894e-02 7.988165680473372499e-01 1.230086481565771522e-01 7.624032771961766417e-03 0.000000000000000000e+00
2.675000000000000000e+04 1.070046667074657787e-01 7.339553937187073829e-02 7.941511151570322946e-01 1.239189804278561652e-01 8.534365043240782836e-03 0.000000000000000000e+00
2.700000000000000000e+04 1.080047103215542315e-01 7.237141556668183484e-02 7.951752389622211981e-01 1.253982703686845612e-01 7.055075102412380721e-03 0.000000000000000000e+00
2.725000000000000000e+04 1.090047539356426842e-01 7.771961766044606368e-02 7.899408284023669014e-01 1.244879380974055483e-01 7.851615839781519654e-03 0.000000000000000000e+00
2.750000000000000000e+04 1.100047975497311370e-01 6.838871187983613931e-02 8.008648156577150568e-01 1.236913973600364119e-01 7.055075102412380721e-03 0.000000000000000000e+00
2.775000000000000000e+04 1.110048411638195898e-01 8.079198907601274626e-02 7.918752844788348177e-01 1.216431497496586189e-01 5.689576695493855224e-03 0.000000000000000000e+00
2.800000000000000000e+04 1.120048847779080425e-01 7.919890760127445972e-02 7.897132453345471204e-01 1.234638142922166587e-01 7.624032771961766417e-03 0.000000000000000000e+00
2.825000000000000000e+04 1.130049283919964953e-01 7.669549385525717411e-02 7.933545744196631722e-01 1.222121074192080159e-01 7.737824305871643035e-03 0.000000000000000000e+00
2.850000000000000000e+04 1.140049720060849481e-01 8.466090122894856518e-02 7.829995448338643582e-01 1.240327719617660418e-01 8.306781975421027864e-03 0.000000000000000000e+00
2.875000000000000000e+04 1.150050156201734008e-01 8.841602184797450747e-02 7.815202548930360038e-01 1.207328174783796060e-01 9.330905780609922637e-03 0.000000000000000000e+00
2.900000000000000000e+04 1.160050592342618536e-01 9.035047792444242387e-02 7.795857988165680874e-01 1.223258989531178925e-01 7.737824305871643035e-03 0.000000000000000000e+00
2.925000000000000000e+04 1.170051028483503064e-01 8.170232134729175921e-02 7.870960400546199720e-01 1.253982703686845612e-01 5.803368229403732710e-03 0.000000000000000000e+00
2.950000000000000000e+04 1.180051464624387592e-01 9.569868001820663883e-02 7.679790623577605890e-01 1.261948111060537114e-01 1.012744651797906244e-02 0.000000000000000000e+00
2.975000000000000000e+04 1.190051900765272119e-01 9.649522075557578904e-02 7.526172052799271484e-01 1.439462903959945472e-01 6.941283568502503235e-03 0.000000000000000000e+00
3.000000000000000000e+04 1.200052336906156647e-01 9.535730541647700897e-02 7.391898042785616241e-01 1.547564861174328676e-01 1.069640418752844727e-02 0.000000000000000000e+00
3.025000000000000000e+04 1.210052773047041175e-01 9.057806099226217711e-02 7.255348202093764298e-01 1.738734638142922229e-01 1.001365498406918582e-02 0.000000000000000000e+00
3.050000000000000000e+04 1.220053209187925702e-01 1.037778789258079204e-01 7.090350477924441952e-01 1.746700045516613453e-01 1.251706873008648184e-02 0.000000000000000000e+00
3.075000000000000000e+04 1.230053645328810230e-01 9.888484296768319803e-02 7.151797906235776159e-01 1.753527537551206328e-01 1.058261265361857065e-02 0.000000000000000000e+00
3.100000000000000000e+04 1.240054081469696978e-01 8.420573509330905870e-02 7.298588984979517136e-01 1.768320436959490149e-01 9.103322712790167665e-03 0.000000000000000000e+00
3.125000000000000000e+04 1.250054517610581506e-01 1.094674556213017791e-01 6.845698680018206250e-01 1.903732362312244020e-01 1.558944014565316269e-02 0.000000000000000000e+00
3.150000000000000000e+04 1.260054953751466034e-01 1.074192080109239861e-01 6.598771051433773849e-01 2.190487027765134209e-01 1.365498406918525323e-02 0.000000000000000000e+00
3.175000000000000000e+04 1.270055389892350561e-01 1.035502958579881672e-01 6.637460172963131066e-01 2.205279927173418308e-01 1.217569412835685025e-02 0.000000000000000000e+00
3.200000000000000000e+04 1.280055826033235089e-01 9.729176149294492537e-02 6.744424214838415921e-01 2.181383705052344080e-01 1.012744651797906244e-02 0.000000000000000000e+00
3.225000000000000000e+04 1.290056262174119617e-01 1.085571233500227523e-01 6.711424670004552118e-01 2.117660446062812896e-01 8.534365043240782836e-03 0.000000000000000000e+00
3.250000000000000000e+04 1.300056698315004144e-01 1.040054619936276736e-01 6.767182521620391800e-01 2.102867546654528796e-01 8.989531178880291046e-03 0.000000000000000000e+00
3.275000000000000000e+04 1.310057134455888672e-01 1.054847519344560697e-01 6.723941738734637852e-01 2.072143832498861971e-01 1.490669094219390124e-02 0.000000000000000000e+00
3.300000000000000000e+04 1.320057570596773200e-01 1.119708693673190647e-01 6.794492489758762188e-01 2.002730996813837094e-01 8.306781975421027864e-03 0.000000000000000000e+00
3.325000000000000000e+04 1.330058006737657728e-01 1.077605826126536159e-01 6.910559854346836062e-01 1.925352753755120716e-01 8.648156577150659455e-03 0.000000000000000000e+00
3.350000000000000000e+04 1.340058442878542255e-01 1.062812926718252199e-01 7.403277196176604180e-01 1.496358670914884059e-01 3.755120619025944465e-03 0.000000000000000000e+00
3.375000000000000000e+04 1.350058879019426783e-01 8.113336367774237612e-02 8.032544378698225351e-01 1.103777878925807920e-01 5.234410559854347014e-03 0.000000000000000000e+00
3.400000000000000000e+04 1.360059315160311311e-01 7.305416477014110843e-02 8.137232589895311285e-01 1.103777878925807920e-01 2.844788347746927612e-03 0.000000000000000000e+00
3.425000000000000000e+04 1.370059751301195838e-01 7.954028220300408958e-02 8.116750113791534327e-01 1.053709604005461931e-01 3.413746017296313308e-03 0.000000000000000000e+00
3.450000000000000000e+04 1.380060187442080366e-01 7.305416477014110843e-02 8.295402822030041312e-01 9.353664087391898307e-02 3.868912152935821518e-03 0.000000000000000000e+00
3.475000000000000000e+04 1.390060623582964894e-01 6.781975421028675621e-02 8.335229858898497435e-01 9.342284934000910646e-02 5.234410559854347014e-03 0.000000000000000000e+00
3.500000000000000000e+04 1.400061059723849421e-01 6.258534365043240399e-02 8.289713245334546787e-01 1.053709604005461931e-01 3.072371415566681717e-03 0.000000000000000000e+00
3.525000000000000000e+04 1.410061495864733949e-01 6.087847064178425471e-02 8.192990441511152078e-01 1.175466545289030468e-01 2.275830678197541916e-03 0.000000000000000000e+00
3.550000000000000000e+04 1.420061932005618477e-01 3.675466545289030745e-02 8.235093309057806010e-01 1.381429221665907980e-01 1.593081474738279385e-03 0.000000000000000000e+00
3.575000000000000000e+04 1.430062368146505225e-01 2.958579881656804578e-02 8.255575785161584079e-01 1.436049157942649035e-01 1.251706873008648227e-03 0.000000000000000000e+00
3.600000000000000000e+04 1.440062804287389753e-01 3.152025489303595523e-02 8.255575785161584079e-01 1.421256258534364936e-01 7.965407373691396923e-04 0.000000000000000000e+00
3.625000000000000000e+04 1.450063240428274280e-01 3.163404642694583185e-02 8.251024123805188459e-01 1.426945835229858905e-01 5.689576695493854790e-04 0.000000000000000000e+00
3.650000000000000000e+04 1.460063676569158808e-01 2.935821574874829254e-02 8.260127446517978589e-01 1.439462903959945472e-01 6.827492034592626399e-04 0.000000000000000000e+00
3.675000000000000000e+04 1.470064112710043336e-01 2.560309512972235024e-02 8.280609922621756658e-01 1.457669549385525731e-01 5.689576695493854790e-04 0.000000000000000000e+00
3.700000000000000000e+04 1.480064548850927864e-01 2.674101046882111990e-02 8.272644515248065433e-01 1.457669549385525731e-01 2.275830678197542133e-04 0.000000000000000000e+00
3.725000000000000000e+04 1.490064984991812391e-01 2.389622212107419055e-02 8.291989076012744597e-01 1.459945380063723264e-01 9.103322712790168532e-04 0.000000000000000000e+00
3.750000000000000000e+04 1.500065421132696919e-01 2.571688666363222686e-02 8.272644515248065433e-01 1.461083295402822169e-01 9.103322712790168532e-04 0.000000000000000000e+00
3.775000000000000000e+04 1.510065857273581447e-01 2.765134274010013632e-02 8.253299954483386269e-01 1.462221210741920796e-01 7.965407373691396923e-04 0.000000000000000000e+00
3.800000000000000000e+04 1.520066293414465974e-01 2.492034592626308706e-02 8.277196176604461053e-01 1.465634956759217233e-01 7.965407373691396923e-04 0.000000000000000000e+00
3.825000000000000000e+04 1.530066729555350502e-01 2.981338188438780248e-02 8.243058716431497235e-01 1.451979972690031762e-01 6.827492034592626399e-04 0.000000000000000000e+00
3.850000000000000000e+04 1.540067165696235030e-01 2.753755120619025970e-02 8.255575785161584079e-01 1.461083295402822169e-01 7.965407373691396923e-04 0.000000000000000000e+00
3.875000000000000000e+04 1.550067601837119557e-01 2.423759672280382388e-02 8.290851160673645692e-01 1.461083295402822169e-01 5.689576695493854790e-04 0.000000000000000000e+00
3.900000000000000000e+04 1.560068037978004085e-01 2.674101046882111990e-02 8.270368684569867623e-01 1.456531634046426826e-01 5.689576695493854790e-04 0.000000000000000000e+00
3.925000000000000000e+04 1.570068474118888613e-01 2.799271734182976618e-02 8.254437869822485174e-01 1.458807464724624359e-01 6.827492034592626399e-04 0.000000000000000000e+00
3.950000000000000000e+04 1.580068910259773141e-01 3.083750568957669552e-02 8.232817478379608200e-01 1.446290395994538069e-01 1.251706873008648227e-03 0.000000000000000000e+00
3.975000000000000000e+04 1.590069346400657668e-01 2.913063268092853930e-02 8.236231224396904915e-01 1.455393718707328199e-01 1.706873008648156654e-03 0.000000000000000000e+00
4.000000000000000000e+04 1.600069782541542196e-01 3.083750568957669552e-02 8.230541647701411501e-01 1.455393718707328199e-01 5.689576695493854790e-04 0.000000000000000000e+00
4.025000000000000000e+04 1.610070218682426724e-01 2.867546654528902936e-02 8.244196631770596140e-01 1.458807464724624359e-01 1.024123805188893906e-03 0.000000000000000000e+00
4.050000000000000000e+04 1.620070654823313472e-01 2.958579881656804578e-02 8.244196631770596140e-01 1.454255803368229294e-01 5.689576695493854790e-04 0.000000000000000000e+00
4.075000000000000000e+04 1.630071090964198000e-01 3.220300409649522189e-02 8.211197086936732337e-01 1.455393718707328199e-01 1.137915339098770958e-03 0.000000000000000000e+00
4.100000000000000000e+04 1.640071527105082527e-01 3.231679563040509851e-02 8.211197086936732337e-01 1.449704142011834229e-01 1.593081474738279385e-03 0.000000000000000000e+00
4.125000000000000000e+04 1.650071963245967055e-01 2.890304961310878606e-02 8.245334547109695045e-01 1.451979972690031762e-01 1.365498406918525280e-03 0.000000000000000000e+00
4.150000000000000000e+04 1.660072399386851583e-01 3.299954483386435822e-02 8.198680018206645492e-01 1.450842057350933134e-01 2.048247610377787811e-03 0.000000000000000000e+00
4.175000000000000000e+04 1.670072835527736110e-01 3.641329085116067066e-02 8.179335457441966328e-01 1.438324988620846567e-01 1.820664542558033706e-03 0.000000000000000000e+00
4.200000000000000000e+04 1.680073271668620638e-01 4.119253527537550946e-02 8.124715521165225551e-01 1.445152480655439164e-01 1.820664542558033706e-03 0.000000000000000000e+00
4.225000000000000000e+04 1.690073707809505166e-01 3.720983158852981393e-02 8.170232134729176199e-01 1.450842057350933134e-01 6.827492034592626399e-04 0.000000000000000000e+00
4.250000000000000000e+04 1.700074143950389693e-01 3.595812471552116418e-02 8.164542558033682784e-01 1.458807464724624359e-01 1.706873008648156654e-03 0.000000000000000000e+00
4.275000000000000000e+04 1.710074580091274221e-01 4.312699135184342586e-02 8.100819299044150767e-01 1.445152480655439164e-01 2.275830678197541916e-03 0.000000000000000000e+00
4.300000000000000000e+04 1.720075016232158749e-01 3.732362312243969055e-02 8.162266727355484974e-01 1.446290395994538069e-01 1.820664542558033706e-03 0.000000000000000000e+00
4.325000000000000000e+04 1.730075452373043277e-01 4.153390987710514626e-02 8.126991351843423361e-01 1.438324988620846567e-01 1.934456076467910759e-03 0.000000000000000000e+00
4.350000000000000000e+04 1.740075888513927804e-01 4.221665908056440597e-02 8.129267182521620061e-01 1.431497496586253970e-01 1.706873008648156654e-03 0.000000000000000000e+00
4.375000000000000000e+04 1.750076324654812332e-01 5.109239872553481693e-02 8.027992717341829731e-01 1.428083750568957533e-01 3.299954483386436255e-03 0.000000000000000000e+00
4.400000000000000000e+04 1.760076760795696860e-01 4.278561675011378906e-02 8.109922621756940897e-01 1.439462903959945472e-01 2.275830678197541916e-03 0.000000000000000000e+00
4.425000000000000000e+04 1.770077196936581387e-01 4.927173418297678409e-02 8.056440600819299025e-01 1.439462903959945472e-01 1.137915339098770958e-03 0.000000000000000000e+00
4.450000000000000000e+04 1.780077633077465915e-01 4.642694583522986168e-02 8.079198907601274904e-01 1.436049157942649035e-01 2.048247610377787811e-03 0.000000000000000000e+00
4.475000000000000000e+04 1.790078069218350443e-01 5.029585798816568060e-02 8.037096040054619861e-01 1.434911242603550408e-01 2.503413746017296455e-03 0.000000000000000000e+00
4.500000000000000000e+04 1.800078505359234970e-01 5.541647701411014926e-02 7.979062357760582369e-01 1.439462903959945472e-01 2.730996813837050560e-03 0.000000000000000000e+00
4.525000000000000000e+04 1.810078941500121719e-01 5.883022303140646170e-02 7.949476558944014171e-01 1.422394173873463841e-01 3.982703686845699004e-03 0.000000000000000000e+00
4.550000000000000000e+04 1.820079377641006246e-01 6.110605370960400795e-02 7.935821574874829532e-01 1.423532089212562468e-01 2.958579881656804664e-03 0.000000000000000000e+00
4.575000000000000000e+04 1.830079813781890774e-01 5.530268548020027264e-02 7.998406918525261533e-01 1.428083750568957533e-01 2.048247610377787811e-03 0.000000000000000000e+00
4.600000000000000000e+04 1.840080249922775302e-01 6.577150659990896320e-02 7.899408284023669014e-01 1.409877105143377274e-01 3.299954483386436255e-03 0.000000000000000000e+00
4.625000000000000000e+04 1.850080686063659829e-01 5.678197542102867562e-02 7.976786527082384559e-01 1.417842512517068776e-01 3.755120619025944465e-03 0.000000000000000000e+00
4.650000000000000000e+04 1.860081122204544357e-01 6.816112881201638607e-02 7.891442876649977789e-01 1.390532544378698110e-01 3.641329085116067413e-03 0.000000000000000000e+00
4.675000000000000000e+04 1.870081558345428885e-01 7.567137005006827066e-02 7.811788802913063323e-01 1.383705052344105513e-01 4.779244424214838804e-03 0.000000000000000000e+00
4.700000000000000000e+04 1.880081994486313413e-01 8.978152025489304078e-02 7.699135184342285054e-01 1.341602184797451025e-01 6.144742831133363434e-03 0.000000000000000000e+00
4.725000000000000000e+04 1.890082430627197940e-01 9.342284934000910646e-02 7.652480655439235502e-01 1.331360946745562268e-01 8.192990441511151245e-03 0.000000000000000000e+00
4.750000000000000000e+04 1.900082866768082468e-01 9.672280382339554228e-02 7.637687756030950847e-01 1.305188893946290507e-01 8.989531178880291046e-03 0.000000000000000000e+00
4.775000000000000000e+04 1.910083302908966996e-01 5.939918070095585173e-02 7.746927628584433512e-01 1.612426035502958488e-01 4.665452890304961318e-03 0.000000000000000000e+00
4.800000000000000000e+04 1.920083739049851523e-01 6.804733727810650945e-02 7.435138825671370189e-01 1.810423304506144637e-01 7.396449704142011444e-03 0.000000000000000000e+00
4.825000000000000000e+04 1.930084175190736051e-01 6.998179335457442585e-02 7.382794720072826111e-01 1.851388256713700498e-01 6.599908966772872511e-03 0.000000000000000000e+00
4.850000000000000000e+04 1.940084611331620579e-01 6.599908966772871644e-02 7.394173873463814051e-01 1.878698224852070886e-01 6.713700500682749130e-03 0.000000000000000000e+00
4.875000000000000000e+04 1.950085047472505106e-01 7.077833409194356218e-02 7.345243513882566688e-01 1.868456986800182129e-01 7.851615839781519654e-03 0.000000000000000000e+00
4.900000000000000000e+04 1.960085483613389634e-01 7.999544833864360993e-02 7.261037778789257713e-01 1.844560764679107900e-01 9.444697314519799256e-03 0.000000000000000000e+00
4.925000000000000000e+04 1.970085919754274162e-01 6.713700500682749650e-02 7.374829312699134887e-01 1.899180700955848955e-01 5.461993627674101119e-03 0.000000000000000000e+00
4.950000000000000000e+04 1.980086355895158690e-01 9.285389167045972336e-02 7.085798816568047442e-01 1.871870732817478289e-01 1.137915339098771045e-02 0.000000000000000000e+00
4.975000000000000000e+04 1.990086792036043217e-01 9.046426945835230049e-02 7.016385980883022011e-01 1.973145197997268896e-01 1.058261265361857065e-02 0.000000000000000000e+00
5.000000000000000000e+04 2.000087228176929965e-01 9.911242603550296515e-02 6.709148839326354308e-01 2.187073281747838049e-01 1.126536185707783383e-02 0.000000000000000000e+00
5.025000000000000000e+04 2.010087664317814493e-01 9.569868001820663883e-02 6.523668639053253893e-01 2.452207555757851543e-01 6.713700500682749130e-03 0.000000000000000000e+00
5.050000000000000000e+04 2.020088100458699021e-01 9.490213928083750250e-02 6.390532544378698665e-01 2.588757396449704040e-01 7.168866636322257339e-03 0.000000000000000000e+00
5.075000000000000000e+04 2.030088536599583549e-01 9.774692762858443185e-02 6.265361857077833552e-01 2.691169776968593275e-01 6.599908966772872511e-03 0.000000000000000000e+00
5.100000000000000000e+04 2.040088972740468076e-01 1.009330905780609910e-01 6.169776968593536637e-01 2.760582612653618706e-01 6.030951297223486815e-03 0.000000000000000000e+00
5.125000000000000000e+04 2.050089408881352604e-01 9.672280382339554228e-02 6.170914883932635542e-01 2.795857988165680319e-01 6.599908966772872511e-03 0.000000000000000000e+00
5.150000000000000000e+04 2.060089845022237132e-01 1.041192535275375503e-01 6.101502048247610110e-01 2.781065088757396220e-01 7.624032771961766417e-03 0.000000000000000000e+00
5.175000000000000000e+04 2.070090281163121659e-01 1.034365043240782905e-01 6.001365498406918686e-01 2.878925807919890945e-01 8.534365043240782836e-03 0.000000000000000000e+00
5.200000000000000000e+04 2.080090717304006187e-01 1.095812471552116557e-01 5.818161128812016081e-01 2.975648611743286209e-01 1.103777878925807886e-02 0.000000000000000000e+00
5.225000000000000000e+04 2.090091153444890715e-01 1.100364132908511622e-01 5.802230314064633632e-01 3.015475648611743442e-01 8.192990441511151245e-03 0.000000000000000000e+00
5.250000000000000000e+04 2.100091589585775242e-01 1.101502048247610388e-01 5.746472462448793950e-01 3.049613108784706150e-01 1.024123805188893906e-02 0.000000000000000000e+00
5.275000000000000000e+04 2.110092025726659770e-01 1.093536640873919025e-01 5.715748748293126846e-01 3.089440145653163383e-01 1.012744651797906244e-02 0.000000000000000000e+00
5.300000000000000000e+04 2.120092461867544298e-01 1.101502048247610388e-01 5.702093764223942207e-01 3.106508875739644737e-01 8.989531178880291046e-03 0.000000000000000000e+00
5.325000000000000000e+04 2.130092898008428826e-01 1.102639963586709154e-01 5.707783340919435622e-01 3.084888484296768318e-01 1.046882111970869403e-02 0.000000000000000000e+00
5.350000000000000000e+04 2.140093334149313353e-01 1.109467455621301751e-01 5.686162949476558648e-01 3.140646335912608000e-01 6.372325898953117539e-03 0.000000000000000000e+00
5.375000000000000000e+04 2.150093770290197881e-01 1.104915794264906687e-01 5.640646335912608000e-01 3.169094219390077294e-01 8.534365043240782836e-03 0.000000000000000000e+00
5.400000000000000000e+04 2.160094206431082409e-01 1.157259899863450209e-01 5.636094674556213491e-01 3.137232589895311841e-01 6.941283568502503235e-03 0.000000000000000000e+00
5.425000000000000000e+04 2.170094642571966936e-01 1.162949476558944040e-01 5.636094674556213491e-01 3.128129267182521711e-01 7.282658170232134826e-03 0.000000000000000000e+00
5.450000000000000000e+04 2.180095078712851464e-01 1.158397815202548975e-01 5.592853891670459543e-01 3.144060081929904160e-01 1.046882111970869403e-02 0.000000000000000000e+00
5.475000000000000000e+04 2.190095514853738212e-01 1.190259444697314567e-01 5.614474283113336517e-01 3.136094674556212936e-01 5.917159763313609329e-03 0.000000000000000000e+00
5.500000000000000000e+04 2.200095950994622740e-01 1.198224852071005930e-01 5.578060992262175999e-01 3.121301775147928836e-01 1.024123805188893906e-02 0.000000000000000000e+00
5.525000000000000000e+04 2.210096387135507268e-01 1.200500682749203463e-01 5.533682294037323146e-01 3.182749203459262488e-01 8.306781975421027864e-03 0.000000000000000000e+00
5.550000000000000000e+04 2.220096823276391795e-01 1.167501137915339104e-01 5.546199362767409990e-01 3.169094219390077294e-01 1.172052799271734204e-02 0.000000000000000000e+00
5.575000000000000000e+04 2.230097259417276323e-01 1.208466090122894826e-01 5.477924442421483464e-01 3.215748748293126846e-01 9.786071916249430847e-03 0.000000000000000000e+00
5.600000000000000000e+04 2.240097695558160851e-01 1.200500682749203463e-01 5.597405553026855163e-01 3.115612198452434867e-01 8.648156577150659455e-03 0.000000000000000000e+00
5.625000000000000000e+04 2.250098131699045378e-01 1.062812926718252199e-01 5.769230769230768718e-01 3.124715521165225551e-01 4.324078288575329727e-03 0.000000000000000000e+00
5.650000000000000000e+04 2.260098567839929906e-01 9.865725989986344480e-02 5.819299044151114986e-01 3.137232589895311841e-01 5.689576695493855224e-03 0.000000000000000000e+00
5.675000000000000000e+04 2.270099003980814434e-01 1.044606281292671801e-01 5.794264906690942407e-01 3.100819299044151323e-01 6.030951297223486815e-03 0.000000000000000000e+00
