# itime ezz other fcc hcp bcc ico
0.000000000000000000e+00 0.000000000000000000e+00 2.275830678197542133e-04 9.997724169321802190e-01 0.000000000000000000e+00 0.000000000000000000e+00 0.000000000000000000e+00
2.500000000000000000e+02 9.999518086007963547e-04 3.413746017296313199e-04 9.996586253982703285e-01 0.000000000000000000e+00 0.000000000000000000e+00 0.000000000000000000e+00
5.000000000000000000e+02 1.999903617201814754e-03 1.024123805188893906e-03 9.988620846609012061e-01 0.000000000000000000e+00 1.137915339098771066e-04 0.000000000000000000e+00
7.500000000000000000e+02 2.999855425802611109e-03 1.365498406918525280e-03 9.986345015930814251e-01 0.000000000000000000e+00 0.000000000000000000e+00 0.000000000000000000e+00
1.000000000000000000e+03 3.999807234403629508e-03 7.965407373691396923e-04 9.992034592626308775e-01 0.000000000000000000e+00 0.000000000000000000e+00 0.000000000000000000e+00
1.250000000000000000e+03 4.999759043004425862e-03 1.479289940828402332e-03 9.985207100591716456e-01 0.000000000000000000e+00 0.000000000000000000e+00 0.000000000000000000e+00
1.500000000000000000e+03 5.999710851605222217e-03 1.024123805188893906e-03 9.989758761948110966e-01 0.000000000000000000e+00 0.000000000000000000e+00 0.000000000000000000e+00
1.750000000000000000e+03 6.999662660206240616e-03 1.479289940828402332e-03 9.985207100591716456e-01 0.000000000000000000e+00 0.000000000000000000e+00 0.000000000000000000e+00
2.000000000000000000e+03 7.999614468807036971e-03 6.827492034592626399e-04 9.993172507965407680e-01 0.000000000000000000e+00 0.000000000000000000e+00 0.000000000000000000e+00
2.250000000000000000e+03 8.999566277408055370e-03 5.689576695493854790e-04 9.994310423304506585e-01 0.000000000000000000e+00 0.000000000000000000e+00 0.000000000000000000e+00
2.500000000000000000e+03 9.999518086008851725e-03 1.024123805188893906e-03 9.989758761948110966e-01 0.000000000000000000e+00 0.000000000000000000e+00 0.000000000000000000e+00
2.750000000000000000e+03 1.099946989460987012e-02 7.965407373691396923e-04 9.992034592626308775e-01 0.000000000000000000e+00 0.000000000000000000e+00 0.000000000000000000e+00
3.000000000000000000e+03 1.199942170321066648e-02 3.072371415566681717e-03 9.969276285844332897e-01 0.000000000000000000e+00 0.000000000000000000e+00 0.000000000000000000e+00
3.250000000000000000e+03 1.299937351181146283e-02 1.934456076467910759e-03 9.979517523896221931e-01 0.000000000000000000e+00 1.137915339098771066e-04 0.000000000000000000e+00
3.500000000000000000e+03 1.399932532041248123e-02 1.934456076467910759e-03 9.980655439235320836e-01 0.000000000000000000e+00 0.000000000000000000e+00 0.000000000000000000e+00
3.750000000000000000e+03 1.499927712901327759e-02 2.275830678197541916e-03 9.977241693218024121e-01 0.000000000000000000e+00 0.000000000000000000e+00 0.000000000000000000e+00
4.000000000000000000e+03 1.599922893761429599e-02 1.365498406918525280e-03 9.986345015930814251e-01 0.000000000000000000e+00 0.000000000000000000e+00 0.000000000000000000e+00
4.250000000000000000e+03 1.699918074621509234e-02 1.934456076467910759e-03 9.980655439235320836e-01 0.000000000000000000e+00 0.000000000000000000e+00 0.000000000000000000e+00
4.500000000000000000e+03 1.799913255481588870e-02 1.137915339098770958e-03 9.988620846609012061e-01 0.000000000000000000e+00 0.000000000000000000e+00 0.000000000000000000e+00
4.750000000000000000e+03 1.899908436341690710e-02 1.706873008648156654e-03 9.982931269913518646e-01 0.000000000000000000e+00 0.000000000000000000e+00 0.000000000000000000e+00
5.000000000000000000e+03 1.999903617201770345e-02 3.186162949476558769e-03 9.968138370505233992e-01 0.000000000000000000e+00 0.000000000000000000e+00 0.000000000000000000e+00
5.250000000000000000e+03 2.099898798061872185e-02 2.048247610377787811e-03 9.979517523896221931e-01 0.000000000000000000e+00 0.000000000000000000e+00 0.000000000000000000e+00
5.500000000000000000e+03 2.199893978921951820e-02 1.479289940828402332e-03 9.984069185252617551e-01 0.000000000000000000e+00 1.137915339098771066e-04 0.000000000000000000e+00
5.750000000000000000e+03 2.299889159782053660e-02 2.844788347746927612e-03 9.970414201183431802e-01 0.000000000000000000e+00 1.137915339098771066e-04 0.000000000000000000e+00
6.000000000000000000e+03 2.399884340642133296e-02 3.072371415566681717e-03 9.969276285844332897e-01 0.000000000000000000e+00 0.000000000000000000e+00 0.000000000000000000e+00
6.250000000000000000e+03 2.499879521502212931e-02 4.551661356395083832e-03 9.954483386436049352e-01 0.000000000000000000e+00 0.000000000000000000e+00 0.000000000000000000e+00
6.500000000000000000e+03 2.599874702362314771e-02 3.982703686845699004e-03 9.960172963131542767e-01 0.000000000000000000e+00 0.000000000000000000e+00 0.000000000000000000e+00
6.750000000000000000e+03 2.699869883222394407e-02 2.844788347746927612e-03 9.971552116522530707e-01 0.000000000000000000e+00 0.000000000000000000e+00 0.000000000000000000e+00
7.000000000000000000e+03 2.799865064082496247e-02 3.982703686845699004e-03 9.960172963131542767e-01 0.000000000000000000e+00 0.000000000000000000e+00 0.000000000000000000e+00
7.250000000000000000e+03 2.899860244942575882e-02 3.527537551206190360e-03 9.964724624487938387e-01 0.000000000000000000e+00 0.000000000000000000e+00 0.000000000000000000e+00
7.500000000000000000e+03 2.999855425802655517e-02 3.072371415566681717e-03 9.968138370505233992e-01 0.000000000000000000e+00 1.137915339098771066e-04 0.000000000000000000e+00
7.750000000000000000e+03 3.099850606662757357e-02 4.665452890304961318e-03 9.953345471096950448e-01 0.000000000000000000e+00 0.000000000000000000e+00 0.000000000000000000e+00
8.000000000000000000e+03 3.199845787522836993e-02 8.648156577150659455e-03 9.912380518889394310e-01 0.000000000000000000e+00 1.137915339098771066e-04 0.000000000000000000e+00
8.250000000000000000e+03 3.299840968382938833e-02 5.120619025944469528e-03 9.947655894401457033e-01 0.000000000000000000e+00 1.137915339098771066e-04 0.000000000000000000e+00
8.500000000000000000e+03 3.399836149243018468e-02 5.120619025944469528e-03 9.945380063723259223e-01 0.000000000000000000e+00 3.413746017296313199e-04 0.000000000000000000e+00
8.750000000000000000e+03 3.499831330103120308e-02 5.917159763313609329e-03 9.939690487027764698e-01 0.000000000000000000e+00 1.137915339098771066e-04 0.000000000000000000e+00
9.000000000000000000e+03 3.599826510963199944e-02 6.030951297223486815e-03 9.938552571688666903e-01 0.000000000000000000e+00 1.137915339098771066e-04 0.000000000000000000e+00
9.250000000000000000e+03 3.699821691823279579e-02 5.461993627674101119e-03 9.943104233045061413e-01 0.000000000000000000e+00 2.275830678197542133e-04 0.000000000000000000e+00
9.500000000000000000e+03 3.799816872683381419e-02 5.348202093764223633e-03 9.941966317705962508e-01 0.000000000000000000e+00 4.551661356395084266e-04 0.000000000000000000e+00
9.750000000000000000e+03 3.899812053543461055e-02 7.055075102412380721e-03 9.926035502958580059e-01 0.000000000000000000e+00 3.413746017296313199e-04 0.000000000000000000e+00
1.000000000000000000e+04 3.999807234403562894e-02 8.306781975421027864e-03 9.916932180245789930e-01 0.000000000000000000e+00 0.000000000000000000e+00 0.000000000000000000e+00
1.025000000000000000e+04 4.099802415263642530e-02 8.761948111060537808e-03 9.912380518889394310e-01 0.000000000000000000e+00 0.000000000000000000e+00 0.000000000000000000e+00
1.050000000000000000e+04 4.199797596123722165e-02 8.875739644970414427e-03 9.908966772872098705e-01 0.000000000000000000e+00 2.275830678197542133e-04 0.000000000000000000e+00
1.075000000000000000e+04 4.299792776983824005e-02 1.433773327264451468e-02 9.849795175238962308e-01 0.000000000000000000e+00 6.827492034592626399e-04 0.000000000000000000e+00
1.100000000000000000e+04 4.399787957843903641e-02 8.534365043240782836e-03 9.912380518889394310e-01 0.000000000000000000e+00 2.275830678197542133e-04 0.000000000000000000e+00
1.125000000000000000e+04 4.499783138704005481e-02 7.510241238051888930e-03 9.922621756941283344e-01 0.000000000000000000e+00 2.275830678197542133e-04 0.000000000000000000e+00
1.150000000000000000e+04 4.599778319564085116e-02 7.168866636322257339e-03 9.926035502958580059e-01 0.000000000000000000e+00 2.275830678197542133e-04 0.000000000000000000e+00
1.175000000000000000e+04 4.699773500424186956e-02 1.024123805188893906e-02 9.888484296768320636e-01 0.000000000000000000e+00 9.103322712790168532e-04 0.000000000000000000e+00
1.200000000000000000e+04 4.799768681284266592e-02 1.172052799271734204e-02 9.879380974055530507e-01 0.000000000000000000e+00 3.413746017296313199e-04 0.000000000000000000e+00
1.225000000000000000e+04 4.899763862144346227e-02 1.388256713700500647e-02 9.854346836595356818e-01 0.000000000000000000e+00 6.827492034592626399e-04 0.000000000000000000e+00
1.250000000000000000e+04 4.999759043004448067e-02 1.331360946745562164e-02 9.857760582612653533e-01 0.000000000000000000e+00 9.103322712790168532e-04 0.000000000000000000e+00
1.275000000000000000e+04 5.099754223864527702e-02 1.615839781520254925e-02 9.835002275830677654e-01 0.000000000000000000e+00 3.413746017296313199e-04 0.000000000000000000e+00
1.300000000000000000e+04 5.199749404724629542e-02 1.536185707783340945e-02 9.837278106508875464e-01 0.000000000000000000e+00 9.103322712790168532e-04 0.000000000000000000e+00
1.325000000000000000e+04 5.299744585584709178e-02 1.991351843422849502e-02 9.792899408284023721e-01 0.000000000000000000e+00 7.965407373691396923e-04 0.000000000000000000e+00
1.350000000000000000e+04 5.399739766444788813e-02 2.025489303595812488e-02 9.787209831588530307e-01 0.000000000000000000e+00 1.024123805188893906e-03 0.000000000000000000e+00
1.375000000000000000e+04 5.499734947304890653e-02 1.786527082385070547e-02 9.811106053709603980e-01 0.000000000000000000e+00 1.024123805188893906e-03 0.000000000000000000e+00
1.400000000000000000e+04 5.599730128164970289e-02 2.230314064633591095e-02 9.769003186162948937e-01 0.000000000000000000e+00 7.965407373691396923e-04 0.000000000000000000e+00
1.425000000000000000e+04 5.699725309025072129e-02 1.934456076467910846e-02 9.803140646335912756e-01 0.000000000000000000e+00 3.413746017296313199e-04 0.000000000000000000e+00
1.450000000000000000e+04 5.799720489885151764e-02 2.492034592626308706e-02 9.746244879380974169e-01 0.000000000000000000e+00 4.551661356395084266e-04 0.000000000000000000e+00
1.475000000000000000e+04 5.899715670745231400e-02 2.435138825671370050e-02 9.750796540737368678e-01 0.000000000000000000e+00 5.689576695493854790e-04 0.000000000000000000e+00
1.500000000000000000e+04 5.999710851605333239e-02 2.207555757851615771e-02 9.765589440145653333e-01 0.000000000000000000e+00 1.365498406918525280e-03 0.000000000000000000e+00
1.525000000000000000e+04 6.099706032465412875e-02 2.082385070550751144e-02 9.781520254893035782e-01 0.000000000000000000e+00 1.024123805188893906e-03 0.000000000000000000e+00
1.550000000000000000e+04 6.199701213325514715e-02 2.674101046882111990e-02 9.725762403277196100e-01 0.000000000000000000e+00 6.827492034592626399e-04 0.000000000000000000e+00
1.575000000000000000e+04 6.299696394185594350e-02 3.095129722348657214e-02 9.684797451069639962e-01 0.000000000000000000e+00 5.689576695493854790e-04 0.000000000000000000e+00
1.600000000000000000e+04 6.399691575045696190e-02 3.152025489303595523e-02 9.665452890304960798e-01 0.000000000000000000e+00 1.934456076467910759e-03 0.000000000000000000e+00
1.625000000000000000e+04 6.499686755905775826e-02 4.153390987710514626e-02 9.557350933090578149e-01 0.000000000000000000e+00 2.730996813837050560e-03 0.000000000000000000e+00
1.650000000000000000e+04 6.599681936765855461e-02 3.470641784251251444e-02 9.634729176149294805e-01 0.000000000000000000e+00 1.820664542558033706e-03 0.000000000000000000e+00
1.675000000000000000e+04 6.699677117625957301e-02 3.720983158852981393e-02 9.608557123350022211e-01 0.000000000000000000e+00 1.934456076467910759e-03 0.000000000000000000e+00
1.700000000000000000e+04 6.799672298486036937e-02 5.166135639508420696e-02 9.456076467910787819e-01 0.000000000000000000e+00 2.730996813837050560e-03 0.000000000000000000e+00
1.725000000000000000e+04 6.899667479346138776e-02 4.494765589440145870e-02 9.525489303595812141e-01 0.000000000000000000e+00 2.503413746017296455e-03 0.000000000000000000e+00
1.750000000000000000e+04 6.999662660206218412e-02 6.520254893035958010e-02 9.295630405097861093e-01 0.000000000000000000e+00 5.234410559854347014e-03 0.000000000000000000e+00
1.775000000000000000e+04 7.099657841066298047e-02 6.099226217569413133e-02 9.337733272644515026e-01 0.000000000000000000e+00 5.234410559854347014e-03 0.000000000000000000e+00
1.800000000000000000e+04 7.199653021926399887e-02 5.575785161583977911e-02 9.407146108329540457e-01 0.000000000000000000e+00 3.527537551206190360e-03 0.000000000000000000e+00
1.825000000000000000e+04 7.299648202786479523e-02 6.497496586253982687e-02 9.281975421028675344e-01 0.000000000000000000e+00 6.827492034592626616e-03 0.000000000000000000e+00
1.850000000000000000e+04 7.399643383646581363e-02 7.055075102412380894e-02 9.214838416021847722e-01 0.000000000000000000e+00 7.965407373691398007e-03 0.000000000000000000e+00
1.875000000000000000e+04 7.499638564506660998e-02 7.407828857532999800e-02 9.196631770596267463e-01 0.000000000000000000e+00 6.258534365043240920e-03 0.000000000000000000e+00
1.900000000000000000e+04 7.599633745366762838e-02 8.568502503413745475e-02 9.069185252617205650e-01 0.000000000000000000e+00 7.396449704142011444e-03 0.000000000000000000e+00
1.925000000000000000e+04 7.699628926226842474e-02 9.968138370505234824e-02 8.888256713700500855e-01 0.000000000000000000e+00 1.149294492489758707e-02 0.000000000000000000e+00
1.950000000000000000e+04 7.799624107086922109e-02 9.888484296768319803e-02 8.896222121074192080e-01 0.000000000000000000e+00 1.149294492489758707e-02 0.000000000000000000e+00
1.975000000000000000e+04 7.899619287947023949e-02 1.145880746472462408e-01 8.705052344105598250e-01 0.000000000000000000e+00 1.490669094219390124e-02 0.000000000000000000e+00
2.000000000000000000e+04 7.999614468807103584e-02 1.240327719617660418e-01 8.525261720527992360e-01 3.413746017296313199e-04 2.309968138370505075e-02 0.000000000000000000e+00
2.025000000000000000e+04 8.099609649667205424e-02 1.343878015475648557e-01 8.384160218479744797e-01 1.137915339098771066e-04 2.708238507055074976e-02 0.000000000000000000e+00
2.050000000000000000e+04 8.199604830527285060e-02 1.609012289485662328e-01 8.037096040054619861e-01 0.000000000000000000e+00 3.538916704597178109e-02 0.000000000000000000e+00
2.075000000000000000e+04 8.299600011387364695e-02 1.767182521620391522e-01 7.713928083750568598e-01 5.689576695493854790e-04 5.131998179335457710e-02 0.000000000000000000e+00
2.100000000000000000e+04 8.399595192247466535e-02 1.727355484751934567e-01 7.677514792899408080e-01 1.024123805188893906e-03 5.848884842967683184e-02 0.000000000000000000e+00
2.125000000000000000e+04 8.499590373107546171e-02 2.026627218934911323e-01 7.148384160218479444e-01 6.144742831133363434e-03 7.635411925352754425e-02 0.000000000000000000e+00
2.150000000000000000e+04 8.599585553967648011e-02 2.333864360491579304e-01 6.250568957669548897e-01 2.275830678197542090e-02 1.187983614019117035e-01 0.000000000000000000e+00
2.175000000000000000e+04 8.699580734827727646e-02 2.447655894401456478e-01 5.855712335002275504e-01 6.634046426945834629e-02 1.033227127901684139e-01 0.000000000000000000e+00
2.200000000000000000e+04 8.799575915687829486e-02 2.152935821574874786e-01 5.755575785161584079e-01 1.141329085116067343e-01 9.501593081474737912e-02 0.000000000000000000e+00
2.225000000000000000e+04 8.899571096547909121e-02 2.146108329540282189e-01 5.345926263086026031e-01 1.372325898953117851e-01 1.135639508420573512e-01 0.000000000000000000e+00
2.250000000000000000e+04 8.999566277407988757e-02 1.977696859353663961e-01 4.783796085571233592e-01 2.002730996813837094e-01 1.235776058261265353e-01 0.000000000000000000e+00
2.275000000000000000e+04 9.099561458268090597e-02 1.901456531634046487e-01 4.715521165225307065e-01 2.332726445152480677e-01 1.050295857988165632e-01 0.000000000000000000e+00
2.300000000000000000e+04 9.199556639128170232e-02 1.645425580336822846e-01 4.895311788802912956e-01 2.515930814747383004e-01 9.433318161128811941e-02 0.000000000000000000e+00
2.325000000000000000e+04 9.299551819988272072e-02 1.789940828402366846e-01 4.780382339553937432e-01 2.540964952207555583e-01 8.887118798361401395e-02 0.000000000000000000e+00
2.350000000000000000e+04 9.399547000848351708e-02 1.594219390077378229e-01 4.970414201183431802e-01 2.669549385525716856e-01 7.658170232134729749e-02 0.000000000000000000e+00
2.375000000000000000e+04 9.499542181708431343e-02 1.647701411015020379e-01 5.029585798816568198e-01 2.746927628584433512e-01 5.757851615839781195e-02 0.000000000000000000e+00
2.400000000000000000e+04 9.599537362568533183e-02 1.602184797451069731e-01 4.969276285844333452e-01 2.816340464269458388e-01 6.121984524351388457e-02 0.000000000000000000e+00
2.425000000000000000e+04 9.699532543428612819e-02 1.583978152025489194e-01 4.932862994993172379e-01 2.820892125625853453e-01 6.622667273554846967e-02 0.000000000000000000e+00
2.450000000000000000e+04 9.799527724288714658e-02 1.656804733727810786e-01 4.939690487027765253e-01 2.801547564861174289e-01 6.019572143832498806e-02 0.000000000000000000e+00
2.475000000000000000e+04 9.899522905148794294e-02 1.785389167045971781e-01 4.825898953117888079e-01 2.792444242148384159e-01 5.962676376877560497e-02 0.000000000000000000e+00
2.500000000000000000e+04 9.999518086008896134e-02 1.730769230769230727e-01 4.848657259899863403e-01 2.779927173418297870e-01 6.406463359126081392e-02 0.000000000000000000e+00
2.525000000000000000e+04 1.009951326686897577e-01 1.746700045516613453e-01 4.863450159308147502e-01 2.769685935366408835e-01 6.201638598088302090e-02 0.000000000000000000e+00
2.550000000000000000e+04 1.019950844772905540e-01 1.871870732817478289e-01 4.741693218024579104e-01 2.746927628584433512e-01 6.395084205735093730e-02 0.000000000000000000e+00
2.575000000000000000e+04 1.029950362858915724e-01 1.904870277651342647e-01 4.668866636322257513e-01 2.750341374601729671e-01 6.759217114246700298e-02 0.000000000000000000e+00
2.600000000000000000e+04 1.039949880944923688e-01 1.898042785616750050e-01 4.584660901228948537e-01 2.834547109695038647e-01 6.827492034592626269e-02 0.000000000000000000e+00
2.625000000000000000e+04 1.049949399030933872e-01 1.892353208921256358e-01 4.571005917159763343e-01 2.801547564861174289e-01 7.350933090578061491e-02 0.000000000000000000e+00
2.650000000000000000e+04 1.059948917116941836e-01 1.936731907146108378e-01 4.586936731907146347e-01 2.806099226217569353e-01 6.702321347291761988e-02 0.000000000000000000e+00
2.675000000000000000e+04 1.069948435202949799e-01 1.973145197997268896e-01 4.559626763768775404e-01 2.757168866636321991e-01 7.100591715976331542e-02 0.000000000000000000e+00
2.700000000000000000e+04 1.079947953288959983e-01 2.086936731907146070e-01 4.446973145197997135e-01 2.723031406463359283e-01 7.430587164314975124e-02 0.000000000000000000e+00
2.725000000000000000e+04 1.089947471374967947e-01 2.129039599453800558e-01 4.502730996813836817e-01 2.728720983158853253e-01 6.395084205735093730e-02 0.000000000000000000e+00
2.750000000000000000e+04 1.099946989460978131e-01 2.060764679107874309e-01 4.489076012744651623e-01 2.725307237141556538e-01 7.248520710059171146e-02 0.000000000000000000e+00
2.775000000000000000e+04 1.109946507546986094e-01 2.165452890304961353e-01 4.425352753755120716e-01 2.619481110605371144e-01 7.897132453345470648e-02 0.000000000000000000e+00
2.800000000000000000e+04 1.119946025632994058e-01 2.143832498862084657e-01 4.386663632225762388e-01 2.708238507055075184e-01 7.612653618570777714e-02 0.000000000000000000e+00
2.825000000000000000e+04 1.129945543719004242e-01 2.180245789713245452e-01 4.355939918070095840e-01 2.671825216203914666e-01 7.919890760127445972e-02 0.000000000000000000e+00
2.850000000000000000e+04 1.139945061805012205e-01 2.184797451069640517e-01 4.365043240782885969e-01 2.655894401456531662e-01 7.942649066909421296e-02 0.000000000000000000e+00
2.875000000000000000e+04 1.149944579891022389e-01 2.259899863450159363e-01 4.228493400091033472e-01 2.597860719162494170e-01 9.137460172963131344e-02 0.000000000000000000e+00
2.900000000000000000e+04 1.159944097977030353e-01 2.362312243969048597e-01 4.231907146108329631e-01 2.575102412380518846e-01 8.306781975421029252e-02 0.000000000000000000e+00
2.925000000000000000e+04 1.169943616063040537e-01 2.263313609467455523e-01 4.296768320436959443e-01 2.567137005006827621e-01 8.727810650887574129e-02 0.000000000000000000e+00
2.950000000000000000e+04 1.179943134149048500e-01 2.498862084660901095e-01 4.172735548475193235e-01 2.487482931269913433e-01 8.409194355939918208e-02 0.000000000000000000e+00
2.975000000000000000e+04 1.189942652235056464e-01 2.485207100591715901e-01 4.050978607191624836e-01 2.518206645425580259e-01 9.456076467910787264e-02 0.000000000000000000e+00
3.000000000000000000e+04 1.199942170321066648e-01 2.497724169321802468e-01 4.049840691852525931e-01 2.532999544833864358e-01 9.194355939918069653e-02 0.000000000000000000e+00
3.025000000000000000e+04 1.209941688407074611e-01 2.507965407373691225e-01 4.005461993627674189e-01 2.488620846609012338e-01 9.979517523896222486e-02 0.000000000000000000e+00
3.050000000000000000e+04 1.219941206493084795e-01 2.621756941283568398e-01 3.892808375056895920e-01 2.396449704142011861e-01 1.088984979517523960e-01 0.000000000000000000e+00
3.075000000000000000e+04 1.229940724579092759e-01 2.627446517979062368e-01 3.903049613108784954e-01 2.340691852526172179e-01 1.128812016385980915e-01 0.000000000000000000e+00
3.100000000000000000e+04 1.239940242665100723e-01 2.777651342740100060e-01 3.744879380974055483e-01 2.313381884387801513e-01 1.164087391898042806e-01 0.000000000000000000e+00
3.125000000000000000e+04 1.249939760751110907e-01 2.864132908511606845e-01 3.723258989531179064e-01 2.215521165225307343e-01 1.197086936731907164e-01 0.000000000000000000e+00
3.150000000000000000e+04 1.259939278837118870e-01 2.868684569868001910e-01 3.768775603095129711e-01 2.148384160218479721e-01 1.214155666818388657e-01 0.000000000000000000e+00
3.175000000000000000e+04 1.269938796923129054e-01 2.831133363677742487e-01 3.855257168866636497e-01 2.287209831588529751e-01 1.026399635867091542e-01 0.000000000000000000e+00
3.200000000000000000e+04 1.279938315009137018e-01 2.833409194355939742e-01 3.855257168866636497e-01 2.265589440145653055e-01 1.045744196631770567e-01 0.000000000000000000e+00
3.225000000000000000e+04 1.289937833095147202e-01 2.826581702321347422e-01 3.822257624032772139e-01 2.386208466090122826e-01 9.649522075557578904e-02 0.000000000000000000e+00
3.250000000000000000e+04 1.299937351181155165e-01 2.919890760127446527e-01 3.708466090122894965e-01 2.271279016841147025e-01 1.100364132908511622e-01 0.000000000000000000e+00
3.275000000000000000e+04 1.309936869267163129e-01 3.048475193445607800e-01 3.474055530268548297e-01 2.295175238962221254e-01 1.182294037323623065e-01 0.000000000000000000e+00
3.300000000000000000e+04 1.319936387353173313e-01 3.015475648611743442e-01 3.511606736458807720e-01 2.253072371415566766e-01 1.219845243513882627e-01 0.000000000000000000e+00
3.325000000000000000e+04 1.329935905439181276e-01 3.068957669549385314e-01 3.408056440600819026e-01 2.250796540737369233e-01 1.272189349112426149e-01 0.000000000000000000e+00
3.350000000000000000e+04 1.339935423525191460e-01 3.107646791078743642e-01 3.449021392808375164e-01 2.291761492944924816e-01 1.151570323167956239e-01 0.000000000000000000e+00
3.375000000000000000e+04 1.349934941611199424e-01 2.744651797906235702e-01 3.807464724624488039e-01 2.386208466090122826e-01 1.061675011379153433e-01 0.000000000000000000e+00
3.400000000000000000e+04 1.359934459697207387e-01 2.434000910332271284e-01 4.088529813381884259e-01 2.522758306781975324e-01 9.547109695038688559e-02 0.000000000000000000e+00
3.425000000000000000e+04 1.369933977783217571e-01 2.382794720072826666e-01 4.175011379153391045e-01 2.512517068730086289e-01 9.296768320436959998e-02 0.000000000000000000e+00
3.450000000000000000e+04 1.379933495869225535e-01 2.284934000910332219e-01 4.230769230769230727e-01 2.605826126536185949e-01 8.784706417842512438e-02 0.000000000000000000e+00
3.475000000000000000e+04 1.389933013955235719e-01 2.336140191169776836e-01 4.210286754665452658e-01 2.597860719162494170e-01 8.557123350022757813e-02 0.000000000000000000e+00
3.500000000000000000e+04 1.399932532041243682e-01 2.353208921256258468e-01 4.208010923987255403e-01 2.606964041875284299e-01 8.318161128812016913e-02 0.000000000000000000e+00
3.525000000000000000e+04 1.409932050127253866e-01 2.371415566681839004e-01 4.197769685935366368e-01 2.627446517979062368e-01 8.033682294037323979e-02 0.000000000000000000e+00
3.550000000000000000e+04 1.419931568213261830e-01 2.403277196176604458e-01 4.126081019572143682e-01 2.650204824761037692e-01 8.204369594902138907e-02 0.000000000000000000e+00
3.575000000000000000e+04 1.429931086299269793e-01 2.407828857532999522e-01 4.115839781520254648e-01 2.650204824761037692e-01 8.261265361857077216e-02 0.000000000000000000e+00
3.600000000000000000e+04 1.439930604385279977e-01 2.283796085571233592e-01 4.151115157032316816e-01 2.703686845698680119e-01 8.614019116977697510e-02 0.000000000000000000e+00
3.625000000000000000e+04 1.449930122471287941e-01 2.472690031861629611e-01 4.020254893035958288e-01 2.654756486117432757e-01 8.522985889849794827e-02 0.000000000000000000e+00
3.650000000000000000e+04 1.459929640557298125e-01 2.294037323623122349e-01 4.132908511606736557e-01 2.633136094674556338e-01 9.399180700955848955e-02 0.000000000000000000e+00
3.675000000000000000e+04 1.469929158643306089e-01 2.469276285844333174e-01 3.974738279472007085e-01 2.633136094674556338e-01 9.228493400091032639e-02 0.000000000000000000e+00
3.700000000000000000e+04 1.479928676729314052e-01 2.510241238051889034e-01 3.963359126081019701e-01 2.608101957214383204e-01 9.182976786527081992e-02 0.000000000000000000e+00
3.725000000000000000e+04 1.489928194815324236e-01 2.496586253982703563e-01 3.977014110150204895e-01 2.639963586709148657e-01 8.864360491579426071e-02 0.000000000000000000e+00
3.750000000000000000e+04 1.499927712901332200e-01 2.435138825671370189e-01 3.882567137005006885e-01 2.649066909421938787e-01 1.033227127901684139e-01 0.000000000000000000e+00
3.775000000000000000e+04 1.509927230987342384e-01 2.536413290851160518e-01 3.818843878015475424e-01 2.651342740100136597e-01 9.934000910332271839e-02 0.000000000000000000e+00
3.800000000000000000e+04 1.519926749073350347e-01 2.563723258989530907e-01 3.715293582157487284e-01 2.678652708238506985e-01 1.042330450614474269e-01 0.000000000000000000e+00
3.825000000000000000e+04 1.529926267159360531e-01 2.625170687300864558e-01 3.637915339098771184e-01 2.716203914428766408e-01 1.020710059171597572e-01 0.000000000000000000e+00
3.850000000000000000e+04 1.539925785245368495e-01 2.551206190259444617e-01 3.645880746472462408e-01 2.766272189349112676e-01 1.036640873918980438e-01 0.000000000000000000e+00
3.875000000000000000e+04 1.549925303331376458e-01 2.633136094674556338e-01 3.554847519344560558e-01 2.786754665452890189e-01 1.025261720527992776e-01 0.000000000000000000e+00
3.900000000000000000e+04 1.559924821417386642e-01 2.598998634501593075e-01 3.628812016385981054e-01 2.839098771051433712e-01 9.330905780609922984e-02 0.000000000000000000e+00
3.925000000000000000e+04 1.569924339503394606e-01 2.694583522985889990e-01 3.495675921711424716e-01 2.786754665452890189e-01 1.022985889849795244e-01 0.000000000000000000e+00
3.950000000000000000e+04 1.579923857589404790e-01 2.709376422394174089e-01 3.466090122894856518e-01 2.968821119708693890e-01 8.557123350022757813e-02 0.000000000000000000e+00
3.975000000000000000e+04 1.589923375675412753e-01 2.923304506144742687e-01 3.340919435593991960e-01 2.842512517068729871e-01 8.932635411925353430e-02 0.000000000000000000e+00
4.000000000000000000e+04 1.599922893761420717e-01 2.866408739189804100e-01 3.360263996358671124e-01 2.862994993172507940e-01 9.103322712790168358e-02 0.000000000000000000e+00
4.025000000000000000e+04 1.609922411847430901e-01 2.880063723258989294e-01 3.477469276285844457e-01 2.811788802913063323e-01 8.306781975421029252e-02 0.000000000000000000e+00
4.050000000000000000e+04 1.619921929933438864e-01 2.749203459262630767e-01 3.577605826126536437e-01 2.958579881656804855e-01 7.146108329540282189e-02 0.000000000000000000e+00
4.075000000000000000e+04 1.629921448019449048e-01 2.801547564861174289e-01 3.508192990441511006e-01 2.926718252162039402e-01 7.635411925352754425e-02 0.000000000000000000e+00
4.100000000000000000e+04 1.639920966105457012e-01 2.680928538916704795e-01 3.657259899863450348e-01 2.990441511151570309e-01 6.713700500682749650e-02 0.000000000000000000e+00
4.125000000000000000e+04 1.649920484191464976e-01 2.711652253072371344e-01 3.705052344105598805e-01 3.020027309968138507e-01 5.632680928538916915e-02 0.000000000000000000e+00
4.150000000000000000e+04 1.659920002277475160e-01 2.635411925352753593e-01 3.715293582157487284e-01 3.117888029130632677e-01 5.314064633591260994e-02 0.000000000000000000e+00
4.175000000000000000e+04 1.669919520363483123e-01 2.663859808830222886e-01 3.557123350022758368e-01 3.224852071005916976e-01 5.541647701411014926e-02 0.000000000000000000e+00
4.200000000000000000e+04 1.679919038449493307e-01 2.397587619481110488e-01 3.701638598088302090e-01 3.378470641784251383e-01 5.223031406463359005e-02 0.000000000000000000e+00
4.225000000000000000e+04 1.689918556535501271e-01 2.250796540737369233e-01 4.025944469731451703e-01 3.379608557123350288e-01 3.436504324078288458e-02 0.000000000000000000e+00
4.250000000000000000e+04 1.699918074621511455e-01 1.800182066454255880e-01 4.673418297678652578e-01 3.406918525261720676e-01 1.194811106053709528e-02 0.000000000000000000e+00
4.275000000000000000e+04 1.709917592707519418e-01 1.645425580336822846e-01 4.753072371415566488e-01 3.468365953573054328e-01 1.331360946745562164e-02 0.000000000000000000e+00
4.300000000000000000e+04 1.719917110793527382e-01 1.420118343195266308e-01 4.835002275830678209e-01 3.570778334091943562e-01 1.741010468821119553e-02 0.000000000000000000e+00
4.325000000000000000e+04 1.729916628879537566e-01 1.242603550295857950e-01 4.939690487027765253e-01 3.734638142922166448e-01 8.306781975421027864e-03 0.000000000000000000e+00
4.350000000000000000e+04 1.739916146965545529e-01 1.205052344105598527e-01 4.945380063723259223e-01 3.786982248520709970e-01 6.258534365043240920e-03 0.000000000000000000e+00
4.375000000000000000e+04 1.749915665051555713e-01 1.182294037323623065e-01 4.952207555757851543e-01 3.798361401911697910e-01 6.713700500682749130e-03 0.000000000000000000e+00
4.400000000000000000e+04 1.759915183137563677e-01 1.152708238507055144e-01 4.979517523896221931e-01 3.798361401911697910e-01 6.941283568502503235e-03 0.000000000000000000e+00
4.425000000000000000e+04 1.769914701223571640e-01 1.199362767410104696e-01 4.943104233045061413e-01 3.781292671825216001e-01 7.624032771961766417e-03 0.000000000000000000e+00
4.450000000000000000e+04 1.779914219309581824e-01 1.217569412835685094e-01 4.945380063723259223e-01 3.783568502503413811e-01 5.348202093764223633e-03 0.000000000000000000e+00
4.475000000000000000e+04 1.789913737395589788e-01 1.126536185707783383e-01 4.970414201183431802e-01 3.826809285389167203e-01 7.624032771961766417e-03 0.000000000000000000e+00
4.500000000000000000e+04 1.799913255481599972e-01 1.053709604005461931e-01 5.006827492034592320e-01 3.868912152935821691e-01 7.055075102412380721e-03 0.000000000000000000e+00
4.525000000000000000e+04 1.809912773567607935e-01 1.106053709604005453e-01 5.004551661356395620e-01 3.824533454710969393e-01 6.486117432862995025e-03 0.000000000000000000e+00
4.550000000000000000e+04 1.819912291653618119e-01 1.078743741465634925e-01 5.005689576695493415e-01 3.857532999544833752e-01 5.803368229403732710e-03 0.000000000000000000e+00
4.575000000000000000e+04 1.829911809739626083e-01 1.026399635867091542e-01 4.993172507965407125e-01 3.950842057350932857e-01 2.958579881656804664e-03 0.000000000000000000e+00
4.600000000000000000e+04 1.839911327825634046e-01 1.011606736458807443e-01 5.004551661356395620e-01 3.931497496586254248e-01 5.234410559854347014e-03 0.000000000000000000e+00
4.625000000000000000e+04 1.849910845911644230e-01 1.070778334091943562e-01 4.980655439235320836e-01 3.903049613108784954e-01 4.551661356395083832e-03 0.000000000000000000e+00
4.650000000000000000e+04 1.859910363997652194e-01 1.015020482476103741e-01 4.986345015930814806e-01 3.934911242603550408e-01 6.372325898953117539e-03 0.000000000000000000e+00
4.675000000000000000e+04 1.869909882083662378e-01 1.009330905780609910e-01 4.962448793809740577e-01 3.977014110150204895e-01 5.120619025944469528e-03 0.000000000000000000e+00
4.700000000000000000e+04 1.879909400169670342e-01 9.626763768775603580e-02 4.968138370505234547e-01 4.035047792444242387e-01 3.413746017296313308e-03 0.000000000000000000e+00
4.725000000000000000e+04 1.889908918255678305e-01 9.899863450159307465e-02 4.908966772872098150e-01 4.055530268548019901e-01 4.551661356395083832e-03 0.000000000000000000e+00
4.750000000000000000e+04 1.899908436341688489e-01 9.854346836595356818e-02 4.941966317705962508e-01 4.032771961766044577e-01 3.982703686845699004e-03 0.000000000000000000e+00
4.775000000000000000e+04 1.909907954427696453e-01 9.774692762858443185e-02 4.937414656349567443e-01 4.038461538461538547e-01 4.665452890304961318e-03 0.000000000000000000e+00
4.800000000000000000e+04 1.919907472513706637e-01 9.751934456076467861e-02 4.930587164314975124e-01 4.057806099226217711e-01 3.641329085116067413e-03 0.000000000000000000e+00
4.825000000000000000e+04 1.929906990599714600e-01 9.478834774692762588e-02 4.923759672280382249e-01 4.066909421939007840e-01 6.144742831133363434e-03 0.000000000000000000e+00
4.850000000000000000e+04 1.939906508685724784e-01 9.626763768775603580e-02 4.939690487027765253e-01 4.065771506599908935e-01 3.186162949476558769e-03 0.000000000000000000e+00
4.875000000000000000e+04 1.949906026771732748e-01 9.365043240782885969e-02 4.939690487027765253e-01 4.091943559399180974e-01 3.186162949476558769e-03 0.000000000000000000e+00
4.900000000000000000e+04 1.959905544857740711e-01 9.319526627218935322e-02 4.931725079654073474e-01 4.113563950842057393e-01 2.275830678197541916e-03 0.000000000000000000e+00
4.925000000000000000e+04 1.969905062943750895e-01 9.330905780609922984e-02 4.947655894401456478e-01 4.093081474738279324e-01 2.617205279927173507e-03 0.000000000000000000e+00
4.950000000000000000e+04 1.979904581029758859e-01 8.898497951752389057e-02 4.996586253982703840e-01 4.070323167956304000e-01 4.324078288575329727e-03 0.000000000000000000e+00
4.975000000000000000e+04 1.989904099115769043e-01 8.875739644970413733e-02 4.996586253982703840e-01 4.057806099226217711e-01 5.803368229403732710e-03 0.000000000000000000e+00
5.000000000000000000e+04 1.999903617201777006e-01 8.830223031406463086e-02 4.998862084660901095e-01 4.058944014565316616e-01 5.917159763313609329e-03 0.000000000000000000e+00
5.025000000000000000e+04 2.009903135287784970e-01 9.126081019572143682e-02 5.019344560764679164e-01 4.025944469731451703e-01 4.210286754665453109e-03 0.000000000000000000e+00
5.050000000000000000e+04 2.019902653373795154e-01 9.103322712790168358e-02 5.000000000000000000e-01 4.044151115157032517e-01 4.551661356395083832e-03 0.000000000000000000e+00
5.075000000000000000e+04 2.029902171459803117e-01 8.932635411925353430e-02 5.034137460172962708e-01 4.043013199817933612e-01 2.958579881656804664e-03 0.000000000000000000e+00
5.100000000000000000e+04 2.039901689545813301e-01 8.932635411925353430e-02 5.063723258989530907e-01 4.016841147018661573e-01 2.617205279927173507e-03 0.000000000000000000e+00
5.125000000000000000e+04 2.049901207631821265e-01 8.818843878015475424e-02 5.154756486117433312e-01 3.928083750568957533e-01 3.527537551206190360e-03 0.000000000000000000e+00
5.150000000000000000e+04 2.059900725717831449e-01 8.545744196631770151e-02 5.224169321802457633e-01 3.903049613108784954e-01 1.820664542558033706e-03 0.000000000000000000e+00
5.175000000000000000e+04 2.069900243803839412e-01 8.898497951752389057e-02 5.218479745106964218e-01 3.858670914883932657e-01 3.299954483386436255e-03 0.000000000000000000e+00
5.200000000000000000e+04 2.079899761889847376e-01 8.852981338188438409e-02 5.220755575785162028e-01 3.860946745562129911e-01 3.299954483386436255e-03 0.000000000000000000e+00
5.225000000000000000e+04 2.089899279975857560e-01 8.705052344105598805e-02 5.254893035958124736e-01 3.840464269458352398e-01 3.413746017296313308e-03 0.000000000000000000e+00
5.250000000000000000e+04 2.099898798061865524e-01 8.841602184797450747e-02 5.237824305871643382e-01 3.854119253527537592e-01 2.389622212107419402e-03 0.000000000000000000e+00
5.275000000000000000e+04 2.109898316147875708e-01 8.978152025489304078e-02 5.225307237141556538e-01 3.845015930814747462e-01 3.186162949476558769e-03 0.000000000000000000e+00
5.300000000000000000e+04 2.119897834233883671e-01 8.670914883932635819e-02 5.256030951297223641e-01 3.852981338188438687e-01 2.389622212107419402e-03 0.000000000000000000e+00
5.325000000000000000e+04 2.129897352319891635e-01 8.841602184797450747e-02 5.237824305871643382e-01 3.855257168866636497e-01 2.275830678197541916e-03 0.000000000000000000e+00
5.350000000000000000e+04 2.139896870405901819e-01 8.909877105143376719e-02 5.225307237141556538e-01 3.870050068274920596e-01 1.365498406918525280e-03 0.000000000000000000e+00
5.375000000000000000e+04 2.149896388491909782e-01 9.023668639053254725e-02 5.205962676376877374e-01 3.868912152935821691e-01 2.275830678197541916e-03 0.000000000000000000e+00
5.400000000000000000e+04 2.159895906577919966e-01 8.648156577150660496e-02 5.245789713245334607e-01 3.871187983614018946e-01 1.820664542558033706e-03 0.000000000000000000e+00
5.425000000000000000e+04 2.169895424663927930e-01 8.966772872098316416e-02 5.236686390532544477e-01 3.843878015475648557e-01 2.275830678197541916e-03 0.000000000000000000e+00
5.450000000000000000e+04 2.179894942749935893e-01 8.705052344105598805e-02 5.259444697314519246e-01 3.842740100136549652e-01 2.730996813837050560e-03 0.000000000000000000e+00
5.475000000000000000e+04 2.189894460835946077e-01 9.114701866181156020e-02 5.226445152480655443e-01 3.840464269458352398e-01 2.162039144287664864e-03 0.000000000000000000e+00
5.500000000000000000e+04 2.199893978921954041e-01 8.807464724624487762e-02 5.240100136549841192e-01 3.854119253527537592e-01 2.503413746017296455e-03 0.000000000000000000e+00
5.525000000000000000e+04 2.209893497007964225e-01 9.103322712790168358e-02 5.224169321802457633e-01 3.840464269458352398e-01 2.503413746017296455e-03 0.000000000000000000e+00
5.550000000000000000e+04 2.219893015093972188e-01 9.308147473827947660e-02 5.218479745106964218e-01 3.827947200728265553e-01 2.275830678197541916e-03 0.000000000000000000e+00
5.575000000000000000e+04 2.229892533179982372e-01 9.160218479745106668e-02 5.253755120619025831e-01 3.809740555302685294e-01 2.048247610377787811e-03 0.000000000000000000e+00
5.600000000000000000e+04 2.239892051265990336e-01 9.126081019572143682e-02 5.252617205279926926e-01 3.813154301319982009e-01 2.162039144287664864e-03 0.000000000000000000e+00
5.625000000000000000e+04 2.249891569351998299e-01 9.638142922166591242e-02 5.207100591715976279e-01 3.808602639963586944e-01 2.048247610377787811e-03 0.000000000000000000e+00
5.650000000000000000e+04 2.259891087438008483e-01 9.046426945835230049e-02 5.217341829767865313e-01 3.851843422849339782e-01 2.617205279927173507e-03 0.000000000000000000e+00
5.675000000000000000e+04 2.269890605524016447e-01 1.013882567137004975e-01 5.196859353664087244e-01 3.765361857077833552e-01 2.389622212107419402e-03 0.000000000000000000e+00
