# itime ezz other fcc hcp bcc ico
0.000000000000000000e+00 0.000000000000000000e+00 5.689576695493854790e-04 9.994310423304506585e-01 0.000000000000000000e+00 0.000000000000000000e+00 0.000000000000000000e+00
2.500000000000000000e+01 1.000004534689180602e-03 6.827492034592626399e-04 9.993172507965407680e-01 0.000000000000000000e+00 0.000000000000000000e+00 0.000000000000000000e+00
5.000000000000000000e+01 2.000009069378361204e-03 2.275830678197541916e-03 9.977241693218024121e-01 0.000000000000000000e+00 0.000000000000000000e+00 0.000000000000000000e+00
7.500000000000000000e+01 3.000013604067541806e-03 5.689576695493854790e-04 9.994310423304506585e-01 0.000000000000000000e+00 0.000000000000000000e+00 0.000000000000000000e+00
1.000000000000000000e+02 4.000018138756722408e-03 3.413746017296313199e-04 9.996586253982703285e-01 0.000000000000000000e+00 0.000000000000000000e+00 0.000000000000000000e+00
1.250000000000000000e+02 5.000022673445903010e-03 2.275830678197542133e-04 9.997724169321802190e-01 0.000000000000000000e+00 0.000000000000000000e+00 0.000000000000000000e+00
1.500000000000000000e+02 6.000027208135083612e-03 4.551661356395084266e-04 9.995448338643604380e-01 0.000000000000000000e+00 0.000000000000000000e+00 0.000000000000000000e+00
1.750000000000000000e+02 7.000031742824264214e-03 1.365498406918525280e-03 9.986345015930814251e-01 0.000000000000000000e+00 0.000000000000000000e+00 0.000000000000000000e+00
2.000000000000000000e+02 8.000036277513444816e-03 1.479289940828402332e-03 9.985207100591716456e-01 0.000000000000000000e+00 0.000000000000000000e+00 0.000000000000000000e+00
2.250000000000000000e+02 9.000040812202625418e-03 9.103322712790168532e-04 9.990896677287209870e-01 0.000000000000000000e+00 0.000000000000000000e+00 0.000000000000000000e+00
2.500000000000000000e+02 1.000004534689180602e-02 1.479289940828402332e-03 9.985207100591716456e-01 0.000000000000000000e+00 0.000000000000000000e+00 0.000000000000000000e+00
2.750000000000000000e+02 1.100004988158098662e-02 2.503413746017296455e-03 9.974965862539827421e-01 0.000000000000000000e+00 0.000000000000000000e+00 0.000000000000000000e+00
3.000000000000000000e+02 1.200005441627016722e-02 2.389622212107419402e-03 9.976103777878926326e-01 0.000000000000000000e+00 0.000000000000000000e+00 0.000000000000000000e+00
3.250000000000000000e+02 1.300005895095934783e-02 1.137915339098770958e-03 9.988620846609012061e-01 0.000000000000000000e+00 0.000000000000000000e+00 0.000000000000000000e+00
3.500000000000000000e+02 1.400006348564852843e-02 6.827492034592626399e-04 9.993172507965407680e-01 0.000000000000000000e+00 0.000000000000000000e+00 0.000000000000000000e+00
3.750000000000000000e+02 1.500006802033770903e-02 2.730996813837050560e-03 9.972690031861629611e-01 0.000000000000000000e+00 0.000000000000000000e+00 0.000000000000000000e+00
4.000000000000000000e+02 1.600007255502688963e-02 1.137915339098770958e-03 9.988620846609012061e-01 0.000000000000000000e+00 0.000000000000000000e+00 0.000000000000000000e+00
4.250000000000000000e+02 1.700007708971607023e-02 1.365498406918525280e-03 9.986345015930814251e-01 0.000000000000000000e+00 0.000000000000000000e+00 0.000000000000000000e+00
4.500000000000000000e+02 1.800008162440525084e-02 2.162039144287664864e-03 9.978379608557123026e-01 0.000000000000000000e+00 0.000000000000000000e+00 0.000000000000000000e+00
4.750000000000000000e+02 1.900008615909443144e-02 7.965407373691396923e-04 9.992034592626308775e-01 0.000000000000000000e+00 0.000000000000000000e+00 0.000000000000000000e+00
5.000000000000000000e+02 2.000009069378361204e-02 2.048247610377787811e-03 9.978379608557123026e-01 0.000000000000000000e+00 1.137915339098771066e-04 0.000000000000000000e+00
5.250000000000000000e+02 2.100009522847279264e-02 1.593081474738279385e-03 9.984069185252617551e-01 0.000000000000000000e+00 0.000000000000000000e+00 0.000000000000000000e+00
5.500000000000000000e+02 2.200009976316197324e-02 1.706873008648156654e-03 9.982931269913518646e-01 0.000000000000000000e+00 0.000000000000000000e+00 0.000000000000000000e+00
5.750000000000000000e+02 2.300010429785115385e-02 1.934456076467910759e-03 9.979517523896221931e-01 0.000000000000000000e+00 1.137915339098771066e-04 0.000000000000000000e+00
6.000000000000000000e+02 2.400010883254033445e-02 3.755120619025944465e-03 9.962448793809740577e-01 0.000000000000000000e+00 0.000000000000000000e+00 0.000000000000000000e+00
6.250000000000000000e+02 2.500011336722951505e-02 1.251706873008648227e-03 9.987482931269913156e-01 0.000000000000000000e+00 0.000000000000000000e+00 0.000000000000000000e+00
6.500000000000000000e+02 2.600011790191869565e-02 3.755120619025944465e-03 9.962448793809740577e-01 0.000000000000000000e+00 0.000000000000000000e+00 0.000000000000000000e+00
6.750000000000000000e+02 2.700012243660787625e-02 5.120619025944469528e-03 9.947655894401457033e-01 0.000000000000000000e+00 1.137915339098771066e-04 0.000000000000000000e+00
7.000000000000000000e+02 2.800012697129683481e-02 2.275830678197541916e-03 9.977241693218024121e-01 0.000000000000000000e+00 0.000000000000000000e+00 0.000000000000000000e+00
7.250000000000000000e+02 2.900013150598601541e-02 3.641329085116067413e-03 9.962448793809740577e-01 0.000000000000000000e+00 1.137915339098771066e-04 0.000000000000000000e+00
7.500000000000000000e+02 3.000013604067519601e-02 3.868912152935821518e-03 9.961310878470641672e-01 0.000000000000000000e+00 0.000000000000000000e+00 0.000000000000000000e+00
7.750000000000000000e+02 3.100014057536437662e-02 5.006827492034592909e-03 9.949931725079653733e-01 0.000000000000000000e+00 0.000000000000000000e+00 0.000000000000000000e+00
8.000000000000000000e+02 3.200014511005355722e-02 3.982703686845699004e-03 9.959035047792443862e-01 0.000000000000000000e+00 1.137915339098771066e-04 0.000000000000000000e+00
8.250000000000000000e+02 3.300014964474273782e-02 2.730996813837050560e-03 9.972690031861629611e-01 0.000000000000000000e+00 0.000000000000000000e+00 0.000000000000000000e+00
8.500000000000000000e+02 3.400015417943191842e-02 3.868912152935821518e-03 9.961310878470641672e-01 0.000000000000000000e+00 0.000000000000000000e+00 0.000000000000000000e+00
8.750000000000000000e+02 3.500015871412109902e-02 4.893035958124715423e-03 9.949931725079653733e-01 0.000000000000000000e+00 1.137915339098771066e-04 0.000000000000000000e+00
9.000000000000000000e+02 3.600016324881027963e-02 2.958579881656804664e-03 9.968138370505233992e-01 0.000000000000000000e+00 2.275830678197542133e-04 0.000000000000000000e+00
9.250000000000000000e+02 3.700016778349946023e-02 3.982703686845699004e-03 9.960172963131542767e-01 0.000000000000000000e+00 0.000000000000000000e+00 0.000000000000000000e+00
9.500000000000000000e+02 3.800017231818864083e-02 7.055075102412380721e-03 9.927173418297678964e-01 0.000000000000000000e+00 2.275830678197542133e-04 0.000000000000000000e+00
9.750000000000000000e+02 3.900017685287782143e-02 3.755120619025944465e-03 9.961310878470641672e-01 0.000000000000000000e+00 1.137915339098771066e-04 0.000000000000000000e+00
1.000000000000000000e+03 4.000018138756700203e-02 6.599908966772872511e-03 9.930587164314974569e-01 0.000000000000000000e+00 3.413746017296313199e-04 0.000000000000000000e+00
1.025000000000000000e+03 4.100018592225618264e-02 6.827492034592626616e-03 9.931725079654073474e-01 0.000000000000000000e+00 0.000000000000000000e+00 0.000000000000000000e+00
1.050000000000000000e+03 4.200019045694536324e-02 9.217114246700046018e-03 9.905553026854801990e-01 0.000000000000000000e+00 2.275830678197542133e-04 0.000000000000000000e+00
1.075000000000000000e+03 4.300019499163454384e-02 9.103322712790167665e-03 9.906690942193900895e-01 0.000000000000000000e+00 2.275830678197542133e-04 0.000000000000000000e+00
1.100000000000000000e+03 4.400019952632372444e-02 9.217114246700046018e-03 9.905553026854801990e-01 0.000000000000000000e+00 2.275830678197542133e-04 0.000000000000000000e+00
1.125000000000000000e+03 4.500020406101290504e-02 8.079198907601274626e-03 9.918070095584888834e-01 0.000000000000000000e+00 1.137915339098771066e-04 0.000000000000000000e+00
1.150000000000000000e+03 4.600020859570208565e-02 1.319981793354574502e-02 9.866863905325443662e-01 0.000000000000000000e+00 1.137915339098771066e-04 0.000000000000000000e+00
1.175000000000000000e+03 4.700021313039126625e-02 1.092398725534820224e-02 9.890760127446518446e-01 0.000000000000000000e+00 0.000000000000000000e+00 0.000000000000000000e+00
1.200000000000000000e+03 4.800021766508044685e-02 1.593081474738279601e-02 9.835002275830677654e-01 0.000000000000000000e+00 5.689576695493854790e-04 0.000000000000000000e+00
1.225000000000000000e+03 4.900022219976962745e-02 1.297223486572599005e-02 9.865725989986344757e-01 0.000000000000000000e+00 4.551661356395084266e-04 0.000000000000000000e+00
1.250000000000000000e+03 5.000022673445880805e-02 8.306781975421027864e-03 9.914656349567592120e-01 0.000000000000000000e+00 2.275830678197542133e-04 0.000000000000000000e+00
1.275000000000000000e+03 5.100023126914798866e-02 1.422394173873463806e-02 9.848657259899863403e-01 0.000000000000000000e+00 9.103322712790168532e-04 0.000000000000000000e+00
1.300000000000000000e+03 5.200023580383716926e-02 1.661356395084205573e-02 9.825898953117887524e-01 0.000000000000000000e+00 7.965407373691396923e-04 0.000000000000000000e+00
1.325000000000000000e+03 5.300024033852634986e-02 2.059626763768775473e-02 9.784934000910332497e-01 0.000000000000000000e+00 9.103322712790168532e-04 0.000000000000000000e+00
1.350000000000000000e+03 5.400024487321553046e-02 1.866181156121984527e-02 9.805416477014110566e-01 0.000000000000000000e+00 7.965407373691396923e-04 0.000000000000000000e+00
1.375000000000000000e+03 5.500024940790471106e-02 1.649977241693217911e-02 9.828174783796085334e-01 0.000000000000000000e+00 6.827492034592626399e-04 0.000000000000000000e+00
1.400000000000000000e+03 5.600025394259389167e-02 2.082385070550751144e-02 9.780382339553936877e-01 0.000000000000000000e+00 1.137915339098770958e-03 0.000000000000000000e+00
1.425000000000000000e+03 5.700025847728307227e-02 2.002730996813837164e-02 9.788347746927628101e-01 0.000000000000000000e+00 1.137915339098770958e-03 0.000000000000000000e+00
1.450000000000000000e+03 5.800026301197225287e-02 1.866181156121984527e-02 9.803140646335912756e-01 0.000000000000000000e+00 1.024123805188893906e-03 0.000000000000000000e+00
1.475000000000000000e+03 5.900026754666143347e-02 2.093764223941738806e-02 9.779244424214837972e-01 0.000000000000000000e+00 1.137915339098770958e-03 0.000000000000000000e+00
1.500000000000000000e+03 6.000027208135061407e-02 2.275830678197542090e-02 9.761037778789257713e-01 0.000000000000000000e+00 1.137915339098770958e-03 0.000000000000000000e+00
1.525000000000000000e+03 6.100027661603979467e-02 2.401001365498407064e-02 9.750796540737368678e-01 0.000000000000000000e+00 9.103322712790168532e-04 0.000000000000000000e+00
1.550000000000000000e+03 6.200028115072897528e-02 3.140646335912607862e-02 9.665452890304960798e-01 0.000000000000000000e+00 2.048247610377787811e-03 0.000000000000000000e+00
1.575000000000000000e+03 6.300028568541815588e-02 3.425125170687300796e-02 9.622212107419207960e-01 0.000000000000000000e+00 3.527537551206190360e-03 0.000000000000000000e+00
1.600000000000000000e+03 6.400029022010733648e-02 4.392353208921256219e-02 9.536868456986800080e-01 0.000000000000000000e+00 2.389622212107419402e-03 0.000000000000000000e+00
1.625000000000000000e+03 6.500029475479651708e-02 3.379608557123350149e-02 9.633591260810195900e-01 0.000000000000000000e+00 2.844788347746927612e-03 0.000000000000000000e+00
1.650000000000000000e+03 6.600029928948569768e-02 4.096495220755575623e-02 9.565316340464269373e-01 0.000000000000000000e+00 2.503413746017296455e-03 0.000000000000000000e+00
1.675000000000000000e+03 6.700030382417487829e-02 4.062357760582612637e-02 9.577833409194356218e-01 0.000000000000000000e+00 1.593081474738279385e-03 0.000000000000000000e+00
1.700000000000000000e+03 6.800030835886405889e-02 3.914428766499772339e-02 9.583522985889849632e-01 0.000000000000000000e+00 2.503413746017296455e-03 0.000000000000000000e+00
1.725000000000000000e+03 6.900031289355323949e-02 3.675466545289030745e-02 9.621074192080109055e-01 0.000000000000000000e+00 1.137915339098770958e-03 0.000000000000000000e+00
1.750000000000000000e+03 7.000031742824242009e-02 5.154756486117433034e-02 9.456076467910787819e-01 0.000000000000000000e+00 2.844788347746927612e-03 0.000000000000000000e+00
1.775000000000000000e+03 7.100032196293160069e-02 4.437869822485206867e-02 9.538006372325898985e-01 0.000000000000000000e+00 1.820664542558033706e-03 0.000000000000000000e+00
1.800000000000000000e+03 7.200032649762078130e-02 5.075102412380518707e-02 9.462903959945380139e-01 0.000000000000000000e+00 2.958579881656804664e-03 0.000000000000000000e+00
1.825000000000000000e+03 7.300033103230996190e-02 5.803368229403732537e-02 9.382111970869366768e-01 0.000000000000000000e+00 3.755120619025944465e-03 0.000000000000000000e+00
1.850000000000000000e+03 7.400033556699914250e-02 6.599908966772871644e-02 9.297906235776057793e-01 0.000000000000000000e+00 4.210286754665453109e-03 0.000000000000000000e+00
1.875000000000000000e+03 7.500034010168832310e-02 6.907146108329539902e-02 9.258079198907601670e-01 0.000000000000000000e+00 5.120619025944469528e-03 0.000000000000000000e+00
1.900000000000000000e+03 7.600034463637750370e-02 7.100591715976331542e-02 9.243286299499317016e-01 0.000000000000000000e+00 4.665452890304961318e-03 0.000000000000000000e+00
1.925000000000000000e+03 7.700034917106668431e-02 8.363677742375967561e-02 9.093081474738279324e-01 0.000000000000000000e+00 7.055075102412380721e-03 0.000000000000000000e+00
1.950000000000000000e+03 7.800035370575586491e-02 9.057806099226217711e-02 9.030496131087847322e-01 1.137915339098771066e-04 6.258534365043240920e-03 0.000000000000000000e+00
1.975000000000000000e+03 7.900035824044504551e-02 9.217114246700044977e-02 8.974738279472007640e-01 0.000000000000000000e+00 1.035502958579881741e-02 0.000000000000000000e+00
2.000000000000000000e+03 8.000036277513422611e-02 9.968138370505234824e-02 8.864360491579426071e-01 0.000000000000000000e+00 1.388256713700500647e-02 0.000000000000000000e+00
2.025000000000000000e+03 8.100036730982340671e-02 1.013882567137004975e-01 8.847291761492944717e-01 0.000000000000000000e+00 1.388256713700500647e-02 0.000000000000000000e+00
2.050000000000000000e+03 8.200037184451258732e-02 1.169776968593536637e-01 8.673190714610833352e-01 0.000000000000000000e+00 1.570323167956303931e-02 0.000000000000000000e+00
2.075000000000000000e+03 8.300037637920176792e-02 1.137915339098771045e-01 8.665225307237141017e-01 0.000000000000000000e+00 1.968593536640873831e-02 0.000000000000000000e+00
2.100000000000000000e+03 8.400038091389072648e-02 1.259672280382339582e-01 8.503641329085116496e-01 0.000000000000000000e+00 2.366863905325443732e-02 0.000000000000000000e+00
2.125000000000000000e+03 8.500038544857990708e-02 1.507737824305871721e-01 8.244196631770596140e-01 1.137915339098771066e-04 2.469276285844333035e-02 0.000000000000000000e+00
2.150000000000000000e+03 8.600038998326908768e-02 1.562357760582612776e-01 8.147473827947200320e-01 0.000000000000000000e+00 2.901684114701866268e-02 0.000000000000000000e+00
2.175000000000000000e+03 8.700039451795826828e-02 1.562357760582612776e-01 8.104233045061447482e-01 0.000000000000000000e+00 3.334091943559399501e-02 0.000000000000000000e+00
2.200000000000000000e+03 8.800039905264744888e-02 1.693218024578971304e-01 7.941511151570322946e-01 0.000000000000000000e+00 3.652708238507055422e-02 0.000000000000000000e+00
2.225000000000000000e+03 8.900040358733662949e-02 1.912835685025034149e-01 7.650204824761037692e-01 1.137915339098771066e-04 4.358215748748293233e-02 0.000000000000000000e+00
2.250000000000000000e+03 9.000040812202581009e-02 2.109695038689121394e-01 7.365725989986344757e-01 2.275830678197542133e-04 5.223031406463359005e-02 0.000000000000000000e+00
2.275000000000000000e+03 9.100041265671499069e-02 2.207555757851615841e-01 7.147246244879380539e-01 2.275830678197542133e-04 6.429221665908056715e-02 0.000000000000000000e+00
2.300000000000000000e+03 9.200041719140417129e-02 2.269003186162949492e-01 6.978834774692762588e-01 2.275830678197542133e-04 7.498862084660901095e-02 0.000000000000000000e+00
2.325000000000000000e+03 9.300042172609335189e-02 2.542102867546654488e-01 6.546426945835229771e-01 6.827492034592626399e-04 9.046426945835230049e-02 0.000000000000000000e+00
2.350000000000000000e+03 9.400042626078253249e-02 2.646791078743741532e-01 6.234638142922166448e-01 1.137915339098770958e-03 1.107191624943104219e-01 0.000000000000000000e+00
2.375000000000000000e+03 9.500043079547171310e-02 2.885753299954483264e-01 5.947883477469276814e-01 9.103322712790168532e-04 1.157259899863450209e-01 0.000000000000000000e+00
2.400000000000000000e+03 9.600043533016089370e-02 2.877787892580792040e-01 5.819299044151114986e-01 2.048247610377787811e-03 1.282430587164314906e-01 0.000000000000000000e+00
2.425000000000000000e+03 9.700043986485007430e-02 3.015475648611743442e-01 5.456304050978607600e-01 2.958579881656804664e-03 1.498634501593081592e-01 0.000000000000000000e+00
2.450000000000000000e+03 9.800044439953925490e-02 3.365953573054164538e-01 4.915794264906691025e-01 3.186162949476558769e-03 1.686390532544378706e-01 0.000000000000000000e+00
2.475000000000000000e+03 9.900044893422843550e-02 3.516158397815202785e-01 4.576695493855257313e-01 4.551661356395083832e-03 1.861629494765589532e-01 0.000000000000000000e+00
2.500000000000000000e+03 1.000004534689176161e-01 3.462676376877560358e-01 4.406008192990441552e-01 6.144742831133363434e-03 2.069868001820664438e-01 0.000000000000000000e+00
2.525000000000000000e+03 1.010004580036067967e-01 3.650432407828857473e-01 4.071461083295402905e-01 7.965407373691398007e-03 2.198452435138825711e-01 0.000000000000000000e+00
2.550000000000000000e+03 1.020004625382959773e-01 3.784706417842512716e-01 3.807464724624488039e-01 1.160673645880746542e-02 2.291761492944924816e-01 0.000000000000000000e+00
2.575000000000000000e+03 1.030004670729851579e-01 4.022530723714155543e-01 3.412608101957214646e-01 1.570323167956303931e-02 2.407828857532999522e-01 0.000000000000000000e+00
2.600000000000000000e+03 1.040004716076743385e-01 3.889394629039599205e-01 3.354574419663177154e-01 1.797906235776058209e-02 2.576240327719617751e-01 0.000000000000000000e+00
2.625000000000000000e+03 1.050004761423635191e-01 3.801775147928994070e-01 3.173645880746472359e-01 2.071005917159763482e-02 2.817478379608557293e-01 0.000000000000000000e+00
2.650000000000000000e+03 1.060004806770526997e-01 3.864360491579426626e-01 3.064406008192990249e-01 2.844788347746927612e-02 2.786754665452890189e-01 0.000000000000000000e+00
2.675000000000000000e+03 1.070004852117418803e-01 3.837050523441056238e-01 2.885753299954483264e-01 2.981338188438780248e-02 2.979062357760582369e-01 0.000000000000000000e+00
2.700000000000000000e+03 1.080004897464310609e-01 4.068047337278106745e-01 2.737824305871643382e-01 3.607191624943104080e-02 2.833409194355939742e-01 0.000000000000000000e+00
2.725000000000000000e+03 1.090004942811202415e-01 4.139736003641328876e-01 2.612653618570778269e-01 4.062357760582612637e-02 2.841374601729631522e-01 0.000000000000000000e+00
2.750000000000000000e+03 1.100004988158094221e-01 4.102184797451069453e-01 2.571688666363222686e-01 4.494765589440145870e-02 2.876649977241693135e-01 0.000000000000000000e+00
2.775000000000000000e+03 1.110005033504986027e-01 4.205735093309057593e-01 2.464724624487938109e-01 4.665452890304961492e-02 2.862994993172507940e-01 0.000000000000000000e+00
2.800000000000000000e+03 1.120005078851877833e-01 4.147701411015020656e-01 2.403277196176604458e-01 5.325443786982248656e-02 2.916477014110150368e-01 0.000000000000000000e+00
2.825000000000000000e+03 1.130005124198769639e-01 4.212562585343650468e-01 2.386208466090122826e-01 5.700955848884842886e-02 2.831133363677742487e-01 0.000000000000000000e+00
2.850000000000000000e+03 1.140005169545661445e-01 4.419663177059626746e-01 2.214383249886208438e-01 5.939918070095585173e-02 2.771961766044606090e-01 0.000000000000000000e+00
2.875000000000000000e+03 1.150005214892553251e-01 4.350250341374601870e-01 2.251934456076467861e-01 6.964041875284478211e-02 2.701411015020482309e-01 0.000000000000000000e+00
2.900000000000000000e+03 1.160005260239445057e-01 4.332043695949021611e-01 2.246244879380974169e-01 6.804733727810650945e-02 2.741238051888939542e-01 0.000000000000000000e+00
2.925000000000000000e+03 1.170005305586336863e-01 4.382111970869367323e-01 2.171142467000455045e-01 6.952662721893490549e-02 2.751479289940828576e-01 0.000000000000000000e+00
2.950000000000000000e+03 1.180005350933228669e-01 4.346836595357305155e-01 2.133591260810195622e-01 7.692307692307692735e-02 2.750341374601729671e-01 0.000000000000000000e+00
2.975000000000000000e+03 1.190005396280120475e-01 4.398042785616750328e-01 2.074419663177059503e-01 8.557123350022757813e-02 2.671825216203914666e-01 0.000000000000000000e+00
3.000000000000000000e+03 1.200005441627012281e-01 4.445835229858898230e-01 2.085798816568047442e-01 9.194355939918069653e-02 2.548930359581247362e-01 0.000000000000000000e+00
3.025000000000000000e+03 1.210005486973904087e-01 4.285389167045971504e-01 2.045971779699590487e-01 9.069185252617205373e-02 2.761720527992717611e-01 0.000000000000000000e+00
3.050000000000000000e+03 1.220005532320795893e-01 4.349112426035502965e-01 1.985662266727355463e-01 9.114701866181156020e-02 2.753755120619025831e-01 0.000000000000000000e+00
3.075000000000000000e+03 1.230005577667687700e-01 4.352526172052799125e-01 1.948111060537096040e-01 9.387801547564861293e-02 2.760582612653618706e-01 0.000000000000000000e+00
3.100000000000000000e+03 1.240005623014579506e-01 4.346836595357305155e-01 1.967455621301775204e-01 1.016158397815202508e-01 2.669549385525716856e-01 0.000000000000000000e+00
3.125000000000000000e+03 1.250005668361471312e-01 4.370732817478379384e-01 1.777423759672280279e-01 1.041192535275375503e-01 2.810650887573964418e-01 0.000000000000000000e+00
3.150000000000000000e+03 1.260005713708363118e-01 4.269458352298589054e-01 1.838871187983613931e-01 1.075329995448338627e-01 2.816340464269458388e-01 0.000000000000000000e+00
3.175000000000000000e+03 1.270005759055254924e-01 4.448111060537096040e-01 1.756941283568502488e-01 1.110605370960400518e-01 2.684342284934000955e-01 0.000000000000000000e+00
3.200000000000000000e+03 1.280005804402146730e-01 4.518661811561219821e-01 1.702321347291761433e-01 1.070778334091943562e-01 2.708238507055075184e-01 0.000000000000000000e+00
3.225000000000000000e+03 1.290005849749038536e-01 4.515248065543923661e-01 1.578288575329995502e-01 1.046882111970869333e-01 2.859581247155211781e-01 0.000000000000000000e+00
3.250000000000000000e+03 1.300005895095930342e-01 4.404870277651342647e-01 1.593081474738279601e-01 1.055985434683659602e-01 2.946062812926718011e-01 0.000000000000000000e+00
3.275000000000000000e+03 1.310005940442822148e-01 4.450386891215293850e-01 1.517979062357760478e-01 1.036640873918980438e-01 2.994993172507965373e-01 0.000000000000000000e+00
3.300000000000000000e+03 1.320005985789713954e-01 4.507282658170231882e-01 1.440600819299044100e-01 1.092398725534820259e-01 2.959717796995903760e-01 0.000000000000000000e+00
3.325000000000000000e+03 1.330006031136605760e-01 4.654073736913973414e-01 1.380291306326809353e-01 1.128812016385980915e-01 2.836822940373236457e-01 0.000000000000000000e+00
3.350000000000000000e+03 1.340006076483497566e-01 4.514110150204824756e-01 1.385980883022303045e-01 1.110605370960400518e-01 2.989303595812471404e-01 0.000000000000000000e+00
3.375000000000000000e+03 1.350006121830389372e-01 4.683659535730541612e-01 1.308602639963586667e-01 1.124260355029585851e-01 2.883477469276286009e-01 0.000000000000000000e+00
3.400000000000000000e+03 1.360006167177281178e-01 4.729176149294492260e-01 1.341602184797451025e-01 1.116294947655894348e-01 2.812926718252162228e-01 0.000000000000000000e+00
3.425000000000000000e+03 1.370006212524172984e-01 4.680245789713245452e-01 1.269913518434228616e-01 1.114019116977696816e-01 2.935821574874829532e-01 0.000000000000000000e+00
3.450000000000000000e+03 1.380006257871064790e-01 4.662039144287665193e-01 1.231224396904870289e-01 1.059399180700955900e-01 3.047337278106508895e-01 0.000000000000000000e+00
3.475000000000000000e+03 1.390006303217954375e-01 4.738279472007282389e-01 1.159535730541647741e-01 1.035502958579881672e-01 3.066681838871188059e-01 0.000000000000000000e+00
3.500000000000000000e+03 1.400006348564846181e-01 4.781520254893035782e-01 1.123122439690487084e-01 1.083295402822029990e-01 3.012061902594446727e-01 0.000000000000000000e+00
3.525000000000000000e+03 1.410006393911737987e-01 4.816795630405097950e-01 1.054847519344560697e-01 1.085571233500227523e-01 3.042785616750113831e-01 0.000000000000000000e+00
3.550000000000000000e+03 1.420006439258629793e-01 4.797451069640418786e-01 1.045744196631770567e-01 1.076467910787437393e-01 3.080336822940373254e-01 0.000000000000000000e+00
3.575000000000000000e+03 1.430006484605521599e-01 4.780382339553937432e-01 1.002503413746017313e-01 1.127674101046882149e-01 3.089440145653163383e-01 0.000000000000000000e+00
3.600000000000000000e+03 1.440006529952413405e-01 4.978379608557123581e-01 9.774692762858443185e-02 1.091260810195721492e-01 2.952890304961310886e-01 0.000000000000000000e+00
3.625000000000000000e+03 1.450006575299305212e-01 4.889622212107418986e-01 9.717796995903504875e-02 1.109467455621301751e-01 3.029130632680928636e-01 0.000000000000000000e+00
3.650000000000000000e+03 1.460006620646197018e-01 4.887346381429221731e-01 9.126081019572143682e-02 1.112881201638598050e-01 3.087164314974966128e-01 0.000000000000000000e+00
3.675000000000000000e+03 1.470006665993088824e-01 5.044378698224851743e-01 9.558488848429676221e-02 1.158397815202548975e-01 2.841374601729631522e-01 0.000000000000000000e+00
3.700000000000000000e+03 1.480006711339980630e-01 5.127446517979061813e-01 9.399180700955848955e-02 1.205052344105598527e-01 2.727583067819754348e-01 0.000000000000000000e+00
3.725000000000000000e+03 1.490006756686872436e-01 4.990896677287209870e-01 9.911242603550296515e-02 1.257396449704142050e-01 2.760582612653618706e-01 0.000000000000000000e+00
3.750000000000000000e+03 1.500006802033764242e-01 5.158170232134728916e-01 9.353664087391898307e-02 1.312016385980883104e-01 2.594446973145198010e-01 0.000000000000000000e+00
3.775000000000000000e+03 1.510006847380656048e-01 5.103550295857988139e-01 9.285389167045972336e-02 1.374601729631315383e-01 2.593309057806099105e-01 0.000000000000000000e+00
3.800000000000000000e+03 1.520006892727547854e-01 5.176376877560309175e-01 9.262630860263997012e-02 1.341602184797451025e-01 2.555757851615839682e-01 0.000000000000000000e+00
3.825000000000000000e+03 1.530006938074439660e-01 5.362994993172508496e-01 9.399180700955848955e-02 1.327947200728265831e-01 2.369139736003641195e-01 0.000000000000000000e+00
3.850000000000000000e+03 1.540006983421331466e-01 5.240100136549841192e-01 9.091943559399180697e-02 1.277878925807919841e-01 2.572826581702321591e-01 0.000000000000000000e+00
3.875000000000000000e+03 1.550007028768223272e-01 5.302685480200273194e-01 8.852981338188438409e-02 1.325671370050068298e-01 2.486345015930814806e-01 0.000000000000000000e+00
3.900000000000000000e+03 1.560007074115115078e-01 5.469959035047792240e-01 8.386436049157942885e-02 1.322257624032771861e-01 2.369139736003641195e-01 0.000000000000000000e+00
3.925000000000000000e+03 1.570007119462006884e-01 5.507510241238051663e-01 8.136094674556212936e-02 1.374601729631315383e-01 2.304278561675011383e-01 0.000000000000000000e+00
3.950000000000000000e+03 1.580007164808898690e-01 5.482476103777879084e-01 8.204369594902138907e-02 1.362084660901228816e-01 2.335002275830678209e-01 0.000000000000000000e+00
3.975000000000000000e+03 1.590007210155790496e-01 5.476786527082384559e-01 8.431952662721893532e-02 1.415566681838871244e-01 2.264451524806554428e-01 0.000000000000000000e+00
4.000000000000000000e+03 1.600007255502682302e-01 5.505234410559853853e-01 8.557123350022757813e-02 1.421256258534364936e-01 2.217796995903504875e-01 0.000000000000000000e+00
4.025000000000000000e+03 1.610007300849574108e-01 5.532544378698225351e-01 8.636777423759672834e-02 1.378015475648611821e-01 2.225762403277196100e-01 0.000000000000000000e+00
4.050000000000000000e+03 1.620007346196465914e-01 5.617888029130633232e-01 8.670914883932635819e-02 1.385980883022303045e-01 2.129039599453800558e-01 0.000000000000000000e+00
4.075000000000000000e+03 1.630007391543357720e-01 5.738507055075102725e-01 8.295402822030041590e-02 1.408739189804278646e-01 2.023213472917614886e-01 0.000000000000000000e+00
4.100000000000000000e+03 1.640007436890249526e-01 5.752162039144287364e-01 8.477469276285844180e-02 1.499772416932180219e-01 1.900318616294947582e-01 0.000000000000000000e+00
4.125000000000000000e+03 1.650007482237141332e-01 5.652025489303595940e-01 8.306781975421029252e-02 1.502048247610377751e-01 2.015248065543923661e-01 0.000000000000000000e+00
4.150000000000000000e+03 1.660007527584033138e-01 5.836367774237596340e-01 8.352298588984979899e-02 1.464497041420118328e-01 1.863905325443787064e-01 0.000000000000000000e+00
4.175000000000000000e+03 1.670007572930924944e-01 5.831816112881201830e-01 8.158852981338188259e-02 1.512289485662266786e-01 1.840009103322712836e-01 0.000000000000000000e+00
4.200000000000000000e+03 1.680007618277816750e-01 5.710059171597633432e-01 8.420573509330905870e-02 1.533909877105143482e-01 1.913973600364132777e-01 0.000000000000000000e+00
4.225000000000000000e+03 1.690007663624708556e-01 5.857988165680473314e-01 8.522985889849794827e-02 1.539599453800637174e-01 1.750113791533909890e-01 0.000000000000000000e+00
4.250000000000000000e+03 1.700007708971600362e-01 5.827264451524806210e-01 8.807464724624487762e-02 1.605598543468365891e-01 1.686390532544378706e-01 0.000000000000000000e+00
4.275000000000000000e+03 1.710007754318492168e-01 5.886436049157942607e-01 9.148839326354119006e-02 1.594219390077378229e-01 1.604460628129267263e-01 0.000000000000000000e+00
4.300000000000000000e+03 1.720007799665383974e-01 5.836367774237596340e-01 9.251251706873007963e-02 1.613563950842057393e-01 1.624943104233045055e-01 0.000000000000000000e+00
4.325000000000000000e+03 1.730007845012275780e-01 5.900091033227128356e-01 8.648156577150660496e-02 1.610150204824760956e-01 1.624943104233045055e-01 0.000000000000000000e+00
4.350000000000000000e+03 1.740007890359167586e-01 5.905780609922621771e-01 9.342284934000910646e-02 1.702321347291761433e-01 1.457669549385525731e-01 0.000000000000000000e+00
4.375000000000000000e+03 1.750007935706059392e-01 5.829540282203004020e-01 9.387801547564861293e-02 1.793354574419663283e-01 1.438324988620846567e-01 0.000000000000000000e+00
4.400000000000000000e+03 1.760007981052951198e-01 5.920573509330905315e-01 9.205735093309057315e-02 1.801319981793354508e-01 1.357532999544833752e-01 0.000000000000000000e+00
4.425000000000000000e+03 1.770008026399843004e-01 5.950159308147473514e-01 9.182976786527081992e-02 1.784251251706872876e-01 1.347291761492944995e-01 0.000000000000000000e+00
4.450000000000000000e+03 1.780008071746734810e-01 6.032089212562585789e-01 9.387801547564861293e-02 1.771734182976786587e-01 1.257396449704142050e-01 0.000000000000000000e+00
4.475000000000000000e+03 1.790008117093626616e-01 6.067364588074647402e-01 9.319526627218935322e-02 1.817250796540737234e-01 1.183431952662721831e-01 0.000000000000000000e+00
4.500000000000000000e+03 1.800008162440518422e-01 6.120846609012289274e-01 9.035047792444242387e-02 1.730769230769230727e-01 1.244879380974055483e-01 0.000000000000000000e+00
4.525000000000000000e+03 1.810008207787410228e-01 6.062812926718251783e-01 9.000910332271279402e-02 1.830905780609922706e-01 1.206190259444697294e-01 0.000000000000000000e+00
4.550000000000000000e+03 1.820008253134302034e-01 5.977469276285843902e-01 8.557123350022757813e-02 1.882111970869367323e-01 1.284706417842512438e-01 0.000000000000000000e+00
4.575000000000000000e+03 1.830008298481193840e-01 6.011606736458807720e-01 8.761948111060537114e-02 1.880974055530268418e-01 1.231224396904870289e-01 0.000000000000000000e+00
4.600000000000000000e+03 1.840008343828085646e-01 6.093536640873918886e-01 8.773327264451524776e-02 1.885525716886663761e-01 1.143604915794264876e-01 0.000000000000000000e+00
4.625000000000000000e+03 1.850008389174977452e-01 6.055985434683659463e-01 8.875739644970413733e-02 1.886663632225762388e-01 1.169776968593536637e-01 0.000000000000000000e+00
4.650000000000000000e+03 1.860008434521869258e-01 6.098088302230314506e-01 8.670914883932635819e-02 1.957214383249886169e-01 1.076467910787437393e-01 1.137915339098771066e-04
4.675000000000000000e+03 1.870008479868761064e-01 6.021847974510696755e-01 8.887118798361401395e-02 1.983386436049157930e-01 1.104915794264906687e-01 1.137915339098771066e-04
4.700000000000000000e+03 1.880008525215652870e-01 6.203914428766499345e-01 8.670914883932635819e-02 1.919663177059626746e-01 1.009330905780609910e-01 0.000000000000000000e+00
4.725000000000000000e+03 1.890008570562544676e-01 6.139053254437869533e-01 8.591260810195720798e-02 1.913973600364132777e-01 1.087847064178425194e-01 0.000000000000000000e+00
4.750000000000000000e+03 1.900008615909436482e-01 6.142467000455166248e-01 8.614019116977697510e-02 1.959490213928083702e-01 1.035502958579881672e-01 1.137915339098771066e-04
4.775000000000000000e+03 1.910008661256328288e-01 6.187983614019116896e-01 8.215748748293126569e-02 1.993627674101046965e-01 9.968138370505234824e-02 0.000000000000000000e+00
4.800000000000000000e+03 1.920008706603220094e-01 6.193673190714610310e-01 8.329540282203004575e-02 2.010696404187528319e-01 9.626763768775603580e-02 0.000000000000000000e+00
4.825000000000000000e+03 1.930008751950111900e-01 6.210741920801092775e-01 8.511606736458807165e-02 2.006144742831133254e-01 9.319526627218935322e-02 0.000000000000000000e+00
4.850000000000000000e+03 1.940008797297003706e-01 6.230086481565771939e-01 8.284023668639053928e-02 2.020937642239417353e-01 9.205735093309057315e-02 0.000000000000000000e+00
4.875000000000000000e+03 1.950008842643893292e-01 6.129949931725079404e-01 8.340919435593992237e-02 2.082385070550751005e-01 9.535730541647700897e-02 0.000000000000000000e+00
4.900000000000000000e+03 1.960008887990785098e-01 6.195949021392808120e-01 8.261265361857077216e-02 2.017523896222121194e-01 9.604005461993628257e-02 0.000000000000000000e+00
4.925000000000000000e+03 1.970008933337676904e-01 6.192535275375512516e-01 8.500227583067819503e-02 2.025489303595812418e-01 9.319526627218935322e-02 0.000000000000000000e+00
4.950000000000000000e+03 1.980008978684568710e-01 6.255120619025944517e-01 8.670914883932635819e-02 1.981110605370960398e-01 8.966772872098316416e-02 0.000000000000000000e+00
4.975000000000000000e+03 1.990009024031460516e-01 6.333636777423760078e-01 8.272644515248064878e-02 1.989076012744651900e-01 8.500227583067819503e-02 0.000000000000000000e+00
5.000000000000000000e+03 2.000009069378352322e-01 6.203914428766499345e-01 8.477469276285844180e-02 2.024351388256713791e-01 9.239872553482020301e-02 0.000000000000000000e+00
5.025000000000000000e+03 2.010009114725244128e-01 6.224396904870277414e-01 8.705052344105598805e-02 2.068730086481565811e-01 8.363677742375967561e-02 0.000000000000000000e+00
5.050000000000000000e+03 2.020009160072135934e-01 6.277878925807920396e-01 8.158852981338188259e-02 2.014110150204824756e-01 8.921256258534364381e-02 0.000000000000000000e+00
5.075000000000000000e+03 2.030009205419027740e-01 6.293809740555302845e-01 8.306781975421029252e-02 2.064178425125170746e-01 8.101957214383249950e-02 1.137915339098771066e-04
5.100000000000000000e+03 2.040009250765919546e-01 6.284706417842512716e-01 8.261265361857077216e-02 2.096040054619936199e-01 7.931269913518433634e-02 0.000000000000000000e+00
5.125000000000000000e+03 2.050009296112811352e-01 6.264223941738734647e-01 8.397815202548930547e-02 2.074419663177059503e-01 8.215748748293126569e-02 0.000000000000000000e+00
5.150000000000000000e+03 2.060009341459703158e-01 6.174328629949932257e-01 8.659535730541648157e-02 2.117660446062812896e-01 8.420573509330905870e-02 0.000000000000000000e+00
5.175000000000000000e+03 2.070009386806594964e-01 6.285844333181611621e-01 8.033682294037323979e-02 2.133591260810195622e-01 7.771961766044606368e-02 0.000000000000000000e+00
5.200000000000000000e+03 2.080009432153486770e-01 6.293809740555302845e-01 8.124715521165225274e-02 2.098315885298133732e-01 7.954028220300408958e-02 0.000000000000000000e+00
5.225000000000000000e+03 2.090009477500378576e-01 6.267637687756031362e-01 7.794720072826581692e-02 2.078971324533454845e-01 8.739189804278561791e-02 0.000000000000000000e+00
5.250000000000000000e+03 2.100009522847270382e-01 6.339326354119253493e-01 7.635411925352754425e-02 2.114246700045516736e-01 7.828857532999544677e-02 0.000000000000000000e+00
5.275000000000000000e+03 2.110009568194162188e-01 6.415566681838871244e-01 7.271279016841146470e-02 2.133591260810195622e-01 7.237141556668183484e-02 0.000000000000000000e+00
5.300000000000000000e+03 2.120009613541053994e-01 6.309740555302685294e-01 8.033682294037323979e-02 2.134729176149294527e-01 7.521620391442876419e-02 0.000000000000000000e+00
5.325000000000000000e+03 2.130009658887945800e-01 6.330223031406463363e-01 7.919890760127445972e-02 2.176832043695949015e-01 7.009558488848430247e-02 0.000000000000000000e+00
5.350000000000000000e+03 2.140009704234837606e-01 6.348429676832043622e-01 7.828857532999544677e-02 2.206417842512516936e-01 6.622667273554846967e-02 0.000000000000000000e+00
5.375000000000000000e+03 2.150009749581729412e-01 6.341602184797451303e-01 8.022303140646336317e-02 2.159763313609467383e-01 6.964041875284478211e-02 0.000000000000000000e+00
5.400000000000000000e+03 2.160009794928621218e-01 6.413290851160673434e-01 7.669549385525717411e-02 2.086936731907146070e-01 7.316795630405098505e-02 1.137915339098771066e-04
5.425000000000000000e+03 2.170009840275513024e-01 6.366636322257623881e-01 7.624032771961765376e-02 2.146108329540282189e-01 7.248520710059171146e-02 0.000000000000000000e+00
5.450000000000000000e+03 2.180009885622404830e-01 6.411015020482475624e-01 7.624032771961765376e-02 2.147246244879381094e-01 6.793354574419663283e-02 0.000000000000000000e+00
5.475000000000000000e+03 2.190009930969296637e-01 6.459945380063722986e-01 7.487482931269913433e-02 2.171142467000455045e-01 6.201638598088302090e-02 0.000000000000000000e+00
5.500000000000000000e+03 2.200009976316188443e-01 6.450842057350932857e-01 7.350933090578061491e-02 2.185935366408739144e-01 6.281292671825215723e-02 0.000000000000000000e+00
5.525000000000000000e+03 2.210010021663080249e-01 6.445152480655439442e-01 7.362312243969049153e-02 2.215521165225307343e-01 6.030951297223486468e-02 0.000000000000000000e+00
5.550000000000000000e+03 2.220010067009972055e-01 6.593081474738279324e-01 7.316795630405098505e-02 2.139280837505689592e-01 5.359581247155211642e-02 0.000000000000000000e+00
5.575000000000000000e+03 2.230010112356863861e-01 6.636322257624033272e-01 7.032316795630405570e-02 2.149522075557578626e-01 5.109239872553481693e-02 0.000000000000000000e+00
5.600000000000000000e+03 2.240010157703755667e-01 6.514565316340463763e-01 7.237141556668183484e-02 2.224624487938097472e-01 5.370960400546199304e-02 0.000000000000000000e+00
5.625000000000000000e+03 2.250010203050647473e-01 6.611288120163859583e-01 7.066454255803368556e-02 2.162039144287664916e-01 5.200273099681383682e-02 0.000000000000000000e+00
5.650000000000000000e+03 2.260010248397539279e-01 6.626081019572144237e-01 6.929904415111515226e-02 2.157487482931269851e-01 5.234410559854346667e-02 0.000000000000000000e+00
5.675000000000000000e+03 2.270010293744431085e-01 6.675011379153390489e-01 6.747837960855712636e-02 2.129039599453800558e-01 5.211652253072371344e-02 0.000000000000000000e+00
