# itime ezz other fcc hcp bcc ico
0.000000000000000000e+00 0.000000000000000000e+00 7.965407373691396923e-04 9.992034592626308775e-01 0.000000000000000000e+00 0.000000000000000000e+00 0.000000000000000000e+00
2.500000000000000000e+02 1.000036812871529790e-03 9.103322712790168532e-04 9.990896677287209870e-01 0.000000000000000000e+00 0.000000000000000000e+00 0.000000000000000000e+00
5.000000000000000000e+02 2.000073625743059580e-03 9.103322712790168532e-04 9.990896677287209870e-01 0.000000000000000000e+00 0.000000000000000000e+00 0.000000000000000000e+00
7.500000000000000000e+02 3.000110438614589370e-03 1.024123805188893906e-03 9.989758761948110966e-01 0.000000000000000000e+00 0.000000000000000000e+00 0.000000000000000000e+00
1.000000000000000000e+03 4.000147251486119160e-03 4.551661356395084266e-04 9.995448338643604380e-01 0.000000000000000000e+00 0.000000000000000000e+00 0.000000000000000000e+00
1.250000000000000000e+03 5.000184064357648950e-03 1.365498406918525280e-03 9.986345015930814251e-01 0.000000000000000000e+00 0.000000000000000000e+00 0.000000000000000000e+00
1.500000000000000000e+03 6.000220877229178740e-03 1.137915339098771066e-04 9.998862084660901095e-01 0.000000000000000000e+00 0.000000000000000000e+00 0.000000000000000000e+00
1.750000000000000000e+03 7.000257690100708530e-03 1.365498406918525280e-03 9.986345015930814251e-01 0.000000000000000000e+00 0.000000000000000000e+00 0.000000000000000000e+00
2.000000000000000000e+03 8.000294502972238320e-03 1.479289940828402332e-03 9.985207100591716456e-01 0.000000000000000000e+00 0.000000000000000000e+00 0.000000000000000000e+00
2.250000000000000000e+03 9.000331315843768110e-03 1.024123805188893906e-03 9.989758761948110966e-01 0.000000000000000000e+00 0.000000000000000000e+00 0.000000000000000000e+00
2.500000000000000000e+03 1.000036812871529790e-02 2.275830678197541916e-03 9.977241693218024121e-01 0.000000000000000000e+00 0.000000000000000000e+00 0.000000000000000000e+00
2.750000000000000000e+03 1.100040494158682769e-02 2.617205279927173507e-03 9.972690031861629611e-01 0.000000000000000000e+00 1.137915339098771066e-04 0.000000000000000000e+00
3.000000000000000000e+03 1.200044175445835748e-02 1.024123805188893906e-03 9.989758761948110966e-01 0.000000000000000000e+00 0.000000000000000000e+00 0.000000000000000000e+00
3.250000000000000000e+03 1.300047856732988727e-02 9.103322712790168532e-04 9.990896677287209870e-01 0.000000000000000000e+00 0.000000000000000000e+00 0.000000000000000000e+00
3.500000000000000000e+03 1.400051538020141706e-02 6.827492034592626399e-04 9.993172507965407680e-01 0.000000000000000000e+00 0.000000000000000000e+00 0.000000000000000000e+00
3.750000000000000000e+03 1.500055219307294685e-02 1.706873008648156654e-03 9.982931269913518646e-01 0.000000000000000000e+00 0.000000000000000000e+00 0.000000000000000000e+00
4.000000000000000000e+03 1.600058900594447664e-02 4.551661356395084266e-04 9.995448338643604380e-01 0.000000000000000000e+00 0.000000000000000000e+00 0.000000000000000000e+00
4.250000000000000000e+03 1.700062581881600643e-02 1.593081474738279385e-03 9.984069185252617551e-01 0.000000000000000000e+00 0.000000000000000000e+00 0.000000000000000000e+00
4.500000000000000000e+03 1.800066263168753622e-02 1.479289940828402332e-03 9.985207100591716456e-01 0.000000000000000000e+00 0.000000000000000000e+00 0.000000000000000000e+00
4.750000000000000000e+03 1.900069944455906601e-02 1.934456076467910759e-03 9.980655439235320836e-01 0.000000000000000000e+00 0.000000000000000000e+00 0.000000000000000000e+00
5.000000000000000000e+03 2.000073625743059580e-02 1.820664542558033706e-03 9.981793354574419741e-01 0.000000000000000000e+00 0.000000000000000000e+00 0.000000000000000000e+00
5.250000000000000000e+03 2.100077307030212559e-02 2.730996813837050560e-03 9.971552116522530707e-01 0.000000000000000000e+00 1.137915339098771066e-04 0.000000000000000000e+00
5.500000000000000000e+03 2.200080988317365538e-02 2.958579881656804664e-03 9.969276285844332897e-01 0.000000000000000000e+00 1.137915339098771066e-04 0.000000000000000000e+00
5.750000000000000000e+03 2.300084669604518517e-02 3.072371415566681717e-03 9.969276285844332897e-01 0.000000000000000000e+00 0.000000000000000000e+00 0.000000000000000000e+00
6.000000000000000000e+03 2.400088350891671496e-02 1.820664542558033706e-03 9.981793354574419741e-01 0.000000000000000000e+00 0.000000000000000000e+00 0.000000000000000000e+00
6.250000000000000000e+03 2.500092032178824475e-02 1.706873008648156654e-03 9.982931269913518646e-01 0.000000000000000000e+00 0.000000000000000000e+00 0.000000000000000000e+00
6.500000000000000000e+03 2.600095713465977454e-02 2.048247610377787811e-03 9.979517523896221931e-01 0.000000000000000000e+00 0.000000000000000000e+00 0.000000000000000000e+00
6.750000000000000000e+03 2.700099394753130433e-02 1.024123805188893906e-03 9.988620846609012061e-01 0.000000000000000000e+00 1.137915339098771066e-04 0.000000000000000000e+00
7.000000000000000000e+03 2.800103076040283412e-02 5.689576695493855224e-03 9.941966317705962508e-01 0.000000000000000000e+00 1.137915339098771066e-04 0.000000000000000000e+00
7.250000000000000000e+03 2.900106757327436391e-02 2.617205279927173507e-03 9.973827947200728516e-01 0.000000000000000000e+00 0.000000000000000000e+00 0.000000000000000000e+00
7.500000000000000000e+03 3.000110438614589370e-02 3.072371415566681717e-03 9.969276285844332897e-01 0.000000000000000000e+00 0.000000000000000000e+00 0.000000000000000000e+00
7.750000000000000000e+03 3.100114119901742349e-02 2.275830678197541916e-03 9.976103777878926326e-01 0.000000000000000000e+00 1.137915339098771066e-04 0.000000000000000000e+00
8.000000000000000000e+03 3.200117801188895328e-02 4.893035958124715423e-03 9.951069640418752638e-01 0.000000000000000000e+00 0.000000000000000000e+00 0.000000000000000000e+00
8.250000000000000000e+03 3.300121482476048307e-02 7.965407373691398007e-03 9.919208010923987739e-01 0.000000000000000000e+00 1.137915339098771066e-04 0.000000000000000000e+00
8.500000000000000000e+03 3.400125163763201286e-02 1.706873008648156654e-03 9.982931269913518646e-01 0.000000000000000000e+00 0.000000000000000000e+00 0.000000000000000000e+00
8.750000000000000000e+03 3.500128845050354265e-02 6.258534365043240920e-03 9.935138825671370189e-01 0.000000000000000000e+00 2.275830678197542133e-04 0.000000000000000000e+00
9.000000000000000000e+03 3.600132526337507244e-02 6.713700500682749130e-03 9.932862994993172379e-01 0.000000000000000000e+00 0.000000000000000000e+00 0.000000000000000000e+00
9.250000000000000000e+03 3.700136207624660223e-02 6.258534365043240920e-03 9.935138825671370189e-01 0.000000000000000000e+00 2.275830678197542133e-04 0.000000000000000000e+00
9.500000000000000000e+03 3.800139888911813202e-02 7.282658170232134826e-03 9.927173418297678964e-01 0.000000000000000000e+00 0.000000000000000000e+00 0.000000000000000000e+00
9.750000000000000000e+03 3.900143570198966181e-02 5.689576695493855224e-03 9.941966317705962508e-01 0.000000000000000000e+00 1.137915339098771066e-04 0.000000000000000000e+00
1.000000000000000000e+04 4.000147251486119160e-02 6.144742831133363434e-03 9.937414656349567998e-01 0.000000000000000000e+00 1.137915339098771066e-04 0.000000000000000000e+00
1.025000000000000000e+04 4.100150932773272139e-02 6.713700500682749130e-03 9.929449248975875664e-01 0.000000000000000000e+00 3.413746017296313199e-04 0.000000000000000000e+00
1.050000000000000000e+04 4.200154614060425118e-02 8.989531178880291046e-03 9.908966772872098705e-01 0.000000000000000000e+00 1.137915339098771066e-04 0.000000000000000000e+00
1.075000000000000000e+04 4.300158295347578097e-02 8.079198907601274626e-03 9.914656349567592120e-01 0.000000000000000000e+00 4.551661356395084266e-04 0.000000000000000000e+00
1.100000000000000000e+04 4.400161976634731076e-02 7.168866636322257339e-03 9.926035502958580059e-01 0.000000000000000000e+00 2.275830678197542133e-04 0.000000000000000000e+00
1.125000000000000000e+04 4.500165657921884055e-02 1.092398725534820224e-02 9.883932635411925016e-01 0.000000000000000000e+00 6.827492034592626399e-04 0.000000000000000000e+00
1.150000000000000000e+04 4.600169339209037034e-02 9.786071916249430847e-03 9.899863450159308575e-01 0.000000000000000000e+00 2.275830678197542133e-04 0.000000000000000000e+00
1.175000000000000000e+04 4.700173020496190013e-02 1.206190259444697363e-02 9.875967228038233792e-01 0.000000000000000000e+00 3.413746017296313199e-04 0.000000000000000000e+00
1.200000000000000000e+04 4.800176701783342992e-02 1.160673645880746542e-02 9.877105143377332697e-01 0.000000000000000000e+00 6.827492034592626399e-04 0.000000000000000000e+00
1.225000000000000000e+04 4.900180383070495971e-02 1.388256713700500647e-02 9.858898497951752438e-01 0.000000000000000000e+00 2.275830678197542133e-04 0.000000000000000000e+00
1.250000000000000000e+04 5.000184064357648950e-02 1.775147928994082885e-02 9.819071461083295205e-01 0.000000000000000000e+00 3.413746017296313199e-04 0.000000000000000000e+00
1.275000000000000000e+04 5.100187745644801929e-02 1.411015020482476144e-02 9.853208921256259023e-01 0.000000000000000000e+00 5.689576695493854790e-04 0.000000000000000000e+00
1.300000000000000000e+04 5.200191426931954908e-02 1.741010468821119553e-02 9.823623122439690825e-01 0.000000000000000000e+00 2.275830678197542133e-04 0.000000000000000000e+00
1.325000000000000000e+04 5.300195108219107887e-02 2.162039144287665124e-02 9.776968593536641272e-01 0.000000000000000000e+00 6.827492034592626399e-04 0.000000000000000000e+00
1.350000000000000000e+04 5.400198789506260866e-02 2.127901684114701791e-02 9.775830678197542367e-01 0.000000000000000000e+00 1.137915339098770958e-03 0.000000000000000000e+00
1.375000000000000000e+04 5.500202470793413845e-02 2.082385070550751144e-02 9.775830678197542367e-01 0.000000000000000000e+00 1.593081474738279385e-03 0.000000000000000000e+00
1.400000000000000000e+04 5.600206152080566824e-02 1.854802002730996865e-02 9.806554392353209471e-01 0.000000000000000000e+00 7.965407373691396923e-04 0.000000000000000000e+00
1.425000000000000000e+04 5.700209833367719803e-02 2.526172052799271692e-02 9.736003641329085134e-01 0.000000000000000000e+00 1.137915339098770958e-03 0.000000000000000000e+00
1.450000000000000000e+04 5.800213514654872782e-02 1.797906235776058209e-02 9.813381884387801790e-01 0.000000000000000000e+00 6.827492034592626399e-04 0.000000000000000000e+00
1.475000000000000000e+04 5.900217195942025761e-02 2.753755120619025970e-02 9.701866181156122426e-01 0.000000000000000000e+00 2.275830678197541916e-03 0.000000000000000000e+00
1.500000000000000000e+04 6.000220877229178740e-02 2.446517979062357712e-02 9.742831133363677454e-01 0.000000000000000000e+00 1.251706873008648227e-03 0.000000000000000000e+00
1.525000000000000000e+04 6.100224558516331719e-02 2.708238507055074976e-02 9.718934911242603780e-01 0.000000000000000000e+00 1.024123805188893906e-03 0.000000000000000000e+00
1.550000000000000000e+04 6.200228239803484698e-02 2.560309512972235024e-02 9.726900318616295005e-01 0.000000000000000000e+00 1.706873008648156654e-03 0.000000000000000000e+00
1.575000000000000000e+04 6.300231921090637677e-02 3.186162949476559203e-02 9.663177059626764098e-01 0.000000000000000000e+00 1.820664542558033706e-03 0.000000000000000000e+00
1.600000000000000000e+04 6.400235602377790656e-02 2.480655439235321044e-02 9.746244879380974169e-01 0.000000000000000000e+00 5.689576695493854790e-04 0.000000000000000000e+00
1.625000000000000000e+04 6.500239283664943635e-02 3.493400091033227461e-02 9.634729176149294805e-01 0.000000000000000000e+00 1.593081474738279385e-03 0.000000000000000000e+00
1.650000000000000000e+04 6.600242964952096614e-02 3.629949931725079404e-02 9.610832954028220021e-01 0.000000000000000000e+00 2.617205279927173507e-03 0.000000000000000000e+00
1.675000000000000000e+04 6.700246646239249593e-02 4.392353208921256219e-02 9.536868456986800080e-01 0.000000000000000000e+00 2.389622212107419402e-03 0.000000000000000000e+00
1.700000000000000000e+04 6.800250327526402572e-02 3.937187073281747662e-02 9.574419663177059503e-01 0.000000000000000000e+00 3.186162949476558769e-03 0.000000000000000000e+00
1.725000000000000000e+04 6.900254008813555551e-02 4.005461993627674328e-02 9.576695493855257313e-01 0.000000000000000000e+00 2.275830678197541916e-03 0.000000000000000000e+00
1.750000000000000000e+04 7.000257690100708530e-02 4.938552571688666071e-02 9.465179790623577949e-01 0.000000000000000000e+00 4.096495220755575623e-03 0.000000000000000000e+00
1.775000000000000000e+04 7.100261371387861509e-02 5.974055530268548159e-02 9.362767410104688715e-01 0.000000000000000000e+00 3.982703686845699004e-03 0.000000000000000000e+00
1.800000000000000000e+04 7.200265052675014488e-02 5.632680928538916915e-02 9.390077378243059103e-01 0.000000000000000000e+00 4.665452890304961318e-03 0.000000000000000000e+00
1.825000000000000000e+04 7.300268733962167467e-02 5.928538916704597511e-02 9.359353664087392000e-01 0.000000000000000000e+00 4.779244424214838804e-03 0.000000000000000000e+00
1.850000000000000000e+04 7.400272415249320446e-02 6.895766954938552240e-02 9.244424214838415921e-01 0.000000000000000000e+00 6.599908966772872511e-03 0.000000000000000000e+00
1.875000000000000000e+04 7.500276096536473425e-02 6.998179335457442585e-02 9.256941283568502765e-01 0.000000000000000000e+00 4.324078288575329727e-03 0.000000000000000000e+00
1.900000000000000000e+04 7.600279777823626404e-02 6.838871187983613931e-02 9.252389622212107145e-01 0.000000000000000000e+00 6.372325898953117539e-03 0.000000000000000000e+00
1.925000000000000000e+04 7.700283459110779383e-02 7.248520710059171146e-02 9.214838416021847722e-01 0.000000000000000000e+00 6.030951297223486815e-03 0.000000000000000000e+00
1.950000000000000000e+04 7.800287140397932362e-02 9.205735093309057315e-02 9.006599908966772539e-01 1.137915339098771066e-04 7.168866636322257339e-03 0.000000000000000000e+00
1.975000000000000000e+04 7.900290821685085341e-02 8.261265361857077216e-02 9.099908966772871644e-01 0.000000000000000000e+00 7.396449704142011444e-03 0.000000000000000000e+00
2.000000000000000000e+04 8.000294502972238320e-02 8.227127901684114231e-02 9.094219390077378229e-01 0.000000000000000000e+00 8.306781975421027864e-03 0.000000000000000000e+00
2.025000000000000000e+04 8.100298184259391299e-02 1.000227583067819781e-01 8.896222121074192080e-01 0.000000000000000000e+00 1.035502958579881741e-02 0.000000000000000000e+00
2.050000000000000000e+04 8.200301865546544278e-02 9.626763768775603580e-02 8.937187073281748217e-01 0.000000000000000000e+00 1.001365498406918582e-02 0.000000000000000000e+00
2.075000000000000000e+04 8.300305546833697257e-02 1.324533454710969393e-01 8.511606736458807720e-01 3.072371415566681717e-03 1.331360946745562164e-02 0.000000000000000000e+00
2.100000000000000000e+04 8.400309228120850236e-02 1.667045971779699542e-01 7.803823395539372099e-01 8.989531178880291046e-03 4.392353208921256219e-02 0.000000000000000000e+00
2.125000000000000000e+04 8.500312909408003215e-02 1.813837050523441075e-01 7.048247610377788019e-01 4.073736913973600299e-02 7.305416477014110843e-02 0.000000000000000000e+00
2.150000000000000000e+04 8.600316590695156194e-02 1.777423759672280279e-01 6.960628129267182329e-01 6.873008648156576916e-02 5.746472462448793533e-02 0.000000000000000000e+00
2.175000000000000000e+04 8.700320271982309173e-02 1.711424670004551563e-01 6.911697769685934967e-01 8.477469276285844180e-02 5.291306326809285671e-02 0.000000000000000000e+00
2.200000000000000000e+04 8.800323953269462152e-02 1.564633591260810308e-01 6.738734638142922506e-01 1.147018661811561174e-01 5.496131087847064278e-02 0.000000000000000000e+00
2.225000000000000000e+04 8.900327634556615131e-02 1.659080564406008318e-01 6.714838416021847722e-01 1.215293582157487423e-01 4.107874374146563284e-02 0.000000000000000000e+00
2.250000000000000000e+04 9.000331315843768110e-02 1.730769230769230727e-01 6.397360036413290985e-01 1.238051888939462886e-01 6.338188438780155420e-02 0.000000000000000000e+00
2.275000000000000000e+04 9.100334997130921089e-02 1.875284478834774726e-01 6.037778789258079204e-01 1.232362312243969055e-01 8.545744196631770151e-02 0.000000000000000000e+00
2.300000000000000000e+04 9.200338678418074068e-02 1.900318616294947582e-01 5.946745562130177909e-01 1.263086026399635742e-01 8.898497951752389057e-02 0.000000000000000000e+00
2.325000000000000000e+04 9.300342359705227047e-02 1.869594902139280757e-01 5.953573054164770229e-01 1.339326354119253493e-01 8.375056895766955223e-02 0.000000000000000000e+00
2.350000000000000000e+04 9.400346040992380026e-02 1.677287209831588577e-01 5.827264451524806210e-01 1.678425125170687204e-01 8.170232134729175921e-02 0.000000000000000000e+00
2.375000000000000000e+04 9.500349722279533005e-02 1.802457897132453413e-01 5.654301319981793750e-01 1.799044151115156975e-01 7.441966317705962786e-02 0.000000000000000000e+00
2.400000000000000000e+04 9.600353403566685984e-02 1.758079198907601393e-01 5.455166135639508695e-01 2.010696404187528319e-01 7.760582612653618706e-02 0.000000000000000000e+00
2.425000000000000000e+04 9.700357084853838963e-02 1.510013654984069253e-01 5.326581702321346867e-01 2.564861174328629811e-01 5.985434683659535821e-02 0.000000000000000000e+00
2.450000000000000000e+04 9.800360766140991942e-02 1.474738279472007363e-01 5.101274465179790329e-01 2.798133818843878129e-01 6.258534365043240399e-02 0.000000000000000000e+00
2.475000000000000000e+04 9.900364447428144921e-02 1.472462448793809831e-01 5.122894856622667303e-01 2.864132908511606845e-01 5.405097860719162289e-02 0.000000000000000000e+00
2.500000000000000000e+04 1.000036812871529790e-01 1.467910787437414766e-01 5.139963586709148657e-01 2.874374146563495880e-01 5.177514792899408358e-02 0.000000000000000000e+00
2.525000000000000000e+04 1.010037181000245088e-01 1.360946745562130189e-01 5.268548020027310486e-01 2.884615384615384359e-01 4.858898497951752438e-02 0.000000000000000000e+00
2.550000000000000000e+04 1.020037549128960386e-01 1.390532544378698110e-01 5.224169321802457633e-01 2.842512517068729871e-01 5.427856167501137613e-02 0.000000000000000000e+00
2.575000000000000000e+04 1.030037917257675684e-01 1.364360491579426626e-01 5.241238051888938987e-01 2.884615384615384359e-01 5.097860719162494031e-02 0.000000000000000000e+00
2.600000000000000000e+04 1.040038285386393202e-01 1.428083750568957533e-01 5.183204369594902605e-01 2.804961310878470448e-01 5.837505689576695522e-02 0.000000000000000000e+00
2.625000000000000000e+04 1.050038653515108500e-01 1.469048702776513393e-01 5.176376877560309175e-01 2.860719162494310686e-01 4.938552571688666071e-02 0.000000000000000000e+00
2.650000000000000000e+04 1.060039021643823798e-01 1.537323623122439642e-01 5.086481565771506785e-01 2.847064178425124936e-01 5.291306326809285671e-02 0.000000000000000000e+00
2.675000000000000000e+04 1.070039389772539096e-01 1.577150659990896597e-01 5.069412835685025431e-01 2.819754210286754548e-01 5.336822940373236318e-02 0.000000000000000000e+00
2.700000000000000000e+04 1.080039757901254394e-01 1.586253982703686727e-01 5.059171597633136397e-01 2.874374146563495880e-01 4.802002730996814128e-02 0.000000000000000000e+00
2.725000000000000000e+04 1.090040126029969692e-01 1.552116522530723741e-01 5.059171597633136397e-01 2.841374601729631522e-01 5.473372781065088954e-02 0.000000000000000000e+00
2.750000000000000000e+04 1.100040494158684989e-01 1.639736003641329154e-01 5.022758306781975879e-01 2.884615384615384359e-01 4.528903049613108855e-02 0.000000000000000000e+00
2.775000000000000000e+04 1.110040862287400287e-01 1.722803823395539502e-01 4.944242148384160318e-01 2.862994993172507940e-01 4.699590350477924477e-02 0.000000000000000000e+00
2.800000000000000000e+04 1.120041230416115585e-01 1.684114701866181174e-01 5.011379153390987939e-01 2.806099226217569353e-01 4.984069185252617412e-02 0.000000000000000000e+00
2.825000000000000000e+04 1.130041598544830883e-01 1.751251706873008518e-01 4.968138370505234547e-01 2.850477924442421651e-01 4.301319981793354230e-02 0.000000000000000000e+00
2.850000000000000000e+04 1.140041966673546181e-01 1.868456986800182129e-01 4.737141556668184039e-01 2.804961310878470448e-01 5.894401456531633832e-02 0.000000000000000000e+00
2.875000000000000000e+04 1.150042334802261479e-01 1.789940828402366846e-01 4.815657715065999045e-01 2.829995448338643582e-01 5.644060081929904577e-02 0.000000000000000000e+00
2.900000000000000000e+04 1.160042702930976777e-01 2.093764223941738667e-01 4.588074647246244697e-01 2.690031861629494925e-01 6.281292671825215723e-02 0.000000000000000000e+00
2.925000000000000000e+04 1.170043071059692075e-01 2.027765134274009950e-01 4.516385980883022566e-01 2.679790623577605890e-01 7.760582612653618706e-02 0.000000000000000000e+00
2.950000000000000000e+04 1.180043439188407373e-01 2.142694583522985752e-01 4.406008192990441552e-01 2.579654073736913911e-01 8.716431497496586467e-02 0.000000000000000000e+00
2.975000000000000000e+04 1.190043807317122670e-01 2.233727810650887602e-01 4.151115157032316816e-01 2.513654984069185194e-01 1.101502048247610388e-01 0.000000000000000000e+00
3.000000000000000000e+04 1.200044175445837968e-01 2.288347746927628656e-01 4.015703231679563223e-01 2.493172507965407403e-01 1.202776513427400995e-01 0.000000000000000000e+00
3.025000000000000000e+04 1.210044543574553266e-01 2.372553482020937632e-01 3.870050068274920596e-01 2.495448338643604935e-01 1.261948111060537114e-01 0.000000000000000000e+00
3.050000000000000000e+04 1.220044911703268564e-01 2.370277651342740100e-01 3.856395084205734847e-01 2.464724624487938109e-01 1.308602639963586667e-01 0.000000000000000000e+00
3.075000000000000000e+04 1.230045279831983862e-01 2.437414656349567721e-01 3.710741920801092220e-01 2.446517979062357850e-01 1.405325443786982209e-01 0.000000000000000000e+00
3.100000000000000000e+04 1.240045647960699160e-01 2.432862994993172379e-01 3.557123350022758368e-01 2.410104688211197055e-01 1.599908966772872199e-01 0.000000000000000000e+00
3.125000000000000000e+04 1.250046016089414458e-01 2.572826581702321591e-01 3.385298133818843702e-01 2.489758761948110966e-01 1.552116522530723741e-01 0.000000000000000000e+00
3.150000000000000000e+04 1.260046384218129756e-01 2.481793354574419741e-01 3.272644515248065433e-01 2.544378698224852298e-01 1.701183431952662806e-01 0.000000000000000000e+00
3.175000000000000000e+04 1.270046752346845054e-01 2.460172963131543045e-01 3.088302230314064478e-01 3.018889394629039602e-01 1.432635411925352875e-01 0.000000000000000000e+00
3.200000000000000000e+04 1.280047120475560352e-01 2.440828402366863881e-01 3.104233045061447482e-01 3.279472007282658308e-01 1.175466545289030468e-01 0.000000000000000000e+00
3.225000000000000000e+04 1.290047488604275649e-01 2.327036868456986707e-01 3.198680018206645492e-01 3.416021847974510806e-01 1.058261265361857134e-01 0.000000000000000000e+00
3.250000000000000000e+04 1.300047856732990947e-01 2.271279016841147025e-01 3.195266272189349332e-01 3.507055075102412656e-01 1.026399635867091542e-01 0.000000000000000000e+00
3.275000000000000000e+04 1.310048224861706245e-01 2.290623577605826189e-01 3.175921711424670169e-01 3.567364588074647402e-01 9.660901228948566566e-02 0.000000000000000000e+00
3.300000000000000000e+04 1.320048592990421543e-01 2.397587619481110488e-01 3.045061447428311086e-01 3.456986800182066388e-01 1.100364132908511622e-01 0.000000000000000000e+00
3.325000000000000000e+04 1.330048961119136841e-01 2.418070095584888557e-01 3.031406463359125891e-01 3.430814747382794905e-01 1.119708693673190647e-01 0.000000000000000000e+00
3.350000000000000000e+04 1.340049329247852139e-01 2.538689121529358328e-01 2.951752389622211981e-01 3.416021847974510806e-01 1.093536640873919025e-01 0.000000000000000000e+00
3.375000000000000000e+04 1.350049697376567437e-01 2.512517068730086289e-01 2.979062357760582369e-01 3.452435138825671324e-01 1.055985434683659602e-01 0.000000000000000000e+00
3.400000000000000000e+04 1.360050065505282735e-01 2.514792899408284099e-01 2.954028220300409791e-01 3.383022303140646447e-01 1.148156577150659940e-01 0.000000000000000000e+00
3.425000000000000000e+04 1.370050433633998033e-01 2.707100591715976279e-01 2.729858898497951603e-01 3.396677287209831642e-01 1.166363222576240338e-01 0.000000000000000000e+00
3.450000000000000000e+04 1.380050801762713331e-01 2.630860263996358528e-01 2.671825216203914666e-01 3.414883932635411901e-01 1.282430587164314906e-01 0.000000000000000000e+00
3.475000000000000000e+04 1.390051169891428628e-01 2.749203459262630767e-01 2.498862084660901095e-01 3.279472007282658308e-01 1.472462448793809831e-01 0.000000000000000000e+00
3.500000000000000000e+04 1.400051538020143926e-01 2.875512061902594230e-01 2.267865270823850588e-01 3.219162494310423561e-01 1.637460172963131622e-01 0.000000000000000000e+00
3.525000000000000000e+04 1.410051906148859224e-01 2.840236686390532617e-01 2.129039599453800558e-01 3.331816112881201830e-01 1.698907601274465273e-01 0.000000000000000000e+00
3.550000000000000000e+04 1.420052274277574522e-01 2.907373691397360238e-01 1.945835229858898507e-01 3.302230314064633632e-01 1.844560764679107900e-01 0.000000000000000000e+00
3.575000000000000000e+04 1.430052642406289820e-01 2.819754210286754548e-01 1.774010013654984119e-01 3.274920345926263243e-01 2.131315430131998090e-01 0.000000000000000000e+00
3.600000000000000000e+04 1.440053010535005118e-01 2.842512517068729871e-01 1.564633591260810308e-01 3.334091943559399085e-01 2.258761948111060458e-01 0.000000000000000000e+00
3.625000000000000000e+04 1.450053378663720416e-01 2.964269458352298825e-01 1.256258534365043145e-01 3.324988620846608955e-01 2.454483386436049075e-01 0.000000000000000000e+00
3.650000000000000000e+04 1.460053746792435714e-01 2.864132908511606845e-01 1.271051433773327244e-01 3.588984979517523821e-01 2.275830678197542090e-01 0.000000000000000000e+00
3.675000000000000000e+04 1.470054114921151012e-01 2.823167956304050707e-01 1.202776513427400995e-01 3.763086026399635742e-01 2.210969503868912278e-01 0.000000000000000000e+00
3.700000000000000000e+04 1.480054483049866310e-01 2.825443786982248517e-01 1.143604915794264876e-01 4.010013654984069253e-01 2.020937642239417353e-01 0.000000000000000000e+00
3.725000000000000000e+04 1.490054851178581607e-01 2.807237141556668258e-01 1.208466090122894826e-01 4.062357760582612776e-01 1.921939007737824279e-01 0.000000000000000000e+00
3.750000000000000000e+04 1.500055219307296905e-01 2.858443331816112876e-01 1.133363677742375980e-01 4.049840691852525931e-01 1.958352298588985074e-01 0.000000000000000000e+00
3.775000000000000000e+04 1.510055587436012203e-01 2.738962221210741732e-01 1.024123805188894010e-01 4.025944469731451703e-01 2.210969503868912278e-01 0.000000000000000000e+00
3.800000000000000000e+04 1.520055955564727501e-01 2.613791533909877174e-01 1.019572143832498806e-01 4.177287209831588299e-01 2.189349112426035582e-01 0.000000000000000000e+00
3.825000000000000000e+04 1.530056323693442799e-01 2.651342740100136597e-01 9.239872553482020301e-02 4.384387801547565133e-01 2.040282203004096517e-01 0.000000000000000000e+00
3.850000000000000000e+04 1.540056691822158097e-01 2.774237596722803900e-01 9.012289485662267063e-02 4.530040964952207760e-01 1.794492489758761911e-01 0.000000000000000000e+00
3.875000000000000000e+04 1.550057059950873395e-01 2.617205279927173334e-01 9.467455621301774926e-02 4.623350022758306865e-01 1.812699135184342170e-01 0.000000000000000000e+00
3.900000000000000000e+04 1.560057428079588693e-01 2.542102867546654488e-01 9.729176149294492537e-02 4.800864815657714946e-01 1.684114701866181174e-01 0.000000000000000000e+00
3.925000000000000000e+04 1.570057796208303991e-01 2.534137460172963263e-01 9.308147473827947660e-02 4.775830678197542367e-01 1.759217114246700020e-01 0.000000000000000000e+00
3.950000000000000000e+04 1.580058164337019289e-01 2.539827036868457233e-01 9.285389167045972336e-02 4.955621301775147702e-01 1.576012744651797970e-01 0.000000000000000000e+00
3.975000000000000000e+04 1.590058532465734586e-01 2.325898953117888079e-01 8.557123350022757813e-02 5.177514792899408080e-01 1.640873918980427781e-01 0.000000000000000000e+00
4.000000000000000000e+04 1.600058900594449884e-01 2.339553937187073274e-01 8.944014565316341092e-02 5.262858443331815961e-01 1.503186162949476656e-01 0.000000000000000000e+00
4.025000000000000000e+04 1.610059268723165182e-01 2.307692307692307820e-01 8.807464724624487762e-02 5.298133818843877574e-01 1.513427401001365413e-01 0.000000000000000000e+00
4.050000000000000000e+04 1.620059636851880480e-01 2.284934000910332219e-01 9.000910332271279402e-02 5.376649977241693135e-01 1.438324988620846567e-01 0.000000000000000000e+00
4.075000000000000000e+04 1.630060004980595778e-01 2.385070550751024199e-01 8.761948111060537114e-02 5.373236231224396420e-01 1.365498406918525254e-01 0.000000000000000000e+00
4.100000000000000000e+04 1.640060373109311076e-01 2.200728265817023244e-01 9.069185252617205373e-02 5.415339098771051463e-01 1.477014110150204895e-01 0.000000000000000000e+00
4.125000000000000000e+04 1.650060741238026374e-01 2.284934000910332219e-01 8.966772872098316416e-02 5.444924897587619661e-01 1.373463814292216756e-01 0.000000000000000000e+00
4.150000000000000000e+04 1.660061109366741672e-01 2.320209376422394110e-01 8.898497951752389057e-02 5.413063268092853653e-01 1.376877560309512916e-01 0.000000000000000000e+00
4.175000000000000000e+04 1.670061477495456970e-01 2.288347746927628656e-01 9.160218479745106668e-02 5.513199817933546187e-01 1.282430587164314906e-01 0.000000000000000000e+00
4.200000000000000000e+04 1.680061845624172268e-01 2.257624032771961831e-01 8.818843878015475424e-02 5.587164314974966128e-01 1.273327264451524776e-01 0.000000000000000000e+00
4.225000000000000000e+04 1.690062213752887565e-01 2.201866181156121871e-01 9.262630860263997012e-02 5.698680018206645492e-01 1.173190714610832935e-01 0.000000000000000000e+00
4.250000000000000000e+04 1.700062581881602863e-01 2.139280837505689592e-01 9.160218479745106668e-02 5.903504779244423961e-01 1.041192535275375503e-01 0.000000000000000000e+00
4.275000000000000000e+04 1.710062950010318161e-01 2.022075557578516258e-01 9.205735093309057315e-02 6.116294947655894765e-01 9.410559854346836617e-02 0.000000000000000000e+00
4.300000000000000000e+04 1.720063318139033459e-01 1.951524806554392477e-01 9.615384615384615918e-02 6.297223486572598450e-01 7.897132453345470648e-02 0.000000000000000000e+00
4.325000000000000000e+04 1.730063686267748757e-01 1.985662266727355463e-01 9.820209376422393832e-02 6.430359581247154788e-01 6.019572143832498806e-02 0.000000000000000000e+00
4.350000000000000000e+04 1.740064054396464055e-01 1.948111060537096040e-01 9.740555302685480199e-02 6.422394173873463563e-01 6.554392353208920996e-02 0.000000000000000000e+00
4.375000000000000000e+04 1.750064422525179353e-01 1.974283113336367801e-01 9.592626308602640595e-02 6.447428311333637252e-01 6.190259444697314428e-02 0.000000000000000000e+00
4.400000000000000000e+04 1.760064790653894651e-01 1.992489758761948060e-01 9.774692762858443185e-02 6.486117432862994470e-01 5.439235320892125969e-02 0.000000000000000000e+00
4.425000000000000000e+04 1.770065158782609949e-01 1.990213928083750528e-01 9.763313609467455523e-02 6.474738279472007640e-01 5.587164314974965573e-02 0.000000000000000000e+00
4.450000000000000000e+04 1.780065526911325247e-01 1.965179790623577671e-01 9.717796995903504875e-02 6.463359126081019701e-01 5.996813837050523482e-02 0.000000000000000000e+00
4.475000000000000000e+04 1.790065895040040544e-01 2.001593081474738189e-01 9.945380063723259501e-02 6.497496586253982409e-01 5.063723258989531045e-02 0.000000000000000000e+00
4.500000000000000000e+04 1.800066263168755842e-01 1.912835685025034149e-01 9.968138370505234824e-02 6.557806099226217711e-01 5.325443786982248656e-02 0.000000000000000000e+00
4.525000000000000000e+04 1.810066631297471140e-01 1.945835229858898507e-01 1.016158397815202508e-01 6.580564406008192480e-01 4.574419663177059503e-02 0.000000000000000000e+00
4.550000000000000000e+04 1.820066999426186438e-01 1.983386436049157930e-01 9.911242603550296515e-02 6.530496131087847322e-01 4.949931725079653733e-02 0.000000000000000000e+00
4.575000000000000000e+04 1.830067367554901736e-01 1.967455621301775204e-01 9.888484296768319803e-02 6.524806554392352798e-01 5.188893946290396020e-02 0.000000000000000000e+00
4.600000000000000000e+04 1.840067735683617034e-01 1.976558944014565333e-01 9.854346836595356818e-02 6.582840236686390289e-01 4.551661356395084179e-02 0.000000000000000000e+00
4.625000000000000000e+04 1.850068103812332332e-01 2.011834319526627224e-01 9.934000910332271839e-02 6.503186162949476934e-01 4.915794264906690747e-02 0.000000000000000000e+00
4.650000000000000000e+04 1.860068471941047630e-01 1.968593536640873831e-01 1.000227583067819781e-01 6.572598998634501255e-01 4.585798816568047165e-02 0.000000000000000000e+00
4.675000000000000000e+04 1.870068840069762928e-01 1.995903504779244497e-01 9.911242603550296515e-02 6.536185707783340737e-01 4.767865270823850449e-02 0.000000000000000000e+00
4.700000000000000000e+04 1.880069208198478226e-01 2.003868912152935722e-01 9.888484296768319803e-02 6.557806099226217711e-01 4.494765589440145870e-02 0.000000000000000000e+00
4.725000000000000000e+04 1.890069576327193523e-01 2.057350933090578149e-01 9.911242603550296515e-02 6.523668639053253893e-01 4.278561675011378906e-02 0.000000000000000000e+00
4.750000000000000000e+04 1.900069944455908821e-01 1.976558944014565333e-01 1.005917159763313612e-01 6.553254437869822091e-01 4.642694583522986168e-02 0.000000000000000000e+00
4.775000000000000000e+04 1.910070312584624119e-01 2.017523896222121194e-01 9.831588529813381494e-02 6.549840691852526486e-01 4.494765589440145870e-02 0.000000000000000000e+00
4.800000000000000000e+04 1.920070680713339417e-01 2.006144742831133254e-01 9.717796995903504875e-02 6.522530723714156098e-01 4.995448338643605074e-02 0.000000000000000000e+00
4.825000000000000000e+04 1.930071048842054715e-01 2.008420573509330787e-01 9.911242603550296515e-02 6.490669094219390090e-01 5.097860719162494031e-02 0.000000000000000000e+00
4.850000000000000000e+04 1.940071416970770013e-01 2.006144742831133254e-01 9.934000910332271839e-02 6.588529813381884814e-01 4.119253527537550946e-02 0.000000000000000000e+00
4.875000000000000000e+04 1.950071785099485311e-01 2.085798816568047442e-01 9.820209376422393832e-02 6.503186162949476934e-01 4.289940828402366568e-02 0.000000000000000000e+00
4.900000000000000000e+04 1.960072153228200609e-01 2.078971324533454845e-01 9.774692762858443185e-02 6.573736913973600160e-01 3.698224852071006069e-02 0.000000000000000000e+00
4.925000000000000000e+04 1.970072521356915907e-01 2.076695493855257035e-01 9.535730541647700897e-02 6.521392808375057193e-01 4.483386436049158208e-02 0.000000000000000000e+00
4.950000000000000000e+04 1.980072889485631205e-01 2.030040964952207483e-01 9.808830223031406170e-02 6.571461083295402350e-01 4.176149294492489950e-02 0.000000000000000000e+00
4.975000000000000000e+04 1.990073257614346502e-01 2.050523441055985552e-01 9.592626308602640595e-02 6.517979062357760478e-01 4.722348657259899801e-02 0.000000000000000000e+00
5.000000000000000000e+04 2.000073625743061800e-01 2.042558033682294050e-01 9.934000910332271839e-02 6.543013199817933057e-01 4.210286754665452935e-02 0.000000000000000000e+00
5.025000000000000000e+04 2.010073993871777098e-01 2.122212107419207960e-01 9.626763768775603580e-02 6.478152025489303245e-01 4.369594902139280895e-02 0.000000000000000000e+00
5.050000000000000000e+04 2.020074362000492396e-01 2.146108329540282189e-01 9.501593081474737912e-02 6.437187073281748217e-01 4.665452890304961492e-02 0.000000000000000000e+00
5.075000000000000000e+04 2.030074730129207694e-01 2.074419663177059503e-01 9.751934456076467861e-02 6.380291306326809631e-01 5.700955848884842886e-02 0.000000000000000000e+00
5.100000000000000000e+04 2.040075098257922992e-01 2.150659990896677254e-01 1.000227583067819781e-01 6.360946745562130467e-01 4.881656804733727761e-02 0.000000000000000000e+00
5.125000000000000000e+04 2.050075466386638290e-01 2.113108784706417831e-01 9.547109695038688559e-02 6.366636322257623881e-01 5.655439235320892238e-02 0.000000000000000000e+00
5.150000000000000000e+04 2.060075834515353588e-01 2.089212562585343602e-01 1.003641329085116080e-01 6.439462903959944917e-01 4.676832043695949154e-02 0.000000000000000000e+00
5.175000000000000000e+04 2.070076202644068886e-01 1.970869367319071364e-01 1.045744196631770567e-01 6.483841602184797770e-01 4.995448338643605074e-02 0.000000000000000000e+00
5.200000000000000000e+04 2.080076570772784184e-01 1.879836140191169791e-01 1.069640418752844796e-01 6.601046882111970548e-01 4.494765589440145870e-02 0.000000000000000000e+00
5.225000000000000000e+04 2.090076938901499481e-01 1.388256713700500578e-01 1.211879836140191125e-01 7.039144287664997890e-01 3.607191624943104080e-02 0.000000000000000000e+00
5.250000000000000000e+04 2.100077307030214779e-01 2.958579881656804664e-03 1.525944469731451980e-01 8.443331816112881194e-01 1.137915339098771066e-04 0.000000000000000000e+00
5.275000000000000000e+04 2.110077675158930077e-01 3.413746017296313308e-03 1.527082385070550885e-01 8.436504324078288874e-01 2.275830678197542133e-04 0.000000000000000000e+00
5.300000000000000000e+04 2.120078043287645375e-01 2.389622212107419402e-03 1.531634046426945950e-01 8.444469731451980099e-01 0.000000000000000000e+00 0.000000000000000000e+00
5.325000000000000000e+04 2.130078411416360673e-01 2.275830678197541916e-03 1.531634046426945950e-01 8.445607646791079004e-01 0.000000000000000000e+00 0.000000000000000000e+00
5.350000000000000000e+04 2.140078779545075971e-01 2.389622212107419402e-03 1.537323623122439642e-01 8.438780154756485574e-01 0.000000000000000000e+00 0.000000000000000000e+00
5.375000000000000000e+04 2.150079147673791269e-01 1.137915339098770958e-03 1.536185707783341015e-01 8.452435138825671324e-01 0.000000000000000000e+00 0.000000000000000000e+00
5.400000000000000000e+04 2.160079515802506567e-01 0.000000000000000000e+00 1.538461538461538547e-01 8.461538461538461453e-01 0.000000000000000000e+00 0.000000000000000000e+00
5.425000000000000000e+04 2.170079883931221865e-01 1.251706873008648227e-03 1.533909877105143482e-01 8.453573054164770229e-01 0.000000000000000000e+00 0.000000000000000000e+00
5.450000000000000000e+04 2.180080252059937163e-01 7.965407373691396923e-04 1.533909877105143482e-01 8.456986800182066943e-01 1.137915339098771066e-04 0.000000000000000000e+00
5.475000000000000000e+04 2.190080620188652460e-01 2.048247610377787811e-03 1.532771961766044577e-01 8.446745562130177909e-01 0.000000000000000000e+00 0.000000000000000000e+00
5.500000000000000000e+04 2.200080988317367758e-01 7.965407373691396923e-04 1.537323623122439642e-01 8.454710969503869133e-01 0.000000000000000000e+00 0.000000000000000000e+00
5.525000000000000000e+04 2.210081356446083056e-01 1.365498406918525280e-03 1.536185707783341015e-01 8.450159308147473514e-01 0.000000000000000000e+00 0.000000000000000000e+00
5.550000000000000000e+04 2.220081724574798354e-01 1.137915339098771066e-04 1.538461538461538547e-01 8.460400546199362548e-01 0.000000000000000000e+00 0.000000000000000000e+00
5.575000000000000000e+04 2.230082092703513652e-01 7.965407373691396923e-04 1.533909877105143482e-01 8.456986800182066943e-01 1.137915339098771066e-04 0.000000000000000000e+00
5.600000000000000000e+04 2.240082460832228950e-01 2.162039144287664864e-03 1.538461538461538547e-01 8.439918070095584479e-01 0.000000000000000000e+00 0.000000000000000000e+00
5.625000000000000000e+04 2.250082828960944248e-01 5.689576695493854790e-04 1.538461538461538547e-01 8.455848884842968038e-01 0.000000000000000000e+00 0.000000000000000000e+00
5.650000000000000000e+04 2.260083197089659546e-01 4.551661356395084266e-04 1.538461538461538547e-01 8.456986800182066943e-01 0.000000000000000000e+00 0.000000000000000000e+00
5.675000000000000000e+04 2.270083565218374844e-01 3.413746017296313199e-04 1.536185707783341015e-01 8.459262630860263643e-01 1.137915339098771066e-04 0.000000000000000000e+00
