# itime ezz other fcc hcp bcc ico
0.000000000000000000e+00 0.000000000000000000e+00 1.137915339098771066e-04 9.998862084660901095e-01 0.000000000000000000e+00 0.000000000000000000e+00 0.000000000000000000e+00
2.500000000000000000e+02 1.000006087668703358e-02 1.934456076467910759e-03 9.980655439235320836e-01 0.000000000000000000e+00 0.000000000000000000e+00 0.000000000000000000e+00
5.000000000000000000e+02 2.000012175337384512e-02 3.413746017296313308e-03 9.965862539827037292e-01 0.000000000000000000e+00 0.000000000000000000e+00 0.000000000000000000e+00
7.500000000000000000e+02 3.000018263006087871e-02 4.096495220755575623e-03 9.959035047792443862e-01 0.000000000000000000e+00 0.000000000000000000e+00 0.000000000000000000e+00
1.000000000000000000e+03 4.000024350674791229e-02 7.282658170232134826e-03 9.926035502958580059e-01 0.000000000000000000e+00 1.137915339098771066e-04 0.000000000000000000e+00
1.250000000000000000e+03 5.000030438343494588e-02 1.934456076467910846e-02 9.802002730996813851e-01 0.000000000000000000e+00 4.551661356395084266e-04 0.000000000000000000e+00
1.500000000000000000e+03 6.000036526012175742e-02 2.378243058716431393e-02 9.747382794720073074e-01 0.000000000000000000e+00 1.479289940828402332e-03 0.000000000000000000e+00
1.750000000000000000e+03 7.000042613680879100e-02 5.006827492034592736e-02 9.466317705962676854e-01 0.000000000000000000e+00 3.299954483386436255e-03 0.000000000000000000e+00
2.000000000000000000e+03 8.000048701349582458e-02 1.002503413746017313e-01 8.893946290395994270e-01 1.137915339098771066e-04 1.024123805188893906e-02 0.000000000000000000e+00
2.250000000000000000e+03 9.000054789018285817e-02 2.156349567592171224e-01 7.058488848429677054e-01 1.137915339098771066e-04 7.840236686390532339e-02 0.000000000000000000e+00
2.500000000000000000e+03 1.000006087668696697e-01 3.294264906690942407e-01 4.159080564406008040e-01 1.035502958579881741e-02 2.443104233045061413e-01 0.000000000000000000e+00
2.750000000000000000e+03 1.100006696435567033e-01 3.593536640873918886e-01 2.624032771961766208e-01 2.867546654528902936e-02 3.495675921711424716e-01 0.000000000000000000e+00
3.000000000000000000e+03 1.200007305202437369e-01 4.035047792444242387e-01 1.557806099226217433e-01 6.690942193900774326e-02 3.738051888939463163e-01 0.000000000000000000e+00
3.250000000000000000e+03 1.300007913969305484e-01 4.382111970869367323e-01 1.003641329085116080e-01 1.118570778334091881e-01 3.495675921711424716e-01 0.000000000000000000e+00
3.500000000000000000e+03 1.400008522736175820e-01 4.691624943104232837e-01 7.339553937187073829e-02 1.403049613108784677e-01 3.171370050068275104e-01 0.000000000000000000e+00
3.750000000000000000e+03 1.500009131503046156e-01 5.116067364588074984e-01 6.804733727810650945e-02 1.595357305416477134e-01 2.608101957214383204e-01 0.000000000000000000e+00
4.000000000000000000e+03 1.600009740269916492e-01 5.641784251251706905e-01 6.178880291306326766e-02 1.799044151115156975e-01 1.941283568502503443e-01 0.000000000000000000e+00
4.250000000000000000e+03 1.700010349036784607e-01 5.755575785161584079e-01 5.746472462448793533e-02 1.898042785616750050e-01 1.771734182976786587e-01 0.000000000000000000e+00
4.500000000000000000e+03 1.800010957803654943e-01 6.176604460628128956e-01 5.860263996358670846e-02 1.935593991807009473e-01 1.301775147928994070e-01 0.000000000000000000e+00
4.750000000000000000e+03 1.900011566570525279e-01 6.088984979517524376e-01 6.156121984524351443e-02 2.068730086481565811e-01 1.226672735548475224e-01 0.000000000000000000e+00
5.000000000000000000e+03 2.000012175337393394e-01 6.343878015475649113e-01 6.292671825216203385e-02 2.094902139280837572e-01 9.319526627218935322e-02 0.000000000000000000e+00
5.250000000000000000e+03 2.100012784104263730e-01 6.472462448793809831e-01 6.554392353208920996e-02 2.155211652253072319e-01 7.168866636322257513e-02 0.000000000000000000e+00
5.500000000000000000e+03 2.200013392871134066e-01 6.488393263541192280e-01 7.441966317705962786e-02 2.284934000910332219e-01 4.824761037778789452e-02 0.000000000000000000e+00
5.750000000000000000e+03 2.300014001638004402e-01 6.479289940828402150e-01 7.578516158397814728e-02 2.254210286754665393e-01 5.086481565771506369e-02 0.000000000000000000e+00
6.000000000000000000e+03 2.400014610404872517e-01 6.615839781520255203e-01 7.294037323623121793e-02 2.289485662266727284e-01 3.641329085116067066e-02 1.137915339098771066e-04
6.250000000000000000e+03 2.500015219171742853e-01 6.679563040509786109e-01 7.407828857532999800e-02 2.198452435138825711e-01 3.800637232589895026e-02 1.137915339098771066e-04
6.500000000000000000e+03 2.600015827938613189e-01 6.685252617205279524e-01 7.954028220300408958e-02 2.217796995903504875e-01 3.015475648611743234e-02 0.000000000000000000e+00
6.750000000000000000e+03 2.700016436705483525e-01 6.714838416021847722e-01 7.669549385525717411e-02 2.190487027765134209e-01 3.277196176604460498e-02 0.000000000000000000e+00
7.000000000000000000e+03 2.800017045472351640e-01 6.714838416021847722e-01 8.022303140646336317e-02 2.233727810650887602e-01 2.492034592626308706e-02 0.000000000000000000e+00
7.250000000000000000e+03 2.900017654239221976e-01 6.772872098315885214e-01 8.079198907601274626e-02 2.206417842512516936e-01 2.116522530723714129e-02 1.137915339098771066e-04
7.500000000000000000e+03 3.000018263006092312e-01 6.929904415111515226e-01 7.999544833864360993e-02 2.064178425125170746e-01 1.991351843422849502e-02 6.827492034592626399e-04
7.750000000000000000e+03 3.100018871772960427e-01 7.045971779699590209e-01 7.703686845698680397e-02 1.983386436049157930e-01 1.979972690031861493e-02 2.275830678197542133e-04
8.000000000000000000e+03 3.200019480539830763e-01 7.236003641329085134e-01 7.476103777878925771e-02 1.844560764679107900e-01 1.695493855257168905e-02 2.275830678197542133e-04
8.250000000000000000e+03 3.300020089306701099e-01 7.287209831588530307e-01 7.510241238051888757e-02 1.744424214838415921e-01 2.162039144287665124e-02 1.137915339098771066e-04
8.500000000000000000e+03 3.400020698073571435e-01 7.488620846609012061e-01 6.861629494765589254e-02 1.648839326354119283e-01 1.729631315430131891e-02 3.413746017296313199e-04
8.750000000000000000e+03 3.500021306840439550e-01 7.624032771961766208e-01 6.838871187983613931e-02 1.560081929904415243e-01 1.251706873008648184e-02 6.827492034592626399e-04
9.000000000000000000e+03 3.600021915607309886e-01 7.759444697314519246e-01 6.451979972690032039e-02 1.421256258534364936e-01 1.706873008648156567e-02 3.413746017296313199e-04
9.250000000000000000e+03 3.700022524374180222e-01 7.860719162494310686e-01 5.985434683659535821e-02 1.382567137005006885e-01 1.547564861174328607e-02 3.413746017296313199e-04
9.500000000000000000e+03 3.800023133141048337e-01 8.043923532089212181e-01 5.370960400546199304e-02 1.224396904870277691e-01 1.877560309512972189e-02 6.827492034592626399e-04
9.750000000000000000e+03 3.900023741907918673e-01 8.152025489303595940e-01 5.154756486117433034e-02 1.186845698680018268e-01 1.365498406918525323e-02 9.103322712790168532e-04
1.000000000000000000e+04 4.000024350674789009e-01 8.338643604915794150e-01 4.233045061447428259e-02 1.086709148839326289e-01 1.490669094219390124e-02 2.275830678197542133e-04
1.025000000000000000e+04 4.100024959441659345e-01 8.495675921711424161e-01 3.698224852071006069e-02 9.990896677287210148e-02 1.331360946745562164e-02 2.275830678197542133e-04
1.050000000000000000e+04 4.200025568208527460e-01 8.697086936731907025e-01 3.243058716431497512e-02 8.386436049157942885e-02 1.388256713700500647e-02 1.137915339098771066e-04
1.075000000000000000e+04 4.300026176975397796e-01 8.719845243513882904e-01 3.368229403732362487e-02 8.090578060992262288e-02 1.274465179790623508e-02 6.827492034592626399e-04
1.100000000000000000e+04 4.400026785742268132e-01 8.832498862084661173e-01 3.231679563040509851e-02 7.385070550751024476e-02 9.786071916249430847e-03 7.965407373691396923e-04
1.125000000000000000e+04 4.500027394509138468e-01 8.879153390987710726e-01 2.924442421483841592e-02 7.146108329540282189e-02 1.069640418752844727e-02 6.827492034592626399e-04
1.150000000000000000e+04 4.600028003276006583e-01 8.917842512517069054e-01 2.571688666363222686e-02 7.032316795630405570e-02 1.172052799271734204e-02 4.551661356395084266e-04
1.175000000000000000e+04 4.700028612042876919e-01 9.010013654984069253e-01 2.503413746017296368e-02 6.429221665908056715e-02 8.989531178880291046e-03 6.827492034592626399e-04
1.200000000000000000e+04 4.800029220809747255e-01 9.055530268548019901e-01 2.423759672280382388e-02 5.996813837050523482e-02 9.786071916249430847e-03 4.551661356395084266e-04
1.225000000000000000e+04 4.900029829576615370e-01 9.138598088302229971e-01 2.287209831588529751e-02 5.393718707328174627e-02 8.989531178880291046e-03 3.413746017296313199e-04
1.250000000000000000e+04 5.000030438343485706e-01 9.220527992717342247e-01 2.059626763768775473e-02 4.972690031861629750e-02 7.168866636322257339e-03 4.551661356395084266e-04
1.275000000000000000e+04 5.100031047110356042e-01 9.261492944924897275e-01 2.150659990896677115e-02 4.415111515703231543e-02 7.851615839781519654e-03 3.413746017296313199e-04
1.300000000000000000e+04 5.200031655877226378e-01 9.301319981793354508e-01 1.832043695949021542e-02 4.380974055530268557e-02 6.827492034592626616e-03 9.103322712790168532e-04
1.325000000000000000e+04 5.300032264644094493e-01 9.392353208921255803e-01 1.581702321347291593e-02 3.823395539371871044e-02 6.030951297223486815e-03 6.827492034592626399e-04
1.350000000000000000e+04 5.400032873410964829e-01 9.416249431042330587e-01 1.502048247610377786e-02 3.709604005461993731e-02 5.917159763313609329e-03 3.413746017296313199e-04
1.375000000000000000e+04 5.500033482177835165e-01 9.481110605370960398e-01 1.411015020482476144e-02 3.129267182521620200e-02 5.689576695493855224e-03 7.965407373691396923e-04
1.400000000000000000e+04 5.600034090944705500e-01 9.533454710969503365e-01 1.319981793354574502e-02 2.742375967228038308e-02 5.234410559854347014e-03 7.965407373691396923e-04
1.425000000000000000e+04 5.700034699711573616e-01 9.584660901228948537e-01 9.899863450159307465e-03 2.560309512972235024e-02 5.348202093764223633e-03 6.827492034592626399e-04
1.450000000000000000e+04 5.800035308478443952e-01 9.573281747837960598e-01 1.058261265361857065e-02 2.583067819754210348e-02 4.551661356395083832e-03 1.706873008648156654e-03
1.475000000000000000e+04 5.900035917245314288e-01 9.623350022758306865e-01 8.648156577150659455e-03 2.230314064633591095e-02 5.348202093764223633e-03 1.365498406918525280e-03
1.500000000000000000e+04 6.000036526012182403e-01 9.641556668183887124e-01 7.965407373691398007e-03 1.979972690031861493e-02 7.055075102412380721e-03 1.024123805188893906e-03
1.525000000000000000e+04 6.100037134779052739e-01 9.649522075557578349e-01 1.069640418752844727e-02 1.957214383249886169e-02 3.755120619025944465e-03 1.024123805188893906e-03
1.550000000000000000e+04 6.200037743545923075e-01 9.708693673190714746e-01 8.761948111060537808e-03 1.570323167956303931e-02 3.868912152935821518e-03 7.965407373691396923e-04
1.575000000000000000e+04 6.300038352312793410e-01 9.709831588529813651e-01 6.713700500682749130e-03 1.570323167956303931e-02 5.575785161583977738e-03 1.024123805188893906e-03
1.600000000000000000e+04 6.400038961079661526e-01 9.751934456076467583e-01 6.486117432862995025e-03 1.456531634046426965e-02 3.527537551206190360e-03 2.275830678197542133e-04
1.625000000000000000e+04 6.500039569846531862e-01 9.764451524806554428e-01 6.372325898953117539e-03 1.217569412835685025e-02 3.527537551206190360e-03 1.479289940828402332e-03
1.650000000000000000e+04 6.600040178613402198e-01 9.762175694128356618e-01 7.055075102412380721e-03 1.251706873008648184e-02 3.641329085116067413e-03 5.689576695493854790e-04
1.675000000000000000e+04 6.700040787380270313e-01 9.761037778789257713e-01 6.486117432862995025e-03 1.285844333181611343e-02 3.299954483386436255e-03 1.251706873008648227e-03
1.700000000000000000e+04 6.800041396147140649e-01 9.798588984979517136e-01 5.461993627674101119e-03 9.558488848429677609e-03 3.641329085116067413e-03 1.479289940828402332e-03
1.725000000000000000e+04 6.900042004914010985e-01 9.795175238962221531e-01 5.689576695493855224e-03 9.786071916249430847e-03 2.730996813837050560e-03 2.275830678197541916e-03
1.750000000000000000e+04 7.000042613680881320e-01 9.831588529813382049e-01 4.893035958124715423e-03 8.761948111060537808e-03 2.503413746017296455e-03 6.827492034592626399e-04
1.775000000000000000e+04 7.100043222447749436e-01 9.854346836595356818e-01 3.755120619025944465e-03 8.079198907601274626e-03 1.820664542558033706e-03 9.103322712790168532e-04
1.800000000000000000e+04 7.200043831214619772e-01 9.836140191169776559e-01 3.641329085116067413e-03 8.420573509330906217e-03 1.934456076467910759e-03 2.389622212107419402e-03
1.825000000000000000e+04 7.300044439981490108e-01 9.875967228038233792e-01 1.706873008648156654e-03 7.396449704142011444e-03 1.934456076467910759e-03 1.365498406918525280e-03
1.850000000000000000e+04 7.400045048748360443e-01 9.880518889394629412e-01 1.934456076467910759e-03 6.258534365043240920e-03 2.389622212107419402e-03 1.365498406918525280e-03
1.875000000000000000e+04 7.500045657515228559e-01 9.864588074647245852e-01 2.730996813837050560e-03 7.168866636322257339e-03 1.593081474738279385e-03 2.048247610377787811e-03
1.900000000000000000e+04 7.600046266282098895e-01 9.898725534820209671e-01 2.048247610377787811e-03 5.120619025944469528e-03 7.965407373691396923e-04 2.162039144287664864e-03
1.925000000000000000e+04 7.700046875048969230e-01 9.905553026854801990e-01 1.365498406918525280e-03 4.665452890304961318e-03 1.365498406918525280e-03 2.048247610377787811e-03
1.950000000000000000e+04 7.800047483815837346e-01 9.916932180245789930e-01 1.479289940828402332e-03 4.437869822485207214e-03 9.103322712790168532e-04 1.479289940828402332e-03
1.975000000000000000e+04 7.900048092582707682e-01 9.913518434228493215e-01 1.137915339098770958e-03 4.096495220755575623e-03 6.827492034592626399e-04 2.730996813837050560e-03
2.000000000000000000e+04 8.000048701349578018e-01 9.926035502958580059e-01 1.137915339098770958e-03 3.755120619025944465e-03 6.827492034592626399e-04 1.820664542558033706e-03
2.025000000000000000e+04 8.100049310116448353e-01 9.922621756941283344e-01 1.251706873008648227e-03 4.437869822485207214e-03 6.827492034592626399e-04 1.365498406918525280e-03
2.050000000000000000e+04 8.200049918883316469e-01 9.931725079654073474e-01 1.251706873008648227e-03 3.299954483386436255e-03 3.413746017296313199e-04 1.934456076467910759e-03
2.075000000000000000e+04 8.300050527650186805e-01 9.930587164314974569e-01 9.103322712790168532e-04 3.186162949476558769e-03 1.137915339098770958e-03 1.706873008648156654e-03
2.100000000000000000e+04 8.400051136417057140e-01 9.943104233045061413e-01 5.689576695493854790e-04 2.503413746017296455e-03 3.413746017296313199e-04 2.275830678197541916e-03
2.125000000000000000e+04 8.500051745183927476e-01 9.941966317705962508e-01 5.689576695493854790e-04 2.730996813837050560e-03 1.137915339098771066e-04 2.389622212107419402e-03
2.150000000000000000e+04 8.600052353950795592e-01 9.948793809740554828e-01 7.965407373691396923e-04 1.820664542558033706e-03 2.275830678197542133e-04 2.275830678197541916e-03
2.175000000000000000e+04 8.700052962717665928e-01 9.944242148384160318e-01 3.413746017296313199e-04 2.275830678197541916e-03 2.275830678197542133e-04 2.730996813837050560e-03
2.200000000000000000e+04 8.800053571484536263e-01 9.937414656349567998e-01 6.827492034592626399e-04 2.958579881656804664e-03 5.689576695493854790e-04 2.048247610377787811e-03
2.225000000000000000e+04 8.900054180251404379e-01 9.936276741010469093e-01 4.551661356395084266e-04 2.958579881656804664e-03 7.965407373691396923e-04 2.162039144287664864e-03
2.250000000000000000e+04 9.000054789018274715e-01 9.936276741010469093e-01 2.275830678197542133e-04 2.275830678197541916e-03 3.413746017296313199e-04 3.527537551206190360e-03
2.275000000000000000e+04 9.100055397785145050e-01 9.937414656349567998e-01 6.827492034592626399e-04 2.162039144287664864e-03 4.551661356395084266e-04 2.958579881656804664e-03
2.300000000000000000e+04 9.200056006552015386e-01 9.939690487027764698e-01 1.024123805188893906e-03 2.275830678197541916e-03 2.275830678197542133e-04 2.503413746017296455e-03
2.325000000000000000e+04 9.300056615318883502e-01 9.944242148384160318e-01 4.551661356395084266e-04 2.048247610377787811e-03 2.275830678197542133e-04 2.844788347746927612e-03
2.350000000000000000e+04 9.400057224085753838e-01 9.947655894401457033e-01 5.689576695493854790e-04 1.934456076467910759e-03 4.551661356395084266e-04 2.275830678197541916e-03
2.375000000000000000e+04 9.500057832852624173e-01 9.940828402366863603e-01 2.275830678197542133e-04 2.275830678197541916e-03 5.689576695493854790e-04 2.844788347746927612e-03
2.400000000000000000e+04 9.600058441619492289e-01 9.943104233045061413e-01 2.275830678197542133e-04 2.503413746017296455e-03 2.275830678197542133e-04 2.730996813837050560e-03
2.425000000000000000e+04 9.700059050386362625e-01 9.945380063723259223e-01 6.827492034592626399e-04 2.389622212107419402e-03 3.413746017296313199e-04 2.048247610377787811e-03
2.450000000000000000e+04 9.800059659153232960e-01 9.931725079654073474e-01 6.827492034592626399e-04 2.048247610377787811e-03 3.413746017296313199e-04 3.755120619025944465e-03
2.475000000000000000e+04 9.900060267920103296e-01 9.945380063723259223e-01 5.689576695493854790e-04 2.503413746017296455e-03 3.413746017296313199e-04 2.048247610377787811e-03
2.500000000000000000e+04 1.000006087668697141e+00 9.944242148384160318e-01 4.551661356395084266e-04 2.048247610377787811e-03 2.275830678197542133e-04 2.844788347746927612e-03
