# itime ezz other fcc hcp bcc ico
0.000000000000000000e+00 0.000000000000000000e+00 1.251706873008648227e-03 9.986345015930814251e-01 0.000000000000000000e+00 1.137915339098771066e-04 0.000000000000000000e+00
2.500000000000000000e+02 1.000022450423410092e-03 1.365498406918525280e-03 9.986345015930814251e-01 0.000000000000000000e+00 0.000000000000000000e+00 0.000000000000000000e+00
5.000000000000000000e+02 2.000044900847042229e-03 1.137915339098771066e-04 9.998862084660901095e-01 0.000000000000000000e+00 0.000000000000000000e+00 0.000000000000000000e+00
7.500000000000000000e+02 3.000067351270452320e-03 5.689576695493854790e-04 9.994310423304506585e-01 0.000000000000000000e+00 0.000000000000000000e+00 0.000000000000000000e+00
1.000000000000000000e+03 4.000089801693862412e-03 7.965407373691396923e-04 9.992034592626308775e-01 0.000000000000000000e+00 0.000000000000000000e+00 0.000000000000000000e+00
1.250000000000000000e+03 5.000112252117272504e-03 1.479289940828402332e-03 9.985207100591716456e-01 0.000000000000000000e+00 0.000000000000000000e+00 0.000000000000000000e+00
1.500000000000000000e+03 6.000134702540904641e-03 3.413746017296313199e-04 9.995448338643604380e-01 0.000000000000000000e+00 1.137915339098771066e-04 0.000000000000000000e+00
1.750000000000000000e+03 7.000157152964314733e-03 2.275830678197542133e-04 9.997724169321802190e-01 0.000000000000000000e+00 0.000000000000000000e+00 0.000000000000000000e+00
2.000000000000000000e+03 8.000179603387724825e-03 1.024123805188893906e-03 9.989758761948110966e-01 0.000000000000000000e+00 0.000000000000000000e+00 0.000000000000000000e+00
2.250000000000000000e+03 9.000202053811356961e-03 1.820664542558033706e-03 9.981793354574419741e-01 0.000000000000000000e+00 0.000000000000000000e+00 0.000000000000000000e+00
2.500000000000000000e+03 1.000022450423476705e-02 1.365498406918525280e-03 9.986345015930814251e-01 0.000000000000000000e+00 0.000000000000000000e+00 0.000000000000000000e+00
2.750000000000000000e+03 1.100024695465817715e-02 7.965407373691396923e-04 9.992034592626308775e-01 0.000000000000000000e+00 0.000000000000000000e+00 0.000000000000000000e+00
3.000000000000000000e+03 1.200026940508158724e-02 5.689576695493854790e-04 9.994310423304506585e-01 0.000000000000000000e+00 0.000000000000000000e+00 0.000000000000000000e+00
3.250000000000000000e+03 1.300029185550521937e-02 1.593081474738279385e-03 9.984069185252617551e-01 0.000000000000000000e+00 0.000000000000000000e+00 0.000000000000000000e+00
3.500000000000000000e+03 1.400031430592862947e-02 1.820664542558033706e-03 9.980655439235320836e-01 0.000000000000000000e+00 1.137915339098771066e-04 0.000000000000000000e+00
3.750000000000000000e+03 1.500033675635203956e-02 1.479289940828402332e-03 9.985207100591716456e-01 0.000000000000000000e+00 0.000000000000000000e+00 0.000000000000000000e+00
4.000000000000000000e+03 1.600035920677567169e-02 7.965407373691396923e-04 9.992034592626308775e-01 0.000000000000000000e+00 0.000000000000000000e+00 0.000000000000000000e+00
4.250000000000000000e+03 1.700038165719908179e-02 1.820664542558033706e-03 9.979517523896221931e-01 0.000000000000000000e+00 2.275830678197542133e-04 0.000000000000000000e+00
4.500000000000000000e+03 1.800040410762249188e-02 2.617205279927173507e-03 9.973827947200728516e-01 0.000000000000000000e+00 0.000000000000000000e+00 0.000000000000000000e+00
4.750000000000000000e+03 1.900042655804590197e-02 3.413746017296313199e-04 9.996586253982703285e-01 0.000000000000000000e+00 0.000000000000000000e+00 0.000000000000000000e+00
5.000000000000000000e+03 2.000044900846953411e-02 3.527537551206190360e-03 9.964724624487938387e-01 0.000000000000000000e+00 0.000000000000000000e+00 0.000000000000000000e+00
5.250000000000000000e+03 2.100047145889294420e-02 2.048247610377787811e-03 9.978379608557123026e-01 0.000000000000000000e+00 1.137915339098771066e-04 0.000000000000000000e+00
5.500000000000000000e+03 2.200049390931635429e-02 1.820664542558033706e-03 9.981793354574419741e-01 0.000000000000000000e+00 0.000000000000000000e+00 0.000000000000000000e+00
5.750000000000000000e+03 2.300051635973998643e-02 2.048247610377787811e-03 9.979517523896221931e-01 0.000000000000000000e+00 0.000000000000000000e+00 0.000000000000000000e+00
6.000000000000000000e+03 2.400053881016339652e-02 3.072371415566681717e-03 9.969276285844332897e-01 0.000000000000000000e+00 0.000000000000000000e+00 0.000000000000000000e+00
6.250000000000000000e+03 2.500056126058680661e-02 1.706873008648156654e-03 9.982931269913518646e-01 0.000000000000000000e+00 0.000000000000000000e+00 0.000000000000000000e+00
6.500000000000000000e+03 2.600058371101043875e-02 3.527537551206190360e-03 9.963586709148839482e-01 0.000000000000000000e+00 1.137915339098771066e-04 0.000000000000000000e+00
6.750000000000000000e+03 2.700060616143384884e-02 2.617205279927173507e-03 9.972690031861629611e-01 0.000000000000000000e+00 1.137915339098771066e-04 0.000000000000000000e+00
7.000000000000000000e+03 2.800062861185725893e-02 2.503413746017296455e-03 9.973827947200728516e-01 0.000000000000000000e+00 1.137915339098771066e-04 0.000000000000000000e+00
7.250000000000000000e+03 2.900065106228066902e-02 4.665452890304961318e-03 9.952207555757851543e-01 0.000000000000000000e+00 1.137915339098771066e-04 0.000000000000000000e+00
7.500000000000000000e+03 3.000067351270430116e-02 3.186162949476558769e-03 9.965862539827037292e-01 0.000000000000000000e+00 2.275830678197542133e-04 0.000000000000000000e+00
7.750000000000000000e+03 3.100069596312771125e-02 3.641329085116067413e-03 9.961310878470641672e-01 0.000000000000000000e+00 2.275830678197542133e-04 0.000000000000000000e+00
8.000000000000000000e+03 3.200071841355112134e-02 4.096495220755575623e-03 9.959035047792443862e-01 0.000000000000000000e+00 0.000000000000000000e+00 0.000000000000000000e+00
8.250000000000000000e+03 3.300074086397475348e-02 6.941283568502503235e-03 9.930587164314974569e-01 0.000000000000000000e+00 0.000000000000000000e+00 0.000000000000000000e+00
8.500000000000000000e+03 3.400076331439816357e-02 2.730996813837050560e-03 9.970414201183431802e-01 0.000000000000000000e+00 2.275830678197542133e-04 0.000000000000000000e+00
8.750000000000000000e+03 3.500078576482157366e-02 4.665452890304961318e-03 9.952207555757851543e-01 0.000000000000000000e+00 1.137915339098771066e-04 0.000000000000000000e+00
9.000000000000000000e+03 3.600080821524498376e-02 8.420573509330906217e-03 9.915794264906691025e-01 0.000000000000000000e+00 0.000000000000000000e+00 0.000000000000000000e+00
9.250000000000000000e+03 3.700083066566861589e-02 8.192990441511151245e-03 9.916932180245789930e-01 0.000000000000000000e+00 1.137915339098771066e-04 0.000000000000000000e+00
9.500000000000000000e+03 3.800085311609202599e-02 5.575785161583977738e-03 9.943104233045061413e-01 0.000000000000000000e+00 1.137915339098771066e-04 0.000000000000000000e+00
9.750000000000000000e+03 3.900087556651543608e-02 7.965407373691398007e-03 9.919208010923987739e-01 0.000000000000000000e+00 1.137915339098771066e-04 0.000000000000000000e+00
1.000000000000000000e+04 4.000089801693906821e-02 1.001365498406918582e-02 9.898725534820209671e-01 0.000000000000000000e+00 1.137915339098771066e-04 0.000000000000000000e+00
1.025000000000000000e+04 4.100092046736247831e-02 7.737824305871643035e-03 9.920345926263085534e-01 0.000000000000000000e+00 2.275830678197542133e-04 0.000000000000000000e+00
1.050000000000000000e+04 4.200094291778588840e-02 8.648156577150659455e-03 9.910104688211197610e-01 0.000000000000000000e+00 3.413746017296313199e-04 0.000000000000000000e+00
1.075000000000000000e+04 4.300096536820929849e-02 7.965407373691398007e-03 9.920345926263085534e-01 0.000000000000000000e+00 0.000000000000000000e+00 0.000000000000000000e+00
1.100000000000000000e+04 4.400098781863293063e-02 1.137915339098771045e-02 9.881656804733728316e-01 0.000000000000000000e+00 4.551661356395084266e-04 0.000000000000000000e+00
1.125000000000000000e+04 4.500101026905634072e-02 9.786071916249430847e-03 9.897587619481110766e-01 0.000000000000000000e+00 4.551661356395084266e-04 0.000000000000000000e+00
1.150000000000000000e+04 4.600103271947975081e-02 1.058261265361857065e-02 9.888484296768320636e-01 0.000000000000000000e+00 5.689576695493854790e-04 0.000000000000000000e+00
1.175000000000000000e+04 4.700105516990338295e-02 8.875739644970414427e-03 9.907828857532999800e-01 0.000000000000000000e+00 3.413746017296313199e-04 0.000000000000000000e+00
1.200000000000000000e+04 4.800107762032679304e-02 1.160673645880746542e-02 9.880518889394629412e-01 0.000000000000000000e+00 3.413746017296313199e-04 0.000000000000000000e+00
1.225000000000000000e+04 4.900110007075020313e-02 1.695493855257168905e-02 9.816795630405097395e-01 0.000000000000000000e+00 1.365498406918525280e-03 0.000000000000000000e+00
1.250000000000000000e+04 5.000112252117361322e-02 1.172052799271734204e-02 9.874829312699134887e-01 0.000000000000000000e+00 7.965407373691396923e-04 0.000000000000000000e+00
1.275000000000000000e+04 5.100114497159724536e-02 1.285844333181611343e-02 9.868001820664542567e-01 0.000000000000000000e+00 3.413746017296313199e-04 0.000000000000000000e+00
1.300000000000000000e+04 5.200116742202065545e-02 1.274465179790623508e-02 9.869139736003641472e-01 0.000000000000000000e+00 3.413746017296313199e-04 0.000000000000000000e+00
1.325000000000000000e+04 5.300118987244406554e-02 1.604460628129267263e-02 9.829312699135184239e-01 0.000000000000000000e+00 1.024123805188893906e-03 0.000000000000000000e+00
1.350000000000000000e+04 5.400121232286769768e-02 1.365498406918525323e-02 9.861174328629950248e-01 0.000000000000000000e+00 2.275830678197542133e-04 0.000000000000000000e+00
1.375000000000000000e+04 5.500123477329110777e-02 1.934456076467910846e-02 9.795175238962221531e-01 0.000000000000000000e+00 1.137915339098770958e-03 0.000000000000000000e+00
1.400000000000000000e+04 5.600125722371451786e-02 2.253072371415566766e-02 9.763313609467455523e-01 0.000000000000000000e+00 1.137915339098770958e-03 0.000000000000000000e+00
1.425000000000000000e+04 5.700127967413792796e-02 2.036868456986800149e-02 9.787209831588530307e-01 0.000000000000000000e+00 9.103322712790168532e-04 0.000000000000000000e+00
1.450000000000000000e+04 5.800130212456156009e-02 2.025489303595812488e-02 9.792899408284023721e-01 0.000000000000000000e+00 4.551661356395084266e-04 0.000000000000000000e+00
1.475000000000000000e+04 5.900132457498497018e-02 2.878925807919890598e-02 9.704142011834319126e-01 0.000000000000000000e+00 7.965407373691396923e-04 0.000000000000000000e+00
1.500000000000000000e+04 6.000134702540838028e-02 2.401001365498407064e-02 9.754210286754665393e-01 0.000000000000000000e+00 5.689576695493854790e-04 0.000000000000000000e+00
1.525000000000000000e+04 6.100136947583201241e-02 2.366863905325443732e-02 9.750796540737368678e-01 0.000000000000000000e+00 1.251706873008648227e-03 0.000000000000000000e+00
1.550000000000000000e+04 6.200139192625542250e-02 2.913063268092853930e-02 9.695038689121528996e-01 0.000000000000000000e+00 1.365498406918525280e-03 0.000000000000000000e+00
1.575000000000000000e+04 6.300141437667883260e-02 2.355484751934456070e-02 9.750796540737368678e-01 0.000000000000000000e+00 1.365498406918525280e-03 0.000000000000000000e+00
1.600000000000000000e+04 6.400143682710246473e-02 3.573054164770141095e-02 9.625625853436504675e-01 0.000000000000000000e+00 1.706873008648156654e-03 0.000000000000000000e+00
1.625000000000000000e+04 6.500145927752587482e-02 3.618570778334091742e-02 9.623350022758306865e-01 0.000000000000000000e+00 1.479289940828402332e-03 0.000000000000000000e+00
1.650000000000000000e+04 6.600148172794928492e-02 3.174783796085571541e-02 9.666590805644059703e-01 0.000000000000000000e+00 1.593081474738279385e-03 0.000000000000000000e+00
1.675000000000000000e+04 6.700150417837269501e-02 4.619936276741010150e-02 9.502730996813837372e-01 0.000000000000000000e+00 3.527537551206190360e-03 0.000000000000000000e+00
1.700000000000000000e+04 6.800152662879632715e-02 5.325443786982248656e-02 9.434456076467910846e-01 0.000000000000000000e+00 3.299954483386436255e-03 0.000000000000000000e+00
1.725000000000000000e+04 6.900154907921973724e-02 4.358215748748293233e-02 9.539144287664997890e-01 0.000000000000000000e+00 2.503413746017296455e-03 0.000000000000000000e+00
1.750000000000000000e+04 7.000157152964314733e-02 5.700955848884842886e-02 9.394629039599453613e-01 0.000000000000000000e+00 3.527537551206190360e-03 0.000000000000000000e+00
1.775000000000000000e+04 7.100159398006677947e-02 6.656804733727811341e-02 9.305871643149750128e-01 0.000000000000000000e+00 2.844788347746927612e-03 0.000000000000000000e+00
1.800000000000000000e+04 7.200161643049018956e-02 5.939918070095585173e-02 9.363905325443786509e-01 0.000000000000000000e+00 4.210286754665453109e-03 0.000000000000000000e+00
1.825000000000000000e+04 7.300163888091359965e-02 5.791989076012744875e-02 9.388939462903960198e-01 0.000000000000000000e+00 3.186162949476558769e-03 0.000000000000000000e+00
1.850000000000000000e+04 7.400166133133700974e-02 6.292671825216203385e-02 9.336595357305416121e-01 0.000000000000000000e+00 3.413746017296313308e-03 0.000000000000000000e+00
1.875000000000000000e+04 7.500168378176064188e-02 7.328174783796086167e-02 9.211424670004552118e-01 0.000000000000000000e+00 5.575785161583977738e-03 0.000000000000000000e+00
1.900000000000000000e+04 7.600170623218405197e-02 7.828857532999544677e-02 9.157942649066909135e-01 0.000000000000000000e+00 5.917159763313609329e-03 0.000000000000000000e+00
1.925000000000000000e+04 7.700172868260746206e-02 8.284023668639053928e-02 9.111288120163859583e-01 0.000000000000000000e+00 6.030951297223486815e-03 0.000000000000000000e+00
1.950000000000000000e+04 7.800175113303109420e-02 8.375056895766955223e-02 9.083978152025489194e-01 0.000000000000000000e+00 7.851615839781519654e-03 0.000000000000000000e+00
1.975000000000000000e+04 7.900177358345450429e-02 1.066226672735548497e-01 8.858670914883932657e-01 0.000000000000000000e+00 7.510241238051888930e-03 0.000000000000000000e+00
2.000000000000000000e+04 8.000179603387791438e-02 1.051433773327264398e-01 8.857532999544833752e-01 0.000000000000000000e+00 9.103322712790167665e-03 0.000000000000000000e+00
2.025000000000000000e+04 8.100181848430132447e-02 1.207328174783796060e-01 8.642467000455166248e-01 0.000000000000000000e+00 1.502048247610377786e-02 0.000000000000000000e+00
2.050000000000000000e+04 8.200184093472495661e-02 1.244879380974055483e-01 8.591260810195721076e-01 0.000000000000000000e+00 1.638598088302230249e-02 0.000000000000000000e+00
2.075000000000000000e+04 8.300186338514836670e-02 1.387118798361401950e-01 8.406918525261720676e-01 0.000000000000000000e+00 2.059626763768775473e-02 0.000000000000000000e+00
2.100000000000000000e+04 8.400188583557177679e-02 1.506599908966772816e-01 8.270368684569867623e-01 0.000000000000000000e+00 2.230314064633591095e-02 0.000000000000000000e+00
2.125000000000000000e+04 8.500190828599540893e-02 1.968593536640873831e-01 7.565999089667728716e-01 4.324078288575329727e-03 4.221665908056440597e-02 0.000000000000000000e+00
2.150000000000000000e+04 8.600193073641881902e-02 2.196176604460628179e-01 7.005006827492034072e-01 5.803368229403732710e-03 7.407828857532999800e-02 0.000000000000000000e+00
2.175000000000000000e+04 8.700195318684222912e-02 2.039144287664997612e-01 6.995903504779243942e-01 1.183431952662721866e-02 8.466090122894856518e-02 0.000000000000000000e+00
2.200000000000000000e+04 8.800197563726563921e-02 2.168866636322257513e-01 6.696631770596267463e-01 4.142011834319526964e-02 7.203004096495220498e-02 0.000000000000000000e+00
2.225000000000000000e+04 8.900199808768927134e-02 1.686390532544378706e-01 6.722803823395538947e-01 1.172052799271734169e-01 4.187528447883477611e-02 0.000000000000000000e+00
2.250000000000000000e+04 9.000202053811268144e-02 1.349567592171142527e-01 6.652253072371415721e-01 1.583978152025489194e-01 4.142011834319526964e-02 0.000000000000000000e+00
2.275000000000000000e+04 9.100204298853609153e-02 1.318843878015475701e-01 6.243741465634956578e-01 1.906008192990441552e-01 5.314064633591260994e-02 0.000000000000000000e+00
2.300000000000000000e+04 9.200206543895972366e-02 1.389394629039599482e-01 6.112881201638598050e-01 2.038006372325898985e-01 4.597177969959034827e-02 0.000000000000000000e+00
2.325000000000000000e+04 9.300208788938313376e-02 1.251706873008648080e-01 6.198224852071005930e-01 2.108557123350022766e-01 4.415111515703231543e-02 0.000000000000000000e+00
2.350000000000000000e+04 9.400211033980654385e-02 1.233500227583067821e-01 6.268775603095130267e-01 2.146108329540282189e-01 3.516158397815202785e-02 0.000000000000000000e+00
2.375000000000000000e+04 9.500213279022995394e-02 1.128812016385980915e-01 6.395084205735093175e-01 2.176832043695949015e-01 2.992717341829767910e-02 0.000000000000000000e+00
2.400000000000000000e+04 9.600215524065358608e-02 1.249431042330450548e-01 6.238051888939463163e-01 2.156349567592171224e-01 3.561675011379153433e-02 0.000000000000000000e+00
2.425000000000000000e+04 9.700217769107699617e-02 1.175466545289030468e-01 6.319981793354574329e-01 2.218934911242603503e-01 2.856167501137915274e-02 0.000000000000000000e+00
2.450000000000000000e+04 9.800220014150040626e-02 1.198224852071005930e-01 6.288120163859808320e-01 2.238279472007282667e-01 2.753755120619025970e-02 0.000000000000000000e+00
2.475000000000000000e+04 9.900222259192403840e-02 1.215293582157487423e-01 6.285844333181611621e-01 2.184797451069640517e-01 3.140646335912607862e-02 0.000000000000000000e+00
2.500000000000000000e+04 1.000022450423474485e-01 1.285844333181611343e-01 6.215293582157487284e-01 2.220072826581702408e-01 2.787892580791988956e-02 0.000000000000000000e+00
2.525000000000000000e+04 1.010022674927708586e-01 1.230086481565771522e-01 6.274465179790623681e-01 2.228038233955393632e-01 2.674101046882111990e-02 0.000000000000000000e+00
2.550000000000000000e+04 1.020022899431944907e-01 1.358670914883932657e-01 6.150432407828857473e-01 2.207555757851615841e-01 2.833409194355939950e-02 0.000000000000000000e+00
2.575000000000000000e+04 1.030023123936179008e-01 1.397360036413290985e-01 6.193673190714610310e-01 2.149522075557578626e-01 2.594446973145198010e-02 0.000000000000000000e+00
2.600000000000000000e+04 1.040023348440413109e-01 1.515703231679562946e-01 6.001365498406918686e-01 2.149522075557578626e-01 3.334091943559399501e-02 0.000000000000000000e+00
2.625000000000000000e+04 1.050023572944647210e-01 1.673873463814292140e-01 5.830678197542102925e-01 2.150659990896677254e-01 3.447883477469276120e-02 0.000000000000000000e+00
2.650000000000000000e+04 1.060023797448883531e-01 1.556668183887118806e-01 5.872781065088756858e-01 2.127901684114701930e-01 4.426490669094219205e-02 0.000000000000000000e+00
2.675000000000000000e+04 1.070024021953117632e-01 1.505461993627674189e-01 6.038916704597178109e-01 2.065316340464269373e-01 3.903049613108784677e-02 0.000000000000000000e+00
2.700000000000000000e+04 1.080024246457351733e-01 1.718252162039144160e-01 5.715748748293126846e-01 2.039144287664997612e-01 5.268548020027309653e-02 0.000000000000000000e+00
2.725000000000000000e+04 1.090024470961588055e-01 1.979972690031861493e-01 5.485889849795174689e-01 1.915111515703231682e-01 6.190259444697314428e-02 0.000000000000000000e+00
2.750000000000000000e+04 1.100024695465822155e-01 1.919663177059626746e-01 5.567819754210286964e-01 1.929904415111515781e-01 5.826126536185707860e-02 0.000000000000000000e+00
2.775000000000000000e+04 1.110024919970056256e-01 1.853664087391898030e-01 5.713472917614929036e-01 1.833181611288120239e-01 5.996813837050523482e-02 0.000000000000000000e+00
2.800000000000000000e+04 1.120025144474290357e-01 1.904870277651342647e-01 5.372098315885298625e-01 1.797906235776058348e-01 9.251251706873007963e-02 0.000000000000000000e+00
2.825000000000000000e+04 1.130025368978526679e-01 1.822940373236231204e-01 5.468821119708693335e-01 1.960628129267182607e-01 7.476103777878925771e-02 0.000000000000000000e+00
2.850000000000000000e+04 1.140025593482760780e-01 1.948111060537096040e-01 5.322030040964952358e-01 1.997041420118343125e-01 7.328174783796086167e-02 0.000000000000000000e+00
2.875000000000000000e+04 1.150025817986994880e-01 1.877560309512972259e-01 5.344788347746927126e-01 1.997041420118343125e-01 7.806099226217569353e-02 0.000000000000000000e+00
2.900000000000000000e+04 1.160026042491231202e-01 2.094902139280837572e-01 5.120619025944469493e-01 1.940145653163404538e-01 8.443331816112881194e-02 0.000000000000000000e+00
2.925000000000000000e+04 1.170026266995465303e-01 2.144970414201183562e-01 5.058033682294037492e-01 2.003868912152935722e-01 7.931269913518433634e-02 0.000000000000000000e+00
2.950000000000000000e+04 1.180026491499699404e-01 2.089212562585343602e-01 4.974965862539826866e-01 2.152935821574874786e-01 7.828857532999544677e-02 0.000000000000000000e+00
2.975000000000000000e+04 1.190026716003933505e-01 2.041420118343195145e-01 4.980655439235320836e-01 2.184797451069640517e-01 7.931269913518433634e-02 0.000000000000000000e+00
3.000000000000000000e+04 1.200026940508169826e-01 2.144970414201183562e-01 4.814519799726900140e-01 2.149522075557578626e-01 8.909877105143376719e-02 0.000000000000000000e+00
3.025000000000000000e+04 1.210027165012403927e-01 2.255348202093764298e-01 4.647246244879381094e-01 2.180245789713245452e-01 9.171597633136094330e-02 0.000000000000000000e+00
3.050000000000000000e+04 1.220027389516638028e-01 2.319071461083295482e-01 4.593764223941738667e-01 2.108557123350022766e-01 9.786071916249430847e-02 0.000000000000000000e+00
3.075000000000000000e+04 1.230027614020874349e-01 2.347519344560764776e-01 4.475421028675466428e-01 2.080109239872553473e-01 1.096950386891215323e-01 0.000000000000000000e+00
3.100000000000000000e+04 1.240027838525108450e-01 2.424897587619481154e-01 4.343422849340008995e-01 2.096040054619936199e-01 1.135639508420573512e-01 0.000000000000000000e+00
3.125000000000000000e+04 1.250028063029342551e-01 2.711652253072371344e-01 3.832498862084661173e-01 2.078971324533454845e-01 1.376877560309512916e-01 0.000000000000000000e+00
3.150000000000000000e+04 1.260028287533576652e-01 2.787892580791989094e-01 3.513882567137004975e-01 2.275830678197542090e-01 1.422394173873463841e-01 0.000000000000000000e+00
3.175000000000000000e+04 1.270028512037812973e-01 2.725307237141556538e-01 3.196404187528447682e-01 2.525034137460173134e-01 1.553254437869822369e-01 0.000000000000000000e+00
3.200000000000000000e+04 1.280028736542047074e-01 2.741238051888939542e-01 3.109922621756941452e-01 2.528447883477469293e-01 1.620391442876649990e-01 0.000000000000000000e+00
3.225000000000000000e+04 1.290028961046281175e-01 2.712790168411470249e-01 2.951752389622211981e-01 2.730996813837050508e-01 1.604460628129267263e-01 0.000000000000000000e+00
3.250000000000000000e+04 1.300029185550517496e-01 2.740100136549840637e-01 2.818616294947655643e-01 2.771961766044606090e-01 1.669321802457897075e-01 0.000000000000000000e+00
3.275000000000000000e+04 1.310029410054751597e-01 2.763996358670914866e-01 2.718479745106964218e-01 2.891442876649977234e-01 1.626081019572143960e-01 0.000000000000000000e+00
3.300000000000000000e+04 1.320029634558985698e-01 2.703686845698680119e-01 2.534137460172963263e-01 3.170232134729176199e-01 1.591943559399180697e-01 0.000000000000000000e+00
3.325000000000000000e+04 1.330029859063219799e-01 2.754893035958124736e-01 2.567137005006827621e-01 3.190714610832954268e-01 1.487255348202093652e-01 0.000000000000000000e+00
3.350000000000000000e+04 1.340030083567456121e-01 2.629722348657259623e-01 2.595584888484296915e-01 3.365953573054164538e-01 1.408739189804278646e-01 0.000000000000000000e+00
3.375000000000000000e+04 1.350030308071690222e-01 2.757168866636321991e-01 2.394173873463814328e-01 3.405780609922621771e-01 1.442876649977241632e-01 0.000000000000000000e+00
3.400000000000000000e+04 1.360030532575924322e-01 2.720755575785161473e-01 2.287209831588529751e-01 3.478607191624943362e-01 1.513427401001365413e-01 0.000000000000000000e+00
3.425000000000000000e+04 1.370030757080160644e-01 2.771961766044606090e-01 2.082385070550751005e-01 3.370505234410559603e-01 1.775147928994082747e-01 0.000000000000000000e+00
3.450000000000000000e+04 1.380030981584394745e-01 2.870960400546199165e-01 2.110832954028220299e-01 3.370505234410559603e-01 1.647701411015020379e-01 0.000000000000000000e+00
3.475000000000000000e+04 1.390031206088628846e-01 2.856167501137915066e-01 2.059626763768775681e-01 3.453573054164770229e-01 1.630632680928539024e-01 0.000000000000000000e+00
3.500000000000000000e+04 1.400031430592865167e-01 2.940373236231224596e-01 1.886663632225762388e-01 3.372781065088757413e-01 1.800182066454255880e-01 0.000000000000000000e+00
3.525000000000000000e+04 1.410031655097099268e-01 2.890304961310878329e-01 1.763768775603095085e-01 3.373918980427856318e-01 1.972007282658170269e-01 0.000000000000000000e+00
3.550000000000000000e+04 1.420031879601333369e-01 2.924442421483841592e-01 1.619253527537551085e-01 3.264679107874374209e-01 2.191624943104233114e-01 0.000000000000000000e+00
3.575000000000000000e+04 1.430032104105567470e-01 3.090578060992262288e-01 1.523668639053254448e-01 3.236231224396904915e-01 2.149522075557578626e-01 0.000000000000000000e+00
3.600000000000000000e+04 1.440032328609803791e-01 3.107646791078743642e-01 1.425807919890760000e-01 3.279472007282658308e-01 2.187073281747838049e-01 0.000000000000000000e+00
3.625000000000000000e+04 1.450032553114037892e-01 3.026854802002730827e-01 1.279016841147018746e-01 3.362539827036868378e-01 2.331588529813381772e-01 0.000000000000000000e+00
3.650000000000000000e+04 1.460032777618271993e-01 2.999544833864360438e-01 1.037778789258079204e-01 3.255575785161584079e-01 2.707100591715976279e-01 0.000000000000000000e+00
3.675000000000000000e+04 1.470033002122508314e-01 3.067819754210286964e-01 9.308147473827947660e-02 3.352298588984979344e-01 2.649066909421938787e-01 0.000000000000000000e+00
3.700000000000000000e+04 1.480033226626742415e-01 2.918752844788347622e-01 7.931269913518433634e-02 3.567364588074647402e-01 2.720755575785161473e-01 0.000000000000000000e+00
3.725000000000000000e+04 1.490033451130976516e-01 2.872098315885298070e-01 7.760582612653618706e-02 3.702776513427400995e-01 2.649066909421938787e-01 0.000000000000000000e+00
3.750000000000000000e+04 1.500033675635210617e-01 2.765134274010013771e-01 8.113336367774237612e-02 4.000910332271279124e-01 2.422621756941283622e-01 0.000000000000000000e+00
3.775000000000000000e+04 1.510033900139446938e-01 2.867546654528903005e-01 7.248520710059171146e-02 4.156804733727810786e-01 2.250796540737369233e-01 0.000000000000000000e+00
3.800000000000000000e+04 1.520034124643681039e-01 2.666135639508420696e-01 7.737824305871643382e-02 4.227355484751934567e-01 2.332726445152480677e-01 0.000000000000000000e+00
3.825000000000000000e+04 1.530034349147915140e-01 2.568274920345926526e-01 8.602639963586708460e-02 4.581247155211652378e-01 1.990213928083750528e-01 0.000000000000000000e+00
3.850000000000000000e+04 1.540034573652151462e-01 2.702548930359581214e-01 9.217114246700044977e-02 4.749658625398270329e-01 1.626081019572143960e-01 0.000000000000000000e+00
3.875000000000000000e+04 1.550034798156385563e-01 2.543240782885753393e-01 8.796085571233500100e-02 4.853208921256258468e-01 1.723941738734638129e-01 0.000000000000000000e+00
3.900000000000000000e+04 1.560035022660619664e-01 2.375967228038234069e-01 9.410559854346836617e-02 5.114929449248976079e-01 1.568047337278106468e-01 0.000000000000000000e+00
3.925000000000000000e+04 1.570035247164853764e-01 2.494310423304506030e-01 9.444697314519799602e-02 5.259444697314519246e-01 1.301775147928994070e-01 0.000000000000000000e+00
3.950000000000000000e+04 1.580035471669090086e-01 2.472690031861629611e-01 9.296768320436959998e-02 5.241238051888938987e-01 1.356395084205735124e-01 0.000000000000000000e+00
3.975000000000000000e+04 1.590035696173324187e-01 2.448793809740555383e-01 9.126081019572143682e-02 5.344788347746927126e-01 1.293809740555302568e-01 0.000000000000000000e+00
4.000000000000000000e+04 1.600035920677558288e-01 2.435138825671370189e-01 9.774692762858443185e-02 5.425580336822940497e-01 1.161811561219845274e-01 0.000000000000000000e+00
4.025000000000000000e+04 1.610036145181794609e-01 2.356622667273554905e-01 1.061675011379153433e-01 5.524578971324533017e-01 1.057123350022758368e-01 0.000000000000000000e+00
4.050000000000000000e+04 1.620036369686028710e-01 2.315657715065999045e-01 1.021847974510696339e-01 5.689576695493855363e-01 9.729176149294492537e-02 0.000000000000000000e+00
4.075000000000000000e+04 1.630036594190262811e-01 2.347519344560764776e-01 1.059399180700955900e-01 5.834091943559399640e-01 7.589895311788802390e-02 0.000000000000000000e+00
4.100000000000000000e+04 1.640036818694496912e-01 2.224624487938097472e-01 1.140191169776968577e-01 6.007055075102412101e-01 6.281292671825215723e-02 0.000000000000000000e+00
4.125000000000000000e+04 1.650037043198733233e-01 2.179107874374146547e-01 1.143604915794264876e-01 6.017296313154301135e-01 6.599908966772871644e-02 0.000000000000000000e+00
4.150000000000000000e+04 1.660037267702967334e-01 2.236003641329085134e-01 1.181156121984524299e-01 5.960400546199362548e-01 6.224396904870277414e-02 0.000000000000000000e+00
4.175000000000000000e+04 1.670037492207201435e-01 2.141556668183887124e-01 1.251706873008648080e-01 5.991124260355029651e-01 6.156121984524351443e-02 0.000000000000000000e+00
4.200000000000000000e+04 1.680037716711437756e-01 2.107419208010923861e-01 1.341602184797451025e-01 6.026399635867091265e-01 5.245789713245334329e-02 0.000000000000000000e+00
4.225000000000000000e+04 1.690037941215671857e-01 2.124487938097405493e-01 1.310878470641784199e-01 6.075329995448338627e-01 4.893035958124715423e-02 0.000000000000000000e+00
4.250000000000000000e+04 1.700038165719905958e-01 2.127901684114701930e-01 1.302913063268092975e-01 6.091260810195721076e-01 4.779244424214838111e-02 0.000000000000000000e+00
4.275000000000000000e+04 1.710038390224140059e-01 2.131315430131998090e-01 1.326809285389166926e-01 6.061675011379152878e-01 4.802002730996814128e-02 0.000000000000000000e+00
4.300000000000000000e+04 1.720038614728376380e-01 2.117660446062812896e-01 1.299499317250796537e-01 6.070778334091943007e-01 5.120619025944470049e-02 0.000000000000000000e+00
4.325000000000000000e+04 1.730038839232610481e-01 2.108557123350022766e-01 1.280154756486117373e-01 6.043468365953572619e-01 5.678197542102867562e-02 0.000000000000000000e+00
4.350000000000000000e+04 1.740039063736844582e-01 2.066454255803368278e-01 1.284706417842512438e-01 6.124260355029585989e-01 5.245789713245334329e-02 0.000000000000000000e+00
4.375000000000000000e+04 1.750039288241080904e-01 2.150659990896677254e-01 1.256258534365043145e-01 6.060537096040055083e-01 5.325443786982248656e-02 0.000000000000000000e+00
4.400000000000000000e+04 1.760039512745315005e-01 2.206417842512516936e-01 1.251706873008648080e-01 6.084433318161128756e-01 4.574419663177059503e-02 0.000000000000000000e+00
4.425000000000000000e+04 1.770039737249549106e-01 2.215521165225307343e-01 1.202776513427400995e-01 6.010468821119708815e-01 5.712335002275830548e-02 0.000000000000000000e+00
4.450000000000000000e+04 1.780039961753785427e-01 2.174556213017751483e-01 1.232362312243969055e-01 6.069640418752845212e-01 5.234410559854346667e-02 0.000000000000000000e+00
4.475000000000000000e+04 1.790040186258019528e-01 2.176832043695949015e-01 1.191397360036413333e-01 6.079881656804734247e-01 5.518889394629039602e-02 0.000000000000000000e+00
4.500000000000000000e+04 1.800040410762253629e-01 2.177969959035047920e-01 1.151570323167956239e-01 6.115157032316795860e-01 5.553026854802002588e-02 0.000000000000000000e+00
4.525000000000000000e+04 1.810040635266487730e-01 2.212107419208010906e-01 1.093536640873919025e-01 6.195949021392808120e-01 4.984069185252617412e-02 0.000000000000000000e+00
4.550000000000000000e+04 1.820040859770724051e-01 2.257624032771961831e-01 1.142467000455166110e-01 6.144742831133364058e-01 4.551661356395084179e-02 0.000000000000000000e+00
4.575000000000000000e+04 1.830041084274958152e-01 2.097177969959035104e-01 1.230086481565771522e-01 6.286982248520710526e-01 3.857532999544834029e-02 0.000000000000000000e+00
4.600000000000000000e+04 1.840041308779192253e-01 2.118798361401911801e-01 1.248293126991351781e-01 6.322257624032772139e-01 3.106508875739644876e-02 0.000000000000000000e+00
4.625000000000000000e+04 1.850041533283428574e-01 2.064178425125170746e-01 1.259672280382339582e-01 6.310878470641784199e-01 3.652708238507055422e-02 0.000000000000000000e+00
4.650000000000000000e+04 1.860041757787662675e-01 2.117660446062812896e-01 1.256258534365043145e-01 6.315430131998179819e-01 3.106508875739644876e-02 0.000000000000000000e+00
4.675000000000000000e+04 1.870041982291896776e-01 2.041420118343195145e-01 1.281292671825216278e-01 6.307464724624487484e-01 3.698224852071006069e-02 0.000000000000000000e+00
4.700000000000000000e+04 1.880042206796130877e-01 2.047109695038689114e-01 1.269913518434228616e-01 6.364360491579426071e-01 3.186162949476559203e-02 0.000000000000000000e+00
4.725000000000000000e+04 1.890042431300367198e-01 2.058488848429676776e-01 1.260810195721438209e-01 6.315430131998179819e-01 3.652708238507055422e-02 0.000000000000000000e+00
4.750000000000000000e+04 1.900042655804601299e-01 2.031178880291306388e-01 1.261948111060537114e-01 6.370050068274920596e-01 3.368229403732362487e-02 0.000000000000000000e+00
4.775000000000000000e+04 1.910042880308835400e-01 2.088074647246244975e-01 1.261948111060537114e-01 6.332498862084661173e-01 3.174783796085571541e-02 0.000000000000000000e+00
4.800000000000000000e+04 1.920043104813071722e-01 2.053937187073281712e-01 1.268775603095129711e-01 6.383705052344105235e-01 2.935821574874829254e-02 0.000000000000000000e+00
4.825000000000000000e+04 1.930043329317305822e-01 2.159763313609467383e-01 1.239189804278561652e-01 6.342740100136550208e-01 2.583067819754210348e-02 0.000000000000000000e+00
4.850000000000000000e+04 1.940043553821539923e-01 2.093764223941738667e-01 1.248293126991351781e-01 6.335912608101956778e-01 3.220300409649522189e-02 0.000000000000000000e+00
4.875000000000000000e+04 1.950043778325774024e-01 2.086936731907146070e-01 1.252844788347746985e-01 6.325671370050067743e-01 3.345471096950387163e-02 0.000000000000000000e+00
4.900000000000000000e+04 1.960044002830010346e-01 2.027765134274009950e-01 1.266499772416932179e-01 6.428083750568958088e-01 2.776513427401001294e-02 0.000000000000000000e+00
4.925000000000000000e+04 1.970044227334244447e-01 2.011834319526627224e-01 1.297223486572599005e-01 6.415566681838871244e-01 2.753755120619025970e-02 0.000000000000000000e+00
4.950000000000000000e+04 1.980044451838478548e-01 2.121074192080109333e-01 1.248293126991351781e-01 6.315430131998179819e-01 3.152025489303595523e-02 0.000000000000000000e+00
4.975000000000000000e+04 1.990044676342714869e-01 2.040282203004096517e-01 1.240327719617660418e-01 6.371187983614019501e-01 3.482020937642239106e-02 0.000000000000000000e+00
5.000000000000000000e+04 2.000044900846948970e-01 2.099453800637232637e-01 1.224396904870277691e-01 6.366636322257623881e-01 3.095129722348657214e-02 0.000000000000000000e+00
5.025000000000000000e+04 2.010045125351183071e-01 2.073281747837960876e-01 1.194811106053709632e-01 6.399635867091488795e-01 3.322712790168411146e-02 0.000000000000000000e+00
5.050000000000000000e+04 2.020045349855417172e-01 2.131315430131998090e-01 1.205052344105598527e-01 6.373463814292216201e-01 2.901684114701866268e-02 0.000000000000000000e+00
5.075000000000000000e+04 2.030045574359653493e-01 2.101729631315430169e-01 1.206190259444697294e-01 6.400773782430587699e-01 2.913063268092853930e-02 0.000000000000000000e+00
5.100000000000000000e+04 2.040045798863887594e-01 2.149522075557578626e-01 1.206190259444697294e-01 6.384842967683204140e-01 2.594446973145198010e-02 0.000000000000000000e+00
5.125000000000000000e+04 2.050046023368121695e-01 2.091488393263541135e-01 1.230086481565771522e-01 6.393946290395994270e-01 2.844788347746927612e-02 0.000000000000000000e+00
5.150000000000000000e+04 2.060046247872358016e-01 2.149522075557578626e-01 1.220983158852981393e-01 6.371187983614019501e-01 2.583067819754210348e-02 0.000000000000000000e+00
5.175000000000000000e+04 2.070046472376592117e-01 2.124487938097405493e-01 1.228948566226672756e-01 6.405325443786982209e-01 2.412380518889394726e-02 0.000000000000000000e+00
5.200000000000000000e+04 2.080046696880826218e-01 2.116522530723714268e-01 1.234638142922166587e-01 6.426945835229859183e-01 2.218934911242603433e-02 0.000000000000000000e+00
5.225000000000000000e+04 2.090046921385060319e-01 2.163177059626763821e-01 1.230086481565771522e-01 6.379153390987710726e-01 2.275830678197542090e-02 0.000000000000000000e+00
5.250000000000000000e+04 2.100047145889296640e-01 2.168866636322257513e-01 1.225534820209376458e-01 6.392808375056895365e-01 2.127901684114701791e-02 0.000000000000000000e+00
5.275000000000000000e+04 2.110047370393530741e-01 2.198452435138825711e-01 1.232362312243969055e-01 6.364360491579426071e-01 2.048247610377787811e-02 0.000000000000000000e+00
5.300000000000000000e+04 2.120047594897764842e-01 2.184797451069640517e-01 1.232362312243969055e-01 6.357532999544833752e-01 2.253072371415566766e-02 0.000000000000000000e+00
5.325000000000000000e+04 2.130047819402001164e-01 2.204142011834319403e-01 1.234638142922166587e-01 6.331360946745562268e-01 2.298588984979517413e-02 0.000000000000000000e+00
5.350000000000000000e+04 2.140048043906235264e-01 2.175694128356850388e-01 1.241465634956759184e-01 6.322257624032772139e-01 2.605826126536185672e-02 0.000000000000000000e+00
5.375000000000000000e+04 2.150048268410469365e-01 2.203004096495220776e-01 1.246017296313154249e-01 6.313154301319982009e-01 2.378243058716431393e-02 0.000000000000000000e+00
5.400000000000000000e+04 2.160048492914705687e-01 2.203004096495220776e-01 1.256258534365043145e-01 6.273327264451524776e-01 2.674101046882111990e-02 0.000000000000000000e+00
5.425000000000000000e+04 2.170048717418939788e-01 2.239417387346381294e-01 1.281292671825216278e-01 6.173190714610833352e-01 3.060992262175694228e-02 0.000000000000000000e+00
5.450000000000000000e+04 2.180048941923173889e-01 2.091488393263541135e-01 1.430359581247155343e-01 6.124260355029585989e-01 3.538916704597178109e-02 0.000000000000000000e+00
5.475000000000000000e+04 2.190049166427407989e-01 1.462221210741920796e-01 1.603322712790168358e-01 6.709148839326354308e-01 2.253072371415566766e-02 0.000000000000000000e+00
5.500000000000000000e+04 2.200049390931644311e-01 4.107874374146563284e-02 2.133591260810195622e-01 7.365725989986344757e-01 8.989531178880291046e-03 0.000000000000000000e+00
5.525000000000000000e+04 2.210049615435878412e-01 3.083750568957669552e-02 2.155211652253072319e-01 7.457897132453344957e-01 7.851615839781519654e-03 0.000000000000000000e+00
5.550000000000000000e+04 2.220049839940112513e-01 6.827492034592626399e-04 2.303140646335912478e-01 7.690031861629494925e-01 0.000000000000000000e+00 0.000000000000000000e+00
5.575000000000000000e+04 2.230050064444348834e-01 2.275830678197542133e-04 2.305416477014110288e-01 7.692307692307692735e-01 0.000000000000000000e+00 0.000000000000000000e+00
5.600000000000000000e+04 2.240050288948582935e-01 4.551661356395084266e-04 2.307692307692307820e-01 7.687756030951297115e-01 0.000000000000000000e+00 0.000000000000000000e+00
5.625000000000000000e+04 2.250050513452817036e-01 0.000000000000000000e+00 2.307692307692307820e-01 7.692307692307692735e-01 0.000000000000000000e+00 0.000000000000000000e+00
5.650000000000000000e+04 2.260050737957051137e-01 6.827492034592626399e-04 2.305416477014110288e-01 7.687756030951297115e-01 0.000000000000000000e+00 0.000000000000000000e+00
5.675000000000000000e+04 2.270050962461287458e-01 0.000000000000000000e+00 2.307692307692307820e-01 7.692307692307692735e-01 0.000000000000000000e+00 0.000000000000000000e+00
