# itime ezz other fcc hcp bcc ico
0.000000000000000000e+00 0.000000000000000000e+00 0.000000000000000000e+00 1.000000000000000000e+00 0.000000000000000000e+00 0.000000000000000000e+00 0.000000000000000000e+00
3.000000000000000000e+00 1.200023778517467221e-03 0.000000000000000000e+00 1.000000000000000000e+00 0.000000000000000000e+00 0.000000000000000000e+00 0.000000000000000000e+00
6.000000000000000000e+00 2.400047557034712398e-03 0.000000000000000000e+00 1.000000000000000000e+00 0.000000000000000000e+00 0.000000000000000000e+00 0.000000000000000000e+00
9.000000000000000000e+00 3.600071335552179619e-03 0.000000000000000000e+00 1.000000000000000000e+00 0.000000000000000000e+00 0.000000000000000000e+00 0.000000000000000000e+00
1.200000000000000000e+01 4.800095114069424795e-03 0.000000000000000000e+00 1.000000000000000000e+00 0.000000000000000000e+00 0.000000000000000000e+00 0.000000000000000000e+00
1.500000000000000000e+01 6.000118892586892017e-03 0.000000000000000000e+00 1.000000000000000000e+00 0.000000000000000000e+00 0.000000000000000000e+00 0.000000000000000000e+00
1.800000000000000000e+01 7.200142671104359238e-03 0.000000000000000000e+00 1.000000000000000000e+00 0.000000000000000000e+00 0.000000000000000000e+00 0.000000000000000000e+00
2.100000000000000000e+01 8.400166449621604414e-03 0.000000000000000000e+00 1.000000000000000000e+00 0.000000000000000000e+00 0.000000000000000000e+00 0.000000000000000000e+00
2.400000000000000000e+01 9.600190228139071635e-03 0.000000000000000000e+00 1.000000000000000000e+00 0.000000000000000000e+00 0.000000000000000000e+00 0.000000000000000000e+00
2.700000000000000000e+01 1.080021400665653886e-02 0.000000000000000000e+00 1.000000000000000000e+00 0.000000000000000000e+00 0.000000000000000000e+00 0.000000000000000000e+00
3.000000000000000000e+01 1.200023778517378403e-02 0.000000000000000000e+00 1.000000000000000000e+00 0.000000000000000000e+00 0.000000000000000000e+00 0.000000000000000000e+00
3.300000000000000000e+01 1.320026156369125125e-02 0.000000000000000000e+00 1.000000000000000000e+00 0.000000000000000000e+00 0.000000000000000000e+00 0.000000000000000000e+00
3.600000000000000000e+01 1.440028534220849643e-02 0.000000000000000000e+00 1.000000000000000000e+00 0.000000000000000000e+00 0.000000000000000000e+00 0.000000000000000000e+00
3.900000000000000000e+01 1.560030912072596365e-02 0.000000000000000000e+00 1.000000000000000000e+00 0.000000000000000000e+00 0.000000000000000000e+00 0.000000000000000000e+00
4.200000000000000000e+01 1.680033289924343087e-02 0.000000000000000000e+00 1.000000000000000000e+00 0.000000000000000000e+00 0.000000000000000000e+00 0.000000000000000000e+00
4.500000000000000000e+01 1.800035667776067605e-02 0.000000000000000000e+00 1.000000000000000000e+00 0.000000000000000000e+00 0.000000000000000000e+00 0.000000000000000000e+00
4.800000000000000000e+01 1.920038045627814327e-02 0.000000000000000000e+00 1.000000000000000000e+00 0.000000000000000000e+00 0.000000000000000000e+00 0.000000000000000000e+00
5.100000000000000000e+01 2.040040423479538845e-02 0.000000000000000000e+00 1.000000000000000000e+00 0.000000000000000000e+00 0.000000000000000000e+00 0.000000000000000000e+00
5.400000000000000000e+01 2.160042801331285567e-02 0.000000000000000000e+00 1.000000000000000000e+00 0.000000000000000000e+00 0.000000000000000000e+00 0.000000000000000000e+00
5.700000000000000000e+01 2.280045179183032289e-02 0.000000000000000000e+00 1.000000000000000000e+00 0.000000000000000000e+00 0.000000000000000000e+00 0.000000000000000000e+00
6.000000000000000000e+01 2.400047557034756807e-02 0.000000000000000000e+00 1.000000000000000000e+00 0.000000000000000000e+00 0.000000000000000000e+00 0.000000000000000000e+00
6.300000000000000000e+01 2.520049934886503529e-02 0.000000000000000000e+00 1.000000000000000000e+00 0.000000000000000000e+00 0.000000000000000000e+00 0.000000000000000000e+00
6.600000000000000000e+01 2.640052312738250251e-02 0.000000000000000000e+00 1.000000000000000000e+00 0.000000000000000000e+00 0.000000000000000000e+00 0.000000000000000000e+00
6.900000000000000000e+01 2.760054690589974768e-02 0.000000000000000000e+00 1.000000000000000000e+00 0.000000000000000000e+00 0.000000000000000000e+00 0.000000000000000000e+00
7.200000000000000000e+01 2.880057068441721491e-02 0.000000000000000000e+00 1.000000000000000000e+00 0.000000000000000000e+00 0.000000000000000000e+00 0.000000000000000000e+00
7.500000000000000000e+01 3.000059446293446008e-02 0.000000000000000000e+00 1.000000000000000000e+00 0.000000000000000000e+00 0.000000000000000000e+00 0.000000000000000000e+00
7.800000000000000000e+01 3.120061824145192730e-02 0.000000000000000000e+00 1.000000000000000000e+00 0.000000000000000000e+00 0.000000000000000000e+00 0.000000000000000000e+00
8.100000000000000000e+01 3.240064201996939452e-02 0.000000000000000000e+00 1.000000000000000000e+00 0.000000000000000000e+00 0.000000000000000000e+00 0.000000000000000000e+00
8.400000000000000000e+01 3.360066579848663970e-02 0.000000000000000000e+00 1.000000000000000000e+00 0.000000000000000000e+00 0.000000000000000000e+00 0.000000000000000000e+00
8.700000000000000000e+01 3.480068957700410692e-02 0.000000000000000000e+00 1.000000000000000000e+00 0.000000000000000000e+00 0.000000000000000000e+00 0.000000000000000000e+00
9.000000000000000000e+01 3.600071335552135210e-02 0.000000000000000000e+00 1.000000000000000000e+00 0.000000000000000000e+00 0.000000000000000000e+00 0.000000000000000000e+00
9.300000000000000000e+01 3.720073713403881932e-02 0.000000000000000000e+00 1.000000000000000000e+00 0.000000000000000000e+00 0.000000000000000000e+00 0.000000000000000000e+00
9.600000000000000000e+01 3.840076091255628654e-02 0.000000000000000000e+00 1.000000000000000000e+00 0.000000000000000000e+00 0.000000000000000000e+00 0.000000000000000000e+00
9.900000000000000000e+01 3.960078469107353172e-02 0.000000000000000000e+00 1.000000000000000000e+00 0.000000000000000000e+00 0.000000000000000000e+00 0.000000000000000000e+00
1.020000000000000000e+02 4.080080846959099894e-02 0.000000000000000000e+00 1.000000000000000000e+00 0.000000000000000000e+00 0.000000000000000000e+00 0.000000000000000000e+00
1.050000000000000000e+02 4.200083224810846616e-02 0.000000000000000000e+00 1.000000000000000000e+00 0.000000000000000000e+00 0.000000000000000000e+00 0.000000000000000000e+00
1.080000000000000000e+02 4.320085602662571134e-02 0.000000000000000000e+00 1.000000000000000000e+00 0.000000000000000000e+00 0.000000000000000000e+00 0.000000000000000000e+00
1.110000000000000000e+02 4.440087980514317856e-02 0.000000000000000000e+00 1.000000000000000000e+00 0.000000000000000000e+00 0.000000000000000000e+00 0.000000000000000000e+00
1.140000000000000000e+02 4.560090358366042373e-02 0.000000000000000000e+00 1.000000000000000000e+00 0.000000000000000000e+00 0.000000000000000000e+00 0.000000000000000000e+00
1.170000000000000000e+02 4.680092736217789096e-02 0.000000000000000000e+00 1.000000000000000000e+00 0.000000000000000000e+00 0.000000000000000000e+00 0.000000000000000000e+00
1.200000000000000000e+02 4.800095114069535818e-02 0.000000000000000000e+00 1.000000000000000000e+00 0.000000000000000000e+00 0.000000000000000000e+00 0.000000000000000000e+00
1.230000000000000000e+02 4.920097491921260335e-02 0.000000000000000000e+00 1.000000000000000000e+00 0.000000000000000000e+00 0.000000000000000000e+00 0.000000000000000000e+00
1.260000000000000000e+02 5.040099869773007057e-02 0.000000000000000000e+00 1.000000000000000000e+00 0.000000000000000000e+00 0.000000000000000000e+00 0.000000000000000000e+00
1.290000000000000000e+02 5.160102247624731575e-02 0.000000000000000000e+00 1.000000000000000000e+00 0.000000000000000000e+00 0.000000000000000000e+00 0.000000000000000000e+00
1.320000000000000000e+02 5.280104625476478297e-02 0.000000000000000000e+00 1.000000000000000000e+00 0.000000000000000000e+00 0.000000000000000000e+00 0.000000000000000000e+00
1.350000000000000000e+02 5.400107003328225019e-02 0.000000000000000000e+00 1.000000000000000000e+00 0.000000000000000000e+00 0.000000000000000000e+00 0.000000000000000000e+00
1.380000000000000000e+02 5.520109381179949537e-02 0.000000000000000000e+00 1.000000000000000000e+00 0.000000000000000000e+00 0.000000000000000000e+00 0.000000000000000000e+00
1.410000000000000000e+02 5.640111759031696259e-02 0.000000000000000000e+00 1.000000000000000000e+00 0.000000000000000000e+00 0.000000000000000000e+00 0.000000000000000000e+00
1.440000000000000000e+02 5.760114136883442981e-02 0.000000000000000000e+00 1.000000000000000000e+00 0.000000000000000000e+00 0.000000000000000000e+00 0.000000000000000000e+00
1.470000000000000000e+02 5.880116514735167499e-02 0.000000000000000000e+00 1.000000000000000000e+00 0.000000000000000000e+00 0.000000000000000000e+00 0.000000000000000000e+00
1.500000000000000000e+02 6.000118892586914221e-02 0.000000000000000000e+00 1.000000000000000000e+00 0.000000000000000000e+00 0.000000000000000000e+00 0.000000000000000000e+00
1.530000000000000000e+02 6.120121270438638739e-02 0.000000000000000000e+00 1.000000000000000000e+00 0.000000000000000000e+00 0.000000000000000000e+00 0.000000000000000000e+00
1.560000000000000000e+02 6.240123648290385461e-02 0.000000000000000000e+00 1.000000000000000000e+00 0.000000000000000000e+00 0.000000000000000000e+00 0.000000000000000000e+00
1.590000000000000000e+02 6.360126026142132183e-02 0.000000000000000000e+00 1.000000000000000000e+00 0.000000000000000000e+00 0.000000000000000000e+00 0.000000000000000000e+00
1.620000000000000000e+02 6.480128403993856701e-02 0.000000000000000000e+00 1.000000000000000000e+00 0.000000000000000000e+00 0.000000000000000000e+00 0.000000000000000000e+00
1.650000000000000000e+02 6.600130781845603423e-02 2.275830678197542133e-04 9.997724169321802190e-01 0.000000000000000000e+00 0.000000000000000000e+00 0.000000000000000000e+00
1.680000000000000000e+02 6.720133159697327940e-02 4.551661356395084266e-04 9.995448338643604380e-01 0.000000000000000000e+00 0.000000000000000000e+00 0.000000000000000000e+00
1.710000000000000000e+02 6.840135537549074662e-02 2.275830678197542133e-04 9.996586253982703285e-01 0.000000000000000000e+00 1.137915339098771066e-04 0.000000000000000000e+00
1.740000000000000000e+02 6.960137915400821385e-02 0.000000000000000000e+00 1.000000000000000000e+00 0.000000000000000000e+00 0.000000000000000000e+00 0.000000000000000000e+00
1.770000000000000000e+02 7.080140293252545902e-02 0.000000000000000000e+00 1.000000000000000000e+00 0.000000000000000000e+00 0.000000000000000000e+00 0.000000000000000000e+00
1.800000000000000000e+02 7.200142671104292624e-02 1.137915339098771066e-04 9.998862084660901095e-01 0.000000000000000000e+00 0.000000000000000000e+00 0.000000000000000000e+00
1.830000000000000000e+02 7.320145048956039346e-02 2.275830678197542133e-04 9.997724169321802190e-01 0.000000000000000000e+00 0.000000000000000000e+00 0.000000000000000000e+00
1.860000000000000000e+02 7.440147426807763864e-02 1.137915339098771066e-04 9.998862084660901095e-01 0.000000000000000000e+00 0.000000000000000000e+00 0.000000000000000000e+00
1.890000000000000000e+02 7.560149804659510586e-02 0.000000000000000000e+00 1.000000000000000000e+00 0.000000000000000000e+00 0.000000000000000000e+00 0.000000000000000000e+00
1.920000000000000000e+02 7.680152182511235104e-02 0.000000000000000000e+00 1.000000000000000000e+00 0.000000000000000000e+00 0.000000000000000000e+00 0.000000000000000000e+00
1.950000000000000000e+02 7.800154560362981826e-02 0.000000000000000000e+00 1.000000000000000000e+00 0.000000000000000000e+00 0.000000000000000000e+00 0.000000000000000000e+00
1.980000000000000000e+02 7.920156938214728548e-02 0.000000000000000000e+00 1.000000000000000000e+00 0.000000000000000000e+00 0.000000000000000000e+00 0.000000000000000000e+00
2.010000000000000000e+02 8.040159316066453066e-02 0.000000000000000000e+00 1.000000000000000000e+00 0.000000000000000000e+00 0.000000000000000000e+00 0.000000000000000000e+00
2.040000000000000000e+02 8.160161693918199788e-02 0.000000000000000000e+00 1.000000000000000000e+00 0.000000000000000000e+00 0.000000000000000000e+00 0.000000000000000000e+00
2.070000000000000000e+02 8.280164071769924305e-02 0.000000000000000000e+00 1.000000000000000000e+00 0.000000000000000000e+00 0.000000000000000000e+00 0.000000000000000000e+00
2.100000000000000000e+02 8.400166449621671028e-02 0.000000000000000000e+00 1.000000000000000000e+00 0.000000000000000000e+00 0.000000000000000000e+00 0.000000000000000000e+00
2.130000000000000000e+02 8.520168827473417750e-02 0.000000000000000000e+00 1.000000000000000000e+00 0.000000000000000000e+00 0.000000000000000000e+00 0.000000000000000000e+00
2.160000000000000000e+02 8.640171205325142267e-02 2.275830678197542133e-04 9.997724169321802190e-01 0.000000000000000000e+00 0.000000000000000000e+00 0.000000000000000000e+00
2.190000000000000000e+02 8.760173583176888989e-02 0.000000000000000000e+00 1.000000000000000000e+00 0.000000000000000000e+00 0.000000000000000000e+00 0.000000000000000000e+00
2.220000000000000000e+02 8.880175961028635712e-02 1.137915339098771066e-04 9.998862084660901095e-01 0.000000000000000000e+00 0.000000000000000000e+00 0.000000000000000000e+00
2.250000000000000000e+02 9.000178338880360229e-02 0.000000000000000000e+00 1.000000000000000000e+00 0.000000000000000000e+00 0.000000000000000000e+00 0.000000000000000000e+00
2.280000000000000000e+02 9.120180716732106951e-02 0.000000000000000000e+00 1.000000000000000000e+00 0.000000000000000000e+00 0.000000000000000000e+00 0.000000000000000000e+00
2.310000000000000000e+02 9.240183094583831469e-02 9.103322712790168532e-04 9.990896677287209870e-01 0.000000000000000000e+00 0.000000000000000000e+00 0.000000000000000000e+00
2.340000000000000000e+02 9.360185472435578191e-02 1.251706873008648227e-03 9.987482931269913156e-01 0.000000000000000000e+00 0.000000000000000000e+00 0.000000000000000000e+00
2.370000000000000000e+02 9.480187850287324913e-02 9.103322712790168532e-04 9.990896677287209870e-01 0.000000000000000000e+00 0.000000000000000000e+00 0.000000000000000000e+00
2.400000000000000000e+02 9.600190228139049431e-02 4.551661356395084266e-04 9.995448338643604380e-01 0.000000000000000000e+00 0.000000000000000000e+00 0.000000000000000000e+00
2.430000000000000000e+02 9.720192605990796153e-02 4.551661356395084266e-04 9.995448338643604380e-01 0.000000000000000000e+00 0.000000000000000000e+00 0.000000000000000000e+00
2.460000000000000000e+02 9.840194983842520671e-02 1.137915339098771066e-04 9.998862084660901095e-01 0.000000000000000000e+00 0.000000000000000000e+00 0.000000000000000000e+00
2.490000000000000000e+02 9.960197361694267393e-02 1.137915339098771066e-04 9.998862084660901095e-01 0.000000000000000000e+00 0.000000000000000000e+00 0.000000000000000000e+00
2.520000000000000000e+02 1.008019973954601411e-01 6.827492034592626399e-04 9.993172507965407680e-01 0.000000000000000000e+00 0.000000000000000000e+00 0.000000000000000000e+00
2.550000000000000000e+02 1.020020211739773863e-01 6.827492034592626399e-04 9.993172507965407680e-01 0.000000000000000000e+00 0.000000000000000000e+00 0.000000000000000000e+00
2.580000000000000000e+02 1.032020449524948535e-01 5.689576695493854790e-04 9.994310423304506585e-01 0.000000000000000000e+00 0.000000000000000000e+00 0.000000000000000000e+00
2.610000000000000000e+02 1.044020687310123208e-01 1.024123805188893906e-03 9.989758761948110966e-01 0.000000000000000000e+00 0.000000000000000000e+00 0.000000000000000000e+00
2.640000000000000000e+02 1.056020925095295659e-01 1.024123805188893906e-03 9.989758761948110966e-01 0.000000000000000000e+00 0.000000000000000000e+00 0.000000000000000000e+00
2.670000000000000000e+02 1.068021162880470332e-01 1.934456076467910759e-03 9.979517523896221931e-01 0.000000000000000000e+00 1.137915339098771066e-04 0.000000000000000000e+00
2.700000000000000000e+02 1.080021400665642783e-01 1.479289940828402332e-03 9.981793354574419741e-01 0.000000000000000000e+00 3.413746017296313199e-04 0.000000000000000000e+00
2.730000000000000000e+02 1.092021638450817456e-01 2.275830678197541916e-03 9.972690031861629611e-01 0.000000000000000000e+00 4.551661356395084266e-04 0.000000000000000000e+00
2.760000000000000000e+02 1.104021876235992128e-01 1.593081474738279385e-03 9.982931269913518646e-01 0.000000000000000000e+00 1.137915339098771066e-04 0.000000000000000000e+00
2.790000000000000000e+02 1.116022114021164580e-01 3.299954483386436255e-03 9.964724624487938387e-01 0.000000000000000000e+00 2.275830678197542133e-04 0.000000000000000000e+00
2.820000000000000000e+02 1.128022351806339252e-01 2.503413746017296455e-03 9.974965862539827421e-01 0.000000000000000000e+00 0.000000000000000000e+00 0.000000000000000000e+00
2.850000000000000000e+02 1.140022589591511704e-01 2.048247610377787811e-03 9.979517523896221931e-01 0.000000000000000000e+00 0.000000000000000000e+00 0.000000000000000000e+00
2.880000000000000000e+02 1.152022827376686376e-01 2.617205279927173507e-03 9.973827947200728516e-01 0.000000000000000000e+00 0.000000000000000000e+00 0.000000000000000000e+00
2.910000000000000000e+02 1.164023065161861048e-01 3.641329085116067413e-03 9.963586709148839482e-01 0.000000000000000000e+00 0.000000000000000000e+00 0.000000000000000000e+00
2.940000000000000000e+02 1.176023302947033500e-01 5.348202093764223633e-03 9.946517979062358128e-01 0.000000000000000000e+00 0.000000000000000000e+00 0.000000000000000000e+00
2.970000000000000000e+02 1.188023540732208172e-01 6.144742831133363434e-03 9.937414656349567998e-01 0.000000000000000000e+00 1.137915339098771066e-04 0.000000000000000000e+00
3.000000000000000000e+02 1.200023778517382844e-01 6.713700500682749130e-03 9.932862994993172379e-01 0.000000000000000000e+00 0.000000000000000000e+00 0.000000000000000000e+00
3.030000000000000000e+02 1.212024016302555296e-01 4.324078288575329727e-03 9.955621301775148257e-01 0.000000000000000000e+00 1.137915339098771066e-04 0.000000000000000000e+00
3.060000000000000000e+02 1.224024254087729968e-01 5.575785161583977738e-03 9.941966317705962508e-01 0.000000000000000000e+00 2.275830678197542133e-04 0.000000000000000000e+00
3.090000000000000000e+02 1.236024491872902420e-01 7.168866636322257339e-03 9.926035502958580059e-01 0.000000000000000000e+00 2.275830678197542133e-04 0.000000000000000000e+00
3.120000000000000000e+02 1.248024729658077092e-01 6.372325898953117539e-03 9.934000910332271284e-01 0.000000000000000000e+00 2.275830678197542133e-04 0.000000000000000000e+00
3.150000000000000000e+02 1.260024967443251764e-01 7.624032771961766417e-03 9.920345926263085534e-01 0.000000000000000000e+00 3.413746017296313199e-04 0.000000000000000000e+00
3.180000000000000000e+02 1.272025205228424216e-01 9.786071916249430847e-03 9.897587619481110766e-01 0.000000000000000000e+00 4.551661356395084266e-04 0.000000000000000000e+00
3.210000000000000000e+02 1.284025443013598888e-01 1.206190259444697363e-02 9.874829312699134887e-01 0.000000000000000000e+00 4.551661356395084266e-04 0.000000000000000000e+00
3.240000000000000000e+02 1.296025680798771340e-01 1.342740100136549826e-02 9.861174328629950248e-01 0.000000000000000000e+00 4.551661356395084266e-04 0.000000000000000000e+00
3.270000000000000000e+02 1.308025918583946012e-01 1.581702321347291593e-02 9.837278106508875464e-01 0.000000000000000000e+00 4.551661356395084266e-04 0.000000000000000000e+00
3.300000000000000000e+02 1.320026156369120685e-01 1.581702321347291593e-02 9.839553937187073274e-01 0.000000000000000000e+00 2.275830678197542133e-04 0.000000000000000000e+00
3.330000000000000000e+02 1.332026394154293136e-01 1.604460628129267263e-02 9.836140191169776559e-01 0.000000000000000000e+00 3.413746017296313199e-04 0.000000000000000000e+00
3.360000000000000000e+02 1.344026631939467809e-01 1.900318616294947513e-02 9.805416477014110566e-01 0.000000000000000000e+00 4.551661356395084266e-04 0.000000000000000000e+00
3.390000000000000000e+02 1.356026869724642481e-01 2.184797451069640448e-02 9.779244424214837972e-01 0.000000000000000000e+00 2.275830678197542133e-04 0.000000000000000000e+00
3.420000000000000000e+02 1.368027107509814932e-01 2.776513427401001294e-02 9.716659080564405970e-01 0.000000000000000000e+00 5.689576695493854790e-04 0.000000000000000000e+00
3.450000000000000000e+02 1.380027345294989605e-01 3.584433318161128756e-02 9.627901684114701375e-01 0.000000000000000000e+00 1.365498406918525280e-03 0.000000000000000000e+00
3.480000000000000000e+02 1.392027583080162056e-01 4.631315430131998506e-02 9.518661811561219821e-01 0.000000000000000000e+00 1.820664542558033706e-03 0.000000000000000000e+00
3.510000000000000000e+02 1.404027820865336729e-01 5.382339553937186966e-02 9.439007737824305355e-01 0.000000000000000000e+00 2.275830678197541916e-03 0.000000000000000000e+00
3.540000000000000000e+02 1.416028058650511401e-01 5.678197542102867562e-02 9.401456531634045932e-01 0.000000000000000000e+00 3.072371415566681717e-03 0.000000000000000000e+00
3.570000000000000000e+02 1.428028296435683853e-01 6.201638598088302090e-02 9.345698680018206250e-01 0.000000000000000000e+00 3.413746017296313308e-03 0.000000000000000000e+00
3.600000000000000000e+02 1.440028534220858525e-01 8.056440600819299303e-02 9.153390987710514626e-01 0.000000000000000000e+00 4.096495220755575623e-03 0.000000000000000000e+00
3.630000000000000000e+02 1.452028772006030977e-01 9.296768320436959998e-02 9.007737824305871444e-01 0.000000000000000000e+00 6.258534365043240920e-03 0.000000000000000000e+00
3.660000000000000000e+02 1.464029009791205649e-01 1.099226217569412856e-01 8.834774692762858983e-01 0.000000000000000000e+00 6.599908966772872511e-03 0.000000000000000000e+00
3.690000000000000000e+02 1.476029247576380321e-01 1.246017296313154249e-01 8.637915339098770628e-01 0.000000000000000000e+00 1.160673645880746542e-02 0.000000000000000000e+00
3.720000000000000000e+02 1.488029485361552773e-01 1.457669549385525731e-01 8.419435593991807520e-01 0.000000000000000000e+00 1.228948566226672687e-02 0.000000000000000000e+00
3.750000000000000000e+02 1.500029723146727445e-01 1.715976331360946627e-01 8.122439690487027741e-01 0.000000000000000000e+00 1.615839781520254925e-02 0.000000000000000000e+00
3.780000000000000000e+02 1.512029960931902117e-01 2.065316340464269373e-01 7.742375967228037892e-01 0.000000000000000000e+00 1.923076923076923184e-02 0.000000000000000000e+00
3.810000000000000000e+02 1.524030198717074569e-01 2.503413746017296160e-01 7.237141556668184039e-01 0.000000000000000000e+00 2.594446973145198010e-02 0.000000000000000000e+00
3.840000000000000000e+02 1.536030436502249241e-01 2.990441511151570309e-01 6.680700955848885014e-01 0.000000000000000000e+00 3.288575329995448160e-02 0.000000000000000000e+00
3.870000000000000000e+02 1.548030674287421693e-01 3.392125625853436577e-01 6.189121529358215801e-01 0.000000000000000000e+00 4.187528447883477611e-02 0.000000000000000000e+00
3.900000000000000000e+02 1.560030912072596365e-01 3.862084660901228816e-01 5.624715521165225551e-01 0.000000000000000000e+00 5.131998179335457710e-02 0.000000000000000000e+00
3.930000000000000000e+02 1.572031149857771037e-01 4.343422849340008995e-01 5.036413290851160518e-01 0.000000000000000000e+00 6.201638598088302090e-02 0.000000000000000000e+00
3.960000000000000000e+02 1.584031387642943489e-01 4.824761037778789174e-01 4.442421483841602070e-01 1.137915339098771066e-04 7.316795630405098505e-02 0.000000000000000000e+00
3.990000000000000000e+02 1.596031625428118161e-01 5.270823850705507185e-01 3.874601729631315661e-01 1.137915339098771066e-04 8.534365043240782489e-02 0.000000000000000000e+00
4.020000000000000000e+02 1.608031863213290613e-01 5.730541647701411501e-01 3.265817023213473114e-01 3.413746017296313199e-04 1.000227583067819781e-01 0.000000000000000000e+00
4.050000000000000000e+02 1.620032100998465285e-01 6.154984069185253093e-01 2.693445607646791085e-01 3.413746017296313199e-04 1.148156577150659940e-01 0.000000000000000000e+00
4.080000000000000000e+02 1.632032338783639958e-01 6.522530723714156098e-01 2.137005006827492060e-01 5.689576695493854790e-04 1.334774692762858428e-01 0.000000000000000000e+00
4.110000000000000000e+02 1.644032576568812409e-01 6.807009558488847922e-01 1.726217569412835662e-01 4.551661356395084266e-04 1.462221210741920796e-01 0.000000000000000000e+00
4.140000000000000000e+02 1.656032814353987082e-01 7.060764679107874864e-01 1.330223031406463363e-01 6.827492034592626399e-04 1.602184797451069731e-01 0.000000000000000000e+00
4.170000000000000000e+02 1.668033052139161754e-01 7.253072371415566488e-01 1.050295857988165632e-01 1.024123805188893906e-03 1.686390532544378706e-01 0.000000000000000000e+00
4.200000000000000000e+02 1.680033289924334206e-01 7.403277196176604180e-01 8.249886208466089554e-02 1.820664542558033706e-03 1.753527537551206328e-01 0.000000000000000000e+00
4.230000000000000000e+02 1.692033527709508878e-01 7.543240782885752838e-01 6.065088757396449454e-02 2.162039144287664864e-03 1.828629949931725174e-01 0.000000000000000000e+00
4.260000000000000000e+02 1.704033765494681329e-01 7.625170687300865113e-01 4.574419663177059503e-02 2.275830678197541916e-03 1.894629039599453890e-01 0.000000000000000000e+00
4.290000000000000000e+02 1.716034003279856002e-01 7.734410559854346667e-01 3.197542102867546865e-02 2.162039144287664864e-03 1.924214838416021811e-01 0.000000000000000000e+00
4.320000000000000000e+02 1.728034241065030674e-01 7.789030496131087444e-01 2.548930359581247015e-02 2.958579881656804664e-03 1.926490669094219343e-01 0.000000000000000000e+00
4.350000000000000000e+02 1.740034478850203126e-01 7.808375056895766608e-01 2.105143377332726468e-02 3.413746017296313308e-03 1.946973145197997135e-01 0.000000000000000000e+00
4.380000000000000000e+02 1.752034716635377798e-01 7.816340464269457833e-01 1.866181156121984527e-02 3.299954483386436255e-03 1.964041875284478766e-01 0.000000000000000000e+00
4.410000000000000000e+02 1.764034954420550250e-01 7.816340464269457833e-01 1.627218934911242587e-02 3.868912152935821518e-03 1.982248520710059303e-01 0.000000000000000000e+00
4.440000000000000000e+02 1.776035192205724922e-01 7.800409649522075384e-01 1.502048247610377786e-02 4.437869822485207214e-03 2.005006827492034627e-01 0.000000000000000000e+00
4.470000000000000000e+02 1.788035429990899594e-01 7.773099681383704995e-01 1.649977241693217911e-02 5.120619025944469528e-03 2.010696404187528319e-01 0.000000000000000000e+00
4.500000000000000000e+02 1.800035667776072046e-01 7.733272644515247762e-01 1.786527082385070547e-02 6.599908966772872511e-03 2.022075557578516258e-01 0.000000000000000000e+00
4.530000000000000000e+02 1.812035905561246718e-01 7.729858898497952158e-01 1.820664542558033533e-02 7.737824305871643035e-03 2.010696404187528319e-01 0.000000000000000000e+00
4.560000000000000000e+02 1.824036143346421390e-01 7.688893946290396020e-01 1.752389622212107562e-02 8.989531178880291046e-03 2.045971779699590487e-01 0.000000000000000000e+00
4.590000000000000000e+02 1.836036381131593842e-01 7.679790623577605890e-01 1.763768775603095224e-02 1.001365498406918582e-02 2.043695949021392677e-01 0.000000000000000000e+00
4.620000000000000000e+02 1.848036618916768514e-01 7.657032316795630011e-01 2.116522530723714129e-02 1.263086026399635846e-02 2.005006827492034627e-01 0.000000000000000000e+00
4.650000000000000000e+02 1.860036856701940966e-01 7.644515248065544277e-01 2.173418297678652786e-02 1.456531634046426965e-02 1.992489758761948060e-01 0.000000000000000000e+00
4.680000000000000000e+02 1.872037094487115638e-01 7.592171142467000200e-01 2.321347291761493084e-02 1.775147928994082885e-02 1.998179335457442030e-01 0.000000000000000000e+00
4.710000000000000000e+02 1.884037332272290310e-01 7.556895766954938587e-01 2.583067819754210348e-02 1.888939462903959851e-02 1.995903504779244497e-01 0.000000000000000000e+00
4.740000000000000000e+02 1.896037570057462762e-01 7.534137460172962708e-01 2.787892580791988956e-02 2.127901684114701791e-02 1.974283113336367801e-01 0.000000000000000000e+00
4.770000000000000000e+02 1.908037807842637434e-01 7.540964952207556138e-01 2.981338188438780248e-02 2.457897132453345374e-02 1.915111515703231682e-01 0.000000000000000000e+00
4.800000000000000000e+02 1.920038045627809886e-01 7.515930814747382449e-01 3.072371415566681890e-02 2.560309512972235024e-02 1.920801092398725651e-01 0.000000000000000000e+00
4.830000000000000000e+02 1.932038283412984558e-01 7.548930359581247362e-01 3.220300409649522189e-02 2.856167501137915274e-02 1.843422849340008995e-01 0.000000000000000000e+00
4.860000000000000000e+02 1.944038521198159231e-01 7.558033682294037492e-01 3.220300409649522189e-02 3.106508875739644876e-02 1.809285389167046010e-01 0.000000000000000000e+00
4.890000000000000000e+02 1.956038758983331682e-01 7.595584888484296915e-01 3.379608557123350149e-02 3.516158397815202785e-02 1.714838416021848000e-01 0.000000000000000000e+00
4.920000000000000000e+02 1.968038996768506355e-01 7.600136549840691425e-01 3.470641784251251444e-02 3.937187073281747662e-02 1.659080564406008318e-01 0.000000000000000000e+00
4.950000000000000000e+02 1.980039234553681027e-01 7.621756941283568398e-01 3.425125170687300796e-02 4.210286754665452935e-02 1.614701866181156020e-01 0.000000000000000000e+00
4.980000000000000000e+02 1.992039472338853479e-01 7.622894856622667303e-01 3.413746017296313134e-02 4.585798816568047165e-02 1.577150659990896597e-01 0.000000000000000000e+00
5.010000000000000000e+02 2.004039710124028151e-01 7.604688211197087044e-01 3.436504324078288458e-02 4.824761037778789452e-02 1.569185252617205373e-01 0.000000000000000000e+00
5.040000000000000000e+02 2.016039947909200603e-01 7.685480200273099305e-01 3.493400091033227461e-02 4.893035958124715423e-02 1.475876194811105990e-01 0.000000000000000000e+00
5.070000000000000000e+02 2.028040185694375275e-01 7.785616750113791840e-01 3.550295857988165771e-02 4.699590350477924477e-02 1.389394629039599482e-01 0.000000000000000000e+00
5.100000000000000000e+02 2.040040423479549947e-01 7.852753755120619461e-01 3.470641784251251444e-02 4.847519344560764776e-02 1.315430131998179264e-01 0.000000000000000000e+00
5.130000000000000000e+02 2.052040661264722399e-01 7.850477924442421651e-01 3.561675011379153433e-02 5.040964952207555722e-02 1.289258079198907503e-01 0.000000000000000000e+00
5.160000000000000000e+02 2.064040899049897071e-01 7.883477469276285454e-01 3.516158397815202785e-02 5.211652253072371344e-02 1.243741465634956717e-01 0.000000000000000000e+00
5.190000000000000000e+02 2.076041136835069523e-01 7.872098315885298625e-01 3.903049613108784677e-02 5.587164314974965573e-02 1.178880291306326766e-01 0.000000000000000000e+00
5.220000000000000000e+02 2.088041374620244195e-01 7.913063268092853653e-01 3.948566226672735324e-02 5.803368229403732537e-02 1.111743286299499284e-01 0.000000000000000000e+00
5.250000000000000000e+02 2.100041612405418867e-01 7.917614929449249273e-01 3.868912152935821691e-02 6.042330450614474130e-02 1.091260810195721492e-01 0.000000000000000000e+00
5.280000000000000000e+02 2.112041850190591319e-01 7.956304050978607600e-01 3.914428766499772339e-02 6.042330450614474130e-02 1.048020027309968100e-01 0.000000000000000000e+00
5.310000000000000000e+02 2.124042087975765991e-01 7.943786982248520756e-01 4.107874374146563284e-02 6.099226217569413133e-02 1.035502958579881672e-01 0.000000000000000000e+00
5.340000000000000000e+02 2.136042325760940663e-01 7.950614474283113076e-01 4.369594902139280895e-02 6.281292671825215723e-02 9.842967683204369156e-02 0.000000000000000000e+00
5.370000000000000000e+02 2.148042563546113115e-01 7.992717341829768118e-01 4.278561675011378906e-02 6.440600819299044377e-02 9.353664087391898307e-02 0.000000000000000000e+00
5.400000000000000000e+02 2.160042801331287787e-01 7.996131087847063723e-01 4.301319981793354230e-02 6.486117432862995025e-02 9.251251706873007963e-02 0.000000000000000000e+00
5.430000000000000000e+02 2.172043039116460239e-01 7.972234865725990050e-01 4.437869822485206867e-02 6.543013199817933334e-02 9.296768320436959998e-02 0.000000000000000000e+00
5.460000000000000000e+02 2.184043276901634911e-01 8.040509786071916576e-01 4.346836595357305572e-02 6.554392353208920996e-02 8.693673190714611143e-02 0.000000000000000000e+00
5.490000000000000000e+02 2.196043514686809583e-01 8.095129722348657353e-01 4.426490669094219205e-02 6.406463359126081392e-02 8.215748748293126569e-02 0.000000000000000000e+00
5.520000000000000000e+02 2.208043752471982035e-01 8.117888029130633232e-01 4.528903049613108855e-02 6.417842512517069054e-02 7.874374146563495325e-02 0.000000000000000000e+00
5.550000000000000000e+02 2.220043990257156707e-01 8.120163859808829931e-01 4.642694583522986168e-02 6.554392353208920996e-02 7.601274465179790052e-02 0.000000000000000000e+00
5.580000000000000000e+02 2.232044228042329159e-01 8.108784706417841992e-01 4.733727810650887463e-02 6.713700500682749650e-02 7.464724624487938109e-02 0.000000000000000000e+00
5.610000000000000000e+02 2.244044465827503831e-01 8.122439690487027741e-01 4.870277651342740100e-02 6.895766954938552240e-02 7.009558488848430247e-02 0.000000000000000000e+00
5.640000000000000000e+02 2.256044703612678504e-01 8.128129267182521156e-01 4.915794264906690747e-02 7.077833409194356218e-02 6.725079654073737312e-02 0.000000000000000000e+00
5.670000000000000000e+02 2.268044941397850955e-01 8.139508420573509095e-01 4.847519344560764776e-02 7.077833409194356218e-02 6.679563040509786664e-02 0.000000000000000000e+00
5.700000000000000000e+02 2.280045179183025628e-01 8.125853436504324456e-01 4.733727810650887463e-02 7.316795630405098505e-02 6.690942193900774326e-02 0.000000000000000000e+00
5.730000000000000000e+02 2.292045416968200300e-01 8.125853436504324456e-01 4.824761037778789452e-02 7.532999544833864081e-02 6.383705052344106068e-02 0.000000000000000000e+00
5.760000000000000000e+02 2.304045654753372752e-01 8.115612198452435422e-01 4.984069185252617412e-02 7.601274465179790052e-02 6.258534365043240399e-02 0.000000000000000000e+00
5.790000000000000000e+02 2.316045892538547424e-01 8.090578060992261733e-01 4.949931725079653733e-02 7.544378698224851743e-02 6.599908966772871644e-02 0.000000000000000000e+00
5.820000000000000000e+02 2.328046130323719876e-01 8.109922621756940897e-01 4.984069185252617412e-02 7.430587164314975124e-02 6.486117432862995025e-02 0.000000000000000000e+00
5.850000000000000000e+02 2.340046368108894548e-01 8.075785161583978189e-01 5.029585798816568060e-02 7.487482931269913433e-02 6.725079654073737312e-02 0.000000000000000000e+00
5.880000000000000000e+02 2.352046605894069220e-01 8.072371415566681474e-01 4.949931725079653733e-02 7.362312243969049153e-02 6.964041875284478211e-02 0.000000000000000000e+00
5.910000000000000000e+02 2.364046843679241672e-01 8.076923076923077094e-01 5.109239872553481693e-02 7.373691397360036814e-02 6.747837960855712636e-02 0.000000000000000000e+00
5.940000000000000000e+02 2.376047081464416344e-01 8.073509330905780379e-01 5.154756486117433034e-02 7.624032771961765376e-02 6.486117432862995025e-02 0.000000000000000000e+00
5.970000000000000000e+02 2.388047319249588796e-01 8.120163859808829931e-01 5.018206645425580398e-02 7.544378698224851743e-02 6.235776058261265076e-02 0.000000000000000000e+00
6.000000000000000000e+02 2.400047557034763468e-01 8.124715521165225551e-01 5.018206645425580398e-02 7.419208010923987462e-02 6.315430131998178709e-02 0.000000000000000000e+00
6.030000000000000000e+02 2.412047794819938140e-01 8.138370505234410190e-01 5.131998179335457710e-02 7.350933090578061491e-02 6.133363677742376119e-02 0.000000000000000000e+00
6.060000000000000000e+02 2.424048032605110592e-01 8.157715065999089354e-01 5.120619025944470049e-02 7.282658170232134132e-02 6.019572143832498806e-02 0.000000000000000000e+00
6.090000000000000000e+02 2.436048270390285264e-01 8.167956304050978389e-01 5.211652253072371344e-02 7.100591715976331542e-02 6.008192990441511144e-02 0.000000000000000000e+00
6.120000000000000000e+02 2.448048508175459936e-01 8.152025489303595940e-01 5.234410559854346667e-02 7.203004096495220498e-02 6.042330450614474130e-02 0.000000000000000000e+00
6.150000000000000000e+02 2.460048745960632388e-01 8.148611743286299225e-01 5.382339553937186966e-02 7.168866636322257513e-02 5.962676376877560497e-02 0.000000000000000000e+00
6.180000000000000000e+02 2.472048983745807060e-01 8.132680928538916776e-01 5.393718707328174627e-02 6.998179335457442585e-02 6.281292671825215723e-02 0.000000000000000000e+00
6.210000000000000000e+02 2.484049221530979512e-01 8.155439235320892655e-01 5.279927173418298009e-02 6.952662721893490549e-02 6.213017751479289752e-02 0.000000000000000000e+00
6.240000000000000000e+02 2.496049459316154184e-01 8.158852981338188259e-01 5.279927173418298009e-02 7.032316795630405570e-02 6.099226217569413133e-02 0.000000000000000000e+00
6.270000000000000000e+02 2.508049697101328857e-01 8.136094674556213491e-01 5.245789713245334329e-02 7.180245789713245175e-02 6.213017751479289752e-02 0.000000000000000000e+00
6.300000000000000000e+02 2.520049934886501308e-01 8.171370050068275104e-01 5.211652253072371344e-02 6.941283568502502888e-02 6.133363677742376119e-02 0.000000000000000000e+00
6.330000000000000000e+02 2.532050172671675980e-01 8.171370050068275104e-01 5.336822940373236318e-02 6.850250341374601593e-02 6.099226217569413133e-02 0.000000000000000000e+00
6.360000000000000000e+02 2.544050410456848432e-01 8.158852981338188259e-01 5.405097860719162289e-02 6.838871187983613931e-02 6.167501137915339104e-02 0.000000000000000000e+00
6.390000000000000000e+02 2.556050648242023104e-01 8.178197542102867423e-01 5.461993627674101293e-02 6.679563040509786664e-02 6.076467910787437116e-02 0.000000000000000000e+00
6.420000000000000000e+02 2.568050886027197777e-01 8.181611288120164138e-01 5.575785161583977911e-02 6.747837960855712636e-02 5.860263996358670846e-02 0.000000000000000000e+00
6.450000000000000000e+02 2.580051123812370228e-01 8.231679563040509295e-01 5.507510241238051940e-02 6.645425580336822291e-02 5.530268548020027264e-02 0.000000000000000000e+00
6.480000000000000000e+02 2.592051361597544901e-01 8.220300409649522466e-01 5.587164314974965573e-02 6.588529813381883982e-02 5.621301775147929253e-02 0.000000000000000000e+00
6.510000000000000000e+02 2.604051599382719573e-01 8.223714155666818071e-01 5.712335002275830548e-02 6.326809285389166371e-02 5.723714155666818210e-02 0.000000000000000000e+00
6.540000000000000000e+02 2.616051837167892025e-01 8.219162494310423561e-01 5.712335002275830548e-02 6.372325898953118406e-02 5.723714155666818210e-02 0.000000000000000000e+00
6.570000000000000000e+02 2.628052074953066697e-01 8.233955393718707105e-01 5.769230769230769551e-02 6.235776058261265076e-02 5.655439235320892238e-02 0.000000000000000000e+00
6.600000000000000000e+02 2.640052312738239149e-01 8.282885753299954468e-01 5.780609922621757213e-02 6.224396904870277414e-02 5.166135639508420696e-02 0.000000000000000000e+00
6.630000000000000000e+02 2.652052550523413821e-01 8.249886208466090665e-01 5.974055530268548159e-02 6.224396904870277414e-02 5.302685480200273332e-02 0.000000000000000000e+00
6.660000000000000000e+02 2.664052788308588493e-01 8.223714155666818071e-01 5.985434683659535821e-02 6.417842512517069054e-02 5.359581247155211642e-02 0.000000000000000000e+00
6.690000000000000000e+02 2.676053026093760945e-01 8.208921256258534527e-01 5.826126536185707860e-02 6.656804733727811341e-02 5.427856167501137613e-02 0.000000000000000000e+00
6.720000000000000000e+02 2.688053263878935617e-01 8.203231679563040002e-01 6.008192990441511144e-02 6.645425580336822291e-02 5.314064633591260994e-02 0.000000000000000000e+00
6.750000000000000000e+02 2.700053501664108069e-01 8.257851615839781889e-01 5.837505689576695522e-02 6.508875739644970349e-02 5.075102412380518707e-02 0.000000000000000000e+00
6.780000000000000000e+02 2.712053739449282741e-01 8.230541647701411501e-01 6.076467910787437116e-02 6.736458807464724974e-02 4.881656804733727761e-02 0.000000000000000000e+00
6.810000000000000000e+02 2.724053977234457413e-01 8.191852526172053173e-01 6.178880291306326766e-02 6.941283568502502888e-02 4.961310878470642088e-02 0.000000000000000000e+00
