# itime ezz other fcc hcp bcc ico
0.000000000000000000e+00 0.000000000000000000e+00 0.000000000000000000e+00 1.000000000000000000e+00 0.000000000000000000e+00 0.000000000000000000e+00 0.000000000000000000e+00
2.500000000000000000e+02 9.999986270430305524e-04 0.000000000000000000e+00 1.000000000000000000e+00 0.000000000000000000e+00 0.000000000000000000e+00 0.000000000000000000e+00
5.000000000000000000e+02 1.999997254085839060e-03 0.000000000000000000e+00 1.000000000000000000e+00 0.000000000000000000e+00 0.000000000000000000e+00 0.000000000000000000e+00
7.500000000000000000e+02 2.999995881128869613e-03 0.000000000000000000e+00 1.000000000000000000e+00 0.000000000000000000e+00 0.000000000000000000e+00 0.000000000000000000e+00
1.000000000000000000e+03 3.999994508171678120e-03 0.000000000000000000e+00 1.000000000000000000e+00 0.000000000000000000e+00 0.000000000000000000e+00 0.000000000000000000e+00
1.250000000000000000e+03 4.999993135214708673e-03 0.000000000000000000e+00 1.000000000000000000e+00 0.000000000000000000e+00 0.000000000000000000e+00 0.000000000000000000e+00
1.500000000000000000e+03 5.999991762257517181e-03 0.000000000000000000e+00 1.000000000000000000e+00 0.000000000000000000e+00 0.000000000000000000e+00 0.000000000000000000e+00
1.750000000000000000e+03 6.999990389300547733e-03 0.000000000000000000e+00 1.000000000000000000e+00 0.000000000000000000e+00 0.000000000000000000e+00 0.000000000000000000e+00
2.000000000000000000e+03 7.999989016343356241e-03 0.000000000000000000e+00 1.000000000000000000e+00 0.000000000000000000e+00 0.000000000000000000e+00 0.000000000000000000e+00
2.250000000000000000e+03 8.999987643386386793e-03 0.000000000000000000e+00 1.000000000000000000e+00 0.000000000000000000e+00 0.000000000000000000e+00 0.000000000000000000e+00
2.500000000000000000e+03 9.999986270429195301e-03 0.000000000000000000e+00 1.000000000000000000e+00 0.000000000000000000e+00 0.000000000000000000e+00 0.000000000000000000e+00
2.750000000000000000e+03 1.099998489747222585e-02 0.000000000000000000e+00 1.000000000000000000e+00 0.000000000000000000e+00 0.000000000000000000e+00 0.000000000000000000e+00
3.000000000000000000e+03 1.199998352451525641e-02 0.000000000000000000e+00 1.000000000000000000e+00 0.000000000000000000e+00 0.000000000000000000e+00 0.000000000000000000e+00
3.250000000000000000e+03 1.299998215155806491e-02 0.000000000000000000e+00 1.000000000000000000e+00 0.000000000000000000e+00 0.000000000000000000e+00 0.000000000000000000e+00
3.500000000000000000e+03 1.399998077860109547e-02 0.000000000000000000e+00 1.000000000000000000e+00 0.000000000000000000e+00 0.000000000000000000e+00 0.000000000000000000e+00
3.750000000000000000e+03 1.499997940564390397e-02 0.000000000000000000e+00 1.000000000000000000e+00 0.000000000000000000e+00 0.000000000000000000e+00 0.000000000000000000e+00
4.000000000000000000e+03 1.599997803268693453e-02 0.000000000000000000e+00 1.000000000000000000e+00 0.000000000000000000e+00 0.000000000000000000e+00 0.000000000000000000e+00
4.250000000000000000e+03 1.699997665972974303e-02 0.000000000000000000e+00 1.000000000000000000e+00 0.000000000000000000e+00 0.000000000000000000e+00 0.000000000000000000e+00
4.500000000000000000e+03 1.799997528677277359e-02 0.000000000000000000e+00 1.000000000000000000e+00 0.000000000000000000e+00 0.000000000000000000e+00 0.000000000000000000e+00
4.750000000000000000e+03 1.899997391381558209e-02 0.000000000000000000e+00 1.000000000000000000e+00 0.000000000000000000e+00 0.000000000000000000e+00 0.000000000000000000e+00
5.000000000000000000e+03 1.999997254085861265e-02 0.000000000000000000e+00 1.000000000000000000e+00 0.000000000000000000e+00 0.000000000000000000e+00 0.000000000000000000e+00
5.250000000000000000e+03 2.099997116790142115e-02 0.000000000000000000e+00 1.000000000000000000e+00 0.000000000000000000e+00 0.000000000000000000e+00 0.000000000000000000e+00
5.500000000000000000e+03 2.199996979494445171e-02 0.000000000000000000e+00 1.000000000000000000e+00 0.000000000000000000e+00 0.000000000000000000e+00 0.000000000000000000e+00
5.750000000000000000e+03 2.299996842198748226e-02 0.000000000000000000e+00 1.000000000000000000e+00 0.000000000000000000e+00 0.000000000000000000e+00 0.000000000000000000e+00
6.000000000000000000e+03 2.399996704903029077e-02 0.000000000000000000e+00 1.000000000000000000e+00 0.000000000000000000e+00 0.000000000000000000e+00 0.000000000000000000e+00
6.250000000000000000e+03 2.499996567607332132e-02 0.000000000000000000e+00 1.000000000000000000e+00 0.000000000000000000e+00 0.000000000000000000e+00 0.000000000000000000e+00
6.500000000000000000e+03 2.599996430311612983e-02 0.000000000000000000e+00 1.000000000000000000e+00 0.000000000000000000e+00 0.000000000000000000e+00 0.000000000000000000e+00
6.750000000000000000e+03 2.699996293015916038e-02 0.000000000000000000e+00 1.000000000000000000e+00 0.000000000000000000e+00 0.000000000000000000e+00 0.000000000000000000e+00
7.000000000000000000e+03 2.799996155720196889e-02 0.000000000000000000e+00 1.000000000000000000e+00 0.000000000000000000e+00 0.000000000000000000e+00 0.000000000000000000e+00
7.250000000000000000e+03 2.899996018424499944e-02 0.000000000000000000e+00 1.000000000000000000e+00 0.000000000000000000e+00 0.000000000000000000e+00 0.000000000000000000e+00
7.500000000000000000e+03 2.999995881128780795e-02 0.000000000000000000e+00 1.000000000000000000e+00 0.000000000000000000e+00 0.000000000000000000e+00 0.000000000000000000e+00
7.750000000000000000e+03 3.099995743833083850e-02 0.000000000000000000e+00 1.000000000000000000e+00 0.000000000000000000e+00 0.000000000000000000e+00 0.000000000000000000e+00
8.000000000000000000e+03 3.199995606537364701e-02 0.000000000000000000e+00 1.000000000000000000e+00 0.000000000000000000e+00 0.000000000000000000e+00 0.000000000000000000e+00
8.250000000000000000e+03 3.299995469241667756e-02 0.000000000000000000e+00 1.000000000000000000e+00 0.000000000000000000e+00 0.000000000000000000e+00 0.000000000000000000e+00
8.500000000000000000e+03 3.399995331945970811e-02 0.000000000000000000e+00 1.000000000000000000e+00 0.000000000000000000e+00 0.000000000000000000e+00 0.000000000000000000e+00
8.750000000000000000e+03 3.499995194650251662e-02 0.000000000000000000e+00 1.000000000000000000e+00 0.000000000000000000e+00 0.000000000000000000e+00 0.000000000000000000e+00
9.000000000000000000e+03 3.599995057354554717e-02 0.000000000000000000e+00 1.000000000000000000e+00 0.000000000000000000e+00 0.000000000000000000e+00 0.000000000000000000e+00
9.250000000000000000e+03 3.699994920058835568e-02 0.000000000000000000e+00 1.000000000000000000e+00 0.000000000000000000e+00 0.000000000000000000e+00 0.000000000000000000e+00
9.500000000000000000e+03 3.799994782763138623e-02 0.000000000000000000e+00 1.000000000000000000e+00 0.000000000000000000e+00 0.000000000000000000e+00 0.000000000000000000e+00
9.750000000000000000e+03 3.899994645467419474e-02 0.000000000000000000e+00 1.000000000000000000e+00 0.000000000000000000e+00 0.000000000000000000e+00 0.000000000000000000e+00
1.000000000000000000e+04 3.999994508171722529e-02 0.000000000000000000e+00 1.000000000000000000e+00 0.000000000000000000e+00 0.000000000000000000e+00 0.000000000000000000e+00
1.025000000000000000e+04 4.099994370876003380e-02 0.000000000000000000e+00 1.000000000000000000e+00 0.000000000000000000e+00 0.000000000000000000e+00 0.000000000000000000e+00
1.050000000000000000e+04 4.199994233580306435e-02 0.000000000000000000e+00 1.000000000000000000e+00 0.000000000000000000e+00 0.000000000000000000e+00 0.000000000000000000e+00
1.075000000000000000e+04 4.299994096284587286e-02 0.000000000000000000e+00 1.000000000000000000e+00 0.000000000000000000e+00 0.000000000000000000e+00 0.000000000000000000e+00
1.100000000000000000e+04 4.399993958988890341e-02 0.000000000000000000e+00 1.000000000000000000e+00 0.000000000000000000e+00 0.000000000000000000e+00 0.000000000000000000e+00
1.125000000000000000e+04 4.499993821693193397e-02 0.000000000000000000e+00 1.000000000000000000e+00 0.000000000000000000e+00 0.000000000000000000e+00 0.000000000000000000e+00
1.150000000000000000e+04 4.599993684397474247e-02 0.000000000000000000e+00 1.000000000000000000e+00 0.000000000000000000e+00 0.000000000000000000e+00 0.000000000000000000e+00
1.175000000000000000e+04 4.699993547101777303e-02 0.000000000000000000e+00 1.000000000000000000e+00 0.000000000000000000e+00 0.000000000000000000e+00 0.000000000000000000e+00
1.200000000000000000e+04 4.799993409806058153e-02 0.000000000000000000e+00 1.000000000000000000e+00 0.000000000000000000e+00 0.000000000000000000e+00 0.000000000000000000e+00
1.225000000000000000e+04 4.899993272510361209e-02 0.000000000000000000e+00 1.000000000000000000e+00 0.000000000000000000e+00 0.000000000000000000e+00 0.000000000000000000e+00
1.250000000000000000e+04 4.999993135214642059e-02 0.000000000000000000e+00 1.000000000000000000e+00 0.000000000000000000e+00 0.000000000000000000e+00 0.000000000000000000e+00
1.275000000000000000e+04 5.099992997918945115e-02 0.000000000000000000e+00 1.000000000000000000e+00 0.000000000000000000e+00 0.000000000000000000e+00 0.000000000000000000e+00
1.300000000000000000e+04 5.199992860623225965e-02 0.000000000000000000e+00 1.000000000000000000e+00 0.000000000000000000e+00 0.000000000000000000e+00 0.000000000000000000e+00
1.325000000000000000e+04 5.299992723327529021e-02 0.000000000000000000e+00 1.000000000000000000e+00 0.000000000000000000e+00 0.000000000000000000e+00 0.000000000000000000e+00
1.350000000000000000e+04 5.399992586031809871e-02 0.000000000000000000e+00 1.000000000000000000e+00 0.000000000000000000e+00 0.000000000000000000e+00 0.000000000000000000e+00
1.375000000000000000e+04 5.499992448736112927e-02 0.000000000000000000e+00 1.000000000000000000e+00 0.000000000000000000e+00 0.000000000000000000e+00 0.000000000000000000e+00
1.400000000000000000e+04 5.599992311440415982e-02 0.000000000000000000e+00 1.000000000000000000e+00 0.000000000000000000e+00 0.000000000000000000e+00 0.000000000000000000e+00
1.425000000000000000e+04 5.699992174144696833e-02 0.000000000000000000e+00 1.000000000000000000e+00 0.000000000000000000e+00 0.000000000000000000e+00 0.000000000000000000e+00
1.450000000000000000e+04 5.799992036848999888e-02 0.000000000000000000e+00 1.000000000000000000e+00 0.000000000000000000e+00 0.000000000000000000e+00 0.000000000000000000e+00
1.475000000000000000e+04 5.899991899553280739e-02 0.000000000000000000e+00 1.000000000000000000e+00 0.000000000000000000e+00 0.000000000000000000e+00 0.000000000000000000e+00
1.500000000000000000e+04 5.999991762257583794e-02 0.000000000000000000e+00 1.000000000000000000e+00 0.000000000000000000e+00 0.000000000000000000e+00 0.000000000000000000e+00
1.525000000000000000e+04 6.099991624961864645e-02 0.000000000000000000e+00 1.000000000000000000e+00 0.000000000000000000e+00 0.000000000000000000e+00 0.000000000000000000e+00
1.550000000000000000e+04 6.199991487666167700e-02 0.000000000000000000e+00 1.000000000000000000e+00 0.000000000000000000e+00 0.000000000000000000e+00 0.000000000000000000e+00
1.575000000000000000e+04 6.299991350370448551e-02 0.000000000000000000e+00 1.000000000000000000e+00 0.000000000000000000e+00 0.000000000000000000e+00 0.000000000000000000e+00
1.600000000000000000e+04 6.399991213074751606e-02 2.275830678197542133e-04 9.996586253982703285e-01 0.000000000000000000e+00 1.137915339098771066e-04 0.000000000000000000e+00
1.625000000000000000e+04 6.499991075779032457e-02 0.000000000000000000e+00 1.000000000000000000e+00 0.000000000000000000e+00 0.000000000000000000e+00 0.000000000000000000e+00
1.650000000000000000e+04 6.599990938483335512e-02 2.275830678197542133e-04 9.997724169321802190e-01 0.000000000000000000e+00 0.000000000000000000e+00 0.000000000000000000e+00
1.675000000000000000e+04 6.699990801187616363e-02 0.000000000000000000e+00 1.000000000000000000e+00 0.000000000000000000e+00 0.000000000000000000e+00 0.000000000000000000e+00
1.700000000000000000e+04 6.799990663891919418e-02 0.000000000000000000e+00 1.000000000000000000e+00 0.000000000000000000e+00 0.000000000000000000e+00 0.000000000000000000e+00
1.725000000000000000e+04 6.899990526596222473e-02 0.000000000000000000e+00 1.000000000000000000e+00 0.000000000000000000e+00 0.000000000000000000e+00 0.000000000000000000e+00
1.750000000000000000e+04 6.999990389300503324e-02 0.000000000000000000e+00 1.000000000000000000e+00 0.000000000000000000e+00 0.000000000000000000e+00 0.000000000000000000e+00
1.775000000000000000e+04 7.099990252004806379e-02 1.137915339098771066e-04 9.998862084660901095e-01 0.000000000000000000e+00 0.000000000000000000e+00 0.000000000000000000e+00
1.800000000000000000e+04 7.199990114709087230e-02 0.000000000000000000e+00 1.000000000000000000e+00 0.000000000000000000e+00 0.000000000000000000e+00 0.000000000000000000e+00
1.825000000000000000e+04 7.299989977413390285e-02 1.137915339098771066e-04 9.998862084660901095e-01 0.000000000000000000e+00 0.000000000000000000e+00 0.000000000000000000e+00
1.850000000000000000e+04 7.399989840117671136e-02 6.827492034592626399e-04 9.993172507965407680e-01 0.000000000000000000e+00 0.000000000000000000e+00 0.000000000000000000e+00
1.875000000000000000e+04 7.499989702821974191e-02 0.000000000000000000e+00 1.000000000000000000e+00 0.000000000000000000e+00 0.000000000000000000e+00 0.000000000000000000e+00
1.900000000000000000e+04 7.599989565526255042e-02 0.000000000000000000e+00 1.000000000000000000e+00 0.000000000000000000e+00 0.000000000000000000e+00 0.000000000000000000e+00
1.925000000000000000e+04 7.699989428230558097e-02 1.137915339098771066e-04 9.998862084660901095e-01 0.000000000000000000e+00 0.000000000000000000e+00 0.000000000000000000e+00
1.950000000000000000e+04 7.799989290934838948e-02 7.965407373691396923e-04 9.992034592626308775e-01 0.000000000000000000e+00 0.000000000000000000e+00 0.000000000000000000e+00
1.975000000000000000e+04 7.899989153639142003e-02 5.689576695493854790e-04 9.994310423304506585e-01 0.000000000000000000e+00 0.000000000000000000e+00 0.000000000000000000e+00
2.000000000000000000e+04 7.999989016343445059e-02 0.000000000000000000e+00 1.000000000000000000e+00 0.000000000000000000e+00 0.000000000000000000e+00 0.000000000000000000e+00
2.025000000000000000e+04 8.099988879047725909e-02 2.275830678197542133e-04 9.997724169321802190e-01 0.000000000000000000e+00 0.000000000000000000e+00 0.000000000000000000e+00
2.050000000000000000e+04 8.199988741752028965e-02 4.551661356395084266e-04 9.995448338643604380e-01 0.000000000000000000e+00 0.000000000000000000e+00 0.000000000000000000e+00
2.075000000000000000e+04 8.299988604456309815e-02 1.137915339098771066e-04 9.998862084660901095e-01 0.000000000000000000e+00 0.000000000000000000e+00 0.000000000000000000e+00
2.100000000000000000e+04 8.399988467160612871e-02 1.365498406918525280e-03 9.985207100591716456e-01 0.000000000000000000e+00 1.137915339098771066e-04 0.000000000000000000e+00
2.125000000000000000e+04 8.499988329864893721e-02 7.965407373691396923e-04 9.992034592626308775e-01 0.000000000000000000e+00 0.000000000000000000e+00 0.000000000000000000e+00
2.150000000000000000e+04 8.599988192569196777e-02 0.000000000000000000e+00 1.000000000000000000e+00 0.000000000000000000e+00 0.000000000000000000e+00 0.000000000000000000e+00
2.175000000000000000e+04 8.699988055273477627e-02 0.000000000000000000e+00 1.000000000000000000e+00 0.000000000000000000e+00 0.000000000000000000e+00 0.000000000000000000e+00
2.200000000000000000e+04 8.799987917977780683e-02 4.551661356395084266e-04 9.994310423304506585e-01 0.000000000000000000e+00 1.137915339098771066e-04 0.000000000000000000e+00
2.225000000000000000e+04 8.899987780682061533e-02 4.551661356395084266e-04 9.995448338643604380e-01 0.000000000000000000e+00 0.000000000000000000e+00 0.000000000000000000e+00
2.250000000000000000e+04 8.999987643386364589e-02 1.024123805188893906e-03 9.989758761948110966e-01 0.000000000000000000e+00 0.000000000000000000e+00 0.000000000000000000e+00
2.275000000000000000e+04 9.099987506090667644e-02 7.965407373691396923e-04 9.992034592626308775e-01 0.000000000000000000e+00 0.000000000000000000e+00 0.000000000000000000e+00
2.300000000000000000e+04 9.199987368794948495e-02 1.024123805188893906e-03 9.989758761948110966e-01 0.000000000000000000e+00 0.000000000000000000e+00 0.000000000000000000e+00
2.325000000000000000e+04 9.299987231499251550e-02 2.730996813837050560e-03 9.972690031861629611e-01 0.000000000000000000e+00 0.000000000000000000e+00 0.000000000000000000e+00
2.350000000000000000e+04 9.399987094203532401e-02 7.965407373691396923e-04 9.992034592626308775e-01 0.000000000000000000e+00 0.000000000000000000e+00 0.000000000000000000e+00
2.375000000000000000e+04 9.499986956907835456e-02 4.551661356395084266e-04 9.995448338643604380e-01 0.000000000000000000e+00 0.000000000000000000e+00 0.000000000000000000e+00
2.400000000000000000e+04 9.599986819612116307e-02 3.072371415566681717e-03 9.965862539827037292e-01 0.000000000000000000e+00 3.413746017296313199e-04 0.000000000000000000e+00
2.425000000000000000e+04 9.699986682316419362e-02 2.844788347746927612e-03 9.968138370505233992e-01 0.000000000000000000e+00 3.413746017296313199e-04 0.000000000000000000e+00
2.450000000000000000e+04 9.799986545020700213e-02 2.844788347746927612e-03 9.969276285844332897e-01 0.000000000000000000e+00 2.275830678197542133e-04 0.000000000000000000e+00
2.475000000000000000e+04 9.899986407725003268e-02 4.893035958124715423e-03 9.948793809740554828e-01 0.000000000000000000e+00 2.275830678197542133e-04 0.000000000000000000e+00
2.500000000000000000e+04 9.999986270429284119e-02 4.551661356395083832e-03 9.946517979062358128e-01 0.000000000000000000e+00 7.965407373691396923e-04 0.000000000000000000e+00
2.525000000000000000e+04 1.009998613313358717e-01 5.803368229403732710e-03 9.939690487027764698e-01 0.000000000000000000e+00 2.275830678197542133e-04 0.000000000000000000e+00
2.550000000000000000e+04 1.019998599583789023e-01 4.096495220755575623e-03 9.957897132453344957e-01 0.000000000000000000e+00 1.137915339098771066e-04 0.000000000000000000e+00
2.575000000000000000e+04 1.029998585854217108e-01 3.641329085116067413e-03 9.956759217114247162e-01 0.000000000000000000e+00 6.827492034592626399e-04 0.000000000000000000e+00
2.600000000000000000e+04 1.039998572124647414e-01 5.461993627674101119e-03 9.943104233045061413e-01 0.000000000000000000e+00 2.275830678197542133e-04 0.000000000000000000e+00
2.625000000000000000e+04 1.049998558395075499e-01 4.779244424214838804e-03 9.946517979062358128e-01 0.000000000000000000e+00 5.689576695493854790e-04 0.000000000000000000e+00
2.650000000000000000e+04 1.059998544665505804e-01 7.851615839781519654e-03 9.915794264906691025e-01 0.000000000000000000e+00 5.689576695493854790e-04 0.000000000000000000e+00
2.675000000000000000e+04 1.069998530935933889e-01 7.510241238051888930e-03 9.920345926263085534e-01 0.000000000000000000e+00 4.551661356395084266e-04 0.000000000000000000e+00
2.700000000000000000e+04 1.079998517206364195e-01 1.058261265361857065e-02 9.874829312699134887e-01 0.000000000000000000e+00 1.934456076467910759e-03 0.000000000000000000e+00
2.725000000000000000e+04 1.089998503476792280e-01 2.753755120619025970e-02 9.604005461993627701e-01 0.000000000000000000e+00 1.206190259444697363e-02 0.000000000000000000e+00
2.750000000000000000e+04 1.099998489747222585e-01 1.086709148839326289e-01 5.227583067819754348e-01 0.000000000000000000e+00 3.685707783340919641e-01 0.000000000000000000e+00
2.775000000000000000e+04 1.109998476017650670e-01 1.430359581247155343e-01 3.442193900773782289e-01 7.396449704142011444e-03 5.053482020937641872e-01 0.000000000000000000e+00
2.800000000000000000e+04 1.119998462288080976e-01 2.421483841602184717e-01 4.291078743741465473e-01 1.775147928994082747e-01 1.512289485662266786e-01 0.000000000000000000e+00
2.825000000000000000e+04 1.129998448558511281e-01 2.116522530723714268e-01 5.649749658625398130e-01 2.052799271734183084e-01 1.809285389167045871e-02 0.000000000000000000e+00
2.850000000000000000e+04 1.139998434828939367e-01 1.040054619936276736e-01 7.271279016841146747e-01 1.645425580336822846e-01 4.324078288575329727e-03 0.000000000000000000e+00
2.875000000000000000e+04 1.149998421099369672e-01 4.346836595357305572e-02 8.082612653618570508e-01 1.472462448793809831e-01 1.024123805188893906e-03 0.000000000000000000e+00
2.900000000000000000e+04 1.159998407369797757e-01 3.504779244424215123e-02 8.189576695493855363e-01 1.459945380063723264e-01 0.000000000000000000e+00 0.000000000000000000e+00
2.925000000000000000e+04 1.169998393640228063e-01 3.083750568957669552e-02 8.206645425580336717e-01 1.482703686845698587e-01 2.275830678197542133e-04 0.000000000000000000e+00
2.950000000000000000e+04 1.179998379910656148e-01 3.174783796085571541e-02 8.203231679563040002e-01 1.478152025489303523e-01 1.137915339098771066e-04 0.000000000000000000e+00
2.975000000000000000e+04 1.189998366181086453e-01 3.140646335912607862e-02 8.205507510241237812e-01 1.478152025489303523e-01 2.275830678197542133e-04 0.000000000000000000e+00
3.000000000000000000e+04 1.199998352451514538e-01 3.049613108784706567e-02 8.216886663632225751e-01 1.477014110150204895e-01 1.137915339098771066e-04 0.000000000000000000e+00
3.025000000000000000e+04 1.209998338721944844e-01 3.208921256258534527e-02 8.197542102867546587e-01 1.475876194811105990e-01 5.689576695493854790e-04 0.000000000000000000e+00
3.050000000000000000e+04 1.219998324992372929e-01 3.106508875739644876e-02 8.208921256258534527e-01 1.477014110150204895e-01 3.413746017296313199e-04 0.000000000000000000e+00
3.075000000000000000e+04 1.229998311262803234e-01 3.083750568957669552e-02 8.211197086936732337e-01 1.478152025489303523e-01 2.275830678197542133e-04 0.000000000000000000e+00
3.100000000000000000e+04 1.239998297533233540e-01 3.026854802002730896e-02 8.215748748293126846e-01 1.480427856167501055e-01 1.137915339098771066e-04 0.000000000000000000e+00
3.125000000000000000e+04 1.249998283803661625e-01 3.208921256258534527e-02 8.200955848884843302e-01 1.472462448793809831e-01 5.689576695493854790e-04 0.000000000000000000e+00
3.150000000000000000e+04 1.259998270074091931e-01 3.174783796085571541e-02 8.203231679563040002e-01 1.477014110150204895e-01 2.275830678197542133e-04 0.000000000000000000e+00
3.175000000000000000e+04 1.269998256344520016e-01 3.106508875739644876e-02 8.212335002275830131e-01 1.475876194811105990e-01 1.137915339098771066e-04 0.000000000000000000e+00
3.200000000000000000e+04 1.279998242614950321e-01 3.186162949476559203e-02 8.204369594902138907e-01 1.475876194811105990e-01 1.137915339098771066e-04 0.000000000000000000e+00
3.225000000000000000e+04 1.289998228885378406e-01 3.095129722348657214e-02 8.213472917614929036e-01 1.477014110150204895e-01 0.000000000000000000e+00 0.000000000000000000e+00
3.250000000000000000e+04 1.299998215155808712e-01 3.186162949476559203e-02 8.205507510241237812e-01 1.475876194811105990e-01 0.000000000000000000e+00 0.000000000000000000e+00
3.275000000000000000e+04 1.309998201426236797e-01 3.163404642694583185e-02 8.204369594902138907e-01 1.475876194811105990e-01 3.413746017296313199e-04 0.000000000000000000e+00
3.300000000000000000e+04 1.319998187696667102e-01 3.117888029130632538e-02 8.206645425580336717e-01 1.479289940828402428e-01 2.275830678197542133e-04 0.000000000000000000e+00
3.325000000000000000e+04 1.329998173967095187e-01 3.129267182521620200e-02 8.207783340919435622e-01 1.475876194811105990e-01 3.413746017296313199e-04 0.000000000000000000e+00
3.350000000000000000e+04 1.339998160237525493e-01 3.163404642694583185e-02 8.204369594902138907e-01 1.474738279472007363e-01 4.551661356395084266e-04 0.000000000000000000e+00
3.375000000000000000e+04 1.349998146507955799e-01 3.208921256258534527e-02 8.197542102867546587e-01 1.477014110150204895e-01 4.551661356395084266e-04 0.000000000000000000e+00
3.400000000000000000e+04 1.359998132778383884e-01 3.117888029130632538e-02 8.206645425580336717e-01 1.477014110150204895e-01 4.551661356395084266e-04 0.000000000000000000e+00
3.425000000000000000e+04 1.369998119048814189e-01 3.152025489303595523e-02 8.204369594902138907e-01 1.478152025489303523e-01 2.275830678197542133e-04 0.000000000000000000e+00
3.450000000000000000e+04 1.379998105319242274e-01 3.117888029130632538e-02 8.207783340919435622e-01 1.478152025489303523e-01 2.275830678197542133e-04 0.000000000000000000e+00
3.475000000000000000e+04 1.389998091589672580e-01 3.117888029130632538e-02 8.208921256258534527e-01 1.474738279472007363e-01 4.551661356395084266e-04 0.000000000000000000e+00
3.500000000000000000e+04 1.399998077860100665e-01 3.129267182521620200e-02 8.205507510241237812e-01 1.478152025489303523e-01 3.413746017296313199e-04 0.000000000000000000e+00
3.525000000000000000e+04 1.409998064130530970e-01 3.049613108784706567e-02 8.213472917614929036e-01 1.478152025489303523e-01 3.413746017296313199e-04 0.000000000000000000e+00
3.550000000000000000e+04 1.419998050400959055e-01 3.163404642694583185e-02 8.207783340919435622e-01 1.474738279472007363e-01 1.137915339098771066e-04 0.000000000000000000e+00
3.575000000000000000e+04 1.429998036671389361e-01 3.197542102867546865e-02 8.203231679563040002e-01 1.475876194811105990e-01 1.137915339098771066e-04 0.000000000000000000e+00
3.600000000000000000e+04 1.439998022941817446e-01 3.311333636777423484e-02 8.191852526172053173e-01 1.472462448793809831e-01 4.551661356395084266e-04 0.000000000000000000e+00
3.625000000000000000e+04 1.449998009212247752e-01 3.186162949476559203e-02 8.199817933545744397e-01 1.477014110150204895e-01 4.551661356395084266e-04 0.000000000000000000e+00
3.650000000000000000e+04 1.459997995482678057e-01 3.243058716431497512e-02 8.199817933545744397e-01 1.475876194811105990e-01 0.000000000000000000e+00 0.000000000000000000e+00
3.675000000000000000e+04 1.469997981753106142e-01 3.311333636777423484e-02 8.194128356850249872e-01 1.473600364132908458e-01 1.137915339098771066e-04 0.000000000000000000e+00
3.700000000000000000e+04 1.479997968023536448e-01 3.243058716431497512e-02 8.195266272189348777e-01 1.477014110150204895e-01 3.413746017296313199e-04 0.000000000000000000e+00
3.725000000000000000e+04 1.489997954293964533e-01 3.186162949476559203e-02 8.202093764223942207e-01 1.477014110150204895e-01 2.275830678197542133e-04 0.000000000000000000e+00
3.750000000000000000e+04 1.499997940564394838e-01 3.265817023213472836e-02 8.197542102867546587e-01 1.472462448793809831e-01 3.413746017296313199e-04 0.000000000000000000e+00
3.775000000000000000e+04 1.509997926834822923e-01 3.197542102867546865e-02 8.199817933545744397e-01 1.477014110150204895e-01 3.413746017296313199e-04 0.000000000000000000e+00
3.800000000000000000e+04 1.519997913105253229e-01 3.231679563040509851e-02 8.198680018206645492e-01 1.477014110150204895e-01 1.137915339098771066e-04 0.000000000000000000e+00
3.825000000000000000e+04 1.529997899375681314e-01 3.254437869822485174e-02 8.195266272189348777e-01 1.474738279472007363e-01 4.551661356395084266e-04 0.000000000000000000e+00
3.850000000000000000e+04 1.539997885646111619e-01 3.277196176604460498e-02 8.196404187528447682e-01 1.473600364132908458e-01 2.275830678197542133e-04 0.000000000000000000e+00
3.875000000000000000e+04 1.549997871916539705e-01 3.436504324078288458e-02 8.178197542102867423e-01 1.474738279472007363e-01 3.413746017296313199e-04 0.000000000000000000e+00
3.900000000000000000e+04 1.559997858186970010e-01 3.163404642694583185e-02 8.208921256258534527e-01 1.472462448793809831e-01 2.275830678197542133e-04 0.000000000000000000e+00
3.925000000000000000e+04 1.569997844457400316e-01 3.356850250341374825e-02 8.190714610832954268e-01 1.469048702776513393e-01 4.551661356395084266e-04 0.000000000000000000e+00
3.950000000000000000e+04 1.579997830727828401e-01 3.265817023213472836e-02 8.197542102867546587e-01 1.473600364132908458e-01 2.275830678197542133e-04 0.000000000000000000e+00
3.975000000000000000e+04 1.589997816998258706e-01 3.277196176604460498e-02 8.194128356850249872e-01 1.472462448793809831e-01 5.689576695493854790e-04 0.000000000000000000e+00
4.000000000000000000e+04 1.599997803268686791e-01 3.402366863905325473e-02 8.190714610832954268e-01 1.467910787437414766e-01 1.137915339098771066e-04 0.000000000000000000e+00
4.025000000000000000e+04 1.609997789539117097e-01 3.163404642694583185e-02 8.197542102867546587e-01 1.475876194811105990e-01 1.024123805188893906e-03 0.000000000000000000e+00
4.050000000000000000e+04 1.619997775809545182e-01 3.368229403732362487e-02 8.186162949476558648e-01 1.470186618115612298e-01 6.827492034592626399e-04 0.000000000000000000e+00
4.075000000000000000e+04 1.629997762079975487e-01 3.356850250341374825e-02 8.187300864815657553e-01 1.471324533454710926e-01 5.689576695493854790e-04 0.000000000000000000e+00
4.100000000000000000e+04 1.639997748350403572e-01 3.379608557123350149e-02 8.188438780154756458e-01 1.471324533454710926e-01 2.275830678197542133e-04 0.000000000000000000e+00
4.125000000000000000e+04 1.649997734620833878e-01 3.356850250341374825e-02 8.185025034137459743e-01 1.470186618115612298e-01 9.103322712790168532e-04 0.000000000000000000e+00
4.150000000000000000e+04 1.659997720891261963e-01 3.447883477469276120e-02 8.185025034137459743e-01 1.464497041420118328e-01 5.689576695493854790e-04 0.000000000000000000e+00
4.175000000000000000e+04 1.669997707161692269e-01 3.732362312243969055e-02 8.163404642694583879e-01 1.457669549385525731e-01 5.689576695493854790e-04 0.000000000000000000e+00
4.200000000000000000e+04 1.679997693432122574e-01 5.063723258989531045e-02 8.045061447428311086e-01 1.434911242603550408e-01 1.365498406918525280e-03 0.000000000000000000e+00
4.225000000000000000e+04 1.689997679702550659e-01 7.441966317705962786e-02 7.432862994993172379e-01 1.802457897132453413e-01 2.048247610377787811e-03 0.000000000000000000e+00
4.250000000000000000e+04 1.699997665972980965e-01 9.080564406008193035e-02 7.443104233045061413e-01 1.635184342284934089e-01 1.365498406918525280e-03 0.000000000000000000e+00
4.275000000000000000e+04 1.709997652243409050e-01 9.274010013654984674e-02 7.605826126536185949e-01 1.421256258534364936e-01 4.551661356395083832e-03 0.000000000000000000e+00
4.300000000000000000e+04 1.719997638513839355e-01 8.978152025489304078e-02 7.619481110605370588e-01 1.453117888029130667e-01 2.958579881656804664e-03 0.000000000000000000e+00
4.325000000000000000e+04 1.729997624784267440e-01 7.885753299954482987e-02 7.643377332726445372e-01 1.536185707783341015e-01 3.186162949476558769e-03 0.000000000000000000e+00
4.350000000000000000e+04 1.739997611054697746e-01 7.840236686390532339e-02 7.666135639508420141e-01 1.529358215748748417e-01 2.048247610377787811e-03 0.000000000000000000e+00
4.375000000000000000e+04 1.749997597325125831e-01 7.521620391442876419e-02 7.660446062812926726e-01 1.552116522530723741e-01 3.527537551206190360e-03 0.000000000000000000e+00
4.400000000000000000e+04 1.759997583595556137e-01 7.658170232134729749e-02 7.672963131543013571e-01 1.537323623122439642e-01 2.389622212107419402e-03 0.000000000000000000e+00
4.425000000000000000e+04 1.769997569865984222e-01 7.771961766044606368e-02 7.671825216203914666e-01 1.527082385070550885e-01 2.389622212107419402e-03 0.000000000000000000e+00
4.450000000000000000e+04 1.779997556136414527e-01 7.646791078743742087e-02 7.674101046882112476e-01 1.537323623122439642e-01 2.389622212107419402e-03 0.000000000000000000e+00
4.475000000000000000e+04 1.789997542406844833e-01 7.646791078743742087e-02 7.643377332726445372e-01 1.558944014565316338e-01 3.299954483386436255e-03 0.000000000000000000e+00
4.500000000000000000e+04 1.799997528677272918e-01 7.373691397360036814e-02 7.674101046882112476e-01 1.555530268548019901e-01 3.299954483386436255e-03 0.000000000000000000e+00
4.525000000000000000e+04 1.809997514947703223e-01 7.658170232134729749e-02 7.651342740100136597e-01 1.545289030496131144e-01 3.755120619025944465e-03 0.000000000000000000e+00
4.550000000000000000e+04 1.819997501218131308e-01 7.555757851615839404e-02 7.670687300864815761e-01 1.537323623122439642e-01 3.641329085116067413e-03 0.000000000000000000e+00
4.575000000000000000e+04 1.829997487488561614e-01 7.737824305871643382e-02 7.651342740100136597e-01 1.540737369139736079e-01 3.413746017296313308e-03 0.000000000000000000e+00
4.600000000000000000e+04 1.839997473758989699e-01 7.749203459262631044e-02 7.621756941283568398e-01 1.576012744651797970e-01 2.730996813837050560e-03 0.000000000000000000e+00
4.625000000000000000e+04 1.849997460029420004e-01 7.851615839781520001e-02 7.630860263996358528e-01 1.544151115157032239e-01 3.982703686845699004e-03 0.000000000000000000e+00
4.650000000000000000e+04 1.859997446299848090e-01 7.601274465179790052e-02 7.662721893491124536e-01 1.538461538461538547e-01 3.868912152935821518e-03 0.000000000000000000e+00
4.675000000000000000e+04 1.869997432570278395e-01 8.056440600819299303e-02 7.560309512972235302e-01 1.601046882111970826e-01 3.299954483386436255e-03 0.000000000000000000e+00
4.700000000000000000e+04 1.879997418840706480e-01 7.897132453345470648e-02 7.558033682294037492e-01 1.621529358215748617e-01 3.072371415566681717e-03 0.000000000000000000e+00
4.725000000000000000e+04 1.889997405111136786e-01 8.124715521165225274e-02 7.579654073736914466e-01 1.573736913973600438e-01 3.413746017296313308e-03 0.000000000000000000e+00
4.750000000000000000e+04 1.899997391381564871e-01 7.316795630405098505e-02 7.678652708238506985e-01 1.554392353208921274e-01 3.527537551206190360e-03 0.000000000000000000e+00
4.775000000000000000e+04 1.909997377651995176e-01 6.986800182066454923e-02 7.726445152480655443e-01 1.527082385070550885e-01 4.779244424214838804e-03 0.000000000000000000e+00
4.800000000000000000e+04 1.919997363922425482e-01 6.531634046426945672e-02 7.761720527992717056e-01 1.560081929904415243e-01 2.503413746017296455e-03 0.000000000000000000e+00
4.825000000000000000e+04 1.929997350192853567e-01 6.087847064178425471e-02 7.834547109695039202e-01 1.528220300409649512e-01 2.844788347746927612e-03 0.000000000000000000e+00
4.850000000000000000e+04 1.939997336463283872e-01 6.304050978607191047e-02 7.833409194355940297e-01 1.517979062357760478e-01 1.820664542558033706e-03 0.000000000000000000e+00
4.875000000000000000e+04 1.949997322733711957e-01 6.121984524351388457e-02 7.835685025034136997e-01 1.533909877105143482e-01 1.820664542558033706e-03 0.000000000000000000e+00
4.900000000000000000e+04 1.959997309004142263e-01 6.030951297223486468e-02 7.827719617660445772e-01 1.550978607191624836e-01 1.820664542558033706e-03 0.000000000000000000e+00
4.925000000000000000e+04 1.969997295274570348e-01 5.655439235320892238e-02 7.858443331816112876e-01 1.564633591260810308e-01 1.137915339098770958e-03 0.000000000000000000e+00
4.950000000000000000e+04 1.979997281545000654e-01 5.678197542102867562e-02 7.795857988165680874e-01 1.626081019572143960e-01 1.024123805188893906e-03 0.000000000000000000e+00
4.975000000000000000e+04 1.989997267815428739e-01 5.575785161583977911e-02 7.859581247155211781e-01 1.568047337278106468e-01 1.479289940828402332e-03 0.000000000000000000e+00
5.000000000000000000e+04 1.999997254085859044e-01 5.336822940373236318e-02 7.883477469276285454e-01 1.566909421939007840e-01 1.593081474738279385e-03 0.000000000000000000e+00
5.025000000000000000e+04 2.009997240356287129e-01 5.678197542102867562e-02 7.853891670459717256e-01 1.563495675921711403e-01 1.479289940828402332e-03 0.000000000000000000e+00
5.050000000000000000e+04 2.019997226626717435e-01 5.518889394629039602e-02 7.850477924442421651e-01 1.577150659990896597e-01 2.048247610377787811e-03 0.000000000000000000e+00
5.075000000000000000e+04 2.029997212897147740e-01 5.587164314974965573e-02 7.873236231224396420e-01 1.554392353208921274e-01 1.365498406918525280e-03 0.000000000000000000e+00
5.100000000000000000e+04 2.039997199167575825e-01 5.689576695493855224e-02 7.860719162494310686e-01 1.557806099226217433e-01 1.251706873008648227e-03 0.000000000000000000e+00
5.125000000000000000e+04 2.049997185438006131e-01 5.712335002275830548e-02 7.832271279016841392e-01 1.576012744651797970e-01 2.048247610377787811e-03 0.000000000000000000e+00
5.150000000000000000e+04 2.059997171708434216e-01 5.655439235320892238e-02 7.849340009103322746e-01 1.562357760582612776e-01 2.275830678197541916e-03 0.000000000000000000e+00
5.175000000000000000e+04 2.069997157978864522e-01 5.689576695493855224e-02 7.850477924442421651e-01 1.561219845243513871e-01 1.934456076467910759e-03 0.000000000000000000e+00
5.200000000000000000e+04 2.079997144249292607e-01 5.678197542102867562e-02 7.847064178425124936e-01 1.571461083295402905e-01 1.365498406918525280e-03 0.000000000000000000e+00
5.225000000000000000e+04 2.089997130519722912e-01 5.678197542102867562e-02 7.837960855712334807e-01 1.582840236686390567e-01 1.137915339098770958e-03 0.000000000000000000e+00
5.250000000000000000e+04 2.099997116790150997e-01 5.496131087847064278e-02 7.866408739189804100e-01 1.569185252617205373e-01 1.479289940828402332e-03 0.000000000000000000e+00
5.275000000000000000e+04 2.109997103060581303e-01 5.621301775147929253e-02 7.848202093764223841e-01 1.572598998634501533e-01 1.706873008648156654e-03 0.000000000000000000e+00
5.300000000000000000e+04 2.119997089331009388e-01 5.996813837050523482e-02 7.824305871643150168e-01 1.569185252617205373e-01 6.827492034592626399e-04 0.000000000000000000e+00
5.325000000000000000e+04 2.129997075601439693e-01 5.757851615839781195e-02 7.849340009103322746e-01 1.560081929904415243e-01 1.479289940828402332e-03 0.000000000000000000e+00
5.350000000000000000e+04 2.139997061871869999e-01 5.928538916704597511e-02 7.818616294947655643e-01 1.572598998634501533e-01 1.593081474738279385e-03 0.000000000000000000e+00
5.375000000000000000e+04 2.149997048142298084e-01 6.008192990441511144e-02 7.796995903504779779e-01 1.582840236686390567e-01 1.934456076467910759e-03 0.000000000000000000e+00
5.400000000000000000e+04 2.159997034412728389e-01 5.962676376877560497e-02 7.819754210286754548e-01 1.571461083295402905e-01 1.251706873008648227e-03 0.000000000000000000e+00
5.425000000000000000e+04 2.169997020683156475e-01 5.894401456531633832e-02 7.812926718252162228e-01 1.577150659990896597e-01 2.048247610377787811e-03 0.000000000000000000e+00
5.450000000000000000e+04 2.179997006953586780e-01 6.235776058261265076e-02 7.793582157487483064e-01 1.578288575329995502e-01 4.551661356395084266e-04 0.000000000000000000e+00
5.475000000000000000e+04 2.189996993224014865e-01 5.974055530268548159e-02 7.812926718252162228e-01 1.577150659990896597e-01 1.251706873008648227e-03 0.000000000000000000e+00
5.500000000000000000e+04 2.199996979494445171e-01 6.247155211652252738e-02 7.798133818843877574e-01 1.565771506599908935e-01 1.137915339098770958e-03 0.000000000000000000e+00
5.525000000000000000e+04 2.209996965764873256e-01 6.178880291306326766e-02 7.801547564861174289e-01 1.564633591260810308e-01 1.593081474738279385e-03 0.000000000000000000e+00
5.550000000000000000e+04 2.219996952035303561e-01 6.042330450614474130e-02 7.825443786982249073e-01 1.556668183887118806e-01 1.365498406918525280e-03 0.000000000000000000e+00
5.575000000000000000e+04 2.229996938305731646e-01 6.304050978607191047e-02 7.826581702321346867e-01 1.529358215748748417e-01 1.365498406918525280e-03 0.000000000000000000e+00
5.600000000000000000e+04 2.239996924576161952e-01 6.406463359126081392e-02 7.806099226217569909e-01 1.539599453800637174e-01 1.365498406918525280e-03 0.000000000000000000e+00
5.625000000000000000e+04 2.249996910846592257e-01 6.736458807464724974e-02 7.794720072826581969e-01 1.513427401001365413e-01 1.820664542558033706e-03 0.000000000000000000e+00
5.650000000000000000e+04 2.259996897117020342e-01 6.918525261720527564e-02 7.795857988165680874e-01 1.503186162949476656e-01 9.103322712790168532e-04 0.000000000000000000e+00
5.675000000000000000e+04 2.269996883387450648e-01 7.020937642239417908e-02 7.790168411470186349e-01 1.487255348202093652e-01 2.048247610377787811e-03 0.000000000000000000e+00
