# itime ezz other fcc hcp bcc ico
0.000000000000000000e+00 0.000000000000000000e+00 5.689576695493854790e-04 9.994310423304506585e-01 0.000000000000000000e+00 0.000000000000000000e+00 0.000000000000000000e+00
2.500000000000000000e+02 1.000053044356574716e-03 4.551661356395084266e-04 9.995448338643604380e-01 0.000000000000000000e+00 0.000000000000000000e+00 0.000000000000000000e+00
5.000000000000000000e+02 2.000106088713149433e-03 1.593081474738279385e-03 9.984069185252617551e-01 0.000000000000000000e+00 0.000000000000000000e+00 0.000000000000000000e+00
7.500000000000000000e+02 3.000159133069946193e-03 1.365498406918525280e-03 9.986345015930814251e-01 0.000000000000000000e+00 0.000000000000000000e+00 0.000000000000000000e+00
1.000000000000000000e+03 4.000212177426520910e-03 7.965407373691396923e-04 9.992034592626308775e-01 0.000000000000000000e+00 0.000000000000000000e+00 0.000000000000000000e+00
1.250000000000000000e+03 5.000265221783095626e-03 7.965407373691396923e-04 9.992034592626308775e-01 0.000000000000000000e+00 0.000000000000000000e+00 0.000000000000000000e+00
1.500000000000000000e+03 6.000318266139670342e-03 3.413746017296313199e-04 9.996586253982703285e-01 0.000000000000000000e+00 0.000000000000000000e+00 0.000000000000000000e+00
1.750000000000000000e+03 7.000371310496245059e-03 1.137915339098770958e-03 9.988620846609012061e-01 0.000000000000000000e+00 0.000000000000000000e+00 0.000000000000000000e+00
2.000000000000000000e+03 8.000424354852819775e-03 2.162039144287664864e-03 9.978379608557123026e-01 0.000000000000000000e+00 0.000000000000000000e+00 0.000000000000000000e+00
2.250000000000000000e+03 9.000477399209616536e-03 1.479289940828402332e-03 9.984069185252617551e-01 0.000000000000000000e+00 1.137915339098771066e-04 0.000000000000000000e+00
2.500000000000000000e+03 1.000053044356619125e-02 6.827492034592626399e-04 9.992034592626308775e-01 0.000000000000000000e+00 1.137915339098771066e-04 0.000000000000000000e+00
2.750000000000000000e+03 1.100058348792276597e-02 1.820664542558033706e-03 9.981793354574419741e-01 0.000000000000000000e+00 0.000000000000000000e+00 0.000000000000000000e+00
3.000000000000000000e+03 1.200063653227934068e-02 1.251706873008648227e-03 9.987482931269913156e-01 0.000000000000000000e+00 0.000000000000000000e+00 0.000000000000000000e+00
3.250000000000000000e+03 1.300068957663591540e-02 3.299954483386436255e-03 9.967000455166135087e-01 0.000000000000000000e+00 0.000000000000000000e+00 0.000000000000000000e+00
3.500000000000000000e+03 1.400074262099271216e-02 2.617205279927173507e-03 9.973827947200728516e-01 0.000000000000000000e+00 0.000000000000000000e+00 0.000000000000000000e+00
3.750000000000000000e+03 1.500079566534928688e-02 6.827492034592626399e-04 9.993172507965407680e-01 0.000000000000000000e+00 0.000000000000000000e+00 0.000000000000000000e+00
4.000000000000000000e+03 1.600084870970586159e-02 2.617205279927173507e-03 9.973827947200728516e-01 0.000000000000000000e+00 0.000000000000000000e+00 0.000000000000000000e+00
4.250000000000000000e+03 1.700090175406243631e-02 2.503413746017296455e-03 9.974965862539827421e-01 0.000000000000000000e+00 0.000000000000000000e+00 0.000000000000000000e+00
4.500000000000000000e+03 1.800095479841901103e-02 2.162039144287664864e-03 9.978379608557123026e-01 0.000000000000000000e+00 0.000000000000000000e+00 0.000000000000000000e+00
4.750000000000000000e+03 1.900100784277558574e-02 1.706873008648156654e-03 9.982931269913518646e-01 0.000000000000000000e+00 0.000000000000000000e+00 0.000000000000000000e+00
5.000000000000000000e+03 2.000106088713238250e-02 2.275830678197541916e-03 9.977241693218024121e-01 0.000000000000000000e+00 0.000000000000000000e+00 0.000000000000000000e+00
5.250000000000000000e+03 2.100111393148895722e-02 1.593081474738279385e-03 9.982931269913518646e-01 0.000000000000000000e+00 1.137915339098771066e-04 0.000000000000000000e+00
5.500000000000000000e+03 2.200116697584553194e-02 2.958579881656804664e-03 9.970414201183431802e-01 0.000000000000000000e+00 0.000000000000000000e+00 0.000000000000000000e+00
5.750000000000000000e+03 2.300122002020210665e-02 3.186162949476558769e-03 9.967000455166135087e-01 0.000000000000000000e+00 1.137915339098771066e-04 0.000000000000000000e+00
6.000000000000000000e+03 2.400127306455868137e-02 3.527537551206190360e-03 9.964724624487938387e-01 0.000000000000000000e+00 0.000000000000000000e+00 0.000000000000000000e+00
6.250000000000000000e+03 2.500132610891547813e-02 9.103322712790168532e-04 9.990896677287209870e-01 0.000000000000000000e+00 0.000000000000000000e+00 0.000000000000000000e+00
6.500000000000000000e+03 2.600137915327205285e-02 4.665452890304961318e-03 9.952207555757851543e-01 0.000000000000000000e+00 1.137915339098771066e-04 0.000000000000000000e+00
6.750000000000000000e+03 2.700143219762862756e-02 2.958579881656804664e-03 9.970414201183431802e-01 0.000000000000000000e+00 0.000000000000000000e+00 0.000000000000000000e+00
7.000000000000000000e+03 2.800148524198520228e-02 2.958579881656804664e-03 9.969276285844332897e-01 0.000000000000000000e+00 1.137915339098771066e-04 0.000000000000000000e+00
7.250000000000000000e+03 2.900153828634177700e-02 2.844788347746927612e-03 9.971552116522530707e-01 0.000000000000000000e+00 0.000000000000000000e+00 0.000000000000000000e+00
7.500000000000000000e+03 3.000159133069835171e-02 3.072371415566681717e-03 9.968138370505233992e-01 0.000000000000000000e+00 1.137915339098771066e-04 0.000000000000000000e+00
7.750000000000000000e+03 3.100164437505514847e-02 5.803368229403732710e-03 9.940828402366863603e-01 0.000000000000000000e+00 1.137915339098771066e-04 0.000000000000000000e+00
8.000000000000000000e+03 3.200169741941172319e-02 6.372325898953117539e-03 9.936276741010469093e-01 0.000000000000000000e+00 0.000000000000000000e+00 0.000000000000000000e+00
8.250000000000000000e+03 3.300175046376829791e-02 2.617205279927173507e-03 9.971552116522530707e-01 0.000000000000000000e+00 2.275830678197542133e-04 0.000000000000000000e+00
8.500000000000000000e+03 3.400180350812487262e-02 4.779244424214838804e-03 9.952207555757851543e-01 0.000000000000000000e+00 0.000000000000000000e+00 0.000000000000000000e+00
8.750000000000000000e+03 3.500185655248144734e-02 5.120619025944469528e-03 9.948793809740554828e-01 0.000000000000000000e+00 0.000000000000000000e+00 0.000000000000000000e+00
9.000000000000000000e+03 3.600190959683802205e-02 8.079198907601274626e-03 9.918070095584888834e-01 0.000000000000000000e+00 1.137915339098771066e-04 0.000000000000000000e+00
9.250000000000000000e+03 3.700196264119481881e-02 6.599908966772872511e-03 9.934000910332271284e-01 0.000000000000000000e+00 0.000000000000000000e+00 0.000000000000000000e+00
9.500000000000000000e+03 3.800201568555139353e-02 8.534365043240782836e-03 9.913518434228493215e-01 0.000000000000000000e+00 1.137915339098771066e-04 0.000000000000000000e+00
9.750000000000000000e+03 3.900206872990796825e-02 5.120619025944469528e-03 9.944242148384160318e-01 0.000000000000000000e+00 4.551661356395084266e-04 0.000000000000000000e+00
1.000000000000000000e+04 4.000212177426454296e-02 5.575785161583977738e-03 9.941966317705962508e-01 0.000000000000000000e+00 2.275830678197542133e-04 0.000000000000000000e+00
1.025000000000000000e+04 4.100217481862111768e-02 8.648156577150659455e-03 9.912380518889394310e-01 0.000000000000000000e+00 1.137915339098771066e-04 0.000000000000000000e+00
1.050000000000000000e+04 4.200222786297791444e-02 1.001365498406918582e-02 9.895311788802912956e-01 0.000000000000000000e+00 4.551661356395084266e-04 0.000000000000000000e+00
1.075000000000000000e+04 4.300228090733448916e-02 8.648156577150659455e-03 9.910104688211197610e-01 0.000000000000000000e+00 3.413746017296313199e-04 0.000000000000000000e+00
1.100000000000000000e+04 4.400233395169106387e-02 8.534365043240782836e-03 9.911242603550295405e-01 0.000000000000000000e+00 3.413746017296313199e-04 0.000000000000000000e+00
1.125000000000000000e+04 4.500238699604763859e-02 1.228948566226672687e-02 9.874829312699134887e-01 0.000000000000000000e+00 2.275830678197542133e-04 0.000000000000000000e+00
1.150000000000000000e+04 4.600244004040421331e-02 1.308602639963586667e-02 9.865725989986344757e-01 0.000000000000000000e+00 3.413746017296313199e-04 0.000000000000000000e+00
1.175000000000000000e+04 4.700249308476078802e-02 1.103777878925807886e-02 9.886208466090122826e-01 0.000000000000000000e+00 3.413746017296313199e-04 0.000000000000000000e+00
1.200000000000000000e+04 4.800254612911758478e-02 1.058261265361857065e-02 9.891898042785616241e-01 0.000000000000000000e+00 2.275830678197542133e-04 0.000000000000000000e+00
1.225000000000000000e+04 4.900259917347415950e-02 1.388256713700500647e-02 9.858898497951752438e-01 0.000000000000000000e+00 2.275830678197542133e-04 0.000000000000000000e+00
1.250000000000000000e+04 5.000265221783073422e-02 1.297223486572599005e-02 9.866863905325443662e-01 0.000000000000000000e+00 3.413746017296313199e-04 0.000000000000000000e+00
1.275000000000000000e+04 5.100270526218730893e-02 1.331360946745562164e-02 9.864588074647245852e-01 0.000000000000000000e+00 2.275830678197542133e-04 0.000000000000000000e+00
1.300000000000000000e+04 5.200275830654388365e-02 1.638598088302230249e-02 9.827036868456986429e-01 0.000000000000000000e+00 9.103322712790168532e-04 0.000000000000000000e+00
1.325000000000000000e+04 5.300281135090068041e-02 1.354119253527537488e-02 9.861174328629950248e-01 0.000000000000000000e+00 3.413746017296313199e-04 0.000000000000000000e+00
1.350000000000000000e+04 5.400286439525725513e-02 1.684114701866181243e-02 9.825898953117887524e-01 0.000000000000000000e+00 5.689576695493854790e-04 0.000000000000000000e+00
1.375000000000000000e+04 5.500291743961382984e-02 2.389622212107419055e-02 9.758761948111061013e-01 0.000000000000000000e+00 2.275830678197542133e-04 0.000000000000000000e+00
1.400000000000000000e+04 5.600297048397040456e-02 1.911697769685935522e-02 9.800864815657714946e-01 0.000000000000000000e+00 7.965407373691396923e-04 0.000000000000000000e+00
1.425000000000000000e+04 5.700302352832697927e-02 2.116522530723714129e-02 9.774692762858443462e-01 0.000000000000000000e+00 1.365498406918525280e-03 0.000000000000000000e+00
1.450000000000000000e+04 5.800307657268355399e-02 2.127901684114701791e-02 9.778106508875740177e-01 0.000000000000000000e+00 9.103322712790168532e-04 0.000000000000000000e+00
1.475000000000000000e+04 5.900312961704035075e-02 2.526172052799271692e-02 9.739417387346381849e-01 0.000000000000000000e+00 7.965407373691396923e-04 0.000000000000000000e+00
1.500000000000000000e+04 6.000318266139692547e-02 2.423759672280382388e-02 9.749658625398270884e-01 0.000000000000000000e+00 7.965407373691396923e-04 0.000000000000000000e+00
1.525000000000000000e+04 6.100323570575350018e-02 3.789258079198907364e-02 9.600591715976330986e-01 0.000000000000000000e+00 2.048247610377787811e-03 0.000000000000000000e+00
1.550000000000000000e+04 6.200328875011007490e-02 3.459262630860263782e-02 9.632453345471096995e-01 0.000000000000000000e+00 2.162039144287664864e-03 0.000000000000000000e+00
1.575000000000000000e+04 6.300334179446664962e-02 2.947200728265816916e-02 9.687073281747837772e-01 0.000000000000000000e+00 1.820664542558033706e-03 0.000000000000000000e+00
1.600000000000000000e+04 6.400339483882344638e-02 3.720983158852981393e-02 9.604005461993627701e-01 0.000000000000000000e+00 2.389622212107419402e-03 0.000000000000000000e+00
1.625000000000000000e+04 6.500344788318002109e-02 2.969959035047792587e-02 9.676832043695948737e-01 0.000000000000000000e+00 2.617205279927173507e-03 0.000000000000000000e+00
1.650000000000000000e+04 6.600350092753659581e-02 3.527537551206190447e-02 9.611970869367318926e-01 0.000000000000000000e+00 3.527537551206190360e-03 0.000000000000000000e+00
1.675000000000000000e+04 6.700355397189317053e-02 4.722348657259899801e-02 9.515248065543923106e-01 0.000000000000000000e+00 1.251706873008648227e-03 0.000000000000000000e+00
1.700000000000000000e+04 6.800360701624974524e-02 4.301319981793354230e-02 9.552799271734182529e-01 0.000000000000000000e+00 1.706873008648156654e-03 0.000000000000000000e+00
1.725000000000000000e+04 6.900366006060631996e-02 4.437869822485206867e-02 9.522075557578516536e-01 0.000000000000000000e+00 3.413746017296313308e-03 0.000000000000000000e+00
1.750000000000000000e+04 7.000371310496311672e-02 5.200273099681383682e-02 9.442421483841602070e-01 0.000000000000000000e+00 3.755120619025944465e-03 0.000000000000000000e+00
1.775000000000000000e+04 7.100376614931969144e-02 5.029585798816568060e-02 9.462903959945380139e-01 0.000000000000000000e+00 3.413746017296313308e-03 0.000000000000000000e+00
1.800000000000000000e+04 7.200381919367626615e-02 5.370960400546199304e-02 9.416249431042330587e-01 0.000000000000000000e+00 4.665452890304961318e-03 0.000000000000000000e+00
1.825000000000000000e+04 7.300387223803284087e-02 5.837505689576695522e-02 9.378698224852071164e-01 0.000000000000000000e+00 3.755120619025944465e-03 0.000000000000000000e+00
1.850000000000000000e+04 7.400392528238941559e-02 6.372325898953118406e-02 9.316112881201638052e-01 0.000000000000000000e+00 4.665452890304961318e-03 0.000000000000000000e+00
1.875000000000000000e+04 7.500397832674621235e-02 7.032316795630405570e-02 9.233045061447427981e-01 1.137915339098771066e-04 6.258534365043240920e-03 0.000000000000000000e+00
1.900000000000000000e+04 7.600403137110278706e-02 6.508875739644970349e-02 9.300182066454255603e-01 0.000000000000000000e+00 4.893035958124715423e-03 0.000000000000000000e+00
1.925000000000000000e+04 7.700408441545936178e-02 8.716431497496586467e-02 9.016841147018661573e-01 0.000000000000000000e+00 1.115157032316795548e-02 0.000000000000000000e+00
1.950000000000000000e+04 7.800413745981593650e-02 7.589895311788802390e-02 9.171597633136094885e-01 1.137915339098771066e-04 6.827492034592626616e-03 0.000000000000000000e+00
1.975000000000000000e+04 7.900419050417251121e-02 9.057806099226217711e-02 8.994082840236686804e-01 0.000000000000000000e+00 1.001365498406918582e-02 0.000000000000000000e+00
2.000000000000000000e+04 8.000424354852908593e-02 1.016158397815202508e-01 8.798361401911697355e-01 0.000000000000000000e+00 1.854802002730996865e-02 0.000000000000000000e+00
2.025000000000000000e+04 8.100429659288588269e-02 1.202776513427400995e-01 8.603777878925807920e-01 0.000000000000000000e+00 1.934456076467910846e-02 0.000000000000000000e+00
2.050000000000000000e+04 8.200434963724245740e-02 1.219845243513882627e-01 8.525261720527992360e-01 2.275830678197542133e-04 2.526172052799271692e-02 0.000000000000000000e+00
2.075000000000000000e+04 8.300440268159903212e-02 1.421256258534364936e-01 8.109922621756940897e-01 1.137915339098771066e-04 4.676832043695949154e-02 0.000000000000000000e+00
2.100000000000000000e+04 8.400445572595560684e-02 1.711424670004551563e-01 7.473827947200728516e-01 4.324078288575329727e-03 7.715065999089668058e-02 0.000000000000000000e+00
2.125000000000000000e+04 8.500450877031218155e-02 1.973145197997268896e-01 6.793354574419663283e-01 2.537551206190259354e-02 9.797451069640418508e-02 0.000000000000000000e+00
2.150000000000000000e+04 8.600456181466897831e-02 1.995903504779244497e-01 6.585116067364588099e-01 7.055075102412380894e-02 7.134729176149294527e-02 0.000000000000000000e+00
2.175000000000000000e+04 8.700461485902555303e-02 1.652253072371415443e-01 6.558944014565316616e-01 1.378015475648611821e-01 4.107874374146563284e-02 0.000000000000000000e+00
2.200000000000000000e+04 8.800466790338212775e-02 1.175466545289030468e-01 6.469048702776513116e-01 1.986800182066454368e-01 3.686845698680018407e-02 0.000000000000000000e+00
2.225000000000000000e+04 8.900472094773870246e-02 9.069185252617205373e-02 6.552116522530723186e-01 2.296313154301319881e-01 2.446517979062357712e-02 0.000000000000000000e+00
2.250000000000000000e+04 9.000477399209527718e-02 7.862994993172507663e-02 6.669321802457897075e-01 2.420345926263086089e-01 1.240327719617660522e-02 0.000000000000000000e+00
2.275000000000000000e+04 9.100482703645185190e-02 8.079198907601274626e-02 6.628356850250340937e-01 2.436276741010468816e-01 1.274465179790623508e-02 0.000000000000000000e+00
2.300000000000000000e+04 9.200488008080864866e-02 8.375056895766955223e-02 6.604460628129267263e-01 2.438552571688666348e-01 1.194811106053709528e-02 0.000000000000000000e+00
2.325000000000000000e+04 9.300493312516522337e-02 8.079198907601274626e-02 6.622667273554847522e-01 2.420345926263086089e-01 1.490669094219390124e-02 0.000000000000000000e+00
2.350000000000000000e+04 9.400498616952179809e-02 7.783340919435594030e-02 6.681838871187983919e-01 2.436276741010468816e-01 1.035502958579881741e-02 0.000000000000000000e+00
2.375000000000000000e+04 9.500503921387837281e-02 8.136094674556212936e-02 6.643149749658625591e-01 2.421483841602184717e-01 1.217569412835685025e-02 0.000000000000000000e+00
2.400000000000000000e+04 9.600509225823494752e-02 7.919890760127445972e-02 6.645425580336823401e-01 2.437414656349567721e-01 1.251706873008648184e-02 0.000000000000000000e+00
2.425000000000000000e+04 9.700514530259152224e-02 9.387801547564861293e-02 6.504324078288575839e-01 2.426035502958579781e-01 1.308602639963586667e-02 0.000000000000000000e+00
2.450000000000000000e+04 9.800519834694831900e-02 1.030951297223486607e-01 6.418980427856167958e-01 2.428311333636777314e-01 1.217569412835685025e-02 0.000000000000000000e+00
2.475000000000000000e+04 9.900525139130489372e-02 9.399180700955848955e-02 6.515703231679562668e-01 2.416932180245789652e-01 1.274465179790623508e-02 0.000000000000000000e+00
2.500000000000000000e+04 1.000053044356614684e-01 1.017296313154301274e-01 6.430359581247154788e-01 2.358898497951752438e-01 1.934456076467910846e-02 0.000000000000000000e+00
2.525000000000000000e+04 1.010053574800180431e-01 1.184569868001820597e-01 6.242603550295857673e-01 2.401001365498406925e-01 1.718252162039144229e-02 0.000000000000000000e+00
2.550000000000000000e+04 1.020054105243746179e-01 1.251706873008648080e-01 6.157259899863449792e-01 2.349795175238962308e-01 2.412380518889394726e-02 0.000000000000000000e+00
2.575000000000000000e+04 1.030054635687314146e-01 1.235776058261265353e-01 6.164087391898043222e-01 2.377105143377332697e-01 2.230314064633591095e-02 0.000000000000000000e+00
2.600000000000000000e+04 1.040055166130879893e-01 1.310878470641784199e-01 6.074192080109239722e-01 2.377105143377332697e-01 2.378243058716431393e-02 0.000000000000000000e+00
2.625000000000000000e+04 1.050055696574445641e-01 1.448566226672735602e-01 5.922849340009103125e-01 2.333864360491579304e-01 2.947200728265816916e-02 0.000000000000000000e+00
2.650000000000000000e+04 1.060056227018011388e-01 1.547564861174328676e-01 5.821574874829312796e-01 2.275830678197542090e-01 3.550295857988165771e-02 0.000000000000000000e+00
2.675000000000000000e+04 1.070056757461577135e-01 1.838871187983613931e-01 5.490441511151570309e-01 2.291761492944924816e-01 3.789258079198907364e-02 0.000000000000000000e+00
2.700000000000000000e+04 1.080057287905142882e-01 1.818388711879836139e-01 5.435821574874829532e-01 2.236003641329085134e-01 5.097860719162494031e-02 0.000000000000000000e+00
2.725000000000000000e+04 1.090057818348710850e-01 2.006144742831133254e-01 5.098998634501593630e-01 2.214383249886208438e-01 6.804733727810650945e-02 0.000000000000000000e+00
2.750000000000000000e+04 1.100058348792276597e-01 2.267865270823850588e-01 4.578971324533454568e-01 2.080109239872553473e-01 1.073054164770141095e-01 0.000000000000000000e+00
2.775000000000000000e+04 1.110058879235842344e-01 2.341829767865270806e-01 4.314974965862539702e-01 2.127901684114701930e-01 1.215293582157487423e-01 0.000000000000000000e+00
2.800000000000000000e+04 1.120059409679408091e-01 2.654756486117432757e-01 3.790395994538006130e-01 1.945835229858898507e-01 1.609012289485662328e-01 0.000000000000000000e+00
2.825000000000000000e+04 1.130059940122973838e-01 2.641101502048247562e-01 3.247610377787892855e-01 2.019799726900318726e-01 2.091488393263541135e-01 0.000000000000000000e+00
2.850000000000000000e+04 1.140060470566541806e-01 2.734410559854346667e-01 2.789030496131087999e-01 2.183659535730541612e-01 2.292899408284023721e-01 0.000000000000000000e+00
2.875000000000000000e+04 1.150061001010107553e-01 2.865270823850705750e-01 2.559171597633135842e-01 2.335002275830678209e-01 2.240555302685480199e-01 0.000000000000000000e+00
2.900000000000000000e+04 1.160061531453673300e-01 2.522758306781975324e-01 2.744651797906235702e-01 2.711652253072371344e-01 2.020937642239417353e-01 0.000000000000000000e+00
2.925000000000000000e+04 1.170062061897239047e-01 2.552344105598543522e-01 2.751479289940828576e-01 2.671825216203914666e-01 2.024351388256713791e-01 0.000000000000000000e+00
2.950000000000000000e+04 1.180062592340804795e-01 2.353208921256258468e-01 2.908511606736458588e-01 2.771961766044606090e-01 1.966317705962676299e-01 0.000000000000000000e+00
2.975000000000000000e+04 1.190063122784370542e-01 2.581929904415111721e-01 2.851615839781520001e-01 2.824305871643149612e-01 1.742148384160218388e-01 0.000000000000000000e+00
3.000000000000000000e+04 1.200063653227938509e-01 2.610377787892581014e-01 2.812926718252162228e-01 2.833409194355939742e-01 1.743286299499317293e-01 0.000000000000000000e+00
3.025000000000000000e+04 1.210064183671504257e-01 2.597860719162494170e-01 2.842512517068729871e-01 3.000682749203459343e-01 1.558944014565316338e-01 0.000000000000000000e+00
3.050000000000000000e+04 1.220064714115070004e-01 2.539827036868457233e-01 2.810650887573964418e-01 3.106508875739644737e-01 1.543013199817933612e-01 0.000000000000000000e+00
3.075000000000000000e+04 1.230065244558635751e-01 2.628584433318161273e-01 2.639963586709148657e-01 3.026854802002730827e-01 1.704597177969958965e-01 0.000000000000000000e+00
3.100000000000000000e+04 1.240065775002201498e-01 2.669549385525716856e-01 2.526172052799271484e-01 3.041647701411014926e-01 1.762630860263996457e-01 0.000000000000000000e+00
3.125000000000000000e+04 1.250066305445769466e-01 2.712790168411470249e-01 2.407828857532999522e-01 3.090578060992262288e-01 1.788802913063268218e-01 0.000000000000000000e+00
3.150000000000000000e+04 1.260066835889335213e-01 2.699135184342285054e-01 2.349795175238962308e-01 3.080336822940373254e-01 1.870732817478379661e-01 0.000000000000000000e+00
3.175000000000000000e+04 1.270067366332900960e-01 2.738962221210741732e-01 2.439690487027765253e-01 3.097405553026854608e-01 1.723941738734638129e-01 0.000000000000000000e+00
3.200000000000000000e+04 1.280067896776466707e-01 2.828857532999544677e-01 2.266727355484751960e-01 3.155439235320892100e-01 1.748975876194810986e-01 0.000000000000000000e+00
3.225000000000000000e+04 1.290068427220032454e-01 2.895994538006372299e-01 1.973145197997268896e-01 3.027992717341829731e-01 2.102867546654528796e-01 0.000000000000000000e+00
3.250000000000000000e+04 1.300068957663598201e-01 2.756030951297223641e-01 1.985662266727355463e-01 3.129267182521620616e-01 2.129039599453800558e-01 0.000000000000000000e+00
3.275000000000000000e+04 1.310069488107166169e-01 2.898270368684570109e-01 1.948111060537096040e-01 3.301092398725534727e-01 1.852526172052799402e-01 0.000000000000000000e+00
3.300000000000000000e+04 1.320070018550731916e-01 2.740100136549840637e-01 1.944697314519799602e-01 3.526399635867091265e-01 1.788802913063268218e-01 0.000000000000000000e+00
3.325000000000000000e+04 1.330070548994297663e-01 2.775375512061902805e-01 1.876422394173873354e-01 3.501365498406918686e-01 1.846836595357305433e-01 0.000000000000000000e+00
3.350000000000000000e+04 1.340071079437863411e-01 2.891442876649977234e-01 1.861629494765589532e-01 3.581019572143832597e-01 1.665908056440600915e-01 0.000000000000000000e+00
3.375000000000000000e+04 1.350071609881429158e-01 2.715065999089667503e-01 1.743286299499317293e-01 3.553709604005462208e-01 1.987938097405552995e-01 0.000000000000000000e+00
3.400000000000000000e+04 1.360072140324997125e-01 2.646791078743741532e-01 1.761492944924897552e-01 3.673190714610832797e-01 1.918525261720528119e-01 0.000000000000000000e+00
3.425000000000000000e+04 1.370072670768562872e-01 2.833409194355939742e-01 1.720527992717341692e-01 3.702776513427400995e-01 1.743286299499317293e-01 0.000000000000000000e+00
3.450000000000000000e+04 1.380073201212128620e-01 2.865270823850705750e-01 1.594219390077378229e-01 3.702776513427400995e-01 1.837733272644515303e-01 0.000000000000000000e+00
3.475000000000000000e+04 1.390073731655694367e-01 2.848202093764223841e-01 1.513427401001365413e-01 3.857532999544833752e-01 1.780837505689576716e-01 0.000000000000000000e+00
3.500000000000000000e+04 1.400074262099260114e-01 2.971096950386891145e-01 1.458807464724624359e-01 3.884842967683204140e-01 1.685252617205279801e-01 0.000000000000000000e+00
3.525000000000000000e+04 1.410074792542825861e-01 2.947200728265816916e-01 1.428083750568957533e-01 3.860946745562129911e-01 1.763768775603095085e-01 0.000000000000000000e+00
3.550000000000000000e+04 1.420075322986393829e-01 3.009786071916249472e-01 1.359808830223031284e-01 3.899635867091488239e-01 1.730769230769230727e-01 0.000000000000000000e+00
3.575000000000000000e+04 1.430075853429959576e-01 3.002958579881656598e-01 1.355257168866636219e-01 3.908739189804278369e-01 1.733045061447428259e-01 0.000000000000000000e+00
3.600000000000000000e+04 1.440076383873525323e-01 2.958579881656804855e-01 1.376877560309512916e-01 3.955393718707327921e-01 1.709148839326354030e-01 0.000000000000000000e+00
3.625000000000000000e+04 1.450076914317091070e-01 2.972234865725990050e-01 1.232362312243969055e-01 3.980427856167501055e-01 1.814974965862539702e-01 0.000000000000000000e+00
3.650000000000000000e+04 1.460077444760656817e-01 2.883477469276286009e-01 1.166363222576240338e-01 4.039599453800637452e-01 1.910559854346836617e-01 0.000000000000000000e+00
3.675000000000000000e+04 1.470077975204224785e-01 3.035958124715520956e-01 1.108329540282202985e-01 4.159080564406008040e-01 1.696631770596267741e-01 0.000000000000000000e+00
3.700000000000000000e+04 1.480078505647790532e-01 2.992717341829768118e-01 9.501593081474737912e-02 4.142011834319526686e-01 1.915111515703231682e-01 0.000000000000000000e+00
3.725000000000000000e+04 1.490079036091356279e-01 2.944924897587619661e-01 8.807464724624487762e-02 4.292216659080564378e-01 1.882111970869367323e-01 0.000000000000000000e+00
3.750000000000000000e+04 1.500079566534922026e-01 2.867546654528903005e-01 7.692307692307692735e-02 4.288802913063268218e-01 2.074419663177059503e-01 0.000000000000000000e+00
3.775000000000000000e+04 1.510080096978487774e-01 2.935821574874829532e-01 7.612653618570777714e-02 4.402594446973145392e-01 1.900318616294947582e-01 0.000000000000000000e+00
3.800000000000000000e+04 1.520080627422053521e-01 2.902822030040965173e-01 6.941283568502502888e-02 4.585798816568047442e-01 1.817250796540737234e-01 0.000000000000000000e+00
3.825000000000000000e+04 1.530081157865621488e-01 2.781065088757396220e-01 6.110605370960400795e-02 4.695038689121529552e-01 1.912835685025034149e-01 0.000000000000000000e+00
3.850000000000000000e+04 1.540081688309187236e-01 2.697997269003186149e-01 5.814747382794720199e-02 4.762175694128356618e-01 1.958352298588985074e-01 0.000000000000000000e+00
3.875000000000000000e+04 1.550082218752752983e-01 2.801547564861174289e-01 5.746472462448793533e-02 4.797451069640418786e-01 1.826354119253527641e-01 0.000000000000000000e+00
3.900000000000000000e+04 1.560082749196318730e-01 2.686618115612198210e-01 5.302685480200273332e-02 5.037551206190259423e-01 1.745562130177514826e-01 0.000000000000000000e+00
3.925000000000000000e+04 1.570083279639884477e-01 2.587619481110605135e-01 5.120619025944470049e-02 5.035275375512061613e-01 1.865043240782885692e-01 0.000000000000000000e+00
3.950000000000000000e+04 1.580083810083450224e-01 2.538689121529358328e-01 5.314064633591260994e-02 5.113791533909877174e-01 1.816112881201638607e-01 0.000000000000000000e+00
3.975000000000000000e+04 1.590084340527018192e-01 2.616067364588074429e-01 5.006827492034592736e-02 5.186618115612198210e-01 1.696631770596267741e-01 0.000000000000000000e+00
4.000000000000000000e+04 1.600084870970583939e-01 2.515930814747383004e-01 4.847519344560764776e-02 5.211652253072371899e-01 1.787664997724169313e-01 0.000000000000000000e+00
4.025000000000000000e+04 1.610085401414149686e-01 2.534137460172963263e-01 5.006827492034592736e-02 5.178652708238506985e-01 1.786527082385070686e-01 0.000000000000000000e+00
4.050000000000000000e+04 1.620085931857715433e-01 2.560309512972234747e-01 4.779244424214838111e-02 5.344788347746927126e-01 1.616977696859353553e-01 0.000000000000000000e+00
4.075000000000000000e+04 1.630086462301281180e-01 2.542102867546654488e-01 4.278561675011378906e-02 5.350477924442421651e-01 1.679563040509786109e-01 0.000000000000000000e+00
4.100000000000000000e+04 1.640086992744849148e-01 2.542102867546654488e-01 5.097860719162494031e-02 5.366408739189804100e-01 1.581702321347291662e-01 0.000000000000000000e+00
4.125000000000000000e+04 1.650087523188414895e-01 2.538689121529358328e-01 4.699590350477924477e-02 5.508648156577150568e-01 1.482703686845698587e-01 0.000000000000000000e+00
4.150000000000000000e+04 1.660088053631980642e-01 2.421483841602184717e-01 5.234410559854346667e-02 5.671370050068275104e-01 1.383705052344105513e-01 0.000000000000000000e+00
4.175000000000000000e+04 1.670088584075546390e-01 2.345243513882567243e-01 5.314064633591260994e-02 5.722576240327719166e-01 1.400773782430587144e-01 0.000000000000000000e+00
4.200000000000000000e+04 1.680089114519112137e-01 2.368001820664542567e-01 6.053709604005461792e-02 5.778334091943558848e-01 1.248293126991351781e-01 0.000000000000000000e+00
4.225000000000000000e+04 1.690089644962677884e-01 2.300864815657714946e-01 7.692307692307692735e-02 5.850022758306782089e-01 1.079881656804733692e-01 0.000000000000000000e+00
4.250000000000000000e+04 1.700090175406245852e-01 2.281520254893036059e-01 6.929904415111515226e-02 6.033227127901683584e-01 9.922621756941284177e-02 0.000000000000000000e+00
4.275000000000000000e+04 1.710090705849811599e-01 2.330450614474283144e-01 7.806099226217569353e-02 5.997951752389621971e-01 8.909877105143376719e-02 0.000000000000000000e+00
4.300000000000000000e+04 1.720091236293377346e-01 2.253072371415566766e-01 7.510241238051888757e-02 6.017296313154301135e-01 9.786071916249430847e-02 0.000000000000000000e+00
4.325000000000000000e+04 1.730091766736943093e-01 2.269003186162949492e-01 7.658170232134729749e-02 6.045744196631770428e-01 9.194355939918069653e-02 0.000000000000000000e+00
4.350000000000000000e+04 1.740092297180508840e-01 2.167728720983158885e-01 8.739189804278561791e-02 6.140191169776968438e-01 8.181611288120163583e-02 0.000000000000000000e+00
4.375000000000000000e+04 1.750092827624076808e-01 1.990213928083750528e-01 9.114701866181156020e-02 6.235776058261265353e-01 8.625398270368685172e-02 0.000000000000000000e+00
4.400000000000000000e+04 1.760093358067642555e-01 1.978834774692762866e-01 8.921256258534364381e-02 6.252844788347746707e-01 8.761948111060537114e-02 0.000000000000000000e+00
4.425000000000000000e+04 1.770093888511208302e-01 2.097177969959035104e-01 8.534365043240782489e-02 6.267637687756031362e-01 7.817478379608557015e-02 0.000000000000000000e+00
4.450000000000000000e+04 1.780094418954774049e-01 2.005006827492034627e-01 9.080564406008193035e-02 6.429221665908056993e-01 6.577150659990896320e-02 0.000000000000000000e+00
4.475000000000000000e+04 1.790094949398339796e-01 1.962903959945380139e-01 9.137460172963131344e-02 6.418980427856167958e-01 7.043695949021393232e-02 0.000000000000000000e+00
4.500000000000000000e+04 1.800095479841905544e-01 2.041420118343195145e-01 9.194355939918069653e-02 6.426945835229859183e-01 6.121984524351388457e-02 0.000000000000000000e+00
4.525000000000000000e+04 1.810096010285473511e-01 1.979972690031861493e-01 9.182976786527081992e-02 6.412152935821574529e-01 6.895766954938552240e-02 0.000000000000000000e+00
4.550000000000000000e+04 1.820096540729039258e-01 1.968593536640873831e-01 9.228493400091032639e-02 6.409877105143377829e-01 6.986800182066454923e-02 0.000000000000000000e+00
4.575000000000000000e+04 1.830097071172605006e-01 2.034592626308602548e-01 9.171597633136094330e-02 6.456531634046427381e-01 5.917159763313609155e-02 0.000000000000000000e+00
4.600000000000000000e+04 1.840097601616170753e-01 1.991351843422849432e-01 9.467455621301774926e-02 6.508875739644970349e-01 5.530268548020027264e-02 0.000000000000000000e+00
4.625000000000000000e+04 1.850098132059736500e-01 2.031178880291306388e-01 9.239872553482020301e-02 6.438324988620847122e-01 6.065088757396449454e-02 0.000000000000000000e+00
4.650000000000000000e+04 1.860098662503304467e-01 2.077833409194355940e-01 9.080564406008193035e-02 6.432635411925352598e-01 5.814747382794720199e-02 0.000000000000000000e+00
4.675000000000000000e+04 1.870099192946870215e-01 2.014110150204824756e-01 9.126081019572143682e-02 6.463359126081019701e-01 6.099226217569413133e-02 0.000000000000000000e+00
4.700000000000000000e+04 1.880099723390435962e-01 1.994765589440145592e-01 9.069185252617205373e-02 6.494082840236686804e-01 6.042330450614474130e-02 0.000000000000000000e+00
4.725000000000000000e+04 1.890100253834001709e-01 1.973145197997268896e-01 9.365043240782885969e-02 6.491807009558488994e-01 5.985434683659535821e-02 0.000000000000000000e+00
4.750000000000000000e+04 1.900100784277567456e-01 2.000455166135639562e-01 9.399180700955848955e-02 6.507737824305871444e-01 5.518889394629039602e-02 0.000000000000000000e+00
4.775000000000000000e+04 1.910101314721133203e-01 1.970869367319071364e-01 9.512972234865725574e-02 6.560081929904415521e-01 5.177514792899408358e-02 0.000000000000000000e+00
4.800000000000000000e+04 1.920101845164701171e-01 1.943559399180700975e-01 9.717796995903504875e-02 6.576012744651797970e-01 5.086481565771506369e-02 0.000000000000000000e+00
4.825000000000000000e+04 1.930102375608266918e-01 1.937869822485207005e-01 9.797451069640418508e-02 6.605598543468366168e-01 4.767865270823850449e-02 0.000000000000000000e+00
4.850000000000000000e+04 1.940102906051832665e-01 1.924214838416021811e-01 9.888484296768319803e-02 6.611288120163859583e-01 4.756486117432862787e-02 0.000000000000000000e+00
4.875000000000000000e+04 1.950103436495398412e-01 1.966317705962676299e-01 1.013882567137004975e-01 6.624943104233045332e-01 3.948566226672735324e-02 0.000000000000000000e+00
4.900000000000000000e+04 1.960103966938964160e-01 1.951524806554392477e-01 1.009330905780609910e-01 6.578288575329995780e-01 4.608557123350022489e-02 0.000000000000000000e+00
4.925000000000000000e+04 1.970104497382532127e-01 1.952662721893491105e-01 1.032089212562585373e-01 6.619253527537550807e-01 3.959945380063722986e-02 0.000000000000000000e+00
4.950000000000000000e+04 1.980105027826097874e-01 1.934456076467910846e-01 1.003641329085116080e-01 6.599908966772871644e-01 4.619936276741010150e-02 0.000000000000000000e+00
4.975000000000000000e+04 1.990105558269663621e-01 1.894629039599453890e-01 1.041192535275375503e-01 6.624943104233045332e-01 4.392353208921256219e-02 0.000000000000000000e+00
5.000000000000000000e+04 2.000106088713229369e-01 1.949248975876194945e-01 1.063950842057350965e-01 6.612426035502958488e-01 3.743741465634956717e-02 0.000000000000000000e+00
5.025000000000000000e+04 2.010106619156795116e-01 1.945835229858898507e-01 1.053709604005461931e-01 6.597633136094674944e-01 4.028220300409649651e-02 0.000000000000000000e+00
5.050000000000000000e+04 2.020107149600360863e-01 1.956076467910787542e-01 1.088984979517523960e-01 6.621529358215748617e-01 3.334091943559399501e-02 0.000000000000000000e+00
5.075000000000000000e+04 2.030107680043928831e-01 1.974283113336367801e-01 1.084433318161128756e-01 6.622667273554847522e-01 3.186162949476559203e-02 0.000000000000000000e+00
5.100000000000000000e+04 2.040108210487494578e-01 1.946973145197997135e-01 1.107191624943104219e-01 6.598771051433773849e-01 3.470641784251251444e-02 0.000000000000000000e+00
5.125000000000000000e+04 2.050108740931060325e-01 1.883249886208466228e-01 1.126536185707783383e-01 6.628356850250340937e-01 3.618570778334091742e-02 0.000000000000000000e+00
5.150000000000000000e+04 2.060109271374626072e-01 1.937869822485207005e-01 1.120846609012289552e-01 6.623805188893946427e-01 3.174783796085571541e-02 0.000000000000000000e+00
5.175000000000000000e+04 2.070109801818191819e-01 1.941283568502503443e-01 1.111743286299499284e-01 6.628356850250340937e-01 3.186162949476559203e-02 0.000000000000000000e+00
5.200000000000000000e+04 2.080110332261757566e-01 1.911697769685935244e-01 1.131087847064178448e-01 6.626081019572144237e-01 3.311333636777423484e-02 0.000000000000000000e+00
5.225000000000000000e+04 2.090110862705325534e-01 1.898042785616750050e-01 1.147018661811561174e-01 6.669321802457897075e-01 2.856167501137915274e-02 0.000000000000000000e+00
5.250000000000000000e+04 2.100111393148891281e-01 1.900318616294947582e-01 1.158397815202548975e-01 6.679563040509786109e-01 2.617205279927173334e-02 0.000000000000000000e+00
5.275000000000000000e+04 2.110111923592457028e-01 1.925352753755120716e-01 1.150432407828857473e-01 6.613563950842057393e-01 3.106508875739644876e-02 0.000000000000000000e+00
5.300000000000000000e+04 2.120112454036022775e-01 1.915111515703231682e-01 1.162949476558944040e-01 6.655666818388711325e-01 2.662721893491124328e-02 0.000000000000000000e+00
5.325000000000000000e+04 2.130112984479588523e-01 1.890077378243058825e-01 1.165225307237141572e-01 6.671597633136094885e-01 2.730996813837050646e-02 0.000000000000000000e+00
5.350000000000000000e+04 2.140113514923156490e-01 1.912835685025034149e-01 1.181156121984524299e-01 6.606736458807465073e-01 2.992717341829767910e-02 0.000000000000000000e+00
5.375000000000000000e+04 2.150114045366722237e-01 1.917387346381429214e-01 1.184569868001820597e-01 6.581702321347291385e-01 3.163404642694583185e-02 0.000000000000000000e+00
5.400000000000000000e+04 2.160114575810287985e-01 1.950386891215293572e-01 1.206190259444697294e-01 6.549840691852526486e-01 2.935821574874829254e-02 0.000000000000000000e+00
5.425000000000000000e+04 2.170115106253853732e-01 1.962903959945380139e-01 1.208466090122894826e-01 6.538461538461538547e-01 2.901684114701866268e-02 0.000000000000000000e+00
5.450000000000000000e+04 2.180115636697419479e-01 1.923076923076923184e-01 1.263086026399635742e-01 6.547564861174328676e-01 2.662721893491124328e-02 0.000000000000000000e+00
5.475000000000000000e+04 2.190116167140985226e-01 1.787664997724169313e-01 1.343878015475648557e-01 6.614701866181156298e-01 2.537551206190259354e-02 0.000000000000000000e+00
5.500000000000000000e+04 2.200116697584553194e-01 1.830905780609922706e-01 1.432635411925352875e-01 6.459945380063722986e-01 2.765134274010013632e-02 0.000000000000000000e+00
5.525000000000000000e+04 2.210117228028118941e-01 9.831588529813381494e-02 1.484979517523896120e-01 7.399863450159308575e-01 1.319981793354574502e-02 0.000000000000000000e+00
5.550000000000000000e+04 2.220117758471684688e-01 4.107874374146563284e-02 1.993627674101046965e-01 7.510241238051889034e-01 8.534365043240782836e-03 0.000000000000000000e+00
5.575000000000000000e+04 2.230118288915250435e-01 3.470641784251251444e-02 2.061902594446973214e-01 7.527309968138370389e-01 6.372325898953117539e-03 0.000000000000000000e+00
5.600000000000000000e+04 2.240118819358816182e-01 2.514792899408284030e-02 2.196176604460628179e-01 7.501137915339098905e-01 5.120619025944469528e-03 0.000000000000000000e+00
5.625000000000000000e+04 2.250119349802384150e-01 1.809285389167045871e-02 2.234865725989986229e-01 7.560309512972235302e-01 2.389622212107419402e-03 0.000000000000000000e+00
5.650000000000000000e+04 2.260119880245949897e-01 5.689576695493854790e-04 2.306554392353208915e-01 7.687756030951297115e-01 0.000000000000000000e+00 0.000000000000000000e+00
5.675000000000000000e+04 2.270120410689515644e-01 1.706873008648156654e-03 2.304278561675011383e-01 7.678652708238506985e-01 0.000000000000000000e+00 0.000000000000000000e+00
