# itime ezz other fcc hcp bcc ico
0.000000000000000000e+00 0.000000000000000000e+00 0.000000000000000000e+00 1.000000000000000000e+00 0.000000000000000000e+00 0.000000000000000000e+00 0.000000000000000000e+00
2.500000000000000000e+03 1.000002204946315310e-02 0.000000000000000000e+00 1.000000000000000000e+00 0.000000000000000000e+00 0.000000000000000000e+00 0.000000000000000000e+00
5.000000000000000000e+03 2.000004409892630619e-02 0.000000000000000000e+00 1.000000000000000000e+00 0.000000000000000000e+00 0.000000000000000000e+00 0.000000000000000000e+00
7.500000000000000000e+03 3.000006614838923724e-02 0.000000000000000000e+00 1.000000000000000000e+00 0.000000000000000000e+00 0.000000000000000000e+00 0.000000000000000000e+00
1.000000000000000000e+04 4.000008819785239034e-02 0.000000000000000000e+00 1.000000000000000000e+00 0.000000000000000000e+00 0.000000000000000000e+00 0.000000000000000000e+00
1.250000000000000000e+04 5.000011024731554343e-02 0.000000000000000000e+00 1.000000000000000000e+00 0.000000000000000000e+00 0.000000000000000000e+00 0.000000000000000000e+00
1.500000000000000000e+04 6.000013229677869653e-02 4.551661356395084266e-04 9.995448338643604380e-01 0.000000000000000000e+00 0.000000000000000000e+00 0.000000000000000000e+00
1.750000000000000000e+04 7.000015434624162758e-02 2.275830678197542133e-04 9.997724169321802190e-01 0.000000000000000000e+00 0.000000000000000000e+00 0.000000000000000000e+00
2.000000000000000000e+04 8.000017639570478067e-02 1.706873008648156654e-03 9.982931269913518646e-01 0.000000000000000000e+00 0.000000000000000000e+00 0.000000000000000000e+00
2.250000000000000000e+04 9.000019844516793377e-02 2.617205279927173507e-03 9.973827947200728516e-01 0.000000000000000000e+00 0.000000000000000000e+00 0.000000000000000000e+00
2.500000000000000000e+04 1.000002204946310869e-01 3.299954483386436255e-03 9.967000455166135087e-01 0.000000000000000000e+00 0.000000000000000000e+00 0.000000000000000000e+00
2.750000000000000000e+04 1.100002425440942400e-01 5.917159763313609329e-03 9.940828402366863603e-01 0.000000000000000000e+00 0.000000000000000000e+00 0.000000000000000000e+00
3.000000000000000000e+04 1.200002645935571710e-01 1.012744651797906244e-02 9.897587619481110766e-01 0.000000000000000000e+00 1.137915339098771066e-04 0.000000000000000000e+00
3.250000000000000000e+04 1.300002866430203241e-01 1.376877560309512985e-02 9.861174328629950248e-01 0.000000000000000000e+00 1.137915339098771066e-04 0.000000000000000000e+00
3.500000000000000000e+04 1.400003086924834772e-01 2.321347291761493084e-02 9.767865270823851143e-01 0.000000000000000000e+00 0.000000000000000000e+00 0.000000000000000000e+00
3.750000000000000000e+04 1.500003307419466303e-01 4.073736913973600299e-02 9.592626308602639762e-01 0.000000000000000000e+00 0.000000000000000000e+00 0.000000000000000000e+00
4.000000000000000000e+04 1.600003527914095613e-01 5.666818388711879900e-02 9.433318161128811941e-01 0.000000000000000000e+00 0.000000000000000000e+00 0.000000000000000000e+00
4.250000000000000000e+04 1.700003748408727144e-01 8.340919435593992237e-02 9.165908056440600360e-01 0.000000000000000000e+00 0.000000000000000000e+00 0.000000000000000000e+00
4.500000000000000000e+04 1.800003968903358675e-01 1.172052799271734169e-01 8.827947200728265553e-01 0.000000000000000000e+00 0.000000000000000000e+00 0.000000000000000000e+00
4.750000000000000000e+04 1.900004189397990206e-01 2.204142011834319403e-01 7.781065088757396220e-01 1.137915339098770958e-03 3.413746017296313199e-04 0.000000000000000000e+00
5.000000000000000000e+04 2.000004409892619517e-01 4.540282203004096240e-01 4.398042785616750328e-01 9.319526627218935322e-02 1.297223486572599005e-02 0.000000000000000000e+00
5.250000000000000000e+04 2.100004630387251048e-01 4.269458352298589054e-01 4.412835685025033872e-01 1.222121074192080159e-01 9.558488848429677609e-03 0.000000000000000000e+00
5.500000000000000000e+04 2.200004850881882579e-01 4.254665452890304955e-01 4.413973600364132777e-01 1.241465634956759184e-01 8.989531178880291046e-03 0.000000000000000000e+00
5.750000000000000000e+04 2.300005071376514110e-01 4.231907146108329631e-01 4.396904870277651423e-01 1.244879380974055483e-01 1.263086026399635846e-02 0.000000000000000000e+00
6.000000000000000000e+04 2.400005291871145641e-01 4.201183431952662528e-01 4.412835685025033872e-01 1.307464724624488039e-01 7.851615839781519654e-03 0.000000000000000000e+00
6.250000000000000000e+04 2.500005512365774951e-01 4.251251706873008795e-01 4.208010923987255403e-01 1.445152480655439164e-01 9.558488848429677609e-03 0.000000000000000000e+00
6.500000000000000000e+04 2.600005732860406482e-01 4.225079654073736757e-01 4.181838871187983364e-01 1.477014110150204895e-01 1.160673645880746542e-02 0.000000000000000000e+00
6.750000000000000000e+04 2.700005953355038013e-01 4.220527992717341692e-01 4.154528903049612976e-01 1.498634501593081592e-01 1.263086026399635846e-02 0.000000000000000000e+00
7.000000000000000000e+04 2.800006173849669544e-01 4.235320892125625791e-01 4.070323167956304000e-01 1.581702321347291662e-01 1.126536185707783383e-02 0.000000000000000000e+00
7.250000000000000000e+04 2.900006394344298855e-01 4.322940373236231482e-01 3.973600364132908735e-01 1.606736458807464796e-01 9.672280382339554228e-03 0.000000000000000000e+00
7.500000000000000000e+04 3.000006614838930386e-01 4.295630405097860538e-01 3.996358670914884059e-01 1.627218934911242587e-01 8.079198907601274626e-03 0.000000000000000000e+00
7.750000000000000000e+04 3.100006835333561916e-01 4.190942193900774049e-01 4.132908511606736557e-01 1.577150659990896597e-01 9.899863450159307465e-03 0.000000000000000000e+00
8.000000000000000000e+04 3.200007055828193447e-01 4.136322257624032717e-01 4.214838416021847722e-01 1.565771506599908935e-01 8.306781975421027864e-03 0.000000000000000000e+00
8.250000000000000000e+04 3.300007276322824978e-01 4.106736458807464518e-01 4.274010013654984119e-01 1.513427401001365413e-01 1.058261265361857065e-02 0.000000000000000000e+00
8.500000000000000000e+04 3.400007496817454289e-01 4.118115612198452458e-01 4.423076923076922906e-01 1.359808830223031284e-01 9.899863450159307465e-03 0.000000000000000000e+00
8.750000000000000000e+04 3.500007717312085820e-01 4.036185707783340737e-01 4.490213928083750528e-01 1.387118798361401950e-01 8.648156577150659455e-03 0.000000000000000000e+00
9.000000000000000000e+04 3.600007937806717351e-01 3.931497496586254248e-01 4.732589895311788974e-01 1.252844788347746985e-01 8.306781975421027864e-03 0.000000000000000000e+00
9.250000000000000000e+04 3.700008158301348882e-01 3.734638142922166448e-01 4.842967683204369433e-01 1.333636777423759801e-01 8.875739644970414427e-03 0.000000000000000000e+00
9.500000000000000000e+04 3.800008378795978192e-01 3.732362312243969193e-01 4.741693218024579104e-01 1.457669549385525731e-01 6.827492034592626616e-03 0.000000000000000000e+00
9.750000000000000000e+04 3.900008599290611944e-01 3.569640418752844657e-01 4.913518434228493215e-01 1.430359581247155343e-01 8.648156577150659455e-03 0.000000000000000000e+00
1.000000000000000000e+05 4.000008819785241254e-01 3.578743741465634787e-01 4.835002275830678209e-01 1.467910787437414766e-01 1.183431952662721866e-02 0.000000000000000000e+00
1.025000000000000000e+05 4.100009040279870565e-01 3.590122894856622726e-01 4.750796540737369233e-01 1.569185252617205373e-01 8.989531178880291046e-03 0.000000000000000000e+00
1.050000000000000000e+05 4.200009260774502096e-01 3.505917159763313751e-01 4.968138370505234547e-01 1.412152935821574806e-01 1.137915339098771045e-02 0.000000000000000000e+00
1.075000000000000000e+05 4.300009481269135847e-01 3.470641784251251583e-01 5.038689121529358328e-01 1.359808830223031284e-01 1.308602639963586667e-02 0.000000000000000000e+00
1.100000000000000000e+05 4.400009701763765158e-01 3.455848884842967483e-01 5.117205279927173889e-01 1.291533909877105035e-01 1.354119253527537488e-02 0.000000000000000000e+00
1.125000000000000000e+05 4.500009922258394468e-01 3.510468821119708815e-01 5.149066909421938787e-01 1.213017751479289891e-01 1.274465179790623508e-02 0.000000000000000000e+00
1.150000000000000000e+05 4.600010142753028219e-01 3.513882567137004975e-01 5.103550295857988139e-01 1.255120619025944517e-01 1.274465179790623508e-02 0.000000000000000000e+00
1.175000000000000000e+05 4.700010363247659750e-01 3.562812926718252338e-01 5.018206645425580259e-01 1.274465179790623681e-01 1.445152480655439303e-02 0.000000000000000000e+00
1.200000000000000000e+05 4.800010583742289061e-01 3.602639963586709015e-01 4.973827947200728516e-01 1.284706417842512438e-01 1.388256713700500647e-02 0.000000000000000000e+00
1.225000000000000000e+05 4.900010804236918371e-01 3.610605370960400795e-01 5.039827036868457233e-01 1.244879380974055483e-01 1.046882111970869403e-02 0.000000000000000000e+00
1.250000000000000000e+05 5.000011024731552123e-01 3.607191624943104080e-01 5.015930814747382449e-01 1.257396449704142050e-01 1.194811106053709528e-02 0.000000000000000000e+00
1.275000000000000000e+05 5.100011245226183654e-01 3.563950842057350687e-01 4.976103777878925771e-01 1.330223031406463363e-01 1.297223486572599005e-02 0.000000000000000000e+00
1.300000000000000000e+05 5.200011465720812964e-01 3.534365043240783044e-01 4.956759217114246607e-01 1.395084205735093175e-01 1.137915339098771045e-02 0.000000000000000000e+00
1.325000000000000000e+05 5.300011686215442275e-01 3.478607191624943362e-01 5.002275830678197810e-01 1.420118343195266308e-01 9.899863450159307465e-03 0.000000000000000000e+00
1.350000000000000000e+05 5.400011906710076026e-01 3.508192990441511006e-01 4.775830678197542367e-01 1.602184797451069731e-01 1.137915339098771045e-02 0.000000000000000000e+00
1.375000000000000000e+05 5.500012127204707557e-01 3.560537096040054528e-01 4.657487482931270129e-01 1.671597633136094607e-01 1.103777878925807886e-02 0.000000000000000000e+00
1.400000000000000000e+05 5.600012347699336868e-01 3.635639508420573374e-01 4.474283113336367523e-01 1.770596267637687682e-01 1.194811106053709528e-02 0.000000000000000000e+00
1.425000000000000000e+05 5.700012568193970619e-01 3.771051433773327521e-01 4.289940828402367123e-01 1.819526627218935044e-01 1.194811106053709528e-02 0.000000000000000000e+00
1.450000000000000000e+05 5.800012788688599930e-01 3.683431952662721831e-01 4.349112426035502965e-01 1.862767410104688159e-01 1.035502958579881741e-02 1.137915339098771066e-04
1.475000000000000000e+05 5.900013009183231460e-01 3.643604915794265153e-01 4.427628584433317971e-01 1.837733272644515303e-01 9.103322712790167665e-03 0.000000000000000000e+00
1.500000000000000000e+05 6.000013229677860771e-01 3.689121529358215801e-01 4.332043695949021611e-01 1.887801547564861293e-01 9.103322712790167665e-03 0.000000000000000000e+00
1.525000000000000000e+05 6.100013450172494522e-01 3.654984069185252538e-01 4.515248065543923661e-01 1.715976331360946627e-01 1.137915339098771045e-02 0.000000000000000000e+00
1.550000000000000000e+05 6.200013670667123833e-01 3.501365498406918686e-01 4.651797906235776159e-01 1.737596722803823324e-01 1.092398725534820224e-02 0.000000000000000000e+00
1.575000000000000000e+05 6.300013891161755364e-01 3.479745106964041712e-01 4.604005461993627701e-01 1.817250796540737234e-01 9.899863450159307465e-03 0.000000000000000000e+00
1.600000000000000000e+05 6.400014111656384674e-01 3.487710514337733492e-01 4.668866636322257513e-01 1.751251706873008518e-01 9.217114246700046018e-03 0.000000000000000000e+00
1.625000000000000000e+05 6.500014332151018426e-01 3.438780154756486129e-01 4.773554847519344557e-01 1.687528447883477334e-01 1.001365498406918582e-02 0.000000000000000000e+00
1.650000000000000000e+05 6.600014552645647736e-01 3.502503413746017036e-01 4.693900773782430647e-01 1.684114701866181174e-01 1.194811106053709528e-02 0.000000000000000000e+00
1.675000000000000000e+05 6.700014773140279267e-01 3.464952207555757613e-01 4.682521620391442707e-01 1.728493400091033194e-01 1.240327719617660522e-02 0.000000000000000000e+00
1.700000000000000000e+05 6.800014993634910798e-01 3.525261720527992915e-01 4.625625853436504120e-01 1.728493400091033194e-01 1.206190259444697363e-02 0.000000000000000000e+00
1.725000000000000000e+05 6.900015214129540109e-01 3.614019116977696955e-01 4.400318616294947582e-01 1.878698224852070886e-01 1.069640418752844727e-02 0.000000000000000000e+00
1.750000000000000000e+05 7.000015434624171640e-01 3.542330450614474269e-01 4.451524806554392200e-01 1.908284023668639084e-01 9.786071916249430847e-03 0.000000000000000000e+00
1.775000000000000000e+05 7.100015655118805391e-01 3.544606281292672079e-01 4.531178880291306110e-01 1.859353664087392000e-01 6.486117432862995025e-03 0.000000000000000000e+00
1.800000000000000000e+05 7.200015875613434702e-01 3.434228493400091065e-01 4.831588529813382049e-01 1.661356395084205850e-01 7.282658170232134826e-03 0.000000000000000000e+00
1.825000000000000000e+05 7.300016096108064012e-01 3.475193445607646647e-01 4.780382339553937432e-01 1.660218479745106945e-01 8.420573509330906217e-03 0.000000000000000000e+00
1.850000000000000000e+05 7.400016316602695543e-01 3.515020482476103880e-01 4.681383705052344357e-01 1.725079654073737034e-01 7.851615839781519654e-03 0.000000000000000000e+00
1.875000000000000000e+05 7.500016537097329294e-01 3.566226672735548497e-01 4.716659080564405970e-01 1.649977241693217911e-01 6.713700500682749130e-03 0.000000000000000000e+00
1.900000000000000000e+05 7.600016757591958605e-01 3.594674556213017791e-01 4.769003186162949492e-01 1.554392353208921274e-01 8.192990441511151245e-03 0.000000000000000000e+00
1.925000000000000000e+05 7.700016978086587915e-01 3.604915794264906825e-01 4.910104688211197055e-01 1.399635867091488517e-01 8.534365043240782836e-03 0.000000000000000000e+00
1.950000000000000000e+05 7.800017198581219446e-01 3.519572143832498945e-01 5.138825671370049752e-01 1.238051888939462886e-01 1.035502958579881741e-02 0.000000000000000000e+00
1.975000000000000000e+05 7.900017419075853198e-01 3.521847974510696200e-01 4.729176149294492260e-01 1.663632225762403383e-01 8.534365043240782836e-03 0.000000000000000000e+00
2.000000000000000000e+05 8.000017639570482508e-01 3.533227127901684139e-01 4.682521620391442707e-01 1.694355939918070209e-01 8.989531178880291046e-03 0.000000000000000000e+00
2.025000000000000000e+05 8.100017860065111819e-01 3.546882111970869333e-01 4.626763768775603025e-01 1.744424214838415921e-01 8.192990441511151245e-03 0.000000000000000000e+00
2.050000000000000000e+05 8.200018080559743350e-01 3.495675921711424716e-01 4.904415111515703085e-01 1.508875739644970349e-01 9.103322712790167665e-03 0.000000000000000000e+00
2.075000000000000000e+05 8.300018301054377101e-01 3.479745106964041712e-01 4.949931725079654288e-01 1.474738279472007363e-01 9.558488848429677609e-03 0.000000000000000000e+00
2.100000000000000000e+05 8.400018521549006412e-01 3.454710969503869133e-01 4.994310423304506030e-01 1.454255803368229294e-01 9.672280382339554228e-03 0.000000000000000000e+00
2.125000000000000000e+05 8.500018742043635722e-01 3.270368684569868178e-01 5.131998179335457433e-01 1.515703231679562946e-01 8.192990441511151245e-03 0.000000000000000000e+00
2.150000000000000000e+05 8.600018962538269474e-01 3.215748748293126846e-01 5.196859353664087244e-01 1.508875739644970349e-01 7.851615839781519654e-03 0.000000000000000000e+00
2.175000000000000000e+05 8.700019183032901005e-01 3.216886663632225751e-01 5.166135639508420141e-01 1.537323623122439642e-01 7.965407373691398007e-03 0.000000000000000000e+00
2.200000000000000000e+05 8.800019403527530315e-01 3.174783796085571264e-01 5.245789713245334607e-01 1.492944924897587622e-01 8.648156577150659455e-03 0.000000000000000000e+00
2.225000000000000000e+05 8.900019624022159626e-01 3.231679563040509851e-01 5.300409649522075384e-01 1.387118798361401950e-01 8.079198907601274626e-03 0.000000000000000000e+00
2.250000000000000000e+05 9.000019844516793377e-01 3.282885753299954468e-01 5.188893946290396020e-01 1.420118343195266308e-01 1.081019572143832562e-02 0.000000000000000000e+00
2.275000000000000000e+05 9.100020065011424908e-01 3.266954938552571464e-01 5.170687300864815761e-01 1.483841602184797492e-01 7.851615839781519654e-03 0.000000000000000000e+00
2.300000000000000000e+05 9.200020285506054218e-01 3.223714155666818626e-01 5.091033227127901295e-01 1.612426035502958488e-01 7.282658170232134826e-03 0.000000000000000000e+00
2.325000000000000000e+05 9.300020506000683529e-01 3.260127446517979144e-01 5.062585343650432002e-01 1.585116067364588099e-01 9.217114246700046018e-03 0.000000000000000000e+00
2.350000000000000000e+05 9.400020726495317280e-01 3.262403277196176399e-01 5.230996813837051063e-01 1.440600819299044100e-01 6.599908966772872511e-03 0.000000000000000000e+00
2.375000000000000000e+05 9.500020946989948811e-01 3.302230314064633632e-01 5.195721438324988339e-01 1.420118343195266308e-01 8.192990441511151245e-03 0.000000000000000000e+00
2.400000000000000000e+05 9.600021167484578122e-01 3.236231224396904915e-01 5.253755120619025831e-01 1.429221665908056438e-01 8.079198907601274626e-03 0.000000000000000000e+00
2.425000000000000000e+05 9.700021387979207432e-01 3.082612653618570508e-01 5.440373236231224041e-01 1.389394629039599482e-01 8.761948111060537808e-03 0.000000000000000000e+00
2.450000000000000000e+05 9.800021608473841184e-01 3.144060081929904160e-01 5.337960855712334807e-01 1.438324988620846567e-01 7.965407373691398007e-03 0.000000000000000000e+00
2.475000000000000000e+05 9.900021828968472715e-01 3.114474283113336517e-01 5.314064633591261133e-01 1.472462448793809831e-01 9.899863450159307465e-03 0.000000000000000000e+00
2.500000000000000000e+05 1.000002204946310425e+00 3.213472917614929592e-01 5.111515703231679364e-01 1.616977696859353553e-01 5.803368229403732710e-03 0.000000000000000000e+00
