# itime ezz other fcc hcp bcc ico
0.000000000000000000e+00 0.000000000000000000e+00 3.413746017296313199e-04 9.996586253982703285e-01 0.000000000000000000e+00 0.000000000000000000e+00 0.000000000000000000e+00
2.500000000000000000e+01 1.000002131946065020e-03 7.965407373691396923e-04 9.992034592626308775e-01 0.000000000000000000e+00 0.000000000000000000e+00 0.000000000000000000e+00
5.000000000000000000e+01 2.000004263892130041e-03 2.275830678197542133e-04 9.997724169321802190e-01 0.000000000000000000e+00 0.000000000000000000e+00 0.000000000000000000e+00
7.500000000000000000e+01 3.000006395838195061e-03 1.820664542558033706e-03 9.981793354574419741e-01 0.000000000000000000e+00 0.000000000000000000e+00 0.000000000000000000e+00
1.000000000000000000e+02 4.000008527784260082e-03 7.965407373691396923e-04 9.992034592626308775e-01 0.000000000000000000e+00 0.000000000000000000e+00 0.000000000000000000e+00
1.250000000000000000e+02 5.000010659730325102e-03 7.965407373691396923e-04 9.992034592626308775e-01 0.000000000000000000e+00 0.000000000000000000e+00 0.000000000000000000e+00
1.500000000000000000e+02 6.000012791676168078e-03 2.275830678197542133e-04 9.997724169321802190e-01 0.000000000000000000e+00 0.000000000000000000e+00 0.000000000000000000e+00
1.750000000000000000e+02 7.000014923622233098e-03 3.413746017296313199e-04 9.996586253982703285e-01 0.000000000000000000e+00 0.000000000000000000e+00 0.000000000000000000e+00
2.000000000000000000e+02 8.000017055568298119e-03 2.617205279927173507e-03 9.973827947200728516e-01 0.000000000000000000e+00 0.000000000000000000e+00 0.000000000000000000e+00
2.250000000000000000e+02 9.000019187514363139e-03 5.689576695493854790e-04 9.994310423304506585e-01 0.000000000000000000e+00 0.000000000000000000e+00 0.000000000000000000e+00
2.500000000000000000e+02 1.000002131946042816e-02 6.827492034592626399e-04 9.993172507965407680e-01 0.000000000000000000e+00 0.000000000000000000e+00 0.000000000000000000e+00
2.750000000000000000e+02 1.100002345140649318e-02 6.827492034592626399e-04 9.993172507965407680e-01 0.000000000000000000e+00 0.000000000000000000e+00 0.000000000000000000e+00
3.000000000000000000e+02 1.200002558335255820e-02 1.934456076467910759e-03 9.980655439235320836e-01 0.000000000000000000e+00 0.000000000000000000e+00 0.000000000000000000e+00
3.250000000000000000e+02 1.300002771529862322e-02 1.593081474738279385e-03 9.982931269913518646e-01 0.000000000000000000e+00 1.137915339098771066e-04 0.000000000000000000e+00
3.500000000000000000e+02 1.400002984724468824e-02 9.103322712790168532e-04 9.990896677287209870e-01 0.000000000000000000e+00 0.000000000000000000e+00 0.000000000000000000e+00
3.750000000000000000e+02 1.500003197919075326e-02 7.965407373691396923e-04 9.992034592626308775e-01 0.000000000000000000e+00 0.000000000000000000e+00 0.000000000000000000e+00
4.000000000000000000e+02 1.600003411113681828e-02 4.551661356395084266e-04 9.995448338643604380e-01 0.000000000000000000e+00 0.000000000000000000e+00 0.000000000000000000e+00
4.250000000000000000e+02 1.700003624308266126e-02 1.593081474738279385e-03 9.984069185252617551e-01 0.000000000000000000e+00 0.000000000000000000e+00 0.000000000000000000e+00
4.500000000000000000e+02 1.800003837502872628e-02 1.820664542558033706e-03 9.980655439235320836e-01 0.000000000000000000e+00 1.137915339098771066e-04 0.000000000000000000e+00
4.750000000000000000e+02 1.900004050697479130e-02 1.251706873008648227e-03 9.987482931269913156e-01 0.000000000000000000e+00 0.000000000000000000e+00 0.000000000000000000e+00
5.000000000000000000e+02 2.000004263892085632e-02 2.048247610377787811e-03 9.979517523896221931e-01 0.000000000000000000e+00 0.000000000000000000e+00 0.000000000000000000e+00
5.250000000000000000e+02 2.100004477086692134e-02 3.755120619025944465e-03 9.962448793809740577e-01 0.000000000000000000e+00 0.000000000000000000e+00 0.000000000000000000e+00
5.500000000000000000e+02 2.200004690281298636e-02 7.965407373691396923e-04 9.992034592626308775e-01 0.000000000000000000e+00 0.000000000000000000e+00 0.000000000000000000e+00
5.750000000000000000e+02 2.300004903475905138e-02 2.162039144287664864e-03 9.978379608557123026e-01 0.000000000000000000e+00 0.000000000000000000e+00 0.000000000000000000e+00
6.000000000000000000e+02 2.400005116670511640e-02 3.527537551206190360e-03 9.964724624487938387e-01 0.000000000000000000e+00 0.000000000000000000e+00 0.000000000000000000e+00
6.250000000000000000e+02 2.500005329865118142e-02 3.072371415566681717e-03 9.969276285844332897e-01 0.000000000000000000e+00 0.000000000000000000e+00 0.000000000000000000e+00
6.500000000000000000e+02 2.600005543059724644e-02 2.275830678197542133e-04 9.996586253982703285e-01 0.000000000000000000e+00 1.137915339098771066e-04 0.000000000000000000e+00
6.750000000000000000e+02 2.700005756254331146e-02 1.251706873008648227e-03 9.987482931269913156e-01 0.000000000000000000e+00 0.000000000000000000e+00 0.000000000000000000e+00
7.000000000000000000e+02 2.800005969448915444e-02 3.868912152935821518e-03 9.959035047792443862e-01 0.000000000000000000e+00 2.275830678197542133e-04 0.000000000000000000e+00
7.250000000000000000e+02 2.900006182643521946e-02 2.389622212107419402e-03 9.976103777878926326e-01 0.000000000000000000e+00 0.000000000000000000e+00 0.000000000000000000e+00
7.500000000000000000e+02 3.000006395838128448e-02 3.641329085116067413e-03 9.963586709148839482e-01 0.000000000000000000e+00 0.000000000000000000e+00 0.000000000000000000e+00
7.750000000000000000e+02 3.100006609032734950e-02 4.551661356395083832e-03 9.953345471096950448e-01 0.000000000000000000e+00 1.137915339098771066e-04 0.000000000000000000e+00
8.000000000000000000e+02 3.200006822227341452e-02 6.144742831133363434e-03 9.934000910332271284e-01 0.000000000000000000e+00 4.551661356395084266e-04 0.000000000000000000e+00
8.250000000000000000e+02 3.300007035421947954e-02 6.827492034592626616e-03 9.930587164314974569e-01 0.000000000000000000e+00 1.137915339098771066e-04 0.000000000000000000e+00
8.500000000000000000e+02 3.400007248616554456e-02 5.348202093764223633e-03 9.946517979062358128e-01 0.000000000000000000e+00 0.000000000000000000e+00 0.000000000000000000e+00
8.750000000000000000e+02 3.500007461811160958e-02 6.030951297223486815e-03 9.938552571688666903e-01 0.000000000000000000e+00 1.137915339098771066e-04 0.000000000000000000e+00
9.000000000000000000e+02 3.600007675005767460e-02 6.144742831133363434e-03 9.938552571688666903e-01 0.000000000000000000e+00 0.000000000000000000e+00 0.000000000000000000e+00
9.250000000000000000e+02 3.700007888200373962e-02 5.917159763313609329e-03 9.939690487027764698e-01 0.000000000000000000e+00 1.137915339098771066e-04 0.000000000000000000e+00
9.500000000000000000e+02 3.800008101394980464e-02 4.551661356395083832e-03 9.953345471096950448e-01 0.000000000000000000e+00 1.137915339098771066e-04 0.000000000000000000e+00
9.750000000000000000e+02 3.900008314589564762e-02 5.689576695493855224e-03 9.939690487027764698e-01 0.000000000000000000e+00 3.413746017296313199e-04 0.000000000000000000e+00
1.000000000000000000e+03 4.000008527784171264e-02 5.917159763313609329e-03 9.939690487027764698e-01 0.000000000000000000e+00 1.137915339098771066e-04 0.000000000000000000e+00
1.025000000000000000e+03 4.100008740978777766e-02 6.599908966772872511e-03 9.932862994993172379e-01 0.000000000000000000e+00 1.137915339098771066e-04 0.000000000000000000e+00
1.050000000000000000e+03 4.200008954173384268e-02 9.103322712790167665e-03 9.907828857532999800e-01 0.000000000000000000e+00 1.137915339098771066e-04 0.000000000000000000e+00
1.075000000000000000e+03 4.300009167367990770e-02 6.713700500682749130e-03 9.931725079654073474e-01 0.000000000000000000e+00 1.137915339098771066e-04 0.000000000000000000e+00
1.100000000000000000e+03 4.400009380562597272e-02 6.599908966772872511e-03 9.934000910332271284e-01 0.000000000000000000e+00 0.000000000000000000e+00 0.000000000000000000e+00
1.125000000000000000e+03 4.500009593757203774e-02 1.092398725534820224e-02 9.886208466090122826e-01 0.000000000000000000e+00 4.551661356395084266e-04 0.000000000000000000e+00
1.150000000000000000e+03 4.600009806951810276e-02 1.251706873008648184e-02 9.872553482020938187e-01 0.000000000000000000e+00 2.275830678197542133e-04 0.000000000000000000e+00
1.175000000000000000e+03 4.700010020146416778e-02 1.354119253527537488e-02 9.862312243969049153e-01 0.000000000000000000e+00 2.275830678197542133e-04 0.000000000000000000e+00
1.200000000000000000e+03 4.800010233341023280e-02 9.786071916249430847e-03 9.899863450159308575e-01 0.000000000000000000e+00 2.275830678197542133e-04 0.000000000000000000e+00
1.225000000000000000e+03 4.900010446535629782e-02 1.183431952662721866e-02 9.878243058716431602e-01 0.000000000000000000e+00 3.413746017296313199e-04 0.000000000000000000e+00
1.250000000000000000e+03 5.000010659730214080e-02 1.137915339098771045e-02 9.883932635411925016e-01 0.000000000000000000e+00 2.275830678197542133e-04 0.000000000000000000e+00
1.275000000000000000e+03 5.100010872924820582e-02 1.354119253527537488e-02 9.863450159308146947e-01 0.000000000000000000e+00 1.137915339098771066e-04 0.000000000000000000e+00
1.300000000000000000e+03 5.200011086119427084e-02 1.103777878925807886e-02 9.885070550751023921e-01 0.000000000000000000e+00 4.551661356395084266e-04 0.000000000000000000e+00
1.325000000000000000e+03 5.300011299314033586e-02 1.684114701866181243e-02 9.825898953117887524e-01 0.000000000000000000e+00 5.689576695493854790e-04 0.000000000000000000e+00
1.350000000000000000e+03 5.400011512508640088e-02 1.149294492489758707e-02 9.881656804733728316e-01 0.000000000000000000e+00 3.413746017296313199e-04 0.000000000000000000e+00
1.375000000000000000e+03 5.500011725703246590e-02 1.695493855257168905e-02 9.824761037778789730e-01 0.000000000000000000e+00 5.689576695493854790e-04 0.000000000000000000e+00
1.400000000000000000e+03 5.600011938897853092e-02 2.105143377332726468e-02 9.775830678197542367e-01 0.000000000000000000e+00 1.365498406918525280e-03 0.000000000000000000e+00
1.425000000000000000e+03 5.700012152092459594e-02 1.820664542558033533e-02 9.814519799726900695e-01 0.000000000000000000e+00 3.413746017296313199e-04 0.000000000000000000e+00
1.450000000000000000e+03 5.800012365287066096e-02 2.401001365498407064e-02 9.754210286754665393e-01 0.000000000000000000e+00 5.689576695493854790e-04 0.000000000000000000e+00
1.475000000000000000e+03 5.900012578481672598e-02 2.628584433318160996e-02 9.732589895311788419e-01 0.000000000000000000e+00 4.551661356395084266e-04 0.000000000000000000e+00
1.500000000000000000e+03 6.000012791676279100e-02 2.241693218024579104e-02 9.764451524806554428e-01 0.000000000000000000e+00 1.137915339098770958e-03 0.000000000000000000e+00
1.525000000000000000e+03 6.100013004870885602e-02 2.264451524806554428e-02 9.763313609467455523e-01 0.000000000000000000e+00 1.024123805188893906e-03 0.000000000000000000e+00
1.550000000000000000e+03 6.200013218065469900e-02 2.719617660446062984e-02 9.712107419208011461e-01 0.000000000000000000e+00 1.593081474738279385e-03 0.000000000000000000e+00
1.575000000000000000e+03 6.300013431260076402e-02 2.298588984979517413e-02 9.762175694128356618e-01 0.000000000000000000e+00 7.965407373691396923e-04 0.000000000000000000e+00
1.600000000000000000e+03 6.400013644454682904e-02 2.696859353664087314e-02 9.714383249886208160e-01 0.000000000000000000e+00 1.593081474738279385e-03 0.000000000000000000e+00
1.625000000000000000e+03 6.500013857649289406e-02 3.425125170687300796e-02 9.638142922166590409e-01 0.000000000000000000e+00 1.934456076467910759e-03 0.000000000000000000e+00
1.650000000000000000e+03 6.600014070843895908e-02 4.289940828402366568e-02 9.555075102412380339e-01 0.000000000000000000e+00 1.593081474738279385e-03 0.000000000000000000e+00
1.675000000000000000e+03 6.700014284038502410e-02 4.437869822485206867e-02 9.533454710969503365e-01 0.000000000000000000e+00 2.275830678197541916e-03 0.000000000000000000e+00
1.700000000000000000e+03 6.800014497233108912e-02 4.483386436049158208e-02 9.508420573509330787e-01 0.000000000000000000e+00 4.324078288575329727e-03 0.000000000000000000e+00
1.725000000000000000e+03 6.900014710427715414e-02 4.836140191169777114e-02 9.499317250796540657e-01 0.000000000000000000e+00 1.706873008648156654e-03 0.000000000000000000e+00
1.750000000000000000e+03 7.000014923622321916e-02 5.029585798816568060e-02 9.469731451979972459e-01 0.000000000000000000e+00 2.730996813837050560e-03 0.000000000000000000e+00
1.775000000000000000e+03 7.100015136816928418e-02 4.802002730996814128e-02 9.485662266727356018e-01 0.000000000000000000e+00 3.413746017296313308e-03 0.000000000000000000e+00
1.800000000000000000e+03 7.200015350011534920e-02 5.143377332726445372e-02 9.462903959945380139e-01 0.000000000000000000e+00 2.275830678197541916e-03 0.000000000000000000e+00
1.825000000000000000e+03 7.300015563206119218e-02 5.564406008192990249e-02 9.406008192990441552e-01 0.000000000000000000e+00 3.755120619025944465e-03 0.000000000000000000e+00
1.850000000000000000e+03 7.400015776400725720e-02 6.281292671825215723e-02 9.335457441966317216e-01 0.000000000000000000e+00 3.641329085116067413e-03 0.000000000000000000e+00
1.875000000000000000e+03 7.500015989595332222e-02 6.429221665908056715e-02 9.307009558488847922e-01 0.000000000000000000e+00 5.006827492034592909e-03 0.000000000000000000e+00
1.900000000000000000e+03 7.600016202789938724e-02 7.510241238051888757e-02 9.180700955848885014e-01 0.000000000000000000e+00 6.827492034592626616e-03 0.000000000000000000e+00
1.925000000000000000e+03 7.700016415984545226e-02 8.090578060992262288e-02 9.131770596267637652e-01 0.000000000000000000e+00 5.917159763313609329e-03 0.000000000000000000e+00
1.950000000000000000e+03 7.800016629179151728e-02 8.067819754210286964e-02 9.144287664997724496e-01 0.000000000000000000e+00 4.893035958124715423e-03 0.000000000000000000e+00
1.975000000000000000e+03 7.900016842373758230e-02 7.862994993172507663e-02 9.143149749658625591e-01 0.000000000000000000e+00 7.055075102412380721e-03 0.000000000000000000e+00
2.000000000000000000e+03 8.000017055568364732e-02 8.887118798361401395e-02 9.037323623122439642e-01 0.000000000000000000e+00 7.396449704142011444e-03 0.000000000000000000e+00
2.025000000000000000e+03 8.100017268762971234e-02 1.005917159763313612e-01 8.926945835229859183e-01 1.137915339098771066e-04 6.599908966772872511e-03 0.000000000000000000e+00
2.050000000000000000e+03 8.200017481957577736e-02 1.169776968593536637e-01 8.732362312243968638e-01 0.000000000000000000e+00 9.786071916249430847e-03 0.000000000000000000e+00
2.075000000000000000e+03 8.300017695152184238e-02 1.159535730541647741e-01 8.751706873008647802e-01 0.000000000000000000e+00 8.875739644970414427e-03 0.000000000000000000e+00
2.100000000000000000e+03 8.400017908346768536e-02 1.290395994538006408e-01 8.578743741465635342e-01 0.000000000000000000e+00 1.308602639963586667e-02 0.000000000000000000e+00
2.125000000000000000e+03 8.500018121541375038e-02 1.268775603095129711e-01 8.583295402822029851e-01 0.000000000000000000e+00 1.479289940828402289e-02 0.000000000000000000e+00
2.150000000000000000e+03 8.600018334735981540e-02 1.471324533454710926e-01 8.328402366863905115e-01 0.000000000000000000e+00 2.002730996813837164e-02 0.000000000000000000e+00
2.175000000000000000e+03 8.700018547930588042e-02 1.665908056440600915e-01 8.105370960400546387e-01 0.000000000000000000e+00 2.287209831588529751e-02 0.000000000000000000e+00
2.200000000000000000e+03 8.800018761125194544e-02 1.673873463814292140e-01 8.027992717341829731e-01 0.000000000000000000e+00 2.981338188438780248e-02 0.000000000000000000e+00
2.225000000000000000e+03 8.900018974319801046e-02 1.893491124260354985e-01 7.727583067819754348e-01 0.000000000000000000e+00 3.789258079198907364e-02 0.000000000000000000e+00
2.250000000000000000e+03 9.000019187514407548e-02 2.121074192080109333e-01 7.465862539827037292e-01 3.413746017296313199e-04 4.096495220755575623e-02 0.000000000000000000e+00
2.275000000000000000e+03 9.100019400709014050e-02 2.328174783796085612e-01 7.159763313609467383e-01 6.827492034592626399e-04 5.052344105598543383e-02 0.000000000000000000e+00
2.300000000000000000e+03 9.200019613903620552e-02 2.365725989986345035e-01 7.047109695038689114e-01 1.024123805188893906e-03 5.769230769230769551e-02 0.000000000000000000e+00
2.325000000000000000e+03 9.300019827098227054e-02 2.646791078743741532e-01 6.656804733727810230e-01 1.479289940828402332e-03 6.816112881201638607e-02 0.000000000000000000e+00
2.350000000000000000e+03 9.400020040292833556e-02 2.743513882567136797e-01 6.393946290395994270e-01 2.275830678197541916e-03 8.397815202548930547e-02 0.000000000000000000e+00
2.375000000000000000e+03 9.500020253487417854e-02 2.794720072826581969e-01 6.242603550295857673e-01 2.503413746017296455e-03 9.376422394173873631e-02 0.000000000000000000e+00
2.400000000000000000e+03 9.600020466682024356e-02 2.971096950386891145e-01 5.910332271279017391e-01 3.527537551206190360e-03 1.083295402822029990e-01 0.000000000000000000e+00
2.425000000000000000e+03 9.700020679876630858e-02 3.055302685480200120e-01 5.680473372781065233e-01 4.324078288575329727e-03 1.220983158852981393e-01 0.000000000000000000e+00
2.450000000000000000e+03 9.800020893071237360e-02 3.313609467455621571e-01 5.282203004096495125e-01 3.755120619025944465e-03 1.366636322257624159e-01 0.000000000000000000e+00
2.475000000000000000e+03 9.900021106265843862e-02 3.281747837960855563e-01 5.098998634501593630e-01 3.641329085116067413e-03 1.582840236686390567e-01 0.000000000000000000e+00
2.500000000000000000e+03 1.000002131946045036e-01 3.353436504324078249e-01 4.893035958124715701e-01 5.234410559854347014e-03 1.701183431952662806e-01 0.000000000000000000e+00
2.525000000000000000e+03 1.010002153265505687e-01 3.484296768320436777e-01 4.508420573509330787e-01 3.982703686845699004e-03 1.967455621301775204e-01 0.000000000000000000e+00
2.550000000000000000e+03 1.020002174584966337e-01 3.578743741465634787e-01 4.264906690942193990e-01 8.306781975421027864e-03 2.073281747837960876e-01 0.000000000000000000e+00
2.575000000000000000e+03 1.030002195904426987e-01 3.714155666818388934e-01 3.926945835229858628e-01 1.012744651797906244e-02 2.257624032771961831e-01 0.000000000000000000e+00
2.600000000000000000e+03 1.040002217223887637e-01 3.896222121074192080e-01 3.461538461538461453e-01 1.729631315430131891e-02 2.469276285844333174e-01 0.000000000000000000e+00
2.625000000000000000e+03 1.050002238543348287e-01 4.002048247610378029e-01 3.260127446517979144e-01 2.218934911242603433e-02 2.515930814747383004e-01 0.000000000000000000e+00
2.650000000000000000e+03 1.060002259862806717e-01 3.849567592171142527e-01 3.238507055075102170e-01 2.526172052799271692e-02 2.659308147473827821e-01 0.000000000000000000e+00
2.675000000000000000e+03 1.070002281182267367e-01 3.826809285389167203e-01 3.146335912608101970e-01 2.799271734182976618e-02 2.746927628584433512e-01 0.000000000000000000e+00
2.700000000000000000e+03 1.080002302501728018e-01 3.883705052344105790e-01 2.928994082840236657e-01 3.618570778334091742e-02 2.825443786982248517e-01 0.000000000000000000e+00
2.725000000000000000e+03 1.090002323821188668e-01 4.104460628129267263e-01 2.793582157487483064e-01 3.777878925807919702e-02 2.724169321802457633e-01 0.000000000000000000e+00
2.750000000000000000e+03 1.100002345140649318e-01 4.123805188893946427e-01 2.611515703231679364e-01 4.449248975876194528e-02 2.819754210286754548e-01 0.000000000000000000e+00
2.775000000000000000e+03 1.110002366460109968e-01 4.064633591260810030e-01 2.521620391442876419e-01 5.223031406463359005e-02 2.891442876649977234e-01 0.000000000000000000e+00
2.800000000000000000e+03 1.120002387779570618e-01 4.043013199817933612e-01 2.381656804733727761e-01 5.689576695493855224e-02 3.006372325898953313e-01 0.000000000000000000e+00
2.825000000000000000e+03 1.130002409099031269e-01 4.229631315430131822e-01 2.170004551661356418e-01 6.053709604005461792e-02 2.994993172507965373e-01 0.000000000000000000e+00
2.850000000000000000e+03 1.140002430418491919e-01 4.251251706873008795e-01 2.072143832498861971e-01 6.463359126081019701e-02 3.030268548020027541e-01 0.000000000000000000e+00
2.875000000000000000e+03 1.150002451737952569e-01 4.072598998634501810e-01 1.967455621301775204e-01 7.339553937187073829e-02 3.225989986345015881e-01 0.000000000000000000e+00
2.900000000000000000e+03 1.160002473057413219e-01 4.301319981793354508e-01 1.759217114246700020e-01 7.658170232134729749e-02 3.173645880746472359e-01 0.000000000000000000e+00
2.925000000000000000e+03 1.170002494376871649e-01 4.238734638142921951e-01 1.634046426945835184e-01 8.147473827947200598e-02 3.312471552116522666e-01 0.000000000000000000e+00
2.950000000000000000e+03 1.180002515696332299e-01 4.161356395084205850e-01 1.500910332271279124e-01 8.454710969503868856e-02 3.492262175694128556e-01 0.000000000000000000e+00
2.975000000000000000e+03 1.190002537015792949e-01 4.195493855257169113e-01 1.352981338188438687e-01 8.306781975421029252e-02 3.620846609012289274e-01 0.000000000000000000e+00
3.000000000000000000e+03 1.200002558335253600e-01 4.115839781520254648e-01 1.275603095129722309e-01 8.375056895766955223e-02 3.771051433773327521e-01 0.000000000000000000e+00
3.025000000000000000e+03 1.210002579654714250e-01 4.300182066454255603e-01 1.158397815202548975e-01 8.033682294037323979e-02 3.738051888939463163e-01 0.000000000000000000e+00
3.050000000000000000e+03 1.220002600974174900e-01 4.168183887118798170e-01 1.117432862994993115e-01 9.023668639053254725e-02 3.812016385980883104e-01 0.000000000000000000e+00
3.075000000000000000e+03 1.230002622293635550e-01 4.222803823395539502e-01 1.061675011379153433e-01 9.126081019572143682e-02 3.802913063268092975e-01 0.000000000000000000e+00
3.100000000000000000e+03 1.240002643613096200e-01 4.181838871187983364e-01 1.038916704597177970e-01 9.649522075557578904e-02 3.814292216659080359e-01 0.000000000000000000e+00
3.125000000000000000e+03 1.250002664932556851e-01 4.294492489758762188e-01 1.021847974510696339e-01 9.786071916249430847e-02 3.705052344105598805e-01 0.000000000000000000e+00
3.150000000000000000e+03 1.260002686252017501e-01 4.253527537551206050e-01 9.786071916249430847e-02 1.033227127901684139e-01 3.734638142922166448e-01 0.000000000000000000e+00
3.175000000000000000e+03 1.270002707571478151e-01 4.390077378243058548e-01 9.376422394173873631e-02 1.116294947655894348e-01 3.555985434683659463e-01 0.000000000000000000e+00
3.200000000000000000e+03 1.280002728890936581e-01 4.409421939007737712e-01 8.716431497496586467e-02 1.134501593081474746e-01 3.584433318161128756e-01 0.000000000000000000e+00
3.225000000000000000e+03 1.290002750210397231e-01 4.493627674101046687e-01 9.080564406008193035e-02 1.135639508420573512e-01 3.462676376877560358e-01 0.000000000000000000e+00
3.250000000000000000e+03 1.300002771529857881e-01 4.484524351388256558e-01 9.410559854346836617e-02 1.248293126991351781e-01 3.326126536185707860e-01 0.000000000000000000e+00
3.275000000000000000e+03 1.310002792849318531e-01 4.558488848429677054e-01 9.296768320436959998e-02 1.299499317250796537e-01 3.212335002275830687e-01 0.000000000000000000e+00
3.300000000000000000e+03 1.320002814168779182e-01 4.560764679107874309e-01 9.353664087391898307e-02 1.279016841147018746e-01 3.224852071005916976e-01 0.000000000000000000e+00
3.325000000000000000e+03 1.330002835488239832e-01 4.608557123350022766e-01 8.989531178880291740e-02 1.306326809285389134e-01 3.186162949476559203e-01 0.000000000000000000e+00
3.350000000000000000e+03 1.340002856807700482e-01 4.607419208010923861e-01 8.875739644970413733e-02 1.365498406918525254e-01 3.139508420573509095e-01 0.000000000000000000e+00
3.375000000000000000e+03 1.350002878127161132e-01 4.469731451979972459e-01 8.909877105143376719e-02 1.337050523441055960e-01 3.302230314064633632e-01 0.000000000000000000e+00
3.400000000000000000e+03 1.360002899446621782e-01 4.589212562585343602e-01 8.318161128812016913e-02 1.376877560309512916e-01 3.202093764223941652e-01 0.000000000000000000e+00
3.425000000000000000e+03 1.370002920766082433e-01 4.693900773782430647e-01 7.794720072826581692e-02 1.442876649977241632e-01 3.083750568957669413e-01 0.000000000000000000e+00
3.450000000000000000e+03 1.380002942085543083e-01 4.677969959035047642e-01 7.988165680473373331e-02 1.475876194811105990e-01 3.047337278106508895e-01 0.000000000000000000e+00
3.475000000000000000e+03 1.390002963405001513e-01 4.683659535730541612e-01 7.885753299954482987e-02 1.470186618115612298e-01 3.057578516158397930e-01 0.000000000000000000e+00
3.500000000000000000e+03 1.400002984724462163e-01 4.831588529813382049e-01 7.020937642239417908e-02 1.473600364132908458e-01 2.992717341829768118e-01 0.000000000000000000e+00
3.525000000000000000e+03 1.410003006043922813e-01 4.625625853436504120e-01 6.873008648156576916e-02 1.487255348202093652e-01 3.199817933545744397e-01 0.000000000000000000e+00
3.550000000000000000e+03 1.420003027363383463e-01 4.914656349567592120e-01 7.043695949021393232e-02 1.573736913973600438e-01 2.807237141556668258e-01 0.000000000000000000e+00
3.575000000000000000e+03 1.430003048682844113e-01 4.880518889394628856e-01 7.168866636322257513e-02 1.527082385070550885e-01 2.875512061902594230e-01 0.000000000000000000e+00
3.600000000000000000e+03 1.440003070002304764e-01 4.857760582612653533e-01 7.316795630405098505e-02 1.554392353208921274e-01 2.856167501137915066e-01 0.000000000000000000e+00
3.625000000000000000e+03 1.450003091321765414e-01 4.927173418297678409e-01 7.146108329540282189e-02 1.587391898042785632e-01 2.770823850705507740e-01 0.000000000000000000e+00
3.650000000000000000e+03 1.460003112641226064e-01 5.169549385525716856e-01 7.146108329540282189e-02 1.502048247610377751e-01 2.613791533909877174e-01 0.000000000000000000e+00
3.675000000000000000e+03 1.470003133960686714e-01 5.023896222121073674e-01 6.986800182066454923e-02 1.508875739644970349e-01 2.768548020027309930e-01 0.000000000000000000e+00
3.700000000000000000e+03 1.480003155280147364e-01 5.110377787892580459e-01 6.679563040509786664e-02 1.494082840236686527e-01 2.727583067819754348e-01 0.000000000000000000e+00
3.725000000000000000e+03 1.490003176599608015e-01 5.027309968138370389e-01 6.964041875284478211e-02 1.511151570323167881e-01 2.765134274010013771e-01 0.000000000000000000e+00
3.750000000000000000e+03 1.500003197919066444e-01 5.185480200273099305e-01 7.373691397360036814e-02 1.544151115157032239e-01 2.532999544833864358e-01 0.000000000000000000e+00
3.775000000000000000e+03 1.510003219238527095e-01 5.236686390532544477e-01 6.907146108329539902e-02 1.630632680928539024e-01 2.441966317705962786e-01 0.000000000000000000e+00
3.800000000000000000e+03 1.520003240557987745e-01 5.200273099681383959e-01 6.668183887118799003e-02 1.628356850250341492e-01 2.504551661356395065e-01 0.000000000000000000e+00
3.825000000000000000e+03 1.530003261877448395e-01 5.368684569868001910e-01 6.725079654073737312e-02 1.550978607191624836e-01 2.407828857532999522e-01 0.000000000000000000e+00
3.850000000000000000e+03 1.540003283196909045e-01 5.213928083750568598e-01 7.225762403277195822e-02 1.577150659990896597e-01 2.486345015930814806e-01 0.000000000000000000e+00
3.875000000000000000e+03 1.550003304516369695e-01 5.384615384615384359e-01 6.998179335457442585e-02 1.596495220755575761e-01 2.319071461083295482e-01 0.000000000000000000e+00
3.900000000000000000e+03 1.560003325835830346e-01 5.310650887573964418e-01 6.952662721893490549e-02 1.651115157032316816e-01 2.342967683204369711e-01 0.000000000000000000e+00
3.925000000000000000e+03 1.570003347155290996e-01 5.368684569868001910e-01 7.020937642239417908e-02 1.663632225762403383e-01 2.265589440145653055e-01 0.000000000000000000e+00
3.950000000000000000e+03 1.580003368474751646e-01 5.398270368684570109e-01 6.645425580336822291e-02 1.645425580336822846e-01 2.291761492944924816e-01 0.000000000000000000e+00
3.975000000000000000e+03 1.590003389794212296e-01 5.433545744196631722e-01 6.520254893035958010e-02 1.739872553482020856e-01 2.174556213017751483e-01 0.000000000000000000e+00
4.000000000000000000e+03 1.600003411113672946e-01 5.425580336822940497e-01 6.565771506599908658e-02 1.697769685935366368e-01 2.220072826581702408e-01 0.000000000000000000e+00
4.025000000000000000e+03 1.610003432433131376e-01 5.419890760127445972e-01 6.577150659990896320e-02 1.701183431952662806e-01 2.221210741920801035e-01 0.000000000000000000e+00
4.050000000000000000e+03 1.620003453752592026e-01 5.593991807009558448e-01 6.304050978607191047e-02 1.727355484751934567e-01 2.048247610377788019e-01 0.000000000000000000e+00
4.075000000000000000e+03 1.630003475072052677e-01 5.507510241238051663e-01 6.383705052344106068e-02 1.763768775603095085e-01 2.090350477924442507e-01 0.000000000000000000e+00
4.100000000000000000e+03 1.640003496391513327e-01 5.654301319981793750e-01 6.702321347291761988e-02 1.830905780609922706e-01 1.844560764679107900e-01 0.000000000000000000e+00
4.125000000000000000e+03 1.650003517710973977e-01 5.631543013199817871e-01 6.668183887118799003e-02 1.893491124260354985e-01 1.808147473827947105e-01 0.000000000000000000e+00
4.150000000000000000e+03 1.660003539030434627e-01 5.589440145653163938e-01 6.543013199817933334e-02 1.887801547564861293e-01 1.868456986800182129e-01 0.000000000000000000e+00
4.175000000000000000e+03 1.670003560349895277e-01 5.689576695493855363e-01 6.690942193900774326e-02 1.923076923076923184e-01 1.718252162039144160e-01 0.000000000000000000e+00
4.200000000000000000e+03 1.680003581669355928e-01 5.582612653618570508e-01 7.225762403277195822e-02 1.983386436049157930e-01 1.711424670004551563e-01 0.000000000000000000e+00
4.225000000000000000e+03 1.690003602988816578e-01 5.737369139736003820e-01 7.248520710059171146e-02 1.946973145197997135e-01 1.590805644060081792e-01 0.000000000000000000e+00
4.250000000000000000e+03 1.700003624308277228e-01 5.776058261265362148e-01 6.929904415111515226e-02 1.918525261720528119e-01 1.612426035502958488e-01 0.000000000000000000e+00
4.275000000000000000e+03 1.710003645627737878e-01 5.797678652708238012e-01 6.770596267637687959e-02 1.929904415111515781e-01 1.595357305416477134e-01 0.000000000000000000e+00
4.300000000000000000e+03 1.720003666947198528e-01 5.677059626763768518e-01 7.066454255803368556e-02 1.990213928083750528e-01 1.626081019572143960e-01 0.000000000000000000e+00
4.325000000000000000e+03 1.730003688266656958e-01 5.739644970414201630e-01 7.237141556668183484e-02 1.933318161128811941e-01 1.603322712790168358e-01 0.000000000000000000e+00
4.350000000000000000e+03 1.740003709586117608e-01 5.851160673645880994e-01 7.111970869367319203e-02 1.983386436049157930e-01 1.454255803368229294e-01 0.000000000000000000e+00
4.375000000000000000e+03 1.750003730905578259e-01 5.916021847974510806e-01 7.157487482931269851e-02 1.987938097405552995e-01 1.380291306326809353e-01 0.000000000000000000e+00
4.400000000000000000e+03 1.760003752225038909e-01 5.865953573054164538e-01 7.134729176149294527e-02 1.973145197997268896e-01 1.447428311333636697e-01 0.000000000000000000e+00
4.425000000000000000e+03 1.770003773544499559e-01 5.888711879836140417e-01 7.123350022758306865e-02 1.976558944014565333e-01 1.422394173873463841e-01 0.000000000000000000e+00
4.450000000000000000e+03 1.780003794863960209e-01 5.913746017296312996e-01 7.294037323623121793e-02 2.023213472917614886e-01 1.333636777423759801e-01 0.000000000000000000e+00
4.475000000000000000e+03 1.790003816183420859e-01 5.894401456531633832e-01 7.191624943104232837e-02 2.101729631315430169e-01 1.284706417842512438e-01 0.000000000000000000e+00
4.500000000000000000e+03 1.800003837502881510e-01 5.935366408739189970e-01 6.941283568502502888e-02 2.119936276741010428e-01 1.250568957669549452e-01 0.000000000000000000e+00
4.525000000000000000e+03 1.810003858822342160e-01 5.927401001365498745e-01 7.009558488848430247e-02 2.102867546654528796e-01 1.268775603095129711e-01 0.000000000000000000e+00
4.550000000000000000e+03 1.820003880141802810e-01 5.999089667728720876e-01 7.100591715976331542e-02 2.085798816568047442e-01 1.205052344105598527e-01 0.000000000000000000e+00
4.575000000000000000e+03 1.830003901461263460e-01 5.950159308147473514e-01 7.282658170232134132e-02 2.099453800637232637e-01 1.222121074192080159e-01 0.000000000000000000e+00
4.600000000000000000e+03 1.840003922780721890e-01 6.048020027309968238e-01 7.180245789713245175e-02 2.114246700045516736e-01 1.119708693673190647e-01 0.000000000000000000e+00
4.625000000000000000e+03 1.850003944100182540e-01 5.931952662721893255e-01 7.396449704142012138e-02 2.094902139280837572e-01 1.233500227583067821e-01 0.000000000000000000e+00
4.650000000000000000e+03 1.860003965419643190e-01 6.084433318161128756e-01 7.066454255803368556e-02 2.074419663177059503e-01 1.134501593081474746e-01 0.000000000000000000e+00
4.675000000000000000e+03 1.870003986739103841e-01 6.046882111970869333e-01 7.316795630405098505e-02 2.131315430131998090e-01 1.090122894856622726e-01 0.000000000000000000e+00
4.700000000000000000e+03 1.880004008058564491e-01 6.079881656804734247e-01 7.430587164314975124e-02 2.104005461993627701e-01 1.073054164770141095e-01 0.000000000000000000e+00
4.725000000000000000e+03 1.890004029378025141e-01 6.159535730541647602e-01 7.191624943104232837e-02 2.097177969959035104e-01 1.024123805188894010e-01 0.000000000000000000e+00
4.750000000000000000e+03 1.900004050697485791e-01 6.172052799271734447e-01 7.362312243969049153e-02 2.064178425125170746e-01 1.027537551206190308e-01 0.000000000000000000e+00
4.775000000000000000e+03 1.910004072016946441e-01 6.099226217569412301e-01 7.464724624487938109e-02 2.110832954028220299e-01 1.043468365953573035e-01 0.000000000000000000e+00
4.800000000000000000e+03 1.920004093336407092e-01 6.172052799271734447e-01 7.385070550751024476e-02 2.084660901228948537e-01 1.004779244424214846e-01 0.000000000000000000e+00
4.825000000000000000e+03 1.930004114655867742e-01 6.176604460628128956e-01 7.589895311788802390e-02 2.124487938097405493e-01 9.399180700955848955e-02 0.000000000000000000e+00
4.850000000000000000e+03 1.940004135975328392e-01 6.149294492489758568e-01 7.612653618570777714e-02 2.141556668183887124e-01 9.478834774692762588e-02 0.000000000000000000e+00
4.875000000000000000e+03 1.950004157294786822e-01 6.093536640873918886e-01 7.931269913518433634e-02 2.183659535730541612e-01 9.296768320436959998e-02 0.000000000000000000e+00
4.900000000000000000e+03 1.960004178614247472e-01 6.189121529358215801e-01 8.022303140646336317e-02 2.168866636322257513e-01 8.397815202548930547e-02 0.000000000000000000e+00
4.925000000000000000e+03 1.970004199933708122e-01 6.218707328174783999e-01 8.420573509330905870e-02 2.167728720983158885e-01 7.715065999089668058e-02 0.000000000000000000e+00
4.950000000000000000e+03 1.980004221253168772e-01 6.241465634956758768e-01 7.794720072826581692e-02 2.150659990896677254e-01 8.284023668639053928e-02 0.000000000000000000e+00
4.975000000000000000e+03 1.990004242572629423e-01 6.187983614019116896e-01 8.136094674556212936e-02 2.167728720983158885e-01 8.306781975421029252e-02 0.000000000000000000e+00
5.000000000000000000e+03 2.000004263892090073e-01 6.335912608101956778e-01 7.965407373691398007e-02 2.081247155211652378e-01 7.862994993172507663e-02 0.000000000000000000e+00
5.025000000000000000e+03 2.010004285211550723e-01 6.275603095129722586e-01 8.443331816112881194e-02 2.135867091488393155e-01 7.441966317705962786e-02 0.000000000000000000e+00
5.050000000000000000e+03 2.020004306531011373e-01 6.354119253527537037e-01 8.204369594902138907e-02 2.116522530723714268e-01 7.089212562585343880e-02 0.000000000000000000e+00
5.075000000000000000e+03 2.030004327850472023e-01 6.339326354119253493e-01 8.477469276285844180e-02 2.156349567592171224e-01 6.565771506599908658e-02 0.000000000000000000e+00
5.100000000000000000e+03 2.040004349169932674e-01 6.274465179790623681e-01 8.204369594902138907e-02 2.190487027765134209e-01 7.146108329540282189e-02 0.000000000000000000e+00
5.125000000000000000e+03 2.050004370489393324e-01 6.349567592171142527e-01 8.192990441511151245e-02 2.137005006827492060e-01 6.941283568502502888e-02 0.000000000000000000e+00
5.150000000000000000e+03 2.060004391808851754e-01 6.326809285389166648e-01 8.090578060992262288e-02 2.134729176149294527e-01 7.294037323623121793e-02 0.000000000000000000e+00
5.175000000000000000e+03 2.070004413128312404e-01 6.355257168866635942e-01 8.045061447428311641e-02 2.107419208010923861e-01 7.328174783796086167e-02 0.000000000000000000e+00
5.200000000000000000e+03 2.080004434447773054e-01 6.416704597177970149e-01 8.113336367774237612e-02 2.086936731907146070e-01 6.850250341374601593e-02 0.000000000000000000e+00
5.225000000000000000e+03 2.090004455767233704e-01 6.490669094219390090e-01 7.817478379608557015e-02 2.094902139280837572e-01 6.326809285389166371e-02 0.000000000000000000e+00
5.250000000000000000e+03 2.100004477086694354e-01 6.580564406008192480e-01 7.532999544833864081e-02 2.020937642239417353e-01 6.451979972690032039e-02 0.000000000000000000e+00
5.275000000000000000e+03 2.110004498406155005e-01 6.587391898042785909e-01 7.601274465179790052e-02 2.075557578516158408e-01 5.769230769230769551e-02 0.000000000000000000e+00
5.300000000000000000e+03 2.120004519725615655e-01 6.502048247610378029e-01 7.828857532999544677e-02 2.072143832498861971e-01 6.429221665908056715e-02 0.000000000000000000e+00
5.325000000000000000e+03 2.130004541045076305e-01 6.459945380063722986e-01 7.874374146563495325e-02 2.104005461993627701e-01 6.486117432862995025e-02 0.000000000000000000e+00
5.350000000000000000e+03 2.140004562364536955e-01 6.529358215748748417e-01 7.635411925352754425e-02 2.108557123350022766e-01 5.985434683659535821e-02 0.000000000000000000e+00
5.375000000000000000e+03 2.150004583683997605e-01 6.556668183887118806e-01 7.851615839781520001e-02 2.058488848429676776e-01 5.996813837050523482e-02 0.000000000000000000e+00
5.400000000000000000e+03 2.160004605003458256e-01 6.586253982703687004e-01 7.396449704142012138e-02 2.055075102412380617e-01 6.190259444697314428e-02 0.000000000000000000e+00
5.425000000000000000e+03 2.170004626322916685e-01 6.646563495675921196e-01 7.419208010923987462e-02 2.030040964952207483e-01 5.814747382794720199e-02 0.000000000000000000e+00
5.450000000000000000e+03 2.180004647642377336e-01 6.585116067364588099e-01 7.760582612653618706e-02 2.026627218934911323e-01 6.121984524351388457e-02 0.000000000000000000e+00
5.475000000000000000e+03 2.190004668961837986e-01 6.672735548475193790e-01 7.521620391442876419e-02 1.987938097405552995e-01 5.860263996358670846e-02 1.137915339098771066e-04
5.500000000000000000e+03 2.200004690281298636e-01 6.615839781520255203e-01 7.806099226217569353e-02 2.005006827492034627e-01 5.985434683659535821e-02 0.000000000000000000e+00
5.525000000000000000e+03 2.210004711600759286e-01 6.665908056440600360e-01 7.692307692307692735e-02 1.997041420118343125e-01 5.678197542102867562e-02 0.000000000000000000e+00
5.550000000000000000e+03 2.220004732920219936e-01 6.693218024578971859e-01 7.248520710059171146e-02 2.026627218934911323e-01 5.553026854802002588e-02 0.000000000000000000e+00
5.575000000000000000e+03 2.230004754239680587e-01 6.750113791533909335e-01 7.385070550751024476e-02 1.945835229858898507e-01 5.655439235320892238e-02 0.000000000000000000e+00
5.600000000000000000e+03 2.240004775559141237e-01 6.731907146108329076e-01 7.419208010923987462e-02 1.979972690031861493e-01 5.461993627674101293e-02 0.000000000000000000e+00
5.625000000000000000e+03 2.250004796878601887e-01 6.759217114246700575e-01 7.453345471096950448e-02 1.951524806554392477e-01 5.439235320892125969e-02 0.000000000000000000e+00
5.650000000000000000e+03 2.260004818198062537e-01 6.744424214838415921e-01 7.248520710059171146e-02 1.987938097405552995e-01 5.427856167501137613e-02 0.000000000000000000e+00
5.675000000000000000e+03 2.270004839517523187e-01 6.910559854346836062e-01 7.146108329540282189e-02 1.877560309512972259e-01 4.972690031861629750e-02 0.000000000000000000e+00
