# itime ezz other fcc hcp bcc ico
0.000000000000000000e+00 0.000000000000000000e+00 3.413746017296313199e-04 9.996586253982703285e-01 0.000000000000000000e+00 0.000000000000000000e+00 0.000000000000000000e+00
2.500000000000000000e+02 9.999625896464081620e-04 4.551661356395084266e-04 9.995448338643604380e-01 0.000000000000000000e+00 0.000000000000000000e+00 0.000000000000000000e+00
5.000000000000000000e+02 1.999925179292816324e-03 9.103322712790168532e-04 9.990896677287209870e-01 0.000000000000000000e+00 0.000000000000000000e+00 0.000000000000000000e+00
7.500000000000000000e+02 2.999887768939002441e-03 1.365498406918525280e-03 9.986345015930814251e-01 0.000000000000000000e+00 0.000000000000000000e+00 0.000000000000000000e+00
1.000000000000000000e+03 3.999850358585410603e-03 0.000000000000000000e+00 1.000000000000000000e+00 0.000000000000000000e+00 0.000000000000000000e+00 0.000000000000000000e+00
1.250000000000000000e+03 4.999812948231818766e-03 2.503413746017296455e-03 9.974965862539827421e-01 0.000000000000000000e+00 0.000000000000000000e+00 0.000000000000000000e+00
1.500000000000000000e+03 5.999775537878226928e-03 1.137915339098770958e-03 9.988620846609012061e-01 0.000000000000000000e+00 0.000000000000000000e+00 0.000000000000000000e+00
1.750000000000000000e+03 6.999738127524635090e-03 6.827492034592626399e-04 9.993172507965407680e-01 0.000000000000000000e+00 0.000000000000000000e+00 0.000000000000000000e+00
2.000000000000000000e+03 7.999700717170821207e-03 1.593081474738279385e-03 9.984069185252617551e-01 0.000000000000000000e+00 0.000000000000000000e+00 0.000000000000000000e+00
2.250000000000000000e+03 8.999663306817229369e-03 1.706873008648156654e-03 9.982931269913518646e-01 0.000000000000000000e+00 0.000000000000000000e+00 0.000000000000000000e+00
2.500000000000000000e+03 9.999625896463637531e-03 1.251706873008648227e-03 9.987482931269913156e-01 0.000000000000000000e+00 0.000000000000000000e+00 0.000000000000000000e+00
2.750000000000000000e+03 1.099958848611004569e-02 7.965407373691396923e-04 9.992034592626308775e-01 0.000000000000000000e+00 0.000000000000000000e+00 0.000000000000000000e+00
3.000000000000000000e+03 1.199955107575645386e-02 2.048247610377787811e-03 9.978379608557123026e-01 0.000000000000000000e+00 1.137915339098771066e-04 0.000000000000000000e+00
3.250000000000000000e+03 1.299951366540263997e-02 1.137915339098770958e-03 9.988620846609012061e-01 0.000000000000000000e+00 0.000000000000000000e+00 0.000000000000000000e+00
3.500000000000000000e+03 1.399947625504904813e-02 2.389622212107419402e-03 9.974965862539827421e-01 0.000000000000000000e+00 1.137915339098771066e-04 0.000000000000000000e+00
3.750000000000000000e+03 1.499943884469545630e-02 1.706873008648156654e-03 9.982931269913518646e-01 0.000000000000000000e+00 0.000000000000000000e+00 0.000000000000000000e+00
4.000000000000000000e+03 1.599940143434186446e-02 1.251706873008648227e-03 9.987482931269913156e-01 0.000000000000000000e+00 0.000000000000000000e+00 0.000000000000000000e+00
4.250000000000000000e+03 1.699936402398827262e-02 2.503413746017296455e-03 9.974965862539827421e-01 0.000000000000000000e+00 0.000000000000000000e+00 0.000000000000000000e+00
4.500000000000000000e+03 1.799932661363445874e-02 2.617205279927173507e-03 9.973827947200728516e-01 0.000000000000000000e+00 0.000000000000000000e+00 0.000000000000000000e+00
4.750000000000000000e+03 1.899928920328086690e-02 1.251706873008648227e-03 9.987482931269913156e-01 0.000000000000000000e+00 0.000000000000000000e+00 0.000000000000000000e+00
5.000000000000000000e+03 1.999925179292727506e-02 1.934456076467910759e-03 9.980655439235320836e-01 0.000000000000000000e+00 0.000000000000000000e+00 0.000000000000000000e+00
5.250000000000000000e+03 2.099921438257368322e-02 3.641329085116067413e-03 9.962448793809740577e-01 0.000000000000000000e+00 1.137915339098771066e-04 0.000000000000000000e+00
5.500000000000000000e+03 2.199917697222009139e-02 1.820664542558033706e-03 9.981793354574419741e-01 0.000000000000000000e+00 0.000000000000000000e+00 0.000000000000000000e+00
5.750000000000000000e+03 2.299913956186627750e-02 1.365498406918525280e-03 9.985207100591716456e-01 0.000000000000000000e+00 1.137915339098771066e-04 0.000000000000000000e+00
6.000000000000000000e+03 2.399910215151268567e-02 2.389622212107419402e-03 9.974965862539827421e-01 0.000000000000000000e+00 1.137915339098771066e-04 0.000000000000000000e+00
6.250000000000000000e+03 2.499906474115909383e-02 2.730996813837050560e-03 9.972690031861629611e-01 0.000000000000000000e+00 0.000000000000000000e+00 0.000000000000000000e+00
6.500000000000000000e+03 2.599902733080550199e-02 3.072371415566681717e-03 9.968138370505233992e-01 0.000000000000000000e+00 1.137915339098771066e-04 0.000000000000000000e+00
6.750000000000000000e+03 2.699898992045191015e-02 2.503413746017296455e-03 9.974965862539827421e-01 0.000000000000000000e+00 0.000000000000000000e+00 0.000000000000000000e+00
7.000000000000000000e+03 2.799895251009809627e-02 5.803368229403732710e-03 9.939690487027764698e-01 0.000000000000000000e+00 2.275830678197542133e-04 0.000000000000000000e+00
7.250000000000000000e+03 2.899891509974450443e-02 4.324078288575329727e-03 9.956759217114247162e-01 0.000000000000000000e+00 0.000000000000000000e+00 0.000000000000000000e+00
7.500000000000000000e+03 2.999887768939091259e-02 6.713700500682749130e-03 9.931725079654073474e-01 0.000000000000000000e+00 1.137915339098771066e-04 0.000000000000000000e+00
7.750000000000000000e+03 3.099884027903732076e-02 6.372325898953117539e-03 9.935138825671370189e-01 0.000000000000000000e+00 1.137915339098771066e-04 0.000000000000000000e+00
8.000000000000000000e+03 3.199880286868350687e-02 2.844788347746927612e-03 9.970414201183431802e-01 0.000000000000000000e+00 1.137915339098771066e-04 0.000000000000000000e+00
8.250000000000000000e+03 3.299876545832991503e-02 2.958579881656804664e-03 9.969276285844332897e-01 0.000000000000000000e+00 1.137915339098771066e-04 0.000000000000000000e+00
8.500000000000000000e+03 3.399872804797632320e-02 5.917159763313609329e-03 9.940828402366863603e-01 0.000000000000000000e+00 0.000000000000000000e+00 0.000000000000000000e+00
8.750000000000000000e+03 3.499869063762273136e-02 7.737824305871643035e-03 9.921483841602184439e-01 0.000000000000000000e+00 1.137915339098771066e-04 0.000000000000000000e+00
9.000000000000000000e+03 3.599865322726913952e-02 5.689576695493855224e-03 9.943104233045061413e-01 0.000000000000000000e+00 0.000000000000000000e+00 0.000000000000000000e+00
9.250000000000000000e+03 3.699861581691532564e-02 7.168866636322257339e-03 9.927173418297678964e-01 0.000000000000000000e+00 1.137915339098771066e-04 0.000000000000000000e+00
9.500000000000000000e+03 3.799857840656173380e-02 5.461993627674101119e-03 9.944242148384160318e-01 0.000000000000000000e+00 1.137915339098771066e-04 0.000000000000000000e+00
9.750000000000000000e+03 3.899854099620814196e-02 8.534365043240782836e-03 9.913518434228493215e-01 0.000000000000000000e+00 1.137915339098771066e-04 0.000000000000000000e+00
1.000000000000000000e+04 3.999850358585455012e-02 8.079198907601274626e-03 9.916932180245789930e-01 0.000000000000000000e+00 2.275830678197542133e-04 0.000000000000000000e+00
1.025000000000000000e+04 4.099846617550095829e-02 1.069640418752844727e-02 9.889622212107419541e-01 0.000000000000000000e+00 3.413746017296313199e-04 0.000000000000000000e+00
1.050000000000000000e+04 4.199842876514714440e-02 8.192990441511151245e-03 9.918070095584888834e-01 0.000000000000000000e+00 0.000000000000000000e+00 0.000000000000000000e+00
1.075000000000000000e+04 4.299839135479355257e-02 9.217114246700046018e-03 9.904415111515703085e-01 0.000000000000000000e+00 3.413746017296313199e-04 0.000000000000000000e+00
1.100000000000000000e+04 4.399835394443996073e-02 1.092398725534820224e-02 9.888484296768320636e-01 0.000000000000000000e+00 2.275830678197542133e-04 0.000000000000000000e+00
1.125000000000000000e+04 4.499831653408636889e-02 1.058261265361857065e-02 9.888484296768320636e-01 0.000000000000000000e+00 5.689576695493854790e-04 0.000000000000000000e+00
1.150000000000000000e+04 4.599827912373277705e-02 1.604460628129267263e-02 9.832726445152480954e-01 0.000000000000000000e+00 6.827492034592626399e-04 0.000000000000000000e+00
1.175000000000000000e+04 4.699824171337896317e-02 1.149294492489758707e-02 9.879380974055530507e-01 0.000000000000000000e+00 5.689576695493854790e-04 0.000000000000000000e+00
1.200000000000000000e+04 4.799820430302537133e-02 1.126536185707783383e-02 9.880518889394629412e-01 0.000000000000000000e+00 6.827492034592626399e-04 0.000000000000000000e+00
1.225000000000000000e+04 4.899816689267177949e-02 1.615839781520254925e-02 9.830450614474283144e-01 0.000000000000000000e+00 7.965407373691396923e-04 0.000000000000000000e+00
1.250000000000000000e+04 4.999812948231818766e-02 1.251706873008648184e-02 9.872553482020938187e-01 0.000000000000000000e+00 2.275830678197542133e-04 0.000000000000000000e+00
1.275000000000000000e+04 5.099809207196459582e-02 1.502048247610377786e-02 9.842967683204369989e-01 0.000000000000000000e+00 6.827492034592626399e-04 0.000000000000000000e+00
1.300000000000000000e+04 5.199805466161078193e-02 1.524806554392353283e-02 9.838416021847974369e-01 0.000000000000000000e+00 9.103322712790168532e-04 0.000000000000000000e+00
1.325000000000000000e+04 5.299801725125719010e-02 1.513427401001365448e-02 9.844105598543468894e-01 0.000000000000000000e+00 4.551661356395084266e-04 0.000000000000000000e+00
1.350000000000000000e+04 5.399797984090359826e-02 1.911697769685935522e-02 9.805416477014110566e-01 0.000000000000000000e+00 3.413746017296313199e-04 0.000000000000000000e+00
1.375000000000000000e+04 5.499794243055000642e-02 2.378243058716431393e-02 9.754210286754665393e-01 0.000000000000000000e+00 7.965407373691396923e-04 0.000000000000000000e+00
1.400000000000000000e+04 5.599790502019641458e-02 2.002730996813837164e-02 9.784934000910332497e-01 0.000000000000000000e+00 1.479289940828402332e-03 0.000000000000000000e+00
1.425000000000000000e+04 5.699786760984260070e-02 2.423759672280382388e-02 9.742831133363677454e-01 0.000000000000000000e+00 1.479289940828402332e-03 0.000000000000000000e+00
1.450000000000000000e+04 5.799783019948900886e-02 1.934456076467910846e-02 9.800864815657714946e-01 0.000000000000000000e+00 5.689576695493854790e-04 0.000000000000000000e+00
1.475000000000000000e+04 5.899779278913541702e-02 2.355484751934456070e-02 9.749658625398270884e-01 0.000000000000000000e+00 1.479289940828402332e-03 0.000000000000000000e+00
1.500000000000000000e+04 5.999775537878182519e-02 3.812016385980882688e-02 9.596040054619936477e-01 0.000000000000000000e+00 2.275830678197541916e-03 0.000000000000000000e+00
1.525000000000000000e+04 6.099771796842823335e-02 2.526172052799271692e-02 9.737141556668184039e-01 0.000000000000000000e+00 1.024123805188893906e-03 0.000000000000000000e+00
1.550000000000000000e+04 6.199768055807441947e-02 3.072371415566681890e-02 9.683659535730542167e-01 0.000000000000000000e+00 9.103322712790168532e-04 0.000000000000000000e+00
1.575000000000000000e+04 6.299764314772082763e-02 3.311333636777423484e-02 9.655211652253072874e-01 0.000000000000000000e+00 1.365498406918525280e-03 0.000000000000000000e+00
1.600000000000000000e+04 6.399760573736723579e-02 2.639963586709149004e-02 9.724624487938097195e-01 0.000000000000000000e+00 1.137915339098770958e-03 0.000000000000000000e+00
1.625000000000000000e+04 6.499756832701364395e-02 3.390987710514337811e-02 9.635867091488393710e-01 0.000000000000000000e+00 2.503413746017296455e-03 0.000000000000000000e+00
1.650000000000000000e+04 6.599753091666005211e-02 3.072371415566681890e-02 9.665452890304960798e-01 0.000000000000000000e+00 2.730996813837050560e-03 0.000000000000000000e+00
1.675000000000000000e+04 6.699749350630623823e-02 4.119253527537550946e-02 9.555075102412380339e-01 0.000000000000000000e+00 3.299954483386436255e-03 0.000000000000000000e+00
1.700000000000000000e+04 6.799745609595264639e-02 3.550295857988165771e-02 9.622212107419207960e-01 0.000000000000000000e+00 2.275830678197541916e-03 0.000000000000000000e+00
1.725000000000000000e+04 6.899741868559905456e-02 4.688211197086936816e-02 9.506144742831132977e-01 0.000000000000000000e+00 2.503413746017296455e-03 0.000000000000000000e+00
1.750000000000000000e+04 6.999738127524546272e-02 5.166135639508420696e-02 9.436731907146108655e-01 0.000000000000000000e+00 4.665452890304961318e-03 0.000000000000000000e+00
1.775000000000000000e+04 7.099734386489187088e-02 5.803368229403732537e-02 9.390077378243059103e-01 0.000000000000000000e+00 2.958579881656804664e-03 0.000000000000000000e+00
1.800000000000000000e+04 7.199730645453805700e-02 6.338188438780155420e-02 9.336595357305416121e-01 0.000000000000000000e+00 2.958579881656804664e-03 0.000000000000000000e+00
1.825000000000000000e+04 7.299726904418446516e-02 7.077833409194356218e-02 9.234182976786526886e-01 0.000000000000000000e+00 5.803368229403732710e-03 0.000000000000000000e+00
1.850000000000000000e+04 7.399723163383087332e-02 6.588529813381883982e-02 9.294492489758762188e-01 0.000000000000000000e+00 4.665452890304961318e-03 0.000000000000000000e+00
1.875000000000000000e+04 7.499719422347728148e-02 8.648156577150660496e-02 9.066909421939007840e-01 0.000000000000000000e+00 6.827492034592626616e-03 0.000000000000000000e+00
1.900000000000000000e+04 7.599715681312368964e-02 8.306781975421029252e-02 9.054392353208920996e-01 0.000000000000000000e+00 1.149294492489758707e-02 0.000000000000000000e+00
1.925000000000000000e+04 7.699711940276987576e-02 9.319526627218935322e-02 9.006599908966772539e-01 0.000000000000000000e+00 6.144742831133363434e-03 0.000000000000000000e+00
1.950000000000000000e+04 7.799708199241628392e-02 9.786071916249430847e-02 8.937187073281748217e-01 0.000000000000000000e+00 8.420573509330906217e-03 0.000000000000000000e+00
1.975000000000000000e+04 7.899704458206269209e-02 1.068502503413746030e-01 8.817705962676376519e-01 0.000000000000000000e+00 1.137915339098771045e-02 0.000000000000000000e+00
2.000000000000000000e+04 7.999700717170910025e-02 8.659535730541648157e-02 9.055530268548019901e-01 0.000000000000000000e+00 7.851615839781519654e-03 0.000000000000000000e+00
2.025000000000000000e+04 8.099696976135550841e-02 1.032089212562585373e-01 8.862084660901229372e-01 0.000000000000000000e+00 1.058261265361857065e-02 0.000000000000000000e+00
2.050000000000000000e+04 8.199693235100169453e-02 1.185707783340919502e-01 8.682294037323623481e-01 1.137915339098771066e-04 1.308602639963586667e-02 0.000000000000000000e+00
2.075000000000000000e+04 8.299689494064810269e-02 1.568047337278106468e-01 8.139508420573509095e-01 2.275830678197542133e-04 2.901684114701866268e-02 0.000000000000000000e+00
2.100000000000000000e+04 8.399685753029451085e-02 1.794492489758761911e-01 7.660446062812926726e-01 1.137915339098771066e-04 5.439235320892125969e-02 0.000000000000000000e+00
2.125000000000000000e+04 8.499682011994091901e-02 1.965179790623577671e-01 7.319071461083295205e-01 1.024123805188893906e-03 7.055075102412380894e-02 0.000000000000000000e+00
2.150000000000000000e+04 8.599678270958710513e-02 2.217796995903504875e-01 6.646563495675921196e-01 3.527537551206190360e-03 1.100364132908511622e-01 0.000000000000000000e+00
2.175000000000000000e+04 8.699674529923351329e-02 2.296313154301319881e-01 5.967228038233954868e-01 5.541647701411014926e-02 1.182294037323623065e-01 0.000000000000000000e+00
2.200000000000000000e+04 8.799670788887992146e-02 1.959490213928083702e-01 6.233500227583067543e-01 1.085571233500227523e-01 7.214383249886208160e-02 0.000000000000000000e+00
2.225000000000000000e+04 8.899667047852632962e-02 1.772872098315885214e-01 6.301775147928994070e-01 1.348429676832043622e-01 5.769230769230769551e-02 0.000000000000000000e+00
2.250000000000000000e+04 8.999663306817273778e-02 1.490669094219390090e-01 6.180018206645425671e-01 1.787664997724169313e-01 5.416477014110149951e-02 0.000000000000000000e+00
2.275000000000000000e+04 9.099659565781892390e-02 1.503186162949476656e-01 5.779472007282657753e-01 2.113108784706417831e-01 6.042330450614474130e-02 0.000000000000000000e+00
2.300000000000000000e+04 9.199655824746533206e-02 1.339326354119253493e-01 5.854574419663176599e-01 2.239417387346381294e-01 5.666818388711879900e-02 0.000000000000000000e+00
2.325000000000000000e+04 9.299652083711174022e-02 1.205052344105598527e-01 6.005917159763313196e-01 2.414656349567592120e-01 3.743741465634956717e-02 0.000000000000000000e+00
2.350000000000000000e+04 9.399648342675814838e-02 1.074192080109239861e-01 5.975193445607647202e-01 2.613791533909877174e-01 3.368229403732362487e-02 0.000000000000000000e+00
2.375000000000000000e+04 9.499644601640455654e-02 1.140191169776968577e-01 5.768092853891670924e-01 2.703686845698680119e-01 3.880291306326809353e-02 0.000000000000000000e+00
2.400000000000000000e+04 9.599640860605074266e-02 1.095812471552116557e-01 5.805644060081930347e-01 2.704824761037779024e-01 3.937187073281747662e-02 0.000000000000000000e+00
2.425000000000000000e+04 9.699637119569715082e-02 1.115157032316795582e-01 5.860263996358671124e-01 2.704824761037779024e-01 3.197542102867546865e-02 0.000000000000000000e+00
2.450000000000000000e+04 9.799633378534355899e-02 1.214155666818388657e-01 5.737369139736003820e-01 2.707100591715976279e-01 3.413746017296313134e-02 0.000000000000000000e+00
2.475000000000000000e+04 9.899629637498996715e-02 1.193673190714610866e-01 5.677059626763768518e-01 2.700273099681383959e-01 4.289940828402366568e-02 0.000000000000000000e+00
2.500000000000000000e+04 9.999625896463637531e-02 1.416704597177969871e-01 5.372098315885298625e-01 2.669549385525716856e-01 5.416477014110149951e-02 0.000000000000000000e+00
2.525000000000000000e+04 1.009962215542825614e-01 1.527082385070550885e-01 5.153618570778334407e-01 2.736686390532544477e-01 5.826126536185707860e-02 0.000000000000000000e+00
2.550000000000000000e+04 1.019961841439289696e-01 1.286982248520709970e-01 5.061447428311333097e-01 3.073509330905780379e-01 5.780609922621757213e-02 0.000000000000000000e+00
2.575000000000000000e+04 1.029961467335753778e-01 1.357532999544833752e-01 4.945380063723259223e-01 3.053026854802002865e-01 6.440600819299044377e-02 0.000000000000000000e+00
2.600000000000000000e+04 1.039961093232217859e-01 1.445152480655439164e-01 4.931725079654073474e-01 2.965407373691397175e-01 6.577150659990896320e-02 0.000000000000000000e+00
2.625000000000000000e+04 1.049960719128681941e-01 1.414428766499772339e-01 4.857760582612653533e-01 2.949476558944014726e-01 7.783340919435594030e-02 0.000000000000000000e+00
2.650000000000000000e+04 1.059960345025143802e-01 1.499772416932180219e-01 4.841829767865271084e-01 2.899408284023668458e-01 7.589895311788802390e-02 0.000000000000000000e+00
2.675000000000000000e+04 1.069959970921607884e-01 1.574874829312699065e-01 4.753072371415566488e-01 2.943786982248520756e-01 7.282658170232134132e-02 0.000000000000000000e+00
2.700000000000000000e+04 1.079959596818071965e-01 1.621529358215748617e-01 4.772416932180245652e-01 2.894856622667273394e-01 7.111970869367319203e-02 0.000000000000000000e+00
2.725000000000000000e+04 1.089959222714536047e-01 1.626081019572143960e-01 4.642694583522986029e-01 2.899408284023668458e-01 8.318161128812016913e-02 0.000000000000000000e+00
2.750000000000000000e+04 1.099958848611000128e-01 1.735320892125625791e-01 4.473145197997269173e-01 2.820892125625853453e-01 9.706417842512517213e-02 0.000000000000000000e+00
2.775000000000000000e+04 1.109958474507461990e-01 1.865043240782885692e-01 4.196631770596267463e-01 2.777651342740100060e-01 1.160673645880746507e-01 0.000000000000000000e+00
2.800000000000000000e+04 1.119958100403926071e-01 1.908284023668639084e-01 4.050978607191624836e-01 2.732134729176149412e-01 1.308602639963586667e-01 0.000000000000000000e+00
2.825000000000000000e+04 1.129957726300390153e-01 1.869594902139280757e-01 3.996358670914884059e-01 2.908511606736458588e-01 1.225534820209376458e-01 0.000000000000000000e+00
2.850000000000000000e+04 1.139957352196854234e-01 1.944697314519799602e-01 3.969048702776513671e-01 3.079198907601274349e-01 1.007055075102412378e-01 0.000000000000000000e+00
2.875000000000000000e+04 1.149956978093318316e-01 1.908284023668639084e-01 3.866636322257623881e-01 3.175921711424670169e-01 1.049157942649066866e-01 0.000000000000000000e+00
2.900000000000000000e+04 1.159956603989780177e-01 2.118798361401911801e-01 3.790395994538006130e-01 3.046199362767409990e-01 1.044606281292671801e-01 0.000000000000000000e+00
2.925000000000000000e+04 1.169956229886244259e-01 2.185935366408739144e-01 3.764223941738734647e-01 2.987027765134274149e-01 1.062812926718252199e-01 0.000000000000000000e+00
2.950000000000000000e+04 1.179955855782708340e-01 2.149522075557578626e-01 3.711879836140191125e-01 3.067819754210286964e-01 1.070778334091943562e-01 0.000000000000000000e+00
2.975000000000000000e+04 1.189955481679172422e-01 2.380518889394629134e-01 3.584433318161128756e-01 3.008648156577150568e-01 1.026399635867091542e-01 0.000000000000000000e+00
3.000000000000000000e+04 1.199955107575636504e-01 2.421483841602184717e-01 3.477469276285844457e-01 2.990441511151570309e-01 1.110605370960400518e-01 0.000000000000000000e+00
3.025000000000000000e+04 1.209954733472098365e-01 2.256486117432862926e-01 3.648156577150660218e-01 3.039371870732817671e-01 1.055985434683659602e-01 0.000000000000000000e+00
3.050000000000000000e+04 1.219954359368562447e-01 2.373691397360036537e-01 3.658397815202548697e-01 3.066681838871188059e-01 9.012289485662267063e-02 0.000000000000000000e+00
3.075000000000000000e+04 1.229953985265026528e-01 2.311106053709603980e-01 3.790395994538006130e-01 3.078060992262175444e-01 8.204369594902138907e-02 0.000000000000000000e+00
3.100000000000000000e+04 1.239953611161490610e-01 2.331588529813381772e-01 3.771051433773327521e-01 3.100819299044151323e-01 7.965407373691398007e-02 0.000000000000000000e+00
3.125000000000000000e+04 1.249953237057954691e-01 2.424897587619481154e-01 3.485434683659535682e-01 3.037096040054619861e-01 1.052571688666363164e-01 0.000000000000000000e+00
3.150000000000000000e+04 1.259952862954416553e-01 2.380518889394629134e-01 3.568502503413745752e-01 3.027992717341829731e-01 1.022985889849795244e-01 0.000000000000000000e+00
3.175000000000000000e+04 1.269952488850880634e-01 2.395311788802912956e-01 3.516158397815202785e-01 3.076923076923077094e-01 1.011606736458807443e-01 0.000000000000000000e+00
3.200000000000000000e+04 1.279952114747344716e-01 2.558033682294037492e-01 3.152025489303595940e-01 3.035958124715520956e-01 1.253982703686845612e-01 0.000000000000000000e+00
3.225000000000000000e+04 1.289951740643808797e-01 2.456759217114246607e-01 3.281747837960855563e-01 3.070095584888484219e-01 1.191397360036413333e-01 0.000000000000000000e+00
3.250000000000000000e+04 1.299951366540272879e-01 2.521620391442876419e-01 3.129267182521620616e-01 3.107646791078743642e-01 1.241465634956759184e-01 0.000000000000000000e+00
3.275000000000000000e+04 1.309950992436734740e-01 2.473827947200728239e-01 3.113336367774237612e-01 3.175921711424670169e-01 1.236913973600364119e-01 0.000000000000000000e+00
3.300000000000000000e+04 1.319950618333198822e-01 2.531861629494765453e-01 3.013199817933545632e-01 3.287437414656349532e-01 1.167501137915339104e-01 0.000000000000000000e+00
3.325000000000000000e+04 1.329950244229662903e-01 2.606964041875284299e-01 2.942649066909421851e-01 3.156577150659991005e-01 1.293809740555302568e-01 0.000000000000000000e+00
3.350000000000000000e+04 1.339949870126126985e-01 2.768548020027309930e-01 2.814064633591260578e-01 3.137232589895311841e-01 1.280154756486117373e-01 0.000000000000000000e+00
3.375000000000000000e+04 1.349949496022591067e-01 2.735548475193445572e-01 2.641101502048247562e-01 3.173645880746472359e-01 1.449704142011834229e-01 0.000000000000000000e+00
3.400000000000000000e+04 1.359949121919052928e-01 2.810650887573964418e-01 2.523896222121074229e-01 3.022303140646335762e-01 1.643149749658625314e-01 0.000000000000000000e+00
3.425000000000000000e+04 1.369948747815517009e-01 2.687756030951297115e-01 2.530723714155666548e-01 3.083750568957669413e-01 1.697769685935366368e-01 0.000000000000000000e+00
3.450000000000000000e+04 1.379948373711981091e-01 2.828857532999544677e-01 2.162039144287664916e-01 3.093991807009558448e-01 1.915111515703231682e-01 0.000000000000000000e+00
3.475000000000000000e+04 1.389947999608445173e-01 2.930131998179335562e-01 1.997041420118343125e-01 3.034820209376422606e-01 2.038006372325898985e-01 0.000000000000000000e+00
3.500000000000000000e+04 1.399947625504909254e-01 2.900546199362767363e-01 1.762630860263996457e-01 2.982476103777879084e-01 2.354346836595357373e-01 0.000000000000000000e+00
3.525000000000000000e+04 1.409947251401371116e-01 2.867546654528903005e-01 1.557806099226217433e-01 3.112198452435138707e-01 2.462448793809740577e-01 0.000000000000000000e+00
3.550000000000000000e+04 1.419946877297835197e-01 2.972234865725990050e-01 1.271051433773327244e-01 3.352298588984979344e-01 2.404415111515703363e-01 0.000000000000000000e+00
3.575000000000000000e+04 1.429946503194299279e-01 2.897132453345471204e-01 1.312016385980883104e-01 3.738051888939463163e-01 2.052799271734183084e-01 0.000000000000000000e+00
3.600000000000000000e+04 1.439946129090763360e-01 2.825443786982248517e-01 1.220983158852981393e-01 4.028220300409649512e-01 1.925352753755120716e-01 0.000000000000000000e+00
3.625000000000000000e+04 1.449945754987225222e-01 2.885753299954483264e-01 1.253982703686845612e-01 4.087391898042785354e-01 1.772872098315885214e-01 0.000000000000000000e+00
3.650000000000000000e+04 1.459945380883689303e-01 2.724169321802457633e-01 1.264223941738734647e-01 4.168183887118798170e-01 1.843422849340008995e-01 0.000000000000000000e+00
3.675000000000000000e+04 1.469945006780153385e-01 2.783340919435594030e-01 1.193673190714610866e-01 4.243286299499317016e-01 1.779699590350477811e-01 0.000000000000000000e+00
3.700000000000000000e+04 1.479944632676617466e-01 2.917614929449248717e-01 1.175466545289030468e-01 4.128356850250341492e-01 1.778561675011379184e-01 0.000000000000000000e+00
3.725000000000000000e+04 1.489944258573081548e-01 2.955166135639508695e-01 1.084433318161128756e-01 4.333181611288119961e-01 1.627218934911242587e-01 0.000000000000000000e+00
3.750000000000000000e+04 1.499943884469543409e-01 2.855029585798816716e-01 1.071916249431042328e-01 4.302457897132453413e-01 1.770596267637687682e-01 0.000000000000000000e+00
3.775000000000000000e+04 1.509943510366007491e-01 2.911925352753755303e-01 1.013882567137004975e-01 4.435593991807009751e-01 1.638598088302230249e-01 0.000000000000000000e+00
3.800000000000000000e+04 1.519943136262471572e-01 2.791306326809285254e-01 1.032089212562585373e-01 4.415111515703231682e-01 1.761492944924897552e-01 0.000000000000000000e+00
3.825000000000000000e+04 1.529942762158935654e-01 2.888029130632681074e-01 1.007055075102412378e-01 4.541420118343195145e-01 1.563495675921711403e-01 0.000000000000000000e+00
3.850000000000000000e+04 1.539942388055399736e-01 2.812926718252162228e-01 9.717796995903504875e-02 4.563040509786072119e-01 1.652253072371415443e-01 0.000000000000000000e+00
3.875000000000000000e+04 1.549942013951861597e-01 2.870960400546199165e-01 9.160218479745106668e-02 4.506144742831133532e-01 1.706873008648156498e-01 0.000000000000000000e+00
3.900000000000000000e+04 1.559941639848325678e-01 2.770823850705507740e-01 8.534365043240782489e-02 4.558488848429677054e-01 1.817250796540737234e-01 0.000000000000000000e+00
3.925000000000000000e+04 1.569941265744789760e-01 2.655894401456531662e-01 8.340919435593992237e-02 4.755348202093764298e-01 1.754665452890304955e-01 0.000000000000000000e+00
3.950000000000000000e+04 1.579940891641253842e-01 2.621756941283568398e-01 8.192990441511151245e-02 4.823623122439690269e-01 1.735320892125625791e-01 0.000000000000000000e+00
3.975000000000000000e+04 1.589940517537717923e-01 2.738962221210741732e-01 8.363677742375967561e-02 4.920345926263086089e-01 1.504324078288575284e-01 0.000000000000000000e+00
4.000000000000000000e+04 1.599940143434179785e-01 2.578516158397815006e-01 8.318161128812016913e-02 5.146791078743740977e-01 1.442876649977241632e-01 0.000000000000000000e+00
4.025000000000000000e+04 1.609939769330643866e-01 2.595584888484296915e-01 8.386436049157942885e-02 5.219617660446063123e-01 1.346153846153846090e-01 0.000000000000000000e+00
4.050000000000000000e+04 1.619939395227107948e-01 2.634274010013655243e-01 8.625398270368685172e-02 5.220755575785162028e-01 1.282430587164314906e-01 0.000000000000000000e+00
4.075000000000000000e+04 1.629939021123572029e-01 2.567137005006827621e-01 8.500227583067819503e-02 5.296995903504779779e-01 1.285844333181611343e-01 0.000000000000000000e+00
4.100000000000000000e+04 1.639938647020036111e-01 2.675238962221210826e-01 8.306781975421029252e-02 5.342512517068730427e-01 1.151570323167956239e-01 0.000000000000000000e+00
4.125000000000000000e+04 1.649938272916497972e-01 2.538689121529358328e-01 8.477469276285844180e-02 5.382339553937186549e-01 1.231224396904870289e-01 0.000000000000000000e+00
4.150000000000000000e+04 1.659937898812962054e-01 2.633136094674556338e-01 8.466090122894856518e-02 5.426718252162039402e-01 1.093536640873919025e-01 0.000000000000000000e+00
4.175000000000000000e+04 1.669937524709426135e-01 2.559171597633135842e-01 8.750568957669549452e-02 5.520027309968138507e-01 1.045744196631770567e-01 0.000000000000000000e+00
4.200000000000000000e+04 1.679937150605890217e-01 2.487482931269913433e-01 8.705052344105598805e-02 5.634956759217114586e-01 1.007055075102412378e-01 0.000000000000000000e+00
4.225000000000000000e+04 1.689936776502354299e-01 2.362312243969048597e-01 9.353664087391898307e-02 5.795402822030041312e-01 9.069185252617205373e-02 0.000000000000000000e+00
4.250000000000000000e+04 1.699936402398816160e-01 2.278106508875739622e-01 8.830223031406463086e-02 5.989986345015930747e-01 8.488848429676831842e-02 0.000000000000000000e+00
4.275000000000000000e+04 1.709936028295280241e-01 2.119936276741010428e-01 8.522985889849794827e-02 6.209604005461993870e-01 8.181611288120163583e-02 0.000000000000000000e+00
4.300000000000000000e+04 1.719935654191744323e-01 2.162039144287664916e-01 8.602639963586708460e-02 6.393946290395994270e-01 5.837505689576695522e-02 0.000000000000000000e+00
4.325000000000000000e+04 1.729935280088208405e-01 1.973145197997268896e-01 8.466090122894856518e-02 6.703459262630859783e-01 4.767865270823850449e-02 0.000000000000000000e+00
4.350000000000000000e+04 1.739934905984672486e-01 1.937869822485207005e-01 8.386436049157942885e-02 6.863905325443786509e-01 3.595812471552116418e-02 0.000000000000000000e+00
4.375000000000000000e+04 1.749934531881134347e-01 1.968593536640873831e-01 8.284023668639053928e-02 6.874146563495675544e-01 3.288575329995448160e-02 0.000000000000000000e+00
4.400000000000000000e+04 1.759934157777598429e-01 1.984524351388256835e-01 8.397815202548930547e-02 6.918525261720528396e-01 2.571688666363222686e-02 0.000000000000000000e+00
4.425000000000000000e+04 1.769933783674062511e-01 1.942421483841602070e-01 8.329540282203004575e-02 6.917387346381429492e-01 3.072371415566681890e-02 0.000000000000000000e+00
4.450000000000000000e+04 1.779933409570526592e-01 1.948111060537096040e-01 8.318161128812016913e-02 6.904870277651342647e-01 3.152025489303595523e-02 0.000000000000000000e+00
4.475000000000000000e+04 1.789933035466990674e-01 1.959490213928083702e-01 8.386436049157942885e-02 6.942421483841602070e-01 2.594446973145198010e-02 0.000000000000000000e+00
4.500000000000000000e+04 1.799932661363452535e-01 2.072143832498861971e-01 8.295402822030041590e-02 6.875284478834774449e-01 2.230314064633591095e-02 0.000000000000000000e+00
4.525000000000000000e+04 1.809932287259916617e-01 1.931042330450614408e-01 8.249886208466089554e-02 6.907146108329540457e-01 3.368229403732362487e-02 0.000000000000000000e+00
4.550000000000000000e+04 1.819931913156380698e-01 1.933318161128811941e-01 8.477469276285844180e-02 6.943559399180700975e-01 2.753755120619025970e-02 0.000000000000000000e+00
4.575000000000000000e+04 1.829931539052844780e-01 1.962903959945380139e-01 8.864360491579426071e-02 6.892353208921255803e-01 2.583067819754210348e-02 0.000000000000000000e+00
4.600000000000000000e+04 1.839931164949308862e-01 1.956076467910787542e-01 8.887118798361401395e-02 6.878698224852071164e-01 2.765134274010013632e-02 0.000000000000000000e+00
4.625000000000000000e+04 1.849930790845770723e-01 1.982248520710059303e-01 8.818843878015475424e-02 6.812699135184342447e-01 3.231679563040509851e-02 0.000000000000000000e+00
4.650000000000000000e+04 1.859930416742234804e-01 1.976558944014565333e-01 8.852981338188438409e-02 6.875284478834774449e-01 2.628584433318160996e-02 0.000000000000000000e+00
4.675000000000000000e+04 1.869930042638698886e-01 1.941283568502503443e-01 8.807464724624487762e-02 6.935593991807009751e-01 2.423759672280382388e-02 0.000000000000000000e+00
4.700000000000000000e+04 1.879929668535162968e-01 1.918525261720528119e-01 8.955393718707328754e-02 6.986800182066453813e-01 1.991351843422849502e-02 0.000000000000000000e+00
4.725000000000000000e+04 1.889929294431627049e-01 1.956076467910787542e-01 8.875739644970413733e-02 6.975421028675466983e-01 1.809285389167045871e-02 0.000000000000000000e+00
4.750000000000000000e+04 1.899928920328088910e-01 1.967455621301775204e-01 8.739189804278561791e-02 6.949248975876194390e-01 2.093764223941738806e-02 0.000000000000000000e+00
4.775000000000000000e+04 1.909928546224552992e-01 1.942421483841602070e-01 9.023668639053254725e-02 6.932180245789713036e-01 2.230314064633591095e-02 0.000000000000000000e+00
4.800000000000000000e+04 1.919928172121017074e-01 1.985662266727355463e-01 8.739189804278561791e-02 6.928766499772417431e-01 2.116522530723714129e-02 0.000000000000000000e+00
4.825000000000000000e+04 1.929927798017481155e-01 1.972007282658170269e-01 8.739189804278561791e-02 6.936731907146108655e-01 2.173418297678652786e-02 0.000000000000000000e+00
4.850000000000000000e+04 1.939927423913945237e-01 1.959490213928083702e-01 8.830223031406463086e-02 6.925352753755120716e-01 2.321347291761493084e-02 0.000000000000000000e+00
4.875000000000000000e+04 1.949927049810407098e-01 1.939007737824305910e-01 8.921256258534364381e-02 6.973145197997269173e-01 1.957214383249886169e-02 0.000000000000000000e+00
4.900000000000000000e+04 1.959926675706871180e-01 1.954938552571688637e-01 8.818843878015475424e-02 6.939007737824305355e-01 2.241693218024579104e-02 0.000000000000000000e+00
4.925000000000000000e+04 1.969926301603335261e-01 1.964041875284478766e-01 8.932635411925353430e-02 6.977696859353663683e-01 1.649977241693217911e-02 0.000000000000000000e+00
4.950000000000000000e+04 1.979925927499799343e-01 1.978834774692762866e-01 8.864360491579426071e-02 6.998179335457441752e-01 1.365498406918525323e-02 0.000000000000000000e+00
4.975000000000000000e+04 1.989925553396263425e-01 1.973145197997268896e-01 8.818843878015475424e-02 6.941283568502503165e-01 2.036868456986800149e-02 0.000000000000000000e+00
5.000000000000000000e+04 1.999925179292725286e-01 1.982248520710059303e-01 8.682294037323623481e-02 6.967455621301774649e-01 1.820664542558033533e-02 0.000000000000000000e+00
5.025000000000000000e+04 2.009924805189189367e-01 2.008420573509330787e-01 8.705052344105598805e-02 6.903732362312243742e-01 2.173418297678652786e-02 0.000000000000000000e+00
5.050000000000000000e+04 2.019924431085653449e-01 1.982248520710059303e-01 8.773327264451524776e-02 6.967455621301774649e-01 1.729631315430131891e-02 0.000000000000000000e+00
5.075000000000000000e+04 2.029924056982117531e-01 2.020937642239417353e-01 8.648156577150660496e-02 6.958352298588984519e-01 1.558944014565316269e-02 0.000000000000000000e+00
5.100000000000000000e+04 2.039923682878579392e-01 1.981110605370960398e-01 8.864360491579426071e-02 6.946973145197997690e-01 1.854802002730996865e-02 0.000000000000000000e+00
5.125000000000000000e+04 2.049923308775043473e-01 2.034592626308602548e-01 8.682294037323623481e-02 6.993627674101047242e-01 1.035502958579881741e-02 0.000000000000000000e+00
5.150000000000000000e+04 2.059922934671507555e-01 2.007282658170232159e-01 8.557123350022757813e-02 6.966317705962676854e-01 1.706873008648156567e-02 0.000000000000000000e+00
5.175000000000000000e+04 2.069922560567971637e-01 2.002730996813837094e-01 8.875739644970413733e-02 6.962903959945380139e-01 1.467910787437414627e-02 0.000000000000000000e+00
5.200000000000000000e+04 2.079922186464435718e-01 2.025489303595812418e-01 8.614019116977697510e-02 6.956076467910787819e-01 1.570323167956303931e-02 0.000000000000000000e+00
5.225000000000000000e+04 2.089921812360897579e-01 2.016385980883022289e-01 8.614019116977697510e-02 6.958352298588984519e-01 1.638598088302230249e-02 0.000000000000000000e+00
5.250000000000000000e+04 2.099921438257361661e-01 2.008420573509330787e-01 8.306781975421029252e-02 6.984524351388257113e-01 1.763768775603095224e-02 0.000000000000000000e+00
5.275000000000000000e+04 2.109921064153825743e-01 2.090350477924442507e-01 8.352298588984979899e-02 6.900318616294948137e-01 1.741010468821119553e-02 0.000000000000000000e+00
5.300000000000000000e+04 2.119920690050289824e-01 2.082385070550751005e-01 8.261265361857077216e-02 6.925352753755120716e-01 1.661356395084205573e-02 0.000000000000000000e+00
5.325000000000000000e+04 2.129920315946753906e-01 2.094902139280837572e-01 8.215748748293126569e-02 6.904870277651342647e-01 1.786527082385070547e-02 0.000000000000000000e+00
5.350000000000000000e+04 2.139919941843215767e-01 2.085798816568047442e-01 8.295402822030041590e-02 6.925352753755120716e-01 1.593081474738279601e-02 0.000000000000000000e+00
5.375000000000000000e+04 2.149919567739679849e-01 2.130177514792899462e-01 7.874374146563495325e-02 6.893491124260354708e-01 1.888939462903959851e-02 0.000000000000000000e+00
5.400000000000000000e+04 2.159919193636143930e-01 2.127901684114701930e-01 8.010923987255348655e-02 6.906008192990441552e-01 1.649977241693217911e-02 0.000000000000000000e+00
5.425000000000000000e+04 2.169918819532608012e-01 2.132453345471096995e-01 7.874374146563495325e-02 6.866181156121984319e-01 2.139280837505689453e-02 0.000000000000000000e+00
5.450000000000000000e+04 2.179918445429072094e-01 2.138142922166590687e-01 8.079198907601274626e-02 6.893491124260354708e-01 1.604460628129267263e-02 0.000000000000000000e+00
5.475000000000000000e+04 2.189918071325533955e-01 2.098315885298133732e-01 8.033682294037323979e-02 6.880974055530268974e-01 2.173418297678652786e-02 0.000000000000000000e+00
5.500000000000000000e+04 2.199917697221998036e-01 2.156349567592171224e-01 8.101957214383249950e-02 6.874146563495675544e-01 1.593081474738279601e-02 0.000000000000000000e+00
5.525000000000000000e+04 2.209917323118462118e-01 2.226900318616295005e-01 7.965407373691398007e-02 6.758079198907601670e-01 2.184797451069640448e-02 0.000000000000000000e+00
5.550000000000000000e+04 2.219916949014926200e-01 2.200728265817023244e-01 8.045061447428311641e-02 6.737596722803823601e-01 2.571688666363222686e-02 0.000000000000000000e+00
5.575000000000000000e+04 2.229916574911390281e-01 2.199590350477924339e-01 8.022303140646336317e-02 6.729631315430132377e-01 2.685480200273099652e-02 0.000000000000000000e+00
5.600000000000000000e+04 2.239916200807852142e-01 2.192762858443331742e-01 7.976786527082385669e-02 6.640873918980427781e-01 3.686845698680018407e-02 0.000000000000000000e+00
5.625000000000000000e+04 2.249915826704316224e-01 8.409194355939918208e-02 1.034365043240782905e-01 8.038233955393718766e-01 8.648156577150659455e-03 0.000000000000000000e+00
5.650000000000000000e+04 2.259915452600780306e-01 3.140646335912607862e-02 1.140191169776968577e-01 8.521847974510696755e-01 2.389622212107419402e-03 0.000000000000000000e+00
5.675000000000000000e+04 2.269915078497244387e-01 2.867546654528902936e-02 1.151570323167956239e-01 8.528675466545289074e-01 3.299954483386436255e-03 0.000000000000000000e+00
