# itime ezz other fcc hcp bcc ico
0.000000000000000000e+00 0.000000000000000000e+00 0.000000000000000000e+00 1.000000000000000000e+00 0.000000000000000000e+00 0.000000000000000000e+00 0.000000000000000000e+00
4.000000000000000000e+04 1.000002816890521729e-02 0.000000000000000000e+00 1.000000000000000000e+00 0.000000000000000000e+00 0.000000000000000000e+00 0.000000000000000000e+00
8.000000000000000000e+04 2.000005633781043457e-02 0.000000000000000000e+00 1.000000000000000000e+00 0.000000000000000000e+00 0.000000000000000000e+00 0.000000000000000000e+00
1.200000000000000000e+05 3.000008450671587390e-02 0.000000000000000000e+00 1.000000000000000000e+00 0.000000000000000000e+00 0.000000000000000000e+00 0.000000000000000000e+00
1.600000000000000000e+05 4.000011267562109119e-02 3.413746017296313199e-04 9.996586253982703285e-01 0.000000000000000000e+00 0.000000000000000000e+00 0.000000000000000000e+00
2.000000000000000000e+05 5.000014084452630847e-02 5.689576695493854790e-04 9.994310423304506585e-01 0.000000000000000000e+00 0.000000000000000000e+00 0.000000000000000000e+00
2.400000000000000000e+05 6.000016901343152576e-02 1.365498406918525280e-03 9.986345015930814251e-01 0.000000000000000000e+00 0.000000000000000000e+00 0.000000000000000000e+00
2.800000000000000000e+05 7.000019718233696508e-02 2.958579881656804664e-03 9.970414201183431802e-01 0.000000000000000000e+00 0.000000000000000000e+00 0.000000000000000000e+00
3.200000000000000000e+05 8.000022535124218237e-02 2.275830678197542133e-04 9.997724169321802190e-01 0.000000000000000000e+00 0.000000000000000000e+00 0.000000000000000000e+00
3.600000000000000000e+05 9.000025352014739966e-02 3.868912152935821518e-03 9.960172963131542767e-01 0.000000000000000000e+00 1.137915339098771066e-04 0.000000000000000000e+00
4.000000000000000000e+05 1.000002816890526169e-01 6.372325898953117539e-03 9.935138825671370189e-01 0.000000000000000000e+00 1.137915339098771066e-04 0.000000000000000000e+00
4.400000000000000000e+05 1.100003098579578342e-01 8.761948111060537808e-03 9.912380518889394310e-01 0.000000000000000000e+00 0.000000000000000000e+00 0.000000000000000000e+00
4.800000000000000000e+05 1.200003380268632736e-01 1.456531634046426965e-02 9.853208921256259023e-01 0.000000000000000000e+00 1.137915339098771066e-04 0.000000000000000000e+00
5.200000000000000000e+05 1.300003661957684908e-01 1.797906235776058209e-02 9.820209376422394110e-01 0.000000000000000000e+00 0.000000000000000000e+00 0.000000000000000000e+00
5.600000000000000000e+05 1.400003943646737081e-01 3.573054164770141095e-02 9.642694583522986029e-01 0.000000000000000000e+00 0.000000000000000000e+00 0.000000000000000000e+00
6.000000000000000000e+05 1.500004225335789254e-01 4.107874374146563284e-02 9.589212562585344157e-01 0.000000000000000000e+00 0.000000000000000000e+00 0.000000000000000000e+00
6.400000000000000000e+05 1.600004507024843647e-01 7.589895311788802390e-02 9.241010468821119206e-01 0.000000000000000000e+00 0.000000000000000000e+00 0.000000000000000000e+00
6.800000000000000000e+05 1.700004788713895820e-01 9.763313609467455523e-02 9.023668639053253893e-01 0.000000000000000000e+00 0.000000000000000000e+00 0.000000000000000000e+00
7.200000000000000000e+05 1.800005070402947993e-01 1.298361401911697632e-01 8.699362767410104835e-01 0.000000000000000000e+00 2.275830678197542133e-04 0.000000000000000000e+00
7.600000000000000000e+05 1.900005352092000166e-01 2.536413290851160518e-01 5.999089667728720876e-01 1.389394629039599482e-01 7.510241238051888930e-03 0.000000000000000000e+00
8.000000000000000000e+05 2.000005633781052339e-01 2.473827947200728239e-01 6.081019572143832042e-01 1.349567592171142527e-01 9.558488848429677609e-03 0.000000000000000000e+00
8.400000000000000000e+05 2.100005915470106732e-01 2.477241693218024676e-01 5.563268092853891345e-01 1.868456986800182129e-01 9.103322712790167665e-03 0.000000000000000000e+00
8.800000000000000000e+05 2.200006197159158905e-01 2.742375967228038447e-01 4.883932635411925571e-01 2.265589440145653055e-01 1.081019572143832562e-02 0.000000000000000000e+00
9.200000000000000000e+05 2.300006478848211078e-01 2.789030496131087999e-01 4.418525261720527841e-01 2.710514337733272439e-01 8.192990441511151245e-03 0.000000000000000000e+00
9.600000000000000000e+05 2.400006760537263251e-01 2.965407373691397175e-01 4.200045516613564178e-01 2.751479289940828576e-01 8.306781975421027864e-03 0.000000000000000000e+00
1.000000000000000000e+06 2.500007042226317644e-01 2.900546199362767363e-01 4.343422849340008995e-01 2.690031861629494925e-01 6.599908966772872511e-03 0.000000000000000000e+00
1.040000000000000000e+06 2.600007323915369817e-01 3.025716886663632477e-01 4.134046426945835462e-01 2.760582612653618706e-01 7.965407373691398007e-03 0.000000000000000000e+00
1.080000000000000000e+06 2.700007605604421990e-01 2.973372781065088954e-01 4.491351843422849432e-01 2.449931725079654010e-01 8.534365043240782836e-03 0.000000000000000000e+00
1.120000000000000000e+06 2.800007887293474163e-01 2.956304050978607045e-01 4.508420573509330787e-01 2.437414656349567721e-01 9.786071916249430847e-03 0.000000000000000000e+00
1.160000000000000000e+06 2.900008168982526335e-01 2.829995448338643582e-01 4.691624943104232837e-01 2.411242603550295960e-01 6.713700500682749130e-03 0.000000000000000000e+00
1.200000000000000000e+06 3.000008450671580729e-01 2.852753755120618906e-01 4.641556668183887124e-01 2.440828402366863881e-01 6.486117432862995025e-03 0.000000000000000000e+00
1.240000000000000000e+06 3.100008732360632902e-01 2.997269003186163183e-01 4.626763768775603025e-01 2.295175238962221254e-01 8.079198907601274626e-03 0.000000000000000000e+00
1.280000000000000000e+06 3.200009014049685074e-01 3.042785616750113831e-01 4.594902139280837572e-01 2.276968593536640995e-01 8.534365043240782836e-03 0.000000000000000000e+00
1.320000000000000000e+06 3.300009295738737247e-01 2.659308147473827821e-01 5.055757851615839682e-01 2.203004096495220776e-01 8.192990441511151245e-03 0.000000000000000000e+00
1.360000000000000000e+06 3.400009577427791641e-01 2.418070095584888557e-01 5.110377787892580459e-01 2.382794720072826666e-01 8.875739644970414427e-03 0.000000000000000000e+00
1.400000000000000000e+06 3.500009859116843813e-01 2.385070550751024199e-01 4.956759217114246607e-01 2.560309512972234747e-01 9.786071916249430847e-03 0.000000000000000000e+00
1.440000000000000000e+06 3.600010140805895986e-01 2.444242148384160318e-01 4.914656349567592120e-01 2.560309512972234747e-01 8.079198907601274626e-03 0.000000000000000000e+00
1.480000000000000000e+06 3.700010422494948159e-01 2.439690487027765253e-01 4.934000910332271284e-01 2.568274920345926526e-01 5.803368229403732710e-03 0.000000000000000000e+00
1.520000000000000000e+06 3.800010704184000332e-01 2.505689576695493970e-01 4.918070095584888279e-01 2.500000000000000000e-01 7.624032771961766417e-03 0.000000000000000000e+00
1.560000000000000000e+06 3.900010985873054725e-01 2.510241238051889034e-01 4.911242603550295960e-01 2.505689576695493970e-01 7.282658170232134826e-03 0.000000000000000000e+00
1.600000000000000000e+06 4.000011267562106898e-01 2.563723258989530907e-01 4.709831588529813651e-01 2.644515248065543722e-01 8.192990441511151245e-03 0.000000000000000000e+00
1.640000000000000000e+06 4.100011549251156850e-01 2.672963131543013016e-01 4.415111515703231682e-01 2.840236686390532617e-01 7.168866636322257339e-03 0.000000000000000000e+00
1.680000000000000000e+06 4.200011830940211244e-01 2.791306326809285254e-01 4.030496131087847322e-01 3.081474738279472159e-01 9.672280382339554228e-03 0.000000000000000000e+00
1.720000000000000000e+06 4.300012112629265637e-01 2.958579881656804855e-01 3.899635867091488239e-01 3.060992262175694090e-01 8.079198907601274626e-03 0.000000000000000000e+00
1.760000000000000000e+06 4.400012394318317810e-01 3.048475193445607800e-01 3.790395994538006130e-01 3.079198907601274349e-01 8.192990441511151245e-03 0.000000000000000000e+00
1.800000000000000000e+06 4.500012676007367762e-01 3.166818388711880039e-01 3.858670914883932657e-01 2.881201638598088199e-01 9.330905780609922637e-03 0.000000000000000000e+00
1.840000000000000000e+06 4.600012957696422156e-01 3.039371870732817671e-01 4.047564861174328676e-01 2.832271279016841392e-01 8.079198907601274626e-03 0.000000000000000000e+00
1.880000000000000000e+06 4.700013239385476549e-01 3.002958579881656598e-01 4.215976331360946627e-01 2.723031406463359283e-01 5.803368229403732710e-03 0.000000000000000000e+00
1.920000000000000000e+06 4.800013521074528722e-01 2.926718252162039402e-01 4.497041420118343402e-01 2.521620391442876419e-01 5.461993627674101119e-03 0.000000000000000000e+00
1.960000000000000000e+06 4.900013802763578674e-01 2.941511151570322946e-01 4.560764679107874309e-01 2.427173418297678686e-01 7.055075102412380721e-03 0.000000000000000000e+00
2.000000000000000000e+06 5.000014084452633067e-01 2.916477014110150368e-01 4.677969959035047642e-01 2.321347291761493015e-01 8.420573509330906217e-03 0.000000000000000000e+00
2.040000000000000000e+06 5.100014366141687461e-01 2.843650432407828776e-01 4.911242603550295960e-01 2.200728265817023244e-01 4.437869822485207214e-03 0.000000000000000000e+00
2.080000000000000000e+06 5.200014647830739634e-01 2.762858443331815961e-01 5.072826581702321036e-01 2.081247155211652378e-01 8.306781975421027864e-03 0.000000000000000000e+00
2.120000000000000000e+06 5.300014929519789586e-01 2.743513882567136797e-01 5.190031861629494925e-01 2.003868912152935722e-01 6.258534365043240920e-03 0.000000000000000000e+00
2.160000000000000000e+06 5.400015211208843979e-01 2.690031861629494925e-01 5.488165680473372499e-01 1.768320436959490149e-01 5.348202093764223633e-03 0.000000000000000000e+00
2.200000000000000000e+06 5.500015492897898373e-01 2.573964497041419941e-01 5.605370960400546387e-01 1.745562130177514826e-01 7.510241238051888930e-03 0.000000000000000000e+00
2.240000000000000000e+06 5.600015774586948325e-01 2.540964952207555583e-01 5.621301775147928836e-01 1.764906690942193990e-01 7.282658170232134826e-03 0.000000000000000000e+00
2.280000000000000000e+06 5.700016056276000498e-01 2.631998179335457433e-01 5.551888939462903405e-01 1.733045061447428259e-01 8.306781975421027864e-03 0.000000000000000000e+00
2.320000000000000000e+06 5.800016337965054891e-01 2.667273554847519601e-01 5.482476103777879084e-01 1.769458352298589054e-01 8.079198907601274626e-03 0.000000000000000000e+00
2.360000000000000000e+06 5.900016619654109284e-01 2.536413290851160518e-01 5.583750568957669413e-01 1.807009558488848477e-01 7.282658170232134826e-03 0.000000000000000000e+00
2.400000000000000000e+06 6.000016901343159237e-01 2.608101957214383204e-01 5.628129267182521156e-01 1.708010923987255403e-01 5.575785161583977738e-03 0.000000000000000000e+00
2.440000000000000000e+06 6.100017183032211410e-01 2.610377787892581014e-01 5.656577150659990449e-01 1.675011379153391045e-01 5.803368229403732710e-03 0.000000000000000000e+00
2.480000000000000000e+06 6.200017464721265803e-01 2.581929904415111721e-01 5.704369594902138907e-01 1.647701411015020379e-01 6.599908966772872511e-03 0.000000000000000000e+00
2.520000000000000000e+06 6.300017746410320196e-01 2.567137005006827621e-01 5.779472007282657753e-01 1.615839781520254925e-01 3.755120619025944465e-03 0.000000000000000000e+00
2.560000000000000000e+06 6.400018028099370149e-01 2.488620846609012338e-01 5.921711424670004220e-01 1.537323623122439642e-01 5.234410559854347014e-03 0.000000000000000000e+00
2.600000000000000000e+06 6.500018309788422322e-01 2.411242603550295960e-01 6.008192990441511006e-01 1.498634501593081592e-01 8.192990441511151245e-03 0.000000000000000000e+00
2.640000000000000000e+06 6.600018591477476715e-01 2.422621756941283622e-01 6.040054619936277014e-01 1.457669549385525731e-01 7.965407373691398007e-03 0.000000000000000000e+00
2.680000000000000000e+06 6.700018873166531108e-01 2.480655439235320836e-01 5.911470186618115186e-01 1.539599453800637174e-01 6.827492034592626616e-03 0.000000000000000000e+00
2.720000000000000000e+06 6.800019154855581061e-01 2.300864815657714946e-01 6.128812016385980499e-01 1.519116977696859383e-01 5.120619025944469528e-03 0.000000000000000000e+00
2.760000000000000000e+06 6.900019436544633233e-01 2.125625853436504398e-01 6.379153390987710726e-01 1.442876649977241632e-01 5.234410559854347014e-03 0.000000000000000000e+00
2.800000000000000000e+06 7.000019718233687627e-01 1.764906690942193990e-01 7.010696404187528596e-01 1.160673645880746507e-01 6.372325898953117539e-03 0.000000000000000000e+00
2.840000000000000000e+06 7.100019999922739800e-01 1.837733272644515303e-01 6.975421028675466983e-01 1.132225762403277214e-01 5.461993627674101119e-03 0.000000000000000000e+00
2.880000000000000000e+06 7.200020281611791972e-01 1.705735093309057870e-01 7.522758306781975879e-01 7.180245789713245175e-02 5.348202093764223633e-03 0.000000000000000000e+00
2.920000000000000000e+06 7.300020563300844145e-01 1.694355939918070209e-01 7.522758306781975879e-01 7.362312243969049153e-02 4.665452890304961318e-03 0.000000000000000000e+00
2.960000000000000000e+06 7.400020844989896318e-01 1.756941283568502488e-01 7.457897132453344957e-01 7.498862084660901095e-02 3.527537551206190360e-03 0.000000000000000000e+00
3.000000000000000000e+06 7.500021126678950711e-01 1.731907146108329631e-01 7.465862539827037292e-01 7.601274465179790052e-02 4.096495220755575623e-03 1.137915339098771066e-04
3.040000000000000000e+06 7.600021408368002884e-01 1.698907601274465273e-01 7.505689576695493415e-01 7.624032771961765376e-02 3.299954483386436255e-03 0.000000000000000000e+00
3.080000000000000000e+06 7.700021690057052837e-01 1.646563495675921751e-01 7.711652253072371899e-01 6.178880291306326766e-02 2.389622212107419402e-03 0.000000000000000000e+00
3.120000000000000000e+06 7.800021971746107230e-01 1.619253527537551085e-01 7.740100136549841192e-01 6.133363677742376119e-02 2.730996813837050560e-03 0.000000000000000000e+00
3.160000000000000000e+06 7.900022253435161623e-01 1.659080564406008318e-01 7.732134729176148857e-01 5.837505689576695522e-02 2.503413746017296455e-03 0.000000000000000000e+00
3.200000000000000000e+06 8.000022535124213796e-01 1.615839781520254925e-01 7.716203914428766408e-01 6.497496586253982687e-02 1.820664542558033706e-03 0.000000000000000000e+00
3.240000000000000000e+06 8.100022816813263749e-01 1.506599908966772816e-01 7.801547564861174289e-01 6.656804733727811341e-02 2.617205279927173507e-03 0.000000000000000000e+00
3.280000000000000000e+06 8.200023098502318142e-01 1.527082385070550885e-01 7.792444242148384159e-01 6.656804733727811341e-02 1.479289940828402332e-03 0.000000000000000000e+00
3.320000000000000000e+06 8.300023380191372535e-01 1.513427401001365413e-01 7.812926718252162228e-01 6.395084205735093730e-02 3.413746017296313308e-03 0.000000000000000000e+00
3.360000000000000000e+06 8.400023661880424708e-01 1.543013199817933612e-01 7.789030496131087444e-01 6.372325898953118406e-02 3.072371415566681717e-03 0.000000000000000000e+00
3.400000000000000000e+06 8.500023943569474660e-01 1.552116522530723741e-01 7.784478834774692935e-01 6.383705052344106068e-02 2.503413746017296455e-03 0.000000000000000000e+00
3.440000000000000000e+06 8.600024225258529054e-01 1.560081929904415243e-01 7.740100136549841192e-01 6.690942193900774326e-02 3.072371415566681717e-03 0.000000000000000000e+00
3.480000000000000000e+06 8.700024506947583447e-01 1.623805188893946427e-01 7.636549840691853053e-01 6.941283568502502888e-02 4.551661356395083832e-03 0.000000000000000000e+00
3.520000000000000000e+06 8.800024788636635620e-01 1.843422849340008995e-01 6.896904870277651423e-01 1.199362767410104696e-01 6.030951297223486815e-03 0.000000000000000000e+00
3.560000000000000000e+06 8.900025070325685572e-01 1.789940828402366846e-01 6.723941738734637852e-01 1.424670004551661373e-01 6.144742831133363434e-03 0.000000000000000000e+00
3.600000000000000000e+06 9.000025352014739966e-01 1.750113791533909890e-01 6.653390987710514626e-01 1.548702776513427304e-01 4.779244424214838804e-03 0.000000000000000000e+00
3.640000000000000000e+06 9.100025633703794359e-01 1.821802457897132577e-01 6.540737369139736357e-01 1.586253982703686727e-01 5.120619025944469528e-03 0.000000000000000000e+00
3.680000000000000000e+06 9.200025915392844311e-01 1.978834774692762866e-01 6.205052344105598250e-01 1.739872553482020856e-01 7.624032771961766417e-03 0.000000000000000000e+00
3.720000000000000000e+06 9.300026197081896484e-01 2.059626763768775681e-01 5.875056895766954668e-01 2.012972234865725851e-01 5.234410559854347014e-03 0.000000000000000000e+00
3.760000000000000000e+06 9.400026478770950877e-01 2.098315885298133732e-01 5.782885753299954468e-01 2.057350933090578149e-01 6.144742831133363434e-03 0.000000000000000000e+00
3.800000000000000000e+06 9.500026760460005271e-01 2.144970414201183562e-01 5.745334547109695045e-01 2.045971779699590487e-01 6.372325898953117539e-03 0.000000000000000000e+00
3.840000000000000000e+06 9.600027042149055223e-01 2.210969503868912278e-01 5.631543013199817871e-01 2.081247155211652378e-01 7.624032771961766417e-03 0.000000000000000000e+00
3.880000000000000000e+06 9.700027323838107396e-01 2.270141101502048120e-01 5.586026399635867223e-01 2.086936731907146070e-01 5.689576695493855224e-03 0.000000000000000000e+00
3.920000000000000000e+06 9.800027605527161789e-01 2.423759672280382249e-01 4.943104233045061413e-01 2.551206190259444617e-01 8.192990441511151245e-03 0.000000000000000000e+00
3.960000000000000000e+06 9.900027887216216183e-01 2.377105143377332697e-01 4.671142467000455323e-01 2.875512061902594230e-01 7.624032771961766417e-03 0.000000000000000000e+00
4.000000000000000000e+06 1.000002816890526613e+00 2.584205735093308975e-01 4.327492034592626546e-01 3.027992717341829731e-01 6.030951297223486815e-03 0.000000000000000000e+00
