# itime ezz other fcc hcp bcc ico
0.000000000000000000e+00 0.000000000000000000e+00 1.365498406918525280e-03 9.986345015930814251e-01 0.000000000000000000e+00 0.000000000000000000e+00 0.000000000000000000e+00
2.500000000000000000e+02 9.999660265231913314e-04 3.413746017296313199e-04 9.996586253982703285e-01 0.000000000000000000e+00 0.000000000000000000e+00 0.000000000000000000e+00
5.000000000000000000e+02 1.999932053046382663e-03 1.820664542558033706e-03 9.981793354574419741e-01 0.000000000000000000e+00 0.000000000000000000e+00 0.000000000000000000e+00
7.500000000000000000e+02 2.999898079569573994e-03 2.275830678197542133e-04 9.997724169321802190e-01 0.000000000000000000e+00 0.000000000000000000e+00 0.000000000000000000e+00
1.000000000000000000e+03 3.999864106092765326e-03 9.103322712790168532e-04 9.989758761948110966e-01 0.000000000000000000e+00 1.137915339098771066e-04 0.000000000000000000e+00
1.250000000000000000e+03 4.999830132615956657e-03 3.413746017296313199e-04 9.996586253982703285e-01 0.000000000000000000e+00 0.000000000000000000e+00 0.000000000000000000e+00
1.500000000000000000e+03 5.999796159139370033e-03 2.162039144287664864e-03 9.978379608557123026e-01 0.000000000000000000e+00 0.000000000000000000e+00 0.000000000000000000e+00
1.750000000000000000e+03 6.999762185662561365e-03 4.551661356395084266e-04 9.995448338643604380e-01 0.000000000000000000e+00 0.000000000000000000e+00 0.000000000000000000e+00
2.000000000000000000e+03 7.999728212185752696e-03 5.689576695493854790e-04 9.994310423304506585e-01 0.000000000000000000e+00 0.000000000000000000e+00 0.000000000000000000e+00
2.250000000000000000e+03 8.999694238708944027e-03 1.365498406918525280e-03 9.986345015930814251e-01 0.000000000000000000e+00 0.000000000000000000e+00 0.000000000000000000e+00
2.500000000000000000e+03 9.999660265232135359e-03 1.706873008648156654e-03 9.982931269913518646e-01 0.000000000000000000e+00 0.000000000000000000e+00 0.000000000000000000e+00
2.750000000000000000e+03 1.099962629175532669e-02 1.934456076467910759e-03 9.979517523896221931e-01 0.000000000000000000e+00 1.137915339098771066e-04 0.000000000000000000e+00
3.000000000000000000e+03 1.199959231827851802e-02 1.365498406918525280e-03 9.984069185252617551e-01 0.000000000000000000e+00 2.275830678197542133e-04 0.000000000000000000e+00
3.250000000000000000e+03 1.299955834480170935e-02 2.617205279927173507e-03 9.973827947200728516e-01 0.000000000000000000e+00 0.000000000000000000e+00 0.000000000000000000e+00
3.500000000000000000e+03 1.399952437132490068e-02 1.820664542558033706e-03 9.981793354574419741e-01 0.000000000000000000e+00 0.000000000000000000e+00 0.000000000000000000e+00
3.750000000000000000e+03 1.499949039784809202e-02 1.706873008648156654e-03 9.982931269913518646e-01 0.000000000000000000e+00 0.000000000000000000e+00 0.000000000000000000e+00
4.000000000000000000e+03 1.599945642437128335e-02 2.503413746017296455e-03 9.973827947200728516e-01 0.000000000000000000e+00 1.137915339098771066e-04 0.000000000000000000e+00
4.250000000000000000e+03 1.699942245089469672e-02 2.048247610377787811e-03 9.979517523896221931e-01 0.000000000000000000e+00 0.000000000000000000e+00 0.000000000000000000e+00
4.500000000000000000e+03 1.799938847741788805e-02 1.593081474738279385e-03 9.984069185252617551e-01 0.000000000000000000e+00 0.000000000000000000e+00 0.000000000000000000e+00
4.750000000000000000e+03 1.899935450394107939e-02 7.965407373691396923e-04 9.992034592626308775e-01 0.000000000000000000e+00 0.000000000000000000e+00 0.000000000000000000e+00
5.000000000000000000e+03 1.999932053046427072e-02 2.275830678197541916e-03 9.977241693218024121e-01 0.000000000000000000e+00 0.000000000000000000e+00 0.000000000000000000e+00
5.250000000000000000e+03 2.099928655698746205e-02 2.162039144287664864e-03 9.978379608557123026e-01 0.000000000000000000e+00 0.000000000000000000e+00 0.000000000000000000e+00
5.500000000000000000e+03 2.199925258351065338e-02 2.958579881656804664e-03 9.970414201183431802e-01 0.000000000000000000e+00 0.000000000000000000e+00 0.000000000000000000e+00
5.750000000000000000e+03 2.299921861003384471e-02 1.137915339098770958e-03 9.987482931269913156e-01 0.000000000000000000e+00 1.137915339098771066e-04 0.000000000000000000e+00
6.000000000000000000e+03 2.399918463655703604e-02 5.234410559854347014e-03 9.947655894401457033e-01 0.000000000000000000e+00 0.000000000000000000e+00 0.000000000000000000e+00
6.250000000000000000e+03 2.499915066308022737e-02 2.275830678197541916e-03 9.977241693218024121e-01 0.000000000000000000e+00 0.000000000000000000e+00 0.000000000000000000e+00
6.500000000000000000e+03 2.599911668960341871e-02 3.186162949476558769e-03 9.968138370505233992e-01 0.000000000000000000e+00 0.000000000000000000e+00 0.000000000000000000e+00
6.750000000000000000e+03 2.699908271612661004e-02 2.503413746017296455e-03 9.973827947200728516e-01 0.000000000000000000e+00 1.137915339098771066e-04 0.000000000000000000e+00
7.000000000000000000e+03 2.799904874265002341e-02 4.779244424214838804e-03 9.952207555757851543e-01 0.000000000000000000e+00 0.000000000000000000e+00 0.000000000000000000e+00
7.250000000000000000e+03 2.899901476917321475e-02 3.982703686845699004e-03 9.959035047792443862e-01 0.000000000000000000e+00 1.137915339098771066e-04 0.000000000000000000e+00
7.500000000000000000e+03 2.999898079569640608e-02 5.803368229403732710e-03 9.941966317705962508e-01 0.000000000000000000e+00 0.000000000000000000e+00 0.000000000000000000e+00
7.750000000000000000e+03 3.099894682221959741e-02 4.437869822485207214e-03 9.955621301775148257e-01 0.000000000000000000e+00 0.000000000000000000e+00 0.000000000000000000e+00
8.000000000000000000e+03 3.199891284874278874e-02 4.551661356395083832e-03 9.954483386436049352e-01 0.000000000000000000e+00 0.000000000000000000e+00 0.000000000000000000e+00
8.250000000000000000e+03 3.299887887526598007e-02 4.551661356395083832e-03 9.953345471096950448e-01 0.000000000000000000e+00 1.137915339098771066e-04 0.000000000000000000e+00
8.500000000000000000e+03 3.399884490178917140e-02 2.617205279927173507e-03 9.972690031861629611e-01 0.000000000000000000e+00 1.137915339098771066e-04 0.000000000000000000e+00
8.750000000000000000e+03 3.499881092831236273e-02 5.461993627674101119e-03 9.941966317705962508e-01 0.000000000000000000e+00 3.413746017296313199e-04 0.000000000000000000e+00
9.000000000000000000e+03 3.599877695483555406e-02 6.144742831133363434e-03 9.936276741010469093e-01 0.000000000000000000e+00 2.275830678197542133e-04 0.000000000000000000e+00
9.250000000000000000e+03 3.699874298135874540e-02 8.306781975421027864e-03 9.915794264906691025e-01 0.000000000000000000e+00 1.137915339098771066e-04 0.000000000000000000e+00
9.500000000000000000e+03 3.799870900788193673e-02 5.689576695493855224e-03 9.940828402366863603e-01 0.000000000000000000e+00 2.275830678197542133e-04 0.000000000000000000e+00
9.750000000000000000e+03 3.899867503440535010e-02 4.779244424214838804e-03 9.951069640418752638e-01 0.000000000000000000e+00 1.137915339098771066e-04 0.000000000000000000e+00
1.000000000000000000e+04 3.999864106092854144e-02 7.737824305871643035e-03 9.918070095584888834e-01 0.000000000000000000e+00 4.551661356395084266e-04 0.000000000000000000e+00
1.025000000000000000e+04 4.099860708745173277e-02 8.079198907601274626e-03 9.919208010923987739e-01 0.000000000000000000e+00 0.000000000000000000e+00 0.000000000000000000e+00
1.050000000000000000e+04 4.199857311397492410e-02 6.372325898953117539e-03 9.934000910332271284e-01 0.000000000000000000e+00 2.275830678197542133e-04 0.000000000000000000e+00
1.075000000000000000e+04 4.299853914049811543e-02 9.672280382339554228e-03 9.901001365498406370e-01 0.000000000000000000e+00 2.275830678197542133e-04 0.000000000000000000e+00
1.100000000000000000e+04 4.399850516702130676e-02 1.206190259444697363e-02 9.873691397360035982e-01 0.000000000000000000e+00 5.689576695493854790e-04 0.000000000000000000e+00
1.125000000000000000e+04 4.499847119354449809e-02 1.001365498406918582e-02 9.894173873463814051e-01 0.000000000000000000e+00 5.689576695493854790e-04 0.000000000000000000e+00
1.150000000000000000e+04 4.599843722006768942e-02 1.035502958579881741e-02 9.895311788802912956e-01 0.000000000000000000e+00 1.137915339098771066e-04 0.000000000000000000e+00
1.175000000000000000e+04 4.699840324659088076e-02 1.547564861174328607e-02 9.842967683204369989e-01 0.000000000000000000e+00 2.275830678197542133e-04 0.000000000000000000e+00
1.200000000000000000e+04 4.799836927311407209e-02 1.069640418752844727e-02 9.888484296768320636e-01 0.000000000000000000e+00 4.551661356395084266e-04 0.000000000000000000e+00
1.225000000000000000e+04 4.899833529963726342e-02 1.001365498406918582e-02 9.897587619481110766e-01 0.000000000000000000e+00 2.275830678197542133e-04 0.000000000000000000e+00
1.250000000000000000e+04 4.999830132616067679e-02 1.809285389167045871e-02 9.815657715065999600e-01 0.000000000000000000e+00 3.413746017296313199e-04 0.000000000000000000e+00
1.275000000000000000e+04 5.099826735268386813e-02 1.376877560309512985e-02 9.858898497951752438e-01 0.000000000000000000e+00 3.413746017296313199e-04 0.000000000000000000e+00
1.300000000000000000e+04 5.199823337920705946e-02 1.718252162039144229e-02 9.823623122439690825e-01 0.000000000000000000e+00 4.551661356395084266e-04 0.000000000000000000e+00
1.325000000000000000e+04 5.299819940573025079e-02 1.593081474738279601e-02 9.832726445152480954e-01 0.000000000000000000e+00 7.965407373691396923e-04 0.000000000000000000e+00
1.350000000000000000e+04 5.399816543225344212e-02 2.218934911242603433e-02 9.770141101502047842e-01 0.000000000000000000e+00 7.965407373691396923e-04 0.000000000000000000e+00
1.375000000000000000e+04 5.499813145877663345e-02 1.877560309512972189e-02 9.804278561675011661e-01 0.000000000000000000e+00 7.965407373691396923e-04 0.000000000000000000e+00
1.400000000000000000e+04 5.599809748529982478e-02 2.332726445152480746e-02 9.756486117432863203e-01 0.000000000000000000e+00 1.024123805188893906e-03 0.000000000000000000e+00
1.425000000000000000e+04 5.699806351182301611e-02 2.218934911242603433e-02 9.769003186162948937e-01 0.000000000000000000e+00 9.103322712790168532e-04 0.000000000000000000e+00
1.450000000000000000e+04 5.799802953834620745e-02 2.105143377332726468e-02 9.774692762858443462e-01 0.000000000000000000e+00 1.479289940828402332e-03 0.000000000000000000e+00
1.475000000000000000e+04 5.899799556486939878e-02 3.117888029130632538e-02 9.674556213017750927e-01 0.000000000000000000e+00 1.365498406918525280e-03 0.000000000000000000e+00
1.500000000000000000e+04 5.999796159139259011e-02 2.082385070550751144e-02 9.780382339553936877e-01 0.000000000000000000e+00 1.137915339098770958e-03 0.000000000000000000e+00
1.525000000000000000e+04 6.099792761791600348e-02 3.038233955393718558e-02 9.687073281747837772e-01 0.000000000000000000e+00 9.103322712790168532e-04 0.000000000000000000e+00
1.550000000000000000e+04 6.199789364443919482e-02 3.026854802002730896e-02 9.690487027765134487e-01 0.000000000000000000e+00 6.827492034592626399e-04 0.000000000000000000e+00
1.575000000000000000e+04 6.299785967096238615e-02 3.095129722348657214e-02 9.675694128356849832e-01 0.000000000000000000e+00 1.479289940828402332e-03 0.000000000000000000e+00
1.600000000000000000e+04 6.399782569748557748e-02 3.197542102867546865e-02 9.655211652253072874e-01 0.000000000000000000e+00 2.503413746017296455e-03 0.000000000000000000e+00
1.625000000000000000e+04 6.499779172400876881e-02 4.335457441966317910e-02 9.541420118343195700e-01 0.000000000000000000e+00 2.503413746017296455e-03 0.000000000000000000e+00
1.650000000000000000e+04 6.599775775053196014e-02 4.142011834319526964e-02 9.556213017751479244e-01 0.000000000000000000e+00 2.958579881656804664e-03 0.000000000000000000e+00
1.675000000000000000e+04 6.699772377705515147e-02 4.710969503868912139e-02 9.494765589440146147e-01 0.000000000000000000e+00 3.413746017296313308e-03 0.000000000000000000e+00
1.700000000000000000e+04 6.799768980357834280e-02 4.665452890304961492e-02 9.497041420118342847e-01 0.000000000000000000e+00 3.641329085116067413e-03 0.000000000000000000e+00
1.725000000000000000e+04 6.899765583010153414e-02 4.164770141101502288e-02 9.561902594446972659e-01 0.000000000000000000e+00 2.162039144287664864e-03 0.000000000000000000e+00
1.750000000000000000e+04 6.999762185662472547e-02 6.451979972690032039e-02 9.313837050523441352e-01 0.000000000000000000e+00 4.096495220755575623e-03 0.000000000000000000e+00
1.775000000000000000e+04 7.099758788314791680e-02 7.032316795630405570e-02 9.263768775603095085e-01 0.000000000000000000e+00 3.299954483386436255e-03 0.000000000000000000e+00
1.800000000000000000e+04 7.199755390967133017e-02 5.860263996358670846e-02 9.377560309512972259e-01 0.000000000000000000e+00 3.641329085116067413e-03 0.000000000000000000e+00
1.825000000000000000e+04 7.299751993619452151e-02 6.747837960855712636e-02 9.271734182976786309e-01 0.000000000000000000e+00 5.348202093764223633e-03 0.000000000000000000e+00
1.850000000000000000e+04 7.399748596271771284e-02 7.100591715976331542e-02 9.236458807464724696e-01 0.000000000000000000e+00 5.348202093764223633e-03 0.000000000000000000e+00
1.875000000000000000e+04 7.499745198924090417e-02 6.770596267637687959e-02 9.258079198907601670e-01 0.000000000000000000e+00 6.486117432862995025e-03 0.000000000000000000e+00
1.900000000000000000e+04 7.599741801576409550e-02 8.807464724624487762e-02 9.040737369139736357e-01 0.000000000000000000e+00 7.851615839781519654e-03 0.000000000000000000e+00
1.925000000000000000e+04 7.699738404228728683e-02 8.750568957669549452e-02 9.029358215748748417e-01 0.000000000000000000e+00 9.558488848429677609e-03 0.000000000000000000e+00
1.950000000000000000e+04 7.799735006881047816e-02 9.353664087391898307e-02 8.964497041420118606e-01 1.137915339098771066e-04 9.899863450159307465e-03 0.000000000000000000e+00
1.975000000000000000e+04 7.899731609533366949e-02 9.615384615384615918e-02 8.936049157942649313e-01 0.000000000000000000e+00 1.024123805188893906e-02 0.000000000000000000e+00
2.000000000000000000e+04 7.999728212185686083e-02 1.117432862994993115e-01 8.761948111060536837e-01 0.000000000000000000e+00 1.206190259444697363e-02 0.000000000000000000e+00
2.025000000000000000e+04 8.099724814838005216e-02 1.255120619025944517e-01 8.562812926718251783e-01 3.413746017296313199e-04 1.786527082385070547e-02 0.000000000000000000e+00
2.050000000000000000e+04 8.199721417490324349e-02 1.401911697769686049e-01 8.369367319071461253e-01 1.024123805188893906e-03 2.184797451069640448e-02 0.000000000000000000e+00
2.075000000000000000e+04 8.299718020142665686e-02 1.405325443786982209e-01 8.387573964497041512e-01 2.275830678197542133e-04 2.048247610377787811e-02 0.000000000000000000e+00
2.100000000000000000e+04 8.399714622794984820e-02 1.547564861174328676e-01 8.063268092853891345e-01 4.551661356395084266e-04 3.846153846153846367e-02 0.000000000000000000e+00
2.125000000000000000e+04 8.499711225447303953e-02 1.726217569412835662e-01 7.762858443331815961e-01 5.689576695493854790e-04 5.052344105598543383e-02 0.000000000000000000e+00
2.150000000000000000e+04 8.599707828099623086e-02 2.217796995903504875e-01 6.714838416021847722e-01 3.641329085116067413e-03 1.030951297223486607e-01 0.000000000000000000e+00
2.175000000000000000e+04 8.699704430751942219e-02 2.393035958124715423e-01 6.183431952662722386e-01 1.342740100136549826e-02 1.289258079198907503e-01 0.000000000000000000e+00
2.200000000000000000e+04 8.799701033404261352e-02 2.814064633591260578e-01 5.290168411470186349e-01 2.628584433318160996e-02 1.632908511606736557e-01 0.000000000000000000e+00
2.225000000000000000e+04 8.899697636056580485e-02 2.704824761037779024e-01 5.118343195266271684e-01 8.386436049157942885e-02 1.338188438780154865e-01 0.000000000000000000e+00
2.250000000000000000e+04 8.999694238708899618e-02 2.273554847519344557e-01 5.250341374601729116e-01 1.515703231679562946e-01 9.604005461993628257e-02 0.000000000000000000e+00
2.275000000000000000e+04 9.099690841361218752e-02 1.877560309512972259e-01 5.398270368684570109e-01 1.910559854346836617e-01 8.136094674556212936e-02 0.000000000000000000e+00
2.300000000000000000e+04 9.199687444013537885e-02 1.928766499772416876e-01 5.281065088757396220e-01 2.033454710969503920e-01 7.567137005006827066e-02 0.000000000000000000e+00
2.325000000000000000e+04 9.299684046665857018e-02 1.789940828402366846e-01 5.460855712335002110e-01 2.185935366408739144e-01 5.632680928538916915e-02 0.000000000000000000e+00
2.350000000000000000e+04 9.399680649318198356e-02 1.550978607191624836e-01 5.715748748293126846e-01 2.304278561675011383e-01 4.289940828402366568e-02 0.000000000000000000e+00
2.375000000000000000e+04 9.499677251970517489e-02 1.500910332271279124e-01 5.836367774237596340e-01 2.350933090578060936e-01 3.117888029130632538e-02 0.000000000000000000e+00
2.400000000000000000e+04 9.599673854622836622e-02 1.401911697769686049e-01 6.087847064178425471e-01 2.341829767865270806e-01 1.684114701866181243e-02 0.000000000000000000e+00
2.425000000000000000e+04 9.699670457275155755e-02 1.260810195721438209e-01 6.286982248520710526e-01 2.315657715065999045e-01 1.365498406918525323e-02 0.000000000000000000e+00
2.450000000000000000e+04 9.799667059927474888e-02 1.022985889849795244e-01 7.006144742831132977e-01 1.885525716886663761e-01 8.534365043240782836e-03 0.000000000000000000e+00
2.475000000000000000e+04 9.899663662579794021e-02 7.897132453345470648e-02 7.683204369594902605e-01 1.482703686845698587e-01 4.437869822485207214e-03 0.000000000000000000e+00
2.500000000000000000e+04 9.999660265232113154e-02 6.599908966772871644e-02 8.142922166590805810e-01 1.178880291306326766e-01 1.820664542558033706e-03 0.000000000000000000e+00
2.525000000000000000e+04 1.009965686788443229e-01 6.861629494765589254e-02 8.767637687756031362e-01 5.234410559854346667e-02 2.275830678197541916e-03 0.000000000000000000e+00
2.550000000000000000e+04 1.019965347053675142e-01 1.228948566226672687e-02 9.875967228038233792e-01 0.000000000000000000e+00 1.137915339098771066e-04 0.000000000000000000e+00
2.575000000000000000e+04 1.029965007318907055e-01 9.786071916249430847e-03 9.901001365498406370e-01 0.000000000000000000e+00 1.137915339098771066e-04 0.000000000000000000e+00
2.600000000000000000e+04 1.039964667584138969e-01 1.081019572143832562e-02 9.889622212107419541e-01 0.000000000000000000e+00 2.275830678197542133e-04 0.000000000000000000e+00
2.625000000000000000e+04 1.049964327849373102e-01 1.103777878925807886e-02 9.889622212107419541e-01 0.000000000000000000e+00 0.000000000000000000e+00 0.000000000000000000e+00
2.650000000000000000e+04 1.059963988114605016e-01 1.081019572143832562e-02 9.891898042785616241e-01 0.000000000000000000e+00 0.000000000000000000e+00 0.000000000000000000e+00
2.675000000000000000e+04 1.069963648379836929e-01 1.058261265361857065e-02 9.893035958124715146e-01 0.000000000000000000e+00 1.137915339098771066e-04 0.000000000000000000e+00
2.700000000000000000e+04 1.079963308645068842e-01 9.444697314519799256e-03 9.905553026854801990e-01 0.000000000000000000e+00 0.000000000000000000e+00 0.000000000000000000e+00
2.725000000000000000e+04 1.089962968910300756e-01 9.558488848429677609e-03 9.904415111515703085e-01 0.000000000000000000e+00 0.000000000000000000e+00 0.000000000000000000e+00
2.750000000000000000e+04 1.099962629175532669e-01 1.092398725534820224e-02 9.889622212107419541e-01 0.000000000000000000e+00 1.137915339098771066e-04 0.000000000000000000e+00
2.775000000000000000e+04 1.109962289440764582e-01 1.149294492489758707e-02 9.885070550751023921e-01 0.000000000000000000e+00 0.000000000000000000e+00 0.000000000000000000e+00
2.800000000000000000e+04 1.119961949705996496e-01 1.194811106053709528e-02 9.880518889394629412e-01 0.000000000000000000e+00 0.000000000000000000e+00 0.000000000000000000e+00
2.825000000000000000e+04 1.129961609971228409e-01 1.263086026399635846e-02 9.872553482020938187e-01 0.000000000000000000e+00 1.137915339098771066e-04 0.000000000000000000e+00
2.850000000000000000e+04 1.139961270236460322e-01 1.217569412835685025e-02 9.878243058716431602e-01 0.000000000000000000e+00 0.000000000000000000e+00 0.000000000000000000e+00
2.875000000000000000e+04 1.149960930501692236e-01 1.172052799271734204e-02 9.882794720072826111e-01 0.000000000000000000e+00 0.000000000000000000e+00 0.000000000000000000e+00
2.900000000000000000e+04 1.159960590766926369e-01 1.593081474738279601e-02 9.837278106508875464e-01 0.000000000000000000e+00 3.413746017296313199e-04 0.000000000000000000e+00
2.925000000000000000e+04 1.169960251032158283e-01 1.240327719617660522e-02 9.874829312699134887e-01 0.000000000000000000e+00 1.137915339098771066e-04 0.000000000000000000e+00
2.950000000000000000e+04 1.179959911297390196e-01 1.467910787437414627e-02 9.853208921256259023e-01 0.000000000000000000e+00 0.000000000000000000e+00 0.000000000000000000e+00
2.975000000000000000e+04 1.189959571562622109e-01 1.422394173873463806e-02 9.856622667273554628e-01 0.000000000000000000e+00 1.137915339098771066e-04 0.000000000000000000e+00
3.000000000000000000e+04 1.199959231827854023e-01 1.035502958579881741e-02 9.894173873463814051e-01 0.000000000000000000e+00 2.275830678197542133e-04 0.000000000000000000e+00
3.025000000000000000e+04 1.209958892093085936e-01 1.172052799271734204e-02 9.881656804733728316e-01 0.000000000000000000e+00 1.137915339098771066e-04 0.000000000000000000e+00
3.050000000000000000e+04 1.219958552358317849e-01 1.433773327264451468e-02 9.853208921256259023e-01 0.000000000000000000e+00 3.413746017296313199e-04 0.000000000000000000e+00
3.075000000000000000e+04 1.229958212623549763e-01 1.775147928994082885e-02 9.821347291761493015e-01 0.000000000000000000e+00 1.137915339098771066e-04 0.000000000000000000e+00
3.100000000000000000e+04 1.239957872888781676e-01 1.502048247610377786e-02 9.847519344560764498e-01 0.000000000000000000e+00 2.275830678197542133e-04 0.000000000000000000e+00
3.125000000000000000e+04 1.249957533154013589e-01 2.321347291761493084e-02 9.759899863450158808e-01 0.000000000000000000e+00 7.965407373691396923e-04 0.000000000000000000e+00
3.150000000000000000e+04 1.259957193419245502e-01 2.025489303595812488e-02 9.791761492944924816e-01 0.000000000000000000e+00 5.689576695493854790e-04 0.000000000000000000e+00
3.175000000000000000e+04 1.269956853684479636e-01 2.025489303595812488e-02 9.791761492944924816e-01 0.000000000000000000e+00 5.689576695493854790e-04 0.000000000000000000e+00
3.200000000000000000e+04 1.279956513949711550e-01 1.820664542558033533e-02 9.814519799726900695e-01 0.000000000000000000e+00 3.413746017296313199e-04 0.000000000000000000e+00
3.225000000000000000e+04 1.289956174214943463e-01 1.786527082385070547e-02 9.815657715065999600e-01 0.000000000000000000e+00 5.689576695493854790e-04 0.000000000000000000e+00
3.250000000000000000e+04 1.299955834480175376e-01 2.048247610377787811e-02 9.786071916249431402e-01 0.000000000000000000e+00 9.103322712790168532e-04 0.000000000000000000e+00
3.275000000000000000e+04 1.309955494745407290e-01 2.162039144287665124e-02 9.776968593536641272e-01 0.000000000000000000e+00 6.827492034592626399e-04 0.000000000000000000e+00
3.300000000000000000e+04 1.319955155010639203e-01 2.162039144287665124e-02 9.770141101502047842e-01 0.000000000000000000e+00 1.365498406918525280e-03 0.000000000000000000e+00
3.325000000000000000e+04 1.329954815275871116e-01 2.105143377332726468e-02 9.776968593536641272e-01 0.000000000000000000e+00 1.251706873008648227e-03 0.000000000000000000e+00
3.350000000000000000e+04 1.339954475541103029e-01 2.218934911242603433e-02 9.774692762858443462e-01 0.000000000000000000e+00 3.413746017296313199e-04 0.000000000000000000e+00
3.375000000000000000e+04 1.349954135806334943e-01 2.662721893491124328e-02 9.729176149294492815e-01 0.000000000000000000e+00 4.551661356395084266e-04 0.000000000000000000e+00
3.400000000000000000e+04 1.359953796071566856e-01 2.571688666363222686e-02 9.730314064633591720e-01 0.000000000000000000e+00 1.251706873008648227e-03 0.000000000000000000e+00
3.425000000000000000e+04 1.369953456336798769e-01 2.674101046882111990e-02 9.723486572598998290e-01 0.000000000000000000e+00 9.103322712790168532e-04 0.000000000000000000e+00
3.450000000000000000e+04 1.379953116602032903e-01 2.526172052799271692e-02 9.742831133363677454e-01 0.000000000000000000e+00 4.551661356395084266e-04 0.000000000000000000e+00
3.475000000000000000e+04 1.389952776867264816e-01 2.981338188438780248e-02 9.689349112426035582e-01 0.000000000000000000e+00 1.251706873008648227e-03 0.000000000000000000e+00
3.500000000000000000e+04 1.399952437132496730e-01 2.810650887573964626e-02 9.699590350477924616e-01 0.000000000000000000e+00 1.934456076467910759e-03 0.000000000000000000e+00
3.525000000000000000e+04 1.409952097397728643e-01 3.106508875739644876e-02 9.672280382339554228e-01 1.137915339098771066e-04 1.593081474738279385e-03 0.000000000000000000e+00
3.550000000000000000e+04 1.419951757662960556e-01 3.049613108784706567e-02 9.685935366408738867e-01 0.000000000000000000e+00 9.103322712790168532e-04 0.000000000000000000e+00
3.575000000000000000e+04 1.429951417928192470e-01 3.846153846153846367e-02 9.594902139280837572e-01 0.000000000000000000e+00 2.048247610377787811e-03 0.000000000000000000e+00
3.600000000000000000e+04 1.439951078193424383e-01 3.732362312243969055e-02 9.605143377332726606e-01 0.000000000000000000e+00 2.162039144287664864e-03 0.000000000000000000e+00
3.625000000000000000e+04 1.449950738458656296e-01 3.948566226672735324e-02 9.583522985889849632e-01 0.000000000000000000e+00 2.162039144287664864e-03 0.000000000000000000e+00
3.650000000000000000e+04 1.459950398723888210e-01 3.971324533454710648e-02 9.584660901228948537e-01 0.000000000000000000e+00 1.820664542558033706e-03 0.000000000000000000e+00
3.675000000000000000e+04 1.469950058989120123e-01 5.052344105598543383e-02 9.461766044606281234e-01 0.000000000000000000e+00 3.299954483386436255e-03 0.000000000000000000e+00
3.700000000000000000e+04 1.479949719254352036e-01 4.415111515703231543e-02 9.540282203004096795e-01 0.000000000000000000e+00 1.820664542558033706e-03 0.000000000000000000e+00
3.725000000000000000e+04 1.489949379519586170e-01 4.961310878470642088e-02 9.465179790623577949e-01 0.000000000000000000e+00 3.868912152935821518e-03 0.000000000000000000e+00
3.750000000000000000e+04 1.499949039784818083e-01 5.985434683659535821e-02 9.366181156121984319e-01 0.000000000000000000e+00 3.527537551206190360e-03 0.000000000000000000e+00
3.775000000000000000e+04 1.509948700050049997e-01 5.200273099681383682e-02 9.449248975876194390e-01 0.000000000000000000e+00 3.072371415566681717e-03 0.000000000000000000e+00
3.800000000000000000e+04 1.519948360315281910e-01 5.314064633591260994e-02 9.424214838416021811e-01 0.000000000000000000e+00 4.437869822485207214e-03 0.000000000000000000e+00
3.825000000000000000e+04 1.529948020580513823e-01 6.338188438780155420e-02 9.325216203914429292e-01 0.000000000000000000e+00 4.096495220755575623e-03 0.000000000000000000e+00
3.850000000000000000e+04 1.539947680845745737e-01 5.712335002275830548e-02 9.368456986800182129e-01 0.000000000000000000e+00 6.030951297223486815e-03 0.000000000000000000e+00
3.875000000000000000e+04 1.549947341110977650e-01 6.998179335457442585e-02 9.241010468821119206e-01 0.000000000000000000e+00 5.917159763313609329e-03 0.000000000000000000e+00
3.900000000000000000e+04 1.559947001376209563e-01 7.089212562585343880e-02 9.244424214838415921e-01 0.000000000000000000e+00 4.665452890304961318e-03 0.000000000000000000e+00
3.925000000000000000e+04 1.569946661641441477e-01 7.703686845698680397e-02 9.185252617205279524e-01 0.000000000000000000e+00 4.437869822485207214e-03 0.000000000000000000e+00
3.950000000000000000e+04 1.579946321906673390e-01 8.716431497496586467e-02 9.031634046426946227e-01 0.000000000000000000e+00 9.672280382339554228e-03 0.000000000000000000e+00
3.975000000000000000e+04 1.589945982171905303e-01 9.592626308602640595e-02 8.961083295402821891e-01 0.000000000000000000e+00 7.965407373691398007e-03 0.000000000000000000e+00
4.000000000000000000e+04 1.599945642437139437e-01 1.085571233500227523e-01 8.758534365043241232e-01 0.000000000000000000e+00 1.558944014565316269e-02 0.000000000000000000e+00
4.025000000000000000e+04 1.609945302702371350e-01 1.052571688666363164e-01 8.798361401911697355e-01 0.000000000000000000e+00 1.490669094219390124e-02 0.000000000000000000e+00
4.050000000000000000e+04 1.619944962967603264e-01 1.116294947655894348e-01 8.732362312243968638e-01 1.137915339098771066e-04 1.502048247610377786e-02 0.000000000000000000e+00
4.075000000000000000e+04 1.629944623232835177e-01 1.288120163859808875e-01 8.494538006372326366e-01 1.137915339098771066e-04 2.162039144287665124e-02 0.000000000000000000e+00
4.100000000000000000e+04 1.639944283498067090e-01 1.591943559399180697e-01 8.117888029130633232e-01 1.137915339098771066e-04 2.890304961310878606e-02 0.000000000000000000e+00
4.125000000000000000e+04 1.649943943763299004e-01 1.561219845243513871e-01 7.853891670459717256e-01 2.526172052799271692e-02 3.322712790168411146e-02 0.000000000000000000e+00
4.150000000000000000e+04 1.659943604028530917e-01 1.250568957669549452e-01 7.317933545744196300e-01 1.177742375967228000e-01 2.537551206190259354e-02 0.000000000000000000e+00
4.175000000000000000e+04 1.669943264293762830e-01 1.101502048247610388e-01 6.943559399180700975e-01 1.801319981793354508e-01 1.536185707783340945e-02 0.000000000000000000e+00
4.200000000000000000e+04 1.679942924558994743e-01 9.592626308602640595e-02 6.571461083295402350e-01 2.325898953117888079e-01 1.433773327264451468e-02 0.000000000000000000e+00
4.225000000000000000e+04 1.689942584824226657e-01 9.615384615384615918e-02 6.372325898953118406e-01 2.525034137460173134e-01 1.411015020482476144e-02 0.000000000000000000e+00
4.250000000000000000e+04 1.699942245089458570e-01 8.909877105143376719e-02 6.183431952662722386e-01 2.775375512061902805e-01 1.502048247610377786e-02 0.000000000000000000e+00
4.275000000000000000e+04 1.709941905354692704e-01 8.568502503413745475e-02 6.162949476558944317e-01 2.869822485207100815e-01 1.103777878925807886e-02 0.000000000000000000e+00
4.300000000000000000e+04 1.719941565619924617e-01 9.478834774692762588e-02 6.104915794264906825e-01 2.815202548930359483e-01 1.319981793354574502e-02 0.000000000000000000e+00
4.325000000000000000e+04 1.729941225885156530e-01 9.114701866181156020e-02 6.077605826126536437e-01 2.882339553937187104e-01 1.285844333181611343e-02 0.000000000000000000e+00
4.350000000000000000e+04 1.739940886150388444e-01 1.053709604005461931e-01 5.871643149749659063e-01 2.903959945380063523e-01 1.706873008648156567e-02 0.000000000000000000e+00
4.375000000000000000e+04 1.749940546415620357e-01 1.057123350022758368e-01 5.845471096950386469e-01 2.933545744196631722e-01 1.638598088302230249e-02 0.000000000000000000e+00
4.400000000000000000e+04 1.759940206680852270e-01 1.021847974510696339e-01 5.827264451524806210e-01 2.988165680473373054e-01 1.627218934911242587e-02 0.000000000000000000e+00
4.425000000000000000e+04 1.769939866946084184e-01 1.104915794264906687e-01 5.730541647701411501e-01 3.029130632680928636e-01 1.354119253527537488e-02 0.000000000000000000e+00
4.450000000000000000e+04 1.779939527211316097e-01 1.096950386891215323e-01 5.763541192535275304e-01 2.973372781065088954e-01 1.661356395084205573e-02 0.000000000000000000e+00
4.475000000000000000e+04 1.789939187476548010e-01 1.218707328174783860e-01 5.595129722348657353e-01 3.021165225307237412e-01 1.649977241693217911e-02 0.000000000000000000e+00
4.500000000000000000e+04 1.799938847741779924e-01 1.152708238507055144e-01 5.537096040054619861e-01 3.132680928538916776e-01 1.775147928994082885e-02 0.000000000000000000e+00
4.525000000000000000e+04 1.809938508007011837e-01 1.185707783340919502e-01 5.403959945380063523e-01 3.175921711424670169e-01 2.344105598543468408e-02 0.000000000000000000e+00
4.550000000000000000e+04 1.819938168272245971e-01 1.244879380974055483e-01 5.250341374601729116e-01 3.224852071005916976e-01 2.799271734182976618e-02 0.000000000000000000e+00
4.575000000000000000e+04 1.829937828537477884e-01 1.187983614019117035e-01 5.176376877560309175e-01 3.346609012289485929e-01 2.890304961310878606e-02 0.000000000000000000e+00
4.600000000000000000e+04 1.839937488802709797e-01 1.242603550295857950e-01 5.127446517979061813e-01 3.321574874829312796e-01 3.083750568957669552e-02 0.000000000000000000e+00
4.625000000000000000e+04 1.849937149067941711e-01 1.324533454710969393e-01 5.010241238051889034e-01 3.368229403732362348e-01 2.969959035047792587e-02 0.000000000000000000e+00
4.650000000000000000e+04 1.859936809333173624e-01 1.352981338188438687e-01 4.889622212107418986e-01 3.360263996358671124e-01 3.971324533454710648e-02 0.000000000000000000e+00
4.675000000000000000e+04 1.869936469598405537e-01 1.373463814292216756e-01 4.742831133363678009e-01 3.458124715521165293e-01 4.255803368229403583e-02 0.000000000000000000e+00
4.700000000000000000e+04 1.879936129863637451e-01 1.483841602184797492e-01 4.743969048702776359e-01 3.338643604915794150e-01 4.335457441966317910e-02 0.000000000000000000e+00
4.725000000000000000e+04 1.889935790128869364e-01 1.327947200728265831e-01 5.385753299954483264e-01 3.012061902594446727e-01 2.742375967228038308e-02 0.000000000000000000e+00
4.750000000000000000e+04 1.899935450394101277e-01 1.059399180700955900e-01 5.606508875739645292e-01 3.191852526172052618e-01 1.422394173873463806e-02 0.000000000000000000e+00
4.775000000000000000e+04 1.909935110659333191e-01 1.062812926718252199e-01 5.406235776058261333e-01 3.419435593991806965e-01 1.115157032316795548e-02 0.000000000000000000e+00
4.800000000000000000e+04 1.919934770924565104e-01 1.027537551206190308e-01 5.629267182521620061e-01 3.224852071005916976e-01 1.183431952662721866e-02 0.000000000000000000e+00
4.825000000000000000e+04 1.929934431189799238e-01 1.001365498406918547e-01 5.634956759217114586e-01 3.261265361857078049e-01 1.024123805188893906e-02 0.000000000000000000e+00
4.850000000000000000e+04 1.939934091455031151e-01 1.030951297223486607e-01 5.681611288120164138e-01 3.174783796085571264e-01 1.126536185707783383e-02 0.000000000000000000e+00
4.875000000000000000e+04 1.949933751720263064e-01 1.005917159763313612e-01 5.771506599908966528e-01 3.108784706417842547e-01 1.137915339098771045e-02 0.000000000000000000e+00
4.900000000000000000e+04 1.959933411985494978e-01 1.015020482476103741e-01 5.728265817023213691e-01 3.130405097860718966e-01 1.263086026399635846e-02 0.000000000000000000e+00
4.925000000000000000e+04 1.969933072250726891e-01 9.456076467910787264e-02 5.810195721438324856e-01 3.120163859808830487e-01 1.240327719617660522e-02 0.000000000000000000e+00
4.950000000000000000e+04 1.979932732515958804e-01 1.046882111970869333e-01 5.686162949476558648e-01 3.159990896677287164e-01 1.069640418752844727e-02 0.000000000000000000e+00
4.975000000000000000e+04 1.989932392781190718e-01 1.076467910787437393e-01 5.652025489303595940e-01 3.146335912608101970e-01 1.251706873008648184e-02 0.000000000000000000e+00
5.000000000000000000e+04 1.999932053046422631e-01 1.098088302230314089e-01 5.669094219390077294e-01 3.109922621756941452e-01 1.228948566226672687e-02 0.000000000000000000e+00
5.025000000000000000e+04 2.009931713311654544e-01 1.088984979517523960e-01 5.700955848884843302e-01 3.111060537096039802e-01 9.899863450159307465e-03 0.000000000000000000e+00
5.050000000000000000e+04 2.019931373576886457e-01 1.129949931725079681e-01 5.642922166590805810e-01 3.067819754210286964e-01 1.593081474738279601e-02 0.000000000000000000e+00
5.075000000000000000e+04 2.029931033842118371e-01 1.190259444697314567e-01 5.621301775147928836e-01 3.082612653618570508e-01 1.058261265361857065e-02 0.000000000000000000e+00
5.100000000000000000e+04 2.039930694107352505e-01 1.198224852071005930e-01 5.538233955393718766e-01 3.111060537096039802e-01 1.524806554392353283e-02 0.000000000000000000e+00
5.125000000000000000e+04 2.049930354372584418e-01 1.165225307237141572e-01 5.582612653618570508e-01 3.121301775147928836e-01 1.308602639963586667e-02 0.000000000000000000e+00
5.150000000000000000e+04 2.059930014637816331e-01 1.107191624943104219e-01 5.702093764223942207e-01 3.075785161583978189e-01 1.149294492489758707e-02 0.000000000000000000e+00
5.175000000000000000e+04 2.069929674903048245e-01 1.149294492489758707e-01 5.626991351843423361e-01 3.093991807009558448e-01 1.297223486572599005e-02 0.000000000000000000e+00
5.200000000000000000e+04 2.079929335168280158e-01 1.099226217569412856e-01 5.619025944469731026e-01 3.125853436504323901e-01 1.558944014565316269e-02 0.000000000000000000e+00
5.225000000000000000e+04 2.089928995433512071e-01 1.160673645880746507e-01 5.617888029130633232e-01 3.093991807009558448e-01 1.274465179790623508e-02 0.000000000000000000e+00
5.250000000000000000e+04 2.099928655698743984e-01 1.217569412835685094e-01 5.722576240327719166e-01 2.914201183431952558e-01 1.456531634046426965e-02 0.000000000000000000e+00
5.275000000000000000e+04 2.109928315963975898e-01 1.241465634956759184e-01 5.648611743286299225e-01 2.979062357760582369e-01 1.308602639963586667e-02 0.000000000000000000e+00
5.300000000000000000e+04 2.119927976229207811e-01 1.207328174783796060e-01 5.716886663632225751e-01 2.910787437414656398e-01 1.649977241693217911e-02 0.000000000000000000e+00
5.325000000000000000e+04 2.129927636494439724e-01 1.234638142922166587e-01 5.546199362767409990e-01 3.059854346836595185e-01 1.593081474738279601e-02 0.000000000000000000e+00
5.350000000000000000e+04 2.139927296759671638e-01 1.244879380974055483e-01 5.471096950386891145e-01 3.111060537096039802e-01 1.729631315430131891e-02 0.000000000000000000e+00
5.375000000000000000e+04 2.149926957024905771e-01 1.283568502503413811e-01 5.341374601729631522e-01 3.195266272189349332e-01 1.797906235776058209e-02 0.000000000000000000e+00
5.400000000000000000e+04 2.159926617290137685e-01 1.225534820209376458e-01 5.316340464269457833e-01 3.273782430587164338e-01 1.843422849340009204e-02 0.000000000000000000e+00
5.425000000000000000e+04 2.169926277555369598e-01 1.291533909877105035e-01 5.241238051888938987e-01 3.318161128812016636e-01 1.490669094219390124e-02 0.000000000000000000e+00
5.450000000000000000e+04 2.179925937820601511e-01 1.255120619025944517e-01 5.250341374601729116e-01 3.322712790168411701e-01 1.718252162039144229e-02 0.000000000000000000e+00
5.475000000000000000e+04 2.189925598085833425e-01 1.380291306326809353e-01 5.055757851615839682e-01 3.345471096950387024e-01 2.184797451069640448e-02 0.000000000000000000e+00
5.500000000000000000e+04 2.199925258351065338e-01 1.349567592171142527e-01 5.059171597633136397e-01 3.392125625853436577e-01 1.991351843422849502e-02 0.000000000000000000e+00
5.525000000000000000e+04 2.209924918616297251e-01 1.362084660901228816e-01 5.048930359581247362e-01 3.433090578060992160e-01 1.558944014565316269e-02 0.000000000000000000e+00
5.550000000000000000e+04 2.219924578881529165e-01 1.469048702776513393e-01 5.006827492034592320e-01 3.354574419663177154e-01 1.695493855257168905e-02 0.000000000000000000e+00
5.575000000000000000e+04 2.229924239146761078e-01 1.421256258534364936e-01 5.111515703231679364e-01 3.309057806099225951e-01 1.581702321347291593e-02 0.000000000000000000e+00
5.600000000000000000e+04 2.239923899411992991e-01 1.239189804278561652e-01 5.277651342740100615e-01 3.362539827036868378e-01 1.206190259444697363e-02 0.000000000000000000e+00
5.625000000000000000e+04 2.249923559677224905e-01 1.087847064178425194e-01 5.401684114701865713e-01 3.417159763313609711e-01 9.330905780609922637e-03 0.000000000000000000e+00
5.650000000000000000e+04 2.259923219942459038e-01 1.062812926718252199e-01 5.489303595812471404e-01 3.367091488393263443e-01 8.079198907601274626e-03 0.000000000000000000e+00
5.675000000000000000e+04 2.269922880207690952e-01 1.127674101046882149e-01 5.480200273099681274e-01 3.339781520254893055e-01 5.234410559854347014e-03 0.000000000000000000e+00
