# itime ezz other fcc hcp bcc ico
0.000000000000000000e+00 0.000000000000000000e+00 0.000000000000000000e+00 1.000000000000000000e+00 0.000000000000000000e+00 0.000000000000000000e+00 0.000000000000000000e+00
2.500000000000000000e+02 9.999988135855453208e-03 0.000000000000000000e+00 1.000000000000000000e+00 0.000000000000000000e+00 0.000000000000000000e+00 0.000000000000000000e+00
5.000000000000000000e+02 1.999997627171090642e-02 0.000000000000000000e+00 1.000000000000000000e+00 0.000000000000000000e+00 0.000000000000000000e+00 0.000000000000000000e+00
7.500000000000000000e+02 2.999996440756635963e-02 0.000000000000000000e+00 1.000000000000000000e+00 0.000000000000000000e+00 0.000000000000000000e+00 0.000000000000000000e+00
1.000000000000000000e+03 3.999995254342181283e-02 0.000000000000000000e+00 1.000000000000000000e+00 0.000000000000000000e+00 0.000000000000000000e+00 0.000000000000000000e+00
1.250000000000000000e+03 4.999994067927726604e-02 0.000000000000000000e+00 1.000000000000000000e+00 0.000000000000000000e+00 0.000000000000000000e+00 0.000000000000000000e+00
1.500000000000000000e+03 5.999992881513271925e-02 0.000000000000000000e+00 1.000000000000000000e+00 0.000000000000000000e+00 0.000000000000000000e+00 0.000000000000000000e+00
1.750000000000000000e+03 6.999991695098817246e-02 0.000000000000000000e+00 1.000000000000000000e+00 0.000000000000000000e+00 0.000000000000000000e+00 0.000000000000000000e+00
2.000000000000000000e+03 7.999990508684362567e-02 2.275830678197542133e-04 9.997724169321802190e-01 0.000000000000000000e+00 0.000000000000000000e+00 0.000000000000000000e+00
2.250000000000000000e+03 8.999989322269907888e-02 9.103322712790168532e-04 9.990896677287209870e-01 0.000000000000000000e+00 0.000000000000000000e+00 0.000000000000000000e+00
2.500000000000000000e+03 9.999988135855453208e-02 2.958579881656804664e-03 9.970414201183431802e-01 0.000000000000000000e+00 0.000000000000000000e+00 0.000000000000000000e+00
2.750000000000000000e+03 1.099998694944099853e-01 1.001365498406918582e-02 9.894173873463814051e-01 0.000000000000000000e+00 5.689576695493854790e-04 0.000000000000000000e+00
3.000000000000000000e+03 1.199998576302654385e-01 9.899863450159307465e-02 8.247610377787892855e-01 0.000000000000000000e+00 7.624032771961765376e-02 0.000000000000000000e+00
3.250000000000000000e+03 1.299998457661208917e-01 3.610605370960400795e-01 1.756941283568502488e-01 6.827492034592626616e-03 4.564178425125170468e-01 0.000000000000000000e+00
3.500000000000000000e+03 1.399998339019763449e-01 3.643604915794265153e-01 2.503413746017296160e-01 1.487255348202093652e-01 2.365725989986345035e-01 0.000000000000000000e+00
3.750000000000000000e+03 1.499998220378317981e-01 4.021392808375056638e-01 2.644515248065543722e-01 1.920801092398725651e-01 1.413290851160673711e-01 0.000000000000000000e+00
4.000000000000000000e+03 1.599998101736874734e-01 4.237596722803823601e-01 2.883477469276286009e-01 2.032316795630405015e-01 8.466090122894856518e-02 0.000000000000000000e+00
4.250000000000000000e+03 1.699997983095429266e-01 4.192080109239872399e-01 2.907373691397360238e-01 1.975421028675466428e-01 9.251251706873007963e-02 0.000000000000000000e+00
4.500000000000000000e+03 1.799997864453983798e-01 4.291078743741465473e-01 2.843650432407828776e-01 2.109695038689121394e-01 7.555757851615839404e-02 0.000000000000000000e+00
4.750000000000000000e+03 1.899997745812538330e-01 4.289940828402367123e-01 2.875512061902594230e-01 2.094902139280837572e-01 7.396449704142012138e-02 0.000000000000000000e+00
5.000000000000000000e+03 1.999997627171092862e-01 4.215976331360946627e-01 2.880063723258989294e-01 2.171142467000455045e-01 7.328174783796086167e-02 0.000000000000000000e+00
5.250000000000000000e+03 2.099997508529647394e-01 4.221665908056440597e-01 2.965407373691397175e-01 2.081247155211652378e-01 7.316795630405098505e-02 0.000000000000000000e+00
5.500000000000000000e+03 2.199997389888201926e-01 4.225079654073736757e-01 3.166818388711880039e-01 1.880974055530268418e-01 7.271279016841146470e-02 0.000000000000000000e+00
5.750000000000000000e+03 2.299997271246756458e-01 4.297906235776058348e-01 3.198680018206645492e-01 1.706873008648156498e-01 7.965407373691398007e-02 0.000000000000000000e+00
6.000000000000000000e+03 2.399997152605310990e-01 4.271734182976786309e-01 3.294264906690942407e-01 1.745562130177514826e-01 6.873008648156576916e-02 1.137915339098771066e-04
6.250000000000000000e+03 2.499997033963865523e-01 4.313837050523440797e-01 3.274920345926263243e-01 1.771734182976786587e-01 6.395084205735093730e-02 0.000000000000000000e+00
6.500000000000000000e+03 2.599996915322420055e-01 4.250113791533909890e-01 3.376194811106053573e-01 1.865043240782885692e-01 5.086481565771506369e-02 0.000000000000000000e+00
6.750000000000000000e+03 2.699996796680974587e-01 4.254665452890304955e-01 3.488848429676831842e-01 1.817250796540737234e-01 4.392353208921256219e-02 0.000000000000000000e+00
7.000000000000000000e+03 2.799996678039529119e-01 4.064633591260810030e-01 3.758534365043240677e-01 1.723941738734638129e-01 4.528903049613108855e-02 0.000000000000000000e+00
7.250000000000000000e+03 2.899996559398083651e-01 4.021392808375056638e-01 3.996358670914884059e-01 1.647701411015020379e-01 3.345471096950387163e-02 0.000000000000000000e+00
7.500000000000000000e+03 2.999996440756638183e-01 3.798361401911697910e-01 4.309285389167045732e-01 1.635184342284934089e-01 2.571688666363222686e-02 0.000000000000000000e+00
7.750000000000000000e+03 3.099996322115192715e-01 3.620846609012289274e-01 4.581247155211652378e-01 1.583978152025489194e-01 2.139280837505689453e-02 0.000000000000000000e+00
8.000000000000000000e+03 3.199996203473747247e-01 3.321574874829312796e-01 4.775830678197542367e-01 1.706873008648156498e-01 1.957214383249886169e-02 0.000000000000000000e+00
8.250000000000000000e+03 3.299996084832301779e-01 3.310195721438324856e-01 4.792899408284023721e-01 1.721665908056440597e-01 1.752389622212107562e-02 0.000000000000000000e+00
8.500000000000000000e+03 3.399995966190856311e-01 3.202093764223941652e-01 4.923759672280382249e-01 1.697769685935366368e-01 1.763768775603095224e-02 0.000000000000000000e+00
8.750000000000000000e+03 3.499995847549410843e-01 3.001820664542558248e-01 5.312926718252162228e-01 1.543013199817933612e-01 1.422394173873463806e-02 0.000000000000000000e+00
9.000000000000000000e+03 3.599995728907965375e-01 2.892580791989076139e-01 5.257168866636322546e-01 1.703459262630860338e-01 1.467910787437414627e-02 0.000000000000000000e+00
9.250000000000000000e+03 3.699995610266519908e-01 2.723031406463359283e-01 5.301547564861174289e-01 1.847974510696404060e-01 1.274465179790623508e-02 0.000000000000000000e+00
9.500000000000000000e+03 3.799995491625074440e-01 2.544378698224852298e-01 5.514337733272643982e-01 1.819526627218935044e-01 1.217569412835685025e-02 0.000000000000000000e+00
9.750000000000000000e+03 3.899995372983628972e-01 2.537551206190259423e-01 5.540509786071916576e-01 1.813837050523441075e-01 1.081019572143832562e-02 0.000000000000000000e+00
1.000000000000000000e+04 3.999995254342185724e-01 2.556895766954938587e-01 5.456304050978607600e-01 1.843422849340008995e-01 1.433773327264451468e-02 0.000000000000000000e+00
1.025000000000000000e+04 4.099995135700738036e-01 2.585343650432407880e-01 5.421028675466544877e-01 1.892353208921256358e-01 1.012744651797906244e-02 0.000000000000000000e+00
1.050000000000000000e+04 4.199995017059292568e-01 2.422621756941283622e-01 5.836367774237596340e-01 1.681838871187983642e-01 5.917159763313609329e-03 0.000000000000000000e+00
1.075000000000000000e+04 4.299994898417847100e-01 2.446517979062357850e-01 5.835229858898497435e-01 1.657942649066909413e-01 6.030951297223486815e-03 0.000000000000000000e+00
1.100000000000000000e+04 4.399994779776403853e-01 2.399863450159308020e-01 5.843195266272189770e-01 1.718252162039144160e-01 3.868912152935821518e-03 0.000000000000000000e+00
1.125000000000000000e+04 4.499994661134956164e-01 2.279244424214838527e-01 5.901228948566226151e-01 1.784251251706872876e-01 3.527537551206190360e-03 0.000000000000000000e+00
1.150000000000000000e+04 4.599994542493510696e-01 2.361174328629949970e-01 5.857988165680473314e-01 1.730769230769230727e-01 5.006827492034592909e-03 0.000000000000000000e+00
1.175000000000000000e+04 4.699994423852067449e-01 2.406690942193900895e-01 5.611060537096039802e-01 1.942421483841602070e-01 3.982703686845699004e-03 0.000000000000000000e+00
1.200000000000000000e+04 4.799994305210621981e-01 2.540964952207555583e-01 5.265134274010013771e-01 2.142694583522985752e-01 5.120619025944469528e-03 0.000000000000000000e+00
1.225000000000000000e+04 4.899994186569176513e-01 2.591033227127901850e-01 5.713472917614929036e-01 1.629494765589440120e-01 6.599908966772872511e-03 0.000000000000000000e+00
1.250000000000000000e+04 4.999994067927728825e-01 2.579654073736913911e-01 5.928538916704597650e-01 1.424670004551661373e-01 6.713700500682749130e-03 0.000000000000000000e+00
1.275000000000000000e+04 5.099993949286285577e-01 2.619481110605371144e-01 5.732817478379608200e-01 1.571461083295402905e-01 7.624032771961766417e-03 0.000000000000000000e+00
1.300000000000000000e+04 5.199993830644840109e-01 2.625170687300864558e-01 5.768092853891670924e-01 1.546426945835229771e-01 6.030951297223486815e-03 0.000000000000000000e+00
1.325000000000000000e+04 5.299993712003394641e-01 2.603550295857988139e-01 5.441511151570322946e-01 1.899180700955848955e-01 5.575785161583977738e-03 0.000000000000000000e+00
1.350000000000000000e+04 5.399993593361946953e-01 2.593309057806099105e-01 5.228720983158853253e-01 2.124487938097405493e-01 5.348202093764223633e-03 0.000000000000000000e+00
1.375000000000000000e+04 5.499993474720503706e-01 2.621756941283568398e-01 5.252617205279926926e-01 2.067592171142466906e-01 5.803368229403732710e-03 0.000000000000000000e+00
1.400000000000000000e+04 5.599993356079060458e-01 2.654756486117432757e-01 5.415339098771051463e-01 1.868456986800182129e-01 6.144742831133363434e-03 0.000000000000000000e+00
1.425000000000000000e+04 5.699993237437612770e-01 2.664997724169321791e-01 5.223031406463358728e-01 2.061902594446973214e-01 5.006827492034592909e-03 0.000000000000000000e+00
1.450000000000000000e+04 5.799993118796165081e-01 2.688893946290396020e-01 5.158170232134728916e-01 2.115384615384615363e-01 3.755120619025944465e-03 0.000000000000000000e+00
1.475000000000000000e+04 5.899993000154721834e-01 2.721893491124260378e-01 5.069412835685025431e-01 2.140418752844788219e-01 6.827492034592626616e-03 0.000000000000000000e+00
1.500000000000000000e+04 5.999992881513278586e-01 2.740100136549840637e-01 5.223031406463358728e-01 1.975421028675466428e-01 6.144742831133363434e-03 0.000000000000000000e+00
1.525000000000000000e+04 6.099992762871830898e-01 2.676376877560309731e-01 5.659990896677287164e-01 1.615839781520254925e-01 4.779244424214838804e-03 0.000000000000000000e+00
1.550000000000000000e+04 6.199992644230383210e-01 2.655894401456531662e-01 5.900091033227128356e-01 1.403049613108784677e-01 4.096495220755575623e-03 0.000000000000000000e+00
1.575000000000000000e+04 6.299992525588939962e-01 2.756030951297223641e-01 5.910332271279017391e-01 1.288120163859808875e-01 4.551661356395083832e-03 0.000000000000000000e+00
1.600000000000000000e+04 6.399992406947496715e-01 2.704824761037779024e-01 6.010468821119708815e-01 1.224396904870277691e-01 6.030951297223486815e-03 0.000000000000000000e+00
1.625000000000000000e+04 6.499992288306049026e-01 2.790168411470186349e-01 5.832954028220300735e-01 1.306326809285389134e-01 7.055075102412380721e-03 0.000000000000000000e+00
1.650000000000000000e+04 6.599992169664601338e-01 2.697997269003186149e-01 5.971779699590350488e-01 1.266499772416932179e-01 6.372325898953117539e-03 0.000000000000000000e+00
1.675000000000000000e+04 6.699992051023158091e-01 2.576240327719617751e-01 6.068502503413746307e-01 1.293809740555302568e-01 6.144742831133363434e-03 0.000000000000000000e+00
1.700000000000000000e+04 6.799991932381714843e-01 2.696859353664087244e-01 5.671370050068275104e-01 1.550978607191624836e-01 8.079198907601274626e-03 0.000000000000000000e+00
1.725000000000000000e+04 6.899991813740267155e-01 2.729858898497951603e-01 5.310650887573964418e-01 1.911697769685935244e-01 4.779244424214838804e-03 0.000000000000000000e+00
1.750000000000000000e+04 6.999991695098821687e-01 2.692307692307692180e-01 5.191169776968593830e-01 2.074419663177059503e-01 4.210286754665453109e-03 0.000000000000000000e+00
1.775000000000000000e+04 7.099991576457376219e-01 2.736686390532544477e-01 5.184342284934000400e-01 2.042558033682294050e-01 3.641329085116067413e-03 0.000000000000000000e+00
1.800000000000000000e+04 7.199991457815932971e-01 2.728720983158853253e-01 5.065999089667728716e-01 2.149522075557578626e-01 5.575785161583977738e-03 0.000000000000000000e+00
1.825000000000000000e+04 7.299991339174485283e-01 2.804961310878470448e-01 5.078516158397815561e-01 2.083522985889849910e-01 3.299954483386436255e-03 0.000000000000000000e+00
1.850000000000000000e+04 7.399991220533039815e-01 2.721893491124260378e-01 5.059171597633136397e-01 2.185935366408739144e-01 3.299954483386436255e-03 0.000000000000000000e+00
1.875000000000000000e+04 7.499991101891594347e-01 2.709376422394174089e-01 5.120619025944469493e-01 2.118798361401911801e-01 5.120619025944469528e-03 0.000000000000000000e+00
1.900000000000000000e+04 7.599990983250151100e-01 2.773099681383704995e-01 5.448338643604915266e-01 1.746700045516613453e-01 3.186162949476558769e-03 0.000000000000000000e+00
1.925000000000000000e+04 7.699990864608703411e-01 2.720755575785161473e-01 5.539371870732817671e-01 1.700045516613563901e-01 3.982703686845699004e-03 0.000000000000000000e+00
1.950000000000000000e+04 7.799990745967257944e-01 2.461310878470641672e-01 5.217341829767865313e-01 2.289485662266727284e-01 3.186162949476558769e-03 0.000000000000000000e+00
1.975000000000000000e+04 7.899990627325814696e-01 2.352071005917159841e-01 5.112653618570778269e-01 2.514792899408284099e-01 2.048247610377787811e-03 0.000000000000000000e+00
2.000000000000000000e+04 7.999990508684369228e-01 2.331588529813381772e-01 5.186618115612198210e-01 2.438552571688666348e-01 4.324078288575329727e-03 0.000000000000000000e+00
2.025000000000000000e+04 8.099990390042923760e-01 2.346381429221665871e-01 5.105826126536185949e-01 2.500000000000000000e-01 4.779244424214838804e-03 0.000000000000000000e+00
2.050000000000000000e+04 8.199990271401476072e-01 2.350933090578060936e-01 5.062585343650432002e-01 2.543240782885753393e-01 4.324078288575329727e-03 0.000000000000000000e+00
2.075000000000000000e+04 8.299990152760032824e-01 2.394173873463814328e-01 5.195721438324988339e-01 2.356622667273554905e-01 5.348202093764223633e-03 0.000000000000000000e+00
2.100000000000000000e+04 8.399990034118587356e-01 2.369139736003641195e-01 5.343650432407829332e-01 2.239417387346381294e-01 4.779244424214838804e-03 0.000000000000000000e+00
2.125000000000000000e+04 8.499989915477141889e-01 2.421483841602184717e-01 5.249203459262631322e-01 2.259899863450159363e-01 6.941283568502503235e-03 0.000000000000000000e+00
2.150000000000000000e+04 8.599989796835694200e-01 2.427173418297678686e-01 5.144515248065544277e-01 2.393035958124715423e-01 3.527537551206190360e-03 0.000000000000000000e+00
2.175000000000000000e+04 8.699989678194250953e-01 2.489758761948110966e-01 5.073964497041419941e-01 2.405553026854801990e-01 3.072371415566681717e-03 0.000000000000000000e+00
2.200000000000000000e+04 8.799989559552807705e-01 2.603550295857988139e-01 5.014792899408283544e-01 2.338416021847974646e-01 4.324078288575329727e-03 0.000000000000000000e+00
2.225000000000000000e+04 8.899989440911360017e-01 2.638825671370050308e-01 4.897587619481110766e-01 2.403277196176604458e-01 6.030951297223486815e-03 0.000000000000000000e+00
2.250000000000000000e+04 8.999989322269912329e-01 2.699135184342285054e-01 4.857760582612653533e-01 2.371415566681839004e-01 7.168866636322257339e-03 0.000000000000000000e+00
2.275000000000000000e+04 9.099989203628469081e-01 2.859581247155211781e-01 4.792899408284023721e-01 2.289485662266727284e-01 5.803368229403732710e-03 0.000000000000000000e+00
2.300000000000000000e+04 9.199989084987025834e-01 2.847064178425124936e-01 4.762175694128356618e-01 2.327036868456986707e-01 6.372325898953117539e-03 0.000000000000000000e+00
2.325000000000000000e+04 9.299988966345578145e-01 2.941511151570322946e-01 4.556213017751479244e-01 2.422621756941283622e-01 7.965407373691398007e-03 0.000000000000000000e+00
2.350000000000000000e+04 9.399988847704130457e-01 2.897132453345471204e-01 4.349112426035502965e-01 2.727583067819754348e-01 2.617205279927173507e-03 0.000000000000000000e+00
2.375000000000000000e+04 9.499988729062687209e-01 2.919890760127446527e-01 3.982703686845698865e-01 3.072371415566682029e-01 2.503413746017296455e-03 0.000000000000000000e+00
2.400000000000000000e+04 9.599988610421243962e-01 3.034820209376422606e-01 3.752844788347746707e-01 3.163404642694583324e-01 4.893035958124715423e-03 0.000000000000000000e+00
2.425000000000000000e+04 9.699988491779796274e-01 2.913063268092853653e-01 3.763086026399635742e-01 3.288575329995448437e-01 3.527537551206190360e-03 0.000000000000000000e+00
2.450000000000000000e+04 9.799988373138348585e-01 2.911925352753755303e-01 3.722121074192080159e-01 3.320436959490213891e-01 4.551661356395083832e-03 0.000000000000000000e+00
2.475000000000000000e+04 9.899988254496905338e-01 2.975648611743286209e-01 3.846153846153846367e-01 3.071233500227583124e-01 1.069640418752844727e-02 0.000000000000000000e+00
2.500000000000000000e+04 9.999988135855462090e-01 3.035958124715520956e-01 3.915566681838871244e-01 2.982476103777879084e-01 6.599908966772872511e-03 0.000000000000000000e+00
