# itime ezz other fcc hcp bcc ico
0.000000000000000000e+00 0.000000000000000000e+00 0.000000000000000000e+00 1.000000000000000000e+00 0.000000000000000000e+00 0.000000000000000000e+00 0.000000000000000000e+00
2.500000000000000000e+01 9.999783898912983915e-04 0.000000000000000000e+00 1.000000000000000000e+00 0.000000000000000000e+00 0.000000000000000000e+00 0.000000000000000000e+00
5.000000000000000000e+01 1.999956779782374738e-03 0.000000000000000000e+00 1.000000000000000000e+00 0.000000000000000000e+00 0.000000000000000000e+00 0.000000000000000000e+00
7.500000000000000000e+01 2.999935169673673130e-03 0.000000000000000000e+00 1.000000000000000000e+00 0.000000000000000000e+00 0.000000000000000000e+00 0.000000000000000000e+00
1.000000000000000000e+02 3.999913559564749477e-03 0.000000000000000000e+00 1.000000000000000000e+00 0.000000000000000000e+00 0.000000000000000000e+00 0.000000000000000000e+00
1.250000000000000000e+02 4.999891949456047868e-03 0.000000000000000000e+00 1.000000000000000000e+00 0.000000000000000000e+00 0.000000000000000000e+00 0.000000000000000000e+00
1.500000000000000000e+02 5.999870339347124215e-03 0.000000000000000000e+00 1.000000000000000000e+00 0.000000000000000000e+00 0.000000000000000000e+00 0.000000000000000000e+00
1.750000000000000000e+02 6.999848729238422607e-03 0.000000000000000000e+00 1.000000000000000000e+00 0.000000000000000000e+00 0.000000000000000000e+00 0.000000000000000000e+00
2.000000000000000000e+02 7.999827119129498953e-03 0.000000000000000000e+00 1.000000000000000000e+00 0.000000000000000000e+00 0.000000000000000000e+00 0.000000000000000000e+00
2.250000000000000000e+02 8.999805509020797345e-03 0.000000000000000000e+00 1.000000000000000000e+00 0.000000000000000000e+00 0.000000000000000000e+00 0.000000000000000000e+00
2.500000000000000000e+02 9.999783898911873692e-03 0.000000000000000000e+00 1.000000000000000000e+00 0.000000000000000000e+00 0.000000000000000000e+00 0.000000000000000000e+00
2.750000000000000000e+02 1.099976228880317208e-02 0.000000000000000000e+00 1.000000000000000000e+00 0.000000000000000000e+00 0.000000000000000000e+00 0.000000000000000000e+00
3.000000000000000000e+02 1.199974067869424843e-02 0.000000000000000000e+00 1.000000000000000000e+00 0.000000000000000000e+00 0.000000000000000000e+00 0.000000000000000000e+00
3.250000000000000000e+02 1.299971906858554682e-02 0.000000000000000000e+00 1.000000000000000000e+00 0.000000000000000000e+00 0.000000000000000000e+00 0.000000000000000000e+00
3.500000000000000000e+02 1.399969745847662317e-02 0.000000000000000000e+00 1.000000000000000000e+00 0.000000000000000000e+00 0.000000000000000000e+00 0.000000000000000000e+00
3.750000000000000000e+02 1.499967584836792156e-02 0.000000000000000000e+00 1.000000000000000000e+00 0.000000000000000000e+00 0.000000000000000000e+00 0.000000000000000000e+00
4.000000000000000000e+02 1.599965423825899791e-02 0.000000000000000000e+00 1.000000000000000000e+00 0.000000000000000000e+00 0.000000000000000000e+00 0.000000000000000000e+00
4.250000000000000000e+02 1.699963262815029630e-02 0.000000000000000000e+00 1.000000000000000000e+00 0.000000000000000000e+00 0.000000000000000000e+00 0.000000000000000000e+00
4.500000000000000000e+02 1.799961101804159469e-02 0.000000000000000000e+00 1.000000000000000000e+00 0.000000000000000000e+00 0.000000000000000000e+00 0.000000000000000000e+00
4.750000000000000000e+02 1.899958940793267104e-02 0.000000000000000000e+00 1.000000000000000000e+00 0.000000000000000000e+00 0.000000000000000000e+00 0.000000000000000000e+00
5.000000000000000000e+02 1.999956779782396943e-02 0.000000000000000000e+00 1.000000000000000000e+00 0.000000000000000000e+00 0.000000000000000000e+00 0.000000000000000000e+00
5.250000000000000000e+02 2.099954618771504578e-02 0.000000000000000000e+00 1.000000000000000000e+00 0.000000000000000000e+00 0.000000000000000000e+00 0.000000000000000000e+00
5.500000000000000000e+02 2.199952457760634417e-02 0.000000000000000000e+00 1.000000000000000000e+00 0.000000000000000000e+00 0.000000000000000000e+00 0.000000000000000000e+00
5.750000000000000000e+02 2.299950296749742051e-02 0.000000000000000000e+00 1.000000000000000000e+00 0.000000000000000000e+00 0.000000000000000000e+00 0.000000000000000000e+00
6.000000000000000000e+02 2.399948135738871891e-02 0.000000000000000000e+00 1.000000000000000000e+00 0.000000000000000000e+00 0.000000000000000000e+00 0.000000000000000000e+00
6.250000000000000000e+02 2.499945974727979525e-02 0.000000000000000000e+00 1.000000000000000000e+00 0.000000000000000000e+00 0.000000000000000000e+00 0.000000000000000000e+00
6.500000000000000000e+02 2.599943813717109364e-02 0.000000000000000000e+00 1.000000000000000000e+00 0.000000000000000000e+00 0.000000000000000000e+00 0.000000000000000000e+00
6.750000000000000000e+02 2.699941652706216999e-02 0.000000000000000000e+00 1.000000000000000000e+00 0.000000000000000000e+00 0.000000000000000000e+00 0.000000000000000000e+00
7.000000000000000000e+02 2.799939491695346838e-02 0.000000000000000000e+00 1.000000000000000000e+00 0.000000000000000000e+00 0.000000000000000000e+00 0.000000000000000000e+00
7.250000000000000000e+02 2.899937330684454473e-02 0.000000000000000000e+00 1.000000000000000000e+00 0.000000000000000000e+00 0.000000000000000000e+00 0.000000000000000000e+00
7.500000000000000000e+02 2.999935169673584312e-02 0.000000000000000000e+00 1.000000000000000000e+00 0.000000000000000000e+00 0.000000000000000000e+00 0.000000000000000000e+00
7.750000000000000000e+02 3.099933008662691947e-02 0.000000000000000000e+00 1.000000000000000000e+00 0.000000000000000000e+00 0.000000000000000000e+00 0.000000000000000000e+00
8.000000000000000000e+02 3.199930847651821786e-02 0.000000000000000000e+00 1.000000000000000000e+00 0.000000000000000000e+00 0.000000000000000000e+00 0.000000000000000000e+00
8.250000000000000000e+02 3.299928686640951625e-02 0.000000000000000000e+00 1.000000000000000000e+00 0.000000000000000000e+00 0.000000000000000000e+00 0.000000000000000000e+00
8.500000000000000000e+02 3.399926525630059260e-02 0.000000000000000000e+00 1.000000000000000000e+00 0.000000000000000000e+00 0.000000000000000000e+00 0.000000000000000000e+00
8.750000000000000000e+02 3.499924364619189099e-02 0.000000000000000000e+00 1.000000000000000000e+00 0.000000000000000000e+00 0.000000000000000000e+00 0.000000000000000000e+00
9.000000000000000000e+02 3.599922203608296734e-02 0.000000000000000000e+00 1.000000000000000000e+00 0.000000000000000000e+00 0.000000000000000000e+00 0.000000000000000000e+00
9.250000000000000000e+02 3.699920042597426573e-02 0.000000000000000000e+00 1.000000000000000000e+00 0.000000000000000000e+00 0.000000000000000000e+00 0.000000000000000000e+00
9.500000000000000000e+02 3.799917881586534207e-02 0.000000000000000000e+00 1.000000000000000000e+00 0.000000000000000000e+00 0.000000000000000000e+00 0.000000000000000000e+00
9.750000000000000000e+02 3.899915720575664047e-02 0.000000000000000000e+00 1.000000000000000000e+00 0.000000000000000000e+00 0.000000000000000000e+00 0.000000000000000000e+00
1.000000000000000000e+03 3.999913559564771681e-02 0.000000000000000000e+00 1.000000000000000000e+00 0.000000000000000000e+00 0.000000000000000000e+00 0.000000000000000000e+00
1.025000000000000000e+03 4.099911398553901520e-02 0.000000000000000000e+00 1.000000000000000000e+00 0.000000000000000000e+00 0.000000000000000000e+00 0.000000000000000000e+00
1.050000000000000000e+03 4.199909237543009155e-02 0.000000000000000000e+00 1.000000000000000000e+00 0.000000000000000000e+00 0.000000000000000000e+00 0.000000000000000000e+00
1.075000000000000000e+03 4.299907076532138994e-02 0.000000000000000000e+00 1.000000000000000000e+00 0.000000000000000000e+00 0.000000000000000000e+00 0.000000000000000000e+00
1.100000000000000000e+03 4.399904915521246629e-02 0.000000000000000000e+00 1.000000000000000000e+00 0.000000000000000000e+00 0.000000000000000000e+00 0.000000000000000000e+00
1.125000000000000000e+03 4.499902754510376468e-02 0.000000000000000000e+00 1.000000000000000000e+00 0.000000000000000000e+00 0.000000000000000000e+00 0.000000000000000000e+00
1.150000000000000000e+03 4.599900593499484103e-02 0.000000000000000000e+00 1.000000000000000000e+00 0.000000000000000000e+00 0.000000000000000000e+00 0.000000000000000000e+00
1.175000000000000000e+03 4.699898432488613942e-02 0.000000000000000000e+00 1.000000000000000000e+00 0.000000000000000000e+00 0.000000000000000000e+00 0.000000000000000000e+00
1.200000000000000000e+03 4.799896271477721577e-02 0.000000000000000000e+00 1.000000000000000000e+00 0.000000000000000000e+00 0.000000000000000000e+00 0.000000000000000000e+00
1.225000000000000000e+03 4.899894110466851416e-02 0.000000000000000000e+00 1.000000000000000000e+00 0.000000000000000000e+00 0.000000000000000000e+00 0.000000000000000000e+00
1.250000000000000000e+03 4.999891949455981255e-02 0.000000000000000000e+00 1.000000000000000000e+00 0.000000000000000000e+00 0.000000000000000000e+00 0.000000000000000000e+00
1.275000000000000000e+03 5.099889788445088890e-02 0.000000000000000000e+00 1.000000000000000000e+00 0.000000000000000000e+00 0.000000000000000000e+00 0.000000000000000000e+00
1.300000000000000000e+03 5.199887627434218729e-02 0.000000000000000000e+00 1.000000000000000000e+00 0.000000000000000000e+00 0.000000000000000000e+00 0.000000000000000000e+00
1.325000000000000000e+03 5.299885466423326363e-02 0.000000000000000000e+00 1.000000000000000000e+00 0.000000000000000000e+00 0.000000000000000000e+00 0.000000000000000000e+00
1.350000000000000000e+03 5.399883305412456203e-02 0.000000000000000000e+00 1.000000000000000000e+00 0.000000000000000000e+00 0.000000000000000000e+00 0.000000000000000000e+00
1.375000000000000000e+03 5.499881144401563837e-02 0.000000000000000000e+00 1.000000000000000000e+00 0.000000000000000000e+00 0.000000000000000000e+00 0.000000000000000000e+00
1.400000000000000000e+03 5.599878983390693676e-02 0.000000000000000000e+00 1.000000000000000000e+00 0.000000000000000000e+00 0.000000000000000000e+00 0.000000000000000000e+00
1.425000000000000000e+03 5.699876822379801311e-02 0.000000000000000000e+00 1.000000000000000000e+00 0.000000000000000000e+00 0.000000000000000000e+00 0.000000000000000000e+00
1.450000000000000000e+03 5.799874661368931150e-02 0.000000000000000000e+00 1.000000000000000000e+00 0.000000000000000000e+00 0.000000000000000000e+00 0.000000000000000000e+00
1.475000000000000000e+03 5.899872500358038785e-02 0.000000000000000000e+00 1.000000000000000000e+00 0.000000000000000000e+00 0.000000000000000000e+00 0.000000000000000000e+00
1.500000000000000000e+03 5.999870339347168624e-02 0.000000000000000000e+00 1.000000000000000000e+00 0.000000000000000000e+00 0.000000000000000000e+00 0.000000000000000000e+00
1.525000000000000000e+03 6.099868178336276259e-02 0.000000000000000000e+00 1.000000000000000000e+00 0.000000000000000000e+00 0.000000000000000000e+00 0.000000000000000000e+00
1.550000000000000000e+03 6.199866017325406098e-02 0.000000000000000000e+00 1.000000000000000000e+00 0.000000000000000000e+00 0.000000000000000000e+00 0.000000000000000000e+00
1.575000000000000000e+03 6.299863856314513733e-02 0.000000000000000000e+00 1.000000000000000000e+00 0.000000000000000000e+00 0.000000000000000000e+00 0.000000000000000000e+00
1.600000000000000000e+03 6.399861695303643572e-02 0.000000000000000000e+00 1.000000000000000000e+00 0.000000000000000000e+00 0.000000000000000000e+00 0.000000000000000000e+00
1.625000000000000000e+03 6.499859534292751206e-02 4.551661356395084266e-04 9.995448338643604380e-01 0.000000000000000000e+00 0.000000000000000000e+00 0.000000000000000000e+00
1.650000000000000000e+03 6.599857373281881046e-02 0.000000000000000000e+00 1.000000000000000000e+00 0.000000000000000000e+00 0.000000000000000000e+00 0.000000000000000000e+00
1.675000000000000000e+03 6.699855212271010885e-02 0.000000000000000000e+00 1.000000000000000000e+00 0.000000000000000000e+00 0.000000000000000000e+00 0.000000000000000000e+00
1.700000000000000000e+03 6.799853051260118519e-02 2.275830678197542133e-04 9.997724169321802190e-01 0.000000000000000000e+00 0.000000000000000000e+00 0.000000000000000000e+00
1.725000000000000000e+03 6.899850890249248359e-02 0.000000000000000000e+00 1.000000000000000000e+00 0.000000000000000000e+00 0.000000000000000000e+00 0.000000000000000000e+00
1.750000000000000000e+03 6.999848729238355993e-02 1.137915339098771066e-04 9.998862084660901095e-01 0.000000000000000000e+00 0.000000000000000000e+00 0.000000000000000000e+00
1.775000000000000000e+03 7.099846568227485832e-02 2.275830678197542133e-04 9.996586253982703285e-01 0.000000000000000000e+00 1.137915339098771066e-04 0.000000000000000000e+00
1.800000000000000000e+03 7.199844407216593467e-02 0.000000000000000000e+00 1.000000000000000000e+00 0.000000000000000000e+00 0.000000000000000000e+00 0.000000000000000000e+00
1.825000000000000000e+03 7.299842246205723306e-02 0.000000000000000000e+00 1.000000000000000000e+00 0.000000000000000000e+00 0.000000000000000000e+00 0.000000000000000000e+00
1.850000000000000000e+03 7.399840085194830941e-02 0.000000000000000000e+00 1.000000000000000000e+00 0.000000000000000000e+00 0.000000000000000000e+00 0.000000000000000000e+00
1.875000000000000000e+03 7.499837924183960780e-02 0.000000000000000000e+00 1.000000000000000000e+00 0.000000000000000000e+00 0.000000000000000000e+00 0.000000000000000000e+00
1.900000000000000000e+03 7.599835763173068415e-02 0.000000000000000000e+00 1.000000000000000000e+00 0.000000000000000000e+00 0.000000000000000000e+00 0.000000000000000000e+00
1.925000000000000000e+03 7.699833602162198254e-02 3.413746017296313199e-04 9.996586253982703285e-01 0.000000000000000000e+00 0.000000000000000000e+00 0.000000000000000000e+00
1.950000000000000000e+03 7.799831441151305889e-02 0.000000000000000000e+00 1.000000000000000000e+00 0.000000000000000000e+00 0.000000000000000000e+00 0.000000000000000000e+00
1.975000000000000000e+03 7.899829280140435728e-02 1.137915339098771066e-04 9.998862084660901095e-01 0.000000000000000000e+00 0.000000000000000000e+00 0.000000000000000000e+00
2.000000000000000000e+03 7.999827119129543362e-02 1.137915339098771066e-04 9.998862084660901095e-01 0.000000000000000000e+00 0.000000000000000000e+00 0.000000000000000000e+00
2.025000000000000000e+03 8.099824958118673202e-02 0.000000000000000000e+00 1.000000000000000000e+00 0.000000000000000000e+00 0.000000000000000000e+00 0.000000000000000000e+00
2.050000000000000000e+03 8.199822797107803041e-02 4.551661356395084266e-04 9.995448338643604380e-01 0.000000000000000000e+00 0.000000000000000000e+00 0.000000000000000000e+00
2.075000000000000000e+03 8.299820636096910675e-02 6.827492034592626399e-04 9.993172507965407680e-01 0.000000000000000000e+00 0.000000000000000000e+00 0.000000000000000000e+00
2.100000000000000000e+03 8.399818475086040515e-02 0.000000000000000000e+00 1.000000000000000000e+00 0.000000000000000000e+00 0.000000000000000000e+00 0.000000000000000000e+00
2.125000000000000000e+03 8.499816314075148149e-02 4.551661356395084266e-04 9.995448338643604380e-01 0.000000000000000000e+00 0.000000000000000000e+00 0.000000000000000000e+00
2.150000000000000000e+03 8.599814153064277988e-02 0.000000000000000000e+00 1.000000000000000000e+00 0.000000000000000000e+00 0.000000000000000000e+00 0.000000000000000000e+00
2.175000000000000000e+03 8.699811992053385623e-02 4.551661356395084266e-04 9.995448338643604380e-01 0.000000000000000000e+00 0.000000000000000000e+00 0.000000000000000000e+00
2.200000000000000000e+03 8.799809831042515462e-02 7.965407373691396923e-04 9.989758761948110966e-01 0.000000000000000000e+00 2.275830678197542133e-04 0.000000000000000000e+00
2.225000000000000000e+03 8.899807670031623097e-02 7.965407373691396923e-04 9.992034592626308775e-01 0.000000000000000000e+00 0.000000000000000000e+00 0.000000000000000000e+00
2.250000000000000000e+03 8.999805509020752936e-02 6.827492034592626399e-04 9.992034592626308775e-01 0.000000000000000000e+00 1.137915339098771066e-04 0.000000000000000000e+00
2.275000000000000000e+03 9.099803348009860571e-02 1.024123805188893906e-03 9.986345015930814251e-01 0.000000000000000000e+00 3.413746017296313199e-04 0.000000000000000000e+00
2.300000000000000000e+03 9.199801186998990410e-02 6.827492034592626399e-04 9.993172507965407680e-01 0.000000000000000000e+00 0.000000000000000000e+00 0.000000000000000000e+00
2.325000000000000000e+03 9.299799025988098045e-02 5.689576695493854790e-04 9.994310423304506585e-01 0.000000000000000000e+00 0.000000000000000000e+00 0.000000000000000000e+00
2.350000000000000000e+03 9.399796864977227884e-02 1.934456076467910759e-03 9.980655439235320836e-01 0.000000000000000000e+00 0.000000000000000000e+00 0.000000000000000000e+00
2.375000000000000000e+03 9.499794703966335518e-02 1.820664542558033706e-03 9.981793354574419741e-01 0.000000000000000000e+00 0.000000000000000000e+00 0.000000000000000000e+00
2.400000000000000000e+03 9.599792542955465358e-02 5.689576695493854790e-04 9.994310423304506585e-01 0.000000000000000000e+00 0.000000000000000000e+00 0.000000000000000000e+00
2.425000000000000000e+03 9.699790381944572992e-02 9.103322712790168532e-04 9.990896677287209870e-01 0.000000000000000000e+00 0.000000000000000000e+00 0.000000000000000000e+00
2.450000000000000000e+03 9.799788220933702831e-02 2.275830678197541916e-03 9.976103777878926326e-01 0.000000000000000000e+00 1.137915339098771066e-04 0.000000000000000000e+00
2.475000000000000000e+03 9.899786059922832671e-02 2.048247610377787811e-03 9.979517523896221931e-01 0.000000000000000000e+00 0.000000000000000000e+00 0.000000000000000000e+00
2.500000000000000000e+03 9.999783898911940305e-02 2.048247610377787811e-03 9.978379608557123026e-01 0.000000000000000000e+00 1.137915339098771066e-04 0.000000000000000000e+00
2.525000000000000000e+03 1.009978173790107014e-01 2.389622212107419402e-03 9.973827947200728516e-01 0.000000000000000000e+00 2.275830678197542133e-04 0.000000000000000000e+00
2.550000000000000000e+03 1.019977957689017778e-01 3.755120619025944465e-03 9.959035047792443862e-01 0.000000000000000000e+00 3.413746017296313199e-04 0.000000000000000000e+00
2.575000000000000000e+03 1.029977741587930762e-01 1.706873008648156654e-03 9.980655439235320836e-01 0.000000000000000000e+00 2.275830678197542133e-04 0.000000000000000000e+00
2.600000000000000000e+03 1.039977525486841525e-01 4.779244424214838804e-03 9.948793809740554828e-01 0.000000000000000000e+00 3.413746017296313199e-04 0.000000000000000000e+00
2.625000000000000000e+03 1.049977309385754509e-01 4.096495220755575623e-03 9.959035047792443862e-01 0.000000000000000000e+00 0.000000000000000000e+00 0.000000000000000000e+00
2.650000000000000000e+03 1.059977093284665273e-01 4.551661356395083832e-03 9.951069640418752638e-01 0.000000000000000000e+00 3.413746017296313199e-04 0.000000000000000000e+00
2.675000000000000000e+03 1.069976877183578257e-01 2.503413746017296455e-03 9.974965862539827421e-01 0.000000000000000000e+00 0.000000000000000000e+00 0.000000000000000000e+00
2.700000000000000000e+03 1.079976661082489020e-01 4.210286754665453109e-03 9.957897132453344957e-01 0.000000000000000000e+00 0.000000000000000000e+00 0.000000000000000000e+00
2.725000000000000000e+03 1.089976444981402004e-01 7.851615839781519654e-03 9.921483841602184439e-01 0.000000000000000000e+00 0.000000000000000000e+00 0.000000000000000000e+00
2.750000000000000000e+03 1.099976228880312767e-01 9.444697314519799256e-03 9.899863450159308575e-01 0.000000000000000000e+00 5.689576695493854790e-04 0.000000000000000000e+00
2.775000000000000000e+03 1.109976012779225751e-01 8.648156577150659455e-03 9.912380518889394310e-01 0.000000000000000000e+00 1.137915339098771066e-04 0.000000000000000000e+00
2.800000000000000000e+03 1.119975796678136515e-01 9.103322712790167665e-03 9.899863450159308575e-01 0.000000000000000000e+00 9.103322712790168532e-04 0.000000000000000000e+00
2.825000000000000000e+03 1.129975580577049499e-01 1.240327719617660522e-02 9.871415566681839282e-01 0.000000000000000000e+00 4.551661356395084266e-04 0.000000000000000000e+00
2.850000000000000000e+03 1.139975364475960262e-01 1.718252162039144229e-02 9.813381884387801790e-01 0.000000000000000000e+00 1.479289940828402332e-03 0.000000000000000000e+00
2.875000000000000000e+03 1.149975148374873246e-01 1.627218934911242587e-02 9.830450614474283144e-01 0.000000000000000000e+00 6.827492034592626399e-04 0.000000000000000000e+00
2.900000000000000000e+03 1.159974932273786230e-01 2.184797451069640448e-02 9.761037778789257713e-01 0.000000000000000000e+00 2.048247610377787811e-03 0.000000000000000000e+00
2.925000000000000000e+03 1.169974716172696994e-01 2.787892580791988956e-02 9.673418297678653133e-01 0.000000000000000000e+00 4.779244424214838804e-03 0.000000000000000000e+00
2.950000000000000000e+03 1.179974500071609977e-01 2.719617660446062984e-02 9.637005006827491504e-01 0.000000000000000000e+00 9.103322712790167665e-03 0.000000000000000000e+00
2.975000000000000000e+03 1.189974283970520741e-01 5.405097860719162289e-02 9.270596267637687404e-01 0.000000000000000000e+00 1.888939462903959851e-02 0.000000000000000000e+00
3.000000000000000000e+03 1.199974067869433725e-01 8.284023668639053928e-02 8.738051888939463163e-01 0.000000000000000000e+00 4.335457441966317910e-02 0.000000000000000000e+00
3.025000000000000000e+03 1.209973851768344488e-01 1.355257168866636219e-01 7.471552116522530707e-01 0.000000000000000000e+00 1.173190714610832935e-01 0.000000000000000000e+00
3.050000000000000000e+03 1.219973635667257472e-01 2.175694128356850388e-01 5.289030496131087444e-01 0.000000000000000000e+00 2.535275375512062168e-01 0.000000000000000000e+00
3.075000000000000000e+03 1.229973419566168236e-01 3.057578516158397930e-01 2.845926263086026586e-01 1.137915339098771066e-04 4.095357305416477134e-01 0.000000000000000000e+00
3.100000000000000000e+03 1.239973203465081220e-01 3.641329085116067343e-01 1.373463814292216756e-01 5.689576695493854790e-04 4.979517523896221931e-01 0.000000000000000000e+00
3.125000000000000000e+03 1.249972987363991983e-01 3.788120163859808875e-01 7.612653618570777714e-02 9.103322712790168532e-04 5.441511151570322946e-01 0.000000000000000000e+00
3.150000000000000000e+03 1.259972771262904967e-01 3.656121984524351443e-01 6.793354574419663283e-02 3.413746017296313199e-04 5.661128812016386069e-01 0.000000000000000000e+00
3.175000000000000000e+03 1.269972555161815730e-01 3.479745106964041712e-01 8.978152025489304078e-02 3.413746017296313199e-04 5.619025944469731026e-01 0.000000000000000000e+00
3.200000000000000000e+03 1.279972339060728714e-01 3.602639963586709015e-01 1.174328629949931702e-01 5.689576695493854790e-04 5.217341829767865313e-01 0.000000000000000000e+00
3.225000000000000000e+03 1.289972122959639478e-01 3.713017751479290030e-01 1.298361401911697632e-01 1.593081474738279385e-03 4.972690031861629611e-01 0.000000000000000000e+00
3.250000000000000000e+03 1.299971906858552462e-01 3.895084205735093175e-01 1.192535275375512099e-01 5.461993627674101119e-03 4.857760582612653533e-01 0.000000000000000000e+00
3.275000000000000000e+03 1.309971690757463225e-01 3.950842057350932857e-01 1.134501593081474746e-01 1.502048247610377786e-02 4.764451524806554428e-01 0.000000000000000000e+00
3.300000000000000000e+03 1.319971474656376209e-01 4.152253072371415721e-01 1.063950842057350965e-01 3.208921256258534527e-02 4.462903959945380139e-01 0.000000000000000000e+00
3.325000000000000000e+03 1.329971258555289193e-01 4.408284023668638807e-01 1.085571233500227523e-01 5.188893946290396020e-02 3.987255348202093930e-01 0.000000000000000000e+00
3.350000000000000000e+03 1.339971042454199956e-01 4.551661356395084179e-01 1.152708238507055144e-01 7.578516158397814728e-02 3.537778789258079204e-01 0.000000000000000000e+00
3.375000000000000000e+03 1.349970826353112940e-01 4.715521165225307065e-01 1.271051433773327244e-01 1.078743741465634925e-01 2.934683659535730627e-01 0.000000000000000000e+00
3.400000000000000000e+03 1.359970610252023704e-01 4.647246244879381094e-01 1.461083295402822169e-01 1.338188438780154865e-01 2.553482020937642427e-01 0.000000000000000000e+00
3.425000000000000000e+03 1.369970394150936688e-01 4.798588984979517691e-01 1.530496131087847045e-01 1.538461538461538547e-01 2.132453345471096995e-01 0.000000000000000000e+00
3.450000000000000000e+03 1.379970178049847451e-01 4.850933090578061213e-01 1.539599453800637174e-01 1.735320892125625791e-01 1.874146563495675821e-01 0.000000000000000000e+00
3.475000000000000000e+03 1.389969961948760435e-01 5.007965407373691225e-01 1.479289940828402428e-01 1.920801092398725651e-01 1.591943559399180697e-01 0.000000000000000000e+00
3.500000000000000000e+03 1.399969745847671199e-01 5.108101957214383759e-01 1.418980427856167403e-01 2.261037778789257990e-01 1.211879836140191125e-01 0.000000000000000000e+00
3.525000000000000000e+03 1.409969529746584183e-01 5.044378698224851743e-01 1.415566681838871244e-01 2.584205735093308975e-01 9.558488848429676221e-02 0.000000000000000000e+00
3.550000000000000000e+03 1.419969313645494946e-01 5.073964497041419941e-01 1.416704597177969871e-01 2.744651797906235702e-01 7.646791078743742087e-02 0.000000000000000000e+00
3.575000000000000000e+03 1.429969097544407930e-01 4.964724624487937832e-01 1.477014110150204895e-01 2.934683659535730627e-01 6.235776058261265076e-02 0.000000000000000000e+00
3.600000000000000000e+03 1.439968881443318693e-01 4.750796540737369233e-01 1.571461083295402905e-01 3.178197542102867423e-01 4.995448338643605074e-02 0.000000000000000000e+00
3.625000000000000000e+03 1.449968665342231677e-01 4.680245789713245452e-01 1.553254437869822369e-01 3.302230314064633632e-01 4.642694583522986168e-02 0.000000000000000000e+00
3.650000000000000000e+03 1.459968449241142441e-01 4.700728265817022966e-01 1.540737369139736079e-01 3.337505689576695245e-01 4.210286754665452935e-02 0.000000000000000000e+00
3.675000000000000000e+03 1.469968233140055425e-01 4.695038689121529552e-01 1.512289485662266786e-01 3.294264906690942407e-01 4.984069185252617412e-02 0.000000000000000000e+00
3.700000000000000000e+03 1.479968017038968409e-01 4.706417842512516936e-01 1.530496131087847045e-01 3.229403732362312041e-01 5.336822940373236318e-02 0.000000000000000000e+00
3.725000000000000000e+03 1.489967800937879172e-01 4.718934911242603780e-01 1.506599908966772816e-01 3.164542558033682229e-01 6.099226217569413133e-02 0.000000000000000000e+00
3.750000000000000000e+03 1.499967584836792156e-01 4.716659080564405970e-01 1.498634501593081592e-01 3.175921711424670169e-01 6.087847064178425471e-02 0.000000000000000000e+00
3.775000000000000000e+03 1.509967368735702919e-01 4.804278561675011106e-01 1.459945380063723264e-01 3.098543468365953513e-01 6.372325898953118406e-02 0.000000000000000000e+00
3.800000000000000000e+03 1.519967152634615903e-01 4.704142011834319681e-01 1.491807009558488717e-01 3.140646335912608000e-01 6.634046426945834629e-02 0.000000000000000000e+00
3.825000000000000000e+03 1.529966936533526667e-01 4.798588984979517691e-01 1.463359126081019701e-01 3.072371415566682029e-01 6.656804733727811341e-02 0.000000000000000000e+00
3.850000000000000000e+03 1.539966720432439651e-01 4.848657259899863403e-01 1.483841602184797492e-01 3.089440145653163383e-01 5.780609922621757213e-02 0.000000000000000000e+00
3.875000000000000000e+03 1.549966504331350414e-01 4.861174328629949692e-01 1.487255348202093652e-01 3.121301775147928836e-01 5.302685480200273332e-02 0.000000000000000000e+00
3.900000000000000000e+03 1.559966288230263398e-01 4.893035958124715701e-01 1.513427401001365413e-01 3.131543013199817871e-01 4.619936276741010150e-02 0.000000000000000000e+00
3.925000000000000000e+03 1.569966072129174162e-01 4.941966317705962508e-01 1.514565316340464318e-01 3.115612198452434867e-01 4.278561675011378906e-02 0.000000000000000000e+00
3.950000000000000000e+03 1.579965856028087146e-01 4.891898042785616796e-01 1.525944469731451980e-01 3.175921711424670169e-01 4.062357760582612637e-02 0.000000000000000000e+00
3.975000000000000000e+03 1.589965639926997909e-01 4.868001820664542567e-01 1.521392808375056915e-01 3.191852526172052618e-01 4.187528447883477611e-02 0.000000000000000000e+00
4.000000000000000000e+03 1.599965423825910893e-01 4.852071005917159563e-01 1.540737369139736079e-01 3.202093764223941652e-01 4.050978607191624975e-02 0.000000000000000000e+00
4.025000000000000000e+03 1.609965207724821656e-01 4.809968138370505075e-01 1.570323167956304000e-01 3.241920801092398885e-01 3.777878925807919702e-02 0.000000000000000000e+00
4.050000000000000000e+03 1.619964991623734640e-01 4.822485207100591920e-01 1.570323167956304000e-01 3.212335002275830687e-01 3.948566226672735324e-02 0.000000000000000000e+00
4.075000000000000000e+03 1.629964775522645404e-01 4.869139736003641472e-01 1.548702776513427304e-01 3.166818388711880039e-01 4.153390987710514626e-02 0.000000000000000000e+00
4.100000000000000000e+03 1.639964559421558388e-01 4.868001820664542567e-01 1.547564861174328676e-01 3.173645880746472359e-01 4.107874374146563284e-02 0.000000000000000000e+00
4.125000000000000000e+03 1.649964343320471372e-01 4.854346836595357373e-01 1.570323167956304000e-01 3.175921711424670169e-01 3.994082840236686666e-02 0.000000000000000000e+00
4.150000000000000000e+03 1.659964127219382135e-01 4.864588074647246407e-01 1.557806099226217433e-01 3.177059626763768518e-01 4.005461993627674328e-02 0.000000000000000000e+00
4.175000000000000000e+03 1.669963911118295119e-01 4.943104233045061413e-01 1.556668183887118806e-01 3.124715521165225551e-01 3.755120619025944378e-02 0.000000000000000000e+00
4.200000000000000000e+03 1.679963695017205882e-01 4.976103777878925771e-01 1.546426945835229771e-01 3.130405097860718966e-01 3.470641784251251444e-02 0.000000000000000000e+00
4.225000000000000000e+03 1.689963478916118866e-01 4.920345926263086089e-01 1.589667728720983164e-01 3.155439235320892100e-01 3.345471096950387163e-02 0.000000000000000000e+00
4.250000000000000000e+03 1.699963262815029630e-01 4.943104233045061413e-01 1.605598543468365891e-01 3.154301319981793195e-01 2.969959035047792587e-02 0.000000000000000000e+00
4.275000000000000000e+03 1.709963046713942614e-01 4.941966317705962508e-01 1.675011379153391045e-01 3.089440145653163383e-01 2.935821574874829254e-02 0.000000000000000000e+00
4.300000000000000000e+03 1.719962830612853377e-01 4.974965862539826866e-01 1.693218024578971304e-01 3.076923076923077094e-01 2.548930359581247015e-02 0.000000000000000000e+00
4.325000000000000000e+03 1.729962614511766361e-01 4.898725534820209115e-01 1.788802913063268218e-01 3.033682294037323701e-01 2.787892580791988956e-02 0.000000000000000000e+00
4.350000000000000000e+03 1.739962398410677125e-01 4.840691852526172179e-01 1.917387346381429214e-01 2.949476558944014726e-01 2.924442421483841592e-02 0.000000000000000000e+00
4.375000000000000000e+03 1.749962182309590109e-01 4.747382794720073074e-01 2.020937642239417353e-01 2.902822030040965173e-01 3.288575329995448160e-02 0.000000000000000000e+00
4.400000000000000000e+03 1.759961966208500872e-01 4.600591715976331542e-01 2.255348202093764298e-01 2.827719617660446327e-01 3.163404642694583185e-02 0.000000000000000000e+00
4.425000000000000000e+03 1.769961750107413856e-01 4.467455621301775204e-01 2.348657259899863403e-01 2.832271279016841392e-01 3.516158397815202785e-02 0.000000000000000000e+00
4.450000000000000000e+03 1.779961534006324619e-01 4.296768320436959443e-01 2.547792444242148457e-01 2.823167956304050707e-01 3.322712790168411146e-02 0.000000000000000000e+00
4.475000000000000000e+03 1.789961317905237603e-01 4.261492944924897830e-01 2.581929904415111721e-01 2.858443331816112876e-01 2.981338188438780248e-02 0.000000000000000000e+00
4.500000000000000000e+03 1.799961101804148367e-01 4.180700955848885014e-01 2.619481110605371144e-01 2.933545744196631722e-01 2.662721893491124328e-02 0.000000000000000000e+00
4.525000000000000000e+03 1.809960885703061351e-01 4.101046882111971104e-01 2.672963131543013016e-01 2.947200728265816916e-01 2.787892580791988956e-02 0.000000000000000000e+00
4.550000000000000000e+03 1.819960669601974335e-01 3.986117432862995025e-01 2.746927628584433512e-01 2.956304050978607045e-01 3.106508875739644876e-02 0.000000000000000000e+00
4.575000000000000000e+03 1.829960453500885098e-01 3.911015020482476179e-01 2.824305871643149612e-01 2.968821119708693890e-01 2.958579881656804578e-02 0.000000000000000000e+00
4.600000000000000000e+03 1.839960237399798082e-01 3.933773327264451503e-01 2.981338188438780179e-01 2.816340464269458388e-01 2.685480200273099652e-02 0.000000000000000000e+00
4.625000000000000000e+03 1.849960021298708845e-01 3.866636322257623881e-01 3.159990896677287164e-01 2.697997269003186149e-01 2.753755120619025970e-02 0.000000000000000000e+00
4.650000000000000000e+03 1.859959805197621829e-01 3.761948111060536837e-01 3.412608101957214646e-01 2.554619936276740777e-01 2.708238507055074976e-02 0.000000000000000000e+00
4.675000000000000000e+03 1.869959589096532593e-01 3.798361401911697910e-01 3.544606281292672079e-01 2.437414656349567721e-01 2.196176604460628110e-02 0.000000000000000000e+00
4.700000000000000000e+03 1.879959372995445577e-01 3.744879380974055483e-01 3.653846153846153633e-01 2.350933090578060936e-01 2.503413746017296368e-02 0.000000000000000000e+00
4.725000000000000000e+03 1.889959156894356340e-01 3.741465634956759323e-01 3.806326809285389134e-01 2.226900318616295005e-01 2.253072371415566766e-02 0.000000000000000000e+00
4.750000000000000000e+03 1.899958940793269324e-01 3.660673645880746507e-01 3.963359126081019701e-01 2.113108784706417831e-01 2.628584433318160996e-02 0.000000000000000000e+00
4.775000000000000000e+03 1.909958724692180088e-01 3.640191169776968438e-01 4.135184342284933812e-01 1.969731451979972736e-01 2.548930359581247015e-02 0.000000000000000000e+00
4.800000000000000000e+03 1.919958508591093072e-01 3.476331360946745552e-01 4.365043240782885969e-01 1.840009103322712836e-01 3.186162949476559203e-02 0.000000000000000000e+00
4.825000000000000000e+03 1.929958292490003835e-01 3.478607191624943362e-01 4.524351388256713791e-01 1.767182521620391522e-01 2.298588984979517413e-02 0.000000000000000000e+00
4.850000000000000000e+03 1.939958076388916819e-01 3.427401001365498190e-01 4.666590805644060258e-01 1.679563040509786109e-01 2.253072371415566766e-02 1.137915339098771066e-04
4.875000000000000000e+03 1.949957860287827582e-01 3.266954938552571464e-01 4.896449704142011861e-01 1.604460628129267263e-01 2.321347291761493084e-02 0.000000000000000000e+00
4.900000000000000000e+03 1.959957644186740566e-01 3.130405097860718966e-01 5.154756486117433312e-01 1.510013654984069253e-01 2.048247610377787811e-02 0.000000000000000000e+00
4.925000000000000000e+03 1.969957428085653550e-01 2.944924897587619661e-01 5.424442421483841592e-01 1.439462903959945472e-01 1.911697769685935522e-02 0.000000000000000000e+00
4.950000000000000000e+03 1.979957211984564314e-01 2.859581247155211781e-01 5.691852526172053173e-01 1.302913063268092975e-01 1.456531634046426965e-02 0.000000000000000000e+00
4.975000000000000000e+03 1.989956995883477298e-01 2.711652253072371344e-01 5.930814747382794350e-01 1.210741920801092358e-01 1.467910787437414627e-02 0.000000000000000000e+00
5.000000000000000000e+03 1.999956779782388061e-01 2.504551661356395065e-01 6.109467455621301335e-01 1.220983158852981393e-01 1.649977241693217911e-02 0.000000000000000000e+00
5.025000000000000000e+03 2.009956563681301045e-01 2.445380063723258945e-01 6.219845243513882904e-01 1.176604460628129234e-01 1.581702321347291593e-02 0.000000000000000000e+00
5.050000000000000000e+03 2.019956347580211808e-01 2.404415111515703363e-01 6.299499317250796260e-01 1.143604915794264876e-01 1.524806554392353283e-02 0.000000000000000000e+00
5.075000000000000000e+03 2.029956131479124792e-01 2.332726445152480677e-01 6.379153390987710726e-01 1.120846609012289552e-01 1.661356395084205573e-02 1.137915339098771066e-04
5.100000000000000000e+03 2.039955915378035556e-01 2.241693218024579104e-01 6.525944469731451703e-01 1.084433318161128756e-01 1.479289940828402289e-02 0.000000000000000000e+00
5.125000000000000000e+03 2.049955699276948540e-01 2.126763768775603025e-01 6.639736003641328876e-01 1.103777878925807920e-01 1.297223486572599005e-02 0.000000000000000000e+00
5.150000000000000000e+03 2.059955483175859303e-01 2.036868456986800080e-01 6.703459262630859783e-01 1.147018661811561174e-01 1.126536185707783383e-02 0.000000000000000000e+00
5.175000000000000000e+03 2.069955267074772287e-01 1.995903504779244497e-01 6.751251706873008240e-01 1.140191169776968577e-01 1.126536185707783383e-02 0.000000000000000000e+00
5.200000000000000000e+03 2.079955050973683051e-01 1.924214838416021811e-01 6.828629949931724896e-01 1.104915794264906687e-01 1.422394173873463806e-02 0.000000000000000000e+00
5.225000000000000000e+03 2.089954834872596035e-01 1.759217114246700020e-01 7.036868456986800080e-01 1.069640418752844796e-01 1.342740100136549826e-02 0.000000000000000000e+00
5.250000000000000000e+03 2.099954618771506798e-01 1.673873463814292140e-01 7.135867091488393710e-01 1.084433318161128756e-01 1.058261265361857065e-02 0.000000000000000000e+00
5.275000000000000000e+03 2.109954402670419782e-01 1.626081019572143960e-01 7.220072826581702685e-01 1.035502958579881672e-01 1.183431952662721866e-02 0.000000000000000000e+00
5.300000000000000000e+03 2.119954186569330545e-01 1.599908966772872199e-01 7.275830678197542367e-01 1.048020027309968100e-01 7.624032771961766417e-03 0.000000000000000000e+00
5.325000000000000000e+03 2.129953970468243529e-01 1.512289485662266786e-01 7.345243513882566688e-01 1.057123350022758368e-01 8.534365043240782836e-03 0.000000000000000000e+00
5.350000000000000000e+03 2.139953754367156513e-01 1.499772416932180219e-01 7.378243058716431602e-01 1.046882111970869333e-01 7.510241238051888930e-03 0.000000000000000000e+00
5.375000000000000000e+03 2.149953538266067277e-01 1.461083295402822169e-01 7.432862994993172379e-01 1.035502958579881672e-01 7.055075102412380721e-03 0.000000000000000000e+00
5.400000000000000000e+03 2.159953322164980261e-01 1.478152025489303523e-01 7.430587164314974569e-01 1.025261720527992776e-01 6.599908966772872511e-03 0.000000000000000000e+00
5.425000000000000000e+03 2.169953106063891024e-01 1.417842512517068776e-01 7.470414201183431802e-01 1.068502503413746030e-01 4.324078288575329727e-03 0.000000000000000000e+00
5.450000000000000000e+03 2.179952889962804008e-01 1.365498406918525254e-01 7.481793354574419741e-01 1.099226217569412856e-01 5.348202093764223633e-03 0.000000000000000000e+00
5.475000000000000000e+03 2.189952673861714771e-01 1.379153390987710448e-01 7.453345471096950448e-01 1.115157032316795582e-01 5.234410559854347014e-03 0.000000000000000000e+00
5.500000000000000000e+03 2.199952457760627755e-01 1.388256713700500578e-01 7.411242603550295405e-01 1.140191169776968577e-01 6.030951297223486815e-03 0.000000000000000000e+00
5.525000000000000000e+03 2.209952241659538519e-01 1.393946290395994547e-01 7.327036868456986429e-01 1.215293582157487423e-01 6.372325898953117539e-03 0.000000000000000000e+00
5.550000000000000000e+03 2.219952025558451503e-01 1.397360036413290985e-01 7.311106053709603980e-01 1.252844788347746985e-01 3.868912152935821518e-03 0.000000000000000000e+00
5.575000000000000000e+03 2.229951809457362266e-01 1.380291306326809353e-01 7.296313154301320436e-01 1.290395994538006408e-01 3.299954483386436255e-03 0.000000000000000000e+00
5.600000000000000000e+03 2.239951593356275250e-01 1.365498406918525254e-01 7.266727355484752238e-01 1.323395539371870766e-01 4.437869822485207214e-03 0.000000000000000000e+00
5.625000000000000000e+03 2.249951377255186014e-01 1.392808375056895642e-01 7.209831588529813651e-01 1.343878015475648557e-01 5.348202093764223633e-03 0.000000000000000000e+00
5.650000000000000000e+03 2.259951161154098997e-01 1.392808375056895642e-01 7.171142467000455323e-01 1.379153390987710448e-01 5.689576695493855224e-03 0.000000000000000000e+00
5.675000000000000000e+03 2.269950945053009761e-01 1.415566681838871244e-01 7.193900773782430091e-01 1.334774692762858428e-01 5.575785161583977738e-03 0.000000000000000000e+00
