# itime ezz other fcc hcp bcc ico
0.000000000000000000e+00 0.000000000000000000e+00 4.551661356395084266e-04 9.995448338643604380e-01 0.000000000000000000e+00 0.000000000000000000e+00 0.000000000000000000e+00
4.000000000000000000e+03 1.000036831982686891e-03 4.551661356395084266e-04 9.995448338643604380e-01 0.000000000000000000e+00 0.000000000000000000e+00 0.000000000000000000e+00
8.000000000000000000e+03 2.000073663965373783e-03 4.551661356395084266e-04 9.995448338643604380e-01 0.000000000000000000e+00 0.000000000000000000e+00 0.000000000000000000e+00
1.200000000000000000e+04 3.000110495948060674e-03 5.689576695493854790e-04 9.994310423304506585e-01 0.000000000000000000e+00 0.000000000000000000e+00 0.000000000000000000e+00
1.600000000000000000e+04 4.000147327930525520e-03 2.275830678197542133e-04 9.997724169321802190e-01 0.000000000000000000e+00 0.000000000000000000e+00 0.000000000000000000e+00
2.000000000000000000e+04 5.000184159913212412e-03 1.479289940828402332e-03 9.985207100591716456e-01 0.000000000000000000e+00 0.000000000000000000e+00 0.000000000000000000e+00
2.400000000000000000e+04 6.000220991895899303e-03 5.689576695493854790e-04 9.994310423304506585e-01 0.000000000000000000e+00 0.000000000000000000e+00 0.000000000000000000e+00
2.800000000000000000e+04 7.000257823878586194e-03 9.103322712790168532e-04 9.990896677287209870e-01 0.000000000000000000e+00 0.000000000000000000e+00 0.000000000000000000e+00
3.200000000000000000e+04 8.000294655861273085e-03 3.413746017296313199e-04 9.996586253982703285e-01 0.000000000000000000e+00 0.000000000000000000e+00 0.000000000000000000e+00
3.600000000000000000e+04 9.000331487843959977e-03 1.365498406918525280e-03 9.986345015930814251e-01 0.000000000000000000e+00 0.000000000000000000e+00 0.000000000000000000e+00
4.000000000000000000e+04 1.000036831982642482e-02 1.137915339098770958e-03 9.988620846609012061e-01 0.000000000000000000e+00 0.000000000000000000e+00 0.000000000000000000e+00
4.400000000000000000e+04 1.100040515180911171e-02 1.479289940828402332e-03 9.984069185252617551e-01 0.000000000000000000e+00 1.137915339098771066e-04 0.000000000000000000e+00
4.800000000000000000e+04 1.200044198379179861e-02 4.551661356395084266e-04 9.995448338643604380e-01 0.000000000000000000e+00 0.000000000000000000e+00 0.000000000000000000e+00
5.200000000000000000e+04 1.300047881577448550e-02 4.551661356395084266e-04 9.995448338643604380e-01 0.000000000000000000e+00 0.000000000000000000e+00 0.000000000000000000e+00
5.600000000000000000e+04 1.400051564775717239e-02 9.103322712790168532e-04 9.990896677287209870e-01 0.000000000000000000e+00 0.000000000000000000e+00 0.000000000000000000e+00
6.000000000000000000e+04 1.500055247973985928e-02 1.137915339098771066e-04 9.998862084660901095e-01 0.000000000000000000e+00 0.000000000000000000e+00 0.000000000000000000e+00
6.400000000000000000e+04 1.600058931172232413e-02 2.503413746017296455e-03 9.974965862539827421e-01 0.000000000000000000e+00 0.000000000000000000e+00 0.000000000000000000e+00
6.800000000000000000e+04 1.700062614370501102e-02 1.706873008648156654e-03 9.981793354574419741e-01 0.000000000000000000e+00 1.137915339098771066e-04 0.000000000000000000e+00
7.200000000000000000e+04 1.800066297568769791e-02 3.186162949476558769e-03 9.968138370505233992e-01 0.000000000000000000e+00 0.000000000000000000e+00 0.000000000000000000e+00
7.600000000000000000e+04 1.900069980767038480e-02 1.365498406918525280e-03 9.985207100591716456e-01 0.000000000000000000e+00 1.137915339098771066e-04 0.000000000000000000e+00
8.000000000000000000e+04 2.000073663965307169e-02 1.820664542558033706e-03 9.981793354574419741e-01 0.000000000000000000e+00 0.000000000000000000e+00 0.000000000000000000e+00
8.400000000000000000e+04 2.100077347163575858e-02 2.730996813837050560e-03 9.972690031861629611e-01 0.000000000000000000e+00 0.000000000000000000e+00 0.000000000000000000e+00
8.800000000000000000e+04 2.200081030361822343e-02 1.934456076467910759e-03 9.980655439235320836e-01 0.000000000000000000e+00 0.000000000000000000e+00 0.000000000000000000e+00
9.200000000000000000e+04 2.300084713560091032e-02 3.072371415566681717e-03 9.968138370505233992e-01 0.000000000000000000e+00 1.137915339098771066e-04 0.000000000000000000e+00
9.600000000000000000e+04 2.400088396758359721e-02 4.324078288575329727e-03 9.956759217114247162e-01 0.000000000000000000e+00 0.000000000000000000e+00 0.000000000000000000e+00
1.000000000000000000e+05 2.500092079956628410e-02 3.982703686845699004e-03 9.960172963131542767e-01 0.000000000000000000e+00 0.000000000000000000e+00 0.000000000000000000e+00
1.040000000000000000e+05 2.600095763154897099e-02 2.162039144287664864e-03 9.977241693218024121e-01 0.000000000000000000e+00 1.137915339098771066e-04 0.000000000000000000e+00
1.080000000000000000e+05 2.700099446353165789e-02 4.210286754665453109e-03 9.957897132453344957e-01 0.000000000000000000e+00 0.000000000000000000e+00 0.000000000000000000e+00
1.120000000000000000e+05 2.800103129551412273e-02 4.324078288575329727e-03 9.953345471096950448e-01 0.000000000000000000e+00 3.413746017296313199e-04 0.000000000000000000e+00
1.160000000000000000e+05 2.900106812749680962e-02 4.096495220755575623e-03 9.959035047792443862e-01 0.000000000000000000e+00 0.000000000000000000e+00 0.000000000000000000e+00
1.200000000000000000e+05 3.000110495947949651e-02 4.665452890304961318e-03 9.953345471096950448e-01 0.000000000000000000e+00 0.000000000000000000e+00 0.000000000000000000e+00
1.240000000000000000e+05 3.100114179146218341e-02 2.503413746017296455e-03 9.973827947200728516e-01 0.000000000000000000e+00 1.137915339098771066e-04 0.000000000000000000e+00
1.280000000000000000e+05 3.200117862344487030e-02 2.617205279927173507e-03 9.972690031861629611e-01 0.000000000000000000e+00 1.137915339098771066e-04 0.000000000000000000e+00
1.320000000000000000e+05 3.300121545542755719e-02 4.096495220755575623e-03 9.957897132453344957e-01 0.000000000000000000e+00 1.137915339098771066e-04 0.000000000000000000e+00
1.360000000000000000e+05 3.400125228741002203e-02 6.030951297223486815e-03 9.939690487027764698e-01 0.000000000000000000e+00 0.000000000000000000e+00 0.000000000000000000e+00
1.400000000000000000e+05 3.500128911939270893e-02 4.779244424214838804e-03 9.949931725079653733e-01 0.000000000000000000e+00 2.275830678197542133e-04 0.000000000000000000e+00
1.440000000000000000e+05 3.600132595137539582e-02 5.461993627674101119e-03 9.941966317705962508e-01 0.000000000000000000e+00 3.413746017296313199e-04 0.000000000000000000e+00
1.480000000000000000e+05 3.700136278335808271e-02 1.081019572143832562e-02 9.887346381429221731e-01 0.000000000000000000e+00 4.551661356395084266e-04 0.000000000000000000e+00
1.520000000000000000e+05 3.800139961534076960e-02 6.713700500682749130e-03 9.930587164314974569e-01 0.000000000000000000e+00 2.275830678197542133e-04 0.000000000000000000e+00
1.560000000000000000e+05 3.900143644732345649e-02 6.258534365043240920e-03 9.936276741010469093e-01 0.000000000000000000e+00 1.137915339098771066e-04 0.000000000000000000e+00
1.600000000000000000e+05 4.000147327930592134e-02 7.396449704142011444e-03 9.923759672280382249e-01 0.000000000000000000e+00 2.275830678197542133e-04 0.000000000000000000e+00
1.640000000000000000e+05 4.100151011128860823e-02 9.786071916249430847e-03 9.897587619481110766e-01 0.000000000000000000e+00 4.551661356395084266e-04 0.000000000000000000e+00
1.680000000000000000e+05 4.200154694327129512e-02 9.558488848429677609e-03 9.902139280837505275e-01 0.000000000000000000e+00 2.275830678197542133e-04 0.000000000000000000e+00
1.720000000000000000e+05 4.300158377525398201e-02 7.851615839781519654e-03 9.920345926263085534e-01 0.000000000000000000e+00 1.137915339098771066e-04 0.000000000000000000e+00
1.760000000000000000e+05 4.400162060723666890e-02 9.444697314519799256e-03 9.904415111515703085e-01 0.000000000000000000e+00 1.137915339098771066e-04 0.000000000000000000e+00
1.800000000000000000e+05 4.500165743921935579e-02 1.206190259444697363e-02 9.877105143377332697e-01 0.000000000000000000e+00 2.275830678197542133e-04 0.000000000000000000e+00
1.840000000000000000e+05 4.600169427120182064e-02 1.081019572143832562e-02 9.887346381429221731e-01 0.000000000000000000e+00 4.551661356395084266e-04 0.000000000000000000e+00
1.880000000000000000e+05 4.700173110318450753e-02 1.422394173873463806e-02 9.853208921256259023e-01 0.000000000000000000e+00 4.551661356395084266e-04 0.000000000000000000e+00
1.920000000000000000e+05 4.800176793516719442e-02 1.297223486572599005e-02 9.868001820664542567e-01 0.000000000000000000e+00 2.275830678197542133e-04 0.000000000000000000e+00
1.960000000000000000e+05 4.900180476714988131e-02 1.263086026399635846e-02 9.866863905325443662e-01 0.000000000000000000e+00 6.827492034592626399e-04 0.000000000000000000e+00
2.000000000000000000e+05 5.000184159913256821e-02 1.945835229858898507e-02 9.791761492944924816e-01 0.000000000000000000e+00 1.365498406918525280e-03 0.000000000000000000e+00
2.040000000000000000e+05 5.100187843111525510e-02 1.604460628129267263e-02 9.832726445152480954e-01 0.000000000000000000e+00 6.827492034592626399e-04 0.000000000000000000e+00
2.080000000000000000e+05 5.200191526309771994e-02 1.376877560309512985e-02 9.855484751934455723e-01 0.000000000000000000e+00 6.827492034592626399e-04 0.000000000000000000e+00
2.120000000000000000e+05 5.300195209508040683e-02 1.866181156121984527e-02 9.806554392353209471e-01 0.000000000000000000e+00 6.827492034592626399e-04 0.000000000000000000e+00
2.160000000000000000e+05 5.400198892706309373e-02 2.639963586709149004e-02 9.729176149294492815e-01 0.000000000000000000e+00 6.827492034592626399e-04 0.000000000000000000e+00
2.200000000000000000e+05 5.500202575904578062e-02 1.695493855257168905e-02 9.819071461083295205e-01 0.000000000000000000e+00 1.137915339098770958e-03 0.000000000000000000e+00
2.240000000000000000e+05 5.600206259102846751e-02 1.877560309512972189e-02 9.806554392353209471e-01 0.000000000000000000e+00 5.689576695493854790e-04 0.000000000000000000e+00
2.280000000000000000e+05 5.700209942301115440e-02 1.877560309512972189e-02 9.800864815657714946e-01 0.000000000000000000e+00 1.137915339098770958e-03 0.000000000000000000e+00
2.320000000000000000e+05 5.800213625499361925e-02 2.719617660446062984e-02 9.716659080564405970e-01 0.000000000000000000e+00 1.137915339098770958e-03 0.000000000000000000e+00
2.360000000000000000e+05 5.900217308697630614e-02 2.298588984979517413e-02 9.761037778789257713e-01 0.000000000000000000e+00 9.103322712790168532e-04 0.000000000000000000e+00
2.400000000000000000e+05 6.000220991895899303e-02 2.730996813837050646e-02 9.712107419208011461e-01 0.000000000000000000e+00 1.479289940828402332e-03 0.000000000000000000e+00
2.440000000000000000e+05 6.100224675094167992e-02 3.220300409649522189e-02 9.659763313609467383e-01 0.000000000000000000e+00 1.820664542558033706e-03 0.000000000000000000e+00
2.480000000000000000e+05 6.200228358292436681e-02 3.447883477469276120e-02 9.640418752844788219e-01 0.000000000000000000e+00 1.479289940828402332e-03 0.000000000000000000e+00
2.520000000000000000e+05 6.300232041490705370e-02 3.720983158852981393e-02 9.601729631315429891e-01 0.000000000000000000e+00 2.617205279927173507e-03 0.000000000000000000e+00
2.560000000000000000e+05 6.400235724688951855e-02 3.971324533454710648e-02 9.582385070550750727e-01 0.000000000000000000e+00 2.048247610377787811e-03 0.000000000000000000e+00
2.600000000000000000e+05 6.500239407887220544e-02 3.220300409649522189e-02 9.666590805644059703e-01 0.000000000000000000e+00 1.137915339098770958e-03 0.000000000000000000e+00
2.640000000000000000e+05 6.600243091085489233e-02 3.425125170687300796e-02 9.632453345471096995e-01 0.000000000000000000e+00 2.503413746017296455e-03 0.000000000000000000e+00
2.680000000000000000e+05 6.700246774283757922e-02 4.767865270823850449e-02 9.478834774692762588e-01 0.000000000000000000e+00 4.437869822485207214e-03 0.000000000000000000e+00
2.720000000000000000e+05 6.800250457482026611e-02 4.563040509786071841e-02 9.511834319526627501e-01 0.000000000000000000e+00 3.186162949476558769e-03 0.000000000000000000e+00
2.760000000000000000e+05 6.900254140680295301e-02 4.267182521620391245e-02 9.551661356395084734e-01 0.000000000000000000e+00 2.162039144287664864e-03 0.000000000000000000e+00
2.800000000000000000e+05 7.000257823878541785e-02 4.654073736913973830e-02 9.508420573509330787e-01 0.000000000000000000e+00 2.617205279927173507e-03 0.000000000000000000e+00
2.840000000000000000e+05 7.100261507076810474e-02 4.688211197086936816e-02 9.497041420118342847e-01 0.000000000000000000e+00 3.413746017296313308e-03 0.000000000000000000e+00
2.880000000000000000e+05 7.200265190275079163e-02 5.974055530268548159e-02 9.363905325443786509e-01 0.000000000000000000e+00 3.868912152935821518e-03 0.000000000000000000e+00
2.920000000000000000e+05 7.300268873473347853e-02 5.917159763313609155e-02 9.362767410104688715e-01 0.000000000000000000e+00 4.551661356395083832e-03 0.000000000000000000e+00
2.960000000000000000e+05 7.400272556671616542e-02 8.511606736458807165e-02 9.081702321347291385e-01 0.000000000000000000e+00 6.713700500682749130e-03 0.000000000000000000e+00
3.000000000000000000e+05 7.500276239869885231e-02 7.965407373691398007e-02 9.139736003641328876e-01 0.000000000000000000e+00 6.372325898953117539e-03 0.000000000000000000e+00
3.040000000000000000e+05 7.600279923068131716e-02 7.339553937187073829e-02 9.202321347291761988e-01 0.000000000000000000e+00 6.372325898953117539e-03 0.000000000000000000e+00
3.080000000000000000e+05 7.700283606266400405e-02 8.625398270368685172e-02 9.044151115157031962e-01 0.000000000000000000e+00 9.330905780609922637e-03 0.000000000000000000e+00
3.120000000000000000e+05 7.800287289464669094e-02 9.581247155211652933e-02 8.899635867091488795e-01 1.137915339098771066e-04 1.411015020482476144e-02 0.000000000000000000e+00
3.160000000000000000e+05 7.900290972662937783e-02 1.015020482476103741e-01 8.854119253527537037e-01 0.000000000000000000e+00 1.308602639963586667e-02 0.000000000000000000e+00
3.200000000000000000e+05 8.000294655861206472e-02 1.117432862994993115e-01 8.703914428766499345e-01 0.000000000000000000e+00 1.786527082385070547e-02 0.000000000000000000e+00
3.240000000000000000e+05 8.100298339059475161e-02 1.512289485662266786e-01 7.196176604460627901e-01 7.703686845698680397e-02 5.211652253072371344e-02 0.000000000000000000e+00
3.280000000000000000e+05 8.200302022257721646e-02 9.251251706873007963e-02 7.570550751024124336e-01 1.380291306326809353e-01 1.240327719617660522e-02 0.000000000000000000e+00
3.320000000000000000e+05 8.300305705455990335e-02 8.272644515248064878e-02 7.700273099681383959e-01 1.373463814292216756e-01 9.899863450159307465e-03 0.000000000000000000e+00
3.360000000000000000e+05 8.400309388654259024e-02 1.042330450614474269e-01 7.415794264906691025e-01 1.358670914883932657e-01 1.832043695949021542e-02 0.000000000000000000e+00
3.400000000000000000e+05 8.500313071852527713e-02 6.827492034592626269e-02 6.758079198907601670e-01 2.391898042785616796e-01 1.672735548475193582e-02 0.000000000000000000e+00
3.440000000000000000e+05 8.600316755050796402e-02 6.873008648156576916e-02 6.784251251706873154e-01 2.434000910332271284e-01 9.444697314519799256e-03 0.000000000000000000e+00
3.480000000000000000e+05 8.700320438249065091e-02 7.020937642239417908e-02 6.772872098315885214e-01 2.405553026854801990e-01 1.194811106053709528e-02 0.000000000000000000e+00
3.520000000000000000e+05 8.800324121447311576e-02 6.713700500682749650e-02 6.775147928994083024e-01 2.432862994993172379e-01 1.206190259444697363e-02 0.000000000000000000e+00
3.560000000000000000e+05 8.900327804645580265e-02 6.679563040509786664e-02 6.808147473827946827e-01 2.421483841602184717e-01 1.024123805188893906e-02 0.000000000000000000e+00
3.600000000000000000e+05 9.000331487843848954e-02 7.385070550751024476e-02 6.738734638142922506e-01 2.396449704142011861e-01 1.263086026399635846e-02 0.000000000000000000e+00
3.640000000000000000e+05 9.100335171042117643e-02 7.305416477014110843e-02 6.729631315430132377e-01 2.447655894401456478e-01 9.217114246700046018e-03 0.000000000000000000e+00
3.680000000000000000e+05 9.200338854240386333e-02 7.669549385525717411e-02 6.712562585343649912e-01 2.381656804733727761e-01 1.388256713700500647e-02 0.000000000000000000e+00
3.720000000000000000e+05 9.300342537438655022e-02 7.669549385525717411e-02 6.737596722803823601e-01 2.411242603550295960e-01 8.420573509330906217e-03 0.000000000000000000e+00
3.760000000000000000e+05 9.400346220636901506e-02 8.045061447428311641e-02 6.705735093309057593e-01 2.385070550751024199e-01 1.046882111970869403e-02 0.000000000000000000e+00
3.800000000000000000e+05 9.500349903835170196e-02 8.181611288120163583e-02 6.630632680928538747e-01 2.407828857532999522e-01 1.433773327264451468e-02 0.000000000000000000e+00
3.840000000000000000e+05 9.600353587033438885e-02 8.966772872098316416e-02 6.565771506599908935e-01 2.397587619481110488e-01 1.399635867091488309e-02 0.000000000000000000e+00
3.880000000000000000e+05 9.700357270231707574e-02 9.717796995903504875e-02 6.515703231679562668e-01 2.378243058716431602e-01 1.342740100136549826e-02 0.000000000000000000e+00
3.920000000000000000e+05 9.800360953429976263e-02 9.660901228948566566e-02 6.473600364132908735e-01 2.408966772872098427e-01 1.513427401001365448e-02 0.000000000000000000e+00
3.960000000000000000e+05 9.900364636628244952e-02 9.797451069640418508e-02 6.489531178880291185e-01 2.370277651342740100e-01 1.604460628129267263e-02 0.000000000000000000e+00
4.000000000000000000e+05 1.000036831982649144e-01 1.112881201638598050e-01 6.406463359126081114e-01 2.315657715065999045e-01 1.649977241693217911e-02 0.000000000000000000e+00
4.040000000000000000e+05 1.010037200302476013e-01 9.945380063723259501e-02 6.454255803368229572e-01 2.354346836595357373e-01 1.968593536640873831e-02 0.000000000000000000e+00
4.080000000000000000e+05 1.020037568622302881e-01 1.208466090122894826e-01 6.286982248520710526e-01 2.270141101502048120e-01 2.344105598543468408e-02 0.000000000000000000e+00
4.120000000000000000e+05 1.030037936942129750e-01 1.206190259444697294e-01 6.239189804278562068e-01 2.328174783796085612e-01 2.264451524806554428e-02 0.000000000000000000e+00
4.160000000000000000e+05 1.040038305261956619e-01 1.317705962676376796e-01 6.133363677742376119e-01 2.250796540737369233e-01 2.981338188438780248e-02 0.000000000000000000e+00
4.200000000000000000e+05 1.050038673581783488e-01 1.420118343195266308e-01 5.991124260355029651e-01 2.193900773782430647e-01 3.948566226672735324e-02 0.000000000000000000e+00
4.240000000000000000e+05 1.060039041901608137e-01 1.714838416021848000e-01 5.530268548020027541e-01 2.092626308602640040e-01 6.622667273554846967e-02 0.000000000000000000e+00
4.280000000000000000e+05 1.070039410221435006e-01 1.729631315430132099e-01 5.242375967228037892e-01 2.436276741010468816e-01 5.917159763313609155e-02 0.000000000000000000e+00
4.320000000000000000e+05 1.080039778541261875e-01 1.316568047337278169e-01 5.339098771051433712e-01 3.068957669549385314e-01 2.753755120619025970e-02 0.000000000000000000e+00
4.360000000000000000e+05 1.090040146861088743e-01 1.496358670914884059e-01 5.207100591715976279e-01 3.014337733272644537e-01 2.822030040964952288e-02 0.000000000000000000e+00
4.400000000000000000e+05 1.100040515180915612e-01 1.472462448793809831e-01 5.307237141556667703e-01 2.931269913518434467e-01 2.890304961310878606e-02 0.000000000000000000e+00
4.440000000000000000e+05 1.110040883500742481e-01 1.601046882111970826e-01 5.166135639508420141e-01 2.895994538006372299e-01 3.368229403732362487e-02 0.000000000000000000e+00
4.480000000000000000e+05 1.120041251820567130e-01 1.491807009558488717e-01 5.271961766044606090e-01 2.931269913518434467e-01 3.049613108784706567e-02 0.000000000000000000e+00
4.520000000000000000e+05 1.130041620140393999e-01 1.596495220755575761e-01 5.137687756030950847e-01 2.876649977241693135e-01 3.891670459717797015e-02 0.000000000000000000e+00
4.560000000000000000e+05 1.140041988460220868e-01 1.561219845243513871e-01 5.195721438324988339e-01 2.900546199362767363e-01 3.425125170687300796e-02 0.000000000000000000e+00
4.600000000000000000e+05 1.150042356780047736e-01 1.731907146108329631e-01 4.993172507965407125e-01 2.888029130632681074e-01 3.868912152935821691e-02 0.000000000000000000e+00
4.640000000000000000e+05 1.160042725099874605e-01 1.834319526627218866e-01 4.860036413290851343e-01 2.753755120619025831e-01 5.518889394629039602e-02 0.000000000000000000e+00
4.680000000000000000e+05 1.170043093419701474e-01 1.785389167045971781e-01 4.947655894401456478e-01 2.716203914428766408e-01 5.507510241238051940e-02 0.000000000000000000e+00
4.720000000000000000e+05 1.180043461739526123e-01 1.941283568502503443e-01 4.822485207100591920e-01 2.728720983158853253e-01 5.075102412380518707e-02 0.000000000000000000e+00
4.760000000000000000e+05 1.190043830059352992e-01 1.893491124260354985e-01 4.829312699135184239e-01 2.737824305871643382e-01 5.393718707328174627e-02 0.000000000000000000e+00
4.800000000000000000e+05 1.200044198379179861e-01 2.007282658170232159e-01 4.624487938097405770e-01 2.695721438324988894e-01 6.725079654073737312e-02 0.000000000000000000e+00
4.840000000000000000e+05 1.210044566699006729e-01 2.150659990896677254e-01 4.457214383249886169e-01 2.708238507055075184e-01 6.838871187983613931e-02 0.000000000000000000e+00
4.880000000000000000e+05 1.220044935018833598e-01 1.961766044606281234e-01 4.671142467000455323e-01 2.748065543923531862e-01 6.190259444697314428e-02 0.000000000000000000e+00
4.920000000000000000e+05 1.230045303338660467e-01 2.027765134274009950e-01 4.742831133363678009e-01 2.661583978152025631e-01 5.678197542102867562e-02 0.000000000000000000e+00
4.960000000000000000e+05 1.240045671658485116e-01 1.804733727810650945e-01 4.774692762858443462e-01 2.803823395539372099e-01 6.167501137915339104e-02 0.000000000000000000e+00
5.000000000000000000e+05 1.250046039978311985e-01 1.807009558488848477e-01 4.483386436049158208e-01 3.252162039144287919e-01 4.574419663177059503e-02 0.000000000000000000e+00
5.040000000000000000e+05 1.260046408298138854e-01 2.011834319526627224e-01 4.267182521620391245e-01 3.244196631770596140e-01 4.767865270823850449e-02 0.000000000000000000e+00
5.080000000000000000e+05 1.270046776617965723e-01 1.901456531634046487e-01 4.345698680018206805e-01 3.266954938552571464e-01 4.858898497951752438e-02 0.000000000000000000e+00
5.120000000000000000e+05 1.280047144937792591e-01 1.899180700955848955e-01 4.334319526627218866e-01 3.225989986345015881e-01 5.405097860719162289e-02 0.000000000000000000e+00
5.160000000000000000e+05 1.290047513257619460e-01 2.179107874374146547e-01 4.093081474738279324e-01 3.159990896677287164e-01 5.678197542102867562e-02 0.000000000000000000e+00
5.200000000000000000e+05 1.300047881577444109e-01 2.137005006827492060e-01 4.101046882111971104e-01 3.191852526172052618e-01 5.700955848884842886e-02 0.000000000000000000e+00
5.240000000000000000e+05 1.310048249897270978e-01 2.224624487938097472e-01 3.918980427856167403e-01 3.133818843878015681e-01 7.225762403277195822e-02 0.000000000000000000e+00
5.280000000000000000e+05 1.320048618217097847e-01 2.188211197086936677e-01 3.587847064178424916e-01 3.517296313154301135e-01 7.066454255803368556e-02 0.000000000000000000e+00
5.320000000000000000e+05 1.330048986536924716e-01 2.138142922166590687e-01 3.608329540282202985e-01 3.639053254437870089e-01 6.144742831133363781e-02 0.000000000000000000e+00
5.360000000000000000e+05 1.340049354856751584e-01 2.213245334547109811e-01 3.494538006372325811e-01 3.550295857988165493e-01 7.419208010923987462e-02 0.000000000000000000e+00
5.400000000000000000e+05 1.350049723176578453e-01 2.188211197086936677e-01 3.479745106964041712e-01 3.593536640873918886e-01 7.385070550751024476e-02 0.000000000000000000e+00
5.440000000000000000e+05 1.360050091496403102e-01 2.415794264906691025e-01 3.365953573054164538e-01 3.486572598998634587e-01 7.316795630405098505e-02 0.000000000000000000e+00
5.480000000000000000e+05 1.370050459816229971e-01 2.375967228038234069e-01 3.305644060081929791e-01 3.510468821119708815e-01 8.079198907601274626e-02 0.000000000000000000e+00
5.520000000000000000e+05 1.380050828136056840e-01 2.365725989986345035e-01 3.330678197542102925e-01 3.491124260355029651e-01 8.124715521165225274e-02 0.000000000000000000e+00
5.560000000000000000e+05 1.390051196455883709e-01 2.447655894401456478e-01 3.007510241238051663e-01 3.649294492489758568e-01 8.955393718707328754e-02 0.000000000000000000e+00
5.600000000000000000e+05 1.400051564775710577e-01 2.515930814747383004e-01 2.932407828857532817e-01 3.662949476558943762e-01 8.887118798361401395e-02 0.000000000000000000e+00
5.640000000000000000e+05 1.410051933095537446e-01 2.406690942193900895e-01 2.951752389622211981e-01 3.911015020482476179e-01 7.305416477014110843e-02 0.000000000000000000e+00
5.680000000000000000e+05 1.420052301415364315e-01 2.391898042785616796e-01 2.973372781065088954e-01 3.934911242603550408e-01 6.998179335457442585e-02 0.000000000000000000e+00
5.720000000000000000e+05 1.430052669735188964e-01 2.469276285844333174e-01 2.915339098771051463e-01 3.873463814292216756e-01 7.419208010923987462e-02 0.000000000000000000e+00
5.760000000000000000e+05 1.440053038055015833e-01 2.370277651342740100e-01 2.980200273099681274e-01 3.857532999544833752e-01 7.919890760127445972e-02 0.000000000000000000e+00
5.800000000000000000e+05 1.450053406374842702e-01 2.435138825671370189e-01 2.963131543013199920e-01 3.831360946745562268e-01 7.703686845698680397e-02 0.000000000000000000e+00
5.840000000000000000e+05 1.460053774694669571e-01 2.424897587619481154e-01 3.030268548020027541e-01 3.870050068274920596e-01 6.747837960855712636e-02 0.000000000000000000e+00
5.880000000000000000e+05 1.470054143014496439e-01 2.437414656349567721e-01 2.966545289030496080e-01 3.905325443786982209e-01 6.907146108329539902e-02 0.000000000000000000e+00
5.920000000000000000e+05 1.480054511334323308e-01 2.487482931269913433e-01 2.948338643604915821e-01 3.891670459717797015e-01 6.725079654073737312e-02 0.000000000000000000e+00
5.960000000000000000e+05 1.490054879654147957e-01 2.548930359581247362e-01 2.578516158397815006e-01 4.131770596267637652e-01 7.407828857532999800e-02 0.000000000000000000e+00
6.000000000000000000e+05 1.500055247973974826e-01 2.513654984069185194e-01 2.593309057806099105e-01 4.255803368229403860e-01 6.372325898953118406e-02 0.000000000000000000e+00
6.040000000000000000e+05 1.510055616293801695e-01 2.519344560764679164e-01 2.588757396449704040e-01 4.255803368229403860e-01 6.360946745562130744e-02 0.000000000000000000e+00
6.080000000000000000e+05 1.520055984613628564e-01 2.561447428311333652e-01 2.578516158397815006e-01 4.186390532544378429e-01 6.736458807464724974e-02 0.000000000000000000e+00
6.120000000000000000e+05 1.530056352933455432e-01 2.506827492034592875e-01 2.511379153390987939e-01 4.179563040509786109e-01 8.022303140646336317e-02 0.000000000000000000e+00
6.160000000000000000e+05 1.540056721253282301e-01 2.620619025944469493e-01 2.480655439235320836e-01 4.159080564406008040e-01 7.396449704142012138e-02 0.000000000000000000e+00
6.200000000000000000e+05 1.550057089573106950e-01 2.614929449248976079e-01 2.522758306781975324e-01 4.237596722803823601e-01 6.247155211652252738e-02 0.000000000000000000e+00
6.240000000000000000e+05 1.560057457892933819e-01 2.610377787892581014e-01 2.263313609467455523e-01 4.370732817478379384e-01 7.555757851615839404e-02 0.000000000000000000e+00
6.280000000000000000e+05 1.570057826212760688e-01 2.688893946290396020e-01 2.056213017751479244e-01 4.593764223941738667e-01 6.611288120163859305e-02 0.000000000000000000e+00
6.320000000000000000e+05 1.580058194532587557e-01 2.704824761037779024e-01 1.965179790623577671e-01 4.607419208010923861e-01 7.225762403277195822e-02 0.000000000000000000e+00
6.360000000000000000e+05 1.590058562852414425e-01 2.807237141556668258e-01 1.814974965862539702e-01 4.610832954028220576e-01 7.669549385525717411e-02 0.000000000000000000e+00
6.400000000000000000e+05 1.600058931172241294e-01 2.716203914428766408e-01 1.779699590350477811e-01 4.556213017751479244e-01 9.478834774692762588e-02 0.000000000000000000e+00
6.440000000000000000e+05 1.610059299492065943e-01 2.752617205279926926e-01 1.693218024578971304e-01 4.747382794720073074e-01 8.067819754210286964e-02 0.000000000000000000e+00
6.480000000000000000e+05 1.620059667811892812e-01 2.807237141556668258e-01 1.392808375056895642e-01 4.839553937187073274e-01 9.604005461993628257e-02 0.000000000000000000e+00
6.520000000000000000e+05 1.630060036131719681e-01 2.770823850705507740e-01 1.173190714610832935e-01 4.913518434228493215e-01 1.142467000455166110e-01 0.000000000000000000e+00
6.560000000000000000e+05 1.640060404451546550e-01 2.807237141556668258e-01 9.592626308602640595e-02 5.113791533909877174e-01 1.119708693673190647e-01 0.000000000000000000e+00
6.600000000000000000e+05 1.650060772771373419e-01 2.709376422394174089e-01 9.353664087391898307e-02 5.256030951297223641e-01 1.099226217569412856e-01 0.000000000000000000e+00
6.640000000000000000e+05 1.660061141091200287e-01 2.768548020027309930e-01 8.557123350022757813e-02 5.191169776968593830e-01 1.184569868001820597e-01 0.000000000000000000e+00
6.680000000000000000e+05 1.670061509411024936e-01 2.460172963131543045e-01 7.191624943104232837e-02 5.451752389622211981e-01 1.368912152935821691e-01 0.000000000000000000e+00
6.720000000000000000e+05 1.680061877730851805e-01 1.952662721893491105e-01 5.917159763313609155e-02 6.304050978607191880e-01 1.151570323167956239e-01 0.000000000000000000e+00
6.760000000000000000e+05 1.690062246050678674e-01 1.811561219845243542e-01 6.463359126081019701e-02 6.429221665908056993e-01 1.112881201638598050e-01 0.000000000000000000e+00
6.800000000000000000e+05 1.700062614370505543e-01 1.623805188893946427e-01 6.224396904870277414e-02 6.618115612198451903e-01 1.135639508420573512e-01 0.000000000000000000e+00
6.840000000000000000e+05 1.710062982690332412e-01 1.477014110150204895e-01 6.281292671825215723e-02 6.943559399180700975e-01 9.512972234865725574e-02 0.000000000000000000e+00
6.880000000000000000e+05 1.720063351010159280e-01 1.001365498406918547e-01 6.463359126081019701e-02 7.815202548930360038e-01 5.370960400546199304e-02 0.000000000000000000e+00
6.920000000000000000e+05 1.730063719329983929e-01 4.335457441966317910e-02 7.043695949021393232e-02 8.789258079198907225e-01 7.282658170232134826e-03 0.000000000000000000e+00
6.960000000000000000e+05 1.740064087649810798e-01 4.187528447883477611e-02 7.111970869367319203e-02 8.807464724624487484e-01 6.258534365043240920e-03 0.000000000000000000e+00
7.000000000000000000e+05 1.750064455969637667e-01 4.050978607191624975e-02 7.498862084660901095e-02 8.805188893946290785e-01 3.982703686845699004e-03 0.000000000000000000e+00
7.040000000000000000e+05 1.760064824289464536e-01 3.629949931725079404e-02 7.464724624487938109e-02 8.841602184797451303e-01 4.893035958124715423e-03 0.000000000000000000e+00
7.080000000000000000e+05 1.770065192609291405e-01 3.857532999544834029e-02 7.259899863450158808e-02 8.816568047337277614e-01 7.168866636322257339e-03 0.000000000000000000e+00
7.120000000000000000e+05 1.780065560929118273e-01 4.130632680928538608e-02 7.248520710059171146e-02 8.807464724624487484e-01 5.461993627674101119e-03 0.000000000000000000e+00
7.160000000000000000e+05 1.790065929248942922e-01 3.709604005461993731e-02 7.294037323623121793e-02 8.871187983614019501e-01 2.844788347746927612e-03 0.000000000000000000e+00
7.200000000000000000e+05 1.800066297568769791e-01 3.789258079198907364e-02 7.339553937187073829e-02 8.872325898953118406e-01 1.479289940828402332e-03 0.000000000000000000e+00
7.240000000000000000e+05 1.810066665888596660e-01 3.368229403732362487e-02 7.339553937187073829e-02 8.905325443786982209e-01 2.389622212107419402e-03 0.000000000000000000e+00
7.280000000000000000e+05 1.820067034208423529e-01 3.220300409649522189e-02 7.441966317705962786e-02 8.911015020482475624e-01 2.275830678197541916e-03 0.000000000000000000e+00
7.320000000000000000e+05 1.830067402528250398e-01 3.220300409649522189e-02 7.396449704142012138e-02 8.912152935821574529e-01 2.617205279927173507e-03 0.000000000000000000e+00
7.360000000000000000e+05 1.840067770848077267e-01 3.060992262175694228e-02 7.316795630405098505e-02 8.938324988620847122e-01 2.389622212107419402e-03 0.000000000000000000e+00
7.400000000000000000e+05 1.850068139167901915e-01 3.072371415566681890e-02 7.396449704142012138e-02 8.938324988620847122e-01 1.479289940828402332e-03 0.000000000000000000e+00
7.440000000000000000e+05 1.860068507487728784e-01 3.129267182521620200e-02 7.271279016841146470e-02 8.944014565316340537e-01 1.593081474738279385e-03 0.000000000000000000e+00
7.480000000000000000e+05 1.870068875807555653e-01 2.981338188438780248e-02 7.487482931269913433e-02 8.941738734638142727e-01 1.137915339098770958e-03 0.000000000000000000e+00
7.520000000000000000e+05 1.880069244127382522e-01 3.322712790168411146e-02 7.362312243969049153e-02 8.915566681838871244e-01 1.593081474738279385e-03 0.000000000000000000e+00
7.560000000000000000e+05 1.890069612447209391e-01 2.867546654528902936e-02 7.396449704142012138e-02 8.965634956759217511e-01 7.965407373691396923e-04 0.000000000000000000e+00
7.600000000000000000e+05 1.900069980767036260e-01 2.935821574874829254e-02 7.396449704142012138e-02 8.959945380063722986e-01 6.827492034592626399e-04 0.000000000000000000e+00
7.640000000000000000e+05 1.910070349086860908e-01 2.765134274010013632e-02 7.362312243969049153e-02 8.981565771506599960e-01 5.689576695493854790e-04 0.000000000000000000e+00
7.680000000000000000e+05 1.920070717406687777e-01 2.492034592626308706e-02 7.510241238051888757e-02 8.998634501593081314e-01 1.137915339098771066e-04 0.000000000000000000e+00
7.720000000000000000e+05 1.930071085726514646e-01 2.605826126536185672e-02 7.441966317705962786e-02 8.986117432862994470e-01 9.103322712790168532e-04 0.000000000000000000e+00
7.760000000000000000e+05 1.940071454046341515e-01 2.685480200273099652e-02 7.407828857532999800e-02 8.986117432862994470e-01 4.551661356395084266e-04 0.000000000000000000e+00
7.800000000000000000e+05 1.950071822366168384e-01 2.992717341829767910e-02 7.396449704142012138e-02 8.955393718707328476e-01 5.689576695493854790e-04 0.000000000000000000e+00
7.840000000000000000e+05 1.960072190685995253e-01 2.514792899408284030e-02 7.487482931269913433e-02 8.998634501593081314e-01 1.137915339098771066e-04 0.000000000000000000e+00
7.880000000000000000e+05 1.970072559005819901e-01 2.708238507055074976e-02 7.510241238051888757e-02 8.975876194811106545e-01 2.275830678197542133e-04 0.000000000000000000e+00
7.920000000000000000e+05 1.980072927325646770e-01 2.332726445152480746e-02 7.510241238051888757e-02 9.014565316340463763e-01 1.137915339098771066e-04 0.000000000000000000e+00
7.960000000000000000e+05 1.990073295645473639e-01 2.355484751934456070e-02 7.453345471096950448e-02 9.014565316340463763e-01 4.551661356395084266e-04 0.000000000000000000e+00
8.000000000000000000e+05 2.000073663965300508e-01 2.389622212107419055e-02 7.510241238051888757e-02 9.008875739644970349e-01 1.137915339098771066e-04 0.000000000000000000e+00
8.040000000000000000e+05 2.010074032285127377e-01 2.105143377332726468e-02 7.532999544833864081e-02 9.033909877105142927e-01 2.275830678197542133e-04 0.000000000000000000e+00
8.080000000000000000e+05 2.020074400604954246e-01 2.196176604460628110e-02 7.544378698224851743e-02 9.024806554392352798e-01 1.137915339098771066e-04 0.000000000000000000e+00
8.120000000000000000e+05 2.030074768924778894e-01 2.366863905325443732e-02 7.544378698224851743e-02 9.008875739644970349e-01 0.000000000000000000e+00 0.000000000000000000e+00
8.160000000000000000e+05 2.040075137244605763e-01 2.378243058716431393e-02 7.532999544833864081e-02 9.008875739644970349e-01 0.000000000000000000e+00 0.000000000000000000e+00
8.200000000000000000e+05 2.050075505564432632e-01 2.446517979062357712e-02 7.441966317705962786e-02 9.010013654984069253e-01 1.137915339098771066e-04 0.000000000000000000e+00
8.240000000000000000e+05 2.060075873884259501e-01 2.355484751934456070e-02 7.510241238051888757e-02 9.012289485662267063e-01 1.137915339098771066e-04 0.000000000000000000e+00
8.280000000000000000e+05 2.070076242204086370e-01 2.344105598543468408e-02 7.464724624487938109e-02 9.016841147018661573e-01 2.275830678197542133e-04 0.000000000000000000e+00
8.320000000000000000e+05 2.080076610523913239e-01 2.116522530723714129e-02 7.544378698224851743e-02 9.032771961766045132e-01 1.137915339098771066e-04 0.000000000000000000e+00
8.360000000000000000e+05 2.090076978843737887e-01 2.412380518889394726e-02 7.521620391442876419e-02 9.004324078288575839e-01 2.275830678197542133e-04 0.000000000000000000e+00
8.400000000000000000e+05 2.100077347163564756e-01 2.309968138370505075e-02 7.510241238051888757e-02 9.017979062357760478e-01 0.000000000000000000e+00 0.000000000000000000e+00
8.440000000000000000e+05 2.110077715483391625e-01 2.264451524806554428e-02 7.521620391442876419e-02 9.021392808375057193e-01 0.000000000000000000e+00 0.000000000000000000e+00
8.480000000000000000e+05 2.120078083803218494e-01 2.423759672280382388e-02 7.555757851615839404e-02 9.000910332271279124e-01 1.137915339098771066e-04 0.000000000000000000e+00
8.520000000000000000e+05 2.130078452123045363e-01 2.241693218024579104e-02 7.498862084660901095e-02 9.025944469731451703e-01 0.000000000000000000e+00 0.000000000000000000e+00
8.560000000000000000e+05 2.140078820442872232e-01 2.127901684114701791e-02 7.532999544833864081e-02 9.030496131087847322e-01 3.413746017296313199e-04 0.000000000000000000e+00
8.600000000000000000e+05 2.150079188762696880e-01 2.116522530723714129e-02 7.521620391442876419e-02 9.035047792444241832e-01 1.137915339098771066e-04 0.000000000000000000e+00
8.640000000000000000e+05 2.160079557082523749e-01 2.093764223941738806e-02 7.510241238051888757e-02 9.037323623122439642e-01 2.275830678197542133e-04 0.000000000000000000e+00
8.680000000000000000e+05 2.170079925402350618e-01 2.207555757851615771e-02 7.555757851615839404e-02 9.023668639053253893e-01 0.000000000000000000e+00 0.000000000000000000e+00
8.720000000000000000e+05 2.180080293722177487e-01 2.207555757851615771e-02 7.521620391442876419e-02 9.025944469731451703e-01 1.137915339098771066e-04 0.000000000000000000e+00
8.760000000000000000e+05 2.190080662042004356e-01 2.105143377332726468e-02 7.521620391442876419e-02 9.037323623122439642e-01 0.000000000000000000e+00 0.000000000000000000e+00
8.800000000000000000e+05 2.200081030361831225e-01 2.059626763768775473e-02 7.578516158397814728e-02 9.036185707783340737e-01 0.000000000000000000e+00 0.000000000000000000e+00
8.840000000000000000e+05 2.210081398681655873e-01 2.139280837505689453e-02 7.532999544833864081e-02 9.031634046426946227e-01 1.137915339098771066e-04 0.000000000000000000e+00
8.880000000000000000e+05 2.220081767001482742e-01 2.241693218024579104e-02 7.510241238051888757e-02 9.023668639053253893e-01 1.137915339098771066e-04 0.000000000000000000e+00
8.920000000000000000e+05 2.230082135321309611e-01 2.116522530723714129e-02 7.544378698224851743e-02 9.033909877105142927e-01 0.000000000000000000e+00 0.000000000000000000e+00
8.960000000000000000e+05 2.240082503641136480e-01 2.116522530723714129e-02 7.544378698224851743e-02 9.033909877105142927e-01 0.000000000000000000e+00 0.000000000000000000e+00
9.000000000000000000e+05 2.250082871960963349e-01 1.968593536640873831e-02 7.544378698224851743e-02 9.048702776513427581e-01 0.000000000000000000e+00 0.000000000000000000e+00
9.040000000000000000e+05 2.260083240280790218e-01 2.287209831588529751e-02 7.532999544833864081e-02 9.016841147018661573e-01 1.137915339098771066e-04 0.000000000000000000e+00
9.080000000000000000e+05 2.270083608600614866e-01 2.412380518889394726e-02 7.532999544833864081e-02 9.004324078288575839e-01 1.137915339098771066e-04 0.000000000000000000e+00
