# itime ezz other fcc hcp bcc ico
0.000000000000000000e+00 0.000000000000000000e+00 4.551661356395084266e-04 9.995448338643604380e-01 0.000000000000000000e+00 0.000000000000000000e+00 0.000000000000000000e+00
8.000000000000000000e+03 1.999988380069206428e-03 4.551661356395084266e-04 9.995448338643604380e-01 0.000000000000000000e+00 0.000000000000000000e+00 0.000000000000000000e+00
1.600000000000000000e+04 3.999976760138190812e-03 2.275830678197542133e-04 9.997724169321802190e-01 0.000000000000000000e+00 0.000000000000000000e+00 0.000000000000000000e+00
2.400000000000000000e+04 5.999965140207397241e-03 5.689576695493854790e-04 9.994310423304506585e-01 0.000000000000000000e+00 0.000000000000000000e+00 0.000000000000000000e+00
3.200000000000000000e+04 7.999953520276381624e-03 3.413746017296313199e-04 9.996586253982703285e-01 0.000000000000000000e+00 0.000000000000000000e+00 0.000000000000000000e+00
4.000000000000000000e+04 9.999941900345588053e-03 1.137915339098770958e-03 9.988620846609012061e-01 0.000000000000000000e+00 0.000000000000000000e+00 0.000000000000000000e+00
4.800000000000000000e+04 1.199993028041457244e-02 4.551661356395084266e-04 9.995448338643604380e-01 0.000000000000000000e+00 0.000000000000000000e+00 0.000000000000000000e+00
5.600000000000000000e+04 1.399991866048377887e-02 9.103322712790168532e-04 9.990896677287209870e-01 0.000000000000000000e+00 0.000000000000000000e+00 0.000000000000000000e+00
6.400000000000000000e+04 1.599990704055276325e-02 2.503413746017296455e-03 9.974965862539827421e-01 0.000000000000000000e+00 0.000000000000000000e+00 0.000000000000000000e+00
7.200000000000000000e+04 1.799989542062196968e-02 3.186162949476558769e-03 9.968138370505233992e-01 0.000000000000000000e+00 0.000000000000000000e+00 0.000000000000000000e+00
8.000000000000000000e+04 1.999988380069095406e-02 1.820664542558033706e-03 9.981793354574419741e-01 0.000000000000000000e+00 0.000000000000000000e+00 0.000000000000000000e+00
8.800000000000000000e+04 2.199987218076016049e-02 1.934456076467910759e-03 9.980655439235320836e-01 0.000000000000000000e+00 0.000000000000000000e+00 0.000000000000000000e+00
9.600000000000000000e+04 2.399986056082914487e-02 4.324078288575329727e-03 9.956759217114247162e-01 0.000000000000000000e+00 0.000000000000000000e+00 0.000000000000000000e+00
1.040000000000000000e+05 2.599984894089835130e-02 2.162039144287664864e-03 9.977241693218024121e-01 0.000000000000000000e+00 1.137915339098771066e-04 0.000000000000000000e+00
1.120000000000000000e+05 2.799983732096733569e-02 4.324078288575329727e-03 9.953345471096950448e-01 0.000000000000000000e+00 3.413746017296313199e-04 0.000000000000000000e+00
1.200000000000000000e+05 2.999982570103654211e-02 4.665452890304961318e-03 9.953345471096950448e-01 0.000000000000000000e+00 0.000000000000000000e+00 0.000000000000000000e+00
1.280000000000000000e+05 3.199981408110552650e-02 2.617205279927173507e-03 9.972690031861629611e-01 0.000000000000000000e+00 1.137915339098771066e-04 0.000000000000000000e+00
1.360000000000000000e+05 3.399980246117473293e-02 6.030951297223486815e-03 9.939690487027764698e-01 0.000000000000000000e+00 0.000000000000000000e+00 0.000000000000000000e+00
1.440000000000000000e+05 3.599979084124371731e-02 5.461993627674101119e-03 9.941966317705962508e-01 0.000000000000000000e+00 3.413746017296313199e-04 0.000000000000000000e+00
1.520000000000000000e+05 3.799977922131292374e-02 6.713700500682749130e-03 9.930587164314974569e-01 0.000000000000000000e+00 2.275830678197542133e-04 0.000000000000000000e+00
1.600000000000000000e+05 3.999976760138190812e-02 7.396449704142011444e-03 9.923759672280382249e-01 0.000000000000000000e+00 2.275830678197542133e-04 0.000000000000000000e+00
1.680000000000000000e+05 4.199975598145111455e-02 9.558488848429677609e-03 9.902139280837505275e-01 0.000000000000000000e+00 2.275830678197542133e-04 0.000000000000000000e+00
1.760000000000000000e+05 4.399974436152009893e-02 9.444697314519799256e-03 9.904415111515703085e-01 0.000000000000000000e+00 1.137915339098771066e-04 0.000000000000000000e+00
1.840000000000000000e+05 4.599973274158930536e-02 1.081019572143832562e-02 9.887346381429221731e-01 0.000000000000000000e+00 4.551661356395084266e-04 0.000000000000000000e+00
1.920000000000000000e+05 4.799972112165828975e-02 1.297223486572599005e-02 9.868001820664542567e-01 0.000000000000000000e+00 2.275830678197542133e-04 0.000000000000000000e+00
2.000000000000000000e+05 4.999970950172749617e-02 1.945835229858898507e-02 9.791761492944924816e-01 0.000000000000000000e+00 1.365498406918525280e-03 0.000000000000000000e+00
2.080000000000000000e+05 5.199969788179648056e-02 1.376877560309512985e-02 9.855484751934455723e-01 0.000000000000000000e+00 6.827492034592626399e-04 0.000000000000000000e+00
2.160000000000000000e+05 5.399968626186568699e-02 2.639963586709149004e-02 9.729176149294492815e-01 0.000000000000000000e+00 6.827492034592626399e-04 0.000000000000000000e+00
2.240000000000000000e+05 5.599967464193467137e-02 1.877560309512972189e-02 9.806554392353209471e-01 0.000000000000000000e+00 5.689576695493854790e-04 0.000000000000000000e+00
2.320000000000000000e+05 5.799966302200387780e-02 2.719617660446062984e-02 9.716659080564405970e-01 0.000000000000000000e+00 1.137915339098770958e-03 0.000000000000000000e+00
2.400000000000000000e+05 5.999965140207286218e-02 2.730996813837050646e-02 9.712107419208011461e-01 0.000000000000000000e+00 1.479289940828402332e-03 0.000000000000000000e+00
2.480000000000000000e+05 6.199963978214206861e-02 3.447883477469276120e-02 9.640418752844788219e-01 0.000000000000000000e+00 1.479289940828402332e-03 0.000000000000000000e+00
2.560000000000000000e+05 6.399962816221105300e-02 3.971324533454710648e-02 9.582385070550750727e-01 0.000000000000000000e+00 2.048247610377787811e-03 0.000000000000000000e+00
2.640000000000000000e+05 6.599961654228025942e-02 3.425125170687300796e-02 9.632453345471096995e-01 0.000000000000000000e+00 2.503413746017296455e-03 0.000000000000000000e+00
2.720000000000000000e+05 6.799960492234924381e-02 4.563040509786071841e-02 9.511834319526627501e-01 0.000000000000000000e+00 3.186162949476558769e-03 0.000000000000000000e+00
2.800000000000000000e+05 6.999959330241845024e-02 4.654073736913973830e-02 9.508420573509330787e-01 0.000000000000000000e+00 2.617205279927173507e-03 0.000000000000000000e+00
2.880000000000000000e+05 7.199958168248743462e-02 5.974055530268548159e-02 9.363905325443786509e-01 0.000000000000000000e+00 3.868912152935821518e-03 0.000000000000000000e+00
2.960000000000000000e+05 7.399957006255664105e-02 8.511606736458807165e-02 9.081702321347291385e-01 0.000000000000000000e+00 6.713700500682749130e-03 0.000000000000000000e+00
3.040000000000000000e+05 7.599955844262562543e-02 7.339553937187073829e-02 9.202321347291761988e-01 0.000000000000000000e+00 6.372325898953117539e-03 0.000000000000000000e+00
3.120000000000000000e+05 7.799954682269483186e-02 9.581247155211652933e-02 8.899635867091488795e-01 1.137915339098771066e-04 1.411015020482476144e-02 0.000000000000000000e+00
3.200000000000000000e+05 7.999953520276381624e-02 1.117432862994993115e-01 8.703914428766499345e-01 0.000000000000000000e+00 1.786527082385070547e-02 0.000000000000000000e+00
3.280000000000000000e+05 8.199952358283302267e-02 9.251251706873007963e-02 7.570550751024124336e-01 1.380291306326809353e-01 1.240327719617660522e-02 0.000000000000000000e+00
3.360000000000000000e+05 8.399951196290200706e-02 1.042330450614474269e-01 7.415794264906691025e-01 1.358670914883932657e-01 1.832043695949021542e-02 0.000000000000000000e+00
3.440000000000000000e+05 8.599950034297121348e-02 6.873008648156576916e-02 6.784251251706873154e-01 2.434000910332271284e-01 9.444697314519799256e-03 0.000000000000000000e+00
3.520000000000000000e+05 8.799948872304019787e-02 6.713700500682749650e-02 6.775147928994083024e-01 2.432862994993172379e-01 1.206190259444697363e-02 0.000000000000000000e+00
3.600000000000000000e+05 8.999947710310940430e-02 7.385070550751024476e-02 6.738734638142922506e-01 2.396449704142011861e-01 1.263086026399635846e-02 0.000000000000000000e+00
3.680000000000000000e+05 9.199946548317838868e-02 7.669549385525717411e-02 6.712562585343649912e-01 2.381656804733727761e-01 1.388256713700500647e-02 0.000000000000000000e+00
3.760000000000000000e+05 9.399945386324759511e-02 8.045061447428311641e-02 6.705735093309057593e-01 2.385070550751024199e-01 1.046882111970869403e-02 0.000000000000000000e+00
3.840000000000000000e+05 9.599944224331657949e-02 8.966772872098316416e-02 6.565771506599908935e-01 2.397587619481110488e-01 1.399635867091488309e-02 0.000000000000000000e+00
3.920000000000000000e+05 9.799943062338578592e-02 9.660901228948566566e-02 6.473600364132908735e-01 2.408966772872098427e-01 1.513427401001365448e-02 0.000000000000000000e+00
4.000000000000000000e+05 9.999941900345477030e-02 1.112881201638598050e-01 6.406463359126081114e-01 2.315657715065999045e-01 1.649977241693217911e-02 0.000000000000000000e+00
4.080000000000000000e+05 1.019994073835239767e-01 1.208466090122894826e-01 6.286982248520710526e-01 2.270141101502048120e-01 2.344105598543468408e-02 0.000000000000000000e+00
4.160000000000000000e+05 1.039993957635929611e-01 1.317705962676376796e-01 6.133363677742376119e-01 2.250796540737369233e-01 2.981338188438780248e-02 0.000000000000000000e+00
4.240000000000000000e+05 1.059993841436621675e-01 1.714838416021848000e-01 5.530268548020027541e-01 2.092626308602640040e-01 6.622667273554846967e-02 0.000000000000000000e+00
4.320000000000000000e+05 1.079993725237311519e-01 1.316568047337278169e-01 5.339098771051433712e-01 3.068957669549385314e-01 2.753755120619025970e-02 0.000000000000000000e+00
4.400000000000000000e+05 1.099993609038003584e-01 1.472462448793809831e-01 5.307237141556667703e-01 2.931269913518434467e-01 2.890304961310878606e-02 0.000000000000000000e+00
4.480000000000000000e+05 1.119993492838693427e-01 1.491807009558488717e-01 5.271961766044606090e-01 2.931269913518434467e-01 3.049613108784706567e-02 0.000000000000000000e+00
4.560000000000000000e+05 1.139993376639385492e-01 1.561219845243513871e-01 5.195721438324988339e-01 2.900546199362767363e-01 3.425125170687300796e-02 0.000000000000000000e+00
4.640000000000000000e+05 1.159993260440075336e-01 1.834319526627218866e-01 4.860036413290851343e-01 2.753755120619025831e-01 5.518889394629039602e-02 0.000000000000000000e+00
4.720000000000000000e+05 1.179993144240767400e-01 1.941283568502503443e-01 4.822485207100591920e-01 2.728720983158853253e-01 5.075102412380518707e-02 0.000000000000000000e+00
4.800000000000000000e+05 1.199993028041457244e-01 2.007282658170232159e-01 4.624487938097405770e-01 2.695721438324988894e-01 6.725079654073737312e-02 0.000000000000000000e+00
4.880000000000000000e+05 1.219992911842149308e-01 1.961766044606281234e-01 4.671142467000455323e-01 2.748065543923531862e-01 6.190259444697314428e-02 0.000000000000000000e+00
4.960000000000000000e+05 1.239992795642839152e-01 1.804733727810650945e-01 4.774692762858443462e-01 2.803823395539372099e-01 6.167501137915339104e-02 0.000000000000000000e+00
5.040000000000000000e+05 1.259992679443531216e-01 2.011834319526627224e-01 4.267182521620391245e-01 3.244196631770596140e-01 4.767865270823850449e-02 0.000000000000000000e+00
5.120000000000000000e+05 1.279992563244221060e-01 1.899180700955848955e-01 4.334319526627218866e-01 3.225989986345015881e-01 5.405097860719162289e-02 0.000000000000000000e+00
5.200000000000000000e+05 1.299992447044913124e-01 2.137005006827492060e-01 4.101046882111971104e-01 3.191852526172052618e-01 5.700955848884842886e-02 0.000000000000000000e+00
5.280000000000000000e+05 1.319992330845602968e-01 2.188211197086936677e-01 3.587847064178424916e-01 3.517296313154301135e-01 7.066454255803368556e-02 0.000000000000000000e+00
5.360000000000000000e+05 1.339992214646295032e-01 2.213245334547109811e-01 3.494538006372325811e-01 3.550295857988165493e-01 7.419208010923987462e-02 0.000000000000000000e+00
5.440000000000000000e+05 1.359992098446984876e-01 2.415794264906691025e-01 3.365953573054164538e-01 3.486572598998634587e-01 7.316795630405098505e-02 0.000000000000000000e+00
5.520000000000000000e+05 1.379991982247676940e-01 2.365725989986345035e-01 3.330678197542102925e-01 3.491124260355029651e-01 8.124715521165225274e-02 0.000000000000000000e+00
5.600000000000000000e+05 1.399991866048366784e-01 2.515930814747383004e-01 2.932407828857532817e-01 3.662949476558943762e-01 8.887118798361401395e-02 0.000000000000000000e+00
5.680000000000000000e+05 1.419991749849058849e-01 2.391898042785616796e-01 2.973372781065088954e-01 3.934911242603550408e-01 6.998179335457442585e-02 0.000000000000000000e+00
5.760000000000000000e+05 1.439991633649748692e-01 2.370277651342740100e-01 2.980200273099681274e-01 3.857532999544833752e-01 7.919890760127445972e-02 0.000000000000000000e+00
5.840000000000000000e+05 1.459991517450440757e-01 2.424897587619481154e-01 3.030268548020027541e-01 3.870050068274920596e-01 6.747837960855712636e-02 0.000000000000000000e+00
5.920000000000000000e+05 1.479991401251130601e-01 2.487482931269913433e-01 2.948338643604915821e-01 3.891670459717797015e-01 6.725079654073737312e-02 0.000000000000000000e+00
6.000000000000000000e+05 1.499991285051822665e-01 2.513654984069185194e-01 2.593309057806099105e-01 4.255803368229403860e-01 6.372325898953118406e-02 0.000000000000000000e+00
6.080000000000000000e+05 1.519991168852512509e-01 2.561447428311333652e-01 2.578516158397815006e-01 4.186390532544378429e-01 6.736458807464724974e-02 0.000000000000000000e+00
6.160000000000000000e+05 1.539991052653204573e-01 2.620619025944469493e-01 2.480655439235320836e-01 4.159080564406008040e-01 7.396449704142012138e-02 0.000000000000000000e+00
6.240000000000000000e+05 1.559990936453894417e-01 2.610377787892581014e-01 2.263313609467455523e-01 4.370732817478379384e-01 7.555757851615839404e-02 0.000000000000000000e+00
6.320000000000000000e+05 1.579990820254586481e-01 2.704824761037779024e-01 1.965179790623577671e-01 4.607419208010923861e-01 7.225762403277195822e-02 0.000000000000000000e+00
6.400000000000000000e+05 1.599990704055276325e-01 2.716203914428766408e-01 1.779699590350477811e-01 4.556213017751479244e-01 9.478834774692762588e-02 0.000000000000000000e+00
6.480000000000000000e+05 1.619990587855968389e-01 2.807237141556668258e-01 1.392808375056895642e-01 4.839553937187073274e-01 9.604005461993628257e-02 0.000000000000000000e+00
6.560000000000000000e+05 1.639990471656658233e-01 2.807237141556668258e-01 9.592626308602640595e-02 5.113791533909877174e-01 1.119708693673190647e-01 0.000000000000000000e+00
6.640000000000000000e+05 1.659990355457350297e-01 2.768548020027309930e-01 8.557123350022757813e-02 5.191169776968593830e-01 1.184569868001820597e-01 0.000000000000000000e+00
6.720000000000000000e+05 1.679990239258040141e-01 1.952662721893491105e-01 5.917159763313609155e-02 6.304050978607191880e-01 1.151570323167956239e-01 0.000000000000000000e+00
6.800000000000000000e+05 1.699990123058732205e-01 1.623805188893946427e-01 6.224396904870277414e-02 6.618115612198451903e-01 1.135639508420573512e-01 0.000000000000000000e+00
6.880000000000000000e+05 1.719990006859422049e-01 1.001365498406918547e-01 6.463359126081019701e-02 7.815202548930360038e-01 5.370960400546199304e-02 0.000000000000000000e+00
6.960000000000000000e+05 1.739989890660114114e-01 4.187528447883477611e-02 7.111970869367319203e-02 8.807464724624487484e-01 6.258534365043240920e-03 0.000000000000000000e+00
7.040000000000000000e+05 1.759989774460803957e-01 3.629949931725079404e-02 7.464724624487938109e-02 8.841602184797451303e-01 4.893035958124715423e-03 0.000000000000000000e+00
7.120000000000000000e+05 1.779989658261496022e-01 4.130632680928538608e-02 7.248520710059171146e-02 8.807464724624487484e-01 5.461993627674101119e-03 0.000000000000000000e+00
7.200000000000000000e+05 1.799989542062185865e-01 3.789258079198907364e-02 7.339553937187073829e-02 8.872325898953118406e-01 1.479289940828402332e-03 0.000000000000000000e+00
7.280000000000000000e+05 1.819989425862877930e-01 3.220300409649522189e-02 7.441966317705962786e-02 8.911015020482475624e-01 2.275830678197541916e-03 0.000000000000000000e+00
7.360000000000000000e+05 1.839989309663567774e-01 3.060992262175694228e-02 7.316795630405098505e-02 8.938324988620847122e-01 2.389622212107419402e-03 0.000000000000000000e+00
7.440000000000000000e+05 1.859989193464259838e-01 3.129267182521620200e-02 7.271279016841146470e-02 8.944014565316340537e-01 1.593081474738279385e-03 0.000000000000000000e+00
7.520000000000000000e+05 1.879989077264951902e-01 3.322712790168411146e-02 7.362312243969049153e-02 8.915566681838871244e-01 1.593081474738279385e-03 0.000000000000000000e+00
7.600000000000000000e+05 1.899988961065641746e-01 2.935821574874829254e-02 7.396449704142012138e-02 8.959945380063722986e-01 6.827492034592626399e-04 0.000000000000000000e+00
7.680000000000000000e+05 1.919988844866333810e-01 2.492034592626308706e-02 7.510241238051888757e-02 8.998634501593081314e-01 1.137915339098771066e-04 0.000000000000000000e+00
7.760000000000000000e+05 1.939988728667023654e-01 2.685480200273099652e-02 7.407828857532999800e-02 8.986117432862994470e-01 4.551661356395084266e-04 0.000000000000000000e+00
7.840000000000000000e+05 1.959988612467715718e-01 2.514792899408284030e-02 7.487482931269913433e-02 8.998634501593081314e-01 1.137915339098771066e-04 0.000000000000000000e+00
7.920000000000000000e+05 1.979988496268405562e-01 2.332726445152480746e-02 7.510241238051888757e-02 9.014565316340463763e-01 1.137915339098771066e-04 0.000000000000000000e+00
8.000000000000000000e+05 1.999988380069097627e-01 2.389622212107419055e-02 7.510241238051888757e-02 9.008875739644970349e-01 1.137915339098771066e-04 0.000000000000000000e+00
8.080000000000000000e+05 2.019988263869787470e-01 2.196176604460628110e-02 7.544378698224851743e-02 9.024806554392352798e-01 1.137915339098771066e-04 0.000000000000000000e+00
8.160000000000000000e+05 2.039988147670479535e-01 2.378243058716431393e-02 7.532999544833864081e-02 9.008875739644970349e-01 0.000000000000000000e+00 0.000000000000000000e+00
8.240000000000000000e+05 2.059988031471169379e-01 2.355484751934456070e-02 7.510241238051888757e-02 9.012289485662267063e-01 1.137915339098771066e-04 0.000000000000000000e+00
8.320000000000000000e+05 2.079987915271861443e-01 2.116522530723714129e-02 7.544378698224851743e-02 9.032771961766045132e-01 1.137915339098771066e-04 0.000000000000000000e+00
8.400000000000000000e+05 2.099987799072551287e-01 2.309968138370505075e-02 7.510241238051888757e-02 9.017979062357760478e-01 0.000000000000000000e+00 0.000000000000000000e+00
8.480000000000000000e+05 2.119987682873243351e-01 2.423759672280382388e-02 7.555757851615839404e-02 9.000910332271279124e-01 1.137915339098771066e-04 0.000000000000000000e+00
8.560000000000000000e+05 2.139987566673933195e-01 2.127901684114701791e-02 7.532999544833864081e-02 9.030496131087847322e-01 3.413746017296313199e-04 0.000000000000000000e+00
8.640000000000000000e+05 2.159987450474625259e-01 2.093764223941738806e-02 7.510241238051888757e-02 9.037323623122439642e-01 2.275830678197542133e-04 0.000000000000000000e+00
8.720000000000000000e+05 2.179987334275315103e-01 2.207555757851615771e-02 7.521620391442876419e-02 9.025944469731451703e-01 1.137915339098771066e-04 0.000000000000000000e+00
8.800000000000000000e+05 2.199987218076007167e-01 2.059626763768775473e-02 7.578516158397814728e-02 9.036185707783340737e-01 0.000000000000000000e+00 0.000000000000000000e+00
8.880000000000000000e+05 2.219987101876697011e-01 2.241693218024579104e-02 7.510241238051888757e-02 9.023668639053253893e-01 1.137915339098771066e-04 0.000000000000000000e+00
8.960000000000000000e+05 2.239986985677389075e-01 2.116522530723714129e-02 7.544378698224851743e-02 9.033909877105142927e-01 0.000000000000000000e+00 0.000000000000000000e+00
9.040000000000000000e+05 2.259986869478078919e-01 2.287209831588529751e-02 7.532999544833864081e-02 9.016841147018661573e-01 1.137915339098771066e-04 0.000000000000000000e+00
9.120000000000000000e+05 2.279986753278770983e-01 2.275830678197542090e-02 7.544378698224851743e-02 9.016841147018661573e-01 1.137915339098771066e-04 0.000000000000000000e+00
9.200000000000000000e+05 2.299986637079460827e-01 2.139280837505689453e-02 7.555757851615839404e-02 9.030496131087847322e-01 0.000000000000000000e+00 0.000000000000000000e+00
9.280000000000000000e+05 2.319986520880152892e-01 2.139280837505689453e-02 7.555757851615839404e-02 9.029358215748748417e-01 1.137915339098771066e-04 0.000000000000000000e+00
9.360000000000000000e+05 2.339986404680842735e-01 2.127901684114701791e-02 7.544378698224851743e-02 9.032771961766045132e-01 0.000000000000000000e+00 0.000000000000000000e+00
9.440000000000000000e+05 2.359986288481534800e-01 2.196176604460628110e-02 7.578516158397814728e-02 9.022530723714156098e-01 0.000000000000000000e+00 0.000000000000000000e+00
9.520000000000000000e+05 2.379986172282224643e-01 2.105143377332726468e-02 7.567137005006827066e-02 9.032771961766045132e-01 0.000000000000000000e+00 0.000000000000000000e+00
9.600000000000000000e+05 2.399986056082916708e-01 2.184797451069640448e-02 7.544378698224851743e-02 9.025944469731451703e-01 1.137915339098771066e-04 0.000000000000000000e+00
9.680000000000000000e+05 2.419985939883606552e-01 2.116522530723714129e-02 7.578516158397814728e-02 9.030496131087847322e-01 0.000000000000000000e+00 0.000000000000000000e+00
9.760000000000000000e+05 2.439985823684298616e-01 2.298588984979517413e-02 7.544378698224851743e-02 9.014565316340463763e-01 1.137915339098771066e-04 0.000000000000000000e+00
9.840000000000000000e+05 2.459985707484988460e-01 2.230314064633591095e-02 7.544378698224851743e-02 9.021392808375057193e-01 1.137915339098771066e-04 0.000000000000000000e+00
9.920000000000000000e+05 2.479985591285680524e-01 2.150659990896677115e-02 7.578516158397814728e-02 9.025944469731451703e-01 1.137915339098771066e-04 0.000000000000000000e+00
1.000000000000000000e+06 2.499985475086370368e-01 2.287209831588529751e-02 7.544378698224851743e-02 9.015703231679562668e-01 1.137915339098771066e-04 0.000000000000000000e+00
1.008000000000000000e+06 2.519985358887062432e-01 2.389622212107419055e-02 7.567137005006827066e-02 9.003186162949476934e-01 1.137915339098771066e-04 0.000000000000000000e+00
1.016000000000000000e+06 2.539985242687752276e-01 2.412380518889394726e-02 7.532999544833864081e-02 9.005461993627673634e-01 0.000000000000000000e+00 0.000000000000000000e+00
1.024000000000000000e+06 2.559985126488444340e-01 2.287209831588529751e-02 7.544378698224851743e-02 9.016841147018661573e-01 0.000000000000000000e+00 0.000000000000000000e+00
1.032000000000000000e+06 2.579985010289134184e-01 2.309968138370505075e-02 7.555757851615839404e-02 9.013427401001365968e-01 0.000000000000000000e+00 0.000000000000000000e+00
1.040000000000000000e+06 2.599984894089826248e-01 2.275830678197542090e-02 7.544378698224851743e-02 9.016841147018661573e-01 1.137915339098771066e-04 0.000000000000000000e+00
1.048000000000000000e+06 2.619984777890516092e-01 2.389622212107419055e-02 7.555757851615839404e-02 9.005461993627673634e-01 0.000000000000000000e+00 0.000000000000000000e+00
1.056000000000000000e+06 2.639984661691208156e-01 2.412380518889394726e-02 7.521620391442876419e-02 9.006599908966772539e-01 0.000000000000000000e+00 0.000000000000000000e+00
1.064000000000000000e+06 2.659984545491898000e-01 2.423759672280382388e-02 7.498862084660901095e-02 9.007737824305871444e-01 0.000000000000000000e+00 0.000000000000000000e+00
1.072000000000000000e+06 2.679984429292590065e-01 2.537551206190259354e-02 7.544378698224851743e-02 8.991807009558488994e-01 0.000000000000000000e+00 0.000000000000000000e+00
1.080000000000000000e+06 2.699984313093279908e-01 2.264451524806554428e-02 7.521620391442876419e-02 9.021392808375057193e-01 0.000000000000000000e+00 0.000000000000000000e+00
1.088000000000000000e+06 2.719984196893971973e-01 2.548930359581247015e-02 7.532999544833864081e-02 8.990669094219390090e-01 1.137915339098771066e-04 0.000000000000000000e+00
1.096000000000000000e+06 2.739984080694661817e-01 2.412380518889394726e-02 7.521620391442876419e-02 9.005461993627673634e-01 1.137915339098771066e-04 0.000000000000000000e+00
1.104000000000000000e+06 2.759983964495353881e-01 2.617205279927173334e-02 7.464724624487938109e-02 8.989531178880291185e-01 2.275830678197542133e-04 0.000000000000000000e+00
1.112000000000000000e+06 2.779983848296043725e-01 2.389622212107419055e-02 7.510241238051888757e-02 9.006599908966772539e-01 3.413746017296313199e-04 0.000000000000000000e+00
1.120000000000000000e+06 2.799983732096735789e-01 2.708238507055074976e-02 7.498862084660901095e-02 8.979289940828402150e-01 0.000000000000000000e+00 0.000000000000000000e+00
1.128000000000000000e+06 2.819983615897425633e-01 2.776513427401001294e-02 7.544378698224851743e-02 8.959945380063722986e-01 7.965407373691396923e-04 0.000000000000000000e+00
1.136000000000000000e+06 2.839983499698117697e-01 2.583067819754210348e-02 7.544378698224851743e-02 8.984979517523896675e-01 2.275830678197542133e-04 0.000000000000000000e+00
1.144000000000000000e+06 2.859983383498807541e-01 2.901684114701866268e-02 7.510241238051888757e-02 8.957669549385525176e-01 1.137915339098771066e-04 0.000000000000000000e+00
1.152000000000000000e+06 2.879983267299499605e-01 3.129267182521620200e-02 7.532999544833864081e-02 8.928083750568958088e-01 5.689576695493854790e-04 0.000000000000000000e+00
1.160000000000000000e+06 2.899983151100189449e-01 2.867546654528902936e-02 7.510241238051888757e-02 8.958807464724624081e-01 3.413746017296313199e-04 0.000000000000000000e+00
1.168000000000000000e+06 2.919983034900881513e-01 2.878925807919890598e-02 7.544378698224851743e-02 8.953117888029130667e-01 4.551661356395084266e-04 0.000000000000000000e+00
1.176000000000000000e+06 2.939982918701571357e-01 3.152025489303595523e-02 7.487482931269913433e-02 8.932635411925352598e-01 3.413746017296313199e-04 0.000000000000000000e+00
1.184000000000000000e+06 2.959982802502263421e-01 3.243058716431497512e-02 7.532999544833864081e-02 8.915566681838871244e-01 6.827492034592626399e-04 0.000000000000000000e+00
1.192000000000000000e+06 2.979982686302953265e-01 3.311333636777423484e-02 7.510241238051888757e-02 8.916704597177970149e-01 1.137915339098771066e-04 0.000000000000000000e+00
1.200000000000000000e+06 2.999982570103645330e-01 3.208921256258534527e-02 7.464724624487938109e-02 8.925807919890760278e-01 6.827492034592626399e-04 0.000000000000000000e+00
1.208000000000000000e+06 3.019982453904335173e-01 3.447883477469276120e-02 7.476103777878925771e-02 8.901911697769685494e-01 5.689576695493854790e-04 0.000000000000000000e+00
1.216000000000000000e+06 3.039982337705027238e-01 3.561675011379153433e-02 7.498862084660901095e-02 8.889394629039599760e-01 4.551661356395084266e-04 0.000000000000000000e+00
1.224000000000000000e+06 3.059982221505717082e-01 3.538916704597178109e-02 7.464724624487938109e-02 8.885980883022303045e-01 1.365498406918525280e-03 0.000000000000000000e+00
1.232000000000000000e+06 3.079982105306409146e-01 3.652708238507055422e-02 7.430587164314975124e-02 8.887118798361401950e-01 4.551661356395084266e-04 0.000000000000000000e+00
1.240000000000000000e+06 3.099981989107098990e-01 4.324078288575330248e-02 7.430587164314975124e-02 8.814292216659080914e-01 1.024123805188893906e-03 0.000000000000000000e+00
1.248000000000000000e+06 3.119981872907791054e-01 4.187528447883477611e-02 7.385070550751024476e-02 8.837050523441055683e-01 5.689576695493854790e-04 0.000000000000000000e+00
1.256000000000000000e+06 3.139981756708480898e-01 4.767865270823850449e-02 7.339553937187073829e-02 8.781292671825216001e-01 7.965407373691396923e-04 0.000000000000000000e+00
1.264000000000000000e+06 3.159981640509172962e-01 4.813381884387801790e-02 7.328174783796086167e-02 8.772189349112425871e-01 1.365498406918525280e-03 0.000000000000000000e+00
1.272000000000000000e+06 3.179981524309862806e-01 5.905780609922621494e-02 7.282658170232134132e-02 8.673190714610833352e-01 7.965407373691396923e-04 0.000000000000000000e+00
1.280000000000000000e+06 3.199981408110554870e-01 5.370960400546199304e-02 7.123350022758306865e-02 8.724396904870277414e-01 2.617205279927173507e-03 0.000000000000000000e+00
1.288000000000000000e+06 3.219981291911244714e-01 6.087847064178425471e-02 7.203004096495220498e-02 8.656121984524350887e-01 1.479289940828402332e-03 0.000000000000000000e+00
1.296000000000000000e+06 3.239981175711936778e-01 6.315430131998178709e-02 7.191624943104232837e-02 8.632225762403277214e-01 1.706873008648156654e-03 0.000000000000000000e+00
1.304000000000000000e+06 3.259981059512626622e-01 7.259899863450158808e-02 7.203004096495220498e-02 8.513882567137005530e-01 3.982703686845699004e-03 0.000000000000000000e+00
1.312000000000000000e+06 3.279980943313318686e-01 8.215748748293126569e-02 6.998179335457442585e-02 8.431952662721893255e-01 4.665452890304961318e-03 0.000000000000000000e+00
1.320000000000000000e+06 3.299980827114008530e-01 9.023668639053254725e-02 6.816112881201638607e-02 8.371643149749659063e-01 4.437869822485207214e-03 0.000000000000000000e+00
1.328000000000000000e+06 3.319980710914700595e-01 9.865725989986344480e-02 6.781975421028675621e-02 8.268092853891670924e-01 6.713700500682749130e-03 0.000000000000000000e+00
1.336000000000000000e+06 3.339980594715390438e-01 1.094674556213017791e-01 6.747837960855712636e-02 8.166818388711879484e-01 6.372325898953117539e-03 0.000000000000000000e+00
1.344000000000000000e+06 3.359980478516082503e-01 1.535047792444242110e-01 6.326809285389166371e-02 7.621756941283568398e-01 2.105143377332726468e-02 0.000000000000000000e+00
1.352000000000000000e+06 3.379980362316772347e-01 1.125398270368684617e-01 6.929904415111515226e-02 8.129267182521620061e-01 5.234410559854347014e-03 0.000000000000000000e+00
1.360000000000000000e+06 3.399980246117464411e-01 1.088984979517523960e-01 7.009558488848430247e-02 8.158852981338188259e-01 5.120619025944469528e-03 0.000000000000000000e+00
1.368000000000000000e+06 3.419980129918154255e-01 1.093536640873919025e-01 7.043695949021393232e-02 8.153163404642694845e-01 4.893035958124715423e-03 0.000000000000000000e+00
1.376000000000000000e+06 3.439980013718846319e-01 1.082157487482931224e-01 6.895766954938552240e-02 8.174783796085570708e-01 5.348202093764223633e-03 0.000000000000000000e+00
1.384000000000000000e+06 3.459979897519536163e-01 1.055985434683659602e-01 7.009558488848430247e-02 8.195266272189348777e-01 4.779244424214838804e-03 0.000000000000000000e+00
1.392000000000000000e+06 3.479979781320228227e-01 1.124260355029585851e-01 6.952662721893490549e-02 8.125853436504324456e-01 5.461993627674101119e-03 0.000000000000000000e+00
1.400000000000000000e+06 3.499979665120918071e-01 1.100364132908511622e-01 6.952662721893490549e-02 8.167956304050978389e-01 3.641329085116067413e-03 0.000000000000000000e+00
1.408000000000000000e+06 3.519979548921610135e-01 1.109467455621301751e-01 6.918525261720527564e-02 8.132680928538916776e-01 6.599908966772872511e-03 0.000000000000000000e+00
1.416000000000000000e+06 3.539979432722299979e-01 1.087847064178425194e-01 6.952662721893490549e-02 8.179335457441966328e-01 3.755120619025944465e-03 0.000000000000000000e+00
1.424000000000000000e+06 3.559979316522992043e-01 1.112881201638598050e-01 6.998179335457442585e-02 8.144060081929904715e-01 4.324078288575329727e-03 0.000000000000000000e+00
1.432000000000000000e+06 3.579979200323681887e-01 1.132225762403277214e-01 7.020937642239417908e-02 8.129267182521620061e-01 3.527537551206190360e-03 1.137915339098771066e-04
1.440000000000000000e+06 3.599979084124373951e-01 1.098088302230314089e-01 6.998179335457442585e-02 8.161128812016386069e-01 4.096495220755575623e-03 0.000000000000000000e+00
1.448000000000000000e+06 3.619978967925063795e-01 1.164087391898042806e-01 7.009558488848430247e-02 8.098543468365954068e-01 3.527537551206190360e-03 1.137915339098771066e-04
1.456000000000000000e+06 3.639978851725755860e-01 1.154984069185252676e-01 7.009558488848430247e-02 8.103095129722348577e-01 4.096495220755575623e-03 0.000000000000000000e+00
1.464000000000000000e+06 3.659978735526445703e-01 1.137915339098771045e-01 7.055075102412380894e-02 8.104233045061447482e-01 5.234410559854347014e-03 0.000000000000000000e+00
1.472000000000000000e+06 3.679978619327139988e-01 1.151570323167956239e-01 7.009558488848430247e-02 8.090578060992261733e-01 5.689576695493855224e-03 0.000000000000000000e+00
1.480000000000000000e+06 3.699978503127829832e-01 1.153846153846153910e-01 7.032316795630405570e-02 8.082612653618570508e-01 6.030951297223486815e-03 0.000000000000000000e+00
1.488000000000000000e+06 3.719978386928517455e-01 1.125398270368684617e-01 7.203004096495220498e-02 8.099681383705051863e-01 5.461993627674101119e-03 0.000000000000000000e+00
1.496000000000000000e+06 3.739978270729211740e-01 1.125398270368684617e-01 7.214383249886208160e-02 8.097405553026855163e-01 5.575785161583977738e-03 0.000000000000000000e+00
1.504000000000000000e+06 3.759978154529903804e-01 1.145880746472462408e-01 7.282658170232134132e-02 8.071233500227582569e-01 5.348202093764223633e-03 1.137915339098771066e-04
1.512000000000000000e+06 3.779978038330593648e-01 1.153846153846153910e-01 7.214383249886208160e-02 8.066681838871188059e-01 5.803368229403732710e-03 0.000000000000000000e+00
1.520000000000000000e+06 3.799977922131281272e-01 1.151570323167956239e-01 7.100591715976331542e-02 8.073509330905780379e-01 6.486117432862995025e-03 0.000000000000000000e+00
1.528000000000000000e+06 3.819977805931975556e-01 1.165225307237141572e-01 7.168866636322257513e-02 8.056440600819299025e-01 6.144742831133363434e-03 0.000000000000000000e+00
1.536000000000000000e+06 3.839977689732667621e-01 1.140191169776968577e-01 7.180245789713245175e-02 8.081474738279471604e-01 6.030951297223486815e-03 0.000000000000000000e+00
1.544000000000000000e+06 3.859977573533357464e-01 1.192535275375512099e-01 7.032316795630405570e-02 8.041647701411015481e-01 6.258534365043240920e-03 0.000000000000000000e+00
1.552000000000000000e+06 3.879977457334045088e-01 1.211879836140191125e-01 7.134729176149294527e-02 8.005234410559853853e-01 6.941283568502503235e-03 0.000000000000000000e+00
1.560000000000000000e+06 3.899977341134739373e-01 1.250568957669549452e-01 7.168866636322257513e-02 7.961993627674101015e-01 7.055075102412380721e-03 0.000000000000000000e+00
1.568000000000000000e+06 3.919977224935431437e-01 1.263086026399635742e-01 6.998179335457442585e-02 7.971096950386891145e-01 6.599908966772872511e-03 0.000000000000000000e+00
1.576000000000000000e+06 3.939977108736121281e-01 1.281292671825216278e-01 7.020937642239417908e-02 7.948338643604915266e-01 6.827492034592626616e-03 0.000000000000000000e+00
1.584000000000000000e+06 3.959976992536808904e-01 1.318843878015475701e-01 6.918525261720527564e-02 7.922166590805643782e-01 6.599908966772872511e-03 1.137915339098771066e-04
1.592000000000000000e+06 3.979976876337503189e-01 1.292671825216203940e-01 6.929904415111515226e-02 7.952890304961310886e-01 6.144742831133363434e-03 0.000000000000000000e+00
1.600000000000000000e+06 3.999976760138195253e-01 1.354119253527537592e-01 6.793354574419663283e-02 7.902822030040964618e-01 6.258534365043240920e-03 1.137915339098771066e-04
1.608000000000000000e+06 4.019976643938885097e-01 1.430359581247155343e-01 6.770596267637687959e-02 7.824305871643150168e-01 6.713700500682749130e-03 1.137915339098771066e-04
1.616000000000000000e+06 4.039976527739572720e-01 1.471324533454710926e-01 6.759217114246700298e-02 7.779927173418297315e-01 7.282658170232134826e-03 0.000000000000000000e+00
1.624000000000000000e+06 4.059976411540267005e-01 1.554392353208921274e-01 6.702321347291761988e-02 7.701411015020482864e-01 7.396449704142011444e-03 0.000000000000000000e+00
1.632000000000000000e+06 4.079976295340959069e-01 1.603322712790168358e-01 6.577150659990896320e-02 7.625170687300865113e-01 1.137915339098771045e-02 0.000000000000000000e+00
1.640000000000000000e+06 4.099976179141648913e-01 1.852526172052799402e-01 6.269913518434228061e-02 7.371415566681839282e-01 1.490669094219390124e-02 0.000000000000000000e+00
1.648000000000000000e+06 4.119976062942336537e-01 1.659080564406008318e-01 6.645425580336822291e-02 7.546654528903049552e-01 1.297223486572599005e-02 0.000000000000000000e+00
1.656000000000000000e+06 4.139975946743030821e-01 1.640873918980427781e-01 6.634046426945834629e-02 7.609239872553481554e-01 8.648156577150659455e-03 0.000000000000000000e+00
1.664000000000000000e+06 4.159975830543722886e-01 1.616977696859353553e-01 6.554392353208920996e-02 7.628584433318160718e-01 9.899863450159307465e-03 0.000000000000000000e+00
1.672000000000000000e+06 4.179975714344412729e-01 1.654528903049612976e-01 6.713700500682749650e-02 7.609239872553481554e-01 6.486117432862995025e-03 0.000000000000000000e+00
1.680000000000000000e+06 4.199975598145100353e-01 1.634046426945835184e-01 6.679563040509786664e-02 7.630860263996358528e-01 6.713700500682749130e-03 0.000000000000000000e+00
1.688000000000000000e+06 4.219975481945794638e-01 1.603322712790168358e-01 6.611288120163859305e-02 7.658170232134728916e-01 7.737824305871643035e-03 0.000000000000000000e+00
1.696000000000000000e+06 4.239975365746486702e-01 1.651115157032316816e-01 6.508875739644970349e-02 7.604688211197087044e-01 9.330905780609922637e-03 0.000000000000000000e+00
1.704000000000000000e+06 4.259975249547176546e-01 1.580564406008193035e-01 6.565771506599908658e-02 7.691169776968593830e-01 7.168866636322257339e-03 0.000000000000000000e+00
1.712000000000000000e+06 4.279975133347864169e-01 1.619253527537551085e-01 6.565771506599908658e-02 7.655894401456531106e-01 6.827492034592626616e-03 0.000000000000000000e+00
1.720000000000000000e+06 4.299975017148558454e-01 1.573736913973600438e-01 6.611288120163859305e-02 7.669549385525716856e-01 9.558488848429677609e-03 0.000000000000000000e+00
1.728000000000000000e+06 4.319974900949250518e-01 1.629494765589440120e-01 6.634046426945834629e-02 7.638825671370049752e-01 6.827492034592626616e-03 0.000000000000000000e+00
1.736000000000000000e+06 4.339974784749940362e-01 1.644287664997724219e-01 6.827492034592626269e-02 7.581929904415111166e-01 9.103322712790167665e-03 0.000000000000000000e+00
1.744000000000000000e+06 4.359974668550630206e-01 1.636322257624032717e-01 6.884387801547564578e-02 7.598998634501593630e-01 7.624032771961766417e-03 0.000000000000000000e+00
1.752000000000000000e+06 4.379974552351322270e-01 1.627218934911242587e-01 6.873008648156576916e-02 7.636549840691853053e-01 4.893035958124715423e-03 0.000000000000000000e+00
1.760000000000000000e+06 4.399974436152014334e-01 1.709148839326354030e-01 6.793354574419663283e-02 7.529585798816568198e-01 8.192990441511151245e-03 0.000000000000000000e+00
1.768000000000000000e+06 4.419974319952704178e-01 1.644287664997724219e-01 7.020937642239417908e-02 7.527309968138370389e-01 1.263086026399635846e-02 0.000000000000000000e+00
1.776000000000000000e+06 4.439974203753394022e-01 1.695493855257168836e-01 6.713700500682749650e-02 7.523896222121073674e-01 1.092398725534820224e-02 0.000000000000000000e+00
1.784000000000000000e+06 4.459974087554086086e-01 1.738734638142922229e-01 6.827492034592626269e-02 7.501137915339098905e-01 7.737824305871643035e-03 0.000000000000000000e+00
1.792000000000000000e+06 4.479973971354778151e-01 1.747837960855712358e-01 6.804733727810650945e-02 7.446517979062358128e-01 1.251706873008648184e-02 0.000000000000000000e+00
1.800000000000000000e+06 4.499973855155467994e-01 1.751251706873008518e-01 6.952662721893490549e-02 7.440828402366863603e-01 1.126536185707783383e-02 0.000000000000000000e+00
1.808000000000000000e+06 4.519973738956157838e-01 1.778561675011379184e-01 6.736458807464724974e-02 7.428311333636777869e-01 1.194811106053709528e-02 0.000000000000000000e+00
1.816000000000000000e+06 4.539973622756849903e-01 1.867319071461083224e-01 6.645425580336822291e-02 7.317933545744196300e-01 1.490669094219390124e-02 1.137915339098771066e-04
