# itime ezz other fcc hcp bcc ico
0.000000000000000000e+00 0.000000000000000000e+00 0.000000000000000000e+00 1.000000000000000000e+00 0.000000000000000000e+00 0.000000000000000000e+00 0.000000000000000000e+00
5.000000000000000000e+01 2.000061159877386530e-03 0.000000000000000000e+00 1.000000000000000000e+00 0.000000000000000000e+00 0.000000000000000000e+00 0.000000000000000000e+00
1.000000000000000000e+02 4.000122319754551015e-03 0.000000000000000000e+00 1.000000000000000000e+00 0.000000000000000000e+00 0.000000000000000000e+00 0.000000000000000000e+00
1.500000000000000000e+02 6.000183479631937544e-03 0.000000000000000000e+00 1.000000000000000000e+00 0.000000000000000000e+00 0.000000000000000000e+00 0.000000000000000000e+00
2.000000000000000000e+02 8.000244639509102029e-03 0.000000000000000000e+00 1.000000000000000000e+00 0.000000000000000000e+00 0.000000000000000000e+00 0.000000000000000000e+00
2.500000000000000000e+02 1.000030579938648856e-02 0.000000000000000000e+00 1.000000000000000000e+00 0.000000000000000000e+00 0.000000000000000000e+00 0.000000000000000000e+00
3.000000000000000000e+02 1.200036695926365304e-02 0.000000000000000000e+00 1.000000000000000000e+00 0.000000000000000000e+00 0.000000000000000000e+00 0.000000000000000000e+00
3.500000000000000000e+02 1.400042811914103957e-02 0.000000000000000000e+00 1.000000000000000000e+00 0.000000000000000000e+00 0.000000000000000000e+00 0.000000000000000000e+00
4.000000000000000000e+02 1.600048927901820406e-02 0.000000000000000000e+00 1.000000000000000000e+00 0.000000000000000000e+00 0.000000000000000000e+00 0.000000000000000000e+00
4.500000000000000000e+02 1.800055043889559059e-02 0.000000000000000000e+00 1.000000000000000000e+00 0.000000000000000000e+00 0.000000000000000000e+00 0.000000000000000000e+00
5.000000000000000000e+02 2.000061159877297712e-02 0.000000000000000000e+00 1.000000000000000000e+00 0.000000000000000000e+00 0.000000000000000000e+00 0.000000000000000000e+00
5.500000000000000000e+02 2.200067275865014160e-02 0.000000000000000000e+00 1.000000000000000000e+00 0.000000000000000000e+00 0.000000000000000000e+00 0.000000000000000000e+00
6.000000000000000000e+02 2.400073391852752813e-02 0.000000000000000000e+00 1.000000000000000000e+00 0.000000000000000000e+00 0.000000000000000000e+00 0.000000000000000000e+00
6.500000000000000000e+02 2.600079507840469262e-02 0.000000000000000000e+00 1.000000000000000000e+00 0.000000000000000000e+00 0.000000000000000000e+00 0.000000000000000000e+00
7.000000000000000000e+02 2.800085623828207915e-02 0.000000000000000000e+00 1.000000000000000000e+00 0.000000000000000000e+00 0.000000000000000000e+00 0.000000000000000000e+00
7.500000000000000000e+02 3.000091739815924363e-02 0.000000000000000000e+00 1.000000000000000000e+00 0.000000000000000000e+00 0.000000000000000000e+00 0.000000000000000000e+00
8.000000000000000000e+02 3.200097855803663016e-02 0.000000000000000000e+00 1.000000000000000000e+00 0.000000000000000000e+00 0.000000000000000000e+00 0.000000000000000000e+00
8.500000000000000000e+02 3.400103971791401669e-02 0.000000000000000000e+00 1.000000000000000000e+00 0.000000000000000000e+00 0.000000000000000000e+00 0.000000000000000000e+00
9.000000000000000000e+02 3.600110087779118118e-02 0.000000000000000000e+00 1.000000000000000000e+00 0.000000000000000000e+00 0.000000000000000000e+00 0.000000000000000000e+00
9.500000000000000000e+02 3.800116203766856771e-02 0.000000000000000000e+00 1.000000000000000000e+00 0.000000000000000000e+00 0.000000000000000000e+00 0.000000000000000000e+00
1.000000000000000000e+03 4.000122319754573219e-02 0.000000000000000000e+00 1.000000000000000000e+00 0.000000000000000000e+00 0.000000000000000000e+00 0.000000000000000000e+00
1.050000000000000000e+03 4.200128435742311872e-02 0.000000000000000000e+00 1.000000000000000000e+00 0.000000000000000000e+00 0.000000000000000000e+00 0.000000000000000000e+00
1.100000000000000000e+03 4.400134551730028321e-02 0.000000000000000000e+00 1.000000000000000000e+00 0.000000000000000000e+00 0.000000000000000000e+00 0.000000000000000000e+00
1.150000000000000000e+03 4.600140667717766974e-02 0.000000000000000000e+00 1.000000000000000000e+00 0.000000000000000000e+00 0.000000000000000000e+00 0.000000000000000000e+00
1.200000000000000000e+03 4.800146783705483422e-02 0.000000000000000000e+00 1.000000000000000000e+00 0.000000000000000000e+00 0.000000000000000000e+00 0.000000000000000000e+00
1.250000000000000000e+03 5.000152899693222075e-02 0.000000000000000000e+00 1.000000000000000000e+00 0.000000000000000000e+00 0.000000000000000000e+00 0.000000000000000000e+00
1.300000000000000000e+03 5.200159015680960728e-02 0.000000000000000000e+00 1.000000000000000000e+00 0.000000000000000000e+00 0.000000000000000000e+00 0.000000000000000000e+00
1.350000000000000000e+03 5.400165131668677176e-02 0.000000000000000000e+00 1.000000000000000000e+00 0.000000000000000000e+00 0.000000000000000000e+00 0.000000000000000000e+00
1.400000000000000000e+03 5.600171247656415829e-02 0.000000000000000000e+00 1.000000000000000000e+00 0.000000000000000000e+00 0.000000000000000000e+00 0.000000000000000000e+00
1.450000000000000000e+03 5.800177363644132278e-02 0.000000000000000000e+00 1.000000000000000000e+00 0.000000000000000000e+00 0.000000000000000000e+00 0.000000000000000000e+00
1.500000000000000000e+03 6.000183479631870931e-02 0.000000000000000000e+00 1.000000000000000000e+00 0.000000000000000000e+00 0.000000000000000000e+00 0.000000000000000000e+00
1.550000000000000000e+03 6.200189595619587379e-02 0.000000000000000000e+00 1.000000000000000000e+00 0.000000000000000000e+00 0.000000000000000000e+00 0.000000000000000000e+00
1.600000000000000000e+03 6.400195711607326032e-02 0.000000000000000000e+00 1.000000000000000000e+00 0.000000000000000000e+00 0.000000000000000000e+00 0.000000000000000000e+00
1.650000000000000000e+03 6.600201827595064685e-02 0.000000000000000000e+00 1.000000000000000000e+00 0.000000000000000000e+00 0.000000000000000000e+00 0.000000000000000000e+00
1.700000000000000000e+03 6.800207943582781134e-02 2.275830678197542133e-04 9.997724169321802190e-01 0.000000000000000000e+00 0.000000000000000000e+00 0.000000000000000000e+00
1.750000000000000000e+03 7.000214059570519787e-02 0.000000000000000000e+00 1.000000000000000000e+00 0.000000000000000000e+00 0.000000000000000000e+00 0.000000000000000000e+00
1.800000000000000000e+03 7.200220175558236235e-02 0.000000000000000000e+00 1.000000000000000000e+00 0.000000000000000000e+00 0.000000000000000000e+00 0.000000000000000000e+00
1.850000000000000000e+03 7.400226291545974888e-02 0.000000000000000000e+00 1.000000000000000000e+00 0.000000000000000000e+00 0.000000000000000000e+00 0.000000000000000000e+00
1.900000000000000000e+03 7.600232407533691337e-02 0.000000000000000000e+00 1.000000000000000000e+00 0.000000000000000000e+00 0.000000000000000000e+00 0.000000000000000000e+00
1.950000000000000000e+03 7.800238523521429990e-02 4.551661356395084266e-04 9.995448338643604380e-01 0.000000000000000000e+00 0.000000000000000000e+00 0.000000000000000000e+00
2.000000000000000000e+03 8.000244639509146438e-02 1.137915339098771066e-04 9.998862084660901095e-01 0.000000000000000000e+00 0.000000000000000000e+00 0.000000000000000000e+00
2.050000000000000000e+03 8.200250755496885091e-02 0.000000000000000000e+00 1.000000000000000000e+00 0.000000000000000000e+00 0.000000000000000000e+00 0.000000000000000000e+00
2.100000000000000000e+03 8.400256871484623744e-02 1.137915339098771066e-04 9.998862084660901095e-01 0.000000000000000000e+00 0.000000000000000000e+00 0.000000000000000000e+00
2.150000000000000000e+03 8.600262987472340193e-02 2.275830678197542133e-04 9.997724169321802190e-01 0.000000000000000000e+00 0.000000000000000000e+00 0.000000000000000000e+00
2.200000000000000000e+03 8.800269103460078846e-02 4.551661356395084266e-04 9.994310423304506585e-01 0.000000000000000000e+00 1.137915339098771066e-04 0.000000000000000000e+00
2.250000000000000000e+03 9.000275219447795294e-02 6.827492034592626399e-04 9.993172507965407680e-01 0.000000000000000000e+00 0.000000000000000000e+00 0.000000000000000000e+00
2.300000000000000000e+03 9.200281335435533947e-02 1.137915339098771066e-04 9.998862084660901095e-01 0.000000000000000000e+00 0.000000000000000000e+00 0.000000000000000000e+00
2.350000000000000000e+03 9.400287451423250396e-02 2.389622212107419402e-03 9.976103777878926326e-01 0.000000000000000000e+00 0.000000000000000000e+00 0.000000000000000000e+00
2.400000000000000000e+03 9.600293567410989048e-02 1.706873008648156654e-03 9.979517523896221931e-01 0.000000000000000000e+00 3.413746017296313199e-04 0.000000000000000000e+00
2.450000000000000000e+03 9.800299683398727701e-02 1.479289940828402332e-03 9.984069185252617551e-01 0.000000000000000000e+00 1.137915339098771066e-04 0.000000000000000000e+00
2.500000000000000000e+03 1.000030579938644415e-01 6.827492034592626399e-04 9.990896677287209870e-01 0.000000000000000000e+00 2.275830678197542133e-04 0.000000000000000000e+00
2.550000000000000000e+03 1.020031191537418280e-01 3.299954483386436255e-03 9.965862539827037292e-01 0.000000000000000000e+00 1.137915339098771066e-04 0.000000000000000000e+00
2.600000000000000000e+03 1.040031803136189925e-01 3.186162949476558769e-03 9.967000455166135087e-01 0.000000000000000000e+00 1.137915339098771066e-04 0.000000000000000000e+00
2.650000000000000000e+03 1.060032414734963790e-01 3.527537551206190360e-03 9.961310878470641672e-01 0.000000000000000000e+00 3.413746017296313199e-04 0.000000000000000000e+00
2.700000000000000000e+03 1.080033026333735435e-01 3.527537551206190360e-03 9.963586709148839482e-01 0.000000000000000000e+00 1.137915339098771066e-04 0.000000000000000000e+00
2.750000000000000000e+03 1.100033637932509301e-01 6.258534365043240920e-03 9.935138825671370189e-01 0.000000000000000000e+00 2.275830678197542133e-04 0.000000000000000000e+00
2.800000000000000000e+03 1.120034249531280945e-01 7.168866636322257339e-03 9.927173418297678964e-01 0.000000000000000000e+00 1.137915339098771066e-04 0.000000000000000000e+00
2.850000000000000000e+03 1.140034861130054811e-01 1.035502958579881741e-02 9.891898042785616241e-01 0.000000000000000000e+00 4.551661356395084266e-04 0.000000000000000000e+00
2.900000000000000000e+03 1.160035472728828676e-01 1.137915339098771045e-02 9.880518889394629412e-01 0.000000000000000000e+00 5.689576695493854790e-04 0.000000000000000000e+00
2.950000000000000000e+03 1.180036084327600321e-01 2.366863905325443732e-02 9.742831133363677454e-01 0.000000000000000000e+00 2.048247610377787811e-03 0.000000000000000000e+00
3.000000000000000000e+03 1.200036695926374186e-01 4.449248975876194528e-02 9.437869822485207560e-01 0.000000000000000000e+00 1.172052799271734204e-02 0.000000000000000000e+00
3.050000000000000000e+03 1.220037307525145831e-01 1.135639508420573512e-01 8.161128812016386069e-01 0.000000000000000000e+00 7.032316795630405570e-02 0.000000000000000000e+00
3.100000000000000000e+03 1.240037919123919696e-01 2.625170687300864558e-01 4.311561219845243542e-01 1.137915339098771066e-04 3.062130177514792995e-01 0.000000000000000000e+00
3.150000000000000000e+03 1.260038530722691341e-01 3.718707328174783999e-01 1.305188893946290507e-01 1.593081474738279385e-03 4.960172963131542767e-01 0.000000000000000000e+00
3.200000000000000000e+03 1.280039142321465206e-01 3.618570778334092020e-01 1.043468365953573035e-01 8.420573509330906217e-03 5.253755120619025831e-01 0.000000000000000000e+00
3.250000000000000000e+03 1.300039753920239072e-01 3.924670004551661373e-01 1.348429676832043622e-01 2.401001365498407064e-02 4.486800182066454368e-01 0.000000000000000000e+00
3.300000000000000000e+03 1.320040365519010717e-01 3.882567137005006885e-01 1.719390077378243065e-01 8.261265361857077216e-02 3.571916249431042467e-01 0.000000000000000000e+00
3.350000000000000000e+03 1.340040977117784582e-01 3.801775147928994070e-01 1.957214383249886169e-01 1.292671825216203940e-01 2.948338643604915821e-01 0.000000000000000000e+00
3.400000000000000000e+03 1.360041588716556227e-01 3.851843422849339782e-01 2.228038233955393632e-01 1.620391442876649990e-01 2.299726900318616318e-01 0.000000000000000000e+00
3.450000000000000000e+03 1.380042200315330092e-01 3.699362767410104835e-01 2.575102412380518846e-01 1.957214383249886169e-01 1.768320436959490149e-01 0.000000000000000000e+00
3.500000000000000000e+03 1.400042811914101737e-01 3.469503868912152678e-01 3.106508875739644737e-01 2.099453800637232637e-01 1.324533454710969393e-01 0.000000000000000000e+00
3.550000000000000000e+03 1.420043423512875602e-01 3.376194811106053573e-01 3.567364588074647402e-01 2.172280382339553950e-01 8.841602184797450747e-02 0.000000000000000000e+00
3.600000000000000000e+03 1.440044035111647247e-01 3.237369139736003820e-01 3.834774692762858428e-01 2.412380518889394587e-01 5.154756486117433034e-02 0.000000000000000000e+00
3.650000000000000000e+03 1.460044646710421112e-01 3.175921711424670169e-01 3.921256258534365213e-01 2.462448793809740577e-01 4.403732362312243881e-02 0.000000000000000000e+00
3.700000000000000000e+03 1.480045258309194978e-01 3.235093309057806010e-01 3.979289940828402150e-01 2.406690942193900895e-01 3.789258079198907364e-02 0.000000000000000000e+00
3.750000000000000000e+03 1.500045869907966622e-01 3.183887118798361393e-01 4.129494765589440397e-01 2.339553937187073274e-01 3.470641784251251444e-02 0.000000000000000000e+00
3.800000000000000000e+03 1.520046481506740488e-01 3.171370050068275104e-01 4.127218934911242587e-01 2.337278106508875741e-01 3.641329085116067066e-02 0.000000000000000000e+00
3.850000000000000000e+03 1.540047093105512133e-01 3.233955393718707105e-01 4.170459717796995980e-01 2.290623577605826189e-01 3.049613108784706567e-02 0.000000000000000000e+00
3.900000000000000000e+03 1.560047704704285998e-01 3.269230769230769273e-01 4.128356850250341492e-01 2.261037778789257990e-01 3.413746017296313134e-02 0.000000000000000000e+00
3.950000000000000000e+03 1.580048316303057643e-01 3.303368229403732537e-01 4.037323623122439642e-01 2.324761037778789174e-01 3.345471096950387163e-02 0.000000000000000000e+00
4.000000000000000000e+03 1.600048927901831508e-01 3.356850250341374409e-01 4.046426945835229771e-01 2.342967683204369711e-01 2.537551206190259354e-02 0.000000000000000000e+00
4.050000000000000000e+03 1.620049539500605373e-01 3.446745562130177354e-01 4.056668183887118806e-01 2.239417387346381294e-01 2.571688666363222686e-02 0.000000000000000000e+00
4.100000000000000000e+03 1.640050151099377018e-01 3.301092398725534727e-01 4.225079654073736757e-01 2.224624487938097472e-01 2.492034592626308706e-02 0.000000000000000000e+00
4.150000000000000000e+03 1.660050762698150884e-01 3.212335002275830687e-01 4.346836595357305155e-01 2.148384160218479721e-01 2.924442421483841592e-02 0.000000000000000000e+00
4.200000000000000000e+03 1.680051374296922528e-01 3.182749203459262488e-01 4.407146108329540457e-01 2.126763768775603025e-01 2.833409194355939950e-02 0.000000000000000000e+00
4.250000000000000000e+03 1.700051985895696394e-01 3.100819299044151323e-01 4.469731451979972459e-01 2.138142922166590687e-01 2.913063268092853930e-02 0.000000000000000000e+00
4.300000000000000000e+03 1.720052597494468039e-01 3.017751479289940697e-01 4.543695949021392955e-01 2.104005461993627701e-01 3.345471096950387163e-02 0.000000000000000000e+00
4.350000000000000000e+03 1.740053209093241904e-01 3.001820664542558248e-01 4.607419208010923861e-01 2.125625853436504398e-01 2.651342740100136666e-02 0.000000000000000000e+00
4.400000000000000000e+03 1.760053820692013549e-01 2.884615384615384359e-01 4.772416932180245652e-01 2.114246700045516736e-01 2.287209831588529751e-02 0.000000000000000000e+00
4.450000000000000000e+03 1.780054432290787414e-01 2.784478834774692935e-01 4.901001365498406925e-01 2.126763768775603025e-01 1.877560309512972189e-02 0.000000000000000000e+00
4.500000000000000000e+03 1.800055043889561279e-01 2.719617660446062568e-01 5.019344560764679164e-01 2.099453800637232637e-01 1.615839781520254925e-02 0.000000000000000000e+00
4.550000000000000000e+03 1.820055655488332924e-01 2.666135639508420696e-01 5.106964041875284854e-01 2.051661356395084179e-01 1.752389622212107562e-02 0.000000000000000000e+00
4.600000000000000000e+03 1.840056267087106789e-01 2.663859808830222886e-01 5.197997269003186149e-01 2.017523896222121194e-01 1.206190259444697363e-02 0.000000000000000000e+00
4.650000000000000000e+03 1.860056878685878434e-01 2.643377332726445372e-01 5.302685480200273194e-01 1.926490669094219343e-01 1.274465179790623508e-02 0.000000000000000000e+00
4.700000000000000000e+03 1.880057490284652300e-01 2.510241238051889034e-01 5.524578971324533017e-01 1.827492034592626269e-01 1.376877560309512985e-02 0.000000000000000000e+00
4.750000000000000000e+03 1.900058101883423944e-01 2.513654984069185194e-01 5.608784706417841992e-01 1.745562130177514826e-01 1.319981793354574502e-02 0.000000000000000000e+00
4.800000000000000000e+03 1.920058713482197810e-01 2.498862084660901095e-01 5.657715065999089354e-01 1.719390077378243065e-01 1.240327719617660522e-02 0.000000000000000000e+00
4.850000000000000000e+03 1.940059325080971675e-01 2.502275830678197810e-01 5.680473372781065233e-01 1.704597177969958965e-01 1.126536185707783383e-02 0.000000000000000000e+00
4.900000000000000000e+03 1.960059936679743320e-01 2.402139280837505553e-01 5.810195721438324856e-01 1.679563040509786109e-01 1.081019572143832562e-02 0.000000000000000000e+00
4.950000000000000000e+03 1.980060548278517185e-01 2.364588074647246130e-01 5.879608557123350288e-01 1.628356850250341492e-01 1.274465179790623508e-02 0.000000000000000000e+00
5.000000000000000000e+03 2.000061159877288830e-01 2.378243058716431602e-01 5.929676832043695445e-01 1.602184797451069731e-01 8.989531178880291046e-03 0.000000000000000000e+00
5.050000000000000000e+03 2.020061771476062695e-01 2.399863450159308020e-01 5.975193445607647202e-01 1.537323623122439642e-01 8.761948111060537808e-03 0.000000000000000000e+00
5.100000000000000000e+03 2.040062383074834340e-01 2.292899408284023721e-01 6.143604915794265153e-01 1.494082840236686527e-01 6.941283568502503235e-03 0.000000000000000000e+00
5.150000000000000000e+03 2.060062994673608205e-01 2.226900318616295005e-01 6.205052344105598250e-01 1.507737824305871721e-01 6.030951297223486815e-03 0.000000000000000000e+00
5.200000000000000000e+03 2.080063606272379850e-01 2.199590350477924339e-01 6.123122439690487084e-01 1.603322712790168358e-01 7.396449704142011444e-03 0.000000000000000000e+00
5.250000000000000000e+03 2.100064217871153716e-01 2.192762858443331742e-01 6.148156577150659663e-01 1.580564406008193035e-01 7.851615839781519654e-03 0.000000000000000000e+00
5.300000000000000000e+03 2.120064829469927581e-01 2.133591260810195622e-01 6.183431952662722386e-01 1.604460628129267263e-01 7.851615839781519654e-03 0.000000000000000000e+00
5.350000000000000000e+03 2.140065441068699226e-01 2.154073736913973691e-01 6.176604460628128956e-01 1.578288575329995502e-01 9.103322712790167665e-03 0.000000000000000000e+00
5.400000000000000000e+03 2.160066052667473091e-01 2.090350477924442507e-01 6.238051888939463163e-01 1.614701866181156020e-01 5.689576695493855224e-03 0.000000000000000000e+00
5.450000000000000000e+03 2.180066664266244736e-01 2.111970869367319203e-01 6.219845243513882904e-01 1.602184797451069731e-01 6.599908966772872511e-03 0.000000000000000000e+00
5.500000000000000000e+03 2.200067275865018601e-01 2.069868001820664438e-01 6.230086481565771939e-01 1.612426035502958488e-01 8.761948111060537808e-03 0.000000000000000000e+00
5.550000000000000000e+03 2.220067887463790246e-01 2.020937642239417353e-01 6.251706873008647802e-01 1.653390987710514348e-01 7.396449704142011444e-03 0.000000000000000000e+00
5.600000000000000000e+03 2.240068499062564111e-01 1.997041420118343125e-01 6.249431042330451103e-01 1.654528903049612976e-01 9.899863450159307465e-03 0.000000000000000000e+00
5.650000000000000000e+03 2.260069110661337977e-01 2.012972234865725851e-01 6.279016841147018191e-01 1.614701866181156020e-01 9.330905780609922637e-03 0.000000000000000000e+00
5.700000000000000000e+03 2.280069722260109621e-01 2.093764223941738667e-01 6.231224396904869733e-01 1.576012744651797970e-01 9.899863450159307465e-03 0.000000000000000000e+00
5.750000000000000000e+03 2.300070333858883487e-01 2.042558033682294050e-01 6.224396904870277414e-01 1.620391442876649990e-01 1.126536185707783383e-02 0.000000000000000000e+00
5.800000000000000000e+03 2.320070945457655132e-01 2.078971324533454845e-01 6.200500682749203740e-01 1.599908966772872199e-01 1.206190259444697363e-02 0.000000000000000000e+00
5.850000000000000000e+03 2.340071557056428997e-01 2.105143377332726329e-01 6.139053254437869533e-01 1.631770596267637652e-01 1.240327719617660522e-02 0.000000000000000000e+00
5.900000000000000000e+03 2.360072168655200642e-01 2.069868001820664438e-01 6.121984524351388179e-01 1.690942193900773771e-01 1.172052799271734204e-02 0.000000000000000000e+00
5.950000000000000000e+03 2.380072780253974507e-01 2.045971779699590487e-01 6.128812016385980499e-01 1.700045516613563901e-01 1.251706873008648184e-02 0.000000000000000000e+00
6.000000000000000000e+03 2.400073391852746152e-01 1.950386891215293572e-01 6.195949021392808120e-01 1.758079198907601393e-01 9.558488848429677609e-03 0.000000000000000000e+00
6.050000000000000000e+03 2.420074003451520017e-01 2.016385980883022289e-01 6.099226217569412301e-01 1.818388711879836139e-01 6.599908966772872511e-03 0.000000000000000000e+00
6.100000000000000000e+03 2.440074615050293882e-01 1.929904415111515781e-01 6.111743286299499145e-01 1.867319071461083224e-01 9.103322712790167665e-03 0.000000000000000000e+00
6.150000000000000000e+03 2.460075226649065527e-01 1.965179790623577671e-01 6.076467910787437532e-01 1.907146108329540179e-01 5.120619025944469528e-03 0.000000000000000000e+00
6.200000000000000000e+03 2.480075838247839393e-01 1.873008648156577194e-01 6.137915339098770628e-01 1.928766499772416876e-01 6.030951297223486815e-03 0.000000000000000000e+00
6.250000000000000000e+03 2.500076449846611037e-01 1.837733272644515303e-01 6.172052799271734447e-01 1.924214838416021811e-01 6.599908966772872511e-03 0.000000000000000000e+00
6.300000000000000000e+03 2.520077061445384903e-01 1.849112426035502965e-01 6.184569868001820181e-01 1.892353208921256358e-01 7.396449704142011444e-03 0.000000000000000000e+00
6.350000000000000000e+03 2.540077673044156548e-01 1.822940373236231204e-01 6.178880291306326766e-01 1.900318616294947582e-01 9.786071916249430847e-03 0.000000000000000000e+00
6.400000000000000000e+03 2.560078284642930413e-01 1.763768775603095085e-01 6.195949021392808120e-01 1.943559399180700975e-01 9.672280382339554228e-03 0.000000000000000000e+00
6.450000000000000000e+03 2.580078896241704278e-01 1.778561675011379184e-01 6.128812016385980499e-01 2.036868456986800080e-01 5.575785161583977738e-03 0.000000000000000000e+00
6.500000000000000000e+03 2.600079507840475923e-01 1.835457441966317771e-01 6.025261720527992360e-01 2.078971324533454845e-01 6.030951297223486815e-03 0.000000000000000000e+00
6.550000000000000000e+03 2.620080119439249788e-01 1.875284478834774726e-01 5.963814292216659263e-01 2.098315885298133732e-01 6.258534365043240920e-03 0.000000000000000000e+00
6.600000000000000000e+03 2.640080731038021433e-01 1.875284478834774726e-01 5.964952207555758168e-01 2.098315885298133732e-01 6.144742831133363434e-03 0.000000000000000000e+00
6.650000000000000000e+03 2.660081342636795299e-01 1.846836595357305433e-01 5.968365953573053773e-01 2.117660446062812896e-01 6.713700500682749130e-03 0.000000000000000000e+00
6.700000000000000000e+03 2.680081954235566943e-01 1.857077833409194467e-01 5.966090122894857073e-01 2.118798361401911801e-01 5.803368229403732710e-03 0.000000000000000000e+00
6.750000000000000000e+03 2.700082565834340809e-01 1.898042785616750050e-01 5.966090122894857073e-01 2.069868001820664438e-01 6.599908966772872511e-03 0.000000000000000000e+00
6.800000000000000000e+03 2.720083177433112454e-01 1.906008192990441552e-01 5.996813837050523066e-01 2.055075102412380617e-01 4.210286754665453109e-03 0.000000000000000000e+00
6.850000000000000000e+03 2.740083789031886319e-01 1.957214383249886169e-01 6.093536640873918886e-01 1.888939462903959920e-01 6.030951297223486815e-03 0.000000000000000000e+00
6.900000000000000000e+03 2.760084400630660184e-01 1.977696859353663961e-01 6.276741010468821491e-01 1.690942193900773771e-01 5.461993627674101119e-03 0.000000000000000000e+00
6.950000000000000000e+03 2.780085012229431829e-01 1.852526172052799402e-01 6.432635411925352598e-01 1.648839326354119283e-01 6.599908966772872511e-03 0.000000000000000000e+00
7.000000000000000000e+03 2.800085623828205694e-01 1.880974055530268418e-01 6.432635411925352598e-01 1.638598088302230249e-01 4.779244424214838804e-03 0.000000000000000000e+00
7.050000000000000000e+03 2.820086235426977339e-01 1.906008192990441552e-01 6.447428311333637252e-01 1.596495220755575761e-01 5.006827492034592909e-03 0.000000000000000000e+00
7.100000000000000000e+03 2.840086847025751204e-01 1.814974965862539702e-01 6.586253982703687004e-01 1.554392353208921274e-01 4.437869822485207214e-03 0.000000000000000000e+00
7.150000000000000000e+03 2.860087458624522849e-01 1.778561675011379184e-01 6.689804278561675144e-01 1.489531178880291185e-01 4.210286754665453109e-03 0.000000000000000000e+00
7.200000000000000000e+03 2.880088070223296715e-01 1.731907146108329631e-01 6.756941283568502765e-01 1.484979517523896120e-01 2.617205279927173507e-03 0.000000000000000000e+00
7.250000000000000000e+03 2.900088681822070580e-01 1.735320892125625791e-01 6.776285844333181929e-01 1.466772872098315861e-01 2.162039144287664864e-03 0.000000000000000000e+00
7.300000000000000000e+03 2.920089293420842225e-01 1.717114246700045532e-01 6.777423759672280834e-01 1.489531178880291185e-01 1.593081474738279385e-03 0.000000000000000000e+00
7.350000000000000000e+03 2.940089905019616090e-01 1.657942649066909413e-01 6.821802457897132577e-01 1.484979517523896120e-01 3.527537551206190360e-03 0.000000000000000000e+00
7.400000000000000000e+03 2.960090516618387735e-01 1.616977696859353553e-01 6.871870732817478844e-01 1.490669094219390090e-01 2.048247610377787811e-03 0.000000000000000000e+00
7.450000000000000000e+03 2.980091128217161600e-01 1.623805188893946427e-01 6.827492034592625991e-01 1.520254893035958010e-01 2.844788347746927612e-03 0.000000000000000000e+00
7.500000000000000000e+03 3.000091739815933245e-01 1.638598088302230249e-01 6.827492034592625991e-01 1.506599908966772816e-01 2.730996813837050560e-03 0.000000000000000000e+00
7.550000000000000000e+03 3.020092351414707110e-01 1.616977696859353553e-01 6.877560309512972259e-01 1.487255348202093652e-01 1.820664542558033706e-03 0.000000000000000000e+00
7.600000000000000000e+03 3.040092963013478755e-01 1.593081474738279601e-01 6.898042785616750328e-01 1.492944924897587622e-01 1.593081474738279385e-03 0.000000000000000000e+00
7.650000000000000000e+03 3.060093574612252620e-01 1.586253982703686727e-01 6.876422394173873354e-01 1.508875739644970349e-01 2.844788347746927612e-03 0.000000000000000000e+00
7.700000000000000000e+03 3.080094186211026486e-01 1.599908966772872199e-01 6.855939918070095285e-01 1.521392808375056915e-01 2.275830678197541916e-03 0.000000000000000000e+00
7.750000000000000000e+03 3.100094797809798131e-01 1.609012289485662328e-01 6.814974965862540257e-01 1.535047792444242110e-01 4.096495220755575623e-03 0.000000000000000000e+00
7.800000000000000000e+03 3.120095409408571996e-01 1.639736003641329154e-01 6.832043695949021611e-01 1.504324078288575284e-01 2.389622212107419402e-03 0.000000000000000000e+00
7.850000000000000000e+03 3.140096021007343641e-01 1.618115612198452458e-01 6.837733272644515026e-01 1.516841147018661851e-01 2.730996813837050560e-03 0.000000000000000000e+00
7.900000000000000000e+03 3.160096632606117506e-01 1.598771051433773294e-01 6.820664542558033672e-01 1.548702776513427304e-01 3.186162949476558769e-03 0.000000000000000000e+00
7.950000000000000000e+03 3.180097244204889151e-01 1.589667728720983164e-01 6.801319981793354508e-01 1.554392353208921274e-01 5.461993627674101119e-03 0.000000000000000000e+00
8.000000000000000000e+03 3.200097855803663016e-01 1.630632680928539024e-01 6.803595812471552318e-01 1.532771961766044577e-01 3.299954483386436255e-03 0.000000000000000000e+00
8.050000000000000000e+03 3.220098467402436881e-01 1.606736458807464796e-01 6.840009103322712836e-01 1.516841147018661851e-01 3.641329085116067413e-03 0.000000000000000000e+00
8.100000000000000000e+03 3.240099079001208526e-01 1.636322257624032717e-01 6.794492489758762188e-01 1.529358215748748417e-01 3.982703686845699004e-03 0.000000000000000000e+00
8.150000000000000000e+03 3.260099690599982392e-01 1.681838871187983642e-01 6.739872553482021411e-01 1.537323623122439642e-01 4.096495220755575623e-03 0.000000000000000000e+00
8.200000000000000000e+03 3.280100302198754036e-01 1.771734182976786587e-01 6.577150659990896875e-01 1.588529813381884259e-01 6.258534365043240920e-03 0.000000000000000000e+00
8.250000000000000000e+03 3.300100913797527902e-01 1.751251706873008518e-01 6.579426490669094685e-01 1.618115612198452458e-01 5.120619025944469528e-03 0.000000000000000000e+00
8.300000000000000000e+03 3.320101525396299547e-01 1.842284934000910368e-01 6.495220755575785709e-01 1.618115612198452458e-01 4.437869822485207214e-03 0.000000000000000000e+00
8.350000000000000000e+03 3.340102136995073412e-01 1.876422394173873354e-01 6.368912152935821691e-01 1.682976786527082269e-01 7.168866636322257339e-03 0.000000000000000000e+00
8.400000000000000000e+03 3.360102748593845057e-01 1.981110605370960398e-01 6.186845698680017991e-01 1.747837960855712358e-01 8.420573509330906217e-03 0.000000000000000000e+00
8.450000000000000000e+03 3.380103360192618922e-01 2.060764679107874309e-01 6.073054164770140817e-01 1.795630405097860816e-01 7.055075102412380721e-03 0.000000000000000000e+00
8.500000000000000000e+03 3.400103971791392787e-01 2.203004096495220776e-01 5.900091033227128356e-01 1.830905780609922706e-01 6.599908966772872511e-03 0.000000000000000000e+00
8.550000000000000000e+03 3.420104583390164432e-01 2.350933090578060936e-01 5.738507055075102725e-01 1.847974510696404060e-01 6.258534365043240920e-03 0.000000000000000000e+00
8.600000000000000000e+03 3.440105194988938297e-01 2.398725534820209393e-01 5.628129267182521156e-01 1.888939462903959920e-01 8.420573509330906217e-03 0.000000000000000000e+00
8.650000000000000000e+03 3.460105806587709942e-01 2.411242603550295960e-01 5.626991351843423361e-01 1.869594902139280757e-01 9.217114246700046018e-03 0.000000000000000000e+00
8.700000000000000000e+03 3.480106418186483808e-01 2.452207555757851543e-01 5.545061447428311086e-01 1.915111515703231682e-01 8.761948111060537808e-03 0.000000000000000000e+00
8.750000000000000000e+03 3.500107029785255452e-01 2.439690487027765253e-01 5.526854802002730827e-01 1.959490213928083702e-01 7.396449704142011444e-03 0.000000000000000000e+00
8.800000000000000000e+03 3.520107641384029318e-01 2.507965407373691225e-01 5.481338188438780179e-01 1.928766499772416876e-01 8.192990441511151245e-03 0.000000000000000000e+00
8.850000000000000000e+03 3.540108252982803183e-01 2.568274920345926526e-01 5.431269913518433912e-01 1.904870277651342647e-01 9.558488848429677609e-03 0.000000000000000000e+00
8.900000000000000000e+03 3.560108864581574828e-01 2.612653618570778269e-01 5.399408284023669014e-01 1.867319071461083224e-01 1.206190259444697363e-02 0.000000000000000000e+00
8.950000000000000000e+03 3.580109476180348693e-01 2.543240782885753393e-01 5.449476558944014171e-01 1.917387346381429214e-01 8.989531178880291046e-03 0.000000000000000000e+00
9.000000000000000000e+03 3.600110087779120338e-01 2.544378698224852298e-01 5.446062812926718566e-01 1.906008192990441552e-01 1.035502958579881741e-02 0.000000000000000000e+00
9.050000000000000000e+03 3.620110699377894203e-01 2.563723258989530907e-01 5.428994082840237212e-01 1.895766954938552518e-01 1.115157032316795548e-02 0.000000000000000000e+00
9.100000000000000000e+03 3.640111310976665848e-01 2.558033682294037492e-01 5.448338643604915266e-01 1.901456531634046487e-01 9.217114246700046018e-03 0.000000000000000000e+00
9.150000000000000000e+03 3.660111922575439714e-01 2.501137915339098905e-01 5.480200273099681274e-01 1.918525261720528119e-01 1.001365498406918582e-02 0.000000000000000000e+00
9.200000000000000000e+03 3.680112534174211358e-01 2.587619481110605135e-01 5.434683659535730627e-01 1.859353664087392000e-01 1.183431952662721866e-02 0.000000000000000000e+00
9.250000000000000000e+03 3.700113145772985224e-01 2.616067364588074429e-01 5.483614019116977989e-01 1.804733727810650945e-01 9.558488848429677609e-03 0.000000000000000000e+00
9.300000000000000000e+03 3.720113757371759089e-01 2.568274920345926526e-01 5.548475193445607800e-01 1.803595812471552040e-01 7.965407373691398007e-03 0.000000000000000000e+00
9.350000000000000000e+03 3.740114368970530734e-01 2.535275375512062168e-01 5.624715521165225551e-01 1.715976331360946627e-01 1.240327719617660522e-02 0.000000000000000000e+00
9.400000000000000000e+03 3.760114980569304599e-01 2.521620391442876419e-01 5.685025034137459743e-01 1.673873463814292140e-01 1.194811106053709528e-02 0.000000000000000000e+00
9.450000000000000000e+03 3.780115592168076244e-01 2.593309057806099105e-01 5.638370505234410190e-01 1.639736003641329154e-01 1.285844333181611343e-02 0.000000000000000000e+00
9.500000000000000000e+03 3.800116203766850109e-01 2.604688211197087044e-01 5.644060081929904715e-01 1.623805188893946427e-01 1.274465179790623508e-02 0.000000000000000000e+00
9.550000000000000000e+03 3.820116815365621754e-01 2.679790623577605890e-01 5.496131087847063723e-01 1.690942193900773771e-01 1.331360946745562164e-02 0.000000000000000000e+00
9.600000000000000000e+03 3.840117426964395619e-01 2.569412835685024876e-01 5.556440600819299025e-01 1.772872098315885214e-01 1.012744651797906244e-02 0.000000000000000000e+00
9.650000000000000000e+03 3.860118038563169485e-01 2.581929904415111721e-01 5.543923532089212181e-01 1.734182976786527164e-01 1.399635867091488309e-02 0.000000000000000000e+00
9.700000000000000000e+03 3.880118650161941130e-01 2.627446517979062368e-01 5.508648156577150568e-01 1.737596722803823324e-01 1.263086026399635846e-02 0.000000000000000000e+00
9.750000000000000000e+03 3.900119261760714995e-01 2.594446973145198010e-01 5.558716431497496835e-01 1.672735548475193512e-01 1.741010468821119553e-02 0.000000000000000000e+00
9.800000000000000000e+03 3.920119873359486640e-01 2.704824761037779024e-01 5.473372781065088954e-01 1.676149294492489672e-01 1.456531634046426965e-02 0.000000000000000000e+00
9.850000000000000000e+03 3.940120484958260505e-01 2.704824761037779024e-01 5.431269913518433912e-01 1.742148384160218388e-01 1.217569412835685025e-02 0.000000000000000000e+00
9.900000000000000000e+03 3.960121096557034370e-01 2.647928994082840437e-01 5.414201183431952558e-01 1.801319981793354508e-01 1.365498406918525323e-02 0.000000000000000000e+00
9.950000000000000000e+03 3.980121708155806015e-01 2.664997724169321791e-01 5.423304506144742687e-01 1.788802913063268218e-01 1.228948566226672687e-02 0.000000000000000000e+00
1.000000000000000000e+04 4.000122319754577660e-01 2.650204824761037692e-01 5.473372781065088954e-01 1.743286299499317293e-01 1.331360946745562164e-02 0.000000000000000000e+00
1.005000000000000000e+04 4.020122931353351525e-01 2.688893946290396020e-01 5.500682749203459343e-01 1.714838416021848000e-01 9.558488848429677609e-03 0.000000000000000000e+00
1.010000000000000000e+04 4.040123542952125391e-01 2.614929449248976079e-01 5.631543013199817871e-01 1.660218479745106945e-01 9.330905780609922637e-03 0.000000000000000000e+00
1.015000000000000000e+04 4.060124154550897035e-01 2.561447428311333652e-01 5.760127446517978589e-01 1.590805644060081792e-01 8.761948111060537808e-03 0.000000000000000000e+00
1.020000000000000000e+04 4.080124766149668680e-01 2.525034137460173134e-01 5.805644060081930347e-01 1.588529813381884259e-01 8.079198907601274626e-03 0.000000000000000000e+00
1.025000000000000000e+04 4.100125377748442546e-01 2.467000455166135642e-01 5.840919435593991960e-01 1.611288120163859861e-01 8.079198907601274626e-03 0.000000000000000000e+00
1.030000000000000000e+04 4.120125989347218631e-01 2.421483841602184717e-01 5.880746472462449193e-01 1.607874374146563423e-01 8.989531178880291046e-03 0.000000000000000000e+00
1.035000000000000000e+04 4.140126600945988056e-01 2.337278106508875741e-01 6.042330450614474824e-01 1.528220300409649512e-01 9.217114246700046018e-03 0.000000000000000000e+00
1.040000000000000000e+04 4.160127212544759701e-01 2.262175694128356895e-01 6.100364132908511205e-01 1.561219845243513871e-01 7.624032771961766417e-03 0.000000000000000000e+00
1.045000000000000000e+04 4.180127824143535786e-01 2.275830678197542090e-01 6.085571233500227661e-01 1.547564861174328676e-01 9.103322712790167665e-03 0.000000000000000000e+00
1.050000000000000000e+04 4.200128435742309652e-01 2.255348202093764298e-01 6.070778334091943007e-01 1.594219390077378229e-01 7.965407373691398007e-03 0.000000000000000000e+00
1.055000000000000000e+04 4.220129047341081296e-01 2.261037778789257990e-01 6.037778789258079204e-01 1.623805188893946427e-01 7.737824305871643035e-03 0.000000000000000000e+00
1.060000000000000000e+04 4.240129658939852941e-01 2.255348202093764298e-01 6.013882567137005530e-01 1.639736003641329154e-01 9.103322712790167665e-03 0.000000000000000000e+00
1.065000000000000000e+04 4.260130270538626807e-01 2.333864360491579304e-01 5.960400546199362548e-01 1.629494765589440120e-01 7.624032771961766417e-03 0.000000000000000000e+00
1.070000000000000000e+04 4.280130882137400672e-01 2.361174328629949970e-01 5.898953117888029452e-01 1.624943104233045055e-01 1.149294492489758707e-02 0.000000000000000000e+00
1.075000000000000000e+04 4.300131493736172317e-01 2.323623122439690547e-01 5.904642694583522866e-01 1.680700955848884737e-01 9.103322712790167665e-03 0.000000000000000000e+00
1.080000000000000000e+04 4.320132105334943962e-01 2.322485207100591642e-01 5.889849795175239322e-01 1.700045516613563901e-01 8.761948111060537808e-03 0.000000000000000000e+00
1.085000000000000000e+04 4.340132716933717827e-01 2.280382339553937154e-01 5.883022303140645892e-01 1.745562130177514826e-01 9.103322712790167665e-03 0.000000000000000000e+00
1.090000000000000000e+04 4.360133328532491692e-01 2.258761948111060458e-01 5.898953117888029452e-01 1.755803368229403860e-01 8.648156577150659455e-03 0.000000000000000000e+00
1.095000000000000000e+04 4.380133940131263337e-01 2.261037778789257990e-01 5.914883932635411901e-01 1.754665452890304955e-01 6.941283568502503235e-03 0.000000000000000000e+00
1.100000000000000000e+04 4.400134551730034982e-01 2.271279016841147025e-01 5.898953117888029452e-01 1.750113791533909890e-01 7.965407373691398007e-03 0.000000000000000000e+00
1.105000000000000000e+04 4.420135163328808847e-01 2.280382339553937154e-01 5.861401911697770029e-01 1.748975876194810986e-01 1.092398725534820224e-02 0.000000000000000000e+00
1.110000000000000000e+04 4.440135774927584933e-01 2.312243969048702885e-01 5.803368229403732537e-01 1.785389167045971781e-01 9.899863450159307465e-03 0.000000000000000000e+00
1.115000000000000000e+04 4.460136386526354357e-01 2.322485207100591642e-01 5.768092853891670924e-01 1.794492489758761911e-01 1.149294492489758707e-02 0.000000000000000000e+00
1.120000000000000000e+04 4.480136998125126002e-01 2.397587619481110488e-01 5.739644970414201630e-01 1.762630860263996457e-01 1.001365498406918582e-02 0.000000000000000000e+00
1.125000000000000000e+04 4.500137609723902088e-01 2.362312243969048597e-01 5.810195721438324856e-01 1.742148384160218388e-01 8.534365043240782836e-03 0.000000000000000000e+00
1.130000000000000000e+04 4.520138221322675953e-01 2.355484751934456000e-01 5.723714155666818071e-01 1.828629949931725174e-01 9.217114246700046018e-03 0.000000000000000000e+00
1.135000000000000000e+04 4.540138832921447598e-01 2.396449704142011861e-01 5.688438780154756458e-01 1.820664542558033672e-01 9.444697314519799256e-03 0.000000000000000000e+00
