# itime ezz other fcc hcp bcc ico
0.000000000000000000e+00 0.000000000000000000e+00 0.000000000000000000e+00 1.000000000000000000e+00 0.000000000000000000e+00 0.000000000000000000e+00 0.000000000000000000e+00
2.500000000000000000e+02 1.000006070873693531e-02 0.000000000000000000e+00 1.000000000000000000e+00 0.000000000000000000e+00 0.000000000000000000e+00 0.000000000000000000e+00
5.000000000000000000e+02 2.000012141747387062e-02 0.000000000000000000e+00 1.000000000000000000e+00 0.000000000000000000e+00 0.000000000000000000e+00 0.000000000000000000e+00
7.500000000000000000e+02 3.000018212621080593e-02 0.000000000000000000e+00 1.000000000000000000e+00 0.000000000000000000e+00 0.000000000000000000e+00 0.000000000000000000e+00
1.000000000000000000e+03 4.000024283494796329e-02 0.000000000000000000e+00 1.000000000000000000e+00 0.000000000000000000e+00 0.000000000000000000e+00 0.000000000000000000e+00
1.250000000000000000e+03 5.000030354368489860e-02 0.000000000000000000e+00 1.000000000000000000e+00 0.000000000000000000e+00 0.000000000000000000e+00 0.000000000000000000e+00
1.500000000000000000e+03 6.000036425242183391e-02 0.000000000000000000e+00 1.000000000000000000e+00 0.000000000000000000e+00 0.000000000000000000e+00 0.000000000000000000e+00
1.750000000000000000e+03 7.000042496115876922e-02 0.000000000000000000e+00 1.000000000000000000e+00 0.000000000000000000e+00 0.000000000000000000e+00 0.000000000000000000e+00
2.000000000000000000e+03 8.000048566989570453e-02 1.137915339098771066e-04 9.998862084660901095e-01 0.000000000000000000e+00 0.000000000000000000e+00 0.000000000000000000e+00
2.250000000000000000e+03 9.000054637863263984e-02 6.827492034592626399e-04 9.993172507965407680e-01 0.000000000000000000e+00 0.000000000000000000e+00 0.000000000000000000e+00
2.500000000000000000e+03 1.000006070873695752e-01 6.827492034592626399e-04 9.990896677287209870e-01 0.000000000000000000e+00 2.275830678197542133e-04 0.000000000000000000e+00
2.750000000000000000e+03 1.100006677961067325e-01 6.258534365043240920e-03 9.935138825671370189e-01 0.000000000000000000e+00 2.275830678197542133e-04 0.000000000000000000e+00
3.000000000000000000e+03 1.200007285048436678e-01 4.449248975876194528e-02 9.437869822485207560e-01 0.000000000000000000e+00 1.172052799271734204e-02 0.000000000000000000e+00
3.250000000000000000e+03 1.300007892135806031e-01 3.924670004551661373e-01 1.348429676832043622e-01 2.401001365498407064e-02 4.486800182066454368e-01 0.000000000000000000e+00
3.500000000000000000e+03 1.400008499223175384e-01 3.469503868912152678e-01 3.106508875739644737e-01 2.099453800637232637e-01 1.324533454710969393e-01 0.000000000000000000e+00
3.750000000000000000e+03 1.500009106310544738e-01 3.183887118798361393e-01 4.129494765589440397e-01 2.339553937187073274e-01 3.470641784251251444e-02 0.000000000000000000e+00
4.000000000000000000e+03 1.600009713397914091e-01 3.356850250341374409e-01 4.046426945835229771e-01 2.342967683204369711e-01 2.537551206190259354e-02 0.000000000000000000e+00
4.250000000000000000e+03 1.700010320485283444e-01 3.100819299044151323e-01 4.469731451979972459e-01 2.138142922166590687e-01 2.913063268092853930e-02 0.000000000000000000e+00
4.500000000000000000e+03 1.800010927572655017e-01 2.719617660446062568e-01 5.019344560764679164e-01 2.099453800637232637e-01 1.615839781520254925e-02 0.000000000000000000e+00
4.750000000000000000e+03 1.900011534660024370e-01 2.513654984069185194e-01 5.608784706417841992e-01 1.745562130177514826e-01 1.319981793354574502e-02 0.000000000000000000e+00
5.000000000000000000e+03 2.000012141747393724e-01 2.378243058716431602e-01 5.929676832043695445e-01 1.602184797451069731e-01 8.989531178880291046e-03 0.000000000000000000e+00
5.250000000000000000e+03 2.100012748834763077e-01 2.192762858443331742e-01 6.148156577150659663e-01 1.580564406008193035e-01 7.851615839781519654e-03 0.000000000000000000e+00
5.500000000000000000e+03 2.200013355922132430e-01 2.069868001820664438e-01 6.230086481565771939e-01 1.612426035502958488e-01 8.761948111060537808e-03 0.000000000000000000e+00
5.750000000000000000e+03 2.300013963009501783e-01 2.042558033682294050e-01 6.224396904870277414e-01 1.620391442876649990e-01 1.126536185707783383e-02 0.000000000000000000e+00
6.000000000000000000e+03 2.400014570096871136e-01 1.950386891215293572e-01 6.195949021392808120e-01 1.758079198907601393e-01 9.558488848429677609e-03 0.000000000000000000e+00
6.250000000000000000e+03 2.500015177184240489e-01 1.837733272644515303e-01 6.172052799271734447e-01 1.924214838416021811e-01 6.599908966772872511e-03 0.000000000000000000e+00
6.500000000000000000e+03 2.600015784271612063e-01 1.835457441966317771e-01 6.025261720527992360e-01 2.078971324533454845e-01 6.030951297223486815e-03 0.000000000000000000e+00
6.750000000000000000e+03 2.700016391358981416e-01 1.898042785616750050e-01 5.966090122894857073e-01 2.069868001820664438e-01 6.599908966772872511e-03 0.000000000000000000e+00
7.000000000000000000e+03 2.800016998446350769e-01 1.880974055530268418e-01 6.432635411925352598e-01 1.638598088302230249e-01 4.779244424214838804e-03 0.000000000000000000e+00
7.250000000000000000e+03 2.900017605533720122e-01 1.735320892125625791e-01 6.776285844333181929e-01 1.466772872098315861e-01 2.162039144287664864e-03 0.000000000000000000e+00
7.500000000000000000e+03 3.000018212621089475e-01 1.638598088302230249e-01 6.827492034592625991e-01 1.506599908966772816e-01 2.730996813837050560e-03 0.000000000000000000e+00
7.750000000000000000e+03 3.100018819708458828e-01 1.609012289485662328e-01 6.814974965862540257e-01 1.535047792444242110e-01 4.096495220755575623e-03 0.000000000000000000e+00
8.000000000000000000e+03 3.200019426795828181e-01 1.630632680928539024e-01 6.803595812471552318e-01 1.532771961766044577e-01 3.299954483386436255e-03 0.000000000000000000e+00
8.250000000000000000e+03 3.300020033883199755e-01 1.751251706873008518e-01 6.579426490669094685e-01 1.618115612198452458e-01 5.120619025944469528e-03 0.000000000000000000e+00
8.500000000000000000e+03 3.400020640970569108e-01 2.203004096495220776e-01 5.900091033227128356e-01 1.830905780609922706e-01 6.599908966772872511e-03 0.000000000000000000e+00
8.750000000000000000e+03 3.500021248057938461e-01 2.439690487027765253e-01 5.526854802002730827e-01 1.959490213928083702e-01 7.396449704142011444e-03 0.000000000000000000e+00
9.000000000000000000e+03 3.600021855145307814e-01 2.544378698224852298e-01 5.446062812926718566e-01 1.906008192990441552e-01 1.035502958579881741e-02 0.000000000000000000e+00
9.250000000000000000e+03 3.700022462232677167e-01 2.616067364588074429e-01 5.483614019116977989e-01 1.804733727810650945e-01 9.558488848429677609e-03 0.000000000000000000e+00
9.500000000000000000e+03 3.800023069320046520e-01 2.604688211197087044e-01 5.644060081929904715e-01 1.623805188893946427e-01 1.274465179790623508e-02 0.000000000000000000e+00
9.750000000000000000e+03 3.900023676407415874e-01 2.594446973145198010e-01 5.558716431497496835e-01 1.672735548475193512e-01 1.741010468821119553e-02 0.000000000000000000e+00
1.000000000000000000e+04 4.000024283494785227e-01 2.650204824761037692e-01 5.473372781065088954e-01 1.743286299499317293e-01 1.331360946745562164e-02 0.000000000000000000e+00
1.025000000000000000e+04 4.100024890582154580e-01 2.467000455166135642e-01 5.840919435593991960e-01 1.611288120163859861e-01 8.079198907601274626e-03 0.000000000000000000e+00
1.050000000000000000e+04 4.200025497669523933e-01 2.255348202093764298e-01 6.070778334091943007e-01 1.594219390077378229e-01 7.965407373691398007e-03 0.000000000000000000e+00
1.075000000000000000e+04 4.300026104756893286e-01 2.323623122439690547e-01 5.904642694583522866e-01 1.680700955848884737e-01 9.103322712790167665e-03 0.000000000000000000e+00
1.100000000000000000e+04 4.400026711844262639e-01 2.271279016841147025e-01 5.898953117888029452e-01 1.750113791533909890e-01 7.965407373691398007e-03 0.000000000000000000e+00
1.125000000000000000e+04 4.500027318931634213e-01 2.362312243969048597e-01 5.810195721438324856e-01 1.742148384160218388e-01 8.534365043240782836e-03 0.000000000000000000e+00
1.150000000000000000e+04 4.600027926019003566e-01 2.434000910332271284e-01 5.481338188438780179e-01 1.990213928083750528e-01 9.444697314519799256e-03 0.000000000000000000e+00
1.175000000000000000e+04 4.700028533106372919e-01 2.605826126536185949e-01 5.392580791989075584e-01 1.890077378243058825e-01 1.115157032316795548e-02 0.000000000000000000e+00
1.200000000000000000e+04 4.800029140193742272e-01 2.666135639508420696e-01 5.364132908511606290e-01 1.888939462903959920e-01 8.079198907601274626e-03 0.000000000000000000e+00
1.225000000000000000e+04 4.900029747281111625e-01 2.710514337733272439e-01 5.463131543013199920e-01 1.743286299499317293e-01 8.306781975421027864e-03 0.000000000000000000e+00
1.250000000000000000e+04 5.000030354368480978e-01 2.757168866636321991e-01 5.467683204369594430e-01 1.694355939918070209e-01 8.079198907601274626e-03 0.000000000000000000e+00
1.275000000000000000e+04 5.100030961455850331e-01 2.728720983158853253e-01 5.530268548020027541e-01 1.672735548475193512e-01 6.827492034592626616e-03 0.000000000000000000e+00
1.300000000000000000e+04 5.200031568543221905e-01 2.847064178425124936e-01 5.513199817933546187e-01 1.569185252617205373e-01 7.055075102412380721e-03 0.000000000000000000e+00
1.325000000000000000e+04 5.300032175630591258e-01 2.861857077833409035e-01 5.575785161583978189e-01 1.479289940828402428e-01 8.306781975421027864e-03 0.000000000000000000e+00
1.350000000000000000e+04 5.400032782717960611e-01 2.878925807919890945e-01 5.499544833864360438e-01 1.510013654984069253e-01 1.115157032316795548e-02 0.000000000000000000e+00
1.375000000000000000e+04 5.500033389805329964e-01 2.782203004096495125e-01 5.763541192535275304e-01 1.384842967683204418e-01 6.941283568502503235e-03 0.000000000000000000e+00
1.400000000000000000e+04 5.600033996892699317e-01 2.657032316795630567e-01 5.925125170687300935e-01 1.323395539371870766e-01 9.444697314519799256e-03 0.000000000000000000e+00
1.425000000000000000e+04 5.700034603980068670e-01 2.595584888484296915e-01 5.954710969503869133e-01 1.363222576240327721e-01 8.648156577150659455e-03 0.000000000000000000e+00
1.450000000000000000e+04 5.800035211067438023e-01 2.586481565771506785e-01 5.828402366863905115e-01 1.498634501593081592e-01 8.648156577150659455e-03 0.000000000000000000e+00
1.475000000000000000e+04 5.900035818154809597e-01 2.477241693218024676e-01 5.859126081019572219e-01 1.586253982703686727e-01 7.737824305871643035e-03 0.000000000000000000e+00
1.500000000000000000e+04 6.000036425242178950e-01 2.598998634501593075e-01 5.703231679563040002e-01 1.612426035502958488e-01 8.534365043240782836e-03 0.000000000000000000e+00
1.525000000000000000e+04 6.100037032329548303e-01 2.683204369594902050e-01 5.611060537096039802e-01 1.631770596267637652e-01 7.396449704142011444e-03 0.000000000000000000e+00
1.550000000000000000e+04 6.200037639416917656e-01 2.685480200273099860e-01 5.317478379608556738e-01 1.920801092398725651e-01 7.624032771961766417e-03 0.000000000000000000e+00
1.575000000000000000e+04 6.300038246504287009e-01 2.774237596722803900e-01 5.318616294947655643e-01 1.820664542558033672e-01 8.648156577150659455e-03 0.000000000000000000e+00
1.600000000000000000e+04 6.400038853591656363e-01 2.890304961310878329e-01 5.388029130632681074e-01 1.646563495675921751e-01 7.510241238051888930e-03 0.000000000000000000e+00
1.625000000000000000e+04 6.500039460679025716e-01 2.712790168411470249e-01 5.563268092853891345e-01 1.636322257624032717e-01 8.761948111060537808e-03 0.000000000000000000e+00
1.650000000000000000e+04 6.600040067766397289e-01 2.695721438324988894e-01 5.624715521165225551e-01 1.606736458807464796e-01 7.282658170232134826e-03 0.000000000000000000e+00
1.675000000000000000e+04 6.700040674853766642e-01 2.713928083750569153e-01 5.728265817023213691e-01 1.477014110150204895e-01 8.079198907601274626e-03 0.000000000000000000e+00
1.700000000000000000e+04 6.800041281941138216e-01 2.591033227127901850e-01 5.776058261265362148e-01 1.544151115157032239e-01 8.875739644970414427e-03 0.000000000000000000e+00
1.725000000000000000e+04 6.900041889028507569e-01 2.563723258989530907e-01 5.810195721438324856e-01 1.564633591260810308e-01 6.144742831133363434e-03 0.000000000000000000e+00
1.750000000000000000e+04 7.000042496115874702e-01 2.467000455166135642e-01 5.895539371870732737e-01 1.580564406008193035e-01 5.689576695493855224e-03 0.000000000000000000e+00
1.775000000000000000e+04 7.100043103203244055e-01 2.505689576695493970e-01 5.917159763313609711e-01 1.519116977696859383e-01 5.803368229403732710e-03 0.000000000000000000e+00
1.800000000000000000e+04 7.200043710290613408e-01 2.551206190259444617e-01 5.923987255348202030e-01 1.472462448793809831e-01 5.234410559854347014e-03 0.000000000000000000e+00
1.825000000000000000e+04 7.300044317377982761e-01 2.601274465179790885e-01 5.802230314064633632e-01 1.521392808375056915e-01 7.510241238051888930e-03 0.000000000000000000e+00
1.850000000000000000e+04 7.400044924465354335e-01 2.712790168411470249e-01 5.605370960400546387e-01 1.612426035502958488e-01 6.941283568502503235e-03 0.000000000000000000e+00
1.875000000000000000e+04 7.500045531552723688e-01 2.773099681383704995e-01 5.613336367774237612e-01 1.544151115157032239e-01 6.941283568502503235e-03 0.000000000000000000e+00
1.900000000000000000e+04 7.600046138640093041e-01 2.737824305871643382e-01 5.731679563040509295e-01 1.451979972690031762e-01 7.851615839781519654e-03 0.000000000000000000e+00
1.925000000000000000e+04 7.700046745727462394e-01 2.610377787892581014e-01 5.790851160673645692e-01 1.522530723714155543e-01 7.624032771961766417e-03 0.000000000000000000e+00
1.950000000000000000e+04 7.800047352814831747e-01 2.579654073736913911e-01 5.909194355939918486e-01 1.438324988620846567e-01 7.282658170232134826e-03 0.000000000000000000e+00
1.975000000000000000e+04 7.900047959902201100e-01 2.495448338643604935e-01 6.051433773327264953e-01 1.388256713700500578e-01 6.486117432862995025e-03 0.000000000000000000e+00
2.000000000000000000e+04 8.000048566989570453e-01 2.370277651342740100e-01 6.079881656804734247e-01 1.496358670914884059e-01 5.348202093764223633e-03 0.000000000000000000e+00
2.025000000000000000e+04 8.100049174076942027e-01 2.488620846609012338e-01 5.984296768320437332e-01 1.474738279472007363e-01 5.234410559854347014e-03 0.000000000000000000e+00
2.050000000000000000e+04 8.200049781164311380e-01 2.467000455166135642e-01 5.852298588984979899e-01 1.639736003641329154e-01 4.096495220755575623e-03 0.000000000000000000e+00
2.075000000000000000e+04 8.300050388251680733e-01 2.564861174328629811e-01 5.725989986345015881e-01 1.642011834319526686e-01 6.713700500682749130e-03 0.000000000000000000e+00
2.100000000000000000e+04 8.400050995339050086e-01 2.560309512972234747e-01 5.727127901684114786e-01 1.652253072371415443e-01 6.030951297223486815e-03 0.000000000000000000e+00
2.125000000000000000e+04 8.500051602426419439e-01 2.664997724169321791e-01 5.757851615839781889e-01 1.514565316340464318e-01 6.258534365043240920e-03 0.000000000000000000e+00
2.150000000000000000e+04 8.600052209513788792e-01 2.537551206190259423e-01 5.935366408739189970e-01 1.494082840236686527e-01 3.299954483386436255e-03 0.000000000000000000e+00
2.175000000000000000e+04 8.700052816601158145e-01 2.518206645425580259e-01 5.976331360946746107e-01 1.448566226672735602e-01 5.689576695493855224e-03 0.000000000000000000e+00
2.200000000000000000e+04 8.800053423688529719e-01 2.570550751024123781e-01 5.971779699590350488e-01 1.408739189804278646e-01 4.893035958124715423e-03 0.000000000000000000e+00
2.225000000000000000e+04 8.900054030775899072e-01 2.702548930359581214e-01 5.834091943559399640e-01 1.409877105143377274e-01 5.348202093764223633e-03 0.000000000000000000e+00
2.250000000000000000e+04 9.000054637863268425e-01 2.683204369594902050e-01 5.834091943559399640e-01 1.412152935821574806e-01 7.055075102412380721e-03 0.000000000000000000e+00
2.275000000000000000e+04 9.100055244950637778e-01 2.633136094674556338e-01 5.757851615839781889e-01 1.528220300409649512e-01 8.079198907601274626e-03 0.000000000000000000e+00
2.300000000000000000e+04 9.200055852038007131e-01 2.803823395539372099e-01 5.649749658625398130e-01 1.454255803368229294e-01 9.217114246700046018e-03 0.000000000000000000e+00
2.325000000000000000e+04 9.300056459125376485e-01 2.809512972234865513e-01 5.581474738279471604e-01 1.512289485662266786e-01 9.672280382339554228e-03 0.000000000000000000e+00
2.350000000000000000e+04 9.400057066212745838e-01 2.754893035958124736e-01 5.639508420573509095e-01 1.515703231679562946e-01 8.989531178880291046e-03 0.000000000000000000e+00
2.375000000000000000e+04 9.500057673300117411e-01 2.752617205279926926e-01 5.634956759217114586e-01 1.511151570323167881e-01 1.012744651797906244e-02 0.000000000000000000e+00
2.400000000000000000e+04 9.600058280387486764e-01 2.852753755120618906e-01 5.509786071916249472e-01 1.561219845243513871e-01 7.624032771961766417e-03 0.000000000000000000e+00
2.425000000000000000e+04 9.700058887474856117e-01 3.046199362767409990e-01 5.262858443331815961e-01 1.637460172963131622e-01 5.348202093764223633e-03 0.000000000000000000e+00
2.450000000000000000e+04 9.800059494562225471e-01 3.093991807009558448e-01 5.232134729176148857e-01 1.594219390077378229e-01 7.965407373691398007e-03 0.000000000000000000e+00
2.475000000000000000e+04 9.900060101649594824e-01 3.083750568957669413e-01 5.207100591715976279e-01 1.620391442876649990e-01 8.875739644970414427e-03 0.000000000000000000e+00
2.500000000000000000e+04 1.000006070873696640e+00 3.114474283113336517e-01 5.145653163404643182e-01 1.640873918980427781e-01 9.899863450159307465e-03 0.000000000000000000e+00
