# itime ezz other fcc hcp bcc ico
0.000000000000000000e+00 0.000000000000000000e+00 0.000000000000000000e+00 1.000000000000000000e+00 0.000000000000000000e+00 0.000000000000000000e+00 0.000000000000000000e+00
2.500000000000000000e+01 1.000070022147303561e-03 0.000000000000000000e+00 1.000000000000000000e+00 0.000000000000000000e+00 0.000000000000000000e+00 0.000000000000000000e+00
5.000000000000000000e+01 2.000140044294607122e-03 0.000000000000000000e+00 1.000000000000000000e+00 0.000000000000000000e+00 0.000000000000000000e+00 0.000000000000000000e+00
7.500000000000000000e+01 3.000210066441910683e-03 0.000000000000000000e+00 1.000000000000000000e+00 0.000000000000000000e+00 0.000000000000000000e+00 0.000000000000000000e+00
1.000000000000000000e+02 4.000280088589214245e-03 0.000000000000000000e+00 1.000000000000000000e+00 0.000000000000000000e+00 0.000000000000000000e+00 0.000000000000000000e+00
1.250000000000000000e+02 5.000350110736517806e-03 0.000000000000000000e+00 1.000000000000000000e+00 0.000000000000000000e+00 0.000000000000000000e+00 0.000000000000000000e+00
1.500000000000000000e+02 6.000420132883821367e-03 0.000000000000000000e+00 1.000000000000000000e+00 0.000000000000000000e+00 0.000000000000000000e+00 0.000000000000000000e+00
1.750000000000000000e+02 7.000490155031124928e-03 0.000000000000000000e+00 1.000000000000000000e+00 0.000000000000000000e+00 0.000000000000000000e+00 0.000000000000000000e+00
2.000000000000000000e+02 8.000560177178428489e-03 0.000000000000000000e+00 1.000000000000000000e+00 0.000000000000000000e+00 0.000000000000000000e+00 0.000000000000000000e+00
2.250000000000000000e+02 9.000630199325732050e-03 0.000000000000000000e+00 1.000000000000000000e+00 0.000000000000000000e+00 0.000000000000000000e+00 0.000000000000000000e+00
2.500000000000000000e+02 1.000070022147281357e-02 0.000000000000000000e+00 1.000000000000000000e+00 0.000000000000000000e+00 0.000000000000000000e+00 0.000000000000000000e+00
2.750000000000000000e+02 1.100077024362011713e-02 0.000000000000000000e+00 1.000000000000000000e+00 0.000000000000000000e+00 0.000000000000000000e+00 0.000000000000000000e+00
3.000000000000000000e+02 1.200084026576742069e-02 0.000000000000000000e+00 1.000000000000000000e+00 0.000000000000000000e+00 0.000000000000000000e+00 0.000000000000000000e+00
3.250000000000000000e+02 1.300091028791472425e-02 0.000000000000000000e+00 1.000000000000000000e+00 0.000000000000000000e+00 0.000000000000000000e+00 0.000000000000000000e+00
3.500000000000000000e+02 1.400098031006202781e-02 0.000000000000000000e+00 1.000000000000000000e+00 0.000000000000000000e+00 0.000000000000000000e+00 0.000000000000000000e+00
3.750000000000000000e+02 1.500105033220933137e-02 0.000000000000000000e+00 1.000000000000000000e+00 0.000000000000000000e+00 0.000000000000000000e+00 0.000000000000000000e+00
4.000000000000000000e+02 1.600112035435663493e-02 0.000000000000000000e+00 1.000000000000000000e+00 0.000000000000000000e+00 0.000000000000000000e+00 0.000000000000000000e+00
4.250000000000000000e+02 1.700119037650393850e-02 0.000000000000000000e+00 1.000000000000000000e+00 0.000000000000000000e+00 0.000000000000000000e+00 0.000000000000000000e+00
4.500000000000000000e+02 1.800126039865124206e-02 0.000000000000000000e+00 1.000000000000000000e+00 0.000000000000000000e+00 0.000000000000000000e+00 0.000000000000000000e+00
4.750000000000000000e+02 1.900133042079854562e-02 0.000000000000000000e+00 1.000000000000000000e+00 0.000000000000000000e+00 0.000000000000000000e+00 0.000000000000000000e+00
5.000000000000000000e+02 2.000140044294584918e-02 0.000000000000000000e+00 1.000000000000000000e+00 0.000000000000000000e+00 0.000000000000000000e+00 0.000000000000000000e+00
5.250000000000000000e+02 2.100147046509315274e-02 0.000000000000000000e+00 1.000000000000000000e+00 0.000000000000000000e+00 0.000000000000000000e+00 0.000000000000000000e+00
5.500000000000000000e+02 2.200154048724045630e-02 0.000000000000000000e+00 1.000000000000000000e+00 0.000000000000000000e+00 0.000000000000000000e+00 0.000000000000000000e+00
5.750000000000000000e+02 2.300161050938775986e-02 0.000000000000000000e+00 1.000000000000000000e+00 0.000000000000000000e+00 0.000000000000000000e+00 0.000000000000000000e+00
6.000000000000000000e+02 2.400168053153506342e-02 0.000000000000000000e+00 1.000000000000000000e+00 0.000000000000000000e+00 0.000000000000000000e+00 0.000000000000000000e+00
6.250000000000000000e+02 2.500175055368236698e-02 0.000000000000000000e+00 1.000000000000000000e+00 0.000000000000000000e+00 0.000000000000000000e+00 0.000000000000000000e+00
6.500000000000000000e+02 2.600182057582967055e-02 0.000000000000000000e+00 1.000000000000000000e+00 0.000000000000000000e+00 0.000000000000000000e+00 0.000000000000000000e+00
6.750000000000000000e+02 2.700189059797697411e-02 0.000000000000000000e+00 1.000000000000000000e+00 0.000000000000000000e+00 0.000000000000000000e+00 0.000000000000000000e+00
7.000000000000000000e+02 2.800196062012427767e-02 0.000000000000000000e+00 1.000000000000000000e+00 0.000000000000000000e+00 0.000000000000000000e+00 0.000000000000000000e+00
7.250000000000000000e+02 2.900203064227158123e-02 0.000000000000000000e+00 1.000000000000000000e+00 0.000000000000000000e+00 0.000000000000000000e+00 0.000000000000000000e+00
7.500000000000000000e+02 3.000210066441866275e-02 0.000000000000000000e+00 1.000000000000000000e+00 0.000000000000000000e+00 0.000000000000000000e+00 0.000000000000000000e+00
7.750000000000000000e+02 3.100217068656596631e-02 0.000000000000000000e+00 1.000000000000000000e+00 0.000000000000000000e+00 0.000000000000000000e+00 0.000000000000000000e+00
8.000000000000000000e+02 3.200224070871326987e-02 0.000000000000000000e+00 1.000000000000000000e+00 0.000000000000000000e+00 0.000000000000000000e+00 0.000000000000000000e+00
8.250000000000000000e+02 3.300231073086057343e-02 0.000000000000000000e+00 1.000000000000000000e+00 0.000000000000000000e+00 0.000000000000000000e+00 0.000000000000000000e+00
8.500000000000000000e+02 3.400238075300787699e-02 0.000000000000000000e+00 1.000000000000000000e+00 0.000000000000000000e+00 0.000000000000000000e+00 0.000000000000000000e+00
8.750000000000000000e+02 3.500245077515518055e-02 0.000000000000000000e+00 1.000000000000000000e+00 0.000000000000000000e+00 0.000000000000000000e+00 0.000000000000000000e+00
9.000000000000000000e+02 3.600252079730248411e-02 0.000000000000000000e+00 1.000000000000000000e+00 0.000000000000000000e+00 0.000000000000000000e+00 0.000000000000000000e+00
9.250000000000000000e+02 3.700259081944978767e-02 0.000000000000000000e+00 1.000000000000000000e+00 0.000000000000000000e+00 0.000000000000000000e+00 0.000000000000000000e+00
9.500000000000000000e+02 3.800266084159709123e-02 0.000000000000000000e+00 1.000000000000000000e+00 0.000000000000000000e+00 0.000000000000000000e+00 0.000000000000000000e+00
9.750000000000000000e+02 3.900273086374439480e-02 0.000000000000000000e+00 1.000000000000000000e+00 0.000000000000000000e+00 0.000000000000000000e+00 0.000000000000000000e+00
1.000000000000000000e+03 4.000280088589169836e-02 0.000000000000000000e+00 1.000000000000000000e+00 0.000000000000000000e+00 0.000000000000000000e+00 0.000000000000000000e+00
1.025000000000000000e+03 4.100287090803900192e-02 0.000000000000000000e+00 1.000000000000000000e+00 0.000000000000000000e+00 0.000000000000000000e+00 0.000000000000000000e+00
1.050000000000000000e+03 4.200294093018630548e-02 0.000000000000000000e+00 1.000000000000000000e+00 0.000000000000000000e+00 0.000000000000000000e+00 0.000000000000000000e+00
1.075000000000000000e+03 4.300301095233360904e-02 0.000000000000000000e+00 1.000000000000000000e+00 0.000000000000000000e+00 0.000000000000000000e+00 0.000000000000000000e+00
1.100000000000000000e+03 4.400308097448091260e-02 0.000000000000000000e+00 1.000000000000000000e+00 0.000000000000000000e+00 0.000000000000000000e+00 0.000000000000000000e+00
1.125000000000000000e+03 4.500315099662821616e-02 0.000000000000000000e+00 1.000000000000000000e+00 0.000000000000000000e+00 0.000000000000000000e+00 0.000000000000000000e+00
1.150000000000000000e+03 4.600322101877551972e-02 0.000000000000000000e+00 1.000000000000000000e+00 0.000000000000000000e+00 0.000000000000000000e+00 0.000000000000000000e+00
1.175000000000000000e+03 4.700329104092282329e-02 0.000000000000000000e+00 1.000000000000000000e+00 0.000000000000000000e+00 0.000000000000000000e+00 0.000000000000000000e+00
1.200000000000000000e+03 4.800336106307012685e-02 0.000000000000000000e+00 1.000000000000000000e+00 0.000000000000000000e+00 0.000000000000000000e+00 0.000000000000000000e+00
1.225000000000000000e+03 4.900343108521743041e-02 0.000000000000000000e+00 1.000000000000000000e+00 0.000000000000000000e+00 0.000000000000000000e+00 0.000000000000000000e+00
1.250000000000000000e+03 5.000350110736451192e-02 0.000000000000000000e+00 1.000000000000000000e+00 0.000000000000000000e+00 0.000000000000000000e+00 0.000000000000000000e+00
1.275000000000000000e+03 5.100357112951181549e-02 0.000000000000000000e+00 1.000000000000000000e+00 0.000000000000000000e+00 0.000000000000000000e+00 0.000000000000000000e+00
1.300000000000000000e+03 5.200364115165911905e-02 0.000000000000000000e+00 1.000000000000000000e+00 0.000000000000000000e+00 0.000000000000000000e+00 0.000000000000000000e+00
1.325000000000000000e+03 5.300371117380642261e-02 0.000000000000000000e+00 1.000000000000000000e+00 0.000000000000000000e+00 0.000000000000000000e+00 0.000000000000000000e+00
1.350000000000000000e+03 5.400378119595372617e-02 0.000000000000000000e+00 1.000000000000000000e+00 0.000000000000000000e+00 0.000000000000000000e+00 0.000000000000000000e+00
1.375000000000000000e+03 5.500385121810102973e-02 0.000000000000000000e+00 1.000000000000000000e+00 0.000000000000000000e+00 0.000000000000000000e+00 0.000000000000000000e+00
1.400000000000000000e+03 5.600392124024833329e-02 1.137915339098771066e-04 9.998862084660901095e-01 0.000000000000000000e+00 0.000000000000000000e+00 0.000000000000000000e+00
1.425000000000000000e+03 5.700399126239563685e-02 0.000000000000000000e+00 1.000000000000000000e+00 0.000000000000000000e+00 0.000000000000000000e+00 0.000000000000000000e+00
1.450000000000000000e+03 5.800406128454294041e-02 0.000000000000000000e+00 1.000000000000000000e+00 0.000000000000000000e+00 0.000000000000000000e+00 0.000000000000000000e+00
1.475000000000000000e+03 5.900413130669024397e-02 0.000000000000000000e+00 1.000000000000000000e+00 0.000000000000000000e+00 0.000000000000000000e+00 0.000000000000000000e+00
1.500000000000000000e+03 6.000420132883754754e-02 0.000000000000000000e+00 1.000000000000000000e+00 0.000000000000000000e+00 0.000000000000000000e+00 0.000000000000000000e+00
1.525000000000000000e+03 6.100427135098485110e-02 4.551661356395084266e-04 9.995448338643604380e-01 0.000000000000000000e+00 0.000000000000000000e+00 0.000000000000000000e+00
1.550000000000000000e+03 6.200434137313215466e-02 2.275830678197542133e-04 9.997724169321802190e-01 0.000000000000000000e+00 0.000000000000000000e+00 0.000000000000000000e+00
1.575000000000000000e+03 6.300441139527945822e-02 0.000000000000000000e+00 1.000000000000000000e+00 0.000000000000000000e+00 0.000000000000000000e+00 0.000000000000000000e+00
1.600000000000000000e+03 6.400448141742676178e-02 0.000000000000000000e+00 1.000000000000000000e+00 0.000000000000000000e+00 0.000000000000000000e+00 0.000000000000000000e+00
1.625000000000000000e+03 6.500455143957406534e-02 0.000000000000000000e+00 1.000000000000000000e+00 0.000000000000000000e+00 0.000000000000000000e+00 0.000000000000000000e+00
1.650000000000000000e+03 6.600462146172136890e-02 0.000000000000000000e+00 1.000000000000000000e+00 0.000000000000000000e+00 0.000000000000000000e+00 0.000000000000000000e+00
1.675000000000000000e+03 6.700469148386867246e-02 0.000000000000000000e+00 1.000000000000000000e+00 0.000000000000000000e+00 0.000000000000000000e+00 0.000000000000000000e+00
1.700000000000000000e+03 6.800476150601597602e-02 0.000000000000000000e+00 1.000000000000000000e+00 0.000000000000000000e+00 0.000000000000000000e+00 0.000000000000000000e+00
1.725000000000000000e+03 6.900483152816305754e-02 0.000000000000000000e+00 1.000000000000000000e+00 0.000000000000000000e+00 0.000000000000000000e+00 0.000000000000000000e+00
1.750000000000000000e+03 7.000490155031036110e-02 3.413746017296313199e-04 9.996586253982703285e-01 0.000000000000000000e+00 0.000000000000000000e+00 0.000000000000000000e+00
1.775000000000000000e+03 7.100497157245766466e-02 0.000000000000000000e+00 1.000000000000000000e+00 0.000000000000000000e+00 0.000000000000000000e+00 0.000000000000000000e+00
1.800000000000000000e+03 7.200504159460496822e-02 1.137915339098771066e-04 9.998862084660901095e-01 0.000000000000000000e+00 0.000000000000000000e+00 0.000000000000000000e+00
1.825000000000000000e+03 7.300511161675227179e-02 0.000000000000000000e+00 1.000000000000000000e+00 0.000000000000000000e+00 0.000000000000000000e+00 0.000000000000000000e+00
1.850000000000000000e+03 7.400518163889957535e-02 1.137915339098771066e-04 9.997724169321802190e-01 0.000000000000000000e+00 1.137915339098771066e-04 0.000000000000000000e+00
1.875000000000000000e+03 7.500525166104687891e-02 0.000000000000000000e+00 1.000000000000000000e+00 0.000000000000000000e+00 0.000000000000000000e+00 0.000000000000000000e+00
1.900000000000000000e+03 7.600532168319418247e-02 4.551661356395084266e-04 9.995448338643604380e-01 0.000000000000000000e+00 0.000000000000000000e+00 0.000000000000000000e+00
1.925000000000000000e+03 7.700539170534148603e-02 0.000000000000000000e+00 1.000000000000000000e+00 0.000000000000000000e+00 0.000000000000000000e+00 0.000000000000000000e+00
1.950000000000000000e+03 7.800546172748878959e-02 3.413746017296313199e-04 9.996586253982703285e-01 0.000000000000000000e+00 0.000000000000000000e+00 0.000000000000000000e+00
1.975000000000000000e+03 7.900553174963609315e-02 0.000000000000000000e+00 1.000000000000000000e+00 0.000000000000000000e+00 0.000000000000000000e+00 0.000000000000000000e+00
2.000000000000000000e+03 8.000560177178339671e-02 2.275830678197542133e-04 9.996586253982703285e-01 0.000000000000000000e+00 1.137915339098771066e-04 0.000000000000000000e+00
2.025000000000000000e+03 8.100567179393070028e-02 4.551661356395084266e-04 9.995448338643604380e-01 0.000000000000000000e+00 0.000000000000000000e+00 0.000000000000000000e+00
2.050000000000000000e+03 8.200574181607800384e-02 7.965407373691396923e-04 9.990896677287209870e-01 0.000000000000000000e+00 1.137915339098771066e-04 0.000000000000000000e+00
2.075000000000000000e+03 8.300581183822530740e-02 3.413746017296313199e-04 9.996586253982703285e-01 0.000000000000000000e+00 0.000000000000000000e+00 0.000000000000000000e+00
2.100000000000000000e+03 8.400588186037261096e-02 3.413746017296313199e-04 9.996586253982703285e-01 0.000000000000000000e+00 0.000000000000000000e+00 0.000000000000000000e+00
2.125000000000000000e+03 8.500595188251991452e-02 4.551661356395084266e-04 9.995448338643604380e-01 0.000000000000000000e+00 0.000000000000000000e+00 0.000000000000000000e+00
2.150000000000000000e+03 8.600602190466721808e-02 3.413746017296313199e-04 9.996586253982703285e-01 0.000000000000000000e+00 0.000000000000000000e+00 0.000000000000000000e+00
2.175000000000000000e+03 8.700609192681452164e-02 2.275830678197542133e-04 9.997724169321802190e-01 0.000000000000000000e+00 0.000000000000000000e+00 0.000000000000000000e+00
2.200000000000000000e+03 8.800616194896182520e-02 1.024123805188893906e-03 9.989758761948110966e-01 0.000000000000000000e+00 0.000000000000000000e+00 0.000000000000000000e+00
2.225000000000000000e+03 8.900623197110890672e-02 1.479289940828402332e-03 9.985207100591716456e-01 0.000000000000000000e+00 0.000000000000000000e+00 0.000000000000000000e+00
2.250000000000000000e+03 9.000630199325621028e-02 1.137915339098770958e-03 9.988620846609012061e-01 0.000000000000000000e+00 0.000000000000000000e+00 0.000000000000000000e+00
2.275000000000000000e+03 9.100637201540351384e-02 2.275830678197542133e-04 9.997724169321802190e-01 0.000000000000000000e+00 0.000000000000000000e+00 0.000000000000000000e+00
2.300000000000000000e+03 9.200644203755081740e-02 7.965407373691396923e-04 9.990896677287209870e-01 0.000000000000000000e+00 1.137915339098771066e-04 0.000000000000000000e+00
2.325000000000000000e+03 9.300651205969812096e-02 4.551661356395084266e-04 9.995448338643604380e-01 0.000000000000000000e+00 0.000000000000000000e+00 0.000000000000000000e+00
2.350000000000000000e+03 9.400658208184542453e-02 5.689576695493854790e-04 9.994310423304506585e-01 0.000000000000000000e+00 0.000000000000000000e+00 0.000000000000000000e+00
2.375000000000000000e+03 9.500665210399272809e-02 1.024123805188893906e-03 9.989758761948110966e-01 0.000000000000000000e+00 0.000000000000000000e+00 0.000000000000000000e+00
2.400000000000000000e+03 9.600672212614003165e-02 1.251706873008648227e-03 9.987482931269913156e-01 0.000000000000000000e+00 0.000000000000000000e+00 0.000000000000000000e+00
2.425000000000000000e+03 9.700679214828733521e-02 7.965407373691396923e-04 9.992034592626308775e-01 0.000000000000000000e+00 0.000000000000000000e+00 0.000000000000000000e+00
2.450000000000000000e+03 9.800686217043463877e-02 2.048247610377787811e-03 9.977241693218024121e-01 0.000000000000000000e+00 2.275830678197542133e-04 0.000000000000000000e+00
2.475000000000000000e+03 9.900693219258194233e-02 1.137915339098770958e-03 9.986345015930814251e-01 0.000000000000000000e+00 2.275830678197542133e-04 0.000000000000000000e+00
2.500000000000000000e+03 1.000070022147292459e-01 1.934456076467910759e-03 9.979517523896221931e-01 0.000000000000000000e+00 1.137915339098771066e-04 0.000000000000000000e+00
2.525000000000000000e+03 1.010070722368765495e-01 2.389622212107419402e-03 9.974965862539827421e-01 0.000000000000000000e+00 1.137915339098771066e-04 0.000000000000000000e+00
2.550000000000000000e+03 1.020071422590238530e-01 3.299954483386436255e-03 9.964724624487938387e-01 0.000000000000000000e+00 2.275830678197542133e-04 0.000000000000000000e+00
2.575000000000000000e+03 1.030072122811711566e-01 4.210286754665453109e-03 9.955621301775148257e-01 0.000000000000000000e+00 2.275830678197542133e-04 0.000000000000000000e+00
2.600000000000000000e+03 1.040072823033184601e-01 4.096495220755575623e-03 9.955621301775148257e-01 0.000000000000000000e+00 3.413746017296313199e-04 0.000000000000000000e+00
2.625000000000000000e+03 1.050073523254657637e-01 3.755120619025944465e-03 9.961310878470641672e-01 0.000000000000000000e+00 1.137915339098771066e-04 0.000000000000000000e+00
2.650000000000000000e+03 1.060074223476130673e-01 5.120619025944469528e-03 9.944242148384160318e-01 0.000000000000000000e+00 4.551661356395084266e-04 0.000000000000000000e+00
2.675000000000000000e+03 1.070074923697603708e-01 4.893035958124715423e-03 9.947655894401457033e-01 0.000000000000000000e+00 3.413746017296313199e-04 0.000000000000000000e+00
2.700000000000000000e+03 1.080075623919076744e-01 5.575785161583977738e-03 9.944242148384160318e-01 0.000000000000000000e+00 0.000000000000000000e+00 0.000000000000000000e+00
2.725000000000000000e+03 1.090076324140547559e-01 5.917159763313609329e-03 9.938552571688666903e-01 0.000000000000000000e+00 2.275830678197542133e-04 0.000000000000000000e+00
2.750000000000000000e+03 1.100077024362020595e-01 7.168866636322257339e-03 9.926035502958580059e-01 0.000000000000000000e+00 2.275830678197542133e-04 0.000000000000000000e+00
2.775000000000000000e+03 1.110077724583493630e-01 9.558488848429677609e-03 9.902139280837505275e-01 0.000000000000000000e+00 2.275830678197542133e-04 0.000000000000000000e+00
2.800000000000000000e+03 1.120078424804966666e-01 7.282658170232134826e-03 9.922621756941283344e-01 0.000000000000000000e+00 4.551661356395084266e-04 0.000000000000000000e+00
2.825000000000000000e+03 1.130079125026439701e-01 1.206190259444697363e-02 9.866863905325443662e-01 0.000000000000000000e+00 1.251706873008648227e-03 0.000000000000000000e+00
2.850000000000000000e+03 1.140079825247912737e-01 1.194811106053709528e-02 9.871415566681839282e-01 0.000000000000000000e+00 9.103322712790168532e-04 0.000000000000000000e+00
2.875000000000000000e+03 1.150080525469385773e-01 1.957214383249886169e-02 9.789485662266727006e-01 0.000000000000000000e+00 1.479289940828402332e-03 0.000000000000000000e+00
2.900000000000000000e+03 1.160081225690858808e-01 1.854802002730996865e-02 9.797451069640418231e-01 0.000000000000000000e+00 1.706873008648156654e-03 0.000000000000000000e+00
2.925000000000000000e+03 1.170081925912331844e-01 2.150659990896677115e-02 9.766727355484752238e-01 0.000000000000000000e+00 1.820664542558033706e-03 0.000000000000000000e+00
2.950000000000000000e+03 1.180082626133804879e-01 3.231679563040509851e-02 9.626763768775603580e-01 0.000000000000000000e+00 5.006827492034592909e-03 0.000000000000000000e+00
2.975000000000000000e+03 1.190083326355277915e-01 5.359581247155211642e-02 9.326354119253527086e-01 0.000000000000000000e+00 1.376877560309512985e-02 0.000000000000000000e+00
3.000000000000000000e+03 1.200084026576750951e-01 6.531634046426945672e-02 9.063495675921711126e-01 0.000000000000000000e+00 2.833409194355939950e-02 0.000000000000000000e+00
3.025000000000000000e+03 1.210084726798223986e-01 1.090122894856622726e-01 8.131543013199817871e-01 0.000000000000000000e+00 7.783340919435594030e-02 0.000000000000000000e+00
3.050000000000000000e+03 1.220085427019697022e-01 1.785389167045971781e-01 6.356395084205734847e-01 0.000000000000000000e+00 1.858215748748293095e-01 0.000000000000000000e+00
3.075000000000000000e+03 1.230086127241170058e-01 2.767410104688211026e-01 4.044151115157032517e-01 1.137915339098771066e-04 3.187300864815657553e-01 0.000000000000000000e+00
3.100000000000000000e+03 1.240086827462643093e-01 3.623122439690487084e-01 2.206417842512516936e-01 3.413746017296313199e-04 4.167045971779699820e-01 0.000000000000000000e+00
3.125000000000000000e+03 1.250087527684116129e-01 3.863222576240327721e-01 1.515703231679562946e-01 5.689576695493854790e-04 4.615384615384615641e-01 0.000000000000000000e+00
3.150000000000000000e+03 1.260088227905589164e-01 3.809740555302685294e-01 1.469048702776513393e-01 4.551661356395084266e-04 4.716659080564405970e-01 0.000000000000000000e+00
3.175000000000000000e+03 1.270088928127062200e-01 3.665225307237141572e-01 1.701183431952662806e-01 9.103322712790168532e-04 4.624487938097405770e-01 0.000000000000000000e+00
3.200000000000000000e+03 1.280089628348533015e-01 3.629949931725079404e-01 1.744424214838415921e-01 5.689576695493854790e-04 4.619936276741010706e-01 0.000000000000000000e+00
3.225000000000000000e+03 1.290090328570006051e-01 3.705052344105598805e-01 1.814974965862539702e-01 3.413746017296313199e-04 4.476558944014565333e-01 0.000000000000000000e+00
3.250000000000000000e+03 1.300091028791479086e-01 4.087391898042785354e-01 1.686390532544378706e-01 1.706873008648156654e-03 4.209148839326354308e-01 0.000000000000000000e+00
3.275000000000000000e+03 1.310091729012952122e-01 4.119253527537551363e-01 1.738734638142922229e-01 3.641329085116067413e-03 4.105598543468366168e-01 0.000000000000000000e+00
3.300000000000000000e+03 1.320092429234425158e-01 4.058944014565316616e-01 1.862767410104688159e-01 1.365498406918525323e-02 3.941738734638142727e-01 0.000000000000000000e+00
3.325000000000000000e+03 1.330093129455898193e-01 4.121529358215748617e-01 1.779699590350477811e-01 2.753755120619025970e-02 3.823395539371870488e-01 0.000000000000000000e+00
3.350000000000000000e+03 1.340093829677371229e-01 4.093081474738279324e-01 1.708010923987255403e-01 3.800637232589895026e-02 3.818843878015475424e-01 0.000000000000000000e+00
3.375000000000000000e+03 1.350094529898844264e-01 4.145425580336822846e-01 1.642011834319526686e-01 5.234410559854346667e-02 3.689121529358215801e-01 0.000000000000000000e+00
3.400000000000000000e+03 1.360095230120317300e-01 4.254665452890304955e-01 1.646563495675921751e-01 8.010923987255348655e-02 3.297678652708238567e-01 0.000000000000000000e+00
3.425000000000000000e+03 1.370095930341790336e-01 4.258079198907601115e-01 1.850250341374601593e-01 1.059399180700955900e-01 2.832271279016841392e-01 0.000000000000000000e+00
3.450000000000000000e+03 1.380096630563263371e-01 4.334319526627218866e-01 1.935593991807009473e-01 1.299499317250796537e-01 2.430587164314974846e-01 0.000000000000000000e+00
3.475000000000000000e+03 1.390097330784736407e-01 4.274010013654984119e-01 2.035730541647701453e-01 1.391670459717797015e-01 2.298588984979517413e-01 0.000000000000000000e+00
3.500000000000000000e+03 1.400098031006209442e-01 4.283113336367774249e-01 2.085798816568047442e-01 1.432635411925352875e-01 2.198452435138825711e-01 0.000000000000000000e+00
3.525000000000000000e+03 1.410098731227682478e-01 4.127218934911242587e-01 2.248520710059171701e-01 1.527082385070550885e-01 2.097177969959035104e-01 0.000000000000000000e+00
3.550000000000000000e+03 1.420099431449155514e-01 4.105598543468366168e-01 2.472690031861629611e-01 1.591943559399180697e-01 1.829767865270823801e-01 0.000000000000000000e+00
3.575000000000000000e+03 1.430100131670628549e-01 4.146563495675921751e-01 2.631998179335457433e-01 1.569185252617205373e-01 1.652253072371415443e-01 0.000000000000000000e+00
3.600000000000000000e+03 1.440100831892101585e-01 3.957669549385525731e-01 2.888029130632681074e-01 1.696631770596267741e-01 1.457669549385525731e-01 0.000000000000000000e+00
3.625000000000000000e+03 1.450101532113574621e-01 3.983841602184797215e-01 2.963131543013199920e-01 1.723941738734638129e-01 1.329085116067364458e-01 0.000000000000000000e+00
3.650000000000000000e+03 1.460102232335047656e-01 3.949704142011834507e-01 3.153163404642694845e-01 1.785389167045971781e-01 1.111743286299499284e-01 0.000000000000000000e+00
3.675000000000000000e+03 1.470102932556520692e-01 3.851843422849339782e-01 3.365953573054164538e-01 1.822940373236231204e-01 9.592626308602640595e-02 0.000000000000000000e+00
3.700000000000000000e+03 1.480103632777991507e-01 3.845015930814747462e-01 3.569640418752844657e-01 1.865043240782885692e-01 7.203004096495220498e-02 0.000000000000000000e+00
3.725000000000000000e+03 1.490104332999464543e-01 3.752844788347746707e-01 3.760810195721438487e-01 1.886663632225762388e-01 5.996813837050523482e-02 0.000000000000000000e+00
3.750000000000000000e+03 1.500105033220937578e-01 3.667501137915338827e-01 4.002048247610378029e-01 1.899180700955848955e-01 4.312699135184342586e-02 0.000000000000000000e+00
3.775000000000000000e+03 1.510105733442410614e-01 3.694811106053709771e-01 4.073736913973600160e-01 1.866181156121984597e-01 3.652708238507055422e-02 0.000000000000000000e+00
3.800000000000000000e+03 1.520106433663883649e-01 3.634501593081474469e-01 4.244424214838415921e-01 1.816112881201638607e-01 3.049613108784706567e-02 0.000000000000000000e+00
3.825000000000000000e+03 1.530107133885356685e-01 3.501365498406918686e-01 4.483386436049158208e-01 1.777423759672280279e-01 2.378243058716431393e-02 0.000000000000000000e+00
3.850000000000000000e+03 1.540107834106829721e-01 3.330678197542102925e-01 4.650659990896677254e-01 1.789940828402366846e-01 2.287209831588529751e-02 0.000000000000000000e+00
3.875000000000000000e+03 1.550108534328302756e-01 3.164542558033682229e-01 4.829312699135184239e-01 1.822940373236231204e-01 1.832043695949021542e-02 0.000000000000000000e+00
3.900000000000000000e+03 1.560109234549775792e-01 3.025716886663632477e-01 4.955621301775147702e-01 1.832043695949021334e-01 1.866181156121984527e-02 0.000000000000000000e+00
3.925000000000000000e+03 1.570109934771248827e-01 2.946062812926718011e-01 5.073964497041419941e-01 1.824078288575330109e-01 1.558944014565316269e-02 0.000000000000000000e+00
3.950000000000000000e+03 1.580110634992721863e-01 2.850477924442421651e-01 5.259444697314519246e-01 1.746700045516613453e-01 1.433773327264451468e-02 0.000000000000000000e+00
3.975000000000000000e+03 1.590111335214194899e-01 2.642239417387346467e-01 5.457441966317706505e-01 1.748975876194810986e-01 1.513427401001365448e-02 0.000000000000000000e+00
4.000000000000000000e+03 1.600112035435667934e-01 2.523896222121074229e-01 5.588302230314065033e-01 1.758079198907601393e-01 1.297223486572599005e-02 0.000000000000000000e+00
4.025000000000000000e+03 1.610112735657140970e-01 2.364588074647246130e-01 5.795402822030041312e-01 1.737596722803823324e-01 1.024123805188893906e-02 0.000000000000000000e+00
4.050000000000000000e+03 1.620113435878614006e-01 2.320209376422394110e-01 5.937642239417387779e-01 1.649977241693217911e-01 9.217114246700046018e-03 0.000000000000000000e+00
4.075000000000000000e+03 1.630114136100087041e-01 2.197314519799726806e-01 6.149294492489758568e-01 1.569185252617205373e-01 8.420573509330906217e-03 0.000000000000000000e+00
4.100000000000000000e+03 1.640114836321560077e-01 2.126763768775603025e-01 6.308602639963586389e-01 1.473600364132908458e-01 9.103322712790167665e-03 0.000000000000000000e+00
4.125000000000000000e+03 1.650115536543033112e-01 1.990213928083750528e-01 6.494082840236686804e-01 1.436049157942649035e-01 7.965407373691398007e-03 0.000000000000000000e+00
4.150000000000000000e+03 1.660116236764506148e-01 1.819526627218935044e-01 6.692080109239872954e-01 1.403049613108784677e-01 8.534365043240782836e-03 0.000000000000000000e+00
4.175000000000000000e+03 1.670116936985976963e-01 1.736458807464724696e-01 6.787664997724169869e-01 1.400773782430587144e-01 7.510241238051888930e-03 0.000000000000000000e+00
4.200000000000000000e+03 1.680117637207449999e-01 1.656804733727810786e-01 6.876422394173873354e-01 1.414428766499772339e-01 5.234410559854347014e-03 0.000000000000000000e+00
4.225000000000000000e+03 1.690118337428923034e-01 1.528220300409649512e-01 7.025489303595812141e-01 1.412152935821574806e-01 3.413746017296313308e-03 0.000000000000000000e+00
4.250000000000000000e+03 1.700119037650396070e-01 1.437187073281747940e-01 7.102867546654528796e-01 1.417842512517068776e-01 4.210286754665453109e-03 0.000000000000000000e+00
4.275000000000000000e+03 1.710119737871869106e-01 1.382567137005006885e-01 7.154073736913973969e-01 1.426945835229858905e-01 3.641329085116067413e-03 0.000000000000000000e+00
4.300000000000000000e+03 1.720120438093342141e-01 1.343878015475648557e-01 7.206417842512516936e-01 1.408739189804278646e-01 4.096495220755575623e-03 0.000000000000000000e+00
4.325000000000000000e+03 1.730121138314815177e-01 1.379153390987710448e-01 7.192762858443332297e-01 1.390532544378698110e-01 3.755120619025944465e-03 0.000000000000000000e+00
4.350000000000000000e+03 1.740121838536288212e-01 1.285844333181611343e-01 7.294037323623122626e-01 1.380291306326809353e-01 3.982703686845699004e-03 0.000000000000000000e+00
4.375000000000000000e+03 1.750122538757761248e-01 1.223258989531178925e-01 7.405553026854801990e-01 1.339326354119253493e-01 3.186162949476558769e-03 0.000000000000000000e+00
4.400000000000000000e+03 1.760123238979234284e-01 1.195949021392808398e-01 7.446517979062358128e-01 1.323395539371870766e-01 3.413746017296313308e-03 0.000000000000000000e+00
4.425000000000000000e+03 1.770123939200707319e-01 1.087847064178425194e-01 7.554619936276740777e-01 1.324533454710969393e-01 3.299954483386436255e-03 0.000000000000000000e+00
4.450000000000000000e+03 1.780124639422180355e-01 1.095812471552116557e-01 7.547792444242148457e-01 1.322257624032771861e-01 3.413746017296313308e-03 0.000000000000000000e+00
4.475000000000000000e+03 1.790125339643653390e-01 1.016158397815202508e-01 7.612653618570778269e-01 1.347291761492944995e-01 2.389622212107419402e-03 0.000000000000000000e+00
4.500000000000000000e+03 1.800126039865126426e-01 1.015020482476103741e-01 7.628584433318160718e-01 1.334774692762858428e-01 2.162039144287664864e-03 0.000000000000000000e+00
4.525000000000000000e+03 1.810126740086599462e-01 9.990896677287210148e-02 7.650204824761037692e-01 1.326809285389166926e-01 2.389622212107419402e-03 0.000000000000000000e+00
4.550000000000000000e+03 1.820127440308072497e-01 9.865725989986344480e-02 7.655894401456531106e-01 1.333636777423759801e-01 2.389622212107419402e-03 0.000000000000000000e+00
4.575000000000000000e+03 1.830128140529545533e-01 9.820209376422393832e-02 7.685480200273099305e-01 1.313154301319981732e-01 1.934456076467910759e-03 0.000000000000000000e+00
4.600000000000000000e+03 1.840128840751018569e-01 9.581247155211652933e-02 7.687756030951297115e-01 1.335912608101957333e-01 1.820664542558033706e-03 0.000000000000000000e+00
4.625000000000000000e+03 1.850129540972491604e-01 9.672280382339554228e-02 7.668411470186617951e-01 1.325671370050068298e-01 3.868912152935821518e-03 0.000000000000000000e+00
4.650000000000000000e+03 1.860130241193964640e-01 9.877105143377332142e-02 7.633136094674556338e-01 1.340464269458352398e-01 3.868912152935821518e-03 0.000000000000000000e+00
4.675000000000000000e+03 1.870130941415435455e-01 1.005917159763313612e-01 7.600136549840691425e-01 1.371187983614019223e-01 2.275830678197541916e-03 0.000000000000000000e+00
4.700000000000000000e+03 1.880131641636908491e-01 1.015020482476103741e-01 7.597860719162494725e-01 1.366636322257624159e-01 2.048247610377787811e-03 0.000000000000000000e+00
4.725000000000000000e+03 1.890132341858381526e-01 9.672280382339554228e-02 7.630860263996358528e-01 1.375739644970414288e-01 2.617205279927173507e-03 0.000000000000000000e+00
4.750000000000000000e+03 1.900133042079854562e-01 9.979517523896222486e-02 7.573964497041419941e-01 1.392808375056895642e-01 3.527537551206190360e-03 0.000000000000000000e+00
4.775000000000000000e+03 1.910133742301327597e-01 9.729176149294492537e-02 7.596722803823395820e-01 1.406463359126081114e-01 2.389622212107419402e-03 0.000000000000000000e+00
4.800000000000000000e+03 1.920134442522800633e-01 9.990896677287210148e-02 7.546654528903049552e-01 1.434911242603550408e-01 1.934456076467910759e-03 0.000000000000000000e+00
4.825000000000000000e+03 1.930135142744273669e-01 1.005917159763313612e-01 7.496586253982703285e-01 1.466772872098315861e-01 3.072371415566681717e-03 0.000000000000000000e+00
4.850000000000000000e+03 1.940135842965746704e-01 1.013882567137004975e-01 7.489758761948110966e-01 1.472462448793809831e-01 2.389622212107419402e-03 0.000000000000000000e+00
4.875000000000000000e+03 1.950136543187219740e-01 9.934000910332271839e-02 7.502275830678197810e-01 1.479289940828402428e-01 2.503413746017296455e-03 0.000000000000000000e+00
4.900000000000000000e+03 1.960137243408692775e-01 1.008192990441511144e-01 7.477241693218024121e-01 1.489531178880291185e-01 2.503413746017296455e-03 0.000000000000000000e+00
4.925000000000000000e+03 1.970137943630165811e-01 1.022985889849795244e-01 7.413518434228493215e-01 1.514565316340464318e-01 4.893035958124715423e-03 0.000000000000000000e+00
4.950000000000000000e+03 1.980138643851638847e-01 1.041192535275375503e-01 7.404415111515703085e-01 1.511151570323167881e-01 4.324078288575329727e-03 0.000000000000000000e+00
4.975000000000000000e+03 1.990139344073111882e-01 1.045744196631770567e-01 7.395311788802912956e-01 1.516841147018661851e-01 4.210286754665453109e-03 0.000000000000000000e+00
5.000000000000000000e+03 2.000140044294584918e-01 1.055985434683659602e-01 7.368001820664542567e-01 1.531634046426945950e-01 4.437869822485207214e-03 0.000000000000000000e+00
5.025000000000000000e+03 2.010140744516057953e-01 1.046882111970869333e-01 7.341829767865271084e-01 1.568047337278106468e-01 4.324078288575329727e-03 0.000000000000000000e+00
5.050000000000000000e+03 2.020141444737530989e-01 1.085571233500227523e-01 7.306554392353209471e-01 1.563495675921711403e-01 4.437869822485207214e-03 0.000000000000000000e+00
5.075000000000000000e+03 2.030142144959004025e-01 1.087847064178425194e-01 7.299726900318616041e-01 1.565771506599908935e-01 4.665452890304961318e-03 0.000000000000000000e+00
5.100000000000000000e+03 2.040142845180477060e-01 1.102639963586709154e-01 7.315657715065999600e-01 1.547564861174328676e-01 3.413746017296313308e-03 0.000000000000000000e+00
5.125000000000000000e+03 2.050143545401950096e-01 1.109467455621301751e-01 7.296313154301320436e-01 1.553254437869822369e-01 4.096495220755575623e-03 0.000000000000000000e+00
5.150000000000000000e+03 2.060144245623423132e-01 1.093536640873919025e-01 7.309968138370505075e-01 1.552116522530723741e-01 4.437869822485207214e-03 0.000000000000000000e+00
5.175000000000000000e+03 2.070144945844893947e-01 1.107191624943104219e-01 7.276968593536641272e-01 1.568047337278106468e-01 4.779244424214838804e-03 0.000000000000000000e+00
5.200000000000000000e+03 2.080145646066366982e-01 1.106053709604005453e-01 7.290623577605825911e-01 1.563495675921711403e-01 3.982703686845699004e-03 0.000000000000000000e+00
5.225000000000000000e+03 2.090146346287840018e-01 1.110605370960400518e-01 7.262175694128356618e-01 1.574874829312699065e-01 5.234410559854347014e-03 0.000000000000000000e+00
5.250000000000000000e+03 2.100147046509313054e-01 1.143604915794264876e-01 7.234865725989986229e-01 1.585116067364588099e-01 3.641329085116067413e-03 0.000000000000000000e+00
5.275000000000000000e+03 2.110147746730786089e-01 1.167501137915339104e-01 7.200728265817023521e-01 1.597633136094674666e-01 3.413746017296313308e-03 0.000000000000000000e+00
5.300000000000000000e+03 2.120148446952259125e-01 1.190259444697314567e-01 7.168866636322257513e-01 1.604460628129267263e-01 3.641329085116067413e-03 0.000000000000000000e+00
5.325000000000000000e+03 2.130149147173732160e-01 1.201638598088302229e-01 7.156349567592170668e-01 1.614701866181156020e-01 2.730996813837050560e-03 0.000000000000000000e+00
5.350000000000000000e+03 2.140149847395205196e-01 1.165225307237141572e-01 7.201866181156122426e-01 1.593081474738279601e-01 3.982703686845699004e-03 0.000000000000000000e+00
5.375000000000000000e+03 2.150150547616678232e-01 1.185707783340919502e-01 7.180245789713245452e-01 1.588529813381884259e-01 4.551661356395083832e-03 0.000000000000000000e+00
5.400000000000000000e+03 2.160151247838151267e-01 1.189121529358215801e-01 7.146108329540282744e-01 1.621529358215748617e-01 4.324078288575329727e-03 0.000000000000000000e+00
5.425000000000000000e+03 2.170151948059624303e-01 1.201638598088302229e-01 7.122212107419207960e-01 1.626081019572143960e-01 5.006827492034592909e-03 0.000000000000000000e+00
5.450000000000000000e+03 2.180152648281097338e-01 1.210741920801092358e-01 7.126763768775603580e-01 1.624943104233045055e-01 3.755120619025944465e-03 0.000000000000000000e+00
5.475000000000000000e+03 2.190153348502570374e-01 1.201638598088302229e-01 7.125625853436504675e-01 1.628356850250341492e-01 4.437869822485207214e-03 0.000000000000000000e+00
5.500000000000000000e+03 2.200154048724043410e-01 1.214155666818388657e-01 7.110832954028220021e-01 1.630632680928539024e-01 4.437869822485207214e-03 0.000000000000000000e+00
5.525000000000000000e+03 2.210154748945516445e-01 1.209604005461993592e-01 7.082385070550750727e-01 1.672735548475193512e-01 3.527537551206190360e-03 0.000000000000000000e+00
5.550000000000000000e+03 2.220155449166989481e-01 1.226672735548475224e-01 7.074419663177059503e-01 1.662494310423304478e-01 3.641329085116067413e-03 0.000000000000000000e+00
5.575000000000000000e+03 2.230156149388462516e-01 1.211879836140191125e-01 7.072143832498861693e-01 1.668183887118798447e-01 4.779244424214838804e-03 0.000000000000000000e+00
5.600000000000000000e+03 2.240156849609935552e-01 1.214155666818388657e-01 7.080109239872554028e-01 1.655666818388711881e-01 5.006827492034592909e-03 0.000000000000000000e+00
5.625000000000000000e+03 2.250157549831408588e-01 1.234638142922166587e-01 7.058488848429677054e-01 1.664770141101502010e-01 4.210286754665453109e-03 0.000000000000000000e+00
5.650000000000000000e+03 2.260158250052879403e-01 1.240327719617660418e-01 7.057350933090578149e-01 1.659080564406008318e-01 4.324078288575329727e-03 0.000000000000000000e+00
5.675000000000000000e+03 2.270158950274352438e-01 1.249431042330450548e-01 7.058488848429677054e-01 1.662494310423304478e-01 2.958579881656804664e-03 0.000000000000000000e+00
