# itime ezz other fcc hcp bcc ico
0.000000000000000000e+00 0.000000000000000000e+00 0.000000000000000000e+00 1.000000000000000000e+00 0.000000000000000000e+00 0.000000000000000000e+00 0.000000000000000000e+00
2.500000000000000000e+02 1.000000822156610347e-02 0.000000000000000000e+00 1.000000000000000000e+00 0.000000000000000000e+00 0.000000000000000000e+00 0.000000000000000000e+00
5.000000000000000000e+02 2.000001644313220694e-02 0.000000000000000000e+00 1.000000000000000000e+00 0.000000000000000000e+00 0.000000000000000000e+00 0.000000000000000000e+00
7.500000000000000000e+02 3.000002466469831042e-02 0.000000000000000000e+00 1.000000000000000000e+00 0.000000000000000000e+00 0.000000000000000000e+00 0.000000000000000000e+00
1.000000000000000000e+03 4.000003288626463593e-02 0.000000000000000000e+00 1.000000000000000000e+00 0.000000000000000000e+00 0.000000000000000000e+00 0.000000000000000000e+00
1.250000000000000000e+03 5.000004110783073941e-02 0.000000000000000000e+00 1.000000000000000000e+00 0.000000000000000000e+00 0.000000000000000000e+00 0.000000000000000000e+00
1.500000000000000000e+03 6.000004932939684288e-02 0.000000000000000000e+00 1.000000000000000000e+00 0.000000000000000000e+00 0.000000000000000000e+00 0.000000000000000000e+00
1.750000000000000000e+03 7.000005755096294635e-02 3.413746017296313199e-04 9.996586253982703285e-01 0.000000000000000000e+00 0.000000000000000000e+00 0.000000000000000000e+00
2.000000000000000000e+03 8.000006577252904982e-02 2.275830678197542133e-04 9.996586253982703285e-01 0.000000000000000000e+00 1.137915339098771066e-04 0.000000000000000000e+00
2.250000000000000000e+03 9.000007399409515330e-02 1.137915339098770958e-03 9.988620846609012061e-01 0.000000000000000000e+00 0.000000000000000000e+00 0.000000000000000000e+00
2.500000000000000000e+03 1.000000822156612568e-01 1.934456076467910759e-03 9.979517523896221931e-01 0.000000000000000000e+00 1.137915339098771066e-04 0.000000000000000000e+00
2.750000000000000000e+03 1.100000904372275823e-01 7.168866636322257339e-03 9.926035502958580059e-01 0.000000000000000000e+00 2.275830678197542133e-04 0.000000000000000000e+00
3.000000000000000000e+03 1.200000986587936858e-01 6.531634046426945672e-02 9.063495675921711126e-01 0.000000000000000000e+00 2.833409194355939950e-02 0.000000000000000000e+00
3.250000000000000000e+03 1.300001068803597892e-01 4.087391898042785354e-01 1.686390532544378706e-01 1.706873008648156654e-03 4.209148839326354308e-01 0.000000000000000000e+00
3.500000000000000000e+03 1.400001151019258927e-01 4.283113336367774249e-01 2.085798816568047442e-01 1.432635411925352875e-01 2.198452435138825711e-01 0.000000000000000000e+00
3.750000000000000000e+03 1.500001233234919962e-01 3.667501137915338827e-01 4.002048247610378029e-01 1.899180700955848955e-01 4.312699135184342586e-02 0.000000000000000000e+00
4.000000000000000000e+03 1.600001315450580996e-01 2.523896222121074229e-01 5.588302230314065033e-01 1.758079198907601393e-01 1.297223486572599005e-02 0.000000000000000000e+00
4.250000000000000000e+03 1.700001397666244252e-01 1.437187073281747940e-01 7.102867546654528796e-01 1.417842512517068776e-01 4.210286754665453109e-03 0.000000000000000000e+00
4.500000000000000000e+03 1.800001479881905286e-01 1.015020482476103741e-01 7.628584433318160718e-01 1.334774692762858428e-01 2.162039144287664864e-03 0.000000000000000000e+00
4.750000000000000000e+03 1.900001562097566321e-01 9.979517523896222486e-02 7.573964497041419941e-01 1.392808375056895642e-01 3.527537551206190360e-03 0.000000000000000000e+00
5.000000000000000000e+03 2.000001644313227356e-01 1.055985434683659602e-01 7.368001820664542567e-01 1.531634046426945950e-01 4.437869822485207214e-03 0.000000000000000000e+00
5.250000000000000000e+03 2.100001726528888391e-01 1.143604915794264876e-01 7.234865725989986229e-01 1.585116067364588099e-01 3.641329085116067413e-03 0.000000000000000000e+00
5.500000000000000000e+03 2.200001808744549425e-01 1.214155666818388657e-01 7.110832954028220021e-01 1.630632680928539024e-01 4.437869822485207214e-03 0.000000000000000000e+00
5.750000000000000000e+03 2.300001890960210460e-01 1.276741010468821214e-01 7.055075102412380339e-01 1.634046426945835184e-01 3.413746017296313308e-03 0.000000000000000000e+00
6.000000000000000000e+03 2.400001973175873715e-01 1.334774692762858428e-01 7.080109239872554028e-01 1.545289030496131144e-01 3.982703686845699004e-03 0.000000000000000000e+00
6.250000000000000000e+03 2.500002055391534750e-01 1.399635867091488517e-01 6.877560309512972259e-01 1.670459717796995980e-01 5.234410559854347014e-03 0.000000000000000000e+00
6.500000000000000000e+03 2.600002137607195785e-01 1.473600364132908458e-01 6.745562130177514826e-01 1.715976331360946627e-01 6.486117432862995025e-03 0.000000000000000000e+00
6.750000000000000000e+03 2.700002219822856819e-01 1.440600819299044100e-01 6.797906235776057793e-01 1.689804278561675144e-01 7.168866636322257339e-03 0.000000000000000000e+00
7.000000000000000000e+03 2.800002302038517854e-01 1.544151115157032239e-01 6.533909877105142927e-01 1.880974055530268418e-01 4.096495220755575623e-03 0.000000000000000000e+00
7.250000000000000000e+03 2.900002384254178889e-01 1.595357305416477134e-01 6.466772872098316416e-01 1.902594446973145115e-01 3.527537551206190360e-03 0.000000000000000000e+00
7.500000000000000000e+03 3.000002466469839923e-01 1.515703231679562946e-01 6.540737369139736357e-01 1.907146108329540179e-01 3.641329085116067413e-03 0.000000000000000000e+00
7.750000000000000000e+03 3.100002548685503179e-01 1.451979972690031762e-01 6.511151570323168158e-01 1.987938097405552995e-01 4.893035958124715423e-03 0.000000000000000000e+00
8.000000000000000000e+03 3.200002630901164213e-01 1.508875739644970349e-01 6.434911242603550408e-01 2.003868912152935722e-01 5.234410559854347014e-03 0.000000000000000000e+00
8.250000000000000000e+03 3.300002713116825248e-01 1.599908966772872199e-01 6.356395084205734847e-01 2.001593081474738189e-01 4.210286754665453109e-03 0.000000000000000000e+00
8.500000000000000000e+03 3.400002795332486283e-01 1.771734182976786587e-01 6.063950842057350687e-01 2.125625853436504398e-01 3.868912152935821518e-03 0.000000000000000000e+00
8.750000000000000000e+03 3.500002877548147318e-01 1.814974965862539702e-01 5.842057350933090865e-01 2.282658170232134687e-01 6.030951297223486815e-03 0.000000000000000000e+00
9.000000000000000000e+03 3.600002959763808352e-01 1.931042330450614408e-01 5.673645880746472914e-01 2.348657259899863403e-01 4.665452890304961318e-03 0.000000000000000000e+00
9.250000000000000000e+03 3.700003041979469387e-01 2.060764679107874309e-01 5.736231224396904915e-01 2.154073736913973691e-01 4.893035958124715423e-03 0.000000000000000000e+00
9.500000000000000000e+03 3.800003124195132642e-01 2.132453345471096995e-01 5.992262175694128556e-01 1.833181611288120239e-01 4.210286754665453109e-03 0.000000000000000000e+00
9.750000000000000000e+03 3.900003206410793677e-01 2.159763313609467383e-01 5.813609467455621571e-01 1.985662266727355463e-01 4.096495220755575623e-03 0.000000000000000000e+00
1.000000000000000000e+04 4.000003288626454712e-01 2.058488848429676776e-01 5.960400546199362548e-01 1.926490669094219343e-01 5.461993627674101119e-03 0.000000000000000000e+00
1.025000000000000000e+04 4.100003370842115746e-01 2.177969959035047920e-01 5.720300409649522466e-01 2.061902594446973214e-01 3.982703686845699004e-03 0.000000000000000000e+00
1.050000000000000000e+04 4.200003453057776781e-01 2.196176604460628179e-01 5.675921711424669613e-01 2.078971324533454845e-01 4.893035958124715423e-03 0.000000000000000000e+00
1.075000000000000000e+04 4.300003535273437816e-01 2.191624943104233114e-01 5.768092853891670924e-01 1.965179790623577671e-01 7.510241238051888930e-03 0.000000000000000000e+00
1.100000000000000000e+04 4.400003617489101071e-01 2.183659535730541612e-01 5.905780609922621771e-01 1.858215748748293095e-01 5.234410559854347014e-03 0.000000000000000000e+00
1.125000000000000000e+04 4.500003699704762106e-01 2.176832043695949015e-01 5.895539371870732737e-01 1.835457441966317771e-01 9.217114246700046018e-03 0.000000000000000000e+00
1.150000000000000000e+04 4.600003781920423140e-01 2.316795630405097950e-01 5.944469731451980099e-01 1.630632680928539024e-01 1.081019572143832562e-02 0.000000000000000000e+00
1.175000000000000000e+04 4.700003864136084175e-01 2.345243513882567243e-01 5.756713700500682984e-01 1.814974965862539702e-01 8.306781975421027864e-03 0.000000000000000000e+00
1.200000000000000000e+04 4.800003946351745210e-01 2.349795175238962308e-01 5.904642694583522866e-01 1.671597633136094607e-01 7.396449704142011444e-03 0.000000000000000000e+00
1.225000000000000000e+04 4.900004028567406245e-01 2.306554392353208915e-01 5.967228038233954868e-01 1.660218479745106945e-01 6.599908966772872511e-03 0.000000000000000000e+00
1.250000000000000000e+04 5.000004110783067279e-01 2.305416477014110288e-01 6.081019572143832042e-01 1.522530723714155543e-01 9.103322712790167665e-03 0.000000000000000000e+00
1.275000000000000000e+04 5.100004192998730534e-01 2.142694583522985752e-01 6.370050068274920596e-01 1.445152480655439164e-01 4.210286754665453109e-03 0.000000000000000000e+00
1.300000000000000000e+04 5.200004275214391569e-01 2.091488393263541135e-01 6.306326809285389690e-01 1.562357760582612776e-01 3.982703686845699004e-03 0.000000000000000000e+00
1.325000000000000000e+04 5.300004357430052604e-01 2.134729176149294527e-01 6.215293582157487284e-01 1.591943559399180697e-01 5.803368229403732710e-03 0.000000000000000000e+00
1.350000000000000000e+04 5.400004439645713639e-01 2.141556668183887124e-01 6.120846609012289274e-01 1.663632225762403383e-01 7.396449704142011444e-03 0.000000000000000000e+00
1.375000000000000000e+04 5.500004521861374673e-01 2.232589895311788697e-01 6.149294492489758568e-01 1.580564406008193035e-01 3.755120619025944465e-03 0.000000000000000000e+00
1.400000000000000000e+04 5.600004604077035708e-01 2.225762403277196100e-01 6.144742831133364058e-01 1.597633136094674666e-01 3.186162949476558769e-03 0.000000000000000000e+00
1.425000000000000000e+04 5.700004686292696743e-01 2.123350022758306865e-01 6.376877560309512916e-01 1.454255803368229294e-01 4.551661356395083832e-03 0.000000000000000000e+00
1.450000000000000000e+04 5.800004768508359998e-01 2.187073281747838049e-01 6.326809285389166648e-01 1.418980427856167403e-01 6.713700500682749130e-03 0.000000000000000000e+00
1.475000000000000000e+04 5.900004850724021033e-01 2.106281292671825234e-01 6.392808375056895365e-01 1.429221665908056438e-01 7.168866636322257339e-03 0.000000000000000000e+00
1.500000000000000000e+04 6.000004932939682067e-01 2.172280382339553950e-01 6.296085571233500655e-01 1.462221210741920796e-01 6.941283568502503235e-03 0.000000000000000000e+00
1.525000000000000000e+04 6.100005015155343102e-01 2.245106964041875264e-01 6.184569868001820181e-01 1.494082840236686527e-01 7.624032771961766417e-03 0.000000000000000000e+00
1.550000000000000000e+04 6.200005097371004137e-01 2.398725534820209393e-01 5.864815657715065633e-01 1.644287664997724219e-01 9.217114246700046018e-03 0.000000000000000000e+00
1.575000000000000000e+04 6.300005179586665172e-01 2.451069640418752915e-01 5.696404187528447682e-01 1.787664997724169313e-01 6.486117432862995025e-03 0.000000000000000000e+00
1.600000000000000000e+04 6.400005261802328427e-01 2.605826126536185949e-01 5.469959035047792240e-01 1.882111970869367323e-01 4.210286754665453109e-03 0.000000000000000000e+00
1.625000000000000000e+04 6.500005344017989461e-01 2.684342284934000955e-01 5.319754210286754548e-01 1.940145653163404538e-01 5.575785161583977738e-03 0.000000000000000000e+00
1.650000000000000000e+04 6.600005426233650496e-01 2.652480655439235502e-01 5.492717341829768118e-01 1.803595812471552040e-01 5.120619025944469528e-03 0.000000000000000000e+00
1.675000000000000000e+04 6.700005508449311531e-01 2.679790623577605890e-01 5.586026399635867223e-01 1.669321802457897075e-01 6.486117432862995025e-03 0.000000000000000000e+00
1.700000000000000000e+04 6.800005590664972566e-01 2.644515248065543722e-01 5.840919435593991960e-01 1.463359126081019701e-01 5.120619025944469528e-03 0.000000000000000000e+00
1.725000000000000000e+04 6.900005672880633600e-01 2.672963131543013016e-01 5.826126536185707305e-01 1.439462903959945472e-01 6.144742831133363434e-03 0.000000000000000000e+00
1.750000000000000000e+04 7.000005755096294635e-01 2.571688666363222686e-01 5.960400546199362548e-01 1.371187983614019223e-01 9.672280382339554228e-03 0.000000000000000000e+00
1.775000000000000000e+04 7.100005837311957890e-01 2.492034592626308498e-01 6.015020482476103325e-01 1.409877105143377274e-01 8.306781975421027864e-03 0.000000000000000000e+00
1.800000000000000000e+04 7.200005919527618925e-01 2.449931725079654010e-01 6.083295402822029851e-01 1.366636322257624159e-01 1.001365498406918582e-02 0.000000000000000000e+00
1.825000000000000000e+04 7.300006001743279960e-01 2.526172052799271484e-01 5.832954028220300735e-01 1.560081929904415243e-01 8.079198907601274626e-03 0.000000000000000000e+00
1.850000000000000000e+04 7.400006083958940994e-01 2.519344560764679164e-01 5.789713245334546787e-01 1.634046426945835184e-01 5.689576695493855224e-03 0.000000000000000000e+00
1.875000000000000000e+04 7.500006166174602029e-01 2.461310878470641672e-01 5.856850250341374409e-01 1.637460172963131622e-01 4.437869822485207214e-03 0.000000000000000000e+00
1.900000000000000000e+04 7.600006248390263064e-01 2.469276285844333174e-01 5.868229403732362348e-01 1.628356850250341492e-01 3.413746017296313308e-03 0.000000000000000000e+00
1.925000000000000000e+04 7.700006330605924099e-01 2.594446973145198010e-01 5.721438324988621371e-01 1.621529358215748617e-01 6.258534365043240920e-03 0.000000000000000000e+00
1.950000000000000000e+04 7.800006412821587354e-01 2.808375056895767163e-01 5.438097405553027341e-01 1.676149294492489672e-01 7.737824305871643035e-03 0.000000000000000000e+00
1.975000000000000000e+04 7.900006495037248389e-01 2.866408739189804100e-01 5.333409194355940297e-01 1.708010923987255403e-01 9.217114246700046018e-03 0.000000000000000000e+00
2.000000000000000000e+04 8.000006577252909423e-01 2.818616294947655643e-01 5.333409194355940297e-01 1.771734182976786587e-01 7.624032771961766417e-03 0.000000000000000000e+00
2.025000000000000000e+04 8.100006659468570458e-01 2.783340919435594030e-01 5.327719617660445772e-01 1.789940828402366846e-01 9.899863450159307465e-03 0.000000000000000000e+00
2.050000000000000000e+04 8.200006741684231493e-01 2.754893035958124736e-01 5.275375512061902805e-01 1.879836140191169791e-01 8.989531178880291046e-03 0.000000000000000000e+00
2.075000000000000000e+04 8.300006823899892527e-01 2.776513427401001155e-01 5.164997724169322346e-01 1.985662266727355463e-01 7.282658170232134826e-03 0.000000000000000000e+00
2.100000000000000000e+04 8.400006906115553562e-01 2.828857532999544677e-01 5.138825671370049752e-01 1.967455621301775204e-01 6.486117432862995025e-03 0.000000000000000000e+00
2.125000000000000000e+04 8.500006988331216817e-01 2.877787892580792040e-01 5.178652708238506985e-01 1.857077833409194467e-01 8.648156577150659455e-03 0.000000000000000000e+00
2.150000000000000000e+04 8.600007070546877852e-01 2.956304050978607045e-01 5.169549385525716856e-01 1.797906235776058348e-01 7.624032771961766417e-03 0.000000000000000000e+00
2.175000000000000000e+04 8.700007152762538887e-01 2.891442876649977234e-01 5.427856167501138307e-01 1.565771506599908935e-01 1.149294492489758707e-02 0.000000000000000000e+00
2.200000000000000000e+04 8.800007234978199921e-01 2.840236686390532617e-01 5.398270368684570109e-01 1.637460172963131622e-01 1.240327719617660522e-02 0.000000000000000000e+00
2.225000000000000000e+04 8.900007317193860956e-01 2.771961766044606090e-01 5.407373691397360238e-01 1.701183431952662806e-01 1.194811106053709528e-02 0.000000000000000000e+00
2.250000000000000000e+04 9.000007399409521991e-01 2.723031406463359283e-01 5.514337733272643982e-01 1.662494310423304478e-01 1.001365498406918582e-02 0.000000000000000000e+00
2.275000000000000000e+04 9.100007481625185246e-01 2.741238051888939542e-01 5.763541192535275304e-01 1.422394173873463841e-01 7.282658170232134826e-03 0.000000000000000000e+00
2.300000000000000000e+04 9.200007563840846281e-01 2.564861174328629811e-01 6.043468365953572619e-01 1.327947200728265831e-01 6.372325898953117539e-03 0.000000000000000000e+00
2.325000000000000000e+04 9.300007646056507316e-01 2.528447883477469293e-01 6.036640873918980299e-01 1.376877560309512916e-01 5.803368229403732710e-03 0.000000000000000000e+00
2.350000000000000000e+04 9.400007728272168350e-01 2.405553026854801990e-01 6.098088302230314506e-01 1.458807464724624359e-01 3.755120619025944465e-03 0.000000000000000000e+00
2.375000000000000000e+04 9.500007810487829385e-01 2.375967228038234069e-01 6.107191624943104635e-01 1.479289940828402428e-01 3.755120619025944465e-03 0.000000000000000000e+00
2.400000000000000000e+04 9.600007892703490420e-01 2.323623122439690547e-01 6.219845243513882904e-01 1.408739189804278646e-01 4.779244424214838804e-03 0.000000000000000000e+00
2.425000000000000000e+04 9.700007974919151454e-01 2.284934000910332219e-01 6.285844333181611621e-01 1.355257168866636219e-01 7.396449704142011444e-03 0.000000000000000000e+00
2.450000000000000000e+04 9.800008057134814710e-01 2.292899408284023721e-01 6.300637232589895165e-01 1.365498406918525254e-01 4.096495220755575623e-03 0.000000000000000000e+00
2.475000000000000000e+04 9.900008139350475744e-01 2.340691852526172179e-01 6.357532999544833752e-01 1.260810195721438209e-01 4.096495220755575623e-03 0.000000000000000000e+00
2.500000000000000000e+04 1.000000822156613456e+00 2.374829312699135164e-01 6.282430587164314906e-01 1.296085571233500100e-01 4.665452890304961318e-03 0.000000000000000000e+00
