# itime ezz other fcc hcp bcc ico
0.000000000000000000e+00 0.000000000000000000e+00 0.000000000000000000e+00 1.000000000000000000e+00 0.000000000000000000e+00 0.000000000000000000e+00 0.000000000000000000e+00
2.500000000000000000e+03 1.000002739403726970e-02 0.000000000000000000e+00 1.000000000000000000e+00 0.000000000000000000e+00 0.000000000000000000e+00 0.000000000000000000e+00
5.000000000000000000e+03 2.000005478807453940e-02 0.000000000000000000e+00 1.000000000000000000e+00 0.000000000000000000e+00 0.000000000000000000e+00 0.000000000000000000e+00
7.500000000000000000e+03 3.000008218211180910e-02 0.000000000000000000e+00 1.000000000000000000e+00 0.000000000000000000e+00 0.000000000000000000e+00 0.000000000000000000e+00
1.000000000000000000e+04 4.000010957614907880e-02 0.000000000000000000e+00 1.000000000000000000e+00 0.000000000000000000e+00 0.000000000000000000e+00 0.000000000000000000e+00
1.250000000000000000e+04 5.000013697018634851e-02 0.000000000000000000e+00 1.000000000000000000e+00 0.000000000000000000e+00 0.000000000000000000e+00 0.000000000000000000e+00
1.500000000000000000e+04 6.000016436422361821e-02 0.000000000000000000e+00 1.000000000000000000e+00 0.000000000000000000e+00 0.000000000000000000e+00 0.000000000000000000e+00
1.750000000000000000e+04 7.000019175826110995e-02 0.000000000000000000e+00 1.000000000000000000e+00 0.000000000000000000e+00 0.000000000000000000e+00 0.000000000000000000e+00
2.000000000000000000e+04 8.000021915229837965e-02 0.000000000000000000e+00 1.000000000000000000e+00 0.000000000000000000e+00 0.000000000000000000e+00 0.000000000000000000e+00
2.250000000000000000e+04 9.000024654633564936e-02 7.965407373691396923e-04 9.990896677287209870e-01 0.000000000000000000e+00 1.137915339098771066e-04 0.000000000000000000e+00
2.500000000000000000e+04 1.000002739403729191e-01 1.934456076467910759e-03 9.980655439235320836e-01 0.000000000000000000e+00 0.000000000000000000e+00 0.000000000000000000e+00
2.750000000000000000e+04 1.100003013344101888e-01 6.053709604005461792e-02 7.441966317705962508e-01 0.000000000000000000e+00 1.952662721893491105e-01 0.000000000000000000e+00
3.000000000000000000e+04 1.200003287284474585e-01 1.043468365953573035e-01 6.969731451979972459e-01 1.946973145197997135e-01 3.982703686845699004e-03 0.000000000000000000e+00
3.250000000000000000e+04 1.300003561224847282e-01 7.396449704142012138e-02 6.985662266727356018e-01 2.215521165225307343e-01 5.917159763313609329e-03 0.000000000000000000e+00
3.500000000000000000e+04 1.400003835165219979e-01 7.350933090578061491e-02 7.011834319526627501e-01 2.198452435138825711e-01 5.461993627674101119e-03 0.000000000000000000e+00
3.750000000000000000e+04 1.500004109105592676e-01 7.191624943104232837e-02 7.040282203004096795e-01 2.192762858443331742e-01 4.779244424214838804e-03 0.000000000000000000e+00
4.000000000000000000e+04 1.600004383045965373e-01 7.271279016841146470e-02 7.049385525716886924e-01 2.184797451069640517e-01 3.868912152935821518e-03 0.000000000000000000e+00
4.250000000000000000e+04 1.700004656986338070e-01 7.203004096495220498e-02 7.066454255803368278e-01 2.171142467000455045e-01 4.210286754665453109e-03 0.000000000000000000e+00
4.500000000000000000e+04 1.800004930926710767e-01 7.726445152480655720e-02 7.055075102412380339e-01 2.133591260810195622e-01 3.868912152935821518e-03 0.000000000000000000e+00
4.750000000000000000e+04 1.900005204867083464e-01 8.215748748293126569e-02 7.068730086481566088e-01 2.071005917159763343e-01 3.868912152935821518e-03 0.000000000000000000e+00
5.000000000000000000e+04 2.000005478807456161e-01 1.538461538461538547e-01 6.457669549385525176e-01 1.943559399180700975e-01 6.030951297223486815e-03 0.000000000000000000e+00
5.250000000000000000e+04 2.100005752747831078e-01 1.032089212562585373e-01 6.850250341374601870e-01 2.052799271734183084e-01 6.486117432862995025e-03 0.000000000000000000e+00
5.500000000000000000e+04 2.200006026688203775e-01 1.081019572143832458e-01 6.741010468821119206e-01 2.115384615384615363e-01 6.258534365043240920e-03 0.000000000000000000e+00
5.750000000000000000e+04 2.300006300628576472e-01 1.126536185707783383e-01 6.893491124260354708e-01 1.925352753755120716e-01 5.461993627674101119e-03 0.000000000000000000e+00
6.000000000000000000e+04 2.400006574568949169e-01 1.169776968593536637e-01 6.858215748748293095e-01 1.926490669094219343e-01 4.551661356395083832e-03 0.000000000000000000e+00
6.250000000000000000e+04 2.500006848509321866e-01 1.176604460628129234e-01 6.759217114246700575e-01 2.027765134274009950e-01 3.641329085116067413e-03 0.000000000000000000e+00
6.500000000000000000e+04 2.600007122449694563e-01 1.219845243513882627e-01 6.695493855257168558e-01 2.045971779699590487e-01 3.868912152935821518e-03 0.000000000000000000e+00
6.750000000000000000e+04 2.700007396390067260e-01 1.242603550295857950e-01 6.692080109239872954e-01 2.042558033682294050e-01 2.275830678197541916e-03 0.000000000000000000e+00
7.000000000000000000e+04 2.800007670330439957e-01 1.223258989531178925e-01 6.627218934911243142e-01 2.073281747837960876e-01 7.624032771961766417e-03 0.000000000000000000e+00
7.250000000000000000e+04 2.900007944270812654e-01 1.417842512517068776e-01 6.444014565316340537e-01 2.036868456986800080e-01 1.012744651797906244e-02 0.000000000000000000e+00
7.500000000000000000e+04 3.000008218211185351e-01 1.301775147928994070e-01 7.101729631315429891e-01 1.574874829312699065e-01 2.162039144287664864e-03 0.000000000000000000e+00
7.750000000000000000e+04 3.100008492151558048e-01 1.115157032316795582e-01 7.422621756941283344e-01 1.439462903959945472e-01 2.275830678197541916e-03 0.000000000000000000e+00
8.000000000000000000e+04 3.200008766091930745e-01 1.110605370960400518e-01 7.434000910332271284e-01 1.417842512517068776e-01 3.755120619025944465e-03 0.000000000000000000e+00
8.250000000000000000e+04 3.300009040032303442e-01 1.160673645880746507e-01 7.416932180245789930e-01 1.400773782430587144e-01 2.162039144287664864e-03 0.000000000000000000e+00
8.500000000000000000e+04 3.400009313972678360e-01 1.208466090122894826e-01 7.382794720072826111e-01 1.382567137005006885e-01 2.617205279927173507e-03 0.000000000000000000e+00
8.750000000000000000e+04 3.500009587913051057e-01 1.256258534365043145e-01 7.356622667273554628e-01 1.367774237596722786e-01 1.934456076467910759e-03 0.000000000000000000e+00
9.000000000000000000e+04 3.600009861853423754e-01 1.276741010468821214e-01 7.338416021847974369e-01 1.368912152935821691e-01 1.593081474738279385e-03 0.000000000000000000e+00
9.250000000000000000e+04 3.700010135793796451e-01 1.258534365043240677e-01 7.309968138370505075e-01 1.416704597177969871e-01 1.479289940828402332e-03 0.000000000000000000e+00
9.500000000000000000e+04 3.800010409734169148e-01 1.288120163859808875e-01 7.282658170232134687e-01 1.415566681838871244e-01 1.365498406918525280e-03 0.000000000000000000e+00
9.750000000000000000e+04 3.900010683674541845e-01 1.210741920801092358e-01 7.474965862539827421e-01 1.297223486572599005e-01 1.706873008648156654e-03 0.000000000000000000e+00
1.000000000000000000e+05 4.000010957614914542e-01 1.152708238507055144e-01 7.562585343650432002e-01 1.253982703686845612e-01 3.072371415566681717e-03 0.000000000000000000e+00
1.025000000000000000e+05 4.100011231555287239e-01 1.128812016385980915e-01 7.543240782885752838e-01 1.306326809285389134e-01 2.162039144287664864e-03 0.000000000000000000e+00
1.050000000000000000e+05 4.200011505495659936e-01 1.139053254437869811e-01 7.552344105598542967e-01 1.275603095129722309e-01 3.299954483386436255e-03 0.000000000000000000e+00
1.075000000000000000e+05 4.300011779436032633e-01 1.148156577150659940e-01 7.526172052799271484e-01 1.296085571233500100e-01 2.958579881656804664e-03 0.000000000000000000e+00
1.100000000000000000e+05 4.400012053376405330e-01 1.178880291306326766e-01 7.482931269913518646e-01 1.300637232589895442e-01 3.755120619025944465e-03 0.000000000000000000e+00
1.125000000000000000e+05 4.500012327316778027e-01 1.176604460628129234e-01 7.463586709148839482e-01 1.307464724624488039e-01 5.234410559854347014e-03 0.000000000000000000e+00
1.150000000000000000e+05 4.600012601257150724e-01 1.260810195721438209e-01 7.347519344560764498e-01 1.327947200728265831e-01 6.372325898953117539e-03 0.000000000000000000e+00
1.175000000000000000e+05 4.700012875197523421e-01 1.389394629039599482e-01 7.020937642239417631e-01 1.537323623122439642e-01 5.234410559854347014e-03 0.000000000000000000e+00
1.200000000000000000e+05 4.800013149137898338e-01 1.619253527537551085e-01 6.482703686845698865e-01 1.816112881201638607e-01 8.192990441511151245e-03 0.000000000000000000e+00
1.225000000000000000e+05 4.900013423078271035e-01 1.912835685025034149e-01 6.520254893035958288e-01 1.507737824305871721e-01 5.917159763313609329e-03 0.000000000000000000e+00
1.250000000000000000e+05 5.000013697018643732e-01 1.481565771506599960e-01 6.680700955848885014e-01 1.811561219845243542e-01 2.617205279927173507e-03 0.000000000000000000e+00
1.275000000000000000e+05 5.100013970959016429e-01 1.466772872098315861e-01 6.670459717796995980e-01 1.834319526627218866e-01 2.844788347746927612e-03 0.000000000000000000e+00
1.300000000000000000e+05 5.200014244899389126e-01 1.474738279472007363e-01 6.690942193900774049e-01 1.813837050523441075e-01 2.048247610377787811e-03 0.000000000000000000e+00
1.325000000000000000e+05 5.300014518839761823e-01 1.557806099226217433e-01 6.951524806554392200e-01 1.486117432862995025e-01 4.551661356395084266e-04 0.000000000000000000e+00
1.350000000000000000e+05 5.400014792780134520e-01 1.546426945835229771e-01 7.105143377332726606e-01 1.337050523441055960e-01 1.137915339098770958e-03 0.000000000000000000e+00
1.375000000000000000e+05 5.500015066720507217e-01 1.527082385070550885e-01 7.102867546654528796e-01 1.356395084205735124e-01 1.365498406918525280e-03 0.000000000000000000e+00
1.400000000000000000e+05 5.600015340660879914e-01 1.601046882111970826e-01 7.295175238962221531e-01 1.071916249431042328e-01 3.186162949476558769e-03 0.000000000000000000e+00
1.425000000000000000e+05 5.700015614601252611e-01 1.343878015475648557e-01 8.633363677742376119e-01 2.048247610377787811e-03 2.275830678197542133e-04 0.000000000000000000e+00
1.450000000000000000e+05 5.800015888541625309e-01 1.294947655894401473e-01 8.686845698680017991e-01 1.820664542558033706e-03 0.000000000000000000e+00 0.000000000000000000e+00
1.475000000000000000e+05 5.900016162481998006e-01 1.290395994538006408e-01 8.695949021392808120e-01 1.251706873008648227e-03 1.137915339098771066e-04 0.000000000000000000e+00
1.500000000000000000e+05 6.000016436422370703e-01 1.282430587164314906e-01 8.705052344105598250e-01 1.251706873008648227e-03 0.000000000000000000e+00 0.000000000000000000e+00
1.525000000000000000e+05 6.100016710362745620e-01 1.264223941738734647e-01 8.734638142922166448e-01 0.000000000000000000e+00 1.137915339098771066e-04 0.000000000000000000e+00
1.550000000000000000e+05 6.200016984303118317e-01 1.260810195721438209e-01 8.739189804278562068e-01 0.000000000000000000e+00 0.000000000000000000e+00 0.000000000000000000e+00
1.575000000000000000e+05 6.300017258243491014e-01 1.266499772416932179e-01 8.732362312243968638e-01 0.000000000000000000e+00 1.137915339098771066e-04 0.000000000000000000e+00
1.600000000000000000e+05 6.400017532183863711e-01 1.260810195721438209e-01 8.738051888939463163e-01 0.000000000000000000e+00 1.137915339098771066e-04 0.000000000000000000e+00
1.625000000000000000e+05 6.500017806124236408e-01 1.274465179790623681e-01 8.725534820209376319e-01 0.000000000000000000e+00 0.000000000000000000e+00 0.000000000000000000e+00
1.650000000000000000e+05 6.600018080064609105e-01 1.272189349112426149e-01 8.727810650887574129e-01 0.000000000000000000e+00 0.000000000000000000e+00 0.000000000000000000e+00
1.675000000000000000e+05 6.700018354004981802e-01 1.284706417842512438e-01 8.711879836140191680e-01 0.000000000000000000e+00 3.413746017296313199e-04 0.000000000000000000e+00
1.700000000000000000e+05 6.800018627945354499e-01 1.290395994538006408e-01 8.709604005461993870e-01 0.000000000000000000e+00 0.000000000000000000e+00 0.000000000000000000e+00
1.725000000000000000e+05 6.900018901885727196e-01 1.316568047337278169e-01 8.676604460628128956e-01 0.000000000000000000e+00 6.827492034592626399e-04 0.000000000000000000e+00
1.750000000000000000e+05 7.000019175826099893e-01 1.356395084205735124e-01 8.626536185707783799e-01 4.551661356395084266e-04 1.251706873008648227e-03 0.000000000000000000e+00
1.775000000000000000e+05 7.100019449766472590e-01 1.611288120163859861e-01 7.141556668183887124e-01 1.225534820209376458e-01 2.162039144287664864e-03 0.000000000000000000e+00
1.800000000000000000e+05 7.200019723706845287e-01 1.554392353208921274e-01 7.329312699135184239e-01 1.092398725534820259e-01 2.389622212107419402e-03 0.000000000000000000e+00
1.825000000000000000e+05 7.300019997647217984e-01 1.576012744651797970e-01 7.789030496131087444e-01 6.008192990441511144e-02 3.413746017296313308e-03 0.000000000000000000e+00
1.850000000000000000e+05 7.400020271587590681e-01 1.512289485662266786e-01 6.603322712790168358e-01 1.833181611288120239e-01 5.120619025944469528e-03 0.000000000000000000e+00
1.875000000000000000e+05 7.500020545527965599e-01 1.507737824305871721e-01 6.360946745562130467e-01 2.081247155211652378e-01 5.006827492034592909e-03 0.000000000000000000e+00
1.900000000000000000e+05 7.600020819468338296e-01 1.462221210741920796e-01 6.300637232589895165e-01 2.190487027765134209e-01 4.665452890304961318e-03 0.000000000000000000e+00
1.925000000000000000e+05 7.700021093408710993e-01 1.473600364132908458e-01 6.019572143832498945e-01 2.451069640418752915e-01 5.575785161583977738e-03 0.000000000000000000e+00
1.950000000000000000e+05 7.800021367349083690e-01 1.494082840236686527e-01 5.465407373691397730e-01 2.941511151570322946e-01 9.899863450159307465e-03 0.000000000000000000e+00
1.975000000000000000e+05 7.900021641289456387e-01 1.453117888029130667e-01 5.647473827947200320e-01 2.861857077833409035e-01 3.755120619025944465e-03 0.000000000000000000e+00
2.000000000000000000e+05 8.000021915229829084e-01 1.466772872098315861e-01 5.760127446517978589e-01 2.732134729176149412e-01 4.096495220755575623e-03 0.000000000000000000e+00
2.025000000000000000e+05 8.100022189170201781e-01 1.483841602184797492e-01 5.855712335002275504e-01 2.603550295857988139e-01 5.689576695493855224e-03 0.000000000000000000e+00
2.050000000000000000e+05 8.200022463110574478e-01 1.590805644060081792e-01 5.928538916704597650e-01 2.436276741010468816e-01 4.437869822485207214e-03 0.000000000000000000e+00
2.075000000000000000e+05 8.300022737050947175e-01 1.616977696859353553e-01 5.923987255348202030e-01 2.421483841602184717e-01 3.755120619025944465e-03 0.000000000000000000e+00
2.100000000000000000e+05 8.400023010991319872e-01 1.820664542558033672e-01 5.556440600819299025e-01 2.583067819754210070e-01 3.982703686845699004e-03 0.000000000000000000e+00
2.125000000000000000e+05 8.500023284931692569e-01 1.867319071461083224e-01 5.405097860719162428e-01 2.687756030951297115e-01 3.982703686845699004e-03 0.000000000000000000e+00
2.150000000000000000e+05 8.600023558872065266e-01 1.948111060537096040e-01 5.440373236231224041e-01 2.554619936276740777e-01 5.689576695493855224e-03 0.000000000000000000e+00
2.175000000000000000e+05 8.700023832812437963e-01 1.809285389167046010e-01 5.781747837960855563e-01 2.370277651342740100e-01 3.868912152935821518e-03 0.000000000000000000e+00
2.200000000000000000e+05 8.800024106752812880e-01 1.554392353208921274e-01 6.034365043240782489e-01 2.357760582612653533e-01 5.348202093764223633e-03 0.000000000000000000e+00
2.225000000000000000e+05 8.900024380693185577e-01 1.555530268548019901e-01 5.993400091033227461e-01 2.399863450159308020e-01 5.120619025944469528e-03 0.000000000000000000e+00
2.250000000000000000e+05 9.000024654633558274e-01 1.558944014565316338e-01 5.971779699590350488e-01 2.407828857532999522e-01 6.144742831133363434e-03 0.000000000000000000e+00
2.275000000000000000e+05 9.100024928573930971e-01 1.544151115157032239e-01 5.962676376877560358e-01 2.441966317705962786e-01 5.120619025944469528e-03 0.000000000000000000e+00
2.300000000000000000e+05 9.200025202514303668e-01 1.558944014565316338e-01 5.931952662721893255e-01 2.453345471096950448e-01 5.575785161583977738e-03 0.000000000000000000e+00
2.325000000000000000e+05 9.300025476454676365e-01 1.545289030496131144e-01 5.880746472462449193e-01 2.505689576695493970e-01 6.827492034592626616e-03 0.000000000000000000e+00
2.350000000000000000e+05 9.400025750395049062e-01 1.583978152025489194e-01 5.860263996358671124e-01 2.489758761948110966e-01 6.599908966772872511e-03 0.000000000000000000e+00
2.375000000000000000e+05 9.500026024335421759e-01 1.604460628129267263e-01 5.842057350933090865e-01 2.502275830678197810e-01 5.120619025944469528e-03 0.000000000000000000e+00
2.400000000000000000e+05 9.600026298275794456e-01 1.655666818388711881e-01 5.790851160673645692e-01 2.489758761948110966e-01 6.372325898953117539e-03 0.000000000000000000e+00
2.425000000000000000e+05 9.700026572216167153e-01 1.652253072371415443e-01 5.820436959490213891e-01 2.470414201183432079e-01 5.689576695493855224e-03 0.000000000000000000e+00
2.450000000000000000e+05 9.800026846156539850e-01 1.685252617205279801e-01 6.001365498406918686e-01 2.278106508875739622e-01 3.527537551206190360e-03 0.000000000000000000e+00
2.475000000000000000e+05 9.900027120096912547e-01 1.717114246700045532e-01 6.029813381884387979e-01 2.223486572598998567e-01 2.958579881656804664e-03 0.000000000000000000e+00
2.500000000000000000e+05 1.000002739403728746e+00 1.772872098315885214e-01 6.624943104233045332e-01 1.573736913973600438e-01 2.844788347746927612e-03 0.000000000000000000e+00
