# itime ezz other fcc hcp bcc ico
0.000000000000000000e+00 0.000000000000000000e+00 0.000000000000000000e+00 1.000000000000000000e+00 0.000000000000000000e+00 0.000000000000000000e+00 0.000000000000000000e+00
2.500000000000000000e+02 9.999752076743639861e-04 0.000000000000000000e+00 1.000000000000000000e+00 0.000000000000000000e+00 0.000000000000000000e+00 0.000000000000000000e+00
5.000000000000000000e+02 1.999950415348505928e-03 0.000000000000000000e+00 1.000000000000000000e+00 0.000000000000000000e+00 0.000000000000000000e+00 0.000000000000000000e+00
7.500000000000000000e+02 2.999925623022869914e-03 0.000000000000000000e+00 1.000000000000000000e+00 0.000000000000000000e+00 0.000000000000000000e+00 0.000000000000000000e+00
1.000000000000000000e+03 3.999900830697011855e-03 0.000000000000000000e+00 1.000000000000000000e+00 0.000000000000000000e+00 0.000000000000000000e+00 0.000000000000000000e+00
1.250000000000000000e+03 4.999876038371375842e-03 0.000000000000000000e+00 1.000000000000000000e+00 0.000000000000000000e+00 0.000000000000000000e+00 0.000000000000000000e+00
1.500000000000000000e+03 5.999851246045517783e-03 0.000000000000000000e+00 1.000000000000000000e+00 0.000000000000000000e+00 0.000000000000000000e+00 0.000000000000000000e+00
1.750000000000000000e+03 6.999826453719881769e-03 0.000000000000000000e+00 1.000000000000000000e+00 0.000000000000000000e+00 0.000000000000000000e+00 0.000000000000000000e+00
2.000000000000000000e+03 7.999801661394023711e-03 0.000000000000000000e+00 1.000000000000000000e+00 0.000000000000000000e+00 0.000000000000000000e+00 0.000000000000000000e+00
2.250000000000000000e+03 8.999776869068387697e-03 0.000000000000000000e+00 1.000000000000000000e+00 0.000000000000000000e+00 0.000000000000000000e+00 0.000000000000000000e+00
2.500000000000000000e+03 9.999752076742529638e-03 0.000000000000000000e+00 1.000000000000000000e+00 0.000000000000000000e+00 0.000000000000000000e+00 0.000000000000000000e+00
2.750000000000000000e+03 1.099972728441689362e-02 0.000000000000000000e+00 1.000000000000000000e+00 0.000000000000000000e+00 0.000000000000000000e+00 0.000000000000000000e+00
3.000000000000000000e+03 1.199970249209103557e-02 0.000000000000000000e+00 1.000000000000000000e+00 0.000000000000000000e+00 0.000000000000000000e+00 0.000000000000000000e+00
3.250000000000000000e+03 1.299967769976539955e-02 0.000000000000000000e+00 1.000000000000000000e+00 0.000000000000000000e+00 0.000000000000000000e+00 0.000000000000000000e+00
3.500000000000000000e+03 1.399965290743954149e-02 0.000000000000000000e+00 1.000000000000000000e+00 0.000000000000000000e+00 0.000000000000000000e+00 0.000000000000000000e+00
3.750000000000000000e+03 1.499962811511390548e-02 0.000000000000000000e+00 1.000000000000000000e+00 0.000000000000000000e+00 0.000000000000000000e+00 0.000000000000000000e+00
4.000000000000000000e+03 1.599960332278804742e-02 0.000000000000000000e+00 1.000000000000000000e+00 0.000000000000000000e+00 0.000000000000000000e+00 0.000000000000000000e+00
4.250000000000000000e+03 1.699957853046241141e-02 0.000000000000000000e+00 1.000000000000000000e+00 0.000000000000000000e+00 0.000000000000000000e+00 0.000000000000000000e+00
4.500000000000000000e+03 1.799955373813655335e-02 0.000000000000000000e+00 1.000000000000000000e+00 0.000000000000000000e+00 0.000000000000000000e+00 0.000000000000000000e+00
4.750000000000000000e+03 1.899952894581091734e-02 0.000000000000000000e+00 1.000000000000000000e+00 0.000000000000000000e+00 0.000000000000000000e+00 0.000000000000000000e+00
5.000000000000000000e+03 1.999950415348505928e-02 0.000000000000000000e+00 1.000000000000000000e+00 0.000000000000000000e+00 0.000000000000000000e+00 0.000000000000000000e+00
5.250000000000000000e+03 2.099947936115942326e-02 0.000000000000000000e+00 1.000000000000000000e+00 0.000000000000000000e+00 0.000000000000000000e+00 0.000000000000000000e+00
5.500000000000000000e+03 2.199945456883356520e-02 0.000000000000000000e+00 1.000000000000000000e+00 0.000000000000000000e+00 0.000000000000000000e+00 0.000000000000000000e+00
5.750000000000000000e+03 2.299942977650792919e-02 0.000000000000000000e+00 1.000000000000000000e+00 0.000000000000000000e+00 0.000000000000000000e+00 0.000000000000000000e+00
6.000000000000000000e+03 2.399940498418207113e-02 0.000000000000000000e+00 1.000000000000000000e+00 0.000000000000000000e+00 0.000000000000000000e+00 0.000000000000000000e+00
6.250000000000000000e+03 2.499938019185643512e-02 0.000000000000000000e+00 1.000000000000000000e+00 0.000000000000000000e+00 0.000000000000000000e+00 0.000000000000000000e+00
6.500000000000000000e+03 2.599935539953057706e-02 0.000000000000000000e+00 1.000000000000000000e+00 0.000000000000000000e+00 0.000000000000000000e+00 0.000000000000000000e+00
6.750000000000000000e+03 2.699933060720494105e-02 0.000000000000000000e+00 1.000000000000000000e+00 0.000000000000000000e+00 0.000000000000000000e+00 0.000000000000000000e+00
7.000000000000000000e+03 2.799930581487908299e-02 0.000000000000000000e+00 1.000000000000000000e+00 0.000000000000000000e+00 0.000000000000000000e+00 0.000000000000000000e+00
7.250000000000000000e+03 2.899928102255344697e-02 0.000000000000000000e+00 1.000000000000000000e+00 0.000000000000000000e+00 0.000000000000000000e+00 0.000000000000000000e+00
7.500000000000000000e+03 2.999925623022758892e-02 0.000000000000000000e+00 1.000000000000000000e+00 0.000000000000000000e+00 0.000000000000000000e+00 0.000000000000000000e+00
7.750000000000000000e+03 3.099923143790195290e-02 0.000000000000000000e+00 1.000000000000000000e+00 0.000000000000000000e+00 0.000000000000000000e+00 0.000000000000000000e+00
8.000000000000000000e+03 3.199920664557631689e-02 0.000000000000000000e+00 1.000000000000000000e+00 0.000000000000000000e+00 0.000000000000000000e+00 0.000000000000000000e+00
8.250000000000000000e+03 3.299918185325045883e-02 0.000000000000000000e+00 1.000000000000000000e+00 0.000000000000000000e+00 0.000000000000000000e+00 0.000000000000000000e+00
8.500000000000000000e+03 3.399915706092482282e-02 0.000000000000000000e+00 1.000000000000000000e+00 0.000000000000000000e+00 0.000000000000000000e+00 0.000000000000000000e+00
8.750000000000000000e+03 3.499913226859896476e-02 0.000000000000000000e+00 1.000000000000000000e+00 0.000000000000000000e+00 0.000000000000000000e+00 0.000000000000000000e+00
9.000000000000000000e+03 3.599910747627332874e-02 0.000000000000000000e+00 1.000000000000000000e+00 0.000000000000000000e+00 0.000000000000000000e+00 0.000000000000000000e+00
9.250000000000000000e+03 3.699908268394747068e-02 0.000000000000000000e+00 1.000000000000000000e+00 0.000000000000000000e+00 0.000000000000000000e+00 0.000000000000000000e+00
9.500000000000000000e+03 3.799905789162183467e-02 0.000000000000000000e+00 1.000000000000000000e+00 0.000000000000000000e+00 0.000000000000000000e+00 0.000000000000000000e+00
9.750000000000000000e+03 3.899903309929597661e-02 0.000000000000000000e+00 1.000000000000000000e+00 0.000000000000000000e+00 0.000000000000000000e+00 0.000000000000000000e+00
1.000000000000000000e+04 3.999900830697034060e-02 0.000000000000000000e+00 1.000000000000000000e+00 0.000000000000000000e+00 0.000000000000000000e+00 0.000000000000000000e+00
1.025000000000000000e+04 4.099898351464448254e-02 0.000000000000000000e+00 1.000000000000000000e+00 0.000000000000000000e+00 0.000000000000000000e+00 0.000000000000000000e+00
1.050000000000000000e+04 4.199895872231884653e-02 0.000000000000000000e+00 1.000000000000000000e+00 0.000000000000000000e+00 0.000000000000000000e+00 0.000000000000000000e+00
1.075000000000000000e+04 4.299893392999298847e-02 0.000000000000000000e+00 1.000000000000000000e+00 0.000000000000000000e+00 0.000000000000000000e+00 0.000000000000000000e+00
1.100000000000000000e+04 4.399890913766735245e-02 0.000000000000000000e+00 1.000000000000000000e+00 0.000000000000000000e+00 0.000000000000000000e+00 0.000000000000000000e+00
1.125000000000000000e+04 4.499888434534149440e-02 0.000000000000000000e+00 1.000000000000000000e+00 0.000000000000000000e+00 0.000000000000000000e+00 0.000000000000000000e+00
1.150000000000000000e+04 4.599885955301585838e-02 0.000000000000000000e+00 1.000000000000000000e+00 0.000000000000000000e+00 0.000000000000000000e+00 0.000000000000000000e+00
1.175000000000000000e+04 4.699883476069000032e-02 0.000000000000000000e+00 1.000000000000000000e+00 0.000000000000000000e+00 0.000000000000000000e+00 0.000000000000000000e+00
1.200000000000000000e+04 4.799880996836436431e-02 0.000000000000000000e+00 1.000000000000000000e+00 0.000000000000000000e+00 0.000000000000000000e+00 0.000000000000000000e+00
1.225000000000000000e+04 4.899878517603850625e-02 0.000000000000000000e+00 1.000000000000000000e+00 0.000000000000000000e+00 0.000000000000000000e+00 0.000000000000000000e+00
1.250000000000000000e+04 4.999876038371287024e-02 0.000000000000000000e+00 1.000000000000000000e+00 0.000000000000000000e+00 0.000000000000000000e+00 0.000000000000000000e+00
1.275000000000000000e+04 5.099873559138701218e-02 0.000000000000000000e+00 1.000000000000000000e+00 0.000000000000000000e+00 0.000000000000000000e+00 0.000000000000000000e+00
1.300000000000000000e+04 5.199871079906137616e-02 0.000000000000000000e+00 1.000000000000000000e+00 0.000000000000000000e+00 0.000000000000000000e+00 0.000000000000000000e+00
1.325000000000000000e+04 5.299868600673551811e-02 0.000000000000000000e+00 1.000000000000000000e+00 0.000000000000000000e+00 0.000000000000000000e+00 0.000000000000000000e+00
1.350000000000000000e+04 5.399866121440988209e-02 0.000000000000000000e+00 1.000000000000000000e+00 0.000000000000000000e+00 0.000000000000000000e+00 0.000000000000000000e+00
1.375000000000000000e+04 5.499863642208402403e-02 0.000000000000000000e+00 1.000000000000000000e+00 0.000000000000000000e+00 0.000000000000000000e+00 0.000000000000000000e+00
1.400000000000000000e+04 5.599861162975838802e-02 0.000000000000000000e+00 1.000000000000000000e+00 0.000000000000000000e+00 0.000000000000000000e+00 0.000000000000000000e+00
1.425000000000000000e+04 5.699858683743252996e-02 0.000000000000000000e+00 1.000000000000000000e+00 0.000000000000000000e+00 0.000000000000000000e+00 0.000000000000000000e+00
1.450000000000000000e+04 5.799856204510689395e-02 0.000000000000000000e+00 1.000000000000000000e+00 0.000000000000000000e+00 0.000000000000000000e+00 0.000000000000000000e+00
1.475000000000000000e+04 5.899853725278103589e-02 0.000000000000000000e+00 1.000000000000000000e+00 0.000000000000000000e+00 0.000000000000000000e+00 0.000000000000000000e+00
1.500000000000000000e+04 5.999851246045539988e-02 0.000000000000000000e+00 1.000000000000000000e+00 0.000000000000000000e+00 0.000000000000000000e+00 0.000000000000000000e+00
1.525000000000000000e+04 6.099848766812954182e-02 3.413746017296313199e-04 9.996586253982703285e-01 0.000000000000000000e+00 0.000000000000000000e+00 0.000000000000000000e+00
1.550000000000000000e+04 6.199846287580390580e-02 0.000000000000000000e+00 1.000000000000000000e+00 0.000000000000000000e+00 0.000000000000000000e+00 0.000000000000000000e+00
1.575000000000000000e+04 6.299843808347804774e-02 0.000000000000000000e+00 1.000000000000000000e+00 0.000000000000000000e+00 0.000000000000000000e+00 0.000000000000000000e+00
1.600000000000000000e+04 6.399841329115241173e-02 0.000000000000000000e+00 1.000000000000000000e+00 0.000000000000000000e+00 0.000000000000000000e+00 0.000000000000000000e+00
1.625000000000000000e+04 6.499838849882677572e-02 0.000000000000000000e+00 1.000000000000000000e+00 0.000000000000000000e+00 0.000000000000000000e+00 0.000000000000000000e+00
1.650000000000000000e+04 6.599836370650091766e-02 2.275830678197542133e-04 9.997724169321802190e-01 0.000000000000000000e+00 0.000000000000000000e+00 0.000000000000000000e+00
1.675000000000000000e+04 6.699833891417528164e-02 0.000000000000000000e+00 1.000000000000000000e+00 0.000000000000000000e+00 0.000000000000000000e+00 0.000000000000000000e+00
1.700000000000000000e+04 6.799831412184942359e-02 0.000000000000000000e+00 1.000000000000000000e+00 0.000000000000000000e+00 0.000000000000000000e+00 0.000000000000000000e+00
1.725000000000000000e+04 6.899828932952378757e-02 0.000000000000000000e+00 1.000000000000000000e+00 0.000000000000000000e+00 0.000000000000000000e+00 0.000000000000000000e+00
1.750000000000000000e+04 6.999826453719792951e-02 1.137915339098771066e-04 9.998862084660901095e-01 0.000000000000000000e+00 0.000000000000000000e+00 0.000000000000000000e+00
1.775000000000000000e+04 7.099823974487229350e-02 0.000000000000000000e+00 1.000000000000000000e+00 0.000000000000000000e+00 0.000000000000000000e+00 0.000000000000000000e+00
1.800000000000000000e+04 7.199821495254643544e-02 0.000000000000000000e+00 9.998862084660901095e-01 0.000000000000000000e+00 1.137915339098771066e-04 0.000000000000000000e+00
1.825000000000000000e+04 7.299819016022079943e-02 0.000000000000000000e+00 1.000000000000000000e+00 0.000000000000000000e+00 0.000000000000000000e+00 0.000000000000000000e+00
1.850000000000000000e+04 7.399816536789494137e-02 0.000000000000000000e+00 1.000000000000000000e+00 0.000000000000000000e+00 0.000000000000000000e+00 0.000000000000000000e+00
1.875000000000000000e+04 7.499814057556930535e-02 0.000000000000000000e+00 1.000000000000000000e+00 0.000000000000000000e+00 0.000000000000000000e+00 0.000000000000000000e+00
1.900000000000000000e+04 7.599811578324344730e-02 4.551661356395084266e-04 9.995448338643604380e-01 0.000000000000000000e+00 0.000000000000000000e+00 0.000000000000000000e+00
1.925000000000000000e+04 7.699809099091781128e-02 4.551661356395084266e-04 9.995448338643604380e-01 0.000000000000000000e+00 0.000000000000000000e+00 0.000000000000000000e+00
1.950000000000000000e+04 7.799806619859195322e-02 0.000000000000000000e+00 1.000000000000000000e+00 0.000000000000000000e+00 0.000000000000000000e+00 0.000000000000000000e+00
1.975000000000000000e+04 7.899804140626631721e-02 2.275830678197542133e-04 9.997724169321802190e-01 0.000000000000000000e+00 0.000000000000000000e+00 0.000000000000000000e+00
2.000000000000000000e+04 7.999801661394045915e-02 0.000000000000000000e+00 1.000000000000000000e+00 0.000000000000000000e+00 0.000000000000000000e+00 0.000000000000000000e+00
2.025000000000000000e+04 8.099799182161482314e-02 9.103322712790168532e-04 9.990896677287209870e-01 0.000000000000000000e+00 0.000000000000000000e+00 0.000000000000000000e+00
2.050000000000000000e+04 8.199796702928896508e-02 3.413746017296313199e-04 9.996586253982703285e-01 0.000000000000000000e+00 0.000000000000000000e+00 0.000000000000000000e+00
2.075000000000000000e+04 8.299794223696332907e-02 0.000000000000000000e+00 1.000000000000000000e+00 0.000000000000000000e+00 0.000000000000000000e+00 0.000000000000000000e+00
2.100000000000000000e+04 8.399791744463747101e-02 0.000000000000000000e+00 1.000000000000000000e+00 0.000000000000000000e+00 0.000000000000000000e+00 0.000000000000000000e+00
2.125000000000000000e+04 8.499789265231183499e-02 6.827492034592626399e-04 9.993172507965407680e-01 0.000000000000000000e+00 0.000000000000000000e+00 0.000000000000000000e+00
2.150000000000000000e+04 8.599786785998597693e-02 0.000000000000000000e+00 1.000000000000000000e+00 0.000000000000000000e+00 0.000000000000000000e+00 0.000000000000000000e+00
2.175000000000000000e+04 8.699784306766034092e-02 5.689576695493854790e-04 9.994310423304506585e-01 0.000000000000000000e+00 0.000000000000000000e+00 0.000000000000000000e+00
2.200000000000000000e+04 8.799781827533448286e-02 2.275830678197542133e-04 9.997724169321802190e-01 0.000000000000000000e+00 0.000000000000000000e+00 0.000000000000000000e+00
2.225000000000000000e+04 8.899779348300884685e-02 3.413746017296313199e-04 9.996586253982703285e-01 0.000000000000000000e+00 0.000000000000000000e+00 0.000000000000000000e+00
2.250000000000000000e+04 8.999776869068298879e-02 1.820664542558033706e-03 9.980655439235320836e-01 0.000000000000000000e+00 1.137915339098771066e-04 0.000000000000000000e+00
2.275000000000000000e+04 9.099774389835735278e-02 1.251706873008648227e-03 9.987482931269913156e-01 0.000000000000000000e+00 0.000000000000000000e+00 0.000000000000000000e+00
2.300000000000000000e+04 9.199771910603149472e-02 4.551661356395084266e-04 9.995448338643604380e-01 0.000000000000000000e+00 0.000000000000000000e+00 0.000000000000000000e+00
2.325000000000000000e+04 9.299769431370585870e-02 9.103322712790168532e-04 9.990896677287209870e-01 0.000000000000000000e+00 0.000000000000000000e+00 0.000000000000000000e+00
2.350000000000000000e+04 9.399766952138000065e-02 1.137915339098770958e-03 9.987482931269913156e-01 0.000000000000000000e+00 1.137915339098771066e-04 0.000000000000000000e+00
2.375000000000000000e+04 9.499764472905436463e-02 9.103322712790168532e-04 9.990896677287209870e-01 0.000000000000000000e+00 0.000000000000000000e+00 0.000000000000000000e+00
2.400000000000000000e+04 9.599761993672872862e-02 1.706873008648156654e-03 9.980655439235320836e-01 0.000000000000000000e+00 2.275830678197542133e-04 0.000000000000000000e+00
2.425000000000000000e+04 9.699759514440287056e-02 2.048247610377787811e-03 9.978379608557123026e-01 0.000000000000000000e+00 1.137915339098771066e-04 0.000000000000000000e+00
2.450000000000000000e+04 9.799757035207723455e-02 2.162039144287664864e-03 9.977241693218024121e-01 0.000000000000000000e+00 1.137915339098771066e-04 0.000000000000000000e+00
2.475000000000000000e+04 9.899754555975137649e-02 2.389622212107419402e-03 9.973827947200728516e-01 0.000000000000000000e+00 2.275830678197542133e-04 0.000000000000000000e+00
2.500000000000000000e+04 9.999752076742574047e-02 1.820664542558033706e-03 9.981793354574419741e-01 0.000000000000000000e+00 0.000000000000000000e+00 0.000000000000000000e+00
2.525000000000000000e+04 1.009974959750998824e-01 1.365498406918525280e-03 9.980655439235320836e-01 0.000000000000000000e+00 5.689576695493854790e-04 0.000000000000000000e+00
2.550000000000000000e+04 1.019974711827742464e-01 4.210286754665453109e-03 9.955621301775148257e-01 0.000000000000000000e+00 2.275830678197542133e-04 0.000000000000000000e+00
2.575000000000000000e+04 1.029974463904483883e-01 3.755120619025944465e-03 9.960172963131542767e-01 0.000000000000000000e+00 2.275830678197542133e-04 0.000000000000000000e+00
2.600000000000000000e+04 1.039974215981227523e-01 3.868912152935821518e-03 9.961310878470641672e-01 0.000000000000000000e+00 0.000000000000000000e+00 0.000000000000000000e+00
2.625000000000000000e+04 1.049973968057968943e-01 3.413746017296313308e-03 9.963586709148839482e-01 0.000000000000000000e+00 2.275830678197542133e-04 0.000000000000000000e+00
2.650000000000000000e+04 1.059973720134712583e-01 4.437869822485207214e-03 9.952207555757851543e-01 0.000000000000000000e+00 3.413746017296313199e-04 0.000000000000000000e+00
2.675000000000000000e+04 1.069973472211454002e-01 8.761948111060537808e-03 9.906690942193900895e-01 0.000000000000000000e+00 5.689576695493854790e-04 0.000000000000000000e+00
2.700000000000000000e+04 1.079973224288197642e-01 1.103777878925807886e-02 9.875967228038233792e-01 0.000000000000000000e+00 1.365498406918525280e-03 0.000000000000000000e+00
2.725000000000000000e+04 1.089972976364939061e-01 1.729631315430131891e-02 9.755348202093764298e-01 0.000000000000000000e+00 7.168866636322257339e-03 0.000000000000000000e+00
2.750000000000000000e+04 1.099972728441682701e-01 8.591260810195720798e-02 7.403277196176604180e-01 1.137915339098771066e-04 1.736458807464724696e-01 0.000000000000000000e+00
2.775000000000000000e+04 1.109972480518424121e-01 1.854802002730996935e-01 3.443331816112881194e-01 5.120619025944470049e-02 4.189804278561675144e-01 0.000000000000000000e+00
2.800000000000000000e+04 1.119972232595167760e-01 1.949248975876194945e-01 5.105826126536185949e-01 2.469276285844333174e-01 4.756486117432862787e-02 0.000000000000000000e+00
2.825000000000000000e+04 1.129971984671909180e-01 1.767182521620391522e-01 5.237824305871643382e-01 2.829995448338643582e-01 1.649977241693217911e-02 0.000000000000000000e+00
2.850000000000000000e+04 1.139971736748652820e-01 1.750113791533909890e-01 5.426718252162039402e-01 2.720755575785161473e-01 1.024123805188893906e-02 0.000000000000000000e+00
2.875000000000000000e+04 1.149971488825394239e-01 1.728493400091033194e-01 5.639508420573509095e-01 2.548930359581247362e-01 8.306781975421027864e-03 0.000000000000000000e+00
2.900000000000000000e+04 1.159971240902137879e-01 1.719390077378243065e-01 5.712335002275830131e-01 2.454483386436049075e-01 1.137915339098771045e-02 0.000000000000000000e+00
2.925000000000000000e+04 1.169970992978879298e-01 1.659080564406008318e-01 5.695266272189348777e-01 2.522758306781975324e-01 1.228948566226672687e-02 0.000000000000000000e+00
2.950000000000000000e+04 1.179970745055622938e-01 1.516841147018661851e-01 5.857988165680473314e-01 2.496586253982703563e-01 1.285844333181611343e-02 0.000000000000000000e+00
2.975000000000000000e+04 1.189970497132364358e-01 1.478152025489303523e-01 6.078743741465635342e-01 2.295175238962221254e-01 1.479289940828402289e-02 0.000000000000000000e+00
3.000000000000000000e+04 1.199970249209107998e-01 1.511151570323167881e-01 6.284706417842512716e-01 2.108557123350022766e-01 9.558488848429677609e-03 0.000000000000000000e+00
3.025000000000000000e+04 1.209970001285849417e-01 1.448566226672735602e-01 6.304050978607191880e-01 2.164314974965862448e-01 8.306781975421027864e-03 0.000000000000000000e+00
3.050000000000000000e+04 1.219969753362593057e-01 1.413290851160673711e-01 6.307464724624487484e-01 2.205279927173418308e-01 7.396449704142011444e-03 0.000000000000000000e+00
3.075000000000000000e+04 1.229969505439334476e-01 1.457669549385525731e-01 6.374601729631315106e-01 2.125625853436504398e-01 4.210286754665453109e-03 0.000000000000000000e+00
3.100000000000000000e+04 1.239969257516078116e-01 1.426945835229858905e-01 6.440600819299043822e-01 2.058488848429676776e-01 7.396449704142011444e-03 0.000000000000000000e+00
3.125000000000000000e+04 1.249969009592819535e-01 1.319981793354574329e-01 6.489531178880291185e-01 2.121074192080109333e-01 6.941283568502503235e-03 0.000000000000000000e+00
3.150000000000000000e+04 1.259968761669563175e-01 1.274465179790623681e-01 6.437187073281748217e-01 2.230314064633591165e-01 5.803368229403732710e-03 0.000000000000000000e+00
3.175000000000000000e+04 1.269968513746306815e-01 1.168639053254437871e-01 6.553254437869822091e-01 2.183659535730541612e-01 9.444697314519799256e-03 0.000000000000000000e+00
3.200000000000000000e+04 1.279968265823048235e-01 1.145880746472462408e-01 6.726217569412835662e-01 2.045971779699590487e-01 8.192990441511151245e-03 0.000000000000000000e+00
3.225000000000000000e+04 1.289968017899791874e-01 1.134501593081474746e-01 6.679563040509786109e-01 2.117660446062812896e-01 6.827492034592626616e-03 0.000000000000000000e+00
3.250000000000000000e+04 1.299967769976533294e-01 1.093536640873919025e-01 6.860491579426490905e-01 1.957214383249886169e-01 8.875739644970414427e-03 0.000000000000000000e+00
3.275000000000000000e+04 1.309967522053276934e-01 1.086709148839326289e-01 6.906008192990441552e-01 1.923076923076923184e-01 8.420573509330906217e-03 0.000000000000000000e+00
3.300000000000000000e+04 1.319967274130018353e-01 1.115157032316795582e-01 6.812699135184342447e-01 2.010696404187528319e-01 6.144742831133363434e-03 0.000000000000000000e+00
3.325000000000000000e+04 1.329967026206761993e-01 1.112881201638598050e-01 6.827492034592625991e-01 1.981110605370960398e-01 7.851615839781519654e-03 0.000000000000000000e+00
3.350000000000000000e+04 1.339966778283503412e-01 1.108329540282202985e-01 6.805871643149750128e-01 2.007282658170232159e-01 7.851615839781519654e-03 0.000000000000000000e+00
3.375000000000000000e+04 1.349966530360247052e-01 1.134501593081474746e-01 6.725079654073736757e-01 2.078971324533454845e-01 6.144742831133363434e-03 0.000000000000000000e+00
3.400000000000000000e+04 1.359966282436988472e-01 1.137915339098771045e-01 6.714838416021847722e-01 2.080109239872553473e-01 6.713700500682749130e-03 0.000000000000000000e+00
3.425000000000000000e+04 1.369966034513732112e-01 1.123122439690487084e-01 6.713700500682748817e-01 2.088074647246244975e-01 7.510241238051888930e-03 0.000000000000000000e+00
3.450000000000000000e+04 1.379965786590473531e-01 1.133363677742375980e-01 6.688666363222576239e-01 2.094902139280837572e-01 8.306781975421027864e-03 0.000000000000000000e+00
3.475000000000000000e+04 1.389965538667217171e-01 1.114019116977696816e-01 6.676149294492489394e-01 2.125625853436504398e-01 8.420573509330906217e-03 0.000000000000000000e+00
3.500000000000000000e+04 1.399965290743958590e-01 1.133363677742375980e-01 6.675011379153390489e-01 2.119936276741010428e-01 7.168866636322257339e-03 0.000000000000000000e+00
3.525000000000000000e+04 1.409965042820702230e-01 1.142467000455166110e-01 6.657942649066909135e-01 2.116522530723714268e-01 8.306781975421027864e-03 0.000000000000000000e+00
3.550000000000000000e+04 1.419964794897443650e-01 1.144742831133363642e-01 6.631770596267637652e-01 2.123350022758306865e-01 1.001365498406918582e-02 0.000000000000000000e+00
3.575000000000000000e+04 1.429964546974187289e-01 1.157259899863450209e-01 6.654528903049613531e-01 2.100591715976331264e-01 8.761948111060537808e-03 0.000000000000000000e+00
3.600000000000000000e+04 1.439964299050928709e-01 1.185707783340919502e-01 6.837733272644515026e-01 1.906008192990441552e-01 7.055075102412380721e-03 0.000000000000000000e+00
3.625000000000000000e+04 1.449964051127672349e-01 1.170914883932635403e-01 6.928766499772417431e-01 1.825216203914428736e-01 7.510241238051888930e-03 0.000000000000000000e+00
3.650000000000000000e+04 1.459963803204413768e-01 1.139053254437869811e-01 6.917387346381429492e-01 1.875284478834774726e-01 6.827492034592626616e-03 0.000000000000000000e+00
3.675000000000000000e+04 1.469963555281157408e-01 1.096950386891215323e-01 6.919663177059627301e-01 1.925352753755120716e-01 5.803368229403732710e-03 0.000000000000000000e+00
3.700000000000000000e+04 1.479963307357898827e-01 1.108329540282202985e-01 6.820664542558033672e-01 2.015248065543923661e-01 5.575785161583977738e-03 0.000000000000000000e+00
3.725000000000000000e+04 1.489963059434642467e-01 1.103777878925807920e-01 6.758079198907601670e-01 2.092626308602640040e-01 4.551661356395083832e-03 0.000000000000000000e+00
3.750000000000000000e+04 1.499962811511383887e-01 1.126536185707783383e-01 6.722803823395538947e-01 2.100591715976331264e-01 5.006827492034592909e-03 0.000000000000000000e+00
3.775000000000000000e+04 1.509962563588127527e-01 1.137915339098771045e-01 6.717114246700045532e-01 2.100591715976331264e-01 4.437869822485207214e-03 0.000000000000000000e+00
3.800000000000000000e+04 1.519962315664868946e-01 1.114019116977696816e-01 6.727355484751934567e-01 2.107419208010923861e-01 5.120619025944469528e-03 0.000000000000000000e+00
3.825000000000000000e+04 1.529962067741612586e-01 1.140191169776968577e-01 6.727355484751934567e-01 2.086936731907146070e-01 4.551661356395083832e-03 0.000000000000000000e+00
3.850000000000000000e+04 1.539961819818354005e-01 1.118570778334091881e-01 6.733045061447427981e-01 2.086936731907146070e-01 6.144742831133363434e-03 0.000000000000000000e+00
3.875000000000000000e+04 1.549961571895097645e-01 1.145880746472462408e-01 6.739872553482021411e-01 2.068730086481565811e-01 4.551661356395083832e-03 0.000000000000000000e+00
3.900000000000000000e+04 1.559961323971839064e-01 1.144742831133363642e-01 6.734182976786526886e-01 2.056213017751479244e-01 6.486117432862995025e-03 0.000000000000000000e+00
3.925000000000000000e+04 1.569961076048582704e-01 1.129949931725079681e-01 6.730769230769231282e-01 2.074419663177059503e-01 6.486117432862995025e-03 0.000000000000000000e+00
3.950000000000000000e+04 1.579960828125326344e-01 1.133363677742375980e-01 6.741010468821119206e-01 2.077833409194355940e-01 4.779244424214838804e-03 0.000000000000000000e+00
3.975000000000000000e+04 1.589960580202067764e-01 1.131087847064178448e-01 6.728493400091033472e-01 2.092626308602640040e-01 4.779244424214838804e-03 0.000000000000000000e+00
4.000000000000000000e+04 1.599960332278811403e-01 1.149294492489758707e-01 6.764906690942193990e-01 2.031178880291306388e-01 5.461993627674101119e-03 0.000000000000000000e+00
4.025000000000000000e+04 1.609960084355552823e-01 1.126536185707783383e-01 6.788802913063267663e-01 2.027765134274009950e-01 5.689576695493855224e-03 0.000000000000000000e+00
4.050000000000000000e+04 1.619959836432296463e-01 1.159535730541647741e-01 6.794492489758762188e-01 1.987938097405552995e-01 5.803368229403732710e-03 0.000000000000000000e+00
4.075000000000000000e+04 1.629959588509037882e-01 1.149294492489758707e-01 6.814974965862540257e-01 1.991351843422849432e-01 4.437869822485207214e-03 0.000000000000000000e+00
4.100000000000000000e+04 1.639959340585781522e-01 1.174328629949931702e-01 6.785389167045972059e-01 1.991351843422849432e-01 4.893035958124715423e-03 0.000000000000000000e+00
4.125000000000000000e+04 1.649959092662522941e-01 1.133363677742375980e-01 6.813837050523441352e-01 1.987938097405552995e-01 6.486117432862995025e-03 0.000000000000000000e+00
4.150000000000000000e+04 1.659958844739266581e-01 1.157259899863450209e-01 6.834319526627219421e-01 1.964041875284478766e-01 4.437869822485207214e-03 0.000000000000000000e+00
4.175000000000000000e+04 1.669958596816008001e-01 1.178880291306326766e-01 6.793354574419663283e-01 1.974283113336367801e-01 5.348202093764223633e-03 0.000000000000000000e+00
4.200000000000000000e+04 1.679958348892751641e-01 1.133363677742375980e-01 6.834319526627219421e-01 1.969731451979972736e-01 6.258534365043240920e-03 0.000000000000000000e+00
4.225000000000000000e+04 1.689958100969493060e-01 1.160673645880746507e-01 6.828629949931724896e-01 1.959490213928083702e-01 5.120619025944469528e-03 0.000000000000000000e+00
4.250000000000000000e+04 1.699957853046236700e-01 1.166363222576240338e-01 6.793354574419663283e-01 1.990213928083750528e-01 5.006827492034592909e-03 0.000000000000000000e+00
4.275000000000000000e+04 1.709957605122978119e-01 1.213017751479289891e-01 6.761492944924897275e-01 1.977696859353663961e-01 4.779244424214838804e-03 0.000000000000000000e+00
4.300000000000000000e+04 1.719957357199721759e-01 1.181156121984524299e-01 6.768320436959490705e-01 1.994765589440145592e-01 5.575785161583977738e-03 0.000000000000000000e+00
4.325000000000000000e+04 1.729957109276463179e-01 1.214155666818388657e-01 6.767182521620391800e-01 1.961766044606281234e-01 5.689576695493855224e-03 0.000000000000000000e+00
4.350000000000000000e+04 1.739956861353206818e-01 1.213017751479289891e-01 6.771734182976786309e-01 1.956076467910787542e-01 5.917159763313609329e-03 0.000000000000000000e+00
4.375000000000000000e+04 1.749956613429948238e-01 1.218707328174783860e-01 6.772872098315885214e-01 1.956076467910787542e-01 5.234410559854347014e-03 0.000000000000000000e+00
4.400000000000000000e+04 1.759956365506691878e-01 1.205052344105598527e-01 6.785389167045972059e-01 1.965179790623577671e-01 4.437869822485207214e-03 0.000000000000000000e+00
4.425000000000000000e+04 1.769956117583433297e-01 1.222121074192080159e-01 6.778561675011378629e-01 1.961766044606281234e-01 3.755120619025944465e-03 0.000000000000000000e+00
4.450000000000000000e+04 1.779955869660176937e-01 1.206190259444697294e-01 6.767182521620391800e-01 1.972007282658170269e-01 5.461993627674101119e-03 0.000000000000000000e+00
4.475000000000000000e+04 1.789955621736918356e-01 1.198224852071005930e-01 6.769458352298588499e-01 1.967455621301775204e-01 6.486117432862995025e-03 0.000000000000000000e+00
4.500000000000000000e+04 1.799955373813661996e-01 1.252844788347746985e-01 6.788802913063267663e-01 1.911697769685935244e-01 4.665452890304961318e-03 0.000000000000000000e+00
4.525000000000000000e+04 1.809955125890403416e-01 1.197086936731907164e-01 6.817250796540736957e-01 1.926490669094219343e-01 5.917159763313609329e-03 0.000000000000000000e+00
4.550000000000000000e+04 1.819954877967147056e-01 1.232362312243969055e-01 6.725079654073736757e-01 1.970869367319071364e-01 7.168866636322257339e-03 0.000000000000000000e+00
4.575000000000000000e+04 1.829954630043888475e-01 1.191397360036413333e-01 6.733045061447427981e-01 2.008420573509330787e-01 6.713700500682749130e-03 0.000000000000000000e+00
4.600000000000000000e+04 1.839954382120632115e-01 1.185707783340919502e-01 6.743286299499317016e-01 2.001593081474738189e-01 6.941283568502503235e-03 0.000000000000000000e+00
4.625000000000000000e+04 1.849954134197373534e-01 1.189121529358215801e-01 6.754665452890304955e-01 1.973145197997268896e-01 8.306781975421027864e-03 0.000000000000000000e+00
4.650000000000000000e+04 1.859953886274117174e-01 1.187983614019117035e-01 6.725079654073736757e-01 2.009558488848429691e-01 7.737824305871643035e-03 0.000000000000000000e+00
4.675000000000000000e+04 1.869953638350858593e-01 1.194811106053709632e-01 6.649977241693217911e-01 2.097177969959035104e-01 5.803368229403732710e-03 0.000000000000000000e+00
4.700000000000000000e+04 1.879953390427602233e-01 1.141329085116067343e-01 6.668183887118798170e-01 2.125625853436504398e-01 6.486117432862995025e-03 0.000000000000000000e+00
4.725000000000000000e+04 1.889953142504343653e-01 1.174328629949931702e-01 6.656804733727810230e-01 2.107419208010923861e-01 6.144742831133363434e-03 0.000000000000000000e+00
4.750000000000000000e+04 1.899952894581087293e-01 1.162949476558944040e-01 6.654528903049613531e-01 2.134729176149294527e-01 4.779244424214838804e-03 0.000000000000000000e+00
4.775000000000000000e+04 1.909952646657830932e-01 1.153846153846153910e-01 6.651115157032316816e-01 2.138142922166590687e-01 5.689576695493855224e-03 0.000000000000000000e+00
4.800000000000000000e+04 1.919952398734572352e-01 1.189121529358215801e-01 6.663632225762403660e-01 2.084660901228948537e-01 6.258534365043240920e-03 0.000000000000000000e+00
4.825000000000000000e+04 1.929952150811315992e-01 1.202776513427400995e-01 6.715976331360946627e-01 2.042558033682294050e-01 3.868912152935821518e-03 0.000000000000000000e+00
4.850000000000000000e+04 1.939951902888057411e-01 1.166363222576240338e-01 6.719390077378243342e-01 2.063040509786071841e-01 5.120619025944469528e-03 0.000000000000000000e+00
4.875000000000000000e+04 1.949951654964801051e-01 1.140191169776968577e-01 6.711424670004552118e-01 2.092626308602640040e-01 5.575785161583977738e-03 0.000000000000000000e+00
4.900000000000000000e+04 1.959951407041542470e-01 1.181156121984524299e-01 6.677287209831588299e-01 2.097177969959035104e-01 4.437869822485207214e-03 0.000000000000000000e+00
4.925000000000000000e+04 1.969951159118286110e-01 1.185707783340919502e-01 6.689804278561675144e-01 2.083522985889849910e-01 4.096495220755575623e-03 0.000000000000000000e+00
4.950000000000000000e+04 1.979950911195027530e-01 1.172052799271734169e-01 6.655666818388711325e-01 2.124487938097405493e-01 4.779244424214838804e-03 0.000000000000000000e+00
4.975000000000000000e+04 1.989950663271771170e-01 1.199362767410104696e-01 6.652253072371415721e-01 2.097177969959035104e-01 5.120619025944469528e-03 0.000000000000000000e+00
5.000000000000000000e+04 1.999950415348512589e-01 1.201638598088302229e-01 6.637460172963131066e-01 2.116522530723714268e-01 4.437869822485207214e-03 0.000000000000000000e+00
5.025000000000000000e+04 2.009950167425256229e-01 1.160673645880746507e-01 6.692080109239872954e-01 2.099453800637232637e-01 4.779244424214838804e-03 0.000000000000000000e+00
5.050000000000000000e+04 2.019949919501997648e-01 1.201638598088302229e-01 6.672735548475193790e-01 2.098315885298133732e-01 2.730996813837050560e-03 0.000000000000000000e+00
5.075000000000000000e+04 2.029949671578741288e-01 1.193673190714610866e-01 6.668183887118798170e-01 2.084660901228948537e-01 5.348202093764223633e-03 0.000000000000000000e+00
5.100000000000000000e+04 2.039949423655482708e-01 1.207328174783796060e-01 6.653390987710514626e-01 2.089212562585343602e-01 5.006827492034592909e-03 0.000000000000000000e+00
5.125000000000000000e+04 2.049949175732226347e-01 1.201638598088302229e-01 6.672735548475193790e-01 2.073281747837960876e-01 5.234410559854347014e-03 0.000000000000000000e+00
5.150000000000000000e+04 2.059948927808967767e-01 1.176604460628129234e-01 6.676149294492489394e-01 2.107419208010923861e-01 3.982703686845699004e-03 0.000000000000000000e+00
5.175000000000000000e+04 2.069948679885711407e-01 1.200500682749203463e-01 6.672735548475193790e-01 2.071005917159763343e-01 5.575785161583977738e-03 0.000000000000000000e+00
5.200000000000000000e+04 2.079948431962452826e-01 1.280154756486117373e-01 6.596495220755576039e-01 2.072143832498861971e-01 5.120619025944469528e-03 0.000000000000000000e+00
5.225000000000000000e+04 2.089948184039196466e-01 1.276741010468821214e-01 6.606736458807465073e-01 2.064178425125170746e-01 5.234410559854347014e-03 0.000000000000000000e+00
5.250000000000000000e+04 2.099947936115937885e-01 1.326809285389166926e-01 6.503186162949476934e-01 2.107419208010923861e-01 6.258534365043240920e-03 0.000000000000000000e+00
5.275000000000000000e+04 2.109947688192681525e-01 1.355257168866636219e-01 6.540737369139736357e-01 2.028903049613108855e-01 7.510241238051888930e-03 0.000000000000000000e+00
5.300000000000000000e+04 2.119947440269422945e-01 1.340464269458352398e-01 6.629494765589439842e-01 1.964041875284478766e-01 6.599908966772872511e-03 0.000000000000000000e+00
5.325000000000000000e+04 2.129947192346166585e-01 1.350705507510241155e-01 6.599908966772871644e-01 1.962903959945380139e-01 8.648156577150659455e-03 0.000000000000000000e+00
5.350000000000000000e+04 2.139946944422908004e-01 1.349567592171142527e-01 6.538461538461538547e-01 2.008420573509330787e-01 1.035502958579881741e-02 0.000000000000000000e+00
5.375000000000000000e+04 2.149946696499651644e-01 1.383705052344105513e-01 6.334774692762858983e-01 2.203004096495220776e-01 7.851615839781519654e-03 0.000000000000000000e+00
5.400000000000000000e+04 2.159946448576393063e-01 1.350705507510241155e-01 6.365498406918524976e-01 2.195038689121529274e-01 8.875739644970414427e-03 0.000000000000000000e+00
5.425000000000000000e+04 2.169946200653136703e-01 1.310878470641784199e-01 6.319981793354574329e-01 2.288347746927628656e-01 8.079198907601274626e-03 0.000000000000000000e+00
5.450000000000000000e+04 2.179945952729878123e-01 1.306326809285389134e-01 6.327947200728265553e-01 2.255348202093764298e-01 1.103777878925807886e-02 0.000000000000000000e+00
5.475000000000000000e+04 2.189945704806621762e-01 1.286982248520709970e-01 6.364360491579426071e-01 2.248520710059171701e-01 1.001365498406918582e-02 0.000000000000000000e+00
5.500000000000000000e+04 2.199945456883363182e-01 1.346153846153846090e-01 6.438324988620847122e-01 2.125625853436504398e-01 8.989531178880291046e-03 0.000000000000000000e+00
5.525000000000000000e+04 2.209945208960106822e-01 1.326809285389166926e-01 6.599908966772871644e-01 1.990213928083750528e-01 8.306781975421027864e-03 0.000000000000000000e+00
5.550000000000000000e+04 2.219944961036850462e-01 1.194811106053709632e-01 6.680700955848885014e-01 2.052799271734183084e-01 7.168866636322257339e-03 0.000000000000000000e+00
5.575000000000000000e+04 2.229944713113591881e-01 1.120846609012289552e-01 6.870732817478379939e-01 1.960628129267182607e-01 4.779244424214838804e-03 0.000000000000000000e+00
5.600000000000000000e+04 2.239944465190335521e-01 1.075329995448338627e-01 6.982248520710059303e-01 1.886663632225762388e-01 5.575785161583977738e-03 0.000000000000000000e+00
5.625000000000000000e+04 2.249944217267076940e-01 1.093536640873919025e-01 6.932180245789713036e-01 1.928766499772416876e-01 4.551661356395083832e-03 0.000000000000000000e+00
5.650000000000000000e+04 2.259943969343820580e-01 1.109467455621301751e-01 6.993627674101047242e-01 1.859353664087392000e-01 3.755120619025944465e-03 0.000000000000000000e+00
5.675000000000000000e+04 2.269943721420561999e-01 1.073054164770141095e-01 6.973145197997269173e-01 1.901456531634046487e-01 5.234410559854347014e-03 0.000000000000000000e+00
