# itime ezz other fcc hcp bcc ico
0.000000000000000000e+00 0.000000000000000000e+00 0.000000000000000000e+00 1.000000000000000000e+00 0.000000000000000000e+00 0.000000000000000000e+00 0.000000000000000000e+00
2.500000000000000000e+02 9.999762402630452129e-04 0.000000000000000000e+00 1.000000000000000000e+00 0.000000000000000000e+00 0.000000000000000000e+00 0.000000000000000000e+00
5.000000000000000000e+02 1.999952480526090426e-03 0.000000000000000000e+00 1.000000000000000000e+00 0.000000000000000000e+00 0.000000000000000000e+00 0.000000000000000000e+00
7.500000000000000000e+02 2.999928720789135639e-03 0.000000000000000000e+00 1.000000000000000000e+00 0.000000000000000000e+00 0.000000000000000000e+00 0.000000000000000000e+00
1.000000000000000000e+03 3.999904961052402896e-03 0.000000000000000000e+00 1.000000000000000000e+00 0.000000000000000000e+00 0.000000000000000000e+00 0.000000000000000000e+00
1.250000000000000000e+03 4.999881201315448109e-03 0.000000000000000000e+00 1.000000000000000000e+00 0.000000000000000000e+00 0.000000000000000000e+00 0.000000000000000000e+00
1.500000000000000000e+03 5.999857441578493322e-03 0.000000000000000000e+00 1.000000000000000000e+00 0.000000000000000000e+00 0.000000000000000000e+00 0.000000000000000000e+00
1.750000000000000000e+03 6.999833681841538535e-03 0.000000000000000000e+00 1.000000000000000000e+00 0.000000000000000000e+00 0.000000000000000000e+00 0.000000000000000000e+00
2.000000000000000000e+03 7.999809922104583748e-03 0.000000000000000000e+00 1.000000000000000000e+00 0.000000000000000000e+00 0.000000000000000000e+00 0.000000000000000000e+00
2.250000000000000000e+03 8.999786162367628961e-03 0.000000000000000000e+00 1.000000000000000000e+00 0.000000000000000000e+00 0.000000000000000000e+00 0.000000000000000000e+00
2.500000000000000000e+03 9.999762402630896219e-03 0.000000000000000000e+00 1.000000000000000000e+00 0.000000000000000000e+00 0.000000000000000000e+00 0.000000000000000000e+00
2.750000000000000000e+03 1.099973864289394143e-02 0.000000000000000000e+00 1.000000000000000000e+00 0.000000000000000000e+00 0.000000000000000000e+00 0.000000000000000000e+00
3.000000000000000000e+03 1.199971488315698664e-02 0.000000000000000000e+00 1.000000000000000000e+00 0.000000000000000000e+00 0.000000000000000000e+00 0.000000000000000000e+00
3.250000000000000000e+03 1.299969112342003186e-02 0.000000000000000000e+00 1.000000000000000000e+00 0.000000000000000000e+00 0.000000000000000000e+00 0.000000000000000000e+00
3.500000000000000000e+03 1.399966736368307707e-02 0.000000000000000000e+00 1.000000000000000000e+00 0.000000000000000000e+00 0.000000000000000000e+00 0.000000000000000000e+00
3.750000000000000000e+03 1.499964360394612228e-02 0.000000000000000000e+00 1.000000000000000000e+00 0.000000000000000000e+00 0.000000000000000000e+00 0.000000000000000000e+00
4.000000000000000000e+03 1.599961984420938954e-02 0.000000000000000000e+00 1.000000000000000000e+00 0.000000000000000000e+00 0.000000000000000000e+00 0.000000000000000000e+00
4.250000000000000000e+03 1.699959608447243475e-02 0.000000000000000000e+00 1.000000000000000000e+00 0.000000000000000000e+00 0.000000000000000000e+00 0.000000000000000000e+00
4.500000000000000000e+03 1.799957232473547997e-02 0.000000000000000000e+00 1.000000000000000000e+00 0.000000000000000000e+00 0.000000000000000000e+00 0.000000000000000000e+00
4.750000000000000000e+03 1.899954856499852518e-02 0.000000000000000000e+00 1.000000000000000000e+00 0.000000000000000000e+00 0.000000000000000000e+00 0.000000000000000000e+00
5.000000000000000000e+03 1.999952480526157039e-02 0.000000000000000000e+00 1.000000000000000000e+00 0.000000000000000000e+00 0.000000000000000000e+00 0.000000000000000000e+00
5.250000000000000000e+03 2.099950104552461561e-02 0.000000000000000000e+00 1.000000000000000000e+00 0.000000000000000000e+00 0.000000000000000000e+00 0.000000000000000000e+00
5.500000000000000000e+03 2.199947728578788286e-02 0.000000000000000000e+00 1.000000000000000000e+00 0.000000000000000000e+00 0.000000000000000000e+00 0.000000000000000000e+00
5.750000000000000000e+03 2.299945352605092808e-02 0.000000000000000000e+00 1.000000000000000000e+00 0.000000000000000000e+00 0.000000000000000000e+00 0.000000000000000000e+00
6.000000000000000000e+03 2.399942976631397329e-02 0.000000000000000000e+00 1.000000000000000000e+00 0.000000000000000000e+00 0.000000000000000000e+00 0.000000000000000000e+00
6.250000000000000000e+03 2.499940600657701850e-02 0.000000000000000000e+00 1.000000000000000000e+00 0.000000000000000000e+00 0.000000000000000000e+00 0.000000000000000000e+00
6.500000000000000000e+03 2.599938224684006371e-02 0.000000000000000000e+00 1.000000000000000000e+00 0.000000000000000000e+00 0.000000000000000000e+00 0.000000000000000000e+00
6.750000000000000000e+03 2.699935848710310893e-02 0.000000000000000000e+00 1.000000000000000000e+00 0.000000000000000000e+00 0.000000000000000000e+00 0.000000000000000000e+00
7.000000000000000000e+03 2.799933472736637619e-02 0.000000000000000000e+00 1.000000000000000000e+00 0.000000000000000000e+00 0.000000000000000000e+00 0.000000000000000000e+00
7.250000000000000000e+03 2.899931096762942140e-02 0.000000000000000000e+00 1.000000000000000000e+00 0.000000000000000000e+00 0.000000000000000000e+00 0.000000000000000000e+00
7.500000000000000000e+03 2.999928720789246661e-02 0.000000000000000000e+00 1.000000000000000000e+00 0.000000000000000000e+00 0.000000000000000000e+00 0.000000000000000000e+00
7.750000000000000000e+03 3.099926344815551182e-02 0.000000000000000000e+00 1.000000000000000000e+00 0.000000000000000000e+00 0.000000000000000000e+00 0.000000000000000000e+00
8.000000000000000000e+03 3.199923968841855704e-02 0.000000000000000000e+00 1.000000000000000000e+00 0.000000000000000000e+00 0.000000000000000000e+00 0.000000000000000000e+00
8.250000000000000000e+03 3.299921592868160225e-02 0.000000000000000000e+00 1.000000000000000000e+00 0.000000000000000000e+00 0.000000000000000000e+00 0.000000000000000000e+00
8.500000000000000000e+03 3.399919216894486951e-02 0.000000000000000000e+00 1.000000000000000000e+00 0.000000000000000000e+00 0.000000000000000000e+00 0.000000000000000000e+00
8.750000000000000000e+03 3.499916840920791472e-02 0.000000000000000000e+00 1.000000000000000000e+00 0.000000000000000000e+00 0.000000000000000000e+00 0.000000000000000000e+00
9.000000000000000000e+03 3.599914464947095993e-02 0.000000000000000000e+00 1.000000000000000000e+00 0.000000000000000000e+00 0.000000000000000000e+00 0.000000000000000000e+00
9.250000000000000000e+03 3.699912088973400515e-02 0.000000000000000000e+00 1.000000000000000000e+00 0.000000000000000000e+00 0.000000000000000000e+00 0.000000000000000000e+00
9.500000000000000000e+03 3.799909712999705036e-02 0.000000000000000000e+00 1.000000000000000000e+00 0.000000000000000000e+00 0.000000000000000000e+00 0.000000000000000000e+00
9.750000000000000000e+03 3.899907337026009557e-02 0.000000000000000000e+00 1.000000000000000000e+00 0.000000000000000000e+00 0.000000000000000000e+00 0.000000000000000000e+00
1.000000000000000000e+04 3.999904961052336283e-02 0.000000000000000000e+00 1.000000000000000000e+00 0.000000000000000000e+00 0.000000000000000000e+00 0.000000000000000000e+00
1.025000000000000000e+04 4.099902585078640804e-02 0.000000000000000000e+00 1.000000000000000000e+00 0.000000000000000000e+00 0.000000000000000000e+00 0.000000000000000000e+00
1.050000000000000000e+04 4.199900209104945326e-02 0.000000000000000000e+00 1.000000000000000000e+00 0.000000000000000000e+00 0.000000000000000000e+00 0.000000000000000000e+00
1.075000000000000000e+04 4.299897833131249847e-02 0.000000000000000000e+00 1.000000000000000000e+00 0.000000000000000000e+00 0.000000000000000000e+00 0.000000000000000000e+00
1.100000000000000000e+04 4.399895457157554368e-02 0.000000000000000000e+00 1.000000000000000000e+00 0.000000000000000000e+00 0.000000000000000000e+00 0.000000000000000000e+00
1.125000000000000000e+04 4.499893081183858889e-02 0.000000000000000000e+00 1.000000000000000000e+00 0.000000000000000000e+00 0.000000000000000000e+00 0.000000000000000000e+00
1.150000000000000000e+04 4.599890705210185615e-02 0.000000000000000000e+00 1.000000000000000000e+00 0.000000000000000000e+00 0.000000000000000000e+00 0.000000000000000000e+00
1.175000000000000000e+04 4.699888329236490137e-02 0.000000000000000000e+00 1.000000000000000000e+00 0.000000000000000000e+00 0.000000000000000000e+00 0.000000000000000000e+00
1.200000000000000000e+04 4.799885953262794658e-02 0.000000000000000000e+00 1.000000000000000000e+00 0.000000000000000000e+00 0.000000000000000000e+00 0.000000000000000000e+00
1.225000000000000000e+04 4.899883577289099179e-02 0.000000000000000000e+00 1.000000000000000000e+00 0.000000000000000000e+00 0.000000000000000000e+00 0.000000000000000000e+00
1.250000000000000000e+04 4.999881201315403700e-02 0.000000000000000000e+00 1.000000000000000000e+00 0.000000000000000000e+00 0.000000000000000000e+00 0.000000000000000000e+00
1.275000000000000000e+04 5.099878825341708222e-02 0.000000000000000000e+00 1.000000000000000000e+00 0.000000000000000000e+00 0.000000000000000000e+00 0.000000000000000000e+00
1.300000000000000000e+04 5.199876449368012743e-02 0.000000000000000000e+00 1.000000000000000000e+00 0.000000000000000000e+00 0.000000000000000000e+00 0.000000000000000000e+00
1.325000000000000000e+04 5.299874073394339469e-02 0.000000000000000000e+00 1.000000000000000000e+00 0.000000000000000000e+00 0.000000000000000000e+00 0.000000000000000000e+00
1.350000000000000000e+04 5.399871697420643990e-02 0.000000000000000000e+00 1.000000000000000000e+00 0.000000000000000000e+00 0.000000000000000000e+00 0.000000000000000000e+00
1.375000000000000000e+04 5.499869321446948511e-02 0.000000000000000000e+00 1.000000000000000000e+00 0.000000000000000000e+00 0.000000000000000000e+00 0.000000000000000000e+00
1.400000000000000000e+04 5.599866945473253033e-02 0.000000000000000000e+00 1.000000000000000000e+00 0.000000000000000000e+00 0.000000000000000000e+00 0.000000000000000000e+00
1.425000000000000000e+04 5.699864569499557554e-02 0.000000000000000000e+00 1.000000000000000000e+00 0.000000000000000000e+00 0.000000000000000000e+00 0.000000000000000000e+00
1.450000000000000000e+04 5.799862193525862075e-02 0.000000000000000000e+00 1.000000000000000000e+00 0.000000000000000000e+00 0.000000000000000000e+00 0.000000000000000000e+00
1.475000000000000000e+04 5.899859817552188801e-02 0.000000000000000000e+00 1.000000000000000000e+00 0.000000000000000000e+00 0.000000000000000000e+00 0.000000000000000000e+00
1.500000000000000000e+04 5.999857441578493322e-02 0.000000000000000000e+00 1.000000000000000000e+00 0.000000000000000000e+00 0.000000000000000000e+00 0.000000000000000000e+00
1.525000000000000000e+04 6.099855065604797844e-02 0.000000000000000000e+00 1.000000000000000000e+00 0.000000000000000000e+00 0.000000000000000000e+00 0.000000000000000000e+00
1.550000000000000000e+04 6.199852689631102365e-02 1.137915339098771066e-04 9.998862084660901095e-01 0.000000000000000000e+00 0.000000000000000000e+00 0.000000000000000000e+00
1.575000000000000000e+04 6.299850313657406886e-02 0.000000000000000000e+00 1.000000000000000000e+00 0.000000000000000000e+00 0.000000000000000000e+00 0.000000000000000000e+00
1.600000000000000000e+04 6.399847937683711407e-02 0.000000000000000000e+00 1.000000000000000000e+00 0.000000000000000000e+00 0.000000000000000000e+00 0.000000000000000000e+00
1.625000000000000000e+04 6.499845561710038133e-02 0.000000000000000000e+00 1.000000000000000000e+00 0.000000000000000000e+00 0.000000000000000000e+00 0.000000000000000000e+00
1.650000000000000000e+04 6.599843185736342654e-02 0.000000000000000000e+00 1.000000000000000000e+00 0.000000000000000000e+00 0.000000000000000000e+00 0.000000000000000000e+00
1.675000000000000000e+04 6.699840809762647176e-02 0.000000000000000000e+00 1.000000000000000000e+00 0.000000000000000000e+00 0.000000000000000000e+00 0.000000000000000000e+00
1.700000000000000000e+04 6.799838433788951697e-02 0.000000000000000000e+00 1.000000000000000000e+00 0.000000000000000000e+00 0.000000000000000000e+00 0.000000000000000000e+00
1.725000000000000000e+04 6.899836057815256218e-02 2.275830678197542133e-04 9.997724169321802190e-01 0.000000000000000000e+00 0.000000000000000000e+00 0.000000000000000000e+00
1.750000000000000000e+04 6.999833681841560740e-02 2.275830678197542133e-04 9.997724169321802190e-01 0.000000000000000000e+00 0.000000000000000000e+00 0.000000000000000000e+00
1.775000000000000000e+04 7.099831305867887465e-02 0.000000000000000000e+00 1.000000000000000000e+00 0.000000000000000000e+00 0.000000000000000000e+00 0.000000000000000000e+00
1.800000000000000000e+04 7.199828929894191987e-02 0.000000000000000000e+00 1.000000000000000000e+00 0.000000000000000000e+00 0.000000000000000000e+00 0.000000000000000000e+00
1.825000000000000000e+04 7.299826553920496508e-02 0.000000000000000000e+00 1.000000000000000000e+00 0.000000000000000000e+00 0.000000000000000000e+00 0.000000000000000000e+00
1.850000000000000000e+04 7.399824177946801029e-02 1.137915339098771066e-04 9.998862084660901095e-01 0.000000000000000000e+00 0.000000000000000000e+00 0.000000000000000000e+00
1.875000000000000000e+04 7.499821801973105551e-02 0.000000000000000000e+00 1.000000000000000000e+00 0.000000000000000000e+00 0.000000000000000000e+00 0.000000000000000000e+00
1.900000000000000000e+04 7.599819425999410072e-02 2.275830678197542133e-04 9.997724169321802190e-01 0.000000000000000000e+00 0.000000000000000000e+00 0.000000000000000000e+00
1.925000000000000000e+04 7.699817050025736798e-02 0.000000000000000000e+00 1.000000000000000000e+00 0.000000000000000000e+00 0.000000000000000000e+00 0.000000000000000000e+00
1.950000000000000000e+04 7.799814674052041319e-02 0.000000000000000000e+00 1.000000000000000000e+00 0.000000000000000000e+00 0.000000000000000000e+00 0.000000000000000000e+00
1.975000000000000000e+04 7.899812298078345840e-02 0.000000000000000000e+00 1.000000000000000000e+00 0.000000000000000000e+00 0.000000000000000000e+00 0.000000000000000000e+00
2.000000000000000000e+04 7.999809922104650362e-02 2.275830678197542133e-04 9.997724169321802190e-01 0.000000000000000000e+00 0.000000000000000000e+00 0.000000000000000000e+00
2.025000000000000000e+04 8.099807546130954883e-02 3.413746017296313199e-04 9.995448338643604380e-01 0.000000000000000000e+00 1.137915339098771066e-04 0.000000000000000000e+00
2.050000000000000000e+04 8.199805170157259404e-02 9.103322712790168532e-04 9.990896677287209870e-01 0.000000000000000000e+00 0.000000000000000000e+00 0.000000000000000000e+00
2.075000000000000000e+04 8.299802794183586130e-02 1.137915339098771066e-04 9.998862084660901095e-01 0.000000000000000000e+00 0.000000000000000000e+00 0.000000000000000000e+00
2.100000000000000000e+04 8.399800418209890651e-02 5.689576695493854790e-04 9.994310423304506585e-01 0.000000000000000000e+00 0.000000000000000000e+00 0.000000000000000000e+00
2.125000000000000000e+04 8.499798042236195172e-02 1.137915339098771066e-04 9.998862084660901095e-01 0.000000000000000000e+00 0.000000000000000000e+00 0.000000000000000000e+00
2.150000000000000000e+04 8.599795666262499694e-02 4.551661356395084266e-04 9.993172507965407680e-01 0.000000000000000000e+00 2.275830678197542133e-04 0.000000000000000000e+00
2.175000000000000000e+04 8.699793290288804215e-02 6.827492034592626399e-04 9.993172507965407680e-01 0.000000000000000000e+00 0.000000000000000000e+00 0.000000000000000000e+00
2.200000000000000000e+04 8.799790914315108736e-02 1.024123805188893906e-03 9.989758761948110966e-01 0.000000000000000000e+00 0.000000000000000000e+00 0.000000000000000000e+00
2.225000000000000000e+04 8.899788538341435462e-02 1.251706873008648227e-03 9.987482931269913156e-01 0.000000000000000000e+00 0.000000000000000000e+00 0.000000000000000000e+00
2.250000000000000000e+04 8.999786162367739983e-02 2.389622212107419402e-03 9.976103777878926326e-01 0.000000000000000000e+00 0.000000000000000000e+00 0.000000000000000000e+00
2.275000000000000000e+04 9.099783786394044505e-02 1.137915339098770958e-03 9.987482931269913156e-01 0.000000000000000000e+00 1.137915339098771066e-04 0.000000000000000000e+00
2.300000000000000000e+04 9.199781410420349026e-02 1.024123805188893906e-03 9.989758761948110966e-01 0.000000000000000000e+00 0.000000000000000000e+00 0.000000000000000000e+00
2.325000000000000000e+04 9.299779034446653547e-02 1.024123805188893906e-03 9.989758761948110966e-01 0.000000000000000000e+00 0.000000000000000000e+00 0.000000000000000000e+00
2.350000000000000000e+04 9.399776658472958069e-02 1.024123805188893906e-03 9.987482931269913156e-01 0.000000000000000000e+00 2.275830678197542133e-04 0.000000000000000000e+00
2.375000000000000000e+04 9.499774282499284794e-02 1.024123805188893906e-03 9.989758761948110966e-01 0.000000000000000000e+00 0.000000000000000000e+00 0.000000000000000000e+00
2.400000000000000000e+04 9.599771906525589316e-02 1.820664542558033706e-03 9.981793354574419741e-01 0.000000000000000000e+00 0.000000000000000000e+00 0.000000000000000000e+00
2.425000000000000000e+04 9.699769530551893837e-02 1.593081474738279385e-03 9.984069185252617551e-01 0.000000000000000000e+00 0.000000000000000000e+00 0.000000000000000000e+00
2.450000000000000000e+04 9.799767154578198358e-02 2.617205279927173507e-03 9.972690031861629611e-01 0.000000000000000000e+00 1.137915339098771066e-04 0.000000000000000000e+00
2.475000000000000000e+04 9.899764778604502879e-02 1.365498406918525280e-03 9.986345015930814251e-01 0.000000000000000000e+00 0.000000000000000000e+00 0.000000000000000000e+00
2.500000000000000000e+04 9.999762402630807401e-02 2.730996813837050560e-03 9.971552116522530707e-01 0.000000000000000000e+00 1.137915339098771066e-04 0.000000000000000000e+00
2.525000000000000000e+04 1.009976002665711192e-01 5.575785161583977738e-03 9.943104233045061413e-01 0.000000000000000000e+00 1.137915339098771066e-04 0.000000000000000000e+00
2.550000000000000000e+04 1.019975765068343865e-01 3.186162949476558769e-03 9.963586709148839482e-01 0.000000000000000000e+00 4.551661356395084266e-04 0.000000000000000000e+00
2.575000000000000000e+04 1.029975527470974317e-01 3.868912152935821518e-03 9.960172963131542767e-01 0.000000000000000000e+00 1.137915339098771066e-04 0.000000000000000000e+00
2.600000000000000000e+04 1.039975289873604769e-01 6.372325898953117539e-03 9.932862994993172379e-01 0.000000000000000000e+00 3.413746017296313199e-04 0.000000000000000000e+00
2.625000000000000000e+04 1.049975052276235221e-01 3.413746017296313308e-03 9.964724624487938387e-01 0.000000000000000000e+00 1.137915339098771066e-04 0.000000000000000000e+00
2.650000000000000000e+04 1.059974814678865673e-01 5.575785161583977738e-03 9.940828402366863603e-01 0.000000000000000000e+00 3.413746017296313199e-04 0.000000000000000000e+00
2.675000000000000000e+04 1.069974577081496125e-01 9.103322712790167665e-03 9.905553026854801990e-01 0.000000000000000000e+00 3.413746017296313199e-04 0.000000000000000000e+00
2.700000000000000000e+04 1.079974339484128798e-01 6.827492034592626616e-03 9.922621756941283344e-01 0.000000000000000000e+00 9.103322712790168532e-04 0.000000000000000000e+00
2.725000000000000000e+04 1.089974101886759250e-01 1.729631315430131891e-02 9.787209831588530307e-01 0.000000000000000000e+00 3.982703686845699004e-03 0.000000000000000000e+00
2.750000000000000000e+04 1.099973864289389702e-01 5.314064633591260994e-02 8.719845243513882904e-01 0.000000000000000000e+00 7.487482931269913433e-02 0.000000000000000000e+00
2.775000000000000000e+04 1.109973626692020154e-01 1.719390077378243065e-01 2.510241238051889034e-01 2.275830678197542133e-04 5.768092853891670924e-01 0.000000000000000000e+00
2.800000000000000000e+04 1.119973389094650607e-01 2.155211652253072319e-01 3.574192080109239722e-01 6.690942193900774326e-02 3.601502048247610110e-01 0.000000000000000000e+00
2.825000000000000000e+04 1.129973151497281059e-01 2.443104233045061413e-01 4.578971324533454568e-01 2.426035502958579781e-01 5.518889394629039602e-02 0.000000000000000000e+00
2.850000000000000000e+04 1.139972913899913731e-01 2.014110150204824756e-01 5.398270368684570109e-01 2.352071005917159841e-01 2.355484751934456070e-02 0.000000000000000000e+00
2.875000000000000000e+04 1.149972676302544183e-01 1.875284478834774726e-01 5.870505234410560158e-01 2.015248065543923661e-01 2.389622212107419055e-02 0.000000000000000000e+00
2.900000000000000000e+04 1.159972438705174635e-01 1.450842057350933134e-01 6.432635411925352598e-01 1.990213928083750528e-01 1.263086026399635846e-02 0.000000000000000000e+00
2.925000000000000000e+04 1.169972201107805088e-01 8.010923987255348655e-02 6.966317705962676854e-01 2.135867091488393155e-01 9.672280382339554228e-03 0.000000000000000000e+00
2.950000000000000000e+04 1.179971963510435540e-01 6.838871187983613931e-02 7.068730086481566088e-01 2.162039144287664916e-01 8.534365043240782836e-03 0.000000000000000000e+00
2.975000000000000000e+04 1.189971725913065992e-01 6.804733727810650945e-02 7.080109239872554028e-01 2.172280382339553950e-01 6.713700500682749130e-03 0.000000000000000000e+00
3.000000000000000000e+04 1.199971488315698664e-01 7.009558488848430247e-02 7.035730541647701175e-01 2.182521620391442985e-01 8.079198907601274626e-03 0.000000000000000000e+00
3.025000000000000000e+04 1.209971250718329117e-01 6.861629494765589254e-02 7.066454255803368278e-01 2.171142467000455045e-01 7.624032771961766417e-03 0.000000000000000000e+00
3.050000000000000000e+04 1.219971013120959569e-01 6.929904415111515226e-02 7.048247610377788019e-01 2.174556213017751483e-01 8.420573509330906217e-03 0.000000000000000000e+00
3.075000000000000000e+04 1.229970775523590021e-01 7.191624943104232837e-02 7.041420118343195700e-01 2.151797906235776159e-01 8.761948111060537808e-03 0.000000000000000000e+00
3.100000000000000000e+04 1.239970537926220473e-01 7.316795630405098505e-02 7.041420118343195700e-01 2.132453345471096995e-01 9.444697314519799256e-03 0.000000000000000000e+00
3.125000000000000000e+04 1.249970300328850925e-01 6.429221665908056715e-02 7.157487482931269573e-01 2.149522075557578626e-01 5.006827492034592909e-03 0.000000000000000000e+00
3.150000000000000000e+04 1.259970062731483598e-01 6.406463359126081392e-02 7.131315430131998090e-01 2.172280382339553950e-01 5.575785161583977738e-03 0.000000000000000000e+00
3.175000000000000000e+04 1.269969825134114050e-01 6.429221665908056715e-02 7.146108329540282744e-01 2.154073736913973691e-01 5.689576695493855224e-03 0.000000000000000000e+00
3.200000000000000000e+04 1.279969587536744502e-01 6.497496586253982687e-02 7.166590805644059703e-01 2.123350022758306865e-01 6.030951297223486815e-03 0.000000000000000000e+00
3.225000000000000000e+04 1.289969349939374954e-01 6.247155211652252738e-02 7.133591260810195900e-01 2.175694128356850388e-01 6.599908966772872511e-03 0.000000000000000000e+00
3.250000000000000000e+04 1.299969112342005406e-01 6.588529813381883982e-02 7.123350022758306865e-01 2.171142467000455045e-01 4.665452890304961318e-03 0.000000000000000000e+00
3.275000000000000000e+04 1.309968874744635858e-01 6.463359126081019701e-02 7.143832498862084934e-01 2.165452890304961353e-01 4.437869822485207214e-03 0.000000000000000000e+00
3.300000000000000000e+04 1.319968637147268531e-01 6.474738279472007363e-02 7.155211652253072874e-01 2.151797906235776159e-01 4.551661356395083832e-03 0.000000000000000000e+00
3.325000000000000000e+04 1.329968399549898983e-01 6.577150659990896320e-02 7.142694583522986029e-01 2.155211652253072319e-01 4.437869822485207214e-03 0.000000000000000000e+00
3.350000000000000000e+04 1.339968161952529435e-01 6.508875739644970349e-02 7.097177969959035382e-01 2.242831133363677731e-01 9.103322712790168532e-04 0.000000000000000000e+00
3.375000000000000000e+04 1.349967924355159887e-01 6.850250341374601593e-02 7.078971324533455123e-01 2.213245334547109811e-01 2.275830678197541916e-03 0.000000000000000000e+00
3.400000000000000000e+04 1.359967686757790339e-01 6.417842512517069054e-02 7.116522530723714546e-01 2.208693673190714746e-01 3.299954483386436255e-03 0.000000000000000000e+00
3.425000000000000000e+04 1.369967449160420792e-01 6.634046426945834629e-02 7.109695038689121116e-01 2.200728265817023244e-01 2.617205279927173507e-03 0.000000000000000000e+00
3.450000000000000000e+04 1.379967211563053464e-01 6.474738279472007363e-02 7.118798361401911245e-01 2.197314519799726806e-01 3.641329085116067413e-03 0.000000000000000000e+00
3.475000000000000000e+04 1.389966973965683916e-01 6.451979972690032039e-02 7.132453345471096995e-01 2.198452435138825711e-01 2.389622212107419402e-03 0.000000000000000000e+00
3.500000000000000000e+04 1.399966736368314368e-01 6.668183887118799003e-02 7.141556668183887124e-01 2.181383705052344080e-01 1.024123805188893906e-03 0.000000000000000000e+00
3.525000000000000000e+04 1.409966498770944821e-01 6.770596267637687959e-02 7.137005006827491504e-01 2.160901228948566288e-01 2.503413746017296455e-03 0.000000000000000000e+00
3.550000000000000000e+04 1.419966261173575273e-01 6.383705052344106068e-02 7.143832498862084934e-01 2.196176604460628179e-01 2.162039144287664864e-03 0.000000000000000000e+00
3.575000000000000000e+04 1.429966023576205725e-01 6.440600819299044377e-02 7.132453345471096995e-01 2.200728265817023244e-01 2.275830678197541916e-03 0.000000000000000000e+00
3.600000000000000000e+04 1.439965785978838397e-01 6.634046426945834629e-02 7.134729176149294805e-01 2.187073281747838049e-01 1.479289940828402332e-03 0.000000000000000000e+00
3.625000000000000000e+04 1.449965548381468849e-01 6.702321347291761988e-02 7.117660446062813451e-01 2.203004096495220776e-01 9.103322712790168532e-04 0.000000000000000000e+00
3.650000000000000000e+04 1.459965310784099302e-01 6.759217114246700298e-02 7.117660446062813451e-01 2.192762858443331742e-01 1.365498406918525280e-03 0.000000000000000000e+00
3.675000000000000000e+04 1.469965073186729754e-01 6.690942193900774326e-02 7.119936276741010150e-01 2.197314519799726806e-01 1.365498406918525280e-03 0.000000000000000000e+00
3.700000000000000000e+04 1.479964835589360206e-01 6.474738279472007363e-02 7.143832498862084934e-01 2.189349112426035582e-01 1.934456076467910759e-03 0.000000000000000000e+00
3.725000000000000000e+04 1.489964597991990658e-01 6.690942193900774326e-02 7.094902139280837572e-01 2.206417842512516936e-01 2.958579881656804664e-03 0.000000000000000000e+00
3.750000000000000000e+04 1.499964360394623331e-01 6.918525261720527564e-02 7.102867546654528796e-01 2.181383705052344080e-01 2.389622212107419402e-03 0.000000000000000000e+00
3.775000000000000000e+04 1.509964122797253783e-01 6.838871187983613931e-02 7.086936731907146347e-01 2.214383249886208438e-01 1.479289940828402332e-03 0.000000000000000000e+00
3.800000000000000000e+04 1.519963885199884235e-01 6.952662721893490549e-02 7.075557578516158408e-01 2.208693673190714746e-01 2.048247610377787811e-03 0.000000000000000000e+00
3.825000000000000000e+04 1.529963647602514687e-01 6.850250341374601593e-02 7.085798816568047442e-01 2.205279927173418308e-01 2.389622212107419402e-03 0.000000000000000000e+00
3.850000000000000000e+04 1.539963410005145139e-01 6.804733727810650945e-02 7.107419208010924416e-01 2.190487027765134209e-01 2.162039144287664864e-03 0.000000000000000000e+00
3.875000000000000000e+04 1.549963172407775591e-01 6.793354574419663283e-02 7.086936731907146347e-01 2.217796995903504875e-01 1.593081474738279385e-03 0.000000000000000000e+00
3.900000000000000000e+04 1.559962934810406043e-01 6.793354574419663283e-02 7.091488393263540857e-01 2.207555757851615841e-01 2.162039144287664864e-03 0.000000000000000000e+00
3.925000000000000000e+04 1.569962697213038716e-01 6.964041875284478211e-02 7.099453800637232082e-01 2.179107874374146547e-01 2.503413746017296455e-03 0.000000000000000000e+00
3.950000000000000000e+04 1.579962459615669168e-01 6.941283568502502888e-02 7.102867546654528796e-01 2.175694128356850388e-01 2.730996813837050560e-03 0.000000000000000000e+00
3.975000000000000000e+04 1.589962222018299620e-01 6.861629494765589254e-02 7.121074192080109055e-01 2.173418297678652578e-01 1.934456076467910759e-03 0.000000000000000000e+00
4.000000000000000000e+04 1.599961984420930072e-01 6.838871187983613931e-02 7.222348657259899385e-01 2.044833864360491582e-01 4.893035958124715423e-03 0.000000000000000000e+00
4.025000000000000000e+04 1.609961746823560524e-01 6.964041875284478211e-02 7.221210741920801590e-01 2.065316340464269373e-01 1.706873008648156654e-03 0.000000000000000000e+00
4.050000000000000000e+04 1.619961509226190977e-01 6.713700500682749650e-02 7.264451524806554428e-01 2.038006372325898985e-01 2.617205279927173507e-03 0.000000000000000000e+00
4.075000000000000000e+04 1.629961271628823649e-01 6.998179335457442585e-02 7.218934911242603780e-01 2.058488848429676776e-01 2.275830678197541916e-03 0.000000000000000000e+00
4.100000000000000000e+04 1.639961034031454101e-01 7.111970869367319203e-02 7.229176149294492815e-01 2.032316795630405015e-01 2.730996813837050560e-03 0.000000000000000000e+00
4.125000000000000000e+04 1.649960796434084553e-01 7.123350022758306865e-02 7.311106053709603980e-01 1.932180245789713313e-01 4.437869822485207214e-03 0.000000000000000000e+00
4.150000000000000000e+04 1.659960558836715006e-01 6.861629494765589254e-02 7.333864360491579859e-01 1.960628129267182607e-01 1.934456076467910759e-03 0.000000000000000000e+00
4.175000000000000000e+04 1.669960321239345458e-01 6.884387801547564578e-02 7.322485207100591920e-01 1.972007282658170269e-01 1.706873008648156654e-03 0.000000000000000000e+00
4.200000000000000000e+04 1.679960083641975910e-01 6.816112881201638607e-02 7.309968138370505075e-01 1.976558944014565333e-01 3.186162949476558769e-03 0.000000000000000000e+00
4.225000000000000000e+04 1.689959846044608582e-01 6.918525261720527564e-02 7.303140646335912756e-01 1.981110605370960398e-01 2.389622212107419402e-03 0.000000000000000000e+00
4.250000000000000000e+04 1.699959608447239034e-01 7.020937642239417908e-02 7.321347291761493015e-01 1.942421483841602070e-01 3.413746017296313308e-03 0.000000000000000000e+00
4.275000000000000000e+04 1.709959370849869487e-01 6.759217114246700298e-02 7.319071461083295205e-01 1.982248520710059303e-01 2.275830678197541916e-03 0.000000000000000000e+00
4.300000000000000000e+04 1.719959133252499939e-01 6.816112881201638607e-02 7.316795630405097395e-01 1.969731451979972736e-01 3.186162949476558769e-03 0.000000000000000000e+00
4.325000000000000000e+04 1.729958895655130391e-01 6.781975421028675621e-02 7.309968138370505075e-01 1.975421028675466428e-01 3.641329085116067413e-03 0.000000000000000000e+00
4.350000000000000000e+04 1.739958658057760843e-01 7.168866636322257513e-02 7.271279016841146747e-01 1.985662266727355463e-01 2.617205279927173507e-03 0.000000000000000000e+00
4.375000000000000000e+04 1.749958420460393516e-01 6.873008648156576916e-02 7.294037323623122626e-01 1.991351843422849432e-01 2.730996813837050560e-03 0.000000000000000000e+00
4.400000000000000000e+04 1.759958182863023968e-01 7.089212562585343880e-02 7.264451524806554428e-01 2.002730996813837094e-01 2.389622212107419402e-03 0.000000000000000000e+00
4.425000000000000000e+04 1.769957945265654420e-01 7.055075102412380894e-02 7.282658170232134687e-01 1.985662266727355463e-01 2.617205279927173507e-03 0.000000000000000000e+00
4.450000000000000000e+04 1.779957707668284872e-01 7.157487482931269851e-02 7.269003186162948937e-01 1.991351843422849432e-01 2.389622212107419402e-03 0.000000000000000000e+00
4.475000000000000000e+04 1.789957470070915324e-01 7.248520710059171146e-02 7.238279472007282944e-01 2.011834319526627224e-01 2.503413746017296455e-03 0.000000000000000000e+00
4.500000000000000000e+04 1.799957232473545776e-01 7.259899863450158808e-02 7.275830678197542367e-01 1.979972690031861493e-01 1.820664542558033706e-03 0.000000000000000000e+00
4.525000000000000000e+04 1.809956994876178449e-01 7.703686845698680397e-02 7.150659990896677254e-01 2.060764679107874309e-01 1.820664542558033706e-03 0.000000000000000000e+00
4.550000000000000000e+04 1.819956757278808901e-01 8.409194355939918208e-02 7.080109239872554028e-01 2.067592171142466906e-01 1.137915339098770958e-03 0.000000000000000000e+00
4.575000000000000000e+04 1.829956519681439353e-01 8.750568957669549452e-02 6.952662721893491105e-01 2.144970414201183562e-01 2.730996813837050560e-03 0.000000000000000000e+00
4.600000000000000000e+04 1.839956282084069805e-01 8.500227583067819503e-02 6.961766044606281234e-01 2.159763313609467383e-01 2.844788347746927612e-03 0.000000000000000000e+00
4.625000000000000000e+04 1.849956044486700257e-01 8.887118798361401395e-02 6.940145653163404260e-01 2.148384160218479721e-01 2.275830678197541916e-03 0.000000000000000000e+00
4.650000000000000000e+04 1.859955806889330709e-01 8.591260810195720798e-02 6.960628129267182329e-01 2.165452890304961353e-01 1.479289940828402332e-03 0.000000000000000000e+00
4.675000000000000000e+04 1.869955569291963382e-01 8.989531178880291740e-02 6.918525261720528396e-01 2.165452890304961353e-01 1.706873008648156654e-03 0.000000000000000000e+00
4.700000000000000000e+04 1.879955331694593834e-01 9.035047792444242387e-02 6.924214838416021811e-01 2.149522075557578626e-01 2.275830678197541916e-03 0.000000000000000000e+00
4.725000000000000000e+04 1.889955094097224286e-01 9.842967683204369156e-02 6.795630405097861093e-01 2.199590350477924339e-01 2.048247610377787811e-03 0.000000000000000000e+00
4.750000000000000000e+04 1.899954856499854738e-01 1.041192535275375503e-01 6.629494765589439842e-01 2.298588984979517413e-01 3.072371415566681717e-03 0.000000000000000000e+00
4.775000000000000000e+04 1.909954618902485191e-01 1.065088757396449731e-01 6.590805644060081514e-01 2.327036868456986707e-01 1.706873008648156654e-03 0.000000000000000000e+00
4.800000000000000000e+04 1.919954381305115643e-01 1.083295402822029990e-01 6.593081474738279324e-01 2.312243969048702885e-01 1.137915339098770958e-03 0.000000000000000000e+00
4.825000000000000000e+04 1.929954143707748315e-01 1.192535275375512099e-01 6.463359126081019701e-01 2.320209376422394110e-01 2.389622212107419402e-03 0.000000000000000000e+00
4.850000000000000000e+04 1.939953906110378767e-01 1.288120163859808875e-01 6.226672735548475224e-01 2.464724624487938109e-01 2.048247610377787811e-03 0.000000000000000000e+00
4.875000000000000000e+04 1.949953668513009220e-01 1.302913063268092975e-01 6.348429676832043622e-01 2.321347291761493015e-01 2.730996813837050560e-03 0.000000000000000000e+00
4.900000000000000000e+04 1.959953430915639672e-01 1.415566681838871244e-01 6.090122894856622171e-01 2.459035047792444140e-01 3.527537551206190360e-03 0.000000000000000000e+00
4.925000000000000000e+04 1.969953193318270124e-01 1.413290851160673711e-01 6.032089212562585789e-01 2.498862084660901095e-01 5.575785161583977738e-03 0.000000000000000000e+00
4.950000000000000000e+04 1.979952955720900576e-01 1.391670459717797015e-01 6.250568957669548897e-01 2.280382339553937154e-01 7.737824305871643035e-03 0.000000000000000000e+00
4.975000000000000000e+04 1.989952718123533248e-01 1.381429221665907980e-01 6.535047792444241832e-01 2.042558033682294050e-01 4.096495220755575623e-03 0.000000000000000000e+00
5.000000000000000000e+04 1.999952480526163701e-01 1.265361857077833274e-01 6.701183431952663083e-01 2.005006827492034627e-01 2.844788347746927612e-03 0.000000000000000000e+00
5.025000000000000000e+04 2.009952242928794153e-01 1.280154756486117373e-01 6.745562130177514826e-01 1.926490669094219343e-01 4.779244424214838804e-03 0.000000000000000000e+00
5.050000000000000000e+04 2.019952005331424605e-01 1.300637232589895442e-01 6.714838416021847722e-01 1.943559399180700975e-01 4.096495220755575623e-03 0.000000000000000000e+00
5.075000000000000000e+04 2.029951767734055057e-01 1.277878925807919841e-01 6.742148384160218111e-01 1.940145653163404538e-01 3.982703686845699004e-03 0.000000000000000000e+00
5.100000000000000000e+04 2.039951530136685509e-01 1.301775147928994070e-01 6.695493855257168558e-01 1.962903959945380139e-01 3.982703686845699004e-03 0.000000000000000000e+00
5.125000000000000000e+04 2.049951292539315961e-01 1.354119253527537592e-01 6.670459717796995980e-01 1.929904415111515781e-01 4.551661356395083832e-03 0.000000000000000000e+00
5.150000000000000000e+04 2.059951054941948634e-01 1.345015930814747462e-01 6.712562585343649912e-01 1.901456531634046487e-01 4.096495220755575623e-03 0.000000000000000000e+00
5.175000000000000000e+04 2.069950817344579086e-01 1.329085116067364458e-01 6.695493855257168558e-01 1.931042330450614408e-01 4.437869822485207214e-03 0.000000000000000000e+00
5.200000000000000000e+04 2.079950579747209538e-01 1.342740100136549930e-01 6.685252617205279524e-01 1.926490669094219343e-01 4.551661356395083832e-03 0.000000000000000000e+00
5.225000000000000000e+04 2.089950342149839990e-01 1.351843422849340060e-01 6.663632225762403660e-01 1.934456076467910846e-01 5.006827492034592909e-03 0.000000000000000000e+00
5.250000000000000000e+04 2.099950104552470442e-01 1.347291761492944995e-01 6.643149749658625591e-01 1.957214383249886169e-01 5.234410559854347014e-03 0.000000000000000000e+00
5.275000000000000000e+04 2.109949866955100894e-01 1.374601729631315383e-01 6.664770141101502565e-01 1.899180700955848955e-01 6.144742831133363434e-03 0.000000000000000000e+00
5.300000000000000000e+04 2.119949629357733567e-01 1.385980883022303045e-01 6.629494765589439842e-01 1.933318161128811941e-01 5.120619025944469528e-03 0.000000000000000000e+00
5.325000000000000000e+04 2.129949391760364019e-01 1.372325898953117851e-01 6.695493855257168558e-01 1.895766954938552518e-01 3.641329085116067413e-03 0.000000000000000000e+00
5.350000000000000000e+04 2.139949154162994471e-01 1.341602184797451025e-01 6.657942649066909135e-01 1.932180245789713313e-01 6.827492034592626616e-03 0.000000000000000000e+00
5.375000000000000000e+04 2.149948916565624923e-01 1.401911697769686049e-01 6.628356850250340937e-01 1.925352753755120716e-01 4.437869822485207214e-03 0.000000000000000000e+00
5.400000000000000000e+04 2.159948678968255376e-01 1.447428311333636697e-01 6.615839781520255203e-01 1.882111970869367323e-01 5.461993627674101119e-03 0.000000000000000000e+00
5.425000000000000000e+04 2.169948441370885828e-01 1.494082840236686527e-01 6.536185707783340737e-01 1.907146108329540179e-01 6.258534365043240920e-03 0.000000000000000000e+00
5.450000000000000000e+04 2.179948203773518500e-01 1.512289485662266786e-01 6.634046426945835462e-01 1.791078743741465751e-01 6.258534365043240920e-03 0.000000000000000000e+00
5.475000000000000000e+04 2.189947966176148952e-01 1.305188893946290507e-01 6.860491579426490905e-01 1.755803368229403860e-01 7.851615839781519654e-03 0.000000000000000000e+00
5.500000000000000000e+04 2.199947728578779405e-01 1.327947200728265831e-01 6.809285389167045732e-01 1.803595812471552040e-01 5.917159763313609329e-03 0.000000000000000000e+00
5.525000000000000000e+04 2.209947490981409857e-01 1.331360946745562268e-01 6.826354119253527086e-01 1.793354574419663283e-01 4.893035958124715423e-03 0.000000000000000000e+00
5.550000000000000000e+04 2.219947253384040309e-01 1.222121074192080159e-01 6.887801547564861293e-01 1.820664542558033672e-01 6.941283568502503235e-03 0.000000000000000000e+00
5.575000000000000000e+04 2.229947015786670761e-01 1.172052799271734169e-01 6.888939462903960198e-01 1.863905325443787064e-01 7.510241238051888930e-03 0.000000000000000000e+00
5.600000000000000000e+04 2.239946778189303433e-01 1.172052799271734169e-01 6.888939462903960198e-01 1.868456986800182129e-01 7.055075102412380721e-03 0.000000000000000000e+00
5.625000000000000000e+04 2.249946540591933886e-01 1.189121529358215801e-01 6.885525716886663483e-01 1.854802002730996935e-01 7.055075102412380721e-03 0.000000000000000000e+00
5.650000000000000000e+04 2.259946302994564338e-01 1.195949021392808398e-01 6.891215293582158008e-01 1.850250341374601593e-01 6.258534365043240920e-03 0.000000000000000000e+00
5.675000000000000000e+04 2.269946065397194790e-01 1.216431497496586189e-01 6.894629039599453613e-01 1.828629949931725174e-01 6.030951297223486815e-03 0.000000000000000000e+00
