# itime ezz other fcc hcp bcc ico
0.000000000000000000e+00 0.000000000000000000e+00 0.000000000000000000e+00 1.000000000000000000e+00 0.000000000000000000e+00 0.000000000000000000e+00 0.000000000000000000e+00
2.500000000000000000e+03 1.000001186576815471e-02 0.000000000000000000e+00 1.000000000000000000e+00 0.000000000000000000e+00 0.000000000000000000e+00 0.000000000000000000e+00
5.000000000000000000e+03 2.000002373153653146e-02 0.000000000000000000e+00 1.000000000000000000e+00 0.000000000000000000e+00 0.000000000000000000e+00 0.000000000000000000e+00
7.500000000000000000e+03 3.000003559730468616e-02 0.000000000000000000e+00 1.000000000000000000e+00 0.000000000000000000e+00 0.000000000000000000e+00 0.000000000000000000e+00
1.000000000000000000e+04 4.000004746307284087e-02 0.000000000000000000e+00 1.000000000000000000e+00 0.000000000000000000e+00 0.000000000000000000e+00 0.000000000000000000e+00
1.250000000000000000e+04 5.000005932884121762e-02 0.000000000000000000e+00 1.000000000000000000e+00 0.000000000000000000e+00 0.000000000000000000e+00 0.000000000000000000e+00
1.500000000000000000e+04 6.000007119460937233e-02 0.000000000000000000e+00 1.000000000000000000e+00 0.000000000000000000e+00 0.000000000000000000e+00 0.000000000000000000e+00
1.750000000000000000e+04 7.000008306037752703e-02 2.275830678197542133e-04 9.997724169321802190e-01 0.000000000000000000e+00 0.000000000000000000e+00 0.000000000000000000e+00
2.000000000000000000e+04 8.000009492614590378e-02 2.275830678197542133e-04 9.997724169321802190e-01 0.000000000000000000e+00 0.000000000000000000e+00 0.000000000000000000e+00
2.250000000000000000e+04 9.000010679191405849e-02 2.389622212107419402e-03 9.976103777878926326e-01 0.000000000000000000e+00 0.000000000000000000e+00 0.000000000000000000e+00
2.500000000000000000e+04 1.000001186576824352e-01 2.730996813837050560e-03 9.971552116522530707e-01 0.000000000000000000e+00 1.137915339098771066e-04 0.000000000000000000e+00
2.750000000000000000e+04 1.100001305234505899e-01 5.314064633591260994e-02 8.719845243513882904e-01 0.000000000000000000e+00 7.487482931269913433e-02 0.000000000000000000e+00
3.000000000000000000e+04 1.200001423892187447e-01 7.009558488848430247e-02 7.035730541647701175e-01 2.182521620391442985e-01 8.079198907601274626e-03 0.000000000000000000e+00
3.250000000000000000e+04 1.300001542549871214e-01 6.588529813381883982e-02 7.123350022758306865e-01 2.171142467000455045e-01 4.665452890304961318e-03 0.000000000000000000e+00
3.500000000000000000e+04 1.400001661207552761e-01 6.668183887118799003e-02 7.141556668183887124e-01 2.181383705052344080e-01 1.024123805188893906e-03 0.000000000000000000e+00
3.750000000000000000e+04 1.500001779865234308e-01 6.918525261720527564e-02 7.102867546654528796e-01 2.181383705052344080e-01 2.389622212107419402e-03 0.000000000000000000e+00
4.000000000000000000e+04 1.600001898522918076e-01 6.838871187983613931e-02 7.222348657259899385e-01 2.044833864360491582e-01 4.893035958124715423e-03 0.000000000000000000e+00
4.250000000000000000e+04 1.700002017180599623e-01 7.020937642239417908e-02 7.321347291761493015e-01 1.942421483841602070e-01 3.413746017296313308e-03 0.000000000000000000e+00
4.500000000000000000e+04 1.800002135838281170e-01 7.259899863450158808e-02 7.275830678197542367e-01 1.979972690031861493e-01 1.820664542558033706e-03 0.000000000000000000e+00
4.750000000000000000e+04 1.900002254495964937e-01 1.041192535275375503e-01 6.629494765589439842e-01 2.298588984979517413e-01 3.072371415566681717e-03 0.000000000000000000e+00
5.000000000000000000e+04 2.000002373153646484e-01 1.265361857077833274e-01 6.701183431952663083e-01 2.005006827492034627e-01 2.844788347746927612e-03 0.000000000000000000e+00
5.250000000000000000e+04 2.100002491811328031e-01 1.347291761492944995e-01 6.643149749658625591e-01 1.957214383249886169e-01 5.234410559854347014e-03 0.000000000000000000e+00
5.500000000000000000e+04 2.200002610469011799e-01 1.327947200728265831e-01 6.809285389167045732e-01 1.803595812471552040e-01 5.917159763313609329e-03 0.000000000000000000e+00
5.750000000000000000e+04 2.300002729126693346e-01 1.256258534365043145e-01 6.944697314519799880e-01 1.726217569412835662e-01 7.282658170232134826e-03 0.000000000000000000e+00
6.000000000000000000e+04 2.400002847784377114e-01 1.187983614019117035e-01 7.057350933090578149e-01 1.734182976786527164e-01 2.048247610377787811e-03 0.000000000000000000e+00
6.250000000000000000e+04 2.500002966442058661e-01 9.922621756941284177e-02 7.175694128356849832e-01 1.829767865270823801e-01 2.275830678197542133e-04 0.000000000000000000e+00
6.500000000000000000e+04 2.600003085099740208e-01 9.706417842512517213e-02 7.213245334547109255e-01 1.812699135184342170e-01 3.413746017296313199e-04 0.000000000000000000e+00
6.750000000000000000e+04 2.700003203757423975e-01 9.569868001820663883e-02 7.272416932180245652e-01 1.768320436959490149e-01 2.275830678197542133e-04 0.000000000000000000e+00
7.000000000000000000e+04 2.800003322415105522e-01 9.626763768775603580e-02 7.308830223031406170e-01 1.726217569412835662e-01 2.275830678197542133e-04 0.000000000000000000e+00
7.250000000000000000e+04 2.900003441072787069e-01 9.660901228948566566e-02 7.332726445152480954e-01 1.694355939918070209e-01 6.827492034592626399e-04 0.000000000000000000e+00
7.500000000000000000e+04 3.000003559730470837e-01 9.717796995903504875e-02 7.358898497951752438e-01 1.661356395084205850e-01 7.965407373691396923e-04 0.000000000000000000e+00
7.750000000000000000e+04 3.100003678388152384e-01 1.126536185707783383e-01 7.201866181156122426e-01 1.626081019572143960e-01 4.551661356395083832e-03 0.000000000000000000e+00
8.000000000000000000e+04 3.200003797045833931e-01 9.808830223031406170e-02 7.455621301775148257e-01 1.560081929904415243e-01 3.413746017296313199e-04 0.000000000000000000e+00
8.250000000000000000e+04 3.300003915703517698e-01 9.649522075557578904e-02 7.539827036868457233e-01 1.484979517523896120e-01 1.024123805188893906e-03 0.000000000000000000e+00
8.500000000000000000e+04 3.400004034361199245e-01 9.444697314519799602e-02 7.530723714155667103e-01 1.506599908966772816e-01 1.820664542558033706e-03 0.000000000000000000e+00
8.750000000000000000e+04 3.500004153018880793e-01 9.922621756941284177e-02 7.560309512972235302e-01 1.420118343195266308e-01 2.730996813837050560e-03 0.000000000000000000e+00
9.000000000000000000e+04 3.600004271676564560e-01 1.099226217569412856e-01 7.339553937187073274e-01 1.535047792444242110e-01 2.617205279927173507e-03 0.000000000000000000e+00
9.250000000000000000e+04 3.700004390334246107e-01 1.143604915794264876e-01 7.547792444242148457e-01 1.259672280382339582e-01 4.893035958124715423e-03 0.000000000000000000e+00
9.500000000000000000e+04 3.800004508991927654e-01 1.120846609012289552e-01 7.603550295857988139e-01 1.240327719617660418e-01 3.527537551206190360e-03 0.000000000000000000e+00
9.750000000000000000e+04 3.900004627649609201e-01 1.314292216659080637e-01 6.863905325443786509e-01 1.785389167045971781e-01 3.641329085116067413e-03 0.000000000000000000e+00
1.000000000000000000e+05 4.000004746307295189e-01 1.404187528447883582e-01 6.578288575329995780e-01 1.975421028675466428e-01 4.210286754665453109e-03 0.000000000000000000e+00
1.025000000000000000e+05 4.100004864964974516e-01 1.470186618115612298e-01 6.036640873918980299e-01 2.451069640418752915e-01 4.210286754665453109e-03 0.000000000000000000e+00
1.050000000000000000e+05 4.200004983622660504e-01 1.463359126081019701e-01 5.976331360946746107e-01 2.505689576695493970e-01 5.461993627674101119e-03 0.000000000000000000e+00
1.075000000000000000e+05 4.300005102280339830e-01 1.508875739644970349e-01 5.908056440600819581e-01 2.532999544833864358e-01 5.006827492034592909e-03 0.000000000000000000e+00
1.100000000000000000e+05 4.400005220938023598e-01 1.558944014565316338e-01 5.534820209376422051e-01 2.827719617660446327e-01 7.851615839781519654e-03 0.000000000000000000e+00
1.125000000000000000e+05 4.500005339595702925e-01 1.571461083295402905e-01 5.505234410559853853e-01 2.883477469276286009e-01 3.982703686845699004e-03 0.000000000000000000e+00
1.150000000000000000e+05 4.600005458253388912e-01 1.415566681838871244e-01 6.762630860263996180e-01 1.775147928994082747e-01 4.665452890304961318e-03 0.000000000000000000e+00
1.175000000000000000e+05 4.700005576911068239e-01 1.350705507510241155e-01 7.633136094674556338e-01 9.945380063723259501e-02 2.162039144287664864e-03 0.000000000000000000e+00
1.200000000000000000e+05 4.800005695568754227e-01 1.380291306326809353e-01 7.997269003186162628e-01 5.871643149749658508e-02 3.527537551206190360e-03 0.000000000000000000e+00
1.225000000000000000e+05 4.900005814226433554e-01 1.025261720527992776e-01 8.513882567137005530e-01 4.574419663177059503e-02 3.413746017296313199e-04 0.000000000000000000e+00
1.250000000000000000e+05 5.000005932884117321e-01 1.037778789258079204e-01 8.431952662721893255e-01 5.211652253072371344e-02 9.103322712790168532e-04 0.000000000000000000e+00
1.275000000000000000e+05 5.100006051541796648e-01 1.037778789258079204e-01 8.404642694583522866e-01 5.530268548020027264e-02 4.551661356395084266e-04 0.000000000000000000e+00
1.300000000000000000e+05 5.200006170199482636e-01 1.025261720527992776e-01 8.330678197542102925e-01 6.326809285389166371e-02 1.137915339098770958e-03 0.000000000000000000e+00
1.325000000000000000e+05 5.300006288857161962e-01 1.086709148839326289e-01 8.245334547109695045e-01 6.417842512517069054e-02 2.617205279927173507e-03 0.000000000000000000e+00
1.350000000000000000e+05 5.400006407514847950e-01 1.211879836140191125e-01 7.868684569868001910e-01 8.978152025489304078e-02 2.162039144287664864e-03 0.000000000000000000e+00
1.375000000000000000e+05 5.500006526172527277e-01 1.541875284478834707e-01 6.124260355029585989e-01 2.290623577605826189e-01 4.324078288575329727e-03 0.000000000000000000e+00
1.400000000000000000e+05 5.600006644830213265e-01 1.523668639053254448e-01 6.129949931725079404e-01 2.320209376422394110e-01 2.617205279927173507e-03 0.000000000000000000e+00
1.425000000000000000e+05 5.700006763487892592e-01 1.529358215748748417e-01 5.769230769230768718e-01 2.680928538916704795e-01 2.048247610377787811e-03 0.000000000000000000e+00
1.450000000000000000e+05 5.800006882145576359e-01 1.527082385070550885e-01 5.810195721438324856e-01 2.629722348657259623e-01 3.299954483386436255e-03 0.000000000000000000e+00
1.475000000000000000e+05 5.900007000803255686e-01 1.541875284478834707e-01 5.765817023213473114e-01 2.661583978152025631e-01 3.072371415566681717e-03 0.000000000000000000e+00
1.500000000000000000e+05 6.000007119460941674e-01 1.528220300409649512e-01 5.765817023213473114e-01 2.664997724169321791e-01 4.096495220755575623e-03 0.000000000000000000e+00
1.525000000000000000e+05 6.100007238118621000e-01 1.563495675921711403e-01 5.687300864815657553e-01 2.723031406463359283e-01 2.617205279927173507e-03 0.000000000000000000e+00
1.550000000000000000e+05 6.200007356776306988e-01 1.655666818388711881e-01 5.631543013199817871e-01 2.683204369594902050e-01 2.958579881656804664e-03 0.000000000000000000e+00
1.575000000000000000e+05 6.300007475433986315e-01 1.885525716886663761e-01 5.628129267182521156e-01 2.456759217114246607e-01 2.958579881656804664e-03 0.000000000000000000e+00
1.600000000000000000e+05 6.400007594091670082e-01 1.917387346381429214e-01 5.648611743286299225e-01 2.410104688211197055e-01 2.389622212107419402e-03 0.000000000000000000e+00
1.625000000000000000e+05 6.500007712749349409e-01 1.873008648156577194e-01 6.017296313154301135e-01 2.073281747837960876e-01 3.641329085116067413e-03 0.000000000000000000e+00
1.650000000000000000e+05 6.600007831407035397e-01 1.824078288575330109e-01 6.471324533454710926e-01 1.638598088302230249e-01 6.599908966772872511e-03 0.000000000000000000e+00
1.675000000000000000e+05 6.700007950064714723e-01 1.891215293582157453e-01 6.583978152025489194e-01 1.475876194811105990e-01 4.893035958124715423e-03 0.000000000000000000e+00
1.700000000000000000e+05 6.800008068722400711e-01 1.838871187983613931e-01 6.566909421939007840e-01 1.549840691852526209e-01 4.437869822485207214e-03 0.000000000000000000e+00
1.725000000000000000e+05 6.900008187380080038e-01 1.935593991807009473e-01 6.472462448793809831e-01 1.532771961766044577e-01 5.917159763313609329e-03 0.000000000000000000e+00
1.750000000000000000e+05 7.000008306037766026e-01 1.874146563495675821e-01 6.829767865270823801e-01 1.247155211652253015e-01 4.893035958124715423e-03 0.000000000000000000e+00
1.775000000000000000e+05 7.100008424695445353e-01 1.903732362312244020e-01 6.794492489758762188e-01 1.253982703686845612e-01 4.779244424214838804e-03 0.000000000000000000e+00
1.800000000000000000e+05 7.200008543353129120e-01 1.921939007737824279e-01 6.768320436959490705e-01 1.257396449704142050e-01 5.234410559854347014e-03 0.000000000000000000e+00
1.825000000000000000e+05 7.300008662010808447e-01 2.028903049613108855e-01 6.533909877105142927e-01 1.366636322257624159e-01 7.055075102412380721e-03 0.000000000000000000e+00
1.850000000000000000e+05 7.400008780668494435e-01 1.886663632225762388e-01 7.272416932180245652e-01 7.680928538916705073e-02 7.282658170232134826e-03 0.000000000000000000e+00
1.875000000000000000e+05 7.500008899326173761e-01 1.959490213928083702e-01 7.201866181156122426e-01 7.635411925352754425e-02 7.510241238051888930e-03 0.000000000000000000e+00
1.900000000000000000e+05 7.600009017983859749e-01 1.983386436049157930e-01 7.225762403277196100e-01 7.191624943104232837e-02 7.168866636322257339e-03 0.000000000000000000e+00
1.925000000000000000e+05 7.700009136641539076e-01 1.908284023668639084e-01 7.247382794720073074e-01 7.851615839781520001e-02 5.917159763313609329e-03 0.000000000000000000e+00
1.950000000000000000e+05 7.800009255299222843e-01 1.432635411925352875e-01 8.412608101957214091e-01 1.274465179790623508e-02 2.730996813837050560e-03 0.000000000000000000e+00
1.975000000000000000e+05 7.900009373956902170e-01 1.356395084205735124e-01 8.311333636777423761e-01 3.152025489303595523e-02 1.706873008648156654e-03 0.000000000000000000e+00
2.000000000000000000e+05 8.000009492614588158e-01 1.316568047337278169e-01 8.167956304050978389e-01 5.040964952207555722e-02 1.137915339098770958e-03 0.000000000000000000e+00
2.025000000000000000e+05 8.100009611272267485e-01 1.329085116067364458e-01 8.145197997269003620e-01 5.154756486117433034e-02 1.024123805188893906e-03 0.000000000000000000e+00
2.050000000000000000e+05 8.200009729929953473e-01 1.313154301319981732e-01 8.163404642694583879e-01 5.086481565771506369e-02 1.479289940828402332e-03 0.000000000000000000e+00
2.075000000000000000e+05 8.300009848587632799e-01 1.329085116067364458e-01 8.149749658625398130e-01 5.086481565771506369e-02 1.251706873008648227e-03 0.000000000000000000e+00
2.100000000000000000e+05 8.400009967245318787e-01 1.334774692762858428e-01 8.159990896677287164e-01 4.972690031861629750e-02 7.965407373691396923e-04 0.000000000000000000e+00
2.125000000000000000e+05 8.500010085902995893e-01 1.337050523441055960e-01 8.153163404642694845e-01 4.858898497951752438e-02 2.389622212107419402e-03 0.000000000000000000e+00
2.150000000000000000e+05 8.600010204560681881e-01 1.357532999544833752e-01 8.132680928538916776e-01 4.927173418297678409e-02 1.706873008648156654e-03 0.000000000000000000e+00
2.175000000000000000e+05 8.700010323218361208e-01 1.384842967683204418e-01 8.109922621756940897e-01 4.790623577605826466e-02 2.617205279927173507e-03 0.000000000000000000e+00
2.200000000000000000e+05 8.800010441876047196e-01 1.502048247610377751e-01 7.666135639508420141e-01 8.045061447428311641e-02 2.730996813837050560e-03 0.000000000000000000e+00
2.225000000000000000e+05 8.900010560533726522e-01 1.507737824305871721e-01 7.388484296768320636e-01 1.081019572143832458e-01 2.275830678197541916e-03 0.000000000000000000e+00
2.250000000000000000e+05 9.000010679191412510e-01 1.547564861174328676e-01 7.256486117432863203e-01 1.170914883932635403e-01 2.503413746017296455e-03 0.000000000000000000e+00
2.275000000000000000e+05 9.100010797849091837e-01 1.644287664997724219e-01 6.630632680928538747e-01 1.686390532544378706e-01 3.868912152935821518e-03 0.000000000000000000e+00
2.300000000000000000e+05 9.200010916506775605e-01 1.731907146108329631e-01 6.426945835229859183e-01 1.784251251706872876e-01 5.689576695493855224e-03 0.000000000000000000e+00
2.325000000000000000e+05 9.300011035164454931e-01 1.677287209831588577e-01 6.272189349112425871e-01 2.026627218934911323e-01 2.389622212107419402e-03 0.000000000000000000e+00
2.350000000000000000e+05 9.400011153822140919e-01 1.645425580336822846e-01 6.219845243513882904e-01 2.111970869367319203e-01 2.275830678197541916e-03 0.000000000000000000e+00
2.375000000000000000e+05 9.500011272479820246e-01 1.667045971779699542e-01 6.191397360036413611e-01 2.119936276741010428e-01 2.162039144287664864e-03 0.000000000000000000e+00
2.400000000000000000e+05 9.600011391137506234e-01 1.655666818388711881e-01 6.139053254437869533e-01 2.183659535730541612e-01 2.162039144287664864e-03 0.000000000000000000e+00
2.425000000000000000e+05 9.700011509795185560e-01 1.717114246700045532e-01 6.030951297223486884e-01 2.226900318616295005e-01 2.503413746017296455e-03 0.000000000000000000e+00
2.450000000000000000e+05 9.800011628452869328e-01 1.754665452890304955e-01 5.634956759217114586e-01 2.560309512972234747e-01 5.006827492034592909e-03 0.000000000000000000e+00
2.475000000000000000e+05 9.900011747110548654e-01 1.726217569412835662e-01 6.115157032316795860e-01 2.109695038689121394e-01 4.893035958124715423e-03 0.000000000000000000e+00
2.500000000000000000e+05 1.000001186576823464e+00 1.579426490669094130e-01 6.562357760582612221e-01 1.838871187983613931e-01 1.934456076467910759e-03 0.000000000000000000e+00
