# itime ezz other fcc hcp bcc ico
0.000000000000000000e+00 0.000000000000000000e+00 9.103322712790168532e-04 9.990896677287209870e-01 0.000000000000000000e+00 0.000000000000000000e+00 0.000000000000000000e+00
2.500000000000000000e+01 9.999335387418373244e-04 5.689576695493854790e-04 9.994310423304506585e-01 0.000000000000000000e+00 0.000000000000000000e+00 0.000000000000000000e+00
5.000000000000000000e+01 1.999867077483674649e-03 3.413746017296313199e-04 9.996586253982703285e-01 0.000000000000000000e+00 0.000000000000000000e+00 0.000000000000000000e+00
7.500000000000000000e+01 2.999800616225511973e-03 5.689576695493854790e-04 9.994310423304506585e-01 0.000000000000000000e+00 0.000000000000000000e+00 0.000000000000000000e+00
1.000000000000000000e+02 3.999734154967349298e-03 9.103322712790168532e-04 9.990896677287209870e-01 0.000000000000000000e+00 0.000000000000000000e+00 0.000000000000000000e+00
1.250000000000000000e+02 4.999667693709186622e-03 1.137915339098770958e-03 9.988620846609012061e-01 0.000000000000000000e+00 0.000000000000000000e+00 0.000000000000000000e+00
1.500000000000000000e+02 5.999601232451023947e-03 2.162039144287664864e-03 9.978379608557123026e-01 0.000000000000000000e+00 0.000000000000000000e+00 0.000000000000000000e+00
1.750000000000000000e+02 6.999534771192861271e-03 1.820664542558033706e-03 9.981793354574419741e-01 0.000000000000000000e+00 0.000000000000000000e+00 0.000000000000000000e+00
2.000000000000000000e+02 7.999468309934698595e-03 1.593081474738279385e-03 9.984069185252617551e-01 0.000000000000000000e+00 0.000000000000000000e+00 0.000000000000000000e+00
2.250000000000000000e+02 8.999401848676535920e-03 1.934456076467910759e-03 9.980655439235320836e-01 0.000000000000000000e+00 0.000000000000000000e+00 0.000000000000000000e+00
2.500000000000000000e+02 9.999335387418373244e-03 7.965407373691396923e-04 9.992034592626308775e-01 0.000000000000000000e+00 0.000000000000000000e+00 0.000000000000000000e+00
2.750000000000000000e+02 1.099926892616021057e-02 7.965407373691396923e-04 9.992034592626308775e-01 0.000000000000000000e+00 0.000000000000000000e+00 0.000000000000000000e+00
3.000000000000000000e+02 1.199920246490204789e-02 4.551661356395084266e-04 9.995448338643604380e-01 0.000000000000000000e+00 0.000000000000000000e+00 0.000000000000000000e+00
3.250000000000000000e+02 1.299913600364388522e-02 2.275830678197541916e-03 9.976103777878926326e-01 0.000000000000000000e+00 1.137915339098771066e-04 0.000000000000000000e+00
3.500000000000000000e+02 1.399906954238572254e-02 1.251706873008648227e-03 9.986345015930814251e-01 0.000000000000000000e+00 1.137915339098771066e-04 0.000000000000000000e+00
3.750000000000000000e+02 1.499900308112755987e-02 2.617205279927173507e-03 9.973827947200728516e-01 0.000000000000000000e+00 0.000000000000000000e+00 0.000000000000000000e+00
4.000000000000000000e+02 1.599893661986939719e-02 1.024123805188893906e-03 9.989758761948110966e-01 0.000000000000000000e+00 0.000000000000000000e+00 0.000000000000000000e+00
4.250000000000000000e+02 1.699887015861123452e-02 1.934456076467910759e-03 9.980655439235320836e-01 0.000000000000000000e+00 0.000000000000000000e+00 0.000000000000000000e+00
4.500000000000000000e+02 1.799880369735307184e-02 0.000000000000000000e+00 1.000000000000000000e+00 0.000000000000000000e+00 0.000000000000000000e+00 0.000000000000000000e+00
4.750000000000000000e+02 1.899873723609490916e-02 1.479289940828402332e-03 9.985207100591716456e-01 0.000000000000000000e+00 0.000000000000000000e+00 0.000000000000000000e+00
5.000000000000000000e+02 1.999867077483674649e-02 1.251706873008648227e-03 9.987482931269913156e-01 0.000000000000000000e+00 0.000000000000000000e+00 0.000000000000000000e+00
5.250000000000000000e+02 2.099860431357858381e-02 2.048247610377787811e-03 9.979517523896221931e-01 0.000000000000000000e+00 0.000000000000000000e+00 0.000000000000000000e+00
5.500000000000000000e+02 2.199853785232042114e-02 3.299954483386436255e-03 9.967000455166135087e-01 0.000000000000000000e+00 0.000000000000000000e+00 0.000000000000000000e+00
5.750000000000000000e+02 2.299847139106225846e-02 2.162039144287664864e-03 9.977241693218024121e-01 0.000000000000000000e+00 1.137915339098771066e-04 0.000000000000000000e+00
6.000000000000000000e+02 2.399840492980387374e-02 3.072371415566681717e-03 9.969276285844332897e-01 0.000000000000000000e+00 0.000000000000000000e+00 0.000000000000000000e+00
6.250000000000000000e+02 2.499833846854571107e-02 2.958579881656804664e-03 9.970414201183431802e-01 0.000000000000000000e+00 0.000000000000000000e+00 0.000000000000000000e+00
6.500000000000000000e+02 2.599827200728754839e-02 3.982703686845699004e-03 9.959035047792443862e-01 0.000000000000000000e+00 1.137915339098771066e-04 0.000000000000000000e+00
6.750000000000000000e+02 2.699820554602938572e-02 2.389622212107419402e-03 9.976103777878926326e-01 0.000000000000000000e+00 0.000000000000000000e+00 0.000000000000000000e+00
7.000000000000000000e+02 2.799813908477122304e-02 3.072371415566681717e-03 9.968138370505233992e-01 0.000000000000000000e+00 1.137915339098771066e-04 0.000000000000000000e+00
7.250000000000000000e+02 2.899807262351306036e-02 2.162039144287664864e-03 9.978379608557123026e-01 0.000000000000000000e+00 0.000000000000000000e+00 0.000000000000000000e+00
7.500000000000000000e+02 2.999800616225489769e-02 3.072371415566681717e-03 9.968138370505233992e-01 0.000000000000000000e+00 1.137915339098771066e-04 0.000000000000000000e+00
7.750000000000000000e+02 3.099793970099673501e-02 5.348202093764223633e-03 9.946517979062358128e-01 0.000000000000000000e+00 0.000000000000000000e+00 0.000000000000000000e+00
8.000000000000000000e+02 3.199787323973857234e-02 1.593081474738279385e-03 9.984069185252617551e-01 0.000000000000000000e+00 0.000000000000000000e+00 0.000000000000000000e+00
8.250000000000000000e+02 3.299780677848040966e-02 3.868912152935821518e-03 9.960172963131542767e-01 0.000000000000000000e+00 1.137915339098771066e-04 0.000000000000000000e+00
8.500000000000000000e+02 3.399774031722224699e-02 5.006827492034592909e-03 9.947655894401457033e-01 0.000000000000000000e+00 2.275830678197542133e-04 0.000000000000000000e+00
8.750000000000000000e+02 3.499767385596408431e-02 7.396449704142011444e-03 9.923759672280382249e-01 0.000000000000000000e+00 2.275830678197542133e-04 0.000000000000000000e+00
9.000000000000000000e+02 3.599760739470592164e-02 6.599908966772872511e-03 9.934000910332271284e-01 0.000000000000000000e+00 0.000000000000000000e+00 0.000000000000000000e+00
9.250000000000000000e+02 3.699754093344775896e-02 5.575785161583977738e-03 9.943104233045061413e-01 0.000000000000000000e+00 1.137915339098771066e-04 0.000000000000000000e+00
9.500000000000000000e+02 3.799747447218959628e-02 5.348202093764223633e-03 9.945380063723259223e-01 0.000000000000000000e+00 1.137915339098771066e-04 0.000000000000000000e+00
9.750000000000000000e+02 3.899740801093143361e-02 8.079198907601274626e-03 9.915794264906691025e-01 0.000000000000000000e+00 3.413746017296313199e-04 0.000000000000000000e+00
1.000000000000000000e+03 3.999734154967327093e-02 5.803368229403732710e-03 9.940828402366863603e-01 0.000000000000000000e+00 1.137915339098771066e-04 0.000000000000000000e+00
1.025000000000000000e+03 4.099727508841510826e-02 8.192990441511151245e-03 9.916932180245789930e-01 0.000000000000000000e+00 1.137915339098771066e-04 0.000000000000000000e+00
1.050000000000000000e+03 4.199720862715694558e-02 7.624032771961766417e-03 9.923759672280382249e-01 0.000000000000000000e+00 0.000000000000000000e+00 0.000000000000000000e+00
1.075000000000000000e+03 4.299714216589878291e-02 1.046882111970869403e-02 9.894173873463814051e-01 0.000000000000000000e+00 1.137915339098771066e-04 0.000000000000000000e+00
1.100000000000000000e+03 4.399707570464062023e-02 1.115157032316795548e-02 9.888484296768320636e-01 0.000000000000000000e+00 0.000000000000000000e+00 0.000000000000000000e+00
1.125000000000000000e+03 4.499700924338245756e-02 8.761948111060537808e-03 9.907828857532999800e-01 0.000000000000000000e+00 4.551661356395084266e-04 0.000000000000000000e+00
1.150000000000000000e+03 4.599694278212429488e-02 9.330905780609922637e-03 9.903277196176604180e-01 0.000000000000000000e+00 3.413746017296313199e-04 0.000000000000000000e+00
1.175000000000000000e+03 4.699687632086613220e-02 1.058261265361857065e-02 9.893035958124715146e-01 0.000000000000000000e+00 1.137915339098771066e-04 0.000000000000000000e+00
1.200000000000000000e+03 4.799680985960796953e-02 1.422394173873463806e-02 9.853208921256259023e-01 0.000000000000000000e+00 4.551661356395084266e-04 0.000000000000000000e+00
1.225000000000000000e+03 4.899674339834980685e-02 1.206190259444697363e-02 9.871415566681839282e-01 0.000000000000000000e+00 7.965407373691396923e-04 0.000000000000000000e+00
1.250000000000000000e+03 4.999667693709164418e-02 1.399635867091488309e-02 9.857760582612653533e-01 0.000000000000000000e+00 2.275830678197542133e-04 0.000000000000000000e+00
1.275000000000000000e+03 5.099661047583348150e-02 1.456531634046426965e-02 9.848657259899863403e-01 0.000000000000000000e+00 5.689576695493854790e-04 0.000000000000000000e+00
1.300000000000000000e+03 5.199654401457531883e-02 1.354119253527537488e-02 9.854346836595356818e-01 0.000000000000000000e+00 1.024123805188893906e-03 0.000000000000000000e+00
1.325000000000000000e+03 5.299647755331715615e-02 1.411015020482476144e-02 9.854346836595356818e-01 0.000000000000000000e+00 4.551661356395084266e-04 0.000000000000000000e+00
1.350000000000000000e+03 5.399641109205899348e-02 1.467910787437414627e-02 9.840691852526172179e-01 0.000000000000000000e+00 1.251706873008648227e-03 0.000000000000000000e+00
1.375000000000000000e+03 5.499634463080083080e-02 1.934456076467910846e-02 9.798588984979517136e-01 0.000000000000000000e+00 7.965407373691396923e-04 0.000000000000000000e+00
1.400000000000000000e+03 5.599627816954266812e-02 1.695493855257168905e-02 9.825898953117887524e-01 0.000000000000000000e+00 4.551661356395084266e-04 0.000000000000000000e+00
1.425000000000000000e+03 5.699621170828450545e-02 2.241693218024579104e-02 9.771279016841146747e-01 0.000000000000000000e+00 4.551661356395084266e-04 0.000000000000000000e+00
1.450000000000000000e+03 5.799614524702634277e-02 2.833409194355939950e-02 9.705279927173418031e-01 0.000000000000000000e+00 1.137915339098770958e-03 0.000000000000000000e+00
1.475000000000000000e+03 5.899607878576818010e-02 2.446517979062357712e-02 9.740555302685480754e-01 0.000000000000000000e+00 1.479289940828402332e-03 0.000000000000000000e+00
1.500000000000000000e+03 5.999601232451001742e-02 2.332726445152480746e-02 9.754210286754665393e-01 0.000000000000000000e+00 1.251706873008648227e-03 0.000000000000000000e+00
1.525000000000000000e+03 6.099594586325185475e-02 2.514792899408284030e-02 9.737141556668184039e-01 0.000000000000000000e+00 1.137915339098770958e-03 0.000000000000000000e+00
1.550000000000000000e+03 6.199587940199369207e-02 2.514792899408284030e-02 9.732589895311788419e-01 0.000000000000000000e+00 1.593081474738279385e-03 0.000000000000000000e+00
1.575000000000000000e+03 6.299581294073552939e-02 3.106508875739644876e-02 9.674556213017750927e-01 0.000000000000000000e+00 1.479289940828402332e-03 0.000000000000000000e+00
1.600000000000000000e+03 6.399574647947736672e-02 3.550295857988165771e-02 9.632453345471096995e-01 0.000000000000000000e+00 1.251706873008648227e-03 0.000000000000000000e+00
1.625000000000000000e+03 6.499568001821920404e-02 3.072371415566681890e-02 9.681383705052344357e-01 0.000000000000000000e+00 1.137915339098770958e-03 0.000000000000000000e+00
1.650000000000000000e+03 6.599561355696104137e-02 3.812016385980882688e-02 9.596040054619936477e-01 0.000000000000000000e+00 2.275830678197541916e-03 0.000000000000000000e+00
1.675000000000000000e+03 6.699554709570287869e-02 4.517523896222121194e-02 9.515248065543923106e-01 0.000000000000000000e+00 3.299954483386436255e-03 0.000000000000000000e+00
1.700000000000000000e+03 6.799548063444471602e-02 4.460628129267182190e-02 9.531178880291306665e-01 0.000000000000000000e+00 2.275830678197541916e-03 0.000000000000000000e+00
1.725000000000000000e+03 6.899541417318655334e-02 5.587164314974965573e-02 9.411697769685934967e-01 0.000000000000000000e+00 2.958579881656804664e-03 0.000000000000000000e+00
1.750000000000000000e+03 6.999534771192839067e-02 4.961310878470642088e-02 9.474283113336368078e-01 0.000000000000000000e+00 2.958579881656804664e-03 0.000000000000000000e+00
1.775000000000000000e+03 7.099528125067000595e-02 5.063723258989531045e-02 9.466317705962676854e-01 0.000000000000000000e+00 2.730996813837050560e-03 0.000000000000000000e+00
1.800000000000000000e+03 7.199521478941184327e-02 5.530268548020027264e-02 9.421939007737824001e-01 0.000000000000000000e+00 2.503413746017296455e-03 0.000000000000000000e+00
1.825000000000000000e+03 7.299514832815368059e-02 6.611288120163859305e-02 9.304733727810651223e-01 0.000000000000000000e+00 3.413746017296313308e-03 0.000000000000000000e+00
1.850000000000000000e+03 7.399508186689551792e-02 5.564406008192990249e-02 9.415111515703231682e-01 0.000000000000000000e+00 2.844788347746927612e-03 0.000000000000000000e+00
1.875000000000000000e+03 7.499501540563735524e-02 5.564406008192990249e-02 9.412835685025033872e-01 0.000000000000000000e+00 3.072371415566681717e-03 0.000000000000000000e+00
1.900000000000000000e+03 7.599494894437919257e-02 6.486117432862995025e-02 9.328629949931724896e-01 0.000000000000000000e+00 2.275830678197541916e-03 0.000000000000000000e+00
1.925000000000000000e+03 7.699488248312102989e-02 7.032316795630405570e-02 9.254665452890304955e-01 0.000000000000000000e+00 4.210286754665453109e-03 0.000000000000000000e+00
1.950000000000000000e+03 7.799481602186286722e-02 6.850250341374601593e-02 9.275147928994083024e-01 0.000000000000000000e+00 3.982703686845699004e-03 0.000000000000000000e+00
1.975000000000000000e+03 7.899474956060470454e-02 8.397815202548930547e-02 9.101046882111970548e-01 0.000000000000000000e+00 5.917159763313609329e-03 0.000000000000000000e+00
2.000000000000000000e+03 7.999468309934654187e-02 8.784706417842512438e-02 9.050978607191625391e-01 0.000000000000000000e+00 7.055075102412380721e-03 0.000000000000000000e+00
2.025000000000000000e+03 8.099461663808837919e-02 9.330905780609922984e-02 9.003186162949476934e-01 0.000000000000000000e+00 6.372325898953117539e-03 0.000000000000000000e+00
2.050000000000000000e+03 8.199455017683021651e-02 1.085571233500227523e-01 8.830223031406463363e-01 0.000000000000000000e+00 8.420573509330906217e-03 0.000000000000000000e+00
2.075000000000000000e+03 8.299448371557205384e-02 1.125398270368684617e-01 8.789258079198907225e-01 0.000000000000000000e+00 8.534365043240782836e-03 0.000000000000000000e+00
2.100000000000000000e+03 8.399441725431389116e-02 1.317705962676376796e-01 8.586709148839326566e-01 0.000000000000000000e+00 9.558488848429677609e-03 0.000000000000000000e+00
2.125000000000000000e+03 8.499435079305572849e-02 1.210741920801092358e-01 8.667501137915338827e-01 0.000000000000000000e+00 1.217569412835685025e-02 0.000000000000000000e+00
2.150000000000000000e+03 8.599428433179756581e-02 1.300637232589895442e-01 8.548020027309968238e-01 0.000000000000000000e+00 1.513427401001365448e-02 0.000000000000000000e+00
2.175000000000000000e+03 8.699421787053940314e-02 1.496358670914884059e-01 8.353436504324078804e-01 0.000000000000000000e+00 1.502048247610377786e-02 0.000000000000000000e+00
2.200000000000000000e+03 8.799415140928124046e-02 1.517979062357760478e-01 8.302230314064633632e-01 1.137915339098771066e-04 1.786527082385070547e-02 0.000000000000000000e+00
2.225000000000000000e+03 8.899408494802307779e-02 1.703459262630860338e-01 8.095129722348657353e-01 0.000000000000000000e+00 2.014110150204824826e-02 0.000000000000000000e+00
2.250000000000000000e+03 8.999401848676491511e-02 1.620391442876649990e-01 8.158852981338188259e-01 0.000000000000000000e+00 2.207555757851615771e-02 0.000000000000000000e+00
2.275000000000000000e+03 9.099395202550675243e-02 1.785389167045971781e-01 7.966545289030496635e-01 0.000000000000000000e+00 2.480655439235321044e-02 0.000000000000000000e+00
2.300000000000000000e+03 9.199388556424858976e-02 1.827492034592626269e-01 7.902822030040964618e-01 0.000000000000000000e+00 2.696859353664087314e-02 0.000000000000000000e+00
2.325000000000000000e+03 9.299381910299042708e-02 1.882111970869367323e-01 7.835685025034136997e-01 0.000000000000000000e+00 2.822030040964952288e-02 0.000000000000000000e+00
2.350000000000000000e+03 9.399375264173226441e-02 2.065316340464269373e-01 7.543240782885752838e-01 0.000000000000000000e+00 3.914428766499772339e-02 0.000000000000000000e+00
2.375000000000000000e+03 9.499368618047410173e-02 2.396449704142011861e-01 7.109695038689121116e-01 1.137915339098771066e-04 4.927173418297678409e-02 0.000000000000000000e+00
2.400000000000000000e+03 9.599361971921593906e-02 2.687756030951297115e-01 6.655666818388711325e-01 1.137915339098771066e-04 6.554392353208920996e-02 0.000000000000000000e+00
2.425000000000000000e+03 9.699355325795777638e-02 2.746927628584433512e-01 6.398497951752389890e-01 1.137915339098771066e-04 8.534365043240782489e-02 0.000000000000000000e+00
2.450000000000000000e+03 9.799348679669961371e-02 3.005234410559854408e-01 5.945607646791079004e-01 6.827492034592626399e-04 1.042330450614474269e-01 0.000000000000000000e+00
2.475000000000000000e+03 9.899342033544145103e-02 3.257851615839781334e-01 5.483614019116977989e-01 2.389622212107419402e-03 1.234638142922166587e-01 0.000000000000000000e+00
2.500000000000000000e+03 9.999335387418328835e-02 3.377332726445152478e-01 5.124032771961766208e-01 3.868912152935821518e-03 1.459945380063723264e-01 0.000000000000000000e+00
2.525000000000000000e+03 1.009932874129251257e-01 3.405780609922621771e-01 4.807692307692307820e-01 5.006827492034592909e-03 1.736458807464724696e-01 0.000000000000000000e+00
2.550000000000000000e+03 1.019932209516669630e-01 3.612881201638598050e-01 4.359353664087392000e-01 7.282658170232134826e-03 1.954938552571688637e-01 0.000000000000000000e+00
2.575000000000000000e+03 1.029931544904088003e-01 3.512744651797906070e-01 4.088529813381884259e-01 8.192990441511151245e-03 2.316795630405097950e-01 0.000000000000000000e+00
2.600000000000000000e+03 1.039930880291506377e-01 3.648156577150660218e-01 3.734638142922166448e-01 9.899863450159307465e-03 2.518206645425580259e-01 0.000000000000000000e+00
2.625000000000000000e+03 1.049930215678924750e-01 3.571916249431042467e-01 3.527537551206190169e-01 1.365498406918525323e-02 2.763996358670914866e-01 0.000000000000000000e+00
2.650000000000000000e+03 1.059929551066343123e-01 3.618570778334092020e-01 3.253299954483386269e-01 1.490669094219390124e-02 2.979062357760582369e-01 0.000000000000000000e+00
2.675000000000000000e+03 1.069928886453761496e-01 3.742603550295858228e-01 2.990441511151570309e-01 1.763768775603095224e-02 3.090578060992262288e-01 0.000000000000000000e+00
2.700000000000000000e+03 1.079928221841179870e-01 3.848429676832043622e-01 2.850477924442421651e-01 2.241693218024579104e-02 3.076923076923077094e-01 0.000000000000000000e+00
2.725000000000000000e+03 1.089927557228598243e-01 3.873463814292216756e-01 2.748065543923531862e-01 2.822030040964952288e-02 3.096267637687756258e-01 0.000000000000000000e+00
2.750000000000000000e+03 1.099926892616016616e-01 3.912152935821575084e-01 2.651342740100136597e-01 2.924442421483841592e-02 3.144060081929904160e-01 0.000000000000000000e+00
2.775000000000000000e+03 1.109926228003434989e-01 3.924670004551661373e-01 2.472690031861629611e-01 3.334091943559399501e-02 3.269230769230769273e-01 0.000000000000000000e+00
2.800000000000000000e+03 1.119925563390853362e-01 3.922394173873463563e-01 2.358898497951752438e-01 3.800637232589895026e-02 3.338643604915794150e-01 0.000000000000000000e+00
2.825000000000000000e+03 1.129924898778271736e-01 3.872325898953117851e-01 2.300864815657714946e-01 4.164770141101502288e-02 3.410332271279016836e-01 0.000000000000000000e+00
2.850000000000000000e+03 1.139924234165690109e-01 3.834774692762858428e-01 2.198452435138825711e-01 4.472007282658170546e-02 3.519572143832498945e-01 0.000000000000000000e+00
2.875000000000000000e+03 1.149923569553108482e-01 3.785844333181611066e-01 2.115384615384615363e-01 5.336822940373236318e-02 3.565088757396449592e-01 0.000000000000000000e+00
2.900000000000000000e+03 1.159922904940526855e-01 3.829085116067364458e-01 2.025489303595812418e-01 5.223031406463359005e-02 3.623122439690487084e-01 0.000000000000000000e+00
2.925000000000000000e+03 1.169922240327945229e-01 3.961083295402821891e-01 1.887801547564861293e-01 5.188893946290396020e-02 3.632225762403277214e-01 0.000000000000000000e+00
2.950000000000000000e+03 1.179921575715361381e-01 3.959945380063722986e-01 1.814974965862539702e-01 5.450614474283113631e-02 3.680018206645425671e-01 0.000000000000000000e+00
2.975000000000000000e+03 1.189920911102779755e-01 4.039599453800637452e-01 1.701183431952662806e-01 5.723714155666818210e-02 3.686845698680017991e-01 0.000000000000000000e+00
3.000000000000000000e+03 1.199920246490198128e-01 4.074874829312699065e-01 1.652253072371415443e-01 6.736458807464724974e-02 3.599226217569412856e-01 0.000000000000000000e+00
3.025000000000000000e+03 1.209919581877616501e-01 4.185252617205280079e-01 1.561219845243513871e-01 7.203004096495220498e-02 3.533227127901684139e-01 0.000000000000000000e+00
3.050000000000000000e+03 1.219918917265034874e-01 4.248975876194810986e-01 1.467910787437414766e-01 7.601274465179790052e-02 3.522985889849795105e-01 0.000000000000000000e+00
3.075000000000000000e+03 1.229918252652453248e-01 4.226217569412835662e-01 1.428083750568957533e-01 7.203004096495220498e-02 3.625398270368684339e-01 0.000000000000000000e+00
3.100000000000000000e+03 1.239917588039871621e-01 4.310423304506144637e-01 1.370050068274920319e-01 8.454710969503868856e-02 3.474055530268548297e-01 0.000000000000000000e+00
3.125000000000000000e+03 1.249916923427289994e-01 4.147701411015020656e-01 1.396222121074192080e-01 8.909877105143376719e-02 3.565088757396449592e-01 0.000000000000000000e+00
3.150000000000000000e+03 1.259916258814708367e-01 4.206873008648156498e-01 1.352981338188438687e-01 9.057806099226217711e-02 3.534365043240783044e-01 0.000000000000000000e+00
3.175000000000000000e+03 1.269915594202126741e-01 4.420801092398725651e-01 1.263086026399635742e-01 9.592626308602640595e-02 3.356850250341374409e-01 0.000000000000000000e+00
3.200000000000000000e+03 1.279914929589545114e-01 4.533454710969503920e-01 1.263086026399635742e-01 9.660901228948566566e-02 3.237369139736003820e-01 0.000000000000000000e+00
3.225000000000000000e+03 1.289914264976963487e-01 4.450386891215293850e-01 1.349567592171142527e-01 1.000227583067819781e-01 3.199817933545744397e-01 0.000000000000000000e+00
3.250000000000000000e+03 1.299913600364381860e-01 4.483386436049158208e-01 1.236913973600364119e-01 1.028675466545289074e-01 3.251024123805189014e-01 0.000000000000000000e+00
3.275000000000000000e+03 1.309912935751800234e-01 4.654073736913973414e-01 1.167501137915339104e-01 9.854346836595356818e-02 3.192990441511151523e-01 0.000000000000000000e+00
3.300000000000000000e+03 1.319912271139218607e-01 4.623350022758306865e-01 1.148156577150659940e-01 1.018434228493400040e-01 3.210059171597632877e-01 0.000000000000000000e+00
3.325000000000000000e+03 1.329911606526636980e-01 4.466317705962676299e-01 1.117432862994993115e-01 1.022985889849795244e-01 3.393263541192535482e-01 0.000000000000000000e+00
3.350000000000000000e+03 1.339910941914055353e-01 4.548247610377788019e-01 1.096950386891215323e-01 1.038916704597177970e-01 3.315885298133818826e-01 0.000000000000000000e+00
3.375000000000000000e+03 1.349910277301473727e-01 4.531178880291306110e-01 1.132225762403277214e-01 1.093536640873919025e-01 3.243058716431497235e-01 0.000000000000000000e+00
3.400000000000000000e+03 1.359909612688892100e-01 4.731451979972690070e-01 1.069640418752844796e-01 1.102639963586709154e-01 3.096267637687756258e-01 0.000000000000000000e+00
3.425000000000000000e+03 1.369908948076310473e-01 4.672280382339553673e-01 1.045744196631770567e-01 1.154984069185252676e-01 3.126991351843422806e-01 0.000000000000000000e+00
3.450000000000000000e+03 1.379908283463728846e-01 4.794037323623122626e-01 1.024123805188894010e-01 1.252844788347746985e-01 2.928994082840236657e-01 0.000000000000000000e+00
3.475000000000000000e+03 1.389907618851147220e-01 4.726900318616295005e-01 1.084433318161128756e-01 1.244879380974055483e-01 2.943786982248520756e-01 0.000000000000000000e+00
3.500000000000000000e+03 1.399906954238565593e-01 4.835002275830678209e-01 9.729176149294492537e-02 1.228948566226672756e-01 2.963131543013199920e-01 0.000000000000000000e+00
3.525000000000000000e+03 1.409906289625983966e-01 4.808830223031406725e-01 1.012744651797906209e-01 1.298361401911697632e-01 2.880063723258989294e-01 0.000000000000000000e+00
3.550000000000000000e+03 1.419905625013402339e-01 4.916932180245789930e-01 9.683659535730541890e-02 1.308602639963586667e-01 2.806099226217569353e-01 0.000000000000000000e+00
3.575000000000000000e+03 1.429904960400820713e-01 5.004551661356395620e-01 9.285389167045972336e-02 1.387118798361401950e-01 2.679790623577605890e-01 0.000000000000000000e+00
3.600000000000000000e+03 1.439904295788239086e-01 4.887346381429221731e-01 9.854346836595356818e-02 1.449704142011834229e-01 2.677514792899408080e-01 0.000000000000000000e+00
3.625000000000000000e+03 1.449903631175657459e-01 5.104688211197087044e-01 9.512972234865725574e-02 1.457669549385525731e-01 2.486345015930814806e-01 0.000000000000000000e+00
3.650000000000000000e+03 1.459902966563075832e-01 4.989758761948110966e-01 9.592626308602640595e-02 1.412152935821574806e-01 2.638825671370050308e-01 0.000000000000000000e+00
3.675000000000000000e+03 1.469902301950494206e-01 5.086481565771506785e-01 9.239872553482020301e-02 1.390532544378698110e-01 2.598998634501593075e-01 0.000000000000000000e+00
3.700000000000000000e+03 1.479901637337912579e-01 5.114929449248976079e-01 9.797451069640418508e-02 1.441738734638143005e-01 2.463586709148839204e-01 0.000000000000000000e+00
3.725000000000000000e+03 1.489900972725330952e-01 5.139963586709148657e-01 9.239872553482020301e-02 1.527082385070550885e-01 2.408966772872098427e-01 0.000000000000000000e+00
3.750000000000000000e+03 1.499900308112749325e-01 5.121756941283568398e-01 9.194355939918069653e-02 1.472462448793809831e-01 2.486345015930814806e-01 0.000000000000000000e+00
3.775000000000000000e+03 1.509899643500167699e-01 5.252617205279926926e-01 9.228493400091032639e-02 1.503186162949476656e-01 2.321347291761493015e-01 0.000000000000000000e+00
3.800000000000000000e+03 1.519898978887586072e-01 5.266272189349112676e-01 9.160218479745106668e-02 1.523668639053254448e-01 2.294037323623122349e-01 0.000000000000000000e+00
3.825000000000000000e+03 1.529898314275004445e-01 5.241238051888938987e-01 9.205735093309057315e-02 1.519116977696859383e-01 2.319071461083295482e-01 0.000000000000000000e+00
3.850000000000000000e+03 1.539897649662422818e-01 5.307237141556667703e-01 8.466090122894856518e-02 1.589667728720983164e-01 2.256486117432862926e-01 0.000000000000000000e+00
3.875000000000000000e+03 1.549896985049841192e-01 5.326581702321346867e-01 8.215748748293126569e-02 1.663632225762403383e-01 2.188211197086936677e-01 0.000000000000000000e+00
3.900000000000000000e+03 1.559896320437259565e-01 5.295857988165680874e-01 8.579881656804733137e-02 1.729631315430132099e-01 2.116522530723714268e-01 0.000000000000000000e+00
3.925000000000000000e+03 1.569895655824677938e-01 5.376649977241693135e-01 7.806099226217569353e-02 1.778561675011379184e-01 2.064178425125170746e-01 0.000000000000000000e+00
3.950000000000000000e+03 1.579894991212096311e-01 5.456304050978607600e-01 7.862994993172507663e-02 1.788802913063268218e-01 1.968593536640873831e-01 0.000000000000000000e+00
3.975000000000000000e+03 1.589894326599514685e-01 5.522303140646336317e-01 7.999544833864360993e-02 1.777423759672280279e-01 1.900318616294947582e-01 0.000000000000000000e+00
4.000000000000000000e+03 1.599893661986933058e-01 5.455166135639508695e-01 8.010923987255348655e-02 1.873008648156577194e-01 1.870732817478379661e-01 0.000000000000000000e+00
4.025000000000000000e+03 1.609892997374351431e-01 5.549613108784706705e-01 7.919890760127445972e-02 1.847974510696404060e-01 1.810423304506144637e-01 0.000000000000000000e+00
4.050000000000000000e+03 1.619892332761769804e-01 5.518889394629039602e-01 7.885753299954482987e-02 1.877560309512972259e-01 1.814974965862539702e-01 0.000000000000000000e+00
4.075000000000000000e+03 1.629891668149188177e-01 5.411925352753754748e-01 7.737824305871643382e-02 1.913973600364132777e-01 1.900318616294947582e-01 0.000000000000000000e+00
4.100000000000000000e+03 1.639891003536606551e-01 5.534820209376422051e-01 7.123350022758306865e-02 1.899180700955848955e-01 1.853664087391898030e-01 0.000000000000000000e+00
4.125000000000000000e+03 1.649890338924022704e-01 5.644060081929904715e-01 7.146108329540282189e-02 1.935593991807009473e-01 1.705735093309057870e-01 0.000000000000000000e+00
4.150000000000000000e+03 1.659889674311441077e-01 5.557578516158397930e-01 6.770596267637687959e-02 1.978834774692762866e-01 1.786527082385070686e-01 0.000000000000000000e+00
4.175000000000000000e+03 1.669889009698859450e-01 5.582612653618570508e-01 6.827492034592626269e-02 2.053937187073281712e-01 1.680700955848884737e-01 0.000000000000000000e+00
4.200000000000000000e+03 1.679888345086277823e-01 5.608784706417841992e-01 6.668183887118799003e-02 2.006144742831133254e-01 1.718252162039144160e-01 0.000000000000000000e+00
4.225000000000000000e+03 1.689887680473696197e-01 5.631543013199817871e-01 6.690942193900774326e-02 2.031178880291306388e-01 1.668183887118798447e-01 0.000000000000000000e+00
4.250000000000000000e+03 1.699887015861114570e-01 5.763541192535275304e-01 6.417842512517069054e-02 2.075557578516158408e-01 1.519116977696859383e-01 0.000000000000000000e+00
4.275000000000000000e+03 1.709886351248532943e-01 5.645197997269003620e-01 6.417842512517069054e-02 2.092626308602640040e-01 1.620391442876649990e-01 0.000000000000000000e+00
4.300000000000000000e+03 1.719885686635951316e-01 5.694128356850249872e-01 5.974055530268548159e-02 2.132453345471096995e-01 1.576012744651797970e-01 0.000000000000000000e+00
4.325000000000000000e+03 1.729885022023369689e-01 5.629267182521620061e-01 6.121984524351388457e-02 2.204142011834319403e-01 1.554392353208921274e-01 0.000000000000000000e+00
4.350000000000000000e+03 1.739884357410788063e-01 5.723714155666818071e-01 5.996813837050523482e-02 2.220072826581702408e-01 1.456531634046426826e-01 0.000000000000000000e+00
4.375000000000000000e+03 1.749883692798206436e-01 5.641784251251706905e-01 5.951297223486572835e-02 2.246244879380974169e-01 1.516841147018661851e-01 0.000000000000000000e+00
4.400000000000000000e+03 1.759883028185624809e-01 5.605370960400546387e-01 6.190259444697314428e-02 2.251934456076467861e-01 1.523668639053254448e-01 0.000000000000000000e+00
4.425000000000000000e+03 1.769882363573043182e-01 5.712335002275830131e-01 5.917159763313609155e-02 2.273554847519344557e-01 1.422394173873463841e-01 0.000000000000000000e+00
4.450000000000000000e+03 1.779881698960461556e-01 5.702093764223942207e-01 5.939918070095585173e-02 2.298588984979517413e-01 1.405325443786982209e-01 0.000000000000000000e+00
4.475000000000000000e+03 1.789881034347879929e-01 5.691852526172053173e-01 5.564406008192990249e-02 2.298588984979517413e-01 1.453117888029130667e-01 0.000000000000000000e+00
4.500000000000000000e+03 1.799880369735298302e-01 5.690714610832954268e-01 5.678197542102867562e-02 2.325898953117888079e-01 1.415566681838871244e-01 0.000000000000000000e+00
4.525000000000000000e+03 1.809879705122716675e-01 5.762403277196176399e-01 5.370960400546199304e-02 2.342967683204369711e-01 1.357532999544833752e-01 0.000000000000000000e+00
4.550000000000000000e+03 1.819879040510135049e-01 5.683887118798361948e-01 5.302685480200273332e-02 2.390760127446517891e-01 1.395084205735093175e-01 0.000000000000000000e+00
4.575000000000000000e+03 1.829878375897553422e-01 5.670232134729176199e-01 5.484751934456076616e-02 2.390760127446517891e-01 1.390532544378698110e-01 0.000000000000000000e+00
4.600000000000000000e+03 1.839877711284971795e-01 5.655439235320892655e-01 5.609922621756941591e-02 2.391898042785616796e-01 1.391670459717797015e-01 0.000000000000000000e+00
4.625000000000000000e+03 1.849877046672390168e-01 5.739644970414201630e-01 5.496131087847064278e-02 2.434000910332271284e-01 1.276741010468821214e-01 0.000000000000000000e+00
4.650000000000000000e+03 1.859876382059808542e-01 5.674783796085570708e-01 5.416477014110149951e-02 2.453345471096950448e-01 1.330223031406463363e-01 0.000000000000000000e+00
4.675000000000000000e+03 1.869875717447226915e-01 5.713472917614929036e-01 5.393718707328174627e-02 2.480655439235320836e-01 1.266499772416932179e-01 0.000000000000000000e+00
4.700000000000000000e+03 1.879875052834645288e-01 5.664542558033682784e-01 5.336822940373236318e-02 2.586481565771506785e-01 1.215293582157487423e-01 0.000000000000000000e+00
4.725000000000000000e+03 1.889874388222063661e-01 5.674783796085570708e-01 5.473372781065088954e-02 2.606964041875284299e-01 1.170914883932635403e-01 0.000000000000000000e+00
4.750000000000000000e+03 1.899873723609482035e-01 5.523441055985435222e-01 5.917159763313609155e-02 2.659308147473827821e-01 1.225534820209376458e-01 0.000000000000000000e+00
4.775000000000000000e+03 1.909873058996900408e-01 5.740782885753299425e-01 5.666818388711879900e-02 2.579654073736913911e-01 1.112881201638598050e-01 0.000000000000000000e+00
4.800000000000000000e+03 1.919872394384318781e-01 5.662266727355484974e-01 5.598543468365953235e-02 2.685480200273099860e-01 1.092398725534820259e-01 0.000000000000000000e+00
4.825000000000000000e+03 1.929871729771737154e-01 5.827264451524806210e-01 5.712335002275830548e-02 2.680928538916704795e-01 9.205735093309057315e-02 0.000000000000000000e+00
4.850000000000000000e+03 1.939871065159155528e-01 5.632680928538916776e-01 5.939918070095585173e-02 2.806099226217569353e-01 9.672280382339554228e-02 0.000000000000000000e+00
4.875000000000000000e+03 1.949870400546573901e-01 5.680473372781065233e-01 6.087847064178425471e-02 2.757168866636321991e-01 9.535730541647700897e-02 0.000000000000000000e+00
4.900000000000000000e+03 1.959869735933992274e-01 5.599681383705051863e-01 6.167501137915339104e-02 2.855029585798816716e-01 9.285389167045972336e-02 0.000000000000000000e+00
4.925000000000000000e+03 1.969869071321410647e-01 5.600819299044150767e-01 6.190259444697314428e-02 2.836822940373236457e-01 9.433318161128811941e-02 0.000000000000000000e+00
4.950000000000000000e+03 1.979868406708829021e-01 5.667956304050978389e-01 6.360946745562130744e-02 2.841374601729631522e-01 8.534365043240782489e-02 1.137915339098771066e-04
4.975000000000000000e+03 1.989867742096247394e-01 5.673645880746472914e-01 6.326809285389166371e-02 2.868684569868001910e-01 8.249886208466089554e-02 0.000000000000000000e+00
5.000000000000000000e+03 1.999867077483665767e-01 5.572371415566681474e-01 6.463359126081019701e-02 2.875512061902594230e-01 9.057806099226217711e-02 0.000000000000000000e+00
5.025000000000000000e+03 2.009866412871084140e-01 5.656577150659990449e-01 6.474738279472007363e-02 2.861857077833409035e-01 8.340919435593992237e-02 0.000000000000000000e+00
5.050000000000000000e+03 2.019865748258502514e-01 5.736231224396904915e-01 6.417842512517069054e-02 2.852753755120618906e-01 7.680928538916705073e-02 1.137915339098771066e-04
5.075000000000000000e+03 2.029865083645920887e-01 5.731679563040509295e-01 6.372325898953118406e-02 2.890304961310878329e-01 7.396449704142012138e-02 1.137915339098771066e-04
5.100000000000000000e+03 2.039864419033339260e-01 5.704369594902138907e-01 6.338188438780155420e-02 2.911925352753755303e-01 7.498862084660901095e-02 0.000000000000000000e+00
5.125000000000000000e+03 2.049863754420757633e-01 5.654301319981793750e-01 6.577150659990896320e-02 2.943786982248520756e-01 7.430587164314975124e-02 1.137915339098771066e-04
5.150000000000000000e+03 2.059863089808176007e-01 5.719162494310423561e-01 6.599908966772871644e-02 2.942649066909421851e-01 6.781975421028675621e-02 0.000000000000000000e+00
5.175000000000000000e+03 2.069862425195594380e-01 5.708921256258534527e-01 6.554392353208920996e-02 2.939235320892125691e-01 6.964041875284478211e-02 0.000000000000000000e+00
5.200000000000000000e+03 2.079861760583012753e-01 5.702093764223942207e-01 6.372325898953118406e-02 2.981338188438780179e-01 6.793354574419663283e-02 0.000000000000000000e+00
5.225000000000000000e+03 2.089861095970431126e-01 5.633818843878015681e-01 6.645425580336822291e-02 3.022303140646335762e-01 6.793354574419663283e-02 0.000000000000000000e+00
5.250000000000000000e+03 2.099860431357849500e-01 5.686162949476558648e-01 6.770596267637687959e-02 3.014337733272644537e-01 6.224396904870277414e-02 0.000000000000000000e+00
5.275000000000000000e+03 2.109859766745267873e-01 5.657715065999089354e-01 6.884387801547564578e-02 3.005234410559854408e-01 6.486117432862995025e-02 0.000000000000000000e+00
5.300000000000000000e+03 2.119859102132684026e-01 5.581474738279471604e-01 6.964041875284478211e-02 3.093991807009558448e-01 6.281292671825215723e-02 0.000000000000000000e+00
5.325000000000000000e+03 2.129858437520102399e-01 5.548475193445607800e-01 6.918525261720527564e-02 3.095129722348657353e-01 6.645425580336822291e-02 0.000000000000000000e+00
5.350000000000000000e+03 2.139857772907520772e-01 5.688438780154756458e-01 6.747837960855712636e-02 3.065543923532089154e-01 5.700955848884842886e-02 1.137915339098771066e-04
5.375000000000000000e+03 2.149857108294939145e-01 5.578060992262175999e-01 6.907146108329539902e-02 3.120163859808830487e-01 6.099226217569413133e-02 1.137915339098771066e-04
5.400000000000000000e+03 2.159856443682357519e-01 5.604233045061447482e-01 6.918525261720527564e-02 3.134956759217114031e-01 5.678197542102867562e-02 1.137915339098771066e-04
5.425000000000000000e+03 2.169855779069775892e-01 5.609922621756940897e-01 6.952662721893490549e-02 3.166818388711880039e-01 5.268548020027309653e-02 1.137915339098771066e-04
5.450000000000000000e+03 2.179855114457194265e-01 5.557578516158397930e-01 7.066454255803368556e-02 3.182749203459262488e-01 5.530268548020027264e-02 0.000000000000000000e+00
5.475000000000000000e+03 2.189854449844612638e-01 5.622439690487027741e-01 6.884387801547564578e-02 3.174783796085571264e-01 5.143377332726445372e-02 0.000000000000000000e+00
5.500000000000000000e+03 2.199853785232031012e-01 5.581474738279471604e-01 7.225762403277195822e-02 3.189576695493855363e-01 5.063723258989531045e-02 0.000000000000000000e+00
5.525000000000000000e+03 2.209853120619449385e-01 5.558716431497496835e-01 6.861629494765589254e-02 3.203231679563040557e-01 5.518889394629039602e-02 0.000000000000000000e+00
5.550000000000000000e+03 2.219852456006867758e-01 5.583750568957669413e-01 7.385070550751024476e-02 3.230541647701410946e-01 4.472007282658170546e-02 0.000000000000000000e+00
5.575000000000000000e+03 2.229851791394286131e-01 5.630405097860718966e-01 7.487482931269913433e-02 3.239644970414201075e-01 3.812016385980882688e-02 0.000000000000000000e+00
5.600000000000000000e+03 2.239851126781704505e-01 5.512061902594447282e-01 7.259899863450158808e-02 3.274920345926263243e-01 4.858898497951752438e-02 1.137915339098771066e-04
5.625000000000000000e+03 2.249850462169122878e-01 5.582612653618570508e-01 7.316795630405098505e-02 3.229403732362312041e-01 4.563040509786071841e-02 0.000000000000000000e+00
5.650000000000000000e+03 2.259849797556541251e-01 5.527992717341829731e-01 7.157487482931269851e-02 3.261265361857078049e-01 4.938552571688666071e-02 1.137915339098771066e-04
5.675000000000000000e+03 2.269849132943959624e-01 5.555302685480200120e-01 7.066454255803368556e-02 3.291989076012744597e-01 4.460628129267182190e-02 0.000000000000000000e+00
