# itime ezz other fcc hcp bcc ico
0.000000000000000000e+00 0.000000000000000000e+00 1.593081474738279385e-03 9.984069185252617551e-01 0.000000000000000000e+00 0.000000000000000000e+00 0.000000000000000000e+00
2.500000000000000000e+02 9.999984989201404773e-03 6.827492034592626399e-04 9.993172507965407680e-01 0.000000000000000000e+00 0.000000000000000000e+00 0.000000000000000000e+00
5.000000000000000000e+02 1.999996997840303159e-02 1.251706873008648227e-03 9.987482931269913156e-01 0.000000000000000000e+00 0.000000000000000000e+00 0.000000000000000000e+00
7.500000000000000000e+02 2.999995496760443636e-02 4.665452890304961318e-03 9.951069640418752638e-01 0.000000000000000000e+00 2.275830678197542133e-04 0.000000000000000000e+00
1.000000000000000000e+03 3.999993995680606318e-02 7.851615839781519654e-03 9.919208010923987739e-01 0.000000000000000000e+00 2.275830678197542133e-04 0.000000000000000000e+00
1.250000000000000000e+03 4.999992494600746795e-02 1.570323167956303931e-02 9.838416021847974369e-01 0.000000000000000000e+00 4.551661356395084266e-04 0.000000000000000000e+00
1.500000000000000000e+03 5.999990993520909477e-02 2.605826126536185672e-02 9.734865725989986229e-01 0.000000000000000000e+00 4.551661356395084266e-04 0.000000000000000000e+00
1.750000000000000000e+03 6.999989492441049954e-02 5.143377332726445372e-02 9.452662721893491105e-01 0.000000000000000000e+00 3.299954483386436255e-03 0.000000000000000000e+00
2.000000000000000000e+03 7.999987991361212636e-02 9.979517523896222486e-02 8.906463359126081114e-01 0.000000000000000000e+00 9.558488848429677609e-03 0.000000000000000000e+00
2.250000000000000000e+03 8.999986490281353113e-02 1.828629949931725174e-01 7.844788347746927126e-01 0.000000000000000000e+00 3.265817023213472836e-02 0.000000000000000000e+00
2.500000000000000000e+03 9.999984989201515795e-02 3.372781065088757413e-01 4.726900318616295005e-01 7.851615839781519654e-03 1.821802457897132577e-01 0.000000000000000000e+00
2.750000000000000000e+03 1.099998348812165627e-01 4.062357760582612776e-01 2.676376877560309731e-01 4.380974055530268557e-02 2.823167956304050707e-01 0.000000000000000000e+00
3.000000000000000000e+03 1.199998198704181895e-01 4.215976331360946627e-01 1.679563040509786109e-01 6.793354574419663283e-02 3.425125170687300935e-01 0.000000000000000000e+00
3.250000000000000000e+03 1.299998048596195943e-01 4.540282203004096240e-01 1.000227583067819781e-01 7.669549385525717411e-02 3.692535275375511961e-01 0.000000000000000000e+00
3.500000000000000000e+03 1.399997898488212211e-01 4.883932635411925571e-01 8.284023668639053928e-02 8.033682294037323979e-02 3.484296768320436777e-01 0.000000000000000000e+00
3.750000000000000000e+03 1.499997748380226259e-01 5.327719617660445772e-01 5.314064633591260994e-02 8.750568957669549452e-02 3.265817023213473114e-01 0.000000000000000000e+00
4.000000000000000000e+03 1.599997598272242527e-01 5.564406008192990249e-01 3.812016385980882688e-02 1.165225307237141572e-01 2.889167045971779424e-01 0.000000000000000000e+00
4.250000000000000000e+03 1.699997448164256575e-01 5.984296768320437332e-01 3.823395539371871044e-02 1.587391898042785632e-01 2.045971779699590487e-01 0.000000000000000000e+00
4.500000000000000000e+03 1.799997298056272843e-01 5.953573054164770229e-01 4.881656804733727761e-02 2.094902139280837572e-01 1.463359126081019701e-01 0.000000000000000000e+00
4.750000000000000000e+03 1.899997147948286891e-01 5.831816112881201830e-01 6.975421028675465873e-02 2.525034137460173134e-01 9.456076467910787264e-02 0.000000000000000000e+00
5.000000000000000000e+03 1.999996997840303159e-01 5.739644970414201630e-01 6.565771506599908658e-02 2.842512517068729871e-01 7.612653618570777714e-02 0.000000000000000000e+00
5.250000000000000000e+03 2.099996847732317207e-01 5.681611288120164138e-01 6.565771506599908658e-02 3.040509786071916021e-01 6.213017751479289752e-02 0.000000000000000000e+00
5.500000000000000000e+03 2.199996697624333475e-01 5.837505689576695245e-01 6.679563040509786664e-02 3.012061902594446727e-01 4.824761037778789452e-02 0.000000000000000000e+00
5.750000000000000000e+03 2.299996547516347523e-01 5.835229858898497435e-01 7.350933090578061491e-02 3.020027309968138507e-01 4.096495220755575623e-02 0.000000000000000000e+00
6.000000000000000000e+03 2.399996397408363791e-01 5.842057350933090865e-01 7.954028220300408958e-02 3.067819754210286964e-01 2.935821574874829254e-02 1.137915339098771066e-04
6.250000000000000000e+03 2.499996247300377838e-01 5.735093309057806010e-01 7.942649066909421296e-02 3.236231224396904915e-01 2.332726445152480746e-02 1.137915339098771066e-04
6.500000000000000000e+03 2.599996097192394107e-01 5.500682749203459343e-01 8.898497951752389057e-02 3.416021847974510806e-01 1.934456076467910846e-02 0.000000000000000000e+00
6.750000000000000000e+03 2.699995947084408154e-01 5.685025034137459743e-01 8.705052344105598805e-02 3.282885753299954468e-01 1.593081474738279601e-02 2.275830678197542133e-04
7.000000000000000000e+03 2.799995796976424423e-01 5.760127446517978589e-01 8.807464724624487762e-02 3.178197542102867423e-01 1.797906235776058209e-02 1.137915339098771066e-04
7.250000000000000000e+03 2.899995646868438470e-01 5.824988620846609511e-01 8.750568957669549452e-02 3.131543013199817871e-01 1.684114701866181243e-02 0.000000000000000000e+00
7.500000000000000000e+03 2.999995496760454738e-01 6.022985889849795660e-01 8.329540282203004575e-02 2.944924897587619661e-01 1.979972690031861493e-02 1.137915339098771066e-04
7.750000000000000000e+03 3.099995346652468786e-01 6.223258989531178509e-01 8.113336367774237612e-02 2.767410104688211026e-01 1.968593536640873831e-02 1.137915339098771066e-04
8.000000000000000000e+03 3.199995196544485054e-01 6.418980427856167958e-01 7.931269913518433634e-02 2.526172052799271484e-01 2.583067819754210348e-02 3.413746017296313199e-04
8.250000000000000000e+03 3.299995046436499102e-01 6.752389622212107145e-01 7.316795630405098505e-02 2.275830678197542090e-01 2.389622212107419055e-02 1.137915339098771066e-04
8.500000000000000000e+03 3.399994896328515370e-01 6.962903959945380139e-01 6.873008648156576916e-02 2.134729176149294527e-01 2.139280837505689453e-02 1.137915339098771066e-04
8.750000000000000000e+03 3.499994746220529418e-01 7.104005461993627701e-01 6.520254893035958010e-02 2.015248065543923661e-01 2.287209831588529751e-02 0.000000000000000000e+00
9.000000000000000000e+03 3.599994596112545686e-01 7.348657259899863403e-01 5.678197542102867562e-02 1.877560309512972259e-01 2.048247610377787811e-02 1.137915339098771066e-04
9.250000000000000000e+03 3.699994446004557513e-01 7.548930359581247362e-01 5.655439235320892238e-02 1.675011379153391045e-01 2.082385070550751144e-02 2.275830678197542133e-04
9.500000000000000000e+03 3.799994295896573782e-01 7.692307692307692735e-01 4.961310878470642088e-02 1.581702321347291662e-01 2.264451524806554428e-02 3.413746017296313199e-04
9.750000000000000000e+03 3.899994145788592270e-01 7.892580791989075584e-01 4.403732362312243881e-02 1.497496586253982687e-01 1.649977241693217911e-02 4.551661356395084266e-04
1.000000000000000000e+04 3.999993995680604097e-01 8.070095584888484774e-01 4.392353208921256219e-02 1.289258079198907503e-01 1.957214383249886169e-02 5.689576695493854790e-04
1.025000000000000000e+04 4.099993845572618145e-01 8.161128812016386069e-01 4.164770141101502288e-02 1.217569412835685094e-01 2.014110150204824826e-02 3.413746017296313199e-04
1.050000000000000000e+04 4.199993695464634413e-01 8.270368684569867623e-01 4.210286754665452935e-02 1.109467455621301751e-01 1.923076923076923184e-02 6.827492034592626399e-04
1.075000000000000000e+04 4.299993545356652902e-01 8.319299044151114986e-01 4.278561675011378906e-02 1.044606281292671801e-01 2.025489303595812488e-02 5.689576695493854790e-04
1.100000000000000000e+04 4.399993395248664729e-01 8.446745562130177909e-01 3.959945380063722986e-02 9.581247155211652933e-02 1.968593536640873831e-02 2.275830678197542133e-04
1.125000000000000000e+04 4.499993245140678777e-01 8.486572598998634032e-01 4.039599453800637313e-02 9.114701866181156020e-02 1.923076923076923184e-02 5.689576695493854790e-04
1.150000000000000000e+04 4.599993095032695045e-01 8.648156577150659663e-01 3.641329085116067066e-02 8.261265361857077216e-02 1.570323167956303931e-02 4.551661356395084266e-04
1.175000000000000000e+04 4.699992944924713534e-01 8.723258989531178509e-01 3.299954483386435822e-02 7.749203459262631044e-02 1.649977241693217911e-02 6.827492034592626399e-04
1.200000000000000000e+04 4.799992794816725361e-01 8.847291761492944717e-01 2.992717341829767910e-02 7.146108329540282189e-02 1.308602639963586667e-02 7.965407373691396923e-04
1.225000000000000000e+04 4.899992644708739409e-01 8.849567592171142527e-01 3.129267182521620200e-02 7.055075102412380894e-02 1.251706873008648184e-02 6.827492034592626399e-04
1.250000000000000000e+04 4.999992494600755677e-01 8.940600819299043822e-01 2.958579881656804578e-02 6.349567592171143082e-02 1.194811106053709528e-02 9.103322712790168532e-04
1.275000000000000000e+04 5.099992344492771945e-01 8.961083295402821891e-01 3.026854802002730896e-02 6.008192990441511144e-02 1.274465179790623508e-02 7.965407373691396923e-04
1.300000000000000000e+04 5.199992194384785993e-01 9.017979062357760478e-01 2.901684114701866268e-02 6.008192990441511144e-02 8.420573509330906217e-03 6.827492034592626399e-04
1.325000000000000000e+04 5.299992044276800041e-01 9.027082385070550608e-01 2.901684114701866268e-02 5.871643149749658508e-02 8.989531178880291046e-03 5.689576695493854790e-04
1.350000000000000000e+04 5.399991894168816309e-01 9.132908511606736557e-01 2.526172052799271692e-02 5.382339553937186966e-02 7.168866636322257339e-03 4.551661356395084266e-04
1.375000000000000000e+04 5.499991744060832577e-01 9.182976786527082824e-01 2.241693218024579104e-02 5.029585798816568060e-02 8.192990441511151245e-03 7.965407373691396923e-04
1.400000000000000000e+04 5.599991593952846625e-01 9.206873008648156498e-01 2.196176604460628110e-02 4.893035958124715423e-02 7.282658170232134826e-03 1.137915339098770958e-03
1.425000000000000000e+04 5.699991443844860672e-01 9.267182521620391800e-01 2.093764223941738806e-02 4.494765589440145870e-02 6.372325898953117539e-03 1.024123805188893906e-03
1.450000000000000000e+04 5.799991293736876941e-01 9.295630405097861093e-01 2.218934911242603433e-02 4.278561675011378906e-02 4.779244424214838804e-03 6.827492034592626399e-04
1.475000000000000000e+04 5.899991143628893209e-01 9.318388711879835862e-01 2.162039144287665124e-02 4.107874374146563284e-02 5.120619025944469528e-03 3.413746017296313199e-04
1.500000000000000000e+04 5.999990993520907256e-01 9.287664997724169869e-01 2.048247610377787811e-02 4.289940828402366568e-02 6.713700500682749130e-03 1.137915339098770958e-03
1.525000000000000000e+04 6.099990843412921304e-01 9.342284934000910646e-01 1.900318616294947513e-02 3.994082840236686666e-02 6.030951297223486815e-03 7.965407373691396923e-04
1.550000000000000000e+04 6.199990693304937572e-01 9.383249886208465673e-01 1.763768775603095224e-02 3.595812471552116418e-02 7.510241238051888930e-03 5.689576695493854790e-04
1.575000000000000000e+04 6.299990543196953841e-01 9.406008192990441552e-01 1.854802002730996865e-02 3.629949931725079404e-02 4.096495220755575623e-03 4.551661356395084266e-04
1.600000000000000000e+04 6.399990393088967888e-01 9.449248975876194390e-01 1.672735548475193582e-02 3.265817023213472836e-02 4.893035958124715423e-03 7.965407373691396923e-04
1.625000000000000000e+04 6.499990242980981936e-01 9.516385980883022011e-01 1.627218934911242587e-02 2.822030040964952288e-02 3.299954483386436255e-03 5.689576695493854790e-04
1.650000000000000000e+04 6.599990092872998204e-01 9.551661356395084734e-01 1.479289940828402289e-02 2.469276285844333035e-02 4.210286754665453109e-03 1.137915339098770958e-03
1.675000000000000000e+04 6.699989942765014472e-01 9.617660446062813451e-01 1.365498406918525323e-02 2.025489303595812488e-02 2.617205279927173507e-03 1.706873008648156654e-03
1.700000000000000000e+04 6.799989792657028520e-01 9.624487938097405770e-01 1.319981793354574502e-02 1.968593536640873831e-02 3.299954483386436255e-03 1.365498406918525280e-03
1.725000000000000000e+04 6.899989642549042568e-01 9.637005006827491504e-01 1.263086026399635846e-02 1.911697769685935522e-02 3.072371415566681717e-03 1.479289940828402332e-03
1.750000000000000000e+04 6.999989492441058836e-01 9.658625398270368478e-01 1.183431952662721866e-02 1.649977241693217911e-02 3.755120619025944465e-03 2.048247610377787811e-03
1.775000000000000000e+04 7.099989342333075104e-01 9.691624943104233392e-01 1.217569412835685025e-02 1.422394173873463806e-02 3.072371415566681717e-03 1.365498406918525280e-03
1.800000000000000000e+04 7.199989192225089152e-01 9.714383249886208160e-01 1.081019572143832562e-02 1.297223486572599005e-02 2.162039144287664864e-03 2.617205279927173507e-03
1.825000000000000000e+04 7.299989042117103200e-01 9.733727810650887324e-01 9.444697314519799256e-03 1.251706873008648184e-02 3.072371415566681717e-03 1.593081474738279385e-03
1.850000000000000000e+04 7.399988892009119468e-01 9.731451979972689514e-01 1.035502958579881741e-02 1.354119253527537488e-02 1.934456076467910759e-03 1.024123805188893906e-03
1.875000000000000000e+04 7.499988741901135736e-01 9.765589440145653333e-01 8.875739644970414427e-03 1.172052799271734204e-02 1.251706873008648227e-03 1.593081474738279385e-03
1.900000000000000000e+04 7.599988591793149784e-01 9.794037323623122626e-01 7.396449704142011444e-03 9.786071916249430847e-03 2.048247610377787811e-03 1.365498406918525280e-03
1.925000000000000000e+04 7.699988441685163831e-01 9.809968138370505075e-01 7.055075102412380721e-03 8.420573509330906217e-03 2.389622212107419402e-03 1.137915339098770958e-03
1.950000000000000000e+04 7.799988291577180100e-01 9.817933545744196300e-01 6.258534365043240920e-03 8.306781975421027864e-03 1.593081474738279385e-03 2.048247610377787811e-03
1.975000000000000000e+04 7.899988141469196368e-01 9.840691852526172179e-01 5.234410559854347014e-03 7.510241238051888930e-03 1.593081474738279385e-03 1.593081474738279385e-03
2.000000000000000000e+04 7.999987991361210415e-01 9.853208921256259023e-01 3.982703686845699004e-03 7.282658170232134826e-03 1.479289940828402332e-03 1.934456076467910759e-03
2.025000000000000000e+04 8.099987841253224463e-01 9.839553937187073274e-01 3.755120619025944465e-03 8.079198907601274626e-03 2.389622212107419402e-03 1.820664542558033706e-03
2.050000000000000000e+04 8.199987691145240731e-01 9.882794720072826111e-01 2.617205279927173507e-03 5.917159763313609329e-03 1.365498406918525280e-03 1.820664542558033706e-03
2.075000000000000000e+04 8.299987541037256999e-01 9.861174328629950248e-01 3.072371415566681717e-03 7.396449704142011444e-03 1.479289940828402332e-03 1.934456076467910759e-03
2.100000000000000000e+04 8.399987390929271047e-01 9.869139736003641472e-01 2.503413746017296455e-03 7.282658170232134826e-03 1.706873008648156654e-03 1.593081474738279385e-03
2.125000000000000000e+04 8.499987240821285095e-01 9.870277651342740377e-01 2.844788347746927612e-03 6.941283568502503235e-03 1.820664542558033706e-03 1.365498406918525280e-03
2.150000000000000000e+04 8.599987090713301363e-01 9.897587619481110766e-01 2.162039144287664864e-03 5.461993627674101119e-03 1.251706873008648227e-03 1.365498406918525280e-03
2.175000000000000000e+04 8.699986940605317631e-01 9.894173873463814051e-01 2.617205279927173507e-03 4.779244424214838804e-03 1.024123805188893906e-03 2.162039144287664864e-03
2.200000000000000000e+04 8.799986790497331679e-01 9.889622212107419541e-01 3.072371415566681717e-03 5.120619025944469528e-03 1.024123805188893906e-03 1.820664542558033706e-03
2.225000000000000000e+04 8.899986640389345727e-01 9.905553026854801990e-01 2.048247610377787811e-03 4.665452890304961318e-03 1.365498406918525280e-03 1.365498406918525280e-03
2.250000000000000000e+04 8.999986490281361995e-01 9.907828857532999800e-01 1.593081474738279385e-03 4.437869822485207214e-03 5.689576695493854790e-04 2.617205279927173507e-03
2.275000000000000000e+04 9.099986340173378263e-01 9.916932180245789930e-01 1.365498406918525280e-03 3.982703686845699004e-03 1.024123805188893906e-03 1.934456076467910759e-03
2.300000000000000000e+04 9.199986190065392311e-01 9.930587164314974569e-01 1.137915339098770958e-03 3.641329085116067413e-03 4.551661356395084266e-04 1.706873008648156654e-03
2.325000000000000000e+04 9.299986039957406359e-01 9.935138825671370189e-01 9.103322712790168532e-04 2.958579881656804664e-03 3.413746017296313199e-04 2.275830678197541916e-03
2.350000000000000000e+04 9.399985889849422627e-01 9.935138825671370189e-01 1.137915339098770958e-03 2.730996813837050560e-03 5.689576695493854790e-04 2.048247610377787811e-03
2.375000000000000000e+04 9.499985739741438895e-01 9.946517979062358128e-01 1.024123805188893906e-03 2.389622212107419402e-03 3.413746017296313199e-04 1.593081474738279385e-03
2.400000000000000000e+04 9.599985589633452943e-01 9.948793809740554828e-01 9.103322712790168532e-04 2.389622212107419402e-03 2.275830678197542133e-04 1.593081474738279385e-03
2.425000000000000000e+04 9.699985439525466990e-01 9.936276741010469093e-01 5.689576695493854790e-04 2.958579881656804664e-03 3.413746017296313199e-04 2.503413746017296455e-03
2.450000000000000000e+04 9.799985289417483258e-01 9.952207555757851543e-01 9.103322712790168532e-04 1.479289940828402332e-03 4.551661356395084266e-04 1.934456076467910759e-03
2.475000000000000000e+04 9.899985139309499527e-01 9.953345471096950448e-01 1.137915339098771066e-04 2.048247610377787811e-03 4.551661356395084266e-04 2.048247610377787811e-03
2.500000000000000000e+04 9.999984989201513574e-01 9.956759217114247162e-01 4.551661356395084266e-04 1.479289940828402332e-03 1.137915339098771066e-04 2.275830678197541916e-03
