# itime ezz other fcc hcp bcc ico
0.000000000000000000e+00 0.000000000000000000e+00 5.689576695493854790e-04 9.994310423304506585e-01 0.000000000000000000e+00 0.000000000000000000e+00 0.000000000000000000e+00
2.500000000000000000e+02 1.000007434199146061e-03 1.251706873008648227e-03 9.987482931269913156e-01 0.000000000000000000e+00 0.000000000000000000e+00 0.000000000000000000e+00
5.000000000000000000e+02 2.000014868398292123e-03 4.551661356395084266e-04 9.995448338643604380e-01 0.000000000000000000e+00 0.000000000000000000e+00 0.000000000000000000e+00
7.500000000000000000e+02 3.000022302597438184e-03 4.551661356395084266e-04 9.995448338643604380e-01 0.000000000000000000e+00 0.000000000000000000e+00 0.000000000000000000e+00
1.000000000000000000e+03 4.000029736796584245e-03 7.965407373691396923e-04 9.992034592626308775e-01 0.000000000000000000e+00 0.000000000000000000e+00 0.000000000000000000e+00
1.250000000000000000e+03 5.000037170995730307e-03 2.617205279927173507e-03 9.972690031861629611e-01 0.000000000000000000e+00 1.137915339098771066e-04 0.000000000000000000e+00
1.500000000000000000e+03 6.000044605194876368e-03 4.551661356395084266e-04 9.995448338643604380e-01 0.000000000000000000e+00 0.000000000000000000e+00 0.000000000000000000e+00
1.750000000000000000e+03 7.000052039394022430e-03 2.275830678197542133e-04 9.997724169321802190e-01 0.000000000000000000e+00 0.000000000000000000e+00 0.000000000000000000e+00
2.000000000000000000e+03 8.000059473592946446e-03 1.479289940828402332e-03 9.984069185252617551e-01 0.000000000000000000e+00 1.137915339098771066e-04 0.000000000000000000e+00
2.250000000000000000e+03 9.000066907792092508e-03 9.103322712790168532e-04 9.990896677287209870e-01 0.000000000000000000e+00 0.000000000000000000e+00 0.000000000000000000e+00
2.500000000000000000e+03 1.000007434199123857e-02 1.137915339098770958e-03 9.988620846609012061e-01 0.000000000000000000e+00 0.000000000000000000e+00 0.000000000000000000e+00
2.750000000000000000e+03 1.100008177619038463e-02 1.820664542558033706e-03 9.981793354574419741e-01 0.000000000000000000e+00 0.000000000000000000e+00 0.000000000000000000e+00
3.000000000000000000e+03 1.200008921038953069e-02 3.186162949476558769e-03 9.968138370505233992e-01 0.000000000000000000e+00 0.000000000000000000e+00 0.000000000000000000e+00
3.250000000000000000e+03 1.300009664458867675e-02 1.024123805188893906e-03 9.989758761948110966e-01 0.000000000000000000e+00 0.000000000000000000e+00 0.000000000000000000e+00
3.500000000000000000e+03 1.400010407878782281e-02 1.479289940828402332e-03 9.985207100591716456e-01 0.000000000000000000e+00 0.000000000000000000e+00 0.000000000000000000e+00
3.750000000000000000e+03 1.500011151298696888e-02 1.593081474738279385e-03 9.984069185252617551e-01 0.000000000000000000e+00 0.000000000000000000e+00 0.000000000000000000e+00
4.000000000000000000e+03 1.600011894718611494e-02 1.024123805188893906e-03 9.989758761948110966e-01 0.000000000000000000e+00 0.000000000000000000e+00 0.000000000000000000e+00
4.250000000000000000e+03 1.700012638138526100e-02 3.186162949476558769e-03 9.968138370505233992e-01 0.000000000000000000e+00 0.000000000000000000e+00 0.000000000000000000e+00
4.500000000000000000e+03 1.800013381558440706e-02 7.965407373691396923e-04 9.990896677287209870e-01 0.000000000000000000e+00 1.137915339098771066e-04 0.000000000000000000e+00
4.750000000000000000e+03 1.900014124978355312e-02 1.706873008648156654e-03 9.982931269913518646e-01 0.000000000000000000e+00 0.000000000000000000e+00 0.000000000000000000e+00
5.000000000000000000e+03 2.000014868398269918e-02 2.730996813837050560e-03 9.972690031861629611e-01 0.000000000000000000e+00 0.000000000000000000e+00 0.000000000000000000e+00
5.250000000000000000e+03 2.100015611818184524e-02 3.868912152935821518e-03 9.960172963131542767e-01 0.000000000000000000e+00 1.137915339098771066e-04 0.000000000000000000e+00
5.500000000000000000e+03 2.200016355238076926e-02 4.551661356395083832e-03 9.953345471096950448e-01 0.000000000000000000e+00 1.137915339098771066e-04 0.000000000000000000e+00
5.750000000000000000e+03 2.300017098657991532e-02 3.413746017296313308e-03 9.964724624487938387e-01 0.000000000000000000e+00 1.137915339098771066e-04 0.000000000000000000e+00
6.000000000000000000e+03 2.400017842077906138e-02 3.299954483386436255e-03 9.967000455166135087e-01 0.000000000000000000e+00 0.000000000000000000e+00 0.000000000000000000e+00
6.250000000000000000e+03 2.500018585497820744e-02 2.162039144287664864e-03 9.977241693218024121e-01 0.000000000000000000e+00 1.137915339098771066e-04 0.000000000000000000e+00
6.500000000000000000e+03 2.600019328917735351e-02 3.641329085116067413e-03 9.962448793809740577e-01 0.000000000000000000e+00 1.137915339098771066e-04 0.000000000000000000e+00
6.750000000000000000e+03 2.700020072337649957e-02 4.893035958124715423e-03 9.948793809740554828e-01 0.000000000000000000e+00 2.275830678197542133e-04 0.000000000000000000e+00
7.000000000000000000e+03 2.800020815757564563e-02 4.551661356395083832e-03 9.954483386436049352e-01 0.000000000000000000e+00 0.000000000000000000e+00 0.000000000000000000e+00
7.250000000000000000e+03 2.900021559177479169e-02 4.210286754665453109e-03 9.957897132453344957e-01 0.000000000000000000e+00 0.000000000000000000e+00 0.000000000000000000e+00
7.500000000000000000e+03 3.000022302597393775e-02 1.934456076467910759e-03 9.979517523896221931e-01 0.000000000000000000e+00 1.137915339098771066e-04 0.000000000000000000e+00
7.750000000000000000e+03 3.100023046017308381e-02 4.096495220755575623e-03 9.956759217114247162e-01 0.000000000000000000e+00 2.275830678197542133e-04 0.000000000000000000e+00
8.000000000000000000e+03 3.200023789437222987e-02 4.210286754665453109e-03 9.957897132453344957e-01 0.000000000000000000e+00 0.000000000000000000e+00 0.000000000000000000e+00
8.250000000000000000e+03 3.300024532857137594e-02 3.982703686845699004e-03 9.959035047792443862e-01 0.000000000000000000e+00 1.137915339098771066e-04 0.000000000000000000e+00
8.500000000000000000e+03 3.400025276277052200e-02 6.941283568502503235e-03 9.927173418297678964e-01 0.000000000000000000e+00 3.413746017296313199e-04 0.000000000000000000e+00
8.750000000000000000e+03 3.500026019696966806e-02 5.006827492034592909e-03 9.948793809740554828e-01 0.000000000000000000e+00 1.137915339098771066e-04 0.000000000000000000e+00
9.000000000000000000e+03 3.600026763116859208e-02 6.372325898953117539e-03 9.934000910332271284e-01 0.000000000000000000e+00 2.275830678197542133e-04 0.000000000000000000e+00
9.250000000000000000e+03 3.700027506536773814e-02 5.689576695493855224e-03 9.940828402366863603e-01 0.000000000000000000e+00 2.275830678197542133e-04 0.000000000000000000e+00
9.500000000000000000e+03 3.800028249956688420e-02 6.713700500682749130e-03 9.930587164314974569e-01 0.000000000000000000e+00 2.275830678197542133e-04 0.000000000000000000e+00
9.750000000000000000e+03 3.900028993376603026e-02 7.055075102412380721e-03 9.928311333636777869e-01 0.000000000000000000e+00 1.137915339098771066e-04 0.000000000000000000e+00
1.000000000000000000e+04 4.000029736796517632e-02 6.827492034592626616e-03 9.930587164314974569e-01 0.000000000000000000e+00 1.137915339098771066e-04 0.000000000000000000e+00
1.025000000000000000e+04 4.100030480216432238e-02 1.092398725534820224e-02 9.887346381429221731e-01 0.000000000000000000e+00 3.413746017296313199e-04 0.000000000000000000e+00
1.050000000000000000e+04 4.200031223636346844e-02 1.137915339098771045e-02 9.882794720072826111e-01 0.000000000000000000e+00 3.413746017296313199e-04 0.000000000000000000e+00
1.075000000000000000e+04 4.300031967056261450e-02 9.444697314519799256e-03 9.904415111515703085e-01 0.000000000000000000e+00 1.137915339098771066e-04 0.000000000000000000e+00
1.100000000000000000e+04 4.400032710476176057e-02 9.672280382339554228e-03 9.901001365498406370e-01 0.000000000000000000e+00 2.275830678197542133e-04 0.000000000000000000e+00
1.125000000000000000e+04 4.500033453896090663e-02 1.331360946745562164e-02 9.860036413290851343e-01 0.000000000000000000e+00 6.827492034592626399e-04 0.000000000000000000e+00
1.150000000000000000e+04 4.600034197316005269e-02 1.069640418752844727e-02 9.889622212107419541e-01 0.000000000000000000e+00 3.413746017296313199e-04 0.000000000000000000e+00
1.175000000000000000e+04 4.700034940735919875e-02 9.672280382339554228e-03 9.901001365498406370e-01 0.000000000000000000e+00 2.275830678197542133e-04 0.000000000000000000e+00
1.200000000000000000e+04 4.800035684155834481e-02 1.411015020482476144e-02 9.852071005917160118e-01 0.000000000000000000e+00 6.827492034592626399e-04 0.000000000000000000e+00
1.225000000000000000e+04 4.900036427575749087e-02 1.809285389167045871e-02 9.813381884387801790e-01 0.000000000000000000e+00 5.689576695493854790e-04 0.000000000000000000e+00
1.250000000000000000e+04 5.000037170995663693e-02 1.228948566226672687e-02 9.871415566681839282e-01 0.000000000000000000e+00 5.689576695493854790e-04 0.000000000000000000e+00
1.275000000000000000e+04 5.100037914415556095e-02 1.832043695949021542e-02 9.812243969048702885e-01 0.000000000000000000e+00 4.551661356395084266e-04 0.000000000000000000e+00
1.300000000000000000e+04 5.200038657835470701e-02 1.581702321347291593e-02 9.831588529813382049e-01 0.000000000000000000e+00 1.024123805188893906e-03 0.000000000000000000e+00
1.325000000000000000e+04 5.300039401255385307e-02 1.945835229858898507e-02 9.798588984979517136e-01 0.000000000000000000e+00 6.827492034592626399e-04 0.000000000000000000e+00
1.350000000000000000e+04 5.400040144675299914e-02 1.923076923076923184e-02 9.797451069640418231e-01 0.000000000000000000e+00 1.024123805188893906e-03 0.000000000000000000e+00
1.375000000000000000e+04 5.500040888095214520e-02 2.298588984979517413e-02 9.764451524806554428e-01 0.000000000000000000e+00 5.689576695493854790e-04 0.000000000000000000e+00
1.400000000000000000e+04 5.600041631515129126e-02 1.741010468821119553e-02 9.814519799726900695e-01 0.000000000000000000e+00 1.137915339098770958e-03 0.000000000000000000e+00
1.425000000000000000e+04 5.700042374935043732e-02 2.059626763768775473e-02 9.782658170232134687e-01 0.000000000000000000e+00 1.137915339098770958e-03 0.000000000000000000e+00
1.450000000000000000e+04 5.800043118354958338e-02 2.571688666363222686e-02 9.724624487938097195e-01 0.000000000000000000e+00 1.820664542558033706e-03 0.000000000000000000e+00
1.475000000000000000e+04 5.900043861774872944e-02 2.332726445152480746e-02 9.753072371415566488e-01 0.000000000000000000e+00 1.365498406918525280e-03 0.000000000000000000e+00
1.500000000000000000e+04 6.000044605194787550e-02 2.662721893491124328e-02 9.705279927173418031e-01 0.000000000000000000e+00 2.844788347746927612e-03 0.000000000000000000e+00
1.525000000000000000e+04 6.100045348614702156e-02 2.810650887573964626e-02 9.701866181156122426e-01 0.000000000000000000e+00 1.706873008648156654e-03 0.000000000000000000e+00
1.550000000000000000e+04 6.200046092034616763e-02 3.368229403732362487e-02 9.648384160218479444e-01 0.000000000000000000e+00 1.479289940828402332e-03 0.000000000000000000e+00
1.575000000000000000e+04 6.300046835454531369e-02 3.561675011379153433e-02 9.619936276741010150e-01 0.000000000000000000e+00 2.389622212107419402e-03 0.000000000000000000e+00
1.600000000000000000e+04 6.400047578874445975e-02 3.470641784251251444e-02 9.639280837505689314e-01 0.000000000000000000e+00 1.365498406918525280e-03 0.000000000000000000e+00
1.625000000000000000e+04 6.500048322294338377e-02 4.050978607191624975e-02 9.566454255803368278e-01 0.000000000000000000e+00 2.844788347746927612e-03 0.000000000000000000e+00
1.650000000000000000e+04 6.600049065714252983e-02 3.629949931725079404e-02 9.615384615384615641e-01 0.000000000000000000e+00 2.162039144287664864e-03 0.000000000000000000e+00
1.675000000000000000e+04 6.700049809134167589e-02 4.392353208921256219e-02 9.527765134274009950e-01 0.000000000000000000e+00 3.299954483386436255e-03 0.000000000000000000e+00
1.700000000000000000e+04 6.800050552554082195e-02 3.925807919890760000e-02 9.585798816568047442e-01 0.000000000000000000e+00 2.162039144287664864e-03 0.000000000000000000e+00
1.725000000000000000e+04 6.900051295973996801e-02 4.745106964041875125e-02 9.492489758761948337e-01 0.000000000000000000e+00 3.299954483386436255e-03 0.000000000000000000e+00
1.750000000000000000e+04 7.000052039393911407e-02 5.120619025944470049e-02 9.461766044606281234e-01 0.000000000000000000e+00 2.617205279927173507e-03 0.000000000000000000e+00
1.775000000000000000e+04 7.100052782813826013e-02 5.974055530268548159e-02 9.351388256713700775e-01 0.000000000000000000e+00 5.120619025944469528e-03 0.000000000000000000e+00
1.800000000000000000e+04 7.200053526233740619e-02 5.814747382794720199e-02 9.392353208921255803e-01 0.000000000000000000e+00 2.617205279927173507e-03 0.000000000000000000e+00
1.825000000000000000e+04 7.300054269653655226e-02 6.178880291306326766e-02 9.318388711879835862e-01 0.000000000000000000e+00 6.372325898953117539e-03 0.000000000000000000e+00
1.850000000000000000e+04 7.400055013073569832e-02 8.921256258534364381e-02 9.040737369139736357e-01 0.000000000000000000e+00 6.713700500682749130e-03 0.000000000000000000e+00
1.875000000000000000e+04 7.500055756493484438e-02 8.181611288120163583e-02 9.104460628129267263e-01 0.000000000000000000e+00 7.737824305871643035e-03 0.000000000000000000e+00
1.900000000000000000e+04 7.600056499913399044e-02 8.932635411925353430e-02 9.015703231679562668e-01 0.000000000000000000e+00 9.103322712790167665e-03 0.000000000000000000e+00
1.925000000000000000e+04 7.700057243333313650e-02 9.023668639053254725e-02 9.008875739644970349e-01 0.000000000000000000e+00 8.875739644970414427e-03 0.000000000000000000e+00
1.950000000000000000e+04 7.800057986753228256e-02 1.001365498406918547e-01 8.885980883022303045e-01 0.000000000000000000e+00 1.126536185707783383e-02 0.000000000000000000e+00
1.975000000000000000e+04 7.900058730173142862e-02 1.011606736458807443e-01 8.890532544378698665e-01 0.000000000000000000e+00 9.786071916249430847e-03 0.000000000000000000e+00
2.000000000000000000e+04 8.000059473593035264e-02 1.192535275375512099e-01 8.651570323167956378e-01 0.000000000000000000e+00 1.558944014565316269e-02 0.000000000000000000e+00
2.025000000000000000e+04 8.100060217012949870e-02 1.187983614019117035e-01 8.657259899863449792e-01 0.000000000000000000e+00 1.547564861174328607e-02 0.000000000000000000e+00
2.050000000000000000e+04 8.200060960432864476e-02 1.340464269458352398e-01 8.409194355939918486e-01 2.275830678197542133e-04 2.480655439235321044e-02 0.000000000000000000e+00
2.075000000000000000e+04 8.300061703852779083e-02 1.385980883022303045e-01 8.347746927628584279e-01 0.000000000000000000e+00 2.662721893491124328e-02 0.000000000000000000e+00
2.100000000000000000e+04 8.400062447272693689e-02 1.581702321347291662e-01 8.092853891670459543e-01 4.551661356395084266e-04 3.208921256258534527e-02 0.000000000000000000e+00
2.125000000000000000e+04 8.500063190692608295e-02 1.748975876194810986e-01 7.869822485207100815e-01 2.275830678197542133e-04 3.789258079198907364e-02 0.000000000000000000e+00
2.150000000000000000e+04 8.600063934112522901e-02 1.976558944014565333e-01 7.528447883477469293e-01 5.689576695493854790e-04 4.893035958124715423e-02 0.000000000000000000e+00
2.175000000000000000e+04 8.700064677532437507e-02 2.388484296768320359e-01 6.743286299499317016e-01 2.389622212107419402e-03 8.443331816112881194e-02 0.000000000000000000e+00
2.200000000000000000e+04 8.800065420952352113e-02 2.401001365498406925e-01 6.434911242603550408e-01 1.729631315430131891e-02 9.911242603550296515e-02 0.000000000000000000e+00
2.225000000000000000e+04 8.900066164372266719e-02 1.951524806554392477e-01 6.167501137915338827e-01 9.877105143377332142e-02 8.932635411925353430e-02 0.000000000000000000e+00
2.250000000000000000e+04 9.000066907792181325e-02 1.873008648156577194e-01 6.092398725534819981e-01 1.253982703686845612e-01 7.806099226217569353e-02 0.000000000000000000e+00
2.275000000000000000e+04 9.100067651212095932e-02 1.804733727810650945e-01 6.236913973600364258e-01 1.384842967683204418e-01 5.735093309057805872e-02 0.000000000000000000e+00
2.300000000000000000e+04 9.200068394632010538e-02 1.810423304506144637e-01 6.050295857988166048e-01 1.504324078288575284e-01 6.349567592171143082e-02 0.000000000000000000e+00
2.325000000000000000e+04 9.300069138051925144e-02 1.672735548475193512e-01 6.186845698680017991e-01 1.670459717796995980e-01 4.699590350477924477e-02 0.000000000000000000e+00
2.350000000000000000e+04 9.400069881471817546e-02 1.552116522530723741e-01 5.970641784251251583e-01 1.984524351388256835e-01 4.927173418297678409e-02 0.000000000000000000e+00
2.375000000000000000e+04 9.500070624891732152e-02 1.400773782430587144e-01 5.911470186618115186e-01 2.297451069640418786e-01 3.903049613108784677e-02 0.000000000000000000e+00
2.400000000000000000e+04 9.600071368311646758e-02 1.505461993627674189e-01 5.830678197542102925e-01 2.261037778789257990e-01 4.028220300409649651e-02 0.000000000000000000e+00
2.425000000000000000e+04 9.700072111731561364e-02 1.450842057350933134e-01 5.839781520254893055e-01 2.312243969048702885e-01 3.971324533454710648e-02 0.000000000000000000e+00
2.450000000000000000e+04 9.800072855151475970e-02 1.396222121074192080e-01 5.902366863905325056e-01 2.328174783796085612e-01 3.732362312243969055e-02 0.000000000000000000e+00
2.475000000000000000e+04 9.900073598571390576e-02 1.524806554392353075e-01 5.867091488393263443e-01 2.296313154301319881e-01 3.117888029130632538e-02 0.000000000000000000e+00
2.500000000000000000e+04 1.000007434199130518e-01 1.431497496586253970e-01 5.909194355939918486e-01 2.354346836595357373e-01 3.049613108784706567e-02 0.000000000000000000e+00
2.525000000000000000e+04 1.010007508541121979e-01 1.530496131087847045e-01 5.784023668639053373e-01 2.284934000910332219e-01 4.005461993627674328e-02 0.000000000000000000e+00
2.550000000000000000e+04 1.020007582883113439e-01 1.532771961766044577e-01 5.665680473372780579e-01 2.402139280837505553e-01 3.994082840236686666e-02 0.000000000000000000e+00
2.575000000000000000e+04 1.030007657225104900e-01 1.564633591260810308e-01 5.384615384615384359e-01 2.663859808830222886e-01 3.868912152935821691e-02 0.000000000000000000e+00
2.600000000000000000e+04 1.040007731567096361e-01 1.276741010468821214e-01 5.580336822940372699e-01 2.777651342740100060e-01 3.652708238507055422e-02 0.000000000000000000e+00
2.625000000000000000e+04 1.050007805909087821e-01 1.396222121074192080e-01 5.465407373691397730e-01 2.736686390532544477e-01 4.016841147018661989e-02 0.000000000000000000e+00
2.650000000000000000e+04 1.060007880251079282e-01 1.453117888029130667e-01 5.360719162494310686e-01 2.686618115612198210e-01 4.995448338643605074e-02 0.000000000000000000e+00
2.675000000000000000e+04 1.070007954593070743e-01 1.564633591260810308e-01 5.339098771051433712e-01 2.767410104688211026e-01 3.288575329995448160e-02 0.000000000000000000e+00
2.700000000000000000e+04 1.080008028935059983e-01 1.656804733727810786e-01 5.232134729176148857e-01 2.711652253072371344e-01 3.994082840236686666e-02 0.000000000000000000e+00
2.725000000000000000e+04 1.090008103277051443e-01 1.654528903049612976e-01 5.252617205279926926e-01 2.693445607646791085e-01 3.994082840236686666e-02 0.000000000000000000e+00
2.750000000000000000e+04 1.100008177619042904e-01 1.610150204824760956e-01 5.213928083750568598e-01 2.646791078743741532e-01 5.291306326809285671e-02 0.000000000000000000e+00
2.775000000000000000e+04 1.110008251961034365e-01 1.639736003641329154e-01 5.242375967228037892e-01 2.606964041875284299e-01 5.109239872553481693e-02 0.000000000000000000e+00
2.800000000000000000e+04 1.120008326303025825e-01 1.859353664087392000e-01 5.071688666363222131e-01 2.539827036868457233e-01 5.291306326809285671e-02 0.000000000000000000e+00
2.825000000000000000e+04 1.130008400645017286e-01 1.832043695949021334e-01 5.060309512972235302e-01 2.544378698224852298e-01 5.632680928538916915e-02 0.000000000000000000e+00
2.850000000000000000e+04 1.140008474987008746e-01 1.957214383249886169e-01 4.819071461083295205e-01 2.463586709148839204e-01 7.601274465179790052e-02 0.000000000000000000e+00
2.875000000000000000e+04 1.150008549329000207e-01 2.233727810650887602e-01 4.591488393263541412e-01 2.461310878470641672e-01 7.134729176149294527e-02 0.000000000000000000e+00
2.900000000000000000e+04 1.160008623670991668e-01 2.237141556668183762e-01 4.492489758761948337e-01 2.412380518889394587e-01 8.579881656804733137e-02 0.000000000000000000e+00
2.925000000000000000e+04 1.170008698012983128e-01 2.215521165225307343e-01 4.584660901228948537e-01 2.294037323623122349e-01 9.057806099226217711e-02 0.000000000000000000e+00
2.950000000000000000e+04 1.180008772354974589e-01 2.352071005917159841e-01 4.293354574419663283e-01 2.559171597633135842e-01 7.954028220300408958e-02 0.000000000000000000e+00
2.975000000000000000e+04 1.190008846696966049e-01 2.353208921256258468e-01 4.218252162039144437e-01 2.580791989076012816e-01 8.477469276285844180e-02 0.000000000000000000e+00
3.000000000000000000e+04 1.200008921038957510e-01 2.339553937187073274e-01 4.079426490669094130e-01 2.591033227127901850e-01 9.899863450159307465e-02 0.000000000000000000e+00
3.025000000000000000e+04 1.210008995380948971e-01 2.423759672280382249e-01 3.870050068274920596e-01 2.628584433318161273e-01 1.077605826126536159e-01 0.000000000000000000e+00
3.050000000000000000e+04 1.220009069722940431e-01 2.517068730086481354e-01 3.891670459717797015e-01 2.527309968138370389e-01 1.063950842057350965e-01 0.000000000000000000e+00
3.075000000000000000e+04 1.230009144064929671e-01 2.523896222121074229e-01 3.726672735548475224e-01 2.531861629494765453e-01 1.217569412835685094e-01 0.000000000000000000e+00
3.100000000000000000e+04 1.240009218406921132e-01 2.784478834774692935e-01 3.423987255348202030e-01 2.434000910332271284e-01 1.357532999544833752e-01 0.000000000000000000e+00
3.125000000000000000e+04 1.250009292748912593e-01 2.751479289940828576e-01 3.109922621756941452e-01 2.482931269913518368e-01 1.655666818388711881e-01 0.000000000000000000e+00
3.150000000000000000e+04 1.260009367090904053e-01 2.921028675466545432e-01 2.817478379608557293e-01 2.434000910332271284e-01 1.827492034592626269e-01 0.000000000000000000e+00
3.175000000000000000e+04 1.270009441432895514e-01 3.082612653618570508e-01 2.563723258989530907e-01 2.431725079654073751e-01 1.921939007737824279e-01 0.000000000000000000e+00
3.200000000000000000e+04 1.280009515774886975e-01 2.835685025034137552e-01 2.646791078743741532e-01 2.555757851615839682e-01 1.961766044606281234e-01 0.000000000000000000e+00
3.225000000000000000e+04 1.290009590116878435e-01 2.732134729176149412e-01 2.619481110605371144e-01 2.734410559854346667e-01 1.913973600364132777e-01 0.000000000000000000e+00
3.250000000000000000e+04 1.300009664458869896e-01 2.858443331816112876e-01 2.421483841602184717e-01 2.661583978152025631e-01 2.058488848429676776e-01 0.000000000000000000e+00
3.275000000000000000e+04 1.310009738800861356e-01 2.913063268092853653e-01 2.335002275830678209e-01 2.708238507055075184e-01 2.043695949021392677e-01 0.000000000000000000e+00
3.300000000000000000e+04 1.320009813142852817e-01 2.952890304961310886e-01 2.068730086481565811e-01 2.667273554847519601e-01 2.311106053709603980e-01 0.000000000000000000e+00
3.325000000000000000e+04 1.330009887484844278e-01 3.014337733272644537e-01 2.134729176149294527e-01 2.738962221210741732e-01 2.111970869367319203e-01 0.000000000000000000e+00
3.350000000000000000e+04 1.340009961826835738e-01 2.930131998179335562e-01 2.119936276741010428e-01 2.795857988165680319e-01 2.154073736913973691e-01 0.000000000000000000e+00
3.375000000000000000e+04 1.350010036168827199e-01 2.876649977241693135e-01 1.841147018661811463e-01 3.024578971324533572e-01 2.257624032771961831e-01 0.000000000000000000e+00
3.400000000000000000e+04 1.360010110510818659e-01 2.872098315885298070e-01 1.808147473827947105e-01 3.125853436504323901e-01 2.193900773782430647e-01 0.000000000000000000e+00
3.425000000000000000e+04 1.370010184852807900e-01 2.801547564861174289e-01 1.644287664997724219e-01 3.344333181611288119e-01 2.209831588529813373e-01 0.000000000000000000e+00
3.450000000000000000e+04 1.380010259194799360e-01 2.737824305871643382e-01 1.607874374146563423e-01 3.728948566226672479e-01 1.925352753755120716e-01 0.000000000000000000e+00
3.475000000000000000e+04 1.390010333536790821e-01 2.785616750113791285e-01 1.554392353208921274e-01 4.078288575329995225e-01 1.581702321347291662e-01 0.000000000000000000e+00
3.500000000000000000e+04 1.400010407878782281e-01 2.724169321802457633e-01 1.638598088302230249e-01 4.313837050523440797e-01 1.323395539371870766e-01 0.000000000000000000e+00
3.525000000000000000e+04 1.410010482220773742e-01 2.726445152480655443e-01 1.517979062357760478e-01 4.352526172052799125e-01 1.403049613108784677e-01 0.000000000000000000e+00
3.550000000000000000e+04 1.420010556562765203e-01 2.537551206190259423e-01 1.593081474738279601e-01 4.483386436049158208e-01 1.385980883022303045e-01 0.000000000000000000e+00
3.575000000000000000e+04 1.430010630904756663e-01 2.639963586709148657e-01 1.533909877105143482e-01 4.531178880291306110e-01 1.294947655894401473e-01 0.000000000000000000e+00
3.600000000000000000e+04 1.440010705246748124e-01 2.620619025944469493e-01 1.517979062357760478e-01 4.519799726900318726e-01 1.341602184797451025e-01 0.000000000000000000e+00
3.625000000000000000e+04 1.450010779588739585e-01 2.583067819754210070e-01 1.464497041420118328e-01 4.602867546654528796e-01 1.349567592171142527e-01 0.000000000000000000e+00
3.650000000000000000e+04 1.460010853930731045e-01 2.626308602639963463e-01 1.355257168866636219e-01 4.704142011834319681e-01 1.314292216659080637e-01 0.000000000000000000e+00
3.675000000000000000e+04 1.470010928272722506e-01 2.494310423304506030e-01 1.334774692762858428e-01 4.852071005917159563e-01 1.318843878015475701e-01 0.000000000000000000e+00
3.700000000000000000e+04 1.480011002614713966e-01 2.468138370505234547e-01 1.307464724624488039e-01 5.086481565771506785e-01 1.137915339098771045e-01 0.000000000000000000e+00
3.725000000000000000e+04 1.490011076956705427e-01 2.520482476103778069e-01 1.273327264451524776e-01 5.119481110605370588e-01 1.086709148839326289e-01 0.000000000000000000e+00
3.750000000000000000e+04 1.500011151298696888e-01 2.495448338643604935e-01 1.315430131998179264e-01 5.230996813837051063e-01 9.581247155211652933e-02 0.000000000000000000e+00
3.775000000000000000e+04 1.510011225640688348e-01 2.437414656349567721e-01 1.331360946745562268e-01 5.324305871643150168e-01 9.069185252617205373e-02 0.000000000000000000e+00
3.800000000000000000e+04 1.520011299982677588e-01 2.371415566681839004e-01 1.426945835229858905e-01 5.644060081929904715e-01 5.575785161583977911e-02 0.000000000000000000e+00
3.825000000000000000e+04 1.530011374324669049e-01 2.210969503868912278e-01 1.502048247610377751e-01 5.851160673645880994e-01 4.358215748748293233e-02 0.000000000000000000e+00
3.850000000000000000e+04 1.540011448666660510e-01 2.197314519799726806e-01 1.537323623122439642e-01 5.824988620846609511e-01 4.403732362312243881e-02 0.000000000000000000e+00
3.875000000000000000e+04 1.550011523008651970e-01 2.215521165225307343e-01 1.484979517523896120e-01 5.828402366863905115e-01 4.710969503868912139e-02 0.000000000000000000e+00
3.900000000000000000e+04 1.560011597350643431e-01 2.204142011834319403e-01 1.525944469731451980e-01 5.804506144742831442e-01 4.654073736913973830e-02 0.000000000000000000e+00
3.925000000000000000e+04 1.570011671692634891e-01 2.177969959035047920e-01 1.563495675921711403e-01 5.859126081019572219e-01 3.994082840236686666e-02 0.000000000000000000e+00
3.950000000000000000e+04 1.580011746034626352e-01 2.197314519799726806e-01 1.577150659990896597e-01 5.801092398725534727e-01 4.244424214838415921e-02 0.000000000000000000e+00
3.975000000000000000e+04 1.590011820376617813e-01 2.142694583522985752e-01 1.606736458807464796e-01 5.857988165680473314e-01 3.925807919890760000e-02 0.000000000000000000e+00
4.000000000000000000e+04 1.600011894718609273e-01 2.162039144287664916e-01 1.581702321347291662e-01 5.864815657715065633e-01 3.914428766499772339e-02 0.000000000000000000e+00
4.025000000000000000e+04 1.610011969060600734e-01 2.135867091488393155e-01 1.562357760582612776e-01 5.872781065088756858e-01 4.289940828402366568e-02 0.000000000000000000e+00
4.050000000000000000e+04 1.620012043402592194e-01 2.148384160218479721e-01 1.581702321347291662e-01 5.864815657715065633e-01 4.050978607191624975e-02 0.000000000000000000e+00
4.075000000000000000e+04 1.630012117744583655e-01 2.144970414201183562e-01 1.587391898042785632e-01 5.909194355939918486e-01 3.584433318161128756e-02 0.000000000000000000e+00
4.100000000000000000e+04 1.640012192086575116e-01 2.121074192080109333e-01 1.647701411015020379e-01 5.823850705507510606e-01 4.073736913973600299e-02 0.000000000000000000e+00
4.125000000000000000e+04 1.650012266428566576e-01 2.090350477924442507e-01 1.708010923987255403e-01 5.806781975421028141e-01 3.948566226672735324e-02 0.000000000000000000e+00
4.150000000000000000e+04 1.660012340770555817e-01 2.134729176149294527e-01 1.705735093309057870e-01 5.807919890760127046e-01 3.516158397815202785e-02 0.000000000000000000e+00
4.175000000000000000e+04 1.670012415112547277e-01 2.113108784706417831e-01 1.714838416021848000e-01 5.827264451524806210e-01 3.447883477469276120e-02 0.000000000000000000e+00
4.200000000000000000e+04 1.680012489454538738e-01 2.152935821574874786e-01 1.655666818388711881e-01 5.781747837960855563e-01 4.096495220755575623e-02 0.000000000000000000e+00
4.225000000000000000e+04 1.690012563796530198e-01 2.164314974965862448e-01 1.660218479745106945e-01 5.809057806099225951e-01 3.664087391898043083e-02 0.000000000000000000e+00
4.250000000000000000e+04 1.700012638138521659e-01 2.098315885298133732e-01 1.700045516613563901e-01 5.820436959490213891e-01 3.812016385980882688e-02 0.000000000000000000e+00
4.275000000000000000e+04 1.710012712480513120e-01 2.073281747837960876e-01 1.741010468821119761e-01 5.814747382794720476e-01 3.709604005461993731e-02 0.000000000000000000e+00
4.300000000000000000e+04 1.720012786822504580e-01 2.060764679107874309e-01 1.720527992717341692e-01 5.807919890760127046e-01 4.107874374146563284e-02 0.000000000000000000e+00
4.325000000000000000e+04 1.730012861164496041e-01 2.038006372325898985e-01 1.705735093309057870e-01 5.840919435593991960e-01 4.153390987710514626e-02 0.000000000000000000e+00
4.350000000000000000e+04 1.740012935506487501e-01 2.131315430131998090e-01 1.646563495675921751e-01 5.905780609922621771e-01 3.163404642694583185e-02 0.000000000000000000e+00
4.375000000000000000e+04 1.750013009848478962e-01 2.124487938097405493e-01 1.628356850250341492e-01 5.974055530268548297e-01 2.730996813837050646e-02 0.000000000000000000e+00
4.400000000000000000e+04 1.760013084190470423e-01 1.965179790623577671e-01 1.654528903049612976e-01 6.073054164770140817e-01 3.072371415566681890e-02 0.000000000000000000e+00
4.425000000000000000e+04 1.770013158532461883e-01 2.073281747837960876e-01 1.648839326354119283e-01 6.040054619936277014e-01 2.378243058716431393e-02 0.000000000000000000e+00
4.450000000000000000e+04 1.780013232874453344e-01 2.009558488848429691e-01 1.686390532544378706e-01 6.139053254437869533e-01 1.649977241693217911e-02 0.000000000000000000e+00
4.475000000000000000e+04 1.790013307216444804e-01 1.932180245789713313e-01 1.718252162039144160e-01 6.182294037323623481e-01 1.672735548475193582e-02 0.000000000000000000e+00
4.500000000000000000e+04 1.800013381558434045e-01 1.967455621301775204e-01 1.690942193900773771e-01 6.143604915794265153e-01 1.979972690031861493e-02 0.000000000000000000e+00
4.525000000000000000e+04 1.810013455900425505e-01 1.952662721893491105e-01 1.689804278561675144e-01 6.183431952662722386e-01 1.741010468821119553e-02 0.000000000000000000e+00
4.550000000000000000e+04 1.820013530242416966e-01 2.005006827492034627e-01 1.679563040509786109e-01 6.176604460628128956e-01 1.388256713700500647e-02 0.000000000000000000e+00
4.575000000000000000e+04 1.830013604584408426e-01 2.009558488848429691e-01 1.682976786527082269e-01 6.129949931725079404e-01 1.775147928994082885e-02 0.000000000000000000e+00
4.600000000000000000e+04 1.840013678926399887e-01 2.001593081474738189e-01 1.662494310423304478e-01 6.134501593081475024e-01 2.014110150204824826e-02 0.000000000000000000e+00
4.625000000000000000e+04 1.850013753268391348e-01 2.009558488848429691e-01 1.680700955848884737e-01 6.109467455621301335e-01 2.002730996813837164e-02 0.000000000000000000e+00
4.650000000000000000e+04 1.860013827610382808e-01 2.039144287664997612e-01 1.678425125170687204e-01 6.120846609012289274e-01 1.615839781520254925e-02 0.000000000000000000e+00
4.675000000000000000e+04 1.870013901952374269e-01 2.074419663177059503e-01 1.680700955848884737e-01 6.084433318161128756e-01 1.604460628129267263e-02 0.000000000000000000e+00
4.700000000000000000e+04 1.880013976294365730e-01 2.033454710969503920e-01 1.686390532544378706e-01 6.118570778334091465e-01 1.615839781520254925e-02 0.000000000000000000e+00
4.725000000000000000e+04 1.890014050636357190e-01 2.045971779699590487e-01 1.671597633136094607e-01 6.091260810195721076e-01 1.911697769685935522e-02 0.000000000000000000e+00
4.750000000000000000e+04 1.900014124978348651e-01 2.023213472917614886e-01 1.693218024578971304e-01 6.119708693673190369e-01 1.638598088302230249e-02 0.000000000000000000e+00
4.775000000000000000e+04 1.910014199320340111e-01 2.055075102412380617e-01 1.669321802457897075e-01 6.044606281292671524e-01 2.309968138370505075e-02 0.000000000000000000e+00
4.800000000000000000e+04 1.920014273662331572e-01 2.024351388256713791e-01 1.671597633136094607e-01 6.070778334091943007e-01 2.332726445152480746e-02 0.000000000000000000e+00
4.825000000000000000e+04 1.930014348004323033e-01 2.110832954028220299e-01 1.657942649066909413e-01 6.051433773327264953e-01 1.797906235776058209e-02 0.000000000000000000e+00
4.850000000000000000e+04 1.940014422346314493e-01 2.132453345471096995e-01 1.664770141101502010e-01 6.028675466545289074e-01 1.741010468821119553e-02 0.000000000000000000e+00
4.875000000000000000e+04 1.950014496688303733e-01 2.131315430131998090e-01 1.665908056440600915e-01 6.032089212562585789e-01 1.706873008648156567e-02 0.000000000000000000e+00
4.900000000000000000e+04 1.960014571030295194e-01 2.138142922166590687e-01 1.673873463814292140e-01 6.010468821119708815e-01 1.775147928994082885e-02 0.000000000000000000e+00
4.925000000000000000e+04 1.970014645372286655e-01 2.160901228948566288e-01 1.645425580336822846e-01 5.974055530268548297e-01 2.196176604460628110e-02 0.000000000000000000e+00
4.950000000000000000e+04 1.980014719714278115e-01 2.171142467000455045e-01 1.653390987710514348e-01 5.947883477469276814e-01 2.275830678197542090e-02 0.000000000000000000e+00
4.975000000000000000e+04 1.990014794056269576e-01 2.192762858443331742e-01 1.642011834319526686e-01 5.929676832043695445e-01 2.355484751934456070e-02 0.000000000000000000e+00
5.000000000000000000e+04 2.000014868398261036e-01 2.228038233955393632e-01 1.649977241693217911e-01 5.886436049157942607e-01 2.355484751934456070e-02 0.000000000000000000e+00
5.025000000000000000e+04 2.010014942740252497e-01 2.225762403277196100e-01 1.669321802457897075e-01 5.863677742375966728e-01 2.412380518889394726e-02 0.000000000000000000e+00
5.050000000000000000e+04 2.020015017082243958e-01 2.205279927173418308e-01 1.681838871187983642e-01 5.893263541192534927e-01 2.196176604460628110e-02 0.000000000000000000e+00
5.075000000000000000e+04 2.030015091424235418e-01 2.225762403277196100e-01 1.663632225762403383e-01 5.872781065088756858e-01 2.378243058716431393e-02 0.000000000000000000e+00
5.100000000000000000e+04 2.040015165766226879e-01 2.303140646335912478e-01 1.657942649066909413e-01 5.791989076012744597e-01 2.469276285844333035e-02 0.000000000000000000e+00
5.125000000000000000e+04 2.050015240108218340e-01 2.249658625398270329e-01 1.669321802457897075e-01 5.869367319071461253e-01 2.116522530723714129e-02 0.000000000000000000e+00
5.150000000000000000e+04 2.060015314450209800e-01 2.302002730996813851e-01 1.664770141101502010e-01 5.786299499317251183e-01 2.469276285844333035e-02 0.000000000000000000e+00
5.175000000000000000e+04 2.070015388792201261e-01 2.327036868456986707e-01 1.645425580336822846e-01 5.787437414656350088e-01 2.401001365498407064e-02 0.000000000000000000e+00
5.200000000000000000e+04 2.080015463134192721e-01 2.378243058716431602e-01 1.647701411015020379e-01 5.727127901684114786e-01 2.469276285844333035e-02 0.000000000000000000e+00
5.225000000000000000e+04 2.090015537476181962e-01 2.419208010923987184e-01 1.679563040509786109e-01 5.681611288120164138e-01 2.196176604460628110e-02 0.000000000000000000e+00
5.250000000000000000e+04 2.100015611818173422e-01 2.374829312699135164e-01 1.679563040509786109e-01 5.706645425580336717e-01 2.389622212107419055e-02 0.000000000000000000e+00
5.275000000000000000e+04 2.110015686160164883e-01 2.429449248975876219e-01 1.651115157032316816e-01 5.669094219390077294e-01 2.503413746017296368e-02 0.000000000000000000e+00
5.300000000000000000e+04 2.120015760502156343e-01 2.368001820664542567e-01 1.667045971779699542e-01 5.707783340919435622e-01 2.571688666363222686e-02 0.000000000000000000e+00
5.325000000000000000e+04 2.130015834844147804e-01 2.428311333636777314e-01 1.671597633136094607e-01 5.674783796085570708e-01 2.253072371415566766e-02 0.000000000000000000e+00
5.350000000000000000e+04 2.140015909186139265e-01 2.462448793809740577e-01 1.659080564406008318e-01 5.644060081929904715e-01 2.344105598543468408e-02 0.000000000000000000e+00
5.375000000000000000e+04 2.150015983528130725e-01 2.482931269913518368e-01 1.639736003641329154e-01 5.637232589895311285e-01 2.401001365498407064e-02 0.000000000000000000e+00
5.400000000000000000e+04 2.160016057870122186e-01 2.556895766954938587e-01 1.661356395084205850e-01 5.551888939462903405e-01 2.298588984979517413e-02 0.000000000000000000e+00
5.425000000000000000e+04 2.170016132212113646e-01 2.553482020937642427e-01 1.635184342284934089e-01 5.542785616750113276e-01 2.685480200273099652e-02 0.000000000000000000e+00
5.450000000000000000e+04 2.180016206554105107e-01 2.511379153390987939e-01 1.582840236686390567e-01 5.673645880746472914e-01 2.321347291761493084e-02 0.000000000000000000e+00
5.475000000000000000e+04 2.190016280896096568e-01 2.444242148384160318e-01 1.640873918980427781e-01 5.706645425580336717e-01 2.082385070550751144e-02 0.000000000000000000e+00
5.500000000000000000e+04 2.200016355238088028e-01 2.435138825671370189e-01 1.665908056440600915e-01 5.695266272189348777e-01 2.036868456986800149e-02 0.000000000000000000e+00
5.525000000000000000e+04 2.210016429580079489e-01 2.229176149294492537e-01 1.733045061447428259e-01 5.873918980427855763e-01 1.638598088302230249e-02 0.000000000000000000e+00
5.550000000000000000e+04 2.220016503922070950e-01 2.212107419208010906e-01 1.807009558488848477e-01 5.820436959490213891e-01 1.604460628129267263e-02 0.000000000000000000e+00
5.575000000000000000e+04 2.230016578264062410e-01 2.159763313609467383e-01 1.880974055530268418e-01 5.794264906690942407e-01 1.649977241693217911e-02 0.000000000000000000e+00
5.600000000000000000e+04 2.240016652606051650e-01 2.167728720983158885e-01 1.993627674101046965e-01 5.658852981338188259e-01 1.797906235776058209e-02 0.000000000000000000e+00
5.625000000000000000e+04 2.250016726948043111e-01 1.928766499772416876e-01 2.322485207100591642e-01 5.560992262175694645e-01 1.877560309512972189e-02 0.000000000000000000e+00
5.650000000000000000e+04 2.260016801290034572e-01 1.338188438780154865e-01 2.716203914428766408e-01 5.810195721438324856e-01 1.354119253527537488e-02 0.000000000000000000e+00
5.675000000000000000e+04 2.270016875632026032e-01 2.401001365498407064e-02 3.210059171597632877e-01 6.546426945835229771e-01 3.413746017296313199e-04 0.000000000000000000e+00
