# itime ezz other fcc hcp bcc ico
0.000000000000000000e+00 0.000000000000000000e+00 4.551661356395084266e-04 9.995448338643604380e-01 0.000000000000000000e+00 0.000000000000000000e+00 0.000000000000000000e+00
3.000000000000000000e+00 1.200010315636435010e-03 2.275830678197542133e-04 9.997724169321802190e-01 0.000000000000000000e+00 0.000000000000000000e+00 0.000000000000000000e+00
6.000000000000000000e+00 2.400020631272647975e-03 3.413746017296313199e-04 9.996586253982703285e-01 0.000000000000000000e+00 0.000000000000000000e+00 0.000000000000000000e+00
9.000000000000000000e+00 3.600030946909082985e-03 3.413746017296313199e-04 9.996586253982703285e-01 0.000000000000000000e+00 0.000000000000000000e+00 0.000000000000000000e+00
1.200000000000000000e+01 4.800041262545295950e-03 3.413746017296313199e-04 9.996586253982703285e-01 0.000000000000000000e+00 0.000000000000000000e+00 0.000000000000000000e+00
1.500000000000000000e+01 6.000051578181730960e-03 1.137915339098771066e-04 9.998862084660901095e-01 0.000000000000000000e+00 0.000000000000000000e+00 0.000000000000000000e+00
1.800000000000000000e+01 7.200061893817943925e-03 6.827492034592626399e-04 9.993172507965407680e-01 0.000000000000000000e+00 0.000000000000000000e+00 0.000000000000000000e+00
2.100000000000000000e+01 8.400072209454378935e-03 5.689576695493854790e-04 9.994310423304506585e-01 0.000000000000000000e+00 0.000000000000000000e+00 0.000000000000000000e+00
2.400000000000000000e+01 9.600082525090591901e-03 9.103322712790168532e-04 9.990896677287209870e-01 0.000000000000000000e+00 0.000000000000000000e+00 0.000000000000000000e+00
2.700000000000000000e+01 1.080009284072702691e-02 4.551661356395084266e-04 9.995448338643604380e-01 0.000000000000000000e+00 0.000000000000000000e+00 0.000000000000000000e+00
3.000000000000000000e+01 1.200010315636323988e-02 5.689576695493854790e-04 9.994310423304506585e-01 0.000000000000000000e+00 0.000000000000000000e+00 0.000000000000000000e+00
3.300000000000000000e+01 1.320011347199967489e-02 4.551661356395084266e-04 9.995448338643604380e-01 0.000000000000000000e+00 0.000000000000000000e+00 0.000000000000000000e+00
3.600000000000000000e+01 1.440012378763588785e-02 9.103322712790168532e-04 9.990896677287209870e-01 0.000000000000000000e+00 0.000000000000000000e+00 0.000000000000000000e+00
3.900000000000000000e+01 1.560013410327232286e-02 1.479289940828402332e-03 9.985207100591716456e-01 0.000000000000000000e+00 0.000000000000000000e+00 0.000000000000000000e+00
4.200000000000000000e+01 1.680014441890853583e-02 1.593081474738279385e-03 9.984069185252617551e-01 0.000000000000000000e+00 0.000000000000000000e+00 0.000000000000000000e+00
4.500000000000000000e+01 1.800015473454497084e-02 2.048247610377787811e-03 9.979517523896221931e-01 0.000000000000000000e+00 0.000000000000000000e+00 0.000000000000000000e+00
4.800000000000000000e+01 1.920016505018118380e-02 2.389622212107419402e-03 9.974965862539827421e-01 0.000000000000000000e+00 1.137915339098771066e-04 0.000000000000000000e+00
5.100000000000000000e+01 2.040017536581761881e-02 3.072371415566681717e-03 9.968138370505233992e-01 0.000000000000000000e+00 1.137915339098771066e-04 0.000000000000000000e+00
5.400000000000000000e+01 2.160018568145383178e-02 2.389622212107419402e-03 9.976103777878926326e-01 0.000000000000000000e+00 0.000000000000000000e+00 0.000000000000000000e+00
5.700000000000000000e+01 2.280019599709026679e-02 1.820664542558033706e-03 9.981793354574419741e-01 0.000000000000000000e+00 0.000000000000000000e+00 0.000000000000000000e+00
6.000000000000000000e+01 2.400020631272647975e-02 1.706873008648156654e-03 9.982931269913518646e-01 0.000000000000000000e+00 0.000000000000000000e+00 0.000000000000000000e+00
6.300000000000000000e+01 2.520021662836291476e-02 1.479289940828402332e-03 9.985207100591716456e-01 0.000000000000000000e+00 0.000000000000000000e+00 0.000000000000000000e+00
6.600000000000000000e+01 2.640022694399934977e-02 1.024123805188893906e-03 9.989758761948110966e-01 0.000000000000000000e+00 0.000000000000000000e+00 0.000000000000000000e+00
6.900000000000000000e+01 2.760023725963556274e-02 1.593081474738279385e-03 9.982931269913518646e-01 0.000000000000000000e+00 1.137915339098771066e-04 0.000000000000000000e+00
7.200000000000000000e+01 2.880024757527199775e-02 2.275830678197541916e-03 9.976103777878926326e-01 0.000000000000000000e+00 1.137915339098771066e-04 0.000000000000000000e+00
7.500000000000000000e+01 3.000025789090821071e-02 2.503413746017296455e-03 9.973827947200728516e-01 0.000000000000000000e+00 1.137915339098771066e-04 0.000000000000000000e+00
7.800000000000000000e+01 3.120026820654464572e-02 1.934456076467910759e-03 9.978379608557123026e-01 0.000000000000000000e+00 2.275830678197542133e-04 0.000000000000000000e+00
8.100000000000000000e+01 3.240027852218085869e-02 2.162039144287664864e-03 9.976103777878926326e-01 0.000000000000000000e+00 2.275830678197542133e-04 0.000000000000000000e+00
8.400000000000000000e+01 3.360028883781729370e-02 2.844788347746927612e-03 9.971552116522530707e-01 0.000000000000000000e+00 0.000000000000000000e+00 0.000000000000000000e+00
8.700000000000000000e+01 3.480029915345350666e-02 4.893035958124715423e-03 9.948793809740554828e-01 0.000000000000000000e+00 2.275830678197542133e-04 0.000000000000000000e+00
9.000000000000000000e+01 3.600030946908994167e-02 5.689576695493855224e-03 9.940828402366863603e-01 0.000000000000000000e+00 2.275830678197542133e-04 0.000000000000000000e+00
9.300000000000000000e+01 3.720031978472615464e-02 5.234410559854347014e-03 9.946517979062358128e-01 0.000000000000000000e+00 1.137915339098771066e-04 0.000000000000000000e+00
9.600000000000000000e+01 3.840033010036258965e-02 5.348202093764223633e-03 9.946517979062358128e-01 0.000000000000000000e+00 0.000000000000000000e+00 0.000000000000000000e+00
9.900000000000000000e+01 3.960034041599880261e-02 6.827492034592626616e-03 9.931725079654073474e-01 0.000000000000000000e+00 0.000000000000000000e+00 0.000000000000000000e+00
1.020000000000000000e+02 4.080035073163523762e-02 5.689576695493855224e-03 9.943104233045061413e-01 0.000000000000000000e+00 0.000000000000000000e+00 0.000000000000000000e+00
1.050000000000000000e+02 4.200036104727145059e-02 6.713700500682749130e-03 9.932862994993172379e-01 0.000000000000000000e+00 0.000000000000000000e+00 0.000000000000000000e+00
1.080000000000000000e+02 4.320037136290788560e-02 7.168866636322257339e-03 9.928311333636777869e-01 0.000000000000000000e+00 0.000000000000000000e+00 0.000000000000000000e+00
1.110000000000000000e+02 4.440038167854409856e-02 7.624032771961766417e-03 9.923759672280382249e-01 0.000000000000000000e+00 0.000000000000000000e+00 0.000000000000000000e+00
1.140000000000000000e+02 4.560039199418053357e-02 8.648156577150659455e-03 9.913518434228493215e-01 0.000000000000000000e+00 0.000000000000000000e+00 0.000000000000000000e+00
1.170000000000000000e+02 4.680040230981674654e-02 7.510241238051888930e-03 9.923759672280382249e-01 0.000000000000000000e+00 1.137915339098771066e-04 0.000000000000000000e+00
1.200000000000000000e+02 4.800041262545318155e-02 7.737824305871643035e-03 9.919208010923987739e-01 0.000000000000000000e+00 3.413746017296313199e-04 0.000000000000000000e+00
1.230000000000000000e+02 4.920042294108939451e-02 9.103322712790167665e-03 9.903277196176604180e-01 0.000000000000000000e+00 5.689576695493854790e-04 0.000000000000000000e+00
1.260000000000000000e+02 5.040043325672582952e-02 1.274465179790623508e-02 9.868001820664542567e-01 0.000000000000000000e+00 4.551661356395084266e-04 0.000000000000000000e+00
1.290000000000000000e+02 5.160044357236204249e-02 1.217569412835685025e-02 9.872553482020938187e-01 0.000000000000000000e+00 5.689576695493854790e-04 0.000000000000000000e+00
1.320000000000000000e+02 5.280045388799847750e-02 1.081019572143832562e-02 9.890760127446518446e-01 0.000000000000000000e+00 1.137915339098771066e-04 0.000000000000000000e+00
1.350000000000000000e+02 5.400046420363491251e-02 9.558488848429677609e-03 9.899863450159308575e-01 0.000000000000000000e+00 4.551661356395084266e-04 0.000000000000000000e+00
1.380000000000000000e+02 5.520047451927112547e-02 1.115157032316795548e-02 9.885070550751023921e-01 0.000000000000000000e+00 3.413746017296313199e-04 0.000000000000000000e+00
1.410000000000000000e+02 5.640048483490756048e-02 1.149294492489758707e-02 9.883932635411925016e-01 0.000000000000000000e+00 1.137915339098771066e-04 0.000000000000000000e+00
1.440000000000000000e+02 5.760049515054377345e-02 1.331360946745562164e-02 9.862312243969049153e-01 0.000000000000000000e+00 4.551661356395084266e-04 0.000000000000000000e+00
1.470000000000000000e+02 5.880050546618020846e-02 1.502048247610377786e-02 9.846381429221665593e-01 0.000000000000000000e+00 3.413746017296313199e-04 0.000000000000000000e+00
1.500000000000000000e+02 6.000051578181642142e-02 1.661356395084205573e-02 9.827036868456986429e-01 0.000000000000000000e+00 6.827492034592626399e-04 0.000000000000000000e+00
1.530000000000000000e+02 6.120052609745285643e-02 2.014110150204824826e-02 9.794037323623122626e-01 0.000000000000000000e+00 4.551661356395084266e-04 0.000000000000000000e+00
1.560000000000000000e+02 6.240053641308906940e-02 2.184797451069640448e-02 9.772416932180245652e-01 0.000000000000000000e+00 9.103322712790168532e-04 0.000000000000000000e+00
1.590000000000000000e+02 6.360054672872550441e-02 2.275830678197542090e-02 9.763313609467455523e-01 0.000000000000000000e+00 9.103322712790168532e-04 0.000000000000000000e+00
1.620000000000000000e+02 6.480055704436171737e-02 2.617205279927173334e-02 9.729176149294492815e-01 0.000000000000000000e+00 9.103322712790168532e-04 0.000000000000000000e+00
1.650000000000000000e+02 6.600056735999815238e-02 2.799271734182976618e-02 9.706417842512516936e-01 0.000000000000000000e+00 1.365498406918525280e-03 0.000000000000000000e+00
1.680000000000000000e+02 6.720057767563436535e-02 2.935821574874829254e-02 9.692762858443332297e-01 0.000000000000000000e+00 1.365498406918525280e-03 0.000000000000000000e+00
1.710000000000000000e+02 6.840058799127080036e-02 2.674101046882111990e-02 9.720072826581702685e-01 0.000000000000000000e+00 1.251706873008648227e-03 0.000000000000000000e+00
1.740000000000000000e+02 6.960059830690701332e-02 2.548930359581247015e-02 9.731451979972689514e-01 0.000000000000000000e+00 1.365498406918525280e-03 0.000000000000000000e+00
1.770000000000000000e+02 7.080060862254344833e-02 2.696859353664087314e-02 9.720072826581702685e-01 0.000000000000000000e+00 1.024123805188893906e-03 0.000000000000000000e+00
1.800000000000000000e+02 7.200061893817966130e-02 3.060992262175694228e-02 9.674556213017750927e-01 0.000000000000000000e+00 1.934456076467910759e-03 0.000000000000000000e+00
1.830000000000000000e+02 7.320062925381609631e-02 3.322712790168411146e-02 9.649522075557578349e-01 0.000000000000000000e+00 1.820664542558033706e-03 0.000000000000000000e+00
1.860000000000000000e+02 7.440063956945230927e-02 3.675466545289030745e-02 9.621074192080109055e-01 0.000000000000000000e+00 1.137915339098770958e-03 0.000000000000000000e+00
1.890000000000000000e+02 7.560064988508874428e-02 4.062357760582612637e-02 9.583522985889849632e-01 0.000000000000000000e+00 1.024123805188893906e-03 0.000000000000000000e+00
1.920000000000000000e+02 7.680066020072495725e-02 4.198907601274465273e-02 9.569868001820664993e-01 0.000000000000000000e+00 1.024123805188893906e-03 0.000000000000000000e+00
1.950000000000000000e+02 7.800067051636139226e-02 4.984069185252617412e-02 9.486800182066453813e-01 0.000000000000000000e+00 1.479289940828402332e-03 0.000000000000000000e+00
1.980000000000000000e+02 7.920068083199782727e-02 5.484751934456076616e-02 9.432180245789713036e-01 0.000000000000000000e+00 1.934456076467910759e-03 0.000000000000000000e+00
2.010000000000000000e+02 8.040069114763404023e-02 5.541647701411014926e-02 9.426490669094219621e-01 0.000000000000000000e+00 1.934456076467910759e-03 0.000000000000000000e+00
2.040000000000000000e+02 8.160070146327047524e-02 5.689576695493855224e-02 9.413973600364132777e-01 0.000000000000000000e+00 1.706873008648156654e-03 0.000000000000000000e+00
2.070000000000000000e+02 8.280071177890668821e-02 6.577150659990896320e-02 9.320664542558033672e-01 0.000000000000000000e+00 2.162039144287664864e-03 0.000000000000000000e+00
2.100000000000000000e+02 8.400072209454312322e-02 7.316795630405098505e-02 9.246700045516613731e-01 0.000000000000000000e+00 2.162039144287664864e-03 0.000000000000000000e+00
2.130000000000000000e+02 8.520073241017933618e-02 7.783340919435594030e-02 9.197769685935366368e-01 0.000000000000000000e+00 2.389622212107419402e-03 0.000000000000000000e+00
2.160000000000000000e+02 8.640074272581577119e-02 8.158852981338188259e-02 9.149977241693217911e-01 0.000000000000000000e+00 3.413746017296313308e-03 0.000000000000000000e+00
2.190000000000000000e+02 8.760075304145198416e-02 8.249886208466089554e-02 9.142011834319526686e-01 0.000000000000000000e+00 3.299954483386436255e-03 0.000000000000000000e+00
2.220000000000000000e+02 8.880076335708841917e-02 8.648156577150660496e-02 9.098771051433773849e-01 0.000000000000000000e+00 3.641329085116067413e-03 0.000000000000000000e+00
2.250000000000000000e+02 9.000077367272463214e-02 8.864360491579426071e-02 9.079426490669094685e-01 0.000000000000000000e+00 3.413746017296313308e-03 0.000000000000000000e+00
2.280000000000000000e+02 9.120078398836106714e-02 8.978152025489304078e-02 9.053254437869822091e-01 0.000000000000000000e+00 4.893035958124715423e-03 0.000000000000000000e+00
2.310000000000000000e+02 9.240079430399728011e-02 9.319526627218935322e-02 9.012289485662267063e-01 0.000000000000000000e+00 5.575785161583977738e-03 0.000000000000000000e+00
2.340000000000000000e+02 9.360080461963371512e-02 9.717796995903504875e-02 8.967910787437414211e-01 0.000000000000000000e+00 6.030951297223486815e-03 0.000000000000000000e+00
2.370000000000000000e+02 9.480081493526992809e-02 1.065088757396449731e-01 8.878015475648611821e-01 0.000000000000000000e+00 5.689576695493855224e-03 0.000000000000000000e+00
2.400000000000000000e+02 9.600082525090636310e-02 1.145880746472462408e-01 8.785844333181611621e-01 0.000000000000000000e+00 6.827492034592626616e-03 0.000000000000000000e+00
2.430000000000000000e+02 9.720083556654257606e-02 1.227810650887573990e-01 8.690259444697314706e-01 0.000000000000000000e+00 8.192990441511151245e-03 0.000000000000000000e+00
2.460000000000000000e+02 9.840084588217901107e-02 1.333636777423759801e-01 8.582157487482930946e-01 0.000000000000000000e+00 8.420573509330906217e-03 0.000000000000000000e+00
2.490000000000000000e+02 9.960085619781522404e-02 1.425807919890760000e-01 8.488848429676831842e-01 0.000000000000000000e+00 8.534365043240782836e-03 0.000000000000000000e+00
2.520000000000000000e+02 1.008008665134516590e-01 1.428083750568957533e-01 8.478607191624942807e-01 0.000000000000000000e+00 9.330905780609922637e-03 0.000000000000000000e+00
2.550000000000000000e+02 1.020008768290878720e-01 1.512289485662266786e-01 8.381884387801548097e-01 0.000000000000000000e+00 1.058261265361857065e-02 0.000000000000000000e+00
2.580000000000000000e+02 1.032008871447243070e-01 1.647701411015020379e-01 8.238507055075102725e-01 0.000000000000000000e+00 1.137915339098771045e-02 0.000000000000000000e+00
2.610000000000000000e+02 1.044008974603607420e-01 1.713700500682749095e-01 8.166818388711879484e-01 0.000000000000000000e+00 1.194811106053709528e-02 0.000000000000000000e+00
2.640000000000000000e+02 1.056009077759969550e-01 1.784251251706872876e-01 8.093991807009558448e-01 0.000000000000000000e+00 1.217569412835685025e-02 0.000000000000000000e+00
2.670000000000000000e+02 1.068009180916333900e-01 1.847974510696404060e-01 8.033682294037323146e-01 0.000000000000000000e+00 1.183431952662721866e-02 0.000000000000000000e+00
2.700000000000000000e+02 1.080009284072696030e-01 2.027765134274009950e-01 7.834547109695039202e-01 0.000000000000000000e+00 1.376877560309512985e-02 0.000000000000000000e+00
2.730000000000000000e+02 1.092009387229060380e-01 2.214383249886208438e-01 7.631998179335457433e-01 0.000000000000000000e+00 1.536185707783340945e-02 0.000000000000000000e+00
2.760000000000000000e+02 1.104009490385422509e-01 2.375967228038234069e-01 7.449931725079653733e-01 0.000000000000000000e+00 1.741010468821119553e-02 0.000000000000000000e+00
2.790000000000000000e+02 1.116009593541786860e-01 2.559171597633135842e-01 7.269003186162948937e-01 0.000000000000000000e+00 1.718252162039144229e-02 0.000000000000000000e+00
2.820000000000000000e+02 1.128009696698148989e-01 2.719617660446062568e-01 7.084660901228948537e-01 0.000000000000000000e+00 1.957214383249886169e-02 0.000000000000000000e+00
2.850000000000000000e+02 1.140009799854513339e-01 2.878925807919890945e-01 6.896904870277651423e-01 0.000000000000000000e+00 2.241693218024579104e-02 0.000000000000000000e+00
2.880000000000000000e+02 1.152009903010875469e-01 3.023441055985434667e-01 6.728493400091033472e-01 1.137915339098771066e-04 2.469276285844333035e-02 0.000000000000000000e+00
2.910000000000000000e+02 1.164010006167239819e-01 3.196404187528447682e-01 6.549840691852526486e-01 1.137915339098771066e-04 2.526172052799271692e-02 0.000000000000000000e+00
2.940000000000000000e+02 1.176010109323601949e-01 3.321574874829312796e-01 6.378015475648611821e-01 1.137915339098771066e-04 2.992717341829767910e-02 0.000000000000000000e+00
2.970000000000000000e+02 1.188010212479966299e-01 3.535502958579881394e-01 6.154984069185253093e-01 0.000000000000000000e+00 3.095129722348657214e-02 0.000000000000000000e+00
3.000000000000000000e+02 1.200010315636328428e-01 3.725534820209376319e-01 5.947883477469276814e-01 0.000000000000000000e+00 3.265817023213472836e-02 0.000000000000000000e+00
3.030000000000000000e+02 1.212010418792692779e-01 3.957669549385525731e-01 5.697542102867546587e-01 1.137915339098771066e-04 3.436504324078288458e-02 0.000000000000000000e+00
3.060000000000000000e+02 1.224010521949054908e-01 4.096495220755576039e-01 5.534820209376422051e-01 1.137915339098771066e-04 3.675466545289030745e-02 0.000000000000000000e+00
3.090000000000000000e+02 1.236010625105419258e-01 4.198907601274465273e-01 5.386891215293582169e-01 5.689576695493854790e-04 4.085116067364587961e-02 0.000000000000000000e+00
3.120000000000000000e+02 1.248010728261781388e-01 4.340009103322712836e-01 5.249203459262631322e-01 6.827492034592626399e-04 4.039599453800637313e-02 0.000000000000000000e+00
3.150000000000000000e+02 1.260010831418145738e-01 4.556213017751479244e-01 4.994310423304506030e-01 5.689576695493854790e-04 4.437869822485206867e-02 0.000000000000000000e+00
3.180000000000000000e+02 1.272010934574507868e-01 4.717796995903504875e-01 4.799726900318616041e-01 4.551661356395084266e-04 4.779244424214838111e-02 0.000000000000000000e+00
3.210000000000000000e+02 1.284011037730872218e-01 4.929449248975876219e-01 4.561902594446973214e-01 5.689576695493854790e-04 5.029585798816568060e-02 0.000000000000000000e+00
3.240000000000000000e+02 1.296011140887234347e-01 5.023896222121073674e-01 4.418525261720527841e-01 4.551661356395084266e-04 5.530268548020027264e-02 0.000000000000000000e+00
3.270000000000000000e+02 1.308011244043598698e-01 5.190031861629494925e-01 4.205735093309057593e-01 4.551661356395084266e-04 5.996813837050523482e-02 0.000000000000000000e+00
3.300000000000000000e+02 1.320011347199963048e-01 5.349340009103322746e-01 3.970186618115612021e-01 3.413746017296313199e-04 6.770596267637687959e-02 0.000000000000000000e+00
3.330000000000000000e+02 1.332011450356325177e-01 5.481338188438780179e-01 3.804050978607191880e-01 1.137915339098770958e-03 7.032316795630405570e-02 0.000000000000000000e+00
3.360000000000000000e+02 1.344011553512689527e-01 5.599681383705051863e-01 3.656121984524351443e-01 1.706873008648156654e-03 7.271279016841146470e-02 0.000000000000000000e+00
3.390000000000000000e+02 1.356011656669051657e-01 5.719162494310423561e-01 3.488848429676831842e-01 2.048247610377787811e-03 7.715065999089668058e-02 0.000000000000000000e+00
3.420000000000000000e+02 1.368011759825416007e-01 5.875056895766954668e-01 3.296540737369139662e-01 1.593081474738279385e-03 8.124715521165225274e-02 0.000000000000000000e+00
3.450000000000000000e+02 1.380011862981778137e-01 5.959262630860263643e-01 3.159990896677287164e-01 2.275830678197541916e-03 8.579881656804733137e-02 0.000000000000000000e+00
3.480000000000000000e+02 1.392011966138142487e-01 6.075329995448338627e-01 2.991579426490669213e-01 2.730996813837050560e-03 9.057806099226217711e-02 0.000000000000000000e+00
3.510000000000000000e+02 1.404012069294504617e-01 6.158397815202548697e-01 2.845926263086026586e-01 2.958579881656804664e-03 9.660901228948566566e-02 0.000000000000000000e+00
3.540000000000000000e+02 1.416012172450868967e-01 6.277878925807920396e-01 2.718479745106964218e-01 2.503413746017296455e-03 9.786071916249430847e-02 0.000000000000000000e+00
3.570000000000000000e+02 1.428012275607231096e-01 6.399635867091488795e-01 2.529585798816568198e-01 2.958579881656804664e-03 1.041192535275375503e-01 0.000000000000000000e+00
3.600000000000000000e+02 1.440012378763595446e-01 6.491807009558488994e-01 2.363450159308147502e-01 4.096495220755575623e-03 1.103777878925807920e-01 0.000000000000000000e+00
3.630000000000000000e+02 1.452012481919957576e-01 6.591943559399180419e-01 2.189349112426035582e-01 3.868912152935821518e-03 1.180018206645425533e-01 0.000000000000000000e+00
3.660000000000000000e+02 1.464012585076321926e-01 6.670459717796995980e-01 2.083522985889849910e-01 4.893035958124715423e-03 1.197086936731907164e-01 0.000000000000000000e+00
3.690000000000000000e+02 1.476012688232684056e-01 6.772872098315885214e-01 1.923076923076923184e-01 5.803368229403732710e-03 1.246017296313154249e-01 0.000000000000000000e+00
3.720000000000000000e+02 1.488012791389048406e-01 6.835457441966317216e-01 1.787664997724169313e-01 7.168866636322257339e-03 1.305188893946290507e-01 0.000000000000000000e+00
3.750000000000000000e+02 1.500012894545410536e-01 6.913973600364132777e-01 1.687528447883477334e-01 8.079198907601274626e-03 1.317705962676376796e-01 0.000000000000000000e+00
3.780000000000000000e+02 1.512012997701774886e-01 6.970869367319071364e-01 1.543013199817933612e-01 8.079198907601274626e-03 1.405325443786982209e-01 0.000000000000000000e+00
3.810000000000000000e+02 1.524013100858137015e-01 7.035730541647701175e-01 1.421256258534364936e-01 7.965407373691398007e-03 1.463359126081019701e-01 0.000000000000000000e+00
3.840000000000000000e+02 1.536013204014501365e-01 7.119936276741010150e-01 1.304050978607191602e-01 8.192990441511151245e-03 1.494082840236686527e-01 0.000000000000000000e+00
3.870000000000000000e+02 1.548013307170863495e-01 7.157487482931269573e-01 1.182294037323623065e-01 8.192990441511151245e-03 1.578288575329995502e-01 0.000000000000000000e+00
3.900000000000000000e+02 1.560013410327227845e-01 7.196176604460627901e-01 1.121984524351388318e-01 8.534365043240782836e-03 1.596495220755575761e-01 0.000000000000000000e+00
3.930000000000000000e+02 1.572013513483592195e-01 7.289485662266727006e-01 1.009330905780609910e-01 8.306781975421027864e-03 1.618115612198452458e-01 0.000000000000000000e+00
3.960000000000000000e+02 1.584013616639954325e-01 7.329312699135184239e-01 9.399180700955848955e-02 9.103322712790167665e-03 1.639736003641329154e-01 0.000000000000000000e+00
3.990000000000000000e+02 1.596013719796318675e-01 7.377105143377332697e-01 8.898497951752389057e-02 1.081019572143832562e-02 1.624943104233045055e-01 0.000000000000000000e+00
4.020000000000000000e+02 1.608013822952680805e-01 7.383932635411925016e-01 8.158852981338188259e-02 1.149294492489758707e-02 1.685252617205279801e-01 0.000000000000000000e+00
4.050000000000000000e+02 1.620013926109045155e-01 7.454483386436049352e-01 7.658170232134729749e-02 1.149294492489758707e-02 1.664770141101502010e-01 0.000000000000000000e+00
4.080000000000000000e+02 1.632014029265407284e-01 7.463586709148839482e-01 7.225762403277195822e-02 1.206190259444697363e-02 1.693218024578971304e-01 0.000000000000000000e+00
4.110000000000000000e+02 1.644014132421771635e-01 7.528447883477469293e-01 6.645425580336822291e-02 1.388256713700500647e-02 1.668183887118798447e-01 0.000000000000000000e+00
4.140000000000000000e+02 1.656014235578133764e-01 7.552344105598542967e-01 6.258534365043240399e-02 1.445152480655439303e-02 1.677287209831588577e-01 0.000000000000000000e+00
4.170000000000000000e+02 1.668014338734498114e-01 7.564861174328629811e-01 5.962676376877560497e-02 1.490669094219390124e-02 1.689804278561675144e-01 0.000000000000000000e+00
4.200000000000000000e+02 1.680014441890860244e-01 7.644515248065544277e-01 5.632680928538916915e-02 1.615839781520254925e-02 1.630632680928539024e-01 0.000000000000000000e+00
4.230000000000000000e+02 1.692014545047224594e-01 7.685480200273099305e-01 5.109239872553481693e-02 1.741010468821119553e-02 1.629494765589440120e-01 0.000000000000000000e+00
4.260000000000000000e+02 1.704014648203586724e-01 7.691169776968593830e-01 4.881656804733727761e-02 1.843422849340009204e-02 1.636322257624032717e-01 0.000000000000000000e+00
4.290000000000000000e+02 1.716014751359951074e-01 7.745789713245334607e-01 4.608557123350022489e-02 1.877560309512972189e-02 1.605598543468365891e-01 0.000000000000000000e+00
4.320000000000000000e+02 1.728014854516313203e-01 7.783340919435594030e-01 4.472007282658170546e-02 1.979972690031861493e-02 1.571461083295402905e-01 0.000000000000000000e+00
4.350000000000000000e+02 1.740014957672677554e-01 7.798133818843877574e-01 4.198907601274465273e-02 1.934456076467910846e-02 1.588529813381884259e-01 0.000000000000000000e+00
4.380000000000000000e+02 1.752015060829039683e-01 7.858443331816112876e-01 3.868912152935821691e-02 2.082385070550751144e-02 1.546426945835229771e-01 0.000000000000000000e+00
4.410000000000000000e+02 1.764015163985404033e-01 7.926718252162039402e-01 3.652708238507055422e-02 2.059626763768775473e-02 1.502048247610377751e-01 0.000000000000000000e+00
4.440000000000000000e+02 1.776015267141766163e-01 7.951752389622211981e-01 3.459262630860263782e-02 2.116522530723714129e-02 1.490669094219390090e-01 0.000000000000000000e+00
4.470000000000000000e+02 1.788015370298130513e-01 8.014337733272643982e-01 3.186162949476559203e-02 2.036868456986800149e-02 1.463359126081019701e-01 0.000000000000000000e+00
4.500000000000000000e+02 1.800015473454492643e-01 8.097405553026855163e-01 3.015475648611743234e-02 1.820664542558033533e-02 1.418980427856167403e-01 0.000000000000000000e+00
4.530000000000000000e+02 1.812015576610856993e-01 8.140646335912608000e-01 2.856167501137915274e-02 1.706873008648156567e-02 1.403049613108784677e-01 0.000000000000000000e+00
4.560000000000000000e+02 1.824015679767221343e-01 8.114474283113336517e-01 2.924442421483841592e-02 1.797906235776058209e-02 1.413290851160673711e-01 0.000000000000000000e+00
4.590000000000000000e+02 1.836015782923583473e-01 8.116750113791534327e-01 2.901684114701866268e-02 1.945835229858898507e-02 1.398497951752389612e-01 0.000000000000000000e+00
4.620000000000000000e+02 1.848015886079947823e-01 8.154301319981793750e-01 2.799271734182976618e-02 2.082385070550751144e-02 1.357532999544833752e-01 0.000000000000000000e+00
4.650000000000000000e+02 1.860015989236309952e-01 8.186162949476558648e-01 2.765134274010013632e-02 2.173418297678652786e-02 1.319981793354574329e-01 0.000000000000000000e+00
4.680000000000000000e+02 1.872016092392674302e-01 8.256713700500682984e-01 2.594446973145198010e-02 2.093764223941738806e-02 1.274465179790623681e-01 0.000000000000000000e+00
4.710000000000000000e+02 1.884016195549036432e-01 8.258989531178880794e-01 2.492034592626308706e-02 2.150659990896677115e-02 1.276741010468821214e-01 0.000000000000000000e+00
4.740000000000000000e+02 1.896016298705400782e-01 8.287437414656350088e-01 2.548930359581247015e-02 2.162039144287665124e-02 1.241465634956759184e-01 0.000000000000000000e+00
4.770000000000000000e+02 1.908016401861762912e-01 8.365953573054164538e-01 2.378243058716431393e-02 2.105143377332726468e-02 1.185707783340919502e-01 0.000000000000000000e+00
4.800000000000000000e+02 1.920016505018127262e-01 8.405780609922621771e-01 2.196176604460628110e-02 2.059626763768775473e-02 1.168639053254437871e-01 0.000000000000000000e+00
4.830000000000000000e+02 1.932016608174489392e-01 8.445607646791079004e-01 2.218934911242603433e-02 2.071005917159763482e-02 1.125398270368684617e-01 0.000000000000000000e+00
4.860000000000000000e+02 1.944016711330853742e-01 8.460400546199362548e-01 2.162039144287665124e-02 2.309968138370505075e-02 1.092398725534820259e-01 0.000000000000000000e+00
4.890000000000000000e+02 1.956016814487215871e-01 8.530951297223486884e-01 1.991351843422849502e-02 2.241693218024579104e-02 1.044606281292671801e-01 1.137915339098771066e-04
4.920000000000000000e+02 1.968016917643580221e-01 8.581019572143832042e-01 1.866181156121984527e-02 2.230314064633591095e-02 1.008192990441511144e-01 1.137915339098771066e-04
4.950000000000000000e+02 1.980017020799942351e-01 8.612881201638598050e-01 1.832043695949021542e-02 2.139280837505689453e-02 9.899863450159307465e-02 0.000000000000000000e+00
4.980000000000000000e+02 1.992017123956306701e-01 8.657259899863449792e-01 1.854802002730996865e-02 2.230314064633591095e-02 9.330905780609922984e-02 1.137915339098771066e-04
5.010000000000000000e+02 2.004017227112668831e-01 8.640191169776968438e-01 1.752389622212107562e-02 2.378243058716431393e-02 9.467455621301774926e-02 0.000000000000000000e+00
5.040000000000000000e+02 2.016017330269033181e-01 8.658397815202548697e-01 1.729631315430131891e-02 2.605826126536185672e-02 9.080564406008193035e-02 0.000000000000000000e+00
5.070000000000000000e+02 2.028017433425395311e-01 8.710741920801092775e-01 1.593081474738279601e-02 2.514792899408284030e-02 8.784706417842512438e-02 0.000000000000000000e+00
5.100000000000000000e+02 2.040017536581759661e-01 8.684569868001820181e-01 1.649977241693217911e-02 2.639963586709149004e-02 8.864360491579426071e-02 0.000000000000000000e+00
5.130000000000000000e+02 2.052017639738121790e-01 8.623122439690487084e-01 1.593081474738279601e-02 2.856167501137915274e-02 9.319526627218935322e-02 0.000000000000000000e+00
5.160000000000000000e+02 2.064017742894486140e-01 8.672052799271734447e-01 1.547564861174328607e-02 2.867546654528902936e-02 8.864360491579426071e-02 0.000000000000000000e+00
5.190000000000000000e+02 2.076017846050850491e-01 8.692535275375512516e-01 1.490669094219390124e-02 2.981338188438780248e-02 8.602639963586708460e-02 0.000000000000000000e+00
5.220000000000000000e+02 2.088017949207212620e-01 8.753982703686845612e-01 1.433773327264451468e-02 2.947200728265816916e-02 8.079198907601274626e-02 0.000000000000000000e+00
5.250000000000000000e+02 2.100018052363576970e-01 8.802913063268092975e-01 1.433773327264451468e-02 2.685480200273099652e-02 7.851615839781520001e-02 0.000000000000000000e+00
5.280000000000000000e+02 2.112018155519939100e-01 8.879153390987710726e-01 1.376877560309512985e-02 2.742375967228038308e-02 7.089212562585343880e-02 0.000000000000000000e+00
5.310000000000000000e+02 2.124018258676303450e-01 8.860946745562130467e-01 1.342740100136549826e-02 2.947200728265816916e-02 7.100591715976331542e-02 0.000000000000000000e+00
5.340000000000000000e+02 2.136018361832665580e-01 8.878015475648611821e-01 1.331360946745562164e-02 2.935821574874829254e-02 6.952662721893490549e-02 0.000000000000000000e+00
5.370000000000000000e+02 2.148018464989029930e-01 8.920118343195265753e-01 1.342740100136549826e-02 2.776513427401001294e-02 6.679563040509786664e-02 0.000000000000000000e+00
5.400000000000000000e+02 2.160018568145392059e-01 8.941738734638142727e-01 1.365498406918525323e-02 2.719617660446062984e-02 6.497496586253982687e-02 0.000000000000000000e+00
5.430000000000000000e+02 2.172018671301756410e-01 8.979289940828402150e-01 1.331360946745562164e-02 2.628584433318160996e-02 6.247155211652252738e-02 0.000000000000000000e+00
5.460000000000000000e+02 2.184018774458118539e-01 9.005461993627673634e-01 1.297223486572599005e-02 2.639963586709149004e-02 6.008192990441511144e-02 0.000000000000000000e+00
5.490000000000000000e+02 2.196018877614482889e-01 8.989531178880291185e-01 1.274465179790623508e-02 2.765134274010013632e-02 6.065088757396449454e-02 0.000000000000000000e+00
5.520000000000000000e+02 2.208018980770845019e-01 9.006599908966772539e-01 1.399635867091488309e-02 2.776513427401001294e-02 5.757851615839781195e-02 0.000000000000000000e+00
5.550000000000000000e+02 2.220019083927209369e-01 9.029358215748748417e-01 1.365498406918525323e-02 2.833409194355939950e-02 5.507510241238051940e-02 0.000000000000000000e+00
5.580000000000000000e+02 2.232019187083571499e-01 9.031634046426946227e-01 1.342740100136549826e-02 2.890304961310878606e-02 5.450614474283113631e-02 0.000000000000000000e+00
5.610000000000000000e+02 2.244019290239935849e-01 9.064633591260810030e-01 1.274465179790623508e-02 2.810650887573964626e-02 5.268548020027309653e-02 0.000000000000000000e+00
5.640000000000000000e+02 2.256019393396297978e-01 9.085116067364588099e-01 1.160673645880746542e-02 2.776513427401001294e-02 5.211652253072371344e-02 0.000000000000000000e+00
5.670000000000000000e+02 2.268019496552662329e-01 9.102184797451069453e-01 1.183431952662721866e-02 2.935821574874829254e-02 4.858898497951752438e-02 0.000000000000000000e+00
5.700000000000000000e+02 2.280019599709024458e-01 9.126081019572144237e-01 1.126536185707783383e-02 3.004096495220755572e-02 4.608557123350022489e-02 0.000000000000000000e+00
5.730000000000000000e+02 2.292019702865388808e-01 9.120391442876649712e-01 1.172052799271734204e-02 3.106508875739644876e-02 4.517523896222121194e-02 0.000000000000000000e+00
5.760000000000000000e+02 2.304019806021750938e-01 9.153390987710514626e-01 1.149294492489758707e-02 2.810650887573964626e-02 4.506144742831133532e-02 0.000000000000000000e+00
5.790000000000000000e+02 2.316019909178115288e-01 9.181838871187983919e-01 1.160673645880746542e-02 2.924442421483841592e-02 4.096495220755575623e-02 0.000000000000000000e+00
5.820000000000000000e+02 2.328020012334477418e-01 9.187528447883477334e-01 1.251706873008648184e-02 2.810650887573964626e-02 4.062357760582612637e-02 0.000000000000000000e+00
5.850000000000000000e+02 2.340020115490841768e-01 9.194355939918069653e-01 1.240327719617660522e-02 2.787892580791988956e-02 4.028220300409649651e-02 0.000000000000000000e+00
5.880000000000000000e+02 2.352020218647206118e-01 9.172735548475193790e-01 1.194811106053709528e-02 2.890304961310878606e-02 4.187528447883477611e-02 0.000000000000000000e+00
5.910000000000000000e+02 2.364020321803568248e-01 9.178425125170687204e-01 1.228948566226672687e-02 2.822030040964952288e-02 4.164770141101502288e-02 0.000000000000000000e+00
5.940000000000000000e+02 2.376020424959932598e-01 9.190942193900774049e-01 1.194811106053709528e-02 2.844788347746927612e-02 4.050978607191624975e-02 0.000000000000000000e+00
5.970000000000000000e+02 2.388020528116294727e-01 9.185252617205279524e-01 1.183431952662721866e-02 3.015475648611743234e-02 3.948566226672735324e-02 0.000000000000000000e+00
6.000000000000000000e+02 2.400020631272659077e-01 9.225079654073736757e-01 1.160673645880746542e-02 2.969959035047792587e-02 3.607191624943104080e-02 1.137915339098771066e-04
6.030000000000000000e+02 2.412020734429021207e-01 9.239872553482021411e-01 1.160673645880746542e-02 2.787892580791988956e-02 3.629949931725079404e-02 2.275830678197542133e-04
6.060000000000000000e+02 2.424020837585385557e-01 9.218252162039144437e-01 1.240327719617660522e-02 2.947200728265816916e-02 3.607191624943104080e-02 2.275830678197542133e-04
6.090000000000000000e+02 2.436020940741747687e-01 9.242148384160218111e-01 1.115157032316795548e-02 2.890304961310878606e-02 3.561675011379153433e-02 1.137915339098771066e-04
6.120000000000000000e+02 2.448021043898112037e-01 9.244424214838415921e-01 1.251706873008648184e-02 2.833409194355939950e-02 3.470641784251251444e-02 0.000000000000000000e+00
6.150000000000000000e+02 2.460021147054474167e-01 9.227355484751934567e-01 1.331360946745562164e-02 3.015475648611743234e-02 3.368229403732362487e-02 1.137915339098771066e-04
6.180000000000000000e+02 2.472021250210838517e-01 9.243286299499317016e-01 1.376877560309512985e-02 2.890304961310878606e-02 3.288575329995448160e-02 1.137915339098771066e-04
6.210000000000000000e+02 2.484021353367200646e-01 9.261492944924897275e-01 1.376877560309512985e-02 2.947200728265816916e-02 3.060992262175694228e-02 0.000000000000000000e+00
6.240000000000000000e+02 2.496021456523564996e-01 9.275147928994083024e-01 1.319981793354574502e-02 3.049613108784706567e-02 2.878925807919890598e-02 0.000000000000000000e+00
6.270000000000000000e+02 2.508021559679927126e-01 9.299044151115156698e-01 1.354119253527537488e-02 2.969959035047792587e-02 2.685480200273099652e-02 0.000000000000000000e+00
6.300000000000000000e+02 2.520021662836291476e-01 9.317250796540736957e-01 1.274465179790623508e-02 3.140646335912607862e-02 2.412380518889394726e-02 0.000000000000000000e+00
6.330000000000000000e+02 2.532021765992653606e-01 9.328629949931724896e-01 1.263086026399635846e-02 3.140646335912607862e-02 2.309968138370505075e-02 0.000000000000000000e+00
6.360000000000000000e+02 2.544021869149017956e-01 9.326354119253527086e-01 1.354119253527537488e-02 3.072371415566681890e-02 2.309968138370505075e-02 0.000000000000000000e+00
6.390000000000000000e+02 2.556021972305380086e-01 9.325216203914429292e-01 1.388256713700500647e-02 3.072371415566681890e-02 2.287209831588529751e-02 0.000000000000000000e+00
6.420000000000000000e+02 2.568022075461744436e-01 9.349112426035502965e-01 1.354119253527537488e-02 3.095129722348657214e-02 2.059626763768775473e-02 0.000000000000000000e+00
6.450000000000000000e+02 2.580022178618106565e-01 9.374146563495675544e-01 1.376877560309512985e-02 2.935821574874829254e-02 1.945835229858898507e-02 0.000000000000000000e+00
6.480000000000000000e+02 2.592022281774470915e-01 9.385525716886663483e-01 1.376877560309512985e-02 2.787892580791988956e-02 1.979972690031861493e-02 0.000000000000000000e+00
6.510000000000000000e+02 2.604022384930835265e-01 9.392353208921255803e-01 1.456531634046426965e-02 2.674101046882111990e-02 1.945835229858898507e-02 0.000000000000000000e+00
6.540000000000000000e+02 2.616022488087197395e-01 9.396904870277651423e-01 1.308602639963586667e-02 2.719617660446062984e-02 2.002730996813837164e-02 0.000000000000000000e+00
6.570000000000000000e+02 2.628022591243561745e-01 9.398042785616750328e-01 1.388256713700500647e-02 2.537551206190259354e-02 2.093764223941738806e-02 0.000000000000000000e+00
6.600000000000000000e+02 2.640022694399923875e-01 9.396904870277651423e-01 1.388256713700500647e-02 2.719617660446062984e-02 1.923076923076923184e-02 0.000000000000000000e+00
6.630000000000000000e+02 2.652022797556288225e-01 9.428766499772417431e-01 1.240327719617660522e-02 2.628584433318160996e-02 1.843422849340009204e-02 0.000000000000000000e+00
6.660000000000000000e+02 2.664022900712650355e-01 9.436731907146108655e-01 1.172052799271734204e-02 2.571688666363222686e-02 1.888939462903959851e-02 0.000000000000000000e+00
6.690000000000000000e+02 2.676023003869014705e-01 9.449248975876194390e-01 1.251706873008648184e-02 2.435138825671370050e-02 1.820664542558033533e-02 0.000000000000000000e+00
6.720000000000000000e+02 2.688023107025376834e-01 9.459490213928083424e-01 1.217569412835685025e-02 2.435138825671370050e-02 1.752389622212107562e-02 0.000000000000000000e+00
6.750000000000000000e+02 2.700023210181741184e-01 9.497041420118342847e-01 1.035502958579881741e-02 2.298588984979517413e-02 1.695493855257168905e-02 0.000000000000000000e+00
6.780000000000000000e+02 2.712023313338103314e-01 9.479972690031861493e-01 1.001365498406918582e-02 2.401001365498407064e-02 1.797906235776058209e-02 0.000000000000000000e+00
6.810000000000000000e+02 2.724023416494467664e-01 9.486800182066453813e-01 1.001365498406918582e-02 2.321347291761493084e-02 1.809285389167045871e-02 0.000000000000000000e+00
