# itime ezz other fcc hcp bcc ico
0.000000000000000000e+00 0.000000000000000000e+00 3.413746017296313199e-04 9.996586253982703285e-01 0.000000000000000000e+00 0.000000000000000000e+00 0.000000000000000000e+00
3.000000000000000000e+01 1.200002348814366293e-02 1.365498406918525280e-03 9.985207100591716456e-01 0.000000000000000000e+00 1.137915339098771066e-04 0.000000000000000000e+00
6.000000000000000000e+01 2.400004697628732586e-02 1.820664542558033706e-03 9.981793354574419741e-01 0.000000000000000000e+00 0.000000000000000000e+00 0.000000000000000000e+00
9.000000000000000000e+01 3.600007046443098879e-02 3.641329085116067413e-03 9.961310878470641672e-01 0.000000000000000000e+00 2.275830678197542133e-04 0.000000000000000000e+00
1.200000000000000000e+02 4.800009395257465172e-02 6.827492034592626616e-03 9.927173418297678964e-01 0.000000000000000000e+00 4.551661356395084266e-04 0.000000000000000000e+00
1.500000000000000000e+02 6.000011744071831465e-02 2.253072371415566766e-02 9.770141101502047842e-01 0.000000000000000000e+00 4.551661356395084266e-04 0.000000000000000000e+00
1.800000000000000000e+02 7.200014092886197759e-02 2.935821574874829254e-02 9.693900773782430091e-01 0.000000000000000000e+00 1.251706873008648227e-03 0.000000000000000000e+00
2.100000000000000000e+02 8.400016441700564052e-02 6.804733727810650945e-02 9.274010013654984119e-01 0.000000000000000000e+00 4.551661356395083832e-03 0.000000000000000000e+00
2.400000000000000000e+02 9.600018790514930345e-02 1.253982703686845612e-01 8.667501137915338827e-01 0.000000000000000000e+00 7.851615839781519654e-03 0.000000000000000000e+00
2.700000000000000000e+02 1.080002113932929664e-01 2.141556668183887124e-01 7.682066454255803700e-01 0.000000000000000000e+00 1.763768775603095224e-02 0.000000000000000000e+00
3.000000000000000000e+02 1.200002348814366293e-01 3.503641329085115941e-01 6.178880291306326766e-01 0.000000000000000000e+00 3.174783796085571541e-02 0.000000000000000000e+00
3.300000000000000000e+02 1.320002583695802922e-01 5.144515248065544277e-01 4.180700955848885014e-01 1.137915339098770958e-03 6.634046426945834629e-02 0.000000000000000000e+00
3.600000000000000000e+02 1.440002818577239552e-01 6.210741920801092775e-01 2.705962676376877374e-01 2.958579881656804664e-03 1.053709604005461931e-01 0.000000000000000000e+00
3.900000000000000000e+02 1.560003053458676181e-01 6.894629039599453613e-01 1.495220755575785154e-01 1.228948566226672687e-02 1.487255348202093652e-01 0.000000000000000000e+00
4.200000000000000000e+02 1.680003288340112810e-01 7.305416477014110566e-01 7.464724624487938109e-02 2.218934911242603433e-02 1.726217569412835662e-01 0.000000000000000000e+00
4.500000000000000000e+02 1.800003523221549440e-01 7.819754210286754548e-01 4.745106964041875125e-02 2.674101046882111990e-02 1.438324988620846567e-01 0.000000000000000000e+00
4.800000000000000000e+02 1.920003758102986069e-01 8.116750113791534327e-01 3.709604005461993731e-02 3.174783796085571541e-02 1.194811106053709632e-01 0.000000000000000000e+00
5.100000000000000000e+02 2.040003992984422698e-01 8.416021847974510806e-01 3.152025489303595523e-02 3.675466545289030745e-02 9.012289485662267063e-02 0.000000000000000000e+00
5.400000000000000000e+02 2.160004227865859328e-01 8.647018661811560758e-01 2.708238507055074976e-02 3.493400091033227461e-02 7.328174783796086167e-02 0.000000000000000000e+00
5.700000000000000000e+02 2.280004462747295957e-01 8.880291306326809631e-01 2.719617660446062984e-02 3.083750568957669552e-02 5.393718707328174627e-02 0.000000000000000000e+00
6.000000000000000000e+02 2.400004697628732586e-01 9.028220300409649512e-01 2.241693218024579104e-02 3.231679563040509851e-02 4.244424214838415921e-02 0.000000000000000000e+00
6.300000000000000000e+02 2.520004932510169215e-01 9.182976786527082824e-01 2.036868456986800149e-02 3.049613108784706567e-02 3.083750568957669552e-02 0.000000000000000000e+00
6.600000000000000000e+02 2.640005167391605845e-01 9.263768775603095085e-01 1.797906235776058209e-02 2.787892580791988956e-02 2.776513427401001294e-02 0.000000000000000000e+00
6.900000000000000000e+02 2.760005402273042474e-01 9.357077833409194190e-01 1.627218934911242587e-02 2.514792899408284030e-02 2.287209831588529751e-02 0.000000000000000000e+00
7.200000000000000000e+02 2.880005637154479103e-01 9.433318161128811941e-01 1.263086026399635846e-02 2.162039144287665124e-02 2.241693218024579104e-02 0.000000000000000000e+00
7.500000000000000000e+02 3.000005872035915733e-01 9.467455621301774649e-01 1.240327719617660522e-02 2.048247610377787811e-02 2.036868456986800149e-02 0.000000000000000000e+00
7.800000000000000000e+02 3.120006106917352362e-01 9.527765134274009950e-01 1.331360946745562164e-02 1.797906235776058209e-02 1.593081474738279601e-02 0.000000000000000000e+00
8.100000000000000000e+02 3.240006341798788991e-01 9.558488848429677054e-01 1.160673645880746542e-02 1.866181156121984527e-02 1.376877560309512985e-02 1.137915339098771066e-04
8.400000000000000000e+02 3.360006576680223400e-01 9.611970869367318926e-01 1.024123805188893906e-02 1.729631315430131891e-02 1.115157032316795548e-02 1.137915339098771066e-04
8.700000000000000000e+02 3.480006811561660029e-01 9.680245789713245452e-01 7.965407373691398007e-03 1.388256713700500647e-02 1.012744651797906244e-02 0.000000000000000000e+00
9.000000000000000000e+02 3.600007046443096659e-01 9.696176604460627901e-01 6.713700500682749130e-03 1.331360946745562164e-02 1.035502958579881741e-02 0.000000000000000000e+00
9.300000000000000000e+02 3.720007281324533288e-01 9.670004551661356418e-01 7.965407373691398007e-03 1.445152480655439303e-02 1.046882111970869403e-02 1.137915339098771066e-04
9.600000000000000000e+02 3.840007516205969917e-01 9.734865725989986229e-01 6.144742831133363434e-03 1.149294492489758707e-02 8.534365043240782836e-03 3.413746017296313199e-04
9.900000000000000000e+02 3.960007751087406547e-01 9.773554847519344557e-01 5.575785161583977738e-03 1.115157032316795548e-02 5.803368229403732710e-03 1.137915339098771066e-04
1.020000000000000000e+03 4.080007985968843176e-01 9.763313609467455523e-01 5.689576695493855224e-03 1.035502958579881741e-02 7.510241238051888930e-03 1.137915339098771066e-04
1.050000000000000000e+03 4.200008220850279805e-01 9.790623577605825911e-01 5.234410559854347014e-03 1.058261265361857065e-02 4.893035958124715423e-03 2.275830678197542133e-04
1.080000000000000000e+03 4.320008455731716435e-01 9.822485207100591920e-01 4.779244424214838804e-03 8.420573509330906217e-03 4.210286754665453109e-03 3.413746017296313199e-04
1.110000000000000000e+03 4.440008690613153064e-01 9.842967683204369989e-01 3.413746017296313308e-03 8.420573509330906217e-03 3.641329085116067413e-03 2.275830678197542133e-04
1.140000000000000000e+03 4.560008925494589693e-01 9.831588529813382049e-01 4.779244424214838804e-03 7.396449704142011444e-03 4.551661356395083832e-03 1.137915339098771066e-04
1.170000000000000000e+03 4.680009160376026323e-01 9.870277651342740377e-01 4.324078288575329727e-03 4.893035958124715423e-03 3.299954483386436255e-03 4.551661356395084266e-04
1.200000000000000000e+03 4.800009395257462952e-01 9.887346381429221731e-01 3.527537551206190360e-03 5.689576695493855224e-03 2.048247610377787811e-03 0.000000000000000000e+00
1.230000000000000000e+03 4.920009630138899581e-01 9.870277651342740377e-01 2.730996813837050560e-03 6.827492034592626616e-03 2.730996813837050560e-03 6.827492034592626399e-04
1.260000000000000000e+03 5.040009865020336211e-01 9.865725989986344757e-01 4.779244424214838804e-03 6.599908966772872511e-03 1.706873008648156654e-03 3.413746017296313199e-04
1.290000000000000000e+03 5.160010099901772840e-01 9.893035958124715146e-01 3.641329085116067413e-03 4.665452890304961318e-03 2.162039144287664864e-03 2.275830678197542133e-04
1.320000000000000000e+03 5.280010334783209469e-01 9.894173873463814051e-01 3.413746017296313308e-03 4.096495220755575623e-03 2.503413746017296455e-03 5.689576695493854790e-04
1.350000000000000000e+03 5.400010569664646098e-01 9.905553026854801990e-01 1.934456076467910759e-03 5.006827492034592909e-03 2.275830678197541916e-03 2.275830678197542133e-04
1.380000000000000000e+03 5.520010804546082728e-01 9.921483841602184439e-01 1.593081474738279385e-03 3.413746017296313308e-03 2.503413746017296455e-03 3.413746017296313199e-04
1.410000000000000000e+03 5.640011039427519357e-01 9.926035502958580059e-01 1.820664542558033706e-03 3.299954483386436255e-03 1.934456076467910759e-03 3.413746017296313199e-04
1.440000000000000000e+03 5.760011274308955986e-01 9.947655894401457033e-01 1.024123805188893906e-03 2.275830678197541916e-03 1.479289940828402332e-03 4.551661356395084266e-04
1.470000000000000000e+03 5.880011509190392616e-01 9.954483386436049352e-01 5.689576695493854790e-04 2.730996813837050560e-03 1.251706873008648227e-03 0.000000000000000000e+00
1.500000000000000000e+03 6.000011744071829245e-01 9.946517979062358128e-01 9.103322712790168532e-04 2.844788347746927612e-03 7.965407373691396923e-04 7.965407373691396923e-04
1.530000000000000000e+03 6.120011978953265874e-01 9.954483386436049352e-01 4.551661356395084266e-04 2.389622212107419402e-03 9.103322712790168532e-04 7.965407373691396923e-04
1.560000000000000000e+03 6.240012213834702504e-01 9.956759217114247162e-01 6.827492034592626399e-04 2.844788347746927612e-03 3.413746017296313199e-04 4.551661356395084266e-04
1.590000000000000000e+03 6.360012448716139133e-01 9.968138370505233992e-01 5.689576695493854790e-04 1.024123805188893906e-03 4.551661356395084266e-04 1.137915339098770958e-03
1.620000000000000000e+03 6.480012683597575762e-01 9.962448793809740577e-01 1.024123805188893906e-03 1.820664542558033706e-03 4.551661356395084266e-04 4.551661356395084266e-04
1.650000000000000000e+03 6.600012918479012392e-01 9.954483386436049352e-01 5.689576695493854790e-04 2.162039144287664864e-03 5.689576695493854790e-04 1.251706873008648227e-03
1.680000000000000000e+03 6.720013153360449021e-01 9.967000455166135087e-01 4.551661356395084266e-04 1.706873008648156654e-03 7.965407373691396923e-04 3.413746017296313199e-04
1.710000000000000000e+03 6.840013388241885650e-01 9.954483386436049352e-01 1.593081474738279385e-03 1.593081474738279385e-03 7.965407373691396923e-04 5.689576695493854790e-04
1.740000000000000000e+03 6.960013623123322279e-01 9.968138370505233992e-01 7.965407373691396923e-04 1.024123805188893906e-03 5.689576695493854790e-04 7.965407373691396923e-04
1.770000000000000000e+03 7.080013858004758909e-01 9.976103777878926326e-01 4.551661356395084266e-04 1.024123805188893906e-03 0.000000000000000000e+00 9.103322712790168532e-04
1.800000000000000000e+03 7.200014092886195538e-01 9.972690031861629611e-01 5.689576695493854790e-04 9.103322712790168532e-04 4.551661356395084266e-04 7.965407373691396923e-04
1.830000000000000000e+03 7.320014327767632167e-01 9.967000455166135087e-01 5.689576695493854790e-04 1.365498406918525280e-03 6.827492034592626399e-04 6.827492034592626399e-04
1.860000000000000000e+03 7.440014562649068797e-01 9.967000455166135087e-01 4.551661356395084266e-04 1.479289940828402332e-03 6.827492034592626399e-04 6.827492034592626399e-04
1.890000000000000000e+03 7.560014797530505426e-01 9.963586709148839482e-01 6.827492034592626399e-04 1.251706873008648227e-03 5.689576695493854790e-04 1.137915339098770958e-03
1.920000000000000000e+03 7.680015032411942055e-01 9.960172963131542767e-01 1.137915339098770958e-03 1.593081474738279385e-03 4.551661356395084266e-04 7.965407373691396923e-04
1.950000000000000000e+03 7.800015267293378685e-01 9.960172963131542767e-01 1.479289940828402332e-03 1.593081474738279385e-03 1.137915339098771066e-04 7.965407373691396923e-04
1.980000000000000000e+03 7.920015502174815314e-01 9.973827947200728516e-01 9.103322712790168532e-04 7.965407373691396923e-04 1.137915339098771066e-04 7.965407373691396923e-04
2.010000000000000000e+03 8.040015737056251943e-01 9.964724624487938387e-01 7.965407373691396923e-04 1.251706873008648227e-03 2.275830678197542133e-04 1.251706873008648227e-03
2.040000000000000000e+03 8.160015971937688573e-01 9.972690031861629611e-01 3.413746017296313199e-04 1.251706873008648227e-03 4.551661356395084266e-04 6.827492034592626399e-04
2.070000000000000000e+03 8.280016206819125202e-01 9.969276285844332897e-01 7.965407373691396923e-04 1.024123805188893906e-03 2.275830678197542133e-04 1.024123805188893906e-03
2.100000000000000000e+03 8.400016441700561831e-01 9.965862539827037292e-01 6.827492034592626399e-04 1.479289940828402332e-03 5.689576695493854790e-04 6.827492034592626399e-04
2.130000000000000000e+03 8.520016676581998460e-01 9.967000455166135087e-01 5.689576695493854790e-04 1.365498406918525280e-03 5.689576695493854790e-04 7.965407373691396923e-04
2.160000000000000000e+03 8.640016911463435090e-01 9.973827947200728516e-01 3.413746017296313199e-04 1.024123805188893906e-03 3.413746017296313199e-04 9.103322712790168532e-04
2.190000000000000000e+03 8.760017146344871719e-01 9.981793354574419741e-01 5.689576695493854790e-04 5.689576695493854790e-04 0.000000000000000000e+00 6.827492034592626399e-04
2.220000000000000000e+03 8.880017381226308348e-01 9.969276285844332897e-01 1.024123805188893906e-03 9.103322712790168532e-04 2.275830678197542133e-04 9.103322712790168532e-04
2.250000000000000000e+03 9.000017616107744978e-01 9.982931269913518646e-01 4.551661356395084266e-04 6.827492034592626399e-04 0.000000000000000000e+00 5.689576695493854790e-04
2.280000000000000000e+03 9.120017850989181607e-01 9.978379608557123026e-01 3.413746017296313199e-04 7.965407373691396923e-04 2.275830678197542133e-04 7.965407373691396923e-04
2.310000000000000000e+03 9.240018085870618236e-01 9.973827947200728516e-01 3.413746017296313199e-04 3.413746017296313199e-04 4.551661356395084266e-04 1.479289940828402332e-03
2.340000000000000000e+03 9.360018320752054866e-01 9.973827947200728516e-01 6.827492034592626399e-04 6.827492034592626399e-04 2.275830678197542133e-04 1.024123805188893906e-03
2.370000000000000000e+03 9.480018555633491495e-01 9.980655439235320836e-01 2.275830678197542133e-04 6.827492034592626399e-04 1.137915339098771066e-04 9.103322712790168532e-04
2.400000000000000000e+03 9.600018790514928124e-01 9.979517523896221931e-01 3.413746017296313199e-04 4.551661356395084266e-04 1.137915339098771066e-04 1.137915339098770958e-03
2.430000000000000000e+03 9.720019025396364754e-01 9.978379608557123026e-01 3.413746017296313199e-04 6.827492034592626399e-04 3.413746017296313199e-04 7.965407373691396923e-04
2.460000000000000000e+03 9.840019260277801383e-01 9.974965862539827421e-01 6.827492034592626399e-04 3.413746017296313199e-04 1.137915339098771066e-04 1.365498406918525280e-03
2.490000000000000000e+03 9.960019495159238012e-01 9.978379608557123026e-01 6.827492034592626399e-04 6.827492034592626399e-04 3.413746017296313199e-04 4.551661356395084266e-04
