# itime ezz other fcc hcp bcc ico
0.000000000000000000e+00 0.000000000000000000e+00 0.000000000000000000e+00 1.000000000000000000e+00 0.000000000000000000e+00 0.000000000000000000e+00 0.000000000000000000e+00
2.500000000000000000e+02 1.000000433790937393e-02 0.000000000000000000e+00 1.000000000000000000e+00 0.000000000000000000e+00 0.000000000000000000e+00 0.000000000000000000e+00
5.000000000000000000e+02 2.000000867581874786e-02 0.000000000000000000e+00 1.000000000000000000e+00 0.000000000000000000e+00 0.000000000000000000e+00 0.000000000000000000e+00
7.500000000000000000e+02 3.000001301372812179e-02 0.000000000000000000e+00 1.000000000000000000e+00 0.000000000000000000e+00 0.000000000000000000e+00 0.000000000000000000e+00
1.000000000000000000e+03 4.000001735163749572e-02 0.000000000000000000e+00 1.000000000000000000e+00 0.000000000000000000e+00 0.000000000000000000e+00 0.000000000000000000e+00
1.250000000000000000e+03 5.000002168954709170e-02 0.000000000000000000e+00 1.000000000000000000e+00 0.000000000000000000e+00 0.000000000000000000e+00 0.000000000000000000e+00
1.500000000000000000e+03 6.000002602745646563e-02 1.137915339098771066e-04 9.998862084660901095e-01 0.000000000000000000e+00 0.000000000000000000e+00 0.000000000000000000e+00
1.750000000000000000e+03 7.000003036536583956e-02 0.000000000000000000e+00 1.000000000000000000e+00 0.000000000000000000e+00 0.000000000000000000e+00 0.000000000000000000e+00
2.000000000000000000e+03 8.000003470327521349e-02 0.000000000000000000e+00 1.000000000000000000e+00 0.000000000000000000e+00 0.000000000000000000e+00 0.000000000000000000e+00
2.250000000000000000e+03 9.000003904118458742e-02 1.137915339098771066e-04 9.998862084660901095e-01 0.000000000000000000e+00 0.000000000000000000e+00 0.000000000000000000e+00
2.500000000000000000e+03 1.000000433790939613e-01 2.389622212107419402e-03 9.974965862539827421e-01 0.000000000000000000e+00 1.137915339098771066e-04 0.000000000000000000e+00
2.750000000000000000e+03 1.100000477170033353e-01 8.192990441511151245e-03 9.912380518889394310e-01 0.000000000000000000e+00 5.689576695493854790e-04 0.000000000000000000e+00
3.000000000000000000e+03 1.200000520549127092e-01 1.654528903049612976e-01 6.300637232589895165e-01 0.000000000000000000e+00 2.044833864360491582e-01 0.000000000000000000e+00
3.250000000000000000e+03 1.300000563928223052e-01 3.732362312243969193e-01 1.314292216659080637e-01 1.820664542558033533e-02 4.771279016841146747e-01 0.000000000000000000e+00
3.500000000000000000e+03 1.400000607307316791e-01 5.078516158397815561e-01 1.586253982703686727e-01 2.082385070550751005e-01 1.252844788347746985e-01 0.000000000000000000e+00
3.750000000000000000e+03 1.500000650686410530e-01 4.974965862539826866e-01 1.670459717796995980e-01 2.410104688211197055e-01 9.444697314519799602e-02 0.000000000000000000e+00
4.000000000000000000e+03 1.600000694065504270e-01 5.133136094674556338e-01 1.794492489758761911e-01 2.529585798816568198e-01 5.427856167501137613e-02 0.000000000000000000e+00
4.250000000000000000e+03 1.700000737444598009e-01 5.303823395539372099e-01 1.747837960855712358e-01 2.452207555757851543e-01 4.961310878470642088e-02 0.000000000000000000e+00
4.500000000000000000e+03 1.800000780823691748e-01 4.458352298588985074e-01 2.414656349567592120e-01 2.768548020027309930e-01 3.584433318161128756e-02 0.000000000000000000e+00
4.750000000000000000e+03 1.900000824202785488e-01 4.377560309512972259e-01 2.857305416477013971e-01 2.480655439235320836e-01 2.844788347746927612e-02 0.000000000000000000e+00
5.000000000000000000e+03 2.000000867581879227e-01 4.398042785616750328e-01 2.969959035047792240e-01 2.434000910332271284e-01 1.979972690031861493e-02 0.000000000000000000e+00
5.250000000000000000e+03 2.100000910960975187e-01 4.266044606281292895e-01 3.413746017296312996e-01 2.151797906235776159e-01 1.684114701866181243e-02 0.000000000000000000e+00
5.500000000000000000e+03 2.200000954340068926e-01 3.830223031406463363e-01 3.904187528447883304e-01 2.146108329540282189e-01 1.194811106053709528e-02 0.000000000000000000e+00
5.750000000000000000e+03 2.300000997719162665e-01 3.429676832043696000e-01 4.235320892125625791e-01 2.232589895311788697e-01 1.024123805188893906e-02 0.000000000000000000e+00
6.000000000000000000e+03 2.400001041098256405e-01 3.090578060992262288e-01 4.839553937187073274e-01 1.944697314519799602e-01 1.251706873008648184e-02 0.000000000000000000e+00
6.250000000000000000e+03 2.500001084477350144e-01 3.015475648611743442e-01 4.853208921256258468e-01 1.976558944014565333e-01 1.547564861174328607e-02 0.000000000000000000e+00
6.500000000000000000e+03 2.600001127856443883e-01 2.869822485207100815e-01 4.952207555757851543e-01 2.039144287664997612e-01 1.388256713700500647e-02 0.000000000000000000e+00
6.750000000000000000e+03 2.700001171235537623e-01 2.692307692307692180e-01 4.988620846609012061e-01 2.228038233955393632e-01 9.103322712790167665e-03 0.000000000000000000e+00
7.000000000000000000e+03 2.800001214614631362e-01 2.639963586709148657e-01 5.110377787892580459e-01 2.148384160218479721e-01 1.012744651797906244e-02 0.000000000000000000e+00
7.250000000000000000e+03 2.900001257993727322e-01 2.583067819754210070e-01 5.559854346836595740e-01 1.783113336367774249e-01 7.396449704142011444e-03 0.000000000000000000e+00
7.500000000000000000e+03 3.000001301372821061e-01 2.386208466090122826e-01 5.790851160673645692e-01 1.778561675011379184e-01 4.437869822485207214e-03 0.000000000000000000e+00
7.750000000000000000e+03 3.100001344751914800e-01 2.354346836595357373e-01 5.983158852981338427e-01 1.626081019572143960e-01 3.641329085116067413e-03 0.000000000000000000e+00
8.000000000000000000e+03 3.200001388131008540e-01 2.214383249886208438e-01 6.323395539371871044e-01 1.408739189804278646e-01 5.348202093764223633e-03 0.000000000000000000e+00
8.250000000000000000e+03 3.300001431510102279e-01 2.276968593536640995e-01 6.264223941738734647e-01 1.412152935821574806e-01 4.665452890304961318e-03 0.000000000000000000e+00
8.500000000000000000e+03 3.400001474889196018e-01 2.375967228038234069e-01 6.004779244424214291e-01 1.561219845243513871e-01 5.803368229403732710e-03 0.000000000000000000e+00
8.750000000000000000e+03 3.500001518268289757e-01 2.402139280837505553e-01 5.857988165680473314e-01 1.654528903049612976e-01 8.534365043240782836e-03 0.000000000000000000e+00
9.000000000000000000e+03 3.600001561647383497e-01 2.434000910332271284e-01 5.678197542102867423e-01 1.829767865270823801e-01 5.803368229403732710e-03 0.000000000000000000e+00
9.250000000000000000e+03 3.700001605026479456e-01 2.353208921256258468e-01 6.121984524351388179e-01 1.462221210741920796e-01 6.258534365043240920e-03 0.000000000000000000e+00
9.500000000000000000e+03 3.800001648405573196e-01 2.255348202093764298e-01 6.514565316340463763e-01 1.195949021392808398e-01 3.413746017296313308e-03 0.000000000000000000e+00
9.750000000000000000e+03 3.900001691784666935e-01 2.115384615384615363e-01 6.532771961766045132e-01 1.319981793354574329e-01 3.186162949476558769e-03 0.000000000000000000e+00
1.000000000000000000e+04 4.000001735163760674e-01 1.808147473827947105e-01 6.994765589440146147e-01 1.169776968593536637e-01 2.730996813837050560e-03 0.000000000000000000e+00
1.025000000000000000e+04 4.100001778542854414e-01 1.764906690942193990e-01 7.049385525716886924e-01 1.168639053254437871e-01 1.706873008648156654e-03 0.000000000000000000e+00
1.050000000000000000e+04 4.200001821921948153e-01 1.804733727810650945e-01 6.874146563495675544e-01 1.299499317250796537e-01 2.162039144287664864e-03 0.000000000000000000e+00
1.075000000000000000e+04 4.300001865301041892e-01 1.804733727810650945e-01 6.867319071461083224e-01 1.298361401911697632e-01 2.958579881656804664e-03 0.000000000000000000e+00
1.100000000000000000e+04 4.400001908680135632e-01 1.877560309512972259e-01 6.789940828402366568e-01 1.299499317250796537e-01 3.299954483386436255e-03 0.000000000000000000e+00
1.125000000000000000e+04 4.500001952059231591e-01 2.059626763768775681e-01 6.654528903049613531e-01 1.253982703686845612e-01 3.186162949476558769e-03 0.000000000000000000e+00
1.150000000000000000e+04 4.600001995438325331e-01 2.143832498862084657e-01 6.521392808375057193e-01 1.286982248520709970e-01 4.779244424214838804e-03 0.000000000000000000e+00
1.175000000000000000e+04 4.700002038817419070e-01 2.575102412380518846e-01 6.144742831133364058e-01 1.220983158852981393e-01 5.917159763313609329e-03 0.000000000000000000e+00
1.200000000000000000e+04 4.800002082196512809e-01 2.832271279016841392e-01 5.567819754210286964e-01 1.525944469731451980e-01 7.396449704142011444e-03 0.000000000000000000e+00
1.225000000000000000e+04 4.900002125575606549e-01 2.759444697314519801e-01 5.105826126536185949e-01 2.075557578516158408e-01 5.917159763313609329e-03 0.000000000000000000e+00
1.250000000000000000e+04 5.000002168954700288e-01 2.688893946290396020e-01 5.178652708238506985e-01 2.072143832498861971e-01 6.030951297223486815e-03 0.000000000000000000e+00
1.275000000000000000e+04 5.100002212333794027e-01 2.610377787892581014e-01 5.256030951297223641e-01 2.073281747837960876e-01 6.030951297223486815e-03 0.000000000000000000e+00
1.300000000000000000e+04 5.200002255712887766e-01 2.597860719162494170e-01 5.249203459262631322e-01 2.125625853436504398e-01 2.730996813837050560e-03 0.000000000000000000e+00
1.325000000000000000e+04 5.300002299091983726e-01 2.604688211197087044e-01 5.307237141556667703e-01 2.039144287664997612e-01 4.893035958124715423e-03 0.000000000000000000e+00
1.350000000000000000e+04 5.400002342471077466e-01 2.602412380518889234e-01 5.352753755120619461e-01 2.007282658170232159e-01 3.755120619025944465e-03 0.000000000000000000e+00
1.375000000000000000e+04 5.500002385850171205e-01 2.717341829767865313e-01 5.276513427401001710e-01 1.969731451979972736e-01 3.641329085116067413e-03 0.000000000000000000e+00
1.400000000000000000e+04 5.600002429229264944e-01 2.794720072826581969e-01 5.299271734182976479e-01 1.868456986800182129e-01 3.755120619025944465e-03 0.000000000000000000e+00
1.425000000000000000e+04 5.700002472608358683e-01 2.837960855712334807e-01 5.093309057806099105e-01 2.032316795630405015e-01 3.641329085116067413e-03 0.000000000000000000e+00
1.450000000000000000e+04 5.800002515987452423e-01 2.789030496131087999e-01 5.000000000000000000e-01 2.168866636322257513e-01 4.210286754665453109e-03 0.000000000000000000e+00
1.475000000000000000e+04 5.900002559366546162e-01 2.799271734182977034e-01 4.955621301775147702e-01 2.191624943104233114e-01 5.348202093764223633e-03 0.000000000000000000e+00
1.500000000000000000e+04 6.000002602745639901e-01 2.877787892580792040e-01 4.893035958124715701e-01 2.198452435138825711e-01 3.072371415566681717e-03 0.000000000000000000e+00
1.525000000000000000e+04 6.100002646124735861e-01 3.060992262175694090e-01 4.676832043695949293e-01 2.216659080564405970e-01 4.551661356395083832e-03 0.000000000000000000e+00
1.550000000000000000e+04 6.200002689503829600e-01 3.146335912608101970e-01 4.594902139280837572e-01 2.223486572598998567e-01 3.527537551206190360e-03 0.000000000000000000e+00
1.575000000000000000e+04 6.300002732882923340e-01 3.072371415566682029e-01 4.667728720983158608e-01 2.229176149294492537e-01 3.072371415566681717e-03 0.000000000000000000e+00
1.600000000000000000e+04 6.400002776262017079e-01 2.943786982248520756e-01 4.820209376422394110e-01 2.207555757851615841e-01 2.844788347746927612e-03 0.000000000000000000e+00
1.625000000000000000e+04 6.500002819641110818e-01 3.000682749203459343e-01 4.773554847519344557e-01 2.199590350477924339e-01 2.617205279927173507e-03 0.000000000000000000e+00
1.650000000000000000e+04 6.600002863020204558e-01 3.098543468365953513e-01 4.665452890304961353e-01 2.198452435138825711e-01 3.755120619025944465e-03 0.000000000000000000e+00
1.675000000000000000e+04 6.700002906399298297e-01 3.170232134729176199e-01 4.580109239872553473e-01 2.193900773782430647e-01 5.575785161583977738e-03 0.000000000000000000e+00
1.700000000000000000e+04 6.800002949778392036e-01 3.228265817023213691e-01 4.568730086481565533e-01 2.158625398270368756e-01 4.437869822485207214e-03 0.000000000000000000e+00
1.725000000000000000e+04 6.900002993157487996e-01 3.273782430587164338e-01 4.509558488848429691e-01 2.162039144287664916e-01 5.461993627674101119e-03 0.000000000000000000e+00
1.750000000000000000e+04 7.000003036536581735e-01 3.467228038233955423e-01 4.409421939007737712e-01 2.042558033682294050e-01 8.079198907601274626e-03 0.000000000000000000e+00
1.775000000000000000e+04 7.100003079915675475e-01 3.427401001365498190e-01 4.388939462903960198e-01 2.111970869367319203e-01 7.168866636322257339e-03 0.000000000000000000e+00
1.800000000000000000e+04 7.200003123294769214e-01 3.462676376877560358e-01 4.466317705962676299e-01 2.023213472917614886e-01 4.779244424214838804e-03 0.000000000000000000e+00
1.825000000000000000e+04 7.300003166673862953e-01 3.522985889849795105e-01 4.394629039599453613e-01 2.022075557578516258e-01 6.030951297223486815e-03 0.000000000000000000e+00
1.850000000000000000e+04 7.400003210052956693e-01 3.532089212562585234e-01 4.460628129267182329e-01 1.939007737824305910e-01 6.827492034592626616e-03 0.000000000000000000e+00
1.875000000000000000e+04 7.500003253432050432e-01 3.602639963586709015e-01 4.557350933090578149e-01 1.803595812471552040e-01 3.641329085116067413e-03 0.000000000000000000e+00
1.900000000000000000e+04 7.600003296811144171e-01 3.586709148839326566e-01 4.497041420118343402e-01 1.838871187983613931e-01 7.737824305871643035e-03 0.000000000000000000e+00
1.925000000000000000e+04 7.700003340190240131e-01 3.746017296313154388e-01 4.600591715976331542e-01 1.581702321347291662e-01 7.168866636322257339e-03 0.000000000000000000e+00
1.950000000000000000e+04 7.800003383569333870e-01 3.537778789258079204e-01 5.212790168411469693e-01 1.186845698680018268e-01 6.258534365043240920e-03 0.000000000000000000e+00
1.975000000000000000e+04 7.900003426948427609e-01 3.425125170687300935e-01 5.548475193445607800e-01 9.558488848429676221e-02 7.055075102412380721e-03 0.000000000000000000e+00
2.000000000000000000e+04 8.000003470327521349e-01 3.219162494310423561e-01 5.793126991351843502e-01 9.148839326354119006e-02 7.282658170232134826e-03 0.000000000000000000e+00
2.025000000000000000e+04 8.100003513706615088e-01 3.173645880746472359e-01 5.863677742375966728e-01 9.285389167045972336e-02 3.413746017296313308e-03 0.000000000000000000e+00
2.050000000000000000e+04 8.200003557085708827e-01 3.042785616750113831e-01 5.919435593991807520e-01 9.979517523896222486e-02 3.982703686845699004e-03 0.000000000000000000e+00
2.075000000000000000e+04 8.300003600464802567e-01 3.027992717341829731e-01 5.588302230314065033e-01 1.359808830223031284e-01 2.389622212107419402e-03 0.000000000000000000e+00
2.100000000000000000e+04 8.400003643843896306e-01 2.959717796995903760e-01 5.590578060992261733e-01 1.412152935821574806e-01 3.755120619025944465e-03 0.000000000000000000e+00
2.125000000000000000e+04 8.500003687222992266e-01 2.902822030040965173e-01 5.739644970414201630e-01 1.334774692762858428e-01 2.275830678197541916e-03 0.000000000000000000e+00
2.150000000000000000e+04 8.600003730602086005e-01 2.858443331816112876e-01 6.084433318161128756e-01 1.029813381884387841e-01 2.730996813837050560e-03 0.000000000000000000e+00
2.175000000000000000e+04 8.700003773981179744e-01 2.785616750113791285e-01 6.464497041420118606e-01 7.225762403277195822e-02 2.730996813837050560e-03 0.000000000000000000e+00
2.200000000000000000e+04 8.800003817360273484e-01 2.741238051888939542e-01 6.549840691852526486e-01 6.873008648156576916e-02 2.162039144287664864e-03 0.000000000000000000e+00
2.225000000000000000e+04 8.900003860739367223e-01 2.770823850705507740e-01 6.492944924897587899e-01 7.111970869367319203e-02 2.503413746017296455e-03 0.000000000000000000e+00
2.250000000000000000e+04 9.000003904118460962e-01 2.775375512061902805e-01 6.510013654984069253e-01 7.032316795630405570e-02 1.137915339098770958e-03 0.000000000000000000e+00
2.275000000000000000e+04 9.100003947497554702e-01 2.748065543923531862e-01 6.514565316340463763e-01 7.191624943104232837e-02 1.820664542558033706e-03 0.000000000000000000e+00
2.300000000000000000e+04 9.200003990876648441e-01 2.715065999089667503e-01 6.568047337278106745e-01 6.986800182066454923e-02 1.820664542558033706e-03 0.000000000000000000e+00
2.325000000000000000e+04 9.300004034255744401e-01 2.702548930359581214e-01 6.585116067364588099e-01 6.964041875284478211e-02 1.593081474738279385e-03 0.000000000000000000e+00
2.350000000000000000e+04 9.400004077634838140e-01 2.688893946290396020e-01 6.593081474738279324e-01 6.964041875284478211e-02 2.162039144287664864e-03 0.000000000000000000e+00
2.375000000000000000e+04 9.500004121013931879e-01 2.687756030951297115e-01 6.630632680928538747e-01 6.781975421028675621e-02 3.413746017296313199e-04 0.000000000000000000e+00
2.400000000000000000e+04 9.600004164393025619e-01 2.702548930359581214e-01 6.588529813381884814e-01 6.918525261720527564e-02 1.706873008648156654e-03 0.000000000000000000e+00
2.425000000000000000e+04 9.700004207772119358e-01 2.677514792899408080e-01 6.611288120163859583e-01 6.952662721893490549e-02 1.593081474738279385e-03 0.000000000000000000e+00
2.450000000000000000e+04 9.800004251151213097e-01 2.642239417387346467e-01 6.656804733727810230e-01 6.884387801547564578e-02 1.251706873008648227e-03 0.000000000000000000e+00
2.475000000000000000e+04 9.900004294530306836e-01 2.622894856622667303e-01 6.661356395084205850e-01 7.111970869367319203e-02 4.551661356395084266e-04 0.000000000000000000e+00
2.500000000000000000e+04 1.000000433790940058e+00 2.634274010013655243e-01 6.665908056440600360e-01 6.884387801547564578e-02 1.137915339098770958e-03 0.000000000000000000e+00
