# itime ezz other fcc hcp bcc ico
0.000000000000000000e+00 0.000000000000000000e+00 0.000000000000000000e+00 1.000000000000000000e+00 0.000000000000000000e+00 0.000000000000000000e+00 0.000000000000000000e+00
2.500000000000000000e+01 9.999783725376243382e-04 0.000000000000000000e+00 1.000000000000000000e+00 0.000000000000000000e+00 0.000000000000000000e+00 0.000000000000000000e+00
5.000000000000000000e+01 1.999956745075026632e-03 0.000000000000000000e+00 1.000000000000000000e+00 0.000000000000000000e+00 0.000000000000000000e+00 0.000000000000000000e+00
7.500000000000000000e+01 2.999935117612650970e-03 0.000000000000000000e+00 1.000000000000000000e+00 0.000000000000000000e+00 0.000000000000000000e+00 0.000000000000000000e+00
1.000000000000000000e+02 3.999913490150053264e-03 0.000000000000000000e+00 1.000000000000000000e+00 0.000000000000000000e+00 0.000000000000000000e+00 0.000000000000000000e+00
1.250000000000000000e+02 4.999891862687677602e-03 0.000000000000000000e+00 1.000000000000000000e+00 0.000000000000000000e+00 0.000000000000000000e+00 0.000000000000000000e+00
1.500000000000000000e+02 5.999870235225301940e-03 0.000000000000000000e+00 1.000000000000000000e+00 0.000000000000000000e+00 0.000000000000000000e+00 0.000000000000000000e+00
1.750000000000000000e+02 6.999848607762704233e-03 0.000000000000000000e+00 1.000000000000000000e+00 0.000000000000000000e+00 0.000000000000000000e+00 0.000000000000000000e+00
2.000000000000000000e+02 7.999826980300328572e-03 0.000000000000000000e+00 1.000000000000000000e+00 0.000000000000000000e+00 0.000000000000000000e+00 0.000000000000000000e+00
2.250000000000000000e+02 8.999805352837730865e-03 0.000000000000000000e+00 1.000000000000000000e+00 0.000000000000000000e+00 0.000000000000000000e+00 0.000000000000000000e+00
2.500000000000000000e+02 9.999783725375355203e-03 0.000000000000000000e+00 1.000000000000000000e+00 0.000000000000000000e+00 0.000000000000000000e+00 0.000000000000000000e+00
2.750000000000000000e+02 1.099976209791297954e-02 0.000000000000000000e+00 1.000000000000000000e+00 0.000000000000000000e+00 0.000000000000000000e+00 0.000000000000000000e+00
3.000000000000000000e+02 1.199974047045038184e-02 0.000000000000000000e+00 1.000000000000000000e+00 0.000000000000000000e+00 0.000000000000000000e+00 0.000000000000000000e+00
3.250000000000000000e+02 1.299971884298800617e-02 0.000000000000000000e+00 1.000000000000000000e+00 0.000000000000000000e+00 0.000000000000000000e+00 0.000000000000000000e+00
3.500000000000000000e+02 1.399969721552540847e-02 0.000000000000000000e+00 1.000000000000000000e+00 0.000000000000000000e+00 0.000000000000000000e+00 0.000000000000000000e+00
3.750000000000000000e+02 1.499967558806303281e-02 0.000000000000000000e+00 1.000000000000000000e+00 0.000000000000000000e+00 0.000000000000000000e+00 0.000000000000000000e+00
4.000000000000000000e+02 1.599965396060065714e-02 0.000000000000000000e+00 1.000000000000000000e+00 0.000000000000000000e+00 0.000000000000000000e+00 0.000000000000000000e+00
4.250000000000000000e+02 1.699963233313805944e-02 0.000000000000000000e+00 1.000000000000000000e+00 0.000000000000000000e+00 0.000000000000000000e+00 0.000000000000000000e+00
4.500000000000000000e+02 1.799961070567568377e-02 0.000000000000000000e+00 1.000000000000000000e+00 0.000000000000000000e+00 0.000000000000000000e+00 0.000000000000000000e+00
4.750000000000000000e+02 1.899958907821330811e-02 0.000000000000000000e+00 1.000000000000000000e+00 0.000000000000000000e+00 0.000000000000000000e+00 0.000000000000000000e+00
5.000000000000000000e+02 1.999956745075071041e-02 0.000000000000000000e+00 1.000000000000000000e+00 0.000000000000000000e+00 0.000000000000000000e+00 0.000000000000000000e+00
5.250000000000000000e+02 2.099954582328833474e-02 0.000000000000000000e+00 1.000000000000000000e+00 0.000000000000000000e+00 0.000000000000000000e+00 0.000000000000000000e+00
5.500000000000000000e+02 2.199952419582573704e-02 0.000000000000000000e+00 1.000000000000000000e+00 0.000000000000000000e+00 0.000000000000000000e+00 0.000000000000000000e+00
5.750000000000000000e+02 2.299950256836336138e-02 0.000000000000000000e+00 1.000000000000000000e+00 0.000000000000000000e+00 0.000000000000000000e+00 0.000000000000000000e+00
6.000000000000000000e+02 2.399948094090098571e-02 0.000000000000000000e+00 1.000000000000000000e+00 0.000000000000000000e+00 0.000000000000000000e+00 0.000000000000000000e+00
6.250000000000000000e+02 2.499945931343838801e-02 0.000000000000000000e+00 1.000000000000000000e+00 0.000000000000000000e+00 0.000000000000000000e+00 0.000000000000000000e+00
6.500000000000000000e+02 2.599943768597601235e-02 0.000000000000000000e+00 1.000000000000000000e+00 0.000000000000000000e+00 0.000000000000000000e+00 0.000000000000000000e+00
6.750000000000000000e+02 2.699941605851341464e-02 0.000000000000000000e+00 1.000000000000000000e+00 0.000000000000000000e+00 0.000000000000000000e+00 0.000000000000000000e+00
7.000000000000000000e+02 2.799939443105103898e-02 0.000000000000000000e+00 1.000000000000000000e+00 0.000000000000000000e+00 0.000000000000000000e+00 0.000000000000000000e+00
7.250000000000000000e+02 2.899937280358866332e-02 0.000000000000000000e+00 1.000000000000000000e+00 0.000000000000000000e+00 0.000000000000000000e+00 0.000000000000000000e+00
7.500000000000000000e+02 2.999935117612606561e-02 0.000000000000000000e+00 1.000000000000000000e+00 0.000000000000000000e+00 0.000000000000000000e+00 0.000000000000000000e+00
7.750000000000000000e+02 3.099932954866368995e-02 0.000000000000000000e+00 1.000000000000000000e+00 0.000000000000000000e+00 0.000000000000000000e+00 0.000000000000000000e+00
8.000000000000000000e+02 3.199930792120109224e-02 0.000000000000000000e+00 1.000000000000000000e+00 0.000000000000000000e+00 0.000000000000000000e+00 0.000000000000000000e+00
8.250000000000000000e+02 3.299928629373871658e-02 0.000000000000000000e+00 1.000000000000000000e+00 0.000000000000000000e+00 0.000000000000000000e+00 0.000000000000000000e+00
8.500000000000000000e+02 3.399926466627634092e-02 0.000000000000000000e+00 1.000000000000000000e+00 0.000000000000000000e+00 0.000000000000000000e+00 0.000000000000000000e+00
8.750000000000000000e+02 3.499924303881374321e-02 0.000000000000000000e+00 1.000000000000000000e+00 0.000000000000000000e+00 0.000000000000000000e+00 0.000000000000000000e+00
9.000000000000000000e+02 3.599922141135136755e-02 0.000000000000000000e+00 1.000000000000000000e+00 0.000000000000000000e+00 0.000000000000000000e+00 0.000000000000000000e+00
9.250000000000000000e+02 3.699919978388876984e-02 0.000000000000000000e+00 1.000000000000000000e+00 0.000000000000000000e+00 0.000000000000000000e+00 0.000000000000000000e+00
9.500000000000000000e+02 3.799917815642639418e-02 0.000000000000000000e+00 1.000000000000000000e+00 0.000000000000000000e+00 0.000000000000000000e+00 0.000000000000000000e+00
9.750000000000000000e+02 3.899915652896401852e-02 0.000000000000000000e+00 1.000000000000000000e+00 0.000000000000000000e+00 0.000000000000000000e+00 0.000000000000000000e+00
1.000000000000000000e+03 3.999913490150142081e-02 0.000000000000000000e+00 1.000000000000000000e+00 0.000000000000000000e+00 0.000000000000000000e+00 0.000000000000000000e+00
1.025000000000000000e+03 4.099911327403904515e-02 0.000000000000000000e+00 1.000000000000000000e+00 0.000000000000000000e+00 0.000000000000000000e+00 0.000000000000000000e+00
1.050000000000000000e+03 4.199909164657644745e-02 0.000000000000000000e+00 1.000000000000000000e+00 0.000000000000000000e+00 0.000000000000000000e+00 0.000000000000000000e+00
1.075000000000000000e+03 4.299907001911407178e-02 0.000000000000000000e+00 1.000000000000000000e+00 0.000000000000000000e+00 0.000000000000000000e+00 0.000000000000000000e+00
1.100000000000000000e+03 4.399904839165169612e-02 0.000000000000000000e+00 1.000000000000000000e+00 0.000000000000000000e+00 0.000000000000000000e+00 0.000000000000000000e+00
1.125000000000000000e+03 4.499902676418909842e-02 0.000000000000000000e+00 1.000000000000000000e+00 0.000000000000000000e+00 0.000000000000000000e+00 0.000000000000000000e+00
1.150000000000000000e+03 4.599900513672672275e-02 0.000000000000000000e+00 1.000000000000000000e+00 0.000000000000000000e+00 0.000000000000000000e+00 0.000000000000000000e+00
1.175000000000000000e+03 4.699898350926434709e-02 0.000000000000000000e+00 1.000000000000000000e+00 0.000000000000000000e+00 0.000000000000000000e+00 0.000000000000000000e+00
1.200000000000000000e+03 4.799896188180174939e-02 0.000000000000000000e+00 1.000000000000000000e+00 0.000000000000000000e+00 0.000000000000000000e+00 0.000000000000000000e+00
1.225000000000000000e+03 4.899894025433937372e-02 0.000000000000000000e+00 1.000000000000000000e+00 0.000000000000000000e+00 0.000000000000000000e+00 0.000000000000000000e+00
1.250000000000000000e+03 4.999891862687677602e-02 0.000000000000000000e+00 1.000000000000000000e+00 0.000000000000000000e+00 0.000000000000000000e+00 0.000000000000000000e+00
1.275000000000000000e+03 5.099889699941440036e-02 0.000000000000000000e+00 1.000000000000000000e+00 0.000000000000000000e+00 0.000000000000000000e+00 0.000000000000000000e+00
1.300000000000000000e+03 5.199887537195202469e-02 0.000000000000000000e+00 1.000000000000000000e+00 0.000000000000000000e+00 0.000000000000000000e+00 0.000000000000000000e+00
1.325000000000000000e+03 5.299885374448942699e-02 0.000000000000000000e+00 1.000000000000000000e+00 0.000000000000000000e+00 0.000000000000000000e+00 0.000000000000000000e+00
1.350000000000000000e+03 5.399883211702705132e-02 0.000000000000000000e+00 1.000000000000000000e+00 0.000000000000000000e+00 0.000000000000000000e+00 0.000000000000000000e+00
1.375000000000000000e+03 5.499881048956445362e-02 0.000000000000000000e+00 1.000000000000000000e+00 0.000000000000000000e+00 0.000000000000000000e+00 0.000000000000000000e+00
1.400000000000000000e+03 5.599878886210207796e-02 0.000000000000000000e+00 1.000000000000000000e+00 0.000000000000000000e+00 0.000000000000000000e+00 0.000000000000000000e+00
1.425000000000000000e+03 5.699876723463970229e-02 0.000000000000000000e+00 1.000000000000000000e+00 0.000000000000000000e+00 0.000000000000000000e+00 0.000000000000000000e+00
1.450000000000000000e+03 5.799874560717710459e-02 0.000000000000000000e+00 1.000000000000000000e+00 0.000000000000000000e+00 0.000000000000000000e+00 0.000000000000000000e+00
1.475000000000000000e+03 5.899872397971472893e-02 0.000000000000000000e+00 1.000000000000000000e+00 0.000000000000000000e+00 0.000000000000000000e+00 0.000000000000000000e+00
1.500000000000000000e+03 5.999870235225213122e-02 0.000000000000000000e+00 1.000000000000000000e+00 0.000000000000000000e+00 0.000000000000000000e+00 0.000000000000000000e+00
1.525000000000000000e+03 6.099868072478975556e-02 2.275830678197542133e-04 9.997724169321802190e-01 0.000000000000000000e+00 0.000000000000000000e+00 0.000000000000000000e+00
1.550000000000000000e+03 6.199865909732737990e-02 0.000000000000000000e+00 1.000000000000000000e+00 0.000000000000000000e+00 0.000000000000000000e+00 0.000000000000000000e+00
1.575000000000000000e+03 6.299863746986478219e-02 0.000000000000000000e+00 1.000000000000000000e+00 0.000000000000000000e+00 0.000000000000000000e+00 0.000000000000000000e+00
1.600000000000000000e+03 6.399861584240240653e-02 0.000000000000000000e+00 1.000000000000000000e+00 0.000000000000000000e+00 0.000000000000000000e+00 0.000000000000000000e+00
1.625000000000000000e+03 6.499859421493980882e-02 0.000000000000000000e+00 1.000000000000000000e+00 0.000000000000000000e+00 0.000000000000000000e+00 0.000000000000000000e+00
1.650000000000000000e+03 6.599857258747743316e-02 0.000000000000000000e+00 1.000000000000000000e+00 0.000000000000000000e+00 0.000000000000000000e+00 0.000000000000000000e+00
1.675000000000000000e+03 6.699855096001505750e-02 0.000000000000000000e+00 1.000000000000000000e+00 0.000000000000000000e+00 0.000000000000000000e+00 0.000000000000000000e+00
1.700000000000000000e+03 6.799852933255245979e-02 0.000000000000000000e+00 1.000000000000000000e+00 0.000000000000000000e+00 0.000000000000000000e+00 0.000000000000000000e+00
1.725000000000000000e+03 6.899850770509008413e-02 0.000000000000000000e+00 1.000000000000000000e+00 0.000000000000000000e+00 0.000000000000000000e+00 0.000000000000000000e+00
1.750000000000000000e+03 6.999848607762748642e-02 0.000000000000000000e+00 1.000000000000000000e+00 0.000000000000000000e+00 0.000000000000000000e+00 0.000000000000000000e+00
1.775000000000000000e+03 7.099846445016511076e-02 4.551661356395084266e-04 9.995448338643604380e-01 0.000000000000000000e+00 0.000000000000000000e+00 0.000000000000000000e+00
1.800000000000000000e+03 7.199844282270273510e-02 0.000000000000000000e+00 1.000000000000000000e+00 0.000000000000000000e+00 0.000000000000000000e+00 0.000000000000000000e+00
1.825000000000000000e+03 7.299842119524013739e-02 2.275830678197542133e-04 9.997724169321802190e-01 0.000000000000000000e+00 0.000000000000000000e+00 0.000000000000000000e+00
1.850000000000000000e+03 7.399839956777776173e-02 0.000000000000000000e+00 1.000000000000000000e+00 0.000000000000000000e+00 0.000000000000000000e+00 0.000000000000000000e+00
1.875000000000000000e+03 7.499837794031538607e-02 2.275830678197542133e-04 9.997724169321802190e-01 0.000000000000000000e+00 0.000000000000000000e+00 0.000000000000000000e+00
1.900000000000000000e+03 7.599835631285278836e-02 0.000000000000000000e+00 1.000000000000000000e+00 0.000000000000000000e+00 0.000000000000000000e+00 0.000000000000000000e+00
1.925000000000000000e+03 7.699833468539041270e-02 0.000000000000000000e+00 1.000000000000000000e+00 0.000000000000000000e+00 0.000000000000000000e+00 0.000000000000000000e+00
1.950000000000000000e+03 7.799831305792781500e-02 2.275830678197542133e-04 9.997724169321802190e-01 0.000000000000000000e+00 0.000000000000000000e+00 0.000000000000000000e+00
1.975000000000000000e+03 7.899829143046543933e-02 0.000000000000000000e+00 1.000000000000000000e+00 0.000000000000000000e+00 0.000000000000000000e+00 0.000000000000000000e+00
2.000000000000000000e+03 7.999826980300306367e-02 0.000000000000000000e+00 1.000000000000000000e+00 0.000000000000000000e+00 0.000000000000000000e+00 0.000000000000000000e+00
2.025000000000000000e+03 8.099824817554046597e-02 7.965407373691396923e-04 9.992034592626308775e-01 0.000000000000000000e+00 0.000000000000000000e+00 0.000000000000000000e+00
2.050000000000000000e+03 8.199822654807809030e-02 1.137915339098771066e-04 9.998862084660901095e-01 0.000000000000000000e+00 0.000000000000000000e+00 0.000000000000000000e+00
2.075000000000000000e+03 8.299820492061549260e-02 1.137915339098771066e-04 9.998862084660901095e-01 0.000000000000000000e+00 0.000000000000000000e+00 0.000000000000000000e+00
2.100000000000000000e+03 8.399818329315311694e-02 3.413746017296313199e-04 9.996586253982703285e-01 0.000000000000000000e+00 0.000000000000000000e+00 0.000000000000000000e+00
2.125000000000000000e+03 8.499816166569074127e-02 7.965407373691396923e-04 9.992034592626308775e-01 0.000000000000000000e+00 0.000000000000000000e+00 0.000000000000000000e+00
2.150000000000000000e+03 8.599814003822814357e-02 5.689576695493854790e-04 9.994310423304506585e-01 0.000000000000000000e+00 0.000000000000000000e+00 0.000000000000000000e+00
2.175000000000000000e+03 8.699811841076576790e-02 1.137915339098770958e-03 9.987482931269913156e-01 0.000000000000000000e+00 1.137915339098771066e-04 0.000000000000000000e+00
2.200000000000000000e+03 8.799809678330317020e-02 0.000000000000000000e+00 1.000000000000000000e+00 0.000000000000000000e+00 0.000000000000000000e+00 0.000000000000000000e+00
2.225000000000000000e+03 8.899807515584079454e-02 1.024123805188893906e-03 9.989758761948110966e-01 0.000000000000000000e+00 0.000000000000000000e+00 0.000000000000000000e+00
2.250000000000000000e+03 8.999805352837841887e-02 1.137915339098771066e-04 9.998862084660901095e-01 0.000000000000000000e+00 0.000000000000000000e+00 0.000000000000000000e+00
2.275000000000000000e+03 9.099803190091582117e-02 9.103322712790168532e-04 9.990896677287209870e-01 0.000000000000000000e+00 0.000000000000000000e+00 0.000000000000000000e+00
2.300000000000000000e+03 9.199801027345344551e-02 1.593081474738279385e-03 9.984069185252617551e-01 0.000000000000000000e+00 0.000000000000000000e+00 0.000000000000000000e+00
2.325000000000000000e+03 9.299798864599084780e-02 1.024123805188893906e-03 9.989758761948110966e-01 0.000000000000000000e+00 0.000000000000000000e+00 0.000000000000000000e+00
2.350000000000000000e+03 9.399796701852847214e-02 1.479289940828402332e-03 9.982931269913518646e-01 0.000000000000000000e+00 2.275830678197542133e-04 0.000000000000000000e+00
2.375000000000000000e+03 9.499794539106609648e-02 2.162039144287664864e-03 9.977241693218024121e-01 0.000000000000000000e+00 1.137915339098771066e-04 0.000000000000000000e+00
2.400000000000000000e+03 9.599792376360349877e-02 6.827492034592626399e-04 9.993172507965407680e-01 0.000000000000000000e+00 0.000000000000000000e+00 0.000000000000000000e+00
2.425000000000000000e+03 9.699790213614112311e-02 1.137915339098770958e-03 9.988620846609012061e-01 0.000000000000000000e+00 0.000000000000000000e+00 0.000000000000000000e+00
2.450000000000000000e+03 9.799788050867852540e-02 1.820664542558033706e-03 9.981793354574419741e-01 0.000000000000000000e+00 0.000000000000000000e+00 0.000000000000000000e+00
2.475000000000000000e+03 9.899785888121614974e-02 6.827492034592626399e-04 9.993172507965407680e-01 0.000000000000000000e+00 0.000000000000000000e+00 0.000000000000000000e+00
2.500000000000000000e+03 9.999783725375377408e-02 2.275830678197541916e-03 9.977241693218024121e-01 0.000000000000000000e+00 0.000000000000000000e+00 0.000000000000000000e+00
2.525000000000000000e+03 1.009978156262911764e-01 1.593081474738279385e-03 9.984069185252617551e-01 0.000000000000000000e+00 0.000000000000000000e+00 0.000000000000000000e+00
2.550000000000000000e+03 1.019977939988288007e-01 3.868912152935821518e-03 9.957897132453344957e-01 0.000000000000000000e+00 3.413746017296313199e-04 0.000000000000000000e+00
2.575000000000000000e+03 1.029977723713664250e-01 2.275830678197541916e-03 9.974965862539827421e-01 0.000000000000000000e+00 2.275830678197542133e-04 0.000000000000000000e+00
2.600000000000000000e+03 1.039977507439038273e-01 1.706873008648156654e-03 9.982931269913518646e-01 0.000000000000000000e+00 0.000000000000000000e+00 0.000000000000000000e+00
2.625000000000000000e+03 1.049977291164414517e-01 4.665452890304961318e-03 9.953345471096950448e-01 0.000000000000000000e+00 0.000000000000000000e+00 0.000000000000000000e+00
2.650000000000000000e+03 1.059977074889788540e-01 3.641329085116067413e-03 9.962448793809740577e-01 0.000000000000000000e+00 1.137915339098771066e-04 0.000000000000000000e+00
2.675000000000000000e+03 1.069976858615164783e-01 4.324078288575329727e-03 9.952207555757851543e-01 0.000000000000000000e+00 4.551661356395084266e-04 0.000000000000000000e+00
2.700000000000000000e+03 1.079976642340541026e-01 8.648156577150659455e-03 9.912380518889394310e-01 0.000000000000000000e+00 1.137915339098771066e-04 0.000000000000000000e+00
2.725000000000000000e+03 1.089976426065915049e-01 7.851615839781519654e-03 9.914656349567592120e-01 0.000000000000000000e+00 6.827492034592626399e-04 0.000000000000000000e+00
2.750000000000000000e+03 1.099976209791291293e-01 1.035502958579881741e-02 9.889622212107419541e-01 0.000000000000000000e+00 6.827492034592626399e-04 0.000000000000000000e+00
2.775000000000000000e+03 1.109975993516665316e-01 8.761948111060537808e-03 9.908966772872098705e-01 0.000000000000000000e+00 3.413746017296313199e-04 0.000000000000000000e+00
2.800000000000000000e+03 1.119975777242041559e-01 9.103322712790167665e-03 9.907828857532999800e-01 0.000000000000000000e+00 1.137915339098771066e-04 0.000000000000000000e+00
2.825000000000000000e+03 1.129975560967417803e-01 1.308602639963586667e-02 9.853208921256259023e-01 0.000000000000000000e+00 1.593081474738279385e-03 0.000000000000000000e+00
2.850000000000000000e+03 1.139975344692791825e-01 1.308602639963586667e-02 9.857760582612653533e-01 0.000000000000000000e+00 1.137915339098770958e-03 0.000000000000000000e+00
2.875000000000000000e+03 1.149975128418168069e-01 1.433773327264451468e-02 9.847519344560764498e-01 0.000000000000000000e+00 9.103322712790168532e-04 0.000000000000000000e+00
2.900000000000000000e+03 1.159974912143542092e-01 2.287209831588529751e-02 9.748520710059171979e-01 0.000000000000000000e+00 2.275830678197541916e-03 0.000000000000000000e+00
2.925000000000000000e+03 1.169974695868918335e-01 2.605826126536185672e-02 9.693900773782430091e-01 0.000000000000000000e+00 4.551661356395083832e-03 0.000000000000000000e+00
2.950000000000000000e+03 1.179974479594294579e-01 4.107874374146563284e-02 9.509558488848429691e-01 0.000000000000000000e+00 7.965407373691398007e-03 0.000000000000000000e+00
2.975000000000000000e+03 1.189974263319668601e-01 4.813381884387801790e-02 9.321802457897132577e-01 0.000000000000000000e+00 1.968593536640873831e-02 0.000000000000000000e+00
3.000000000000000000e+03 1.199974047045044845e-01 6.986800182066454923e-02 8.833636777423760078e-01 0.000000000000000000e+00 4.676832043695949154e-02 0.000000000000000000e+00
3.025000000000000000e+03 1.209973830770418868e-01 1.061675011379153433e-01 7.980200273099681274e-01 0.000000000000000000e+00 9.581247155211652933e-02 0.000000000000000000e+00
3.050000000000000000e+03 1.219973614495795111e-01 1.477014110150204895e-01 6.733045061447427981e-01 0.000000000000000000e+00 1.789940828402366846e-01 0.000000000000000000e+00
3.075000000000000000e+03 1.229973398221171355e-01 2.229176149294492537e-01 4.956759217114246607e-01 0.000000000000000000e+00 2.814064633591260578e-01 0.000000000000000000e+00
3.100000000000000000e+03 1.239973181946545377e-01 3.165680473372781134e-01 3.148611743286299225e-01 4.551661356395084266e-04 3.681156121984524576e-01 0.000000000000000000e+00
3.125000000000000000e+03 1.249972965671921621e-01 3.863222576240327721e-01 1.904870277651342647e-01 1.024123805188893906e-03 4.221665908056440597e-01 0.000000000000000000e+00
3.150000000000000000e+03 1.259972749397295644e-01 3.738051888939463163e-01 1.654528903049612976e-01 1.820664542558033706e-03 4.589212562585343602e-01 0.000000000000000000e+00
3.175000000000000000e+03 1.269972533122671887e-01 3.086026399635867223e-01 1.794492489758761911e-01 4.551661356395083832e-03 5.073964497041419941e-01 0.000000000000000000e+00
3.200000000000000000e+03 1.279972316848048131e-01 3.150887573964497035e-01 1.522530723714155543e-01 6.372325898953117539e-03 5.262858443331815961e-01 0.000000000000000000e+00
3.225000000000000000e+03 1.289972100573422154e-01 3.321574874829312796e-01 1.249431042330450548e-01 6.486117432862995025e-03 5.364132908511606290e-01 0.000000000000000000e+00
3.250000000000000000e+03 1.299971884298798397e-01 3.076923076923077094e-01 1.140191169776968577e-01 6.599908966772872511e-03 5.716886663632225751e-01 0.000000000000000000e+00
3.275000000000000000e+03 1.309971668024174640e-01 2.769685935366408835e-01 1.228948566226672756e-01 1.411015020482476144e-02 5.860263996358671124e-01 0.000000000000000000e+00
3.300000000000000000e+03 1.319971451749548663e-01 2.622894856622667303e-01 1.209604005461993592e-01 2.048247610377787811e-02 5.962676376877560358e-01 0.000000000000000000e+00
3.325000000000000000e+03 1.329971235474924907e-01 2.682066454255803145e-01 1.094674556213017791e-01 3.208921256258534527e-02 5.902366863905325056e-01 0.000000000000000000e+00
3.350000000000000000e+03 1.339971019200298930e-01 2.874374146563495880e-01 1.065088757396449731e-01 5.029585798816568060e-02 5.557578516158397930e-01 0.000000000000000000e+00
3.375000000000000000e+03 1.349970802925675173e-01 3.190714610832954268e-01 1.169776968593536637e-01 6.508875739644970349e-02 4.988620846609012061e-01 0.000000000000000000e+00
3.400000000000000000e+03 1.359970586651051416e-01 3.443331816112881194e-01 1.391670459717797015e-01 8.773327264451524776e-02 4.287664997724169313e-01 0.000000000000000000e+00
3.425000000000000000e+03 1.369970370376425439e-01 3.678880291306326766e-01 1.688666363222576239e-01 1.194811106053709632e-01 3.437642239417387224e-01 0.000000000000000000e+00
3.450000000000000000e+03 1.379970154101801683e-01 3.783568502503413811e-01 1.911697769685935244e-01 1.527082385070550885e-01 2.777651342740100060e-01 0.000000000000000000e+00
3.475000000000000000e+03 1.389969937827175706e-01 3.878015475648611821e-01 2.041420118343195145e-01 1.755803368229403860e-01 2.324761037778789174e-01 0.000000000000000000e+00
3.500000000000000000e+03 1.399969721552551949e-01 4.004324078288575284e-01 2.061902594446973214e-01 1.849112426035502965e-01 2.084660901228948537e-01 0.000000000000000000e+00
3.525000000000000000e+03 1.409969505277928192e-01 3.969048702776513671e-01 2.126763768775603025e-01 1.976558944014565333e-01 1.927628584433318248e-01 0.000000000000000000e+00
3.550000000000000000e+03 1.419969289003302215e-01 3.961083295402821891e-01 2.113108784706417831e-01 2.065316340464269373e-01 1.860491579426490627e-01 0.000000000000000000e+00
3.575000000000000000e+03 1.429969072728678459e-01 3.887118798361401950e-01 2.086936731907146070e-01 2.129039599453800558e-01 1.896904870277651423e-01 0.000000000000000000e+00
3.600000000000000000e+03 1.439968856454052482e-01 3.928083750568957533e-01 1.994765589440145592e-01 2.137005006827492060e-01 1.940145653163404538e-01 0.000000000000000000e+00
3.625000000000000000e+03 1.449968640179428725e-01 3.885980883022303045e-01 1.974283113336367801e-01 2.170004551661356418e-01 1.969731451979972736e-01 0.000000000000000000e+00
3.650000000000000000e+03 1.459968423904804968e-01 3.981565771506599960e-01 1.972007282658170269e-01 2.170004551661356418e-01 1.876422394173873354e-01 0.000000000000000000e+00
3.675000000000000000e+03 1.469968207630178991e-01 3.949704142011834507e-01 1.908284023668639084e-01 2.246244879380974169e-01 1.895766954938552518e-01 0.000000000000000000e+00
3.700000000000000000e+03 1.479967991355555235e-01 4.079426490669094130e-01 1.883249886208466228e-01 2.286071916249431124e-01 1.751251706873008518e-01 0.000000000000000000e+00
3.725000000000000000e+03 1.489967775080929258e-01 4.003186162949476379e-01 1.923076923076923184e-01 2.280382339553937154e-01 1.793354574419663283e-01 0.000000000000000000e+00
3.750000000000000000e+03 1.499967558806305501e-01 4.202321347291761433e-01 1.868456986800182129e-01 2.320209376422394110e-01 1.609012289485662328e-01 0.000000000000000000e+00
3.775000000000000000e+03 1.509967342531681744e-01 4.180700955848885014e-01 1.809285389167046010e-01 2.448793809740555383e-01 1.561219845243513871e-01 0.000000000000000000e+00
3.800000000000000000e+03 1.519967126257055767e-01 4.196631770596267463e-01 1.835457441966317771e-01 2.568274920345926526e-01 1.399635867091488517e-01 0.000000000000000000e+00
3.825000000000000000e+03 1.529966909982432011e-01 4.205735093309057593e-01 1.858215748748293095e-01 2.627446517979062368e-01 1.308602639963586667e-01 0.000000000000000000e+00
3.850000000000000000e+03 1.539966693707806034e-01 4.128356850250341492e-01 1.945835229858898507e-01 2.730996813837050508e-01 1.194811106053709632e-01 0.000000000000000000e+00
3.875000000000000000e+03 1.549966477433182277e-01 4.285389167045971504e-01 2.002730996813837094e-01 2.816340464269458388e-01 8.955393718707328754e-02 0.000000000000000000e+00
3.900000000000000000e+03 1.559966261158558520e-01 4.325216203914428736e-01 2.032316795630405015e-01 2.868684569868001910e-01 7.737824305871643382e-02 0.000000000000000000e+00
3.925000000000000000e+03 1.569966044883932543e-01 4.312699135184342447e-01 2.048247610377788019e-01 2.927856167501137752e-01 7.111970869367319203e-02 0.000000000000000000e+00
3.950000000000000000e+03 1.579965828609308787e-01 4.196631770596267463e-01 2.102867546654528796e-01 2.974510696404187304e-01 7.259899863450158808e-02 0.000000000000000000e+00
3.975000000000000000e+03 1.589965612334685030e-01 4.126081019572143682e-01 2.182521620391442985e-01 2.988165680473373054e-01 7.032316795630405570e-02 0.000000000000000000e+00
4.000000000000000000e+03 1.599965396060059053e-01 4.127218934911242587e-01 2.231451979972690070e-01 2.958579881656804855e-01 6.827492034592626269e-02 0.000000000000000000e+00
4.025000000000000000e+03 1.609965179785435296e-01 4.165908056440600915e-01 2.253072371415566766e-01 2.991579426490669213e-01 5.894401456531633832e-02 0.000000000000000000e+00
4.050000000000000000e+03 1.619964963510809319e-01 3.997496586253982964e-01 2.348657259899863403e-01 3.045061447428311086e-01 6.087847064178425471e-02 0.000000000000000000e+00
4.075000000000000000e+03 1.629964747236185563e-01 4.020254893035958288e-01 2.381656804733727761e-01 3.066681838871188059e-01 5.314064633591260994e-02 0.000000000000000000e+00
4.100000000000000000e+03 1.639964530961561806e-01 4.095357305416477134e-01 2.350933090578060936e-01 3.091715976331361193e-01 4.619936276741010150e-02 0.000000000000000000e+00
4.125000000000000000e+03 1.649964314686935829e-01 4.062357760582612776e-01 2.378243058716431602e-01 3.015475648611743442e-01 5.439235320892125969e-02 0.000000000000000000e+00
4.150000000000000000e+03 1.659964098412312072e-01 4.007737824305871444e-01 2.447655894401456478e-01 3.004096495220755503e-01 5.405097860719162289e-02 0.000000000000000000e+00
4.175000000000000000e+03 1.669963882137686095e-01 4.015703231679563223e-01 2.459035047792444140e-01 3.051888939462903960e-01 4.733727810650887463e-02 0.000000000000000000e+00
4.200000000000000000e+03 1.679963665863062339e-01 4.004324078288575284e-01 2.478379608557123304e-01 3.064406008192990249e-01 4.528903049613108855e-02 0.000000000000000000e+00
4.225000000000000000e+03 1.689963449588438582e-01 3.973600364132908735e-01 2.506827492034592875e-01 3.081474738279472159e-01 4.380974055530268557e-02 0.000000000000000000e+00
4.250000000000000000e+03 1.699963233313812605e-01 4.037323623122439642e-01 2.500000000000000000e-01 3.086026399635867223e-01 3.766499772416932040e-02 0.000000000000000000e+00
4.275000000000000000e+03 1.709963017039188848e-01 3.972462448793809831e-01 2.562585343650432557e-01 3.081474738279472159e-01 3.834774692762858705e-02 0.000000000000000000e+00
4.300000000000000000e+03 1.719962800764562871e-01 3.911015020482476179e-01 2.646791078743741532e-01 3.087164314974966128e-01 3.550295857988165771e-02 0.000000000000000000e+00
4.325000000000000000e+03 1.729962584489939115e-01 3.881429221665907980e-01 2.724169321802457633e-01 3.101957214383249672e-01 2.924442421483841592e-02 0.000000000000000000e+00
4.350000000000000000e+03 1.739962368215315358e-01 3.992944924897587344e-01 2.783340919435594030e-01 2.971096950386891145e-01 2.526172052799271692e-02 0.000000000000000000e+00
4.375000000000000000e+03 1.749962151940689381e-01 3.944014565316340537e-01 2.890304961310878329e-01 2.922166590805644337e-01 2.435138825671370050e-02 0.000000000000000000e+00
4.400000000000000000e+03 1.759961935666065624e-01 3.924670004551661373e-01 2.983614019116977434e-01 2.889167045971779424e-01 2.025489303595812488e-02 0.000000000000000000e+00
4.425000000000000000e+03 1.769961719391439647e-01 3.808602639963586944e-01 3.073509330905780379e-01 2.900546199362767363e-01 2.173418297678652786e-02 0.000000000000000000e+00
4.450000000000000000e+03 1.779961503116815891e-01 3.867774237596722786e-01 3.099681383705052418e-01 2.886891215293582169e-01 1.456531634046426965e-02 0.000000000000000000e+00
4.475000000000000000e+03 1.789961286842192134e-01 3.842740100136549652e-01 3.106508875739644737e-01 2.859581247155211781e-01 1.911697769685935522e-02 0.000000000000000000e+00
4.500000000000000000e+03 1.799961070567566157e-01 3.846153846153846367e-01 3.119025944469731582e-01 2.836822940373236457e-01 1.979972690031861493e-02 0.000000000000000000e+00
4.525000000000000000e+03 1.809960854292942400e-01 3.848429676832043622e-01 3.157715065999089910e-01 2.823167956304050707e-01 1.706873008648156567e-02 0.000000000000000000e+00
4.550000000000000000e+03 1.819960638018316423e-01 3.843878015475648557e-01 3.190714610832954268e-01 2.799271734182977034e-01 1.661356395084205573e-02 0.000000000000000000e+00
4.575000000000000000e+03 1.829960421743692667e-01 3.830223031406463363e-01 3.221438324988620816e-01 2.765134274010013771e-01 1.832043695949021542e-02 0.000000000000000000e+00
4.600000000000000000e+03 1.839960205469068910e-01 3.876877560309512916e-01 3.243058716431497235e-01 2.687756030951297115e-01 1.923076923076923184e-02 0.000000000000000000e+00
4.625000000000000000e+03 1.849959989194442933e-01 3.891670459717797015e-01 3.299954483386435822e-01 2.629722348657259623e-01 1.786527082385070547e-02 0.000000000000000000e+00
4.650000000000000000e+03 1.859959772919819176e-01 3.846153846153846367e-01 3.328402366863905115e-01 2.655894401456531662e-01 1.695493855257168905e-02 0.000000000000000000e+00
4.675000000000000000e+03 1.869959556645195420e-01 3.855257168866636497e-01 3.352298588984979344e-01 2.629722348657259623e-01 1.627218934911242587e-02 0.000000000000000000e+00
4.700000000000000000e+03 1.879959340370569443e-01 3.832498862084661173e-01 3.446745562130177354e-01 2.562585343650432557e-01 1.581702321347291593e-02 0.000000000000000000e+00
4.725000000000000000e+03 1.889959124095945686e-01 3.838188438780154588e-01 3.532089212562585234e-01 2.492034592626308498e-01 1.376877560309512985e-02 0.000000000000000000e+00
4.750000000000000000e+03 1.899958907821319709e-01 3.760810195721438487e-01 3.685707783340919641e-01 2.398725534820209393e-01 1.547564861174328607e-02 0.000000000000000000e+00
4.775000000000000000e+03 1.909958691546695952e-01 3.759672280382339582e-01 3.734638142922166448e-01 2.355484751934456000e-01 1.502048247610377786e-02 0.000000000000000000e+00
4.800000000000000000e+03 1.919958475272072196e-01 3.731224396904870289e-01 3.827947200728265553e-01 2.322485207100591642e-01 1.183431952662721866e-02 0.000000000000000000e+00
4.825000000000000000e+03 1.929958258997446219e-01 3.755120619025944517e-01 3.892808375056895920e-01 2.226900318616295005e-01 1.251706873008648184e-02 0.000000000000000000e+00
4.850000000000000000e+03 1.939958042722822462e-01 3.755120619025944517e-01 4.003186162949476379e-01 2.143832498862084657e-01 9.786071916249430847e-03 0.000000000000000000e+00
4.875000000000000000e+03 1.949957826448196485e-01 3.707328174783796060e-01 4.153390987710514071e-01 2.024351388256713791e-01 1.149294492489758707e-02 0.000000000000000000e+00
4.900000000000000000e+03 1.959957610173572728e-01 3.634501593081474469e-01 4.313837050523440797e-01 1.942421483841602070e-01 1.092398725534820224e-02 0.000000000000000000e+00
4.925000000000000000e+03 1.969957393898948972e-01 3.619708693673190925e-01 4.402594446973145392e-01 1.868456986800182129e-01 1.092398725534820224e-02 0.000000000000000000e+00
4.950000000000000000e+03 1.979957177624322995e-01 3.587847064178424916e-01 4.509558488848429691e-01 1.799044151115156975e-01 1.035502958579881741e-02 0.000000000000000000e+00
4.975000000000000000e+03 1.989956961349699238e-01 3.550295857988165493e-01 4.673418297678652578e-01 1.686390532544378706e-01 8.989531178880291046e-03 0.000000000000000000e+00
5.000000000000000000e+03 1.999956745075073261e-01 3.494538006372325811e-01 4.780382339553937432e-01 1.635184342284934089e-01 8.989531178880291046e-03 0.000000000000000000e+00
5.025000000000000000e+03 2.009956528800449505e-01 3.484296768320436777e-01 4.885070550751023921e-01 1.548702776513427304e-01 8.192990441511151245e-03 0.000000000000000000e+00
5.050000000000000000e+03 2.019956312525825748e-01 3.447883477469276259e-01 4.998862084660901095e-01 1.480427856167501055e-01 7.282658170232134826e-03 0.000000000000000000e+00
5.075000000000000000e+03 2.029956096251199771e-01 3.401228948566226706e-01 5.117205279927173889e-01 1.412152935821574806e-01 6.941283568502503235e-03 0.000000000000000000e+00
5.100000000000000000e+03 2.039955879976576014e-01 3.434228493400091065e-01 5.174101046882112476e-01 1.338188438780154865e-01 5.348202093764223633e-03 0.000000000000000000e+00
5.125000000000000000e+03 2.049955663701950037e-01 3.395539371870732737e-01 5.224169321802457633e-01 1.318843878015475701e-01 6.144742831133363434e-03 0.000000000000000000e+00
5.150000000000000000e+03 2.059955447427326281e-01 3.361401911697769473e-01 5.283340919435594030e-01 1.265361857077833274e-01 8.989531178880291046e-03 0.000000000000000000e+00
5.175000000000000000e+03 2.069955231152702524e-01 3.398953117888028896e-01 5.310650887573964418e-01 1.211879836140191125e-01 7.851615839781519654e-03 0.000000000000000000e+00
5.200000000000000000e+03 2.079955014878076547e-01 3.347746927628584279e-01 5.386891215293582169e-01 1.184569868001820597e-01 8.079198907601274626e-03 0.000000000000000000e+00
5.225000000000000000e+03 2.089954798603452790e-01 3.303368229403732537e-01 5.426718252162039402e-01 1.182294037323623065e-01 8.761948111060537808e-03 0.000000000000000000e+00
5.250000000000000000e+03 2.099954582328826813e-01 3.272644515248065433e-01 5.487027765134273594e-01 1.145880746472462408e-01 9.444697314519799256e-03 0.000000000000000000e+00
5.275000000000000000e+03 2.109954366054203057e-01 3.288575329995448437e-01 5.489303595812471404e-01 1.125398270368684617e-01 9.672280382339554228e-03 0.000000000000000000e+00
5.300000000000000000e+03 2.119954149779579300e-01 3.232817478379608755e-01 5.501820664542558248e-01 1.164087391898042806e-01 1.012744651797906244e-02 0.000000000000000000e+00
5.325000000000000000e+03 2.129953933504953323e-01 3.255575785161584079e-01 5.505234410559853853e-01 1.153846153846153910e-01 8.534365043240782836e-03 0.000000000000000000e+00
5.350000000000000000e+03 2.139953717230329566e-01 3.262403277196176399e-01 5.481338188438780179e-01 1.166363222576240338e-01 8.989531178880291046e-03 0.000000000000000000e+00
5.375000000000000000e+03 2.149953500955705810e-01 3.240782885753299980e-01 5.484751934456076894e-01 1.174328629949931702e-01 1.001365498406918582e-02 0.000000000000000000e+00
5.400000000000000000e+03 2.159953284681079833e-01 3.236231224396904915e-01 5.508648156577150568e-01 1.174328629949931702e-01 8.079198907601274626e-03 0.000000000000000000e+00
5.425000000000000000e+03 2.169953068406456076e-01 3.211197086936731782e-01 5.558716431497496835e-01 1.182294037323623065e-01 4.779244424214838804e-03 0.000000000000000000e+00
5.450000000000000000e+03 2.179952852131830099e-01 3.172507965407373454e-01 5.572371415566681474e-01 1.198224852071005930e-01 5.689576695493855224e-03 0.000000000000000000e+00
5.475000000000000000e+03 2.189952635857206342e-01 3.161128812016386069e-01 5.575785161583978189e-01 1.211879836140191125e-01 5.120619025944469528e-03 0.000000000000000000e+00
5.500000000000000000e+03 2.199952419582582586e-01 3.117888029130632677e-01 5.614474283113336517e-01 1.216431497496586189e-01 5.120619025944469528e-03 0.000000000000000000e+00
5.525000000000000000e+03 2.209952203307956609e-01 3.084888484296768318e-01 5.639508420573509095e-01 1.215293582157487423e-01 6.030951297223486815e-03 0.000000000000000000e+00
5.550000000000000000e+03 2.219951987033332852e-01 3.090578060992262288e-01 5.661128812016386069e-01 1.202776513427400995e-01 4.551661356395083832e-03 0.000000000000000000e+00
5.575000000000000000e+03 2.229951770758706875e-01 3.051888939462903960e-01 5.690714610832954268e-01 1.205052344105598527e-01 5.234410559854347014e-03 0.000000000000000000e+00
5.600000000000000000e+03 2.239951554484083118e-01 3.021165225307237412e-01 5.725989986345015881e-01 1.206190259444697294e-01 4.665452890304961318e-03 0.000000000000000000e+00
5.625000000000000000e+03 2.249951338209459362e-01 3.004096495220755503e-01 5.768092853891670924e-01 1.175466545289030468e-01 5.234410559854347014e-03 0.000000000000000000e+00
5.650000000000000000e+03 2.259951121934833385e-01 3.016613563950841792e-01 5.745334547109695045e-01 1.189121529358215801e-01 4.893035958124715423e-03 0.000000000000000000e+00
5.675000000000000000e+03 2.269950905660209628e-01 2.993855257168866468e-01 5.782885753299954468e-01 1.181156121984524299e-01 4.210286754665453109e-03 0.000000000000000000e+00
