# itime ezz other fcc hcp bcc ico
0.000000000000000000e+00 0.000000000000000000e+00 0.000000000000000000e+00 1.000000000000000000e+00 0.000000000000000000e+00 0.000000000000000000e+00 0.000000000000000000e+00
2.500000000000000000e+01 9.999921917633880497e-04 0.000000000000000000e+00 1.000000000000000000e+00 0.000000000000000000e+00 0.000000000000000000e+00 0.000000000000000000e+00
5.000000000000000000e+01 1.999984383526776099e-03 0.000000000000000000e+00 1.000000000000000000e+00 0.000000000000000000e+00 0.000000000000000000e+00 0.000000000000000000e+00
7.500000000000000000e+01 2.999976575290164149e-03 0.000000000000000000e+00 1.000000000000000000e+00 0.000000000000000000e+00 0.000000000000000000e+00 0.000000000000000000e+00
1.000000000000000000e+02 3.999968767053552199e-03 0.000000000000000000e+00 1.000000000000000000e+00 0.000000000000000000e+00 0.000000000000000000e+00 0.000000000000000000e+00
1.250000000000000000e+02 4.999960958816940249e-03 0.000000000000000000e+00 1.000000000000000000e+00 0.000000000000000000e+00 0.000000000000000000e+00 0.000000000000000000e+00
1.500000000000000000e+02 5.999953150580328298e-03 0.000000000000000000e+00 1.000000000000000000e+00 0.000000000000000000e+00 0.000000000000000000e+00 0.000000000000000000e+00
1.750000000000000000e+02 6.999945342343716348e-03 0.000000000000000000e+00 1.000000000000000000e+00 0.000000000000000000e+00 0.000000000000000000e+00 0.000000000000000000e+00
2.000000000000000000e+02 7.999937534107104398e-03 0.000000000000000000e+00 1.000000000000000000e+00 0.000000000000000000e+00 0.000000000000000000e+00 0.000000000000000000e+00
2.250000000000000000e+02 8.999929725870492447e-03 0.000000000000000000e+00 1.000000000000000000e+00 0.000000000000000000e+00 0.000000000000000000e+00 0.000000000000000000e+00
2.500000000000000000e+02 9.999921917633880497e-03 0.000000000000000000e+00 1.000000000000000000e+00 0.000000000000000000e+00 0.000000000000000000e+00 0.000000000000000000e+00
2.750000000000000000e+02 1.099991410939726855e-02 0.000000000000000000e+00 1.000000000000000000e+00 0.000000000000000000e+00 0.000000000000000000e+00 0.000000000000000000e+00
3.000000000000000000e+02 1.199990630116065660e-02 0.000000000000000000e+00 1.000000000000000000e+00 0.000000000000000000e+00 0.000000000000000000e+00 0.000000000000000000e+00
3.250000000000000000e+02 1.299989849292404465e-02 0.000000000000000000e+00 1.000000000000000000e+00 0.000000000000000000e+00 0.000000000000000000e+00 0.000000000000000000e+00
3.500000000000000000e+02 1.399989068468743270e-02 0.000000000000000000e+00 1.000000000000000000e+00 0.000000000000000000e+00 0.000000000000000000e+00 0.000000000000000000e+00
3.750000000000000000e+02 1.499988287645082075e-02 0.000000000000000000e+00 1.000000000000000000e+00 0.000000000000000000e+00 0.000000000000000000e+00 0.000000000000000000e+00
4.000000000000000000e+02 1.599987506821420880e-02 0.000000000000000000e+00 1.000000000000000000e+00 0.000000000000000000e+00 0.000000000000000000e+00 0.000000000000000000e+00
4.250000000000000000e+02 1.699986725997759685e-02 0.000000000000000000e+00 1.000000000000000000e+00 0.000000000000000000e+00 0.000000000000000000e+00 0.000000000000000000e+00
4.500000000000000000e+02 1.799985945174098489e-02 0.000000000000000000e+00 1.000000000000000000e+00 0.000000000000000000e+00 0.000000000000000000e+00 0.000000000000000000e+00
4.750000000000000000e+02 1.899985164350437294e-02 0.000000000000000000e+00 1.000000000000000000e+00 0.000000000000000000e+00 0.000000000000000000e+00 0.000000000000000000e+00
5.000000000000000000e+02 1.999984383526798304e-02 0.000000000000000000e+00 1.000000000000000000e+00 0.000000000000000000e+00 0.000000000000000000e+00 0.000000000000000000e+00
5.250000000000000000e+02 2.099983602703137109e-02 0.000000000000000000e+00 1.000000000000000000e+00 0.000000000000000000e+00 0.000000000000000000e+00 0.000000000000000000e+00
5.500000000000000000e+02 2.199982821879475914e-02 0.000000000000000000e+00 1.000000000000000000e+00 0.000000000000000000e+00 0.000000000000000000e+00 0.000000000000000000e+00
5.750000000000000000e+02 2.299982041055814719e-02 0.000000000000000000e+00 1.000000000000000000e+00 0.000000000000000000e+00 0.000000000000000000e+00 0.000000000000000000e+00
6.000000000000000000e+02 2.399981260232153524e-02 0.000000000000000000e+00 1.000000000000000000e+00 0.000000000000000000e+00 0.000000000000000000e+00 0.000000000000000000e+00
6.250000000000000000e+02 2.499980479408492329e-02 0.000000000000000000e+00 1.000000000000000000e+00 0.000000000000000000e+00 0.000000000000000000e+00 0.000000000000000000e+00
6.500000000000000000e+02 2.599979698584831134e-02 0.000000000000000000e+00 1.000000000000000000e+00 0.000000000000000000e+00 0.000000000000000000e+00 0.000000000000000000e+00
6.750000000000000000e+02 2.699978917761169939e-02 0.000000000000000000e+00 1.000000000000000000e+00 0.000000000000000000e+00 0.000000000000000000e+00 0.000000000000000000e+00
7.000000000000000000e+02 2.799978136937508744e-02 0.000000000000000000e+00 1.000000000000000000e+00 0.000000000000000000e+00 0.000000000000000000e+00 0.000000000000000000e+00
7.250000000000000000e+02 2.899977356113847549e-02 0.000000000000000000e+00 1.000000000000000000e+00 0.000000000000000000e+00 0.000000000000000000e+00 0.000000000000000000e+00
7.500000000000000000e+02 2.999976575290186354e-02 0.000000000000000000e+00 1.000000000000000000e+00 0.000000000000000000e+00 0.000000000000000000e+00 0.000000000000000000e+00
7.750000000000000000e+02 3.099975794466525159e-02 0.000000000000000000e+00 1.000000000000000000e+00 0.000000000000000000e+00 0.000000000000000000e+00 0.000000000000000000e+00
8.000000000000000000e+02 3.199975013642863964e-02 0.000000000000000000e+00 1.000000000000000000e+00 0.000000000000000000e+00 0.000000000000000000e+00 0.000000000000000000e+00
8.250000000000000000e+02 3.299974232819202768e-02 0.000000000000000000e+00 1.000000000000000000e+00 0.000000000000000000e+00 0.000000000000000000e+00 0.000000000000000000e+00
8.500000000000000000e+02 3.399973451995541573e-02 0.000000000000000000e+00 1.000000000000000000e+00 0.000000000000000000e+00 0.000000000000000000e+00 0.000000000000000000e+00
8.750000000000000000e+02 3.499972671171880378e-02 0.000000000000000000e+00 1.000000000000000000e+00 0.000000000000000000e+00 0.000000000000000000e+00 0.000000000000000000e+00
9.000000000000000000e+02 3.599971890348219183e-02 0.000000000000000000e+00 1.000000000000000000e+00 0.000000000000000000e+00 0.000000000000000000e+00 0.000000000000000000e+00
9.250000000000000000e+02 3.699971109524557988e-02 0.000000000000000000e+00 1.000000000000000000e+00 0.000000000000000000e+00 0.000000000000000000e+00 0.000000000000000000e+00
9.500000000000000000e+02 3.799970328700896793e-02 0.000000000000000000e+00 1.000000000000000000e+00 0.000000000000000000e+00 0.000000000000000000e+00 0.000000000000000000e+00
9.750000000000000000e+02 3.899969547877235598e-02 0.000000000000000000e+00 1.000000000000000000e+00 0.000000000000000000e+00 0.000000000000000000e+00 0.000000000000000000e+00
1.000000000000000000e+03 3.999968767053574403e-02 0.000000000000000000e+00 1.000000000000000000e+00 0.000000000000000000e+00 0.000000000000000000e+00 0.000000000000000000e+00
1.025000000000000000e+03 4.099967986229913208e-02 0.000000000000000000e+00 1.000000000000000000e+00 0.000000000000000000e+00 0.000000000000000000e+00 0.000000000000000000e+00
1.050000000000000000e+03 4.199967205406252013e-02 2.275830678197542133e-04 9.997724169321802190e-01 0.000000000000000000e+00 0.000000000000000000e+00 0.000000000000000000e+00
1.075000000000000000e+03 4.299966424582590818e-02 0.000000000000000000e+00 1.000000000000000000e+00 0.000000000000000000e+00 0.000000000000000000e+00 0.000000000000000000e+00
1.100000000000000000e+03 4.399965643758929623e-02 0.000000000000000000e+00 1.000000000000000000e+00 0.000000000000000000e+00 0.000000000000000000e+00 0.000000000000000000e+00
1.125000000000000000e+03 4.499964862935268428e-02 0.000000000000000000e+00 1.000000000000000000e+00 0.000000000000000000e+00 0.000000000000000000e+00 0.000000000000000000e+00
1.150000000000000000e+03 4.599964082111607233e-02 0.000000000000000000e+00 1.000000000000000000e+00 0.000000000000000000e+00 0.000000000000000000e+00 0.000000000000000000e+00
1.175000000000000000e+03 4.699963301287946038e-02 0.000000000000000000e+00 1.000000000000000000e+00 0.000000000000000000e+00 0.000000000000000000e+00 0.000000000000000000e+00
1.200000000000000000e+03 4.799962520464284843e-02 0.000000000000000000e+00 1.000000000000000000e+00 0.000000000000000000e+00 0.000000000000000000e+00 0.000000000000000000e+00
1.225000000000000000e+03 4.899961739640623648e-02 0.000000000000000000e+00 1.000000000000000000e+00 0.000000000000000000e+00 0.000000000000000000e+00 0.000000000000000000e+00
1.250000000000000000e+03 4.999960958816962453e-02 0.000000000000000000e+00 1.000000000000000000e+00 0.000000000000000000e+00 0.000000000000000000e+00 0.000000000000000000e+00
1.275000000000000000e+03 5.099960177993301258e-02 0.000000000000000000e+00 1.000000000000000000e+00 0.000000000000000000e+00 0.000000000000000000e+00 0.000000000000000000e+00
1.300000000000000000e+03 5.199959397169640063e-02 0.000000000000000000e+00 1.000000000000000000e+00 0.000000000000000000e+00 0.000000000000000000e+00 0.000000000000000000e+00
1.325000000000000000e+03 5.299958616345978868e-02 0.000000000000000000e+00 1.000000000000000000e+00 0.000000000000000000e+00 0.000000000000000000e+00 0.000000000000000000e+00
1.350000000000000000e+03 5.399957835522317673e-02 0.000000000000000000e+00 1.000000000000000000e+00 0.000000000000000000e+00 0.000000000000000000e+00 0.000000000000000000e+00
1.375000000000000000e+03 5.499957054698656478e-02 0.000000000000000000e+00 1.000000000000000000e+00 0.000000000000000000e+00 0.000000000000000000e+00 0.000000000000000000e+00
1.400000000000000000e+03 5.599956273874995283e-02 2.275830678197542133e-04 9.997724169321802190e-01 0.000000000000000000e+00 0.000000000000000000e+00 0.000000000000000000e+00
1.425000000000000000e+03 5.699955493051334088e-02 0.000000000000000000e+00 1.000000000000000000e+00 0.000000000000000000e+00 0.000000000000000000e+00 0.000000000000000000e+00
1.450000000000000000e+03 5.799954712227672893e-02 0.000000000000000000e+00 1.000000000000000000e+00 0.000000000000000000e+00 0.000000000000000000e+00 0.000000000000000000e+00
1.475000000000000000e+03 5.899953931404011698e-02 0.000000000000000000e+00 1.000000000000000000e+00 0.000000000000000000e+00 0.000000000000000000e+00 0.000000000000000000e+00
1.500000000000000000e+03 5.999953150580372707e-02 1.137915339098771066e-04 9.998862084660901095e-01 0.000000000000000000e+00 0.000000000000000000e+00 0.000000000000000000e+00
1.525000000000000000e+03 6.099952369756711512e-02 0.000000000000000000e+00 1.000000000000000000e+00 0.000000000000000000e+00 0.000000000000000000e+00 0.000000000000000000e+00
1.550000000000000000e+03 6.199951588933050317e-02 2.275830678197542133e-04 9.997724169321802190e-01 0.000000000000000000e+00 0.000000000000000000e+00 0.000000000000000000e+00
1.575000000000000000e+03 6.299950808109389122e-02 0.000000000000000000e+00 1.000000000000000000e+00 0.000000000000000000e+00 0.000000000000000000e+00 0.000000000000000000e+00
1.600000000000000000e+03 6.399950027285727927e-02 0.000000000000000000e+00 1.000000000000000000e+00 0.000000000000000000e+00 0.000000000000000000e+00 0.000000000000000000e+00
1.625000000000000000e+03 6.499949246462066732e-02 0.000000000000000000e+00 1.000000000000000000e+00 0.000000000000000000e+00 0.000000000000000000e+00 0.000000000000000000e+00
1.650000000000000000e+03 6.599948465638405537e-02 1.137915339098771066e-04 9.998862084660901095e-01 0.000000000000000000e+00 0.000000000000000000e+00 0.000000000000000000e+00
1.675000000000000000e+03 6.699947684814744342e-02 0.000000000000000000e+00 1.000000000000000000e+00 0.000000000000000000e+00 0.000000000000000000e+00 0.000000000000000000e+00
1.700000000000000000e+03 6.799946903991083147e-02 1.137915339098771066e-04 9.998862084660901095e-01 0.000000000000000000e+00 0.000000000000000000e+00 0.000000000000000000e+00
1.725000000000000000e+03 6.899946123167421952e-02 4.551661356395084266e-04 9.995448338643604380e-01 0.000000000000000000e+00 0.000000000000000000e+00 0.000000000000000000e+00
1.750000000000000000e+03 6.999945342343760757e-02 0.000000000000000000e+00 1.000000000000000000e+00 0.000000000000000000e+00 0.000000000000000000e+00 0.000000000000000000e+00
1.775000000000000000e+03 7.099944561520099562e-02 0.000000000000000000e+00 1.000000000000000000e+00 0.000000000000000000e+00 0.000000000000000000e+00 0.000000000000000000e+00
1.800000000000000000e+03 7.199943780696438367e-02 0.000000000000000000e+00 1.000000000000000000e+00 0.000000000000000000e+00 0.000000000000000000e+00 0.000000000000000000e+00
1.825000000000000000e+03 7.299942999872777172e-02 0.000000000000000000e+00 1.000000000000000000e+00 0.000000000000000000e+00 0.000000000000000000e+00 0.000000000000000000e+00
1.850000000000000000e+03 7.399942219049115977e-02 0.000000000000000000e+00 1.000000000000000000e+00 0.000000000000000000e+00 0.000000000000000000e+00 0.000000000000000000e+00
1.875000000000000000e+03 7.499941438225454782e-02 0.000000000000000000e+00 1.000000000000000000e+00 0.000000000000000000e+00 0.000000000000000000e+00 0.000000000000000000e+00
1.900000000000000000e+03 7.599940657401793587e-02 2.275830678197542133e-04 9.996586253982703285e-01 0.000000000000000000e+00 1.137915339098771066e-04 0.000000000000000000e+00
1.925000000000000000e+03 7.699939876578132392e-02 3.413746017296313199e-04 9.996586253982703285e-01 0.000000000000000000e+00 0.000000000000000000e+00 0.000000000000000000e+00
1.950000000000000000e+03 7.799939095754471197e-02 2.275830678197542133e-04 9.997724169321802190e-01 0.000000000000000000e+00 0.000000000000000000e+00 0.000000000000000000e+00
1.975000000000000000e+03 7.899938314930810002e-02 2.275830678197542133e-04 9.997724169321802190e-01 0.000000000000000000e+00 0.000000000000000000e+00 0.000000000000000000e+00
2.000000000000000000e+03 7.999937534107148807e-02 0.000000000000000000e+00 1.000000000000000000e+00 0.000000000000000000e+00 0.000000000000000000e+00 0.000000000000000000e+00
2.025000000000000000e+03 8.099936753283487612e-02 2.275830678197542133e-04 9.997724169321802190e-01 0.000000000000000000e+00 0.000000000000000000e+00 0.000000000000000000e+00
2.050000000000000000e+03 8.199935972459826417e-02 4.551661356395084266e-04 9.995448338643604380e-01 0.000000000000000000e+00 0.000000000000000000e+00 0.000000000000000000e+00
2.075000000000000000e+03 8.299935191636165221e-02 1.137915339098770958e-03 9.988620846609012061e-01 0.000000000000000000e+00 0.000000000000000000e+00 0.000000000000000000e+00
2.100000000000000000e+03 8.399934410812504026e-02 3.413746017296313199e-04 9.996586253982703285e-01 0.000000000000000000e+00 0.000000000000000000e+00 0.000000000000000000e+00
2.125000000000000000e+03 8.499933629988842831e-02 6.827492034592626399e-04 9.993172507965407680e-01 0.000000000000000000e+00 0.000000000000000000e+00 0.000000000000000000e+00
2.150000000000000000e+03 8.599932849165181636e-02 1.024123805188893906e-03 9.988620846609012061e-01 0.000000000000000000e+00 1.137915339098771066e-04 0.000000000000000000e+00
2.175000000000000000e+03 8.699932068341520441e-02 1.137915339098771066e-04 9.998862084660901095e-01 0.000000000000000000e+00 0.000000000000000000e+00 0.000000000000000000e+00
2.200000000000000000e+03 8.799931287517859246e-02 3.413746017296313199e-04 9.995448338643604380e-01 0.000000000000000000e+00 1.137915339098771066e-04 0.000000000000000000e+00
2.225000000000000000e+03 8.899930506694198051e-02 0.000000000000000000e+00 1.000000000000000000e+00 0.000000000000000000e+00 0.000000000000000000e+00 0.000000000000000000e+00
2.250000000000000000e+03 8.999929725870536856e-02 1.137915339098771066e-04 9.998862084660901095e-01 0.000000000000000000e+00 0.000000000000000000e+00 0.000000000000000000e+00
2.275000000000000000e+03 9.099928945046875661e-02 1.479289940828402332e-03 9.984069185252617551e-01 0.000000000000000000e+00 1.137915339098771066e-04 0.000000000000000000e+00
2.300000000000000000e+03 9.199928164223214466e-02 1.365498406918525280e-03 9.984069185252617551e-01 0.000000000000000000e+00 2.275830678197542133e-04 0.000000000000000000e+00
2.325000000000000000e+03 9.299927383399553271e-02 1.934456076467910759e-03 9.980655439235320836e-01 0.000000000000000000e+00 0.000000000000000000e+00 0.000000000000000000e+00
2.350000000000000000e+03 9.399926602575892076e-02 7.965407373691396923e-04 9.992034592626308775e-01 0.000000000000000000e+00 0.000000000000000000e+00 0.000000000000000000e+00
2.375000000000000000e+03 9.499925821752230881e-02 1.024123805188893906e-03 9.989758761948110966e-01 0.000000000000000000e+00 0.000000000000000000e+00 0.000000000000000000e+00
2.400000000000000000e+03 9.599925040928569686e-02 1.934456076467910759e-03 9.980655439235320836e-01 0.000000000000000000e+00 0.000000000000000000e+00 0.000000000000000000e+00
2.425000000000000000e+03 9.699924260104908491e-02 2.048247610377787811e-03 9.977241693218024121e-01 0.000000000000000000e+00 2.275830678197542133e-04 0.000000000000000000e+00
2.450000000000000000e+03 9.799923479281247296e-02 1.820664542558033706e-03 9.981793354574419741e-01 0.000000000000000000e+00 0.000000000000000000e+00 0.000000000000000000e+00
2.475000000000000000e+03 9.899922698457586101e-02 1.934456076467910759e-03 9.980655439235320836e-01 0.000000000000000000e+00 0.000000000000000000e+00 0.000000000000000000e+00
2.500000000000000000e+03 9.999921917633947110e-02 2.389622212107419402e-03 9.974965862539827421e-01 0.000000000000000000e+00 1.137915339098771066e-04 0.000000000000000000e+00
2.525000000000000000e+03 1.009992113681028592e-01 2.617205279927173507e-03 9.971552116522530707e-01 0.000000000000000000e+00 2.275830678197542133e-04 0.000000000000000000e+00
2.550000000000000000e+03 1.019992035598662472e-01 1.365498406918525280e-03 9.982931269913518646e-01 0.000000000000000000e+00 3.413746017296313199e-04 0.000000000000000000e+00
2.575000000000000000e+03 1.029991957516296353e-01 1.820664542558033706e-03 9.980655439235320836e-01 0.000000000000000000e+00 1.137915339098771066e-04 0.000000000000000000e+00
2.600000000000000000e+03 1.039991879433930233e-01 4.210286754665453109e-03 9.957897132453344957e-01 0.000000000000000000e+00 0.000000000000000000e+00 0.000000000000000000e+00
2.625000000000000000e+03 1.049991801351564114e-01 3.982703686845699004e-03 9.959035047792443862e-01 0.000000000000000000e+00 1.137915339098771066e-04 0.000000000000000000e+00
2.650000000000000000e+03 1.059991723269197994e-01 6.030951297223486815e-03 9.938552571688666903e-01 0.000000000000000000e+00 1.137915339098771066e-04 0.000000000000000000e+00
2.675000000000000000e+03 1.069991645186831875e-01 8.306781975421027864e-03 9.911242603550295405e-01 0.000000000000000000e+00 5.689576695493854790e-04 0.000000000000000000e+00
2.700000000000000000e+03 1.079991567104465755e-01 1.058261265361857065e-02 9.890760127446518446e-01 0.000000000000000000e+00 3.413746017296313199e-04 0.000000000000000000e+00
2.725000000000000000e+03 1.089991489022099636e-01 8.420573509330906217e-03 9.912380518889394310e-01 0.000000000000000000e+00 3.413746017296313199e-04 0.000000000000000000e+00
2.750000000000000000e+03 1.099991410939733516e-01 8.192990441511151245e-03 9.912380518889394310e-01 0.000000000000000000e+00 5.689576695493854790e-04 0.000000000000000000e+00
2.775000000000000000e+03 1.109991332857367397e-01 1.001365498406918582e-02 9.891898042785616241e-01 0.000000000000000000e+00 7.965407373691396923e-04 0.000000000000000000e+00
2.800000000000000000e+03 1.119991254775001277e-01 1.172052799271734204e-02 9.871415566681839282e-01 0.000000000000000000e+00 1.137915339098770958e-03 0.000000000000000000e+00
2.825000000000000000e+03 1.129991176692635158e-01 1.524806554392353283e-02 9.833864360491579859e-01 0.000000000000000000e+00 1.365498406918525280e-03 0.000000000000000000e+00
2.850000000000000000e+03 1.139991098610269038e-01 1.775147928994082885e-02 9.806554392353209471e-01 0.000000000000000000e+00 1.593081474738279385e-03 0.000000000000000000e+00
2.875000000000000000e+03 1.149991020527902919e-01 1.968593536640873831e-02 9.762175694128356618e-01 0.000000000000000000e+00 4.096495220755575623e-03 0.000000000000000000e+00
2.900000000000000000e+03 1.159990942445536799e-01 2.867546654528902936e-02 9.642694583522986029e-01 0.000000000000000000e+00 7.055075102412380721e-03 0.000000000000000000e+00
2.925000000000000000e+03 1.169990864363170679e-01 4.073736913973600299e-02 9.436731907146108655e-01 0.000000000000000000e+00 1.558944014565316269e-02 0.000000000000000000e+00
2.950000000000000000e+03 1.179990786280804560e-01 7.111970869367319203e-02 8.933773327264451503e-01 0.000000000000000000e+00 3.550295857988165771e-02 0.000000000000000000e+00
2.975000000000000000e+03 1.189990708198438440e-01 1.084433318161128756e-01 7.979062357760582369e-01 0.000000000000000000e+00 9.365043240782885969e-02 0.000000000000000000e+00
3.000000000000000000e+03 1.199990630116072321e-01 1.654528903049612976e-01 6.300637232589895165e-01 0.000000000000000000e+00 2.044833864360491582e-01 0.000000000000000000e+00
3.025000000000000000e+03 1.209990552033706201e-01 2.388484296768320359e-01 4.136322257624032717e-01 1.137915339098771066e-04 3.474055530268548297e-01 0.000000000000000000e+00
3.050000000000000000e+03 1.219990473951340082e-01 3.200955848884842747e-01 2.437414656349567721e-01 2.275830678197542133e-04 4.359353664087392000e-01 0.000000000000000000e+00
3.075000000000000000e+03 1.229990395868973962e-01 3.664087391898042667e-01 1.500910332271279124e-01 7.965407373691396923e-04 4.827036868456986984e-01 0.000000000000000000e+00
3.100000000000000000e+03 1.239990317786607843e-01 3.672052799271734447e-01 1.360946745562130189e-01 7.965407373691396923e-04 4.959035047792444417e-01 0.000000000000000000e+00
3.125000000000000000e+03 1.249990239704241723e-01 3.464952207555757613e-01 1.605598543468365891e-01 2.275830678197542133e-04 4.927173418297678409e-01 0.000000000000000000e+00
3.150000000000000000e+03 1.259990161621875604e-01 3.320436959490213891e-01 1.979972690031861493e-01 9.103322712790168532e-04 4.690487027765134487e-01 0.000000000000000000e+00
3.175000000000000000e+03 1.269990083539509484e-01 3.593536640873918886e-01 1.926490669094219343e-01 1.251706873008648227e-03 4.467455621301775204e-01 0.000000000000000000e+00
3.200000000000000000e+03 1.279990005457143365e-01 3.689121529358215801e-01 1.751251706873008518e-01 3.072371415566681717e-03 4.528903049613108855e-01 0.000000000000000000e+00
3.225000000000000000e+03 1.289989927374777245e-01 3.760810195721438487e-01 1.467910787437414766e-01 8.079198907601274626e-03 4.690487027765134487e-01 0.000000000000000000e+00
3.250000000000000000e+03 1.299989849292411126e-01 3.732362312243969193e-01 1.314292216659080637e-01 1.820664542558033533e-02 4.771279016841146747e-01 0.000000000000000000e+00
3.275000000000000000e+03 1.309989771210045006e-01 3.956531634046426826e-01 1.170914883932635403e-01 3.072371415566681890e-02 4.565316340464269373e-01 0.000000000000000000e+00
3.300000000000000000e+03 1.319989693127678887e-01 4.154528903049612976e-01 1.251706873008648080e-01 4.995448338643605074e-02 4.094219390077378229e-01 0.000000000000000000e+00
3.325000000000000000e+03 1.329989615045312767e-01 4.394629039599453613e-01 1.240327719617660418e-01 7.726445152480655720e-02 3.592398725534819981e-01 0.000000000000000000e+00
3.350000000000000000e+03 1.339989536962946648e-01 4.634729176149294250e-01 1.314292216659080637e-01 1.045744196631770567e-01 3.005234410559854408e-01 0.000000000000000000e+00
3.375000000000000000e+03 1.349989458880580528e-01 4.795175238962220976e-01 1.487255348202093652e-01 1.390532544378698110e-01 2.327036868456986707e-01 0.000000000000000000e+00
3.400000000000000000e+03 1.359989380798214409e-01 4.908966772872098150e-01 1.591943559399180697e-01 1.684114701866181174e-01 1.814974965862539702e-01 0.000000000000000000e+00
3.425000000000000000e+03 1.369989302715848289e-01 5.038689121529358328e-01 1.599908966772872199e-01 1.846836595357305433e-01 1.514565316340464318e-01 0.000000000000000000e+00
3.450000000000000000e+03 1.379989224633482170e-01 4.995448338643604935e-01 1.613563950842057393e-01 2.012972234865725851e-01 1.378015475648611821e-01 0.000000000000000000e+00
3.475000000000000000e+03 1.389989146551118271e-01 4.998862084660901095e-01 1.566909421939007840e-01 2.030040964952207483e-01 1.404187528447883582e-01 0.000000000000000000e+00
3.500000000000000000e+03 1.399989068468752151e-01 5.078516158397815561e-01 1.586253982703686727e-01 2.082385070550751005e-01 1.252844788347746985e-01 0.000000000000000000e+00
3.525000000000000000e+03 1.409988990386386032e-01 5.075102412380518846e-01 1.615839781520254925e-01 2.213245334547109811e-01 1.095812471552116557e-01 0.000000000000000000e+00
3.550000000000000000e+03 1.419988912304019912e-01 5.098998634501593630e-01 1.679563040509786109e-01 2.263313609467455523e-01 9.581247155211652933e-02 0.000000000000000000e+00
3.575000000000000000e+03 1.429988834221653793e-01 5.177514792899408080e-01 1.689804278561675144e-01 2.309968138370505353e-01 8.227127901684114231e-02 0.000000000000000000e+00
3.600000000000000000e+03 1.439988756139287673e-01 5.054619936276740777e-01 1.695493855257168836e-01 2.356622667273554905e-01 8.932635411925353430e-02 0.000000000000000000e+00
3.625000000000000000e+03 1.449988678056921554e-01 5.022758306781975879e-01 1.700045516613563901e-01 2.423759672280382249e-01 8.534365043240782489e-02 0.000000000000000000e+00
3.650000000000000000e+03 1.459988599974555434e-01 5.031861629494766008e-01 1.690942193900773771e-01 2.438552571688666348e-01 8.386436049157942885e-02 0.000000000000000000e+00
3.675000000000000000e+03 1.469988521892189315e-01 5.001137915339098905e-01 1.694355939918070209e-01 2.432862994993172379e-01 8.716431497496586467e-02 0.000000000000000000e+00
3.700000000000000000e+03 1.479988443809823195e-01 4.890760127446517891e-01 1.713700500682749095e-01 2.476103777878925771e-01 9.194355939918069653e-02 0.000000000000000000e+00
3.725000000000000000e+03 1.489988365727457076e-01 4.905553026854801990e-01 1.703459262630860338e-01 2.423759672280382249e-01 9.672280382339554228e-02 0.000000000000000000e+00
3.750000000000000000e+03 1.499988287645090956e-01 4.974965862539826866e-01 1.670459717796995980e-01 2.410104688211197055e-01 9.444697314519799602e-02 0.000000000000000000e+00
3.775000000000000000e+03 1.509988209562724837e-01 5.044378698224851743e-01 1.731907146108329631e-01 2.410104688211197055e-01 8.136094674556212936e-02 0.000000000000000000e+00
3.800000000000000000e+03 1.519988131480358717e-01 4.976103777878925771e-01 1.728493400091033194e-01 2.422621756941283622e-01 8.727810650887574129e-02 0.000000000000000000e+00
3.825000000000000000e+03 1.529988053397992598e-01 4.947655894401456478e-01 1.748975876194810986e-01 2.440828402366863881e-01 8.625398270368685172e-02 0.000000000000000000e+00
3.850000000000000000e+03 1.539987975315626478e-01 5.045516613563950648e-01 1.754665452890304955e-01 2.422621756941283622e-01 7.771961766044606368e-02 0.000000000000000000e+00
3.875000000000000000e+03 1.549987897233260359e-01 4.996586253982703840e-01 1.762630860263996457e-01 2.504551661356395065e-01 7.362312243969049153e-02 0.000000000000000000e+00
3.900000000000000000e+03 1.559987819150894239e-01 5.080791989076012261e-01 1.768320436959490149e-01 2.464724624487938109e-01 6.861629494765589254e-02 0.000000000000000000e+00
3.925000000000000000e+03 1.569987741068528120e-01 5.131998179335457433e-01 1.743286299499317293e-01 2.535275375512062168e-01 5.894401456531633832e-02 0.000000000000000000e+00
3.950000000000000000e+03 1.579987662986162000e-01 5.114929449248976079e-01 1.753527537551206328e-01 2.544378698224852298e-01 5.871643149749658508e-02 0.000000000000000000e+00
3.975000000000000000e+03 1.589987584903795881e-01 5.078516158397815561e-01 1.788802913063268218e-01 2.535275375512062168e-01 5.974055530268548159e-02 0.000000000000000000e+00
4.000000000000000000e+03 1.599987506821429761e-01 5.133136094674556338e-01 1.794492489758761911e-01 2.529585798816568198e-01 5.427856167501137613e-02 0.000000000000000000e+00
4.025000000000000000e+03 1.609987428739063642e-01 5.120619025944469493e-01 1.780837505689576716e-01 2.570550751024123781e-01 5.279927173418298009e-02 0.000000000000000000e+00
4.050000000000000000e+03 1.619987350656697522e-01 5.120619025944469493e-01 1.799044151115156975e-01 2.562585343650432557e-01 5.177514792899408358e-02 0.000000000000000000e+00
4.075000000000000000e+03 1.629987272574331403e-01 5.124032771961766208e-01 1.797906235776058348e-01 2.523896222121074229e-01 5.541647701411014926e-02 0.000000000000000000e+00
4.100000000000000000e+03 1.639987194491965283e-01 5.151342740100136597e-01 1.755803368229403860e-01 2.501137915339098905e-01 5.917159763313609155e-02 0.000000000000000000e+00
4.125000000000000000e+03 1.649987116409599164e-01 5.180928538916704795e-01 1.764906690942193990e-01 2.469276285844333174e-01 5.848884842967683184e-02 0.000000000000000000e+00
4.150000000000000000e+03 1.659987038327233044e-01 5.124032771961766208e-01 1.770596267637687682e-01 2.534137460172963263e-01 5.712335002275830548e-02 0.000000000000000000e+00
4.175000000000000000e+03 1.669986960244866925e-01 5.258306781975421451e-01 1.756941283568502488e-01 2.434000910332271284e-01 5.507510241238051940e-02 0.000000000000000000e+00
4.200000000000000000e+03 1.679986882162500805e-01 5.250341374601729116e-01 1.742148384160218388e-01 2.464724624487938109e-01 5.427856167501137613e-02 0.000000000000000000e+00
4.225000000000000000e+03 1.689986804080134686e-01 5.302685480200273194e-01 1.725079654073737034e-01 2.434000910332271284e-01 5.382339553937186966e-02 0.000000000000000000e+00
4.250000000000000000e+03 1.699986725997768566e-01 5.303823395539372099e-01 1.747837960855712358e-01 2.452207555757851543e-01 4.961310878470642088e-02 0.000000000000000000e+00
4.275000000000000000e+03 1.709986647915402447e-01 5.284478834774692935e-01 1.764906690942193990e-01 2.472690031861629611e-01 4.779244424214838111e-02 0.000000000000000000e+00
4.300000000000000000e+03 1.719986569833036327e-01 5.245789713245334607e-01 1.801319981793354508e-01 2.426035502958579781e-01 5.268548020027309653e-02 0.000000000000000000e+00
4.325000000000000000e+03 1.729986491750670208e-01 5.282203004096495125e-01 1.793354574419663283e-01 2.415794264906691025e-01 5.086481565771506369e-02 0.000000000000000000e+00
4.350000000000000000e+03 1.739986413668304088e-01 5.227583067819754348e-01 1.829767865270823801e-01 2.449931725079654010e-01 4.927173418297678409e-02 0.000000000000000000e+00
4.375000000000000000e+03 1.749986335585937969e-01 5.105826126536185949e-01 1.886663632225762388e-01 2.460172963131543045e-01 5.473372781065088954e-02 0.000000000000000000e+00
4.400000000000000000e+03 1.759986257503571849e-01 5.019344560764679164e-01 1.981110605370960398e-01 2.471552116522530707e-01 5.279927173418298009e-02 0.000000000000000000e+00
4.425000000000000000e+03 1.769986179421205730e-01 4.910104688211197055e-01 2.092626308602640040e-01 2.459035047792444140e-01 5.382339553937186966e-02 0.000000000000000000e+00
4.450000000000000000e+03 1.779986101338839610e-01 4.753072371415566488e-01 2.185935366408739144e-01 2.563723258989530907e-01 4.972690031861629750e-02 0.000000000000000000e+00
4.475000000000000000e+03 1.789986023256475711e-01 4.557350933090578149e-01 2.337278106508875741e-01 2.719617660446062568e-01 3.857532999544834029e-02 0.000000000000000000e+00
4.500000000000000000e+03 1.799985945174109592e-01 4.458352298588985074e-01 2.414656349567592120e-01 2.768548020027309930e-01 3.584433318161128756e-02 0.000000000000000000e+00
4.525000000000000000e+03 1.809985867091743472e-01 4.446973145197997135e-01 2.459035047792444140e-01 2.711652253072371344e-01 3.812016385980882688e-02 1.137915339098771066e-04
4.550000000000000000e+03 1.819985789009377353e-01 4.489076012744651623e-01 2.517068730086481354e-01 2.630860263996358528e-01 3.629949931725079404e-02 0.000000000000000000e+00
4.575000000000000000e+03 1.829985710927011233e-01 4.441283568502503165e-01 2.561447428311333652e-01 2.634274010013655243e-01 3.629949931725079404e-02 0.000000000000000000e+00
4.600000000000000000e+03 1.839985632844645114e-01 4.432180245789713036e-01 2.605826126536185949e-01 2.638825671370050308e-01 3.231679563040509851e-02 0.000000000000000000e+00
4.625000000000000000e+03 1.849985554762278994e-01 4.322940373236231482e-01 2.663859808830222886e-01 2.667273554847519601e-01 3.459262630860263782e-02 0.000000000000000000e+00
4.650000000000000000e+03 1.859985476679912875e-01 4.342284934000910090e-01 2.710514337733272439e-01 2.637687756030951403e-01 3.095129722348657214e-02 0.000000000000000000e+00
4.675000000000000000e+03 1.869985398597546755e-01 4.412835685025033872e-01 2.716203914428766408e-01 2.591033227127901850e-01 2.799271734182976618e-02 0.000000000000000000e+00
4.700000000000000000e+03 1.879985320515180636e-01 4.373008648156577194e-01 2.767410104688211026e-01 2.580791989076012816e-01 2.787892580791988956e-02 0.000000000000000000e+00
4.725000000000000000e+03 1.889985242432814516e-01 4.300182066454255603e-01 2.802685480200273194e-01 2.597860719162494170e-01 2.992717341829767910e-02 0.000000000000000000e+00
4.750000000000000000e+03 1.899985164350448397e-01 4.377560309512972259e-01 2.857305416477013971e-01 2.480655439235320836e-01 2.844788347746927612e-02 0.000000000000000000e+00
4.775000000000000000e+03 1.909985086268082277e-01 4.365043240782885969e-01 2.897132453345471204e-01 2.482931269913518368e-01 2.548930359581247015e-02 0.000000000000000000e+00
4.800000000000000000e+03 1.919985008185716158e-01 4.345698680018206805e-01 2.913063268092853653e-01 2.464724624487938109e-01 2.765134274010013632e-02 0.000000000000000000e+00
4.825000000000000000e+03 1.929984930103350038e-01 4.281975421028675344e-01 2.943786982248520756e-01 2.472690031861629611e-01 3.015475648611743234e-02 0.000000000000000000e+00
4.850000000000000000e+03 1.939984852020983919e-01 4.350250341374601870e-01 2.966545289030496080e-01 2.407828857532999522e-01 2.753755120619025970e-02 0.000000000000000000e+00
4.875000000000000000e+03 1.949984773938617799e-01 4.441283568502503165e-01 2.966545289030496080e-01 2.379380974055530229e-01 2.127901684114701791e-02 0.000000000000000000e+00
4.900000000000000000e+03 1.959984695856251680e-01 4.406008192990441552e-01 2.977924442421484019e-01 2.386208466090122826e-01 2.298588984979517413e-02 0.000000000000000000e+00
4.925000000000000000e+03 1.969984617773885560e-01 4.449248975876194945e-01 2.958579881656804855e-01 2.358898497951752438e-01 2.332726445152480746e-02 0.000000000000000000e+00
4.950000000000000000e+03 1.979984539691519441e-01 4.482248520710059303e-01 2.950614474283113076e-01 2.356622667273554905e-01 2.105143377332726468e-02 0.000000000000000000e+00
4.975000000000000000e+03 1.989984461609153321e-01 4.360491579426490905e-01 2.989303595812471404e-01 2.439690487027765253e-01 2.105143377332726468e-02 0.000000000000000000e+00
5.000000000000000000e+03 1.999984383526787202e-01 4.398042785616750328e-01 2.969959035047792240e-01 2.434000910332271284e-01 1.979972690031861493e-02 0.000000000000000000e+00
5.025000000000000000e+03 2.009984305444421082e-01 4.286527082385070408e-01 3.039371870732817671e-01 2.414656349567592120e-01 2.594446973145198010e-02 0.000000000000000000e+00
5.050000000000000000e+03 2.019984227362054963e-01 4.322940373236231482e-01 3.081474738279472159e-01 2.397587619481110488e-01 1.979972690031861493e-02 0.000000000000000000e+00
5.075000000000000000e+03 2.029984149279688843e-01 4.347974510696404060e-01 3.088302230314064478e-01 2.403277196176604458e-01 1.604460628129267263e-02 0.000000000000000000e+00
5.100000000000000000e+03 2.039984071197322724e-01 4.361629494765589254e-01 3.097405553026854608e-01 2.361174328629949970e-01 1.797906235776058209e-02 0.000000000000000000e+00
5.125000000000000000e+03 2.049983993114956604e-01 4.332043695949021611e-01 3.115612198452434867e-01 2.353208921256258468e-01 1.991351843422849502e-02 0.000000000000000000e+00
5.150000000000000000e+03 2.059983915032590485e-01 4.361629494765589254e-01 3.155439235320892100e-01 2.319071461083295482e-01 1.638598088302230249e-02 0.000000000000000000e+00
5.175000000000000000e+03 2.069983836950224365e-01 4.295630405097860538e-01 3.230541647701410946e-01 2.283796085571233592e-01 1.900318616294947513e-02 0.000000000000000000e+00
5.200000000000000000e+03 2.079983758867858246e-01 4.289940828402367123e-01 3.282885753299954468e-01 2.239417387346381294e-01 1.877560309512972189e-02 0.000000000000000000e+00
5.225000000000000000e+03 2.089983680785492126e-01 4.330905780609922706e-01 3.321574874829312796e-01 2.170004551661356418e-01 1.775147928994082885e-02 0.000000000000000000e+00
5.250000000000000000e+03 2.099983602703126007e-01 4.266044606281292895e-01 3.413746017296312996e-01 2.151797906235776159e-01 1.684114701866181243e-02 0.000000000000000000e+00
5.275000000000000000e+03 2.109983524620759887e-01 4.246700045516613731e-01 3.458124715521165293e-01 2.118798361401911801e-01 1.763768775603095224e-02 0.000000000000000000e+00
5.300000000000000000e+03 2.119983446538393768e-01 4.280837505689576439e-01 3.449021392808375164e-01 2.108557123350022766e-01 1.615839781520254925e-02 0.000000000000000000e+00
5.325000000000000000e+03 2.129983368456027648e-01 4.235320892125625791e-01 3.499089667728720876e-01 2.090350477924442507e-01 1.752389622212107562e-02 0.000000000000000000e+00
5.350000000000000000e+03 2.139983290373661529e-01 4.195493855257169113e-01 3.583295402822029851e-01 2.058488848429676776e-01 1.627218934911242587e-02 0.000000000000000000e+00
5.375000000000000000e+03 2.149983212291295409e-01 4.136322257624032717e-01 3.672052799271734447e-01 2.032316795630405015e-01 1.593081474738279601e-02 0.000000000000000000e+00
5.400000000000000000e+03 2.159983134208929290e-01 4.107874374146563423e-01 3.701638598088302090e-01 2.045971779699590487e-01 1.445152480655439303e-02 0.000000000000000000e+00
5.425000000000000000e+03 2.169983056126563170e-01 4.126081019572143682e-01 3.714155666818388934e-01 2.018661811561219821e-01 1.411015020482476144e-02 0.000000000000000000e+00
5.450000000000000000e+03 2.179982978044197051e-01 4.019116977696859383e-01 3.765361857077833552e-01 2.072143832498861971e-01 1.433773327264451468e-02 0.000000000000000000e+00
5.475000000000000000e+03 2.189982899961833152e-01 3.938324988620846567e-01 3.835912608101957333e-01 2.074419663177059503e-01 1.513427401001365448e-02 0.000000000000000000e+00
5.500000000000000000e+03 2.199982821879467032e-01 3.830223031406463363e-01 3.904187528447883304e-01 2.146108329540282189e-01 1.194811106053709528e-02 0.000000000000000000e+00
5.525000000000000000e+03 2.209982743797100913e-01 3.733500227583067543e-01 3.999772416932180219e-01 2.163177059626763821e-01 1.035502958579881741e-02 0.000000000000000000e+00
5.550000000000000000e+03 2.219982665714734793e-01 3.639053254437870089e-01 4.088529813381884259e-01 2.179107874374146547e-01 9.330905780609922637e-03 0.000000000000000000e+00
5.575000000000000000e+03 2.229982587632368674e-01 3.534365043240783044e-01 4.101046882111971104e-01 2.232589895311788697e-01 1.319981793354574502e-02 0.000000000000000000e+00
5.600000000000000000e+03 2.239982509550002554e-01 3.567364588074647402e-01 4.097633136094674389e-01 2.199590350477924339e-01 1.354119253527537488e-02 0.000000000000000000e+00
5.625000000000000000e+03 2.249982431467636435e-01 3.560537096040054528e-01 4.090805644060082069e-01 2.216659080564405970e-01 1.319981793354574502e-02 0.000000000000000000e+00
5.650000000000000000e+03 2.259982353385270315e-01 3.541192535275375364e-01 4.083978152025489194e-01 2.264451524806554428e-01 1.103777878925807886e-02 0.000000000000000000e+00
5.675000000000000000e+03 2.269982275302904196e-01 3.533227127901684139e-01 4.136322257624032717e-01 2.210969503868912278e-01 1.194811106053709528e-02 0.000000000000000000e+00
