# itime ezz other fcc hcp bcc ico
0.000000000000000000e+00 0.000000000000000000e+00 7.965407373691396923e-04 9.992034592626308775e-01 0.000000000000000000e+00 0.000000000000000000e+00 0.000000000000000000e+00
3.000000000000000000e+00 1.200006888465887656e-03 9.103322712790168532e-04 9.990896677287209870e-01 0.000000000000000000e+00 0.000000000000000000e+00 0.000000000000000000e+00
6.000000000000000000e+00 2.400013776931553267e-03 9.103322712790168532e-04 9.990896677287209870e-01 0.000000000000000000e+00 0.000000000000000000e+00 0.000000000000000000e+00
9.000000000000000000e+00 3.600020665397440922e-03 4.551661356395084266e-04 9.995448338643604380e-01 0.000000000000000000e+00 0.000000000000000000e+00 0.000000000000000000e+00
1.200000000000000000e+01 4.800027553863106533e-03 1.024123805188893906e-03 9.989758761948110966e-01 0.000000000000000000e+00 0.000000000000000000e+00 0.000000000000000000e+00
1.500000000000000000e+01 6.000034442328994189e-03 1.251706873008648227e-03 9.987482931269913156e-01 0.000000000000000000e+00 0.000000000000000000e+00 0.000000000000000000e+00
1.800000000000000000e+01 7.200041330794659800e-03 1.479289940828402332e-03 9.985207100591716456e-01 0.000000000000000000e+00 0.000000000000000000e+00 0.000000000000000000e+00
2.100000000000000000e+01 8.400048219260547455e-03 1.251706873008648227e-03 9.987482931269913156e-01 0.000000000000000000e+00 0.000000000000000000e+00 0.000000000000000000e+00
2.400000000000000000e+01 9.600055107726213066e-03 3.413746017296313199e-04 9.996586253982703285e-01 0.000000000000000000e+00 0.000000000000000000e+00 0.000000000000000000e+00
2.700000000000000000e+01 1.080006199619210072e-02 1.137915339098770958e-03 9.988620846609012061e-01 0.000000000000000000e+00 0.000000000000000000e+00 0.000000000000000000e+00
3.000000000000000000e+01 1.200006888465776633e-02 1.365498406918525280e-03 9.986345015930814251e-01 0.000000000000000000e+00 0.000000000000000000e+00 0.000000000000000000e+00
3.300000000000000000e+01 1.320007577312365399e-02 9.103322712790168532e-04 9.990896677287209870e-01 0.000000000000000000e+00 0.000000000000000000e+00 0.000000000000000000e+00
3.600000000000000000e+01 1.440008266158931960e-02 1.251706873008648227e-03 9.987482931269913156e-01 0.000000000000000000e+00 0.000000000000000000e+00 0.000000000000000000e+00
3.900000000000000000e+01 1.560008955005520725e-02 1.251706873008648227e-03 9.987482931269913156e-01 0.000000000000000000e+00 0.000000000000000000e+00 0.000000000000000000e+00
4.200000000000000000e+01 1.680009643852087287e-02 1.706873008648156654e-03 9.982931269913518646e-01 0.000000000000000000e+00 0.000000000000000000e+00 0.000000000000000000e+00
4.500000000000000000e+01 1.800010332698676052e-02 2.275830678197541916e-03 9.977241693218024121e-01 0.000000000000000000e+00 0.000000000000000000e+00 0.000000000000000000e+00
4.800000000000000000e+01 1.920011021545242613e-02 1.820664542558033706e-03 9.981793354574419741e-01 0.000000000000000000e+00 0.000000000000000000e+00 0.000000000000000000e+00
5.100000000000000000e+01 2.040011710391831379e-02 2.048247610377787811e-03 9.979517523896221931e-01 0.000000000000000000e+00 0.000000000000000000e+00 0.000000000000000000e+00
5.400000000000000000e+01 2.160012399238397940e-02 1.820664542558033706e-03 9.981793354574419741e-01 0.000000000000000000e+00 0.000000000000000000e+00 0.000000000000000000e+00
5.700000000000000000e+01 2.280013088084986705e-02 1.820664542558033706e-03 9.981793354574419741e-01 0.000000000000000000e+00 0.000000000000000000e+00 0.000000000000000000e+00
6.000000000000000000e+01 2.400013776931575471e-02 2.844788347746927612e-03 9.971552116522530707e-01 0.000000000000000000e+00 0.000000000000000000e+00 0.000000000000000000e+00
6.300000000000000000e+01 2.520014465778142032e-02 2.958579881656804664e-03 9.970414201183431802e-01 0.000000000000000000e+00 0.000000000000000000e+00 0.000000000000000000e+00
6.600000000000000000e+01 2.640015154624730798e-02 2.730996813837050560e-03 9.972690031861629611e-01 0.000000000000000000e+00 0.000000000000000000e+00 0.000000000000000000e+00
6.900000000000000000e+01 2.760015843471297359e-02 2.048247610377787811e-03 9.979517523896221931e-01 0.000000000000000000e+00 0.000000000000000000e+00 0.000000000000000000e+00
7.200000000000000000e+01 2.880016532317886124e-02 2.162039144287664864e-03 9.978379608557123026e-01 0.000000000000000000e+00 0.000000000000000000e+00 0.000000000000000000e+00
7.500000000000000000e+01 3.000017221164452685e-02 2.844788347746927612e-03 9.971552116522530707e-01 0.000000000000000000e+00 0.000000000000000000e+00 0.000000000000000000e+00
7.800000000000000000e+01 3.120017910011041451e-02 3.868912152935821518e-03 9.961310878470641672e-01 0.000000000000000000e+00 0.000000000000000000e+00 0.000000000000000000e+00
8.100000000000000000e+01 3.240018598857608012e-02 5.461993627674101119e-03 9.944242148384160318e-01 0.000000000000000000e+00 1.137915339098771066e-04 0.000000000000000000e+00
8.400000000000000000e+01 3.360019287704196778e-02 4.096495220755575623e-03 9.957897132453344957e-01 0.000000000000000000e+00 1.137915339098771066e-04 0.000000000000000000e+00
8.700000000000000000e+01 3.480019976550763339e-02 3.755120619025944465e-03 9.960172963131542767e-01 0.000000000000000000e+00 2.275830678197542133e-04 0.000000000000000000e+00
9.000000000000000000e+01 3.600020665397352104e-02 5.348202093764223633e-03 9.943104233045061413e-01 0.000000000000000000e+00 3.413746017296313199e-04 0.000000000000000000e+00
9.300000000000000000e+01 3.720021354243918665e-02 6.030951297223486815e-03 9.938552571688666903e-01 0.000000000000000000e+00 1.137915339098771066e-04 0.000000000000000000e+00
9.600000000000000000e+01 3.840022043090507431e-02 7.510241238051888930e-03 9.924897587619481154e-01 0.000000000000000000e+00 0.000000000000000000e+00 0.000000000000000000e+00
9.900000000000000000e+01 3.960022731937073992e-02 8.079198907601274626e-03 9.918070095584888834e-01 0.000000000000000000e+00 1.137915339098771066e-04 0.000000000000000000e+00
1.020000000000000000e+02 4.080023420783662758e-02 8.306781975421027864e-03 9.913518434228493215e-01 0.000000000000000000e+00 3.413746017296313199e-04 0.000000000000000000e+00
1.050000000000000000e+02 4.200024109630229319e-02 7.737824305871643035e-03 9.921483841602184439e-01 0.000000000000000000e+00 1.137915339098771066e-04 0.000000000000000000e+00
1.080000000000000000e+02 4.320024798476818084e-02 6.827492034592626616e-03 9.930587164314974569e-01 0.000000000000000000e+00 1.137915339098771066e-04 0.000000000000000000e+00
1.110000000000000000e+02 4.440025487323384645e-02 7.965407373691398007e-03 9.920345926263085534e-01 0.000000000000000000e+00 0.000000000000000000e+00 0.000000000000000000e+00
1.140000000000000000e+02 4.560026176169973411e-02 1.149294492489758707e-02 9.882794720072826111e-01 0.000000000000000000e+00 2.275830678197542133e-04 0.000000000000000000e+00
1.170000000000000000e+02 4.680026865016539972e-02 1.081019572143832562e-02 9.888484296768320636e-01 0.000000000000000000e+00 3.413746017296313199e-04 0.000000000000000000e+00
1.200000000000000000e+02 4.800027553863128738e-02 1.024123805188893906e-02 9.895311788802912956e-01 0.000000000000000000e+00 2.275830678197542133e-04 0.000000000000000000e+00
1.230000000000000000e+02 4.920028242709717503e-02 9.786071916249430847e-03 9.898725534820209671e-01 0.000000000000000000e+00 3.413746017296313199e-04 0.000000000000000000e+00
1.260000000000000000e+02 5.040028931556284064e-02 1.263086026399635846e-02 9.872553482020938187e-01 0.000000000000000000e+00 1.137915339098771066e-04 0.000000000000000000e+00
1.290000000000000000e+02 5.160029620402872830e-02 1.376877560309512985e-02 9.861174328629950248e-01 0.000000000000000000e+00 1.137915339098771066e-04 0.000000000000000000e+00
1.320000000000000000e+02 5.280030309249439391e-02 1.319981793354574502e-02 9.865725989986344757e-01 0.000000000000000000e+00 2.275830678197542133e-04 0.000000000000000000e+00
1.350000000000000000e+02 5.400030998096028156e-02 1.456531634046426965e-02 9.850933090578061213e-01 0.000000000000000000e+00 3.413746017296313199e-04 0.000000000000000000e+00
1.380000000000000000e+02 5.520031686942594717e-02 1.536185707783340945e-02 9.842967683204369989e-01 0.000000000000000000e+00 3.413746017296313199e-04 0.000000000000000000e+00
1.410000000000000000e+02 5.640032375789183483e-02 1.411015020482476144e-02 9.854346836595356818e-01 0.000000000000000000e+00 4.551661356395084266e-04 0.000000000000000000e+00
1.440000000000000000e+02 5.760033064635750044e-02 1.502048247610377786e-02 9.847519344560764498e-01 0.000000000000000000e+00 2.275830678197542133e-04 0.000000000000000000e+00
1.470000000000000000e+02 5.880033753482338810e-02 1.376877560309512985e-02 9.856622667273554628e-01 0.000000000000000000e+00 5.689576695493854790e-04 0.000000000000000000e+00
1.500000000000000000e+02 6.000034442328905371e-02 1.741010468821119553e-02 9.821347291761493015e-01 0.000000000000000000e+00 4.551661356395084266e-04 0.000000000000000000e+00
1.530000000000000000e+02 6.120035131175494136e-02 1.934456076467910846e-02 9.802002730996813851e-01 0.000000000000000000e+00 4.551661356395084266e-04 0.000000000000000000e+00
1.560000000000000000e+02 6.240035820022060697e-02 2.071005917159763482e-02 9.789485662266727006e-01 0.000000000000000000e+00 3.413746017296313199e-04 0.000000000000000000e+00
1.590000000000000000e+02 6.360036508868649463e-02 2.503413746017296368e-02 9.745106964041875264e-01 0.000000000000000000e+00 4.551661356395084266e-04 0.000000000000000000e+00
1.620000000000000000e+02 6.480037197715216024e-02 2.992717341829767910e-02 9.692762858443332297e-01 0.000000000000000000e+00 7.965407373691396923e-04 0.000000000000000000e+00
1.650000000000000000e+02 6.600037886561804790e-02 3.379608557123350149e-02 9.649522075557578349e-01 0.000000000000000000e+00 1.251706873008648227e-03 0.000000000000000000e+00
1.680000000000000000e+02 6.720038575408371351e-02 3.584433318161128756e-02 9.632453345471096995e-01 0.000000000000000000e+00 9.103322712790168532e-04 0.000000000000000000e+00
1.710000000000000000e+02 6.840039264254960116e-02 3.493400091033227461e-02 9.635867091488393710e-01 0.000000000000000000e+00 1.479289940828402332e-03 0.000000000000000000e+00
1.740000000000000000e+02 6.960039953101526677e-02 3.538916704597178109e-02 9.631315430131998090e-01 0.000000000000000000e+00 1.479289940828402332e-03 0.000000000000000000e+00
1.770000000000000000e+02 7.080040641948115443e-02 3.527537551206190447e-02 9.633591260810195900e-01 0.000000000000000000e+00 1.365498406918525280e-03 0.000000000000000000e+00
1.800000000000000000e+02 7.200041330794704209e-02 3.823395539371871044e-02 9.605143377332726606e-01 0.000000000000000000e+00 1.251706873008648227e-03 0.000000000000000000e+00
1.830000000000000000e+02 7.320042019641270770e-02 4.551661356395084179e-02 9.519799726900318726e-01 0.000000000000000000e+00 2.503413746017296455e-03 0.000000000000000000e+00
1.860000000000000000e+02 7.440042708487859535e-02 4.995448338643605074e-02 9.469731451979972459e-01 0.000000000000000000e+00 3.072371415566681717e-03 0.000000000000000000e+00
1.890000000000000000e+02 7.560043397334426096e-02 5.234410559854346667e-02 9.443559399180700975e-01 0.000000000000000000e+00 3.299954483386436255e-03 0.000000000000000000e+00
1.920000000000000000e+02 7.680044086181014862e-02 5.200273099681383682e-02 9.454938552571688914e-01 0.000000000000000000e+00 2.503413746017296455e-03 0.000000000000000000e+00
1.950000000000000000e+02 7.800044775027581423e-02 4.961310878470642088e-02 9.481110605370960398e-01 0.000000000000000000e+00 2.275830678197541916e-03 0.000000000000000000e+00
1.980000000000000000e+02 7.920045463874170188e-02 5.314064633591260994e-02 9.441283568502503165e-01 0.000000000000000000e+00 2.730996813837050560e-03 0.000000000000000000e+00
2.010000000000000000e+02 8.040046152720736750e-02 6.030951297223486468e-02 9.370732817478379939e-01 0.000000000000000000e+00 2.617205279927173507e-03 0.000000000000000000e+00
2.040000000000000000e+02 8.160046841567325515e-02 6.304050978607191047e-02 9.337733272644515026e-01 0.000000000000000000e+00 3.186162949476558769e-03 0.000000000000000000e+00
2.070000000000000000e+02 8.280047530413892076e-02 6.520254893035958010e-02 9.314974965862540257e-01 0.000000000000000000e+00 3.299954483386436255e-03 0.000000000000000000e+00
2.100000000000000000e+02 8.400048219260480842e-02 7.624032771961765376e-02 9.212562585343649912e-01 0.000000000000000000e+00 2.503413746017296455e-03 0.000000000000000000e+00
2.130000000000000000e+02 8.520048908107047403e-02 8.318161128812016913e-02 9.138598088302229971e-01 0.000000000000000000e+00 2.958579881656804664e-03 0.000000000000000000e+00
2.160000000000000000e+02 8.640049596953636168e-02 8.909877105143376719e-02 9.073736913973600160e-01 0.000000000000000000e+00 3.527537551206190360e-03 0.000000000000000000e+00
2.190000000000000000e+02 8.760050285800202730e-02 8.864360491579426071e-02 9.076012744651797970e-01 0.000000000000000000e+00 3.755120619025944465e-03 0.000000000000000000e+00
2.220000000000000000e+02 8.880050974646791495e-02 9.421939007737824279e-02 9.012289485662267063e-01 0.000000000000000000e+00 4.551661356395083832e-03 0.000000000000000000e+00
2.250000000000000000e+02 9.000051663493358056e-02 1.050295857988165632e-01 8.892808375056895365e-01 0.000000000000000000e+00 5.689576695493855224e-03 0.000000000000000000e+00
2.280000000000000000e+02 9.120052352339946822e-02 1.078743741465634925e-01 8.850705507510241432e-01 0.000000000000000000e+00 7.055075102412380721e-03 0.000000000000000000e+00
2.310000000000000000e+02 9.240053041186513383e-02 1.124260355029585851e-01 8.798361401911697355e-01 0.000000000000000000e+00 7.737824305871643035e-03 0.000000000000000000e+00
2.340000000000000000e+02 9.360053730033102148e-02 1.190259444697314567e-01 8.730086481565771939e-01 0.000000000000000000e+00 7.965407373691398007e-03 0.000000000000000000e+00
2.370000000000000000e+02 9.480054418879690914e-02 1.248293126991351781e-01 8.682294037323623481e-01 0.000000000000000000e+00 6.941283568502503235e-03 0.000000000000000000e+00
2.400000000000000000e+02 9.600055107726257475e-02 1.341602184797451025e-01 8.586709148839326566e-01 0.000000000000000000e+00 7.168866636322257339e-03 0.000000000000000000e+00
2.430000000000000000e+02 9.720055796572846241e-02 1.420118343195266308e-01 8.507055075102412101e-01 0.000000000000000000e+00 7.282658170232134826e-03 0.000000000000000000e+00
2.460000000000000000e+02 9.840056485419412802e-02 1.464497041420118328e-01 8.456986800182066943e-01 0.000000000000000000e+00 7.851615839781519654e-03 0.000000000000000000e+00
2.490000000000000000e+02 9.960057174266001567e-02 1.579426490669094130e-01 8.343195266272189770e-01 0.000000000000000000e+00 7.737824305871643035e-03 0.000000000000000000e+00
2.520000000000000000e+02 1.008005786311256813e-01 1.661356395084205850e-01 8.254437869822485174e-01 0.000000000000000000e+00 8.420573509330906217e-03 0.000000000000000000e+00
2.550000000000000000e+02 1.020005855195915689e-01 1.771734182976786587e-01 8.136094674556213491e-01 0.000000000000000000e+00 9.217114246700046018e-03 0.000000000000000000e+00
2.580000000000000000e+02 1.032005924080572346e-01 1.812699135184342170e-01 8.062130177514792440e-01 0.000000000000000000e+00 1.251706873008648184e-02 0.000000000000000000e+00
2.610000000000000000e+02 1.044005992965231222e-01 1.882111970869367323e-01 8.008648156577150568e-01 0.000000000000000000e+00 1.092398725534820224e-02 0.000000000000000000e+00
2.640000000000000000e+02 1.056006061849887878e-01 1.941283568502503443e-01 7.944924897587619661e-01 0.000000000000000000e+00 1.137915339098771045e-02 0.000000000000000000e+00
2.670000000000000000e+02 1.068006130734546755e-01 2.086936731907146070e-01 7.779927173418297315e-01 0.000000000000000000e+00 1.331360946745562164e-02 0.000000000000000000e+00
2.700000000000000000e+02 1.080006199619203411e-01 2.258761948111060458e-01 7.569412835685025431e-01 0.000000000000000000e+00 1.718252162039144229e-02 0.000000000000000000e+00
2.730000000000000000e+02 1.092006268503862287e-01 2.371415566681839004e-01 7.446517979062358128e-01 1.137915339098771066e-04 1.809285389167045871e-02 0.000000000000000000e+00
2.760000000000000000e+02 1.104006337388518943e-01 2.480655439235320836e-01 7.339553937187073274e-01 0.000000000000000000e+00 1.797906235776058209e-02 0.000000000000000000e+00
2.790000000000000000e+02 1.116006406273177820e-01 2.614929449248976079e-01 7.182521620391443262e-01 1.137915339098771066e-04 2.014110150204824826e-02 0.000000000000000000e+00
2.820000000000000000e+02 1.128006475157834476e-01 2.718479745106964218e-01 7.055075102412380339e-01 2.275830678197542133e-04 2.241693218024579104e-02 0.000000000000000000e+00
2.850000000000000000e+02 1.140006544042493353e-01 2.835685025034137552e-01 6.946973145197997690e-01 1.137915339098771066e-04 2.162039144287665124e-02 0.000000000000000000e+00
2.880000000000000000e+02 1.152006612927150009e-01 2.919890760127446527e-01 6.828629949931724896e-01 1.137915339098771066e-04 2.503413746017296368e-02 0.000000000000000000e+00
2.910000000000000000e+02 1.164006681811808885e-01 3.104233045061447482e-01 6.626081019572144237e-01 2.275830678197542133e-04 2.674101046882111990e-02 0.000000000000000000e+00
2.940000000000000000e+02 1.176006750696465541e-01 3.359126081019572219e-01 6.352981338188439242e-01 4.551661356395084266e-04 2.833409194355939950e-02 0.000000000000000000e+00
2.970000000000000000e+02 1.188006819581124418e-01 3.521847974510696200e-01 6.169776968593536637e-01 4.551661356395084266e-04 3.038233955393718558e-02 0.000000000000000000e+00
3.000000000000000000e+02 1.200006888465783295e-01 3.726672735548475224e-01 5.930814747382794350e-01 6.827492034592626399e-04 3.356850250341374825e-02 0.000000000000000000e+00
3.030000000000000000e+02 1.212006957350439951e-01 3.866636322257623881e-01 5.777196176604461053e-01 6.827492034592626399e-04 3.493400091033227461e-02 0.000000000000000000e+00
3.060000000000000000e+02 1.224007026235098827e-01 3.964497041420118606e-01 5.641784251251706905e-01 3.413746017296313199e-04 3.903049613108784677e-02 0.000000000000000000e+00
3.090000000000000000e+02 1.236007095119755483e-01 4.139736003641328876e-01 5.446062812926718566e-01 3.413746017296313199e-04 4.107874374146563284e-02 0.000000000000000000e+00
3.120000000000000000e+02 1.248007164004414360e-01 4.279699590350478089e-01 5.294720072826581969e-01 1.137915339098771066e-04 4.244424214838415921e-02 0.000000000000000000e+00
3.150000000000000000e+02 1.260007232889071016e-01 4.416249431042330587e-01 5.151342740100136597e-01 2.275830678197542133e-04 4.301319981793354230e-02 0.000000000000000000e+00
3.180000000000000000e+02 1.272007301773729893e-01 4.580109239872553473e-01 4.941966317705962508e-01 6.827492034592626399e-04 4.710969503868912139e-02 0.000000000000000000e+00
3.210000000000000000e+02 1.284007370658386549e-01 4.728038233955393910e-01 4.734865725989986229e-01 9.103322712790168532e-04 5.279927173418298009e-02 0.000000000000000000e+00
3.240000000000000000e+02 1.296007439543045425e-01 4.819071461083295205e-01 4.605143377332726606e-01 1.365498406918525280e-03 5.621301775147929253e-02 0.000000000000000000e+00
3.270000000000000000e+02 1.308007508427702081e-01 4.899863450159308020e-01 4.476558944014565333e-01 1.365498406918525280e-03 6.099226217569413133e-02 0.000000000000000000e+00
3.300000000000000000e+02 1.320007577312360958e-01 5.043240782885752838e-01 4.296768320436959443e-01 1.251706873008648227e-03 6.474738279472007363e-02 0.000000000000000000e+00
3.330000000000000000e+02 1.332007646197017614e-01 5.152480655439235502e-01 4.135184342284933812e-01 1.934456076467910759e-03 6.929904415111515226e-02 0.000000000000000000e+00
3.360000000000000000e+02 1.344007715081676491e-01 5.243513882567136797e-01 3.992944924897587344e-01 1.934456076467910759e-03 7.441966317705962786e-02 0.000000000000000000e+00
3.390000000000000000e+02 1.356007783966333147e-01 5.411925352753754748e-01 3.777878925807919841e-01 1.934456076467910759e-03 7.908511606736458310e-02 0.000000000000000000e+00
3.420000000000000000e+02 1.368007852850992023e-01 5.607646791078744197e-01 3.527537551206190169e-01 2.162039144287664864e-03 8.431952662721893532e-02 0.000000000000000000e+00
3.450000000000000000e+02 1.380007921735648679e-01 5.729403732362312596e-01 3.355712335002276059e-01 2.844788347746927612e-03 8.864360491579426071e-02 0.000000000000000000e+00
3.480000000000000000e+02 1.392007990620307556e-01 5.831816112881201830e-01 3.197542102867546587e-01 4.210286754665453109e-03 9.285389167045972336e-02 0.000000000000000000e+00
3.510000000000000000e+02 1.404008059504964212e-01 5.933090578060992160e-01 3.051888939462903960e-01 5.348202093764223633e-03 9.615384615384615918e-02 0.000000000000000000e+00
3.540000000000000000e+02 1.416008128389623089e-01 6.049157942649067143e-01 2.907373691397360238e-01 5.120619025944469528e-03 9.922621756941284177e-02 0.000000000000000000e+00
3.570000000000000000e+02 1.428008197274281965e-01 6.164087391898043222e-01 2.721893491124260378e-01 5.575785161583977738e-03 1.058261265361857134e-01 0.000000000000000000e+00
3.600000000000000000e+02 1.440008266158938621e-01 6.264223941738734647e-01 2.554619936276740777e-01 6.372325898953117539e-03 1.117432862994993115e-01 0.000000000000000000e+00
3.630000000000000000e+02 1.452008335043597498e-01 6.398497951752389890e-01 2.381656804733727761e-01 7.168866636322257339e-03 1.148156577150659940e-01 0.000000000000000000e+00
3.660000000000000000e+02 1.464008403928254154e-01 6.453117888029130667e-01 2.262175694128356895e-01 7.965407373691398007e-03 1.205052344105598527e-01 0.000000000000000000e+00
3.690000000000000000e+02 1.476008472812913030e-01 6.549840691852526486e-01 2.101729631315430169e-01 8.420573509330906217e-03 1.264223941738734647e-01 0.000000000000000000e+00
3.720000000000000000e+02 1.488008541697569687e-01 6.678425125170687204e-01 1.952662721893491105e-01 8.875739644970414427e-03 1.280154756486117373e-01 0.000000000000000000e+00
3.750000000000000000e+02 1.500008610582228563e-01 6.731907146108329076e-01 1.857077833409194467e-01 9.672280382339554228e-03 1.314292216659080637e-01 0.000000000000000000e+00
3.780000000000000000e+02 1.512008679466885219e-01 6.837733272644515026e-01 1.726217569412835662e-01 1.046882111970869403e-02 1.331360946745562268e-01 0.000000000000000000e+00
3.810000000000000000e+02 1.524008748351544096e-01 6.888939462903960198e-01 1.595357305416477134e-01 1.240327719617660522e-02 1.391670459717797015e-01 0.000000000000000000e+00
3.840000000000000000e+02 1.536008817236200752e-01 6.949248975876194390e-01 1.513427401001365413e-01 1.411015020482476144e-02 1.396222121074192080e-01 0.000000000000000000e+00
3.870000000000000000e+02 1.548008886120859628e-01 6.987938097405552718e-01 1.439462903959945472e-01 1.524806554392353283e-02 1.420118343195266308e-01 0.000000000000000000e+00
3.900000000000000000e+02 1.560008955005516285e-01 7.057350933090578149e-01 1.333636777423759801e-01 1.547564861174328607e-02 1.454255803368229294e-01 0.000000000000000000e+00
3.930000000000000000e+02 1.572009023890175161e-01 7.147246244879380539e-01 1.231224396904870289e-01 1.627218934911242587e-02 1.458807464724624359e-01 0.000000000000000000e+00
3.960000000000000000e+02 1.584009092774831817e-01 7.193900773782430091e-01 1.150432407828857473e-01 1.752389622212107562e-02 1.480427856167501055e-01 0.000000000000000000e+00
3.990000000000000000e+02 1.596009161659490694e-01 7.269003186162948937e-01 1.065088757396449731e-01 1.797906235776058209e-02 1.486117432862995025e-01 0.000000000000000000e+00
4.020000000000000000e+02 1.608009230544147350e-01 7.346381429221665593e-01 9.774692762858443185e-02 1.809285389167045871e-02 1.495220755575785154e-01 0.000000000000000000e+00
4.050000000000000000e+02 1.620009299428806226e-01 7.363450159308146947e-01 9.296768320436959998e-02 1.934456076467910846e-02 1.513427401001365413e-01 0.000000000000000000e+00
4.080000000000000000e+02 1.632009368313462883e-01 7.346381429221665593e-01 9.057806099226217711e-02 2.116522530723714129e-02 1.536185707783341015e-01 0.000000000000000000e+00
4.110000000000000000e+02 1.644009437198121759e-01 7.369139736003641472e-01 8.443331816112881194e-02 2.150659990896677115e-02 1.571461083295402905e-01 0.000000000000000000e+00
4.140000000000000000e+02 1.656009506082780636e-01 7.380518889394629412e-01 8.056440600819299303e-02 2.366863905325443732e-02 1.577150659990896597e-01 0.000000000000000000e+00
4.170000000000000000e+02 1.668009574967437292e-01 7.373691397360035982e-01 7.908511606736458310e-02 2.594446973145198010e-02 1.576012744651797970e-01 0.000000000000000000e+00
4.200000000000000000e+02 1.680009643852096168e-01 7.423759672280382249e-01 7.624032771961765376e-02 2.469276285844333035e-02 1.566909421939007840e-01 0.000000000000000000e+00
4.230000000000000000e+02 1.692009712736752824e-01 7.456759217114247162e-01 7.453345471096950448e-02 2.639963586709149004e-02 1.533909877105143482e-01 0.000000000000000000e+00
4.260000000000000000e+02 1.704009781621411701e-01 7.504551661356395620e-01 7.282658170232134132e-02 2.526172052799271692e-02 1.514565316340464318e-01 0.000000000000000000e+00
4.290000000000000000e+02 1.716009850506068357e-01 7.490896677287209870e-01 7.089212562585343880e-02 2.753755120619025970e-02 1.524806554392353075e-01 0.000000000000000000e+00
4.320000000000000000e+02 1.728009919390727234e-01 7.583067819754210070e-01 6.588529813381883982e-02 2.730996813837050646e-02 1.484979517523896120e-01 0.000000000000000000e+00
4.350000000000000000e+02 1.740009988275383890e-01 7.631998179335457433e-01 6.269913518434228061e-02 2.844788347746927612e-02 1.456531634046426826e-01 0.000000000000000000e+00
4.380000000000000000e+02 1.752010057160042766e-01 7.661583978152025631e-01 6.156121984524351443e-02 2.935821574874829254e-02 1.429221665908056438e-01 0.000000000000000000e+00
4.410000000000000000e+02 1.764010126044699422e-01 7.691169776968593830e-01 6.019572143832498806e-02 2.935821574874829254e-02 1.413290851160673711e-01 0.000000000000000000e+00
4.440000000000000000e+02 1.776010194929358299e-01 7.715065999089667503e-01 5.735093309057805872e-02 3.038233955393718558e-02 1.407601274465179741e-01 0.000000000000000000e+00
4.470000000000000000e+02 1.788010263814014955e-01 7.781065088757396220e-01 5.461993627674101293e-02 2.901684114701866268e-02 1.382567137005006885e-01 0.000000000000000000e+00
4.500000000000000000e+02 1.800010332698673832e-01 7.774237596722803900e-01 5.370960400546199304e-02 3.060992262175694228e-02 1.382567137005006885e-01 0.000000000000000000e+00
4.530000000000000000e+02 1.812010401583330488e-01 7.811788802913063323e-01 5.006827492034592736e-02 3.095129722348657214e-02 1.378015475648611821e-01 0.000000000000000000e+00
4.560000000000000000e+02 1.824010470467989364e-01 7.809512972234865513e-01 4.927173418297678409e-02 3.288575329995448160e-02 1.368912152935821691e-01 0.000000000000000000e+00
4.590000000000000000e+02 1.836010539352646020e-01 7.893718707328174489e-01 4.608557123350022489e-02 3.220300409649522189e-02 1.323395539371870766e-01 0.000000000000000000e+00
4.620000000000000000e+02 1.848010608237304897e-01 7.928994082840237212e-01 4.551661356395084179e-02 3.368229403732362487e-02 1.279016841147018746e-01 0.000000000000000000e+00
4.650000000000000000e+02 1.860010677121961553e-01 7.949476558944014171e-01 4.392353208921256219e-02 3.288575329995448160e-02 1.282430587164314906e-01 0.000000000000000000e+00
4.680000000000000000e+02 1.872010746006620430e-01 7.988165680473372499e-01 4.176149294492489950e-02 3.516158397815202785e-02 1.242603550295857950e-01 0.000000000000000000e+00
4.710000000000000000e+02 1.884010814891277086e-01 8.080336822940372699e-01 3.903049613108784677e-02 3.504779244424215123e-02 1.178880291306326766e-01 0.000000000000000000e+00
4.740000000000000000e+02 1.896010883775935962e-01 8.096267637687756258e-01 3.880291306326809353e-02 3.299954483386435822e-02 1.185707783340919502e-01 0.000000000000000000e+00
4.770000000000000000e+02 1.908010952660594839e-01 8.159990896677287164e-01 3.686845698680018407e-02 3.197542102867546865e-02 1.151570323167956239e-01 0.000000000000000000e+00
4.800000000000000000e+02 1.920011021545251495e-01 8.206645425580336717e-01 3.675466545289030745e-02 3.117888029130632538e-02 1.114019116977696816e-01 0.000000000000000000e+00
4.830000000000000000e+02 1.932011090429910372e-01 8.237369139736003820e-01 3.516158397815202785e-02 3.220300409649522189e-02 1.088984979517523960e-01 0.000000000000000000e+00
4.860000000000000000e+02 1.944011159314567028e-01 8.269230769230768718e-01 3.561675011379153433e-02 3.299954483386435822e-02 1.044606281292671801e-01 0.000000000000000000e+00
4.890000000000000000e+02 1.956011228199225904e-01 8.247610377787892855e-01 3.709604005461993731e-02 3.516158397815202785e-02 1.029813381884387841e-01 0.000000000000000000e+00
4.920000000000000000e+02 1.968011297083882560e-01 8.314747382794720476e-01 3.618570778334091742e-02 3.447883477469276120e-02 9.786071916249430847e-02 0.000000000000000000e+00
4.950000000000000000e+02 1.980011365968541437e-01 8.312471552116522666e-01 3.743741465634956717e-02 3.607191624943104080e-02 9.524351388256713236e-02 0.000000000000000000e+00
4.980000000000000000e+02 1.992011434853198093e-01 8.306781975421028141e-01 3.629949931725079404e-02 3.834774692762858705e-02 9.467455621301774926e-02 0.000000000000000000e+00
5.010000000000000000e+02 2.004011503737856970e-01 8.332954028220300735e-01 3.550295857988165771e-02 3.857532999544834029e-02 9.262630860263997012e-02 0.000000000000000000e+00
5.040000000000000000e+02 2.016011572622513626e-01 8.323850705507510606e-01 3.425125170687300796e-02 3.937187073281747662e-02 9.399180700955848955e-02 0.000000000000000000e+00
5.070000000000000000e+02 2.028011641507172502e-01 8.397815202548930547e-01 3.197542102867546865e-02 3.812016385980882688e-02 9.012289485662267063e-02 0.000000000000000000e+00
5.100000000000000000e+02 2.040011710391829158e-01 8.389849795175239322e-01 3.277196176604460498e-02 3.857532999544834029e-02 8.966772872098316416e-02 0.000000000000000000e+00
5.130000000000000000e+02 2.052011779276488035e-01 8.395539371870732737e-01 3.288575329995448160e-02 3.812016385980882688e-02 8.944014565316341092e-02 0.000000000000000000e+00
5.160000000000000000e+02 2.064011848161144691e-01 8.438780154756485574e-01 3.060992262175694228e-02 3.812016385980882688e-02 8.739189804278561791e-02 0.000000000000000000e+00
5.190000000000000000e+02 2.076011917045803568e-01 8.469503868912152678e-01 2.935821574874829254e-02 4.005461993627674328e-02 8.363677742375967561e-02 0.000000000000000000e+00
5.220000000000000000e+02 2.088011985930460224e-01 8.459262630860263643e-01 2.913063268092853930e-02 4.050978607191624975e-02 8.443331816112881194e-02 0.000000000000000000e+00
5.250000000000000000e+02 2.100012054815119100e-01 8.489986345015930747e-01 2.958579881656804578e-02 4.085116067364587961e-02 8.056440600819299303e-02 0.000000000000000000e+00
5.280000000000000000e+02 2.112012123699775756e-01 8.524123805188893455e-01 2.924442421483841592e-02 3.971324533454710648e-02 7.862994993172507663e-02 0.000000000000000000e+00
5.310000000000000000e+02 2.124012192584434633e-01 8.562812926718251783e-01 2.867546654528902936e-02 3.994082840236686666e-02 7.510241238051888757e-02 0.000000000000000000e+00
5.340000000000000000e+02 2.136012261469093509e-01 8.598088302230314506e-01 2.844788347746927612e-02 3.948566226672735324e-02 7.225762403277195822e-02 0.000000000000000000e+00
5.370000000000000000e+02 2.148012330353750166e-01 8.652708238507055283e-01 2.730996813837050646e-02 3.846153846153846367e-02 6.895766954938552240e-02 0.000000000000000000e+00
5.400000000000000000e+02 2.160012399238409042e-01 8.637915339098770628e-01 2.696859353664087314e-02 4.073736913973600299e-02 6.850250341374601593e-02 0.000000000000000000e+00
5.430000000000000000e+02 2.172012468123065698e-01 8.667501137915338827e-01 2.503413746017296368e-02 3.959945380063722986e-02 6.861629494765589254e-02 0.000000000000000000e+00
5.460000000000000000e+02 2.184012537007724575e-01 8.672052799271734447e-01 2.492034592626308706e-02 3.868912152935821691e-02 6.918525261720527564e-02 0.000000000000000000e+00
5.490000000000000000e+02 2.196012605892381231e-01 8.738051888939463163e-01 2.309968138370505075e-02 3.857532999544834029e-02 6.451979972690032039e-02 0.000000000000000000e+00
5.520000000000000000e+02 2.208012674777040107e-01 8.783568502503413811e-01 2.298588984979517413e-02 3.789258079198907364e-02 6.076467910787437116e-02 0.000000000000000000e+00
5.550000000000000000e+02 2.220012743661696764e-01 8.791533909877105035e-01 2.298588984979517413e-02 3.937187073281747662e-02 5.848884842967683184e-02 0.000000000000000000e+00
5.580000000000000000e+02 2.232012812546355640e-01 8.830223031406463363e-01 2.162039144287665124e-02 3.971324533454710648e-02 5.564406008192990249e-02 0.000000000000000000e+00
5.610000000000000000e+02 2.244012881431012296e-01 8.872325898953118406e-01 2.105143377332726468e-02 3.755120619025944378e-02 5.416477014110149951e-02 0.000000000000000000e+00
5.640000000000000000e+02 2.256012950315671173e-01 8.885980883022303045e-01 2.218934911242603433e-02 3.880291306326809353e-02 5.040964952207555722e-02 0.000000000000000000e+00
5.670000000000000000e+02 2.268013019200327829e-01 8.874601729631315106e-01 2.207555757851615771e-02 4.028220300409649651e-02 5.018206645425580398e-02 0.000000000000000000e+00
5.700000000000000000e+02 2.280013088084986705e-01 8.906463359126081114e-01 2.127901684114701791e-02 4.028220300409649651e-02 4.779244424214838111e-02 0.000000000000000000e+00
5.730000000000000000e+02 2.292013156969643362e-01 8.937187073281748217e-01 2.093764223941738806e-02 3.914428766499772339e-02 4.619936276741010150e-02 0.000000000000000000e+00
5.760000000000000000e+02 2.304013225854302238e-01 8.908739189804278924e-01 2.093764223941738806e-02 3.994082840236686666e-02 4.824761037778789452e-02 0.000000000000000000e+00
5.790000000000000000e+02 2.316013294738958894e-01 8.904187528447883304e-01 2.093764223941738806e-02 3.891670459717797015e-02 4.972690031861629750e-02 0.000000000000000000e+00
5.820000000000000000e+02 2.328013363623617771e-01 8.926945835229859183e-01 2.048247610377787811e-02 3.982703686845699004e-02 4.699590350477924477e-02 0.000000000000000000e+00
5.850000000000000000e+02 2.340013432508274427e-01 8.965634956759217511e-01 1.968593536640873831e-02 3.948566226672735324e-02 4.426490669094219205e-02 0.000000000000000000e+00
5.880000000000000000e+02 2.352013501392933303e-01 8.998634501593081314e-01 1.900318616294947513e-02 3.846153846153846367e-02 4.267182521620391245e-02 0.000000000000000000e+00
5.910000000000000000e+02 2.364013570277592180e-01 9.012289485662267063e-01 2.048247610377787811e-02 3.732362312243969055e-02 4.096495220755575623e-02 0.000000000000000000e+00
5.940000000000000000e+02 2.376013639162248836e-01 9.005461993627673634e-01 2.071005917159763482e-02 3.766499772416932040e-02 4.107874374146563284e-02 0.000000000000000000e+00
5.970000000000000000e+02 2.388013708046907713e-01 9.040737369139736357e-01 2.139280837505689453e-02 3.561675011379153433e-02 3.891670459717797015e-02 0.000000000000000000e+00
6.000000000000000000e+02 2.400013776931564369e-01 9.044151115157031962e-01 2.139280837505689453e-02 3.618570778334091742e-02 3.800637232589895026e-02 0.000000000000000000e+00
6.030000000000000000e+02 2.412013845816223245e-01 9.074874829312699065e-01 2.025489303595812488e-02 3.607191624943104080e-02 3.618570778334091742e-02 0.000000000000000000e+00
6.060000000000000000e+02 2.424013914700879901e-01 9.082840236686390289e-01 2.093764223941738806e-02 3.618570778334091742e-02 3.459262630860263782e-02 0.000000000000000000e+00
6.090000000000000000e+02 2.436013983585538778e-01 9.080564406008192480e-01 2.093764223941738806e-02 3.516158397815202785e-02 3.584433318161128756e-02 0.000000000000000000e+00
6.120000000000000000e+02 2.448014052470195434e-01 9.098771051433773849e-01 2.082385070550751144e-02 3.550295857988165771e-02 3.379608557123350149e-02 0.000000000000000000e+00
6.150000000000000000e+02 2.460014121354854311e-01 9.096495220755576039e-01 2.275830678197542090e-02 3.584433318161128756e-02 3.174783796085571541e-02 0.000000000000000000e+00
6.180000000000000000e+02 2.472014190239510967e-01 9.120391442876649712e-01 2.196176604460628110e-02 3.504779244424215123e-02 3.095129722348657214e-02 0.000000000000000000e+00
6.210000000000000000e+02 2.484014259124169843e-01 9.111288120163859583e-01 2.298588984979517413e-02 3.573054164770141095e-02 3.015475648611743234e-02 0.000000000000000000e+00
6.240000000000000000e+02 2.496014328008826499e-01 9.096495220755576039e-01 2.366863905325443732e-02 3.538916704597178109e-02 3.129267182521620200e-02 0.000000000000000000e+00
6.270000000000000000e+02 2.508014396893485376e-01 9.119253527537550807e-01 2.355484751934456070e-02 3.641329085116067066e-02 2.810650887573964626e-02 0.000000000000000000e+00
6.300000000000000000e+02 2.520014465778142032e-01 9.122667273554847522e-01 2.412380518889394726e-02 3.595812471552116418e-02 2.765134274010013632e-02 0.000000000000000000e+00
6.330000000000000000e+02 2.532014534662800909e-01 9.118115612198451903e-01 2.389622212107419055e-02 3.595812471552116418e-02 2.833409194355939950e-02 0.000000000000000000e+00
6.360000000000000000e+02 2.544014603547457565e-01 9.116977696859354108e-01 2.401001365498407064e-02 3.504779244424215123e-02 2.924442421483841592e-02 0.000000000000000000e+00
6.390000000000000000e+02 2.556014672432116441e-01 9.114701866181156298e-01 2.355484751934456070e-02 3.436504324078288458e-02 3.060992262175694228e-02 0.000000000000000000e+00
6.420000000000000000e+02 2.568014741316773097e-01 9.144287664997724496e-01 2.309968138370505075e-02 3.425125170687300796e-02 2.822030040964952288e-02 0.000000000000000000e+00
6.450000000000000000e+02 2.580014810201431974e-01 9.157942649066909135e-01 2.321347291761493084e-02 3.504779244424215123e-02 2.594446973145198010e-02 0.000000000000000000e+00
6.480000000000000000e+02 2.592014879086088630e-01 9.114701866181156298e-01 2.401001365498407064e-02 3.561675011379153433e-02 2.890304961310878606e-02 0.000000000000000000e+00
6.510000000000000000e+02 2.604014947970747507e-01 9.149977241693217911e-01 2.366863905325443732e-02 3.379608557123350149e-02 2.753755120619025970e-02 0.000000000000000000e+00
6.540000000000000000e+02 2.616015016855406383e-01 9.143149749658625591e-01 2.309968138370505075e-02 3.402366863905325473e-02 2.856167501137915274e-02 0.000000000000000000e+00
6.570000000000000000e+02 2.628015085740063039e-01 9.137460172963131066e-01 2.401001365498407064e-02 3.447883477469276120e-02 2.776513427401001294e-02 0.000000000000000000e+00
6.600000000000000000e+02 2.640015154624721916e-01 9.145425580336823401e-01 2.412380518889394726e-02 3.356850250341374825e-02 2.776513427401001294e-02 0.000000000000000000e+00
6.630000000000000000e+02 2.652015223509378572e-01 9.161356395084205850e-01 2.446517979062357712e-02 3.254437869822485174e-02 2.685480200273099652e-02 0.000000000000000000e+00
6.660000000000000000e+02 2.664015292394037449e-01 9.147701411015020101e-01 2.378243058716431393e-02 3.345471096950387163e-02 2.799271734182976618e-02 0.000000000000000000e+00
6.690000000000000000e+02 2.676015361278694105e-01 9.128356850250340937e-01 2.446517979062357712e-02 3.368229403732362487e-02 2.901684114701866268e-02 0.000000000000000000e+00
6.720000000000000000e+02 2.688015430163352981e-01 9.185252617205279524e-01 2.344105598543468408e-02 3.095129722348657214e-02 2.708238507055074976e-02 0.000000000000000000e+00
6.750000000000000000e+02 2.700015499048009637e-01 9.201183431952663083e-01 2.287209831588529751e-02 3.083750568957669552e-02 2.617205279927173334e-02 0.000000000000000000e+00
6.780000000000000000e+02 2.712015567932668514e-01 9.220527992717342247e-01 2.241693218024579104e-02 2.913063268092853930e-02 2.639963586709149004e-02 0.000000000000000000e+00
6.810000000000000000e+02 2.724015636817325170e-01 9.219390077378243342e-01 2.218934911242603433e-02 2.947200728265816916e-02 2.639963586709149004e-02 0.000000000000000000e+00
