# itime ezz other fcc hcp bcc ico
0.000000000000000000e+00 0.000000000000000000e+00 1.365498406918525280e-03 9.985207100591716456e-01 0.000000000000000000e+00 1.137915339098771066e-04 0.000000000000000000e+00
2.500000000000000000e+02 9.999569554317577769e-04 1.024123805188893906e-03 9.989758761948110966e-01 0.000000000000000000e+00 0.000000000000000000e+00 0.000000000000000000e+00
5.000000000000000000e+02 1.999913910863293509e-03 1.820664542558033706e-03 9.981793354574419741e-01 0.000000000000000000e+00 0.000000000000000000e+00 0.000000000000000000e+00
7.500000000000000000e+02 2.999870866295051286e-03 1.137915339098770958e-03 9.988620846609012061e-01 0.000000000000000000e+00 0.000000000000000000e+00 0.000000000000000000e+00
1.000000000000000000e+03 3.999827821726809063e-03 1.251706873008648227e-03 9.987482931269913156e-01 0.000000000000000000e+00 0.000000000000000000e+00 0.000000000000000000e+00
1.250000000000000000e+03 4.999784777158344795e-03 1.251706873008648227e-03 9.987482931269913156e-01 0.000000000000000000e+00 0.000000000000000000e+00 0.000000000000000000e+00
1.500000000000000000e+03 5.999741732590102572e-03 1.593081474738279385e-03 9.984069185252617551e-01 0.000000000000000000e+00 0.000000000000000000e+00 0.000000000000000000e+00
1.750000000000000000e+03 6.999698688021860349e-03 9.103322712790168532e-04 9.990896677287209870e-01 0.000000000000000000e+00 0.000000000000000000e+00 0.000000000000000000e+00
2.000000000000000000e+03 7.999655643453396081e-03 1.365498406918525280e-03 9.986345015930814251e-01 0.000000000000000000e+00 0.000000000000000000e+00 0.000000000000000000e+00
2.250000000000000000e+03 8.999612598885153858e-03 1.137915339098770958e-03 9.988620846609012061e-01 0.000000000000000000e+00 0.000000000000000000e+00 0.000000000000000000e+00
2.500000000000000000e+03 9.999569554316911635e-03 2.048247610377787811e-03 9.979517523896221931e-01 0.000000000000000000e+00 0.000000000000000000e+00 0.000000000000000000e+00
2.750000000000000000e+03 1.099952650974844737e-02 1.137915339098770958e-03 9.987482931269913156e-01 0.000000000000000000e+00 1.137915339098771066e-04 0.000000000000000000e+00
3.000000000000000000e+03 1.199948346518020514e-02 1.934456076467910759e-03 9.980655439235320836e-01 0.000000000000000000e+00 0.000000000000000000e+00 0.000000000000000000e+00
3.250000000000000000e+03 1.299944042061196292e-02 1.593081474738279385e-03 9.984069185252617551e-01 0.000000000000000000e+00 0.000000000000000000e+00 0.000000000000000000e+00
3.500000000000000000e+03 1.399939737604349865e-02 2.503413746017296455e-03 9.974965862539827421e-01 0.000000000000000000e+00 0.000000000000000000e+00 0.000000000000000000e+00
3.750000000000000000e+03 1.499935433147525643e-02 2.275830678197541916e-03 9.974965862539827421e-01 0.000000000000000000e+00 2.275830678197542133e-04 0.000000000000000000e+00
4.000000000000000000e+03 1.599931128690701421e-02 1.820664542558033706e-03 9.981793354574419741e-01 0.000000000000000000e+00 0.000000000000000000e+00 0.000000000000000000e+00
4.250000000000000000e+03 1.699926824233854994e-02 1.934456076467910759e-03 9.980655439235320836e-01 0.000000000000000000e+00 0.000000000000000000e+00 0.000000000000000000e+00
4.500000000000000000e+03 1.799922519777030772e-02 1.934456076467910759e-03 9.980655439235320836e-01 0.000000000000000000e+00 0.000000000000000000e+00 0.000000000000000000e+00
4.750000000000000000e+03 1.899918215320206549e-02 1.593081474738279385e-03 9.984069185252617551e-01 0.000000000000000000e+00 0.000000000000000000e+00 0.000000000000000000e+00
5.000000000000000000e+03 1.999913910863360123e-02 3.527537551206190360e-03 9.964724624487938387e-01 0.000000000000000000e+00 0.000000000000000000e+00 0.000000000000000000e+00
5.250000000000000000e+03 2.099909606406535900e-02 1.593081474738279385e-03 9.984069185252617551e-01 0.000000000000000000e+00 0.000000000000000000e+00 0.000000000000000000e+00
5.500000000000000000e+03 2.199905301949711678e-02 1.593081474738279385e-03 9.984069185252617551e-01 0.000000000000000000e+00 0.000000000000000000e+00 0.000000000000000000e+00
5.750000000000000000e+03 2.299900997492865251e-02 3.527537551206190360e-03 9.964724624487938387e-01 0.000000000000000000e+00 0.000000000000000000e+00 0.000000000000000000e+00
6.000000000000000000e+03 2.399896693036041029e-02 2.162039144287664864e-03 9.977241693218024121e-01 0.000000000000000000e+00 1.137915339098771066e-04 0.000000000000000000e+00
6.250000000000000000e+03 2.499892388579216806e-02 6.144742831133363434e-03 9.937414656349567998e-01 0.000000000000000000e+00 1.137915339098771066e-04 0.000000000000000000e+00
6.500000000000000000e+03 2.599888084122370380e-02 2.503413746017296455e-03 9.974965862539827421e-01 0.000000000000000000e+00 0.000000000000000000e+00 0.000000000000000000e+00
6.750000000000000000e+03 2.699883779665546157e-02 3.072371415566681717e-03 9.969276285844332897e-01 0.000000000000000000e+00 0.000000000000000000e+00 0.000000000000000000e+00
7.000000000000000000e+03 2.799879475208721935e-02 4.210286754665453109e-03 9.956759217114247162e-01 0.000000000000000000e+00 1.137915339098771066e-04 0.000000000000000000e+00
7.250000000000000000e+03 2.899875170751875508e-02 4.210286754665453109e-03 9.957897132453344957e-01 0.000000000000000000e+00 0.000000000000000000e+00 0.000000000000000000e+00
7.500000000000000000e+03 2.999870866295051286e-02 4.324078288575329727e-03 9.956759217114247162e-01 0.000000000000000000e+00 0.000000000000000000e+00 0.000000000000000000e+00
7.750000000000000000e+03 3.099866561838227064e-02 3.527537551206190360e-03 9.963586709148839482e-01 0.000000000000000000e+00 1.137915339098771066e-04 0.000000000000000000e+00
8.000000000000000000e+03 3.199862257381380637e-02 4.779244424214838804e-03 9.951069640418752638e-01 0.000000000000000000e+00 1.137915339098771066e-04 0.000000000000000000e+00
8.250000000000000000e+03 3.299857952924556415e-02 4.893035958124715423e-03 9.951069640418752638e-01 0.000000000000000000e+00 0.000000000000000000e+00 0.000000000000000000e+00
8.500000000000000000e+03 3.399853648467732192e-02 7.510241238051888930e-03 9.922621756941283344e-01 0.000000000000000000e+00 2.275830678197542133e-04 0.000000000000000000e+00
8.750000000000000000e+03 3.499849344010885765e-02 5.575785161583977738e-03 9.943104233045061413e-01 0.000000000000000000e+00 1.137915339098771066e-04 0.000000000000000000e+00
9.000000000000000000e+03 3.599845039554061543e-02 8.306781975421027864e-03 9.914656349567592120e-01 0.000000000000000000e+00 2.275830678197542133e-04 0.000000000000000000e+00
9.250000000000000000e+03 3.699840735097237321e-02 6.372325898953117539e-03 9.934000910332271284e-01 0.000000000000000000e+00 2.275830678197542133e-04 0.000000000000000000e+00
9.500000000000000000e+03 3.799836430640390894e-02 6.713700500682749130e-03 9.930587164314974569e-01 0.000000000000000000e+00 2.275830678197542133e-04 0.000000000000000000e+00
9.750000000000000000e+03 3.899832126183566672e-02 1.137915339098771045e-02 9.885070550751023921e-01 0.000000000000000000e+00 1.137915339098771066e-04 0.000000000000000000e+00
1.000000000000000000e+04 3.999827821726742449e-02 4.210286754665453109e-03 9.953345471096950448e-01 0.000000000000000000e+00 4.551661356395084266e-04 0.000000000000000000e+00
1.025000000000000000e+04 4.099823517269896023e-02 9.103322712790167665e-03 9.907828857532999800e-01 0.000000000000000000e+00 1.137915339098771066e-04 0.000000000000000000e+00
1.050000000000000000e+04 4.199819212813071800e-02 8.306781975421027864e-03 9.911242603550295405e-01 0.000000000000000000e+00 5.689576695493854790e-04 0.000000000000000000e+00
1.075000000000000000e+04 4.299814908356247578e-02 6.827492034592626616e-03 9.929449248975875664e-01 0.000000000000000000e+00 2.275830678197542133e-04 0.000000000000000000e+00
1.100000000000000000e+04 4.399810603899401151e-02 1.297223486572599005e-02 9.864588074647245852e-01 0.000000000000000000e+00 5.689576695493854790e-04 0.000000000000000000e+00
1.125000000000000000e+04 4.499806299442576929e-02 1.331360946745562164e-02 9.864588074647245852e-01 0.000000000000000000e+00 2.275830678197542133e-04 0.000000000000000000e+00
1.150000000000000000e+04 4.599801994985752707e-02 9.558488848429677609e-03 9.902139280837505275e-01 0.000000000000000000e+00 2.275830678197542133e-04 0.000000000000000000e+00
1.175000000000000000e+04 4.699797690528906280e-02 1.103777878925807886e-02 9.887346381429221731e-01 0.000000000000000000e+00 2.275830678197542133e-04 0.000000000000000000e+00
1.200000000000000000e+04 4.799793386072082058e-02 1.490669094219390124e-02 9.844105598543468894e-01 0.000000000000000000e+00 6.827492034592626399e-04 0.000000000000000000e+00
1.225000000000000000e+04 4.899789081615257835e-02 1.319981793354574502e-02 9.861174328629950248e-01 0.000000000000000000e+00 6.827492034592626399e-04 0.000000000000000000e+00
1.250000000000000000e+04 4.999784777158411408e-02 1.422394173873463806e-02 9.850933090578061213e-01 0.000000000000000000e+00 6.827492034592626399e-04 0.000000000000000000e+00
1.275000000000000000e+04 5.099780472701587186e-02 1.399635867091488309e-02 9.854346836595356818e-01 0.000000000000000000e+00 5.689576695493854790e-04 0.000000000000000000e+00
1.300000000000000000e+04 5.199776168244762964e-02 2.025489303595812488e-02 9.788347746927628101e-01 0.000000000000000000e+00 9.103322712790168532e-04 0.000000000000000000e+00
1.325000000000000000e+04 5.299771863787916537e-02 2.571688666363222686e-02 9.732589895311788419e-01 0.000000000000000000e+00 1.024123805188893906e-03 0.000000000000000000e+00
1.350000000000000000e+04 5.399767559331092315e-02 2.822030040964952288e-02 9.706417842512516936e-01 0.000000000000000000e+00 1.137915339098770958e-03 0.000000000000000000e+00
1.375000000000000000e+04 5.499763254874268092e-02 2.651342740100136666e-02 9.720072826581702685e-01 0.000000000000000000e+00 1.479289940828402332e-03 0.000000000000000000e+00
1.400000000000000000e+04 5.599758950417421666e-02 2.196176604460628110e-02 9.773554847519344557e-01 0.000000000000000000e+00 6.827492034592626399e-04 0.000000000000000000e+00
1.425000000000000000e+04 5.699754645960597443e-02 2.389622212107419055e-02 9.747382794720073074e-01 0.000000000000000000e+00 1.365498406918525280e-03 0.000000000000000000e+00
1.450000000000000000e+04 5.799750341503773221e-02 1.866181156121984527e-02 9.805416477014110566e-01 0.000000000000000000e+00 7.965407373691396923e-04 0.000000000000000000e+00
1.475000000000000000e+04 5.899746037046926794e-02 2.935821574874829254e-02 9.689349112426035582e-01 0.000000000000000000e+00 1.706873008648156654e-03 0.000000000000000000e+00
1.500000000000000000e+04 5.999741732590102572e-02 2.662721893491124328e-02 9.713245334547109255e-01 0.000000000000000000e+00 2.048247610377787811e-03 0.000000000000000000e+00
1.525000000000000000e+04 6.099737428133278350e-02 2.446517979062357712e-02 9.739417387346381849e-01 0.000000000000000000e+00 1.593081474738279385e-03 0.000000000000000000e+00
1.550000000000000000e+04 6.199733123676431923e-02 2.787892580791988956e-02 9.700728265817023521e-01 0.000000000000000000e+00 2.048247610377787811e-03 0.000000000000000000e+00
1.575000000000000000e+04 6.299728819219607701e-02 4.073736913973600299e-02 9.571005917159762788e-01 0.000000000000000000e+00 2.162039144287664864e-03 0.000000000000000000e+00
1.600000000000000000e+04 6.399724514762783478e-02 4.972690031861629750e-02 9.486800182066453813e-01 0.000000000000000000e+00 1.593081474738279385e-03 0.000000000000000000e+00
1.625000000000000000e+04 6.499720210305937051e-02 4.221665908056440597e-02 9.556213017751479244e-01 0.000000000000000000e+00 2.162039144287664864e-03 0.000000000000000000e+00
1.650000000000000000e+04 6.599715905849112829e-02 3.948566226672735324e-02 9.581247155211651823e-01 0.000000000000000000e+00 2.389622212107419402e-03 0.000000000000000000e+00
1.675000000000000000e+04 6.699711601392288607e-02 5.131998179335457710e-02 9.441283568502503165e-01 0.000000000000000000e+00 4.551661356395083832e-03 0.000000000000000000e+00
1.700000000000000000e+04 6.799707296935442180e-02 4.733727810650887463e-02 9.487938097405552718e-01 0.000000000000000000e+00 3.868912152935821518e-03 0.000000000000000000e+00
1.725000000000000000e+04 6.899702992478617958e-02 4.210286754665452935e-02 9.543695949021392400e-01 0.000000000000000000e+00 3.527537551206190360e-03 0.000000000000000000e+00
1.750000000000000000e+04 6.999698688021793735e-02 5.985434683659535821e-02 9.361629494765589810e-01 0.000000000000000000e+00 3.982703686845699004e-03 0.000000000000000000e+00
1.775000000000000000e+04 7.099694383564947309e-02 6.838871187983613931e-02 9.261492944924897275e-01 0.000000000000000000e+00 5.461993627674101119e-03 0.000000000000000000e+00
1.800000000000000000e+04 7.199690079108123086e-02 5.632680928538916915e-02 9.393491124260354708e-01 0.000000000000000000e+00 4.324078288575329727e-03 0.000000000000000000e+00
1.825000000000000000e+04 7.299685774651298864e-02 7.203004096495220498e-02 9.211424670004552118e-01 0.000000000000000000e+00 6.827492034592626616e-03 0.000000000000000000e+00
1.850000000000000000e+04 7.399681470194452437e-02 6.292671825216203385e-02 9.313837050523441352e-01 0.000000000000000000e+00 5.689576695493855224e-03 0.000000000000000000e+00
1.875000000000000000e+04 7.499677165737628215e-02 8.101957214383249950e-02 9.119253527537550807e-01 0.000000000000000000e+00 7.055075102412380721e-03 0.000000000000000000e+00
1.900000000000000000e+04 7.599672861280803993e-02 8.443331816112881194e-02 9.056668183887118806e-01 0.000000000000000000e+00 9.899863450159307465e-03 0.000000000000000000e+00
1.925000000000000000e+04 7.699668556823957566e-02 1.026399635867091542e-01 8.875739644970414011e-01 0.000000000000000000e+00 9.786071916249430847e-03 0.000000000000000000e+00
1.950000000000000000e+04 7.799664252367133344e-02 9.035047792444242387e-02 9.014565316340463763e-01 0.000000000000000000e+00 8.192990441511151245e-03 0.000000000000000000e+00
1.975000000000000000e+04 7.899659947910309121e-02 1.079881656804733692e-01 8.801775147928994070e-01 0.000000000000000000e+00 1.183431952662721866e-02 0.000000000000000000e+00
2.000000000000000000e+04 7.999655643453462694e-02 1.177742375967228000e-01 8.687983614019116896e-01 0.000000000000000000e+00 1.342740100136549826e-02 0.000000000000000000e+00
2.025000000000000000e+04 8.099651338996638472e-02 1.263086026399635742e-01 8.550295857988166048e-01 1.137915339098771066e-04 1.854802002730996865e-02 0.000000000000000000e+00
2.050000000000000000e+04 8.199647034539814250e-02 1.345015930814747462e-01 8.476331360946746107e-01 2.275830678197542133e-04 1.763768775603095224e-02 0.000000000000000000e+00
2.075000000000000000e+04 8.299642730082967823e-02 1.703459262630860338e-01 7.968821119708693335e-01 0.000000000000000000e+00 3.277196176604460498e-02 0.000000000000000000e+00
2.100000000000000000e+04 8.399638425626143601e-02 1.842284934000910368e-01 7.675238962221210270e-01 1.820664542558033706e-03 4.642694583522986168e-02 0.000000000000000000e+00
2.125000000000000000e+04 8.499634121169319378e-02 1.902594446973145115e-01 7.461310878470641672e-01 9.786071916249430847e-03 5.382339553937186966e-02 0.000000000000000000e+00
2.150000000000000000e+04 8.599629816712472952e-02 2.266727355484751960e-01 6.491807009558488994e-01 3.686845698680018407e-02 8.727810650887574129e-02 0.000000000000000000e+00
2.175000000000000000e+04 8.699625512255648729e-02 1.646563495675921751e-01 6.261948111060536837e-01 1.482703686845698587e-01 6.087847064178425471e-02 0.000000000000000000e+00
2.200000000000000000e+04 8.799621207798824507e-02 1.178880291306326766e-01 6.471324533454710926e-01 1.998179335457442030e-01 3.516158397815202785e-02 0.000000000000000000e+00
2.225000000000000000e+04 8.899616903341978080e-02 9.968138370505234824e-02 6.541875284478835262e-01 2.269003186162949492e-01 1.923076923076923184e-02 0.000000000000000000e+00
2.250000000000000000e+04 8.999612598885153858e-02 8.978152025489304078e-02 6.581702321347291385e-01 2.323623122439690547e-01 1.968593536640873831e-02 0.000000000000000000e+00
2.275000000000000000e+04 9.099608294428329636e-02 9.615384615384615918e-02 6.557806099226217711e-01 2.289485662266727284e-01 1.911697769685935522e-02 0.000000000000000000e+00
2.300000000000000000e+04 9.199603989971483209e-02 9.604005461993628257e-02 6.573736913973600160e-01 2.329312699135184239e-01 1.365498406918525323e-02 0.000000000000000000e+00
2.325000000000000000e+04 9.299599685514658987e-02 1.075329995448338627e-01 6.437187073281748217e-01 2.278106508875739622e-01 2.093764223941738806e-02 0.000000000000000000e+00
2.350000000000000000e+04 9.399595381057834764e-02 9.820209376422393832e-02 6.547564861174328676e-01 2.316795630405097950e-01 1.536185707783340945e-02 0.000000000000000000e+00
2.375000000000000000e+04 9.499591076600988337e-02 1.035502958579881672e-01 6.459945380063722986e-01 2.305416477014110288e-01 1.991351843422849502e-02 0.000000000000000000e+00
2.400000000000000000e+04 9.599586772144164115e-02 1.050295857988165632e-01 6.477014110150204340e-01 2.333864360491579304e-01 1.388256713700500647e-02 0.000000000000000000e+00
2.425000000000000000e+04 9.699582467687339893e-02 9.467455621301774926e-02 6.550978607191625391e-01 2.357760582612653533e-01 1.445152480655439303e-02 0.000000000000000000e+00
2.450000000000000000e+04 9.799578163230493466e-02 1.145880746472462408e-01 6.347291761492944717e-01 2.368001820664542567e-01 1.388256713700500647e-02 0.000000000000000000e+00
2.475000000000000000e+04 9.899573858773669244e-02 1.037778789258079204e-01 6.472462448793809831e-01 2.363450159308147502e-01 1.263086026399635846e-02 0.000000000000000000e+00
2.500000000000000000e+04 9.999569554316845021e-02 1.088984979517523960e-01 6.420118343195265753e-01 2.336140191169776836e-01 1.547564861174328607e-02 0.000000000000000000e+00
2.525000000000000000e+04 1.009956524985999859e-01 1.120846609012289552e-01 6.404187528447883304e-01 2.330450614474283144e-01 1.445152480655439303e-02 0.000000000000000000e+00
2.550000000000000000e+04 1.019956094540317437e-01 1.248293126991351781e-01 6.300637232589895165e-01 2.297451069640418786e-01 1.536185707783340945e-02 0.000000000000000000e+00
2.575000000000000000e+04 1.029955664094635015e-01 1.315430131998179264e-01 6.234638142922166448e-01 2.312243969048702885e-01 1.376877560309512985e-02 0.000000000000000000e+00
2.600000000000000000e+04 1.039955233648950372e-01 1.289258079198907503e-01 6.240327719617660973e-01 2.304278561675011383e-01 1.661356395084205573e-02 0.000000000000000000e+00
2.625000000000000000e+04 1.049954803203267950e-01 1.314292216659080637e-01 6.230086481565771939e-01 2.312243969048702885e-01 1.433773327264451468e-02 0.000000000000000000e+00
2.650000000000000000e+04 1.059954372757585528e-01 1.472462448793809831e-01 6.033227127901683584e-01 2.275830678197542090e-01 2.184797451069640448e-02 0.000000000000000000e+00
2.675000000000000000e+04 1.069953942311900885e-01 1.562357760582612776e-01 5.960400546199362548e-01 2.222348657259899940e-01 2.548930359581247015e-02 0.000000000000000000e+00
2.700000000000000000e+04 1.079953511866218463e-01 1.538461538461538547e-01 6.033227127901683584e-01 2.207555757851615841e-01 2.207555757851615771e-02 0.000000000000000000e+00
2.725000000000000000e+04 1.089953081420536041e-01 1.664770141101502010e-01 5.893263541192534927e-01 2.214383249886208438e-01 2.275830678197542090e-02 0.000000000000000000e+00
2.750000000000000000e+04 1.099952650974851398e-01 1.706873008648156498e-01 5.837505689576695245e-01 2.188211197086936677e-01 2.674101046882111990e-02 0.000000000000000000e+00
2.775000000000000000e+04 1.109952220529168976e-01 1.857077833409194467e-01 5.710059171597633432e-01 2.147246244879381094e-01 2.856167501137915274e-02 0.000000000000000000e+00
2.800000000000000000e+04 1.119951790083486554e-01 1.857077833409194467e-01 5.636094674556213491e-01 2.133591260810195622e-01 3.732362312243969055e-02 0.000000000000000000e+00
2.825000000000000000e+04 1.129951359637801911e-01 1.952662721893491105e-01 5.637232589895311285e-01 2.038006372325898985e-01 3.720983158852981393e-02 0.000000000000000000e+00
2.850000000000000000e+04 1.139950929192119489e-01 1.865043240782885692e-01 5.645197997269003620e-01 2.055075102412380617e-01 4.346836595357305572e-02 0.000000000000000000e+00
2.875000000000000000e+04 1.149950498746437066e-01 2.056213017751479244e-01 5.251479289940828021e-01 2.044833864360491582e-01 6.474738279472007363e-02 0.000000000000000000e+00
2.900000000000000000e+04 1.159950068300752424e-01 2.002730996813837094e-01 5.157032316795630011e-01 2.223486572598998567e-01 6.167501137915339104e-02 0.000000000000000000e+00
2.925000000000000000e+04 1.169949637855070002e-01 2.205279927173418308e-01 5.059171597633136397e-01 2.173418297678652578e-01 5.621301775147929253e-02 0.000000000000000000e+00
2.950000000000000000e+04 1.179949207409387579e-01 1.791078743741465751e-01 5.917159763313609711e-01 1.910559854346836617e-01 3.812016385980882688e-02 0.000000000000000000e+00
2.975000000000000000e+04 1.189948776963702937e-01 1.219845243513882627e-01 6.721665908056441152e-01 1.841147018661811463e-01 2.173418297678652786e-02 0.000000000000000000e+00
3.000000000000000000e+04 1.199948346518020514e-01 1.008192990441511144e-01 6.845698680018206250e-01 1.927628584433318248e-01 2.184797451069640448e-02 0.000000000000000000e+00
3.025000000000000000e+04 1.209947916072338092e-01 9.456076467910787264e-02 6.896904870277651423e-01 1.949248975876194945e-01 2.082385070550751144e-02 0.000000000000000000e+00
3.050000000000000000e+04 1.219947485626653449e-01 9.524351388256713236e-02 6.892353208921255803e-01 1.941283568502503443e-01 2.139280837505689453e-02 0.000000000000000000e+00
3.075000000000000000e+04 1.229947055180971027e-01 9.478834774692762588e-02 6.904870277651342647e-01 1.943559399180700975e-01 2.036868456986800149e-02 0.000000000000000000e+00
3.100000000000000000e+04 1.239946624735288605e-01 9.854346836595356818e-02 6.877560309512972259e-01 1.918525261720528119e-01 2.184797451069640448e-02 0.000000000000000000e+00
3.125000000000000000e+04 1.249946194289603962e-01 1.029813381884387841e-01 6.843422849340009551e-01 1.892353208921256358e-01 2.344105598543468408e-02 0.000000000000000000e+00
3.150000000000000000e+04 1.259945763843921540e-01 1.110605370960400518e-01 6.750113791533909335e-01 1.939007737824305910e-01 2.002730996813837164e-02 0.000000000000000000e+00
3.175000000000000000e+04 1.269945333398239118e-01 1.022985889849795244e-01 6.847974510696404060e-01 1.915111515703231682e-01 2.139280837505689453e-02 0.000000000000000000e+00
3.200000000000000000e+04 1.279944902952554475e-01 1.032089212562585373e-01 6.813837050523441352e-01 1.944697314519799602e-01 2.093764223941738806e-02 0.000000000000000000e+00
3.225000000000000000e+04 1.289944472506872053e-01 1.024123805188894010e-01 6.813837050523441352e-01 1.925352753755120716e-01 2.366863905325443732e-02 0.000000000000000000e+00
3.250000000000000000e+04 1.299944042061189631e-01 1.068502503413746030e-01 6.772872098315885214e-01 1.926490669094219343e-01 2.321347291761493084e-02 0.000000000000000000e+00
3.275000000000000000e+04 1.309943611615504988e-01 1.036640873918980438e-01 6.791078743741465473e-01 1.970869367319071364e-01 2.014110150204824826e-02 0.000000000000000000e+00
3.300000000000000000e+04 1.319943181169822566e-01 1.144742831133363642e-01 6.688666363222576239e-01 1.896904870277651423e-01 2.696859353664087314e-02 0.000000000000000000e+00
3.325000000000000000e+04 1.329942750724140144e-01 1.175466545289030468e-01 6.665908056440600360e-01 1.923076923076923184e-01 2.355484751934456070e-02 0.000000000000000000e+00
3.350000000000000000e+04 1.339942320278455501e-01 1.136777423759672279e-01 6.672735548475193790e-01 1.942421483841602070e-01 2.480655439235321044e-02 0.000000000000000000e+00
3.375000000000000000e+04 1.349941889832773079e-01 1.104915794264906687e-01 6.747837960855712636e-01 1.929904415111515781e-01 2.173418297678652786e-02 0.000000000000000000e+00
3.400000000000000000e+04 1.359941459387090656e-01 1.137915339098771045e-01 6.697769685935366368e-01 1.919663177059626746e-01 2.446517979062357712e-02 0.000000000000000000e+00
3.425000000000000000e+04 1.369941028941406014e-01 1.151570323167956239e-01 6.656804733727810230e-01 1.926490669094219343e-01 2.651342740100136666e-02 0.000000000000000000e+00
3.450000000000000000e+04 1.379940598495723592e-01 1.266499772416932179e-01 6.589667728720982609e-01 1.883249886208466228e-01 2.605826126536185672e-02 0.000000000000000000e+00
3.475000000000000000e+04 1.389940168050041169e-01 1.232362312243969055e-01 6.581702321347291385e-01 1.919663177059626746e-01 2.662721893491124328e-02 0.000000000000000000e+00
3.500000000000000000e+04 1.399939737604356527e-01 1.272189349112426149e-01 6.564633591260810030e-01 1.911697769685935244e-01 2.514792899408284030e-02 0.000000000000000000e+00
3.525000000000000000e+04 1.409939307158674104e-01 1.252844788347746985e-01 6.616977696859354108e-01 1.894629039599453890e-01 2.355484751934456070e-02 0.000000000000000000e+00
3.550000000000000000e+04 1.419938876712991682e-01 1.211879836140191125e-01 6.619253527537550807e-01 1.921939007737824279e-01 2.469276285844333035e-02 0.000000000000000000e+00
3.575000000000000000e+04 1.429938446267307040e-01 1.250568957669549452e-01 6.605598543468366168e-01 1.887801547564861293e-01 2.560309512972235024e-02 0.000000000000000000e+00
3.600000000000000000e+04 1.439938015821624617e-01 1.327947200728265831e-01 6.557806099226217711e-01 1.874146563495675821e-01 2.401001365498407064e-02 0.000000000000000000e+00
3.625000000000000000e+04 1.449937585375942195e-01 1.248293126991351781e-01 6.651115157032316816e-01 1.858215748748293095e-01 2.423759672280382388e-02 0.000000000000000000e+00
3.650000000000000000e+04 1.459937154930257552e-01 1.186845698680018268e-01 6.705735093309057593e-01 1.877560309512972259e-01 2.298588984979517413e-02 0.000000000000000000e+00
3.675000000000000000e+04 1.469936724484575130e-01 1.190259444697314567e-01 6.715976331360946627e-01 1.885525716886663761e-01 2.082385070550751144e-02 0.000000000000000000e+00
3.700000000000000000e+04 1.479936294038892708e-01 1.103777878925807920e-01 6.754665452890304955e-01 1.882111970869367323e-01 2.594446973145198010e-02 0.000000000000000000e+00
3.725000000000000000e+04 1.489935863593208065e-01 1.180018206645425533e-01 6.673873463814292695e-01 1.917387346381429214e-01 2.287209831588529751e-02 0.000000000000000000e+00
3.750000000000000000e+04 1.499935433147525643e-01 1.223258989531178925e-01 6.613563950842057393e-01 1.867319071461083224e-01 2.958579881656804578e-02 0.000000000000000000e+00
3.775000000000000000e+04 1.509935002701843221e-01 1.193673190714610866e-01 6.730769230769231282e-01 1.878698224852070886e-01 1.968593536640873831e-02 0.000000000000000000e+00
3.800000000000000000e+04 1.519934572256158578e-01 1.223258989531178925e-01 6.629494765589439842e-01 1.909421939007737712e-01 2.378243058716431393e-02 0.000000000000000000e+00
3.825000000000000000e+04 1.529934141810476156e-01 1.274465179790623681e-01 6.611288120163859583e-01 1.919663177059626746e-01 1.945835229858898507e-02 0.000000000000000000e+00
3.850000000000000000e+04 1.539933711364793734e-01 1.343878015475648557e-01 6.515703231679562668e-01 1.880974055530268418e-01 2.594446973145198010e-02 0.000000000000000000e+00
3.875000000000000000e+04 1.549933280919109091e-01 1.288120163859808875e-01 6.546426945835229771e-01 1.912835685025034149e-01 2.526172052799271692e-02 0.000000000000000000e+00
3.900000000000000000e+04 1.559932850473426669e-01 1.416704597177969871e-01 6.470186618115612021e-01 1.871870732817478289e-01 2.412380518889394726e-02 0.000000000000000000e+00
3.925000000000000000e+04 1.569932420027744246e-01 1.447428311333636697e-01 6.383705052344105235e-01 1.846836595357305433e-01 3.220300409649522189e-02 0.000000000000000000e+00
3.950000000000000000e+04 1.579931989582059604e-01 1.548702776513427304e-01 6.379153390987710726e-01 1.803595812471552040e-01 2.685480200273099652e-02 0.000000000000000000e+00
3.975000000000000000e+04 1.589931559136377182e-01 1.418980427856167403e-01 6.432635411925352598e-01 1.862767410104688159e-01 2.856167501137915274e-02 0.000000000000000000e+00
4.000000000000000000e+04 1.599931128690694759e-01 1.465634956759217233e-01 6.378015475648611821e-01 1.850250341374601593e-01 3.060992262175694228e-02 0.000000000000000000e+00
4.025000000000000000e+04 1.609930698245010117e-01 1.449704142011834229e-01 6.439462903959944917e-01 1.847974510696404060e-01 2.628584433318160996e-02 0.000000000000000000e+00
4.050000000000000000e+04 1.619930267799327694e-01 1.619253527537551085e-01 6.279016841147018191e-01 1.800182066454255880e-01 3.015475648611743234e-02 0.000000000000000000e+00
4.075000000000000000e+04 1.629929837353645272e-01 1.555530268548019901e-01 6.291533909877105035e-01 1.862767410104688159e-01 2.901684114701866268e-02 0.000000000000000000e+00
4.100000000000000000e+04 1.639929406907960630e-01 1.642011834319526686e-01 6.227810650887574129e-01 1.824078288575330109e-01 3.060992262175694228e-02 0.000000000000000000e+00
4.125000000000000000e+04 1.649928976462278207e-01 1.751251706873008518e-01 6.149294492489758568e-01 1.809285389167046010e-01 2.901684114701866268e-02 0.000000000000000000e+00
4.150000000000000000e+04 1.659928546016595785e-01 1.634046426945835184e-01 6.274465179790623681e-01 1.809285389167046010e-01 2.822030040964952288e-02 0.000000000000000000e+00
4.175000000000000000e+04 1.669928115570911142e-01 1.778561675011379184e-01 6.119708693673190369e-01 1.726217569412835662e-01 3.755120619025944378e-02 0.000000000000000000e+00
4.200000000000000000e+04 1.679927685125228720e-01 1.763768775603095085e-01 6.098088302230314506e-01 1.819526627218935044e-01 3.186162949476559203e-02 0.000000000000000000e+00
4.225000000000000000e+04 1.689927254679546298e-01 1.972007282658170269e-01 5.963814292216659263e-01 1.715976331360946627e-01 3.482020937642239106e-02 0.000000000000000000e+00
4.250000000000000000e+04 1.699926824233861655e-01 1.783113336367774249e-01 6.104915794264906825e-01 1.754665452890304955e-01 3.573054164770141095e-02 0.000000000000000000e+00
4.275000000000000000e+04 1.709926393788179233e-01 1.964041875284478766e-01 5.903504779244423961e-01 1.764906690942193990e-01 3.675466545289030745e-02 0.000000000000000000e+00
4.300000000000000000e+04 1.719925963342496811e-01 2.085798816568047442e-01 5.814747382794720476e-01 1.685252617205279801e-01 4.142011834319526964e-02 0.000000000000000000e+00
4.325000000000000000e+04 1.729925532896812168e-01 2.078971324533454845e-01 5.708921256258534527e-01 1.725079654073737034e-01 4.870277651342740100e-02 0.000000000000000000e+00
4.350000000000000000e+04 1.739925102451129746e-01 2.115384615384615363e-01 5.687300864815657553e-01 1.703459262630860338e-01 4.938552571688666071e-02 0.000000000000000000e+00
4.375000000000000000e+04 1.749924672005447324e-01 2.175694128356850388e-01 5.662266727355484974e-01 1.689804278561675144e-01 4.722348657259899801e-02 0.000000000000000000e+00
4.400000000000000000e+04 1.759924241559762681e-01 2.437414656349567721e-01 5.258306781975421451e-01 1.704597177969958965e-01 5.996813837050523482e-02 0.000000000000000000e+00
4.425000000000000000e+04 1.769923811114080259e-01 2.452207555757851543e-01 5.080791989076012261e-01 1.906008192990441552e-01 5.609922621756941591e-02 0.000000000000000000e+00
4.450000000000000000e+04 1.779923380668397837e-01 2.448793809740555383e-01 4.988620846609012061e-01 1.927628584433318248e-01 6.349567592171143082e-02 0.000000000000000000e+00
4.475000000000000000e+04 1.789922950222713194e-01 2.672963131543013016e-01 4.807692307692307820e-01 1.962903959945380139e-01 5.564406008192990249e-02 0.000000000000000000e+00
4.500000000000000000e+04 1.799922519777030772e-01 2.745789713245334607e-01 4.536868456986800080e-01 1.954938552571688637e-01 7.624032771961765376e-02 0.000000000000000000e+00
4.525000000000000000e+04 1.809922089331348349e-01 2.779927173418297870e-01 4.425352753755120716e-01 2.116522530723714268e-01 6.781975421028675621e-02 0.000000000000000000e+00
4.550000000000000000e+04 1.819921658885663707e-01 2.737824305871643382e-01 4.688211197086936677e-01 2.005006827492034627e-01 5.689576695493855224e-02 0.000000000000000000e+00
4.575000000000000000e+04 1.829921228439981284e-01 2.666135639508420696e-01 4.809968138370505075e-01 2.022075557578516258e-01 5.018206645425580398e-02 0.000000000000000000e+00
4.600000000000000000e+04 1.839920797994298862e-01 2.543240782885753393e-01 4.970414201183431802e-01 2.206417842512516936e-01 2.799271734182976618e-02 0.000000000000000000e+00
4.625000000000000000e+04 1.849920367548614220e-01 2.295175238962221254e-01 5.136549840691853053e-01 2.259899863450159363e-01 3.083750568957669552e-02 0.000000000000000000e+00
4.650000000000000000e+04 1.859919937102931797e-01 2.204142011834319403e-01 5.240100136549841192e-01 2.329312699135184239e-01 2.264451524806554428e-02 0.000000000000000000e+00
4.675000000000000000e+04 1.869919506657249375e-01 1.873008648156577194e-01 5.770368684569867623e-01 2.208693673190714746e-01 1.479289940828402289e-02 0.000000000000000000e+00
4.700000000000000000e+04 1.879919076211564732e-01 1.718252162039144160e-01 6.124260355029585989e-01 2.071005917159763343e-01 8.648156577150659455e-03 0.000000000000000000e+00
4.725000000000000000e+04 1.889918645765882310e-01 1.516841147018661851e-01 6.422394173873463563e-01 1.975421028675466428e-01 8.534365043240782836e-03 0.000000000000000000e+00
4.750000000000000000e+04 1.899918215320199888e-01 1.455393718707328199e-01 6.595357305416477134e-01 1.887801547564861293e-01 6.144742831133363434e-03 0.000000000000000000e+00
4.775000000000000000e+04 1.909917784874515245e-01 1.459945380063723264e-01 6.615839781520255203e-01 1.880974055530268418e-01 4.324078288575329727e-03 0.000000000000000000e+00
4.800000000000000000e+04 1.919917354428832823e-01 1.416704597177969871e-01 6.642011834319526686e-01 1.885525716886663761e-01 5.575785161583977738e-03 0.000000000000000000e+00
4.825000000000000000e+04 1.929916923983150401e-01 1.364360491579426626e-01 6.656804733727810230e-01 1.908284023668639084e-01 7.055075102412380721e-03 0.000000000000000000e+00
4.850000000000000000e+04 1.939916493537465758e-01 1.390532544378698110e-01 6.651115157032316816e-01 1.890077378243058825e-01 6.827492034592626616e-03 0.000000000000000000e+00
4.875000000000000000e+04 1.949916063091783336e-01 1.429221665908056438e-01 6.626081019572144237e-01 1.900318616294947582e-01 4.437869822485207214e-03 0.000000000000000000e+00
4.900000000000000000e+04 1.959915632646100914e-01 1.424670004551661373e-01 6.665908056440600360e-01 1.867319071461083224e-01 4.210286754665453109e-03 0.000000000000000000e+00
4.925000000000000000e+04 1.969915202200416271e-01 1.393946290395994547e-01 6.677287209831588299e-01 1.888939462903959920e-01 3.982703686845699004e-03 0.000000000000000000e+00
4.950000000000000000e+04 1.979914771754733849e-01 1.439462903959945472e-01 6.656804733727810230e-01 1.857077833409194467e-01 4.665452890304961318e-03 0.000000000000000000e+00
4.975000000000000000e+04 1.989914341309051427e-01 1.418980427856167403e-01 6.653390987710514626e-01 1.880974055530268418e-01 4.665452890304961318e-03 0.000000000000000000e+00
5.000000000000000000e+04 1.999913910863366784e-01 1.477014110150204895e-01 6.587391898042785909e-01 1.883249886208466228e-01 5.234410559854347014e-03 0.000000000000000000e+00
5.025000000000000000e+04 2.009913480417684362e-01 1.482703686845698587e-01 6.568047337278106745e-01 1.879836140191169791e-01 6.941283568502503235e-03 0.000000000000000000e+00
5.050000000000000000e+04 2.019913049972001939e-01 1.483841602184797492e-01 6.596495220755576039e-01 1.868456986800182129e-01 5.120619025944469528e-03 0.000000000000000000e+00
5.075000000000000000e+04 2.029912619526317297e-01 1.502048247610377751e-01 6.609012289485661773e-01 1.844560764679107900e-01 4.437869822485207214e-03 0.000000000000000000e+00
5.100000000000000000e+04 2.039912189080634874e-01 1.500910332271279124e-01 6.622667273554847522e-01 1.819526627218935044e-01 5.689576695493855224e-03 0.000000000000000000e+00
5.125000000000000000e+04 2.049911758634952452e-01 1.557806099226217433e-01 6.571461083295402350e-01 1.820664542558033672e-01 5.006827492034592909e-03 0.000000000000000000e+00
5.150000000000000000e+04 2.059911328189267810e-01 1.558944014565316338e-01 6.589667728720982609e-01 1.799044151115156975e-01 5.234410559854347014e-03 0.000000000000000000e+00
5.175000000000000000e+04 2.069910897743585387e-01 1.577150659990896597e-01 6.479289940828402150e-01 1.874146563495675821e-01 6.941283568502503235e-03 0.000000000000000000e+00
5.200000000000000000e+04 2.079910467297902965e-01 1.425807919890760000e-01 6.634046426945835462e-01 1.885525716886663761e-01 5.461993627674101119e-03 0.000000000000000000e+00
5.225000000000000000e+04 2.089910036852218322e-01 1.317705962676376796e-01 6.901456531634045932e-01 1.729631315430132099e-01 5.120619025944469528e-03 0.000000000000000000e+00
5.250000000000000000e+04 2.099909606406535900e-01 1.346153846153846090e-01 6.894629039599453613e-01 1.717114246700045532e-01 4.210286754665453109e-03 0.000000000000000000e+00
5.275000000000000000e+04 2.109909175960853478e-01 1.352981338188438687e-01 6.904870277651342647e-01 1.686390532544378706e-01 5.575785161583977738e-03 0.000000000000000000e+00
5.300000000000000000e+04 2.119908745515168835e-01 1.407601274465179741e-01 6.857077833409194190e-01 1.702321347291761433e-01 3.299954483386436255e-03 0.000000000000000000e+00
5.325000000000000000e+04 2.129908315069486413e-01 1.359808830223031284e-01 6.885525716886663483e-01 1.712562585343650468e-01 4.210286754665453109e-03 0.000000000000000000e+00
5.350000000000000000e+04 2.139907884623803991e-01 1.319981793354574329e-01 6.972007282658170269e-01 1.676149294492489672e-01 3.186162949476558769e-03 0.000000000000000000e+00
5.375000000000000000e+04 2.149907454178119348e-01 1.360946745562130189e-01 6.892353208921255803e-01 1.711424670004551563e-01 3.527537551206190360e-03 0.000000000000000000e+00
5.400000000000000000e+04 2.159907023732436926e-01 1.276741010468821214e-01 6.946973145197997690e-01 1.729631315430132099e-01 4.665452890304961318e-03 0.000000000000000000e+00
5.425000000000000000e+04 2.169906593286754504e-01 1.085571233500227523e-01 7.127901684114701375e-01 1.767182521620391522e-01 1.934456076467910759e-03 0.000000000000000000e+00
5.450000000000000000e+04 2.179906162841069861e-01 1.092398725534820259e-01 7.117660446062813451e-01 1.748975876194810986e-01 4.096495220755575623e-03 0.000000000000000000e+00
5.475000000000000000e+04 2.189905732395387439e-01 1.092398725534820259e-01 7.107419208010924416e-01 1.768320436959490149e-01 3.186162949476558769e-03 0.000000000000000000e+00
5.500000000000000000e+04 2.199905301949705017e-01 1.076467910787437393e-01 7.119936276741010150e-01 1.779699590350477811e-01 2.389622212107419402e-03 0.000000000000000000e+00
5.525000000000000000e+04 2.209904871504020374e-01 1.099226217569412856e-01 7.085798816568047442e-01 1.772872098315885214e-01 4.210286754665453109e-03 0.000000000000000000e+00
5.550000000000000000e+04 2.219904441058337952e-01 1.144742831133363642e-01 7.066454255803368278e-01 1.753527537551206328e-01 3.527537551206190360e-03 0.000000000000000000e+00
5.575000000000000000e+04 2.229904010612655529e-01 1.162949476558944040e-01 7.024351388256713236e-01 1.781975421028675344e-01 3.072371415566681717e-03 0.000000000000000000e+00
5.600000000000000000e+04 2.239903580166970887e-01 1.144742831133363642e-01 7.059626763768775959e-01 1.762630860263996457e-01 3.299954483386436255e-03 0.000000000000000000e+00
5.625000000000000000e+04 2.249903149721288464e-01 1.181156121984524299e-01 6.986800182066453813e-01 1.781975421028675344e-01 5.006827492034592909e-03 0.000000000000000000e+00
5.650000000000000000e+04 2.259902719275606042e-01 1.209604005461993592e-01 7.008420573509330787e-01 1.754665452890304955e-01 2.730996813837050560e-03 0.000000000000000000e+00
5.675000000000000000e+04 2.269902288829921400e-01 1.233500227583067821e-01 6.992489758761948337e-01 1.743286299499317293e-01 3.072371415566681717e-03 0.000000000000000000e+00
