# itime ezz other fcc hcp bcc ico
0.000000000000000000e+00 0.000000000000000000e+00 0.000000000000000000e+00 1.000000000000000000e+00 0.000000000000000000e+00 0.000000000000000000e+00 0.000000000000000000e+00
2.500000000000000000e+01 9.999780710654437854e-04 0.000000000000000000e+00 1.000000000000000000e+00 0.000000000000000000e+00 0.000000000000000000e+00 0.000000000000000000e+00
5.000000000000000000e+01 1.999956142130887571e-03 0.000000000000000000e+00 1.000000000000000000e+00 0.000000000000000000e+00 0.000000000000000000e+00 0.000000000000000000e+00
7.500000000000000000e+01 2.999934213196331356e-03 0.000000000000000000e+00 1.000000000000000000e+00 0.000000000000000000e+00 0.000000000000000000e+00 0.000000000000000000e+00
1.000000000000000000e+02 3.999912284261775142e-03 0.000000000000000000e+00 1.000000000000000000e+00 0.000000000000000000e+00 0.000000000000000000e+00 0.000000000000000000e+00
1.250000000000000000e+02 4.999890355327218927e-03 0.000000000000000000e+00 1.000000000000000000e+00 0.000000000000000000e+00 0.000000000000000000e+00 0.000000000000000000e+00
1.500000000000000000e+02 5.999868426392662712e-03 0.000000000000000000e+00 1.000000000000000000e+00 0.000000000000000000e+00 0.000000000000000000e+00 0.000000000000000000e+00
1.750000000000000000e+02 6.999846497458106498e-03 0.000000000000000000e+00 1.000000000000000000e+00 0.000000000000000000e+00 0.000000000000000000e+00 0.000000000000000000e+00
2.000000000000000000e+02 7.999824568523550283e-03 0.000000000000000000e+00 1.000000000000000000e+00 0.000000000000000000e+00 0.000000000000000000e+00 0.000000000000000000e+00
2.250000000000000000e+02 8.999802639588994069e-03 0.000000000000000000e+00 1.000000000000000000e+00 0.000000000000000000e+00 0.000000000000000000e+00 0.000000000000000000e+00
2.500000000000000000e+02 9.999780710654437854e-03 0.000000000000000000e+00 1.000000000000000000e+00 0.000000000000000000e+00 0.000000000000000000e+00 0.000000000000000000e+00
2.750000000000000000e+02 1.099975878171988164e-02 0.000000000000000000e+00 1.000000000000000000e+00 0.000000000000000000e+00 0.000000000000000000e+00 0.000000000000000000e+00
3.000000000000000000e+02 1.199973685278532542e-02 0.000000000000000000e+00 1.000000000000000000e+00 0.000000000000000000e+00 0.000000000000000000e+00 0.000000000000000000e+00
3.250000000000000000e+02 1.299971492385076921e-02 0.000000000000000000e+00 1.000000000000000000e+00 0.000000000000000000e+00 0.000000000000000000e+00 0.000000000000000000e+00
3.500000000000000000e+02 1.399969299491621300e-02 0.000000000000000000e+00 1.000000000000000000e+00 0.000000000000000000e+00 0.000000000000000000e+00 0.000000000000000000e+00
3.750000000000000000e+02 1.499967106598165678e-02 0.000000000000000000e+00 1.000000000000000000e+00 0.000000000000000000e+00 0.000000000000000000e+00 0.000000000000000000e+00
4.000000000000000000e+02 1.599964913704710057e-02 0.000000000000000000e+00 1.000000000000000000e+00 0.000000000000000000e+00 0.000000000000000000e+00 0.000000000000000000e+00
4.250000000000000000e+02 1.699962720811254435e-02 0.000000000000000000e+00 1.000000000000000000e+00 0.000000000000000000e+00 0.000000000000000000e+00 0.000000000000000000e+00
4.500000000000000000e+02 1.799960527917776609e-02 0.000000000000000000e+00 1.000000000000000000e+00 0.000000000000000000e+00 0.000000000000000000e+00 0.000000000000000000e+00
4.750000000000000000e+02 1.899958335024320988e-02 0.000000000000000000e+00 1.000000000000000000e+00 0.000000000000000000e+00 0.000000000000000000e+00 0.000000000000000000e+00
5.000000000000000000e+02 1.999956142130865366e-02 0.000000000000000000e+00 1.000000000000000000e+00 0.000000000000000000e+00 0.000000000000000000e+00 0.000000000000000000e+00
5.250000000000000000e+02 2.099953949237409745e-02 0.000000000000000000e+00 1.000000000000000000e+00 0.000000000000000000e+00 0.000000000000000000e+00 0.000000000000000000e+00
5.500000000000000000e+02 2.199951756343954123e-02 0.000000000000000000e+00 1.000000000000000000e+00 0.000000000000000000e+00 0.000000000000000000e+00 0.000000000000000000e+00
5.750000000000000000e+02 2.299949563450498502e-02 0.000000000000000000e+00 1.000000000000000000e+00 0.000000000000000000e+00 0.000000000000000000e+00 0.000000000000000000e+00
6.000000000000000000e+02 2.399947370557042881e-02 0.000000000000000000e+00 1.000000000000000000e+00 0.000000000000000000e+00 0.000000000000000000e+00 0.000000000000000000e+00
6.250000000000000000e+02 2.499945177663587259e-02 0.000000000000000000e+00 1.000000000000000000e+00 0.000000000000000000e+00 0.000000000000000000e+00 0.000000000000000000e+00
6.500000000000000000e+02 2.599942984770131638e-02 0.000000000000000000e+00 1.000000000000000000e+00 0.000000000000000000e+00 0.000000000000000000e+00 0.000000000000000000e+00
6.750000000000000000e+02 2.699940791876676016e-02 0.000000000000000000e+00 1.000000000000000000e+00 0.000000000000000000e+00 0.000000000000000000e+00 0.000000000000000000e+00
7.000000000000000000e+02 2.799938598983220395e-02 0.000000000000000000e+00 1.000000000000000000e+00 0.000000000000000000e+00 0.000000000000000000e+00 0.000000000000000000e+00
7.250000000000000000e+02 2.899936406089764773e-02 0.000000000000000000e+00 1.000000000000000000e+00 0.000000000000000000e+00 0.000000000000000000e+00 0.000000000000000000e+00
7.500000000000000000e+02 2.999934213196309152e-02 0.000000000000000000e+00 1.000000000000000000e+00 0.000000000000000000e+00 0.000000000000000000e+00 0.000000000000000000e+00
7.750000000000000000e+02 3.099932020302853530e-02 0.000000000000000000e+00 1.000000000000000000e+00 0.000000000000000000e+00 0.000000000000000000e+00 0.000000000000000000e+00
8.000000000000000000e+02 3.199929827409397909e-02 0.000000000000000000e+00 1.000000000000000000e+00 0.000000000000000000e+00 0.000000000000000000e+00 0.000000000000000000e+00
8.250000000000000000e+02 3.299927634515942287e-02 0.000000000000000000e+00 1.000000000000000000e+00 0.000000000000000000e+00 0.000000000000000000e+00 0.000000000000000000e+00
8.500000000000000000e+02 3.399925441622486666e-02 0.000000000000000000e+00 1.000000000000000000e+00 0.000000000000000000e+00 0.000000000000000000e+00 0.000000000000000000e+00
8.750000000000000000e+02 3.499923248729031044e-02 0.000000000000000000e+00 1.000000000000000000e+00 0.000000000000000000e+00 0.000000000000000000e+00 0.000000000000000000e+00
9.000000000000000000e+02 3.599921055835575423e-02 0.000000000000000000e+00 1.000000000000000000e+00 0.000000000000000000e+00 0.000000000000000000e+00 0.000000000000000000e+00
9.250000000000000000e+02 3.699918862942119802e-02 0.000000000000000000e+00 1.000000000000000000e+00 0.000000000000000000e+00 0.000000000000000000e+00 0.000000000000000000e+00
9.500000000000000000e+02 3.799916670048664180e-02 0.000000000000000000e+00 1.000000000000000000e+00 0.000000000000000000e+00 0.000000000000000000e+00 0.000000000000000000e+00
9.750000000000000000e+02 3.899914477155208559e-02 0.000000000000000000e+00 1.000000000000000000e+00 0.000000000000000000e+00 0.000000000000000000e+00 0.000000000000000000e+00
1.000000000000000000e+03 3.999912284261752937e-02 0.000000000000000000e+00 1.000000000000000000e+00 0.000000000000000000e+00 0.000000000000000000e+00 0.000000000000000000e+00
1.025000000000000000e+03 4.099910091368297316e-02 0.000000000000000000e+00 1.000000000000000000e+00 0.000000000000000000e+00 0.000000000000000000e+00 0.000000000000000000e+00
1.050000000000000000e+03 4.199907898474841694e-02 0.000000000000000000e+00 1.000000000000000000e+00 0.000000000000000000e+00 0.000000000000000000e+00 0.000000000000000000e+00
1.075000000000000000e+03 4.299905705581386073e-02 0.000000000000000000e+00 1.000000000000000000e+00 0.000000000000000000e+00 0.000000000000000000e+00 0.000000000000000000e+00
1.100000000000000000e+03 4.399903512687930451e-02 0.000000000000000000e+00 1.000000000000000000e+00 0.000000000000000000e+00 0.000000000000000000e+00 0.000000000000000000e+00
1.125000000000000000e+03 4.499901319794474830e-02 0.000000000000000000e+00 1.000000000000000000e+00 0.000000000000000000e+00 0.000000000000000000e+00 0.000000000000000000e+00
1.150000000000000000e+03 4.599899126901019208e-02 0.000000000000000000e+00 1.000000000000000000e+00 0.000000000000000000e+00 0.000000000000000000e+00 0.000000000000000000e+00
1.175000000000000000e+03 4.699896934007563587e-02 0.000000000000000000e+00 1.000000000000000000e+00 0.000000000000000000e+00 0.000000000000000000e+00 0.000000000000000000e+00
1.200000000000000000e+03 4.799894741114107966e-02 0.000000000000000000e+00 1.000000000000000000e+00 0.000000000000000000e+00 0.000000000000000000e+00 0.000000000000000000e+00
1.225000000000000000e+03 4.899892548220652344e-02 0.000000000000000000e+00 1.000000000000000000e+00 0.000000000000000000e+00 0.000000000000000000e+00 0.000000000000000000e+00
1.250000000000000000e+03 4.999890355327196723e-02 0.000000000000000000e+00 1.000000000000000000e+00 0.000000000000000000e+00 0.000000000000000000e+00 0.000000000000000000e+00
1.275000000000000000e+03 5.099888162433741101e-02 0.000000000000000000e+00 1.000000000000000000e+00 0.000000000000000000e+00 0.000000000000000000e+00 0.000000000000000000e+00
1.300000000000000000e+03 5.199885969540285480e-02 0.000000000000000000e+00 1.000000000000000000e+00 0.000000000000000000e+00 0.000000000000000000e+00 0.000000000000000000e+00
1.325000000000000000e+03 5.299883776646807654e-02 0.000000000000000000e+00 1.000000000000000000e+00 0.000000000000000000e+00 0.000000000000000000e+00 0.000000000000000000e+00
1.350000000000000000e+03 5.399881583753352032e-02 0.000000000000000000e+00 1.000000000000000000e+00 0.000000000000000000e+00 0.000000000000000000e+00 0.000000000000000000e+00
1.375000000000000000e+03 5.499879390859896411e-02 0.000000000000000000e+00 1.000000000000000000e+00 0.000000000000000000e+00 0.000000000000000000e+00 0.000000000000000000e+00
1.400000000000000000e+03 5.599877197966440789e-02 0.000000000000000000e+00 1.000000000000000000e+00 0.000000000000000000e+00 0.000000000000000000e+00 0.000000000000000000e+00
1.425000000000000000e+03 5.699875005072985168e-02 0.000000000000000000e+00 1.000000000000000000e+00 0.000000000000000000e+00 0.000000000000000000e+00 0.000000000000000000e+00
1.450000000000000000e+03 5.799872812179529546e-02 0.000000000000000000e+00 1.000000000000000000e+00 0.000000000000000000e+00 0.000000000000000000e+00 0.000000000000000000e+00
1.475000000000000000e+03 5.899870619286073925e-02 1.137915339098771066e-04 9.998862084660901095e-01 0.000000000000000000e+00 0.000000000000000000e+00 0.000000000000000000e+00
1.500000000000000000e+03 5.999868426392618304e-02 0.000000000000000000e+00 1.000000000000000000e+00 0.000000000000000000e+00 0.000000000000000000e+00 0.000000000000000000e+00
1.525000000000000000e+03 6.099866233499162682e-02 0.000000000000000000e+00 1.000000000000000000e+00 0.000000000000000000e+00 0.000000000000000000e+00 0.000000000000000000e+00
1.550000000000000000e+03 6.199864040605707061e-02 0.000000000000000000e+00 1.000000000000000000e+00 0.000000000000000000e+00 0.000000000000000000e+00 0.000000000000000000e+00
1.575000000000000000e+03 6.299861847712251439e-02 0.000000000000000000e+00 1.000000000000000000e+00 0.000000000000000000e+00 0.000000000000000000e+00 0.000000000000000000e+00
1.600000000000000000e+03 6.399859654818795818e-02 0.000000000000000000e+00 1.000000000000000000e+00 0.000000000000000000e+00 0.000000000000000000e+00 0.000000000000000000e+00
1.625000000000000000e+03 6.499857461925340196e-02 0.000000000000000000e+00 1.000000000000000000e+00 0.000000000000000000e+00 0.000000000000000000e+00 0.000000000000000000e+00
1.650000000000000000e+03 6.599855269031884575e-02 0.000000000000000000e+00 1.000000000000000000e+00 0.000000000000000000e+00 0.000000000000000000e+00 0.000000000000000000e+00
1.675000000000000000e+03 6.699853076138428953e-02 0.000000000000000000e+00 1.000000000000000000e+00 0.000000000000000000e+00 0.000000000000000000e+00 0.000000000000000000e+00
1.700000000000000000e+03 6.799850883244973332e-02 0.000000000000000000e+00 1.000000000000000000e+00 0.000000000000000000e+00 0.000000000000000000e+00 0.000000000000000000e+00
1.725000000000000000e+03 6.899848690351517710e-02 0.000000000000000000e+00 1.000000000000000000e+00 0.000000000000000000e+00 0.000000000000000000e+00 0.000000000000000000e+00
1.750000000000000000e+03 6.999846497458062089e-02 0.000000000000000000e+00 1.000000000000000000e+00 0.000000000000000000e+00 0.000000000000000000e+00 0.000000000000000000e+00
1.775000000000000000e+03 7.099844304564606468e-02 0.000000000000000000e+00 1.000000000000000000e+00 0.000000000000000000e+00 0.000000000000000000e+00 0.000000000000000000e+00
1.800000000000000000e+03 7.199842111671150846e-02 2.275830678197542133e-04 9.997724169321802190e-01 0.000000000000000000e+00 0.000000000000000000e+00 0.000000000000000000e+00
1.825000000000000000e+03 7.299839918777695225e-02 0.000000000000000000e+00 1.000000000000000000e+00 0.000000000000000000e+00 0.000000000000000000e+00 0.000000000000000000e+00
1.850000000000000000e+03 7.399837725884239603e-02 2.275830678197542133e-04 9.997724169321802190e-01 0.000000000000000000e+00 0.000000000000000000e+00 0.000000000000000000e+00
1.875000000000000000e+03 7.499835532990783982e-02 4.551661356395084266e-04 9.995448338643604380e-01 0.000000000000000000e+00 0.000000000000000000e+00 0.000000000000000000e+00
1.900000000000000000e+03 7.599833340097328360e-02 3.413746017296313199e-04 9.996586253982703285e-01 0.000000000000000000e+00 0.000000000000000000e+00 0.000000000000000000e+00
1.925000000000000000e+03 7.699831147203872739e-02 0.000000000000000000e+00 1.000000000000000000e+00 0.000000000000000000e+00 0.000000000000000000e+00 0.000000000000000000e+00
1.950000000000000000e+03 7.799828954310417117e-02 0.000000000000000000e+00 1.000000000000000000e+00 0.000000000000000000e+00 0.000000000000000000e+00 0.000000000000000000e+00
1.975000000000000000e+03 7.899826761416961496e-02 0.000000000000000000e+00 1.000000000000000000e+00 0.000000000000000000e+00 0.000000000000000000e+00 0.000000000000000000e+00
2.000000000000000000e+03 7.999824568523505874e-02 9.103322712790168532e-04 9.990896677287209870e-01 0.000000000000000000e+00 0.000000000000000000e+00 0.000000000000000000e+00
2.025000000000000000e+03 8.099822375630050253e-02 0.000000000000000000e+00 1.000000000000000000e+00 0.000000000000000000e+00 0.000000000000000000e+00 0.000000000000000000e+00
2.050000000000000000e+03 8.199820182736594631e-02 4.551661356395084266e-04 9.995448338643604380e-01 0.000000000000000000e+00 0.000000000000000000e+00 0.000000000000000000e+00
2.075000000000000000e+03 8.299817989843139010e-02 1.137915339098771066e-04 9.998862084660901095e-01 0.000000000000000000e+00 0.000000000000000000e+00 0.000000000000000000e+00
2.100000000000000000e+03 8.399815796949683389e-02 0.000000000000000000e+00 1.000000000000000000e+00 0.000000000000000000e+00 0.000000000000000000e+00 0.000000000000000000e+00
2.125000000000000000e+03 8.499813604056227767e-02 9.103322712790168532e-04 9.990896677287209870e-01 0.000000000000000000e+00 0.000000000000000000e+00 0.000000000000000000e+00
2.150000000000000000e+03 8.599811411162772146e-02 4.551661356395084266e-04 9.994310423304506585e-01 0.000000000000000000e+00 1.137915339098771066e-04 0.000000000000000000e+00
2.175000000000000000e+03 8.699809218269316524e-02 3.413746017296313199e-04 9.996586253982703285e-01 0.000000000000000000e+00 0.000000000000000000e+00 0.000000000000000000e+00
2.200000000000000000e+03 8.799807025375838698e-02 1.137915339098771066e-04 9.998862084660901095e-01 0.000000000000000000e+00 0.000000000000000000e+00 0.000000000000000000e+00
2.225000000000000000e+03 8.899804832482383077e-02 4.551661356395084266e-04 9.995448338643604380e-01 0.000000000000000000e+00 0.000000000000000000e+00 0.000000000000000000e+00
2.250000000000000000e+03 8.999802639588927455e-02 7.965407373691396923e-04 9.992034592626308775e-01 0.000000000000000000e+00 0.000000000000000000e+00 0.000000000000000000e+00
2.275000000000000000e+03 9.099800446695471834e-02 0.000000000000000000e+00 1.000000000000000000e+00 0.000000000000000000e+00 0.000000000000000000e+00 0.000000000000000000e+00
2.300000000000000000e+03 9.199798253802016212e-02 1.024123805188893906e-03 9.988620846609012061e-01 0.000000000000000000e+00 1.137915339098771066e-04 0.000000000000000000e+00
2.325000000000000000e+03 9.299796060908560591e-02 1.479289940828402332e-03 9.984069185252617551e-01 0.000000000000000000e+00 1.137915339098771066e-04 0.000000000000000000e+00
2.350000000000000000e+03 9.399793868015104970e-02 2.275830678197542133e-04 9.997724169321802190e-01 0.000000000000000000e+00 0.000000000000000000e+00 0.000000000000000000e+00
2.375000000000000000e+03 9.499791675121649348e-02 3.072371415566681717e-03 9.969276285844332897e-01 0.000000000000000000e+00 0.000000000000000000e+00 0.000000000000000000e+00
2.400000000000000000e+03 9.599789482228193727e-02 1.365498406918525280e-03 9.986345015930814251e-01 0.000000000000000000e+00 0.000000000000000000e+00 0.000000000000000000e+00
2.425000000000000000e+03 9.699787289334738105e-02 1.137915339098770958e-03 9.988620846609012061e-01 0.000000000000000000e+00 0.000000000000000000e+00 0.000000000000000000e+00
2.450000000000000000e+03 9.799785096441282484e-02 1.137915339098770958e-03 9.988620846609012061e-01 0.000000000000000000e+00 0.000000000000000000e+00 0.000000000000000000e+00
2.475000000000000000e+03 9.899782903547826862e-02 1.706873008648156654e-03 9.982931269913518646e-01 0.000000000000000000e+00 0.000000000000000000e+00 0.000000000000000000e+00
2.500000000000000000e+03 9.999780710654371241e-02 1.706873008648156654e-03 9.981793354574419741e-01 0.000000000000000000e+00 1.137915339098771066e-04 0.000000000000000000e+00
2.525000000000000000e+03 1.009977851776091562e-01 2.048247610377787811e-03 9.979517523896221931e-01 0.000000000000000000e+00 0.000000000000000000e+00 0.000000000000000000e+00
2.550000000000000000e+03 1.019977632486746000e-01 2.958579881656804664e-03 9.969276285844332897e-01 0.000000000000000000e+00 1.137915339098771066e-04 0.000000000000000000e+00
2.575000000000000000e+03 1.029977413197400438e-01 3.982703686845699004e-03 9.959035047792443862e-01 0.000000000000000000e+00 1.137915339098771066e-04 0.000000000000000000e+00
2.600000000000000000e+03 1.039977193908054875e-01 2.503413746017296455e-03 9.972690031861629611e-01 0.000000000000000000e+00 2.275830678197542133e-04 0.000000000000000000e+00
2.625000000000000000e+03 1.049976974618709313e-01 3.641329085116067413e-03 9.960172963131542767e-01 0.000000000000000000e+00 3.413746017296313199e-04 0.000000000000000000e+00
2.650000000000000000e+03 1.059976755329363751e-01 4.096495220755575623e-03 9.955621301775148257e-01 0.000000000000000000e+00 3.413746017296313199e-04 0.000000000000000000e+00
2.675000000000000000e+03 1.069976536040018189e-01 5.689576695493855224e-03 9.938552571688666903e-01 0.000000000000000000e+00 4.551661356395084266e-04 0.000000000000000000e+00
2.700000000000000000e+03 1.079976316750672627e-01 5.917159763313609329e-03 9.934000910332271284e-01 0.000000000000000000e+00 6.827492034592626399e-04 0.000000000000000000e+00
2.725000000000000000e+03 1.089976097461327065e-01 5.689576695493855224e-03 9.937414656349567998e-01 0.000000000000000000e+00 5.689576695493854790e-04 0.000000000000000000e+00
2.750000000000000000e+03 1.099975878171981503e-01 8.761948111060537808e-03 9.908966772872098705e-01 0.000000000000000000e+00 3.413746017296313199e-04 0.000000000000000000e+00
2.775000000000000000e+03 1.109975658882635940e-01 7.851615839781519654e-03 9.914656349567592120e-01 0.000000000000000000e+00 6.827492034592626399e-04 0.000000000000000000e+00
2.800000000000000000e+03 1.119975439593290378e-01 9.217114246700046018e-03 9.903277196176604180e-01 0.000000000000000000e+00 4.551661356395084266e-04 0.000000000000000000e+00
2.825000000000000000e+03 1.129975220303944816e-01 9.103322712790167665e-03 9.901001365498406370e-01 0.000000000000000000e+00 7.965407373691396923e-04 0.000000000000000000e+00
2.850000000000000000e+03 1.139975001014599254e-01 1.058261265361857065e-02 9.890760127446518446e-01 0.000000000000000000e+00 3.413746017296313199e-04 0.000000000000000000e+00
2.875000000000000000e+03 1.149974781725253692e-01 1.467910787437414627e-02 9.844105598543468894e-01 0.000000000000000000e+00 9.103322712790168532e-04 0.000000000000000000e+00
2.900000000000000000e+03 1.159974562435908130e-01 1.274465179790623508e-02 9.858898497951752438e-01 0.000000000000000000e+00 1.365498406918525280e-03 0.000000000000000000e+00
2.925000000000000000e+03 1.169974343146562568e-01 2.082385070550751144e-02 9.766727355484752238e-01 0.000000000000000000e+00 2.503413746017296455e-03 0.000000000000000000e+00
2.950000000000000000e+03 1.179974123857217005e-01 3.174783796085571541e-02 9.623350022758306865e-01 0.000000000000000000e+00 5.917159763313609329e-03 0.000000000000000000e+00
2.975000000000000000e+03 1.189973904567871443e-01 4.426490669094219205e-02 9.450386891215293295e-01 0.000000000000000000e+00 1.069640418752844727e-02 0.000000000000000000e+00
3.000000000000000000e+03 1.199973685278525881e-01 6.133363677742376119e-02 9.093081474738279324e-01 0.000000000000000000e+00 2.935821574874829254e-02 0.000000000000000000e+00
3.025000000000000000e+03 1.209973465989180319e-01 9.512972234865725574e-02 8.274920345926263243e-01 0.000000000000000000e+00 7.737824305871643382e-02 0.000000000000000000e+00
3.050000000000000000e+03 1.219973246699834757e-01 1.549840691852526209e-01 6.679563040509786109e-01 0.000000000000000000e+00 1.770596267637687682e-01 0.000000000000000000e+00
3.075000000000000000e+03 1.229973027410489195e-01 2.300864815657714946e-01 4.572143832498862248e-01 0.000000000000000000e+00 3.126991351843422806e-01 0.000000000000000000e+00
3.100000000000000000e+03 1.239972808121141412e-01 3.182749203459262488e-01 2.592171142467000200e-01 2.275830678197542133e-04 4.222803823395539502e-01 0.000000000000000000e+00
3.125000000000000000e+03 1.249972588831795850e-01 3.661811561219845412e-01 1.612426035502958488e-01 4.551661356395084266e-04 4.721210741920801035e-01 0.000000000000000000e+00
3.150000000000000000e+03 1.259972369542450288e-01 3.912152935821575084e-01 1.275603095129722309e-01 4.551661356395084266e-04 4.807692307692307820e-01 0.000000000000000000e+00
3.175000000000000000e+03 1.269972150253104726e-01 3.558261265361857273e-01 1.689804278561675144e-01 2.275830678197542133e-04 4.749658625398270329e-01 0.000000000000000000e+00
3.200000000000000000e+03 1.279971930963759164e-01 3.383022303140646447e-01 2.167728720983158885e-01 0.000000000000000000e+00 4.449248975876194945e-01 0.000000000000000000e+00
3.225000000000000000e+03 1.289971711674413601e-01 3.537778789258079204e-01 2.130177514792899462e-01 1.137915339098771066e-04 4.330905780609922706e-01 0.000000000000000000e+00
3.250000000000000000e+03 1.299971492385068039e-01 3.604915794264906825e-01 1.958352298588985074e-01 1.137915339098771066e-04 4.435593991807009751e-01 0.000000000000000000e+00
3.275000000000000000e+03 1.309971273095722477e-01 3.708466090122894965e-01 1.739872553482020856e-01 7.965407373691396923e-04 4.543695949021392955e-01 0.000000000000000000e+00
3.300000000000000000e+03 1.319971053806376915e-01 3.631087847064178309e-01 1.548702776513427304e-01 1.137915339098770958e-03 4.808830223031406725e-01 0.000000000000000000e+00
3.325000000000000000e+03 1.329970834517031353e-01 3.537778789258079204e-01 1.430359581247155343e-01 4.096495220755575623e-03 4.990896677287209870e-01 0.000000000000000000e+00
3.350000000000000000e+03 1.339970615227685791e-01 3.456986800182066388e-01 1.430359581247155343e-01 8.079198907601274626e-03 5.031861629494766008e-01 0.000000000000000000e+00
3.375000000000000000e+03 1.349970395938340229e-01 3.334091943559399085e-01 1.550978607191624836e-01 1.638598088302230249e-02 4.951069640418752638e-01 0.000000000000000000e+00
3.400000000000000000e+03 1.359970176648994666e-01 3.445607646791079004e-01 1.544151115157032239e-01 2.719617660446062984e-02 4.738279472007282389e-01 0.000000000000000000e+00
3.425000000000000000e+03 1.369969957359649104e-01 3.472917614929449392e-01 1.628356850250341492e-01 3.777878925807919702e-02 4.520937642239417631e-01 0.000000000000000000e+00
3.450000000000000000e+03 1.379969738070303542e-01 3.492262175694128556e-01 1.664770141101502010e-01 5.336822940373236318e-02 4.309285389167045732e-01 0.000000000000000000e+00
3.475000000000000000e+03 1.389969518780957980e-01 3.677742375967227861e-01 1.619253527537551085e-01 7.840236686390532339e-02 3.918980427856167403e-01 0.000000000000000000e+00
3.500000000000000000e+03 1.399969299491612418e-01 3.774465179790623681e-01 1.623805188893946427e-01 1.088984979517523960e-01 3.512744651797906070e-01 0.000000000000000000e+00
3.525000000000000000e+03 1.409969080202266856e-01 3.951979972690031762e-01 1.660218479745106945e-01 1.330223031406463363e-01 3.057578516158397930e-01 0.000000000000000000e+00
3.550000000000000000e+03 1.419968860912921294e-01 4.017979062357760478e-01 1.778561675011379184e-01 1.438324988620846567e-01 2.765134274010013771e-01 0.000000000000000000e+00
3.575000000000000000e+03 1.429968641623575731e-01 4.082840236686390289e-01 1.926490669094219343e-01 1.507737824305871721e-01 2.482931269913518368e-01 0.000000000000000000e+00
3.600000000000000000e+03 1.439968422334230169e-01 4.103322712790168358e-01 2.051661356395084179e-01 1.555530268548019901e-01 2.289485662266727284e-01 0.000000000000000000e+00
3.625000000000000000e+03 1.449968203044884607e-01 4.231907146108329631e-01 2.123350022758306865e-01 1.702321347291761433e-01 1.942421483841602070e-01 0.000000000000000000e+00
3.650000000000000000e+03 1.459967983755539045e-01 4.209148839326354308e-01 2.223486572598998567e-01 1.759217114246700020e-01 1.808147473827947105e-01 0.000000000000000000e+00
3.675000000000000000e+03 1.469967764466193483e-01 4.194355939918070209e-01 2.312243969048702885e-01 1.795630405097860816e-01 1.697769685935366368e-01 0.000000000000000000e+00
3.700000000000000000e+03 1.479967545176847921e-01 4.046426945835229771e-01 2.435138825671370189e-01 1.817250796540737234e-01 1.701183431952662806e-01 0.000000000000000000e+00
3.725000000000000000e+03 1.489967325887502358e-01 4.107874374146563423e-01 2.461310878470641672e-01 1.819526627218935044e-01 1.611288120163859861e-01 0.000000000000000000e+00
3.750000000000000000e+03 1.499967106598156796e-01 4.037323623122439642e-01 2.492034592626308498e-01 1.829767865270823801e-01 1.640873918980427781e-01 0.000000000000000000e+00
3.775000000000000000e+03 1.509966887308811234e-01 4.113563950842057393e-01 2.546654528903049552e-01 1.834319526627218866e-01 1.505461993627674189e-01 0.000000000000000000e+00
3.800000000000000000e+03 1.519966668019465672e-01 4.033909877105143482e-01 2.671825216203914666e-01 1.896904870277651423e-01 1.397360036413290985e-01 0.000000000000000000e+00
3.825000000000000000e+03 1.529966448730120110e-01 4.110150204824761233e-01 2.730996813837050508e-01 1.865043240782885692e-01 1.293809740555302568e-01 0.000000000000000000e+00
3.850000000000000000e+03 1.539966229440774548e-01 3.988393263541192280e-01 2.795857988165680319e-01 1.878698224852070886e-01 1.337050523441055960e-01 0.000000000000000000e+00
3.875000000000000000e+03 1.549966010151428986e-01 4.030496131087847322e-01 2.843650432407828776e-01 1.886663632225762388e-01 1.239189804278561652e-01 0.000000000000000000e+00
3.900000000000000000e+03 1.559965790862083423e-01 4.014565316340464318e-01 2.993855257168866468e-01 1.931042330450614408e-01 1.060537096040054666e-01 0.000000000000000000e+00
3.925000000000000000e+03 1.569965571572737861e-01 3.965634956759216956e-01 3.059854346836595185e-01 1.959490213928083702e-01 1.015020482476103741e-01 0.000000000000000000e+00
3.950000000000000000e+03 1.579965352283392299e-01 4.012289485662266508e-01 3.060992262175694090e-01 1.970869367319071364e-01 9.558488848429676221e-02 0.000000000000000000e+00
3.975000000000000000e+03 1.589965132994044517e-01 3.945152480655439442e-01 3.068957669549385314e-01 2.089212562585343602e-01 8.966772872098316416e-02 0.000000000000000000e+00
4.000000000000000000e+03 1.599964913704698954e-01 3.868912152935821691e-01 3.133818843878015681e-01 2.097177969959035104e-01 9.000910332271279402e-02 0.000000000000000000e+00
4.025000000000000000e+03 1.609964694415353392e-01 3.963359126081019701e-01 3.154301319981793195e-01 2.081247155211652378e-01 8.010923987255348655e-02 0.000000000000000000e+00
4.050000000000000000e+03 1.619964475126007830e-01 3.928083750568957533e-01 3.137232589895311841e-01 2.147246244879381094e-01 7.874374146563495325e-02 0.000000000000000000e+00
4.075000000000000000e+03 1.629964255836662268e-01 3.940600819299044377e-01 3.166818388711880039e-01 2.189349112426035582e-01 7.032316795630405570e-02 0.000000000000000000e+00
4.100000000000000000e+03 1.639964036547316706e-01 3.954255803368229572e-01 3.147473827947200875e-01 2.180245789713245452e-01 7.180245789713245175e-02 0.000000000000000000e+00
4.125000000000000000e+03 1.649963817257971144e-01 4.023668639053254448e-01 3.132680928538916776e-01 2.165452890304961353e-01 6.781975421028675621e-02 0.000000000000000000e+00
4.150000000000000000e+03 1.659963597968625582e-01 4.099908966772872199e-01 3.101957214383249672e-01 2.113108784706417831e-01 6.850250341374601593e-02 0.000000000000000000e+00
4.175000000000000000e+03 1.669963378679280019e-01 4.098771051433773294e-01 3.121301775147928836e-01 2.081247155211652378e-01 6.986800182066454923e-02 0.000000000000000000e+00
4.200000000000000000e+03 1.679963159389934457e-01 4.040737369139735802e-01 3.169094219390077294e-01 2.126763768775603025e-01 6.634046426945834629e-02 0.000000000000000000e+00
4.225000000000000000e+03 1.689962940100588895e-01 4.014565316340464318e-01 3.198680018206645492e-01 2.188211197086936677e-01 5.985434683659535821e-02 0.000000000000000000e+00
4.250000000000000000e+03 1.699962720811243333e-01 4.024806554392353353e-01 3.221438324988620816e-01 2.157487482931269851e-01 5.962676376877560497e-02 0.000000000000000000e+00
4.275000000000000000e+03 1.709962501521897771e-01 4.002048247610378029e-01 3.252162039144287919e-01 2.110832954028220299e-01 6.349567592171143082e-02 0.000000000000000000e+00
4.300000000000000000e+03 1.719962282232552209e-01 3.995220755575785154e-01 3.311333636777423761e-01 2.082385070550751005e-01 6.110605370960400795e-02 0.000000000000000000e+00
4.325000000000000000e+03 1.729962062943206647e-01 3.965634956759216956e-01 3.346609012289485929e-01 2.107419208010923861e-01 5.803368229403732537e-02 0.000000000000000000e+00
4.350000000000000000e+03 1.739961843653861084e-01 3.925807919890760278e-01 3.401228948566226706e-01 2.089212562585343602e-01 5.837505689576695522e-02 0.000000000000000000e+00
4.375000000000000000e+03 1.749961624364515522e-01 4.010013654984069253e-01 3.348884842967683184e-01 2.118798361401911801e-01 5.223031406463359005e-02 0.000000000000000000e+00
4.400000000000000000e+03 1.759961405075169960e-01 4.024806554392353353e-01 3.379608557123350288e-01 2.074419663177059503e-01 5.211652253072371344e-02 0.000000000000000000e+00
4.425000000000000000e+03 1.769961185785824398e-01 3.988393263541192280e-01 3.357988165680473314e-01 2.121074192080109333e-01 5.325443786982248656e-02 0.000000000000000000e+00
4.450000000000000000e+03 1.779960966496478836e-01 3.974738279472007085e-01 3.378470641784251383e-01 2.119936276741010428e-01 5.268548020027309653e-02 0.000000000000000000e+00
4.475000000000000000e+03 1.789960747207133274e-01 4.002048247610378029e-01 3.371643149749658508e-01 2.143832498862084657e-01 4.824761037778789452e-02 0.000000000000000000e+00
4.500000000000000000e+03 1.799960527917787712e-01 4.014565316340464318e-01 3.394401456531633832e-01 2.089212562585343602e-01 5.018206645425580398e-02 0.000000000000000000e+00
4.525000000000000000e+03 1.809960308628442149e-01 4.006599908966773094e-01 3.337505689576695245e-01 2.082385070550751005e-01 5.735093309057805872e-02 0.000000000000000000e+00
4.550000000000000000e+03 1.819960089339096587e-01 4.111288120163859583e-01 3.289713245334547342e-01 2.051661356395084179e-01 5.473372781065088954e-02 0.000000000000000000e+00
4.575000000000000000e+03 1.829959870049751025e-01 3.999772416932180219e-01 3.352298588984979344e-01 2.086936731907146070e-01 5.609922621756941591e-02 0.000000000000000000e+00
4.600000000000000000e+03 1.839959650760405463e-01 4.082840236686390289e-01 3.386436049157942607e-01 2.034592626308602548e-01 4.961310878470642088e-02 0.000000000000000000e+00
4.625000000000000000e+03 1.849959431471059901e-01 4.055530268548019901e-01 3.406918525261720676e-01 2.016385980883022289e-01 5.211652253072371344e-02 0.000000000000000000e+00
4.650000000000000000e+03 1.859959212181714339e-01 4.122667273554847522e-01 3.396677287209831642e-01 2.027765134274009950e-01 4.528903049613108855e-02 0.000000000000000000e+00
4.675000000000000000e+03 1.869958992892368776e-01 4.101046882111971104e-01 3.418297678652708060e-01 2.042558033682294050e-01 4.380974055530268557e-02 0.000000000000000000e+00
4.700000000000000000e+03 1.879958773603023214e-01 4.027082385070550608e-01 3.487710514337733492e-01 2.040282203004096517e-01 4.449248975876194528e-02 0.000000000000000000e+00
4.725000000000000000e+03 1.889958554313677652e-01 4.079426490669094130e-01 3.471779699590350488e-01 2.034592626308602548e-01 4.142011834319526964e-02 0.000000000000000000e+00
4.750000000000000000e+03 1.899958335024332090e-01 4.044151115157032517e-01 3.513882567137004975e-01 1.956076467910787542e-01 4.858898497951752438e-02 0.000000000000000000e+00
4.775000000000000000e+03 1.909958115734986528e-01 4.014565316340464318e-01 3.567364588074647402e-01 1.970869367319071364e-01 4.472007282658170546e-02 0.000000000000000000e+00
4.800000000000000000e+03 1.919957896445640966e-01 4.005461993627674189e-01 3.557123350022758368e-01 1.965179790623577671e-01 4.722348657259899801e-02 0.000000000000000000e+00
4.825000000000000000e+03 1.929957677156295404e-01 4.020254893035958288e-01 3.568502503413745752e-01 1.972007282658170269e-01 4.392353208921256219e-02 0.000000000000000000e+00
4.850000000000000000e+03 1.939957457866947621e-01 3.998634501593081314e-01 3.587847064178424916e-01 1.931042330450614408e-01 4.824761037778789452e-02 0.000000000000000000e+00
4.875000000000000000e+03 1.949957238577602059e-01 4.017979062357760478e-01 3.601502048247610110e-01 1.989076012744651900e-01 3.914428766499772339e-02 0.000000000000000000e+00
4.900000000000000000e+03 1.959957019288256497e-01 4.039599453800637452e-01 3.617432862994993115e-01 1.985662266727355463e-01 3.573054164770141095e-02 0.000000000000000000e+00
4.925000000000000000e+03 1.969956799998910935e-01 4.019116977696859383e-01 3.634501593081474469e-01 2.012972234865725851e-01 3.334091943559399501e-02 0.000000000000000000e+00
4.950000000000000000e+03 1.979956580709565372e-01 4.061219845243513871e-01 3.625398270368684339e-01 1.991351843422849432e-01 3.220300409649522189e-02 0.000000000000000000e+00
4.975000000000000000e+03 1.989956361420219810e-01 4.083978152025489194e-01 3.624260355029585989e-01 1.990213928083750528e-01 3.015475648611743234e-02 0.000000000000000000e+00
5.000000000000000000e+03 1.999956142130874248e-01 4.055530268548019901e-01 3.648156577150660218e-01 1.968593536640873831e-01 3.277196176604460498e-02 0.000000000000000000e+00
5.025000000000000000e+03 2.009955922841528686e-01 4.137460172963131622e-01 3.599226217569412856e-01 1.962903959945380139e-01 3.004096495220755572e-02 0.000000000000000000e+00
5.050000000000000000e+03 2.019955703552183124e-01 4.176149294492489950e-01 3.591260810195721631e-01 1.926490669094219343e-01 3.060992262175694228e-02 0.000000000000000000e+00
5.075000000000000000e+03 2.029955484262837562e-01 4.101046882111971104e-01 3.611743286299499145e-01 1.943559399180700975e-01 3.436504324078288458e-02 0.000000000000000000e+00
5.100000000000000000e+03 2.039955264973492000e-01 4.140873918980427781e-01 3.607191624943104080e-01 1.912835685025034149e-01 3.390987710514337811e-02 0.000000000000000000e+00
5.125000000000000000e+03 2.049955045684146437e-01 4.115839781520254648e-01 3.652708238507055283e-01 1.917387346381429214e-01 3.140646335912607862e-02 0.000000000000000000e+00
5.150000000000000000e+03 2.059954826394800875e-01 4.114701866181156298e-01 3.687983614019116896e-01 1.863905325443787064e-01 3.334091943559399501e-02 0.000000000000000000e+00
5.175000000000000000e+03 2.069954607105455313e-01 4.203459262630860338e-01 3.654984069185252538e-01 1.859353664087392000e-01 2.822030040964952288e-02 0.000000000000000000e+00
5.200000000000000000e+03 2.079954387816109751e-01 4.147701411015020656e-01 3.703914428766499900e-01 1.878698224852070886e-01 2.696859353664087314e-02 0.000000000000000000e+00
5.225000000000000000e+03 2.089954168526764189e-01 4.178425125170687204e-01 3.711879836140191125e-01 1.834319526627218866e-01 2.753755120619025970e-02 0.000000000000000000e+00
5.250000000000000000e+03 2.099953949237418627e-01 4.180700955848885014e-01 3.735776058261265353e-01 1.847974510696404060e-01 2.355484751934456070e-02 0.000000000000000000e+00
5.275000000000000000e+03 2.109953729948073065e-01 4.175011379153391045e-01 3.741465634956759323e-01 1.840009103322712836e-01 2.435138825671370050e-02 0.000000000000000000e+00
5.300000000000000000e+03 2.119953510658727502e-01 4.169321802457897075e-01 3.786982248520709970e-01 1.844560764679107900e-01 1.991351843422849502e-02 0.000000000000000000e+00
5.325000000000000000e+03 2.129953291369381940e-01 4.145425580336822846e-01 3.774465179790623681e-01 1.855939918070095562e-01 2.241693218024579104e-02 0.000000000000000000e+00
5.350000000000000000e+03 2.139953072080036378e-01 4.196631770596267463e-01 3.748293126991351643e-01 1.863905325443787064e-01 1.911697769685935522e-02 0.000000000000000000e+00
5.375000000000000000e+03 2.149952852790690816e-01 4.152253072371415721e-01 3.759672280382339582e-01 1.874146563495675821e-01 2.139280837505689453e-02 0.000000000000000000e+00
5.400000000000000000e+03 2.159952633501345254e-01 4.189804278561675144e-01 3.780154756486117651e-01 1.883249886208466228e-01 1.467910787437414627e-02 0.000000000000000000e+00
5.425000000000000000e+03 2.169952414211999692e-01 4.096495220755576039e-01 3.815430131998179264e-01 1.917387346381429214e-01 1.706873008648156567e-02 0.000000000000000000e+00
5.450000000000000000e+03 2.179952194922654130e-01 4.121529358215748617e-01 3.855257168866636497e-01 1.842284934000910368e-01 1.809285389167045871e-02 0.000000000000000000e+00
5.475000000000000000e+03 2.189951975633308567e-01 4.088529813381884259e-01 3.892808375056895920e-01 1.849112426035502965e-01 1.695493855257168905e-02 0.000000000000000000e+00
5.500000000000000000e+03 2.199951756343963005e-01 4.010013654984069253e-01 3.947428311333636697e-01 1.906008192990441552e-01 1.365498406918525323e-02 0.000000000000000000e+00
5.525000000000000000e+03 2.209951537054617443e-01 4.066909421939007840e-01 3.975876194811105990e-01 1.835457441966317771e-01 1.217569412835685025e-02 0.000000000000000000e+00
5.550000000000000000e+03 2.219951317765271881e-01 4.011151570323168158e-01 4.005461993627674189e-01 1.840009103322712836e-01 1.433773327264451468e-02 0.000000000000000000e+00
5.575000000000000000e+03 2.229951098475926319e-01 3.946290395994537792e-01 4.056668183887118806e-01 1.883249886208466228e-01 1.137915339098771045e-02 0.000000000000000000e+00
5.600000000000000000e+03 2.239950879186580757e-01 3.916704597177970149e-01 4.063495675921711681e-01 1.902594446973145115e-01 1.172052799271734204e-02 0.000000000000000000e+00
5.625000000000000000e+03 2.249950659897235195e-01 3.917842512517068498e-01 4.048702776513427581e-01 1.917387346381429214e-01 1.160673645880746542e-02 0.000000000000000000e+00
5.650000000000000000e+03 2.259950440607889632e-01 3.921256258534365213e-01 4.037323623122439642e-01 1.921939007737824279e-01 1.194811106053709528e-02 0.000000000000000000e+00
5.675000000000000000e+03 2.269950221318544070e-01 3.901911697769686049e-01 4.054392353208920996e-01 1.921939007737824279e-01 1.217569412835685025e-02 0.000000000000000000e+00
