# itime ezz other fcc hcp bcc ico
0.000000000000000000e+00 0.000000000000000000e+00 0.000000000000000000e+00 1.000000000000000000e+00 0.000000000000000000e+00 0.000000000000000000e+00 0.000000000000000000e+00
3.000000000000000000e+00 1.200016003684023502e-03 0.000000000000000000e+00 1.000000000000000000e+00 0.000000000000000000e+00 0.000000000000000000e+00 0.000000000000000000e+00
6.000000000000000000e+00 2.400032007368047005e-03 0.000000000000000000e+00 1.000000000000000000e+00 0.000000000000000000e+00 0.000000000000000000e+00 0.000000000000000000e+00
9.000000000000000000e+00 3.600048011052070507e-03 0.000000000000000000e+00 1.000000000000000000e+00 0.000000000000000000e+00 0.000000000000000000e+00 0.000000000000000000e+00
1.200000000000000000e+01 4.800064014736094009e-03 0.000000000000000000e+00 1.000000000000000000e+00 0.000000000000000000e+00 0.000000000000000000e+00 0.000000000000000000e+00
1.500000000000000000e+01 6.000080018420117511e-03 0.000000000000000000e+00 1.000000000000000000e+00 0.000000000000000000e+00 0.000000000000000000e+00 0.000000000000000000e+00
1.800000000000000000e+01 7.200096022104141014e-03 0.000000000000000000e+00 1.000000000000000000e+00 0.000000000000000000e+00 0.000000000000000000e+00 0.000000000000000000e+00
2.100000000000000000e+01 8.400112025788164516e-03 0.000000000000000000e+00 1.000000000000000000e+00 0.000000000000000000e+00 0.000000000000000000e+00 0.000000000000000000e+00
2.400000000000000000e+01 9.600128029472188018e-03 0.000000000000000000e+00 1.000000000000000000e+00 0.000000000000000000e+00 0.000000000000000000e+00 0.000000000000000000e+00
2.700000000000000000e+01 1.080014403315621152e-02 0.000000000000000000e+00 1.000000000000000000e+00 0.000000000000000000e+00 0.000000000000000000e+00 0.000000000000000000e+00
3.000000000000000000e+01 1.200016003684023502e-02 0.000000000000000000e+00 1.000000000000000000e+00 0.000000000000000000e+00 0.000000000000000000e+00 0.000000000000000000e+00
3.300000000000000000e+01 1.320017604052425853e-02 0.000000000000000000e+00 1.000000000000000000e+00 0.000000000000000000e+00 0.000000000000000000e+00 0.000000000000000000e+00
3.600000000000000000e+01 1.440019204420828203e-02 0.000000000000000000e+00 1.000000000000000000e+00 0.000000000000000000e+00 0.000000000000000000e+00 0.000000000000000000e+00
3.900000000000000000e+01 1.560020804789230553e-02 0.000000000000000000e+00 1.000000000000000000e+00 0.000000000000000000e+00 0.000000000000000000e+00 0.000000000000000000e+00
4.200000000000000000e+01 1.680022405157632903e-02 0.000000000000000000e+00 1.000000000000000000e+00 0.000000000000000000e+00 0.000000000000000000e+00 0.000000000000000000e+00
4.500000000000000000e+01 1.800024005526035253e-02 0.000000000000000000e+00 1.000000000000000000e+00 0.000000000000000000e+00 0.000000000000000000e+00 0.000000000000000000e+00
4.800000000000000000e+01 1.920025605894437604e-02 0.000000000000000000e+00 1.000000000000000000e+00 0.000000000000000000e+00 0.000000000000000000e+00 0.000000000000000000e+00
5.100000000000000000e+01 2.040027206262839954e-02 0.000000000000000000e+00 1.000000000000000000e+00 0.000000000000000000e+00 0.000000000000000000e+00 0.000000000000000000e+00
5.400000000000000000e+01 2.160028806631264509e-02 0.000000000000000000e+00 1.000000000000000000e+00 0.000000000000000000e+00 0.000000000000000000e+00 0.000000000000000000e+00
5.700000000000000000e+01 2.280030406999666859e-02 0.000000000000000000e+00 1.000000000000000000e+00 0.000000000000000000e+00 0.000000000000000000e+00 0.000000000000000000e+00
6.000000000000000000e+01 2.400032007368069209e-02 0.000000000000000000e+00 1.000000000000000000e+00 0.000000000000000000e+00 0.000000000000000000e+00 0.000000000000000000e+00
6.300000000000000000e+01 2.520033607736471559e-02 0.000000000000000000e+00 1.000000000000000000e+00 0.000000000000000000e+00 0.000000000000000000e+00 0.000000000000000000e+00
6.600000000000000000e+01 2.640035208104873909e-02 0.000000000000000000e+00 1.000000000000000000e+00 0.000000000000000000e+00 0.000000000000000000e+00 0.000000000000000000e+00
6.900000000000000000e+01 2.760036808473276260e-02 0.000000000000000000e+00 1.000000000000000000e+00 0.000000000000000000e+00 0.000000000000000000e+00 0.000000000000000000e+00
7.200000000000000000e+01 2.880038408841678610e-02 0.000000000000000000e+00 1.000000000000000000e+00 0.000000000000000000e+00 0.000000000000000000e+00 0.000000000000000000e+00
7.500000000000000000e+01 3.000040009210080960e-02 0.000000000000000000e+00 1.000000000000000000e+00 0.000000000000000000e+00 0.000000000000000000e+00 0.000000000000000000e+00
7.800000000000000000e+01 3.120041609578483310e-02 0.000000000000000000e+00 1.000000000000000000e+00 0.000000000000000000e+00 0.000000000000000000e+00 0.000000000000000000e+00
8.100000000000000000e+01 3.240043209946885661e-02 0.000000000000000000e+00 1.000000000000000000e+00 0.000000000000000000e+00 0.000000000000000000e+00 0.000000000000000000e+00
8.400000000000000000e+01 3.360044810315288011e-02 0.000000000000000000e+00 1.000000000000000000e+00 0.000000000000000000e+00 0.000000000000000000e+00 0.000000000000000000e+00
8.700000000000000000e+01 3.480046410683690361e-02 0.000000000000000000e+00 1.000000000000000000e+00 0.000000000000000000e+00 0.000000000000000000e+00 0.000000000000000000e+00
9.000000000000000000e+01 3.600048011052092711e-02 0.000000000000000000e+00 1.000000000000000000e+00 0.000000000000000000e+00 0.000000000000000000e+00 0.000000000000000000e+00
9.300000000000000000e+01 3.720049611420495062e-02 0.000000000000000000e+00 1.000000000000000000e+00 0.000000000000000000e+00 0.000000000000000000e+00 0.000000000000000000e+00
9.600000000000000000e+01 3.840051211788897412e-02 0.000000000000000000e+00 1.000000000000000000e+00 0.000000000000000000e+00 0.000000000000000000e+00 0.000000000000000000e+00
9.900000000000000000e+01 3.960052812157299762e-02 0.000000000000000000e+00 1.000000000000000000e+00 0.000000000000000000e+00 0.000000000000000000e+00 0.000000000000000000e+00
1.020000000000000000e+02 4.080054412525702112e-02 0.000000000000000000e+00 1.000000000000000000e+00 0.000000000000000000e+00 0.000000000000000000e+00 0.000000000000000000e+00
1.050000000000000000e+02 4.200056012894104462e-02 0.000000000000000000e+00 1.000000000000000000e+00 0.000000000000000000e+00 0.000000000000000000e+00 0.000000000000000000e+00
1.080000000000000000e+02 4.320057613262506813e-02 0.000000000000000000e+00 1.000000000000000000e+00 0.000000000000000000e+00 0.000000000000000000e+00 0.000000000000000000e+00
1.110000000000000000e+02 4.440059213630909163e-02 0.000000000000000000e+00 1.000000000000000000e+00 0.000000000000000000e+00 0.000000000000000000e+00 0.000000000000000000e+00
1.140000000000000000e+02 4.560060813999311513e-02 4.551661356395084266e-04 9.995448338643604380e-01 0.000000000000000000e+00 0.000000000000000000e+00 0.000000000000000000e+00
1.170000000000000000e+02 4.680062414367713863e-02 3.413746017296313199e-04 9.996586253982703285e-01 0.000000000000000000e+00 0.000000000000000000e+00 0.000000000000000000e+00
1.200000000000000000e+02 4.800064014736116214e-02 0.000000000000000000e+00 1.000000000000000000e+00 0.000000000000000000e+00 0.000000000000000000e+00 0.000000000000000000e+00
1.230000000000000000e+02 4.920065615104518564e-02 0.000000000000000000e+00 1.000000000000000000e+00 0.000000000000000000e+00 0.000000000000000000e+00 0.000000000000000000e+00
1.260000000000000000e+02 5.040067215472920914e-02 0.000000000000000000e+00 1.000000000000000000e+00 0.000000000000000000e+00 0.000000000000000000e+00 0.000000000000000000e+00
1.290000000000000000e+02 5.160068815841323264e-02 0.000000000000000000e+00 1.000000000000000000e+00 0.000000000000000000e+00 0.000000000000000000e+00 0.000000000000000000e+00
1.320000000000000000e+02 5.280070416209725614e-02 0.000000000000000000e+00 1.000000000000000000e+00 0.000000000000000000e+00 0.000000000000000000e+00 0.000000000000000000e+00
1.350000000000000000e+02 5.400072016578127965e-02 0.000000000000000000e+00 1.000000000000000000e+00 0.000000000000000000e+00 0.000000000000000000e+00 0.000000000000000000e+00
1.380000000000000000e+02 5.520073616946530315e-02 0.000000000000000000e+00 1.000000000000000000e+00 0.000000000000000000e+00 0.000000000000000000e+00 0.000000000000000000e+00
1.410000000000000000e+02 5.640075217314932665e-02 0.000000000000000000e+00 1.000000000000000000e+00 0.000000000000000000e+00 0.000000000000000000e+00 0.000000000000000000e+00
1.440000000000000000e+02 5.760076817683335015e-02 0.000000000000000000e+00 1.000000000000000000e+00 0.000000000000000000e+00 0.000000000000000000e+00 0.000000000000000000e+00
1.470000000000000000e+02 5.880078418051737366e-02 0.000000000000000000e+00 1.000000000000000000e+00 0.000000000000000000e+00 0.000000000000000000e+00 0.000000000000000000e+00
1.500000000000000000e+02 6.000080018420139716e-02 0.000000000000000000e+00 1.000000000000000000e+00 0.000000000000000000e+00 0.000000000000000000e+00 0.000000000000000000e+00
1.530000000000000000e+02 6.120081618788542066e-02 0.000000000000000000e+00 1.000000000000000000e+00 0.000000000000000000e+00 0.000000000000000000e+00 0.000000000000000000e+00
1.560000000000000000e+02 6.240083219156944416e-02 0.000000000000000000e+00 1.000000000000000000e+00 0.000000000000000000e+00 0.000000000000000000e+00 0.000000000000000000e+00
1.590000000000000000e+02 6.360084819525346767e-02 0.000000000000000000e+00 1.000000000000000000e+00 0.000000000000000000e+00 0.000000000000000000e+00 0.000000000000000000e+00
1.620000000000000000e+02 6.480086419893771321e-02 0.000000000000000000e+00 1.000000000000000000e+00 0.000000000000000000e+00 0.000000000000000000e+00 0.000000000000000000e+00
1.650000000000000000e+02 6.600088020262173671e-02 0.000000000000000000e+00 1.000000000000000000e+00 0.000000000000000000e+00 0.000000000000000000e+00 0.000000000000000000e+00
1.680000000000000000e+02 6.720089620630576022e-02 4.551661356395084266e-04 9.995448338643604380e-01 0.000000000000000000e+00 0.000000000000000000e+00 0.000000000000000000e+00
1.710000000000000000e+02 6.840091220998978372e-02 1.137915339098771066e-04 9.998862084660901095e-01 0.000000000000000000e+00 0.000000000000000000e+00 0.000000000000000000e+00
1.740000000000000000e+02 6.960092821367380722e-02 0.000000000000000000e+00 1.000000000000000000e+00 0.000000000000000000e+00 0.000000000000000000e+00 0.000000000000000000e+00
1.770000000000000000e+02 7.080094421735783072e-02 0.000000000000000000e+00 1.000000000000000000e+00 0.000000000000000000e+00 0.000000000000000000e+00 0.000000000000000000e+00
1.800000000000000000e+02 7.200096022104185423e-02 0.000000000000000000e+00 1.000000000000000000e+00 0.000000000000000000e+00 0.000000000000000000e+00 0.000000000000000000e+00
1.830000000000000000e+02 7.320097622472587773e-02 0.000000000000000000e+00 1.000000000000000000e+00 0.000000000000000000e+00 0.000000000000000000e+00 0.000000000000000000e+00
1.860000000000000000e+02 7.440099222840990123e-02 0.000000000000000000e+00 1.000000000000000000e+00 0.000000000000000000e+00 0.000000000000000000e+00 0.000000000000000000e+00
1.890000000000000000e+02 7.560100823209392473e-02 0.000000000000000000e+00 1.000000000000000000e+00 0.000000000000000000e+00 0.000000000000000000e+00 0.000000000000000000e+00
1.920000000000000000e+02 7.680102423577794823e-02 0.000000000000000000e+00 1.000000000000000000e+00 0.000000000000000000e+00 0.000000000000000000e+00 0.000000000000000000e+00
1.950000000000000000e+02 7.800104023946197174e-02 0.000000000000000000e+00 1.000000000000000000e+00 0.000000000000000000e+00 0.000000000000000000e+00 0.000000000000000000e+00
1.980000000000000000e+02 7.920105624314599524e-02 0.000000000000000000e+00 1.000000000000000000e+00 0.000000000000000000e+00 0.000000000000000000e+00 0.000000000000000000e+00
2.010000000000000000e+02 8.040107224683001874e-02 2.275830678197542133e-04 9.997724169321802190e-01 0.000000000000000000e+00 0.000000000000000000e+00 0.000000000000000000e+00
2.040000000000000000e+02 8.160108825051404224e-02 3.413746017296313199e-04 9.996586253982703285e-01 0.000000000000000000e+00 0.000000000000000000e+00 0.000000000000000000e+00
2.070000000000000000e+02 8.280110425419806575e-02 0.000000000000000000e+00 1.000000000000000000e+00 0.000000000000000000e+00 0.000000000000000000e+00 0.000000000000000000e+00
2.100000000000000000e+02 8.400112025788208925e-02 0.000000000000000000e+00 1.000000000000000000e+00 0.000000000000000000e+00 0.000000000000000000e+00 0.000000000000000000e+00
2.130000000000000000e+02 8.520113626156611275e-02 0.000000000000000000e+00 1.000000000000000000e+00 0.000000000000000000e+00 0.000000000000000000e+00 0.000000000000000000e+00
2.160000000000000000e+02 8.640115226525013625e-02 4.551661356395084266e-04 9.995448338643604380e-01 0.000000000000000000e+00 0.000000000000000000e+00 0.000000000000000000e+00
2.190000000000000000e+02 8.760116826893415976e-02 2.275830678197542133e-04 9.997724169321802190e-01 0.000000000000000000e+00 0.000000000000000000e+00 0.000000000000000000e+00
2.220000000000000000e+02 8.880118427261818326e-02 0.000000000000000000e+00 1.000000000000000000e+00 0.000000000000000000e+00 0.000000000000000000e+00 0.000000000000000000e+00
2.250000000000000000e+02 9.000120027630220676e-02 1.137915339098771066e-04 9.998862084660901095e-01 0.000000000000000000e+00 0.000000000000000000e+00 0.000000000000000000e+00
2.280000000000000000e+02 9.120121627998623026e-02 0.000000000000000000e+00 1.000000000000000000e+00 0.000000000000000000e+00 0.000000000000000000e+00 0.000000000000000000e+00
2.310000000000000000e+02 9.240123228367025376e-02 0.000000000000000000e+00 1.000000000000000000e+00 0.000000000000000000e+00 0.000000000000000000e+00 0.000000000000000000e+00
2.340000000000000000e+02 9.360124828735427727e-02 2.275830678197542133e-04 9.997724169321802190e-01 0.000000000000000000e+00 0.000000000000000000e+00 0.000000000000000000e+00
2.370000000000000000e+02 9.480126429103830077e-02 1.137915339098771066e-04 9.998862084660901095e-01 0.000000000000000000e+00 0.000000000000000000e+00 0.000000000000000000e+00
2.400000000000000000e+02 9.600128029472232427e-02 0.000000000000000000e+00 1.000000000000000000e+00 0.000000000000000000e+00 0.000000000000000000e+00 0.000000000000000000e+00
2.430000000000000000e+02 9.720129629840634777e-02 0.000000000000000000e+00 1.000000000000000000e+00 0.000000000000000000e+00 0.000000000000000000e+00 0.000000000000000000e+00
2.460000000000000000e+02 9.840131230209037128e-02 4.551661356395084266e-04 9.995448338643604380e-01 0.000000000000000000e+00 0.000000000000000000e+00 0.000000000000000000e+00
2.490000000000000000e+02 9.960132830577439478e-02 5.689576695493854790e-04 9.994310423304506585e-01 0.000000000000000000e+00 0.000000000000000000e+00 0.000000000000000000e+00
2.520000000000000000e+02 1.008013443094584183e-01 2.275830678197542133e-04 9.997724169321802190e-01 0.000000000000000000e+00 0.000000000000000000e+00 0.000000000000000000e+00
2.550000000000000000e+02 1.020013603131424418e-01 3.413746017296313199e-04 9.996586253982703285e-01 0.000000000000000000e+00 0.000000000000000000e+00 0.000000000000000000e+00
2.580000000000000000e+02 1.032013763168264653e-01 6.827492034592626399e-04 9.993172507965407680e-01 0.000000000000000000e+00 0.000000000000000000e+00 0.000000000000000000e+00
2.610000000000000000e+02 1.044013923205104888e-01 4.551661356395084266e-04 9.995448338643604380e-01 0.000000000000000000e+00 0.000000000000000000e+00 0.000000000000000000e+00
2.640000000000000000e+02 1.056014083241945123e-01 1.706873008648156654e-03 9.982931269913518646e-01 0.000000000000000000e+00 0.000000000000000000e+00 0.000000000000000000e+00
2.670000000000000000e+02 1.068014243278787578e-01 2.389622212107419402e-03 9.976103777878926326e-01 0.000000000000000000e+00 0.000000000000000000e+00 0.000000000000000000e+00
2.700000000000000000e+02 1.080014403315627813e-01 2.503413746017296455e-03 9.974965862539827421e-01 0.000000000000000000e+00 0.000000000000000000e+00 0.000000000000000000e+00
2.730000000000000000e+02 1.092014563352468048e-01 1.593081474738279385e-03 9.984069185252617551e-01 0.000000000000000000e+00 0.000000000000000000e+00 0.000000000000000000e+00
2.760000000000000000e+02 1.104014723389308283e-01 1.479289940828402332e-03 9.985207100591716456e-01 0.000000000000000000e+00 0.000000000000000000e+00 0.000000000000000000e+00
2.790000000000000000e+02 1.116014883426148518e-01 2.503413746017296455e-03 9.974965862539827421e-01 0.000000000000000000e+00 0.000000000000000000e+00 0.000000000000000000e+00
2.820000000000000000e+02 1.128015043462988753e-01 3.072371415566681717e-03 9.968138370505233992e-01 0.000000000000000000e+00 1.137915339098771066e-04 0.000000000000000000e+00
2.850000000000000000e+02 1.140015203499828988e-01 3.527537551206190360e-03 9.964724624487938387e-01 0.000000000000000000e+00 0.000000000000000000e+00 0.000000000000000000e+00
2.880000000000000000e+02 1.152015363536669224e-01 2.275830678197541916e-03 9.977241693218024121e-01 0.000000000000000000e+00 0.000000000000000000e+00 0.000000000000000000e+00
2.910000000000000000e+02 1.164015523573509459e-01 2.503413746017296455e-03 9.974965862539827421e-01 0.000000000000000000e+00 0.000000000000000000e+00 0.000000000000000000e+00
2.940000000000000000e+02 1.176015683610349694e-01 2.617205279927173507e-03 9.973827947200728516e-01 0.000000000000000000e+00 0.000000000000000000e+00 0.000000000000000000e+00
2.970000000000000000e+02 1.188015843647189929e-01 3.982703686845699004e-03 9.960172963131542767e-01 0.000000000000000000e+00 0.000000000000000000e+00 0.000000000000000000e+00
3.000000000000000000e+02 1.200016003684030164e-01 3.527537551206190360e-03 9.963586709148839482e-01 0.000000000000000000e+00 1.137915339098771066e-04 0.000000000000000000e+00
3.030000000000000000e+02 1.212016163720870399e-01 2.844788347746927612e-03 9.971552116522530707e-01 0.000000000000000000e+00 0.000000000000000000e+00 0.000000000000000000e+00
3.060000000000000000e+02 1.224016323757710634e-01 3.299954483386436255e-03 9.965862539827037292e-01 0.000000000000000000e+00 1.137915339098771066e-04 0.000000000000000000e+00
3.090000000000000000e+02 1.236016483794550869e-01 5.689576695493855224e-03 9.943104233045061413e-01 0.000000000000000000e+00 0.000000000000000000e+00 0.000000000000000000e+00
3.120000000000000000e+02 1.248016643831391104e-01 7.396449704142011444e-03 9.922621756941283344e-01 0.000000000000000000e+00 3.413746017296313199e-04 0.000000000000000000e+00
3.150000000000000000e+02 1.260016803868231339e-01 1.001365498406918582e-02 9.895311788802912956e-01 0.000000000000000000e+00 4.551661356395084266e-04 0.000000000000000000e+00
3.180000000000000000e+02 1.272016963905071574e-01 1.035502958579881741e-02 9.893035958124715146e-01 0.000000000000000000e+00 3.413746017296313199e-04 0.000000000000000000e+00
3.210000000000000000e+02 1.284017123941911809e-01 8.079198907601274626e-03 9.914656349567592120e-01 0.000000000000000000e+00 4.551661356395084266e-04 0.000000000000000000e+00
3.240000000000000000e+02 1.296017283978752044e-01 9.558488848429677609e-03 9.899863450159308575e-01 0.000000000000000000e+00 4.551661356395084266e-04 0.000000000000000000e+00
3.270000000000000000e+02 1.308017444015592279e-01 1.092398725534820224e-02 9.889622212107419541e-01 0.000000000000000000e+00 1.137915339098771066e-04 0.000000000000000000e+00
3.300000000000000000e+02 1.320017604052432514e-01 1.160673645880746542e-02 9.882794720072826111e-01 0.000000000000000000e+00 1.137915339098771066e-04 0.000000000000000000e+00
3.330000000000000000e+02 1.332017764089272749e-01 1.490669094219390124e-02 9.845243513882566688e-01 0.000000000000000000e+00 5.689576695493854790e-04 0.000000000000000000e+00
3.360000000000000000e+02 1.344017924126112984e-01 1.911697769685935522e-02 9.802002730996813851e-01 0.000000000000000000e+00 6.827492034592626399e-04 0.000000000000000000e+00
3.390000000000000000e+02 1.356018084162953219e-01 2.344105598543468408e-02 9.753072371415566488e-01 0.000000000000000000e+00 1.251706873008648227e-03 0.000000000000000000e+00
3.420000000000000000e+02 1.368018244199793454e-01 2.662721893491124328e-02 9.726900318616295005e-01 0.000000000000000000e+00 6.827492034592626399e-04 0.000000000000000000e+00
3.450000000000000000e+02 1.380018404236633689e-01 3.390987710514337811e-02 9.642694583522986029e-01 0.000000000000000000e+00 1.820664542558033706e-03 0.000000000000000000e+00
3.480000000000000000e+02 1.392018564273473924e-01 4.142011834319526964e-02 9.558488848429677054e-01 0.000000000000000000e+00 2.730996813837050560e-03 0.000000000000000000e+00
3.510000000000000000e+02 1.404018724310314159e-01 4.847519344560764776e-02 9.484524351388257113e-01 0.000000000000000000e+00 3.072371415566681717e-03 0.000000000000000000e+00
3.540000000000000000e+02 1.416018884347154394e-01 5.439235320892125969e-02 9.415111515703231682e-01 0.000000000000000000e+00 4.096495220755575623e-03 0.000000000000000000e+00
3.570000000000000000e+02 1.428019044383994629e-01 6.793354574419663283e-02 9.272872098315885214e-01 0.000000000000000000e+00 4.779244424214838804e-03 0.000000000000000000e+00
3.600000000000000000e+02 1.440019204420834864e-01 8.124715521165225274e-02 9.131770596267637652e-01 0.000000000000000000e+00 5.575785161583977738e-03 0.000000000000000000e+00
3.630000000000000000e+02 1.452019364457675099e-01 9.330905780609922984e-02 8.995220755575785709e-01 0.000000000000000000e+00 7.168866636322257339e-03 0.000000000000000000e+00
3.660000000000000000e+02 1.464019524494515334e-01 9.774692762858443185e-02 8.929221665908056993e-01 0.000000000000000000e+00 9.330905780609922637e-03 0.000000000000000000e+00
3.690000000000000000e+02 1.476019684531355569e-01 1.141329085116067343e-01 8.757396449704142327e-01 0.000000000000000000e+00 1.012744651797906244e-02 0.000000000000000000e+00
3.720000000000000000e+02 1.488019844568195804e-01 1.332498862084660896e-01 8.548020027309968238e-01 0.000000000000000000e+00 1.194811106053709528e-02 0.000000000000000000e+00
3.750000000000000000e+02 1.500020004605038260e-01 1.543013199817933612e-01 8.291989076012744597e-01 0.000000000000000000e+00 1.649977241693217911e-02 0.000000000000000000e+00
3.780000000000000000e+02 1.512020164641878495e-01 1.844560764679107900e-01 7.948338643604915266e-01 0.000000000000000000e+00 2.071005917159763482e-02 0.000000000000000000e+00
3.810000000000000000e+02 1.524020324678718730e-01 2.162039144287664916e-01 7.570550751024124336e-01 0.000000000000000000e+00 2.674101046882111990e-02 0.000000000000000000e+00
3.840000000000000000e+02 1.536020484715558965e-01 2.507965407373691225e-01 7.130177514792899185e-01 0.000000000000000000e+00 3.618570778334091742e-02 0.000000000000000000e+00
3.870000000000000000e+02 1.548020644752399200e-01 3.002958579881656598e-01 6.543013199817933057e-01 0.000000000000000000e+00 4.540282203004096517e-02 0.000000000000000000e+00
3.900000000000000000e+02 1.560020804789239435e-01 3.441055985434683384e-01 5.951297223486572419e-01 0.000000000000000000e+00 6.076467910787437116e-02 0.000000000000000000e+00
3.930000000000000000e+02 1.572020964826079670e-01 3.881429221665907980e-01 5.380063723258989850e-01 0.000000000000000000e+00 7.385070550751024476e-02 0.000000000000000000e+00
3.960000000000000000e+02 1.584021124862919905e-01 4.262630860263996180e-01 4.853208921256258468e-01 2.275830678197542133e-04 8.818843878015475424e-02 0.000000000000000000e+00
3.990000000000000000e+02 1.596021284899760140e-01 4.689349112426035582e-01 4.289940828402367123e-01 2.275830678197542133e-04 1.018434228493400040e-01 0.000000000000000000e+00
4.020000000000000000e+02 1.608021444936600375e-01 5.180928538916704795e-01 3.637915339098771184e-01 0.000000000000000000e+00 1.181156121984524299e-01 0.000000000000000000e+00
4.050000000000000000e+02 1.620021604973440610e-01 5.537096040054619861e-01 3.111060537096039802e-01 1.137915339098771066e-04 1.350705507510241155e-01 0.000000000000000000e+00
4.080000000000000000e+02 1.632021765010280845e-01 5.967228038233954868e-01 2.495448338643604935e-01 3.413746017296313199e-04 1.533909877105143482e-01 0.000000000000000000e+00
4.110000000000000000e+02 1.644021925047121080e-01 6.255120619025944517e-01 2.006144742831133254e-01 4.551661356395084266e-04 1.734182976786527164e-01 0.000000000000000000e+00
4.140000000000000000e+02 1.656022085083961315e-01 6.472462448793809831e-01 1.638598088302230249e-01 5.689576695493854790e-04 1.883249886208466228e-01 0.000000000000000000e+00
4.170000000000000000e+02 1.668022245120801550e-01 6.682976786527082824e-01 1.330223031406463363e-01 7.965407373691396923e-04 1.978834774692762866e-01 0.000000000000000000e+00
4.200000000000000000e+02 1.680022405157641785e-01 6.804733727810651223e-01 1.062812926718252199e-01 1.137915339098770958e-03 2.121074192080109333e-01 0.000000000000000000e+00
4.230000000000000000e+02 1.692022565194482020e-01 6.961766044606281234e-01 8.261265361857077216e-02 1.137915339098770958e-03 2.200728265817023244e-01 0.000000000000000000e+00
4.260000000000000000e+02 1.704022725231322255e-01 7.019799726900318726e-01 6.599908966772871644e-02 2.617205279927173507e-03 2.294037323623122349e-01 0.000000000000000000e+00
4.290000000000000000e+02 1.716022885268162490e-01 7.069868001820664993e-01 5.211652253072371344e-02 4.437869822485207214e-03 2.364588074647246130e-01 0.000000000000000000e+00
4.320000000000000000e+02 1.728023045305002725e-01 7.137005006827491504e-01 4.005461993627674328e-02 5.575785161583977738e-03 2.406690942193900895e-01 0.000000000000000000e+00
4.350000000000000000e+02 1.740023205341842960e-01 7.197314519799726806e-01 3.174783796085571541e-02 6.941283568502503235e-03 2.415794264906691025e-01 0.000000000000000000e+00
4.380000000000000000e+02 1.752023365378683195e-01 7.220072826581702685e-01 2.765134274010013632e-02 8.420573509330906217e-03 2.419208010923987184e-01 0.000000000000000000e+00
4.410000000000000000e+02 1.764023525415523430e-01 7.258761948111061013e-01 2.423759672280382388e-02 9.899863450159307465e-03 2.399863450159308020e-01 0.000000000000000000e+00
4.440000000000000000e+02 1.776023685452363665e-01 7.297451069640418231e-01 2.116522530723714129e-02 1.194811106053709528e-02 2.371415566681839004e-01 0.000000000000000000e+00
4.470000000000000000e+02 1.788023845489203900e-01 7.379380974055530507e-01 1.991351843422849502e-02 1.285844333181611343e-02 2.292899408284023721e-01 0.000000000000000000e+00
4.500000000000000000e+02 1.800024005526044135e-01 7.410104688211197610e-01 2.139280837505689453e-02 1.251706873008648184e-02 2.250796540737369233e-01 0.000000000000000000e+00
4.530000000000000000e+02 1.812024165562884370e-01 7.453345471096950448e-01 2.162039144287665124e-02 1.422394173873463806e-02 2.188211197086936677e-01 0.000000000000000000e+00
4.560000000000000000e+02 1.824024325599724605e-01 7.495448338643604380e-01 2.116522530723714129e-02 1.502048247610377786e-02 2.142694583522985752e-01 0.000000000000000000e+00
4.590000000000000000e+02 1.836024485636564840e-01 7.539827036868457233e-01 2.093764223941738806e-02 1.604460628129267263e-02 2.090350477924442507e-01 0.000000000000000000e+00
4.620000000000000000e+02 1.848024645673405075e-01 7.553482020937641872e-01 2.287209831588529751e-02 1.741010468821119553e-02 2.043695949021392677e-01 0.000000000000000000e+00
4.650000000000000000e+02 1.860024805710245310e-01 7.583067819754210070e-01 2.309968138370505075e-02 1.900318616294947513e-02 1.995903504779244497e-01 0.000000000000000000e+00
4.680000000000000000e+02 1.872024965747085545e-01 7.543240782885752838e-01 2.548930359581247015e-02 1.934456076467910846e-02 2.008420573509330787e-01 0.000000000000000000e+00
4.710000000000000000e+02 1.884025125783925780e-01 7.569412835685025431e-01 2.639963586709149004e-02 2.036868456986800149e-02 1.962903959945380139e-01 0.000000000000000000e+00
4.740000000000000000e+02 1.896025285820766015e-01 7.591033227127901295e-01 2.799271734182976618e-02 2.116522530723714129e-02 1.917387346381429214e-01 0.000000000000000000e+00
4.770000000000000000e+02 1.908025445857606250e-01 7.588757396449704595e-01 2.958579881656804578e-02 2.332726445152480746e-02 1.882111970869367323e-01 0.000000000000000000e+00
4.800000000000000000e+02 1.920025605894446485e-01 7.589895311788802390e-01 3.060992262175694228e-02 2.446517979062357712e-02 1.859353664087392000e-01 0.000000000000000000e+00
4.830000000000000000e+02 1.932025765931288941e-01 7.620619025944469493e-01 3.140646335912607862e-02 2.514792899408284030e-02 1.813837050523441075e-01 0.000000000000000000e+00
4.860000000000000000e+02 1.944025925968129176e-01 7.610377787892580459e-01 3.152025489303595523e-02 2.776513427401001294e-02 1.796768320436959443e-01 0.000000000000000000e+00
4.890000000000000000e+02 1.956026086004969411e-01 7.642239417387346467e-01 3.106508875739644876e-02 2.696859353664087314e-02 1.777423759672280279e-01 0.000000000000000000e+00
4.920000000000000000e+02 1.968026246041809646e-01 7.616067364588074984e-01 3.208921256258534527e-02 2.742375967228038308e-02 1.788802913063268218e-01 0.000000000000000000e+00
4.950000000000000000e+02 1.980026406078649881e-01 7.617205279927173889e-01 3.356850250341374825e-02 3.049613108784706567e-02 1.742148384160218388e-01 0.000000000000000000e+00
4.980000000000000000e+02 1.992026566115490116e-01 7.664997724169322346e-01 3.493400091033227461e-02 3.060992262175694228e-02 1.679563040509786109e-01 0.000000000000000000e+00
5.010000000000000000e+02 2.004026726152330351e-01 7.746927628584433512e-01 3.425125170687300796e-02 3.060992262175694228e-02 1.604460628129267263e-01 0.000000000000000000e+00
5.040000000000000000e+02 2.016026886189170586e-01 7.746927628584433512e-01 3.493400091033227461e-02 3.334091943559399501e-02 1.570323167956304000e-01 0.000000000000000000e+00
5.070000000000000000e+02 2.028027046226010821e-01 7.791306326809285254e-01 3.561675011379153433e-02 3.527537551206190447e-02 1.499772416932180219e-01 0.000000000000000000e+00
5.100000000000000000e+02 2.040027206262851056e-01 7.819754210286754548e-01 3.652708238507055422e-02 3.652708238507055422e-02 1.449704142011834229e-01 0.000000000000000000e+00
5.130000000000000000e+02 2.052027366299691291e-01 7.865270823850705195e-01 3.846153846153846367e-02 3.755120619025944378e-02 1.374601729631315383e-01 0.000000000000000000e+00
5.160000000000000000e+02 2.064027526336531526e-01 7.897132453345471204e-01 4.073736913973600299e-02 3.925807919890760000e-02 1.302913063268092975e-01 0.000000000000000000e+00
5.190000000000000000e+02 2.076027686373371761e-01 7.941511151570322946e-01 4.130632680928538608e-02 4.130632680928538608e-02 1.232362312243969055e-01 0.000000000000000000e+00
5.220000000000000000e+02 2.088027846410211996e-01 7.987027765134273594e-01 4.255803368229403583e-02 4.392353208921256219e-02 1.148156577150659940e-01 0.000000000000000000e+00
5.250000000000000000e+02 2.100028006447052231e-01 8.047337278106508895e-01 4.346836595357305572e-02 4.335457441966317910e-02 1.084433318161128756e-01 0.000000000000000000e+00
5.280000000000000000e+02 2.112028166483892466e-01 8.082612653618570508e-01 4.608557123350022489e-02 4.415111515703231543e-02 1.015020482476103741e-01 0.000000000000000000e+00
5.310000000000000000e+02 2.124028326520732701e-01 8.152025489303595940e-01 4.494765589440145870e-02 4.460628129267182190e-02 9.524351388256713236e-02 0.000000000000000000e+00
5.340000000000000000e+02 2.136028486557572936e-01 8.170232134729176199e-01 4.540282203004096517e-02 4.574419663177059503e-02 9.182976786527081992e-02 0.000000000000000000e+00
5.370000000000000000e+02 2.148028646594413171e-01 8.224852071005916976e-01 4.722348657259899801e-02 4.472007282658170546e-02 8.557123350022757813e-02 0.000000000000000000e+00
5.400000000000000000e+02 2.160028806631253406e-01 8.237369139736003820e-01 4.790623577605826466e-02 4.654073736913973830e-02 8.181611288120163583e-02 0.000000000000000000e+00
5.430000000000000000e+02 2.172028966668093641e-01 8.230541647701411501e-01 4.893035958124715423e-02 4.984069185252617412e-02 7.817478379608557015e-02 0.000000000000000000e+00
5.460000000000000000e+02 2.184029126704933876e-01 8.243058716431497235e-01 5.029585798816568060e-02 4.961310878470642088e-02 7.578516158397814728e-02 0.000000000000000000e+00
5.490000000000000000e+02 2.196029286741774111e-01 8.258989531178880794e-01 5.086481565771506369e-02 4.767865270823850449e-02 7.555757851615839404e-02 0.000000000000000000e+00
5.520000000000000000e+02 2.208029446778614346e-01 8.248748293126991760e-01 5.154756486117433034e-02 4.824761037778789452e-02 7.532999544833864081e-02 0.000000000000000000e+00
5.550000000000000000e+02 2.220029606815454581e-01 8.286299499317251183e-01 5.097860719162494031e-02 4.893035958124715423e-02 7.146108329540282189e-02 0.000000000000000000e+00
5.580000000000000000e+02 2.232029766852294816e-01 8.251024123805188459e-01 5.234410559854346667e-02 5.177514792899408358e-02 7.077833409194356218e-02 0.000000000000000000e+00
5.610000000000000000e+02 2.244029926889135051e-01 8.238507055075102725e-01 5.450614474283113631e-02 5.131998179335457710e-02 7.032316795630405570e-02 0.000000000000000000e+00
5.640000000000000000e+02 2.256030086925975287e-01 8.272644515248065433e-01 5.518889394629039602e-02 4.972690031861629750e-02 6.781975421028675621e-02 0.000000000000000000e+00
5.670000000000000000e+02 2.268030246962815522e-01 8.262403277196176399e-01 5.655439235320892238e-02 5.097860719162494031e-02 6.622667273554846967e-02 0.000000000000000000e+00
5.700000000000000000e+02 2.280030406999655757e-01 8.289713245334546787e-01 5.518889394629039602e-02 5.109239872553481693e-02 6.474738279472007363e-02 0.000000000000000000e+00
5.730000000000000000e+02 2.292030567036495992e-01 8.318161128812016081e-01 5.223031406463359005e-02 5.325443786982248656e-02 6.269913518434228061e-02 0.000000000000000000e+00
5.760000000000000000e+02 2.304030727073336227e-01 8.332954028220300735e-01 5.268548020027309653e-02 5.166135639508420696e-02 6.235776058261265076e-02 0.000000000000000000e+00
5.790000000000000000e+02 2.316030887110176462e-01 8.332954028220300735e-01 5.314064633591260994e-02 5.052344105598543383e-02 6.304050978607191047e-02 0.000000000000000000e+00
5.820000000000000000e+02 2.328031047147016697e-01 8.356850250341374409e-01 5.325443786982248656e-02 5.075102412380518707e-02 6.030951297223486468e-02 0.000000000000000000e+00
5.850000000000000000e+02 2.340031207183856932e-01 8.368229403732362348e-01 5.370960400546199304e-02 5.166135639508420696e-02 5.780609922621757213e-02 0.000000000000000000e+00
5.880000000000000000e+02 2.352031367220699387e-01 8.353436504324078804e-01 5.473372781065088954e-02 5.279927173418298009e-02 5.712335002275830548e-02 0.000000000000000000e+00
5.910000000000000000e+02 2.364031527257539622e-01 8.377332726445152478e-01 5.393718707328174627e-02 5.245789713245334329e-02 5.587164314974965573e-02 0.000000000000000000e+00
5.940000000000000000e+02 2.376031687294379857e-01 8.359126081019572219e-01 5.405097860719162289e-02 5.234410559854346667e-02 5.769230769230769551e-02 0.000000000000000000e+00
5.970000000000000000e+02 2.388031847331220092e-01 8.339781520254893055e-01 5.598543468365953235e-02 5.109239872553481693e-02 5.894401456531633832e-02 0.000000000000000000e+00
6.000000000000000000e+02 2.400032007368060327e-01 8.356850250341374409e-01 5.575785161583977911e-02 5.109239872553481693e-02 5.746472462448793533e-02 0.000000000000000000e+00
6.030000000000000000e+02 2.412032167404900562e-01 8.371643149749659063e-01 5.632680928538916915e-02 5.120619025944470049e-02 5.530268548020027264e-02 0.000000000000000000e+00
6.060000000000000000e+02 2.424032327441740797e-01 8.371643149749659063e-01 5.609922621756941591e-02 5.097860719162494031e-02 5.575785161583977911e-02 0.000000000000000000e+00
6.090000000000000000e+02 2.436032487478581032e-01 8.387573964497041512e-01 5.644060081929904577e-02 5.075102412380518707e-02 5.405097860719162289e-02 0.000000000000000000e+00
6.120000000000000000e+02 2.448032647515421267e-01 8.405780609922621771e-01 5.621301775147929253e-02 5.075102412380518707e-02 5.245789713245334329e-02 0.000000000000000000e+00
6.150000000000000000e+02 2.460032807552261502e-01 8.378470641784251383e-01 5.791989076012744875e-02 5.166135639508420696e-02 5.257168866636321991e-02 0.000000000000000000e+00
6.180000000000000000e+02 2.472032967589101737e-01 8.400091033227128356e-01 5.644060081929904577e-02 5.427856167501137613e-02 4.927173418297678409e-02 0.000000000000000000e+00
6.210000000000000000e+02 2.484033127625941972e-01 8.408056440600819581e-01 5.632680928538916915e-02 5.427856167501137613e-02 4.858898497951752438e-02 0.000000000000000000e+00
6.240000000000000000e+02 2.496033287662782207e-01 8.408056440600819581e-01 5.553026854802002588e-02 5.541647701411014926e-02 4.824761037778789452e-02 0.000000000000000000e+00
6.270000000000000000e+02 2.508033447699622442e-01 8.418297678652708615e-01 5.678197542102867562e-02 5.427856167501137613e-02 4.710969503868912139e-02 0.000000000000000000e+00
6.300000000000000000e+02 2.520033607736462677e-01 8.385298133818843702e-01 5.814747382794720199e-02 5.393718707328174627e-02 4.938552571688666071e-02 0.000000000000000000e+00
6.330000000000000000e+02 2.532033767773302912e-01 8.409194355939918486e-01 5.871643149749658508e-02 5.268548020027309653e-02 4.767865270823850449e-02 0.000000000000000000e+00
6.360000000000000000e+02 2.544033927810143147e-01 8.434228493400091065e-01 6.053709604005461792e-02 5.188893946290396020e-02 4.415111515703231543e-02 0.000000000000000000e+00
6.390000000000000000e+02 2.556034087846983383e-01 8.452435138825671324e-01 6.087847064178425471e-02 5.166135639508420696e-02 4.221665908056440597e-02 0.000000000000000000e+00
6.420000000000000000e+02 2.568034247883823618e-01 8.469503868912152678e-01 6.247155211652252738e-02 5.154756486117433034e-02 3.903049613108784677e-02 0.000000000000000000e+00
6.450000000000000000e+02 2.580034407920663853e-01 8.474055530268548297e-01 6.315430131998178709e-02 5.188893946290396020e-02 3.755120619025944378e-02 0.000000000000000000e+00
6.480000000000000000e+02 2.592034567957504088e-01 8.472917614929449392e-01 6.121984524351388457e-02 5.211652253072371344e-02 3.937187073281747662e-02 0.000000000000000000e+00
6.510000000000000000e+02 2.604034727994344323e-01 8.454710969503869133e-01 6.167501137915339104e-02 5.314064633591260994e-02 3.971324533454710648e-02 0.000000000000000000e+00
6.540000000000000000e+02 2.616034888031184558e-01 8.469503868912152678e-01 5.985434683659535821e-02 5.257168866636321991e-02 4.062357760582612637e-02 0.000000000000000000e+00
6.570000000000000000e+02 2.628035048068024793e-01 8.500227583067819781e-01 5.996813837050523482e-02 5.223031406463359005e-02 3.777878925807919702e-02 0.000000000000000000e+00
6.600000000000000000e+02 2.640035208104865028e-01 8.503641329085116496e-01 6.019572143832498806e-02 5.211652253072371344e-02 3.732362312243969055e-02 0.000000000000000000e+00
6.630000000000000000e+02 2.652035368141705263e-01 8.524123805188893455e-01 5.917159763313609155e-02 5.120619025944470049e-02 3.720983158852981393e-02 0.000000000000000000e+00
6.660000000000000000e+02 2.664035528178545498e-01 8.512744651797906625e-01 5.996813837050523482e-02 5.109239872553481693e-02 3.766499772416932040e-02 0.000000000000000000e+00
6.690000000000000000e+02 2.676035688215385733e-01 8.467228038233954868e-01 6.167501137915339104e-02 5.359581247155211642e-02 3.800637232589895026e-02 0.000000000000000000e+00
6.720000000000000000e+02 2.688035848252225968e-01 8.444469731451980099e-01 6.338188438780155420e-02 5.541647701411014926e-02 3.675466545289030745e-02 0.000000000000000000e+00
6.750000000000000000e+02 2.700036008289066203e-01 8.445607646791079004e-01 6.315430131998178709e-02 5.314064633591260994e-02 3.914428766499772339e-02 0.000000000000000000e+00
6.780000000000000000e+02 2.712036168325906438e-01 8.449021392808374609e-01 6.269913518434228061e-02 5.348202093764223980e-02 3.891670459717797015e-02 0.000000000000000000e+00
6.810000000000000000e+02 2.724036328362746673e-01 8.480883022303140617e-01 6.463359126081019701e-02 5.211652253072371344e-02 3.516158397815202785e-02 0.000000000000000000e+00
