# itime ezz other fcc hcp bcc ico
0.000000000000000000e+00 0.000000000000000000e+00 0.000000000000000000e+00 1.000000000000000000e+00 0.000000000000000000e+00 0.000000000000000000e+00 0.000000000000000000e+00
2.500000000000000000e+01 9.999778996505614970e-04 0.000000000000000000e+00 1.000000000000000000e+00 0.000000000000000000e+00 0.000000000000000000e+00 0.000000000000000000e+00
5.000000000000000000e+01 1.999955799301122994e-03 0.000000000000000000e+00 1.000000000000000000e+00 0.000000000000000000e+00 0.000000000000000000e+00 0.000000000000000000e+00
7.500000000000000000e+01 2.999933698951906536e-03 0.000000000000000000e+00 1.000000000000000000e+00 0.000000000000000000e+00 0.000000000000000000e+00 0.000000000000000000e+00
1.000000000000000000e+02 3.999911598602468032e-03 0.000000000000000000e+00 1.000000000000000000e+00 0.000000000000000000e+00 0.000000000000000000e+00 0.000000000000000000e+00
1.250000000000000000e+02 4.999889498253029529e-03 0.000000000000000000e+00 1.000000000000000000e+00 0.000000000000000000e+00 0.000000000000000000e+00 0.000000000000000000e+00
1.500000000000000000e+02 5.999867397903591026e-03 0.000000000000000000e+00 1.000000000000000000e+00 0.000000000000000000e+00 0.000000000000000000e+00 0.000000000000000000e+00
1.750000000000000000e+02 6.999845297554374568e-03 0.000000000000000000e+00 1.000000000000000000e+00 0.000000000000000000e+00 0.000000000000000000e+00 0.000000000000000000e+00
2.000000000000000000e+02 7.999823197204936065e-03 0.000000000000000000e+00 1.000000000000000000e+00 0.000000000000000000e+00 0.000000000000000000e+00 0.000000000000000000e+00
2.250000000000000000e+02 8.999801096855497562e-03 0.000000000000000000e+00 1.000000000000000000e+00 0.000000000000000000e+00 0.000000000000000000e+00 0.000000000000000000e+00
2.500000000000000000e+02 9.999778996506059059e-03 0.000000000000000000e+00 1.000000000000000000e+00 0.000000000000000000e+00 0.000000000000000000e+00 0.000000000000000000e+00
2.750000000000000000e+02 1.099975689615684260e-02 0.000000000000000000e+00 1.000000000000000000e+00 0.000000000000000000e+00 0.000000000000000000e+00 0.000000000000000000e+00
3.000000000000000000e+02 1.199973479580740410e-02 0.000000000000000000e+00 1.000000000000000000e+00 0.000000000000000000e+00 0.000000000000000000e+00 0.000000000000000000e+00
3.250000000000000000e+02 1.299971269545796559e-02 0.000000000000000000e+00 1.000000000000000000e+00 0.000000000000000000e+00 0.000000000000000000e+00 0.000000000000000000e+00
3.500000000000000000e+02 1.399969059510852709e-02 0.000000000000000000e+00 1.000000000000000000e+00 0.000000000000000000e+00 0.000000000000000000e+00 0.000000000000000000e+00
3.750000000000000000e+02 1.499966849475931063e-02 0.000000000000000000e+00 1.000000000000000000e+00 0.000000000000000000e+00 0.000000000000000000e+00 0.000000000000000000e+00
4.000000000000000000e+02 1.599964639440987213e-02 0.000000000000000000e+00 1.000000000000000000e+00 0.000000000000000000e+00 0.000000000000000000e+00 0.000000000000000000e+00
4.250000000000000000e+02 1.699962429406043363e-02 0.000000000000000000e+00 1.000000000000000000e+00 0.000000000000000000e+00 0.000000000000000000e+00 0.000000000000000000e+00
4.500000000000000000e+02 1.799960219371099512e-02 2.275830678197542133e-04 9.997724169321802190e-01 0.000000000000000000e+00 0.000000000000000000e+00 0.000000000000000000e+00
4.750000000000000000e+02 1.899958009336177867e-02 0.000000000000000000e+00 1.000000000000000000e+00 0.000000000000000000e+00 0.000000000000000000e+00 0.000000000000000000e+00
5.000000000000000000e+02 1.999955799301234016e-02 0.000000000000000000e+00 1.000000000000000000e+00 0.000000000000000000e+00 0.000000000000000000e+00 0.000000000000000000e+00
5.250000000000000000e+02 2.099953589266290166e-02 0.000000000000000000e+00 1.000000000000000000e+00 0.000000000000000000e+00 0.000000000000000000e+00 0.000000000000000000e+00
5.500000000000000000e+02 2.199951379231346316e-02 0.000000000000000000e+00 1.000000000000000000e+00 0.000000000000000000e+00 0.000000000000000000e+00 0.000000000000000000e+00
5.750000000000000000e+02 2.299949169196424670e-02 0.000000000000000000e+00 1.000000000000000000e+00 0.000000000000000000e+00 0.000000000000000000e+00 0.000000000000000000e+00
6.000000000000000000e+02 2.399946959161480819e-02 0.000000000000000000e+00 1.000000000000000000e+00 0.000000000000000000e+00 0.000000000000000000e+00 0.000000000000000000e+00
6.250000000000000000e+02 2.499944749126536969e-02 0.000000000000000000e+00 1.000000000000000000e+00 0.000000000000000000e+00 0.000000000000000000e+00 0.000000000000000000e+00
6.500000000000000000e+02 2.599942539091593119e-02 0.000000000000000000e+00 1.000000000000000000e+00 0.000000000000000000e+00 0.000000000000000000e+00 0.000000000000000000e+00
6.750000000000000000e+02 2.699940329056671473e-02 0.000000000000000000e+00 1.000000000000000000e+00 0.000000000000000000e+00 0.000000000000000000e+00 0.000000000000000000e+00
7.000000000000000000e+02 2.799938119021727623e-02 0.000000000000000000e+00 1.000000000000000000e+00 0.000000000000000000e+00 0.000000000000000000e+00 0.000000000000000000e+00
7.250000000000000000e+02 2.899935908986783772e-02 0.000000000000000000e+00 1.000000000000000000e+00 0.000000000000000000e+00 0.000000000000000000e+00 0.000000000000000000e+00
7.500000000000000000e+02 2.999933698951839922e-02 0.000000000000000000e+00 1.000000000000000000e+00 0.000000000000000000e+00 0.000000000000000000e+00 0.000000000000000000e+00
7.750000000000000000e+02 3.099931488916918276e-02 0.000000000000000000e+00 1.000000000000000000e+00 0.000000000000000000e+00 0.000000000000000000e+00 0.000000000000000000e+00
8.000000000000000000e+02 3.199929278881974426e-02 0.000000000000000000e+00 1.000000000000000000e+00 0.000000000000000000e+00 0.000000000000000000e+00 0.000000000000000000e+00
8.250000000000000000e+02 3.299927068847030576e-02 0.000000000000000000e+00 1.000000000000000000e+00 0.000000000000000000e+00 0.000000000000000000e+00 0.000000000000000000e+00
8.500000000000000000e+02 3.399924858812086725e-02 0.000000000000000000e+00 1.000000000000000000e+00 0.000000000000000000e+00 0.000000000000000000e+00 0.000000000000000000e+00
8.750000000000000000e+02 3.499922648777142875e-02 0.000000000000000000e+00 1.000000000000000000e+00 0.000000000000000000e+00 0.000000000000000000e+00 0.000000000000000000e+00
9.000000000000000000e+02 3.599920438742221229e-02 0.000000000000000000e+00 1.000000000000000000e+00 0.000000000000000000e+00 0.000000000000000000e+00 0.000000000000000000e+00
9.250000000000000000e+02 3.699918228707277379e-02 0.000000000000000000e+00 1.000000000000000000e+00 0.000000000000000000e+00 0.000000000000000000e+00 0.000000000000000000e+00
9.500000000000000000e+02 3.799916018672333529e-02 0.000000000000000000e+00 1.000000000000000000e+00 0.000000000000000000e+00 0.000000000000000000e+00 0.000000000000000000e+00
9.750000000000000000e+02 3.899913808637389678e-02 0.000000000000000000e+00 1.000000000000000000e+00 0.000000000000000000e+00 0.000000000000000000e+00 0.000000000000000000e+00
1.000000000000000000e+03 3.999911598602468032e-02 0.000000000000000000e+00 1.000000000000000000e+00 0.000000000000000000e+00 0.000000000000000000e+00 0.000000000000000000e+00
1.025000000000000000e+03 4.099909388567524182e-02 0.000000000000000000e+00 1.000000000000000000e+00 0.000000000000000000e+00 0.000000000000000000e+00 0.000000000000000000e+00
1.050000000000000000e+03 4.199907178532580332e-02 0.000000000000000000e+00 1.000000000000000000e+00 0.000000000000000000e+00 0.000000000000000000e+00 0.000000000000000000e+00
1.075000000000000000e+03 4.299904968497636482e-02 0.000000000000000000e+00 1.000000000000000000e+00 0.000000000000000000e+00 0.000000000000000000e+00 0.000000000000000000e+00
1.100000000000000000e+03 4.399902758462714836e-02 0.000000000000000000e+00 1.000000000000000000e+00 0.000000000000000000e+00 0.000000000000000000e+00 0.000000000000000000e+00
1.125000000000000000e+03 4.499900548427770985e-02 0.000000000000000000e+00 1.000000000000000000e+00 0.000000000000000000e+00 0.000000000000000000e+00 0.000000000000000000e+00
1.150000000000000000e+03 4.599898338392827135e-02 0.000000000000000000e+00 1.000000000000000000e+00 0.000000000000000000e+00 0.000000000000000000e+00 0.000000000000000000e+00
1.175000000000000000e+03 4.699896128357883285e-02 0.000000000000000000e+00 1.000000000000000000e+00 0.000000000000000000e+00 0.000000000000000000e+00 0.000000000000000000e+00
1.200000000000000000e+03 4.799893918322961639e-02 0.000000000000000000e+00 1.000000000000000000e+00 0.000000000000000000e+00 0.000000000000000000e+00 0.000000000000000000e+00
1.225000000000000000e+03 4.899891708288017789e-02 0.000000000000000000e+00 1.000000000000000000e+00 0.000000000000000000e+00 0.000000000000000000e+00 0.000000000000000000e+00
1.250000000000000000e+03 4.999889498253073938e-02 0.000000000000000000e+00 1.000000000000000000e+00 0.000000000000000000e+00 0.000000000000000000e+00 0.000000000000000000e+00
1.275000000000000000e+03 5.099887288218130088e-02 0.000000000000000000e+00 1.000000000000000000e+00 0.000000000000000000e+00 0.000000000000000000e+00 0.000000000000000000e+00
1.300000000000000000e+03 5.199885078183208442e-02 0.000000000000000000e+00 1.000000000000000000e+00 0.000000000000000000e+00 0.000000000000000000e+00 0.000000000000000000e+00
1.325000000000000000e+03 5.299882868148264592e-02 0.000000000000000000e+00 1.000000000000000000e+00 0.000000000000000000e+00 0.000000000000000000e+00 0.000000000000000000e+00
1.350000000000000000e+03 5.399880658113320742e-02 0.000000000000000000e+00 1.000000000000000000e+00 0.000000000000000000e+00 0.000000000000000000e+00 0.000000000000000000e+00
1.375000000000000000e+03 5.499878448078376891e-02 0.000000000000000000e+00 1.000000000000000000e+00 0.000000000000000000e+00 0.000000000000000000e+00 0.000000000000000000e+00
1.400000000000000000e+03 5.599876238043455245e-02 0.000000000000000000e+00 1.000000000000000000e+00 0.000000000000000000e+00 0.000000000000000000e+00 0.000000000000000000e+00
1.425000000000000000e+03 5.699874028008511395e-02 0.000000000000000000e+00 1.000000000000000000e+00 0.000000000000000000e+00 0.000000000000000000e+00 0.000000000000000000e+00
1.450000000000000000e+03 5.799871817973567545e-02 0.000000000000000000e+00 1.000000000000000000e+00 0.000000000000000000e+00 0.000000000000000000e+00 0.000000000000000000e+00
1.475000000000000000e+03 5.899869607938623695e-02 0.000000000000000000e+00 1.000000000000000000e+00 0.000000000000000000e+00 0.000000000000000000e+00 0.000000000000000000e+00
1.500000000000000000e+03 5.999867397903702049e-02 0.000000000000000000e+00 1.000000000000000000e+00 0.000000000000000000e+00 0.000000000000000000e+00 0.000000000000000000e+00
1.525000000000000000e+03 6.099865187868758198e-02 1.137915339098771066e-04 9.998862084660901095e-01 0.000000000000000000e+00 0.000000000000000000e+00 0.000000000000000000e+00
1.550000000000000000e+03 6.199862977833814348e-02 0.000000000000000000e+00 1.000000000000000000e+00 0.000000000000000000e+00 0.000000000000000000e+00 0.000000000000000000e+00
1.575000000000000000e+03 6.299860767798870498e-02 0.000000000000000000e+00 1.000000000000000000e+00 0.000000000000000000e+00 0.000000000000000000e+00 0.000000000000000000e+00
1.600000000000000000e+03 6.399858557763948852e-02 0.000000000000000000e+00 1.000000000000000000e+00 0.000000000000000000e+00 0.000000000000000000e+00 0.000000000000000000e+00
1.625000000000000000e+03 6.499856347729005002e-02 0.000000000000000000e+00 1.000000000000000000e+00 0.000000000000000000e+00 0.000000000000000000e+00 0.000000000000000000e+00
1.650000000000000000e+03 6.599854137694061151e-02 3.413746017296313199e-04 9.996586253982703285e-01 0.000000000000000000e+00 0.000000000000000000e+00 0.000000000000000000e+00
1.675000000000000000e+03 6.699851927659117301e-02 0.000000000000000000e+00 1.000000000000000000e+00 0.000000000000000000e+00 0.000000000000000000e+00 0.000000000000000000e+00
1.700000000000000000e+03 6.799849717624173451e-02 2.275830678197542133e-04 9.997724169321802190e-01 0.000000000000000000e+00 0.000000000000000000e+00 0.000000000000000000e+00
1.725000000000000000e+03 6.899847507589251805e-02 0.000000000000000000e+00 1.000000000000000000e+00 0.000000000000000000e+00 0.000000000000000000e+00 0.000000000000000000e+00
1.750000000000000000e+03 6.999845297554307955e-02 0.000000000000000000e+00 1.000000000000000000e+00 0.000000000000000000e+00 0.000000000000000000e+00 0.000000000000000000e+00
1.775000000000000000e+03 7.099843087519364104e-02 0.000000000000000000e+00 1.000000000000000000e+00 0.000000000000000000e+00 0.000000000000000000e+00 0.000000000000000000e+00
1.800000000000000000e+03 7.199840877484420254e-02 0.000000000000000000e+00 1.000000000000000000e+00 0.000000000000000000e+00 0.000000000000000000e+00 0.000000000000000000e+00
1.825000000000000000e+03 7.299838667449498608e-02 0.000000000000000000e+00 1.000000000000000000e+00 0.000000000000000000e+00 0.000000000000000000e+00 0.000000000000000000e+00
1.850000000000000000e+03 7.399836457414554758e-02 3.413746017296313199e-04 9.996586253982703285e-01 0.000000000000000000e+00 0.000000000000000000e+00 0.000000000000000000e+00
1.875000000000000000e+03 7.499834247379610908e-02 0.000000000000000000e+00 1.000000000000000000e+00 0.000000000000000000e+00 0.000000000000000000e+00 0.000000000000000000e+00
1.900000000000000000e+03 7.599832037344667057e-02 0.000000000000000000e+00 1.000000000000000000e+00 0.000000000000000000e+00 0.000000000000000000e+00 0.000000000000000000e+00
1.925000000000000000e+03 7.699829827309745411e-02 5.689576695493854790e-04 9.994310423304506585e-01 0.000000000000000000e+00 0.000000000000000000e+00 0.000000000000000000e+00
1.950000000000000000e+03 7.799827617274801561e-02 3.413746017296313199e-04 9.996586253982703285e-01 0.000000000000000000e+00 0.000000000000000000e+00 0.000000000000000000e+00
1.975000000000000000e+03 7.899825407239857711e-02 9.103322712790168532e-04 9.990896677287209870e-01 0.000000000000000000e+00 0.000000000000000000e+00 0.000000000000000000e+00
2.000000000000000000e+03 7.999823197204913861e-02 0.000000000000000000e+00 1.000000000000000000e+00 0.000000000000000000e+00 0.000000000000000000e+00 0.000000000000000000e+00
2.025000000000000000e+03 8.099820987169992215e-02 1.137915339098771066e-04 9.998862084660901095e-01 0.000000000000000000e+00 0.000000000000000000e+00 0.000000000000000000e+00
2.050000000000000000e+03 8.199818777135048364e-02 2.275830678197542133e-04 9.997724169321802190e-01 0.000000000000000000e+00 0.000000000000000000e+00 0.000000000000000000e+00
2.075000000000000000e+03 8.299816567100104514e-02 1.137915339098771066e-04 9.998862084660901095e-01 0.000000000000000000e+00 0.000000000000000000e+00 0.000000000000000000e+00
2.100000000000000000e+03 8.399814357065160664e-02 5.689576695493854790e-04 9.994310423304506585e-01 0.000000000000000000e+00 0.000000000000000000e+00 0.000000000000000000e+00
2.125000000000000000e+03 8.499812147030239018e-02 1.137915339098771066e-04 9.998862084660901095e-01 0.000000000000000000e+00 0.000000000000000000e+00 0.000000000000000000e+00
2.150000000000000000e+03 8.599809936995295168e-02 5.689576695493854790e-04 9.994310423304506585e-01 0.000000000000000000e+00 0.000000000000000000e+00 0.000000000000000000e+00
2.175000000000000000e+03 8.699807726960351317e-02 9.103322712790168532e-04 9.990896677287209870e-01 0.000000000000000000e+00 0.000000000000000000e+00 0.000000000000000000e+00
2.200000000000000000e+03 8.799805516925407467e-02 3.413746017296313199e-04 9.996586253982703285e-01 0.000000000000000000e+00 0.000000000000000000e+00 0.000000000000000000e+00
2.225000000000000000e+03 8.899803306890485821e-02 4.551661356395084266e-04 9.995448338643604380e-01 0.000000000000000000e+00 0.000000000000000000e+00 0.000000000000000000e+00
2.250000000000000000e+03 8.999801096855541971e-02 3.413746017296313199e-04 9.996586253982703285e-01 0.000000000000000000e+00 0.000000000000000000e+00 0.000000000000000000e+00
2.275000000000000000e+03 9.099798886820598121e-02 1.024123805188893906e-03 9.989758761948110966e-01 0.000000000000000000e+00 0.000000000000000000e+00 0.000000000000000000e+00
2.300000000000000000e+03 9.199796676785654270e-02 7.965407373691396923e-04 9.992034592626308775e-01 0.000000000000000000e+00 0.000000000000000000e+00 0.000000000000000000e+00
2.325000000000000000e+03 9.299794466750732624e-02 3.413746017296313199e-04 9.996586253982703285e-01 0.000000000000000000e+00 0.000000000000000000e+00 0.000000000000000000e+00
2.350000000000000000e+03 9.399792256715788774e-02 1.365498406918525280e-03 9.986345015930814251e-01 0.000000000000000000e+00 0.000000000000000000e+00 0.000000000000000000e+00
2.375000000000000000e+03 9.499790046680844924e-02 3.072371415566681717e-03 9.969276285844332897e-01 0.000000000000000000e+00 0.000000000000000000e+00 0.000000000000000000e+00
2.400000000000000000e+03 9.599787836645901073e-02 1.479289940828402332e-03 9.985207100591716456e-01 0.000000000000000000e+00 0.000000000000000000e+00 0.000000000000000000e+00
2.425000000000000000e+03 9.699785626610957223e-02 1.137915339098770958e-03 9.988620846609012061e-01 0.000000000000000000e+00 0.000000000000000000e+00 0.000000000000000000e+00
2.450000000000000000e+03 9.799783416576035577e-02 2.503413746017296455e-03 9.974965862539827421e-01 0.000000000000000000e+00 0.000000000000000000e+00 0.000000000000000000e+00
2.475000000000000000e+03 9.899781206541091727e-02 1.024123805188893906e-03 9.987482931269913156e-01 0.000000000000000000e+00 2.275830678197542133e-04 0.000000000000000000e+00
2.500000000000000000e+03 9.999778996506147877e-02 1.365498406918525280e-03 9.986345015930814251e-01 0.000000000000000000e+00 0.000000000000000000e+00 0.000000000000000000e+00
2.525000000000000000e+03 1.009977678647120403e-01 2.503413746017296455e-03 9.973827947200728516e-01 0.000000000000000000e+00 1.137915339098771066e-04 0.000000000000000000e+00
2.550000000000000000e+03 1.019977457643628238e-01 3.527537551206190360e-03 9.962448793809740577e-01 0.000000000000000000e+00 2.275830678197542133e-04 0.000000000000000000e+00
2.575000000000000000e+03 1.029977236640133853e-01 2.275830678197541916e-03 9.976103777878926326e-01 0.000000000000000000e+00 1.137915339098771066e-04 0.000000000000000000e+00
2.600000000000000000e+03 1.039977015636639468e-01 4.096495220755575623e-03 9.956759217114247162e-01 0.000000000000000000e+00 2.275830678197542133e-04 0.000000000000000000e+00
2.625000000000000000e+03 1.049976794633145083e-01 5.006827492034592909e-03 9.948793809740554828e-01 0.000000000000000000e+00 1.137915339098771066e-04 0.000000000000000000e+00
2.650000000000000000e+03 1.059976573629652918e-01 7.282658170232134826e-03 9.921483841602184439e-01 0.000000000000000000e+00 5.689576695493854790e-04 0.000000000000000000e+00
2.675000000000000000e+03 1.069976352626158533e-01 6.030951297223486815e-03 9.931725079654073474e-01 0.000000000000000000e+00 7.965407373691396923e-04 0.000000000000000000e+00
2.700000000000000000e+03 1.079976131622664148e-01 5.120619025944469528e-03 9.946517979062358128e-01 0.000000000000000000e+00 2.275830678197542133e-04 0.000000000000000000e+00
2.725000000000000000e+03 1.089975910619169763e-01 7.851615839781519654e-03 9.916932180245789930e-01 0.000000000000000000e+00 4.551661356395084266e-04 0.000000000000000000e+00
2.750000000000000000e+03 1.099975689615677599e-01 5.803368229403732710e-03 9.937414656349567998e-01 0.000000000000000000e+00 4.551661356395084266e-04 0.000000000000000000e+00
2.775000000000000000e+03 1.109975468612183214e-01 8.761948111060537808e-03 9.907828857532999800e-01 0.000000000000000000e+00 4.551661356395084266e-04 0.000000000000000000e+00
2.800000000000000000e+03 1.119975247608688829e-01 9.899863450159307465e-03 9.894173873463814051e-01 0.000000000000000000e+00 6.827492034592626399e-04 0.000000000000000000e+00
2.825000000000000000e+03 1.129975026605194444e-01 1.513427401001365448e-02 9.832726445152480954e-01 0.000000000000000000e+00 1.593081474738279385e-03 0.000000000000000000e+00
2.850000000000000000e+03 1.139974805601702279e-01 1.558944014565316269e-02 9.832726445152480954e-01 0.000000000000000000e+00 1.137915339098770958e-03 0.000000000000000000e+00
2.875000000000000000e+03 1.149974584598207894e-01 1.695493855257168905e-02 9.815657715065999600e-01 0.000000000000000000e+00 1.479289940828402332e-03 0.000000000000000000e+00
2.900000000000000000e+03 1.159974363594713509e-01 2.435138825671370050e-02 9.714383249886208160e-01 0.000000000000000000e+00 4.210286754665453109e-03 0.000000000000000000e+00
2.925000000000000000e+03 1.169974142591219124e-01 3.208921256258534527e-02 9.585798816568047442e-01 0.000000000000000000e+00 9.330905780609922637e-03 0.000000000000000000e+00
2.950000000000000000e+03 1.179973921587726959e-01 4.107874374146563284e-02 9.419663177059627301e-01 0.000000000000000000e+00 1.695493855257168905e-02 0.000000000000000000e+00
2.975000000000000000e+03 1.189973700584232574e-01 6.565771506599908658e-02 8.917842512517069054e-01 0.000000000000000000e+00 4.255803368229403583e-02 0.000000000000000000e+00
3.000000000000000000e+03 1.199973479580738189e-01 1.075329995448338627e-01 7.895994538006372299e-01 0.000000000000000000e+00 1.028675466545289074e-01 0.000000000000000000e+00
3.025000000000000000e+03 1.209973258577243804e-01 1.597633136094674666e-01 6.154984069185253093e-01 0.000000000000000000e+00 2.247382794720072796e-01 0.000000000000000000e+00
3.050000000000000000e+03 1.219973037573751640e-01 2.448793809740555383e-01 3.909877105143377274e-01 0.000000000000000000e+00 3.641329085116067343e-01 0.000000000000000000e+00
3.075000000000000000e+03 1.229972816570257255e-01 3.202093764223941652e-01 2.060764679107874309e-01 0.000000000000000000e+00 4.737141556668184039e-01 0.000000000000000000e+00
3.100000000000000000e+03 1.239972595566762870e-01 3.542330450614474269e-01 1.219845243513882627e-01 0.000000000000000000e+00 5.237824305871643382e-01 0.000000000000000000e+00
3.125000000000000000e+03 1.249972374563268485e-01 3.600364132908511761e-01 1.085571233500227523e-01 1.137915339098771066e-04 5.312926718252162228e-01 0.000000000000000000e+00
3.150000000000000000e+03 1.259972153559776320e-01 3.431952662721893255e-01 1.469048702776513393e-01 2.275830678197542133e-04 5.096722803823395820e-01 0.000000000000000000e+00
3.175000000000000000e+03 1.269971932556281935e-01 3.417159763313609711e-01 1.786527082385070686e-01 0.000000000000000000e+00 4.796313154301319881e-01 0.000000000000000000e+00
3.200000000000000000e+03 1.279971711552787550e-01 3.570778334091943562e-01 1.882111970869367323e-01 5.689576695493854790e-04 4.541420118343195145e-01 0.000000000000000000e+00
3.225000000000000000e+03 1.289971490549293165e-01 3.735776058261265353e-01 1.615839781520254925e-01 6.827492034592626399e-04 4.641556668183887124e-01 0.000000000000000000e+00
3.250000000000000000e+03 1.299971269545798780e-01 3.695949021392808120e-01 1.546426945835229771e-01 1.593081474738279385e-03 4.741693218024579104e-01 0.000000000000000000e+00
3.275000000000000000e+03 1.309971048542306615e-01 3.526399635867091265e-01 1.547564861174328676e-01 4.893035958124715423e-03 4.877105143377332697e-01 0.000000000000000000e+00
3.300000000000000000e+03 1.319970827538812230e-01 3.557123350022758368e-01 1.550978607191624836e-01 8.192990441511151245e-03 4.809968138370505075e-01 0.000000000000000000e+00
3.325000000000000000e+03 1.329970606535317845e-01 3.501365498406918686e-01 1.623805188893946427e-01 1.479289940828402289e-02 4.726900318616295005e-01 0.000000000000000000e+00
3.350000000000000000e+03 1.339970385531823460e-01 3.495675921711424716e-01 1.777423759672280279e-01 2.492034592626308706e-02 4.477696859353664238e-01 0.000000000000000000e+00
3.375000000000000000e+03 1.349970164528331296e-01 3.353436504324078249e-01 1.926490669094219343e-01 3.516158397815202785e-02 4.368456986800182129e-01 0.000000000000000000e+00
3.400000000000000000e+03 1.359969943524836911e-01 3.384160218479745352e-01 2.071005917159763343e-01 4.881656804733727761e-02 4.056668183887118806e-01 0.000000000000000000e+00
3.425000000000000000e+03 1.369969722521342526e-01 3.488848429676831842e-01 2.197314519799726806e-01 6.998179335457442585e-02 3.614019116977696955e-01 0.000000000000000000e+00
3.450000000000000000e+03 1.379969501517848141e-01 3.426263086026399840e-01 2.410104688211197055e-01 9.228493400091032639e-02 3.240782885753299980e-01 0.000000000000000000e+00
3.475000000000000000e+03 1.389969280514355976e-01 3.418297678652708060e-01 2.476103777878925771e-01 1.100364132908511622e-01 3.005234410559854408e-01 0.000000000000000000e+00
3.500000000000000000e+03 1.399969059510861591e-01 3.552571688666363303e-01 2.569412835685024876e-01 1.176604460628129234e-01 2.701411015020482309e-01 0.000000000000000000e+00
3.525000000000000000e+03 1.409968838507367206e-01 3.502503413746017036e-01 2.678652708238506985e-01 1.238051888939462886e-01 2.580791989076012816e-01 0.000000000000000000e+00
3.550000000000000000e+03 1.419968617503872821e-01 3.529813381884387979e-01 2.727583067819754348e-01 1.301775147928994070e-01 2.440828402366863881e-01 0.000000000000000000e+00
3.575000000000000000e+03 1.429968396500380656e-01 3.694811106053709771e-01 2.762858443331815961e-01 1.310878470641784199e-01 2.231451979972690070e-01 0.000000000000000000e+00
3.600000000000000000e+03 1.439968175496886271e-01 3.716431497496586189e-01 2.792444242148384159e-01 1.467910787437414766e-01 2.023213472917614886e-01 0.000000000000000000e+00
3.625000000000000000e+03 1.449967954493391886e-01 3.895084205735093175e-01 2.914201183431952558e-01 1.552116522530723741e-01 1.638598088302230249e-01 0.000000000000000000e+00
3.650000000000000000e+03 1.459967733489897501e-01 3.874601729631315661e-01 3.080336822940373254e-01 1.727355484751934567e-01 1.317705962676376796e-01 0.000000000000000000e+00
3.675000000000000000e+03 1.469967512486405337e-01 3.868912152935821691e-01 3.179335457441966328e-01 1.827492034592626269e-01 1.124260355029585851e-01 0.000000000000000000e+00
3.700000000000000000e+03 1.479967291482910952e-01 3.900773782430587144e-01 3.269230769230769273e-01 1.844560764679107900e-01 9.854346836595356818e-02 0.000000000000000000e+00
3.725000000000000000e+03 1.489967070479416567e-01 3.925807919890760278e-01 3.291989076012744597e-01 1.842284934000910368e-01 9.399180700955848955e-02 0.000000000000000000e+00
3.750000000000000000e+03 1.499966849475922182e-01 4.031634046426945672e-01 3.274920345926263243e-01 1.838871187983613931e-01 8.545744196631770151e-02 0.000000000000000000e+00
3.775000000000000000e+03 1.509966628472430017e-01 4.048702776513427581e-01 3.246472462448793950e-01 1.866181156121984597e-01 8.386436049157942885e-02 0.000000000000000000e+00
3.800000000000000000e+03 1.519966407468935632e-01 4.121529358215748617e-01 3.244196631770596140e-01 1.888939462903959920e-01 7.453345471096950448e-02 0.000000000000000000e+00
3.825000000000000000e+03 1.529966186465441247e-01 4.107874374146563423e-01 3.249886208466090110e-01 1.899180700955848955e-01 7.430587164314975124e-02 0.000000000000000000e+00
3.850000000000000000e+03 1.539965965461946862e-01 4.078288575329995225e-01 3.328402366863905115e-01 1.871870732817478289e-01 7.214383249886208160e-02 0.000000000000000000e+00
3.875000000000000000e+03 1.549965744458454697e-01 4.030496131087847322e-01 3.378470641784251383e-01 1.950386891215293572e-01 6.406463359126081392e-02 0.000000000000000000e+00
3.900000000000000000e+03 1.559965523454960312e-01 4.072598998634501810e-01 3.371643149749658508e-01 1.964041875284478766e-01 5.917159763313609155e-02 0.000000000000000000e+00
3.925000000000000000e+03 1.569965302451465927e-01 4.044151115157032517e-01 3.408056440600819026e-01 2.058488848429676776e-01 4.893035958124715423e-02 0.000000000000000000e+00
3.950000000000000000e+03 1.579965081447971542e-01 4.086253982703687004e-01 3.405780609922621771e-01 2.061902594446973214e-01 4.460628129267182190e-02 0.000000000000000000e+00
3.975000000000000000e+03 1.589964860444479378e-01 4.012289485662266508e-01 3.433090578060992160e-01 2.092626308602640040e-01 4.619936276741010150e-02 0.000000000000000000e+00
4.000000000000000000e+03 1.599964639440984993e-01 4.016841147018661573e-01 3.444469731451980099e-01 2.091488393263541135e-01 4.472007282658170546e-02 0.000000000000000000e+00
4.025000000000000000e+03 1.609964418437490608e-01 3.907601274465180019e-01 3.608329540282202985e-01 2.069868001820664438e-01 4.142011834319526964e-02 0.000000000000000000e+00
4.050000000000000000e+03 1.619964197433996222e-01 3.887118798361401950e-01 3.651570323167956378e-01 2.100591715976331264e-01 3.607191624943104080e-02 0.000000000000000000e+00
4.075000000000000000e+03 1.629963976430501837e-01 3.867774237596722786e-01 3.664087391898042667e-01 2.144970414201183562e-01 3.231679563040509851e-02 0.000000000000000000e+00
4.100000000000000000e+03 1.639963755427009673e-01 3.769913518434228616e-01 3.732362312243969193e-01 2.131315430131998090e-01 3.664087391898043083e-02 0.000000000000000000e+00
4.125000000000000000e+03 1.649963534423515288e-01 3.718707328174783999e-01 3.806326809285389134e-01 2.170004551661356418e-01 3.049613108784706567e-02 0.000000000000000000e+00
4.150000000000000000e+03 1.659963313420020903e-01 3.634501593081474469e-01 3.835912608101957333e-01 2.188211197086936677e-01 3.413746017296313134e-02 0.000000000000000000e+00
4.175000000000000000e+03 1.669963092416526518e-01 3.668639053254437732e-01 3.840464269458352398e-01 2.181383705052344080e-01 3.095129722348657214e-02 0.000000000000000000e+00
4.200000000000000000e+03 1.679962871413034353e-01 3.631087847064178309e-01 3.898497951752389890e-01 2.184797451069640517e-01 2.856167501137915274e-02 0.000000000000000000e+00
4.225000000000000000e+03 1.689962650409539968e-01 3.598088302230313951e-01 3.915566681838871244e-01 2.255348202093764298e-01 2.309968138370505075e-02 0.000000000000000000e+00
4.250000000000000000e+03 1.699962429406045583e-01 3.537778789258079204e-01 3.946290395994537792e-01 2.255348202093764298e-01 2.605826126536185672e-02 0.000000000000000000e+00
4.275000000000000000e+03 1.709962208402551198e-01 3.563950842057350687e-01 3.921256258534365213e-01 2.255348202093764298e-01 2.594446973145198010e-02 0.000000000000000000e+00
4.300000000000000000e+03 1.719961987399059034e-01 3.520710059171597850e-01 3.997496586253982964e-01 2.210969503868912278e-01 2.708238507055074976e-02 0.000000000000000000e+00
4.325000000000000000e+03 1.729961766395564648e-01 3.521847974510696200e-01 3.991807009558488994e-01 2.231451979972690070e-01 2.548930359581247015e-02 0.000000000000000000e+00
4.350000000000000000e+03 1.739961545392070263e-01 3.525261720527992915e-01 3.994082840236686249e-01 2.242831133363677731e-01 2.378243058716431393e-02 0.000000000000000000e+00
4.375000000000000000e+03 1.749961324388575878e-01 3.468365953573054328e-01 4.002048247610378029e-01 2.295175238962221254e-01 2.344105598543468408e-02 0.000000000000000000e+00
4.400000000000000000e+03 1.759961103385083714e-01 3.510468821119708815e-01 3.989531178880291185e-01 2.291761492944924816e-01 2.071005917159763482e-02 1.137915339098771066e-04
4.425000000000000000e+03 1.769960882381589329e-01 3.480883022303140617e-01 3.967910787437414766e-01 2.325898953117888079e-01 2.253072371415566766e-02 0.000000000000000000e+00
4.450000000000000000e+03 1.779960661378094944e-01 3.405780609922621771e-01 3.988393263541192280e-01 2.398725534820209393e-01 2.071005917159763482e-02 0.000000000000000000e+00
4.475000000000000000e+03 1.789960440374600559e-01 3.418297678652708060e-01 3.944014565316340537e-01 2.420345926263086089e-01 2.173418297678652786e-02 0.000000000000000000e+00
4.500000000000000000e+03 1.799960219371108394e-01 3.377332726445152478e-01 3.946290395994537792e-01 2.473827947200728239e-01 2.025489303595812488e-02 0.000000000000000000e+00
4.525000000000000000e+03 1.809959998367614009e-01 3.377332726445152478e-01 3.936049157942649313e-01 2.468138370505234547e-01 2.184797451069640448e-02 0.000000000000000000e+00
4.550000000000000000e+03 1.819959777364119624e-01 3.311333636777423761e-01 3.974738279472007085e-01 2.478379608557123304e-01 2.355484751934456070e-02 0.000000000000000000e+00
4.575000000000000000e+03 1.829959556360625239e-01 3.326126536185707860e-01 3.970186618115612021e-01 2.510241238051889034e-01 1.934456076467910846e-02 0.000000000000000000e+00
4.600000000000000000e+03 1.839959335357133074e-01 3.318161128812016636e-01 3.945152480655439442e-01 2.555757851615839682e-01 1.809285389167045871e-02 0.000000000000000000e+00
4.625000000000000000e+03 1.849959114353638689e-01 3.287437414656349532e-01 4.013427401001365413e-01 2.509103322712790130e-01 1.900318616294947513e-02 0.000000000000000000e+00
4.650000000000000000e+03 1.859958893350144304e-01 3.223714155666818626e-01 4.048702776513427581e-01 2.560309512972234747e-01 1.672735548475193582e-02 0.000000000000000000e+00
4.675000000000000000e+03 1.869958672346649919e-01 3.186162949476559203e-01 4.040737369139735802e-01 2.602412380518889234e-01 1.706873008648156567e-02 0.000000000000000000e+00
4.700000000000000000e+03 1.879958451343157755e-01 3.199817933545744397e-01 4.063495675921711681e-01 2.567137005006827621e-01 1.695493855257168905e-02 0.000000000000000000e+00
4.725000000000000000e+03 1.889958230339663370e-01 3.231679563040509851e-01 4.037323623122439642e-01 2.535275375512062168e-01 1.957214383249886169e-02 0.000000000000000000e+00
4.750000000000000000e+03 1.899958009336168985e-01 3.171370050068275104e-01 4.105598543468366168e-01 2.558033682294037492e-01 1.649977241693217911e-02 0.000000000000000000e+00
4.775000000000000000e+03 1.909957788332674600e-01 3.216886663632225751e-01 4.054392353208920996e-01 2.548930359581247362e-01 1.797906235776058209e-02 0.000000000000000000e+00
4.800000000000000000e+03 1.919957567329182435e-01 3.133818843878015681e-01 4.083978152025489194e-01 2.597860719162494170e-01 1.843422849340009204e-02 0.000000000000000000e+00
4.825000000000000000e+03 1.929957346325688050e-01 3.155439235320892100e-01 4.112426035502958488e-01 2.542102867546654488e-01 1.900318616294947513e-02 0.000000000000000000e+00
4.850000000000000000e+03 1.939957125322193665e-01 3.117888029130632677e-01 4.122667273554847522e-01 2.580791989076012816e-01 1.786527082385070547e-02 0.000000000000000000e+00
4.875000000000000000e+03 1.949956904318699280e-01 3.112198452435138707e-01 4.085116067364588099e-01 2.594446973145198010e-01 2.082385070550751144e-02 0.000000000000000000e+00
4.900000000000000000e+03 1.959956683315204895e-01 3.182749203459262488e-01 4.072598998634501810e-01 2.563723258989530907e-01 1.809285389167045871e-02 0.000000000000000000e+00
4.925000000000000000e+03 1.969956462311712730e-01 3.174783796085571264e-01 4.066909421939007840e-01 2.584205735093308975e-01 1.741010468821119553e-02 0.000000000000000000e+00
4.950000000000000000e+03 1.979956241308218345e-01 3.126991351843422806e-01 4.105598543468366168e-01 2.585343650432407880e-01 1.820664542558033533e-02 0.000000000000000000e+00
4.975000000000000000e+03 1.989956020304723960e-01 3.132680928538916776e-01 4.151115157032316816e-01 2.544378698224852298e-01 1.718252162039144229e-02 0.000000000000000000e+00
5.000000000000000000e+03 1.999955799301229575e-01 3.060992262175694090e-01 4.203459262630860338e-01 2.540964952207555583e-01 1.945835229858898507e-02 0.000000000000000000e+00
5.025000000000000000e+03 2.009955578297737411e-01 3.053026854802002865e-01 4.209148839326354308e-01 2.562585343650432557e-01 1.752389622212107562e-02 0.000000000000000000e+00
5.050000000000000000e+03 2.019955357294243026e-01 2.994993172507965373e-01 4.241010468821119761e-01 2.594446973145198010e-01 1.695493855257168905e-02 0.000000000000000000e+00
5.075000000000000000e+03 2.029955136290748641e-01 2.938097405553026786e-01 4.299044151115157253e-01 2.587619481110605135e-01 1.752389622212107562e-02 0.000000000000000000e+00
5.100000000000000000e+03 2.039954915287254256e-01 2.891442876649977234e-01 4.335457441966317771e-01 2.587619481110605135e-01 1.854802002730996865e-02 0.000000000000000000e+00
5.125000000000000000e+03 2.049954694283762091e-01 2.914201183431952558e-01 4.357077833409194190e-01 2.551206190259444617e-01 1.775147928994082885e-02 0.000000000000000000e+00
5.150000000000000000e+03 2.059954473280267706e-01 2.906235776058261333e-01 4.409421939007737712e-01 2.494310423304506030e-01 1.900318616294947513e-02 0.000000000000000000e+00
5.175000000000000000e+03 2.069954252276773321e-01 2.829995448338643582e-01 4.512972234865725851e-01 2.513654984069185194e-01 1.433773327264451468e-02 0.000000000000000000e+00
5.200000000000000000e+03 2.079954031273278936e-01 2.827719617660446327e-01 4.539144287664997890e-01 2.510241238051889034e-01 1.228948566226672687e-02 0.000000000000000000e+00
5.225000000000000000e+03 2.089953810269786771e-01 2.823167956304050707e-01 4.551661356395084179e-01 2.489758761948110966e-01 1.354119253527537488e-02 0.000000000000000000e+00
5.250000000000000000e+03 2.099953589266292386e-01 2.810650887573964418e-01 4.558488848429677054e-01 2.504551661356395065e-01 1.263086026399635846e-02 0.000000000000000000e+00
5.275000000000000000e+03 2.109953368262798001e-01 2.775375512061902805e-01 4.592626308602639762e-01 2.504551661356395065e-01 1.274465179790623508e-02 0.000000000000000000e+00
5.300000000000000000e+03 2.119953147259303616e-01 2.721893491124260378e-01 4.624487938097405770e-01 2.487482931269913433e-01 1.661356395084205573e-02 0.000000000000000000e+00
5.325000000000000000e+03 2.129952926255811452e-01 2.746927628584433512e-01 4.640418752844788219e-01 2.484069185252617273e-01 1.285844333181611343e-02 0.000000000000000000e+00
5.350000000000000000e+03 2.139952705252317067e-01 2.696859353664087244e-01 4.701866181156121871e-01 2.470414201183432079e-01 1.308602639963586667e-02 0.000000000000000000e+00
5.375000000000000000e+03 2.149952484248822682e-01 2.712790168411470249e-01 4.700728265817022966e-01 2.459035047792444140e-01 1.274465179790623508e-02 0.000000000000000000e+00
5.400000000000000000e+03 2.159952263245328297e-01 2.688893946290396020e-01 4.730314064633591165e-01 2.451069640418752915e-01 1.297223486572599005e-02 0.000000000000000000e+00
5.425000000000000000e+03 2.169952042241836132e-01 2.730996813837050508e-01 4.730314064633591165e-01 2.388484296768320359e-01 1.502048247610377786e-02 0.000000000000000000e+00
5.450000000000000000e+03 2.179951821238341747e-01 2.723031406463359283e-01 4.751934456076468138e-01 2.357760582612653533e-01 1.672735548475193582e-02 0.000000000000000000e+00
5.475000000000000000e+03 2.189951600234847362e-01 2.794720072826581969e-01 4.756486117432863203e-01 2.319071461083295482e-01 1.297223486572599005e-02 0.000000000000000000e+00
5.500000000000000000e+03 2.199951379231352977e-01 2.753755120619025831e-01 4.782658170232134687e-01 2.331588529813381772e-01 1.319981793354574502e-02 0.000000000000000000e+00
5.525000000000000000e+03 2.209951158227860812e-01 2.704824761037779024e-01 4.889622212107418986e-01 2.316795630405097950e-01 8.875739644970414427e-03 0.000000000000000000e+00
5.550000000000000000e+03 2.219950937224366427e-01 2.719617660446062568e-01 4.911242603550295960e-01 2.264451524806554428e-01 1.046882111970869403e-02 0.000000000000000000e+00
5.575000000000000000e+03 2.229950716220872042e-01 2.696859353664087244e-01 4.939690487027765253e-01 2.234865725989986229e-01 1.285844333181611343e-02 0.000000000000000000e+00
5.600000000000000000e+03 2.239950495217377657e-01 2.716203914428766408e-01 4.928311333636777314e-01 2.241693218024579104e-01 1.137915339098771045e-02 0.000000000000000000e+00
5.625000000000000000e+03 2.249950274213885493e-01 2.666135639508420696e-01 4.963586709148839482e-01 2.210969503868912278e-01 1.593081474738279601e-02 0.000000000000000000e+00
5.650000000000000000e+03 2.259950053210391108e-01 2.701411015020482309e-01 4.968138370505234547e-01 2.200728265817023244e-01 1.297223486572599005e-02 0.000000000000000000e+00
5.675000000000000000e+03 2.269949832206896723e-01 2.753755120619025831e-01 4.945380063723259223e-01 2.174556213017751483e-01 1.263086026399635846e-02 0.000000000000000000e+00
