# itime ezz other fcc hcp bcc ico
0.000000000000000000e+00 0.000000000000000000e+00 0.000000000000000000e+00 1.000000000000000000e+00 0.000000000000000000e+00 0.000000000000000000e+00 0.000000000000000000e+00
2.500000000000000000e+01 9.999880513043013508e-04 0.000000000000000000e+00 1.000000000000000000e+00 0.000000000000000000e+00 0.000000000000000000e+00 0.000000000000000000e+00
5.000000000000000000e+01 1.999976102608602702e-03 0.000000000000000000e+00 1.000000000000000000e+00 0.000000000000000000e+00 0.000000000000000000e+00 0.000000000000000000e+00
7.500000000000000000e+01 2.999964153912904052e-03 0.000000000000000000e+00 1.000000000000000000e+00 0.000000000000000000e+00 0.000000000000000000e+00 0.000000000000000000e+00
1.000000000000000000e+02 3.999952205217205403e-03 0.000000000000000000e+00 1.000000000000000000e+00 0.000000000000000000e+00 0.000000000000000000e+00 0.000000000000000000e+00
1.250000000000000000e+02 4.999940256521284709e-03 0.000000000000000000e+00 1.000000000000000000e+00 0.000000000000000000e+00 0.000000000000000000e+00 0.000000000000000000e+00
1.500000000000000000e+02 5.999928307825586060e-03 0.000000000000000000e+00 1.000000000000000000e+00 0.000000000000000000e+00 0.000000000000000000e+00 0.000000000000000000e+00
1.750000000000000000e+02 6.999916359129887411e-03 0.000000000000000000e+00 1.000000000000000000e+00 0.000000000000000000e+00 0.000000000000000000e+00 0.000000000000000000e+00
2.000000000000000000e+02 7.999904410434188762e-03 0.000000000000000000e+00 1.000000000000000000e+00 0.000000000000000000e+00 0.000000000000000000e+00 0.000000000000000000e+00
2.250000000000000000e+02 8.999892461738490113e-03 0.000000000000000000e+00 1.000000000000000000e+00 0.000000000000000000e+00 0.000000000000000000e+00 0.000000000000000000e+00
2.500000000000000000e+02 9.999880513042791463e-03 0.000000000000000000e+00 1.000000000000000000e+00 0.000000000000000000e+00 0.000000000000000000e+00 0.000000000000000000e+00
2.750000000000000000e+02 1.099986856434709281e-02 0.000000000000000000e+00 1.000000000000000000e+00 0.000000000000000000e+00 0.000000000000000000e+00 0.000000000000000000e+00
3.000000000000000000e+02 1.199985661565139416e-02 0.000000000000000000e+00 1.000000000000000000e+00 0.000000000000000000e+00 0.000000000000000000e+00 0.000000000000000000e+00
3.250000000000000000e+02 1.299984466695569552e-02 0.000000000000000000e+00 1.000000000000000000e+00 0.000000000000000000e+00 0.000000000000000000e+00 0.000000000000000000e+00
3.500000000000000000e+02 1.399983271825977482e-02 0.000000000000000000e+00 1.000000000000000000e+00 0.000000000000000000e+00 0.000000000000000000e+00 0.000000000000000000e+00
3.750000000000000000e+02 1.499982076956407617e-02 0.000000000000000000e+00 1.000000000000000000e+00 0.000000000000000000e+00 0.000000000000000000e+00 0.000000000000000000e+00
4.000000000000000000e+02 1.599980882086837752e-02 0.000000000000000000e+00 1.000000000000000000e+00 0.000000000000000000e+00 0.000000000000000000e+00 0.000000000000000000e+00
4.250000000000000000e+02 1.699979687217267887e-02 0.000000000000000000e+00 1.000000000000000000e+00 0.000000000000000000e+00 0.000000000000000000e+00 0.000000000000000000e+00
4.500000000000000000e+02 1.799978492347698023e-02 0.000000000000000000e+00 1.000000000000000000e+00 0.000000000000000000e+00 0.000000000000000000e+00 0.000000000000000000e+00
4.750000000000000000e+02 1.899977297478128158e-02 0.000000000000000000e+00 1.000000000000000000e+00 0.000000000000000000e+00 0.000000000000000000e+00 0.000000000000000000e+00
5.000000000000000000e+02 1.999976102608558293e-02 0.000000000000000000e+00 1.000000000000000000e+00 0.000000000000000000e+00 0.000000000000000000e+00 0.000000000000000000e+00
5.250000000000000000e+02 2.099974907738988428e-02 0.000000000000000000e+00 1.000000000000000000e+00 0.000000000000000000e+00 0.000000000000000000e+00 0.000000000000000000e+00
5.500000000000000000e+02 2.199973712869418563e-02 0.000000000000000000e+00 1.000000000000000000e+00 0.000000000000000000e+00 0.000000000000000000e+00 0.000000000000000000e+00
5.750000000000000000e+02 2.299972517999826493e-02 0.000000000000000000e+00 1.000000000000000000e+00 0.000000000000000000e+00 0.000000000000000000e+00 0.000000000000000000e+00
6.000000000000000000e+02 2.399971323130256629e-02 0.000000000000000000e+00 1.000000000000000000e+00 0.000000000000000000e+00 0.000000000000000000e+00 0.000000000000000000e+00
6.250000000000000000e+02 2.499970128260686764e-02 0.000000000000000000e+00 1.000000000000000000e+00 0.000000000000000000e+00 0.000000000000000000e+00 0.000000000000000000e+00
6.500000000000000000e+02 2.599968933391116899e-02 0.000000000000000000e+00 1.000000000000000000e+00 0.000000000000000000e+00 0.000000000000000000e+00 0.000000000000000000e+00
6.750000000000000000e+02 2.699967738521547034e-02 0.000000000000000000e+00 1.000000000000000000e+00 0.000000000000000000e+00 0.000000000000000000e+00 0.000000000000000000e+00
7.000000000000000000e+02 2.799966543651977169e-02 0.000000000000000000e+00 1.000000000000000000e+00 0.000000000000000000e+00 0.000000000000000000e+00 0.000000000000000000e+00
7.250000000000000000e+02 2.899965348782407304e-02 0.000000000000000000e+00 1.000000000000000000e+00 0.000000000000000000e+00 0.000000000000000000e+00 0.000000000000000000e+00
7.500000000000000000e+02 2.999964153912837439e-02 0.000000000000000000e+00 1.000000000000000000e+00 0.000000000000000000e+00 0.000000000000000000e+00 0.000000000000000000e+00
7.750000000000000000e+02 3.099962959043267574e-02 0.000000000000000000e+00 1.000000000000000000e+00 0.000000000000000000e+00 0.000000000000000000e+00 0.000000000000000000e+00
8.000000000000000000e+02 3.199961764173675505e-02 0.000000000000000000e+00 1.000000000000000000e+00 0.000000000000000000e+00 0.000000000000000000e+00 0.000000000000000000e+00
8.250000000000000000e+02 3.299960569304105640e-02 0.000000000000000000e+00 1.000000000000000000e+00 0.000000000000000000e+00 0.000000000000000000e+00 0.000000000000000000e+00
8.500000000000000000e+02 3.399959374434535775e-02 0.000000000000000000e+00 1.000000000000000000e+00 0.000000000000000000e+00 0.000000000000000000e+00 0.000000000000000000e+00
8.750000000000000000e+02 3.499958179564965910e-02 0.000000000000000000e+00 1.000000000000000000e+00 0.000000000000000000e+00 0.000000000000000000e+00 0.000000000000000000e+00
9.000000000000000000e+02 3.599956984695396045e-02 0.000000000000000000e+00 1.000000000000000000e+00 0.000000000000000000e+00 0.000000000000000000e+00 0.000000000000000000e+00
9.250000000000000000e+02 3.699955789825826180e-02 0.000000000000000000e+00 1.000000000000000000e+00 0.000000000000000000e+00 0.000000000000000000e+00 0.000000000000000000e+00
9.500000000000000000e+02 3.799954594956256315e-02 0.000000000000000000e+00 1.000000000000000000e+00 0.000000000000000000e+00 0.000000000000000000e+00 0.000000000000000000e+00
9.750000000000000000e+02 3.899953400086686450e-02 0.000000000000000000e+00 1.000000000000000000e+00 0.000000000000000000e+00 0.000000000000000000e+00 0.000000000000000000e+00
1.000000000000000000e+03 3.999952205217116585e-02 0.000000000000000000e+00 1.000000000000000000e+00 0.000000000000000000e+00 0.000000000000000000e+00 0.000000000000000000e+00
1.025000000000000000e+03 4.099951010347524516e-02 0.000000000000000000e+00 1.000000000000000000e+00 0.000000000000000000e+00 0.000000000000000000e+00 0.000000000000000000e+00
1.050000000000000000e+03 4.199949815477954651e-02 0.000000000000000000e+00 1.000000000000000000e+00 0.000000000000000000e+00 0.000000000000000000e+00 0.000000000000000000e+00
1.075000000000000000e+03 4.299948620608384786e-02 0.000000000000000000e+00 1.000000000000000000e+00 0.000000000000000000e+00 0.000000000000000000e+00 0.000000000000000000e+00
1.100000000000000000e+03 4.399947425738814921e-02 0.000000000000000000e+00 1.000000000000000000e+00 0.000000000000000000e+00 0.000000000000000000e+00 0.000000000000000000e+00
1.125000000000000000e+03 4.499946230869245056e-02 0.000000000000000000e+00 1.000000000000000000e+00 0.000000000000000000e+00 0.000000000000000000e+00 0.000000000000000000e+00
1.150000000000000000e+03 4.599945035999675191e-02 0.000000000000000000e+00 1.000000000000000000e+00 0.000000000000000000e+00 0.000000000000000000e+00 0.000000000000000000e+00
1.175000000000000000e+03 4.699943841130105326e-02 0.000000000000000000e+00 1.000000000000000000e+00 0.000000000000000000e+00 0.000000000000000000e+00 0.000000000000000000e+00
1.200000000000000000e+03 4.799942646260535462e-02 0.000000000000000000e+00 1.000000000000000000e+00 0.000000000000000000e+00 0.000000000000000000e+00 0.000000000000000000e+00
1.225000000000000000e+03 4.899941451390965597e-02 0.000000000000000000e+00 1.000000000000000000e+00 0.000000000000000000e+00 0.000000000000000000e+00 0.000000000000000000e+00
1.250000000000000000e+03 4.999940256521373527e-02 0.000000000000000000e+00 1.000000000000000000e+00 0.000000000000000000e+00 0.000000000000000000e+00 0.000000000000000000e+00
1.275000000000000000e+03 5.099939061651803662e-02 0.000000000000000000e+00 1.000000000000000000e+00 0.000000000000000000e+00 0.000000000000000000e+00 0.000000000000000000e+00
1.300000000000000000e+03 5.199937866782233797e-02 0.000000000000000000e+00 1.000000000000000000e+00 0.000000000000000000e+00 0.000000000000000000e+00 0.000000000000000000e+00
1.325000000000000000e+03 5.299936671912663932e-02 0.000000000000000000e+00 1.000000000000000000e+00 0.000000000000000000e+00 0.000000000000000000e+00 0.000000000000000000e+00
1.350000000000000000e+03 5.399935477043094068e-02 0.000000000000000000e+00 1.000000000000000000e+00 0.000000000000000000e+00 0.000000000000000000e+00 0.000000000000000000e+00
1.375000000000000000e+03 5.499934282173524203e-02 0.000000000000000000e+00 1.000000000000000000e+00 0.000000000000000000e+00 0.000000000000000000e+00 0.000000000000000000e+00
1.400000000000000000e+03 5.599933087303954338e-02 0.000000000000000000e+00 1.000000000000000000e+00 0.000000000000000000e+00 0.000000000000000000e+00 0.000000000000000000e+00
1.425000000000000000e+03 5.699931892434384473e-02 4.551661356395084266e-04 9.995448338643604380e-01 0.000000000000000000e+00 0.000000000000000000e+00 0.000000000000000000e+00
1.450000000000000000e+03 5.799930697564814608e-02 0.000000000000000000e+00 1.000000000000000000e+00 0.000000000000000000e+00 0.000000000000000000e+00 0.000000000000000000e+00
1.475000000000000000e+03 5.899929502695222538e-02 0.000000000000000000e+00 1.000000000000000000e+00 0.000000000000000000e+00 0.000000000000000000e+00 0.000000000000000000e+00
1.500000000000000000e+03 5.999928307825652674e-02 0.000000000000000000e+00 1.000000000000000000e+00 0.000000000000000000e+00 0.000000000000000000e+00 0.000000000000000000e+00
1.525000000000000000e+03 6.099927112956082809e-02 0.000000000000000000e+00 1.000000000000000000e+00 0.000000000000000000e+00 0.000000000000000000e+00 0.000000000000000000e+00
1.550000000000000000e+03 6.199925918086512944e-02 4.551661356395084266e-04 9.995448338643604380e-01 0.000000000000000000e+00 0.000000000000000000e+00 0.000000000000000000e+00
1.575000000000000000e+03 6.299924723216943079e-02 0.000000000000000000e+00 1.000000000000000000e+00 0.000000000000000000e+00 0.000000000000000000e+00 0.000000000000000000e+00
1.600000000000000000e+03 6.399923528347373214e-02 0.000000000000000000e+00 1.000000000000000000e+00 0.000000000000000000e+00 0.000000000000000000e+00 0.000000000000000000e+00
1.625000000000000000e+03 6.499922333477803349e-02 0.000000000000000000e+00 1.000000000000000000e+00 0.000000000000000000e+00 0.000000000000000000e+00 0.000000000000000000e+00
1.650000000000000000e+03 6.599921138608233484e-02 0.000000000000000000e+00 1.000000000000000000e+00 0.000000000000000000e+00 0.000000000000000000e+00 0.000000000000000000e+00
1.675000000000000000e+03 6.699919943738663619e-02 0.000000000000000000e+00 1.000000000000000000e+00 0.000000000000000000e+00 0.000000000000000000e+00 0.000000000000000000e+00
1.700000000000000000e+03 6.799918748869071550e-02 0.000000000000000000e+00 1.000000000000000000e+00 0.000000000000000000e+00 0.000000000000000000e+00 0.000000000000000000e+00
1.725000000000000000e+03 6.899917553999501685e-02 2.275830678197542133e-04 9.997724169321802190e-01 0.000000000000000000e+00 0.000000000000000000e+00 0.000000000000000000e+00
1.750000000000000000e+03 6.999916359129931820e-02 0.000000000000000000e+00 1.000000000000000000e+00 0.000000000000000000e+00 0.000000000000000000e+00 0.000000000000000000e+00
1.775000000000000000e+03 7.099915164260361955e-02 0.000000000000000000e+00 1.000000000000000000e+00 0.000000000000000000e+00 0.000000000000000000e+00 0.000000000000000000e+00
1.800000000000000000e+03 7.199913969390792090e-02 3.413746017296313199e-04 9.996586253982703285e-01 0.000000000000000000e+00 0.000000000000000000e+00 0.000000000000000000e+00
1.825000000000000000e+03 7.299912774521222225e-02 0.000000000000000000e+00 1.000000000000000000e+00 0.000000000000000000e+00 0.000000000000000000e+00 0.000000000000000000e+00
1.850000000000000000e+03 7.399911579651652360e-02 0.000000000000000000e+00 1.000000000000000000e+00 0.000000000000000000e+00 0.000000000000000000e+00 0.000000000000000000e+00
1.875000000000000000e+03 7.499910384782082495e-02 1.137915339098771066e-04 9.998862084660901095e-01 0.000000000000000000e+00 0.000000000000000000e+00 0.000000000000000000e+00
1.900000000000000000e+03 7.599909189912512630e-02 0.000000000000000000e+00 1.000000000000000000e+00 0.000000000000000000e+00 0.000000000000000000e+00 0.000000000000000000e+00
1.925000000000000000e+03 7.699907995042920561e-02 0.000000000000000000e+00 1.000000000000000000e+00 0.000000000000000000e+00 0.000000000000000000e+00 0.000000000000000000e+00
1.950000000000000000e+03 7.799906800173350696e-02 2.275830678197542133e-04 9.997724169321802190e-01 0.000000000000000000e+00 0.000000000000000000e+00 0.000000000000000000e+00
1.975000000000000000e+03 7.899905605303780831e-02 9.103322712790168532e-04 9.990896677287209870e-01 0.000000000000000000e+00 0.000000000000000000e+00 0.000000000000000000e+00
2.000000000000000000e+03 7.999904410434210966e-02 0.000000000000000000e+00 1.000000000000000000e+00 0.000000000000000000e+00 0.000000000000000000e+00 0.000000000000000000e+00
2.025000000000000000e+03 8.099903215564641101e-02 5.689576695493854790e-04 9.992034592626308775e-01 0.000000000000000000e+00 2.275830678197542133e-04 0.000000000000000000e+00
2.050000000000000000e+03 8.199902020695071236e-02 3.413746017296313199e-04 9.995448338643604380e-01 0.000000000000000000e+00 1.137915339098771066e-04 0.000000000000000000e+00
2.075000000000000000e+03 8.299900825825501371e-02 4.551661356395084266e-04 9.995448338643604380e-01 0.000000000000000000e+00 0.000000000000000000e+00 0.000000000000000000e+00
2.100000000000000000e+03 8.399899630955931507e-02 0.000000000000000000e+00 1.000000000000000000e+00 0.000000000000000000e+00 0.000000000000000000e+00 0.000000000000000000e+00
2.125000000000000000e+03 8.499898436086361642e-02 0.000000000000000000e+00 1.000000000000000000e+00 0.000000000000000000e+00 0.000000000000000000e+00 0.000000000000000000e+00
2.150000000000000000e+03 8.599897241216769572e-02 1.251706873008648227e-03 9.987482931269913156e-01 0.000000000000000000e+00 0.000000000000000000e+00 0.000000000000000000e+00
2.175000000000000000e+03 8.699896046347199707e-02 1.137915339098771066e-04 9.998862084660901095e-01 0.000000000000000000e+00 0.000000000000000000e+00 0.000000000000000000e+00
2.200000000000000000e+03 8.799894851477629842e-02 4.551661356395084266e-04 9.995448338643604380e-01 0.000000000000000000e+00 0.000000000000000000e+00 0.000000000000000000e+00
2.225000000000000000e+03 8.899893656608059977e-02 6.827492034592626399e-04 9.993172507965407680e-01 0.000000000000000000e+00 0.000000000000000000e+00 0.000000000000000000e+00
2.250000000000000000e+03 8.999892461738490113e-02 4.551661356395084266e-04 9.995448338643604380e-01 0.000000000000000000e+00 0.000000000000000000e+00 0.000000000000000000e+00
2.275000000000000000e+03 9.099891266868920248e-02 0.000000000000000000e+00 1.000000000000000000e+00 0.000000000000000000e+00 0.000000000000000000e+00 0.000000000000000000e+00
2.300000000000000000e+03 9.199890071999350383e-02 5.689576695493854790e-04 9.994310423304506585e-01 0.000000000000000000e+00 0.000000000000000000e+00 0.000000000000000000e+00
2.325000000000000000e+03 9.299888877129780518e-02 5.689576695493854790e-04 9.994310423304506585e-01 0.000000000000000000e+00 0.000000000000000000e+00 0.000000000000000000e+00
2.350000000000000000e+03 9.399887682260210653e-02 1.479289940828402332e-03 9.985207100591716456e-01 0.000000000000000000e+00 0.000000000000000000e+00 0.000000000000000000e+00
2.375000000000000000e+03 9.499886487390618584e-02 1.365498406918525280e-03 9.984069185252617551e-01 0.000000000000000000e+00 2.275830678197542133e-04 0.000000000000000000e+00
2.400000000000000000e+03 9.599885292521048719e-02 2.389622212107419402e-03 9.976103777878926326e-01 0.000000000000000000e+00 0.000000000000000000e+00 0.000000000000000000e+00
2.425000000000000000e+03 9.699884097651478854e-02 1.137915339098770958e-03 9.988620846609012061e-01 0.000000000000000000e+00 0.000000000000000000e+00 0.000000000000000000e+00
2.450000000000000000e+03 9.799882902781908989e-02 9.103322712790168532e-04 9.990896677287209870e-01 0.000000000000000000e+00 0.000000000000000000e+00 0.000000000000000000e+00
2.475000000000000000e+03 9.899881707912339124e-02 1.024123805188893906e-03 9.989758761948110966e-01 0.000000000000000000e+00 0.000000000000000000e+00 0.000000000000000000e+00
2.500000000000000000e+03 9.999880513042769259e-02 2.958579881656804664e-03 9.969276285844332897e-01 0.000000000000000000e+00 1.137915339098771066e-04 0.000000000000000000e+00
2.525000000000000000e+03 1.009987931817319939e-01 3.072371415566681717e-03 9.968138370505233992e-01 0.000000000000000000e+00 1.137915339098771066e-04 0.000000000000000000e+00
2.550000000000000000e+03 1.019987812330362953e-01 2.844788347746927612e-03 9.968138370505233992e-01 0.000000000000000000e+00 3.413746017296313199e-04 0.000000000000000000e+00
2.575000000000000000e+03 1.029987692843405966e-01 2.730996813837050560e-03 9.969276285844332897e-01 0.000000000000000000e+00 3.413746017296313199e-04 0.000000000000000000e+00
2.600000000000000000e+03 1.039987573356446759e-01 2.958579881656804664e-03 9.968138370505233992e-01 0.000000000000000000e+00 2.275830678197542133e-04 0.000000000000000000e+00
2.625000000000000000e+03 1.049987453869489773e-01 2.503413746017296455e-03 9.974965862539827421e-01 0.000000000000000000e+00 0.000000000000000000e+00 0.000000000000000000e+00
2.650000000000000000e+03 1.059987334382532786e-01 4.551661356395083832e-03 9.951069640418752638e-01 0.000000000000000000e+00 3.413746017296313199e-04 0.000000000000000000e+00
2.675000000000000000e+03 1.069987214895575800e-01 5.461993627674101119e-03 9.939690487027764698e-01 0.000000000000000000e+00 5.689576695493854790e-04 0.000000000000000000e+00
2.700000000000000000e+03 1.079987095408618814e-01 5.917159763313609329e-03 9.938552571688666903e-01 0.000000000000000000e+00 2.275830678197542133e-04 0.000000000000000000e+00
2.725000000000000000e+03 1.089986975921661827e-01 4.665452890304961318e-03 9.951069640418752638e-01 0.000000000000000000e+00 2.275830678197542133e-04 0.000000000000000000e+00
2.750000000000000000e+03 1.099986856434704841e-01 8.420573509330906217e-03 9.911242603550295405e-01 0.000000000000000000e+00 4.551661356395084266e-04 0.000000000000000000e+00
2.775000000000000000e+03 1.109986736947747854e-01 5.689576695493855224e-03 9.940828402366863603e-01 0.000000000000000000e+00 2.275830678197542133e-04 0.000000000000000000e+00
2.800000000000000000e+03 1.119986617460790868e-01 4.893035958124715423e-03 9.947655894401457033e-01 0.000000000000000000e+00 3.413746017296313199e-04 0.000000000000000000e+00
2.825000000000000000e+03 1.129986497973831661e-01 1.001365498406918582e-02 9.899863450159308575e-01 0.000000000000000000e+00 0.000000000000000000e+00 0.000000000000000000e+00
2.850000000000000000e+03 1.139986378486874674e-01 1.274465179790623508e-02 9.866863905325443662e-01 0.000000000000000000e+00 5.689576695493854790e-04 0.000000000000000000e+00
2.875000000000000000e+03 1.149986258999917688e-01 1.263086026399635846e-02 9.869139736003641472e-01 0.000000000000000000e+00 4.551661356395084266e-04 0.000000000000000000e+00
2.900000000000000000e+03 1.159986139512960701e-01 1.786527082385070547e-02 9.814519799726900695e-01 0.000000000000000000e+00 6.827492034592626399e-04 0.000000000000000000e+00
2.925000000000000000e+03 1.169986020026003715e-01 1.957214383249886169e-02 9.787209831588530307e-01 0.000000000000000000e+00 1.706873008648156654e-03 0.000000000000000000e+00
2.950000000000000000e+03 1.179985900539046728e-01 3.197542102867546865e-02 9.626763768775603580e-01 0.000000000000000000e+00 5.348202093764223633e-03 0.000000000000000000e+00
2.975000000000000000e+03 1.189985781052089742e-01 3.573054164770141095e-02 9.561902594446972659e-01 0.000000000000000000e+00 8.079198907601274626e-03 0.000000000000000000e+00
3.000000000000000000e+03 1.199985661565132755e-01 7.009558488848430247e-02 9.114701866181156298e-01 0.000000000000000000e+00 1.843422849340009204e-02 0.000000000000000000e+00
3.025000000000000000e+03 1.209985542078175769e-01 9.672280382339554228e-02 8.511606736458807720e-01 0.000000000000000000e+00 5.211652253072371344e-02 0.000000000000000000e+00
3.050000000000000000e+03 1.219985422591216562e-01 1.662494310423304478e-01 6.869594902139281034e-01 0.000000000000000000e+00 1.467910787437414766e-01 0.000000000000000000e+00
3.075000000000000000e+03 1.229985303104259575e-01 2.357760582612653533e-01 4.681383705052344357e-01 1.137915339098771066e-04 2.959717796995903760e-01 0.000000000000000000e+00
3.100000000000000000e+03 1.239985183617302589e-01 3.123577605826126646e-01 2.528447883477469293e-01 4.551661356395084266e-04 4.343422849340008995e-01 0.000000000000000000e+00
3.125000000000000000e+03 1.249985064130345602e-01 3.515020482476103880e-01 1.235776058261265353e-01 5.689576695493854790e-04 5.243513882567136797e-01 0.000000000000000000e+00
3.150000000000000000e+03 1.259984944643388616e-01 3.612881201638598050e-01 7.726445152480655720e-02 6.827492034592626399e-04 5.607646791078744197e-01 0.000000000000000000e+00
3.175000000000000000e+03 1.269984825156431629e-01 3.499089667728720876e-01 7.532999544833864081e-02 3.641329085116067413e-03 5.711197086936732337e-01 0.000000000000000000e+00
3.200000000000000000e+03 1.279984705669474643e-01 3.377332726445152478e-01 1.017296313154301274e-01 1.035502958579881741e-02 5.501820664542558248e-01 0.000000000000000000e+00
3.225000000000000000e+03 1.289984586182517656e-01 3.647018661811561313e-01 1.193673190714610866e-01 1.775147928994082885e-02 4.981793354574419741e-01 0.000000000000000000e+00
3.250000000000000000e+03 1.299984466695560670e-01 3.710741920801092220e-01 1.276741010468821214e-01 2.526172052799271692e-02 4.759899863450159363e-01 0.000000000000000000e+00
3.275000000000000000e+03 1.309984347208601463e-01 3.920118343195266308e-01 1.189121529358215801e-01 4.255803368229403583e-02 4.465179790623577394e-01 0.000000000000000000e+00
3.300000000000000000e+03 1.319984227721644476e-01 3.936049157942649313e-01 1.268775603095129711e-01 6.224396904870277414e-02 4.172735548475193235e-01 0.000000000000000000e+00
3.325000000000000000e+03 1.329984108234687490e-01 4.078288575329995225e-01 1.280154756486117373e-01 7.737824305871643382e-02 3.867774237596722786e-01 0.000000000000000000e+00
3.350000000000000000e+03 1.339983988747730503e-01 4.044151115157032517e-01 1.465634956759217233e-01 8.796085571233500100e-02 3.610605370960400795e-01 0.000000000000000000e+00
3.375000000000000000e+03 1.349983869260773517e-01 4.227355484751934567e-01 1.613563950842057393e-01 1.081019572143832458e-01 3.078060992262175444e-01 0.000000000000000000e+00
3.400000000000000000e+03 1.359983749773816530e-01 4.435593991807009751e-01 1.713700500682749095e-01 1.258534365043240677e-01 2.592171142467000200e-01 0.000000000000000000e+00
3.425000000000000000e+03 1.369983630286859544e-01 4.485662266727355463e-01 1.870732817478379661e-01 1.466772872098315861e-01 2.176832043695949015e-01 0.000000000000000000e+00
3.450000000000000000e+03 1.379983510799902557e-01 4.535730541647701175e-01 1.935593991807009473e-01 1.581702321347291662e-01 1.946973145197997135e-01 0.000000000000000000e+00
3.475000000000000000e+03 1.389983391312945571e-01 4.424214838416021811e-01 2.047109695038689114e-01 1.814974965862539702e-01 1.713700500682749095e-01 0.000000000000000000e+00
3.500000000000000000e+03 1.399983271825986364e-01 4.501593081474738467e-01 2.144970414201183562e-01 1.855939918070095562e-01 1.497496586253982687e-01 0.000000000000000000e+00
3.525000000000000000e+03 1.409983152339029377e-01 4.531178880291306110e-01 2.100591715976331264e-01 1.924214838416021811e-01 1.444014565316340537e-01 0.000000000000000000e+00
3.550000000000000000e+03 1.419983032852072391e-01 4.575557578516158408e-01 2.104005461993627701e-01 1.906008192990441552e-01 1.414428766499772339e-01 0.000000000000000000e+00
3.575000000000000000e+03 1.429982913365115405e-01 4.534592626308602825e-01 2.167728720983158885e-01 1.966317705962676299e-01 1.331360946745562268e-01 0.000000000000000000e+00
3.600000000000000000e+03 1.439982793878158418e-01 4.583522985889849632e-01 2.188211197086936677e-01 1.951524806554392477e-01 1.276741010468821214e-01 0.000000000000000000e+00
3.625000000000000000e+03 1.449982674391201432e-01 4.458352298588985074e-01 2.300864815657714946e-01 2.053937187073281712e-01 1.186845698680018268e-01 0.000000000000000000e+00
3.650000000000000000e+03 1.459982554904244445e-01 4.503868912152935722e-01 2.292899408284023721e-01 2.074419663177059503e-01 1.128812016385980915e-01 0.000000000000000000e+00
3.675000000000000000e+03 1.469982435417287459e-01 4.470869367319071364e-01 2.394173873463814328e-01 2.117660446062812896e-01 1.017296313154301274e-01 0.000000000000000000e+00
3.700000000000000000e+03 1.479982315930330472e-01 4.439007737824305910e-01 2.389622212107419263e-01 2.165452890304961353e-01 1.005917159763313612e-01 0.000000000000000000e+00
3.725000000000000000e+03 1.489982196443371265e-01 4.400318616294947582e-01 2.413518434228493492e-01 2.190487027765134209e-01 9.956759217114247162e-02 0.000000000000000000e+00
3.750000000000000000e+03 1.499982076956414279e-01 4.434456076467910846e-01 2.408966772872098427e-01 2.225762403277196100e-01 9.308147473827947660e-02 0.000000000000000000e+00
3.775000000000000000e+03 1.509981957469457292e-01 4.396904870277651423e-01 2.394173873463814328e-01 2.280382339553937154e-01 9.285389167045972336e-02 0.000000000000000000e+00
3.800000000000000000e+03 1.519981837982500306e-01 4.336595357305416676e-01 2.388484296768320359e-01 2.323623122439690547e-01 9.512972234865725574e-02 0.000000000000000000e+00
3.825000000000000000e+03 1.529981718495543319e-01 4.355939918070095840e-01 2.415794264906691025e-01 2.302002730996813851e-01 9.262630860263997012e-02 0.000000000000000000e+00
3.850000000000000000e+03 1.539981599008586333e-01 4.328629949931724896e-01 2.390760127446517891e-01 2.363450159308147502e-01 9.171597633136094330e-02 0.000000000000000000e+00
3.875000000000000000e+03 1.549981479521629346e-01 4.408284023668638807e-01 2.357760582612653533e-01 2.424897587619481154e-01 8.090578060992262288e-02 0.000000000000000000e+00
3.900000000000000000e+03 1.559981360034672360e-01 4.279699590350478089e-01 2.377105143377332697e-01 2.527309968138370389e-01 8.158852981338188259e-02 0.000000000000000000e+00
3.925000000000000000e+03 1.569981240547715373e-01 4.294492489758762188e-01 2.393035958124715423e-01 2.505689576695493970e-01 8.056440600819299303e-02 1.137915339098771066e-04
3.950000000000000000e+03 1.579981121060756166e-01 4.238734638142921951e-01 2.448793809740555383e-01 2.539827036868457233e-01 7.726445152480655720e-02 0.000000000000000000e+00
3.975000000000000000e+03 1.589981001573799180e-01 4.314974965862539702e-01 2.502275830678197810e-01 2.503413746017296160e-01 6.793354574419663283e-02 0.000000000000000000e+00
4.000000000000000000e+03 1.599980882086842193e-01 4.227355484751934567e-01 2.526172052799271484e-01 2.558033682294037492e-01 6.884387801547564578e-02 0.000000000000000000e+00
4.025000000000000000e+03 1.609980762599885207e-01 4.275147928994083024e-01 2.517068730086481354e-01 2.521620391442876419e-01 6.861629494765589254e-02 0.000000000000000000e+00
4.050000000000000000e+03 1.619980643112928220e-01 4.168183887118798170e-01 2.614929449248976079e-01 2.579654073736913911e-01 6.372325898953118406e-02 0.000000000000000000e+00
4.075000000000000000e+03 1.629980523625971234e-01 4.149977241693217911e-01 2.603550295857988139e-01 2.614929449248976079e-01 6.315430131998178709e-02 0.000000000000000000e+00
4.100000000000000000e+03 1.639980404139014247e-01 4.214838416021847722e-01 2.547792444242148457e-01 2.547792444242148457e-01 6.895766954938552240e-02 0.000000000000000000e+00
4.125000000000000000e+03 1.649980284652057261e-01 4.284251251706873154e-01 2.526172052799271484e-01 2.555757851615839682e-01 6.338188438780155420e-02 0.000000000000000000e+00
4.150000000000000000e+03 1.659980165165100274e-01 4.347974510696404060e-01 2.501137915339098905e-01 2.613791533909877174e-01 5.370960400546199304e-02 0.000000000000000000e+00
4.175000000000000000e+03 1.669980045678141067e-01 4.338871187983613931e-01 2.502275830678197810e-01 2.572826581702321591e-01 5.860263996358670846e-02 0.000000000000000000e+00
4.200000000000000000e+03 1.679979926191184081e-01 4.296768320436959443e-01 2.459035047792444140e-01 2.608101957214383204e-01 6.349567592171143082e-02 1.137915339098771066e-04
4.225000000000000000e+03 1.689979806704227094e-01 4.259217114246700020e-01 2.482931269913518368e-01 2.651342740100136597e-01 6.065088757396449454e-02 0.000000000000000000e+00
4.250000000000000000e+03 1.699979687217270108e-01 4.335457441966317771e-01 2.481793354574419741e-01 2.644515248065543722e-01 5.382339553937186966e-02 0.000000000000000000e+00
4.275000000000000000e+03 1.709979567730313121e-01 4.320664542558033672e-01 2.531861629494765453e-01 2.600136549840691980e-01 5.473372781065088954e-02 0.000000000000000000e+00
4.300000000000000000e+03 1.719979448243356135e-01 4.317250796540737512e-01 2.521620391442876419e-01 2.591033227127901850e-01 5.700955848884842886e-02 0.000000000000000000e+00
4.325000000000000000e+03 1.729979328756399148e-01 4.259217114246700020e-01 2.598998634501593075e-01 2.554619936276740777e-01 5.871643149749658508e-02 0.000000000000000000e+00
4.350000000000000000e+03 1.739979209269442162e-01 4.247837960855712081e-01 2.631998179335457433e-01 2.589895311788802945e-01 5.302685480200273332e-02 0.000000000000000000e+00
4.375000000000000000e+03 1.749979089782485175e-01 4.261492944924897830e-01 2.651342740100136597e-01 2.544378698224852298e-01 5.427856167501137613e-02 0.000000000000000000e+00
4.400000000000000000e+03 1.759978970295525968e-01 4.239872553482020856e-01 2.715065999089667503e-01 2.506827492034592875e-01 5.382339553937186966e-02 0.000000000000000000e+00
4.425000000000000000e+03 1.769978850808568982e-01 4.201183431952662528e-01 2.763996358670914866e-01 2.484069185252617273e-01 5.507510241238051940e-02 0.000000000000000000e+00
4.450000000000000000e+03 1.779978731321611995e-01 4.235320892125625791e-01 2.751479289940828576e-01 2.521620391442876419e-01 4.915794264906690747e-02 0.000000000000000000e+00
4.475000000000000000e+03 1.789978611834655009e-01 4.188666363222576239e-01 2.744651797906235702e-01 2.592171142467000200e-01 4.745106964041875125e-02 0.000000000000000000e+00
4.500000000000000000e+03 1.799978492347698023e-01 4.164770141101502010e-01 2.728720983158853253e-01 2.643377332726445372e-01 4.631315430131998506e-02 0.000000000000000000e+00
4.525000000000000000e+03 1.809978372860741036e-01 4.201183431952662528e-01 2.725307237141556538e-01 2.561447428311333652e-01 5.120619025944470049e-02 0.000000000000000000e+00
4.550000000000000000e+03 1.819978253373784050e-01 4.139736003641328876e-01 2.708238507055075184e-01 2.568274920345926526e-01 5.837505689576695522e-02 0.000000000000000000e+00
4.575000000000000000e+03 1.829978133886827063e-01 4.223941738734638407e-01 2.687756030951297115e-01 2.579654073736913911e-01 5.086481565771506369e-02 0.000000000000000000e+00
4.600000000000000000e+03 1.839978014399870077e-01 4.185252617205280079e-01 2.690031861629494925e-01 2.616067364588074429e-01 5.086481565771506369e-02 0.000000000000000000e+00
4.625000000000000000e+03 1.849977894912910870e-01 4.275147928994083024e-01 2.664997724169321791e-01 2.553482020937642427e-01 5.063723258989531045e-02 0.000000000000000000e+00
4.650000000000000000e+03 1.859977775425953883e-01 4.157942649066909691e-01 2.754893035958124736e-01 2.591033227127901850e-01 4.961310878470642088e-02 0.000000000000000000e+00
4.675000000000000000e+03 1.869977655938996897e-01 4.088529813381884259e-01 2.824305871643149612e-01 2.597860719162494170e-01 4.893035958124715423e-02 0.000000000000000000e+00
4.700000000000000000e+03 1.879977536452039910e-01 4.115839781520254648e-01 2.835685025034137552e-01 2.578516158397815006e-01 4.699590350477924477e-02 0.000000000000000000e+00
4.725000000000000000e+03 1.889977416965082924e-01 4.019116977696859383e-01 2.899408284023668458e-01 2.584205735093308975e-01 4.972690031861629750e-02 0.000000000000000000e+00
4.750000000000000000e+03 1.899977297478125937e-01 4.170459717796995980e-01 2.892580791989076139e-01 2.550068274920345712e-01 3.868912152935821691e-02 0.000000000000000000e+00
4.775000000000000000e+03 1.909977177991168951e-01 4.090805644060082069e-01 2.965407373691397175e-01 2.495448338643604935e-01 4.483386436049158208e-02 0.000000000000000000e+00
4.800000000000000000e+03 1.919977058504211964e-01 4.096495220755576039e-01 2.960855712335002110e-01 2.492034592626308498e-01 4.506144742831133532e-02 0.000000000000000000e+00
4.825000000000000000e+03 1.929976939017252757e-01 4.080564406008193035e-01 3.002958579881656598e-01 2.461310878470641672e-01 4.551661356395084179e-02 0.000000000000000000e+00
4.850000000000000000e+03 1.939976819530295771e-01 4.014565316340464318e-01 3.104233045061447482e-01 2.472690031861629611e-01 4.085116067364587961e-02 0.000000000000000000e+00
4.875000000000000000e+03 1.949976700043338784e-01 3.978152025489303800e-01 3.115612198452434867e-01 2.487482931269913433e-01 4.187528447883477611e-02 0.000000000000000000e+00
4.900000000000000000e+03 1.959976580556381798e-01 3.912152935821575084e-01 3.152025489303595940e-01 2.470414201183432079e-01 4.654073736913973830e-02 0.000000000000000000e+00
4.925000000000000000e+03 1.969976461069424811e-01 3.907601274465180019e-01 3.178197542102867423e-01 2.472690031861629611e-01 4.415111515703231543e-02 0.000000000000000000e+00
4.950000000000000000e+03 1.979976341582467825e-01 3.940600819299044377e-01 3.146335912608101970e-01 2.482931269913518368e-01 4.301319981793354230e-02 0.000000000000000000e+00
4.975000000000000000e+03 1.989976222095510838e-01 3.865498406918525531e-01 3.163404642694583324e-01 2.506827492034592875e-01 4.642694583522986168e-02 0.000000000000000000e+00
5.000000000000000000e+03 1.999976102608553852e-01 3.855257168866636497e-01 3.206645425580336717e-01 2.500000000000000000e-01 4.380974055530268557e-02 0.000000000000000000e+00
5.025000000000000000e+03 2.009975983121596865e-01 3.829085116067364458e-01 3.231679563040509851e-01 2.473827947200728239e-01 4.642694583522986168e-02 1.137915339098771066e-04
5.050000000000000000e+03 2.019975863634637658e-01 3.822257624032772139e-01 3.240782885753299980e-01 2.486345015930814806e-01 4.506144742831133532e-02 0.000000000000000000e+00
5.075000000000000000e+03 2.029975744147680672e-01 3.805188893946290229e-01 3.319299044151114986e-01 2.495448338643604935e-01 3.800637232589895026e-02 0.000000000000000000e+00
5.100000000000000000e+03 2.039975624660723685e-01 3.784706417842512716e-01 3.336367774237596895e-01 2.453345471096950448e-01 4.255803368229403583e-02 0.000000000000000000e+00
5.125000000000000000e+03 2.049975505173766699e-01 3.768775603095129711e-01 3.372781065088757413e-01 2.470414201183432079e-01 3.880291306326809353e-02 0.000000000000000000e+00
5.150000000000000000e+03 2.059975385686809712e-01 3.744879380974055483e-01 3.427401001365498190e-01 2.424897587619481154e-01 4.028220300409649651e-02 0.000000000000000000e+00
5.175000000000000000e+03 2.069975266199852726e-01 3.733500227583067543e-01 3.441055985434683384e-01 2.468138370505234547e-01 3.573054164770141095e-02 0.000000000000000000e+00
5.200000000000000000e+03 2.079975146712895739e-01 3.755120619025944517e-01 3.411470186618115741e-01 2.467000455166135642e-01 3.664087391898043083e-02 0.000000000000000000e+00
5.225000000000000000e+03 2.089975027225938753e-01 3.813154301319982009e-01 3.416021847974510806e-01 2.403277196176604458e-01 3.675466545289030745e-02 0.000000000000000000e+00
5.250000000000000000e+03 2.099974907738981766e-01 3.665225307237141572e-01 3.486572598998634587e-01 2.440828402366863881e-01 4.073736913973600299e-02 0.000000000000000000e+00
5.275000000000000000e+03 2.109974788252022559e-01 3.692535275375511961e-01 3.487710514337733492e-01 2.419208010923987184e-01 4.005461993627674328e-02 0.000000000000000000e+00
5.300000000000000000e+03 2.119974668765065573e-01 3.714155666818388934e-01 3.443331816112881194e-01 2.443104233045061413e-01 3.994082840236686666e-02 0.000000000000000000e+00
5.325000000000000000e+03 2.129974549278108586e-01 3.670914883932635542e-01 3.398953117888028896e-01 2.473827947200728239e-01 4.563040509786071841e-02 0.000000000000000000e+00
5.350000000000000000e+03 2.139974429791151600e-01 3.736913973600364258e-01 3.384160218479745352e-01 2.399863450159308020e-01 4.790623577605826466e-02 0.000000000000000000e+00
5.375000000000000000e+03 2.149974310304194614e-01 3.767637687756030807e-01 3.404642694583522866e-01 2.432862994993172379e-01 3.948566226672735324e-02 0.000000000000000000e+00
5.400000000000000000e+03 2.159974190817237627e-01 3.722121074192080159e-01 3.431952662721893255e-01 2.455621301775147980e-01 3.903049613108784677e-02 0.000000000000000000e+00
5.425000000000000000e+03 2.169974071330280641e-01 3.761948111060536837e-01 3.416021847974510806e-01 2.431725079654073751e-01 3.903049613108784677e-02 0.000000000000000000e+00
5.450000000000000000e+03 2.179973951843323654e-01 3.810878470641784199e-01 3.365953573054164538e-01 2.447655894401456478e-01 3.755120619025944378e-02 0.000000000000000000e+00
5.475000000000000000e+03 2.189973832356366668e-01 3.746017296313154388e-01 3.361401911697769473e-01 2.465862539827036737e-01 4.267182521620391245e-02 0.000000000000000000e+00
5.500000000000000000e+03 2.199973712869407461e-01 3.723258989531179064e-01 3.361401911697769473e-01 2.507965407373691225e-01 4.073736913973600299e-02 0.000000000000000000e+00
5.525000000000000000e+03 2.209973593382450474e-01 3.785844333181611066e-01 3.336367774237596895e-01 2.481793354574419741e-01 3.959945380063722986e-02 0.000000000000000000e+00
5.550000000000000000e+03 2.219973473895493488e-01 3.681156121984524576e-01 3.411470186618115741e-01 2.520482476103778069e-01 3.868912152935821691e-02 0.000000000000000000e+00
5.575000000000000000e+03 2.229973354408536501e-01 3.637915339098771184e-01 3.429676832043696000e-01 2.551206190259444617e-01 3.812016385980882688e-02 0.000000000000000000e+00
5.600000000000000000e+03 2.239973234921579515e-01 3.621984524351388179e-01 3.469503868912152678e-01 2.501137915339098905e-01 4.073736913973600299e-02 0.000000000000000000e+00
5.625000000000000000e+03 2.249973115434622528e-01 3.603777878925807920e-01 3.492262175694128556e-01 2.539827036868457233e-01 3.641329085116067066e-02 0.000000000000000000e+00
5.650000000000000000e+03 2.259972995947665542e-01 3.692535275375511961e-01 3.430814747382794905e-01 2.526172052799271484e-01 3.504779244424215123e-02 0.000000000000000000e+00
5.675000000000000000e+03 2.269972876460708555e-01 3.636777423759672279e-01 3.425125170687300935e-01 2.592171142467000200e-01 3.459262630860263782e-02 0.000000000000000000e+00
