# itime ezz other fcc hcp bcc ico
0.000000000000000000e+00 0.000000000000000000e+00 0.000000000000000000e+00 1.000000000000000000e+00 0.000000000000000000e+00 0.000000000000000000e+00 0.000000000000000000e+00
2.500000000000000000e+02 9.999946028985684521e-03 0.000000000000000000e+00 1.000000000000000000e+00 0.000000000000000000e+00 0.000000000000000000e+00 0.000000000000000000e+00
5.000000000000000000e+02 1.999989205797159109e-02 0.000000000000000000e+00 1.000000000000000000e+00 0.000000000000000000e+00 0.000000000000000000e+00 0.000000000000000000e+00
7.500000000000000000e+02 2.999983808695727561e-02 0.000000000000000000e+00 1.000000000000000000e+00 0.000000000000000000e+00 0.000000000000000000e+00 0.000000000000000000e+00
1.000000000000000000e+03 3.999978411594318217e-02 0.000000000000000000e+00 1.000000000000000000e+00 0.000000000000000000e+00 0.000000000000000000e+00 0.000000000000000000e+00
1.250000000000000000e+03 4.999973014492886669e-02 0.000000000000000000e+00 1.000000000000000000e+00 0.000000000000000000e+00 0.000000000000000000e+00 0.000000000000000000e+00
1.500000000000000000e+03 5.999967617391455121e-02 0.000000000000000000e+00 1.000000000000000000e+00 0.000000000000000000e+00 0.000000000000000000e+00 0.000000000000000000e+00
1.750000000000000000e+03 6.999962220290045778e-02 0.000000000000000000e+00 1.000000000000000000e+00 0.000000000000000000e+00 0.000000000000000000e+00 0.000000000000000000e+00
2.000000000000000000e+03 7.999956823188614230e-02 0.000000000000000000e+00 1.000000000000000000e+00 0.000000000000000000e+00 0.000000000000000000e+00 0.000000000000000000e+00
2.250000000000000000e+03 8.999951426087204887e-02 3.413746017296313199e-04 9.996586253982703285e-01 0.000000000000000000e+00 0.000000000000000000e+00 0.000000000000000000e+00
2.500000000000000000e+03 9.999946028985773339e-02 1.365498406918525280e-03 9.986345015930814251e-01 0.000000000000000000e+00 0.000000000000000000e+00 0.000000000000000000e+00
2.750000000000000000e+03 1.099994063188434179e-01 5.803368229403732710e-03 9.937414656349567998e-01 0.000000000000000000e+00 4.551661356395084266e-04 0.000000000000000000e+00
3.000000000000000000e+03 1.199993523478293245e-01 1.075329995448338627e-01 7.895994538006372299e-01 0.000000000000000000e+00 1.028675466545289074e-01 0.000000000000000000e+00
3.250000000000000000e+03 1.299992983768150090e-01 3.695949021392808120e-01 1.546426945835229771e-01 1.593081474738279385e-03 4.741693218024579104e-01 0.000000000000000000e+00
3.500000000000000000e+03 1.399992444058009156e-01 3.552571688666363303e-01 2.569412835685024876e-01 1.176604460628129234e-01 2.701411015020482309e-01 0.000000000000000000e+00
3.750000000000000000e+03 1.499991904347866001e-01 4.031634046426945672e-01 3.274920345926263243e-01 1.838871187983613931e-01 8.545744196631770151e-02 0.000000000000000000e+00
4.000000000000000000e+03 1.599991364637725066e-01 4.016841147018661573e-01 3.444469731451980099e-01 2.091488393263541135e-01 4.472007282658170546e-02 0.000000000000000000e+00
4.250000000000000000e+03 1.699990824927581912e-01 3.537778789258079204e-01 3.946290395994537792e-01 2.255348202093764298e-01 2.605826126536185672e-02 0.000000000000000000e+00
4.500000000000000000e+03 1.799990285217438757e-01 3.377332726445152478e-01 3.946290395994537792e-01 2.473827947200728239e-01 2.025489303595812488e-02 0.000000000000000000e+00
4.750000000000000000e+03 1.899989745507297823e-01 3.171370050068275104e-01 4.105598543468366168e-01 2.558033682294037492e-01 1.649977241693217911e-02 0.000000000000000000e+00
5.000000000000000000e+03 1.999989205797154668e-01 3.060992262175694090e-01 4.203459262630860338e-01 2.540964952207555583e-01 1.945835229858898507e-02 0.000000000000000000e+00
5.250000000000000000e+03 2.099988666087013733e-01 2.810650887573964418e-01 4.558488848429677054e-01 2.504551661356395065e-01 1.263086026399635846e-02 0.000000000000000000e+00
5.500000000000000000e+03 2.199988126376870579e-01 2.753755120619025831e-01 4.782658170232134687e-01 2.331588529813381772e-01 1.319981793354574502e-02 0.000000000000000000e+00
5.750000000000000000e+03 2.299987586666727424e-01 2.712790168411470249e-01 5.056895766954938587e-01 2.100591715976331264e-01 1.297223486572599005e-02 0.000000000000000000e+00
6.000000000000000000e+03 2.399987046956586489e-01 2.276968593536640995e-01 5.508648156577150568e-01 2.138142922166590687e-01 7.624032771961766417e-03 0.000000000000000000e+00
6.250000000000000000e+03 2.499986507246443335e-01 2.076695493855257035e-01 5.753299954483386269e-01 2.097177969959035104e-01 7.282658170232134826e-03 0.000000000000000000e+00
6.500000000000000000e+03 2.599985967536302400e-01 1.937869822485207005e-01 5.881884387801548097e-01 2.094902139280837572e-01 8.534365043240782836e-03 0.000000000000000000e+00
6.750000000000000000e+03 2.699985427826159246e-01 1.857077833409194467e-01 5.887573964497041512e-01 2.188211197086936677e-01 6.713700500682749130e-03 0.000000000000000000e+00
7.000000000000000000e+03 2.799984888116016091e-01 1.694355939918070209e-01 6.156121984524350887e-01 2.084660901228948537e-01 6.486117432862995025e-03 0.000000000000000000e+00
7.250000000000000000e+03 2.899984348405875156e-01 1.638598088302230249e-01 6.409877105143377829e-01 1.852526172052799402e-01 9.899863450159307465e-03 0.000000000000000000e+00
7.500000000000000000e+03 2.999983808695732002e-01 1.283568502503413811e-01 7.020937642239417631e-01 1.646563495675921751e-01 4.893035958124715423e-03 0.000000000000000000e+00
7.750000000000000000e+03 3.099983268985591067e-01 1.177742375967228000e-01 7.119936276741010150e-01 1.640873918980427781e-01 6.144742831133363434e-03 0.000000000000000000e+00
8.000000000000000000e+03 3.199982729275447912e-01 1.190259444697314567e-01 7.170004551661356418e-01 1.594219390077378229e-01 4.551661356395083832e-03 0.000000000000000000e+00
8.250000000000000000e+03 3.299982189565304758e-01 1.170914883932635403e-01 7.436276741010469093e-01 1.310878470641784199e-01 8.192990441511151245e-03 0.000000000000000000e+00
8.500000000000000000e+03 3.399981649855163823e-01 1.319981793354574329e-01 6.423532089212562468e-01 2.143832498862084657e-01 1.126536185707783383e-02 0.000000000000000000e+00
8.750000000000000000e+03 3.499981110145020669e-01 1.390532544378698110e-01 5.829540282203004020e-01 2.668411470186617951e-01 1.115157032316795548e-02 0.000000000000000000e+00
9.000000000000000000e+03 3.599980570434879734e-01 1.312016385980883104e-01 5.832954028220300735e-01 2.719617660446062568e-01 1.354119253527537488e-02 0.000000000000000000e+00
9.250000000000000000e+03 3.699980030724736579e-01 1.561219845243513871e-01 5.356167501137915066e-01 2.959717796995903760e-01 1.228948566226672687e-02 0.000000000000000000e+00
9.500000000000000000e+03 3.799979491014595645e-01 1.587391898042785632e-01 5.191169776968593830e-01 3.179335457441966328e-01 4.210286754665453109e-03 0.000000000000000000e+00
9.750000000000000000e+03 3.899978951304452490e-01 1.446290395994538069e-01 5.128584433318160718e-01 3.386436049157942607e-01 3.868912152935821518e-03 0.000000000000000000e+00
1.000000000000000000e+04 3.999978411594309335e-01 1.490669094219390090e-01 4.700728265817022966e-01 3.733500227583067543e-01 7.510241238051888930e-03 0.000000000000000000e+00
1.025000000000000000e+04 4.099977871884168401e-01 1.547564861174328676e-01 4.353664087391898030e-01 4.053254437869822646e-01 4.551661356395083832e-03 0.000000000000000000e+00
1.050000000000000000e+04 4.199977332174025246e-01 1.458807464724624359e-01 4.253527537551206050e-01 4.230769230769230727e-01 5.689576695493855224e-03 0.000000000000000000e+00
1.075000000000000000e+04 4.299976792463884312e-01 1.521392808375056915e-01 4.112426035502958488e-01 4.303595812471552318e-01 6.258534365043240920e-03 0.000000000000000000e+00
1.100000000000000000e+04 4.399976252753741157e-01 1.535047792444242110e-01 4.245562130177514826e-01 4.097633136094674389e-01 1.217569412835685025e-02 0.000000000000000000e+00
1.125000000000000000e+04 4.499975713043598002e-01 1.499772416932180219e-01 4.373008648156577194e-01 3.998634501593081314e-01 1.285844333181611343e-02 0.000000000000000000e+00
1.150000000000000000e+04 4.599975173333457068e-01 1.502048247610377751e-01 4.394629039599453613e-01 3.977014110150204895e-01 1.263086026399635846e-02 0.000000000000000000e+00
1.175000000000000000e+04 4.699974633623313913e-01 1.572598998634501533e-01 4.412835685025033872e-01 3.888256713700500855e-01 1.263086026399635846e-02 0.000000000000000000e+00
1.200000000000000000e+04 4.799974093913172979e-01 1.579426490669094130e-01 4.283113336367774249e-01 3.984979517523896120e-01 1.524806554392353283e-02 0.000000000000000000e+00
1.225000000000000000e+04 4.899973554203029824e-01 1.569185252617205373e-01 4.449248975876194945e-01 3.823395539371870488e-01 1.581702321347291593e-02 0.000000000000000000e+00
1.250000000000000000e+04 4.999973014492886669e-01 1.628356850250341492e-01 4.378698224852071164e-01 3.858670914883932657e-01 1.342740100136549826e-02 0.000000000000000000e+00
1.275000000000000000e+04 5.099972474782745735e-01 1.731907146108329631e-01 4.420801092398725651e-01 3.814292216659080359e-01 3.299954483386436255e-03 0.000000000000000000e+00
1.300000000000000000e+04 5.199971935072602580e-01 1.780837505689576716e-01 4.246700045516613731e-01 3.947428311333636697e-01 2.503413746017296455e-03 0.000000000000000000e+00
1.325000000000000000e+04 5.299971395362461646e-01 1.787664997724169313e-01 4.113563950842057393e-01 4.039599453800637452e-01 5.917159763313609329e-03 0.000000000000000000e+00
1.350000000000000000e+04 5.399970855652318491e-01 1.859353664087392000e-01 4.061219845243513871e-01 4.029358215748748417e-01 5.006827492034592909e-03 0.000000000000000000e+00
1.375000000000000000e+04 5.499970315942175336e-01 1.869594902139280757e-01 4.068047337278106745e-01 3.986117432862995025e-01 7.624032771961766417e-03 0.000000000000000000e+00
1.400000000000000000e+04 5.599969776232034402e-01 1.989076012744651900e-01 4.004324078288575284e-01 3.925807919890760278e-01 8.079198907601274626e-03 0.000000000000000000e+00
1.425000000000000000e+04 5.699969236521891247e-01 1.979972690031861493e-01 4.079426490669094130e-01 3.826809285389167203e-01 1.137915339098771045e-02 0.000000000000000000e+00
1.450000000000000000e+04 5.799968696811750313e-01 2.125625853436504398e-01 4.079426490669094130e-01 3.550295857988165493e-01 2.446517979062357712e-02 0.000000000000000000e+00
1.475000000000000000e+04 5.899968157101607158e-01 2.327036868456986707e-01 4.044151115157032517e-01 3.461538461538461453e-01 1.672735548475193582e-02 0.000000000000000000e+00
1.500000000000000000e+04 5.999967617391466224e-01 2.269003186162949492e-01 3.978152025489303800e-01 3.565088757396449592e-01 1.877560309512972189e-02 0.000000000000000000e+00
1.525000000000000000e+04 6.099967077681323069e-01 2.142694583522985752e-01 4.097633136094674389e-01 3.599226217569412856e-01 1.604460628129267263e-02 0.000000000000000000e+00
1.550000000000000000e+04 6.199966537971179914e-01 2.108557123350022766e-01 4.221665908056440597e-01 3.516158397815202785e-01 1.536185707783340945e-02 0.000000000000000000e+00
1.575000000000000000e+04 6.299965998261038980e-01 2.077833409194355940e-01 4.209148839326354308e-01 3.537778789258079204e-01 1.752389622212107562e-02 0.000000000000000000e+00
1.600000000000000000e+04 6.399965458550895825e-01 2.154073736913973691e-01 4.176149294492489950e-01 3.476331360946745552e-01 1.934456076467910846e-02 0.000000000000000000e+00
1.625000000000000000e+04 6.499964918840754891e-01 2.082385070550751005e-01 4.318388711879836417e-01 3.459262630860264198e-01 1.399635867091488309e-02 0.000000000000000000e+00
1.650000000000000000e+04 6.599964379130611736e-01 1.993627674101046965e-01 4.401456531634046487e-01 3.508192990441511006e-01 9.672280382339554228e-03 0.000000000000000000e+00
1.675000000000000000e+04 6.699963839420468581e-01 1.975421028675466428e-01 4.484524351388256558e-01 3.454710969503869133e-01 8.534365043240782836e-03 0.000000000000000000e+00
1.700000000000000000e+04 6.799963299710327647e-01 1.814974965862539702e-01 4.571005917159763343e-01 3.544606281292672079e-01 6.941283568502503235e-03 0.000000000000000000e+00
1.725000000000000000e+04 6.899962760000184492e-01 1.812699135184342170e-01 4.571005917159763343e-01 3.538916704597178109e-01 7.737824305871643035e-03 0.000000000000000000e+00
1.750000000000000000e+04 6.999962220290043557e-01 1.812699135184342170e-01 4.575557578516158408e-01 3.558261265361857273e-01 5.348202093764223633e-03 0.000000000000000000e+00
1.775000000000000000e+04 7.099961680579900403e-01 1.780837505689576716e-01 4.586936731907146347e-01 3.545744196631770428e-01 8.648156577150659455e-03 0.000000000000000000e+00
1.800000000000000000e+04 7.199961140869757248e-01 1.821802457897132577e-01 4.505006827492034627e-01 3.545744196631770428e-01 1.274465179790623508e-02 0.000000000000000000e+00
1.825000000000000000e+04 7.299960601159616314e-01 1.925352753755120716e-01 4.574419663177059503e-01 3.406918525261720676e-01 9.330905780609922637e-03 0.000000000000000000e+00
1.850000000000000000e+04 7.399960061449473159e-01 1.984524351388256835e-01 4.927173418297678409e-01 3.000682749203459343e-01 8.761948111060537808e-03 0.000000000000000000e+00
1.875000000000000000e+04 7.499959521739332224e-01 1.970869367319071364e-01 5.350477924442421651e-01 2.587619481110605135e-01 9.103322712790167665e-03 0.000000000000000000e+00
1.900000000000000000e+04 7.599958982029189070e-01 1.991351843422849432e-01 5.531406463359126446e-01 2.364588074647246130e-01 1.126536185707783383e-02 0.000000000000000000e+00
1.925000000000000000e+04 7.699958442319045915e-01 2.108557123350022766e-01 5.738507055075102725e-01 1.993627674101046965e-01 1.593081474738279601e-02 0.000000000000000000e+00
1.950000000000000000e+04 7.799957902608904980e-01 2.077833409194355940e-01 6.021847974510696755e-01 1.760355029585798925e-01 1.399635867091488309e-02 0.000000000000000000e+00
1.975000000000000000e+04 7.899957362898761826e-01 2.061902594446973214e-01 6.347291761492944717e-01 1.473600364132908458e-01 1.172052799271734204e-02 0.000000000000000000e+00
2.000000000000000000e+04 7.999956823188620891e-01 1.986800182066454368e-01 6.511151570323168158e-01 1.371187983614019223e-01 1.308602639963586667e-02 0.000000000000000000e+00
2.025000000000000000e+04 8.099956283478477737e-01 2.032316795630405015e-01 7.083522985889849632e-01 8.033682294037323979e-02 8.079198907601274626e-03 0.000000000000000000e+00
2.050000000000000000e+04 8.199955743768334582e-01 1.827492034592626269e-01 7.646791078743740977e-01 4.585798816568047165e-02 6.713700500682749130e-03 0.000000000000000000e+00
2.075000000000000000e+04 8.299955204058193647e-01 1.643149749658625314e-01 7.919890760127445972e-01 4.016841147018661989e-02 3.527537551206190360e-03 0.000000000000000000e+00
2.100000000000000000e+04 8.399954664348050493e-01 1.594219390077378229e-01 8.025716886663631922e-01 3.436504324078288458e-02 3.641329085116067413e-03 0.000000000000000000e+00
2.125000000000000000e+04 8.499954124637909558e-01 1.420118343195266308e-01 8.461538461538461453e-01 1.126536185707783383e-02 5.689576695493854790e-04 0.000000000000000000e+00
2.150000000000000000e+04 8.599953584927766403e-01 1.355257168866636219e-01 8.529813381884387979e-01 1.024123805188893906e-02 1.251706873008648227e-03 0.000000000000000000e+00
2.175000000000000000e+04 8.699953045217625469e-01 1.312016385980883104e-01 8.608329540282203540e-01 7.737824305871643035e-03 2.275830678197542133e-04 0.000000000000000000e+00
2.200000000000000000e+04 8.799952505507482314e-01 1.281292671825216278e-01 8.636777423759672834e-01 7.851615839781519654e-03 3.413746017296313199e-04 0.000000000000000000e+00
2.225000000000000000e+04 8.899951965797339160e-01 1.261948111060537114e-01 8.664087391898043222e-01 7.282658170232134826e-03 1.137915339098771066e-04 0.000000000000000000e+00
2.250000000000000000e+04 8.999951426087198225e-01 1.268775603095129711e-01 8.640191169776968438e-01 8.079198907601274626e-03 1.024123805188893906e-03 0.000000000000000000e+00
2.275000000000000000e+04 9.099950886377055070e-01 1.282430587164314906e-01 8.647018661811560758e-01 6.599908966772872511e-03 4.551661356395084266e-04 0.000000000000000000e+00
2.300000000000000000e+04 9.199950346666914136e-01 1.306326809285389134e-01 8.570778334091943007e-01 1.092398725534820224e-02 1.365498406918525280e-03 0.000000000000000000e+00
2.325000000000000000e+04 9.299949806956770981e-01 1.340464269458352398e-01 8.492262175694128556e-01 1.536185707783340945e-02 1.365498406918525280e-03 0.000000000000000000e+00
2.350000000000000000e+04 9.399949267246627826e-01 1.627218934911242587e-01 7.688893946290396020e-01 6.235776058261265076e-02 6.030951297223486815e-03 0.000000000000000000e+00
2.375000000000000000e+04 9.499948727536486892e-01 1.870732817478379661e-01 6.655666818388711325e-01 1.389394629039599482e-01 8.420573509330906217e-03 0.000000000000000000e+00
2.400000000000000000e+04 9.599948187826343737e-01 1.962903959945380139e-01 5.811333636777423761e-01 2.149522075557578626e-01 7.624032771961766417e-03 0.000000000000000000e+00
2.425000000000000000e+04 9.699947648116202803e-01 2.007282658170232159e-01 5.797678652708238012e-01 2.142694583522985752e-01 5.234410559854347014e-03 0.000000000000000000e+00
2.450000000000000000e+04 9.799947108406059648e-01 2.125625853436504398e-01 5.522303140646336317e-01 2.289485662266727284e-01 6.258534365043240920e-03 0.000000000000000000e+00
2.475000000000000000e+04 9.899946568695916493e-01 2.077833409194355940e-01 5.631543013199817871e-01 2.193900773782430647e-01 9.672280382339554228e-03 0.000000000000000000e+00
2.500000000000000000e+04 9.999946028985775559e-01 2.121074192080109333e-01 6.019572143832498945e-01 1.771734182976786587e-01 8.761948111060537808e-03 0.000000000000000000e+00
