# itime ezz other fcc hcp bcc ico
0.000000000000000000e+00 0.000000000000000000e+00 0.000000000000000000e+00 1.000000000000000000e+00 0.000000000000000000e+00 0.000000000000000000e+00 0.000000000000000000e+00
5.000000000000000000e+01 1.999978271549629483e-03 0.000000000000000000e+00 1.000000000000000000e+00 0.000000000000000000e+00 0.000000000000000000e+00 0.000000000000000000e+00
1.000000000000000000e+02 3.999956543099258965e-03 0.000000000000000000e+00 1.000000000000000000e+00 0.000000000000000000e+00 0.000000000000000000e+00 0.000000000000000000e+00
1.500000000000000000e+02 5.999934814649110493e-03 0.000000000000000000e+00 1.000000000000000000e+00 0.000000000000000000e+00 0.000000000000000000e+00 0.000000000000000000e+00
2.000000000000000000e+02 7.999913086198739975e-03 0.000000000000000000e+00 1.000000000000000000e+00 0.000000000000000000e+00 0.000000000000000000e+00 0.000000000000000000e+00
2.500000000000000000e+02 9.999891357748369458e-03 0.000000000000000000e+00 1.000000000000000000e+00 0.000000000000000000e+00 0.000000000000000000e+00 0.000000000000000000e+00
3.000000000000000000e+02 1.199986962929799894e-02 0.000000000000000000e+00 1.000000000000000000e+00 0.000000000000000000e+00 0.000000000000000000e+00 0.000000000000000000e+00
3.500000000000000000e+02 1.399984790084762842e-02 0.000000000000000000e+00 1.000000000000000000e+00 0.000000000000000000e+00 0.000000000000000000e+00 0.000000000000000000e+00
4.000000000000000000e+02 1.599982617239747995e-02 0.000000000000000000e+00 1.000000000000000000e+00 0.000000000000000000e+00 0.000000000000000000e+00 0.000000000000000000e+00
4.500000000000000000e+02 1.799980444394710943e-02 0.000000000000000000e+00 1.000000000000000000e+00 0.000000000000000000e+00 0.000000000000000000e+00 0.000000000000000000e+00
5.000000000000000000e+02 1.999978271549673892e-02 0.000000000000000000e+00 1.000000000000000000e+00 0.000000000000000000e+00 0.000000000000000000e+00 0.000000000000000000e+00
5.500000000000000000e+02 2.199976098704636840e-02 0.000000000000000000e+00 1.000000000000000000e+00 0.000000000000000000e+00 0.000000000000000000e+00 0.000000000000000000e+00
6.000000000000000000e+02 2.399973925859599788e-02 0.000000000000000000e+00 1.000000000000000000e+00 0.000000000000000000e+00 0.000000000000000000e+00 0.000000000000000000e+00
6.500000000000000000e+02 2.599971753014584941e-02 0.000000000000000000e+00 1.000000000000000000e+00 0.000000000000000000e+00 0.000000000000000000e+00 0.000000000000000000e+00
7.000000000000000000e+02 2.799969580169547889e-02 0.000000000000000000e+00 1.000000000000000000e+00 0.000000000000000000e+00 0.000000000000000000e+00 0.000000000000000000e+00
7.500000000000000000e+02 2.999967407324510837e-02 0.000000000000000000e+00 1.000000000000000000e+00 0.000000000000000000e+00 0.000000000000000000e+00 0.000000000000000000e+00
8.000000000000000000e+02 3.199965234479473786e-02 0.000000000000000000e+00 1.000000000000000000e+00 0.000000000000000000e+00 0.000000000000000000e+00 0.000000000000000000e+00
8.500000000000000000e+02 3.399963061634436734e-02 0.000000000000000000e+00 1.000000000000000000e+00 0.000000000000000000e+00 0.000000000000000000e+00 0.000000000000000000e+00
9.000000000000000000e+02 3.599960888789399682e-02 0.000000000000000000e+00 1.000000000000000000e+00 0.000000000000000000e+00 0.000000000000000000e+00 0.000000000000000000e+00
9.500000000000000000e+02 3.799958715944384835e-02 0.000000000000000000e+00 1.000000000000000000e+00 0.000000000000000000e+00 0.000000000000000000e+00 0.000000000000000000e+00
1.000000000000000000e+03 3.999956543099347783e-02 0.000000000000000000e+00 1.000000000000000000e+00 0.000000000000000000e+00 0.000000000000000000e+00 0.000000000000000000e+00
1.050000000000000000e+03 4.199954370254310732e-02 0.000000000000000000e+00 1.000000000000000000e+00 0.000000000000000000e+00 0.000000000000000000e+00 0.000000000000000000e+00
1.100000000000000000e+03 4.399952197409273680e-02 0.000000000000000000e+00 1.000000000000000000e+00 0.000000000000000000e+00 0.000000000000000000e+00 0.000000000000000000e+00
1.150000000000000000e+03 4.599950024564236628e-02 0.000000000000000000e+00 1.000000000000000000e+00 0.000000000000000000e+00 0.000000000000000000e+00 0.000000000000000000e+00
1.200000000000000000e+03 4.799947851719221781e-02 0.000000000000000000e+00 1.000000000000000000e+00 0.000000000000000000e+00 0.000000000000000000e+00 0.000000000000000000e+00
1.250000000000000000e+03 4.999945678874184729e-02 0.000000000000000000e+00 1.000000000000000000e+00 0.000000000000000000e+00 0.000000000000000000e+00 0.000000000000000000e+00
1.300000000000000000e+03 5.199943506029147677e-02 0.000000000000000000e+00 1.000000000000000000e+00 0.000000000000000000e+00 0.000000000000000000e+00 0.000000000000000000e+00
1.350000000000000000e+03 5.399941333184110626e-02 0.000000000000000000e+00 1.000000000000000000e+00 0.000000000000000000e+00 0.000000000000000000e+00 0.000000000000000000e+00
1.400000000000000000e+03 5.599939160339073574e-02 0.000000000000000000e+00 1.000000000000000000e+00 0.000000000000000000e+00 0.000000000000000000e+00 0.000000000000000000e+00
1.450000000000000000e+03 5.799936987494058727e-02 0.000000000000000000e+00 1.000000000000000000e+00 0.000000000000000000e+00 0.000000000000000000e+00 0.000000000000000000e+00
1.500000000000000000e+03 5.999934814649021675e-02 0.000000000000000000e+00 1.000000000000000000e+00 0.000000000000000000e+00 0.000000000000000000e+00 0.000000000000000000e+00
1.550000000000000000e+03 6.199932641803984623e-02 4.551661356395084266e-04 9.995448338643604380e-01 0.000000000000000000e+00 0.000000000000000000e+00 0.000000000000000000e+00
1.600000000000000000e+03 6.399930468958947571e-02 0.000000000000000000e+00 1.000000000000000000e+00 0.000000000000000000e+00 0.000000000000000000e+00 0.000000000000000000e+00
1.650000000000000000e+03 6.599928296113910520e-02 0.000000000000000000e+00 1.000000000000000000e+00 0.000000000000000000e+00 0.000000000000000000e+00 0.000000000000000000e+00
1.700000000000000000e+03 6.799926123268895672e-02 0.000000000000000000e+00 1.000000000000000000e+00 0.000000000000000000e+00 0.000000000000000000e+00 0.000000000000000000e+00
1.750000000000000000e+03 6.999923950423858621e-02 0.000000000000000000e+00 1.000000000000000000e+00 0.000000000000000000e+00 0.000000000000000000e+00 0.000000000000000000e+00
1.800000000000000000e+03 7.199921777578821569e-02 3.413746017296313199e-04 9.996586253982703285e-01 0.000000000000000000e+00 0.000000000000000000e+00 0.000000000000000000e+00
1.850000000000000000e+03 7.399919604733784517e-02 0.000000000000000000e+00 1.000000000000000000e+00 0.000000000000000000e+00 0.000000000000000000e+00 0.000000000000000000e+00
1.900000000000000000e+03 7.599917431888747466e-02 0.000000000000000000e+00 1.000000000000000000e+00 0.000000000000000000e+00 0.000000000000000000e+00 0.000000000000000000e+00
1.950000000000000000e+03 7.799915259043732618e-02 2.275830678197542133e-04 9.997724169321802190e-01 0.000000000000000000e+00 0.000000000000000000e+00 0.000000000000000000e+00
2.000000000000000000e+03 7.999913086198695567e-02 0.000000000000000000e+00 1.000000000000000000e+00 0.000000000000000000e+00 0.000000000000000000e+00 0.000000000000000000e+00
2.050000000000000000e+03 8.199910913353658515e-02 3.413746017296313199e-04 9.995448338643604380e-01 0.000000000000000000e+00 1.137915339098771066e-04 0.000000000000000000e+00
2.100000000000000000e+03 8.399908740508621463e-02 0.000000000000000000e+00 1.000000000000000000e+00 0.000000000000000000e+00 0.000000000000000000e+00 0.000000000000000000e+00
2.150000000000000000e+03 8.599906567663584411e-02 1.251706873008648227e-03 9.987482931269913156e-01 0.000000000000000000e+00 0.000000000000000000e+00 0.000000000000000000e+00
2.200000000000000000e+03 8.799904394818569564e-02 4.551661356395084266e-04 9.995448338643604380e-01 0.000000000000000000e+00 0.000000000000000000e+00 0.000000000000000000e+00
2.250000000000000000e+03 8.999902221973532512e-02 4.551661356395084266e-04 9.995448338643604380e-01 0.000000000000000000e+00 0.000000000000000000e+00 0.000000000000000000e+00
2.300000000000000000e+03 9.199900049128495461e-02 5.689576695493854790e-04 9.994310423304506585e-01 0.000000000000000000e+00 0.000000000000000000e+00 0.000000000000000000e+00
2.350000000000000000e+03 9.399897876283458409e-02 1.479289940828402332e-03 9.985207100591716456e-01 0.000000000000000000e+00 0.000000000000000000e+00 0.000000000000000000e+00
2.400000000000000000e+03 9.599895703438421357e-02 2.389622212107419402e-03 9.976103777878926326e-01 0.000000000000000000e+00 0.000000000000000000e+00 0.000000000000000000e+00
2.450000000000000000e+03 9.799893530593384305e-02 9.103322712790168532e-04 9.990896677287209870e-01 0.000000000000000000e+00 0.000000000000000000e+00 0.000000000000000000e+00
2.500000000000000000e+03 9.999891357748369458e-02 2.958579881656804664e-03 9.969276285844332897e-01 0.000000000000000000e+00 1.137915339098771066e-04 0.000000000000000000e+00
2.550000000000000000e+03 1.019988918490333241e-01 2.844788347746927612e-03 9.968138370505233992e-01 0.000000000000000000e+00 3.413746017296313199e-04 0.000000000000000000e+00
2.600000000000000000e+03 1.039988701205829535e-01 2.958579881656804664e-03 9.968138370505233992e-01 0.000000000000000000e+00 2.275830678197542133e-04 0.000000000000000000e+00
2.650000000000000000e+03 1.059988483921325830e-01 4.551661356395083832e-03 9.951069640418752638e-01 0.000000000000000000e+00 3.413746017296313199e-04 0.000000000000000000e+00
2.700000000000000000e+03 1.079988266636822125e-01 5.917159763313609329e-03 9.938552571688666903e-01 0.000000000000000000e+00 2.275830678197542133e-04 0.000000000000000000e+00
2.750000000000000000e+03 1.099988049352320640e-01 8.420573509330906217e-03 9.911242603550295405e-01 0.000000000000000000e+00 4.551661356395084266e-04 0.000000000000000000e+00
2.800000000000000000e+03 1.119987832067816935e-01 4.893035958124715423e-03 9.947655894401457033e-01 0.000000000000000000e+00 3.413746017296313199e-04 0.000000000000000000e+00
2.850000000000000000e+03 1.139987614783313230e-01 1.274465179790623508e-02 9.866863905325443662e-01 0.000000000000000000e+00 5.689576695493854790e-04 0.000000000000000000e+00
2.900000000000000000e+03 1.159987397498809525e-01 1.786527082385070547e-02 9.814519799726900695e-01 0.000000000000000000e+00 6.827492034592626399e-04 0.000000000000000000e+00
2.950000000000000000e+03 1.179987180214305820e-01 3.197542102867546865e-02 9.626763768775603580e-01 0.000000000000000000e+00 5.348202093764223633e-03 0.000000000000000000e+00
3.000000000000000000e+03 1.199986962929804335e-01 7.009558488848430247e-02 9.114701866181156298e-01 0.000000000000000000e+00 1.843422849340009204e-02 0.000000000000000000e+00
3.050000000000000000e+03 1.219986745645300630e-01 1.662494310423304478e-01 6.869594902139281034e-01 0.000000000000000000e+00 1.467910787437414766e-01 0.000000000000000000e+00
3.100000000000000000e+03 1.239986528360796925e-01 3.123577605826126646e-01 2.528447883477469293e-01 4.551661356395084266e-04 4.343422849340008995e-01 0.000000000000000000e+00
3.150000000000000000e+03 1.259986311076293219e-01 3.612881201638598050e-01 7.726445152480655720e-02 6.827492034592626399e-04 5.607646791078744197e-01 0.000000000000000000e+00
3.200000000000000000e+03 1.279986093791789514e-01 3.377332726445152478e-01 1.017296313154301274e-01 1.035502958579881741e-02 5.501820664542558248e-01 0.000000000000000000e+00
3.250000000000000000e+03 1.299985876507288030e-01 3.710741920801092220e-01 1.276741010468821214e-01 2.526172052799271692e-02 4.759899863450159363e-01 0.000000000000000000e+00
3.300000000000000000e+03 1.319985659222784324e-01 3.936049157942649313e-01 1.268775603095129711e-01 6.224396904870277414e-02 4.172735548475193235e-01 0.000000000000000000e+00
3.350000000000000000e+03 1.339985441938280619e-01 4.044151115157032517e-01 1.465634956759217233e-01 8.796085571233500100e-02 3.610605370960400795e-01 0.000000000000000000e+00
3.400000000000000000e+03 1.359985224653776914e-01 4.435593991807009751e-01 1.713700500682749095e-01 1.258534365043240677e-01 2.592171142467000200e-01 0.000000000000000000e+00
3.450000000000000000e+03 1.379985007369273209e-01 4.535730541647701175e-01 1.935593991807009473e-01 1.581702321347291662e-01 1.946973145197997135e-01 0.000000000000000000e+00
3.500000000000000000e+03 1.399984790084771724e-01 4.501593081474738467e-01 2.144970414201183562e-01 1.855939918070095562e-01 1.497496586253982687e-01 0.000000000000000000e+00
3.550000000000000000e+03 1.419984572800268019e-01 4.575557578516158408e-01 2.104005461993627701e-01 1.906008192990441552e-01 1.414428766499772339e-01 0.000000000000000000e+00
3.600000000000000000e+03 1.439984355515764314e-01 4.583522985889849632e-01 2.188211197086936677e-01 1.951524806554392477e-01 1.276741010468821214e-01 0.000000000000000000e+00
3.650000000000000000e+03 1.459984138231260609e-01 4.503868912152935722e-01 2.292899408284023721e-01 2.074419663177059503e-01 1.128812016385980915e-01 0.000000000000000000e+00
3.700000000000000000e+03 1.479983920946756903e-01 4.439007737824305910e-01 2.389622212107419263e-01 2.165452890304961353e-01 1.005917159763313612e-01 0.000000000000000000e+00
3.750000000000000000e+03 1.499983703662253198e-01 4.434456076467910846e-01 2.408966772872098427e-01 2.225762403277196100e-01 9.308147473827947660e-02 0.000000000000000000e+00
3.800000000000000000e+03 1.519983486377751714e-01 4.336595357305416676e-01 2.388484296768320359e-01 2.323623122439690547e-01 9.512972234865725574e-02 0.000000000000000000e+00
3.850000000000000000e+03 1.539983269093248008e-01 4.328629949931724896e-01 2.390760127446517891e-01 2.363450159308147502e-01 9.171597633136094330e-02 0.000000000000000000e+00
3.900000000000000000e+03 1.559983051808744303e-01 4.279699590350478089e-01 2.377105143377332697e-01 2.527309968138370389e-01 8.158852981338188259e-02 0.000000000000000000e+00
3.950000000000000000e+03 1.579982834524240598e-01 4.238734638142921951e-01 2.448793809740555383e-01 2.539827036868457233e-01 7.726445152480655720e-02 0.000000000000000000e+00
4.000000000000000000e+03 1.599982617239736893e-01 4.227355484751934567e-01 2.526172052799271484e-01 2.558033682294037492e-01 6.884387801547564578e-02 0.000000000000000000e+00
4.050000000000000000e+03 1.619982399955235408e-01 4.168183887118798170e-01 2.614929449248976079e-01 2.579654073736913911e-01 6.372325898953118406e-02 0.000000000000000000e+00
4.100000000000000000e+03 1.639982182670731703e-01 4.214838416021847722e-01 2.547792444242148457e-01 2.547792444242148457e-01 6.895766954938552240e-02 0.000000000000000000e+00
4.150000000000000000e+03 1.659981965386227998e-01 4.347974510696404060e-01 2.501137915339098905e-01 2.613791533909877174e-01 5.370960400546199304e-02 0.000000000000000000e+00
4.200000000000000000e+03 1.679981748101724293e-01 4.296768320436959443e-01 2.459035047792444140e-01 2.608101957214383204e-01 6.349567592171143082e-02 1.137915339098771066e-04
4.250000000000000000e+03 1.699981530817220587e-01 4.335457441966317771e-01 2.481793354574419741e-01 2.644515248065543722e-01 5.382339553937186966e-02 0.000000000000000000e+00
4.300000000000000000e+03 1.719981313532719103e-01 4.317250796540737512e-01 2.521620391442876419e-01 2.591033227127901850e-01 5.700955848884842886e-02 0.000000000000000000e+00
4.350000000000000000e+03 1.739981096248215398e-01 4.247837960855712081e-01 2.631998179335457433e-01 2.589895311788802945e-01 5.302685480200273332e-02 0.000000000000000000e+00
4.400000000000000000e+03 1.759980878963711692e-01 4.239872553482020856e-01 2.715065999089667503e-01 2.506827492034592875e-01 5.382339553937186966e-02 0.000000000000000000e+00
4.450000000000000000e+03 1.779980661679207987e-01 4.235320892125625791e-01 2.751479289940828576e-01 2.521620391442876419e-01 4.915794264906690747e-02 0.000000000000000000e+00
4.500000000000000000e+03 1.799980444394704282e-01 4.164770141101502010e-01 2.728720983158853253e-01 2.643377332726445372e-01 4.631315430131998506e-02 0.000000000000000000e+00
4.550000000000000000e+03 1.819980227110202797e-01 4.139736003641328876e-01 2.708238507055075184e-01 2.568274920345926526e-01 5.837505689576695522e-02 0.000000000000000000e+00
4.600000000000000000e+03 1.839980009825699092e-01 4.185252617205280079e-01 2.690031861629494925e-01 2.616067364588074429e-01 5.086481565771506369e-02 0.000000000000000000e+00
4.650000000000000000e+03 1.859979792541195387e-01 4.157942649066909691e-01 2.754893035958124736e-01 2.591033227127901850e-01 4.961310878470642088e-02 0.000000000000000000e+00
4.700000000000000000e+03 1.879979575256691682e-01 4.115839781520254648e-01 2.835685025034137552e-01 2.578516158397815006e-01 4.699590350477924477e-02 0.000000000000000000e+00
4.750000000000000000e+03 1.899979357972187977e-01 4.170459717796995980e-01 2.892580791989076139e-01 2.550068274920345712e-01 3.868912152935821691e-02 0.000000000000000000e+00
4.800000000000000000e+03 1.919979140687686492e-01 4.096495220755576039e-01 2.960855712335002110e-01 2.492034592626308498e-01 4.506144742831133532e-02 0.000000000000000000e+00
4.850000000000000000e+03 1.939978923403182787e-01 4.014565316340464318e-01 3.104233045061447482e-01 2.472690031861629611e-01 4.085116067364587961e-02 0.000000000000000000e+00
4.900000000000000000e+03 1.959978706118679082e-01 3.912152935821575084e-01 3.152025489303595940e-01 2.470414201183432079e-01 4.654073736913973830e-02 0.000000000000000000e+00
4.950000000000000000e+03 1.979978488834175376e-01 3.940600819299044377e-01 3.146335912608101970e-01 2.482931269913518368e-01 4.301319981793354230e-02 0.000000000000000000e+00
5.000000000000000000e+03 1.999978271549671671e-01 3.855257168866636497e-01 3.206645425580336717e-01 2.500000000000000000e-01 4.380974055530268557e-02 0.000000000000000000e+00
5.050000000000000000e+03 2.019978054265170186e-01 3.822257624032772139e-01 3.240782885753299980e-01 2.486345015930814806e-01 4.506144742831133532e-02 0.000000000000000000e+00
5.100000000000000000e+03 2.039977836980666481e-01 3.784706417842512716e-01 3.336367774237596895e-01 2.453345471096950448e-01 4.255803368229403583e-02 0.000000000000000000e+00
5.150000000000000000e+03 2.059977619696162776e-01 3.744879380974055483e-01 3.427401001365498190e-01 2.424897587619481154e-01 4.028220300409649651e-02 0.000000000000000000e+00
5.200000000000000000e+03 2.079977402411659071e-01 3.755120619025944517e-01 3.411470186618115741e-01 2.467000455166135642e-01 3.664087391898043083e-02 0.000000000000000000e+00
5.250000000000000000e+03 2.099977185127155366e-01 3.665225307237141572e-01 3.486572598998634587e-01 2.440828402366863881e-01 4.073736913973600299e-02 0.000000000000000000e+00
5.300000000000000000e+03 2.119976967842651661e-01 3.714155666818388934e-01 3.443331816112881194e-01 2.443104233045061413e-01 3.994082840236686666e-02 0.000000000000000000e+00
5.350000000000000000e+03 2.139976750558150176e-01 3.736913973600364258e-01 3.384160218479745352e-01 2.399863450159308020e-01 4.790623577605826466e-02 0.000000000000000000e+00
5.400000000000000000e+03 2.159976533273646471e-01 3.722121074192080159e-01 3.431952662721893255e-01 2.455621301775147980e-01 3.903049613108784677e-02 0.000000000000000000e+00
5.450000000000000000e+03 2.179976315989142766e-01 3.810878470641784199e-01 3.365953573054164538e-01 2.447655894401456478e-01 3.755120619025944378e-02 0.000000000000000000e+00
5.500000000000000000e+03 2.199976098704639060e-01 3.723258989531179064e-01 3.361401911697769473e-01 2.507965407373691225e-01 4.073736913973600299e-02 0.000000000000000000e+00
5.550000000000000000e+03 2.219975881420135355e-01 3.681156121984524576e-01 3.411470186618115741e-01 2.520482476103778069e-01 3.868912152935821691e-02 0.000000000000000000e+00
5.600000000000000000e+03 2.239975664135633870e-01 3.621984524351388179e-01 3.469503868912152678e-01 2.501137915339098905e-01 4.073736913973600299e-02 0.000000000000000000e+00
5.650000000000000000e+03 2.259975446851130165e-01 3.692535275375511961e-01 3.430814747382794905e-01 2.526172052799271484e-01 3.504779244424215123e-02 0.000000000000000000e+00
5.700000000000000000e+03 2.279975229566626460e-01 3.641329085116067343e-01 3.420573509330905870e-01 2.593309057806099105e-01 3.447883477469276120e-02 0.000000000000000000e+00
5.750000000000000000e+03 2.299975012282122755e-01 3.652708238507055283e-01 3.406918525261720676e-01 2.587619481110605135e-01 3.527537551206190447e-02 0.000000000000000000e+00
5.800000000000000000e+03 2.319974794997619050e-01 3.682294037323622926e-01 3.426263086026399840e-01 2.558033682294037492e-01 3.334091943559399501e-02 0.000000000000000000e+00
5.850000000000000000e+03 2.339974577713117565e-01 3.659535730541647602e-01 3.462676376877560358e-01 2.518206645425580259e-01 3.595812471552116418e-02 0.000000000000000000e+00
5.900000000000000000e+03 2.359974360428613860e-01 3.604915794264906825e-01 3.475193445607646647e-01 2.613791533909877174e-01 3.060992262175694228e-02 0.000000000000000000e+00
5.950000000000000000e+03 2.379974143144110155e-01 3.604915794264906825e-01 3.455848884842967483e-01 2.668411470186617951e-01 2.708238507055074976e-02 0.000000000000000000e+00
6.000000000000000000e+03 2.399973925859606450e-01 3.611743286299499145e-01 3.462676376877560358e-01 2.643377332726445372e-01 2.822030040964952288e-02 0.000000000000000000e+00
6.050000000000000000e+03 2.419973708575102744e-01 3.602639963586709015e-01 3.429676832043696000e-01 2.663859808830222886e-01 3.038233955393718558e-02 0.000000000000000000e+00
6.100000000000000000e+03 2.439973491290601260e-01 3.669776968593536637e-01 3.422849340009103125e-01 2.630860263996358528e-01 2.765134274010013632e-02 0.000000000000000000e+00
6.150000000000000000e+03 2.459973274006097554e-01 3.607191624943104080e-01 3.443331816112881194e-01 2.627446517979062368e-01 3.220300409649522189e-02 0.000000000000000000e+00
6.200000000000000000e+03 2.479973056721593849e-01 3.625398270368684339e-01 3.487710514337733492e-01 2.595584888484296915e-01 2.913063268092853930e-02 0.000000000000000000e+00
6.250000000000000000e+03 2.499972839437090144e-01 3.578743741465634787e-01 3.503641329085115941e-01 2.637687756030951403e-01 2.799271734182976618e-02 0.000000000000000000e+00
6.300000000000000000e+03 2.519972622152586439e-01 3.609467455621301890e-01 3.497951752389621971e-01 2.630860263996358528e-01 2.617205279927173334e-02 0.000000000000000000e+00
6.350000000000000000e+03 2.539972404868084954e-01 3.544606281292672079e-01 3.552571688666363303e-01 2.646791078743741532e-01 2.560309512972235024e-02 0.000000000000000000e+00
6.400000000000000000e+03 2.559972187583581249e-01 3.569640418752844657e-01 3.528675466545289074e-01 2.643377332726445372e-01 2.583067819754210348e-02 0.000000000000000000e+00
6.450000000000000000e+03 2.579971970299077544e-01 3.581019572143832597e-01 3.521847974510696200e-01 2.647928994082840437e-01 2.492034592626308706e-02 0.000000000000000000e+00
6.500000000000000000e+03 2.599971753014573839e-01 3.619708693673190925e-01 3.507055075102412656e-01 2.641101502048247562e-01 2.321347291761493084e-02 0.000000000000000000e+00
6.550000000000000000e+03 2.619971535730070133e-01 3.538916704597178109e-01 3.536640873918980299e-01 2.705962676376877374e-01 2.184797451069640448e-02 0.000000000000000000e+00
6.600000000000000000e+03 2.639971318445568649e-01 3.485434683659535682e-01 3.594674556213017791e-01 2.685480200273099860e-01 2.344105598543468408e-02 0.000000000000000000e+00
6.650000000000000000e+03 2.659971101161064944e-01 3.461538461538461453e-01 3.562812926718252338e-01 2.734410559854346667e-01 2.412380518889394726e-02 0.000000000000000000e+00
6.700000000000000000e+03 2.679970883876561238e-01 3.505917159763313751e-01 3.541192535275375364e-01 2.715065999089667503e-01 2.378243058716431393e-02 0.000000000000000000e+00
6.750000000000000000e+03 2.699970666592057533e-01 3.496813837050523621e-01 3.566226672735548497e-01 2.725307237141556538e-01 2.116522530723714129e-02 0.000000000000000000e+00
6.800000000000000000e+03 2.719970449307553828e-01 3.417159763313609711e-01 3.628812016385981054e-01 2.736686390532544477e-01 2.173418297678652786e-02 0.000000000000000000e+00
6.850000000000000000e+03 2.739970232023050123e-01 3.456986800182066388e-01 3.634501593081474469e-01 2.733272644515248317e-01 1.752389622212107562e-02 0.000000000000000000e+00
6.900000000000000000e+03 2.759970014738548638e-01 3.477469276285844457e-01 3.579881656804733692e-01 2.750341374601729671e-01 1.923076923076923184e-02 0.000000000000000000e+00
6.950000000000000000e+03 2.779969797454044933e-01 3.495675921711424716e-01 3.598088302230313951e-01 2.716203914428766408e-01 1.900318616294947513e-02 0.000000000000000000e+00
7.000000000000000000e+03 2.799969580169541228e-01 3.559399180700955623e-01 3.590122894856622726e-01 2.641101502048247562e-01 2.093764223941738806e-02 0.000000000000000000e+00
7.050000000000000000e+03 2.819969362885037523e-01 3.493400091033226906e-01 3.612881201638598050e-01 2.692307692307692180e-01 2.014110150204824826e-02 0.000000000000000000e+00
7.100000000000000000e+03 2.839969145600533817e-01 3.517296313154301135e-01 3.654984069185252538e-01 2.649066909421938787e-01 1.786527082385070547e-02 0.000000000000000000e+00
7.150000000000000000e+03 2.859968928316032333e-01 3.497951752389621971e-01 3.683431952662721831e-01 2.608101957214383204e-01 2.105143377332726468e-02 0.000000000000000000e+00
7.200000000000000000e+03 2.879968711031528628e-01 3.510468821119708815e-01 3.667501137915338827e-01 2.614929449248976079e-01 2.071005917159763482e-02 0.000000000000000000e+00
7.250000000000000000e+03 2.899968493747024922e-01 3.534365043240783044e-01 3.764223941738734647e-01 2.537551206190259423e-01 1.638598088302230249e-02 0.000000000000000000e+00
7.300000000000000000e+03 2.919968276462521217e-01 3.499089667728720876e-01 3.791533909877105035e-01 2.513654984069185194e-01 1.957214383249886169e-02 0.000000000000000000e+00
7.350000000000000000e+03 2.939968059178017512e-01 3.499089667728720876e-01 3.856395084205734847e-01 2.459035047792444140e-01 1.854802002730996865e-02 0.000000000000000000e+00
7.400000000000000000e+03 2.959967841893516027e-01 3.517296313154301135e-01 3.862084660901228816e-01 2.445380063723258945e-01 1.752389622212107562e-02 0.000000000000000000e+00
7.450000000000000000e+03 2.979967624609012322e-01 3.596950386891215046e-01 3.825671370050068298e-01 2.426035502958579781e-01 1.513427401001365448e-02 0.000000000000000000e+00
7.500000000000000000e+03 2.999967407324508617e-01 3.614019116977696955e-01 3.812016385980883104e-01 2.431725079654073751e-01 1.422394173873463806e-02 0.000000000000000000e+00
7.550000000000000000e+03 3.019967190040004912e-01 3.615157032316795860e-01 3.777878925807919841e-01 2.448793809740555383e-01 1.581702321347291593e-02 0.000000000000000000e+00
7.600000000000000000e+03 3.039966972755501207e-01 3.657259899863450348e-01 3.794947655894401195e-01 2.373691397360036537e-01 1.741010468821119553e-02 0.000000000000000000e+00
7.650000000000000000e+03 3.059966755470999722e-01 3.628812016385981054e-01 3.830223031406463363e-01 2.388484296768320359e-01 1.524806554392353283e-02 0.000000000000000000e+00
7.700000000000000000e+03 3.079966538186496017e-01 3.707328174783796060e-01 3.824533454710969393e-01 2.330450614474283144e-01 1.376877560309512985e-02 0.000000000000000000e+00
7.750000000000000000e+03 3.099966320901992312e-01 3.691397360036413056e-01 3.852981338188438687e-01 2.299726900318616318e-01 1.558944014565316269e-02 0.000000000000000000e+00
7.800000000000000000e+03 3.119966103617488606e-01 3.621984524351388179e-01 3.915566681838871244e-01 2.274692762858443462e-01 1.877560309512972189e-02 0.000000000000000000e+00
7.850000000000000000e+03 3.139965886332984901e-01 3.718707328174783999e-01 3.884842967683204140e-01 2.232589895311788697e-01 1.638598088302230249e-02 0.000000000000000000e+00
7.900000000000000000e+03 3.159965669048483417e-01 3.763086026399635742e-01 3.885980883022303045e-01 2.177969959035047920e-01 1.729631315430131891e-02 0.000000000000000000e+00
7.950000000000000000e+03 3.179965451763979711e-01 3.709604005461993870e-01 3.931497496586254248e-01 2.216659080564405970e-01 1.422394173873463806e-02 0.000000000000000000e+00
8.000000000000000000e+03 3.199965234479476006e-01 3.677742375967227861e-01 3.945152480655439442e-01 2.216659080564405970e-01 1.604460628129267263e-02 0.000000000000000000e+00
8.050000000000000000e+03 3.219965017194972301e-01 3.747155211652253293e-01 3.971324533454710926e-01 2.141556668183887124e-01 1.399635867091488309e-02 0.000000000000000000e+00
8.100000000000000000e+03 3.239964799910468596e-01 3.793809740555302845e-01 3.957669549385525731e-01 2.110832954028220299e-01 1.376877560309512985e-02 0.000000000000000000e+00
8.150000000000000000e+03 3.259964582625964891e-01 3.808602639963586944e-01 3.965634956759216956e-01 2.115384615384615363e-01 1.103777878925807886e-02 0.000000000000000000e+00
8.200000000000000000e+03 3.279964365341463406e-01 3.709604005461993870e-01 3.991807009558488994e-01 2.150659990896677254e-01 1.479289940828402289e-02 0.000000000000000000e+00
8.250000000000000000e+03 3.299964148056959701e-01 3.673190714610832797e-01 4.050978607191624836e-01 2.141556668183887124e-01 1.342740100136549826e-02 0.000000000000000000e+00
8.300000000000000000e+03 3.319963930772455996e-01 3.625398270368684339e-01 4.068047337278106745e-01 2.187073281747838049e-01 1.194811106053709528e-02 0.000000000000000000e+00
8.350000000000000000e+03 3.339963713487952290e-01 3.649294492489758568e-01 4.031634046426945672e-01 2.193900773782430647e-01 1.251706873008648184e-02 0.000000000000000000e+00
8.400000000000000000e+03 3.359963496203448585e-01 3.700500682749203185e-01 3.980427856167501055e-01 2.190487027765134209e-01 1.285844333181611343e-02 0.000000000000000000e+00
8.450000000000000000e+03 3.379963278918947100e-01 3.667501137915338827e-01 4.016841147018661573e-01 2.199590350477924339e-01 1.160673645880746542e-02 0.000000000000000000e+00
8.500000000000000000e+03 3.399963061634443395e-01 3.691397360036413056e-01 4.047564861174328676e-01 2.159763313609467383e-01 1.012744651797906244e-02 0.000000000000000000e+00
8.550000000000000000e+03 3.419962844349939690e-01 3.607191624943104080e-01 4.080564406008193035e-01 2.180245789713245452e-01 1.319981793354574502e-02 0.000000000000000000e+00
8.600000000000000000e+03 3.439962627065435985e-01 3.640191169776968438e-01 4.063495675921711681e-01 2.173418297678652578e-01 1.228948566226672687e-02 0.000000000000000000e+00
8.650000000000000000e+03 3.459962409780932280e-01 3.678880291306326766e-01 4.066909421939007840e-01 2.139280837505689592e-01 1.149294492489758707e-02 0.000000000000000000e+00
8.700000000000000000e+03 3.479962192496430795e-01 3.757396449704141772e-01 4.055530268548019901e-01 2.057350933090578149e-01 1.297223486572599005e-02 0.000000000000000000e+00
8.750000000000000000e+03 3.499961975211927090e-01 3.808602639963586944e-01 4.064633591260810030e-01 2.019799726900318726e-01 1.069640418752844727e-02 0.000000000000000000e+00
8.800000000000000000e+03 3.519961757927423385e-01 3.862084660901228816e-01 4.037323623122439642e-01 1.978834774692762866e-01 1.217569412835685025e-02 0.000000000000000000e+00
8.850000000000000000e+03 3.539961540642919680e-01 3.819981793354574329e-01 4.088529813381884259e-01 1.964041875284478766e-01 1.263086026399635846e-02 1.137915339098771066e-04
8.900000000000000000e+03 3.559961323358415974e-01 3.805188893946290229e-01 4.085116067364588099e-01 1.968593536640873831e-01 1.411015020482476144e-02 0.000000000000000000e+00
8.950000000000000000e+03 3.579961106073914490e-01 3.849567592171142527e-01 4.053254437869822646e-01 1.960628129267182607e-01 1.365498406918525323e-02 0.000000000000000000e+00
9.000000000000000000e+03 3.599960888789410784e-01 3.794947655894401195e-01 4.112426035502958488e-01 1.974283113336367801e-01 1.183431952662721866e-02 0.000000000000000000e+00
9.050000000000000000e+03 3.619960671504907079e-01 3.738051888939463163e-01 4.137460172963131622e-01 1.999317250796540657e-01 1.251706873008648184e-02 0.000000000000000000e+00
9.100000000000000000e+03 3.639960454220403374e-01 3.751706873008648357e-01 4.099908966772872199e-01 2.019799726900318726e-01 1.285844333181611343e-02 0.000000000000000000e+00
9.150000000000000000e+03 3.659960236935899669e-01 3.816568047337278169e-01 4.090805644060082069e-01 1.972007282658170269e-01 1.206190259444697363e-02 0.000000000000000000e+00
9.200000000000000000e+03 3.679960019651398184e-01 3.736913973600364258e-01 4.156804733727810786e-01 1.979972690031861493e-01 1.263086026399635846e-02 0.000000000000000000e+00
9.250000000000000000e+03 3.699959802366894479e-01 3.705052344105598805e-01 4.210286754665452658e-01 1.981110605370960398e-01 1.035502958579881741e-02 0.000000000000000000e+00
9.300000000000000000e+03 3.719959585082390774e-01 3.672052799271734447e-01 4.218252162039144437e-01 2.003868912152935722e-01 1.058261265361857065e-02 0.000000000000000000e+00
9.350000000000000000e+03 3.739959367797887069e-01 3.690259444697314706e-01 4.269458352298589054e-01 1.944697314519799602e-01 9.558488848429677609e-03 0.000000000000000000e+00
9.400000000000000000e+03 3.759959150513383364e-01 3.621984524351388179e-01 4.300182066454255603e-01 1.972007282658170269e-01 1.058261265361857065e-02 0.000000000000000000e+00
9.450000000000000000e+03 3.779958933228881879e-01 3.660673645880746507e-01 4.321802457897132577e-01 1.929904415111515781e-01 8.761948111060537808e-03 0.000000000000000000e+00
9.500000000000000000e+03 3.799958715944378174e-01 3.609467455621301890e-01 4.361629494765589254e-01 1.942421483841602070e-01 8.648156577150659455e-03 0.000000000000000000e+00
9.550000000000000000e+03 3.819958498659874468e-01 3.677742375967227861e-01 4.333181611288119961e-01 1.907146108329540179e-01 8.192990441511151245e-03 0.000000000000000000e+00
9.600000000000000000e+03 3.839958281375370763e-01 3.657259899863450348e-01 4.361629494765589254e-01 1.901456531634046487e-01 7.965407373691398007e-03 0.000000000000000000e+00
9.650000000000000000e+03 3.859958064090867058e-01 3.621984524351388179e-01 4.402594446973145392e-01 1.892353208921256358e-01 8.306781975421027864e-03 0.000000000000000000e+00
9.700000000000000000e+03 3.879957846806363353e-01 3.585571233500227661e-01 4.449248975876194945e-01 1.877560309512972259e-01 8.761948111060537808e-03 0.000000000000000000e+00
9.750000000000000000e+03 3.899957629521859648e-01 3.591260810195721631e-01 4.444697314519799880e-01 1.879836140191169791e-01 8.420573509330906217e-03 0.000000000000000000e+00
9.800000000000000000e+03 3.919957412237355943e-01 3.636777423759672279e-01 4.429904415111515781e-01 1.871870732817478289e-01 6.144742831133363434e-03 0.000000000000000000e+00
9.850000000000000000e+03 3.939957194952852237e-01 3.609467455621301890e-01 4.432180245789713036e-01 1.892353208921256358e-01 6.599908966772872511e-03 0.000000000000000000e+00
9.900000000000000000e+03 3.959956977668350753e-01 3.575329995448338627e-01 4.452662721893491105e-01 1.899180700955848955e-01 7.282658170232134826e-03 0.000000000000000000e+00
9.950000000000000000e+03 3.979956760383847048e-01 3.569640418752844657e-01 4.453800637232590010e-01 1.896904870277651423e-01 7.965407373691398007e-03 0.000000000000000000e+00
1.000000000000000000e+04 3.999956543099343342e-01 3.552571688666363303e-01 4.473145197997269173e-01 1.904870277651342647e-01 6.941283568502503235e-03 0.000000000000000000e+00
1.005000000000000000e+04 4.019956325814839637e-01 3.516158397815202785e-01 4.497041420118343402e-01 1.915111515703231682e-01 7.168866636322257339e-03 0.000000000000000000e+00
1.010000000000000000e+04 4.039956108530335932e-01 3.521847974510696200e-01 4.482248520710059303e-01 1.931042330450614408e-01 6.486117432862995025e-03 0.000000000000000000e+00
1.015000000000000000e+04 4.059955891245834447e-01 3.533227127901684139e-01 4.479972690031861493e-01 1.913973600364132777e-01 7.282658170232134826e-03 0.000000000000000000e+00
1.020000000000000000e+04 4.079955673961330742e-01 3.566226672735548497e-01 4.453800637232590010e-01 1.898042785616750050e-01 8.192990441511151245e-03 0.000000000000000000e+00
1.025000000000000000e+04 4.099955456676827037e-01 3.551433773327264398e-01 4.465179790623577394e-01 1.916249431042330587e-01 6.713700500682749130e-03 0.000000000000000000e+00
1.030000000000000000e+04 4.119955239392323332e-01 3.591260810195721631e-01 4.452662721893491105e-01 1.860491579426490627e-01 9.558488848429677609e-03 0.000000000000000000e+00
1.035000000000000000e+04 4.139955022107819627e-01 3.609467455621301890e-01 4.486800182066454368e-01 1.812699135184342170e-01 9.103322712790167665e-03 0.000000000000000000e+00
1.040000000000000000e+04 4.159954804823315921e-01 3.591260810195721631e-01 4.491351843422849432e-01 1.802457897132453413e-01 1.149294492489758707e-02 0.000000000000000000e+00
1.045000000000000000e+04 4.179954587538814437e-01 3.674328629949931702e-01 4.473145197997269173e-01 1.779699590350477811e-01 7.282658170232134826e-03 0.000000000000000000e+00
1.050000000000000000e+04 4.199954370254310732e-01 3.676604460628129512e-01 4.481110605370960398e-01 1.766044606281292617e-01 7.624032771961766417e-03 0.000000000000000000e+00
1.055000000000000000e+04 4.219954152969807026e-01 3.641329085116067343e-01 4.508420573509330787e-01 1.745562130177514826e-01 1.046882111970869403e-02 0.000000000000000000e+00
1.060000000000000000e+04 4.239953935685303321e-01 3.647018661811561313e-01 4.527765134274009950e-01 1.734182976786527164e-01 9.103322712790167665e-03 0.000000000000000000e+00
1.065000000000000000e+04 4.259953718400799616e-01 3.654984069185252538e-01 4.517523896222120916e-01 1.747837960855712358e-01 7.965407373691398007e-03 0.000000000000000000e+00
1.070000000000000000e+04 4.279953501116298131e-01 3.592398725534819981e-01 4.564178425125170468e-01 1.748975876194810986e-01 9.444697314519799256e-03 0.000000000000000000e+00
1.075000000000000000e+04 4.299953283831794426e-01 3.620846609012289274e-01 4.583522985889849632e-01 1.722803823395539502e-01 7.282658170232134826e-03 0.000000000000000000e+00
1.080000000000000000e+04 4.319953066547290721e-01 3.629949931725079404e-01 4.585798816568047442e-01 1.685252617205279801e-01 9.899863450159307465e-03 0.000000000000000000e+00
1.085000000000000000e+04 4.339952849262787016e-01 3.644742831133363503e-01 4.589212562585343602e-01 1.657942649066909413e-01 1.081019572143832562e-02 0.000000000000000000e+00
1.090000000000000000e+04 4.359952631978283311e-01 3.705052344105598805e-01 4.531178880291306110e-01 1.675011379153391045e-01 8.875739644970414427e-03 0.000000000000000000e+00
1.095000000000000000e+04 4.379952414693781826e-01 3.700500682749203185e-01 4.530040964952207760e-01 1.676149294492489672e-01 9.330905780609922637e-03 0.000000000000000000e+00
1.100000000000000000e+04 4.399952197409278121e-01 3.698224852071005930e-01 4.536868456986800080e-01 1.657942649066909413e-01 1.069640418752844727e-02 0.000000000000000000e+00
1.105000000000000000e+04 4.419951980124774416e-01 3.727810650887574129e-01 4.536868456986800080e-01 1.614701866181156020e-01 1.206190259444697363e-02 0.000000000000000000e+00
1.110000000000000000e+04 4.439951762840270710e-01 3.649294492489758568e-01 4.623350022758306865e-01 1.643149749658625314e-01 8.420573509330906217e-03 0.000000000000000000e+00
1.115000000000000000e+04 4.459951545555767005e-01 3.664087391898042667e-01 4.609695038689121671e-01 1.628356850250341492e-01 9.786071916249430847e-03 0.000000000000000000e+00
1.120000000000000000e+04 4.479951328271265520e-01 3.664087391898042667e-01 4.596040054619936477e-01 1.649977241693217911e-01 8.989531178880291046e-03 0.000000000000000000e+00
1.125000000000000000e+04 4.499951110986761815e-01 3.716431497496586189e-01 4.563040509786072119e-01 1.629494765589440120e-01 9.103322712790167665e-03 0.000000000000000000e+00
1.130000000000000000e+04 4.519950893702258110e-01 3.771051433773327521e-01 4.550523441055985274e-01 1.595357305416477134e-01 8.306781975421027864e-03 0.000000000000000000e+00
1.135000000000000000e+04 4.539950676417754405e-01 3.753982703686845612e-01 4.493627674101046687e-01 1.648839326354119283e-01 1.035502958579881741e-02 0.000000000000000000e+00
