# itime ezz other fcc hcp bcc ico
0.000000000000000000e+00 0.000000000000000000e+00 2.275830678197542133e-04 9.997724169321802190e-01 0.000000000000000000e+00 0.000000000000000000e+00 0.000000000000000000e+00
2.500000000000000000e+02 1.000002863497551076e-02 0.000000000000000000e+00 1.000000000000000000e+00 0.000000000000000000e+00 0.000000000000000000e+00 0.000000000000000000e+00
5.000000000000000000e+02 2.000005726995124355e-02 1.365498406918525280e-03 9.986345015930814251e-01 0.000000000000000000e+00 0.000000000000000000e+00 0.000000000000000000e+00
7.500000000000000000e+02 3.000008590492675431e-02 4.437869822485207214e-03 9.955621301775148257e-01 0.000000000000000000e+00 0.000000000000000000e+00 0.000000000000000000e+00
1.000000000000000000e+03 4.000011453990248711e-02 6.941283568502503235e-03 9.923759672280382249e-01 0.000000000000000000e+00 6.827492034592626399e-04 0.000000000000000000e+00
1.250000000000000000e+03 5.000014317487799786e-02 1.524806554392353283e-02 9.835002275830677654e-01 0.000000000000000000e+00 1.251706873008648227e-03 0.000000000000000000e+00
1.500000000000000000e+03 6.000017180985350862e-02 2.366863905325443732e-02 9.753072371415566488e-01 0.000000000000000000e+00 1.024123805188893906e-03 0.000000000000000000e+00
1.750000000000000000e+03 7.000020044482924142e-02 6.019572143832498806e-02 9.365043240782885414e-01 0.000000000000000000e+00 3.299954483386436255e-03 0.000000000000000000e+00
2.000000000000000000e+03 8.000022907980475217e-02 8.033682294037323979e-02 9.135184342284934367e-01 0.000000000000000000e+00 6.144742831133363434e-03 0.000000000000000000e+00
2.250000000000000000e+03 9.000025771478026293e-02 1.645425580336822846e-01 8.098543468365954068e-01 0.000000000000000000e+00 2.560309512972235024e-02 0.000000000000000000e+00
2.500000000000000000e+03 1.000002863497559957e-01 3.527537551206190169e-01 4.594902139280837572e-01 5.120619025944469528e-03 1.826354119253527641e-01 0.000000000000000000e+00
2.750000000000000000e+03 1.100003149847315065e-01 4.218252162039144437e-01 2.828857532999544677e-01 6.861629494765589254e-02 2.266727355484751960e-01 0.000000000000000000e+00
3.000000000000000000e+03 1.200003436197072393e-01 4.406008192990441552e-01 2.403277196176604458e-01 1.141329085116067343e-01 2.049385525716886647e-01 0.000000000000000000e+00
3.250000000000000000e+03 1.300003722546827500e-01 4.663177059626763543e-01 1.797906235776058348e-01 1.337050523441055960e-01 2.201866181156121871e-01 0.000000000000000000e+00
3.500000000000000000e+03 1.400004008896582608e-01 5.014792899408283544e-01 1.444014565316340537e-01 1.374601729631315383e-01 2.166590805644059980e-01 0.000000000000000000e+00
3.750000000000000000e+03 1.500004295246339936e-01 5.464269458352298825e-01 1.123122439690487084e-01 1.358670914883932657e-01 2.053937187073281712e-01 0.000000000000000000e+00
4.000000000000000000e+03 1.600004581596095043e-01 5.739644970414201630e-01 1.049157942649066866e-01 1.399635867091488517e-01 1.811561219845243542e-01 0.000000000000000000e+00
4.250000000000000000e+03 1.700004867945850151e-01 5.881884387801548097e-01 1.107191624943104219e-01 1.450842057350933134e-01 1.560081929904415243e-01 0.000000000000000000e+00
4.500000000000000000e+03 1.800005154295607479e-01 6.058261265361857273e-01 1.079881656804733692e-01 1.392808375056895642e-01 1.469048702776513393e-01 0.000000000000000000e+00
4.750000000000000000e+03 1.900005440645362587e-01 6.005917159763313196e-01 1.095812471552116557e-01 1.606736458807464796e-01 1.291533909877105035e-01 0.000000000000000000e+00
5.000000000000000000e+03 2.000005726995119915e-01 5.996813837050523066e-01 1.127674101046882149e-01 1.644287664997724219e-01 1.231224396904870289e-01 0.000000000000000000e+00
5.250000000000000000e+03 2.100006013344875022e-01 6.123122439690487084e-01 9.888484296768319803e-02 1.610150204824760956e-01 1.277878925807919841e-01 0.000000000000000000e+00
5.500000000000000000e+03 2.200006299694630130e-01 6.279016841147018191e-01 9.182976786527081992e-02 1.761492944924897552e-01 1.041192535275375503e-01 0.000000000000000000e+00
5.750000000000000000e+03 2.300006586044387458e-01 6.283568502503413811e-01 8.136094674556212936e-02 1.843422849340008995e-01 1.058261265361857134e-01 1.137915339098771066e-04
6.000000000000000000e+03 2.400006872394142565e-01 6.309740555302685294e-01 7.840236686390532339e-02 2.078971324533454845e-01 8.261265361857077216e-02 1.137915339098771066e-04
6.250000000000000000e+03 2.500007158743897673e-01 6.260810195721437932e-01 8.340919435593992237e-02 2.149522075557578626e-01 7.544378698224851743e-02 1.137915339098771066e-04
6.500000000000000000e+03 2.600007445093655001e-01 6.240327719617660973e-01 7.931269913518433634e-02 2.402139280837505553e-01 5.644060081929904577e-02 0.000000000000000000e+00
6.750000000000000000e+03 2.700007731443410108e-01 6.164087391898043222e-01 7.601274465179790052e-02 2.701411015020482309e-01 3.743741465634956717e-02 0.000000000000000000e+00
7.000000000000000000e+03 2.800008017793167436e-01 6.053709604005461653e-01 8.010923987255348655e-02 2.809512972234865513e-01 3.345471096950387163e-02 1.137915339098771066e-04
7.250000000000000000e+03 2.900008304142922544e-01 6.009330905780609910e-01 8.010923987255348655e-02 2.949476558944014726e-01 2.389622212107419055e-02 1.137915339098771066e-04
7.500000000000000000e+03 3.000008590492677651e-01 5.863677742375966728e-01 7.897132453345470648e-02 3.087164314974966128e-01 2.594446973145198010e-02 0.000000000000000000e+00
7.750000000000000000e+03 3.100008876842434979e-01 5.787437414656350088e-01 8.010923987255348655e-02 3.206645425580336717e-01 2.036868456986800149e-02 1.137915339098771066e-04
8.000000000000000000e+03 3.200009163192190087e-01 5.862539827036868934e-01 7.510241238051888757e-02 3.196404187528447682e-01 1.854802002730996865e-02 4.551661356395084266e-04
8.250000000000000000e+03 3.300009449541945195e-01 5.852298588984979899e-01 8.306781975421029252e-02 3.162266727355484974e-01 1.536185707783340945e-02 1.137915339098771066e-04
8.500000000000000000e+03 3.400009735891702523e-01 5.946745562130177909e-01 7.999544833864360993e-02 3.068957669549385314e-01 1.832043695949021542e-02 1.137915339098771066e-04
8.750000000000000000e+03 3.500010022241457630e-01 6.109467455621301335e-01 7.544378698224851743e-02 2.923304506144742687e-01 2.116522530723714129e-02 1.137915339098771066e-04
9.000000000000000000e+03 3.600010308591214958e-01 6.226672735548475224e-01 7.806099226217569353e-02 2.740100136549840637e-01 2.526172052799271692e-02 0.000000000000000000e+00
9.250000000000000000e+03 3.700010594940967845e-01 6.426945835229859183e-01 7.077833409194356218e-02 2.547792444242148457e-01 3.140646335912607862e-02 3.413746017296313199e-04
9.500000000000000000e+03 3.800010881290725173e-01 6.668183887118798170e-01 6.383705052344106068e-02 2.404415111515703363e-01 2.878925807919890598e-02 1.137915339098771066e-04
9.750000000000000000e+03 3.900011167640480281e-01 6.786527082385070964e-01 6.360946745562130744e-02 2.284934000910332219e-01 2.844788347746927612e-02 7.965407373691396923e-04
1.000000000000000000e+04 4.000011453990235388e-01 6.950386891215293295e-01 6.065088757396449454e-02 2.159763313609467383e-01 2.799271734182976618e-02 3.413746017296313199e-04
1.025000000000000000e+04 4.100011740339992716e-01 7.121074192080109055e-01 6.042330450614474130e-02 1.984524351388256835e-01 2.878925807919890598e-02 2.275830678197542133e-04
1.050000000000000000e+04 4.200012026689747824e-01 7.214383249886208160e-01 5.757851615839781195e-02 1.924214838416021811e-01 2.822030040964952288e-02 3.413746017296313199e-04
1.075000000000000000e+04 4.300012313039505152e-01 7.306554392353209471e-01 5.632680928538916915e-02 1.857077833409194467e-01 2.719617660446062984e-02 1.137915339098771066e-04
1.100000000000000000e+04 4.400012599389260259e-01 7.423759672280382249e-01 5.177514792899408358e-02 1.810423304506144637e-01 2.446517979062357712e-02 3.413746017296313199e-04
1.125000000000000000e+04 4.500012885739015367e-01 7.472690031861629611e-01 4.790623577605826466e-02 1.785389167045971781e-01 2.583067819754210348e-02 4.551661356395084266e-04
1.150000000000000000e+04 4.600013172088772695e-01 7.581929904415111166e-01 4.631315430131998506e-02 1.760355029585798925e-01 1.934456076467910846e-02 1.137915339098771066e-04
1.175000000000000000e+04 4.700013458438527802e-01 7.711652253072371899e-01 4.096495220755575623e-02 1.687528447883477334e-01 1.854802002730996865e-02 5.689576695493854790e-04
1.200000000000000000e+04 4.800013744788282910e-01 7.823167956304051263e-01 3.834774692762858705e-02 1.607874374146563423e-01 1.797906235776058209e-02 5.689576695493854790e-04
1.225000000000000000e+04 4.900014031138040238e-01 7.924442421483841592e-01 3.720983158852981393e-02 1.498634501593081592e-01 2.014110150204824826e-02 3.413746017296313199e-04
1.250000000000000000e+04 5.000014317487795346e-01 7.965407373691397730e-01 3.834774692762858705e-02 1.456531634046426826e-01 1.900318616294947513e-02 4.551661356395084266e-04
1.275000000000000000e+04 5.100014603837552674e-01 8.047337278106508895e-01 3.641329085116067066e-02 1.391670459717797015e-01 1.843422849340009204e-02 1.251706873008648227e-03
1.300000000000000000e+04 5.200014890187307781e-01 8.163404642694583879e-01 3.573054164770141095e-02 1.331360946745562268e-01 1.422394173873463806e-02 5.689576695493854790e-04
1.325000000000000000e+04 5.300015176537062889e-01 8.310195721438324856e-01 3.288575329995448160e-02 1.239189804278561652e-01 1.137915339098771045e-02 7.965407373691396923e-04
1.350000000000000000e+04 5.400015462886820217e-01 8.318161128812016081e-01 3.425125170687300796e-02 1.217569412835685094e-01 1.103777878925807886e-02 1.137915339098770958e-03
1.375000000000000000e+04 5.500015749236575324e-01 8.335229858898497435e-01 3.038233955393718558e-02 1.195949021392808398e-01 1.581702321347291593e-02 6.827492034592626399e-04
1.400000000000000000e+04 5.600016035586332652e-01 8.429676832043695445e-01 3.038233955393718558e-02 1.119708693673190647e-01 1.365498406918525323e-02 1.024123805188893906e-03
1.425000000000000000e+04 5.700016321936087760e-01 8.527537551206190169e-01 2.913063268092853930e-02 1.066226672735548497e-01 1.046882111970869403e-02 1.024123805188893906e-03
1.450000000000000000e+04 5.800016608285842867e-01 8.563950842057350687e-01 2.765134274010013632e-02 1.028675466545289074e-01 1.206190259444697363e-02 1.024123805188893906e-03
1.475000000000000000e+04 5.900016894635600195e-01 8.596950386891215601e-01 2.822030040964952288e-02 1.016158397815202508e-01 9.672280382339554228e-03 7.965407373691396923e-04
1.500000000000000000e+04 6.000017180985355303e-01 8.681156121984524576e-01 2.492034592626308706e-02 9.387801547564861293e-02 1.206190259444697363e-02 1.024123805188893906e-03
1.525000000000000000e+04 6.100017467335110410e-01 8.789258079198907225e-01 2.696859353664087314e-02 8.192990441511151245e-02 1.137915339098771045e-02 7.965407373691396923e-04
1.550000000000000000e+04 6.200017753684867738e-01 8.776741010468821491e-01 2.719617660446062984e-02 8.500227583067819503e-02 8.534365043240782836e-03 1.593081474738279385e-03
1.575000000000000000e+04 6.300018040034622846e-01 8.788120163859808320e-01 2.639963586709149004e-02 8.579881656804733137e-02 8.079198907601274626e-03 9.103322712790168532e-04
1.600000000000000000e+04 6.400018326384380174e-01 8.854119253527537037e-01 2.548930359581247015e-02 7.794720072826581692e-02 1.001365498406918582e-02 1.137915339098770958e-03
1.625000000000000000e+04 6.500018612734135282e-01 8.954255803368229572e-01 2.423759672280382388e-02 6.781975421028675621e-02 1.160673645880746542e-02 9.103322712790168532e-04
1.650000000000000000e+04 6.600018899083890389e-01 8.899635867091488795e-01 2.503413746017296368e-02 7.225762403277195822e-02 1.228948566226672687e-02 4.551661356395084266e-04
1.675000000000000000e+04 6.700019185433647717e-01 8.961083295402821891e-01 2.446517979062357712e-02 6.816112881201638607e-02 1.024123805188893906e-02 1.024123805188893906e-03
1.700000000000000000e+04 6.800019471783402825e-01 8.917842512517069054e-01 2.309968138370505075e-02 7.180245789713245175e-02 1.172052799271734204e-02 1.593081474738279385e-03
1.725000000000000000e+04 6.900019758133157932e-01 9.015703231679562668e-01 2.127901684114701791e-02 6.383705052344106068e-02 1.160673645880746542e-02 1.706873008648156654e-03
1.750000000000000000e+04 7.000020044482915260e-01 9.079426490669094685e-01 2.184797451069640448e-02 5.871643149749658508e-02 9.786071916249430847e-03 1.706873008648156654e-03
1.775000000000000000e+04 7.100020330832670368e-01 9.044151115157031962e-01 2.150659990896677115e-02 6.486117432862995025e-02 7.510241238051888930e-03 1.706873008648156654e-03
1.800000000000000000e+04 7.200020617182427696e-01 9.091943559399180419e-01 1.854802002730996865e-02 6.133363677742376119e-02 9.558488848429677609e-03 1.365498406918525280e-03
1.825000000000000000e+04 7.300020903532182803e-01 9.156804733727810230e-01 1.945835229858898507e-02 5.621301775147929253e-02 7.510241238051888930e-03 1.137915339098770958e-03
1.850000000000000000e+04 7.400021189881937911e-01 9.217114246700045532e-01 1.809285389167045871e-02 5.245789713245334329e-02 6.486117432862995025e-03 1.251706873008648227e-03
1.875000000000000000e+04 7.500021476231695239e-01 9.236458807464724696e-01 1.843422849340009204e-02 5.052344105598543383e-02 6.144742831133363434e-03 1.251706873008648227e-03
1.900000000000000000e+04 7.600021762581450346e-01 9.294492489758762188e-01 1.695493855257168905e-02 4.597177969959034827e-02 6.827492034592626616e-03 7.965407373691396923e-04
1.925000000000000000e+04 7.700022048931205454e-01 9.368456986800182129e-01 1.695493855257168905e-02 4.062357760582612637e-02 4.551661356395083832e-03 1.024123805188893906e-03
1.950000000000000000e+04 7.800022335280962782e-01 9.448111060537096595e-01 1.399635867091488309e-02 3.641329085116067066e-02 4.210286754665453109e-03 5.689576695493854790e-04
1.975000000000000000e+04 7.900022621630717889e-01 9.461766044606281234e-01 1.285844333181611343e-02 3.482020937642239106e-02 4.893035958124715423e-03 1.251706873008648227e-03
2.000000000000000000e+04 8.000022907980475217e-01 9.495903504779243942e-01 1.172052799271734204e-02 3.390987710514337811e-02 3.527537551206190360e-03 1.251706873008648227e-03
2.025000000000000000e+04 8.100023194330230325e-01 9.493627674101047242e-01 1.399635867091488309e-02 3.152025489303595523e-02 3.868912152935821518e-03 1.251706873008648227e-03
2.050000000000000000e+04 8.200023480679985433e-01 9.495903504779243942e-01 1.308602639963586667e-02 3.322712790168411146e-02 2.958579881656804664e-03 1.137915339098770958e-03
2.075000000000000000e+04 8.300023767029742761e-01 9.509558488848429691e-01 1.183431952662721866e-02 3.163404642694583185e-02 3.755120619025944465e-03 1.820664542558033706e-03
2.100000000000000000e+04 8.400024053379497868e-01 9.526627218934911046e-01 1.285844333181611343e-02 3.060992262175694228e-02 2.389622212107419402e-03 1.479289940828402332e-03
2.125000000000000000e+04 8.500024339729252976e-01 9.560764679107874864e-01 1.115157032316795548e-02 2.901684114701866268e-02 2.617205279927173507e-03 1.137915339098770958e-03
2.150000000000000000e+04 8.600024626079010304e-01 9.581247155211651823e-01 1.160673645880746542e-02 2.560309512972235024e-02 3.072371415566681717e-03 1.593081474738279385e-03
2.175000000000000000e+04 8.700024912428765411e-01 9.584660901228948537e-01 1.081019572143832562e-02 2.469276285844333035e-02 3.982703686845699004e-03 2.048247610377787811e-03
2.200000000000000000e+04 8.800025198778522739e-01 9.621074192080109055e-01 1.035502958579881741e-02 2.332726445152480746e-02 2.617205279927173507e-03 1.593081474738279385e-03
2.225000000000000000e+04 8.900025485128277847e-01 9.648384160218479444e-01 8.420573509330906217e-03 2.241693218024579104e-02 2.503413746017296455e-03 1.820664542558033706e-03
2.250000000000000000e+04 9.000025771478032954e-01 9.682521620391443262e-01 7.282658170232134826e-03 2.059626763768775473e-02 1.934456076467910759e-03 1.934456076467910759e-03
2.275000000000000000e+04 9.100026057827790282e-01 9.700728265817023521e-01 6.144742831133363434e-03 1.809285389167045871e-02 3.755120619025944465e-03 1.934456076467910759e-03
2.300000000000000000e+04 9.200026344177545390e-01 9.722348657259899385e-01 6.941283568502503235e-03 1.706873008648156567e-02 2.389622212107419402e-03 1.365498406918525280e-03
2.325000000000000000e+04 9.300026630527302718e-01 9.738279472007282944e-01 7.168866636322257339e-03 1.536185707783340945e-02 2.389622212107419402e-03 1.251706873008648227e-03
2.350000000000000000e+04 9.400026916877057825e-01 9.753072371415566488e-01 7.282658170232134826e-03 1.456531634046426965e-02 1.479289940828402332e-03 1.365498406918525280e-03
2.375000000000000000e+04 9.500027203226812933e-01 9.743969048702776359e-01 6.030951297223486815e-03 1.479289940828402289e-02 2.730996813837050560e-03 2.048247610377787811e-03
2.400000000000000000e+04 9.600027489576570261e-01 9.776968593536641272e-01 6.030951297223486815e-03 1.194811106053709528e-02 2.503413746017296455e-03 1.820664542558033706e-03
2.425000000000000000e+04 9.700027775926325369e-01 9.772416932180245652e-01 5.917159763313609329e-03 1.319981793354574502e-02 2.275830678197541916e-03 1.365498406918525280e-03
2.450000000000000000e+04 9.800028062276080476e-01 9.776968593536641272e-01 6.827492034592626616e-03 1.206190259444697363e-02 1.365498406918525280e-03 2.048247610377787811e-03
2.475000000000000000e+04 9.900028348625837804e-01 9.832726445152480954e-01 5.006827492034592909e-03 8.306781975421027864e-03 1.479289940828402332e-03 1.934456076467910759e-03
2.500000000000000000e+04 1.000002863497559513e+00 9.854346836595356818e-01 3.755120619025944465e-03 7.737824305871643035e-03 1.479289940828402332e-03 1.593081474738279385e-03
