# itime ezz other fcc hcp bcc ico
0.000000000000000000e+00 0.000000000000000000e+00 0.000000000000000000e+00 1.000000000000000000e+00 0.000000000000000000e+00 0.000000000000000000e+00 0.000000000000000000e+00
2.500000000000000000e+01 1.000058784495605479e-03 0.000000000000000000e+00 1.000000000000000000e+00 0.000000000000000000e+00 0.000000000000000000e+00 0.000000000000000000e+00
5.000000000000000000e+01 2.000117568991210959e-03 0.000000000000000000e+00 1.000000000000000000e+00 0.000000000000000000e+00 0.000000000000000000e+00 0.000000000000000000e+00
7.500000000000000000e+01 3.000176353486594394e-03 0.000000000000000000e+00 1.000000000000000000e+00 0.000000000000000000e+00 0.000000000000000000e+00 0.000000000000000000e+00
1.000000000000000000e+02 4.000235137982199873e-03 0.000000000000000000e+00 1.000000000000000000e+00 0.000000000000000000e+00 0.000000000000000000e+00 0.000000000000000000e+00
1.250000000000000000e+02 5.000293922477805353e-03 0.000000000000000000e+00 1.000000000000000000e+00 0.000000000000000000e+00 0.000000000000000000e+00 0.000000000000000000e+00
1.500000000000000000e+02 6.000352706973410832e-03 0.000000000000000000e+00 1.000000000000000000e+00 0.000000000000000000e+00 0.000000000000000000e+00 0.000000000000000000e+00
1.750000000000000000e+02 7.000411491468794267e-03 0.000000000000000000e+00 1.000000000000000000e+00 0.000000000000000000e+00 0.000000000000000000e+00 0.000000000000000000e+00
2.000000000000000000e+02 8.000470275964399747e-03 0.000000000000000000e+00 1.000000000000000000e+00 0.000000000000000000e+00 0.000000000000000000e+00 0.000000000000000000e+00
2.250000000000000000e+02 9.000529060460005226e-03 0.000000000000000000e+00 1.000000000000000000e+00 0.000000000000000000e+00 0.000000000000000000e+00 0.000000000000000000e+00
2.500000000000000000e+02 1.000058784495561071e-02 0.000000000000000000e+00 1.000000000000000000e+00 0.000000000000000000e+00 0.000000000000000000e+00 0.000000000000000000e+00
2.750000000000000000e+02 1.100064662945099414e-02 0.000000000000000000e+00 1.000000000000000000e+00 0.000000000000000000e+00 0.000000000000000000e+00 0.000000000000000000e+00
3.000000000000000000e+02 1.200070541394659962e-02 0.000000000000000000e+00 1.000000000000000000e+00 0.000000000000000000e+00 0.000000000000000000e+00 0.000000000000000000e+00
3.250000000000000000e+02 1.300076419844220510e-02 0.000000000000000000e+00 1.000000000000000000e+00 0.000000000000000000e+00 0.000000000000000000e+00 0.000000000000000000e+00
3.500000000000000000e+02 1.400082298293781058e-02 0.000000000000000000e+00 1.000000000000000000e+00 0.000000000000000000e+00 0.000000000000000000e+00 0.000000000000000000e+00
3.750000000000000000e+02 1.500088176743319401e-02 0.000000000000000000e+00 1.000000000000000000e+00 0.000000000000000000e+00 0.000000000000000000e+00 0.000000000000000000e+00
4.000000000000000000e+02 1.600094055192879949e-02 0.000000000000000000e+00 1.000000000000000000e+00 0.000000000000000000e+00 0.000000000000000000e+00 0.000000000000000000e+00
4.250000000000000000e+02 1.700099933642440497e-02 0.000000000000000000e+00 1.000000000000000000e+00 0.000000000000000000e+00 0.000000000000000000e+00 0.000000000000000000e+00
4.500000000000000000e+02 1.800105812092001045e-02 0.000000000000000000e+00 1.000000000000000000e+00 0.000000000000000000e+00 0.000000000000000000e+00 0.000000000000000000e+00
4.750000000000000000e+02 1.900111690541561593e-02 0.000000000000000000e+00 1.000000000000000000e+00 0.000000000000000000e+00 0.000000000000000000e+00 0.000000000000000000e+00
5.000000000000000000e+02 2.000117568991099937e-02 0.000000000000000000e+00 1.000000000000000000e+00 0.000000000000000000e+00 0.000000000000000000e+00 0.000000000000000000e+00
5.250000000000000000e+02 2.100123447440660485e-02 0.000000000000000000e+00 1.000000000000000000e+00 0.000000000000000000e+00 0.000000000000000000e+00 0.000000000000000000e+00
5.500000000000000000e+02 2.200129325890221033e-02 0.000000000000000000e+00 1.000000000000000000e+00 0.000000000000000000e+00 0.000000000000000000e+00 0.000000000000000000e+00
5.750000000000000000e+02 2.300135204339781581e-02 0.000000000000000000e+00 1.000000000000000000e+00 0.000000000000000000e+00 0.000000000000000000e+00 0.000000000000000000e+00
6.000000000000000000e+02 2.400141082789319924e-02 0.000000000000000000e+00 1.000000000000000000e+00 0.000000000000000000e+00 0.000000000000000000e+00 0.000000000000000000e+00
6.250000000000000000e+02 2.500146961238880472e-02 0.000000000000000000e+00 1.000000000000000000e+00 0.000000000000000000e+00 0.000000000000000000e+00 0.000000000000000000e+00
6.500000000000000000e+02 2.600152839688441020e-02 0.000000000000000000e+00 1.000000000000000000e+00 0.000000000000000000e+00 0.000000000000000000e+00 0.000000000000000000e+00
6.750000000000000000e+02 2.700158718138001568e-02 0.000000000000000000e+00 1.000000000000000000e+00 0.000000000000000000e+00 0.000000000000000000e+00 0.000000000000000000e+00
7.000000000000000000e+02 2.800164596587539911e-02 0.000000000000000000e+00 1.000000000000000000e+00 0.000000000000000000e+00 0.000000000000000000e+00 0.000000000000000000e+00
7.250000000000000000e+02 2.900170475037100459e-02 0.000000000000000000e+00 1.000000000000000000e+00 0.000000000000000000e+00 0.000000000000000000e+00 0.000000000000000000e+00
7.500000000000000000e+02 3.000176353486661007e-02 0.000000000000000000e+00 1.000000000000000000e+00 0.000000000000000000e+00 0.000000000000000000e+00 0.000000000000000000e+00
7.750000000000000000e+02 3.100182231936221555e-02 0.000000000000000000e+00 1.000000000000000000e+00 0.000000000000000000e+00 0.000000000000000000e+00 0.000000000000000000e+00
8.000000000000000000e+02 3.200188110385759899e-02 0.000000000000000000e+00 1.000000000000000000e+00 0.000000000000000000e+00 0.000000000000000000e+00 0.000000000000000000e+00
8.250000000000000000e+02 3.300193988835320447e-02 0.000000000000000000e+00 1.000000000000000000e+00 0.000000000000000000e+00 0.000000000000000000e+00 0.000000000000000000e+00
8.500000000000000000e+02 3.400199867284880995e-02 0.000000000000000000e+00 1.000000000000000000e+00 0.000000000000000000e+00 0.000000000000000000e+00 0.000000000000000000e+00
8.750000000000000000e+02 3.500205745734441543e-02 0.000000000000000000e+00 1.000000000000000000e+00 0.000000000000000000e+00 0.000000000000000000e+00 0.000000000000000000e+00
9.000000000000000000e+02 3.600211624183979886e-02 0.000000000000000000e+00 1.000000000000000000e+00 0.000000000000000000e+00 0.000000000000000000e+00 0.000000000000000000e+00
9.250000000000000000e+02 3.700217502633540434e-02 0.000000000000000000e+00 1.000000000000000000e+00 0.000000000000000000e+00 0.000000000000000000e+00 0.000000000000000000e+00
9.500000000000000000e+02 3.800223381083100982e-02 0.000000000000000000e+00 1.000000000000000000e+00 0.000000000000000000e+00 0.000000000000000000e+00 0.000000000000000000e+00
9.750000000000000000e+02 3.900229259532661530e-02 0.000000000000000000e+00 1.000000000000000000e+00 0.000000000000000000e+00 0.000000000000000000e+00 0.000000000000000000e+00
1.000000000000000000e+03 4.000235137982222078e-02 0.000000000000000000e+00 1.000000000000000000e+00 0.000000000000000000e+00 0.000000000000000000e+00 0.000000000000000000e+00
1.025000000000000000e+03 4.100241016431760421e-02 0.000000000000000000e+00 1.000000000000000000e+00 0.000000000000000000e+00 0.000000000000000000e+00 0.000000000000000000e+00
1.050000000000000000e+03 4.200246894881320969e-02 0.000000000000000000e+00 1.000000000000000000e+00 0.000000000000000000e+00 0.000000000000000000e+00 0.000000000000000000e+00
1.075000000000000000e+03 4.300252773330881517e-02 0.000000000000000000e+00 1.000000000000000000e+00 0.000000000000000000e+00 0.000000000000000000e+00 0.000000000000000000e+00
1.100000000000000000e+03 4.400258651780442065e-02 0.000000000000000000e+00 1.000000000000000000e+00 0.000000000000000000e+00 0.000000000000000000e+00 0.000000000000000000e+00
1.125000000000000000e+03 4.500264530229980409e-02 0.000000000000000000e+00 1.000000000000000000e+00 0.000000000000000000e+00 0.000000000000000000e+00 0.000000000000000000e+00
1.150000000000000000e+03 4.600270408679540957e-02 0.000000000000000000e+00 1.000000000000000000e+00 0.000000000000000000e+00 0.000000000000000000e+00 0.000000000000000000e+00
1.175000000000000000e+03 4.700276287129101505e-02 0.000000000000000000e+00 1.000000000000000000e+00 0.000000000000000000e+00 0.000000000000000000e+00 0.000000000000000000e+00
1.200000000000000000e+03 4.800282165578662052e-02 0.000000000000000000e+00 1.000000000000000000e+00 0.000000000000000000e+00 0.000000000000000000e+00 0.000000000000000000e+00
1.225000000000000000e+03 4.900288044028200396e-02 0.000000000000000000e+00 1.000000000000000000e+00 0.000000000000000000e+00 0.000000000000000000e+00 0.000000000000000000e+00
1.250000000000000000e+03 5.000293922477760944e-02 0.000000000000000000e+00 1.000000000000000000e+00 0.000000000000000000e+00 0.000000000000000000e+00 0.000000000000000000e+00
1.275000000000000000e+03 5.100299800927321492e-02 0.000000000000000000e+00 1.000000000000000000e+00 0.000000000000000000e+00 0.000000000000000000e+00 0.000000000000000000e+00
1.300000000000000000e+03 5.200305679376882040e-02 0.000000000000000000e+00 1.000000000000000000e+00 0.000000000000000000e+00 0.000000000000000000e+00 0.000000000000000000e+00
1.325000000000000000e+03 5.300311557826420383e-02 0.000000000000000000e+00 1.000000000000000000e+00 0.000000000000000000e+00 0.000000000000000000e+00 0.000000000000000000e+00
1.350000000000000000e+03 5.400317436275980931e-02 2.275830678197542133e-04 9.997724169321802190e-01 0.000000000000000000e+00 0.000000000000000000e+00 0.000000000000000000e+00
1.375000000000000000e+03 5.500323314725541479e-02 0.000000000000000000e+00 1.000000000000000000e+00 0.000000000000000000e+00 0.000000000000000000e+00 0.000000000000000000e+00
1.400000000000000000e+03 5.600329193175102027e-02 0.000000000000000000e+00 1.000000000000000000e+00 0.000000000000000000e+00 0.000000000000000000e+00 0.000000000000000000e+00
1.425000000000000000e+03 5.700335071624662575e-02 0.000000000000000000e+00 1.000000000000000000e+00 0.000000000000000000e+00 0.000000000000000000e+00 0.000000000000000000e+00
1.450000000000000000e+03 5.800340950074200919e-02 0.000000000000000000e+00 1.000000000000000000e+00 0.000000000000000000e+00 0.000000000000000000e+00 0.000000000000000000e+00
1.475000000000000000e+03 5.900346828523761467e-02 0.000000000000000000e+00 1.000000000000000000e+00 0.000000000000000000e+00 0.000000000000000000e+00 0.000000000000000000e+00
1.500000000000000000e+03 6.000352706973322015e-02 2.275830678197542133e-04 9.997724169321802190e-01 0.000000000000000000e+00 0.000000000000000000e+00 0.000000000000000000e+00
1.525000000000000000e+03 6.100358585422882562e-02 0.000000000000000000e+00 1.000000000000000000e+00 0.000000000000000000e+00 0.000000000000000000e+00 0.000000000000000000e+00
1.550000000000000000e+03 6.200364463872420906e-02 0.000000000000000000e+00 1.000000000000000000e+00 0.000000000000000000e+00 0.000000000000000000e+00 0.000000000000000000e+00
1.575000000000000000e+03 6.300370342321981454e-02 0.000000000000000000e+00 1.000000000000000000e+00 0.000000000000000000e+00 0.000000000000000000e+00 0.000000000000000000e+00
1.600000000000000000e+03 6.400376220771542002e-02 0.000000000000000000e+00 1.000000000000000000e+00 0.000000000000000000e+00 0.000000000000000000e+00 0.000000000000000000e+00
1.625000000000000000e+03 6.500382099221102550e-02 0.000000000000000000e+00 1.000000000000000000e+00 0.000000000000000000e+00 0.000000000000000000e+00 0.000000000000000000e+00
1.650000000000000000e+03 6.600387977670640893e-02 0.000000000000000000e+00 1.000000000000000000e+00 0.000000000000000000e+00 0.000000000000000000e+00 0.000000000000000000e+00
1.675000000000000000e+03 6.700393856120201441e-02 0.000000000000000000e+00 1.000000000000000000e+00 0.000000000000000000e+00 0.000000000000000000e+00 0.000000000000000000e+00
1.700000000000000000e+03 6.800399734569761989e-02 0.000000000000000000e+00 1.000000000000000000e+00 0.000000000000000000e+00 0.000000000000000000e+00 0.000000000000000000e+00
1.725000000000000000e+03 6.900405613019322537e-02 4.551661356395084266e-04 9.995448338643604380e-01 0.000000000000000000e+00 0.000000000000000000e+00 0.000000000000000000e+00
1.750000000000000000e+03 7.000411491468860881e-02 1.137915339098771066e-04 9.998862084660901095e-01 0.000000000000000000e+00 0.000000000000000000e+00 0.000000000000000000e+00
1.775000000000000000e+03 7.100417369918421429e-02 7.965407373691396923e-04 9.992034592626308775e-01 0.000000000000000000e+00 0.000000000000000000e+00 0.000000000000000000e+00
1.800000000000000000e+03 7.200423248367981977e-02 0.000000000000000000e+00 1.000000000000000000e+00 0.000000000000000000e+00 0.000000000000000000e+00 0.000000000000000000e+00
1.825000000000000000e+03 7.300429126817542524e-02 0.000000000000000000e+00 1.000000000000000000e+00 0.000000000000000000e+00 0.000000000000000000e+00 0.000000000000000000e+00
1.850000000000000000e+03 7.400435005267080868e-02 0.000000000000000000e+00 1.000000000000000000e+00 0.000000000000000000e+00 0.000000000000000000e+00 0.000000000000000000e+00
1.875000000000000000e+03 7.500440883716641416e-02 0.000000000000000000e+00 1.000000000000000000e+00 0.000000000000000000e+00 0.000000000000000000e+00 0.000000000000000000e+00
1.900000000000000000e+03 7.600446762166201964e-02 0.000000000000000000e+00 1.000000000000000000e+00 0.000000000000000000e+00 0.000000000000000000e+00 0.000000000000000000e+00
1.925000000000000000e+03 7.700452640615762512e-02 1.137915339098771066e-04 9.997724169321802190e-01 0.000000000000000000e+00 1.137915339098771066e-04 0.000000000000000000e+00
1.950000000000000000e+03 7.800458519065323060e-02 5.689576695493854790e-04 9.994310423304506585e-01 0.000000000000000000e+00 0.000000000000000000e+00 0.000000000000000000e+00
1.975000000000000000e+03 7.900464397514861403e-02 1.137915339098771066e-04 9.997724169321802190e-01 0.000000000000000000e+00 1.137915339098771066e-04 0.000000000000000000e+00
2.000000000000000000e+03 8.000470275964421951e-02 4.551661356395084266e-04 9.995448338643604380e-01 0.000000000000000000e+00 0.000000000000000000e+00 0.000000000000000000e+00
2.025000000000000000e+03 8.100476154413982499e-02 2.275830678197542133e-04 9.996586253982703285e-01 0.000000000000000000e+00 1.137915339098771066e-04 0.000000000000000000e+00
2.050000000000000000e+03 8.200482032863543047e-02 3.413746017296313199e-04 9.996586253982703285e-01 0.000000000000000000e+00 0.000000000000000000e+00 0.000000000000000000e+00
2.075000000000000000e+03 8.300487911313081391e-02 3.413746017296313199e-04 9.996586253982703285e-01 0.000000000000000000e+00 0.000000000000000000e+00 0.000000000000000000e+00
2.100000000000000000e+03 8.400493789762641939e-02 1.137915339098771066e-04 9.998862084660901095e-01 0.000000000000000000e+00 0.000000000000000000e+00 0.000000000000000000e+00
2.125000000000000000e+03 8.500499668212202486e-02 2.275830678197542133e-04 9.997724169321802190e-01 0.000000000000000000e+00 0.000000000000000000e+00 0.000000000000000000e+00
2.150000000000000000e+03 8.600505546661763034e-02 3.413746017296313199e-04 9.996586253982703285e-01 0.000000000000000000e+00 0.000000000000000000e+00 0.000000000000000000e+00
2.175000000000000000e+03 8.700511425111301378e-02 2.275830678197542133e-04 9.997724169321802190e-01 0.000000000000000000e+00 0.000000000000000000e+00 0.000000000000000000e+00
2.200000000000000000e+03 8.800517303560861926e-02 6.827492034592626399e-04 9.993172507965407680e-01 0.000000000000000000e+00 0.000000000000000000e+00 0.000000000000000000e+00
2.225000000000000000e+03 8.900523182010422474e-02 0.000000000000000000e+00 1.000000000000000000e+00 0.000000000000000000e+00 0.000000000000000000e+00 0.000000000000000000e+00
2.250000000000000000e+03 9.000529060459983022e-02 5.689576695493854790e-04 9.994310423304506585e-01 0.000000000000000000e+00 0.000000000000000000e+00 0.000000000000000000e+00
2.275000000000000000e+03 9.100534938909521365e-02 4.551661356395084266e-04 9.995448338643604380e-01 0.000000000000000000e+00 0.000000000000000000e+00 0.000000000000000000e+00
2.300000000000000000e+03 9.200540817359081913e-02 5.689576695493854790e-04 9.994310423304506585e-01 0.000000000000000000e+00 0.000000000000000000e+00 0.000000000000000000e+00
2.325000000000000000e+03 9.300546695808642461e-02 1.365498406918525280e-03 9.986345015930814251e-01 0.000000000000000000e+00 0.000000000000000000e+00 0.000000000000000000e+00
2.350000000000000000e+03 9.400552574258203009e-02 2.162039144287664864e-03 9.978379608557123026e-01 0.000000000000000000e+00 0.000000000000000000e+00 0.000000000000000000e+00
2.375000000000000000e+03 9.500558452707763557e-02 1.365498406918525280e-03 9.986345015930814251e-01 0.000000000000000000e+00 0.000000000000000000e+00 0.000000000000000000e+00
2.400000000000000000e+03 9.600564331157301901e-02 3.413746017296313199e-04 9.996586253982703285e-01 0.000000000000000000e+00 0.000000000000000000e+00 0.000000000000000000e+00
2.425000000000000000e+03 9.700570209606862448e-02 2.162039144287664864e-03 9.978379608557123026e-01 0.000000000000000000e+00 0.000000000000000000e+00 0.000000000000000000e+00
2.450000000000000000e+03 9.800576088056422996e-02 1.706873008648156654e-03 9.982931269913518646e-01 0.000000000000000000e+00 0.000000000000000000e+00 0.000000000000000000e+00
2.475000000000000000e+03 9.900581966505983544e-02 1.593081474738279385e-03 9.984069185252617551e-01 0.000000000000000000e+00 0.000000000000000000e+00 0.000000000000000000e+00
2.500000000000000000e+03 1.000058784495552189e-01 3.413746017296313308e-03 9.964724624487938387e-01 0.000000000000000000e+00 1.137915339098771066e-04 0.000000000000000000e+00
2.525000000000000000e+03 1.010059372340508244e-01 1.706873008648156654e-03 9.980655439235320836e-01 0.000000000000000000e+00 2.275830678197542133e-04 0.000000000000000000e+00
2.550000000000000000e+03 1.020059960185464298e-01 3.755120619025944465e-03 9.960172963131542767e-01 0.000000000000000000e+00 2.275830678197542133e-04 0.000000000000000000e+00
2.575000000000000000e+03 1.030060548030420353e-01 3.186162949476558769e-03 9.965862539827037292e-01 0.000000000000000000e+00 2.275830678197542133e-04 0.000000000000000000e+00
2.600000000000000000e+03 1.040061135875374188e-01 3.641329085116067413e-03 9.962448793809740577e-01 0.000000000000000000e+00 1.137915339098771066e-04 0.000000000000000000e+00
2.625000000000000000e+03 1.050061723720330242e-01 5.461993627674101119e-03 9.938552571688666903e-01 0.000000000000000000e+00 6.827492034592626399e-04 0.000000000000000000e+00
2.650000000000000000e+03 1.060062311565286297e-01 6.486117432862995025e-03 9.929449248975875664e-01 0.000000000000000000e+00 5.689576695493854790e-04 0.000000000000000000e+00
2.675000000000000000e+03 1.070062899410242352e-01 5.689576695493855224e-03 9.934000910332271284e-01 0.000000000000000000e+00 9.103322712790168532e-04 0.000000000000000000e+00
2.700000000000000000e+03 1.080063487255196186e-01 8.420573509330906217e-03 9.914656349567592120e-01 0.000000000000000000e+00 1.137915339098771066e-04 0.000000000000000000e+00
2.725000000000000000e+03 1.090064075100152241e-01 6.713700500682749130e-03 9.918070095584888834e-01 0.000000000000000000e+00 1.479289940828402332e-03 0.000000000000000000e+00
2.750000000000000000e+03 1.100064662945108296e-01 7.282658170232134826e-03 9.918070095584888834e-01 0.000000000000000000e+00 9.103322712790168532e-04 0.000000000000000000e+00
2.775000000000000000e+03 1.110065250790064351e-01 1.570323167956303931e-02 9.808830223031406170e-01 0.000000000000000000e+00 3.413746017296313308e-03 0.000000000000000000e+00
2.800000000000000000e+03 1.120065838635018185e-01 1.308602639963586667e-02 9.853208921256259023e-01 0.000000000000000000e+00 1.593081474738279385e-03 0.000000000000000000e+00
2.825000000000000000e+03 1.130066426479974240e-01 1.331360946745562164e-02 9.853208921256259023e-01 0.000000000000000000e+00 1.365498406918525280e-03 0.000000000000000000e+00
2.850000000000000000e+03 1.140067014324930295e-01 1.228948566226672687e-02 9.850933090578061213e-01 0.000000000000000000e+00 2.617205279927173507e-03 0.000000000000000000e+00
2.875000000000000000e+03 1.150067602169886349e-01 2.674101046882111990e-02 9.689349112426035582e-01 0.000000000000000000e+00 4.324078288575329727e-03 0.000000000000000000e+00
2.900000000000000000e+03 1.160068190014842404e-01 3.117888029130632538e-02 9.629039599453800280e-01 0.000000000000000000e+00 5.917159763313609329e-03 0.000000000000000000e+00
2.925000000000000000e+03 1.170068777859796239e-01 3.220300409649522189e-02 9.567592171142467183e-01 0.000000000000000000e+00 1.103777878925807886e-02 0.000000000000000000e+00
2.950000000000000000e+03 1.180069365704752293e-01 3.755120619025944378e-02 9.453800637232590010e-01 0.000000000000000000e+00 1.706873008648156567e-02 0.000000000000000000e+00
2.975000000000000000e+03 1.190069953549708348e-01 5.518889394629039602e-02 9.056668183887118806e-01 0.000000000000000000e+00 3.914428766499772339e-02 0.000000000000000000e+00
3.000000000000000000e+03 1.200070541394664403e-01 9.444697314519799602e-02 8.303368229403732537e-01 0.000000000000000000e+00 7.521620391442876419e-02 0.000000000000000000e+00
3.025000000000000000e+03 1.210071129239618237e-01 1.383705052344105513e-01 7.148384160218479444e-01 0.000000000000000000e+00 1.467910787437414766e-01 0.000000000000000000e+00
3.050000000000000000e+03 1.220071717084574292e-01 2.166590805644059980e-01 5.398270368684570109e-01 1.137915339098771066e-04 2.434000910332271284e-01 0.000000000000000000e+00
3.075000000000000000e+03 1.230072304929530347e-01 2.966545289030496080e-01 3.532089212562585234e-01 0.000000000000000000e+00 3.501365498406918686e-01 0.000000000000000000e+00
3.100000000000000000e+03 1.240072892774486402e-01 3.607191624943104080e-01 2.126763768775603025e-01 5.689576695493854790e-04 4.260355029585798925e-01 0.000000000000000000e+00
3.125000000000000000e+03 1.250073480619440236e-01 3.940600819299044377e-01 1.342740100136549930e-01 9.103322712790168532e-04 4.707555757851615841e-01 0.000000000000000000e+00
3.150000000000000000e+03 1.260074068464396291e-01 3.694811106053709771e-01 1.291533909877105035e-01 6.827492034592626399e-04 5.006827492034592320e-01 0.000000000000000000e+00
3.175000000000000000e+03 1.270074656309352346e-01 3.336367774237596895e-01 1.416704597177969871e-01 1.365498406918525280e-03 5.233272644515247762e-01 0.000000000000000000e+00
3.200000000000000000e+03 1.280075244154308400e-01 3.247610377787892855e-01 1.338188438780154865e-01 4.324078288575329727e-03 5.370960400546199720e-01 0.000000000000000000e+00
3.225000000000000000e+03 1.290075831999262235e-01 3.273782430587164338e-01 1.314292216659080637e-01 7.737824305871643035e-03 5.334547109695039202e-01 0.000000000000000000e+00
3.250000000000000000e+03 1.300076419844218290e-01 3.281747837960855563e-01 1.472462448793809831e-01 1.490669094219390124e-02 5.096722803823395820e-01 0.000000000000000000e+00
3.275000000000000000e+03 1.310077007689174344e-01 3.106508875739644737e-01 1.820664542558033672e-01 2.867546654528902936e-02 4.786071916249430847e-01 0.000000000000000000e+00
3.300000000000000000e+03 1.320077595534130399e-01 3.105370960400546387e-01 1.908284023668639084e-01 4.335457441966317910e-02 4.552799271734183084e-01 0.000000000000000000e+00
3.325000000000000000e+03 1.330078183379086454e-01 3.096267637687756258e-01 2.077833409194355940e-01 5.974055530268548159e-02 4.228493400091033472e-01 0.000000000000000000e+00
3.350000000000000000e+03 1.340078771224040288e-01 3.018889394629039602e-01 2.315657715065999045e-01 8.488848429676831842e-02 3.816568047337278169e-01 0.000000000000000000e+00
3.375000000000000000e+03 1.350079359068996343e-01 3.188438780154756458e-01 2.436276741010468816e-01 1.054847519344560697e-01 3.320436959490213891e-01 0.000000000000000000e+00
3.400000000000000000e+03 1.360079946913952398e-01 3.400091033227127801e-01 2.505689576695493970e-01 1.350705507510241155e-01 2.743513882567136797e-01 0.000000000000000000e+00
3.425000000000000000e+03 1.370080534758908453e-01 3.499089667728720876e-01 2.666135639508420696e-01 1.583978152025489194e-01 2.250796540737369233e-01 0.000000000000000000e+00
3.450000000000000000e+03 1.380081122603862287e-01 3.582157487482931502e-01 2.893718707328175044e-01 1.662494310423304478e-01 1.861629494765589532e-01 0.000000000000000000e+00
3.475000000000000000e+03 1.390081710448818342e-01 3.600364132908511761e-01 3.007510241238051663e-01 1.695493855257168836e-01 1.696631770596267741e-01 0.000000000000000000e+00
3.500000000000000000e+03 1.400082298293774397e-01 3.421711424670004775e-01 3.202093764223941652e-01 1.741010468821119761e-01 1.635184342284934089e-01 0.000000000000000000e+00
3.525000000000000000e+03 1.410082886138730451e-01 3.397815202548930547e-01 3.203231679563040557e-01 1.777423759672280279e-01 1.621529358215748617e-01 0.000000000000000000e+00
3.550000000000000000e+03 1.420083473983684286e-01 3.458124715521165293e-01 3.136094674556212936e-01 1.729631315430132099e-01 1.676149294492489672e-01 0.000000000000000000e+00
3.575000000000000000e+03 1.430084061828640341e-01 3.384160218479745352e-01 3.119025944469731582e-01 1.760355029585798925e-01 1.736458807464724696e-01 0.000000000000000000e+00
3.600000000000000000e+03 1.440084649673596395e-01 3.327264451524806765e-01 3.133818843878015681e-01 1.731907146108329631e-01 1.807009558488848477e-01 0.000000000000000000e+00
3.625000000000000000e+03 1.450085237518552450e-01 3.409194355939917931e-01 3.137232589895311841e-01 1.721665908056440597e-01 1.731907146108329631e-01 0.000000000000000000e+00
3.650000000000000000e+03 1.460085825363506284e-01 3.550295857988165493e-01 3.107646791078743642e-01 1.752389622212107423e-01 1.589667728720983164e-01 0.000000000000000000e+00
3.675000000000000000e+03 1.470086413208462339e-01 3.585571233500227661e-01 3.146335912608101970e-01 1.791078743741465751e-01 1.477014110150204895e-01 0.000000000000000000e+00
3.700000000000000000e+03 1.480087001053418394e-01 3.594674556213017791e-01 3.298816568047337472e-01 1.789940828402366846e-01 1.316568047337278169e-01 0.000000000000000000e+00
3.725000000000000000e+03 1.490087588898374449e-01 3.678880291306326766e-01 3.314747382794719921e-01 1.814974965862539702e-01 1.191397360036413333e-01 0.000000000000000000e+00
3.750000000000000000e+03 1.500088176743328283e-01 3.757396449704141772e-01 3.309057806099225951e-01 1.868456986800182129e-01 1.065088757396449731e-01 0.000000000000000000e+00
3.775000000000000000e+03 1.510088764588284338e-01 3.706190259444697155e-01 3.428538916704597095e-01 1.945835229858898507e-01 9.194355939918069653e-02 0.000000000000000000e+00
3.800000000000000000e+03 1.520089352433240393e-01 3.736913973600364258e-01 3.420573509330905870e-01 1.918525261720528119e-01 9.239872553482020301e-02 0.000000000000000000e+00
3.825000000000000000e+03 1.530089940278196448e-01 3.707328174783796060e-01 3.426263086026399840e-01 1.961766044606281234e-01 9.046426945835230049e-02 0.000000000000000000e+00
3.850000000000000000e+03 1.540090528123152502e-01 3.661811561219845412e-01 3.483158852981338427e-01 1.978834774692762866e-01 8.761948111060537114e-02 0.000000000000000000e+00
3.875000000000000000e+03 1.550091115968106337e-01 3.643604915794265153e-01 3.463814292216659263e-01 2.048247610377788019e-01 8.443331816112881194e-02 0.000000000000000000e+00
3.900000000000000000e+03 1.560091703813062392e-01 3.640191169776968438e-01 3.488848429676831842e-01 2.055075102412380617e-01 8.158852981338188259e-02 0.000000000000000000e+00
3.925000000000000000e+03 1.570092291658018446e-01 3.640191169776968438e-01 3.496813837050523621e-01 2.067592171142466906e-01 7.954028220300408958e-02 0.000000000000000000e+00
3.950000000000000000e+03 1.580092879502974501e-01 3.727810650887574129e-01 3.550295857988165493e-01 2.031178880291306388e-01 6.907146108329539902e-02 0.000000000000000000e+00
3.975000000000000000e+03 1.590093467347928335e-01 3.741465634956759323e-01 3.570778334091943562e-01 2.043695949021392677e-01 6.440600819299044377e-02 0.000000000000000000e+00
4.000000000000000000e+03 1.600094055192884390e-01 3.724396904870277414e-01 3.600364132908511761e-01 2.059626763768775681e-01 6.156121984524351443e-02 0.000000000000000000e+00
4.025000000000000000e+03 1.610094643037840445e-01 3.810878470641784199e-01 3.590122894856622726e-01 1.991351843422849432e-01 6.076467910787437116e-02 0.000000000000000000e+00
4.050000000000000000e+03 1.620095230882796500e-01 3.798361401911697910e-01 3.659535730541647602e-01 2.014110150204824756e-01 5.279927173418298009e-02 0.000000000000000000e+00
4.075000000000000000e+03 1.630095818727750334e-01 3.829085116067364458e-01 3.641329085116067343e-01 1.987938097405552995e-01 5.416477014110149951e-02 0.000000000000000000e+00
4.100000000000000000e+03 1.640096406572706389e-01 3.835912608101957333e-01 3.642467000455166248e-01 1.960628129267182607e-01 5.609922621756941591e-02 0.000000000000000000e+00
4.125000000000000000e+03 1.650096994417662444e-01 3.741465634956759323e-01 3.685707783340919641e-01 1.953800637232590010e-01 6.190259444697314428e-02 0.000000000000000000e+00
4.150000000000000000e+03 1.660097582262618499e-01 3.743741465634956578e-01 3.731224396904870289e-01 1.982248520710059303e-01 5.427856167501137613e-02 0.000000000000000000e+00
4.175000000000000000e+03 1.670098170107572333e-01 3.800637232589895165e-01 3.726672735548475224e-01 1.952662721893491105e-01 5.200273099681383682e-02 0.000000000000000000e+00
4.200000000000000000e+03 1.680098757952528388e-01 3.815430131998179264e-01 3.756258534365043422e-01 1.934456076467910846e-01 4.938552571688666071e-02 0.000000000000000000e+00
4.225000000000000000e+03 1.690099345797484442e-01 3.788120163859808875e-01 3.839326354119253493e-01 1.949248975876194945e-01 4.233045061447428259e-02 0.000000000000000000e+00
4.250000000000000000e+03 1.700099933642440497e-01 3.846153846153846367e-01 3.867774237596722786e-01 1.904870277651342647e-01 3.812016385980882688e-02 0.000000000000000000e+00
4.275000000000000000e+03 1.710100521487396552e-01 3.834774692762858428e-01 3.868912152935821691e-01 1.891215293582157453e-01 4.050978607191624975e-02 0.000000000000000000e+00
4.300000000000000000e+03 1.720101109332350386e-01 3.808602639963586944e-01 3.946290395994537792e-01 1.854802002730996935e-01 3.903049613108784677e-02 0.000000000000000000e+00
4.325000000000000000e+03 1.730101697177306441e-01 3.776741010468820936e-01 4.013427401001365413e-01 1.842284934000910368e-01 3.675466545289030745e-02 0.000000000000000000e+00
4.350000000000000000e+03 1.740102285022262496e-01 3.739189804278561513e-01 4.107874374146563423e-01 1.830905780609922706e-01 3.220300409649522189e-02 0.000000000000000000e+00
4.375000000000000000e+03 1.750102872867218551e-01 3.771051433773327521e-01 4.142011834319526686e-01 1.807009558488848477e-01 2.799271734182976618e-02 0.000000000000000000e+00
4.400000000000000000e+03 1.760103460712172385e-01 3.719845243513882349e-01 4.204597177969959243e-01 1.778561675011379184e-01 2.969959035047792587e-02 0.000000000000000000e+00
4.425000000000000000e+03 1.770104048557128440e-01 3.735776058261265353e-01 4.221665908056440597e-01 1.754665452890304955e-01 2.878925807919890598e-02 0.000000000000000000e+00
4.450000000000000000e+03 1.780104636402084495e-01 3.694811106053709771e-01 4.239872553482020856e-01 1.771734182976786587e-01 2.935821574874829254e-02 0.000000000000000000e+00
4.475000000000000000e+03 1.790105224247040550e-01 3.739189804278561513e-01 4.196631770596267463e-01 1.783113336367774249e-01 2.810650887573964626e-02 0.000000000000000000e+00
4.500000000000000000e+03 1.800105812091994384e-01 3.694811106053709771e-01 4.202321347291761433e-01 1.778561675011379184e-01 3.243058716431497512e-02 0.000000000000000000e+00
4.525000000000000000e+03 1.810106399936950439e-01 3.728948566226672479e-01 4.217114246700045532e-01 1.789940828402366846e-01 2.639963586709149004e-02 0.000000000000000000e+00
4.550000000000000000e+03 1.820106987781906493e-01 3.735776058261265353e-01 4.229631315430131822e-01 1.756941283568502488e-01 2.776513427401001294e-02 0.000000000000000000e+00
4.575000000000000000e+03 1.830107575626862548e-01 3.634501593081474469e-01 4.295630405097860538e-01 1.788802913063268218e-01 2.810650887573964626e-02 0.000000000000000000e+00
4.600000000000000000e+03 1.840108163471816383e-01 3.660673645880746507e-01 4.302457897132453413e-01 1.774010013654984119e-01 2.628584433318160996e-02 0.000000000000000000e+00
4.625000000000000000e+03 1.850108751316772437e-01 3.615157032316795860e-01 4.325216203914428736e-01 1.775147928994082747e-01 2.844788347746927612e-02 0.000000000000000000e+00
4.650000000000000000e+03 1.860109339161728492e-01 3.694811106053709771e-01 4.327492034592626546e-01 1.730769230769230727e-01 2.469276285844333035e-02 0.000000000000000000e+00
4.675000000000000000e+03 1.870109927006684547e-01 3.685707783340919641e-01 4.347974510696404060e-01 1.718252162039144160e-01 2.480655439235321044e-02 0.000000000000000000e+00
4.700000000000000000e+03 1.880110514851638381e-01 3.621984524351388179e-01 4.367319071461083224e-01 1.734182976786527164e-01 2.765134274010013632e-02 0.000000000000000000e+00
4.725000000000000000e+03 1.890111102696594436e-01 3.681156121984524576e-01 4.368456986800182129e-01 1.734182976786527164e-01 2.162039144287665124e-02 0.000000000000000000e+00
4.750000000000000000e+03 1.900111690541550491e-01 3.621984524351388179e-01 4.406008192990441552e-01 1.727355484751934567e-01 2.446517979062357712e-02 0.000000000000000000e+00
4.775000000000000000e+03 1.910112278386506546e-01 3.626536185707783244e-01 4.399180700955848677e-01 1.742148384160218388e-01 2.321347291761493084e-02 0.000000000000000000e+00
4.800000000000000000e+03 1.920112866231462601e-01 3.648156577150660218e-01 4.396904870277651423e-01 1.700045516613563901e-01 2.548930359581247015e-02 0.000000000000000000e+00
4.825000000000000000e+03 1.930113454076416435e-01 3.587847064178424916e-01 4.415111515703231682e-01 1.735320892125625791e-01 2.617205279927173334e-02 0.000000000000000000e+00
4.850000000000000000e+03 1.940114041921372490e-01 3.649294492489758568e-01 4.412835685025033872e-01 1.687528447883477334e-01 2.503413746017296368e-02 0.000000000000000000e+00
4.875000000000000000e+03 1.950114629766328544e-01 3.587847064178424916e-01 4.464041875284479044e-01 1.706873008648156498e-01 2.412380518889394726e-02 0.000000000000000000e+00
4.900000000000000000e+03 1.960115217611284599e-01 3.596950386891215046e-01 4.460628129267182329e-01 1.743286299499317293e-01 1.991351843422849502e-02 0.000000000000000000e+00
4.925000000000000000e+03 1.970115805456238434e-01 3.639053254437870089e-01 4.411697769685935522e-01 1.741010468821119761e-01 2.082385070550751144e-02 0.000000000000000000e+00
4.950000000000000000e+03 1.980116393301194488e-01 3.641329085116067343e-01 4.461766044606281234e-01 1.698907601274465273e-01 1.979972690031861493e-02 0.000000000000000000e+00
4.975000000000000000e+03 1.990116981146150543e-01 3.561675011379153433e-01 4.525489303595812696e-01 1.694355939918070209e-01 2.184797451069640448e-02 0.000000000000000000e+00
5.000000000000000000e+03 2.000117568991106598e-01 3.482020937642239522e-01 4.561902594446973214e-01 1.684114701866181174e-01 2.719617660446062984e-02 0.000000000000000000e+00
5.025000000000000000e+03 2.010118156836060432e-01 3.503641329085115941e-01 4.607419208010923861e-01 1.686390532544378706e-01 2.025489303595812488e-02 0.000000000000000000e+00
5.050000000000000000e+03 2.020118744681016487e-01 3.512744651797906070e-01 4.610832954028220576e-01 1.689804278561675144e-01 1.866181156121984527e-02 0.000000000000000000e+00
5.075000000000000000e+03 2.030119332525972542e-01 3.537778789258079204e-01 4.592626308602639762e-01 1.685252617205279801e-01 1.843422849340009204e-02 0.000000000000000000e+00
5.100000000000000000e+03 2.040119920370928597e-01 3.550295857988165493e-01 4.561902594446973214e-01 1.692080109239872676e-01 1.957214383249886169e-02 0.000000000000000000e+00
5.125000000000000000e+03 2.050120508215882431e-01 3.466090122894856518e-01 4.611970869367318926e-01 1.693218024578971304e-01 2.287209831588529751e-02 0.000000000000000000e+00
5.150000000000000000e+03 2.060121096060838486e-01 3.520710059171597850e-01 4.586936731907146347e-01 1.685252617205279801e-01 2.071005917159763482e-02 0.000000000000000000e+00
5.175000000000000000e+03 2.070121683905794541e-01 3.508192990441511006e-01 4.600591715976331542e-01 1.672735548475193512e-01 2.184797451069640448e-02 0.000000000000000000e+00
5.200000000000000000e+03 2.080122271750750595e-01 3.414883932635411901e-01 4.681383705052344357e-01 1.689804278561675144e-01 2.139280837505689453e-02 0.000000000000000000e+00
5.225000000000000000e+03 2.090122859595706650e-01 3.362539827036868378e-01 4.745106964041875264e-01 1.697769685935366368e-01 1.945835229858898507e-02 0.000000000000000000e+00
5.250000000000000000e+03 2.100123447440660485e-01 3.356850250341374409e-01 4.724624487938097195e-01 1.721665908056440597e-01 1.968593536640873831e-02 0.000000000000000000e+00
5.275000000000000000e+03 2.110124035285616539e-01 3.286299499317250628e-01 4.762175694128356618e-01 1.737596722803823324e-01 2.139280837505689453e-02 0.000000000000000000e+00
5.300000000000000000e+03 2.120124623130572594e-01 3.342057350933090309e-01 4.746244879380974169e-01 1.714838416021848000e-01 1.968593536640873831e-02 0.000000000000000000e+00
5.325000000000000000e+03 2.130125210975528649e-01 3.353436504324078249e-01 4.749658625398270329e-01 1.705735093309057870e-01 1.911697769685935522e-02 0.000000000000000000e+00
5.350000000000000000e+03 2.140125798820482483e-01 3.365953573054164538e-01 4.737141556668184039e-01 1.718252162039144160e-01 1.786527082385070547e-02 0.000000000000000000e+00
5.375000000000000000e+03 2.150126386665438538e-01 3.328402366863905115e-01 4.787209831588529751e-01 1.703459262630860338e-01 1.809285389167045871e-02 0.000000000000000000e+00
5.400000000000000000e+03 2.160126974510394593e-01 3.361401911697769473e-01 4.769003186162949492e-01 1.723941738734638129e-01 1.456531634046426965e-02 0.000000000000000000e+00
5.425000000000000000e+03 2.170127562355350648e-01 3.345471096950387024e-01 4.798588984979517691e-01 1.671597633136094607e-01 1.843422849340009204e-02 0.000000000000000000e+00
5.450000000000000000e+03 2.180128150200304482e-01 3.294264906690942407e-01 4.812243969048702885e-01 1.700045516613563901e-01 1.934456076467910846e-02 0.000000000000000000e+00
5.475000000000000000e+03 2.190128738045260537e-01 3.265817023213473114e-01 4.850933090578061213e-01 1.712562585343650468e-01 1.706873008648156567e-02 0.000000000000000000e+00
5.500000000000000000e+03 2.200129325890216592e-01 3.319299044151114986e-01 4.833864360491579304e-01 1.670459717796995980e-01 1.763768775603095224e-02 0.000000000000000000e+00
5.525000000000000000e+03 2.210129913735172646e-01 3.269230769230769273e-01 4.906690942193900895e-01 1.636322257624032717e-01 1.877560309512972189e-02 0.000000000000000000e+00
5.550000000000000000e+03 2.220130501580126481e-01 3.264679107874374209e-01 5.012517068730086844e-01 1.561219845243513871e-01 1.615839781520254925e-02 0.000000000000000000e+00
5.575000000000000000e+03 2.230131089425082536e-01 3.286299499317250628e-01 5.027309968138370389e-01 1.528220300409649512e-01 1.581702321347291593e-02 0.000000000000000000e+00
5.600000000000000000e+03 2.240131677270038590e-01 3.179335457441966328e-01 5.068274920345926526e-01 1.578288575329995502e-01 1.741010468821119553e-02 0.000000000000000000e+00
5.625000000000000000e+03 2.250132265114994645e-01 3.240782885753299980e-01 5.068274920345926526e-01 1.530496131087847045e-01 1.604460628129267263e-02 0.000000000000000000e+00
5.650000000000000000e+03 2.260132852959948480e-01 3.182749203459262488e-01 5.117205279927173889e-01 1.525944469731451980e-01 1.741010468821119553e-02 0.000000000000000000e+00
5.675000000000000000e+03 2.270133440804904534e-01 3.174783796085571264e-01 5.126308602639964018e-01 1.503186162949476656e-01 1.957214383249886169e-02 0.000000000000000000e+00
