# itime ezz other fcc hcp bcc ico
0.000000000000000000e+00 0.000000000000000000e+00 0.000000000000000000e+00 1.000000000000000000e+00 0.000000000000000000e+00 0.000000000000000000e+00 0.000000000000000000e+00
2.500000000000000000e+02 1.000002167080382698e-02 0.000000000000000000e+00 1.000000000000000000e+00 0.000000000000000000e+00 0.000000000000000000e+00 0.000000000000000000e+00
5.000000000000000000e+02 2.000004334160743191e-02 0.000000000000000000e+00 1.000000000000000000e+00 0.000000000000000000e+00 0.000000000000000000e+00 0.000000000000000000e+00
7.500000000000000000e+02 3.000006501241125889e-02 0.000000000000000000e+00 1.000000000000000000e+00 0.000000000000000000e+00 0.000000000000000000e+00 0.000000000000000000e+00
1.000000000000000000e+03 4.000008668321508587e-02 0.000000000000000000e+00 1.000000000000000000e+00 0.000000000000000000e+00 0.000000000000000000e+00 0.000000000000000000e+00
1.250000000000000000e+03 5.000010835401891285e-02 0.000000000000000000e+00 1.000000000000000000e+00 0.000000000000000000e+00 0.000000000000000000e+00 0.000000000000000000e+00
1.500000000000000000e+03 6.000013002482251778e-02 2.275830678197542133e-04 9.997724169321802190e-01 0.000000000000000000e+00 0.000000000000000000e+00 0.000000000000000000e+00
1.750000000000000000e+03 7.000015169562634476e-02 1.137915339098771066e-04 9.998862084660901095e-01 0.000000000000000000e+00 0.000000000000000000e+00 0.000000000000000000e+00
2.000000000000000000e+03 8.000017336643017174e-02 4.551661356395084266e-04 9.995448338643604380e-01 0.000000000000000000e+00 0.000000000000000000e+00 0.000000000000000000e+00
2.250000000000000000e+03 9.000019503723399872e-02 5.689576695493854790e-04 9.994310423304506585e-01 0.000000000000000000e+00 0.000000000000000000e+00 0.000000000000000000e+00
2.500000000000000000e+03 1.000002167080376037e-01 3.413746017296313308e-03 9.964724624487938387e-01 0.000000000000000000e+00 1.137915339098771066e-04 0.000000000000000000e+00
2.750000000000000000e+03 1.100002383788414306e-01 7.282658170232134826e-03 9.918070095584888834e-01 0.000000000000000000e+00 9.103322712790168532e-04 0.000000000000000000e+00
3.000000000000000000e+03 1.200002600496452576e-01 9.444697314519799602e-02 8.303368229403732537e-01 0.000000000000000000e+00 7.521620391442876419e-02 0.000000000000000000e+00
3.250000000000000000e+03 1.300002817204490846e-01 3.281747837960855563e-01 1.472462448793809831e-01 1.490669094219390124e-02 5.096722803823395820e-01 0.000000000000000000e+00
3.500000000000000000e+03 1.400003033912526895e-01 3.421711424670004775e-01 3.202093764223941652e-01 1.741010468821119761e-01 1.635184342284934089e-01 0.000000000000000000e+00
3.750000000000000000e+03 1.500003250620565165e-01 3.757396449704141772e-01 3.309057806099225951e-01 1.868456986800182129e-01 1.065088757396449731e-01 0.000000000000000000e+00
4.000000000000000000e+03 1.600003467328603435e-01 3.724396904870277414e-01 3.600364132908511761e-01 2.059626763768775681e-01 6.156121984524351443e-02 0.000000000000000000e+00
4.250000000000000000e+03 1.700003684036641705e-01 3.846153846153846367e-01 3.867774237596722786e-01 1.904870277651342647e-01 3.812016385980882688e-02 0.000000000000000000e+00
4.500000000000000000e+03 1.800003900744677754e-01 3.694811106053709771e-01 4.202321347291761433e-01 1.778561675011379184e-01 3.243058716431497512e-02 0.000000000000000000e+00
4.750000000000000000e+03 1.900004117452716024e-01 3.621984524351388179e-01 4.406008192990441552e-01 1.727355484751934567e-01 2.446517979062357712e-02 0.000000000000000000e+00
5.000000000000000000e+03 2.000004334160754293e-01 3.482020937642239522e-01 4.561902594446973214e-01 1.684114701866181174e-01 2.719617660446062984e-02 0.000000000000000000e+00
5.250000000000000000e+03 2.100004550868790343e-01 3.356850250341374409e-01 4.724624487938097195e-01 1.721665908056440597e-01 1.968593536640873831e-02 0.000000000000000000e+00
5.500000000000000000e+03 2.200004767576828613e-01 3.319299044151114986e-01 4.833864360491579304e-01 1.670459717796995980e-01 1.763768775603095224e-02 0.000000000000000000e+00
5.750000000000000000e+03 2.300004984284866882e-01 3.115612198452434867e-01 5.256030951297223641e-01 1.477014110150204895e-01 1.513427401001365448e-02 0.000000000000000000e+00
6.000000000000000000e+03 2.400005200992905152e-01 2.769685935366408835e-01 5.647473827947200320e-01 1.437187073281747940e-01 1.456531634046426965e-02 0.000000000000000000e+00
6.250000000000000000e+03 2.500005417700941202e-01 2.457897132453345512e-01 5.811333636777423761e-01 1.613563950842057393e-01 1.172052799271734204e-02 0.000000000000000000e+00
6.500000000000000000e+03 2.600005634408979471e-01 2.289485662266727284e-01 5.977469276285843902e-01 1.623805188893946427e-01 1.092398725534820224e-02 0.000000000000000000e+00
6.750000000000000000e+03 2.700005851117017741e-01 2.269003186162949492e-01 5.930814747382794350e-01 1.677287209831588577e-01 1.228948566226672687e-02 0.000000000000000000e+00
7.000000000000000000e+03 2.800006067825056011e-01 2.315657715065999045e-01 5.760127446517978589e-01 1.813837050523441075e-01 1.103777878925807886e-02 0.000000000000000000e+00
7.250000000000000000e+03 2.900006284533092060e-01 2.432862994993172379e-01 5.496131087847063723e-01 1.984524351388256835e-01 8.648156577150659455e-03 0.000000000000000000e+00
7.500000000000000000e+03 3.000006501241130330e-01 2.510241238051889034e-01 5.425580336822940497e-01 1.940145653163404538e-01 1.240327719617660522e-02 0.000000000000000000e+00
7.750000000000000000e+03 3.100006717949168600e-01 2.431725079654073751e-01 5.449476558944014171e-01 1.976558944014565333e-01 1.422394173873463806e-02 0.000000000000000000e+00
8.000000000000000000e+03 3.200006934657206870e-01 2.497724169321802468e-01 5.568957669549385869e-01 1.816112881201638607e-01 1.172052799271734204e-02 0.000000000000000000e+00
8.250000000000000000e+03 3.300007151365242919e-01 2.453345471096950448e-01 5.546199362767409990e-01 1.907146108329540179e-01 9.330905780609922637e-03 0.000000000000000000e+00
8.500000000000000000e+03 3.400007368073281189e-01 2.344105598543468338e-01 5.632680928538916776e-01 1.973145197997268896e-01 5.006827492034592909e-03 0.000000000000000000e+00
8.750000000000000000e+03 3.500007584781319459e-01 2.262175694128356895e-01 5.719162494310423561e-01 1.926490669094219343e-01 9.217114246700046018e-03 0.000000000000000000e+00
9.000000000000000000e+03 3.600007801489357728e-01 2.347519344560764776e-01 5.593991807009558448e-01 1.965179790623577671e-01 9.330905780609922637e-03 0.000000000000000000e+00
9.250000000000000000e+03 3.700008018197393778e-01 2.424897587619481154e-01 5.720300409649522466e-01 1.731907146108329631e-01 1.228948566226672687e-02 0.000000000000000000e+00
9.500000000000000000e+03 3.800008234905432047e-01 2.521620391442876419e-01 5.639508420573509095e-01 1.760355029585798925e-01 7.851615839781519654e-03 0.000000000000000000e+00
9.750000000000000000e+03 3.900008451613468097e-01 2.515930814747383004e-01 5.498406918525261533e-01 1.915111515703231682e-01 7.055075102412380721e-03 0.000000000000000000e+00
1.000000000000000000e+04 4.000008668321508587e-01 2.543240782885753393e-01 5.526854802002730827e-01 1.857077833409194467e-01 7.282658170232134826e-03 0.000000000000000000e+00
1.025000000000000000e+04 4.100008885029542416e-01 2.565999089667728716e-01 5.600819299044150767e-01 1.742148384160218388e-01 9.103322712790167665e-03 0.000000000000000000e+00
1.050000000000000000e+04 4.200009101737585127e-01 2.671825216203914666e-01 5.442649066909421851e-01 1.791078743741465751e-01 9.444697314519799256e-03 0.000000000000000000e+00
1.075000000000000000e+04 4.300009318445618955e-01 2.602412380518889234e-01 5.505234410559853853e-01 1.781975421028675344e-01 1.103777878925807886e-02 0.000000000000000000e+00
1.100000000000000000e+04 4.400009535153659446e-01 2.608101957214383204e-01 5.515475648611742887e-01 1.783113336367774249e-01 9.330905780609922637e-03 0.000000000000000000e+00
1.125000000000000000e+04 4.500009751861693275e-01 2.663859808830222886e-01 5.487027765134273594e-01 1.736458807464724696e-01 1.126536185707783383e-02 0.000000000000000000e+00
1.150000000000000000e+04 4.600009968569735985e-01 2.711652253072371344e-01 5.580336822940372699e-01 1.622667273554847522e-01 8.534365043240782836e-03 0.000000000000000000e+00
1.175000000000000000e+04 4.700010185277769814e-01 2.718479745106964218e-01 5.640646335912608000e-01 1.547564861174328676e-01 9.330905780609922637e-03 0.000000000000000000e+00
1.200000000000000000e+04 4.800010401985810304e-01 2.736686390532544477e-01 5.656577150659990449e-01 1.533909877105143482e-01 7.282658170232134826e-03 0.000000000000000000e+00
1.225000000000000000e+04 4.900010618693844133e-01 2.691169776968593275e-01 5.847746927628584279e-01 1.388256713700500578e-01 7.282658170232134826e-03 0.000000000000000000e+00
1.250000000000000000e+04 5.000010835401886844e-01 2.560309512972234747e-01 5.921711424670004220e-01 1.433773327264451503e-01 8.420573509330906217e-03 0.000000000000000000e+00
1.275000000000000000e+04 5.100011052109920673e-01 2.577378243058716656e-01 5.933090578060992160e-01 1.397360036413290985e-01 9.217114246700046018e-03 0.000000000000000000e+00
1.300000000000000000e+04 5.200011268817961163e-01 2.593309057806099105e-01 5.977469276285843902e-01 1.346153846153846090e-01 8.306781975421027864e-03 0.000000000000000000e+00
1.325000000000000000e+04 5.300011485525994992e-01 2.486345015930814806e-01 6.029813381884387979e-01 1.416704597177969871e-01 6.713700500682749130e-03 0.000000000000000000e+00
1.350000000000000000e+04 5.400011702234035482e-01 2.545516613563950648e-01 5.982020937642239522e-01 1.383705052344105513e-01 8.875739644970414427e-03 0.000000000000000000e+00
1.375000000000000000e+04 5.500011918942071532e-01 2.627446517979062368e-01 5.942193900773782289e-01 1.319981793354574329e-01 1.103777878925807886e-02 0.000000000000000000e+00
1.400000000000000000e+04 5.600012135650112022e-01 2.690031861629494925e-01 5.848884842967683184e-01 1.365498406918525254e-01 9.558488848429677609e-03 0.000000000000000000e+00
1.425000000000000000e+04 5.700012352358145851e-01 2.811788802913063323e-01 5.579198907601274904e-01 1.511151570323167881e-01 9.786071916249430847e-03 0.000000000000000000e+00
1.450000000000000000e+04 5.800012569066186341e-01 2.836822940373236457e-01 5.555302685480200120e-01 1.456531634046426826e-01 1.513427401001365448e-02 0.000000000000000000e+00
1.475000000000000000e+04 5.900012785774222390e-01 2.716203914428766408e-01 5.570095584888484774e-01 1.642011834319526686e-01 7.168866636322257339e-03 0.000000000000000000e+00
1.500000000000000000e+04 6.000013002482262880e-01 2.645653163404642627e-01 5.733955393718707105e-01 1.568047337278106468e-01 5.234410559854347014e-03 0.000000000000000000e+00
1.525000000000000000e+04 6.100013219190296709e-01 2.630860263996358528e-01 5.812471552116522666e-01 1.458807464724624359e-01 9.786071916249430847e-03 0.000000000000000000e+00
1.550000000000000000e+04 6.200013435898337200e-01 2.495448338643604935e-01 6.110605370960400240e-01 1.317705962676376796e-01 7.624032771961766417e-03 0.000000000000000000e+00
1.575000000000000000e+04 6.300013652606373249e-01 2.356622667273554905e-01 6.238051888939463163e-01 1.339326354119253493e-01 6.599908966772872511e-03 0.000000000000000000e+00
1.600000000000000000e+04 6.400013869314413739e-01 2.296313154301319881e-01 6.404187528447883304e-01 1.253982703686845612e-01 4.551661356395083832e-03 0.000000000000000000e+00
1.625000000000000000e+04 6.500014086022447568e-01 2.214383249886208438e-01 6.548702776513427581e-01 1.165225307237141572e-01 7.168866636322257339e-03 0.000000000000000000e+00
1.650000000000000000e+04 6.600014302730488058e-01 2.107419208010923861e-01 6.677287209831588299e-01 1.169776968593536637e-01 4.551661356395083832e-03 0.000000000000000000e+00
1.675000000000000000e+04 6.700014519438524108e-01 2.026627218934911323e-01 6.779699590350477534e-01 1.152708238507055144e-01 4.096495220755575623e-03 0.000000000000000000e+00
1.700000000000000000e+04 6.800014736146564598e-01 2.069868001820664438e-01 6.762630860263996180e-01 1.127674101046882149e-01 3.982703686845699004e-03 0.000000000000000000e+00
1.725000000000000000e+04 6.900014952854598427e-01 2.039144287664997612e-01 6.748975876194811541e-01 1.154984069185252676e-01 5.689576695493855224e-03 0.000000000000000000e+00
1.750000000000000000e+04 7.000015169562638917e-01 2.123350022758306865e-01 6.719390077378243342e-01 1.102639963586709154e-01 5.461993627674101119e-03 0.000000000000000000e+00
1.775000000000000000e+04 7.100015386270674966e-01 2.111970869367319203e-01 6.686390532544378429e-01 1.126536185707783383e-01 7.510241238051888930e-03 0.000000000000000000e+00
1.800000000000000000e+04 7.200015602978715457e-01 2.122212107419207960e-01 6.673873463814292695e-01 1.118570778334091881e-01 8.534365043240782836e-03 0.000000000000000000e+00
1.825000000000000000e+04 7.300015819686749285e-01 2.097177969959035104e-01 6.688666363222576239e-01 1.129949931725079681e-01 8.420573509330906217e-03 0.000000000000000000e+00
1.850000000000000000e+04 7.400016036394789776e-01 2.195038689121529274e-01 6.514565316340463763e-01 1.206190259444697294e-01 8.420573509330906217e-03 0.000000000000000000e+00
1.875000000000000000e+04 7.500016253102825825e-01 2.432862994993172379e-01 5.844333181611288675e-01 1.657942649066909413e-01 6.486117432862995025e-03 0.000000000000000000e+00
1.900000000000000000e+04 7.600016469810866315e-01 2.629722348657259623e-01 5.533682294037323146e-01 1.722803823395539502e-01 1.137915339098771045e-02 0.000000000000000000e+00
1.925000000000000000e+04 7.700016686518900144e-01 2.783340919435594030e-01 5.490441511151570309e-01 1.612426035502958488e-01 1.137915339098771045e-02 0.000000000000000000e+00
1.950000000000000000e+04 7.800016903226940634e-01 2.704824761037779024e-01 5.390304961310878884e-01 1.768320436959490149e-01 1.365498406918525323e-02 0.000000000000000000e+00
1.975000000000000000e+04 7.900017119934974463e-01 2.806099226217569353e-01 5.227583067819754348e-01 1.869594902139280757e-01 9.672280382339554228e-03 0.000000000000000000e+00
2.000000000000000000e+04 8.000017336643017174e-01 2.806099226217569353e-01 5.144515248065544277e-01 1.984524351388256835e-01 6.486117432862995025e-03 0.000000000000000000e+00
2.025000000000000000e+04 8.100017553351051003e-01 2.819754210286754548e-01 5.106964041875284854e-01 2.003868912152935722e-01 6.941283568502503235e-03 0.000000000000000000e+00
2.050000000000000000e+04 8.200017770059091493e-01 2.825443786982248517e-01 5.118343195266271684e-01 1.987938097405552995e-01 6.827492034592626616e-03 0.000000000000000000e+00
2.075000000000000000e+04 8.300017986767125322e-01 2.800409649522075384e-01 5.212790168411469693e-01 1.926490669094219343e-01 6.030951297223486815e-03 0.000000000000000000e+00
2.100000000000000000e+04 8.400018203475168033e-01 2.766272189349112676e-01 5.253755120619025831e-01 1.916249431042330587e-01 6.372325898953117539e-03 0.000000000000000000e+00
2.125000000000000000e+04 8.500018420183201862e-01 2.758306781975420896e-01 5.221893491124259823e-01 1.961766044606281234e-01 5.803368229403732710e-03 0.000000000000000000e+00
2.150000000000000000e+04 8.600018636891242352e-01 2.778789258079198965e-01 5.192307692307692735e-01 1.958352298588985074e-01 7.055075102412380721e-03 0.000000000000000000e+00
2.175000000000000000e+04 8.700018853599276181e-01 2.828857532999544677e-01 5.238962221210742287e-01 1.866181156121984597e-01 6.599908966772872511e-03 0.000000000000000000e+00
2.200000000000000000e+04 8.800019070307316671e-01 2.751479289940828576e-01 5.292444242148384159e-01 1.904870277651342647e-01 5.120619025944469528e-03 0.000000000000000000e+00
2.225000000000000000e+04 8.900019287015352720e-01 2.676376877560309731e-01 5.278789258079198410e-01 1.975421028675466428e-01 6.941283568502503235e-03 0.000000000000000000e+00
2.250000000000000000e+04 9.000019503723393210e-01 2.701411015020482309e-01 5.229858898497952158e-01 2.016385980883022289e-01 5.234410559854347014e-03 0.000000000000000000e+00
2.275000000000000000e+04 9.100019720431427039e-01 2.693445607646791085e-01 5.248065543923532417e-01 2.017523896222121194e-01 4.096495220755575623e-03 0.000000000000000000e+00
2.300000000000000000e+04 9.200019937139467530e-01 2.802685480200273194e-01 5.083067819754210070e-01 2.066454255803368278e-01 4.779244424214838804e-03 0.000000000000000000e+00
2.325000000000000000e+04 9.300020153847503579e-01 3.015475648611743442e-01 4.907828857532999800e-01 2.006144742831133254e-01 7.055075102412380721e-03 0.000000000000000000e+00
2.350000000000000000e+04 9.400020370555544069e-01 3.059854346836595185e-01 4.845243513882567243e-01 2.035730541647701453e-01 5.917159763313609329e-03 0.000000000000000000e+00
2.375000000000000000e+04 9.500020587263577898e-01 3.081474738279472159e-01 4.732589895311788974e-01 2.127901684114701930e-01 5.803368229403732710e-03 0.000000000000000000e+00
2.400000000000000000e+04 9.600020803971618388e-01 3.198680018206645492e-01 4.658625398270368478e-01 2.091488393263541135e-01 5.120619025944469528e-03 0.000000000000000000e+00
2.425000000000000000e+04 9.700021020679654438e-01 3.183887118798361393e-01 4.602867546654528796e-01 2.124487938097405493e-01 8.875739644970414427e-03 0.000000000000000000e+00
2.450000000000000000e+04 9.800021237387694928e-01 3.145197997269003065e-01 4.690487027765134487e-01 2.090350477924442507e-01 7.396449704142011444e-03 0.000000000000000000e+00
2.475000000000000000e+04 9.900021454095728757e-01 3.196404187528447682e-01 4.634729176149294250e-01 2.102867546654528796e-01 6.599908966772872511e-03 0.000000000000000000e+00
2.500000000000000000e+04 1.000002167080376925e+00 3.031406463359125891e-01 5.135411925352754148e-01 1.753527537551206328e-01 7.965407373691398007e-03 0.000000000000000000e+00
