# itime ezz other fcc hcp bcc ico
0.000000000000000000e+00 0.000000000000000000e+00 0.000000000000000000e+00 1.000000000000000000e+00 0.000000000000000000e+00 0.000000000000000000e+00 0.000000000000000000e+00
4.000000000000000000e+03 9.999754116853942776e-04 0.000000000000000000e+00 1.000000000000000000e+00 0.000000000000000000e+00 0.000000000000000000e+00 0.000000000000000000e+00
8.000000000000000000e+03 1.999950823370788555e-03 0.000000000000000000e+00 1.000000000000000000e+00 0.000000000000000000e+00 0.000000000000000000e+00 0.000000000000000000e+00
1.200000000000000000e+04 2.999926235055960788e-03 0.000000000000000000e+00 1.000000000000000000e+00 0.000000000000000000e+00 0.000000000000000000e+00 0.000000000000000000e+00
1.600000000000000000e+04 3.999901646741355066e-03 0.000000000000000000e+00 1.000000000000000000e+00 0.000000000000000000e+00 0.000000000000000000e+00 0.000000000000000000e+00
2.000000000000000000e+04 4.999877058426749343e-03 0.000000000000000000e+00 1.000000000000000000e+00 0.000000000000000000e+00 0.000000000000000000e+00 0.000000000000000000e+00
2.400000000000000000e+04 5.999852470112143621e-03 0.000000000000000000e+00 1.000000000000000000e+00 0.000000000000000000e+00 0.000000000000000000e+00 0.000000000000000000e+00
2.800000000000000000e+04 6.999827881797537898e-03 0.000000000000000000e+00 1.000000000000000000e+00 0.000000000000000000e+00 0.000000000000000000e+00 0.000000000000000000e+00
3.200000000000000000e+04 7.999803293482932176e-03 0.000000000000000000e+00 1.000000000000000000e+00 0.000000000000000000e+00 0.000000000000000000e+00 0.000000000000000000e+00
3.600000000000000000e+04 8.999778705168104409e-03 0.000000000000000000e+00 1.000000000000000000e+00 0.000000000000000000e+00 0.000000000000000000e+00 0.000000000000000000e+00
4.000000000000000000e+04 9.999754116853498687e-03 0.000000000000000000e+00 1.000000000000000000e+00 0.000000000000000000e+00 0.000000000000000000e+00 0.000000000000000000e+00
4.400000000000000000e+04 1.099972952853889296e-02 0.000000000000000000e+00 1.000000000000000000e+00 0.000000000000000000e+00 0.000000000000000000e+00 0.000000000000000000e+00
4.800000000000000000e+04 1.199970494022428724e-02 0.000000000000000000e+00 1.000000000000000000e+00 0.000000000000000000e+00 0.000000000000000000e+00 0.000000000000000000e+00
5.200000000000000000e+04 1.299968035190968152e-02 0.000000000000000000e+00 1.000000000000000000e+00 0.000000000000000000e+00 0.000000000000000000e+00 0.000000000000000000e+00
5.600000000000000000e+04 1.399965576359507580e-02 0.000000000000000000e+00 1.000000000000000000e+00 0.000000000000000000e+00 0.000000000000000000e+00 0.000000000000000000e+00
6.000000000000000000e+04 1.499963117528024803e-02 0.000000000000000000e+00 1.000000000000000000e+00 0.000000000000000000e+00 0.000000000000000000e+00 0.000000000000000000e+00
6.400000000000000000e+04 1.599960658696564231e-02 0.000000000000000000e+00 1.000000000000000000e+00 0.000000000000000000e+00 0.000000000000000000e+00 0.000000000000000000e+00
6.800000000000000000e+04 1.699958199865103659e-02 0.000000000000000000e+00 1.000000000000000000e+00 0.000000000000000000e+00 0.000000000000000000e+00 0.000000000000000000e+00
7.200000000000000000e+04 1.799955741033643086e-02 0.000000000000000000e+00 1.000000000000000000e+00 0.000000000000000000e+00 0.000000000000000000e+00 0.000000000000000000e+00
7.600000000000000000e+04 1.899953282202182514e-02 0.000000000000000000e+00 1.000000000000000000e+00 0.000000000000000000e+00 0.000000000000000000e+00 0.000000000000000000e+00
8.000000000000000000e+04 1.999950823370699737e-02 0.000000000000000000e+00 1.000000000000000000e+00 0.000000000000000000e+00 0.000000000000000000e+00 0.000000000000000000e+00
8.400000000000000000e+04 2.099948364539239165e-02 0.000000000000000000e+00 1.000000000000000000e+00 0.000000000000000000e+00 0.000000000000000000e+00 0.000000000000000000e+00
8.800000000000000000e+04 2.199945905707778593e-02 0.000000000000000000e+00 1.000000000000000000e+00 0.000000000000000000e+00 0.000000000000000000e+00 0.000000000000000000e+00
9.200000000000000000e+04 2.299943446876318021e-02 0.000000000000000000e+00 1.000000000000000000e+00 0.000000000000000000e+00 0.000000000000000000e+00 0.000000000000000000e+00
9.600000000000000000e+04 2.399940988044857448e-02 0.000000000000000000e+00 1.000000000000000000e+00 0.000000000000000000e+00 0.000000000000000000e+00 0.000000000000000000e+00
1.000000000000000000e+05 2.499938529213396876e-02 0.000000000000000000e+00 1.000000000000000000e+00 0.000000000000000000e+00 0.000000000000000000e+00 0.000000000000000000e+00
1.040000000000000000e+05 2.599936070381914099e-02 0.000000000000000000e+00 1.000000000000000000e+00 0.000000000000000000e+00 0.000000000000000000e+00 0.000000000000000000e+00
1.080000000000000000e+05 2.699933611550453527e-02 0.000000000000000000e+00 1.000000000000000000e+00 0.000000000000000000e+00 0.000000000000000000e+00 0.000000000000000000e+00
1.120000000000000000e+05 2.799931152718992955e-02 0.000000000000000000e+00 1.000000000000000000e+00 0.000000000000000000e+00 0.000000000000000000e+00 0.000000000000000000e+00
1.160000000000000000e+05 2.899928693887532383e-02 0.000000000000000000e+00 1.000000000000000000e+00 0.000000000000000000e+00 0.000000000000000000e+00 0.000000000000000000e+00
1.200000000000000000e+05 2.999926235056071810e-02 0.000000000000000000e+00 1.000000000000000000e+00 0.000000000000000000e+00 0.000000000000000000e+00 0.000000000000000000e+00
1.240000000000000000e+05 3.099923776224611238e-02 0.000000000000000000e+00 1.000000000000000000e+00 0.000000000000000000e+00 0.000000000000000000e+00 0.000000000000000000e+00
1.280000000000000000e+05 3.199921317393128462e-02 0.000000000000000000e+00 1.000000000000000000e+00 0.000000000000000000e+00 0.000000000000000000e+00 0.000000000000000000e+00
1.320000000000000000e+05 3.299918858561667889e-02 0.000000000000000000e+00 1.000000000000000000e+00 0.000000000000000000e+00 0.000000000000000000e+00 0.000000000000000000e+00
1.360000000000000000e+05 3.399916399730207317e-02 0.000000000000000000e+00 1.000000000000000000e+00 0.000000000000000000e+00 0.000000000000000000e+00 0.000000000000000000e+00
1.400000000000000000e+05 3.499913940898746745e-02 0.000000000000000000e+00 1.000000000000000000e+00 0.000000000000000000e+00 0.000000000000000000e+00 0.000000000000000000e+00
1.440000000000000000e+05 3.599911482067286173e-02 0.000000000000000000e+00 1.000000000000000000e+00 0.000000000000000000e+00 0.000000000000000000e+00 0.000000000000000000e+00
1.480000000000000000e+05 3.699909023235803396e-02 0.000000000000000000e+00 1.000000000000000000e+00 0.000000000000000000e+00 0.000000000000000000e+00 0.000000000000000000e+00
1.520000000000000000e+05 3.799906564404342824e-02 0.000000000000000000e+00 1.000000000000000000e+00 0.000000000000000000e+00 0.000000000000000000e+00 0.000000000000000000e+00
1.560000000000000000e+05 3.899904105572882251e-02 0.000000000000000000e+00 1.000000000000000000e+00 0.000000000000000000e+00 0.000000000000000000e+00 0.000000000000000000e+00
1.600000000000000000e+05 3.999901646741421679e-02 0.000000000000000000e+00 1.000000000000000000e+00 0.000000000000000000e+00 0.000000000000000000e+00 0.000000000000000000e+00
1.640000000000000000e+05 4.099899187909961107e-02 0.000000000000000000e+00 1.000000000000000000e+00 0.000000000000000000e+00 0.000000000000000000e+00 0.000000000000000000e+00
1.680000000000000000e+05 4.199896729078500535e-02 0.000000000000000000e+00 1.000000000000000000e+00 0.000000000000000000e+00 0.000000000000000000e+00 0.000000000000000000e+00
1.720000000000000000e+05 4.299894270247017758e-02 0.000000000000000000e+00 1.000000000000000000e+00 0.000000000000000000e+00 0.000000000000000000e+00 0.000000000000000000e+00
1.760000000000000000e+05 4.399891811415557186e-02 0.000000000000000000e+00 1.000000000000000000e+00 0.000000000000000000e+00 0.000000000000000000e+00 0.000000000000000000e+00
1.800000000000000000e+05 4.499889352584096613e-02 0.000000000000000000e+00 1.000000000000000000e+00 0.000000000000000000e+00 0.000000000000000000e+00 0.000000000000000000e+00
1.840000000000000000e+05 4.599886893752636041e-02 0.000000000000000000e+00 1.000000000000000000e+00 0.000000000000000000e+00 0.000000000000000000e+00 0.000000000000000000e+00
1.880000000000000000e+05 4.699884434921175469e-02 0.000000000000000000e+00 1.000000000000000000e+00 0.000000000000000000e+00 0.000000000000000000e+00 0.000000000000000000e+00
1.920000000000000000e+05 4.799881976089692692e-02 0.000000000000000000e+00 1.000000000000000000e+00 0.000000000000000000e+00 0.000000000000000000e+00 0.000000000000000000e+00
1.960000000000000000e+05 4.899879517258232120e-02 0.000000000000000000e+00 1.000000000000000000e+00 0.000000000000000000e+00 0.000000000000000000e+00 0.000000000000000000e+00
2.000000000000000000e+05 4.999877058426771548e-02 0.000000000000000000e+00 1.000000000000000000e+00 0.000000000000000000e+00 0.000000000000000000e+00 0.000000000000000000e+00
2.040000000000000000e+05 5.099874599595310976e-02 0.000000000000000000e+00 1.000000000000000000e+00 0.000000000000000000e+00 0.000000000000000000e+00 0.000000000000000000e+00
2.080000000000000000e+05 5.199872140763850403e-02 0.000000000000000000e+00 1.000000000000000000e+00 0.000000000000000000e+00 0.000000000000000000e+00 0.000000000000000000e+00
2.120000000000000000e+05 5.299869681932389831e-02 0.000000000000000000e+00 1.000000000000000000e+00 0.000000000000000000e+00 0.000000000000000000e+00 0.000000000000000000e+00
2.160000000000000000e+05 5.399867223100907054e-02 0.000000000000000000e+00 1.000000000000000000e+00 0.000000000000000000e+00 0.000000000000000000e+00 0.000000000000000000e+00
2.200000000000000000e+05 5.499864764269446482e-02 0.000000000000000000e+00 1.000000000000000000e+00 0.000000000000000000e+00 0.000000000000000000e+00 0.000000000000000000e+00
2.240000000000000000e+05 5.599862305437985910e-02 0.000000000000000000e+00 1.000000000000000000e+00 0.000000000000000000e+00 0.000000000000000000e+00 0.000000000000000000e+00
2.280000000000000000e+05 5.699859846606525338e-02 1.137915339098771066e-04 9.998862084660901095e-01 0.000000000000000000e+00 0.000000000000000000e+00 0.000000000000000000e+00
2.320000000000000000e+05 5.799857387775064765e-02 0.000000000000000000e+00 1.000000000000000000e+00 0.000000000000000000e+00 0.000000000000000000e+00 0.000000000000000000e+00
2.360000000000000000e+05 5.899854928943604193e-02 0.000000000000000000e+00 1.000000000000000000e+00 0.000000000000000000e+00 0.000000000000000000e+00 0.000000000000000000e+00
2.400000000000000000e+05 5.999852470112121416e-02 0.000000000000000000e+00 1.000000000000000000e+00 0.000000000000000000e+00 0.000000000000000000e+00 0.000000000000000000e+00
2.440000000000000000e+05 6.099850011280660844e-02 0.000000000000000000e+00 1.000000000000000000e+00 0.000000000000000000e+00 0.000000000000000000e+00 0.000000000000000000e+00
2.480000000000000000e+05 6.199847552449200272e-02 0.000000000000000000e+00 1.000000000000000000e+00 0.000000000000000000e+00 0.000000000000000000e+00 0.000000000000000000e+00
2.520000000000000000e+05 6.299845093617739700e-02 0.000000000000000000e+00 1.000000000000000000e+00 0.000000000000000000e+00 0.000000000000000000e+00 0.000000000000000000e+00
2.560000000000000000e+05 6.399842634786279127e-02 0.000000000000000000e+00 1.000000000000000000e+00 0.000000000000000000e+00 0.000000000000000000e+00 0.000000000000000000e+00
2.600000000000000000e+05 6.499840175954796351e-02 0.000000000000000000e+00 1.000000000000000000e+00 0.000000000000000000e+00 0.000000000000000000e+00 0.000000000000000000e+00
2.640000000000000000e+05 6.599837717123335779e-02 0.000000000000000000e+00 1.000000000000000000e+00 0.000000000000000000e+00 0.000000000000000000e+00 0.000000000000000000e+00
2.680000000000000000e+05 6.699835258291875206e-02 2.275830678197542133e-04 9.997724169321802190e-01 0.000000000000000000e+00 0.000000000000000000e+00 0.000000000000000000e+00
2.720000000000000000e+05 6.799832799460414634e-02 1.137915339098771066e-04 9.998862084660901095e-01 0.000000000000000000e+00 0.000000000000000000e+00 0.000000000000000000e+00
2.760000000000000000e+05 6.899830340628954062e-02 0.000000000000000000e+00 1.000000000000000000e+00 0.000000000000000000e+00 0.000000000000000000e+00 0.000000000000000000e+00
2.800000000000000000e+05 6.999827881797493490e-02 5.689576695493854790e-04 9.994310423304506585e-01 0.000000000000000000e+00 0.000000000000000000e+00 0.000000000000000000e+00
2.840000000000000000e+05 7.099825422966010713e-02 0.000000000000000000e+00 1.000000000000000000e+00 0.000000000000000000e+00 0.000000000000000000e+00 0.000000000000000000e+00
2.880000000000000000e+05 7.199822964134550141e-02 0.000000000000000000e+00 1.000000000000000000e+00 0.000000000000000000e+00 0.000000000000000000e+00 0.000000000000000000e+00
2.920000000000000000e+05 7.299820505303089568e-02 3.413746017296313199e-04 9.996586253982703285e-01 0.000000000000000000e+00 0.000000000000000000e+00 0.000000000000000000e+00
2.960000000000000000e+05 7.399818046471628996e-02 1.137915339098771066e-04 9.998862084660901095e-01 0.000000000000000000e+00 0.000000000000000000e+00 0.000000000000000000e+00
3.000000000000000000e+05 7.499815587640168424e-02 0.000000000000000000e+00 1.000000000000000000e+00 0.000000000000000000e+00 0.000000000000000000e+00 0.000000000000000000e+00
3.040000000000000000e+05 7.599813128808707852e-02 7.965407373691396923e-04 9.992034592626308775e-01 0.000000000000000000e+00 0.000000000000000000e+00 0.000000000000000000e+00
3.080000000000000000e+05 7.699810669977225075e-02 4.551661356395084266e-04 9.995448338643604380e-01 0.000000000000000000e+00 0.000000000000000000e+00 0.000000000000000000e+00
3.120000000000000000e+05 7.799808211145764503e-02 7.965407373691396923e-04 9.992034592626308775e-01 0.000000000000000000e+00 0.000000000000000000e+00 0.000000000000000000e+00
3.160000000000000000e+05 7.899805752314303930e-02 0.000000000000000000e+00 1.000000000000000000e+00 0.000000000000000000e+00 0.000000000000000000e+00 0.000000000000000000e+00
3.200000000000000000e+05 7.999803293482843358e-02 0.000000000000000000e+00 1.000000000000000000e+00 0.000000000000000000e+00 0.000000000000000000e+00 0.000000000000000000e+00
3.240000000000000000e+05 8.099800834651382786e-02 0.000000000000000000e+00 1.000000000000000000e+00 0.000000000000000000e+00 0.000000000000000000e+00 0.000000000000000000e+00
3.280000000000000000e+05 8.199798375819900009e-02 0.000000000000000000e+00 1.000000000000000000e+00 0.000000000000000000e+00 0.000000000000000000e+00 0.000000000000000000e+00
3.320000000000000000e+05 8.299795916988439437e-02 2.275830678197542133e-04 9.997724169321802190e-01 0.000000000000000000e+00 0.000000000000000000e+00 0.000000000000000000e+00
3.360000000000000000e+05 8.399793458156978865e-02 4.551661356395084266e-04 9.995448338643604380e-01 0.000000000000000000e+00 0.000000000000000000e+00 0.000000000000000000e+00
3.400000000000000000e+05 8.499790999325518293e-02 6.827492034592626399e-04 9.992034592626308775e-01 0.000000000000000000e+00 1.137915339098771066e-04 0.000000000000000000e+00
3.440000000000000000e+05 8.599788540494057720e-02 3.413746017296313199e-04 9.996586253982703285e-01 0.000000000000000000e+00 0.000000000000000000e+00 0.000000000000000000e+00
3.480000000000000000e+05 8.699786081662597148e-02 1.137915339098770958e-03 9.988620846609012061e-01 0.000000000000000000e+00 0.000000000000000000e+00 0.000000000000000000e+00
3.520000000000000000e+05 8.799783622831114371e-02 4.551661356395084266e-04 9.993172507965407680e-01 0.000000000000000000e+00 2.275830678197542133e-04 0.000000000000000000e+00
3.560000000000000000e+05 8.899781163999653799e-02 1.137915339098771066e-04 9.998862084660901095e-01 0.000000000000000000e+00 0.000000000000000000e+00 0.000000000000000000e+00
3.600000000000000000e+05 8.999778705168193227e-02 1.934456076467910759e-03 9.980655439235320836e-01 0.000000000000000000e+00 0.000000000000000000e+00 0.000000000000000000e+00
3.640000000000000000e+05 9.099776246336732655e-02 2.844788347746927612e-03 9.970414201183431802e-01 0.000000000000000000e+00 1.137915339098771066e-04 0.000000000000000000e+00
3.680000000000000000e+05 9.199773787505272082e-02 5.689576695493854790e-04 9.994310423304506585e-01 0.000000000000000000e+00 0.000000000000000000e+00 0.000000000000000000e+00
3.720000000000000000e+05 9.299771328673811510e-02 1.024123805188893906e-03 9.989758761948110966e-01 0.000000000000000000e+00 0.000000000000000000e+00 0.000000000000000000e+00
3.760000000000000000e+05 9.399768869842328733e-02 2.048247610377787811e-03 9.979517523896221931e-01 0.000000000000000000e+00 0.000000000000000000e+00 0.000000000000000000e+00
3.800000000000000000e+05 9.499766411010868161e-02 2.730996813837050560e-03 9.972690031861629611e-01 0.000000000000000000e+00 0.000000000000000000e+00 0.000000000000000000e+00
3.840000000000000000e+05 9.599763952179407589e-02 1.706873008648156654e-03 9.981793354574419741e-01 0.000000000000000000e+00 1.137915339098771066e-04 0.000000000000000000e+00
3.880000000000000000e+05 9.699761493347947017e-02 2.844788347746927612e-03 9.971552116522530707e-01 0.000000000000000000e+00 0.000000000000000000e+00 0.000000000000000000e+00
3.920000000000000000e+05 9.799759034516486444e-02 2.958579881656804664e-03 9.970414201183431802e-01 0.000000000000000000e+00 0.000000000000000000e+00 0.000000000000000000e+00
3.960000000000000000e+05 9.899756575685003668e-02 2.958579881656804664e-03 9.968138370505233992e-01 0.000000000000000000e+00 2.275830678197542133e-04 0.000000000000000000e+00
4.000000000000000000e+05 9.999754116853543096e-02 2.275830678197541916e-03 9.973827947200728516e-01 0.000000000000000000e+00 3.413746017296313199e-04 0.000000000000000000e+00
4.040000000000000000e+05 1.009975165802208252e-01 1.820664542558033706e-03 9.980655439235320836e-01 0.000000000000000000e+00 1.137915339098771066e-04 0.000000000000000000e+00
4.080000000000000000e+05 1.019974919919062195e-01 5.006827492034592909e-03 9.947655894401457033e-01 0.000000000000000000e+00 2.275830678197542133e-04 0.000000000000000000e+00
4.120000000000000000e+05 1.029974674035916138e-01 5.461993627674101119e-03 9.940828402366863603e-01 0.000000000000000000e+00 4.551661356395084266e-04 0.000000000000000000e+00
4.160000000000000000e+05 1.039974428152770081e-01 6.941283568502503235e-03 9.927173418297678964e-01 0.000000000000000000e+00 3.413746017296313199e-04 0.000000000000000000e+00
4.200000000000000000e+05 1.049974182269621803e-01 6.599908966772872511e-03 9.929449248975875664e-01 0.000000000000000000e+00 4.551661356395084266e-04 0.000000000000000000e+00
4.240000000000000000e+05 1.059973936386475746e-01 6.258534365043240920e-03 9.935138825671370189e-01 0.000000000000000000e+00 2.275830678197542133e-04 0.000000000000000000e+00
4.280000000000000000e+05 1.069973690503329689e-01 6.121984524351388457e-02 7.035730541647701175e-01 2.270141101502048120e-01 8.192990441511151245e-03 0.000000000000000000e+00
4.320000000000000000e+05 1.079973444620183631e-01 6.258534365043240399e-02 7.041420118343195700e-01 2.272416932180245652e-01 6.030951297223486815e-03 0.000000000000000000e+00
4.360000000000000000e+05 1.089973198737037574e-01 6.725079654073737312e-02 7.011834319526627501e-01 2.259899863450159363e-01 5.575785161583977738e-03 0.000000000000000000e+00
4.400000000000000000e+05 1.099972952853891517e-01 6.781975421028675621e-02 7.005006827492034072e-01 2.257624032771961831e-01 5.917159763313609329e-03 0.000000000000000000e+00
4.440000000000000000e+05 1.109972706970743239e-01 6.770596267637687959e-02 6.998179335457441752e-01 2.262175694128356895e-01 6.258534365043240920e-03 0.000000000000000000e+00
4.480000000000000000e+05 1.119972461087597182e-01 7.328174783796086167e-02 6.984524351388257113e-01 2.251934456076467861e-01 3.072371415566681717e-03 0.000000000000000000e+00
4.520000000000000000e+05 1.129972215204451125e-01 6.736458807464724974e-02 7.002730996813837372e-01 2.267865270823850588e-01 5.575785161583977738e-03 0.000000000000000000e+00
4.560000000000000000e+05 1.139971969321305068e-01 6.873008648156576916e-02 6.998179335457441752e-01 2.251934456076467861e-01 6.258534365043240920e-03 0.000000000000000000e+00
4.600000000000000000e+05 1.149971723438159010e-01 6.850250341374601593e-02 6.995903504779243942e-01 2.249658625398270329e-01 6.941283568502503235e-03 0.000000000000000000e+00
4.640000000000000000e+05 1.159971477555010733e-01 7.214383249886208160e-02 6.985662266727356018e-01 2.246244879380974169e-01 4.665452890304961318e-03 0.000000000000000000e+00
4.680000000000000000e+05 1.169971231671864675e-01 7.123350022758306865e-02 6.997041420118342847e-01 2.245106964041875264e-01 4.551661356395083832e-03 0.000000000000000000e+00
4.720000000000000000e+05 1.179970985788718618e-01 7.385070550751024476e-02 6.992489758761948337e-01 2.238279472007282667e-01 3.072371415566681717e-03 0.000000000000000000e+00
4.760000000000000000e+05 1.189970739905572561e-01 6.895766954938552240e-02 6.995903504779243942e-01 2.253072371415566766e-01 6.144742831133363434e-03 0.000000000000000000e+00
4.800000000000000000e+05 1.199970494022426504e-01 7.020937642239417908e-02 6.989076012744651623e-01 2.255348202093764298e-01 5.348202093764223633e-03 0.000000000000000000e+00
4.840000000000000000e+05 1.209970248139280447e-01 6.861629494765589254e-02 7.005006827492034072e-01 2.248520710059171701e-01 6.030951297223486815e-03 0.000000000000000000e+00
4.880000000000000000e+05 1.219970002256132169e-01 7.134729176149294527e-02 7.000455166135639562e-01 2.230314064633591165e-01 5.575785161583977738e-03 0.000000000000000000e+00
4.920000000000000000e+05 1.229969756372986112e-01 7.271279016841146470e-02 6.992489758761948337e-01 2.243969048702776636e-01 3.641329085116067413e-03 0.000000000000000000e+00
4.960000000000000000e+05 1.239969510489840054e-01 7.328174783796086167e-02 6.984524351388257113e-01 2.243969048702776636e-01 3.868912152935821518e-03 0.000000000000000000e+00
5.000000000000000000e+05 1.249969264606693997e-01 7.100591715976331542e-02 7.006144742831132977e-01 2.245106964041875264e-01 3.868912152935821518e-03 0.000000000000000000e+00
5.040000000000000000e+05 1.259969018723547940e-01 7.385070550751024476e-02 6.979972690031861493e-01 2.247382794720072796e-01 3.413746017296313308e-03 0.000000000000000000e+00
5.080000000000000000e+05 1.269968772840401883e-01 7.146108329540282189e-02 6.993627674101047242e-01 2.257624032771961831e-01 3.413746017296313308e-03 0.000000000000000000e+00
5.120000000000000000e+05 1.279968526957253605e-01 7.180245789713245175e-02 6.998179335457441752e-01 2.242831133363677731e-01 4.096495220755575623e-03 0.000000000000000000e+00
5.160000000000000000e+05 1.289968281074107548e-01 7.419208010923987462e-02 6.977696859353663683e-01 2.250796540737369233e-01 2.958579881656804664e-03 0.000000000000000000e+00
5.200000000000000000e+05 1.299968035190961491e-01 7.760582612653618706e-02 6.952662721893491105e-01 2.238279472007282667e-01 3.299954483386436255e-03 0.000000000000000000e+00
5.240000000000000000e+05 1.309967789307815433e-01 7.476103777878925771e-02 6.977696859353663683e-01 2.251934456076467861e-01 2.275830678197541916e-03 0.000000000000000000e+00
5.280000000000000000e+05 1.319967543424669376e-01 7.828857532999544677e-02 6.957214383249886724e-01 2.230314064633591165e-01 2.958579881656804664e-03 0.000000000000000000e+00
5.320000000000000000e+05 1.329967297541521098e-01 7.646791078743742087e-02 6.981110605370960398e-01 2.233727810650887602e-01 2.048247610377787811e-03 0.000000000000000000e+00
5.360000000000000000e+05 1.339967051658375041e-01 7.487482931269913433e-02 6.985662266727356018e-01 2.249658625398270329e-01 1.593081474738279385e-03 0.000000000000000000e+00
5.400000000000000000e+05 1.349966805775228984e-01 8.249886208466089554e-02 6.958352298588984519e-01 2.193900773782430647e-01 2.275830678197541916e-03 0.000000000000000000e+00
5.440000000000000000e+05 1.359966559892082927e-01 8.215748748293126569e-02 6.969731451979972459e-01 2.193900773782430647e-01 1.479289940828402332e-03 0.000000000000000000e+00
5.480000000000000000e+05 1.369966314008936870e-01 9.046426945835230049e-02 6.933318161128811941e-01 2.142694583522985752e-01 1.934456076467910759e-03 0.000000000000000000e+00
5.520000000000000000e+05 1.379966068125790812e-01 8.648156577150660496e-02 6.940145653163404260e-01 2.177969959035047920e-01 1.706873008648156654e-03 0.000000000000000000e+00
5.560000000000000000e+05 1.389965822242642535e-01 8.909877105143376719e-02 6.948111060537096595e-01 2.137005006827492060e-01 2.389622212107419402e-03 0.000000000000000000e+00
5.600000000000000000e+05 1.399965576359496477e-01 1.863905325443787064e-01 6.214155666818388379e-01 1.800182066454255880e-01 1.217569412835685025e-02 0.000000000000000000e+00
5.640000000000000000e+05 1.409965330476350420e-01 1.164087391898042806e-01 7.135867091488393710e-01 1.648839326354119283e-01 5.120619025944469528e-03 0.000000000000000000e+00
5.680000000000000000e+05 1.419965084593204363e-01 1.131087847064178448e-01 7.148384160218479444e-01 1.656804733727810786e-01 6.372325898953117539e-03 0.000000000000000000e+00
5.720000000000000000e+05 1.429964838710058306e-01 5.223031406463359005e-02 9.022530723714156098e-01 4.426490669094219205e-02 1.251706873008648227e-03 0.000000000000000000e+00
5.760000000000000000e+05 1.439964592826910028e-01 5.348202093764223980e-02 9.022530723714156098e-01 4.312699135184342586e-02 1.137915339098770958e-03 0.000000000000000000e+00
5.800000000000000000e+05 1.449964346943763971e-01 5.120619025944470049e-02 8.992944924897587899e-01 4.676832043695949154e-02 2.730996813837050560e-03 0.000000000000000000e+00
5.840000000000000000e+05 1.459964101060617914e-01 5.279927173418298009e-02 8.951979972690031762e-01 5.029585798816568060e-02 1.706873008648156654e-03 0.000000000000000000e+00
5.880000000000000000e+05 1.469963855177471856e-01 5.439235320892125969e-02 8.909877105143377829e-01 5.245789713245334329e-02 2.162039144287664864e-03 0.000000000000000000e+00
5.920000000000000000e+05 1.479963609294325799e-01 5.735093309057805872e-02 8.559399180700956178e-01 8.306781975421029252e-02 3.641329085116067413e-03 0.000000000000000000e+00
5.960000000000000000e+05 1.489963363411179742e-01 5.837505689576695522e-02 8.545744196631770428e-01 8.261265361857077216e-02 4.437869822485207214e-03 0.000000000000000000e+00
6.000000000000000000e+05 1.499963117528031464e-01 6.065088757396449454e-02 8.487710514337732937e-01 8.648156577150660496e-02 4.096495220755575623e-03 0.000000000000000000e+00
6.040000000000000000e+05 1.509962871644885407e-01 5.905780609922621494e-02 8.517296313154301135e-01 8.579881656804733137e-02 3.413746017296313308e-03 0.000000000000000000e+00
6.080000000000000000e+05 1.519962625761739350e-01 6.087847064178425471e-02 8.472917614929449392e-01 8.761948111060537114e-02 4.210286754665453109e-03 0.000000000000000000e+00
6.120000000000000000e+05 1.529962379878593293e-01 5.985434683659535821e-02 8.445607646791079004e-01 9.251251706873007963e-02 3.072371415566681717e-03 0.000000000000000000e+00
6.160000000000000000e+05 1.539962133995447235e-01 5.791989076012744875e-02 8.461538461538461453e-01 9.148839326354119006e-02 4.437869822485207214e-03 0.000000000000000000e+00
6.200000000000000000e+05 1.549961888112301178e-01 5.837505689576695522e-02 8.430814747382794350e-01 9.239872553482020301e-02 6.144742831133363434e-03 0.000000000000000000e+00
6.240000000000000000e+05 1.559961642229152901e-01 5.791989076012744875e-02 8.417159763313609711e-01 9.592626308602640595e-02 4.437869822485207214e-03 0.000000000000000000e+00
6.280000000000000000e+05 1.569961396346006843e-01 5.484751934456076616e-02 8.423987255348202030e-01 9.626763768775603580e-02 6.486117432862995025e-03 0.000000000000000000e+00
6.320000000000000000e+05 1.579961150462860786e-01 5.723714155666818210e-02 8.378470641784251383e-01 9.911242603550296515e-02 5.803368229403732710e-03 0.000000000000000000e+00
6.360000000000000000e+05 1.589960904579714729e-01 5.951297223486572835e-02 8.389849795175239322e-01 9.649522075557578904e-02 5.006827492034592909e-03 0.000000000000000000e+00
6.400000000000000000e+05 1.599960658696568672e-01 6.008192990441511144e-02 8.360263996358671124e-01 9.899863450159307465e-02 4.893035958124715423e-03 0.000000000000000000e+00
6.440000000000000000e+05 1.609960412813420394e-01 5.769230769230769551e-02 8.386436049157942607e-01 9.808830223031406170e-02 5.575785161583977738e-03 0.000000000000000000e+00
6.480000000000000000e+05 1.619960166930274337e-01 6.156121984524351443e-02 8.353436504324078804e-01 9.945380063723259501e-02 3.641329085116067413e-03 0.000000000000000000e+00
6.520000000000000000e+05 1.629959921047128280e-01 5.723714155666818210e-02 8.326126536185707305e-01 1.037778789258079204e-01 6.372325898953117539e-03 0.000000000000000000e+00
6.560000000000000000e+05 1.639959675163982222e-01 5.962676376877560497e-02 8.321574874829312796e-01 1.025261720527992776e-01 5.689576695493855224e-03 0.000000000000000000e+00
6.600000000000000000e+05 1.649959429280836165e-01 5.917159763313609155e-02 8.315885298133819381e-01 1.036640873918980438e-01 5.575785161583977738e-03 0.000000000000000000e+00
6.640000000000000000e+05 1.659959183397690108e-01 5.871643149749658508e-02 8.286299499317251183e-01 1.076467910787437393e-01 5.006827492034592909e-03 0.000000000000000000e+00
6.680000000000000000e+05 1.669958937514541830e-01 5.985434683659535821e-02 8.231679563040509295e-01 1.100364132908511622e-01 6.941283568502503235e-03 0.000000000000000000e+00
6.720000000000000000e+05 1.679958691631395773e-01 6.326809285389166371e-02 8.186162949476558648e-01 1.127674101046882149e-01 5.348202093764223633e-03 0.000000000000000000e+00
6.760000000000000000e+05 1.689958445748249716e-01 6.144742831133363781e-02 8.177059626763768518e-01 1.147018661811561174e-01 6.144742831133363434e-03 0.000000000000000000e+00
6.800000000000000000e+05 1.699958199865103659e-01 6.099226217569413133e-02 8.208921256258534527e-01 1.111743286299499284e-01 6.941283568502503235e-03 0.000000000000000000e+00
6.840000000000000000e+05 1.709957953981957601e-01 7.077833409194356218e-02 7.963131543013199920e-01 1.293809740555302568e-01 3.527537551206190360e-03 0.000000000000000000e+00
6.880000000000000000e+05 1.719957708098811544e-01 6.713700500682749650e-02 7.987027765134273594e-01 1.272189349112426149e-01 6.941283568502503235e-03 0.000000000000000000e+00
6.920000000000000000e+05 1.729957462215663266e-01 6.736458807464724974e-02 7.999544833864360438e-01 1.282430587164314906e-01 4.437869822485207214e-03 0.000000000000000000e+00
6.960000000000000000e+05 1.739957216332517209e-01 6.736458807464724974e-02 7.957441966317706505e-01 1.321119708693673234e-01 4.779244424214838804e-03 0.000000000000000000e+00
7.000000000000000000e+05 1.749956970449371152e-01 6.884387801547564578e-02 7.924442421483841592e-01 1.352981338188438687e-01 3.413746017296313308e-03 0.000000000000000000e+00
7.040000000000000000e+05 1.759956724566225095e-01 6.918525261720527564e-02 7.926718252162039402e-01 1.335912608101957333e-01 4.551661356395083832e-03 0.000000000000000000e+00
7.080000000000000000e+05 1.769956478683079037e-01 6.702321347291761988e-02 7.885753299954483264e-01 1.376877560309512916e-01 6.713700500682749130e-03 0.000000000000000000e+00
7.120000000000000000e+05 1.779956232799930760e-01 7.111970869367319203e-02 7.895994538006372299e-01 1.347291761492944995e-01 4.551661356395083832e-03 0.000000000000000000e+00
7.160000000000000000e+05 1.789955986916784703e-01 7.043695949021393232e-02 7.860719162494310686e-01 1.397360036413290985e-01 3.755120619025944465e-03 0.000000000000000000e+00
7.200000000000000000e+05 1.799955741033638645e-01 7.020937642239417908e-02 7.833409194355940297e-01 1.416704597177969871e-01 4.779244424214838804e-03 0.000000000000000000e+00
7.240000000000000000e+05 1.809955495150492588e-01 6.986800182066454923e-02 7.775375512061902805e-01 1.482703686845698587e-01 4.324078288575329727e-03 0.000000000000000000e+00
7.280000000000000000e+05 1.819955249267346531e-01 6.975421028675465873e-02 7.631998179335457433e-01 1.586253982703686727e-01 8.420573509330906217e-03 0.000000000000000000e+00
7.320000000000000000e+05 1.829955003384200474e-01 6.827492034592626269e-02 7.682066454255803700e-01 1.574874829312699065e-01 6.030951297223486815e-03 0.000000000000000000e+00
7.360000000000000000e+05 1.839954757501052196e-01 6.975421028675465873e-02 7.026627218934911046e-01 2.242831133363677731e-01 3.299954483386436255e-03 0.000000000000000000e+00
7.400000000000000000e+05 1.849954511617906139e-01 6.611288120163859305e-02 6.983386436049158208e-01 2.312243969048702885e-01 4.324078288575329727e-03 0.000000000000000000e+00
7.440000000000000000e+05 1.859954265734760082e-01 6.929904415111515226e-02 6.941283568502503165e-01 2.314519799726900418e-01 5.120619025944469528e-03 0.000000000000000000e+00
7.480000000000000000e+05 1.869954019851614024e-01 7.043695949021393232e-02 6.871870732817478844e-01 2.380518889394629134e-01 4.324078288575329727e-03 0.000000000000000000e+00
7.520000000000000000e+05 1.879953773968467967e-01 6.793354574419663283e-02 6.824078288575330387e-01 2.449931725079654010e-01 4.665452890304961318e-03 0.000000000000000000e+00
7.560000000000000000e+05 1.889953528085321910e-01 7.123350022758306865e-02 6.808147473827946827e-01 2.447655894401456478e-01 3.186162949476558769e-03 0.000000000000000000e+00
7.600000000000000000e+05 1.899953282202173632e-01 6.986800182066454923e-02 6.772872098315885214e-01 2.492034592626308498e-01 3.641329085116067413e-03 0.000000000000000000e+00
7.640000000000000000e+05 1.909953036319027575e-01 6.850250341374601593e-02 6.722803823395538947e-01 2.542102867546654488e-01 5.006827492034592909e-03 0.000000000000000000e+00
7.680000000000000000e+05 1.919952790435881518e-01 6.952662721893490549e-02 6.730769230769231282e-01 2.522758306781975324e-01 5.120619025944469528e-03 0.000000000000000000e+00
7.720000000000000000e+05 1.929952544552735461e-01 6.736458807464724974e-02 6.659080564406008040e-01 2.605826126536185949e-01 6.144742831133363434e-03 0.000000000000000000e+00
7.760000000000000000e+05 1.939952298669589403e-01 6.838871187983613931e-02 6.574874829312699065e-01 2.687756030951297115e-01 5.348202093764223633e-03 0.000000000000000000e+00
7.800000000000000000e+05 1.949952052786441126e-01 6.736458807464724974e-02 6.606736458807465073e-01 2.674101046882111921e-01 4.551661356395083832e-03 0.000000000000000000e+00
7.840000000000000000e+05 1.959951806903295068e-01 6.861629494765589254e-02 6.558944014565316616e-01 2.708238507055075184e-01 4.665452890304961318e-03 0.000000000000000000e+00
7.880000000000000000e+05 1.969951561020149011e-01 6.713700500682749650e-02 6.512289485662267063e-01 2.762858443331815961e-01 5.348202093764223633e-03 0.000000000000000000e+00
7.920000000000000000e+05 1.979951315137002954e-01 6.907146108329539902e-02 6.492944924897587899e-01 2.758306781975420896e-01 5.803368229403732710e-03 0.000000000000000000e+00
7.960000000000000000e+05 1.989951069253856897e-01 7.191624943104232837e-02 6.477014110150204340e-01 2.760582612653618706e-01 4.324078288575329727e-03 0.000000000000000000e+00
8.000000000000000000e+05 1.999950823370710840e-01 6.873008648156576916e-02 6.473600364132908735e-01 2.791306326809285254e-01 4.779244424214838804e-03 0.000000000000000000e+00
8.040000000000000000e+05 2.009950577487562562e-01 6.975421028675465873e-02 6.373463814292216201e-01 2.880063723258989294e-01 4.893035958124715423e-03 0.000000000000000000e+00
8.080000000000000000e+05 2.019950331604416505e-01 6.975421028675465873e-02 6.300637232589895165e-01 2.957441966317705950e-01 4.437869822485207214e-03 0.000000000000000000e+00
8.120000000000000000e+05 2.029950085721270447e-01 7.111970869367319203e-02 6.181156121984524576e-01 3.050751024123805055e-01 5.689576695493855224e-03 0.000000000000000000e+00
8.160000000000000000e+05 2.039949839838124390e-01 7.385070550751024476e-02 6.216431497496586189e-01 3.007510241238051663e-01 3.755120619025944465e-03 0.000000000000000000e+00
8.200000000000000000e+05 2.049949593954978333e-01 7.407828857532999800e-02 6.190259444697314706e-01 3.026854802002730827e-01 4.210286754665453109e-03 0.000000000000000000e+00
8.240000000000000000e+05 2.059949348071832276e-01 6.952662721893490549e-02 6.069640418752845212e-01 3.174783796085571264e-01 6.030951297223486815e-03 0.000000000000000000e+00
8.280000000000000000e+05 2.069949102188683998e-01 7.567137005006827066e-02 5.968365953573053773e-01 3.227127901684114786e-01 4.779244424214838804e-03 0.000000000000000000e+00
8.320000000000000000e+05 2.079948856305537941e-01 7.794720072826581692e-02 5.353891670459717256e-01 3.794947655894401195e-01 7.168866636322257339e-03 0.000000000000000000e+00
8.360000000000000000e+05 2.089948610422391884e-01 8.488848429676831842e-02 5.386891215293582169e-01 3.677742375967227861e-01 8.648156577150659455e-03 0.000000000000000000e+00
8.400000000000000000e+05 2.099948364539245826e-01 8.602639963586708460e-02 5.382339553937186549e-01 3.692535275375511961e-01 6.486117432862995025e-03 0.000000000000000000e+00
8.440000000000000000e+05 2.109948118656099769e-01 8.693673190714611143e-02 5.309512972234865513e-01 3.715293582157487284e-01 1.058261265361857065e-02 0.000000000000000000e+00
8.480000000000000000e+05 2.119947872772951492e-01 8.761948111060537114e-02 5.287892580791988539e-01 3.775603095129722586e-01 6.030951297223486815e-03 0.000000000000000000e+00
8.520000000000000000e+05 2.129947626889805434e-01 8.500227583067819503e-02 5.004551661356395620e-01 4.070323167956304000e-01 7.510241238051888930e-03 0.000000000000000000e+00
8.560000000000000000e+05 2.139947381006659377e-01 8.944014565316341092e-02 5.000000000000000000e-01 4.047564861174328676e-01 5.803368229403732710e-03 0.000000000000000000e+00
8.600000000000000000e+05 2.149947135123513320e-01 8.921256258534364381e-02 5.018206645425580259e-01 4.038461538461538547e-01 5.120619025944469528e-03 0.000000000000000000e+00
8.640000000000000000e+05 2.159946889240367263e-01 8.921256258534364381e-02 5.006827492034592320e-01 4.055530268548019901e-01 4.551661356395083832e-03 0.000000000000000000e+00
8.680000000000000000e+05 2.169946643357221205e-01 8.841602184797450747e-02 5.029585798816568198e-01 4.028220300409649512e-01 5.803368229403732710e-03 0.000000000000000000e+00
8.720000000000000000e+05 2.179946397474072928e-01 8.796085571233500100e-02 5.052344105598542967e-01 4.023668639053254448e-01 4.437869822485207214e-03 0.000000000000000000e+00
8.760000000000000000e+05 2.189946151590926871e-01 8.909877105143376719e-02 5.034137460172962708e-01 4.021392808375056638e-01 5.348202093764223633e-03 0.000000000000000000e+00
8.800000000000000000e+05 2.199945905707780813e-01 9.023668639053254725e-02 4.981793354574419741e-01 4.062357760582612776e-01 5.348202093764223633e-03 0.000000000000000000e+00
8.840000000000000000e+05 2.209945659824634756e-01 8.921256258534364381e-02 5.028447883477469293e-01 4.022530723714155543e-01 5.689576695493855224e-03 0.000000000000000000e+00
8.880000000000000000e+05 2.219945413941488699e-01 8.898497951752389057e-02 5.007965407373691225e-01 4.032771961766044577e-01 6.941283568502503235e-03 0.000000000000000000e+00
8.920000000000000000e+05 2.229945168058342642e-01 8.818843878015475424e-02 5.046654528903049552e-01 4.006599908966773094e-01 6.486117432862995025e-03 0.000000000000000000e+00
8.960000000000000000e+05 2.239944922175194364e-01 9.103322712790168358e-02 5.040964952207556138e-01 3.984979517523896120e-01 6.372325898953117539e-03 0.000000000000000000e+00
9.000000000000000000e+05 2.249944676292048307e-01 8.750568957669549452e-02 5.070550751024124336e-01 3.990669094219390090e-01 6.372325898953117539e-03 0.000000000000000000e+00
9.040000000000000000e+05 2.259944430408902249e-01 9.091943559399180697e-02 5.076240327719617751e-01 3.953117888029130667e-01 6.144742831133363434e-03 0.000000000000000000e+00
9.080000000000000000e+05 2.269944184525756192e-01 6.975421028675465873e-02 3.516158397815202785e-01 5.730541647701411501e-01 5.575785161583977738e-03 0.000000000000000000e+00
