# itime ezz other fcc hcp bcc ico
0.000000000000000000e+00 0.000000000000000000e+00 0.000000000000000000e+00 1.000000000000000000e+00 0.000000000000000000e+00 0.000000000000000000e+00 0.000000000000000000e+00
2.500000000000000000e+01 1.000062257680678357e-03 0.000000000000000000e+00 1.000000000000000000e+00 0.000000000000000000e+00 0.000000000000000000e+00 0.000000000000000000e+00
5.000000000000000000e+01 2.000124515361134669e-03 0.000000000000000000e+00 1.000000000000000000e+00 0.000000000000000000e+00 0.000000000000000000e+00 0.000000000000000000e+00
7.500000000000000000e+01 3.000186773041813026e-03 0.000000000000000000e+00 1.000000000000000000e+00 0.000000000000000000e+00 0.000000000000000000e+00 0.000000000000000000e+00
1.000000000000000000e+02 4.000249030722269339e-03 0.000000000000000000e+00 1.000000000000000000e+00 0.000000000000000000e+00 0.000000000000000000e+00 0.000000000000000000e+00
1.250000000000000000e+02 5.000311288402947696e-03 0.000000000000000000e+00 1.000000000000000000e+00 0.000000000000000000e+00 0.000000000000000000e+00 0.000000000000000000e+00
1.500000000000000000e+02 6.000373546083404008e-03 0.000000000000000000e+00 1.000000000000000000e+00 0.000000000000000000e+00 0.000000000000000000e+00 0.000000000000000000e+00
1.750000000000000000e+02 7.000435803764082365e-03 0.000000000000000000e+00 1.000000000000000000e+00 0.000000000000000000e+00 0.000000000000000000e+00 0.000000000000000000e+00
2.000000000000000000e+02 8.000498061444538678e-03 0.000000000000000000e+00 1.000000000000000000e+00 0.000000000000000000e+00 0.000000000000000000e+00 0.000000000000000000e+00
2.250000000000000000e+02 9.000560319125217035e-03 0.000000000000000000e+00 1.000000000000000000e+00 0.000000000000000000e+00 0.000000000000000000e+00 0.000000000000000000e+00
2.500000000000000000e+02 1.000062257680567335e-02 0.000000000000000000e+00 1.000000000000000000e+00 0.000000000000000000e+00 0.000000000000000000e+00 0.000000000000000000e+00
2.750000000000000000e+02 1.100068483448635170e-02 0.000000000000000000e+00 1.000000000000000000e+00 0.000000000000000000e+00 0.000000000000000000e+00 0.000000000000000000e+00
3.000000000000000000e+02 1.200074709216680802e-02 0.000000000000000000e+00 1.000000000000000000e+00 0.000000000000000000e+00 0.000000000000000000e+00 0.000000000000000000e+00
3.250000000000000000e+02 1.300080934984748637e-02 0.000000000000000000e+00 1.000000000000000000e+00 0.000000000000000000e+00 0.000000000000000000e+00 0.000000000000000000e+00
3.500000000000000000e+02 1.400087160752794269e-02 0.000000000000000000e+00 1.000000000000000000e+00 0.000000000000000000e+00 0.000000000000000000e+00 0.000000000000000000e+00
3.750000000000000000e+02 1.500093386520862104e-02 0.000000000000000000e+00 1.000000000000000000e+00 0.000000000000000000e+00 0.000000000000000000e+00 0.000000000000000000e+00
4.000000000000000000e+02 1.600099612288907736e-02 0.000000000000000000e+00 1.000000000000000000e+00 0.000000000000000000e+00 0.000000000000000000e+00 0.000000000000000000e+00
4.250000000000000000e+02 1.700105838056975571e-02 0.000000000000000000e+00 1.000000000000000000e+00 0.000000000000000000e+00 0.000000000000000000e+00 0.000000000000000000e+00
4.500000000000000000e+02 1.800112063825043407e-02 0.000000000000000000e+00 1.000000000000000000e+00 0.000000000000000000e+00 0.000000000000000000e+00 0.000000000000000000e+00
4.750000000000000000e+02 1.900118289593089038e-02 0.000000000000000000e+00 1.000000000000000000e+00 0.000000000000000000e+00 0.000000000000000000e+00 0.000000000000000000e+00
5.000000000000000000e+02 2.000124515361156874e-02 0.000000000000000000e+00 1.000000000000000000e+00 0.000000000000000000e+00 0.000000000000000000e+00 0.000000000000000000e+00
5.250000000000000000e+02 2.100130741129202505e-02 0.000000000000000000e+00 1.000000000000000000e+00 0.000000000000000000e+00 0.000000000000000000e+00 0.000000000000000000e+00
5.500000000000000000e+02 2.200136966897270341e-02 0.000000000000000000e+00 1.000000000000000000e+00 0.000000000000000000e+00 0.000000000000000000e+00 0.000000000000000000e+00
5.750000000000000000e+02 2.300143192665315972e-02 0.000000000000000000e+00 1.000000000000000000e+00 0.000000000000000000e+00 0.000000000000000000e+00 0.000000000000000000e+00
6.000000000000000000e+02 2.400149418433383808e-02 0.000000000000000000e+00 1.000000000000000000e+00 0.000000000000000000e+00 0.000000000000000000e+00 0.000000000000000000e+00
6.250000000000000000e+02 2.500155644201429439e-02 0.000000000000000000e+00 1.000000000000000000e+00 0.000000000000000000e+00 0.000000000000000000e+00 0.000000000000000000e+00
6.500000000000000000e+02 2.600161869969497275e-02 0.000000000000000000e+00 1.000000000000000000e+00 0.000000000000000000e+00 0.000000000000000000e+00 0.000000000000000000e+00
6.750000000000000000e+02 2.700168095737542906e-02 0.000000000000000000e+00 1.000000000000000000e+00 0.000000000000000000e+00 0.000000000000000000e+00 0.000000000000000000e+00
7.000000000000000000e+02 2.800174321505610742e-02 0.000000000000000000e+00 1.000000000000000000e+00 0.000000000000000000e+00 0.000000000000000000e+00 0.000000000000000000e+00
7.250000000000000000e+02 2.900180547273656373e-02 0.000000000000000000e+00 1.000000000000000000e+00 0.000000000000000000e+00 0.000000000000000000e+00 0.000000000000000000e+00
7.500000000000000000e+02 3.000186773041724209e-02 0.000000000000000000e+00 1.000000000000000000e+00 0.000000000000000000e+00 0.000000000000000000e+00 0.000000000000000000e+00
7.750000000000000000e+02 3.100192998809769840e-02 0.000000000000000000e+00 1.000000000000000000e+00 0.000000000000000000e+00 0.000000000000000000e+00 0.000000000000000000e+00
8.000000000000000000e+02 3.200199224577837676e-02 0.000000000000000000e+00 1.000000000000000000e+00 0.000000000000000000e+00 0.000000000000000000e+00 0.000000000000000000e+00
8.250000000000000000e+02 3.300205450345883307e-02 0.000000000000000000e+00 1.000000000000000000e+00 0.000000000000000000e+00 0.000000000000000000e+00 0.000000000000000000e+00
8.500000000000000000e+02 3.400211676113951142e-02 0.000000000000000000e+00 1.000000000000000000e+00 0.000000000000000000e+00 0.000000000000000000e+00 0.000000000000000000e+00
8.750000000000000000e+02 3.500217901881996774e-02 0.000000000000000000e+00 1.000000000000000000e+00 0.000000000000000000e+00 0.000000000000000000e+00 0.000000000000000000e+00
9.000000000000000000e+02 3.600224127650064609e-02 0.000000000000000000e+00 1.000000000000000000e+00 0.000000000000000000e+00 0.000000000000000000e+00 0.000000000000000000e+00
9.250000000000000000e+02 3.700230353418132445e-02 0.000000000000000000e+00 1.000000000000000000e+00 0.000000000000000000e+00 0.000000000000000000e+00 0.000000000000000000e+00
9.500000000000000000e+02 3.800236579186178076e-02 0.000000000000000000e+00 1.000000000000000000e+00 0.000000000000000000e+00 0.000000000000000000e+00 0.000000000000000000e+00
9.750000000000000000e+02 3.900242804954245912e-02 0.000000000000000000e+00 1.000000000000000000e+00 0.000000000000000000e+00 0.000000000000000000e+00 0.000000000000000000e+00
1.000000000000000000e+03 4.000249030722291543e-02 0.000000000000000000e+00 1.000000000000000000e+00 0.000000000000000000e+00 0.000000000000000000e+00 0.000000000000000000e+00
1.025000000000000000e+03 4.100255256490359379e-02 0.000000000000000000e+00 1.000000000000000000e+00 0.000000000000000000e+00 0.000000000000000000e+00 0.000000000000000000e+00
1.050000000000000000e+03 4.200261482258405010e-02 0.000000000000000000e+00 1.000000000000000000e+00 0.000000000000000000e+00 0.000000000000000000e+00 0.000000000000000000e+00
1.075000000000000000e+03 4.300267708026472846e-02 0.000000000000000000e+00 1.000000000000000000e+00 0.000000000000000000e+00 0.000000000000000000e+00 0.000000000000000000e+00
1.100000000000000000e+03 4.400273933794518477e-02 0.000000000000000000e+00 1.000000000000000000e+00 0.000000000000000000e+00 0.000000000000000000e+00 0.000000000000000000e+00
1.125000000000000000e+03 4.500280159562586313e-02 0.000000000000000000e+00 1.000000000000000000e+00 0.000000000000000000e+00 0.000000000000000000e+00 0.000000000000000000e+00
1.150000000000000000e+03 4.600286385330631944e-02 0.000000000000000000e+00 1.000000000000000000e+00 0.000000000000000000e+00 0.000000000000000000e+00 0.000000000000000000e+00
1.175000000000000000e+03 4.700292611098699780e-02 0.000000000000000000e+00 1.000000000000000000e+00 0.000000000000000000e+00 0.000000000000000000e+00 0.000000000000000000e+00
1.200000000000000000e+03 4.800298836866745411e-02 0.000000000000000000e+00 1.000000000000000000e+00 0.000000000000000000e+00 0.000000000000000000e+00 0.000000000000000000e+00
1.225000000000000000e+03 4.900305062634813247e-02 0.000000000000000000e+00 1.000000000000000000e+00 0.000000000000000000e+00 0.000000000000000000e+00 0.000000000000000000e+00
1.250000000000000000e+03 5.000311288402858878e-02 0.000000000000000000e+00 1.000000000000000000e+00 0.000000000000000000e+00 0.000000000000000000e+00 0.000000000000000000e+00
1.275000000000000000e+03 5.100317514170926714e-02 0.000000000000000000e+00 1.000000000000000000e+00 0.000000000000000000e+00 0.000000000000000000e+00 0.000000000000000000e+00
1.300000000000000000e+03 5.200323739938972345e-02 0.000000000000000000e+00 1.000000000000000000e+00 0.000000000000000000e+00 0.000000000000000000e+00 0.000000000000000000e+00
1.325000000000000000e+03 5.300329965707040181e-02 0.000000000000000000e+00 1.000000000000000000e+00 0.000000000000000000e+00 0.000000000000000000e+00 0.000000000000000000e+00
1.350000000000000000e+03 5.400336191475108016e-02 0.000000000000000000e+00 1.000000000000000000e+00 0.000000000000000000e+00 0.000000000000000000e+00 0.000000000000000000e+00
1.375000000000000000e+03 5.500342417243153648e-02 0.000000000000000000e+00 1.000000000000000000e+00 0.000000000000000000e+00 0.000000000000000000e+00 0.000000000000000000e+00
1.400000000000000000e+03 5.600348643011221483e-02 0.000000000000000000e+00 1.000000000000000000e+00 0.000000000000000000e+00 0.000000000000000000e+00 0.000000000000000000e+00
1.425000000000000000e+03 5.700354868779267115e-02 0.000000000000000000e+00 1.000000000000000000e+00 0.000000000000000000e+00 0.000000000000000000e+00 0.000000000000000000e+00
1.450000000000000000e+03 5.800361094547334950e-02 0.000000000000000000e+00 1.000000000000000000e+00 0.000000000000000000e+00 0.000000000000000000e+00 0.000000000000000000e+00
1.475000000000000000e+03 5.900367320315380582e-02 0.000000000000000000e+00 1.000000000000000000e+00 0.000000000000000000e+00 0.000000000000000000e+00 0.000000000000000000e+00
1.500000000000000000e+03 6.000373546083448417e-02 0.000000000000000000e+00 1.000000000000000000e+00 0.000000000000000000e+00 0.000000000000000000e+00 0.000000000000000000e+00
1.525000000000000000e+03 6.100379771851494048e-02 0.000000000000000000e+00 1.000000000000000000e+00 0.000000000000000000e+00 0.000000000000000000e+00 0.000000000000000000e+00
1.550000000000000000e+03 6.200385997619561884e-02 0.000000000000000000e+00 1.000000000000000000e+00 0.000000000000000000e+00 0.000000000000000000e+00 0.000000000000000000e+00
1.575000000000000000e+03 6.300392223387607515e-02 0.000000000000000000e+00 1.000000000000000000e+00 0.000000000000000000e+00 0.000000000000000000e+00 0.000000000000000000e+00
1.600000000000000000e+03 6.400398449155675351e-02 0.000000000000000000e+00 1.000000000000000000e+00 0.000000000000000000e+00 0.000000000000000000e+00 0.000000000000000000e+00
1.625000000000000000e+03 6.500404674923720982e-02 0.000000000000000000e+00 1.000000000000000000e+00 0.000000000000000000e+00 0.000000000000000000e+00 0.000000000000000000e+00
1.650000000000000000e+03 6.600410900691788818e-02 0.000000000000000000e+00 1.000000000000000000e+00 0.000000000000000000e+00 0.000000000000000000e+00 0.000000000000000000e+00
1.675000000000000000e+03 6.700417126459834449e-02 4.551661356395084266e-04 9.995448338643604380e-01 0.000000000000000000e+00 0.000000000000000000e+00 0.000000000000000000e+00
1.700000000000000000e+03 6.800423352227902285e-02 0.000000000000000000e+00 1.000000000000000000e+00 0.000000000000000000e+00 0.000000000000000000e+00 0.000000000000000000e+00
1.725000000000000000e+03 6.900429577995947916e-02 0.000000000000000000e+00 1.000000000000000000e+00 0.000000000000000000e+00 0.000000000000000000e+00 0.000000000000000000e+00
1.750000000000000000e+03 7.000435803764015752e-02 0.000000000000000000e+00 1.000000000000000000e+00 0.000000000000000000e+00 0.000000000000000000e+00 0.000000000000000000e+00
1.775000000000000000e+03 7.100442029532061383e-02 0.000000000000000000e+00 1.000000000000000000e+00 0.000000000000000000e+00 0.000000000000000000e+00 0.000000000000000000e+00
1.800000000000000000e+03 7.200448255300129219e-02 0.000000000000000000e+00 1.000000000000000000e+00 0.000000000000000000e+00 0.000000000000000000e+00 0.000000000000000000e+00
1.825000000000000000e+03 7.300454481068197055e-02 0.000000000000000000e+00 1.000000000000000000e+00 0.000000000000000000e+00 0.000000000000000000e+00 0.000000000000000000e+00
1.850000000000000000e+03 7.400460706836242686e-02 1.137915339098771066e-04 9.998862084660901095e-01 0.000000000000000000e+00 0.000000000000000000e+00 0.000000000000000000e+00
1.875000000000000000e+03 7.500466932604310522e-02 3.413746017296313199e-04 9.996586253982703285e-01 0.000000000000000000e+00 0.000000000000000000e+00 0.000000000000000000e+00
1.900000000000000000e+03 7.600473158372356153e-02 4.551661356395084266e-04 9.995448338643604380e-01 0.000000000000000000e+00 0.000000000000000000e+00 0.000000000000000000e+00
1.925000000000000000e+03 7.700479384140423988e-02 0.000000000000000000e+00 1.000000000000000000e+00 0.000000000000000000e+00 0.000000000000000000e+00 0.000000000000000000e+00
1.950000000000000000e+03 7.800485609908469620e-02 0.000000000000000000e+00 1.000000000000000000e+00 0.000000000000000000e+00 0.000000000000000000e+00 0.000000000000000000e+00
1.975000000000000000e+03 7.900491835676537455e-02 4.551661356395084266e-04 9.995448338643604380e-01 0.000000000000000000e+00 0.000000000000000000e+00 0.000000000000000000e+00
2.000000000000000000e+03 8.000498061444583087e-02 0.000000000000000000e+00 1.000000000000000000e+00 0.000000000000000000e+00 0.000000000000000000e+00 0.000000000000000000e+00
2.025000000000000000e+03 8.100504287212650922e-02 0.000000000000000000e+00 1.000000000000000000e+00 0.000000000000000000e+00 0.000000000000000000e+00 0.000000000000000000e+00
2.050000000000000000e+03 8.200510512980696554e-02 0.000000000000000000e+00 1.000000000000000000e+00 0.000000000000000000e+00 0.000000000000000000e+00 0.000000000000000000e+00
2.075000000000000000e+03 8.300516738748764389e-02 1.137915339098771066e-04 9.998862084660901095e-01 0.000000000000000000e+00 0.000000000000000000e+00 0.000000000000000000e+00
2.100000000000000000e+03 8.400522964516810021e-02 1.024123805188893906e-03 9.989758761948110966e-01 0.000000000000000000e+00 0.000000000000000000e+00 0.000000000000000000e+00
2.125000000000000000e+03 8.500529190284877856e-02 4.551661356395084266e-04 9.995448338643604380e-01 0.000000000000000000e+00 0.000000000000000000e+00 0.000000000000000000e+00
2.150000000000000000e+03 8.600535416052923487e-02 1.137915339098771066e-04 9.997724169321802190e-01 0.000000000000000000e+00 1.137915339098771066e-04 0.000000000000000000e+00
2.175000000000000000e+03 8.700541641820991323e-02 4.551661356395084266e-04 9.995448338643604380e-01 0.000000000000000000e+00 0.000000000000000000e+00 0.000000000000000000e+00
2.200000000000000000e+03 8.800547867589036954e-02 3.413746017296313199e-04 9.996586253982703285e-01 0.000000000000000000e+00 0.000000000000000000e+00 0.000000000000000000e+00
2.225000000000000000e+03 8.900554093357104790e-02 6.827492034592626399e-04 9.993172507965407680e-01 0.000000000000000000e+00 0.000000000000000000e+00 0.000000000000000000e+00
2.250000000000000000e+03 9.000560319125172626e-02 9.103322712790168532e-04 9.990896677287209870e-01 0.000000000000000000e+00 0.000000000000000000e+00 0.000000000000000000e+00
2.275000000000000000e+03 9.100566544893218257e-02 1.251706873008648227e-03 9.987482931269913156e-01 0.000000000000000000e+00 0.000000000000000000e+00 0.000000000000000000e+00
2.300000000000000000e+03 9.200572770661286093e-02 5.689576695493854790e-04 9.994310423304506585e-01 0.000000000000000000e+00 0.000000000000000000e+00 0.000000000000000000e+00
2.325000000000000000e+03 9.300578996429331724e-02 4.551661356395084266e-04 9.995448338643604380e-01 0.000000000000000000e+00 0.000000000000000000e+00 0.000000000000000000e+00
2.350000000000000000e+03 9.400585222197399560e-02 1.137915339098770958e-03 9.988620846609012061e-01 0.000000000000000000e+00 0.000000000000000000e+00 0.000000000000000000e+00
2.375000000000000000e+03 9.500591447965445191e-02 6.827492034592626399e-04 9.993172507965407680e-01 0.000000000000000000e+00 0.000000000000000000e+00 0.000000000000000000e+00
2.400000000000000000e+03 9.600597673733513027e-02 7.965407373691396923e-04 9.992034592626308775e-01 0.000000000000000000e+00 0.000000000000000000e+00 0.000000000000000000e+00
2.425000000000000000e+03 9.700603899501558658e-02 1.024123805188893906e-03 9.989758761948110966e-01 0.000000000000000000e+00 0.000000000000000000e+00 0.000000000000000000e+00
2.450000000000000000e+03 9.800610125269626494e-02 2.617205279927173507e-03 9.971552116522530707e-01 0.000000000000000000e+00 2.275830678197542133e-04 0.000000000000000000e+00
2.475000000000000000e+03 9.900616351037672125e-02 6.827492034592626399e-04 9.993172507965407680e-01 0.000000000000000000e+00 0.000000000000000000e+00 0.000000000000000000e+00
2.500000000000000000e+03 1.000062257680573996e-01 2.844788347746927612e-03 9.970414201183431802e-01 0.000000000000000000e+00 1.137915339098771066e-04 0.000000000000000000e+00
2.525000000000000000e+03 1.010062880257378559e-01 2.617205279927173507e-03 9.972690031861629611e-01 0.000000000000000000e+00 1.137915339098771066e-04 0.000000000000000000e+00
2.550000000000000000e+03 1.020063502834185343e-01 2.844788347746927612e-03 9.971552116522530707e-01 0.000000000000000000e+00 0.000000000000000000e+00 0.000000000000000000e+00
2.575000000000000000e+03 1.030064125410989906e-01 4.096495220755575623e-03 9.953345471096950448e-01 0.000000000000000000e+00 5.689576695493854790e-04 0.000000000000000000e+00
2.600000000000000000e+03 1.040064747987796689e-01 5.120619025944469528e-03 9.948793809740554828e-01 0.000000000000000000e+00 0.000000000000000000e+00 0.000000000000000000e+00
2.625000000000000000e+03 1.050065370564601253e-01 5.234410559854347014e-03 9.946517979062358128e-01 0.000000000000000000e+00 1.137915339098771066e-04 0.000000000000000000e+00
2.650000000000000000e+03 1.060065993141408036e-01 4.665452890304961318e-03 9.951069640418752638e-01 0.000000000000000000e+00 2.275830678197542133e-04 0.000000000000000000e+00
2.675000000000000000e+03 1.070066615718212599e-01 3.982703686845699004e-03 9.959035047792443862e-01 0.000000000000000000e+00 1.137915339098771066e-04 0.000000000000000000e+00
2.700000000000000000e+03 1.080067238295019383e-01 5.006827492034592909e-03 9.947655894401457033e-01 0.000000000000000000e+00 2.275830678197542133e-04 0.000000000000000000e+00
2.725000000000000000e+03 1.090067860871826166e-01 7.282658170232134826e-03 9.923759672280382249e-01 0.000000000000000000e+00 3.413746017296313199e-04 0.000000000000000000e+00
2.750000000000000000e+03 1.100068483448630730e-01 6.258534365043240920e-03 9.932862994993172379e-01 0.000000000000000000e+00 4.551661356395084266e-04 0.000000000000000000e+00
2.775000000000000000e+03 1.110069106025437513e-01 8.420573509330906217e-03 9.912380518889394310e-01 0.000000000000000000e+00 3.413746017296313199e-04 0.000000000000000000e+00
2.800000000000000000e+03 1.120069728602242076e-01 7.168866636322257339e-03 9.926035502958580059e-01 0.000000000000000000e+00 2.275830678197542133e-04 0.000000000000000000e+00
2.825000000000000000e+03 1.130070351179048860e-01 1.069640418752844727e-02 9.883932635411925016e-01 0.000000000000000000e+00 9.103322712790168532e-04 0.000000000000000000e+00
2.850000000000000000e+03 1.140070973755853423e-01 1.422394173873463806e-02 9.844105598543468894e-01 0.000000000000000000e+00 1.365498406918525280e-03 0.000000000000000000e+00
2.875000000000000000e+03 1.150071596332660206e-01 1.445152480655439303e-02 9.841829767865271084e-01 0.000000000000000000e+00 1.365498406918525280e-03 0.000000000000000000e+00
2.900000000000000000e+03 1.160072218909464770e-01 1.877560309512972189e-02 9.798588984979517136e-01 0.000000000000000000e+00 1.365498406918525280e-03 0.000000000000000000e+00
2.925000000000000000e+03 1.170072841486271553e-01 2.116522530723714129e-02 9.775830678197542367e-01 0.000000000000000000e+00 1.251706873008648227e-03 0.000000000000000000e+00
2.950000000000000000e+03 1.180073464063076116e-01 3.208921256258534527e-02 9.647246244879380539e-01 0.000000000000000000e+00 3.186162949476558769e-03 0.000000000000000000e+00
2.975000000000000000e+03 1.190074086639882900e-01 3.231679563040509851e-02 9.614246700045516736e-01 0.000000000000000000e+00 6.258534365043240920e-03 0.000000000000000000e+00
3.000000000000000000e+03 1.200074709216687463e-01 4.858898497951752438e-02 9.393491124260354708e-01 0.000000000000000000e+00 1.206190259444697363e-02 0.000000000000000000e+00
3.025000000000000000e+03 1.210075331793494247e-01 6.144742831133363781e-02 9.203459262630859783e-01 0.000000000000000000e+00 1.820664542558033533e-02 0.000000000000000000e+00
3.050000000000000000e+03 1.220075954370298810e-01 9.296768320436959998e-02 8.503641329085116496e-01 0.000000000000000000e+00 5.666818388711879900e-02 0.000000000000000000e+00
3.075000000000000000e+03 1.230076576947105593e-01 1.327947200728265831e-01 7.447655894401457033e-01 0.000000000000000000e+00 1.224396904870277691e-01 0.000000000000000000e+00
3.100000000000000000e+03 1.240077199523910156e-01 2.049385525716886647e-01 5.458579881656804300e-01 0.000000000000000000e+00 2.492034592626308498e-01 0.000000000000000000e+00
3.125000000000000000e+03 1.250077822100716940e-01 3.071233500227583124e-01 3.205507510241237812e-01 1.137915339098771066e-04 3.722121074192080159e-01 0.000000000000000000e+00
3.150000000000000000e+03 1.260078444677523724e-01 3.677742375967227861e-01 1.802457897132453413e-01 1.365498406918525280e-03 4.506144742831133532e-01 0.000000000000000000e+00
3.175000000000000000e+03 1.270079067254328287e-01 3.888256713700500855e-01 1.230086481565771522e-01 1.024123805188893906e-03 4.871415566681838727e-01 0.000000000000000000e+00
3.200000000000000000e+03 1.280079689831135070e-01 3.714155666818388934e-01 1.173190714610832935e-01 6.827492034592626399e-04 5.105826126536185949e-01 0.000000000000000000e+00
3.225000000000000000e+03 1.290080312407939633e-01 3.384160218479745352e-01 1.375739644970414288e-01 7.965407373691396923e-04 5.232134729176148857e-01 0.000000000000000000e+00
3.250000000000000000e+03 1.300080934984746417e-01 3.183887118798361393e-01 1.635184342284934089e-01 1.024123805188893906e-03 5.170687300864815761e-01 0.000000000000000000e+00
3.275000000000000000e+03 1.310081557561550980e-01 3.204369594902139462e-01 1.655666818388711881e-01 5.689576695493854790e-04 5.134274010013655243e-01 0.000000000000000000e+00
3.300000000000000000e+03 1.320082180138357764e-01 3.251024123805189014e-01 1.678425125170687204e-01 4.324078288575329727e-03 5.027309968138370389e-01 0.000000000000000000e+00
3.325000000000000000e+03 1.330082802715162327e-01 3.260127446517979144e-01 1.696631770596267741e-01 1.012744651797906244e-02 4.941966317705962508e-01 0.000000000000000000e+00
3.350000000000000000e+03 1.340083425291969110e-01 3.070095584888484219e-01 1.682976786527082269e-01 2.321347291761493084e-02 5.014792899408283544e-01 0.000000000000000000e+00
3.375000000000000000e+03 1.350084047868773673e-01 3.188438780154756458e-01 1.696631770596267741e-01 4.039599453800637313e-02 4.710969503868912001e-01 0.000000000000000000e+00
3.400000000000000000e+03 1.360084670445580457e-01 3.155439235320892100e-01 1.634046426945835184e-01 5.257168866636321991e-02 4.684797451069640517e-01 0.000000000000000000e+00
3.425000000000000000e+03 1.370085293022385020e-01 3.278334091943559403e-01 1.747837960855712358e-01 6.747837960855712636e-02 4.299044151115157253e-01 0.000000000000000000e+00
3.450000000000000000e+03 1.380085915599191804e-01 3.379608557123350288e-01 1.878698224852070886e-01 8.921256258534364381e-02 3.849567592171142527e-01 0.000000000000000000e+00
3.475000000000000000e+03 1.390086538175996367e-01 3.682294037323622926e-01 1.974283113336367801e-01 1.176604460628129234e-01 3.166818388711880039e-01 0.000000000000000000e+00
3.500000000000000000e+03 1.400087160752803150e-01 3.776741010468820936e-01 2.183659535730541612e-01 1.563495675921711403e-01 2.476103777878925771e-01 0.000000000000000000e+00
3.525000000000000000e+03 1.410087783329607714e-01 3.903049613108784954e-01 2.358898497951752438e-01 1.826354119253527641e-01 1.911697769685935244e-01 0.000000000000000000e+00
3.550000000000000000e+03 1.420088405906414497e-01 3.947428311333636697e-01 2.572826581702321591e-01 1.934456076467910846e-01 1.545289030496131144e-01 0.000000000000000000e+00
3.575000000000000000e+03 1.430089028483219060e-01 3.756258534365043422e-01 2.728720983158853253e-01 2.022075557578516258e-01 1.492944924897587622e-01 0.000000000000000000e+00
3.600000000000000000e+03 1.440089651060025844e-01 3.817705962676377074e-01 2.787892580791989094e-01 2.066454255803368278e-01 1.327947200728265831e-01 0.000000000000000000e+00
3.625000000000000000e+03 1.450090273636832627e-01 3.819981793354574329e-01 2.768548020027309930e-01 2.061902594446973214e-01 1.349567592171142527e-01 0.000000000000000000e+00
3.650000000000000000e+03 1.460090896213637190e-01 3.866636322257623881e-01 2.762858443331815961e-01 2.051661356395084179e-01 1.318843878015475701e-01 0.000000000000000000e+00
3.675000000000000000e+03 1.470091518790443974e-01 3.794947655894401195e-01 2.811788802913063323e-01 2.010696404187528319e-01 1.382567137005006885e-01 0.000000000000000000e+00
3.700000000000000000e+03 1.480092141367248537e-01 3.766499772416932457e-01 2.877787892580792040e-01 2.081247155211652378e-01 1.274465179790623681e-01 0.000000000000000000e+00
3.725000000000000000e+03 1.490092763944055321e-01 3.870050068274920596e-01 2.877787892580792040e-01 2.099453800637232637e-01 1.152708238507055144e-01 0.000000000000000000e+00
3.750000000000000000e+03 1.500093386520859884e-01 3.864360491579426626e-01 2.792444242148384159e-01 2.183659535730541612e-01 1.159535730541647741e-01 0.000000000000000000e+00
3.775000000000000000e+03 1.510094009097666667e-01 3.823395539371870488e-01 2.824305871643149612e-01 2.195038689121529274e-01 1.157259899863450209e-01 0.000000000000000000e+00
3.800000000000000000e+03 1.520094631674471231e-01 3.822257624032772139e-01 2.891442876649977234e-01 2.163177059626763821e-01 1.123122439690487084e-01 0.000000000000000000e+00
3.825000000000000000e+03 1.530095254251278014e-01 3.774465179790623681e-01 2.954028220300409791e-01 2.200728265817023244e-01 1.070778334091943562e-01 0.000000000000000000e+00
3.850000000000000000e+03 1.540095876828082577e-01 3.753982703686845612e-01 3.010923987255348377e-01 2.208693673190714746e-01 1.026399635867091542e-01 0.000000000000000000e+00
3.875000000000000000e+03 1.550096499404889361e-01 3.768775603095129711e-01 3.049613108784706150e-01 2.233727810650887602e-01 9.478834774692762588e-02 0.000000000000000000e+00
3.900000000000000000e+03 1.560097121981693924e-01 3.747155211652253293e-01 3.043923532089212736e-01 2.304278561675011383e-01 9.046426945835230049e-02 0.000000000000000000e+00
3.925000000000000000e+03 1.570097744558500708e-01 3.779016841147018746e-01 3.088302230314064478e-01 2.283796085571233592e-01 8.488848429676831842e-02 0.000000000000000000e+00
3.950000000000000000e+03 1.580098367135305271e-01 3.714155666818388934e-01 3.096267637687756258e-01 2.368001820664542567e-01 8.215748748293126569e-02 0.000000000000000000e+00
3.975000000000000000e+03 1.590098989712112054e-01 3.691397360036413056e-01 3.189576695493855363e-01 2.352071005917159841e-01 7.669549385525717411e-02 0.000000000000000000e+00
4.000000000000000000e+03 1.600099612288916617e-01 3.713017751479290030e-01 3.192990441511151523e-01 2.339553937187073274e-01 7.544378698224851743e-02 0.000000000000000000e+00
4.025000000000000000e+03 1.610100234865723401e-01 3.681156121984524576e-01 3.239644970414201075e-01 2.336140191169776836e-01 7.430587164314975124e-02 0.000000000000000000e+00
4.050000000000000000e+03 1.620100857442530184e-01 3.733500227583067543e-01 3.227127901684114786e-01 2.289485662266727284e-01 7.498862084660901095e-02 0.000000000000000000e+00
4.075000000000000000e+03 1.630101480019334748e-01 3.682294037323622926e-01 3.273782430587164338e-01 2.299726900318616318e-01 7.441966317705962786e-02 0.000000000000000000e+00
4.100000000000000000e+03 1.640102102596141531e-01 3.683431952662721831e-01 3.305644060081929791e-01 2.279244424214838527e-01 7.316795630405098505e-02 0.000000000000000000e+00
4.125000000000000000e+03 1.650102725172946094e-01 3.748293126991351643e-01 3.289713245334547342e-01 2.238279472007282667e-01 7.237141556668183484e-02 0.000000000000000000e+00
4.150000000000000000e+03 1.660103347749752878e-01 3.750568957669549452e-01 3.337505689576695245e-01 2.249658625398270329e-01 6.622667273554846967e-02 0.000000000000000000e+00
4.175000000000000000e+03 1.670103970326557441e-01 3.683431952662721831e-01 3.405780609922621771e-01 2.238279472007282667e-01 6.725079654073737312e-02 0.000000000000000000e+00
4.200000000000000000e+03 1.680104592903364225e-01 3.724396904870277414e-01 3.421711424670004775e-01 2.199590350477924339e-01 6.543013199817933334e-02 0.000000000000000000e+00
4.225000000000000000e+03 1.690105215480168788e-01 3.728948566226672479e-01 3.401228948566226706e-01 2.229176149294492537e-01 6.406463359126081392e-02 0.000000000000000000e+00
4.250000000000000000e+03 1.700105838056975571e-01 3.735776058261265353e-01 3.410332271279016836e-01 2.249658625398270329e-01 6.042330450614474130e-02 0.000000000000000000e+00
4.275000000000000000e+03 1.710106460633780134e-01 3.720983158852981254e-01 3.418297678652708060e-01 2.253072371415566766e-01 6.076467910787437116e-02 0.000000000000000000e+00
4.300000000000000000e+03 1.720107083210586918e-01 3.774465179790623681e-01 3.403504779244423961e-01 2.262175694128356895e-01 5.598543468365953235e-02 0.000000000000000000e+00
4.325000000000000000e+03 1.730107705787391481e-01 3.847291761492944717e-01 3.338643604915794150e-01 2.243969048702776636e-01 5.700955848884842886e-02 0.000000000000000000e+00
4.350000000000000000e+03 1.740108328364198265e-01 3.763086026399635742e-01 3.444469731451980099e-01 2.215521165225307343e-01 5.769230769230769551e-02 0.000000000000000000e+00
4.375000000000000000e+03 1.750108950941002828e-01 3.796085571233500100e-01 3.416021847974510806e-01 2.204142011834319403e-01 5.837505689576695522e-02 0.000000000000000000e+00
4.400000000000000000e+03 1.760109573517809611e-01 3.825671370050068298e-01 3.396677287209831642e-01 2.195038689121529274e-01 5.826126536185707860e-02 0.000000000000000000e+00
4.425000000000000000e+03 1.770110196094614174e-01 3.818843878015475424e-01 3.460400546199362548e-01 2.204142011834319403e-01 5.166135639508420696e-02 0.000000000000000000e+00
4.450000000000000000e+03 1.780110818671420958e-01 3.801775147928994070e-01 3.491124260355029651e-01 2.190487027765134209e-01 5.166135639508420696e-02 0.000000000000000000e+00
4.475000000000000000e+03 1.790111441248225521e-01 3.797223486572599005e-01 3.502503413746017036e-01 2.199590350477924339e-01 5.006827492034592736e-02 0.000000000000000000e+00
4.500000000000000000e+03 1.800112063825032305e-01 3.810878470641784199e-01 3.526399635867091265e-01 2.204142011834319403e-01 4.585798816568047165e-02 0.000000000000000000e+00
4.525000000000000000e+03 1.810112686401839088e-01 3.810878470641784199e-01 3.560537096040054528e-01 2.209831588529813373e-01 4.187528447883477611e-02 0.000000000000000000e+00
4.550000000000000000e+03 1.820113308978643651e-01 3.891670459717797015e-01 3.519572143832498945e-01 2.162039144287664916e-01 4.267182521620391245e-02 0.000000000000000000e+00
4.575000000000000000e+03 1.830113931555450435e-01 3.911015020482476179e-01 3.553709604005462208e-01 2.126763768775603025e-01 4.085116067364587961e-02 0.000000000000000000e+00
4.600000000000000000e+03 1.840114554132254998e-01 3.850705507510241432e-01 3.549157942649067143e-01 2.110832954028220299e-01 4.893035958124715423e-02 0.000000000000000000e+00
4.625000000000000000e+03 1.850115176709061782e-01 3.974738279472007085e-01 3.521847974510696200e-01 2.114246700045516736e-01 3.891670459717797015e-02 0.000000000000000000e+00
4.650000000000000000e+03 1.860115799285866345e-01 3.882567137005006885e-01 3.581019572143832597e-01 2.104005461993627701e-01 4.324078288575330248e-02 0.000000000000000000e+00
4.675000000000000000e+03 1.870116421862673128e-01 3.932635411925352598e-01 3.573054164770141372e-01 2.050523441055985552e-01 4.437869822485206867e-02 0.000000000000000000e+00
4.700000000000000000e+03 1.880117044439477691e-01 3.930359581247155343e-01 3.603777878925807920e-01 2.058488848429676776e-01 4.073736913973600299e-02 0.000000000000000000e+00
4.725000000000000000e+03 1.890117667016284475e-01 3.913290851160673434e-01 3.604915794264906825e-01 2.076695493855257035e-01 4.050978607191624975e-02 0.000000000000000000e+00
4.750000000000000000e+03 1.900118289593089038e-01 3.930359581247155343e-01 3.610605370960400795e-01 2.036868456986800080e-01 4.221665908056440597e-02 0.000000000000000000e+00
4.775000000000000000e+03 1.910118912169895822e-01 3.994082840236686249e-01 3.575329995448338627e-01 2.019799726900318726e-01 4.107874374146563284e-02 0.000000000000000000e+00
4.800000000000000000e+03 1.920119534746700385e-01 3.963359126081019701e-01 3.590122894856622726e-01 2.047109695038689114e-01 3.994082840236686666e-02 0.000000000000000000e+00
4.825000000000000000e+03 1.930120157323507168e-01 3.951979972690031762e-01 3.582157487482931502e-01 2.077833409194355940e-01 3.880291306326809353e-02 0.000000000000000000e+00
4.850000000000000000e+03 1.940120779900311732e-01 3.887118798361401950e-01 3.628812016385981054e-01 2.048247610377788019e-01 4.358215748748293233e-02 0.000000000000000000e+00
4.875000000000000000e+03 1.950121402477118515e-01 3.908739189804278369e-01 3.636777423759672279e-01 2.053937187073281712e-01 4.005461993627674328e-02 0.000000000000000000e+00
4.900000000000000000e+03 1.960122025053923078e-01 3.920118343195266308e-01 3.661811561219845412e-01 2.040282203004096517e-01 3.777878925807919702e-02 0.000000000000000000e+00
4.925000000000000000e+03 1.970122647630729862e-01 3.918980427856167403e-01 3.672052799271734447e-01 2.035730541647701453e-01 3.732362312243969055e-02 0.000000000000000000e+00
4.950000000000000000e+03 1.980123270207536645e-01 3.962221210741920796e-01 3.647018661811561313e-01 2.036868456986800080e-01 3.538916704597178109e-02 0.000000000000000000e+00
4.975000000000000000e+03 1.990123892784341209e-01 3.965634956759216956e-01 3.676604460628129512e-01 2.010696404187528319e-01 3.470641784251251444e-02 0.000000000000000000e+00
5.000000000000000000e+03 2.000124515361147992e-01 3.951979972690031762e-01 3.666363222576240477e-01 1.989076012744651900e-01 3.925807919890760000e-02 0.000000000000000000e+00
5.025000000000000000e+03 2.010125137937952555e-01 3.956531634046426826e-01 3.680018206645425671e-01 1.967455621301775204e-01 3.959945380063722986e-02 0.000000000000000000e+00
5.050000000000000000e+03 2.020125760514759339e-01 3.984979517523896120e-01 3.681156121984524576e-01 1.953800637232590010e-01 3.800637232589895026e-02 0.000000000000000000e+00
5.075000000000000000e+03 2.030126383091563902e-01 3.980427856167501055e-01 3.645880746472462408e-01 1.990213928083750528e-01 3.834774692762858705e-02 0.000000000000000000e+00
5.100000000000000000e+03 2.040127005668370685e-01 4.023668639053254448e-01 3.617432862994993115e-01 1.951524806554392477e-01 4.073736913973600299e-02 0.000000000000000000e+00
5.125000000000000000e+03 2.050127628245175249e-01 4.032771961766044577e-01 3.617432862994993115e-01 1.929904415111515781e-01 4.198907601274465273e-02 0.000000000000000000e+00
5.150000000000000000e+03 2.060128250821982032e-01 3.970186618115612021e-01 3.686845698680017991e-01 1.910559854346836617e-01 4.324078288575330248e-02 0.000000000000000000e+00
5.175000000000000000e+03 2.070128873398786595e-01 4.062357760582612776e-01 3.654984069185252538e-01 1.902594446973145115e-01 3.800637232589895026e-02 0.000000000000000000e+00
5.200000000000000000e+03 2.080129495975593379e-01 3.996358670914884059e-01 3.706190259444697155e-01 1.937869822485207005e-01 3.595812471552116418e-02 0.000000000000000000e+00
5.225000000000000000e+03 2.090130118552397942e-01 3.975876194811105990e-01 3.720983158852981254e-01 1.975421028675466428e-01 3.277196176604460498e-02 0.000000000000000000e+00
5.250000000000000000e+03 2.100130741129204726e-01 4.040737369139735802e-01 3.694811106053709771e-01 1.965179790623577671e-01 2.992717341829767910e-02 0.000000000000000000e+00
5.275000000000000000e+03 2.110131363706009289e-01 4.028220300409649512e-01 3.615157032316795860e-01 2.040282203004096517e-01 3.163404642694583185e-02 0.000000000000000000e+00
5.300000000000000000e+03 2.120131986282816072e-01 4.089667728720983164e-01 3.579881656804733692e-01 2.039144287664997612e-01 2.913063268092853930e-02 0.000000000000000000e+00
5.325000000000000000e+03 2.130132608859620635e-01 4.083978152025489194e-01 3.520710059171597850e-01 2.051661356395084179e-01 3.436504324078288458e-02 0.000000000000000000e+00
5.350000000000000000e+03 2.140133231436427419e-01 4.080564406008193035e-01 3.515020482476103880e-01 2.111970869367319203e-01 2.924442421483841592e-02 0.000000000000000000e+00
5.375000000000000000e+03 2.150133854013231982e-01 4.071461083295402905e-01 3.524123805188894010e-01 2.140418752844788219e-01 2.639963586709149004e-02 0.000000000000000000e+00
5.400000000000000000e+03 2.160134476590038766e-01 4.077150659990896875e-01 3.522985889849795105e-01 2.113108784706417831e-01 2.867546654528902936e-02 0.000000000000000000e+00
5.425000000000000000e+03 2.170135099166845549e-01 4.083978152025489194e-01 3.493400091033226906e-01 2.148384160218479721e-01 2.742375967228038308e-02 0.000000000000000000e+00
5.450000000000000000e+03 2.180135721743650112e-01 4.055530268548019901e-01 3.515020482476103880e-01 2.175694128356850388e-01 2.537551206190259354e-02 0.000000000000000000e+00
5.475000000000000000e+03 2.190136344320456896e-01 4.060081929904414966e-01 3.480883022303140617e-01 2.166590805644059980e-01 2.924442421483841592e-02 0.000000000000000000e+00
5.500000000000000000e+03 2.200136966897261459e-01 4.152253072371415721e-01 3.419435593991806965e-01 2.142694583522985752e-01 2.856167501137915274e-02 0.000000000000000000e+00
5.525000000000000000e+03 2.210137589474068243e-01 4.153390987710514071e-01 3.383022303140646447e-01 2.156349567592171224e-01 3.072371415566681890e-02 0.000000000000000000e+00
5.550000000000000000e+03 2.220138212050872806e-01 4.205735093309057593e-01 3.365953573054164538e-01 2.164314974965862448e-01 2.639963586709149004e-02 0.000000000000000000e+00
5.575000000000000000e+03 2.230138834627679589e-01 4.134046426945835462e-01 3.411470186618115741e-01 2.165452890304961353e-01 2.890304961310878606e-02 0.000000000000000000e+00
5.600000000000000000e+03 2.240139457204484152e-01 4.130632680928538747e-01 3.426263086026399840e-01 2.149522075557578626e-01 2.935821574874829254e-02 0.000000000000000000e+00
5.625000000000000000e+03 2.250140079781290936e-01 4.148839326354119006e-01 3.450159308147474069e-01 2.130177514792899462e-01 2.708238507055074976e-02 0.000000000000000000e+00
5.650000000000000000e+03 2.260140702358095499e-01 4.189804278561675144e-01 3.438780154756486129e-01 2.099453800637232637e-01 2.719617660446062984e-02 0.000000000000000000e+00
5.675000000000000000e+03 2.270141324934902283e-01 4.148839326354119006e-01 3.485434683659535682e-01 2.074419663177059503e-01 2.913063268092853930e-02 0.000000000000000000e+00
