# itime ezz other fcc hcp bcc ico
0.000000000000000000e+00 0.000000000000000000e+00 0.000000000000000000e+00 1.000000000000000000e+00 0.000000000000000000e+00 0.000000000000000000e+00 0.000000000000000000e+00
2.500000000000000000e+02 9.999986660975901387e-03 0.000000000000000000e+00 1.000000000000000000e+00 0.000000000000000000e+00 0.000000000000000000e+00 0.000000000000000000e+00
5.000000000000000000e+02 1.999997332195158073e-02 0.000000000000000000e+00 1.000000000000000000e+00 0.000000000000000000e+00 0.000000000000000000e+00 0.000000000000000000e+00
7.500000000000000000e+02 2.999995998292748212e-02 0.000000000000000000e+00 1.000000000000000000e+00 0.000000000000000000e+00 0.000000000000000000e+00 0.000000000000000000e+00
1.000000000000000000e+03 3.999994664390338350e-02 0.000000000000000000e+00 1.000000000000000000e+00 0.000000000000000000e+00 0.000000000000000000e+00 0.000000000000000000e+00
1.250000000000000000e+03 4.999993330487906285e-02 0.000000000000000000e+00 1.000000000000000000e+00 0.000000000000000000e+00 0.000000000000000000e+00 0.000000000000000000e+00
1.500000000000000000e+03 5.999991996585496423e-02 0.000000000000000000e+00 1.000000000000000000e+00 0.000000000000000000e+00 0.000000000000000000e+00 0.000000000000000000e+00
1.750000000000000000e+03 6.999990662683086562e-02 4.551661356395084266e-04 9.995448338643604380e-01 0.000000000000000000e+00 0.000000000000000000e+00 0.000000000000000000e+00
2.000000000000000000e+03 7.999989328780654496e-02 3.413746017296313199e-04 9.996586253982703285e-01 0.000000000000000000e+00 0.000000000000000000e+00 0.000000000000000000e+00
2.250000000000000000e+03 8.999987994878244635e-02 1.934456076467910759e-03 9.979517523896221931e-01 0.000000000000000000e+00 1.137915339098771066e-04 0.000000000000000000e+00
2.500000000000000000e+03 9.999986660975834774e-02 1.137915339098770958e-03 9.988620846609012061e-01 0.000000000000000000e+00 0.000000000000000000e+00 0.000000000000000000e+00
2.750000000000000000e+03 1.099998532707340271e-01 7.624032771961766417e-03 9.921483841602184439e-01 0.000000000000000000e+00 2.275830678197542133e-04 0.000000000000000000e+00
3.000000000000000000e+03 1.199998399317099285e-01 7.066454255803368556e-02 9.023668639053253893e-01 0.000000000000000000e+00 2.696859353664087314e-02 0.000000000000000000e+00
3.250000000000000000e+03 1.299998265926858299e-01 3.728948566226672479e-01 1.400773782430587144e-01 1.251706873008648227e-03 4.857760582612653533e-01 0.000000000000000000e+00
3.500000000000000000e+03 1.399998132536615092e-01 3.974738279472007085e-01 1.911697769685935244e-01 1.742148384160218388e-01 2.371415566681839004e-01 0.000000000000000000e+00
3.750000000000000000e+03 1.499997999146374106e-01 3.798361401911697910e-01 2.353208921256258468e-01 2.500000000000000000e-01 1.348429676832043622e-01 0.000000000000000000e+00
4.000000000000000000e+03 1.599997865756133120e-01 4.040737369139735802e-01 2.465862539827036737e-01 2.819754210286754548e-01 6.736458807464724974e-02 0.000000000000000000e+00
4.250000000000000000e+03 1.699997732365889913e-01 4.165908056440600915e-01 2.832271279016841392e-01 2.486345015930814806e-01 5.154756486117433034e-02 0.000000000000000000e+00
4.500000000000000000e+03 1.799997598975648927e-01 4.088529813381884259e-01 2.997269003186163183e-01 2.548930359581247362e-01 3.652708238507055422e-02 0.000000000000000000e+00
4.750000000000000000e+03 1.899997465585407941e-01 3.980427856167501055e-01 3.276058261265361593e-01 2.454483386436049075e-01 2.890304961310878606e-02 0.000000000000000000e+00
5.000000000000000000e+03 1.999997332195166955e-01 4.052116522530723741e-01 3.310195721438324856e-01 2.429449248975876219e-01 2.082385070550751144e-02 0.000000000000000000e+00
5.250000000000000000e+03 2.099997198804923748e-01 4.087391898042785354e-01 3.544606281292672079e-01 2.123350022758306865e-01 2.446517979062357712e-02 0.000000000000000000e+00
5.500000000000000000e+03 2.199997065414682762e-01 4.049840691852525931e-01 3.757396449704141772e-01 1.962903959945380139e-01 2.298588984979517413e-02 0.000000000000000000e+00
5.750000000000000000e+03 2.299996932024441776e-01 3.937187073281747662e-01 3.887118798361401950e-01 1.953800637232590010e-01 2.218934911242603433e-02 0.000000000000000000e+00
6.000000000000000000e+03 2.399996798634198569e-01 3.870050068274920596e-01 4.275147928994083024e-01 1.702321347291761433e-01 1.524806554392353283e-02 0.000000000000000000e+00
6.250000000000000000e+03 2.499996665243957583e-01 3.525261720527992915e-01 4.673418297678652578e-01 1.686390532544378706e-01 1.149294492489758707e-02 0.000000000000000000e+00
6.500000000000000000e+03 2.599996531853716597e-01 3.265817023213473114e-01 5.182066454255803700e-01 1.440600819299044100e-01 1.115157032316795548e-02 0.000000000000000000e+00
6.750000000000000000e+03 2.699996398463473390e-01 3.099681383705052418e-01 5.345926263086026031e-01 1.471324533454710926e-01 8.306781975421027864e-03 0.000000000000000000e+00
7.000000000000000000e+03 2.799996265073232404e-01 3.081474738279472159e-01 5.350477924442421651e-01 1.479289940828402428e-01 8.875739644970414427e-03 0.000000000000000000e+00
7.250000000000000000e+03 2.899996131682991418e-01 3.107646791078743642e-01 5.362994993172508496e-01 1.436049157942649035e-01 9.330905780609922637e-03 0.000000000000000000e+00
7.500000000000000000e+03 2.999995998292748212e-01 3.105370960400546387e-01 5.327719617660445772e-01 1.491807009558488717e-01 7.510241238051888930e-03 0.000000000000000000e+00
7.750000000000000000e+03 3.099995864902507225e-01 2.933545744196631722e-01 5.497269003186162628e-01 1.473600364132908458e-01 9.558488848429677609e-03 0.000000000000000000e+00
8.000000000000000000e+03 3.199995731512266239e-01 2.932407828857532817e-01 5.411925352753754748e-01 1.530496131087847045e-01 1.251706873008648184e-02 0.000000000000000000e+00
8.250000000000000000e+03 3.299995598122023033e-01 2.704824761037779024e-01 5.710059171597633432e-01 1.510013654984069253e-01 7.510241238051888930e-03 0.000000000000000000e+00
8.500000000000000000e+03 3.399995464731782047e-01 2.487482931269913433e-01 5.941055985434683384e-01 1.520254893035958010e-01 5.120619025944469528e-03 0.000000000000000000e+00
8.750000000000000000e+03 3.499995331341541061e-01 2.446517979062357850e-01 5.765817023213473114e-01 1.723941738734638129e-01 6.372325898953117539e-03 0.000000000000000000e+00
9.000000000000000000e+03 3.599995197951297854e-01 2.553482020937642427e-01 5.457441966317706505e-01 1.896904870277651423e-01 9.217114246700046018e-03 0.000000000000000000e+00
9.250000000000000000e+03 3.699995064561056868e-01 2.438552571688666348e-01 5.518889394629039602e-01 1.920801092398725651e-01 1.217569412835685025e-02 0.000000000000000000e+00
9.500000000000000000e+03 3.799994931170815882e-01 2.462448793809740577e-01 5.596267637687756258e-01 1.833181611288120239e-01 1.081019572143832562e-02 0.000000000000000000e+00
9.750000000000000000e+03 3.899994797780572675e-01 2.424897587619481154e-01 5.696404187528447682e-01 1.768320436959490149e-01 1.103777878925807886e-02 0.000000000000000000e+00
1.000000000000000000e+04 3.999994664390331689e-01 2.708238507055075184e-01 5.419890760127445972e-01 1.725079654073737034e-01 1.467910787437414627e-02 0.000000000000000000e+00
1.025000000000000000e+04 4.099994531000090703e-01 2.729858898497951603e-01 5.304961310878471004e-01 1.821802457897132577e-01 1.433773327264451468e-02 0.000000000000000000e+00
1.050000000000000000e+04 4.199994397609847496e-01 2.649066909421938787e-01 5.520027309968138507e-01 1.731907146108329631e-01 9.899863450159307465e-03 0.000000000000000000e+00
1.075000000000000000e+04 4.299994264219606510e-01 2.519344560764679164e-01 5.777196176604461053e-01 1.632908511606736557e-01 7.055075102412380721e-03 0.000000000000000000e+00
1.100000000000000000e+04 4.399994130829365524e-01 2.479517523896222209e-01 5.876194811106053573e-01 1.579426490669094130e-01 6.486117432862995025e-03 0.000000000000000000e+00
1.125000000000000000e+04 4.499993997439122317e-01 2.528447883477469293e-01 5.843195266272189770e-01 1.515703231679562946e-01 1.126536185707783383e-02 0.000000000000000000e+00
1.150000000000000000e+04 4.599993864048881331e-01 2.577378243058716656e-01 5.949021392808374609e-01 1.376877560309512916e-01 9.672280382339554228e-03 0.000000000000000000e+00
1.175000000000000000e+04 4.699993730658640345e-01 2.411242603550295960e-01 6.078743741465635342e-01 1.441738734638143005e-01 6.827492034592626616e-03 0.000000000000000000e+00
1.200000000000000000e+04 4.799993597268397139e-01 2.264451524806554428e-01 6.096950386891215601e-01 1.577150659990896597e-01 6.144742831133363434e-03 0.000000000000000000e+00
1.225000000000000000e+04 4.899993463878156152e-01 2.193900773782430647e-01 6.173190714610833352e-01 1.587391898042785632e-01 4.551661356395083832e-03 0.000000000000000000e+00
1.250000000000000000e+04 4.999993330487915166e-01 2.191624943104233114e-01 6.102639963586709015e-01 1.668183887118798447e-01 3.755120619025944465e-03 0.000000000000000000e+00
1.275000000000000000e+04 5.099993197097671960e-01 2.185935366408739144e-01 5.919435593991807520e-01 1.837733272644515303e-01 5.689576695493855224e-03 0.000000000000000000e+00
1.300000000000000000e+04 5.199993063707430974e-01 2.339553937187073274e-01 5.538233955393718766e-01 2.048247610377788019e-01 7.396449704142011444e-03 0.000000000000000000e+00
1.325000000000000000e+04 5.299992930317189987e-01 2.247382794720072796e-01 5.347064178425124936e-01 2.295175238962221254e-01 1.103777878925807886e-02 0.000000000000000000e+00
1.350000000000000000e+04 5.399992796926949001e-01 2.232589895311788697e-01 5.357305416477013971e-01 2.327036868456986707e-01 8.306781975421027864e-03 0.000000000000000000e+00
1.375000000000000000e+04 5.499992663536705795e-01 2.251934456076467861e-01 5.317478379608556738e-01 2.309968138370505353e-01 1.206190259444697363e-02 0.000000000000000000e+00
1.400000000000000000e+04 5.599992530146464809e-01 2.225762403277196100e-01 5.097860719162494725e-01 2.486345015930814806e-01 1.900318616294947513e-02 0.000000000000000000e+00
1.425000000000000000e+04 5.699992396756223823e-01 2.305416477014110288e-01 5.122894856622667303e-01 2.460172963131543045e-01 1.115157032316795548e-02 0.000000000000000000e+00
1.450000000000000000e+04 5.799992263365980616e-01 2.330450614474283144e-01 5.086481565771506785e-01 2.467000455166135642e-01 1.160673645880746542e-02 0.000000000000000000e+00
1.475000000000000000e+04 5.899992129975739630e-01 2.356622667273554905e-01 4.974965862539826866e-01 2.548930359581247362e-01 1.194811106053709528e-02 0.000000000000000000e+00
1.500000000000000000e+04 5.999991996585498644e-01 2.468138370505234547e-01 4.805416477014110010e-01 2.633136094674556338e-01 9.330905780609922637e-03 0.000000000000000000e+00
1.525000000000000000e+04 6.099991863195255437e-01 2.544378698224852298e-01 4.759899863450159363e-01 2.638825671370050308e-01 5.689576695493855224e-03 0.000000000000000000e+00
1.550000000000000000e+04 6.199991729805014451e-01 2.513654984069185194e-01 4.982931269913518646e-01 2.444242148384160318e-01 5.917159763313609329e-03 0.000000000000000000e+00
1.575000000000000000e+04 6.299991596414773465e-01 2.403277196176604458e-01 5.352753755120619461e-01 2.196176604460628179e-01 4.779244424214838804e-03 0.000000000000000000e+00
1.600000000000000000e+04 6.399991463024530258e-01 2.405553026854801990e-01 5.234410559854346667e-01 2.280382339553937154e-01 7.965407373691398007e-03 0.000000000000000000e+00
1.625000000000000000e+04 6.499991329634289272e-01 2.304278561675011383e-01 5.142239417387346467e-01 2.482931269913518368e-01 7.055075102412380721e-03 0.000000000000000000e+00
1.650000000000000000e+04 6.599991196244048286e-01 2.295175238962221254e-01 5.063723258989530907e-01 2.586481565771506785e-01 5.461993627674101119e-03 0.000000000000000000e+00
1.675000000000000000e+04 6.699991062853805079e-01 2.163177059626763821e-01 4.905553026854801990e-01 2.858443331816112876e-01 7.282658170232134826e-03 0.000000000000000000e+00
1.700000000000000000e+04 6.799990929463564093e-01 2.144970414201183562e-01 4.743969048702776359e-01 3.039371870732817671e-01 7.168866636322257339e-03 0.000000000000000000e+00
1.725000000000000000e+04 6.899990796073323107e-01 2.113108784706417831e-01 4.807692307692307820e-01 3.009786071916249472e-01 6.941283568502503235e-03 0.000000000000000000e+00
1.750000000000000000e+04 6.999990662683079901e-01 2.220072826581702408e-01 4.672280382339553673e-01 3.047337278106508895e-01 6.030951297223486815e-03 0.000000000000000000e+00
1.775000000000000000e+04 7.099990529292838914e-01 2.306554392353208915e-01 4.619936276741010706e-01 3.018889394629039602e-01 5.461993627674101119e-03 0.000000000000000000e+00
1.800000000000000000e+04 7.199990395902597928e-01 2.490896677287209870e-01 4.531178880291306110e-01 2.875512061902594230e-01 1.024123805188893906e-02 0.000000000000000000e+00
1.825000000000000000e+04 7.299990262512354722e-01 2.573964497041419941e-01 4.598315885298133732e-01 2.743513882567136797e-01 8.420573509330906217e-03 0.000000000000000000e+00
1.850000000000000000e+04 7.399990129122113736e-01 2.785616750113791285e-01 4.319526627218934767e-01 2.840236686390532617e-01 5.461993627674101119e-03 0.000000000000000000e+00
1.875000000000000000e+04 7.499989995731872749e-01 2.842512517068729871e-01 4.349112426035502965e-01 2.752617205279926926e-01 5.575785161583977738e-03 0.000000000000000000e+00
1.900000000000000000e+04 7.599989862341629543e-01 2.952890304961310886e-01 4.452662721893491105e-01 2.514792899408284099e-01 7.965407373691398007e-03 0.000000000000000000e+00
1.925000000000000000e+04 7.699989728951388557e-01 2.938097405553026786e-01 4.680245789713245452e-01 2.317933545744196577e-01 6.372325898953117539e-03 0.000000000000000000e+00
1.950000000000000000e+04 7.799989595561147571e-01 2.998406918525261533e-01 4.627901684114701930e-01 2.284934000910332219e-01 8.875739644970414427e-03 0.000000000000000000e+00
1.975000000000000000e+04 7.899989462170904364e-01 3.106508875739644737e-01 4.511834319526626946e-01 2.300864815657714946e-01 8.079198907601274626e-03 0.000000000000000000e+00
2.000000000000000000e+04 7.999989328780663378e-01 3.154301319981793195e-01 4.600591715976331542e-01 2.143832498862084657e-01 1.012744651797906244e-02 0.000000000000000000e+00
2.025000000000000000e+04 8.099989195390422392e-01 3.154301319981793195e-01 4.575557578516158408e-01 2.171142467000455045e-01 9.899863450159307465e-03 0.000000000000000000e+00
2.050000000000000000e+04 8.199989062000179185e-01 3.224852071005916976e-01 4.557350933090578149e-01 2.097177969959035104e-01 1.206190259444697363e-02 0.000000000000000000e+00
2.075000000000000000e+04 8.299988928609938199e-01 3.029130632680928636e-01 4.835002275830678209e-01 2.038006372325898985e-01 9.786071916249430847e-03 0.000000000000000000e+00
2.100000000000000000e+04 8.399988795219697213e-01 2.988165680473373054e-01 4.924897587619481154e-01 2.001593081474738189e-01 8.534365043240782836e-03 0.000000000000000000e+00
2.125000000000000000e+04 8.499988661829454006e-01 3.035958124715520956e-01 4.863450159308147502e-01 1.990213928083750528e-01 1.103777878925807886e-02 0.000000000000000000e+00
2.150000000000000000e+04 8.599988528439213020e-01 2.967683204369594985e-01 4.992034592626308775e-01 1.968593536640873831e-01 7.168866636322257339e-03 0.000000000000000000e+00
2.175000000000000000e+04 8.699988395048972034e-01 2.878925807919890945e-01 5.054619936276740777e-01 2.011834319526627224e-01 5.461993627674101119e-03 0.000000000000000000e+00
2.200000000000000000e+04 8.799988261658728828e-01 2.916477014110150368e-01 5.052344105598542967e-01 1.945835229858898507e-01 8.534365043240782836e-03 0.000000000000000000e+00
2.225000000000000000e+04 8.899988128268487841e-01 3.001820664542558248e-01 5.005689576695493415e-01 1.884387801547564856e-01 1.081019572143832562e-02 0.000000000000000000e+00
2.250000000000000000e+04 8.999987994878246855e-01 2.916477014110150368e-01 5.103550295857988139e-01 1.871870732817478289e-01 1.081019572143832562e-02 0.000000000000000000e+00
2.275000000000000000e+04 9.099987861488005869e-01 3.023441055985434667e-01 5.177514792899408080e-01 1.706873008648156498e-01 9.217114246700046018e-03 0.000000000000000000e+00
2.300000000000000000e+04 9.199987728097762663e-01 2.964269458352298825e-01 5.300409649522075384e-01 1.652253072371415443e-01 8.306781975421027864e-03 0.000000000000000000e+00
2.325000000000000000e+04 9.299987594707521676e-01 3.103095129722348577e-01 5.096722803823395820e-01 1.698907601274465273e-01 1.012744651797906244e-02 0.000000000000000000e+00
2.350000000000000000e+04 9.399987461317280690e-01 3.089440145653163383e-01 5.175238962221210270e-01 1.646563495675921751e-01 8.875739644970414427e-03 0.000000000000000000e+00
2.375000000000000000e+04 9.499987327927037484e-01 3.054164770141101770e-01 5.322030040964952358e-01 1.543013199817933612e-01 8.079198907601274626e-03 0.000000000000000000e+00
2.400000000000000000e+04 9.599987194536796498e-01 3.065543923532089154e-01 5.308375056895766608e-01 1.543013199817933612e-01 8.306781975421027864e-03 0.000000000000000000e+00
2.425000000000000000e+04 9.699987061146555511e-01 3.078060992262175444e-01 5.294720072826581969e-01 1.566909421939007840e-01 6.030951297223486815e-03 0.000000000000000000e+00
2.450000000000000000e+04 9.799986927756312305e-01 2.989303595812471404e-01 5.409649522075558048e-01 1.537323623122439642e-01 6.372325898953117539e-03 0.000000000000000000e+00
2.475000000000000000e+04 9.899986794366071319e-01 2.836822940373236457e-01 5.500682749203459343e-01 1.585116067364588099e-01 7.737824305871643035e-03 0.000000000000000000e+00
2.500000000000000000e+04 9.999986660975830333e-01 2.807237141556668258e-01 5.556440600819299025e-01 1.568047337278106468e-01 6.827492034592626616e-03 0.000000000000000000e+00
