# itime ezz other fcc hcp bcc ico
0.000000000000000000e+00 0.000000000000000000e+00 0.000000000000000000e+00 1.000000000000000000e+00 0.000000000000000000e+00 0.000000000000000000e+00 0.000000000000000000e+00
2.500000000000000000e+01 9.999750819693620230e-04 0.000000000000000000e+00 1.000000000000000000e+00 0.000000000000000000e+00 0.000000000000000000e+00 0.000000000000000000e+00
5.000000000000000000e+01 1.999950163938724046e-03 0.000000000000000000e+00 1.000000000000000000e+00 0.000000000000000000e+00 0.000000000000000000e+00 0.000000000000000000e+00
7.500000000000000000e+01 2.999925245908086069e-03 0.000000000000000000e+00 1.000000000000000000e+00 0.000000000000000000e+00 0.000000000000000000e+00 0.000000000000000000e+00
1.000000000000000000e+02 3.999900327877448092e-03 0.000000000000000000e+00 1.000000000000000000e+00 0.000000000000000000e+00 0.000000000000000000e+00 0.000000000000000000e+00
1.250000000000000000e+02 4.999875409846810115e-03 0.000000000000000000e+00 1.000000000000000000e+00 0.000000000000000000e+00 0.000000000000000000e+00 0.000000000000000000e+00
1.500000000000000000e+02 5.999850491816172138e-03 0.000000000000000000e+00 1.000000000000000000e+00 0.000000000000000000e+00 0.000000000000000000e+00 0.000000000000000000e+00
1.750000000000000000e+02 6.999825573785534161e-03 0.000000000000000000e+00 1.000000000000000000e+00 0.000000000000000000e+00 0.000000000000000000e+00 0.000000000000000000e+00
2.000000000000000000e+02 7.999800655754896184e-03 0.000000000000000000e+00 1.000000000000000000e+00 0.000000000000000000e+00 0.000000000000000000e+00 0.000000000000000000e+00
2.250000000000000000e+02 8.999775737724258207e-03 0.000000000000000000e+00 1.000000000000000000e+00 0.000000000000000000e+00 0.000000000000000000e+00 0.000000000000000000e+00
2.500000000000000000e+02 9.999750819693620230e-03 0.000000000000000000e+00 1.000000000000000000e+00 0.000000000000000000e+00 0.000000000000000000e+00 0.000000000000000000e+00
2.750000000000000000e+02 1.099972590166298225e-02 0.000000000000000000e+00 1.000000000000000000e+00 0.000000000000000000e+00 0.000000000000000000e+00 0.000000000000000000e+00
3.000000000000000000e+02 1.199970098363234428e-02 0.000000000000000000e+00 1.000000000000000000e+00 0.000000000000000000e+00 0.000000000000000000e+00 0.000000000000000000e+00
3.250000000000000000e+02 1.299967606560170630e-02 0.000000000000000000e+00 1.000000000000000000e+00 0.000000000000000000e+00 0.000000000000000000e+00 0.000000000000000000e+00
3.500000000000000000e+02 1.399965114757106832e-02 0.000000000000000000e+00 1.000000000000000000e+00 0.000000000000000000e+00 0.000000000000000000e+00 0.000000000000000000e+00
3.750000000000000000e+02 1.499962622954043034e-02 0.000000000000000000e+00 1.000000000000000000e+00 0.000000000000000000e+00 0.000000000000000000e+00 0.000000000000000000e+00
4.000000000000000000e+02 1.599960131151001441e-02 0.000000000000000000e+00 1.000000000000000000e+00 0.000000000000000000e+00 0.000000000000000000e+00 0.000000000000000000e+00
4.250000000000000000e+02 1.699957639347937643e-02 0.000000000000000000e+00 1.000000000000000000e+00 0.000000000000000000e+00 0.000000000000000000e+00 0.000000000000000000e+00
4.500000000000000000e+02 1.799955147544873846e-02 0.000000000000000000e+00 1.000000000000000000e+00 0.000000000000000000e+00 0.000000000000000000e+00 0.000000000000000000e+00
4.750000000000000000e+02 1.899952655741810048e-02 0.000000000000000000e+00 1.000000000000000000e+00 0.000000000000000000e+00 0.000000000000000000e+00 0.000000000000000000e+00
5.000000000000000000e+02 1.999950163938746250e-02 0.000000000000000000e+00 1.000000000000000000e+00 0.000000000000000000e+00 0.000000000000000000e+00 0.000000000000000000e+00
5.250000000000000000e+02 2.099947672135682453e-02 0.000000000000000000e+00 1.000000000000000000e+00 0.000000000000000000e+00 0.000000000000000000e+00 0.000000000000000000e+00
5.500000000000000000e+02 2.199945180332618655e-02 0.000000000000000000e+00 1.000000000000000000e+00 0.000000000000000000e+00 0.000000000000000000e+00 0.000000000000000000e+00
5.750000000000000000e+02 2.299942688529554857e-02 0.000000000000000000e+00 1.000000000000000000e+00 0.000000000000000000e+00 0.000000000000000000e+00 0.000000000000000000e+00
6.000000000000000000e+02 2.399940196726491060e-02 0.000000000000000000e+00 1.000000000000000000e+00 0.000000000000000000e+00 0.000000000000000000e+00 0.000000000000000000e+00
6.250000000000000000e+02 2.499937704923427262e-02 0.000000000000000000e+00 1.000000000000000000e+00 0.000000000000000000e+00 0.000000000000000000e+00 0.000000000000000000e+00
6.500000000000000000e+02 2.599935213120363464e-02 0.000000000000000000e+00 1.000000000000000000e+00 0.000000000000000000e+00 0.000000000000000000e+00 0.000000000000000000e+00
6.750000000000000000e+02 2.699932721317299666e-02 0.000000000000000000e+00 1.000000000000000000e+00 0.000000000000000000e+00 0.000000000000000000e+00 0.000000000000000000e+00
7.000000000000000000e+02 2.799930229514235869e-02 0.000000000000000000e+00 1.000000000000000000e+00 0.000000000000000000e+00 0.000000000000000000e+00 0.000000000000000000e+00
7.250000000000000000e+02 2.899927737711172071e-02 0.000000000000000000e+00 1.000000000000000000e+00 0.000000000000000000e+00 0.000000000000000000e+00 0.000000000000000000e+00
7.500000000000000000e+02 2.999925245908108273e-02 0.000000000000000000e+00 1.000000000000000000e+00 0.000000000000000000e+00 0.000000000000000000e+00 0.000000000000000000e+00
7.750000000000000000e+02 3.099922754105044476e-02 0.000000000000000000e+00 1.000000000000000000e+00 0.000000000000000000e+00 0.000000000000000000e+00 0.000000000000000000e+00
8.000000000000000000e+02 3.199920262301980678e-02 0.000000000000000000e+00 1.000000000000000000e+00 0.000000000000000000e+00 0.000000000000000000e+00 0.000000000000000000e+00
8.250000000000000000e+02 3.299917770498916880e-02 0.000000000000000000e+00 1.000000000000000000e+00 0.000000000000000000e+00 0.000000000000000000e+00 0.000000000000000000e+00
8.500000000000000000e+02 3.399915278695853083e-02 0.000000000000000000e+00 1.000000000000000000e+00 0.000000000000000000e+00 0.000000000000000000e+00 0.000000000000000000e+00
8.750000000000000000e+02 3.499912786892789285e-02 0.000000000000000000e+00 1.000000000000000000e+00 0.000000000000000000e+00 0.000000000000000000e+00 0.000000000000000000e+00
9.000000000000000000e+02 3.599910295089725487e-02 0.000000000000000000e+00 1.000000000000000000e+00 0.000000000000000000e+00 0.000000000000000000e+00 0.000000000000000000e+00
9.250000000000000000e+02 3.699907803286661689e-02 0.000000000000000000e+00 1.000000000000000000e+00 0.000000000000000000e+00 0.000000000000000000e+00 0.000000000000000000e+00
9.500000000000000000e+02 3.799905311483597892e-02 0.000000000000000000e+00 1.000000000000000000e+00 0.000000000000000000e+00 0.000000000000000000e+00 0.000000000000000000e+00
9.750000000000000000e+02 3.899902819680534094e-02 0.000000000000000000e+00 1.000000000000000000e+00 0.000000000000000000e+00 0.000000000000000000e+00 0.000000000000000000e+00
1.000000000000000000e+03 3.999900327877470296e-02 0.000000000000000000e+00 1.000000000000000000e+00 0.000000000000000000e+00 0.000000000000000000e+00 0.000000000000000000e+00
1.025000000000000000e+03 4.099897836074406499e-02 0.000000000000000000e+00 1.000000000000000000e+00 0.000000000000000000e+00 0.000000000000000000e+00 0.000000000000000000e+00
1.050000000000000000e+03 4.199895344271342701e-02 0.000000000000000000e+00 1.000000000000000000e+00 0.000000000000000000e+00 0.000000000000000000e+00 0.000000000000000000e+00
1.075000000000000000e+03 4.299892852468278903e-02 0.000000000000000000e+00 1.000000000000000000e+00 0.000000000000000000e+00 0.000000000000000000e+00 0.000000000000000000e+00
1.100000000000000000e+03 4.399890360665215105e-02 0.000000000000000000e+00 1.000000000000000000e+00 0.000000000000000000e+00 0.000000000000000000e+00 0.000000000000000000e+00
1.125000000000000000e+03 4.499887868862151308e-02 0.000000000000000000e+00 1.000000000000000000e+00 0.000000000000000000e+00 0.000000000000000000e+00 0.000000000000000000e+00
1.150000000000000000e+03 4.599885377059087510e-02 0.000000000000000000e+00 1.000000000000000000e+00 0.000000000000000000e+00 0.000000000000000000e+00 0.000000000000000000e+00
1.175000000000000000e+03 4.699882885256045917e-02 0.000000000000000000e+00 1.000000000000000000e+00 0.000000000000000000e+00 0.000000000000000000e+00 0.000000000000000000e+00
1.200000000000000000e+03 4.799880393452982119e-02 0.000000000000000000e+00 1.000000000000000000e+00 0.000000000000000000e+00 0.000000000000000000e+00 0.000000000000000000e+00
1.225000000000000000e+03 4.899877901649918321e-02 0.000000000000000000e+00 1.000000000000000000e+00 0.000000000000000000e+00 0.000000000000000000e+00 0.000000000000000000e+00
1.250000000000000000e+03 4.999875409846854524e-02 0.000000000000000000e+00 1.000000000000000000e+00 0.000000000000000000e+00 0.000000000000000000e+00 0.000000000000000000e+00
1.275000000000000000e+03 5.099872918043790726e-02 0.000000000000000000e+00 1.000000000000000000e+00 0.000000000000000000e+00 0.000000000000000000e+00 0.000000000000000000e+00
1.300000000000000000e+03 5.199870426240726928e-02 0.000000000000000000e+00 1.000000000000000000e+00 0.000000000000000000e+00 0.000000000000000000e+00 0.000000000000000000e+00
1.325000000000000000e+03 5.299867934437663131e-02 0.000000000000000000e+00 1.000000000000000000e+00 0.000000000000000000e+00 0.000000000000000000e+00 0.000000000000000000e+00
1.350000000000000000e+03 5.399865442634599333e-02 0.000000000000000000e+00 1.000000000000000000e+00 0.000000000000000000e+00 0.000000000000000000e+00 0.000000000000000000e+00
1.375000000000000000e+03 5.499862950831535535e-02 0.000000000000000000e+00 1.000000000000000000e+00 0.000000000000000000e+00 0.000000000000000000e+00 0.000000000000000000e+00
1.400000000000000000e+03 5.599860459028471737e-02 0.000000000000000000e+00 1.000000000000000000e+00 0.000000000000000000e+00 0.000000000000000000e+00 0.000000000000000000e+00
1.425000000000000000e+03 5.699857967225407940e-02 0.000000000000000000e+00 1.000000000000000000e+00 0.000000000000000000e+00 0.000000000000000000e+00 0.000000000000000000e+00
1.450000000000000000e+03 5.799855475422344142e-02 0.000000000000000000e+00 1.000000000000000000e+00 0.000000000000000000e+00 0.000000000000000000e+00 0.000000000000000000e+00
1.475000000000000000e+03 5.899852983619280344e-02 0.000000000000000000e+00 1.000000000000000000e+00 0.000000000000000000e+00 0.000000000000000000e+00 0.000000000000000000e+00
1.500000000000000000e+03 5.999850491816216547e-02 0.000000000000000000e+00 1.000000000000000000e+00 0.000000000000000000e+00 0.000000000000000000e+00 0.000000000000000000e+00
1.525000000000000000e+03 6.099848000013152749e-02 0.000000000000000000e+00 1.000000000000000000e+00 0.000000000000000000e+00 0.000000000000000000e+00 0.000000000000000000e+00
1.550000000000000000e+03 6.199845508210088951e-02 0.000000000000000000e+00 1.000000000000000000e+00 0.000000000000000000e+00 0.000000000000000000e+00 0.000000000000000000e+00
1.575000000000000000e+03 6.299843016407025154e-02 0.000000000000000000e+00 1.000000000000000000e+00 0.000000000000000000e+00 0.000000000000000000e+00 0.000000000000000000e+00
1.600000000000000000e+03 6.399840524603961356e-02 0.000000000000000000e+00 1.000000000000000000e+00 0.000000000000000000e+00 0.000000000000000000e+00 0.000000000000000000e+00
1.625000000000000000e+03 6.499838032800897558e-02 1.137915339098771066e-04 9.998862084660901095e-01 0.000000000000000000e+00 0.000000000000000000e+00 0.000000000000000000e+00
1.650000000000000000e+03 6.599835540997833760e-02 1.137915339098771066e-04 9.998862084660901095e-01 0.000000000000000000e+00 0.000000000000000000e+00 0.000000000000000000e+00
1.675000000000000000e+03 6.699833049194769963e-02 0.000000000000000000e+00 1.000000000000000000e+00 0.000000000000000000e+00 0.000000000000000000e+00 0.000000000000000000e+00
1.700000000000000000e+03 6.799830557391706165e-02 0.000000000000000000e+00 1.000000000000000000e+00 0.000000000000000000e+00 0.000000000000000000e+00 0.000000000000000000e+00
1.725000000000000000e+03 6.899828065588642367e-02 0.000000000000000000e+00 1.000000000000000000e+00 0.000000000000000000e+00 0.000000000000000000e+00 0.000000000000000000e+00
1.750000000000000000e+03 6.999825573785578570e-02 0.000000000000000000e+00 1.000000000000000000e+00 0.000000000000000000e+00 0.000000000000000000e+00 0.000000000000000000e+00
1.775000000000000000e+03 7.099823081982514772e-02 2.275830678197542133e-04 9.997724169321802190e-01 0.000000000000000000e+00 0.000000000000000000e+00 0.000000000000000000e+00
1.800000000000000000e+03 7.199820590179450974e-02 0.000000000000000000e+00 1.000000000000000000e+00 0.000000000000000000e+00 0.000000000000000000e+00 0.000000000000000000e+00
1.825000000000000000e+03 7.299818098376387177e-02 0.000000000000000000e+00 1.000000000000000000e+00 0.000000000000000000e+00 0.000000000000000000e+00 0.000000000000000000e+00
1.850000000000000000e+03 7.399815606573323379e-02 0.000000000000000000e+00 1.000000000000000000e+00 0.000000000000000000e+00 0.000000000000000000e+00 0.000000000000000000e+00
1.875000000000000000e+03 7.499813114770259581e-02 0.000000000000000000e+00 1.000000000000000000e+00 0.000000000000000000e+00 0.000000000000000000e+00 0.000000000000000000e+00
1.900000000000000000e+03 7.599810622967195783e-02 0.000000000000000000e+00 1.000000000000000000e+00 0.000000000000000000e+00 0.000000000000000000e+00 0.000000000000000000e+00
1.925000000000000000e+03 7.699808131164131986e-02 0.000000000000000000e+00 1.000000000000000000e+00 0.000000000000000000e+00 0.000000000000000000e+00 0.000000000000000000e+00
1.950000000000000000e+03 7.799805639361090392e-02 6.827492034592626399e-04 9.993172507965407680e-01 0.000000000000000000e+00 0.000000000000000000e+00 0.000000000000000000e+00
1.975000000000000000e+03 7.899803147558026595e-02 1.137915339098771066e-04 9.998862084660901095e-01 0.000000000000000000e+00 0.000000000000000000e+00 0.000000000000000000e+00
2.000000000000000000e+03 7.999800655754962797e-02 4.551661356395084266e-04 9.995448338643604380e-01 0.000000000000000000e+00 0.000000000000000000e+00 0.000000000000000000e+00
2.025000000000000000e+03 8.099798163951898999e-02 0.000000000000000000e+00 1.000000000000000000e+00 0.000000000000000000e+00 0.000000000000000000e+00 0.000000000000000000e+00
2.050000000000000000e+03 8.199795672148835202e-02 0.000000000000000000e+00 1.000000000000000000e+00 0.000000000000000000e+00 0.000000000000000000e+00 0.000000000000000000e+00
2.075000000000000000e+03 8.299793180345771404e-02 0.000000000000000000e+00 1.000000000000000000e+00 0.000000000000000000e+00 0.000000000000000000e+00 0.000000000000000000e+00
2.100000000000000000e+03 8.399790688542707606e-02 0.000000000000000000e+00 1.000000000000000000e+00 0.000000000000000000e+00 0.000000000000000000e+00 0.000000000000000000e+00
2.125000000000000000e+03 8.499788196739643809e-02 2.275830678197542133e-04 9.997724169321802190e-01 0.000000000000000000e+00 0.000000000000000000e+00 0.000000000000000000e+00
2.150000000000000000e+03 8.599785704936580011e-02 1.137915339098771066e-04 9.998862084660901095e-01 0.000000000000000000e+00 0.000000000000000000e+00 0.000000000000000000e+00
2.175000000000000000e+03 8.699783213133516213e-02 4.551661356395084266e-04 9.995448338643604380e-01 0.000000000000000000e+00 0.000000000000000000e+00 0.000000000000000000e+00
2.200000000000000000e+03 8.799780721330452415e-02 1.137915339098771066e-04 9.998862084660901095e-01 0.000000000000000000e+00 0.000000000000000000e+00 0.000000000000000000e+00
2.225000000000000000e+03 8.899778229527388618e-02 7.965407373691396923e-04 9.992034592626308775e-01 0.000000000000000000e+00 0.000000000000000000e+00 0.000000000000000000e+00
2.250000000000000000e+03 8.999775737724324820e-02 2.275830678197542133e-04 9.997724169321802190e-01 0.000000000000000000e+00 0.000000000000000000e+00 0.000000000000000000e+00
2.275000000000000000e+03 9.099773245921261022e-02 6.827492034592626399e-04 9.992034592626308775e-01 0.000000000000000000e+00 1.137915339098771066e-04 0.000000000000000000e+00
2.300000000000000000e+03 9.199770754118197225e-02 2.162039144287664864e-03 9.977241693218024121e-01 0.000000000000000000e+00 1.137915339098771066e-04 0.000000000000000000e+00
2.325000000000000000e+03 9.299768262315133427e-02 0.000000000000000000e+00 1.000000000000000000e+00 0.000000000000000000e+00 0.000000000000000000e+00 0.000000000000000000e+00
2.350000000000000000e+03 9.399765770512069629e-02 1.024123805188893906e-03 9.988620846609012061e-01 0.000000000000000000e+00 1.137915339098771066e-04 0.000000000000000000e+00
2.375000000000000000e+03 9.499763278709005832e-02 1.365498406918525280e-03 9.985207100591716456e-01 0.000000000000000000e+00 1.137915339098771066e-04 0.000000000000000000e+00
2.400000000000000000e+03 9.599760786905942034e-02 1.820664542558033706e-03 9.981793354574419741e-01 0.000000000000000000e+00 0.000000000000000000e+00 0.000000000000000000e+00
2.425000000000000000e+03 9.699758295102878236e-02 3.982703686845699004e-03 9.954483386436049352e-01 0.000000000000000000e+00 5.689576695493854790e-04 0.000000000000000000e+00
2.450000000000000000e+03 9.799755803299814438e-02 1.137915339098770958e-03 9.988620846609012061e-01 0.000000000000000000e+00 0.000000000000000000e+00 0.000000000000000000e+00
2.475000000000000000e+03 9.899753311496750641e-02 5.803368229403732710e-03 9.941966317705962508e-01 0.000000000000000000e+00 0.000000000000000000e+00 0.000000000000000000e+00
2.500000000000000000e+03 9.999750819693686843e-02 2.844788347746927612e-03 9.971552116522530707e-01 0.000000000000000000e+00 0.000000000000000000e+00 0.000000000000000000e+00
2.525000000000000000e+03 1.009974832789062305e-01 2.389622212107419402e-03 9.974965862539827421e-01 0.000000000000000000e+00 1.137915339098771066e-04 0.000000000000000000e+00
2.550000000000000000e+03 1.019974583608755925e-01 2.958579881656804664e-03 9.969276285844332897e-01 0.000000000000000000e+00 1.137915339098771066e-04 0.000000000000000000e+00
2.575000000000000000e+03 1.029974334428449545e-01 3.527537551206190360e-03 9.962448793809740577e-01 0.000000000000000000e+00 2.275830678197542133e-04 0.000000000000000000e+00
2.600000000000000000e+03 1.039974085248143165e-01 4.324078288575329727e-03 9.956759217114247162e-01 0.000000000000000000e+00 0.000000000000000000e+00 0.000000000000000000e+00
2.625000000000000000e+03 1.049973836067836785e-01 5.348202093764223633e-03 9.939690487027764698e-01 0.000000000000000000e+00 6.827492034592626399e-04 0.000000000000000000e+00
2.650000000000000000e+03 1.059973586887530406e-01 3.868912152935821518e-03 9.960172963131542767e-01 0.000000000000000000e+00 1.137915339098771066e-04 0.000000000000000000e+00
2.675000000000000000e+03 1.069973337707224026e-01 6.144742831133363434e-03 9.935138825671370189e-01 0.000000000000000000e+00 3.413746017296313199e-04 0.000000000000000000e+00
2.700000000000000000e+03 1.079973088526917646e-01 5.917159763313609329e-03 9.936276741010469093e-01 0.000000000000000000e+00 4.551661356395084266e-04 0.000000000000000000e+00
2.725000000000000000e+03 1.089972839346613487e-01 5.575785161583977738e-03 9.944242148384160318e-01 0.000000000000000000e+00 0.000000000000000000e+00 0.000000000000000000e+00
2.750000000000000000e+03 1.099972590166307107e-01 7.396449704142011444e-03 9.923759672280382249e-01 0.000000000000000000e+00 2.275830678197542133e-04 0.000000000000000000e+00
2.775000000000000000e+03 1.109972340986000727e-01 8.306781975421027864e-03 9.913518434228493215e-01 0.000000000000000000e+00 3.413746017296313199e-04 0.000000000000000000e+00
2.800000000000000000e+03 1.119972091805694347e-01 1.069640418752844727e-02 9.886208466090122826e-01 0.000000000000000000e+00 6.827492034592626399e-04 0.000000000000000000e+00
2.825000000000000000e+03 1.129971842625387968e-01 8.079198907601274626e-03 9.910104688211197610e-01 0.000000000000000000e+00 9.103322712790168532e-04 0.000000000000000000e+00
2.850000000000000000e+03 1.139971593445081588e-01 1.433773327264451468e-02 9.847519344560764498e-01 0.000000000000000000e+00 9.103322712790168532e-04 0.000000000000000000e+00
2.875000000000000000e+03 1.149971344264775208e-01 1.547564861174328607e-02 9.830450614474283144e-01 0.000000000000000000e+00 1.479289940828402332e-03 0.000000000000000000e+00
2.900000000000000000e+03 1.159971095084468828e-01 1.490669094219390124e-02 9.839553937187073274e-01 0.000000000000000000e+00 1.137915339098770958e-03 0.000000000000000000e+00
2.925000000000000000e+03 1.169970845904162449e-01 2.332726445152480746e-02 9.751934456076467583e-01 0.000000000000000000e+00 1.479289940828402332e-03 0.000000000000000000e+00
2.950000000000000000e+03 1.179970596723856069e-01 2.924442421483841592e-02 9.672280382339554228e-01 0.000000000000000000e+00 3.527537551206190360e-03 0.000000000000000000e+00
2.975000000000000000e+03 1.189970347543549689e-01 3.447883477469276120e-02 9.582385070550750727e-01 0.000000000000000000e+00 7.282658170232134826e-03 0.000000000000000000e+00
3.000000000000000000e+03 1.199970098363243309e-01 6.235776058261265076e-02 9.209148839326354308e-01 0.000000000000000000e+00 1.672735548475193582e-02 0.000000000000000000e+00
3.025000000000000000e+03 1.209969849182936930e-01 9.751934456076467861e-02 8.544606281292671524e-01 0.000000000000000000e+00 4.802002730996814128e-02 0.000000000000000000e+00
3.050000000000000000e+03 1.219969600002630550e-01 1.587391898042785632e-01 6.974283113336368078e-01 0.000000000000000000e+00 1.438324988620846567e-01 0.000000000000000000e+00
3.075000000000000000e+03 1.229969350822324170e-01 2.443104233045061413e-01 4.649522075557578349e-01 2.275830678197542133e-04 2.905097860719162428e-01 0.000000000000000000e+00
3.100000000000000000e+03 1.239969101642017790e-01 3.161128812016386069e-01 2.426035502958579781e-01 5.689576695493854790e-04 4.407146108329540457e-01 0.000000000000000000e+00
3.125000000000000000e+03 1.249968852461711410e-01 3.541192535275375364e-01 1.095812471552116557e-01 1.820664542558033706e-03 5.344788347746927126e-01 0.000000000000000000e+00
3.150000000000000000e+03 1.259968603281405031e-01 3.557123350022758368e-01 5.461993627674101293e-02 4.324078288575329727e-03 5.853436504324078804e-01 0.000000000000000000e+00
3.175000000000000000e+03 1.269968354101098651e-01 3.503641329085115941e-01 4.995448338643605074e-02 1.228948566226672687e-02 5.873918980427855763e-01 0.000000000000000000e+00
3.200000000000000000e+03 1.279968104920792271e-01 3.536640873918980299e-01 7.908511606736458310e-02 2.480655439235321044e-02 5.424442421483841592e-01 0.000000000000000000e+00
3.225000000000000000e+03 1.289967855740485891e-01 3.684569868001820736e-01 1.216431497496586189e-01 3.823395539371871044e-02 4.716659080564405970e-01 0.000000000000000000e+00
3.250000000000000000e+03 1.299967606560179512e-01 3.546882111970869333e-01 1.710286754665452935e-01 6.042330450614474130e-02 4.138598088302230527e-01 0.000000000000000000e+00
3.275000000000000000e+03 1.309967357379873132e-01 3.516158397815202785e-01 1.977696859353663961e-01 8.215748748293126569e-02 3.684569868001820736e-01 0.000000000000000000e+00
3.300000000000000000e+03 1.319967108199566752e-01 3.548020027309968238e-01 2.139280837505689592e-01 1.045744196631770567e-01 3.266954938552571464e-01 0.000000000000000000e+00
3.325000000000000000e+03 1.329966859019260372e-01 3.651570323167956378e-01 2.269003186162949492e-01 1.263086026399635742e-01 2.816340464269458388e-01 0.000000000000000000e+00
3.350000000000000000e+03 1.339966609838953993e-01 3.753982703686845612e-01 2.237141556668183762e-01 1.648839326354119283e-01 2.360036413290851065e-01 0.000000000000000000e+00
3.375000000000000000e+03 1.349966360658647613e-01 3.568502503413745752e-01 2.378243058716431602e-01 1.964041875284478766e-01 2.089212562585343602e-01 0.000000000000000000e+00
3.400000000000000000e+03 1.359966111478341233e-01 3.555985434683659463e-01 2.482931269913518368e-01 2.201866181156121871e-01 1.759217114246700020e-01 0.000000000000000000e+00
3.425000000000000000e+03 1.369965862298034853e-01 3.546882111970869333e-01 2.527309968138370389e-01 2.422621756941283622e-01 1.503186162949476656e-01 0.000000000000000000e+00
3.450000000000000000e+03 1.379965613117728473e-01 3.526399635867091265e-01 2.592171142467000200e-01 2.555757851615839682e-01 1.325671370050068298e-01 0.000000000000000000e+00
3.475000000000000000e+03 1.389965363937422094e-01 3.479745106964041712e-01 2.678652708238506985e-01 2.699135184342285054e-01 1.142467000455166110e-01 0.000000000000000000e+00
3.500000000000000000e+03 1.399965114757117934e-01 3.487710514337733492e-01 2.777651342740100060e-01 2.812926718252162228e-01 9.217114246700044977e-02 0.000000000000000000e+00
3.525000000000000000e+03 1.409964865576811555e-01 3.521847974510696200e-01 2.832271279016841392e-01 2.827719617660446327e-01 8.181611288120163583e-02 0.000000000000000000e+00
3.550000000000000000e+03 1.419964616396505175e-01 3.599226217569412856e-01 2.842512517068729871e-01 2.761720527992717611e-01 7.965407373691398007e-02 0.000000000000000000e+00
3.575000000000000000e+03 1.429964367216198795e-01 3.667501137915338827e-01 2.901684114701866268e-01 2.745789713245334607e-01 6.850250341374601593e-02 0.000000000000000000e+00
3.600000000000000000e+03 1.439964118035892415e-01 3.653846153846153633e-01 2.942649066909421851e-01 2.675238962221210826e-01 7.282658170232134132e-02 0.000000000000000000e+00
3.625000000000000000e+03 1.449963868855586036e-01 3.510468821119708815e-01 3.014337733272644537e-01 2.653618570778333852e-01 8.215748748293126569e-02 0.000000000000000000e+00
3.650000000000000000e+03 1.459963619675279656e-01 3.459262630860264198e-01 3.103095129722348577e-01 2.629722348657259623e-01 8.079198907601274626e-02 0.000000000000000000e+00
3.675000000000000000e+03 1.469963370494973276e-01 3.447883477469276259e-01 3.137232589895311841e-01 2.605826126536185949e-01 8.090578060992262288e-02 0.000000000000000000e+00
3.700000000000000000e+03 1.479963121314666896e-01 3.436504324078288319e-01 3.190714610832954268e-01 2.610377787892581014e-01 7.624032771961765376e-02 0.000000000000000000e+00
3.725000000000000000e+03 1.489962872134360516e-01 3.501365498406918686e-01 3.313609467455621571e-01 2.525034137460173134e-01 6.599908966772871644e-02 0.000000000000000000e+00
3.750000000000000000e+03 1.499962622954054137e-01 3.454710969503869133e-01 3.422849340009103125e-01 2.430587164314974846e-01 6.918525261720527564e-02 0.000000000000000000e+00
3.775000000000000000e+03 1.509962373773747757e-01 3.409194355939917931e-01 3.618570778334092020e-01 2.296313154301319881e-01 6.759217114246700298e-02 0.000000000000000000e+00
3.800000000000000000e+03 1.519962124593441377e-01 3.378470641784251383e-01 3.794947655894401195e-01 2.241693218024579104e-01 5.848884842967683184e-02 0.000000000000000000e+00
3.825000000000000000e+03 1.529961875413134997e-01 3.368229403732362348e-01 3.974738279472007085e-01 2.143832498862084657e-01 5.131998179335457710e-02 0.000000000000000000e+00
3.850000000000000000e+03 1.539961626232828618e-01 3.328402366863905115e-01 4.098771051433773294e-01 2.114246700045516736e-01 4.585798816568047165e-02 0.000000000000000000e+00
3.875000000000000000e+03 1.549961377052522238e-01 3.136094674556212936e-01 4.288802913063268218e-01 2.154073736913973691e-01 4.210286754665452935e-02 0.000000000000000000e+00
3.900000000000000000e+03 1.559961127872215858e-01 3.112198452435138707e-01 4.376422394173873354e-01 2.093764223941738667e-01 4.176149294492489950e-02 0.000000000000000000e+00
3.925000000000000000e+03 1.569960878691909478e-01 3.037096040054619861e-01 4.441283568502503165e-01 2.073281747837960876e-01 4.483386436049158208e-02 0.000000000000000000e+00
3.950000000000000000e+03 1.579960629511603099e-01 2.982476103777879084e-01 4.485662266727355463e-01 2.075557578516158408e-01 4.563040509786071841e-02 0.000000000000000000e+00
3.975000000000000000e+03 1.589960380331296719e-01 2.990441511151570309e-01 4.516385980883022566e-01 2.038006372325898985e-01 4.551661356395084179e-02 0.000000000000000000e+00
4.000000000000000000e+03 1.599960131150990339e-01 2.939235320892125691e-01 4.501593081474738467e-01 2.086936731907146070e-01 4.722348657259899801e-02 0.000000000000000000e+00
4.025000000000000000e+03 1.609959881970683959e-01 2.989303595812471404e-01 4.523213472917614886e-01 2.073281747837960876e-01 4.142011834319526964e-02 0.000000000000000000e+00
4.050000000000000000e+03 1.619959632790377579e-01 3.007510241238051663e-01 4.517523896222120916e-01 2.093764223941738667e-01 3.812016385980882688e-02 0.000000000000000000e+00
4.075000000000000000e+03 1.629959383610071200e-01 2.961993627674101015e-01 4.600591715976331542e-01 2.077833409194355940e-01 3.595812471552116418e-02 0.000000000000000000e+00
4.100000000000000000e+03 1.639959134429764820e-01 2.890304961310878329e-01 4.676832043695949293e-01 2.113108784706417831e-01 3.197542102867546865e-02 0.000000000000000000e+00
4.125000000000000000e+03 1.649958885249458440e-01 2.841374601729631522e-01 4.693900773782430647e-01 2.143832498862084657e-01 3.208921256258534527e-02 0.000000000000000000e+00
4.150000000000000000e+03 1.659958636069152060e-01 2.933545744196631722e-01 4.717796995903504875e-01 2.104005461993627701e-01 2.446517979062357712e-02 0.000000000000000000e+00
4.175000000000000000e+03 1.669958386888845681e-01 2.857305416477013971e-01 4.763313609467455523e-01 2.107419208010923861e-01 2.719617660446062984e-02 0.000000000000000000e+00
4.200000000000000000e+03 1.679958137708539301e-01 2.843650432407828776e-01 4.804278561675011106e-01 2.092626308602640040e-01 2.594446973145198010e-02 0.000000000000000000e+00
4.225000000000000000e+03 1.689957888528232921e-01 2.831133363677742487e-01 4.795175238962220976e-01 2.088074647246244975e-01 2.856167501137915274e-02 0.000000000000000000e+00
4.250000000000000000e+03 1.699957639347926541e-01 2.921028675466545432e-01 4.762175694128356618e-01 2.038006372325898985e-01 2.787892580791988956e-02 0.000000000000000000e+00
4.275000000000000000e+03 1.709957390167620161e-01 2.817478379608557293e-01 4.842967683204369433e-01 2.063040509786071841e-01 2.765134274010013632e-02 0.000000000000000000e+00
4.300000000000000000e+03 1.719957140987316002e-01 2.796995903504779224e-01 4.881656804733727761e-01 2.099453800637232637e-01 2.218934911242603433e-02 0.000000000000000000e+00
4.325000000000000000e+03 1.729956891807009622e-01 2.786754665452890189e-01 4.907828857532999800e-01 2.077833409194355940e-01 2.275830678197542090e-02 0.000000000000000000e+00
4.350000000000000000e+03 1.739956642626703243e-01 2.760582612653618706e-01 4.992034592626308775e-01 2.063040509786071841e-01 1.843422849340009204e-02 0.000000000000000000e+00
4.375000000000000000e+03 1.749956393446396863e-01 2.791306326809285254e-01 4.994310423304506030e-01 2.016385980883022289e-01 1.979972690031861493e-02 0.000000000000000000e+00
4.400000000000000000e+03 1.759956144266090483e-01 2.812926718252162228e-01 4.968138370505234547e-01 2.026627218934911323e-01 1.923076923076923184e-02 0.000000000000000000e+00
4.425000000000000000e+03 1.769955895085784103e-01 2.802685480200273194e-01 4.940828402366864158e-01 2.073281747837960876e-01 1.832043695949021542e-02 0.000000000000000000e+00
4.450000000000000000e+03 1.779955645905477724e-01 2.807237141556668258e-01 4.953345471096950448e-01 2.009558488848429691e-01 2.298588984979517413e-02 0.000000000000000000e+00
4.475000000000000000e+03 1.789955396725171344e-01 2.841374601729631522e-01 4.960172963131542767e-01 1.984524351388256835e-01 2.139280837505689453e-02 0.000000000000000000e+00
4.500000000000000000e+03 1.799955147544864964e-01 2.750341374601729671e-01 5.029585798816568198e-01 2.019799726900318726e-01 2.002730996813837164e-02 0.000000000000000000e+00
4.525000000000000000e+03 1.809954898364558584e-01 2.753755120619025831e-01 5.028447883477469293e-01 2.016385980883022289e-01 2.014110150204824826e-02 0.000000000000000000e+00
4.550000000000000000e+03 1.819954649184252204e-01 2.769685935366408835e-01 5.051206190259445172e-01 2.022075557578516258e-01 1.570323167956303931e-02 0.000000000000000000e+00
4.575000000000000000e+03 1.829954400003945825e-01 2.757168866636321991e-01 5.005689576695493415e-01 2.061902594446973214e-01 1.752389622212107562e-02 0.000000000000000000e+00
4.600000000000000000e+03 1.839954150823639445e-01 2.809512972234865513e-01 4.996586253982703840e-01 1.997041420118343125e-01 1.968593536640873831e-02 0.000000000000000000e+00
4.625000000000000000e+03 1.849953901643333065e-01 2.796995903504779224e-01 4.979517523896221931e-01 2.023213472917614886e-01 2.002730996813837164e-02 0.000000000000000000e+00
4.650000000000000000e+03 1.859953652463026685e-01 2.844788347746927681e-01 4.924897587619481154e-01 2.024351388256713791e-01 2.059626763768775473e-02 0.000000000000000000e+00
4.675000000000000000e+03 1.869953403282720306e-01 2.856167501137915066e-01 4.907828857532999800e-01 2.024351388256713791e-01 2.116522530723714129e-02 0.000000000000000000e+00
4.700000000000000000e+03 1.879953154102413926e-01 2.865270823850705750e-01 4.939690487027765253e-01 2.007282658170232159e-01 1.877560309512972189e-02 0.000000000000000000e+00
4.725000000000000000e+03 1.889952904922107546e-01 2.878925807919890945e-01 4.943104233045061413e-01 1.962903959945380139e-01 2.150659990896677115e-02 0.000000000000000000e+00
4.750000000000000000e+03 1.899952655741801166e-01 2.928994082840236657e-01 4.948793809740555383e-01 1.911697769685935244e-01 2.105143377332726468e-02 0.000000000000000000e+00
4.775000000000000000e+03 1.909952406561494787e-01 2.829995448338643582e-01 5.058033682294037492e-01 1.877560309512972259e-01 2.344105598543468408e-02 0.000000000000000000e+00
4.800000000000000000e+03 1.919952157381188407e-01 2.799271734182977034e-01 5.127446517979061813e-01 1.843422849340008995e-01 2.298588984979517413e-02 0.000000000000000000e+00
4.825000000000000000e+03 1.929951908200882027e-01 2.742375967228038447e-01 5.244651797906235702e-01 1.804733727810650945e-01 2.082385070550751144e-02 0.000000000000000000e+00
4.850000000000000000e+03 1.939951659020575647e-01 2.783340919435594030e-01 5.233272644515247762e-01 1.762630860263996457e-01 2.207555757851615771e-02 0.000000000000000000e+00
4.875000000000000000e+03 1.949951409840269267e-01 2.771961766044606090e-01 5.267410104688211581e-01 1.751251706873008518e-01 2.093764223941738806e-02 0.000000000000000000e+00
4.900000000000000000e+03 1.959951160659962888e-01 2.734410559854346667e-01 5.259444697314519246e-01 1.789940828402366846e-01 2.162039144287665124e-02 0.000000000000000000e+00
4.925000000000000000e+03 1.969950911479656508e-01 2.749203459262630767e-01 5.228720983158853253e-01 1.819526627218935044e-01 2.025489303595812488e-02 0.000000000000000000e+00
4.950000000000000000e+03 1.979950662299350128e-01 2.768548020027309930e-01 5.243513882567136797e-01 1.832043695949021334e-01 1.558944014565316269e-02 0.000000000000000000e+00
4.975000000000000000e+03 1.989950413119043748e-01 2.710514337733272439e-01 5.291306326809285254e-01 1.825216203914428736e-01 1.729631315430131891e-02 0.000000000000000000e+00
5.000000000000000000e+03 1.999950163938737369e-01 2.717341829767865313e-01 5.299271734182976479e-01 1.800182066454255880e-01 1.832043695949021542e-02 0.000000000000000000e+00
5.025000000000000000e+03 2.009949914758430989e-01 2.662721893491124536e-01 5.323167956304051263e-01 1.799044151115156975e-01 2.150659990896677115e-02 0.000000000000000000e+00
5.050000000000000000e+03 2.019949665578124609e-01 2.704824761037779024e-01 5.316340464269457833e-01 1.786527082385070686e-01 1.923076923076923184e-02 0.000000000000000000e+00
5.075000000000000000e+03 2.029949416397820450e-01 2.626308602639963463e-01 5.342512517068730427e-01 1.847974510696404060e-01 1.832043695949021542e-02 0.000000000000000000e+00
5.100000000000000000e+03 2.039949167217514070e-01 2.616067364588074429e-01 5.324305871643150168e-01 1.920801092398725651e-01 1.388256713700500647e-02 0.000000000000000000e+00
5.125000000000000000e+03 2.049948918037207690e-01 2.523896222121074229e-01 5.365270823850705195e-01 1.968593536640873831e-01 1.422394173873463806e-02 0.000000000000000000e+00
5.150000000000000000e+03 2.059948668856901310e-01 2.477241693218024676e-01 5.410787437414655843e-01 1.966317705962676299e-01 1.456531634046426965e-02 0.000000000000000000e+00
5.175000000000000000e+03 2.069948419676594931e-01 2.434000910332271284e-01 5.465407373691397730e-01 1.961766044606281234e-01 1.388256713700500647e-02 0.000000000000000000e+00
5.200000000000000000e+03 2.079948170496288551e-01 2.412380518889394587e-01 5.508648156577150568e-01 1.908284023668639084e-01 1.706873008648156567e-02 0.000000000000000000e+00
5.225000000000000000e+03 2.089947921315982171e-01 2.416932180245789652e-01 5.567819754210286964e-01 1.874146563495675821e-01 1.411015020482476144e-02 0.000000000000000000e+00
5.250000000000000000e+03 2.099947672135675791e-01 2.387346381429221731e-01 5.641784251251706905e-01 1.830905780609922706e-01 1.399635867091488309e-02 0.000000000000000000e+00
5.275000000000000000e+03 2.109947422955369412e-01 2.368001820664542567e-01 5.729403732362312596e-01 1.796768320436959443e-01 1.058261265361857065e-02 0.000000000000000000e+00
5.300000000000000000e+03 2.119947173775063032e-01 2.287209831588529751e-01 5.802230314064633632e-01 1.809285389167046010e-01 1.012744651797906244e-02 0.000000000000000000e+00
5.325000000000000000e+03 2.129946924594756652e-01 2.284934000910332219e-01 5.787437414656350088e-01 1.796768320436959443e-01 1.308602639963586667e-02 0.000000000000000000e+00
5.350000000000000000e+03 2.139946675414450272e-01 2.275830678197542090e-01 5.851160673645880994e-01 1.779699590350477811e-01 9.330905780609922637e-03 0.000000000000000000e+00
5.375000000000000000e+03 2.149946426234143892e-01 2.250796540737369233e-01 5.889849795175239322e-01 1.781975421028675344e-01 7.737824305871643035e-03 0.000000000000000000e+00
5.400000000000000000e+03 2.159946177053837513e-01 2.251934456076467861e-01 5.896677287209831642e-01 1.781975421028675344e-01 6.941283568502503235e-03 0.000000000000000000e+00
5.425000000000000000e+03 2.169945927873531133e-01 2.218934911242603503e-01 5.909194355939918486e-01 1.788802913063268218e-01 8.306781975421027864e-03 0.000000000000000000e+00
5.450000000000000000e+03 2.179945678693224753e-01 2.242831133363677731e-01 5.916021847974510806e-01 1.763768775603095085e-01 7.737824305871643035e-03 0.000000000000000000e+00
5.475000000000000000e+03 2.189945429512918373e-01 2.215521165225307343e-01 5.913746017296312996e-01 1.789940828402366846e-01 8.079198907601274626e-03 0.000000000000000000e+00
5.500000000000000000e+03 2.199945180332611994e-01 2.168866636322257513e-01 5.935366408739189970e-01 1.813837050523441075e-01 8.192990441511151245e-03 0.000000000000000000e+00
5.525000000000000000e+03 2.209944931152305614e-01 2.139280837505689592e-01 5.976331360946746107e-01 1.808147473827947105e-01 7.624032771961766417e-03 0.000000000000000000e+00
5.550000000000000000e+03 2.219944681971999234e-01 2.168866636322257513e-01 5.963814292216659263e-01 1.800182066454255880e-01 6.713700500682749130e-03 0.000000000000000000e+00
5.575000000000000000e+03 2.229944432791692854e-01 2.133591260810195622e-01 5.996813837050523066e-01 1.796768320436959443e-01 7.282658170232134826e-03 0.000000000000000000e+00
5.600000000000000000e+03 2.239944183611386475e-01 2.073281747837960876e-01 6.013882567137005530e-01 1.829767865270823801e-01 8.306781975421027864e-03 0.000000000000000000e+00
5.625000000000000000e+03 2.249943934431080095e-01 2.118798361401911801e-01 5.955848884842968038e-01 1.835457441966317771e-01 8.989531178880291046e-03 0.000000000000000000e+00
5.650000000000000000e+03 2.259943685250773715e-01 2.143832498862084657e-01 5.956986800182066943e-01 1.828629949931725174e-01 7.055075102412380721e-03 0.000000000000000000e+00
5.675000000000000000e+03 2.269943436070467335e-01 2.146108329540282189e-01 5.947883477469276814e-01 1.814974965862539702e-01 9.103322712790167665e-03 0.000000000000000000e+00
