# itime ezz other fcc hcp bcc ico
0.000000000000000000e+00 0.000000000000000000e+00 0.000000000000000000e+00 1.000000000000000000e+00 0.000000000000000000e+00 0.000000000000000000e+00 0.000000000000000000e+00
2.500000000000000000e+02 1.000004121588604633e-02 0.000000000000000000e+00 1.000000000000000000e+00 0.000000000000000000e+00 0.000000000000000000e+00 0.000000000000000000e+00
5.000000000000000000e+02 2.000008243177231471e-02 0.000000000000000000e+00 1.000000000000000000e+00 0.000000000000000000e+00 0.000000000000000000e+00 0.000000000000000000e+00
7.500000000000000000e+02 3.000012364765836104e-02 0.000000000000000000e+00 1.000000000000000000e+00 0.000000000000000000e+00 0.000000000000000000e+00 0.000000000000000000e+00
1.000000000000000000e+03 4.000016486354462941e-02 0.000000000000000000e+00 1.000000000000000000e+00 0.000000000000000000e+00 0.000000000000000000e+00 0.000000000000000000e+00
1.250000000000000000e+03 5.000020607943067574e-02 0.000000000000000000e+00 1.000000000000000000e+00 0.000000000000000000e+00 0.000000000000000000e+00 0.000000000000000000e+00
1.500000000000000000e+03 6.000024729531694412e-02 0.000000000000000000e+00 1.000000000000000000e+00 0.000000000000000000e+00 0.000000000000000000e+00 0.000000000000000000e+00
1.750000000000000000e+03 7.000028851120299045e-02 0.000000000000000000e+00 1.000000000000000000e+00 0.000000000000000000e+00 0.000000000000000000e+00 0.000000000000000000e+00
2.000000000000000000e+03 8.000032972708925882e-02 0.000000000000000000e+00 1.000000000000000000e+00 0.000000000000000000e+00 0.000000000000000000e+00 0.000000000000000000e+00
2.250000000000000000e+03 9.000037094297530516e-02 9.103322712790168532e-04 9.990896677287209870e-01 0.000000000000000000e+00 0.000000000000000000e+00 0.000000000000000000e+00
2.500000000000000000e+03 1.000004121588615735e-01 2.844788347746927612e-03 9.970414201183431802e-01 0.000000000000000000e+00 1.137915339098771066e-04 0.000000000000000000e+00
2.750000000000000000e+03 1.100004533747476199e-01 6.258534365043240920e-03 9.932862994993172379e-01 0.000000000000000000e+00 4.551661356395084266e-04 0.000000000000000000e+00
3.000000000000000000e+03 1.200004945906338882e-01 4.858898497951752438e-02 9.393491124260354708e-01 0.000000000000000000e+00 1.206190259444697363e-02 0.000000000000000000e+00
3.250000000000000000e+03 1.300005358065199346e-01 3.183887118798361393e-01 1.635184342284934089e-01 1.024123805188893906e-03 5.170687300864815761e-01 0.000000000000000000e+00
3.500000000000000000e+03 1.400005770224062029e-01 3.776741010468820936e-01 2.183659535730541612e-01 1.563495675921711403e-01 2.476103777878925771e-01 0.000000000000000000e+00
3.750000000000000000e+03 1.500006182382922493e-01 3.864360491579426626e-01 2.792444242148384159e-01 2.183659535730541612e-01 1.159535730541647741e-01 0.000000000000000000e+00
4.000000000000000000e+03 1.600006594541782956e-01 3.713017751479290030e-01 3.192990441511151523e-01 2.339553937187073274e-01 7.544378698224851743e-02 0.000000000000000000e+00
4.250000000000000000e+03 1.700007006700645640e-01 3.735776058261265353e-01 3.410332271279016836e-01 2.249658625398270329e-01 6.042330450614474130e-02 0.000000000000000000e+00
4.500000000000000000e+03 1.800007418859506103e-01 3.810878470641784199e-01 3.526399635867091265e-01 2.204142011834319403e-01 4.585798816568047165e-02 0.000000000000000000e+00
4.750000000000000000e+03 1.900007831018368787e-01 3.930359581247155343e-01 3.610605370960400795e-01 2.036868456986800080e-01 4.221665908056440597e-02 0.000000000000000000e+00
5.000000000000000000e+03 2.000008243177229250e-01 3.951979972690031762e-01 3.666363222576240477e-01 1.989076012744651900e-01 3.925807919890760000e-02 0.000000000000000000e+00
5.250000000000000000e+03 2.100008655336091934e-01 4.040737369139735802e-01 3.694811106053709771e-01 1.965179790623577671e-01 2.992717341829767910e-02 0.000000000000000000e+00
5.500000000000000000e+03 2.200009067494952397e-01 4.152253072371415721e-01 3.419435593991806965e-01 2.142694583522985752e-01 2.856167501137915274e-02 0.000000000000000000e+00
5.750000000000000000e+03 2.300009479653815081e-01 4.156804733727810786e-01 3.496813837050523621e-01 2.050523441055985552e-01 2.958579881656804578e-02 0.000000000000000000e+00
6.000000000000000000e+03 2.400009891812675544e-01 4.077150659990896875e-01 3.585571233500227661e-01 2.056213017751479244e-01 2.810650887573964626e-02 0.000000000000000000e+00
6.250000000000000000e+03 2.500010303971538228e-01 4.229631315430131822e-01 3.568502503413745752e-01 1.990213928083750528e-01 2.116522530723714129e-02 0.000000000000000000e+00
6.500000000000000000e+03 2.600010716130398691e-01 4.198907601274465273e-01 3.621984524351388179e-01 1.991351843422849432e-01 1.877560309512972189e-02 0.000000000000000000e+00
6.750000000000000000e+03 2.700011128289261375e-01 4.255803368229403860e-01 3.505917159763313751e-01 2.009558488848429691e-01 2.287209831588529751e-02 0.000000000000000000e+00
7.000000000000000000e+03 2.800011540448121838e-01 4.336595357305416676e-01 3.544606281292672079e-01 1.939007737824305910e-01 1.797906235776058209e-02 0.000000000000000000e+00
7.250000000000000000e+03 2.900011952606984522e-01 4.419663177059626746e-01 3.627674101046882149e-01 1.750113791533909890e-01 2.025489303595812488e-02 0.000000000000000000e+00
7.500000000000000000e+03 3.000012364765844985e-01 4.344560764679107900e-01 3.709604005461993870e-01 1.771734182976786587e-01 1.741010468821119553e-02 0.000000000000000000e+00
7.750000000000000000e+03 3.100012776924707669e-01 4.317250796540737512e-01 3.827947200728265553e-01 1.713700500682749095e-01 1.411015020482476144e-02 0.000000000000000000e+00
8.000000000000000000e+03 3.200013189083568133e-01 4.239872553482020856e-01 3.883705052344105790e-01 1.747837960855712358e-01 1.285844333181611343e-02 0.000000000000000000e+00
8.250000000000000000e+03 3.300013601242428596e-01 4.309285389167045732e-01 3.903049613108784954e-01 1.675011379153391045e-01 1.126536185707783383e-02 0.000000000000000000e+00
8.500000000000000000e+03 3.400014013401291280e-01 4.260355029585798925e-01 4.041875284478834707e-01 1.576012744651797970e-01 1.217569412835685025e-02 0.000000000000000000e+00
8.750000000000000000e+03 3.500014425560151743e-01 4.228493400091033472e-01 4.179563040509786109e-01 1.470186618115612298e-01 1.217569412835685025e-02 0.000000000000000000e+00
9.000000000000000000e+03 3.600014837719014427e-01 4.227355484751934567e-01 4.161356395084205850e-01 1.503186162949476656e-01 1.081019572143832562e-02 0.000000000000000000e+00
9.250000000000000000e+03 3.700015249877874890e-01 4.272872098315885214e-01 4.033909877105143482e-01 1.569185252617205373e-01 1.240327719617660522e-02 0.000000000000000000e+00
9.500000000000000000e+03 3.800015662036737574e-01 4.250113791533909890e-01 4.020254893035958288e-01 1.607874374146563423e-01 1.217569412835685025e-02 0.000000000000000000e+00
9.750000000000000000e+03 3.900016074195598037e-01 4.363905325443787064e-01 3.954255803368229572e-01 1.554392353208921274e-01 1.274465179790623508e-02 0.000000000000000000e+00
1.000000000000000000e+04 4.000016486354458500e-01 4.346836595357305155e-01 3.963359126081019701e-01 1.547564861174328676e-01 1.422394173873463806e-02 0.000000000000000000e+00
1.025000000000000000e+04 4.100016898513321184e-01 4.408284023668638807e-01 3.987255348202093930e-01 1.459945380063723264e-01 1.445152480655439303e-02 0.000000000000000000e+00
1.050000000000000000e+04 4.200017310672183868e-01 4.390077378243058548e-01 3.954255803368229572e-01 1.531634046426945950e-01 1.240327719617660522e-02 0.000000000000000000e+00
1.075000000000000000e+04 4.300017722831044331e-01 4.479972690031861493e-01 3.830223031406463363e-01 1.555530268548019901e-01 1.342740100136549826e-02 0.000000000000000000e+00
1.100000000000000000e+04 4.400018134989904794e-01 4.581247155211652378e-01 3.713017751479290030e-01 1.548702776513427304e-01 1.570323167956303931e-02 0.000000000000000000e+00
1.125000000000000000e+04 4.500018547148767478e-01 4.614246700045516736e-01 3.614019116977696955e-01 1.603322712790168358e-01 1.684114701866181243e-02 0.000000000000000000e+00
1.150000000000000000e+04 4.600018959307630162e-01 4.635867091488393155e-01 3.617432862994993115e-01 1.616977696859353553e-01 1.297223486572599005e-02 0.000000000000000000e+00
1.175000000000000000e+04 4.700019371466490625e-01 4.475421028675466428e-01 3.850705507510241432e-01 1.536185707783341015e-01 1.376877560309512985e-02 0.000000000000000000e+00
1.200000000000000000e+04 4.800019783625351089e-01 4.450386891215293850e-01 3.914428766499772339e-01 1.489531178880291185e-01 1.456531634046426965e-02 0.000000000000000000e+00
1.225000000000000000e+04 4.900020195784213772e-01 4.425352753755120716e-01 3.911015020482476179e-01 1.515703231679562946e-01 1.479289940828402289e-02 0.000000000000000000e+00
1.250000000000000000e+04 5.000020607943076456e-01 4.577833409194355663e-01 3.801775147928994070e-01 1.483841602184797492e-01 1.365498406918525323e-02 0.000000000000000000e+00
1.275000000000000000e+04 5.100021020101936919e-01 4.609695038689121671e-01 3.756258534365043422e-01 1.461083295402822169e-01 1.729631315430131891e-02 0.000000000000000000e+00
1.300000000000000000e+04 5.200021432260797383e-01 4.514110150204824756e-01 3.733500227583067543e-01 1.618115612198452458e-01 1.342740100136549826e-02 0.000000000000000000e+00
1.325000000000000000e+04 5.300021844419660066e-01 4.593764223941738667e-01 3.650432407828857473e-01 1.593081474738279601e-01 1.627218934911242587e-02 0.000000000000000000e+00
1.350000000000000000e+04 5.400022256578522750e-01 4.708693673190714746e-01 3.445607646791079004e-01 1.660218479745106945e-01 1.854802002730996865e-02 0.000000000000000000e+00
1.375000000000000000e+04 5.500022668737383214e-01 4.698452435138825711e-01 3.445607646791079004e-01 1.701183431952662806e-01 1.547564861174328607e-02 0.000000000000000000e+00
1.400000000000000000e+04 5.600023080896243677e-01 4.674556213017751483e-01 3.509330905780609910e-01 1.638598088302230249e-01 1.775147928994082885e-02 0.000000000000000000e+00
1.425000000000000000e+04 5.700023493055106361e-01 4.493627674101046687e-01 3.852981338188438687e-01 1.470186618115612298e-01 1.832043695949021542e-02 0.000000000000000000e+00
1.450000000000000000e+04 5.800023905213969044e-01 4.340009103322712836e-01 4.032771961766044577e-01 1.506599908966772816e-01 1.206190259444697363e-02 0.000000000000000000e+00
1.475000000000000000e+04 5.900024317372829508e-01 4.242148384160218666e-01 4.053254437869822646e-01 1.582840236686390567e-01 1.217569412835685025e-02 0.000000000000000000e+00
1.500000000000000000e+04 6.000024729531687750e-01 4.127218934911242587e-01 4.123805188893946427e-01 1.601046882111970826e-01 1.479289940828402289e-02 0.000000000000000000e+00
1.525000000000000000e+04 6.100025141690552655e-01 4.082840236686390289e-01 4.157942649066909691e-01 1.576012744651797970e-01 1.832043695949021542e-02 0.000000000000000000e+00
1.550000000000000000e+04 6.200025553849415338e-01 4.002048247610378029e-01 4.144287664997723941e-01 1.676149294492489672e-01 1.775147928994082885e-02 0.000000000000000000e+00
1.575000000000000000e+04 6.300025966008273581e-01 3.925807919890760278e-01 4.326354119253527641e-01 1.636322257624032717e-01 1.115157032316795548e-02 0.000000000000000000e+00
1.600000000000000000e+04 6.400026378167134045e-01 3.714155666818388934e-01 4.534592626308602825e-01 1.605598543468365891e-01 1.456531634046426965e-02 0.000000000000000000e+00
1.625000000000000000e+04 6.500026790325996728e-01 3.675466545289030607e-01 4.632453345471096995e-01 1.586253982703686727e-01 1.058261265361857065e-02 0.000000000000000000e+00
1.650000000000000000e+04 6.600027202484861633e-01 3.645880746472462408e-01 4.704142011834319681e-01 1.558944014565316338e-01 9.103322712790167665e-03 0.000000000000000000e+00
1.675000000000000000e+04 6.700027614643719875e-01 3.694811106053709771e-01 4.544833864360491305e-01 1.613563950842057393e-01 1.467910787437414627e-02 0.000000000000000000e+00
1.700000000000000000e+04 6.800028026802580339e-01 3.720983158852981254e-01 4.607419208010923861e-01 1.563495675921711403e-01 1.081019572143832562e-02 0.000000000000000000e+00
1.725000000000000000e+04 6.900028438961443022e-01 3.612881201638598050e-01 4.663177059626763543e-01 1.577150659990896597e-01 1.467910787437414627e-02 0.000000000000000000e+00
1.750000000000000000e+04 7.000028851120305706e-01 3.480883022303140617e-01 4.720072826581702130e-01 1.639736003641329154e-01 1.593081474738279601e-02 0.000000000000000000e+00
1.775000000000000000e+04 7.100029263279166170e-01 3.352298588984979344e-01 4.764451524806554428e-01 1.752389622212107423e-01 1.308602639963586667e-02 0.000000000000000000e+00
1.800000000000000000e+04 7.200029675438026633e-01 3.335229858898497990e-01 4.722348657259899940e-01 1.808147473827947105e-01 1.342740100136549826e-02 0.000000000000000000e+00
1.825000000000000000e+04 7.300030087596889317e-01 3.356850250341374409e-01 4.665452890304961353e-01 1.882111970869367323e-01 9.558488848429677609e-03 0.000000000000000000e+00
1.850000000000000000e+04 7.400030499755752000e-01 3.256713700500682984e-01 4.689349112426035582e-01 1.974283113336367801e-01 7.965407373691398007e-03 0.000000000000000000e+00
1.875000000000000000e+04 7.500030911914612464e-01 3.229403732362312041e-01 4.771279016841146747e-01 1.941283568502503443e-01 5.803368229403732710e-03 0.000000000000000000e+00
1.900000000000000000e+04 7.600031324073472927e-01 3.254437869822485174e-01 4.741693218024579104e-01 1.920801092398725651e-01 8.306781975421027864e-03 0.000000000000000000e+00
1.925000000000000000e+04 7.700031736232335611e-01 3.257851615839781334e-01 5.150204824761037692e-01 1.488393263541192557e-01 1.035502958579881741e-02 0.000000000000000000e+00
1.950000000000000000e+04 7.800032148391198294e-01 3.121301775147928836e-01 6.085571233500227661e-01 7.203004096495220498e-02 7.282658170232134826e-03 0.000000000000000000e+00
1.975000000000000000e+04 7.900032560550058758e-01 3.088302230314064478e-01 6.273327264451524776e-01 5.609922621756941591e-02 7.737824305871643035e-03 0.000000000000000000e+00
2.000000000000000000e+04 8.000032972708919221e-01 3.031406463359125891e-01 6.358670914883932657e-01 5.336822940373236318e-02 7.624032771961766417e-03 0.000000000000000000e+00
2.025000000000000000e+04 8.100033384867781905e-01 2.988165680473373054e-01 6.301775147928994070e-01 6.451979972690032039e-02 6.486117432862995025e-03 0.000000000000000000e+00
2.050000000000000000e+04 8.200033797026644589e-01 2.909649522075557493e-01 6.317705962676376519e-01 7.032316795630405570e-02 6.941283568502503235e-03 0.000000000000000000e+00
2.075000000000000000e+04 8.300034209185505052e-01 2.903959945380063523e-01 6.321119708693673234e-01 7.089212562585343880e-02 6.599908966772872511e-03 0.000000000000000000e+00
2.100000000000000000e+04 8.400034621344365515e-01 2.971096950386891145e-01 6.162949476558944317e-01 7.897132453345470648e-02 7.624032771961766417e-03 0.000000000000000000e+00
2.125000000000000000e+04 8.500035033503228199e-01 2.996131087847064278e-01 5.778334091943558848e-01 1.157259899863450209e-01 6.827492034592626616e-03 0.000000000000000000e+00
2.150000000000000000e+04 8.600035445662090883e-01 3.053026854802002865e-01 5.373236231224396420e-01 1.511151570323167881e-01 6.258534365043240920e-03 0.000000000000000000e+00
2.175000000000000000e+04 8.700035857820951346e-01 3.111060537096039802e-01 5.037551206190259423e-01 1.780837505689576716e-01 7.055075102412380721e-03 0.000000000000000000e+00
2.200000000000000000e+04 8.800036269979811809e-01 3.147473827947200875e-01 4.693900773782430647e-01 2.078971324533454845e-01 7.965407373691398007e-03 0.000000000000000000e+00
2.225000000000000000e+04 8.900036682138674493e-01 3.167956304050978389e-01 4.457214383249886169e-01 2.306554392353208915e-01 6.827492034592626616e-03 0.000000000000000000e+00
2.250000000000000000e+04 9.000037094297537177e-01 3.245334547109695045e-01 4.382111970869367323e-01 2.316795630405097950e-01 5.575785161583977738e-03 0.000000000000000000e+00
2.275000000000000000e+04 9.100037506456397640e-01 3.228265817023213691e-01 4.431042330450614686e-01 2.291761492944924816e-01 4.893035958124715423e-03 0.000000000000000000e+00
2.300000000000000000e+04 9.200037918615255883e-01 3.265817023213473114e-01 4.396904870277651423e-01 2.289485662266727284e-01 4.779244424214838804e-03 0.000000000000000000e+00
2.325000000000000000e+04 9.300038330774120787e-01 3.265817023213473114e-01 4.305871643149749572e-01 2.349795175238962308e-01 7.851615839781519654e-03 0.000000000000000000e+00
2.350000000000000000e+04 9.400038742932983471e-01 3.310195721438324856e-01 4.299044151115157253e-01 2.290623577605826189e-01 1.001365498406918582e-02 0.000000000000000000e+00
2.375000000000000000e+04 9.500039155091841714e-01 3.307919890760127601e-01 4.411697769685935522e-01 2.208693673190714746e-01 7.168866636322257339e-03 0.000000000000000000e+00
2.400000000000000000e+04 9.600039567250702177e-01 3.511606736458807720e-01 4.206873008648156498e-01 2.191624943104233114e-01 8.989531178880291046e-03 0.000000000000000000e+00
2.425000000000000000e+04 9.700039979409564861e-01 3.480883022303140617e-01 4.300182066454255603e-01 2.168866636322257513e-01 5.006827492034592909e-03 0.000000000000000000e+00
2.450000000000000000e+04 9.800040391568429765e-01 3.661811561219845412e-01 4.305871643149749572e-01 1.898042785616750050e-01 1.342740100136549826e-02 0.000000000000000000e+00
2.475000000000000000e+04 9.900040803727288008e-01 3.783568502503413811e-01 4.155666818388711881e-01 1.890077378243058825e-01 1.706873008648156567e-02 0.000000000000000000e+00
2.500000000000000000e+04 1.000004121588614847e+00 3.626536185707783244e-01 4.274010013654984119e-01 2.002730996813837094e-01 9.672280382339554228e-03 0.000000000000000000e+00
