# itime ezz other fcc hcp bcc ico
0.000000000000000000e+00 0.000000000000000000e+00 0.000000000000000000e+00 1.000000000000000000e+00 0.000000000000000000e+00 0.000000000000000000e+00 0.000000000000000000e+00
5.000000000000000000e+01 2.000064135763368611e-03 0.000000000000000000e+00 1.000000000000000000e+00 0.000000000000000000e+00 0.000000000000000000e+00 0.000000000000000000e+00
1.000000000000000000e+02 4.000128271526959267e-03 0.000000000000000000e+00 1.000000000000000000e+00 0.000000000000000000e+00 0.000000000000000000e+00 0.000000000000000000e+00
1.500000000000000000e+02 6.000192407290327878e-03 0.000000000000000000e+00 1.000000000000000000e+00 0.000000000000000000e+00 0.000000000000000000e+00 0.000000000000000000e+00
2.000000000000000000e+02 8.000256543053918534e-03 0.000000000000000000e+00 1.000000000000000000e+00 0.000000000000000000e+00 0.000000000000000000e+00 0.000000000000000000e+00
2.500000000000000000e+02 1.000032067881728715e-02 0.000000000000000000e+00 1.000000000000000000e+00 0.000000000000000000e+00 0.000000000000000000e+00 0.000000000000000000e+00
3.000000000000000000e+02 1.200038481458065576e-02 0.000000000000000000e+00 1.000000000000000000e+00 0.000000000000000000e+00 0.000000000000000000e+00 0.000000000000000000e+00
3.500000000000000000e+02 1.400044895034424641e-02 0.000000000000000000e+00 1.000000000000000000e+00 0.000000000000000000e+00 0.000000000000000000e+00 0.000000000000000000e+00
4.000000000000000000e+02 1.600051308610761502e-02 0.000000000000000000e+00 1.000000000000000000e+00 0.000000000000000000e+00 0.000000000000000000e+00 0.000000000000000000e+00
4.500000000000000000e+02 1.800057722187120568e-02 0.000000000000000000e+00 1.000000000000000000e+00 0.000000000000000000e+00 0.000000000000000000e+00 0.000000000000000000e+00
5.000000000000000000e+02 2.000064135763457429e-02 0.000000000000000000e+00 1.000000000000000000e+00 0.000000000000000000e+00 0.000000000000000000e+00 0.000000000000000000e+00
5.500000000000000000e+02 2.200070549339794290e-02 0.000000000000000000e+00 1.000000000000000000e+00 0.000000000000000000e+00 0.000000000000000000e+00 0.000000000000000000e+00
6.000000000000000000e+02 2.400076962916153356e-02 0.000000000000000000e+00 1.000000000000000000e+00 0.000000000000000000e+00 0.000000000000000000e+00 0.000000000000000000e+00
6.500000000000000000e+02 2.600083376492490217e-02 0.000000000000000000e+00 1.000000000000000000e+00 0.000000000000000000e+00 0.000000000000000000e+00 0.000000000000000000e+00
7.000000000000000000e+02 2.800089790068849283e-02 0.000000000000000000e+00 1.000000000000000000e+00 0.000000000000000000e+00 0.000000000000000000e+00 0.000000000000000000e+00
7.500000000000000000e+02 3.000096203645186144e-02 0.000000000000000000e+00 1.000000000000000000e+00 0.000000000000000000e+00 0.000000000000000000e+00 0.000000000000000000e+00
8.000000000000000000e+02 3.200102617221523005e-02 0.000000000000000000e+00 1.000000000000000000e+00 0.000000000000000000e+00 0.000000000000000000e+00 0.000000000000000000e+00
8.500000000000000000e+02 3.400109030797882070e-02 0.000000000000000000e+00 1.000000000000000000e+00 0.000000000000000000e+00 0.000000000000000000e+00 0.000000000000000000e+00
9.000000000000000000e+02 3.600115444374218932e-02 0.000000000000000000e+00 1.000000000000000000e+00 0.000000000000000000e+00 0.000000000000000000e+00 0.000000000000000000e+00
9.500000000000000000e+02 3.800121857950555793e-02 0.000000000000000000e+00 1.000000000000000000e+00 0.000000000000000000e+00 0.000000000000000000e+00 0.000000000000000000e+00
1.000000000000000000e+03 4.000128271526914858e-02 0.000000000000000000e+00 1.000000000000000000e+00 0.000000000000000000e+00 0.000000000000000000e+00 0.000000000000000000e+00
1.050000000000000000e+03 4.200134685103251719e-02 0.000000000000000000e+00 1.000000000000000000e+00 0.000000000000000000e+00 0.000000000000000000e+00 0.000000000000000000e+00
1.100000000000000000e+03 4.400141098679610785e-02 0.000000000000000000e+00 1.000000000000000000e+00 0.000000000000000000e+00 0.000000000000000000e+00 0.000000000000000000e+00
1.150000000000000000e+03 4.600147512255947646e-02 0.000000000000000000e+00 1.000000000000000000e+00 0.000000000000000000e+00 0.000000000000000000e+00 0.000000000000000000e+00
1.200000000000000000e+03 4.800153925832284507e-02 0.000000000000000000e+00 1.000000000000000000e+00 0.000000000000000000e+00 0.000000000000000000e+00 0.000000000000000000e+00
1.250000000000000000e+03 5.000160339408643573e-02 0.000000000000000000e+00 1.000000000000000000e+00 0.000000000000000000e+00 0.000000000000000000e+00 0.000000000000000000e+00
1.300000000000000000e+03 5.200166752984980434e-02 0.000000000000000000e+00 1.000000000000000000e+00 0.000000000000000000e+00 0.000000000000000000e+00 0.000000000000000000e+00
1.350000000000000000e+03 5.400173166561339499e-02 0.000000000000000000e+00 1.000000000000000000e+00 0.000000000000000000e+00 0.000000000000000000e+00 0.000000000000000000e+00
1.400000000000000000e+03 5.600179580137676361e-02 0.000000000000000000e+00 1.000000000000000000e+00 0.000000000000000000e+00 0.000000000000000000e+00 0.000000000000000000e+00
1.450000000000000000e+03 5.800185993714013222e-02 0.000000000000000000e+00 1.000000000000000000e+00 0.000000000000000000e+00 0.000000000000000000e+00 0.000000000000000000e+00
1.500000000000000000e+03 6.000192407290372287e-02 0.000000000000000000e+00 1.000000000000000000e+00 0.000000000000000000e+00 0.000000000000000000e+00 0.000000000000000000e+00
1.550000000000000000e+03 6.200198820866709148e-02 1.137915339098771066e-04 9.998862084660901095e-01 0.000000000000000000e+00 0.000000000000000000e+00 0.000000000000000000e+00
1.600000000000000000e+03 6.400205234443068214e-02 0.000000000000000000e+00 1.000000000000000000e+00 0.000000000000000000e+00 0.000000000000000000e+00 0.000000000000000000e+00
1.650000000000000000e+03 6.600211648019405075e-02 0.000000000000000000e+00 1.000000000000000000e+00 0.000000000000000000e+00 0.000000000000000000e+00 0.000000000000000000e+00
1.700000000000000000e+03 6.800218061595741936e-02 0.000000000000000000e+00 1.000000000000000000e+00 0.000000000000000000e+00 0.000000000000000000e+00 0.000000000000000000e+00
1.750000000000000000e+03 7.000224475172101002e-02 4.551661356395084266e-04 9.995448338643604380e-01 0.000000000000000000e+00 0.000000000000000000e+00 0.000000000000000000e+00
1.800000000000000000e+03 7.200230888748437863e-02 0.000000000000000000e+00 1.000000000000000000e+00 0.000000000000000000e+00 0.000000000000000000e+00 0.000000000000000000e+00
1.850000000000000000e+03 7.400237302324796929e-02 0.000000000000000000e+00 1.000000000000000000e+00 0.000000000000000000e+00 0.000000000000000000e+00 0.000000000000000000e+00
1.900000000000000000e+03 7.600243715901133790e-02 1.137915339098771066e-04 9.998862084660901095e-01 0.000000000000000000e+00 0.000000000000000000e+00 0.000000000000000000e+00
1.950000000000000000e+03 7.800250129477470651e-02 2.275830678197542133e-04 9.997724169321802190e-01 0.000000000000000000e+00 0.000000000000000000e+00 0.000000000000000000e+00
2.000000000000000000e+03 8.000256543053829716e-02 3.413746017296313199e-04 9.996586253982703285e-01 0.000000000000000000e+00 0.000000000000000000e+00 0.000000000000000000e+00
2.050000000000000000e+03 8.200262956630166578e-02 3.413746017296313199e-04 9.996586253982703285e-01 0.000000000000000000e+00 0.000000000000000000e+00 0.000000000000000000e+00
2.100000000000000000e+03 8.400269370206525643e-02 1.137915339098771066e-04 9.998862084660901095e-01 0.000000000000000000e+00 0.000000000000000000e+00 0.000000000000000000e+00
2.150000000000000000e+03 8.600275783782862504e-02 1.024123805188893906e-03 9.988620846609012061e-01 0.000000000000000000e+00 1.137915339098771066e-04 0.000000000000000000e+00
2.200000000000000000e+03 8.800282197359199365e-02 1.820664542558033706e-03 9.981793354574419741e-01 0.000000000000000000e+00 0.000000000000000000e+00 0.000000000000000000e+00
2.250000000000000000e+03 9.000288610935558431e-02 1.934456076467910759e-03 9.979517523896221931e-01 0.000000000000000000e+00 1.137915339098771066e-04 0.000000000000000000e+00
2.300000000000000000e+03 9.200295024511895292e-02 9.103322712790168532e-04 9.990896677287209870e-01 0.000000000000000000e+00 0.000000000000000000e+00 0.000000000000000000e+00
2.350000000000000000e+03 9.400301438088232153e-02 1.024123805188893906e-03 9.989758761948110966e-01 0.000000000000000000e+00 0.000000000000000000e+00 0.000000000000000000e+00
2.400000000000000000e+03 9.600307851664591219e-02 2.275830678197541916e-03 9.977241693218024121e-01 0.000000000000000000e+00 0.000000000000000000e+00 0.000000000000000000e+00
2.450000000000000000e+03 9.800314265240928080e-02 2.162039144287664864e-03 9.976103777878926326e-01 0.000000000000000000e+00 2.275830678197542133e-04 0.000000000000000000e+00
2.500000000000000000e+03 1.000032067881728715e-01 1.137915339098770958e-03 9.988620846609012061e-01 0.000000000000000000e+00 0.000000000000000000e+00 0.000000000000000000e+00
2.550000000000000000e+03 1.020032709239362401e-01 2.275830678197541916e-03 9.977241693218024121e-01 0.000000000000000000e+00 0.000000000000000000e+00 0.000000000000000000e+00
2.600000000000000000e+03 1.040033350596996087e-01 3.186162949476558769e-03 9.968138370505233992e-01 0.000000000000000000e+00 0.000000000000000000e+00 0.000000000000000000e+00
2.650000000000000000e+03 1.060033991954631993e-01 5.575785161583977738e-03 9.940828402366863603e-01 0.000000000000000000e+00 3.413746017296313199e-04 0.000000000000000000e+00
2.700000000000000000e+03 1.080034633312265679e-01 7.168866636322257339e-03 9.926035502958580059e-01 0.000000000000000000e+00 2.275830678197542133e-04 0.000000000000000000e+00
2.750000000000000000e+03 1.100035274669901586e-01 7.624032771961766417e-03 9.921483841602184439e-01 0.000000000000000000e+00 2.275830678197542133e-04 0.000000000000000000e+00
2.800000000000000000e+03 1.120035916027535272e-01 8.534365043240782836e-03 9.911242603550295405e-01 0.000000000000000000e+00 3.413746017296313199e-04 0.000000000000000000e+00
2.850000000000000000e+03 1.140036557385168958e-01 1.206190259444697363e-02 9.871415566681839282e-01 0.000000000000000000e+00 7.965407373691396923e-04 0.000000000000000000e+00
2.900000000000000000e+03 1.160037198742804865e-01 2.116522530723714129e-02 9.772416932180245652e-01 0.000000000000000000e+00 1.593081474738279385e-03 0.000000000000000000e+00
2.950000000000000000e+03 1.180037840100438551e-01 2.924442421483841592e-02 9.647246244879380539e-01 0.000000000000000000e+00 6.030951297223486815e-03 0.000000000000000000e+00
3.000000000000000000e+03 1.200038481458074457e-01 7.066454255803368556e-02 9.023668639053253893e-01 0.000000000000000000e+00 2.696859353664087314e-02 0.000000000000000000e+00
3.050000000000000000e+03 1.220039122815708144e-01 1.483841602184797492e-01 6.904870277651342647e-01 0.000000000000000000e+00 1.611288120163859861e-01 0.000000000000000000e+00
3.100000000000000000e+03 1.240039764173341830e-01 3.180473372781065233e-01 2.735548475193445572e-01 2.275830678197542133e-04 4.081702321347291940e-01 0.000000000000000000e+00
3.150000000000000000e+03 1.260040405530977736e-01 3.799499317250796815e-01 1.016158397815202508e-01 4.551661356395084266e-04 5.179790623577605890e-01 0.000000000000000000e+00
3.200000000000000000e+03 1.280041046888611422e-01 3.433090578060992160e-01 1.277878925807919841e-01 3.413746017296313199e-04 5.285616750113791840e-01 0.000000000000000000e+00
3.250000000000000000e+03 1.300041688246247329e-01 3.728948566226672479e-01 1.400773782430587144e-01 1.251706873008648227e-03 4.857760582612653533e-01 0.000000000000000000e+00
3.300000000000000000e+03 1.320042329603881015e-01 3.848429676832043622e-01 1.145880746472462408e-01 1.069640418752844727e-02 4.898725534820209115e-01 0.000000000000000000e+00
3.350000000000000000e+03 1.340042970961514701e-01 3.660673645880746507e-01 1.170914883932635403e-01 2.355484751934456070e-02 4.932862994993172379e-01 0.000000000000000000e+00
3.400000000000000000e+03 1.360043612319150608e-01 3.906463359126081114e-01 1.180018206645425533e-01 5.427856167501137613e-02 4.370732817478379384e-01 0.000000000000000000e+00
3.450000000000000000e+03 1.380044253676784294e-01 3.863222576240327721e-01 1.477014110150204895e-01 1.117432862994993115e-01 3.542330450614474269e-01 0.000000000000000000e+00
3.500000000000000000e+03 1.400044895034420200e-01 3.974738279472007085e-01 1.911697769685935244e-01 1.742148384160218388e-01 2.371415566681839004e-01 0.000000000000000000e+00
3.550000000000000000e+03 1.420045536392053886e-01 4.081702321347291940e-01 2.196176604460628179e-01 2.130177514792899462e-01 1.591943559399180697e-01 0.000000000000000000e+00
3.600000000000000000e+03 1.440046177749687573e-01 4.068047337278106745e-01 2.434000910332271284e-01 2.418070095584888557e-01 1.079881656804733692e-01 0.000000000000000000e+00
3.650000000000000000e+03 1.460046819107323479e-01 3.948566226672735602e-01 2.403277196176604458e-01 2.554619936276740777e-01 1.093536640873919025e-01 0.000000000000000000e+00
3.700000000000000000e+03 1.480047460464957165e-01 3.934911242603550408e-01 2.350933090578060936e-01 2.447655894401456478e-01 1.266499772416932179e-01 0.000000000000000000e+00
3.750000000000000000e+03 1.500048101822593072e-01 3.798361401911697910e-01 2.353208921256258468e-01 2.500000000000000000e-01 1.348429676832043622e-01 0.000000000000000000e+00
3.800000000000000000e+03 1.520048743180226758e-01 3.941738734638142727e-01 2.303140646335912478e-01 2.606964041875284299e-01 1.148156577150659940e-01 0.000000000000000000e+00
3.850000000000000000e+03 1.540049384537860444e-01 4.010013654984069253e-01 2.349795175238962308e-01 2.745789713245334607e-01 8.944014565316341092e-02 0.000000000000000000e+00
3.900000000000000000e+03 1.560050025895496351e-01 4.028220300409649512e-01 2.383932635411925294e-01 2.802685480200273194e-01 7.851615839781520001e-02 0.000000000000000000e+00
3.950000000000000000e+03 1.580050667253130037e-01 4.099908966772872199e-01 2.455621301775147980e-01 2.811788802913063323e-01 6.326809285389166371e-02 0.000000000000000000e+00
4.000000000000000000e+03 1.600051308610763723e-01 4.040737369139735802e-01 2.465862539827036737e-01 2.819754210286754548e-01 6.736458807464724974e-02 0.000000000000000000e+00
4.050000000000000000e+03 1.620051949968399629e-01 4.182976786527082269e-01 2.543240782885753393e-01 2.613791533909877174e-01 6.599908966772871644e-02 0.000000000000000000e+00
4.100000000000000000e+03 1.640052591326033316e-01 4.095357305416477134e-01 2.672963131543013016e-01 2.537551206190259423e-01 6.941283568502502888e-02 0.000000000000000000e+00
4.150000000000000000e+03 1.660053232683669222e-01 4.132908511606736557e-01 2.766272189349112676e-01 2.382794720072826666e-01 7.180245789713245175e-02 0.000000000000000000e+00
4.200000000000000000e+03 1.680053874041302908e-01 4.110150204824761233e-01 2.841374601729631522e-01 2.454483386436049075e-01 5.939918070095585173e-02 0.000000000000000000e+00
4.250000000000000000e+03 1.700054515398936594e-01 4.165908056440600915e-01 2.832271279016841392e-01 2.486345015930814806e-01 5.154756486117433034e-02 0.000000000000000000e+00
4.300000000000000000e+03 1.720055156756572501e-01 4.260355029585798925e-01 2.725307237141556538e-01 2.487482931269913433e-01 5.268548020027309653e-02 0.000000000000000000e+00
4.350000000000000000e+03 1.740055798114206187e-01 4.239872553482020856e-01 2.793582157487483064e-01 2.489758761948110966e-01 4.767865270823850449e-02 0.000000000000000000e+00
4.400000000000000000e+03 1.760056439471842094e-01 4.124943104233045332e-01 2.878925807919890945e-01 2.512517068730086289e-01 4.836140191169777114e-02 0.000000000000000000e+00
4.450000000000000000e+03 1.780057080829475780e-01 4.118115612198452458e-01 2.913063268092853653e-01 2.527309968138370389e-01 4.415111515703231543e-02 0.000000000000000000e+00
4.500000000000000000e+03 1.800057722187109466e-01 4.088529813381884259e-01 2.997269003186163183e-01 2.548930359581247362e-01 3.652708238507055422e-02 0.000000000000000000e+00
4.550000000000000000e+03 1.820058363544745372e-01 4.028220300409649512e-01 3.097405553026854608e-01 2.510241238051889034e-01 3.641329085116067066e-02 0.000000000000000000e+00
4.600000000000000000e+03 1.840059004902379058e-01 4.027082385070550608e-01 3.202093764223941652e-01 2.459035047792444140e-01 3.117888029130632538e-02 0.000000000000000000e+00
4.650000000000000000e+03 1.860059646260014965e-01 3.996358670914884059e-01 3.236231224396904915e-01 2.428311333636777314e-01 3.390987710514337811e-02 0.000000000000000000e+00
4.700000000000000000e+03 1.880060287617648651e-01 4.072598998634501810e-01 3.211197086936731782e-01 2.418070095584888557e-01 2.981338188438780248e-02 0.000000000000000000e+00
4.750000000000000000e+03 1.900060928975282337e-01 3.980427856167501055e-01 3.276058261265361593e-01 2.454483386436049075e-01 2.890304961310878606e-02 0.000000000000000000e+00
4.800000000000000000e+03 1.920061570332918244e-01 4.037323623122439642e-01 3.256713700500682984e-01 2.452207555757851543e-01 2.537551206190259354e-02 0.000000000000000000e+00
4.850000000000000000e+03 1.940062211690551930e-01 4.024806554392353353e-01 3.284023668639053373e-01 2.451069640418752915e-01 2.401001365498407064e-02 0.000000000000000000e+00
4.900000000000000000e+03 1.960062853048187836e-01 4.039599453800637452e-01 3.295402822030040757e-01 2.438552571688666348e-01 2.264451524806554428e-02 0.000000000000000000e+00
4.950000000000000000e+03 1.980063494405821523e-01 4.036185707783340737e-01 3.287437414656349532e-01 2.467000455166135642e-01 2.093764223941738806e-02 0.000000000000000000e+00
5.000000000000000000e+03 2.000064135763455209e-01 4.052116522530723741e-01 3.310195721438324856e-01 2.429449248975876219e-01 2.082385070550751144e-02 0.000000000000000000e+00
5.050000000000000000e+03 2.020064777121091115e-01 4.050978607191624836e-01 3.311333636777423761e-01 2.415794264906691025e-01 2.218934911242603433e-02 0.000000000000000000e+00
5.100000000000000000e+03 2.040065418478724801e-01 4.033909877105143482e-01 3.356850250341374409e-01 2.371415566681839004e-01 2.378243058716431393e-02 0.000000000000000000e+00
5.150000000000000000e+03 2.060066059836360708e-01 4.081702321347291940e-01 3.396677287209831642e-01 2.284934000910332219e-01 2.366863905325443732e-02 0.000000000000000000e+00
5.200000000000000000e+03 2.080066701193994394e-01 4.060081929904414966e-01 3.454710969503869133e-01 2.242831133363677731e-01 2.423759672280382388e-02 0.000000000000000000e+00
5.250000000000000000e+03 2.100067342551628080e-01 4.087391898042785354e-01 3.544606281292672079e-01 2.123350022758306865e-01 2.446517979062357712e-02 0.000000000000000000e+00
5.300000000000000000e+03 2.120067983909263987e-01 4.115839781520254648e-01 3.574192080109239722e-01 2.083522985889849910e-01 2.264451524806554428e-02 0.000000000000000000e+00
5.350000000000000000e+03 2.140068625266897673e-01 4.078288575329995225e-01 3.649294492489758568e-01 2.093764223941738667e-01 1.786527082385070547e-02 0.000000000000000000e+00
5.400000000000000000e+03 2.160069266624531359e-01 4.061219845243513871e-01 3.700500682749203185e-01 2.007282658170232159e-01 2.309968138370505075e-02 0.000000000000000000e+00
5.450000000000000000e+03 2.180069907982167265e-01 4.050978607191624836e-01 3.700500682749203185e-01 2.005006827492034627e-01 2.435138825671370050e-02 0.000000000000000000e+00
5.500000000000000000e+03 2.200070549339800952e-01 4.049840691852525931e-01 3.757396449704141772e-01 1.962903959945380139e-01 2.298588984979517413e-02 0.000000000000000000e+00
5.550000000000000000e+03 2.220071190697436858e-01 4.048702776513427581e-01 3.819981793354574329e-01 1.940145653163404538e-01 1.911697769685935522e-02 0.000000000000000000e+00
5.600000000000000000e+03 2.240071832055070544e-01 4.104460628129267263e-01 3.749431042330450548e-01 1.962903959945380139e-01 1.832043695949021542e-02 0.000000000000000000e+00
5.650000000000000000e+03 2.260072473412704230e-01 4.022530723714155543e-01 3.809740555302685294e-01 1.964041875284478766e-01 2.036868456986800149e-02 0.000000000000000000e+00
5.700000000000000000e+03 2.280073114770340137e-01 4.004324078288575284e-01 3.823395539371870488e-01 1.967455621301775204e-01 2.048247610377787811e-02 0.000000000000000000e+00
5.750000000000000000e+03 2.300073756127973823e-01 3.937187073281747662e-01 3.887118798361401950e-01 1.953800637232590010e-01 2.218934911242603433e-02 0.000000000000000000e+00
5.800000000000000000e+03 2.320074397485609730e-01 3.990669094219390090e-01 3.928083750568957533e-01 1.911697769685935244e-01 1.695493855257168905e-02 0.000000000000000000e+00
5.850000000000000000e+03 2.340075038843243416e-01 3.987255348202093930e-01 3.953117888029130667e-01 1.913973600364132777e-01 1.456531634046426965e-02 0.000000000000000000e+00
5.900000000000000000e+03 2.360075680200877102e-01 3.889394629039599205e-01 4.096495220755576039e-01 1.846836595357305433e-01 1.672735548475193582e-02 0.000000000000000000e+00
5.950000000000000000e+03 2.380076321558513008e-01 3.924670004551661373e-01 4.161356395084205850e-01 1.756941283568502488e-01 1.570323167956303931e-02 0.000000000000000000e+00
6.000000000000000000e+03 2.400076962916146694e-01 3.870050068274920596e-01 4.275147928994083024e-01 1.702321347291761433e-01 1.524806554392353283e-02 0.000000000000000000e+00
6.050000000000000000e+03 2.420077604273782601e-01 3.866636322257623881e-01 4.284251251706873154e-01 1.695493855257168836e-01 1.536185707783340945e-02 0.000000000000000000e+00
6.100000000000000000e+03 2.440078245631416287e-01 3.782430587164314906e-01 4.392353208921256358e-01 1.653390987710514348e-01 1.718252162039144229e-02 0.000000000000000000e+00
6.150000000000000000e+03 2.460078886989049973e-01 3.713017751479290030e-01 4.502730996813836817e-01 1.604460628129267263e-01 1.797906235776058209e-02 0.000000000000000000e+00
6.200000000000000000e+03 2.480079528346685880e-01 3.573054164770141372e-01 4.586936731907146347e-01 1.704597177969958965e-01 1.354119253527537488e-02 0.000000000000000000e+00
6.250000000000000000e+03 2.500080169704319566e-01 3.525261720527992915e-01 4.673418297678652578e-01 1.686390532544378706e-01 1.149294492489758707e-02 0.000000000000000000e+00
6.300000000000000000e+03 2.520080811061955472e-01 3.534365043240783044e-01 4.716659080564405970e-01 1.630632680928539024e-01 1.183431952662721866e-02 0.000000000000000000e+00
6.350000000000000000e+03 2.540081452419589159e-01 3.510468821119708815e-01 4.856622667273554628e-01 1.500910332271279124e-01 1.319981793354574502e-02 0.000000000000000000e+00
6.400000000000000000e+03 2.560082093777222845e-01 3.396677287209831642e-01 4.968138370505234547e-01 1.516841147018661851e-01 1.183431952662721866e-02 0.000000000000000000e+00
6.450000000000000000e+03 2.580082735134858751e-01 3.343195266272189214e-01 5.059171597633136397e-01 1.480427856167501055e-01 1.172052799271734204e-02 0.000000000000000000e+00
6.500000000000000000e+03 2.600083376492492437e-01 3.265817023213473114e-01 5.182066454255803700e-01 1.440600819299044100e-01 1.115157032316795548e-02 0.000000000000000000e+00
6.550000000000000000e+03 2.620084017850128344e-01 3.220300409649521911e-01 5.221893491124259823e-01 1.464497041420118328e-01 9.330905780609922637e-03 0.000000000000000000e+00
6.600000000000000000e+03 2.640084659207762030e-01 3.221438324988620816e-01 5.233272644515247762e-01 1.447428311333636697e-01 9.786071916249430847e-03 0.000000000000000000e+00
6.650000000000000000e+03 2.660085300565395716e-01 3.144060081929904160e-01 5.314064633591261133e-01 1.453117888029130667e-01 8.875739644970414427e-03 0.000000000000000000e+00
6.700000000000000000e+03 2.680085941923031623e-01 3.090578060992262288e-01 5.355029585798816161e-01 1.483841602184797492e-01 7.055075102412380721e-03 0.000000000000000000e+00
6.750000000000000000e+03 2.700086583280665309e-01 3.099681383705052418e-01 5.345926263086026031e-01 1.471324533454710926e-01 8.306781975421027864e-03 0.000000000000000000e+00
6.800000000000000000e+03 2.720087224638298995e-01 3.091715976331361193e-01 5.335685025034136997e-01 1.505461993627674189e-01 6.713700500682749130e-03 0.000000000000000000e+00
6.850000000000000000e+03 2.740087865995934902e-01 3.104233045061447482e-01 5.318616294947655643e-01 1.491807009558488717e-01 8.534365043240782836e-03 0.000000000000000000e+00
6.900000000000000000e+03 2.760088507353568588e-01 3.099681383705052418e-01 5.336822940373235902e-01 1.498634501593081592e-01 6.486117432862995025e-03 0.000000000000000000e+00
6.950000000000000000e+03 2.780089148711204494e-01 3.073509330905780379e-01 5.377787892580792040e-01 1.470186618115612298e-01 7.851615839781519654e-03 0.000000000000000000e+00
7.000000000000000000e+03 2.800089790068838180e-01 3.081474738279472159e-01 5.350477924442421651e-01 1.479289940828402428e-01 8.875739644970414427e-03 0.000000000000000000e+00
7.050000000000000000e+03 2.820090431426471866e-01 3.056440600819299025e-01 5.364132908511606290e-01 1.491807009558488717e-01 8.761948111060537808e-03 0.000000000000000000e+00
7.100000000000000000e+03 2.840091072784107773e-01 3.048475193445607800e-01 5.388029130632681074e-01 1.472462448793809831e-01 9.103322712790167665e-03 0.000000000000000000e+00
7.150000000000000000e+03 2.860091714141741459e-01 3.092853891670459543e-01 5.365270823850705195e-01 1.444014565316340537e-01 9.786071916249430847e-03 0.000000000000000000e+00
7.200000000000000000e+03 2.880092355499377366e-01 3.078060992262175444e-01 5.365270823850705195e-01 1.477014110150204895e-01 7.965407373691398007e-03 0.000000000000000000e+00
7.250000000000000000e+03 2.900092996857011052e-01 3.107646791078743642e-01 5.362994993172508496e-01 1.436049157942649035e-01 9.330905780609922637e-03 0.000000000000000000e+00
7.300000000000000000e+03 2.920093638214644738e-01 3.021165225307237412e-01 5.409649522075558048e-01 1.471324533454710926e-01 9.786071916249430847e-03 0.000000000000000000e+00
7.350000000000000000e+03 2.940094279572280644e-01 3.113336367774237612e-01 5.357305416477013971e-01 1.426945835229858905e-01 1.024123805188893906e-02 0.000000000000000000e+00
7.400000000000000000e+03 2.960094920929914331e-01 3.103095129722348577e-01 5.350477924442421651e-01 1.438324988620846567e-01 1.081019572143832562e-02 0.000000000000000000e+00
7.450000000000000000e+03 2.980095562287550237e-01 3.070095584888484219e-01 5.339098771051433712e-01 1.499772416932180219e-01 9.103322712790167665e-03 0.000000000000000000e+00
7.500000000000000000e+03 3.000096203645183923e-01 3.105370960400546387e-01 5.327719617660445772e-01 1.491807009558488717e-01 7.510241238051888930e-03 0.000000000000000000e+00
7.550000000000000000e+03 3.020096845002817609e-01 3.083750568957669413e-01 5.351615839781520556e-01 1.486117432862995025e-01 7.851615839781519654e-03 0.000000000000000000e+00
7.600000000000000000e+03 3.040097486360453516e-01 2.983614019116977434e-01 5.418752844788348177e-01 1.491807009558488717e-01 1.058261265361857065e-02 0.000000000000000000e+00
7.650000000000000000e+03 3.060098127718087202e-01 2.989303595812471404e-01 5.450614474283113076e-01 1.463359126081019701e-01 9.672280382339554228e-03 0.000000000000000000e+00
7.700000000000000000e+03 3.080098769075723109e-01 2.950614474283113076e-01 5.475648611743286764e-01 1.467910787437414766e-01 1.058261265361857065e-02 0.000000000000000000e+00
7.750000000000000000e+03 3.100099410433356795e-01 2.933545744196631722e-01 5.497269003186162628e-01 1.473600364132908458e-01 9.558488848429677609e-03 0.000000000000000000e+00
7.800000000000000000e+03 3.120100051790990481e-01 2.935821574874829532e-01 5.533682294037323146e-01 1.445152480655439164e-01 8.534365043240782836e-03 0.000000000000000000e+00
7.850000000000000000e+03 3.140100693148626387e-01 2.944924897587619661e-01 5.487027765134273594e-01 1.479289940828402428e-01 8.875739644970414427e-03 0.000000000000000000e+00
7.900000000000000000e+03 3.160101334506260073e-01 2.941511151570322946e-01 5.440373236231224041e-01 1.505461993627674189e-01 1.126536185707783383e-02 0.000000000000000000e+00
7.950000000000000000e+03 3.180101975863895980e-01 2.931269913518434467e-01 5.430131998179335007e-01 1.524806554392353075e-01 1.137915339098771045e-02 0.000000000000000000e+00
8.000000000000000000e+03 3.200102617221529666e-01 2.932407828857532817e-01 5.411925352753754748e-01 1.530496131087847045e-01 1.251706873008648184e-02 0.000000000000000000e+00
8.050000000000000000e+03 3.220103258579163352e-01 2.918752844788347622e-01 5.401684114701865713e-01 1.532771961766044577e-01 1.467910787437414627e-02 0.000000000000000000e+00
8.100000000000000000e+03 3.240103899936799259e-01 2.844788347746927681e-01 5.459717796995903205e-01 1.561219845243513871e-01 1.342740100136549826e-02 0.000000000000000000e+00
8.150000000000000000e+03 3.260104541294432945e-01 2.795857988165680319e-01 5.566681838871188059e-01 1.539599453800637174e-01 9.786071916249430847e-03 0.000000000000000000e+00
8.200000000000000000e+03 3.280105182652068851e-01 2.800409649522075384e-01 5.587164314974966128e-01 1.515703231679562946e-01 9.672280382339554228e-03 0.000000000000000000e+00
8.250000000000000000e+03 3.300105824009702538e-01 2.704824761037779024e-01 5.710059171597633432e-01 1.510013654984069253e-01 7.510241238051888930e-03 0.000000000000000000e+00
8.300000000000000000e+03 3.320106465367336224e-01 2.671825216203914666e-01 5.787437414656350088e-01 1.486117432862995025e-01 5.461993627674101119e-03 0.000000000000000000e+00
8.350000000000000000e+03 3.340107106724972130e-01 2.674101046882111921e-01 5.790851160673645692e-01 1.453117888029130667e-01 8.192990441511151245e-03 0.000000000000000000e+00
8.400000000000000000e+03 3.360107748082605816e-01 2.584205735093308975e-01 5.859126081019572219e-01 1.497496586253982687e-01 5.917159763313609329e-03 0.000000000000000000e+00
8.450000000000000000e+03 3.380108389440239502e-01 2.614929449248976079e-01 5.853436504324078804e-01 1.473600364132908458e-01 5.803368229403732710e-03 0.000000000000000000e+00
8.500000000000000000e+03 3.400109030797875409e-01 2.487482931269913433e-01 5.941055985434683384e-01 1.520254893035958010e-01 5.120619025944469528e-03 0.000000000000000000e+00
8.550000000000000000e+03 3.420109672155509095e-01 2.431725079654073751e-01 5.961538461538461453e-01 1.565771506599908935e-01 4.096495220755575623e-03 0.000000000000000000e+00
8.600000000000000000e+03 3.440110313513145002e-01 2.439690487027765253e-01 5.913746017296312996e-01 1.590805644060081792e-01 5.575785161583977738e-03 0.000000000000000000e+00
8.650000000000000000e+03 3.460110954870778688e-01 2.434000910332271284e-01 5.856850250341374409e-01 1.642011834319526686e-01 6.713700500682749130e-03 0.000000000000000000e+00
8.700000000000000000e+03 3.480111596228412374e-01 2.430587164314974846e-01 5.823850705507510606e-01 1.689804278561675144e-01 5.575785161583977738e-03 0.000000000000000000e+00
8.750000000000000000e+03 3.500112237586048280e-01 2.446517979062357850e-01 5.765817023213473114e-01 1.723941738734638129e-01 6.372325898953117539e-03 0.000000000000000000e+00
8.800000000000000000e+03 3.520112878943681967e-01 2.438552571688666348e-01 5.730541647701411501e-01 1.764906690942193990e-01 6.599908966772872511e-03 0.000000000000000000e+00
8.850000000000000000e+03 3.540113520301317873e-01 2.460172963131543045e-01 5.645197997269003620e-01 1.822940373236231204e-01 7.168866636322257339e-03 0.000000000000000000e+00
8.900000000000000000e+03 3.560114161658951559e-01 2.500000000000000000e-01 5.568957669549385869e-01 1.860491579426490627e-01 7.055075102412380721e-03 0.000000000000000000e+00
8.950000000000000000e+03 3.580114803016585245e-01 2.513654984069185194e-01 5.541647701411015481e-01 1.870732817478379661e-01 7.396449704142011444e-03 0.000000000000000000e+00
9.000000000000000000e+03 3.600115444374221152e-01 2.553482020937642427e-01 5.457441966317706505e-01 1.896904870277651423e-01 9.217114246700046018e-03 0.000000000000000000e+00
9.050000000000000000e+03 3.620116085731854838e-01 2.487482931269913433e-01 5.504096495220756058e-01 1.931042330450614408e-01 7.737824305871643035e-03 0.000000000000000000e+00
9.100000000000000000e+03 3.640116727089490745e-01 2.517068730086481354e-01 5.471096950386891145e-01 1.937869822485207005e-01 7.396449704142011444e-03 0.000000000000000000e+00
9.150000000000000000e+03 3.660117368447124431e-01 2.456759217114246607e-01 5.501820664542558248e-01 1.934456076467910846e-01 1.069640418752844727e-02 0.000000000000000000e+00
9.200000000000000000e+03 3.680118009804758117e-01 2.495448338643604935e-01 5.491579426490669213e-01 1.911697769685935244e-01 1.012744651797906244e-02 0.000000000000000000e+00
9.250000000000000000e+03 3.700118651162394023e-01 2.438552571688666348e-01 5.518889394629039602e-01 1.920801092398725651e-01 1.217569412835685025e-02 0.000000000000000000e+00
9.300000000000000000e+03 3.720119292520027710e-01 2.460172963131543045e-01 5.506372325898952758e-01 1.939007737824305910e-01 9.444697314519799256e-03 0.000000000000000000e+00
9.350000000000000000e+03 3.740119933877663616e-01 2.531861629494765453e-01 5.446062812926718566e-01 1.925352753755120716e-01 9.672280382339554228e-03 0.000000000000000000e+00
9.400000000000000000e+03 3.760120575235297302e-01 2.494310423304506030e-01 5.507510241238051663e-01 1.892353208921256358e-01 1.058261265361857065e-02 0.000000000000000000e+00
9.450000000000000000e+03 3.780121216592930988e-01 2.477241693218024676e-01 5.595129722348657353e-01 1.832043695949021334e-01 9.558488848429677609e-03 0.000000000000000000e+00
9.500000000000000000e+03 3.800121857950566895e-01 2.462448793809740577e-01 5.596267637687756258e-01 1.833181611288120239e-01 1.081019572143832562e-02 0.000000000000000000e+00
9.550000000000000000e+03 3.820122499308200581e-01 2.496586253982703563e-01 5.597405553026855163e-01 1.821802457897132577e-01 8.420573509330906217e-03 0.000000000000000000e+00
9.600000000000000000e+03 3.840123140665836488e-01 2.552344105598543522e-01 5.574647246244879284e-01 1.768320436959490149e-01 1.046882111970869403e-02 0.000000000000000000e+00
9.650000000000000000e+03 3.860123782023470174e-01 2.535275375512062168e-01 5.560992262175694645e-01 1.776285844333181652e-01 1.274465179790623508e-02 0.000000000000000000e+00
9.700000000000000000e+03 3.880124423381103860e-01 2.455621301775147980e-01 5.631543013199817871e-01 1.801319981793354508e-01 1.115157032316795548e-02 0.000000000000000000e+00
9.750000000000000000e+03 3.900125064738739766e-01 2.424897587619481154e-01 5.696404187528447682e-01 1.768320436959490149e-01 1.103777878925807886e-02 0.000000000000000000e+00
9.800000000000000000e+03 3.920125706096373452e-01 2.495448338643604935e-01 5.613336367774237612e-01 1.784251251706872876e-01 1.069640418752844727e-02 0.000000000000000000e+00
9.850000000000000000e+03 3.940126347454007139e-01 2.459035047792444140e-01 5.662266727355484974e-01 1.785389167045971781e-01 9.330905780609922637e-03 0.000000000000000000e+00
9.900000000000000000e+03 3.960126988811643045e-01 2.514792899408284099e-01 5.606508875739645292e-01 1.764906690942193990e-01 1.137915339098771045e-02 0.000000000000000000e+00
9.950000000000000000e+03 3.980127630169276731e-01 2.654756486117432757e-01 5.491579426490669213e-01 1.726217569412835662e-01 1.274465179790623508e-02 0.000000000000000000e+00
1.000000000000000000e+04 4.000128271526912638e-01 2.708238507055075184e-01 5.419890760127445972e-01 1.725079654073737034e-01 1.467910787437414627e-02 0.000000000000000000e+00
1.005000000000000000e+04 4.020128912884546324e-01 2.668411470186617951e-01 5.459717796995903205e-01 1.770596267637687682e-01 1.012744651797906244e-02 0.000000000000000000e+00
1.010000000000000000e+04 4.040129554242180010e-01 2.634274010013655243e-01 5.491579426490669213e-01 1.776285844333181652e-01 9.786071916249430847e-03 0.000000000000000000e+00
1.015000000000000000e+04 4.060130195599815917e-01 2.686618115612198210e-01 5.413063268092853653e-01 1.789940828402366846e-01 1.103777878925807886e-02 0.000000000000000000e+00
1.020000000000000000e+04 4.080130836957449603e-01 2.733272644515248317e-01 5.317478379608556738e-01 1.803595812471552040e-01 1.456531634046426965e-02 0.000000000000000000e+00
1.025000000000000000e+04 4.100131478315085509e-01 2.729858898497951603e-01 5.304961310878471004e-01 1.821802457897132577e-01 1.433773327264451468e-02 0.000000000000000000e+00
1.030000000000000000e+04 4.120132119672719195e-01 2.704824761037779024e-01 5.270823850705507185e-01 1.893491124260354985e-01 1.308602639963586667e-02 0.000000000000000000e+00
1.035000000000000000e+04 4.140132761030352881e-01 2.765134274010013771e-01 5.296995903504779779e-01 1.835457441966317771e-01 1.024123805188893906e-02 0.000000000000000000e+00
1.040000000000000000e+04 4.160133402387988788e-01 2.725307237141556538e-01 5.391442876649977789e-01 1.783113336367774249e-01 1.001365498406918582e-02 0.000000000000000000e+00
1.045000000000000000e+04 4.180134043745622474e-01 2.719617660446062568e-01 5.438097405553027341e-01 1.726217569412835662e-01 1.160673645880746542e-02 0.000000000000000000e+00
1.050000000000000000e+04 4.200134685103258381e-01 2.649066909421938787e-01 5.520027309968138507e-01 1.731907146108329631e-01 9.899863450159307465e-03 0.000000000000000000e+00
1.055000000000000000e+04 4.220135326460892067e-01 2.624032771961766208e-01 5.593991807009558448e-01 1.706873008648156498e-01 7.510241238051888930e-03 0.000000000000000000e+00
1.060000000000000000e+04 4.240135967818525753e-01 2.554619936276740777e-01 5.689576695493855363e-01 1.685252617205279801e-01 7.055075102412380721e-03 0.000000000000000000e+00
1.065000000000000000e+04 4.260136609176161659e-01 2.537551206190259423e-01 5.736231224396904915e-01 1.665908056440600915e-01 6.030951297223486815e-03 0.000000000000000000e+00
1.070000000000000000e+04 4.280137250533795346e-01 2.492034592626308498e-01 5.794264906690942407e-01 1.639736003641329154e-01 7.396449704142011444e-03 0.000000000000000000e+00
1.075000000000000000e+04 4.300137891891431252e-01 2.519344560764679164e-01 5.777196176604461053e-01 1.632908511606736557e-01 7.055075102412380721e-03 0.000000000000000000e+00
1.080000000000000000e+04 4.320138533249064938e-01 2.511379153390987939e-01 5.758989531178880794e-01 1.651115157032316816e-01 7.851615839781519654e-03 0.000000000000000000e+00
1.085000000000000000e+04 4.340139174606698624e-01 2.529585798816568198e-01 5.824988620846609511e-01 1.576012744651797970e-01 6.941283568502503235e-03 0.000000000000000000e+00
1.090000000000000000e+04 4.360139815964334531e-01 2.484069185252617273e-01 5.863677742375966728e-01 1.565771506599908935e-01 8.648156577150659455e-03 0.000000000000000000e+00
1.095000000000000000e+04 4.380140457321968217e-01 2.457897132453345512e-01 5.896677287209831642e-01 1.571461083295402905e-01 7.396449704142011444e-03 0.000000000000000000e+00
1.100000000000000000e+04 4.400141098679604124e-01 2.479517523896222209e-01 5.876194811106053573e-01 1.579426490669094130e-01 6.486117432862995025e-03 0.000000000000000000e+00
1.105000000000000000e+04 4.420141740037237810e-01 2.513654984069185194e-01 5.836367774237596340e-01 1.569185252617205373e-01 8.079198907601274626e-03 0.000000000000000000e+00
1.110000000000000000e+04 4.440142381394871496e-01 2.509103322712790130e-01 5.883022303140645892e-01 1.506599908966772816e-01 1.012744651797906244e-02 0.000000000000000000e+00
1.115000000000000000e+04 4.460143022752507402e-01 2.581929904415111721e-01 5.834091943559399640e-01 1.486117432862995025e-01 9.786071916249430847e-03 0.000000000000000000e+00
1.120000000000000000e+04 4.480143664110141088e-01 2.571688666363222686e-01 5.842057350933090865e-01 1.465634956759217233e-01 1.206190259444697363e-02 0.000000000000000000e+00
1.125000000000000000e+04 4.500144305467776995e-01 2.528447883477469293e-01 5.843195266272189770e-01 1.515703231679562946e-01 1.126536185707783383e-02 0.000000000000000000e+00
1.130000000000000000e+04 4.520144946825410681e-01 2.572826581702321591e-01 5.843195266272189770e-01 1.496358670914884059e-01 8.761948111060537808e-03 0.000000000000000000e+00
1.135000000000000000e+04 4.540145588183044367e-01 2.597860719162494170e-01 5.894401456531633832e-01 1.442876649977241632e-01 6.486117432862995025e-03 0.000000000000000000e+00
