# itime ezz other fcc hcp bcc ico
0.000000000000000000e+00 0.000000000000000000e+00 0.000000000000000000e+00 1.000000000000000000e+00 0.000000000000000000e+00 0.000000000000000000e+00 0.000000000000000000e+00
5.000000000000000000e+02 1.999981247267967888e-03 0.000000000000000000e+00 1.000000000000000000e+00 0.000000000000000000e+00 0.000000000000000000e+00 0.000000000000000000e+00
1.000000000000000000e+03 3.999962494535935775e-03 0.000000000000000000e+00 1.000000000000000000e+00 0.000000000000000000e+00 0.000000000000000000e+00 0.000000000000000000e+00
1.500000000000000000e+03 5.999943741804125708e-03 0.000000000000000000e+00 1.000000000000000000e+00 0.000000000000000000e+00 0.000000000000000000e+00 0.000000000000000000e+00
2.000000000000000000e+03 7.999924989072093595e-03 0.000000000000000000e+00 1.000000000000000000e+00 0.000000000000000000e+00 0.000000000000000000e+00 0.000000000000000000e+00
2.500000000000000000e+03 9.999906236340061483e-03 0.000000000000000000e+00 1.000000000000000000e+00 0.000000000000000000e+00 0.000000000000000000e+00 0.000000000000000000e+00
3.000000000000000000e+03 1.199988748360802937e-02 0.000000000000000000e+00 1.000000000000000000e+00 0.000000000000000000e+00 0.000000000000000000e+00 0.000000000000000000e+00
3.500000000000000000e+03 1.399986873087599726e-02 0.000000000000000000e+00 1.000000000000000000e+00 0.000000000000000000e+00 0.000000000000000000e+00 0.000000000000000000e+00
4.000000000000000000e+03 1.599984997814418719e-02 0.000000000000000000e+00 1.000000000000000000e+00 0.000000000000000000e+00 0.000000000000000000e+00 0.000000000000000000e+00
4.500000000000000000e+03 1.799983122541215508e-02 0.000000000000000000e+00 1.000000000000000000e+00 0.000000000000000000e+00 0.000000000000000000e+00 0.000000000000000000e+00
5.000000000000000000e+03 1.999981247268012297e-02 0.000000000000000000e+00 1.000000000000000000e+00 0.000000000000000000e+00 0.000000000000000000e+00 0.000000000000000000e+00
5.500000000000000000e+03 2.199979371994809085e-02 0.000000000000000000e+00 1.000000000000000000e+00 0.000000000000000000e+00 0.000000000000000000e+00 0.000000000000000000e+00
6.000000000000000000e+03 2.399977496721628079e-02 0.000000000000000000e+00 1.000000000000000000e+00 0.000000000000000000e+00 0.000000000000000000e+00 0.000000000000000000e+00
6.500000000000000000e+03 2.599975621448424867e-02 0.000000000000000000e+00 1.000000000000000000e+00 0.000000000000000000e+00 0.000000000000000000e+00 0.000000000000000000e+00
7.000000000000000000e+03 2.799973746175221656e-02 0.000000000000000000e+00 1.000000000000000000e+00 0.000000000000000000e+00 0.000000000000000000e+00 0.000000000000000000e+00
7.500000000000000000e+03 2.999971870902018445e-02 0.000000000000000000e+00 1.000000000000000000e+00 0.000000000000000000e+00 0.000000000000000000e+00 0.000000000000000000e+00
8.000000000000000000e+03 3.199969995628815234e-02 0.000000000000000000e+00 1.000000000000000000e+00 0.000000000000000000e+00 0.000000000000000000e+00 0.000000000000000000e+00
8.500000000000000000e+03 3.399968120355634227e-02 0.000000000000000000e+00 1.000000000000000000e+00 0.000000000000000000e+00 0.000000000000000000e+00 0.000000000000000000e+00
9.000000000000000000e+03 3.599966245082431016e-02 0.000000000000000000e+00 1.000000000000000000e+00 0.000000000000000000e+00 0.000000000000000000e+00 0.000000000000000000e+00
9.500000000000000000e+03 3.799964369809227804e-02 0.000000000000000000e+00 1.000000000000000000e+00 0.000000000000000000e+00 0.000000000000000000e+00 0.000000000000000000e+00
1.000000000000000000e+04 3.999962494536024593e-02 0.000000000000000000e+00 1.000000000000000000e+00 0.000000000000000000e+00 0.000000000000000000e+00 0.000000000000000000e+00
1.050000000000000000e+04 4.199960619262821382e-02 0.000000000000000000e+00 1.000000000000000000e+00 0.000000000000000000e+00 0.000000000000000000e+00 0.000000000000000000e+00
1.100000000000000000e+04 4.399958743989640375e-02 0.000000000000000000e+00 1.000000000000000000e+00 0.000000000000000000e+00 0.000000000000000000e+00 0.000000000000000000e+00
1.150000000000000000e+04 4.599956868716437164e-02 0.000000000000000000e+00 1.000000000000000000e+00 0.000000000000000000e+00 0.000000000000000000e+00 0.000000000000000000e+00
1.200000000000000000e+04 4.799954993443233953e-02 0.000000000000000000e+00 1.000000000000000000e+00 0.000000000000000000e+00 0.000000000000000000e+00 0.000000000000000000e+00
1.250000000000000000e+04 4.999953118170030741e-02 0.000000000000000000e+00 1.000000000000000000e+00 0.000000000000000000e+00 0.000000000000000000e+00 0.000000000000000000e+00
1.300000000000000000e+04 5.199951242896849735e-02 0.000000000000000000e+00 1.000000000000000000e+00 0.000000000000000000e+00 0.000000000000000000e+00 0.000000000000000000e+00
1.350000000000000000e+04 5.399949367623646523e-02 0.000000000000000000e+00 1.000000000000000000e+00 0.000000000000000000e+00 0.000000000000000000e+00 0.000000000000000000e+00
1.400000000000000000e+04 5.599947492350443312e-02 1.137915339098771066e-04 9.998862084660901095e-01 0.000000000000000000e+00 0.000000000000000000e+00 0.000000000000000000e+00
1.450000000000000000e+04 5.799945617077240101e-02 0.000000000000000000e+00 1.000000000000000000e+00 0.000000000000000000e+00 0.000000000000000000e+00 0.000000000000000000e+00
1.500000000000000000e+04 5.999943741804036890e-02 2.275830678197542133e-04 9.997724169321802190e-01 0.000000000000000000e+00 0.000000000000000000e+00 0.000000000000000000e+00
1.550000000000000000e+04 6.199941866530855883e-02 0.000000000000000000e+00 1.000000000000000000e+00 0.000000000000000000e+00 0.000000000000000000e+00 0.000000000000000000e+00
1.600000000000000000e+04 6.399939991257652672e-02 0.000000000000000000e+00 1.000000000000000000e+00 0.000000000000000000e+00 0.000000000000000000e+00 0.000000000000000000e+00
1.650000000000000000e+04 6.599938115984449460e-02 0.000000000000000000e+00 1.000000000000000000e+00 0.000000000000000000e+00 0.000000000000000000e+00 0.000000000000000000e+00
1.700000000000000000e+04 6.799936240711246249e-02 0.000000000000000000e+00 1.000000000000000000e+00 0.000000000000000000e+00 0.000000000000000000e+00 0.000000000000000000e+00
1.750000000000000000e+04 6.999934365438043038e-02 0.000000000000000000e+00 1.000000000000000000e+00 0.000000000000000000e+00 0.000000000000000000e+00 0.000000000000000000e+00
1.800000000000000000e+04 7.199932490164862031e-02 0.000000000000000000e+00 1.000000000000000000e+00 0.000000000000000000e+00 0.000000000000000000e+00 0.000000000000000000e+00
1.850000000000000000e+04 7.399930614891658820e-02 0.000000000000000000e+00 1.000000000000000000e+00 0.000000000000000000e+00 0.000000000000000000e+00 0.000000000000000000e+00
1.900000000000000000e+04 7.599928739618455609e-02 0.000000000000000000e+00 1.000000000000000000e+00 0.000000000000000000e+00 0.000000000000000000e+00 0.000000000000000000e+00
1.950000000000000000e+04 7.799926864345252397e-02 4.551661356395084266e-04 9.994310423304506585e-01 0.000000000000000000e+00 1.137915339098771066e-04 0.000000000000000000e+00
2.000000000000000000e+04 7.999924989072071391e-02 0.000000000000000000e+00 1.000000000000000000e+00 0.000000000000000000e+00 0.000000000000000000e+00 0.000000000000000000e+00
2.050000000000000000e+04 8.199923113798868179e-02 7.965407373691396923e-04 9.992034592626308775e-01 0.000000000000000000e+00 0.000000000000000000e+00 0.000000000000000000e+00
2.100000000000000000e+04 8.399921238525664968e-02 4.551661356395084266e-04 9.995448338643604380e-01 0.000000000000000000e+00 0.000000000000000000e+00 0.000000000000000000e+00
2.150000000000000000e+04 8.599919363252461757e-02 5.689576695493854790e-04 9.994310423304506585e-01 0.000000000000000000e+00 0.000000000000000000e+00 0.000000000000000000e+00
2.200000000000000000e+04 8.799917487979258546e-02 1.593081474738279385e-03 9.982931269913518646e-01 0.000000000000000000e+00 1.137915339098771066e-04 0.000000000000000000e+00
2.250000000000000000e+04 8.999915612706077539e-02 1.479289940828402332e-03 9.985207100591716456e-01 0.000000000000000000e+00 0.000000000000000000e+00 0.000000000000000000e+00
2.300000000000000000e+04 9.199913737432874328e-02 2.162039144287664864e-03 9.978379608557123026e-01 0.000000000000000000e+00 0.000000000000000000e+00 0.000000000000000000e+00
2.350000000000000000e+04 9.399911862159671117e-02 1.137915339098770958e-03 9.988620846609012061e-01 0.000000000000000000e+00 0.000000000000000000e+00 0.000000000000000000e+00
2.400000000000000000e+04 9.599909986886467905e-02 3.413746017296313308e-03 9.965862539827037292e-01 0.000000000000000000e+00 0.000000000000000000e+00 0.000000000000000000e+00
2.450000000000000000e+04 9.799908111613264694e-02 1.706873008648156654e-03 9.981793354574419741e-01 0.000000000000000000e+00 1.137915339098771066e-04 0.000000000000000000e+00
2.500000000000000000e+04 9.999906236340083687e-02 2.389622212107419402e-03 9.974965862539827421e-01 0.000000000000000000e+00 1.137915339098771066e-04 0.000000000000000000e+00
2.550000000000000000e+04 1.019990436106688048e-01 2.503413746017296455e-03 9.974965862539827421e-01 0.000000000000000000e+00 0.000000000000000000e+00 0.000000000000000000e+00
2.600000000000000000e+04 1.039990248579367726e-01 4.210286754665453109e-03 9.955621301775148257e-01 0.000000000000000000e+00 2.275830678197542133e-04 0.000000000000000000e+00
2.650000000000000000e+04 1.059990061052047405e-01 7.055075102412380721e-03 9.923759672280382249e-01 0.000000000000000000e+00 5.689576695493854790e-04 0.000000000000000000e+00
2.700000000000000000e+04 1.079989873524729305e-01 1.035502958579881741e-02 9.891898042785616241e-01 0.000000000000000000e+00 4.551661356395084266e-04 0.000000000000000000e+00
2.750000000000000000e+04 1.099989685997408984e-01 2.389622212107419055e-02 9.616522530723714546e-01 0.000000000000000000e+00 1.445152480655439303e-02 0.000000000000000000e+00
2.800000000000000000e+04 1.119989498470088662e-01 2.315657715065999045e-01 2.110832954028220299e-01 3.288575329995448160e-02 5.244651797906235702e-01 0.000000000000000000e+00
2.850000000000000000e+04 1.139989310942768341e-01 2.500000000000000000e-01 4.359353664087392000e-01 2.536413290851160518e-01 6.042330450614474130e-02 0.000000000000000000e+00
2.900000000000000000e+04 1.159989123415448020e-01 2.190487027765134209e-01 4.844105598543468338e-01 2.627446517979062368e-01 3.379608557123350149e-02 0.000000000000000000e+00
2.950000000000000000e+04 1.179988935888129920e-01 1.756941283568502488e-01 6.247155211652253293e-01 1.825216203914428736e-01 1.706873008648156567e-02 0.000000000000000000e+00
3.000000000000000000e+04 1.199988748360809598e-01 7.976786527082385669e-02 7.787892580791988539e-01 1.363222576240327721e-01 5.120619025944469528e-03 0.000000000000000000e+00
3.050000000000000000e+04 1.219988560833489277e-01 6.952662721893490549e-02 7.839098771051433712e-01 1.433773327264451503e-01 3.186162949476558769e-03 0.000000000000000000e+00
3.100000000000000000e+04 1.239988373306168956e-01 7.214383249886208160e-02 7.809512972234865513e-01 1.439462903959945472e-01 2.958579881656804664e-03 0.000000000000000000e+00
3.150000000000000000e+04 1.259988185778848635e-01 5.678197542102867562e-02 7.874374146563495325e-01 1.544151115157032239e-01 1.365498406918525280e-03 0.000000000000000000e+00
3.200000000000000000e+04 1.279987998251530534e-01 4.779244424214838111e-02 8.098543468365954068e-01 1.388256713700500578e-01 3.527537551206190360e-03 0.000000000000000000e+00
3.250000000000000000e+04 1.299987810724210213e-01 3.675466545289030745e-02 8.167956304050978389e-01 1.459945380063723264e-01 4.551661356395084266e-04 0.000000000000000000e+00
3.300000000000000000e+04 1.319987623196889892e-01 3.686845698680018407e-02 8.167956304050978389e-01 1.459945380063723264e-01 3.413746017296313199e-04 0.000000000000000000e+00
3.350000000000000000e+04 1.339987435669569571e-01 3.652708238507055422e-02 8.169094219390077294e-01 1.459945380063723264e-01 5.689576695493854790e-04 0.000000000000000000e+00
3.400000000000000000e+04 1.359987248142251470e-01 3.652708238507055422e-02 8.169094219390077294e-01 1.461083295402822169e-01 4.551661356395084266e-04 0.000000000000000000e+00
3.450000000000000000e+04 1.379987060614931149e-01 3.618570778334091742e-02 8.175921711424669613e-01 1.459945380063723264e-01 2.275830678197542133e-04 0.000000000000000000e+00
3.500000000000000000e+04 1.399986873087610828e-01 3.664087391898043083e-02 8.170232134729176199e-01 1.457669549385525731e-01 5.689576695493854790e-04 0.000000000000000000e+00
3.550000000000000000e+04 1.419986685560290507e-01 3.698224852071006069e-02 8.166818388711879484e-01 1.459945380063723264e-01 3.413746017296313199e-04 0.000000000000000000e+00
3.600000000000000000e+04 1.439986498032970186e-01 3.675466545289030745e-02 8.173645880746472914e-01 1.454255803368229294e-01 4.551661356395084266e-04 0.000000000000000000e+00
3.650000000000000000e+04 1.459986310505652085e-01 3.698224852071006069e-02 8.165680473372780579e-01 1.459945380063723264e-01 4.551661356395084266e-04 0.000000000000000000e+00
3.700000000000000000e+04 1.479986122978331764e-01 3.732362312243969055e-02 8.165680473372780579e-01 1.456531634046426826e-01 4.551661356395084266e-04 0.000000000000000000e+00
3.750000000000000000e+04 1.499985935451011443e-01 3.709604005461993731e-02 8.163404642694583879e-01 1.459945380063723264e-01 5.689576695493854790e-04 0.000000000000000000e+00
3.800000000000000000e+04 1.519985747923691122e-01 3.709604005461993731e-02 8.163404642694583879e-01 1.458807464724624359e-01 6.827492034592626399e-04 0.000000000000000000e+00
3.850000000000000000e+04 1.539985560396370801e-01 3.675466545289030745e-02 8.166818388711879484e-01 1.462221210741920796e-01 3.413746017296313199e-04 0.000000000000000000e+00
3.900000000000000000e+04 1.559985372869052700e-01 3.698224852071006069e-02 8.165680473372780579e-01 1.458807464724624359e-01 5.689576695493854790e-04 0.000000000000000000e+00
3.950000000000000000e+04 1.579985185341732379e-01 3.777878925807919702e-02 8.153163404642694845e-01 1.458807464724624359e-01 1.024123805188893906e-03 0.000000000000000000e+00
4.000000000000000000e+04 1.599984997814412058e-01 3.891670459717797015e-02 8.146335912608101415e-01 1.459945380063723264e-01 4.551661356395084266e-04 0.000000000000000000e+00
4.050000000000000000e+04 1.619984810287091737e-01 3.800637232589895026e-02 8.150887573964497035e-01 1.462221210741920796e-01 6.827492034592626399e-04 0.000000000000000000e+00
4.100000000000000000e+04 1.639984622759773636e-01 3.959945380063722986e-02 8.133818843878015681e-01 1.462221210741920796e-01 7.965407373691396923e-04 0.000000000000000000e+00
4.150000000000000000e+04 1.659984435232453315e-01 3.959945380063722986e-02 8.137232589895311285e-01 1.456531634046426826e-01 1.024123805188893906e-03 0.000000000000000000e+00
4.200000000000000000e+04 1.679984247705132994e-01 4.028220300409649651e-02 8.131543013199817871e-01 1.457669549385525731e-01 7.965407373691396923e-04 0.000000000000000000e+00
4.250000000000000000e+04 1.699984060177812673e-01 4.574419663177059503e-02 8.060992262175694645e-01 1.473600364132908458e-01 7.965407373691396923e-04 0.000000000000000000e+00
4.300000000000000000e+04 1.719983872650492351e-01 8.318161128812016913e-02 7.342967683204369989e-01 1.804733727810650945e-01 2.048247610377787811e-03 0.000000000000000000e+00
4.350000000000000000e+04 1.739983685123174251e-01 9.239872553482020301e-02 7.358898497951752438e-01 1.668183887118798447e-01 4.893035958124715423e-03 0.000000000000000000e+00
4.400000000000000000e+04 1.759983497595853930e-01 8.443331816112881194e-02 7.556895766954938587e-01 1.549840691852526209e-01 4.893035958124715423e-03 0.000000000000000000e+00
4.450000000000000000e+04 1.779983310068533608e-01 8.101957214383249950e-02 7.581929904415111166e-01 1.577150659990896597e-01 3.072371415566681717e-03 0.000000000000000000e+00
4.500000000000000000e+04 1.799983122541213287e-01 8.409194355939918208e-02 7.518206645425580259e-01 1.605598543468365891e-01 3.527537551206190360e-03 0.000000000000000000e+00
4.550000000000000000e+04 1.819982935013892966e-01 8.375056895766955223e-02 7.539827036868457233e-01 1.571461083295402905e-01 5.120619025944469528e-03 0.000000000000000000e+00
4.600000000000000000e+04 1.839982747486574866e-01 8.261265361857077216e-02 7.539827036868457233e-01 1.595357305416477134e-01 3.868912152935821518e-03 0.000000000000000000e+00
4.650000000000000000e+04 1.859982559959254544e-01 8.420573509330905870e-02 7.530723714155667103e-01 1.597633136094674666e-01 2.958579881656804664e-03 0.000000000000000000e+00
4.700000000000000000e+04 1.879982372431934223e-01 8.340919435593992237e-02 7.544378698224851743e-01 1.595357305416477134e-01 2.617205279927173507e-03 0.000000000000000000e+00
4.750000000000000000e+04 1.899982184904613902e-01 8.147473827947200598e-02 7.559171597633136397e-01 1.591943559399180697e-01 3.413746017296313308e-03 0.000000000000000000e+00
4.800000000000000000e+04 1.919981997377295801e-01 8.329540282203004575e-02 7.555757851615839682e-01 1.579426490669094130e-01 3.186162949476558769e-03 0.000000000000000000e+00
4.850000000000000000e+04 1.939981809849975480e-01 8.488848429676831842e-02 7.472690031861629611e-01 1.639736003641329154e-01 3.868912152935821518e-03 0.000000000000000000e+00
4.900000000000000000e+04 1.959981622322655159e-01 8.659535730541648157e-02 7.474965862539827421e-01 1.619253527537551085e-01 3.982703686845699004e-03 0.000000000000000000e+00
4.950000000000000000e+04 1.979981434795334838e-01 8.670914883932635819e-02 7.469276285844332897e-01 1.620391442876649990e-01 4.324078288575329727e-03 0.000000000000000000e+00
5.000000000000000000e+04 1.999981247268014517e-01 8.716431497496586467e-02 7.439690487027764698e-01 1.647701411015020379e-01 4.096495220755575623e-03 0.000000000000000000e+00
5.050000000000000000e+04 2.019981059740696416e-01 9.194355939918069653e-02 7.415794264906691025e-01 1.631770596267637652e-01 3.299954483386436255e-03 0.000000000000000000e+00
5.100000000000000000e+04 2.039980872213376095e-01 9.023668639053254725e-02 7.381656804733728316e-01 1.682976786527082269e-01 3.299954483386436255e-03 0.000000000000000000e+00
5.150000000000000000e+04 2.059980684686055774e-01 9.296768320436959998e-02 7.352071005917160118e-01 1.679563040509786109e-01 3.868912152935821518e-03 0.000000000000000000e+00
5.200000000000000000e+04 2.079980497158735453e-01 9.274010013654984674e-02 7.357760582612653533e-01 1.672735548475193512e-01 4.210286754665453109e-03 0.000000000000000000e+00
5.250000000000000000e+04 2.099980309631415132e-01 9.433318161128811941e-02 7.360036413290851343e-01 1.656804733727810786e-01 3.982703686845699004e-03 0.000000000000000000e+00
5.300000000000000000e+04 2.119980122104097031e-01 9.262630860263997012e-02 7.378243058716431602e-01 1.656804733727810786e-01 3.868912152935821518e-03 0.000000000000000000e+00
5.350000000000000000e+04 2.139979934576776710e-01 8.966772872098316416e-02 7.320209376422394110e-01 1.739872553482020856e-01 4.324078288575329727e-03 0.000000000000000000e+00
5.400000000000000000e+04 2.159979747049456389e-01 8.340919435593992237e-02 7.443104233045061413e-01 1.682976786527082269e-01 3.982703686845699004e-03 0.000000000000000000e+00
5.450000000000000000e+04 2.179979559522136068e-01 8.852981338188438409e-02 7.314519799726900695e-01 1.762630860263996457e-01 3.755120619025944465e-03 0.000000000000000000e+00
5.500000000000000000e+04 2.199979371994817967e-01 8.944014565316341092e-02 7.308830223031406170e-01 1.764906690942193990e-01 3.186162949476558769e-03 0.000000000000000000e+00
5.550000000000000000e+04 2.219979184467497646e-01 9.160218479745106668e-02 7.265589440145653333e-01 1.776285844333181652e-01 4.210286754665453109e-03 0.000000000000000000e+00
5.600000000000000000e+04 2.239978996940177325e-01 9.547109695038688559e-02 7.271279016841146747e-01 1.728493400091033194e-01 4.551661356395083832e-03 0.000000000000000000e+00
5.650000000000000000e+04 2.259978809412857004e-01 9.808830223031406170e-02 7.141556668183887124e-01 1.841147018661811463e-01 3.641329085116067413e-03 0.000000000000000000e+00
5.700000000000000000e+04 2.279978621885536683e-01 9.945380063723259501e-02 7.140418752844788219e-01 1.826354119253527641e-01 3.868912152935821518e-03 0.000000000000000000e+00
5.750000000000000000e+04 2.299978434358218582e-01 9.911242603550296515e-02 7.121074192080109055e-01 1.853664087391898030e-01 3.413746017296313308e-03 0.000000000000000000e+00
5.800000000000000000e+04 2.319978246830898261e-01 1.021847974510696339e-01 7.078971324533455123e-01 1.869594902139280757e-01 2.958579881656804664e-03 0.000000000000000000e+00
5.850000000000000000e+04 2.339978059303577940e-01 9.228493400091032639e-02 7.243969048702776359e-01 1.797906235776058348e-01 3.527537551206190360e-03 0.000000000000000000e+00
5.900000000000000000e+04 2.359977871776257619e-01 9.433318161128811941e-02 7.229176149294492815e-01 1.787664997724169313e-01 3.982703686845699004e-03 0.000000000000000000e+00
5.950000000000000000e+04 2.379977684248937297e-01 1.026399635867091542e-01 7.152935821574875064e-01 1.789940828402366846e-01 3.072371415566681717e-03 0.000000000000000000e+00
6.000000000000000000e+04 2.399977496721619197e-01 1.034365043240782905e-01 7.144970414201183839e-01 1.792216659080564378e-01 2.844788347746927612e-03 0.000000000000000000e+00
6.050000000000000000e+04 2.419977309194298876e-01 1.078743741465634925e-01 7.114246700045516736e-01 1.776285844333181652e-01 3.072371415566681717e-03 0.000000000000000000e+00
6.100000000000000000e+04 2.439977121666978555e-01 1.069640418752844796e-01 7.117660446062813451e-01 1.771734182976786587e-01 4.096495220755575623e-03 0.000000000000000000e+00
6.150000000000000000e+04 2.459976934139658233e-01 1.158397815202548975e-01 7.073281747837960598e-01 1.745562130177514826e-01 2.275830678197541916e-03 0.000000000000000000e+00
6.200000000000000000e+04 2.479976746612340133e-01 1.062812926718252199e-01 7.165452890304960798e-01 1.729631315430132099e-01 4.210286754665453109e-03 0.000000000000000000e+00
6.250000000000000000e+04 2.499976559085019812e-01 1.051433773327264398e-01 7.174556213017750927e-01 1.746700045516613453e-01 2.730996813837050560e-03 0.000000000000000000e+00
6.300000000000000000e+04 2.519976371557699490e-01 1.066226672735548497e-01 7.132453345471096995e-01 1.787664997724169313e-01 1.365498406918525280e-03 0.000000000000000000e+00
6.350000000000000000e+04 2.539976184030379169e-01 1.083295402822029990e-01 7.099453800637232082e-01 1.799044151115156975e-01 1.820664542558033706e-03 0.000000000000000000e+00
6.400000000000000000e+04 2.559975996503058848e-01 1.046882111970869333e-01 7.205279927173418031e-01 1.726217569412835662e-01 2.162039144287664864e-03 0.000000000000000000e+00
6.450000000000000000e+04 2.579975808975740748e-01 1.059399180700955900e-01 7.174556213017750927e-01 1.747837960855712358e-01 1.820664542558033706e-03 0.000000000000000000e+00
6.500000000000000000e+04 2.599975621448420426e-01 1.063950842057350965e-01 7.165452890304960798e-01 1.751251706873008518e-01 1.934456076467910759e-03 0.000000000000000000e+00
6.550000000000000000e+04 2.619975433921100105e-01 1.083295402822029990e-01 7.134729176149294805e-01 1.755803368229403860e-01 2.617205279927173507e-03 0.000000000000000000e+00
6.600000000000000000e+04 2.639975246393779784e-01 1.071916249431042328e-01 7.148384160218479444e-01 1.759217114246700020e-01 2.048247610377787811e-03 0.000000000000000000e+00
6.650000000000000000e+04 2.659975058866459463e-01 1.038916704597177970e-01 7.170004551661356418e-01 1.770596267637687682e-01 2.048247610377787811e-03 0.000000000000000000e+00
6.700000000000000000e+04 2.679974871339141362e-01 1.061675011379153433e-01 7.141556668183887124e-01 1.788802913063268218e-01 7.965407373691396923e-04 0.000000000000000000e+00
6.750000000000000000e+04 2.699974683811821041e-01 1.049157942649066866e-01 7.144970414201183839e-01 1.781975421028675344e-01 2.389622212107419402e-03 0.000000000000000000e+00
6.800000000000000000e+04 2.719974496284500720e-01 1.074192080109239861e-01 7.130177514792899185e-01 1.779699590350477811e-01 1.593081474738279385e-03 0.000000000000000000e+00
6.850000000000000000e+04 2.739974308757180399e-01 1.050295857988165632e-01 7.135867091488393710e-01 1.794492489758761911e-01 1.934456076467910759e-03 0.000000000000000000e+00
6.900000000000000000e+04 2.759974121229862298e-01 1.048020027309968100e-01 7.129039599453800280e-01 1.794492489758761911e-01 2.844788347746927612e-03 0.000000000000000000e+00
6.950000000000000000e+04 2.779973933702541977e-01 1.078743741465634925e-01 7.111970869367318926e-01 1.784251251706872876e-01 2.503413746017296455e-03 0.000000000000000000e+00
7.000000000000000000e+04 2.799973746175221656e-01 1.084433318161128756e-01 7.090350477924441952e-01 1.795630405097860816e-01 2.958579881656804664e-03 0.000000000000000000e+00
7.050000000000000000e+04 2.819973558647901335e-01 1.104915794264906687e-01 7.116522530723714546e-01 1.751251706873008518e-01 2.730996813837050560e-03 0.000000000000000000e+00
7.100000000000000000e+04 2.839973371120581014e-01 1.215293582157487423e-01 6.910559854346836062e-01 1.818388711879836139e-01 5.575785161583977738e-03 0.000000000000000000e+00
7.150000000000000000e+04 2.859973183593262913e-01 1.203914428766499761e-01 6.845698680018206250e-01 1.925352753755120716e-01 2.503413746017296455e-03 0.000000000000000000e+00
7.200000000000000000e+04 2.879972996065942592e-01 1.191397360036413333e-01 6.837733272644515026e-01 1.928766499772416876e-01 4.210286754665453109e-03 0.000000000000000000e+00
7.250000000000000000e+04 2.899972808538622271e-01 1.202776513427400995e-01 6.853664087391898585e-01 1.909421939007737712e-01 3.413746017296313308e-03 0.000000000000000000e+00
7.300000000000000000e+04 2.919972621011301950e-01 1.201638598088302229e-01 6.835457441966317216e-01 1.923076923076923184e-01 3.982703686845699004e-03 0.000000000000000000e+00
7.350000000000000000e+04 2.939972433483981629e-01 1.206190259444697294e-01 6.847974510696404060e-01 1.904870277651342647e-01 4.096495220755575623e-03 0.000000000000000000e+00
7.400000000000000000e+04 2.959972245956663528e-01 1.273327264451524776e-01 6.661356395084205850e-01 1.989076012744651900e-01 7.624032771961766417e-03 0.000000000000000000e+00
7.450000000000000000e+04 2.979972058429343207e-01 1.239189804278561652e-01 6.660218479745106945e-01 2.030040964952207483e-01 7.055075102412380721e-03 0.000000000000000000e+00
7.500000000000000000e+04 2.999971870902022886e-01 1.151570323167956239e-01 6.634046426945835462e-01 2.104005461993627701e-01 1.103777878925807886e-02 0.000000000000000000e+00
7.550000000000000000e+04 3.019971683374702565e-01 1.259672280382339582e-01 6.401911697769685494e-01 2.263313609467455523e-01 7.510241238051888930e-03 0.000000000000000000e+00
7.600000000000000000e+04 3.039971495847384464e-01 1.239189804278561652e-01 6.408739189804278924e-01 2.269003186162949492e-01 8.306781975421027864e-03 0.000000000000000000e+00
7.650000000000000000e+04 3.059971308320064143e-01 1.291533909877105035e-01 6.335912608101956778e-01 2.298588984979517413e-01 7.396449704142011444e-03 0.000000000000000000e+00
7.700000000000000000e+04 3.079971120792743822e-01 1.299499317250796537e-01 6.342740100136550208e-01 2.271279016841147025e-01 8.648156577150659455e-03 0.000000000000000000e+00
7.750000000000000000e+04 3.099970933265423501e-01 1.291533909877105035e-01 6.360946745562130467e-01 2.258761948111060458e-01 8.875739644970414427e-03 0.000000000000000000e+00
7.800000000000000000e+04 3.119970745738103179e-01 1.294947655894401473e-01 6.352981338188439242e-01 2.262175694128356895e-01 8.989531178880291046e-03 0.000000000000000000e+00
7.850000000000000000e+04 3.139970558210785079e-01 1.352981338188438687e-01 6.330223031406463363e-01 2.242831133363677731e-01 7.396449704142011444e-03 0.000000000000000000e+00
7.900000000000000000e+04 3.159970370683464758e-01 1.348429676832043622e-01 6.302913063268092975e-01 2.271279016841147025e-01 7.737824305871643035e-03 0.000000000000000000e+00
7.950000000000000000e+04 3.179970183156144437e-01 1.380291306326809353e-01 6.223258989531178509e-01 2.314519799726900418e-01 8.192990441511151245e-03 0.000000000000000000e+00
8.000000000000000000e+04 3.199969995628824115e-01 1.447428311333636697e-01 6.456531634046427381e-01 2.026627218934911323e-01 6.941283568502503235e-03 0.000000000000000000e+00
8.050000000000000000e+04 3.219969808101503794e-01 1.451979972690031762e-01 6.424670004551661373e-01 2.063040509786071841e-01 6.030951297223486815e-03 0.000000000000000000e+00
8.100000000000000000e+04 3.239969620574185694e-01 1.473600364132908458e-01 6.464497041420118606e-01 2.007282658170232159e-01 5.461993627674101119e-03 0.000000000000000000e+00
8.150000000000000000e+04 3.259969433046865372e-01 1.458807464724624359e-01 6.498634501593081314e-01 1.978834774692762866e-01 6.372325898953117539e-03 0.000000000000000000e+00
8.200000000000000000e+04 3.279969245519545051e-01 1.457669549385525731e-01 6.505461993627673634e-01 1.965179790623577671e-01 7.168866636322257339e-03 0.000000000000000000e+00
8.250000000000000000e+04 3.299969057992224730e-01 1.474738279472007363e-01 6.496358670914883504e-01 1.945835229858898507e-01 8.306781975421027864e-03 0.000000000000000000e+00
8.300000000000000000e+04 3.319968870464906630e-01 1.515703231679562946e-01 6.397360036413290985e-01 2.011834319526627224e-01 7.510241238051888930e-03 0.000000000000000000e+00
8.350000000000000000e+04 3.339968682937586308e-01 1.530496131087847045e-01 6.472462448793809831e-01 1.940145653163404538e-01 5.689576695493855224e-03 0.000000000000000000e+00
8.400000000000000000e+04 3.359968495410265987e-01 1.498634501593081592e-01 6.480427856167501055e-01 1.939007737824305910e-01 8.192990441511151245e-03 0.000000000000000000e+00
8.450000000000000000e+04 3.379968307882945666e-01 1.585116067364588099e-01 6.465634956759217511e-01 1.901456531634046487e-01 4.779244424214838804e-03 0.000000000000000000e+00
8.500000000000000000e+04 3.399968120355625345e-01 1.595357305416477134e-01 6.417842512517069054e-01 1.908284023668639084e-01 7.851615839781519654e-03 0.000000000000000000e+00
8.550000000000000000e+04 3.419967932828307244e-01 1.601046882111970826e-01 6.457669549385525176e-01 1.883249886208466228e-01 5.803368229403732710e-03 0.000000000000000000e+00
8.600000000000000000e+04 3.439967745300986923e-01 1.634046426945835184e-01 6.470186618115612021e-01 1.821802457897132577e-01 7.396449704142011444e-03 0.000000000000000000e+00
8.650000000000000000e+04 3.459967557773666602e-01 1.582840236686390567e-01 6.731907146108329076e-01 1.621529358215748617e-01 6.372325898953117539e-03 0.000000000000000000e+00
8.700000000000000000e+04 3.479967370246346281e-01 1.529358215748748417e-01 6.829767865270823801e-01 1.564633591260810308e-01 7.624032771961766417e-03 0.000000000000000000e+00
8.750000000000000000e+04 3.499967182719025960e-01 1.516841147018661851e-01 6.796768320436959998e-01 1.624943104233045055e-01 6.144742831133363434e-03 0.000000000000000000e+00
8.800000000000000000e+04 3.519966995191707859e-01 1.540737369139736079e-01 6.784251251706873154e-01 1.615839781520254925e-01 5.917159763313609329e-03 0.000000000000000000e+00
8.850000000000000000e+04 3.539966807664387538e-01 1.541875284478834707e-01 6.785389167045972059e-01 1.609012289485662328e-01 6.372325898953117539e-03 0.000000000000000000e+00
8.900000000000000000e+04 3.559966620137067217e-01 1.568047337278106468e-01 6.762630860263996180e-01 1.604460628129267263e-01 6.486117432862995025e-03 0.000000000000000000e+00
8.950000000000000000e+04 3.579966432609746896e-01 1.571461083295402905e-01 6.780837505689576439e-01 1.580564406008193035e-01 6.713700500682749130e-03 0.000000000000000000e+00
9.000000000000000000e+04 3.599966245082428795e-01 1.545289030496131144e-01 6.791078743741465473e-01 1.611288120163859861e-01 5.234410559854347014e-03 0.000000000000000000e+00
9.050000000000000000e+04 3.619966057555108474e-01 1.601046882111970826e-01 6.761492944924897275e-01 1.593081474738279601e-01 4.437869822485207214e-03 0.000000000000000000e+00
9.100000000000000000e+04 3.639965870027788153e-01 1.577150659990896597e-01 6.747837960855712636e-01 1.604460628129267263e-01 7.055075102412380721e-03 0.000000000000000000e+00
9.150000000000000000e+04 3.659965682500467832e-01 1.555530268548019901e-01 6.777423759672280834e-01 1.588529813381884259e-01 7.851615839781519654e-03 0.000000000000000000e+00
9.200000000000000000e+04 3.679965494973147511e-01 1.587391898042785632e-01 6.741010468821119206e-01 1.603322712790168358e-01 6.827492034592626616e-03 0.000000000000000000e+00
9.250000000000000000e+04 3.699965307445829410e-01 1.607874374146563423e-01 6.718252162039144437e-01 1.612426035502958488e-01 6.144742831133363434e-03 0.000000000000000000e+00
9.300000000000000000e+04 3.719965119918509089e-01 1.754665452890304955e-01 6.547564861174328676e-01 1.654528903049612976e-01 4.324078288575329727e-03 0.000000000000000000e+00
9.350000000000000000e+04 3.739964932391188768e-01 1.774010013654984119e-01 6.296085571233500655e-01 1.846836595357305433e-01 8.306781975421027864e-03 0.000000000000000000e+00
9.400000000000000000e+04 3.759964744863868447e-01 1.797906235776058348e-01 6.275603095129722586e-01 1.853664087391898030e-01 7.282658170232134826e-03 0.000000000000000000e+00
9.450000000000000000e+04 3.779964557336548125e-01 1.801319981793354508e-01 6.250568957669548897e-01 1.883249886208466228e-01 6.486117432862995025e-03 0.000000000000000000e+00
9.500000000000000000e+04 3.799964369809230025e-01 1.741010468821119761e-01 6.305188893946290785e-01 1.910559854346836617e-01 4.324078288575329727e-03 0.000000000000000000e+00
9.550000000000000000e+04 3.819964182281909704e-01 1.694355939918070209e-01 6.327947200728265553e-01 1.933318161128811941e-01 4.437869822485207214e-03 0.000000000000000000e+00
9.600000000000000000e+04 3.839963994754589383e-01 1.682976786527082269e-01 6.241465634956758768e-01 2.006144742831133254e-01 6.941283568502503235e-03 0.000000000000000000e+00
9.650000000000000000e+04 3.859963807227269061e-01 1.695493855257168836e-01 6.218707328174783999e-01 2.012972234865725851e-01 7.282658170232134826e-03 0.000000000000000000e+00
9.700000000000000000e+04 3.879963619699950961e-01 1.678425125170687204e-01 6.216431497496586189e-01 2.041420118343195145e-01 6.372325898953117539e-03 0.000000000000000000e+00
9.750000000000000000e+04 3.899963432172630640e-01 1.709148839326354030e-01 6.215293582157487284e-01 2.017523896222121194e-01 5.803368229403732710e-03 0.000000000000000000e+00
9.800000000000000000e+04 3.919963244645310319e-01 1.665908056440600915e-01 6.178880291306326766e-01 2.099453800637232637e-01 5.575785161583977738e-03 0.000000000000000000e+00
9.850000000000000000e+04 3.939963057117989997e-01 1.631770596267637652e-01 6.193673190714610310e-01 2.123350022758306865e-01 5.120619025944469528e-03 0.000000000000000000e+00
9.900000000000000000e+04 3.959962869590669676e-01 1.648839326354119283e-01 6.159535730541647602e-01 2.142694583522985752e-01 4.893035958124715423e-03 0.000000000000000000e+00
9.950000000000000000e+04 3.979962682063351576e-01 1.648839326354119283e-01 6.186845698680017991e-01 2.110832954028220299e-01 5.348202093764223633e-03 0.000000000000000000e+00
1.000000000000000000e+05 3.999962494536031254e-01 1.697769685935366368e-01 6.156121984524350887e-01 2.096040054619936199e-01 5.006827492034592909e-03 0.000000000000000000e+00
1.005000000000000000e+05 4.019962307008710933e-01 1.685252617205279801e-01 6.329085116067364458e-01 1.925352753755120716e-01 6.030951297223486815e-03 0.000000000000000000e+00
1.010000000000000000e+05 4.039962119481390612e-01 1.717114246700045532e-01 6.375739644970414011e-01 1.855939918070095562e-01 5.120619025944469528e-03 0.000000000000000000e+00
1.015000000000000000e+05 4.059961931954070291e-01 1.712562585343650468e-01 6.393946290395994270e-01 1.813837050523441075e-01 7.965407373691398007e-03 0.000000000000000000e+00
1.020000000000000000e+05 4.079961744426752190e-01 1.706873008648156498e-01 6.385980883022303045e-01 1.830905780609922706e-01 7.624032771961766417e-03 0.000000000000000000e+00
1.025000000000000000e+05 4.099961556899431869e-01 1.698907601274465273e-01 6.489531178880291185e-01 1.746700045516613453e-01 6.486117432862995025e-03 0.000000000000000000e+00
1.030000000000000000e+05 4.119961369372111548e-01 1.690942193900773771e-01 6.519116977696859383e-01 1.726217569412835662e-01 6.372325898953117539e-03 0.000000000000000000e+00
1.035000000000000000e+05 4.139961181844791227e-01 1.655666818388711881e-01 6.502048247610378029e-01 1.747837960855712358e-01 9.444697314519799256e-03 0.000000000000000000e+00
1.040000000000000000e+05 4.159960994317473126e-01 1.671597633136094607e-01 6.508875739644970349e-01 1.741010468821119761e-01 7.851615839781519654e-03 0.000000000000000000e+00
1.045000000000000000e+05 4.179960806790152805e-01 1.685252617205279801e-01 6.523668639053253893e-01 1.725079654073737034e-01 6.599908966772872511e-03 0.000000000000000000e+00
1.050000000000000000e+05 4.199960619262832484e-01 1.680700955848884737e-01 6.519116977696859383e-01 1.727355484751934567e-01 7.282658170232134826e-03 0.000000000000000000e+00
1.055000000000000000e+05 4.219960431735512163e-01 1.672735548475193512e-01 6.520254893035958288e-01 1.723941738734638129e-01 8.306781975421027864e-03 0.000000000000000000e+00
1.060000000000000000e+05 4.239960244208191842e-01 1.643149749658625314e-01 6.586253982703687004e-01 1.687528447883477334e-01 8.306781975421027864e-03 0.000000000000000000e+00
1.065000000000000000e+05 4.259960056680873741e-01 1.669321802457897075e-01 6.563495675921711126e-01 1.700045516613563901e-01 6.713700500682749130e-03 0.000000000000000000e+00
1.070000000000000000e+05 4.279959869153553420e-01 1.676149294492489672e-01 6.561219845243514426e-01 1.687528447883477334e-01 7.510241238051888930e-03 0.000000000000000000e+00
1.075000000000000000e+05 4.299959681626233099e-01 1.669321802457897075e-01 6.577150659990896875e-01 1.663632225762403383e-01 8.989531178880291046e-03 0.000000000000000000e+00
1.080000000000000000e+05 4.319959494098912778e-01 1.645425580336822846e-01 6.582840236686390289e-01 1.701183431952662806e-01 7.055075102412380721e-03 0.000000000000000000e+00
1.085000000000000000e+05 4.339959306571592457e-01 1.692080109239872676e-01 6.597633136094674944e-01 1.626081019572143960e-01 8.420573509330906217e-03 0.000000000000000000e+00
1.090000000000000000e+05 4.359959119044274356e-01 1.634046426945835184e-01 6.834319526627219421e-01 1.459945380063723264e-01 7.168866636322257339e-03 0.000000000000000000e+00
1.095000000000000000e+05 4.379958931516954035e-01 1.648839326354119283e-01 6.854802002730996380e-01 1.430359581247155343e-01 6.599908966772872511e-03 0.000000000000000000e+00
1.100000000000000000e+05 4.399958743989633714e-01 1.668183887118798447e-01 6.787664997724169869e-01 1.467910787437414766e-01 7.624032771961766417e-03 0.000000000000000000e+00
1.105000000000000000e+05 4.419958556462313393e-01 1.607874374146563423e-01 6.861629494765589810e-01 1.471324533454710926e-01 5.917159763313609329e-03 0.000000000000000000e+00
1.110000000000000000e+05 4.439958368934995292e-01 1.557806099226217433e-01 6.903732362312243742e-01 1.478152025489303523e-01 6.030951297223486815e-03 0.000000000000000000e+00
1.115000000000000000e+05 4.459958181407674971e-01 1.521392808375056915e-01 6.906008192990441552e-01 1.516841147018661851e-01 5.575785161583977738e-03 0.000000000000000000e+00
1.120000000000000000e+05 4.479957993880354650e-01 1.547564861174328676e-01 6.750113791533909335e-01 1.663632225762403383e-01 3.868912152935821518e-03 0.000000000000000000e+00
1.125000000000000000e+05 4.499957806353034329e-01 1.536185707783341015e-01 6.787664997724169869e-01 1.612426035502958488e-01 6.372325898953117539e-03 0.000000000000000000e+00
1.130000000000000000e+05 4.519957618825714007e-01 1.562357760582612776e-01 6.730769230769231282e-01 1.654528903049612976e-01 5.234410559854347014e-03 0.000000000000000000e+00
1.135000000000000000e+05 4.539957431298395907e-01 1.506599908966772816e-01 6.804733727810651223e-01 1.638598088302230249e-01 5.006827492034592909e-03 0.000000000000000000e+00
