# itime ezz other fcc hcp bcc ico
0.000000000000000000e+00 0.000000000000000000e+00 0.000000000000000000e+00 1.000000000000000000e+00 0.000000000000000000e+00 0.000000000000000000e+00 0.000000000000000000e+00
2.500000000000000000e+03 1.000000078092644351e-02 0.000000000000000000e+00 1.000000000000000000e+00 0.000000000000000000e+00 0.000000000000000000e+00 0.000000000000000000e+00
5.000000000000000000e+03 2.000000156185266498e-02 0.000000000000000000e+00 1.000000000000000000e+00 0.000000000000000000e+00 0.000000000000000000e+00 0.000000000000000000e+00
7.500000000000000000e+03 3.000000234277910849e-02 0.000000000000000000e+00 1.000000000000000000e+00 0.000000000000000000e+00 0.000000000000000000e+00 0.000000000000000000e+00
1.000000000000000000e+04 4.000000312370555200e-02 0.000000000000000000e+00 1.000000000000000000e+00 0.000000000000000000e+00 0.000000000000000000e+00 0.000000000000000000e+00
1.250000000000000000e+04 5.000000390463177347e-02 0.000000000000000000e+00 1.000000000000000000e+00 0.000000000000000000e+00 0.000000000000000000e+00 0.000000000000000000e+00
1.500000000000000000e+04 6.000000468555821698e-02 3.413746017296313199e-04 9.996586253982703285e-01 0.000000000000000000e+00 0.000000000000000000e+00 0.000000000000000000e+00
1.750000000000000000e+04 7.000000546648466049e-02 0.000000000000000000e+00 1.000000000000000000e+00 0.000000000000000000e+00 0.000000000000000000e+00 0.000000000000000000e+00
2.000000000000000000e+04 8.000000624741088195e-02 0.000000000000000000e+00 1.000000000000000000e+00 0.000000000000000000e+00 0.000000000000000000e+00 0.000000000000000000e+00
2.250000000000000000e+04 9.000000702833732547e-02 1.024123805188893906e-03 9.989758761948110966e-01 0.000000000000000000e+00 0.000000000000000000e+00 0.000000000000000000e+00
2.500000000000000000e+04 1.000000078092637690e-01 2.389622212107419402e-03 9.976103777878926326e-01 0.000000000000000000e+00 0.000000000000000000e+00 0.000000000000000000e+00
2.750000000000000000e+04 1.100000085901899904e-01 7.407828857532999800e-02 6.135639508420573929e-01 0.000000000000000000e+00 3.123577605826126646e-01 0.000000000000000000e+00
3.000000000000000000e+04 1.200000093711164340e-01 3.026854802002730896e-02 8.213472917614929036e-01 1.483841602184797492e-01 0.000000000000000000e+00 0.000000000000000000e+00
3.250000000000000000e+04 1.300000101520428775e-01 3.072371415566681890e-02 8.208921256258534527e-01 1.483841602184797492e-01 0.000000000000000000e+00 0.000000000000000000e+00
3.500000000000000000e+04 1.400000109329690989e-01 3.038233955393718558e-02 8.212335002275830131e-01 1.483841602184797492e-01 0.000000000000000000e+00 0.000000000000000000e+00
3.750000000000000000e+04 1.500000117138955424e-01 3.015475648611743234e-02 8.214610832954027941e-01 1.483841602184797492e-01 0.000000000000000000e+00 0.000000000000000000e+00
4.000000000000000000e+04 1.600000124948219860e-01 3.072371415566681890e-02 8.208921256258534527e-01 1.483841602184797492e-01 0.000000000000000000e+00 0.000000000000000000e+00
4.250000000000000000e+04 1.700000132757482074e-01 3.038233955393718558e-02 8.212335002275830131e-01 1.483841602184797492e-01 0.000000000000000000e+00 0.000000000000000000e+00
4.500000000000000000e+04 1.800000140566746509e-01 3.208921256258534527e-02 8.192990441511152078e-01 1.482703686845698587e-01 3.413746017296313199e-04 0.000000000000000000e+00
4.750000000000000000e+04 1.900000148376010944e-01 3.231679563040509851e-02 8.192990441511152078e-01 1.481565771506599960e-01 2.275830678197542133e-04 0.000000000000000000e+00
5.000000000000000000e+04 2.000000156185273159e-01 6.656804733727811341e-02 7.810650887573964418e-01 1.507737824305871721e-01 1.593081474738279385e-03 0.000000000000000000e+00
5.250000000000000000e+04 2.100000163994537594e-01 6.690942193900774326e-02 7.807237141556667703e-01 1.508875739644970349e-01 1.479289940828402332e-03 0.000000000000000000e+00
5.500000000000000000e+04 2.200000171803802029e-01 8.386436049157942885e-02 7.349795175238962308e-01 1.793354574419663283e-01 1.820664542558033706e-03 0.000000000000000000e+00
5.750000000000000000e+04 2.300000179613064244e-01 8.033682294037323979e-02 7.439690487027764698e-01 1.737596722803823324e-01 1.934456076467910759e-03 0.000000000000000000e+00
6.000000000000000000e+04 2.400000187422328679e-01 1.046882111970869333e-01 7.064178425125170468e-01 1.867319071461083224e-01 2.162039144287664864e-03 0.000000000000000000e+00
6.250000000000000000e+04 2.500000195231593114e-01 1.032089212562585373e-01 7.030040964952207760e-01 1.912835685025034149e-01 2.503413746017296455e-03 0.000000000000000000e+00
6.500000000000000000e+04 2.600000203040855329e-01 1.019572143832498806e-01 7.040282203004096795e-01 1.907146108329540179e-01 3.299954483386436255e-03 0.000000000000000000e+00
6.750000000000000000e+04 2.700000210850119764e-01 1.107191624943104219e-01 7.012972234865726406e-01 1.837733272644515303e-01 4.210286754665453109e-03 0.000000000000000000e+00
7.000000000000000000e+04 2.800000218659381979e-01 1.025261720527992776e-01 7.113108784706417831e-01 1.807009558488848477e-01 5.461993627674101119e-03 0.000000000000000000e+00
7.250000000000000000e+04 2.900000226468646414e-01 1.002503413746017313e-01 7.109695038689121116e-01 1.821802457897132577e-01 6.599908966772872511e-03 0.000000000000000000e+00
7.500000000000000000e+04 3.000000234277910849e-01 1.052571688666363164e-01 6.958352298588984519e-01 1.923076923076923184e-01 6.599908966772872511e-03 0.000000000000000000e+00
7.750000000000000000e+04 3.100000242087173064e-01 9.399180700955848955e-02 7.419208010923987739e-01 1.604460628129267263e-01 3.641329085116067413e-03 0.000000000000000000e+00
8.000000000000000000e+04 3.200000249896437499e-01 9.592626308602640595e-02 7.418070095584888834e-01 1.587391898042785632e-01 3.527537551206190360e-03 0.000000000000000000e+00
8.250000000000000000e+04 3.300000257705701934e-01 9.558488848429676221e-02 7.406690942193900895e-01 1.595357305416477134e-01 4.210286754665453109e-03 0.000000000000000000e+00
8.500000000000000000e+04 3.400000265514964148e-01 9.649522075557578904e-02 7.424897587619481154e-01 1.562357760582612776e-01 4.779244424214838804e-03 0.000000000000000000e+00
8.750000000000000000e+04 3.500000273324228584e-01 9.797451069640418508e-02 7.414656349567592120e-01 1.565771506599908935e-01 3.982703686845699004e-03 0.000000000000000000e+00
9.000000000000000000e+04 3.600000281133493019e-01 9.228493400091032639e-02 7.420345926263085534e-01 1.620391442876649990e-01 3.641329085116067413e-03 0.000000000000000000e+00
9.250000000000000000e+04 3.700000288942755233e-01 9.057806099226217711e-02 7.422621756941283344e-01 1.632908511606736557e-01 3.868912152935821518e-03 0.000000000000000000e+00
9.500000000000000000e+04 3.800000296752019668e-01 9.592626308602640595e-02 7.395311788802912956e-01 1.614701866181156020e-01 3.072371415566681717e-03 0.000000000000000000e+00
9.750000000000000000e+04 3.900000304561284103e-01 9.535730541647700897e-02 7.415794264906691025e-01 1.601046882111970826e-01 2.958579881656804664e-03 0.000000000000000000e+00
1.000000000000000000e+05 4.000000312370548539e-01 9.365043240782885969e-02 7.459035047792443862e-01 1.535047792444242110e-01 6.941283568502503235e-03 0.000000000000000000e+00
1.025000000000000000e+05 4.100000320179810753e-01 1.096950386891215323e-01 7.493172507965407680e-01 1.384842967683204418e-01 2.503413746017296455e-03 0.000000000000000000e+00
1.050000000000000000e+05 4.200000327989072968e-01 1.048020027309968100e-01 7.539827036868457233e-01 1.391670459717797015e-01 2.048247610377787811e-03 0.000000000000000000e+00
1.075000000000000000e+05 4.300000335798337403e-01 1.034365043240782905e-01 7.525034137460172579e-01 1.425807919890760000e-01 1.479289940828402332e-03 0.000000000000000000e+00
1.100000000000000000e+05 4.400000343607604059e-01 1.007055075102412378e-01 7.537551206190259423e-01 1.432635411925352875e-01 2.275830678197541916e-03 0.000000000000000000e+00
1.125000000000000000e+05 4.500000351416866273e-01 1.046882111970869333e-01 7.514792899408283544e-01 1.408739189804278646e-01 2.958579881656804664e-03 0.000000000000000000e+00
1.150000000000000000e+05 4.600000359226128488e-01 1.411015020482476179e-01 6.631770596267637652e-01 1.923076923076923184e-01 3.413746017296313308e-03 0.000000000000000000e+00
1.175000000000000000e+05 4.700000367035392923e-01 1.222121074192080159e-01 7.130177514792899185e-01 1.624943104233045055e-01 2.275830678197541916e-03 0.000000000000000000e+00
1.200000000000000000e+05 4.800000374844657358e-01 1.209604005461993592e-01 7.155211652253072874e-01 1.611288120163859861e-01 2.389622212107419402e-03 0.000000000000000000e+00
1.225000000000000000e+05 4.900000382653919573e-01 1.223258989531178925e-01 7.168866636322257513e-01 1.573736913973600438e-01 3.413746017296313308e-03 0.000000000000000000e+00
1.250000000000000000e+05 5.000000390463181787e-01 1.235776058261265353e-01 7.175694128356849832e-01 1.554392353208921274e-01 3.413746017296313308e-03 0.000000000000000000e+00
1.275000000000000000e+05 5.100000398272448443e-01 1.247155211652253015e-01 7.167728720983158608e-01 1.560081929904415243e-01 2.503413746017296455e-03 0.000000000000000000e+00
1.300000000000000000e+05 5.200000406081712878e-01 1.642011834319526686e-01 6.484979517523896675e-01 1.824078288575330109e-01 4.893035958124715423e-03 0.000000000000000000e+00
1.325000000000000000e+05 5.300000413890975093e-01 1.480427856167501055e-01 6.850250341374601870e-01 1.591943559399180697e-01 7.737824305871643035e-03 0.000000000000000000e+00
1.350000000000000000e+05 5.400000421700237307e-01 1.396222121074192080e-01 6.812699135184342447e-01 1.742148384160218388e-01 4.893035958124715423e-03 0.000000000000000000e+00
1.375000000000000000e+05 5.500000429509501743e-01 1.380291306326809353e-01 6.834319526627219421e-01 1.737596722803823324e-01 4.779244424214838804e-03 0.000000000000000000e+00
1.400000000000000000e+05 5.600000437318768398e-01 1.387118798361401950e-01 6.937869822485207560e-01 1.646563495675921751e-01 2.844788347746927612e-03 0.000000000000000000e+00
1.425000000000000000e+05 5.700000445128030613e-01 1.365498406918525254e-01 6.997041420118342847e-01 1.628356850250341492e-01 9.103322712790168532e-04 0.000000000000000000e+00
1.450000000000000000e+05 5.800000452937292827e-01 1.372325898953117851e-01 6.987938097405552718e-01 1.618115612198452458e-01 2.162039144287664864e-03 0.000000000000000000e+00
1.475000000000000000e+05 5.900000460746557263e-01 1.384842967683204418e-01 6.973145197997269173e-01 1.626081019572143960e-01 1.593081474738279385e-03 0.000000000000000000e+00
1.500000000000000000e+05 6.000000468555821698e-01 1.374601729631315383e-01 6.968593536640873554e-01 1.639736003641329154e-01 1.706873008648156654e-03 0.000000000000000000e+00
1.525000000000000000e+05 6.100000476365083912e-01 1.406463359126081114e-01 6.948111060537096595e-01 1.624943104233045055e-01 2.048247610377787811e-03 0.000000000000000000e+00
1.550000000000000000e+05 6.200000484174346127e-01 1.482703686845698587e-01 7.142694583522986029e-01 1.332498862084660896e-01 4.210286754665453109e-03 0.000000000000000000e+00
1.575000000000000000e+05 6.300000491983612783e-01 1.256258534365043145e-01 7.017523896222120916e-01 1.711424670004551563e-01 1.479289940828402332e-03 0.000000000000000000e+00
1.600000000000000000e+05 6.400000499792877218e-01 1.373463814292216756e-01 7.097177969959035382e-01 1.519116977696859383e-01 1.024123805188893906e-03 0.000000000000000000e+00
1.625000000000000000e+05 6.500000507602139432e-01 1.388256713700500578e-01 7.058488848429677054e-01 1.538461538461538547e-01 1.479289940828402332e-03 0.000000000000000000e+00
1.650000000000000000e+05 6.600000515411401647e-01 1.401911697769686049e-01 7.038006372325898985e-01 1.533909877105143482e-01 2.617205279927173507e-03 0.000000000000000000e+00
1.675000000000000000e+05 6.700000523220666082e-01 1.472462448793809831e-01 7.006144742831132977e-01 1.488393263541192557e-01 3.299954483386436255e-03 0.000000000000000000e+00
1.700000000000000000e+05 6.800000531029932738e-01 1.552116522530723741e-01 6.917387346381429492e-01 1.511151570323167881e-01 1.934456076467910759e-03 0.000000000000000000e+00
1.725000000000000000e+05 6.900000538839194952e-01 1.632908511606736557e-01 6.753527537551206050e-01 1.582840236686390567e-01 3.072371415566681717e-03 0.000000000000000000e+00
1.750000000000000000e+05 7.000000546648457167e-01 1.730769230769230727e-01 6.642011834319526686e-01 1.611288120163859861e-01 1.593081474738279385e-03 0.000000000000000000e+00
1.775000000000000000e+05 7.100000554457721602e-01 1.563495675921711403e-01 6.819526627218934767e-01 1.578288575329995502e-01 3.868912152935821518e-03 0.000000000000000000e+00
1.800000000000000000e+05 7.200000562266986037e-01 1.560081929904415243e-01 6.568047337278106745e-01 1.854802002730996935e-01 1.706873008648156654e-03 0.000000000000000000e+00
1.825000000000000000e+05 7.300000570076248252e-01 1.574874829312699065e-01 6.543013199817933057e-01 1.844560764679107900e-01 3.755120619025944465e-03 0.000000000000000000e+00
1.850000000000000000e+05 7.400000577885510467e-01 1.622667273554847522e-01 6.532771961766045132e-01 1.816112881201638607e-01 2.844788347746927612e-03 0.000000000000000000e+00
1.875000000000000000e+05 7.500000585694777122e-01 1.659080564406008318e-01 6.661356395084205850e-01 1.635184342284934089e-01 4.437869822485207214e-03 0.000000000000000000e+00
1.900000000000000000e+05 7.600000593504041557e-01 1.606736458807464796e-01 6.715976331360946627e-01 1.651115157032316816e-01 2.617205279927173507e-03 0.000000000000000000e+00
1.925000000000000000e+05 7.700000601313303772e-01 1.671597633136094607e-01 6.663632225762403660e-01 1.630632680928539024e-01 3.413746017296313308e-03 0.000000000000000000e+00
1.950000000000000000e+05 7.800000609122565987e-01 1.685252617205279801e-01 6.596495220755576039e-01 1.687528447883477334e-01 3.072371415566681717e-03 0.000000000000000000e+00
1.975000000000000000e+05 7.900000616931830422e-01 1.708010923987255403e-01 6.779699590350477534e-01 1.488393263541192557e-01 2.389622212107419402e-03 0.000000000000000000e+00
2.000000000000000000e+05 8.000000624741097077e-01 1.611288120163859861e-01 6.901456531634045932e-01 1.457669549385525731e-01 2.958579881656804664e-03 0.000000000000000000e+00
2.025000000000000000e+05 8.100000632550357071e-01 1.643149749658625314e-01 6.769458352298588499e-01 1.552116522530723741e-01 3.527537551206190360e-03 0.000000000000000000e+00
2.050000000000000000e+05 8.200000640359619286e-01 1.653390987710514348e-01 6.866181156121984319e-01 1.434911242603550408e-01 4.551661356395083832e-03 0.000000000000000000e+00
2.075000000000000000e+05 8.300000648168885942e-01 1.671597633136094607e-01 6.912835685025033872e-01 1.372325898953117851e-01 4.324078288575329727e-03 0.000000000000000000e+00
2.100000000000000000e+05 8.400000655978150377e-01 1.689804278561675144e-01 6.746700045516613731e-01 1.535047792444242110e-01 2.844788347746927612e-03 0.000000000000000000e+00
2.125000000000000000e+05 8.500000663787412591e-01 1.703459262630860338e-01 6.692080109239872954e-01 1.572598998634501533e-01 3.186162949476558769e-03 0.000000000000000000e+00
2.150000000000000000e+05 8.600000671596674806e-01 1.705735093309057870e-01 6.694355939918069653e-01 1.570323167956304000e-01 2.958579881656804664e-03 0.000000000000000000e+00
2.175000000000000000e+05 8.700000679405939241e-01 1.738734638142922229e-01 6.659080564406008040e-01 1.555530268548019901e-01 4.665452890304961318e-03 0.000000000000000000e+00
2.200000000000000000e+05 8.800000687215205897e-01 1.744424214838415921e-01 6.623805188893946427e-01 1.597633136094674666e-01 3.413746017296313308e-03 0.000000000000000000e+00
2.225000000000000000e+05 8.900000695024468111e-01 1.770596267637687682e-01 6.560081929904415521e-01 1.630632680928539024e-01 3.868912152935821518e-03 0.000000000000000000e+00
2.250000000000000000e+05 9.000000702833730326e-01 1.901456531634046487e-01 6.313154301319982009e-01 1.752389622212107423e-01 3.299954483386436255e-03 0.000000000000000000e+00
2.275000000000000000e+05 9.100000710642994761e-01 2.031178880291306388e-01 6.340464269458352398e-01 1.571461083295402905e-01 5.689576695493855224e-03 0.000000000000000000e+00
2.300000000000000000e+05 9.200000718452259196e-01 1.886663632225762388e-01 6.293809740555302845e-01 1.769458352298589054e-01 5.006827492034592909e-03 0.000000000000000000e+00
2.325000000000000000e+05 9.300000726261521411e-01 1.794492489758761911e-01 6.442876649977241632e-01 1.738734638142922229e-01 2.389622212107419402e-03 0.000000000000000000e+00
2.350000000000000000e+05 9.400000734070783626e-01 1.837733272644515303e-01 6.375739644970414011e-01 1.762630860263996457e-01 2.389622212107419402e-03 0.000000000000000000e+00
2.375000000000000000e+05 9.500000741880050281e-01 1.885525716886663761e-01 6.445152480655439442e-01 1.648839326354119283e-01 2.048247610377787811e-03 0.000000000000000000e+00
2.400000000000000000e+05 9.600000749689314716e-01 1.846836595357305433e-01 6.414428766499772339e-01 1.718252162039144160e-01 2.048247610377787811e-03 0.000000000000000000e+00
2.425000000000000000e+05 9.700000757498576931e-01 1.672735548475193512e-01 6.887801547564861293e-01 1.423532089212562468e-01 1.593081474738279385e-03 0.000000000000000000e+00
2.450000000000000000e+05 9.800000765307839146e-01 1.669321802457897075e-01 6.888939462903960198e-01 1.424670004551661373e-01 1.706873008648156654e-03 0.000000000000000000e+00
2.475000000000000000e+05 9.900000773117103581e-01 1.710286754665452935e-01 6.893491124260354708e-01 1.371187983614019223e-01 2.503413746017296455e-03 0.000000000000000000e+00
2.500000000000000000e+05 1.000000078092636802e+00 1.560081929904415243e-01 7.039144287664997890e-01 1.366636322257624159e-01 3.413746017296313308e-03 0.000000000000000000e+00
