# itime ezz other fcc hcp bcc ico
0.000000000000000000e+00 0.000000000000000000e+00 0.000000000000000000e+00 1.000000000000000000e+00 0.000000000000000000e+00 0.000000000000000000e+00 0.000000000000000000e+00
2.500000000000000000e+03 9.999990825346305456e-03 0.000000000000000000e+00 1.000000000000000000e+00 0.000000000000000000e+00 0.000000000000000000e+00 0.000000000000000000e+00
5.000000000000000000e+03 1.999998165069261091e-02 0.000000000000000000e+00 1.000000000000000000e+00 0.000000000000000000e+00 0.000000000000000000e+00 0.000000000000000000e+00
7.500000000000000000e+03 2.999997247603891637e-02 0.000000000000000000e+00 1.000000000000000000e+00 0.000000000000000000e+00 0.000000000000000000e+00 0.000000000000000000e+00
1.000000000000000000e+04 3.999996330138499978e-02 0.000000000000000000e+00 1.000000000000000000e+00 0.000000000000000000e+00 0.000000000000000000e+00 0.000000000000000000e+00
1.250000000000000000e+04 4.999995412673130524e-02 0.000000000000000000e+00 1.000000000000000000e+00 0.000000000000000000e+00 0.000000000000000000e+00 0.000000000000000000e+00
1.500000000000000000e+04 5.999994495207761069e-02 2.275830678197542133e-04 9.997724169321802190e-01 0.000000000000000000e+00 0.000000000000000000e+00 0.000000000000000000e+00
1.750000000000000000e+04 6.999993577742391615e-02 0.000000000000000000e+00 1.000000000000000000e+00 0.000000000000000000e+00 0.000000000000000000e+00 0.000000000000000000e+00
2.000000000000000000e+04 7.999992660277022161e-02 0.000000000000000000e+00 1.000000000000000000e+00 0.000000000000000000e+00 0.000000000000000000e+00 0.000000000000000000e+00
2.250000000000000000e+04 8.999991742811652706e-02 1.479289940828402332e-03 9.985207100591716456e-01 0.000000000000000000e+00 0.000000000000000000e+00 0.000000000000000000e+00
2.500000000000000000e+04 9.999990825346261047e-02 2.389622212107419402e-03 9.974965862539827421e-01 0.000000000000000000e+00 1.137915339098771066e-04 0.000000000000000000e+00
2.750000000000000000e+04 1.099998990788089159e-01 2.389622212107419055e-02 9.616522530723714546e-01 0.000000000000000000e+00 1.445152480655439303e-02 0.000000000000000000e+00
3.000000000000000000e+04 1.199998899041552214e-01 7.976786527082385669e-02 7.787892580791988539e-01 1.363222576240327721e-01 5.120619025944469528e-03 0.000000000000000000e+00
3.250000000000000000e+04 1.299998807295015268e-01 3.675466545289030745e-02 8.167956304050978389e-01 1.459945380063723264e-01 4.551661356395084266e-04 0.000000000000000000e+00
3.500000000000000000e+04 1.399998715548478323e-01 3.664087391898043083e-02 8.170232134729176199e-01 1.457669549385525731e-01 5.689576695493854790e-04 0.000000000000000000e+00
3.750000000000000000e+04 1.499998623801941378e-01 3.709604005461993731e-02 8.163404642694583879e-01 1.459945380063723264e-01 5.689576695493854790e-04 0.000000000000000000e+00
4.000000000000000000e+04 1.599998532055404432e-01 3.891670459717797015e-02 8.146335912608101415e-01 1.459945380063723264e-01 4.551661356395084266e-04 0.000000000000000000e+00
4.250000000000000000e+04 1.699998440308865266e-01 4.574419663177059503e-02 8.060992262175694645e-01 1.473600364132908458e-01 7.965407373691396923e-04 0.000000000000000000e+00
4.500000000000000000e+04 1.799998348562328321e-01 8.409194355939918208e-02 7.518206645425580259e-01 1.605598543468365891e-01 3.527537551206190360e-03 0.000000000000000000e+00
4.750000000000000000e+04 1.899998256815791375e-01 8.147473827947200598e-02 7.559171597633136397e-01 1.591943559399180697e-01 3.413746017296313308e-03 0.000000000000000000e+00
5.000000000000000000e+04 1.999998165069254430e-01 8.716431497496586467e-02 7.439690487027764698e-01 1.647701411015020379e-01 4.096495220755575623e-03 0.000000000000000000e+00
5.250000000000000000e+04 2.099998073322717485e-01 9.433318161128811941e-02 7.360036413290851343e-01 1.656804733727810786e-01 3.982703686845699004e-03 0.000000000000000000e+00
5.500000000000000000e+04 2.199997981576180539e-01 8.944014565316341092e-02 7.308830223031406170e-01 1.764906690942193990e-01 3.186162949476558769e-03 0.000000000000000000e+00
5.750000000000000000e+04 2.299997889829641373e-01 9.911242603550296515e-02 7.121074192080109055e-01 1.853664087391898030e-01 3.413746017296313308e-03 0.000000000000000000e+00
6.000000000000000000e+04 2.399997798083104428e-01 1.034365043240782905e-01 7.144970414201183839e-01 1.792216659080564378e-01 2.844788347746927612e-03 0.000000000000000000e+00
6.250000000000000000e+04 2.499997706336567482e-01 1.051433773327264398e-01 7.174556213017750927e-01 1.746700045516613453e-01 2.730996813837050560e-03 0.000000000000000000e+00
6.500000000000000000e+04 2.599997614590030537e-01 1.063950842057350965e-01 7.165452890304960798e-01 1.751251706873008518e-01 1.934456076467910759e-03 0.000000000000000000e+00
6.750000000000000000e+04 2.699997522843493591e-01 1.049157942649066866e-01 7.144970414201183839e-01 1.781975421028675344e-01 2.389622212107419402e-03 0.000000000000000000e+00
7.000000000000000000e+04 2.799997431096956646e-01 1.084433318161128756e-01 7.090350477924441952e-01 1.795630405097860816e-01 2.958579881656804664e-03 0.000000000000000000e+00
7.250000000000000000e+04 2.899997339350417480e-01 1.202776513427400995e-01 6.853664087391898585e-01 1.909421939007737712e-01 3.413746017296313308e-03 0.000000000000000000e+00
7.500000000000000000e+04 2.999997247603880535e-01 1.151570323167956239e-01 6.634046426945835462e-01 2.104005461993627701e-01 1.103777878925807886e-02 0.000000000000000000e+00
7.750000000000000000e+04 3.099997155857343589e-01 1.291533909877105035e-01 6.360946745562130467e-01 2.258761948111060458e-01 8.875739644970414427e-03 0.000000000000000000e+00
8.000000000000000000e+04 3.199997064110806644e-01 1.447428311333636697e-01 6.456531634046427381e-01 2.026627218934911323e-01 6.941283568502503235e-03 0.000000000000000000e+00
8.250000000000000000e+04 3.299996972364269698e-01 1.474738279472007363e-01 6.496358670914883504e-01 1.945835229858898507e-01 8.306781975421027864e-03 0.000000000000000000e+00
8.500000000000000000e+04 3.399996880617732753e-01 1.595357305416477134e-01 6.417842512517069054e-01 1.908284023668639084e-01 7.851615839781519654e-03 0.000000000000000000e+00
8.750000000000000000e+04 3.499996788871195808e-01 1.516841147018661851e-01 6.796768320436959998e-01 1.624943104233045055e-01 6.144742831133363434e-03 0.000000000000000000e+00
9.000000000000000000e+04 3.599996697124656642e-01 1.545289030496131144e-01 6.791078743741465473e-01 1.611288120163859861e-01 5.234410559854347014e-03 0.000000000000000000e+00
9.250000000000000000e+04 3.699996605378119696e-01 1.607874374146563423e-01 6.718252162039144437e-01 1.612426035502958488e-01 6.144742831133363434e-03 0.000000000000000000e+00
9.500000000000000000e+04 3.799996513631582751e-01 1.741010468821119761e-01 6.305188893946290785e-01 1.910559854346836617e-01 4.324078288575329727e-03 0.000000000000000000e+00
9.750000000000000000e+04 3.899996421885045805e-01 1.709148839326354030e-01 6.215293582157487284e-01 2.017523896222121194e-01 5.803368229403732710e-03 0.000000000000000000e+00
1.000000000000000000e+05 3.999996330138508860e-01 1.697769685935366368e-01 6.156121984524350887e-01 2.096040054619936199e-01 5.006827492034592909e-03 0.000000000000000000e+00
1.025000000000000000e+05 4.099996238391971914e-01 1.698907601274465273e-01 6.489531178880291185e-01 1.746700045516613453e-01 6.486117432862995025e-03 0.000000000000000000e+00
1.050000000000000000e+05 4.199996146645432749e-01 1.680700955848884737e-01 6.519116977696859383e-01 1.727355484751934567e-01 7.282658170232134826e-03 0.000000000000000000e+00
1.075000000000000000e+05 4.299996054898895803e-01 1.669321802457897075e-01 6.577150659990896875e-01 1.663632225762403383e-01 8.989531178880291046e-03 0.000000000000000000e+00
1.100000000000000000e+05 4.399995963152358858e-01 1.668183887118798447e-01 6.787664997724169869e-01 1.467910787437414766e-01 7.624032771961766417e-03 0.000000000000000000e+00
1.125000000000000000e+05 4.499995871405821912e-01 1.536185707783341015e-01 6.787664997724169869e-01 1.612426035502958488e-01 6.372325898953117539e-03 0.000000000000000000e+00
1.150000000000000000e+05 4.599995779659284967e-01 1.571461083295402905e-01 6.731907146108329076e-01 1.642011834319526686e-01 5.461993627674101119e-03 0.000000000000000000e+00
1.175000000000000000e+05 4.699995687912748021e-01 1.652253072371415443e-01 6.702321347291761988e-01 1.560081929904415243e-01 8.534365043240782836e-03 0.000000000000000000e+00
1.200000000000000000e+05 4.799995596166211076e-01 1.786527082385070686e-01 6.126536185707783799e-01 2.011834319526627224e-01 7.510241238051888930e-03 0.000000000000000000e+00
1.225000000000000000e+05 4.899995504419671910e-01 1.745562130177514826e-01 6.615839781520255203e-01 1.573736913973600438e-01 6.486117432862995025e-03 0.000000000000000000e+00
1.250000000000000000e+05 4.999995412673134965e-01 1.627218934911242587e-01 6.869594902139281034e-01 1.446290395994538069e-01 5.689576695493855224e-03 0.000000000000000000e+00
1.275000000000000000e+05 5.099995320926598019e-01 1.700045516613563901e-01 6.771734182976786309e-01 1.483841602184797492e-01 4.437869822485207214e-03 0.000000000000000000e+00
1.300000000000000000e+05 5.199995229180061074e-01 1.673873463814292140e-01 6.842284934000910646e-01 1.422394173873463841e-01 6.144742831133363434e-03 0.000000000000000000e+00
1.325000000000000000e+05 5.299995137433524128e-01 1.686390532544378706e-01 6.738734638142922506e-01 1.520254893035958010e-01 5.461993627674101119e-03 0.000000000000000000e+00
1.350000000000000000e+05 5.399995045686987183e-01 1.743286299499317293e-01 6.676149294492489394e-01 1.500910332271279124e-01 7.965407373691398007e-03 0.000000000000000000e+00
1.375000000000000000e+05 5.499994953940448017e-01 1.777423759672280279e-01 6.541875284478835262e-01 1.589667728720983164e-01 9.103322712790167665e-03 0.000000000000000000e+00
1.400000000000000000e+05 5.599994862193911072e-01 1.885525716886663761e-01 6.413290851160673434e-01 1.636322257624032717e-01 6.486117432862995025e-03 0.000000000000000000e+00
1.425000000000000000e+05 5.699994770447374126e-01 1.829767865270823801e-01 6.431497496586253693e-01 1.663632225762403383e-01 7.510241238051888930e-03 0.000000000000000000e+00
1.450000000000000000e+05 5.799994678700837181e-01 1.937869822485207005e-01 6.321119708693673234e-01 1.678425125170687204e-01 6.258534365043240920e-03 0.000000000000000000e+00
1.475000000000000000e+05 5.899994586954300235e-01 1.984524351388256835e-01 6.298361401911697355e-01 1.669321802457897075e-01 4.779244424214838804e-03 0.000000000000000000e+00
1.500000000000000000e+05 5.999994495207763290e-01 1.984524351388256835e-01 6.264223941738734647e-01 1.708010923987255403e-01 4.324078288575329727e-03 0.000000000000000000e+00
1.525000000000000000e+05 6.099994403461226344e-01 1.822940373236231204e-01 6.813837050523441352e-01 1.318843878015475701e-01 4.437869822485207214e-03 0.000000000000000000e+00
1.550000000000000000e+05 6.199994311714687178e-01 1.822940373236231204e-01 7.002730996813837372e-01 1.115157032316795582e-01 5.917159763313609329e-03 0.000000000000000000e+00
1.575000000000000000e+05 6.299994219968150233e-01 1.763768775603095085e-01 6.711424670004552118e-01 1.487255348202093652e-01 3.755120619025944465e-03 0.000000000000000000e+00
1.600000000000000000e+05 6.399994128221613288e-01 1.826354119253527641e-01 6.614701866181156298e-01 1.515703231679562946e-01 4.324078288575329727e-03 0.000000000000000000e+00
1.625000000000000000e+05 6.499994036475076342e-01 1.820664542558033672e-01 6.621529358215748617e-01 1.510013654984069253e-01 4.779244424214838804e-03 0.000000000000000000e+00
1.650000000000000000e+05 6.599993944728539397e-01 1.842284934000910368e-01 6.572598998634501255e-01 1.548702776513427304e-01 3.641329085116067413e-03 0.000000000000000000e+00
1.675000000000000000e+05 6.699993852982002451e-01 1.917387346381429214e-01 6.430359581247154788e-01 1.594219390077378229e-01 5.803368229403732710e-03 0.000000000000000000e+00
1.700000000000000000e+05 6.799993761235463285e-01 1.919663177059626746e-01 6.418980427856167958e-01 1.620391442876649990e-01 4.096495220755575623e-03 0.000000000000000000e+00
1.725000000000000000e+05 6.899993669488926340e-01 2.156349567592171224e-01 5.757851615839781889e-01 2.056213017751479244e-01 2.958579881656804664e-03 0.000000000000000000e+00
1.750000000000000000e+05 6.999993577742389395e-01 2.113108784706417831e-01 5.723714155666818071e-01 2.111970869367319203e-01 5.120619025944469528e-03 0.000000000000000000e+00
1.775000000000000000e+05 7.099993485995852449e-01 2.129039599453800558e-01 5.518889394629039602e-01 2.299726900318616318e-01 5.234410559854347014e-03 0.000000000000000000e+00
1.800000000000000000e+05 7.199993394249315504e-01 2.267865270823850588e-01 5.043240782885752838e-01 2.644515248065543722e-01 4.437869822485207214e-03 0.000000000000000000e+00
1.825000000000000000e+05 7.299993302502778558e-01 2.331588529813381772e-01 4.832726445152480399e-01 2.801547564861174289e-01 3.413746017296313308e-03 0.000000000000000000e+00
1.850000000000000000e+05 7.399993210756241613e-01 2.284934000910332219e-01 4.880518889394628856e-01 2.803823395539372099e-01 3.072371415566681717e-03 0.000000000000000000e+00
1.875000000000000000e+05 7.499993119009702447e-01 2.298588984979517413e-01 4.792899408284023721e-01 2.856167501137915066e-01 5.234410559854347014e-03 0.000000000000000000e+00
1.900000000000000000e+05 7.599993027263165501e-01 2.133591260810195622e-01 5.931952662721893255e-01 1.868456986800182129e-01 6.599908966772872511e-03 0.000000000000000000e+00
1.925000000000000000e+05 7.699992935516628556e-01 1.977696859353663961e-01 6.118570778334091465e-01 1.849112426035502965e-01 5.461993627674101119e-03 0.000000000000000000e+00
1.950000000000000000e+05 7.799992843770091611e-01 1.986800182066454368e-01 6.096950386891215601e-01 1.844560764679107900e-01 7.168866636322257339e-03 0.000000000000000000e+00
1.975000000000000000e+05 7.899992752023554665e-01 1.931042330450614408e-01 6.456531634046427381e-01 1.549840691852526209e-01 6.258534365043240920e-03 0.000000000000000000e+00
2.000000000000000000e+05 7.999992660277017720e-01 2.009558488848429691e-01 6.702321347291761988e-01 1.248293126991351781e-01 3.982703686845699004e-03 0.000000000000000000e+00
2.025000000000000000e+05 8.099992568530478554e-01 1.826354119253527641e-01 6.696631770596267463e-01 1.412152935821574806e-01 6.486117432862995025e-03 0.000000000000000000e+00
2.050000000000000000e+05 8.199992476783941608e-01 1.952662721893491105e-01 6.541875284478835262e-01 1.457669549385525731e-01 4.779244424214838804e-03 0.000000000000000000e+00
2.075000000000000000e+05 8.299992385037404663e-01 1.972007282658170269e-01 6.469048702776513116e-01 1.491807009558488717e-01 6.713700500682749130e-03 0.000000000000000000e+00
2.100000000000000000e+05 8.399992293290867718e-01 1.984524351388256835e-01 6.354119253527537037e-01 1.611288120163859861e-01 5.006827492034592909e-03 0.000000000000000000e+00
2.125000000000000000e+05 8.499992201544330772e-01 2.015248065543923661e-01 6.260810195721437932e-01 1.659080564406008318e-01 6.486117432862995025e-03 0.000000000000000000e+00
2.150000000000000000e+05 8.599992109797793827e-01 2.061902594446973214e-01 6.266499772416932457e-01 1.599908966772872199e-01 7.168866636322257339e-03 0.000000000000000000e+00
2.175000000000000000e+05 8.699992018051254661e-01 2.141556668183887124e-01 6.067364588074647402e-01 1.711424670004551563e-01 7.965407373691398007e-03 0.000000000000000000e+00
2.200000000000000000e+05 8.799991926304717715e-01 2.117660446062812896e-01 6.208466090122894965e-01 1.599908966772872199e-01 7.396449704142011444e-03 0.000000000000000000e+00
2.225000000000000000e+05 8.899991834558180770e-01 2.102867546654528796e-01 6.036640873918980299e-01 1.803595812471552040e-01 5.689576695493855224e-03 0.000000000000000000e+00
2.250000000000000000e+05 8.999991742811643824e-01 2.160901228948566288e-01 6.046882111970869333e-01 1.734182976786527164e-01 5.803368229403732710e-03 0.000000000000000000e+00
2.275000000000000000e+05 9.099991651065106879e-01 2.063040509786071841e-01 6.340464269458352398e-01 1.546426945835229771e-01 5.006827492034592909e-03 0.000000000000000000e+00
2.300000000000000000e+05 9.199991559318569934e-01 1.928766499772416876e-01 6.725079654073736757e-01 1.300637232589895442e-01 4.551661356395083832e-03 0.000000000000000000e+00
2.325000000000000000e+05 9.299991467572032988e-01 1.933318161128811941e-01 6.756941283568502765e-01 1.265361857077833274e-01 4.437869822485207214e-03 0.000000000000000000e+00
2.350000000000000000e+05 9.399991375825493822e-01 1.992489758761948060e-01 6.612426035502958488e-01 1.351843422849340060e-01 4.324078288575329727e-03 0.000000000000000000e+00
2.375000000000000000e+05 9.499991284078956877e-01 2.020937642239417353e-01 6.581702321347291385e-01 1.325671370050068298e-01 7.168866636322257339e-03 0.000000000000000000e+00
2.400000000000000000e+05 9.599991192332419931e-01 1.972007282658170269e-01 6.794492489758762188e-01 1.168639053254437871e-01 6.486117432862995025e-03 0.000000000000000000e+00
2.425000000000000000e+05 9.699991100585882986e-01 2.072143832498861971e-01 6.748975876194811541e-01 1.109467455621301751e-01 6.941283568502503235e-03 0.000000000000000000e+00
2.450000000000000000e+05 9.799991008839346041e-01 2.076695493855257035e-01 6.712562585343649912e-01 1.111743286299499284e-01 9.899863450159307465e-03 0.000000000000000000e+00
2.475000000000000000e+05 9.899990917092809095e-01 2.096040054619936199e-01 6.550978607191625391e-01 1.290395994538006408e-01 6.258534365043240920e-03 0.000000000000000000e+00
2.500000000000000000e+05 9.999990825346269929e-01 2.127901684114701930e-01 6.467910787437414211e-01 1.279016841147018746e-01 1.251706873008648184e-02 0.000000000000000000e+00
