# itime ezz other fcc hcp bcc ico
0.000000000000000000e+00 0.000000000000000000e+00 0.000000000000000000e+00 1.000000000000000000e+00 0.000000000000000000e+00 0.000000000000000000e+00 0.000000000000000000e+00
2.500000000000000000e+02 9.999805005342921049e-04 0.000000000000000000e+00 1.000000000000000000e+00 0.000000000000000000e+00 0.000000000000000000e+00 0.000000000000000000e+00
5.000000000000000000e+02 1.999961001068806254e-03 0.000000000000000000e+00 1.000000000000000000e+00 0.000000000000000000e+00 0.000000000000000000e+00 0.000000000000000000e+00
7.500000000000000000e+02 2.999941501603098359e-03 0.000000000000000000e+00 1.000000000000000000e+00 0.000000000000000000e+00 0.000000000000000000e+00 0.000000000000000000e+00
1.000000000000000000e+03 3.999922002137390464e-03 0.000000000000000000e+00 1.000000000000000000e+00 0.000000000000000000e+00 0.000000000000000000e+00 0.000000000000000000e+00
1.250000000000000000e+03 4.999902502671904614e-03 0.000000000000000000e+00 1.000000000000000000e+00 0.000000000000000000e+00 0.000000000000000000e+00 0.000000000000000000e+00
1.500000000000000000e+03 5.999883003206196719e-03 0.000000000000000000e+00 1.000000000000000000e+00 0.000000000000000000e+00 0.000000000000000000e+00 0.000000000000000000e+00
1.750000000000000000e+03 6.999863503740710868e-03 0.000000000000000000e+00 1.000000000000000000e+00 0.000000000000000000e+00 0.000000000000000000e+00 0.000000000000000000e+00
2.000000000000000000e+03 7.999844004275002973e-03 0.000000000000000000e+00 1.000000000000000000e+00 0.000000000000000000e+00 0.000000000000000000e+00 0.000000000000000000e+00
2.250000000000000000e+03 8.999824504809295078e-03 0.000000000000000000e+00 1.000000000000000000e+00 0.000000000000000000e+00 0.000000000000000000e+00 0.000000000000000000e+00
2.500000000000000000e+03 9.999805005343809228e-03 0.000000000000000000e+00 1.000000000000000000e+00 0.000000000000000000e+00 0.000000000000000000e+00 0.000000000000000000e+00
2.750000000000000000e+03 1.099978550587810133e-02 0.000000000000000000e+00 1.000000000000000000e+00 0.000000000000000000e+00 0.000000000000000000e+00 0.000000000000000000e+00
3.000000000000000000e+03 1.199976600641239344e-02 0.000000000000000000e+00 1.000000000000000000e+00 0.000000000000000000e+00 0.000000000000000000e+00 0.000000000000000000e+00
3.250000000000000000e+03 1.299974650694690759e-02 0.000000000000000000e+00 1.000000000000000000e+00 0.000000000000000000e+00 0.000000000000000000e+00 0.000000000000000000e+00
3.500000000000000000e+03 1.399972700748119969e-02 0.000000000000000000e+00 1.000000000000000000e+00 0.000000000000000000e+00 0.000000000000000000e+00 0.000000000000000000e+00
3.750000000000000000e+03 1.499970750801571384e-02 0.000000000000000000e+00 1.000000000000000000e+00 0.000000000000000000e+00 0.000000000000000000e+00 0.000000000000000000e+00
4.000000000000000000e+03 1.599968800855000595e-02 0.000000000000000000e+00 1.000000000000000000e+00 0.000000000000000000e+00 0.000000000000000000e+00 0.000000000000000000e+00
4.250000000000000000e+03 1.699966850908429805e-02 0.000000000000000000e+00 1.000000000000000000e+00 0.000000000000000000e+00 0.000000000000000000e+00 0.000000000000000000e+00
4.500000000000000000e+03 1.799964900961881220e-02 0.000000000000000000e+00 1.000000000000000000e+00 0.000000000000000000e+00 0.000000000000000000e+00 0.000000000000000000e+00
4.750000000000000000e+03 1.899962951015310431e-02 0.000000000000000000e+00 1.000000000000000000e+00 0.000000000000000000e+00 0.000000000000000000e+00 0.000000000000000000e+00
5.000000000000000000e+03 1.999961001068739641e-02 0.000000000000000000e+00 1.000000000000000000e+00 0.000000000000000000e+00 0.000000000000000000e+00 0.000000000000000000e+00
5.250000000000000000e+03 2.099959051122191056e-02 0.000000000000000000e+00 1.000000000000000000e+00 0.000000000000000000e+00 0.000000000000000000e+00 0.000000000000000000e+00
5.500000000000000000e+03 2.199957101175620267e-02 0.000000000000000000e+00 1.000000000000000000e+00 0.000000000000000000e+00 0.000000000000000000e+00 0.000000000000000000e+00
5.750000000000000000e+03 2.299955151229071681e-02 0.000000000000000000e+00 1.000000000000000000e+00 0.000000000000000000e+00 0.000000000000000000e+00 0.000000000000000000e+00
6.000000000000000000e+03 2.399953201282500892e-02 0.000000000000000000e+00 1.000000000000000000e+00 0.000000000000000000e+00 0.000000000000000000e+00 0.000000000000000000e+00
6.250000000000000000e+03 2.499951251335930102e-02 0.000000000000000000e+00 1.000000000000000000e+00 0.000000000000000000e+00 0.000000000000000000e+00 0.000000000000000000e+00
6.500000000000000000e+03 2.599949301389381517e-02 0.000000000000000000e+00 1.000000000000000000e+00 0.000000000000000000e+00 0.000000000000000000e+00 0.000000000000000000e+00
6.750000000000000000e+03 2.699947351442810728e-02 0.000000000000000000e+00 1.000000000000000000e+00 0.000000000000000000e+00 0.000000000000000000e+00 0.000000000000000000e+00
7.000000000000000000e+03 2.799945401496239938e-02 0.000000000000000000e+00 1.000000000000000000e+00 0.000000000000000000e+00 0.000000000000000000e+00 0.000000000000000000e+00
7.250000000000000000e+03 2.899943451549691353e-02 0.000000000000000000e+00 1.000000000000000000e+00 0.000000000000000000e+00 0.000000000000000000e+00 0.000000000000000000e+00
7.500000000000000000e+03 2.999941501603120564e-02 0.000000000000000000e+00 1.000000000000000000e+00 0.000000000000000000e+00 0.000000000000000000e+00 0.000000000000000000e+00
7.750000000000000000e+03 3.099939551656549774e-02 0.000000000000000000e+00 1.000000000000000000e+00 0.000000000000000000e+00 0.000000000000000000e+00 0.000000000000000000e+00
8.000000000000000000e+03 3.199937601710001189e-02 0.000000000000000000e+00 1.000000000000000000e+00 0.000000000000000000e+00 0.000000000000000000e+00 0.000000000000000000e+00
8.250000000000000000e+03 3.299935651763430400e-02 0.000000000000000000e+00 1.000000000000000000e+00 0.000000000000000000e+00 0.000000000000000000e+00 0.000000000000000000e+00
8.500000000000000000e+03 3.399933701816881815e-02 0.000000000000000000e+00 1.000000000000000000e+00 0.000000000000000000e+00 0.000000000000000000e+00 0.000000000000000000e+00
8.750000000000000000e+03 3.499931751870311025e-02 0.000000000000000000e+00 1.000000000000000000e+00 0.000000000000000000e+00 0.000000000000000000e+00 0.000000000000000000e+00
9.000000000000000000e+03 3.599929801923740236e-02 0.000000000000000000e+00 1.000000000000000000e+00 0.000000000000000000e+00 0.000000000000000000e+00 0.000000000000000000e+00
9.250000000000000000e+03 3.699927851977191651e-02 0.000000000000000000e+00 1.000000000000000000e+00 0.000000000000000000e+00 0.000000000000000000e+00 0.000000000000000000e+00
9.500000000000000000e+03 3.799925902030620861e-02 0.000000000000000000e+00 1.000000000000000000e+00 0.000000000000000000e+00 0.000000000000000000e+00 0.000000000000000000e+00
9.750000000000000000e+03 3.899923952084050072e-02 0.000000000000000000e+00 1.000000000000000000e+00 0.000000000000000000e+00 0.000000000000000000e+00 0.000000000000000000e+00
1.000000000000000000e+04 3.999922002137501487e-02 0.000000000000000000e+00 1.000000000000000000e+00 0.000000000000000000e+00 0.000000000000000000e+00 0.000000000000000000e+00
1.025000000000000000e+04 4.099920052190930697e-02 0.000000000000000000e+00 1.000000000000000000e+00 0.000000000000000000e+00 0.000000000000000000e+00 0.000000000000000000e+00
1.050000000000000000e+04 4.199918102244382112e-02 0.000000000000000000e+00 1.000000000000000000e+00 0.000000000000000000e+00 0.000000000000000000e+00 0.000000000000000000e+00
1.075000000000000000e+04 4.299916152297811323e-02 0.000000000000000000e+00 1.000000000000000000e+00 0.000000000000000000e+00 0.000000000000000000e+00 0.000000000000000000e+00
1.100000000000000000e+04 4.399914202351240533e-02 0.000000000000000000e+00 1.000000000000000000e+00 0.000000000000000000e+00 0.000000000000000000e+00 0.000000000000000000e+00
1.125000000000000000e+04 4.499912252404691948e-02 0.000000000000000000e+00 1.000000000000000000e+00 0.000000000000000000e+00 0.000000000000000000e+00 0.000000000000000000e+00
1.150000000000000000e+04 4.599910302458121159e-02 0.000000000000000000e+00 1.000000000000000000e+00 0.000000000000000000e+00 0.000000000000000000e+00 0.000000000000000000e+00
1.175000000000000000e+04 4.699908352511550369e-02 0.000000000000000000e+00 1.000000000000000000e+00 0.000000000000000000e+00 0.000000000000000000e+00 0.000000000000000000e+00
1.200000000000000000e+04 4.799906402565001784e-02 0.000000000000000000e+00 1.000000000000000000e+00 0.000000000000000000e+00 0.000000000000000000e+00 0.000000000000000000e+00
1.225000000000000000e+04 4.899904452618430994e-02 0.000000000000000000e+00 1.000000000000000000e+00 0.000000000000000000e+00 0.000000000000000000e+00 0.000000000000000000e+00
1.250000000000000000e+04 4.999902502671882409e-02 0.000000000000000000e+00 1.000000000000000000e+00 0.000000000000000000e+00 0.000000000000000000e+00 0.000000000000000000e+00
1.275000000000000000e+04 5.099900552725311620e-02 0.000000000000000000e+00 1.000000000000000000e+00 0.000000000000000000e+00 0.000000000000000000e+00 0.000000000000000000e+00
1.300000000000000000e+04 5.199898602778740830e-02 0.000000000000000000e+00 1.000000000000000000e+00 0.000000000000000000e+00 0.000000000000000000e+00 0.000000000000000000e+00
1.325000000000000000e+04 5.299896652832192245e-02 0.000000000000000000e+00 1.000000000000000000e+00 0.000000000000000000e+00 0.000000000000000000e+00 0.000000000000000000e+00
1.350000000000000000e+04 5.399894702885621456e-02 0.000000000000000000e+00 1.000000000000000000e+00 0.000000000000000000e+00 0.000000000000000000e+00 0.000000000000000000e+00
1.375000000000000000e+04 5.499892752939050666e-02 0.000000000000000000e+00 1.000000000000000000e+00 0.000000000000000000e+00 0.000000000000000000e+00 0.000000000000000000e+00
1.400000000000000000e+04 5.599890802992502081e-02 0.000000000000000000e+00 1.000000000000000000e+00 0.000000000000000000e+00 0.000000000000000000e+00 0.000000000000000000e+00
1.425000000000000000e+04 5.699888853045931292e-02 3.413746017296313199e-04 9.996586253982703285e-01 0.000000000000000000e+00 0.000000000000000000e+00 0.000000000000000000e+00
1.450000000000000000e+04 5.799886903099360502e-02 0.000000000000000000e+00 1.000000000000000000e+00 0.000000000000000000e+00 0.000000000000000000e+00 0.000000000000000000e+00
1.475000000000000000e+04 5.899884953152811917e-02 0.000000000000000000e+00 1.000000000000000000e+00 0.000000000000000000e+00 0.000000000000000000e+00 0.000000000000000000e+00
1.500000000000000000e+04 5.999883003206241128e-02 0.000000000000000000e+00 1.000000000000000000e+00 0.000000000000000000e+00 0.000000000000000000e+00 0.000000000000000000e+00
1.525000000000000000e+04 6.099881053259692543e-02 0.000000000000000000e+00 1.000000000000000000e+00 0.000000000000000000e+00 0.000000000000000000e+00 0.000000000000000000e+00
1.550000000000000000e+04 6.199879103313121753e-02 0.000000000000000000e+00 1.000000000000000000e+00 0.000000000000000000e+00 0.000000000000000000e+00 0.000000000000000000e+00
1.575000000000000000e+04 6.299877153366550964e-02 0.000000000000000000e+00 1.000000000000000000e+00 0.000000000000000000e+00 0.000000000000000000e+00 0.000000000000000000e+00
1.600000000000000000e+04 6.399875203420002379e-02 0.000000000000000000e+00 1.000000000000000000e+00 0.000000000000000000e+00 0.000000000000000000e+00 0.000000000000000000e+00
1.625000000000000000e+04 6.499873253473431589e-02 1.137915339098771066e-04 9.998862084660901095e-01 0.000000000000000000e+00 0.000000000000000000e+00 0.000000000000000000e+00
1.650000000000000000e+04 6.599871303526860800e-02 0.000000000000000000e+00 1.000000000000000000e+00 0.000000000000000000e+00 0.000000000000000000e+00 0.000000000000000000e+00
1.675000000000000000e+04 6.699869353580312215e-02 1.137915339098771066e-04 9.998862084660901095e-01 0.000000000000000000e+00 0.000000000000000000e+00 0.000000000000000000e+00
1.700000000000000000e+04 6.799867403633741425e-02 0.000000000000000000e+00 1.000000000000000000e+00 0.000000000000000000e+00 0.000000000000000000e+00 0.000000000000000000e+00
1.725000000000000000e+04 6.899865453687192840e-02 0.000000000000000000e+00 1.000000000000000000e+00 0.000000000000000000e+00 0.000000000000000000e+00 0.000000000000000000e+00
1.750000000000000000e+04 6.999863503740622050e-02 1.137915339098771066e-04 9.998862084660901095e-01 0.000000000000000000e+00 0.000000000000000000e+00 0.000000000000000000e+00
1.775000000000000000e+04 7.099861553794051261e-02 0.000000000000000000e+00 1.000000000000000000e+00 0.000000000000000000e+00 0.000000000000000000e+00 0.000000000000000000e+00
1.800000000000000000e+04 7.199859603847502676e-02 4.551661356395084266e-04 9.995448338643604380e-01 0.000000000000000000e+00 0.000000000000000000e+00 0.000000000000000000e+00
1.825000000000000000e+04 7.299857653900931886e-02 4.551661356395084266e-04 9.995448338643604380e-01 0.000000000000000000e+00 0.000000000000000000e+00 0.000000000000000000e+00
1.850000000000000000e+04 7.399855703954361097e-02 4.551661356395084266e-04 9.995448338643604380e-01 0.000000000000000000e+00 0.000000000000000000e+00 0.000000000000000000e+00
1.875000000000000000e+04 7.499853754007812512e-02 3.413746017296313199e-04 9.996586253982703285e-01 0.000000000000000000e+00 0.000000000000000000e+00 0.000000000000000000e+00
1.900000000000000000e+04 7.599851804061241722e-02 2.275830678197542133e-04 9.997724169321802190e-01 0.000000000000000000e+00 0.000000000000000000e+00 0.000000000000000000e+00
1.925000000000000000e+04 7.699849854114693137e-02 4.551661356395084266e-04 9.995448338643604380e-01 0.000000000000000000e+00 0.000000000000000000e+00 0.000000000000000000e+00
1.950000000000000000e+04 7.799847904168122348e-02 1.137915339098771066e-04 9.998862084660901095e-01 0.000000000000000000e+00 0.000000000000000000e+00 0.000000000000000000e+00
1.975000000000000000e+04 7.899845954221551558e-02 2.275830678197542133e-04 9.997724169321802190e-01 0.000000000000000000e+00 0.000000000000000000e+00 0.000000000000000000e+00
2.000000000000000000e+04 7.999844004275002973e-02 2.275830678197542133e-04 9.997724169321802190e-01 0.000000000000000000e+00 0.000000000000000000e+00 0.000000000000000000e+00
2.025000000000000000e+04 8.099842054328432184e-02 7.965407373691396923e-04 9.990896677287209870e-01 0.000000000000000000e+00 1.137915339098771066e-04 0.000000000000000000e+00
2.050000000000000000e+04 8.199840104381861394e-02 1.137915339098770958e-03 9.987482931269913156e-01 0.000000000000000000e+00 1.137915339098771066e-04 0.000000000000000000e+00
2.075000000000000000e+04 8.299838154435312809e-02 1.137915339098770958e-03 9.988620846609012061e-01 0.000000000000000000e+00 0.000000000000000000e+00 0.000000000000000000e+00
2.100000000000000000e+04 8.399836204488742020e-02 2.275830678197542133e-04 9.997724169321802190e-01 0.000000000000000000e+00 0.000000000000000000e+00 0.000000000000000000e+00
2.125000000000000000e+04 8.499834254542171230e-02 1.137915339098770958e-03 9.987482931269913156e-01 0.000000000000000000e+00 1.137915339098771066e-04 0.000000000000000000e+00
2.150000000000000000e+04 8.599832304595622645e-02 2.275830678197542133e-04 9.996586253982703285e-01 0.000000000000000000e+00 1.137915339098771066e-04 0.000000000000000000e+00
2.175000000000000000e+04 8.699830354649051856e-02 5.689576695493854790e-04 9.993172507965407680e-01 0.000000000000000000e+00 1.137915339098771066e-04 0.000000000000000000e+00
2.200000000000000000e+04 8.799828404702503271e-02 0.000000000000000000e+00 1.000000000000000000e+00 0.000000000000000000e+00 0.000000000000000000e+00 0.000000000000000000e+00
2.225000000000000000e+04 8.899826454755932481e-02 1.024123805188893906e-03 9.989758761948110966e-01 0.000000000000000000e+00 0.000000000000000000e+00 0.000000000000000000e+00
2.250000000000000000e+04 8.999824504809361692e-02 6.827492034592626399e-04 9.993172507965407680e-01 0.000000000000000000e+00 0.000000000000000000e+00 0.000000000000000000e+00
2.275000000000000000e+04 9.099822554862813107e-02 1.706873008648156654e-03 9.982931269913518646e-01 0.000000000000000000e+00 0.000000000000000000e+00 0.000000000000000000e+00
2.300000000000000000e+04 9.199820604916242317e-02 1.706873008648156654e-03 9.982931269913518646e-01 0.000000000000000000e+00 0.000000000000000000e+00 0.000000000000000000e+00
2.325000000000000000e+04 9.299818654969671528e-02 1.024123805188893906e-03 9.989758761948110966e-01 0.000000000000000000e+00 0.000000000000000000e+00 0.000000000000000000e+00
2.350000000000000000e+04 9.399816705023122942e-02 2.162039144287664864e-03 9.977241693218024121e-01 0.000000000000000000e+00 1.137915339098771066e-04 0.000000000000000000e+00
2.375000000000000000e+04 9.499814755076552153e-02 3.072371415566681717e-03 9.968138370505233992e-01 0.000000000000000000e+00 1.137915339098771066e-04 0.000000000000000000e+00
2.400000000000000000e+04 9.599812805130003568e-02 6.827492034592626399e-04 9.993172507965407680e-01 0.000000000000000000e+00 0.000000000000000000e+00 0.000000000000000000e+00
2.425000000000000000e+04 9.699810855183432778e-02 1.820664542558033706e-03 9.981793354574419741e-01 0.000000000000000000e+00 0.000000000000000000e+00 0.000000000000000000e+00
2.450000000000000000e+04 9.799808905236861989e-02 2.730996813837050560e-03 9.970414201183431802e-01 0.000000000000000000e+00 2.275830678197542133e-04 0.000000000000000000e+00
2.475000000000000000e+04 9.899806955290313404e-02 4.437869822485207214e-03 9.955621301775148257e-01 0.000000000000000000e+00 0.000000000000000000e+00 0.000000000000000000e+00
2.500000000000000000e+04 9.999805005343742614e-02 4.551661356395083832e-03 9.948793809740554828e-01 0.000000000000000000e+00 5.689576695493854790e-04 0.000000000000000000e+00
2.525000000000000000e+04 1.009980305539717182e-01 2.162039144287664864e-03 9.977241693218024121e-01 0.000000000000000000e+00 1.137915339098771066e-04 0.000000000000000000e+00
2.550000000000000000e+04 1.019980110545062324e-01 3.527537551206190360e-03 9.962448793809740577e-01 0.000000000000000000e+00 2.275830678197542133e-04 0.000000000000000000e+00
2.575000000000000000e+04 1.029979915550405245e-01 4.210286754665453109e-03 9.952207555757851543e-01 0.000000000000000000e+00 5.689576695493854790e-04 0.000000000000000000e+00
2.600000000000000000e+04 1.039979720555750387e-01 5.917159763313609329e-03 9.937414656349567998e-01 0.000000000000000000e+00 3.413746017296313199e-04 0.000000000000000000e+00
2.625000000000000000e+04 1.049979525561093308e-01 6.599908966772872511e-03 9.930587164314974569e-01 0.000000000000000000e+00 3.413746017296313199e-04 0.000000000000000000e+00
2.650000000000000000e+04 1.059979330566436229e-01 7.168866636322257339e-03 9.914656349567592120e-01 0.000000000000000000e+00 1.365498406918525280e-03 0.000000000000000000e+00
2.675000000000000000e+04 1.069979135571781370e-01 4.779244424214838804e-03 9.949931725079653733e-01 0.000000000000000000e+00 2.275830678197542133e-04 0.000000000000000000e+00
2.700000000000000000e+04 1.079978940577124291e-01 8.534365043240782836e-03 9.906690942193900895e-01 0.000000000000000000e+00 7.965407373691396923e-04 0.000000000000000000e+00
2.725000000000000000e+04 1.089978745582467212e-01 1.775147928994082885e-02 9.764451524806554428e-01 0.000000000000000000e+00 5.803368229403732710e-03 0.000000000000000000e+00
2.750000000000000000e+04 1.099978550587812354e-01 6.736458807464724974e-02 7.477241693218024121e-01 0.000000000000000000e+00 1.849112426035502965e-01 0.000000000000000000e+00
2.775000000000000000e+04 1.109978355593155275e-01 1.847974510696404060e-01 1.898042785616750050e-01 4.096495220755575623e-02 5.844333181611288675e-01 0.000000000000000000e+00
2.800000000000000000e+04 1.119978160598498196e-01 2.199590350477924339e-01 4.522075557578515981e-01 2.701411015020482309e-01 5.769230769230769551e-02 0.000000000000000000e+00
2.825000000000000000e+04 1.129977965603843337e-01 2.086936731907146070e-01 5.077378243058716656e-01 2.512517068730086289e-01 3.231679563040509851e-02 0.000000000000000000e+00
2.850000000000000000e+04 1.139977770609186258e-01 1.964041875284478766e-01 5.703231679563040002e-01 2.144970414201183562e-01 1.877560309512972189e-02 0.000000000000000000e+00
2.875000000000000000e+04 1.149977575614531400e-01 1.291533909877105035e-01 7.033454710969503365e-01 1.576012744651797970e-01 9.899863450159307465e-03 0.000000000000000000e+00
2.900000000000000000e+04 1.159977380619874321e-01 9.865725989986344480e-02 7.358898497951752438e-01 1.603322712790168358e-01 5.120619025944469528e-03 0.000000000000000000e+00
2.925000000000000000e+04 1.169977185625217242e-01 8.773327264451524776e-02 7.488620846609012061e-01 1.594219390077378229e-01 3.982703686845699004e-03 0.000000000000000000e+00
2.950000000000000000e+04 1.179976990630562383e-01 7.692307692307692735e-02 7.617205279927173889e-01 1.591943559399180697e-01 2.162039144287664864e-03 0.000000000000000000e+00
2.975000000000000000e+04 1.189976795635905304e-01 3.994082840236686666e-02 8.123577605826126646e-01 1.477014110150204895e-01 0.000000000000000000e+00 0.000000000000000000e+00
3.000000000000000000e+04 1.199976600641248226e-01 3.903049613108784677e-02 8.133818843878015681e-01 1.472462448793809831e-01 3.413746017296313199e-04 0.000000000000000000e+00
3.025000000000000000e+04 1.209976405646593367e-01 3.812016385980882688e-02 8.145197997269003620e-01 1.472462448793809831e-01 1.137915339098771066e-04 0.000000000000000000e+00
3.050000000000000000e+04 1.219976210651936288e-01 3.766499772416932040e-02 8.140646335912608000e-01 1.479289940828402428e-01 3.413746017296313199e-04 0.000000000000000000e+00
3.075000000000000000e+04 1.229976015657281430e-01 3.789258079198907364e-02 8.147473827947200320e-01 1.473600364132908458e-01 0.000000000000000000e+00 0.000000000000000000e+00
3.100000000000000000e+04 1.239975820662624351e-01 3.698224852071006069e-02 8.153163404642694845e-01 1.475876194811105990e-01 1.137915339098771066e-04 0.000000000000000000e+00
3.125000000000000000e+04 1.249975625667967272e-01 3.743741465634956717e-02 8.152025489303595940e-01 1.473600364132908458e-01 0.000000000000000000e+00 0.000000000000000000e+00
3.150000000000000000e+04 1.259975430673312413e-01 3.743741465634956717e-02 8.149749658625398130e-01 1.473600364132908458e-01 2.275830678197542133e-04 0.000000000000000000e+00
3.175000000000000000e+04 1.269975235678655334e-01 3.709604005461993731e-02 8.154301319981793750e-01 1.473600364132908458e-01 1.137915339098771066e-04 0.000000000000000000e+00
3.200000000000000000e+04 1.279975040683998255e-01 3.720983158852981393e-02 8.154301319981793750e-01 1.473600364132908458e-01 0.000000000000000000e+00 0.000000000000000000e+00
3.225000000000000000e+04 1.289974845689343397e-01 3.698224852071006069e-02 8.154301319981793750e-01 1.474738279472007363e-01 1.137915339098771066e-04 0.000000000000000000e+00
3.250000000000000000e+04 1.299974650694686318e-01 3.709604005461993731e-02 8.154301319981793750e-01 1.474738279472007363e-01 0.000000000000000000e+00 0.000000000000000000e+00
3.275000000000000000e+04 1.309974455700031459e-01 3.743741465634956717e-02 8.146335912608101415e-01 1.477014110150204895e-01 2.275830678197542133e-04 0.000000000000000000e+00
3.300000000000000000e+04 1.319974260705374380e-01 3.755120619025944378e-02 8.147473827947200320e-01 1.475876194811105990e-01 1.137915339098771066e-04 0.000000000000000000e+00
3.325000000000000000e+04 1.329974065710717301e-01 3.766499772416932040e-02 8.145197997269003620e-01 1.478152025489303523e-01 0.000000000000000000e+00 0.000000000000000000e+00
3.350000000000000000e+04 1.339973870716062443e-01 3.800637232589895026e-02 8.144060081929904715e-01 1.475876194811105990e-01 0.000000000000000000e+00 0.000000000000000000e+00
3.375000000000000000e+04 1.349973675721405364e-01 3.823395539371871044e-02 8.138370505234410190e-01 1.474738279472007363e-01 4.551661356395084266e-04 0.000000000000000000e+00
3.400000000000000000e+04 1.359973480726748285e-01 3.777878925807919702e-02 8.146335912608101415e-01 1.473600364132908458e-01 2.275830678197542133e-04 0.000000000000000000e+00
3.425000000000000000e+04 1.369973285732093427e-01 3.755120619025944378e-02 8.146335912608101415e-01 1.474738279472007363e-01 3.413746017296313199e-04 0.000000000000000000e+00
3.450000000000000000e+04 1.379973090737436348e-01 3.777878925807919702e-02 8.148611743286299225e-01 1.473600364132908458e-01 0.000000000000000000e+00 0.000000000000000000e+00
3.475000000000000000e+04 1.389972895742779269e-01 3.732362312243969055e-02 8.154301319981793750e-01 1.471324533454710926e-01 1.137915339098771066e-04 0.000000000000000000e+00
3.500000000000000000e+04 1.399972700748124410e-01 3.755120619025944378e-02 8.147473827947200320e-01 1.474738279472007363e-01 2.275830678197542133e-04 0.000000000000000000e+00
3.525000000000000000e+04 1.409972505753467331e-01 3.755120619025944378e-02 8.148611743286299225e-01 1.474738279472007363e-01 1.137915339098771066e-04 0.000000000000000000e+00
3.550000000000000000e+04 1.419972310758812473e-01 3.823395539371871044e-02 8.137232589895311285e-01 1.474738279472007363e-01 5.689576695493854790e-04 0.000000000000000000e+00
3.575000000000000000e+04 1.429972115764155394e-01 3.868912152935821691e-02 8.138370505234410190e-01 1.473600364132908458e-01 1.137915339098771066e-04 0.000000000000000000e+00
3.600000000000000000e+04 1.439971920769498315e-01 3.766499772416932040e-02 8.144060081929904715e-01 1.478152025489303523e-01 1.137915339098771066e-04 0.000000000000000000e+00
3.625000000000000000e+04 1.449971725774843456e-01 3.880291306326809353e-02 8.128129267182521156e-01 1.479289940828402428e-01 4.551661356395084266e-04 0.000000000000000000e+00
3.650000000000000000e+04 1.459971530780186377e-01 3.789258079198907364e-02 8.144060081929904715e-01 1.475876194811105990e-01 1.137915339098771066e-04 0.000000000000000000e+00
3.675000000000000000e+04 1.469971335785529298e-01 3.880291306326809353e-02 8.132680928538916776e-01 1.477014110150204895e-01 2.275830678197542133e-04 0.000000000000000000e+00
3.700000000000000000e+04 1.479971140790874440e-01 3.868912152935821691e-02 8.133818843878015681e-01 1.477014110150204895e-01 2.275830678197542133e-04 0.000000000000000000e+00
3.725000000000000000e+04 1.489970945796217361e-01 3.766499772416932040e-02 8.147473827947200320e-01 1.474738279472007363e-01 1.137915339098771066e-04 0.000000000000000000e+00
3.750000000000000000e+04 1.499970750801562502e-01 3.925807919890760000e-02 8.117888029130633232e-01 1.482703686845698587e-01 6.827492034592626399e-04 0.000000000000000000e+00
3.775000000000000000e+04 1.509970555806905423e-01 3.812016385980882688e-02 8.140646335912608000e-01 1.474738279472007363e-01 3.413746017296313199e-04 0.000000000000000000e+00
3.800000000000000000e+04 1.519970360812248344e-01 3.823395539371871044e-02 8.140646335912608000e-01 1.473600364132908458e-01 3.413746017296313199e-04 0.000000000000000000e+00
3.825000000000000000e+04 1.529970165817593486e-01 3.766499772416932040e-02 8.148611743286299225e-01 1.473600364132908458e-01 1.137915339098771066e-04 0.000000000000000000e+00
3.850000000000000000e+04 1.539969970822936407e-01 3.823395539371871044e-02 8.144060081929904715e-01 1.472462448793809831e-01 1.137915339098771066e-04 0.000000000000000000e+00
3.875000000000000000e+04 1.549969775828279328e-01 3.891670459717797015e-02 8.137232589895311285e-01 1.472462448793809831e-01 1.137915339098771066e-04 0.000000000000000000e+00
3.900000000000000000e+04 1.559969580833624470e-01 3.846153846153846367e-02 8.133818843878015681e-01 1.475876194811105990e-01 5.689576695493854790e-04 0.000000000000000000e+00
3.925000000000000000e+04 1.569969385838967391e-01 3.857532999544834029e-02 8.128129267182521156e-01 1.474738279472007363e-01 1.137915339098770958e-03 0.000000000000000000e+00
3.950000000000000000e+04 1.579969190844312532e-01 3.994082840236686666e-02 8.116750113791534327e-01 1.475876194811105990e-01 7.965407373691396923e-04 0.000000000000000000e+00
3.975000000000000000e+04 1.589968995849655453e-01 3.846153846153846367e-02 8.124715521165225551e-01 1.477014110150204895e-01 1.365498406918525280e-03 0.000000000000000000e+00
4.000000000000000000e+04 1.599968800854998374e-01 4.016841147018661989e-02 8.106508875739645292e-01 1.477014110150204895e-01 1.479289940828402332e-03 0.000000000000000000e+00
4.025000000000000000e+04 1.609968605860343516e-01 3.994082840236686666e-02 8.121301775147928836e-01 1.474738279472007363e-01 4.551661356395084266e-04 0.000000000000000000e+00
4.050000000000000000e+04 1.619968410865686437e-01 4.073736913973600299e-02 8.108784706417841992e-01 1.472462448793809831e-01 1.137915339098770958e-03 0.000000000000000000e+00
4.075000000000000000e+04 1.629968215871029358e-01 3.937187073281747662e-02 8.116750113791534327e-01 1.479289940828402428e-01 1.024123805188893906e-03 0.000000000000000000e+00
4.100000000000000000e+04 1.639968020876374499e-01 4.096495220755575623e-02 8.100819299044150767e-01 1.477014110150204895e-01 1.251706873008648227e-03 0.000000000000000000e+00
4.125000000000000000e+04 1.649967825881717420e-01 4.096495220755575623e-02 8.103095129722348577e-01 1.479289940828402428e-01 7.965407373691396923e-04 0.000000000000000000e+00
4.150000000000000000e+04 1.659967630887060341e-01 4.028220300409649651e-02 8.099681383705051863e-01 1.480427856167501055e-01 1.706873008648156654e-03 0.000000000000000000e+00
4.175000000000000000e+04 1.669967435892405483e-01 4.062357760582612637e-02 8.099681383705051863e-01 1.479289940828402428e-01 1.479289940828402332e-03 0.000000000000000000e+00
4.200000000000000000e+04 1.679967240897748404e-01 4.096495220755575623e-02 8.083750568957669413e-01 1.483841602184797492e-01 2.275830678197541916e-03 0.000000000000000000e+00
4.225000000000000000e+04 1.689967045903093545e-01 3.982703686845699004e-02 8.109922621756940897e-01 1.479289940828402428e-01 1.251706873008648227e-03 0.000000000000000000e+00
4.250000000000000000e+04 1.699966850908436466e-01 4.028220300409649651e-02 8.093991807009558448e-01 1.484979517523896120e-01 1.820664542558033706e-03 0.000000000000000000e+00
4.275000000000000000e+04 1.709966655913779388e-01 4.107874374146563284e-02 8.082612653618570508e-01 1.484979517523896120e-01 2.162039144287664864e-03 0.000000000000000000e+00
4.300000000000000000e+04 1.719966460919124529e-01 4.198907601274465273e-02 8.078060992262175999e-01 1.481565771506599960e-01 2.048247610377787811e-03 0.000000000000000000e+00
4.325000000000000000e+04 1.729966265924467450e-01 4.244424214838415921e-02 8.068957669549385869e-01 1.489531178880291185e-01 1.706873008648156654e-03 0.000000000000000000e+00
4.350000000000000000e+04 1.739966070929810371e-01 4.130632680928538608e-02 8.078060992262175999e-01 1.488393263541192557e-01 2.048247610377787811e-03 0.000000000000000000e+00
4.375000000000000000e+04 1.749965875935155513e-01 4.221665908056440597e-02 8.057578516158397930e-01 1.498634501593081592e-01 2.162039144287664864e-03 0.000000000000000000e+00
4.400000000000000000e+04 1.759965680940498434e-01 4.483386436049158208e-02 8.018889394629039602e-01 1.511151570323167881e-01 2.162039144287664864e-03 0.000000000000000000e+00
4.425000000000000000e+04 1.769965485945843575e-01 4.506144742831133532e-02 8.008648156577150568e-01 1.513427401001365413e-01 2.730996813837050560e-03 0.000000000000000000e+00
4.450000000000000000e+04 1.779965290951186496e-01 4.472007282658170546e-02 8.005234410559853853e-01 1.512289485662266786e-01 3.527537551206190360e-03 0.000000000000000000e+00
4.475000000000000000e+04 1.789965095956529417e-01 5.052344105598543383e-02 7.932407828857532817e-01 1.527082385070550885e-01 3.527537551206190360e-03 0.000000000000000000e+00
4.500000000000000000e+04 1.799964900961874559e-01 5.131998179335457710e-02 7.922166590805643782e-01 1.527082385070550885e-01 3.755120619025944465e-03 0.000000000000000000e+00
4.525000000000000000e+04 1.809964705967217480e-01 5.348202093764223980e-02 7.891442876649977789e-01 1.538461538461538547e-01 3.527537551206190360e-03 0.000000000000000000e+00
4.550000000000000000e+04 1.819964510972560401e-01 5.951297223486572835e-02 7.718479745106964218e-01 1.661356395084205850e-01 2.503413746017296455e-03 0.000000000000000000e+00
4.575000000000000000e+04 1.829964315977905542e-01 6.588529813381883982e-02 7.572826581702321036e-01 1.736458807464724696e-01 3.186162949476558769e-03 0.000000000000000000e+00
4.600000000000000000e+04 1.839964120983248463e-01 6.747837960855712636e-02 7.547792444242148457e-01 1.737596722803823324e-01 3.982703686845699004e-03 0.000000000000000000e+00
4.625000000000000000e+04 1.849963925988593605e-01 6.622667273554846967e-02 7.552344105598542967e-01 1.737596722803823324e-01 4.779244424214838804e-03 0.000000000000000000e+00
4.650000000000000000e+04 1.859963730993936526e-01 7.180245789713245175e-02 7.507965407373691225e-01 1.734182976786527164e-01 3.982703686845699004e-03 0.000000000000000000e+00
4.675000000000000000e+04 1.869963535999279447e-01 6.941283568502502888e-02 7.551206190259445172e-01 1.723941738734638129e-01 3.072371415566681717e-03 0.000000000000000000e+00
4.700000000000000000e+04 1.879963341004624588e-01 7.214383249886208160e-02 7.512517068730086844e-01 1.730769230769230727e-01 3.527537551206190360e-03 0.000000000000000000e+00
4.725000000000000000e+04 1.889963146009967510e-01 7.248520710059171146e-02 7.488620846609012061e-01 1.745562130177514826e-01 4.096495220755575623e-03 0.000000000000000000e+00
4.750000000000000000e+04 1.899962951015310431e-01 7.248520710059171146e-02 7.481793354574419741e-01 1.743286299499317293e-01 5.006827492034592909e-03 0.000000000000000000e+00
4.775000000000000000e+04 1.909962756020655572e-01 7.373691397360036814e-02 7.454483386436049352e-01 1.743286299499317293e-01 6.486117432862995025e-03 0.000000000000000000e+00
4.800000000000000000e+04 1.919962561025998493e-01 9.103322712790168358e-02 7.193900773782430091e-01 1.826354119253527641e-01 6.941283568502503235e-03 0.000000000000000000e+00
4.825000000000000000e+04 1.929962366031341414e-01 9.956759217114247162e-02 6.987938097405552718e-01 1.961766044606281234e-01 5.461993627674101119e-03 0.000000000000000000e+00
4.850000000000000000e+04 1.939962171036686556e-01 1.075329995448338627e-01 6.843422849340009551e-01 1.995903504779244497e-01 8.534365043240782836e-03 0.000000000000000000e+00
4.875000000000000000e+04 1.949961976042029477e-01 1.232362312243969055e-01 6.612426035502958488e-01 2.032316795630405015e-01 1.228948566226672687e-02 0.000000000000000000e+00
4.900000000000000000e+04 1.959961781047374618e-01 1.356395084205735124e-01 6.513427401001365968e-01 2.011834319526627224e-01 1.183431952662721866e-02 0.000000000000000000e+00
4.925000000000000000e+04 1.969961586052717539e-01 1.390532544378698110e-01 6.498634501593081314e-01 2.005006827492034627e-01 1.058261265361857065e-02 0.000000000000000000e+00
4.950000000000000000e+04 1.979961391058060460e-01 1.349567592171142527e-01 6.357532999544833752e-01 2.081247155211652378e-01 2.116522530723714129e-02 0.000000000000000000e+00
4.975000000000000000e+04 1.989961196063405602e-01 1.706873008648156498e-01 5.828402366863905115e-01 2.265589440145653055e-01 1.991351843422849502e-02 0.000000000000000000e+00
5.000000000000000000e+04 1.999961001068748523e-01 1.694355939918070209e-01 5.894401456531633832e-01 2.193900773782430647e-01 2.173418297678652786e-02 0.000000000000000000e+00
5.025000000000000000e+04 2.009960806074091444e-01 1.804733727810650945e-01 5.860263996358671124e-01 2.181383705052344080e-01 1.536185707783340945e-02 0.000000000000000000e+00
5.050000000000000000e+04 2.019960611079436585e-01 1.752389622212107423e-01 5.837505689576695245e-01 2.242831133363677731e-01 1.672735548475193582e-02 0.000000000000000000e+00
5.075000000000000000e+04 2.029960416084779506e-01 1.796768320436959443e-01 5.600819299044150767e-01 2.436276741010468816e-01 1.661356395084205573e-02 0.000000000000000000e+00
5.100000000000000000e+04 2.039960221090124648e-01 1.593081474738279601e-01 5.537096040054619861e-01 2.735548475193445572e-01 1.342740100136549826e-02 0.000000000000000000e+00
5.125000000000000000e+04 2.049960026095467569e-01 1.599908966772872199e-01 5.540509786071916576e-01 2.786754665452890189e-01 7.282658170232134826e-03 0.000000000000000000e+00
5.150000000000000000e+04 2.059959831100810490e-01 1.556668183887118806e-01 5.472234865725990050e-01 2.874374146563495880e-01 9.672280382339554228e-03 0.000000000000000000e+00
5.175000000000000000e+04 2.069959636106155632e-01 1.532771961766044577e-01 5.468821119708693335e-01 2.925580336822940497e-01 7.282658170232134826e-03 0.000000000000000000e+00
5.200000000000000000e+04 2.079959441111498553e-01 1.549840691852526209e-01 5.475648611743286764e-01 2.925580336822940497e-01 4.893035958124715423e-03 0.000000000000000000e+00
5.225000000000000000e+04 2.089959246116841474e-01 1.473600364132908458e-01 5.691852526172053173e-01 2.792444242148384159e-01 4.210286754665453109e-03 0.000000000000000000e+00
5.250000000000000000e+04 2.099959051122186615e-01 1.405325443786982209e-01 5.980883022303140617e-01 2.587619481110605135e-01 2.617205279927173507e-03 0.000000000000000000e+00
5.275000000000000000e+04 2.109958856127529536e-01 1.412152935821574806e-01 5.994538006372326366e-01 2.552344105598543522e-01 4.096495220755575623e-03 0.000000000000000000e+00
5.300000000000000000e+04 2.119958661132874678e-01 1.331360946745562268e-01 6.153846153846154188e-01 2.476103777878925771e-01 3.868912152935821518e-03 0.000000000000000000e+00
5.325000000000000000e+04 2.129958466138217599e-01 1.330223031406463363e-01 6.224396904870277414e-01 2.394173873463814328e-01 5.120619025944469528e-03 0.000000000000000000e+00
5.350000000000000000e+04 2.139958271143560520e-01 1.248293126991351781e-01 6.422394173873463563e-01 2.276968593536640995e-01 5.234410559854347014e-03 0.000000000000000000e+00
5.375000000000000000e+04 2.149958076148905661e-01 1.150432407828857473e-01 6.606736458807465073e-01 2.207555757851615841e-01 3.527537551206190360e-03 0.000000000000000000e+00
5.400000000000000000e+04 2.159957881154248582e-01 1.144742831133363642e-01 6.628356850250340937e-01 2.198452435138825711e-01 2.844788347746927612e-03 0.000000000000000000e+00
5.425000000000000000e+04 2.169957686159591503e-01 1.160673645880746507e-01 6.546426945835229771e-01 2.248520710059171701e-01 4.437869822485207214e-03 0.000000000000000000e+00
5.450000000000000000e+04 2.179957491164936645e-01 1.176604460628129234e-01 6.520254893035958288e-01 2.275830678197542090e-01 2.730996813837050560e-03 0.000000000000000000e+00
5.475000000000000000e+04 2.189957296170279566e-01 1.176604460628129234e-01 6.436049157942649313e-01 2.333864360491579304e-01 5.348202093764223633e-03 0.000000000000000000e+00
5.500000000000000000e+04 2.199957101175622487e-01 1.209604005461993592e-01 6.417842512517069054e-01 2.321347291761493015e-01 5.120619025944469528e-03 0.000000000000000000e+00
5.525000000000000000e+04 2.209956906180967628e-01 1.218707328174783860e-01 6.442876649977241632e-01 2.312243969048702885e-01 2.617205279927173507e-03 0.000000000000000000e+00
5.550000000000000000e+04 2.219956711186310550e-01 1.181156121984524299e-01 6.449704142011833952e-01 2.321347291761493015e-01 4.779244424214838804e-03 0.000000000000000000e+00
5.575000000000000000e+04 2.229956516191655691e-01 1.207328174783796060e-01 6.447428311333637252e-01 2.311106053709603980e-01 3.413746017296313308e-03 0.000000000000000000e+00
5.600000000000000000e+04 2.239956321196998612e-01 1.193673190714610866e-01 6.430359581247154788e-01 2.329312699135184239e-01 4.665452890304961318e-03 0.000000000000000000e+00
5.625000000000000000e+04 2.249956126202341533e-01 1.215293582157487423e-01 6.436049157942649313e-01 2.305416477014110288e-01 4.324078288575329727e-03 0.000000000000000000e+00
5.650000000000000000e+04 2.259955931207686675e-01 1.194811106053709632e-01 6.415566681838871244e-01 2.330450614474283144e-01 5.917159763313609329e-03 0.000000000000000000e+00
5.675000000000000000e+04 2.269955736213029596e-01 1.191397360036413333e-01 6.424670004551661373e-01 2.335002275830678209e-01 4.893035958124715423e-03 0.000000000000000000e+00
