# itime ezz other fcc hcp bcc ico
0.000000000000000000e+00 0.000000000000000000e+00 1.251706873008648227e-03 9.987482931269913156e-01 0.000000000000000000e+00 0.000000000000000000e+00 0.000000000000000000e+00
3.000000000000000000e+00 1.200014252875414300e-03 1.137915339098770958e-03 9.988620846609012061e-01 0.000000000000000000e+00 0.000000000000000000e+00 0.000000000000000000e+00
6.000000000000000000e+00 2.400028505750828600e-03 1.137915339098771066e-04 9.998862084660901095e-01 0.000000000000000000e+00 0.000000000000000000e+00 0.000000000000000000e+00
9.000000000000000000e+00 3.600042758626242900e-03 0.000000000000000000e+00 1.000000000000000000e+00 0.000000000000000000e+00 0.000000000000000000e+00 0.000000000000000000e+00
1.200000000000000000e+01 4.800057011501657200e-03 6.827492034592626399e-04 9.993172507965407680e-01 0.000000000000000000e+00 0.000000000000000000e+00 0.000000000000000000e+00
1.500000000000000000e+01 6.000071264377071500e-03 1.365498406918525280e-03 9.985207100591716456e-01 0.000000000000000000e+00 1.137915339098771066e-04 0.000000000000000000e+00
1.800000000000000000e+01 7.200085517252485801e-03 1.251706873008648227e-03 9.986345015930814251e-01 0.000000000000000000e+00 1.137915339098771066e-04 0.000000000000000000e+00
2.100000000000000000e+01 8.400099770127900101e-03 1.593081474738279385e-03 9.984069185252617551e-01 0.000000000000000000e+00 0.000000000000000000e+00 0.000000000000000000e+00
2.400000000000000000e+01 9.600114023003314401e-03 1.593081474738279385e-03 9.984069185252617551e-01 0.000000000000000000e+00 0.000000000000000000e+00 0.000000000000000000e+00
2.700000000000000000e+01 1.080012827587872870e-02 2.275830678197541916e-03 9.977241693218024121e-01 0.000000000000000000e+00 0.000000000000000000e+00 0.000000000000000000e+00
3.000000000000000000e+01 1.200014252875414300e-02 1.479289940828402332e-03 9.984069185252617551e-01 0.000000000000000000e+00 1.137915339098771066e-04 0.000000000000000000e+00
3.300000000000000000e+01 1.320015678162955730e-02 1.365498406918525280e-03 9.985207100591716456e-01 0.000000000000000000e+00 1.137915339098771066e-04 0.000000000000000000e+00
3.600000000000000000e+01 1.440017103450497160e-02 2.162039144287664864e-03 9.978379608557123026e-01 0.000000000000000000e+00 0.000000000000000000e+00 0.000000000000000000e+00
3.900000000000000000e+01 1.560018528738038590e-02 2.730996813837050560e-03 9.972690031861629611e-01 0.000000000000000000e+00 0.000000000000000000e+00 0.000000000000000000e+00
4.200000000000000000e+01 1.680019954025580020e-02 2.503413746017296455e-03 9.974965862539827421e-01 0.000000000000000000e+00 0.000000000000000000e+00 0.000000000000000000e+00
4.500000000000000000e+01 1.800021379313121450e-02 2.162039144287664864e-03 9.978379608557123026e-01 0.000000000000000000e+00 0.000000000000000000e+00 0.000000000000000000e+00
4.800000000000000000e+01 1.920022804600662880e-02 1.137915339098770958e-03 9.988620846609012061e-01 0.000000000000000000e+00 0.000000000000000000e+00 0.000000000000000000e+00
5.100000000000000000e+01 2.040024229888204310e-02 1.479289940828402332e-03 9.985207100591716456e-01 0.000000000000000000e+00 0.000000000000000000e+00 0.000000000000000000e+00
5.400000000000000000e+01 2.160025655175745740e-02 1.479289940828402332e-03 9.985207100591716456e-01 0.000000000000000000e+00 0.000000000000000000e+00 0.000000000000000000e+00
5.700000000000000000e+01 2.280027080463309375e-02 1.820664542558033706e-03 9.981793354574419741e-01 0.000000000000000000e+00 0.000000000000000000e+00 0.000000000000000000e+00
6.000000000000000000e+01 2.400028505750850805e-02 1.365498406918525280e-03 9.986345015930814251e-01 0.000000000000000000e+00 0.000000000000000000e+00 0.000000000000000000e+00
6.300000000000000000e+01 2.520029931038392235e-02 5.689576695493854790e-04 9.994310423304506585e-01 0.000000000000000000e+00 0.000000000000000000e+00 0.000000000000000000e+00
6.600000000000000000e+01 2.640031356325933665e-02 1.365498406918525280e-03 9.986345015930814251e-01 0.000000000000000000e+00 0.000000000000000000e+00 0.000000000000000000e+00
6.900000000000000000e+01 2.760032781613475095e-02 1.820664542558033706e-03 9.981793354574419741e-01 0.000000000000000000e+00 0.000000000000000000e+00 0.000000000000000000e+00
7.200000000000000000e+01 2.880034206901016525e-02 4.096495220755575623e-03 9.957897132453344957e-01 0.000000000000000000e+00 1.137915339098771066e-04 0.000000000000000000e+00
7.500000000000000000e+01 3.000035632188557955e-02 4.210286754665453109e-03 9.956759217114247162e-01 0.000000000000000000e+00 1.137915339098771066e-04 0.000000000000000000e+00
7.800000000000000000e+01 3.120037057476099385e-02 4.665452890304961318e-03 9.952207555757851543e-01 0.000000000000000000e+00 1.137915339098771066e-04 0.000000000000000000e+00
8.100000000000000000e+01 3.240038482763640815e-02 4.437869822485207214e-03 9.952207555757851543e-01 0.000000000000000000e+00 3.413746017296313199e-04 0.000000000000000000e+00
8.400000000000000000e+01 3.360039908051182245e-02 2.730996813837050560e-03 9.972690031861629611e-01 0.000000000000000000e+00 0.000000000000000000e+00 0.000000000000000000e+00
8.700000000000000000e+01 3.480041333338723675e-02 2.844788347746927612e-03 9.970414201183431802e-01 0.000000000000000000e+00 1.137915339098771066e-04 0.000000000000000000e+00
9.000000000000000000e+01 3.600042758626265105e-02 2.503413746017296455e-03 9.973827947200728516e-01 0.000000000000000000e+00 1.137915339098771066e-04 0.000000000000000000e+00
9.300000000000000000e+01 3.720044183913806535e-02 1.365498406918525280e-03 9.985207100591716456e-01 0.000000000000000000e+00 1.137915339098771066e-04 0.000000000000000000e+00
9.600000000000000000e+01 3.840045609201347965e-02 3.868912152935821518e-03 9.959035047792443862e-01 0.000000000000000000e+00 2.275830678197542133e-04 0.000000000000000000e+00
9.900000000000000000e+01 3.960047034488889395e-02 4.551661356395083832e-03 9.954483386436049352e-01 0.000000000000000000e+00 0.000000000000000000e+00 0.000000000000000000e+00
1.020000000000000000e+02 4.080048459776430825e-02 4.551661356395083832e-03 9.954483386436049352e-01 0.000000000000000000e+00 0.000000000000000000e+00 0.000000000000000000e+00
1.050000000000000000e+02 4.200049885063972255e-02 5.348202093764223633e-03 9.945380063723259223e-01 0.000000000000000000e+00 1.137915339098771066e-04 0.000000000000000000e+00
1.080000000000000000e+02 4.320051310351513685e-02 5.689576695493855224e-03 9.941966317705962508e-01 0.000000000000000000e+00 1.137915339098771066e-04 0.000000000000000000e+00
1.110000000000000000e+02 4.440052735639055115e-02 5.575785161583977738e-03 9.943104233045061413e-01 0.000000000000000000e+00 1.137915339098771066e-04 0.000000000000000000e+00
1.140000000000000000e+02 4.560054160926596545e-02 7.055075102412380721e-03 9.927173418297678964e-01 0.000000000000000000e+00 2.275830678197542133e-04 0.000000000000000000e+00
1.170000000000000000e+02 4.680055586214137975e-02 7.282658170232134826e-03 9.926035502958580059e-01 0.000000000000000000e+00 1.137915339098771066e-04 0.000000000000000000e+00
1.200000000000000000e+02 4.800057011501679405e-02 9.103322712790167665e-03 9.905553026854801990e-01 0.000000000000000000e+00 3.413746017296313199e-04 0.000000000000000000e+00
1.230000000000000000e+02 4.920058436789220835e-02 6.486117432862995025e-03 9.931725079654073474e-01 0.000000000000000000e+00 3.413746017296313199e-04 0.000000000000000000e+00
1.260000000000000000e+02 5.040059862076762265e-02 7.168866636322257339e-03 9.924897587619481154e-01 0.000000000000000000e+00 3.413746017296313199e-04 0.000000000000000000e+00
1.290000000000000000e+02 5.160061287364303695e-02 9.786071916249430847e-03 9.898725534820209671e-01 0.000000000000000000e+00 3.413746017296313199e-04 0.000000000000000000e+00
1.320000000000000000e+02 5.280062712651845125e-02 1.092398725534820224e-02 9.887346381429221731e-01 0.000000000000000000e+00 3.413746017296313199e-04 0.000000000000000000e+00
1.350000000000000000e+02 5.400064137939386555e-02 1.479289940828402289e-02 9.849795175238962308e-01 0.000000000000000000e+00 2.275830678197542133e-04 0.000000000000000000e+00
1.380000000000000000e+02 5.520065563226927985e-02 1.661356395084205573e-02 9.831588529813382049e-01 0.000000000000000000e+00 2.275830678197542133e-04 0.000000000000000000e+00
1.410000000000000000e+02 5.640066988514469415e-02 1.752389622212107562e-02 9.816795630405097395e-01 0.000000000000000000e+00 7.965407373691396923e-04 0.000000000000000000e+00
1.440000000000000000e+02 5.760068413802010845e-02 1.968593536640873831e-02 9.799726900318616041e-01 0.000000000000000000e+00 3.413746017296313199e-04 0.000000000000000000e+00
1.470000000000000000e+02 5.880069839089552275e-02 2.082385070550751144e-02 9.781520254893035782e-01 0.000000000000000000e+00 1.024123805188893906e-03 0.000000000000000000e+00
1.500000000000000000e+02 6.000071264377093705e-02 2.344105598543468408e-02 9.755348202093764298e-01 0.000000000000000000e+00 1.024123805188893906e-03 0.000000000000000000e+00
1.530000000000000000e+02 6.120072689664635135e-02 2.287209831588529751e-02 9.762175694128356618e-01 0.000000000000000000e+00 9.103322712790168532e-04 0.000000000000000000e+00
1.560000000000000000e+02 6.240074114952176565e-02 2.275830678197542090e-02 9.763313609467455523e-01 0.000000000000000000e+00 9.103322712790168532e-04 0.000000000000000000e+00
1.590000000000000000e+02 6.360075540239717995e-02 2.480655439235321044e-02 9.739417387346381849e-01 0.000000000000000000e+00 1.251706873008648227e-03 0.000000000000000000e+00
1.620000000000000000e+02 6.480076965527259425e-02 2.662721893491124328e-02 9.721210741920801590e-01 0.000000000000000000e+00 1.251706873008648227e-03 0.000000000000000000e+00
1.650000000000000000e+02 6.600078390814800855e-02 2.742375967228038308e-02 9.720072826581702685e-01 0.000000000000000000e+00 5.689576695493854790e-04 0.000000000000000000e+00
1.680000000000000000e+02 6.720079816102342285e-02 2.878925807919890598e-02 9.704142011834319126e-01 0.000000000000000000e+00 7.965407373691396923e-04 0.000000000000000000e+00
1.710000000000000000e+02 6.840081241389905919e-02 3.379608557123350149e-02 9.651797906235776159e-01 0.000000000000000000e+00 1.024123805188893906e-03 0.000000000000000000e+00
1.740000000000000000e+02 6.960082666677447349e-02 3.368229403732362487e-02 9.646108329540282744e-01 0.000000000000000000e+00 1.706873008648156654e-03 0.000000000000000000e+00
1.770000000000000000e+02 7.080084091964988779e-02 3.277196176604460498e-02 9.655211652253072874e-01 0.000000000000000000e+00 1.706873008648156654e-03 0.000000000000000000e+00
1.800000000000000000e+02 7.200085517252530209e-02 3.538916704597178109e-02 9.622212107419207960e-01 0.000000000000000000e+00 2.389622212107419402e-03 0.000000000000000000e+00
1.830000000000000000e+02 7.320086942540071639e-02 3.914428766499772339e-02 9.582385070550750727e-01 0.000000000000000000e+00 2.617205279927173507e-03 0.000000000000000000e+00
1.860000000000000000e+02 7.440088367827613069e-02 4.654073736913973830e-02 9.509558488848429691e-01 0.000000000000000000e+00 2.503413746017296455e-03 0.000000000000000000e+00
1.890000000000000000e+02 7.560089793115154500e-02 4.984069185252617412e-02 9.469731451979972459e-01 0.000000000000000000e+00 3.186162949476558769e-03 0.000000000000000000e+00
1.920000000000000000e+02 7.680091218402695930e-02 4.813381884387801790e-02 9.493627674101047242e-01 0.000000000000000000e+00 2.503413746017296455e-03 0.000000000000000000e+00
1.950000000000000000e+02 7.800092643690237360e-02 4.847519344560764776e-02 9.485662266727356018e-01 0.000000000000000000e+00 2.958579881656804664e-03 0.000000000000000000e+00
1.980000000000000000e+02 7.920094068977778790e-02 5.018206645425580398e-02 9.464041875284479044e-01 0.000000000000000000e+00 3.413746017296313308e-03 0.000000000000000000e+00
2.010000000000000000e+02 8.040095494265320220e-02 5.177514792899408358e-02 9.441283568502503165e-01 0.000000000000000000e+00 4.096495220755575623e-03 0.000000000000000000e+00
2.040000000000000000e+02 8.160096919552861650e-02 5.553026854802002588e-02 9.407146108329540457e-01 0.000000000000000000e+00 3.755120619025944465e-03 0.000000000000000000e+00
2.070000000000000000e+02 8.280098344840403080e-02 5.837505689576695522e-02 9.373008648156576639e-01 0.000000000000000000e+00 4.324078288575329727e-03 0.000000000000000000e+00
2.100000000000000000e+02 8.400099770127944510e-02 6.008192990441511144e-02 9.360491579426490905e-01 0.000000000000000000e+00 3.868912152935821518e-03 0.000000000000000000e+00
2.130000000000000000e+02 8.520101195415485940e-02 6.645425580336822291e-02 9.297906235776057793e-01 0.000000000000000000e+00 3.755120619025944465e-03 0.000000000000000000e+00
2.160000000000000000e+02 8.640102620703027370e-02 7.350933090578061491e-02 9.222803823395538947e-01 0.000000000000000000e+00 4.210286754665453109e-03 0.000000000000000000e+00
2.190000000000000000e+02 8.760104045990568800e-02 8.204369594902138907e-02 9.124943104233045332e-01 0.000000000000000000e+00 5.461993627674101119e-03 0.000000000000000000e+00
2.220000000000000000e+02 8.880105471278110230e-02 8.784706417842512438e-02 9.068047337278106745e-01 0.000000000000000000e+00 5.348202093764223633e-03 0.000000000000000000e+00
2.250000000000000000e+02 9.000106896565651660e-02 9.433318161128811941e-02 9.007737824305871444e-01 0.000000000000000000e+00 4.893035958124715423e-03 0.000000000000000000e+00
2.280000000000000000e+02 9.120108321853193090e-02 1.005917159763313612e-01 8.940600819299043822e-01 0.000000000000000000e+00 5.348202093764223633e-03 0.000000000000000000e+00
2.310000000000000000e+02 9.240109747140734520e-02 1.034365043240782905e-01 8.917842512517069054e-01 0.000000000000000000e+00 4.779244424214838804e-03 0.000000000000000000e+00
2.340000000000000000e+02 9.360111172428275950e-02 1.078743741465634925e-01 8.855257168866635942e-01 0.000000000000000000e+00 6.599908966772872511e-03 0.000000000000000000e+00
2.370000000000000000e+02 9.480112597715817380e-02 1.111743286299499284e-01 8.806326809285389690e-01 0.000000000000000000e+00 8.192990441511151245e-03 0.000000000000000000e+00
2.400000000000000000e+02 9.600114023003358810e-02 1.189121529358215801e-01 8.731224396904869733e-01 0.000000000000000000e+00 7.965407373691398007e-03 0.000000000000000000e+00
2.430000000000000000e+02 9.720115448290900240e-02 1.268775603095129711e-01 8.642467000455166248e-01 0.000000000000000000e+00 8.875739644970414427e-03 0.000000000000000000e+00
2.460000000000000000e+02 9.840116873578441670e-02 1.358670914883932657e-01 8.552571688666362748e-01 0.000000000000000000e+00 8.875739644970414427e-03 0.000000000000000000e+00
2.490000000000000000e+02 9.960118298865983100e-02 1.523668639053254448e-01 8.377332726445152478e-01 0.000000000000000000e+00 9.899863450159307465e-03 0.000000000000000000e+00
2.520000000000000000e+02 1.008011972415352453e-01 1.687528447883477334e-01 8.216886663632225751e-01 0.000000000000000000e+00 9.558488848429677609e-03 0.000000000000000000e+00
2.550000000000000000e+02 1.020012114944106596e-01 1.760355029585798925e-01 8.147473827947200320e-01 0.000000000000000000e+00 9.217114246700046018e-03 0.000000000000000000e+00
2.580000000000000000e+02 1.032012257472860739e-01 1.834319526627218866e-01 8.057578516158397930e-01 0.000000000000000000e+00 1.081019572143832562e-02 0.000000000000000000e+00
2.610000000000000000e+02 1.044012400001614882e-01 1.935593991807009473e-01 7.952890304961310886e-01 0.000000000000000000e+00 1.115157032316795548e-02 0.000000000000000000e+00
2.640000000000000000e+02 1.056012542530369025e-01 2.069868001820664438e-01 7.819754210286754548e-01 0.000000000000000000e+00 1.103777878925807886e-02 0.000000000000000000e+00
2.670000000000000000e+02 1.068012685059123168e-01 2.236003641329085134e-01 7.628584433318160718e-01 0.000000000000000000e+00 1.354119253527537488e-02 0.000000000000000000e+00
2.700000000000000000e+02 1.080012827587877311e-01 2.333864360491579304e-01 7.505689576695493415e-01 0.000000000000000000e+00 1.604460628129267263e-02 0.000000000000000000e+00
2.730000000000000000e+02 1.092012970116631454e-01 2.446517979062357850e-01 7.380518889394629412e-01 0.000000000000000000e+00 1.729631315430131891e-02 0.000000000000000000e+00
2.760000000000000000e+02 1.104013112645385597e-01 2.560309512972234747e-01 7.254210286754665393e-01 0.000000000000000000e+00 1.854802002730996865e-02 0.000000000000000000e+00
2.790000000000000000e+02 1.116013255174139740e-01 2.604688211197087044e-01 7.164314974965863003e-01 0.000000000000000000e+00 2.309968138370505075e-02 0.000000000000000000e+00
2.820000000000000000e+02 1.128013397702896103e-01 2.704824761037779024e-01 7.063040509786071564e-01 0.000000000000000000e+00 2.321347291761493084e-02 0.000000000000000000e+00
2.850000000000000000e+02 1.140013540231650246e-01 2.859581247155211781e-01 6.879836140191170069e-01 1.137915339098771066e-04 2.594446973145198010e-02 0.000000000000000000e+00
2.880000000000000000e+02 1.152013682760404389e-01 2.951752389622211981e-01 6.772872098315885214e-01 1.137915339098771066e-04 2.742375967228038308e-02 0.000000000000000000e+00
2.910000000000000000e+02 1.164013825289158532e-01 3.072371415566682029e-01 6.630632680928538747e-01 1.137915339098771066e-04 2.958579881656804578e-02 0.000000000000000000e+00
2.940000000000000000e+02 1.176013967817912675e-01 3.278334091943559403e-01 6.399635867091488795e-01 0.000000000000000000e+00 3.220300409649522189e-02 0.000000000000000000e+00
2.970000000000000000e+02 1.188014110346666818e-01 3.497951752389621971e-01 6.172052799271734447e-01 0.000000000000000000e+00 3.299954483386435822e-02 0.000000000000000000e+00
3.000000000000000000e+02 1.200014252875420961e-01 3.606053709604005730e-01 6.035502958579881394e-01 0.000000000000000000e+00 3.584433318161128756e-02 0.000000000000000000e+00
3.030000000000000000e+02 1.212014395404175104e-01 3.722121074192080159e-01 5.871643149749659063e-01 0.000000000000000000e+00 4.062357760582612637e-02 0.000000000000000000e+00
3.060000000000000000e+02 1.224014537932929247e-01 3.909877105143377274e-01 5.662266727355484974e-01 0.000000000000000000e+00 4.278561675011378906e-02 0.000000000000000000e+00
3.090000000000000000e+02 1.236014680461683390e-01 4.111288120163859583e-01 5.419890760127445972e-01 0.000000000000000000e+00 4.688211197086936816e-02 0.000000000000000000e+00
3.120000000000000000e+02 1.248014822990437533e-01 4.307009558488848477e-01 5.193445607646790529e-01 3.413746017296313199e-04 4.961310878470642088e-02 0.000000000000000000e+00
3.150000000000000000e+02 1.260014965519191676e-01 4.436731907146108100e-01 5.045516613563950648e-01 3.413746017296313199e-04 5.143377332726445372e-02 0.000000000000000000e+00
3.180000000000000000e+02 1.272015108047945819e-01 4.593764223941738667e-01 4.895311788802912956e-01 2.275830678197542133e-04 5.086481565771506369e-02 0.000000000000000000e+00
3.210000000000000000e+02 1.284015250576699962e-01 4.683659535730541612e-01 4.766727355484751683e-01 2.275830678197542133e-04 5.473372781065088954e-02 0.000000000000000000e+00
3.240000000000000000e+02 1.296015393105454105e-01 4.850933090578061213e-01 4.547109695038689114e-01 5.689576695493854790e-04 5.962676376877560497e-02 0.000000000000000000e+00
3.270000000000000000e+02 1.308015535634208248e-01 4.994310423304506030e-01 4.330905780609922706e-01 4.551661356395084266e-04 6.702321347291761988e-02 0.000000000000000000e+00
3.300000000000000000e+02 1.320015678162962391e-01 5.147928994082839882e-01 4.138598088302230527e-01 5.689576695493854790e-04 7.077833409194356218e-02 0.000000000000000000e+00
3.330000000000000000e+02 1.332015820691716534e-01 5.248065543923532417e-01 3.994082840236686249e-01 1.024123805188893906e-03 7.476103777878925771e-02 0.000000000000000000e+00
3.360000000000000000e+02 1.344015963220470677e-01 5.345926263086026031e-01 3.850705507510241432e-01 9.103322712790168532e-04 7.942649066909421296e-02 0.000000000000000000e+00
3.390000000000000000e+02 1.356016105749224820e-01 5.493855257168867023e-01 3.628812016385981054e-01 1.365498406918525280e-03 8.636777423759672834e-02 0.000000000000000000e+00
3.420000000000000000e+02 1.368016248277978963e-01 5.675921711424669613e-01 3.389849795175238767e-01 1.706873008648156654e-03 9.171597633136094330e-02 0.000000000000000000e+00
3.450000000000000000e+02 1.380016390806733106e-01 5.927401001365498745e-01 3.134956759217114031e-01 2.275830678197541916e-03 9.148839326354119006e-02 0.000000000000000000e+00
3.480000000000000000e+02 1.392016533335487249e-01 6.086709148839326566e-01 2.921028675466545432e-01 2.275830678197541916e-03 9.695038689121529552e-02 0.000000000000000000e+00
3.510000000000000000e+02 1.404016675864241392e-01 6.239189804278562068e-01 2.729858898497951603e-01 2.162039144287664864e-03 1.009330905780609910e-01 0.000000000000000000e+00
3.540000000000000000e+02 1.416016818392995535e-01 6.365498406918524976e-01 2.542102867546654488e-01 2.730996813837050560e-03 1.065088757396449731e-01 0.000000000000000000e+00
3.570000000000000000e+02 1.428016960921749678e-01 6.474738279472007640e-01 2.405553026854801990e-01 3.186162949476558769e-03 1.087847064178425194e-01 0.000000000000000000e+00
3.600000000000000000e+02 1.440017103450503821e-01 6.533909877105142927e-01 2.282658170232134687e-01 3.641329085116067413e-03 1.147018661811561174e-01 0.000000000000000000e+00
3.630000000000000000e+02 1.452017245979257964e-01 6.669321802457897075e-01 2.113108784706417831e-01 4.324078288575329727e-03 1.174328629949931702e-01 0.000000000000000000e+00
3.660000000000000000e+02 1.464017388508012107e-01 6.725079654073736757e-01 1.990213928083750528e-01 5.803368229403732710e-03 1.226672735548475224e-01 0.000000000000000000e+00
3.690000000000000000e+02 1.476017531036766250e-01 6.770596267637687404e-01 1.894629039599453890e-01 7.168866636322257339e-03 1.263086026399635742e-01 0.000000000000000000e+00
3.720000000000000000e+02 1.488017673565520393e-01 6.820664542558033672e-01 1.783113336367774249e-01 7.851615839781519654e-03 1.317705962676376796e-01 0.000000000000000000e+00
3.750000000000000000e+02 1.500017816094274536e-01 6.895766954938552518e-01 1.654528903049612976e-01 8.761948111060537808e-03 1.362084660901228816e-01 0.000000000000000000e+00
3.780000000000000000e+02 1.512017958623028679e-01 6.997041420118342847e-01 1.545289030496131144e-01 8.306781975421027864e-03 1.374601729631315383e-01 0.000000000000000000e+00
3.810000000000000000e+02 1.524018101151782822e-01 7.053937187073281434e-01 1.454255803368229294e-01 9.103322712790167665e-03 1.400773782430587144e-01 0.000000000000000000e+00
3.840000000000000000e+02 1.536018243680536965e-01 7.098315885298134287e-01 1.392808375056895642e-01 9.899863450159307465e-03 1.409877105143377274e-01 0.000000000000000000e+00
3.870000000000000000e+02 1.548018386209291108e-01 7.187073281747837772e-01 1.307464724624488039e-01 1.081019572143832562e-02 1.397360036413290985e-01 0.000000000000000000e+00
3.900000000000000000e+02 1.560018528738045251e-01 7.191624943104233392e-01 1.236913973600364119e-01 1.183431952662721866e-02 1.453117888029130667e-01 0.000000000000000000e+00
3.930000000000000000e+02 1.572018671266799394e-01 7.246244879380974169e-01 1.166363222576240338e-01 1.274465179790623508e-02 1.459945380063723264e-01 0.000000000000000000e+00
3.960000000000000000e+02 1.584018813795555758e-01 7.324761037778789730e-01 1.074192080109239861e-01 1.467910787437414627e-02 1.454255803368229294e-01 0.000000000000000000e+00
3.990000000000000000e+02 1.596018956324309901e-01 7.347519344560764498e-01 1.017296313154301274e-01 1.524806554392353283e-02 1.482703686845698587e-01 0.000000000000000000e+00
4.020000000000000000e+02 1.608019098853064044e-01 7.378243058716431602e-01 9.774692762858443185e-02 1.570323167956303931e-02 1.487255348202093652e-01 0.000000000000000000e+00
4.050000000000000000e+02 1.620019241381818187e-01 7.429449248975875664e-01 9.012289485662267063e-02 1.661356395084205573e-02 1.503186162949476656e-01 0.000000000000000000e+00
4.080000000000000000e+02 1.632019383910572330e-01 7.473827947200728516e-01 8.818843878015475424e-02 1.649977241693217911e-02 1.479289940828402428e-01 0.000000000000000000e+00
4.110000000000000000e+02 1.644019526439326473e-01 7.465862539827037292e-01 8.670914883932635819e-02 1.729631315430131891e-02 1.494082840236686527e-01 0.000000000000000000e+00
4.140000000000000000e+02 1.656019668968080616e-01 7.498862084660901095e-01 8.352298588984979899e-02 1.752389622212107562e-02 1.490669094219390090e-01 0.000000000000000000e+00
4.170000000000000000e+02 1.668019811496834759e-01 7.543240782885752838e-01 7.988165680473373331e-02 1.741010468821119553e-02 1.483841602184797492e-01 0.000000000000000000e+00
4.200000000000000000e+02 1.680019954025588902e-01 7.612653618570778269e-01 7.521620391442876419e-02 1.763768775603095224e-02 1.458807464724624359e-01 0.000000000000000000e+00
4.230000000000000000e+02 1.692020096554343045e-01 7.645653163404643182e-01 7.100591715976331542e-02 1.877560309512972189e-02 1.456531634046426826e-01 0.000000000000000000e+00
4.260000000000000000e+02 1.704020239083097188e-01 7.672963131543013571e-01 6.838871187983613931e-02 1.809285389167045871e-02 1.462221210741920796e-01 0.000000000000000000e+00
4.290000000000000000e+02 1.716020381611851331e-01 7.718479745106964218e-01 6.349567592171143082e-02 1.957214383249886169e-02 1.450842057350933134e-01 0.000000000000000000e+00
4.320000000000000000e+02 1.728020524140605474e-01 7.761720527992717056e-01 6.133363677742376119e-02 1.900318616294947513e-02 1.434911242603550408e-01 0.000000000000000000e+00
4.350000000000000000e+02 1.740020666669359617e-01 7.794720072826581969e-01 6.167501137915339104e-02 1.877560309512972189e-02 1.400773782430587144e-01 0.000000000000000000e+00
4.380000000000000000e+02 1.752020809198113760e-01 7.793582157487483064e-01 5.951297223486572835e-02 2.036868456986800149e-02 1.407601274465179741e-01 0.000000000000000000e+00
4.410000000000000000e+02 1.764020951726867903e-01 7.798133818843877574e-01 5.905780609922621494e-02 2.105143377332726468e-02 1.400773782430587144e-01 0.000000000000000000e+00
4.440000000000000000e+02 1.776021094255622046e-01 7.835685025034136997e-01 5.700955848884842886e-02 2.264451524806554428e-02 1.367774237596722786e-01 0.000000000000000000e+00
4.470000000000000000e+02 1.788021236784376189e-01 7.884615384615384359e-01 5.211652253072371344e-02 2.355484751934456070e-02 1.358670914883932657e-01 0.000000000000000000e+00
4.500000000000000000e+02 1.800021379313130332e-01 7.925580336822940497e-01 5.131998179335457710e-02 2.241693218024579104e-02 1.337050523441055960e-01 0.000000000000000000e+00
4.530000000000000000e+02 1.812021521841884475e-01 7.940373236231224041e-01 5.063723258989531045e-02 2.401001365498407064e-02 1.313154301319981732e-01 0.000000000000000000e+00
4.560000000000000000e+02 1.824021664370638618e-01 8.024578971324533017e-01 4.802002730996814128e-02 2.321347291761493084e-02 1.263086026399635742e-01 0.000000000000000000e+00
4.590000000000000000e+02 1.836021806899392761e-01 8.091715976331360638e-01 4.585798816568047165e-02 2.298588984979517413e-02 1.219845243513882627e-01 0.000000000000000000e+00
4.620000000000000000e+02 1.848021949428146904e-01 8.138370505234410190e-01 4.255803368229403583e-02 2.253072371415566766e-02 1.210741920801092358e-01 0.000000000000000000e+00
4.650000000000000000e+02 1.860022091956901047e-01 8.158852981338188259e-01 4.164770141101502288e-02 2.275830678197542090e-02 1.197086936731907164e-01 0.000000000000000000e+00
4.680000000000000000e+02 1.872022234485655190e-01 8.171370050068275104e-01 3.959945380063722986e-02 2.309968138370505075e-02 1.201638598088302229e-01 0.000000000000000000e+00
4.710000000000000000e+02 1.884022377014409333e-01 8.213472917614929036e-01 3.891670459717797015e-02 2.401001365498407064e-02 1.157259899863450209e-01 0.000000000000000000e+00
4.740000000000000000e+02 1.896022519543163476e-01 8.279472007282657753e-01 3.641329085116067066e-02 2.457897132453345374e-02 1.110605370960400518e-01 0.000000000000000000e+00
4.770000000000000000e+02 1.908022662071917619e-01 8.291989076012744597e-01 3.447883477469276120e-02 2.469276285844333035e-02 1.116294947655894348e-01 0.000000000000000000e+00
4.800000000000000000e+02 1.920022804600671762e-01 8.297678652708238012e-01 3.516158397815202785e-02 2.503413746017296368e-02 1.100364132908511622e-01 0.000000000000000000e+00
4.830000000000000000e+02 1.932022947129425905e-01 8.271506599908966528e-01 3.777878925807919702e-02 2.560309512972235024e-02 1.094674556213017791e-01 0.000000000000000000e+00
4.860000000000000000e+02 1.944023089658180048e-01 8.270368684569867623e-01 3.664087391898043083e-02 2.639963586709149004e-02 1.099226217569412856e-01 0.000000000000000000e+00
4.890000000000000000e+02 1.956023232186934191e-01 8.323850705507510606e-01 3.595812471552116418e-02 2.662721893491124328e-02 1.050295857988165632e-01 0.000000000000000000e+00
4.920000000000000000e+02 1.968023374715688334e-01 8.362539827036868934e-01 3.459262630860263782e-02 2.719617660446062984e-02 1.019572143832498806e-01 0.000000000000000000e+00
4.950000000000000000e+02 1.980023517244442477e-01 8.442193900773782289e-01 3.277196176604460498e-02 2.560309512972235024e-02 9.740555302685480199e-02 0.000000000000000000e+00
4.980000000000000000e+02 1.992023659773196620e-01 8.518434228493400040e-01 3.072371415566681890e-02 2.594446973145198010e-02 9.148839326354119006e-02 0.000000000000000000e+00
5.010000000000000000e+02 2.004023802301950763e-01 8.551433773327264953e-01 2.947200728265816916e-02 2.537551206190259354e-02 9.000910332271279402e-02 0.000000000000000000e+00
5.040000000000000000e+02 2.016023944830704906e-01 8.579881656804734247e-01 3.095129722348657214e-02 2.389622212107419055e-02 8.716431497496586467e-02 0.000000000000000000e+00
5.070000000000000000e+02 2.028024087359461269e-01 8.601502048247610110e-01 2.992717341829767910e-02 2.469276285844333035e-02 8.522985889849794827e-02 0.000000000000000000e+00
5.100000000000000000e+02 2.040024229888215412e-01 8.633363677742376119e-01 2.958579881656804578e-02 2.446517979062357712e-02 8.261265361857077216e-02 0.000000000000000000e+00
5.130000000000000000e+02 2.052024372416969555e-01 8.631087847064178309e-01 2.958579881656804578e-02 2.628584433318160996e-02 8.101957214383249950e-02 0.000000000000000000e+00
5.160000000000000000e+02 2.064024514945723698e-01 8.662949476558944317e-01 2.913063268092853930e-02 2.708238507055074976e-02 7.749203459262631044e-02 0.000000000000000000e+00
5.190000000000000000e+02 2.076024657474477841e-01 8.691397360036413611e-01 3.072371415566681890e-02 2.617205279927173334e-02 7.396449704142012138e-02 0.000000000000000000e+00
5.220000000000000000e+02 2.088024800003231984e-01 8.765361857077833552e-01 2.833409194355939950e-02 2.560309512972235024e-02 6.952662721893490549e-02 0.000000000000000000e+00
5.250000000000000000e+02 2.100024942531986127e-01 8.781292671825216001e-01 2.776513427401001294e-02 2.605826126536185672e-02 6.804733727810650945e-02 0.000000000000000000e+00
5.280000000000000000e+02 2.112025085060740270e-01 8.829085116067364458e-01 2.594446973145198010e-02 2.742375967228038308e-02 6.372325898953118406e-02 0.000000000000000000e+00
5.310000000000000000e+02 2.124025227589494413e-01 8.834774692762858983e-01 2.674101046882111990e-02 2.776513427401001294e-02 6.201638598088302090e-02 0.000000000000000000e+00
5.340000000000000000e+02 2.136025370118248556e-01 8.833636777423760078e-01 2.696859353664087314e-02 2.776513427401001294e-02 6.190259444697314428e-02 0.000000000000000000e+00
5.370000000000000000e+02 2.148025512647002699e-01 8.849567592171142527e-01 2.639963586709149004e-02 2.765134274010013632e-02 6.099226217569413133e-02 0.000000000000000000e+00
5.400000000000000000e+02 2.160025655175756842e-01 8.872325898953118406e-01 2.435138825671370050e-02 2.662721893491124328e-02 6.178880291306326766e-02 0.000000000000000000e+00
5.430000000000000000e+02 2.172025797704510985e-01 8.891670459717796460e-01 2.423759672280382388e-02 2.514792899408284030e-02 6.144742831133363781e-02 0.000000000000000000e+00
5.460000000000000000e+02 2.184025940233265128e-01 8.936049157942649313e-01 2.298588984979517413e-02 2.435138825671370050e-02 5.905780609922621494e-02 0.000000000000000000e+00
5.490000000000000000e+02 2.196026082762019271e-01 8.925807919890760278e-01 2.253072371415566766e-02 2.480655439235321044e-02 6.008192990441511144e-02 0.000000000000000000e+00
5.520000000000000000e+02 2.208026225290773414e-01 8.957669549385525176e-01 2.241693218024579104e-02 2.583067819754210348e-02 5.598543468365953235e-02 0.000000000000000000e+00
5.550000000000000000e+02 2.220026367819527557e-01 8.974738279472007640e-01 2.241693218024579104e-02 2.719617660446062984e-02 5.291306326809285671e-02 0.000000000000000000e+00
5.580000000000000000e+02 2.232026510348281700e-01 9.008875739644970349e-01 2.378243058716431393e-02 2.583067819754210348e-02 4.949931725079653733e-02 0.000000000000000000e+00
5.610000000000000000e+02 2.244026652877035843e-01 9.021392808375057193e-01 2.378243058716431393e-02 2.765134274010013632e-02 4.642694583522986168e-02 0.000000000000000000e+00
5.640000000000000000e+02 2.256026795405789986e-01 9.048702776513427581e-01 2.230314064633591095e-02 2.696859353664087314e-02 4.585798816568047165e-02 0.000000000000000000e+00
5.670000000000000000e+02 2.268026937934544129e-01 9.064633591260810030e-01 2.173418297678652786e-02 2.730996813837050646e-02 4.449248975876194528e-02 0.000000000000000000e+00
5.700000000000000000e+02 2.280027080463298272e-01 9.050978607191625391e-01 2.150659990896677115e-02 2.981338188438780248e-02 4.358215748748293233e-02 0.000000000000000000e+00
5.730000000000000000e+02 2.292027222992052415e-01 9.058944014565316616e-01 2.105143377332726468e-02 2.901684114701866268e-02 4.403732362312243881e-02 0.000000000000000000e+00
5.760000000000000000e+02 2.304027365520806558e-01 9.097633136094674944e-01 1.900318616294947513e-02 2.799271734182976618e-02 4.324078288575330248e-02 0.000000000000000000e+00
5.790000000000000000e+02 2.316027508049560701e-01 9.123805188893946427e-01 1.843422849340009204e-02 2.765134274010013632e-02 4.153390987710514626e-02 0.000000000000000000e+00
5.820000000000000000e+02 2.328027650578314844e-01 9.081702321347291385e-01 1.888939462903959851e-02 2.776513427401001294e-02 4.517523896222121194e-02 0.000000000000000000e+00
5.850000000000000000e+02 2.340027793107068987e-01 9.101046882111970548e-01 1.968593536640873831e-02 2.730996813837050646e-02 4.289940828402366568e-02 0.000000000000000000e+00
5.880000000000000000e+02 2.352027935635823130e-01 9.105598543468366168e-01 2.059626763768775473e-02 2.662721893491124328e-02 4.221665908056440597e-02 0.000000000000000000e+00
5.910000000000000000e+02 2.364028078164577273e-01 9.095357305416477134e-01 2.059626763768775473e-02 2.742375967228038308e-02 4.244424214838415921e-02 0.000000000000000000e+00
5.940000000000000000e+02 2.376028220693331416e-01 9.145425580336823401e-01 2.025489303595812488e-02 2.639963586709149004e-02 3.880291306326809353e-02 0.000000000000000000e+00
5.970000000000000000e+02 2.388028363222085559e-01 9.176149294492489394e-01 2.048247610377787811e-02 2.548930359581247015e-02 3.641329085116067066e-02 0.000000000000000000e+00
6.000000000000000000e+02 2.400028505750839702e-01 9.209148839326354308e-01 1.979972690031861493e-02 2.389622212107419055e-02 3.538916704597178109e-02 0.000000000000000000e+00
6.030000000000000000e+02 2.412028648279593845e-01 9.214838416021847722e-01 1.968593536640873831e-02 2.401001365498407064e-02 3.470641784251251444e-02 1.137915339098771066e-04
6.060000000000000000e+02 2.424028790808347988e-01 9.243286299499317016e-01 2.036868456986800149e-02 2.321347291761493084e-02 3.197542102867546865e-02 1.137915339098771066e-04
6.090000000000000000e+02 2.436028933337102131e-01 9.234182976786526886e-01 2.014110150204824826e-02 2.241693218024579104e-02 3.390987710514337811e-02 1.137915339098771066e-04
6.120000000000000000e+02 2.448029075865856274e-01 9.278561675011378629e-01 1.888939462903959851e-02 2.230314064633591095e-02 3.095129722348657214e-02 0.000000000000000000e+00
6.150000000000000000e+02 2.460029218394610417e-01 9.325216203914429292e-01 1.763768775603095224e-02 2.059626763768775473e-02 2.924442421483841592e-02 0.000000000000000000e+00
6.180000000000000000e+02 2.472029360923364560e-01 9.352526172052799680e-01 1.695493855257168905e-02 1.968593536640873831e-02 2.810650887573964626e-02 0.000000000000000000e+00
6.210000000000000000e+02 2.484029503452120924e-01 9.352526172052799680e-01 1.729631315430131891e-02 1.854802002730996865e-02 2.890304961310878606e-02 0.000000000000000000e+00
6.240000000000000000e+02 2.496029645980875067e-01 9.347974510696404060e-01 1.820664542558033533e-02 1.809285389167045871e-02 2.890304961310878606e-02 0.000000000000000000e+00
6.270000000000000000e+02 2.508029788509629210e-01 9.316112881201638052e-01 1.797906235776058209e-02 2.014110150204824826e-02 3.026854802002730896e-02 0.000000000000000000e+00
6.300000000000000000e+02 2.520029931038383353e-01 9.300182066454255603e-01 1.934456076467910846e-02 2.048247610377787811e-02 3.004096495220755572e-02 1.137915339098771066e-04
6.330000000000000000e+02 2.532030073567137496e-01 9.314974965862540257e-01 1.854802002730996865e-02 2.093764223941738806e-02 2.901684114701866268e-02 0.000000000000000000e+00
6.360000000000000000e+02 2.544030216095891639e-01 9.346836595357305155e-01 1.854802002730996865e-02 1.888939462903959851e-02 2.787892580791988956e-02 0.000000000000000000e+00
6.390000000000000000e+02 2.556030358624645782e-01 9.343422849340009551e-01 1.843422849340009204e-02 1.832043695949021542e-02 2.890304961310878606e-02 0.000000000000000000e+00
6.420000000000000000e+02 2.568030501153399925e-01 9.354802002730996380e-01 1.718252162039144229e-02 1.911697769685935522e-02 2.799271734182976618e-02 2.275830678197542133e-04
6.450000000000000000e+02 2.580030643682154068e-01 9.371870732817478844e-01 1.695493855257168905e-02 1.832043695949021542e-02 2.730996813837050646e-02 2.275830678197542133e-04
6.480000000000000000e+02 2.592030786210908211e-01 9.395766954938552518e-01 1.604460628129267263e-02 1.775147928994082885e-02 2.651342740100136666e-02 1.137915339098771066e-04
6.510000000000000000e+02 2.604030928739662354e-01 9.382111970869366768e-01 1.661356395084205573e-02 1.786527082385070547e-02 2.708238507055074976e-02 2.275830678197542133e-04
6.540000000000000000e+02 2.616031071268416497e-01 9.362767410104688715e-01 1.684114701866181243e-02 1.877560309512972189e-02 2.810650887573964626e-02 0.000000000000000000e+00
6.570000000000000000e+02 2.628031213797170640e-01 9.378698224852071164e-01 1.672735548475193582e-02 1.809285389167045871e-02 2.730996813837050646e-02 0.000000000000000000e+00
6.600000000000000000e+02 2.640031356325924783e-01 9.378698224852071164e-01 1.729631315430131891e-02 1.741010468821119553e-02 2.742375967228038308e-02 0.000000000000000000e+00
6.630000000000000000e+02 2.652031498854678926e-01 9.412835685025033872e-01 1.627218934911242587e-02 1.843422849340009204e-02 2.401001365498407064e-02 0.000000000000000000e+00
6.660000000000000000e+02 2.664031641383433069e-01 9.409421939007738267e-01 1.672735548475193582e-02 1.957214383249886169e-02 2.264451524806554428e-02 1.137915339098771066e-04
6.690000000000000000e+02 2.676031783912187212e-01 9.402594446973144837e-01 1.752389622212107562e-02 1.934456076467910846e-02 2.264451524806554428e-02 2.275830678197542133e-04
6.720000000000000000e+02 2.688031926440941355e-01 9.424214838416021811e-01 1.741010468821119553e-02 1.911697769685935522e-02 2.082385070550751144e-02 2.275830678197542133e-04
6.750000000000000000e+02 2.700032068969695498e-01 9.420801092398725096e-01 1.718252162039144229e-02 2.014110150204824826e-02 2.025489303595812488e-02 3.413746017296313199e-04
6.780000000000000000e+02 2.712032211498449641e-01 9.440145653163404260e-01 1.615839781520254925e-02 1.911697769685935522e-02 2.036868456986800149e-02 3.413746017296313199e-04
6.810000000000000000e+02 2.724032354027203784e-01 9.465179790623577949e-01 1.513427401001365448e-02 1.854802002730996865e-02 1.957214383249886169e-02 2.275830678197542133e-04
