# itime ezz other fcc hcp bcc ico
0.000000000000000000e+00 0.000000000000000000e+00 0.000000000000000000e+00 1.000000000000000000e+00 0.000000000000000000e+00 0.000000000000000000e+00 0.000000000000000000e+00
2.500000000000000000e+02 1.000066017537548646e-03 0.000000000000000000e+00 1.000000000000000000e+00 0.000000000000000000e+00 0.000000000000000000e+00 0.000000000000000000e+00
5.000000000000000000e+02 2.000132035075319337e-03 0.000000000000000000e+00 1.000000000000000000e+00 0.000000000000000000e+00 0.000000000000000000e+00 0.000000000000000000e+00
7.500000000000000000e+02 3.000198052612867983e-03 0.000000000000000000e+00 1.000000000000000000e+00 0.000000000000000000e+00 0.000000000000000000e+00 0.000000000000000000e+00
1.000000000000000000e+03 4.000264070150416629e-03 0.000000000000000000e+00 1.000000000000000000e+00 0.000000000000000000e+00 0.000000000000000000e+00 0.000000000000000000e+00
1.250000000000000000e+03 5.000330087688187319e-03 0.000000000000000000e+00 1.000000000000000000e+00 0.000000000000000000e+00 0.000000000000000000e+00 0.000000000000000000e+00
1.500000000000000000e+03 6.000396105225735965e-03 0.000000000000000000e+00 1.000000000000000000e+00 0.000000000000000000e+00 0.000000000000000000e+00 0.000000000000000000e+00
1.750000000000000000e+03 7.000462122763284611e-03 0.000000000000000000e+00 1.000000000000000000e+00 0.000000000000000000e+00 0.000000000000000000e+00 0.000000000000000000e+00
2.000000000000000000e+03 8.000528140301055302e-03 0.000000000000000000e+00 1.000000000000000000e+00 0.000000000000000000e+00 0.000000000000000000e+00 0.000000000000000000e+00
2.250000000000000000e+03 9.000594157838603948e-03 0.000000000000000000e+00 1.000000000000000000e+00 0.000000000000000000e+00 0.000000000000000000e+00 0.000000000000000000e+00
2.500000000000000000e+03 1.000066017537615259e-02 0.000000000000000000e+00 1.000000000000000000e+00 0.000000000000000000e+00 0.000000000000000000e+00 0.000000000000000000e+00
2.750000000000000000e+03 1.100072619291392328e-02 0.000000000000000000e+00 1.000000000000000000e+00 0.000000000000000000e+00 0.000000000000000000e+00 0.000000000000000000e+00
3.000000000000000000e+03 1.200079221045147193e-02 0.000000000000000000e+00 1.000000000000000000e+00 0.000000000000000000e+00 0.000000000000000000e+00 0.000000000000000000e+00
3.250000000000000000e+03 1.300085822798902058e-02 0.000000000000000000e+00 1.000000000000000000e+00 0.000000000000000000e+00 0.000000000000000000e+00 0.000000000000000000e+00
3.500000000000000000e+03 1.400092424552679127e-02 0.000000000000000000e+00 1.000000000000000000e+00 0.000000000000000000e+00 0.000000000000000000e+00 0.000000000000000000e+00
3.750000000000000000e+03 1.500099026306433991e-02 0.000000000000000000e+00 1.000000000000000000e+00 0.000000000000000000e+00 0.000000000000000000e+00 0.000000000000000000e+00
4.000000000000000000e+03 1.600105628060188856e-02 0.000000000000000000e+00 1.000000000000000000e+00 0.000000000000000000e+00 0.000000000000000000e+00 0.000000000000000000e+00
4.250000000000000000e+03 1.700112229813965925e-02 0.000000000000000000e+00 1.000000000000000000e+00 0.000000000000000000e+00 0.000000000000000000e+00 0.000000000000000000e+00
4.500000000000000000e+03 1.800118831567720790e-02 0.000000000000000000e+00 1.000000000000000000e+00 0.000000000000000000e+00 0.000000000000000000e+00 0.000000000000000000e+00
4.750000000000000000e+03 1.900125433321475654e-02 0.000000000000000000e+00 1.000000000000000000e+00 0.000000000000000000e+00 0.000000000000000000e+00 0.000000000000000000e+00
5.000000000000000000e+03 2.000132035075252723e-02 0.000000000000000000e+00 1.000000000000000000e+00 0.000000000000000000e+00 0.000000000000000000e+00 0.000000000000000000e+00
5.250000000000000000e+03 2.100138636829007588e-02 0.000000000000000000e+00 1.000000000000000000e+00 0.000000000000000000e+00 0.000000000000000000e+00 0.000000000000000000e+00
5.500000000000000000e+03 2.200145238582762452e-02 0.000000000000000000e+00 1.000000000000000000e+00 0.000000000000000000e+00 0.000000000000000000e+00 0.000000000000000000e+00
5.750000000000000000e+03 2.300151840336539522e-02 0.000000000000000000e+00 1.000000000000000000e+00 0.000000000000000000e+00 0.000000000000000000e+00 0.000000000000000000e+00
6.000000000000000000e+03 2.400158442090294386e-02 0.000000000000000000e+00 1.000000000000000000e+00 0.000000000000000000e+00 0.000000000000000000e+00 0.000000000000000000e+00
6.250000000000000000e+03 2.500165043844049251e-02 0.000000000000000000e+00 1.000000000000000000e+00 0.000000000000000000e+00 0.000000000000000000e+00 0.000000000000000000e+00
6.500000000000000000e+03 2.600171645597826320e-02 0.000000000000000000e+00 1.000000000000000000e+00 0.000000000000000000e+00 0.000000000000000000e+00 0.000000000000000000e+00
6.750000000000000000e+03 2.700178247351581184e-02 0.000000000000000000e+00 1.000000000000000000e+00 0.000000000000000000e+00 0.000000000000000000e+00 0.000000000000000000e+00
7.000000000000000000e+03 2.800184849105336049e-02 0.000000000000000000e+00 1.000000000000000000e+00 0.000000000000000000e+00 0.000000000000000000e+00 0.000000000000000000e+00
7.250000000000000000e+03 2.900191450859113118e-02 0.000000000000000000e+00 1.000000000000000000e+00 0.000000000000000000e+00 0.000000000000000000e+00 0.000000000000000000e+00
7.500000000000000000e+03 3.000198052612867983e-02 0.000000000000000000e+00 1.000000000000000000e+00 0.000000000000000000e+00 0.000000000000000000e+00 0.000000000000000000e+00
7.750000000000000000e+03 3.100204654366622847e-02 0.000000000000000000e+00 1.000000000000000000e+00 0.000000000000000000e+00 0.000000000000000000e+00 0.000000000000000000e+00
8.000000000000000000e+03 3.200211256120399916e-02 0.000000000000000000e+00 1.000000000000000000e+00 0.000000000000000000e+00 0.000000000000000000e+00 0.000000000000000000e+00
8.250000000000000000e+03 3.300217857874154781e-02 0.000000000000000000e+00 1.000000000000000000e+00 0.000000000000000000e+00 0.000000000000000000e+00 0.000000000000000000e+00
8.500000000000000000e+03 3.400224459627909646e-02 0.000000000000000000e+00 1.000000000000000000e+00 0.000000000000000000e+00 0.000000000000000000e+00 0.000000000000000000e+00
8.750000000000000000e+03 3.500231061381664510e-02 0.000000000000000000e+00 1.000000000000000000e+00 0.000000000000000000e+00 0.000000000000000000e+00 0.000000000000000000e+00
9.000000000000000000e+03 3.600237663135441579e-02 0.000000000000000000e+00 1.000000000000000000e+00 0.000000000000000000e+00 0.000000000000000000e+00 0.000000000000000000e+00
9.250000000000000000e+03 3.700244264889196444e-02 0.000000000000000000e+00 1.000000000000000000e+00 0.000000000000000000e+00 0.000000000000000000e+00 0.000000000000000000e+00
9.500000000000000000e+03 3.800250866642951308e-02 0.000000000000000000e+00 1.000000000000000000e+00 0.000000000000000000e+00 0.000000000000000000e+00 0.000000000000000000e+00
9.750000000000000000e+03 3.900257468396728378e-02 0.000000000000000000e+00 1.000000000000000000e+00 0.000000000000000000e+00 0.000000000000000000e+00 0.000000000000000000e+00
1.000000000000000000e+04 4.000264070150483242e-02 0.000000000000000000e+00 1.000000000000000000e+00 0.000000000000000000e+00 0.000000000000000000e+00 0.000000000000000000e+00
1.025000000000000000e+04 4.100270671904238107e-02 0.000000000000000000e+00 1.000000000000000000e+00 0.000000000000000000e+00 0.000000000000000000e+00 0.000000000000000000e+00
1.050000000000000000e+04 4.200277273658015176e-02 0.000000000000000000e+00 1.000000000000000000e+00 0.000000000000000000e+00 0.000000000000000000e+00 0.000000000000000000e+00
1.075000000000000000e+04 4.300283875411770040e-02 0.000000000000000000e+00 1.000000000000000000e+00 0.000000000000000000e+00 0.000000000000000000e+00 0.000000000000000000e+00
1.100000000000000000e+04 4.400290477165524905e-02 0.000000000000000000e+00 1.000000000000000000e+00 0.000000000000000000e+00 0.000000000000000000e+00 0.000000000000000000e+00
1.125000000000000000e+04 4.500297078919301974e-02 0.000000000000000000e+00 1.000000000000000000e+00 0.000000000000000000e+00 0.000000000000000000e+00 0.000000000000000000e+00
1.150000000000000000e+04 4.600303680673056839e-02 0.000000000000000000e+00 1.000000000000000000e+00 0.000000000000000000e+00 0.000000000000000000e+00 0.000000000000000000e+00
1.175000000000000000e+04 4.700310282426811703e-02 0.000000000000000000e+00 1.000000000000000000e+00 0.000000000000000000e+00 0.000000000000000000e+00 0.000000000000000000e+00
1.200000000000000000e+04 4.800316884180588772e-02 0.000000000000000000e+00 1.000000000000000000e+00 0.000000000000000000e+00 0.000000000000000000e+00 0.000000000000000000e+00
1.225000000000000000e+04 4.900323485934343637e-02 0.000000000000000000e+00 1.000000000000000000e+00 0.000000000000000000e+00 0.000000000000000000e+00 0.000000000000000000e+00
1.250000000000000000e+04 5.000330087688098502e-02 0.000000000000000000e+00 1.000000000000000000e+00 0.000000000000000000e+00 0.000000000000000000e+00 0.000000000000000000e+00
1.275000000000000000e+04 5.100336689441875571e-02 0.000000000000000000e+00 1.000000000000000000e+00 0.000000000000000000e+00 0.000000000000000000e+00 0.000000000000000000e+00
1.300000000000000000e+04 5.200343291195630435e-02 0.000000000000000000e+00 1.000000000000000000e+00 0.000000000000000000e+00 0.000000000000000000e+00 0.000000000000000000e+00
1.325000000000000000e+04 5.300349892949385300e-02 0.000000000000000000e+00 1.000000000000000000e+00 0.000000000000000000e+00 0.000000000000000000e+00 0.000000000000000000e+00
1.350000000000000000e+04 5.400356494703162369e-02 0.000000000000000000e+00 1.000000000000000000e+00 0.000000000000000000e+00 0.000000000000000000e+00 0.000000000000000000e+00
1.375000000000000000e+04 5.500363096456917233e-02 0.000000000000000000e+00 1.000000000000000000e+00 0.000000000000000000e+00 0.000000000000000000e+00 0.000000000000000000e+00
1.400000000000000000e+04 5.600369698210672098e-02 0.000000000000000000e+00 1.000000000000000000e+00 0.000000000000000000e+00 0.000000000000000000e+00 0.000000000000000000e+00
1.425000000000000000e+04 5.700376299964449167e-02 0.000000000000000000e+00 1.000000000000000000e+00 0.000000000000000000e+00 0.000000000000000000e+00 0.000000000000000000e+00
1.450000000000000000e+04 5.800382901718204032e-02 0.000000000000000000e+00 1.000000000000000000e+00 0.000000000000000000e+00 0.000000000000000000e+00 0.000000000000000000e+00
1.475000000000000000e+04 5.900389503471958896e-02 0.000000000000000000e+00 1.000000000000000000e+00 0.000000000000000000e+00 0.000000000000000000e+00 0.000000000000000000e+00
1.500000000000000000e+04 6.000396105225735965e-02 3.413746017296313199e-04 9.996586253982703285e-01 0.000000000000000000e+00 0.000000000000000000e+00 0.000000000000000000e+00
1.525000000000000000e+04 6.100402706979490830e-02 1.137915339098771066e-04 9.998862084660901095e-01 0.000000000000000000e+00 0.000000000000000000e+00 0.000000000000000000e+00
1.550000000000000000e+04 6.200409308733245695e-02 0.000000000000000000e+00 1.000000000000000000e+00 0.000000000000000000e+00 0.000000000000000000e+00 0.000000000000000000e+00
1.575000000000000000e+04 6.300415910487022764e-02 5.689576695493854790e-04 9.994310423304506585e-01 0.000000000000000000e+00 0.000000000000000000e+00 0.000000000000000000e+00
1.600000000000000000e+04 6.400422512240777628e-02 0.000000000000000000e+00 1.000000000000000000e+00 0.000000000000000000e+00 0.000000000000000000e+00 0.000000000000000000e+00
1.625000000000000000e+04 6.500429113994532493e-02 0.000000000000000000e+00 1.000000000000000000e+00 0.000000000000000000e+00 0.000000000000000000e+00 0.000000000000000000e+00
1.650000000000000000e+04 6.600435715748309562e-02 0.000000000000000000e+00 1.000000000000000000e+00 0.000000000000000000e+00 0.000000000000000000e+00 0.000000000000000000e+00
1.675000000000000000e+04 6.700442317502064427e-02 2.275830678197542133e-04 9.996586253982703285e-01 0.000000000000000000e+00 1.137915339098771066e-04 0.000000000000000000e+00
1.700000000000000000e+04 6.800448919255819291e-02 2.275830678197542133e-04 9.997724169321802190e-01 0.000000000000000000e+00 0.000000000000000000e+00 0.000000000000000000e+00
1.725000000000000000e+04 6.900455521009596360e-02 0.000000000000000000e+00 1.000000000000000000e+00 0.000000000000000000e+00 0.000000000000000000e+00 0.000000000000000000e+00
1.750000000000000000e+04 7.000462122763351225e-02 0.000000000000000000e+00 1.000000000000000000e+00 0.000000000000000000e+00 0.000000000000000000e+00 0.000000000000000000e+00
1.775000000000000000e+04 7.100468724517106089e-02 0.000000000000000000e+00 1.000000000000000000e+00 0.000000000000000000e+00 0.000000000000000000e+00 0.000000000000000000e+00
1.800000000000000000e+04 7.200475326270883158e-02 2.275830678197542133e-04 9.997724169321802190e-01 0.000000000000000000e+00 0.000000000000000000e+00 0.000000000000000000e+00
1.825000000000000000e+04 7.300481928024638023e-02 0.000000000000000000e+00 1.000000000000000000e+00 0.000000000000000000e+00 0.000000000000000000e+00 0.000000000000000000e+00
1.850000000000000000e+04 7.400488529778392888e-02 1.137915339098771066e-04 9.998862084660901095e-01 0.000000000000000000e+00 0.000000000000000000e+00 0.000000000000000000e+00
1.875000000000000000e+04 7.500495131532169957e-02 4.551661356395084266e-04 9.995448338643604380e-01 0.000000000000000000e+00 0.000000000000000000e+00 0.000000000000000000e+00
1.900000000000000000e+04 7.600501733285924821e-02 0.000000000000000000e+00 1.000000000000000000e+00 0.000000000000000000e+00 0.000000000000000000e+00 0.000000000000000000e+00
1.925000000000000000e+04 7.700508335039679686e-02 1.137915339098771066e-04 9.998862084660901095e-01 0.000000000000000000e+00 0.000000000000000000e+00 0.000000000000000000e+00
1.950000000000000000e+04 7.800514936793456755e-02 0.000000000000000000e+00 1.000000000000000000e+00 0.000000000000000000e+00 0.000000000000000000e+00 0.000000000000000000e+00
1.975000000000000000e+04 7.900521538547211620e-02 1.137915339098771066e-04 9.998862084660901095e-01 0.000000000000000000e+00 0.000000000000000000e+00 0.000000000000000000e+00
2.000000000000000000e+04 8.000528140300966484e-02 1.137915339098771066e-04 9.998862084660901095e-01 0.000000000000000000e+00 0.000000000000000000e+00 0.000000000000000000e+00
2.025000000000000000e+04 8.100534742054743553e-02 3.413746017296313199e-04 9.996586253982703285e-01 0.000000000000000000e+00 0.000000000000000000e+00 0.000000000000000000e+00
2.050000000000000000e+04 8.200541343808498418e-02 1.137915339098771066e-04 9.995448338643604380e-01 0.000000000000000000e+00 3.413746017296313199e-04 0.000000000000000000e+00
2.075000000000000000e+04 8.300547945562253283e-02 6.827492034592626399e-04 9.993172507965407680e-01 0.000000000000000000e+00 0.000000000000000000e+00 0.000000000000000000e+00
2.100000000000000000e+04 8.400554547316030352e-02 3.413746017296313199e-04 9.995448338643604380e-01 0.000000000000000000e+00 1.137915339098771066e-04 0.000000000000000000e+00
2.125000000000000000e+04 8.500561149069785216e-02 1.365498406918525280e-03 9.985207100591716456e-01 0.000000000000000000e+00 1.137915339098771066e-04 0.000000000000000000e+00
2.150000000000000000e+04 8.600567750823540081e-02 9.103322712790168532e-04 9.989758761948110966e-01 0.000000000000000000e+00 1.137915339098771066e-04 0.000000000000000000e+00
2.175000000000000000e+04 8.700574352577317150e-02 7.965407373691396923e-04 9.992034592626308775e-01 0.000000000000000000e+00 0.000000000000000000e+00 0.000000000000000000e+00
2.200000000000000000e+04 8.800580954331072014e-02 0.000000000000000000e+00 1.000000000000000000e+00 0.000000000000000000e+00 0.000000000000000000e+00 0.000000000000000000e+00
2.225000000000000000e+04 8.900587556084826879e-02 1.137915339098771066e-04 9.998862084660901095e-01 0.000000000000000000e+00 0.000000000000000000e+00 0.000000000000000000e+00
2.250000000000000000e+04 9.000594157838603948e-02 6.827492034592626399e-04 9.993172507965407680e-01 0.000000000000000000e+00 0.000000000000000000e+00 0.000000000000000000e+00
2.275000000000000000e+04 9.100600759592358813e-02 5.689576695493854790e-04 9.994310423304506585e-01 0.000000000000000000e+00 0.000000000000000000e+00 0.000000000000000000e+00
2.300000000000000000e+04 9.200607361346113677e-02 6.827492034592626399e-04 9.993172507965407680e-01 0.000000000000000000e+00 0.000000000000000000e+00 0.000000000000000000e+00
2.325000000000000000e+04 9.300613963099890746e-02 2.048247610377787811e-03 9.978379608557123026e-01 0.000000000000000000e+00 1.137915339098771066e-04 0.000000000000000000e+00
2.350000000000000000e+04 9.400620564853645611e-02 1.137915339098771066e-04 9.998862084660901095e-01 0.000000000000000000e+00 0.000000000000000000e+00 0.000000000000000000e+00
2.375000000000000000e+04 9.500627166607400476e-02 2.503413746017296455e-03 9.974965862539827421e-01 0.000000000000000000e+00 0.000000000000000000e+00 0.000000000000000000e+00
2.400000000000000000e+04 9.600633768361177545e-02 1.365498406918525280e-03 9.985207100591716456e-01 0.000000000000000000e+00 1.137915339098771066e-04 0.000000000000000000e+00
2.425000000000000000e+04 9.700640370114932409e-02 1.479289940828402332e-03 9.985207100591716456e-01 0.000000000000000000e+00 0.000000000000000000e+00 0.000000000000000000e+00
2.450000000000000000e+04 9.800646971868687274e-02 3.299954483386436255e-03 9.967000455166135087e-01 0.000000000000000000e+00 0.000000000000000000e+00 0.000000000000000000e+00
2.475000000000000000e+04 9.900653573622464343e-02 2.503413746017296455e-03 9.973827947200728516e-01 0.000000000000000000e+00 1.137915339098771066e-04 0.000000000000000000e+00
2.500000000000000000e+04 1.000066017537621921e-01 4.437869822485207214e-03 9.954483386436049352e-01 0.000000000000000000e+00 1.137915339098771066e-04 0.000000000000000000e+00
2.525000000000000000e+04 1.010066677712997407e-01 2.844788347746927612e-03 9.971552116522530707e-01 0.000000000000000000e+00 0.000000000000000000e+00 0.000000000000000000e+00
2.550000000000000000e+04 1.020067337888375114e-01 4.665452890304961318e-03 9.946517979062358128e-01 0.000000000000000000e+00 6.827492034592626399e-04 0.000000000000000000e+00
2.575000000000000000e+04 1.030067998063750601e-01 5.120619025944469528e-03 9.945380063723259223e-01 0.000000000000000000e+00 3.413746017296313199e-04 0.000000000000000000e+00
2.600000000000000000e+04 1.040068658239126087e-01 4.096495220755575623e-03 9.953345471096950448e-01 0.000000000000000000e+00 5.689576695493854790e-04 0.000000000000000000e+00
2.625000000000000000e+04 1.050069318414501573e-01 4.437869822485207214e-03 9.953345471096950448e-01 0.000000000000000000e+00 2.275830678197542133e-04 0.000000000000000000e+00
2.650000000000000000e+04 1.060069978589879280e-01 8.875739644970414427e-03 9.904415111515703085e-01 0.000000000000000000e+00 6.827492034592626399e-04 0.000000000000000000e+00
2.675000000000000000e+04 1.070070638765254767e-01 5.803368229403732710e-03 9.939690487027764698e-01 0.000000000000000000e+00 2.275830678197542133e-04 0.000000000000000000e+00
2.700000000000000000e+04 1.080071298940630253e-01 8.306781975421027864e-03 9.908966772872098705e-01 0.000000000000000000e+00 7.965407373691396923e-04 0.000000000000000000e+00
2.725000000000000000e+04 1.090071959116007960e-01 1.160673645880746542e-02 9.866863905325443662e-01 0.000000000000000000e+00 1.706873008648156654e-03 0.000000000000000000e+00
2.750000000000000000e+04 1.100072619291383447e-01 1.319981793354574502e-02 9.847519344560764498e-01 0.000000000000000000e+00 2.048247610377787811e-03 0.000000000000000000e+00
2.775000000000000000e+04 1.110073279466758933e-01 7.191624943104232837e-02 7.601274465179790329e-01 0.000000000000000000e+00 1.679563040509786109e-01 0.000000000000000000e+00
2.800000000000000000e+04 1.120073939642136640e-01 1.489531178880291185e-01 2.844788347746927681e-01 1.251706873008648227e-03 5.653163404642694845e-01 0.000000000000000000e+00
2.825000000000000000e+04 1.130074599817512127e-01 2.353208921256258468e-01 3.980427856167501055e-01 2.089212562585343602e-01 1.577150659990896597e-01 0.000000000000000000e+00
2.850000000000000000e+04 1.140075259992887613e-01 2.348657259899863403e-01 4.443559399180700975e-01 2.859581247155211781e-01 3.482020937642239106e-02 0.000000000000000000e+00
2.875000000000000000e+04 1.150075920168265320e-01 2.231451979972690070e-01 4.642694583522986029e-01 2.877787892580792040e-01 2.480655439235321044e-02 0.000000000000000000e+00
2.900000000000000000e+04 1.160076580343640806e-01 2.248520710059171701e-01 4.700728265817022966e-01 2.853891670459717811e-01 1.968593536640873831e-02 0.000000000000000000e+00
2.925000000000000000e+04 1.170077240519016293e-01 2.197314519799726806e-01 4.853208921256258468e-01 2.768548020027309930e-01 1.809285389167045871e-02 0.000000000000000000e+00
2.950000000000000000e+04 1.180077900694394000e-01 2.242831133363677731e-01 5.014792899408283544e-01 2.616067364588074429e-01 1.263086026399635846e-02 0.000000000000000000e+00
2.975000000000000000e+04 1.190078560869769486e-01 2.126763768775603025e-01 5.347064178425124936e-01 2.403277196176604458e-01 1.228948566226672687e-02 0.000000000000000000e+00
3.000000000000000000e+04 1.200079221045144973e-01 1.946973145197997135e-01 6.048020027309968238e-01 1.865043240782885692e-01 1.399635867091488309e-02 0.000000000000000000e+00
3.025000000000000000e+04 1.210079881220522680e-01 1.528220300409649512e-01 6.714838416021847722e-01 1.616977696859353553e-01 1.399635867091488309e-02 0.000000000000000000e+00
3.050000000000000000e+04 1.220080541395898166e-01 1.260810195721438209e-01 7.091488393263540857e-01 1.554392353208921274e-01 9.330905780609922637e-03 0.000000000000000000e+00
3.075000000000000000e+04 1.230081201571273652e-01 1.057123350022758368e-01 7.523896222121073674e-01 1.362084660901228816e-01 5.689576695493855224e-03 0.000000000000000000e+00
3.100000000000000000e+04 1.240081861746651359e-01 8.352298588984979899e-02 7.617205279927173889e-01 1.514565316340464318e-01 3.299954483386436255e-03 0.000000000000000000e+00
3.125000000000000000e+04 1.250082521922026846e-01 8.272644515248064878e-02 7.555757851615839682e-01 1.588529813381884259e-01 2.844788347746927612e-03 0.000000000000000000e+00
3.150000000000000000e+04 1.260083182097402332e-01 7.146108329540282189e-02 7.551206190259445172e-01 1.708010923987255403e-01 2.617205279927173507e-03 0.000000000000000000e+00
3.175000000000000000e+04 1.270083842272780039e-01 6.577150659990896320e-02 7.595584888484296915e-01 1.731907146108329631e-01 1.479289940828402332e-03 0.000000000000000000e+00
3.200000000000000000e+04 1.280084502448155526e-01 5.928538916704597511e-02 7.677514792899408080e-01 1.694355939918070209e-01 3.527537551206190360e-03 0.000000000000000000e+00
3.225000000000000000e+04 1.290085162623531012e-01 5.757851615839781195e-02 7.705962676376877374e-01 1.670459717796995980e-01 4.779244424214838804e-03 0.000000000000000000e+00
3.250000000000000000e+04 1.300085822798908719e-01 5.712335002275830548e-02 7.767410104688211581e-01 1.613563950842057393e-01 4.779244424214838804e-03 0.000000000000000000e+00
3.275000000000000000e+04 1.310086482974284205e-01 5.791989076012744875e-02 7.775375512061902805e-01 1.609012289485662328e-01 3.641329085116067413e-03 0.000000000000000000e+00
3.300000000000000000e+04 1.320087143149659692e-01 5.609922621756941591e-02 7.781065088757396220e-01 1.614701866181156020e-01 4.324078288575329727e-03 0.000000000000000000e+00
3.325000000000000000e+04 1.330087803325037399e-01 5.564406008192990249e-02 7.843650432407829332e-01 1.566909421939007840e-01 3.299954483386436255e-03 0.000000000000000000e+00
3.350000000000000000e+04 1.340088463500412885e-01 5.848884842967683184e-02 7.793582157487483064e-01 1.601046882111970826e-01 2.048247610377787811e-03 0.000000000000000000e+00
3.375000000000000000e+04 1.350089123675788372e-01 5.336822940373236318e-02 7.827719617660445772e-01 1.609012289485662328e-01 2.958579881656804664e-03 0.000000000000000000e+00
3.400000000000000000e+04 1.360089783851166079e-01 5.666818388711879900e-02 7.777651342740100615e-01 1.611288120163859861e-01 4.437869822485207214e-03 0.000000000000000000e+00
3.425000000000000000e+04 1.370090444026541565e-01 5.644060081929904577e-02 7.779927173418297315e-01 1.630632680928539024e-01 2.503413746017296455e-03 0.000000000000000000e+00
3.450000000000000000e+04 1.380091104201917052e-01 5.541647701411014926e-02 7.752617205279926926e-01 1.639736003641329154e-01 5.348202093764223633e-03 0.000000000000000000e+00
3.475000000000000000e+04 1.390091764377294759e-01 5.678197542102867562e-02 7.752617205279926926e-01 1.636322257624032717e-01 4.324078288575329727e-03 0.000000000000000000e+00
3.500000000000000000e+04 1.400092424552670245e-01 5.553026854802002588e-02 7.749203459262631322e-01 1.660218479745106945e-01 3.527537551206190360e-03 0.000000000000000000e+00
3.525000000000000000e+04 1.410093084728045731e-01 5.814747382794720199e-02 7.733272644515247762e-01 1.646563495675921751e-01 3.868912152935821518e-03 0.000000000000000000e+00
3.550000000000000000e+04 1.420093744903423438e-01 5.564406008192990249e-02 7.751479289940828021e-01 1.659080564406008318e-01 3.299954483386436255e-03 0.000000000000000000e+00
3.575000000000000000e+04 1.430094405078798925e-01 5.553026854802002588e-02 7.748065543923532417e-01 1.652253072371415443e-01 4.437869822485207214e-03 0.000000000000000000e+00
3.600000000000000000e+04 1.440095065254174411e-01 5.757851615839781195e-02 7.740100136549841192e-01 1.644287664997724219e-01 3.982703686845699004e-03 0.000000000000000000e+00
3.625000000000000000e+04 1.450095725429552118e-01 5.416477014110149951e-02 7.756030951297223641e-01 1.655666818388711881e-01 4.665452890304961318e-03 0.000000000000000000e+00
3.650000000000000000e+04 1.460096385604927605e-01 5.564406008192990249e-02 7.728720983158853253e-01 1.675011379153391045e-01 3.982703686845699004e-03 0.000000000000000000e+00
3.675000000000000000e+04 1.470097045780303091e-01 5.609922621756941591e-02 7.737824305871643382e-01 1.659080564406008318e-01 4.210286754665453109e-03 0.000000000000000000e+00
3.700000000000000000e+04 1.480097705955680798e-01 5.735093309057805872e-02 7.719617660446063123e-01 1.671597633136094607e-01 3.527537551206190360e-03 0.000000000000000000e+00
3.725000000000000000e+04 1.490098366131056284e-01 5.461993627674101293e-02 7.737824305871643382e-01 1.681838871187983642e-01 3.413746017296313308e-03 0.000000000000000000e+00
3.750000000000000000e+04 1.500099026306431771e-01 5.564406008192990249e-02 7.730996813837051063e-01 1.665908056440600915e-01 4.665452890304961318e-03 0.000000000000000000e+00
3.775000000000000000e+04 1.510099686481809478e-01 5.666818388711879900e-02 7.721893491124259823e-01 1.679563040509786109e-01 3.186162949476558769e-03 0.000000000000000000e+00
3.800000000000000000e+04 1.520100346657184964e-01 5.860263996358670846e-02 7.724169321802457633e-01 1.646563495675921751e-01 4.324078288575329727e-03 0.000000000000000000e+00
3.825000000000000000e+04 1.530101006832560451e-01 5.746472462448793533e-02 7.713928083750568598e-01 1.662494310423304478e-01 4.893035958124715423e-03 0.000000000000000000e+00
3.850000000000000000e+04 1.540101667007938158e-01 5.621301775147929253e-02 7.723031406463358728e-01 1.669321802457897075e-01 4.551661356395083832e-03 0.000000000000000000e+00
3.875000000000000000e+04 1.550102327183313644e-01 5.700955848884842886e-02 7.719617660446063123e-01 1.671597633136094607e-01 3.868912152935821518e-03 0.000000000000000000e+00
3.900000000000000000e+04 1.560102987358689131e-01 5.905780609922621494e-02 7.707100591715976279e-01 1.665908056440600915e-01 3.641329085116067413e-03 0.000000000000000000e+00
3.925000000000000000e+04 1.570103647534066837e-01 5.700955848884842886e-02 7.734410559854346667e-01 1.645425580336822846e-01 5.006827492034592909e-03 0.000000000000000000e+00
3.950000000000000000e+04 1.580104307709442324e-01 5.894401456531633832e-02 7.696859353664087244e-01 1.681838871187983642e-01 3.186162949476558769e-03 0.000000000000000000e+00
3.975000000000000000e+04 1.590104967884817810e-01 5.769230769230769551e-02 7.741238051888938987e-01 1.642011834319526686e-01 3.982703686845699004e-03 0.000000000000000000e+00
4.000000000000000000e+04 1.600105628060195517e-01 5.575785161583977911e-02 7.721893491124259823e-01 1.669321802457897075e-01 5.120619025944469528e-03 0.000000000000000000e+00
4.025000000000000000e+04 1.610106288235571004e-01 5.814747382794720199e-02 7.711652253072371899e-01 1.662494310423304478e-01 4.437869822485207214e-03 0.000000000000000000e+00
4.050000000000000000e+04 1.620106948410946490e-01 5.883022303140646170e-02 7.712790168411469693e-01 1.665908056440600915e-01 3.299954483386436255e-03 0.000000000000000000e+00
4.075000000000000000e+04 1.630107608586324197e-01 5.985434683659535821e-02 7.727583067819754348e-01 1.642011834319526686e-01 3.186162949476558769e-03 0.000000000000000000e+00
4.100000000000000000e+04 1.640108268761699684e-01 6.087847064178425471e-02 7.699135184342285054e-01 1.644287664997724219e-01 4.779244424214838804e-03 0.000000000000000000e+00
4.125000000000000000e+04 1.650108928937075170e-01 5.769230769230769551e-02 7.707100591715976279e-01 1.670459717796995980e-01 4.551661356395083832e-03 0.000000000000000000e+00
4.150000000000000000e+04 1.660109589112452877e-01 5.905780609922621494e-02 7.711652253072371899e-01 1.660218479745106945e-01 3.755120619025944465e-03 0.000000000000000000e+00
4.175000000000000000e+04 1.670110249287828363e-01 6.019572143832498806e-02 7.687756030951297115e-01 1.654528903049612976e-01 5.575785161583977738e-03 0.000000000000000000e+00
4.200000000000000000e+04 1.680110909463203850e-01 5.712335002275830548e-02 7.723031406463358728e-01 1.659080564406008318e-01 4.665452890304961318e-03 0.000000000000000000e+00
4.225000000000000000e+04 1.690111569638581557e-01 5.826126536185707860e-02 7.711652253072371899e-01 1.664770141101502010e-01 4.096495220755575623e-03 0.000000000000000000e+00
4.250000000000000000e+04 1.700112229813957043e-01 6.269913518434228061e-02 7.697997269003186149e-01 1.637460172963131622e-01 3.755120619025944465e-03 0.000000000000000000e+00
4.275000000000000000e+04 1.710112889989332530e-01 5.962676376877560497e-02 7.710514337733272994e-01 1.630632680928539024e-01 6.258534365043240920e-03 0.000000000000000000e+00
4.300000000000000000e+04 1.720113550164708016e-01 6.110605370960400795e-02 7.703686845698679564e-01 1.646563495675921751e-01 3.868912152935821518e-03 0.000000000000000000e+00
4.325000000000000000e+04 1.730114210340085723e-01 6.053709604005461792e-02 7.719617660446063123e-01 1.629494765589440120e-01 4.551661356395083832e-03 0.000000000000000000e+00
4.350000000000000000e+04 1.740114870515461210e-01 6.315430131998178709e-02 7.713928083750568598e-01 1.601046882111970826e-01 5.348202093764223633e-03 0.000000000000000000e+00
4.375000000000000000e+04 1.750115530690836696e-01 5.700955848884842886e-02 7.735548475193445572e-01 1.622667273554847522e-01 7.168866636322257339e-03 0.000000000000000000e+00
4.400000000000000000e+04 1.760116190866214403e-01 6.065088757396449454e-02 7.724169321802457633e-01 1.622667273554847522e-01 4.665452890304961318e-03 0.000000000000000000e+00
4.425000000000000000e+04 1.770116851041589889e-01 6.133363677742376119e-02 7.710514337733272994e-01 1.624943104233045055e-01 5.120619025944469528e-03 0.000000000000000000e+00
4.450000000000000000e+04 1.780117511216965376e-01 6.486117432862995025e-02 7.708238507055075184e-01 1.604460628129267263e-01 3.868912152935821518e-03 0.000000000000000000e+00
4.475000000000000000e+04 1.790118171392343083e-01 6.429221665908056715e-02 7.716203914428766408e-01 1.612426035502958488e-01 2.844788347746927612e-03 0.000000000000000000e+00
4.500000000000000000e+04 1.800118831567718569e-01 6.508875739644970349e-02 7.712790168411469693e-01 1.589667728720983164e-01 4.665452890304961318e-03 0.000000000000000000e+00
4.525000000000000000e+04 1.810119491743094056e-01 6.326809285389166371e-02 7.760582612653618151e-01 1.573736913973600438e-01 3.299954483386436255e-03 0.000000000000000000e+00
4.550000000000000000e+04 1.820120151918471763e-01 6.804733727810650945e-02 7.769685935366408280e-01 1.505461993627674189e-01 4.437869822485207214e-03 0.000000000000000000e+00
4.575000000000000000e+04 1.830120812093847249e-01 6.668183887118799003e-02 7.763996358670914866e-01 1.514565316340464318e-01 5.461993627674101119e-03 0.000000000000000000e+00
4.600000000000000000e+04 1.840121472269222735e-01 6.668183887118799003e-02 7.793582157487483064e-01 1.498634501593081592e-01 4.096495220755575623e-03 0.000000000000000000e+00
4.625000000000000000e+04 1.850122132444600442e-01 6.497496586253982687e-02 7.823167956304051263e-01 1.483841602184797492e-01 4.324078288575329727e-03 0.000000000000000000e+00
4.650000000000000000e+04 1.860122792619975929e-01 6.873008648156576916e-02 7.793582157487483064e-01 1.471324533454710926e-01 4.779244424214838804e-03 0.000000000000000000e+00
4.675000000000000000e+04 1.870123452795351415e-01 6.918525261720527564e-02 7.798133818843877574e-01 1.478152025489303523e-01 3.186162949476558769e-03 0.000000000000000000e+00
4.700000000000000000e+04 1.880124112970729122e-01 7.168866636322257513e-02 7.776513427401001710e-01 1.469048702776513393e-01 3.755120619025944465e-03 0.000000000000000000e+00
4.725000000000000000e+04 1.890124773146104609e-01 7.578516158397814728e-02 7.709376422394174089e-01 1.492944924897587622e-01 3.982703686845699004e-03 0.000000000000000000e+00
4.750000000000000000e+04 1.900125433321480095e-01 7.180245789713245175e-02 7.655894401456531106e-01 1.593081474738279601e-01 3.299954483386436255e-03 0.000000000000000000e+00
4.775000000000000000e+04 1.910126093496857802e-01 5.985434683659535821e-02 7.744651797906235702e-01 1.640873918980427781e-01 1.593081474738279385e-03 0.000000000000000000e+00
4.800000000000000000e+04 1.920126753672233288e-01 5.905780609922621494e-02 7.748065543923532417e-01 1.648839326354119283e-01 1.251706873008648227e-03 0.000000000000000000e+00
4.825000000000000000e+04 1.930127413847608775e-01 5.496131087847064278e-02 7.776513427401001710e-01 1.657942649066909413e-01 1.593081474738279385e-03 0.000000000000000000e+00
4.850000000000000000e+04 1.940128074022986482e-01 5.484751934456076616e-02 7.759444697314519246e-01 1.679563040509786109e-01 1.251706873008648227e-03 0.000000000000000000e+00
4.875000000000000000e+04 1.950128734198361968e-01 5.393718707328174627e-02 7.811788802913063323e-01 1.634046426945835184e-01 1.479289940828402332e-03 0.000000000000000000e+00
4.900000000000000000e+04 1.960129394373737455e-01 5.598543468365953235e-02 7.808375056895766608e-01 1.619253527537551085e-01 1.251706873008648227e-03 0.000000000000000000e+00
4.925000000000000000e+04 1.970130054549115162e-01 5.632680928538916915e-02 7.829995448338643582e-01 1.591943559399180697e-01 1.479289940828402332e-03 0.000000000000000000e+00
4.950000000000000000e+04 1.980130714724490648e-01 6.121984524351388457e-02 7.811788802913063323e-01 1.553254437869822369e-01 2.275830678197541916e-03 0.000000000000000000e+00
4.975000000000000000e+04 1.990131374899866135e-01 6.065088757396449454e-02 7.810650887573964418e-01 1.564633591260810308e-01 1.820664542558033706e-03 0.000000000000000000e+00
5.000000000000000000e+04 2.000132035075243842e-01 6.281292671825215723e-02 7.792444242148384159e-01 1.564633591260810308e-01 1.479289940828402332e-03 0.000000000000000000e+00
5.025000000000000000e+04 2.010132695250619328e-01 6.121984524351388457e-02 7.781065088757396220e-01 1.581702321347291662e-01 2.503413746017296455e-03 0.000000000000000000e+00
5.050000000000000000e+04 2.020133355425994814e-01 6.144742831133363781e-02 7.794720072826581969e-01 1.577150659990896597e-01 1.365498406918525280e-03 0.000000000000000000e+00
5.075000000000000000e+04 2.030134015601372521e-01 6.008192990441511144e-02 7.809512972234865513e-01 1.577150659990896597e-01 1.251706873008648227e-03 0.000000000000000000e+00
5.100000000000000000e+04 2.040134675776748008e-01 6.326809285389166371e-02 7.783340919435594030e-01 1.568047337278106468e-01 1.593081474738279385e-03 0.000000000000000000e+00
5.125000000000000000e+04 2.050135335952123494e-01 6.736458807464724974e-02 7.736686390532544477e-01 1.565771506599908935e-01 2.389622212107419402e-03 0.000000000000000000e+00
5.150000000000000000e+04 2.060135996127501201e-01 7.851615839781520001e-02 7.434000910332271284e-01 1.746700045516613453e-01 3.413746017296313308e-03 0.000000000000000000e+00
5.175000000000000000e+04 2.070136656302876688e-01 8.693673190714611143e-02 7.272416932180245652e-01 1.822940373236231204e-01 3.527537551206190360e-03 0.000000000000000000e+00
5.200000000000000000e+04 2.080137316478252174e-01 8.614019116977697510e-02 7.284934000910332497e-01 1.808147473827947105e-01 4.551661356395083832e-03 0.000000000000000000e+00
5.225000000000000000e+04 2.090137976653629881e-01 8.614019116977697510e-02 7.281520254893035782e-01 1.821802457897132577e-01 3.527537551206190360e-03 0.000000000000000000e+00
5.250000000000000000e+04 2.100138636829005367e-01 8.705052344105598805e-02 7.280382339553936877e-01 1.816112881201638607e-01 3.299954483386436255e-03 0.000000000000000000e+00
5.275000000000000000e+04 2.110139297004380854e-01 8.614019116977697510e-02 7.288347746927628101e-01 1.797906235776058348e-01 5.234410559854347014e-03 0.000000000000000000e+00
5.300000000000000000e+04 2.120139957179758561e-01 9.012289485662267063e-02 7.317933545744196300e-01 1.731907146108329631e-01 4.893035958124715423e-03 0.000000000000000000e+00
5.325000000000000000e+04 2.130140617355134047e-01 9.080564406008193035e-02 7.295175238962221531e-01 1.733045061447428259e-01 6.372325898953117539e-03 0.000000000000000000e+00
5.350000000000000000e+04 2.140141277530509534e-01 8.443331816112881194e-02 7.378243058716431602e-01 1.745562130177514826e-01 3.186162949476558769e-03 0.000000000000000000e+00
5.375000000000000000e+04 2.150141937705887241e-01 8.192990441511151245e-02 7.381656804733728316e-01 1.755803368229403860e-01 4.324078288575329727e-03 0.000000000000000000e+00
5.400000000000000000e+04 2.160142597881262727e-01 8.227127901684114231e-02 7.370277651342740377e-01 1.758079198907601393e-01 4.893035958124715423e-03 0.000000000000000000e+00
5.425000000000000000e+04 2.170143258056638214e-01 8.375056895766955223e-02 7.379380974055530507e-01 1.746700045516613453e-01 3.641329085116067413e-03 0.000000000000000000e+00
5.450000000000000000e+04 2.180143918232015920e-01 8.443331816112881194e-02 7.371415566681839282e-01 1.751251706873008518e-01 3.299954483386436255e-03 0.000000000000000000e+00
5.475000000000000000e+04 2.190144578407391407e-01 8.716431497496586467e-02 7.352071005917160118e-01 1.737596722803823324e-01 3.868912152935821518e-03 0.000000000000000000e+00
5.500000000000000000e+04 2.200145238582766893e-01 8.625398270368685172e-02 7.357760582612653533e-01 1.745562130177514826e-01 3.413746017296313308e-03 0.000000000000000000e+00
5.525000000000000000e+04 2.210145898758144600e-01 8.705052344105598805e-02 7.388484296768320636e-01 1.709148839326354030e-01 3.186162949476558769e-03 0.000000000000000000e+00
5.550000000000000000e+04 2.220146558933520087e-01 8.898497951752389057e-02 7.368001820664542567e-01 1.725079654073737034e-01 1.706873008648156654e-03 0.000000000000000000e+00
5.575000000000000000e+04 2.230147219108895573e-01 8.864360491579426071e-02 7.365725989986344757e-01 1.736458807464724696e-01 1.137915339098770958e-03 0.000000000000000000e+00
5.600000000000000000e+04 2.240147879284273280e-01 8.830223031406463086e-02 7.362312243969049153e-01 1.737596722803823324e-01 1.706873008648156654e-03 0.000000000000000000e+00
5.625000000000000000e+04 2.250148539459648767e-01 8.818843878015475424e-02 7.380518889394629412e-01 1.715976331360946627e-01 2.162039144287664864e-03 0.000000000000000000e+00
5.650000000000000000e+04 2.260149199635024253e-01 9.330905780609922984e-02 7.356622667273554628e-01 1.687528447883477334e-01 2.275830678197541916e-03 0.000000000000000000e+00
5.675000000000000000e+04 2.270149859810401960e-01 8.796085571233500100e-02 7.393035958124715146e-01 1.698907601274465273e-01 2.844788347746927612e-03 0.000000000000000000e+00
