# itime ezz other fcc hcp bcc ico
0.000000000000000000e+00 0.000000000000000000e+00 0.000000000000000000e+00 1.000000000000000000e+00 0.000000000000000000e+00 0.000000000000000000e+00 0.000000000000000000e+00
2.500000000000000000e+02 9.999800384914436790e-04 0.000000000000000000e+00 1.000000000000000000e+00 0.000000000000000000e+00 0.000000000000000000e+00 0.000000000000000000e+00
5.000000000000000000e+02 1.999960076983109403e-03 0.000000000000000000e+00 1.000000000000000000e+00 0.000000000000000000e+00 0.000000000000000000e+00 0.000000000000000000e+00
7.500000000000000000e+02 2.999940115474553082e-03 0.000000000000000000e+00 1.000000000000000000e+00 0.000000000000000000e+00 0.000000000000000000e+00 0.000000000000000000e+00
1.000000000000000000e+03 3.999920153965996761e-03 0.000000000000000000e+00 1.000000000000000000e+00 0.000000000000000000e+00 0.000000000000000000e+00 0.000000000000000000e+00
1.250000000000000000e+03 4.999900192457662484e-03 0.000000000000000000e+00 1.000000000000000000e+00 0.000000000000000000e+00 0.000000000000000000e+00 0.000000000000000000e+00
1.500000000000000000e+03 5.999880230949106164e-03 0.000000000000000000e+00 1.000000000000000000e+00 0.000000000000000000e+00 0.000000000000000000e+00 0.000000000000000000e+00
1.750000000000000000e+03 6.999860269440549843e-03 0.000000000000000000e+00 1.000000000000000000e+00 0.000000000000000000e+00 0.000000000000000000e+00 0.000000000000000000e+00
2.000000000000000000e+03 7.999840307931993522e-03 0.000000000000000000e+00 1.000000000000000000e+00 0.000000000000000000e+00 0.000000000000000000e+00 0.000000000000000000e+00
2.250000000000000000e+03 8.999820346423659245e-03 0.000000000000000000e+00 1.000000000000000000e+00 0.000000000000000000e+00 0.000000000000000000e+00 0.000000000000000000e+00
2.500000000000000000e+03 9.999800384915102924e-03 0.000000000000000000e+00 1.000000000000000000e+00 0.000000000000000000e+00 0.000000000000000000e+00 0.000000000000000000e+00
2.750000000000000000e+03 1.099978042340654660e-02 0.000000000000000000e+00 1.000000000000000000e+00 0.000000000000000000e+00 0.000000000000000000e+00 0.000000000000000000e+00
3.000000000000000000e+03 1.199976046189821233e-02 0.000000000000000000e+00 1.000000000000000000e+00 0.000000000000000000e+00 0.000000000000000000e+00 0.000000000000000000e+00
3.250000000000000000e+03 1.299974050038965601e-02 0.000000000000000000e+00 1.000000000000000000e+00 0.000000000000000000e+00 0.000000000000000000e+00 0.000000000000000000e+00
3.500000000000000000e+03 1.399972053888109969e-02 0.000000000000000000e+00 1.000000000000000000e+00 0.000000000000000000e+00 0.000000000000000000e+00 0.000000000000000000e+00
3.750000000000000000e+03 1.499970057737276541e-02 0.000000000000000000e+00 1.000000000000000000e+00 0.000000000000000000e+00 0.000000000000000000e+00 0.000000000000000000e+00
4.000000000000000000e+03 1.599968061586420909e-02 0.000000000000000000e+00 1.000000000000000000e+00 0.000000000000000000e+00 0.000000000000000000e+00 0.000000000000000000e+00
4.250000000000000000e+03 1.699966065435565277e-02 0.000000000000000000e+00 1.000000000000000000e+00 0.000000000000000000e+00 0.000000000000000000e+00 0.000000000000000000e+00
4.500000000000000000e+03 1.799964069284709645e-02 0.000000000000000000e+00 1.000000000000000000e+00 0.000000000000000000e+00 0.000000000000000000e+00 0.000000000000000000e+00
4.750000000000000000e+03 1.899962073133876217e-02 0.000000000000000000e+00 1.000000000000000000e+00 0.000000000000000000e+00 0.000000000000000000e+00 0.000000000000000000e+00
5.000000000000000000e+03 1.999960076983020585e-02 0.000000000000000000e+00 1.000000000000000000e+00 0.000000000000000000e+00 0.000000000000000000e+00 0.000000000000000000e+00
5.250000000000000000e+03 2.099958080832164953e-02 0.000000000000000000e+00 1.000000000000000000e+00 0.000000000000000000e+00 0.000000000000000000e+00 0.000000000000000000e+00
5.500000000000000000e+03 2.199956084681331525e-02 0.000000000000000000e+00 1.000000000000000000e+00 0.000000000000000000e+00 0.000000000000000000e+00 0.000000000000000000e+00
5.750000000000000000e+03 2.299954088530475893e-02 0.000000000000000000e+00 1.000000000000000000e+00 0.000000000000000000e+00 0.000000000000000000e+00 0.000000000000000000e+00
6.000000000000000000e+03 2.399952092379620261e-02 0.000000000000000000e+00 1.000000000000000000e+00 0.000000000000000000e+00 0.000000000000000000e+00 0.000000000000000000e+00
6.250000000000000000e+03 2.499950096228786833e-02 0.000000000000000000e+00 1.000000000000000000e+00 0.000000000000000000e+00 0.000000000000000000e+00 0.000000000000000000e+00
6.500000000000000000e+03 2.599948100077931201e-02 0.000000000000000000e+00 1.000000000000000000e+00 0.000000000000000000e+00 0.000000000000000000e+00 0.000000000000000000e+00
6.750000000000000000e+03 2.699946103927075569e-02 0.000000000000000000e+00 1.000000000000000000e+00 0.000000000000000000e+00 0.000000000000000000e+00 0.000000000000000000e+00
7.000000000000000000e+03 2.799944107776242141e-02 0.000000000000000000e+00 1.000000000000000000e+00 0.000000000000000000e+00 0.000000000000000000e+00 0.000000000000000000e+00
7.250000000000000000e+03 2.899942111625386509e-02 0.000000000000000000e+00 1.000000000000000000e+00 0.000000000000000000e+00 0.000000000000000000e+00 0.000000000000000000e+00
7.500000000000000000e+03 2.999940115474530877e-02 0.000000000000000000e+00 1.000000000000000000e+00 0.000000000000000000e+00 0.000000000000000000e+00 0.000000000000000000e+00
7.750000000000000000e+03 3.099938119323675245e-02 0.000000000000000000e+00 1.000000000000000000e+00 0.000000000000000000e+00 0.000000000000000000e+00 0.000000000000000000e+00
8.000000000000000000e+03 3.199936123172841818e-02 0.000000000000000000e+00 1.000000000000000000e+00 0.000000000000000000e+00 0.000000000000000000e+00 0.000000000000000000e+00
8.250000000000000000e+03 3.299934127021986185e-02 0.000000000000000000e+00 1.000000000000000000e+00 0.000000000000000000e+00 0.000000000000000000e+00 0.000000000000000000e+00
8.500000000000000000e+03 3.399932130871130553e-02 0.000000000000000000e+00 1.000000000000000000e+00 0.000000000000000000e+00 0.000000000000000000e+00 0.000000000000000000e+00
8.750000000000000000e+03 3.499930134720297126e-02 0.000000000000000000e+00 1.000000000000000000e+00 0.000000000000000000e+00 0.000000000000000000e+00 0.000000000000000000e+00
9.000000000000000000e+03 3.599928138569441494e-02 0.000000000000000000e+00 1.000000000000000000e+00 0.000000000000000000e+00 0.000000000000000000e+00 0.000000000000000000e+00
9.250000000000000000e+03 3.699926142418585862e-02 0.000000000000000000e+00 1.000000000000000000e+00 0.000000000000000000e+00 0.000000000000000000e+00 0.000000000000000000e+00
9.500000000000000000e+03 3.799924146267752434e-02 0.000000000000000000e+00 1.000000000000000000e+00 0.000000000000000000e+00 0.000000000000000000e+00 0.000000000000000000e+00
9.750000000000000000e+03 3.899922150116896802e-02 0.000000000000000000e+00 1.000000000000000000e+00 0.000000000000000000e+00 0.000000000000000000e+00 0.000000000000000000e+00
1.000000000000000000e+04 3.999920153966041170e-02 0.000000000000000000e+00 1.000000000000000000e+00 0.000000000000000000e+00 0.000000000000000000e+00 0.000000000000000000e+00
1.025000000000000000e+04 4.099918157815185538e-02 0.000000000000000000e+00 1.000000000000000000e+00 0.000000000000000000e+00 0.000000000000000000e+00 0.000000000000000000e+00
1.050000000000000000e+04 4.199916161664352110e-02 0.000000000000000000e+00 1.000000000000000000e+00 0.000000000000000000e+00 0.000000000000000000e+00 0.000000000000000000e+00
1.075000000000000000e+04 4.299914165513496478e-02 0.000000000000000000e+00 1.000000000000000000e+00 0.000000000000000000e+00 0.000000000000000000e+00 0.000000000000000000e+00
1.100000000000000000e+04 4.399912169362640846e-02 0.000000000000000000e+00 1.000000000000000000e+00 0.000000000000000000e+00 0.000000000000000000e+00 0.000000000000000000e+00
1.125000000000000000e+04 4.499910173211807418e-02 0.000000000000000000e+00 1.000000000000000000e+00 0.000000000000000000e+00 0.000000000000000000e+00 0.000000000000000000e+00
1.150000000000000000e+04 4.599908177060951786e-02 0.000000000000000000e+00 1.000000000000000000e+00 0.000000000000000000e+00 0.000000000000000000e+00 0.000000000000000000e+00
1.175000000000000000e+04 4.699906180910096154e-02 0.000000000000000000e+00 1.000000000000000000e+00 0.000000000000000000e+00 0.000000000000000000e+00 0.000000000000000000e+00
1.200000000000000000e+04 4.799904184759262726e-02 0.000000000000000000e+00 1.000000000000000000e+00 0.000000000000000000e+00 0.000000000000000000e+00 0.000000000000000000e+00
1.225000000000000000e+04 4.899902188608407094e-02 0.000000000000000000e+00 1.000000000000000000e+00 0.000000000000000000e+00 0.000000000000000000e+00 0.000000000000000000e+00
1.250000000000000000e+04 4.999900192457551462e-02 0.000000000000000000e+00 1.000000000000000000e+00 0.000000000000000000e+00 0.000000000000000000e+00 0.000000000000000000e+00
1.275000000000000000e+04 5.099898196306718035e-02 4.551661356395084266e-04 9.995448338643604380e-01 0.000000000000000000e+00 0.000000000000000000e+00 0.000000000000000000e+00
1.300000000000000000e+04 5.199896200155862402e-02 0.000000000000000000e+00 1.000000000000000000e+00 0.000000000000000000e+00 0.000000000000000000e+00 0.000000000000000000e+00
1.325000000000000000e+04 5.299894204005006770e-02 0.000000000000000000e+00 1.000000000000000000e+00 0.000000000000000000e+00 0.000000000000000000e+00 0.000000000000000000e+00
1.350000000000000000e+04 5.399892207854151138e-02 0.000000000000000000e+00 1.000000000000000000e+00 0.000000000000000000e+00 0.000000000000000000e+00 0.000000000000000000e+00
1.375000000000000000e+04 5.499890211703317711e-02 0.000000000000000000e+00 1.000000000000000000e+00 0.000000000000000000e+00 0.000000000000000000e+00 0.000000000000000000e+00
1.400000000000000000e+04 5.599888215552462079e-02 0.000000000000000000e+00 1.000000000000000000e+00 0.000000000000000000e+00 0.000000000000000000e+00 0.000000000000000000e+00
1.425000000000000000e+04 5.699886219401606446e-02 0.000000000000000000e+00 1.000000000000000000e+00 0.000000000000000000e+00 0.000000000000000000e+00 0.000000000000000000e+00
1.450000000000000000e+04 5.799884223250773019e-02 0.000000000000000000e+00 1.000000000000000000e+00 0.000000000000000000e+00 0.000000000000000000e+00 0.000000000000000000e+00
1.475000000000000000e+04 5.899882227099917387e-02 0.000000000000000000e+00 1.000000000000000000e+00 0.000000000000000000e+00 0.000000000000000000e+00 0.000000000000000000e+00
1.500000000000000000e+04 5.999880230949061755e-02 0.000000000000000000e+00 1.000000000000000000e+00 0.000000000000000000e+00 0.000000000000000000e+00 0.000000000000000000e+00
1.525000000000000000e+04 6.099878234798228327e-02 0.000000000000000000e+00 1.000000000000000000e+00 0.000000000000000000e+00 0.000000000000000000e+00 0.000000000000000000e+00
1.550000000000000000e+04 6.199876238647372695e-02 0.000000000000000000e+00 1.000000000000000000e+00 0.000000000000000000e+00 0.000000000000000000e+00 0.000000000000000000e+00
1.575000000000000000e+04 6.299874242496517063e-02 0.000000000000000000e+00 1.000000000000000000e+00 0.000000000000000000e+00 0.000000000000000000e+00 0.000000000000000000e+00
1.600000000000000000e+04 6.399872246345683635e-02 1.137915339098771066e-04 9.998862084660901095e-01 0.000000000000000000e+00 0.000000000000000000e+00 0.000000000000000000e+00
1.625000000000000000e+04 6.499870250194828003e-02 0.000000000000000000e+00 1.000000000000000000e+00 0.000000000000000000e+00 0.000000000000000000e+00 0.000000000000000000e+00
1.650000000000000000e+04 6.599868254043972371e-02 0.000000000000000000e+00 1.000000000000000000e+00 0.000000000000000000e+00 0.000000000000000000e+00 0.000000000000000000e+00
1.675000000000000000e+04 6.699866257893116739e-02 0.000000000000000000e+00 1.000000000000000000e+00 0.000000000000000000e+00 0.000000000000000000e+00 0.000000000000000000e+00
1.700000000000000000e+04 6.799864261742283311e-02 4.551661356395084266e-04 9.995448338643604380e-01 0.000000000000000000e+00 0.000000000000000000e+00 0.000000000000000000e+00
1.725000000000000000e+04 6.899862265591427679e-02 0.000000000000000000e+00 1.000000000000000000e+00 0.000000000000000000e+00 0.000000000000000000e+00 0.000000000000000000e+00
1.750000000000000000e+04 6.999860269440572047e-02 0.000000000000000000e+00 1.000000000000000000e+00 0.000000000000000000e+00 0.000000000000000000e+00 0.000000000000000000e+00
1.775000000000000000e+04 7.099858273289738619e-02 0.000000000000000000e+00 1.000000000000000000e+00 0.000000000000000000e+00 0.000000000000000000e+00 0.000000000000000000e+00
1.800000000000000000e+04 7.199856277138882987e-02 0.000000000000000000e+00 1.000000000000000000e+00 0.000000000000000000e+00 0.000000000000000000e+00 0.000000000000000000e+00
1.825000000000000000e+04 7.299854280988027355e-02 0.000000000000000000e+00 1.000000000000000000e+00 0.000000000000000000e+00 0.000000000000000000e+00 0.000000000000000000e+00
1.850000000000000000e+04 7.399852284837193928e-02 3.413746017296313199e-04 9.995448338643604380e-01 0.000000000000000000e+00 1.137915339098771066e-04 0.000000000000000000e+00
1.875000000000000000e+04 7.499850288686338295e-02 3.413746017296313199e-04 9.996586253982703285e-01 0.000000000000000000e+00 0.000000000000000000e+00 0.000000000000000000e+00
1.900000000000000000e+04 7.599848292535482663e-02 3.413746017296313199e-04 9.996586253982703285e-01 0.000000000000000000e+00 0.000000000000000000e+00 0.000000000000000000e+00
1.925000000000000000e+04 7.699846296384627031e-02 0.000000000000000000e+00 1.000000000000000000e+00 0.000000000000000000e+00 0.000000000000000000e+00 0.000000000000000000e+00
1.950000000000000000e+04 7.799844300233793604e-02 5.689576695493854790e-04 9.993172507965407680e-01 0.000000000000000000e+00 1.137915339098771066e-04 0.000000000000000000e+00
1.975000000000000000e+04 7.899842304082937972e-02 2.275830678197542133e-04 9.997724169321802190e-01 0.000000000000000000e+00 0.000000000000000000e+00 0.000000000000000000e+00
2.000000000000000000e+04 7.999840307932082339e-02 2.275830678197542133e-04 9.997724169321802190e-01 0.000000000000000000e+00 0.000000000000000000e+00 0.000000000000000000e+00
2.025000000000000000e+04 8.099838311781248912e-02 0.000000000000000000e+00 1.000000000000000000e+00 0.000000000000000000e+00 0.000000000000000000e+00 0.000000000000000000e+00
2.050000000000000000e+04 8.199836315630393280e-02 4.551661356395084266e-04 9.995448338643604380e-01 0.000000000000000000e+00 0.000000000000000000e+00 0.000000000000000000e+00
2.075000000000000000e+04 8.299834319479537648e-02 0.000000000000000000e+00 1.000000000000000000e+00 0.000000000000000000e+00 0.000000000000000000e+00 0.000000000000000000e+00
2.100000000000000000e+04 8.399832323328704220e-02 1.137915339098770958e-03 9.988620846609012061e-01 0.000000000000000000e+00 0.000000000000000000e+00 0.000000000000000000e+00
2.125000000000000000e+04 8.499830327177848588e-02 4.551661356395084266e-04 9.995448338643604380e-01 0.000000000000000000e+00 0.000000000000000000e+00 0.000000000000000000e+00
2.150000000000000000e+04 8.599828331026992956e-02 2.275830678197542133e-04 9.997724169321802190e-01 0.000000000000000000e+00 0.000000000000000000e+00 0.000000000000000000e+00
2.175000000000000000e+04 8.699826334876159528e-02 6.827492034592626399e-04 9.993172507965407680e-01 0.000000000000000000e+00 0.000000000000000000e+00 0.000000000000000000e+00
2.200000000000000000e+04 8.799824338725303896e-02 6.827492034592626399e-04 9.993172507965407680e-01 0.000000000000000000e+00 0.000000000000000000e+00 0.000000000000000000e+00
2.225000000000000000e+04 8.899822342574448264e-02 7.965407373691396923e-04 9.990896677287209870e-01 0.000000000000000000e+00 1.137915339098771066e-04 0.000000000000000000e+00
2.250000000000000000e+04 8.999820346423592632e-02 4.551661356395084266e-04 9.995448338643604380e-01 0.000000000000000000e+00 0.000000000000000000e+00 0.000000000000000000e+00
2.275000000000000000e+04 9.099818350272759204e-02 5.689576695493854790e-04 9.994310423304506585e-01 0.000000000000000000e+00 0.000000000000000000e+00 0.000000000000000000e+00
2.300000000000000000e+04 9.199816354121903572e-02 1.479289940828402332e-03 9.985207100591716456e-01 0.000000000000000000e+00 0.000000000000000000e+00 0.000000000000000000e+00
2.325000000000000000e+04 9.299814357971047940e-02 2.958579881656804664e-03 9.968138370505233992e-01 0.000000000000000000e+00 2.275830678197542133e-04 0.000000000000000000e+00
2.350000000000000000e+04 9.399812361820214512e-02 1.820664542558033706e-03 9.978379608557123026e-01 0.000000000000000000e+00 3.413746017296313199e-04 0.000000000000000000e+00
2.375000000000000000e+04 9.499810365669358880e-02 3.527537551206190360e-03 9.964724624487938387e-01 0.000000000000000000e+00 0.000000000000000000e+00 0.000000000000000000e+00
2.400000000000000000e+04 9.599808369518503248e-02 1.479289940828402332e-03 9.985207100591716456e-01 0.000000000000000000e+00 0.000000000000000000e+00 0.000000000000000000e+00
2.425000000000000000e+04 9.699806373367669821e-02 4.893035958124715423e-03 9.946517979062358128e-01 0.000000000000000000e+00 4.551661356395084266e-04 0.000000000000000000e+00
2.450000000000000000e+04 9.799804377216814189e-02 4.210286754665453109e-03 9.949931725079653733e-01 0.000000000000000000e+00 7.965407373691396923e-04 0.000000000000000000e+00
2.475000000000000000e+04 9.899802381065958556e-02 1.820664542558033706e-03 9.979517523896221931e-01 0.000000000000000000e+00 2.275830678197542133e-04 0.000000000000000000e+00
2.500000000000000000e+04 9.999800384915102924e-02 2.503413746017296455e-03 9.973827947200728516e-01 0.000000000000000000e+00 1.137915339098771066e-04 0.000000000000000000e+00
2.525000000000000000e+04 1.009979838876426950e-01 1.820664542558033706e-03 9.979517523896221931e-01 0.000000000000000000e+00 2.275830678197542133e-04 0.000000000000000000e+00
2.550000000000000000e+04 1.019979639261341386e-01 2.617205279927173507e-03 9.972690031861629611e-01 0.000000000000000000e+00 1.137915339098771066e-04 0.000000000000000000e+00
2.575000000000000000e+04 1.029979439646255823e-01 1.706873008648156654e-03 9.982931269913518646e-01 0.000000000000000000e+00 0.000000000000000000e+00 0.000000000000000000e+00
2.600000000000000000e+04 1.039979240031172480e-01 4.096495220755575623e-03 9.956759217114247162e-01 0.000000000000000000e+00 2.275830678197542133e-04 0.000000000000000000e+00
2.625000000000000000e+04 1.049979040416086917e-01 5.575785161583977738e-03 9.941966317705962508e-01 0.000000000000000000e+00 2.275830678197542133e-04 0.000000000000000000e+00
2.650000000000000000e+04 1.059978840801001354e-01 5.689576695493855224e-03 9.939690487027764698e-01 0.000000000000000000e+00 3.413746017296313199e-04 0.000000000000000000e+00
2.675000000000000000e+04 1.069978641185918011e-01 7.624032771961766417e-03 9.919208010923987739e-01 0.000000000000000000e+00 4.551661356395084266e-04 0.000000000000000000e+00
2.700000000000000000e+04 1.079978441570832448e-01 8.420573509330906217e-03 9.911242603550295405e-01 0.000000000000000000e+00 4.551661356395084266e-04 0.000000000000000000e+00
2.725000000000000000e+04 1.089978241955746885e-01 1.854802002730996865e-02 9.781520254893035782e-01 0.000000000000000000e+00 3.299954483386436255e-03 0.000000000000000000e+00
2.750000000000000000e+04 1.099978042340663542e-01 6.884387801547564578e-02 7.899408284023669014e-01 0.000000000000000000e+00 1.412152935821574806e-01 0.000000000000000000e+00
2.775000000000000000e+04 1.109977842725577979e-01 1.397360036413290985e-01 2.613791533909877174e-01 4.551661356395084266e-04 5.984296768320437332e-01 0.000000000000000000e+00
2.800000000000000000e+04 1.119977643110492416e-01 1.976558944014565333e-01 3.414883932635411901e-01 6.042330450614474130e-02 4.004324078288575284e-01 0.000000000000000000e+00
2.825000000000000000e+04 1.129977443495406852e-01 2.662721893491124536e-01 4.072598998634501810e-01 2.106281292671825234e-01 1.158397815202548975e-01 0.000000000000000000e+00
2.850000000000000000e+04 1.139977243880323510e-01 2.460172963131543045e-01 4.445835229858898230e-01 2.724169321802457633e-01 3.698224852071006069e-02 0.000000000000000000e+00
2.875000000000000000e+04 1.149977044265237947e-01 1.847974510696404060e-01 5.286754665452890745e-01 2.793582157487483064e-01 7.168866636322257339e-03 0.000000000000000000e+00
2.900000000000000000e+04 1.159976844650152383e-01 1.701183431952662806e-01 5.661128812016386069e-01 2.577378243058716656e-01 6.030951297223486815e-03 0.000000000000000000e+00
2.925000000000000000e+04 1.169976645035069041e-01 1.451979972690031762e-01 6.070778334091943007e-01 2.439690487027765253e-01 3.755120619025944465e-03 0.000000000000000000e+00
2.950000000000000000e+04 1.179976445419983477e-01 1.436049157942649035e-01 6.148156577150659663e-01 2.360036413290851065e-01 5.575785161583977738e-03 0.000000000000000000e+00
2.975000000000000000e+04 1.189976245804897914e-01 1.416704597177969871e-01 6.167501137915338827e-01 2.374829312699135164e-01 4.096495220755575623e-03 0.000000000000000000e+00
3.000000000000000000e+04 1.199976046189814571e-01 1.400773782430587144e-01 6.154984069185253093e-01 2.404415111515703363e-01 3.982703686845699004e-03 0.000000000000000000e+00
3.025000000000000000e+04 1.209975846574729008e-01 1.396222121074192080e-01 6.145880746472462963e-01 2.413518434228493492e-01 4.437869822485207214e-03 0.000000000000000000e+00
3.050000000000000000e+04 1.219975646959643445e-01 1.404187528447883582e-01 6.145880746472462963e-01 2.381656804733727761e-01 6.827492034592626616e-03 0.000000000000000000e+00
3.075000000000000000e+04 1.229975447344557882e-01 1.388256713700500578e-01 6.135639508420573929e-01 2.424897587619481154e-01 5.120619025944469528e-03 0.000000000000000000e+00
3.100000000000000000e+04 1.239975247729474539e-01 1.372325898953117851e-01 6.182294037323623481e-01 2.404415111515703363e-01 4.096495220755575623e-03 0.000000000000000000e+00
3.125000000000000000e+04 1.249975048114388976e-01 1.365498406918525254e-01 6.169776968593536637e-01 2.426035502958579781e-01 3.868912152935821518e-03 0.000000000000000000e+00
3.150000000000000000e+04 1.259974848499303413e-01 1.397360036413290985e-01 6.149294492489758568e-01 2.419208010923987184e-01 3.413746017296313308e-03 0.000000000000000000e+00
3.175000000000000000e+04 1.269974648884220070e-01 1.407601274465179741e-01 6.120846609012289274e-01 2.440828402366863881e-01 3.072371415566681717e-03 0.000000000000000000e+00
3.200000000000000000e+04 1.279974449269134507e-01 1.376877560309512916e-01 6.164087391898043222e-01 2.408966772872098427e-01 5.006827492034592909e-03 0.000000000000000000e+00
3.225000000000000000e+04 1.289974249654048943e-01 1.380291306326809353e-01 6.117432862994993670e-01 2.455621301775147980e-01 4.665452890304961318e-03 0.000000000000000000e+00
3.250000000000000000e+04 1.299974050038965601e-01 1.382567137005006885e-01 6.158397815202548697e-01 2.416932180245789652e-01 4.210286754665453109e-03 0.000000000000000000e+00
3.275000000000000000e+04 1.309973850423880037e-01 1.380291306326809353e-01 6.092398725534819981e-01 2.482931269913518368e-01 4.437869822485207214e-03 0.000000000000000000e+00
3.300000000000000000e+04 1.319973650808794474e-01 1.380291306326809353e-01 6.101502048247610110e-01 2.476103777878925771e-01 4.210286754665453109e-03 0.000000000000000000e+00
3.325000000000000000e+04 1.329973451193711131e-01 1.385980883022303045e-01 6.098088302230314506e-01 2.478379608557123304e-01 3.755120619025944465e-03 0.000000000000000000e+00
3.350000000000000000e+04 1.339973251578625568e-01 1.390532544378698110e-01 6.070778334091943007e-01 2.480655439235320836e-01 5.803368229403732710e-03 0.000000000000000000e+00
3.375000000000000000e+04 1.349973051963540005e-01 1.407601274465179741e-01 6.109467455621301335e-01 2.429449248975876219e-01 5.348202093764223633e-03 0.000000000000000000e+00
3.400000000000000000e+04 1.359972852348454442e-01 1.464497041420118328e-01 6.020710059171597850e-01 2.486345015930814806e-01 2.844788347746927612e-03 0.000000000000000000e+00
3.425000000000000000e+04 1.369972652733371099e-01 1.441738734638143005e-01 5.988848429676831842e-01 2.532999544833864358e-01 3.641329085116067413e-03 0.000000000000000000e+00
3.450000000000000000e+04 1.379972453118285536e-01 1.405325443786982209e-01 5.978607191624942807e-01 2.568274920345926526e-01 4.779244424214838804e-03 0.000000000000000000e+00
3.475000000000000000e+04 1.389972253503199973e-01 1.483841602184797492e-01 5.963814292216659263e-01 2.518206645425580259e-01 3.413746017296313308e-03 0.000000000000000000e+00
3.500000000000000000e+04 1.399972053888116630e-01 1.555530268548019901e-01 6.557806099226217711e-01 1.812699135184342170e-01 7.396449704142011444e-03 0.000000000000000000e+00
3.525000000000000000e+04 1.409971854273031067e-01 1.436049157942649035e-01 6.768320436959490705e-01 1.720527992717341692e-01 7.510241238051888930e-03 0.000000000000000000e+00
3.550000000000000000e+04 1.419971654657945503e-01 1.482703686845698587e-01 6.868456986800182129e-01 1.577150659990896597e-01 7.168866636322257339e-03 0.000000000000000000e+00
3.575000000000000000e+04 1.429971455042862161e-01 1.434911242603550408e-01 7.090350477924441952e-01 1.425807919890760000e-01 4.893035958124715423e-03 0.000000000000000000e+00
3.600000000000000000e+04 1.439971255427776597e-01 1.384842967683204418e-01 7.454483386436049352e-01 1.101502048247610388e-01 5.917159763313609329e-03 0.000000000000000000e+00
3.625000000000000000e+04 1.449971055812691034e-01 1.214155666818388657e-01 7.669549385525716856e-01 1.074192080109239861e-01 4.210286754665453109e-03 0.000000000000000000e+00
3.650000000000000000e+04 1.459970856197605471e-01 1.102639963586709154e-01 7.914201183431952558e-01 9.274010013654984674e-02 5.575785161583977738e-03 0.000000000000000000e+00
3.675000000000000000e+04 1.469970656582522128e-01 1.043468365953573035e-01 7.955166135639508695e-01 9.274010013654984674e-02 7.396449704142011444e-03 0.000000000000000000e+00
3.700000000000000000e+04 1.479970456967436565e-01 1.040054619936276736e-01 7.726445152480655443e-01 1.160673645880746507e-01 7.282658170232134826e-03 0.000000000000000000e+00
3.725000000000000000e+04 1.489970257352351002e-01 9.877105143377332142e-02 7.597860719162494725e-01 1.363222576240327721e-01 5.120619025944469528e-03 0.000000000000000000e+00
3.750000000000000000e+04 1.499970057737267659e-01 9.524351388256713236e-02 7.657032316795630011e-01 1.327947200728265831e-01 6.258534365043240920e-03 0.000000000000000000e+00
3.775000000000000000e+04 1.509969858122182096e-01 9.706417842512517213e-02 7.661583978152025631e-01 1.323395539371870766e-01 4.437869822485207214e-03 0.000000000000000000e+00
3.800000000000000000e+04 1.519969658507096533e-01 9.558488848429676221e-02 7.677514792899408080e-01 1.319981793354574329e-01 4.665452890304961318e-03 0.000000000000000000e+00
3.825000000000000000e+04 1.529969458892013190e-01 9.433318161128811941e-02 7.700273099681383959e-01 1.315430131998179264e-01 4.096495220755575623e-03 0.000000000000000000e+00
3.850000000000000000e+04 1.539969259276927627e-01 9.751934456076467861e-02 7.650204824761037692e-01 1.323395539371870766e-01 5.120619025944469528e-03 0.000000000000000000e+00
3.875000000000000000e+04 1.549969059661842063e-01 9.797451069640418508e-02 7.657032316795630011e-01 1.322257624032771861e-01 4.096495220755575623e-03 0.000000000000000000e+00
3.900000000000000000e+04 1.559968860046758721e-01 9.592626308602640595e-02 7.680928538916704795e-01 1.310878470641784199e-01 4.893035958124715423e-03 0.000000000000000000e+00
3.925000000000000000e+04 1.569968660431673158e-01 9.660901228948566566e-02 7.670687300864815761e-01 1.307464724624488039e-01 5.575785161583977738e-03 0.000000000000000000e+00
3.950000000000000000e+04 1.579968460816587594e-01 9.649522075557578904e-02 7.661583978152025631e-01 1.319981793354574329e-01 5.348202093764223633e-03 0.000000000000000000e+00
3.975000000000000000e+04 1.589968261201502031e-01 9.706417842512517213e-02 7.659308147473827821e-01 1.314292216659080637e-01 5.575785161583977738e-03 0.000000000000000000e+00
4.000000000000000000e+04 1.599968061586418688e-01 9.695038689121529552e-02 7.667273554847519046e-01 1.314292216659080637e-01 4.893035958124715423e-03 0.000000000000000000e+00
4.025000000000000000e+04 1.609967861971333125e-01 9.717796995903504875e-02 7.639963586709148657e-01 1.348429676832043622e-01 3.982703686845699004e-03 0.000000000000000000e+00
4.050000000000000000e+04 1.619967662356247562e-01 9.751934456076467861e-02 7.671825216203914666e-01 1.324533454710969393e-01 2.844788347746927612e-03 0.000000000000000000e+00
4.075000000000000000e+04 1.629967462741164219e-01 9.831588529813381494e-02 7.667273554847519046e-01 1.324533454710969393e-01 2.503413746017296455e-03 0.000000000000000000e+00
4.100000000000000000e+04 1.639967263126078656e-01 9.638142922166591242e-02 7.686618115612198210e-01 1.330223031406463363e-01 1.934456076467910759e-03 0.000000000000000000e+00
4.125000000000000000e+04 1.649967063510993093e-01 9.706417842512517213e-02 7.682066454255803700e-01 1.325671370050068298e-01 2.162039144287664864e-03 0.000000000000000000e+00
4.150000000000000000e+04 1.659966863895909750e-01 1.020710059171597572e-01 7.660446062812926726e-01 1.302913063268092975e-01 1.593081474738279385e-03 0.000000000000000000e+00
4.175000000000000000e+04 1.669966664280824187e-01 1.004779244424214846e-01 7.643377332726445372e-01 1.330223031406463363e-01 2.162039144287664864e-03 0.000000000000000000e+00
4.200000000000000000e+04 1.679966464665738624e-01 9.911242603550296515e-02 7.663859808830223441e-01 1.318843878015475701e-01 2.617205279927173507e-03 0.000000000000000000e+00
4.225000000000000000e+04 1.689966265050653060e-01 9.956759217114247162e-02 7.637687756030950847e-01 1.333636777423759801e-01 3.299954483386436255e-03 0.000000000000000000e+00
4.250000000000000000e+04 1.699966065435569718e-01 1.032089212562585373e-01 7.593309057806099105e-01 1.335912608101957333e-01 3.868912152935821518e-03 0.000000000000000000e+00
4.275000000000000000e+04 1.709965865820484154e-01 1.043468365953573035e-01 7.606964041875284854e-01 1.315430131998179264e-01 3.413746017296313308e-03 0.000000000000000000e+00
4.300000000000000000e+04 1.719965666205398591e-01 1.018434228493400040e-01 7.610377787892580459e-01 1.341602184797451025e-01 2.958579881656804664e-03 0.000000000000000000e+00
4.325000000000000000e+04 1.729965466590315248e-01 1.012744651797906209e-01 7.583067819754210070e-01 1.359808830223031284e-01 4.437869822485207214e-03 0.000000000000000000e+00
4.350000000000000000e+04 1.739965266975229685e-01 1.030951297223486607e-01 7.527309968138370389e-01 1.398497951752389612e-01 4.324078288575329727e-03 0.000000000000000000e+00
4.375000000000000000e+04 1.749965067360144122e-01 1.067364588074647264e-01 7.410104688211197610e-01 1.467910787437414766e-01 5.461993627674101119e-03 0.000000000000000000e+00
4.400000000000000000e+04 1.759964867745060779e-01 1.008192990441511144e-01 7.453345471096950448e-01 1.461083295402822169e-01 7.737824305871643035e-03 0.000000000000000000e+00
4.425000000000000000e+04 1.769964668129975216e-01 1.010468821119708677e-01 7.313381884387801790e-01 1.602184797451069731e-01 7.396449704142011444e-03 0.000000000000000000e+00
4.450000000000000000e+04 1.779964468514889653e-01 1.055985434683659602e-01 7.158625398270368478e-01 1.715976331360946627e-01 6.941283568502503235e-03 0.000000000000000000e+00
4.475000000000000000e+04 1.789964268899806310e-01 1.095812471552116557e-01 7.297451069640418231e-01 1.560081929904415243e-01 4.665452890304961318e-03 0.000000000000000000e+00
4.500000000000000000e+04 1.799964069284720747e-01 1.067364588074647264e-01 7.370277651342740377e-01 1.519116977696859383e-01 4.324078288575329727e-03 0.000000000000000000e+00
4.525000000000000000e+04 1.809963869669635184e-01 1.002503413746017313e-01 7.537551206190259423e-01 1.408739189804278646e-01 5.120619025944469528e-03 0.000000000000000000e+00
4.550000000000000000e+04 1.819963670054549620e-01 9.308147473827947660e-02 7.700273099681383959e-01 1.323395539371870766e-01 4.551661356395083832e-03 0.000000000000000000e+00
4.575000000000000000e+04 1.829963470439466278e-01 8.898497951752389057e-02 7.672963131543013571e-01 1.383705052344105513e-01 5.348202093764223633e-03 0.000000000000000000e+00
4.600000000000000000e+04 1.839963270824380714e-01 9.091943559399180697e-02 7.684342284934000400e-01 1.367774237596722786e-01 3.868912152935821518e-03 0.000000000000000000e+00
4.625000000000000000e+04 1.849963071209295151e-01 9.194355939918069653e-02 7.683204369594902605e-01 1.367774237596722786e-01 2.958579881656804664e-03 0.000000000000000000e+00
4.650000000000000000e+04 1.859962871594211808e-01 9.069185252617205373e-02 7.688893946290396020e-01 1.371187983614019223e-01 3.299954483386436255e-03 0.000000000000000000e+00
4.675000000000000000e+04 1.869962671979126245e-01 8.978152025489304078e-02 7.743513882567136797e-01 1.308602639963586667e-01 5.006827492034592909e-03 0.000000000000000000e+00
4.700000000000000000e+04 1.879962472364040682e-01 8.431952662721893532e-02 7.730996813837051063e-01 1.378015475648611821e-01 4.779244424214838804e-03 0.000000000000000000e+00
4.725000000000000000e+04 1.889962272748957339e-01 8.750568957669549452e-02 7.707100591715976279e-01 1.372325898953117851e-01 4.551661356395083832e-03 0.000000000000000000e+00
4.750000000000000000e+04 1.899962073133871776e-01 8.124715521165225274e-02 7.790168411470186349e-01 1.355257168866636219e-01 4.210286754665453109e-03 0.000000000000000000e+00
4.775000000000000000e+04 1.909961873518786213e-01 8.067819754210286964e-02 7.793582157487483064e-01 1.349567592171142527e-01 5.006827492034592909e-03 0.000000000000000000e+00
4.800000000000000000e+04 1.919961673903702870e-01 8.136094674556212936e-02 7.778789258079198410e-01 1.356395084205735124e-01 5.120619025944469528e-03 0.000000000000000000e+00
4.825000000000000000e+04 1.929961474288617307e-01 8.113336367774237612e-02 7.785616750113791840e-01 1.355257168866636219e-01 4.779244424214838804e-03 0.000000000000000000e+00
4.850000000000000000e+04 1.939961274673531744e-01 8.295402822030041590e-02 7.766272189349112676e-01 1.355257168866636219e-01 4.893035958124715423e-03 0.000000000000000000e+00
4.875000000000000000e+04 1.949961075058446180e-01 8.147473827947200598e-02 7.796995903504779779e-01 1.341602184797451025e-01 4.665452890304961318e-03 0.000000000000000000e+00
4.900000000000000000e+04 1.959960875443362838e-01 8.466090122894856518e-02 7.771961766044606090e-01 1.335912608101957333e-01 4.551661356395083832e-03 0.000000000000000000e+00
4.925000000000000000e+04 1.969960675828277274e-01 8.113336367774237612e-02 7.789030496131087444e-01 1.346153846153846090e-01 5.348202093764223633e-03 0.000000000000000000e+00
4.950000000000000000e+04 1.979960476213191711e-01 8.124715521165225274e-02 7.796995903504779779e-01 1.339326354119253493e-01 5.120619025944469528e-03 0.000000000000000000e+00
4.975000000000000000e+04 1.989960276598108369e-01 8.158852981338188259e-02 7.766272189349112676e-01 1.366636322257624159e-01 5.120619025944469528e-03 0.000000000000000000e+00
5.000000000000000000e+04 1.999960076983022805e-01 8.192990441511151245e-02 7.783340919435594030e-01 1.341602184797451025e-01 5.575785161583977738e-03 0.000000000000000000e+00
5.025000000000000000e+04 2.009959877367937242e-01 8.409194355939918208e-02 7.775375512061902805e-01 1.363222576240327721e-01 2.048247610377787811e-03 0.000000000000000000e+00
5.050000000000000000e+04 2.019959677752853899e-01 8.170232134729175921e-02 7.759444697314519246e-01 1.382567137005006885e-01 4.096495220755575623e-03 0.000000000000000000e+00
5.075000000000000000e+04 2.029959478137768336e-01 8.090578060992262288e-02 7.774237596722803900e-01 1.360946745562130189e-01 5.575785161583977738e-03 0.000000000000000000e+00
5.100000000000000000e+04 2.039959278522682773e-01 7.783340919435594030e-02 7.889167045971779979e-01 1.240327719617660418e-01 9.217114246700046018e-03 0.000000000000000000e+00
5.125000000000000000e+04 2.049959078907597210e-01 7.840236686390532339e-02 7.883477469276285454e-01 1.261948111060537114e-01 7.055075102412380721e-03 0.000000000000000000e+00
5.150000000000000000e+04 2.059958879292513867e-01 8.318161128812016913e-02 7.786754665452890745e-01 1.322257624032771861e-01 5.917159763313609329e-03 0.000000000000000000e+00
5.175000000000000000e+04 2.069958679677428304e-01 7.862994993172507663e-02 7.825443786982249073e-01 1.310878470641784199e-01 7.737824305871643035e-03 0.000000000000000000e+00
5.200000000000000000e+04 2.079958480062342741e-01 7.692307692307692735e-02 7.908511606736459143e-01 1.247155211652253015e-01 7.510241238051888930e-03 0.000000000000000000e+00
5.225000000000000000e+04 2.089958280447259398e-01 7.498862084660901095e-02 7.972234865725990050e-01 1.210741920801092358e-01 6.713700500682749130e-03 0.000000000000000000e+00
5.250000000000000000e+04 2.099958080832173835e-01 7.510241238051888757e-02 8.004096495220756058e-01 1.187983614019117035e-01 5.689576695493855224e-03 0.000000000000000000e+00
5.275000000000000000e+04 2.109957881217088271e-01 7.146108329540282189e-02 8.022303140646336317e-01 1.192535275375512099e-01 7.055075102412380721e-03 0.000000000000000000e+00
5.300000000000000000e+04 2.119957681602004929e-01 6.315430131998178709e-02 8.066681838871188059e-01 1.223258989531178925e-01 7.851615839781519654e-03 0.000000000000000000e+00
5.325000000000000000e+04 2.129957481986919365e-01 6.668183887118799003e-02 8.055302685480200120e-01 1.217569412835685094e-01 6.030951297223486815e-03 0.000000000000000000e+00
5.350000000000000000e+04 2.139957282371833802e-01 6.611288120163859305e-02 8.054164770141101215e-01 1.220983158852981393e-01 6.372325898953117539e-03 0.000000000000000000e+00
5.375000000000000000e+04 2.149957082756750459e-01 6.622667273554846967e-02 8.087164314974966128e-01 1.170914883932635403e-01 7.965407373691398007e-03 0.000000000000000000e+00
5.400000000000000000e+04 2.159956883141664896e-01 6.645425580336822291e-02 8.068957669549385869e-01 1.189121529358215801e-01 7.737824305871643035e-03 0.000000000000000000e+00
5.425000000000000000e+04 2.169956683526579333e-01 6.543013199817933334e-02 8.067819754210286964e-01 1.193673190714610866e-01 8.420573509330906217e-03 0.000000000000000000e+00
5.450000000000000000e+04 2.179956483911493770e-01 6.440600819299044377e-02 8.082612653618570508e-01 1.192535275375512099e-01 8.079198907601274626e-03 0.000000000000000000e+00
5.475000000000000000e+04 2.189956284296410427e-01 6.543013199817933334e-02 8.081474738279471604e-01 1.182294037323623065e-01 8.192990441511151245e-03 0.000000000000000000e+00
5.500000000000000000e+04 2.199956084681324864e-01 6.588529813381883982e-02 8.074647246244879284e-01 1.206190259444697294e-01 6.030951297223486815e-03 0.000000000000000000e+00
5.525000000000000000e+04 2.209955885066239301e-01 6.508875739644970349e-02 8.080336822940372699e-01 1.189121529358215801e-01 7.965407373691398007e-03 0.000000000000000000e+00
5.550000000000000000e+04 2.219955685451155958e-01 6.417842512517069054e-02 8.087164314974966128e-01 1.198224852071005930e-01 7.282658170232134826e-03 0.000000000000000000e+00
5.575000000000000000e+04 2.229955485836070395e-01 6.804733727810650945e-02 8.078060992262175999e-01 1.191397360036413333e-01 5.006827492034592909e-03 0.000000000000000000e+00
5.600000000000000000e+04 2.239955286220984831e-01 6.702321347291761988e-02 8.082612653618570508e-01 1.181156121984524299e-01 6.599908966772872511e-03 0.000000000000000000e+00
5.625000000000000000e+04 2.249955086605901489e-01 6.690942193900774326e-02 8.063268092853891345e-01 1.207328174783796060e-01 6.030951297223486815e-03 0.000000000000000000e+00
5.650000000000000000e+04 2.259954886990815925e-01 6.497496586253982687e-02 8.073509330905780379e-01 1.216431497496586189e-01 6.030951297223486815e-03 0.000000000000000000e+00
5.675000000000000000e+04 2.269954687375730362e-01 6.645425580336822291e-02 8.086026399635867223e-01 1.190259444697314567e-01 5.917159763313609329e-03 0.000000000000000000e+00
