# itime ezz other fcc hcp bcc ico
0.000000000000000000e+00 0.000000000000000000e+00 0.000000000000000000e+00 1.000000000000000000e+00 0.000000000000000000e+00 0.000000000000000000e+00 0.000000000000000000e+00
2.500000000000000000e+03 1.000008097902527204e-02 0.000000000000000000e+00 1.000000000000000000e+00 0.000000000000000000e+00 0.000000000000000000e+00 0.000000000000000000e+00
5.000000000000000000e+03 2.000016195805054409e-02 0.000000000000000000e+00 1.000000000000000000e+00 0.000000000000000000e+00 0.000000000000000000e+00 0.000000000000000000e+00
7.500000000000000000e+03 3.000024293707581613e-02 0.000000000000000000e+00 1.000000000000000000e+00 0.000000000000000000e+00 0.000000000000000000e+00 0.000000000000000000e+00
1.000000000000000000e+04 4.000032391610108817e-02 0.000000000000000000e+00 1.000000000000000000e+00 0.000000000000000000e+00 0.000000000000000000e+00 0.000000000000000000e+00
1.250000000000000000e+04 5.000040489512636022e-02 0.000000000000000000e+00 1.000000000000000000e+00 0.000000000000000000e+00 0.000000000000000000e+00 0.000000000000000000e+00
1.500000000000000000e+04 6.000048587415163226e-02 3.413746017296313199e-04 9.996586253982703285e-01 0.000000000000000000e+00 0.000000000000000000e+00 0.000000000000000000e+00
1.750000000000000000e+04 7.000056685317690430e-02 0.000000000000000000e+00 1.000000000000000000e+00 0.000000000000000000e+00 0.000000000000000000e+00 0.000000000000000000e+00
2.000000000000000000e+04 8.000064783220217635e-02 1.137915339098771066e-04 9.998862084660901095e-01 0.000000000000000000e+00 0.000000000000000000e+00 0.000000000000000000e+00
2.250000000000000000e+04 9.000072881122744839e-02 6.827492034592626399e-04 9.993172507965407680e-01 0.000000000000000000e+00 0.000000000000000000e+00 0.000000000000000000e+00
2.500000000000000000e+04 1.000008097902527204e-01 4.437869822485207214e-03 9.954483386436049352e-01 0.000000000000000000e+00 1.137915339098771066e-04 0.000000000000000000e+00
2.750000000000000000e+04 1.100008907692779925e-01 1.319981793354574502e-02 9.847519344560764498e-01 0.000000000000000000e+00 2.048247610377787811e-03 0.000000000000000000e+00
3.000000000000000000e+04 1.200009717483032645e-01 1.946973145197997135e-01 6.048020027309968238e-01 1.865043240782885692e-01 1.399635867091488309e-02 0.000000000000000000e+00
3.250000000000000000e+04 1.300010527273285366e-01 5.712335002275830548e-02 7.767410104688211581e-01 1.613563950842057393e-01 4.779244424214838804e-03 0.000000000000000000e+00
3.500000000000000000e+04 1.400011337063538086e-01 5.553026854802002588e-02 7.749203459262631322e-01 1.660218479745106945e-01 3.527537551206190360e-03 0.000000000000000000e+00
3.750000000000000000e+04 1.500012146853790806e-01 5.564406008192990249e-02 7.730996813837051063e-01 1.665908056440600915e-01 4.665452890304961318e-03 0.000000000000000000e+00
4.000000000000000000e+04 1.600012956644043527e-01 5.575785161583977911e-02 7.721893491124259823e-01 1.669321802457897075e-01 5.120619025944469528e-03 0.000000000000000000e+00
4.250000000000000000e+04 1.700013766434296247e-01 6.269913518434228061e-02 7.697997269003186149e-01 1.637460172963131622e-01 3.755120619025944465e-03 0.000000000000000000e+00
4.500000000000000000e+04 1.800014576224548968e-01 6.508875739644970349e-02 7.712790168411469693e-01 1.589667728720983164e-01 4.665452890304961318e-03 0.000000000000000000e+00
4.750000000000000000e+04 1.900015386014801688e-01 7.180245789713245175e-02 7.655894401456531106e-01 1.593081474738279601e-01 3.299954483386436255e-03 0.000000000000000000e+00
5.000000000000000000e+04 2.000016195805054409e-01 6.281292671825215723e-02 7.792444242148384159e-01 1.564633591260810308e-01 1.479289940828402332e-03 0.000000000000000000e+00
5.250000000000000000e+04 2.100017005595307129e-01 8.705052344105598805e-02 7.280382339553936877e-01 1.816112881201638607e-01 3.299954483386436255e-03 0.000000000000000000e+00
5.500000000000000000e+04 2.200017815385559850e-01 8.625398270368685172e-02 7.357760582612653533e-01 1.745562130177514826e-01 3.413746017296313308e-03 0.000000000000000000e+00
5.750000000000000000e+04 2.300018625175812570e-01 9.797451069640418508e-02 7.323623122439690825e-01 1.678425125170687204e-01 1.820664542558033706e-03 0.000000000000000000e+00
6.000000000000000000e+04 2.400019434966065290e-01 1.033227127901684139e-01 7.365725989986344757e-01 1.563495675921711403e-01 3.755120619025944465e-03 0.000000000000000000e+00
6.250000000000000000e+04 2.500020244756318011e-01 1.409877105143377274e-01 6.997041420118342847e-01 1.566909421939007840e-01 2.617205279927173507e-03 0.000000000000000000e+00
6.500000000000000000e+04 2.600021054546570731e-01 1.329085116067364458e-01 7.157487482931269573e-01 1.506599908966772816e-01 6.827492034592626399e-04 0.000000000000000000e+00
6.750000000000000000e+04 2.700021864336823452e-01 1.429221665908056438e-01 7.040282203004096795e-01 1.514565316340464318e-01 1.593081474738279385e-03 0.000000000000000000e+00
7.000000000000000000e+04 2.800022674127076172e-01 1.442876649977241632e-01 7.006144742831132977e-01 1.522530723714155543e-01 2.844788347746927612e-03 0.000000000000000000e+00
7.250000000000000000e+04 2.900023483917328893e-01 1.587391898042785632e-01 6.743286299499317016e-01 1.624943104233045055e-01 4.437869822485207214e-03 0.000000000000000000e+00
7.500000000000000000e+04 3.000024293707581613e-01 1.649977241693217911e-01 6.590805644060081514e-01 1.728493400091033194e-01 3.072371415566681717e-03 0.000000000000000000e+00
7.750000000000000000e+04 3.100025103497834333e-01 1.565771506599908935e-01 6.738734638142922506e-01 1.668183887118798447e-01 2.730996813837050560e-03 0.000000000000000000e+00
8.000000000000000000e+04 3.200025913288087054e-01 1.687528447883477334e-01 6.616977696859354108e-01 1.669321802457897075e-01 2.617205279927173507e-03 0.000000000000000000e+00
8.250000000000000000e+04 3.300026723078339774e-01 1.685252617205279801e-01 6.587391898042785909e-01 1.684114701866181174e-01 4.324078288575329727e-03 0.000000000000000000e+00
8.500000000000000000e+04 3.400027532868592495e-01 1.746700045516613453e-01 6.438324988620847122e-01 1.776285844333181652e-01 3.868912152935821518e-03 0.000000000000000000e+00
8.750000000000000000e+04 3.500028342658845215e-01 1.612426035502958488e-01 6.657942649066909135e-01 1.713700500682749095e-01 1.593081474738279385e-03 0.000000000000000000e+00
9.000000000000000000e+04 3.600029152449097936e-01 1.404187528447883582e-01 7.056213017751479244e-01 1.507737824305871721e-01 3.186162949476558769e-03 0.000000000000000000e+00
9.250000000000000000e+04 3.700029962239350656e-01 1.321119708693673234e-01 7.132453345471096995e-01 1.529358215748748417e-01 1.706873008648156654e-03 0.000000000000000000e+00
9.500000000000000000e+04 3.800030772029603376e-01 1.342740100136549930e-01 7.123350022758306865e-01 1.517979062357760478e-01 1.593081474738279385e-03 0.000000000000000000e+00
9.750000000000000000e+04 3.900031581819856097e-01 1.445152480655439164e-01 7.012972234865726406e-01 1.512289485662266786e-01 2.958579881656804664e-03 0.000000000000000000e+00
1.000000000000000000e+05 4.000032391610111038e-01 1.263086026399635742e-01 7.333864360491579859e-01 1.384842967683204418e-01 1.820664542558033706e-03 0.000000000000000000e+00
1.025000000000000000e+05 4.100033201400361538e-01 1.274465179790623681e-01 7.329312699135184239e-01 1.378015475648611821e-01 1.820664542558033706e-03 0.000000000000000000e+00
1.050000000000000000e+05 4.200034011190612038e-01 1.260810195721438209e-01 7.298588984979517136e-01 1.409877105143377274e-01 3.072371415566681717e-03 0.000000000000000000e+00
1.075000000000000000e+05 4.300034820980866979e-01 1.272189349112426149e-01 7.283796085571233592e-01 1.412152935821574806e-01 3.186162949476558769e-03 0.000000000000000000e+00
1.100000000000000000e+05 4.400035630771121919e-01 1.273327264451524776e-01 7.224624487938097195e-01 1.445152480655439164e-01 5.689576695493855224e-03 0.000000000000000000e+00
1.125000000000000000e+05 4.500036440561372419e-01 1.483841602184797492e-01 6.927628584433318526e-01 1.545289030496131144e-01 4.324078288575329727e-03 0.000000000000000000e+00
1.150000000000000000e+05 4.600037250351622919e-01 1.537323623122439642e-01 6.816112881201638052e-01 1.606736458807464796e-01 3.982703686845699004e-03 0.000000000000000000e+00
1.175000000000000000e+05 4.700038060141877860e-01 1.896904870277651423e-01 6.151570323167956378e-01 1.891215293582157453e-01 6.030951297223486815e-03 0.000000000000000000e+00
1.200000000000000000e+05 4.800038869932132801e-01 1.880974055530268418e-01 6.091260810195721076e-01 1.990213928083750528e-01 3.755120619025944465e-03 0.000000000000000000e+00
1.225000000000000000e+05 4.900039679722383301e-01 1.890077378243058825e-01 6.057123350022758368e-01 1.992489758761948060e-01 6.030951297223486815e-03 0.000000000000000000e+00
1.250000000000000000e+05 5.000040489512633801e-01 1.921939007737824279e-01 6.019572143832498945e-01 2.032316795630405015e-01 2.617205279927173507e-03 0.000000000000000000e+00
1.275000000000000000e+05 5.100041299302888742e-01 1.992489758761948060e-01 6.007055075102412101e-01 1.960628129267182607e-01 3.982703686845699004e-03 0.000000000000000000e+00
1.300000000000000000e+05 5.200042109093143683e-01 1.975421028675466428e-01 6.075329995448338627e-01 1.882111970869367323e-01 6.713700500682749130e-03 0.000000000000000000e+00
1.325000000000000000e+05 5.300042918883394183e-01 2.035730541647701453e-01 6.035502958579881394e-01 1.846836595357305433e-01 8.192990441511151245e-03 0.000000000000000000e+00
1.350000000000000000e+05 5.400043728673644683e-01 1.779699590350477811e-01 6.785389167045972059e-01 1.380291306326809353e-01 5.461993627674101119e-03 0.000000000000000000e+00
1.375000000000000000e+05 5.500044538463899624e-01 1.657942649066909413e-01 6.991351843422849432e-01 1.321119708693673234e-01 2.958579881656804664e-03 0.000000000000000000e+00
1.400000000000000000e+05 5.600045348254154565e-01 1.587391898042785632e-01 7.066454255803368278e-01 1.312016385980883104e-01 3.413746017296313308e-03 0.000000000000000000e+00
1.425000000000000000e+05 5.700046158044405065e-01 1.576012744651797970e-01 7.053937187073281434e-01 1.360946745562130189e-01 9.103322712790168532e-04 0.000000000000000000e+00
1.450000000000000000e+05 5.800046967834655565e-01 1.570323167956304000e-01 7.061902594446972659e-01 1.363222576240327721e-01 4.551661356395084266e-04 0.000000000000000000e+00
1.475000000000000000e+05 5.900047777624910506e-01 1.596495220755575761e-01 7.045971779699590209e-01 1.350705507510241155e-01 6.827492034592626399e-04 0.000000000000000000e+00
1.500000000000000000e+05 6.000048587415165446e-01 1.573736913973600438e-01 7.057350933090578149e-01 1.352981338188438687e-01 1.593081474738279385e-03 0.000000000000000000e+00
1.525000000000000000e+05 6.100049397205415946e-01 1.568047337278106468e-01 7.067592171142467183e-01 1.350705507510241155e-01 1.365498406918525280e-03 0.000000000000000000e+00
1.550000000000000000e+05 6.200050206995666446e-01 1.582840236686390567e-01 7.045971779699590209e-01 1.362084660901228816e-01 9.103322712790168532e-04 0.000000000000000000e+00
1.575000000000000000e+05 6.300051016785921387e-01 1.677287209831588577e-01 6.936731907146108655e-01 1.356395084205735124e-01 2.958579881656804664e-03 0.000000000000000000e+00
1.600000000000000000e+05 6.400051826576176328e-01 1.651115157032316816e-01 7.011834319526627501e-01 1.318843878015475701e-01 1.820664542558033706e-03 0.000000000000000000e+00
1.625000000000000000e+05 6.500052636366426828e-01 1.769458352298589054e-01 6.702321347291761988e-01 1.504324078288575284e-01 2.389622212107419402e-03 0.000000000000000000e+00
1.650000000000000000e+05 6.600053446156677328e-01 1.894629039599453890e-01 6.489531178880291185e-01 1.589667728720983164e-01 2.617205279927173507e-03 0.000000000000000000e+00
1.675000000000000000e+05 6.700054255946932269e-01 1.912835685025034149e-01 6.458807464724624081e-01 1.585116067364588099e-01 4.324078288575329727e-03 0.000000000000000000e+00
1.700000000000000000e+05 6.800055065737187210e-01 1.927628584433318248e-01 6.473600364132908735e-01 1.574874829312699065e-01 2.389622212107419402e-03 0.000000000000000000e+00
1.725000000000000000e+05 6.900055875527437710e-01 1.927628584433318248e-01 6.466772872098316416e-01 1.555530268548019901e-01 5.006827492034592909e-03 0.000000000000000000e+00
1.750000000000000000e+05 7.000056685317688210e-01 2.137005006827492060e-01 6.318843878015475424e-01 1.494082840236686527e-01 5.006827492034592909e-03 0.000000000000000000e+00
1.775000000000000000e+05 7.100057495107943151e-01 2.113108784706417831e-01 6.312016385980883104e-01 1.537323623122439642e-01 3.755120619025944465e-03 0.000000000000000000e+00
1.800000000000000000e+05 7.200058304898195871e-01 2.148384160218479721e-01 6.201638598088302645e-01 1.621529358215748617e-01 2.844788347746927612e-03 0.000000000000000000e+00
1.825000000000000000e+05 7.300059114688448592e-01 2.158625398270368756e-01 6.174328629949932257e-01 1.632908511606736557e-01 3.413746017296313308e-03 0.000000000000000000e+00
1.850000000000000000e+05 7.400059924478699092e-01 2.243969048702776636e-01 6.053709604005461653e-01 1.642011834319526686e-01 6.030951297223486815e-03 0.000000000000000000e+00
1.875000000000000000e+05 7.500060734268954032e-01 2.327036868456986707e-01 5.865953573054164538e-01 1.736458807464724696e-01 7.055075102412380721e-03 0.000000000000000000e+00
1.900000000000000000e+05 7.600061544059206753e-01 2.559171597633135842e-01 5.612198452435138707e-01 1.741010468821119761e-01 8.761948111060537808e-03 0.000000000000000000e+00
1.925000000000000000e+05 7.700062353849459473e-01 2.393035958124715423e-01 6.096950386891215601e-01 1.449704142011834229e-01 6.030951297223486815e-03 0.000000000000000000e+00
1.950000000000000000e+05 7.800063163639709973e-01 2.315657715065999045e-01 6.247155211652253293e-01 1.373463814292216756e-01 6.372325898953117539e-03 0.000000000000000000e+00
1.975000000000000000e+05 7.900063973429964914e-01 2.150659990896677254e-01 6.439462903959944917e-01 1.341602184797451025e-01 6.827492034592626616e-03 0.000000000000000000e+00
2.000000000000000000e+05 8.000064783220217635e-01 2.164314974965862448e-01 6.415566681838871244e-01 1.351843422849340060e-01 6.827492034592626616e-03 0.000000000000000000e+00
2.025000000000000000e+05 8.100065593010470355e-01 2.206417842512516936e-01 6.348429676832043622e-01 1.380291306326809353e-01 6.486117432862995025e-03 0.000000000000000000e+00
2.050000000000000000e+05 8.200066402800720855e-01 2.059626763768775681e-01 6.304050978607191880e-01 1.572598998634501533e-01 6.372325898953117539e-03 0.000000000000000000e+00
2.075000000000000000e+05 8.300067212590975796e-01 2.066454255803368278e-01 6.302913063268092975e-01 1.558944014565316338e-01 7.168866636322257339e-03 0.000000000000000000e+00
2.100000000000000000e+05 8.400068022381228516e-01 2.156349567592171224e-01 6.246017296313154388e-01 1.549840691852526209e-01 4.779244424214838804e-03 0.000000000000000000e+00
2.125000000000000000e+05 8.500068832171481237e-01 2.108557123350022766e-01 6.299499317250796260e-01 1.525944469731451980e-01 6.599908966772872511e-03 0.000000000000000000e+00
2.150000000000000000e+05 8.600069641961731737e-01 2.137005006827492060e-01 6.263086026399635742e-01 1.537323623122439642e-01 6.258534365043240920e-03 0.000000000000000000e+00
2.175000000000000000e+05 8.700070451751986678e-01 2.162039144287664916e-01 6.203914428766499345e-01 1.554392353208921274e-01 7.965407373691398007e-03 0.000000000000000000e+00
2.200000000000000000e+05 8.800071261542239398e-01 2.192762858443331742e-01 6.149294492489758568e-01 1.601046882111970826e-01 5.689576695493855224e-03 0.000000000000000000e+00
2.225000000000000000e+05 8.900072071332492119e-01 2.302002730996813851e-01 5.952435138825671324e-01 1.673873463814292140e-01 7.168866636322257339e-03 0.000000000000000000e+00
2.250000000000000000e+05 9.000072881122742618e-01 2.324761037778789174e-01 5.373236231224396420e-01 2.224624487938097472e-01 7.737824305871643035e-03 0.000000000000000000e+00
2.275000000000000000e+05 9.100073690912997559e-01 2.388484296768320359e-01 5.332271279016841392e-01 2.176832043695949015e-01 1.024123805188893906e-02 0.000000000000000000e+00
2.300000000000000000e+05 9.200074500703250280e-01 1.860491579426490627e-01 5.942193900773782289e-01 2.141556668183887124e-01 5.575785161583977738e-03 0.000000000000000000e+00
2.325000000000000000e+05 9.300075310493503000e-01 1.830905780609922706e-01 6.061675011379152878e-01 2.071005917159763343e-01 3.641329085116067413e-03 0.000000000000000000e+00
2.350000000000000000e+05 9.400076120283753500e-01 1.838871187983613931e-01 6.116294947655894765e-01 1.987938097405552995e-01 5.689576695493855224e-03 0.000000000000000000e+00
2.375000000000000000e+05 9.500076930074008441e-01 1.893491124260354985e-01 6.054847519344560558e-01 1.999317250796540657e-01 5.234410559854347014e-03 0.000000000000000000e+00
2.400000000000000000e+05 9.600077739864261162e-01 1.933318161128811941e-01 5.993400091033227461e-01 2.019799726900318726e-01 5.348202093764223633e-03 0.000000000000000000e+00
2.425000000000000000e+05 9.700078549654513882e-01 1.939007737824305910e-01 5.958124715521164738e-01 2.041420118343195145e-01 6.144742831133363434e-03 0.000000000000000000e+00
2.450000000000000000e+05 9.800079359444764382e-01 1.970869367319071364e-01 5.939918070095584479e-01 2.033454710969503920e-01 5.575785161583977738e-03 0.000000000000000000e+00
2.475000000000000000e+05 9.900080169235019323e-01 2.121074192080109333e-01 5.821574874829312796e-01 1.985662266727355463e-01 7.168866636322257339e-03 0.000000000000000000e+00
2.500000000000000000e+05 1.000008097902527204e+00 2.086936731907146070e-01 5.680473372781065233e-01 2.180245789713245452e-01 5.234410559854347014e-03 0.000000000000000000e+00
