# itime ezz other fcc hcp bcc ico
0.000000000000000000e+00 0.000000000000000000e+00 0.000000000000000000e+00 1.000000000000000000e+00 0.000000000000000000e+00 0.000000000000000000e+00 0.000000000000000000e+00
3.000000000000000000e+00 1.200028791406682060e-03 0.000000000000000000e+00 1.000000000000000000e+00 0.000000000000000000e+00 0.000000000000000000e+00 0.000000000000000000e+00
6.000000000000000000e+00 2.400057582813142076e-03 0.000000000000000000e+00 1.000000000000000000e+00 0.000000000000000000e+00 0.000000000000000000e+00 0.000000000000000000e+00
9.000000000000000000e+00 3.600086374219824137e-03 0.000000000000000000e+00 1.000000000000000000e+00 0.000000000000000000e+00 0.000000000000000000e+00 0.000000000000000000e+00
1.200000000000000000e+01 4.800115165626284153e-03 0.000000000000000000e+00 1.000000000000000000e+00 0.000000000000000000e+00 0.000000000000000000e+00 0.000000000000000000e+00
1.500000000000000000e+01 6.000143957032966213e-03 0.000000000000000000e+00 1.000000000000000000e+00 0.000000000000000000e+00 0.000000000000000000e+00 0.000000000000000000e+00
1.800000000000000000e+01 7.200172748439426229e-03 0.000000000000000000e+00 1.000000000000000000e+00 0.000000000000000000e+00 0.000000000000000000e+00 0.000000000000000000e+00
2.100000000000000000e+01 8.400201539846108290e-03 0.000000000000000000e+00 1.000000000000000000e+00 0.000000000000000000e+00 0.000000000000000000e+00 0.000000000000000000e+00
2.400000000000000000e+01 9.600230331252790350e-03 0.000000000000000000e+00 1.000000000000000000e+00 0.000000000000000000e+00 0.000000000000000000e+00 0.000000000000000000e+00
2.700000000000000000e+01 1.080025912265925037e-02 0.000000000000000000e+00 1.000000000000000000e+00 0.000000000000000000e+00 0.000000000000000000e+00 0.000000000000000000e+00
3.000000000000000000e+01 1.200028791406593243e-02 0.000000000000000000e+00 1.000000000000000000e+00 0.000000000000000000e+00 0.000000000000000000e+00 0.000000000000000000e+00
3.300000000000000000e+01 1.320031670547239244e-02 0.000000000000000000e+00 1.000000000000000000e+00 0.000000000000000000e+00 0.000000000000000000e+00 0.000000000000000000e+00
3.600000000000000000e+01 1.440034549687907450e-02 0.000000000000000000e+00 1.000000000000000000e+00 0.000000000000000000e+00 0.000000000000000000e+00 0.000000000000000000e+00
3.900000000000000000e+01 1.560037428828575656e-02 0.000000000000000000e+00 1.000000000000000000e+00 0.000000000000000000e+00 0.000000000000000000e+00 0.000000000000000000e+00
4.200000000000000000e+01 1.680040307969221658e-02 0.000000000000000000e+00 1.000000000000000000e+00 0.000000000000000000e+00 0.000000000000000000e+00 0.000000000000000000e+00
4.500000000000000000e+01 1.800043187109889864e-02 0.000000000000000000e+00 1.000000000000000000e+00 0.000000000000000000e+00 0.000000000000000000e+00 0.000000000000000000e+00
4.800000000000000000e+01 1.920046066250535866e-02 0.000000000000000000e+00 1.000000000000000000e+00 0.000000000000000000e+00 0.000000000000000000e+00 0.000000000000000000e+00
5.100000000000000000e+01 2.040048945391204072e-02 0.000000000000000000e+00 1.000000000000000000e+00 0.000000000000000000e+00 0.000000000000000000e+00 0.000000000000000000e+00
5.400000000000000000e+01 2.160051824531850073e-02 0.000000000000000000e+00 1.000000000000000000e+00 0.000000000000000000e+00 0.000000000000000000e+00 0.000000000000000000e+00
5.700000000000000000e+01 2.280054703672518279e-02 0.000000000000000000e+00 1.000000000000000000e+00 0.000000000000000000e+00 0.000000000000000000e+00 0.000000000000000000e+00
6.000000000000000000e+01 2.400057582813186485e-02 0.000000000000000000e+00 1.000000000000000000e+00 0.000000000000000000e+00 0.000000000000000000e+00 0.000000000000000000e+00
6.300000000000000000e+01 2.520060461953832487e-02 0.000000000000000000e+00 1.000000000000000000e+00 0.000000000000000000e+00 0.000000000000000000e+00 0.000000000000000000e+00
6.600000000000000000e+01 2.640063341094500693e-02 0.000000000000000000e+00 1.000000000000000000e+00 0.000000000000000000e+00 0.000000000000000000e+00 0.000000000000000000e+00
6.900000000000000000e+01 2.760066220235146695e-02 0.000000000000000000e+00 1.000000000000000000e+00 0.000000000000000000e+00 0.000000000000000000e+00 0.000000000000000000e+00
7.200000000000000000e+01 2.880069099375814901e-02 0.000000000000000000e+00 1.000000000000000000e+00 0.000000000000000000e+00 0.000000000000000000e+00 0.000000000000000000e+00
7.500000000000000000e+01 3.000071978516483107e-02 0.000000000000000000e+00 1.000000000000000000e+00 0.000000000000000000e+00 0.000000000000000000e+00 0.000000000000000000e+00
7.800000000000000000e+01 3.120074857657129108e-02 0.000000000000000000e+00 1.000000000000000000e+00 0.000000000000000000e+00 0.000000000000000000e+00 0.000000000000000000e+00
8.100000000000000000e+01 3.240077736797797314e-02 0.000000000000000000e+00 1.000000000000000000e+00 0.000000000000000000e+00 0.000000000000000000e+00 0.000000000000000000e+00
8.400000000000000000e+01 3.360080615938443316e-02 0.000000000000000000e+00 1.000000000000000000e+00 0.000000000000000000e+00 0.000000000000000000e+00 0.000000000000000000e+00
8.700000000000000000e+01 3.480083495079111522e-02 0.000000000000000000e+00 1.000000000000000000e+00 0.000000000000000000e+00 0.000000000000000000e+00 0.000000000000000000e+00
9.000000000000000000e+01 3.600086374219757523e-02 0.000000000000000000e+00 1.000000000000000000e+00 0.000000000000000000e+00 0.000000000000000000e+00 0.000000000000000000e+00
9.300000000000000000e+01 3.720089253360425730e-02 0.000000000000000000e+00 1.000000000000000000e+00 0.000000000000000000e+00 0.000000000000000000e+00 0.000000000000000000e+00
9.600000000000000000e+01 3.840092132501093936e-02 0.000000000000000000e+00 1.000000000000000000e+00 0.000000000000000000e+00 0.000000000000000000e+00 0.000000000000000000e+00
9.900000000000000000e+01 3.960095011641739937e-02 0.000000000000000000e+00 1.000000000000000000e+00 0.000000000000000000e+00 0.000000000000000000e+00 0.000000000000000000e+00
1.020000000000000000e+02 4.080097890782408143e-02 0.000000000000000000e+00 1.000000000000000000e+00 0.000000000000000000e+00 0.000000000000000000e+00 0.000000000000000000e+00
1.050000000000000000e+02 4.200100769923054145e-02 0.000000000000000000e+00 1.000000000000000000e+00 0.000000000000000000e+00 0.000000000000000000e+00 0.000000000000000000e+00
1.080000000000000000e+02 4.320103649063722351e-02 0.000000000000000000e+00 1.000000000000000000e+00 0.000000000000000000e+00 0.000000000000000000e+00 0.000000000000000000e+00
1.110000000000000000e+02 4.440106528204368352e-02 0.000000000000000000e+00 1.000000000000000000e+00 0.000000000000000000e+00 0.000000000000000000e+00 0.000000000000000000e+00
1.140000000000000000e+02 4.560109407345036558e-02 0.000000000000000000e+00 1.000000000000000000e+00 0.000000000000000000e+00 0.000000000000000000e+00 0.000000000000000000e+00
1.170000000000000000e+02 4.680112286485704765e-02 0.000000000000000000e+00 1.000000000000000000e+00 0.000000000000000000e+00 0.000000000000000000e+00 0.000000000000000000e+00
1.200000000000000000e+02 4.800115165626350766e-02 0.000000000000000000e+00 1.000000000000000000e+00 0.000000000000000000e+00 0.000000000000000000e+00 0.000000000000000000e+00
1.230000000000000000e+02 4.920118044767018972e-02 0.000000000000000000e+00 1.000000000000000000e+00 0.000000000000000000e+00 0.000000000000000000e+00 0.000000000000000000e+00
1.260000000000000000e+02 5.040120923907664974e-02 0.000000000000000000e+00 1.000000000000000000e+00 0.000000000000000000e+00 0.000000000000000000e+00 0.000000000000000000e+00
1.290000000000000000e+02 5.160123803048333180e-02 0.000000000000000000e+00 1.000000000000000000e+00 0.000000000000000000e+00 0.000000000000000000e+00 0.000000000000000000e+00
1.320000000000000000e+02 5.280126682189001386e-02 0.000000000000000000e+00 1.000000000000000000e+00 0.000000000000000000e+00 0.000000000000000000e+00 0.000000000000000000e+00
1.350000000000000000e+02 5.400129561329647387e-02 0.000000000000000000e+00 1.000000000000000000e+00 0.000000000000000000e+00 0.000000000000000000e+00 0.000000000000000000e+00
1.380000000000000000e+02 5.520132440470315593e-02 0.000000000000000000e+00 1.000000000000000000e+00 0.000000000000000000e+00 0.000000000000000000e+00 0.000000000000000000e+00
1.410000000000000000e+02 5.640135319610961595e-02 0.000000000000000000e+00 1.000000000000000000e+00 0.000000000000000000e+00 0.000000000000000000e+00 0.000000000000000000e+00
1.440000000000000000e+02 5.760138198751629801e-02 0.000000000000000000e+00 1.000000000000000000e+00 0.000000000000000000e+00 0.000000000000000000e+00 0.000000000000000000e+00
1.470000000000000000e+02 5.880141077892275803e-02 0.000000000000000000e+00 1.000000000000000000e+00 0.000000000000000000e+00 0.000000000000000000e+00 0.000000000000000000e+00
1.500000000000000000e+02 6.000143957032944009e-02 0.000000000000000000e+00 1.000000000000000000e+00 0.000000000000000000e+00 0.000000000000000000e+00 0.000000000000000000e+00
1.530000000000000000e+02 6.120146836173612215e-02 0.000000000000000000e+00 1.000000000000000000e+00 0.000000000000000000e+00 0.000000000000000000e+00 0.000000000000000000e+00
1.560000000000000000e+02 6.240149715314258216e-02 0.000000000000000000e+00 1.000000000000000000e+00 0.000000000000000000e+00 0.000000000000000000e+00 0.000000000000000000e+00
1.590000000000000000e+02 6.360152594454926422e-02 0.000000000000000000e+00 1.000000000000000000e+00 0.000000000000000000e+00 0.000000000000000000e+00 0.000000000000000000e+00
1.620000000000000000e+02 6.480155473595572424e-02 0.000000000000000000e+00 1.000000000000000000e+00 0.000000000000000000e+00 0.000000000000000000e+00 0.000000000000000000e+00
1.650000000000000000e+02 6.600158352736240630e-02 0.000000000000000000e+00 1.000000000000000000e+00 0.000000000000000000e+00 0.000000000000000000e+00 0.000000000000000000e+00
1.680000000000000000e+02 6.720161231876908836e-02 0.000000000000000000e+00 1.000000000000000000e+00 0.000000000000000000e+00 0.000000000000000000e+00 0.000000000000000000e+00
1.710000000000000000e+02 6.840164111017554838e-02 0.000000000000000000e+00 1.000000000000000000e+00 0.000000000000000000e+00 0.000000000000000000e+00 0.000000000000000000e+00
1.740000000000000000e+02 6.960166990158223044e-02 1.137915339098771066e-04 9.998862084660901095e-01 0.000000000000000000e+00 0.000000000000000000e+00 0.000000000000000000e+00
1.770000000000000000e+02 7.080169869298869045e-02 0.000000000000000000e+00 1.000000000000000000e+00 0.000000000000000000e+00 0.000000000000000000e+00 0.000000000000000000e+00
1.800000000000000000e+02 7.200172748439537251e-02 1.137915339098771066e-04 9.998862084660901095e-01 0.000000000000000000e+00 0.000000000000000000e+00 0.000000000000000000e+00
1.830000000000000000e+02 7.320175627580183253e-02 0.000000000000000000e+00 1.000000000000000000e+00 0.000000000000000000e+00 0.000000000000000000e+00 0.000000000000000000e+00
1.860000000000000000e+02 7.440178506720851459e-02 0.000000000000000000e+00 1.000000000000000000e+00 0.000000000000000000e+00 0.000000000000000000e+00 0.000000000000000000e+00
1.890000000000000000e+02 7.560181385861519665e-02 0.000000000000000000e+00 1.000000000000000000e+00 0.000000000000000000e+00 0.000000000000000000e+00 0.000000000000000000e+00
1.920000000000000000e+02 7.680184265002165667e-02 2.275830678197542133e-04 9.997724169321802190e-01 0.000000000000000000e+00 0.000000000000000000e+00 0.000000000000000000e+00
1.950000000000000000e+02 7.800187144142833873e-02 3.413746017296313199e-04 9.996586253982703285e-01 0.000000000000000000e+00 0.000000000000000000e+00 0.000000000000000000e+00
1.980000000000000000e+02 7.920190023283479874e-02 2.275830678197542133e-04 9.997724169321802190e-01 0.000000000000000000e+00 0.000000000000000000e+00 0.000000000000000000e+00
2.010000000000000000e+02 8.040192902424148080e-02 0.000000000000000000e+00 1.000000000000000000e+00 0.000000000000000000e+00 0.000000000000000000e+00 0.000000000000000000e+00
2.040000000000000000e+02 8.160195781564794082e-02 0.000000000000000000e+00 1.000000000000000000e+00 0.000000000000000000e+00 0.000000000000000000e+00 0.000000000000000000e+00
2.070000000000000000e+02 8.280198660705462288e-02 0.000000000000000000e+00 1.000000000000000000e+00 0.000000000000000000e+00 0.000000000000000000e+00 0.000000000000000000e+00
2.100000000000000000e+02 8.400201539846130494e-02 0.000000000000000000e+00 1.000000000000000000e+00 0.000000000000000000e+00 0.000000000000000000e+00 0.000000000000000000e+00
2.130000000000000000e+02 8.520204418986776496e-02 0.000000000000000000e+00 1.000000000000000000e+00 0.000000000000000000e+00 0.000000000000000000e+00 0.000000000000000000e+00
2.160000000000000000e+02 8.640207298127444702e-02 2.275830678197542133e-04 9.997724169321802190e-01 0.000000000000000000e+00 0.000000000000000000e+00 0.000000000000000000e+00
2.190000000000000000e+02 8.760210177268090703e-02 3.413746017296313199e-04 9.996586253982703285e-01 0.000000000000000000e+00 0.000000000000000000e+00 0.000000000000000000e+00
2.220000000000000000e+02 8.880213056408758909e-02 0.000000000000000000e+00 1.000000000000000000e+00 0.000000000000000000e+00 0.000000000000000000e+00 0.000000000000000000e+00
2.250000000000000000e+02 9.000215935549427115e-02 0.000000000000000000e+00 1.000000000000000000e+00 0.000000000000000000e+00 0.000000000000000000e+00 0.000000000000000000e+00
2.280000000000000000e+02 9.120218814690073117e-02 0.000000000000000000e+00 1.000000000000000000e+00 0.000000000000000000e+00 0.000000000000000000e+00 0.000000000000000000e+00
2.310000000000000000e+02 9.240221693830741323e-02 0.000000000000000000e+00 1.000000000000000000e+00 0.000000000000000000e+00 0.000000000000000000e+00 0.000000000000000000e+00
2.340000000000000000e+02 9.360224572971387325e-02 1.137915339098771066e-04 9.998862084660901095e-01 0.000000000000000000e+00 0.000000000000000000e+00 0.000000000000000000e+00
2.370000000000000000e+02 9.480227452112055531e-02 5.689576695493854790e-04 9.994310423304506585e-01 0.000000000000000000e+00 0.000000000000000000e+00 0.000000000000000000e+00
2.400000000000000000e+02 9.600230331252701532e-02 1.365498406918525280e-03 9.985207100591716456e-01 0.000000000000000000e+00 1.137915339098771066e-04 0.000000000000000000e+00
2.430000000000000000e+02 9.720233210393369738e-02 7.965407373691396923e-04 9.992034592626308775e-01 0.000000000000000000e+00 0.000000000000000000e+00 0.000000000000000000e+00
2.460000000000000000e+02 9.840236089534037944e-02 5.689576695493854790e-04 9.993172507965407680e-01 0.000000000000000000e+00 1.137915339098771066e-04 0.000000000000000000e+00
2.490000000000000000e+02 9.960238968674683946e-02 9.103322712790168532e-04 9.989758761948110966e-01 0.000000000000000000e+00 1.137915339098771066e-04 0.000000000000000000e+00
2.520000000000000000e+02 1.008024184781535215e-01 9.103322712790168532e-04 9.990896677287209870e-01 0.000000000000000000e+00 0.000000000000000000e+00 0.000000000000000000e+00
2.550000000000000000e+02 1.020024472695599815e-01 2.162039144287664864e-03 9.978379608557123026e-01 0.000000000000000000e+00 0.000000000000000000e+00 0.000000000000000000e+00
2.580000000000000000e+02 1.032024760609666636e-01 2.162039144287664864e-03 9.978379608557123026e-01 0.000000000000000000e+00 0.000000000000000000e+00 0.000000000000000000e+00
2.610000000000000000e+02 1.044025048523733457e-01 2.389622212107419402e-03 9.976103777878926326e-01 0.000000000000000000e+00 0.000000000000000000e+00 0.000000000000000000e+00
2.640000000000000000e+02 1.056025336437798057e-01 2.048247610377787811e-03 9.979517523896221931e-01 0.000000000000000000e+00 0.000000000000000000e+00 0.000000000000000000e+00
2.670000000000000000e+02 1.068025624351864877e-01 1.820664542558033706e-03 9.981793354574419741e-01 0.000000000000000000e+00 0.000000000000000000e+00 0.000000000000000000e+00
2.700000000000000000e+02 1.080025912265929477e-01 1.593081474738279385e-03 9.984069185252617551e-01 0.000000000000000000e+00 0.000000000000000000e+00 0.000000000000000000e+00
2.730000000000000000e+02 1.092026200179996298e-01 5.689576695493854790e-04 9.994310423304506585e-01 0.000000000000000000e+00 0.000000000000000000e+00 0.000000000000000000e+00
2.760000000000000000e+02 1.104026488094060898e-01 6.827492034592626399e-04 9.993172507965407680e-01 0.000000000000000000e+00 0.000000000000000000e+00 0.000000000000000000e+00
2.790000000000000000e+02 1.116026776008127719e-01 1.365498406918525280e-03 9.986345015930814251e-01 0.000000000000000000e+00 0.000000000000000000e+00 0.000000000000000000e+00
2.820000000000000000e+02 1.128027063922194539e-01 2.844788347746927612e-03 9.970414201183431802e-01 0.000000000000000000e+00 1.137915339098771066e-04 0.000000000000000000e+00
2.850000000000000000e+02 1.140027351836259140e-01 2.048247610377787811e-03 9.977241693218024121e-01 0.000000000000000000e+00 2.275830678197542133e-04 0.000000000000000000e+00
2.880000000000000000e+02 1.152027639750325960e-01 1.934456076467910759e-03 9.979517523896221931e-01 0.000000000000000000e+00 1.137915339098771066e-04 0.000000000000000000e+00
2.910000000000000000e+02 1.164027927664390560e-01 2.048247610377787811e-03 9.978379608557123026e-01 0.000000000000000000e+00 1.137915339098771066e-04 0.000000000000000000e+00
2.940000000000000000e+02 1.176028215578457381e-01 1.365498406918525280e-03 9.986345015930814251e-01 0.000000000000000000e+00 0.000000000000000000e+00 0.000000000000000000e+00
2.970000000000000000e+02 1.188028503492521981e-01 1.706873008648156654e-03 9.982931269913518646e-01 0.000000000000000000e+00 0.000000000000000000e+00 0.000000000000000000e+00
3.000000000000000000e+02 1.200028791406588802e-01 2.503413746017296455e-03 9.974965862539827421e-01 0.000000000000000000e+00 0.000000000000000000e+00 0.000000000000000000e+00
3.030000000000000000e+02 1.212029079320655622e-01 3.868912152935821518e-03 9.960172963131542767e-01 0.000000000000000000e+00 1.137915339098771066e-04 0.000000000000000000e+00
3.060000000000000000e+02 1.224029367234720223e-01 5.803368229403732710e-03 9.941966317705962508e-01 0.000000000000000000e+00 0.000000000000000000e+00 0.000000000000000000e+00
3.090000000000000000e+02 1.236029655148787043e-01 5.575785161583977738e-03 9.941966317705962508e-01 0.000000000000000000e+00 2.275830678197542133e-04 0.000000000000000000e+00
3.120000000000000000e+02 1.248029943062851643e-01 5.575785161583977738e-03 9.944242148384160318e-01 0.000000000000000000e+00 0.000000000000000000e+00 0.000000000000000000e+00
3.150000000000000000e+02 1.260030230976918464e-01 6.713700500682749130e-03 9.932862994993172379e-01 0.000000000000000000e+00 0.000000000000000000e+00 0.000000000000000000e+00
3.180000000000000000e+02 1.272030518890985284e-01 8.989531178880291046e-03 9.908966772872098705e-01 0.000000000000000000e+00 1.137915339098771066e-04 0.000000000000000000e+00
3.210000000000000000e+02 1.284030806805049885e-01 9.899863450159307465e-03 9.898725534820209671e-01 0.000000000000000000e+00 2.275830678197542133e-04 0.000000000000000000e+00
3.240000000000000000e+02 1.296031094719116705e-01 1.194811106053709528e-02 9.879380974055530507e-01 0.000000000000000000e+00 1.137915339098771066e-04 0.000000000000000000e+00
3.270000000000000000e+02 1.308031382633181305e-01 1.274465179790623508e-02 9.869139736003641472e-01 0.000000000000000000e+00 3.413746017296313199e-04 0.000000000000000000e+00
3.300000000000000000e+02 1.320031670547248126e-01 1.809285389167045871e-02 9.813381884387801790e-01 0.000000000000000000e+00 5.689576695493854790e-04 0.000000000000000000e+00
3.330000000000000000e+02 1.332031958461312726e-01 2.446517979062357712e-02 9.747382794720073074e-01 0.000000000000000000e+00 7.965407373691396923e-04 0.000000000000000000e+00
3.360000000000000000e+02 1.344032246375379547e-01 2.799271734182976618e-02 9.715521165225307065e-01 0.000000000000000000e+00 4.551661356395084266e-04 0.000000000000000000e+00
3.390000000000000000e+02 1.356032534289446367e-01 3.129267182521620200e-02 9.677969959035047642e-01 0.000000000000000000e+00 9.103322712790168532e-04 0.000000000000000000e+00
3.420000000000000000e+02 1.368032822203510968e-01 3.527537551206190447e-02 9.637005006827491504e-01 0.000000000000000000e+00 1.024123805188893906e-03 0.000000000000000000e+00
3.450000000000000000e+02 1.380033110117577788e-01 3.971324533454710648e-02 9.589212562585344157e-01 0.000000000000000000e+00 1.365498406918525280e-03 0.000000000000000000e+00
3.480000000000000000e+02 1.392033398031642388e-01 4.380974055530268557e-02 9.539144287664997890e-01 0.000000000000000000e+00 2.275830678197541916e-03 0.000000000000000000e+00
3.510000000000000000e+02 1.404033685945709209e-01 5.075102412380518707e-02 9.478834774692762588e-01 0.000000000000000000e+00 1.365498406918525280e-03 0.000000000000000000e+00
3.540000000000000000e+02 1.416033973859776030e-01 5.735093309057805872e-02 9.406008192990441552e-01 0.000000000000000000e+00 2.048247610377787811e-03 0.000000000000000000e+00
3.570000000000000000e+02 1.428034261773840630e-01 5.974055530268548159e-02 9.370732817478379939e-01 0.000000000000000000e+00 3.186162949476558769e-03 0.000000000000000000e+00
3.600000000000000000e+02 1.440034549687907450e-01 6.998179335457442585e-02 9.255803368229403860e-01 0.000000000000000000e+00 4.437869822485207214e-03 0.000000000000000000e+00
3.630000000000000000e+02 1.452034837601972050e-01 8.295402822030041590e-02 9.122667273554847522e-01 0.000000000000000000e+00 4.779244424214838804e-03 0.000000000000000000e+00
3.660000000000000000e+02 1.464035125516038871e-01 9.968138370505234824e-02 8.945152480655439442e-01 0.000000000000000000e+00 5.803368229403732710e-03 0.000000000000000000e+00
3.690000000000000000e+02 1.476035413430103471e-01 1.209604005461993592e-01 8.733500227583067543e-01 0.000000000000000000e+00 5.689576695493855224e-03 0.000000000000000000e+00
3.720000000000000000e+02 1.488035701344170292e-01 1.455393718707328199e-01 8.461538461538461453e-01 0.000000000000000000e+00 8.306781975421027864e-03 0.000000000000000000e+00
3.750000000000000000e+02 1.500035989258237112e-01 1.700045516613563901e-01 8.194128356850249872e-01 0.000000000000000000e+00 1.058261265361857065e-02 0.000000000000000000e+00
3.780000000000000000e+02 1.512036277172301713e-01 2.005006827492034627e-01 7.862994993172508496e-01 0.000000000000000000e+00 1.319981793354574502e-02 0.000000000000000000e+00
3.810000000000000000e+02 1.524036565086368533e-01 2.342967683204369711e-01 7.492034592626308775e-01 0.000000000000000000e+00 1.649977241693217911e-02 0.000000000000000000e+00
3.840000000000000000e+02 1.536036853000433133e-01 2.740100136549840637e-01 7.034592626308602270e-01 0.000000000000000000e+00 2.253072371415566766e-02 0.000000000000000000e+00
3.870000000000000000e+02 1.548037140914499954e-01 3.194128356850250428e-01 6.504324078288575839e-01 0.000000000000000000e+00 3.015475648611743234e-02 0.000000000000000000e+00
3.900000000000000000e+02 1.560037428828564554e-01 3.713017751479290030e-01 5.890987710514338227e-01 0.000000000000000000e+00 3.959945380063722986e-02 0.000000000000000000e+00
3.930000000000000000e+02 1.572037716742631375e-01 4.239872553482020856e-01 5.248065543923532417e-01 0.000000000000000000e+00 5.120619025944470049e-02 0.000000000000000000e+00
3.960000000000000000e+02 1.584038004656698195e-01 4.655211652253072319e-01 4.714383249886208715e-01 0.000000000000000000e+00 6.304050978607191047e-02 0.000000000000000000e+00
3.990000000000000000e+02 1.596038292570762795e-01 5.164997724169322346e-01 4.096495220755576039e-01 0.000000000000000000e+00 7.385070550751024476e-02 0.000000000000000000e+00
4.020000000000000000e+02 1.608038580484829616e-01 5.601957214383249672e-01 3.467228038233955423e-01 2.275830678197542133e-04 9.285389167045972336e-02 0.000000000000000000e+00
4.050000000000000000e+02 1.620038868398894216e-01 6.079881656804734247e-01 2.816340464269458388e-01 3.413746017296313199e-04 1.100364132908511622e-01 0.000000000000000000e+00
4.080000000000000000e+02 1.632039156312961037e-01 6.431497496586253693e-01 2.328174783796085612e-01 1.137915339098771066e-04 1.239189804278561652e-01 0.000000000000000000e+00
4.110000000000000000e+02 1.644039444227027857e-01 6.695493855257168558e-01 1.919663177059626746e-01 3.413746017296313199e-04 1.381429221665907980e-01 0.000000000000000000e+00
4.140000000000000000e+02 1.656039732141092458e-01 6.902594446973144837e-01 1.554392353208921274e-01 1.251706873008648227e-03 1.530496131087847045e-01 0.000000000000000000e+00
4.170000000000000000e+02 1.668040020055159278e-01 7.141556668183887124e-01 1.199362767410104696e-01 1.706873008648156654e-03 1.642011834319526686e-01 0.000000000000000000e+00
4.200000000000000000e+02 1.680040307969223878e-01 7.349795175238962308e-01 9.194355939918069653e-02 1.820664542558033706e-03 1.712562585343650468e-01 0.000000000000000000e+00
4.230000000000000000e+02 1.692040595883290699e-01 7.419208010923987739e-01 7.134729176149294527e-02 1.820664542558033706e-03 1.849112426035502965e-01 0.000000000000000000e+00
4.260000000000000000e+02 1.704040883797355299e-01 7.510241238051889034e-01 5.348202093764223980e-02 3.186162949476558769e-03 1.923076923076923184e-01 0.000000000000000000e+00
4.290000000000000000e+02 1.716041171711422120e-01 7.537551206190259423e-01 4.244424214838415921e-02 4.096495220755575623e-03 1.997041420118343125e-01 0.000000000000000000e+00
4.320000000000000000e+02 1.728041459625488940e-01 7.576240327719617751e-01 3.368229403732362487e-02 3.527537551206190360e-03 2.051661356395084179e-01 0.000000000000000000e+00
4.350000000000000000e+02 1.740041747539553540e-01 7.597860719162494725e-01 2.901684114701866268e-02 4.324078288575329727e-03 2.068730086481565811e-01 0.000000000000000000e+00
4.380000000000000000e+02 1.752042035453620361e-01 7.651342740100136597e-01 2.401001365498407064e-02 4.779244424214838804e-03 2.060764679107874309e-01 0.000000000000000000e+00
4.410000000000000000e+02 1.764042323367684961e-01 7.693445607646790529e-01 2.059626763768775473e-02 4.665452890304961318e-03 2.053937187073281712e-01 0.000000000000000000e+00
4.440000000000000000e+02 1.776042611281751782e-01 7.735548475193445572e-01 1.843422849340009204e-02 5.461993627674101119e-03 2.025489303595812418e-01 0.000000000000000000e+00
4.470000000000000000e+02 1.788042899195818602e-01 7.758306781975421451e-01 1.786527082385070547e-02 6.258534365043240920e-03 2.000455166135639562e-01 0.000000000000000000e+00
4.500000000000000000e+02 1.800043187109883203e-01 7.790168411470186349e-01 1.684114701866181243e-02 6.258534365043240920e-03 1.978834774692762866e-01 0.000000000000000000e+00
4.530000000000000000e+02 1.812043475023950023e-01 7.781065088757396220e-01 1.752389622212107562e-02 7.624032771961766417e-03 1.967455621301775204e-01 0.000000000000000000e+00
4.560000000000000000e+02 1.824043762938014623e-01 7.745789713245334607e-01 1.797906235776058209e-02 9.899863450159307465e-03 1.975421028675466428e-01 0.000000000000000000e+00
4.590000000000000000e+02 1.836044050852081444e-01 7.690031861629494925e-01 1.957214383249886169e-02 1.137915339098771045e-02 2.000455166135639562e-01 0.000000000000000000e+00
4.620000000000000000e+02 1.848044338766146044e-01 7.716203914428766408e-01 2.275830678197542090e-02 1.251706873008648184e-02 1.931042330450614408e-01 0.000000000000000000e+00
4.650000000000000000e+02 1.860044626680212865e-01 7.719617660446063123e-01 2.469276285844333035e-02 1.365498406918525323e-02 1.896904870277651423e-01 0.000000000000000000e+00
4.680000000000000000e+02 1.872044914594279685e-01 7.724169321802457633e-01 2.457897132453345374e-02 1.638598088302230249e-02 1.866181156121984597e-01 0.000000000000000000e+00
4.710000000000000000e+02 1.884045202508344286e-01 7.740100136549841192e-01 2.639963586709149004e-02 1.797906235776058209e-02 1.816112881201638607e-01 0.000000000000000000e+00
4.740000000000000000e+02 1.896045490422411106e-01 7.717341829767865313e-01 2.662721893491124328e-02 2.184797451069640448e-02 1.797906235776058348e-01 0.000000000000000000e+00
4.770000000000000000e+02 1.908045778336475706e-01 7.753755120619025831e-01 2.844788347746927612e-02 2.218934911242603433e-02 1.739872553482020856e-01 0.000000000000000000e+00
4.800000000000000000e+02 1.920046066250542527e-01 7.785616750113791840e-01 2.822030040964952288e-02 2.435138825671370050e-02 1.688666363222576239e-01 0.000000000000000000e+00
4.830000000000000000e+02 1.932046354164607127e-01 7.814064633591261133e-01 2.765134274010013632e-02 2.639963586709149004e-02 1.645425580336822846e-01 0.000000000000000000e+00
4.860000000000000000e+02 1.944046642078673948e-01 7.776513427401001710e-01 2.947200728265816916e-02 2.742375967228038308e-02 1.654528903049612976e-01 0.000000000000000000e+00
4.890000000000000000e+02 1.956046929992740768e-01 7.795857988165680874e-01 2.958579881656804578e-02 2.878925807919890598e-02 1.620391442876649990e-01 0.000000000000000000e+00
4.920000000000000000e+02 1.968047217906805368e-01 7.834547109695039202e-01 2.890304961310878606e-02 2.947200728265816916e-02 1.581702321347291662e-01 0.000000000000000000e+00
4.950000000000000000e+02 1.980047505820872189e-01 7.895994538006372299e-01 2.901684114701866268e-02 2.981338188438780248e-02 1.515703231679562946e-01 0.000000000000000000e+00
4.980000000000000000e+02 1.992047793734936789e-01 7.964269458352298825e-01 2.856167501137915274e-02 3.152025489303595523e-02 1.434911242603550408e-01 0.000000000000000000e+00
5.010000000000000000e+02 2.004048081649003610e-01 7.993855257168867023e-01 2.799271734182976618e-02 3.311333636777423484e-02 1.395084205735093175e-01 0.000000000000000000e+00
5.040000000000000000e+02 2.016048369563070430e-01 8.033682294037323146e-01 2.696859353664087314e-02 3.368229403732362487e-02 1.359808830223031284e-01 0.000000000000000000e+00
5.070000000000000000e+02 2.028048657477135031e-01 8.030268548020027541e-01 2.765134274010013632e-02 3.504779244424215123e-02 1.342740100136549930e-01 0.000000000000000000e+00
5.100000000000000000e+02 2.040048945391201851e-01 8.045061447428311086e-01 2.844788347746927612e-02 3.686845698680018407e-02 1.301775147928994070e-01 0.000000000000000000e+00
5.130000000000000000e+02 2.052049233305266451e-01 8.054164770141101215e-01 2.913063268092853930e-02 3.857532999544834029e-02 1.268775603095129711e-01 0.000000000000000000e+00
5.160000000000000000e+02 2.064049521219333272e-01 8.074647246244879284e-01 3.095129722348657214e-02 3.903049613108784677e-02 1.225534820209376458e-01 0.000000000000000000e+00
5.190000000000000000e+02 2.076049809133397872e-01 8.128129267182521156e-01 3.129267182521620200e-02 3.903049613108784677e-02 1.168639053254437871e-01 0.000000000000000000e+00
5.220000000000000000e+02 2.088050097047464693e-01 8.177059626763768518e-01 3.345471096950387163e-02 3.937187073281747662e-02 1.094674556213017791e-01 0.000000000000000000e+00
5.250000000000000000e+02 2.100050384961531513e-01 8.227127901684114786e-01 3.356850250341374825e-02 3.948566226672735324e-02 1.042330450614474269e-01 0.000000000000000000e+00
5.280000000000000000e+02 2.112050672875596113e-01 8.270368684569867623e-01 3.299954483386435822e-02 3.755120619025944378e-02 1.024123805188894010e-01 0.000000000000000000e+00
5.310000000000000000e+02 2.124050960789662934e-01 8.305644060081930347e-01 3.425125170687300796e-02 3.823395539371871044e-02 9.695038689121529552e-02 0.000000000000000000e+00
5.340000000000000000e+02 2.136051248703727534e-01 8.279472007282657753e-01 3.629949931725079404e-02 4.107874374146563284e-02 9.467455621301774926e-02 0.000000000000000000e+00
5.370000000000000000e+02 2.148051536617794355e-01 8.312471552116522666e-01 3.686845698680018407e-02 4.392353208921256219e-02 8.796085571233500100e-02 0.000000000000000000e+00
5.400000000000000000e+02 2.160051824531861175e-01 8.342057350933090865e-01 3.686845698680018407e-02 4.483386436049158208e-02 8.409194355939918208e-02 0.000000000000000000e+00
5.430000000000000000e+02 2.172052112445925776e-01 8.357988165680473314e-01 3.868912152935821691e-02 4.676832043695949154e-02 7.874374146563495325e-02 0.000000000000000000e+00
5.460000000000000000e+02 2.184052400359992596e-01 8.395539371870732737e-01 3.948566226672735324e-02 4.631315430131998506e-02 7.464724624487938109e-02 0.000000000000000000e+00
5.490000000000000000e+02 2.196052688274057196e-01 8.411470186618115186e-01 3.846153846153846367e-02 4.665452890304961492e-02 7.373691397360036814e-02 0.000000000000000000e+00
5.520000000000000000e+02 2.208052976188124017e-01 8.442193900773782289e-01 3.982703686845699004e-02 4.608557123350022489e-02 6.986800182066454923e-02 0.000000000000000000e+00
5.550000000000000000e+02 2.220053264102188617e-01 8.462676376877560358e-01 4.142011834319526964e-02 4.676832043695949154e-02 6.554392353208920996e-02 0.000000000000000000e+00
5.580000000000000000e+02 2.232053552016255438e-01 8.438780154756485574e-01 4.164770141101502288e-02 4.972690031861629750e-02 6.474738279472007363e-02 0.000000000000000000e+00
5.610000000000000000e+02 2.244053839930322258e-01 8.417159763313609711e-01 4.267182521620391245e-02 5.166135639508420696e-02 6.395084205735093730e-02 0.000000000000000000e+00
5.640000000000000000e+02 2.256054127844386858e-01 8.444469731451980099e-01 4.221665908056440597e-02 5.143377332726445372e-02 6.190259444697314428e-02 0.000000000000000000e+00
5.670000000000000000e+02 2.268054415758453679e-01 8.467228038233954868e-01 4.267182521620391245e-02 5.097860719162494031e-02 5.962676376877560497e-02 0.000000000000000000e+00
5.700000000000000000e+02 2.280054703672518279e-01 8.479745106964041712e-01 4.244424214838415921e-02 5.154756486117433034e-02 5.803368229403732537e-02 0.000000000000000000e+00
5.730000000000000000e+02 2.292054991586585100e-01 8.487710514337732937e-01 4.380974055530268557e-02 5.131998179335457710e-02 5.609922621756941591e-02 0.000000000000000000e+00
5.760000000000000000e+02 2.304055279500649700e-01 8.435366408739189970e-01 4.654073736913973830e-02 5.188893946290396020e-02 5.803368229403732537e-02 0.000000000000000000e+00
5.790000000000000000e+02 2.316055567414716521e-01 8.462676376877560358e-01 4.585798816568047165e-02 5.188893946290396020e-02 5.598543468365953235e-02 0.000000000000000000e+00
5.820000000000000000e+02 2.328055855328783341e-01 8.468365953573053773e-01 4.619936276741010150e-02 5.234410559854346667e-02 5.461993627674101293e-02 0.000000000000000000e+00
5.850000000000000000e+02 2.340056143242847941e-01 8.502503413746017591e-01 4.665452890304961492e-02 5.154756486117433034e-02 5.154756486117433034e-02 0.000000000000000000e+00
5.880000000000000000e+02 2.352056431156914762e-01 8.489986345015930747e-01 4.790623577605826466e-02 5.302685480200273332e-02 5.006827492034592736e-02 0.000000000000000000e+00
5.910000000000000000e+02 2.364056719070979362e-01 8.530951297223486884e-01 4.813381884387801790e-02 5.336822940373236318e-02 4.540282203004096517e-02 0.000000000000000000e+00
5.940000000000000000e+02 2.376057006985046183e-01 8.524123805188893455e-01 4.767865270823850449e-02 5.393718707328174627e-02 4.597177969959034827e-02 0.000000000000000000e+00
5.970000000000000000e+02 2.388057294899113003e-01 8.535502958579881394e-01 4.665452890304961492e-02 5.439235320892125969e-02 4.540282203004096517e-02 0.000000000000000000e+00
6.000000000000000000e+02 2.400057582813177603e-01 8.609467455621301335e-01 4.528903049613108855e-02 5.291306326809285671e-02 4.085116067364587961e-02 0.000000000000000000e+00
6.030000000000000000e+02 2.412057870727244424e-01 8.583295402822029851e-01 4.472007282658170546e-02 5.507510241238051940e-02 4.187528447883477611e-02 0.000000000000000000e+00
6.060000000000000000e+02 2.424058158641309024e-01 8.576467910787437532e-01 4.506144742831133532e-02 5.507510241238051940e-02 4.221665908056440597e-02 0.000000000000000000e+00
6.090000000000000000e+02 2.436058446555375845e-01 8.549157942649067143e-01 4.585798816568047165e-02 5.769230769230769551e-02 4.153390987710514626e-02 0.000000000000000000e+00
6.120000000000000000e+02 2.448058734469440445e-01 8.534365043240782489e-01 4.858898497951752438e-02 5.712335002275830548e-02 4.085116067364587961e-02 0.000000000000000000e+00
6.150000000000000000e+02 2.460059022383507266e-01 8.538916704597178109e-01 5.052344105598543383e-02 5.632680928538916915e-02 3.925807919890760000e-02 0.000000000000000000e+00
6.180000000000000000e+02 2.472059310297574086e-01 8.560537096040055083e-01 4.893035958124715423e-02 5.723714155666818210e-02 3.777878925807919702e-02 0.000000000000000000e+00
6.210000000000000000e+02 2.484059598211638686e-01 8.573054164770140817e-01 4.836140191169777114e-02 5.655439235320892238e-02 3.777878925807919702e-02 0.000000000000000000e+00
6.240000000000000000e+02 2.496059886125705507e-01 8.578743741465635342e-01 4.813381884387801790e-02 5.712335002275830548e-02 3.686845698680018407e-02 0.000000000000000000e+00
6.270000000000000000e+02 2.508060174039770107e-01 8.575329995448338627e-01 5.109239872553481693e-02 5.666818388711879900e-02 3.470641784251251444e-02 0.000000000000000000e+00
6.300000000000000000e+02 2.520060461953836928e-01 8.553709604005461653e-01 5.177514792899408358e-02 5.609922621756941591e-02 3.675466545289030745e-02 0.000000000000000000e+00
6.330000000000000000e+02 2.532060749867903748e-01 8.513882567137005530e-01 5.245789713245334329e-02 5.757851615839781195e-02 3.857532999544834029e-02 0.000000000000000000e+00
6.360000000000000000e+02 2.544061037781968349e-01 8.516158397815202230e-01 5.325443786982248656e-02 5.780609922621757213e-02 3.732362312243969055e-02 0.000000000000000000e+00
6.390000000000000000e+02 2.556061325696035169e-01 8.508192990441511006e-01 5.370960400546199304e-02 5.826126536185707860e-02 3.720983158852981393e-02 0.000000000000000000e+00
6.420000000000000000e+02 2.568061613610099769e-01 8.503641329085116496e-01 5.245789713245334329e-02 6.030951297223486468e-02 3.686845698680018407e-02 0.000000000000000000e+00
6.450000000000000000e+02 2.580061901524166590e-01 8.512744651797906625e-01 5.223031406463359005e-02 6.076467910787437116e-02 3.573054164770141095e-02 0.000000000000000000e+00
6.480000000000000000e+02 2.592062189438231190e-01 8.483158852981338427e-01 5.154756486117433034e-02 6.224396904870277414e-02 3.789258079198907364e-02 0.000000000000000000e+00
6.510000000000000000e+02 2.604062477352298011e-01 8.489986345015930747e-01 5.200273099681383682e-02 6.326809285389166371e-02 3.573054164770141095e-02 0.000000000000000000e+00
6.540000000000000000e+02 2.616062765266364831e-01 8.497951752389621971e-01 5.336822940373236318e-02 6.258534365043240399e-02 3.425125170687300796e-02 0.000000000000000000e+00
6.570000000000000000e+02 2.628063053180429431e-01 8.475193445607647202e-01 5.461993627674101293e-02 6.258534365043240399e-02 3.527537551206190447e-02 0.000000000000000000e+00
6.600000000000000000e+02 2.640063341094496252e-01 8.487710514337732937e-01 5.541647701411014926e-02 6.497496586253982687e-02 3.083750568957669552e-02 0.000000000000000000e+00
6.630000000000000000e+02 2.652063629008560852e-01 8.475193445607647202e-01 5.518889394629039602e-02 6.634046426945834629e-02 3.095129722348657214e-02 0.000000000000000000e+00
6.660000000000000000e+02 2.664063916922627673e-01 8.479745106964041712e-01 5.359581247155211642e-02 6.702321347291761988e-02 3.140646335912607862e-02 0.000000000000000000e+00
6.690000000000000000e+02 2.676064204836692273e-01 8.470641784251251583e-01 5.518889394629039602e-02 6.747837960855712636e-02 3.026854802002730896e-02 0.000000000000000000e+00
6.720000000000000000e+02 2.688064492750759094e-01 8.478607191624942807e-01 5.336822940373236318e-02 6.793354574419663283e-02 3.083750568957669552e-02 0.000000000000000000e+00
6.750000000000000000e+02 2.700064780664825914e-01 8.484296768320437332e-01 5.530268548020027264e-02 6.884387801547564578e-02 2.742375967228038308e-02 0.000000000000000000e+00
6.780000000000000000e+02 2.712065068578890514e-01 8.476331360946746107e-01 5.484751934456076616e-02 6.873008648156576916e-02 2.878925807919890598e-02 0.000000000000000000e+00
6.810000000000000000e+02 2.724065356492957335e-01 8.483158852981338427e-01 5.700955848884842886e-02 6.827492034592626269e-02 2.639963586709149004e-02 0.000000000000000000e+00
