# itime ezz other fcc hcp bcc ico
0.000000000000000000e+00 0.000000000000000000e+00 9.103322712790168532e-04 9.990896677287209870e-01 0.000000000000000000e+00 0.000000000000000000e+00 0.000000000000000000e+00
3.000000000000000000e+01 1.200002144154010963e-02 5.689576695493854790e-04 9.994310423304506585e-01 0.000000000000000000e+00 0.000000000000000000e+00 0.000000000000000000e+00
6.000000000000000000e+01 2.400004288308021927e-02 3.072371415566681717e-03 9.969276285844332897e-01 0.000000000000000000e+00 0.000000000000000000e+00 0.000000000000000000e+00
9.000000000000000000e+01 3.600006432462032890e-02 3.641329085116067413e-03 9.963586709148839482e-01 0.000000000000000000e+00 0.000000000000000000e+00 0.000000000000000000e+00
1.200000000000000000e+02 4.800008576616066058e-02 8.079198907601274626e-03 9.918070095584888834e-01 0.000000000000000000e+00 1.137915339098771066e-04 0.000000000000000000e+00
1.500000000000000000e+02 6.000010720770077022e-02 1.741010468821119553e-02 9.823623122439690825e-01 0.000000000000000000e+00 2.275830678197542133e-04 0.000000000000000000e+00
1.800000000000000000e+02 7.200012864924087985e-02 3.538916704597178109e-02 9.625625853436504675e-01 0.000000000000000000e+00 2.048247610377787811e-03 0.000000000000000000e+00
2.100000000000000000e+02 8.400015009078098949e-02 7.441966317705962786e-02 9.205735093309057593e-01 0.000000000000000000e+00 5.006827492034592909e-03 0.000000000000000000e+00
2.400000000000000000e+02 9.600017153232109912e-02 1.398497951752389612e-01 8.504779244424214291e-01 0.000000000000000000e+00 9.672280382339554228e-03 0.000000000000000000e+00
2.700000000000000000e+02 1.080001929738612088e-01 2.361174328629949970e-01 7.454483386436049352e-01 0.000000000000000000e+00 1.843422849340009204e-02 0.000000000000000000e+00
3.000000000000000000e+02 1.200002144154015404e-01 3.540054619936277014e-01 6.133363677742376119e-01 1.137915339098771066e-04 3.254437869822485174e-02 0.000000000000000000e+00
3.300000000000000000e+02 1.320002358569416501e-01 5.163859808830223441e-01 4.089667728720983164e-01 7.965407373691396923e-04 7.385070550751024476e-02 0.000000000000000000e+00
3.600000000000000000e+02 1.440002572984817597e-01 6.479289940828402150e-01 2.292899408284023721e-01 3.868912152935821518e-03 1.189121529358215801e-01 0.000000000000000000e+00
3.900000000000000000e+02 1.560002787400218693e-01 6.959490213928083424e-01 1.239189804278561652e-01 8.420573509330906217e-03 1.717114246700045532e-01 0.000000000000000000e+00
4.200000000000000000e+02 1.680003001815619790e-01 7.302002730996813851e-01 6.133363677742376119e-02 1.923076923076923184e-02 1.892353208921256358e-01 0.000000000000000000e+00
4.500000000000000000e+02 1.800003216231020886e-01 7.766272189349112676e-01 3.277196176604460498e-02 2.275830678197542090e-02 1.678425125170687204e-01 0.000000000000000000e+00
4.800000000000000000e+02 1.920003430646421982e-01 8.112198452435138707e-01 2.264451524806554428e-02 2.878925807919890598e-02 1.373463814292216756e-01 0.000000000000000000e+00
5.100000000000000000e+02 2.040003645061825299e-01 8.507055075102412101e-01 2.196176604460628110e-02 3.208921256258534527e-02 9.524351388256713236e-02 0.000000000000000000e+00
5.400000000000000000e+02 2.160003859477226396e-01 8.684569868001820181e-01 1.911697769685935522e-02 3.698224852071006069e-02 7.544378698224851743e-02 0.000000000000000000e+00
5.700000000000000000e+02 2.280004073892627492e-01 8.914428766499772339e-01 1.968593536640873831e-02 3.265817023213472836e-02 5.621301775147929253e-02 0.000000000000000000e+00
6.000000000000000000e+02 2.400004288308028588e-01 9.170459717796995980e-01 1.627218934911242587e-02 3.049613108784706567e-02 3.618570778334091742e-02 0.000000000000000000e+00
6.300000000000000000e+02 2.520004502723429685e-01 9.297906235776057793e-01 1.786527082385070547e-02 2.890304961310878606e-02 2.344105598543468408e-02 0.000000000000000000e+00
6.600000000000000000e+02 2.640004717138830781e-01 9.361629494765589810e-01 1.524806554392353283e-02 2.605826126536185672e-02 2.241693218024579104e-02 1.137915339098771066e-04
6.900000000000000000e+02 2.760004931554231877e-01 9.435593991807009751e-01 1.479289940828402289e-02 2.503413746017296368e-02 1.661356395084205573e-02 0.000000000000000000e+00
7.200000000000000000e+02 2.880005145969635194e-01 9.426490669094219621e-01 1.604460628129267263e-02 2.492034592626308706e-02 1.627218934911242587e-02 1.137915339098771066e-04
7.500000000000000000e+02 3.000005360385036290e-01 9.516385980883022011e-01 1.365498406918525323e-02 2.412380518889394726e-02 1.024123805188893906e-02 3.413746017296313199e-04
7.800000000000000000e+02 3.120005574800437387e-01 9.531178880291306665e-01 1.331360946745562164e-02 2.287209831588529751e-02 1.058261265361857065e-02 1.137915339098771066e-04
8.100000000000000000e+02 3.240005789215838483e-01 9.569868001820664993e-01 1.240327719617660522e-02 2.241693218024579104e-02 8.192990441511151245e-03 0.000000000000000000e+00
8.400000000000000000e+02 3.360006003631239579e-01 9.629039599453800280e-01 1.160673645880746542e-02 1.934456076467910846e-02 6.030951297223486815e-03 1.137915339098771066e-04
8.700000000000000000e+02 3.480006218046640676e-01 9.651797906235776159e-01 1.126536185707783383e-02 1.786527082385070547e-02 5.348202093764223633e-03 3.413746017296313199e-04
9.000000000000000000e+02 3.600006432462043993e-01 9.691624943104233392e-01 1.001365498406918582e-02 1.638598088302230249e-02 4.210286754665453109e-03 2.275830678197542133e-04
9.300000000000000000e+02 3.720006646877445089e-01 9.704142011834319126e-01 8.989531178880291046e-03 1.536185707783340945e-02 5.006827492034592909e-03 2.275830678197542133e-04
9.600000000000000000e+02 3.840006861292846185e-01 9.714383249886208160e-01 7.965407373691398007e-03 1.615839781520254925e-02 4.324078288575329727e-03 1.137915339098771066e-04
9.900000000000000000e+02 3.960007075708245061e-01 9.722348657259899385e-01 7.510241238051888930e-03 1.524806554392353283e-02 4.437869822485207214e-03 5.689576695493854790e-04
1.020000000000000000e+03 4.080007290123648378e-01 9.759899863450158808e-01 7.851615839781519654e-03 1.228948566226672687e-02 3.527537551206190360e-03 3.413746017296313199e-04
1.050000000000000000e+03 4.200007504539051695e-01 9.787209831588530307e-01 6.941283568502503235e-03 1.069640418752844727e-02 3.299954483386436255e-03 3.413746017296313199e-04
1.080000000000000000e+03 4.320007718954450571e-01 9.800864815657714946e-01 5.689576695493855224e-03 1.092398725534820224e-02 2.958579881656804664e-03 3.413746017296313199e-04
1.110000000000000000e+03 4.440007933369851667e-01 9.808830223031406170e-01 5.917159763313609329e-03 1.092398725534820224e-02 1.820664542558033706e-03 4.551661356395084266e-04
1.140000000000000000e+03 4.560008147785254984e-01 9.839553937187073274e-01 5.234410559854347014e-03 8.420573509330906217e-03 1.934456076467910759e-03 4.551661356395084266e-04
1.170000000000000000e+03 4.680008362200658301e-01 9.825898953117887524e-01 6.144742831133363434e-03 1.012744651797906244e-02 9.103322712790168532e-04 2.275830678197542133e-04
1.200000000000000000e+03 4.800008576616057177e-01 9.812243969048702885e-01 6.258534365043240920e-03 1.126536185707783383e-02 9.103322712790168532e-04 3.413746017296313199e-04
1.230000000000000000e+03 4.920008791031458273e-01 9.832726445152480954e-01 5.120619025944469528e-03 9.786071916249430847e-03 1.251706873008648227e-03 5.689576695493854790e-04
1.260000000000000000e+03 5.040009005446859369e-01 9.864588074647245852e-01 3.641329085116067413e-03 7.965407373691398007e-03 1.137915339098770958e-03 7.965407373691396923e-04
1.290000000000000000e+03 5.160009219862262686e-01 9.875967228038233792e-01 3.299954483386436255e-03 7.168866636322257339e-03 1.251706873008648227e-03 6.827492034592626399e-04
1.320000000000000000e+03 5.280009434277663782e-01 9.879380974055530507e-01 3.527537551206190360e-03 5.803368229403732710e-03 1.934456076467910759e-03 7.965407373691396923e-04
1.350000000000000000e+03 5.400009648693062658e-01 9.905553026854801990e-01 2.844788347746927612e-03 5.348202093764223633e-03 7.965407373691396923e-04 4.551661356395084266e-04
1.380000000000000000e+03 5.520009863108465975e-01 9.905553026854801990e-01 2.162039144287664864e-03 4.893035958124715423e-03 1.706873008648156654e-03 6.827492034592626399e-04
1.410000000000000000e+03 5.640010077523869292e-01 9.935138825671370189e-01 1.137915339098770958e-03 3.641329085116067413e-03 1.137915339098770958e-03 5.689576695493854790e-04
1.440000000000000000e+03 5.760010291939268168e-01 9.936276741010469093e-01 2.162039144287664864e-03 2.730996813837050560e-03 1.137915339098770958e-03 3.413746017296313199e-04
1.470000000000000000e+03 5.880010506354669264e-01 9.941966317705962508e-01 1.934456076467910759e-03 2.503413746017296455e-03 7.965407373691396923e-04 5.689576695493854790e-04
1.500000000000000000e+03 6.000010720770072581e-01 9.929449248975875664e-01 1.593081474738279385e-03 3.072371415566681717e-03 1.593081474738279385e-03 7.965407373691396923e-04
1.530000000000000000e+03 6.120010935185473677e-01 9.939690487027764698e-01 1.706873008648156654e-03 2.958579881656804664e-03 6.827492034592626399e-04 6.827492034592626399e-04
1.560000000000000000e+03 6.240011149600874774e-01 9.952207555757851543e-01 1.365498406918525280e-03 2.048247610377787811e-03 6.827492034592626399e-04 6.827492034592626399e-04
1.590000000000000000e+03 6.360011364016273649e-01 9.936276741010469093e-01 1.365498406918525280e-03 3.299954483386436255e-03 9.103322712790168532e-04 7.965407373691396923e-04
1.620000000000000000e+03 6.480011578431676966e-01 9.949931725079653733e-01 1.024123805188893906e-03 2.730996813837050560e-03 4.551661356395084266e-04 7.965407373691396923e-04
1.650000000000000000e+03 6.600011792847080283e-01 9.968138370505233992e-01 7.965407373691396923e-04 1.251706873008648227e-03 6.827492034592626399e-04 4.551661356395084266e-04
1.680000000000000000e+03 6.720012007262479159e-01 9.963586709148839482e-01 9.103322712790168532e-04 1.820664542558033706e-03 4.551661356395084266e-04 4.551661356395084266e-04
1.710000000000000000e+03 6.840012221677880255e-01 9.962448793809740577e-01 3.413746017296313199e-04 2.048247610377787811e-03 3.413746017296313199e-04 1.024123805188893906e-03
1.740000000000000000e+03 6.960012436093283572e-01 9.970414201183431802e-01 4.551661356395084266e-04 1.024123805188893906e-03 6.827492034592626399e-04 7.965407373691396923e-04
1.770000000000000000e+03 7.080012650508686889e-01 9.972690031861629611e-01 5.689576695493854790e-04 1.137915339098770958e-03 4.551661356395084266e-04 5.689576695493854790e-04
1.800000000000000000e+03 7.200012864924085765e-01 9.981793354574419741e-01 4.551661356395084266e-04 6.827492034592626399e-04 2.275830678197542133e-04 4.551661356395084266e-04
1.830000000000000000e+03 7.320013079339486861e-01 9.977241693218024121e-01 7.965407373691396923e-04 9.103322712790168532e-04 3.413746017296313199e-04 2.275830678197542133e-04
1.860000000000000000e+03 7.440013293754887957e-01 9.978379608557123026e-01 4.551661356395084266e-04 1.024123805188893906e-03 1.137915339098771066e-04 5.689576695493854790e-04
1.890000000000000000e+03 7.560013508170291274e-01 9.979517523896221931e-01 2.275830678197542133e-04 1.024123805188893906e-03 1.137915339098771066e-04 6.827492034592626399e-04
1.920000000000000000e+03 7.680013722585692371e-01 9.978379608557123026e-01 6.827492034592626399e-04 9.103322712790168532e-04 1.137915339098771066e-04 4.551661356395084266e-04
1.950000000000000000e+03 7.800013937001091247e-01 9.979517523896221931e-01 3.413746017296313199e-04 9.103322712790168532e-04 4.551661356395084266e-04 3.413746017296313199e-04
1.980000000000000000e+03 7.920014151416494563e-01 9.973827947200728516e-01 2.275830678197542133e-04 1.251706873008648227e-03 2.275830678197542133e-04 9.103322712790168532e-04
2.010000000000000000e+03 8.040014365831897880e-01 9.981793354574419741e-01 1.137915339098771066e-04 6.827492034592626399e-04 0.000000000000000000e+00 1.024123805188893906e-03
2.040000000000000000e+03 8.160014580247296756e-01 9.984069185252617551e-01 1.137915339098771066e-04 7.965407373691396923e-04 0.000000000000000000e+00 6.827492034592626399e-04
2.070000000000000000e+03 8.280014794662697852e-01 9.974965862539827421e-01 5.689576695493854790e-04 6.827492034592626399e-04 1.137915339098771066e-04 1.137915339098770958e-03
2.100000000000000000e+03 8.400015009078101169e-01 9.982931269913518646e-01 2.275830678197542133e-04 5.689576695493854790e-04 0.000000000000000000e+00 9.103322712790168532e-04
2.130000000000000000e+03 8.520015223493502265e-01 9.974965862539827421e-01 4.551661356395084266e-04 1.137915339098770958e-03 1.137915339098771066e-04 7.965407373691396923e-04
2.160000000000000000e+03 8.640015437908903362e-01 9.980655439235320836e-01 3.413746017296313199e-04 4.551661356395084266e-04 0.000000000000000000e+00 1.137915339098770958e-03
2.190000000000000000e+03 8.760015652324302238e-01 9.982931269913518646e-01 1.137915339098771066e-04 6.827492034592626399e-04 2.275830678197542133e-04 6.827492034592626399e-04
2.220000000000000000e+03 8.880015866739705555e-01 9.980655439235320836e-01 2.275830678197542133e-04 4.551661356395084266e-04 3.413746017296313199e-04 9.103322712790168532e-04
2.250000000000000000e+03 9.000016081155108871e-01 9.977241693218024121e-01 1.137915339098771066e-04 6.827492034592626399e-04 2.275830678197542133e-04 1.251706873008648227e-03
2.280000000000000000e+03 9.120016295570507747e-01 9.979517523896221931e-01 1.137915339098771066e-04 7.965407373691396923e-04 2.275830678197542133e-04 9.103322712790168532e-04
2.310000000000000000e+03 9.240016509985908844e-01 9.976103777878926326e-01 0.000000000000000000e+00 6.827492034592626399e-04 2.275830678197542133e-04 1.479289940828402332e-03
2.340000000000000000e+03 9.360016724401312160e-01 9.989758761948110966e-01 1.137915339098771066e-04 4.551661356395084266e-04 0.000000000000000000e+00 4.551661356395084266e-04
2.370000000000000000e+03 9.480016938816715477e-01 9.982931269913518646e-01 1.137915339098771066e-04 6.827492034592626399e-04 0.000000000000000000e+00 9.103322712790168532e-04
2.400000000000000000e+03 9.600017153232114353e-01 9.973827947200728516e-01 2.275830678197542133e-04 3.413746017296313199e-04 4.551661356395084266e-04 1.593081474738279385e-03
2.430000000000000000e+03 9.720017367647515449e-01 9.982931269913518646e-01 0.000000000000000000e+00 3.413746017296313199e-04 1.137915339098771066e-04 1.251706873008648227e-03
2.460000000000000000e+03 9.840017582062916546e-01 9.984069185252617551e-01 0.000000000000000000e+00 5.689576695493854790e-04 1.137915339098771066e-04 9.103322712790168532e-04
2.490000000000000000e+03 9.960017796478319863e-01 9.990896677287209870e-01 1.137915339098771066e-04 2.275830678197542133e-04 0.000000000000000000e+00 5.689576695493854790e-04
