# itime ezz other fcc hcp bcc ico
0.000000000000000000e+00 0.000000000000000000e+00 5.689576695493854790e-04 9.994310423304506585e-01 0.000000000000000000e+00 0.000000000000000000e+00 0.000000000000000000e+00
3.000000000000000000e+00 1.200001868337574606e-03 5.689576695493854790e-04 9.994310423304506585e-01 0.000000000000000000e+00 0.000000000000000000e+00 0.000000000000000000e+00
6.000000000000000000e+00 2.400003736675149213e-03 3.413746017296313199e-04 9.996586253982703285e-01 0.000000000000000000e+00 0.000000000000000000e+00 0.000000000000000000e+00
9.000000000000000000e+00 3.600005605012945864e-03 1.251706873008648227e-03 9.986345015930814251e-01 0.000000000000000000e+00 1.137915339098771066e-04 0.000000000000000000e+00
1.200000000000000000e+01 4.800007473350520470e-03 1.024123805188893906e-03 9.989758761948110966e-01 0.000000000000000000e+00 0.000000000000000000e+00 0.000000000000000000e+00
1.500000000000000000e+01 6.000009341688095077e-03 1.024123805188893906e-03 9.989758761948110966e-01 0.000000000000000000e+00 0.000000000000000000e+00 0.000000000000000000e+00
1.800000000000000000e+01 7.200011210025669683e-03 9.103322712790168532e-04 9.990896677287209870e-01 0.000000000000000000e+00 0.000000000000000000e+00 0.000000000000000000e+00
2.100000000000000000e+01 8.400013078363466335e-03 9.103322712790168532e-04 9.990896677287209870e-01 0.000000000000000000e+00 0.000000000000000000e+00 0.000000000000000000e+00
2.400000000000000000e+01 9.600014946701040941e-03 5.689576695493854790e-04 9.994310423304506585e-01 0.000000000000000000e+00 0.000000000000000000e+00 0.000000000000000000e+00
2.700000000000000000e+01 1.080001681503861555e-02 1.137915339098771066e-04 9.998862084660901095e-01 0.000000000000000000e+00 0.000000000000000000e+00 0.000000000000000000e+00
3.000000000000000000e+01 1.200001868337619015e-02 3.413746017296313199e-04 9.996586253982703285e-01 0.000000000000000000e+00 0.000000000000000000e+00 0.000000000000000000e+00
3.300000000000000000e+01 1.320002055171398680e-02 1.024123805188893906e-03 9.989758761948110966e-01 0.000000000000000000e+00 0.000000000000000000e+00 0.000000000000000000e+00
3.600000000000000000e+01 1.440002242005156141e-02 1.593081474738279385e-03 9.984069185252617551e-01 0.000000000000000000e+00 0.000000000000000000e+00 0.000000000000000000e+00
3.900000000000000000e+01 1.560002428838913602e-02 1.706873008648156654e-03 9.982931269913518646e-01 0.000000000000000000e+00 0.000000000000000000e+00 0.000000000000000000e+00
4.200000000000000000e+01 1.680002615672671062e-02 1.365498406918525280e-03 9.986345015930814251e-01 0.000000000000000000e+00 0.000000000000000000e+00 0.000000000000000000e+00
4.500000000000000000e+01 1.800002802506450728e-02 2.275830678197541916e-03 9.977241693218024121e-01 0.000000000000000000e+00 0.000000000000000000e+00 0.000000000000000000e+00
4.800000000000000000e+01 1.920002989340208188e-02 2.389622212107419402e-03 9.976103777878926326e-01 0.000000000000000000e+00 0.000000000000000000e+00 0.000000000000000000e+00
5.100000000000000000e+01 2.040003176173965649e-02 2.275830678197541916e-03 9.977241693218024121e-01 0.000000000000000000e+00 0.000000000000000000e+00 0.000000000000000000e+00
5.400000000000000000e+01 2.160003363007723109e-02 2.503413746017296455e-03 9.974965862539827421e-01 0.000000000000000000e+00 0.000000000000000000e+00 0.000000000000000000e+00
5.700000000000000000e+01 2.280003549841502775e-02 3.186162949476558769e-03 9.968138370505233992e-01 0.000000000000000000e+00 0.000000000000000000e+00 0.000000000000000000e+00
6.000000000000000000e+01 2.400003736675260235e-02 1.934456076467910759e-03 9.980655439235320836e-01 0.000000000000000000e+00 0.000000000000000000e+00 0.000000000000000000e+00
6.300000000000000000e+01 2.520003923509017696e-02 1.365498406918525280e-03 9.986345015930814251e-01 0.000000000000000000e+00 0.000000000000000000e+00 0.000000000000000000e+00
6.600000000000000000e+01 2.640004110342775157e-02 2.275830678197541916e-03 9.977241693218024121e-01 0.000000000000000000e+00 0.000000000000000000e+00 0.000000000000000000e+00
6.900000000000000000e+01 2.760004297176532617e-02 2.958579881656804664e-03 9.970414201183431802e-01 0.000000000000000000e+00 0.000000000000000000e+00 0.000000000000000000e+00
7.200000000000000000e+01 2.880004484010312282e-02 4.096495220755575623e-03 9.957897132453344957e-01 0.000000000000000000e+00 1.137915339098771066e-04 0.000000000000000000e+00
7.500000000000000000e+01 3.000004670844069743e-02 4.893035958124715423e-03 9.949931725079653733e-01 0.000000000000000000e+00 1.137915339098771066e-04 0.000000000000000000e+00
7.800000000000000000e+01 3.120004857677827204e-02 5.575785161583977738e-03 9.943104233045061413e-01 0.000000000000000000e+00 1.137915339098771066e-04 0.000000000000000000e+00
8.100000000000000000e+01 3.240005044511584664e-02 4.779244424214838804e-03 9.951069640418752638e-01 0.000000000000000000e+00 1.137915339098771066e-04 0.000000000000000000e+00
8.400000000000000000e+01 3.360005231345364329e-02 4.551661356395083832e-03 9.953345471096950448e-01 0.000000000000000000e+00 1.137915339098771066e-04 0.000000000000000000e+00
8.700000000000000000e+01 3.480005418179121790e-02 4.324078288575329727e-03 9.955621301775148257e-01 0.000000000000000000e+00 1.137915339098771066e-04 0.000000000000000000e+00
9.000000000000000000e+01 3.600005605012879251e-02 5.689576695493855224e-03 9.941966317705962508e-01 0.000000000000000000e+00 1.137915339098771066e-04 0.000000000000000000e+00
9.300000000000000000e+01 3.720005791846636711e-02 5.234410559854347014e-03 9.946517979062358128e-01 0.000000000000000000e+00 1.137915339098771066e-04 0.000000000000000000e+00
9.600000000000000000e+01 3.840005978680416376e-02 6.144742831133363434e-03 9.937414656349567998e-01 0.000000000000000000e+00 1.137915339098771066e-04 0.000000000000000000e+00
9.900000000000000000e+01 3.960006165514173837e-02 7.055075102412380721e-03 9.929449248975875664e-01 0.000000000000000000e+00 0.000000000000000000e+00 0.000000000000000000e+00
1.020000000000000000e+02 4.080006352347931298e-02 7.055075102412380721e-03 9.928311333636777869e-01 0.000000000000000000e+00 1.137915339098771066e-04 0.000000000000000000e+00
1.050000000000000000e+02 4.200006539181688758e-02 5.461993627674101119e-03 9.944242148384160318e-01 0.000000000000000000e+00 1.137915339098771066e-04 0.000000000000000000e+00
1.080000000000000000e+02 4.320006726015468423e-02 5.120619025944469528e-03 9.947655894401457033e-01 0.000000000000000000e+00 1.137915339098771066e-04 0.000000000000000000e+00
1.110000000000000000e+02 4.440006912849225884e-02 5.006827492034592909e-03 9.949931725079653733e-01 0.000000000000000000e+00 0.000000000000000000e+00 0.000000000000000000e+00
1.140000000000000000e+02 4.560007099682983345e-02 4.893035958124715423e-03 9.951069640418752638e-01 0.000000000000000000e+00 0.000000000000000000e+00 0.000000000000000000e+00
1.170000000000000000e+02 4.680007286516740805e-02 5.006827492034592909e-03 9.949931725079653733e-01 0.000000000000000000e+00 0.000000000000000000e+00 0.000000000000000000e+00
1.200000000000000000e+02 4.800007473350498266e-02 6.258534365043240920e-03 9.937414656349567998e-01 0.000000000000000000e+00 0.000000000000000000e+00 0.000000000000000000e+00
1.230000000000000000e+02 4.920007660184277931e-02 7.055075102412380721e-03 9.929449248975875664e-01 0.000000000000000000e+00 0.000000000000000000e+00 0.000000000000000000e+00
1.260000000000000000e+02 5.040007847018035392e-02 8.420573509330906217e-03 9.913518434228493215e-01 0.000000000000000000e+00 2.275830678197542133e-04 0.000000000000000000e+00
1.290000000000000000e+02 5.160008033851792852e-02 8.648156577150659455e-03 9.912380518889394310e-01 0.000000000000000000e+00 1.137915339098771066e-04 0.000000000000000000e+00
1.320000000000000000e+02 5.280008220685550313e-02 1.058261265361857065e-02 9.894173873463814051e-01 0.000000000000000000e+00 0.000000000000000000e+00 0.000000000000000000e+00
1.350000000000000000e+02 5.400008407519329978e-02 1.081019572143832562e-02 9.889622212107419541e-01 0.000000000000000000e+00 2.275830678197542133e-04 0.000000000000000000e+00
1.380000000000000000e+02 5.520008594353087439e-02 9.558488848429677609e-03 9.901001365498406370e-01 0.000000000000000000e+00 3.413746017296313199e-04 0.000000000000000000e+00
1.410000000000000000e+02 5.640008781186844899e-02 1.149294492489758707e-02 9.882794720072826111e-01 0.000000000000000000e+00 2.275830678197542133e-04 0.000000000000000000e+00
1.440000000000000000e+02 5.760008968020602360e-02 1.228948566226672687e-02 9.873691397360035982e-01 0.000000000000000000e+00 3.413746017296313199e-04 0.000000000000000000e+00
1.470000000000000000e+02 5.880009154854382025e-02 1.297223486572599005e-02 9.866863905325443662e-01 0.000000000000000000e+00 3.413746017296313199e-04 0.000000000000000000e+00
1.500000000000000000e+02 6.000009341688139486e-02 1.684114701866181243e-02 9.827036868456986429e-01 0.000000000000000000e+00 4.551661356395084266e-04 0.000000000000000000e+00
1.530000000000000000e+02 6.120009528521896947e-02 2.036868456986800149e-02 9.791761492944924816e-01 0.000000000000000000e+00 4.551661356395084266e-04 0.000000000000000000e+00
1.560000000000000000e+02 6.240009715355654407e-02 2.537551206190259354e-02 9.741693218024578549e-01 0.000000000000000000e+00 4.551661356395084266e-04 0.000000000000000000e+00
1.590000000000000000e+02 6.360009902189434072e-02 2.674101046882111990e-02 9.726900318616295005e-01 0.000000000000000000e+00 5.689576695493854790e-04 0.000000000000000000e+00
1.620000000000000000e+02 6.480010089023191533e-02 2.651342740100136666e-02 9.728038233955393910e-01 0.000000000000000000e+00 6.827492034592626399e-04 0.000000000000000000e+00
1.650000000000000000e+02 6.600010275856948994e-02 2.958579881656804578e-02 9.698452435138825711e-01 0.000000000000000000e+00 5.689576695493854790e-04 0.000000000000000000e+00
1.680000000000000000e+02 6.720010462690706454e-02 3.095129722348657214e-02 9.679107874374146547e-01 0.000000000000000000e+00 1.137915339098770958e-03 0.000000000000000000e+00
1.710000000000000000e+02 6.840010649524486119e-02 3.425125170687300796e-02 9.648384160218479444e-01 0.000000000000000000e+00 9.103322712790168532e-04 0.000000000000000000e+00
1.740000000000000000e+02 6.960010836358243580e-02 3.595812471552116418e-02 9.623350022758306865e-01 0.000000000000000000e+00 1.706873008648156654e-03 0.000000000000000000e+00
1.770000000000000000e+02 7.080011023192001041e-02 3.743741465634956717e-02 9.609695038689121116e-01 0.000000000000000000e+00 1.593081474738279385e-03 0.000000000000000000e+00
1.800000000000000000e+02 7.200011210025758501e-02 4.016841147018661989e-02 9.578971324533455123e-01 0.000000000000000000e+00 1.934456076467910759e-03 0.000000000000000000e+00
1.830000000000000000e+02 7.320011396859515962e-02 3.982703686845699004e-02 9.578971324533455123e-01 0.000000000000000000e+00 2.275830678197541916e-03 0.000000000000000000e+00
1.860000000000000000e+02 7.440011583693295627e-02 4.119253527537550946e-02 9.565316340464269373e-01 0.000000000000000000e+00 2.275830678197541916e-03 0.000000000000000000e+00
1.890000000000000000e+02 7.560011770527053088e-02 4.187528447883477611e-02 9.550523441055985829e-01 0.000000000000000000e+00 3.072371415566681717e-03 0.000000000000000000e+00
1.920000000000000000e+02 7.680011957360810548e-02 4.187528447883477611e-02 9.548247610377788019e-01 0.000000000000000000e+00 3.299954483386436255e-03 0.000000000000000000e+00
1.950000000000000000e+02 7.800012144194568009e-02 4.312699135184342586e-02 9.541420118343195700e-01 0.000000000000000000e+00 2.730996813837050560e-03 0.000000000000000000e+00
1.980000000000000000e+02 7.920012331028347674e-02 4.710969503868912139e-02 9.502730996813837372e-01 0.000000000000000000e+00 2.617205279927173507e-03 0.000000000000000000e+00
2.010000000000000000e+02 8.040012517862105135e-02 5.405097860719162289e-02 9.429904415111515226e-01 0.000000000000000000e+00 2.958579881656804664e-03 0.000000000000000000e+00
2.040000000000000000e+02 8.160012704695862595e-02 5.609922621756941591e-02 9.403732362312243742e-01 0.000000000000000000e+00 3.527537551206190360e-03 0.000000000000000000e+00
2.070000000000000000e+02 8.280012891529620056e-02 6.315430131998178709e-02 9.340009103322712836e-01 0.000000000000000000e+00 2.844788347746927612e-03 0.000000000000000000e+00
2.100000000000000000e+02 8.400013078363399721e-02 6.770596267637687959e-02 9.292216659080564378e-01 0.000000000000000000e+00 3.072371415566681717e-03 0.000000000000000000e+00
2.130000000000000000e+02 8.520013265197157182e-02 6.838871187983613931e-02 9.279699590350477534e-01 0.000000000000000000e+00 3.641329085116067413e-03 0.000000000000000000e+00
2.160000000000000000e+02 8.640013452030914642e-02 7.316795630405098505e-02 9.221665908056441152e-01 0.000000000000000000e+00 4.665452890304961318e-03 0.000000000000000000e+00
2.190000000000000000e+02 8.760013638864672103e-02 7.771961766044606368e-02 9.168183887118798170e-01 0.000000000000000000e+00 5.461993627674101119e-03 0.000000000000000000e+00
2.220000000000000000e+02 8.880013825698451768e-02 8.466090122894856518e-02 9.102184797451069453e-01 0.000000000000000000e+00 5.120619025944469528e-03 0.000000000000000000e+00
2.250000000000000000e+02 9.000014012532209229e-02 9.421939007737824279e-02 9.003186162949476934e-01 0.000000000000000000e+00 5.461993627674101119e-03 0.000000000000000000e+00
2.280000000000000000e+02 9.120014199365966689e-02 1.022985889849795244e-01 8.922394173873463563e-01 0.000000000000000000e+00 5.461993627674101119e-03 0.000000000000000000e+00
2.310000000000000000e+02 9.240014386199724150e-02 1.111743286299499284e-01 8.831360946745562268e-01 0.000000000000000000e+00 5.689576695493855224e-03 0.000000000000000000e+00
2.340000000000000000e+02 9.360014573033481611e-02 1.132225762403277214e-01 8.785844333181611621e-01 0.000000000000000000e+00 8.192990441511151245e-03 0.000000000000000000e+00
2.370000000000000000e+02 9.480014759867261276e-02 1.236913973600364119e-01 8.691397360036413611e-01 0.000000000000000000e+00 7.168866636322257339e-03 0.000000000000000000e+00
2.400000000000000000e+02 9.600014946701018737e-02 1.345015930814747462e-01 8.542330450614474824e-01 0.000000000000000000e+00 1.126536185707783383e-02 0.000000000000000000e+00
2.430000000000000000e+02 9.720015133534776197e-02 1.457669549385525731e-01 8.430814747382794350e-01 0.000000000000000000e+00 1.115157032316795548e-02 0.000000000000000000e+00
2.460000000000000000e+02 9.840015320368533658e-02 1.531634046426945950e-01 8.344333181611288675e-01 0.000000000000000000e+00 1.240327719617660522e-02 0.000000000000000000e+00
2.490000000000000000e+02 9.960015507202313323e-02 1.604460628129267263e-01 8.276058261265362148e-01 0.000000000000000000e+00 1.194811106053709528e-02 0.000000000000000000e+00
2.520000000000000000e+02 1.008001569403607078e-01 1.682976786527082269e-01 8.207783340919435622e-01 0.000000000000000000e+00 1.092398725534820224e-02 0.000000000000000000e+00
2.550000000000000000e+02 1.020001588086982824e-01 1.739872553482020856e-01 8.152025489303595940e-01 0.000000000000000000e+00 1.081019572143832562e-02 0.000000000000000000e+00
2.580000000000000000e+02 1.032001606770358570e-01 1.797906235776058348e-01 8.068957669549385869e-01 0.000000000000000000e+00 1.331360946745562164e-02 0.000000000000000000e+00
2.610000000000000000e+02 1.044001625453736537e-01 1.939007737824305910e-01 7.935821574874829532e-01 0.000000000000000000e+00 1.251706873008648184e-02 0.000000000000000000e+00
2.640000000000000000e+02 1.056001644137112283e-01 2.068730086481565811e-01 7.789030496131087444e-01 0.000000000000000000e+00 1.422394173873463806e-02 0.000000000000000000e+00
2.670000000000000000e+02 1.068001662820488029e-01 2.247382794720072796e-01 7.613791533909877174e-01 0.000000000000000000e+00 1.388256713700500647e-02 0.000000000000000000e+00
2.700000000000000000e+02 1.080001681503863775e-01 2.390760127446517891e-01 7.457897132453344957e-01 0.000000000000000000e+00 1.513427401001365448e-02 0.000000000000000000e+00
2.730000000000000000e+02 1.092001700187241742e-01 2.546654528903049552e-01 7.276968593536641272e-01 0.000000000000000000e+00 1.763768775603095224e-02 0.000000000000000000e+00
2.760000000000000000e+02 1.104001718870617488e-01 2.677514792899408080e-01 7.122212107419207960e-01 0.000000000000000000e+00 2.002730996813837164e-02 0.000000000000000000e+00
2.790000000000000000e+02 1.116001737553993234e-01 2.744651797906235702e-01 7.030040964952207760e-01 0.000000000000000000e+00 2.253072371415566766e-02 0.000000000000000000e+00
2.820000000000000000e+02 1.128001756237368980e-01 2.828857532999544677e-01 6.927628584433318526e-01 0.000000000000000000e+00 2.435138825671370050e-02 0.000000000000000000e+00
2.850000000000000000e+02 1.140001774920746946e-01 2.984751934456076339e-01 6.766044606281292895e-01 0.000000000000000000e+00 2.492034592626308706e-02 0.000000000000000000e+00
2.880000000000000000e+02 1.152001793604122692e-01 3.142922166590805810e-01 6.593081474738279324e-01 0.000000000000000000e+00 2.639963586709149004e-02 0.000000000000000000e+00
2.910000000000000000e+02 1.164001812287498439e-01 3.331816112881201830e-01 6.407601274465180019e-01 1.137915339098771066e-04 2.594446973145198010e-02 0.000000000000000000e+00
2.940000000000000000e+02 1.176001830970874185e-01 3.459262630860264198e-01 6.248293126991352198e-01 1.137915339098771066e-04 2.913063268092853930e-02 0.000000000000000000e+00
2.970000000000000000e+02 1.188001849654249931e-01 3.599226217569412856e-01 6.068502503413746307e-01 3.413746017296313199e-04 3.288575329995448160e-02 0.000000000000000000e+00
3.000000000000000000e+02 1.200001868337627897e-01 3.741465634956759323e-01 5.918297678652708615e-01 3.413746017296313199e-04 3.368229403732362487e-02 0.000000000000000000e+00
3.030000000000000000e+02 1.212001887021003643e-01 3.906463359126081114e-01 5.754437869822485174e-01 4.551661356395084266e-04 3.345471096950387163e-02 0.000000000000000000e+00
3.060000000000000000e+02 1.224001905704379389e-01 4.048702776513427581e-01 5.570095584888484774e-01 5.689576695493854790e-04 3.755120619025944378e-02 0.000000000000000000e+00
3.090000000000000000e+02 1.236001924387755135e-01 4.167045971779699820e-01 5.425580336822940497e-01 3.413746017296313199e-04 4.039599453800637313e-02 0.000000000000000000e+00
3.120000000000000000e+02 1.248001943071133102e-01 4.326354119253527641e-01 5.204824761037778469e-01 4.551661356395084266e-04 4.642694583522986168e-02 0.000000000000000000e+00
3.150000000000000000e+02 1.260001961754508848e-01 4.454938552571688914e-01 5.038689121529358328e-01 4.551661356395084266e-04 5.018206645425580398e-02 0.000000000000000000e+00
3.180000000000000000e+02 1.272001980437884594e-01 4.614246700045516736e-01 4.862312243969048597e-01 3.413746017296313199e-04 5.200273099681383682e-02 0.000000000000000000e+00
3.210000000000000000e+02 1.284001999121260340e-01 4.782658170232134687e-01 4.665452890304961353e-01 5.689576695493854790e-04 5.461993627674101293e-02 0.000000000000000000e+00
3.240000000000000000e+02 1.296002017804638307e-01 4.939690487027765253e-01 4.445835229858898230e-01 9.103322712790168532e-04 6.053709604005461792e-02 0.000000000000000000e+00
3.270000000000000000e+02 1.308002036488014053e-01 5.101274465179790329e-01 4.260355029585798925e-01 9.103322712790168532e-04 6.292671825216203385e-02 0.000000000000000000e+00
3.300000000000000000e+02 1.320002055171389799e-01 5.237824305871643382e-01 4.103322712790168358e-01 7.965407373691396923e-04 6.508875739644970349e-02 0.000000000000000000e+00
3.330000000000000000e+02 1.332002073854765545e-01 5.376649977241693135e-01 3.934911242603550408e-01 1.024123805188893906e-03 6.781975421028675621e-02 0.000000000000000000e+00
3.360000000000000000e+02 1.344002092538143511e-01 5.475648611743286764e-01 3.750568957669549452e-01 1.934456076467910759e-03 7.544378698224851743e-02 0.000000000000000000e+00
3.390000000000000000e+02 1.356002111221519257e-01 5.597405553026855163e-01 3.603777878925807920e-01 2.162039144287664864e-03 7.771961766044606368e-02 0.000000000000000000e+00
3.420000000000000000e+02 1.368002129904895003e-01 5.722576240327719166e-01 3.420573509330905870e-01 2.048247610377787811e-03 8.363677742375967561e-02 0.000000000000000000e+00
3.450000000000000000e+02 1.380002148588270749e-01 5.818161128812016081e-01 3.256713700500682984e-01 2.503413746017296455e-03 9.000910332271279402e-02 0.000000000000000000e+00
3.480000000000000000e+02 1.392002167271648716e-01 5.984296768320437332e-01 3.041647701411014926e-01 3.641329085116067413e-03 9.376422394173873631e-02 0.000000000000000000e+00
3.510000000000000000e+02 1.404002185955024462e-01 6.106053709604005730e-01 2.876649977241693135e-01 3.868912152935821518e-03 9.786071916249430847e-02 0.000000000000000000e+00
3.540000000000000000e+02 1.416002204638400208e-01 6.260810195721437932e-01 2.694583522985889990e-01 3.868912152935821518e-03 1.005917159763313612e-01 0.000000000000000000e+00
3.570000000000000000e+02 1.428002223321775954e-01 6.305188893946290785e-01 2.595584888484296915e-01 3.982703686845699004e-03 1.059399180700955900e-01 0.000000000000000000e+00
3.600000000000000000e+02 1.440002242005151700e-01 6.428083750568958088e-01 2.447655894401456478e-01 4.324078288575329727e-03 1.081019572143832458e-01 0.000000000000000000e+00
3.630000000000000000e+02 1.452002260688529667e-01 6.486117432862994470e-01 2.298588984979517413e-01 5.803368229403732710e-03 1.157259899863450209e-01 0.000000000000000000e+00
3.660000000000000000e+02 1.464002279371905413e-01 6.531634046426946227e-01 2.203004096495220776e-01 6.030951297223486815e-03 1.205052344105598527e-01 0.000000000000000000e+00
3.690000000000000000e+02 1.476002298055281159e-01 6.574874829312699065e-01 2.101729631315430169e-01 6.486117432862995025e-03 1.258534365043240677e-01 0.000000000000000000e+00
3.720000000000000000e+02 1.488002316738656905e-01 6.675011379153390489e-01 1.957214383249886169e-01 8.079198907601274626e-03 1.286982248520709970e-01 0.000000000000000000e+00
3.750000000000000000e+02 1.500002335422034871e-01 6.721665908056441152e-01 1.849112426035502965e-01 8.761948111060537808e-03 1.341602184797451025e-01 0.000000000000000000e+00
3.780000000000000000e+02 1.512002354105410618e-01 6.785389167045972059e-01 1.752389622212107423e-01 9.672280382339554228e-03 1.365498406918525254e-01 0.000000000000000000e+00
3.810000000000000000e+02 1.524002372788786364e-01 6.863905325443786509e-01 1.636322257624032717e-01 1.081019572143832562e-02 1.391670459717797015e-01 0.000000000000000000e+00
3.840000000000000000e+02 1.536002391472162110e-01 6.965179790623577949e-01 1.507737824305871721e-01 1.092398725534820224e-02 1.417842512517068776e-01 0.000000000000000000e+00
3.870000000000000000e+02 1.548002410155540076e-01 7.034592626308602270e-01 1.401911697769686049e-01 1.228948566226672687e-02 1.440600819299044100e-01 0.000000000000000000e+00
3.900000000000000000e+02 1.560002428838915822e-01 7.108557123350022211e-01 1.315430131998179264e-01 1.263086026399635846e-02 1.449704142011834229e-01 0.000000000000000000e+00
3.930000000000000000e+02 1.572002447522291568e-01 7.203004096495220221e-01 1.214155666818388657e-01 1.240327719617660522e-02 1.458807464724624359e-01 0.000000000000000000e+00
3.960000000000000000e+02 1.584002466205667314e-01 7.264451524806554428e-01 1.119708693673190647e-01 1.411015020482476144e-02 1.474738279472007363e-01 0.000000000000000000e+00
3.990000000000000000e+02 1.596002484889045281e-01 7.313381884387801790e-01 1.051433773327264398e-01 1.547564861174328607e-02 1.480427856167501055e-01 0.000000000000000000e+00
4.020000000000000000e+02 1.608002503572421027e-01 7.331588529813382049e-01 9.956759217114247162e-02 1.672735548475193582e-02 1.505461993627674189e-01 0.000000000000000000e+00
4.050000000000000000e+02 1.620002522255796773e-01 7.370277651342740377e-01 9.376422394173873631e-02 1.752389622212107562e-02 1.516841147018661851e-01 0.000000000000000000e+00
4.080000000000000000e+02 1.632002540939172519e-01 7.394173873463814051e-01 8.932635411925353430e-02 1.843422849340009204e-02 1.528220300409649512e-01 0.000000000000000000e+00
4.110000000000000000e+02 1.644002559622548265e-01 7.424897587619481154e-01 8.386436049157942885e-02 2.048247610377787811e-02 1.531634046426945950e-01 0.000000000000000000e+00
4.140000000000000000e+02 1.656002578305926232e-01 7.423759672280382249e-01 7.976786527082385669e-02 2.150659990896677115e-02 1.563495675921711403e-01 0.000000000000000000e+00
4.170000000000000000e+02 1.668002596989301978e-01 7.448793809740554828e-01 7.476103777878925771e-02 2.218934911242603433e-02 1.581702321347291662e-01 0.000000000000000000e+00
4.200000000000000000e+02 1.680002615672677724e-01 7.509103322712790130e-01 7.043695949021393232e-02 2.127901684114701791e-02 1.573736913973600438e-01 0.000000000000000000e+00
4.230000000000000000e+02 1.692002634356053470e-01 7.551206190259445172e-01 6.543013199817933334e-02 2.048247610377787811e-02 1.589667728720983164e-01 0.000000000000000000e+00
4.260000000000000000e+02 1.704002653039431436e-01 7.581929904415111166e-01 6.144742831133363781e-02 2.173418297678652786e-02 1.586253982703686727e-01 0.000000000000000000e+00
4.290000000000000000e+02 1.716002671722807182e-01 7.602412380518889234e-01 6.030951297223486468e-02 2.287209831588529751e-02 1.565771506599908935e-01 0.000000000000000000e+00
4.320000000000000000e+02 1.728002690406182928e-01 7.617205279927173889e-01 5.905780609922621494e-02 2.423759672280382388e-02 1.549840691852526209e-01 0.000000000000000000e+00
4.350000000000000000e+02 1.740002709089558675e-01 7.644515248065544277e-01 5.370960400546199304e-02 2.514792899408284030e-02 1.566909421939007840e-01 0.000000000000000000e+00
4.380000000000000000e+02 1.752002727772936641e-01 7.678652708238506985e-01 5.154756486117433034e-02 2.469276285844333035e-02 1.558944014565316338e-01 0.000000000000000000e+00
4.410000000000000000e+02 1.764002746456312387e-01 7.705962676376877374e-01 5.040964952207555722e-02 2.560309512972235024e-02 1.533909877105143482e-01 0.000000000000000000e+00
4.440000000000000000e+02 1.776002765139688133e-01 7.760582612653618151e-01 4.870277651342740100e-02 2.594446973145198010e-02 1.492944924897587622e-01 0.000000000000000000e+00
4.470000000000000000e+02 1.788002783823063879e-01 7.779927173418297315e-01 4.790623577605826466e-02 2.560309512972235024e-02 1.484979517523896120e-01 0.000000000000000000e+00
4.500000000000000000e+02 1.800002802506441846e-01 7.823167956304051263e-01 4.415111515703231543e-02 2.514792899408284030e-02 1.483841602184797492e-01 0.000000000000000000e+00
4.530000000000000000e+02 1.812002821189817592e-01 7.815202548930360038e-01 4.267182521620391245e-02 2.526172052799271692e-02 1.505461993627674189e-01 0.000000000000000000e+00
4.560000000000000000e+02 1.824002839873193338e-01 7.828857532999544677e-01 4.016841147018661989e-02 2.548930359581247015e-02 1.514565316340464318e-01 0.000000000000000000e+00
4.590000000000000000e+02 1.836002858556569084e-01 7.849340009103322746e-01 3.812016385980882688e-02 2.548930359581247015e-02 1.514565316340464318e-01 0.000000000000000000e+00
4.620000000000000000e+02 1.848002877239947050e-01 7.873236231224396420e-01 3.812016385980882688e-02 2.719617660446062984e-02 1.473600364132908458e-01 0.000000000000000000e+00
4.650000000000000000e+02 1.860002895923322797e-01 7.921028675466544877e-01 3.618570778334091742e-02 2.765134274010013632e-02 1.440600819299044100e-01 0.000000000000000000e+00
4.680000000000000000e+02 1.872002914606698543e-01 7.968821119708693335e-01 3.732362312243969055e-02 2.844788347746927612e-02 1.373463814292216756e-01 0.000000000000000000e+00
4.710000000000000000e+02 1.884002933290074289e-01 8.039371870732817671e-01 3.607191624943104080e-02 2.730996813837050646e-02 1.326809285389166926e-01 0.000000000000000000e+00
4.740000000000000000e+02 1.896002951973450035e-01 8.055302685480200120e-01 3.573054164770141095e-02 2.617205279927173334e-02 1.325671370050068298e-01 0.000000000000000000e+00
4.770000000000000000e+02 1.908002970656828001e-01 8.041647701411015481e-01 3.584433318161128756e-02 2.560309512972235024e-02 1.343878015475648557e-01 0.000000000000000000e+00
4.800000000000000000e+02 1.920002989340203747e-01 8.066681838871188059e-01 3.652708238507055422e-02 2.571688666363222686e-02 1.310878470641784199e-01 0.000000000000000000e+00
4.830000000000000000e+02 1.932003008023579493e-01 8.115612198452435422e-01 3.425125170687300796e-02 2.662721893491124328e-02 1.275603095129722309e-01 0.000000000000000000e+00
4.860000000000000000e+02 1.944003026706955239e-01 8.149749658625398130e-01 3.459262630860263782e-02 2.685480200273099652e-02 1.235776058261265353e-01 0.000000000000000000e+00
4.890000000000000000e+02 1.956003045390333206e-01 8.183887118798361948e-01 3.413746017296313134e-02 2.651342740100136666e-02 1.209604005461993592e-01 0.000000000000000000e+00
4.920000000000000000e+02 1.968003064073708952e-01 8.199817933545744397e-01 3.254437869822485174e-02 2.639963586709149004e-02 1.210741920801092358e-01 0.000000000000000000e+00
4.950000000000000000e+02 1.980003082757084698e-01 8.244196631770596140e-01 3.060992262175694228e-02 2.719617660446062984e-02 1.177742375967228000e-01 0.000000000000000000e+00
4.980000000000000000e+02 1.992003101440460444e-01 8.273782430587164338e-01 3.060992262175694228e-02 2.605826126536185672e-02 1.159535730541647741e-01 0.000000000000000000e+00
5.010000000000000000e+02 2.004003120123838411e-01 8.270368684569867623e-01 2.992717341829767910e-02 2.787892580791988956e-02 1.151570323167956239e-01 0.000000000000000000e+00
5.040000000000000000e+02 2.016003138807214157e-01 8.319299044151114986e-01 2.878925807919890598e-02 2.844788347746927612e-02 1.108329540282202985e-01 0.000000000000000000e+00
5.070000000000000000e+02 2.028003157490589903e-01 8.337505689576695245e-01 2.913063268092853930e-02 2.844788347746927612e-02 1.086709148839326289e-01 0.000000000000000000e+00
5.100000000000000000e+02 2.040003176173965649e-01 8.369367319071461253e-01 2.753755120619025970e-02 2.992717341829767910e-02 1.055985434683659602e-01 0.000000000000000000e+00
5.130000000000000000e+02 2.052003194857343615e-01 8.403504779244423961e-01 2.810650887573964626e-02 3.038233955393718558e-02 1.011606736458807443e-01 0.000000000000000000e+00
5.160000000000000000e+02 2.064003213540719361e-01 8.419435593991807520e-01 2.844788347746927612e-02 3.095129722348657214e-02 9.865725989986344480e-02 0.000000000000000000e+00
5.190000000000000000e+02 2.076003232224095107e-01 8.445607646791079004e-01 2.765134274010013632e-02 3.231679563040509851e-02 9.547109695038688559e-02 0.000000000000000000e+00
5.220000000000000000e+02 2.088003250907470854e-01 8.478607191624942807e-01 2.662721893491124328e-02 3.208921256258534527e-02 9.342284934000910646e-02 0.000000000000000000e+00
5.250000000000000000e+02 2.100003269590846600e-01 8.534365043240782489e-01 2.583067819754210348e-02 3.243058716431497512e-02 8.830223031406463086e-02 0.000000000000000000e+00
5.280000000000000000e+02 2.112003288274224566e-01 8.566226672735548497e-01 2.742375967228038308e-02 3.288575329995448160e-02 8.306781975421029252e-02 0.000000000000000000e+00
5.310000000000000000e+02 2.124003306957600312e-01 8.602639963586709015e-01 2.730996813837050646e-02 3.015475648611743234e-02 8.227127901684114231e-02 0.000000000000000000e+00
5.340000000000000000e+02 2.136003325640976058e-01 8.595812471552116696e-01 2.708238507055074976e-02 3.311333636777423484e-02 8.022303140646336317e-02 0.000000000000000000e+00
5.370000000000000000e+02 2.148003344324351804e-01 8.666363222576239922e-01 2.617205279927173334e-02 3.106508875739644876e-02 7.612653618570777714e-02 0.000000000000000000e+00
5.400000000000000000e+02 2.160003363007729771e-01 8.681156121984524576e-01 2.685480200273099652e-02 3.197542102867546865e-02 7.305416477014110843e-02 0.000000000000000000e+00
5.430000000000000000e+02 2.172003381691105517e-01 8.705052344105598250e-01 2.526172052799271692e-02 3.322712790168411146e-02 7.100591715976331542e-02 0.000000000000000000e+00
5.460000000000000000e+02 2.184003400374481263e-01 8.713017751479289474e-01 2.435138825671370050e-02 3.402366863905325473e-02 7.032316795630405570e-02 0.000000000000000000e+00
5.490000000000000000e+02 2.196003419057857009e-01 8.773327264451524776e-01 2.378243058716431393e-02 3.379608557123350149e-02 6.508875739644970349e-02 0.000000000000000000e+00
5.520000000000000000e+02 2.208003437741234976e-01 8.781292671825216001e-01 2.435138825671370050e-02 3.493400091033227461e-02 6.258534365043240399e-02 0.000000000000000000e+00
5.550000000000000000e+02 2.220003456424610722e-01 8.801775147928994070e-01 2.457897132453345374e-02 3.390987710514337811e-02 6.133363677742376119e-02 0.000000000000000000e+00
5.580000000000000000e+02 2.232003475107986468e-01 8.831360946745562268e-01 2.480655439235321044e-02 3.299954483386435822e-02 5.905780609922621494e-02 0.000000000000000000e+00
5.610000000000000000e+02 2.244003493791362214e-01 8.845015930814746907e-01 2.480655439235321044e-02 3.254437869822485174e-02 5.814747382794720199e-02 0.000000000000000000e+00
5.640000000000000000e+02 2.256003512474740180e-01 8.830223031406463363e-01 2.514792899408284030e-02 3.299954483386435822e-02 5.883022303140646170e-02 0.000000000000000000e+00
5.670000000000000000e+02 2.268003531158115926e-01 8.866636322257623881e-01 2.594446973145198010e-02 3.243058716431497512e-02 5.496131087847064278e-02 0.000000000000000000e+00
5.700000000000000000e+02 2.280003549841491672e-01 8.884842967683204140e-01 2.594446973145198010e-02 3.288575329995448160e-02 5.268548020027309653e-02 0.000000000000000000e+00
5.730000000000000000e+02 2.292003568524867418e-01 8.892808375056895365e-01 2.617205279927173334e-02 3.243058716431497512e-02 5.211652253072371344e-02 0.000000000000000000e+00
5.760000000000000000e+02 2.304003587208245385e-01 8.920118343195265753e-01 2.560309512972235024e-02 3.152025489303595523e-02 5.086481565771506369e-02 0.000000000000000000e+00
5.790000000000000000e+02 2.316003605891621131e-01 8.907601274465180019e-01 2.526172052799271692e-02 3.368229403732362487e-02 5.029585798816568060e-02 0.000000000000000000e+00
5.820000000000000000e+02 2.328003624574996877e-01 8.939462903959944917e-01 2.480655439235321044e-02 3.288575329995448160e-02 4.836140191169777114e-02 0.000000000000000000e+00
5.850000000000000000e+02 2.340003643258372623e-01 8.956531634046427381e-01 2.332726445152480746e-02 3.254437869822485174e-02 4.847519344560764776e-02 0.000000000000000000e+00
5.880000000000000000e+02 2.352003661941748369e-01 8.966772872098316416e-01 2.287209831588529751e-02 3.356850250341374825e-02 4.688211197086936816e-02 0.000000000000000000e+00
5.910000000000000000e+02 2.364003680625126336e-01 8.950842057350932857e-01 2.344105598543468408e-02 3.368229403732362487e-02 4.779244424214838111e-02 0.000000000000000000e+00
5.940000000000000000e+02 2.376003699308502082e-01 8.991807009558488994e-01 2.309968138370505075e-02 3.390987710514337811e-02 4.380974055530268557e-02 0.000000000000000000e+00
5.970000000000000000e+02 2.388003717991877828e-01 8.996358670914883504e-01 2.423759672280382388e-02 3.299954483386435822e-02 4.312699135184342586e-02 0.000000000000000000e+00
6.000000000000000000e+02 2.400003736675253574e-01 8.959945380063722986e-01 2.571688666363222686e-02 3.390987710514337811e-02 4.437869822485206867e-02 0.000000000000000000e+00
6.030000000000000000e+02 2.412003755358631540e-01 8.956531634046427381e-01 2.571688666363222686e-02 3.379608557123350149e-02 4.483386436049158208e-02 0.000000000000000000e+00
6.060000000000000000e+02 2.424003774042007286e-01 8.971324533454710926e-01 2.526172052799271692e-02 3.516158397815202785e-02 4.244424214838415921e-02 0.000000000000000000e+00
6.090000000000000000e+02 2.436003792725383033e-01 9.029358215748748417e-01 2.389622212107419055e-02 3.334091943559399501e-02 3.982703686845699004e-02 0.000000000000000000e+00
6.120000000000000000e+02 2.448003811408758779e-01 9.047564861174328676e-01 2.412380518889394726e-02 3.311333636777423484e-02 3.800637232589895026e-02 0.000000000000000000e+00
6.150000000000000000e+02 2.460003830092136745e-01 9.098771051433773849e-01 2.366863905325443732e-02 3.095129722348657214e-02 3.550295857988165771e-02 0.000000000000000000e+00
6.180000000000000000e+02 2.472003848775512491e-01 9.122667273554847522e-01 2.457897132453345374e-02 3.060992262175694228e-02 3.254437869822485174e-02 0.000000000000000000e+00
6.210000000000000000e+02 2.484003867458888237e-01 9.109012289485661773e-01 2.401001365498407064e-02 3.220300409649522189e-02 3.288575329995448160e-02 0.000000000000000000e+00
6.240000000000000000e+02 2.496003886142263983e-01 9.113563950842057393e-01 2.298588984979517413e-02 3.163404642694583185e-02 3.402366863905325473e-02 0.000000000000000000e+00
6.270000000000000000e+02 2.508003904825641950e-01 9.104460628129267263e-01 2.321347291761493084e-02 3.163404642694583185e-02 3.459262630860263782e-02 1.137915339098771066e-04
6.300000000000000000e+02 2.520003923509017696e-01 9.111288120163859583e-01 2.355484751934456070e-02 3.152025489303595523e-02 3.368229403732362487e-02 1.137915339098771066e-04
6.330000000000000000e+02 2.532003942192393442e-01 9.127218934911243142e-01 2.264451524806554428e-02 3.049613108784706567e-02 3.402366863905325473e-02 1.137915339098771066e-04
6.360000000000000000e+02 2.544003960875769188e-01 9.119253527537550807e-01 2.230314064633591095e-02 3.208921256258534527e-02 3.368229403732362487e-02 0.000000000000000000e+00
6.390000000000000000e+02 2.556003979559147155e-01 9.131770596267637652e-01 2.082385070550751144e-02 3.152025489303595523e-02 3.447883477469276120e-02 0.000000000000000000e+00
6.420000000000000000e+02 2.568003998242522901e-01 9.124943104233045332e-01 1.957214383249886169e-02 3.106508875739644876e-02 3.675466545289030745e-02 1.137915339098771066e-04
6.450000000000000000e+02 2.580004016925898647e-01 9.142011834319526686e-01 1.945835229858898507e-02 3.083750568957669552e-02 3.538916704597178109e-02 1.137915339098771066e-04
6.480000000000000000e+02 2.592004035609274393e-01 9.155666818388711325e-01 1.888939462903959851e-02 3.072371415566681890e-02 3.470641784251251444e-02 1.137915339098771066e-04
6.510000000000000000e+02 2.604004054292650139e-01 9.188666363222576239e-01 1.809285389167045871e-02 2.935821574874829254e-02 3.356850250341374825e-02 1.137915339098771066e-04
6.540000000000000000e+02 2.616004072976028105e-01 9.198907601274465273e-01 1.877560309512972189e-02 2.901684114701866268e-02 3.220300409649522189e-02 1.137915339098771066e-04
6.570000000000000000e+02 2.628004091659403851e-01 9.236458807464724696e-01 1.672735548475193582e-02 2.810650887573964626e-02 3.140646335912607862e-02 1.137915339098771066e-04
6.600000000000000000e+02 2.640004110342779597e-01 9.247837960855712636e-01 1.695493855257168905e-02 2.765134274010013632e-02 3.049613108784706567e-02 1.137915339098771066e-04
6.630000000000000000e+02 2.652004129026155343e-01 9.280837505689576439e-01 1.661356395084205573e-02 2.730996813837050646e-02 2.799271734182976618e-02 0.000000000000000000e+00
6.660000000000000000e+02 2.664004147709533310e-01 9.299044151115156698e-01 1.684114701866181243e-02 2.674101046882111990e-02 2.651342740100136666e-02 0.000000000000000000e+00
6.690000000000000000e+02 2.676004166392909056e-01 9.313837050523441352e-01 1.684114701866181243e-02 2.628584433318160996e-02 2.548930359581247015e-02 0.000000000000000000e+00
6.720000000000000000e+02 2.688004185076284802e-01 9.319526627218934767e-01 1.649977241693217911e-02 2.651342740100136666e-02 2.503413746017296368e-02 0.000000000000000000e+00
6.750000000000000000e+02 2.700004203759660548e-01 9.320664542558033672e-01 1.672735548475193582e-02 2.571688666363222686e-02 2.537551206190259354e-02 1.137915339098771066e-04
6.780000000000000000e+02 2.712004222443038515e-01 9.328629949931724896e-01 1.741010468821119553e-02 2.503413746017296368e-02 2.469276285844333035e-02 0.000000000000000000e+00
6.810000000000000000e+02 2.724004241126414261e-01 9.350250341374601870e-01 1.604460628129267263e-02 2.457897132453345374e-02 2.435138825671370050e-02 0.000000000000000000e+00
