# itime ezz other fcc hcp bcc ico
0.000000000000000000e+00 0.000000000000000000e+00 3.413746017296313199e-04 9.996586253982703285e-01 0.000000000000000000e+00 0.000000000000000000e+00 0.000000000000000000e+00
2.500000000000000000e+02 1.000052943816553963e-03 5.689576695493854790e-04 9.994310423304506585e-01 0.000000000000000000e+00 0.000000000000000000e+00 0.000000000000000000e+00
5.000000000000000000e+02 2.000105887632885882e-03 7.965407373691396923e-04 9.992034592626308775e-01 0.000000000000000000e+00 0.000000000000000000e+00 0.000000000000000000e+00
7.500000000000000000e+02 3.000158831449439845e-03 3.413746017296313199e-04 9.996586253982703285e-01 0.000000000000000000e+00 0.000000000000000000e+00 0.000000000000000000e+00
1.000000000000000000e+03 4.000211775265771763e-03 7.965407373691396923e-04 9.989758761948110966e-01 0.000000000000000000e+00 2.275830678197542133e-04 0.000000000000000000e+00
1.250000000000000000e+03 5.000264719082325726e-03 1.251706873008648227e-03 9.987482931269913156e-01 0.000000000000000000e+00 0.000000000000000000e+00 0.000000000000000000e+00
1.500000000000000000e+03 6.000317662898879689e-03 6.827492034592626399e-04 9.993172507965407680e-01 0.000000000000000000e+00 0.000000000000000000e+00 0.000000000000000000e+00
1.750000000000000000e+03 7.000370606715211608e-03 2.162039144287664864e-03 9.978379608557123026e-01 0.000000000000000000e+00 0.000000000000000000e+00 0.000000000000000000e+00
2.000000000000000000e+03 8.000423550531765571e-03 9.103322712790168532e-04 9.990896677287209870e-01 0.000000000000000000e+00 0.000000000000000000e+00 0.000000000000000000e+00
2.250000000000000000e+03 9.000476494348097489e-03 1.593081474738279385e-03 9.984069185252617551e-01 0.000000000000000000e+00 0.000000000000000000e+00 0.000000000000000000e+00
2.500000000000000000e+03 1.000052943816465145e-02 2.275830678197541916e-03 9.977241693218024121e-01 0.000000000000000000e+00 0.000000000000000000e+00 0.000000000000000000e+00
2.750000000000000000e+03 1.100058238198120542e-02 6.827492034592626399e-04 9.993172507965407680e-01 0.000000000000000000e+00 0.000000000000000000e+00 0.000000000000000000e+00
3.000000000000000000e+03 1.200063532579753733e-02 1.251706873008648227e-03 9.987482931269913156e-01 0.000000000000000000e+00 0.000000000000000000e+00 0.000000000000000000e+00
3.250000000000000000e+03 1.300068826961409130e-02 9.103322712790168532e-04 9.990896677287209870e-01 0.000000000000000000e+00 0.000000000000000000e+00 0.000000000000000000e+00
3.500000000000000000e+03 1.400074121343042322e-02 1.137915339098771066e-04 9.998862084660901095e-01 0.000000000000000000e+00 0.000000000000000000e+00 0.000000000000000000e+00
3.750000000000000000e+03 1.500079415724697718e-02 2.389622212107419402e-03 9.976103777878926326e-01 0.000000000000000000e+00 0.000000000000000000e+00 0.000000000000000000e+00
4.000000000000000000e+03 1.600084710106353114e-02 1.593081474738279385e-03 9.984069185252617551e-01 0.000000000000000000e+00 0.000000000000000000e+00 0.000000000000000000e+00
4.250000000000000000e+03 1.700090004487986306e-02 1.365498406918525280e-03 9.986345015930814251e-01 0.000000000000000000e+00 0.000000000000000000e+00 0.000000000000000000e+00
4.500000000000000000e+03 1.800095298869641702e-02 2.617205279927173507e-03 9.973827947200728516e-01 0.000000000000000000e+00 0.000000000000000000e+00 0.000000000000000000e+00
4.750000000000000000e+03 1.900100593251274894e-02 1.137915339098771066e-04 9.998862084660901095e-01 0.000000000000000000e+00 0.000000000000000000e+00 0.000000000000000000e+00
5.000000000000000000e+03 2.000105887632930290e-02 3.186162949476558769e-03 9.968138370505233992e-01 0.000000000000000000e+00 0.000000000000000000e+00 0.000000000000000000e+00
5.250000000000000000e+03 2.100111182014585687e-02 1.137915339098770958e-03 9.988620846609012061e-01 0.000000000000000000e+00 0.000000000000000000e+00 0.000000000000000000e+00
5.500000000000000000e+03 2.200116476396218879e-02 2.162039144287664864e-03 9.978379608557123026e-01 0.000000000000000000e+00 0.000000000000000000e+00 0.000000000000000000e+00
5.750000000000000000e+03 2.300121770777874275e-02 3.413746017296313308e-03 9.964724624487938387e-01 0.000000000000000000e+00 1.137915339098771066e-04 0.000000000000000000e+00
6.000000000000000000e+03 2.400127065159507467e-02 3.641329085116067413e-03 9.963586709148839482e-01 0.000000000000000000e+00 0.000000000000000000e+00 0.000000000000000000e+00
6.250000000000000000e+03 2.500132359541162863e-02 3.186162949476558769e-03 9.968138370505233992e-01 0.000000000000000000e+00 0.000000000000000000e+00 0.000000000000000000e+00
6.500000000000000000e+03 2.600137653922818259e-02 2.730996813837050560e-03 9.969276285844332897e-01 0.000000000000000000e+00 3.413746017296313199e-04 0.000000000000000000e+00
6.750000000000000000e+03 2.700142948304451451e-02 3.982703686845699004e-03 9.960172963131542767e-01 0.000000000000000000e+00 0.000000000000000000e+00 0.000000000000000000e+00
7.000000000000000000e+03 2.800148242686106848e-02 5.689576695493855224e-03 9.940828402366863603e-01 0.000000000000000000e+00 2.275830678197542133e-04 0.000000000000000000e+00
7.250000000000000000e+03 2.900153537067740039e-02 3.186162949476558769e-03 9.967000455166135087e-01 0.000000000000000000e+00 1.137915339098771066e-04 0.000000000000000000e+00
7.500000000000000000e+03 3.000158831449395436e-02 2.730996813837050560e-03 9.972690031861629611e-01 0.000000000000000000e+00 0.000000000000000000e+00 0.000000000000000000e+00
7.750000000000000000e+03 3.100164125831050832e-02 2.844788347746927612e-03 9.970414201183431802e-01 0.000000000000000000e+00 1.137915339098771066e-04 0.000000000000000000e+00
8.000000000000000000e+03 3.200169420212684024e-02 4.779244424214838804e-03 9.949931725079653733e-01 0.000000000000000000e+00 2.275830678197542133e-04 0.000000000000000000e+00
8.250000000000000000e+03 3.300174714594339420e-02 6.030951297223486815e-03 9.938552571688666903e-01 0.000000000000000000e+00 1.137915339098771066e-04 0.000000000000000000e+00
8.500000000000000000e+03 3.400180008975972612e-02 4.324078288575329727e-03 9.954483386436049352e-01 0.000000000000000000e+00 2.275830678197542133e-04 0.000000000000000000e+00
8.750000000000000000e+03 3.500185303357628008e-02 6.372325898953117539e-03 9.935138825671370189e-01 0.000000000000000000e+00 1.137915339098771066e-04 0.000000000000000000e+00
9.000000000000000000e+03 3.600190597739283405e-02 4.893035958124715423e-03 9.947655894401457033e-01 0.000000000000000000e+00 3.413746017296313199e-04 0.000000000000000000e+00
9.250000000000000000e+03 3.700195892120916596e-02 5.917159763313609329e-03 9.940828402366863603e-01 0.000000000000000000e+00 0.000000000000000000e+00 0.000000000000000000e+00
9.500000000000000000e+03 3.800201186502571993e-02 8.534365043240782836e-03 9.910104688211197610e-01 0.000000000000000000e+00 4.551661356395084266e-04 0.000000000000000000e+00
9.750000000000000000e+03 3.900206480884205185e-02 6.372325898953117539e-03 9.934000910332271284e-01 0.000000000000000000e+00 2.275830678197542133e-04 0.000000000000000000e+00
1.000000000000000000e+04 4.000211775265860581e-02 7.624032771961766417e-03 9.922621756941283344e-01 0.000000000000000000e+00 1.137915339098771066e-04 0.000000000000000000e+00
1.025000000000000000e+04 4.100217069647515977e-02 1.001365498406918582e-02 9.899863450159308575e-01 0.000000000000000000e+00 0.000000000000000000e+00 0.000000000000000000e+00
1.050000000000000000e+04 4.200222364029149169e-02 5.917159763313609329e-03 9.937414656349567998e-01 0.000000000000000000e+00 3.413746017296313199e-04 0.000000000000000000e+00
1.075000000000000000e+04 4.300227658410804565e-02 9.786071916249430847e-03 9.901001365498406370e-01 0.000000000000000000e+00 1.137915339098771066e-04 0.000000000000000000e+00
1.100000000000000000e+04 4.400232952792437757e-02 9.899863450159307465e-03 9.898725534820209671e-01 0.000000000000000000e+00 2.275830678197542133e-04 0.000000000000000000e+00
1.125000000000000000e+04 4.500238247174093154e-02 1.024123805188893906e-02 9.893035958124715146e-01 0.000000000000000000e+00 4.551661356395084266e-04 0.000000000000000000e+00
1.150000000000000000e+04 4.600243541555748550e-02 8.761948111060537808e-03 9.905553026854801990e-01 0.000000000000000000e+00 6.827492034592626399e-04 0.000000000000000000e+00
1.175000000000000000e+04 4.700248835937381742e-02 1.058261265361857065e-02 9.890760127446518446e-01 0.000000000000000000e+00 3.413746017296313199e-04 0.000000000000000000e+00
1.200000000000000000e+04 4.800254130319037138e-02 1.502048247610377786e-02 9.845243513882566688e-01 0.000000000000000000e+00 4.551661356395084266e-04 0.000000000000000000e+00
1.225000000000000000e+04 4.900259424700670330e-02 1.126536185707783383e-02 9.883932635411925016e-01 0.000000000000000000e+00 3.413746017296313199e-04 0.000000000000000000e+00
1.250000000000000000e+04 5.000264719082325726e-02 1.718252162039144229e-02 9.821347291761493015e-01 0.000000000000000000e+00 6.827492034592626399e-04 0.000000000000000000e+00
1.275000000000000000e+04 5.100270013463981122e-02 1.319981793354574502e-02 9.866863905325443662e-01 0.000000000000000000e+00 1.137915339098771066e-04 0.000000000000000000e+00
1.300000000000000000e+04 5.200275307845614314e-02 1.581702321347291593e-02 9.831588529813382049e-01 0.000000000000000000e+00 1.024123805188893906e-03 0.000000000000000000e+00
1.325000000000000000e+04 5.300280602227269711e-02 1.854802002730996865e-02 9.808830223031406170e-01 0.000000000000000000e+00 5.689576695493854790e-04 0.000000000000000000e+00
1.350000000000000000e+04 5.400285896608902902e-02 2.309968138370505075e-02 9.749658625398270884e-01 0.000000000000000000e+00 1.934456076467910759e-03 0.000000000000000000e+00
1.375000000000000000e+04 5.500291190990558299e-02 1.968593536640873831e-02 9.795175238962221531e-01 0.000000000000000000e+00 7.965407373691396923e-04 0.000000000000000000e+00
1.400000000000000000e+04 5.600296485372213695e-02 2.423759672280382388e-02 9.745106964041875264e-01 0.000000000000000000e+00 1.251706873008648227e-03 0.000000000000000000e+00
1.425000000000000000e+04 5.700301779753846887e-02 2.048247610377787811e-02 9.787209831588530307e-01 0.000000000000000000e+00 7.965407373691396923e-04 0.000000000000000000e+00
1.450000000000000000e+04 5.800307074135502283e-02 2.833409194355939950e-02 9.705279927173418031e-01 0.000000000000000000e+00 1.137915339098770958e-03 0.000000000000000000e+00
1.475000000000000000e+04 5.900312368517135475e-02 2.696859353664087314e-02 9.721210741920801590e-01 0.000000000000000000e+00 9.103322712790168532e-04 0.000000000000000000e+00
1.500000000000000000e+04 6.000317662898790871e-02 2.958579881656804578e-02 9.683659535730542167e-01 0.000000000000000000e+00 2.048247610377787811e-03 0.000000000000000000e+00
1.525000000000000000e+04 6.100322957280446268e-02 3.197542102867546865e-02 9.663177059626764098e-01 0.000000000000000000e+00 1.706873008648156654e-03 0.000000000000000000e+00
1.550000000000000000e+04 6.200328251662079460e-02 3.686845698680018407e-02 9.606281292671825511e-01 0.000000000000000000e+00 2.503413746017296455e-03 0.000000000000000000e+00
1.575000000000000000e+04 6.300333546043734856e-02 4.233045061447428259e-02 9.556213017751479244e-01 0.000000000000000000e+00 2.048247610377787811e-03 0.000000000000000000e+00
1.600000000000000000e+04 6.400338840425368048e-02 3.664087391898043083e-02 9.613108784706417831e-01 0.000000000000000000e+00 2.048247610377787811e-03 0.000000000000000000e+00
1.625000000000000000e+04 6.500344134807023444e-02 4.107874374146563284e-02 9.572143832498861693e-01 0.000000000000000000e+00 1.706873008648156654e-03 0.000000000000000000e+00
1.650000000000000000e+04 6.600349429188678840e-02 4.016841147018661989e-02 9.580109239872554028e-01 0.000000000000000000e+00 1.820664542558033706e-03 0.000000000000000000e+00
1.675000000000000000e+04 6.700354723570312032e-02 4.301319981793354230e-02 9.533454710969503365e-01 0.000000000000000000e+00 3.641329085116067413e-03 0.000000000000000000e+00
1.700000000000000000e+04 6.800360017951967428e-02 4.437869822485206867e-02 9.530040964952207760e-01 0.000000000000000000e+00 2.617205279927173507e-03 0.000000000000000000e+00
1.725000000000000000e+04 6.900365312333600620e-02 4.858898497951752438e-02 9.478834774692762588e-01 0.000000000000000000e+00 3.527537551206190360e-03 0.000000000000000000e+00
1.750000000000000000e+04 7.000370606715256017e-02 5.154756486117433034e-02 9.444697314519799880e-01 0.000000000000000000e+00 3.982703686845699004e-03 0.000000000000000000e+00
1.775000000000000000e+04 7.100375901096911413e-02 5.541647701411014926e-02 9.416249431042330587e-01 0.000000000000000000e+00 2.958579881656804664e-03 0.000000000000000000e+00
1.800000000000000000e+04 7.200381195478544605e-02 6.463359126081019701e-02 9.284251251706873154e-01 0.000000000000000000e+00 6.941283568502503235e-03 0.000000000000000000e+00
1.825000000000000000e+04 7.300386489860200001e-02 6.941283568502502888e-02 9.247837960855712636e-01 0.000000000000000000e+00 5.803368229403732710e-03 0.000000000000000000e+00
1.850000000000000000e+04 7.400391784241833193e-02 6.622667273554846967e-02 9.274010013654984119e-01 0.000000000000000000e+00 6.372325898953117539e-03 0.000000000000000000e+00
1.875000000000000000e+04 7.500397078623488589e-02 8.056440600819299303e-02 9.106736458807465073e-01 0.000000000000000000e+00 8.761948111060537808e-03 0.000000000000000000e+00
1.900000000000000000e+04 7.600402373005143986e-02 8.261265361857077216e-02 9.086253982703687004e-01 0.000000000000000000e+00 8.761948111060537808e-03 0.000000000000000000e+00
1.925000000000000000e+04 7.700407667386777177e-02 8.682294037323623481e-02 9.061219845243514426e-01 1.137915339098771066e-04 6.941283568502503235e-03 0.000000000000000000e+00
1.950000000000000000e+04 7.800412961768432574e-02 9.262630860263997012e-02 8.965634956759217511e-01 0.000000000000000000e+00 1.081019572143832562e-02 0.000000000000000000e+00
1.975000000000000000e+04 7.900418256150065766e-02 1.032089212562585373e-01 8.849567592171142527e-01 0.000000000000000000e+00 1.183431952662721866e-02 0.000000000000000000e+00
2.000000000000000000e+04 8.000423550531721162e-02 1.096950386891215323e-01 8.746017296313154388e-01 0.000000000000000000e+00 1.570323167956303931e-02 0.000000000000000000e+00
2.025000000000000000e+04 8.100428844913376558e-02 1.135639508420573512e-01 8.703914428766499345e-01 0.000000000000000000e+00 1.604460628129267263e-02 0.000000000000000000e+00
2.050000000000000000e+04 8.200434139295009750e-02 1.351843422849340060e-01 8.459262630860263643e-01 0.000000000000000000e+00 1.888939462903959851e-02 0.000000000000000000e+00
2.075000000000000000e+04 8.300439433676665146e-02 1.472462448793809831e-01 8.290851160673645692e-01 0.000000000000000000e+00 2.366863905325443732e-02 0.000000000000000000e+00
2.100000000000000000e+04 8.400444728058298338e-02 1.434911242603550408e-01 8.245334547109695045e-01 2.275830678197542133e-04 3.174783796085571541e-02 0.000000000000000000e+00
2.125000000000000000e+04 8.500450022439953734e-02 1.751251706873008518e-01 7.680928538916704795e-01 4.551661356395084266e-04 5.632680928538916915e-02 0.000000000000000000e+00
2.150000000000000000e+04 8.600455316821609131e-02 1.995903504779244497e-01 7.237141556668184039e-01 4.551661356395084266e-04 7.624032771961765376e-02 0.000000000000000000e+00
2.175000000000000000e+04 8.700460611203242323e-02 2.149522075557578626e-01 6.737596722803823601e-01 2.503413746017296455e-03 1.087847064178425194e-01 0.000000000000000000e+00
2.200000000000000000e+04 8.800465905584897719e-02 2.479517523896222209e-01 5.731679563040509295e-01 1.376877560309512985e-02 1.651115157032316816e-01 0.000000000000000000e+00
2.225000000000000000e+04 8.900471199966530911e-02 2.535275375512062168e-01 5.355029585798816161e-01 4.824761037778789452e-02 1.627218934911242587e-01 0.000000000000000000e+00
2.250000000000000000e+04 9.000476494348186307e-02 2.422621756941283622e-01 5.442649066909421851e-01 7.817478379608557015e-02 1.352981338188438687e-01 0.000000000000000000e+00
2.275000000000000000e+04 9.100481788729841703e-02 2.611515703231679364e-01 5.100136549840691425e-01 9.854346836595356818e-02 1.302913063268092975e-01 0.000000000000000000e+00
2.300000000000000000e+04 9.200487083111474895e-02 2.461310878470641672e-01 5.051206190259445172e-01 1.261948111060537114e-01 1.225534820209376458e-01 0.000000000000000000e+00
2.325000000000000000e+04 9.300492377493130292e-02 2.418070095584888557e-01 4.981793354574419741e-01 1.467910787437414766e-01 1.132225762403277214e-01 0.000000000000000000e+00
2.350000000000000000e+04 9.400497671874763483e-02 1.946973145197997135e-01 5.579198907601274904e-01 1.805871643149749572e-01 6.679563040509786664e-02 0.000000000000000000e+00
2.375000000000000000e+04 9.500502966256418880e-02 1.483841602184797492e-01 6.127674101046881594e-01 2.113108784706417831e-01 2.753755120619025970e-02 0.000000000000000000e+00
2.400000000000000000e+04 9.600508260638074276e-02 1.107191624943104219e-01 6.502048247610378029e-01 2.280382339553937154e-01 1.103777878925807886e-02 0.000000000000000000e+00
2.425000000000000000e+04 9.700513555019707468e-02 1.076467910787437393e-01 6.508875739644970349e-01 2.322485207100591642e-01 9.217114246700046018e-03 0.000000000000000000e+00
2.450000000000000000e+04 9.800518849401362864e-02 1.054847519344560697e-01 6.514565316340463763e-01 2.312243969048702885e-01 1.183431952662721866e-02 0.000000000000000000e+00
2.475000000000000000e+04 9.900524143782996056e-02 1.025261720527992776e-01 6.550978607191625391e-01 2.321347291761493015e-01 1.024123805188893906e-02 0.000000000000000000e+00
2.500000000000000000e+04 1.000052943816465145e-01 1.150432407828857473e-01 6.416704597177970149e-01 2.329312699135184239e-01 1.035502958579881741e-02 0.000000000000000000e+00
2.525000000000000000e+04 1.010053473254630685e-01 1.137915339098771045e-01 6.430359581247154788e-01 2.314519799726900418e-01 1.172052799271734204e-02 0.000000000000000000e+00
2.550000000000000000e+04 1.020054002692794004e-01 1.101502048247610388e-01 6.470186618115612021e-01 2.316795630405097950e-01 1.115157032316795548e-02 0.000000000000000000e+00
2.575000000000000000e+04 1.030054532130959544e-01 1.259672280382339582e-01 6.327947200728265553e-01 2.300864815657714946e-01 1.115157032316795548e-02 0.000000000000000000e+00
2.600000000000000000e+04 1.040055061569122863e-01 1.235776058261265353e-01 6.290395994538006130e-01 2.329312699135184239e-01 1.445152480655439303e-02 0.000000000000000000e+00
2.625000000000000000e+04 1.050055591007288402e-01 1.300637232589895442e-01 6.288120163859808320e-01 2.313381884387801513e-01 9.786071916249430847e-03 0.000000000000000000e+00
2.650000000000000000e+04 1.060056120445453942e-01 1.387118798361401950e-01 6.192535275375512516e-01 2.296313154301319881e-01 1.240327719617660522e-02 0.000000000000000000e+00
2.675000000000000000e+04 1.070056649883617261e-01 1.341602184797451025e-01 6.235776058261265353e-01 2.313381884387801513e-01 1.092398725534820224e-02 0.000000000000000000e+00
2.700000000000000000e+04 1.080057179321782801e-01 1.490669094219390090e-01 6.090122894856622171e-01 2.262175694128356895e-01 1.570323167956303931e-02 0.000000000000000000e+00
2.725000000000000000e+04 1.090057708759946120e-01 1.582840236686390567e-01 5.959262630860263643e-01 2.286071916249431124e-01 1.718252162039144229e-02 0.000000000000000000e+00
2.750000000000000000e+04 1.100058238198111660e-01 1.586253982703686727e-01 5.962676376877560358e-01 2.264451524806554428e-01 1.866181156121984527e-02 0.000000000000000000e+00
2.775000000000000000e+04 1.110058767636277199e-01 1.729631315430132099e-01 5.788575329995447882e-01 2.251934456076467861e-01 2.298588984979517413e-02 0.000000000000000000e+00
2.800000000000000000e+04 1.120059297074440519e-01 1.834319526627218866e-01 5.691852526172053173e-01 2.238279472007282667e-01 2.355484751934456070e-02 0.000000000000000000e+00
2.825000000000000000e+04 1.130059826512606058e-01 1.965179790623577671e-01 5.475648611743286764e-01 2.215521165225307343e-01 3.436504324078288458e-02 0.000000000000000000e+00
2.850000000000000000e+04 1.140060355950769377e-01 1.838871187983613931e-01 5.687300864815657553e-01 2.180245789713245452e-01 2.935821574874829254e-02 0.000000000000000000e+00
2.875000000000000000e+04 1.150060885388934917e-01 1.994765589440145592e-01 5.530268548020027541e-01 2.182521620391442985e-01 2.924442421483841592e-02 0.000000000000000000e+00
2.900000000000000000e+04 1.160061414827100457e-01 2.147246244879381094e-01 5.357305416477013971e-01 2.173418297678652578e-01 3.220300409649522189e-02 0.000000000000000000e+00
2.925000000000000000e+04 1.170061944265263776e-01 2.117660446062812896e-01 5.352753755120619461e-01 2.174556213017751483e-01 3.550295857988165771e-02 0.000000000000000000e+00
2.950000000000000000e+04 1.180062473703429315e-01 2.324761037778789174e-01 5.076240327719617751e-01 2.166590805644059980e-01 4.324078288575330248e-02 0.000000000000000000e+00
2.975000000000000000e+04 1.190063003141592635e-01 2.634274010013655243e-01 4.797451069640418786e-01 2.050523441055985552e-01 5.177514792899408358e-02 0.000000000000000000e+00
3.000000000000000000e+04 1.200063532579758174e-01 2.653618570778333852e-01 4.697314519799726806e-01 2.049385525716886647e-01 5.996813837050523482e-02 0.000000000000000000e+00
3.025000000000000000e+04 1.210064062017923714e-01 2.902822030040965173e-01 4.410559854346836617e-01 1.974283113336367801e-01 7.123350022758306865e-02 0.000000000000000000e+00
3.050000000000000000e+04 1.220064591456087033e-01 3.030268548020027541e-01 4.043013199817933612e-01 1.976558944014565333e-01 9.501593081474737912e-02 0.000000000000000000e+00
3.075000000000000000e+04 1.230065120894252573e-01 3.090578060992262288e-01 3.825671370050068298e-01 1.878698224852070886e-01 1.205052344105598527e-01 0.000000000000000000e+00
3.100000000000000000e+04 1.240065650332415892e-01 3.350022758306782089e-01 3.574192080109239722e-01 1.822940373236231204e-01 1.252844788347746985e-01 0.000000000000000000e+00
3.125000000000000000e+04 1.250066179770581432e-01 3.314747382794719921e-01 3.410332271279016836e-01 1.875284478834774726e-01 1.399635867091488517e-01 0.000000000000000000e+00
3.150000000000000000e+04 1.260066709208746971e-01 3.500227583067819781e-01 3.230541647701410946e-01 1.862767410104688159e-01 1.406463359126081114e-01 0.000000000000000000e+00
3.175000000000000000e+04 1.270067238646910290e-01 3.468365953573054328e-01 3.195266272189349332e-01 1.995903504779244497e-01 1.340464269458352398e-01 0.000000000000000000e+00
3.200000000000000000e+04 1.280067768085075830e-01 3.545744196631770428e-01 3.049613108784706150e-01 2.042558033682294050e-01 1.362084660901228816e-01 0.000000000000000000e+00
3.225000000000000000e+04 1.290068297523239149e-01 3.524123805188894010e-01 3.117888029130632677e-01 2.143832498862084657e-01 1.214155666818388657e-01 0.000000000000000000e+00
3.250000000000000000e+04 1.300068826961404689e-01 3.390987710514337672e-01 3.429676832043696000e-01 2.335002275830678209e-01 8.443331816112881194e-02 0.000000000000000000e+00
3.275000000000000000e+04 1.310069356399570228e-01 3.284023668639053373e-01 3.412608101957214646e-01 2.379380974055530229e-01 9.239872553482020301e-02 0.000000000000000000e+00
3.300000000000000000e+04 1.320069885837733548e-01 3.244196631770596140e-01 3.380746472462448637e-01 2.507965407373691225e-01 8.670914883932635819e-02 0.000000000000000000e+00
3.325000000000000000e+04 1.330070415275899087e-01 3.177059626763768518e-01 3.334091943559399085e-01 2.478379608557123304e-01 1.010468821119708677e-01 0.000000000000000000e+00
3.350000000000000000e+04 1.340070944714062406e-01 3.252162039144287919e-01 3.364815657715066188e-01 2.565999089667728716e-01 8.170232134729175921e-02 0.000000000000000000e+00
3.375000000000000000e+04 1.350071474152227946e-01 3.298816568047337472e-01 3.189576695493855363e-01 2.591033227127901850e-01 9.205735093309057315e-02 0.000000000000000000e+00
3.400000000000000000e+04 1.360072003590393486e-01 3.379608557123350288e-01 3.082612653618570508e-01 2.550068274920345712e-01 9.877105143377332142e-02 0.000000000000000000e+00
3.425000000000000000e+04 1.370072533028556805e-01 3.475193445607646647e-01 2.981338188438780179e-01 2.463586709148839204e-01 1.079881656804733692e-01 0.000000000000000000e+00
3.450000000000000000e+04 1.380073062466722345e-01 3.695949021392808120e-01 2.880063723258989294e-01 2.361174328629949970e-01 1.062812926718252199e-01 0.000000000000000000e+00
3.475000000000000000e+04 1.390073591904885664e-01 3.577605826126536437e-01 2.939235320892125691e-01 2.401001365498406925e-01 1.082157487482931224e-01 0.000000000000000000e+00
3.500000000000000000e+04 1.400074121343051203e-01 3.507055075102412656e-01 3.240782885753299980e-01 2.335002275830678209e-01 9.171597633136094330e-02 0.000000000000000000e+00
3.525000000000000000e+04 1.410074650781216743e-01 3.274920345926263243e-01 3.609467455621301890e-01 2.275830678197542090e-01 8.397815202548930547e-02 0.000000000000000000e+00
3.550000000000000000e+04 1.420075180219380062e-01 3.067819754210286964e-01 3.848429676832043622e-01 2.295175238962221254e-01 7.885753299954482987e-02 0.000000000000000000e+00
3.575000000000000000e+04 1.430075709657545602e-01 2.901684114701866268e-01 4.122667273554847522e-01 2.344105598543468338e-01 6.315430131998178709e-02 0.000000000000000000e+00
3.600000000000000000e+04 1.440076239095708921e-01 2.928994082840236657e-01 4.077150659990896875e-01 2.430587164314974846e-01 5.632680928538916915e-02 0.000000000000000000e+00
3.625000000000000000e+04 1.450076768533874461e-01 2.875512061902594230e-01 4.039599453800637452e-01 2.514792899408284099e-01 5.700955848884842886e-02 0.000000000000000000e+00
3.650000000000000000e+04 1.460077297972040000e-01 2.905097860719162428e-01 4.160218479745106945e-01 2.446517979062357850e-01 4.881656804733727761e-02 0.000000000000000000e+00
3.675000000000000000e+04 1.470077827410203319e-01 2.833409194355939742e-01 4.152253072371415721e-01 2.503413746017296160e-01 5.109239872553481693e-02 0.000000000000000000e+00
3.700000000000000000e+04 1.480078356848368859e-01 2.853891670459717811e-01 4.096495220755576039e-01 2.505689576695493970e-01 5.439235320892125969e-02 0.000000000000000000e+00
3.725000000000000000e+04 1.490078886286532178e-01 2.778789258079198965e-01 4.195493855257169113e-01 2.558033682294037492e-01 4.676832043695949154e-02 0.000000000000000000e+00
3.750000000000000000e+04 1.500079415724697718e-01 2.866408739189804100e-01 4.115839781520254648e-01 2.556895766954938587e-01 4.608557123350022489e-02 0.000000000000000000e+00
3.775000000000000000e+04 1.510079945162863257e-01 2.895994538006372299e-01 4.127218934911242587e-01 2.548930359581247362e-01 4.278561675011378906e-02 0.000000000000000000e+00
3.800000000000000000e+04 1.520080474601026577e-01 2.759444697314519801e-01 4.260355029585798925e-01 2.559171597633135842e-01 4.210286754665452935e-02 0.000000000000000000e+00
3.825000000000000000e+04 1.530081004039192116e-01 2.527309968138370389e-01 4.558488848429677054e-01 2.525034137460173134e-01 3.891670459717797015e-02 0.000000000000000000e+00
3.850000000000000000e+04 1.540081533477355435e-01 2.341829767865270806e-01 4.823623122439690269e-01 2.544378698224852298e-01 2.901684114701866268e-02 0.000000000000000000e+00
3.875000000000000000e+04 1.550082062915520975e-01 2.372553482020937632e-01 4.842967683204369433e-01 2.506827492034592875e-01 2.776513427401001294e-02 0.000000000000000000e+00
3.900000000000000000e+04 1.560082592353686515e-01 2.373691397360036537e-01 4.819071461083295205e-01 2.515930814747383004e-01 2.913063268092853930e-02 0.000000000000000000e+00
3.925000000000000000e+04 1.570083121791849834e-01 2.204142011834319403e-01 4.956759217114246607e-01 2.555757851615839682e-01 2.833409194355939950e-02 0.000000000000000000e+00
3.950000000000000000e+04 1.580083651230015374e-01 2.282658170232134687e-01 4.913518434228493215e-01 2.545516613563950648e-01 2.583067819754210348e-02 0.000000000000000000e+00
3.975000000000000000e+04 1.590084180668178693e-01 2.299726900318616318e-01 4.940828402366864158e-01 2.505689576695493970e-01 2.537551206190259354e-02 0.000000000000000000e+00
4.000000000000000000e+04 1.600084710106344232e-01 2.302002730996813851e-01 4.872553482020937632e-01 2.539827036868457233e-01 2.856167501137915274e-02 0.000000000000000000e+00
4.025000000000000000e+04 1.610085239544509772e-01 2.201866181156121871e-01 4.968138370505234547e-01 2.522758306781975324e-01 3.072371415566681890e-02 0.000000000000000000e+00
4.050000000000000000e+04 1.620085768982673091e-01 2.151797906235776159e-01 5.040964952207556138e-01 2.542102867546654488e-01 2.651342740100136666e-02 0.000000000000000000e+00
4.075000000000000000e+04 1.630086298420838631e-01 2.069868001820664438e-01 5.111515703231679364e-01 2.554619936276740777e-01 2.639963586709149004e-02 0.000000000000000000e+00
4.100000000000000000e+04 1.640086827859001950e-01 1.943559399180700975e-01 5.242375967228037892e-01 2.565999089667728716e-01 2.480655439235321044e-02 0.000000000000000000e+00
4.125000000000000000e+04 1.650087357297167490e-01 1.888939462903959920e-01 5.237824305871643382e-01 2.613791533909877174e-01 2.594446973145198010e-02 0.000000000000000000e+00
4.150000000000000000e+04 1.660087886735333029e-01 1.926490669094219343e-01 5.174101046882112476e-01 2.606964041875284299e-01 2.924442421483841592e-02 0.000000000000000000e+00
4.175000000000000000e+04 1.670088416173496348e-01 1.976558944014565333e-01 5.194583522985889434e-01 2.589895311788802945e-01 2.389622212107419055e-02 0.000000000000000000e+00
4.200000000000000000e+04 1.680088945611661888e-01 1.880974055530268418e-01 5.225307237141556538e-01 2.688893946290396020e-01 2.048247610377787811e-02 0.000000000000000000e+00
4.225000000000000000e+04 1.690089475049825207e-01 1.901456531634046487e-01 5.150204824761037692e-01 2.752617205279926926e-01 1.957214383249886169e-02 0.000000000000000000e+00
4.250000000000000000e+04 1.700090004487990747e-01 1.966317705962676299e-01 5.047792444242148457e-01 2.775375512061902805e-01 2.105143377332726468e-02 0.000000000000000000e+00
4.275000000000000000e+04 1.710090533926156287e-01 1.919663177059626746e-01 5.068274920345926526e-01 2.847064178425124936e-01 1.649977241693217911e-02 0.000000000000000000e+00
4.300000000000000000e+04 1.720091063364319606e-01 1.956076467910787542e-01 5.035275375512061613e-01 2.843650432407828776e-01 1.649977241693217911e-02 0.000000000000000000e+00
4.325000000000000000e+04 1.730091592802485145e-01 1.896904870277651423e-01 5.110377787892580459e-01 2.810650887573964418e-01 1.820664542558033533e-02 0.000000000000000000e+00
4.350000000000000000e+04 1.740092122240648465e-01 1.910559854346836617e-01 5.175238962221210270e-01 2.782203004096495125e-01 1.319981793354574502e-02 0.000000000000000000e+00
4.375000000000000000e+04 1.750092651678814004e-01 1.780837505689576716e-01 5.232134729176148857e-01 2.783340919435594030e-01 2.036868456986800149e-02 0.000000000000000000e+00
4.400000000000000000e+04 1.760093181116979544e-01 1.796768320436959443e-01 5.257168866636322546e-01 2.762858443331815961e-01 1.820664542558033533e-02 1.137915339098771066e-04
4.425000000000000000e+04 1.770093710555142863e-01 1.785389167045971781e-01 5.333409194355940297e-01 2.727583067819754348e-01 1.524806554392353283e-02 1.137915339098771066e-04
4.450000000000000000e+04 1.780094239993308403e-01 1.808147473827947105e-01 5.355029585798816161e-01 2.690031861629494925e-01 1.467910787437414627e-02 0.000000000000000000e+00
4.475000000000000000e+04 1.790094769431471722e-01 1.787664997724169313e-01 5.409649522075558048e-01 2.643377332726445372e-01 1.593081474738279601e-02 0.000000000000000000e+00
4.500000000000000000e+04 1.800095298869637261e-01 1.786527082385070686e-01 5.480200273099681274e-01 2.570550751024123781e-01 1.627218934911242587e-02 0.000000000000000000e+00
4.525000000000000000e+04 1.810095828307802801e-01 1.853664087391898030e-01 5.402822030040964618e-01 2.593309057806099105e-01 1.502048247610377786e-02 0.000000000000000000e+00
4.550000000000000000e+04 1.820096357745966120e-01 1.834319526627218866e-01 5.507510241238051663e-01 2.526172052799271484e-01 1.319981793354574502e-02 0.000000000000000000e+00
4.575000000000000000e+04 1.830096887184131660e-01 1.747837960855712358e-01 5.641784251251706905e-01 2.443104233045061413e-01 1.672735548475193582e-02 0.000000000000000000e+00
4.600000000000000000e+04 1.840097416622294979e-01 1.784251251706872876e-01 5.771506599908966528e-01 2.290623577605826189e-01 1.536185707783340945e-02 0.000000000000000000e+00
4.625000000000000000e+04 1.850097946060460519e-01 1.763768775603095085e-01 5.758989531178880794e-01 2.320209376422394110e-01 1.570323167956303931e-02 0.000000000000000000e+00
4.650000000000000000e+04 1.860098475498626058e-01 1.800182066454255880e-01 5.793126991351843502e-01 2.265589440145653055e-01 1.411015020482476144e-02 0.000000000000000000e+00
4.675000000000000000e+04 1.870099004936789377e-01 1.789940828402366846e-01 5.814747382794720476e-01 2.276968593536640995e-01 1.183431952662721866e-02 0.000000000000000000e+00
4.700000000000000000e+04 1.880099534374954917e-01 1.833181611288120239e-01 5.774920345926263243e-01 2.249658625398270329e-01 1.422394173873463806e-02 0.000000000000000000e+00
4.725000000000000000e+04 1.890100063813118236e-01 1.770596267637687682e-01 5.844333181611288675e-01 2.270141101502048120e-01 1.149294492489758707e-02 0.000000000000000000e+00
4.750000000000000000e+04 1.900100593251283776e-01 1.826354119253527641e-01 5.777196176604461053e-01 2.279244424214838527e-01 1.172052799271734204e-02 0.000000000000000000e+00
4.775000000000000000e+04 1.910101122689449316e-01 1.789940828402366846e-01 5.807919890760127046e-01 2.272416932180245652e-01 1.297223486572599005e-02 0.000000000000000000e+00
4.800000000000000000e+04 1.920101652127612635e-01 1.768320436959490149e-01 5.902366863905325056e-01 2.213245334547109811e-01 1.149294492489758707e-02 1.137915339098771066e-04
4.825000000000000000e+04 1.930102181565778174e-01 1.752389622212107423e-01 5.912608101957214091e-01 2.225762403277196100e-01 1.092398725534820224e-02 0.000000000000000000e+00
4.850000000000000000e+04 1.940102711003941494e-01 1.824078288575330109e-01 5.873918980427855763e-01 2.171142467000455045e-01 1.308602639963586667e-02 0.000000000000000000e+00
4.875000000000000000e+04 1.950103240442107033e-01 1.791078743741465751e-01 5.885298133818843702e-01 2.231451979972690070e-01 9.217114246700046018e-03 0.000000000000000000e+00
4.900000000000000000e+04 1.960103769880272573e-01 1.828629949931725174e-01 5.886436049157942607e-01 2.166590805644059980e-01 1.183431952662721866e-02 0.000000000000000000e+00
4.925000000000000000e+04 1.970104299318435892e-01 1.891215293582157453e-01 5.834091943559399640e-01 2.150659990896677254e-01 1.240327719617660522e-02 0.000000000000000000e+00
4.950000000000000000e+04 1.980104828756601432e-01 1.836595357305416398e-01 5.784023668639053373e-01 2.229176149294492537e-01 1.502048247610377786e-02 0.000000000000000000e+00
4.975000000000000000e+04 1.990105358194764751e-01 1.792216659080564378e-01 5.697542102867546587e-01 2.340691852526172179e-01 1.695493855257168905e-02 0.000000000000000000e+00
5.000000000000000000e+04 2.000105887632930290e-01 1.769458352298589054e-01 5.699817933545744397e-01 2.381656804733727761e-01 1.490669094219390124e-02 0.000000000000000000e+00
5.025000000000000000e+04 2.010106417071095830e-01 1.738734638142922229e-01 5.637232589895311285e-01 2.471552116522530707e-01 1.524806554392353283e-02 0.000000000000000000e+00
5.050000000000000000e+04 2.020106946509259149e-01 1.754665452890304955e-01 5.555302685480200120e-01 2.515930814747383004e-01 1.741010468821119553e-02 0.000000000000000000e+00
5.075000000000000000e+04 2.030107475947424689e-01 1.868456986800182129e-01 5.469959035047792240e-01 2.507965407373691225e-01 1.536185707783340945e-02 0.000000000000000000e+00
5.100000000000000000e+04 2.040108005385588008e-01 1.835457441966317771e-01 5.524578971324533017e-01 2.510241238051889034e-01 1.297223486572599005e-02 0.000000000000000000e+00
5.125000000000000000e+04 2.050108534823753548e-01 1.834319526627218866e-01 5.405097860719162428e-01 2.597860719162494170e-01 1.604460628129267263e-02 2.275830678197542133e-04
5.150000000000000000e+04 2.060109064261919087e-01 1.824078288575330109e-01 5.390304961310878884e-01 2.603550295857988139e-01 1.820664542558033533e-02 0.000000000000000000e+00
5.175000000000000000e+04 2.070109593700082407e-01 1.805871643149749572e-01 5.270823850705507185e-01 2.737824305871643382e-01 1.854802002730996865e-02 0.000000000000000000e+00
5.200000000000000000e+04 2.080110123138247946e-01 1.795630405097860816e-01 5.193445607646790529e-01 2.816340464269458388e-01 1.945835229858898507e-02 0.000000000000000000e+00
5.225000000000000000e+04 2.090110652576411265e-01 1.778561675011379184e-01 5.157032316795630011e-01 2.861857077833409035e-01 2.025489303595812488e-02 0.000000000000000000e+00
5.250000000000000000e+04 2.100111182014576805e-01 1.681838871187983642e-01 5.163859808830223441e-01 2.979062357760582369e-01 1.752389622212107562e-02 0.000000000000000000e+00
5.275000000000000000e+04 2.110111711452742345e-01 1.747837960855712358e-01 5.059171597633136397e-01 2.993855257168866468e-01 1.991351843422849502e-02 0.000000000000000000e+00
5.300000000000000000e+04 2.120112240890905664e-01 1.725079654073737034e-01 5.095584888484296915e-01 2.997269003186163183e-01 1.820664542558033533e-02 0.000000000000000000e+00
5.325000000000000000e+04 2.130112770329071203e-01 1.755803368229403860e-01 5.102412380518889234e-01 2.977924442421484019e-01 1.638598088302230249e-02 0.000000000000000000e+00
5.350000000000000000e+04 2.140113299767234523e-01 1.728493400091033194e-01 5.194583522985889434e-01 2.901684114701866268e-01 1.752389622212107562e-02 0.000000000000000000e+00
5.375000000000000000e+04 2.150113829205400062e-01 1.734182976786527164e-01 5.138825671370049752e-01 2.926718252162039402e-01 2.002730996813837164e-02 0.000000000000000000e+00
5.400000000000000000e+04 2.160114358643565602e-01 1.759217114246700020e-01 5.155894401456531106e-01 2.914201183431952558e-01 1.706873008648156567e-02 0.000000000000000000e+00
5.425000000000000000e+04 2.170114888081728921e-01 1.745562130177514826e-01 5.153618570778334407e-01 2.901684114701866268e-01 1.991351843422849502e-02 0.000000000000000000e+00
5.450000000000000000e+04 2.180115417519894461e-01 1.778561675011379184e-01 5.147928994082839882e-01 2.917614929449248717e-01 1.558944014565316269e-02 0.000000000000000000e+00
5.475000000000000000e+04 2.190115946958057780e-01 1.837733272644515303e-01 5.076240327719617751e-01 2.892580791989076139e-01 1.934456076467910846e-02 0.000000000000000000e+00
5.500000000000000000e+04 2.200116476396223320e-01 1.810423304506144637e-01 5.117205279927173889e-01 2.892580791989076139e-01 1.797906235776058209e-02 0.000000000000000000e+00
5.525000000000000000e+04 2.210117005834388859e-01 1.891215293582157453e-01 5.060309512972235302e-01 2.886891215293582169e-01 1.615839781520254925e-02 0.000000000000000000e+00
5.550000000000000000e+04 2.220117535272552178e-01 1.908284023668639084e-01 5.003413746017296715e-01 2.903959945380063523e-01 1.843422849340009204e-02 0.000000000000000000e+00
5.575000000000000000e+04 2.230118064710717718e-01 1.870732817478379661e-01 5.075102412380518846e-01 2.888029130632681074e-01 1.661356395084205573e-02 0.000000000000000000e+00
5.600000000000000000e+04 2.240118594148881037e-01 1.957214383249886169e-01 4.974965862539826866e-01 2.862994993172507940e-01 2.048247610377787811e-02 0.000000000000000000e+00
5.625000000000000000e+04 2.250119123587046577e-01 1.811561219845243542e-01 5.103550295857988139e-01 2.924442421483841592e-01 1.604460628129267263e-02 0.000000000000000000e+00
5.650000000000000000e+04 2.260119653025212116e-01 1.861629494765589532e-01 4.982931269913518646e-01 2.987027765134274149e-01 1.684114701866181243e-02 0.000000000000000000e+00
5.675000000000000000e+04 2.270120182463375436e-01 1.855939918070095562e-01 4.948793809740555383e-01 3.026854802002730827e-01 1.684114701866181243e-02 0.000000000000000000e+00
