# itime ezz other fcc hcp bcc ico
0.000000000000000000e+00 0.000000000000000000e+00 0.000000000000000000e+00 1.000000000000000000e+00 0.000000000000000000e+00 0.000000000000000000e+00 0.000000000000000000e+00
4.000000000000000000e+03 9.999895608940878589e-04 0.000000000000000000e+00 1.000000000000000000e+00 0.000000000000000000e+00 0.000000000000000000e+00 0.000000000000000000e+00
8.000000000000000000e+03 1.999979121788175718e-03 0.000000000000000000e+00 1.000000000000000000e+00 0.000000000000000000e+00 0.000000000000000000e+00 0.000000000000000000e+00
1.200000000000000000e+04 2.999968682682263577e-03 0.000000000000000000e+00 1.000000000000000000e+00 0.000000000000000000e+00 0.000000000000000000e+00 0.000000000000000000e+00
1.600000000000000000e+04 3.999958243576351435e-03 0.000000000000000000e+00 1.000000000000000000e+00 0.000000000000000000e+00 0.000000000000000000e+00 0.000000000000000000e+00
2.000000000000000000e+04 4.999947804470439294e-03 0.000000000000000000e+00 1.000000000000000000e+00 0.000000000000000000e+00 0.000000000000000000e+00 0.000000000000000000e+00
2.400000000000000000e+04 5.999937365364527153e-03 0.000000000000000000e+00 1.000000000000000000e+00 0.000000000000000000e+00 0.000000000000000000e+00 0.000000000000000000e+00
2.800000000000000000e+04 6.999926926258615012e-03 0.000000000000000000e+00 1.000000000000000000e+00 0.000000000000000000e+00 0.000000000000000000e+00 0.000000000000000000e+00
3.200000000000000000e+04 7.999916487152702871e-03 0.000000000000000000e+00 1.000000000000000000e+00 0.000000000000000000e+00 0.000000000000000000e+00 0.000000000000000000e+00
3.600000000000000000e+04 8.999906048046790730e-03 0.000000000000000000e+00 1.000000000000000000e+00 0.000000000000000000e+00 0.000000000000000000e+00 0.000000000000000000e+00
4.000000000000000000e+04 9.999895608940878589e-03 0.000000000000000000e+00 1.000000000000000000e+00 0.000000000000000000e+00 0.000000000000000000e+00 0.000000000000000000e+00
4.400000000000000000e+04 1.099988516983496645e-02 0.000000000000000000e+00 1.000000000000000000e+00 0.000000000000000000e+00 0.000000000000000000e+00 0.000000000000000000e+00
4.800000000000000000e+04 1.199987473072905431e-02 0.000000000000000000e+00 1.000000000000000000e+00 0.000000000000000000e+00 0.000000000000000000e+00 0.000000000000000000e+00
5.200000000000000000e+04 1.299986429162292012e-02 0.000000000000000000e+00 1.000000000000000000e+00 0.000000000000000000e+00 0.000000000000000000e+00 0.000000000000000000e+00
5.600000000000000000e+04 1.399985385251700798e-02 0.000000000000000000e+00 1.000000000000000000e+00 0.000000000000000000e+00 0.000000000000000000e+00 0.000000000000000000e+00
6.000000000000000000e+04 1.499984341341109584e-02 0.000000000000000000e+00 1.000000000000000000e+00 0.000000000000000000e+00 0.000000000000000000e+00 0.000000000000000000e+00
6.400000000000000000e+04 1.599983297430518370e-02 0.000000000000000000e+00 1.000000000000000000e+00 0.000000000000000000e+00 0.000000000000000000e+00 0.000000000000000000e+00
6.800000000000000000e+04 1.699982253519927156e-02 0.000000000000000000e+00 1.000000000000000000e+00 0.000000000000000000e+00 0.000000000000000000e+00 0.000000000000000000e+00
7.200000000000000000e+04 1.799981209609335941e-02 0.000000000000000000e+00 1.000000000000000000e+00 0.000000000000000000e+00 0.000000000000000000e+00 0.000000000000000000e+00
7.600000000000000000e+04 1.899980165698744727e-02 0.000000000000000000e+00 1.000000000000000000e+00 0.000000000000000000e+00 0.000000000000000000e+00 0.000000000000000000e+00
8.000000000000000000e+04 1.999979121788153513e-02 0.000000000000000000e+00 1.000000000000000000e+00 0.000000000000000000e+00 0.000000000000000000e+00 0.000000000000000000e+00
8.400000000000000000e+04 2.099978077877562299e-02 0.000000000000000000e+00 1.000000000000000000e+00 0.000000000000000000e+00 0.000000000000000000e+00 0.000000000000000000e+00
8.800000000000000000e+04 2.199977033966971085e-02 0.000000000000000000e+00 1.000000000000000000e+00 0.000000000000000000e+00 0.000000000000000000e+00 0.000000000000000000e+00
9.200000000000000000e+04 2.299975990056379871e-02 0.000000000000000000e+00 1.000000000000000000e+00 0.000000000000000000e+00 0.000000000000000000e+00 0.000000000000000000e+00
9.600000000000000000e+04 2.399974946145788657e-02 0.000000000000000000e+00 1.000000000000000000e+00 0.000000000000000000e+00 0.000000000000000000e+00 0.000000000000000000e+00
1.000000000000000000e+05 2.499973902235197443e-02 0.000000000000000000e+00 1.000000000000000000e+00 0.000000000000000000e+00 0.000000000000000000e+00 0.000000000000000000e+00
1.040000000000000000e+05 2.599972858324606229e-02 0.000000000000000000e+00 1.000000000000000000e+00 0.000000000000000000e+00 0.000000000000000000e+00 0.000000000000000000e+00
1.080000000000000000e+05 2.699971814414015014e-02 0.000000000000000000e+00 1.000000000000000000e+00 0.000000000000000000e+00 0.000000000000000000e+00 0.000000000000000000e+00
1.120000000000000000e+05 2.799970770503423800e-02 0.000000000000000000e+00 1.000000000000000000e+00 0.000000000000000000e+00 0.000000000000000000e+00 0.000000000000000000e+00
1.160000000000000000e+05 2.899969726592832586e-02 0.000000000000000000e+00 1.000000000000000000e+00 0.000000000000000000e+00 0.000000000000000000e+00 0.000000000000000000e+00
1.200000000000000000e+05 2.999968682682241372e-02 0.000000000000000000e+00 1.000000000000000000e+00 0.000000000000000000e+00 0.000000000000000000e+00 0.000000000000000000e+00
1.240000000000000000e+05 3.099967638771650158e-02 0.000000000000000000e+00 1.000000000000000000e+00 0.000000000000000000e+00 0.000000000000000000e+00 0.000000000000000000e+00
1.280000000000000000e+05 3.199966594861058944e-02 0.000000000000000000e+00 1.000000000000000000e+00 0.000000000000000000e+00 0.000000000000000000e+00 0.000000000000000000e+00
1.320000000000000000e+05 3.299965550950467730e-02 0.000000000000000000e+00 1.000000000000000000e+00 0.000000000000000000e+00 0.000000000000000000e+00 0.000000000000000000e+00
1.360000000000000000e+05 3.399964507039876516e-02 0.000000000000000000e+00 1.000000000000000000e+00 0.000000000000000000e+00 0.000000000000000000e+00 0.000000000000000000e+00
1.400000000000000000e+05 3.499963463129285302e-02 0.000000000000000000e+00 1.000000000000000000e+00 0.000000000000000000e+00 0.000000000000000000e+00 0.000000000000000000e+00
1.440000000000000000e+05 3.599962419218694087e-02 0.000000000000000000e+00 1.000000000000000000e+00 0.000000000000000000e+00 0.000000000000000000e+00 0.000000000000000000e+00
1.480000000000000000e+05 3.699961375308102873e-02 0.000000000000000000e+00 1.000000000000000000e+00 0.000000000000000000e+00 0.000000000000000000e+00 0.000000000000000000e+00
1.520000000000000000e+05 3.799960331397511659e-02 0.000000000000000000e+00 1.000000000000000000e+00 0.000000000000000000e+00 0.000000000000000000e+00 0.000000000000000000e+00
1.560000000000000000e+05 3.899959287486898241e-02 0.000000000000000000e+00 1.000000000000000000e+00 0.000000000000000000e+00 0.000000000000000000e+00 0.000000000000000000e+00
1.600000000000000000e+05 3.999958243576307027e-02 0.000000000000000000e+00 1.000000000000000000e+00 0.000000000000000000e+00 0.000000000000000000e+00 0.000000000000000000e+00
1.640000000000000000e+05 4.099957199665715812e-02 0.000000000000000000e+00 1.000000000000000000e+00 0.000000000000000000e+00 0.000000000000000000e+00 0.000000000000000000e+00
1.680000000000000000e+05 4.199956155755124598e-02 0.000000000000000000e+00 1.000000000000000000e+00 0.000000000000000000e+00 0.000000000000000000e+00 0.000000000000000000e+00
1.720000000000000000e+05 4.299955111844533384e-02 0.000000000000000000e+00 1.000000000000000000e+00 0.000000000000000000e+00 0.000000000000000000e+00 0.000000000000000000e+00
1.760000000000000000e+05 4.399954067933942170e-02 0.000000000000000000e+00 1.000000000000000000e+00 0.000000000000000000e+00 0.000000000000000000e+00 0.000000000000000000e+00
1.800000000000000000e+05 4.499953024023350956e-02 0.000000000000000000e+00 1.000000000000000000e+00 0.000000000000000000e+00 0.000000000000000000e+00 0.000000000000000000e+00
1.840000000000000000e+05 4.599951980112759742e-02 0.000000000000000000e+00 1.000000000000000000e+00 0.000000000000000000e+00 0.000000000000000000e+00 0.000000000000000000e+00
1.880000000000000000e+05 4.699950936202168528e-02 0.000000000000000000e+00 1.000000000000000000e+00 0.000000000000000000e+00 0.000000000000000000e+00 0.000000000000000000e+00
1.920000000000000000e+05 4.799949892291577314e-02 0.000000000000000000e+00 1.000000000000000000e+00 0.000000000000000000e+00 0.000000000000000000e+00 0.000000000000000000e+00
1.960000000000000000e+05 4.899948848380986099e-02 0.000000000000000000e+00 1.000000000000000000e+00 0.000000000000000000e+00 0.000000000000000000e+00 0.000000000000000000e+00
2.000000000000000000e+05 4.999947804470394885e-02 0.000000000000000000e+00 1.000000000000000000e+00 0.000000000000000000e+00 0.000000000000000000e+00 0.000000000000000000e+00
2.040000000000000000e+05 5.099946760559803671e-02 0.000000000000000000e+00 1.000000000000000000e+00 0.000000000000000000e+00 0.000000000000000000e+00 0.000000000000000000e+00
2.080000000000000000e+05 5.199945716649212457e-02 0.000000000000000000e+00 1.000000000000000000e+00 0.000000000000000000e+00 0.000000000000000000e+00 0.000000000000000000e+00
2.120000000000000000e+05 5.299944672738621243e-02 0.000000000000000000e+00 1.000000000000000000e+00 0.000000000000000000e+00 0.000000000000000000e+00 0.000000000000000000e+00
2.160000000000000000e+05 5.399943628828030029e-02 0.000000000000000000e+00 1.000000000000000000e+00 0.000000000000000000e+00 0.000000000000000000e+00 0.000000000000000000e+00
2.200000000000000000e+05 5.499942584917438815e-02 0.000000000000000000e+00 1.000000000000000000e+00 0.000000000000000000e+00 0.000000000000000000e+00 0.000000000000000000e+00
2.240000000000000000e+05 5.599941541006847601e-02 0.000000000000000000e+00 1.000000000000000000e+00 0.000000000000000000e+00 0.000000000000000000e+00 0.000000000000000000e+00
2.280000000000000000e+05 5.699940497096256387e-02 0.000000000000000000e+00 1.000000000000000000e+00 0.000000000000000000e+00 0.000000000000000000e+00 0.000000000000000000e+00
2.320000000000000000e+05 5.799939453185665172e-02 0.000000000000000000e+00 1.000000000000000000e+00 0.000000000000000000e+00 0.000000000000000000e+00 0.000000000000000000e+00
2.360000000000000000e+05 5.899938409275073958e-02 0.000000000000000000e+00 1.000000000000000000e+00 0.000000000000000000e+00 0.000000000000000000e+00 0.000000000000000000e+00
2.400000000000000000e+05 5.999937365364482744e-02 0.000000000000000000e+00 1.000000000000000000e+00 0.000000000000000000e+00 0.000000000000000000e+00 0.000000000000000000e+00
2.440000000000000000e+05 6.099936321453891530e-02 0.000000000000000000e+00 1.000000000000000000e+00 0.000000000000000000e+00 0.000000000000000000e+00 0.000000000000000000e+00
2.480000000000000000e+05 6.199935277543300316e-02 0.000000000000000000e+00 1.000000000000000000e+00 0.000000000000000000e+00 0.000000000000000000e+00 0.000000000000000000e+00
2.520000000000000000e+05 6.299934233632709102e-02 0.000000000000000000e+00 1.000000000000000000e+00 0.000000000000000000e+00 0.000000000000000000e+00 0.000000000000000000e+00
2.560000000000000000e+05 6.399933189722095683e-02 4.551661356395084266e-04 9.995448338643604380e-01 0.000000000000000000e+00 0.000000000000000000e+00 0.000000000000000000e+00
2.600000000000000000e+05 6.499932145811504469e-02 2.275830678197542133e-04 9.997724169321802190e-01 0.000000000000000000e+00 0.000000000000000000e+00 0.000000000000000000e+00
2.640000000000000000e+05 6.599931101900913255e-02 0.000000000000000000e+00 1.000000000000000000e+00 0.000000000000000000e+00 0.000000000000000000e+00 0.000000000000000000e+00
2.680000000000000000e+05 6.699930057990322041e-02 4.551661356395084266e-04 9.995448338643604380e-01 0.000000000000000000e+00 0.000000000000000000e+00 0.000000000000000000e+00
2.720000000000000000e+05 6.799929014079730827e-02 0.000000000000000000e+00 1.000000000000000000e+00 0.000000000000000000e+00 0.000000000000000000e+00 0.000000000000000000e+00
2.760000000000000000e+05 6.899927970169139613e-02 0.000000000000000000e+00 1.000000000000000000e+00 0.000000000000000000e+00 0.000000000000000000e+00 0.000000000000000000e+00
2.800000000000000000e+05 6.999926926258548399e-02 0.000000000000000000e+00 1.000000000000000000e+00 0.000000000000000000e+00 0.000000000000000000e+00 0.000000000000000000e+00
2.840000000000000000e+05 7.099925882347957184e-02 0.000000000000000000e+00 1.000000000000000000e+00 0.000000000000000000e+00 0.000000000000000000e+00 0.000000000000000000e+00
2.880000000000000000e+05 7.199924838437365970e-02 0.000000000000000000e+00 1.000000000000000000e+00 0.000000000000000000e+00 0.000000000000000000e+00 0.000000000000000000e+00
2.920000000000000000e+05 7.299923794526774756e-02 2.275830678197542133e-04 9.997724169321802190e-01 0.000000000000000000e+00 0.000000000000000000e+00 0.000000000000000000e+00
2.960000000000000000e+05 7.399922750616183542e-02 0.000000000000000000e+00 1.000000000000000000e+00 0.000000000000000000e+00 0.000000000000000000e+00 0.000000000000000000e+00
3.000000000000000000e+05 7.499921706705592328e-02 7.965407373691396923e-04 9.992034592626308775e-01 0.000000000000000000e+00 0.000000000000000000e+00 0.000000000000000000e+00
3.040000000000000000e+05 7.599920662795001114e-02 0.000000000000000000e+00 1.000000000000000000e+00 0.000000000000000000e+00 0.000000000000000000e+00 0.000000000000000000e+00
3.080000000000000000e+05 7.699919618884409900e-02 2.275830678197542133e-04 9.997724169321802190e-01 0.000000000000000000e+00 0.000000000000000000e+00 0.000000000000000000e+00
3.120000000000000000e+05 7.799918574973818686e-02 1.365498406918525280e-03 9.986345015930814251e-01 0.000000000000000000e+00 0.000000000000000000e+00 0.000000000000000000e+00
3.160000000000000000e+05 7.899917531063227472e-02 5.689576695493854790e-04 9.994310423304506585e-01 0.000000000000000000e+00 0.000000000000000000e+00 0.000000000000000000e+00
3.200000000000000000e+05 7.999916487152636257e-02 1.137915339098771066e-04 9.998862084660901095e-01 0.000000000000000000e+00 0.000000000000000000e+00 0.000000000000000000e+00
3.240000000000000000e+05 8.099915443242045043e-02 1.251706873008648227e-03 9.987482931269913156e-01 0.000000000000000000e+00 0.000000000000000000e+00 0.000000000000000000e+00
3.280000000000000000e+05 8.199914399331453829e-02 0.000000000000000000e+00 1.000000000000000000e+00 0.000000000000000000e+00 0.000000000000000000e+00 0.000000000000000000e+00
3.320000000000000000e+05 8.299913355420862615e-02 4.551661356395084266e-04 9.995448338643604380e-01 0.000000000000000000e+00 0.000000000000000000e+00 0.000000000000000000e+00
3.360000000000000000e+05 8.399912311510271401e-02 1.479289940828402332e-03 9.985207100591716456e-01 0.000000000000000000e+00 0.000000000000000000e+00 0.000000000000000000e+00
3.400000000000000000e+05 8.499911267599680187e-02 1.479289940828402332e-03 9.985207100591716456e-01 0.000000000000000000e+00 0.000000000000000000e+00 0.000000000000000000e+00
3.440000000000000000e+05 8.599910223689088973e-02 6.827492034592626399e-04 9.992034592626308775e-01 0.000000000000000000e+00 1.137915339098771066e-04 0.000000000000000000e+00
3.480000000000000000e+05 8.699909179778497759e-02 1.251706873008648227e-03 9.986345015930814251e-01 0.000000000000000000e+00 1.137915339098771066e-04 0.000000000000000000e+00
3.520000000000000000e+05 8.799908135867906545e-02 9.103322712790168532e-04 9.990896677287209870e-01 0.000000000000000000e+00 0.000000000000000000e+00 0.000000000000000000e+00
3.560000000000000000e+05 8.899907091957293126e-02 3.413746017296313199e-04 9.996586253982703285e-01 0.000000000000000000e+00 0.000000000000000000e+00 0.000000000000000000e+00
3.600000000000000000e+05 8.999906048046701912e-02 1.479289940828402332e-03 9.985207100591716456e-01 0.000000000000000000e+00 0.000000000000000000e+00 0.000000000000000000e+00
3.640000000000000000e+05 9.099905004136110698e-02 3.413746017296313199e-04 9.996586253982703285e-01 0.000000000000000000e+00 0.000000000000000000e+00 0.000000000000000000e+00
3.680000000000000000e+05 9.199903960225519484e-02 1.365498406918525280e-03 9.985207100591716456e-01 0.000000000000000000e+00 1.137915339098771066e-04 0.000000000000000000e+00
3.720000000000000000e+05 9.299902916314928270e-02 1.365498406918525280e-03 9.986345015930814251e-01 0.000000000000000000e+00 0.000000000000000000e+00 0.000000000000000000e+00
3.760000000000000000e+05 9.399901872404337055e-02 1.820664542558033706e-03 9.981793354574419741e-01 0.000000000000000000e+00 0.000000000000000000e+00 0.000000000000000000e+00
3.800000000000000000e+05 9.499900828493745841e-02 2.048247610377787811e-03 9.978379608557123026e-01 0.000000000000000000e+00 1.137915339098771066e-04 0.000000000000000000e+00
3.840000000000000000e+05 9.599899784583154627e-02 7.965407373691396923e-04 9.990896677287209870e-01 0.000000000000000000e+00 1.137915339098771066e-04 0.000000000000000000e+00
3.880000000000000000e+05 9.699898740672563413e-02 3.413746017296313308e-03 9.964724624487938387e-01 0.000000000000000000e+00 1.137915339098771066e-04 0.000000000000000000e+00
3.920000000000000000e+05 9.799897696761972199e-02 3.299954483386436255e-03 9.963586709148839482e-01 0.000000000000000000e+00 3.413746017296313199e-04 0.000000000000000000e+00
3.960000000000000000e+05 9.899896652851380985e-02 1.593081474738279385e-03 9.984069185252617551e-01 0.000000000000000000e+00 0.000000000000000000e+00 0.000000000000000000e+00
4.000000000000000000e+05 9.999895608940789771e-02 2.389622212107419402e-03 9.973827947200728516e-01 0.000000000000000000e+00 2.275830678197542133e-04 0.000000000000000000e+00
4.040000000000000000e+05 1.009989456503019856e-01 3.868912152935821518e-03 9.957897132453344957e-01 0.000000000000000000e+00 3.413746017296313199e-04 0.000000000000000000e+00
4.080000000000000000e+05 1.019989352111960734e-01 5.120619025944469528e-03 9.945380063723259223e-01 0.000000000000000000e+00 3.413746017296313199e-04 0.000000000000000000e+00
4.120000000000000000e+05 1.029989247720901613e-01 8.079198907601274626e-03 9.907828857532999800e-01 0.000000000000000000e+00 1.137915339098770958e-03 0.000000000000000000e+00
4.160000000000000000e+05 1.039989143329842491e-01 5.917159763313609329e-03 9.937414656349567998e-01 0.000000000000000000e+00 3.413746017296313199e-04 0.000000000000000000e+00
4.200000000000000000e+05 1.049989038938783370e-01 5.917159763313609329e-03 9.938552571688666903e-01 0.000000000000000000e+00 2.275830678197542133e-04 0.000000000000000000e+00
4.240000000000000000e+05 1.059988934547724249e-01 6.713700500682749130e-03 9.927173418297678964e-01 0.000000000000000000e+00 5.689576695493854790e-04 0.000000000000000000e+00
4.280000000000000000e+05 1.069988830156665127e-01 1.932180245789713313e-01 3.344333181611288119e-01 7.555757851615839404e-02 3.967910787437414766e-01 0.000000000000000000e+00
4.320000000000000000e+05 1.079988725765606006e-01 7.532999544833864081e-02 7.012972234865726406e-01 2.210969503868912278e-01 2.275830678197541916e-03 0.000000000000000000e+00
4.360000000000000000e+05 1.089988621374546884e-01 7.851615839781520001e-02 7.006144742831132977e-01 2.191624943104233114e-01 1.706873008648156654e-03 0.000000000000000000e+00
4.400000000000000000e+05 1.099988516983487763e-01 7.817478379608557015e-02 7.000455166135639562e-01 2.199590350477924339e-01 1.820664542558033706e-03 0.000000000000000000e+00
4.440000000000000000e+05 1.109988412592428642e-01 7.954028220300408958e-02 6.964041875284479044e-01 2.214383249886208438e-01 2.617205279927173507e-03 0.000000000000000000e+00
4.480000000000000000e+05 1.119988308201369520e-01 8.295402822030041590e-02 6.943559399180700975e-01 2.212107419208010906e-01 1.479289940828402332e-03 0.000000000000000000e+00
4.520000000000000000e+05 1.129988203810310399e-01 8.261265361857077216e-02 6.949248975876194390e-01 2.204142011834319403e-01 2.048247610377787811e-03 0.000000000000000000e+00
4.560000000000000000e+05 1.139988099419251277e-01 8.215748748293126569e-02 6.949248975876194390e-01 2.220072826581702408e-01 9.103322712790168532e-04 0.000000000000000000e+00
4.600000000000000000e+05 1.149987995028189935e-01 8.215748748293126569e-02 6.940145653163404260e-01 2.216659080564405970e-01 2.162039144287664864e-03 0.000000000000000000e+00
4.640000000000000000e+05 1.159987890637130814e-01 8.067819754210286964e-02 6.950386891215293295e-01 2.223486572598998567e-01 1.934456076467910759e-03 0.000000000000000000e+00
4.680000000000000000e+05 1.169987786246071693e-01 7.999544833864360993e-02 6.959490213928083424e-01 2.221210741920801035e-01 1.934456076467910759e-03 0.000000000000000000e+00
4.720000000000000000e+05 1.179987681855012571e-01 8.056440600819299303e-02 6.957214383249886724e-01 2.223486572598998567e-01 1.365498406918525280e-03 0.000000000000000000e+00
4.760000000000000000e+05 1.189987577463953450e-01 8.079198907601274626e-02 6.954938552571688914e-01 2.218934911242603503e-01 1.820664542558033706e-03 0.000000000000000000e+00
4.800000000000000000e+05 1.199987473072894328e-01 7.726445152480655720e-02 6.968593536640873554e-01 2.232589895311788697e-01 2.617205279927173507e-03 0.000000000000000000e+00
4.840000000000000000e+05 1.209987368681835207e-01 7.919890760127445972e-02 6.953800637232590010e-01 2.224624487938097472e-01 2.958579881656804664e-03 0.000000000000000000e+00
4.880000000000000000e+05 1.219987264290776086e-01 8.067819754210286964e-02 6.943559399180700975e-01 2.221210741920801035e-01 2.844788347746927612e-03 0.000000000000000000e+00
4.920000000000000000e+05 1.229987159899716964e-01 8.067819754210286964e-02 6.956076467910787819e-01 2.217796995903504875e-01 1.934456076467910759e-03 0.000000000000000000e+00
4.960000000000000000e+05 1.239987055508657843e-01 7.908511606736458310e-02 6.959490213928083424e-01 2.226900318616295005e-01 2.275830678197541916e-03 0.000000000000000000e+00
5.000000000000000000e+05 1.249986951117598721e-01 7.783340919435594030e-02 6.961766044606281234e-01 2.239417387346381294e-01 2.048247610377787811e-03 0.000000000000000000e+00
5.040000000000000000e+05 1.259986846726539600e-01 8.136094674556212936e-02 6.954938552571688914e-01 2.208693673190714746e-01 2.275830678197541916e-03 0.000000000000000000e+00
5.080000000000000000e+05 1.269986742335480479e-01 8.113336367774237612e-02 6.944697314519799880e-01 2.220072826581702408e-01 2.389622212107419402e-03 0.000000000000000000e+00
5.120000000000000000e+05 1.279986637944421357e-01 8.101957214383249950e-02 6.942421483841602070e-01 2.216659080564405970e-01 3.072371415566681717e-03 0.000000000000000000e+00
5.160000000000000000e+05 1.289986533553362236e-01 7.954028220300408958e-02 6.953800637232590010e-01 2.223486572598998567e-01 2.730996813837050560e-03 0.000000000000000000e+00
5.200000000000000000e+05 1.299986429162303114e-01 8.170232134729175921e-02 6.945835229858898785e-01 2.225762403277196100e-01 1.137915339098770958e-03 0.000000000000000000e+00
5.240000000000000000e+05 1.309986324771243993e-01 8.010923987255348655e-02 6.946973145197997690e-01 2.222348657259899940e-01 2.958579881656804664e-03 0.000000000000000000e+00
5.280000000000000000e+05 1.319986220380184871e-01 8.101957214383249950e-02 6.951524806554392200e-01 2.212107419208010906e-01 2.617205279927173507e-03 0.000000000000000000e+00
5.320000000000000000e+05 1.329986115989125750e-01 8.113336367774237612e-02 6.945835229858898785e-01 2.216659080564405970e-01 2.617205279927173507e-03 0.000000000000000000e+00
5.360000000000000000e+05 1.339986011598066629e-01 8.227127901684114231e-02 6.942421483841602070e-01 2.206417842512516936e-01 2.844788347746927612e-03 0.000000000000000000e+00
5.400000000000000000e+05 1.349985907207007507e-01 8.067819754210286964e-02 6.946973145197997690e-01 2.213245334547109811e-01 3.299954483386436255e-03 0.000000000000000000e+00
5.440000000000000000e+05 1.359985802815948386e-01 8.181611288120163583e-02 6.942421483841602070e-01 2.212107419208010906e-01 2.730996813837050560e-03 0.000000000000000000e+00
5.480000000000000000e+05 1.369985698424889264e-01 8.261265361857077216e-02 6.949248975876194390e-01 2.213245334547109811e-01 1.137915339098770958e-03 0.000000000000000000e+00
5.520000000000000000e+05 1.379985594033830143e-01 8.079198907601274626e-02 6.960628129267182329e-01 2.222348657259899940e-01 9.103322712790168532e-04 0.000000000000000000e+00
5.560000000000000000e+05 1.389985489642771022e-01 8.204369594902138907e-02 6.954938552571688914e-01 2.215521165225307343e-01 9.103322712790168532e-04 0.000000000000000000e+00
5.600000000000000000e+05 1.399985385251709680e-01 8.272644515248064878e-02 6.946973145197997690e-01 2.217796995903504875e-01 7.965407373691396923e-04 0.000000000000000000e+00
5.640000000000000000e+05 1.409985280860650558e-01 8.181611288120163583e-02 6.957214383249886724e-01 2.218934911242603503e-01 5.689576695493854790e-04 0.000000000000000000e+00
5.680000000000000000e+05 1.419985176469591437e-01 8.067819754210286964e-02 6.958352298588984519e-01 2.223486572598998567e-01 1.137915339098770958e-03 0.000000000000000000e+00
5.720000000000000000e+05 1.429985072078532315e-01 8.158852981338188259e-02 6.944697314519799880e-01 2.228038233955393632e-01 1.137915339098770958e-03 0.000000000000000000e+00
5.760000000000000000e+05 1.439984967687473194e-01 8.227127901684114231e-02 6.949248975876194390e-01 2.216659080564405970e-01 1.137915339098770958e-03 0.000000000000000000e+00
5.800000000000000000e+05 1.449984863296414073e-01 8.181611288120163583e-02 6.953800637232590010e-01 2.220072826581702408e-01 7.965407373691396923e-04 0.000000000000000000e+00
5.840000000000000000e+05 1.459984758905354951e-01 8.329540282203004575e-02 6.945835229858898785e-01 2.212107419208010906e-01 9.103322712790168532e-04 0.000000000000000000e+00
5.880000000000000000e+05 1.469984654514295830e-01 8.306781975421029252e-02 6.949248975876194390e-01 2.210969503868912278e-01 9.103322712790168532e-04 0.000000000000000000e+00
5.920000000000000000e+05 1.479984550123236708e-01 8.431952662721893532e-02 6.946973145197997690e-01 2.199590350477924339e-01 1.024123805188893906e-03 0.000000000000000000e+00
5.960000000000000000e+05 1.489984445732177587e-01 8.318161128812016913e-02 6.944697314519799880e-01 2.212107419208010906e-01 1.137915339098770958e-03 0.000000000000000000e+00
6.000000000000000000e+05 1.499984341341118466e-01 8.591260810195720798e-02 6.940145653163404260e-01 2.195038689121529274e-01 5.689576695493854790e-04 0.000000000000000000e+00
6.040000000000000000e+05 1.509984236950059344e-01 8.488848429676831842e-02 6.948111060537096595e-01 2.191624943104233114e-01 1.137915339098770958e-03 0.000000000000000000e+00
6.080000000000000000e+05 1.519984132559000223e-01 8.602639963586708460e-02 6.939007737824305355e-01 2.188211197086936677e-01 1.251706873008648227e-03 0.000000000000000000e+00
6.120000000000000000e+05 1.529984028167941101e-01 8.739189804278561791e-02 6.946973145197997690e-01 2.171142467000455045e-01 7.965407373691396923e-04 0.000000000000000000e+00
6.160000000000000000e+05 1.539983923776881980e-01 8.716431497496586467e-02 6.941283568502503165e-01 2.176832043695949015e-01 1.024123805188893906e-03 0.000000000000000000e+00
6.200000000000000000e+05 1.549983819385822859e-01 8.750568957669549452e-02 6.933318161128811941e-01 2.177969959035047920e-01 1.365498406918525280e-03 0.000000000000000000e+00
6.240000000000000000e+05 1.559983714994763737e-01 8.898497951752389057e-02 6.940145653163404260e-01 2.166590805644059980e-01 3.413746017296313199e-04 0.000000000000000000e+00
6.280000000000000000e+05 1.569983610603704616e-01 9.262630860263997012e-02 6.832043695949021611e-01 2.234865725989986229e-01 6.827492034592626399e-04 0.000000000000000000e+00
6.320000000000000000e+05 1.579983506212645494e-01 9.046426945835230049e-02 6.829767865270823801e-01 2.256486117432862926e-01 9.103322712790168532e-04 0.000000000000000000e+00
6.360000000000000000e+05 1.589983401821586373e-01 8.921256258534364381e-02 6.851388256713700775e-01 2.238279472007282667e-01 1.820664542558033706e-03 0.000000000000000000e+00
6.400000000000000000e+05 1.599983297430527251e-01 8.818843878015475424e-02 6.845698680018206250e-01 2.246244879380974169e-01 2.617205279927173507e-03 0.000000000000000000e+00
6.440000000000000000e+05 1.609983193039468130e-01 8.932635411925353430e-02 6.841147018661811741e-01 2.238279472007282667e-01 2.730996813837050560e-03 0.000000000000000000e+00
6.480000000000000000e+05 1.619983088648409009e-01 8.932635411925353430e-02 6.827492034592625991e-01 2.256486117432862926e-01 2.275830678197541916e-03 0.000000000000000000e+00
6.520000000000000000e+05 1.629982984257349887e-01 9.080564406008193035e-02 6.834319526627219421e-01 2.236003641329085134e-01 2.162039144287664864e-03 0.000000000000000000e+00
6.560000000000000000e+05 1.639982879866290766e-01 9.057806099226217711e-02 6.834319526627219421e-01 2.237141556668183762e-01 2.275830678197541916e-03 0.000000000000000000e+00
6.600000000000000000e+05 1.649982775475229424e-01 8.796085571233500100e-02 6.853664087391898585e-01 2.232589895311788697e-01 3.413746017296313308e-03 0.000000000000000000e+00
6.640000000000000000e+05 1.659982671084170303e-01 8.966772872098316416e-02 6.833181611288120516e-01 2.239417387346381294e-01 3.072371415566681717e-03 0.000000000000000000e+00
6.680000000000000000e+05 1.669982566693111181e-01 8.875739644970413733e-02 6.847974510696404060e-01 2.239417387346381294e-01 2.503413746017296455e-03 0.000000000000000000e+00
6.720000000000000000e+05 1.679982462302052060e-01 9.000910332271279402e-02 6.837733272644515026e-01 2.230314064633591165e-01 3.186162949476558769e-03 0.000000000000000000e+00
6.760000000000000000e+05 1.689982357910992938e-01 9.126081019572143682e-02 6.832043695949021611e-01 2.224624487938097472e-01 3.072371415566681717e-03 0.000000000000000000e+00
6.800000000000000000e+05 1.699982253519933817e-01 9.012289485662267063e-02 6.827492034592625991e-01 2.240555302685480199e-01 3.072371415566681717e-03 0.000000000000000000e+00
6.840000000000000000e+05 1.709982149128874696e-01 9.000910332271279402e-02 6.829767865270823801e-01 2.233727810650887602e-01 3.641329085116067413e-03 0.000000000000000000e+00
6.880000000000000000e+05 1.719982044737815574e-01 8.864360491579426071e-02 6.833181611288120516e-01 2.245106964041875264e-01 3.527537551206190360e-03 0.000000000000000000e+00
6.920000000000000000e+05 1.729981940346756453e-01 9.012289485662267063e-02 6.826354119253527086e-01 2.232589895311788697e-01 3.982703686845699004e-03 0.000000000000000000e+00
6.960000000000000000e+05 1.739981835955697331e-01 9.285389167045972336e-02 6.825216203914429292e-01 2.214383249886208438e-01 3.186162949476558769e-03 0.000000000000000000e+00
7.000000000000000000e+05 1.749981731564638210e-01 9.262630860263997012e-02 6.832043695949021611e-01 2.212107419208010906e-01 2.958579881656804664e-03 0.000000000000000000e+00
7.040000000000000000e+05 1.759981627173579088e-01 9.228493400091032639e-02 6.817250796540736957e-01 2.214383249886208438e-01 4.551661356395083832e-03 0.000000000000000000e+00
7.080000000000000000e+05 1.769981522782519967e-01 8.921256258534364381e-02 6.832043695949021611e-01 2.232589895311788697e-01 4.324078288575329727e-03 0.000000000000000000e+00
7.120000000000000000e+05 1.779981418391460846e-01 9.274010013654984674e-02 6.834319526627219421e-01 2.196176604460628179e-01 4.210286754665453109e-03 0.000000000000000000e+00
7.160000000000000000e+05 1.789981314000401724e-01 9.330905780609922984e-02 6.819526627218934767e-01 2.212107419208010906e-01 3.527537551206190360e-03 0.000000000000000000e+00
7.200000000000000000e+05 1.799981209609342603e-01 8.921256258534364381e-02 6.845698680018206250e-01 2.210969503868912278e-01 5.120619025944469528e-03 0.000000000000000000e+00
7.240000000000000000e+05 1.809981105218283481e-01 9.228493400091032639e-02 6.836595357305416121e-01 2.200728265817023244e-01 3.982703686845699004e-03 0.000000000000000000e+00
7.280000000000000000e+05 1.819981000827224360e-01 9.319526627218935322e-02 6.824078288575330387e-01 2.188211197086936677e-01 5.575785161583977738e-03 0.000000000000000000e+00
7.320000000000000000e+05 1.829980896436165239e-01 9.194355939918069653e-02 6.828629949931724896e-01 2.192762858443331742e-01 5.917159763313609329e-03 0.000000000000000000e+00
7.360000000000000000e+05 1.839980792045106117e-01 9.046426945835230049e-02 6.828629949931724896e-01 2.204142011834319403e-01 6.258534365043240920e-03 0.000000000000000000e+00
7.400000000000000000e+05 1.849980687654046996e-01 9.604005461993628257e-02 6.813837050523441352e-01 2.170004551661356418e-01 5.575785161583977738e-03 0.000000000000000000e+00
7.440000000000000000e+05 1.859980583262987874e-01 9.182976786527081992e-02 6.836595357305416121e-01 2.192762858443331742e-01 5.234410559854347014e-03 0.000000000000000000e+00
7.480000000000000000e+05 1.869980478871928753e-01 9.285389167045972336e-02 6.827492034592625991e-01 2.193900773782430647e-01 5.006827492034592909e-03 0.000000000000000000e+00
7.520000000000000000e+05 1.879980374480869632e-01 9.535730541647700897e-02 6.841147018661811741e-01 2.147246244879381094e-01 5.803368229403732710e-03 0.000000000000000000e+00
7.560000000000000000e+05 1.889980270089810510e-01 9.103322712790168358e-02 6.850250341374601870e-01 2.173418297678652578e-01 6.599908966772872511e-03 0.000000000000000000e+00
7.600000000000000000e+05 1.899980165698751389e-01 9.501593081474737912e-02 6.816112881201638052e-01 2.174556213017751483e-01 5.917159763313609329e-03 0.000000000000000000e+00
7.640000000000000000e+05 1.909980061307690047e-01 9.148839326354119006e-02 6.850250341374601870e-01 2.162039144287664916e-01 7.282658170232134826e-03 0.000000000000000000e+00
7.680000000000000000e+05 1.919979956916630925e-01 1.405325443786982209e-01 6.818388711879835862e-01 1.607874374146563423e-01 1.684114701866181243e-02 0.000000000000000000e+00
7.720000000000000000e+05 1.929979852525571804e-01 9.660901228948566566e-02 6.910559854346836062e-01 2.012972234865725851e-01 1.103777878925807886e-02 0.000000000000000000e+00
7.760000000000000000e+05 1.939979748134512683e-01 9.490213928083750250e-02 6.888939462903960198e-01 2.064178425125170746e-01 9.786071916249430847e-03 0.000000000000000000e+00
7.800000000000000000e+05 1.949979643743453561e-01 9.399180700955848955e-02 6.935593991807009751e-01 2.048247610377788019e-01 7.624032771961766417e-03 0.000000000000000000e+00
7.840000000000000000e+05 1.959979539352394440e-01 9.091943559399180697e-02 6.945835229858898785e-01 2.060764679107874309e-01 8.420573509330906217e-03 0.000000000000000000e+00
7.880000000000000000e+05 1.969979434961335318e-01 9.137460172963131344e-02 6.925352753755120716e-01 2.085798816568047442e-01 7.510241238051888930e-03 0.000000000000000000e+00
7.920000000000000000e+05 1.979979330570276197e-01 9.262630860263997012e-02 6.906008192990441552e-01 2.101729631315430169e-01 6.599908966772872511e-03 0.000000000000000000e+00
7.960000000000000000e+05 1.989979226179217076e-01 8.909877105143376719e-02 6.935593991807009751e-01 2.089212562585343602e-01 8.420573509330906217e-03 0.000000000000000000e+00
8.000000000000000000e+05 1.999979121788157954e-01 8.864360491579426071e-02 6.933318161128811941e-01 2.085798816568047442e-01 9.444697314519799256e-03 0.000000000000000000e+00
8.040000000000000000e+05 2.009979017397098833e-01 8.693673190714611143e-02 6.931042330450614131e-01 2.122212107419207960e-01 7.737824305871643035e-03 0.000000000000000000e+00
8.080000000000000000e+05 2.019978913006039711e-01 8.693673190714611143e-02 6.934456076467910846e-01 2.123350022758306865e-01 7.282658170232134826e-03 0.000000000000000000e+00
8.120000000000000000e+05 2.029978808614980590e-01 9.012289485662267063e-02 6.911697769685934967e-01 2.108557123350022766e-01 7.851615839781519654e-03 0.000000000000000000e+00
8.160000000000000000e+05 2.039978704223921468e-01 9.035047792444242387e-02 6.904870277651342647e-01 2.105143377332726329e-01 8.648156577150659455e-03 0.000000000000000000e+00
8.200000000000000000e+05 2.049978599832862347e-01 9.103322712790168358e-02 6.899180700955849233e-01 2.111970869367319203e-01 7.851615839781519654e-03 0.000000000000000000e+00
8.240000000000000000e+05 2.059978495441803226e-01 9.160218479745106668e-02 6.891215293582158008e-01 2.109695038689121394e-01 8.306781975421027864e-03 0.000000000000000000e+00
8.280000000000000000e+05 2.069978391050744104e-01 8.887118798361401395e-02 6.879836140191170069e-01 2.144970414201183562e-01 8.648156577150659455e-03 0.000000000000000000e+00
8.320000000000000000e+05 2.079978286659684983e-01 8.830223031406463086e-02 6.901456531634045932e-01 2.131315430131998090e-01 8.420573509330906217e-03 0.000000000000000000e+00
8.360000000000000000e+05 2.089978182268625861e-01 9.239872553482020301e-02 6.883249886208465673e-01 2.113108784706417831e-01 7.965407373691398007e-03 0.000000000000000000e+00
8.400000000000000000e+05 2.099978077877566740e-01 9.103322712790168358e-02 6.896904870277651423e-01 2.118798361401911801e-01 7.396449704142011444e-03 0.000000000000000000e+00
8.440000000000000000e+05 2.109977973486507619e-01 9.182976786527081992e-02 6.877560309512972259e-01 2.108557123350022766e-01 9.558488848429677609e-03 0.000000000000000000e+00
8.480000000000000000e+05 2.119977869095448497e-01 9.069185252617205373e-02 6.870732817478379939e-01 2.135867091488393155e-01 8.648156577150659455e-03 0.000000000000000000e+00
8.520000000000000000e+05 2.129977764704389376e-01 9.934000910332271839e-02 6.826354119253527086e-01 2.102867546654528796e-01 7.737824305871643035e-03 0.000000000000000000e+00
8.560000000000000000e+05 2.139977660313330254e-01 9.740555302685480199e-02 6.804733727810651223e-01 2.141556668183887124e-01 7.965407373691398007e-03 0.000000000000000000e+00
8.600000000000000000e+05 2.149977555922271133e-01 9.729176149294492537e-02 6.796768320436959998e-01 2.138142922166590687e-01 9.217114246700046018e-03 0.000000000000000000e+00
8.640000000000000000e+05 2.159977451531209791e-01 1.001365498406918547e-01 6.800182066454255603e-01 2.119936276741010428e-01 7.851615839781519654e-03 0.000000000000000000e+00
8.680000000000000000e+05 2.169977347140150670e-01 9.820209376422393832e-02 6.793354574419663283e-01 2.144970414201183562e-01 7.965407373691398007e-03 0.000000000000000000e+00
8.720000000000000000e+05 2.179977242749091548e-01 9.808830223031406170e-02 6.772872098315885214e-01 2.154073736913973691e-01 9.217114246700046018e-03 0.000000000000000000e+00
8.760000000000000000e+05 2.189977138358032427e-01 1.040054619936276736e-01 6.727355484751934567e-01 2.155211652253072319e-01 7.737824305871643035e-03 0.000000000000000000e+00
8.800000000000000000e+05 2.199977033966973305e-01 1.025261720527992776e-01 6.734182976786526886e-01 2.149522075557578626e-01 9.103322712790167665e-03 0.000000000000000000e+00
8.840000000000000000e+05 2.209976929575914184e-01 1.084433318161128756e-01 6.454255803368229572e-01 2.375967228038234069e-01 8.534365043240782836e-03 0.000000000000000000e+00
8.880000000000000000e+05 2.219976825184855063e-01 1.108329540282202985e-01 6.453117888029130667e-01 2.358898497951752438e-01 7.965407373691398007e-03 0.000000000000000000e+00
8.920000000000000000e+05 2.229976720793795941e-01 1.044606281292671801e-01 6.514565316340463763e-01 2.356622667273554905e-01 8.420573509330906217e-03 0.000000000000000000e+00
8.960000000000000000e+05 2.239976616402736820e-01 1.094674556213017791e-01 6.477014110150204340e-01 2.374829312699135164e-01 5.348202093764223633e-03 0.000000000000000000e+00
9.000000000000000000e+05 2.249976512011677698e-01 1.127674101046882149e-01 6.892353208921255803e-01 1.925352753755120716e-01 5.461993627674101119e-03 0.000000000000000000e+00
9.040000000000000000e+05 2.259976407620618577e-01 1.044606281292671801e-01 6.987938097405552718e-01 1.924214838416021811e-01 4.324078288575329727e-03 0.000000000000000000e+00
9.080000000000000000e+05 2.269976303229559456e-01 1.086709148839326289e-01 6.950386891215293295e-01 1.907146108329540179e-01 5.575785161583977738e-03 0.000000000000000000e+00
