# itime ezz other fcc hcp bcc ico
0.000000000000000000e+00 0.000000000000000000e+00 5.689576695493854790e-04 9.994310423304506585e-01 0.000000000000000000e+00 0.000000000000000000e+00 0.000000000000000000e+00
2.500000000000000000e+02 1.000009077967156657e-03 9.103322712790168532e-04 9.990896677287209870e-01 0.000000000000000000e+00 0.000000000000000000e+00 0.000000000000000000e+00
5.000000000000000000e+02 2.000018155934535358e-03 0.000000000000000000e+00 1.000000000000000000e+00 0.000000000000000000e+00 0.000000000000000000e+00 0.000000000000000000e+00
7.500000000000000000e+02 3.000027233901692014e-03 6.827492034592626399e-04 9.993172507965407680e-01 0.000000000000000000e+00 0.000000000000000000e+00 0.000000000000000000e+00
1.000000000000000000e+03 4.000036311869070715e-03 3.413746017296313199e-04 9.996586253982703285e-01 0.000000000000000000e+00 0.000000000000000000e+00 0.000000000000000000e+00
1.250000000000000000e+03 5.000045389836227372e-03 9.103322712790168532e-04 9.990896677287209870e-01 0.000000000000000000e+00 0.000000000000000000e+00 0.000000000000000000e+00
1.500000000000000000e+03 6.000054467803606073e-03 7.965407373691396923e-04 9.992034592626308775e-01 0.000000000000000000e+00 0.000000000000000000e+00 0.000000000000000000e+00
1.750000000000000000e+03 7.000063545770762730e-03 9.103322712790168532e-04 9.990896677287209870e-01 0.000000000000000000e+00 0.000000000000000000e+00 0.000000000000000000e+00
2.000000000000000000e+03 8.000072623738141431e-03 1.024123805188893906e-03 9.989758761948110966e-01 0.000000000000000000e+00 0.000000000000000000e+00 0.000000000000000000e+00
2.250000000000000000e+03 9.000081701705298087e-03 6.827492034592626399e-04 9.993172507965407680e-01 0.000000000000000000e+00 0.000000000000000000e+00 0.000000000000000000e+00
2.500000000000000000e+03 1.000009077967267679e-02 2.617205279927173507e-03 9.973827947200728516e-01 0.000000000000000000e+00 0.000000000000000000e+00 0.000000000000000000e+00
2.750000000000000000e+03 1.100009985763983344e-02 1.251706873008648227e-03 9.987482931269913156e-01 0.000000000000000000e+00 0.000000000000000000e+00 0.000000000000000000e+00
3.000000000000000000e+03 1.200010893560721215e-02 5.689576695493854790e-04 9.993172507965407680e-01 0.000000000000000000e+00 1.137915339098771066e-04 0.000000000000000000e+00
3.250000000000000000e+03 1.300011801357436880e-02 1.706873008648156654e-03 9.982931269913518646e-01 0.000000000000000000e+00 0.000000000000000000e+00 0.000000000000000000e+00
3.500000000000000000e+03 1.400012709154174750e-02 1.934456076467910759e-03 9.980655439235320836e-01 0.000000000000000000e+00 0.000000000000000000e+00 0.000000000000000000e+00
3.750000000000000000e+03 1.500013616950890416e-02 9.103322712790168532e-04 9.990896677287209870e-01 0.000000000000000000e+00 0.000000000000000000e+00 0.000000000000000000e+00
4.000000000000000000e+03 1.600014524747628286e-02 6.827492034592626399e-04 9.993172507965407680e-01 0.000000000000000000e+00 0.000000000000000000e+00 0.000000000000000000e+00
4.250000000000000000e+03 1.700015432544343952e-02 1.706873008648156654e-03 9.981793354574419741e-01 0.000000000000000000e+00 1.137915339098771066e-04 0.000000000000000000e+00
4.500000000000000000e+03 1.800016340341081822e-02 7.965407373691396923e-04 9.992034592626308775e-01 0.000000000000000000e+00 0.000000000000000000e+00 0.000000000000000000e+00
4.750000000000000000e+03 1.900017248137797488e-02 1.137915339098770958e-03 9.988620846609012061e-01 0.000000000000000000e+00 0.000000000000000000e+00 0.000000000000000000e+00
5.000000000000000000e+03 2.000018155934535358e-02 2.844788347746927612e-03 9.971552116522530707e-01 0.000000000000000000e+00 0.000000000000000000e+00 0.000000000000000000e+00
5.250000000000000000e+03 2.100019063731251023e-02 1.137915339098770958e-03 9.988620846609012061e-01 0.000000000000000000e+00 0.000000000000000000e+00 0.000000000000000000e+00
5.500000000000000000e+03 2.200019971527988893e-02 1.137915339098770958e-03 9.987482931269913156e-01 0.000000000000000000e+00 1.137915339098771066e-04 0.000000000000000000e+00
5.750000000000000000e+03 2.300020879324704559e-02 2.389622212107419402e-03 9.976103777878926326e-01 0.000000000000000000e+00 0.000000000000000000e+00 0.000000000000000000e+00
6.000000000000000000e+03 2.400021787121442429e-02 2.730996813837050560e-03 9.972690031861629611e-01 0.000000000000000000e+00 0.000000000000000000e+00 0.000000000000000000e+00
6.250000000000000000e+03 2.500022694918158095e-02 4.665452890304961318e-03 9.953345471096950448e-01 0.000000000000000000e+00 0.000000000000000000e+00 0.000000000000000000e+00
6.500000000000000000e+03 2.600023602714895965e-02 3.527537551206190360e-03 9.962448793809740577e-01 0.000000000000000000e+00 2.275830678197542133e-04 0.000000000000000000e+00
6.750000000000000000e+03 2.700024510511611631e-02 1.820664542558033706e-03 9.980655439235320836e-01 0.000000000000000000e+00 1.137915339098771066e-04 0.000000000000000000e+00
7.000000000000000000e+03 2.800025418308349501e-02 2.048247610377787811e-03 9.979517523896221931e-01 0.000000000000000000e+00 0.000000000000000000e+00 0.000000000000000000e+00
7.250000000000000000e+03 2.900026326105065166e-02 5.234410559854347014e-03 9.945380063723259223e-01 0.000000000000000000e+00 2.275830678197542133e-04 0.000000000000000000e+00
7.500000000000000000e+03 3.000027233901803037e-02 4.324078288575329727e-03 9.956759217114247162e-01 0.000000000000000000e+00 0.000000000000000000e+00 0.000000000000000000e+00
7.750000000000000000e+03 3.100028141698518702e-02 5.120619025944469528e-03 9.948793809740554828e-01 0.000000000000000000e+00 0.000000000000000000e+00 0.000000000000000000e+00
8.000000000000000000e+03 3.200029049495256572e-02 3.072371415566681717e-03 9.968138370505233992e-01 0.000000000000000000e+00 1.137915339098771066e-04 0.000000000000000000e+00
8.250000000000000000e+03 3.300029957291972238e-02 6.713700500682749130e-03 9.931725079654073474e-01 0.000000000000000000e+00 1.137915339098771066e-04 0.000000000000000000e+00
8.500000000000000000e+03 3.400030865088710108e-02 4.437869822485207214e-03 9.954483386436049352e-01 0.000000000000000000e+00 1.137915339098771066e-04 0.000000000000000000e+00
8.750000000000000000e+03 3.500031772885425774e-02 3.413746017296313308e-03 9.965862539827037292e-01 0.000000000000000000e+00 0.000000000000000000e+00 0.000000000000000000e+00
9.000000000000000000e+03 3.600032680682163644e-02 4.096495220755575623e-03 9.956759217114247162e-01 0.000000000000000000e+00 2.275830678197542133e-04 0.000000000000000000e+00
9.250000000000000000e+03 3.700033588478879309e-02 6.713700500682749130e-03 9.927173418297678964e-01 0.000000000000000000e+00 5.689576695493854790e-04 0.000000000000000000e+00
9.500000000000000000e+03 3.800034496275617180e-02 6.827492034592626616e-03 9.930587164314974569e-01 0.000000000000000000e+00 1.137915339098771066e-04 0.000000000000000000e+00
9.750000000000000000e+03 3.900035404072332845e-02 5.803368229403732710e-03 9.940828402366863603e-01 0.000000000000000000e+00 1.137915339098771066e-04 0.000000000000000000e+00
1.000000000000000000e+04 4.000036311869070715e-02 9.217114246700046018e-03 9.906690942193900895e-01 0.000000000000000000e+00 1.137915339098771066e-04 0.000000000000000000e+00
1.025000000000000000e+04 4.100037219665786381e-02 1.024123805188893906e-02 9.893035958124715146e-01 0.000000000000000000e+00 4.551661356395084266e-04 0.000000000000000000e+00
1.050000000000000000e+04 4.200038127462502047e-02 1.194811106053709528e-02 9.878243058716431602e-01 0.000000000000000000e+00 2.275830678197542133e-04 0.000000000000000000e+00
1.075000000000000000e+04 4.300039035259239917e-02 6.144742831133363434e-03 9.934000910332271284e-01 0.000000000000000000e+00 4.551661356395084266e-04 0.000000000000000000e+00
1.100000000000000000e+04 4.400039943055955582e-02 8.192990441511151245e-03 9.914656349567592120e-01 0.000000000000000000e+00 3.413746017296313199e-04 0.000000000000000000e+00
1.125000000000000000e+04 4.500040850852693453e-02 7.737824305871643035e-03 9.913518434228493215e-01 0.000000000000000000e+00 9.103322712790168532e-04 0.000000000000000000e+00
1.150000000000000000e+04 4.600041758649409118e-02 9.786071916249430847e-03 9.897587619481110766e-01 0.000000000000000000e+00 4.551661356395084266e-04 0.000000000000000000e+00
1.175000000000000000e+04 4.700042666446146988e-02 8.648156577150659455e-03 9.912380518889394310e-01 0.000000000000000000e+00 1.137915339098771066e-04 0.000000000000000000e+00
1.200000000000000000e+04 4.800043574242862654e-02 1.228948566226672687e-02 9.872553482020938187e-01 0.000000000000000000e+00 4.551661356395084266e-04 0.000000000000000000e+00
1.225000000000000000e+04 4.900044482039600524e-02 1.137915339098771045e-02 9.877105143377332697e-01 0.000000000000000000e+00 9.103322712790168532e-04 0.000000000000000000e+00
1.250000000000000000e+04 5.000045389836316190e-02 1.923076923076923184e-02 9.800864815657714946e-01 0.000000000000000000e+00 6.827492034592626399e-04 0.000000000000000000e+00
1.275000000000000000e+04 5.100046297633054060e-02 1.547564861174328607e-02 9.837278106508875464e-01 0.000000000000000000e+00 7.965407373691396923e-04 0.000000000000000000e+00
1.300000000000000000e+04 5.200047205429769726e-02 1.524806554392353283e-02 9.841829767865271084e-01 0.000000000000000000e+00 5.689576695493854790e-04 0.000000000000000000e+00
1.325000000000000000e+04 5.300048113226507596e-02 1.547564861174328607e-02 9.836140191169776559e-01 0.000000000000000000e+00 9.103322712790168532e-04 0.000000000000000000e+00
1.350000000000000000e+04 5.400049021023223261e-02 1.672735548475193582e-02 9.823623122439690825e-01 0.000000000000000000e+00 9.103322712790168532e-04 0.000000000000000000e+00
1.375000000000000000e+04 5.500049928819961131e-02 1.945835229858898507e-02 9.794037323623122626e-01 0.000000000000000000e+00 1.137915339098770958e-03 0.000000000000000000e+00
1.400000000000000000e+04 5.600050836616676797e-02 2.298588984979517413e-02 9.765589440145653333e-01 0.000000000000000000e+00 4.551661356395084266e-04 0.000000000000000000e+00
1.425000000000000000e+04 5.700051744413414667e-02 2.401001365498407064e-02 9.749658625398270884e-01 0.000000000000000000e+00 1.024123805188893906e-03 0.000000000000000000e+00
1.450000000000000000e+04 5.800052652210130333e-02 2.833409194355939950e-02 9.704142011834319126e-01 0.000000000000000000e+00 1.251706873008648227e-03 0.000000000000000000e+00
1.475000000000000000e+04 5.900053560006868203e-02 2.412380518889394726e-02 9.750796540737368678e-01 0.000000000000000000e+00 7.965407373691396923e-04 0.000000000000000000e+00
1.500000000000000000e+04 6.000054467803583869e-02 2.059626763768775473e-02 9.783796085571233592e-01 0.000000000000000000e+00 1.024123805188893906e-03 0.000000000000000000e+00
1.525000000000000000e+04 6.100055375600321739e-02 3.117888029130632538e-02 9.671142467000455323e-01 0.000000000000000000e+00 1.706873008648156654e-03 0.000000000000000000e+00
1.550000000000000000e+04 6.200056283397037404e-02 3.152025489303595523e-02 9.662039144287665193e-01 0.000000000000000000e+00 2.275830678197541916e-03 0.000000000000000000e+00
1.575000000000000000e+04 6.300057191193775274e-02 2.218934911242603433e-02 9.766727355484752238e-01 0.000000000000000000e+00 1.137915339098770958e-03 0.000000000000000000e+00
1.600000000000000000e+04 6.400058098990490940e-02 3.800637232589895026e-02 9.594902139280837572e-01 0.000000000000000000e+00 2.503413746017296455e-03 0.000000000000000000e+00
1.625000000000000000e+04 6.500059006787228810e-02 4.062357760582612637e-02 9.569868001820664993e-01 0.000000000000000000e+00 2.389622212107419402e-03 0.000000000000000000e+00
1.650000000000000000e+04 6.600059914583944476e-02 3.516158397815202785e-02 9.627901684114701375e-01 0.000000000000000000e+00 2.048247610377787811e-03 0.000000000000000000e+00
1.675000000000000000e+04 6.700060822380682346e-02 3.891670459717797015e-02 9.583522985889849632e-01 0.000000000000000000e+00 2.730996813837050560e-03 0.000000000000000000e+00
1.700000000000000000e+04 6.800061730177398012e-02 4.961310878470642088e-02 9.460628129267182329e-01 0.000000000000000000e+00 4.324078288575329727e-03 0.000000000000000000e+00
1.725000000000000000e+04 6.900062637974135882e-02 5.496131087847064278e-02 9.423076923076922906e-01 0.000000000000000000e+00 2.730996813837050560e-03 0.000000000000000000e+00
1.750000000000000000e+04 7.000063545770851547e-02 5.917159763313609155e-02 9.374146563495675544e-01 0.000000000000000000e+00 3.413746017296313308e-03 0.000000000000000000e+00
1.775000000000000000e+04 7.100064453567589418e-02 5.803368229403732537e-02 9.367319071461083224e-01 0.000000000000000000e+00 5.234410559854347014e-03 0.000000000000000000e+00
1.800000000000000000e+04 7.200065361364305083e-02 5.507510241238051940e-02 9.399180700955849233e-01 0.000000000000000000e+00 5.006827492034592909e-03 0.000000000000000000e+00
1.825000000000000000e+04 7.300066269161042953e-02 6.759217114246700298e-02 9.270596267637687404e-01 0.000000000000000000e+00 5.348202093764223633e-03 0.000000000000000000e+00
1.850000000000000000e+04 7.400067176957758619e-02 7.476103777878925771e-02 9.194355939918069653e-01 0.000000000000000000e+00 5.803368229403732710e-03 0.000000000000000000e+00
1.875000000000000000e+04 7.500068084754496489e-02 6.964041875284478211e-02 9.255803368229403860e-01 0.000000000000000000e+00 4.779244424214838804e-03 0.000000000000000000e+00
1.900000000000000000e+04 7.600068992551212155e-02 9.080564406008193035e-02 9.021392808375057193e-01 0.000000000000000000e+00 7.055075102412380721e-03 0.000000000000000000e+00
1.925000000000000000e+04 7.700069900347950025e-02 7.954028220300408958e-02 9.129494765589439842e-01 0.000000000000000000e+00 7.510241238051888930e-03 0.000000000000000000e+00
1.950000000000000000e+04 7.800070808144665691e-02 7.225762403277195822e-02 9.208010923987255403e-01 0.000000000000000000e+00 6.941283568502503235e-03 0.000000000000000000e+00
1.975000000000000000e+04 7.900071715941403561e-02 9.035047792444242387e-02 8.990669094219390090e-01 0.000000000000000000e+00 1.058261265361857065e-02 0.000000000000000000e+00
2.000000000000000000e+04 8.000072623738119226e-02 1.038916704597177970e-01 8.846153846153845812e-01 0.000000000000000000e+00 1.149294492489758707e-02 0.000000000000000000e+00
2.025000000000000000e+04 8.100073531534834892e-02 1.106053709604005453e-01 8.747155211652253293e-01 1.137915339098771066e-04 1.456531634046426965e-02 0.000000000000000000e+00
2.050000000000000000e+04 8.200074439331572762e-02 1.169776968593536637e-01 8.692535275375512516e-01 0.000000000000000000e+00 1.376877560309512985e-02 0.000000000000000000e+00
2.075000000000000000e+04 8.300075347128288428e-02 1.356395084205735124e-01 8.390987710514338227e-01 0.000000000000000000e+00 2.526172052799271692e-02 0.000000000000000000e+00
2.100000000000000000e+04 8.400076254925026298e-02 1.472462448793809831e-01 8.285161583978152278e-01 1.137915339098771066e-04 2.412380518889394726e-02 0.000000000000000000e+00
2.125000000000000000e+04 8.500077162721741963e-02 1.611288120163859861e-01 8.093991807009558448e-01 0.000000000000000000e+00 2.947200728265816916e-02 0.000000000000000000e+00
2.150000000000000000e+04 8.600078070518479834e-02 2.117660446062812896e-01 7.233727810650887324e-01 1.137915339098771066e-04 6.474738279472007363e-02 0.000000000000000000e+00
2.175000000000000000e+04 8.700078978315195499e-02 2.182521620391442985e-01 7.075557578516158408e-01 1.137915339098771066e-04 7.407828857532999800e-02 0.000000000000000000e+00
2.200000000000000000e+04 8.800079886111933369e-02 2.517068730086481354e-01 6.413290851160673434e-01 1.137915339098770958e-03 1.058261265361857134e-01 0.000000000000000000e+00
2.225000000000000000e+04 8.900080793908649035e-02 2.610377787892581014e-01 5.959262630860263643e-01 1.115157032316795548e-02 1.318843878015475701e-01 0.000000000000000000e+00
2.250000000000000000e+04 9.000081701705386905e-02 2.716203914428766408e-01 5.169549385525716856e-01 3.789258079198907364e-02 1.735320892125625791e-01 0.000000000000000000e+00
2.275000000000000000e+04 9.100082609502102571e-02 2.581929904415111721e-01 4.972690031861629611e-01 7.510241238051888757e-02 1.694355939918070209e-01 0.000000000000000000e+00
2.300000000000000000e+04 9.200083517298840441e-02 2.558033682294037492e-01 4.787209831588529751e-01 1.141329085116067343e-01 1.513427401001365413e-01 0.000000000000000000e+00
2.325000000000000000e+04 9.300084425095556107e-02 2.709376422394174089e-01 4.607419208010923861e-01 1.511151570323167881e-01 1.172052799271734169e-01 0.000000000000000000e+00
2.350000000000000000e+04 9.400085332892293977e-02 2.357760582612653533e-01 4.565316340464269373e-01 1.822940373236231204e-01 1.253982703686845612e-01 0.000000000000000000e+00
2.375000000000000000e+04 9.500086240689009642e-02 2.373691397360036537e-01 4.458352298588985074e-01 2.033454710969503920e-01 1.134501593081474746e-01 0.000000000000000000e+00
2.400000000000000000e+04 9.600087148485747512e-02 2.319071461083295482e-01 4.499317250796540657e-01 2.105143377332726329e-01 1.076467910787437393e-01 0.000000000000000000e+00
2.425000000000000000e+04 9.700088056282463178e-02 2.299726900318616318e-01 4.478834774692762588e-01 2.263313609467455523e-01 9.581247155211652933e-02 0.000000000000000000e+00
2.450000000000000000e+04 9.800088964079201048e-02 2.229176149294492537e-01 4.501593081474738467e-01 2.346381429221665871e-01 9.228493400091032639e-02 0.000000000000000000e+00
2.475000000000000000e+04 9.900089871875916714e-02 2.213245334547109811e-01 4.552799271734183084e-01 2.303140646335912478e-01 9.308147473827947660e-02 0.000000000000000000e+00
2.500000000000000000e+04 1.000009077967265458e-01 2.335002275830678209e-01 4.629039599453800835e-01 2.366863905325443662e-01 6.690942193900774326e-02 0.000000000000000000e+00
2.525000000000000000e+04 1.010009168746937025e-01 2.378243058716431602e-01 4.451524806554392200e-01 2.372553482020937632e-01 7.976786527082385669e-02 0.000000000000000000e+00
2.550000000000000000e+04 1.020009259526610812e-01 2.348657259899863403e-01 4.481110605370960398e-01 2.412380518889394587e-01 7.578516158397814728e-02 0.000000000000000000e+00
2.575000000000000000e+04 1.030009350306282379e-01 2.342967683204369711e-01 4.485662266727355463e-01 2.372553482020937632e-01 7.988165680473373331e-02 0.000000000000000000e+00
2.600000000000000000e+04 1.040009441085956166e-01 2.430587164314974846e-01 4.491351843422849432e-01 2.329312699135184239e-01 7.487482931269913433e-02 0.000000000000000000e+00
2.625000000000000000e+04 1.050009531865627732e-01 2.461310878470641672e-01 4.392353208921256358e-01 2.401001365498406925e-01 7.453345471096950448e-02 0.000000000000000000e+00
2.650000000000000000e+04 1.060009622645301519e-01 2.436276741010468816e-01 4.363905325443787064e-01 2.382794720072826666e-01 8.170232134729175921e-02 0.000000000000000000e+00
2.675000000000000000e+04 1.070009713424973086e-01 2.353208921256258468e-01 4.425352753755120716e-01 2.422621756941283622e-01 7.988165680473373331e-02 0.000000000000000000e+00
2.700000000000000000e+04 1.080009804204646873e-01 2.536413290851160518e-01 4.352526172052799125e-01 2.305416477014110288e-01 8.056440600819299303e-02 0.000000000000000000e+00
2.725000000000000000e+04 1.090009894984318439e-01 2.548930359581247362e-01 4.479972690031861493e-01 2.292899408284023721e-01 6.781975421028675621e-02 0.000000000000000000e+00
2.750000000000000000e+04 1.100009985763992226e-01 2.484069185252617273e-01 4.586936731907146347e-01 2.311106053709603980e-01 6.178880291306326766e-02 0.000000000000000000e+00
2.775000000000000000e+04 1.110010076543663793e-01 2.497724169321802468e-01 4.642694583522986029e-01 2.261037778789257990e-01 5.985434683659535821e-02 0.000000000000000000e+00
2.800000000000000000e+04 1.120010167323337580e-01 2.583067819754210070e-01 4.609695038689121671e-01 2.236003641329085134e-01 5.712335002275830548e-02 0.000000000000000000e+00
2.825000000000000000e+04 1.130010258103009146e-01 2.633136094674556338e-01 4.681383705052344357e-01 2.203004096495220776e-01 4.824761037778789452e-02 0.000000000000000000e+00
2.850000000000000000e+04 1.140010348882682933e-01 2.579654073736913911e-01 4.855484751934456278e-01 2.063040509786071841e-01 5.018206645425580398e-02 0.000000000000000000e+00
2.875000000000000000e+04 1.150010439662354500e-01 2.304278561675011383e-01 5.509786071916249472e-01 1.783113336367774249e-01 4.028220300409649651e-02 0.000000000000000000e+00
2.900000000000000000e+04 1.160010530442028287e-01 2.119936276741010428e-01 6.088984979517524376e-01 1.398497951752389612e-01 3.925807919890760000e-02 0.000000000000000000e+00
2.925000000000000000e+04 1.170010621221699854e-01 1.519116977696859383e-01 6.950386891215293295e-01 1.359808830223031284e-01 1.706873008648156567e-02 0.000000000000000000e+00
2.950000000000000000e+04 1.180010712001373641e-01 1.323395539371870766e-01 7.040282203004096795e-01 1.426945835229858905e-01 2.093764223941738806e-02 0.000000000000000000e+00
2.975000000000000000e+04 1.190010802781045207e-01 1.275603095129722309e-01 7.222348657259899385e-01 1.334774692762858428e-01 1.672735548475193582e-02 0.000000000000000000e+00
3.000000000000000000e+04 1.200010893560718994e-01 9.911242603550296515e-02 7.576240327719617751e-01 1.316568047337278169e-01 1.160673645880746542e-02 0.000000000000000000e+00
3.025000000000000000e+04 1.210010984340390561e-01 9.274010013654984674e-02 7.572826581702321036e-01 1.364360491579426626e-01 1.354119253527537488e-02 0.000000000000000000e+00
3.050000000000000000e+04 1.220011075120062127e-01 9.205735093309057315e-02 7.645653163404643182e-01 1.332498862084660896e-01 1.012744651797906244e-02 0.000000000000000000e+00
3.075000000000000000e+04 1.230011165899735914e-01 7.612653618570777714e-02 7.784478834774692935e-01 1.411015020482476179e-01 4.324078288575329727e-03 0.000000000000000000e+00
3.100000000000000000e+04 1.240011256679407481e-01 7.783340919435594030e-02 7.783340919435594030e-01 1.380291306326809353e-01 5.803368229403732710e-03 0.000000000000000000e+00
3.125000000000000000e+04 1.250011347459081268e-01 7.168866636322257513e-02 7.839098771051433712e-01 1.396222121074192080e-01 4.779244424214838804e-03 0.000000000000000000e+00
3.150000000000000000e+04 1.260011438238752834e-01 7.646791078743742087e-02 7.779927173418297315e-01 1.400773782430587144e-01 5.461993627674101119e-03 0.000000000000000000e+00
3.175000000000000000e+04 1.270011529018426621e-01 7.385070550751024476e-02 7.822030040964952358e-01 1.392808375056895642e-01 4.665452890304961318e-03 0.000000000000000000e+00
3.200000000000000000e+04 1.280011619798098188e-01 7.339553937187073829e-02 7.796995903504779779e-01 1.408739189804278646e-01 6.030951297223486815e-03 0.000000000000000000e+00
3.225000000000000000e+04 1.290011710577771975e-01 7.760582612653618706e-02 7.776513427401001710e-01 1.403049613108784677e-01 4.437869822485207214e-03 0.000000000000000000e+00
3.250000000000000000e+04 1.300011801357443542e-01 8.067819754210286964e-02 7.774237596722803900e-01 1.382567137005006885e-01 3.641329085116067413e-03 0.000000000000000000e+00
3.275000000000000000e+04 1.310011892137117329e-01 7.476103777878925771e-02 7.827719617660445772e-01 1.384842967683204418e-01 3.982703686845699004e-03 0.000000000000000000e+00
3.300000000000000000e+04 1.320011982916788895e-01 7.100591715976331542e-02 7.869822485207100815e-01 1.373463814292216756e-01 4.665452890304961318e-03 0.000000000000000000e+00
3.325000000000000000e+04 1.330012073696462682e-01 7.225762403277195822e-02 7.867546654528903005e-01 1.372325898953117851e-01 3.755120619025944465e-03 0.000000000000000000e+00
3.350000000000000000e+04 1.340012164476134249e-01 7.157487482931269851e-02 7.884615384615384359e-01 1.373463814292216756e-01 2.617205279927173507e-03 0.000000000000000000e+00
3.375000000000000000e+04 1.350012255255808036e-01 7.339553937187073829e-02 7.827719617660445772e-01 1.374601729631315383e-01 6.372325898953117539e-03 0.000000000000000000e+00
3.400000000000000000e+04 1.360012346035479602e-01 7.976786527082385669e-02 7.789030496131087444e-01 1.362084660901228816e-01 5.120619025944469528e-03 0.000000000000000000e+00
3.425000000000000000e+04 1.370012436815153389e-01 8.614019116977697510e-02 7.707100591715976279e-01 1.365498406918525254e-01 6.599908966772872511e-03 0.000000000000000000e+00
3.450000000000000000e+04 1.380012527594824956e-01 8.716431497496586467e-02 7.684342284934000400e-01 1.374601729631315383e-01 6.941283568502503235e-03 0.000000000000000000e+00
3.475000000000000000e+04 1.390012618374498743e-01 7.999544833864360993e-02 7.743513882567136797e-01 1.397360036413290985e-01 5.917159763313609329e-03 0.000000000000000000e+00
3.500000000000000000e+04 1.400012709154170309e-01 8.215748748293126569e-02 7.715065999089667503e-01 1.363222576240327721e-01 1.001365498406918582e-02 0.000000000000000000e+00
3.525000000000000000e+04 1.410012799933844097e-01 6.190259444697314428e-02 7.868684569868001910e-01 1.490669094219390090e-01 2.162039144287664864e-03 0.000000000000000000e+00
3.550000000000000000e+04 1.420012890713515663e-01 6.076467910787437116e-02 7.899408284023669014e-01 1.479289940828402428e-01 1.365498406918525280e-03 0.000000000000000000e+00
3.575000000000000000e+04 1.430012981493189450e-01 6.315430131998178709e-02 7.869822485207100815e-01 1.479289940828402428e-01 1.934456076467910759e-03 0.000000000000000000e+00
3.600000000000000000e+04 1.440013072272861017e-01 5.689576695493855224e-02 7.910787437414655843e-01 1.502048247610377751e-01 1.820664542558033706e-03 0.000000000000000000e+00
3.625000000000000000e+04 1.450013163052534804e-01 6.144742831133363781e-02 7.853891670459717256e-01 1.515703231679562946e-01 1.593081474738279385e-03 0.000000000000000000e+00
3.650000000000000000e+04 1.460013253832206370e-01 6.713700500682749650e-02 7.803823395539372099e-01 1.491807009558488717e-01 3.299954483386436255e-03 0.000000000000000000e+00
3.675000000000000000e+04 1.470013344611880157e-01 6.759217114246700298e-02 7.784478834774692935e-01 1.511151570323167881e-01 2.844788347746927612e-03 0.000000000000000000e+00
3.700000000000000000e+04 1.480013435391551724e-01 6.781975421028675621e-02 7.766272189349112676e-01 1.528220300409649512e-01 2.730996813837050560e-03 0.000000000000000000e+00
3.725000000000000000e+04 1.490013526171225511e-01 6.975421028675465873e-02 7.732134729176148857e-01 1.544151115157032239e-01 2.617205279927173507e-03 0.000000000000000000e+00
3.750000000000000000e+04 1.500013616950897077e-01 7.111970869367319203e-02 7.743513882567136797e-01 1.521392808375056915e-01 2.389622212107419402e-03 0.000000000000000000e+00
3.775000000000000000e+04 1.510013707730570864e-01 6.668183887118799003e-02 7.759444697314519246e-01 1.548702776513427304e-01 2.503413746017296455e-03 0.000000000000000000e+00
3.800000000000000000e+04 1.520013798510242431e-01 6.702321347291761988e-02 7.768548020027310486e-01 1.537323623122439642e-01 2.389622212107419402e-03 0.000000000000000000e+00
3.825000000000000000e+04 1.530013889289916218e-01 7.009558488848430247e-02 7.734410559854346667e-01 1.540737369139736079e-01 2.389622212107419402e-03 0.000000000000000000e+00
3.850000000000000000e+04 1.540013980069587785e-01 6.941283568502502888e-02 7.734410559854346667e-01 1.548702776513427304e-01 2.275830678197541916e-03 0.000000000000000000e+00
3.875000000000000000e+04 1.550014070849261572e-01 7.988165680473373331e-02 7.612653618570778269e-01 1.565771506599908935e-01 2.275830678197541916e-03 0.000000000000000000e+00
3.900000000000000000e+04 1.560014161628933138e-01 8.261265361857077216e-02 7.488620846609012061e-01 1.639736003641329154e-01 4.551661356395083832e-03 0.000000000000000000e+00
3.925000000000000000e+04 1.570014252408606925e-01 8.090578060992262288e-02 7.494310423304506585e-01 1.662494310423304478e-01 3.413746017296313308e-03 0.000000000000000000e+00
3.950000000000000000e+04 1.580014343188278492e-01 8.340919435593992237e-02 7.489758761948110966e-01 1.636322257624032717e-01 3.982703686845699004e-03 0.000000000000000000e+00
3.975000000000000000e+04 1.590014433967952279e-01 8.921256258534364381e-02 7.411242603550295405e-01 1.662494310423304478e-01 3.413746017296313308e-03 0.000000000000000000e+00
4.000000000000000000e+04 1.600014524747623845e-01 8.522985889849794827e-02 7.440828402366863603e-01 1.665908056440600915e-01 4.096495220755575623e-03 0.000000000000000000e+00
4.025000000000000000e+04 1.610014615527295412e-01 8.955393718707328754e-02 7.408966772872098705e-01 1.648839326354119283e-01 4.665452890304961318e-03 0.000000000000000000e+00
4.050000000000000000e+04 1.620014706306969199e-01 8.841602184797450747e-02 7.434000910332271284e-01 1.638598088302230249e-01 4.324078288575329727e-03 0.000000000000000000e+00
4.075000000000000000e+04 1.630014797086640765e-01 9.877105143377332142e-02 7.347519344560764498e-01 1.611288120163859861e-01 5.348202093764223633e-03 0.000000000000000000e+00
4.100000000000000000e+04 1.640014887866314552e-01 9.808830223031406170e-02 7.331588529813382049e-01 1.626081019572143960e-01 6.144742831133363434e-03 0.000000000000000000e+00
4.125000000000000000e+04 1.650014978645986119e-01 9.990896677287210148e-02 7.348657259899863403e-01 1.603322712790168358e-01 4.893035958124715423e-03 0.000000000000000000e+00
4.150000000000000000e+04 1.660015069425659906e-01 1.062812926718252199e-01 7.312243969048702885e-01 1.588529813381884259e-01 3.641329085116067413e-03 0.000000000000000000e+00
4.175000000000000000e+04 1.670015160205331473e-01 1.087847064178425194e-01 7.289485662266727006e-01 1.565771506599908935e-01 5.689576695493855224e-03 0.000000000000000000e+00
4.200000000000000000e+04 1.680015250985005260e-01 1.153846153846153910e-01 7.223486572598998290e-01 1.576012744651797970e-01 4.665452890304961318e-03 0.000000000000000000e+00
4.225000000000000000e+04 1.690015341764676826e-01 1.200500682749203463e-01 7.164314974965863003e-01 1.576012744651797970e-01 5.917159763313609329e-03 0.000000000000000000e+00
4.250000000000000000e+04 1.700015432544350613e-01 1.299499317250796537e-01 7.188211197086936677e-01 1.456531634046426826e-01 5.575785161583977738e-03 0.000000000000000000e+00
4.275000000000000000e+04 1.710015523324022180e-01 1.063950842057350965e-01 7.518206645425580259e-01 1.384842967683204418e-01 3.299954483386436255e-03 0.000000000000000000e+00
4.300000000000000000e+04 1.720015614103695967e-01 7.817478379608557015e-02 7.792444242148384159e-01 1.400773782430587144e-01 2.503413746017296455e-03 0.000000000000000000e+00
4.325000000000000000e+04 1.730015704883367533e-01 7.066454255803368556e-02 7.910787437414655843e-01 1.349567592171142527e-01 3.299954483386436255e-03 0.000000000000000000e+00
4.350000000000000000e+04 1.740015795663041320e-01 6.554392353208920996e-02 7.965407373691397730e-01 1.349567592171142527e-01 2.958579881656804664e-03 0.000000000000000000e+00
4.375000000000000000e+04 1.750015886442712887e-01 4.540282203004096517e-02 8.080336822940372699e-01 1.455393718707328199e-01 1.024123805188893906e-03 0.000000000000000000e+00
4.400000000000000000e+04 1.760015977222386674e-01 4.119253527537550946e-02 8.130405097860718966e-01 1.456531634046426826e-01 1.137915339098771066e-04 0.000000000000000000e+00
4.425000000000000000e+04 1.770016068002058240e-01 3.868912152935821691e-02 8.141784251251706905e-01 1.465634956759217233e-01 5.689576695493854790e-04 0.000000000000000000e+00
4.450000000000000000e+04 1.780016158781732027e-01 3.891670459717797015e-02 8.142922166590805810e-01 1.461083295402822169e-01 6.827492034592626399e-04 0.000000000000000000e+00
4.475000000000000000e+04 1.790016249561403594e-01 4.016841147018661989e-02 8.126991351843423361e-01 1.465634956759217233e-01 5.689576695493854790e-04 0.000000000000000000e+00
4.500000000000000000e+04 1.800016340341077381e-01 4.130632680928538608e-02 8.096267637687756258e-01 1.484979517523896120e-01 5.689576695493854790e-04 0.000000000000000000e+00
4.525000000000000000e+04 1.810016431120748948e-01 3.789258079198907364e-02 8.119025944469731026e-01 1.491807009558488717e-01 1.024123805188893906e-03 0.000000000000000000e+00
4.550000000000000000e+04 1.820016521900422735e-01 4.016841147018661989e-02 8.108784706417841992e-01 1.478152025489303523e-01 1.137915339098770958e-03 0.000000000000000000e+00
4.575000000000000000e+04 1.830016612680094301e-01 4.369594902139280895e-02 8.071233500227582569e-01 1.487255348202093652e-01 4.551661356395084266e-04 0.000000000000000000e+00
4.600000000000000000e+04 1.840016703459768088e-01 4.574419663177059503e-02 8.056440600819299025e-01 1.474738279472007363e-01 1.137915339098770958e-03 0.000000000000000000e+00
4.625000000000000000e+04 1.850016794239439655e-01 4.289940828402366568e-02 8.062130177514792440e-01 1.497496586253982687e-01 1.137915339098770958e-03 0.000000000000000000e+00
4.650000000000000000e+04 1.860016885019113442e-01 4.415111515703231543e-02 8.065543923532089154e-01 1.483841602184797492e-01 9.103322712790168532e-04 0.000000000000000000e+00
4.675000000000000000e+04 1.870016975798785008e-01 4.824761037778789452e-02 8.027992717341829731e-01 1.479289940828402428e-01 1.024123805188893906e-03 0.000000000000000000e+00
4.700000000000000000e+04 1.880017066578458795e-01 5.018206645425580398e-02 7.997269003186162628e-01 1.480427856167501055e-01 2.048247610377787811e-03 0.000000000000000000e+00
4.725000000000000000e+04 1.890017157358130362e-01 5.461993627674101293e-02 7.973372781065088954e-01 1.461083295402822169e-01 1.934456076467910759e-03 0.000000000000000000e+00
4.750000000000000000e+04 1.900017248137804149e-01 4.972690031861629750e-02 8.024578971324533017e-01 1.464497041420118328e-01 1.365498406918525280e-03 0.000000000000000000e+00
4.775000000000000000e+04 1.910017338917475715e-01 5.188893946290396020e-02 8.002958579881657153e-01 1.463359126081019701e-01 1.479289940828402332e-03 0.000000000000000000e+00
4.800000000000000000e+04 1.920017429697149502e-01 4.972690031861629750e-02 8.033682294037323146e-01 1.456531634046426826e-01 1.251706873008648227e-03 0.000000000000000000e+00
4.825000000000000000e+04 1.930017520476821069e-01 5.484751934456076616e-02 7.975648611743286764e-01 1.459945380063723264e-01 1.593081474738279385e-03 0.000000000000000000e+00
4.850000000000000000e+04 1.940017611256494856e-01 5.962676376877560497e-02 7.913063268092853653e-01 1.464497041420118328e-01 2.617205279927173507e-03 0.000000000000000000e+00
4.875000000000000000e+04 1.950017702036166423e-01 5.314064633591260994e-02 7.973372781065088954e-01 1.469048702776513393e-01 2.617205279927173507e-03 0.000000000000000000e+00
4.900000000000000000e+04 1.960017792815840210e-01 5.473372781065088954e-02 7.965407373691397730e-01 1.472462448793809831e-01 1.479289940828402332e-03 0.000000000000000000e+00
4.925000000000000000e+04 1.970017883595511776e-01 5.814747382794720199e-02 7.926718252162039402e-01 1.467910787437414766e-01 2.389622212107419402e-03 0.000000000000000000e+00
4.950000000000000000e+04 1.980017974375185563e-01 6.178880291306326766e-02 7.873236231224396420e-01 1.471324533454710926e-01 3.755120619025944465e-03 0.000000000000000000e+00
4.975000000000000000e+04 1.990018065154857130e-01 6.383705052344106068e-02 7.870960400546199720e-01 1.475876194811105990e-01 1.479289940828402332e-03 0.000000000000000000e+00
5.000000000000000000e+04 2.000018155934530917e-01 6.622667273554846967e-02 7.864132908511606290e-01 1.445152480655439164e-01 2.844788347746927612e-03 0.000000000000000000e+00
5.025000000000000000e+04 2.010018246714202483e-01 6.861629494765589254e-02 7.798133818843877574e-01 1.474738279472007363e-01 4.096495220755575623e-03 0.000000000000000000e+00
5.050000000000000000e+04 2.020018337493874050e-01 7.749203459262631044e-02 7.719617660446063123e-01 1.459945380063723264e-01 4.551661356395083832e-03 0.000000000000000000e+00
5.075000000000000000e+04 2.030018428273547837e-01 7.521620391442876419e-02 7.760582612653618151e-01 1.456531634046426826e-01 3.072371415566681717e-03 0.000000000000000000e+00
5.100000000000000000e+04 2.040018519053219404e-01 8.033682294037323979e-02 7.693445607646790529e-01 1.459945380063723264e-01 4.324078288575329727e-03 0.000000000000000000e+00
5.125000000000000000e+04 2.050018609832893191e-01 8.477469276285844180e-02 7.646791078743740977e-01 1.469048702776513393e-01 3.641329085116067413e-03 0.000000000000000000e+00
5.150000000000000000e+04 2.060018700612564757e-01 9.000910332271279402e-02 7.583067819754210070e-01 1.447428311333636697e-01 6.941283568502503235e-03 0.000000000000000000e+00
5.175000000000000000e+04 2.070018791392238544e-01 9.205735093309057315e-02 7.457897132453344957e-01 1.548702776513427304e-01 7.282658170232134826e-03 0.000000000000000000e+00
5.200000000000000000e+04 2.080018882171910111e-01 1.070778334091943562e-01 7.271279016841146747e-01 1.570323167956304000e-01 8.761948111060537808e-03 0.000000000000000000e+00
5.225000000000000000e+04 2.090018972951583898e-01 8.898497951752389057e-02 7.434000910332271284e-01 1.611288120163859861e-01 6.486117432862995025e-03 0.000000000000000000e+00
5.250000000000000000e+04 2.100019063731255464e-01 9.774692762858443185e-02 7.316795630405097395e-01 1.626081019572143960e-01 7.965407373691398007e-03 0.000000000000000000e+00
5.275000000000000000e+04 2.110019154510929251e-01 1.032089212562585373e-01 7.274692762858443462e-01 1.604460628129267263e-01 8.875739644970414427e-03 0.000000000000000000e+00
5.300000000000000000e+04 2.120019245290600818e-01 1.027537551206190308e-01 7.259899863450158808e-01 1.630632680928539024e-01 8.192990441511151245e-03 0.000000000000000000e+00
5.325000000000000000e+04 2.130019336070274605e-01 1.051433773327264398e-01 7.201866181156122426e-01 1.643149749658625314e-01 1.035502958579881741e-02 0.000000000000000000e+00
5.350000000000000000e+04 2.140019426849946171e-01 1.142467000455166110e-01 7.116522530723714546e-01 1.612426035502958488e-01 1.285844333181611343e-02 0.000000000000000000e+00
5.375000000000000000e+04 2.150019517629619958e-01 1.183431952662721831e-01 7.045971779699590209e-01 1.662494310423304478e-01 1.081019572143832562e-02 0.000000000000000000e+00
5.400000000000000000e+04 2.160019608409291525e-01 1.251706873008648080e-01 6.950386891215293295e-01 1.638598088302230249e-01 1.593081474738279601e-02 0.000000000000000000e+00
5.425000000000000000e+04 2.170019699188965312e-01 1.265361857077833274e-01 6.800182066454255603e-01 1.813837050523441075e-01 1.206190259444697363e-02 0.000000000000000000e+00
5.450000000000000000e+04 2.180019789968636879e-01 1.487255348202093652e-01 6.455393718707328476e-01 1.936731907146108378e-01 1.206190259444697363e-02 0.000000000000000000e+00
5.475000000000000000e+04 2.190019880748310666e-01 1.530496131087847045e-01 6.364360491579426071e-01 1.984524351388256835e-01 1.206190259444697363e-02 0.000000000000000000e+00
5.500000000000000000e+04 2.200019971527982232e-01 1.469048702776513393e-01 6.399635867091488795e-01 2.042558033682294050e-01 8.875739644970414427e-03 0.000000000000000000e+00
5.525000000000000000e+04 2.210020062307656019e-01 1.524806554392353075e-01 6.385980883022303045e-01 1.981110605370960398e-01 1.081019572143832562e-02 0.000000000000000000e+00
5.550000000000000000e+04 2.220020153087327586e-01 1.502048247610377751e-01 6.359808830223031562e-01 2.051661356395084179e-01 8.648156577150659455e-03 0.000000000000000000e+00
5.575000000000000000e+04 2.230020243867001373e-01 1.539599453800637174e-01 6.195949021392808120e-01 2.172280382339553950e-01 9.217114246700046018e-03 0.000000000000000000e+00
5.600000000000000000e+04 2.240020334646672939e-01 1.379153390987710448e-01 6.343878015475649113e-01 2.201866181156121871e-01 7.510241238051888930e-03 0.000000000000000000e+00
5.625000000000000000e+04 2.250020425426346726e-01 1.367774237596722786e-01 6.437187073281748217e-01 2.117660446062812896e-01 7.737824305871643035e-03 0.000000000000000000e+00
5.650000000000000000e+04 2.260020516206018293e-01 1.405325443786982209e-01 6.370050068274920596e-01 2.126763768775603025e-01 9.786071916249430847e-03 0.000000000000000000e+00
5.675000000000000000e+04 2.270020606985692080e-01 1.339326354119253493e-01 6.548702776513427581e-01 2.041420118343195145e-01 7.055075102412380721e-03 0.000000000000000000e+00
