# itime ezz other fcc hcp bcc ico
0.000000000000000000e+00 0.000000000000000000e+00 4.551661356395084266e-04 9.995448338643604380e-01 0.000000000000000000e+00 0.000000000000000000e+00 0.000000000000000000e+00
2.500000000000000000e+01 1.000046789842112815e-03 1.024123805188893906e-03 9.989758761948110966e-01 0.000000000000000000e+00 0.000000000000000000e+00 0.000000000000000000e+00
5.000000000000000000e+01 2.000093579684447676e-03 9.103322712790168532e-04 9.990896677287209870e-01 0.000000000000000000e+00 0.000000000000000000e+00 0.000000000000000000e+00
7.500000000000000000e+01 3.000140369526560491e-03 1.251706873008648227e-03 9.987482931269913156e-01 0.000000000000000000e+00 0.000000000000000000e+00 0.000000000000000000e+00
1.000000000000000000e+02 4.000187159368895351e-03 4.551661356395084266e-04 9.995448338643604380e-01 0.000000000000000000e+00 0.000000000000000000e+00 0.000000000000000000e+00
1.250000000000000000e+02 5.000233949211008166e-03 1.024123805188893906e-03 9.989758761948110966e-01 0.000000000000000000e+00 0.000000000000000000e+00 0.000000000000000000e+00
1.500000000000000000e+02 6.000280739053343027e-03 2.275830678197542133e-04 9.997724169321802190e-01 0.000000000000000000e+00 0.000000000000000000e+00 0.000000000000000000e+00
1.750000000000000000e+02 7.000327528895455842e-03 1.024123805188893906e-03 9.989758761948110966e-01 0.000000000000000000e+00 0.000000000000000000e+00 0.000000000000000000e+00
2.000000000000000000e+02 8.000374318737790702e-03 1.365498406918525280e-03 9.986345015930814251e-01 0.000000000000000000e+00 0.000000000000000000e+00 0.000000000000000000e+00
2.250000000000000000e+02 9.000421108579903517e-03 1.137915339098771066e-04 9.998862084660901095e-01 0.000000000000000000e+00 0.000000000000000000e+00 0.000000000000000000e+00
2.500000000000000000e+02 1.000046789842223838e-02 1.137915339098770958e-03 9.988620846609012061e-01 0.000000000000000000e+00 0.000000000000000000e+00 0.000000000000000000e+00
2.750000000000000000e+02 1.100051468826435119e-02 1.706873008648156654e-03 9.982931269913518646e-01 0.000000000000000000e+00 0.000000000000000000e+00 0.000000000000000000e+00
3.000000000000000000e+02 1.200056147810668605e-02 1.024123805188893906e-03 9.989758761948110966e-01 0.000000000000000000e+00 0.000000000000000000e+00 0.000000000000000000e+00
3.250000000000000000e+02 1.300060826794879887e-02 1.024123805188893906e-03 9.989758761948110966e-01 0.000000000000000000e+00 0.000000000000000000e+00 0.000000000000000000e+00
3.500000000000000000e+02 1.400065505779091168e-02 1.251706873008648227e-03 9.987482931269913156e-01 0.000000000000000000e+00 0.000000000000000000e+00 0.000000000000000000e+00
3.750000000000000000e+02 1.500070184763324654e-02 1.820664542558033706e-03 9.981793354574419741e-01 0.000000000000000000e+00 0.000000000000000000e+00 0.000000000000000000e+00
4.000000000000000000e+02 1.600074863747535936e-02 1.934456076467910759e-03 9.980655439235320836e-01 0.000000000000000000e+00 0.000000000000000000e+00 0.000000000000000000e+00
4.250000000000000000e+02 1.700079542731769422e-02 1.934456076467910759e-03 9.980655439235320836e-01 0.000000000000000000e+00 0.000000000000000000e+00 0.000000000000000000e+00
4.500000000000000000e+02 1.800084221715980703e-02 2.048247610377787811e-03 9.979517523896221931e-01 0.000000000000000000e+00 0.000000000000000000e+00 0.000000000000000000e+00
4.750000000000000000e+02 1.900088900700214189e-02 1.479289940828402332e-03 9.984069185252617551e-01 0.000000000000000000e+00 1.137915339098771066e-04 0.000000000000000000e+00
5.000000000000000000e+02 2.000093579684425471e-02 3.186162949476558769e-03 9.968138370505233992e-01 0.000000000000000000e+00 0.000000000000000000e+00 0.000000000000000000e+00
5.250000000000000000e+02 2.100098258668658957e-02 1.934456076467910759e-03 9.980655439235320836e-01 0.000000000000000000e+00 0.000000000000000000e+00 0.000000000000000000e+00
5.500000000000000000e+02 2.200102937652870239e-02 3.072371415566681717e-03 9.969276285844332897e-01 0.000000000000000000e+00 0.000000000000000000e+00 0.000000000000000000e+00
5.750000000000000000e+02 2.300107616637103725e-02 2.389622212107419402e-03 9.976103777878926326e-01 0.000000000000000000e+00 0.000000000000000000e+00 0.000000000000000000e+00
6.000000000000000000e+02 2.400112295621315006e-02 2.275830678197541916e-03 9.977241693218024121e-01 0.000000000000000000e+00 0.000000000000000000e+00 0.000000000000000000e+00
6.250000000000000000e+02 2.500116974605548492e-02 4.551661356395083832e-03 9.954483386436049352e-01 0.000000000000000000e+00 0.000000000000000000e+00 0.000000000000000000e+00
6.500000000000000000e+02 2.600121653589759774e-02 1.251706873008648227e-03 9.987482931269913156e-01 0.000000000000000000e+00 0.000000000000000000e+00 0.000000000000000000e+00
6.750000000000000000e+02 2.700126332573971055e-02 5.006827492034592909e-03 9.949931725079653733e-01 0.000000000000000000e+00 0.000000000000000000e+00 0.000000000000000000e+00
7.000000000000000000e+02 2.800131011558204541e-02 3.868912152935821518e-03 9.960172963131542767e-01 0.000000000000000000e+00 1.137915339098771066e-04 0.000000000000000000e+00
7.250000000000000000e+02 2.900135690542415823e-02 2.048247610377787811e-03 9.979517523896221931e-01 0.000000000000000000e+00 0.000000000000000000e+00 0.000000000000000000e+00
7.500000000000000000e+02 3.000140369526649309e-02 3.641329085116067413e-03 9.962448793809740577e-01 0.000000000000000000e+00 1.137915339098771066e-04 0.000000000000000000e+00
7.750000000000000000e+02 3.100145048510860590e-02 4.324078288575329727e-03 9.954483386436049352e-01 0.000000000000000000e+00 2.275830678197542133e-04 0.000000000000000000e+00
8.000000000000000000e+02 3.200149727495094076e-02 5.006827492034592909e-03 9.948793809740554828e-01 0.000000000000000000e+00 1.137915339098771066e-04 0.000000000000000000e+00
8.250000000000000000e+02 3.300154406479305358e-02 6.030951297223486815e-03 9.939690487027764698e-01 0.000000000000000000e+00 0.000000000000000000e+00 0.000000000000000000e+00
8.500000000000000000e+02 3.400159085463538844e-02 7.396449704142011444e-03 9.923759672280382249e-01 0.000000000000000000e+00 2.275830678197542133e-04 0.000000000000000000e+00
8.750000000000000000e+02 3.500163764447750125e-02 3.299954483386436255e-03 9.967000455166135087e-01 0.000000000000000000e+00 0.000000000000000000e+00 0.000000000000000000e+00
9.000000000000000000e+02 3.600168443431983611e-02 5.689576695493855224e-03 9.939690487027764698e-01 0.000000000000000000e+00 3.413746017296313199e-04 0.000000000000000000e+00
9.250000000000000000e+02 3.700173122416194893e-02 7.851615839781519654e-03 9.921483841602184439e-01 0.000000000000000000e+00 0.000000000000000000e+00 0.000000000000000000e+00
9.500000000000000000e+02 3.800177801400406175e-02 4.210286754665453109e-03 9.956759217114247162e-01 0.000000000000000000e+00 1.137915339098771066e-04 0.000000000000000000e+00
9.750000000000000000e+02 3.900182480384639661e-02 7.282658170232134826e-03 9.922621756941283344e-01 0.000000000000000000e+00 4.551661356395084266e-04 0.000000000000000000e+00
1.000000000000000000e+03 4.000187159368850942e-02 7.737824305871643035e-03 9.919208010923987739e-01 0.000000000000000000e+00 3.413746017296313199e-04 0.000000000000000000e+00
1.025000000000000000e+03 4.100191838353084428e-02 1.126536185707783383e-02 9.882794720072826111e-01 0.000000000000000000e+00 4.551661356395084266e-04 0.000000000000000000e+00
1.050000000000000000e+03 4.200196517337295710e-02 9.558488848429677609e-03 9.902139280837505275e-01 0.000000000000000000e+00 2.275830678197542133e-04 0.000000000000000000e+00
1.075000000000000000e+03 4.300201196321529196e-02 8.079198907601274626e-03 9.918070095584888834e-01 0.000000000000000000e+00 1.137915339098771066e-04 0.000000000000000000e+00
1.100000000000000000e+03 4.400205875305740477e-02 9.330905780609922637e-03 9.902139280837505275e-01 0.000000000000000000e+00 4.551661356395084266e-04 0.000000000000000000e+00
1.125000000000000000e+03 4.500210554289973963e-02 1.058261265361857065e-02 9.891898042785616241e-01 0.000000000000000000e+00 2.275830678197542133e-04 0.000000000000000000e+00
1.150000000000000000e+03 4.600215233274185245e-02 1.536185707783340945e-02 9.840691852526172179e-01 0.000000000000000000e+00 5.689576695493854790e-04 0.000000000000000000e+00
1.175000000000000000e+03 4.700219912258418731e-02 1.069640418752844727e-02 9.890760127446518446e-01 0.000000000000000000e+00 2.275830678197542133e-04 0.000000000000000000e+00
1.200000000000000000e+03 4.800224591242630012e-02 1.672735548475193582e-02 9.830450614474283144e-01 0.000000000000000000e+00 2.275830678197542133e-04 0.000000000000000000e+00
1.225000000000000000e+03 4.900229270226863498e-02 1.604460628129267263e-02 9.828174783796085334e-01 0.000000000000000000e+00 1.137915339098770958e-03 0.000000000000000000e+00
1.250000000000000000e+03 5.000233949211074780e-02 1.263086026399635846e-02 9.869139736003641472e-01 0.000000000000000000e+00 4.551661356395084266e-04 0.000000000000000000e+00
1.275000000000000000e+03 5.100238628195286061e-02 1.843422849340009204e-02 9.805416477014110566e-01 0.000000000000000000e+00 1.024123805188893906e-03 0.000000000000000000e+00
1.300000000000000000e+03 5.200243307179519547e-02 1.615839781520254925e-02 9.835002275830677654e-01 0.000000000000000000e+00 3.413746017296313199e-04 0.000000000000000000e+00
1.325000000000000000e+03 5.300247986163730829e-02 1.888939462903959851e-02 9.798588984979517136e-01 0.000000000000000000e+00 1.251706873008648227e-03 0.000000000000000000e+00
1.350000000000000000e+03 5.400252665147964315e-02 1.376877560309512985e-02 9.855484751934455723e-01 0.000000000000000000e+00 6.827492034592626399e-04 0.000000000000000000e+00
1.375000000000000000e+03 5.500257344132175596e-02 2.082385070550751144e-02 9.789485662266727006e-01 0.000000000000000000e+00 2.275830678197542133e-04 0.000000000000000000e+00
1.400000000000000000e+03 5.600262023116409082e-02 2.036868456986800149e-02 9.783796085571233592e-01 0.000000000000000000e+00 1.251706873008648227e-03 0.000000000000000000e+00
1.425000000000000000e+03 5.700266702100620364e-02 2.401001365498407064e-02 9.750796540737368678e-01 0.000000000000000000e+00 9.103322712790168532e-04 0.000000000000000000e+00
1.450000000000000000e+03 5.800271381084853850e-02 2.469276285844333035e-02 9.740555302685480754e-01 0.000000000000000000e+00 1.251706873008648227e-03 0.000000000000000000e+00
1.475000000000000000e+03 5.900276060069065132e-02 2.605826126536185672e-02 9.723486572598998290e-01 0.000000000000000000e+00 1.593081474738279385e-03 0.000000000000000000e+00
1.500000000000000000e+03 6.000280739053298618e-02 2.969959035047792587e-02 9.692762858443332297e-01 0.000000000000000000e+00 1.024123805188893906e-03 0.000000000000000000e+00
1.525000000000000000e+03 6.100285418037509899e-02 2.082385070550751144e-02 9.782658170232134687e-01 0.000000000000000000e+00 9.103322712790168532e-04 0.000000000000000000e+00
1.550000000000000000e+03 6.200290097021743385e-02 2.890304961310878606e-02 9.701866181156122426e-01 0.000000000000000000e+00 9.103322712790168532e-04 0.000000000000000000e+00
1.575000000000000000e+03 6.300294776005954667e-02 2.924442421483841592e-02 9.696176604460627901e-01 0.000000000000000000e+00 1.137915339098770958e-03 0.000000000000000000e+00
1.600000000000000000e+03 6.400299454990165948e-02 3.823395539371871044e-02 9.599453800637232082e-01 0.000000000000000000e+00 1.820664542558033706e-03 0.000000000000000000e+00
1.625000000000000000e+03 6.500304133974399434e-02 4.096495220755575623e-02 9.573281747837960598e-01 0.000000000000000000e+00 1.706873008648156654e-03 0.000000000000000000e+00
1.650000000000000000e+03 6.600308812958610716e-02 3.265817023213472836e-02 9.662039144287665193e-01 0.000000000000000000e+00 1.137915339098770958e-03 0.000000000000000000e+00
1.675000000000000000e+03 6.700313491942844202e-02 4.312699135184342586e-02 9.545971779699590209e-01 0.000000000000000000e+00 2.275830678197541916e-03 0.000000000000000000e+00
1.700000000000000000e+03 6.800318170927055483e-02 4.847519344560764776e-02 9.491351843422849432e-01 0.000000000000000000e+00 2.389622212107419402e-03 0.000000000000000000e+00
1.725000000000000000e+03 6.900322849911288969e-02 4.415111515703231543e-02 9.531178880291306665e-01 0.000000000000000000e+00 2.730996813837050560e-03 0.000000000000000000e+00
1.750000000000000000e+03 7.000327528895500251e-02 4.710969503868912139e-02 9.506144742831132977e-01 0.000000000000000000e+00 2.275830678197541916e-03 0.000000000000000000e+00
1.775000000000000000e+03 7.100332207879733737e-02 5.018206645425580398e-02 9.459490213928083424e-01 0.000000000000000000e+00 3.868912152935821518e-03 0.000000000000000000e+00
1.800000000000000000e+03 7.200336886863945018e-02 6.508875739644970349e-02 9.313837050523441352e-01 0.000000000000000000e+00 3.527537551206190360e-03 0.000000000000000000e+00
1.825000000000000000e+03 7.300341565848178504e-02 6.645425580336822291e-02 9.293354574419663283e-01 0.000000000000000000e+00 4.210286754665453109e-03 0.000000000000000000e+00
1.850000000000000000e+03 7.400346244832389786e-02 6.861629494765589254e-02 9.269458352298588499e-01 0.000000000000000000e+00 4.437869822485207214e-03 0.000000000000000000e+00
1.875000000000000000e+03 7.500350923816623272e-02 7.862994993172507663e-02 9.139736003641328876e-01 0.000000000000000000e+00 7.396449704142011444e-03 0.000000000000000000e+00
1.900000000000000000e+03 7.600355602800834554e-02 7.464724624487938109e-02 9.192080109239872954e-01 0.000000000000000000e+00 6.144742831133363434e-03 0.000000000000000000e+00
1.925000000000000000e+03 7.700360281785045835e-02 6.213017751479289752e-02 9.327492034592625991e-01 0.000000000000000000e+00 5.120619025944469528e-03 0.000000000000000000e+00
1.950000000000000000e+03 7.800364960769279321e-02 8.181611288120163583e-02 9.146563495675921196e-01 0.000000000000000000e+00 3.527537551206190360e-03 0.000000000000000000e+00
1.975000000000000000e+03 7.900369639753490603e-02 7.305416477014110843e-02 9.228493400091033472e-01 0.000000000000000000e+00 4.096495220755575623e-03 0.000000000000000000e+00
2.000000000000000000e+03 8.000374318737724089e-02 7.248520710059171146e-02 9.215976331360946627e-01 0.000000000000000000e+00 5.917159763313609329e-03 0.000000000000000000e+00
2.025000000000000000e+03 8.100378997721935370e-02 9.490213928083750250e-02 8.974738279472007640e-01 0.000000000000000000e+00 7.624032771961766417e-03 0.000000000000000000e+00
2.050000000000000000e+03 8.200383676706168856e-02 1.129949931725079681e-01 8.783568502503413811e-01 0.000000000000000000e+00 8.648156577150659455e-03 0.000000000000000000e+00
2.075000000000000000e+03 8.300388355690380138e-02 1.307464724624488039e-01 8.588984979517524376e-01 0.000000000000000000e+00 1.035502958579881741e-02 0.000000000000000000e+00
2.100000000000000000e+03 8.400393034674613624e-02 1.399635867091488517e-01 8.475193445607647202e-01 0.000000000000000000e+00 1.251706873008648184e-02 0.000000000000000000e+00
2.125000000000000000e+03 8.500397713658824905e-02 1.430359581247155343e-01 8.409194355939918486e-01 0.000000000000000000e+00 1.604460628129267263e-02 0.000000000000000000e+00
2.150000000000000000e+03 8.600402392643058391e-02 1.513427401001365413e-01 8.290851160673645692e-01 3.413746017296313199e-04 1.923076923076923184e-02 0.000000000000000000e+00
2.175000000000000000e+03 8.700407071627269673e-02 1.470186618115612298e-01 8.320436959490213891e-01 2.275830678197542133e-04 2.071005917159763482e-02 0.000000000000000000e+00
2.200000000000000000e+03 8.800411750611503159e-02 1.727355484751934567e-01 8.002958579881657153e-01 1.137915339098771066e-04 2.685480200273099652e-02 0.000000000000000000e+00
2.225000000000000000e+03 8.900416429595714440e-02 1.868456986800182129e-01 7.834547109695039202e-01 0.000000000000000000e+00 2.969959035047792587e-02 0.000000000000000000e+00
2.250000000000000000e+03 9.000421108579925722e-02 2.099453800637232637e-01 7.550068274920346267e-01 3.413746017296313199e-04 3.470641784251251444e-02 0.000000000000000000e+00
2.275000000000000000e+03 9.100425787564159208e-02 2.149522075557578626e-01 7.451069640418752638e-01 4.551661356395084266e-04 3.948566226672735324e-02 0.000000000000000000e+00
2.300000000000000000e+03 9.200430466548370489e-02 2.281520254893036059e-01 7.191624943104233392e-01 7.965407373691396923e-04 5.188893946290396020e-02 0.000000000000000000e+00
2.325000000000000000e+03 9.300435145532603975e-02 2.438552571688666348e-01 6.911697769685934967e-01 1.137915339098770958e-03 6.383705052344106068e-02 0.000000000000000000e+00
2.350000000000000000e+03 9.400439824516815257e-02 2.545516613563950648e-01 6.803595812471552318e-01 1.934456076467910759e-03 6.315430131998178709e-02 0.000000000000000000e+00
2.375000000000000000e+03 9.500444503501048743e-02 2.685480200273099860e-01 6.497496586253982409e-01 1.706873008648156654e-03 7.999544833864360993e-02 0.000000000000000000e+00
2.400000000000000000e+03 9.600449182485260025e-02 2.980200273099681274e-01 6.107191624943104635e-01 1.934456076467910759e-03 8.932635411925353430e-02 0.000000000000000000e+00
2.425000000000000000e+03 9.700453861469493511e-02 3.196404187528447682e-01 5.772644515248065433e-01 2.275830678197541916e-03 1.008192990441511144e-01 0.000000000000000000e+00
2.450000000000000000e+03 9.800458540453704792e-02 3.105370960400546387e-01 5.685025034137459743e-01 1.934456076467910759e-03 1.190259444697314567e-01 0.000000000000000000e+00
2.475000000000000000e+03 9.900463219437938278e-02 3.195266272189349332e-01 5.456304050978607600e-01 4.096495220755575623e-03 1.307464724624488039e-01 0.000000000000000000e+00
2.500000000000000000e+03 1.000046789842214956e-01 3.489986345015930747e-01 5.051206190259445172e-01 3.641329085116067413e-03 1.422394173873463841e-01 0.000000000000000000e+00
2.525000000000000000e+03 1.010047257740636084e-01 3.476331360946745552e-01 4.817933545744196855e-01 4.893035958124715423e-03 1.656804733727810786e-01 0.000000000000000000e+00
2.550000000000000000e+03 1.020047725639059433e-01 3.609467455621301890e-01 4.419663177059626746e-01 7.624032771961766417e-03 1.894629039599453890e-01 0.000000000000000000e+00
2.575000000000000000e+03 1.030048193537480561e-01 3.763086026399635742e-01 3.999772416932180219e-01 7.510241238051888930e-03 2.162039144287664916e-01 0.000000000000000000e+00
2.600000000000000000e+03 1.040048661435903909e-01 3.822257624032772139e-01 3.744879380974055483e-01 1.001365498406918582e-02 2.332726445152480677e-01 0.000000000000000000e+00
2.625000000000000000e+03 1.050049129334325038e-01 3.843878015475648557e-01 3.381884387801547542e-01 1.081019572143832562e-02 2.666135639508420696e-01 0.000000000000000000e+00
2.650000000000000000e+03 1.060049597232748386e-01 4.029358215748748417e-01 3.162266727355484974e-01 1.513427401001365448e-02 2.657032316795630567e-01 0.000000000000000000e+00
2.675000000000000000e+03 1.070050065131169514e-01 3.942876649977241632e-01 3.022303140646335762e-01 1.786527082385070547e-02 2.856167501137915066e-01 0.000000000000000000e+00
2.700000000000000000e+03 1.080050533029592863e-01 4.054392353208920996e-01 2.914201183431952558e-01 2.116522530723714129e-02 2.819754210286754548e-01 0.000000000000000000e+00
2.725000000000000000e+03 1.090051000928013991e-01 4.072598998634501810e-01 2.775375512061902805e-01 2.287209831588529751e-02 2.923304506144742687e-01 0.000000000000000000e+00
2.750000000000000000e+03 1.100051468826437340e-01 4.241010468821119761e-01 2.663859808830222886e-01 2.765134274010013632e-02 2.818616294947655643e-01 0.000000000000000000e+00
2.775000000000000000e+03 1.110051936724858468e-01 4.336595357305416676e-01 2.601274465179790885e-01 3.117888029130632538e-02 2.750341374601729671e-01 0.000000000000000000e+00
2.800000000000000000e+03 1.120052404623281816e-01 4.307009558488848477e-01 2.512517068730086289e-01 3.447883477469276120e-02 2.835685025034137552e-01 0.000000000000000000e+00
2.825000000000000000e+03 1.130052872521702945e-01 4.384387801547565133e-01 2.492034592626308498e-01 4.073736913973600299e-02 2.716203914428766408e-01 0.000000000000000000e+00
2.850000000000000000e+03 1.140053340420124073e-01 4.388939462903960198e-01 2.432862994993172379e-01 4.187528447883477611e-02 2.759444697314519801e-01 0.000000000000000000e+00
2.875000000000000000e+03 1.150053808318547421e-01 4.498179335457441752e-01 2.436276741010468816e-01 4.255803368229403583e-02 2.639963586709148657e-01 0.000000000000000000e+00
2.900000000000000000e+03 1.160054276216968550e-01 4.573281747837960598e-01 2.317933545744196577e-01 4.085116067364587961e-02 2.700273099681383959e-01 0.000000000000000000e+00
2.925000000000000000e+03 1.170054744115391898e-01 4.649522075557578349e-01 2.230314064633591165e-01 4.096495220755575623e-02 2.710514337733272439e-01 0.000000000000000000e+00
2.950000000000000000e+03 1.180055212013813026e-01 4.637005006827492060e-01 2.225762403277196100e-01 4.460628129267182190e-02 2.691169776968593275e-01 0.000000000000000000e+00
2.975000000000000000e+03 1.190055679912236375e-01 4.667728720983158608e-01 2.190487027765134209e-01 4.244424214838415921e-02 2.717341829767865313e-01 0.000000000000000000e+00
3.000000000000000000e+03 1.200056147810657503e-01 4.737141556668184039e-01 2.133591260810195622e-01 4.756486117432862787e-02 2.653618570778333852e-01 0.000000000000000000e+00
3.025000000000000000e+03 1.210056615709080852e-01 4.616522530723713991e-01 2.088074647246244975e-01 4.494765589440145870e-02 2.845926263086026586e-01 0.000000000000000000e+00
3.050000000000000000e+03 1.220057083607501980e-01 4.724624487938097195e-01 2.035730541647701453e-01 4.278561675011378906e-02 2.811788802913063323e-01 0.000000000000000000e+00
3.075000000000000000e+03 1.230057551505925328e-01 4.695038689121529552e-01 2.050523441055985552e-01 4.585798816568047165e-02 2.795857988165680319e-01 0.000000000000000000e+00
3.100000000000000000e+03 1.240058019404346457e-01 4.665452890304961353e-01 2.009558488848429691e-01 4.972690031861629750e-02 2.827719617660446327e-01 0.000000000000000000e+00
3.125000000000000000e+03 1.250058487302769805e-01 4.706417842512516936e-01 2.010696404187528319e-01 5.484751934456076616e-02 2.734410559854346667e-01 0.000000000000000000e+00
3.150000000000000000e+03 1.260058955201190933e-01 4.832726445152480399e-01 1.979972690031861493e-01 6.178880291306326766e-02 2.569412835685024876e-01 0.000000000000000000e+00
3.175000000000000000e+03 1.270059423099612061e-01 4.755348202093764298e-01 2.028903049613108855e-01 6.406463359126081392e-02 2.575102412380518846e-01 0.000000000000000000e+00
3.200000000000000000e+03 1.280059890998035410e-01 4.815657715065999045e-01 1.948111060537096040e-01 6.781975421028675621e-02 2.558033682294037492e-01 0.000000000000000000e+00
3.225000000000000000e+03 1.290060358896456538e-01 4.828174783796085334e-01 1.952662721893491105e-01 6.804733727810650945e-02 2.538689121529358328e-01 0.000000000000000000e+00
3.250000000000000000e+03 1.300060826794879887e-01 4.765589440145653333e-01 1.921939007737824279e-01 6.793354574419663283e-02 2.633136094674556338e-01 0.000000000000000000e+00
3.275000000000000000e+03 1.310061294693301015e-01 4.893035958124715701e-01 1.826354119253527641e-01 7.294037323623121793e-02 2.551206190259444617e-01 0.000000000000000000e+00
3.300000000000000000e+03 1.320061762591724364e-01 4.973827947200728516e-01 1.743286299499317293e-01 7.635411925352754425e-02 2.519344560764679164e-01 0.000000000000000000e+00
3.325000000000000000e+03 1.330062230490145492e-01 5.058033682294037492e-01 1.685252617205279801e-01 7.055075102412380894e-02 2.551206190259444617e-01 0.000000000000000000e+00
3.350000000000000000e+03 1.340062698388568840e-01 4.990896677287209870e-01 1.730769230769230727e-01 7.316795630405098505e-02 2.546654528903049552e-01 0.000000000000000000e+00
3.375000000000000000e+03 1.350063166286989969e-01 5.087619481110605690e-01 1.672735548475193512e-01 7.316795630405098505e-02 2.507965407373691225e-01 0.000000000000000000e+00
3.400000000000000000e+03 1.360063634185413317e-01 5.039827036868457233e-01 1.588529813381884259e-01 7.862994993172507663e-02 2.585343650432407880e-01 0.000000000000000000e+00
3.425000000000000000e+03 1.370064102083834445e-01 5.037551206190259423e-01 1.507737824305871721e-01 7.919890760127445972e-02 2.662721893491124536e-01 0.000000000000000000e+00
3.450000000000000000e+03 1.380064569982257794e-01 5.271961766044606090e-01 1.412152935821574806e-01 7.294037323623121793e-02 2.586481565771506785e-01 0.000000000000000000e+00
3.475000000000000000e+03 1.390065037880678922e-01 5.253755120619025831e-01 1.387118798361401950e-01 7.669549385525717411e-02 2.592171142467000200e-01 0.000000000000000000e+00
3.500000000000000000e+03 1.400065505779100050e-01 5.283340919435594030e-01 1.302913063268092975e-01 8.136094674556212936e-02 2.600136549840691980e-01 0.000000000000000000e+00
3.525000000000000000e+03 1.410065973677523399e-01 5.308375056895766608e-01 1.324533454710969393e-01 8.261265361857077216e-02 2.540964952207555583e-01 0.000000000000000000e+00
3.550000000000000000e+03 1.420066441575944527e-01 5.271961766044606090e-01 1.217569412835685094e-01 8.693673190714611143e-02 2.641101502048247562e-01 0.000000000000000000e+00
3.575000000000000000e+03 1.430066909474367876e-01 5.465407373691397730e-01 1.156121984524351443e-01 8.249886208466089554e-02 2.553482020937642427e-01 0.000000000000000000e+00
3.600000000000000000e+03 1.440067377372789004e-01 5.357305416477013971e-01 1.178880291306326766e-01 8.682294037323623481e-02 2.595584888484296915e-01 0.000000000000000000e+00
3.625000000000000000e+03 1.450067845271212352e-01 5.534820209376422051e-01 1.118570778334091881e-01 9.262630860263997012e-02 2.420345926263086089e-01 0.000000000000000000e+00
3.650000000000000000e+03 1.460068313169633480e-01 5.642922166590805810e-01 1.115157032316795582e-01 9.148839326354119006e-02 2.327036868456986707e-01 0.000000000000000000e+00
3.675000000000000000e+03 1.470068781068056829e-01 5.600819299044150767e-01 1.077605826126536159e-01 9.911242603550296515e-02 2.330450614474283144e-01 0.000000000000000000e+00
3.700000000000000000e+03 1.480069248966477957e-01 5.436959490213928436e-01 1.096950386891215323e-01 1.003641329085116080e-01 2.462448793809740577e-01 0.000000000000000000e+00
3.725000000000000000e+03 1.490069716864901306e-01 5.615612198452435422e-01 1.137915339098771045e-01 1.010468821119708677e-01 2.236003641329085134e-01 0.000000000000000000e+00
3.750000000000000000e+03 1.500070184763322434e-01 5.556440600819299025e-01 1.099226217569412856e-01 1.033227127901684139e-01 2.311106053709603980e-01 0.000000000000000000e+00
3.775000000000000000e+03 1.510070652661745783e-01 5.555302685480200120e-01 1.077605826126536159e-01 1.046882111970869333e-01 2.320209376422394110e-01 0.000000000000000000e+00
3.800000000000000000e+03 1.520071120560166911e-01 5.494993172507965928e-01 1.061675011379153433e-01 1.008192990441511144e-01 2.435138825671370189e-01 0.000000000000000000e+00
3.825000000000000000e+03 1.530071588458588039e-01 5.614474283113336517e-01 1.034365043240782905e-01 1.024123805188894010e-01 2.327036868456986707e-01 0.000000000000000000e+00
3.850000000000000000e+03 1.540072056357011387e-01 5.587164314974966128e-01 1.073054164770141095e-01 1.063950842057350965e-01 2.275830678197542090e-01 0.000000000000000000e+00
3.875000000000000000e+03 1.550072524255432516e-01 5.637232589895311285e-01 1.007055075102412378e-01 1.094674556213017791e-01 2.261037778789257990e-01 0.000000000000000000e+00
3.900000000000000000e+03 1.560072992153855864e-01 5.745334547109695045e-01 9.649522075557578904e-02 1.043468365953573035e-01 2.246244879380974169e-01 0.000000000000000000e+00
3.925000000000000000e+03 1.570073460052276992e-01 5.605370960400546387e-01 1.001365498406918547e-01 1.086709148839326289e-01 2.306554392353208915e-01 0.000000000000000000e+00
3.950000000000000000e+03 1.580073927950700341e-01 5.720300409649522466e-01 1.000227583067819781e-01 1.126536185707783383e-01 2.152935821574874786e-01 0.000000000000000000e+00
3.975000000000000000e+03 1.590074395849121469e-01 5.864815657715065633e-01 9.774692762858443185e-02 1.124260355029585851e-01 2.033454710969503920e-01 0.000000000000000000e+00
4.000000000000000000e+03 1.600074863747544818e-01 5.766954938552572019e-01 9.877105143377332142e-02 1.200500682749203463e-01 2.044833864360491582e-01 0.000000000000000000e+00
4.025000000000000000e+03 1.610075331645965946e-01 5.705507510241237812e-01 9.842967683204369156e-02 1.249431042330450548e-01 2.060764679107874309e-01 0.000000000000000000e+00
4.050000000000000000e+03 1.620075799544389294e-01 5.662266727355484974e-01 1.005917159763313612e-01 1.255120619025944517e-01 2.076695493855257035e-01 0.000000000000000000e+00
4.075000000000000000e+03 1.630076267442810423e-01 5.723714155666818071e-01 9.649522075557578904e-02 1.291533909877105035e-01 2.019799726900318726e-01 0.000000000000000000e+00
4.100000000000000000e+03 1.640076735341231551e-01 5.798816568047336917e-01 9.535730541647700897e-02 1.373463814292216756e-01 1.874146563495675821e-01 0.000000000000000000e+00
4.125000000000000000e+03 1.650077203239654899e-01 5.822712790168411701e-01 9.547109695038688559e-02 1.391670459717797015e-01 1.830905780609922706e-01 0.000000000000000000e+00
4.150000000000000000e+03 1.660077671138076028e-01 5.839781520254893055e-01 9.376422394173873631e-02 1.385980883022303045e-01 1.836595357305416398e-01 0.000000000000000000e+00
4.175000000000000000e+03 1.670078139036499376e-01 5.905780609922621771e-01 9.091943559399180697e-02 1.430359581247155343e-01 1.754665452890304955e-01 0.000000000000000000e+00
4.200000000000000000e+03 1.680078606934920504e-01 5.946745562130177909e-01 8.761948111060537114e-02 1.362084660901228816e-01 1.814974965862539702e-01 0.000000000000000000e+00
4.225000000000000000e+03 1.690079074833343853e-01 5.887573964497041512e-01 9.512972234865725574e-02 1.382567137005006885e-01 1.778561675011379184e-01 0.000000000000000000e+00
4.250000000000000000e+03 1.700079542731764981e-01 6.034365043240782489e-01 8.932635411925353430e-02 1.400773782430587144e-01 1.671597633136094607e-01 0.000000000000000000e+00
4.275000000000000000e+03 1.710080010630188330e-01 5.959262630860263643e-01 8.989531178880291740e-02 1.428083750568957533e-01 1.713700500682749095e-01 0.000000000000000000e+00
4.300000000000000000e+03 1.720080478528609458e-01 5.927401001365498745e-01 8.614019116977697510e-02 1.464497041420118328e-01 1.746700045516613453e-01 0.000000000000000000e+00
4.325000000000000000e+03 1.730080946427032806e-01 5.959262630860263643e-01 8.978152025489304078e-02 1.454255803368229294e-01 1.688666363222576239e-01 0.000000000000000000e+00
4.350000000000000000e+03 1.740081414325453935e-01 5.966090122894857073e-01 8.818843878015475424e-02 1.487255348202093652e-01 1.664770141101502010e-01 0.000000000000000000e+00
4.375000000000000000e+03 1.750081882223877283e-01 6.038916704597178109e-01 8.454710969503868856e-02 1.450842057350933134e-01 1.664770141101502010e-01 0.000000000000000000e+00
4.400000000000000000e+03 1.760082350122298411e-01 5.958124715521164738e-01 8.625398270368685172e-02 1.550978607191624836e-01 1.628356850250341492e-01 0.000000000000000000e+00
4.425000000000000000e+03 1.770082818020719539e-01 6.024123805188893455e-01 8.705052344105598805e-02 1.598771051433773294e-01 1.506599908966772816e-01 0.000000000000000000e+00
4.450000000000000000e+03 1.780083285919142888e-01 6.013882567137005530e-01 8.875739644970413733e-02 1.636322257624032717e-01 1.462221210741920796e-01 0.000000000000000000e+00
4.475000000000000000e+03 1.790083753817564016e-01 5.997951752389621971e-01 8.716431497496586467e-02 1.619253527537551085e-01 1.511151570323167881e-01 0.000000000000000000e+00
4.500000000000000000e+03 1.800084221715987365e-01 5.970641784251251583e-01 8.841602184797450747e-02 1.681838871187983642e-01 1.463359126081019701e-01 0.000000000000000000e+00
4.525000000000000000e+03 1.810084689614408493e-01 5.930814747382794350e-01 8.773327264451524776e-02 1.697769685935366368e-01 1.494082840236686527e-01 0.000000000000000000e+00
4.550000000000000000e+03 1.820085157512831842e-01 6.048020027309968238e-01 8.284023668639053928e-02 1.689804278561675144e-01 1.433773327264451503e-01 0.000000000000000000e+00
4.575000000000000000e+03 1.830085625411252970e-01 6.123122439690487084e-01 7.965407373691398007e-02 1.695493855257168836e-01 1.384842967683204418e-01 0.000000000000000000e+00
4.600000000000000000e+03 1.840086093309676318e-01 6.185707783340919086e-01 7.669549385525717411e-02 1.755803368229403860e-01 1.291533909877105035e-01 0.000000000000000000e+00
4.625000000000000000e+03 1.850086561208097446e-01 6.194811106053709215e-01 7.840236686390532339e-02 1.789940828402366846e-01 1.231224396904870289e-01 0.000000000000000000e+00
4.650000000000000000e+03 1.860087029106520795e-01 6.198224852071005930e-01 8.113336367774237612e-02 1.758079198907601393e-01 1.232362312243969055e-01 0.000000000000000000e+00
4.675000000000000000e+03 1.870087497004941923e-01 6.153846153846154188e-01 8.113336367774237612e-02 1.771734182976786587e-01 1.263086026399635742e-01 0.000000000000000000e+00
4.700000000000000000e+03 1.880087964903365272e-01 6.131087847064178309e-01 8.181611288120163583e-02 1.793354574419663283e-01 1.257396449704142050e-01 0.000000000000000000e+00
4.725000000000000000e+03 1.890088432801786400e-01 6.103777878925807920e-01 8.204369594902138907e-02 1.778561675011379184e-01 1.297223486572599005e-01 0.000000000000000000e+00
4.750000000000000000e+03 1.900088900700207528e-01 6.259672280382339027e-01 7.988165680473373331e-02 1.817250796540737234e-01 1.124260355029585851e-01 0.000000000000000000e+00
4.775000000000000000e+03 1.910089368598630877e-01 6.215293582157487284e-01 7.737824305871643382e-02 1.818388711879836139e-01 1.192535275375512099e-01 0.000000000000000000e+00
4.800000000000000000e+03 1.920089836497052005e-01 6.183431952662722386e-01 8.136094674556212936e-02 1.855939918070095562e-01 1.147018661811561174e-01 0.000000000000000000e+00
4.825000000000000000e+03 1.930090304395475354e-01 6.246017296313154388e-01 8.124715521165225274e-02 1.820664542558033672e-01 1.120846609012289552e-01 0.000000000000000000e+00
4.850000000000000000e+03 1.940090772293896482e-01 6.205052344105598250e-01 8.431952662721893532e-02 1.849112426035502965e-01 1.102639963586709154e-01 0.000000000000000000e+00
4.875000000000000000e+03 1.950091240192319830e-01 6.214155666818388379e-01 8.579881656804733137e-02 1.852526172052799402e-01 1.075329995448338627e-01 0.000000000000000000e+00
4.900000000000000000e+03 1.960091708090740958e-01 6.139053254437869533e-01 8.443331816112881194e-02 1.904870277651342647e-01 1.111743286299499284e-01 0.000000000000000000e+00
4.925000000000000000e+03 1.970092175989164307e-01 6.294947655894401750e-01 7.874374146563495325e-02 1.841147018661811463e-01 1.076467910787437393e-01 0.000000000000000000e+00
4.950000000000000000e+03 1.980092643887585435e-01 6.354119253527537037e-01 7.737824305871643382e-02 1.813837050523441075e-01 1.058261265361857134e-01 0.000000000000000000e+00
4.975000000000000000e+03 1.990093111786008784e-01 6.408739189804278924e-01 7.669549385525717411e-02 1.812699135184342170e-01 1.011606736458807443e-01 0.000000000000000000e+00
5.000000000000000000e+03 2.000093579684429912e-01 6.355257168866635942e-01 7.532999544833864081e-02 1.834319526627218866e-01 1.057123350022758368e-01 0.000000000000000000e+00
5.025000000000000000e+03 2.010094047582853261e-01 6.310878470641784199e-01 7.680928538916705073e-02 1.882111970869367323e-01 1.038916704597177970e-01 0.000000000000000000e+00
5.050000000000000000e+03 2.020094515481274389e-01 6.327947200728265553e-01 7.646791078743742087e-02 1.934456076467910846e-01 9.729176149294492537e-02 0.000000000000000000e+00
5.075000000000000000e+03 2.030094983379695517e-01 6.329085116067364458e-01 7.362312243969049153e-02 1.968593536640873831e-01 9.660901228948566566e-02 0.000000000000000000e+00
5.100000000000000000e+03 2.040095451278118865e-01 6.339326354119253493e-01 7.271279016841146470e-02 1.986800182066454368e-01 9.467455621301774926e-02 0.000000000000000000e+00
5.125000000000000000e+03 2.050095919176539994e-01 6.319981793354574329e-01 7.646791078743742087e-02 2.014110150204824756e-01 9.000910332271279402e-02 1.137915339098771066e-04
5.150000000000000000e+03 2.060096387074963342e-01 6.345015930814746907e-01 7.362312243969049153e-02 2.008420573509330787e-01 9.103322712790168358e-02 0.000000000000000000e+00
5.175000000000000000e+03 2.070096854973384470e-01 6.283568502503413811e-01 7.532999544833864081e-02 2.139280837505689592e-01 8.238507055075101893e-02 0.000000000000000000e+00
5.200000000000000000e+03 2.080097322871807819e-01 6.351843422849340337e-01 7.760582612653618706e-02 2.099453800637232637e-01 7.726445152480655720e-02 0.000000000000000000e+00
5.225000000000000000e+03 2.090097790770228947e-01 6.315430131998179819e-01 8.124715521165225274e-02 2.157487482931269851e-01 7.146108329540282189e-02 0.000000000000000000e+00
5.250000000000000000e+03 2.100098258668652296e-01 6.384842967683204140e-01 7.976786527082385669e-02 2.121074192080109333e-01 6.964041875284478211e-02 0.000000000000000000e+00
5.275000000000000000e+03 2.110098726567073424e-01 6.343878015475649113e-01 7.783340919435594030e-02 2.189349112426035582e-01 6.873008648156576916e-02 1.137915339098771066e-04
5.300000000000000000e+03 2.120099194465496772e-01 6.387118798361401950e-01 7.840236686390532339e-02 2.151797906235776159e-01 6.759217114246700298e-02 1.137915339098771066e-04
5.325000000000000000e+03 2.130099662363917901e-01 6.472462448793809831e-01 7.385070550751024476e-02 2.124487938097405493e-01 6.645425580336822291e-02 0.000000000000000000e+00
5.350000000000000000e+03 2.140100130262341249e-01 6.259672280382339027e-01 7.908511606736458310e-02 2.208693673190714746e-01 7.407828857532999800e-02 0.000000000000000000e+00
5.375000000000000000e+03 2.150100598160762377e-01 6.319981793354574329e-01 7.988165680473373331e-02 2.217796995903504875e-01 6.634046426945834629e-02 0.000000000000000000e+00
5.400000000000000000e+03 2.160101066059183506e-01 6.388256713700500855e-01 7.521620391442876419e-02 2.179107874374146547e-01 6.781975421028675621e-02 2.275830678197542133e-04
5.425000000000000000e+03 2.170101533957606854e-01 6.374601729631315106e-01 7.612653618570777714e-02 2.184797451069640517e-01 6.781975421028675621e-02 1.137915339098771066e-04
5.450000000000000000e+03 2.180102001856027982e-01 6.405325443786982209e-01 7.726445152480655720e-02 2.210969503868912278e-01 6.099226217569413133e-02 1.137915339098771066e-04
5.475000000000000000e+03 2.190102469754451331e-01 6.486117432862994470e-01 7.715065999089668058e-02 2.197314519799726806e-01 5.439235320892125969e-02 1.137915339098771066e-04
5.500000000000000000e+03 2.200102937652872459e-01 6.422394173873463563e-01 7.601274465179790052e-02 2.207555757851615841e-01 6.099226217569413133e-02 0.000000000000000000e+00
5.525000000000000000e+03 2.210103405551295808e-01 6.398497951752389890e-01 7.806099226217569353e-02 2.212107419208010906e-01 6.076467910787437116e-02 1.137915339098771066e-04
5.550000000000000000e+03 2.220103873449716936e-01 6.405325443786982209e-01 7.589895311788802390e-02 2.245106964041875264e-01 5.905780609922621494e-02 0.000000000000000000e+00
5.575000000000000000e+03 2.230104341348140284e-01 6.416704597177970149e-01 7.760582612653618706e-02 2.234865725989986229e-01 5.712335002275830548e-02 1.137915339098771066e-04
5.600000000000000000e+03 2.240104809246561413e-01 6.398497951752389890e-01 7.840236686390532339e-02 2.255348202093764298e-01 5.621301775147929253e-02 0.000000000000000000e+00
5.625000000000000000e+03 2.250105277144984761e-01 6.373463814292216201e-01 7.806099226217569353e-02 2.272416932180245652e-01 5.735093309057805872e-02 0.000000000000000000e+00
5.650000000000000000e+03 2.260105745043405889e-01 6.431497496586253693e-01 7.817478379608557015e-02 2.273554847519344557e-01 5.131998179335457710e-02 0.000000000000000000e+00
5.675000000000000000e+03 2.270106212941827017e-01 6.406463359126081114e-01 7.840236686390532339e-02 2.271279016841147025e-01 5.370960400546199304e-02 1.137915339098771066e-04
