# itime ezz other fcc hcp bcc ico
0.000000000000000000e+00 0.000000000000000000e+00 6.827492034592626399e-04 9.993172507965407680e-01 0.000000000000000000e+00 0.000000000000000000e+00 0.000000000000000000e+00
2.500000000000000000e+01 1.000023554898366029e-03 1.365498406918525280e-03 9.986345015930814251e-01 0.000000000000000000e+00 0.000000000000000000e+00 0.000000000000000000e+00
5.000000000000000000e+01 2.000047109796732059e-03 9.103322712790168532e-04 9.990896677287209870e-01 0.000000000000000000e+00 0.000000000000000000e+00 0.000000000000000000e+00
7.500000000000000000e+01 3.000070664694876044e-03 1.593081474738279385e-03 9.984069185252617551e-01 0.000000000000000000e+00 0.000000000000000000e+00 0.000000000000000000e+00
1.000000000000000000e+02 4.000094219593242073e-03 1.251706873008648227e-03 9.987482931269913156e-01 0.000000000000000000e+00 0.000000000000000000e+00 0.000000000000000000e+00
1.250000000000000000e+02 5.000117774491608102e-03 5.689576695493854790e-04 9.994310423304506585e-01 0.000000000000000000e+00 0.000000000000000000e+00 0.000000000000000000e+00
1.500000000000000000e+02 6.000141329389974132e-03 1.365498406918525280e-03 9.986345015930814251e-01 0.000000000000000000e+00 0.000000000000000000e+00 0.000000000000000000e+00
1.750000000000000000e+02 7.000164884288340161e-03 6.827492034592626399e-04 9.993172507965407680e-01 0.000000000000000000e+00 0.000000000000000000e+00 0.000000000000000000e+00
2.000000000000000000e+02 8.000188439186706191e-03 2.275830678197541916e-03 9.977241693218024121e-01 0.000000000000000000e+00 0.000000000000000000e+00 0.000000000000000000e+00
2.250000000000000000e+02 9.000211994084850176e-03 1.024123805188893906e-03 9.989758761948110966e-01 0.000000000000000000e+00 0.000000000000000000e+00 0.000000000000000000e+00
2.500000000000000000e+02 1.000023554898321620e-02 1.137915339098770958e-03 9.988620846609012061e-01 0.000000000000000000e+00 0.000000000000000000e+00 0.000000000000000000e+00
2.750000000000000000e+02 1.100025910388158223e-02 1.593081474738279385e-03 9.984069185252617551e-01 0.000000000000000000e+00 0.000000000000000000e+00 0.000000000000000000e+00
3.000000000000000000e+02 1.200028265877994826e-02 1.820664542558033706e-03 9.981793354574419741e-01 0.000000000000000000e+00 0.000000000000000000e+00 0.000000000000000000e+00
3.250000000000000000e+02 1.300030621367831429e-02 3.527537551206190360e-03 9.964724624487938387e-01 0.000000000000000000e+00 0.000000000000000000e+00 0.000000000000000000e+00
3.500000000000000000e+02 1.400032976857668032e-02 1.024123805188893906e-03 9.989758761948110966e-01 0.000000000000000000e+00 0.000000000000000000e+00 0.000000000000000000e+00
3.750000000000000000e+02 1.500035332347482431e-02 4.551661356395084266e-04 9.995448338643604380e-01 0.000000000000000000e+00 0.000000000000000000e+00 0.000000000000000000e+00
4.000000000000000000e+02 1.600037687837319034e-02 3.186162949476558769e-03 9.968138370505233992e-01 0.000000000000000000e+00 0.000000000000000000e+00 0.000000000000000000e+00
4.250000000000000000e+02 1.700040043327155637e-02 1.706873008648156654e-03 9.982931269913518646e-01 0.000000000000000000e+00 0.000000000000000000e+00 0.000000000000000000e+00
4.500000000000000000e+02 1.800042398816992240e-02 9.103322712790168532e-04 9.990896677287209870e-01 0.000000000000000000e+00 0.000000000000000000e+00 0.000000000000000000e+00
4.750000000000000000e+02 1.900044754306828843e-02 3.186162949476558769e-03 9.968138370505233992e-01 0.000000000000000000e+00 0.000000000000000000e+00 0.000000000000000000e+00
5.000000000000000000e+02 2.000047109796665445e-02 1.251706873008648227e-03 9.986345015930814251e-01 0.000000000000000000e+00 1.137915339098771066e-04 0.000000000000000000e+00
5.250000000000000000e+02 2.100049465286479844e-02 3.527537551206190360e-03 9.964724624487938387e-01 0.000000000000000000e+00 0.000000000000000000e+00 0.000000000000000000e+00
5.500000000000000000e+02 2.200051820776316447e-02 3.413746017296313308e-03 9.964724624487938387e-01 0.000000000000000000e+00 1.137915339098771066e-04 0.000000000000000000e+00
5.750000000000000000e+02 2.300054176266153050e-02 1.820664542558033706e-03 9.981793354574419741e-01 0.000000000000000000e+00 0.000000000000000000e+00 0.000000000000000000e+00
6.000000000000000000e+02 2.400056531755989653e-02 2.730996813837050560e-03 9.972690031861629611e-01 0.000000000000000000e+00 0.000000000000000000e+00 0.000000000000000000e+00
6.250000000000000000e+02 2.500058887245826256e-02 1.706873008648156654e-03 9.982931269913518646e-01 0.000000000000000000e+00 0.000000000000000000e+00 0.000000000000000000e+00
6.500000000000000000e+02 2.600061242735662859e-02 1.593081474738279385e-03 9.984069185252617551e-01 0.000000000000000000e+00 0.000000000000000000e+00 0.000000000000000000e+00
6.750000000000000000e+02 2.700063598225477257e-02 2.275830678197541916e-03 9.977241693218024121e-01 0.000000000000000000e+00 0.000000000000000000e+00 0.000000000000000000e+00
7.000000000000000000e+02 2.800065953715313860e-02 2.617205279927173507e-03 9.972690031861629611e-01 0.000000000000000000e+00 1.137915339098771066e-04 0.000000000000000000e+00
7.250000000000000000e+02 2.900068309205150463e-02 3.072371415566681717e-03 9.969276285844332897e-01 0.000000000000000000e+00 0.000000000000000000e+00 0.000000000000000000e+00
7.500000000000000000e+02 3.000070664694987066e-02 4.324078288575329727e-03 9.955621301775148257e-01 0.000000000000000000e+00 1.137915339098771066e-04 0.000000000000000000e+00
7.750000000000000000e+02 3.100073020184823669e-02 1.934456076467910759e-03 9.979517523896221931e-01 0.000000000000000000e+00 1.137915339098771066e-04 0.000000000000000000e+00
8.000000000000000000e+02 3.200075375674660272e-02 2.617205279927173507e-03 9.973827947200728516e-01 0.000000000000000000e+00 0.000000000000000000e+00 0.000000000000000000e+00
8.250000000000000000e+02 3.300077731164474670e-02 4.210286754665453109e-03 9.954483386436049352e-01 0.000000000000000000e+00 3.413746017296313199e-04 0.000000000000000000e+00
8.500000000000000000e+02 3.400080086654311273e-02 5.348202093764223633e-03 9.941966317705962508e-01 0.000000000000000000e+00 4.551661356395084266e-04 0.000000000000000000e+00
8.750000000000000000e+02 3.500082442144147876e-02 4.324078288575329727e-03 9.954483386436049352e-01 0.000000000000000000e+00 2.275830678197542133e-04 0.000000000000000000e+00
9.000000000000000000e+02 3.600084797633984479e-02 3.527537551206190360e-03 9.963586709148839482e-01 0.000000000000000000e+00 1.137915339098771066e-04 0.000000000000000000e+00
9.250000000000000000e+02 3.700087153123821082e-02 5.803368229403732710e-03 9.936276741010469093e-01 0.000000000000000000e+00 5.689576695493854790e-04 0.000000000000000000e+00
9.500000000000000000e+02 3.800089508613657685e-02 5.006827492034592909e-03 9.949931725079653733e-01 0.000000000000000000e+00 0.000000000000000000e+00 0.000000000000000000e+00
9.750000000000000000e+02 3.900091864103472084e-02 5.120619025944469528e-03 9.948793809740554828e-01 0.000000000000000000e+00 0.000000000000000000e+00 0.000000000000000000e+00
1.000000000000000000e+03 4.000094219593308686e-02 6.144742831133363434e-03 9.936276741010469093e-01 0.000000000000000000e+00 2.275830678197542133e-04 0.000000000000000000e+00
1.025000000000000000e+03 4.100096575083145289e-02 8.420573509330906217e-03 9.910104688211197610e-01 0.000000000000000000e+00 5.689576695493854790e-04 0.000000000000000000e+00
1.050000000000000000e+03 4.200098930572981892e-02 8.192990441511151245e-03 9.916932180245789930e-01 0.000000000000000000e+00 1.137915339098771066e-04 0.000000000000000000e+00
1.075000000000000000e+03 4.300101286062818495e-02 8.079198907601274626e-03 9.914656349567592120e-01 0.000000000000000000e+00 4.551661356395084266e-04 0.000000000000000000e+00
1.100000000000000000e+03 4.400103641552655098e-02 8.648156577150659455e-03 9.913518434228493215e-01 0.000000000000000000e+00 0.000000000000000000e+00 0.000000000000000000e+00
1.125000000000000000e+03 4.500105997042469497e-02 8.420573509330906217e-03 9.913518434228493215e-01 0.000000000000000000e+00 2.275830678197542133e-04 0.000000000000000000e+00
1.150000000000000000e+03 4.600108352532306100e-02 1.183431952662721866e-02 9.878243058716431602e-01 0.000000000000000000e+00 3.413746017296313199e-04 0.000000000000000000e+00
1.175000000000000000e+03 4.700110708022142703e-02 1.058261265361857065e-02 9.887346381429221731e-01 0.000000000000000000e+00 6.827492034592626399e-04 0.000000000000000000e+00
1.200000000000000000e+03 4.800113063511979306e-02 1.172052799271734204e-02 9.871415566681839282e-01 0.000000000000000000e+00 1.137915339098770958e-03 0.000000000000000000e+00
1.225000000000000000e+03 4.900115419001815908e-02 9.330905780609922637e-03 9.901001365498406370e-01 0.000000000000000000e+00 5.689576695493854790e-04 0.000000000000000000e+00
1.250000000000000000e+03 5.000117774491652511e-02 1.502048247610377786e-02 9.845243513882566688e-01 0.000000000000000000e+00 4.551661356395084266e-04 0.000000000000000000e+00
1.275000000000000000e+03 5.100120129981466910e-02 2.071005917159763482e-02 9.782658170232134687e-01 0.000000000000000000e+00 1.024123805188893906e-03 0.000000000000000000e+00
1.300000000000000000e+03 5.200122485471303513e-02 1.092398725534820224e-02 9.882794720072826111e-01 0.000000000000000000e+00 7.965407373691396923e-04 0.000000000000000000e+00
1.325000000000000000e+03 5.300124840961140116e-02 1.684114701866181243e-02 9.824761037778789730e-01 0.000000000000000000e+00 6.827492034592626399e-04 0.000000000000000000e+00
1.350000000000000000e+03 5.400127196450976719e-02 2.036868456986800149e-02 9.788347746927628101e-01 0.000000000000000000e+00 7.965407373691396923e-04 0.000000000000000000e+00
1.375000000000000000e+03 5.500129551940813322e-02 1.832043695949021542e-02 9.806554392353209471e-01 0.000000000000000000e+00 1.024123805188893906e-03 0.000000000000000000e+00
1.400000000000000000e+03 5.600131907430649925e-02 1.661356395084205573e-02 9.829312699135184239e-01 0.000000000000000000e+00 4.551661356395084266e-04 0.000000000000000000e+00
1.425000000000000000e+03 5.700134262920464323e-02 2.105143377332726468e-02 9.779244424214837972e-01 0.000000000000000000e+00 1.024123805188893906e-03 0.000000000000000000e+00
1.450000000000000000e+03 5.800136618410300926e-02 2.981338188438780248e-02 9.689349112426035582e-01 0.000000000000000000e+00 1.251706873008648227e-03 0.000000000000000000e+00
1.475000000000000000e+03 5.900138973900137529e-02 2.833409194355939950e-02 9.701866181156122426e-01 0.000000000000000000e+00 1.479289940828402332e-03 0.000000000000000000e+00
1.500000000000000000e+03 6.000141329389974132e-02 2.924442421483841592e-02 9.691624943104233392e-01 0.000000000000000000e+00 1.593081474738279385e-03 0.000000000000000000e+00
1.525000000000000000e+03 6.100143684879810735e-02 3.038233955393718558e-02 9.671142467000455323e-01 0.000000000000000000e+00 2.503413746017296455e-03 0.000000000000000000e+00
1.550000000000000000e+03 6.200146040369647338e-02 2.708238507055074976e-02 9.710969503868912556e-01 0.000000000000000000e+00 1.820664542558033706e-03 0.000000000000000000e+00
1.575000000000000000e+03 6.300148395859461736e-02 3.322712790168411146e-02 9.650659990896677254e-01 0.000000000000000000e+00 1.706873008648156654e-03 0.000000000000000000e+00
1.600000000000000000e+03 6.400150751349298339e-02 4.039599453800637313e-02 9.575557578516158408e-01 0.000000000000000000e+00 2.048247610377787811e-03 0.000000000000000000e+00
1.625000000000000000e+03 6.500153106839134942e-02 4.176149294492489950e-02 9.565316340464269373e-01 0.000000000000000000e+00 1.706873008648156654e-03 0.000000000000000000e+00
1.650000000000000000e+03 6.600155462328971545e-02 4.631315430131998506e-02 9.501593081474738467e-01 0.000000000000000000e+00 3.527537551206190360e-03 0.000000000000000000e+00
1.675000000000000000e+03 6.700157817818808148e-02 4.085116067364587961e-02 9.557350933090578149e-01 0.000000000000000000e+00 3.413746017296313308e-03 0.000000000000000000e+00
1.700000000000000000e+03 6.800160173308644751e-02 3.800637232589895026e-02 9.599453800637232082e-01 0.000000000000000000e+00 2.048247610377787811e-03 0.000000000000000000e+00
1.725000000000000000e+03 6.900162528798459149e-02 5.200273099681383682e-02 9.449248975876194390e-01 0.000000000000000000e+00 3.072371415566681717e-03 0.000000000000000000e+00
1.750000000000000000e+03 7.000164884288295752e-02 5.621301775147929253e-02 9.387801547564861293e-01 0.000000000000000000e+00 5.006827492034592909e-03 0.000000000000000000e+00
1.775000000000000000e+03 7.100167239778132355e-02 5.427856167501137613e-02 9.416249431042330587e-01 0.000000000000000000e+00 4.096495220755575623e-03 0.000000000000000000e+00
1.800000000000000000e+03 7.200169595267968958e-02 4.642694583522986168e-02 9.491351843422849432e-01 0.000000000000000000e+00 4.437869822485207214e-03 0.000000000000000000e+00
1.825000000000000000e+03 7.300171950757805561e-02 6.110605370960400795e-02 9.351388256713700775e-01 0.000000000000000000e+00 3.755120619025944465e-03 0.000000000000000000e+00
1.850000000000000000e+03 7.400174306247642164e-02 7.100591715976331542e-02 9.231907146108329076e-01 0.000000000000000000e+00 5.803368229403732710e-03 0.000000000000000000e+00
1.875000000000000000e+03 7.500176661737456563e-02 7.999544833864360993e-02 9.118115612198451903e-01 0.000000000000000000e+00 8.192990441511151245e-03 0.000000000000000000e+00
1.900000000000000000e+03 7.600179017227293166e-02 7.544378698224851743e-02 9.144287664997724496e-01 0.000000000000000000e+00 1.012744651797906244e-02 0.000000000000000000e+00
1.925000000000000000e+03 7.700181372717129769e-02 9.797451069640418508e-02 8.899635867091488795e-01 0.000000000000000000e+00 1.206190259444697363e-02 0.000000000000000000e+00
1.950000000000000000e+03 7.800183728206966371e-02 1.005917159763313612e-01 8.882567137005006330e-01 0.000000000000000000e+00 1.115157032316795548e-02 0.000000000000000000e+00
1.975000000000000000e+03 7.900186083696802974e-02 1.009330905780609910e-01 8.848429676832043622e-01 0.000000000000000000e+00 1.422394173873463806e-02 0.000000000000000000e+00
2.000000000000000000e+03 8.000188439186639577e-02 1.160673645880746507e-01 8.658397815202548697e-01 0.000000000000000000e+00 1.809285389167045871e-02 0.000000000000000000e+00
2.025000000000000000e+03 8.100190794676453976e-02 1.284706417842512438e-01 8.544606281292671524e-01 0.000000000000000000e+00 1.706873008648156567e-02 0.000000000000000000e+00
2.050000000000000000e+03 8.200193150166290579e-02 1.341602184797451025e-01 8.474055530268548297e-01 0.000000000000000000e+00 1.843422849340009204e-02 0.000000000000000000e+00
2.075000000000000000e+03 8.300195505656127182e-02 1.226672735548475224e-01 8.551433773327264953e-01 1.137915339098771066e-04 2.207555757851615771e-02 0.000000000000000000e+00
2.100000000000000000e+03 8.400197861145963785e-02 1.381429221665907980e-01 8.350022758306782089e-01 0.000000000000000000e+00 2.685480200273099652e-02 0.000000000000000000e+00
2.125000000000000000e+03 8.500200216635800388e-02 1.653390987710514348e-01 8.037096040054619861e-01 0.000000000000000000e+00 3.095129722348657214e-02 0.000000000000000000e+00
2.150000000000000000e+03 8.600202572125636991e-02 1.809285389167046010e-01 7.876649977241693135e-01 1.137915339098771066e-04 3.129267182521620200e-02 0.000000000000000000e+00
2.175000000000000000e+03 8.700204927615451389e-02 1.861629494765589532e-01 7.723031406463358728e-01 1.137915339098771066e-04 4.142011834319526964e-02 0.000000000000000000e+00
2.200000000000000000e+03 8.800207283105287992e-02 1.877560309512972259e-01 7.674101046882112476e-01 1.137915339098771066e-04 4.472007282658170546e-02 0.000000000000000000e+00
2.225000000000000000e+03 8.900209638595124595e-02 1.986800182066454368e-01 7.474965862539827421e-01 2.275830678197542133e-04 5.359581247155211642e-02 0.000000000000000000e+00
2.250000000000000000e+03 9.000211994084961198e-02 2.290623577605826189e-01 7.124487938097405770e-01 0.000000000000000000e+00 5.848884842967683184e-02 0.000000000000000000e+00
2.275000000000000000e+03 9.100214349574797801e-02 2.457897132453345512e-01 6.811561219845243542e-01 1.137915339098771066e-04 7.294037323623121793e-02 0.000000000000000000e+00
2.300000000000000000e+03 9.200216705064634404e-02 2.548930359581247362e-01 6.549840691852526486e-01 0.000000000000000000e+00 9.012289485662267063e-02 0.000000000000000000e+00
2.325000000000000000e+03 9.300219060554448802e-02 2.674101046882111921e-01 6.165225307237141017e-01 2.275830678197542133e-04 1.158397815202548975e-01 0.000000000000000000e+00
2.350000000000000000e+03 9.400221416044285405e-02 2.870960400546199165e-01 5.852298588984979899e-01 5.689576695493854790e-04 1.271051433773327244e-01 0.000000000000000000e+00
2.375000000000000000e+03 9.500223771534122008e-02 2.997269003186163183e-01 5.646335912608101415e-01 1.024123805188893906e-03 1.346153846153846090e-01 0.000000000000000000e+00
2.400000000000000000e+03 9.600226127023958611e-02 3.211197086936731782e-01 5.333409194355940297e-01 2.275830678197541916e-03 1.432635411925352875e-01 0.000000000000000000e+00
2.425000000000000000e+03 9.700228482513795214e-02 3.195266272189349332e-01 5.136549840691853053e-01 3.641329085116067413e-03 1.631770596267637652e-01 0.000000000000000000e+00
2.450000000000000000e+03 9.800230838003631817e-02 3.295402822030040757e-01 4.870277651342740377e-01 3.868912152935821518e-03 1.795630405097860816e-01 0.000000000000000000e+00
2.475000000000000000e+03 9.900233193493446215e-02 3.488848429676831842e-01 4.572143832498862248e-01 4.324078288575329727e-03 1.895766954938552518e-01 0.000000000000000000e+00
2.500000000000000000e+03 1.000023554898328282e-01 3.571916249431042467e-01 4.300182066454255603e-01 4.665452890304961318e-03 2.081247155211652378e-01 0.000000000000000000e+00
2.525000000000000000e+03 1.010023790447311942e-01 3.593536640873918886e-01 4.139736003641328876e-01 5.348202093764223633e-03 2.213245334547109811e-01 0.000000000000000000e+00
2.550000000000000000e+03 1.020024025996295602e-01 3.775603095129722586e-01 3.748293126991351643e-01 4.096495220755575623e-03 2.435138825671370189e-01 0.000000000000000000e+00
2.575000000000000000e+03 1.030024261545279263e-01 3.722121074192080159e-01 3.566226672735548497e-01 5.461993627674101119e-03 2.657032316795630567e-01 0.000000000000000000e+00
2.600000000000000000e+03 1.040024497094262923e-01 3.730086481565771384e-01 3.348884842967683184e-01 7.510241238051888930e-03 2.845926263086026586e-01 0.000000000000000000e+00
2.625000000000000000e+03 1.050024732643244363e-01 4.005461993627674189e-01 3.064406008192990249e-01 1.263086026399635846e-02 2.803823395539372099e-01 0.000000000000000000e+00
2.650000000000000000e+03 1.060024968192228023e-01 4.060081929904414966e-01 2.882339553937187104e-01 1.661356395084205573e-02 2.891442876649977234e-01 0.000000000000000000e+00
2.675000000000000000e+03 1.070025203741211683e-01 4.226217569412835662e-01 2.750341374601729671e-01 2.594446973145198010e-02 2.763996358670914866e-01 0.000000000000000000e+00
2.700000000000000000e+03 1.080025439290195344e-01 4.213700500682749372e-01 2.702548930359581214e-01 3.584433318161128756e-02 2.725307237141556538e-01 0.000000000000000000e+00
2.725000000000000000e+03 1.090025674839179004e-01 4.256941283568502765e-01 2.663859808830222886e-01 3.675466545289030745e-02 2.711652253072371344e-01 0.000000000000000000e+00
2.750000000000000000e+03 1.100025910388162664e-01 4.362767410104688159e-01 2.606964041875284299e-01 3.743741465634956717e-02 2.655894401456531662e-01 0.000000000000000000e+00
2.775000000000000000e+03 1.110026145937144104e-01 4.264906690942193990e-01 2.528447883477469293e-01 4.050978607191624975e-02 2.801547564861174289e-01 0.000000000000000000e+00
2.800000000000000000e+03 1.120026381486127764e-01 4.385525716886663483e-01 2.444242148384160318e-01 4.836140191169777114e-02 2.686618115612198210e-01 0.000000000000000000e+00
2.825000000000000000e+03 1.130026617035111425e-01 4.390077378243058548e-01 2.363450159308147502e-01 5.553026854802002588e-02 2.691169776968593275e-01 0.000000000000000000e+00
2.850000000000000000e+03 1.140026852584095085e-01 4.452662721893491105e-01 2.340691852526172179e-01 5.894401456531633832e-02 2.617205279927173334e-01 0.000000000000000000e+00
2.875000000000000000e+03 1.150027088133078745e-01 4.446973145197997135e-01 2.270141101502048120e-01 6.156121984524351443e-02 2.667273554847519601e-01 0.000000000000000000e+00
2.900000000000000000e+03 1.160027323682062406e-01 4.378698224852071164e-01 2.214383249886208438e-01 6.429221665908056715e-02 2.763996358670914866e-01 0.000000000000000000e+00
2.925000000000000000e+03 1.170027559231043846e-01 4.639280837505689314e-01 2.064178425125170746e-01 6.213017751479289752e-02 2.675238962221210826e-01 0.000000000000000000e+00
2.950000000000000000e+03 1.180027794780027506e-01 4.573281747837960598e-01 2.080109239872553473e-01 6.713700500682749650e-02 2.675238962221210826e-01 0.000000000000000000e+00
2.975000000000000000e+03 1.190028030329011166e-01 4.599453800637232637e-01 1.984524351388256835e-01 7.259899863450158808e-02 2.690031861629494925e-01 0.000000000000000000e+00
3.000000000000000000e+03 1.200028265877994826e-01 4.578971324533454568e-01 1.949248975876194945e-01 7.294037323623121793e-02 2.742375967228038447e-01 0.000000000000000000e+00
3.025000000000000000e+03 1.210028501426978487e-01 4.602867546654528796e-01 1.995903504779244497e-01 8.022303140646336317e-02 2.598998634501593075e-01 0.000000000000000000e+00
3.050000000000000000e+03 1.220028736975962147e-01 4.606281292671824956e-01 1.940145653163404538e-01 8.375056895766955223e-02 2.616067364588074429e-01 0.000000000000000000e+00
3.075000000000000000e+03 1.230028972524943587e-01 4.664314974965862448e-01 1.959490213928083702e-01 8.397815202548930547e-02 2.536413290851160518e-01 0.000000000000000000e+00
3.100000000000000000e+03 1.240029208073927247e-01 4.646108329540282189e-01 1.966317705962676299e-01 8.511606736458807165e-02 2.536413290851160518e-01 0.000000000000000000e+00
3.125000000000000000e+03 1.250029443622910907e-01 4.629039599453800835e-01 1.852526172052799402e-01 8.466090122894856518e-02 2.671825216203914666e-01 0.000000000000000000e+00
3.150000000000000000e+03 1.260029679171894568e-01 4.850933090578061213e-01 1.779699590350477811e-01 8.147473827947200598e-02 2.554619936276740777e-01 0.000000000000000000e+00
3.175000000000000000e+03 1.270029914720878228e-01 4.805416477014110010e-01 1.777423759672280279e-01 8.648156577150660496e-02 2.552344105598543522e-01 0.000000000000000000e+00
3.200000000000000000e+03 1.280030150269861888e-01 4.767865270823850588e-01 1.803595812471552040e-01 8.682294037323623481e-02 2.560309512972234747e-01 0.000000000000000000e+00
3.225000000000000000e+03 1.290030385818843328e-01 4.922621756941283344e-01 1.667045971779699542e-01 8.534365043240782489e-02 2.556895766954938587e-01 0.000000000000000000e+00
3.250000000000000000e+03 1.300030621367826988e-01 4.932862994993172379e-01 1.609012289485662328e-01 9.342284934000910646e-02 2.523896222121074229e-01 0.000000000000000000e+00
3.275000000000000000e+03 1.310030856916810649e-01 4.871415566681838727e-01 1.639736003641329154e-01 9.080564406008193035e-02 2.580791989076012816e-01 0.000000000000000000e+00
3.300000000000000000e+03 1.320031092465794309e-01 5.051206190259445172e-01 1.614701866181156020e-01 9.877105143377332142e-02 2.346381429221665871e-01 0.000000000000000000e+00
3.325000000000000000e+03 1.330031328014777969e-01 5.036413290851160518e-01 1.544151115157032239e-01 9.751934456076467861e-02 2.444242148384160318e-01 0.000000000000000000e+00
3.350000000000000000e+03 1.340031563563761630e-01 5.054619936276740777e-01 1.480427856167501055e-01 9.877105143377332142e-02 2.477241693218024676e-01 0.000000000000000000e+00
3.375000000000000000e+03 1.350031799112743069e-01 5.070550751024124336e-01 1.491807009558488717e-01 9.615384615384615918e-02 2.476103777878925771e-01 0.000000000000000000e+00
3.400000000000000000e+03 1.360032034661726730e-01 5.100136549840691425e-01 1.458807464724624359e-01 9.808830223031406170e-02 2.460172963131543045e-01 0.000000000000000000e+00
3.425000000000000000e+03 1.370032270210710390e-01 5.068274920345926526e-01 1.477014110150204895e-01 1.033227127901684139e-01 2.421483841602184717e-01 0.000000000000000000e+00
3.450000000000000000e+03 1.380032505759694050e-01 5.122894856622667303e-01 1.464497041420118328e-01 1.041192535275375503e-01 2.371415566681839004e-01 0.000000000000000000e+00
3.475000000000000000e+03 1.390032741308677711e-01 5.151342740100136597e-01 1.517979062357760478e-01 1.009330905780609910e-01 2.321347291761493015e-01 0.000000000000000000e+00
3.500000000000000000e+03 1.400032976857661371e-01 5.204824761037778469e-01 1.438324988620846567e-01 9.877105143377332142e-02 2.369139736003641195e-01 0.000000000000000000e+00
3.525000000000000000e+03 1.410033212406642811e-01 5.183204369594902605e-01 1.395084205735093175e-01 1.018434228493400040e-01 2.403277196176604458e-01 0.000000000000000000e+00
3.550000000000000000e+03 1.420033447955626471e-01 5.253755120619025831e-01 1.431497496586253970e-01 9.877105143377332142e-02 2.327036868456986707e-01 0.000000000000000000e+00
3.575000000000000000e+03 1.430033683504610131e-01 5.281065088757396220e-01 1.415566681838871244e-01 1.012744651797906209e-01 2.290623577605826189e-01 0.000000000000000000e+00
3.600000000000000000e+03 1.440033919053593792e-01 5.242375967228037892e-01 1.408739189804278646e-01 1.028675466545289074e-01 2.320209376422394110e-01 0.000000000000000000e+00
3.625000000000000000e+03 1.450034154602577452e-01 5.199135184342285054e-01 1.334774692762858428e-01 1.037778789258079204e-01 2.428311333636777314e-01 0.000000000000000000e+00
3.650000000000000000e+03 1.460034390151561112e-01 5.331133363677742487e-01 1.308602639963586667e-01 1.079881656804733692e-01 2.280382339553937154e-01 0.000000000000000000e+00
3.675000000000000000e+03 1.470034625700542552e-01 5.480200273099681274e-01 1.258534365043240677e-01 1.057123350022758368e-01 2.204142011834319403e-01 0.000000000000000000e+00
3.700000000000000000e+03 1.480034861249526212e-01 5.353891670459717256e-01 1.280154756486117373e-01 1.087847064178425194e-01 2.278106508875739622e-01 0.000000000000000000e+00
3.725000000000000000e+03 1.490035096798509873e-01 5.413063268092853653e-01 1.250568957669549452e-01 1.075329995448338627e-01 2.261037778789257990e-01 0.000000000000000000e+00
3.750000000000000000e+03 1.500035332347493533e-01 5.463131543013199920e-01 1.168639053254437871e-01 1.111743286299499284e-01 2.256486117432862926e-01 0.000000000000000000e+00
3.775000000000000000e+03 1.510035567896477193e-01 5.461993627674101015e-01 1.184569868001820597e-01 1.170914883932635403e-01 2.182521620391442985e-01 0.000000000000000000e+00
3.800000000000000000e+03 1.520035803445458633e-01 5.649749658625398130e-01 1.117432862994993115e-01 1.159535730541647741e-01 2.073281747837960876e-01 0.000000000000000000e+00
3.825000000000000000e+03 1.530036038994442293e-01 5.603095129722348577e-01 1.135639508420573512e-01 1.180018206645425533e-01 2.080109239872553473e-01 1.137915339098771066e-04
3.850000000000000000e+03 1.540036274543425954e-01 5.591715976331360638e-01 1.110605370960400518e-01 1.199362767410104696e-01 2.098315885298133732e-01 0.000000000000000000e+00
3.875000000000000000e+03 1.550036510092409614e-01 5.601957214383249672e-01 1.142467000455166110e-01 1.192535275375512099e-01 2.063040509786071841e-01 0.000000000000000000e+00
3.900000000000000000e+03 1.560036745641393274e-01 5.607646791078744197e-01 1.137915339098771045e-01 1.158397815202548975e-01 2.096040054619936199e-01 0.000000000000000000e+00
3.925000000000000000e+03 1.570036981190376935e-01 5.607646791078744197e-01 1.162949476558944040e-01 1.246017296313154249e-01 1.983386436049157930e-01 0.000000000000000000e+00
3.950000000000000000e+03 1.580037216739358374e-01 5.571233500227582569e-01 1.191397360036413333e-01 1.243741465634956717e-01 1.993627674101046965e-01 0.000000000000000000e+00
3.975000000000000000e+03 1.590037452288342035e-01 5.628129267182521156e-01 1.208466090122894826e-01 1.243741465634956717e-01 1.919663177059626746e-01 0.000000000000000000e+00
4.000000000000000000e+03 1.600037687837325695e-01 5.730541647701411501e-01 1.148156577150659940e-01 1.293809740555302568e-01 1.827492034592626269e-01 0.000000000000000000e+00
4.025000000000000000e+03 1.610037923386309355e-01 5.791989076012744597e-01 1.178880291306326766e-01 1.248293126991351781e-01 1.780837505689576716e-01 0.000000000000000000e+00
4.050000000000000000e+03 1.620038158935293016e-01 5.694128356850249872e-01 1.169776968593536637e-01 1.276741010468821214e-01 1.859353664087392000e-01 0.000000000000000000e+00
4.075000000000000000e+03 1.630038394484276676e-01 5.856850250341374409e-01 1.096950386891215323e-01 1.284706417842512438e-01 1.761492944924897552e-01 0.000000000000000000e+00
4.100000000000000000e+03 1.640038630033258116e-01 5.831816112881201830e-01 1.088984979517523960e-01 1.352981338188438687e-01 1.726217569412835662e-01 0.000000000000000000e+00
4.125000000000000000e+03 1.650038865582241776e-01 5.790851160673645692e-01 1.106053709604005453e-01 1.324533454710969393e-01 1.778561675011379184e-01 0.000000000000000000e+00
4.150000000000000000e+03 1.660039101131225436e-01 5.797678652708238012e-01 1.156121984524351443e-01 1.340464269458352398e-01 1.705735093309057870e-01 0.000000000000000000e+00
4.175000000000000000e+03 1.670039336680209097e-01 5.903504779244423961e-01 1.101502048247610388e-01 1.313154301319981732e-01 1.681838871187983642e-01 0.000000000000000000e+00
4.200000000000000000e+03 1.680039572229192757e-01 5.837505689576695245e-01 1.096950386891215323e-01 1.376877560309512916e-01 1.687528447883477334e-01 1.137915339098771066e-04
4.225000000000000000e+03 1.690039807778176417e-01 5.877332726445152478e-01 1.070778334091943562e-01 1.370050068274920319e-01 1.681838871187983642e-01 0.000000000000000000e+00
4.250000000000000000e+03 1.700040043327157857e-01 5.980883022303140617e-01 1.067364588074647264e-01 1.348429676832043622e-01 1.603322712790168358e-01 0.000000000000000000e+00
4.275000000000000000e+03 1.710040278876141517e-01 5.969503868912152678e-01 1.038916704597177970e-01 1.401911697769686049e-01 1.589667728720983164e-01 0.000000000000000000e+00
4.300000000000000000e+03 1.720040514425125178e-01 5.856850250341374409e-01 1.053709604005461931e-01 1.459945380063723264e-01 1.629494765589440120e-01 0.000000000000000000e+00
4.325000000000000000e+03 1.730040749974108838e-01 5.888711879836140417e-01 1.088984979517523960e-01 1.409877105143377274e-01 1.612426035502958488e-01 0.000000000000000000e+00
4.350000000000000000e+03 1.740040985523092498e-01 5.871643149749659063e-01 1.085571233500227523e-01 1.438324988620846567e-01 1.604460628129267263e-01 0.000000000000000000e+00
4.375000000000000000e+03 1.750041221072076159e-01 5.916021847974510806e-01 1.106053709604005453e-01 1.494082840236686527e-01 1.483841602184797492e-01 0.000000000000000000e+00
4.400000000000000000e+03 1.760041456621057598e-01 5.852298588984979899e-01 1.137915339098771045e-01 1.503186162949476656e-01 1.506599908966772816e-01 0.000000000000000000e+00
4.425000000000000000e+03 1.770041692170041259e-01 5.864815657715065633e-01 1.175466545289030468e-01 1.560081929904415243e-01 1.399635867091488517e-01 0.000000000000000000e+00
4.450000000000000000e+03 1.780041927719024919e-01 5.931952662721893255e-01 1.174328629949931702e-01 1.507737824305871721e-01 1.385980883022303045e-01 0.000000000000000000e+00
4.475000000000000000e+03 1.790042163268008579e-01 5.968365953573053773e-01 1.114019116977696816e-01 1.495220755575785154e-01 1.422394173873463841e-01 0.000000000000000000e+00
4.500000000000000000e+03 1.800042398816992240e-01 6.067364588074647402e-01 1.110605370960400518e-01 1.489531178880291185e-01 1.332498862084660896e-01 0.000000000000000000e+00
4.525000000000000000e+03 1.810042634365975900e-01 6.049157942649067143e-01 1.143604915794264876e-01 1.541875284478834707e-01 1.265361857077833274e-01 0.000000000000000000e+00
4.550000000000000000e+03 1.820042869914957340e-01 6.043468365953572619e-01 1.124260355029585851e-01 1.536185707783341015e-01 1.296085571233500100e-01 0.000000000000000000e+00
4.575000000000000000e+03 1.830043105463941000e-01 6.010468821119708815e-01 1.172052799271734169e-01 1.555530268548019901e-01 1.260810195721438209e-01 1.137915339098771066e-04
4.600000000000000000e+03 1.840043341012924660e-01 6.036640873918980299e-01 1.168639053254437871e-01 1.606736458807464796e-01 1.187983614019117035e-01 0.000000000000000000e+00
4.625000000000000000e+03 1.850043576561908321e-01 5.988848429676831842e-01 1.175466545289030468e-01 1.626081019572143960e-01 1.208466090122894826e-01 1.137915339098771066e-04
4.650000000000000000e+03 1.860043812110891981e-01 6.029813381884387979e-01 1.153846153846153910e-01 1.679563040509786109e-01 1.136777423759672279e-01 0.000000000000000000e+00
4.675000000000000000e+03 1.870044047659875641e-01 6.076467910787437532e-01 1.109467455621301751e-01 1.671597633136094607e-01 1.142467000455166110e-01 0.000000000000000000e+00
4.700000000000000000e+03 1.880044283208857081e-01 6.063950842057350687e-01 1.131087847064178448e-01 1.604460628129267263e-01 1.200500682749203463e-01 0.000000000000000000e+00
4.725000000000000000e+03 1.890044518757840741e-01 6.123122439690487084e-01 1.088984979517523960e-01 1.619253527537551085e-01 1.168639053254437871e-01 0.000000000000000000e+00
4.750000000000000000e+03 1.900044754306824402e-01 6.095812471552116696e-01 1.081019572143832458e-01 1.611288120163859861e-01 1.210741920801092358e-01 1.137915339098771066e-04
4.775000000000000000e+03 1.910044989855808062e-01 6.170914883932635542e-01 1.055985434683659602e-01 1.585116067364588099e-01 1.186845698680018268e-01 1.137915339098771066e-04
4.800000000000000000e+03 1.920045225404791722e-01 6.044606281292671524e-01 1.022985889849795244e-01 1.669321802457897075e-01 1.263086026399635742e-01 0.000000000000000000e+00
4.825000000000000000e+03 1.930045460953775383e-01 6.136777423759672834e-01 1.022985889849795244e-01 1.655666818388711881e-01 1.182294037323623065e-01 2.275830678197542133e-04
4.850000000000000000e+03 1.940045696502756822e-01 6.235776058261265353e-01 9.865725989986344480e-02 1.709148839326354030e-01 1.068502503413746030e-01 0.000000000000000000e+00
4.875000000000000000e+03 1.950045932051740483e-01 6.087847064178425471e-01 1.016158397815202508e-01 1.690942193900773771e-01 1.205052344105598527e-01 0.000000000000000000e+00
4.900000000000000000e+03 1.960046167600724143e-01 6.112881201638598050e-01 1.041192535275375503e-01 1.743286299499317293e-01 1.102639963586709154e-01 0.000000000000000000e+00
4.925000000000000000e+03 1.970046403149707803e-01 6.164087391898043222e-01 1.015020482476103741e-01 1.766044606281292617e-01 1.054847519344560697e-01 0.000000000000000000e+00
4.950000000000000000e+03 1.980046638698691464e-01 6.069640418752845212e-01 1.035502958579881672e-01 1.783113336367774249e-01 1.110605370960400518e-01 1.137915339098771066e-04
4.975000000000000000e+03 1.990046874247675124e-01 6.116294947655894765e-01 1.055985434683659602e-01 1.794492489758761911e-01 1.033227127901684139e-01 0.000000000000000000e+00
5.000000000000000000e+03 2.000047109796656564e-01 5.988848429676831842e-01 1.060537096040054666e-01 1.909421939007737712e-01 1.041192535275375503e-01 0.000000000000000000e+00
5.025000000000000000e+03 2.010047345345640224e-01 5.949021392808374609e-01 1.066226672735548497e-01 1.884387801547564856e-01 1.099226217569412856e-01 1.137915339098771066e-04
5.050000000000000000e+03 2.020047580894623884e-01 6.007055075102412101e-01 1.052571688666363164e-01 1.828629949931725174e-01 1.111743286299499284e-01 0.000000000000000000e+00
5.075000000000000000e+03 2.030047816443607545e-01 6.170914883932635542e-01 1.040054619936276736e-01 1.801319981793354508e-01 9.865725989986344480e-02 1.137915339098771066e-04
5.100000000000000000e+03 2.040048051992591205e-01 6.158397815202548697e-01 1.001365498406918547e-01 1.832043695949021334e-01 1.007055075102412378e-01 1.137915339098771066e-04
5.125000000000000000e+03 2.050048287541574865e-01 6.158397815202548697e-01 9.831588529813381494e-02 1.842284934000910368e-01 1.016158397815202508e-01 0.000000000000000000e+00
5.150000000000000000e+03 2.060048523090556305e-01 6.088984979517524376e-01 1.024123805188894010e-01 1.870732817478379661e-01 1.012744651797906209e-01 3.413746017296313199e-04
5.175000000000000000e+03 2.070048758639539965e-01 6.057123350022758368e-01 1.046882111970869333e-01 1.846836595357305433e-01 1.048020027309968100e-01 1.137915339098771066e-04
5.200000000000000000e+03 2.080048994188523626e-01 6.185707783340919086e-01 1.021847974510696339e-01 1.838871187983613931e-01 9.535730541647700897e-02 0.000000000000000000e+00
5.225000000000000000e+03 2.090049229737507286e-01 6.127674101046881594e-01 1.037778789258079204e-01 1.860491579426490627e-01 9.729176149294492537e-02 1.137915339098771066e-04
5.250000000000000000e+03 2.100049465286490946e-01 6.128812016385980499e-01 9.990896677287210148e-02 1.850250341374601593e-01 1.021847974510696339e-01 0.000000000000000000e+00
5.275000000000000000e+03 2.110049700835474606e-01 6.214155666818388379e-01 1.022985889849795244e-01 1.805871643149749572e-01 9.547109695038688559e-02 2.275830678197542133e-04
5.300000000000000000e+03 2.120049936384456046e-01 6.205052344105598250e-01 1.016158397815202508e-01 1.808147473827947105e-01 9.695038689121529552e-02 1.137915339098771066e-04
5.325000000000000000e+03 2.130050171933439707e-01 6.183431952662722386e-01 1.007055075102412378e-01 1.842284934000910368e-01 9.660901228948566566e-02 1.137915339098771066e-04
5.350000000000000000e+03 2.140050407482423367e-01 6.172052799271734447e-01 1.017296313154301274e-01 1.895766954938552518e-01 9.148839326354119006e-02 0.000000000000000000e+00
5.375000000000000000e+03 2.150050643031407027e-01 6.202776513427401550e-01 1.024123805188894010e-01 1.852526172052799402e-01 9.205735093309057315e-02 0.000000000000000000e+00
5.400000000000000000e+03 2.160050878580390687e-01 6.312016385980883104e-01 9.888484296768319803e-02 1.820664542558033672e-01 8.773327264451524776e-02 1.137915339098771066e-04
5.425000000000000000e+03 2.170051114129374348e-01 6.293809740555302845e-01 9.945380063723259501e-02 1.879836140191169791e-01 8.318161128812016913e-02 0.000000000000000000e+00
5.450000000000000000e+03 2.180051349678355788e-01 6.268775603095130267e-01 9.899863450159307465e-02 1.880974055530268418e-01 8.602639963586708460e-02 0.000000000000000000e+00
5.475000000000000000e+03 2.190051585227339448e-01 6.285844333181611621e-01 1.015020482476103741e-01 1.846836595357305433e-01 8.522985889849794827e-02 0.000000000000000000e+00
5.500000000000000000e+03 2.200051820776323108e-01 6.230086481565771939e-01 1.058261265361857134e-01 1.921939007737824279e-01 7.885753299954482987e-02 1.137915339098771066e-04
5.525000000000000000e+03 2.210052056325306769e-01 6.208466090122894965e-01 1.085571233500227523e-01 1.965179790623577671e-01 7.407828857532999800e-02 0.000000000000000000e+00
5.550000000000000000e+03 2.220052291874290429e-01 6.232362312243968638e-01 1.066226672735548497e-01 1.909421939007737712e-01 7.919890760127445972e-02 0.000000000000000000e+00
5.575000000000000000e+03 2.230052527423274089e-01 6.260810195721437932e-01 1.062812926718252199e-01 1.855939918070095562e-01 8.204369594902138907e-02 0.000000000000000000e+00
5.600000000000000000e+03 2.240052762972255529e-01 6.232362312243968638e-01 1.109467455621301751e-01 1.861629494765589532e-01 7.954028220300408958e-02 1.137915339098771066e-04
5.625000000000000000e+03 2.250052998521239189e-01 6.191397360036413611e-01 1.145880746472462408e-01 1.981110605370960398e-01 6.816112881201638607e-02 0.000000000000000000e+00
5.650000000000000000e+03 2.260053234070222850e-01 6.191397360036413611e-01 1.132225762403277214e-01 1.984524351388256835e-01 6.895766954938552240e-02 2.275830678197542133e-04
5.675000000000000000e+03 2.270053469619206510e-01 6.165225307237141017e-01 1.124260355029585851e-01 2.011834319526627224e-01 6.975421028675465873e-02 1.137915339098771066e-04
