# itime ezz other fcc hcp bcc ico
0.000000000000000000e+00 0.000000000000000000e+00 3.413746017296313199e-04 9.996586253982703285e-01 0.000000000000000000e+00 0.000000000000000000e+00 0.000000000000000000e+00
2.500000000000000000e+02 9.999970363730126266e-03 1.137915339098771066e-04 9.998862084660901095e-01 0.000000000000000000e+00 0.000000000000000000e+00 0.000000000000000000e+00
5.000000000000000000e+02 1.999994072746025253e-02 3.982703686845699004e-03 9.960172963131542767e-01 0.000000000000000000e+00 0.000000000000000000e+00 0.000000000000000000e+00
7.500000000000000000e+02 2.999991109119037880e-02 4.096495220755575623e-03 9.959035047792443862e-01 0.000000000000000000e+00 0.000000000000000000e+00 0.000000000000000000e+00
1.000000000000000000e+03 3.999988145492050506e-02 8.761948111060537808e-03 9.910104688211197610e-01 0.000000000000000000e+00 2.275830678197542133e-04 0.000000000000000000e+00
1.250000000000000000e+03 4.999985181865063133e-02 1.775147928994082885e-02 9.814519799726900695e-01 0.000000000000000000e+00 7.965407373691396923e-04 0.000000000000000000e+00
1.500000000000000000e+03 5.999982218238075760e-02 2.127901684114701791e-02 9.775830678197542367e-01 0.000000000000000000e+00 1.137915339098770958e-03 0.000000000000000000e+00
1.750000000000000000e+03 6.999979254611088386e-02 5.621301775147929253e-02 9.403732362312243742e-01 0.000000000000000000e+00 3.413746017296313308e-03 0.000000000000000000e+00
2.000000000000000000e+03 7.999976290984123217e-02 1.008192990441511144e-01 8.918980427856167958e-01 0.000000000000000000e+00 7.282658170232134826e-03 0.000000000000000000e+00
2.250000000000000000e+03 8.999973327357135844e-02 1.800182066454255880e-01 7.927856167501138307e-01 2.275830678197542133e-04 2.696859353664087314e-02 0.000000000000000000e+00
2.500000000000000000e+03 9.999970363730148470e-02 3.200955848884842747e-01 5.039827036868457233e-01 2.730996813837050560e-03 1.731907146108329631e-01 0.000000000000000000e+00
2.750000000000000000e+03 1.099996740010316110e-01 3.907601274465180019e-01 2.792444242148384159e-01 3.720983158852981393e-02 2.927856167501137752e-01 0.000000000000000000e+00
3.000000000000000000e+03 1.199996443647617372e-01 4.085116067364588099e-01 1.425807919890760000e-01 7.385070550751024476e-02 3.750568957669549452e-01 0.000000000000000000e+00
3.250000000000000000e+03 1.299996147284918635e-01 4.297906235776058348e-01 7.259899863450158808e-02 1.011606736458807443e-01 3.964497041420118606e-01 0.000000000000000000e+00
3.500000000000000000e+03 1.399995850922219898e-01 4.641556668183887124e-01 4.961310878470642088e-02 1.384842967683204418e-01 3.477469276285844457e-01 0.000000000000000000e+00
3.750000000000000000e+03 1.499995554559521160e-01 4.964724624487937832e-01 4.472007282658170546e-02 1.651115157032316816e-01 2.936959490213927881e-01 0.000000000000000000e+00
4.000000000000000000e+03 1.599995258196822423e-01 5.432407828857532817e-01 4.949931725079653733e-02 1.695493855257168836e-01 2.377105143377332697e-01 0.000000000000000000e+00
4.250000000000000000e+03 1.699994961834123686e-01 5.545061447428311086e-01 5.632680928538916915e-02 1.842284934000910368e-01 2.049385525716886647e-01 0.000000000000000000e+00
4.500000000000000000e+03 1.799994665471424948e-01 5.677059626763768518e-01 6.213017751479289752e-02 2.085798816568047442e-01 1.615839781520254925e-01 0.000000000000000000e+00
4.750000000000000000e+03 1.899994369108726211e-01 6.051433773327264953e-01 7.294037323623121793e-02 2.226900318616295005e-01 9.922621756941284177e-02 0.000000000000000000e+00
5.000000000000000000e+03 1.999994072746027474e-01 5.985434683659536237e-01 8.147473827947200598e-02 2.312243969048702885e-01 8.875739644970413733e-02 0.000000000000000000e+00
5.250000000000000000e+03 2.099993776383328736e-01 6.052571688666362748e-01 9.911242603550296515e-02 2.288347746927628656e-01 6.679563040509786664e-02 0.000000000000000000e+00
5.500000000000000000e+03 2.199993480020632219e-01 6.007055075102412101e-01 1.149294492489758707e-01 2.338416021847974646e-01 5.052344105598543383e-02 0.000000000000000000e+00
5.750000000000000000e+03 2.299993183657933482e-01 6.128812016385980499e-01 1.120846609012289552e-01 2.290623577605826189e-01 4.597177969959034827e-02 0.000000000000000000e+00
6.000000000000000000e+03 2.399992887295234745e-01 6.244879380974055483e-01 1.119708693673190647e-01 2.245106964041875264e-01 3.903049613108784677e-02 0.000000000000000000e+00
6.250000000000000000e+03 2.499992590932536007e-01 6.422394173873463563e-01 1.207328174783796060e-01 2.063040509786071841e-01 3.072371415566681890e-02 0.000000000000000000e+00
6.500000000000000000e+03 2.599992294569837270e-01 6.403049613108784399e-01 1.266499772416932179e-01 2.060764679107874309e-01 2.696859353664087314e-02 0.000000000000000000e+00
6.750000000000000000e+03 2.699991998207138533e-01 6.590805644060081514e-01 1.170914883932635403e-01 1.936731907146108378e-01 3.004096495220755572e-02 1.137915339098771066e-04
7.000000000000000000e+03 2.799991701844439795e-01 6.697769685935366368e-01 1.175466545289030468e-01 1.871870732817478289e-01 2.548930359581247015e-02 0.000000000000000000e+00
7.250000000000000000e+03 2.899991405481741058e-01 6.811561219845243542e-01 1.140191169776968577e-01 1.822940373236231204e-01 2.253072371415566766e-02 0.000000000000000000e+00
7.500000000000000000e+03 2.999991109119042321e-01 6.916249431042330587e-01 1.165225307237141572e-01 1.710286754665452935e-01 2.082385070550751144e-02 0.000000000000000000e+00
7.750000000000000000e+03 3.099990812756343583e-01 6.997041420118342847e-01 1.117432862994993115e-01 1.663632225762403383e-01 2.207555757851615771e-02 1.137915339098771066e-04
8.000000000000000000e+03 3.199990516393644846e-01 7.131315430131998090e-01 1.082157487482931224e-01 1.581702321347291662e-01 2.014110150204824826e-02 3.413746017296313199e-04
8.250000000000000000e+03 3.299990220030946109e-01 7.223486572598998290e-01 1.038916704597177970e-01 1.539599453800637174e-01 1.957214383249886169e-02 2.275830678197542133e-04
8.500000000000000000e+03 3.399989923668247371e-01 7.509103322712790130e-01 9.751934456076467861e-02 1.314292216659080637e-01 1.991351843422849502e-02 2.275830678197542133e-04
8.750000000000000000e+03 3.499989627305548634e-01 7.645653163404643182e-01 9.649522075557578904e-02 1.205052344105598527e-01 1.832043695949021542e-02 1.137915339098771066e-04
9.000000000000000000e+03 3.599989330942852117e-01 7.748065543923532417e-01 9.308147473827947660e-02 1.157259899863450209e-01 1.604460628129267263e-02 3.413746017296313199e-04
9.250000000000000000e+03 3.699989034580151159e-01 7.973372781065088954e-01 8.784706417842512438e-02 9.888484296768319803e-02 1.581702321347291593e-02 1.137915339098771066e-04
9.500000000000000000e+03 3.799988738217454642e-01 8.059854346836595740e-01 8.295402822030041590e-02 9.319526627218935322e-02 1.775147928994082885e-02 1.137915339098771066e-04
9.750000000000000000e+03 3.899988441854755905e-01 8.187300864815657553e-01 8.192990441511151245e-02 8.500227583067819503e-02 1.411015020482476144e-02 2.275830678197542133e-04
1.000000000000000000e+04 3.999988145492057168e-01 8.304506144742831442e-01 7.567137005006827066e-02 8.101957214383249950e-02 1.217569412835685025e-02 6.827492034592626399e-04
1.025000000000000000e+04 4.099987849129356210e-01 8.452435138825671324e-01 6.781975421028675621e-02 7.601274465179790052e-02 1.035502958579881741e-02 5.689576695493854790e-04
1.050000000000000000e+04 4.199987552766659693e-01 8.520710059171597850e-01 6.577150659990896320e-02 6.929904415111515226e-02 1.263086026399635846e-02 2.275830678197542133e-04
1.075000000000000000e+04 4.299987256403963176e-01 8.634501593081475024e-01 6.087847064178425471e-02 6.395084205735093730e-02 1.081019572143832562e-02 9.103322712790168532e-04
1.100000000000000000e+04 4.399986960041262218e-01 8.714155666818388379e-01 5.883022303140646170e-02 5.974055530268548159e-02 9.444697314519799256e-03 5.689576695493854790e-04
1.125000000000000000e+04 4.499986663678561261e-01 8.775603095129722586e-01 5.780609922621757213e-02 5.723714155666818210e-02 6.599908966772872511e-03 7.965407373691396923e-04
1.150000000000000000e+04 4.599986367315864744e-01 8.809740555302685294e-01 5.564406008192990249e-02 5.541647701411014926e-02 6.941283568502503235e-03 1.024123805188893906e-03
1.175000000000000000e+04 4.699986070953168227e-01 8.850705507510241432e-01 5.405097860719162289e-02 5.223031406463359005e-02 7.396449704142011444e-03 1.251706873008648227e-03
1.200000000000000000e+04 4.799985774590467269e-01 8.873463814292216201e-01 5.279927173418298009e-02 5.097860719162494031e-02 8.192990441511151245e-03 6.827492034592626399e-04
1.225000000000000000e+04 4.899985478227768532e-01 8.995220755575785709e-01 4.870277651342740100e-02 4.380974055530268557e-02 7.396449704142011444e-03 5.689576695493854790e-04
1.250000000000000000e+04 4.999985181865072015e-01 9.036185707783340737e-01 4.870277651342740100e-02 4.107874374146563284e-02 6.144742831133363434e-03 4.551661356395084266e-04
1.275000000000000000e+04 5.099984885502373277e-01 9.049840691852526486e-01 4.790623577605826466e-02 4.016841147018661989e-02 6.372325898953117539e-03 5.689576695493854790e-04
1.300000000000000000e+04 5.199984589139674540e-01 9.098771051433773849e-01 4.460628129267182190e-02 3.868912152935821691e-02 6.372325898953117539e-03 4.551661356395084266e-04
1.325000000000000000e+04 5.299984292776973582e-01 9.173873463814292695e-01 4.028220300409649651e-02 3.618570778334091742e-02 5.348202093764223633e-03 7.965407373691396923e-04
1.350000000000000000e+04 5.399983996414277065e-01 9.214838416021847722e-01 4.153390987710514626e-02 2.947200728265816916e-02 6.713700500682749130e-03 7.965407373691396923e-04
1.375000000000000000e+04 5.499983700051580549e-01 9.248975876194811541e-01 4.062357760582612637e-02 2.787892580791988956e-02 6.144742831133363434e-03 4.551661356395084266e-04
1.400000000000000000e+04 5.599983403688879591e-01 9.274010013654984119e-01 3.868912152935821691e-02 2.742375967228038308e-02 5.689576695493855224e-03 7.965407373691396923e-04
1.425000000000000000e+04 5.699983107326178633e-01 9.330905780609922706e-01 3.755120619025944378e-02 2.275830678197542090e-02 6.144742831133363434e-03 4.551661356395084266e-04
1.450000000000000000e+04 5.799982810963482116e-01 9.341147018661811741e-01 3.527537551206190447e-02 2.378243058716431393e-02 6.030951297223486815e-03 7.965407373691396923e-04
1.475000000000000000e+04 5.899982514600785599e-01 9.402594446973144837e-01 3.436504324078288458e-02 2.059626763768775473e-02 3.527537551206190360e-03 1.251706873008648227e-03
1.500000000000000000e+04 5.999982218238084641e-01 9.481110605370960398e-01 3.140646335912607862e-02 1.513427401001365448e-02 4.324078288575329727e-03 1.024123805188893906e-03
1.525000000000000000e+04 6.099981921875385904e-01 9.500455166135639562e-01 2.992717341829767910e-02 1.411015020482476144e-02 4.210286754665453109e-03 1.706873008648156654e-03
1.550000000000000000e+04 6.199981625512687167e-01 9.490213928083750528e-01 2.901684114701866268e-02 1.615839781520254925e-02 4.779244424214838804e-03 1.024123805188893906e-03
1.575000000000000000e+04 6.299981329149990650e-01 9.531178880291306665e-01 2.799271734182976618e-02 1.411015020482476144e-02 3.755120619025944465e-03 1.024123805188893906e-03
1.600000000000000000e+04 6.399981032787291912e-01 9.506144742831132977e-01 2.594446973145198010e-02 1.786527082385070547e-02 4.096495220755575623e-03 1.479289940828402332e-03
1.625000000000000000e+04 6.499980736424590955e-01 9.549385525716886924e-01 2.298588984979517413e-02 1.604460628129267263e-02 3.982703686845699004e-03 2.048247610377787811e-03
1.650000000000000000e+04 6.599980440061894438e-01 9.534592626308602270e-01 2.309968138370505075e-02 1.968593536640873831e-02 2.162039144287664864e-03 1.593081474738279385e-03
1.675000000000000000e+04 6.699980143699195700e-01 9.542558033682293495e-01 2.309968138370505075e-02 1.763768775603095224e-02 3.641329085116067413e-03 1.365498406918525280e-03
1.700000000000000000e+04 6.799979847336496963e-01 9.559626763768775959e-01 2.287209831588529751e-02 1.570323167956303931e-02 3.982703686845699004e-03 1.479289940828402332e-03
1.725000000000000000e+04 6.899979550973796005e-01 9.610832954028220021e-01 2.059626763768775473e-02 1.342740100136549826e-02 3.868912152935821518e-03 1.024123805188893906e-03
1.750000000000000000e+04 6.999979254611099488e-01 9.588074647246245252e-01 2.014110150204824826e-02 1.456531634046426965e-02 4.551661356395083832e-03 1.934456076467910759e-03
1.775000000000000000e+04 7.099978958248402972e-01 9.640418752844788219e-01 1.877560309512972189e-02 1.172052799271734204e-02 3.755120619025944465e-03 1.706873008648156654e-03
1.800000000000000000e+04 7.199978661885702014e-01 9.630177514792899185e-01 1.854802002730996865e-02 1.388256713700500647e-02 3.527537551206190360e-03 1.024123805188893906e-03
1.825000000000000000e+04 7.299978365523001056e-01 9.652935821574875064e-01 1.706873008648156567e-02 1.217569412835685025e-02 3.186162949476558769e-03 2.275830678197541916e-03
1.850000000000000000e+04 7.399978069160304539e-01 9.692762858443332297e-01 1.467910787437414627e-02 1.035502958579881741e-02 2.730996813837050560e-03 2.958579881656804664e-03
1.875000000000000000e+04 7.499977772797608022e-01 9.729176149294492815e-01 1.365498406918525323e-02 9.330905780609922637e-03 1.820664542558033706e-03 2.275830678197541916e-03
1.900000000000000000e+04 7.599977476434907064e-01 9.712107419208011461e-01 1.490669094219390124e-02 9.217114246700046018e-03 2.048247610377787811e-03 2.617205279927173507e-03
1.925000000000000000e+04 7.699977180072208327e-01 9.733727810650887324e-01 1.399635867091488309e-02 9.103322712790167665e-03 1.479289940828402332e-03 2.048247610377787811e-03
1.950000000000000000e+04 7.799976883709509590e-01 9.766727355484752238e-01 1.217569412835685025e-02 6.713700500682749130e-03 1.706873008648156654e-03 2.730996813837050560e-03
1.975000000000000000e+04 7.899976587346813073e-01 9.757624032771962108e-01 1.126536185707783383e-02 7.851615839781519654e-03 1.934456076467910759e-03 3.186162949476558769e-03
2.000000000000000000e+04 7.999976290984114335e-01 9.758761948111061013e-01 1.251706873008648184e-02 7.737824305871643035e-03 1.365498406918525280e-03 2.503413746017296455e-03
2.025000000000000000e+04 8.099975994621413378e-01 9.788347746927628101e-01 9.558488848429677609e-03 7.510241238051888930e-03 1.934456076467910759e-03 2.162039144287664864e-03
2.050000000000000000e+04 8.199975698258716861e-01 9.803140646335912756e-01 7.851615839781519654e-03 6.486117432862995025e-03 3.072371415566681717e-03 2.275830678197541916e-03
2.075000000000000000e+04 8.299975401896020344e-01 9.776968593536641272e-01 8.761948111060537808e-03 9.444697314519799256e-03 1.593081474738279385e-03 2.503413746017296455e-03
2.100000000000000000e+04 8.399975105533319386e-01 9.802002730996813851e-01 6.827492034592626616e-03 9.786071916249430847e-03 1.251706873008648227e-03 1.934456076467910759e-03
2.125000000000000000e+04 8.499974809170618428e-01 9.828174783796085334e-01 5.234410559854347014e-03 7.851615839781519654e-03 1.593081474738279385e-03 2.503413746017296455e-03
2.150000000000000000e+04 8.599974512807921911e-01 9.806554392353209471e-01 6.486117432862995025e-03 8.306781975421027864e-03 1.365498406918525280e-03 3.186162949476558769e-03
2.175000000000000000e+04 8.699974216445225395e-01 9.848657259899863403e-01 5.348202093764223633e-03 7.396449704142011444e-03 6.827492034592626399e-04 1.706873008648156654e-03
2.200000000000000000e+04 8.799973920082524437e-01 9.817933545744196300e-01 5.689576695493855224e-03 9.103322712790167665e-03 1.479289940828402332e-03 1.934456076467910759e-03
2.225000000000000000e+04 8.899973623719825699e-01 9.837278106508875464e-01 5.803368229403732710e-03 7.282658170232134826e-03 1.479289940828402332e-03 1.706873008648156654e-03
2.250000000000000000e+04 8.999973327357126962e-01 9.841829767865271084e-01 5.461993627674101119e-03 7.168866636322257339e-03 5.689576695493854790e-04 2.617205279927173507e-03
2.275000000000000000e+04 9.099973030994430445e-01 9.857760582612653533e-01 4.551661356395083832e-03 6.486117432862995025e-03 7.965407373691396923e-04 2.389622212107419402e-03
2.300000000000000000e+04 9.199972734631729487e-01 9.872553482020938187e-01 3.868912152935821518e-03 5.575785161583977738e-03 5.689576695493854790e-04 2.730996813837050560e-03
2.325000000000000000e+04 9.299972438269030750e-01 9.870277651342740377e-01 4.779244424214838804e-03 5.575785161583977738e-03 7.965407373691396923e-04 1.820664542558033706e-03
2.350000000000000000e+04 9.399972141906334233e-01 9.879380974055530507e-01 3.868912152935821518e-03 5.348202093764223633e-03 1.024123805188893906e-03 1.820664542558033706e-03
2.375000000000000000e+04 9.499971845543635496e-01 9.880518889394629412e-01 3.641329085116067413e-03 5.575785161583977738e-03 7.965407373691396923e-04 1.934456076467910759e-03
2.400000000000000000e+04 9.599971549180936758e-01 9.896449704142011861e-01 3.641329085116067413e-03 4.324078288575329727e-03 5.689576695493854790e-04 1.820664542558033706e-03
2.425000000000000000e+04 9.699971252818235801e-01 9.895311788802912956e-01 3.755120619025944465e-03 3.982703686845699004e-03 4.551661356395084266e-04 2.275830678197541916e-03
2.450000000000000000e+04 9.799970956455539284e-01 9.897587619481110766e-01 2.730996813837050560e-03 4.210286754665453109e-03 1.024123805188893906e-03 2.275830678197541916e-03
2.475000000000000000e+04 9.899970660092842767e-01 9.902139280837505275e-01 2.730996813837050560e-03 4.437869822485207214e-03 5.689576695493854790e-04 2.048247610377787811e-03
2.500000000000000000e+04 9.999970363730141809e-01 9.923759672280382249e-01 1.137915339098770958e-03 4.324078288575329727e-03 9.103322712790168532e-04 1.251706873008648227e-03
