# itime ezz other fcc hcp bcc ico
0.000000000000000000e+00 0.000000000000000000e+00 0.000000000000000000e+00 1.000000000000000000e+00 0.000000000000000000e+00 0.000000000000000000e+00 0.000000000000000000e+00
2.500000000000000000e+03 9.999985258331234306e-03 0.000000000000000000e+00 1.000000000000000000e+00 0.000000000000000000e+00 0.000000000000000000e+00 0.000000000000000000e+00
5.000000000000000000e+03 1.999997051666224657e-02 0.000000000000000000e+00 1.000000000000000000e+00 0.000000000000000000e+00 0.000000000000000000e+00 0.000000000000000000e+00
7.500000000000000000e+03 2.999995577499348087e-02 2.275830678197542133e-04 9.997724169321802190e-01 0.000000000000000000e+00 0.000000000000000000e+00 0.000000000000000000e+00
1.000000000000000000e+04 3.999994103332471518e-02 0.000000000000000000e+00 1.000000000000000000e+00 0.000000000000000000e+00 0.000000000000000000e+00 0.000000000000000000e+00
1.250000000000000000e+04 4.999992629165594948e-02 1.137915339098771066e-04 9.998862084660901095e-01 0.000000000000000000e+00 0.000000000000000000e+00 0.000000000000000000e+00
1.500000000000000000e+04 5.999991154998696175e-02 5.689576695493854790e-04 9.994310423304506585e-01 0.000000000000000000e+00 0.000000000000000000e+00 0.000000000000000000e+00
1.750000000000000000e+04 6.999989680831819605e-02 1.593081474738279385e-03 9.984069185252617551e-01 0.000000000000000000e+00 0.000000000000000000e+00 0.000000000000000000e+00
2.000000000000000000e+04 7.999988206664943036e-02 1.365498406918525280e-03 9.986345015930814251e-01 0.000000000000000000e+00 0.000000000000000000e+00 0.000000000000000000e+00
2.250000000000000000e+04 8.999986732498066466e-02 1.365498406918525280e-03 9.984069185252617551e-01 0.000000000000000000e+00 2.275830678197542133e-04 0.000000000000000000e+00
2.500000000000000000e+04 9.999985258331167692e-02 3.072371415566681717e-03 9.969276285844332897e-01 0.000000000000000000e+00 0.000000000000000000e+00 0.000000000000000000e+00
2.750000000000000000e+04 1.099998378416429112e-01 6.144742831133363434e-03 9.938552571688666903e-01 0.000000000000000000e+00 0.000000000000000000e+00 0.000000000000000000e+00
3.000000000000000000e+04 1.199998230999741455e-01 9.899863450159307465e-03 9.901001365498406370e-01 0.000000000000000000e+00 0.000000000000000000e+00 0.000000000000000000e+00
3.250000000000000000e+04 1.299998083583051578e-01 2.207555757851615771e-02 9.778106508875740177e-01 0.000000000000000000e+00 1.137915339098771066e-04 0.000000000000000000e+00
3.500000000000000000e+04 1.399997936166363921e-01 2.901684114701866268e-02 9.709831588529813651e-01 0.000000000000000000e+00 0.000000000000000000e+00 0.000000000000000000e+00
3.750000000000000000e+04 1.499997788749676264e-01 4.255803368229403583e-02 9.574419663177059503e-01 0.000000000000000000e+00 0.000000000000000000e+00 0.000000000000000000e+00
4.000000000000000000e+04 1.599997641332988607e-01 6.326809285389166371e-02 9.365043240782885414e-01 0.000000000000000000e+00 2.275830678197542133e-04 0.000000000000000000e+00
4.250000000000000000e+04 1.699997493916298730e-01 9.069185252617205373e-02 9.093081474738279324e-01 0.000000000000000000e+00 0.000000000000000000e+00 0.000000000000000000e+00
4.500000000000000000e+04 1.799997346499611073e-01 1.418980427856167403e-01 8.576467910787437532e-01 4.551661356395084266e-04 0.000000000000000000e+00 0.000000000000000000e+00
4.750000000000000000e+04 1.899997199082923416e-01 4.217114246700045532e-01 4.573281747837960598e-01 1.061675011379153433e-01 1.479289940828402289e-02 0.000000000000000000e+00
5.000000000000000000e+04 1.999997051666233538e-01 3.471779699590350488e-01 4.737141556668184039e-01 1.693218024578971304e-01 9.786071916249430847e-03 0.000000000000000000e+00
5.250000000000000000e+04 2.099996904249545882e-01 3.282885753299954468e-01 4.817933545744196855e-01 1.816112881201638607e-01 8.306781975421027864e-03 0.000000000000000000e+00
5.500000000000000000e+04 2.199996756832858225e-01 3.167956304050978389e-01 4.894173873463814051e-01 1.837733272644515303e-01 1.001365498406918582e-02 0.000000000000000000e+00
5.750000000000000000e+04 2.299996609416170568e-01 3.249886208466090110e-01 4.896449704142011861e-01 1.779699590350477811e-01 7.396449704142011444e-03 0.000000000000000000e+00
6.000000000000000000e+04 2.399996461999480690e-01 3.155439235320892100e-01 5.013654984069185749e-01 1.741010468821119761e-01 8.989531178880291046e-03 0.000000000000000000e+00
6.250000000000000000e+04 2.499996314582793033e-01 3.271506599908966528e-01 4.914656349567592120e-01 1.736458807464724696e-01 7.737824305871643035e-03 0.000000000000000000e+00
6.500000000000000000e+04 2.599996167166105376e-01 3.099681383705052418e-01 5.088757396449704595e-01 1.720527992717341692e-01 9.103322712790167665e-03 0.000000000000000000e+00
6.750000000000000000e+04 2.699996019749417719e-01 3.153163404642694845e-01 5.088757396449704595e-01 1.670459717796995980e-01 8.761948111060537808e-03 0.000000000000000000e+00
7.000000000000000000e+04 2.799995872332727842e-01 3.141784251251706905e-01 5.006827492034592320e-01 1.781975421028675344e-01 6.941283568502503235e-03 0.000000000000000000e+00
7.250000000000000000e+04 2.899995724916040185e-01 3.126991351843422806e-01 5.000000000000000000e-01 1.779699590350477811e-01 9.330905780609922637e-03 0.000000000000000000e+00
7.500000000000000000e+04 2.999995577499352528e-01 3.208921256258534527e-01 4.890760127446517891e-01 1.812699135184342170e-01 8.761948111060537808e-03 0.000000000000000000e+00
7.750000000000000000e+04 3.099995430082662651e-01 3.245334547109695045e-01 4.821347291761493015e-01 1.824078288575330109e-01 1.092398725534820224e-02 0.000000000000000000e+00
8.000000000000000000e+04 3.199995282665974994e-01 3.376194811106053573e-01 4.633591260810195900e-01 1.907146108329540179e-01 8.306781975421027864e-03 0.000000000000000000e+00
8.250000000000000000e+04 3.299995135249287337e-01 3.511606736458807720e-01 4.373008648156577194e-01 2.031178880291306388e-01 8.420573509330906217e-03 0.000000000000000000e+00
8.500000000000000000e+04 3.399994987832599680e-01 3.627674101046882149e-01 4.228493400091033472e-01 2.061902594446973214e-01 8.192990441511151245e-03 0.000000000000000000e+00
8.750000000000000000e+04 3.499994840415909803e-01 3.577605826126536437e-01 4.212562585343650468e-01 2.135867091488393155e-01 7.396449704142011444e-03 0.000000000000000000e+00
9.000000000000000000e+04 3.599994692999222146e-01 3.500227583067819781e-01 4.350250341374601870e-01 2.085798816568047442e-01 6.372325898953117539e-03 0.000000000000000000e+00
9.250000000000000000e+04 3.699994545582534489e-01 3.608329540282202985e-01 4.374146563495676099e-01 1.960628129267182607e-01 5.689576695493855224e-03 0.000000000000000000e+00
9.500000000000000000e+04 3.799994398165846832e-01 3.544606281292672079e-01 4.436731907146108100e-01 1.943559399180700975e-01 7.510241238051888930e-03 0.000000000000000000e+00
9.750000000000000000e+04 3.899994250749159175e-01 3.592398725534819981e-01 4.482248520710059303e-01 1.860491579426490627e-01 6.486117432862995025e-03 0.000000000000000000e+00
1.000000000000000000e+05 3.999994103332469297e-01 3.411470186618115741e-01 4.784934000910332497e-01 1.744424214838415921e-01 5.917159763313609329e-03 0.000000000000000000e+00
1.025000000000000000e+05 4.099993955915779420e-01 3.342057350933090309e-01 4.920345926263086089e-01 1.689804278561675144e-01 4.779244424214838804e-03 0.000000000000000000e+00
1.050000000000000000e+05 4.199993808499091763e-01 3.290851160673645692e-01 4.972690031861629611e-01 1.669321802457897075e-01 6.713700500682749130e-03 0.000000000000000000e+00
1.075000000000000000e+05 4.299993661082406327e-01 3.361401911697769473e-01 4.959035047792444417e-01 1.622667273554847522e-01 5.689576695493855224e-03 0.000000000000000000e+00
1.100000000000000000e+05 4.399993513665716449e-01 3.287437414656349532e-01 4.866863905325443662e-01 1.789940828402366846e-01 5.575785161583977738e-03 0.000000000000000000e+00
1.125000000000000000e+05 4.499993366249026572e-01 3.330678197542102925e-01 4.730314064633591165e-01 1.863905325443787064e-01 7.510241238051888930e-03 0.000000000000000000e+00
1.150000000000000000e+05 4.599993218832338915e-01 3.339781520254893055e-01 4.597177969959034827e-01 1.995903504779244497e-01 6.713700500682749130e-03 0.000000000000000000e+00
1.175000000000000000e+05 4.699993071415653478e-01 3.286299499317250628e-01 4.615384615384615641e-01 2.048247610377788019e-01 5.006827492034592909e-03 0.000000000000000000e+00
1.200000000000000000e+05 4.799992923998963601e-01 3.224852071005916976e-01 4.615384615384615641e-01 2.081247155211652378e-01 7.851615839781519654e-03 0.000000000000000000e+00
1.225000000000000000e+05 4.899992776582273724e-01 3.417159763313609711e-01 4.437869822485207005e-01 2.067592171142466906e-01 7.737824305871643035e-03 0.000000000000000000e+00
1.250000000000000000e+05 4.999992629165586067e-01 3.435366408739189970e-01 4.385525716886663483e-01 2.108557123350022766e-01 7.055075102412380721e-03 0.000000000000000000e+00
1.275000000000000000e+05 5.099992481748900630e-01 3.321574874829312796e-01 4.235320892125625791e-01 2.378243058716431602e-01 6.486117432862995025e-03 0.000000000000000000e+00
1.300000000000000000e+05 5.199992334332210753e-01 3.335229858898497990e-01 4.309285389167045732e-01 2.289485662266727284e-01 6.599908966772872511e-03 0.000000000000000000e+00
1.325000000000000000e+05 5.299992186915520875e-01 3.280609922621757213e-01 4.461766044606281234e-01 2.203004096495220776e-01 5.461993627674101119e-03 0.000000000000000000e+00
1.350000000000000000e+05 5.399992039498833218e-01 3.179335457441966328e-01 4.609695038689121671e-01 2.159763313609467383e-01 5.120619025944469528e-03 0.000000000000000000e+00
1.375000000000000000e+05 5.499991892082147782e-01 3.179335457441966328e-01 4.679107874374146547e-01 2.082385070550751005e-01 5.917159763313609329e-03 0.000000000000000000e+00
1.400000000000000000e+05 5.599991744665457905e-01 3.056440600819299025e-01 4.757624032771961553e-01 2.130177514792899462e-01 5.575785161583977738e-03 0.000000000000000000e+00
1.425000000000000000e+05 5.699991597248768027e-01 3.103095129722348577e-01 4.689349112426035582e-01 2.149522075557578626e-01 5.803368229403732710e-03 0.000000000000000000e+00
1.450000000000000000e+05 5.799991449832080370e-01 3.173645880746472359e-01 4.652935821574875064e-01 2.122212107419207960e-01 5.120619025944469528e-03 0.000000000000000000e+00
1.475000000000000000e+05 5.899991302415392713e-01 3.191852526172052618e-01 4.659763313609467383e-01 2.105143377332726329e-01 4.324078288575329727e-03 0.000000000000000000e+00
1.500000000000000000e+05 5.999991154998702836e-01 3.285161583978152278e-01 4.685935366408739422e-01 1.967455621301775204e-01 6.144742831133363434e-03 0.000000000000000000e+00
1.525000000000000000e+05 6.099991007582015179e-01 3.441055985434683384e-01 4.501593081474738467e-01 1.977696859353663961e-01 7.965407373691398007e-03 0.000000000000000000e+00
1.550000000000000000e+05 6.199990860165327522e-01 3.509330905780609910e-01 4.453800637232590010e-01 1.974283113336367801e-01 6.258534365043240920e-03 0.000000000000000000e+00
1.575000000000000000e+05 6.299990712748639865e-01 3.452435138825671324e-01 4.578971324533454568e-01 1.917387346381429214e-01 5.120619025944469528e-03 0.000000000000000000e+00
1.600000000000000000e+05 6.399990565331949988e-01 3.406918525261720676e-01 4.675694128356850388e-01 1.849112426035502965e-01 6.827492034592626616e-03 0.000000000000000000e+00
1.625000000000000000e+05 6.499990417915260110e-01 3.361401911697769473e-01 4.659763313609467383e-01 1.911697769685935244e-01 6.713700500682749130e-03 0.000000000000000000e+00
1.650000000000000000e+05 6.599990270498574674e-01 3.392125625853436577e-01 4.680245789713245452e-01 1.861629494765589532e-01 6.599908966772872511e-03 0.000000000000000000e+00
1.675000000000000000e+05 6.699990123081887017e-01 3.515020482476103880e-01 4.617660446062812896e-01 1.801319981793354508e-01 6.599908966772872511e-03 0.000000000000000000e+00
1.700000000000000000e+05 6.799989975665197139e-01 3.537778789258079204e-01 4.608557123350022766e-01 1.794492489758761911e-01 5.917159763313609329e-03 0.000000000000000000e+00
1.725000000000000000e+05 6.899989828248507262e-01 3.661811561219845412e-01 4.564178425125170468e-01 1.709148839326354030e-01 6.486117432862995025e-03 0.000000000000000000e+00
1.750000000000000000e+05 6.999989680831821826e-01 3.715293582157487284e-01 4.477696859353664238e-01 1.727355484751934567e-01 7.965407373691398007e-03 0.000000000000000000e+00
1.775000000000000000e+05 7.099989533415134169e-01 3.812016385980883104e-01 4.332043695949021611e-01 1.764906690942193990e-01 9.103322712790167665e-03 0.000000000000000000e+00
1.800000000000000000e+05 7.199989385998444291e-01 3.829085116067364458e-01 4.221665908056440597e-01 1.876422394173873354e-01 7.282658170232134826e-03 0.000000000000000000e+00
1.825000000000000000e+05 7.299989238581754414e-01 3.868912152935821691e-01 4.131770596267637652e-01 1.949248975876194945e-01 5.006827492034592909e-03 0.000000000000000000e+00
1.850000000000000000e+05 7.399989091165068977e-01 3.782430587164314906e-01 4.193218024578971304e-01 1.957214383249886169e-01 6.713700500682749130e-03 0.000000000000000000e+00
1.875000000000000000e+05 7.499988943748381320e-01 3.929221665908056438e-01 4.076012744651797970e-01 1.896904870277651423e-01 9.786071916249430847e-03 0.000000000000000000e+00
1.900000000000000000e+05 7.599988796331691443e-01 3.918980427856167403e-01 4.177287209831588299e-01 1.838871187983613931e-01 6.486117432862995025e-03 0.000000000000000000e+00
1.925000000000000000e+05 7.699988648915001566e-01 3.972462448793809831e-01 4.129494765589440397e-01 1.832043695949021334e-01 6.599908966772872511e-03 0.000000000000000000e+00
1.950000000000000000e+05 7.799988501498316129e-01 3.858670914883932657e-01 4.188666363222576239e-01 1.880974055530268418e-01 7.168866636322257339e-03 0.000000000000000000e+00
1.975000000000000000e+05 7.899988354081628472e-01 3.872325898953117851e-01 4.194355939918070209e-01 1.852526172052799402e-01 8.079198907601274626e-03 0.000000000000000000e+00
2.000000000000000000e+05 7.999988206664938595e-01 3.859808830223031562e-01 4.081702321347291940e-01 1.990213928083750528e-01 6.827492034592626616e-03 0.000000000000000000e+00
2.025000000000000000e+05 8.099988059248248717e-01 3.845015930814747462e-01 4.037323623122439642e-01 2.043695949021392677e-01 7.396449704142011444e-03 0.000000000000000000e+00
2.050000000000000000e+05 8.199987911831561060e-01 3.850705507510241432e-01 3.934911242603550408e-01 2.142694583522985752e-01 7.168866636322257339e-03 0.000000000000000000e+00
2.075000000000000000e+05 8.299987764414875624e-01 4.019116977696859383e-01 3.804050978607191880e-01 2.100591715976331264e-01 7.624032771961766417e-03 0.000000000000000000e+00
2.100000000000000000e+05 8.399987616998185747e-01 3.944014565316340537e-01 3.733500227583067543e-01 2.234865725989986229e-01 8.761948111060537808e-03 0.000000000000000000e+00
2.125000000000000000e+05 8.499987469581495869e-01 3.983841602184797215e-01 3.734638142922166448e-01 2.204142011834319403e-01 7.737824305871643035e-03 0.000000000000000000e+00
2.150000000000000000e+05 8.599987322164808212e-01 3.934911242603550408e-01 3.758534365043240677e-01 2.214383249886208438e-01 9.217114246700046018e-03 0.000000000000000000e+00
2.175000000000000000e+05 8.699987174748122776e-01 4.006599908966773094e-01 3.686845698680017991e-01 2.220072826581702408e-01 8.648156577150659455e-03 0.000000000000000000e+00
2.200000000000000000e+05 8.799987027331432898e-01 4.017979062357760478e-01 3.603777878925807920e-01 2.271279016841147025e-01 1.069640418752844727e-02 0.000000000000000000e+00
2.225000000000000000e+05 8.899986879914743021e-01 4.015703231679563223e-01 3.617432862994993115e-01 2.276968593536640995e-01 8.989531178880291046e-03 0.000000000000000000e+00
2.250000000000000000e+05 8.999986732498055364e-01 3.991807009558488994e-01 3.570778334091943562e-01 2.374829312699135164e-01 6.258534365043240920e-03 0.000000000000000000e+00
2.275000000000000000e+05 9.099986585081369928e-01 3.962221210741920796e-01 3.541192535275375364e-01 2.395311788802912956e-01 1.012744651797906244e-02 0.000000000000000000e+00
2.300000000000000000e+05 9.199986437664680050e-01 3.857532999544833752e-01 3.634501593081474469e-01 2.420345926263086089e-01 8.761948111060537808e-03 0.000000000000000000e+00
2.325000000000000000e+05 9.299986290247990173e-01 3.887118798361401950e-01 3.574192080109239722e-01 2.454483386436049075e-01 8.420573509330906217e-03 0.000000000000000000e+00
2.350000000000000000e+05 9.399986142831302516e-01 3.864360491579426626e-01 3.751706873008648357e-01 2.327036868456986707e-01 5.689576695493855224e-03 0.000000000000000000e+00
2.375000000000000000e+05 9.499985995414617079e-01 3.850705507510241432e-01 3.821119708693673234e-01 2.242831133363677731e-01 8.534365043240782836e-03 0.000000000000000000e+00
2.400000000000000000e+05 9.599985847997927202e-01 3.947428311333636697e-01 3.728948566226672479e-01 2.237141556668183762e-01 8.648156577150659455e-03 0.000000000000000000e+00
2.425000000000000000e+05 9.699985700581237325e-01 3.959945380063722986e-01 3.752844788347746707e-01 2.209831588529813373e-01 7.737824305871643035e-03 0.000000000000000000e+00
2.450000000000000000e+05 9.799985553164549668e-01 4.118115612198452458e-01 3.635639508420573374e-01 2.176832043695949015e-01 6.941283568502503235e-03 0.000000000000000000e+00
2.475000000000000000e+05 9.899985405747862011e-01 4.113563950842057393e-01 3.603777878925807920e-01 2.205279927173418308e-01 7.737824305871643035e-03 0.000000000000000000e+00
2.500000000000000000e+05 9.999985258331172133e-01 4.135184342284933812e-01 3.575329995448338627e-01 2.205279927173418308e-01 8.420573509330906217e-03 0.000000000000000000e+00
