# itime ezz other fcc hcp bcc ico
0.000000000000000000e+00 0.000000000000000000e+00 5.689576695493854790e-04 9.994310423304506585e-01 0.000000000000000000e+00 0.000000000000000000e+00 0.000000000000000000e+00
2.500000000000000000e+02 9.999626576064901684e-04 0.000000000000000000e+00 1.000000000000000000e+00 0.000000000000000000e+00 0.000000000000000000e+00 0.000000000000000000e+00
5.000000000000000000e+02 1.999925315213202381e-03 1.024123805188893906e-03 9.989758761948110966e-01 0.000000000000000000e+00 0.000000000000000000e+00 0.000000000000000000e+00
7.500000000000000000e+02 2.999887972819692550e-03 6.827492034592626399e-04 9.993172507965407680e-01 0.000000000000000000e+00 0.000000000000000000e+00 0.000000000000000000e+00
1.000000000000000000e+03 3.999850630426404763e-03 2.275830678197542133e-04 9.997724169321802190e-01 0.000000000000000000e+00 0.000000000000000000e+00 0.000000000000000000e+00
1.250000000000000000e+03 4.999813288032894931e-03 2.275830678197542133e-04 9.997724169321802190e-01 0.000000000000000000e+00 0.000000000000000000e+00 0.000000000000000000e+00
1.500000000000000000e+03 5.999775945639385100e-03 2.275830678197542133e-04 9.997724169321802190e-01 0.000000000000000000e+00 0.000000000000000000e+00 0.000000000000000000e+00
1.750000000000000000e+03 6.999738603246097313e-03 9.103322712790168532e-04 9.990896677287209870e-01 0.000000000000000000e+00 0.000000000000000000e+00 0.000000000000000000e+00
2.000000000000000000e+03 7.999701260852587481e-03 1.251706873008648227e-03 9.987482931269913156e-01 0.000000000000000000e+00 0.000000000000000000e+00 0.000000000000000000e+00
2.250000000000000000e+03 8.999663918459077649e-03 2.048247610377787811e-03 9.978379608557123026e-01 0.000000000000000000e+00 1.137915339098771066e-04 0.000000000000000000e+00
2.500000000000000000e+03 9.999626576065789862e-03 3.413746017296313199e-04 9.996586253982703285e-01 0.000000000000000000e+00 0.000000000000000000e+00 0.000000000000000000e+00
2.750000000000000000e+03 1.099958923367228003e-02 7.965407373691396923e-04 9.992034592626308775e-01 0.000000000000000000e+00 0.000000000000000000e+00 0.000000000000000000e+00
3.000000000000000000e+03 1.199955189127899224e-02 1.024123805188893906e-03 9.989758761948110966e-01 0.000000000000000000e+00 0.000000000000000000e+00 0.000000000000000000e+00
3.250000000000000000e+03 1.299951454888548241e-02 1.137915339098770958e-03 9.986345015930814251e-01 0.000000000000000000e+00 2.275830678197542133e-04 0.000000000000000000e+00
3.500000000000000000e+03 1.399947720649197258e-02 9.103322712790168532e-04 9.990896677287209870e-01 0.000000000000000000e+00 0.000000000000000000e+00 0.000000000000000000e+00
3.750000000000000000e+03 1.499943986409868479e-02 2.162039144287664864e-03 9.978379608557123026e-01 0.000000000000000000e+00 0.000000000000000000e+00 0.000000000000000000e+00
4.000000000000000000e+03 1.599940252170517496e-02 2.617205279927173507e-03 9.973827947200728516e-01 0.000000000000000000e+00 0.000000000000000000e+00 0.000000000000000000e+00
4.250000000000000000e+03 1.699936517931188718e-02 1.024123805188893906e-03 9.989758761948110966e-01 0.000000000000000000e+00 0.000000000000000000e+00 0.000000000000000000e+00
4.500000000000000000e+03 1.799932783691837734e-02 1.251706873008648227e-03 9.987482931269913156e-01 0.000000000000000000e+00 0.000000000000000000e+00 0.000000000000000000e+00
4.750000000000000000e+03 1.899929049452486751e-02 6.827492034592626399e-04 9.993172507965407680e-01 0.000000000000000000e+00 0.000000000000000000e+00 0.000000000000000000e+00
5.000000000000000000e+03 1.999925315213157972e-02 2.617205279927173507e-03 9.973827947200728516e-01 0.000000000000000000e+00 0.000000000000000000e+00 0.000000000000000000e+00
5.250000000000000000e+03 2.099921580973806989e-02 5.689576695493854790e-04 9.994310423304506585e-01 0.000000000000000000e+00 0.000000000000000000e+00 0.000000000000000000e+00
5.500000000000000000e+03 2.199917846734478211e-02 1.820664542558033706e-03 9.980655439235320836e-01 0.000000000000000000e+00 1.137915339098771066e-04 0.000000000000000000e+00
5.750000000000000000e+03 2.299914112495127227e-02 1.593081474738279385e-03 9.982931269913518646e-01 0.000000000000000000e+00 1.137915339098771066e-04 0.000000000000000000e+00
6.000000000000000000e+03 2.399910378255776244e-02 3.527537551206190360e-03 9.962448793809740577e-01 0.000000000000000000e+00 2.275830678197542133e-04 0.000000000000000000e+00
6.250000000000000000e+03 2.499906644016447466e-02 3.186162949476558769e-03 9.968138370505233992e-01 0.000000000000000000e+00 0.000000000000000000e+00 0.000000000000000000e+00
6.500000000000000000e+03 2.599902909777096482e-02 1.251706873008648227e-03 9.987482931269913156e-01 0.000000000000000000e+00 0.000000000000000000e+00 0.000000000000000000e+00
6.750000000000000000e+03 2.699899175537745499e-02 2.844788347746927612e-03 9.971552116522530707e-01 0.000000000000000000e+00 0.000000000000000000e+00 0.000000000000000000e+00
7.000000000000000000e+03 2.799895441298416721e-02 2.844788347746927612e-03 9.969276285844332897e-01 0.000000000000000000e+00 2.275830678197542133e-04 0.000000000000000000e+00
7.250000000000000000e+03 2.899891707059065737e-02 3.527537551206190360e-03 9.964724624487938387e-01 0.000000000000000000e+00 0.000000000000000000e+00 0.000000000000000000e+00
7.500000000000000000e+03 2.999887972819736959e-02 5.575785161583977738e-03 9.943104233045061413e-01 0.000000000000000000e+00 1.137915339098771066e-04 0.000000000000000000e+00
7.750000000000000000e+03 3.099884238580385976e-02 6.030951297223486815e-03 9.938552571688666903e-01 0.000000000000000000e+00 1.137915339098771066e-04 0.000000000000000000e+00
8.000000000000000000e+03 3.199880504341034992e-02 5.234410559854347014e-03 9.946517979062358128e-01 0.000000000000000000e+00 1.137915339098771066e-04 0.000000000000000000e+00
8.250000000000000000e+03 3.299876770101706214e-02 4.210286754665453109e-03 9.957897132453344957e-01 0.000000000000000000e+00 0.000000000000000000e+00 0.000000000000000000e+00
8.500000000000000000e+03 3.399873035862355231e-02 5.689576695493855224e-03 9.941966317705962508e-01 0.000000000000000000e+00 1.137915339098771066e-04 0.000000000000000000e+00
8.750000000000000000e+03 3.499869301623026452e-02 7.851615839781519654e-03 9.919208010923987739e-01 0.000000000000000000e+00 2.275830678197542133e-04 0.000000000000000000e+00
9.000000000000000000e+03 3.599865567383675469e-02 4.779244424214838804e-03 9.948793809740554828e-01 0.000000000000000000e+00 3.413746017296313199e-04 0.000000000000000000e+00
9.250000000000000000e+03 3.699861833144324486e-02 9.899863450159307465e-03 9.897587619481110766e-01 0.000000000000000000e+00 3.413746017296313199e-04 0.000000000000000000e+00
9.500000000000000000e+03 3.799858098904995707e-02 4.210286754665453109e-03 9.957897132453344957e-01 0.000000000000000000e+00 0.000000000000000000e+00 0.000000000000000000e+00
9.750000000000000000e+03 3.899854364665644724e-02 7.965407373691398007e-03 9.914656349567592120e-01 0.000000000000000000e+00 5.689576695493854790e-04 0.000000000000000000e+00
1.000000000000000000e+04 3.999850630426293741e-02 1.058261265361857065e-02 9.891898042785616241e-01 0.000000000000000000e+00 2.275830678197542133e-04 0.000000000000000000e+00
1.025000000000000000e+04 4.099846896186964962e-02 8.534365043240782836e-03 9.911242603550295405e-01 0.000000000000000000e+00 3.413746017296313199e-04 0.000000000000000000e+00
1.050000000000000000e+04 4.199843161947613979e-02 6.827492034592626616e-03 9.929449248975875664e-01 0.000000000000000000e+00 2.275830678197542133e-04 0.000000000000000000e+00
1.075000000000000000e+04 4.299839427708285200e-02 8.989531178880291046e-03 9.904415111515703085e-01 0.000000000000000000e+00 5.689576695493854790e-04 0.000000000000000000e+00
1.100000000000000000e+04 4.399835693468934217e-02 1.046882111970869403e-02 9.889622212107419541e-01 0.000000000000000000e+00 5.689576695493854790e-04 0.000000000000000000e+00
1.125000000000000000e+04 4.499831959229583234e-02 1.263086026399635846e-02 9.870277651342740377e-01 0.000000000000000000e+00 3.413746017296313199e-04 0.000000000000000000e+00
1.150000000000000000e+04 4.599828224990254455e-02 8.761948111060537808e-03 9.908966772872098705e-01 0.000000000000000000e+00 3.413746017296313199e-04 0.000000000000000000e+00
1.175000000000000000e+04 4.699824490750903472e-02 1.081019572143832562e-02 9.888484296768320636e-01 0.000000000000000000e+00 3.413746017296313199e-04 0.000000000000000000e+00
1.200000000000000000e+04 4.799820756511574693e-02 1.297223486572599005e-02 9.862312243969049153e-01 0.000000000000000000e+00 7.965407373691396923e-04 0.000000000000000000e+00
1.225000000000000000e+04 4.899817022272223710e-02 1.445152480655439303e-02 9.841829767865271084e-01 0.000000000000000000e+00 1.365498406918525280e-03 0.000000000000000000e+00
1.250000000000000000e+04 4.999813288032872727e-02 1.627218934911242587e-02 9.827036868456986429e-01 0.000000000000000000e+00 1.024123805188893906e-03 0.000000000000000000e+00
1.275000000000000000e+04 5.099809553793543948e-02 1.695493855257168905e-02 9.820209376422394110e-01 0.000000000000000000e+00 1.024123805188893906e-03 0.000000000000000000e+00
1.300000000000000000e+04 5.199805819554192965e-02 1.638598088302230249e-02 9.829312699135184239e-01 0.000000000000000000e+00 6.827492034592626399e-04 0.000000000000000000e+00
1.325000000000000000e+04 5.299802085314864186e-02 1.331360946745562164e-02 9.861174328629950248e-01 0.000000000000000000e+00 5.689576695493854790e-04 0.000000000000000000e+00
1.350000000000000000e+04 5.399798351075513203e-02 1.786527082385070547e-02 9.814519799726900695e-01 0.000000000000000000e+00 6.827492034592626399e-04 0.000000000000000000e+00
1.375000000000000000e+04 5.499794616836162220e-02 1.911697769685935522e-02 9.803140646335912756e-01 0.000000000000000000e+00 5.689576695493854790e-04 0.000000000000000000e+00
1.400000000000000000e+04 5.599790882596833441e-02 2.150659990896677115e-02 9.773554847519344557e-01 0.000000000000000000e+00 1.137915339098770958e-03 0.000000000000000000e+00
1.425000000000000000e+04 5.699787148357482458e-02 2.639963586709149004e-02 9.725762403277196100e-01 0.000000000000000000e+00 1.024123805188893906e-03 0.000000000000000000e+00
1.450000000000000000e+04 5.799783414118131475e-02 2.196176604460628110e-02 9.763313609467455523e-01 0.000000000000000000e+00 1.706873008648156654e-03 0.000000000000000000e+00
1.475000000000000000e+04 5.899779679878802696e-02 2.696859353664087314e-02 9.715521165225307065e-01 0.000000000000000000e+00 1.479289940828402332e-03 0.000000000000000000e+00
1.500000000000000000e+04 5.999775945639451713e-02 2.947200728265816916e-02 9.690487027765134487e-01 0.000000000000000000e+00 1.479289940828402332e-03 0.000000000000000000e+00
1.525000000000000000e+04 6.099772211400122934e-02 2.696859353664087314e-02 9.717796995903504875e-01 0.000000000000000000e+00 1.251706873008648227e-03 0.000000000000000000e+00
1.550000000000000000e+04 6.199768477160771951e-02 2.844788347746927612e-02 9.690487027765134487e-01 0.000000000000000000e+00 2.503413746017296455e-03 0.000000000000000000e+00
1.575000000000000000e+04 6.299764742921420968e-02 3.038233955393718558e-02 9.679107874374146547e-01 0.000000000000000000e+00 1.706873008648156654e-03 0.000000000000000000e+00
1.600000000000000000e+04 6.399761008682092189e-02 3.584433318161128756e-02 9.617660446062813451e-01 0.000000000000000000e+00 2.389622212107419402e-03 0.000000000000000000e+00
1.625000000000000000e+04 6.499757274442741206e-02 3.504779244424215123e-02 9.631315430131998090e-01 0.000000000000000000e+00 1.820664542558033706e-03 0.000000000000000000e+00
1.650000000000000000e+04 6.599753540203412427e-02 2.924442421483841592e-02 9.691624943104233392e-01 0.000000000000000000e+00 1.593081474738279385e-03 0.000000000000000000e+00
1.675000000000000000e+04 6.699749805964061444e-02 4.312699135184342586e-02 9.549385525716886924e-01 0.000000000000000000e+00 1.934456076467910759e-03 0.000000000000000000e+00
1.700000000000000000e+04 6.799746071724710461e-02 4.528903049613108855e-02 9.526627218934911046e-01 0.000000000000000000e+00 2.048247610377787811e-03 0.000000000000000000e+00
1.725000000000000000e+04 6.899742337485381682e-02 3.743741465634956717e-02 9.600591715976330986e-01 0.000000000000000000e+00 2.503413746017296455e-03 0.000000000000000000e+00
1.750000000000000000e+04 6.999738603246030699e-02 5.257168866636321991e-02 9.437869822485207560e-01 0.000000000000000000e+00 3.641329085116067413e-03 0.000000000000000000e+00
1.775000000000000000e+04 7.099734869006679716e-02 5.188893946290396020e-02 9.425352753755120716e-01 0.000000000000000000e+00 5.575785161583977738e-03 0.000000000000000000e+00
1.800000000000000000e+04 7.199731134767350937e-02 5.245789713245334329e-02 9.439007737824305355e-01 0.000000000000000000e+00 3.641329085116067413e-03 0.000000000000000000e+00
1.825000000000000000e+04 7.299727400527999954e-02 7.066454255803368556e-02 9.245562130177514826e-01 0.000000000000000000e+00 4.779244424214838804e-03 0.000000000000000000e+00
1.850000000000000000e+04 7.399723666288671176e-02 6.588529813381883982e-02 9.301319981793354508e-01 0.000000000000000000e+00 3.982703686845699004e-03 0.000000000000000000e+00
1.875000000000000000e+04 7.499719932049320192e-02 6.565771506599908658e-02 9.288802913063267663e-01 0.000000000000000000e+00 5.461993627674101119e-03 0.000000000000000000e+00
1.900000000000000000e+04 7.599716197809969209e-02 7.806099226217569353e-02 9.161356395084205850e-01 0.000000000000000000e+00 5.803368229403732710e-03 0.000000000000000000e+00
1.925000000000000000e+04 7.699712463570640431e-02 8.056440600819299303e-02 9.132908511606736557e-01 0.000000000000000000e+00 6.144742831133363434e-03 0.000000000000000000e+00
1.950000000000000000e+04 7.799708729331289447e-02 8.500227583067819503e-02 9.064633591260810030e-01 0.000000000000000000e+00 8.534365043240782836e-03 0.000000000000000000e+00
1.975000000000000000e+04 7.899704995091960669e-02 8.750568957669549452e-02 9.046426945835229771e-01 0.000000000000000000e+00 7.851615839781519654e-03 0.000000000000000000e+00
2.000000000000000000e+04 7.999701260852609686e-02 9.934000910332271839e-02 8.899635867091488795e-01 0.000000000000000000e+00 1.069640418752844727e-02 0.000000000000000000e+00
2.025000000000000000e+04 8.099697526613258702e-02 1.222121074192080159e-01 8.610605370960400240e-01 0.000000000000000000e+00 1.672735548475193582e-02 0.000000000000000000e+00
2.050000000000000000e+04 8.199693792373929924e-02 1.176604460628129234e-01 8.620846609012289274e-01 0.000000000000000000e+00 2.025489303595812488e-02 0.000000000000000000e+00
2.075000000000000000e+04 8.299690058134578940e-02 1.359808830223031284e-01 8.336367774237596340e-01 0.000000000000000000e+00 3.038233955393718558e-02 0.000000000000000000e+00
2.100000000000000000e+04 8.399686323895250162e-02 1.585116067364588099e-01 8.063268092853891345e-01 0.000000000000000000e+00 3.516158397815202785e-02 0.000000000000000000e+00
2.125000000000000000e+04 8.499682589655899179e-02 1.799044151115156975e-01 7.662721893491124536e-01 3.413746017296313199e-04 5.348202093764223980e-02 0.000000000000000000e+00
2.150000000000000000e+04 8.599678855416548195e-02 2.106281292671825234e-01 6.989076012744651623e-01 1.706873008648156654e-03 8.875739644970413733e-02 0.000000000000000000e+00
2.175000000000000000e+04 8.699675121177219417e-02 2.314519799726900418e-01 6.092398725534819981e-01 1.797906235776058209e-02 1.413290851160673711e-01 0.000000000000000000e+00
2.200000000000000000e+04 8.799671386937868434e-02 2.325898953117888079e-01 5.790851160673645692e-01 6.133363677742376119e-02 1.269913518434228616e-01 0.000000000000000000e+00
2.225000000000000000e+04 8.899667652698517450e-02 2.271279016841147025e-01 5.679335457441966328e-01 1.037778789258079204e-01 1.011606736458807443e-01 0.000000000000000000e+00
2.250000000000000000e+04 8.999663918459188672e-02 2.308830223031406448e-01 5.466545289030496635e-01 1.225534820209376458e-01 9.990896677287210148e-02 0.000000000000000000e+00
2.275000000000000000e+04 9.099660184219837689e-02 2.099453800637232637e-01 5.285616750113791840e-01 1.560081929904415243e-01 1.054847519344560697e-01 0.000000000000000000e+00
2.300000000000000000e+04 9.199656449980508910e-02 1.892353208921256358e-01 5.204824761037778469e-01 1.981110605370960398e-01 9.217114246700044977e-02 0.000000000000000000e+00
2.325000000000000000e+04 9.299652715741157927e-02 1.748975876194810986e-01 5.289030496131087444e-01 2.319071461083295482e-01 6.429221665908056715e-02 0.000000000000000000e+00
2.350000000000000000e+04 9.399648981501806944e-02 1.695493855257168836e-01 5.336822940373235902e-01 2.472690031861629611e-01 4.949931725079653733e-02 0.000000000000000000e+00
2.375000000000000000e+04 9.499645247262478165e-02 1.539599453800637174e-01 5.430131998179335007e-01 2.570550751024123781e-01 4.597177969959034827e-02 0.000000000000000000e+00
2.400000000000000000e+04 9.599641513023127182e-02 1.469048702776513393e-01 5.407373691397360238e-01 2.718479745106964218e-01 4.050978607191624975e-02 0.000000000000000000e+00
2.425000000000000000e+04 9.699637778783798403e-02 1.603322712790168358e-01 5.185480200273099305e-01 2.763996358670914866e-01 4.472007282658170546e-02 0.000000000000000000e+00
2.450000000000000000e+04 9.799634044544447420e-02 1.434911242603550408e-01 5.210514337733272994e-01 2.901684114701866268e-01 4.528903049613108855e-02 0.000000000000000000e+00
2.475000000000000000e+04 9.899630310305096437e-02 1.558944014565316338e-01 5.119481110605370588e-01 2.999544833864360438e-01 3.220300409649522189e-02 0.000000000000000000e+00
2.500000000000000000e+04 9.999626576065767658e-02 1.486117432862995025e-01 5.194583522985889434e-01 2.951752389622211981e-01 3.675466545289030745e-02 0.000000000000000000e+00
2.525000000000000000e+04 1.009962284182641667e-01 1.497496586253982687e-01 5.187756030951297115e-01 2.983614019116977434e-01 3.311333636777423484e-02 0.000000000000000000e+00
2.550000000000000000e+04 1.019961910758706569e-01 1.484979517523896120e-01 5.182066454255803700e-01 3.084888484296768318e-01 2.480655439235321044e-02 0.000000000000000000e+00
2.575000000000000000e+04 1.029961537334773691e-01 1.359808830223031284e-01 5.201411015020482864e-01 3.149749658625398130e-01 2.890304961310878606e-02 0.000000000000000000e+00
2.600000000000000000e+04 1.039961163910838593e-01 1.406463359126081114e-01 5.155894401456531106e-01 3.178197542102867423e-01 2.594446973145198010e-02 0.000000000000000000e+00
2.625000000000000000e+04 1.049960790486905715e-01 1.282430587164314906e-01 5.237824305871643382e-01 3.287437414656349532e-01 1.923076923076923184e-02 0.000000000000000000e+00
2.650000000000000000e+04 1.059960417062970617e-01 1.206190259444697294e-01 5.187756030951297115e-01 3.419435593991806965e-01 1.866181156121984527e-02 0.000000000000000000e+00
2.675000000000000000e+04 1.069960043639035518e-01 1.318843878015475701e-01 4.980655439235320836e-01 3.468365953573054328e-01 2.321347291761493084e-02 0.000000000000000000e+00
2.700000000000000000e+04 1.079959670215102641e-01 1.150432407828857473e-01 5.145653163404643182e-01 3.512744651797906070e-01 1.911697769685935522e-02 0.000000000000000000e+00
2.725000000000000000e+04 1.089959296791167542e-01 1.312016385980883104e-01 5.065999089667728716e-01 3.458124715521165293e-01 1.638598088302230249e-02 0.000000000000000000e+00
2.750000000000000000e+04 1.099958923367234664e-01 1.277878925807919841e-01 5.019344560764679164e-01 3.494538006372325811e-01 2.082385070550751144e-02 0.000000000000000000e+00
2.775000000000000000e+04 1.109958549943299566e-01 1.397360036413290985e-01 4.903277196176604735e-01 3.434228493400091065e-01 2.651342740100136666e-02 0.000000000000000000e+00
2.800000000000000000e+04 1.119958176519364468e-01 1.479289940828402428e-01 4.813381884387801790e-01 3.384160218479745352e-01 3.231679563040509851e-02 0.000000000000000000e+00
2.825000000000000000e+04 1.129957803095431590e-01 1.516841147018661851e-01 4.787209831588529751e-01 3.408056440600819026e-01 2.878925807919890598e-02 0.000000000000000000e+00
2.850000000000000000e+04 1.139957429671496492e-01 1.616977696859353553e-01 4.720072826581702130e-01 3.410332271279016836e-01 2.526172052799271692e-02 0.000000000000000000e+00
2.875000000000000000e+04 1.149957056247563614e-01 1.528220300409649512e-01 4.819071461083295205e-01 3.350022758306782089e-01 3.026854802002730896e-02 0.000000000000000000e+00
2.900000000000000000e+04 1.159956682823628515e-01 1.854802002730996935e-01 4.379836140191169513e-01 3.304506144742830887e-01 4.608557123350022489e-02 0.000000000000000000e+00
2.925000000000000000e+04 1.169956309399693417e-01 2.291761492944924816e-01 3.923532089212562468e-01 3.146335912608101970e-01 6.383705052344106068e-02 0.000000000000000000e+00
2.950000000000000000e+04 1.179955935975760539e-01 2.320209376422394110e-01 3.443331816112881194e-01 3.031406463359125891e-01 1.205052344105598527e-01 0.000000000000000000e+00
2.975000000000000000e+04 1.189955562551825441e-01 2.511379153390987939e-01 2.869822485207100815e-01 2.878925807919890945e-01 1.739872553482020856e-01 0.000000000000000000e+00
3.000000000000000000e+04 1.199955189127890343e-01 2.494310423304506030e-01 2.505689576695493970e-01 2.721893491124260378e-01 2.278106508875739622e-01 0.000000000000000000e+00
3.025000000000000000e+04 1.209954815703957465e-01 2.440828402366863881e-01 2.167728720983158885e-01 2.626308602639963463e-01 2.765134274010013771e-01 0.000000000000000000e+00
3.050000000000000000e+04 1.219954442280022366e-01 2.874374146563495880e-01 1.822940373236231204e-01 2.479517523896222209e-01 2.823167956304050707e-01 0.000000000000000000e+00
3.075000000000000000e+04 1.229954068856089489e-01 2.865270823850705750e-01 1.713700500682749095e-01 2.472690031861629611e-01 2.948338643604915821e-01 0.000000000000000000e+00
3.100000000000000000e+04 1.239953695432154390e-01 2.966545289030496080e-01 1.829767865270823801e-01 2.611515703231679364e-01 2.592171142467000200e-01 0.000000000000000000e+00
3.125000000000000000e+04 1.249953322008219292e-01 2.836822940373236457e-01 2.165452890304961353e-01 2.958579881656804855e-01 2.039144287664997612e-01 0.000000000000000000e+00
3.150000000000000000e+04 1.259952948584286414e-01 2.761720527992717611e-01 2.396449704142011861e-01 3.152025489303595940e-01 1.689804278561675144e-01 0.000000000000000000e+00
3.175000000000000000e+04 1.269952575160351316e-01 2.814064633591260578e-01 2.612653618570778269e-01 3.228265817023213691e-01 1.345015930814747462e-01 0.000000000000000000e+00
3.200000000000000000e+04 1.279952201736418438e-01 2.568274920345926526e-01 2.943786982248520756e-01 3.289713245334547342e-01 1.198224852071005930e-01 0.000000000000000000e+00
3.225000000000000000e+04 1.289951828312483340e-01 2.224624487938097472e-01 3.017751479289940697e-01 3.788120163859808875e-01 9.695038689121529552e-02 0.000000000000000000e+00
3.250000000000000000e+04 1.299951454888548241e-01 1.923076923076923184e-01 3.158852981338188259e-01 4.212562585343650468e-01 7.055075102412380894e-02 0.000000000000000000e+00
3.275000000000000000e+04 1.309951081464615363e-01 1.728493400091033194e-01 3.231679563040509851e-01 4.287664997724169313e-01 7.521620391442876419e-02 0.000000000000000000e+00
3.300000000000000000e+04 1.319950708040680265e-01 1.655666818388711881e-01 3.294264906690942407e-01 4.410559854346836617e-01 6.395084205735093730e-02 0.000000000000000000e+00
3.325000000000000000e+04 1.329950334616747387e-01 1.612426035502958488e-01 3.274920345926263243e-01 4.446973145197997135e-01 6.656804733727811341e-02 0.000000000000000000e+00
3.350000000000000000e+04 1.339949961192812289e-01 1.639736003641329154e-01 3.293126991351843502e-01 4.431042330450614686e-01 6.360946745562130744e-02 0.000000000000000000e+00
3.375000000000000000e+04 1.349949587768877191e-01 1.649977241693217911e-01 3.263541192535275304e-01 4.442421483841602070e-01 6.440600819299044377e-02 0.000000000000000000e+00
3.400000000000000000e+04 1.359949214344944313e-01 1.628356850250341492e-01 3.301092398725534727e-01 4.435593991807009751e-01 6.349567592171143082e-02 0.000000000000000000e+00
3.425000000000000000e+04 1.369948840921009214e-01 1.653390987710514348e-01 3.310195721438324856e-01 4.383249886208466228e-01 6.531634046426945672e-02 0.000000000000000000e+00
3.450000000000000000e+04 1.379948467497074116e-01 1.685252617205279801e-01 3.221438324988620816e-01 4.386663632225762388e-01 7.066454255803368556e-02 0.000000000000000000e+00
3.475000000000000000e+04 1.389948094073141238e-01 1.640873918980427781e-01 3.244196631770596140e-01 4.446973145197997135e-01 6.679563040509786664e-02 0.000000000000000000e+00
3.500000000000000000e+04 1.399947720649206140e-01 1.622667273554847522e-01 3.256713700500682984e-01 4.469731451979972459e-01 6.508875739644970349e-02 0.000000000000000000e+00
3.525000000000000000e+04 1.409947347225273262e-01 1.660218479745106945e-01 3.246472462448793950e-01 4.384387801547565133e-01 7.089212562585343880e-02 0.000000000000000000e+00
3.550000000000000000e+04 1.419946973801338164e-01 1.660218479745106945e-01 3.280609922621757213e-01 4.431042330450614686e-01 6.281292671825215723e-02 0.000000000000000000e+00
3.575000000000000000e+04 1.429946600377403065e-01 1.703459262630860338e-01 3.198680018206645492e-01 4.413973600364132777e-01 6.838871187983613931e-02 0.000000000000000000e+00
3.600000000000000000e+04 1.439946226953470187e-01 1.809285389167046010e-01 3.200955848884842747e-01 4.368456986800182129e-01 6.213017751479289752e-02 0.000000000000000000e+00
3.625000000000000000e+04 1.449945853529535089e-01 1.768320436959490149e-01 3.159990896677287164e-01 4.366181156121984319e-01 7.055075102412380894e-02 0.000000000000000000e+00
3.650000000000000000e+04 1.459945480105602211e-01 1.745562130177514826e-01 3.197542102867546587e-01 4.416249431042330587e-01 6.406463359126081392e-02 0.000000000000000000e+00
3.675000000000000000e+04 1.469945106681667113e-01 1.725079654073737034e-01 3.210059171597632877e-01 4.427628584433317971e-01 6.372325898953118406e-02 0.000000000000000000e+00
3.700000000000000000e+04 1.479944733257732015e-01 1.903732362312244020e-01 3.099681383705052418e-01 4.350250341374601870e-01 6.463359126081019701e-02 0.000000000000000000e+00
3.725000000000000000e+04 1.489944359833799137e-01 1.898042785616750050e-01 3.033682294037323701e-01 4.428766499772416876e-01 6.395084205735093730e-02 0.000000000000000000e+00
3.750000000000000000e+04 1.499943986409864038e-01 1.893491124260354985e-01 3.057578516158397930e-01 4.403732362312243742e-01 6.451979972690032039e-02 0.000000000000000000e+00
3.775000000000000000e+04 1.509943612985928940e-01 1.789940828402366846e-01 3.156577150659991005e-01 4.465179790623577394e-01 5.883022303140646170e-02 0.000000000000000000e+00
3.800000000000000000e+04 1.519943239561996062e-01 1.722803823395539502e-01 3.122439690487027741e-01 4.388939462903960198e-01 7.658170232134729749e-02 0.000000000000000000e+00
3.825000000000000000e+04 1.529942866138060964e-01 1.755803368229403860e-01 3.137232589895311841e-01 4.388939462903960198e-01 7.180245789713245175e-02 0.000000000000000000e+00
3.850000000000000000e+04 1.539942492714128086e-01 1.718252162039144160e-01 3.081474738279472159e-01 4.335457441966317771e-01 8.648156577150660496e-02 0.000000000000000000e+00
3.875000000000000000e+04 1.549942119290192988e-01 1.904870277651342647e-01 3.056440600819299025e-01 4.326354119253527641e-01 7.123350022758306865e-02 0.000000000000000000e+00
3.900000000000000000e+04 1.559941745866257889e-01 1.785389167045971781e-01 3.096267637687756258e-01 4.358215748748293095e-01 7.601274465179790052e-02 0.000000000000000000e+00
3.925000000000000000e+04 1.569941372442325012e-01 1.807009558488848477e-01 3.064406008192990249e-01 4.388939462903960198e-01 7.396449704142012138e-02 0.000000000000000000e+00
3.950000000000000000e+04 1.579940999018389913e-01 1.851388256713700498e-01 3.053026854802002865e-01 4.383249886208466228e-01 7.123350022758306865e-02 0.000000000000000000e+00
3.975000000000000000e+04 1.589940625594457035e-01 1.842284934000910368e-01 3.043923532089212736e-01 4.373008648156577194e-01 7.407828857532999800e-02 0.000000000000000000e+00
4.000000000000000000e+04 1.599940252170521937e-01 1.865043240782885692e-01 3.065543923532089154e-01 4.350250341374601870e-01 7.191624943104232837e-02 0.000000000000000000e+00
4.025000000000000000e+04 1.609939878746586839e-01 1.875284478834774726e-01 3.027992717341829731e-01 4.337733272644515026e-01 7.589895311788802390e-02 0.000000000000000000e+00
4.050000000000000000e+04 1.619939505322653961e-01 1.933318161128811941e-01 3.032544378698224796e-01 4.345698680018206805e-01 6.884387801547564578e-02 0.000000000000000000e+00
4.075000000000000000e+04 1.629939131898718863e-01 2.035730541647701453e-01 2.969959035047792240e-01 4.307009558488848477e-01 6.873008648156576916e-02 0.000000000000000000e+00
4.100000000000000000e+04 1.639938758474785985e-01 1.981110605370960398e-01 2.950614474283113076e-01 4.299044151115157253e-01 7.692307692307692735e-02 0.000000000000000000e+00
4.125000000000000000e+04 1.649938385050850886e-01 2.017523896222121194e-01 2.957441966317705950e-01 4.286527082385070408e-01 7.385070550751024476e-02 0.000000000000000000e+00
4.150000000000000000e+04 1.659938011626915788e-01 1.975421028675466428e-01 2.987027765134274149e-01 4.304733727810650668e-01 7.328174783796086167e-02 0.000000000000000000e+00
4.175000000000000000e+04 1.669937638202982910e-01 2.063040509786071841e-01 2.917614929449248717e-01 4.334319526627218866e-01 6.850250341374601593e-02 0.000000000000000000e+00
4.200000000000000000e+04 1.679937264779047812e-01 2.089212562585343602e-01 2.934683659535730627e-01 4.255803368229403860e-01 7.203004096495220498e-02 0.000000000000000000e+00
4.225000000000000000e+04 1.689936891355112714e-01 2.059626763768775681e-01 2.946062812926718011e-01 4.343422849340008995e-01 6.508875739644970349e-02 0.000000000000000000e+00
4.250000000000000000e+04 1.699936517931179836e-01 2.071005917159763343e-01 2.942649066909421851e-01 4.307009558488848477e-01 6.793354574419663283e-02 0.000000000000000000e+00
4.275000000000000000e+04 1.709936144507244737e-01 2.067592171142466906e-01 2.905097860719162428e-01 4.299044151115157253e-01 7.282658170232134132e-02 0.000000000000000000e+00
4.300000000000000000e+04 1.719935771083311860e-01 2.298588984979517413e-01 2.816340464269458388e-01 4.258079198907601115e-01 6.269913518434228061e-02 0.000000000000000000e+00
4.325000000000000000e+04 1.729935397659376761e-01 2.179107874374146547e-01 2.872098315885298070e-01 4.219390077378242787e-01 7.294037323623121793e-02 0.000000000000000000e+00
4.350000000000000000e+04 1.739935024235441663e-01 2.284934000910332219e-01 2.817478379608557293e-01 4.243286299499317016e-01 6.543013199817933334e-02 0.000000000000000000e+00
4.375000000000000000e+04 1.749934650811508785e-01 2.339553937187073274e-01 2.756030951297223641e-01 4.126081019572143682e-01 7.783340919435594030e-02 0.000000000000000000e+00
4.400000000000000000e+04 1.759934277387573687e-01 2.476103777878925771e-01 2.703686845698680119e-01 4.104460628129267263e-01 7.157487482931269851e-02 0.000000000000000000e+00
4.425000000000000000e+04 1.769933903963640809e-01 2.497724169321802468e-01 2.675238962221210826e-01 4.041875284478834707e-01 7.851615839781520001e-02 0.000000000000000000e+00
4.450000000000000000e+04 1.779933530539705711e-01 2.592171142467000200e-01 2.535275375512062168e-01 3.966772872098315861e-01 9.057806099226217711e-02 0.000000000000000000e+00
4.475000000000000000e+04 1.789933157115770612e-01 2.581929904415111721e-01 2.512517068730086289e-01 3.879153390987710726e-01 1.026399635867091542e-01 0.000000000000000000e+00
4.500000000000000000e+04 1.799932783691837734e-01 2.718479745106964218e-01 2.422621756941283622e-01 3.880291306326809075e-01 9.786071916249430847e-02 0.000000000000000000e+00
4.525000000000000000e+04 1.809932410267902636e-01 2.793582157487483064e-01 2.405553026854801990e-01 3.892808375056895920e-01 9.080564406008193035e-02 0.000000000000000000e+00
4.550000000000000000e+04 1.819932036843967538e-01 2.774237596722803900e-01 2.340691852526172179e-01 3.884842967683204140e-01 1.000227583067819781e-01 0.000000000000000000e+00
4.575000000000000000e+04 1.829931663420034660e-01 2.844788347746927681e-01 2.331588529813381772e-01 3.747155211652253293e-01 1.076467910787437393e-01 0.000000000000000000e+00
4.600000000000000000e+04 1.839931289996099562e-01 2.807237141556668258e-01 2.348657259899863403e-01 3.831360946745562268e-01 1.012744651797906209e-01 0.000000000000000000e+00
4.625000000000000000e+04 1.849930916572166684e-01 2.816340464269458388e-01 2.312243969048702885e-01 3.812016385980883104e-01 1.059399180700955900e-01 0.000000000000000000e+00
4.650000000000000000e+04 1.859930543148231585e-01 2.850477924442421651e-01 2.312243969048702885e-01 3.752844788347746707e-01 1.084433318161128756e-01 0.000000000000000000e+00
4.675000000000000000e+04 1.869930169724296487e-01 2.902822030040965173e-01 2.297451069640418786e-01 3.758534365043240677e-01 1.041192535275375503e-01 0.000000000000000000e+00
4.700000000000000000e+04 1.879929796300363609e-01 2.942649066909421851e-01 2.170004551661356418e-01 3.675466545289030607e-01 1.211879836140191125e-01 0.000000000000000000e+00
4.725000000000000000e+04 1.889929422876428511e-01 2.785616750113791285e-01 2.338416021847974646e-01 3.856395084205734847e-01 1.019572143832498806e-01 0.000000000000000000e+00
4.750000000000000000e+04 1.899929049452495633e-01 2.769685935366408835e-01 2.294037323623122349e-01 4.002048247610378029e-01 9.342284934000910646e-02 0.000000000000000000e+00
4.775000000000000000e+04 1.909928676028560535e-01 2.892580791989076139e-01 2.217796995903504875e-01 3.955393718707327921e-01 9.342284934000910646e-02 0.000000000000000000e+00
4.800000000000000000e+04 1.919928302604625436e-01 3.060992262175694090e-01 2.125625853436504398e-01 3.824533454710969393e-01 9.888484296768319803e-02 0.000000000000000000e+00
4.825000000000000000e+04 1.929927929180692558e-01 2.932407828857532817e-01 2.200728265817023244e-01 3.900773782430587144e-01 9.660901228948566566e-02 0.000000000000000000e+00
4.850000000000000000e+04 1.939927555756757460e-01 2.949476558944014726e-01 2.173418297678652578e-01 3.906463359126081114e-01 9.706417842512517213e-02 0.000000000000000000e+00
4.875000000000000000e+04 1.949927182332824582e-01 3.068957669549385314e-01 2.109695038689121394e-01 3.840464269458352398e-01 9.808830223031406170e-02 0.000000000000000000e+00
4.900000000000000000e+04 1.959926808908889484e-01 3.138370505234410746e-01 1.998179335457442030e-01 3.689121529358215801e-01 1.174328629949931702e-01 0.000000000000000000e+00
4.925000000000000000e+04 1.969926435484954386e-01 3.157715065999089910e-01 1.983386436049157930e-01 3.719845243513882349e-01 1.139053254437869811e-01 0.000000000000000000e+00
4.950000000000000000e+04 1.979926062061021508e-01 3.274920345926263243e-01 1.942421483841602070e-01 3.584433318161128756e-01 1.198224852071005930e-01 0.000000000000000000e+00
4.975000000000000000e+04 1.989925688637086409e-01 3.212335002275830687e-01 1.891215293582157453e-01 3.574192080109239722e-01 1.322257624032771861e-01 0.000000000000000000e+00
5.000000000000000000e+04 1.999925315213151311e-01 3.278334091943559403e-01 1.879836140191169791e-01 3.563950842057350687e-01 1.277878925807919841e-01 0.000000000000000000e+00
5.025000000000000000e+04 2.009924941789218433e-01 3.219162494310423561e-01 1.622667273554847522e-01 3.700500682749203185e-01 1.457669549385525731e-01 0.000000000000000000e+00
5.050000000000000000e+04 2.019924568365283335e-01 3.181611288120163583e-01 1.606736458807464796e-01 3.748293126991351643e-01 1.463359126081019701e-01 0.000000000000000000e+00
5.075000000000000000e+04 2.029924194941350457e-01 2.856167501137915066e-01 1.746700045516613453e-01 3.958807464724624636e-01 1.438324988620846567e-01 0.000000000000000000e+00
5.100000000000000000e+04 2.039923821517415359e-01 2.957441966317705950e-01 1.770596267637687682e-01 3.890532544378698110e-01 1.381429221665907980e-01 0.000000000000000000e+00
5.125000000000000000e+04 2.049923448093480260e-01 2.895994538006372299e-01 1.906008192990441552e-01 3.938324988620846567e-01 1.259672280382339582e-01 0.000000000000000000e+00
5.150000000000000000e+04 2.059923074669547383e-01 2.960855712335002110e-01 1.840009103322712836e-01 3.971324533454710926e-01 1.227810650887573990e-01 0.000000000000000000e+00
5.175000000000000000e+04 2.069922701245612284e-01 2.972234865725990050e-01 1.761492944924897552e-01 3.909877105143377274e-01 1.356395084205735124e-01 0.000000000000000000e+00
5.200000000000000000e+04 2.079922327821679406e-01 2.999544833864360438e-01 1.805871643149749572e-01 4.010013654984069253e-01 1.184569868001820597e-01 0.000000000000000000e+00
5.225000000000000000e+04 2.089921954397744308e-01 2.939235320892125691e-01 1.728493400091033194e-01 3.884842967683204140e-01 1.447428311333636697e-01 0.000000000000000000e+00
5.250000000000000000e+04 2.099921580973809210e-01 2.997269003186163183e-01 1.729631315430132099e-01 3.864360491579426626e-01 1.408739189804278646e-01 0.000000000000000000e+00
5.275000000000000000e+04 2.109921207549876332e-01 3.123577605826126646e-01 1.673873463814292140e-01 3.857532999544833752e-01 1.345015930814747462e-01 0.000000000000000000e+00
5.300000000000000000e+04 2.119920834125941234e-01 3.116750113791533772e-01 1.663632225762403383e-01 3.882567137005006885e-01 1.337050523441055960e-01 0.000000000000000000e+00
5.325000000000000000e+04 2.129920460702006135e-01 3.149749658625398130e-01 1.596495220755575761e-01 3.859808830223031562e-01 1.393946290395994547e-01 0.000000000000000000e+00
5.350000000000000000e+04 2.139920087278073257e-01 3.248748293126991205e-01 1.604460628129267263e-01 3.740327719617660418e-01 1.406463359126081114e-01 0.000000000000000000e+00
5.375000000000000000e+04 2.149919713854138159e-01 3.249886208466090110e-01 1.558944014565316338e-01 3.771051433773327521e-01 1.420118343195266308e-01 0.000000000000000000e+00
5.400000000000000000e+04 2.159919340430205281e-01 2.958579881656804855e-01 1.672735548475193512e-01 3.966772872098315861e-01 1.401911697769686049e-01 0.000000000000000000e+00
5.425000000000000000e+04 2.169918967006270183e-01 2.979062357760582369e-01 1.807009558488848477e-01 4.056668183887118806e-01 1.157259899863450209e-01 0.000000000000000000e+00
5.450000000000000000e+04 2.179918593582335085e-01 2.816340464269458388e-01 1.794492489758761911e-01 4.095357305416477134e-01 1.293809740555302568e-01 0.000000000000000000e+00
5.475000000000000000e+04 2.189918220158402207e-01 2.844788347746927681e-01 1.852526172052799402e-01 4.113563950842057393e-01 1.189121529358215801e-01 0.000000000000000000e+00
5.500000000000000000e+04 2.199917846734467108e-01 2.895994538006372299e-01 1.879836140191169791e-01 4.123805188893946427e-01 1.100364132908511622e-01 0.000000000000000000e+00
5.525000000000000000e+04 2.209917473310534231e-01 2.816340464269458388e-01 1.857077833409194467e-01 4.123805188893946427e-01 1.202776513427400995e-01 0.000000000000000000e+00
5.550000000000000000e+04 2.219917099886599132e-01 2.851615839781520001e-01 2.035730541647701453e-01 4.242148384160218666e-01 8.705052344105598805e-02 0.000000000000000000e+00
5.575000000000000000e+04 2.229916726462664034e-01 2.553482020937642427e-01 2.451069640418752915e-01 4.126081019572143682e-01 8.693673190714611143e-02 0.000000000000000000e+00
5.600000000000000000e+04 2.239916353038731156e-01 2.551206190259444617e-01 2.621756941283568398e-01 4.168183887118798170e-01 6.588529813381883982e-02 0.000000000000000000e+00
5.625000000000000000e+04 2.249915979614796058e-01 2.517068730086481354e-01 2.616067364588074429e-01 4.185252617205280079e-01 6.816112881201638607e-02 0.000000000000000000e+00
5.650000000000000000e+04 2.259915606190863180e-01 2.494310423304506030e-01 2.598998634501593075e-01 4.171597633136094885e-01 7.350933090578061491e-02 0.000000000000000000e+00
5.675000000000000000e+04 2.269915232766928082e-01 2.583067819754210070e-01 2.609239872553482109e-01 4.169321802457897075e-01 6.383705052344106068e-02 0.000000000000000000e+00
