# itime ezz other fcc hcp bcc ico
0.000000000000000000e+00 0.000000000000000000e+00 0.000000000000000000e+00 1.000000000000000000e+00 0.000000000000000000e+00 0.000000000000000000e+00 0.000000000000000000e+00
2.500000000000000000e+02 9.999485248508577229e-04 1.137915339098771066e-04 9.998862084660901095e-01 0.000000000000000000e+00 0.000000000000000000e+00 0.000000000000000000e+00
5.000000000000000000e+02 1.999897049701715446e-03 0.000000000000000000e+00 1.000000000000000000e+00 0.000000000000000000e+00 0.000000000000000000e+00 0.000000000000000000e+00
7.500000000000000000e+02 2.999845574552351124e-03 0.000000000000000000e+00 1.000000000000000000e+00 0.000000000000000000e+00 0.000000000000000000e+00 0.000000000000000000e+00
1.000000000000000000e+03 3.999794099403208847e-03 0.000000000000000000e+00 1.000000000000000000e+00 0.000000000000000000e+00 0.000000000000000000e+00 0.000000000000000000e+00
1.250000000000000000e+03 4.999742624254066570e-03 0.000000000000000000e+00 1.000000000000000000e+00 0.000000000000000000e+00 0.000000000000000000e+00 0.000000000000000000e+00
1.500000000000000000e+03 5.999691149104924293e-03 0.000000000000000000e+00 1.000000000000000000e+00 0.000000000000000000e+00 0.000000000000000000e+00 0.000000000000000000e+00
1.750000000000000000e+03 6.999639673955782015e-03 0.000000000000000000e+00 1.000000000000000000e+00 0.000000000000000000e+00 0.000000000000000000e+00 0.000000000000000000e+00
2.000000000000000000e+03 7.999588198806417694e-03 0.000000000000000000e+00 1.000000000000000000e+00 0.000000000000000000e+00 0.000000000000000000e+00 0.000000000000000000e+00
2.250000000000000000e+03 8.999536723657275417e-03 0.000000000000000000e+00 1.000000000000000000e+00 0.000000000000000000e+00 0.000000000000000000e+00 0.000000000000000000e+00
2.500000000000000000e+03 9.999485248508133139e-03 0.000000000000000000e+00 1.000000000000000000e+00 0.000000000000000000e+00 0.000000000000000000e+00 0.000000000000000000e+00
2.750000000000000000e+03 1.099943377335899086e-02 1.137915339098771066e-04 9.998862084660901095e-01 0.000000000000000000e+00 0.000000000000000000e+00 0.000000000000000000e+00
3.000000000000000000e+03 1.199938229820984859e-02 0.000000000000000000e+00 1.000000000000000000e+00 0.000000000000000000e+00 0.000000000000000000e+00 0.000000000000000000e+00
3.250000000000000000e+03 1.299933082306048426e-02 0.000000000000000000e+00 1.000000000000000000e+00 0.000000000000000000e+00 0.000000000000000000e+00 0.000000000000000000e+00
3.500000000000000000e+03 1.399927934791134199e-02 0.000000000000000000e+00 1.000000000000000000e+00 0.000000000000000000e+00 0.000000000000000000e+00 0.000000000000000000e+00
3.750000000000000000e+03 1.499922787276219971e-02 4.551661356395084266e-04 9.995448338643604380e-01 0.000000000000000000e+00 0.000000000000000000e+00 0.000000000000000000e+00
4.000000000000000000e+03 1.599917639761305743e-02 0.000000000000000000e+00 1.000000000000000000e+00 0.000000000000000000e+00 0.000000000000000000e+00 0.000000000000000000e+00
4.250000000000000000e+03 1.699912492246391515e-02 0.000000000000000000e+00 1.000000000000000000e+00 0.000000000000000000e+00 0.000000000000000000e+00 0.000000000000000000e+00
4.500000000000000000e+03 1.799907344731455083e-02 0.000000000000000000e+00 1.000000000000000000e+00 0.000000000000000000e+00 0.000000000000000000e+00 0.000000000000000000e+00
4.750000000000000000e+03 1.899902197216540856e-02 0.000000000000000000e+00 1.000000000000000000e+00 0.000000000000000000e+00 0.000000000000000000e+00 0.000000000000000000e+00
5.000000000000000000e+03 1.999897049701626628e-02 0.000000000000000000e+00 1.000000000000000000e+00 0.000000000000000000e+00 0.000000000000000000e+00 0.000000000000000000e+00
5.250000000000000000e+03 2.099891902186712400e-02 0.000000000000000000e+00 1.000000000000000000e+00 0.000000000000000000e+00 0.000000000000000000e+00 0.000000000000000000e+00
5.500000000000000000e+03 2.199886754671798172e-02 1.137915339098771066e-04 9.998862084660901095e-01 0.000000000000000000e+00 0.000000000000000000e+00 0.000000000000000000e+00
5.750000000000000000e+03 2.299881607156861740e-02 0.000000000000000000e+00 1.000000000000000000e+00 0.000000000000000000e+00 0.000000000000000000e+00 0.000000000000000000e+00
6.000000000000000000e+03 2.399876459641947513e-02 0.000000000000000000e+00 1.000000000000000000e+00 0.000000000000000000e+00 0.000000000000000000e+00 0.000000000000000000e+00
6.250000000000000000e+03 2.499871312127033285e-02 0.000000000000000000e+00 1.000000000000000000e+00 0.000000000000000000e+00 0.000000000000000000e+00 0.000000000000000000e+00
6.500000000000000000e+03 2.599866164612119057e-02 1.137915339098771066e-04 9.998862084660901095e-01 0.000000000000000000e+00 0.000000000000000000e+00 0.000000000000000000e+00
6.750000000000000000e+03 2.699861017097204829e-02 4.551661356395084266e-04 9.995448338643604380e-01 0.000000000000000000e+00 0.000000000000000000e+00 0.000000000000000000e+00
7.000000000000000000e+03 2.799855869582268397e-02 4.551661356395084266e-04 9.995448338643604380e-01 0.000000000000000000e+00 0.000000000000000000e+00 0.000000000000000000e+00
7.250000000000000000e+03 2.899850722067354170e-02 0.000000000000000000e+00 1.000000000000000000e+00 0.000000000000000000e+00 0.000000000000000000e+00 0.000000000000000000e+00
7.500000000000000000e+03 2.999845574552439942e-02 2.275830678197542133e-04 9.997724169321802190e-01 0.000000000000000000e+00 0.000000000000000000e+00 0.000000000000000000e+00
7.750000000000000000e+03 3.099840427037525714e-02 0.000000000000000000e+00 1.000000000000000000e+00 0.000000000000000000e+00 0.000000000000000000e+00 0.000000000000000000e+00
8.000000000000000000e+03 3.199835279522611486e-02 0.000000000000000000e+00 1.000000000000000000e+00 0.000000000000000000e+00 0.000000000000000000e+00 0.000000000000000000e+00
8.250000000000000000e+03 3.299830132007675054e-02 3.413746017296313199e-04 9.996586253982703285e-01 0.000000000000000000e+00 0.000000000000000000e+00 0.000000000000000000e+00
8.500000000000000000e+03 3.399824984492760827e-02 0.000000000000000000e+00 1.000000000000000000e+00 0.000000000000000000e+00 0.000000000000000000e+00 0.000000000000000000e+00
8.750000000000000000e+03 3.499819836977846599e-02 0.000000000000000000e+00 1.000000000000000000e+00 0.000000000000000000e+00 0.000000000000000000e+00 0.000000000000000000e+00
9.000000000000000000e+03 3.599814689462932371e-02 0.000000000000000000e+00 1.000000000000000000e+00 0.000000000000000000e+00 0.000000000000000000e+00 0.000000000000000000e+00
9.250000000000000000e+03 3.699809541948018143e-02 0.000000000000000000e+00 1.000000000000000000e+00 0.000000000000000000e+00 0.000000000000000000e+00 0.000000000000000000e+00
9.500000000000000000e+03 3.799804394433103916e-02 0.000000000000000000e+00 1.000000000000000000e+00 0.000000000000000000e+00 0.000000000000000000e+00 0.000000000000000000e+00
9.750000000000000000e+03 3.899799246918167483e-02 0.000000000000000000e+00 1.000000000000000000e+00 0.000000000000000000e+00 0.000000000000000000e+00 0.000000000000000000e+00
1.000000000000000000e+04 3.999794099403253256e-02 0.000000000000000000e+00 1.000000000000000000e+00 0.000000000000000000e+00 0.000000000000000000e+00 0.000000000000000000e+00
1.025000000000000000e+04 4.099788951888339028e-02 1.137915339098771066e-04 9.998862084660901095e-01 0.000000000000000000e+00 0.000000000000000000e+00 0.000000000000000000e+00
1.050000000000000000e+04 4.199783804373424800e-02 0.000000000000000000e+00 1.000000000000000000e+00 0.000000000000000000e+00 0.000000000000000000e+00 0.000000000000000000e+00
1.075000000000000000e+04 4.299778656858510573e-02 0.000000000000000000e+00 1.000000000000000000e+00 0.000000000000000000e+00 0.000000000000000000e+00 0.000000000000000000e+00
1.100000000000000000e+04 4.399773509343574140e-02 4.551661356395084266e-04 9.995448338643604380e-01 0.000000000000000000e+00 0.000000000000000000e+00 0.000000000000000000e+00
1.125000000000000000e+04 4.499768361828659913e-02 0.000000000000000000e+00 1.000000000000000000e+00 0.000000000000000000e+00 0.000000000000000000e+00 0.000000000000000000e+00
1.150000000000000000e+04 4.599763214313745685e-02 0.000000000000000000e+00 1.000000000000000000e+00 0.000000000000000000e+00 0.000000000000000000e+00 0.000000000000000000e+00
1.175000000000000000e+04 4.699758066798831457e-02 1.137915339098771066e-04 9.997724169321802190e-01 0.000000000000000000e+00 1.137915339098771066e-04 0.000000000000000000e+00
1.200000000000000000e+04 4.799752919283917230e-02 0.000000000000000000e+00 1.000000000000000000e+00 0.000000000000000000e+00 0.000000000000000000e+00 0.000000000000000000e+00
1.225000000000000000e+04 4.899747771768980797e-02 0.000000000000000000e+00 1.000000000000000000e+00 0.000000000000000000e+00 0.000000000000000000e+00 0.000000000000000000e+00
1.250000000000000000e+04 4.999742624254066570e-02 1.137915339098771066e-04 9.998862084660901095e-01 0.000000000000000000e+00 0.000000000000000000e+00 0.000000000000000000e+00
1.275000000000000000e+04 5.099737476739152342e-02 5.689576695493854790e-04 9.994310423304506585e-01 0.000000000000000000e+00 0.000000000000000000e+00 0.000000000000000000e+00
1.300000000000000000e+04 5.199732329224238114e-02 3.413746017296313199e-04 9.996586253982703285e-01 0.000000000000000000e+00 0.000000000000000000e+00 0.000000000000000000e+00
1.325000000000000000e+04 5.299727181709323887e-02 2.275830678197542133e-04 9.997724169321802190e-01 0.000000000000000000e+00 0.000000000000000000e+00 0.000000000000000000e+00
1.350000000000000000e+04 5.399722034194387454e-02 2.275830678197542133e-04 9.997724169321802190e-01 0.000000000000000000e+00 0.000000000000000000e+00 0.000000000000000000e+00
1.375000000000000000e+04 5.499716886679473227e-02 0.000000000000000000e+00 1.000000000000000000e+00 0.000000000000000000e+00 0.000000000000000000e+00 0.000000000000000000e+00
1.400000000000000000e+04 5.599711739164558999e-02 9.103322712790168532e-04 9.990896677287209870e-01 0.000000000000000000e+00 0.000000000000000000e+00 0.000000000000000000e+00
1.425000000000000000e+04 5.699706591649644771e-02 6.827492034592626399e-04 9.993172507965407680e-01 0.000000000000000000e+00 0.000000000000000000e+00 0.000000000000000000e+00
1.450000000000000000e+04 5.799701444134730544e-02 9.103322712790168532e-04 9.990896677287209870e-01 0.000000000000000000e+00 0.000000000000000000e+00 0.000000000000000000e+00
1.475000000000000000e+04 5.899696296619794111e-02 2.275830678197542133e-04 9.997724169321802190e-01 0.000000000000000000e+00 0.000000000000000000e+00 0.000000000000000000e+00
1.500000000000000000e+04 5.999691149104879884e-02 5.689576695493854790e-04 9.994310423304506585e-01 0.000000000000000000e+00 0.000000000000000000e+00 0.000000000000000000e+00
1.525000000000000000e+04 6.099686001589965656e-02 6.827492034592626399e-04 9.993172507965407680e-01 0.000000000000000000e+00 0.000000000000000000e+00 0.000000000000000000e+00
1.550000000000000000e+04 6.199680854075051428e-02 7.965407373691396923e-04 9.992034592626308775e-01 0.000000000000000000e+00 0.000000000000000000e+00 0.000000000000000000e+00
1.575000000000000000e+04 6.299675706560137201e-02 7.965407373691396923e-04 9.992034592626308775e-01 0.000000000000000000e+00 0.000000000000000000e+00 0.000000000000000000e+00
1.600000000000000000e+04 6.399670559045200768e-02 3.413746017296313199e-04 9.996586253982703285e-01 0.000000000000000000e+00 0.000000000000000000e+00 0.000000000000000000e+00
1.625000000000000000e+04 6.499665411530286541e-02 1.593081474738279385e-03 9.982931269913518646e-01 0.000000000000000000e+00 1.137915339098771066e-04 0.000000000000000000e+00
1.650000000000000000e+04 6.599660264015372313e-02 2.275830678197542133e-04 9.997724169321802190e-01 0.000000000000000000e+00 0.000000000000000000e+00 0.000000000000000000e+00
1.675000000000000000e+04 6.699655116500458085e-02 1.251706873008648227e-03 9.987482931269913156e-01 0.000000000000000000e+00 0.000000000000000000e+00 0.000000000000000000e+00
1.700000000000000000e+04 6.799649968985543858e-02 1.024123805188893906e-03 9.989758761948110966e-01 0.000000000000000000e+00 0.000000000000000000e+00 0.000000000000000000e+00
1.725000000000000000e+04 6.899644821470607425e-02 4.551661356395084266e-04 9.995448338643604380e-01 0.000000000000000000e+00 0.000000000000000000e+00 0.000000000000000000e+00
1.750000000000000000e+04 6.999639673955693198e-02 1.593081474738279385e-03 9.984069185252617551e-01 0.000000000000000000e+00 0.000000000000000000e+00 0.000000000000000000e+00
1.775000000000000000e+04 7.099634526440778970e-02 1.251706873008648227e-03 9.987482931269913156e-01 0.000000000000000000e+00 0.000000000000000000e+00 0.000000000000000000e+00
1.800000000000000000e+04 7.199629378925864742e-02 7.965407373691396923e-04 9.992034592626308775e-01 0.000000000000000000e+00 0.000000000000000000e+00 0.000000000000000000e+00
1.825000000000000000e+04 7.299624231410950514e-02 4.551661356395084266e-04 9.995448338643604380e-01 0.000000000000000000e+00 0.000000000000000000e+00 0.000000000000000000e+00
1.850000000000000000e+04 7.399619083896014082e-02 1.706873008648156654e-03 9.982931269913518646e-01 0.000000000000000000e+00 0.000000000000000000e+00 0.000000000000000000e+00
1.875000000000000000e+04 7.499613936381099855e-02 1.137915339098770958e-03 9.988620846609012061e-01 0.000000000000000000e+00 0.000000000000000000e+00 0.000000000000000000e+00
1.900000000000000000e+04 7.599608788866185627e-02 1.365498406918525280e-03 9.986345015930814251e-01 0.000000000000000000e+00 0.000000000000000000e+00 0.000000000000000000e+00
1.925000000000000000e+04 7.699603641351271399e-02 5.689576695493854790e-04 9.994310423304506585e-01 0.000000000000000000e+00 0.000000000000000000e+00 0.000000000000000000e+00
1.950000000000000000e+04 7.799598493836357171e-02 1.820664542558033706e-03 9.981793354574419741e-01 0.000000000000000000e+00 0.000000000000000000e+00 0.000000000000000000e+00
1.975000000000000000e+04 7.899593346321420739e-02 2.275830678197541916e-03 9.977241693218024121e-01 0.000000000000000000e+00 0.000000000000000000e+00 0.000000000000000000e+00
2.000000000000000000e+04 7.999588198806506512e-02 1.365498406918525280e-03 9.986345015930814251e-01 0.000000000000000000e+00 0.000000000000000000e+00 0.000000000000000000e+00
2.025000000000000000e+04 8.099583051291592284e-02 1.479289940828402332e-03 9.984069185252617551e-01 0.000000000000000000e+00 1.137915339098771066e-04 0.000000000000000000e+00
2.050000000000000000e+04 8.199577903776678056e-02 2.389622212107419402e-03 9.976103777878926326e-01 0.000000000000000000e+00 0.000000000000000000e+00 0.000000000000000000e+00
2.075000000000000000e+04 8.299572756261763828e-02 5.689576695493854790e-04 9.994310423304506585e-01 0.000000000000000000e+00 0.000000000000000000e+00 0.000000000000000000e+00
2.100000000000000000e+04 8.399567608746827396e-02 1.593081474738279385e-03 9.982931269913518646e-01 0.000000000000000000e+00 1.137915339098771066e-04 0.000000000000000000e+00
2.125000000000000000e+04 8.499562461231913169e-02 3.186162949476558769e-03 9.963586709148839482e-01 0.000000000000000000e+00 4.551661356395084266e-04 0.000000000000000000e+00
2.150000000000000000e+04 8.599557313716998941e-02 1.137915339098770958e-03 9.988620846609012061e-01 0.000000000000000000e+00 0.000000000000000000e+00 0.000000000000000000e+00
2.175000000000000000e+04 8.699552166202084713e-02 6.827492034592626399e-04 9.992034592626308775e-01 0.000000000000000000e+00 1.137915339098771066e-04 0.000000000000000000e+00
2.200000000000000000e+04 8.799547018687170485e-02 4.665452890304961318e-03 9.951069640418752638e-01 0.000000000000000000e+00 2.275830678197542133e-04 0.000000000000000000e+00
2.225000000000000000e+04 8.899541871172234053e-02 1.820664542558033706e-03 9.981793354574419741e-01 0.000000000000000000e+00 0.000000000000000000e+00 0.000000000000000000e+00
2.250000000000000000e+04 8.999536723657319826e-02 1.365498406918525280e-03 9.984069185252617551e-01 0.000000000000000000e+00 2.275830678197542133e-04 0.000000000000000000e+00
2.275000000000000000e+04 9.099531576142405598e-02 2.503413746017296455e-03 9.974965862539827421e-01 0.000000000000000000e+00 0.000000000000000000e+00 0.000000000000000000e+00
2.300000000000000000e+04 9.199526428627491370e-02 2.389622212107419402e-03 9.976103777878926326e-01 0.000000000000000000e+00 0.000000000000000000e+00 0.000000000000000000e+00
2.325000000000000000e+04 9.299521281112577142e-02 2.275830678197541916e-03 9.977241693218024121e-01 0.000000000000000000e+00 0.000000000000000000e+00 0.000000000000000000e+00
2.350000000000000000e+04 9.399516133597640710e-02 2.844788347746927612e-03 9.971552116522530707e-01 0.000000000000000000e+00 0.000000000000000000e+00 0.000000000000000000e+00
2.375000000000000000e+04 9.499510986082726482e-02 3.641329085116067413e-03 9.962448793809740577e-01 0.000000000000000000e+00 1.137915339098771066e-04 0.000000000000000000e+00
2.400000000000000000e+04 9.599505838567812255e-02 2.730996813837050560e-03 9.971552116522530707e-01 0.000000000000000000e+00 1.137915339098771066e-04 0.000000000000000000e+00
2.425000000000000000e+04 9.699500691052898027e-02 2.617205279927173507e-03 9.972690031861629611e-01 0.000000000000000000e+00 1.137915339098771066e-04 0.000000000000000000e+00
2.450000000000000000e+04 9.799495543537983799e-02 4.437869822485207214e-03 9.954483386436049352e-01 0.000000000000000000e+00 1.137915339098771066e-04 0.000000000000000000e+00
2.475000000000000000e+04 9.899490396023047367e-02 3.755120619025944465e-03 9.961310878470641672e-01 0.000000000000000000e+00 1.137915339098771066e-04 0.000000000000000000e+00
2.500000000000000000e+04 9.999485248508133139e-02 3.072371415566681717e-03 9.969276285844332897e-01 0.000000000000000000e+00 0.000000000000000000e+00 0.000000000000000000e+00
2.525000000000000000e+04 1.009948010099321891e-01 6.372325898953117539e-03 9.935138825671370189e-01 0.000000000000000000e+00 1.137915339098771066e-04 0.000000000000000000e+00
2.550000000000000000e+04 1.019947495347830468e-01 7.624032771961766417e-03 9.923759672280382249e-01 0.000000000000000000e+00 0.000000000000000000e+00 0.000000000000000000e+00
2.575000000000000000e+04 1.029946980596339046e-01 4.779244424214838804e-03 9.951069640418752638e-01 0.000000000000000000e+00 1.137915339098771066e-04 0.000000000000000000e+00
2.600000000000000000e+04 1.039946465844847623e-01 3.299954483386436255e-03 9.967000455166135087e-01 0.000000000000000000e+00 0.000000000000000000e+00 0.000000000000000000e+00
2.625000000000000000e+04 1.049945951093353980e-01 5.348202093764223633e-03 9.946517979062358128e-01 0.000000000000000000e+00 0.000000000000000000e+00 0.000000000000000000e+00
2.650000000000000000e+04 1.059945436341862557e-01 6.030951297223486815e-03 9.939690487027764698e-01 0.000000000000000000e+00 0.000000000000000000e+00 0.000000000000000000e+00
2.675000000000000000e+04 1.069944921590371134e-01 6.144742831133363434e-03 9.938552571688666903e-01 0.000000000000000000e+00 0.000000000000000000e+00 0.000000000000000000e+00
2.700000000000000000e+04 1.079944406838879711e-01 3.527537551206190360e-03 9.963586709148839482e-01 0.000000000000000000e+00 1.137915339098771066e-04 0.000000000000000000e+00
2.725000000000000000e+04 1.089943892087388289e-01 5.689576695493855224e-03 9.943104233045061413e-01 0.000000000000000000e+00 0.000000000000000000e+00 0.000000000000000000e+00
2.750000000000000000e+04 1.099943377335894645e-01 6.144742831133363434e-03 9.938552571688666903e-01 0.000000000000000000e+00 0.000000000000000000e+00 0.000000000000000000e+00
2.775000000000000000e+04 1.109942862584403223e-01 6.144742831133363434e-03 9.938552571688666903e-01 0.000000000000000000e+00 0.000000000000000000e+00 0.000000000000000000e+00
2.800000000000000000e+04 1.119942347832911800e-01 7.737824305871643035e-03 9.922621756941283344e-01 0.000000000000000000e+00 0.000000000000000000e+00 0.000000000000000000e+00
2.825000000000000000e+04 1.129941833081420377e-01 7.965407373691398007e-03 9.919208010923987739e-01 0.000000000000000000e+00 1.137915339098771066e-04 0.000000000000000000e+00
2.850000000000000000e+04 1.139941318329928954e-01 1.240327719617660522e-02 9.875967228038233792e-01 0.000000000000000000e+00 0.000000000000000000e+00 0.000000000000000000e+00
2.875000000000000000e+04 1.149940803578435311e-01 7.055075102412380721e-03 9.928311333636777869e-01 0.000000000000000000e+00 1.137915339098771066e-04 0.000000000000000000e+00
2.900000000000000000e+04 1.159940288826943888e-01 6.030951297223486815e-03 9.939690487027764698e-01 0.000000000000000000e+00 0.000000000000000000e+00 0.000000000000000000e+00
2.925000000000000000e+04 1.169939774075452465e-01 1.069640418752844727e-02 9.893035958124715146e-01 0.000000000000000000e+00 0.000000000000000000e+00 0.000000000000000000e+00
2.950000000000000000e+04 1.179939259323961043e-01 1.092398725534820224e-02 9.888484296768320636e-01 0.000000000000000000e+00 2.275830678197542133e-04 0.000000000000000000e+00
2.975000000000000000e+04 1.189938744572469620e-01 1.388256713700500647e-02 9.860036413290851343e-01 0.000000000000000000e+00 1.137915339098771066e-04 0.000000000000000000e+00
3.000000000000000000e+04 1.199938229820975977e-01 9.899863450159307465e-03 9.901001365498406370e-01 0.000000000000000000e+00 0.000000000000000000e+00 0.000000000000000000e+00
3.025000000000000000e+04 1.209937715069484554e-01 7.737824305871643035e-03 9.922621756941283344e-01 0.000000000000000000e+00 0.000000000000000000e+00 0.000000000000000000e+00
3.050000000000000000e+04 1.219937200317993131e-01 8.989531178880291046e-03 9.910104688211197610e-01 0.000000000000000000e+00 0.000000000000000000e+00 0.000000000000000000e+00
3.075000000000000000e+04 1.229936685566501708e-01 9.217114246700046018e-03 9.907828857532999800e-01 0.000000000000000000e+00 0.000000000000000000e+00 0.000000000000000000e+00
3.100000000000000000e+04 1.239936170815010286e-01 1.297223486572599005e-02 9.870277651342740377e-01 0.000000000000000000e+00 0.000000000000000000e+00 0.000000000000000000e+00
3.125000000000000000e+04 1.249935656063516642e-01 1.695493855257168905e-02 9.830450614474283144e-01 0.000000000000000000e+00 0.000000000000000000e+00 0.000000000000000000e+00
3.150000000000000000e+04 1.259935141312025220e-01 1.137915339098771045e-02 9.886208466090122826e-01 0.000000000000000000e+00 0.000000000000000000e+00 0.000000000000000000e+00
3.175000000000000000e+04 1.269934626560533797e-01 1.319981793354574502e-02 9.868001820664542567e-01 0.000000000000000000e+00 0.000000000000000000e+00 0.000000000000000000e+00
3.200000000000000000e+04 1.279934111809042374e-01 1.615839781520254925e-02 9.838416021847974369e-01 0.000000000000000000e+00 0.000000000000000000e+00 0.000000000000000000e+00
3.225000000000000000e+04 1.289933597057550951e-01 1.649977241693217911e-02 9.833864360491579859e-01 0.000000000000000000e+00 1.137915339098771066e-04 0.000000000000000000e+00
3.250000000000000000e+04 1.299933082306057308e-01 2.207555757851615771e-02 9.778106508875740177e-01 0.000000000000000000e+00 1.137915339098771066e-04 0.000000000000000000e+00
3.275000000000000000e+04 1.309932567554565885e-01 1.319981793354574502e-02 9.868001820664542567e-01 0.000000000000000000e+00 0.000000000000000000e+00 0.000000000000000000e+00
3.300000000000000000e+04 1.319932052803074463e-01 2.014110150204824826e-02 9.798588984979517136e-01 0.000000000000000000e+00 0.000000000000000000e+00 0.000000000000000000e+00
3.325000000000000000e+04 1.329931538051583040e-01 2.014110150204824826e-02 9.795175238962221531e-01 0.000000000000000000e+00 3.413746017296313199e-04 0.000000000000000000e+00
3.350000000000000000e+04 1.339931023300091617e-01 1.649977241693217911e-02 9.832726445152480954e-01 0.000000000000000000e+00 2.275830678197542133e-04 0.000000000000000000e+00
3.375000000000000000e+04 1.349930508548597974e-01 1.661356395084205573e-02 9.833864360491579859e-01 0.000000000000000000e+00 0.000000000000000000e+00 0.000000000000000000e+00
3.400000000000000000e+04 1.359929993797106551e-01 2.844788347746927612e-02 9.715521165225307065e-01 0.000000000000000000e+00 0.000000000000000000e+00 0.000000000000000000e+00
3.425000000000000000e+04 1.369929479045615128e-01 1.854802002730996865e-02 9.813381884387801790e-01 0.000000000000000000e+00 1.137915339098771066e-04 0.000000000000000000e+00
3.450000000000000000e+04 1.379928964294123706e-01 2.332726445152480746e-02 9.766727355484752238e-01 0.000000000000000000e+00 0.000000000000000000e+00 0.000000000000000000e+00
3.475000000000000000e+04 1.389928449542632283e-01 2.230314064633591095e-02 9.773554847519344557e-01 0.000000000000000000e+00 3.413746017296313199e-04 0.000000000000000000e+00
3.500000000000000000e+04 1.399927934791138640e-01 2.901684114701866268e-02 9.709831588529813651e-01 0.000000000000000000e+00 0.000000000000000000e+00 0.000000000000000000e+00
3.525000000000000000e+04 1.409927420039647217e-01 3.095129722348657214e-02 9.689349112426035582e-01 0.000000000000000000e+00 1.137915339098771066e-04 0.000000000000000000e+00
3.550000000000000000e+04 1.419926905288155794e-01 2.344105598543468408e-02 9.763313609467455523e-01 0.000000000000000000e+00 2.275830678197542133e-04 0.000000000000000000e+00
3.575000000000000000e+04 1.429926390536664371e-01 2.526172052799271692e-02 9.747382794720073074e-01 0.000000000000000000e+00 0.000000000000000000e+00 0.000000000000000000e+00
3.600000000000000000e+04 1.439925875785172948e-01 2.617205279927173334e-02 9.738279472007282944e-01 0.000000000000000000e+00 0.000000000000000000e+00 0.000000000000000000e+00
3.625000000000000000e+04 1.449925361033679305e-01 3.060992262175694228e-02 9.691624943104233392e-01 0.000000000000000000e+00 2.275830678197542133e-04 0.000000000000000000e+00
3.650000000000000000e+04 1.459924846282187882e-01 3.482020937642239106e-02 9.651797906235776159e-01 0.000000000000000000e+00 0.000000000000000000e+00 0.000000000000000000e+00
3.675000000000000000e+04 1.469924331530696460e-01 3.538916704597178109e-02 9.644970414201183839e-01 0.000000000000000000e+00 1.137915339098771066e-04 0.000000000000000000e+00
3.700000000000000000e+04 1.479923816779205037e-01 4.176149294492489950e-02 9.580109239872554028e-01 0.000000000000000000e+00 2.275830678197542133e-04 0.000000000000000000e+00
3.725000000000000000e+04 1.489923302027713614e-01 4.164770141101502288e-02 9.583522985889849632e-01 0.000000000000000000e+00 0.000000000000000000e+00 0.000000000000000000e+00
3.750000000000000000e+04 1.499922787276219971e-01 4.255803368229403583e-02 9.574419663177059503e-01 0.000000000000000000e+00 0.000000000000000000e+00 0.000000000000000000e+00
3.775000000000000000e+04 1.509922272524728548e-01 4.858898497951752438e-02 9.512972234865726406e-01 0.000000000000000000e+00 1.137915339098771066e-04 0.000000000000000000e+00
3.800000000000000000e+04 1.519921757773237125e-01 4.881656804733727761e-02 9.511834319526627501e-01 0.000000000000000000e+00 0.000000000000000000e+00 0.000000000000000000e+00
3.825000000000000000e+04 1.529921243021745703e-01 4.358215748748293233e-02 9.564178425125170468e-01 0.000000000000000000e+00 0.000000000000000000e+00 0.000000000000000000e+00
3.850000000000000000e+04 1.539920728270254280e-01 3.925807919890760000e-02 9.606281292671825511e-01 0.000000000000000000e+00 1.137915339098771066e-04 0.000000000000000000e+00
3.875000000000000000e+04 1.549920213518760637e-01 5.029585798816568060e-02 9.497041420118342847e-01 0.000000000000000000e+00 0.000000000000000000e+00 0.000000000000000000e+00
3.900000000000000000e+04 1.559919698767269214e-01 5.678197542102867562e-02 9.431042330450614131e-01 0.000000000000000000e+00 1.137915339098771066e-04 0.000000000000000000e+00
3.925000000000000000e+04 1.569919184015777791e-01 5.814747382794720199e-02 9.417387346381429492e-01 0.000000000000000000e+00 1.137915339098771066e-04 0.000000000000000000e+00
3.950000000000000000e+04 1.579918669264286368e-01 5.803368229403732537e-02 9.419663177059627301e-01 0.000000000000000000e+00 0.000000000000000000e+00 0.000000000000000000e+00
3.975000000000000000e+04 1.589918154512794946e-01 5.939918070095585173e-02 9.406008192990441552e-01 0.000000000000000000e+00 0.000000000000000000e+00 0.000000000000000000e+00
4.000000000000000000e+04 1.599917639761301302e-01 6.326809285389166371e-02 9.365043240782885414e-01 0.000000000000000000e+00 2.275830678197542133e-04 0.000000000000000000e+00
4.025000000000000000e+04 1.609917125009809880e-01 5.644060081929904577e-02 9.434456076467910846e-01 0.000000000000000000e+00 1.137915339098771066e-04 0.000000000000000000e+00
4.050000000000000000e+04 1.619916610258318457e-01 6.588529813381883982e-02 9.340009103322712836e-01 0.000000000000000000e+00 1.137915339098771066e-04 0.000000000000000000e+00
4.075000000000000000e+04 1.629916095506827034e-01 6.998179335457442585e-02 9.300182066454255603e-01 0.000000000000000000e+00 0.000000000000000000e+00 0.000000000000000000e+00
4.100000000000000000e+04 1.639915580755335611e-01 6.736458807464724974e-02 9.326354119253527086e-01 0.000000000000000000e+00 0.000000000000000000e+00 0.000000000000000000e+00
4.125000000000000000e+04 1.649915066003841968e-01 7.510241238051888757e-02 9.247837960855712636e-01 0.000000000000000000e+00 1.137915339098771066e-04 0.000000000000000000e+00
4.150000000000000000e+04 1.659914551252350545e-01 7.862994993172507663e-02 9.212562585343649912e-01 0.000000000000000000e+00 1.137915339098771066e-04 0.000000000000000000e+00
4.175000000000000000e+04 1.669914036500859122e-01 8.659535730541648157e-02 9.132908511606736557e-01 0.000000000000000000e+00 1.137915339098771066e-04 0.000000000000000000e+00
4.200000000000000000e+04 1.679913521749367700e-01 9.399180700955848955e-02 9.060081929904415521e-01 0.000000000000000000e+00 0.000000000000000000e+00 0.000000000000000000e+00
4.225000000000000000e+04 1.689913006997876277e-01 7.635411925352754425e-02 9.236458807464724696e-01 0.000000000000000000e+00 0.000000000000000000e+00 0.000000000000000000e+00
4.250000000000000000e+04 1.699912492246384854e-01 9.069185252617205373e-02 9.093081474738279324e-01 0.000000000000000000e+00 0.000000000000000000e+00 0.000000000000000000e+00
4.275000000000000000e+04 1.709911977494891211e-01 9.387801547564861293e-02 9.061219845243514426e-01 0.000000000000000000e+00 0.000000000000000000e+00 0.000000000000000000e+00
4.300000000000000000e+04 1.719911462743399788e-01 9.512972234865725574e-02 9.048702776513427581e-01 0.000000000000000000e+00 0.000000000000000000e+00 0.000000000000000000e+00
4.325000000000000000e+04 1.729910947991908365e-01 1.010468821119708677e-01 8.989531178880291185e-01 0.000000000000000000e+00 0.000000000000000000e+00 0.000000000000000000e+00
4.350000000000000000e+04 1.739910433240416943e-01 9.808830223031406170e-02 9.019116977696859383e-01 0.000000000000000000e+00 0.000000000000000000e+00 0.000000000000000000e+00
4.375000000000000000e+04 1.749909918488925520e-01 1.134501593081474746e-01 8.865498406918524976e-01 0.000000000000000000e+00 0.000000000000000000e+00 0.000000000000000000e+00
4.400000000000000000e+04 1.759909403737431877e-01 1.093536640873919025e-01 8.904187528447883304e-01 2.275830678197542133e-04 0.000000000000000000e+00 0.000000000000000000e+00
4.425000000000000000e+04 1.769908888985940454e-01 1.312016385980883104e-01 8.685707783340919086e-01 1.137915339098771066e-04 1.137915339098771066e-04 0.000000000000000000e+00
4.450000000000000000e+04 1.779908374234449031e-01 1.256258534365043145e-01 8.741465634956758768e-01 2.275830678197542133e-04 0.000000000000000000e+00 0.000000000000000000e+00
4.475000000000000000e+04 1.789907859482957608e-01 1.341602184797451025e-01 8.654984069185253093e-01 2.275830678197542133e-04 1.137915339098771066e-04 0.000000000000000000e+00
4.500000000000000000e+04 1.799907344731466186e-01 1.418980427856167403e-01 8.576467910787437532e-01 4.551661356395084266e-04 0.000000000000000000e+00 0.000000000000000000e+00
4.525000000000000000e+04 1.809906829979972542e-01 1.469048702776513393e-01 8.528675466545289074e-01 1.137915339098771066e-04 1.137915339098771066e-04 0.000000000000000000e+00
4.550000000000000000e+04 1.819906315228481120e-01 1.516841147018661851e-01 8.478607191624942807e-01 3.413746017296313199e-04 1.137915339098771066e-04 0.000000000000000000e+00
4.575000000000000000e+04 1.829905800476989697e-01 1.578288575329995502e-01 8.394401456531633832e-01 2.730996813837050560e-03 0.000000000000000000e+00 0.000000000000000000e+00
4.600000000000000000e+04 1.839905285725498274e-01 1.704597177969958965e-01 8.236231224396904915e-01 5.689576695493855224e-03 2.275830678197542133e-04 0.000000000000000000e+00
4.625000000000000000e+04 1.849904770974006851e-01 1.978834774692762866e-01 7.933545744196631722e-01 8.534365043240782836e-03 2.275830678197542133e-04 0.000000000000000000e+00
4.650000000000000000e+04 1.859904256222513208e-01 2.157487482931269851e-01 7.710514337733272994e-01 1.240327719617660522e-02 7.965407373691396923e-04 0.000000000000000000e+00
4.675000000000000000e+04 1.869903741471021785e-01 2.818616294947655643e-01 6.936731907146108655e-01 2.309968138370505075e-02 1.365498406918525280e-03 0.000000000000000000e+00
4.700000000000000000e+04 1.879903226719530362e-01 3.574192080109239722e-01 5.928538916704597650e-01 4.415111515703231543e-02 5.575785161583977738e-03 0.000000000000000000e+00
4.725000000000000000e+04 1.889902711968038940e-01 4.162494310423304755e-01 5.026172052799271484e-01 7.282658170232134132e-02 8.306781975421027864e-03 0.000000000000000000e+00
4.750000000000000000e+04 1.899902197216547517e-01 4.217114246700045532e-01 4.573281747837960598e-01 1.061675011379153433e-01 1.479289940828402289e-02 0.000000000000000000e+00
4.775000000000000000e+04 1.909901682465053874e-01 3.980427856167501055e-01 4.593764223941738667e-01 1.313154301319981732e-01 1.126536185707783383e-02 0.000000000000000000e+00
4.800000000000000000e+04 1.919901167713562451e-01 3.830223031406463363e-01 4.617660446062812896e-01 1.440600819299044100e-01 1.115157032316795548e-02 0.000000000000000000e+00
4.825000000000000000e+04 1.929900652962071028e-01 3.724396904870277414e-01 4.617660446062812896e-01 1.552116522530723741e-01 1.058261265361857065e-02 0.000000000000000000e+00
4.850000000000000000e+04 1.939900138210579605e-01 3.540054619936277014e-01 4.637005006827492060e-01 1.721665908056440597e-01 1.012744651797906244e-02 0.000000000000000000e+00
4.875000000000000000e+04 1.949899623459088183e-01 3.452435138825671324e-01 4.676832043695949293e-01 1.760355029585798925e-01 1.103777878925807886e-02 0.000000000000000000e+00
4.900000000000000000e+04 1.959899108707594539e-01 3.505917159763313751e-01 4.635867091488393155e-01 1.739872553482020856e-01 1.183431952662721866e-02 0.000000000000000000e+00
4.925000000000000000e+04 1.969898593956103117e-01 3.475193445607646647e-01 4.624487938097405770e-01 1.793354574419663283e-01 1.069640418752844727e-02 0.000000000000000000e+00
4.950000000000000000e+04 1.979898079204611694e-01 3.447883477469276259e-01 4.676832043695949293e-01 1.787664997724169313e-01 8.761948111060537808e-03 0.000000000000000000e+00
4.975000000000000000e+04 1.989897564453120271e-01 3.495675921711424716e-01 4.692762858443331742e-01 1.717114246700045532e-01 9.444697314519799256e-03 0.000000000000000000e+00
5.000000000000000000e+04 1.999897049701628848e-01 3.471779699590350488e-01 4.737141556668184039e-01 1.693218024578971304e-01 9.786071916249430847e-03 0.000000000000000000e+00
5.025000000000000000e+04 2.009896534950135205e-01 3.518434228493400040e-01 4.701866181156121871e-01 1.696631770596267741e-01 8.306781975421027864e-03 0.000000000000000000e+00
5.050000000000000000e+04 2.019896020198643782e-01 3.487710514337733492e-01 4.688211197086936677e-01 1.753527537551206328e-01 7.055075102412380721e-03 0.000000000000000000e+00
5.075000000000000000e+04 2.029895505447152360e-01 3.412608101957214646e-01 4.741693218024579104e-01 1.755803368229403860e-01 8.989531178880291046e-03 0.000000000000000000e+00
5.100000000000000000e+04 2.039894990695660937e-01 3.384160218479745352e-01 4.754210286754665393e-01 1.787664997724169313e-01 7.396449704142011444e-03 0.000000000000000000e+00
5.125000000000000000e+04 2.049894475944169514e-01 3.427401001365498190e-01 4.696176604460627901e-01 1.807009558488848477e-01 6.941283568502503235e-03 0.000000000000000000e+00
5.150000000000000000e+04 2.059893961192675871e-01 3.381884387801547542e-01 4.745106964041875264e-01 1.780837505689576716e-01 9.217114246700046018e-03 0.000000000000000000e+00
5.175000000000000000e+04 2.069893446441184448e-01 3.397815202548930547e-01 4.683659535730541612e-01 1.818388711879836139e-01 1.001365498406918582e-02 0.000000000000000000e+00
5.200000000000000000e+04 2.079892931689693025e-01 3.304506144742830887e-01 4.797451069640418786e-01 1.810423304506144637e-01 8.761948111060537808e-03 0.000000000000000000e+00
5.225000000000000000e+04 2.089892416938201603e-01 3.265817023213473114e-01 4.812243969048702885e-01 1.833181611288120239e-01 8.875739644970414427e-03 0.000000000000000000e+00
5.250000000000000000e+04 2.099891902186710180e-01 3.282885753299954468e-01 4.817933545744196855e-01 1.816112881201638607e-01 8.306781975421027864e-03 0.000000000000000000e+00
5.275000000000000000e+04 2.109891387435216537e-01 3.237369139736003820e-01 4.846381429221666148e-01 1.834319526627218866e-01 8.192990441511151245e-03 0.000000000000000000e+00
5.300000000000000000e+04 2.119890872683725114e-01 3.294264906690942407e-01 4.789485662266727561e-01 1.835457441966317771e-01 8.079198907601274626e-03 0.000000000000000000e+00
5.325000000000000000e+04 2.129890357932233691e-01 3.274920345926263243e-01 4.814519799726900140e-01 1.826354119253527641e-01 8.420573509330906217e-03 0.000000000000000000e+00
5.350000000000000000e+04 2.139889843180742268e-01 3.175921711424670169e-01 4.895311788802912956e-01 1.854802002730996935e-01 7.396449704142011444e-03 0.000000000000000000e+00
5.375000000000000000e+04 2.149889328429250845e-01 3.138370505234410746e-01 4.897587619481110766e-01 1.868456986800182129e-01 9.558488848429677609e-03 0.000000000000000000e+00
5.400000000000000000e+04 2.159888813677757202e-01 3.181611288120163583e-01 4.905553026854801990e-01 1.821802457897132577e-01 9.103322712790167665e-03 0.000000000000000000e+00
5.425000000000000000e+04 2.169888298926265779e-01 3.165680473372781134e-01 4.893035958124715701e-01 1.850250341374601593e-01 9.103322712790167665e-03 0.000000000000000000e+00
5.450000000000000000e+04 2.179887784174774357e-01 3.218024578971324656e-01 4.845243513882567243e-01 1.858215748748293095e-01 7.851615839781519654e-03 0.000000000000000000e+00
5.475000000000000000e+04 2.189887269423282934e-01 3.161128812016386069e-01 4.880518889394628856e-01 1.852526172052799402e-01 1.058261265361857065e-02 0.000000000000000000e+00
5.500000000000000000e+04 2.199886754671791511e-01 3.167956304050978389e-01 4.894173873463814051e-01 1.837733272644515303e-01 1.001365498406918582e-02 0.000000000000000000e+00
5.525000000000000000e+04 2.209886239920297868e-01 3.150887573964497035e-01 4.904415111515703085e-01 1.871870732817478289e-01 7.282658170232134826e-03 0.000000000000000000e+00
5.550000000000000000e+04 2.219885725168806445e-01 3.175921711424670169e-01 4.935138825671370189e-01 1.827492034592626269e-01 6.144742831133363434e-03 0.000000000000000000e+00
5.575000000000000000e+04 2.229885210417315022e-01 3.148611743286299225e-01 4.899863450159308020e-01 1.860491579426490627e-01 9.103322712790167665e-03 0.000000000000000000e+00
5.600000000000000000e+04 2.239884695665823600e-01 3.136094674556212936e-01 4.947655894401456478e-01 1.847974510696404060e-01 6.827492034592626616e-03 0.000000000000000000e+00
5.625000000000000000e+04 2.249884180914332177e-01 3.180473372781065233e-01 4.875967228038233792e-01 1.868456986800182129e-01 7.510241238051888930e-03 0.000000000000000000e+00
5.650000000000000000e+04 2.259883666162838534e-01 3.192990441511151523e-01 4.881656804733727761e-01 1.866181156121984597e-01 5.917159763313609329e-03 0.000000000000000000e+00
5.675000000000000000e+04 2.269883151411347111e-01 3.200955848884842747e-01 4.875967228038233792e-01 1.849112426035502965e-01 7.396449704142011444e-03 0.000000000000000000e+00
