# itime ezz other fcc hcp bcc ico
0.000000000000000000e+00 0.000000000000000000e+00 7.965407373691396923e-04 9.992034592626308775e-01 0.000000000000000000e+00 0.000000000000000000e+00 0.000000000000000000e+00
4.000000000000000000e+03 1.000020663689316081e-03 7.965407373691396923e-04 9.992034592626308775e-01 0.000000000000000000e+00 0.000000000000000000e+00 0.000000000000000000e+00
8.000000000000000000e+03 2.000041327378632161e-03 1.137915339098771066e-04 9.998862084660901095e-01 0.000000000000000000e+00 0.000000000000000000e+00 0.000000000000000000e+00
1.200000000000000000e+04 3.000061991067948242e-03 2.275830678197542133e-04 9.997724169321802190e-01 0.000000000000000000e+00 0.000000000000000000e+00 0.000000000000000000e+00
1.600000000000000000e+04 4.000082654757264322e-03 3.413746017296313199e-04 9.996586253982703285e-01 0.000000000000000000e+00 0.000000000000000000e+00 0.000000000000000000e+00
2.000000000000000000e+04 5.000103318446802447e-03 1.251706873008648227e-03 9.987482931269913156e-01 0.000000000000000000e+00 0.000000000000000000e+00 0.000000000000000000e+00
2.400000000000000000e+04 6.000123982136118528e-03 1.137915339098770958e-03 9.988620846609012061e-01 0.000000000000000000e+00 0.000000000000000000e+00 0.000000000000000000e+00
2.800000000000000000e+04 7.000144645825434608e-03 9.103322712790168532e-04 9.990896677287209870e-01 0.000000000000000000e+00 0.000000000000000000e+00 0.000000000000000000e+00
3.200000000000000000e+04 8.000165309514750689e-03 1.024123805188893906e-03 9.989758761948110966e-01 0.000000000000000000e+00 0.000000000000000000e+00 0.000000000000000000e+00
3.600000000000000000e+04 9.000185973204066769e-03 1.024123805188893906e-03 9.989758761948110966e-01 0.000000000000000000e+00 0.000000000000000000e+00 0.000000000000000000e+00
4.000000000000000000e+04 1.000020663689338285e-02 2.503413746017296455e-03 9.974965862539827421e-01 0.000000000000000000e+00 0.000000000000000000e+00 0.000000000000000000e+00
4.400000000000000000e+04 1.100022730058269893e-02 4.551661356395084266e-04 9.995448338643604380e-01 0.000000000000000000e+00 0.000000000000000000e+00 0.000000000000000000e+00
4.800000000000000000e+04 1.200024796427201501e-02 1.251706873008648227e-03 9.987482931269913156e-01 0.000000000000000000e+00 0.000000000000000000e+00 0.000000000000000000e+00
5.200000000000000000e+04 1.300026862796133109e-02 9.103322712790168532e-04 9.990896677287209870e-01 0.000000000000000000e+00 0.000000000000000000e+00 0.000000000000000000e+00
5.600000000000000000e+04 1.400028929165086922e-02 2.162039144287664864e-03 9.978379608557123026e-01 0.000000000000000000e+00 0.000000000000000000e+00 0.000000000000000000e+00
6.000000000000000000e+04 1.500030995534018530e-02 1.593081474738279385e-03 9.980655439235320836e-01 0.000000000000000000e+00 3.413746017296313199e-04 0.000000000000000000e+00
6.400000000000000000e+04 1.600033061902950138e-02 9.103322712790168532e-04 9.990896677287209870e-01 0.000000000000000000e+00 0.000000000000000000e+00 0.000000000000000000e+00
6.800000000000000000e+04 1.700035128271881746e-02 2.389622212107419402e-03 9.976103777878926326e-01 0.000000000000000000e+00 0.000000000000000000e+00 0.000000000000000000e+00
7.200000000000000000e+04 1.800037194640813354e-02 9.103322712790168532e-04 9.990896677287209870e-01 0.000000000000000000e+00 0.000000000000000000e+00 0.000000000000000000e+00
7.600000000000000000e+04 1.900039261009744962e-02 1.820664542558033706e-03 9.981793354574419741e-01 0.000000000000000000e+00 0.000000000000000000e+00 0.000000000000000000e+00
8.000000000000000000e+04 2.000041327378676570e-02 3.868912152935821518e-03 9.961310878470641672e-01 0.000000000000000000e+00 0.000000000000000000e+00 0.000000000000000000e+00
8.400000000000000000e+04 2.100043393747608178e-02 3.072371415566681717e-03 9.969276285844332897e-01 0.000000000000000000e+00 0.000000000000000000e+00 0.000000000000000000e+00
8.800000000000000000e+04 2.200045460116561991e-02 3.186162949476558769e-03 9.965862539827037292e-01 0.000000000000000000e+00 2.275830678197542133e-04 0.000000000000000000e+00
9.200000000000000000e+04 2.300047526485493599e-02 2.389622212107419402e-03 9.976103777878926326e-01 0.000000000000000000e+00 0.000000000000000000e+00 0.000000000000000000e+00
9.600000000000000000e+04 2.400049592854425207e-02 3.413746017296313308e-03 9.965862539827037292e-01 0.000000000000000000e+00 0.000000000000000000e+00 0.000000000000000000e+00
1.000000000000000000e+05 2.500051659223356815e-02 3.755120619025944465e-03 9.962448793809740577e-01 0.000000000000000000e+00 0.000000000000000000e+00 0.000000000000000000e+00
1.040000000000000000e+05 2.600053725592288423e-02 1.251706873008648227e-03 9.987482931269913156e-01 0.000000000000000000e+00 0.000000000000000000e+00 0.000000000000000000e+00
1.080000000000000000e+05 2.700055791961220031e-02 3.072371415566681717e-03 9.969276285844332897e-01 0.000000000000000000e+00 0.000000000000000000e+00 0.000000000000000000e+00
1.120000000000000000e+05 2.800057858330151639e-02 2.048247610377787811e-03 9.979517523896221931e-01 0.000000000000000000e+00 0.000000000000000000e+00 0.000000000000000000e+00
1.160000000000000000e+05 2.900059924699083247e-02 4.551661356395083832e-03 9.954483386436049352e-01 0.000000000000000000e+00 0.000000000000000000e+00 0.000000000000000000e+00
1.200000000000000000e+05 3.000061991068014855e-02 2.503413746017296455e-03 9.973827947200728516e-01 0.000000000000000000e+00 1.137915339098771066e-04 0.000000000000000000e+00
1.240000000000000000e+05 3.100064057436968668e-02 3.641329085116067413e-03 9.962448793809740577e-01 0.000000000000000000e+00 1.137915339098771066e-04 0.000000000000000000e+00
1.280000000000000000e+05 3.200066123805900276e-02 4.096495220755575623e-03 9.957897132453344957e-01 0.000000000000000000e+00 1.137915339098771066e-04 0.000000000000000000e+00
1.320000000000000000e+05 3.300068190174831884e-02 6.030951297223486815e-03 9.938552571688666903e-01 0.000000000000000000e+00 1.137915339098771066e-04 0.000000000000000000e+00
1.360000000000000000e+05 3.400070256543763492e-02 4.096495220755575623e-03 9.959035047792443862e-01 0.000000000000000000e+00 0.000000000000000000e+00 0.000000000000000000e+00
1.400000000000000000e+05 3.500072322912695100e-02 3.413746017296313308e-03 9.965862539827037292e-01 0.000000000000000000e+00 0.000000000000000000e+00 0.000000000000000000e+00
1.440000000000000000e+05 3.600074389281626708e-02 5.917159763313609329e-03 9.939690487027764698e-01 0.000000000000000000e+00 1.137915339098771066e-04 0.000000000000000000e+00
1.480000000000000000e+05 3.700076455650558316e-02 5.575785161583977738e-03 9.943104233045061413e-01 0.000000000000000000e+00 1.137915339098771066e-04 0.000000000000000000e+00
1.520000000000000000e+05 3.800078522019489924e-02 3.641329085116067413e-03 9.961310878470641672e-01 0.000000000000000000e+00 2.275830678197542133e-04 0.000000000000000000e+00
1.560000000000000000e+05 3.900080588388421532e-02 6.258534365043240920e-03 9.935138825671370189e-01 0.000000000000000000e+00 2.275830678197542133e-04 0.000000000000000000e+00
1.600000000000000000e+05 4.000082654757375344e-02 7.965407373691398007e-03 9.919208010923987739e-01 0.000000000000000000e+00 1.137915339098771066e-04 0.000000000000000000e+00
1.640000000000000000e+05 4.100084721126306952e-02 1.001365498406918582e-02 9.895311788802912956e-01 0.000000000000000000e+00 4.551661356395084266e-04 0.000000000000000000e+00
1.680000000000000000e+05 4.200086787495238561e-02 7.851615839781519654e-03 9.915794264906691025e-01 0.000000000000000000e+00 5.689576695493854790e-04 0.000000000000000000e+00
1.720000000000000000e+05 4.300088853864170169e-02 8.420573509330906217e-03 9.911242603550295405e-01 0.000000000000000000e+00 4.551661356395084266e-04 0.000000000000000000e+00
1.760000000000000000e+05 4.400090920233101777e-02 7.282658170232134826e-03 9.922621756941283344e-01 0.000000000000000000e+00 4.551661356395084266e-04 0.000000000000000000e+00
1.800000000000000000e+05 4.500092986602033385e-02 7.965407373691398007e-03 9.916932180245789930e-01 0.000000000000000000e+00 3.413746017296313199e-04 0.000000000000000000e+00
1.840000000000000000e+05 4.600095052970964993e-02 1.228948566226672687e-02 9.870277651342740377e-01 0.000000000000000000e+00 6.827492034592626399e-04 0.000000000000000000e+00
1.880000000000000000e+05 4.700097119339896601e-02 1.160673645880746542e-02 9.879380974055530507e-01 0.000000000000000000e+00 4.551661356395084266e-04 0.000000000000000000e+00
1.920000000000000000e+05 4.800099185708828209e-02 1.376877560309512985e-02 9.858898497951752438e-01 0.000000000000000000e+00 3.413746017296313199e-04 0.000000000000000000e+00
1.960000000000000000e+05 4.900101252077782021e-02 9.672280382339554228e-03 9.902139280837505275e-01 0.000000000000000000e+00 1.137915339098771066e-04 0.000000000000000000e+00
2.000000000000000000e+05 5.000103318446713629e-02 1.149294492489758707e-02 9.877105143377332697e-01 0.000000000000000000e+00 7.965407373691396923e-04 0.000000000000000000e+00
2.040000000000000000e+05 5.100105384815645237e-02 1.103777878925807886e-02 9.887346381429221731e-01 0.000000000000000000e+00 2.275830678197542133e-04 0.000000000000000000e+00
2.080000000000000000e+05 5.200107451184576846e-02 1.399635867091488309e-02 9.852071005917160118e-01 0.000000000000000000e+00 7.965407373691396923e-04 0.000000000000000000e+00
2.120000000000000000e+05 5.300109517553508454e-02 1.627218934911242587e-02 9.831588529813382049e-01 0.000000000000000000e+00 5.689576695493854790e-04 0.000000000000000000e+00
2.160000000000000000e+05 5.400111583922440062e-02 1.923076923076923184e-02 9.797451069640418231e-01 0.000000000000000000e+00 1.024123805188893906e-03 0.000000000000000000e+00
2.200000000000000000e+05 5.500113650291371670e-02 1.661356395084205573e-02 9.825898953117887524e-01 0.000000000000000000e+00 7.965407373691396923e-04 0.000000000000000000e+00
2.240000000000000000e+05 5.600115716660303278e-02 2.127901684114701791e-02 9.778106508875740177e-01 0.000000000000000000e+00 9.103322712790168532e-04 0.000000000000000000e+00
2.280000000000000000e+05 5.700117783029234886e-02 1.718252162039144229e-02 9.820209376422394110e-01 0.000000000000000000e+00 7.965407373691396923e-04 0.000000000000000000e+00
2.320000000000000000e+05 5.800119849398188698e-02 2.719617660446062984e-02 9.718934911242603780e-01 0.000000000000000000e+00 9.103322712790168532e-04 0.000000000000000000e+00
2.360000000000000000e+05 5.900121915767120306e-02 2.810650887573964626e-02 9.701866181156122426e-01 0.000000000000000000e+00 1.706873008648156654e-03 0.000000000000000000e+00
2.400000000000000000e+05 6.000123982136051914e-02 2.435138825671370050e-02 9.731451979972689514e-01 0.000000000000000000e+00 2.503413746017296455e-03 0.000000000000000000e+00
2.440000000000000000e+05 6.100126048504983522e-02 2.048247610377787811e-02 9.789485662266727006e-01 0.000000000000000000e+00 5.689576695493854790e-04 0.000000000000000000e+00
2.480000000000000000e+05 6.200128114873915131e-02 2.651342740100136666e-02 9.722348657259899385e-01 0.000000000000000000e+00 1.251706873008648227e-03 0.000000000000000000e+00
2.520000000000000000e+05 6.300130181242846739e-02 3.311333636777423484e-02 9.652935821574875064e-01 0.000000000000000000e+00 1.593081474738279385e-03 0.000000000000000000e+00
2.560000000000000000e+05 6.400132247611778347e-02 3.140646335912607862e-02 9.665452890304960798e-01 0.000000000000000000e+00 2.048247610377787811e-03 0.000000000000000000e+00
2.600000000000000000e+05 6.500134313980709955e-02 2.935821574874829254e-02 9.681383705052344357e-01 0.000000000000000000e+00 2.503413746017296455e-03 0.000000000000000000e+00
2.640000000000000000e+05 6.600136380349663767e-02 3.698224852071006069e-02 9.609695038689121116e-01 0.000000000000000000e+00 2.048247610377787811e-03 0.000000000000000000e+00
2.680000000000000000e+05 6.700138446718595375e-02 4.130632680928538608e-02 9.569868001820664993e-01 0.000000000000000000e+00 1.706873008648156654e-03 0.000000000000000000e+00
2.720000000000000000e+05 6.800140513087526983e-02 4.369594902139280895e-02 9.540282203004096795e-01 0.000000000000000000e+00 2.275830678197541916e-03 0.000000000000000000e+00
2.760000000000000000e+05 6.900142579456458591e-02 4.938552571688666071e-02 9.468593536640873554e-01 0.000000000000000000e+00 3.755120619025944465e-03 0.000000000000000000e+00
2.800000000000000000e+05 7.000144645825390199e-02 4.915794264906690747e-02 9.476558944014564778e-01 0.000000000000000000e+00 3.186162949476558769e-03 0.000000000000000000e+00
2.840000000000000000e+05 7.100146712194321807e-02 5.188893946290396020e-02 9.436731907146108655e-01 0.000000000000000000e+00 4.437869822485207214e-03 0.000000000000000000e+00
2.880000000000000000e+05 7.200148778563253416e-02 5.382339553937186966e-02 9.428766499772417431e-01 0.000000000000000000e+00 3.299954483386436255e-03 0.000000000000000000e+00
2.920000000000000000e+05 7.300150844932185024e-02 5.427856167501137613e-02 9.419663177059627301e-01 0.000000000000000000e+00 3.755120619025944465e-03 0.000000000000000000e+00
2.960000000000000000e+05 7.400152911301116632e-02 6.599908966772871644e-02 9.286527082385070964e-01 0.000000000000000000e+00 5.348202093764223633e-03 0.000000000000000000e+00
3.000000000000000000e+05 7.500154977670070444e-02 6.383705052344106068e-02 9.312699135184342447e-01 0.000000000000000000e+00 4.893035958124715423e-03 0.000000000000000000e+00
3.040000000000000000e+05 7.600157044039002052e-02 7.828857532999544677e-02 9.143149749658625591e-01 0.000000000000000000e+00 7.396449704142011444e-03 0.000000000000000000e+00
3.080000000000000000e+05 7.700159110407933660e-02 8.443331816112881194e-02 9.048702776513427581e-01 0.000000000000000000e+00 1.069640418752844727e-02 0.000000000000000000e+00
3.120000000000000000e+05 7.800161176776865268e-02 9.774692762858443185e-02 8.906463359126081114e-01 0.000000000000000000e+00 1.160673645880746542e-02 0.000000000000000000e+00
3.160000000000000000e+05 7.900163243145796876e-02 1.013882567137004975e-01 8.851843422849340337e-01 0.000000000000000000e+00 1.342740100136549826e-02 0.000000000000000000e+00
3.200000000000000000e+05 8.000165309514728484e-02 9.410559854346836617e-02 8.912152935821574529e-01 0.000000000000000000e+00 1.467910787437414627e-02 0.000000000000000000e+00
3.240000000000000000e+05 8.100167375883660092e-02 1.372325898953117851e-01 8.320436959490213891e-01 1.137915339098771066e-04 3.060992262175694228e-02 0.000000000000000000e+00
3.280000000000000000e+05 8.200169442252591701e-02 5.484751934456076616e-02 6.912835685025033872e-01 2.421483841602184717e-01 1.172052799271734204e-02 0.000000000000000000e+00
3.320000000000000000e+05 8.300171508621523309e-02 6.269913518434228061e-02 6.854802002730996380e-01 2.436276741010468816e-01 8.192990441511151245e-03 0.000000000000000000e+00
3.360000000000000000e+05 8.400173574990477121e-02 5.860263996358670846e-02 6.867319071461083224e-01 2.444242148384160318e-01 1.024123805188893906e-02 0.000000000000000000e+00
3.400000000000000000e+05 8.500175641359408729e-02 5.518889394629039602e-02 6.893491124260354708e-01 2.454483386436049075e-01 1.001365498406918582e-02 0.000000000000000000e+00
3.440000000000000000e+05 8.600177707728340337e-02 6.781975421028675621e-02 6.802457897132453413e-01 2.423759672280382249e-01 9.558488848429677609e-03 0.000000000000000000e+00
3.480000000000000000e+05 8.700179774097271945e-02 6.508875739644970349e-02 6.825216203914429292e-01 2.419208010923987184e-01 1.046882111970869403e-02 0.000000000000000000e+00
3.520000000000000000e+05 8.800181840466203553e-02 6.338188438780155420e-02 6.841147018661811741e-01 2.456759217114246607e-01 6.827492034592626616e-03 0.000000000000000000e+00
3.560000000000000000e+05 8.900183906835135161e-02 7.168866636322257513e-02 6.770596267637687404e-01 2.452207555757851543e-01 6.030951297223486815e-03 0.000000000000000000e+00
3.600000000000000000e+05 9.000185973204066769e-02 6.338188438780155420e-02 6.802457897132453413e-01 2.454483386436049075e-01 1.092398725534820224e-02 0.000000000000000000e+00
3.640000000000000000e+05 9.100188039572998377e-02 6.884387801547564578e-02 6.781975421028675344e-01 2.423759672280382249e-01 1.058261265361857065e-02 0.000000000000000000e+00
3.680000000000000000e+05 9.200190105941929986e-02 6.929904415111515226e-02 6.780837505689576439e-01 2.438552571688666348e-01 8.761948111060537808e-03 0.000000000000000000e+00
3.720000000000000000e+05 9.300192172310883798e-02 7.191624943104232837e-02 6.730769230769231282e-01 2.435138825671370189e-01 1.149294492489758707e-02 0.000000000000000000e+00
3.760000000000000000e+05 9.400194238679815406e-02 8.739189804278561791e-02 6.614701866181156298e-01 2.397587619481110488e-01 1.137915339098771045e-02 0.000000000000000000e+00
3.800000000000000000e+05 9.500196305048747014e-02 8.454710969503868856e-02 6.642011834319526686e-01 2.395311788802912956e-01 1.172052799271734204e-02 0.000000000000000000e+00
3.840000000000000000e+05 9.600198371417678622e-02 8.761948111060537114e-02 6.590805644060081514e-01 2.435138825671370189e-01 9.786071916249430847e-03 0.000000000000000000e+00
3.880000000000000000e+05 9.700200437786610230e-02 8.659535730541648157e-02 6.595357305416477134e-01 2.421483841602184717e-01 1.172052799271734204e-02 0.000000000000000000e+00
3.920000000000000000e+05 9.800202504155541838e-02 8.955393718707328754e-02 6.574874829312699065e-01 2.407828857532999522e-01 1.217569412835685025e-02 0.000000000000000000e+00
3.960000000000000000e+05 9.900204570524473446e-02 9.012289485662267063e-02 6.555530268548019901e-01 2.401001365498406925e-01 1.422394173873463806e-02 0.000000000000000000e+00
4.000000000000000000e+05 1.000020663689340505e-01 1.015020482476103741e-01 6.486117432862994470e-01 2.382794720072826666e-01 1.160673645880746542e-02 0.000000000000000000e+00
4.040000000000000000e+05 1.010020870326233666e-01 1.129949931725079681e-01 6.330223031406463363e-01 2.372553482020937632e-01 1.672735548475193582e-02 0.000000000000000000e+00
4.080000000000000000e+05 1.020021076963129047e-01 1.062812926718252199e-01 6.379153390987710726e-01 2.407828857532999522e-01 1.502048247610377786e-02 0.000000000000000000e+00
4.120000000000000000e+05 1.030021283600022208e-01 1.211879836140191125e-01 6.233500227583067543e-01 2.382794720072826666e-01 1.718252162039144229e-02 0.000000000000000000e+00
4.160000000000000000e+05 1.040021490236915369e-01 1.340464269458352398e-01 6.096950386891215601e-01 2.322485207100591642e-01 2.401001365498407064e-02 0.000000000000000000e+00
4.200000000000000000e+05 1.050021696873808530e-01 1.430359581247155343e-01 5.923987255348202030e-01 2.279244424214838527e-01 3.664087391898043083e-02 0.000000000000000000e+00
4.240000000000000000e+05 1.060021903510701691e-01 1.289258079198907503e-01 6.166363222576239922e-01 2.324761037778789174e-01 2.196176604460628110e-02 0.000000000000000000e+00
4.280000000000000000e+05 1.070022110147594852e-01 1.553254437869822369e-01 5.797678652708238012e-01 2.262175694128356895e-01 3.868912152935821691e-02 0.000000000000000000e+00
4.320000000000000000e+05 1.080022316784488012e-01 1.654528903049612976e-01 5.588302230314065033e-01 2.283796085571233592e-01 4.733727810650887463e-02 0.000000000000000000e+00
4.360000000000000000e+05 1.090022523421381173e-01 1.467910787437414766e-01 3.872325898953117851e-01 4.223941738734638407e-01 4.358215748748293233e-02 0.000000000000000000e+00
4.400000000000000000e+05 1.100022730058276554e-01 1.675011379153391045e-01 3.757396449704141772e-01 4.175011379153391045e-01 3.925807919890760000e-02 0.000000000000000000e+00
4.440000000000000000e+05 1.110022936695169715e-01 1.686390532544378706e-01 3.728948566226672479e-01 4.109012289485662328e-01 4.756486117432862787e-02 0.000000000000000000e+00
4.480000000000000000e+05 1.120023143332062876e-01 1.647701411015020379e-01 3.702776513427400995e-01 4.176149294492489950e-01 4.733727810650887463e-02 0.000000000000000000e+00
4.520000000000000000e+05 1.130023349968956037e-01 1.736458807464724696e-01 3.657259899863450348e-01 4.111288120163859583e-01 4.949931725079653733e-02 0.000000000000000000e+00
4.560000000000000000e+05 1.140023556605849198e-01 1.739872553482020856e-01 3.641329085116067343e-01 4.130632680928538747e-01 4.881656804733727761e-02 0.000000000000000000e+00
4.600000000000000000e+05 1.150023763242742358e-01 1.754665452890304955e-01 3.634501593081474469e-01 4.072598998634501810e-01 5.382339553937186966e-02 0.000000000000000000e+00
4.640000000000000000e+05 1.160023969879635519e-01 1.904870277651342647e-01 3.527537551206190169e-01 3.954255803368229572e-01 6.133363677742376119e-02 0.000000000000000000e+00
4.680000000000000000e+05 1.170024176516528680e-01 1.836595357305416398e-01 3.156577150659991005e-01 4.656349567592171224e-01 3.504779244424215123e-02 0.000000000000000000e+00
4.720000000000000000e+05 1.180024383153421841e-01 1.883249886208466228e-01 3.182749203459262488e-01 4.560764679107874309e-01 3.732362312243969055e-02 0.000000000000000000e+00
4.760000000000000000e+05 1.190024589790317222e-01 1.874146563495675821e-01 3.113336367774237612e-01 4.642694583522986029e-01 3.698224852071006069e-02 0.000000000000000000e+00
4.800000000000000000e+05 1.200024796427210383e-01 1.894629039599453890e-01 3.133818843878015681e-01 4.629039599453800835e-01 3.425125170687300796e-02 0.000000000000000000e+00
4.840000000000000000e+05 1.210025003064103544e-01 1.857077833409194467e-01 3.128129267182521711e-01 4.604005461993627701e-01 4.107874374146563284e-02 0.000000000000000000e+00
4.880000000000000000e+05 1.220025209700996704e-01 1.924214838416021811e-01 3.024578971324533572e-01 4.623350022758306865e-01 4.278561675011378906e-02 0.000000000000000000e+00
4.920000000000000000e+05 1.230025416337889865e-01 2.056213017751479244e-01 2.988165680473373054e-01 4.516385980883022566e-01 4.392353208921256219e-02 0.000000000000000000e+00
4.960000000000000000e+05 1.240025622974783026e-01 2.031178880291306388e-01 2.965407373691397175e-01 4.445835229858898230e-01 5.575785161583977911e-02 0.000000000000000000e+00
5.000000000000000000e+05 1.250025829611676187e-01 2.152935821574874786e-01 2.926718252162039402e-01 4.379836140191169513e-01 5.405097860719162289e-02 0.000000000000000000e+00
5.040000000000000000e+05 1.260026036248569348e-01 2.281520254893036059e-01 2.812926718252162228e-01 4.267182521620391245e-01 6.383705052344106068e-02 0.000000000000000000e+00
5.080000000000000000e+05 1.270026242885462509e-01 2.176832043695949015e-01 2.886891215293582169e-01 4.332043695949021611e-01 6.042330450614474130e-02 0.000000000000000000e+00
5.120000000000000000e+05 1.280026449522357890e-01 2.356622667273554905e-01 2.809512972234865513e-01 4.111288120163859583e-01 7.225762403277195822e-02 0.000000000000000000e+00
5.160000000000000000e+05 1.290026656159251051e-01 2.649066909421938787e-01 2.530723714155666548e-01 3.883705052344105790e-01 9.365043240782885969e-02 0.000000000000000000e+00
5.200000000000000000e+05 1.300026862796144211e-01 2.312243969048702885e-01 2.465862539827036737e-01 4.501593081474738467e-01 7.203004096495220498e-02 0.000000000000000000e+00
5.240000000000000000e+05 1.310027069433037372e-01 2.308830223031406448e-01 2.403277196176604458e-01 4.758761948111060458e-01 5.291306326809285671e-02 0.000000000000000000e+00
5.280000000000000000e+05 1.320027276069930533e-01 2.124487938097405493e-01 2.520482476103778069e-01 4.986345015930814806e-01 3.686845698680018407e-02 0.000000000000000000e+00
5.320000000000000000e+05 1.330027482706823694e-01 2.298588984979517413e-01 2.385070550751024199e-01 4.924897587619481154e-01 3.914428766499772339e-02 0.000000000000000000e+00
5.360000000000000000e+05 1.340027689343716855e-01 2.261037778789257990e-01 2.356622667273554905e-01 4.905553026854801990e-01 4.767865270823850449e-02 0.000000000000000000e+00
5.400000000000000000e+05 1.350027895980610015e-01 2.373691397360036537e-01 2.315657715065999045e-01 4.857760582612653533e-01 4.528903049613108855e-02 0.000000000000000000e+00
5.440000000000000000e+05 1.360028102617503176e-01 2.514792899408284099e-01 2.230314064633591165e-01 4.698452435138825711e-01 5.564406008192990249e-02 0.000000000000000000e+00
5.480000000000000000e+05 1.370028309254398557e-01 2.546654528903049552e-01 2.197314519799726806e-01 4.630177514792899185e-01 6.258534365043240399e-02 0.000000000000000000e+00
5.520000000000000000e+05 1.380028515891291718e-01 2.550068274920345712e-01 2.164314974965862448e-01 4.649522075557578349e-01 6.360946745562130744e-02 0.000000000000000000e+00
5.560000000000000000e+05 1.390028722528184879e-01 2.626308602639963463e-01 2.060764679107874309e-01 4.581247155211652378e-01 7.316795630405098505e-02 0.000000000000000000e+00
5.600000000000000000e+05 1.400028929165078040e-01 2.619481110605371144e-01 2.074419663177059503e-01 4.484524351388256558e-01 8.215748748293126569e-02 0.000000000000000000e+00
5.640000000000000000e+05 1.410029135801971201e-01 2.808375056895767163e-01 2.105143377332726329e-01 4.011151570323168158e-01 1.075329995448338627e-01 0.000000000000000000e+00
5.680000000000000000e+05 1.420029342438864361e-01 2.762858443331815961e-01 1.887801547564861293e-01 4.043013199817933612e-01 1.306326809285389134e-01 0.000000000000000000e+00
5.720000000000000000e+05 1.430029549075757522e-01 2.718479745106964218e-01 1.363222576240327721e-01 4.349112426035502965e-01 1.569185252617205373e-01 0.000000000000000000e+00
5.760000000000000000e+05 1.440029755712650683e-01 2.719617660446062568e-01 1.151570323167956239e-01 4.755348202093764298e-01 1.373463814292216756e-01 0.000000000000000000e+00
5.800000000000000000e+05 1.450029962349543844e-01 2.733272644515248317e-01 1.093536640873919025e-01 4.644970414201183284e-01 1.528220300409649512e-01 0.000000000000000000e+00
5.840000000000000000e+05 1.460030168986439225e-01 2.695721438324988894e-01 1.029813381884387841e-01 4.784934000910332497e-01 1.489531178880291185e-01 0.000000000000000000e+00
5.880000000000000000e+05 1.470030375623332386e-01 2.732134729176149412e-01 1.027537551206190308e-01 4.808830223031406725e-01 1.431497496586253970e-01 0.000000000000000000e+00
5.920000000000000000e+05 1.480030582260225547e-01 2.727583067819754348e-01 1.018434228493400040e-01 4.681383705052344357e-01 1.572598998634501533e-01 0.000000000000000000e+00
5.960000000000000000e+05 1.490030788897118708e-01 2.767410104688211026e-01 9.786071916249430847e-02 4.778106508875739622e-01 1.475876194811105990e-01 0.000000000000000000e+00
6.000000000000000000e+05 1.500030995534011868e-01 2.823167956304050707e-01 9.387801547564861293e-02 4.693900773782430647e-01 1.544151115157032239e-01 0.000000000000000000e+00
6.040000000000000000e+05 1.510031202170905029e-01 2.810650887573964418e-01 9.319526627218935322e-02 4.718934911242603780e-01 1.538461538461538547e-01 0.000000000000000000e+00
6.080000000000000000e+05 1.520031408807798190e-01 2.726445152480655443e-01 8.693673190714611143e-02 4.615384615384615641e-01 1.788802913063268218e-01 0.000000000000000000e+00
6.120000000000000000e+05 1.530031615444691351e-01 2.878925807919890945e-01 7.965407373691398007e-02 4.652935821574875064e-01 1.671597633136094607e-01 0.000000000000000000e+00
6.160000000000000000e+05 1.540031822081586732e-01 2.860719162494310686e-01 7.020937642239417908e-02 4.670004551661356418e-01 1.767182521620391522e-01 0.000000000000000000e+00
6.200000000000000000e+05 1.550032028718479893e-01 2.552344105598543522e-01 6.190259444697314428e-02 4.914656349567592120e-01 1.913973600364132777e-01 0.000000000000000000e+00
6.240000000000000000e+05 1.560032235355373054e-01 2.344105598543468338e-01 7.055075102412380894e-02 5.505234410559853853e-01 1.445152480655439164e-01 0.000000000000000000e+00
6.280000000000000000e+05 1.570032441992266214e-01 2.163177059626763821e-01 7.373691397360036814e-02 5.976331360946746107e-01 1.123122439690487084e-01 0.000000000000000000e+00
6.320000000000000000e+05 1.580032648629159375e-01 2.132453345471096995e-01 7.828857532999544677e-02 6.242603550295857673e-01 8.420573509330905870e-02 0.000000000000000000e+00
6.360000000000000000e+05 1.590032855266052536e-01 2.157487482931269851e-01 7.601274465179790052e-02 6.215293582157487284e-01 8.670914883932635819e-02 0.000000000000000000e+00
6.400000000000000000e+05 1.600033061902945697e-01 2.094902139280837572e-01 8.079198907601274626e-02 6.296085571233500655e-01 8.010923987255348655e-02 0.000000000000000000e+00
6.440000000000000000e+05 1.610033268539838858e-01 2.081247155211652378e-01 8.033682294037323979e-02 6.253982703686845612e-01 8.614019116977697510e-02 0.000000000000000000e+00
6.480000000000000000e+05 1.620033475176732018e-01 2.106281292671825234e-01 7.942649066909421296e-02 6.345015930814746907e-01 7.544378698224851743e-02 0.000000000000000000e+00
6.520000000000000000e+05 1.630033681813627400e-01 2.075557578516158408e-01 7.999544833864360993e-02 6.346153846153845812e-01 7.783340919435594030e-02 0.000000000000000000e+00
6.560000000000000000e+05 1.640033888450520561e-01 2.099453800637232637e-01 8.261265361857077216e-02 6.244879380974055483e-01 8.295402822030041590e-02 0.000000000000000000e+00
6.600000000000000000e+05 1.650034095087413721e-01 2.080109239872553473e-01 8.295402822030041590e-02 6.374601729631315106e-01 7.157487482931269851e-02 0.000000000000000000e+00
6.640000000000000000e+05 1.660034301724306882e-01 2.126763768775603025e-01 7.988165680473373331e-02 6.357532999544833752e-01 7.168866636322257513e-02 0.000000000000000000e+00
6.680000000000000000e+05 1.670034508361200043e-01 2.114246700045516736e-01 8.227127901684114231e-02 6.364360491579426071e-01 6.986800182066454923e-02 0.000000000000000000e+00
6.720000000000000000e+05 1.680034714998093204e-01 2.179107874374146547e-01 8.010923987255348655e-02 6.348429676832043622e-01 6.713700500682749650e-02 0.000000000000000000e+00
6.760000000000000000e+05 1.690034921634986365e-01 2.089212562585343602e-01 8.352298588984979899e-02 6.413290851160673434e-01 6.622667273554846967e-02 0.000000000000000000e+00
6.800000000000000000e+05 1.700035128271879525e-01 2.003868912152935722e-01 8.306781975421029252e-02 6.389394629039599760e-01 7.760582612653618706e-02 0.000000000000000000e+00
6.840000000000000000e+05 1.710035334908772686e-01 2.131315430131998090e-01 8.249886208466089554e-02 6.426945835229859183e-01 6.167501137915339104e-02 0.000000000000000000e+00
6.880000000000000000e+05 1.720035541545668067e-01 2.086936731907146070e-01 8.386436049157942885e-02 6.408739189804278924e-01 6.656804733727811341e-02 0.000000000000000000e+00
6.920000000000000000e+05 1.730035748182561228e-01 2.082385070550751005e-01 8.500227583067819503e-02 6.355257168866635942e-01 7.123350022758306865e-02 0.000000000000000000e+00
6.960000000000000000e+05 1.740035954819454389e-01 2.072143832498861971e-01 8.431952662721893532e-02 6.401911697769685494e-01 6.827492034592626269e-02 0.000000000000000000e+00
7.000000000000000000e+05 1.750036161456347550e-01 2.015248065543923661e-01 8.318161128812016913e-02 6.472462448793809831e-01 6.804733727810650945e-02 0.000000000000000000e+00
7.040000000000000000e+05 1.760036368093240711e-01 2.031178880291306388e-01 8.375056895766955223e-02 6.428083750568958088e-01 7.032316795630405570e-02 0.000000000000000000e+00
7.080000000000000000e+05 1.770036574730133871e-01 1.994765589440145592e-01 8.340919435593992237e-02 6.428083750568958088e-01 7.430587164314975124e-02 0.000000000000000000e+00
7.120000000000000000e+05 1.780036781367027032e-01 2.051661356395084179e-01 8.500227583067819503e-02 6.471324533454710926e-01 6.269913518434228061e-02 0.000000000000000000e+00
7.160000000000000000e+05 1.790036988003920193e-01 2.129039599453800558e-01 8.409194355939918208e-02 6.471324533454710926e-01 5.587164314974965573e-02 0.000000000000000000e+00
7.200000000000000000e+05 1.800037194640813354e-01 2.048247610377788019e-01 8.466090122894856518e-02 6.487255348202093375e-01 6.178880291306326766e-02 0.000000000000000000e+00
7.240000000000000000e+05 1.810037401277708735e-01 2.038006372325898985e-01 8.545744196631770151e-02 6.503186162949476934e-01 6.042330450614474130e-02 0.000000000000000000e+00
7.280000000000000000e+05 1.820037607914601896e-01 2.101729631315430169e-01 8.568502503413745475e-02 6.513427401001365968e-01 5.279927173418298009e-02 0.000000000000000000e+00
7.320000000000000000e+05 1.830037814551495057e-01 2.028903049613108855e-01 8.591260810195720798e-02 6.499772416932180219e-01 6.121984524351388457e-02 0.000000000000000000e+00
7.360000000000000000e+05 1.840038021188388218e-01 2.089212562585343602e-01 8.511606736458807165e-02 6.525944469731451703e-01 5.336822940373236318e-02 0.000000000000000000e+00
7.400000000000000000e+05 1.850038227825281378e-01 2.024351388256713791e-01 8.796085571233500100e-02 6.524806554392352798e-01 5.712335002275830548e-02 0.000000000000000000e+00
7.440000000000000000e+05 1.860038434462174539e-01 2.121074192080109333e-01 8.602639963586708460e-02 6.487255348202093375e-01 5.314064633591260994e-02 0.000000000000000000e+00
7.480000000000000000e+05 1.870038641099067700e-01 2.014110150204824756e-01 8.716431497496586467e-02 6.535047792444241832e-01 5.791989076012744875e-02 0.000000000000000000e+00
7.520000000000000000e+05 1.880038847735960861e-01 2.032316795630405015e-01 8.716431497496586467e-02 6.516841147018661573e-01 5.791989076012744875e-02 0.000000000000000000e+00
7.560000000000000000e+05 1.890039054372854022e-01 2.107419208010923861e-01 8.750568957669549452e-02 6.550978607191625391e-01 4.665452890304961492e-02 0.000000000000000000e+00
7.600000000000000000e+05 1.900039261009749403e-01 2.069868001820664438e-01 8.818843878015475424e-02 6.536185707783340737e-01 5.120619025944470049e-02 0.000000000000000000e+00
7.640000000000000000e+05 1.910039467646642564e-01 2.022075557578516258e-01 8.898497951752389057e-02 6.555530268548019901e-01 5.325443786982248656e-02 0.000000000000000000e+00
7.680000000000000000e+05 1.920039674283535724e-01 2.118798361401911801e-01 8.693673190714611143e-02 6.498634501593081314e-01 5.131998179335457710e-02 0.000000000000000000e+00
7.720000000000000000e+05 1.930039880920428885e-01 2.047109695038689114e-01 8.830223031406463086e-02 6.579426490669094685e-01 4.904415111515703085e-02 0.000000000000000000e+00
7.760000000000000000e+05 1.940040087557322046e-01 2.113108784706417831e-01 8.591260810195720798e-02 6.558944014565316616e-01 4.688211197086936816e-02 0.000000000000000000e+00
7.800000000000000000e+05 1.950040294194215207e-01 2.076695493855257035e-01 8.750568957669549452e-02 6.503186162949476934e-01 5.450614474283113631e-02 0.000000000000000000e+00
7.840000000000000000e+05 1.960040500831108368e-01 2.052799271734183084e-01 8.909877105143376719e-02 6.586253982703687004e-01 4.699590350477924477e-02 0.000000000000000000e+00
7.880000000000000000e+05 1.970040707468001528e-01 2.093764223941738667e-01 8.534365043240782489e-02 6.495220755575785709e-01 5.575785161583977911e-02 0.000000000000000000e+00
7.920000000000000000e+05 1.980040914104896910e-01 2.068730086481565811e-01 8.659535730541648157e-02 6.319981793354574329e-01 7.453345471096950448e-02 0.000000000000000000e+00
7.960000000000000000e+05 1.990041120741790071e-01 2.057350933090578149e-01 8.784706417842512438e-02 6.399635867091488795e-01 6.645425580336822291e-02 0.000000000000000000e+00
8.000000000000000000e+05 2.000041327378683231e-01 2.109695038689121394e-01 8.807464724624487762e-02 6.371187983614019501e-01 6.383705052344106068e-02 0.000000000000000000e+00
8.040000000000000000e+05 2.010041534015576392e-01 2.093764223941738667e-01 8.636777423759672834e-02 6.407601274465180019e-01 6.349567592171143082e-02 0.000000000000000000e+00
8.080000000000000000e+05 2.020041740652469553e-01 2.026627218934911323e-01 8.682294037323623481e-02 6.469048702776513116e-01 6.360946745562130744e-02 0.000000000000000000e+00
8.120000000000000000e+05 2.030041947289362714e-01 2.052799271734183084e-01 8.921256258534364381e-02 6.488393263541192280e-01 5.666818388711879900e-02 0.000000000000000000e+00
8.160000000000000000e+05 2.040042153926255875e-01 1.877560309512972259e-01 9.262630860263997012e-02 6.664770141101502565e-01 5.314064633591260994e-02 0.000000000000000000e+00
8.200000000000000000e+05 2.050042360563149035e-01 3.652708238507055422e-02 2.034592626308602548e-01 7.525034137460172579e-01 7.510241238051888930e-03 0.000000000000000000e+00
8.240000000000000000e+05 2.060042567200042196e-01 5.689576695493854790e-04 2.305416477014110288e-01 7.688893946290396020e-01 0.000000000000000000e+00 0.000000000000000000e+00
8.280000000000000000e+05 2.070042773836937577e-01 5.689576695493854790e-04 2.302002730996813851e-01 7.692307692307692735e-01 0.000000000000000000e+00 0.000000000000000000e+00
8.320000000000000000e+05 2.080042980473830738e-01 6.827492034592626399e-04 2.306554392353208915e-01 7.686618115612198210e-01 0.000000000000000000e+00 0.000000000000000000e+00
8.360000000000000000e+05 2.090043187110723899e-01 1.706873008648156654e-03 2.303140646335912478e-01 7.679790623577605890e-01 0.000000000000000000e+00 0.000000000000000000e+00
8.400000000000000000e+05 2.100043393747617060e-01 6.827492034592626399e-04 2.305416477014110288e-01 7.687756030951297115e-01 0.000000000000000000e+00 0.000000000000000000e+00
8.440000000000000000e+05 2.110043600384510221e-01 5.689576695493854790e-04 2.307692307692307820e-01 7.686618115612198210e-01 0.000000000000000000e+00 0.000000000000000000e+00
8.480000000000000000e+05 2.120043807021403381e-01 6.827492034592626399e-04 2.304278561675011383e-01 7.688893946290396020e-01 0.000000000000000000e+00 0.000000000000000000e+00
8.520000000000000000e+05 2.130044013658296542e-01 1.137915339098770958e-03 2.305416477014110288e-01 7.683204369594902605e-01 0.000000000000000000e+00 0.000000000000000000e+00
8.560000000000000000e+05 2.140044220295189703e-01 1.137915339098771066e-04 2.307692307692307820e-01 7.691169776968593830e-01 0.000000000000000000e+00 0.000000000000000000e+00
8.600000000000000000e+05 2.150044426932082864e-01 1.024123805188893906e-03 2.302002730996813851e-01 7.687756030951297115e-01 0.000000000000000000e+00 0.000000000000000000e+00
8.640000000000000000e+05 2.160044633568978245e-01 2.275830678197542133e-04 2.306554392353208915e-01 7.691169776968593830e-01 0.000000000000000000e+00 0.000000000000000000e+00
8.680000000000000000e+05 2.170044840205871406e-01 3.413746017296313199e-04 2.304278561675011383e-01 7.692307692307692735e-01 0.000000000000000000e+00 0.000000000000000000e+00
8.720000000000000000e+05 2.180045046842764567e-01 1.137915339098770958e-03 2.304278561675011383e-01 7.684342284934000400e-01 0.000000000000000000e+00 0.000000000000000000e+00
8.760000000000000000e+05 2.190045253479657728e-01 0.000000000000000000e+00 2.307692307692307820e-01 7.692307692307692735e-01 0.000000000000000000e+00 0.000000000000000000e+00
8.800000000000000000e+05 2.200045460116550888e-01 0.000000000000000000e+00 2.307692307692307820e-01 7.692307692307692735e-01 0.000000000000000000e+00 0.000000000000000000e+00
8.840000000000000000e+05 2.210045666753444049e-01 0.000000000000000000e+00 2.307692307692307820e-01 7.692307692307692735e-01 0.000000000000000000e+00 0.000000000000000000e+00
8.880000000000000000e+05 2.220045873390337210e-01 1.024123805188893906e-03 2.304278561675011383e-01 7.685480200273099305e-01 0.000000000000000000e+00 0.000000000000000000e+00
8.920000000000000000e+05 2.230046080027230371e-01 6.827492034592626399e-04 2.304278561675011383e-01 7.688893946290396020e-01 0.000000000000000000e+00 0.000000000000000000e+00
8.960000000000000000e+05 2.240046286664123532e-01 6.827492034592626399e-04 2.307692307692307820e-01 7.685480200273099305e-01 0.000000000000000000e+00 0.000000000000000000e+00
9.000000000000000000e+05 2.250046493301018913e-01 0.000000000000000000e+00 2.307692307692307820e-01 7.692307692307692735e-01 0.000000000000000000e+00 0.000000000000000000e+00
9.040000000000000000e+05 2.260046699937912074e-01 4.551661356395084266e-04 2.307692307692307820e-01 7.687756030951297115e-01 0.000000000000000000e+00 0.000000000000000000e+00
9.080000000000000000e+05 2.270046906574805234e-01 1.251706873008648227e-03 2.299726900318616318e-01 7.687756030951297115e-01 0.000000000000000000e+00 0.000000000000000000e+00
