# itime ezz other fcc hcp bcc ico
0.000000000000000000e+00 0.000000000000000000e+00 9.103322712790168532e-04 9.990896677287209870e-01 0.000000000000000000e+00 0.000000000000000000e+00 0.000000000000000000e+00
3.000000000000000000e+00 1.200005868568609912e-03 6.827492034592626399e-04 9.993172507965407680e-01 0.000000000000000000e+00 0.000000000000000000e+00 0.000000000000000000e+00
6.000000000000000000e+00 2.400011737137219825e-03 6.827492034592626399e-04 9.993172507965407680e-01 0.000000000000000000e+00 0.000000000000000000e+00 0.000000000000000000e+00
9.000000000000000000e+00 3.600017605705829737e-03 1.024123805188893906e-03 9.989758761948110966e-01 0.000000000000000000e+00 0.000000000000000000e+00 0.000000000000000000e+00
1.200000000000000000e+01 4.800023474274439650e-03 1.251706873008648227e-03 9.987482931269913156e-01 0.000000000000000000e+00 0.000000000000000000e+00 0.000000000000000000e+00
1.500000000000000000e+01 6.000029342843049562e-03 1.479289940828402332e-03 9.985207100591716456e-01 0.000000000000000000e+00 0.000000000000000000e+00 0.000000000000000000e+00
1.800000000000000000e+01 7.200035211411659475e-03 4.551661356395084266e-04 9.995448338643604380e-01 0.000000000000000000e+00 0.000000000000000000e+00 0.000000000000000000e+00
2.100000000000000000e+01 8.400041079980269387e-03 7.965407373691396923e-04 9.992034592626308775e-01 0.000000000000000000e+00 0.000000000000000000e+00 0.000000000000000000e+00
2.400000000000000000e+01 9.600046948548879300e-03 6.827492034592626399e-04 9.993172507965407680e-01 0.000000000000000000e+00 0.000000000000000000e+00 0.000000000000000000e+00
2.700000000000000000e+01 1.080005281711748921e-02 7.965407373691396923e-04 9.992034592626308775e-01 0.000000000000000000e+00 0.000000000000000000e+00 0.000000000000000000e+00
3.000000000000000000e+01 1.200005868568609912e-02 7.965407373691396923e-04 9.992034592626308775e-01 0.000000000000000000e+00 0.000000000000000000e+00 0.000000000000000000e+00
3.300000000000000000e+01 1.320006455425470904e-02 6.827492034592626399e-04 9.993172507965407680e-01 0.000000000000000000e+00 0.000000000000000000e+00 0.000000000000000000e+00
3.600000000000000000e+01 1.440007042282331895e-02 7.965407373691396923e-04 9.992034592626308775e-01 0.000000000000000000e+00 0.000000000000000000e+00 0.000000000000000000e+00
3.900000000000000000e+01 1.560007629139192886e-02 6.827492034592626399e-04 9.993172507965407680e-01 0.000000000000000000e+00 0.000000000000000000e+00 0.000000000000000000e+00
4.200000000000000000e+01 1.680008215996053877e-02 2.048247610377787811e-03 9.979517523896221931e-01 0.000000000000000000e+00 0.000000000000000000e+00 0.000000000000000000e+00
4.500000000000000000e+01 1.800008802852914869e-02 2.162039144287664864e-03 9.978379608557123026e-01 0.000000000000000000e+00 0.000000000000000000e+00 0.000000000000000000e+00
4.800000000000000000e+01 1.920009389709775860e-02 2.048247610377787811e-03 9.979517523896221931e-01 0.000000000000000000e+00 0.000000000000000000e+00 0.000000000000000000e+00
5.100000000000000000e+01 2.040009976566636851e-02 2.162039144287664864e-03 9.978379608557123026e-01 0.000000000000000000e+00 0.000000000000000000e+00 0.000000000000000000e+00
5.400000000000000000e+01 2.160010563423497842e-02 1.593081474738279385e-03 9.984069185252617551e-01 0.000000000000000000e+00 0.000000000000000000e+00 0.000000000000000000e+00
5.700000000000000000e+01 2.280011150280358834e-02 1.365498406918525280e-03 9.986345015930814251e-01 0.000000000000000000e+00 0.000000000000000000e+00 0.000000000000000000e+00
6.000000000000000000e+01 2.400011737137219825e-02 2.162039144287664864e-03 9.978379608557123026e-01 0.000000000000000000e+00 0.000000000000000000e+00 0.000000000000000000e+00
6.300000000000000000e+01 2.520012323994080816e-02 2.730996813837050560e-03 9.971552116522530707e-01 0.000000000000000000e+00 1.137915339098771066e-04 0.000000000000000000e+00
6.600000000000000000e+01 2.640012910850941807e-02 3.299954483386436255e-03 9.965862539827037292e-01 0.000000000000000000e+00 1.137915339098771066e-04 0.000000000000000000e+00
6.900000000000000000e+01 2.760013497707802799e-02 3.982703686845699004e-03 9.960172963131542767e-01 0.000000000000000000e+00 0.000000000000000000e+00 0.000000000000000000e+00
7.200000000000000000e+01 2.880014084564663790e-02 3.072371415566681717e-03 9.969276285844332897e-01 0.000000000000000000e+00 0.000000000000000000e+00 0.000000000000000000e+00
7.500000000000000000e+01 3.000014671421524781e-02 3.527537551206190360e-03 9.964724624487938387e-01 0.000000000000000000e+00 0.000000000000000000e+00 0.000000000000000000e+00
7.800000000000000000e+01 3.120015258278385772e-02 3.299954483386436255e-03 9.967000455166135087e-01 0.000000000000000000e+00 0.000000000000000000e+00 0.000000000000000000e+00
8.100000000000000000e+01 3.240015845135246764e-02 3.527537551206190360e-03 9.964724624487938387e-01 0.000000000000000000e+00 0.000000000000000000e+00 0.000000000000000000e+00
8.400000000000000000e+01 3.360016431992107755e-02 3.641329085116067413e-03 9.963586709148839482e-01 0.000000000000000000e+00 0.000000000000000000e+00 0.000000000000000000e+00
8.700000000000000000e+01 3.480017018848968746e-02 3.072371415566681717e-03 9.969276285844332897e-01 0.000000000000000000e+00 0.000000000000000000e+00 0.000000000000000000e+00
9.000000000000000000e+01 3.600017605705829737e-02 3.186162949476558769e-03 9.967000455166135087e-01 0.000000000000000000e+00 1.137915339098771066e-04 0.000000000000000000e+00
9.300000000000000000e+01 3.720018192562690729e-02 2.958579881656804664e-03 9.970414201183431802e-01 0.000000000000000000e+00 0.000000000000000000e+00 0.000000000000000000e+00
9.600000000000000000e+01 3.840018779419551720e-02 4.551661356395083832e-03 9.953345471096950448e-01 0.000000000000000000e+00 1.137915339098771066e-04 0.000000000000000000e+00
9.900000000000000000e+01 3.960019366276412711e-02 6.599908966772872511e-03 9.934000910332271284e-01 0.000000000000000000e+00 0.000000000000000000e+00 0.000000000000000000e+00
1.020000000000000000e+02 4.080019953133273702e-02 6.486117432862995025e-03 9.935138825671370189e-01 0.000000000000000000e+00 0.000000000000000000e+00 0.000000000000000000e+00
1.050000000000000000e+02 4.200020539990134694e-02 7.737824305871643035e-03 9.921483841602184439e-01 0.000000000000000000e+00 1.137915339098771066e-04 0.000000000000000000e+00
1.080000000000000000e+02 4.320021126846995685e-02 8.079198907601274626e-03 9.918070095584888834e-01 0.000000000000000000e+00 1.137915339098771066e-04 0.000000000000000000e+00
1.110000000000000000e+02 4.440021713703856676e-02 6.827492034592626616e-03 9.929449248975875664e-01 0.000000000000000000e+00 2.275830678197542133e-04 0.000000000000000000e+00
1.140000000000000000e+02 4.560022300560717667e-02 6.144742831133363434e-03 9.936276741010469093e-01 0.000000000000000000e+00 2.275830678197542133e-04 0.000000000000000000e+00
1.170000000000000000e+02 4.680022887417600863e-02 5.917159763313609329e-03 9.939690487027764698e-01 0.000000000000000000e+00 1.137915339098771066e-04 0.000000000000000000e+00
1.200000000000000000e+02 4.800023474274461854e-02 6.372325898953117539e-03 9.932862994993172379e-01 0.000000000000000000e+00 3.413746017296313199e-04 0.000000000000000000e+00
1.230000000000000000e+02 4.920024061131322846e-02 8.420573509330906217e-03 9.911242603550295405e-01 0.000000000000000000e+00 4.551661356395084266e-04 0.000000000000000000e+00
1.260000000000000000e+02 5.040024647988183837e-02 8.648156577150659455e-03 9.907828857532999800e-01 0.000000000000000000e+00 5.689576695493854790e-04 0.000000000000000000e+00
1.290000000000000000e+02 5.160025234845044828e-02 1.149294492489758707e-02 9.880518889394629412e-01 0.000000000000000000e+00 4.551661356395084266e-04 0.000000000000000000e+00
1.320000000000000000e+02 5.280025821701905819e-02 1.240327719617660522e-02 9.875967228038233792e-01 0.000000000000000000e+00 0.000000000000000000e+00 0.000000000000000000e+00
1.350000000000000000e+02 5.400026408558766811e-02 1.240327719617660522e-02 9.873691397360035982e-01 0.000000000000000000e+00 2.275830678197542133e-04 0.000000000000000000e+00
1.380000000000000000e+02 5.520026995415627802e-02 1.479289940828402289e-02 9.846381429221665593e-01 0.000000000000000000e+00 5.689576695493854790e-04 0.000000000000000000e+00
1.410000000000000000e+02 5.640027582272488793e-02 1.729631315430131891e-02 9.820209376422394110e-01 0.000000000000000000e+00 6.827492034592626399e-04 0.000000000000000000e+00
1.440000000000000000e+02 5.760028169129349784e-02 1.672735548475193582e-02 9.827036868456986429e-01 0.000000000000000000e+00 5.689576695493854790e-04 0.000000000000000000e+00
1.470000000000000000e+02 5.880028755986210776e-02 1.581702321347291593e-02 9.833864360491579859e-01 0.000000000000000000e+00 7.965407373691396923e-04 0.000000000000000000e+00
1.500000000000000000e+02 6.000029342843071767e-02 1.945835229858898507e-02 9.796313154301320436e-01 0.000000000000000000e+00 9.103322712790168532e-04 0.000000000000000000e+00
1.530000000000000000e+02 6.120029929699932758e-02 2.207555757851615771e-02 9.767865270823851143e-01 0.000000000000000000e+00 1.137915339098770958e-03 0.000000000000000000e+00
1.560000000000000000e+02 6.240030516556793749e-02 2.071005917159763482e-02 9.779244424214837972e-01 0.000000000000000000e+00 1.365498406918525280e-03 0.000000000000000000e+00
1.590000000000000000e+02 6.360031103413654741e-02 2.321347291761493084e-02 9.758761948111061013e-01 0.000000000000000000e+00 9.103322712790168532e-04 0.000000000000000000e+00
1.620000000000000000e+02 6.480031690270515732e-02 2.059626763768775473e-02 9.781520254893035782e-01 0.000000000000000000e+00 1.251706873008648227e-03 0.000000000000000000e+00
1.650000000000000000e+02 6.600032277127376723e-02 2.048247610377787811e-02 9.789485662266727006e-01 0.000000000000000000e+00 5.689576695493854790e-04 0.000000000000000000e+00
1.680000000000000000e+02 6.720032863984237714e-02 2.264451524806554428e-02 9.764451524806554428e-01 0.000000000000000000e+00 9.103322712790168532e-04 0.000000000000000000e+00
1.710000000000000000e+02 6.840033450841098706e-02 2.492034592626308706e-02 9.745106964041875264e-01 0.000000000000000000e+00 5.689576695493854790e-04 0.000000000000000000e+00
1.740000000000000000e+02 6.960034037697959697e-02 2.765134274010013632e-02 9.712107419208011461e-01 0.000000000000000000e+00 1.137915339098770958e-03 0.000000000000000000e+00
1.770000000000000000e+02 7.080034624554820688e-02 3.174783796085571541e-02 9.671142467000455323e-01 0.000000000000000000e+00 1.137915339098770958e-03 0.000000000000000000e+00
1.800000000000000000e+02 7.200035211411681679e-02 3.720983158852981393e-02 9.610832954028220021e-01 0.000000000000000000e+00 1.706873008648156654e-03 0.000000000000000000e+00
1.830000000000000000e+02 7.320035798268542671e-02 4.016841147018661989e-02 9.584660901228948537e-01 0.000000000000000000e+00 1.365498406918525280e-03 0.000000000000000000e+00
1.860000000000000000e+02 7.440036385125403662e-02 4.346836595357305572e-02 9.548247610377788019e-01 0.000000000000000000e+00 1.706873008648156654e-03 0.000000000000000000e+00
1.890000000000000000e+02 7.560036971982264653e-02 4.563040509786071841e-02 9.523213472917615441e-01 0.000000000000000000e+00 2.048247610377787811e-03 0.000000000000000000e+00
1.920000000000000000e+02 7.680037558839125644e-02 4.961310878470642088e-02 9.484524351388257113e-01 0.000000000000000000e+00 1.934456076467910759e-03 0.000000000000000000e+00
1.950000000000000000e+02 7.800038145695986636e-02 5.040964952207555722e-02 9.476558944014564778e-01 0.000000000000000000e+00 1.934456076467910759e-03 0.000000000000000000e+00
1.980000000000000000e+02 7.920038732552847627e-02 5.029585798816568060e-02 9.473145197997269173e-01 0.000000000000000000e+00 2.389622212107419402e-03 0.000000000000000000e+00
2.010000000000000000e+02 8.040039319409708618e-02 5.382339553937186966e-02 9.433318161128811941e-01 0.000000000000000000e+00 2.844788347746927612e-03 0.000000000000000000e+00
2.040000000000000000e+02 8.160039906266569609e-02 5.746472462448793533e-02 9.395766954938552518e-01 0.000000000000000000e+00 2.958579881656804664e-03 0.000000000000000000e+00
2.070000000000000000e+02 8.280040493123430601e-02 6.019572143832498806e-02 9.370732817478379939e-01 0.000000000000000000e+00 2.730996813837050560e-03 0.000000000000000000e+00
2.100000000000000000e+02 8.400041079980291592e-02 6.497496586253982687e-02 9.326354119253527086e-01 0.000000000000000000e+00 2.389622212107419402e-03 0.000000000000000000e+00
2.130000000000000000e+02 8.520041666837152583e-02 7.419208010923987462e-02 9.235320892125625791e-01 0.000000000000000000e+00 2.275830678197541916e-03 0.000000000000000000e+00
2.160000000000000000e+02 8.640042253694013574e-02 8.147473827947200598e-02 9.167045971779699265e-01 0.000000000000000000e+00 1.820664542558033706e-03 0.000000000000000000e+00
2.190000000000000000e+02 8.760042840550874566e-02 8.659535730541648157e-02 9.102184797451069453e-01 0.000000000000000000e+00 3.186162949476558769e-03 0.000000000000000000e+00
2.220000000000000000e+02 8.880043427407735557e-02 8.727810650887574129e-02 9.095357305416477134e-01 0.000000000000000000e+00 3.186162949476558769e-03 0.000000000000000000e+00
2.250000000000000000e+02 9.000044014264596548e-02 9.296768320436959998e-02 9.037323623122439642e-01 0.000000000000000000e+00 3.299954483386436255e-03 0.000000000000000000e+00
2.280000000000000000e+02 9.120044601121457539e-02 1.004779244424214846e-01 8.963359126081019701e-01 0.000000000000000000e+00 3.186162949476558769e-03 0.000000000000000000e+00
2.310000000000000000e+02 9.240045187978318530e-02 1.093536640873919025e-01 8.871187983614019501e-01 0.000000000000000000e+00 3.527537551206190360e-03 0.000000000000000000e+00
2.340000000000000000e+02 9.360045774835179522e-02 1.197086936731907164e-01 8.756258534365043422e-01 0.000000000000000000e+00 4.665452890304961318e-03 0.000000000000000000e+00
2.370000000000000000e+02 9.480046361692040513e-02 1.307464724624488039e-01 8.636777423759672834e-01 0.000000000000000000e+00 5.575785161583977738e-03 0.000000000000000000e+00
2.400000000000000000e+02 9.600046948548901504e-02 1.432635411925352875e-01 8.494538006372326366e-01 0.000000000000000000e+00 7.282658170232134826e-03 0.000000000000000000e+00
2.430000000000000000e+02 9.720047535405762495e-02 1.464497041420118328e-01 8.456986800182066943e-01 0.000000000000000000e+00 7.851615839781519654e-03 0.000000000000000000e+00
2.460000000000000000e+02 9.840048122262623487e-02 1.507737824305871721e-01 8.414883932635411901e-01 0.000000000000000000e+00 7.737824305871643035e-03 0.000000000000000000e+00
2.490000000000000000e+02 9.960048709119484478e-02 1.547564861174328676e-01 8.373918980427855763e-01 0.000000000000000000e+00 7.851615839781519654e-03 0.000000000000000000e+00
2.520000000000000000e+02 1.008004929597634547e-01 1.624943104233045055e-01 8.291989076012744597e-01 0.000000000000000000e+00 8.306781975421027864e-03 0.000000000000000000e+00
2.550000000000000000e+02 1.020004988283320646e-01 1.710286754665452935e-01 8.205507510241237812e-01 0.000000000000000000e+00 8.420573509330906217e-03 0.000000000000000000e+00
2.580000000000000000e+02 1.032005046969006745e-01 1.857077833409194467e-01 8.047337278106508895e-01 0.000000000000000000e+00 9.558488848429677609e-03 0.000000000000000000e+00
2.610000000000000000e+02 1.044005105654692844e-01 1.926490669094219343e-01 7.958579881656804300e-01 0.000000000000000000e+00 1.149294492489758707e-02 0.000000000000000000e+00
2.640000000000000000e+02 1.056005164340378943e-01 2.074419663177059503e-01 7.806099226217569909e-01 2.275830678197542133e-04 1.172052799271734204e-02 0.000000000000000000e+00
2.670000000000000000e+02 1.068005223026065043e-01 2.177969959035047920e-01 7.678652708238506985e-01 2.275830678197542133e-04 1.411015020482476144e-02 0.000000000000000000e+00
2.700000000000000000e+02 1.080005281711751142e-01 2.263313609467455523e-01 7.581929904415111166e-01 2.275830678197542133e-04 1.524806554392353283e-02 0.000000000000000000e+00
2.730000000000000000e+02 1.092005340397437241e-01 2.394173873463814328e-01 7.421483841602184439e-01 1.137915339098771066e-04 1.832043695949021542e-02 0.000000000000000000e+00
2.760000000000000000e+02 1.104005399083123340e-01 2.520482476103778069e-01 7.288347746927628101e-01 1.137915339098771066e-04 1.900318616294947513e-02 0.000000000000000000e+00
2.790000000000000000e+02 1.116005457768809439e-01 2.552344105598543522e-01 7.258761948111061013e-01 1.137915339098771066e-04 1.877560309512972189e-02 0.000000000000000000e+00
2.820000000000000000e+02 1.128005516454495538e-01 2.685480200273099860e-01 7.110832954028220021e-01 1.137915339098771066e-04 2.025489303595812488e-02 0.000000000000000000e+00
2.850000000000000000e+02 1.140005575140181637e-01 2.824305871643149612e-01 6.940145653163404260e-01 1.137915339098771066e-04 2.344105598543468408e-02 0.000000000000000000e+00
2.880000000000000000e+02 1.152005633825867736e-01 2.952890304961310886e-01 6.813837050523441352e-01 2.275830678197542133e-04 2.309968138370505075e-02 0.000000000000000000e+00
2.910000000000000000e+02 1.164005692511553836e-01 3.025716886663632477e-01 6.721665908056441152e-01 3.413746017296313199e-04 2.492034592626308706e-02 0.000000000000000000e+00
2.940000000000000000e+02 1.176005751197239935e-01 3.153163404642694845e-01 6.555530268548019901e-01 3.413746017296313199e-04 2.878925807919890598e-02 0.000000000000000000e+00
2.970000000000000000e+02 1.188005809882926034e-01 3.314747382794719921e-01 6.381429221665908535e-01 5.689576695493854790e-04 2.981338188438780248e-02 0.000000000000000000e+00
3.000000000000000000e+02 1.200005868568612133e-01 3.476331360946745552e-01 6.215293582157487284e-01 3.413746017296313199e-04 3.049613108784706567e-02 0.000000000000000000e+00
3.030000000000000000e+02 1.212005927254298232e-01 3.594674556213017791e-01 6.074192080109239722e-01 1.137915339098771066e-04 3.299954483386435822e-02 0.000000000000000000e+00
3.060000000000000000e+02 1.224005985939984331e-01 3.716431497496586189e-01 5.921711424670004220e-01 0.000000000000000000e+00 3.618570778334091742e-02 0.000000000000000000e+00
3.090000000000000000e+02 1.236006044625670430e-01 3.864360491579426626e-01 5.764679107874374209e-01 0.000000000000000000e+00 3.709604005461993731e-02 0.000000000000000000e+00
3.120000000000000000e+02 1.248006103311356529e-01 4.023668639053254448e-01 5.560992262175694645e-01 3.413746017296313199e-04 4.119253527537550946e-02 0.000000000000000000e+00
3.150000000000000000e+02 1.260006161997042629e-01 4.205735093309057593e-01 5.348202093764223841e-01 7.965407373691396923e-04 4.380974055530268557e-02 0.000000000000000000e+00
3.180000000000000000e+02 1.272006220682728728e-01 4.326354119253527641e-01 5.228720983158853253e-01 6.827492034592626399e-04 4.380974055530268557e-02 0.000000000000000000e+00
3.210000000000000000e+02 1.284006279368414827e-01 4.514110150204824756e-01 5.018206645425580259e-01 1.024123805188893906e-03 4.574419663177059503e-02 0.000000000000000000e+00
3.240000000000000000e+02 1.296006338054100926e-01 4.640418752844788219e-01 4.868001820664542567e-01 1.024123805188893906e-03 4.813381884387801790e-02 0.000000000000000000e+00
3.270000000000000000e+02 1.308006396739787025e-01 4.753072371415566488e-01 4.701866181156121871e-01 1.251706873008648227e-03 5.325443786982248656e-02 0.000000000000000000e+00
3.300000000000000000e+02 1.320006455425473124e-01 4.874829312699135442e-01 4.553937187073281989e-01 1.251706873008648227e-03 5.587164314974965573e-02 0.000000000000000000e+00
3.330000000000000000e+02 1.332006514111159223e-01 5.076240327719617751e-01 4.307009558488848477e-01 1.820664542558033706e-03 5.985434683659535821e-02 0.000000000000000000e+00
3.360000000000000000e+02 1.344006572796845322e-01 5.259444697314519246e-01 4.087391898042785354e-01 1.820664542558033706e-03 6.349567592171143082e-02 0.000000000000000000e+00
3.390000000000000000e+02 1.356006631482531422e-01 5.418752844788348177e-01 3.883705052344105790e-01 1.820664542558033706e-03 6.793354574419663283e-02 0.000000000000000000e+00
3.420000000000000000e+02 1.368006690168217521e-01 5.586026399635867223e-01 3.694811106053709771e-01 2.048247610377787811e-03 6.986800182066454923e-02 0.000000000000000000e+00
3.450000000000000000e+02 1.380006748853903620e-01 5.743058716431497235e-01 3.475193445607646647e-01 2.503413746017296455e-03 7.567137005006827066e-02 0.000000000000000000e+00
3.480000000000000000e+02 1.392006807539591939e-01 5.941055985434683384e-01 3.205507510241237812e-01 2.617205279927173507e-03 8.272644515248064878e-02 0.000000000000000000e+00
3.510000000000000000e+02 1.404006866225278038e-01 6.030951297223486884e-01 3.082612653618570508e-01 2.275830678197541916e-03 8.636777423759672834e-02 0.000000000000000000e+00
3.540000000000000000e+02 1.416006924910964138e-01 6.203914428766499345e-01 2.880063723258989294e-01 2.730996813837050560e-03 8.887118798361401395e-02 0.000000000000000000e+00
3.570000000000000000e+02 1.428006983596650237e-01 6.326809285389166648e-01 2.711652253072371344e-01 3.641329085116067413e-03 9.251251706873007963e-02 0.000000000000000000e+00
3.600000000000000000e+02 1.440007042282336336e-01 6.446290395994538347e-01 2.518206645425580259e-01 5.120619025944469528e-03 9.842967683204369156e-02 0.000000000000000000e+00
3.630000000000000000e+02 1.452007100968022435e-01 6.556668183887118806e-01 2.366863905325443662e-01 5.461993627674101119e-03 1.021847974510696339e-01 0.000000000000000000e+00
3.660000000000000000e+02 1.464007159653708534e-01 6.645425580336823401e-01 2.220072826581702408e-01 5.689576695493855224e-03 1.077605826126536159e-01 0.000000000000000000e+00
3.690000000000000000e+02 1.476007218339394633e-01 6.726217569412835662e-01 2.094902139280837572e-01 7.168866636322257339e-03 1.107191624943104219e-01 0.000000000000000000e+00
3.720000000000000000e+02 1.488007277025080732e-01 6.814974965862540257e-01 1.937869822485207005e-01 7.624032771961766417e-03 1.170914883932635403e-01 0.000000000000000000e+00
3.750000000000000000e+02 1.500007335710766831e-01 6.933318161128811941e-01 1.771734182976786587e-01 6.827492034592626616e-03 1.226672735548475224e-01 0.000000000000000000e+00
3.780000000000000000e+02 1.512007394396452931e-01 6.978834774692762588e-01 1.687528447883477334e-01 8.192990441511151245e-03 1.251706873008648080e-01 0.000000000000000000e+00
3.810000000000000000e+02 1.524007453082139030e-01 7.015248065543923106e-01 1.598771051433773294e-01 8.989531178880291046e-03 1.296085571233500100e-01 0.000000000000000000e+00
3.840000000000000000e+02 1.536007511767825129e-01 7.055075102412380339e-01 1.510013654984069253e-01 1.001365498406918582e-02 1.334774692762858428e-01 0.000000000000000000e+00
3.870000000000000000e+02 1.548007570453511228e-01 7.133591260810195900e-01 1.396222121074192080e-01 1.081019572143832562e-02 1.362084660901228816e-01 0.000000000000000000e+00
3.900000000000000000e+02 1.560007629139197327e-01 7.200728265817023521e-01 1.302913063268092975e-01 1.149294492489758707e-02 1.381429221665907980e-01 0.000000000000000000e+00
3.930000000000000000e+02 1.572007687824883426e-01 7.195038689121528996e-01 1.259672280382339582e-01 1.376877560309512985e-02 1.407601274465179741e-01 0.000000000000000000e+00
3.960000000000000000e+02 1.584007746510569525e-01 7.181383705052344357e-01 1.197086936731907164e-01 1.490669094219390124e-02 1.472462448793809831e-01 0.000000000000000000e+00
3.990000000000000000e+02 1.596007805196255624e-01 7.253072371415566488e-01 1.112881201638598050e-01 1.411015020482476144e-02 1.492944924897587622e-01 0.000000000000000000e+00
4.020000000000000000e+02 1.608007863881941724e-01 7.307692307692307265e-01 1.042330450614474269e-01 1.456531634046426965e-02 1.504324078288575284e-01 0.000000000000000000e+00
4.050000000000000000e+02 1.620007922567627823e-01 7.363450159308146947e-01 9.660901228948566566e-02 1.547564861174328607e-02 1.515703231679562946e-01 0.000000000000000000e+00
4.080000000000000000e+02 1.632007981253313922e-01 7.368001820664542567e-01 9.387801547564861293e-02 1.570323167956303931e-02 1.536185707783341015e-01 0.000000000000000000e+00
4.110000000000000000e+02 1.644008039939000021e-01 7.374829312699134887e-01 8.932635411925353430e-02 1.604460628129267263e-02 1.571461083295402905e-01 0.000000000000000000e+00
4.140000000000000000e+02 1.656008098624686120e-01 7.396449704142011861e-01 8.409194355939918208e-02 1.672735548475193582e-02 1.595357305416477134e-01 0.000000000000000000e+00
4.170000000000000000e+02 1.668008157310372219e-01 7.468138370505233992e-01 7.988165680473373331e-02 1.775147928994082885e-02 1.555530268548019901e-01 0.000000000000000000e+00
4.200000000000000000e+02 1.680008215996058318e-01 7.509103322712790130e-01 7.680928538916705073e-02 1.877560309512972189e-02 1.535047792444242110e-01 0.000000000000000000e+00
4.230000000000000000e+02 1.692008274681744417e-01 7.485207100591716456e-01 7.601274465179790052e-02 2.025489303595812488e-02 1.552116522530723741e-01 0.000000000000000000e+00
4.260000000000000000e+02 1.704008333367430517e-01 7.532999544833864913e-01 7.237141556668183484e-02 2.218934911242603433e-02 1.521392808375056915e-01 0.000000000000000000e+00
4.290000000000000000e+02 1.716008392053116616e-01 7.573964497041419941e-01 6.622667273554846967e-02 2.230314064633591095e-02 1.540737369139736079e-01 0.000000000000000000e+00
4.320000000000000000e+02 1.728008450738802715e-01 7.555757851615839682e-01 6.668183887118799003e-02 2.605826126536185672e-02 1.516841147018661851e-01 0.000000000000000000e+00
4.350000000000000000e+02 1.740008509424488814e-01 7.564861174328629811e-01 6.702321347291761988e-02 2.548930359581247015e-02 1.510013654984069253e-01 0.000000000000000000e+00
4.380000000000000000e+02 1.752008568110174913e-01 7.622894856622667303e-01 6.121984524351388457e-02 2.503413746017296368e-02 1.514565316340464318e-01 0.000000000000000000e+00
4.410000000000000000e+02 1.764008626795861012e-01 7.680928538916704795e-01 5.883022303140646170e-02 2.571688666363222686e-02 1.473600364132908458e-01 0.000000000000000000e+00
4.440000000000000000e+02 1.776008685481547111e-01 7.779927173418297315e-01 5.530268548020027264e-02 2.503413746017296368e-02 1.416704597177969871e-01 0.000000000000000000e+00
4.470000000000000000e+02 1.788008744167233210e-01 7.758306781975421451e-01 5.450614474283113631e-02 2.719617660446062984e-02 1.424670004551661373e-01 0.000000000000000000e+00
4.500000000000000000e+02 1.800008802852919310e-01 7.776513427401001710e-01 5.211652253072371344e-02 2.730996813837050646e-02 1.429221665908056438e-01 0.000000000000000000e+00
4.530000000000000000e+02 1.812008861538605409e-01 7.803823395539372099e-01 4.972690031861629750e-02 2.639963586709149004e-02 1.434911242603550408e-01 0.000000000000000000e+00
4.560000000000000000e+02 1.824008920224291508e-01 7.872098315885298625e-01 4.733727810650887463e-02 2.844788347746927612e-02 1.370050068274920319e-01 0.000000000000000000e+00
4.590000000000000000e+02 1.836008978909977607e-01 7.893718707328174489e-01 4.654073736913973830e-02 2.935821574874829254e-02 1.347291761492944995e-01 0.000000000000000000e+00
4.620000000000000000e+02 1.848009037595663706e-01 7.961993627674101015e-01 4.483386436049158208e-02 2.844788347746927612e-02 1.305188893946290507e-01 0.000000000000000000e+00
4.650000000000000000e+02 1.860009096281349805e-01 7.968821119708693335e-01 4.380974055530268557e-02 2.776513427401001294e-02 1.315430131998179264e-01 0.000000000000000000e+00
4.680000000000000000e+02 1.872009154967035904e-01 7.989303595812471404e-01 4.346836595357305572e-02 2.833409194355939950e-02 1.292671825216203940e-01 0.000000000000000000e+00
4.710000000000000000e+02 1.884009213652722003e-01 8.004096495220756058e-01 4.380974055530268557e-02 2.844788347746927612e-02 1.273327264451524776e-01 0.000000000000000000e+00
4.740000000000000000e+02 1.896009272338408103e-01 8.051888939462903405e-01 4.176149294492489950e-02 2.856167501137915274e-02 1.244879380974055483e-01 0.000000000000000000e+00
4.770000000000000000e+02 1.908009331024094202e-01 8.065543923532089154e-01 4.096495220755575623e-02 3.026854802002730896e-02 1.222121074192080159e-01 0.000000000000000000e+00
4.800000000000000000e+02 1.920009389709780301e-01 8.105370960400546387e-01 3.937187073281747662e-02 3.060992262175694228e-02 1.194811106053709632e-01 0.000000000000000000e+00
4.830000000000000000e+02 1.932009448395466400e-01 8.113336367774237612e-01 4.039599453800637313e-02 3.140646335912607862e-02 1.168639053254437871e-01 0.000000000000000000e+00
4.860000000000000000e+02 1.944009507081152499e-01 8.105370960400546387e-01 3.971324533454710648e-02 3.152025489303595523e-02 1.182294037323623065e-01 0.000000000000000000e+00
4.890000000000000000e+02 1.956009565766838598e-01 8.165680473372780579e-01 3.755120619025944378e-02 3.311333636777423484e-02 1.127674101046882149e-01 0.000000000000000000e+00
4.920000000000000000e+02 1.968009624452524697e-01 8.252162039144287364e-01 3.755120619025944378e-02 3.299954483386435822e-02 1.042330450614474269e-01 0.000000000000000000e+00
4.950000000000000000e+02 1.980009683138210796e-01 8.289713245334546787e-01 3.732362312243969055e-02 3.288575329995448160e-02 1.008192990441511144e-01 0.000000000000000000e+00
4.980000000000000000e+02 1.992009741823896896e-01 8.343195266272189770e-01 3.573054164770141095e-02 3.243058716431497512e-02 9.751934456076467861e-02 0.000000000000000000e+00
5.010000000000000000e+02 2.004009800509582995e-01 8.378470641784251383e-01 3.379608557123350149e-02 3.243058716431497512e-02 9.592626308602640595e-02 0.000000000000000000e+00
5.040000000000000000e+02 2.016009859195269094e-01 8.379608557123350288e-01 3.447883477469276120e-02 3.311333636777423484e-02 9.444697314519799602e-02 0.000000000000000000e+00
5.070000000000000000e+02 2.028009917880955193e-01 8.364815657715065633e-01 3.447883477469276120e-02 3.459262630860263782e-02 9.444697314519799602e-02 0.000000000000000000e+00
5.100000000000000000e+02 2.040009976566641292e-01 8.401228948566226151e-01 3.425125170687300796e-02 3.345471096950387163e-02 9.217114246700044977e-02 0.000000000000000000e+00
5.130000000000000000e+02 2.052010035252327391e-01 8.433090578060992160e-01 3.345471096950387163e-02 3.345471096950387163e-02 8.978152025489304078e-02 0.000000000000000000e+00
5.160000000000000000e+02 2.064010093938013490e-01 8.442193900773782289e-01 3.197542102867546865e-02 3.356850250341374825e-02 9.023668639053254725e-02 0.000000000000000000e+00
5.190000000000000000e+02 2.076010152623699589e-01 8.439918070095584479e-01 3.117888029130632538e-02 3.220300409649522189e-02 9.262630860263997012e-02 0.000000000000000000e+00
5.220000000000000000e+02 2.088010211309385689e-01 8.450159308147473514e-01 2.935821574874829254e-02 3.220300409649522189e-02 9.342284934000910646e-02 0.000000000000000000e+00
5.250000000000000000e+02 2.100010269995071788e-01 8.487710514337732937e-01 2.799271734182976618e-02 3.504779244424215123e-02 8.818843878015475424e-02 0.000000000000000000e+00
5.280000000000000000e+02 2.112010328680757887e-01 8.471779699590350488e-01 2.799271734182976618e-02 3.732362312243969055e-02 8.750568957669549452e-02 0.000000000000000000e+00
5.310000000000000000e+02 2.124010387366443986e-01 8.536640873918980299e-01 2.776513427401001294e-02 3.584433318161128756e-02 8.272644515248064878e-02 0.000000000000000000e+00
5.340000000000000000e+02 2.136010446052130085e-01 8.537778789258079204e-01 2.730996813837050646e-02 3.595812471552116418e-02 8.295402822030041590e-02 0.000000000000000000e+00
5.370000000000000000e+02 2.148010504737816184e-01 8.602639963586709015e-01 2.662721893491124328e-02 3.390987710514337811e-02 7.919890760127445972e-02 0.000000000000000000e+00
5.400000000000000000e+02 2.160010563423502283e-01 8.626536185707783799e-01 2.651342740100136666e-02 3.345471096950387163e-02 7.737824305871643382e-02 0.000000000000000000e+00
5.430000000000000000e+02 2.172010622109188382e-01 8.680018206645425671e-01 2.344105598543468408e-02 3.254437869822485174e-02 7.601274465179790052e-02 0.000000000000000000e+00
5.460000000000000000e+02 2.184010680794874482e-01 8.710741920801092775e-01 2.241693218024579104e-02 3.220300409649522189e-02 7.430587164314975124e-02 0.000000000000000000e+00
5.490000000000000000e+02 2.196010739480560581e-01 8.731224396904869733e-01 2.218934911242603433e-02 3.163404642694583185e-02 7.305416477014110843e-02 0.000000000000000000e+00
5.520000000000000000e+02 2.208010798166246680e-01 8.738051888939463163e-01 2.048247610377787811e-02 3.288575329995448160e-02 7.282658170232134132e-02 0.000000000000000000e+00
5.550000000000000000e+02 2.220010856851932779e-01 8.771051433773326966e-01 2.002730996813837164e-02 3.186162949476559203e-02 7.100591715976331542e-02 0.000000000000000000e+00
5.580000000000000000e+02 2.232010915537618878e-01 8.819981793354574329e-01 2.048247610377787811e-02 3.140646335912607862e-02 6.611288120163859305e-02 0.000000000000000000e+00
5.610000000000000000e+02 2.244010974223304977e-01 8.818843878015475424e-01 1.991351843422849502e-02 3.231679563040509851e-02 6.588529813381883982e-02 0.000000000000000000e+00
5.640000000000000000e+02 2.256011032908991076e-01 8.833636777423760078e-01 1.968593536640873831e-02 3.436504324078288458e-02 6.258534365043240399e-02 0.000000000000000000e+00
5.670000000000000000e+02 2.268011091594677175e-01 8.854119253527537037e-01 1.866181156121984527e-02 3.436504324078288458e-02 6.156121984524351443e-02 0.000000000000000000e+00
5.700000000000000000e+02 2.280011150280363275e-01 8.912152935821574529e-01 1.854802002730996865e-02 3.311333636777423484e-02 5.712335002275830548e-02 0.000000000000000000e+00
5.730000000000000000e+02 2.292011208966049374e-01 8.936049157942649313e-01 1.877560309512972189e-02 3.174783796085571541e-02 5.587164314974965573e-02 0.000000000000000000e+00
5.760000000000000000e+02 2.304011267651735473e-01 8.954255803368229572e-01 1.900318616294947513e-02 3.277196176604460498e-02 5.279927173418298009e-02 0.000000000000000000e+00
5.790000000000000000e+02 2.316011326337423792e-01 8.961083295402821891e-01 1.877560309512972189e-02 3.152025489303595523e-02 5.359581247155211642e-02 0.000000000000000000e+00
5.820000000000000000e+02 2.328011385023109892e-01 8.990669094219390090e-01 1.945835229858898507e-02 2.981338188438780248e-02 5.166135639508420696e-02 0.000000000000000000e+00
5.850000000000000000e+02 2.340011443708795991e-01 9.008875739644970349e-01 2.025489303595812488e-02 2.856167501137915274e-02 5.029585798816568060e-02 0.000000000000000000e+00
5.880000000000000000e+02 2.352011502394482090e-01 9.000910332271279124e-01 1.957214383249886169e-02 3.072371415566681890e-02 4.961310878470642088e-02 0.000000000000000000e+00
5.910000000000000000e+02 2.364011561080168189e-01 9.031634046426946227e-01 1.854802002730996865e-02 3.004096495220755572e-02 4.824761037778789452e-02 0.000000000000000000e+00
5.940000000000000000e+02 2.376011619765854288e-01 9.032771961766045132e-01 1.775147928994082885e-02 3.060992262175694228e-02 4.836140191169777114e-02 0.000000000000000000e+00
5.970000000000000000e+02 2.388011678451540387e-01 9.045289030496130867e-01 1.649977241693217911e-02 3.106508875739644876e-02 4.790623577605826466e-02 0.000000000000000000e+00
6.000000000000000000e+02 2.400011737137226486e-01 9.062357760582612221e-01 1.684114701866181243e-02 2.992717341829767910e-02 4.699590350477924477e-02 0.000000000000000000e+00
6.030000000000000000e+02 2.412011795822912585e-01 9.071461083295402350e-01 1.661356395084205573e-02 2.947200728265816916e-02 4.676832043695949154e-02 0.000000000000000000e+00
6.060000000000000000e+02 2.424011854508598685e-01 9.089667728720982609e-01 1.684114701866181243e-02 2.844788347746927612e-02 4.574419663177059503e-02 0.000000000000000000e+00
6.090000000000000000e+02 2.436011913194284784e-01 9.094219390077378229e-01 1.627218934911242587e-02 2.890304961310878606e-02 4.540282203004096517e-02 0.000000000000000000e+00
6.120000000000000000e+02 2.448011971879970883e-01 9.097633136094674944e-01 1.661356395084205573e-02 2.969959035047792587e-02 4.392353208921256219e-02 0.000000000000000000e+00
6.150000000000000000e+02 2.460012030565656982e-01 9.113563950842057393e-01 1.786527082385070547e-02 2.878925807919890598e-02 4.187528447883477611e-02 1.137915339098771066e-04
6.180000000000000000e+02 2.472012089251343081e-01 9.107874374146563978e-01 1.888939462903959851e-02 2.742375967228038308e-02 4.289940828402366568e-02 0.000000000000000000e+00
6.210000000000000000e+02 2.484012147937029180e-01 9.153390987710514626e-01 1.786527082385070547e-02 2.594446973145198010e-02 4.085116067364587961e-02 0.000000000000000000e+00
6.240000000000000000e+02 2.496012206622715279e-01 9.182976786527082824e-01 1.695493855257168905e-02 2.537551206190259354e-02 3.937187073281747662e-02 0.000000000000000000e+00
6.270000000000000000e+02 2.508012265308401378e-01 9.184114701866180619e-01 1.661356395084205573e-02 2.719617660446062984e-02 3.777878925807919702e-02 0.000000000000000000e+00
6.300000000000000000e+02 2.520012323994087478e-01 9.179563040509786109e-01 1.729631315430131891e-02 2.662721893491124328e-02 3.800637232589895026e-02 1.137915339098771066e-04
6.330000000000000000e+02 2.532012382679773577e-01 9.145425580336823401e-01 1.797906235776058209e-02 2.571688666363222686e-02 4.164770141101502288e-02 1.137915339098771066e-04
6.360000000000000000e+02 2.544012441365459676e-01 9.181838871187983919e-01 1.797906235776058209e-02 2.560309512972235024e-02 3.812016385980882688e-02 1.137915339098771066e-04
6.390000000000000000e+02 2.556012500051145775e-01 9.220527992717342247e-01 1.752389622212107562e-02 2.492034592626308706e-02 3.550295857988165771e-02 0.000000000000000000e+00
6.420000000000000000e+02 2.568012558736831874e-01 9.229631315430132377e-01 1.695493855257168905e-02 2.548930359581247015e-02 3.459262630860263782e-02 0.000000000000000000e+00
6.450000000000000000e+02 2.580012617422517973e-01 9.222803823395538947e-01 1.775147928994082885e-02 2.651342740100136666e-02 3.345471096950387163e-02 0.000000000000000000e+00
6.480000000000000000e+02 2.592012676108204072e-01 9.238734638142922506e-01 1.695493855257168905e-02 2.412380518889394726e-02 3.504779244424215123e-02 0.000000000000000000e+00
6.510000000000000000e+02 2.604012734793890171e-01 9.264906690942193990e-01 1.615839781520254925e-02 2.446517979062357712e-02 3.288575329995448160e-02 0.000000000000000000e+00
6.540000000000000000e+02 2.616012793479576271e-01 9.252389622212107145e-01 1.684114701866181243e-02 2.617205279927173334e-02 3.174783796085571541e-02 0.000000000000000000e+00
6.570000000000000000e+02 2.628012852165262370e-01 9.242148384160218111e-01 1.718252162039144229e-02 2.719617660446062984e-02 3.140646335912607862e-02 0.000000000000000000e+00
6.600000000000000000e+02 2.640012910850948469e-01 9.254665452890304955e-01 1.741010468821119553e-02 2.571688666363222686e-02 3.140646335912607862e-02 0.000000000000000000e+00
6.630000000000000000e+02 2.652012969536634568e-01 9.235320892125625791e-01 1.923076923076923184e-02 2.526172052799271692e-02 3.197542102867546865e-02 0.000000000000000000e+00
6.660000000000000000e+02 2.664013028222320667e-01 9.254665452890304955e-01 1.809285389167045871e-02 2.503413746017296368e-02 3.140646335912607862e-02 0.000000000000000000e+00
6.690000000000000000e+02 2.676013086908006766e-01 9.280837505689576439e-01 1.649977241693217911e-02 2.378243058716431393e-02 3.163404642694583185e-02 0.000000000000000000e+00
6.720000000000000000e+02 2.688013145593692865e-01 9.281975421028675344e-01 1.672735548475193582e-02 2.332726445152480746e-02 3.174783796085571541e-02 0.000000000000000000e+00
6.750000000000000000e+02 2.700013204279378964e-01 9.301319981793354508e-01 1.695493855257168905e-02 2.173418297678652786e-02 3.117888029130632538e-02 0.000000000000000000e+00
6.780000000000000000e+02 2.712013262965065064e-01 9.271734182976786309e-01 1.741010468821119553e-02 2.184797451069640448e-02 3.356850250341374825e-02 0.000000000000000000e+00
6.810000000000000000e+02 2.724013321650751163e-01 9.288802913063267663e-01 1.661356395084205573e-02 2.139280837505689453e-02 3.311333636777423484e-02 0.000000000000000000e+00
