# itime ezz other fcc hcp bcc ico
0.000000000000000000e+00 0.000000000000000000e+00 0.000000000000000000e+00 1.000000000000000000e+00 0.000000000000000000e+00 0.000000000000000000e+00 0.000000000000000000e+00
5.000000000000000000e+01 2.000000459825068688e-03 0.000000000000000000e+00 1.000000000000000000e+00 0.000000000000000000e+00 0.000000000000000000e+00 0.000000000000000000e+00
1.000000000000000000e+02 4.000000919650359421e-03 0.000000000000000000e+00 1.000000000000000000e+00 0.000000000000000000e+00 0.000000000000000000e+00 0.000000000000000000e+00
1.500000000000000000e+02 6.000001379475428109e-03 0.000000000000000000e+00 1.000000000000000000e+00 0.000000000000000000e+00 0.000000000000000000e+00 0.000000000000000000e+00
2.000000000000000000e+02 8.000001839300718842e-03 0.000000000000000000e+00 1.000000000000000000e+00 0.000000000000000000e+00 0.000000000000000000e+00 0.000000000000000000e+00
2.500000000000000000e+02 1.000000229912578753e-02 0.000000000000000000e+00 1.000000000000000000e+00 0.000000000000000000e+00 0.000000000000000000e+00 0.000000000000000000e+00
3.000000000000000000e+02 1.200000275895085622e-02 0.000000000000000000e+00 1.000000000000000000e+00 0.000000000000000000e+00 0.000000000000000000e+00 0.000000000000000000e+00
3.500000000000000000e+02 1.400000321877614695e-02 0.000000000000000000e+00 1.000000000000000000e+00 0.000000000000000000e+00 0.000000000000000000e+00 0.000000000000000000e+00
4.000000000000000000e+02 1.600000367860121564e-02 0.000000000000000000e+00 1.000000000000000000e+00 0.000000000000000000e+00 0.000000000000000000e+00 0.000000000000000000e+00
4.500000000000000000e+02 1.800000413842628433e-02 0.000000000000000000e+00 1.000000000000000000e+00 0.000000000000000000e+00 0.000000000000000000e+00 0.000000000000000000e+00
5.000000000000000000e+02 2.000000459825157506e-02 0.000000000000000000e+00 1.000000000000000000e+00 0.000000000000000000e+00 0.000000000000000000e+00 0.000000000000000000e+00
5.500000000000000000e+02 2.200000505807664375e-02 0.000000000000000000e+00 1.000000000000000000e+00 0.000000000000000000e+00 0.000000000000000000e+00 0.000000000000000000e+00
6.000000000000000000e+02 2.400000551790193448e-02 0.000000000000000000e+00 1.000000000000000000e+00 0.000000000000000000e+00 0.000000000000000000e+00 0.000000000000000000e+00
6.500000000000000000e+02 2.600000597772700317e-02 0.000000000000000000e+00 1.000000000000000000e+00 0.000000000000000000e+00 0.000000000000000000e+00 0.000000000000000000e+00
7.000000000000000000e+02 2.800000643755207186e-02 0.000000000000000000e+00 1.000000000000000000e+00 0.000000000000000000e+00 0.000000000000000000e+00 0.000000000000000000e+00
7.500000000000000000e+02 3.000000689737736259e-02 0.000000000000000000e+00 1.000000000000000000e+00 0.000000000000000000e+00 0.000000000000000000e+00 0.000000000000000000e+00
8.000000000000000000e+02 3.200000735720243128e-02 0.000000000000000000e+00 1.000000000000000000e+00 0.000000000000000000e+00 0.000000000000000000e+00 0.000000000000000000e+00
8.500000000000000000e+02 3.400000781702772201e-02 0.000000000000000000e+00 1.000000000000000000e+00 0.000000000000000000e+00 0.000000000000000000e+00 0.000000000000000000e+00
9.000000000000000000e+02 3.600000827685279070e-02 0.000000000000000000e+00 1.000000000000000000e+00 0.000000000000000000e+00 0.000000000000000000e+00 0.000000000000000000e+00
9.500000000000000000e+02 3.800000873667785939e-02 0.000000000000000000e+00 1.000000000000000000e+00 0.000000000000000000e+00 0.000000000000000000e+00 0.000000000000000000e+00
1.000000000000000000e+03 4.000000919650315012e-02 0.000000000000000000e+00 1.000000000000000000e+00 0.000000000000000000e+00 0.000000000000000000e+00 0.000000000000000000e+00
1.050000000000000000e+03 4.200000965632821881e-02 0.000000000000000000e+00 1.000000000000000000e+00 0.000000000000000000e+00 0.000000000000000000e+00 0.000000000000000000e+00
1.100000000000000000e+03 4.400001011615350954e-02 0.000000000000000000e+00 1.000000000000000000e+00 0.000000000000000000e+00 0.000000000000000000e+00 0.000000000000000000e+00
1.150000000000000000e+03 4.600001057597857823e-02 0.000000000000000000e+00 1.000000000000000000e+00 0.000000000000000000e+00 0.000000000000000000e+00 0.000000000000000000e+00
1.200000000000000000e+03 4.800001103580364692e-02 0.000000000000000000e+00 1.000000000000000000e+00 0.000000000000000000e+00 0.000000000000000000e+00 0.000000000000000000e+00
1.250000000000000000e+03 5.000001149562893765e-02 0.000000000000000000e+00 1.000000000000000000e+00 0.000000000000000000e+00 0.000000000000000000e+00 0.000000000000000000e+00
1.300000000000000000e+03 5.200001195545400634e-02 0.000000000000000000e+00 1.000000000000000000e+00 0.000000000000000000e+00 0.000000000000000000e+00 0.000000000000000000e+00
1.350000000000000000e+03 5.400001241527907503e-02 0.000000000000000000e+00 1.000000000000000000e+00 0.000000000000000000e+00 0.000000000000000000e+00 0.000000000000000000e+00
1.400000000000000000e+03 5.600001287510436576e-02 0.000000000000000000e+00 1.000000000000000000e+00 0.000000000000000000e+00 0.000000000000000000e+00 0.000000000000000000e+00
1.450000000000000000e+03 5.800001333492943445e-02 0.000000000000000000e+00 1.000000000000000000e+00 0.000000000000000000e+00 0.000000000000000000e+00 0.000000000000000000e+00
1.500000000000000000e+03 6.000001379475472518e-02 0.000000000000000000e+00 1.000000000000000000e+00 0.000000000000000000e+00 0.000000000000000000e+00 0.000000000000000000e+00
1.550000000000000000e+03 6.200001425457979387e-02 0.000000000000000000e+00 1.000000000000000000e+00 0.000000000000000000e+00 0.000000000000000000e+00 0.000000000000000000e+00
1.600000000000000000e+03 6.400001471440486256e-02 0.000000000000000000e+00 1.000000000000000000e+00 0.000000000000000000e+00 0.000000000000000000e+00 0.000000000000000000e+00
1.650000000000000000e+03 6.600001517423015329e-02 0.000000000000000000e+00 1.000000000000000000e+00 0.000000000000000000e+00 0.000000000000000000e+00 0.000000000000000000e+00
1.700000000000000000e+03 6.800001563405522198e-02 0.000000000000000000e+00 1.000000000000000000e+00 0.000000000000000000e+00 0.000000000000000000e+00 0.000000000000000000e+00
1.750000000000000000e+03 7.000001609388051271e-02 5.689576695493854790e-04 9.994310423304506585e-01 0.000000000000000000e+00 0.000000000000000000e+00 0.000000000000000000e+00
1.800000000000000000e+03 7.200001655370558140e-02 0.000000000000000000e+00 1.000000000000000000e+00 0.000000000000000000e+00 0.000000000000000000e+00 0.000000000000000000e+00
1.850000000000000000e+03 7.400001701353065009e-02 0.000000000000000000e+00 1.000000000000000000e+00 0.000000000000000000e+00 0.000000000000000000e+00 0.000000000000000000e+00
1.900000000000000000e+03 7.600001747335594082e-02 4.551661356395084266e-04 9.995448338643604380e-01 0.000000000000000000e+00 0.000000000000000000e+00 0.000000000000000000e+00
1.950000000000000000e+03 7.800001793318100951e-02 0.000000000000000000e+00 1.000000000000000000e+00 0.000000000000000000e+00 0.000000000000000000e+00 0.000000000000000000e+00
2.000000000000000000e+03 8.000001839300630024e-02 4.551661356395084266e-04 9.995448338643604380e-01 0.000000000000000000e+00 0.000000000000000000e+00 0.000000000000000000e+00
2.050000000000000000e+03 8.200001885283136893e-02 4.551661356395084266e-04 9.995448338643604380e-01 0.000000000000000000e+00 0.000000000000000000e+00 0.000000000000000000e+00
2.100000000000000000e+03 8.400001931265643762e-02 0.000000000000000000e+00 1.000000000000000000e+00 0.000000000000000000e+00 0.000000000000000000e+00 0.000000000000000000e+00
2.150000000000000000e+03 8.600001977248172835e-02 4.551661356395084266e-04 9.995448338643604380e-01 0.000000000000000000e+00 0.000000000000000000e+00 0.000000000000000000e+00
2.200000000000000000e+03 8.800002023230679704e-02 4.551661356395084266e-04 9.995448338643604380e-01 0.000000000000000000e+00 0.000000000000000000e+00 0.000000000000000000e+00
2.250000000000000000e+03 9.000002069213186573e-02 1.137915339098771066e-04 9.997724169321802190e-01 0.000000000000000000e+00 1.137915339098771066e-04 0.000000000000000000e+00
2.300000000000000000e+03 9.200002115195715646e-02 1.251706873008648227e-03 9.986345015930814251e-01 0.000000000000000000e+00 1.137915339098771066e-04 0.000000000000000000e+00
2.350000000000000000e+03 9.400002161178222515e-02 5.689576695493854790e-04 9.994310423304506585e-01 0.000000000000000000e+00 0.000000000000000000e+00 0.000000000000000000e+00
2.400000000000000000e+03 9.600002207160751588e-02 1.024123805188893906e-03 9.989758761948110966e-01 0.000000000000000000e+00 0.000000000000000000e+00 0.000000000000000000e+00
2.450000000000000000e+03 9.800002253143258457e-02 2.617205279927173507e-03 9.972690031861629611e-01 0.000000000000000000e+00 1.137915339098771066e-04 0.000000000000000000e+00
2.500000000000000000e+03 1.000000229912576533e-01 2.730996813837050560e-03 9.965862539827037292e-01 0.000000000000000000e+00 6.827492034592626399e-04 0.000000000000000000e+00
2.550000000000000000e+03 1.020000234510829440e-01 2.275830678197541916e-03 9.977241693218024121e-01 0.000000000000000000e+00 0.000000000000000000e+00 0.000000000000000000e+00
2.600000000000000000e+03 1.040000239109080127e-01 3.755120619025944465e-03 9.961310878470641672e-01 0.000000000000000000e+00 1.137915339098771066e-04 0.000000000000000000e+00
2.650000000000000000e+03 1.060000243707333034e-01 4.665452890304961318e-03 9.952207555757851543e-01 0.000000000000000000e+00 1.137915339098771066e-04 0.000000000000000000e+00
2.700000000000000000e+03 1.080000248305583721e-01 6.599908966772872511e-03 9.927173418297678964e-01 0.000000000000000000e+00 6.827492034592626399e-04 0.000000000000000000e+00
2.750000000000000000e+03 1.100000252903834408e-01 7.055075102412380721e-03 9.921483841602184439e-01 0.000000000000000000e+00 7.965407373691396923e-04 0.000000000000000000e+00
2.800000000000000000e+03 1.120000257502087315e-01 1.479289940828402289e-02 9.842967683204369989e-01 0.000000000000000000e+00 9.103322712790168532e-04 0.000000000000000000e+00
2.850000000000000000e+03 1.140000262100338002e-01 1.832043695949021542e-02 9.799726900318616041e-01 0.000000000000000000e+00 1.706873008648156654e-03 0.000000000000000000e+00
2.900000000000000000e+03 1.160000266698590909e-01 3.049613108784706567e-02 9.648384160218479444e-01 0.000000000000000000e+00 4.665452890304961318e-03 0.000000000000000000e+00
2.950000000000000000e+03 1.180000271296841596e-01 4.654073736913973830e-02 9.346836595357305155e-01 0.000000000000000000e+00 1.877560309512972189e-02 0.000000000000000000e+00
3.000000000000000000e+03 1.200000275895092283e-01 1.038916704597177970e-01 8.236231224396904915e-01 0.000000000000000000e+00 7.248520710059171146e-02 0.000000000000000000e+00
3.050000000000000000e+03 1.220000280493345191e-01 2.236003641329085134e-01 5.317478379608556738e-01 0.000000000000000000e+00 2.446517979062357850e-01 0.000000000000000000e+00
3.100000000000000000e+03 1.240000285091595877e-01 3.898497951752389890e-01 1.956076467910787542e-01 2.048247610377787811e-03 4.124943104233045332e-01 0.000000000000000000e+00
3.150000000000000000e+03 1.260000289689846564e-01 3.543468365953573174e-01 1.496358670914884059e-01 4.551661356395083832e-03 4.914656349567592120e-01 0.000000000000000000e+00
3.200000000000000000e+03 1.280000294288099472e-01 3.290851160673645692e-01 1.588529813381884259e-01 8.306781975421027864e-03 5.037551206190259423e-01 0.000000000000000000e+00
3.250000000000000000e+03 1.300000298886350159e-01 2.876649977241693135e-01 1.840009103322712836e-01 1.900318616294947513e-02 5.093309057806099105e-01 0.000000000000000000e+00
3.300000000000000000e+03 1.320000303484603066e-01 2.520482476103778069e-01 2.183659535730541612e-01 2.890304961310878606e-02 5.006827492034592320e-01 0.000000000000000000e+00
3.350000000000000000e+03 1.340000308082853753e-01 3.056440600819299025e-01 1.874146563495675821e-01 6.349567592171143082e-02 4.434456076467910846e-01 0.000000000000000000e+00
3.400000000000000000e+03 1.360000312681104440e-01 3.081474738279472159e-01 2.068730086481565811e-01 9.319526627218935322e-02 3.917842512517068498e-01 0.000000000000000000e+00
3.450000000000000000e+03 1.380000317279357347e-01 3.204369594902139462e-01 2.342967683204369711e-01 1.349567592171142527e-01 3.103095129722348577e-01 0.000000000000000000e+00
3.500000000000000000e+03 1.400000321877608034e-01 3.480883022303140617e-01 2.589895311788802945e-01 1.535047792444242110e-01 2.394173873463814328e-01 0.000000000000000000e+00
3.550000000000000000e+03 1.420000326475860941e-01 3.538916704597178109e-01 2.948338643604915821e-01 1.681838871187983642e-01 1.830905780609922706e-01 0.000000000000000000e+00
3.600000000000000000e+03 1.440000331074111628e-01 3.494538006372325811e-01 3.367091488393263443e-01 1.934456076467910846e-01 1.203914428766499761e-01 0.000000000000000000e+00
3.650000000000000000e+03 1.460000335672362315e-01 3.430814747382794905e-01 3.763086026399635742e-01 2.101729631315430169e-01 7.043695949021393232e-02 0.000000000000000000e+00
3.700000000000000000e+03 1.480000340270615222e-01 3.332954028220300180e-01 3.982703686845698865e-01 2.241693218024579104e-01 4.426490669094219205e-02 0.000000000000000000e+00
3.750000000000000000e+03 1.500000344868865909e-01 3.274920345926263243e-01 4.169321802457897075e-01 2.279244424214838527e-01 2.765134274010013632e-02 0.000000000000000000e+00
3.800000000000000000e+03 1.520000349467118816e-01 3.223714155666818626e-01 4.400318616294947582e-01 2.143832498862084657e-01 2.321347291761493084e-02 0.000000000000000000e+00
3.850000000000000000e+03 1.540000354065369503e-01 3.167956304050978389e-01 4.569868001820664438e-01 2.073281747837960876e-01 1.888939462903959851e-02 0.000000000000000000e+00
3.900000000000000000e+03 1.560000358663620190e-01 3.144060081929904160e-01 4.696176604460627901e-01 1.953800637232590010e-01 2.059626763768775473e-02 0.000000000000000000e+00
3.950000000000000000e+03 1.580000363261873098e-01 2.913063268092853653e-01 4.951069640418752638e-01 1.937869822485207005e-01 1.979972690031861493e-02 0.000000000000000000e+00
4.000000000000000000e+03 1.600000367860123784e-01 2.855029585798816716e-01 5.087619481110605690e-01 1.820664542558033672e-01 2.366863905325443732e-02 0.000000000000000000e+00
4.050000000000000000e+03 1.620000372458374471e-01 2.815202548930359483e-01 5.243513882567136797e-01 1.741010468821119761e-01 2.002730996813837164e-02 0.000000000000000000e+00
4.100000000000000000e+03 1.640000377056627379e-01 2.800409649522075384e-01 5.364132908511606290e-01 1.651115157032316816e-01 1.843422849340009204e-02 0.000000000000000000e+00
4.150000000000000000e+03 1.660000381654878066e-01 2.479517523896222209e-01 5.586026399635867223e-01 1.756941283568502488e-01 1.775147928994082885e-02 0.000000000000000000e+00
4.200000000000000000e+03 1.680000386253130973e-01 2.395311788802912956e-01 5.675921711424669613e-01 1.843422849340008995e-01 8.534365043240782836e-03 0.000000000000000000e+00
4.250000000000000000e+03 1.700000390851381660e-01 2.338416021847974646e-01 5.724852071005916976e-01 1.800182066454255880e-01 1.365498406918525323e-02 0.000000000000000000e+00
4.300000000000000000e+03 1.720000395449632347e-01 2.272416932180245652e-01 5.763541192535275304e-01 1.833181611288120239e-01 1.308602639963586667e-02 0.000000000000000000e+00
4.350000000000000000e+03 1.740000400047885254e-01 2.297451069640418786e-01 5.737369139736003820e-01 1.869594902139280757e-01 9.558488848429677609e-03 0.000000000000000000e+00
4.400000000000000000e+03 1.760000404646135941e-01 2.223486572598998567e-01 5.778334091943558848e-01 1.883249886208466228e-01 1.149294492489758707e-02 0.000000000000000000e+00
4.450000000000000000e+03 1.780000409244388848e-01 2.295175238962221254e-01 5.865953573054164538e-01 1.737596722803823324e-01 1.012744651797906244e-02 0.000000000000000000e+00
4.500000000000000000e+03 1.800000413842639535e-01 2.164314974965862448e-01 6.082157487482930946e-01 1.648839326354119283e-01 1.046882111970869403e-02 0.000000000000000000e+00
4.550000000000000000e+03 1.820000418440890222e-01 2.080109239872553473e-01 6.184569868001820181e-01 1.607874374146563423e-01 1.274465179790623508e-02 0.000000000000000000e+00
4.600000000000000000e+03 1.840000423039143129e-01 2.025489303595812418e-01 6.223258989531178509e-01 1.624943104233045055e-01 1.263086026399635846e-02 0.000000000000000000e+00
4.650000000000000000e+03 1.860000427637393816e-01 1.919663177059626746e-01 6.355257168866635942e-01 1.622667273554847522e-01 1.024123805188893906e-02 0.000000000000000000e+00
4.700000000000000000e+03 1.880000432235646723e-01 1.892353208921256358e-01 6.343878015475649113e-01 1.659080564406008318e-01 1.046882111970869403e-02 0.000000000000000000e+00
4.750000000000000000e+03 1.900000436833897410e-01 1.772872098315885214e-01 6.453117888029130667e-01 1.688666363222576239e-01 8.534365043240782836e-03 0.000000000000000000e+00
4.800000000000000000e+03 1.920000441432148097e-01 1.717114246700045532e-01 6.523668639053253893e-01 1.680700955848884737e-01 7.851615839781519654e-03 0.000000000000000000e+00
4.850000000000000000e+03 1.940000446030401005e-01 1.640873918980427781e-01 6.612426035502958488e-01 1.671597633136094607e-01 7.510241238051888930e-03 0.000000000000000000e+00
4.900000000000000000e+03 1.960000450628651691e-01 1.499772416932180219e-01 6.794492489758762188e-01 1.644287664997724219e-01 6.144742831133363434e-03 0.000000000000000000e+00
4.950000000000000000e+03 1.980000455226902378e-01 1.423532089212562468e-01 6.943559399180700975e-01 1.564633591260810308e-01 6.827492034592626616e-03 0.000000000000000000e+00
5.000000000000000000e+03 2.000000459825155286e-01 1.383705052344105513e-01 7.014110150204825311e-01 1.555530268548019901e-01 4.665452890304961318e-03 0.000000000000000000e+00
5.050000000000000000e+03 2.020000464423405973e-01 1.259672280382339582e-01 7.116522530723714546e-01 1.581702321347291662e-01 4.210286754665453109e-03 0.000000000000000000e+00
5.100000000000000000e+03 2.040000469021658880e-01 1.228948566226672756e-01 7.122212107419207960e-01 1.609012289485662328e-01 3.982703686845699004e-03 0.000000000000000000e+00
5.150000000000000000e+03 2.060000473619909567e-01 1.164087391898042806e-01 7.188211197086936677e-01 1.601046882111970826e-01 4.665452890304961318e-03 0.000000000000000000e+00
5.200000000000000000e+03 2.080000478218160254e-01 1.041192535275375503e-01 7.282658170232134687e-01 1.635184342284934089e-01 4.096495220755575623e-03 0.000000000000000000e+00
5.250000000000000000e+03 2.100000482816413161e-01 9.888484296768319803e-02 7.324761037778789730e-01 1.643149749658625314e-01 4.324078288575329727e-03 0.000000000000000000e+00
5.300000000000000000e+03 2.120000487414663848e-01 1.035502958579881672e-01 7.291761492944924816e-01 1.620391442876649990e-01 5.234410559854347014e-03 0.000000000000000000e+00
5.350000000000000000e+03 2.140000492012916755e-01 1.061675011379153433e-01 7.267865270823851143e-01 1.640873918980427781e-01 2.958579881656804664e-03 0.000000000000000000e+00
5.400000000000000000e+03 2.160000496611167442e-01 1.048020027309968100e-01 7.283796085571233592e-01 1.638598088302230249e-01 2.958579881656804664e-03 0.000000000000000000e+00
5.450000000000000000e+03 2.180000501209418129e-01 1.036640873918980438e-01 7.279244424214837972e-01 1.647701411015020379e-01 3.641329085116067413e-03 0.000000000000000000e+00
5.500000000000000000e+03 2.200000505807671036e-01 1.036640873918980438e-01 7.273554847519344557e-01 1.655666818388711881e-01 3.413746017296313308e-03 0.000000000000000000e+00
5.550000000000000000e+03 2.220000510405921723e-01 1.090122894856622726e-01 7.197314519799726806e-01 1.670459717796995980e-01 4.210286754665453109e-03 0.000000000000000000e+00
5.600000000000000000e+03 2.240000515004174630e-01 1.126536185707783383e-01 7.111970869367318926e-01 1.698907601274465273e-01 6.258534365043240920e-03 0.000000000000000000e+00
5.650000000000000000e+03 2.260000519602425317e-01 1.107191624943104219e-01 7.094902139280837572e-01 1.738734638142922229e-01 5.917159763313609329e-03 0.000000000000000000e+00
5.700000000000000000e+03 2.280000524200676004e-01 1.111743286299499284e-01 7.058488848429677054e-01 1.783113336367774249e-01 4.665452890304961318e-03 0.000000000000000000e+00
5.750000000000000000e+03 2.300000528798928912e-01 1.139053254437869811e-01 7.010696404187528596e-01 1.785389167045971781e-01 6.486117432862995025e-03 0.000000000000000000e+00
5.800000000000000000e+03 2.320000533397179598e-01 1.151570323167956239e-01 6.989076012744651623e-01 1.797906235776058348e-01 6.144742831133363434e-03 0.000000000000000000e+00
5.850000000000000000e+03 2.340000537995430285e-01 1.197086936731907164e-01 6.918525261720528396e-01 1.834319526627218866e-01 5.006827492034592909e-03 0.000000000000000000e+00
5.900000000000000000e+03 2.360000542593683193e-01 1.203914428766499761e-01 6.888939462903960198e-01 1.845698680018206528e-01 6.144742831133363434e-03 0.000000000000000000e+00
5.950000000000000000e+03 2.380000547191933880e-01 1.174328629949931702e-01 6.890077378243059103e-01 1.891215293582157453e-01 4.437869822485207214e-03 0.000000000000000000e+00
6.000000000000000000e+03 2.400000551790186787e-01 1.220983158852981393e-01 6.898042785616750328e-01 1.813837050523441075e-01 6.713700500682749130e-03 0.000000000000000000e+00
6.050000000000000000e+03 2.420000556388437474e-01 1.324533454710969393e-01 6.830905780609922706e-01 1.776285844333181652e-01 6.827492034592626616e-03 0.000000000000000000e+00
6.100000000000000000e+03 2.440000560986688161e-01 1.352981338188438687e-01 6.825216203914429292e-01 1.748975876194810986e-01 7.282658170232134826e-03 0.000000000000000000e+00
6.150000000000000000e+03 2.460000565584941068e-01 1.389394629039599482e-01 6.822940373236231482e-01 1.720527992717341692e-01 6.713700500682749130e-03 0.000000000000000000e+00
6.200000000000000000e+03 2.480000570183191755e-01 1.301775147928994070e-01 6.868456986800182129e-01 1.754665452890304955e-01 7.510241238051888930e-03 0.000000000000000000e+00
6.250000000000000000e+03 2.500000574781444662e-01 1.297223486572599005e-01 6.885525716886663483e-01 1.742148384160218388e-01 7.510241238051888930e-03 0.000000000000000000e+00
6.300000000000000000e+03 2.520000579379695349e-01 1.319981793354574329e-01 6.880974055530268974e-01 1.712562585343650468e-01 8.648156577150659455e-03 0.000000000000000000e+00
6.350000000000000000e+03 2.540000583977946036e-01 1.306326809285389134e-01 6.880974055530268974e-01 1.747837960855712358e-01 6.486117432862995025e-03 0.000000000000000000e+00
6.400000000000000000e+03 2.560000588576198943e-01 1.234638142922166587e-01 6.954938552571688914e-01 1.762630860263996457e-01 4.779244424214838804e-03 0.000000000000000000e+00
6.450000000000000000e+03 2.580000593174449630e-01 1.241465634956759184e-01 6.939007737824305355e-01 1.755803368229403860e-01 6.372325898953117539e-03 0.000000000000000000e+00
6.500000000000000000e+03 2.600000597772702537e-01 1.299499317250796537e-01 6.915111515703231682e-01 1.746700045516613453e-01 3.868912152935821518e-03 0.000000000000000000e+00
6.550000000000000000e+03 2.620000602370953224e-01 1.267637687756031084e-01 6.954938552571688914e-01 1.745562130177514826e-01 3.186162949476558769e-03 0.000000000000000000e+00
6.600000000000000000e+03 2.640000606969203911e-01 1.276741010468821214e-01 6.956076467910787819e-01 1.705735093309057870e-01 6.144742831133363434e-03 0.000000000000000000e+00
6.650000000000000000e+03 2.660000611567456819e-01 1.260810195721438209e-01 6.998179335457441752e-01 1.676149294492489672e-01 6.486117432862995025e-03 0.000000000000000000e+00
6.700000000000000000e+03 2.680000616165707505e-01 1.224396904870277691e-01 7.060764679107874864e-01 1.667045971779699542e-01 4.779244424214838804e-03 0.000000000000000000e+00
6.750000000000000000e+03 2.700000620763958192e-01 1.214155666818388657e-01 7.076695493855257313e-01 1.662494310423304478e-01 4.665452890304961318e-03 0.000000000000000000e+00
6.800000000000000000e+03 2.720000625362211100e-01 1.233500227583067821e-01 7.058488848429677054e-01 1.673873463814292140e-01 3.413746017296313308e-03 0.000000000000000000e+00
6.850000000000000000e+03 2.740000629960461787e-01 1.234638142922166587e-01 7.042558033682293495e-01 1.693218024578971304e-01 2.958579881656804664e-03 0.000000000000000000e+00
6.900000000000000000e+03 2.760000634558714694e-01 1.224396904870277691e-01 7.017523896222120916e-01 1.718252162039144160e-01 3.982703686845699004e-03 0.000000000000000000e+00
6.950000000000000000e+03 2.780000639156965381e-01 1.248293126991351781e-01 6.976558944014564778e-01 1.734182976786527164e-01 4.096495220755575623e-03 0.000000000000000000e+00
7.000000000000000000e+03 2.800000643755216068e-01 1.243741465634956717e-01 7.000455166135639562e-01 1.721665908056440597e-01 3.413746017296313308e-03 0.000000000000000000e+00
7.050000000000000000e+03 2.820000648353468975e-01 1.233500227583067821e-01 6.977696859353663683e-01 1.748975876194810986e-01 3.982703686845699004e-03 0.000000000000000000e+00
7.100000000000000000e+03 2.840000652951719662e-01 1.264223941738734647e-01 6.970869367319071364e-01 1.733045061447428259e-01 3.186162949476558769e-03 0.000000000000000000e+00
7.150000000000000000e+03 2.860000657549972569e-01 1.255120619025944517e-01 6.942421483841602070e-01 1.770596267637687682e-01 3.186162949476558769e-03 0.000000000000000000e+00
7.200000000000000000e+03 2.880000662148223256e-01 1.273327264451524776e-01 6.943559399180700975e-01 1.754665452890304955e-01 2.844788347746927612e-03 0.000000000000000000e+00
7.250000000000000000e+03 2.900000666746473943e-01 1.255120619025944517e-01 6.903732362312243742e-01 1.796768320436959443e-01 4.437869822485207214e-03 0.000000000000000000e+00
7.300000000000000000e+03 2.920000671344726850e-01 1.289258079198907503e-01 6.886663632225762388e-01 1.799044151115156975e-01 2.503413746017296455e-03 0.000000000000000000e+00
7.350000000000000000e+03 2.940000675942977537e-01 1.290395994538006408e-01 6.877560309512972259e-01 1.802457897132453413e-01 2.958579881656804664e-03 0.000000000000000000e+00
7.400000000000000000e+03 2.960000680541230444e-01 1.271051433773327244e-01 6.887801547564861293e-01 1.802457897132453413e-01 3.868912152935821518e-03 0.000000000000000000e+00
7.450000000000000000e+03 2.980000685139481131e-01 1.309740555302685572e-01 6.869594902139281034e-01 1.788802913063268218e-01 3.186162949476558769e-03 0.000000000000000000e+00
7.500000000000000000e+03 3.000000689737731818e-01 1.317705962676376796e-01 6.870732817478379939e-01 1.783113336367774249e-01 2.844788347746927612e-03 0.000000000000000000e+00
7.550000000000000000e+03 3.020000694335984726e-01 1.366636322257624159e-01 6.812699135184342447e-01 1.807009558488848477e-01 1.365498406918525280e-03 0.000000000000000000e+00
7.600000000000000000e+03 3.040000698934235412e-01 1.337050523441055960e-01 6.805871643149750128e-01 1.820664542558033672e-01 3.641329085116067413e-03 0.000000000000000000e+00
7.650000000000000000e+03 3.060000703532486099e-01 1.333636777423759801e-01 6.797906235776057793e-01 1.835457441966317771e-01 3.299954483386436255e-03 0.000000000000000000e+00
7.700000000000000000e+03 3.080000708130739007e-01 1.352981338188438687e-01 6.779699590350477534e-01 1.821802457897132577e-01 4.551661356395083832e-03 0.000000000000000000e+00
7.750000000000000000e+03 3.100000712728989694e-01 1.401911697769686049e-01 6.727355484751934567e-01 1.833181611288120239e-01 3.755120619025944465e-03 0.000000000000000000e+00
7.800000000000000000e+03 3.120000717327242601e-01 1.414428766499772339e-01 6.684114701866180619e-01 1.851388256713700498e-01 5.006827492034592909e-03 0.000000000000000000e+00
7.850000000000000000e+03 3.140000721925493288e-01 1.458807464724624359e-01 6.652253072371415721e-01 1.835457441966317771e-01 5.348202093764223633e-03 0.000000000000000000e+00
7.900000000000000000e+03 3.160000726523743975e-01 1.477014110150204895e-01 6.685252617205279524e-01 1.801319981793354508e-01 3.641329085116067413e-03 0.000000000000000000e+00
7.950000000000000000e+03 3.180000731121996882e-01 1.507737824305871721e-01 6.622667273554847522e-01 1.828629949931725174e-01 4.096495220755575623e-03 0.000000000000000000e+00
8.000000000000000000e+03 3.200000735720247569e-01 1.512289485662266786e-01 6.605598543468366168e-01 1.847974510696404060e-01 3.413746017296313308e-03 0.000000000000000000e+00
8.050000000000000000e+03 3.220000740318500476e-01 1.554392353208921274e-01 6.544151115157031962e-01 1.862767410104688159e-01 3.868912152935821518e-03 0.000000000000000000e+00
8.100000000000000000e+03 3.240000744916751163e-01 1.573736913973600438e-01 6.525944469731451703e-01 1.850250341374601593e-01 5.006827492034592909e-03 0.000000000000000000e+00
8.150000000000000000e+03 3.260000749515001850e-01 1.651115157032316816e-01 6.463359126081019701e-01 1.830905780609922706e-01 5.461993627674101119e-03 0.000000000000000000e+00
8.200000000000000000e+03 3.280000754113254757e-01 1.677287209831588577e-01 6.438324988620847122e-01 1.824078288575330109e-01 6.030951297223486815e-03 0.000000000000000000e+00
8.250000000000000000e+03 3.300000758711505444e-01 1.696631770596267741e-01 6.382567137005006330e-01 1.846836595357305433e-01 7.396449704142011444e-03 0.000000000000000000e+00
8.300000000000000000e+03 3.320000763309758351e-01 1.769458352298589054e-01 6.279016841147018191e-01 1.862767410104688159e-01 8.875739644970414427e-03 0.000000000000000000e+00
8.350000000000000000e+03 3.340000767908009038e-01 1.797906235776058348e-01 6.276741010468821491e-01 1.869594902139280757e-01 5.575785161583977738e-03 0.000000000000000000e+00
8.400000000000000000e+03 3.360000772506259725e-01 1.826354119253527641e-01 6.223258989531178509e-01 1.860491579426490627e-01 8.989531178880291046e-03 0.000000000000000000e+00
8.450000000000000000e+03 3.380000777104512633e-01 1.940145653163404538e-01 6.159535730541647602e-01 1.791078743741465751e-01 1.092398725534820224e-02 0.000000000000000000e+00
8.500000000000000000e+03 3.400000781702763319e-01 1.993627674101046965e-01 6.158397815202548697e-01 1.717114246700045532e-01 1.308602639963586667e-02 0.000000000000000000e+00
8.550000000000000000e+03 3.420000786301014006e-01 2.056213017751479244e-01 6.093536640873918886e-01 1.731907146108329631e-01 1.183431952662721866e-02 0.000000000000000000e+00
8.600000000000000000e+03 3.440000790899266914e-01 2.051661356395084179e-01 6.081019572143832042e-01 1.775147928994082747e-01 9.217114246700046018e-03 0.000000000000000000e+00
8.650000000000000000e+03 3.460000795497517601e-01 2.121074192080109333e-01 6.016158397815202230e-01 1.786527082385070686e-01 7.624032771961766417e-03 0.000000000000000000e+00
8.700000000000000000e+03 3.480000800095770508e-01 2.096040054619936199e-01 6.035502958579881394e-01 1.772872098315885214e-01 9.558488848429677609e-03 0.000000000000000000e+00
8.750000000000000000e+03 3.500000804694021195e-01 2.118798361401911801e-01 6.026399635867091265e-01 1.770596267637687682e-01 8.420573509330906217e-03 0.000000000000000000e+00
8.800000000000000000e+03 3.520000809292271882e-01 2.143832498862084657e-01 5.992262175694128556e-01 1.750113791533909890e-01 1.137915339098771045e-02 0.000000000000000000e+00
8.850000000000000000e+03 3.540000813890524789e-01 2.157487482931269851e-01 5.949021392808374609e-01 1.819526627218935044e-01 7.396449704142011444e-03 0.000000000000000000e+00
8.900000000000000000e+03 3.560000818488775476e-01 2.134729176149294527e-01 5.979745106964041712e-01 1.825216203914428736e-01 6.030951297223486815e-03 0.000000000000000000e+00
8.950000000000000000e+03 3.580000823087028383e-01 2.093764223941738667e-01 6.068502503413746307e-01 1.763768775603095085e-01 7.396449704142011444e-03 0.000000000000000000e+00
9.000000000000000000e+03 3.600000827685279070e-01 2.032316795630405015e-01 6.190259444697314706e-01 1.687528447883477334e-01 8.989531178880291046e-03 0.000000000000000000e+00
9.050000000000000000e+03 3.620000832283529757e-01 1.975421028675466428e-01 6.231224396904869733e-01 1.725079654073737034e-01 6.827492034592626616e-03 0.000000000000000000e+00
9.100000000000000000e+03 3.640000836881782664e-01 1.934456076467910846e-01 6.329085116067364458e-01 1.681838871187983642e-01 5.461993627674101119e-03 0.000000000000000000e+00
9.150000000000000000e+03 3.660000841480033351e-01 1.908284023668639084e-01 6.354119253527537037e-01 1.678425125170687204e-01 5.917159763313609329e-03 0.000000000000000000e+00
9.200000000000000000e+03 3.680000846078286258e-01 1.873008648156577194e-01 6.372325898953118406e-01 1.701183431952662806e-01 5.348202093764223633e-03 0.000000000000000000e+00
9.250000000000000000e+03 3.700000850676536945e-01 1.916249431042330587e-01 6.341602184797451303e-01 1.679563040509786109e-01 6.258534365043240920e-03 0.000000000000000000e+00
9.300000000000000000e+03 3.720000855274787632e-01 1.861629494765589532e-01 6.375739644970414011e-01 1.695493855257168836e-01 6.713700500682749130e-03 0.000000000000000000e+00
9.350000000000000000e+03 3.740000859873040540e-01 1.846836595357305433e-01 6.341602184797451303e-01 1.738734638142922229e-01 7.282658170232134826e-03 0.000000000000000000e+00
9.400000000000000000e+03 3.760000864471291226e-01 1.829767865270823801e-01 6.290395994538006130e-01 1.821802457897132577e-01 5.803368229403732710e-03 0.000000000000000000e+00
9.450000000000000000e+03 3.780000869069541913e-01 1.817250796540737234e-01 6.244879380974055483e-01 1.894629039599453890e-01 4.324078288575329727e-03 0.000000000000000000e+00
9.500000000000000000e+03 3.800000873667794821e-01 1.829767865270823801e-01 6.250568957669548897e-01 1.879836140191169791e-01 3.982703686845699004e-03 0.000000000000000000e+00
9.550000000000000000e+03 3.820000878266045508e-01 1.805871643149749572e-01 6.247155211652253293e-01 1.907146108329540179e-01 3.982703686845699004e-03 0.000000000000000000e+00
9.600000000000000000e+03 3.840000882864298415e-01 1.799044151115156975e-01 6.276741010468821491e-01 1.877560309512972259e-01 4.665452890304961318e-03 0.000000000000000000e+00
9.650000000000000000e+03 3.860000887462549102e-01 1.787664997724169313e-01 6.317705962676376519e-01 1.841147018661811463e-01 5.348202093764223633e-03 0.000000000000000000e+00
9.700000000000000000e+03 3.880000892060799789e-01 1.785389167045971781e-01 6.325671370050067743e-01 1.828629949931725174e-01 6.030951297223486815e-03 0.000000000000000000e+00
9.750000000000000000e+03 3.900000896659052696e-01 1.834319526627218866e-01 6.301775147928994070e-01 1.809285389167046010e-01 5.461993627674101119e-03 0.000000000000000000e+00
9.800000000000000000e+03 3.920000901257305603e-01 1.811561219845243542e-01 6.317705962676376519e-01 1.821802457897132577e-01 4.893035958124715423e-03 0.000000000000000000e+00
9.850000000000000000e+03 3.940000905855556290e-01 1.847974510696404060e-01 6.246017296313154388e-01 1.841147018661811463e-01 6.486117432862995025e-03 0.000000000000000000e+00
9.900000000000000000e+03 3.960000910453804757e-01 1.875284478834774726e-01 6.195949021392808120e-01 1.871870732817478289e-01 5.689576695493855224e-03 0.000000000000000000e+00
9.950000000000000000e+03 3.980000915052057664e-01 1.827492034592626269e-01 6.197086936731907025e-01 1.909421939007737712e-01 6.599908966772872511e-03 0.000000000000000000e+00
1.000000000000000000e+04 4.000000919650310571e-01 1.886663632225762388e-01 6.189121529358215801e-01 1.862767410104688159e-01 6.144742831133363434e-03 0.000000000000000000e+00
1.005000000000000000e+04 4.020000924248561258e-01 1.874146563495675821e-01 6.220983158852981809e-01 1.850250341374601593e-01 5.461993627674101119e-03 0.000000000000000000e+00
1.010000000000000000e+04 4.040000928846811945e-01 1.871870732817478289e-01 6.207328174783796060e-01 1.857077833409194467e-01 6.372325898953117539e-03 0.000000000000000000e+00
1.015000000000000000e+04 4.060000933445064852e-01 1.859353664087392000e-01 6.224396904870277414e-01 1.849112426035502965e-01 6.713700500682749130e-03 0.000000000000000000e+00
1.020000000000000000e+04 4.080000938043317760e-01 1.923076923076923184e-01 6.231224396904869733e-01 1.791078743741465751e-01 5.461993627674101119e-03 0.000000000000000000e+00
1.025000000000000000e+04 4.100000942641568447e-01 1.892353208921256358e-01 6.256258534365043422e-01 1.792216659080564378e-01 5.917159763313609329e-03 0.000000000000000000e+00
1.030000000000000000e+04 4.120000947239816913e-01 1.927628584433318248e-01 6.266499772416932457e-01 1.753527537551206328e-01 5.234410559854347014e-03 0.000000000000000000e+00
1.035000000000000000e+04 4.140000951838069820e-01 1.954938552571688637e-01 6.261948111060536837e-01 1.734182976786527164e-01 4.893035958124715423e-03 0.000000000000000000e+00
1.040000000000000000e+04 4.160000956436324948e-01 1.964041875284478766e-01 6.251706873008647802e-01 1.727355484751934567e-01 5.689576695493855224e-03 0.000000000000000000e+00
1.045000000000000000e+04 4.180000961034573415e-01 2.011834319526627224e-01 6.211879836140191680e-01 1.708010923987255403e-01 6.827492034592626616e-03 0.000000000000000000e+00
1.050000000000000000e+04 4.200000965632824101e-01 2.061902594446973214e-01 6.141329085116067343e-01 1.718252162039144160e-01 7.851615839781519654e-03 0.000000000000000000e+00
1.055000000000000000e+04 4.220000970231077009e-01 2.106281292671825234e-01 6.107191624943104635e-01 1.717114246700045532e-01 6.941283568502503235e-03 0.000000000000000000e+00
1.060000000000000000e+04 4.240000974829329916e-01 2.097177969959035104e-01 6.019572143832498945e-01 1.772872098315885214e-01 1.103777878925807886e-02 0.000000000000000000e+00
1.065000000000000000e+04 4.260000979427580603e-01 2.104005461993627701e-01 5.970641784251251583e-01 1.824078288575330109e-01 1.012744651797906244e-02 0.000000000000000000e+00
1.070000000000000000e+04 4.280000984025831290e-01 2.176832043695949015e-01 5.860263996358671124e-01 1.875284478834774726e-01 8.761948111060537808e-03 0.000000000000000000e+00
1.075000000000000000e+04 4.300000988624084197e-01 2.140418752844788219e-01 5.842057350933090865e-01 1.927628584433318248e-01 8.989531178880291046e-03 0.000000000000000000e+00
1.080000000000000000e+04 4.320000993222337105e-01 2.165452890304961353e-01 5.789713245334546787e-01 1.978834774692762866e-01 6.599908966772872511e-03 0.000000000000000000e+00
1.085000000000000000e+04 4.340000997820585571e-01 2.188211197086936677e-01 5.711197086936732337e-01 2.016385980883022289e-01 8.420573509330906217e-03 0.000000000000000000e+00
1.090000000000000000e+04 4.360001002418836258e-01 2.264451524806554428e-01 5.716886663632225751e-01 1.923076923076923184e-01 9.558488848429677609e-03 0.000000000000000000e+00
1.095000000000000000e+04 4.380001007017089165e-01 2.250796540737369233e-01 5.769230769230768718e-01 1.882111970869367323e-01 9.786071916249430847e-03 0.000000000000000000e+00
1.100000000000000000e+04 4.400001011615342073e-01 2.170004551661356418e-01 5.834091943559399640e-01 1.894629039599453890e-01 1.012744651797906244e-02 0.000000000000000000e+00
1.105000000000000000e+04 4.420001016213592759e-01 2.133591260810195622e-01 5.851160673645880994e-01 1.926490669094219343e-01 8.875739644970414427e-03 0.000000000000000000e+00
1.110000000000000000e+04 4.440001020811843446e-01 2.187073281747838049e-01 5.859126081019572219e-01 1.879836140191169791e-01 7.396449704142011444e-03 0.000000000000000000e+00
1.115000000000000000e+04 4.460001025410096354e-01 2.197314519799726806e-01 5.848884842967683184e-01 1.865043240782885692e-01 8.875739644970414427e-03 0.000000000000000000e+00
1.120000000000000000e+04 4.480001030008349261e-01 2.205279927173418308e-01 5.896677287209831642e-01 1.809285389167046010e-01 8.875739644970414427e-03 0.000000000000000000e+00
1.125000000000000000e+04 4.500001034606597727e-01 2.200728265817023244e-01 5.953573054164770229e-01 1.777423759672280279e-01 6.827492034592626616e-03 0.000000000000000000e+00
1.130000000000000000e+04 4.520001039204848414e-01 2.200728265817023244e-01 6.001365498406918686e-01 1.733045061447428259e-01 6.486117432862995025e-03 0.000000000000000000e+00
1.135000000000000000e+04 4.540001043803101322e-01 2.220072826581702408e-01 5.987710514337732937e-01 1.703459262630860338e-01 8.875739644970414427e-03 0.000000000000000000e+00
