# itime ezz other fcc hcp bcc ico
0.000000000000000000e+00 0.000000000000000000e+00 0.000000000000000000e+00 1.000000000000000000e+00 0.000000000000000000e+00 0.000000000000000000e+00 0.000000000000000000e+00
2.500000000000000000e+01 1.000061587338674229e-03 0.000000000000000000e+00 1.000000000000000000e+00 0.000000000000000000e+00 0.000000000000000000e+00 0.000000000000000000e+00
5.000000000000000000e+01 2.000123174677348459e-03 0.000000000000000000e+00 1.000000000000000000e+00 0.000000000000000000e+00 0.000000000000000000e+00 0.000000000000000000e+00
7.500000000000000000e+01 3.000184762016022688e-03 0.000000000000000000e+00 1.000000000000000000e+00 0.000000000000000000e+00 0.000000000000000000e+00 0.000000000000000000e+00
1.000000000000000000e+02 4.000246349354696918e-03 0.000000000000000000e+00 1.000000000000000000e+00 0.000000000000000000e+00 0.000000000000000000e+00 0.000000000000000000e+00
1.250000000000000000e+02 5.000307936693371147e-03 0.000000000000000000e+00 1.000000000000000000e+00 0.000000000000000000e+00 0.000000000000000000e+00 0.000000000000000000e+00
1.500000000000000000e+02 6.000369524032045376e-03 0.000000000000000000e+00 1.000000000000000000e+00 0.000000000000000000e+00 0.000000000000000000e+00 0.000000000000000000e+00
1.750000000000000000e+02 7.000431111370719606e-03 0.000000000000000000e+00 1.000000000000000000e+00 0.000000000000000000e+00 0.000000000000000000e+00 0.000000000000000000e+00
2.000000000000000000e+02 8.000492698709393835e-03 0.000000000000000000e+00 1.000000000000000000e+00 0.000000000000000000e+00 0.000000000000000000e+00 0.000000000000000000e+00
2.250000000000000000e+02 9.000554286048068064e-03 0.000000000000000000e+00 1.000000000000000000e+00 0.000000000000000000e+00 0.000000000000000000e+00 0.000000000000000000e+00
2.500000000000000000e+02 1.000061587338674229e-02 0.000000000000000000e+00 1.000000000000000000e+00 0.000000000000000000e+00 0.000000000000000000e+00 0.000000000000000000e+00
2.750000000000000000e+02 1.100067746072541652e-02 0.000000000000000000e+00 1.000000000000000000e+00 0.000000000000000000e+00 0.000000000000000000e+00 0.000000000000000000e+00
3.000000000000000000e+02 1.200073904806409075e-02 0.000000000000000000e+00 1.000000000000000000e+00 0.000000000000000000e+00 0.000000000000000000e+00 0.000000000000000000e+00
3.250000000000000000e+02 1.300080063540276498e-02 0.000000000000000000e+00 1.000000000000000000e+00 0.000000000000000000e+00 0.000000000000000000e+00 0.000000000000000000e+00
3.500000000000000000e+02 1.400086222274143921e-02 0.000000000000000000e+00 1.000000000000000000e+00 0.000000000000000000e+00 0.000000000000000000e+00 0.000000000000000000e+00
3.750000000000000000e+02 1.500092381008011344e-02 0.000000000000000000e+00 1.000000000000000000e+00 0.000000000000000000e+00 0.000000000000000000e+00 0.000000000000000000e+00
4.000000000000000000e+02 1.600098539741878767e-02 0.000000000000000000e+00 1.000000000000000000e+00 0.000000000000000000e+00 0.000000000000000000e+00 0.000000000000000000e+00
4.250000000000000000e+02 1.700104698475746190e-02 0.000000000000000000e+00 1.000000000000000000e+00 0.000000000000000000e+00 0.000000000000000000e+00 0.000000000000000000e+00
4.500000000000000000e+02 1.800110857209613613e-02 0.000000000000000000e+00 1.000000000000000000e+00 0.000000000000000000e+00 0.000000000000000000e+00 0.000000000000000000e+00
4.750000000000000000e+02 1.900117015943481036e-02 0.000000000000000000e+00 1.000000000000000000e+00 0.000000000000000000e+00 0.000000000000000000e+00 0.000000000000000000e+00
5.000000000000000000e+02 2.000123174677348459e-02 0.000000000000000000e+00 1.000000000000000000e+00 0.000000000000000000e+00 0.000000000000000000e+00 0.000000000000000000e+00
5.250000000000000000e+02 2.100129333411215882e-02 0.000000000000000000e+00 1.000000000000000000e+00 0.000000000000000000e+00 0.000000000000000000e+00 0.000000000000000000e+00
5.500000000000000000e+02 2.200135492145083305e-02 0.000000000000000000e+00 1.000000000000000000e+00 0.000000000000000000e+00 0.000000000000000000e+00 0.000000000000000000e+00
5.750000000000000000e+02 2.300141650878950728e-02 0.000000000000000000e+00 1.000000000000000000e+00 0.000000000000000000e+00 0.000000000000000000e+00 0.000000000000000000e+00
6.000000000000000000e+02 2.400147809612818151e-02 0.000000000000000000e+00 1.000000000000000000e+00 0.000000000000000000e+00 0.000000000000000000e+00 0.000000000000000000e+00
6.250000000000000000e+02 2.500153968346685573e-02 0.000000000000000000e+00 1.000000000000000000e+00 0.000000000000000000e+00 0.000000000000000000e+00 0.000000000000000000e+00
6.500000000000000000e+02 2.600160127080552996e-02 0.000000000000000000e+00 1.000000000000000000e+00 0.000000000000000000e+00 0.000000000000000000e+00 0.000000000000000000e+00
6.750000000000000000e+02 2.700166285814420419e-02 0.000000000000000000e+00 1.000000000000000000e+00 0.000000000000000000e+00 0.000000000000000000e+00 0.000000000000000000e+00
7.000000000000000000e+02 2.800172444548287842e-02 0.000000000000000000e+00 1.000000000000000000e+00 0.000000000000000000e+00 0.000000000000000000e+00 0.000000000000000000e+00
7.250000000000000000e+02 2.900178603282155265e-02 0.000000000000000000e+00 1.000000000000000000e+00 0.000000000000000000e+00 0.000000000000000000e+00 0.000000000000000000e+00
7.500000000000000000e+02 3.000184762016022688e-02 0.000000000000000000e+00 1.000000000000000000e+00 0.000000000000000000e+00 0.000000000000000000e+00 0.000000000000000000e+00
7.750000000000000000e+02 3.100190920749890111e-02 0.000000000000000000e+00 1.000000000000000000e+00 0.000000000000000000e+00 0.000000000000000000e+00 0.000000000000000000e+00
8.000000000000000000e+02 3.200197079483757534e-02 0.000000000000000000e+00 1.000000000000000000e+00 0.000000000000000000e+00 0.000000000000000000e+00 0.000000000000000000e+00
8.250000000000000000e+02 3.300203238217624957e-02 0.000000000000000000e+00 1.000000000000000000e+00 0.000000000000000000e+00 0.000000000000000000e+00 0.000000000000000000e+00
8.500000000000000000e+02 3.400209396951492380e-02 0.000000000000000000e+00 1.000000000000000000e+00 0.000000000000000000e+00 0.000000000000000000e+00 0.000000000000000000e+00
8.750000000000000000e+02 3.500215555685359803e-02 0.000000000000000000e+00 1.000000000000000000e+00 0.000000000000000000e+00 0.000000000000000000e+00 0.000000000000000000e+00
9.000000000000000000e+02 3.600221714419227226e-02 0.000000000000000000e+00 1.000000000000000000e+00 0.000000000000000000e+00 0.000000000000000000e+00 0.000000000000000000e+00
9.250000000000000000e+02 3.700227873153094649e-02 2.275830678197542133e-04 9.997724169321802190e-01 0.000000000000000000e+00 0.000000000000000000e+00 0.000000000000000000e+00
9.500000000000000000e+02 3.800234031886962072e-02 0.000000000000000000e+00 1.000000000000000000e+00 0.000000000000000000e+00 0.000000000000000000e+00 0.000000000000000000e+00
9.750000000000000000e+02 3.900240190620829495e-02 0.000000000000000000e+00 1.000000000000000000e+00 0.000000000000000000e+00 0.000000000000000000e+00 0.000000000000000000e+00
1.000000000000000000e+03 4.000246349354696918e-02 0.000000000000000000e+00 1.000000000000000000e+00 0.000000000000000000e+00 0.000000000000000000e+00 0.000000000000000000e+00
1.025000000000000000e+03 4.100252508088564340e-02 0.000000000000000000e+00 1.000000000000000000e+00 0.000000000000000000e+00 0.000000000000000000e+00 0.000000000000000000e+00
1.050000000000000000e+03 4.200258666822431763e-02 0.000000000000000000e+00 1.000000000000000000e+00 0.000000000000000000e+00 0.000000000000000000e+00 0.000000000000000000e+00
1.075000000000000000e+03 4.300264825556299186e-02 0.000000000000000000e+00 1.000000000000000000e+00 0.000000000000000000e+00 0.000000000000000000e+00 0.000000000000000000e+00
1.100000000000000000e+03 4.400270984290166609e-02 0.000000000000000000e+00 1.000000000000000000e+00 0.000000000000000000e+00 0.000000000000000000e+00 0.000000000000000000e+00
1.125000000000000000e+03 4.500277143024034032e-02 0.000000000000000000e+00 1.000000000000000000e+00 0.000000000000000000e+00 0.000000000000000000e+00 0.000000000000000000e+00
1.150000000000000000e+03 4.600283301757901455e-02 0.000000000000000000e+00 1.000000000000000000e+00 0.000000000000000000e+00 0.000000000000000000e+00 0.000000000000000000e+00
1.175000000000000000e+03 4.700289460491768878e-02 0.000000000000000000e+00 1.000000000000000000e+00 0.000000000000000000e+00 0.000000000000000000e+00 0.000000000000000000e+00
1.200000000000000000e+03 4.800295619225636301e-02 0.000000000000000000e+00 1.000000000000000000e+00 0.000000000000000000e+00 0.000000000000000000e+00 0.000000000000000000e+00
1.225000000000000000e+03 4.900301777959503724e-02 0.000000000000000000e+00 1.000000000000000000e+00 0.000000000000000000e+00 0.000000000000000000e+00 0.000000000000000000e+00
1.250000000000000000e+03 5.000307936693371147e-02 0.000000000000000000e+00 1.000000000000000000e+00 0.000000000000000000e+00 0.000000000000000000e+00 0.000000000000000000e+00
1.275000000000000000e+03 5.100314095427238570e-02 0.000000000000000000e+00 1.000000000000000000e+00 0.000000000000000000e+00 0.000000000000000000e+00 0.000000000000000000e+00
1.300000000000000000e+03 5.200320254161105993e-02 0.000000000000000000e+00 1.000000000000000000e+00 0.000000000000000000e+00 0.000000000000000000e+00 0.000000000000000000e+00
1.325000000000000000e+03 5.300326412894973416e-02 0.000000000000000000e+00 1.000000000000000000e+00 0.000000000000000000e+00 0.000000000000000000e+00 0.000000000000000000e+00
1.350000000000000000e+03 5.400332571628840839e-02 0.000000000000000000e+00 1.000000000000000000e+00 0.000000000000000000e+00 0.000000000000000000e+00 0.000000000000000000e+00
1.375000000000000000e+03 5.500338730362708262e-02 0.000000000000000000e+00 1.000000000000000000e+00 0.000000000000000000e+00 0.000000000000000000e+00 0.000000000000000000e+00
1.400000000000000000e+03 5.600344889096575685e-02 0.000000000000000000e+00 1.000000000000000000e+00 0.000000000000000000e+00 0.000000000000000000e+00 0.000000000000000000e+00
1.425000000000000000e+03 5.700351047830443108e-02 0.000000000000000000e+00 1.000000000000000000e+00 0.000000000000000000e+00 0.000000000000000000e+00 0.000000000000000000e+00
1.450000000000000000e+03 5.800357206564310530e-02 3.413746017296313199e-04 9.996586253982703285e-01 0.000000000000000000e+00 0.000000000000000000e+00 0.000000000000000000e+00
1.475000000000000000e+03 5.900363365298177953e-02 0.000000000000000000e+00 1.000000000000000000e+00 0.000000000000000000e+00 0.000000000000000000e+00 0.000000000000000000e+00
1.500000000000000000e+03 6.000369524032045376e-02 4.551661356395084266e-04 9.995448338643604380e-01 0.000000000000000000e+00 0.000000000000000000e+00 0.000000000000000000e+00
1.525000000000000000e+03 6.100375682765912799e-02 1.137915339098771066e-04 9.998862084660901095e-01 0.000000000000000000e+00 0.000000000000000000e+00 0.000000000000000000e+00
1.550000000000000000e+03 6.200381841499780222e-02 0.000000000000000000e+00 1.000000000000000000e+00 0.000000000000000000e+00 0.000000000000000000e+00 0.000000000000000000e+00
1.575000000000000000e+03 6.300388000233647645e-02 0.000000000000000000e+00 1.000000000000000000e+00 0.000000000000000000e+00 0.000000000000000000e+00 0.000000000000000000e+00
1.600000000000000000e+03 6.400394158967515068e-02 0.000000000000000000e+00 1.000000000000000000e+00 0.000000000000000000e+00 0.000000000000000000e+00 0.000000000000000000e+00
1.625000000000000000e+03 6.500400317701382491e-02 0.000000000000000000e+00 1.000000000000000000e+00 0.000000000000000000e+00 0.000000000000000000e+00 0.000000000000000000e+00
1.650000000000000000e+03 6.600406476435249914e-02 0.000000000000000000e+00 1.000000000000000000e+00 0.000000000000000000e+00 0.000000000000000000e+00 0.000000000000000000e+00
1.675000000000000000e+03 6.700412635169117337e-02 0.000000000000000000e+00 1.000000000000000000e+00 0.000000000000000000e+00 0.000000000000000000e+00 0.000000000000000000e+00
1.700000000000000000e+03 6.800418793902984760e-02 0.000000000000000000e+00 1.000000000000000000e+00 0.000000000000000000e+00 0.000000000000000000e+00 0.000000000000000000e+00
1.725000000000000000e+03 6.900424952636852183e-02 0.000000000000000000e+00 1.000000000000000000e+00 0.000000000000000000e+00 0.000000000000000000e+00 0.000000000000000000e+00
1.750000000000000000e+03 7.000431111370719606e-02 0.000000000000000000e+00 1.000000000000000000e+00 0.000000000000000000e+00 0.000000000000000000e+00 0.000000000000000000e+00
1.775000000000000000e+03 7.100437270104587029e-02 0.000000000000000000e+00 1.000000000000000000e+00 0.000000000000000000e+00 0.000000000000000000e+00 0.000000000000000000e+00
1.800000000000000000e+03 7.200443428838454452e-02 0.000000000000000000e+00 1.000000000000000000e+00 0.000000000000000000e+00 0.000000000000000000e+00 0.000000000000000000e+00
1.825000000000000000e+03 7.300449587572321875e-02 0.000000000000000000e+00 1.000000000000000000e+00 0.000000000000000000e+00 0.000000000000000000e+00 0.000000000000000000e+00
1.850000000000000000e+03 7.400455746306189297e-02 0.000000000000000000e+00 1.000000000000000000e+00 0.000000000000000000e+00 0.000000000000000000e+00 0.000000000000000000e+00
1.875000000000000000e+03 7.500461905040056720e-02 0.000000000000000000e+00 1.000000000000000000e+00 0.000000000000000000e+00 0.000000000000000000e+00 0.000000000000000000e+00
1.900000000000000000e+03 7.600468063773924143e-02 0.000000000000000000e+00 1.000000000000000000e+00 0.000000000000000000e+00 0.000000000000000000e+00 0.000000000000000000e+00
1.925000000000000000e+03 7.700474222507791566e-02 7.965407373691396923e-04 9.992034592626308775e-01 0.000000000000000000e+00 0.000000000000000000e+00 0.000000000000000000e+00
1.950000000000000000e+03 7.800480381241658989e-02 0.000000000000000000e+00 1.000000000000000000e+00 0.000000000000000000e+00 0.000000000000000000e+00 0.000000000000000000e+00
1.975000000000000000e+03 7.900486539975526412e-02 0.000000000000000000e+00 1.000000000000000000e+00 0.000000000000000000e+00 0.000000000000000000e+00 0.000000000000000000e+00
2.000000000000000000e+03 8.000492698709393835e-02 0.000000000000000000e+00 1.000000000000000000e+00 0.000000000000000000e+00 0.000000000000000000e+00 0.000000000000000000e+00
2.025000000000000000e+03 8.100498857443283462e-02 2.275830678197542133e-04 9.997724169321802190e-01 0.000000000000000000e+00 0.000000000000000000e+00 0.000000000000000000e+00
2.050000000000000000e+03 8.200505016177150885e-02 0.000000000000000000e+00 1.000000000000000000e+00 0.000000000000000000e+00 0.000000000000000000e+00 0.000000000000000000e+00
2.075000000000000000e+03 8.300511174911018308e-02 0.000000000000000000e+00 1.000000000000000000e+00 0.000000000000000000e+00 0.000000000000000000e+00 0.000000000000000000e+00
2.100000000000000000e+03 8.400517333644885731e-02 5.689576695493854790e-04 9.994310423304506585e-01 0.000000000000000000e+00 0.000000000000000000e+00 0.000000000000000000e+00
2.125000000000000000e+03 8.500523492378753154e-02 2.275830678197542133e-04 9.997724169321802190e-01 0.000000000000000000e+00 0.000000000000000000e+00 0.000000000000000000e+00
2.150000000000000000e+03 8.600529651112620577e-02 0.000000000000000000e+00 1.000000000000000000e+00 0.000000000000000000e+00 0.000000000000000000e+00 0.000000000000000000e+00
2.175000000000000000e+03 8.700535809846488000e-02 1.137915339098771066e-04 9.998862084660901095e-01 0.000000000000000000e+00 0.000000000000000000e+00 0.000000000000000000e+00
2.200000000000000000e+03 8.800541968580355423e-02 6.827492034592626399e-04 9.993172507965407680e-01 0.000000000000000000e+00 0.000000000000000000e+00 0.000000000000000000e+00
2.225000000000000000e+03 8.900548127314222846e-02 9.103322712790168532e-04 9.988620846609012061e-01 0.000000000000000000e+00 2.275830678197542133e-04 0.000000000000000000e+00
2.250000000000000000e+03 9.000554286048090269e-02 1.137915339098771066e-04 9.998862084660901095e-01 0.000000000000000000e+00 0.000000000000000000e+00 0.000000000000000000e+00
2.275000000000000000e+03 9.100560444781957692e-02 1.137915339098770958e-03 9.986345015930814251e-01 0.000000000000000000e+00 2.275830678197542133e-04 0.000000000000000000e+00
2.300000000000000000e+03 9.200566603515825115e-02 1.479289940828402332e-03 9.982931269913518646e-01 0.000000000000000000e+00 2.275830678197542133e-04 0.000000000000000000e+00
2.325000000000000000e+03 9.300572762249692538e-02 2.503413746017296455e-03 9.974965862539827421e-01 0.000000000000000000e+00 0.000000000000000000e+00 0.000000000000000000e+00
2.350000000000000000e+03 9.400578920983559961e-02 1.024123805188893906e-03 9.987482931269913156e-01 0.000000000000000000e+00 2.275830678197542133e-04 0.000000000000000000e+00
2.375000000000000000e+03 9.500585079717427384e-02 3.413746017296313199e-04 9.996586253982703285e-01 0.000000000000000000e+00 0.000000000000000000e+00 0.000000000000000000e+00
2.400000000000000000e+03 9.600591238451294807e-02 1.137915339098770958e-03 9.988620846609012061e-01 0.000000000000000000e+00 0.000000000000000000e+00 0.000000000000000000e+00
2.425000000000000000e+03 9.700597397185162230e-02 2.162039144287664864e-03 9.977241693218024121e-01 0.000000000000000000e+00 1.137915339098771066e-04 0.000000000000000000e+00
2.450000000000000000e+03 9.800603555919029652e-02 1.137915339098770958e-03 9.988620846609012061e-01 0.000000000000000000e+00 0.000000000000000000e+00 0.000000000000000000e+00
2.475000000000000000e+03 9.900609714652897075e-02 3.982703686845699004e-03 9.960172963131542767e-01 0.000000000000000000e+00 0.000000000000000000e+00 0.000000000000000000e+00
2.500000000000000000e+03 1.000061587338676450e-01 2.389622212107419402e-03 9.974965862539827421e-01 0.000000000000000000e+00 1.137915339098771066e-04 0.000000000000000000e+00
2.525000000000000000e+03 1.010062203212063192e-01 2.503413746017296455e-03 9.971552116522530707e-01 0.000000000000000000e+00 3.413746017296313199e-04 0.000000000000000000e+00
2.550000000000000000e+03 1.020062819085449934e-01 2.730996813837050560e-03 9.971552116522530707e-01 0.000000000000000000e+00 1.137915339098771066e-04 0.000000000000000000e+00
2.575000000000000000e+03 1.030063434958836677e-01 3.072371415566681717e-03 9.967000455166135087e-01 0.000000000000000000e+00 2.275830678197542133e-04 0.000000000000000000e+00
2.600000000000000000e+03 1.040064050832223419e-01 4.665452890304961318e-03 9.949931725079653733e-01 0.000000000000000000e+00 3.413746017296313199e-04 0.000000000000000000e+00
2.625000000000000000e+03 1.050064666705610161e-01 5.575785161583977738e-03 9.939690487027764698e-01 0.000000000000000000e+00 4.551661356395084266e-04 0.000000000000000000e+00
2.650000000000000000e+03 1.060065282578996904e-01 5.234410559854347014e-03 9.944242148384160318e-01 0.000000000000000000e+00 3.413746017296313199e-04 0.000000000000000000e+00
2.675000000000000000e+03 1.070065898452383646e-01 3.868912152935821518e-03 9.960172963131542767e-01 0.000000000000000000e+00 1.137915339098771066e-04 0.000000000000000000e+00
2.700000000000000000e+03 1.080066514325770388e-01 5.917159763313609329e-03 9.939690487027764698e-01 0.000000000000000000e+00 1.137915339098771066e-04 0.000000000000000000e+00
2.725000000000000000e+03 1.090067130199157130e-01 7.510241238051888930e-03 9.919208010923987739e-01 0.000000000000000000e+00 5.689576695493854790e-04 0.000000000000000000e+00
2.750000000000000000e+03 1.100067746072543873e-01 6.486117432862995025e-03 9.931725079654073474e-01 0.000000000000000000e+00 3.413746017296313199e-04 0.000000000000000000e+00
2.775000000000000000e+03 1.110068361945930615e-01 8.648156577150659455e-03 9.905553026854801990e-01 0.000000000000000000e+00 7.965407373691396923e-04 0.000000000000000000e+00
2.800000000000000000e+03 1.120068977819317357e-01 7.737824305871643035e-03 9.915794264906691025e-01 0.000000000000000000e+00 6.827492034592626399e-04 0.000000000000000000e+00
2.825000000000000000e+03 1.130069593692704100e-01 1.115157032316795548e-02 9.873691397360035982e-01 0.000000000000000000e+00 1.479289940828402332e-03 0.000000000000000000e+00
2.850000000000000000e+03 1.140070209566090842e-01 1.411015020482476144e-02 9.844105598543468894e-01 0.000000000000000000e+00 1.479289940828402332e-03 0.000000000000000000e+00
2.875000000000000000e+03 1.150070825439477584e-01 1.308602639963586667e-02 9.853208921256259023e-01 0.000000000000000000e+00 1.593081474738279385e-03 0.000000000000000000e+00
2.900000000000000000e+03 1.160071441312864327e-01 1.706873008648156567e-02 9.813381884387801790e-01 0.000000000000000000e+00 1.593081474738279385e-03 0.000000000000000000e+00
2.925000000000000000e+03 1.170072057186251069e-01 3.060992262175694228e-02 9.640418752844788219e-01 0.000000000000000000e+00 5.348202093764223633e-03 0.000000000000000000e+00
2.950000000000000000e+03 1.180072673059637811e-01 3.254437869822485174e-02 9.589212562585344157e-01 0.000000000000000000e+00 8.534365043240782836e-03 0.000000000000000000e+00
2.975000000000000000e+03 1.190073288933024553e-01 4.335457441966317910e-02 9.370732817478379939e-01 0.000000000000000000e+00 1.957214383249886169e-02 0.000000000000000000e+00
3.000000000000000000e+03 1.200073904806411296e-01 6.952662721893490549e-02 8.874601729631315106e-01 0.000000000000000000e+00 4.301319981793354230e-02 0.000000000000000000e+00
3.025000000000000000e+03 1.210074520679798038e-01 1.170914883932635403e-01 7.703686845698679564e-01 0.000000000000000000e+00 1.125398270368684617e-01 0.000000000000000000e+00
3.050000000000000000e+03 1.220075136553184780e-01 1.898042785616750050e-01 5.638370505234410190e-01 0.000000000000000000e+00 2.463586709148839204e-01 0.000000000000000000e+00
3.075000000000000000e+03 1.230075752426571523e-01 2.647928994082840437e-01 3.363677742375967283e-01 0.000000000000000000e+00 3.988393263541192280e-01 0.000000000000000000e+00
3.100000000000000000e+03 1.240076368299958265e-01 3.425125170687300935e-01 1.710286754665452935e-01 1.820664542558033706e-03 4.846381429221666148e-01 0.000000000000000000e+00
3.125000000000000000e+03 1.250076984173345007e-01 3.718707328174783999e-01 9.558488848429676221e-02 1.251706873008648227e-03 5.312926718252162228e-01 0.000000000000000000e+00
3.150000000000000000e+03 1.260077600046731749e-01 3.616294947655894210e-01 9.148839326354119006e-02 1.479289940828402332e-03 5.454028220300409791e-01 0.000000000000000000e+00
3.175000000000000000e+03 1.270078215920118492e-01 3.477469276285844457e-01 1.227810650887573990e-01 2.048247610377787811e-03 5.274237596722803900e-01 0.000000000000000000e+00
3.200000000000000000e+03 1.280078831793505234e-01 3.500227583067819781e-01 1.568047337278106468e-01 3.413746017296313308e-03 4.897587619481110766e-01 0.000000000000000000e+00
3.225000000000000000e+03 1.290079447666891976e-01 3.670914883932635542e-01 1.706873008648156498e-01 1.035502958579881741e-02 4.518661811561219821e-01 0.000000000000000000e+00
3.250000000000000000e+03 1.300080063540278719e-01 3.921256258534365213e-01 1.708010923987255403e-01 2.253072371415566766e-02 4.145425580336822846e-01 0.000000000000000000e+00
3.275000000000000000e+03 1.310080679413665461e-01 4.071461083295402905e-01 1.766044606281292617e-01 3.584433318161128756e-02 3.804050978607191880e-01 0.000000000000000000e+00
3.300000000000000000e+03 1.320081295287052203e-01 4.295630405097860538e-01 1.841147018661811463e-01 5.757851615839781195e-02 3.287437414656349532e-01 0.000000000000000000e+00
3.325000000000000000e+03 1.330081911160438946e-01 4.451524806554392200e-01 2.015248065543923661e-01 8.045061447428311641e-02 2.728720983158853253e-01 0.000000000000000000e+00
3.350000000000000000e+03 1.340082527033825688e-01 4.598315885298133732e-01 1.960628129267182607e-01 1.062812926718252199e-01 2.378243058716431602e-01 0.000000000000000000e+00
3.375000000000000000e+03 1.350083142907212430e-01 4.630177514792899185e-01 1.892353208921256358e-01 1.474738279472007363e-01 2.002730996813837094e-01 0.000000000000000000e+00
3.400000000000000000e+03 1.360083758780599172e-01 4.657487482931270129e-01 2.002730996813837094e-01 1.711424670004551563e-01 1.628356850250341492e-01 0.000000000000000000e+00
3.425000000000000000e+03 1.370084374653985915e-01 4.714383249886208715e-01 2.057350933090578149e-01 1.896904870277651423e-01 1.331360946745562268e-01 0.000000000000000000e+00
3.450000000000000000e+03 1.380084990527372657e-01 4.725762403277196100e-01 2.104005461993627701e-01 2.031178880291306388e-01 1.139053254437869811e-01 0.000000000000000000e+00
3.475000000000000000e+03 1.390085606400759399e-01 4.676832043695949293e-01 2.197314519799726806e-01 2.093764223941738667e-01 1.032089212562585373e-01 0.000000000000000000e+00
3.500000000000000000e+03 1.400086222274146142e-01 4.688211197086936677e-01 2.210969503868912278e-01 2.162039144287664916e-01 9.387801547564861293e-02 0.000000000000000000e+00
3.525000000000000000e+03 1.410086838147532884e-01 4.704142011834319681e-01 2.199590350477924339e-01 2.203004096495220776e-01 8.932635411925353430e-02 0.000000000000000000e+00
3.550000000000000000e+03 1.420087454020919626e-01 4.675694128356850388e-01 2.158625398270368756e-01 2.106281292671825234e-01 1.059399180700955900e-01 0.000000000000000000e+00
3.575000000000000000e+03 1.430088069894306368e-01 4.590350477924442507e-01 2.147246244879381094e-01 2.192762858443331742e-01 1.069640418752844796e-01 0.000000000000000000e+00
3.600000000000000000e+03 1.440088685767693111e-01 4.434456076467910846e-01 2.158625398270368756e-01 2.365725989986345035e-01 1.041192535275375503e-01 0.000000000000000000e+00
3.625000000000000000e+03 1.450089301641079853e-01 4.468593536640874109e-01 2.180245789713245452e-01 2.437414656349567721e-01 9.137460172963131344e-02 0.000000000000000000e+00
3.650000000000000000e+03 1.460089917514466595e-01 4.333181611288119961e-01 2.253072371415566766e-01 2.423759672280382249e-01 9.899863450159307465e-02 0.000000000000000000e+00
3.675000000000000000e+03 1.470090533387853338e-01 4.313837050523440797e-01 2.295175238962221254e-01 2.373691397360036537e-01 1.017296313154301274e-01 0.000000000000000000e+00
3.700000000000000000e+03 1.480091149261240080e-01 4.252389622212107145e-01 2.338416021847974646e-01 2.350933090578060936e-01 1.058261265361857134e-01 0.000000000000000000e+00
3.725000000000000000e+03 1.490091765134626822e-01 4.291078743741465473e-01 2.342967683204369711e-01 2.322485207100591642e-01 1.043468365953573035e-01 0.000000000000000000e+00
3.750000000000000000e+03 1.500092381008013565e-01 4.254665452890304955e-01 2.420345926263086089e-01 2.289485662266727284e-01 1.035502958579881672e-01 0.000000000000000000e+00
3.775000000000000000e+03 1.510092996881400307e-01 4.361629494765589254e-01 2.385070550751024199e-01 2.205279927173418308e-01 1.048020027309968100e-01 0.000000000000000000e+00
3.800000000000000000e+03 1.520093612754787049e-01 4.310423304506144637e-01 2.448793809740555383e-01 2.199590350477924339e-01 1.041192535275375503e-01 0.000000000000000000e+00
3.825000000000000000e+03 1.530094228628173791e-01 4.366181156121984319e-01 2.487482931269913433e-01 2.210969503868912278e-01 9.342284934000910646e-02 1.137915339098771066e-04
3.850000000000000000e+03 1.540094844501560534e-01 4.300182066454255603e-01 2.584205735093308975e-01 2.162039144287664916e-01 9.535730541647700897e-02 0.000000000000000000e+00
3.875000000000000000e+03 1.550095460374947276e-01 4.140873918980427781e-01 2.708238507055075184e-01 2.164314974965862448e-01 9.854346836595356818e-02 1.137915339098771066e-04
3.900000000000000000e+03 1.560096076248334018e-01 4.157942649066909691e-01 2.757168866636321991e-01 2.160901228948566288e-01 9.239872553482020301e-02 0.000000000000000000e+00
3.925000000000000000e+03 1.570096692121720761e-01 4.234182976786526886e-01 2.743513882567136797e-01 2.135867091488393155e-01 8.864360491579426071e-02 0.000000000000000000e+00
3.950000000000000000e+03 1.580097307995107503e-01 4.061219845243513871e-01 2.841374601729631522e-01 2.159763313609467383e-01 9.376422394173873631e-02 0.000000000000000000e+00
3.975000000000000000e+03 1.590097923868494245e-01 4.098771051433773294e-01 2.866408739189804100e-01 2.190487027765134209e-01 8.443331816112881194e-02 0.000000000000000000e+00
4.000000000000000000e+03 1.600098539741880987e-01 4.136322257624032717e-01 2.883477469276286009e-01 2.133591260810195622e-01 8.466090122894856518e-02 0.000000000000000000e+00
4.025000000000000000e+03 1.610099155615267730e-01 4.099908966772872199e-01 2.938097405553026786e-01 2.223486572598998567e-01 7.385070550751024476e-02 0.000000000000000000e+00
4.050000000000000000e+03 1.620099771488654472e-01 4.182976786527082269e-01 2.907373691397360238e-01 2.232589895311788697e-01 6.770596267637687959e-02 0.000000000000000000e+00
4.075000000000000000e+03 1.630100387362041214e-01 4.113563950842057393e-01 2.921028675466545432e-01 2.262175694128356895e-01 7.032316795630405570e-02 0.000000000000000000e+00
4.100000000000000000e+03 1.640101003235427957e-01 4.114701866181156298e-01 2.961993627674101015e-01 2.245106964041875264e-01 6.781975421028675621e-02 0.000000000000000000e+00
4.125000000000000000e+03 1.650101619108814699e-01 4.178425125170687204e-01 2.913063268092853653e-01 2.248520710059171701e-01 6.599908966772871644e-02 0.000000000000000000e+00
4.150000000000000000e+03 1.660102234982201441e-01 4.223941738734638407e-01 2.916477014110150368e-01 2.251934456076467861e-01 6.076467910787437116e-02 0.000000000000000000e+00
4.175000000000000000e+03 1.670102850855588184e-01 4.177287209831588299e-01 2.959717796995903760e-01 2.261037778789257990e-01 6.019572143832498806e-02 0.000000000000000000e+00
4.200000000000000000e+03 1.680103466728974926e-01 4.222803823395539502e-01 2.924442421483841592e-01 2.302002730996813851e-01 5.507510241238051940e-02 0.000000000000000000e+00
4.225000000000000000e+03 1.690104082602361668e-01 4.202321347291761433e-01 2.911925352753755303e-01 2.305416477014110288e-01 5.803368229403732537e-02 0.000000000000000000e+00
4.250000000000000000e+03 1.700104698475748410e-01 4.184114701866181174e-01 2.899408284023668458e-01 2.324761037778789174e-01 5.917159763313609155e-02 0.000000000000000000e+00
4.275000000000000000e+03 1.710105314349135153e-01 4.162494310423304755e-01 2.864132908511606845e-01 2.358898497951752438e-01 6.144742831133363781e-02 0.000000000000000000e+00
4.300000000000000000e+03 1.720105930222521895e-01 4.198907601274465273e-01 2.880063723258989294e-01 2.354346836595357373e-01 5.666818388711879900e-02 0.000000000000000000e+00
4.325000000000000000e+03 1.730106546095908637e-01 4.154528903049612976e-01 2.939235320892125691e-01 2.414656349567592120e-01 4.915794264906690747e-02 0.000000000000000000e+00
4.350000000000000000e+03 1.740107161969295380e-01 4.064633591260810030e-01 2.947200728265816916e-01 2.449931725079654010e-01 5.382339553937186966e-02 0.000000000000000000e+00
4.375000000000000000e+03 1.750107777842682122e-01 4.111288120163859583e-01 2.956304050978607045e-01 2.443104233045061413e-01 4.893035958124715423e-02 0.000000000000000000e+00
4.400000000000000000e+03 1.760108393716068864e-01 4.142011834319526686e-01 2.972234865725990050e-01 2.485207100591715901e-01 4.005461993627674328e-02 0.000000000000000000e+00
4.425000000000000000e+03 1.770109009589455606e-01 4.086253982703687004e-01 3.027992717341829731e-01 2.513654984069185194e-01 3.720983158852981393e-02 0.000000000000000000e+00
4.450000000000000000e+03 1.780109625462842349e-01 4.053254437869822646e-01 3.030268548020027541e-01 2.507965407373691225e-01 4.085116067364587961e-02 0.000000000000000000e+00
4.475000000000000000e+03 1.790110241336229091e-01 4.083978152025489194e-01 3.049613108784706150e-01 2.492034592626308498e-01 3.743741465634956717e-02 0.000000000000000000e+00
4.500000000000000000e+03 1.800110857209615833e-01 4.085116067364588099e-01 3.048475193445607800e-01 2.484069185252617273e-01 3.823395539371871044e-02 0.000000000000000000e+00
4.525000000000000000e+03 1.810111473083002576e-01 4.097633136094674389e-01 3.080336822940373254e-01 2.434000910332271284e-01 3.880291306326809353e-02 0.000000000000000000e+00
4.550000000000000000e+03 1.820112088956389318e-01 4.137460172963131622e-01 3.147473827947200875e-01 2.362312243969048597e-01 3.527537551206190447e-02 0.000000000000000000e+00
4.575000000000000000e+03 1.830112704829776060e-01 4.036185707783340737e-01 3.183887118798361393e-01 2.364588074647246130e-01 4.153390987710514626e-02 0.000000000000000000e+00
4.600000000000000000e+03 1.840113320703162803e-01 4.107874374146563423e-01 3.185025034137460298e-01 2.290623577605826189e-01 4.164770141101502288e-02 0.000000000000000000e+00
4.625000000000000000e+03 1.850113936576549545e-01 4.057806099226217711e-01 3.227127901684114786e-01 2.294037323623122349e-01 4.210286754665452935e-02 0.000000000000000000e+00
4.650000000000000000e+03 1.860114552449936287e-01 4.061219845243513871e-01 3.241920801092398885e-01 2.306554392353208915e-01 3.903049613108784677e-02 0.000000000000000000e+00
4.675000000000000000e+03 1.870115168323323029e-01 4.073736913973600160e-01 3.229403732362312041e-01 2.313381884387801513e-01 3.834774692762858705e-02 0.000000000000000000e+00
4.700000000000000000e+03 1.880115784196709772e-01 4.124943104233045332e-01 3.207783340919435622e-01 2.288347746927628656e-01 3.789258079198907364e-02 0.000000000000000000e+00
4.725000000000000000e+03 1.890116400070096514e-01 4.104460628129267263e-01 3.210059171597632877e-01 2.309968138370505353e-01 3.755120619025944378e-02 0.000000000000000000e+00
4.750000000000000000e+03 1.900117015943483256e-01 4.071461083295402905e-01 3.254437869822485174e-01 2.278106508875739622e-01 3.959945380063722986e-02 0.000000000000000000e+00
4.775000000000000000e+03 1.910117631816869999e-01 4.083978152025489194e-01 3.266954938552571464e-01 2.296313154301319881e-01 3.527537551206190447e-02 0.000000000000000000e+00
4.800000000000000000e+03 1.920118247690256741e-01 4.138598088302230527e-01 3.197542102867546587e-01 2.308830223031406448e-01 3.550295857988165771e-02 0.000000000000000000e+00
4.825000000000000000e+03 1.930118863563643483e-01 4.154528903049612976e-01 3.236231224396904915e-01 2.240555302685480199e-01 3.686845698680018407e-02 0.000000000000000000e+00
4.850000000000000000e+03 1.940119479437030225e-01 4.114701866181156298e-01 3.280609922621757213e-01 2.259899863450159363e-01 3.447883477469276120e-02 0.000000000000000000e+00
4.875000000000000000e+03 1.950120095310416968e-01 4.176149294492489950e-01 3.230541647701410946e-01 2.261037778789257990e-01 3.322712790168411146e-02 0.000000000000000000e+00
4.900000000000000000e+03 1.960120711183803710e-01 4.145425580336822846e-01 3.274920345926263243e-01 2.275830678197542090e-01 3.038233955393718558e-02 0.000000000000000000e+00
4.925000000000000000e+03 1.970121327057190452e-01 4.162494310423304755e-01 3.309057806099225951e-01 2.263313609467455523e-01 2.651342740100136666e-02 0.000000000000000000e+00
4.950000000000000000e+03 1.980121942930577195e-01 4.176149294492489950e-01 3.282885753299954468e-01 2.264451524806554428e-01 2.765134274010013632e-02 0.000000000000000000e+00
4.975000000000000000e+03 1.990122558803963937e-01 4.124943104233045332e-01 3.315885298133818826e-01 2.234865725989986229e-01 3.243058716431497512e-02 0.000000000000000000e+00
5.000000000000000000e+03 2.000123174677350679e-01 4.169321802457897075e-01 3.343195266272189214e-01 2.166590805644059980e-01 3.208921256258534527e-02 0.000000000000000000e+00
5.025000000000000000e+03 2.010123790550737422e-01 4.083978152025489194e-01 3.395539371870732737e-01 2.195038689121529274e-01 3.254437869822485174e-02 0.000000000000000000e+00
5.050000000000000000e+03 2.020124406424124164e-01 4.095357305416477134e-01 3.413746017296312996e-01 2.190487027765134209e-01 3.004096495220755572e-02 0.000000000000000000e+00
5.075000000000000000e+03 2.030125022297510906e-01 4.074874829312699065e-01 3.453573054164770229e-01 2.160901228948566288e-01 3.106508875739644876e-02 0.000000000000000000e+00
5.100000000000000000e+03 2.040125638170897648e-01 4.073736913973600160e-01 3.470641784251251583e-01 2.173418297678652578e-01 2.822030040964952288e-02 0.000000000000000000e+00
5.125000000000000000e+03 2.050126254044284391e-01 4.030496131087847322e-01 3.474055530268548297e-01 2.173418297678652578e-01 3.220300409649522189e-02 0.000000000000000000e+00
5.150000000000000000e+03 2.060126869917671133e-01 4.027082385070550608e-01 3.464952207555757613e-01 2.157487482931269851e-01 3.504779244424215123e-02 0.000000000000000000e+00
5.175000000000000000e+03 2.070127485791057875e-01 4.037323623122439642e-01 3.484296768320436777e-01 2.148384160218479721e-01 3.299954483386435822e-02 0.000000000000000000e+00
5.200000000000000000e+03 2.080128101664444618e-01 4.016841147018661573e-01 3.484296768320436777e-01 2.196176604460628179e-01 3.026854802002730896e-02 0.000000000000000000e+00
5.225000000000000000e+03 2.090128717537831360e-01 4.030496131087847322e-01 3.435366408739189970e-01 2.221210741920801035e-01 3.129267182521620200e-02 0.000000000000000000e+00
5.250000000000000000e+03 2.100129333411218102e-01 4.107874374146563423e-01 3.400091033227127801e-01 2.188211197086936677e-01 3.038233955393718558e-02 0.000000000000000000e+00
5.275000000000000000e+03 2.110129949284604844e-01 4.105598543468366168e-01 3.406918525261720676e-01 2.173418297678652578e-01 3.140646335912607862e-02 0.000000000000000000e+00
5.300000000000000000e+03 2.120130565157991587e-01 4.071461083295402905e-01 3.434228493400091065e-01 2.152935821574874786e-01 3.413746017296313134e-02 0.000000000000000000e+00
5.325000000000000000e+03 2.130131181031378329e-01 4.039599453800637452e-01 3.426263086026399840e-01 2.177969959035047920e-01 3.561675011379153433e-02 0.000000000000000000e+00
5.350000000000000000e+03 2.140131796904765071e-01 4.037323623122439642e-01 3.501365498406918686e-01 2.126763768775603025e-01 3.345471096950387163e-02 0.000000000000000000e+00
5.375000000000000000e+03 2.150132412778151814e-01 4.074874829312699065e-01 3.524123805188894010e-01 2.089212562585343602e-01 3.117888029130632538e-02 0.000000000000000000e+00
5.400000000000000000e+03 2.160133028651538556e-01 4.114701866181156298e-01 3.492262175694128556e-01 2.047109695038689114e-01 3.459262630860263782e-02 0.000000000000000000e+00
5.425000000000000000e+03 2.170133644524925298e-01 4.112426035502958488e-01 3.504779244424214846e-01 2.028903049613108855e-01 3.538916704597178109e-02 0.000000000000000000e+00
5.450000000000000000e+03 2.180134260398312041e-01 4.127218934911242587e-01 3.458124715521165293e-01 2.069868001820664438e-01 3.447883477469276120e-02 0.000000000000000000e+00
5.475000000000000000e+03 2.190134876271698783e-01 4.202321347291761433e-01 3.450159308147474069e-01 2.008420573509330787e-01 3.390987710514337811e-02 0.000000000000000000e+00
5.500000000000000000e+03 2.200135492145085525e-01 4.187528447883477334e-01 3.439918070095585034e-01 2.055075102412380617e-01 3.174783796085571541e-02 0.000000000000000000e+00
5.525000000000000000e+03 2.210136108018472267e-01 4.188666363222576239e-01 3.436504324078288319e-01 2.063040509786071841e-01 3.117888029130632538e-02 0.000000000000000000e+00
5.550000000000000000e+03 2.220136723891859010e-01 4.215976331360946627e-01 3.428538916704597095e-01 2.041420118343195145e-01 3.140646335912607862e-02 0.000000000000000000e+00
5.575000000000000000e+03 2.230137339765245752e-01 4.137460172963131622e-01 3.467228038233955423e-01 2.051661356395084179e-01 3.436504324078288458e-02 0.000000000000000000e+00
5.600000000000000000e+03 2.240137955638632494e-01 4.134046426945835462e-01 3.482020937642239522e-01 2.081247155211652378e-01 3.026854802002730896e-02 0.000000000000000000e+00
5.625000000000000000e+03 2.250138571512019237e-01 4.189804278561675144e-01 3.467228038233955423e-01 2.061902594446973214e-01 2.810650887573964626e-02 0.000000000000000000e+00
5.650000000000000000e+03 2.260139187385405979e-01 4.217114246700045532e-01 3.452435138825671324e-01 2.019799726900318726e-01 3.106508875739644876e-02 0.000000000000000000e+00
5.675000000000000000e+03 2.270139803258792721e-01 4.226217569412835662e-01 3.468365953573054328e-01 1.986800182066454368e-01 3.186162949476559203e-02 0.000000000000000000e+00
