# itime ezz other fcc hcp bcc ico
0.000000000000000000e+00 0.000000000000000000e+00 0.000000000000000000e+00 1.000000000000000000e+00 0.000000000000000000e+00 0.000000000000000000e+00 0.000000000000000000e+00
2.500000000000000000e+01 9.999752749729751145e-04 0.000000000000000000e+00 1.000000000000000000e+00 0.000000000000000000e+00 0.000000000000000000e+00 0.000000000000000000e+00
5.000000000000000000e+01 1.999950549946172274e-03 0.000000000000000000e+00 1.000000000000000000e+00 0.000000000000000000e+00 0.000000000000000000e+00 0.000000000000000000e+00
7.500000000000000000e+01 2.999925824919147388e-03 0.000000000000000000e+00 1.000000000000000000e+00 0.000000000000000000e+00 0.000000000000000000e+00 0.000000000000000000e+00
1.000000000000000000e+02 3.999901099892344547e-03 0.000000000000000000e+00 1.000000000000000000e+00 0.000000000000000000e+00 0.000000000000000000e+00 0.000000000000000000e+00
1.250000000000000000e+02 4.999876374865319661e-03 0.000000000000000000e+00 1.000000000000000000e+00 0.000000000000000000e+00 0.000000000000000000e+00 0.000000000000000000e+00
1.500000000000000000e+02 5.999851649838516821e-03 0.000000000000000000e+00 1.000000000000000000e+00 0.000000000000000000e+00 0.000000000000000000e+00 0.000000000000000000e+00
1.750000000000000000e+02 6.999826924811491935e-03 0.000000000000000000e+00 1.000000000000000000e+00 0.000000000000000000e+00 0.000000000000000000e+00 0.000000000000000000e+00
2.000000000000000000e+02 7.999802199784467049e-03 0.000000000000000000e+00 1.000000000000000000e+00 0.000000000000000000e+00 0.000000000000000000e+00 0.000000000000000000e+00
2.250000000000000000e+02 8.999777474757664208e-03 0.000000000000000000e+00 1.000000000000000000e+00 0.000000000000000000e+00 0.000000000000000000e+00 0.000000000000000000e+00
2.500000000000000000e+02 9.999752749730639323e-03 0.000000000000000000e+00 1.000000000000000000e+00 0.000000000000000000e+00 0.000000000000000000e+00 0.000000000000000000e+00
2.750000000000000000e+02 1.099972802470383648e-02 0.000000000000000000e+00 1.000000000000000000e+00 0.000000000000000000e+00 0.000000000000000000e+00 0.000000000000000000e+00
3.000000000000000000e+02 1.199970329967681160e-02 0.000000000000000000e+00 1.000000000000000000e+00 0.000000000000000000e+00 0.000000000000000000e+00 0.000000000000000000e+00
3.250000000000000000e+02 1.299967857465000876e-02 0.000000000000000000e+00 1.000000000000000000e+00 0.000000000000000000e+00 0.000000000000000000e+00 0.000000000000000000e+00
3.500000000000000000e+02 1.399965384962298387e-02 0.000000000000000000e+00 1.000000000000000000e+00 0.000000000000000000e+00 0.000000000000000000e+00 0.000000000000000000e+00
3.750000000000000000e+02 1.499962912459595898e-02 0.000000000000000000e+00 1.000000000000000000e+00 0.000000000000000000e+00 0.000000000000000000e+00 0.000000000000000000e+00
4.000000000000000000e+02 1.599960439956915614e-02 0.000000000000000000e+00 1.000000000000000000e+00 0.000000000000000000e+00 0.000000000000000000e+00 0.000000000000000000e+00
4.250000000000000000e+02 1.699957967454213126e-02 0.000000000000000000e+00 1.000000000000000000e+00 0.000000000000000000e+00 0.000000000000000000e+00 0.000000000000000000e+00
4.500000000000000000e+02 1.799955494951532842e-02 0.000000000000000000e+00 1.000000000000000000e+00 0.000000000000000000e+00 0.000000000000000000e+00 0.000000000000000000e+00
4.750000000000000000e+02 1.899953022448830353e-02 0.000000000000000000e+00 1.000000000000000000e+00 0.000000000000000000e+00 0.000000000000000000e+00 0.000000000000000000e+00
5.000000000000000000e+02 1.999950549946127865e-02 0.000000000000000000e+00 1.000000000000000000e+00 0.000000000000000000e+00 0.000000000000000000e+00 0.000000000000000000e+00
5.250000000000000000e+02 2.099948077443447580e-02 0.000000000000000000e+00 1.000000000000000000e+00 0.000000000000000000e+00 0.000000000000000000e+00 0.000000000000000000e+00
5.500000000000000000e+02 2.199945604940745092e-02 0.000000000000000000e+00 1.000000000000000000e+00 0.000000000000000000e+00 0.000000000000000000e+00 0.000000000000000000e+00
5.750000000000000000e+02 2.299943132438064808e-02 0.000000000000000000e+00 1.000000000000000000e+00 0.000000000000000000e+00 0.000000000000000000e+00 0.000000000000000000e+00
6.000000000000000000e+02 2.399940659935362319e-02 0.000000000000000000e+00 1.000000000000000000e+00 0.000000000000000000e+00 0.000000000000000000e+00 0.000000000000000000e+00
6.250000000000000000e+02 2.499938187432682035e-02 0.000000000000000000e+00 1.000000000000000000e+00 0.000000000000000000e+00 0.000000000000000000e+00 0.000000000000000000e+00
6.500000000000000000e+02 2.599935714929979547e-02 0.000000000000000000e+00 1.000000000000000000e+00 0.000000000000000000e+00 0.000000000000000000e+00 0.000000000000000000e+00
6.750000000000000000e+02 2.699933242427277058e-02 0.000000000000000000e+00 1.000000000000000000e+00 0.000000000000000000e+00 0.000000000000000000e+00 0.000000000000000000e+00
7.000000000000000000e+02 2.799930769924596774e-02 0.000000000000000000e+00 1.000000000000000000e+00 0.000000000000000000e+00 0.000000000000000000e+00 0.000000000000000000e+00
7.250000000000000000e+02 2.899928297421894285e-02 0.000000000000000000e+00 1.000000000000000000e+00 0.000000000000000000e+00 0.000000000000000000e+00 0.000000000000000000e+00
7.500000000000000000e+02 2.999925824919214001e-02 0.000000000000000000e+00 1.000000000000000000e+00 0.000000000000000000e+00 0.000000000000000000e+00 0.000000000000000000e+00
7.750000000000000000e+02 3.099923352416511513e-02 0.000000000000000000e+00 1.000000000000000000e+00 0.000000000000000000e+00 0.000000000000000000e+00 0.000000000000000000e+00
8.000000000000000000e+02 3.199920879913831229e-02 0.000000000000000000e+00 1.000000000000000000e+00 0.000000000000000000e+00 0.000000000000000000e+00 0.000000000000000000e+00
8.250000000000000000e+02 3.299918407411128740e-02 0.000000000000000000e+00 1.000000000000000000e+00 0.000000000000000000e+00 0.000000000000000000e+00 0.000000000000000000e+00
8.500000000000000000e+02 3.399915934908426252e-02 0.000000000000000000e+00 1.000000000000000000e+00 0.000000000000000000e+00 0.000000000000000000e+00 0.000000000000000000e+00
8.750000000000000000e+02 3.499913462405745967e-02 0.000000000000000000e+00 1.000000000000000000e+00 0.000000000000000000e+00 0.000000000000000000e+00 0.000000000000000000e+00
9.000000000000000000e+02 3.599910989903043479e-02 0.000000000000000000e+00 1.000000000000000000e+00 0.000000000000000000e+00 0.000000000000000000e+00 0.000000000000000000e+00
9.250000000000000000e+02 3.699908517400363195e-02 0.000000000000000000e+00 1.000000000000000000e+00 0.000000000000000000e+00 0.000000000000000000e+00 0.000000000000000000e+00
9.500000000000000000e+02 3.799906044897660706e-02 0.000000000000000000e+00 1.000000000000000000e+00 0.000000000000000000e+00 0.000000000000000000e+00 0.000000000000000000e+00
9.750000000000000000e+02 3.899903572394980422e-02 0.000000000000000000e+00 1.000000000000000000e+00 0.000000000000000000e+00 0.000000000000000000e+00 0.000000000000000000e+00
1.000000000000000000e+03 3.999901099892277934e-02 0.000000000000000000e+00 1.000000000000000000e+00 0.000000000000000000e+00 0.000000000000000000e+00 0.000000000000000000e+00
1.025000000000000000e+03 4.099898627389575445e-02 0.000000000000000000e+00 1.000000000000000000e+00 0.000000000000000000e+00 0.000000000000000000e+00 0.000000000000000000e+00
1.050000000000000000e+03 4.199896154886895161e-02 0.000000000000000000e+00 1.000000000000000000e+00 0.000000000000000000e+00 0.000000000000000000e+00 0.000000000000000000e+00
1.075000000000000000e+03 4.299893682384192672e-02 0.000000000000000000e+00 1.000000000000000000e+00 0.000000000000000000e+00 0.000000000000000000e+00 0.000000000000000000e+00
1.100000000000000000e+03 4.399891209881512388e-02 0.000000000000000000e+00 1.000000000000000000e+00 0.000000000000000000e+00 0.000000000000000000e+00 0.000000000000000000e+00
1.125000000000000000e+03 4.499888737378809900e-02 0.000000000000000000e+00 1.000000000000000000e+00 0.000000000000000000e+00 0.000000000000000000e+00 0.000000000000000000e+00
1.150000000000000000e+03 4.599886264876129616e-02 0.000000000000000000e+00 1.000000000000000000e+00 0.000000000000000000e+00 0.000000000000000000e+00 0.000000000000000000e+00
1.175000000000000000e+03 4.699883792373427127e-02 0.000000000000000000e+00 1.000000000000000000e+00 0.000000000000000000e+00 0.000000000000000000e+00 0.000000000000000000e+00
1.200000000000000000e+03 4.799881319870724639e-02 0.000000000000000000e+00 1.000000000000000000e+00 0.000000000000000000e+00 0.000000000000000000e+00 0.000000000000000000e+00
1.225000000000000000e+03 4.899878847368044354e-02 0.000000000000000000e+00 1.000000000000000000e+00 0.000000000000000000e+00 0.000000000000000000e+00 0.000000000000000000e+00
1.250000000000000000e+03 4.999876374865341866e-02 0.000000000000000000e+00 1.000000000000000000e+00 0.000000000000000000e+00 0.000000000000000000e+00 0.000000000000000000e+00
1.275000000000000000e+03 5.099873902362661582e-02 0.000000000000000000e+00 1.000000000000000000e+00 0.000000000000000000e+00 0.000000000000000000e+00 0.000000000000000000e+00
1.300000000000000000e+03 5.199871429859959093e-02 0.000000000000000000e+00 1.000000000000000000e+00 0.000000000000000000e+00 0.000000000000000000e+00 0.000000000000000000e+00
1.325000000000000000e+03 5.299868957357278809e-02 0.000000000000000000e+00 1.000000000000000000e+00 0.000000000000000000e+00 0.000000000000000000e+00 0.000000000000000000e+00
1.350000000000000000e+03 5.399866484854576321e-02 0.000000000000000000e+00 1.000000000000000000e+00 0.000000000000000000e+00 0.000000000000000000e+00 0.000000000000000000e+00
1.375000000000000000e+03 5.499864012351873832e-02 0.000000000000000000e+00 1.000000000000000000e+00 0.000000000000000000e+00 0.000000000000000000e+00 0.000000000000000000e+00
1.400000000000000000e+03 5.599861539849193548e-02 0.000000000000000000e+00 1.000000000000000000e+00 0.000000000000000000e+00 0.000000000000000000e+00 0.000000000000000000e+00
1.425000000000000000e+03 5.699859067346491059e-02 0.000000000000000000e+00 1.000000000000000000e+00 0.000000000000000000e+00 0.000000000000000000e+00 0.000000000000000000e+00
1.450000000000000000e+03 5.799856594843810775e-02 0.000000000000000000e+00 1.000000000000000000e+00 0.000000000000000000e+00 0.000000000000000000e+00 0.000000000000000000e+00
1.475000000000000000e+03 5.899854122341108287e-02 0.000000000000000000e+00 1.000000000000000000e+00 0.000000000000000000e+00 0.000000000000000000e+00 0.000000000000000000e+00
1.500000000000000000e+03 5.999851649838405798e-02 0.000000000000000000e+00 1.000000000000000000e+00 0.000000000000000000e+00 0.000000000000000000e+00 0.000000000000000000e+00
1.525000000000000000e+03 6.099849177335725514e-02 0.000000000000000000e+00 1.000000000000000000e+00 0.000000000000000000e+00 0.000000000000000000e+00 0.000000000000000000e+00
1.550000000000000000e+03 6.199846704833023026e-02 0.000000000000000000e+00 1.000000000000000000e+00 0.000000000000000000e+00 0.000000000000000000e+00 0.000000000000000000e+00
1.575000000000000000e+03 6.299844232330342741e-02 0.000000000000000000e+00 1.000000000000000000e+00 0.000000000000000000e+00 0.000000000000000000e+00 0.000000000000000000e+00
1.600000000000000000e+03 6.399841759827640253e-02 0.000000000000000000e+00 1.000000000000000000e+00 0.000000000000000000e+00 0.000000000000000000e+00 0.000000000000000000e+00
1.625000000000000000e+03 6.499839287324959969e-02 0.000000000000000000e+00 1.000000000000000000e+00 0.000000000000000000e+00 0.000000000000000000e+00 0.000000000000000000e+00
1.650000000000000000e+03 6.599836814822257480e-02 0.000000000000000000e+00 1.000000000000000000e+00 0.000000000000000000e+00 0.000000000000000000e+00 0.000000000000000000e+00
1.675000000000000000e+03 6.699834342319554992e-02 0.000000000000000000e+00 1.000000000000000000e+00 0.000000000000000000e+00 0.000000000000000000e+00 0.000000000000000000e+00
1.700000000000000000e+03 6.799831869816874708e-02 0.000000000000000000e+00 1.000000000000000000e+00 0.000000000000000000e+00 0.000000000000000000e+00 0.000000000000000000e+00
1.725000000000000000e+03 6.899829397314172219e-02 1.137915339098771066e-04 9.998862084660901095e-01 0.000000000000000000e+00 0.000000000000000000e+00 0.000000000000000000e+00
1.750000000000000000e+03 6.999826924811491935e-02 0.000000000000000000e+00 1.000000000000000000e+00 0.000000000000000000e+00 0.000000000000000000e+00 0.000000000000000000e+00
1.775000000000000000e+03 7.099824452308789446e-02 0.000000000000000000e+00 1.000000000000000000e+00 0.000000000000000000e+00 0.000000000000000000e+00 0.000000000000000000e+00
1.800000000000000000e+03 7.199821979806109162e-02 2.275830678197542133e-04 9.997724169321802190e-01 0.000000000000000000e+00 0.000000000000000000e+00 0.000000000000000000e+00
1.825000000000000000e+03 7.299819507303406674e-02 0.000000000000000000e+00 1.000000000000000000e+00 0.000000000000000000e+00 0.000000000000000000e+00 0.000000000000000000e+00
1.850000000000000000e+03 7.399817034800704185e-02 0.000000000000000000e+00 1.000000000000000000e+00 0.000000000000000000e+00 0.000000000000000000e+00 0.000000000000000000e+00
1.875000000000000000e+03 7.499814562298023901e-02 1.137915339098771066e-04 9.998862084660901095e-01 0.000000000000000000e+00 0.000000000000000000e+00 0.000000000000000000e+00
1.900000000000000000e+03 7.599812089795321413e-02 2.275830678197542133e-04 9.997724169321802190e-01 0.000000000000000000e+00 0.000000000000000000e+00 0.000000000000000000e+00
1.925000000000000000e+03 7.699809617292641128e-02 0.000000000000000000e+00 1.000000000000000000e+00 0.000000000000000000e+00 0.000000000000000000e+00 0.000000000000000000e+00
1.950000000000000000e+03 7.799807144789938640e-02 1.137915339098771066e-04 9.998862084660901095e-01 0.000000000000000000e+00 0.000000000000000000e+00 0.000000000000000000e+00
1.975000000000000000e+03 7.899804672287258356e-02 0.000000000000000000e+00 1.000000000000000000e+00 0.000000000000000000e+00 0.000000000000000000e+00 0.000000000000000000e+00
2.000000000000000000e+03 7.999802199784555867e-02 1.137915339098771066e-04 9.998862084660901095e-01 0.000000000000000000e+00 0.000000000000000000e+00 0.000000000000000000e+00
2.025000000000000000e+03 8.099799727281853379e-02 5.689576695493854790e-04 9.994310423304506585e-01 0.000000000000000000e+00 0.000000000000000000e+00 0.000000000000000000e+00
2.050000000000000000e+03 8.199797254779173095e-02 0.000000000000000000e+00 1.000000000000000000e+00 0.000000000000000000e+00 0.000000000000000000e+00 0.000000000000000000e+00
2.075000000000000000e+03 8.299794782276470606e-02 3.413746017296313199e-04 9.996586253982703285e-01 0.000000000000000000e+00 0.000000000000000000e+00 0.000000000000000000e+00
2.100000000000000000e+03 8.399792309773790322e-02 5.689576695493854790e-04 9.994310423304506585e-01 0.000000000000000000e+00 0.000000000000000000e+00 0.000000000000000000e+00
2.125000000000000000e+03 8.499789837271087833e-02 1.137915339098771066e-04 9.998862084660901095e-01 0.000000000000000000e+00 0.000000000000000000e+00 0.000000000000000000e+00
2.150000000000000000e+03 8.599787364768407549e-02 0.000000000000000000e+00 1.000000000000000000e+00 0.000000000000000000e+00 0.000000000000000000e+00 0.000000000000000000e+00
2.175000000000000000e+03 8.699784892265705061e-02 6.827492034592626399e-04 9.993172507965407680e-01 0.000000000000000000e+00 0.000000000000000000e+00 0.000000000000000000e+00
2.200000000000000000e+03 8.799782419763002572e-02 3.413746017296313199e-04 9.996586253982703285e-01 0.000000000000000000e+00 0.000000000000000000e+00 0.000000000000000000e+00
2.225000000000000000e+03 8.899779947260322288e-02 4.551661356395084266e-04 9.995448338643604380e-01 0.000000000000000000e+00 0.000000000000000000e+00 0.000000000000000000e+00
2.250000000000000000e+03 8.999777474757619800e-02 6.827492034592626399e-04 9.993172507965407680e-01 0.000000000000000000e+00 0.000000000000000000e+00 0.000000000000000000e+00
2.275000000000000000e+03 9.099775002254939515e-02 1.251706873008648227e-03 9.987482931269913156e-01 0.000000000000000000e+00 0.000000000000000000e+00 0.000000000000000000e+00
2.300000000000000000e+03 9.199772529752237027e-02 0.000000000000000000e+00 1.000000000000000000e+00 0.000000000000000000e+00 0.000000000000000000e+00 0.000000000000000000e+00
2.325000000000000000e+03 9.299770057249534538e-02 5.689576695493854790e-04 9.994310423304506585e-01 0.000000000000000000e+00 0.000000000000000000e+00 0.000000000000000000e+00
2.350000000000000000e+03 9.399767584746854254e-02 1.365498406918525280e-03 9.984069185252617551e-01 0.000000000000000000e+00 2.275830678197542133e-04 0.000000000000000000e+00
2.375000000000000000e+03 9.499765112244151766e-02 1.137915339098770958e-03 9.984069185252617551e-01 0.000000000000000000e+00 4.551661356395084266e-04 0.000000000000000000e+00
2.400000000000000000e+03 9.599762639741471482e-02 1.024123805188893906e-03 9.989758761948110966e-01 0.000000000000000000e+00 0.000000000000000000e+00 0.000000000000000000e+00
2.425000000000000000e+03 9.699760167238768993e-02 2.503413746017296455e-03 9.974965862539827421e-01 0.000000000000000000e+00 0.000000000000000000e+00 0.000000000000000000e+00
2.450000000000000000e+03 9.799757694736088709e-02 1.820664542558033706e-03 9.979517523896221931e-01 0.000000000000000000e+00 2.275830678197542133e-04 0.000000000000000000e+00
2.475000000000000000e+03 9.899755222233386220e-02 1.479289940828402332e-03 9.985207100591716456e-01 0.000000000000000000e+00 0.000000000000000000e+00 0.000000000000000000e+00
2.500000000000000000e+03 9.999752749730683732e-02 2.730996813837050560e-03 9.969276285844332897e-01 0.000000000000000000e+00 3.413746017296313199e-04 0.000000000000000000e+00
2.525000000000000000e+03 1.009975027722800345e-01 3.299954483386436255e-03 9.967000455166135087e-01 0.000000000000000000e+00 0.000000000000000000e+00 0.000000000000000000e+00
2.550000000000000000e+03 1.019974780472530096e-01 3.413746017296313308e-03 9.963586709148839482e-01 0.000000000000000000e+00 2.275830678197542133e-04 0.000000000000000000e+00
2.575000000000000000e+03 1.029974533222262068e-01 2.503413746017296455e-03 9.972690031861629611e-01 0.000000000000000000e+00 2.275830678197542133e-04 0.000000000000000000e+00
2.600000000000000000e+03 1.039974285971991819e-01 3.641329085116067413e-03 9.960172963131542767e-01 0.000000000000000000e+00 3.413746017296313199e-04 0.000000000000000000e+00
2.625000000000000000e+03 1.049974038721723790e-01 2.617205279927173507e-03 9.973827947200728516e-01 0.000000000000000000e+00 0.000000000000000000e+00 0.000000000000000000e+00
2.650000000000000000e+03 1.059973791471453541e-01 7.055075102412380721e-03 9.929449248975875664e-01 0.000000000000000000e+00 0.000000000000000000e+00 0.000000000000000000e+00
2.675000000000000000e+03 1.069973544221183293e-01 6.599908966772872511e-03 9.927173418297678964e-01 0.000000000000000000e+00 6.827492034592626399e-04 0.000000000000000000e+00
2.700000000000000000e+03 1.079973296970915264e-01 9.899863450159307465e-03 9.895311788802912956e-01 0.000000000000000000e+00 5.689576695493854790e-04 0.000000000000000000e+00
2.725000000000000000e+03 1.089973049720645015e-01 8.192990441511151245e-03 9.913518434228493215e-01 0.000000000000000000e+00 4.551661356395084266e-04 0.000000000000000000e+00
2.750000000000000000e+03 1.099972802470376987e-01 6.713700500682749130e-03 9.931725079654073474e-01 0.000000000000000000e+00 1.137915339098771066e-04 0.000000000000000000e+00
2.775000000000000000e+03 1.109972555220106738e-01 8.079198907601274626e-03 9.914656349567592120e-01 0.000000000000000000e+00 4.551661356395084266e-04 0.000000000000000000e+00
2.800000000000000000e+03 1.119972307969838710e-01 8.989531178880291046e-03 9.897587619481110766e-01 0.000000000000000000e+00 1.251706873008648227e-03 0.000000000000000000e+00
2.825000000000000000e+03 1.129972060719568461e-01 8.534365043240782836e-03 9.908966772872098705e-01 0.000000000000000000e+00 5.689576695493854790e-04 0.000000000000000000e+00
2.850000000000000000e+03 1.139971813469298212e-01 1.411015020482476144e-02 9.842967683204369989e-01 0.000000000000000000e+00 1.593081474738279385e-03 0.000000000000000000e+00
2.875000000000000000e+03 1.149971566219030183e-01 2.298588984979517413e-02 9.742831133363677454e-01 0.000000000000000000e+00 2.730996813837050560e-03 0.000000000000000000e+00
2.900000000000000000e+03 1.159971318968759935e-01 2.298588984979517413e-02 9.726900318616295005e-01 0.000000000000000000e+00 4.324078288575329727e-03 0.000000000000000000e+00
2.925000000000000000e+03 1.169971071718491906e-01 3.106508875739644876e-02 9.605143377332726606e-01 0.000000000000000000e+00 8.420573509330906217e-03 0.000000000000000000e+00
2.950000000000000000e+03 1.179970824468221657e-01 4.164770141101502288e-02 9.424214838416021811e-01 0.000000000000000000e+00 1.593081474738279601e-02 0.000000000000000000e+00
2.975000000000000000e+03 1.189970577217953629e-01 6.042330450614474130e-02 9.006599908966772539e-01 0.000000000000000000e+00 3.891670459717797015e-02 0.000000000000000000e+00
3.000000000000000000e+03 1.199970329967683380e-01 1.034365043240782905e-01 8.006372325898952758e-01 0.000000000000000000e+00 9.592626308602640595e-02 0.000000000000000000e+00
3.025000000000000000e+03 1.209970082717413131e-01 1.543013199817933612e-01 6.512289485662267063e-01 0.000000000000000000e+00 1.944697314519799602e-01 0.000000000000000000e+00
3.050000000000000000e+03 1.219969835467145103e-01 2.439690487027765253e-01 4.301319981793354508e-01 0.000000000000000000e+00 3.258989531178880239e-01 0.000000000000000000e+00
3.075000000000000000e+03 1.229969588216874854e-01 3.165680473372781134e-01 2.469276285844333174e-01 1.137915339098771066e-04 4.363905325443787064e-01 0.000000000000000000e+00
3.100000000000000000e+03 1.239969340966606826e-01 3.669776968593536637e-01 1.553254437869822369e-01 0.000000000000000000e+00 4.776968593536640717e-01 0.000000000000000000e+00
3.125000000000000000e+03 1.249969093716336577e-01 3.832498862084661173e-01 1.265361857077833274e-01 2.275830678197542133e-04 4.899863450159308020e-01 0.000000000000000000e+00
3.150000000000000000e+03 1.259968846466066328e-01 3.591260810195721631e-01 1.554392353208921274e-01 3.413746017296313199e-04 4.850933090578061213e-01 0.000000000000000000e+00
3.175000000000000000e+03 1.269968599215798299e-01 3.345471096950387024e-01 1.909421939007737712e-01 4.551661356395084266e-04 4.740555302685480199e-01 0.000000000000000000e+00
3.200000000000000000e+03 1.279968351965528051e-01 3.507055075102412656e-01 1.956076467910787542e-01 6.827492034592626399e-04 4.530040964952207760e-01 0.000000000000000000e+00
3.225000000000000000e+03 1.289968104715260022e-01 3.673190714610832797e-01 1.784251251706872876e-01 6.372325898953117539e-03 4.478834774692762588e-01 0.000000000000000000e+00
3.250000000000000000e+03 1.299967857464989773e-01 3.994082840236686249e-01 1.412152935821574806e-01 1.274465179790623508e-02 4.466317705962676299e-01 0.000000000000000000e+00
3.275000000000000000e+03 1.309967610214721745e-01 4.020254893035958288e-01 1.362084660901228816e-01 2.196176604460628110e-02 4.398042785616750328e-01 0.000000000000000000e+00
3.300000000000000000e+03 1.319967362964451496e-01 4.123805188893946427e-01 1.522530723714155543e-01 3.686845698680018407e-02 3.984979517523896120e-01 0.000000000000000000e+00
3.325000000000000000e+03 1.329967115714181247e-01 4.316112881201638607e-01 1.657942649066909413e-01 5.496131087847064278e-02 3.476331360946745552e-01 0.000000000000000000e+00
3.350000000000000000e+03 1.339966868463913219e-01 4.349112426035502965e-01 1.852526172052799402e-01 7.430587164314975124e-02 3.055302685480200120e-01 0.000000000000000000e+00
3.375000000000000000e+03 1.349966621213642970e-01 4.238734638142921951e-01 2.181383705052344080e-01 9.763313609467455523e-02 2.603550295857988139e-01 0.000000000000000000e+00
3.400000000000000000e+03 1.359966373963374942e-01 4.070323167956304000e-01 2.457897132453345512e-01 1.255120619025944517e-01 2.216659080564405970e-01 0.000000000000000000e+00
3.425000000000000000e+03 1.369966126713104693e-01 4.010013654984069253e-01 2.589895311788802945e-01 1.420118343195266308e-01 1.979972690031861493e-01 0.000000000000000000e+00
3.450000000000000000e+03 1.379965879462836664e-01 3.872325898953117851e-01 2.699135184342285054e-01 1.489531178880291185e-01 1.939007737824305910e-01 0.000000000000000000e+00
3.475000000000000000e+03 1.389965632212566415e-01 3.819981793354574329e-01 2.738962221210741732e-01 1.456531634046426826e-01 1.984524351388256835e-01 0.000000000000000000e+00
3.500000000000000000e+03 1.399965384962296167e-01 3.731224396904870289e-01 2.791306326809285254e-01 1.425807919890760000e-01 2.051661356395084179e-01 0.000000000000000000e+00
3.525000000000000000e+03 1.409965137712028138e-01 3.661811561219845412e-01 2.915339098771051463e-01 1.430359581247155343e-01 1.992489758761948060e-01 0.000000000000000000e+00
3.550000000000000000e+03 1.419964890461757889e-01 3.617432862994993115e-01 2.969959035047792240e-01 1.438324988620846567e-01 1.974283113336367801e-01 0.000000000000000000e+00
3.575000000000000000e+03 1.429964643211489861e-01 3.799499317250796815e-01 2.888029130632681074e-01 1.481565771506599960e-01 1.830905780609922706e-01 0.000000000000000000e+00
3.600000000000000000e+03 1.439964395961219612e-01 3.799499317250796815e-01 2.876649977241693135e-01 1.672735548475193512e-01 1.651115157032316816e-01 0.000000000000000000e+00
3.625000000000000000e+03 1.449964148710951584e-01 3.733500227583067543e-01 2.832271279016841392e-01 1.739872553482020856e-01 1.694355939918070209e-01 0.000000000000000000e+00
3.650000000000000000e+03 1.459963901460681335e-01 3.776741010468820936e-01 2.841374601729631522e-01 1.876422394173873354e-01 1.505461993627674189e-01 0.000000000000000000e+00
3.675000000000000000e+03 1.469963654210411086e-01 3.717569412835685094e-01 2.762858443331815961e-01 1.981110605370960398e-01 1.538461538461538547e-01 0.000000000000000000e+00
3.700000000000000000e+03 1.479963406960143057e-01 3.701638598088302090e-01 2.744651797906235702e-01 2.022075557578516258e-01 1.531634046426945950e-01 0.000000000000000000e+00
3.725000000000000000e+03 1.489963159709872809e-01 3.714155666818388934e-01 2.730996813837050508e-01 2.089212562585343602e-01 1.465634956759217233e-01 0.000000000000000000e+00
3.750000000000000000e+03 1.499962912459604780e-01 3.758534365043240677e-01 2.741238051888939542e-01 2.121074192080109333e-01 1.379153390987710448e-01 0.000000000000000000e+00
3.775000000000000000e+03 1.509962665209334531e-01 3.709604005461993870e-01 2.758306781975420896e-01 2.134729176149294527e-01 1.397360036413290985e-01 0.000000000000000000e+00
3.800000000000000000e+03 1.519962417959066503e-01 3.769913518434228616e-01 2.756030951297223641e-01 2.195038689121529274e-01 1.279016841147018746e-01 0.000000000000000000e+00
3.825000000000000000e+03 1.529962170708796254e-01 3.684569868001820736e-01 2.763996358670914866e-01 2.269003186162949492e-01 1.282430587164314906e-01 0.000000000000000000e+00
3.850000000000000000e+03 1.539961923458526005e-01 3.725534820209376319e-01 2.804961310878470448e-01 2.354346836595357373e-01 1.115157032316795582e-01 0.000000000000000000e+00
3.875000000000000000e+03 1.549961676208257977e-01 3.777878925807919841e-01 2.771961766044606090e-01 2.448793809740555383e-01 1.001365498406918547e-01 0.000000000000000000e+00
3.900000000000000000e+03 1.559961428957987728e-01 3.871187983614018946e-01 2.752617205279926926e-01 2.413518434228493492e-01 9.626763768775603580e-02 0.000000000000000000e+00
3.925000000000000000e+03 1.569961181707719700e-01 3.821119708693673234e-01 2.763996358670914866e-01 2.428311333636777314e-01 9.865725989986344480e-02 0.000000000000000000e+00
3.950000000000000000e+03 1.579960934457449451e-01 3.809740555302685294e-01 2.778789258079198965e-01 2.411242603550295960e-01 1.000227583067819781e-01 0.000000000000000000e+00
3.975000000000000000e+03 1.589960687207181422e-01 3.832498862084661173e-01 2.802685480200273194e-01 2.380518889394629134e-01 9.842967683204369156e-02 0.000000000000000000e+00
4.000000000000000000e+03 1.599960439956911173e-01 3.911015020482476179e-01 2.707100591715976279e-01 2.366863905325443662e-01 1.015020482476103741e-01 0.000000000000000000e+00
4.025000000000000000e+03 1.609960192706640925e-01 3.954255803368229572e-01 2.744651797906235702e-01 2.349795175238962308e-01 9.512972234865725574e-02 0.000000000000000000e+00
4.050000000000000000e+03 1.619959945456372896e-01 3.944014565316340537e-01 2.742375967228038447e-01 2.429449248975876219e-01 8.841602184797450747e-02 0.000000000000000000e+00
4.075000000000000000e+03 1.629959698206102647e-01 3.951979972690031762e-01 2.671825216203914666e-01 2.397587619481110488e-01 9.786071916249430847e-02 0.000000000000000000e+00
4.100000000000000000e+03 1.639959450955834619e-01 3.932635411925352598e-01 2.677514792899408080e-01 2.436276741010468816e-01 9.535730541647700897e-02 0.000000000000000000e+00
4.125000000000000000e+03 1.649959203705564370e-01 3.939462903959945472e-01 2.680928538916704795e-01 2.421483841602184717e-01 9.581247155211652933e-02 0.000000000000000000e+00
4.150000000000000000e+03 1.659958956455294121e-01 3.984979517523896120e-01 2.684342284934000955e-01 2.428311333636777314e-01 9.023668639053254725e-02 0.000000000000000000e+00
4.175000000000000000e+03 1.669958709205026093e-01 3.939462903959945472e-01 2.688893946290396020e-01 2.446517979062357850e-01 9.251251706873007963e-02 0.000000000000000000e+00
4.200000000000000000e+03 1.679958461954755844e-01 4.005461993627674189e-01 2.740100136549840637e-01 2.477241693218024676e-01 7.771961766044606368e-02 0.000000000000000000e+00
4.225000000000000000e+03 1.689958214704487816e-01 4.017979062357760478e-01 2.701411015020482309e-01 2.453345471096950448e-01 8.272644515248064878e-02 0.000000000000000000e+00
4.250000000000000000e+03 1.699957967454217567e-01 4.079426490669094130e-01 2.644515248065543722e-01 2.485207100591715901e-01 7.908511606736458310e-02 0.000000000000000000e+00
4.275000000000000000e+03 1.709957720203949538e-01 4.087391898042785354e-01 2.643377332726445372e-01 2.474965862539827144e-01 7.942649066909421296e-02 0.000000000000000000e+00
4.300000000000000000e+03 1.719957472953679289e-01 4.068047337278106745e-01 2.614929449248976079e-01 2.473827947200728239e-01 8.431952662721893532e-02 0.000000000000000000e+00
4.325000000000000000e+03 1.729957225703409041e-01 4.109012289485662328e-01 2.572826581702321591e-01 2.482931269913518368e-01 8.352298588984979899e-02 0.000000000000000000e+00
4.350000000000000000e+03 1.739956978453141012e-01 4.071461083295402905e-01 2.597860719162494170e-01 2.490896677287209870e-01 8.397815202548930547e-02 0.000000000000000000e+00
4.375000000000000000e+03 1.749956731202870763e-01 4.205735093309057593e-01 2.562585343650432557e-01 2.445380063723258945e-01 7.862994993172507663e-02 0.000000000000000000e+00
4.400000000000000000e+03 1.759956483952602735e-01 4.112426035502958488e-01 2.674101046882111921e-01 2.484069185252617273e-01 7.294037323623121793e-02 0.000000000000000000e+00
4.425000000000000000e+03 1.769956236702332486e-01 4.127218934911242587e-01 2.658170232134728916e-01 2.464724624487938109e-01 7.498862084660901095e-02 0.000000000000000000e+00
4.450000000000000000e+03 1.779955989452064458e-01 4.208010923987255403e-01 2.639963586709148657e-01 2.421483841602184717e-01 7.305416477014110843e-02 0.000000000000000000e+00
4.475000000000000000e+03 1.789955742201794209e-01 4.135184342284933812e-01 2.655894401456531662e-01 2.455621301775147980e-01 7.532999544833864081e-02 0.000000000000000000e+00
4.500000000000000000e+03 1.799955494951523960e-01 4.203459262630860338e-01 2.650204824761037692e-01 2.465862539827036737e-01 6.804733727810650945e-02 0.000000000000000000e+00
4.525000000000000000e+03 1.809955247701255932e-01 4.176149294492489950e-01 2.616067364588074429e-01 2.558033682294037492e-01 6.497496586253982687e-02 0.000000000000000000e+00
4.550000000000000000e+03 1.819955000450985683e-01 4.176149294492489950e-01 2.651342740100136597e-01 2.564861174328629811e-01 6.076467910787437116e-02 0.000000000000000000e+00
4.575000000000000000e+03 1.829954753200717654e-01 4.129494765589440397e-01 2.684342284934000955e-01 2.579654073736913911e-01 6.065088757396449454e-02 0.000000000000000000e+00
4.600000000000000000e+03 1.839954505950447405e-01 4.209148839326354308e-01 2.604688211197087044e-01 2.581929904415111721e-01 6.042330450614474130e-02 0.000000000000000000e+00
4.625000000000000000e+03 1.849954258700179377e-01 4.188666363222576239e-01 2.618343195266272239e-01 2.633136094674556338e-01 5.598543468365953235e-02 0.000000000000000000e+00
4.650000000000000000e+03 1.859954011449909128e-01 4.167045971779699820e-01 2.674101046882111921e-01 2.601274465179790885e-01 5.575785161583977911e-02 0.000000000000000000e+00
4.675000000000000000e+03 1.869953764199638879e-01 4.217114246700045532e-01 2.604688211197087044e-01 2.592171142467000200e-01 5.860263996358670846e-02 0.000000000000000000e+00
4.700000000000000000e+03 1.879953516949370851e-01 4.208010923987255403e-01 2.592171142467000200e-01 2.629722348657259623e-01 5.700955848884842886e-02 0.000000000000000000e+00
4.725000000000000000e+03 1.889953269699100602e-01 4.245562130177514826e-01 2.613791533909877174e-01 2.609239872553482109e-01 5.314064633591260994e-02 0.000000000000000000e+00
4.750000000000000000e+03 1.899953022448832574e-01 4.268320436959490149e-01 2.619481110605371144e-01 2.595584888484296915e-01 5.166135639508420696e-02 0.000000000000000000e+00
4.775000000000000000e+03 1.909952775198562325e-01 4.289940828402367123e-01 2.638825671370050308e-01 2.571688666363222686e-01 4.995448338643605074e-02 0.000000000000000000e+00
4.800000000000000000e+03 1.919952527948294296e-01 4.324078288575329831e-01 2.606964041875284299e-01 2.605826126536185949e-01 4.631315430131998506e-02 0.000000000000000000e+00
4.825000000000000000e+03 1.929952280698024047e-01 4.320664542558033672e-01 2.649066909421938787e-01 2.571688666363222686e-01 4.585798816568047165e-02 0.000000000000000000e+00
4.850000000000000000e+03 1.939952033447753799e-01 4.335457441966317771e-01 2.651342740100136597e-01 2.536413290851160518e-01 4.767865270823850449e-02 0.000000000000000000e+00
4.875000000000000000e+03 1.949951786197485770e-01 4.337733272644515026e-01 2.641101502048247562e-01 2.561447428311333652e-01 4.597177969959034827e-02 0.000000000000000000e+00
4.900000000000000000e+03 1.959951538947215521e-01 4.317250796540737512e-01 2.672963131543013016e-01 2.552344105598543522e-01 4.574419663177059503e-02 0.000000000000000000e+00
4.925000000000000000e+03 1.969951291696947493e-01 4.418525261720527841e-01 2.647928994082840437e-01 2.515930814747383004e-01 4.176149294492489950e-02 0.000000000000000000e+00
4.950000000000000000e+03 1.979951044446677244e-01 4.365043240782885969e-01 2.645653163404642627e-01 2.500000000000000000e-01 4.893035958124715423e-02 0.000000000000000000e+00
4.975000000000000000e+03 1.989950797196406995e-01 4.424214838416021811e-01 2.616067364588074429e-01 2.484069185252617273e-01 4.756486117432862787e-02 0.000000000000000000e+00
5.000000000000000000e+03 1.999950549946138967e-01 4.396904870277651423e-01 2.646791078743741532e-01 2.457897132453345512e-01 4.984069185252617412e-02 0.000000000000000000e+00
5.025000000000000000e+03 2.009950302695868718e-01 4.410559854346836617e-01 2.626308602639963463e-01 2.506827492034592875e-01 4.563040509786071841e-02 0.000000000000000000e+00
5.050000000000000000e+03 2.019950055445600690e-01 4.465179790623577394e-01 2.635411925352753593e-01 2.424897587619481154e-01 4.745106964041875125e-02 0.000000000000000000e+00
5.075000000000000000e+03 2.029949808195330441e-01 4.369594902139281034e-01 2.691169776968593275e-01 2.478379608557123304e-01 4.608557123350022489e-02 0.000000000000000000e+00
5.100000000000000000e+03 2.039949560945062412e-01 4.411697769685935522e-01 2.699135184342285054e-01 2.453345471096950448e-01 4.358215748748293233e-02 0.000000000000000000e+00
5.125000000000000000e+03 2.049949313694792163e-01 4.357077833409194190e-01 2.703686845698680119e-01 2.464724624487938109e-01 4.745106964041875125e-02 0.000000000000000000e+00
5.150000000000000000e+03 2.059949066444521915e-01 4.360491579426490905e-01 2.705962676376877374e-01 2.476103777878925771e-01 4.574419663177059503e-02 0.000000000000000000e+00
5.175000000000000000e+03 2.069948819194253886e-01 4.319526627218934767e-01 2.700273099681383959e-01 2.501137915339098905e-01 4.790623577605826466e-02 0.000000000000000000e+00
5.200000000000000000e+03 2.079948571943983637e-01 4.419663177059626746e-01 2.675238962221210826e-01 2.418070095584888557e-01 4.870277651342740100e-02 0.000000000000000000e+00
5.225000000000000000e+03 2.089948324693715609e-01 4.472007282658170269e-01 2.668411470186617951e-01 2.383932635411925294e-01 4.756486117432862787e-02 0.000000000000000000e+00
5.250000000000000000e+03 2.099948077443445360e-01 4.351388256713700775e-01 2.716203914428766408e-01 2.429449248975876219e-01 5.029585798816568060e-02 0.000000000000000000e+00
5.275000000000000000e+03 2.109947830193177332e-01 4.395766954938552518e-01 2.690031861629494925e-01 2.426035502958579781e-01 4.870277651342740100e-02 1.137915339098771066e-04
5.300000000000000000e+03 2.119947582942907083e-01 4.382111970869367323e-01 2.734410559854346667e-01 2.444242148384160318e-01 4.392353208921256219e-02 0.000000000000000000e+00
5.325000000000000000e+03 2.129947335692636834e-01 4.385525716886663483e-01 2.754893035958124736e-01 2.406690942193900895e-01 4.517523896222121194e-02 1.137915339098771066e-04
5.350000000000000000e+03 2.139947088442368806e-01 4.392353208921256358e-01 2.720755575785161473e-01 2.494310423304506030e-01 3.914428766499772339e-02 1.137915339098771066e-04
5.375000000000000000e+03 2.149946841192098557e-01 4.390077378243058548e-01 2.762858443331815961e-01 2.462448793809740577e-01 3.834774692762858705e-02 1.137915339098771066e-04
5.400000000000000000e+03 2.159946593941830528e-01 4.304733727810650668e-01 2.742375967228038447e-01 2.535275375512062168e-01 4.176149294492489950e-02 0.000000000000000000e+00
5.425000000000000000e+03 2.169946346691560279e-01 4.340009103322712836e-01 2.768548020027309930e-01 2.536413290851160518e-01 3.550295857988165771e-02 0.000000000000000000e+00
5.450000000000000000e+03 2.179946099441292251e-01 4.366181156121984319e-01 2.725307237141556538e-01 2.544378698224852298e-01 3.629949931725079404e-02 1.137915339098771066e-04
5.475000000000000000e+03 2.189945852191022002e-01 4.366181156121984319e-01 2.735548475193445572e-01 2.506827492034592875e-01 3.903049613108784677e-02 1.137915339098771066e-04
5.500000000000000000e+03 2.199945604940751753e-01 4.392353208921256358e-01 2.721893491124260378e-01 2.525034137460173134e-01 3.607191624943104080e-02 0.000000000000000000e+00
5.525000000000000000e+03 2.209945357690483725e-01 4.453800637232590010e-01 2.704824761037779024e-01 2.469276285844333174e-01 3.709604005461993731e-02 1.137915339098771066e-04
5.550000000000000000e+03 2.219945110440213476e-01 4.388939462903960198e-01 2.753755120619025831e-01 2.498862084660901095e-01 3.573054164770141095e-02 1.137915339098771066e-04
5.575000000000000000e+03 2.229944863189945448e-01 4.417387346381429492e-01 2.757168866636321991e-01 2.503413746017296160e-01 3.220300409649522189e-02 0.000000000000000000e+00
5.600000000000000000e+03 2.239944615939675199e-01 4.399180700955848677e-01 2.724169321802457633e-01 2.478379608557123304e-01 3.982703686845699004e-02 0.000000000000000000e+00
5.625000000000000000e+03 2.249944368689407170e-01 4.416249431042330587e-01 2.717341829767865313e-01 2.461310878470641672e-01 4.050978607191624975e-02 0.000000000000000000e+00
5.650000000000000000e+03 2.259944121439136921e-01 4.443559399180700975e-01 2.663859808830222886e-01 2.477241693218024676e-01 4.153390987710514626e-02 0.000000000000000000e+00
5.675000000000000000e+03 2.269943874188866673e-01 4.427628584433317971e-01 2.641101502048247562e-01 2.498862084660901095e-01 4.324078288575330248e-02 0.000000000000000000e+00
