# itime ezz other fcc hcp bcc ico
0.000000000000000000e+00 0.000000000000000000e+00 0.000000000000000000e+00 1.000000000000000000e+00 0.000000000000000000e+00 0.000000000000000000e+00 0.000000000000000000e+00
2.500000000000000000e+02 1.000056514964597909e-03 0.000000000000000000e+00 1.000000000000000000e+00 0.000000000000000000e+00 0.000000000000000000e+00 0.000000000000000000e+00
5.000000000000000000e+02 2.000113029928973774e-03 0.000000000000000000e+00 1.000000000000000000e+00 0.000000000000000000e+00 0.000000000000000000e+00 0.000000000000000000e+00
7.500000000000000000e+02 3.000169544893571683e-03 0.000000000000000000e+00 1.000000000000000000e+00 0.000000000000000000e+00 0.000000000000000000e+00 0.000000000000000000e+00
1.000000000000000000e+03 4.000226059857947547e-03 0.000000000000000000e+00 1.000000000000000000e+00 0.000000000000000000e+00 0.000000000000000000e+00 0.000000000000000000e+00
1.250000000000000000e+03 5.000282574822545456e-03 0.000000000000000000e+00 1.000000000000000000e+00 0.000000000000000000e+00 0.000000000000000000e+00 0.000000000000000000e+00
1.500000000000000000e+03 6.000339089786921321e-03 0.000000000000000000e+00 1.000000000000000000e+00 0.000000000000000000e+00 0.000000000000000000e+00 0.000000000000000000e+00
1.750000000000000000e+03 7.000395604751519230e-03 0.000000000000000000e+00 1.000000000000000000e+00 0.000000000000000000e+00 0.000000000000000000e+00 0.000000000000000000e+00
2.000000000000000000e+03 8.000452119716117139e-03 0.000000000000000000e+00 1.000000000000000000e+00 0.000000000000000000e+00 0.000000000000000000e+00 0.000000000000000000e+00
2.250000000000000000e+03 9.000508634680493003e-03 0.000000000000000000e+00 1.000000000000000000e+00 0.000000000000000000e+00 0.000000000000000000e+00 0.000000000000000000e+00
2.500000000000000000e+03 1.000056514964509091e-02 0.000000000000000000e+00 1.000000000000000000e+00 0.000000000000000000e+00 0.000000000000000000e+00 0.000000000000000000e+00
2.750000000000000000e+03 1.100062166460946678e-02 0.000000000000000000e+00 1.000000000000000000e+00 0.000000000000000000e+00 0.000000000000000000e+00 0.000000000000000000e+00
3.000000000000000000e+03 1.200067817957406469e-02 0.000000000000000000e+00 1.000000000000000000e+00 0.000000000000000000e+00 0.000000000000000000e+00 0.000000000000000000e+00
3.250000000000000000e+03 1.300073469453844055e-02 0.000000000000000000e+00 1.000000000000000000e+00 0.000000000000000000e+00 0.000000000000000000e+00 0.000000000000000000e+00
3.500000000000000000e+03 1.400079120950303846e-02 0.000000000000000000e+00 1.000000000000000000e+00 0.000000000000000000e+00 0.000000000000000000e+00 0.000000000000000000e+00
3.750000000000000000e+03 1.500084772446763637e-02 0.000000000000000000e+00 1.000000000000000000e+00 0.000000000000000000e+00 0.000000000000000000e+00 0.000000000000000000e+00
4.000000000000000000e+03 1.600090423943201223e-02 0.000000000000000000e+00 1.000000000000000000e+00 0.000000000000000000e+00 0.000000000000000000e+00 0.000000000000000000e+00
4.250000000000000000e+03 1.700096075439661014e-02 0.000000000000000000e+00 1.000000000000000000e+00 0.000000000000000000e+00 0.000000000000000000e+00 0.000000000000000000e+00
4.500000000000000000e+03 1.800101726936098601e-02 0.000000000000000000e+00 1.000000000000000000e+00 0.000000000000000000e+00 0.000000000000000000e+00 0.000000000000000000e+00
4.750000000000000000e+03 1.900107378432558392e-02 0.000000000000000000e+00 1.000000000000000000e+00 0.000000000000000000e+00 0.000000000000000000e+00 0.000000000000000000e+00
5.000000000000000000e+03 2.000113029928995978e-02 0.000000000000000000e+00 1.000000000000000000e+00 0.000000000000000000e+00 0.000000000000000000e+00 0.000000000000000000e+00
5.250000000000000000e+03 2.100118681425455769e-02 0.000000000000000000e+00 1.000000000000000000e+00 0.000000000000000000e+00 0.000000000000000000e+00 0.000000000000000000e+00
5.500000000000000000e+03 2.200124332921915560e-02 0.000000000000000000e+00 1.000000000000000000e+00 0.000000000000000000e+00 0.000000000000000000e+00 0.000000000000000000e+00
5.750000000000000000e+03 2.300129984418353146e-02 0.000000000000000000e+00 1.000000000000000000e+00 0.000000000000000000e+00 0.000000000000000000e+00 0.000000000000000000e+00
6.000000000000000000e+03 2.400135635914812937e-02 0.000000000000000000e+00 1.000000000000000000e+00 0.000000000000000000e+00 0.000000000000000000e+00 0.000000000000000000e+00
6.250000000000000000e+03 2.500141287411250524e-02 0.000000000000000000e+00 1.000000000000000000e+00 0.000000000000000000e+00 0.000000000000000000e+00 0.000000000000000000e+00
6.500000000000000000e+03 2.600146938907710314e-02 0.000000000000000000e+00 1.000000000000000000e+00 0.000000000000000000e+00 0.000000000000000000e+00 0.000000000000000000e+00
6.750000000000000000e+03 2.700152590404147901e-02 0.000000000000000000e+00 1.000000000000000000e+00 0.000000000000000000e+00 0.000000000000000000e+00 0.000000000000000000e+00
7.000000000000000000e+03 2.800158241900607692e-02 0.000000000000000000e+00 1.000000000000000000e+00 0.000000000000000000e+00 0.000000000000000000e+00 0.000000000000000000e+00
7.250000000000000000e+03 2.900163893397067483e-02 0.000000000000000000e+00 1.000000000000000000e+00 0.000000000000000000e+00 0.000000000000000000e+00 0.000000000000000000e+00
7.500000000000000000e+03 3.000169544893505069e-02 0.000000000000000000e+00 1.000000000000000000e+00 0.000000000000000000e+00 0.000000000000000000e+00 0.000000000000000000e+00
7.750000000000000000e+03 3.100175196389964860e-02 0.000000000000000000e+00 1.000000000000000000e+00 0.000000000000000000e+00 0.000000000000000000e+00 0.000000000000000000e+00
8.000000000000000000e+03 3.200180847886402447e-02 0.000000000000000000e+00 1.000000000000000000e+00 0.000000000000000000e+00 0.000000000000000000e+00 0.000000000000000000e+00
8.250000000000000000e+03 3.300186499382862237e-02 0.000000000000000000e+00 1.000000000000000000e+00 0.000000000000000000e+00 0.000000000000000000e+00 0.000000000000000000e+00
8.500000000000000000e+03 3.400192150879299824e-02 0.000000000000000000e+00 1.000000000000000000e+00 0.000000000000000000e+00 0.000000000000000000e+00 0.000000000000000000e+00
8.750000000000000000e+03 3.500197802375759615e-02 0.000000000000000000e+00 1.000000000000000000e+00 0.000000000000000000e+00 0.000000000000000000e+00 0.000000000000000000e+00
9.000000000000000000e+03 3.600203453872219406e-02 0.000000000000000000e+00 1.000000000000000000e+00 0.000000000000000000e+00 0.000000000000000000e+00 0.000000000000000000e+00
9.250000000000000000e+03 3.700209105368656992e-02 0.000000000000000000e+00 1.000000000000000000e+00 0.000000000000000000e+00 0.000000000000000000e+00 0.000000000000000000e+00
9.500000000000000000e+03 3.800214756865116783e-02 0.000000000000000000e+00 1.000000000000000000e+00 0.000000000000000000e+00 0.000000000000000000e+00 0.000000000000000000e+00
9.750000000000000000e+03 3.900220408361554369e-02 0.000000000000000000e+00 1.000000000000000000e+00 0.000000000000000000e+00 0.000000000000000000e+00 0.000000000000000000e+00
1.000000000000000000e+04 4.000226059858014160e-02 0.000000000000000000e+00 1.000000000000000000e+00 0.000000000000000000e+00 0.000000000000000000e+00 0.000000000000000000e+00
1.025000000000000000e+04 4.100231711354451747e-02 0.000000000000000000e+00 1.000000000000000000e+00 0.000000000000000000e+00 0.000000000000000000e+00 0.000000000000000000e+00
1.050000000000000000e+04 4.200237362850911538e-02 0.000000000000000000e+00 1.000000000000000000e+00 0.000000000000000000e+00 0.000000000000000000e+00 0.000000000000000000e+00
1.075000000000000000e+04 4.300243014347371329e-02 0.000000000000000000e+00 1.000000000000000000e+00 0.000000000000000000e+00 0.000000000000000000e+00 0.000000000000000000e+00
1.100000000000000000e+04 4.400248665843808915e-02 0.000000000000000000e+00 1.000000000000000000e+00 0.000000000000000000e+00 0.000000000000000000e+00 0.000000000000000000e+00
1.125000000000000000e+04 4.500254317340268706e-02 0.000000000000000000e+00 1.000000000000000000e+00 0.000000000000000000e+00 0.000000000000000000e+00 0.000000000000000000e+00
1.150000000000000000e+04 4.600259968836706292e-02 0.000000000000000000e+00 1.000000000000000000e+00 0.000000000000000000e+00 0.000000000000000000e+00 0.000000000000000000e+00
1.175000000000000000e+04 4.700265620333166083e-02 0.000000000000000000e+00 1.000000000000000000e+00 0.000000000000000000e+00 0.000000000000000000e+00 0.000000000000000000e+00
1.200000000000000000e+04 4.800271271829603670e-02 0.000000000000000000e+00 1.000000000000000000e+00 0.000000000000000000e+00 0.000000000000000000e+00 0.000000000000000000e+00
1.225000000000000000e+04 4.900276923326063461e-02 0.000000000000000000e+00 1.000000000000000000e+00 0.000000000000000000e+00 0.000000000000000000e+00 0.000000000000000000e+00
1.250000000000000000e+04 5.000282574822523252e-02 0.000000000000000000e+00 1.000000000000000000e+00 0.000000000000000000e+00 0.000000000000000000e+00 0.000000000000000000e+00
1.275000000000000000e+04 5.100288226318960838e-02 0.000000000000000000e+00 1.000000000000000000e+00 0.000000000000000000e+00 0.000000000000000000e+00 0.000000000000000000e+00
1.300000000000000000e+04 5.200293877815420629e-02 0.000000000000000000e+00 1.000000000000000000e+00 0.000000000000000000e+00 0.000000000000000000e+00 0.000000000000000000e+00
1.325000000000000000e+04 5.300299529311858215e-02 0.000000000000000000e+00 1.000000000000000000e+00 0.000000000000000000e+00 0.000000000000000000e+00 0.000000000000000000e+00
1.350000000000000000e+04 5.400305180808318006e-02 0.000000000000000000e+00 1.000000000000000000e+00 0.000000000000000000e+00 0.000000000000000000e+00 0.000000000000000000e+00
1.375000000000000000e+04 5.500310832304755593e-02 0.000000000000000000e+00 1.000000000000000000e+00 0.000000000000000000e+00 0.000000000000000000e+00 0.000000000000000000e+00
1.400000000000000000e+04 5.600316483801215384e-02 0.000000000000000000e+00 1.000000000000000000e+00 0.000000000000000000e+00 0.000000000000000000e+00 0.000000000000000000e+00
1.425000000000000000e+04 5.700322135297675175e-02 0.000000000000000000e+00 1.000000000000000000e+00 0.000000000000000000e+00 0.000000000000000000e+00 0.000000000000000000e+00
1.450000000000000000e+04 5.800327786794112761e-02 0.000000000000000000e+00 1.000000000000000000e+00 0.000000000000000000e+00 0.000000000000000000e+00 0.000000000000000000e+00
1.475000000000000000e+04 5.900333438290572552e-02 0.000000000000000000e+00 1.000000000000000000e+00 0.000000000000000000e+00 0.000000000000000000e+00 0.000000000000000000e+00
1.500000000000000000e+04 6.000339089787010138e-02 0.000000000000000000e+00 1.000000000000000000e+00 0.000000000000000000e+00 0.000000000000000000e+00 0.000000000000000000e+00
1.525000000000000000e+04 6.100344741283469929e-02 0.000000000000000000e+00 1.000000000000000000e+00 0.000000000000000000e+00 0.000000000000000000e+00 0.000000000000000000e+00
1.550000000000000000e+04 6.200350392779907516e-02 0.000000000000000000e+00 1.000000000000000000e+00 0.000000000000000000e+00 0.000000000000000000e+00 0.000000000000000000e+00
1.575000000000000000e+04 6.300356044276367307e-02 3.413746017296313199e-04 9.996586253982703285e-01 0.000000000000000000e+00 0.000000000000000000e+00 0.000000000000000000e+00
1.600000000000000000e+04 6.400361695772827098e-02 0.000000000000000000e+00 1.000000000000000000e+00 0.000000000000000000e+00 0.000000000000000000e+00 0.000000000000000000e+00
1.625000000000000000e+04 6.500367347269264684e-02 0.000000000000000000e+00 1.000000000000000000e+00 0.000000000000000000e+00 0.000000000000000000e+00 0.000000000000000000e+00
1.650000000000000000e+04 6.600372998765724475e-02 0.000000000000000000e+00 1.000000000000000000e+00 0.000000000000000000e+00 0.000000000000000000e+00 0.000000000000000000e+00
1.675000000000000000e+04 6.700378650262162061e-02 0.000000000000000000e+00 1.000000000000000000e+00 0.000000000000000000e+00 0.000000000000000000e+00 0.000000000000000000e+00
1.700000000000000000e+04 6.800384301758621852e-02 0.000000000000000000e+00 1.000000000000000000e+00 0.000000000000000000e+00 0.000000000000000000e+00 0.000000000000000000e+00
1.725000000000000000e+04 6.900389953255059439e-02 2.275830678197542133e-04 9.997724169321802190e-01 0.000000000000000000e+00 0.000000000000000000e+00 0.000000000000000000e+00
1.750000000000000000e+04 7.000395604751519230e-02 0.000000000000000000e+00 1.000000000000000000e+00 0.000000000000000000e+00 0.000000000000000000e+00 0.000000000000000000e+00
1.775000000000000000e+04 7.100401256247979020e-02 0.000000000000000000e+00 1.000000000000000000e+00 0.000000000000000000e+00 0.000000000000000000e+00 0.000000000000000000e+00
1.800000000000000000e+04 7.200406907744416607e-02 0.000000000000000000e+00 1.000000000000000000e+00 0.000000000000000000e+00 0.000000000000000000e+00 0.000000000000000000e+00
1.825000000000000000e+04 7.300412559240876398e-02 3.413746017296313199e-04 9.995448338643604380e-01 0.000000000000000000e+00 1.137915339098771066e-04 0.000000000000000000e+00
1.850000000000000000e+04 7.400418210737313984e-02 7.965407373691396923e-04 9.990896677287209870e-01 0.000000000000000000e+00 1.137915339098771066e-04 0.000000000000000000e+00
1.875000000000000000e+04 7.500423862233773775e-02 1.137915339098771066e-04 9.998862084660901095e-01 0.000000000000000000e+00 0.000000000000000000e+00 0.000000000000000000e+00
1.900000000000000000e+04 7.600429513730211362e-02 0.000000000000000000e+00 1.000000000000000000e+00 0.000000000000000000e+00 0.000000000000000000e+00 0.000000000000000000e+00
1.925000000000000000e+04 7.700435165226671153e-02 0.000000000000000000e+00 1.000000000000000000e+00 0.000000000000000000e+00 0.000000000000000000e+00 0.000000000000000000e+00
1.950000000000000000e+04 7.800440816723130943e-02 3.413746017296313199e-04 9.996586253982703285e-01 0.000000000000000000e+00 0.000000000000000000e+00 0.000000000000000000e+00
1.975000000000000000e+04 7.900446468219568530e-02 0.000000000000000000e+00 1.000000000000000000e+00 0.000000000000000000e+00 0.000000000000000000e+00 0.000000000000000000e+00
2.000000000000000000e+04 8.000452119716028321e-02 3.413746017296313199e-04 9.996586253982703285e-01 0.000000000000000000e+00 0.000000000000000000e+00 0.000000000000000000e+00
2.025000000000000000e+04 8.100457771212465907e-02 0.000000000000000000e+00 1.000000000000000000e+00 0.000000000000000000e+00 0.000000000000000000e+00 0.000000000000000000e+00
2.050000000000000000e+04 8.200463422708925698e-02 1.137915339098771066e-04 9.998862084660901095e-01 0.000000000000000000e+00 0.000000000000000000e+00 0.000000000000000000e+00
2.075000000000000000e+04 8.300469074205363285e-02 0.000000000000000000e+00 1.000000000000000000e+00 0.000000000000000000e+00 0.000000000000000000e+00 0.000000000000000000e+00
2.100000000000000000e+04 8.400474725701823075e-02 1.137915339098771066e-04 9.998862084660901095e-01 0.000000000000000000e+00 0.000000000000000000e+00 0.000000000000000000e+00
2.125000000000000000e+04 8.500480377198282866e-02 1.137915339098771066e-04 9.998862084660901095e-01 0.000000000000000000e+00 0.000000000000000000e+00 0.000000000000000000e+00
2.150000000000000000e+04 8.600486028694720453e-02 5.689576695493854790e-04 9.994310423304506585e-01 0.000000000000000000e+00 0.000000000000000000e+00 0.000000000000000000e+00
2.175000000000000000e+04 8.700491680191180244e-02 1.024123805188893906e-03 9.988620846609012061e-01 0.000000000000000000e+00 1.137915339098771066e-04 0.000000000000000000e+00
2.200000000000000000e+04 8.800497331687617830e-02 1.593081474738279385e-03 9.982931269913518646e-01 0.000000000000000000e+00 1.137915339098771066e-04 0.000000000000000000e+00
2.225000000000000000e+04 8.900502983184077621e-02 7.965407373691396923e-04 9.992034592626308775e-01 0.000000000000000000e+00 0.000000000000000000e+00 0.000000000000000000e+00
2.250000000000000000e+04 9.000508634680515208e-02 1.251706873008648227e-03 9.987482931269913156e-01 0.000000000000000000e+00 0.000000000000000000e+00 0.000000000000000000e+00
2.275000000000000000e+04 9.100514286176974998e-02 1.024123805188893906e-03 9.989758761948110966e-01 0.000000000000000000e+00 0.000000000000000000e+00 0.000000000000000000e+00
2.300000000000000000e+04 9.200519937673434789e-02 6.827492034592626399e-04 9.993172507965407680e-01 0.000000000000000000e+00 0.000000000000000000e+00 0.000000000000000000e+00
2.325000000000000000e+04 9.300525589169872376e-02 1.251706873008648227e-03 9.987482931269913156e-01 0.000000000000000000e+00 0.000000000000000000e+00 0.000000000000000000e+00
2.350000000000000000e+04 9.400531240666332167e-02 1.479289940828402332e-03 9.985207100591716456e-01 0.000000000000000000e+00 0.000000000000000000e+00 0.000000000000000000e+00
2.375000000000000000e+04 9.500536892162769753e-02 1.706873008648156654e-03 9.982931269913518646e-01 0.000000000000000000e+00 0.000000000000000000e+00 0.000000000000000000e+00
2.400000000000000000e+04 9.600542543659229544e-02 2.048247610377787811e-03 9.976103777878926326e-01 0.000000000000000000e+00 3.413746017296313199e-04 0.000000000000000000e+00
2.425000000000000000e+04 9.700548195155689335e-02 3.982703686845699004e-03 9.960172963131542767e-01 0.000000000000000000e+00 0.000000000000000000e+00 0.000000000000000000e+00
2.450000000000000000e+04 9.800553846652126921e-02 2.275830678197541916e-03 9.977241693218024121e-01 0.000000000000000000e+00 0.000000000000000000e+00 0.000000000000000000e+00
2.475000000000000000e+04 9.900559498148586712e-02 9.103322712790168532e-04 9.990896677287209870e-01 0.000000000000000000e+00 0.000000000000000000e+00 0.000000000000000000e+00
2.500000000000000000e+04 1.000056514964502430e-01 3.868912152935821518e-03 9.959035047792443862e-01 0.000000000000000000e+00 2.275830678197542133e-04 0.000000000000000000e+00
2.525000000000000000e+04 1.010057080114148409e-01 2.048247610377787811e-03 9.979517523896221931e-01 0.000000000000000000e+00 0.000000000000000000e+00 0.000000000000000000e+00
2.550000000000000000e+04 1.020057645263792168e-01 2.162039144287664864e-03 9.976103777878926326e-01 0.000000000000000000e+00 2.275830678197542133e-04 0.000000000000000000e+00
2.575000000000000000e+04 1.030058210413438147e-01 4.665452890304961318e-03 9.952207555757851543e-01 0.000000000000000000e+00 1.137915339098771066e-04 0.000000000000000000e+00
2.600000000000000000e+04 1.040058775563084126e-01 6.599908966772872511e-03 9.932862994993172379e-01 0.000000000000000000e+00 1.137915339098771066e-04 0.000000000000000000e+00
2.625000000000000000e+04 1.050059340712727884e-01 3.982703686845699004e-03 9.953345471096950448e-01 0.000000000000000000e+00 6.827492034592626399e-04 0.000000000000000000e+00
2.650000000000000000e+04 1.060059905862373864e-01 5.234410559854347014e-03 9.946517979062358128e-01 0.000000000000000000e+00 1.137915339098771066e-04 0.000000000000000000e+00
2.675000000000000000e+04 1.070060471012017622e-01 7.055075102412380721e-03 9.922621756941283344e-01 0.000000000000000000e+00 6.827492034592626399e-04 0.000000000000000000e+00
2.700000000000000000e+04 1.080061036161663601e-01 6.827492034592626616e-03 9.926035502958580059e-01 0.000000000000000000e+00 5.689576695493854790e-04 0.000000000000000000e+00
2.725000000000000000e+04 1.090061601311307360e-01 1.240327719617660522e-02 9.860036413290851343e-01 0.000000000000000000e+00 1.593081474738279385e-03 0.000000000000000000e+00
2.750000000000000000e+04 1.100062166460953339e-01 3.140646335912607862e-02 9.510696404187528596e-01 0.000000000000000000e+00 1.752389622212107562e-02 0.000000000000000000e+00
2.775000000000000000e+04 1.110062731610599318e-01 1.532771961766044577e-01 3.730086481565771384e-01 1.593081474738279385e-03 4.721210741920801035e-01 0.000000000000000000e+00
2.800000000000000000e+04 1.120063296760243077e-01 2.167728720983158885e-01 3.793809740555302845e-01 6.747837960855712636e-02 3.363677742375967283e-01 0.000000000000000000e+00
2.825000000000000000e+04 1.130063861909889056e-01 1.950386891215293572e-01 5.664542558033682784e-01 2.246244879380974169e-01 1.388256713700500647e-02 0.000000000000000000e+00
2.850000000000000000e+04 1.140064427059532814e-01 1.474738279472007363e-01 6.547564861174328676e-01 1.891215293582157453e-01 8.648156577150659455e-03 0.000000000000000000e+00
2.875000000000000000e+04 1.150064992209178794e-01 1.181156121984524299e-01 6.990213928083750528e-01 1.743286299499317293e-01 8.534365043240782836e-03 0.000000000000000000e+00
2.900000000000000000e+04 1.160065557358822552e-01 1.048020027309968100e-01 7.312243969048702885e-01 1.563495675921711403e-01 7.624032771961766417e-03 0.000000000000000000e+00
2.925000000000000000e+04 1.170066122508468531e-01 9.342284934000910646e-02 7.305416477014110566e-01 1.696631770596267741e-01 6.372325898953117539e-03 0.000000000000000000e+00
2.950000000000000000e+04 1.180066687658114510e-01 9.091943559399180697e-02 7.391898042785616241e-01 1.621529358215748617e-01 7.737824305871643035e-03 0.000000000000000000e+00
2.975000000000000000e+04 1.190067252807758269e-01 7.942649066909421296e-02 7.563723258989530907e-01 1.576012744651797970e-01 6.599908966772872511e-03 0.000000000000000000e+00
3.000000000000000000e+04 1.200067817957404248e-01 4.847519344560764776e-02 7.987027765134273594e-01 1.494082840236686527e-01 3.413746017296313308e-03 0.000000000000000000e+00
3.025000000000000000e+04 1.210068383107048007e-01 4.472007282658170546e-02 8.016613563950841792e-01 1.502048247610377751e-01 3.413746017296313308e-03 0.000000000000000000e+00
3.050000000000000000e+04 1.220068948256693986e-01 4.688211197086936816e-02 8.027992717341829731e-01 1.471324533454710926e-01 3.186162949476558769e-03 0.000000000000000000e+00
3.075000000000000000e+04 1.230069513406337744e-01 4.380974055530268557e-02 8.053026854802002310e-01 1.482703686845698587e-01 2.617205279927173507e-03 0.000000000000000000e+00
3.100000000000000000e+04 1.240070078555983724e-01 4.358215748748293233e-02 8.048475193445607800e-01 1.481565771506599960e-01 3.413746017296313308e-03 0.000000000000000000e+00
3.125000000000000000e+04 1.250070643705629703e-01 4.449248975876194528e-02 8.035958124715520956e-01 1.484979517523896120e-01 3.413746017296313308e-03 0.000000000000000000e+00
3.150000000000000000e+04 1.260071208855273461e-01 4.324078288575330248e-02 8.043923532089212181e-01 1.490669094219390090e-01 3.299954483386436255e-03 0.000000000000000000e+00
3.175000000000000000e+04 1.270071774004919440e-01 4.346836595357305572e-02 8.033682294037323146e-01 1.490669094219390090e-01 4.096495220755575623e-03 0.000000000000000000e+00
3.200000000000000000e+04 1.280072339154563199e-01 4.312699135184342586e-02 8.039371870732817671e-01 1.490669094219390090e-01 3.868912152935821518e-03 0.000000000000000000e+00
3.225000000000000000e+04 1.290072904304209178e-01 4.233045061447428259e-02 8.043923532089212181e-01 1.507737824305871721e-01 2.503413746017296455e-03 0.000000000000000000e+00
3.250000000000000000e+04 1.300073469453852937e-01 4.142011834319526964e-02 8.058716431497496835e-01 1.495220755575785154e-01 3.186162949476558769e-03 0.000000000000000000e+00
3.275000000000000000e+04 1.310074034603498916e-01 4.255803368229403583e-02 8.054164770141101215e-01 1.483841602184797492e-01 3.641329085116067413e-03 0.000000000000000000e+00
3.300000000000000000e+04 1.320074599753144895e-01 4.301319981793354230e-02 8.031406463359126446e-01 1.502048247610377751e-01 3.641329085116067413e-03 0.000000000000000000e+00
3.325000000000000000e+04 1.330075164902788654e-01 4.346836595357305572e-02 8.029130632680928636e-01 1.505461993627674189e-01 3.072371415566681717e-03 0.000000000000000000e+00
3.350000000000000000e+04 1.340075730052434633e-01 4.289940828402366568e-02 8.033682294037323146e-01 1.511151570323167881e-01 2.617205279927173507e-03 0.000000000000000000e+00
3.375000000000000000e+04 1.350076295202078391e-01 4.426490669094219205e-02 8.034820209376422051e-01 1.491807009558488717e-01 3.072371415566681717e-03 0.000000000000000000e+00
3.400000000000000000e+04 1.360076860351724370e-01 4.210286754665452935e-02 8.042785616750113276e-01 1.505461993627674189e-01 3.072371415566681717e-03 0.000000000000000000e+00
3.425000000000000000e+04 1.370077425501368129e-01 4.312699135184342586e-02 8.046199362767409990e-01 1.497496586253982687e-01 2.503413746017296455e-03 0.000000000000000000e+00
3.450000000000000000e+04 1.380077990651014108e-01 4.119253527537550946e-02 8.048475193445607800e-01 1.504324078288575284e-01 3.527537551206190360e-03 0.000000000000000000e+00
3.475000000000000000e+04 1.390078555800660087e-01 4.324078288575330248e-02 8.048475193445607800e-01 1.489531178880291185e-01 2.958579881656804664e-03 0.000000000000000000e+00
3.500000000000000000e+04 1.400079120950303846e-01 4.472007282658170546e-02 8.037096040054619861e-01 1.487255348202093652e-01 2.844788347746927612e-03 0.000000000000000000e+00
3.525000000000000000e+04 1.410079686099949825e-01 4.369594902139280895e-02 8.039371870732817671e-01 1.497496586253982687e-01 2.617205279927173507e-03 0.000000000000000000e+00
3.550000000000000000e+04 1.420080251249593584e-01 4.221665908056440597e-02 8.025716886663631922e-01 1.522530723714155543e-01 2.958579881656804664e-03 0.000000000000000000e+00
3.575000000000000000e+04 1.430080816399239563e-01 4.335457441966317910e-02 8.012061902594447282e-01 1.528220300409649512e-01 2.617205279927173507e-03 0.000000000000000000e+00
3.600000000000000000e+04 1.440081381548883321e-01 4.415111515703231543e-02 8.010923987255348377e-01 1.519116977696859383e-01 2.844788347746927612e-03 0.000000000000000000e+00
3.625000000000000000e+04 1.450081946698529300e-01 4.392353208921256219e-02 8.007510241238051663e-01 1.512289485662266786e-01 4.096495220755575623e-03 0.000000000000000000e+00
3.650000000000000000e+04 1.460082511848175280e-01 4.346836595357305572e-02 7.999544833864360438e-01 1.533909877105143482e-01 3.186162949476558769e-03 0.000000000000000000e+00
3.675000000000000000e+04 1.470083076997819038e-01 4.358215748748293233e-02 8.002958579881657153e-01 1.536185707783341015e-01 2.503413746017296455e-03 0.000000000000000000e+00
3.700000000000000000e+04 1.480083642147465017e-01 4.415111515703231543e-02 7.994993172507965928e-01 1.527082385070550885e-01 3.641329085116067413e-03 0.000000000000000000e+00
3.725000000000000000e+04 1.490084207297108776e-01 4.460628129267182190e-02 7.979062357760582369e-01 1.528220300409649512e-01 4.665452890304961318e-03 0.000000000000000000e+00
3.750000000000000000e+04 1.500084772446754755e-01 4.380974055530268557e-02 7.996131087847063723e-01 1.531634046426945950e-01 3.413746017296313308e-03 0.000000000000000000e+00
3.775000000000000000e+04 1.510085337596398514e-01 4.551661356395084179e-02 7.989303595812471404e-01 1.527082385070550885e-01 2.844788347746927612e-03 0.000000000000000000e+00
3.800000000000000000e+04 1.520085902746044493e-01 4.631315430131998506e-02 7.988165680473372499e-01 1.514565316340464318e-01 3.413746017296313308e-03 0.000000000000000000e+00
3.825000000000000000e+04 1.530086467895690472e-01 4.403732362312243881e-02 7.969959035047792240e-01 1.548702776513427304e-01 4.096495220755575623e-03 0.000000000000000000e+00
3.850000000000000000e+04 1.540087033045334231e-01 4.506144742831133532e-02 7.950614474283113076e-01 1.562357760582612776e-01 3.641329085116067413e-03 0.000000000000000000e+00
3.875000000000000000e+04 1.550087598194980210e-01 4.585798816568047165e-02 7.967683204369594430e-01 1.530496131087847045e-01 4.324078288575329727e-03 0.000000000000000000e+00
3.900000000000000000e+04 1.560088163344623968e-01 4.779244424214838111e-02 7.954028220300409791e-01 1.538461538461538547e-01 2.958579881656804664e-03 0.000000000000000000e+00
3.925000000000000000e+04 1.570088728494269947e-01 4.745106964041875125e-02 7.965407373691397730e-01 1.529358215748748417e-01 3.072371415566681717e-03 0.000000000000000000e+00
3.950000000000000000e+04 1.580089293643913706e-01 4.813381884387801790e-02 7.961993627674101015e-01 1.531634046426945950e-01 2.503413746017296455e-03 0.000000000000000000e+00
3.975000000000000000e+04 1.590089858793559685e-01 4.597177969959034827e-02 7.960855712335002110e-01 1.540737369139736079e-01 3.868912152935821518e-03 0.000000000000000000e+00
4.000000000000000000e+04 1.600090423943205664e-01 4.733727810650887463e-02 7.957441966317706505e-01 1.535047792444242110e-01 3.413746017296313308e-03 0.000000000000000000e+00
4.025000000000000000e+04 1.610090989092849423e-01 4.608557123350022489e-02 7.950614474283113076e-01 1.554392353208921274e-01 3.413746017296313308e-03 0.000000000000000000e+00
4.050000000000000000e+04 1.620091554242495402e-01 4.676832043695949154e-02 7.940373236231224041e-01 1.548702776513427304e-01 4.324078288575329727e-03 0.000000000000000000e+00
4.075000000000000000e+04 1.630092119392139161e-01 4.949931725079653733e-02 7.922166590805643782e-01 1.546426945835229771e-01 3.641329085116067413e-03 0.000000000000000000e+00
4.100000000000000000e+04 1.640092684541785140e-01 4.961310878470642088e-02 7.921028675466544877e-01 1.549840691852526209e-01 3.299954483386436255e-03 0.000000000000000000e+00
4.125000000000000000e+04 1.650093249691428898e-01 5.245789713245334329e-02 7.909649522075558048e-01 1.533909877105143482e-01 3.186162949476558769e-03 0.000000000000000000e+00
4.150000000000000000e+04 1.660093814841074877e-01 5.097860719162494031e-02 7.902822030040964618e-01 1.546426945835229771e-01 4.096495220755575623e-03 0.000000000000000000e+00
4.175000000000000000e+04 1.670094379990720856e-01 5.063723258989531045e-02 7.905097860719162428e-01 1.549840691852526209e-01 3.868912152935821518e-03 0.000000000000000000e+00
4.200000000000000000e+04 1.680094945140364615e-01 5.040964952207555722e-02 7.919890760127445972e-01 1.529358215748748417e-01 4.665452890304961318e-03 0.000000000000000000e+00
4.225000000000000000e+04 1.690095510290010594e-01 5.211652253072371344e-02 7.884615384615384359e-01 1.561219845243513871e-01 3.299954483386436255e-03 0.000000000000000000e+00
4.250000000000000000e+04 1.700096075439654353e-01 5.496131087847064278e-02 7.841374601729631522e-01 1.568047337278106468e-01 4.096495220755575623e-03 0.000000000000000000e+00
4.275000000000000000e+04 1.710096640589300332e-01 5.484751934456076616e-02 7.873236231224396420e-01 1.535047792444242110e-01 4.324078288575329727e-03 0.000000000000000000e+00
4.300000000000000000e+04 1.720097205738944091e-01 5.302685480200273332e-02 7.851615839781520556e-01 1.583978152025489194e-01 3.413746017296313308e-03 0.000000000000000000e+00
4.325000000000000000e+04 1.730097770888590070e-01 5.279927173418298009e-02 7.852753755120619461e-01 1.577150659990896597e-01 4.210286754665453109e-03 0.000000000000000000e+00
4.350000000000000000e+04 1.740098336038236049e-01 5.393718707328174627e-02 7.841374601729631522e-01 1.574874829312699065e-01 4.437869822485207214e-03 0.000000000000000000e+00
4.375000000000000000e+04 1.750098901187879807e-01 5.496131087847064278e-02 7.820892125625853453e-01 1.591943559399180697e-01 3.755120619025944465e-03 0.000000000000000000e+00
4.400000000000000000e+04 1.760099466337525786e-01 5.803368229403732537e-02 7.790168411470186349e-01 1.576012744651797970e-01 5.348202093764223633e-03 0.000000000000000000e+00
4.425000000000000000e+04 1.770100031487169545e-01 5.848884842967683184e-02 7.791306326809285254e-01 1.571461083295402905e-01 5.234410559854347014e-03 0.000000000000000000e+00
4.450000000000000000e+04 1.780100596636815524e-01 6.543013199817933334e-02 7.777651342740100615e-01 1.522530723714155543e-01 4.551661356395083832e-03 0.000000000000000000e+00
4.475000000000000000e+04 1.790101161786459283e-01 6.804733727810650945e-02 7.786754665452890745e-01 1.510013654984069253e-01 2.275830678197541916e-03 0.000000000000000000e+00
4.500000000000000000e+04 1.800101726936105262e-01 6.736458807464724974e-02 7.844788347746927126e-01 1.449704142011834229e-01 3.186162949476558769e-03 0.000000000000000000e+00
4.525000000000000000e+04 1.810102292085751241e-01 7.009558488848430247e-02 7.850477924442421651e-01 1.430359581247155343e-01 1.820664542558033706e-03 0.000000000000000000e+00
4.550000000000000000e+04 1.820102857235395000e-01 6.850250341374601593e-02 7.860719162494310686e-01 1.432635411925352875e-01 2.162039144287664864e-03 0.000000000000000000e+00
4.575000000000000000e+04 1.830103422385040979e-01 7.316795630405098505e-02 7.729858898497952158e-01 1.504324078288575284e-01 3.413746017296313308e-03 0.000000000000000000e+00
4.600000000000000000e+04 1.840103987534684737e-01 6.486117432862995025e-02 7.822030040964952358e-01 1.479289940828402428e-01 5.006827492034592909e-03 0.000000000000000000e+00
4.625000000000000000e+04 1.850104552684330717e-01 6.952662721893490549e-02 7.872098315885298625e-01 1.393946290395994547e-01 3.868912152935821518e-03 0.000000000000000000e+00
4.650000000000000000e+04 1.860105117833974475e-01 7.100591715976331542e-02 7.844788347746927126e-01 1.393946290395994547e-01 5.120619025944469528e-03 0.000000000000000000e+00
4.675000000000000000e+04 1.870105682983620454e-01 7.578516158397814728e-02 7.811788802913063323e-01 1.380291306326809353e-01 5.006827492034592909e-03 0.000000000000000000e+00
4.700000000000000000e+04 1.880106248133266433e-01 8.067819754210286964e-02 7.734410559854346667e-01 1.397360036413290985e-01 6.144742831133363434e-03 0.000000000000000000e+00
4.725000000000000000e+04 1.890106813282910192e-01 5.245789713245334329e-02 7.911925352753754748e-01 1.524806554392353075e-01 3.868912152935821518e-03 0.000000000000000000e+00
4.750000000000000000e+04 1.900107378432556171e-01 5.234410559854346667e-02 7.917614929449249273e-01 1.499772416932180219e-01 5.917159763313609329e-03 0.000000000000000000e+00
4.775000000000000000e+04 1.910107943582199930e-01 4.870277651342740100e-02 7.956304050978607600e-01 1.495220755575785154e-01 6.144742831133363434e-03 0.000000000000000000e+00
4.800000000000000000e+04 1.920108508731845909e-01 4.779244424214838111e-02 7.964269458352298825e-01 1.491807009558488717e-01 6.599908966772872511e-03 0.000000000000000000e+00
4.825000000000000000e+04 1.930109073881489667e-01 4.927173418297678409e-02 7.972234865725990050e-01 1.484979517523896120e-01 5.006827492034592909e-03 0.000000000000000000e+00
4.850000000000000000e+04 1.940109639031135647e-01 4.984069185252617412e-02 7.974510696404187859e-01 1.474738279472007363e-01 5.234410559854347014e-03 0.000000000000000000e+00
4.875000000000000000e+04 1.950110204180781626e-01 5.200273099681383682e-02 7.950614474283113076e-01 1.483841602184797492e-01 4.551661356395083832e-03 0.000000000000000000e+00
4.900000000000000000e+04 1.960110769330425384e-01 5.029585798816568060e-02 7.961993627674101015e-01 1.483841602184797492e-01 5.120619025944469528e-03 0.000000000000000000e+00
4.925000000000000000e+04 1.970111334480071363e-01 5.097860719162494031e-02 7.949476558944014171e-01 1.498634501593081592e-01 4.210286754665453109e-03 0.000000000000000000e+00
4.950000000000000000e+04 1.980111899629715122e-01 4.984069185252617412e-02 7.968821119708693335e-01 1.484979517523896120e-01 4.779244424214838804e-03 0.000000000000000000e+00
4.975000000000000000e+04 1.990112464779361101e-01 5.291306326809285671e-02 7.954028220300409791e-01 1.473600364132908458e-01 4.324078288575329727e-03 0.000000000000000000e+00
5.000000000000000000e+04 2.000113029929004860e-01 5.223031406463359005e-02 7.950614474283113076e-01 1.481565771506599960e-01 4.551661356395083832e-03 0.000000000000000000e+00
5.025000000000000000e+04 2.010113595078650839e-01 5.109239872553481693e-02 7.956304050978607600e-01 1.492944924897587622e-01 3.982703686845699004e-03 0.000000000000000000e+00
5.050000000000000000e+04 2.020114160228296818e-01 5.166135639508420696e-02 7.946062812926718566e-01 1.495220755575785154e-01 4.210286754665453109e-03 0.000000000000000000e+00
5.075000000000000000e+04 2.030114725377940577e-01 5.188893946290396020e-02 7.951752389622211981e-01 1.488393263541192557e-01 4.096495220755575623e-03 0.000000000000000000e+00
5.100000000000000000e+04 2.040115290527586556e-01 4.961310878470642088e-02 7.951752389622211981e-01 1.504324078288575284e-01 4.779244424214838804e-03 0.000000000000000000e+00
5.125000000000000000e+04 2.050115855677230314e-01 5.177514792899408358e-02 7.958579881656804300e-01 1.487255348202093652e-01 3.641329085116067413e-03 0.000000000000000000e+00
5.150000000000000000e+04 2.060116420826876293e-01 5.450614474283113631e-02 7.936959490213928436e-01 1.482703686845698587e-01 3.527537551206190360e-03 0.000000000000000000e+00
5.175000000000000000e+04 2.070116985976520052e-01 5.382339553937186966e-02 7.942649066909421851e-01 1.488393263541192557e-01 3.072371415566681717e-03 0.000000000000000000e+00
5.200000000000000000e+04 2.080117551126166031e-01 5.154756486117433034e-02 7.952890304961310886e-01 1.486117432862995025e-01 4.551661356395083832e-03 0.000000000000000000e+00
5.225000000000000000e+04 2.090118116275812010e-01 5.382339553937186966e-02 7.948338643604915266e-01 1.470186618115612298e-01 4.324078288575329727e-03 0.000000000000000000e+00
5.250000000000000000e+04 2.100118681425455769e-01 5.359581247155211642e-02 7.956304050978607600e-01 1.458807464724624359e-01 4.893035958124715423e-03 0.000000000000000000e+00
5.275000000000000000e+04 2.110119246575101748e-01 5.541647701411014926e-02 7.947200728265817471e-01 1.469048702776513393e-01 2.958579881656804664e-03 0.000000000000000000e+00
5.300000000000000000e+04 2.120119811724745507e-01 5.518889394629039602e-02 7.946062812926718566e-01 1.463359126081019701e-01 3.868912152935821518e-03 0.000000000000000000e+00
5.325000000000000000e+04 2.130120376874391486e-01 5.791989076012744875e-02 7.923304506144742687e-01 1.456531634046426826e-01 4.096495220755575623e-03 0.000000000000000000e+00
5.350000000000000000e+04 2.140120942024035244e-01 5.894401456531633832e-02 7.921028675466544877e-01 1.441738734638143005e-01 4.779244424214838804e-03 0.000000000000000000e+00
5.375000000000000000e+04 2.150121507173681223e-01 5.939918070095585173e-02 7.905097860719162428e-01 1.455393718707328199e-01 4.551661356395083832e-03 0.000000000000000000e+00
5.400000000000000000e+04 2.160122072323327203e-01 5.962676376877560497e-02 7.907373691397360238e-01 1.451979972690031762e-01 4.437869822485207214e-03 0.000000000000000000e+00
5.425000000000000000e+04 2.170122637472970961e-01 5.666818388711879900e-02 7.934683659535730627e-01 1.449704142011834229e-01 4.893035958124715423e-03 0.000000000000000000e+00
5.450000000000000000e+04 2.180123202622616940e-01 6.144742831133363781e-02 7.916477014110150368e-01 1.426945835229858905e-01 4.210286754665453109e-03 0.000000000000000000e+00
5.475000000000000000e+04 2.190123767772260699e-01 6.497496586253982687e-02 7.827719617660445772e-01 1.477014110150204895e-01 4.551661356395083832e-03 0.000000000000000000e+00
5.500000000000000000e+04 2.200124332921906678e-01 7.203004096495220498e-02 7.729858898497952158e-01 1.519116977696859383e-01 3.072371415566681717e-03 0.000000000000000000e+00
5.525000000000000000e+04 2.210124898071550437e-01 7.874374146563495325e-02 7.464724624487938387e-01 1.708010923987255403e-01 3.982703686845699004e-03 0.000000000000000000e+00
5.550000000000000000e+04 2.220125463221196416e-01 8.101957214383249950e-02 7.416932180245789930e-01 1.739872553482020856e-01 3.299954483386436255e-03 0.000000000000000000e+00
5.575000000000000000e+04 2.230126028370842395e-01 8.739189804278561791e-02 7.196176604460627901e-01 1.891215293582157453e-01 3.868912152935821518e-03 0.000000000000000000e+00
5.600000000000000000e+04 2.240126593520486153e-01 8.989531178880291740e-02 7.020937642239417631e-01 2.031178880291306388e-01 4.893035958124715423e-03 0.000000000000000000e+00
5.625000000000000000e+04 2.250127158670132133e-01 9.148839326354119006e-02 6.894629039599453613e-01 2.148384160218479721e-01 4.210286754665453109e-03 0.000000000000000000e+00
5.650000000000000000e+04 2.260127723819775891e-01 9.251251706873007963e-02 6.867319071461083224e-01 2.160901228948566288e-01 4.665452890304961318e-03 0.000000000000000000e+00
5.675000000000000000e+04 2.270128288969421870e-01 9.285389167045972336e-02 6.826354119253527086e-01 2.189349112426035582e-01 5.575785161583977738e-03 0.000000000000000000e+00
