# itime ezz other fcc hcp bcc ico
0.000000000000000000e+00 0.000000000000000000e+00 0.000000000000000000e+00 1.000000000000000000e+00 0.000000000000000000e+00 0.000000000000000000e+00 0.000000000000000000e+00
2.500000000000000000e+03 1.000004138876287030e-02 0.000000000000000000e+00 1.000000000000000000e+00 0.000000000000000000e+00 0.000000000000000000e+00 0.000000000000000000e+00
5.000000000000000000e+03 2.000008277752574060e-02 0.000000000000000000e+00 1.000000000000000000e+00 0.000000000000000000e+00 0.000000000000000000e+00 0.000000000000000000e+00
7.500000000000000000e+03 3.000012416628883294e-02 0.000000000000000000e+00 1.000000000000000000e+00 0.000000000000000000e+00 0.000000000000000000e+00 0.000000000000000000e+00
1.000000000000000000e+04 4.000016555505170324e-02 0.000000000000000000e+00 1.000000000000000000e+00 0.000000000000000000e+00 0.000000000000000000e+00 0.000000000000000000e+00
1.250000000000000000e+04 5.000020694381457353e-02 0.000000000000000000e+00 1.000000000000000000e+00 0.000000000000000000e+00 0.000000000000000000e+00 0.000000000000000000e+00
1.500000000000000000e+04 6.000024833257744383e-02 0.000000000000000000e+00 1.000000000000000000e+00 0.000000000000000000e+00 0.000000000000000000e+00 0.000000000000000000e+00
1.750000000000000000e+04 7.000028972134053618e-02 0.000000000000000000e+00 1.000000000000000000e+00 0.000000000000000000e+00 0.000000000000000000e+00 0.000000000000000000e+00
2.000000000000000000e+04 8.000033111010340647e-02 1.137915339098771066e-04 9.998862084660901095e-01 0.000000000000000000e+00 0.000000000000000000e+00 0.000000000000000000e+00
2.250000000000000000e+04 9.000037249886627677e-02 7.965407373691396923e-04 9.990896677287209870e-01 0.000000000000000000e+00 1.137915339098771066e-04 0.000000000000000000e+00
2.500000000000000000e+04 1.000004138876291471e-01 2.730996813837050560e-03 9.972690031861629611e-01 0.000000000000000000e+00 0.000000000000000000e+00 0.000000000000000000e+00
2.750000000000000000e+04 1.100004552763920174e-01 5.348202093764223980e-02 8.551433773327264953e-01 0.000000000000000000e+00 9.137460172963131344e-02 0.000000000000000000e+00
3.000000000000000000e+04 1.200004966651551097e-01 2.890304961310878606e-02 8.247610377787892855e-01 1.462221210741920796e-01 1.137915339098771066e-04 0.000000000000000000e+00
3.250000000000000000e+04 1.300005380539179800e-01 2.878925807919890598e-02 8.248748293126991760e-01 1.463359126081019701e-01 0.000000000000000000e+00 0.000000000000000000e+00
3.500000000000000000e+04 1.400005794426808503e-01 2.890304961310878606e-02 8.248748293126991760e-01 1.462221210741920796e-01 0.000000000000000000e+00 0.000000000000000000e+00
3.750000000000000000e+04 1.500006208314437206e-01 2.913063268092853930e-02 8.249886208466090665e-01 1.458807464724624359e-01 0.000000000000000000e+00 0.000000000000000000e+00
4.000000000000000000e+04 1.600006622202068129e-01 2.560309512972235024e-02 8.270368684569867623e-01 1.472462448793809831e-01 1.137915339098771066e-04 0.000000000000000000e+00
4.250000000000000000e+04 1.700007036089696832e-01 2.560309512972235024e-02 8.271506599908966528e-01 1.472462448793809831e-01 0.000000000000000000e+00 0.000000000000000000e+00
4.500000000000000000e+04 1.800007449977325535e-01 2.628584433318160996e-02 8.265817023213473114e-01 1.471324533454710926e-01 0.000000000000000000e+00 0.000000000000000000e+00
4.750000000000000000e+04 1.900007863864954238e-01 3.152025489303595523e-02 8.205507510241237812e-01 1.471324533454710926e-01 7.965407373691396923e-04 0.000000000000000000e+00
5.000000000000000000e+04 2.000008277752582941e-01 7.851615839781520001e-02 7.548930359581247362e-01 1.618115612198452458e-01 4.779244424214838804e-03 0.000000000000000000e+00
5.250000000000000000e+04 2.100008691640213865e-01 1.243741465634956717e-01 6.824078288575330387e-01 1.902594446973145115e-01 2.958579881656804664e-03 0.000000000000000000e+00
5.500000000000000000e+04 2.200009105527842568e-01 1.131087847064178448e-01 7.099453800637232082e-01 1.727355484751934567e-01 4.210286754665453109e-03 0.000000000000000000e+00
5.750000000000000000e+04 2.300009519415471271e-01 1.118570778334091881e-01 6.994765589440146147e-01 1.853664087391898030e-01 3.299954483386436255e-03 0.000000000000000000e+00
6.000000000000000000e+04 2.400009933303099974e-01 1.159535730541647741e-01 7.010696404187528596e-01 1.801319981793354508e-01 2.844788347746927612e-03 0.000000000000000000e+00
6.250000000000000000e+04 2.500010347190728677e-01 1.178880291306326766e-01 7.056213017751479244e-01 1.741010468821119761e-01 2.389622212107419402e-03 0.000000000000000000e+00
6.500000000000000000e+04 2.600010761078359600e-01 1.178880291306326766e-01 7.041420118343195700e-01 1.752389622212107423e-01 2.730996813837050560e-03 0.000000000000000000e+00
6.750000000000000000e+04 2.700011174965988303e-01 1.256258534365043145e-01 6.985662266727356018e-01 1.734182976786527164e-01 2.389622212107419402e-03 0.000000000000000000e+00
7.000000000000000000e+04 2.800011588853617006e-01 1.363222576240327721e-01 6.962903959945380139e-01 1.630632680928539024e-01 4.324078288575329727e-03 0.000000000000000000e+00
7.250000000000000000e+04 2.900012002741245709e-01 1.500910332271279124e-01 6.708010923987255403e-01 1.755803368229403860e-01 3.527537551206190360e-03 0.000000000000000000e+00
7.500000000000000000e+04 3.000012416628876633e-01 1.616977696859353553e-01 6.604460628129267263e-01 1.736458807464724696e-01 4.210286754665453109e-03 0.000000000000000000e+00
7.750000000000000000e+04 3.100012830516505336e-01 1.550978607191624836e-01 6.739872553482021411e-01 1.667045971779699542e-01 4.210286754665453109e-03 0.000000000000000000e+00
8.000000000000000000e+04 3.200013244404134038e-01 1.762630860263996457e-01 6.480427856167501055e-01 1.690942193900773771e-01 6.599908966772872511e-03 0.000000000000000000e+00
8.250000000000000000e+04 3.300013658291762741e-01 1.743286299499317293e-01 6.382567137005006330e-01 1.811561219845243542e-01 6.258534365043240920e-03 0.000000000000000000e+00
8.500000000000000000e+04 3.400014072179391444e-01 1.800182066454255880e-01 6.247155211652253293e-01 1.874146563495675821e-01 7.851615839781519654e-03 0.000000000000000000e+00
8.750000000000000000e+04 3.500014486067022368e-01 1.891215293582157453e-01 6.129949931725079404e-01 1.918525261720528119e-01 6.030951297223486815e-03 0.000000000000000000e+00
9.000000000000000000e+04 3.600014899954651071e-01 1.822940373236231204e-01 6.568047337278106745e-01 1.590805644060081792e-01 1.820664542558033706e-03 0.000000000000000000e+00
9.250000000000000000e+04 3.700015313842279774e-01 1.449704142011834229e-01 7.220072826581702685e-01 1.323395539371870766e-01 6.827492034592626399e-04 0.000000000000000000e+00
9.500000000000000000e+04 3.800015727729908477e-01 1.456531634046426826e-01 7.204142011834319126e-01 1.331360946745562268e-01 7.965407373691396923e-04 0.000000000000000000e+00
9.750000000000000000e+04 3.900016141617539400e-01 1.440600819299044100e-01 7.133591260810195900e-01 1.413290851160673711e-01 1.251706873008648227e-03 0.000000000000000000e+00
1.000000000000000000e+05 4.000016555505168103e-01 1.340464269458352398e-01 7.132453345471096995e-01 1.479289940828402428e-01 4.779244424214838804e-03 0.000000000000000000e+00
1.025000000000000000e+05 4.100016969392796806e-01 1.335912608101957333e-01 7.183659535730542167e-01 1.451979972690031762e-01 2.844788347746927612e-03 0.000000000000000000e+00
1.050000000000000000e+05 4.200017383280425509e-01 1.316568047337278169e-01 7.184797451069639962e-01 1.470186618115612298e-01 2.844788347746927612e-03 0.000000000000000000e+00
1.075000000000000000e+05 4.300017797168054212e-01 1.331360946745562268e-01 7.182521620391443262e-01 1.456531634046426826e-01 2.958579881656804664e-03 0.000000000000000000e+00
1.100000000000000000e+05 4.400018211055685136e-01 1.347291761492944995e-01 7.139280837505689314e-01 1.486117432862995025e-01 2.730996813837050560e-03 0.000000000000000000e+00
1.125000000000000000e+05 4.500018624943313839e-01 1.407601274465179741e-01 7.073281747837960598e-01 1.495220755575785154e-01 2.389622212107419402e-03 0.000000000000000000e+00
1.150000000000000000e+05 4.600019038830942542e-01 1.474738279472007363e-01 6.917387346381429492e-01 1.569185252617205373e-01 3.868912152935821518e-03 0.000000000000000000e+00
1.175000000000000000e+05 4.700019452718571245e-01 1.700045516613563901e-01 6.555530268548019901e-01 1.711424670004551563e-01 3.299954483386436255e-03 0.000000000000000000e+00
1.200000000000000000e+05 4.800019866606202168e-01 1.784251251706872876e-01 6.434911242603550408e-01 1.731907146108329631e-01 4.893035958124715423e-03 0.000000000000000000e+00
1.225000000000000000e+05 4.900020280493830871e-01 1.774010013654984119e-01 6.446290395994538347e-01 1.739872553482020856e-01 3.982703686845699004e-03 0.000000000000000000e+00
1.250000000000000000e+05 5.000020694381459574e-01 1.763768775603095085e-01 6.456531634046427381e-01 1.744424214838415921e-01 3.527537551206190360e-03 0.000000000000000000e+00
1.275000000000000000e+05 5.100021108269088277e-01 1.744424214838415921e-01 6.448566226672735047e-01 1.770596267637687682e-01 3.641329085116067413e-03 0.000000000000000000e+00
1.300000000000000000e+05 5.200021522156716980e-01 1.763768775603095085e-01 6.426945835229859183e-01 1.769458352298589054e-01 3.982703686845699004e-03 0.000000000000000000e+00
1.325000000000000000e+05 5.300021936044347903e-01 1.814974965862539702e-01 6.334774692762858983e-01 1.804733727810650945e-01 4.551661356395083832e-03 0.000000000000000000e+00
1.350000000000000000e+05 5.400022349931976606e-01 2.080109239872553473e-01 5.917159763313609711e-01 1.982248520710059303e-01 2.048247610377787811e-03 0.000000000000000000e+00
1.375000000000000000e+05 5.500022763819605309e-01 2.291761492944924816e-01 5.986572598998634032e-01 1.677287209831588577e-01 4.437869822485207214e-03 0.000000000000000000e+00
1.400000000000000000e+05 5.600023177707234012e-01 2.165452890304961353e-01 6.185707783340919086e-01 1.589667728720983164e-01 5.917159763313609329e-03 0.000000000000000000e+00
1.425000000000000000e+05 5.700023591594862715e-01 1.904870277651342647e-01 6.492944924897587899e-01 1.581702321347291662e-01 2.048247610377787811e-03 0.000000000000000000e+00
1.450000000000000000e+05 5.800024005482493639e-01 1.884387801547564856e-01 6.456531634046427381e-01 1.632908511606736557e-01 2.617205279927173507e-03 0.000000000000000000e+00
1.475000000000000000e+05 5.900024419370122342e-01 1.852526172052799402e-01 6.466772872098316416e-01 1.642011834319526686e-01 3.868912152935821518e-03 0.000000000000000000e+00
1.500000000000000000e+05 6.000024833257751045e-01 1.875284478834774726e-01 6.428083750568958088e-01 1.654528903049612976e-01 4.210286754665453109e-03 0.000000000000000000e+00
1.525000000000000000e+05 6.100025247145379748e-01 1.886663632225762388e-01 6.437187073281748217e-01 1.645425580336822846e-01 3.072371415566681717e-03 0.000000000000000000e+00
1.550000000000000000e+05 6.200025661033010671e-01 1.870732817478379661e-01 6.417842512517069054e-01 1.677287209831588577e-01 3.413746017296313308e-03 0.000000000000000000e+00
1.575000000000000000e+05 6.300026074920639374e-01 1.903732362312244020e-01 6.389394629039599760e-01 1.660218479745106945e-01 4.665452890304961318e-03 0.000000000000000000e+00
1.600000000000000000e+05 6.400026488808268077e-01 1.937869822485207005e-01 6.334774692762858983e-01 1.680700955848884737e-01 4.665452890304961318e-03 0.000000000000000000e+00
1.625000000000000000e+05 6.500026902695896780e-01 1.900318616294947582e-01 6.660218479745106945e-01 1.420118343195266308e-01 1.934456076467910759e-03 0.000000000000000000e+00
1.650000000000000000e+05 6.600027316583525483e-01 1.845698680018206528e-01 6.603322712790168358e-01 1.528220300409649512e-01 2.275830678197541916e-03 0.000000000000000000e+00
1.675000000000000000e+05 6.700027730471156406e-01 1.878698224852070886e-01 6.597633136094674944e-01 1.502048247610377751e-01 2.162039144287664864e-03 0.000000000000000000e+00
1.700000000000000000e+05 6.800028144358785109e-01 1.958352298588985074e-01 6.503186162949476934e-01 1.508875739644970349e-01 2.958579881656804664e-03 0.000000000000000000e+00
1.725000000000000000e+05 6.900028558246413812e-01 1.920801092398725651e-01 6.513427401001365968e-01 1.544151115157032239e-01 2.162039144287664864e-03 0.000000000000000000e+00
1.750000000000000000e+05 7.000028972134042515e-01 1.959490213928083702e-01 6.441738734638142727e-01 1.565771506599908935e-01 3.299954483386436255e-03 0.000000000000000000e+00
1.775000000000000000e+05 7.100029386021673439e-01 2.049385525716886647e-01 6.341602184797451303e-01 1.574874829312699065e-01 3.413746017296313308e-03 0.000000000000000000e+00
1.800000000000000000e+05 7.200029799909302142e-01 2.249658625398270329e-01 6.120846609012289274e-01 1.577150659990896597e-01 5.234410559854347014e-03 0.000000000000000000e+00
1.825000000000000000e+05 7.300030213796930845e-01 2.394173873463814328e-01 5.757851615839781889e-01 1.768320436959490149e-01 7.965407373691398007e-03 0.000000000000000000e+00
1.850000000000000000e+05 7.400030627684559548e-01 2.447655894401456478e-01 5.622439690487027741e-01 1.858215748748293095e-01 7.168866636322257339e-03 0.000000000000000000e+00
1.875000000000000000e+05 7.500031041572188251e-01 2.449931725079654010e-01 5.671370050068275104e-01 1.834319526627218866e-01 4.437869822485207214e-03 0.000000000000000000e+00
1.900000000000000000e+05 7.600031455459819174e-01 2.463586709148839204e-01 5.733955393718707105e-01 1.758079198907601393e-01 4.437869822485207214e-03 0.000000000000000000e+00
1.925000000000000000e+05 7.700031869347447877e-01 2.507965407373691225e-01 5.597405553026855163e-01 1.829767865270823801e-01 6.486117432862995025e-03 0.000000000000000000e+00
1.950000000000000000e+05 7.800032283235076580e-01 2.551206190259444617e-01 5.562130177514792440e-01 1.820664542558033672e-01 6.599908966772872511e-03 0.000000000000000000e+00
1.975000000000000000e+05 7.900032697122705283e-01 2.558033682294037492e-01 5.601957214383249672e-01 1.758079198907601393e-01 8.192990441511151245e-03 0.000000000000000000e+00
2.000000000000000000e+05 8.000033111010336206e-01 2.659308147473827821e-01 5.555302685480200120e-01 1.706873008648156498e-01 7.851615839781519654e-03 0.000000000000000000e+00
2.025000000000000000e+05 8.100033524897964909e-01 2.495448338643604935e-01 5.756713700500682984e-01 1.675011379153391045e-01 7.282658170232134826e-03 0.000000000000000000e+00
2.050000000000000000e+05 8.200033938785593612e-01 2.355484751934456000e-01 5.966090122894857073e-01 1.644287664997724219e-01 3.413746017296313308e-03 0.000000000000000000e+00
2.075000000000000000e+05 8.300034352673222315e-01 2.129039599453800558e-01 6.342740100136550208e-01 1.496358670914884059e-01 3.186162949476558769e-03 0.000000000000000000e+00
2.100000000000000000e+05 8.400034766560851018e-01 2.068730086481565811e-01 6.329085116067364458e-01 1.581702321347291662e-01 2.048247610377787811e-03 0.000000000000000000e+00
2.125000000000000000e+05 8.500035180448481942e-01 2.026627218934911323e-01 6.412152935821574529e-01 1.539599453800637174e-01 2.162039144287664864e-03 0.000000000000000000e+00
2.150000000000000000e+05 8.600035594336110645e-01 2.026627218934911323e-01 6.444014565316340537e-01 1.512289485662266786e-01 1.706873008648156654e-03 0.000000000000000000e+00
2.175000000000000000e+05 8.700036008223739348e-01 2.020937642239417353e-01 6.439462903959944917e-01 1.521392808375056915e-01 1.820664542558033706e-03 0.000000000000000000e+00
2.200000000000000000e+05 8.800036422111368051e-01 2.038006372325898985e-01 6.434911242603550408e-01 1.515703231679562946e-01 1.137915339098770958e-03 0.000000000000000000e+00
2.225000000000000000e+05 8.900036835998996754e-01 2.045971779699590487e-01 6.467910787437414211e-01 1.477014110150204895e-01 9.103322712790168532e-04 0.000000000000000000e+00
2.250000000000000000e+05 9.000037249886627677e-01 2.047109695038689114e-01 6.450842057350932857e-01 1.487255348202093652e-01 1.479289940828402332e-03 0.000000000000000000e+00
2.275000000000000000e+05 9.100037663774256380e-01 2.073281747837960876e-01 6.437187073281748217e-01 1.472462448793809831e-01 1.706873008648156654e-03 0.000000000000000000e+00
2.300000000000000000e+05 9.200038077661885083e-01 2.088074647246244975e-01 6.414428766499772339e-01 1.474738279472007363e-01 2.275830678197541916e-03 0.000000000000000000e+00
2.325000000000000000e+05 9.300038491549513786e-01 2.096040054619936199e-01 6.387118798361401950e-01 1.484979517523896120e-01 3.186162949476558769e-03 0.000000000000000000e+00
2.350000000000000000e+05 9.400038905437144710e-01 2.130177514792899462e-01 6.357532999544833752e-01 1.480427856167501055e-01 3.186162949476558769e-03 0.000000000000000000e+00
2.375000000000000000e+05 9.500039319324773412e-01 2.297451069640418786e-01 6.096950386891215601e-01 1.580564406008193035e-01 2.503413746017296455e-03 0.000000000000000000e+00
2.400000000000000000e+05 9.600039733212402115e-01 2.350933090578060936e-01 5.522303140646336317e-01 2.096040054619936199e-01 3.072371415566681717e-03 0.000000000000000000e+00
2.425000000000000000e+05 9.700040147100030818e-01 2.327036868456986707e-01 5.854574419663176599e-01 1.775147928994082747e-01 4.324078288575329727e-03 0.000000000000000000e+00
2.450000000000000000e+05 9.800040560987659521e-01 2.190487027765134209e-01 6.284706417842512716e-01 1.482703686845698587e-01 4.210286754665453109e-03 0.000000000000000000e+00
2.475000000000000000e+05 9.900040974875290445e-01 2.137005006827492060e-01 6.294947655894401750e-01 1.519116977696859383e-01 4.893035958124715423e-03 0.000000000000000000e+00
2.500000000000000000e+05 1.000004138876291915e+00 2.137005006827492060e-01 6.329085116067364458e-01 1.484979517523896120e-01 4.893035958124715423e-03 0.000000000000000000e+00
