# itime ezz other fcc hcp bcc ico
0.000000000000000000e+00 0.000000000000000000e+00 0.000000000000000000e+00 1.000000000000000000e+00 0.000000000000000000e+00 0.000000000000000000e+00 0.000000000000000000e+00
2.500000000000000000e+03 1.000006188814861474e-02 0.000000000000000000e+00 1.000000000000000000e+00 0.000000000000000000e+00 0.000000000000000000e+00 0.000000000000000000e+00
5.000000000000000000e+03 2.000012377629722948e-02 0.000000000000000000e+00 1.000000000000000000e+00 0.000000000000000000e+00 0.000000000000000000e+00 0.000000000000000000e+00
7.500000000000000000e+03 3.000018566444562218e-02 0.000000000000000000e+00 1.000000000000000000e+00 0.000000000000000000e+00 0.000000000000000000e+00 0.000000000000000000e+00
1.000000000000000000e+04 4.000024755259423692e-02 0.000000000000000000e+00 1.000000000000000000e+00 0.000000000000000000e+00 0.000000000000000000e+00 0.000000000000000000e+00
1.250000000000000000e+04 5.000030944074285166e-02 0.000000000000000000e+00 1.000000000000000000e+00 0.000000000000000000e+00 0.000000000000000000e+00 0.000000000000000000e+00
1.500000000000000000e+04 6.000037132889146640e-02 0.000000000000000000e+00 1.000000000000000000e+00 0.000000000000000000e+00 0.000000000000000000e+00 0.000000000000000000e+00
1.750000000000000000e+04 7.000043321703985910e-02 0.000000000000000000e+00 1.000000000000000000e+00 0.000000000000000000e+00 0.000000000000000000e+00 0.000000000000000000e+00
2.000000000000000000e+04 8.000049510518847384e-02 3.413746017296313199e-04 9.996586253982703285e-01 0.000000000000000000e+00 0.000000000000000000e+00 0.000000000000000000e+00
2.250000000000000000e+04 9.000055699333708858e-02 1.251706873008648227e-03 9.987482931269913156e-01 0.000000000000000000e+00 0.000000000000000000e+00 0.000000000000000000e+00
2.500000000000000000e+04 1.000006188814857033e-01 3.868912152935821518e-03 9.959035047792443862e-01 0.000000000000000000e+00 2.275830678197542133e-04 0.000000000000000000e+00
2.750000000000000000e+04 1.100006807696343181e-01 3.140646335912607862e-02 9.510696404187528596e-01 0.000000000000000000e+00 1.752389622212107562e-02 0.000000000000000000e+00
3.000000000000000000e+04 1.200007426577827108e-01 4.847519344560764776e-02 7.987027765134273594e-01 1.494082840236686527e-01 3.413746017296313308e-03 0.000000000000000000e+00
3.250000000000000000e+04 1.300008045459313255e-01 4.142011834319526964e-02 8.058716431497496835e-01 1.495220755575785154e-01 3.186162949476558769e-03 0.000000000000000000e+00
3.500000000000000000e+04 1.400008664340799402e-01 4.472007282658170546e-02 8.037096040054619861e-01 1.487255348202093652e-01 2.844788347746927612e-03 0.000000000000000000e+00
3.750000000000000000e+04 1.500009283222285550e-01 4.380974055530268557e-02 7.996131087847063723e-01 1.531634046426945950e-01 3.413746017296313308e-03 0.000000000000000000e+00
4.000000000000000000e+04 1.600009902103769477e-01 4.733727810650887463e-02 7.957441966317706505e-01 1.535047792444242110e-01 3.413746017296313308e-03 0.000000000000000000e+00
4.250000000000000000e+04 1.700010520985255624e-01 5.496131087847064278e-02 7.841374601729631522e-01 1.568047337278106468e-01 4.096495220755575623e-03 0.000000000000000000e+00
4.500000000000000000e+04 1.800011139866741772e-01 6.736458807464724974e-02 7.844788347746927126e-01 1.449704142011834229e-01 3.186162949476558769e-03 0.000000000000000000e+00
4.750000000000000000e+04 1.900011758748227919e-01 5.234410559854346667e-02 7.917614929449249273e-01 1.499772416932180219e-01 5.917159763313609329e-03 0.000000000000000000e+00
5.000000000000000000e+04 2.000012377629714067e-01 5.223031406463359005e-02 7.950614474283113076e-01 1.481565771506599960e-01 4.551661356395083832e-03 0.000000000000000000e+00
5.250000000000000000e+04 2.100012996511197993e-01 5.359581247155211642e-02 7.956304050978607600e-01 1.458807464724624359e-01 4.893035958124715423e-03 0.000000000000000000e+00
5.500000000000000000e+04 2.200013615392684141e-01 7.203004096495220498e-02 7.729858898497952158e-01 1.519116977696859383e-01 3.072371415566681717e-03 0.000000000000000000e+00
5.750000000000000000e+04 2.300014234274170288e-01 9.012289485662267063e-02 6.843422849340009551e-01 2.201866181156121871e-01 5.348202093764223633e-03 0.000000000000000000e+00
6.000000000000000000e+04 2.400014853155656436e-01 9.012289485662267063e-02 6.536185707783340737e-01 2.537551206190259423e-01 2.503413746017296455e-03 0.000000000000000000e+00
6.250000000000000000e+04 2.500015472037140363e-01 8.693673190714611143e-02 6.986800182066453813e-01 2.099453800637232637e-01 4.437869822485207214e-03 0.000000000000000000e+00
6.500000000000000000e+04 2.600016090918626510e-01 8.716431497496586467e-02 6.794492489758762188e-01 2.281520254893036059e-01 5.234410559854347014e-03 0.000000000000000000e+00
6.750000000000000000e+04 2.700016709800112658e-01 8.852981338188438409e-02 6.983386436049158208e-01 2.086936731907146070e-01 4.437869822485207214e-03 0.000000000000000000e+00
7.000000000000000000e+04 2.800017328681598805e-01 7.931269913518433634e-02 7.527309968138370389e-01 1.631770596267637652e-01 4.779244424214838804e-03 0.000000000000000000e+00
7.250000000000000000e+04 2.900017947563084952e-01 5.063723258989531045e-02 7.872098315885298625e-01 1.550978607191624836e-01 7.055075102412380721e-03 0.000000000000000000e+00
7.500000000000000000e+04 3.000018566444568879e-01 5.974055530268548159e-02 7.717341829767865313e-01 1.640873918980427781e-01 4.437869822485207214e-03 0.000000000000000000e+00
7.750000000000000000e+04 3.100019185326055027e-01 6.804733727810650945e-02 7.290623577605825911e-01 1.975421028675466428e-01 5.348202093764223633e-03 0.000000000000000000e+00
8.000000000000000000e+04 3.200019804207541174e-01 6.781975421028675621e-02 7.315657715065999600e-01 1.958352298588985074e-01 4.779244424214838804e-03 0.000000000000000000e+00
8.250000000000000000e+04 3.300020423089027322e-01 7.009558488848430247e-02 7.406690942193900895e-01 1.867319071461083224e-01 2.503413746017296455e-03 0.000000000000000000e+00
8.500000000000000000e+04 3.400021041970511249e-01 8.887118798361401395e-02 7.424897587619481154e-01 1.664770141101502010e-01 2.162039144287664864e-03 0.000000000000000000e+00
8.750000000000000000e+04 3.500021660851997396e-01 8.875739644970413733e-02 7.256486117432863203e-01 1.844560764679107900e-01 1.137915339098770958e-03 0.000000000000000000e+00
9.000000000000000000e+04 3.600022279733483543e-01 8.750568957669549452e-02 7.288347746927628101e-01 1.833181611288120239e-01 3.413746017296313199e-04 0.000000000000000000e+00
9.250000000000000000e+04 3.700022898614969691e-01 8.761948111060537114e-02 7.296313154301320436e-01 1.820664542558033672e-01 6.827492034592626399e-04 0.000000000000000000e+00
9.500000000000000000e+04 3.800023517496455838e-01 8.852981338188438409e-02 7.323623122439690825e-01 1.785389167045971781e-01 5.689576695493854790e-04 0.000000000000000000e+00
9.750000000000000000e+04 3.900024136377939765e-01 8.932635411925353430e-02 7.378243058716431602e-01 1.720527992717341692e-01 7.965407373691396923e-04 0.000000000000000000e+00
1.000000000000000000e+05 4.000024755259425913e-01 1.181156121984524299e-01 5.979745106964041712e-01 2.815202548930359483e-01 2.389622212107419402e-03 0.000000000000000000e+00
1.025000000000000000e+05 4.100025374140914280e-01 1.083295402822029990e-01 5.756713700500682984e-01 3.107646791078743642e-01 5.234410559854347014e-03 0.000000000000000000e+00
1.050000000000000000e+05 4.200025993022398207e-01 1.051433773327264398e-01 5.760127446517978589e-01 3.161128812016386069e-01 2.730996813837050560e-03 0.000000000000000000e+00
1.075000000000000000e+05 4.300026611903882134e-01 1.106053709604005453e-01 5.128584433318160718e-01 3.683431952662721831e-01 8.192990441511151245e-03 0.000000000000000000e+00
1.100000000000000000e+05 4.400027230785368282e-01 1.150432407828857473e-01 4.866863905325443662e-01 3.900773782430587144e-01 8.192990441511151245e-03 0.000000000000000000e+00
1.125000000000000000e+05 4.500027849666856650e-01 1.174328629949931702e-01 4.718934911242603780e-01 4.014565316340464318e-01 9.217114246700046018e-03 0.000000000000000000e+00
1.150000000000000000e+05 4.600028468548340577e-01 1.318843878015475701e-01 4.440145653163404815e-01 4.113563950842057393e-01 1.274465179790623508e-02 0.000000000000000000e+00
1.175000000000000000e+05 4.700029087429824504e-01 1.385980883022303045e-01 4.263768775603095085e-01 4.211424670004551563e-01 1.388256713700500647e-02 0.000000000000000000e+00
1.200000000000000000e+05 4.800029706311310651e-01 1.381429221665907980e-01 4.258079198907601115e-01 4.200045516613564178e-01 1.604460628129267263e-02 0.000000000000000000e+00
1.225000000000000000e+05 4.900030325192799019e-01 1.527082385070550885e-01 4.677969959035047642e-01 3.634501593081474469e-01 1.604460628129267263e-02 0.000000000000000000e+00
1.250000000000000000e+05 5.000030944074282946e-01 1.661356395084205850e-01 4.902139280837505830e-01 3.301092398725534727e-01 1.354119253527537488e-02 0.000000000000000000e+00
1.275000000000000000e+05 5.100031562955766873e-01 1.866181156121984597e-01 5.084205735093308975e-01 2.906235776058261333e-01 1.433773327264451468e-02 0.000000000000000000e+00
1.300000000000000000e+05 5.200032181837253020e-01 1.659080564406008318e-01 7.122212107419207960e-01 1.154984069185252676e-01 6.372325898953117539e-03 0.000000000000000000e+00
1.325000000000000000e+05 5.300032800718741388e-01 9.228493400091032639e-02 8.884842967683204140e-01 1.718252162039144229e-02 2.048247610377787811e-03 0.000000000000000000e+00
1.350000000000000000e+05 5.400033419600225315e-01 9.319526627218935322e-02 8.888256713700500855e-01 1.695493855257168905e-02 1.024123805188893906e-03 0.000000000000000000e+00
1.375000000000000000e+05 5.500034038481709242e-01 9.342284934000910646e-02 8.895084205735093175e-01 1.547564861174328607e-02 1.593081474738279385e-03 0.000000000000000000e+00
1.400000000000000000e+05 5.600034657363197610e-01 9.160218479745106668e-02 8.881429221665908535e-01 1.809285389167045871e-02 2.162039144287664864e-03 0.000000000000000000e+00
1.425000000000000000e+05 5.700035276244683757e-01 9.012289485662267063e-02 8.905325443786982209e-01 1.718252162039144229e-02 2.162039144287664864e-03 0.000000000000000000e+00
1.450000000000000000e+05 5.800035895126167684e-01 9.182976786527081992e-02 8.873463814292216201e-01 1.843422849340009204e-02 2.389622212107419402e-03 0.000000000000000000e+00
1.475000000000000000e+05 5.900036514007651611e-01 9.217114246700044977e-02 8.849567592171142527e-01 1.979972690031861493e-02 3.072371415566681717e-03 0.000000000000000000e+00
1.500000000000000000e+05 6.000037132889139979e-01 1.024123805188894010e-01 8.609467455621301335e-01 3.299954483386435822e-02 3.641329085116067413e-03 0.000000000000000000e+00
1.525000000000000000e+05 6.100037751770626127e-01 9.194355939918069653e-02 8.963359126081019701e-01 1.058261265361857065e-02 1.137915339098770958e-03 0.000000000000000000e+00
1.550000000000000000e+05 6.200038370652110054e-01 9.182976786527081992e-02 8.934911242603550408e-01 1.285844333181611343e-02 1.820664542558033706e-03 0.000000000000000000e+00
1.575000000000000000e+05 6.300038989533593980e-01 8.989531178880291740e-02 8.955393718707328476e-01 1.274465179790623508e-02 1.820664542558033706e-03 0.000000000000000000e+00
1.600000000000000000e+05 6.400039608415082348e-01 9.023668639053254725e-02 8.957669549385525176e-01 1.274465179790623508e-02 1.251706873008648227e-03 0.000000000000000000e+00
1.625000000000000000e+05 6.500040227296568496e-01 9.365043240782885969e-02 8.893946290395994270e-01 1.558944014565316269e-02 1.365498406918525280e-03 0.000000000000000000e+00
1.650000000000000000e+05 6.600040846178052423e-01 9.239872553482020301e-02 8.926945835229859183e-01 1.285844333181611343e-02 2.048247610377787811e-03 0.000000000000000000e+00
1.675000000000000000e+05 6.700041465059536350e-01 1.001365498406918547e-01 8.799499317250796260e-01 1.854802002730996865e-02 1.365498406918525280e-03 0.000000000000000000e+00
1.700000000000000000e+05 6.800042083941024718e-01 1.052571688666363164e-01 8.677742375967227861e-01 2.503413746017296368e-02 1.934456076467910759e-03 0.000000000000000000e+00
1.725000000000000000e+05 6.900042702822510865e-01 9.353664087391898307e-02 9.031634046426946227e-01 2.503413746017296455e-03 7.965407373691396923e-04 0.000000000000000000e+00
1.750000000000000000e+05 7.000043321703997012e-01 8.739189804278561791e-02 9.093081474738279324e-01 2.844788347746927612e-03 4.551661356395084266e-04 0.000000000000000000e+00
1.775000000000000000e+05 7.100043940585480939e-01 8.807464724624487762e-02 9.071461083295402350e-01 3.641329085116067413e-03 1.137915339098770958e-03 0.000000000000000000e+00
1.800000000000000000e+05 7.200044559466967087e-01 8.841602184797450747e-02 9.061219845243514426e-01 4.893035958124715423e-03 5.689576695493854790e-04 0.000000000000000000e+00
1.825000000000000000e+05 7.300045178348455455e-01 8.807464724624487762e-02 9.049840691852526486e-01 5.348202093764223633e-03 1.593081474738279385e-03 0.000000000000000000e+00
1.850000000000000000e+05 7.400045797229939382e-01 8.773327264451524776e-02 9.038461538461538547e-01 6.599908966772872511e-03 1.820664542558033706e-03 0.000000000000000000e+00
1.875000000000000000e+05 7.500046416111423309e-01 9.956759217114247162e-02 8.856395084205734847e-01 1.251706873008648184e-02 2.275830678197541916e-03 0.000000000000000000e+00
1.900000000000000000e+05 7.600047034992909456e-01 1.156121984524351443e-01 7.253072371415566488e-01 1.578288575329995502e-01 1.251706873008648227e-03 0.000000000000000000e+00
1.925000000000000000e+05 7.700047653874397824e-01 1.152708238507055144e-01 7.278106508875740177e-01 1.566909421939007840e-01 2.275830678197542133e-04 0.000000000000000000e+00
1.950000000000000000e+05 7.800048272755881751e-01 1.380291306326809353e-01 7.139280837505689314e-01 1.441738734638143005e-01 3.868912152935821518e-03 0.000000000000000000e+00
1.975000000000000000e+05 7.900048891637365678e-01 1.121984524351388318e-01 6.754665452890304955e-01 1.995903504779244497e-01 1.274465179790623508e-02 0.000000000000000000e+00
2.000000000000000000e+05 8.000049510518851825e-01 1.133363677742375980e-01 6.760355029585798370e-01 2.018661811561219821e-01 8.761948111060537808e-03 0.000000000000000000e+00
2.025000000000000000e+05 8.100050129400340193e-01 1.147018661811561174e-01 6.725079654073736757e-01 2.024351388256713791e-01 1.035502958579881741e-02 0.000000000000000000e+00
2.050000000000000000e+05 8.200050748281824120e-01 1.108329540282202985e-01 6.737596722803823601e-01 2.038006372325898985e-01 1.160673645880746542e-02 0.000000000000000000e+00
2.075000000000000000e+05 8.300051367163308047e-01 1.129949931725079681e-01 6.727355484751934567e-01 2.033454710969503920e-01 1.092398725534820224e-02 0.000000000000000000e+00
2.100000000000000000e+05 8.400051986044794194e-01 1.135639508420573512e-01 6.715976331360946627e-01 2.028903049613108855e-01 1.194811106053709528e-02 0.000000000000000000e+00
2.125000000000000000e+05 8.500052604926282562e-01 1.193673190714610866e-01 6.613563950842057393e-01 2.084660901228948537e-01 1.081019572143832562e-02 0.000000000000000000e+00
2.150000000000000000e+05 8.600053223807766489e-01 1.172052799271734169e-01 6.561219845243514426e-01 2.171142467000455045e-01 9.558488848429677609e-03 0.000000000000000000e+00
2.175000000000000000e+05 8.700053842689250416e-01 1.310878470641784199e-01 6.792216659080564378e-01 1.842284934000910368e-01 5.461993627674101119e-03 0.000000000000000000e+00
2.200000000000000000e+05 8.800054461570738784e-01 1.321119708693673234e-01 6.960628129267182329e-01 1.685252617205279801e-01 3.299954483386436255e-03 0.000000000000000000e+00
2.225000000000000000e+05 8.900055080452224932e-01 1.362084660901228816e-01 7.388484296768320636e-01 1.210741920801092358e-01 3.868912152935821518e-03 0.000000000000000000e+00
2.250000000000000000e+05 9.000055699333708858e-01 1.291533909877105035e-01 7.851615839781520556e-01 8.204369594902138907e-02 3.641329085116067413e-03 0.000000000000000000e+00
2.275000000000000000e+05 9.100056318215192785e-01 1.297223486572599005e-01 7.850477924442421651e-01 8.204369594902138907e-02 3.186162949476558769e-03 0.000000000000000000e+00
2.300000000000000000e+05 9.200056937096681153e-01 9.660901228948566566e-02 8.800637232589895165e-01 2.321347291761493084e-02 1.137915339098771066e-04 0.000000000000000000e+00
2.325000000000000000e+05 9.300057555978167301e-01 9.205735093309057315e-02 8.924670004551661373e-01 1.411015020482476144e-02 1.365498406918525280e-03 0.000000000000000000e+00
2.350000000000000000e+05 9.400058174859651228e-01 9.285389167045972336e-02 8.895084205735093175e-01 1.615839781520254925e-02 1.479289940828402332e-03 0.000000000000000000e+00
2.375000000000000000e+05 9.500058793741135155e-01 9.296768320436959998e-02 8.875739644970414011e-01 1.775147928994082885e-02 1.706873008648156654e-03 0.000000000000000000e+00
2.400000000000000000e+05 9.600059412622623523e-01 9.251251706873007963e-02 8.867774237596722786e-01 1.866181156121984527e-02 2.048247610377787811e-03 0.000000000000000000e+00
2.425000000000000000e+05 9.700060031504109670e-01 9.638142922166591242e-02 8.793809740555302845e-01 2.150659990896677115e-02 2.730996813837050560e-03 0.000000000000000000e+00
2.450000000000000000e+05 9.800060650385593597e-01 9.774692762858443185e-02 8.779016841147018191e-01 2.241693218024579104e-02 1.934456076467910759e-03 0.000000000000000000e+00
2.475000000000000000e+05 9.900061269267077524e-01 9.934000910332271839e-02 8.715293582157487284e-01 2.605826126536185672e-02 3.072371415566681717e-03 0.000000000000000000e+00
2.500000000000000000e+05 1.000006188814856589e+00 9.956759217114247162e-02 8.682294037323623481e-01 2.890304961310878606e-02 3.299954483386436255e-03 0.000000000000000000e+00
