# itime ezz other fcc hcp bcc ico
0.000000000000000000e+00 0.000000000000000000e+00 0.000000000000000000e+00 1.000000000000000000e+00 0.000000000000000000e+00 0.000000000000000000e+00 0.000000000000000000e+00
2.500000000000000000e+03 1.000000032534287264e-02 0.000000000000000000e+00 1.000000000000000000e+00 0.000000000000000000e+00 0.000000000000000000e+00 0.000000000000000000e+00
5.000000000000000000e+03 2.000000065068552324e-02 0.000000000000000000e+00 1.000000000000000000e+00 0.000000000000000000e+00 0.000000000000000000e+00 0.000000000000000000e+00
7.500000000000000000e+03 3.000000097602839588e-02 0.000000000000000000e+00 1.000000000000000000e+00 0.000000000000000000e+00 0.000000000000000000e+00 0.000000000000000000e+00
1.000000000000000000e+04 4.000000130137126853e-02 0.000000000000000000e+00 1.000000000000000000e+00 0.000000000000000000e+00 0.000000000000000000e+00 0.000000000000000000e+00
1.250000000000000000e+04 5.000000162671414117e-02 0.000000000000000000e+00 1.000000000000000000e+00 0.000000000000000000e+00 0.000000000000000000e+00 0.000000000000000000e+00
1.500000000000000000e+04 6.000000195205679177e-02 0.000000000000000000e+00 1.000000000000000000e+00 0.000000000000000000e+00 0.000000000000000000e+00 0.000000000000000000e+00
1.750000000000000000e+04 7.000000227739966441e-02 2.275830678197542133e-04 9.997724169321802190e-01 0.000000000000000000e+00 0.000000000000000000e+00 0.000000000000000000e+00
2.000000000000000000e+04 8.000000260274253705e-02 4.551661356395084266e-04 9.995448338643604380e-01 0.000000000000000000e+00 0.000000000000000000e+00 0.000000000000000000e+00
2.250000000000000000e+04 9.000000292808540969e-02 2.617205279927173507e-03 9.970414201183431802e-01 0.000000000000000000e+00 3.413746017296313199e-04 0.000000000000000000e+00
2.500000000000000000e+04 1.000000032534280603e-01 3.186162949476558769e-03 9.965862539827037292e-01 0.000000000000000000e+00 2.275830678197542133e-04 0.000000000000000000e+00
2.750000000000000000e+04 1.100000035787709329e-01 6.269913518434228061e-02 8.024578971324533017e-01 0.000000000000000000e+00 1.348429676832043622e-01 0.000000000000000000e+00
3.000000000000000000e+04 1.200000039041138056e-01 8.215748748293126569e-02 7.337278106508875464e-01 1.791078743741465751e-01 5.006827492034592909e-03 0.000000000000000000e+00
3.250000000000000000e+04 1.300000042294566782e-01 7.305416477014110843e-02 7.459035047792443862e-01 1.746700045516613453e-01 6.372325898953117539e-03 0.000000000000000000e+00
3.500000000000000000e+04 1.400000045547993288e-01 5.860263996358670846e-02 7.837960855712334807e-01 1.522530723714155543e-01 5.348202093764223633e-03 0.000000000000000000e+00
3.750000000000000000e+04 1.500000048801422015e-01 6.395084205735093730e-02 7.693445607646790529e-01 1.601046882111970826e-01 6.599908966772872511e-03 0.000000000000000000e+00
4.000000000000000000e+04 1.600000052054850741e-01 7.294037323623121793e-02 6.952662721893491105e-01 2.220072826581702408e-01 9.786071916249430847e-03 0.000000000000000000e+00
4.250000000000000000e+04 1.700000055308279467e-01 7.862994993172507663e-02 6.894629039599453613e-01 2.216659080564405970e-01 1.024123805188893906e-02 0.000000000000000000e+00
4.500000000000000000e+04 1.800000058561705973e-01 8.215748748293126569e-02 6.959490213928083424e-01 2.140418752844788219e-01 7.851615839781519654e-03 0.000000000000000000e+00
4.750000000000000000e+04 1.900000061815134700e-01 8.215748748293126569e-02 7.031178880291306665e-01 2.069868001820664438e-01 7.737824305871643035e-03 0.000000000000000000e+00
5.000000000000000000e+04 2.000000065068563426e-01 9.262630860263997012e-02 6.844560764679107345e-01 2.166590805644059980e-01 6.258534365043240920e-03 0.000000000000000000e+00
5.250000000000000000e+04 2.100000068321992153e-01 9.410559854346836617e-02 6.816112881201638052e-01 2.184797451069640517e-01 5.803368229403732710e-03 0.000000000000000000e+00
5.500000000000000000e+04 2.200000071575418659e-01 9.433318161128811941e-02 6.652253072371415721e-01 2.308830223031406448e-01 9.558488848429677609e-03 0.000000000000000000e+00
5.750000000000000000e+04 2.300000074828847385e-01 9.968138370505234824e-02 6.603322712790168358e-01 2.309968138370505353e-01 8.989531178880291046e-03 0.000000000000000000e+00
6.000000000000000000e+04 2.400000078082276112e-01 1.048020027309968100e-01 6.578288575329995780e-01 2.283796085571233592e-01 8.989531178880291046e-03 0.000000000000000000e+00
6.250000000000000000e+04 2.500000081335704838e-01 1.095812471552116557e-01 6.185707783340919086e-01 2.691169776968593275e-01 2.730996813837050560e-03 0.000000000000000000e+00
6.500000000000000000e+04 2.600000084589131344e-01 1.078743741465634925e-01 6.185707783340919086e-01 2.717341829767865313e-01 1.820664542558033706e-03 0.000000000000000000e+00
6.750000000000000000e+04 2.700000087842560070e-01 1.025261720527992776e-01 6.527082385070550608e-01 2.414656349567592120e-01 3.299954483386436255e-03 0.000000000000000000e+00
7.000000000000000000e+04 2.800000091095988797e-01 1.020710059171597572e-01 6.453117888029130667e-01 2.488620846609012338e-01 3.755120619025944465e-03 0.000000000000000000e+00
7.250000000000000000e+04 2.900000094349417523e-01 1.021847974510696339e-01 6.440600819299043822e-01 2.486345015930814806e-01 5.120619025944469528e-03 0.000000000000000000e+00
7.500000000000000000e+04 3.000000097602844029e-01 1.115157032316795582e-01 6.319981793354574329e-01 2.534137460172963263e-01 3.072371415566681717e-03 0.000000000000000000e+00
7.750000000000000000e+04 3.100000100856272756e-01 1.135639508420573512e-01 6.850250341374601870e-01 1.998179335457442030e-01 1.593081474738279385e-03 0.000000000000000000e+00
8.000000000000000000e+04 3.200000104109701482e-01 1.102639963586709154e-01 6.951524806554392200e-01 1.937869822485207005e-01 7.965407373691396923e-04 0.000000000000000000e+00
8.250000000000000000e+04 3.300000107363130208e-01 1.153846153846153910e-01 6.918525261720528396e-01 1.916249431042330587e-01 1.137915339098770958e-03 0.000000000000000000e+00
8.500000000000000000e+04 3.400000110616556714e-01 1.251706873008648080e-01 7.036868456986800080e-01 1.677287209831588577e-01 3.413746017296313308e-03 0.000000000000000000e+00
8.750000000000000000e+04 3.500000113869985441e-01 1.475876194811105990e-01 6.252844788347746707e-01 2.229176149294492537e-01 4.210286754665453109e-03 0.000000000000000000e+00
9.000000000000000000e+04 3.600000117123414167e-01 1.228948566226672756e-01 7.418070095584888834e-01 1.315430131998179264e-01 3.755120619025944465e-03 0.000000000000000000e+00
9.250000000000000000e+04 3.700000120376842894e-01 1.243741465634956717e-01 7.416932180245789930e-01 1.296085571233500100e-01 4.324078288575329727e-03 0.000000000000000000e+00
9.500000000000000000e+04 3.800000123630269400e-01 1.110605370960400518e-01 8.592398725534819981e-01 2.583067819754210348e-02 3.868912152935821518e-03 0.000000000000000000e+00
9.750000000000000000e+04 3.900000126883698126e-01 1.070778334091943562e-01 8.651570323167956378e-01 2.332726445152480746e-02 4.437869822485207214e-03 0.000000000000000000e+00
1.000000000000000000e+05 4.000000130137126853e-01 9.478834774692762588e-02 8.954255803368229572e-01 7.965407373691398007e-03 1.820664542558033706e-03 0.000000000000000000e+00
1.025000000000000000e+05 4.100000133390555579e-01 9.808830223031406170e-02 8.907601274465180019e-01 9.444697314519799256e-03 1.706873008648156654e-03 0.000000000000000000e+00
1.050000000000000000e+05 4.200000136643982085e-01 9.717796995903504875e-02 8.907601274465180019e-01 1.012744651797906244e-02 1.934456076467910759e-03 0.000000000000000000e+00
1.075000000000000000e+05 4.300000139897410811e-01 9.581247155211652933e-02 8.800637232589895165e-01 2.059626763768775473e-02 3.527537551206190360e-03 0.000000000000000000e+00
1.100000000000000000e+05 4.400000143150839538e-01 9.922621756941284177e-02 8.772189349112425871e-01 2.059626763768775473e-02 2.958579881656804664e-03 0.000000000000000000e+00
1.125000000000000000e+05 4.500000146404268264e-01 1.234638142922166587e-01 6.949248975876194390e-01 1.777423759672280279e-01 3.868912152935821518e-03 0.000000000000000000e+00
1.150000000000000000e+05 4.600000149657694770e-01 1.323395539371870766e-01 6.431497496586253693e-01 2.198452435138825711e-01 4.665452890304961318e-03 0.000000000000000000e+00
1.175000000000000000e+05 4.700000152911123497e-01 1.319981793354574329e-01 6.532771961766045132e-01 2.117660446062812896e-01 2.958579881656804664e-03 0.000000000000000000e+00
1.200000000000000000e+05 4.800000156164552223e-01 1.327947200728265831e-01 6.924214838416021811e-01 1.718252162039144160e-01 2.958579881656804664e-03 0.000000000000000000e+00
1.225000000000000000e+05 4.900000159417980949e-01 1.297223486572599005e-01 6.957214383249886724e-01 1.689804278561675144e-01 5.575785161583977738e-03 0.000000000000000000e+00
1.250000000000000000e+05 5.000000162671407455e-01 1.271051433773327244e-01 6.844560764679107345e-01 1.838871187983613931e-01 4.551661356395083832e-03 0.000000000000000000e+00
1.275000000000000000e+05 5.100000165924836182e-01 1.259672280382339582e-01 6.762630860263996180e-01 1.908284023668639084e-01 6.941283568502503235e-03 0.000000000000000000e+00
1.300000000000000000e+05 5.200000169178264908e-01 1.301775147928994070e-01 6.589667728720982609e-01 2.045971779699590487e-01 6.258534365043240920e-03 0.000000000000000000e+00
1.325000000000000000e+05 5.300000172431693635e-01 1.321119708693673234e-01 6.324533454710969949e-01 2.311106053709603980e-01 4.324078288575329727e-03 0.000000000000000000e+00
1.350000000000000000e+05 5.400000175685120141e-01 1.265361857077833274e-01 6.690942193900774049e-01 2.030040964952207483e-01 1.365498406918525280e-03 0.000000000000000000e+00
1.375000000000000000e+05 5.500000178938548867e-01 1.186845698680018268e-01 7.330450614474283144e-01 1.464497041420118328e-01 1.820664542558033706e-03 0.000000000000000000e+00
1.400000000000000000e+05 5.600000182191977594e-01 1.172052799271734169e-01 7.322485207100591920e-01 1.488393263541192557e-01 1.706873008648156654e-03 0.000000000000000000e+00
1.425000000000000000e+05 5.700000185445406320e-01 1.164087391898042806e-01 7.247382794720073074e-01 1.561219845243513871e-01 2.730996813837050560e-03 0.000000000000000000e+00
1.450000000000000000e+05 5.800000188698832826e-01 1.119708693673190647e-01 6.982248520710059303e-01 1.875284478834774726e-01 2.275830678197541916e-03 0.000000000000000000e+00
1.475000000000000000e+05 5.900000191952261552e-01 1.170914883932635403e-01 6.598771051433773849e-01 2.204142011834319403e-01 2.617205279927173507e-03 0.000000000000000000e+00
1.500000000000000000e+05 6.000000195205690279e-01 1.210741920801092358e-01 6.446290395994538347e-01 2.309968138370505353e-01 3.299954483386436255e-03 0.000000000000000000e+00
1.525000000000000000e+05 6.100000198459119005e-01 1.199362767410104696e-01 6.354119253527537037e-01 2.391898042785616796e-01 5.461993627674101119e-03 0.000000000000000000e+00
1.550000000000000000e+05 6.200000201712545511e-01 1.234638142922166587e-01 7.401001365498406370e-01 1.339326354119253493e-01 2.503413746017296455e-03 0.000000000000000000e+00
1.575000000000000000e+05 6.300000204965974238e-01 1.263086026399635742e-01 7.569412835685025431e-01 1.127674101046882149e-01 3.982703686845699004e-03 0.000000000000000000e+00
1.600000000000000000e+05 6.400000208219402964e-01 1.149294492489758707e-01 8.496813837050523066e-01 3.334091943559399501e-02 2.048247610377787811e-03 0.000000000000000000e+00
1.625000000000000000e+05 6.500000211472831690e-01 9.877105143377332142e-02 8.847291761492944717e-01 1.331360946745562164e-02 3.186162949476558769e-03 0.000000000000000000e+00
1.650000000000000000e+05 6.600000214726258196e-01 9.820209376422393832e-02 8.851843422849340337e-01 1.502048247610377786e-02 1.593081474738279385e-03 0.000000000000000000e+00
1.675000000000000000e+05 6.700000217979686923e-01 9.592626308602640595e-02 8.857532999544833752e-01 1.661356395084205573e-02 1.706873008648156654e-03 0.000000000000000000e+00
1.700000000000000000e+05 6.800000221233115649e-01 9.660901228948566566e-02 8.866636322257623881e-01 1.524806554392353283e-02 1.479289940828402332e-03 0.000000000000000000e+00
1.725000000000000000e+05 6.900000224486544376e-01 9.399180700955848955e-02 8.957669549385525176e-01 9.103322712790167665e-03 1.137915339098770958e-03 0.000000000000000000e+00
1.750000000000000000e+05 7.000000227739970882e-01 8.534365043240782489e-02 9.032771961766045132e-01 1.035502958579881741e-02 1.024123805188893906e-03 0.000000000000000000e+00
1.775000000000000000e+05 7.100000230993399608e-01 8.375056895766955223e-02 9.043013199817933057e-01 9.899863450159307465e-03 2.048247610377787811e-03 0.000000000000000000e+00
1.800000000000000000e+05 7.200000234246828335e-01 1.016158397815202508e-01 8.315885298133819381e-01 6.395084205735093730e-02 2.844788347746927612e-03 0.000000000000000000e+00
1.825000000000000000e+05 7.300000237500257061e-01 1.009330905780609910e-01 8.371643149749659063e-01 6.008192990441511144e-02 1.820664542558033706e-03 0.000000000000000000e+00
1.850000000000000000e+05 7.400000240753683567e-01 1.032089212562585373e-01 8.318161128812016081e-01 6.372325898953118406e-02 1.251706873008648227e-03 0.000000000000000000e+00
1.875000000000000000e+05 7.500000244007112293e-01 1.040054619936276736e-01 8.326126536185707305e-01 6.144742831133363781e-02 1.934456076467910759e-03 0.000000000000000000e+00
1.900000000000000000e+05 7.600000247260541020e-01 1.263086026399635742e-01 6.843422849340009551e-01 1.858215748748293095e-01 3.527537551206190360e-03 0.000000000000000000e+00
1.925000000000000000e+05 7.700000250513967526e-01 1.285844333181611343e-01 6.615839781520255203e-01 2.063040509786071841e-01 3.527537551206190360e-03 0.000000000000000000e+00
1.950000000000000000e+05 7.800000253767396252e-01 1.285844333181611343e-01 6.557806099226217711e-01 2.118798361401911801e-01 3.755120619025944465e-03 0.000000000000000000e+00
1.975000000000000000e+05 7.900000257020824979e-01 1.279016841147018746e-01 6.467910787437414211e-01 2.205279927173418308e-01 4.779244424214838804e-03 0.000000000000000000e+00
2.000000000000000000e+05 8.000000260274253705e-01 1.362084660901228816e-01 6.431497496586253693e-01 2.154073736913973691e-01 5.234410559854347014e-03 0.000000000000000000e+00
2.025000000000000000e+05 8.100000263527680211e-01 1.407601274465179741e-01 6.346153846153845812e-01 2.206417842512516936e-01 3.982703686845699004e-03 0.000000000000000000e+00
2.050000000000000000e+05 8.200000266781108937e-01 1.714838416021848000e-01 5.780609922621756658e-01 2.419208010923987184e-01 8.534365043240782836e-03 0.000000000000000000e+00
2.075000000000000000e+05 8.300000270034537664e-01 1.754665452890304955e-01 5.636094674556213491e-01 2.579654073736913911e-01 2.958579881656804664e-03 0.000000000000000000e+00
2.100000000000000000e+05 8.400000273287966390e-01 1.702321347291761433e-01 5.570095584888484774e-01 2.687756030951297115e-01 3.982703686845699004e-03 0.000000000000000000e+00
2.125000000000000000e+05 8.500000276541392896e-01 1.696631770596267741e-01 5.555302685480200120e-01 2.710514337733272439e-01 3.755120619025944465e-03 0.000000000000000000e+00
2.150000000000000000e+05 8.600000279794821623e-01 1.704597177969958965e-01 5.414201183431952558e-01 2.835685025034137552e-01 4.551661356395083832e-03 0.000000000000000000e+00
2.175000000000000000e+05 8.700000283048250349e-01 1.652253072371415443e-01 5.380063723258989850e-01 2.922166590805644337e-01 4.551661356395083832e-03 0.000000000000000000e+00
2.200000000000000000e+05 8.800000286301679076e-01 1.726217569412835662e-01 5.781747837960855563e-01 2.441966317705962786e-01 5.006827492034592909e-03 0.000000000000000000e+00
2.225000000000000000e+05 8.900000289555105581e-01 1.824078288575330109e-01 5.723714155666818071e-01 2.363450159308147502e-01 8.875739644970414427e-03 0.000000000000000000e+00
2.250000000000000000e+05 9.000000292808534308e-01 1.859353664087392000e-01 5.670232134729176199e-01 2.383932635411925294e-01 8.648156577150659455e-03 0.000000000000000000e+00
2.275000000000000000e+05 9.100000296061963034e-01 1.873008648156577194e-01 5.703231679563040002e-01 2.354346836595357373e-01 6.941283568502503235e-03 0.000000000000000000e+00
2.300000000000000000e+05 9.200000299315391761e-01 1.956076467910787542e-01 6.291533909877105035e-01 1.672735548475193512e-01 7.965407373691398007e-03 0.000000000000000000e+00
2.325000000000000000e+05 9.300000302568818267e-01 1.896904870277651423e-01 6.246017296313154388e-01 1.785389167045971781e-01 7.168866636322257339e-03 0.000000000000000000e+00
2.350000000000000000e+05 9.400000305822246993e-01 1.923076923076923184e-01 6.618115612198451903e-01 1.387118798361401950e-01 7.168866636322257339e-03 0.000000000000000000e+00
2.375000000000000000e+05 9.500000309075675720e-01 1.910559854346836617e-01 6.901456531634045932e-01 1.140191169776968577e-01 4.779244424214838804e-03 0.000000000000000000e+00
2.400000000000000000e+05 9.600000312329104446e-01 1.395084205735093175e-01 8.173645880746472914e-01 4.107874374146563284e-02 2.048247610377787811e-03 0.000000000000000000e+00
2.425000000000000000e+05 9.700000315582530952e-01 1.391670459717797015e-01 8.212335002275830131e-01 3.823395539371871044e-02 1.365498406918525280e-03 0.000000000000000000e+00
2.450000000000000000e+05 9.800000318835959678e-01 1.379153390987710448e-01 8.247610377787892855e-01 3.595812471552116418e-02 1.365498406918525280e-03 0.000000000000000000e+00
2.475000000000000000e+05 9.900000322089388405e-01 1.398497951752389612e-01 8.241920801092398330e-01 3.436504324078288458e-02 1.593081474738279385e-03 0.000000000000000000e+00
2.500000000000000000e+05 1.000000032534281491e+00 1.412152935821574806e-01 8.277196176604461053e-01 2.901684114701866268e-02 2.048247610377787811e-03 0.000000000000000000e+00
