# itime ezz other fcc hcp bcc ico
0.000000000000000000e+00 0.000000000000000000e+00 0.000000000000000000e+00 1.000000000000000000e+00 0.000000000000000000e+00 0.000000000000000000e+00 0.000000000000000000e+00
8.000000000000000000e+03 1.999990447884458789e-03 0.000000000000000000e+00 1.000000000000000000e+00 0.000000000000000000e+00 0.000000000000000000e+00 0.000000000000000000e+00
1.600000000000000000e+04 3.999980895769139622e-03 0.000000000000000000e+00 1.000000000000000000e+00 0.000000000000000000e+00 0.000000000000000000e+00 0.000000000000000000e+00
2.400000000000000000e+04 5.999971343653598410e-03 0.000000000000000000e+00 1.000000000000000000e+00 0.000000000000000000e+00 0.000000000000000000e+00 0.000000000000000000e+00
3.200000000000000000e+04 7.999961791538279243e-03 0.000000000000000000e+00 1.000000000000000000e+00 0.000000000000000000e+00 0.000000000000000000e+00 0.000000000000000000e+00
4.000000000000000000e+04 9.999952239422738032e-03 0.000000000000000000e+00 1.000000000000000000e+00 0.000000000000000000e+00 0.000000000000000000e+00 0.000000000000000000e+00
4.800000000000000000e+04 1.199994268730741886e-02 0.000000000000000000e+00 1.000000000000000000e+00 0.000000000000000000e+00 0.000000000000000000e+00 0.000000000000000000e+00
5.600000000000000000e+04 1.399993313519187765e-02 0.000000000000000000e+00 1.000000000000000000e+00 0.000000000000000000e+00 0.000000000000000000e+00 0.000000000000000000e+00
6.400000000000000000e+04 1.599992358307655849e-02 0.000000000000000000e+00 1.000000000000000000e+00 0.000000000000000000e+00 0.000000000000000000e+00 0.000000000000000000e+00
7.200000000000000000e+04 1.799991403096101727e-02 0.000000000000000000e+00 1.000000000000000000e+00 0.000000000000000000e+00 0.000000000000000000e+00 0.000000000000000000e+00
8.000000000000000000e+04 1.999990447884569811e-02 0.000000000000000000e+00 1.000000000000000000e+00 0.000000000000000000e+00 0.000000000000000000e+00 0.000000000000000000e+00
8.800000000000000000e+04 2.199989492673015690e-02 0.000000000000000000e+00 1.000000000000000000e+00 0.000000000000000000e+00 0.000000000000000000e+00 0.000000000000000000e+00
9.600000000000000000e+04 2.399988537461483773e-02 0.000000000000000000e+00 1.000000000000000000e+00 0.000000000000000000e+00 0.000000000000000000e+00 0.000000000000000000e+00
1.040000000000000000e+05 2.599987582249929652e-02 0.000000000000000000e+00 1.000000000000000000e+00 0.000000000000000000e+00 0.000000000000000000e+00 0.000000000000000000e+00
1.120000000000000000e+05 2.799986627038397735e-02 0.000000000000000000e+00 1.000000000000000000e+00 0.000000000000000000e+00 0.000000000000000000e+00 0.000000000000000000e+00
1.200000000000000000e+05 2.999985671826843614e-02 0.000000000000000000e+00 1.000000000000000000e+00 0.000000000000000000e+00 0.000000000000000000e+00 0.000000000000000000e+00
1.280000000000000000e+05 3.199984716615311697e-02 0.000000000000000000e+00 1.000000000000000000e+00 0.000000000000000000e+00 0.000000000000000000e+00 0.000000000000000000e+00
1.360000000000000000e+05 3.399983761403757576e-02 0.000000000000000000e+00 1.000000000000000000e+00 0.000000000000000000e+00 0.000000000000000000e+00 0.000000000000000000e+00
1.440000000000000000e+05 3.599982806192225659e-02 0.000000000000000000e+00 1.000000000000000000e+00 0.000000000000000000e+00 0.000000000000000000e+00 0.000000000000000000e+00
1.520000000000000000e+05 3.799981850980671538e-02 0.000000000000000000e+00 1.000000000000000000e+00 0.000000000000000000e+00 0.000000000000000000e+00 0.000000000000000000e+00
1.600000000000000000e+05 3.999980895769139622e-02 0.000000000000000000e+00 1.000000000000000000e+00 0.000000000000000000e+00 0.000000000000000000e+00 0.000000000000000000e+00
1.680000000000000000e+05 4.199979940557585500e-02 0.000000000000000000e+00 1.000000000000000000e+00 0.000000000000000000e+00 0.000000000000000000e+00 0.000000000000000000e+00
1.760000000000000000e+05 4.399978985346053584e-02 0.000000000000000000e+00 1.000000000000000000e+00 0.000000000000000000e+00 0.000000000000000000e+00 0.000000000000000000e+00
1.840000000000000000e+05 4.599978030134499463e-02 0.000000000000000000e+00 1.000000000000000000e+00 0.000000000000000000e+00 0.000000000000000000e+00 0.000000000000000000e+00
1.920000000000000000e+05 4.799977074922967546e-02 0.000000000000000000e+00 1.000000000000000000e+00 0.000000000000000000e+00 0.000000000000000000e+00 0.000000000000000000e+00
2.000000000000000000e+05 4.999976119711413425e-02 0.000000000000000000e+00 1.000000000000000000e+00 0.000000000000000000e+00 0.000000000000000000e+00 0.000000000000000000e+00
2.080000000000000000e+05 5.199975164499881508e-02 0.000000000000000000e+00 1.000000000000000000e+00 0.000000000000000000e+00 0.000000000000000000e+00 0.000000000000000000e+00
2.160000000000000000e+05 5.399974209288327387e-02 0.000000000000000000e+00 1.000000000000000000e+00 0.000000000000000000e+00 0.000000000000000000e+00 0.000000000000000000e+00
2.240000000000000000e+05 5.599973254076795470e-02 0.000000000000000000e+00 1.000000000000000000e+00 0.000000000000000000e+00 0.000000000000000000e+00 0.000000000000000000e+00
2.320000000000000000e+05 5.799972298865241349e-02 0.000000000000000000e+00 1.000000000000000000e+00 0.000000000000000000e+00 0.000000000000000000e+00 0.000000000000000000e+00
2.400000000000000000e+05 5.999971343653709432e-02 0.000000000000000000e+00 1.000000000000000000e+00 0.000000000000000000e+00 0.000000000000000000e+00 0.000000000000000000e+00
2.480000000000000000e+05 6.199970388442155311e-02 0.000000000000000000e+00 1.000000000000000000e+00 0.000000000000000000e+00 0.000000000000000000e+00 0.000000000000000000e+00
2.560000000000000000e+05 6.399969433230623395e-02 0.000000000000000000e+00 1.000000000000000000e+00 0.000000000000000000e+00 0.000000000000000000e+00 0.000000000000000000e+00
2.640000000000000000e+05 6.599968478019069273e-02 0.000000000000000000e+00 1.000000000000000000e+00 0.000000000000000000e+00 0.000000000000000000e+00 0.000000000000000000e+00
2.720000000000000000e+05 6.799967522807537357e-02 0.000000000000000000e+00 1.000000000000000000e+00 0.000000000000000000e+00 0.000000000000000000e+00 0.000000000000000000e+00
2.800000000000000000e+05 6.999966567595983236e-02 0.000000000000000000e+00 1.000000000000000000e+00 0.000000000000000000e+00 0.000000000000000000e+00 0.000000000000000000e+00
2.880000000000000000e+05 7.199965612384451319e-02 0.000000000000000000e+00 1.000000000000000000e+00 0.000000000000000000e+00 0.000000000000000000e+00 0.000000000000000000e+00
2.960000000000000000e+05 7.399964657172897198e-02 0.000000000000000000e+00 1.000000000000000000e+00 0.000000000000000000e+00 0.000000000000000000e+00 0.000000000000000000e+00
3.040000000000000000e+05 7.599963701961365281e-02 0.000000000000000000e+00 1.000000000000000000e+00 0.000000000000000000e+00 0.000000000000000000e+00 0.000000000000000000e+00
3.120000000000000000e+05 7.799962746749811160e-02 1.137915339098770958e-03 9.988620846609012061e-01 0.000000000000000000e+00 0.000000000000000000e+00 0.000000000000000000e+00
3.200000000000000000e+05 7.999961791538279243e-02 1.024123805188893906e-03 9.989758761948110966e-01 0.000000000000000000e+00 0.000000000000000000e+00 0.000000000000000000e+00
3.280000000000000000e+05 8.199960836326725122e-02 3.413746017296313199e-04 9.996586253982703285e-01 0.000000000000000000e+00 0.000000000000000000e+00 0.000000000000000000e+00
3.360000000000000000e+05 8.399959881115193205e-02 7.965407373691396923e-04 9.992034592626308775e-01 0.000000000000000000e+00 0.000000000000000000e+00 0.000000000000000000e+00
3.440000000000000000e+05 8.599958925903639084e-02 3.413746017296313199e-04 9.996586253982703285e-01 0.000000000000000000e+00 0.000000000000000000e+00 0.000000000000000000e+00
3.520000000000000000e+05 8.799957970692107168e-02 7.965407373691396923e-04 9.990896677287209870e-01 0.000000000000000000e+00 1.137915339098771066e-04 0.000000000000000000e+00
3.600000000000000000e+05 8.999957015480553046e-02 2.048247610377787811e-03 9.979517523896221931e-01 0.000000000000000000e+00 0.000000000000000000e+00 0.000000000000000000e+00
3.680000000000000000e+05 9.199956060269021130e-02 1.706873008648156654e-03 9.982931269913518646e-01 0.000000000000000000e+00 0.000000000000000000e+00 0.000000000000000000e+00
3.760000000000000000e+05 9.399955105057467009e-02 2.503413746017296455e-03 9.974965862539827421e-01 0.000000000000000000e+00 0.000000000000000000e+00 0.000000000000000000e+00
3.840000000000000000e+05 9.599954149845935092e-02 9.103322712790168532e-04 9.990896677287209870e-01 0.000000000000000000e+00 0.000000000000000000e+00 0.000000000000000000e+00
3.920000000000000000e+05 9.799953194634380971e-02 1.479289940828402332e-03 9.982931269913518646e-01 0.000000000000000000e+00 2.275830678197542133e-04 0.000000000000000000e+00
4.000000000000000000e+05 9.999952239422849054e-02 2.048247610377787811e-03 9.978379608557123026e-01 0.000000000000000000e+00 1.137915339098771066e-04 0.000000000000000000e+00
4.080000000000000000e+05 1.019995128421129493e-01 4.210286754665453109e-03 9.955621301775148257e-01 0.000000000000000000e+00 2.275830678197542133e-04 0.000000000000000000e+00
4.160000000000000000e+05 1.039995032899976302e-01 5.803368229403732710e-03 9.938552571688666903e-01 0.000000000000000000e+00 3.413746017296313199e-04 0.000000000000000000e+00
4.240000000000000000e+05 1.059994937378820890e-01 6.599908966772872511e-03 9.930587164314974569e-01 0.000000000000000000e+00 3.413746017296313199e-04 0.000000000000000000e+00
4.320000000000000000e+05 1.079994841857667698e-01 4.449248975876194528e-02 6.787664997724169869e-01 2.727583067819754348e-01 3.982703686845699004e-03 0.000000000000000000e+00
4.400000000000000000e+05 1.099994746336512286e-01 4.574419663177059503e-02 6.784251251706873154e-01 2.724169321802457633e-01 3.413746017296313308e-03 0.000000000000000000e+00
4.480000000000000000e+05 1.119994650815359094e-01 4.631315430131998506e-02 6.768320436959490705e-01 2.725307237141556538e-01 4.324078288575329727e-03 0.000000000000000000e+00
4.560000000000000000e+05 1.139994555294203682e-01 4.494765589440145870e-02 6.781975421028675344e-01 2.734410559854346667e-01 3.413746017296313308e-03 0.000000000000000000e+00
4.640000000000000000e+05 1.159994459773050490e-01 4.802002730996814128e-02 6.766044606281292895e-01 2.730996813837050508e-01 2.275830678197541916e-03 0.000000000000000000e+00
4.720000000000000000e+05 1.179994364251895078e-01 4.597177969959034827e-02 6.769458352298588499e-01 2.726445152480655443e-01 4.437869822485207214e-03 0.000000000000000000e+00
4.800000000000000000e+05 1.199994268730741886e-01 5.143377332726445372e-02 6.739872553482021411e-01 2.710514337733272439e-01 3.527537551206190360e-03 0.000000000000000000e+00
4.880000000000000000e+05 1.219994173209586474e-01 4.961310878470642088e-02 6.756941283568502765e-01 2.710514337733272439e-01 3.641329085116067413e-03 0.000000000000000000e+00
4.960000000000000000e+05 1.239994077688433283e-01 6.178880291306326766e-02 6.662494310423304755e-01 2.672963131543013016e-01 4.665452890304961318e-03 0.000000000000000000e+00
5.040000000000000000e+05 1.259993982167277871e-01 4.517523896222121194e-02 7.687756030951297115e-01 1.837733272644515303e-01 2.275830678197541916e-03 0.000000000000000000e+00
5.120000000000000000e+05 1.279993886646124679e-01 4.267182521620391245e-02 7.699135184342285054e-01 1.834319526627218866e-01 3.982703686845699004e-03 0.000000000000000000e+00
5.200000000000000000e+05 1.299993791124969267e-01 4.164770141101502288e-02 7.711652253072371899e-01 1.827492034592626269e-01 4.437869822485207214e-03 0.000000000000000000e+00
5.280000000000000000e+05 1.319993695603816075e-01 4.233045061447428259e-02 7.699135184342285054e-01 1.841147018661811463e-01 3.641329085116067413e-03 0.000000000000000000e+00
5.360000000000000000e+05 1.339993600082660663e-01 4.733727810650887463e-02 7.713928083750568598e-01 1.775147928994082747e-01 3.755120619025944465e-03 0.000000000000000000e+00
5.440000000000000000e+05 1.359993504561507471e-01 4.688211197086936816e-02 7.717341829767865313e-01 1.774010013654984119e-01 3.982703686845699004e-03 0.000000000000000000e+00
5.520000000000000000e+05 1.379993409040352059e-01 4.722348657259899801e-02 7.687756030951297115e-01 1.810423304506144637e-01 2.958579881656804664e-03 0.000000000000000000e+00
5.600000000000000000e+05 1.399993313519198868e-01 4.927173418297678409e-02 7.690031861629494925e-01 1.786527082385070686e-01 3.072371415566681717e-03 0.000000000000000000e+00
5.680000000000000000e+05 1.419993217998043455e-01 5.302685480200273332e-02 7.606964041875284854e-01 1.830905780609922706e-01 3.186162949476558769e-03 0.000000000000000000e+00
5.760000000000000000e+05 1.439993122476890264e-01 5.097860719162494031e-02 7.608101957214383759e-01 1.846836595357305433e-01 3.527537551206190360e-03 0.000000000000000000e+00
5.840000000000000000e+05 1.459993026955734852e-01 5.291306326809285671e-02 7.608101957214383759e-01 1.833181611288120239e-01 2.958579881656804664e-03 0.000000000000000000e+00
5.920000000000000000e+05 1.479992931434581660e-01 5.723714155666818210e-02 7.558033682294037492e-01 1.846836595357305433e-01 2.275830678197541916e-03 0.000000000000000000e+00
6.000000000000000000e+05 1.499992835913426248e-01 5.564406008192990249e-02 7.545516613563950648e-01 1.868456986800182129e-01 2.958579881656804664e-03 0.000000000000000000e+00
6.080000000000000000e+05 1.519992740392273056e-01 6.167501137915339104e-02 7.512517068730086844e-01 1.852526172052799402e-01 1.820664542558033706e-03 0.000000000000000000e+00
6.160000000000000000e+05 1.539992644871117644e-01 5.917159763313609155e-02 7.507965407373691225e-01 1.868456986800182129e-01 3.186162949476558769e-03 0.000000000000000000e+00
6.240000000000000000e+05 1.559992549349964452e-01 6.281292671825215723e-02 7.476103777878926326e-01 1.868456986800182129e-01 2.730996813837050560e-03 0.000000000000000000e+00
6.320000000000000000e+05 1.579992453828809040e-01 6.247155211652252738e-02 7.456759217114247162e-01 1.875284478834774726e-01 4.324078288575329727e-03 0.000000000000000000e+00
6.400000000000000000e+05 1.599992358307655849e-01 6.190259444697314428e-02 7.449931725079653733e-01 1.910559854346836617e-01 2.048247610377787811e-03 0.000000000000000000e+00
6.480000000000000000e+05 1.619992262786500437e-01 6.167501137915339104e-02 7.449931725079653733e-01 1.904870277651342647e-01 2.844788347746927612e-03 0.000000000000000000e+00
6.560000000000000000e+05 1.639992167265347245e-01 6.372325898953118406e-02 7.427173418297678964e-01 1.915111515703231682e-01 2.048247610377787811e-03 0.000000000000000000e+00
6.640000000000000000e+05 1.659992071744191833e-01 6.156121984524351443e-02 7.436276741010469093e-01 1.913973600364132777e-01 3.413746017296313308e-03 0.000000000000000000e+00
6.720000000000000000e+05 1.679991976223038641e-01 5.143377332726445372e-02 7.899408284023669014e-01 1.564633591260810308e-01 2.162039144287664864e-03 0.000000000000000000e+00
6.800000000000000000e+05 1.699991880701883229e-01 3.766499772416932040e-02 7.997269003186162628e-01 1.602184797451069731e-01 2.389622212107419402e-03 0.000000000000000000e+00
6.880000000000000000e+05 1.719991785180730037e-01 3.812016385980882688e-02 7.964269458352298825e-01 1.636322257624032717e-01 1.820664542558033706e-03 0.000000000000000000e+00
6.960000000000000000e+05 1.739991689659574625e-01 4.016841147018661989e-02 7.919890760127445972e-01 1.647701411015020379e-01 3.072371415566681717e-03 0.000000000000000000e+00
7.040000000000000000e+05 1.759991594138421434e-01 4.221665908056440597e-02 7.932407828857532817e-01 1.632908511606736557e-01 1.251706873008648227e-03 0.000000000000000000e+00
7.120000000000000000e+05 1.779991498617266021e-01 4.107874374146563284e-02 7.944924897587619661e-01 1.628356850250341492e-01 1.593081474738279385e-03 0.000000000000000000e+00
7.200000000000000000e+05 1.799991403096112830e-01 4.153390987710514626e-02 7.924442421483841592e-01 1.639736003641329154e-01 2.048247610377787811e-03 0.000000000000000000e+00
7.280000000000000000e+05 1.819991307574957418e-01 4.221665908056440597e-02 7.843650432407829332e-01 1.713700500682749095e-01 2.048247610377787811e-03 0.000000000000000000e+00
7.360000000000000000e+05 1.839991212053804226e-01 4.267182521620391245e-02 7.814064633591261133e-01 1.736458807464724696e-01 2.275830678197541916e-03 0.000000000000000000e+00
7.440000000000000000e+05 1.859991116532648814e-01 4.540282203004096517e-02 7.798133818843877574e-01 1.717114246700045532e-01 3.072371415566681717e-03 0.000000000000000000e+00
7.520000000000000000e+05 1.879991021011495622e-01 4.483386436049158208e-02 7.770823850705507185e-01 1.748975876194810986e-01 3.186162949476558769e-03 0.000000000000000000e+00
7.600000000000000000e+05 1.899990925490340210e-01 4.733727810650887463e-02 7.693445607646790529e-01 1.805871643149749572e-01 2.730996813837050560e-03 0.000000000000000000e+00
7.680000000000000000e+05 1.919990829969187018e-01 4.745106964041875125e-02 8.029130632680928636e-01 1.490669094219390090e-01 5.689576695493854790e-04 0.000000000000000000e+00
7.760000000000000000e+05 1.939990734448031606e-01 4.790623577605826466e-02 8.018889394629039602e-01 1.499772416932180219e-01 2.275830678197542133e-04 0.000000000000000000e+00
7.840000000000000000e+05 1.959990638926878415e-01 4.574419663177059503e-02 8.053026854802002310e-01 1.482703686845698587e-01 6.827492034592626399e-04 0.000000000000000000e+00
7.920000000000000000e+05 1.979990543405723002e-01 5.120619025944470049e-02 7.901684114701865713e-01 1.578288575329995502e-01 7.965407373691396923e-04 0.000000000000000000e+00
8.000000000000000000e+05 1.999990447884569811e-01 5.416477014110149951e-02 7.802685480200273194e-01 1.644287664997724219e-01 1.137915339098770958e-03 0.000000000000000000e+00
8.080000000000000000e+05 2.019990352363414399e-01 5.564406008192990249e-02 7.715065999089667503e-01 1.713700500682749095e-01 1.479289940828402332e-03 0.000000000000000000e+00
8.160000000000000000e+05 2.039990256842261207e-01 5.700955848884842886e-02 7.695721438324988339e-01 1.718252162039144160e-01 1.593081474738279385e-03 0.000000000000000000e+00
8.240000000000000000e+05 2.059990161321105795e-01 6.076467910787437116e-02 7.619481110605370588e-01 1.758079198907601393e-01 1.479289940828402332e-03 0.000000000000000000e+00
8.320000000000000000e+05 2.079990065799952603e-01 5.985434683659535821e-02 7.616067364588074984e-01 1.769458352298589054e-01 1.593081474738279385e-03 0.000000000000000000e+00
8.400000000000000000e+05 2.099989970278797191e-01 6.247155211652252738e-02 7.565999089667728716e-01 1.789940828402366846e-01 1.934456076467910759e-03 0.000000000000000000e+00
8.480000000000000000e+05 2.119989874757643999e-01 6.156121984524351443e-02 7.518206645425580259e-01 1.840009103322712836e-01 2.617205279927173507e-03 0.000000000000000000e+00
8.560000000000000000e+05 2.139989779236488587e-01 6.360946745562130744e-02 7.476103777878926326e-01 1.866181156121984597e-01 2.162039144287664864e-03 0.000000000000000000e+00
8.640000000000000000e+05 2.159989683715335396e-01 6.816112881201638607e-02 7.297451069640418231e-01 1.976558944014565333e-01 4.437869822485207214e-03 0.000000000000000000e+00
8.720000000000000000e+05 2.179989588194179984e-01 6.986800182066454923e-02 7.243969048702776359e-01 2.006144742831133254e-01 5.120619025944469528e-03 0.000000000000000000e+00
8.800000000000000000e+05 2.199989492673026792e-01 7.771961766044606368e-02 6.816112881201638052e-01 2.329312699135184239e-01 7.737824305871643035e-03 0.000000000000000000e+00
8.880000000000000000e+05 2.219989397151871380e-01 8.670914883932635819e-02 6.601046882111970548e-01 2.444242148384160318e-01 8.761948111060537808e-03 0.000000000000000000e+00
8.960000000000000000e+05 2.239989301630718188e-01 9.046426945835230049e-02 6.557806099226217711e-01 2.473827947200728239e-01 6.372325898953117539e-03 0.000000000000000000e+00
9.040000000000000000e+05 2.259989206109562776e-01 8.898497951752389057e-02 6.512289485662267063e-01 2.507965407373691225e-01 8.989531178880291046e-03 0.000000000000000000e+00
9.120000000000000000e+05 2.279989110588409584e-01 9.205735093309057315e-02 6.425807919890760278e-01 2.565999089667728716e-01 8.761948111060537808e-03 0.000000000000000000e+00
9.200000000000000000e+05 2.299989015067254172e-01 9.023668639053254725e-02 6.462221210741920796e-01 2.539827036868457233e-01 9.558488848429677609e-03 0.000000000000000000e+00
9.280000000000000000e+05 2.319988919546100981e-01 9.592626308602640595e-02 6.345015930814746907e-01 2.601274465179790885e-01 9.444697314519799256e-03 0.000000000000000000e+00
9.360000000000000000e+05 2.339988824024945568e-01 9.433318161128811941e-02 6.354119253527537037e-01 2.600136549840691980e-01 1.024123805188893906e-02 0.000000000000000000e+00
9.440000000000000000e+05 2.359988728503792377e-01 9.547109695038688559e-02 6.330223031406463363e-01 2.620619025944469493e-01 9.444697314519799256e-03 0.000000000000000000e+00
9.520000000000000000e+05 2.379988632982636965e-01 9.615384615384615918e-02 6.433773327264451503e-01 2.546654528903049552e-01 5.803368229403732710e-03 0.000000000000000000e+00
9.600000000000000000e+05 2.399988537461483773e-01 1.069640418752844796e-01 6.160673645880746507e-01 2.691169776968593275e-01 7.851615839781519654e-03 0.000000000000000000e+00
9.680000000000000000e+05 2.419988441940328361e-01 1.076467910787437393e-01 6.141329085116067343e-01 2.703686845698680119e-01 7.851615839781519654e-03 0.000000000000000000e+00
9.760000000000000000e+05 2.439988346419175169e-01 1.107191624943104219e-01 6.046882111970869333e-01 2.775375512061902805e-01 7.055075102412380721e-03 0.000000000000000000e+00
9.840000000000000000e+05 2.459988250898019757e-01 1.087847064178425194e-01 6.034365043240782489e-01 2.795857988165680319e-01 8.192990441511151245e-03 0.000000000000000000e+00
9.920000000000000000e+05 2.479988155376866565e-01 1.140191169776968577e-01 5.979745106964041712e-01 2.793582157487483064e-01 8.648156577150659455e-03 0.000000000000000000e+00
1.000000000000000000e+06 2.499988059855711153e-01 1.100364132908511622e-01 5.984296768320437332e-01 2.842512517068729871e-01 7.282658170232134826e-03 0.000000000000000000e+00
1.008000000000000000e+06 2.519987964334557962e-01 1.118570778334091881e-01 5.955848884842968038e-01 2.834547109695038647e-01 9.103322712790167665e-03 0.000000000000000000e+00
1.016000000000000000e+06 2.539987868813402550e-01 1.228948566226672756e-01 5.405097860719162428e-01 3.235093309057806010e-01 1.308602639963586667e-02 0.000000000000000000e+00
1.024000000000000000e+06 2.559987773292249358e-01 1.260810195721438209e-01 5.372098315885298625e-01 3.302230314064633632e-01 6.486117432862995025e-03 0.000000000000000000e+00
1.032000000000000000e+06 2.579987677771093946e-01 1.264223941738734647e-01 5.417614929449249273e-01 3.232817478379608755e-01 8.534365043240782836e-03 0.000000000000000000e+00
1.040000000000000000e+06 2.599987582249940754e-01 1.241465634956759184e-01 5.383477469276285454e-01 3.270368684569868178e-01 1.046882111970869403e-02 0.000000000000000000e+00
1.048000000000000000e+06 2.619987486728785342e-01 1.272189349112426149e-01 5.402822030040964618e-01 3.238507055075102170e-01 8.648156577150659455e-03 0.000000000000000000e+00
1.056000000000000000e+06 2.639987391207632150e-01 1.284706417842512438e-01 5.332271279016841392e-01 3.290851160673645692e-01 9.217114246700046018e-03 0.000000000000000000e+00
1.064000000000000000e+06 2.659987295686476738e-01 1.309740555302685572e-01 5.340236686390532617e-01 3.248748293126991205e-01 1.012744651797906244e-02 0.000000000000000000e+00
1.072000000000000000e+06 2.679987200165323546e-01 1.292671825216203940e-01 5.351615839781520556e-01 3.244196631770596140e-01 1.115157032316795548e-02 0.000000000000000000e+00
1.080000000000000000e+06 2.699987104644168134e-01 1.463359126081019701e-01 5.327719617660445772e-01 3.065543923532089154e-01 1.433773327264451468e-02 0.000000000000000000e+00
1.088000000000000000e+06 2.719987009123014943e-01 1.446290395994538069e-01 5.307237141556667703e-01 3.097405553026854608e-01 1.490669094219390124e-02 0.000000000000000000e+00
1.096000000000000000e+06 2.739986913601859531e-01 1.758079198907601393e-01 4.807692307692307820e-01 3.252162039144287919e-01 1.820664542558033533e-02 0.000000000000000000e+00
1.104000000000000000e+06 2.759986818080706339e-01 1.552116522530723741e-01 4.804278561675011106e-01 3.529813381884387979e-01 1.137915339098771045e-02 0.000000000000000000e+00
1.112000000000000000e+06 2.779986722559550927e-01 1.597633136094674666e-01 4.849795175238962308e-01 3.428538916704597095e-01 1.240327719617660522e-02 0.000000000000000000e+00
1.120000000000000000e+06 2.799986627038397735e-01 1.611288120163859861e-01 4.871415566681838727e-01 3.412608101957214646e-01 1.046882111970869403e-02 0.000000000000000000e+00
1.128000000000000000e+06 2.819986531517242323e-01 1.607874374146563423e-01 4.853208921256258468e-01 3.435366408739189970e-01 1.035502958579881741e-02 0.000000000000000000e+00
1.136000000000000000e+06 2.839986435996089131e-01 1.637460172963131622e-01 4.883932635411925571e-01 3.389849795175238767e-01 8.875739644970414427e-03 0.000000000000000000e+00
1.144000000000000000e+06 2.859986340474933719e-01 1.665908056440600915e-01 4.919208010923987184e-01 3.314747382794719921e-01 1.001365498406918582e-02 0.000000000000000000e+00
1.152000000000000000e+06 2.879986244953780528e-01 1.637460172963131622e-01 4.923759672280382249e-01 3.322712790168411701e-01 1.160673645880746542e-02 0.000000000000000000e+00
1.160000000000000000e+06 2.899986149432625115e-01 1.663632225762403383e-01 4.921483841602184994e-01 3.315885298133818826e-01 9.899863450159307465e-03 0.000000000000000000e+00
1.168000000000000000e+06 2.919986053911471924e-01 1.710286754665452935e-01 4.870277651342740377e-01 3.315885298133818826e-01 1.035502958579881741e-02 0.000000000000000000e+00
1.176000000000000000e+06 2.939985958390316512e-01 1.682976786527082269e-01 4.885070550751023921e-01 3.324988620846608955e-01 1.069640418752844727e-02 0.000000000000000000e+00
1.184000000000000000e+06 2.959985862869163320e-01 1.711424670004551563e-01 4.878243058716431602e-01 3.312471552116522666e-01 9.786071916249430847e-03 0.000000000000000000e+00
1.192000000000000000e+06 2.979985767348007908e-01 1.692080109239872676e-01 4.866863905325443662e-01 3.348884842967683184e-01 9.217114246700046018e-03 0.000000000000000000e+00
1.200000000000000000e+06 2.999985671826854716e-01 1.708010923987255403e-01 4.855484751934456278e-01 3.334091943559399085e-01 1.024123805188893906e-02 0.000000000000000000e+00
1.208000000000000000e+06 3.019985576305699304e-01 1.752389622212107423e-01 4.861174328629949692e-01 3.268092853891670369e-01 1.183431952662721866e-02 0.000000000000000000e+00
1.216000000000000000e+06 3.039985480784546112e-01 1.805871643149749572e-01 4.852071005917159563e-01 3.196404187528447682e-01 1.456531634046426965e-02 0.000000000000000000e+00
1.224000000000000000e+06 3.059985385263390700e-01 1.883249886208466228e-01 4.825898953117888079e-01 3.152025489303595940e-01 1.388256713700500647e-02 0.000000000000000000e+00
1.232000000000000000e+06 3.079985289742237509e-01 2.034592626308602548e-01 4.782658170232134687e-01 3.012061902594446727e-01 1.706873008648156567e-02 0.000000000000000000e+00
1.240000000000000000e+06 3.099985194221082097e-01 1.981110605370960398e-01 4.796313154301319881e-01 3.086026399635867223e-01 1.365498406918525323e-02 0.000000000000000000e+00
1.248000000000000000e+06 3.119985098699928905e-01 2.031178880291306388e-01 4.743969048702776359e-01 3.079198907601274349e-01 1.456531634046426965e-02 0.000000000000000000e+00
1.256000000000000000e+06 3.139985003178773493e-01 2.030040964952207483e-01 4.684797451069640517e-01 3.128129267182521711e-01 1.570323167956303931e-02 0.000000000000000000e+00
1.264000000000000000e+06 3.159984907657620301e-01 2.071005917159763343e-01 4.633591260810195900e-01 3.104233045061447482e-01 1.911697769685935522e-02 0.000000000000000000e+00
1.272000000000000000e+06 3.179984812136464889e-01 2.098315885298133732e-01 4.609695038689121671e-01 3.119025944469731582e-01 1.729631315430131891e-02 0.000000000000000000e+00
1.280000000000000000e+06 3.199984716615311697e-01 2.236003641329085134e-01 4.683659535730541612e-01 2.936959490213927881e-01 1.433773327264451468e-02 0.000000000000000000e+00
1.288000000000000000e+06 3.219984621094156285e-01 2.276968593536640995e-01 4.606281292671824956e-01 2.948338643604915821e-01 1.684114701866181243e-02 0.000000000000000000e+00
1.296000000000000000e+06 3.239984525573003094e-01 2.271279016841147025e-01 4.635867091488393155e-01 2.885753299954483264e-01 2.071005917159763482e-02 0.000000000000000000e+00
1.304000000000000000e+06 3.259984430051847681e-01 2.150659990896677254e-01 4.770141101502048397e-01 2.991579426490669213e-01 8.761948111060537808e-03 0.000000000000000000e+00
1.312000000000000000e+06 3.279984334530694490e-01 2.159763313609467383e-01 4.728038233955393910e-01 3.006372325898953313e-01 1.058261265361857065e-02 0.000000000000000000e+00
1.320000000000000000e+06 3.299984239009539078e-01 2.259899863450159363e-01 4.703004096495220776e-01 2.943786982248520756e-01 9.330905780609922637e-03 0.000000000000000000e+00
1.328000000000000000e+06 3.319984143488385886e-01 2.216659080564405970e-01 4.935138825671370189e-01 2.753755120619025831e-01 9.444697314519799256e-03 0.000000000000000000e+00
1.336000000000000000e+06 3.339984047967230474e-01 2.209831588529813373e-01 4.914656349567592120e-01 2.775375512061902805e-01 1.001365498406918582e-02 0.000000000000000000e+00
1.344000000000000000e+06 3.359983952446077282e-01 2.256486117432862926e-01 4.918070095584888279e-01 2.723031406463359283e-01 1.024123805188893906e-02 0.000000000000000000e+00
1.352000000000000000e+06 3.379983856924921870e-01 1.635184342284934089e-01 7.061902594446972659e-01 1.253982703686845612e-01 4.893035958124715423e-03 0.000000000000000000e+00
1.360000000000000000e+06 3.399983761403768678e-01 1.645425580336822846e-01 7.020937642239417631e-01 1.300637232589895442e-01 3.299954483386436255e-03 0.000000000000000000e+00
1.368000000000000000e+06 3.419983665882613266e-01 1.596495220755575761e-01 7.033454710969503365e-01 1.323395539371870766e-01 4.665452890304961318e-03 0.000000000000000000e+00
1.376000000000000000e+06 3.439983570361460075e-01 1.642011834319526686e-01 7.024351388256713236e-01 1.291533909877105035e-01 4.210286754665453109e-03 0.000000000000000000e+00
1.384000000000000000e+06 3.459983474840304662e-01 1.596495220755575761e-01 7.038006372325898985e-01 1.315430131998179264e-01 5.006827492034592909e-03 0.000000000000000000e+00
1.392000000000000000e+06 3.479983379319151471e-01 1.591943559399180697e-01 7.138142922166590409e-01 1.232362312243969055e-01 3.755120619025944465e-03 0.000000000000000000e+00
1.400000000000000000e+06 3.499983283797996059e-01 1.612426035502958488e-01 7.143832498862084934e-01 1.208466090122894826e-01 3.527537551206190360e-03 0.000000000000000000e+00
1.408000000000000000e+06 3.519983188276842867e-01 1.591943559399180697e-01 7.108557123350022211e-01 1.247155211652253015e-01 5.234410559854347014e-03 0.000000000000000000e+00
1.416000000000000000e+06 3.539983092755687455e-01 1.527082385070550885e-01 7.114246700045516736e-01 1.314292216659080637e-01 4.437869822485207214e-03 0.000000000000000000e+00
1.424000000000000000e+06 3.559982997234534263e-01 1.580564406008193035e-01 7.096040054619936477e-01 1.282430587164314906e-01 4.096495220755575623e-03 0.000000000000000000e+00
1.432000000000000000e+06 3.579982901713378851e-01 1.550978607191624836e-01 7.262175694128356618e-01 1.167501137915339104e-01 1.934456076467910759e-03 0.000000000000000000e+00
1.440000000000000000e+06 3.599982806192225659e-01 1.544151115157032239e-01 7.177969959035047642e-01 1.255120619025944517e-01 2.275830678197541916e-03 0.000000000000000000e+00
1.448000000000000000e+06 3.619982710671070247e-01 1.547564861174328676e-01 7.190487027765134487e-01 1.239189804278561652e-01 2.275830678197541916e-03 0.000000000000000000e+00
1.456000000000000000e+06 3.639982615149917056e-01 1.549840691852526209e-01 7.168866636322257513e-01 1.253982703686845612e-01 2.730996813837050560e-03 0.000000000000000000e+00
1.464000000000000000e+06 3.659982519628761644e-01 1.549840691852526209e-01 7.196176604460627901e-01 1.231224396904870289e-01 2.275830678197541916e-03 0.000000000000000000e+00
1.472000000000000000e+06 3.679982424107608452e-01 1.546426945835229771e-01 7.140418752844788219e-01 1.290395994538006408e-01 2.275830678197541916e-03 0.000000000000000000e+00
1.480000000000000000e+06 3.699982328586453040e-01 1.562357760582612776e-01 7.170004551661356418e-01 1.236913973600364119e-01 3.072371415566681717e-03 0.000000000000000000e+00
1.488000000000000000e+06 3.719982233065299848e-01 1.573736913973600438e-01 7.148384160218479444e-01 1.261948111060537114e-01 1.593081474738279385e-03 0.000000000000000000e+00
1.496000000000000000e+06 3.739982137544144436e-01 1.564633591260810308e-01 7.101729631315429891e-01 1.294947655894401473e-01 3.868912152935821518e-03 0.000000000000000000e+00
1.504000000000000000e+06 3.759982042022991244e-01 1.516841147018661851e-01 7.125625853436504675e-01 1.308602639963586667e-01 4.893035958124715423e-03 0.000000000000000000e+00
1.512000000000000000e+06 3.779981946501835832e-01 1.538461538461538547e-01 7.115384615384615641e-01 1.297223486572599005e-01 4.893035958124715423e-03 0.000000000000000000e+00
1.520000000000000000e+06 3.799981850980682641e-01 1.557806099226217433e-01 7.119936276741010150e-01 1.279016841147018746e-01 4.324078288575329727e-03 0.000000000000000000e+00
1.528000000000000000e+06 3.819981755459527228e-01 1.634046426945835184e-01 6.880974055530268974e-01 1.451979972690031762e-01 3.299954483386436255e-03 0.000000000000000000e+00
1.536000000000000000e+06 3.839981659938374037e-01 1.628356850250341492e-01 6.911697769685934967e-01 1.424670004551661373e-01 3.527537551206190360e-03 0.000000000000000000e+00
1.544000000000000000e+06 3.859981564417218625e-01 1.646563495675921751e-01 6.913973600364132777e-01 1.415566681838871244e-01 2.389622212107419402e-03 0.000000000000000000e+00
1.552000000000000000e+06 3.879981468896065433e-01 1.648839326354119283e-01 6.836595357305416121e-01 1.480427856167501055e-01 3.413746017296313308e-03 0.000000000000000000e+00
1.560000000000000000e+06 3.899981373374912241e-01 1.648839326354119283e-01 6.811561219845243542e-01 1.510013654984069253e-01 2.958579881656804664e-03 0.000000000000000000e+00
1.568000000000000000e+06 3.919981277853756829e-01 1.686390532544378706e-01 6.766044606281292895e-01 1.516841147018661851e-01 3.072371415566681717e-03 0.000000000000000000e+00
1.576000000000000000e+06 3.939981182332599197e-01 1.710286754665452935e-01 6.622667273554847522e-01 1.644287664997724219e-01 2.275830678197541916e-03 0.000000000000000000e+00
1.584000000000000000e+06 3.959981086811448225e-01 1.733045061447428259e-01 6.606736458807465073e-01 1.640873918980427781e-01 1.934456076467910759e-03 0.000000000000000000e+00
1.592000000000000000e+06 3.979980991290295034e-01 1.718252162039144160e-01 6.599908966772871644e-01 1.655666818388711881e-01 2.617205279927173507e-03 0.000000000000000000e+00
1.600000000000000000e+06 3.999980895769139622e-01 1.751251706873008518e-01 6.574874829312699065e-01 1.648839326354119283e-01 2.503413746017296455e-03 0.000000000000000000e+00
1.608000000000000000e+06 4.019980800247981989e-01 1.784251251706872876e-01 6.540737369139736357e-01 1.649977241693217911e-01 2.503413746017296455e-03 0.000000000000000000e+00
1.616000000000000000e+06 4.039980704726831018e-01 1.780837505689576716e-01 6.545289030496130867e-01 1.653390987710514348e-01 2.048247610377787811e-03 0.000000000000000000e+00
1.624000000000000000e+06 4.059980609205677826e-01 1.845698680018206528e-01 6.513427401001365968e-01 1.610150204824760956e-01 3.072371415566681717e-03 0.000000000000000000e+00
1.632000000000000000e+06 4.079980513684522414e-01 1.853664087391898030e-01 6.527082385070550608e-01 1.582840236686390567e-01 3.641329085116067413e-03 0.000000000000000000e+00
1.640000000000000000e+06 4.099980418163364781e-01 1.643149749658625314e-01 7.239417387346381849e-01 1.092398725534820259e-01 2.503413746017296455e-03 0.000000000000000000e+00
1.648000000000000000e+06 4.119980322642213810e-01 1.621529358215748617e-01 7.230314064633591720e-01 1.116294947655894348e-01 3.186162949476558769e-03 0.000000000000000000e+00
1.656000000000000000e+06 4.139980227121060619e-01 1.655666818388711881e-01 7.241693218024578549e-01 1.082157487482931224e-01 2.048247610377787811e-03 0.000000000000000000e+00
1.664000000000000000e+06 4.159980131599905206e-01 1.651115157032316816e-01 7.228038233955393910e-01 1.099226217569412856e-01 2.162039144287664864e-03 0.000000000000000000e+00
1.672000000000000000e+06 4.179980036078747574e-01 1.661356395084205850e-01 7.225762403277196100e-01 1.091260810195721492e-01 2.162039144287664864e-03 0.000000000000000000e+00
1.680000000000000000e+06 4.199979940557596603e-01 1.620391442876649990e-01 7.236003641329085134e-01 1.111743286299499284e-01 3.186162949476558769e-03 0.000000000000000000e+00
1.688000000000000000e+06 4.219979845036443411e-01 1.648839326354119283e-01 7.254210286754665393e-01 1.078743741465634925e-01 1.820664542558033706e-03 0.000000000000000000e+00
1.696000000000000000e+06 4.239979749515287999e-01 1.644287664997724219e-01 7.237141556668184039e-01 1.090122894856622726e-01 2.844788347746927612e-03 0.000000000000000000e+00
1.704000000000000000e+06 4.259979653994130366e-01 1.660218479745106945e-01 7.172280382339554228e-01 1.141329085116067343e-01 2.617205279927173507e-03 0.000000000000000000e+00
1.712000000000000000e+06 4.279979558472979395e-01 1.669321802457897075e-01 7.187073281747837772e-01 1.118570778334091881e-01 2.503413746017296455e-03 0.000000000000000000e+00
1.720000000000000000e+06 4.299979462951826203e-01 1.676149294492489672e-01 7.157487482931269573e-01 1.148156577150659940e-01 1.820664542558033706e-03 0.000000000000000000e+00
1.728000000000000000e+06 4.319979367430670791e-01 1.645425580336822846e-01 7.187073281747837772e-01 1.145880746472462408e-01 2.162039144287664864e-03 0.000000000000000000e+00
1.736000000000000000e+06 4.339979271909513159e-01 1.695493855257168836e-01 7.151797906235776159e-01 1.129949931725079681e-01 2.275830678197541916e-03 0.000000000000000000e+00
1.744000000000000000e+06 4.359979176388362188e-01 1.710286754665452935e-01 7.077833409194356218e-01 1.169776968593536637e-01 4.210286754665453109e-03 0.000000000000000000e+00
1.752000000000000000e+06 4.379979080867208996e-01 1.717114246700045532e-01 6.987938097405552718e-01 1.274465179790623681e-01 2.048247610377787811e-03 0.000000000000000000e+00
1.760000000000000000e+06 4.399978985346053584e-01 1.760355029585798925e-01 6.832043695949021611e-01 1.379153390987710448e-01 2.844788347746927612e-03 0.000000000000000000e+00
1.768000000000000000e+06 4.419978889824895951e-01 1.811561219845243542e-01 6.797906235776057793e-01 1.371187983614019223e-01 1.934456076467910759e-03 0.000000000000000000e+00
1.776000000000000000e+06 4.439978794303744980e-01 1.774010013654984119e-01 6.825216203914429292e-01 1.378015475648611821e-01 2.275830678197541916e-03 0.000000000000000000e+00
1.784000000000000000e+06 4.459978698782591788e-01 1.786527082385070686e-01 6.787664997724169869e-01 1.401911697769686049e-01 2.389622212107419402e-03 0.000000000000000000e+00
1.792000000000000000e+06 4.479978603261436376e-01 1.796768320436959443e-01 6.800182066454255603e-01 1.383705052344105513e-01 1.934456076467910759e-03 0.000000000000000000e+00
1.800000000000000000e+06 4.499978507740278744e-01 1.779699590350477811e-01 6.807009558488847922e-01 1.399635867091488517e-01 1.365498406918525280e-03 0.000000000000000000e+00
1.808000000000000000e+06 4.519978412219127772e-01 1.838871187983613931e-01 6.754665452890304955e-01 1.392808375056895642e-01 1.365498406918525280e-03 0.000000000000000000e+00
1.816000000000000000e+06 4.539978316697974581e-01 1.887801547564861293e-01 6.873008648156576639e-01 1.207328174783796060e-01 3.186162949476558769e-03 0.000000000000000000e+00
