# itime ezz other fcc hcp bcc ico
0.000000000000000000e+00 0.000000000000000000e+00 0.000000000000000000e+00 1.000000000000000000e+00 0.000000000000000000e+00 0.000000000000000000e+00 0.000000000000000000e+00
4.000000000000000000e+04 1.000002902459407039e-02 0.000000000000000000e+00 1.000000000000000000e+00 0.000000000000000000e+00 0.000000000000000000e+00 0.000000000000000000e+00
8.000000000000000000e+04 2.000005804918814079e-02 0.000000000000000000e+00 1.000000000000000000e+00 0.000000000000000000e+00 0.000000000000000000e+00 0.000000000000000000e+00
1.200000000000000000e+05 3.000008707378198913e-02 0.000000000000000000e+00 1.000000000000000000e+00 0.000000000000000000e+00 0.000000000000000000e+00 0.000000000000000000e+00
1.600000000000000000e+05 4.000011609837605953e-02 0.000000000000000000e+00 1.000000000000000000e+00 0.000000000000000000e+00 0.000000000000000000e+00 0.000000000000000000e+00
2.000000000000000000e+05 5.000014512297012992e-02 0.000000000000000000e+00 1.000000000000000000e+00 0.000000000000000000e+00 0.000000000000000000e+00 0.000000000000000000e+00
2.400000000000000000e+05 6.000017414756420031e-02 0.000000000000000000e+00 1.000000000000000000e+00 0.000000000000000000e+00 0.000000000000000000e+00 0.000000000000000000e+00
2.800000000000000000e+05 7.000020317215827070e-02 0.000000000000000000e+00 1.000000000000000000e+00 0.000000000000000000e+00 0.000000000000000000e+00 0.000000000000000000e+00
3.200000000000000000e+05 8.000023219675234110e-02 7.965407373691396923e-04 9.992034592626308775e-01 0.000000000000000000e+00 0.000000000000000000e+00 0.000000000000000000e+00
3.600000000000000000e+05 9.000026122134618944e-02 4.551661356395084266e-04 9.995448338643604380e-01 0.000000000000000000e+00 0.000000000000000000e+00 0.000000000000000000e+00
4.000000000000000000e+05 1.000002902459402598e-01 2.162039144287664864e-03 9.978379608557123026e-01 0.000000000000000000e+00 0.000000000000000000e+00 0.000000000000000000e+00
4.400000000000000000e+05 1.100003192705343302e-01 3.948566226672735324e-02 7.734410559854346667e-01 1.821802457897132577e-01 4.893035958124715423e-03 0.000000000000000000e+00
4.800000000000000000e+05 1.200003482951284006e-01 3.948566226672735324e-02 7.753755120619025831e-01 1.810423304506144637e-01 4.096495220755575623e-03 0.000000000000000000e+00
5.200000000000000000e+05 1.300003773197224710e-01 3.243058716431497512e-02 7.851615839781520556e-01 1.794492489758761911e-01 2.958579881656804664e-03 0.000000000000000000e+00
5.600000000000000000e+05 1.400004063443165414e-01 3.538916704597178109e-02 7.828857532999544677e-01 1.780837505689576716e-01 3.641329085116067413e-03 0.000000000000000000e+00
6.000000000000000000e+05 1.500004353689103898e-01 3.732362312243969055e-02 7.818616294947655643e-01 1.762630860263996457e-01 4.551661356395083832e-03 0.000000000000000000e+00
6.400000000000000000e+05 1.600004643935044601e-01 4.119253527537550946e-02 7.782203004096495125e-01 1.766044606281292617e-01 3.982703686845699004e-03 0.000000000000000000e+00
6.800000000000000000e+05 1.700004934180985305e-01 4.517523896222121194e-02 7.773099681383704995e-01 1.764906690942193990e-01 1.024123805188893906e-03 0.000000000000000000e+00
7.200000000000000000e+05 1.800005224426926009e-01 6.372325898953118406e-02 7.593309057806099105e-01 1.721665908056440597e-01 4.779244424214838804e-03 0.000000000000000000e+00
7.600000000000000000e+05 1.900005514672866713e-01 6.144742831133363781e-02 7.613791533909877174e-01 1.734182976786527164e-01 3.755120619025944465e-03 0.000000000000000000e+00
8.000000000000000000e+05 2.000005804918807417e-01 7.180245789713245175e-02 7.521620391442876974e-01 1.721665908056440597e-01 3.868912152935821518e-03 0.000000000000000000e+00
8.400000000000000000e+05 2.100006095164745901e-01 4.244424214838415921e-02 8.111060537096039802e-01 1.464497041420118328e-01 0.000000000000000000e+00 0.000000000000000000e+00
8.800000000000000000e+05 2.200006385410686605e-01 4.233045061447428259e-02 8.112198452435138707e-01 1.464497041420118328e-01 0.000000000000000000e+00 0.000000000000000000e+00
9.200000000000000000e+05 2.300006675656627309e-01 4.324078288575330248e-02 8.104233045061447482e-01 1.463359126081019701e-01 0.000000000000000000e+00 0.000000000000000000e+00
9.600000000000000000e+05 2.400006965902568012e-01 6.269913518434228061e-02 7.595584888484296915e-01 1.754665452890304955e-01 2.275830678197541916e-03 0.000000000000000000e+00
1.000000000000000000e+06 2.500007256148508716e-01 7.157487482931269851e-02 7.472690031861629611e-01 1.787664997724169313e-01 2.389622212107419402e-03 0.000000000000000000e+00
1.040000000000000000e+06 2.600007546394449420e-01 7.749203459262631044e-02 7.283796085571233592e-01 1.911697769685935244e-01 2.958579881656804664e-03 0.000000000000000000e+00
1.080000000000000000e+06 2.700007836640387904e-01 9.456076467910787264e-02 6.912835685025033872e-01 2.097177969959035104e-01 4.437869822485207214e-03 0.000000000000000000e+00
1.120000000000000000e+06 2.800008126886328608e-01 1.636322257624032717e-01 5.925125170687300935e-01 2.357760582612653533e-01 8.079198907601274626e-03 0.000000000000000000e+00
1.160000000000000000e+06 2.900008417132269312e-01 1.794492489758761911e-01 5.703231679563040002e-01 2.416932180245789652e-01 8.534365043240782836e-03 0.000000000000000000e+00
1.200000000000000000e+06 3.000008707378210016e-01 1.437187073281747940e-01 6.766044606281292895e-01 1.745562130177514826e-01 5.120619025944469528e-03 0.000000000000000000e+00
1.240000000000000000e+06 3.100008997624150719e-01 1.421256258534364936e-01 6.737596722803823601e-01 1.781975421028675344e-01 5.917159763313609329e-03 0.000000000000000000e+00
1.280000000000000000e+06 3.200009287870091423e-01 1.381429221665907980e-01 6.919663177059627301e-01 1.622667273554847522e-01 7.624032771961766417e-03 0.000000000000000000e+00
1.320000000000000000e+06 3.300009578116029907e-01 1.446290395994538069e-01 6.840009103322712836e-01 1.645425580336822846e-01 6.827492034592626616e-03 0.000000000000000000e+00
1.360000000000000000e+06 3.400009868361970611e-01 1.510013654984069253e-01 6.032089212562585789e-01 2.386208466090122826e-01 7.168866636322257339e-03 0.000000000000000000e+00
1.400000000000000000e+06 3.500010158607911315e-01 1.487255348202093652e-01 6.143604915794265153e-01 2.287209831588529751e-01 8.192990441511151245e-03 0.000000000000000000e+00
1.440000000000000000e+06 3.600010448853852019e-01 1.609012289485662328e-01 6.151570323167956378e-01 2.159763313609467383e-01 7.965407373691398007e-03 0.000000000000000000e+00
