# itime ezz other fcc hcp bcc ico
0.000000000000000000e+00 0.000000000000000000e+00 0.000000000000000000e+00 1.000000000000000000e+00 0.000000000000000000e+00 0.000000000000000000e+00 0.000000000000000000e+00
4.000000000000000000e+03 9.999708587136169058e-04 0.000000000000000000e+00 1.000000000000000000e+00 0.000000000000000000e+00 0.000000000000000000e+00 0.000000000000000000e+00
8.000000000000000000e+03 1.999941717427233812e-03 0.000000000000000000e+00 1.000000000000000000e+00 0.000000000000000000e+00 0.000000000000000000e+00 0.000000000000000000e+00
1.200000000000000000e+04 2.999912576140850717e-03 0.000000000000000000e+00 1.000000000000000000e+00 0.000000000000000000e+00 0.000000000000000000e+00 0.000000000000000000e+00
1.600000000000000000e+04 3.999883434854467623e-03 0.000000000000000000e+00 1.000000000000000000e+00 0.000000000000000000e+00 0.000000000000000000e+00 0.000000000000000000e+00
2.000000000000000000e+04 4.999854293568084529e-03 0.000000000000000000e+00 1.000000000000000000e+00 0.000000000000000000e+00 0.000000000000000000e+00 0.000000000000000000e+00
2.400000000000000000e+04 5.999825152281701435e-03 0.000000000000000000e+00 1.000000000000000000e+00 0.000000000000000000e+00 0.000000000000000000e+00 0.000000000000000000e+00
2.800000000000000000e+04 6.999796010995318341e-03 0.000000000000000000e+00 1.000000000000000000e+00 0.000000000000000000e+00 0.000000000000000000e+00 0.000000000000000000e+00
3.200000000000000000e+04 7.999766869708713202e-03 0.000000000000000000e+00 1.000000000000000000e+00 0.000000000000000000e+00 0.000000000000000000e+00 0.000000000000000000e+00
3.600000000000000000e+04 8.999737728422330107e-03 0.000000000000000000e+00 1.000000000000000000e+00 0.000000000000000000e+00 0.000000000000000000e+00 0.000000000000000000e+00
4.000000000000000000e+04 9.999708587135947013e-03 0.000000000000000000e+00 1.000000000000000000e+00 0.000000000000000000e+00 0.000000000000000000e+00 0.000000000000000000e+00
4.400000000000000000e+04 1.099967944584956392e-02 0.000000000000000000e+00 1.000000000000000000e+00 0.000000000000000000e+00 0.000000000000000000e+00 0.000000000000000000e+00
4.800000000000000000e+04 1.199965030456318082e-02 0.000000000000000000e+00 1.000000000000000000e+00 0.000000000000000000e+00 0.000000000000000000e+00 0.000000000000000000e+00
5.200000000000000000e+04 1.299962116327679773e-02 0.000000000000000000e+00 1.000000000000000000e+00 0.000000000000000000e+00 0.000000000000000000e+00 0.000000000000000000e+00
5.600000000000000000e+04 1.399959202199041464e-02 0.000000000000000000e+00 1.000000000000000000e+00 0.000000000000000000e+00 0.000000000000000000e+00 0.000000000000000000e+00
6.000000000000000000e+04 1.499956288070403154e-02 0.000000000000000000e+00 1.000000000000000000e+00 0.000000000000000000e+00 0.000000000000000000e+00 0.000000000000000000e+00
6.400000000000000000e+04 1.599953373941764845e-02 0.000000000000000000e+00 1.000000000000000000e+00 0.000000000000000000e+00 0.000000000000000000e+00 0.000000000000000000e+00
6.800000000000000000e+04 1.699950459813126535e-02 0.000000000000000000e+00 1.000000000000000000e+00 0.000000000000000000e+00 0.000000000000000000e+00 0.000000000000000000e+00
7.200000000000000000e+04 1.799947545684488226e-02 0.000000000000000000e+00 1.000000000000000000e+00 0.000000000000000000e+00 0.000000000000000000e+00 0.000000000000000000e+00
7.600000000000000000e+04 1.899944631555849917e-02 0.000000000000000000e+00 1.000000000000000000e+00 0.000000000000000000e+00 0.000000000000000000e+00 0.000000000000000000e+00
8.000000000000000000e+04 1.999941717427211607e-02 0.000000000000000000e+00 1.000000000000000000e+00 0.000000000000000000e+00 0.000000000000000000e+00 0.000000000000000000e+00
8.400000000000000000e+04 2.099938803298573298e-02 0.000000000000000000e+00 1.000000000000000000e+00 0.000000000000000000e+00 0.000000000000000000e+00 0.000000000000000000e+00
8.800000000000000000e+04 2.199935889169934988e-02 0.000000000000000000e+00 1.000000000000000000e+00 0.000000000000000000e+00 0.000000000000000000e+00 0.000000000000000000e+00
9.200000000000000000e+04 2.299932975041274474e-02 0.000000000000000000e+00 1.000000000000000000e+00 0.000000000000000000e+00 0.000000000000000000e+00 0.000000000000000000e+00
9.600000000000000000e+04 2.399930060912636165e-02 0.000000000000000000e+00 1.000000000000000000e+00 0.000000000000000000e+00 0.000000000000000000e+00 0.000000000000000000e+00
1.000000000000000000e+05 2.499927146783997856e-02 0.000000000000000000e+00 1.000000000000000000e+00 0.000000000000000000e+00 0.000000000000000000e+00 0.000000000000000000e+00
1.040000000000000000e+05 2.599924232655359546e-02 0.000000000000000000e+00 1.000000000000000000e+00 0.000000000000000000e+00 0.000000000000000000e+00 0.000000000000000000e+00
1.080000000000000000e+05 2.699921318526721237e-02 0.000000000000000000e+00 1.000000000000000000e+00 0.000000000000000000e+00 0.000000000000000000e+00 0.000000000000000000e+00
1.120000000000000000e+05 2.799918404398082927e-02 0.000000000000000000e+00 1.000000000000000000e+00 0.000000000000000000e+00 0.000000000000000000e+00 0.000000000000000000e+00
1.160000000000000000e+05 2.899915490269444618e-02 0.000000000000000000e+00 1.000000000000000000e+00 0.000000000000000000e+00 0.000000000000000000e+00 0.000000000000000000e+00
1.200000000000000000e+05 2.999912576140806308e-02 0.000000000000000000e+00 1.000000000000000000e+00 0.000000000000000000e+00 0.000000000000000000e+00 0.000000000000000000e+00
1.240000000000000000e+05 3.099909662012167999e-02 0.000000000000000000e+00 1.000000000000000000e+00 0.000000000000000000e+00 0.000000000000000000e+00 0.000000000000000000e+00
1.280000000000000000e+05 3.199906747883529690e-02 0.000000000000000000e+00 1.000000000000000000e+00 0.000000000000000000e+00 0.000000000000000000e+00 0.000000000000000000e+00
1.320000000000000000e+05 3.299903833754891380e-02 0.000000000000000000e+00 1.000000000000000000e+00 0.000000000000000000e+00 0.000000000000000000e+00 0.000000000000000000e+00
1.360000000000000000e+05 3.399900919626253071e-02 0.000000000000000000e+00 1.000000000000000000e+00 0.000000000000000000e+00 0.000000000000000000e+00 0.000000000000000000e+00
1.400000000000000000e+05 3.499898005497614761e-02 0.000000000000000000e+00 1.000000000000000000e+00 0.000000000000000000e+00 0.000000000000000000e+00 0.000000000000000000e+00
1.440000000000000000e+05 3.599895091368976452e-02 0.000000000000000000e+00 1.000000000000000000e+00 0.000000000000000000e+00 0.000000000000000000e+00 0.000000000000000000e+00
1.480000000000000000e+05 3.699892177240338142e-02 0.000000000000000000e+00 1.000000000000000000e+00 0.000000000000000000e+00 0.000000000000000000e+00 0.000000000000000000e+00
1.520000000000000000e+05 3.799889263111677629e-02 0.000000000000000000e+00 1.000000000000000000e+00 0.000000000000000000e+00 0.000000000000000000e+00 0.000000000000000000e+00
1.560000000000000000e+05 3.899886348983039319e-02 0.000000000000000000e+00 1.000000000000000000e+00 0.000000000000000000e+00 0.000000000000000000e+00 0.000000000000000000e+00
1.600000000000000000e+05 3.999883434854401010e-02 0.000000000000000000e+00 1.000000000000000000e+00 0.000000000000000000e+00 0.000000000000000000e+00 0.000000000000000000e+00
1.640000000000000000e+05 4.099880520725762700e-02 0.000000000000000000e+00 1.000000000000000000e+00 0.000000000000000000e+00 0.000000000000000000e+00 0.000000000000000000e+00
1.680000000000000000e+05 4.199877606597124391e-02 0.000000000000000000e+00 1.000000000000000000e+00 0.000000000000000000e+00 0.000000000000000000e+00 0.000000000000000000e+00
1.720000000000000000e+05 4.299874692468486082e-02 0.000000000000000000e+00 1.000000000000000000e+00 0.000000000000000000e+00 0.000000000000000000e+00 0.000000000000000000e+00
1.760000000000000000e+05 4.399871778339847772e-02 0.000000000000000000e+00 1.000000000000000000e+00 0.000000000000000000e+00 0.000000000000000000e+00 0.000000000000000000e+00
1.800000000000000000e+05 4.499868864211209463e-02 0.000000000000000000e+00 1.000000000000000000e+00 0.000000000000000000e+00 0.000000000000000000e+00 0.000000000000000000e+00
1.840000000000000000e+05 4.599865950082571153e-02 0.000000000000000000e+00 1.000000000000000000e+00 0.000000000000000000e+00 0.000000000000000000e+00 0.000000000000000000e+00
1.880000000000000000e+05 4.699863035953932844e-02 0.000000000000000000e+00 1.000000000000000000e+00 0.000000000000000000e+00 0.000000000000000000e+00 0.000000000000000000e+00
1.920000000000000000e+05 4.799860121825294534e-02 0.000000000000000000e+00 1.000000000000000000e+00 0.000000000000000000e+00 0.000000000000000000e+00 0.000000000000000000e+00
1.960000000000000000e+05 4.899857207696656225e-02 0.000000000000000000e+00 1.000000000000000000e+00 0.000000000000000000e+00 0.000000000000000000e+00 0.000000000000000000e+00
2.000000000000000000e+05 4.999854293568017916e-02 0.000000000000000000e+00 1.000000000000000000e+00 0.000000000000000000e+00 0.000000000000000000e+00 0.000000000000000000e+00
2.040000000000000000e+05 5.099851379439379606e-02 0.000000000000000000e+00 1.000000000000000000e+00 0.000000000000000000e+00 0.000000000000000000e+00 0.000000000000000000e+00
2.080000000000000000e+05 5.199848465310741297e-02 0.000000000000000000e+00 1.000000000000000000e+00 0.000000000000000000e+00 0.000000000000000000e+00 0.000000000000000000e+00
2.120000000000000000e+05 5.299845551182080783e-02 1.137915339098771066e-04 9.998862084660901095e-01 0.000000000000000000e+00 0.000000000000000000e+00 0.000000000000000000e+00
2.160000000000000000e+05 5.399842637053442473e-02 0.000000000000000000e+00 1.000000000000000000e+00 0.000000000000000000e+00 0.000000000000000000e+00 0.000000000000000000e+00
2.200000000000000000e+05 5.499839722924804164e-02 0.000000000000000000e+00 1.000000000000000000e+00 0.000000000000000000e+00 0.000000000000000000e+00 0.000000000000000000e+00
2.240000000000000000e+05 5.599836808796165855e-02 0.000000000000000000e+00 1.000000000000000000e+00 0.000000000000000000e+00 0.000000000000000000e+00 0.000000000000000000e+00
2.280000000000000000e+05 5.699833894667527545e-02 0.000000000000000000e+00 1.000000000000000000e+00 0.000000000000000000e+00 0.000000000000000000e+00 0.000000000000000000e+00
2.320000000000000000e+05 5.799830980538889236e-02 0.000000000000000000e+00 1.000000000000000000e+00 0.000000000000000000e+00 0.000000000000000000e+00 0.000000000000000000e+00
2.360000000000000000e+05 5.899828066410250926e-02 3.413746017296313199e-04 9.996586253982703285e-01 0.000000000000000000e+00 0.000000000000000000e+00 0.000000000000000000e+00
2.400000000000000000e+05 5.999825152281612617e-02 0.000000000000000000e+00 1.000000000000000000e+00 0.000000000000000000e+00 0.000000000000000000e+00 0.000000000000000000e+00
2.440000000000000000e+05 6.099822238152974307e-02 0.000000000000000000e+00 1.000000000000000000e+00 0.000000000000000000e+00 0.000000000000000000e+00 0.000000000000000000e+00
2.480000000000000000e+05 6.199819324024335998e-02 0.000000000000000000e+00 1.000000000000000000e+00 0.000000000000000000e+00 0.000000000000000000e+00 0.000000000000000000e+00
2.520000000000000000e+05 6.299816409895697689e-02 0.000000000000000000e+00 1.000000000000000000e+00 0.000000000000000000e+00 0.000000000000000000e+00 0.000000000000000000e+00
2.560000000000000000e+05 6.399813495767059379e-02 0.000000000000000000e+00 1.000000000000000000e+00 0.000000000000000000e+00 0.000000000000000000e+00 0.000000000000000000e+00
2.600000000000000000e+05 6.499810581638421070e-02 5.689576695493854790e-04 9.994310423304506585e-01 0.000000000000000000e+00 0.000000000000000000e+00 0.000000000000000000e+00
2.640000000000000000e+05 6.599807667509782760e-02 2.275830678197542133e-04 9.997724169321802190e-01 0.000000000000000000e+00 0.000000000000000000e+00 0.000000000000000000e+00
2.680000000000000000e+05 6.699804753381144451e-02 2.275830678197542133e-04 9.997724169321802190e-01 0.000000000000000000e+00 0.000000000000000000e+00 0.000000000000000000e+00
2.720000000000000000e+05 6.799801839252506142e-02 0.000000000000000000e+00 1.000000000000000000e+00 0.000000000000000000e+00 0.000000000000000000e+00 0.000000000000000000e+00
2.760000000000000000e+05 6.899798925123845628e-02 1.137915339098771066e-04 9.996586253982703285e-01 0.000000000000000000e+00 2.275830678197542133e-04 0.000000000000000000e+00
2.800000000000000000e+05 6.999796010995207318e-02 0.000000000000000000e+00 1.000000000000000000e+00 0.000000000000000000e+00 0.000000000000000000e+00 0.000000000000000000e+00
2.840000000000000000e+05 7.099793096866569009e-02 0.000000000000000000e+00 1.000000000000000000e+00 0.000000000000000000e+00 0.000000000000000000e+00 0.000000000000000000e+00
2.880000000000000000e+05 7.199790182737930699e-02 0.000000000000000000e+00 1.000000000000000000e+00 0.000000000000000000e+00 0.000000000000000000e+00 0.000000000000000000e+00
2.920000000000000000e+05 7.299787268609292390e-02 4.551661356395084266e-04 9.995448338643604380e-01 0.000000000000000000e+00 0.000000000000000000e+00 0.000000000000000000e+00
2.960000000000000000e+05 7.399784354480654081e-02 1.137915339098771066e-04 9.998862084660901095e-01 0.000000000000000000e+00 0.000000000000000000e+00 0.000000000000000000e+00
3.000000000000000000e+05 7.499781440352015771e-02 4.551661356395084266e-04 9.995448338643604380e-01 0.000000000000000000e+00 0.000000000000000000e+00 0.000000000000000000e+00
3.040000000000000000e+05 7.599778526223377462e-02 1.137915339098771066e-04 9.998862084660901095e-01 0.000000000000000000e+00 0.000000000000000000e+00 0.000000000000000000e+00
3.080000000000000000e+05 7.699775612094739152e-02 0.000000000000000000e+00 1.000000000000000000e+00 0.000000000000000000e+00 0.000000000000000000e+00 0.000000000000000000e+00
3.120000000000000000e+05 7.799772697966100843e-02 2.275830678197542133e-04 9.997724169321802190e-01 0.000000000000000000e+00 0.000000000000000000e+00 0.000000000000000000e+00
3.160000000000000000e+05 7.899769783837462533e-02 3.413746017296313199e-04 9.996586253982703285e-01 0.000000000000000000e+00 0.000000000000000000e+00 0.000000000000000000e+00
3.200000000000000000e+05 7.999766869708824224e-02 0.000000000000000000e+00 9.998862084660901095e-01 0.000000000000000000e+00 1.137915339098771066e-04 0.000000000000000000e+00
3.240000000000000000e+05 8.099763955580185915e-02 4.551661356395084266e-04 9.995448338643604380e-01 0.000000000000000000e+00 0.000000000000000000e+00 0.000000000000000000e+00
3.280000000000000000e+05 8.199761041451547605e-02 7.965407373691396923e-04 9.992034592626308775e-01 0.000000000000000000e+00 0.000000000000000000e+00 0.000000000000000000e+00
3.320000000000000000e+05 8.299758127322909296e-02 6.827492034592626399e-04 9.993172507965407680e-01 0.000000000000000000e+00 0.000000000000000000e+00 0.000000000000000000e+00
3.360000000000000000e+05 8.399755213194248782e-02 5.689576695493854790e-04 9.994310423304506585e-01 0.000000000000000000e+00 0.000000000000000000e+00 0.000000000000000000e+00
3.400000000000000000e+05 8.499752299065610472e-02 1.365498406918525280e-03 9.985207100591716456e-01 0.000000000000000000e+00 1.137915339098771066e-04 0.000000000000000000e+00
3.440000000000000000e+05 8.599749384936972163e-02 3.413746017296313199e-04 9.996586253982703285e-01 0.000000000000000000e+00 0.000000000000000000e+00 0.000000000000000000e+00
3.480000000000000000e+05 8.699746470808333854e-02 6.827492034592626399e-04 9.993172507965407680e-01 0.000000000000000000e+00 0.000000000000000000e+00 0.000000000000000000e+00
3.520000000000000000e+05 8.799743556679695544e-02 3.413746017296313199e-04 9.996586253982703285e-01 0.000000000000000000e+00 0.000000000000000000e+00 0.000000000000000000e+00
3.560000000000000000e+05 8.899740642551057235e-02 1.024123805188893906e-03 9.989758761948110966e-01 0.000000000000000000e+00 0.000000000000000000e+00 0.000000000000000000e+00
3.600000000000000000e+05 8.999737728422418925e-02 1.365498406918525280e-03 9.985207100591716456e-01 0.000000000000000000e+00 1.137915339098771066e-04 0.000000000000000000e+00
3.640000000000000000e+05 9.099734814293780616e-02 6.827492034592626399e-04 9.993172507965407680e-01 0.000000000000000000e+00 0.000000000000000000e+00 0.000000000000000000e+00
3.680000000000000000e+05 9.199731900165142306e-02 2.162039144287664864e-03 9.974965862539827421e-01 0.000000000000000000e+00 3.413746017296313199e-04 0.000000000000000000e+00
3.720000000000000000e+05 9.299728986036503997e-02 9.103322712790168532e-04 9.990896677287209870e-01 0.000000000000000000e+00 0.000000000000000000e+00 0.000000000000000000e+00
3.760000000000000000e+05 9.399726071907865688e-02 4.551661356395084266e-04 9.995448338643604380e-01 0.000000000000000000e+00 0.000000000000000000e+00 0.000000000000000000e+00
3.800000000000000000e+05 9.499723157779227378e-02 1.820664542558033706e-03 9.979517523896221931e-01 0.000000000000000000e+00 2.275830678197542133e-04 0.000000000000000000e+00
3.840000000000000000e+05 9.599720243650589069e-02 1.479289940828402332e-03 9.985207100591716456e-01 0.000000000000000000e+00 0.000000000000000000e+00 0.000000000000000000e+00
3.880000000000000000e+05 9.699717329521950759e-02 1.137915339098770958e-03 9.987482931269913156e-01 0.000000000000000000e+00 1.137915339098771066e-04 0.000000000000000000e+00
3.920000000000000000e+05 9.799714415393312450e-02 3.186162949476558769e-03 9.967000455166135087e-01 0.000000000000000000e+00 1.137915339098771066e-04 0.000000000000000000e+00
3.960000000000000000e+05 9.899711501264651936e-02 2.389622212107419402e-03 9.972690031861629611e-01 0.000000000000000000e+00 3.413746017296313199e-04 0.000000000000000000e+00
4.000000000000000000e+05 9.999708587136013627e-02 3.186162949476558769e-03 9.964724624487938387e-01 0.000000000000000000e+00 3.413746017296313199e-04 0.000000000000000000e+00
4.040000000000000000e+05 1.009970567300737532e-01 4.324078288575329727e-03 9.951069640418752638e-01 0.000000000000000000e+00 5.689576695493854790e-04 0.000000000000000000e+00
4.080000000000000000e+05 1.019970275887873701e-01 4.665452890304961318e-03 9.948793809740554828e-01 0.000000000000000000e+00 4.551661356395084266e-04 0.000000000000000000e+00
4.120000000000000000e+05 1.029969984475009870e-01 5.348202093764223633e-03 9.945380063723259223e-01 0.000000000000000000e+00 1.137915339098771066e-04 0.000000000000000000e+00
4.160000000000000000e+05 1.039969693062146039e-01 6.486117432862995025e-03 9.923759672280382249e-01 0.000000000000000000e+00 1.137915339098770958e-03 0.000000000000000000e+00
4.200000000000000000e+05 1.049969401649282208e-01 7.168866636322257339e-03 9.919208010923987739e-01 0.000000000000000000e+00 9.103322712790168532e-04 0.000000000000000000e+00
4.240000000000000000e+05 1.059969110236418377e-01 1.649977241693217911e-02 9.804278561675011661e-01 0.000000000000000000e+00 3.072371415566681717e-03 0.000000000000000000e+00
4.280000000000000000e+05 1.069968818823554546e-01 1.843422849340009204e-02 8.331816112881201830e-01 1.480427856167501055e-01 3.413746017296313199e-04 0.000000000000000000e+00
4.320000000000000000e+05 1.079968527410690715e-01 1.718252162039144229e-02 8.345471096950386469e-01 1.479289940828402428e-01 3.413746017296313199e-04 0.000000000000000000e+00
4.360000000000000000e+05 1.089968235997826884e-01 1.718252162039144229e-02 8.343195266272189770e-01 1.481565771506599960e-01 3.413746017296313199e-04 0.000000000000000000e+00
4.400000000000000000e+05 1.099967944584963053e-01 1.615839781520254925e-02 8.352298588984979899e-01 1.484979517523896120e-01 1.137915339098771066e-04 0.000000000000000000e+00
4.440000000000000000e+05 1.109967653172099222e-01 1.672735548475193582e-02 8.346609012289485374e-01 1.482703686845698587e-01 3.413746017296313199e-04 0.000000000000000000e+00
4.480000000000000000e+05 1.119967361759235391e-01 1.672735548475193582e-02 8.347746927628584279e-01 1.482703686845698587e-01 2.275830678197542133e-04 0.000000000000000000e+00
4.520000000000000000e+05 1.129967070346371560e-01 1.695493855257168905e-02 8.345471096950386469e-01 1.480427856167501055e-01 4.551661356395084266e-04 0.000000000000000000e+00
4.560000000000000000e+05 1.139966778933505509e-01 1.615839781520254925e-02 8.354574419663176599e-01 1.480427856167501055e-01 3.413746017296313199e-04 0.000000000000000000e+00
4.600000000000000000e+05 1.149966487520641678e-01 1.638598088302230249e-02 8.352298588984979899e-01 1.479289940828402428e-01 4.551661356395084266e-04 0.000000000000000000e+00
4.640000000000000000e+05 1.159966196107777847e-01 1.615839781520254925e-02 8.350022758306782089e-01 1.481565771506599960e-01 6.827492034592626399e-04 0.000000000000000000e+00
4.680000000000000000e+05 1.169965904694914016e-01 1.661356395084205573e-02 8.350022758306782089e-01 1.482703686845698587e-01 1.137915339098771066e-04 0.000000000000000000e+00
4.720000000000000000e+05 1.179965613282050185e-01 1.638598088302230249e-02 8.351160673645880994e-01 1.482703686845698587e-01 2.275830678197542133e-04 0.000000000000000000e+00
4.760000000000000000e+05 1.189965321869186354e-01 1.661356395084205573e-02 8.348884842967683184e-01 1.480427856167501055e-01 4.551661356395084266e-04 0.000000000000000000e+00
4.800000000000000000e+05 1.199965030456322523e-01 1.684114701866181243e-02 8.348884842967683184e-01 1.480427856167501055e-01 2.275830678197542133e-04 0.000000000000000000e+00
4.840000000000000000e+05 1.209964739043458692e-01 1.752389622212107562e-02 8.343195266272189770e-01 1.478152025489303523e-01 3.413746017296313199e-04 0.000000000000000000e+00
4.880000000000000000e+05 1.219964447630594861e-01 1.695493855257168905e-02 8.345471096950386469e-01 1.480427856167501055e-01 4.551661356395084266e-04 0.000000000000000000e+00
4.920000000000000000e+05 1.229964156217731031e-01 1.558944014565316269e-02 8.354574419663176599e-01 1.484979517523896120e-01 4.551661356395084266e-04 0.000000000000000000e+00
4.960000000000000000e+05 1.239963864804867200e-01 1.672735548475193582e-02 8.348884842967683184e-01 1.479289940828402428e-01 4.551661356395084266e-04 0.000000000000000000e+00
5.000000000000000000e+05 1.249963573392003369e-01 1.763768775603095224e-02 8.342057350933090865e-01 1.477014110150204895e-01 4.551661356395084266e-04 0.000000000000000000e+00
5.040000000000000000e+05 1.259963281979139538e-01 1.638598088302230249e-02 8.351160673645880994e-01 1.481565771506599960e-01 3.413746017296313199e-04 0.000000000000000000e+00
5.080000000000000000e+05 1.269962990566275707e-01 1.615839781520254925e-02 8.352298588984979899e-01 1.482703686845698587e-01 3.413746017296313199e-04 0.000000000000000000e+00
5.120000000000000000e+05 1.279962699153411876e-01 1.661356395084205573e-02 8.347746927628584279e-01 1.481565771506599960e-01 4.551661356395084266e-04 0.000000000000000000e+00
5.160000000000000000e+05 1.289962407740545824e-01 1.729631315430131891e-02 8.340919435593991960e-01 1.482703686845698587e-01 3.413746017296313199e-04 0.000000000000000000e+00
5.200000000000000000e+05 1.299962116327681994e-01 1.695493855257168905e-02 8.344333181611288675e-01 1.481565771506599960e-01 4.551661356395084266e-04 0.000000000000000000e+00
5.240000000000000000e+05 1.309961824914818163e-01 1.706873008648156567e-02 8.345471096950386469e-01 1.481565771506599960e-01 2.275830678197542133e-04 0.000000000000000000e+00
5.280000000000000000e+05 1.319961533501954332e-01 1.695493855257168905e-02 8.345471096950386469e-01 1.480427856167501055e-01 4.551661356395084266e-04 0.000000000000000000e+00
5.320000000000000000e+05 1.329961242089090501e-01 1.752389622212107562e-02 8.346609012289485374e-01 1.473600364132908458e-01 4.551661356395084266e-04 0.000000000000000000e+00
5.360000000000000000e+05 1.339960950676226670e-01 1.797906235776058209e-02 8.339781520254893055e-01 1.478152025489303523e-01 2.275830678197542133e-04 0.000000000000000000e+00
5.400000000000000000e+05 1.349960659263362839e-01 1.638598088302230249e-02 8.352298588984979899e-01 1.479289940828402428e-01 4.551661356395084266e-04 0.000000000000000000e+00
5.440000000000000000e+05 1.359960367850499008e-01 1.604460628129267263e-02 8.353436504324078804e-01 1.482703686845698587e-01 3.413746017296313199e-04 0.000000000000000000e+00
5.480000000000000000e+05 1.369960076437635177e-01 1.718252162039144229e-02 8.344333181611288675e-01 1.480427856167501055e-01 3.413746017296313199e-04 0.000000000000000000e+00
5.520000000000000000e+05 1.379959785024771346e-01 1.638598088302230249e-02 8.350022758306782089e-01 1.481565771506599960e-01 4.551661356395084266e-04 0.000000000000000000e+00
5.560000000000000000e+05 1.389959493611907515e-01 1.763768775603095224e-02 8.342057350933090865e-01 1.477014110150204895e-01 4.551661356395084266e-04 0.000000000000000000e+00
5.600000000000000000e+05 1.399959202199043684e-01 1.775147928994082885e-02 8.345471096950386469e-01 1.477014110150204895e-01 0.000000000000000000e+00 0.000000000000000000e+00
5.640000000000000000e+05 1.409958910786179853e-01 1.797906235776058209e-02 8.339781520254893055e-01 1.478152025489303523e-01 2.275830678197542133e-04 0.000000000000000000e+00
5.680000000000000000e+05 1.419958619373316022e-01 1.820664542558033533e-02 8.344333181611288675e-01 1.472462448793809831e-01 1.137915339098771066e-04 0.000000000000000000e+00
5.720000000000000000e+05 1.429958327960452191e-01 1.763768775603095224e-02 8.343195266272189770e-01 1.475876194811105990e-01 4.551661356395084266e-04 0.000000000000000000e+00
5.760000000000000000e+05 1.439958036547586140e-01 1.741010468821119553e-02 8.342057350933090865e-01 1.478152025489303523e-01 5.689576695493854790e-04 0.000000000000000000e+00
5.800000000000000000e+05 1.449957745134722309e-01 1.991351843422849502e-02 8.326126536185707305e-01 1.471324533454710926e-01 3.413746017296313199e-04 0.000000000000000000e+00
5.840000000000000000e+05 1.459957453721858478e-01 1.866181156121984527e-02 8.340919435593991960e-01 1.471324533454710926e-01 1.137915339098771066e-04 0.000000000000000000e+00
5.880000000000000000e+05 1.469957162308994647e-01 1.854802002730996865e-02 8.337505689576695245e-01 1.473600364132908458e-01 3.413746017296313199e-04 0.000000000000000000e+00
5.920000000000000000e+05 1.479956870896130816e-01 3.311333636777423484e-02 7.759444697314519246e-01 1.884387801547564856e-01 2.503413746017296455e-03 0.000000000000000000e+00
5.960000000000000000e+05 1.489956579483266985e-01 3.334091943559399501e-02 7.733272644515247762e-01 1.896904870277651423e-01 3.641329085116067413e-03 0.000000000000000000e+00
6.000000000000000000e+05 1.499956288070403154e-01 3.379608557123350149e-02 7.738962221210742287e-01 1.890077378243058825e-01 3.299954483386436255e-03 0.000000000000000000e+00
6.040000000000000000e+05 1.509955996657539323e-01 3.220300409649522189e-02 7.741238051888938987e-01 1.901456531634046487e-01 3.527537551206190360e-03 0.000000000000000000e+00
6.080000000000000000e+05 1.519955705244675492e-01 3.402366863905325473e-02 7.740100136549841192e-01 1.890077378243058825e-01 2.958579881656804664e-03 0.000000000000000000e+00
6.120000000000000000e+05 1.529955413831811661e-01 3.254437869822485174e-02 7.721893491124259823e-01 1.906008192990441552e-01 4.665452890304961318e-03 0.000000000000000000e+00
6.160000000000000000e+05 1.539955122418947830e-01 3.186162949476559203e-02 7.725307237141556538e-01 1.913973600364132777e-01 4.210286754665453109e-03 0.000000000000000000e+00
6.200000000000000000e+05 1.549954831006084000e-01 3.550295857988165771e-02 7.705962676376877374e-01 1.904870277651342647e-01 3.413746017296313308e-03 0.000000000000000000e+00
6.240000000000000000e+05 1.559954539593220169e-01 3.641329085116067066e-02 7.699135184342285054e-01 1.896904870277651423e-01 3.982703686845699004e-03 0.000000000000000000e+00
6.280000000000000000e+05 1.569954248180356338e-01 3.254437869822485174e-02 7.713928083750568598e-01 1.910559854346836617e-01 5.006827492034592909e-03 0.000000000000000000e+00
6.320000000000000000e+05 1.579953956767492507e-01 3.459262630860263782e-02 7.696859353664087244e-01 1.907146108329540179e-01 5.006827492034592909e-03 0.000000000000000000e+00
6.360000000000000000e+05 1.589953665354626455e-01 3.493400091033227461e-02 7.705962676376877374e-01 1.896904870277651423e-01 4.779244424214838804e-03 0.000000000000000000e+00
6.400000000000000000e+05 1.599953373941762624e-01 3.777878925807919702e-02 7.679790623577605890e-01 1.909421939007737712e-01 3.299954483386436255e-03 0.000000000000000000e+00
6.440000000000000000e+05 1.609953082528898793e-01 4.096495220755575623e-02 7.851615839781520556e-01 1.719390077378243065e-01 1.934456076467910759e-03 0.000000000000000000e+00
6.480000000000000000e+05 1.619952791116034962e-01 4.289940828402366568e-02 7.876649977241693135e-01 1.672735548475193512e-01 2.162039144287664864e-03 0.000000000000000000e+00
6.520000000000000000e+05 1.629952499703171132e-01 4.369594902139280895e-02 7.849340009103322746e-01 1.698907601274465273e-01 1.479289940828402332e-03 0.000000000000000000e+00
6.560000000000000000e+05 1.639952208290307301e-01 4.039599453800637313e-02 7.865270823850705195e-01 1.720527992717341692e-01 1.024123805188893906e-03 0.000000000000000000e+00
6.600000000000000000e+05 1.649951916877443470e-01 4.130632680928538608e-02 7.870960400546199720e-01 1.706873008648156498e-01 9.103322712790168532e-04 0.000000000000000000e+00
6.640000000000000000e+05 1.659951625464579639e-01 3.880291306326809353e-02 7.851615839781520556e-01 1.746700045516613453e-01 1.365498406918525280e-03 0.000000000000000000e+00
6.680000000000000000e+05 1.669951334051715808e-01 4.301319981793354230e-02 7.840236686390532617e-01 1.717114246700045532e-01 1.251706873008648227e-03 0.000000000000000000e+00
6.720000000000000000e+05 1.679951042638851977e-01 4.472007282658170546e-02 7.843650432407829332e-01 1.694355939918070209e-01 1.479289940828402332e-03 0.000000000000000000e+00
6.760000000000000000e+05 1.689950751225988146e-01 4.164770141101502288e-02 7.840236686390532617e-01 1.718252162039144160e-01 2.503413746017296455e-03 0.000000000000000000e+00
6.800000000000000000e+05 1.699950459813124315e-01 3.982703686845699004e-02 7.852753755120619461e-01 1.728493400091033194e-01 2.048247610377787811e-03 0.000000000000000000e+00
6.840000000000000000e+05 1.709950168400260484e-01 4.153390987710514626e-02 7.847064178425124936e-01 1.714838416021848000e-01 2.275830678197541916e-03 0.000000000000000000e+00
6.880000000000000000e+05 1.719949876987396653e-01 4.403732362312243881e-02 7.825443786982249073e-01 1.722803823395539502e-01 1.137915339098770958e-03 0.000000000000000000e+00
6.920000000000000000e+05 1.729949585574532822e-01 4.392353208921256219e-02 7.817478379608556738e-01 1.727355484751934567e-01 1.593081474738279385e-03 0.000000000000000000e+00
6.960000000000000000e+05 1.739949294161666771e-01 4.255803368229403583e-02 7.833409194355940297e-01 1.722803823395539502e-01 1.820664542558033706e-03 0.000000000000000000e+00
7.000000000000000000e+05 1.749949002748802940e-01 4.403732362312243881e-02 7.831133363677742487e-01 1.704597177969958965e-01 2.389622212107419402e-03 0.000000000000000000e+00
7.040000000000000000e+05 1.759948711335939109e-01 3.937187073281747662e-02 7.844788347746927126e-01 1.733045061447428259e-01 2.844788347746927612e-03 0.000000000000000000e+00
7.080000000000000000e+05 1.769948419923075278e-01 4.301319981793354230e-02 7.808375056895766608e-01 1.736458807464724696e-01 2.503413746017296455e-03 0.000000000000000000e+00
7.120000000000000000e+05 1.779948128510211447e-01 4.107874374146563284e-02 7.848202093764223841e-01 1.718252162039144160e-01 2.275830678197541916e-03 0.000000000000000000e+00
7.160000000000000000e+05 1.789947837097347616e-01 4.164770141101502288e-02 7.822030040964952358e-01 1.735320892125625791e-01 2.617205279927173507e-03 0.000000000000000000e+00
7.200000000000000000e+05 1.799947545684483785e-01 4.210286754665452935e-02 7.842512517068730427e-01 1.706873008648156498e-01 2.958579881656804664e-03 0.000000000000000000e+00
7.240000000000000000e+05 1.809947254271619954e-01 4.198907601274465273e-02 7.817478379608556738e-01 1.723941738734638129e-01 3.868912152935821518e-03 0.000000000000000000e+00
7.280000000000000000e+05 1.819946962858756123e-01 4.233045061447428259e-02 7.823167956304051263e-01 1.722803823395539502e-01 3.072371415566681717e-03 0.000000000000000000e+00
7.320000000000000000e+05 1.829946671445892292e-01 4.472007282658170546e-02 7.801547564861174289e-01 1.728493400091033194e-01 2.275830678197541916e-03 0.000000000000000000e+00
7.360000000000000000e+05 1.839946380033028461e-01 4.449248975876194528e-02 7.799271734182976479e-01 1.725079654073737034e-01 3.072371415566681717e-03 0.000000000000000000e+00
7.400000000000000000e+05 1.849946088620164630e-01 4.153390987710514626e-02 7.831133363677742487e-01 1.719390077378243065e-01 3.413746017296313308e-03 0.000000000000000000e+00
7.440000000000000000e+05 1.859945797207300799e-01 4.289940828402366568e-02 7.790168411470186349e-01 1.750113791533909890e-01 3.072371415566681717e-03 0.000000000000000000e+00
7.480000000000000000e+05 1.869945505794436968e-01 4.472007282658170546e-02 7.800409649522075384e-01 1.712562585343650468e-01 3.982703686845699004e-03 0.000000000000000000e+00
7.520000000000000000e+05 1.879945214381573138e-01 4.153390987710514626e-02 7.808375056895766608e-01 1.736458807464724696e-01 3.982703686845699004e-03 0.000000000000000000e+00
7.560000000000000000e+05 1.889944922968709307e-01 4.392353208921256219e-02 7.809512972234865513e-01 1.715976331360946627e-01 3.527537551206190360e-03 0.000000000000000000e+00
7.600000000000000000e+05 1.899944631555843255e-01 4.335457441966317910e-02 7.818616294947655643e-01 1.723941738734638129e-01 2.389622212107419402e-03 0.000000000000000000e+00
7.640000000000000000e+05 1.909944340142979424e-01 4.472007282658170546e-02 7.806099226217569909e-01 1.711424670004551563e-01 3.527537551206190360e-03 0.000000000000000000e+00
7.680000000000000000e+05 1.919944048730115593e-01 4.426490669094219205e-02 7.777651342740100615e-01 1.733045061447428259e-01 4.665452890304961318e-03 0.000000000000000000e+00
7.720000000000000000e+05 1.929943757317251762e-01 4.540282203004096517e-02 7.777651342740100615e-01 1.736458807464724696e-01 3.186162949476558769e-03 0.000000000000000000e+00
7.760000000000000000e+05 1.939943465904387931e-01 4.824761037778789452e-02 7.770823850705507185e-01 1.704597177969958965e-01 4.210286754665453109e-03 0.000000000000000000e+00
7.800000000000000000e+05 1.949943174491524100e-01 5.166135639508420696e-02 7.649066909421938787e-01 1.781975421028675344e-01 5.234410559854347014e-03 0.000000000000000000e+00
7.840000000000000000e+05 1.959942883078660270e-01 5.200273099681383682e-02 7.662721893491124536e-01 1.778561675011379184e-01 3.868912152935821518e-03 0.000000000000000000e+00
7.880000000000000000e+05 1.969942591665796439e-01 4.802002730996814128e-02 7.697997269003186149e-01 1.756941283568502488e-01 6.486117432862995025e-03 0.000000000000000000e+00
7.920000000000000000e+05 1.979942300252932608e-01 5.052344105598543383e-02 7.679790623577605890e-01 1.760355029585798925e-01 5.461993627674101119e-03 0.000000000000000000e+00
7.960000000000000000e+05 1.989942008840068777e-01 5.018206645425580398e-02 7.662721893491124536e-01 1.776285844333181652e-01 5.917159763313609329e-03 0.000000000000000000e+00
8.000000000000000000e+05 1.999941717427204946e-01 5.291306326809285671e-02 7.659308147473827821e-01 1.768320436959490149e-01 4.324078288575329727e-03 0.000000000000000000e+00
8.040000000000000000e+05 2.009941426014341115e-01 5.325443786982248656e-02 7.670687300864815761e-01 1.754665452890304955e-01 4.210286754665453109e-03 0.000000000000000000e+00
8.080000000000000000e+05 2.019941134601477284e-01 5.097860719162494031e-02 7.664997724169322346e-01 1.777423759672280279e-01 4.779244424214838804e-03 0.000000000000000000e+00
8.120000000000000000e+05 2.029940843188613453e-01 4.915794264906690747e-02 7.683204369594902605e-01 1.768320436959490149e-01 5.689576695493855224e-03 0.000000000000000000e+00
8.160000000000000000e+05 2.039940551775749622e-01 5.257168866636321991e-02 7.668411470186617951e-01 1.772872098315885214e-01 3.299954483386436255e-03 0.000000000000000000e+00
8.200000000000000000e+05 2.049940260362883571e-01 5.177514792899408358e-02 7.702548930359581769e-01 1.738734638142922229e-01 4.096495220755575623e-03 0.000000000000000000e+00
8.240000000000000000e+05 2.059939968950019740e-01 4.346836595357305572e-02 7.794720072826581969e-01 1.738734638142922229e-01 3.186162949476558769e-03 0.000000000000000000e+00
8.280000000000000000e+05 2.069939677537155909e-01 4.506144742831133532e-02 7.793582157487483064e-01 1.730769230769230727e-01 2.503413746017296455e-03 0.000000000000000000e+00
8.320000000000000000e+05 2.079939386124292078e-01 4.278561675011378906e-02 7.831133363677742487e-01 1.723941738734638129e-01 1.706873008648156654e-03 0.000000000000000000e+00
8.360000000000000000e+05 2.089939094711428247e-01 4.312699135184342586e-02 7.839098771051433712e-01 1.697769685935366368e-01 3.186162949476558769e-03 0.000000000000000000e+00
8.400000000000000000e+05 2.099938803298564416e-01 4.665452890304961492e-02 7.783340919435594030e-01 1.733045061447428259e-01 1.706873008648156654e-03 0.000000000000000000e+00
8.440000000000000000e+05 2.109938511885700585e-01 4.392353208921256219e-02 7.824305871643150168e-01 1.717114246700045532e-01 1.934456076467910759e-03 0.000000000000000000e+00
8.480000000000000000e+05 2.119938220472836754e-01 4.369594902139280895e-02 7.815202548930360038e-01 1.731907146108329631e-01 1.593081474738279385e-03 0.000000000000000000e+00
8.520000000000000000e+05 2.129937929059972923e-01 4.301319981793354230e-02 7.811788802913063323e-01 1.735320892125625791e-01 2.275830678197541916e-03 0.000000000000000000e+00
8.560000000000000000e+05 2.139937637647109092e-01 4.483386436049158208e-02 7.809512972234865513e-01 1.718252162039144160e-01 2.389622212107419402e-03 0.000000000000000000e+00
8.600000000000000000e+05 2.149937346234245261e-01 4.437869822485206867e-02 7.801547564861174289e-01 1.730769230769230727e-01 2.389622212107419402e-03 0.000000000000000000e+00
8.640000000000000000e+05 2.159937054821381430e-01 4.278561675011378906e-02 7.818616294947655643e-01 1.725079654073737034e-01 2.844788347746927612e-03 0.000000000000000000e+00
8.680000000000000000e+05 2.169936763408517599e-01 4.392353208921256219e-02 7.828857532999544677e-01 1.710286754665452935e-01 2.162039144287664864e-03 0.000000000000000000e+00
8.720000000000000000e+05 2.179936471995653768e-01 4.540282203004096517e-02 7.798133818843877574e-01 1.718252162039144160e-01 2.958579881656804664e-03 0.000000000000000000e+00
8.760000000000000000e+05 2.189936180582789937e-01 4.392353208921256219e-02 7.806099226217569909e-01 1.723941738734638129e-01 3.072371415566681717e-03 0.000000000000000000e+00
8.800000000000000000e+05 2.199935889169923886e-01 4.426490669094219205e-02 7.807237141556667703e-01 1.719390077378243065e-01 3.072371415566681717e-03 0.000000000000000000e+00
8.840000000000000000e+05 2.209935597757060055e-01 4.619936276741010150e-02 7.791306326809285254e-01 1.717114246700045532e-01 2.958579881656804664e-03 0.000000000000000000e+00
8.880000000000000000e+05 2.219935306344196224e-01 4.278561675011378906e-02 7.825443786982249073e-01 1.721665908056440597e-01 2.503413746017296455e-03 0.000000000000000000e+00
8.920000000000000000e+05 2.229935014931332393e-01 4.551661356395084179e-02 7.817478379608556738e-01 1.703459262630860338e-01 2.389622212107419402e-03 0.000000000000000000e+00
8.960000000000000000e+05 2.239934723518468562e-01 4.710969503868912139e-02 7.786754665452890745e-01 1.717114246700045532e-01 2.503413746017296455e-03 0.000000000000000000e+00
9.000000000000000000e+05 2.249934432105604731e-01 4.267182521620391245e-02 7.839098771051433712e-01 1.710286754665452935e-01 2.389622212107419402e-03 0.000000000000000000e+00
9.040000000000000000e+05 2.259934140692740900e-01 4.563040509786071841e-02 7.800409649522075384e-01 1.705735093309057870e-01 3.755120619025944465e-03 0.000000000000000000e+00
9.080000000000000000e+05 2.269933849279877069e-01 4.483386436049158208e-02 7.815202548930360038e-01 1.710286754665452935e-01 2.617205279927173507e-03 0.000000000000000000e+00
