# itime ezz other fcc hcp bcc ico
0.000000000000000000e+00 0.000000000000000000e+00 1.365498406918525280e-03 9.986345015930814251e-01 0.000000000000000000e+00 0.000000000000000000e+00 0.000000000000000000e+00
2.500000000000000000e+02 1.000001302834396810e-02 1.137915339098770958e-03 9.988620846609012061e-01 0.000000000000000000e+00 0.000000000000000000e+00 0.000000000000000000e+00
5.000000000000000000e+02 2.000002605668771416e-02 2.048247610377787811e-03 9.979517523896221931e-01 0.000000000000000000e+00 0.000000000000000000e+00 0.000000000000000000e+00
7.500000000000000000e+02 3.000003908503168226e-02 3.186162949476558769e-03 9.967000455166135087e-01 0.000000000000000000e+00 1.137915339098771066e-04 0.000000000000000000e+00
1.000000000000000000e+03 4.000005211337565036e-02 7.282658170232134826e-03 9.921483841602184439e-01 0.000000000000000000e+00 5.689576695493854790e-04 0.000000000000000000e+00
1.250000000000000000e+03 5.000006514171961847e-02 1.103777878925807886e-02 9.885070550751023921e-01 0.000000000000000000e+00 4.551661356395084266e-04 0.000000000000000000e+00
1.500000000000000000e+03 6.000007817006336452e-02 2.253072371415566766e-02 9.766727355484752238e-01 0.000000000000000000e+00 7.965407373691396923e-04 0.000000000000000000e+00
1.750000000000000000e+03 7.000009119840733263e-02 4.369594902139280895e-02 9.541420118343195700e-01 0.000000000000000000e+00 2.162039144287664864e-03 0.000000000000000000e+00
2.000000000000000000e+03 8.000010422675130073e-02 9.842967683204369156e-02 8.954255803368229572e-01 0.000000000000000000e+00 6.144742831133363434e-03 0.000000000000000000e+00
2.250000000000000000e+03 9.000011725509504679e-02 1.891215293582157453e-01 7.822030040964952358e-01 0.000000000000000000e+00 2.867546654528902936e-02 0.000000000000000000e+00
2.500000000000000000e+03 1.000001302834390149e-01 3.355712335002276059e-01 5.089895311788802390e-01 7.282658170232134826e-03 1.481565771506599960e-01 0.000000000000000000e+00
2.750000000000000000e+03 1.100001433117829830e-01 4.332043695949021611e-01 2.550068274920345712e-01 4.016841147018661989e-02 2.716203914428766408e-01 0.000000000000000000e+00
3.000000000000000000e+03 1.200001563401269511e-01 4.583522985889849632e-01 1.994765589440145592e-01 8.784706417842512438e-02 2.543240782885753393e-01 0.000000000000000000e+00
3.250000000000000000e+03 1.300001693684706972e-01 4.740555302685480199e-01 1.599908966772872199e-01 1.116294947655894348e-01 2.543240782885753393e-01 0.000000000000000000e+00
3.500000000000000000e+03 1.400001823968146653e-01 5.427856167501138307e-01 1.219845243513882627e-01 1.181156121984524299e-01 2.171142467000455045e-01 0.000000000000000000e+00
3.750000000000000000e+03 1.500001954251586334e-01 5.712335002275830131e-01 1.007055075102412378e-01 1.259672280382339582e-01 2.020937642239417353e-01 0.000000000000000000e+00
4.000000000000000000e+03 1.600002084535026015e-01 5.900091033227128356e-01 1.004779244424214846e-01 1.459945380063723264e-01 1.635184342284934089e-01 0.000000000000000000e+00
4.250000000000000000e+03 1.700002214818463475e-01 5.975193445607647202e-01 9.922621756941284177e-02 1.668183887118798447e-01 1.364360491579426626e-01 0.000000000000000000e+00
4.500000000000000000e+03 1.800002345101903156e-01 5.890987710514338227e-01 9.683659535730541890e-02 1.832043695949021334e-01 1.308602639963586667e-01 0.000000000000000000e+00
4.750000000000000000e+03 1.900002475385342837e-01 5.952435138825671324e-01 9.456076467910787264e-02 1.995903504779244497e-01 1.106053709604005453e-01 0.000000000000000000e+00
5.000000000000000000e+03 2.000002605668780298e-01 5.689576695493855363e-01 1.042330450614474269e-01 2.297451069640418786e-01 9.695038689121529552e-02 1.137915339098771066e-04
5.250000000000000000e+03 2.100002735952219979e-01 5.102412380518889234e-01 1.127674101046882149e-01 3.057578516158397930e-01 7.123350022758306865e-02 0.000000000000000000e+00
5.500000000000000000e+03 2.200002866235659660e-01 4.450386891215293850e-01 1.342740100136549930e-01 3.644742831133363503e-01 5.621301775147929253e-02 0.000000000000000000e+00
5.750000000000000000e+03 2.300002996519099341e-01 4.037323623122439642e-01 1.346153846153846090e-01 4.294492489758762188e-01 3.220300409649522189e-02 0.000000000000000000e+00
6.000000000000000000e+03 2.400003126802536801e-01 3.756258534365043422e-01 1.307464724624488039e-01 4.748520710059171424e-01 1.877560309512972189e-02 0.000000000000000000e+00
6.250000000000000000e+03 2.500003257085976482e-01 3.433090578060992160e-01 1.274465179790623681e-01 5.117205279927173889e-01 1.752389622212107562e-02 0.000000000000000000e+00
6.500000000000000000e+03 2.600003387369416163e-01 3.285161583978152278e-01 1.264223941738734647e-01 5.309512972234865513e-01 1.411015020482476144e-02 0.000000000000000000e+00
6.750000000000000000e+03 2.700003517652853624e-01 3.371643149749658508e-01 1.224396904870277691e-01 5.282203004096495125e-01 1.217569412835685025e-02 0.000000000000000000e+00
7.000000000000000000e+03 2.800003647936293305e-01 3.268092853891670369e-01 1.232362312243969055e-01 5.369822485207100815e-01 1.297223486572599005e-02 0.000000000000000000e+00
7.250000000000000000e+03 2.900003778219732986e-01 3.340919435593991960e-01 1.217569412835685094e-01 5.304961310878471004e-01 1.365498406918525323e-02 0.000000000000000000e+00
7.500000000000000000e+03 3.000003908503172667e-01 3.598088302230313951e-01 1.162949476558944040e-01 5.065999089667728716e-01 1.729631315430131891e-02 0.000000000000000000e+00
7.750000000000000000e+03 3.100004038786610128e-01 3.764223941738734647e-01 1.082157487482931224e-01 4.988620846609012061e-01 1.649977241693217911e-02 0.000000000000000000e+00
8.000000000000000000e+03 3.200004169070049809e-01 3.978152025489303800e-01 1.041192535275375503e-01 4.729176149294492260e-01 2.514792899408284030e-02 0.000000000000000000e+00
8.250000000000000000e+03 3.300004299353489490e-01 4.474283113336367523e-01 9.353664087391898307e-02 4.337733272644515026e-01 2.526172052799271692e-02 0.000000000000000000e+00
8.500000000000000000e+03 3.400004429636929171e-01 4.756486117432863203e-01 9.171597633136094330e-02 4.090805644060082069e-01 2.355484751934456070e-02 0.000000000000000000e+00
8.750000000000000000e+03 3.500004559920366631e-01 5.137687756030950847e-01 8.375056895766955223e-02 3.766499772416932457e-01 2.583067819754210348e-02 0.000000000000000000e+00
9.000000000000000000e+03 3.600004690203806312e-01 5.301547564861174289e-01 8.477469276285844180e-02 3.527537551206190169e-01 3.186162949476559203e-02 4.551661356395084266e-04
9.250000000000000000e+03 3.700004820487245993e-01 5.501820664542558248e-01 8.227127901684114231e-02 3.298816568047337472e-01 3.755120619025944378e-02 1.137915339098771066e-04
9.500000000000000000e+03 3.800004950770683454e-01 5.815885298133819381e-01 7.658170232134729749e-02 3.104233045061447482e-01 3.129267182521620200e-02 1.137915339098771066e-04
9.750000000000000000e+03 3.900005081054123135e-01 5.865953573054164538e-01 7.646791078743742087e-02 3.093991807009558448e-01 2.753755120619025970e-02 0.000000000000000000e+00
1.000000000000000000e+04 4.000005211337562816e-01 6.073054164770140817e-01 6.884387801547564578e-02 2.909649522075557493e-01 3.265817023213472836e-02 2.275830678197542133e-04
1.025000000000000000e+04 4.100005341621002497e-01 6.225534820209376319e-01 6.873008648156576916e-02 2.733272644515248317e-01 3.527537551206190447e-02 1.137915339098771066e-04
1.050000000000000000e+04 4.200005471904439958e-01 6.408739189804278924e-01 6.702321347291761988e-02 2.559171597633135842e-01 3.573054164770141095e-02 4.551661356395084266e-04
1.075000000000000000e+04 4.300005602187879639e-01 6.414428766499772339e-01 6.531634046426945672e-02 2.580791989076012816e-01 3.504779244424215123e-02 1.137915339098771066e-04
1.100000000000000000e+04 4.400005732471319320e-01 6.511151570323168158e-01 6.190259444697314428e-02 2.471552116522530707e-01 3.959945380063722986e-02 2.275830678197542133e-04
1.125000000000000000e+04 4.500005862754756780e-01 6.797906235776057793e-01 5.735093309057805872e-02 2.195038689121529274e-01 4.312699135184342586e-02 2.275830678197542133e-04
1.150000000000000000e+04 4.600005993038196461e-01 6.910559854346836062e-01 5.541647701411014926e-02 2.116522530723714268e-01 4.153390987710514626e-02 3.413746017296313199e-04
1.175000000000000000e+04 4.700006123321636142e-01 6.969731451979972459e-01 5.257168866636321991e-02 2.142694583522985752e-01 3.584433318161128756e-02 3.413746017296313199e-04
1.200000000000000000e+04 4.800006253605075823e-01 7.121074192080109055e-01 5.120619025944470049e-02 2.034592626308602548e-01 3.288575329995448160e-02 3.413746017296313199e-04
1.225000000000000000e+04 4.900006383888513284e-01 7.218934911242603780e-01 4.779244424214838111e-02 1.941283568502503443e-01 3.607191624943104080e-02 1.137915339098771066e-04
1.250000000000000000e+04 5.000006514171952965e-01 7.281520254893035782e-01 4.767865270823850449e-02 1.951524806554392477e-01 2.878925807919890598e-02 2.275830678197542133e-04
1.275000000000000000e+04 5.100006644455392646e-01 7.341829767865271084e-01 4.688211197086936816e-02 1.838871187983613931e-01 3.470641784251251444e-02 3.413746017296313199e-04
1.300000000000000000e+04 5.200006774738832327e-01 7.434000910332271284e-01 4.483386436049158208e-02 1.827492034592626269e-01 2.901684114701866268e-02 0.000000000000000000e+00
1.325000000000000000e+04 5.300006905022269788e-01 7.558033682294037492e-01 4.119253527537550946e-02 1.717114246700045532e-01 3.106508875739644876e-02 2.275830678197542133e-04
1.350000000000000000e+04 5.400007035305709469e-01 7.587619481110605690e-01 4.233045061447428259e-02 1.681838871187983642e-01 3.026854802002730896e-02 4.551661356395084266e-04
1.375000000000000000e+04 5.500007165589149150e-01 7.737824305871643382e-01 3.755120619025944378e-02 1.671597633136094607e-01 2.093764223941738806e-02 5.689576695493854790e-04
1.400000000000000000e+04 5.600007295872586610e-01 7.781065088757396220e-01 3.482020937642239106e-02 1.643149749658625314e-01 2.207555757851615771e-02 6.827492034592626399e-04
1.425000000000000000e+04 5.700007426156026291e-01 7.774237596722803900e-01 3.493400091033227461e-02 1.663632225762403383e-01 2.048247610377787811e-02 7.965407373691396923e-04
1.450000000000000000e+04 5.800007556439465972e-01 7.790168411470186349e-01 3.550295857988165771e-02 1.651115157032316816e-01 1.968593536640873831e-02 6.827492034592626399e-04
1.475000000000000000e+04 5.900007686722905653e-01 7.836822940373235902e-01 3.482020937642239106e-02 1.621529358215748617e-01 1.888939462903959851e-02 4.551661356395084266e-04
1.500000000000000000e+04 6.000007817006343114e-01 7.907373691397360238e-01 3.129267182521620200e-02 1.578288575329995502e-01 1.957214383249886169e-02 5.689576695493854790e-04
1.525000000000000000e+04 6.100007947289782795e-01 7.944924897587619661e-01 3.117888029130632538e-02 1.500910332271279124e-01 2.344105598543468408e-02 7.965407373691396923e-04
1.550000000000000000e+04 6.200008077573222476e-01 8.032544378698225351e-01 3.208921256258534527e-02 1.437187073281747940e-01 2.025489303595812488e-02 6.827492034592626399e-04
1.575000000000000000e+04 6.300008207856659936e-01 8.115612198452435422e-01 2.947200728265816916e-02 1.387118798361401950e-01 1.979972690031861493e-02 4.551661356395084266e-04
1.600000000000000000e+04 6.400008338140099617e-01 8.203231679563040002e-01 2.776513427401001294e-02 1.297223486572599005e-01 2.139280837505689453e-02 7.965407373691396923e-04
1.625000000000000000e+04 6.500008468423539298e-01 8.278334091943558848e-01 2.594446973145198010e-02 1.266499772416932179e-01 1.923076923076923184e-02 3.413746017296313199e-04
1.650000000000000000e+04 6.600008598706978979e-01 8.355712335002275504e-01 2.344105598543468408e-02 1.200500682749203463e-01 2.036868456986800149e-02 5.689576695493854790e-04
1.675000000000000000e+04 6.700008728990416440e-01 8.394401456531633832e-01 2.457897132453345374e-02 1.206190259444697294e-01 1.445152480655439303e-02 9.103322712790168532e-04
1.700000000000000000e+04 6.800008859273856121e-01 8.417159763313609711e-01 2.264451524806554428e-02 1.161811561219845274e-01 1.888939462903959851e-02 5.689576695493854790e-04
1.725000000000000000e+04 6.900008989557295802e-01 8.494538006372326366e-01 2.275830678197542090e-02 1.175466545289030468e-01 9.786071916249430847e-03 4.551661356395084266e-04
1.750000000000000000e+04 7.000009119840735483e-01 8.487710514337732937e-01 2.218934911242603433e-02 1.132225762403277214e-01 1.479289940828402289e-02 1.024123805188893906e-03
1.775000000000000000e+04 7.100009250124172944e-01 8.584433318161128756e-01 1.991351843422849502e-02 1.065088757396449731e-01 1.422394173873463806e-02 9.103322712790168532e-04
1.800000000000000000e+04 7.200009380407612625e-01 8.570778334091943007e-01 2.036868456986800149e-02 1.086709148839326289e-01 1.308602639963586667e-02 7.965407373691396923e-04
1.825000000000000000e+04 7.300009510691052306e-01 8.657259899863449792e-01 1.991351843422849502e-02 1.019572143832498806e-01 1.160673645880746542e-02 7.965407373691396923e-04
1.850000000000000000e+04 7.400009640974489766e-01 8.651570323167956378e-01 1.979972690031861493e-02 1.041192535275375503e-01 1.035502958579881741e-02 5.689576695493854790e-04
1.875000000000000000e+04 7.500009771257929447e-01 8.640191169776968438e-01 1.854802002730996865e-02 1.046882111970869333e-01 1.194811106053709528e-02 7.965407373691396923e-04
1.900000000000000000e+04 7.600009901541369128e-01 8.693673190714610310e-01 1.809285389167045871e-02 1.001365498406918547e-01 1.194811106053709528e-02 4.551661356395084266e-04
1.925000000000000000e+04 7.700010031824808809e-01 8.722121074192079604e-01 1.718252162039144229e-02 9.865725989986344480e-02 1.126536185707783383e-02 6.827492034592626399e-04
1.950000000000000000e+04 7.800010162108246270e-01 8.731224396904869733e-01 1.752389622212107562e-02 1.000227583067819781e-01 8.648156577150659455e-03 6.827492034592626399e-04
1.975000000000000000e+04 7.900010292391685951e-01 8.825671370050067743e-01 1.558944014565316269e-02 8.864360491579426071e-02 1.263086026399635846e-02 5.689576695493854790e-04
2.000000000000000000e+04 8.000010422675125632e-01 8.858670914883932657e-01 1.342740100136549826e-02 8.807464724624487762e-02 1.172052799271734204e-02 9.103322712790168532e-04
2.025000000000000000e+04 8.100010552958563093e-01 8.854119253527537037e-01 1.502048247610377786e-02 8.852981338188438409e-02 9.786071916249430847e-03 1.251706873008648227e-03
2.050000000000000000e+04 8.200010683242002774e-01 8.907601274465180019e-01 1.217569412835685025e-02 8.522985889849794827e-02 1.092398725534820224e-02 9.103322712790168532e-04
2.075000000000000000e+04 8.300010813525442455e-01 8.922394173873463563e-01 1.081019572143832562e-02 8.249886208466089554e-02 1.308602639963586667e-02 1.365498406918525280e-03
2.100000000000000000e+04 8.400010943808882136e-01 9.002048247610378029e-01 9.217114246700046018e-03 7.988165680473373331e-02 9.672280382339554228e-03 1.024123805188893906e-03
2.125000000000000000e+04 8.500011074092319596e-01 9.046426945835229771e-01 9.217114246700046018e-03 7.476103777878925771e-02 1.001365498406918582e-02 1.365498406918525280e-03
2.150000000000000000e+04 8.600011204375759277e-01 9.037323623122439642e-01 8.420573509330906217e-03 7.646791078743742087e-02 1.024123805188893906e-02 1.137915339098770958e-03
2.175000000000000000e+04 8.700011334659198958e-01 9.061219845243514426e-01 8.534365043240782836e-03 7.453345471096950448e-02 9.672280382339554228e-03 1.137915339098770958e-03
2.200000000000000000e+04 8.800011464942638639e-01 9.096495220755576039e-01 7.851615839781519654e-03 7.066454255803368556e-02 1.024123805188893906e-02 1.593081474738279385e-03
2.225000000000000000e+04 8.900011595226076100e-01 9.091943559399180419e-01 8.761948111060537808e-03 7.259899863450158808e-02 8.079198907601274626e-03 1.365498406918525280e-03
2.250000000000000000e+04 9.000011725509515781e-01 9.103322712790168358e-01 8.761948111060537808e-03 7.157487482931269851e-02 8.534365043240782836e-03 7.965407373691396923e-04
2.275000000000000000e+04 9.100011855792955462e-01 9.111288120163859583e-01 8.761948111060537808e-03 7.066454255803368556e-02 8.079198907601274626e-03 1.365498406918525280e-03
2.300000000000000000e+04 9.200011986076392922e-01 9.135184342284934367e-01 8.306781975421027864e-03 6.816112881201638607e-02 8.534365043240782836e-03 1.479289940828402332e-03
2.325000000000000000e+04 9.300012116359832604e-01 9.189804278561675144e-01 7.851615839781519654e-03 6.213017751479289752e-02 1.001365498406918582e-02 1.024123805188893906e-03
2.350000000000000000e+04 9.400012246643272285e-01 9.297906235776057793e-01 6.486117432862995025e-03 5.427856167501137613e-02 8.534365043240782836e-03 9.103322712790168532e-04
2.375000000000000000e+04 9.500012376926711966e-01 9.274010013654984119e-01 6.827492034592626616e-03 5.541647701411014926e-02 8.989531178880291046e-03 1.365498406918525280e-03
2.400000000000000000e+04 9.600012507210149426e-01 9.343422849340009551e-01 7.396449704142011444e-03 5.040964952207555722e-02 6.486117432862995025e-03 1.365498406918525280e-03
2.425000000000000000e+04 9.700012637493589107e-01 9.304733727810651223e-01 8.534365043240782836e-03 5.063723258989531045e-02 8.761948111060537808e-03 1.593081474738279385e-03
2.450000000000000000e+04 9.800012767777028788e-01 9.354802002730996380e-01 8.420573509330906217e-03 4.654073736913973830e-02 7.851615839781519654e-03 1.706873008648156654e-03
2.475000000000000000e+04 9.900012898060466249e-01 9.401456531634045932e-01 7.055075102412380721e-03 4.369594902139280895e-02 7.282658170232134826e-03 1.820664542558033706e-03
2.500000000000000000e+04 1.000001302834390593e+00 9.444697314519799880e-01 7.737824305871643035e-03 4.005461993627674328e-02 5.803368229403732710e-03 1.934456076467910759e-03
