# itime ezz other fcc hcp bcc ico
0.000000000000000000e+00 0.000000000000000000e+00 0.000000000000000000e+00 1.000000000000000000e+00 0.000000000000000000e+00 0.000000000000000000e+00 0.000000000000000000e+00
2.500000000000000000e+01 9.999783921073035486e-04 0.000000000000000000e+00 1.000000000000000000e+00 0.000000000000000000e+00 0.000000000000000000e+00 0.000000000000000000e+00
5.000000000000000000e+01 1.999956784214607097e-03 0.000000000000000000e+00 1.000000000000000000e+00 0.000000000000000000e+00 0.000000000000000000e+00 0.000000000000000000e+00
7.500000000000000000e+01 2.999935176321910646e-03 0.000000000000000000e+00 1.000000000000000000e+00 0.000000000000000000e+00 0.000000000000000000e+00 0.000000000000000000e+00
1.000000000000000000e+02 3.999913568429214195e-03 0.000000000000000000e+00 1.000000000000000000e+00 0.000000000000000000e+00 0.000000000000000000e+00 0.000000000000000000e+00
1.250000000000000000e+02 4.999891960536517743e-03 0.000000000000000000e+00 1.000000000000000000e+00 0.000000000000000000e+00 0.000000000000000000e+00 0.000000000000000000e+00
1.500000000000000000e+02 5.999870352643821292e-03 0.000000000000000000e+00 1.000000000000000000e+00 0.000000000000000000e+00 0.000000000000000000e+00 0.000000000000000000e+00
1.750000000000000000e+02 6.999848744751124840e-03 0.000000000000000000e+00 1.000000000000000000e+00 0.000000000000000000e+00 0.000000000000000000e+00 0.000000000000000000e+00
2.000000000000000000e+02 7.999827136858428389e-03 0.000000000000000000e+00 1.000000000000000000e+00 0.000000000000000000e+00 0.000000000000000000e+00 0.000000000000000000e+00
2.250000000000000000e+02 8.999805528965731938e-03 0.000000000000000000e+00 1.000000000000000000e+00 0.000000000000000000e+00 0.000000000000000000e+00 0.000000000000000000e+00
2.500000000000000000e+02 9.999783921073035486e-03 0.000000000000000000e+00 1.000000000000000000e+00 0.000000000000000000e+00 0.000000000000000000e+00 0.000000000000000000e+00
2.750000000000000000e+02 1.099976231318033904e-02 0.000000000000000000e+00 1.000000000000000000e+00 0.000000000000000000e+00 0.000000000000000000e+00 0.000000000000000000e+00
3.000000000000000000e+02 1.199974070528764258e-02 0.000000000000000000e+00 1.000000000000000000e+00 0.000000000000000000e+00 0.000000000000000000e+00 0.000000000000000000e+00
3.250000000000000000e+02 1.299971909739494613e-02 0.000000000000000000e+00 1.000000000000000000e+00 0.000000000000000000e+00 0.000000000000000000e+00 0.000000000000000000e+00
3.500000000000000000e+02 1.399969748950224968e-02 0.000000000000000000e+00 1.000000000000000000e+00 0.000000000000000000e+00 0.000000000000000000e+00 0.000000000000000000e+00
3.750000000000000000e+02 1.499967588160955323e-02 0.000000000000000000e+00 1.000000000000000000e+00 0.000000000000000000e+00 0.000000000000000000e+00 0.000000000000000000e+00
4.000000000000000000e+02 1.599965427371685678e-02 0.000000000000000000e+00 1.000000000000000000e+00 0.000000000000000000e+00 0.000000000000000000e+00 0.000000000000000000e+00
4.250000000000000000e+02 1.699963266582416033e-02 0.000000000000000000e+00 1.000000000000000000e+00 0.000000000000000000e+00 0.000000000000000000e+00 0.000000000000000000e+00
4.500000000000000000e+02 1.799961105793146388e-02 0.000000000000000000e+00 1.000000000000000000e+00 0.000000000000000000e+00 0.000000000000000000e+00 0.000000000000000000e+00
4.750000000000000000e+02 1.899958945003876742e-02 0.000000000000000000e+00 1.000000000000000000e+00 0.000000000000000000e+00 0.000000000000000000e+00 0.000000000000000000e+00
5.000000000000000000e+02 1.999956784214607097e-02 0.000000000000000000e+00 1.000000000000000000e+00 0.000000000000000000e+00 0.000000000000000000e+00 0.000000000000000000e+00
5.250000000000000000e+02 2.099954623425337452e-02 0.000000000000000000e+00 1.000000000000000000e+00 0.000000000000000000e+00 0.000000000000000000e+00 0.000000000000000000e+00
5.500000000000000000e+02 2.199952462636067807e-02 0.000000000000000000e+00 1.000000000000000000e+00 0.000000000000000000e+00 0.000000000000000000e+00 0.000000000000000000e+00
5.750000000000000000e+02 2.299950301846798162e-02 0.000000000000000000e+00 1.000000000000000000e+00 0.000000000000000000e+00 0.000000000000000000e+00 0.000000000000000000e+00
6.000000000000000000e+02 2.399948141057528517e-02 0.000000000000000000e+00 1.000000000000000000e+00 0.000000000000000000e+00 0.000000000000000000e+00 0.000000000000000000e+00
6.250000000000000000e+02 2.499945980268258872e-02 0.000000000000000000e+00 1.000000000000000000e+00 0.000000000000000000e+00 0.000000000000000000e+00 0.000000000000000000e+00
6.500000000000000000e+02 2.599943819478989226e-02 0.000000000000000000e+00 1.000000000000000000e+00 0.000000000000000000e+00 0.000000000000000000e+00 0.000000000000000000e+00
6.750000000000000000e+02 2.699941658689719581e-02 0.000000000000000000e+00 1.000000000000000000e+00 0.000000000000000000e+00 0.000000000000000000e+00 0.000000000000000000e+00
7.000000000000000000e+02 2.799939497900449936e-02 0.000000000000000000e+00 1.000000000000000000e+00 0.000000000000000000e+00 0.000000000000000000e+00 0.000000000000000000e+00
7.250000000000000000e+02 2.899937337111180291e-02 0.000000000000000000e+00 1.000000000000000000e+00 0.000000000000000000e+00 0.000000000000000000e+00 0.000000000000000000e+00
7.500000000000000000e+02 2.999935176321888441e-02 0.000000000000000000e+00 1.000000000000000000e+00 0.000000000000000000e+00 0.000000000000000000e+00 0.000000000000000000e+00
7.750000000000000000e+02 3.099933015532618796e-02 0.000000000000000000e+00 1.000000000000000000e+00 0.000000000000000000e+00 0.000000000000000000e+00 0.000000000000000000e+00
8.000000000000000000e+02 3.199930854743349151e-02 0.000000000000000000e+00 1.000000000000000000e+00 0.000000000000000000e+00 0.000000000000000000e+00 0.000000000000000000e+00
8.250000000000000000e+02 3.299928693954079506e-02 0.000000000000000000e+00 1.000000000000000000e+00 0.000000000000000000e+00 0.000000000000000000e+00 0.000000000000000000e+00
8.500000000000000000e+02 3.399926533164809861e-02 0.000000000000000000e+00 1.000000000000000000e+00 0.000000000000000000e+00 0.000000000000000000e+00 0.000000000000000000e+00
8.750000000000000000e+02 3.499924372375540216e-02 0.000000000000000000e+00 1.000000000000000000e+00 0.000000000000000000e+00 0.000000000000000000e+00 0.000000000000000000e+00
9.000000000000000000e+02 3.599922211586270571e-02 0.000000000000000000e+00 1.000000000000000000e+00 0.000000000000000000e+00 0.000000000000000000e+00 0.000000000000000000e+00
9.250000000000000000e+02 3.699920050797000926e-02 0.000000000000000000e+00 1.000000000000000000e+00 0.000000000000000000e+00 0.000000000000000000e+00 0.000000000000000000e+00
9.500000000000000000e+02 3.799917890007731280e-02 0.000000000000000000e+00 1.000000000000000000e+00 0.000000000000000000e+00 0.000000000000000000e+00 0.000000000000000000e+00
9.750000000000000000e+02 3.899915729218461635e-02 0.000000000000000000e+00 1.000000000000000000e+00 0.000000000000000000e+00 0.000000000000000000e+00 0.000000000000000000e+00
1.000000000000000000e+03 3.999913568429191990e-02 0.000000000000000000e+00 1.000000000000000000e+00 0.000000000000000000e+00 0.000000000000000000e+00 0.000000000000000000e+00
1.025000000000000000e+03 4.099911407639922345e-02 0.000000000000000000e+00 1.000000000000000000e+00 0.000000000000000000e+00 0.000000000000000000e+00 0.000000000000000000e+00
1.050000000000000000e+03 4.199909246850652700e-02 0.000000000000000000e+00 1.000000000000000000e+00 0.000000000000000000e+00 0.000000000000000000e+00 0.000000000000000000e+00
1.075000000000000000e+03 4.299907086061383055e-02 0.000000000000000000e+00 1.000000000000000000e+00 0.000000000000000000e+00 0.000000000000000000e+00 0.000000000000000000e+00
1.100000000000000000e+03 4.399904925272113410e-02 0.000000000000000000e+00 1.000000000000000000e+00 0.000000000000000000e+00 0.000000000000000000e+00 0.000000000000000000e+00
1.125000000000000000e+03 4.499902764482843764e-02 0.000000000000000000e+00 1.000000000000000000e+00 0.000000000000000000e+00 0.000000000000000000e+00 0.000000000000000000e+00
1.150000000000000000e+03 4.599900603693574119e-02 0.000000000000000000e+00 1.000000000000000000e+00 0.000000000000000000e+00 0.000000000000000000e+00 0.000000000000000000e+00
1.175000000000000000e+03 4.699898442904304474e-02 0.000000000000000000e+00 1.000000000000000000e+00 0.000000000000000000e+00 0.000000000000000000e+00 0.000000000000000000e+00
1.200000000000000000e+03 4.799896282115034829e-02 0.000000000000000000e+00 1.000000000000000000e+00 0.000000000000000000e+00 0.000000000000000000e+00 0.000000000000000000e+00
1.225000000000000000e+03 4.899894121325765184e-02 0.000000000000000000e+00 1.000000000000000000e+00 0.000000000000000000e+00 0.000000000000000000e+00 0.000000000000000000e+00
1.250000000000000000e+03 4.999891960536495539e-02 0.000000000000000000e+00 1.000000000000000000e+00 0.000000000000000000e+00 0.000000000000000000e+00 0.000000000000000000e+00
1.275000000000000000e+03 5.099889799747225894e-02 0.000000000000000000e+00 1.000000000000000000e+00 0.000000000000000000e+00 0.000000000000000000e+00 0.000000000000000000e+00
1.300000000000000000e+03 5.199887638957956248e-02 0.000000000000000000e+00 1.000000000000000000e+00 0.000000000000000000e+00 0.000000000000000000e+00 0.000000000000000000e+00
1.325000000000000000e+03 5.299885478168686603e-02 0.000000000000000000e+00 1.000000000000000000e+00 0.000000000000000000e+00 0.000000000000000000e+00 0.000000000000000000e+00
1.350000000000000000e+03 5.399883317379416958e-02 0.000000000000000000e+00 1.000000000000000000e+00 0.000000000000000000e+00 0.000000000000000000e+00 0.000000000000000000e+00
1.375000000000000000e+03 5.499881156590147313e-02 0.000000000000000000e+00 1.000000000000000000e+00 0.000000000000000000e+00 0.000000000000000000e+00 0.000000000000000000e+00
1.400000000000000000e+03 5.599878995800877668e-02 0.000000000000000000e+00 1.000000000000000000e+00 0.000000000000000000e+00 0.000000000000000000e+00 0.000000000000000000e+00
1.425000000000000000e+03 5.699876835011608023e-02 0.000000000000000000e+00 1.000000000000000000e+00 0.000000000000000000e+00 0.000000000000000000e+00 0.000000000000000000e+00
1.450000000000000000e+03 5.799874674222338378e-02 0.000000000000000000e+00 1.000000000000000000e+00 0.000000000000000000e+00 0.000000000000000000e+00 0.000000000000000000e+00
1.475000000000000000e+03 5.899872513433068733e-02 0.000000000000000000e+00 1.000000000000000000e+00 0.000000000000000000e+00 0.000000000000000000e+00 0.000000000000000000e+00
1.500000000000000000e+03 5.999870352643799087e-02 0.000000000000000000e+00 1.000000000000000000e+00 0.000000000000000000e+00 0.000000000000000000e+00 0.000000000000000000e+00
1.525000000000000000e+03 6.099868191854529442e-02 0.000000000000000000e+00 1.000000000000000000e+00 0.000000000000000000e+00 0.000000000000000000e+00 0.000000000000000000e+00
1.550000000000000000e+03 6.199866031065259797e-02 0.000000000000000000e+00 1.000000000000000000e+00 0.000000000000000000e+00 0.000000000000000000e+00 0.000000000000000000e+00
1.575000000000000000e+03 6.299863870275990152e-02 0.000000000000000000e+00 1.000000000000000000e+00 0.000000000000000000e+00 0.000000000000000000e+00 0.000000000000000000e+00
1.600000000000000000e+03 6.399861709486720507e-02 0.000000000000000000e+00 1.000000000000000000e+00 0.000000000000000000e+00 0.000000000000000000e+00 0.000000000000000000e+00
1.625000000000000000e+03 6.499859548697450862e-02 0.000000000000000000e+00 1.000000000000000000e+00 0.000000000000000000e+00 0.000000000000000000e+00 0.000000000000000000e+00
1.650000000000000000e+03 6.599857387908181217e-02 1.137915339098771066e-04 9.998862084660901095e-01 0.000000000000000000e+00 0.000000000000000000e+00 0.000000000000000000e+00
1.675000000000000000e+03 6.699855227118911571e-02 0.000000000000000000e+00 1.000000000000000000e+00 0.000000000000000000e+00 0.000000000000000000e+00 0.000000000000000000e+00
1.700000000000000000e+03 6.799853066329641926e-02 0.000000000000000000e+00 1.000000000000000000e+00 0.000000000000000000e+00 0.000000000000000000e+00 0.000000000000000000e+00
1.725000000000000000e+03 6.899850905540372281e-02 0.000000000000000000e+00 1.000000000000000000e+00 0.000000000000000000e+00 0.000000000000000000e+00 0.000000000000000000e+00
1.750000000000000000e+03 6.999848744751102636e-02 0.000000000000000000e+00 1.000000000000000000e+00 0.000000000000000000e+00 0.000000000000000000e+00 0.000000000000000000e+00
1.775000000000000000e+03 7.099846583961832991e-02 1.137915339098771066e-04 9.998862084660901095e-01 0.000000000000000000e+00 0.000000000000000000e+00 0.000000000000000000e+00
1.800000000000000000e+03 7.199844423172563346e-02 0.000000000000000000e+00 1.000000000000000000e+00 0.000000000000000000e+00 0.000000000000000000e+00 0.000000000000000000e+00
1.825000000000000000e+03 7.299842262383293701e-02 1.024123805188893906e-03 9.989758761948110966e-01 0.000000000000000000e+00 0.000000000000000000e+00 0.000000000000000000e+00
1.850000000000000000e+03 7.399840101594024055e-02 0.000000000000000000e+00 1.000000000000000000e+00 0.000000000000000000e+00 0.000000000000000000e+00 0.000000000000000000e+00
1.875000000000000000e+03 7.499837940804754410e-02 0.000000000000000000e+00 1.000000000000000000e+00 0.000000000000000000e+00 0.000000000000000000e+00 0.000000000000000000e+00
1.900000000000000000e+03 7.599835780015484765e-02 0.000000000000000000e+00 1.000000000000000000e+00 0.000000000000000000e+00 0.000000000000000000e+00 0.000000000000000000e+00
1.925000000000000000e+03 7.699833619226215120e-02 0.000000000000000000e+00 1.000000000000000000e+00 0.000000000000000000e+00 0.000000000000000000e+00 0.000000000000000000e+00
1.950000000000000000e+03 7.799831458436945475e-02 2.275830678197542133e-04 9.997724169321802190e-01 0.000000000000000000e+00 0.000000000000000000e+00 0.000000000000000000e+00
1.975000000000000000e+03 7.899829297647675830e-02 0.000000000000000000e+00 1.000000000000000000e+00 0.000000000000000000e+00 0.000000000000000000e+00 0.000000000000000000e+00
2.000000000000000000e+03 7.999827136858406185e-02 3.413746017296313199e-04 9.995448338643604380e-01 0.000000000000000000e+00 1.137915339098771066e-04 0.000000000000000000e+00
2.025000000000000000e+03 8.099824976069136540e-02 2.275830678197542133e-04 9.997724169321802190e-01 0.000000000000000000e+00 0.000000000000000000e+00 0.000000000000000000e+00
2.050000000000000000e+03 8.199822815279866894e-02 0.000000000000000000e+00 1.000000000000000000e+00 0.000000000000000000e+00 0.000000000000000000e+00 0.000000000000000000e+00
2.075000000000000000e+03 8.299820654490597249e-02 2.275830678197542133e-04 9.997724169321802190e-01 0.000000000000000000e+00 0.000000000000000000e+00 0.000000000000000000e+00
2.100000000000000000e+03 8.399818493701327604e-02 1.137915339098771066e-04 9.998862084660901095e-01 0.000000000000000000e+00 0.000000000000000000e+00 0.000000000000000000e+00
2.125000000000000000e+03 8.499816332912057959e-02 4.551661356395084266e-04 9.995448338643604380e-01 0.000000000000000000e+00 0.000000000000000000e+00 0.000000000000000000e+00
2.150000000000000000e+03 8.599814172122788314e-02 1.137915339098770958e-03 9.988620846609012061e-01 0.000000000000000000e+00 0.000000000000000000e+00 0.000000000000000000e+00
2.175000000000000000e+03 8.699812011333518669e-02 7.965407373691396923e-04 9.990896677287209870e-01 0.000000000000000000e+00 1.137915339098771066e-04 0.000000000000000000e+00
2.200000000000000000e+03 8.799809850544249024e-02 4.551661356395084266e-04 9.995448338643604380e-01 0.000000000000000000e+00 0.000000000000000000e+00 0.000000000000000000e+00
2.225000000000000000e+03 8.899807689754957174e-02 5.689576695493854790e-04 9.993172507965407680e-01 0.000000000000000000e+00 1.137915339098771066e-04 0.000000000000000000e+00
2.250000000000000000e+03 8.999805528965687529e-02 5.689576695493854790e-04 9.994310423304506585e-01 0.000000000000000000e+00 0.000000000000000000e+00 0.000000000000000000e+00
2.275000000000000000e+03 9.099803368176417884e-02 1.024123805188893906e-03 9.989758761948110966e-01 0.000000000000000000e+00 0.000000000000000000e+00 0.000000000000000000e+00
2.300000000000000000e+03 9.199801207387148239e-02 0.000000000000000000e+00 9.998862084660901095e-01 0.000000000000000000e+00 1.137915339098771066e-04 0.000000000000000000e+00
2.325000000000000000e+03 9.299799046597878593e-02 9.103322712790168532e-04 9.990896677287209870e-01 0.000000000000000000e+00 0.000000000000000000e+00 0.000000000000000000e+00
2.350000000000000000e+03 9.399796885808608948e-02 1.706873008648156654e-03 9.982931269913518646e-01 0.000000000000000000e+00 0.000000000000000000e+00 0.000000000000000000e+00
2.375000000000000000e+03 9.499794725019339303e-02 1.365498406918525280e-03 9.986345015930814251e-01 0.000000000000000000e+00 0.000000000000000000e+00 0.000000000000000000e+00
2.400000000000000000e+03 9.599792564230069658e-02 1.706873008648156654e-03 9.982931269913518646e-01 0.000000000000000000e+00 0.000000000000000000e+00 0.000000000000000000e+00
2.425000000000000000e+03 9.699790403440800013e-02 3.527537551206190360e-03 9.960172963131542767e-01 0.000000000000000000e+00 4.551661356395084266e-04 0.000000000000000000e+00
2.450000000000000000e+03 9.799788242651530368e-02 1.137915339098770958e-03 9.988620846609012061e-01 0.000000000000000000e+00 0.000000000000000000e+00 0.000000000000000000e+00
2.475000000000000000e+03 9.899786081862260723e-02 1.365498406918525280e-03 9.984069185252617551e-01 0.000000000000000000e+00 2.275830678197542133e-04 0.000000000000000000e+00
2.500000000000000000e+03 9.999783921072991077e-02 2.048247610377787811e-03 9.979517523896221931e-01 0.000000000000000000e+00 0.000000000000000000e+00 0.000000000000000000e+00
2.525000000000000000e+03 1.009978176028372143e-01 1.137915339098770958e-03 9.988620846609012061e-01 0.000000000000000000e+00 0.000000000000000000e+00 0.000000000000000000e+00
2.550000000000000000e+03 1.019977959949445179e-01 2.389622212107419402e-03 9.973827947200728516e-01 0.000000000000000000e+00 2.275830678197542133e-04 0.000000000000000000e+00
2.575000000000000000e+03 1.029977743870518214e-01 2.162039144287664864e-03 9.978379608557123026e-01 0.000000000000000000e+00 0.000000000000000000e+00 0.000000000000000000e+00
2.600000000000000000e+03 1.039977527791591250e-01 4.779244424214838804e-03 9.952207555757851543e-01 0.000000000000000000e+00 0.000000000000000000e+00 0.000000000000000000e+00
2.625000000000000000e+03 1.049977311712664285e-01 3.868912152935821518e-03 9.960172963131542767e-01 0.000000000000000000e+00 1.137915339098771066e-04 0.000000000000000000e+00
2.650000000000000000e+03 1.059977095633737321e-01 4.210286754665453109e-03 9.955621301775148257e-01 0.000000000000000000e+00 2.275830678197542133e-04 0.000000000000000000e+00
2.675000000000000000e+03 1.069976879554810356e-01 5.006827492034592909e-03 9.946517979062358128e-01 0.000000000000000000e+00 3.413746017296313199e-04 0.000000000000000000e+00
2.700000000000000000e+03 1.079976663475883392e-01 7.624032771961766417e-03 9.913518434228493215e-01 0.000000000000000000e+00 1.024123805188893906e-03 0.000000000000000000e+00
2.725000000000000000e+03 1.089976447396956427e-01 8.420573509330906217e-03 9.911242603550295405e-01 0.000000000000000000e+00 4.551661356395084266e-04 0.000000000000000000e+00
2.750000000000000000e+03 1.099976231318029463e-01 6.941283568502503235e-03 9.926035502958580059e-01 0.000000000000000000e+00 4.551661356395084266e-04 0.000000000000000000e+00
2.775000000000000000e+03 1.109976015239102498e-01 8.192990441511151245e-03 9.915794264906691025e-01 0.000000000000000000e+00 2.275830678197542133e-04 0.000000000000000000e+00
2.800000000000000000e+03 1.119975799160175534e-01 1.194811106053709528e-02 9.875967228038233792e-01 0.000000000000000000e+00 4.551661356395084266e-04 0.000000000000000000e+00
2.825000000000000000e+03 1.129975583081248569e-01 8.079198907601274626e-03 9.915794264906691025e-01 0.000000000000000000e+00 3.413746017296313199e-04 0.000000000000000000e+00
2.850000000000000000e+03 1.139975367002321605e-01 1.365498406918525323e-02 9.857760582612653533e-01 0.000000000000000000e+00 5.689576695493854790e-04 0.000000000000000000e+00
2.875000000000000000e+03 1.149975150923394640e-01 1.991351843422849502e-02 9.790623577605825911e-01 0.000000000000000000e+00 1.024123805188893906e-03 0.000000000000000000e+00
2.900000000000000000e+03 1.159974934844467676e-01 2.241693218024579104e-02 9.749658625398270884e-01 0.000000000000000000e+00 2.617205279927173507e-03 0.000000000000000000e+00
2.925000000000000000e+03 1.169974718765540711e-01 3.117888029130632538e-02 9.648384160218479444e-01 0.000000000000000000e+00 3.982703686845699004e-03 0.000000000000000000e+00
2.950000000000000000e+03 1.179974502686613747e-01 3.311333636777423484e-02 9.596040054619936477e-01 0.000000000000000000e+00 7.282658170232134826e-03 0.000000000000000000e+00
2.975000000000000000e+03 1.189974286607686782e-01 5.097860719162494031e-02 9.325216203914429292e-01 0.000000000000000000e+00 1.649977241693217911e-02 0.000000000000000000e+00
3.000000000000000000e+03 1.199974070528759817e-01 7.191624943104232837e-02 8.897360036413290985e-01 0.000000000000000000e+00 3.834774692762858705e-02 0.000000000000000000e+00
3.025000000000000000e+03 1.209973854449832853e-01 1.125398270368684617e-01 7.946062812926718566e-01 0.000000000000000000e+00 9.285389167045972336e-02 0.000000000000000000e+00
3.050000000000000000e+03 1.219973638370905888e-01 1.753527537551206328e-01 6.267637687756031362e-01 0.000000000000000000e+00 1.978834774692762866e-01 0.000000000000000000e+00
3.075000000000000000e+03 1.229973422291978924e-01 2.561447428311333652e-01 4.148839326354119006e-01 0.000000000000000000e+00 3.289713245334547342e-01 0.000000000000000000e+00
3.100000000000000000e+03 1.239973206213051959e-01 3.272644515248065433e-01 2.383932635411925294e-01 3.413746017296313199e-04 4.340009103322712836e-01 0.000000000000000000e+00
3.125000000000000000e+03 1.249972990134124995e-01 3.678880291306326766e-01 1.449704142011834229e-01 3.413746017296313199e-04 4.868001820664542567e-01 0.000000000000000000e+00
3.150000000000000000e+03 1.259972774055198030e-01 3.772189349112425871e-01 1.198224852071005930e-01 1.479289940828402332e-03 5.014792899408283544e-01 0.000000000000000000e+00
3.175000000000000000e+03 1.269972557976271066e-01 3.623122439690487084e-01 1.385980883022303045e-01 2.389622212107419402e-03 4.967000455166135642e-01 0.000000000000000000e+00
3.200000000000000000e+03 1.279972341897344101e-01 3.504779244424214846e-01 1.622667273554847522e-01 3.072371415566681717e-03 4.841829767865271084e-01 0.000000000000000000e+00
3.225000000000000000e+03 1.289972125818417137e-01 3.739189804278561513e-01 1.398497951752389612e-01 7.168866636322257339e-03 4.790623577605825911e-01 0.000000000000000000e+00
3.250000000000000000e+03 1.299971909739490172e-01 3.896222121074192080e-01 1.211879836140191125e-01 1.194811106053709528e-02 4.772416932180245652e-01 0.000000000000000000e+00
3.275000000000000000e+03 1.309971693660563208e-01 3.888256713700500855e-01 1.182294037323623065e-01 1.979972690031861493e-02 4.731451979972690070e-01 0.000000000000000000e+00
3.300000000000000000e+03 1.319971477581636243e-01 3.790395994538006130e-01 1.191397360036413333e-01 3.015475648611743234e-02 4.716659080564405970e-01 0.000000000000000000e+00
3.325000000000000000e+03 1.329971261502709279e-01 3.691397360036413056e-01 1.170914883932635403e-01 4.426490669094219205e-02 4.695038689121529552e-01 0.000000000000000000e+00
3.350000000000000000e+03 1.339971045423782314e-01 3.412608101957214646e-01 1.283568502503413811e-01 6.292671825216203385e-02 4.674556213017751483e-01 0.000000000000000000e+00
3.375000000000000000e+03 1.349970829344855350e-01 3.482020937642239522e-01 1.267637687756031084e-01 7.658170232134729749e-02 4.484524351388256558e-01 0.000000000000000000e+00
3.400000000000000000e+03 1.359970613265928385e-01 3.713017751479290030e-01 1.308602639963586667e-01 9.706417842512517213e-02 4.007737824305871444e-01 0.000000000000000000e+00
3.425000000000000000e+03 1.369970397187001421e-01 3.816568047337278169e-01 1.408739189804278646e-01 1.283568502503413811e-01 3.491124260355029651e-01 0.000000000000000000e+00
3.450000000000000000e+03 1.379970181108074456e-01 3.760810195721438487e-01 1.550978607191624836e-01 1.474738279472007363e-01 3.213472917614929592e-01 0.000000000000000000e+00
3.475000000000000000e+03 1.389969965029147492e-01 3.837050523441056238e-01 1.689804278561675144e-01 1.605598543468365891e-01 2.867546654528903005e-01 0.000000000000000000e+00
3.500000000000000000e+03 1.399969748950220527e-01 4.028220300409649512e-01 1.774010013654984119e-01 1.638598088302230249e-01 2.559171597633135842e-01 0.000000000000000000e+00
3.525000000000000000e+03 1.409969532871293563e-01 3.945152480655439442e-01 1.883249886208466228e-01 1.775147928994082747e-01 2.396449704142011861e-01 0.000000000000000000e+00
3.550000000000000000e+03 1.419969316792366598e-01 4.016841147018661573e-01 2.028903049613108855e-01 1.993627674101046965e-01 1.960628129267182607e-01 0.000000000000000000e+00
3.575000000000000000e+03 1.429969100713439634e-01 4.049840691852525931e-01 2.106281292671825234e-01 2.084660901228948537e-01 1.759217114246700020e-01 0.000000000000000000e+00
3.600000000000000000e+03 1.439968884634512669e-01 3.912152935821575084e-01 2.251934456076467861e-01 2.204142011834319403e-01 1.631770596267637652e-01 0.000000000000000000e+00
3.625000000000000000e+03 1.449968668555585705e-01 3.916704597177970149e-01 2.329312699135184239e-01 2.302002730996813851e-01 1.451979972690031762e-01 0.000000000000000000e+00
3.650000000000000000e+03 1.459968452476658740e-01 3.881429221665907980e-01 2.413518434228493492e-01 2.374829312699135164e-01 1.330223031406463363e-01 0.000000000000000000e+00
3.675000000000000000e+03 1.469968236397731776e-01 3.932635411925352598e-01 2.414656349567592120e-01 2.421483841602184717e-01 1.231224396904870289e-01 0.000000000000000000e+00
3.700000000000000000e+03 1.479968020318802591e-01 4.016841147018661573e-01 2.420345926263086089e-01 2.459035047792444140e-01 1.103777878925807920e-01 0.000000000000000000e+00
3.725000000000000000e+03 1.489967804239875626e-01 4.014565316340464318e-01 2.402139280837505553e-01 2.495448338643604935e-01 1.087847064178425194e-01 0.000000000000000000e+00
3.750000000000000000e+03 1.499967588160948662e-01 3.971324533454710926e-01 2.404415111515703363e-01 2.526172052799271484e-01 1.098088302230314089e-01 0.000000000000000000e+00
3.775000000000000000e+03 1.509967372082021697e-01 4.025944469731451703e-01 2.420345926263086089e-01 2.523896222121074229e-01 1.029813381884387841e-01 0.000000000000000000e+00
3.800000000000000000e+03 1.519967156003094733e-01 4.000910332271279124e-01 2.374829312699135164e-01 2.604688211197087044e-01 1.019572143832498806e-01 0.000000000000000000e+00
3.825000000000000000e+03 1.529966939924167768e-01 4.023668639053254448e-01 2.456759217114246607e-01 2.531861629494765453e-01 9.877105143377332142e-02 0.000000000000000000e+00
3.850000000000000000e+03 1.539966723845240804e-01 4.053254437869822646e-01 2.386208466090122826e-01 2.523896222121074229e-01 1.036640873918980438e-01 0.000000000000000000e+00
3.875000000000000000e+03 1.549966507766313839e-01 4.019116977696859383e-01 2.444242148384160318e-01 2.540964952207555583e-01 9.956759217114247162e-02 0.000000000000000000e+00
3.900000000000000000e+03 1.559966291687386875e-01 4.083978152025489194e-01 2.440828402366863881e-01 2.505689576695493970e-01 9.695038689121529552e-02 0.000000000000000000e+00
3.925000000000000000e+03 1.569966075608459910e-01 4.044151115157032517e-01 2.528447883477469293e-01 2.548930359581247362e-01 8.784706417842512438e-02 0.000000000000000000e+00
3.950000000000000000e+03 1.579965859529532946e-01 4.113563950842057393e-01 2.528447883477469293e-01 2.553482020937642427e-01 8.045061447428311641e-02 0.000000000000000000e+00
3.975000000000000000e+03 1.589965643450605981e-01 4.093081474738279324e-01 2.543240782885753393e-01 2.540964952207555583e-01 8.227127901684114231e-02 0.000000000000000000e+00
4.000000000000000000e+03 1.599965427371679016e-01 4.038461538461538547e-01 2.563723258989530907e-01 2.552344105598543522e-01 8.454710969503868856e-02 0.000000000000000000e+00
4.025000000000000000e+03 1.609965211292752052e-01 3.974738279472007085e-01 2.646791078743741532e-01 2.584205735093308975e-01 7.942649066909421296e-02 0.000000000000000000e+00
4.050000000000000000e+03 1.619964995213825087e-01 4.139736003641328876e-01 2.637687756030951403e-01 2.584205735093308975e-01 6.383705052344106068e-02 0.000000000000000000e+00
4.075000000000000000e+03 1.629964779134898123e-01 4.148839326354119006e-01 2.658170232134728916e-01 2.570550751024123781e-01 6.224396904870277414e-02 0.000000000000000000e+00
4.100000000000000000e+03 1.639964563055971158e-01 4.109012289485662328e-01 2.697997269003186149e-01 2.538689121529358328e-01 6.543013199817933334e-02 0.000000000000000000e+00
4.125000000000000000e+03 1.649964346977044194e-01 4.109012289485662328e-01 2.683204369594902050e-01 2.573964497041419941e-01 6.338188438780155420e-02 0.000000000000000000e+00
4.150000000000000000e+03 1.659964130898117229e-01 4.101046882111971104e-01 2.756030951297223641e-01 2.598998634501593075e-01 5.439235320892125969e-02 0.000000000000000000e+00
4.175000000000000000e+03 1.669963914819190265e-01 4.048702776513427581e-01 2.746927628584433512e-01 2.641101502048247562e-01 5.632680928538916915e-02 0.000000000000000000e+00
4.200000000000000000e+03 1.679963698740263300e-01 4.082840236686390289e-01 2.743513882567136797e-01 2.618343195266272239e-01 5.553026854802002588e-02 0.000000000000000000e+00
4.225000000000000000e+03 1.689963482661336336e-01 4.094219390077378229e-01 2.756030951297223641e-01 2.589895311788802945e-01 5.598543468365953235e-02 0.000000000000000000e+00
4.250000000000000000e+03 1.699963266582409371e-01 4.138598088302230527e-01 2.748065543923531862e-01 2.565999089667728716e-01 5.473372781065088954e-02 0.000000000000000000e+00
4.275000000000000000e+03 1.709963050503482407e-01 4.148839326354119006e-01 2.746927628584433512e-01 2.603550295857988139e-01 5.006827492034592736e-02 0.000000000000000000e+00
4.300000000000000000e+03 1.719962834424555442e-01 4.120391442876649712e-01 2.710514337733272439e-01 2.634274010013655243e-01 5.348202093764223980e-02 0.000000000000000000e+00
4.325000000000000000e+03 1.729962618345628478e-01 4.091943559399180974e-01 2.742375967228038447e-01 2.695721438324988894e-01 4.699590350477924477e-02 0.000000000000000000e+00
4.350000000000000000e+03 1.739962402266701513e-01 4.157942649066909691e-01 2.758306781975420896e-01 2.664997724169321791e-01 4.187528447883477611e-02 0.000000000000000000e+00
4.375000000000000000e+03 1.749962186187774549e-01 4.094219390077378229e-01 2.756030951297223641e-01 2.700273099681383959e-01 4.494765589440145870e-02 0.000000000000000000e+00
4.400000000000000000e+03 1.759961970108847584e-01 4.130632680928538747e-01 2.744651797906235702e-01 2.687756030951297115e-01 4.369594902139280895e-02 0.000000000000000000e+00
4.425000000000000000e+03 1.769961754029920620e-01 4.163632225762403105e-01 2.754893035958124736e-01 2.650204824761037692e-01 4.312699135184342586e-02 0.000000000000000000e+00
4.450000000000000000e+03 1.779961537950993655e-01 4.095357305416477134e-01 2.822030040964952358e-01 2.611515703231679364e-01 4.710969503868912139e-02 0.000000000000000000e+00
4.475000000000000000e+03 1.789961321872066691e-01 4.110150204824761233e-01 2.847064178425124936e-01 2.620619025944469493e-01 4.221665908056440597e-02 0.000000000000000000e+00
4.500000000000000000e+03 1.799961105793139726e-01 4.083978152025489194e-01 2.918752844788347622e-01 2.621756941283568398e-01 3.755120619025944378e-02 0.000000000000000000e+00
4.525000000000000000e+03 1.809960889714212762e-01 4.105598543468366168e-01 2.948338643604915821e-01 2.595584888484296915e-01 3.504779244424215123e-02 0.000000000000000000e+00
4.550000000000000000e+03 1.819960673635285797e-01 4.077150659990896875e-01 3.025716886663632477e-01 2.531861629494765453e-01 3.652708238507055422e-02 0.000000000000000000e+00
4.575000000000000000e+03 1.829960457556358833e-01 4.050978607191624836e-01 3.017751479289940697e-01 2.559171597633135842e-01 3.720983158852981393e-02 0.000000000000000000e+00
4.600000000000000000e+03 1.839960241477431868e-01 4.043013199817933612e-01 3.040509786071916021e-01 2.547792444242148457e-01 3.686845698680018407e-02 0.000000000000000000e+00
4.625000000000000000e+03 1.849960025398504904e-01 4.037323623122439642e-01 3.038233955393718766e-01 2.589895311788802945e-01 3.345471096950387163e-02 0.000000000000000000e+00
4.650000000000000000e+03 1.859959809319577939e-01 4.038461538461538547e-01 3.078060992262175444e-01 2.571688666363222686e-01 3.117888029130632538e-02 0.000000000000000000e+00
4.675000000000000000e+03 1.869959593240650975e-01 4.115839781520254648e-01 3.074647246244879284e-01 2.480655439235320836e-01 3.288575329995448160e-02 0.000000000000000000e+00
4.700000000000000000e+03 1.879959377161724010e-01 4.052116522530723741e-01 3.104233045061447482e-01 2.479517523896222209e-01 3.641329085116067066e-02 0.000000000000000000e+00
4.725000000000000000e+03 1.889959161082797046e-01 4.053254437869822646e-01 3.149749658625398130e-01 2.469276285844333174e-01 3.277196176604460498e-02 0.000000000000000000e+00
4.750000000000000000e+03 1.899958945003870081e-01 4.107874374146563423e-01 3.220300409649521911e-01 2.387346381429221731e-01 2.844788347746927612e-02 0.000000000000000000e+00
4.775000000000000000e+03 1.909958728924943117e-01 4.095357305416477134e-01 3.244196631770596140e-01 2.340691852526172179e-01 3.197542102867546865e-02 0.000000000000000000e+00
4.800000000000000000e+03 1.919958512846016152e-01 4.135184342284933812e-01 3.257851615839781334e-01 2.290623577605826189e-01 3.163404642694583185e-02 0.000000000000000000e+00
4.825000000000000000e+03 1.929958296767089188e-01 4.062357760582612776e-01 3.343195266272189214e-01 2.271279016841147025e-01 3.231679563040509851e-02 0.000000000000000000e+00
4.850000000000000000e+03 1.939958080688162223e-01 4.104460628129267263e-01 3.328402366863905115e-01 2.246244879380974169e-01 3.208921256258534527e-02 0.000000000000000000e+00
4.875000000000000000e+03 1.949957864609235259e-01 4.053254437869822646e-01 3.347746927628584279e-01 2.232589895311788697e-01 3.664087391898043083e-02 0.000000000000000000e+00
4.900000000000000000e+03 1.959957648530308294e-01 4.112426035502958488e-01 3.360263996358671124e-01 2.220072826581702408e-01 3.072371415566681890e-02 0.000000000000000000e+00
4.925000000000000000e+03 1.969957432451381329e-01 4.091943559399180974e-01 3.364815657715066188e-01 2.233727810650887602e-01 3.095129722348657214e-02 0.000000000000000000e+00
4.950000000000000000e+03 1.979957216372454365e-01 4.097633136094674389e-01 3.385298133818843702e-01 2.229176149294492537e-01 2.878925807919890598e-02 0.000000000000000000e+00
4.975000000000000000e+03 1.989957000293527400e-01 4.122667273554847522e-01 3.429676832043696000e-01 2.188211197086936677e-01 2.594446973145198010e-02 0.000000000000000000e+00
5.000000000000000000e+03 1.999956784214600436e-01 4.086253982703687004e-01 3.430814747382794905e-01 2.192762858443331742e-01 2.901684114701866268e-02 0.000000000000000000e+00
5.025000000000000000e+03 2.009956568135673471e-01 4.132908511606736557e-01 3.467228038233955423e-01 2.126763768775603025e-01 2.730996813837050646e-02 0.000000000000000000e+00
5.050000000000000000e+03 2.019956352056746507e-01 4.105598543468366168e-01 3.517296313154301135e-01 2.121074192080109333e-01 2.560309512972235024e-02 0.000000000000000000e+00
5.075000000000000000e+03 2.029956135977819542e-01 4.140873918980427781e-01 3.574192080109239722e-01 2.045971779699590487e-01 2.389622212107419055e-02 0.000000000000000000e+00
5.100000000000000000e+03 2.039955919898892578e-01 4.113563950842057393e-01 3.641329085116067343e-01 2.007282658170232159e-01 2.378243058716431393e-02 0.000000000000000000e+00
5.125000000000000000e+03 2.049955703819965613e-01 4.031634046426945672e-01 3.724396904870277414e-01 1.999317250796540657e-01 2.446517979062357712e-02 0.000000000000000000e+00
5.150000000000000000e+03 2.059955487741036428e-01 4.088529813381884259e-01 3.736913973600364258e-01 1.984524351388256835e-01 1.900318616294947513e-02 0.000000000000000000e+00
5.175000000000000000e+03 2.069955271662109464e-01 4.074874829312699065e-01 3.769913518434228616e-01 1.989076012744651900e-01 1.661356395084205573e-02 0.000000000000000000e+00
5.200000000000000000e+03 2.079955055583182499e-01 4.021392808375056638e-01 3.831360946745562268e-01 1.962903959945380139e-01 1.843422849340009204e-02 0.000000000000000000e+00
5.225000000000000000e+03 2.089954839504255535e-01 4.069185252617205095e-01 3.887118798361401950e-01 1.911697769685935244e-01 1.319981793354574502e-02 0.000000000000000000e+00
5.250000000000000000e+03 2.099954623425328570e-01 4.032771961766044577e-01 3.953117888029130667e-01 1.860491579426490627e-01 1.536185707783340945e-02 0.000000000000000000e+00
5.275000000000000000e+03 2.109954407346401606e-01 3.984979517523896120e-01 3.984979517523896120e-01 1.849112426035502965e-01 1.809285389167045871e-02 0.000000000000000000e+00
5.300000000000000000e+03 2.119954191267474641e-01 4.022530723714155543e-01 3.969048702776513671e-01 1.835457441966317771e-01 1.729631315430131891e-02 0.000000000000000000e+00
5.325000000000000000e+03 2.129953975188547677e-01 4.023668639053254448e-01 3.975876194811105990e-01 1.814974965862539702e-01 1.854802002730996865e-02 0.000000000000000000e+00
5.350000000000000000e+03 2.139953759109620712e-01 4.017979062357760478e-01 4.017979062357760478e-01 1.829767865270823801e-01 1.342740100136549826e-02 0.000000000000000000e+00
5.375000000000000000e+03 2.149953543030693748e-01 4.030496131087847322e-01 4.043013199817933612e-01 1.805871643149749572e-01 1.206190259444697363e-02 0.000000000000000000e+00
5.400000000000000000e+03 2.159953326951766783e-01 3.992944924897587344e-01 4.088529813381884259e-01 1.764906690942193990e-01 1.536185707783340945e-02 0.000000000000000000e+00
5.425000000000000000e+03 2.169953110872839819e-01 3.953117888029130667e-01 4.149977241693217911e-01 1.770596267637687682e-01 1.263086026399635846e-02 0.000000000000000000e+00
5.450000000000000000e+03 2.179952894793912854e-01 3.916704597177970149e-01 4.184114701866181174e-01 1.762630860263996457e-01 1.365498406918525323e-02 0.000000000000000000e+00
5.475000000000000000e+03 2.189952678714985890e-01 3.903049613108784954e-01 4.235320892125625791e-01 1.737596722803823324e-01 1.240327719617660522e-02 0.000000000000000000e+00
5.500000000000000000e+03 2.199952462636058925e-01 3.899635867091488239e-01 4.254665452890304955e-01 1.743286299499317293e-01 1.024123805188893906e-02 0.000000000000000000e+00
5.525000000000000000e+03 2.209952246557131961e-01 3.906463359126081114e-01 4.272872098315885214e-01 1.704597177969958965e-01 1.160673645880746542e-02 0.000000000000000000e+00
5.550000000000000000e+03 2.219952030478204996e-01 3.925807919890760278e-01 4.307009558488848477e-01 1.670459717796995980e-01 9.672280382339554228e-03 0.000000000000000000e+00
5.575000000000000000e+03 2.229951814399278032e-01 3.878015475648611821e-01 4.338871187983613931e-01 1.687528447883477334e-01 9.558488848429677609e-03 0.000000000000000000e+00
5.600000000000000000e+03 2.239951598320351067e-01 3.891670459717797015e-01 4.346836595357305155e-01 1.644287664997724219e-01 1.172052799271734204e-02 0.000000000000000000e+00
5.625000000000000000e+03 2.249951382241424103e-01 3.900773782430587144e-01 4.360491579426490905e-01 1.624943104233045055e-01 1.137915339098771045e-02 0.000000000000000000e+00
5.650000000000000000e+03 2.259951166162497138e-01 4.020254893035958288e-01 4.328629949931724896e-01 1.550978607191624836e-01 1.001365498406918582e-02 0.000000000000000000e+00
5.675000000000000000e+03 2.269950950083570174e-01 3.917842512517068498e-01 4.378698224852071164e-01 1.580564406008193035e-01 1.228948566226672687e-02 0.000000000000000000e+00
