# itime ezz other fcc hcp bcc ico
0.000000000000000000e+00 0.000000000000000000e+00 0.000000000000000000e+00 1.000000000000000000e+00 0.000000000000000000e+00 0.000000000000000000e+00 0.000000000000000000e+00
2.500000000000000000e+01 9.999769040867079184e-04 0.000000000000000000e+00 1.000000000000000000e+00 0.000000000000000000e+00 0.000000000000000000e+00 0.000000000000000000e+00
5.000000000000000000e+01 1.999953808173415837e-03 0.000000000000000000e+00 1.000000000000000000e+00 0.000000000000000000e+00 0.000000000000000000e+00 0.000000000000000000e+00
7.500000000000000000e+01 2.999930712260345800e-03 0.000000000000000000e+00 1.000000000000000000e+00 0.000000000000000000e+00 0.000000000000000000e+00 0.000000000000000000e+00
1.000000000000000000e+02 3.999907616347053718e-03 0.000000000000000000e+00 1.000000000000000000e+00 0.000000000000000000e+00 0.000000000000000000e+00 0.000000000000000000e+00
1.250000000000000000e+02 4.999884520433761637e-03 0.000000000000000000e+00 1.000000000000000000e+00 0.000000000000000000e+00 0.000000000000000000e+00 0.000000000000000000e+00
1.500000000000000000e+02 5.999861424520469555e-03 0.000000000000000000e+00 1.000000000000000000e+00 0.000000000000000000e+00 0.000000000000000000e+00 0.000000000000000000e+00
1.750000000000000000e+02 6.999838328607177473e-03 0.000000000000000000e+00 1.000000000000000000e+00 0.000000000000000000e+00 0.000000000000000000e+00 0.000000000000000000e+00
2.000000000000000000e+02 7.999815232693885392e-03 0.000000000000000000e+00 1.000000000000000000e+00 0.000000000000000000e+00 0.000000000000000000e+00 0.000000000000000000e+00
2.250000000000000000e+02 8.999792136780815355e-03 0.000000000000000000e+00 1.000000000000000000e+00 0.000000000000000000e+00 0.000000000000000000e+00 0.000000000000000000e+00
2.500000000000000000e+02 9.999769040867523273e-03 0.000000000000000000e+00 1.000000000000000000e+00 0.000000000000000000e+00 0.000000000000000000e+00 0.000000000000000000e+00
2.750000000000000000e+02 1.099974594495423119e-02 0.000000000000000000e+00 1.000000000000000000e+00 0.000000000000000000e+00 0.000000000000000000e+00 0.000000000000000000e+00
3.000000000000000000e+02 1.199972284904093911e-02 0.000000000000000000e+00 1.000000000000000000e+00 0.000000000000000000e+00 0.000000000000000000e+00 0.000000000000000000e+00
3.250000000000000000e+02 1.299969975312764703e-02 0.000000000000000000e+00 1.000000000000000000e+00 0.000000000000000000e+00 0.000000000000000000e+00 0.000000000000000000e+00
3.500000000000000000e+02 1.399967665721435495e-02 0.000000000000000000e+00 1.000000000000000000e+00 0.000000000000000000e+00 0.000000000000000000e+00 0.000000000000000000e+00
3.750000000000000000e+02 1.499965356130128491e-02 0.000000000000000000e+00 1.000000000000000000e+00 0.000000000000000000e+00 0.000000000000000000e+00 0.000000000000000000e+00
4.000000000000000000e+02 1.599963046538799283e-02 0.000000000000000000e+00 1.000000000000000000e+00 0.000000000000000000e+00 0.000000000000000000e+00 0.000000000000000000e+00
4.250000000000000000e+02 1.699960736947470075e-02 0.000000000000000000e+00 1.000000000000000000e+00 0.000000000000000000e+00 0.000000000000000000e+00 0.000000000000000000e+00
4.500000000000000000e+02 1.799958427356140866e-02 0.000000000000000000e+00 1.000000000000000000e+00 0.000000000000000000e+00 0.000000000000000000e+00 0.000000000000000000e+00
4.750000000000000000e+02 1.899956117764811658e-02 0.000000000000000000e+00 1.000000000000000000e+00 0.000000000000000000e+00 0.000000000000000000e+00 0.000000000000000000e+00
5.000000000000000000e+02 1.999953808173504655e-02 0.000000000000000000e+00 1.000000000000000000e+00 0.000000000000000000e+00 0.000000000000000000e+00 0.000000000000000000e+00
5.250000000000000000e+02 2.099951498582175446e-02 0.000000000000000000e+00 1.000000000000000000e+00 0.000000000000000000e+00 0.000000000000000000e+00 0.000000000000000000e+00
5.500000000000000000e+02 2.199949188990846238e-02 0.000000000000000000e+00 1.000000000000000000e+00 0.000000000000000000e+00 0.000000000000000000e+00 0.000000000000000000e+00
5.750000000000000000e+02 2.299946879399517030e-02 0.000000000000000000e+00 1.000000000000000000e+00 0.000000000000000000e+00 0.000000000000000000e+00 0.000000000000000000e+00
6.000000000000000000e+02 2.399944569808187822e-02 0.000000000000000000e+00 1.000000000000000000e+00 0.000000000000000000e+00 0.000000000000000000e+00 0.000000000000000000e+00
6.250000000000000000e+02 2.499942260216858614e-02 0.000000000000000000e+00 1.000000000000000000e+00 0.000000000000000000e+00 0.000000000000000000e+00 0.000000000000000000e+00
6.500000000000000000e+02 2.599939950625551610e-02 0.000000000000000000e+00 1.000000000000000000e+00 0.000000000000000000e+00 0.000000000000000000e+00 0.000000000000000000e+00
6.750000000000000000e+02 2.699937641034222402e-02 0.000000000000000000e+00 1.000000000000000000e+00 0.000000000000000000e+00 0.000000000000000000e+00 0.000000000000000000e+00
7.000000000000000000e+02 2.799935331442893194e-02 0.000000000000000000e+00 1.000000000000000000e+00 0.000000000000000000e+00 0.000000000000000000e+00 0.000000000000000000e+00
7.250000000000000000e+02 2.899933021851563986e-02 0.000000000000000000e+00 1.000000000000000000e+00 0.000000000000000000e+00 0.000000000000000000e+00 0.000000000000000000e+00
7.500000000000000000e+02 2.999930712260234777e-02 0.000000000000000000e+00 1.000000000000000000e+00 0.000000000000000000e+00 0.000000000000000000e+00 0.000000000000000000e+00
7.750000000000000000e+02 3.099928402668905569e-02 0.000000000000000000e+00 1.000000000000000000e+00 0.000000000000000000e+00 0.000000000000000000e+00 0.000000000000000000e+00
8.000000000000000000e+02 3.199926093077598566e-02 0.000000000000000000e+00 1.000000000000000000e+00 0.000000000000000000e+00 0.000000000000000000e+00 0.000000000000000000e+00
8.250000000000000000e+02 3.299923783486269357e-02 0.000000000000000000e+00 1.000000000000000000e+00 0.000000000000000000e+00 0.000000000000000000e+00 0.000000000000000000e+00
8.500000000000000000e+02 3.399921473894940149e-02 0.000000000000000000e+00 1.000000000000000000e+00 0.000000000000000000e+00 0.000000000000000000e+00 0.000000000000000000e+00
8.750000000000000000e+02 3.499919164303610941e-02 0.000000000000000000e+00 1.000000000000000000e+00 0.000000000000000000e+00 0.000000000000000000e+00 0.000000000000000000e+00
9.000000000000000000e+02 3.599916854712281733e-02 0.000000000000000000e+00 1.000000000000000000e+00 0.000000000000000000e+00 0.000000000000000000e+00 0.000000000000000000e+00
9.250000000000000000e+02 3.699914545120952525e-02 0.000000000000000000e+00 1.000000000000000000e+00 0.000000000000000000e+00 0.000000000000000000e+00 0.000000000000000000e+00
9.500000000000000000e+02 3.799912235529645521e-02 0.000000000000000000e+00 1.000000000000000000e+00 0.000000000000000000e+00 0.000000000000000000e+00 0.000000000000000000e+00
9.750000000000000000e+02 3.899909925938316313e-02 0.000000000000000000e+00 1.000000000000000000e+00 0.000000000000000000e+00 0.000000000000000000e+00 0.000000000000000000e+00
1.000000000000000000e+03 3.999907616346987105e-02 0.000000000000000000e+00 1.000000000000000000e+00 0.000000000000000000e+00 0.000000000000000000e+00 0.000000000000000000e+00
1.025000000000000000e+03 4.099905306755657897e-02 0.000000000000000000e+00 1.000000000000000000e+00 0.000000000000000000e+00 0.000000000000000000e+00 0.000000000000000000e+00
1.050000000000000000e+03 4.199902997164328688e-02 0.000000000000000000e+00 1.000000000000000000e+00 0.000000000000000000e+00 0.000000000000000000e+00 0.000000000000000000e+00
1.075000000000000000e+03 4.299900687573021685e-02 0.000000000000000000e+00 1.000000000000000000e+00 0.000000000000000000e+00 0.000000000000000000e+00 0.000000000000000000e+00
1.100000000000000000e+03 4.399898377981692477e-02 0.000000000000000000e+00 1.000000000000000000e+00 0.000000000000000000e+00 0.000000000000000000e+00 0.000000000000000000e+00
1.125000000000000000e+03 4.499896068390363268e-02 0.000000000000000000e+00 1.000000000000000000e+00 0.000000000000000000e+00 0.000000000000000000e+00 0.000000000000000000e+00
1.150000000000000000e+03 4.599893758799034060e-02 0.000000000000000000e+00 1.000000000000000000e+00 0.000000000000000000e+00 0.000000000000000000e+00 0.000000000000000000e+00
1.175000000000000000e+03 4.699891449207704852e-02 0.000000000000000000e+00 1.000000000000000000e+00 0.000000000000000000e+00 0.000000000000000000e+00 0.000000000000000000e+00
1.200000000000000000e+03 4.799889139616375644e-02 0.000000000000000000e+00 1.000000000000000000e+00 0.000000000000000000e+00 0.000000000000000000e+00 0.000000000000000000e+00
1.225000000000000000e+03 4.899886830025068640e-02 0.000000000000000000e+00 1.000000000000000000e+00 0.000000000000000000e+00 0.000000000000000000e+00 0.000000000000000000e+00
1.250000000000000000e+03 4.999884520433739432e-02 0.000000000000000000e+00 1.000000000000000000e+00 0.000000000000000000e+00 0.000000000000000000e+00 0.000000000000000000e+00
1.275000000000000000e+03 5.099882210842410224e-02 0.000000000000000000e+00 1.000000000000000000e+00 0.000000000000000000e+00 0.000000000000000000e+00 0.000000000000000000e+00
1.300000000000000000e+03 5.199879901251081016e-02 0.000000000000000000e+00 1.000000000000000000e+00 0.000000000000000000e+00 0.000000000000000000e+00 0.000000000000000000e+00
1.325000000000000000e+03 5.299877591659751808e-02 0.000000000000000000e+00 1.000000000000000000e+00 0.000000000000000000e+00 0.000000000000000000e+00 0.000000000000000000e+00
1.350000000000000000e+03 5.399875282068422599e-02 0.000000000000000000e+00 1.000000000000000000e+00 0.000000000000000000e+00 0.000000000000000000e+00 0.000000000000000000e+00
1.375000000000000000e+03 5.499872972477115596e-02 0.000000000000000000e+00 1.000000000000000000e+00 0.000000000000000000e+00 0.000000000000000000e+00 0.000000000000000000e+00
1.400000000000000000e+03 5.599870662885786388e-02 0.000000000000000000e+00 1.000000000000000000e+00 0.000000000000000000e+00 0.000000000000000000e+00 0.000000000000000000e+00
1.425000000000000000e+03 5.699868353294457179e-02 0.000000000000000000e+00 1.000000000000000000e+00 0.000000000000000000e+00 0.000000000000000000e+00 0.000000000000000000e+00
1.450000000000000000e+03 5.799866043703127971e-02 0.000000000000000000e+00 1.000000000000000000e+00 0.000000000000000000e+00 0.000000000000000000e+00 0.000000000000000000e+00
1.475000000000000000e+03 5.899863734111798763e-02 0.000000000000000000e+00 1.000000000000000000e+00 0.000000000000000000e+00 0.000000000000000000e+00 0.000000000000000000e+00
1.500000000000000000e+03 5.999861424520491759e-02 0.000000000000000000e+00 1.000000000000000000e+00 0.000000000000000000e+00 0.000000000000000000e+00 0.000000000000000000e+00
1.525000000000000000e+03 6.099859114929162551e-02 0.000000000000000000e+00 1.000000000000000000e+00 0.000000000000000000e+00 0.000000000000000000e+00 0.000000000000000000e+00
1.550000000000000000e+03 6.199856805337833343e-02 0.000000000000000000e+00 1.000000000000000000e+00 0.000000000000000000e+00 0.000000000000000000e+00 0.000000000000000000e+00
1.575000000000000000e+03 6.299854495746504135e-02 0.000000000000000000e+00 1.000000000000000000e+00 0.000000000000000000e+00 0.000000000000000000e+00 0.000000000000000000e+00
1.600000000000000000e+03 6.399852186155174927e-02 0.000000000000000000e+00 1.000000000000000000e+00 0.000000000000000000e+00 0.000000000000000000e+00 0.000000000000000000e+00
1.625000000000000000e+03 6.499849876563845719e-02 0.000000000000000000e+00 1.000000000000000000e+00 0.000000000000000000e+00 0.000000000000000000e+00 0.000000000000000000e+00
1.650000000000000000e+03 6.599847566972538715e-02 0.000000000000000000e+00 1.000000000000000000e+00 0.000000000000000000e+00 0.000000000000000000e+00 0.000000000000000000e+00
1.675000000000000000e+03 6.699845257381209507e-02 0.000000000000000000e+00 1.000000000000000000e+00 0.000000000000000000e+00 0.000000000000000000e+00 0.000000000000000000e+00
1.700000000000000000e+03 6.799842947789880299e-02 0.000000000000000000e+00 1.000000000000000000e+00 0.000000000000000000e+00 0.000000000000000000e+00 0.000000000000000000e+00
1.725000000000000000e+03 6.899840638198551090e-02 0.000000000000000000e+00 1.000000000000000000e+00 0.000000000000000000e+00 0.000000000000000000e+00 0.000000000000000000e+00
1.750000000000000000e+03 6.999838328607221882e-02 2.275830678197542133e-04 9.997724169321802190e-01 0.000000000000000000e+00 0.000000000000000000e+00 0.000000000000000000e+00
1.775000000000000000e+03 7.099836019015892674e-02 0.000000000000000000e+00 1.000000000000000000e+00 0.000000000000000000e+00 0.000000000000000000e+00 0.000000000000000000e+00
1.800000000000000000e+03 7.199833709424585670e-02 1.137915339098771066e-04 9.998862084660901095e-01 0.000000000000000000e+00 0.000000000000000000e+00 0.000000000000000000e+00
1.825000000000000000e+03 7.299831399833256462e-02 0.000000000000000000e+00 1.000000000000000000e+00 0.000000000000000000e+00 0.000000000000000000e+00 0.000000000000000000e+00
1.850000000000000000e+03 7.399829090241927254e-02 0.000000000000000000e+00 1.000000000000000000e+00 0.000000000000000000e+00 0.000000000000000000e+00 0.000000000000000000e+00
1.875000000000000000e+03 7.499826780650598046e-02 2.275830678197542133e-04 9.997724169321802190e-01 0.000000000000000000e+00 0.000000000000000000e+00 0.000000000000000000e+00
1.900000000000000000e+03 7.599824471059268838e-02 1.137915339098771066e-04 9.998862084660901095e-01 0.000000000000000000e+00 0.000000000000000000e+00 0.000000000000000000e+00
1.925000000000000000e+03 7.699822161467961834e-02 0.000000000000000000e+00 1.000000000000000000e+00 0.000000000000000000e+00 0.000000000000000000e+00 0.000000000000000000e+00
1.950000000000000000e+03 7.799819851876632626e-02 0.000000000000000000e+00 1.000000000000000000e+00 0.000000000000000000e+00 0.000000000000000000e+00 0.000000000000000000e+00
1.975000000000000000e+03 7.899817542285303418e-02 0.000000000000000000e+00 1.000000000000000000e+00 0.000000000000000000e+00 0.000000000000000000e+00 0.000000000000000000e+00
2.000000000000000000e+03 7.999815232693974210e-02 1.137915339098771066e-04 9.998862084660901095e-01 0.000000000000000000e+00 0.000000000000000000e+00 0.000000000000000000e+00
2.025000000000000000e+03 8.099812923102645001e-02 9.103322712790168532e-04 9.990896677287209870e-01 0.000000000000000000e+00 0.000000000000000000e+00 0.000000000000000000e+00
2.050000000000000000e+03 8.199810613511315793e-02 3.413746017296313199e-04 9.996586253982703285e-01 0.000000000000000000e+00 0.000000000000000000e+00 0.000000000000000000e+00
2.075000000000000000e+03 8.299808303920008790e-02 2.275830678197542133e-04 9.996586253982703285e-01 0.000000000000000000e+00 1.137915339098771066e-04 0.000000000000000000e+00
2.100000000000000000e+03 8.399805994328679581e-02 1.479289940828402332e-03 9.984069185252617551e-01 0.000000000000000000e+00 1.137915339098771066e-04 0.000000000000000000e+00
2.125000000000000000e+03 8.499803684737350373e-02 2.275830678197542133e-04 9.997724169321802190e-01 0.000000000000000000e+00 0.000000000000000000e+00 0.000000000000000000e+00
2.150000000000000000e+03 8.599801375146021165e-02 2.275830678197542133e-04 9.997724169321802190e-01 0.000000000000000000e+00 0.000000000000000000e+00 0.000000000000000000e+00
2.175000000000000000e+03 8.699799065554691957e-02 0.000000000000000000e+00 1.000000000000000000e+00 0.000000000000000000e+00 0.000000000000000000e+00 0.000000000000000000e+00
2.200000000000000000e+03 8.799796755963362749e-02 2.162039144287664864e-03 9.978379608557123026e-01 0.000000000000000000e+00 0.000000000000000000e+00 0.000000000000000000e+00
2.225000000000000000e+03 8.899794446372055745e-02 1.137915339098771066e-04 9.998862084660901095e-01 0.000000000000000000e+00 0.000000000000000000e+00 0.000000000000000000e+00
2.250000000000000000e+03 8.999792136780726537e-02 2.275830678197542133e-04 9.997724169321802190e-01 0.000000000000000000e+00 0.000000000000000000e+00 0.000000000000000000e+00
2.275000000000000000e+03 9.099789827189397329e-02 4.551661356395084266e-04 9.995448338643604380e-01 0.000000000000000000e+00 0.000000000000000000e+00 0.000000000000000000e+00
2.300000000000000000e+03 9.199787517598068121e-02 7.965407373691396923e-04 9.992034592626308775e-01 0.000000000000000000e+00 0.000000000000000000e+00 0.000000000000000000e+00
2.325000000000000000e+03 9.299785208006738912e-02 5.689576695493854790e-04 9.994310423304506585e-01 0.000000000000000000e+00 0.000000000000000000e+00 0.000000000000000000e+00
2.350000000000000000e+03 9.399782898415409704e-02 1.024123805188893906e-03 9.989758761948110966e-01 0.000000000000000000e+00 0.000000000000000000e+00 0.000000000000000000e+00
2.375000000000000000e+03 9.499780588824102701e-02 2.389622212107419402e-03 9.976103777878926326e-01 0.000000000000000000e+00 0.000000000000000000e+00 0.000000000000000000e+00
2.400000000000000000e+03 9.599778279232773492e-02 1.593081474738279385e-03 9.984069185252617551e-01 0.000000000000000000e+00 0.000000000000000000e+00 0.000000000000000000e+00
2.425000000000000000e+03 9.699775969641444284e-02 2.389622212107419402e-03 9.973827947200728516e-01 0.000000000000000000e+00 2.275830678197542133e-04 0.000000000000000000e+00
2.450000000000000000e+03 9.799773660050115076e-02 1.365498406918525280e-03 9.986345015930814251e-01 0.000000000000000000e+00 0.000000000000000000e+00 0.000000000000000000e+00
2.475000000000000000e+03 9.899771350458785868e-02 7.965407373691396923e-04 9.990896677287209870e-01 0.000000000000000000e+00 1.137915339098771066e-04 0.000000000000000000e+00
2.500000000000000000e+03 9.999769040867478864e-02 2.048247610377787811e-03 9.978379608557123026e-01 0.000000000000000000e+00 1.137915339098771066e-04 0.000000000000000000e+00
2.525000000000000000e+03 1.009976673127614966e-01 2.730996813837050560e-03 9.971552116522530707e-01 0.000000000000000000e+00 1.137915339098771066e-04 0.000000000000000000e+00
2.550000000000000000e+03 1.019976442168482045e-01 3.072371415566681717e-03 9.965862539827037292e-01 0.000000000000000000e+00 3.413746017296313199e-04 0.000000000000000000e+00
2.575000000000000000e+03 1.029976211209349124e-01 4.551661356395083832e-03 9.953345471096950448e-01 0.000000000000000000e+00 1.137915339098771066e-04 0.000000000000000000e+00
2.600000000000000000e+03 1.039975980250216203e-01 5.348202093764223633e-03 9.944242148384160318e-01 0.000000000000000000e+00 2.275830678197542133e-04 0.000000000000000000e+00
2.625000000000000000e+03 1.049975749291083282e-01 5.689576695493855224e-03 9.938552571688666903e-01 0.000000000000000000e+00 4.551661356395084266e-04 0.000000000000000000e+00
2.650000000000000000e+03 1.059975518331952582e-01 3.413746017296313308e-03 9.964724624487938387e-01 0.000000000000000000e+00 1.137915339098771066e-04 0.000000000000000000e+00
2.675000000000000000e+03 1.069975287372819661e-01 6.144742831133363434e-03 9.935138825671370189e-01 0.000000000000000000e+00 3.413746017296313199e-04 0.000000000000000000e+00
2.700000000000000000e+03 1.079975056413686740e-01 4.096495220755575623e-03 9.951069640418752638e-01 0.000000000000000000e+00 7.965407373691396923e-04 0.000000000000000000e+00
2.725000000000000000e+03 1.089974825454553820e-01 4.779244424214838804e-03 9.944242148384160318e-01 0.000000000000000000e+00 7.965407373691396923e-04 0.000000000000000000e+00
2.750000000000000000e+03 1.099974594495420899e-01 8.079198907601274626e-03 9.912380518889394310e-01 0.000000000000000000e+00 6.827492034592626399e-04 0.000000000000000000e+00
2.775000000000000000e+03 1.109974363536287978e-01 7.737824305871643035e-03 9.914656349567592120e-01 0.000000000000000000e+00 7.965407373691396923e-04 0.000000000000000000e+00
2.800000000000000000e+03 1.119974132577157278e-01 1.069640418752844727e-02 9.886208466090122826e-01 0.000000000000000000e+00 6.827492034592626399e-04 0.000000000000000000e+00
2.825000000000000000e+03 1.129973901618024357e-01 1.092398725534820224e-02 9.879380974055530507e-01 0.000000000000000000e+00 1.137915339098770958e-03 0.000000000000000000e+00
2.850000000000000000e+03 1.139973670658891436e-01 1.502048247610377786e-02 9.832726445152480954e-01 0.000000000000000000e+00 1.706873008648156654e-03 0.000000000000000000e+00
2.875000000000000000e+03 1.149973439699758515e-01 1.627218934911242587e-02 9.819071461083295205e-01 0.000000000000000000e+00 1.820664542558033706e-03 0.000000000000000000e+00
2.900000000000000000e+03 1.159973208740625594e-01 2.526172052799271692e-02 9.714383249886208160e-01 0.000000000000000000e+00 3.299954483386436255e-03 0.000000000000000000e+00
2.925000000000000000e+03 1.169972977781494894e-01 3.425125170687300796e-02 9.582385070550750727e-01 0.000000000000000000e+00 7.510241238051888930e-03 0.000000000000000000e+00
2.950000000000000000e+03 1.179972746822361973e-01 4.665452890304961492e-02 9.431042330450614131e-01 0.000000000000000000e+00 1.024123805188893906e-02 0.000000000000000000e+00
2.975000000000000000e+03 1.189972515863229052e-01 6.190259444697314428e-02 9.110150204824760678e-01 0.000000000000000000e+00 2.708238507055074976e-02 0.000000000000000000e+00
3.000000000000000000e+03 1.199972284904096131e-01 8.796085571233500100e-02 8.545744196631770428e-01 0.000000000000000000e+00 5.746472462448793533e-02 0.000000000000000000e+00
3.025000000000000000e+03 1.209972053944963211e-01 1.209604005461993592e-01 7.587619481110605690e-01 0.000000000000000000e+00 1.202776513427400995e-01 0.000000000000000000e+00
3.050000000000000000e+03 1.219971822985830290e-01 1.948111060537096040e-01 5.912608101957214091e-01 0.000000000000000000e+00 2.139280837505689592e-01 0.000000000000000000e+00
3.075000000000000000e+03 1.229971592026699589e-01 2.789030496131087999e-01 4.012289485662266508e-01 1.137915339098771066e-04 3.197542102867546587e-01 0.000000000000000000e+00
3.100000000000000000e+03 1.239971361067566669e-01 3.585571233500227661e-01 2.299726900318616318e-01 6.827492034592626399e-04 4.107874374146563423e-01 0.000000000000000000e+00
3.125000000000000000e+03 1.249971130108433748e-01 3.809740555302685294e-01 1.535047792444242110e-01 7.965407373691396923e-04 4.647246244879381094e-01 0.000000000000000000e+00
3.150000000000000000e+03 1.259970899149300827e-01 3.660673645880746507e-01 1.430359581247155343e-01 5.689576695493854790e-04 4.903277196176604735e-01 0.000000000000000000e+00
3.175000000000000000e+03 1.269970668190167906e-01 3.350022758306782089e-01 1.616977696859353553e-01 1.024123805188893906e-03 5.022758306781975879e-01 0.000000000000000000e+00
3.200000000000000000e+03 1.279970437231034985e-01 3.294264906690942407e-01 1.550978607191624836e-01 1.024123805188893906e-03 5.144515248065544277e-01 0.000000000000000000e+00
3.225000000000000000e+03 1.289970206271904285e-01 3.345471096950387024e-01 1.459945380063723264e-01 2.275830678197541916e-03 5.171825216203914666e-01 0.000000000000000000e+00
3.250000000000000000e+03 1.299969975312771364e-01 3.182749203459262488e-01 1.605598543468365891e-01 5.803368229403732710e-03 5.153618570778334407e-01 0.000000000000000000e+00
3.275000000000000000e+03 1.309969744353638443e-01 2.989303595812471404e-01 1.754665452890304955e-01 1.274465179790623508e-02 5.128584433318160718e-01 0.000000000000000000e+00
3.300000000000000000e+03 1.319969513394505523e-01 2.793582157487483064e-01 1.817250796540737234e-01 2.810650887573964626e-02 5.108101957214383759e-01 0.000000000000000000e+00
3.325000000000000000e+03 1.329969282435372602e-01 2.859581247155211781e-01 1.762630860263996457e-01 4.870277651342740100e-02 4.890760127446517891e-01 0.000000000000000000e+00
3.350000000000000000e+03 1.339969051476241901e-01 3.152025489303595940e-01 1.771734182976786587e-01 6.816112881201638607e-02 4.394629039599453613e-01 0.000000000000000000e+00
3.375000000000000000e+03 1.349968820517108981e-01 3.282885753299954468e-01 1.932180245789713313e-01 8.955393718707328754e-02 3.889394629039599205e-01 0.000000000000000000e+00
3.400000000000000000e+03 1.359968589557976060e-01 3.351160673645880994e-01 2.047109695038689114e-01 1.032089212562585373e-01 3.569640418752844657e-01 0.000000000000000000e+00
3.425000000000000000e+03 1.369968358598843139e-01 3.307919890760127601e-01 2.201866181156121871e-01 1.232362312243969055e-01 3.257851615839781334e-01 0.000000000000000000e+00
3.450000000000000000e+03 1.379968127639710218e-01 3.385298133818843702e-01 2.372553482020937632e-01 1.516841147018661851e-01 2.725307237141556538e-01 0.000000000000000000e+00
3.475000000000000000e+03 1.389967896680577297e-01 3.521847974510696200e-01 2.661583978152025631e-01 1.694355939918070209e-01 2.122212107419207960e-01 0.000000000000000000e+00
3.500000000000000000e+03 1.399967665721446597e-01 3.584433318161128756e-01 2.881201638598088199e-01 1.800182066454255880e-01 1.734182976786527164e-01 0.000000000000000000e+00
3.525000000000000000e+03 1.409967434762313676e-01 3.533227127901684139e-01 3.180473372781065233e-01 1.898042785616750050e-01 1.388256713700500578e-01 0.000000000000000000e+00
3.550000000000000000e+03 1.419967203803180755e-01 3.650432407828857473e-01 3.287437414656349532e-01 1.926490669094219343e-01 1.135639508420573512e-01 0.000000000000000000e+00
3.575000000000000000e+03 1.429966972844047834e-01 3.549157942649067143e-01 3.447883477469276259e-01 1.918525261720528119e-01 1.084433318161128756e-01 0.000000000000000000e+00
3.600000000000000000e+03 1.439966741884914914e-01 3.653846153846153633e-01 3.496813837050523621e-01 1.876422394173873354e-01 9.729176149294492537e-02 0.000000000000000000e+00
3.625000000000000000e+03 1.449966510925781993e-01 3.600364132908511761e-01 3.569640418752844657e-01 1.886663632225762388e-01 9.433318161128811941e-02 0.000000000000000000e+00
3.650000000000000000e+03 1.459966279966651292e-01 3.667501137915338827e-01 3.534365043240783044e-01 1.838871187983613931e-01 9.592626308602640595e-02 0.000000000000000000e+00
3.675000000000000000e+03 1.469966049007518372e-01 3.658397815202548697e-01 3.590122894856622726e-01 1.840009103322712836e-01 9.114701866181156020e-02 0.000000000000000000e+00
3.700000000000000000e+03 1.479965818048385451e-01 3.651570323167956378e-01 3.676604460628129512e-01 1.825216203914428736e-01 8.466090122894856518e-02 0.000000000000000000e+00
3.725000000000000000e+03 1.489965587089252530e-01 3.588984979517523821e-01 3.693673190714610866e-01 1.830905780609922706e-01 8.864360491579426071e-02 0.000000000000000000e+00
3.750000000000000000e+03 1.499965356130119609e-01 3.532089212562585234e-01 3.724396904870277414e-01 1.788802913063268218e-01 9.547109695038688559e-02 0.000000000000000000e+00
3.775000000000000000e+03 1.509965125170986688e-01 3.598088302230313951e-01 3.726672735548475224e-01 1.747837960855712358e-01 9.274010013654984674e-02 0.000000000000000000e+00
3.800000000000000000e+03 1.519964894211855988e-01 3.493400091033226906e-01 3.796085571233500100e-01 1.844560764679107900e-01 8.659535730541648157e-02 0.000000000000000000e+00
3.825000000000000000e+03 1.529964663252723067e-01 3.583295402822029851e-01 3.800637232589895165e-01 1.824078288575330109e-01 7.919890760127445972e-02 0.000000000000000000e+00
3.850000000000000000e+03 1.539964432293590146e-01 3.608329540282202985e-01 3.821119708693673234e-01 1.813837050523441075e-01 7.567137005006827066e-02 0.000000000000000000e+00
3.875000000000000000e+03 1.549964201334457226e-01 3.551433773327264398e-01 3.916704597177970149e-01 1.779699590350477811e-01 7.521620391442876419e-02 0.000000000000000000e+00
3.900000000000000000e+03 1.559963970375324305e-01 3.553709604005462208e-01 3.940600819299044377e-01 1.786527082385070686e-01 7.191624943104232837e-02 0.000000000000000000e+00
3.925000000000000000e+03 1.569963739416193604e-01 3.517296313154301135e-01 4.016841147018661573e-01 1.792216659080564378e-01 6.736458807464724974e-02 0.000000000000000000e+00
3.950000000000000000e+03 1.579963508457060684e-01 3.479745106964041712e-01 4.078288575329995225e-01 1.789940828402366846e-01 6.520254893035958010e-02 0.000000000000000000e+00
3.975000000000000000e+03 1.589963277497927763e-01 3.535502958579881394e-01 4.058944014565316616e-01 1.776285844333181652e-01 6.292671825216203385e-02 0.000000000000000000e+00
4.000000000000000000e+03 1.599963046538794842e-01 3.509330905780609910e-01 4.068047337278106745e-01 1.776285844333181652e-01 6.463359126081019701e-02 0.000000000000000000e+00
4.025000000000000000e+03 1.609962815579661921e-01 3.535502958579881394e-01 4.072598998634501810e-01 1.783113336367774249e-01 6.087847064178425471e-02 0.000000000000000000e+00
4.050000000000000000e+03 1.619962584620529000e-01 3.548020027309968238e-01 4.093081474738279324e-01 1.770596267637687682e-01 5.883022303140646170e-02 0.000000000000000000e+00
4.075000000000000000e+03 1.629962353661398300e-01 3.574192080109239722e-01 4.130632680928538747e-01 1.733045061447428259e-01 5.621301775147929253e-02 0.000000000000000000e+00
4.100000000000000000e+03 1.639962122702265379e-01 3.579881656804733692e-01 4.126081019572143682e-01 1.744424214838415921e-01 5.496131087847064278e-02 0.000000000000000000e+00
4.125000000000000000e+03 1.649961891743132458e-01 3.540054619936277014e-01 4.154528903049612976e-01 1.745562130177514826e-01 5.598543468365953235e-02 0.000000000000000000e+00
4.150000000000000000e+03 1.659961660783999537e-01 3.552571688666363303e-01 4.163632225762403105e-01 1.750113791533909890e-01 5.336822940373236318e-02 0.000000000000000000e+00
4.175000000000000000e+03 1.669961429824866617e-01 3.617432862994993115e-01 4.130632680928538747e-01 1.692080109239872676e-01 5.598543468365953235e-02 0.000000000000000000e+00
4.200000000000000000e+03 1.679961198865733696e-01 3.643604915794265153e-01 4.130632680928538747e-01 1.681838871187983642e-01 5.439235320892125969e-02 0.000000000000000000e+00
4.225000000000000000e+03 1.689960967906602995e-01 3.637915339098771184e-01 4.115839781520254648e-01 1.692080109239872676e-01 5.541647701411014926e-02 0.000000000000000000e+00
4.250000000000000000e+03 1.699960736947470075e-01 3.598088302230313951e-01 4.185252617205280079e-01 1.717114246700045532e-01 4.995448338643605074e-02 0.000000000000000000e+00
4.275000000000000000e+03 1.709960505988337154e-01 3.660673645880746507e-01 4.155666818388711881e-01 1.695493855257168836e-01 4.881656804733727761e-02 0.000000000000000000e+00
4.300000000000000000e+03 1.719960275029204233e-01 3.668639053254437732e-01 4.128356850250341492e-01 1.681838871187983642e-01 5.211652253072371344e-02 0.000000000000000000e+00
4.325000000000000000e+03 1.729960044070071312e-01 3.633363677742376119e-01 4.165908056440600915e-01 1.684114701866181174e-01 5.166135639508420696e-02 0.000000000000000000e+00
4.350000000000000000e+03 1.739959813110940612e-01 3.659535730541647602e-01 4.194355939918070209e-01 1.656804733727810786e-01 4.893035958124715423e-02 0.000000000000000000e+00
4.375000000000000000e+03 1.749959582151807691e-01 3.678880291306326766e-01 4.196631770596267463e-01 1.640873918980427781e-01 4.836140191169777114e-02 0.000000000000000000e+00
4.400000000000000000e+03 1.759959351192674770e-01 3.689121529358215801e-01 4.227355484751934567e-01 1.630632680928539024e-01 4.528903049613108855e-02 0.000000000000000000e+00
4.425000000000000000e+03 1.769959120233541849e-01 3.645880746472462408e-01 4.251251706873008795e-01 1.663632225762403383e-01 4.392353208921256219e-02 0.000000000000000000e+00
4.450000000000000000e+03 1.779958889274408929e-01 3.690259444697314706e-01 4.212562585343650468e-01 1.675011379153391045e-01 4.221665908056440597e-02 0.000000000000000000e+00
4.475000000000000000e+03 1.789958658315276008e-01 3.728948566226672479e-01 4.203459262630860338e-01 1.656804733727810786e-01 4.107874374146563284e-02 0.000000000000000000e+00
4.500000000000000000e+03 1.799958427356145307e-01 3.649294492489758568e-01 4.194355939918070209e-01 1.715976331360946627e-01 4.403732362312243881e-02 0.000000000000000000e+00
4.525000000000000000e+03 1.809958196397012387e-01 3.736913973600364258e-01 4.157942649066909691e-01 1.648839326354119283e-01 4.563040509786071841e-02 0.000000000000000000e+00
4.550000000000000000e+03 1.819957965437879466e-01 3.695949021392808120e-01 4.176149294492489950e-01 1.668183887118798447e-01 4.597177969959034827e-02 0.000000000000000000e+00
4.575000000000000000e+03 1.829957734478746545e-01 3.793809740555302845e-01 4.121529358215748617e-01 1.694355939918070209e-01 3.903049613108784677e-02 0.000000000000000000e+00
4.600000000000000000e+03 1.839957503519613624e-01 3.796085571233500100e-01 4.126081019572143682e-01 1.703459262630860338e-01 3.743741465634956717e-02 0.000000000000000000e+00
4.625000000000000000e+03 1.849957272560480703e-01 3.766499772416932457e-01 4.121529358215748617e-01 1.703459262630860338e-01 4.085116067364587961e-02 0.000000000000000000e+00
4.650000000000000000e+03 1.859957041601350003e-01 3.831360946745562268e-01 4.087391898042785354e-01 1.713700500682749095e-01 3.675466545289030745e-02 0.000000000000000000e+00
4.675000000000000000e+03 1.869956810642217082e-01 3.769913518434228616e-01 4.057806099226217711e-01 1.778561675011379184e-01 3.937187073281747662e-02 0.000000000000000000e+00
4.700000000000000000e+03 1.879956579683084161e-01 3.868912152935821691e-01 3.984979517523896120e-01 1.778561675011379184e-01 3.675466545289030745e-02 0.000000000000000000e+00
4.725000000000000000e+03 1.889956348723951240e-01 3.774465179790623681e-01 4.029358215748748417e-01 1.830905780609922706e-01 3.652708238507055422e-02 0.000000000000000000e+00
4.750000000000000000e+03 1.899956117764818320e-01 3.819981793354574329e-01 3.986117432862995025e-01 1.820664542558033672e-01 3.732362312243969055e-02 0.000000000000000000e+00
4.775000000000000000e+03 1.909955886805687619e-01 3.805188893946290229e-01 4.003186162949476379e-01 1.859353664087392000e-01 3.322712790168411146e-02 0.000000000000000000e+00
4.800000000000000000e+03 1.919955655846554698e-01 3.855257168866636497e-01 3.971324533454710926e-01 1.845698680018206528e-01 3.277196176604460498e-02 0.000000000000000000e+00
4.825000000000000000e+03 1.929955424887421778e-01 3.866636322257623881e-01 3.967910787437414766e-01 1.818388711879836139e-01 3.470641784251251444e-02 0.000000000000000000e+00
4.850000000000000000e+03 1.939955193928288857e-01 3.895084205735093175e-01 3.975876194811105990e-01 1.789940828402366846e-01 3.390987710514337811e-02 0.000000000000000000e+00
4.875000000000000000e+03 1.949954962969155936e-01 3.956531634046426826e-01 3.908739189804278369e-01 1.769458352298589054e-01 3.652708238507055422e-02 0.000000000000000000e+00
4.900000000000000000e+03 1.959954732010023015e-01 3.883705052344105790e-01 3.947428311333636697e-01 1.802457897132453413e-01 3.664087391898043083e-02 0.000000000000000000e+00
4.925000000000000000e+03 1.969954501050892315e-01 3.975876194811105990e-01 3.881429221665907980e-01 1.766044606281292617e-01 3.766499772416932040e-02 0.000000000000000000e+00
4.950000000000000000e+03 1.979954270091759394e-01 3.957669549385525731e-01 3.870050068274920596e-01 1.767182521620391522e-01 4.050978607191624975e-02 0.000000000000000000e+00
4.975000000000000000e+03 1.989954039132626473e-01 4.004324078288575284e-01 3.891670459717797015e-01 1.722803823395539502e-01 3.812016385980882688e-02 0.000000000000000000e+00
5.000000000000000000e+03 1.999953808173493552e-01 3.951979972690031762e-01 3.949704142011834507e-01 1.755803368229403860e-01 3.425125170687300796e-02 0.000000000000000000e+00
5.025000000000000000e+03 2.009953577214360632e-01 3.957669549385525731e-01 4.011151570323168158e-01 1.700045516613563901e-01 3.311333636777423484e-02 0.000000000000000000e+00
5.050000000000000000e+03 2.019953346255227711e-01 3.898497951752389890e-01 4.066909421939007840e-01 1.637460172963131622e-01 3.971324533454710648e-02 0.000000000000000000e+00
5.075000000000000000e+03 2.029953115296097010e-01 3.760810195721438487e-01 4.243286299499317016e-01 1.619253527537551085e-01 3.766499772416932040e-02 0.000000000000000000e+00
5.100000000000000000e+03 2.039952884336964090e-01 3.744879380974055483e-01 4.280837505689576439e-01 1.611288120163859861e-01 3.629949931725079404e-02 0.000000000000000000e+00
5.125000000000000000e+03 2.049952653377831169e-01 3.818843878015475424e-01 4.304733727810650668e-01 1.548702776513427304e-01 3.277196176604460498e-02 0.000000000000000000e+00
5.150000000000000000e+03 2.059952422418698248e-01 3.793809740555302845e-01 4.352526172052799125e-01 1.533909877105143482e-01 3.197542102867546865e-02 0.000000000000000000e+00
5.175000000000000000e+03 2.069952191459565327e-01 3.759672280382339582e-01 4.380974055530268418e-01 1.537323623122439642e-01 3.220300409649522189e-02 0.000000000000000000e+00
5.200000000000000000e+03 2.079951960500432406e-01 3.758534365043240677e-01 4.350250341374601870e-01 1.523668639053254448e-01 3.675466545289030745e-02 0.000000000000000000e+00
5.225000000000000000e+03 2.089951729541301706e-01 3.751706873008648357e-01 4.394629039599453613e-01 1.535047792444242110e-01 3.186162949476559203e-02 0.000000000000000000e+00
5.250000000000000000e+03 2.099951498582168785e-01 3.724396904870277414e-01 4.419663177059626746e-01 1.562357760582612776e-01 2.935821574874829254e-02 0.000000000000000000e+00
5.275000000000000000e+03 2.109951267623035864e-01 3.645880746472462408e-01 4.543695949021392955e-01 1.504324078288575284e-01 3.060992262175694228e-02 0.000000000000000000e+00
5.300000000000000000e+03 2.119951036663902944e-01 3.664087391898042667e-01 4.581247155211652378e-01 1.482703686845698587e-01 2.719617660446062984e-02 0.000000000000000000e+00
5.325000000000000000e+03 2.129950805704770023e-01 3.583295402822029851e-01 4.671142467000455323e-01 1.450842057350933134e-01 2.947200728265816916e-02 0.000000000000000000e+00
5.350000000000000000e+03 2.139950574745639322e-01 3.566226672735548497e-01 4.687073281747837772e-01 1.426945835229858905e-01 3.197542102867546865e-02 0.000000000000000000e+00
5.375000000000000000e+03 2.149950343786506401e-01 3.573054164770141372e-01 4.731451979972690070e-01 1.422394173873463841e-01 2.730996813837050646e-02 0.000000000000000000e+00
5.400000000000000000e+03 2.159950112827373481e-01 3.483158852981338427e-01 4.817933545744196855e-01 1.461083295402822169e-01 2.378243058716431393e-02 0.000000000000000000e+00
5.425000000000000000e+03 2.169949881868240560e-01 3.456986800182066388e-01 4.832726445152480399e-01 1.471324533454710926e-01 2.389622212107419055e-02 0.000000000000000000e+00
5.450000000000000000e+03 2.179949650909107639e-01 3.468365953573054328e-01 4.792899408284023721e-01 1.482703686845698587e-01 2.560309512972235024e-02 0.000000000000000000e+00
5.475000000000000000e+03 2.189949419949974718e-01 3.359126081019572219e-01 4.821347291761493015e-01 1.557806099226217433e-01 2.617205279927173334e-02 0.000000000000000000e+00
5.500000000000000000e+03 2.199949188990844018e-01 3.375056895766954668e-01 4.844105598543468338e-01 1.580564406008193035e-01 2.002730996813837164e-02 0.000000000000000000e+00
5.525000000000000000e+03 2.209948958031711097e-01 3.295402822030040757e-01 4.866863905325443662e-01 1.591943559399180697e-01 2.457897132453345374e-02 0.000000000000000000e+00
5.550000000000000000e+03 2.219948727072578176e-01 3.345471096950387024e-01 4.894173873463814051e-01 1.570323167956304000e-01 1.900318616294947513e-02 0.000000000000000000e+00
5.575000000000000000e+03 2.229948496113445255e-01 3.332954028220300180e-01 4.866863905325443662e-01 1.564633591260810308e-01 2.355484751934456070e-02 0.000000000000000000e+00
5.600000000000000000e+03 2.239948265154312335e-01 3.310195721438324856e-01 4.940828402366864158e-01 1.550978607191624836e-01 1.979972690031861493e-02 0.000000000000000000e+00
5.625000000000000000e+03 2.249948034195179414e-01 3.205507510241237812e-01 5.047792444242148457e-01 1.538461538461538547e-01 2.082385070550751144e-02 0.000000000000000000e+00
5.650000000000000000e+03 2.259947803236048713e-01 3.158852981338188259e-01 5.081929904415111166e-01 1.530496131087847045e-01 2.287209831588529751e-02 0.000000000000000000e+00
5.675000000000000000e+03 2.269947572276915793e-01 3.196404187528447682e-01 5.127446517979061813e-01 1.465634956759217233e-01 2.105143377332726468e-02 0.000000000000000000e+00
