# itime ezz other fcc hcp bcc ico
0.000000000000000000e+00 0.000000000000000000e+00 0.000000000000000000e+00 1.000000000000000000e+00 0.000000000000000000e+00 0.000000000000000000e+00 0.000000000000000000e+00
2.500000000000000000e+02 1.000001678747852729e-02 0.000000000000000000e+00 1.000000000000000000e+00 0.000000000000000000e+00 0.000000000000000000e+00 0.000000000000000000e+00
5.000000000000000000e+02 2.000003357495705458e-02 0.000000000000000000e+00 1.000000000000000000e+00 0.000000000000000000e+00 0.000000000000000000e+00 0.000000000000000000e+00
7.500000000000000000e+02 3.000005036243558187e-02 0.000000000000000000e+00 1.000000000000000000e+00 0.000000000000000000e+00 0.000000000000000000e+00 0.000000000000000000e+00
1.000000000000000000e+03 4.000006714991410917e-02 0.000000000000000000e+00 1.000000000000000000e+00 0.000000000000000000e+00 0.000000000000000000e+00 0.000000000000000000e+00
1.250000000000000000e+03 5.000008393739263646e-02 0.000000000000000000e+00 1.000000000000000000e+00 0.000000000000000000e+00 0.000000000000000000e+00 0.000000000000000000e+00
1.500000000000000000e+03 6.000010072487094170e-02 0.000000000000000000e+00 1.000000000000000000e+00 0.000000000000000000e+00 0.000000000000000000e+00 0.000000000000000000e+00
1.750000000000000000e+03 7.000011751234946900e-02 0.000000000000000000e+00 1.000000000000000000e+00 0.000000000000000000e+00 0.000000000000000000e+00 0.000000000000000000e+00
2.000000000000000000e+03 8.000013429982799629e-02 0.000000000000000000e+00 1.000000000000000000e+00 0.000000000000000000e+00 0.000000000000000000e+00 0.000000000000000000e+00
2.250000000000000000e+03 9.000015108730652358e-02 5.689576695493854790e-04 9.993172507965407680e-01 0.000000000000000000e+00 1.137915339098771066e-04 0.000000000000000000e+00
2.500000000000000000e+03 1.000001678747850509e-01 1.820664542558033706e-03 9.981793354574419741e-01 0.000000000000000000e+00 0.000000000000000000e+00 0.000000000000000000e+00
2.750000000000000000e+03 1.100001846622635782e-01 8.761948111060537808e-03 9.906690942193900895e-01 0.000000000000000000e+00 5.689576695493854790e-04 0.000000000000000000e+00
3.000000000000000000e+03 1.200002014497421055e-01 1.488393263541192557e-01 6.793354574419663283e-01 0.000000000000000000e+00 1.718252162039144160e-01 0.000000000000000000e+00
3.250000000000000000e+03 1.300002182372206327e-01 3.365953573054164538e-01 1.613563950842057393e-01 9.103322712790168532e-04 5.011379153390987939e-01 0.000000000000000000e+00
3.500000000000000000e+03 1.400002350246991600e-01 3.483158852981338427e-01 1.812699135184342170e-01 7.510241238051888757e-02 3.953117888029130667e-01 0.000000000000000000e+00
3.750000000000000000e+03 1.500002518121776873e-01 3.741465634956759323e-01 3.023441055985434667e-01 1.746700045516613453e-01 1.488393263541192557e-01 0.000000000000000000e+00
4.000000000000000000e+03 1.600002685996562146e-01 3.744879380974055483e-01 3.169094219390077294e-01 2.195038689121529274e-01 8.909877105143376719e-02 0.000000000000000000e+00
4.250000000000000000e+03 1.700002853871347419e-01 3.796085571233500100e-01 3.538916704597178109e-01 2.105143377332726329e-01 5.598543468365953235e-02 0.000000000000000000e+00
4.500000000000000000e+03 1.800003021746130472e-01 3.779016841147018746e-01 3.562812926718252338e-01 2.131315430131998090e-01 5.268548020027309653e-02 0.000000000000000000e+00
4.750000000000000000e+03 1.900003189620915744e-01 3.904187528447883304e-01 3.772189349112425871e-01 1.888939462903959920e-01 4.346836595357305572e-02 0.000000000000000000e+00
5.000000000000000000e+03 2.000003357495701017e-01 3.887118798361401950e-01 3.793809740555302845e-01 1.802457897132453413e-01 5.166135639508420696e-02 0.000000000000000000e+00
5.250000000000000000e+03 2.100003525370486290e-01 4.105598543468366168e-01 3.784706417842512716e-01 1.712562585343650468e-01 3.971324533454710648e-02 0.000000000000000000e+00
5.500000000000000000e+03 2.200003693245271563e-01 4.223941738734638407e-01 3.830223031406463363e-01 1.548702776513427304e-01 3.971324533454710648e-02 0.000000000000000000e+00
5.750000000000000000e+03 2.300003861120056836e-01 4.311561219845243542e-01 3.846153846153846367e-01 1.430359581247155343e-01 4.119253527537550946e-02 0.000000000000000000e+00
6.000000000000000000e+03 2.400004028994842109e-01 4.190942193900774049e-01 4.049840691852525931e-01 1.399635867091488517e-01 3.595812471552116418e-02 0.000000000000000000e+00
6.250000000000000000e+03 2.500004196869627382e-01 4.206873008648156498e-01 4.046426945835229771e-01 1.399635867091488517e-01 3.470641784251251444e-02 0.000000000000000000e+00
6.500000000000000000e+03 2.600004364744412655e-01 4.135184342284933812e-01 4.128356850250341492e-01 1.446290395994538069e-01 2.901684114701866268e-02 0.000000000000000000e+00
6.750000000000000000e+03 2.700004532619197928e-01 4.221665908056440597e-01 4.015703231679563223e-01 1.519116977696859383e-01 2.435138825671370050e-02 0.000000000000000000e+00
7.000000000000000000e+03 2.800004700493983201e-01 4.219390077378242787e-01 3.941738734638142727e-01 1.609012289485662328e-01 2.298588984979517413e-02 0.000000000000000000e+00
7.250000000000000000e+03 2.900004868368766253e-01 4.302457897132453413e-01 3.849567592171142527e-01 1.563495675921711403e-01 2.844788347746927612e-02 0.000000000000000000e+00
7.500000000000000000e+03 3.000005036243551526e-01 4.401456531634046487e-01 3.785844333181611066e-01 1.590805644060081792e-01 2.218934911242603433e-02 0.000000000000000000e+00
7.750000000000000000e+03 3.100005204118336799e-01 4.519799726900318726e-01 3.689121529358215801e-01 1.581702321347291662e-01 2.093764223941738806e-02 0.000000000000000000e+00
8.000000000000000000e+03 3.200005371993122072e-01 4.673418297678652578e-01 3.629949931725079404e-01 1.500910332271279124e-01 1.957214383249886169e-02 0.000000000000000000e+00
8.250000000000000000e+03 3.300005539867907345e-01 4.732589895311788974e-01 3.627674101046882149e-01 1.439462903959945472e-01 2.002730996813837164e-02 0.000000000000000000e+00
8.500000000000000000e+03 3.400005707742692618e-01 4.796313154301319881e-01 3.659535730541647602e-01 1.358670914883932657e-01 1.843422849340009204e-02 1.137915339098771066e-04
8.750000000000000000e+03 3.500005875617477891e-01 4.797451069640418786e-01 3.676604460628129512e-01 1.312016385980883104e-01 2.127901684114701791e-02 1.137915339098771066e-04
9.000000000000000000e+03 3.600006043492263164e-01 4.831588529813382049e-01 3.642467000455166248e-01 1.315430131998179264e-01 2.093764223941738806e-02 1.137915339098771066e-04
9.250000000000000000e+03 3.700006211367048437e-01 4.751934456076468138e-01 3.759672280382339582e-01 1.263086026399635742e-01 2.253072371415566766e-02 0.000000000000000000e+00
9.500000000000000000e+03 3.800006379241833709e-01 4.831588529813382049e-01 3.648156577150660218e-01 1.338188438780154865e-01 1.820664542558033533e-02 0.000000000000000000e+00
9.750000000000000000e+03 3.900006547116618982e-01 4.881656804733727761e-01 3.620846609012289274e-01 1.310878470641784199e-01 1.866181156121984527e-02 0.000000000000000000e+00
1.000000000000000000e+04 4.000006714991404255e-01 4.788347746927628656e-01 3.825671370050068298e-01 1.234638142922166587e-01 1.502048247610377786e-02 1.137915339098771066e-04
1.025000000000000000e+04 4.100006882866187308e-01 4.654073736913973414e-01 3.899635867091488239e-01 1.279016841147018746e-01 1.661356395084205573e-02 1.137915339098771066e-04
1.050000000000000000e+04 4.200007050740972581e-01 4.629039599453800835e-01 3.841602184797451303e-01 1.366636322257624159e-01 1.627218934911242587e-02 0.000000000000000000e+00
1.075000000000000000e+04 4.300007218615760074e-01 4.626763768775603025e-01 3.760810195721438487e-01 1.466772872098315861e-01 1.456531634046426965e-02 0.000000000000000000e+00
1.100000000000000000e+04 4.400007386490543126e-01 4.639280837505689314e-01 3.777878925807919841e-01 1.404187528447883582e-01 1.775147928994082885e-02 1.137915339098771066e-04
1.125000000000000000e+04 4.500007554365326179e-01 4.622212107419207960e-01 3.769913518434228616e-01 1.424670004551661373e-01 1.832043695949021542e-02 0.000000000000000000e+00
1.150000000000000000e+04 4.600007722240113672e-01 4.644970414201183284e-01 3.774465179790623681e-01 1.421256258534364936e-01 1.593081474738279601e-02 0.000000000000000000e+00
1.175000000000000000e+04 4.700007890114901166e-01 4.625625853436504120e-01 3.839326354119253493e-01 1.398497951752389612e-01 1.365498406918525323e-02 0.000000000000000000e+00
1.200000000000000000e+04 4.800008057989684218e-01 4.599453800637232637e-01 3.846153846153846367e-01 1.432635411925352875e-01 1.217569412835685025e-02 0.000000000000000000e+00
1.225000000000000000e+04 4.900008225864467271e-01 4.627901684114701930e-01 3.838188438780154588e-01 1.384842967683204418e-01 1.490669094219390124e-02 0.000000000000000000e+00
1.250000000000000000e+04 5.000008393739254764e-01 4.495903504779244497e-01 4.017979062357760478e-01 1.368912152935821691e-01 1.172052799271734204e-02 0.000000000000000000e+00
1.275000000000000000e+04 5.100008561614040037e-01 4.479972690031861493e-01 4.128356850250341492e-01 1.266499772416932179e-01 1.251706873008648184e-02 0.000000000000000000e+00
1.300000000000000000e+04 5.200008729488823089e-01 4.395766954938552518e-01 4.206873008648156498e-01 1.256258534365043145e-01 1.411015020482476144e-02 0.000000000000000000e+00
1.325000000000000000e+04 5.300008897363608362e-01 4.474283113336367523e-01 4.082840236686390289e-01 1.301775147928994070e-01 1.411015020482476144e-02 0.000000000000000000e+00
1.350000000000000000e+04 5.400009065238393635e-01 4.518661811561219821e-01 4.154528903049612976e-01 1.194811106053709632e-01 1.319981793354574502e-02 0.000000000000000000e+00
1.375000000000000000e+04 5.500009233113181129e-01 4.326354119253527641e-01 4.242148384160218666e-01 1.280154756486117373e-01 1.513427401001365448e-02 0.000000000000000000e+00
1.400000000000000000e+04 5.600009400987964181e-01 4.317250796540737512e-01 4.179563040509786109e-01 1.370050068274920319e-01 1.331360946745562164e-02 0.000000000000000000e+00
1.425000000000000000e+04 5.700009568862747233e-01 4.160218479745106945e-01 4.354802002730996935e-01 1.355257168866636219e-01 1.297223486572599005e-02 0.000000000000000000e+00
1.450000000000000000e+04 5.800009736737534727e-01 4.120391442876649712e-01 4.308147473827947382e-01 1.411015020482476179e-01 1.604460628129267263e-02 0.000000000000000000e+00
1.475000000000000000e+04 5.900009904612322220e-01 4.123805188893946427e-01 4.253527537551206050e-01 1.482703686845698587e-01 1.399635867091488309e-02 0.000000000000000000e+00
1.500000000000000000e+04 6.000010072487105273e-01 4.120391442876649712e-01 4.198907601274465273e-01 1.536185707783341015e-01 1.445152480655439303e-02 0.000000000000000000e+00
1.525000000000000000e+04 6.100010240361888325e-01 4.145425580336822846e-01 4.192080109239872399e-01 1.535047792444242110e-01 1.274465179790623508e-02 0.000000000000000000e+00
1.550000000000000000e+04 6.200010408236675818e-01 4.164770141101502010e-01 4.078288575329995225e-01 1.648839326354119283e-01 1.081019572143832562e-02 0.000000000000000000e+00
1.575000000000000000e+04 6.300010576111461091e-01 4.238734638142921951e-01 4.023668639053254448e-01 1.616977696859353553e-01 1.194811106053709528e-02 1.137915339098771066e-04
1.600000000000000000e+04 6.400010743986244144e-01 4.318388711879836417e-01 3.915566681838871244e-01 1.652253072371415443e-01 1.137915339098771045e-02 0.000000000000000000e+00
1.625000000000000000e+04 6.500010911861029417e-01 4.342284934000910090e-01 3.807464724624488039e-01 1.677287209831588577e-01 1.729631315430131891e-02 0.000000000000000000e+00
1.650000000000000000e+04 6.600011079735814690e-01 4.271734182976786309e-01 4.028220300409649512e-01 1.537323623122439642e-01 1.627218934911242587e-02 0.000000000000000000e+00
1.675000000000000000e+04 6.700011247610602183e-01 3.955393718707327921e-01 4.477696859353664238e-01 1.480427856167501055e-01 8.648156577150659455e-03 0.000000000000000000e+00
1.700000000000000000e+04 6.800011415485385236e-01 3.810878470641784199e-01 4.578971324533454568e-01 1.510013654984069253e-01 1.001365498406918582e-02 0.000000000000000000e+00
1.725000000000000000e+04 6.900011583360168288e-01 3.842740100136549652e-01 4.382111970869367323e-01 1.657942649066909413e-01 1.172052799271734204e-02 0.000000000000000000e+00
1.750000000000000000e+04 7.000011751234955781e-01 3.720983158852981254e-01 4.415111515703231682e-01 1.781975421028675344e-01 8.192990441511151245e-03 0.000000000000000000e+00
1.775000000000000000e+04 7.100011919109743275e-01 3.474055530268548297e-01 4.696176604460627901e-01 1.750113791533909890e-01 7.965407373691398007e-03 0.000000000000000000e+00
1.800000000000000000e+04 7.200012086984526327e-01 3.346609012289485929e-01 5.009103322712790130e-01 1.561219845243513871e-01 8.306781975421027864e-03 0.000000000000000000e+00
1.825000000000000000e+04 7.300012254859309380e-01 3.157715065999089910e-01 5.256030951297223641e-01 1.516841147018661851e-01 6.941283568502503235e-03 0.000000000000000000e+00
1.850000000000000000e+04 7.400012422734096873e-01 3.128129267182521711e-01 5.385753299954483264e-01 1.399635867091488517e-01 8.648156577150659455e-03 0.000000000000000000e+00
1.875000000000000000e+04 7.500012590608882146e-01 3.059854346836595185e-01 5.524578971324533017e-01 1.356395084205735124e-01 5.917159763313609329e-03 0.000000000000000000e+00
1.900000000000000000e+04 7.600012758483665198e-01 3.148611743286299225e-01 5.514337733272643982e-01 1.249431042330450548e-01 8.761948111060537808e-03 0.000000000000000000e+00
1.925000000000000000e+04 7.700012926358450471e-01 3.065543923532089154e-01 5.639508420573509095e-01 1.193673190714610866e-01 1.012744651797906244e-02 0.000000000000000000e+00
1.950000000000000000e+04 7.800013094233235744e-01 2.909649522075557493e-01 5.769230769230768718e-01 1.246017296313154249e-01 7.510241238051888930e-03 0.000000000000000000e+00
1.975000000000000000e+04 7.900013262108023238e-01 2.977924442421484019e-01 5.667956304050978389e-01 1.263086026399635742e-01 9.103322712790167665e-03 0.000000000000000000e+00
2.000000000000000000e+04 8.000013429982806290e-01 2.885753299954483264e-01 5.567819754210286964e-01 1.474738279472007363e-01 7.168866636322257339e-03 0.000000000000000000e+00
2.025000000000000000e+04 8.100013597857589343e-01 2.809512972234865513e-01 5.554164770141101215e-01 1.580564406008193035e-01 5.575785161583977738e-03 0.000000000000000000e+00
2.050000000000000000e+04 8.200013765732376836e-01 2.844788347746927681e-01 5.456304050978607600e-01 1.640873918980427781e-01 5.803368229403732710e-03 0.000000000000000000e+00
2.075000000000000000e+04 8.300013933607162109e-01 2.917614929449248717e-01 5.312926718252162228e-01 1.710286754665452935e-01 5.917159763313609329e-03 0.000000000000000000e+00
2.100000000000000000e+04 8.400014101481947382e-01 3.033682294037323701e-01 5.178652708238506985e-01 1.731907146108329631e-01 5.575785161583977738e-03 0.000000000000000000e+00
2.125000000000000000e+04 8.500014269356730434e-01 3.010923987255348377e-01 5.153618570778334407e-01 1.762630860263996457e-01 7.282658170232134826e-03 0.000000000000000000e+00
2.150000000000000000e+04 8.600014437231517928e-01 2.987027765134274149e-01 5.052344105598542967e-01 1.865043240782885692e-01 9.558488848429677609e-03 0.000000000000000000e+00
2.175000000000000000e+04 8.700014605106303200e-01 3.083750568957669413e-01 5.000000000000000000e-01 1.855939918070095562e-01 6.030951297223486815e-03 0.000000000000000000e+00
2.200000000000000000e+04 8.800014772981086253e-01 3.165680473372781134e-01 4.987482931269913711e-01 1.770596267637687682e-01 7.624032771961766417e-03 0.000000000000000000e+00
2.225000000000000000e+04 8.900014940855871526e-01 3.307919890760127601e-01 4.847519344560764498e-01 1.752389622212107423e-01 9.217114246700046018e-03 0.000000000000000000e+00
2.250000000000000000e+04 9.000015108730656799e-01 3.420573509330905870e-01 4.731451979972690070e-01 1.770596267637687682e-01 7.737824305871643035e-03 0.000000000000000000e+00
2.275000000000000000e+04 9.100015276605444292e-01 3.520710059171597850e-01 4.448111060537096040e-01 1.953800637232590010e-01 7.737824305871643035e-03 0.000000000000000000e+00
2.300000000000000000e+04 9.200015444480227345e-01 3.640191169776968438e-01 4.294492489758762188e-01 1.948111060537096040e-01 1.172052799271734204e-02 0.000000000000000000e+00
2.325000000000000000e+04 9.300015612355010397e-01 3.534365043240783044e-01 4.427628584433317971e-01 1.934456076467910846e-01 1.035502958579881741e-02 0.000000000000000000e+00
2.350000000000000000e+04 9.400015780229797890e-01 3.359126081019572219e-01 4.569868001820664438e-01 2.010696404187528319e-01 6.030951297223486815e-03 0.000000000000000000e+00
2.375000000000000000e+04 9.500015948104583163e-01 3.296540737369139662e-01 4.560764679107874309e-01 2.096040054619936199e-01 4.665452890304961318e-03 0.000000000000000000e+00
2.400000000000000000e+04 9.600016115979368436e-01 3.216886663632225751e-01 4.773554847519344557e-01 1.936731907146108378e-01 7.282658170232134826e-03 0.000000000000000000e+00
2.425000000000000000e+04 9.700016283854151489e-01 3.284023668639053373e-01 5.021620391442876974e-01 1.627218934911242587e-01 6.713700500682749130e-03 0.000000000000000000e+00
2.450000000000000000e+04 9.800016451728936762e-01 3.246472462448793950e-01 4.952207555757851543e-01 1.709148839326354030e-01 9.217114246700046018e-03 0.000000000000000000e+00
2.475000000000000000e+04 9.900016619603724255e-01 3.260127446517979144e-01 4.988620846609012061e-01 1.676149294492489672e-01 7.510241238051888930e-03 0.000000000000000000e+00
2.500000000000000000e+04 1.000001678747850953e+00 3.271506599908966528e-01 4.870277651342740377e-01 1.796768320436959443e-01 6.144742831133363434e-03 0.000000000000000000e+00
