# itime ezz other fcc hcp bcc ico
0.000000000000000000e+00 0.000000000000000000e+00 0.000000000000000000e+00 1.000000000000000000e+00 0.000000000000000000e+00 0.000000000000000000e+00 0.000000000000000000e+00
2.500000000000000000e+01 9.999849780264469246e-04 0.000000000000000000e+00 1.000000000000000000e+00 0.000000000000000000e+00 0.000000000000000000e+00 0.000000000000000000e+00
5.000000000000000000e+01 1.999969956052671805e-03 0.000000000000000000e+00 1.000000000000000000e+00 0.000000000000000000e+00 0.000000000000000000e+00 0.000000000000000000e+00
7.500000000000000000e+01 2.999954934079118729e-03 0.000000000000000000e+00 1.000000000000000000e+00 0.000000000000000000e+00 0.000000000000000000e+00 0.000000000000000000e+00
1.000000000000000000e+02 3.999939912105343609e-03 0.000000000000000000e+00 1.000000000000000000e+00 0.000000000000000000e+00 0.000000000000000000e+00 0.000000000000000000e+00
1.250000000000000000e+02 4.999924890131790534e-03 0.000000000000000000e+00 1.000000000000000000e+00 0.000000000000000000e+00 0.000000000000000000e+00 0.000000000000000000e+00
1.500000000000000000e+02 5.999909868158015414e-03 0.000000000000000000e+00 1.000000000000000000e+00 0.000000000000000000e+00 0.000000000000000000e+00 0.000000000000000000e+00
1.750000000000000000e+02 6.999894846184462338e-03 0.000000000000000000e+00 1.000000000000000000e+00 0.000000000000000000e+00 0.000000000000000000e+00 0.000000000000000000e+00
2.000000000000000000e+02 7.999879824210687218e-03 0.000000000000000000e+00 1.000000000000000000e+00 0.000000000000000000e+00 0.000000000000000000e+00 0.000000000000000000e+00
2.250000000000000000e+02 8.999864802237134143e-03 0.000000000000000000e+00 1.000000000000000000e+00 0.000000000000000000e+00 0.000000000000000000e+00 0.000000000000000000e+00
2.500000000000000000e+02 9.999849780263581067e-03 0.000000000000000000e+00 1.000000000000000000e+00 0.000000000000000000e+00 0.000000000000000000e+00 0.000000000000000000e+00
2.750000000000000000e+02 1.099983475828980595e-02 0.000000000000000000e+00 1.000000000000000000e+00 0.000000000000000000e+00 0.000000000000000000e+00 0.000000000000000000e+00
3.000000000000000000e+02 1.199981973631625287e-02 0.000000000000000000e+00 1.000000000000000000e+00 0.000000000000000000e+00 0.000000000000000000e+00 0.000000000000000000e+00
3.250000000000000000e+02 1.299980471434247775e-02 0.000000000000000000e+00 1.000000000000000000e+00 0.000000000000000000e+00 0.000000000000000000e+00 0.000000000000000000e+00
3.500000000000000000e+02 1.399978969236892468e-02 0.000000000000000000e+00 1.000000000000000000e+00 0.000000000000000000e+00 0.000000000000000000e+00 0.000000000000000000e+00
3.750000000000000000e+02 1.499977467039514956e-02 0.000000000000000000e+00 1.000000000000000000e+00 0.000000000000000000e+00 0.000000000000000000e+00 0.000000000000000000e+00
4.000000000000000000e+02 1.599975964842159648e-02 0.000000000000000000e+00 1.000000000000000000e+00 0.000000000000000000e+00 0.000000000000000000e+00 0.000000000000000000e+00
4.250000000000000000e+02 1.699974462644782136e-02 0.000000000000000000e+00 1.000000000000000000e+00 0.000000000000000000e+00 0.000000000000000000e+00 0.000000000000000000e+00
4.500000000000000000e+02 1.799972960447426829e-02 0.000000000000000000e+00 1.000000000000000000e+00 0.000000000000000000e+00 0.000000000000000000e+00 0.000000000000000000e+00
4.750000000000000000e+02 1.899971458250071521e-02 0.000000000000000000e+00 1.000000000000000000e+00 0.000000000000000000e+00 0.000000000000000000e+00 0.000000000000000000e+00
5.000000000000000000e+02 1.999969956052694009e-02 0.000000000000000000e+00 1.000000000000000000e+00 0.000000000000000000e+00 0.000000000000000000e+00 0.000000000000000000e+00
5.250000000000000000e+02 2.099968453855338701e-02 0.000000000000000000e+00 1.000000000000000000e+00 0.000000000000000000e+00 0.000000000000000000e+00 0.000000000000000000e+00
5.500000000000000000e+02 2.199966951657961189e-02 0.000000000000000000e+00 1.000000000000000000e+00 0.000000000000000000e+00 0.000000000000000000e+00 0.000000000000000000e+00
5.750000000000000000e+02 2.299965449460605882e-02 0.000000000000000000e+00 1.000000000000000000e+00 0.000000000000000000e+00 0.000000000000000000e+00 0.000000000000000000e+00
6.000000000000000000e+02 2.399963947263228370e-02 0.000000000000000000e+00 1.000000000000000000e+00 0.000000000000000000e+00 0.000000000000000000e+00 0.000000000000000000e+00
6.250000000000000000e+02 2.499962445065873062e-02 0.000000000000000000e+00 1.000000000000000000e+00 0.000000000000000000e+00 0.000000000000000000e+00 0.000000000000000000e+00
6.500000000000000000e+02 2.599960942868495550e-02 0.000000000000000000e+00 1.000000000000000000e+00 0.000000000000000000e+00 0.000000000000000000e+00 0.000000000000000000e+00
6.750000000000000000e+02 2.699959440671140243e-02 0.000000000000000000e+00 1.000000000000000000e+00 0.000000000000000000e+00 0.000000000000000000e+00 0.000000000000000000e+00
7.000000000000000000e+02 2.799957938473762731e-02 0.000000000000000000e+00 1.000000000000000000e+00 0.000000000000000000e+00 0.000000000000000000e+00 0.000000000000000000e+00
7.250000000000000000e+02 2.899956436276407423e-02 0.000000000000000000e+00 1.000000000000000000e+00 0.000000000000000000e+00 0.000000000000000000e+00 0.000000000000000000e+00
7.500000000000000000e+02 2.999954934079052116e-02 0.000000000000000000e+00 1.000000000000000000e+00 0.000000000000000000e+00 0.000000000000000000e+00 0.000000000000000000e+00
7.750000000000000000e+02 3.099953431881674604e-02 0.000000000000000000e+00 1.000000000000000000e+00 0.000000000000000000e+00 0.000000000000000000e+00 0.000000000000000000e+00
8.000000000000000000e+02 3.199951929684319296e-02 0.000000000000000000e+00 1.000000000000000000e+00 0.000000000000000000e+00 0.000000000000000000e+00 0.000000000000000000e+00
8.250000000000000000e+02 3.299950427486941784e-02 0.000000000000000000e+00 1.000000000000000000e+00 0.000000000000000000e+00 0.000000000000000000e+00 0.000000000000000000e+00
8.500000000000000000e+02 3.399948925289586477e-02 0.000000000000000000e+00 1.000000000000000000e+00 0.000000000000000000e+00 0.000000000000000000e+00 0.000000000000000000e+00
8.750000000000000000e+02 3.499947423092208965e-02 0.000000000000000000e+00 1.000000000000000000e+00 0.000000000000000000e+00 0.000000000000000000e+00 0.000000000000000000e+00
9.000000000000000000e+02 3.599945920894853657e-02 0.000000000000000000e+00 1.000000000000000000e+00 0.000000000000000000e+00 0.000000000000000000e+00 0.000000000000000000e+00
9.250000000000000000e+02 3.699944418697476145e-02 0.000000000000000000e+00 1.000000000000000000e+00 0.000000000000000000e+00 0.000000000000000000e+00 0.000000000000000000e+00
9.500000000000000000e+02 3.799942916500120837e-02 0.000000000000000000e+00 1.000000000000000000e+00 0.000000000000000000e+00 0.000000000000000000e+00 0.000000000000000000e+00
9.750000000000000000e+02 3.899941414302765530e-02 0.000000000000000000e+00 1.000000000000000000e+00 0.000000000000000000e+00 0.000000000000000000e+00 0.000000000000000000e+00
1.000000000000000000e+03 3.999939912105388018e-02 0.000000000000000000e+00 1.000000000000000000e+00 0.000000000000000000e+00 0.000000000000000000e+00 0.000000000000000000e+00
1.025000000000000000e+03 4.099938409908032710e-02 0.000000000000000000e+00 1.000000000000000000e+00 0.000000000000000000e+00 0.000000000000000000e+00 0.000000000000000000e+00
1.050000000000000000e+03 4.199936907710655198e-02 0.000000000000000000e+00 1.000000000000000000e+00 0.000000000000000000e+00 0.000000000000000000e+00 0.000000000000000000e+00
1.075000000000000000e+03 4.299935405513299891e-02 0.000000000000000000e+00 1.000000000000000000e+00 0.000000000000000000e+00 0.000000000000000000e+00 0.000000000000000000e+00
1.100000000000000000e+03 4.399933903315922379e-02 0.000000000000000000e+00 1.000000000000000000e+00 0.000000000000000000e+00 0.000000000000000000e+00 0.000000000000000000e+00
1.125000000000000000e+03 4.499932401118567071e-02 0.000000000000000000e+00 1.000000000000000000e+00 0.000000000000000000e+00 0.000000000000000000e+00 0.000000000000000000e+00
1.150000000000000000e+03 4.599930898921189559e-02 0.000000000000000000e+00 1.000000000000000000e+00 0.000000000000000000e+00 0.000000000000000000e+00 0.000000000000000000e+00
1.175000000000000000e+03 4.699929396723834252e-02 0.000000000000000000e+00 1.000000000000000000e+00 0.000000000000000000e+00 0.000000000000000000e+00 0.000000000000000000e+00
1.200000000000000000e+03 4.799927894526478944e-02 0.000000000000000000e+00 1.000000000000000000e+00 0.000000000000000000e+00 0.000000000000000000e+00 0.000000000000000000e+00
1.225000000000000000e+03 4.899926392329101432e-02 0.000000000000000000e+00 1.000000000000000000e+00 0.000000000000000000e+00 0.000000000000000000e+00 0.000000000000000000e+00
1.250000000000000000e+03 4.999924890131746125e-02 0.000000000000000000e+00 1.000000000000000000e+00 0.000000000000000000e+00 0.000000000000000000e+00 0.000000000000000000e+00
1.275000000000000000e+03 5.099923387934368613e-02 0.000000000000000000e+00 1.000000000000000000e+00 0.000000000000000000e+00 0.000000000000000000e+00 0.000000000000000000e+00
1.300000000000000000e+03 5.199921885737013305e-02 0.000000000000000000e+00 1.000000000000000000e+00 0.000000000000000000e+00 0.000000000000000000e+00 0.000000000000000000e+00
1.325000000000000000e+03 5.299920383539635793e-02 4.551661356395084266e-04 9.995448338643604380e-01 0.000000000000000000e+00 0.000000000000000000e+00 0.000000000000000000e+00
1.350000000000000000e+03 5.399918881342280486e-02 0.000000000000000000e+00 1.000000000000000000e+00 0.000000000000000000e+00 0.000000000000000000e+00 0.000000000000000000e+00
1.375000000000000000e+03 5.499917379144902974e-02 0.000000000000000000e+00 1.000000000000000000e+00 0.000000000000000000e+00 0.000000000000000000e+00 0.000000000000000000e+00
1.400000000000000000e+03 5.599915876947547666e-02 0.000000000000000000e+00 1.000000000000000000e+00 0.000000000000000000e+00 0.000000000000000000e+00 0.000000000000000000e+00
1.425000000000000000e+03 5.699914374750192358e-02 0.000000000000000000e+00 1.000000000000000000e+00 0.000000000000000000e+00 0.000000000000000000e+00 0.000000000000000000e+00
1.450000000000000000e+03 5.799912872552814846e-02 0.000000000000000000e+00 1.000000000000000000e+00 0.000000000000000000e+00 0.000000000000000000e+00 0.000000000000000000e+00
1.475000000000000000e+03 5.899911370355459539e-02 0.000000000000000000e+00 1.000000000000000000e+00 0.000000000000000000e+00 0.000000000000000000e+00 0.000000000000000000e+00
1.500000000000000000e+03 5.999909868158082027e-02 0.000000000000000000e+00 1.000000000000000000e+00 0.000000000000000000e+00 0.000000000000000000e+00 0.000000000000000000e+00
1.525000000000000000e+03 6.099908365960726719e-02 0.000000000000000000e+00 1.000000000000000000e+00 0.000000000000000000e+00 0.000000000000000000e+00 0.000000000000000000e+00
1.550000000000000000e+03 6.199906863763349207e-02 0.000000000000000000e+00 1.000000000000000000e+00 0.000000000000000000e+00 0.000000000000000000e+00 0.000000000000000000e+00
1.575000000000000000e+03 6.299905361565993900e-02 0.000000000000000000e+00 1.000000000000000000e+00 0.000000000000000000e+00 0.000000000000000000e+00 0.000000000000000000e+00
1.600000000000000000e+03 6.399903859368616388e-02 0.000000000000000000e+00 1.000000000000000000e+00 0.000000000000000000e+00 0.000000000000000000e+00 0.000000000000000000e+00
1.625000000000000000e+03 6.499902357171261080e-02 0.000000000000000000e+00 1.000000000000000000e+00 0.000000000000000000e+00 0.000000000000000000e+00 0.000000000000000000e+00
1.650000000000000000e+03 6.599900854973905773e-02 0.000000000000000000e+00 1.000000000000000000e+00 0.000000000000000000e+00 0.000000000000000000e+00 0.000000000000000000e+00
1.675000000000000000e+03 6.699899352776528261e-02 0.000000000000000000e+00 1.000000000000000000e+00 0.000000000000000000e+00 0.000000000000000000e+00 0.000000000000000000e+00
1.700000000000000000e+03 6.799897850579172953e-02 0.000000000000000000e+00 9.998862084660901095e-01 0.000000000000000000e+00 1.137915339098771066e-04 0.000000000000000000e+00
1.725000000000000000e+03 6.899896348381795441e-02 0.000000000000000000e+00 1.000000000000000000e+00 0.000000000000000000e+00 0.000000000000000000e+00 0.000000000000000000e+00
1.750000000000000000e+03 6.999894846184440134e-02 0.000000000000000000e+00 1.000000000000000000e+00 0.000000000000000000e+00 0.000000000000000000e+00 0.000000000000000000e+00
1.775000000000000000e+03 7.099893343987062622e-02 0.000000000000000000e+00 1.000000000000000000e+00 0.000000000000000000e+00 0.000000000000000000e+00 0.000000000000000000e+00
1.800000000000000000e+03 7.199891841789707314e-02 0.000000000000000000e+00 1.000000000000000000e+00 0.000000000000000000e+00 0.000000000000000000e+00 0.000000000000000000e+00
1.825000000000000000e+03 7.299890339592329802e-02 0.000000000000000000e+00 1.000000000000000000e+00 0.000000000000000000e+00 0.000000000000000000e+00 0.000000000000000000e+00
1.850000000000000000e+03 7.399888837394974495e-02 3.413746017296313199e-04 9.996586253982703285e-01 0.000000000000000000e+00 0.000000000000000000e+00 0.000000000000000000e+00
1.875000000000000000e+03 7.499887335197596983e-02 0.000000000000000000e+00 1.000000000000000000e+00 0.000000000000000000e+00 0.000000000000000000e+00 0.000000000000000000e+00
1.900000000000000000e+03 7.599885833000241675e-02 4.551661356395084266e-04 9.993172507965407680e-01 0.000000000000000000e+00 2.275830678197542133e-04 0.000000000000000000e+00
1.925000000000000000e+03 7.699884330802886367e-02 4.551661356395084266e-04 9.995448338643604380e-01 0.000000000000000000e+00 0.000000000000000000e+00 0.000000000000000000e+00
1.950000000000000000e+03 7.799882828605508855e-02 0.000000000000000000e+00 1.000000000000000000e+00 0.000000000000000000e+00 0.000000000000000000e+00 0.000000000000000000e+00
1.975000000000000000e+03 7.899881326408153548e-02 6.827492034592626399e-04 9.993172507965407680e-01 0.000000000000000000e+00 0.000000000000000000e+00 0.000000000000000000e+00
2.000000000000000000e+03 7.999879824210776036e-02 0.000000000000000000e+00 1.000000000000000000e+00 0.000000000000000000e+00 0.000000000000000000e+00 0.000000000000000000e+00
2.025000000000000000e+03 8.099878322013420728e-02 0.000000000000000000e+00 1.000000000000000000e+00 0.000000000000000000e+00 0.000000000000000000e+00 0.000000000000000000e+00
2.050000000000000000e+03 8.199876819816043216e-02 4.551661356395084266e-04 9.995448338643604380e-01 0.000000000000000000e+00 0.000000000000000000e+00 0.000000000000000000e+00
2.075000000000000000e+03 8.299875317618687909e-02 1.137915339098771066e-04 9.998862084660901095e-01 0.000000000000000000e+00 0.000000000000000000e+00 0.000000000000000000e+00
2.100000000000000000e+03 8.399873815421310397e-02 0.000000000000000000e+00 1.000000000000000000e+00 0.000000000000000000e+00 0.000000000000000000e+00 0.000000000000000000e+00
2.125000000000000000e+03 8.499872313223955089e-02 6.827492034592626399e-04 9.990896677287209870e-01 0.000000000000000000e+00 2.275830678197542133e-04 0.000000000000000000e+00
2.150000000000000000e+03 8.599870811026599782e-02 2.275830678197542133e-04 9.997724169321802190e-01 0.000000000000000000e+00 0.000000000000000000e+00 0.000000000000000000e+00
2.175000000000000000e+03 8.699869308829222270e-02 1.137915339098770958e-03 9.987482931269913156e-01 0.000000000000000000e+00 1.137915339098771066e-04 0.000000000000000000e+00
2.200000000000000000e+03 8.799867806631866962e-02 0.000000000000000000e+00 1.000000000000000000e+00 0.000000000000000000e+00 0.000000000000000000e+00 0.000000000000000000e+00
2.225000000000000000e+03 8.899866304434489450e-02 7.965407373691396923e-04 9.992034592626308775e-01 0.000000000000000000e+00 0.000000000000000000e+00 0.000000000000000000e+00
2.250000000000000000e+03 8.999864802237134143e-02 5.689576695493854790e-04 9.993172507965407680e-01 0.000000000000000000e+00 1.137915339098771066e-04 0.000000000000000000e+00
2.275000000000000000e+03 9.099863300039756631e-02 1.137915339098770958e-03 9.988620846609012061e-01 0.000000000000000000e+00 0.000000000000000000e+00 0.000000000000000000e+00
2.300000000000000000e+03 9.199861797842401323e-02 1.706873008648156654e-03 9.981793354574419741e-01 0.000000000000000000e+00 1.137915339098771066e-04 0.000000000000000000e+00
2.325000000000000000e+03 9.299860295645023811e-02 1.365498406918525280e-03 9.985207100591716456e-01 0.000000000000000000e+00 1.137915339098771066e-04 0.000000000000000000e+00
2.350000000000000000e+03 9.399858793447668504e-02 1.820664542558033706e-03 9.977241693218024121e-01 0.000000000000000000e+00 4.551661356395084266e-04 0.000000000000000000e+00
2.375000000000000000e+03 9.499857291250313196e-02 1.934456076467910759e-03 9.980655439235320836e-01 0.000000000000000000e+00 0.000000000000000000e+00 0.000000000000000000e+00
2.400000000000000000e+03 9.599855789052935684e-02 2.275830678197541916e-03 9.977241693218024121e-01 0.000000000000000000e+00 0.000000000000000000e+00 0.000000000000000000e+00
2.425000000000000000e+03 9.699854286855580376e-02 1.593081474738279385e-03 9.982931269913518646e-01 0.000000000000000000e+00 1.137915339098771066e-04 0.000000000000000000e+00
2.450000000000000000e+03 9.799852784658202864e-02 2.730996813837050560e-03 9.971552116522530707e-01 0.000000000000000000e+00 1.137915339098771066e-04 0.000000000000000000e+00
2.475000000000000000e+03 9.899851282460847557e-02 1.479289940828402332e-03 9.980655439235320836e-01 0.000000000000000000e+00 4.551661356395084266e-04 0.000000000000000000e+00
2.500000000000000000e+03 9.999849780263470045e-02 1.820664542558033706e-03 9.981793354574419741e-01 0.000000000000000000e+00 0.000000000000000000e+00 0.000000000000000000e+00
2.525000000000000000e+03 1.009984827806611474e-01 2.389622212107419402e-03 9.976103777878926326e-01 0.000000000000000000e+00 0.000000000000000000e+00 0.000000000000000000e+00
2.550000000000000000e+03 1.019984677586873723e-01 2.162039144287664864e-03 9.978379608557123026e-01 0.000000000000000000e+00 0.000000000000000000e+00 0.000000000000000000e+00
2.575000000000000000e+03 1.029984527367138192e-01 2.958579881656804664e-03 9.968138370505233992e-01 0.000000000000000000e+00 2.275830678197542133e-04 0.000000000000000000e+00
2.600000000000000000e+03 1.039984377147402661e-01 2.617205279927173507e-03 9.972690031861629611e-01 0.000000000000000000e+00 1.137915339098771066e-04 0.000000000000000000e+00
2.625000000000000000e+03 1.049984226927664910e-01 3.413746017296313308e-03 9.961310878470641672e-01 0.000000000000000000e+00 4.551661356395084266e-04 0.000000000000000000e+00
2.650000000000000000e+03 1.059984076707929379e-01 4.893035958124715423e-03 9.943104233045061413e-01 0.000000000000000000e+00 7.965407373691396923e-04 0.000000000000000000e+00
2.675000000000000000e+03 1.069983926488191628e-01 5.006827492034592909e-03 9.946517979062358128e-01 0.000000000000000000e+00 3.413746017296313199e-04 0.000000000000000000e+00
2.700000000000000000e+03 1.079983776268456097e-01 6.599908966772872511e-03 9.928311333636777869e-01 0.000000000000000000e+00 5.689576695493854790e-04 0.000000000000000000e+00
2.725000000000000000e+03 1.089983626048718346e-01 1.217569412835685025e-02 9.874829312699134887e-01 0.000000000000000000e+00 3.413746017296313199e-04 0.000000000000000000e+00
2.750000000000000000e+03 1.099983475828982815e-01 8.761948111060537808e-03 9.906690942193900895e-01 0.000000000000000000e+00 5.689576695493854790e-04 0.000000000000000000e+00
2.775000000000000000e+03 1.109983325609245064e-01 1.115157032316795548e-02 9.878243058716431602e-01 0.000000000000000000e+00 1.024123805188893906e-03 0.000000000000000000e+00
2.800000000000000000e+03 1.119983175389509533e-01 1.172052799271734204e-02 9.873691397360035982e-01 0.000000000000000000e+00 9.103322712790168532e-04 0.000000000000000000e+00
2.825000000000000000e+03 1.129983025169771782e-01 1.729631315430131891e-02 9.807692307692307265e-01 0.000000000000000000e+00 1.934456076467910759e-03 0.000000000000000000e+00
2.850000000000000000e+03 1.139982874950036251e-01 1.945835229858898507e-02 9.772416932180245652e-01 0.000000000000000000e+00 3.299954483386436255e-03 0.000000000000000000e+00
2.875000000000000000e+03 1.149982724730300720e-01 2.605826126536185672e-02 9.696176604460627901e-01 0.000000000000000000e+00 4.324078288575329727e-03 0.000000000000000000e+00
2.900000000000000000e+03 1.159982574510562969e-01 3.106508875739644876e-02 9.616522530723714546e-01 0.000000000000000000e+00 7.282658170232134826e-03 0.000000000000000000e+00
2.925000000000000000e+03 1.169982424290827439e-01 4.551661356395084179e-02 9.429904415111515226e-01 0.000000000000000000e+00 1.149294492489758707e-02 0.000000000000000000e+00
2.950000000000000000e+03 1.179982274071089687e-01 5.518889394629039602e-02 9.163632225762403660e-01 0.000000000000000000e+00 2.844788347746927612e-02 0.000000000000000000e+00
2.975000000000000000e+03 1.189982123851354157e-01 9.524351388256713236e-02 8.368229403732362348e-01 0.000000000000000000e+00 6.793354574419663283e-02 0.000000000000000000e+00
3.000000000000000000e+03 1.199981973631616405e-01 1.488393263541192557e-01 6.793354574419663283e-01 0.000000000000000000e+00 1.718252162039144160e-01 0.000000000000000000e+00
3.025000000000000000e+03 1.209981823411880875e-01 2.144970414201183562e-01 4.689349112426035582e-01 0.000000000000000000e+00 3.165680473372781134e-01 0.000000000000000000e+00
3.050000000000000000e+03 1.219981673192143123e-01 2.960855712335002110e-01 2.471552116522530707e-01 0.000000000000000000e+00 4.567592171142467183e-01 0.000000000000000000e+00
3.075000000000000000e+03 1.229981522972407593e-01 3.527537551206190169e-01 1.036640873918980438e-01 1.137915339098771066e-04 5.434683659535730627e-01 0.000000000000000000e+00
3.100000000000000000e+03 1.239981372752672062e-01 3.640191169776968438e-01 5.484751934456076616e-02 0.000000000000000000e+00 5.811333636777423761e-01 0.000000000000000000e+00
3.125000000000000000e+03 1.249981222532934311e-01 3.567364588074647402e-01 5.166135639508420696e-02 3.413746017296313199e-04 5.912608101957214091e-01 0.000000000000000000e+00
3.150000000000000000e+03 1.259981072313198780e-01 3.330678197542102925e-01 1.001365498406918547e-01 3.413746017296313199e-04 5.664542558033682784e-01 0.000000000000000000e+00
3.175000000000000000e+03 1.269980922093461029e-01 3.311333636777423761e-01 1.557806099226217433e-01 2.275830678197542133e-04 5.128584433318160718e-01 0.000000000000000000e+00
3.200000000000000000e+03 1.279980771873725498e-01 3.338643604915794150e-01 1.735320892125625791e-01 3.413746017296313199e-04 4.922621756941283344e-01 0.000000000000000000e+00
3.225000000000000000e+03 1.289980621653987747e-01 3.336367774237596895e-01 1.684114701866181174e-01 1.820664542558033706e-03 4.961310878470641672e-01 0.000000000000000000e+00
3.250000000000000000e+03 1.299980471434252216e-01 3.365953573054164538e-01 1.613563950842057393e-01 9.103322712790168532e-04 5.011379153390987939e-01 0.000000000000000000e+00
3.275000000000000000e+03 1.309980321214514465e-01 3.394401456531633832e-01 1.512289485662266786e-01 2.048247610377787811e-03 5.072826581702321036e-01 0.000000000000000000e+00
3.300000000000000000e+03 1.319980170994778934e-01 3.414883932635411901e-01 1.346153846153846090e-01 1.593081474738279385e-03 5.223031406463358728e-01 0.000000000000000000e+00
3.325000000000000000e+03 1.329980020775043403e-01 3.272644515248065433e-01 1.418980427856167403e-01 1.024123805188893906e-03 5.298133818843877574e-01 0.000000000000000000e+00
3.350000000000000000e+03 1.339979870555305652e-01 3.124715521165225551e-01 1.514565316340464318e-01 2.730996813837050560e-03 5.333409194355940297e-01 0.000000000000000000e+00
3.375000000000000000e+03 1.349979720335570121e-01 3.017751479289940697e-01 1.442876649977241632e-01 3.641329085116067413e-03 5.502958579881657153e-01 0.000000000000000000e+00
3.400000000000000000e+03 1.359979570115832370e-01 2.753755120619025831e-01 1.529358215748748417e-01 6.258534365043240920e-03 5.654301319981793750e-01 0.000000000000000000e+00
3.425000000000000000e+03 1.369979419896096839e-01 2.787892580791989094e-01 1.495220755575785154e-01 1.570323167956303931e-02 5.559854346836595740e-01 0.000000000000000000e+00
3.450000000000000000e+03 1.379979269676359088e-01 2.968821119708693890e-01 1.528220300409649512e-01 2.867546654528902936e-02 5.216203914428766408e-01 0.000000000000000000e+00
3.475000000000000000e+03 1.389979119456623557e-01 3.237369139736003820e-01 1.657942649066909413e-01 5.086481565771506369e-02 4.596040054619936477e-01 0.000000000000000000e+00
3.500000000000000000e+03 1.399978969236885806e-01 3.483158852981338427e-01 1.812699135184342170e-01 7.510241238051888757e-02 3.953117888029130667e-01 0.000000000000000000e+00
3.525000000000000000e+03 1.409978819017150276e-01 3.608329540282202985e-01 1.995903504779244497e-01 1.017296313154301274e-01 3.378470641784251383e-01 0.000000000000000000e+00
3.550000000000000000e+03 1.419978668797414745e-01 3.529813381884387979e-01 2.258761948111060458e-01 1.190259444697314567e-01 3.021165225307237412e-01 0.000000000000000000e+00
3.575000000000000000e+03 1.429978518577676994e-01 3.524123805188894010e-01 2.513654984069185194e-01 1.310878470641784199e-01 2.651342740100136597e-01 0.000000000000000000e+00
3.600000000000000000e+03 1.439978368357941463e-01 3.664087391898042667e-01 2.691169776968593275e-01 1.372325898953117851e-01 2.272416932180245652e-01 0.000000000000000000e+00
3.625000000000000000e+03 1.449978218138203712e-01 3.747155211652253293e-01 2.892580791989076139e-01 1.428083750568957533e-01 1.932180245789713313e-01 0.000000000000000000e+00
3.650000000000000000e+03 1.459978067918468181e-01 3.812016385980883104e-01 2.931269913518434467e-01 1.458807464724624359e-01 1.797906235776058348e-01 0.000000000000000000e+00
3.675000000000000000e+03 1.469977917698730430e-01 3.835912608101957333e-01 2.914201183431952558e-01 1.482703686845698587e-01 1.767182521620391522e-01 0.000000000000000000e+00
3.700000000000000000e+03 1.479977767478994899e-01 3.757396449704141772e-01 2.976786527082385114e-01 1.558944014565316338e-01 1.706873008648156498e-01 0.000000000000000000e+00
3.725000000000000000e+03 1.489977617259257148e-01 3.847291761492944717e-01 2.983614019116977434e-01 1.607874374146563423e-01 1.561219845243513871e-01 0.000000000000000000e+00
3.750000000000000000e+03 1.499977467039521617e-01 3.741465634956759323e-01 3.023441055985434667e-01 1.746700045516613453e-01 1.488393263541192557e-01 0.000000000000000000e+00
3.775000000000000000e+03 1.509977316819786086e-01 3.773327264451524776e-01 2.965407373691397175e-01 1.859353664087392000e-01 1.401911697769686049e-01 0.000000000000000000e+00
3.800000000000000000e+03 1.519977166600048335e-01 3.814292216659080359e-01 2.930131998179335562e-01 1.951524806554392477e-01 1.304050978607191602e-01 0.000000000000000000e+00
3.825000000000000000e+03 1.529977016380312804e-01 3.764223941738734647e-01 2.977924442421484019e-01 2.002730996813837094e-01 1.255120619025944517e-01 0.000000000000000000e+00
3.850000000000000000e+03 1.539976866160575053e-01 3.786982248520709970e-01 2.939235320892125691e-01 2.059626763768775681e-01 1.214155666818388657e-01 0.000000000000000000e+00
3.875000000000000000e+03 1.549976715940839522e-01 3.883705052344105790e-01 2.951752389622211981e-01 2.104005461993627701e-01 1.060537096040054666e-01 0.000000000000000000e+00
3.900000000000000000e+03 1.559976565721101771e-01 3.958807464724624636e-01 2.943786982248520756e-01 2.059626763768775681e-01 1.037778789258079204e-01 0.000000000000000000e+00
3.925000000000000000e+03 1.569976415501366240e-01 3.893946290395994270e-01 2.987027765134274149e-01 2.123350022758306865e-01 9.956759217114247162e-02 0.000000000000000000e+00
3.950000000000000000e+03 1.579976265281628489e-01 3.783568502503413811e-01 3.042785616750113831e-01 2.110832954028220299e-01 1.062812926718252199e-01 0.000000000000000000e+00
3.975000000000000000e+03 1.589976115061892958e-01 3.799499317250796815e-01 3.100819299044151323e-01 2.212107419208010906e-01 8.875739644970413733e-02 0.000000000000000000e+00
4.000000000000000000e+03 1.599975964842155207e-01 3.744879380974055483e-01 3.169094219390077294e-01 2.195038689121529274e-01 8.909877105143376719e-02 0.000000000000000000e+00
4.025000000000000000e+03 1.609975814622419676e-01 3.819981793354574329e-01 3.165680473372781134e-01 2.214383249886208438e-01 7.999544833864360993e-02 0.000000000000000000e+00
4.050000000000000000e+03 1.619975664402684146e-01 3.733500227583067543e-01 3.253299954483386269e-01 2.257624032771961831e-01 7.555757851615839404e-02 0.000000000000000000e+00
4.075000000000000000e+03 1.629975514182946394e-01 3.734638142922166448e-01 3.263541192535275304e-01 2.229176149294492537e-01 7.726445152480655720e-02 0.000000000000000000e+00
4.100000000000000000e+03 1.639975363963210864e-01 3.697086936731907025e-01 3.321574874829312796e-01 2.210969503868912278e-01 7.703686845698680397e-02 0.000000000000000000e+00
4.125000000000000000e+03 1.649975213743473113e-01 3.772189349112425871e-01 3.392125625853436577e-01 2.160901228948566288e-01 6.747837960855712636e-02 0.000000000000000000e+00
4.150000000000000000e+03 1.659975063523737582e-01 3.769913518434228616e-01 3.443331816112881194e-01 2.140418752844788219e-01 6.463359126081019701e-02 0.000000000000000000e+00
4.175000000000000000e+03 1.669974913303999831e-01 3.772189349112425871e-01 3.443331816112881194e-01 2.124487938097405493e-01 6.599908966772871644e-02 0.000000000000000000e+00
4.200000000000000000e+03 1.679974763084264300e-01 3.792671825216203940e-01 3.509330905780609910e-01 2.119936276741010428e-01 5.780609922621757213e-02 0.000000000000000000e+00
4.225000000000000000e+03 1.689974612864526549e-01 3.783568502503413811e-01 3.534365043240783044e-01 2.132453345471096995e-01 5.496131087847064278e-02 0.000000000000000000e+00
4.250000000000000000e+03 1.699974462644791018e-01 3.796085571233500100e-01 3.538916704597178109e-01 2.105143377332726329e-01 5.598543468365953235e-02 0.000000000000000000e+00
4.275000000000000000e+03 1.709974312425055487e-01 3.758534365043240677e-01 3.565088757396449592e-01 2.139280837505689592e-01 5.370960400546199304e-02 0.000000000000000000e+00
4.300000000000000000e+03 1.719974162205317736e-01 3.743741465634956578e-01 3.579881656804733692e-01 2.127901684114701930e-01 5.484751934456076616e-02 0.000000000000000000e+00
4.325000000000000000e+03 1.729974011985582205e-01 3.805188893946290229e-01 3.558261265361857273e-01 2.085798816568047442e-01 5.507510241238051940e-02 0.000000000000000000e+00
4.350000000000000000e+03 1.739973861765844454e-01 3.752844788347746707e-01 3.534365043240783044e-01 2.076695493855257035e-01 6.360946745562130744e-02 0.000000000000000000e+00
4.375000000000000000e+03 1.749973711546108923e-01 3.773327264451524776e-01 3.534365043240783044e-01 2.084660901228948537e-01 6.076467910787437116e-02 0.000000000000000000e+00
4.400000000000000000e+03 1.759973561326371172e-01 3.736913973600364258e-01 3.570778334091943562e-01 2.117660446062812896e-01 5.746472462448793533e-02 0.000000000000000000e+00
4.425000000000000000e+03 1.769973411106635641e-01 3.743741465634956578e-01 3.552571688666363303e-01 2.152935821574874786e-01 5.507510241238051940e-02 0.000000000000000000e+00
4.450000000000000000e+03 1.779973260886897890e-01 3.851843422849339782e-01 3.480883022303140617e-01 2.157487482931269851e-01 5.097860719162494031e-02 0.000000000000000000e+00
4.475000000000000000e+03 1.789973110667162359e-01 3.793809740555302845e-01 3.534365043240783044e-01 2.132453345471096995e-01 5.393718707328174627e-02 0.000000000000000000e+00
4.500000000000000000e+03 1.799972960447426829e-01 3.779016841147018746e-01 3.562812926718252338e-01 2.131315430131998090e-01 5.268548020027309653e-02 0.000000000000000000e+00
4.525000000000000000e+03 1.809972810227689077e-01 3.764223941738734647e-01 3.579881656804733692e-01 2.091488393263541135e-01 5.644060081929904577e-02 0.000000000000000000e+00
4.550000000000000000e+03 1.819972660007953547e-01 3.774465179790623681e-01 3.621984524351388179e-01 2.091488393263541135e-01 5.120619025944470049e-02 0.000000000000000000e+00
4.575000000000000000e+03 1.829972509788215795e-01 3.701638598088302090e-01 3.649294492489758568e-01 2.098315885298133732e-01 5.507510241238051940e-02 0.000000000000000000e+00
4.600000000000000000e+03 1.839972359568480265e-01 3.766499772416932457e-01 3.645880746472462408e-01 2.041420118343195145e-01 5.461993627674101293e-02 0.000000000000000000e+00
4.625000000000000000e+03 1.849972209348742513e-01 3.707328174783796060e-01 3.672052799271734447e-01 2.032316795630405015e-01 5.883022303140646170e-02 0.000000000000000000e+00
4.650000000000000000e+03 1.859972059129006983e-01 3.830223031406463363e-01 3.633363677742376119e-01 1.952662721893491105e-01 5.837505689576695522e-02 0.000000000000000000e+00
4.675000000000000000e+03 1.869971908909269231e-01 3.823395539371870488e-01 3.694811106053709771e-01 1.919663177059626746e-01 5.621301775147929253e-02 0.000000000000000000e+00
4.700000000000000000e+03 1.879971758689533701e-01 3.832498862084661173e-01 3.731224396904870289e-01 1.906008192990441552e-01 5.302685480200273332e-02 0.000000000000000000e+00
4.725000000000000000e+03 1.889971608469798170e-01 3.850705507510241432e-01 3.756258534365043422e-01 1.886663632225762388e-01 5.063723258989531045e-02 0.000000000000000000e+00
4.750000000000000000e+03 1.899971458250060419e-01 3.904187528447883304e-01 3.772189349112425871e-01 1.888939462903959920e-01 4.346836595357305572e-02 0.000000000000000000e+00
4.775000000000000000e+03 1.909971308030324888e-01 3.897360036413290985e-01 3.764223941738734647e-01 1.855939918070095562e-01 4.824761037778789452e-02 0.000000000000000000e+00
4.800000000000000000e+03 1.919971157810587137e-01 3.879153390987710726e-01 3.796085571233500100e-01 1.874146563495675821e-01 4.506144742831133532e-02 0.000000000000000000e+00
4.825000000000000000e+03 1.929971007590851606e-01 3.837050523441056238e-01 3.791533909877105035e-01 1.870732817478379661e-01 5.006827492034592736e-02 0.000000000000000000e+00
4.850000000000000000e+03 1.939970857371113855e-01 3.873463814292216756e-01 3.815430131998179264e-01 1.833181611288120239e-01 4.779244424214838111e-02 0.000000000000000000e+00
4.875000000000000000e+03 1.949970707151378324e-01 3.864360491579426626e-01 3.808602639963586944e-01 1.858215748748293095e-01 4.688211197086936816e-02 0.000000000000000000e+00
4.900000000000000000e+03 1.959970556931640573e-01 3.827947200728265553e-01 3.846153846153846367e-01 1.858215748748293095e-01 4.676832043695949154e-02 0.000000000000000000e+00
4.925000000000000000e+03 1.969970406711905042e-01 3.892808375056895920e-01 3.753982703686845612e-01 1.819526627218935044e-01 5.336822940373236318e-02 0.000000000000000000e+00
4.950000000000000000e+03 1.979970256492169511e-01 3.916704597177970149e-01 3.727810650887574129e-01 1.826354119253527641e-01 5.291306326809285671e-02 0.000000000000000000e+00
4.975000000000000000e+03 1.989970106272431760e-01 3.887118798361401950e-01 3.739189804278561513e-01 1.821802457897132577e-01 5.518889394629039602e-02 0.000000000000000000e+00
5.000000000000000000e+03 1.999969956052696229e-01 3.887118798361401950e-01 3.793809740555302845e-01 1.802457897132453413e-01 5.166135639508420696e-02 0.000000000000000000e+00
5.025000000000000000e+03 2.009969805832958478e-01 3.987255348202093930e-01 3.768775603095129711e-01 1.741010468821119761e-01 5.029585798816568060e-02 0.000000000000000000e+00
5.050000000000000000e+03 2.019969655613222947e-01 4.011151570323168158e-01 3.765361857077833552e-01 1.753527537551206328e-01 4.699590350477924477e-02 0.000000000000000000e+00
5.075000000000000000e+03 2.029969505393485196e-01 4.022530723714155543e-01 3.774465179790623681e-01 1.731907146108329631e-01 4.710969503868912139e-02 0.000000000000000000e+00
5.100000000000000000e+03 2.039969355173749666e-01 4.065771506599908935e-01 3.711879836140191125e-01 1.720527992717341692e-01 5.018206645425580398e-02 0.000000000000000000e+00
5.125000000000000000e+03 2.049969204954011914e-01 4.066909421939007840e-01 3.764223941738734647e-01 1.736458807464724696e-01 4.324078288575330248e-02 0.000000000000000000e+00
5.150000000000000000e+03 2.059969054734276384e-01 4.076012744651797970e-01 3.741465634956759323e-01 1.713700500682749095e-01 4.688211197086936816e-02 0.000000000000000000e+00
5.175000000000000000e+03 2.069968904514538632e-01 4.048702776513427581e-01 3.766499772416932457e-01 1.734182976786527164e-01 4.506144742831133532e-02 0.000000000000000000e+00
5.200000000000000000e+03 2.079968754294803102e-01 4.097633136094674389e-01 3.750568957669549452e-01 1.729631315430132099e-01 4.221665908056440597e-02 0.000000000000000000e+00
5.225000000000000000e+03 2.089968604075067571e-01 4.015703231679563223e-01 3.790395994538006130e-01 1.756941283568502488e-01 4.369594902139280895e-02 0.000000000000000000e+00
5.250000000000000000e+03 2.099968453855329820e-01 4.105598543468366168e-01 3.784706417842512716e-01 1.712562585343650468e-01 3.971324533454710648e-02 0.000000000000000000e+00
5.275000000000000000e+03 2.109968303635594289e-01 4.036185707783340737e-01 3.821119708693673234e-01 1.714838416021848000e-01 4.278561675011378906e-02 0.000000000000000000e+00
5.300000000000000000e+03 2.119968153415856538e-01 4.023668639053254448e-01 3.802913063268092975e-01 1.753527537551206328e-01 4.198907601274465273e-02 0.000000000000000000e+00
5.325000000000000000e+03 2.129968003196121007e-01 4.029358215748748417e-01 3.806326809285389134e-01 1.763768775603095085e-01 4.005461993627674328e-02 0.000000000000000000e+00
5.350000000000000000e+03 2.139967852976383256e-01 4.091943559399180974e-01 3.775603095129722586e-01 1.710286754665452935e-01 4.221665908056440597e-02 0.000000000000000000e+00
5.375000000000000000e+03 2.149967702756647725e-01 4.080564406008193035e-01 3.752844788347746707e-01 1.709148839326354030e-01 4.574419663177059503e-02 0.000000000000000000e+00
5.400000000000000000e+03 2.159967552536909974e-01 4.144287664997723941e-01 3.775603095129722586e-01 1.637460172963131622e-01 4.426490669094219205e-02 0.000000000000000000e+00
5.425000000000000000e+03 2.169967402317174443e-01 4.089667728720983164e-01 3.830223031406463363e-01 1.640873918980427781e-01 4.392353208921256219e-02 0.000000000000000000e+00
5.450000000000000000e+03 2.179967252097438912e-01 4.172735548475193235e-01 3.824533454710969393e-01 1.574874829312699065e-01 4.278561675011378906e-02 0.000000000000000000e+00
5.475000000000000000e+03 2.189967101877701161e-01 4.220527992717341692e-01 3.821119708693673234e-01 1.544151115157032239e-01 4.142011834319526964e-02 0.000000000000000000e+00
5.500000000000000000e+03 2.199966951657965630e-01 4.223941738734638407e-01 3.830223031406463363e-01 1.548702776513427304e-01 3.971324533454710648e-02 0.000000000000000000e+00
5.525000000000000000e+03 2.209966801438227879e-01 4.250113791533909890e-01 3.804050978607191880e-01 1.529358215748748417e-01 4.164770141101502288e-02 0.000000000000000000e+00
5.550000000000000000e+03 2.219966651218492348e-01 4.270596267637687959e-01 3.813154301319982009e-01 1.512289485662266786e-01 4.039599453800637313e-02 0.000000000000000000e+00
5.575000000000000000e+03 2.229966500998754597e-01 4.209148839326354308e-01 3.816568047337278169e-01 1.550978607191624836e-01 4.233045061447428259e-02 0.000000000000000000e+00
5.600000000000000000e+03 2.239966350779019066e-01 4.213700500682749372e-01 3.830223031406463363e-01 1.508875739644970349e-01 4.472007282658170546e-02 0.000000000000000000e+00
5.625000000000000000e+03 2.249966200559281315e-01 4.277423759672280279e-01 3.826809285389167203e-01 1.490669094219390090e-01 4.050978607191624975e-02 0.000000000000000000e+00
5.650000000000000000e+03 2.259966050339545784e-01 4.244424214838415921e-01 3.815430131998179264e-01 1.520254893035958010e-01 4.198907601274465273e-02 0.000000000000000000e+00
5.675000000000000000e+03 2.269965900119810254e-01 4.280837505689576439e-01 3.823395539371870488e-01 1.489531178880291185e-01 4.062357760582612637e-02 0.000000000000000000e+00
