# itime ezz other fcc hcp bcc ico
0.000000000000000000e+00 0.000000000000000000e+00 4.551661356395084266e-04 9.995448338643604380e-01 0.000000000000000000e+00 0.000000000000000000e+00 0.000000000000000000e+00
2.500000000000000000e+01 1.000054686176365948e-03 2.275830678197542133e-04 9.997724169321802190e-01 0.000000000000000000e+00 0.000000000000000000e+00 0.000000000000000000e+00
5.000000000000000000e+01 2.000109372352509851e-03 5.689576695493854790e-04 9.994310423304506585e-01 0.000000000000000000e+00 0.000000000000000000e+00 0.000000000000000000e+00
7.500000000000000000e+01 3.000164058528875799e-03 6.827492034592626399e-04 9.993172507965407680e-01 0.000000000000000000e+00 0.000000000000000000e+00 0.000000000000000000e+00
1.000000000000000000e+02 4.000218744705241747e-03 2.275830678197542133e-04 9.997724169321802190e-01 0.000000000000000000e+00 0.000000000000000000e+00 0.000000000000000000e+00
1.250000000000000000e+02 5.000273430881385650e-03 1.479289940828402332e-03 9.985207100591716456e-01 0.000000000000000000e+00 0.000000000000000000e+00 0.000000000000000000e+00
1.500000000000000000e+02 6.000328117057751598e-03 1.251706873008648227e-03 9.987482931269913156e-01 0.000000000000000000e+00 0.000000000000000000e+00 0.000000000000000000e+00
1.750000000000000000e+02 7.000382803234117546e-03 9.103322712790168532e-04 9.990896677287209870e-01 0.000000000000000000e+00 0.000000000000000000e+00 0.000000000000000000e+00
2.000000000000000000e+02 8.000437489410483494e-03 2.275830678197542133e-04 9.997724169321802190e-01 0.000000000000000000e+00 0.000000000000000000e+00 0.000000000000000000e+00
2.250000000000000000e+02 9.000492175586627397e-03 9.103322712790168532e-04 9.990896677287209870e-01 0.000000000000000000e+00 0.000000000000000000e+00 0.000000000000000000e+00
2.500000000000000000e+02 1.000054686176299334e-02 4.551661356395084266e-04 9.995448338643604380e-01 0.000000000000000000e+00 0.000000000000000000e+00 0.000000000000000000e+00
2.750000000000000000e+02 1.100060154793935929e-02 0.000000000000000000e+00 9.998862084660901095e-01 0.000000000000000000e+00 1.137915339098771066e-04 0.000000000000000000e+00
3.000000000000000000e+02 1.200065623411550320e-02 9.103322712790168532e-04 9.990896677287209870e-01 0.000000000000000000e+00 0.000000000000000000e+00 0.000000000000000000e+00
3.250000000000000000e+02 1.300071092029186914e-02 1.137915339098770958e-03 9.988620846609012061e-01 0.000000000000000000e+00 0.000000000000000000e+00 0.000000000000000000e+00
3.500000000000000000e+02 1.400076560646823509e-02 4.551661356395084266e-04 9.995448338643604380e-01 0.000000000000000000e+00 0.000000000000000000e+00 0.000000000000000000e+00
3.750000000000000000e+02 1.500082029264437899e-02 2.048247610377787811e-03 9.979517523896221931e-01 0.000000000000000000e+00 0.000000000000000000e+00 0.000000000000000000e+00
4.000000000000000000e+02 1.600087497882074494e-02 7.965407373691396923e-04 9.992034592626308775e-01 0.000000000000000000e+00 0.000000000000000000e+00 0.000000000000000000e+00
4.250000000000000000e+02 1.700092966499711089e-02 1.820664542558033706e-03 9.980655439235320836e-01 0.000000000000000000e+00 1.137915339098771066e-04 0.000000000000000000e+00
4.500000000000000000e+02 1.800098435117347684e-02 1.820664542558033706e-03 9.981793354574419741e-01 0.000000000000000000e+00 0.000000000000000000e+00 0.000000000000000000e+00
4.750000000000000000e+02 1.900103903734962074e-02 1.137915339098770958e-03 9.987482931269913156e-01 0.000000000000000000e+00 1.137915339098771066e-04 0.000000000000000000e+00
5.000000000000000000e+02 2.000109372352598669e-02 3.186162949476558769e-03 9.967000455166135087e-01 0.000000000000000000e+00 1.137915339098771066e-04 0.000000000000000000e+00
5.250000000000000000e+02 2.100114840970235264e-02 3.413746017296313199e-04 9.996586253982703285e-01 0.000000000000000000e+00 0.000000000000000000e+00 0.000000000000000000e+00
5.500000000000000000e+02 2.200120309587849654e-02 3.072371415566681717e-03 9.969276285844332897e-01 0.000000000000000000e+00 0.000000000000000000e+00 0.000000000000000000e+00
5.750000000000000000e+02 2.300125778205486249e-02 4.437869822485207214e-03 9.954483386436049352e-01 0.000000000000000000e+00 1.137915339098771066e-04 0.000000000000000000e+00
6.000000000000000000e+02 2.400131246823122844e-02 1.024123805188893906e-03 9.989758761948110966e-01 0.000000000000000000e+00 0.000000000000000000e+00 0.000000000000000000e+00
6.250000000000000000e+02 2.500136715440737234e-02 1.024123805188893906e-03 9.989758761948110966e-01 0.000000000000000000e+00 0.000000000000000000e+00 0.000000000000000000e+00
6.500000000000000000e+02 2.600142184058373829e-02 2.389622212107419402e-03 9.976103777878926326e-01 0.000000000000000000e+00 0.000000000000000000e+00 0.000000000000000000e+00
6.750000000000000000e+02 2.700147652676010424e-02 3.186162949476558769e-03 9.967000455166135087e-01 0.000000000000000000e+00 1.137915339098771066e-04 0.000000000000000000e+00
7.000000000000000000e+02 2.800153121293624814e-02 1.479289940828402332e-03 9.985207100591716456e-01 0.000000000000000000e+00 0.000000000000000000e+00 0.000000000000000000e+00
7.250000000000000000e+02 2.900158589911261409e-02 4.551661356395083832e-03 9.954483386436049352e-01 0.000000000000000000e+00 0.000000000000000000e+00 0.000000000000000000e+00
7.500000000000000000e+02 3.000164058528898003e-02 1.934456076467910759e-03 9.980655439235320836e-01 0.000000000000000000e+00 0.000000000000000000e+00 0.000000000000000000e+00
7.750000000000000000e+02 3.100169527146534598e-02 3.072371415566681717e-03 9.968138370505233992e-01 0.000000000000000000e+00 1.137915339098771066e-04 0.000000000000000000e+00
8.000000000000000000e+02 3.200174995764148989e-02 5.689576695493855224e-03 9.941966317705962508e-01 0.000000000000000000e+00 1.137915339098771066e-04 0.000000000000000000e+00
8.250000000000000000e+02 3.300180464381785583e-02 4.551661356395083832e-03 9.953345471096950448e-01 0.000000000000000000e+00 1.137915339098771066e-04 0.000000000000000000e+00
8.500000000000000000e+02 3.400185932999422178e-02 7.510241238051888930e-03 9.922621756941283344e-01 0.000000000000000000e+00 2.275830678197542133e-04 0.000000000000000000e+00
8.750000000000000000e+02 3.500191401617036568e-02 4.437869822485207214e-03 9.953345471096950448e-01 0.000000000000000000e+00 2.275830678197542133e-04 0.000000000000000000e+00
9.000000000000000000e+02 3.600196870234673163e-02 4.324078288575329727e-03 9.955621301775148257e-01 0.000000000000000000e+00 1.137915339098771066e-04 0.000000000000000000e+00
9.250000000000000000e+02 3.700202338852309758e-02 5.917159763313609329e-03 9.937414656349567998e-01 0.000000000000000000e+00 3.413746017296313199e-04 0.000000000000000000e+00
9.500000000000000000e+02 3.800207807469924148e-02 8.192990441511151245e-03 9.916932180245789930e-01 0.000000000000000000e+00 1.137915339098771066e-04 0.000000000000000000e+00
9.750000000000000000e+02 3.900213276087560743e-02 5.348202093764223633e-03 9.945380063723259223e-01 0.000000000000000000e+00 1.137915339098771066e-04 0.000000000000000000e+00
1.000000000000000000e+03 4.000218744705197338e-02 6.827492034592626616e-03 9.929449248975875664e-01 0.000000000000000000e+00 2.275830678197542133e-04 0.000000000000000000e+00
1.025000000000000000e+03 4.100224213322811728e-02 8.420573509330906217e-03 9.913518434228493215e-01 0.000000000000000000e+00 2.275830678197542133e-04 0.000000000000000000e+00
1.050000000000000000e+03 4.200229681940448323e-02 7.624032771961766417e-03 9.918070095584888834e-01 0.000000000000000000e+00 5.689576695493854790e-04 0.000000000000000000e+00
1.075000000000000000e+03 4.300235150558084918e-02 7.737824305871643035e-03 9.921483841602184439e-01 0.000000000000000000e+00 1.137915339098771066e-04 0.000000000000000000e+00
1.100000000000000000e+03 4.400240619175721513e-02 7.965407373691398007e-03 9.916932180245789930e-01 0.000000000000000000e+00 3.413746017296313199e-04 0.000000000000000000e+00
1.125000000000000000e+03 4.500246087793335903e-02 7.851615839781519654e-03 9.919208010923987739e-01 0.000000000000000000e+00 2.275830678197542133e-04 0.000000000000000000e+00
1.150000000000000000e+03 4.600251556410972498e-02 1.137915339098771045e-02 9.881656804733728316e-01 0.000000000000000000e+00 4.551661356395084266e-04 0.000000000000000000e+00
1.175000000000000000e+03 4.700257025028609092e-02 1.536185707783340945e-02 9.844105598543468894e-01 0.000000000000000000e+00 2.275830678197542133e-04 0.000000000000000000e+00
1.200000000000000000e+03 4.800262493646223483e-02 7.965407373691398007e-03 9.915794264906691025e-01 0.000000000000000000e+00 4.551661356395084266e-04 0.000000000000000000e+00
1.225000000000000000e+03 4.900267962263860078e-02 1.308602639963586667e-02 9.866863905325443662e-01 0.000000000000000000e+00 2.275830678197542133e-04 0.000000000000000000e+00
1.250000000000000000e+03 5.000273430881496672e-02 1.388256713700500647e-02 9.857760582612653533e-01 0.000000000000000000e+00 3.413746017296313199e-04 0.000000000000000000e+00
1.275000000000000000e+03 5.100278899499111063e-02 1.342740100136549826e-02 9.862312243969049153e-01 0.000000000000000000e+00 3.413746017296313199e-04 0.000000000000000000e+00
1.300000000000000000e+03 5.200284368116747657e-02 1.684114701866181243e-02 9.825898953117887524e-01 0.000000000000000000e+00 5.689576695493854790e-04 0.000000000000000000e+00
1.325000000000000000e+03 5.300289836734384252e-02 1.900318616294947513e-02 9.802002730996813851e-01 0.000000000000000000e+00 7.965407373691396923e-04 0.000000000000000000e+00
1.350000000000000000e+03 5.400295305352020847e-02 1.888939462903959851e-02 9.803140646335912756e-01 0.000000000000000000e+00 7.965407373691396923e-04 0.000000000000000000e+00
1.375000000000000000e+03 5.500300773969635237e-02 1.581702321347291593e-02 9.839553937187073274e-01 0.000000000000000000e+00 2.275830678197542133e-04 0.000000000000000000e+00
1.400000000000000000e+03 5.600306242587271832e-02 1.695493855257168905e-02 9.822485207100591920e-01 0.000000000000000000e+00 7.965407373691396923e-04 0.000000000000000000e+00
1.425000000000000000e+03 5.700311711204908427e-02 1.775147928994082885e-02 9.816795630405097395e-01 0.000000000000000000e+00 5.689576695493854790e-04 0.000000000000000000e+00
1.450000000000000000e+03 5.800317179822522817e-02 1.786527082385070547e-02 9.814519799726900695e-01 0.000000000000000000e+00 6.827492034592626399e-04 0.000000000000000000e+00
1.475000000000000000e+03 5.900322648440159412e-02 2.537551206190259354e-02 9.732589895311788419e-01 0.000000000000000000e+00 1.365498406918525280e-03 0.000000000000000000e+00
1.500000000000000000e+03 6.000328117057796007e-02 2.662721893491124328e-02 9.717796995903504875e-01 0.000000000000000000e+00 1.593081474738279385e-03 0.000000000000000000e+00
1.525000000000000000e+03 6.100333585675410397e-02 3.152025489303595523e-02 9.671142467000455323e-01 0.000000000000000000e+00 1.365498406918525280e-03 0.000000000000000000e+00
1.550000000000000000e+03 6.200339054293046992e-02 3.117888029130632538e-02 9.676832043695948737e-01 0.000000000000000000e+00 1.137915339098770958e-03 0.000000000000000000e+00
1.575000000000000000e+03 6.300344522910683587e-02 2.924442421483841592e-02 9.689349112426035582e-01 0.000000000000000000e+00 1.820664542558033706e-03 0.000000000000000000e+00
1.600000000000000000e+03 6.400349991528297977e-02 3.937187073281747662e-02 9.581247155211651823e-01 0.000000000000000000e+00 2.503413746017296455e-03 0.000000000000000000e+00
1.625000000000000000e+03 6.500355460145934572e-02 4.312699135184342586e-02 9.556213017751479244e-01 0.000000000000000000e+00 1.251706873008648227e-03 0.000000000000000000e+00
1.650000000000000000e+03 6.600360928763571167e-02 3.129267182521620200e-02 9.664314974965863003e-01 0.000000000000000000e+00 2.275830678197541916e-03 0.000000000000000000e+00
1.675000000000000000e+03 6.700366397381207761e-02 3.823395539371871044e-02 9.602867546654528796e-01 0.000000000000000000e+00 1.479289940828402332e-03 0.000000000000000000e+00
1.700000000000000000e+03 6.800371865998822152e-02 3.265817023213472836e-02 9.662039144287665193e-01 0.000000000000000000e+00 1.137915339098770958e-03 0.000000000000000000e+00
1.725000000000000000e+03 6.900377334616458747e-02 4.085116067364587961e-02 9.578971324533455123e-01 0.000000000000000000e+00 1.251706873008648227e-03 0.000000000000000000e+00
1.750000000000000000e+03 7.000382803234095341e-02 3.675466545289030745e-02 9.615384615384615641e-01 0.000000000000000000e+00 1.706873008648156654e-03 0.000000000000000000e+00
1.775000000000000000e+03 7.100388271851709732e-02 5.029585798816568060e-02 9.466317705962676854e-01 0.000000000000000000e+00 3.072371415566681717e-03 0.000000000000000000e+00
1.800000000000000000e+03 7.200393740469346326e-02 5.644060081929904577e-02 9.398042785616750328e-01 0.000000000000000000e+00 3.755120619025944465e-03 0.000000000000000000e+00
1.825000000000000000e+03 7.300399209086982921e-02 5.188893946290396020e-02 9.439007737824305355e-01 0.000000000000000000e+00 4.210286754665453109e-03 0.000000000000000000e+00
1.850000000000000000e+03 7.400404677704597312e-02 5.587164314974965573e-02 9.413973600364132777e-01 0.000000000000000000e+00 2.730996813837050560e-03 0.000000000000000000e+00
1.875000000000000000e+03 7.500410146322233906e-02 6.622667273554846967e-02 9.309285389167045732e-01 0.000000000000000000e+00 2.844788347746927612e-03 0.000000000000000000e+00
1.900000000000000000e+03 7.600415614939870501e-02 6.713700500682749650e-02 9.291078743741465473e-01 0.000000000000000000e+00 3.755120619025944465e-03 0.000000000000000000e+00
1.925000000000000000e+03 7.700421083557507096e-02 7.555757851615839404e-02 9.196631770596267463e-01 0.000000000000000000e+00 4.779244424214838804e-03 0.000000000000000000e+00
1.950000000000000000e+03 7.800426552175121486e-02 7.760582612653618706e-02 9.177287209831588299e-01 0.000000000000000000e+00 4.665452890304961318e-03 0.000000000000000000e+00
1.975000000000000000e+03 7.900432020792758081e-02 6.679563040509786664e-02 9.293354574419663283e-01 0.000000000000000000e+00 3.868912152935821518e-03 0.000000000000000000e+00
2.000000000000000000e+03 8.000437489410394676e-02 8.852981338188438409e-02 9.047564861174328676e-01 0.000000000000000000e+00 6.713700500682749130e-03 0.000000000000000000e+00
2.025000000000000000e+03 8.100442958028009066e-02 9.547109695038688559e-02 8.953117888029130667e-01 0.000000000000000000e+00 9.217114246700046018e-03 0.000000000000000000e+00
2.050000000000000000e+03 8.200448426645645661e-02 9.512972234865725574e-02 8.949704142011833952e-01 0.000000000000000000e+00 9.899863450159307465e-03 0.000000000000000000e+00
2.075000000000000000e+03 8.300453895263282256e-02 1.118570778334091881e-01 8.775603095129722586e-01 0.000000000000000000e+00 1.058261265361857065e-02 0.000000000000000000e+00
2.100000000000000000e+03 8.400459363880896646e-02 1.140191169776968577e-01 8.748293126991352198e-01 0.000000000000000000e+00 1.115157032316795548e-02 0.000000000000000000e+00
2.125000000000000000e+03 8.500464832498533241e-02 1.218707328174783860e-01 8.693673190714610310e-01 0.000000000000000000e+00 8.761948111060537808e-03 0.000000000000000000e+00
2.150000000000000000e+03 8.600470301116169836e-02 1.286982248520709970e-01 8.590122894856622171e-01 0.000000000000000000e+00 1.228948566226672687e-02 0.000000000000000000e+00
2.175000000000000000e+03 8.700475769733784226e-02 1.455393718707328199e-01 8.433090578060992160e-01 0.000000000000000000e+00 1.115157032316795548e-02 0.000000000000000000e+00
2.200000000000000000e+03 8.800481238351420821e-02 1.511151570323167881e-01 8.343195266272189770e-01 0.000000000000000000e+00 1.456531634046426965e-02 0.000000000000000000e+00
2.225000000000000000e+03 8.900486706969057416e-02 1.709148839326354030e-01 8.088302230314065033e-01 0.000000000000000000e+00 2.025489303595812488e-02 0.000000000000000000e+00
2.250000000000000000e+03 9.000492175586694010e-02 1.681838871187983642e-01 8.067819754210286964e-01 0.000000000000000000e+00 2.503413746017296368e-02 0.000000000000000000e+00
2.275000000000000000e+03 9.100497644204308401e-02 1.817250796540737234e-01 7.890304961310878884e-01 2.275830678197542133e-04 2.901684114701866268e-02 0.000000000000000000e+00
2.300000000000000000e+03 9.200503112821944995e-02 2.111970869367319203e-01 7.513654984069185749e-01 0.000000000000000000e+00 3.743741465634956717e-02 0.000000000000000000e+00
2.325000000000000000e+03 9.300508581439581590e-02 2.360036413290851065e-01 7.208693673190714746e-01 0.000000000000000000e+00 4.312699135184342586e-02 0.000000000000000000e+00
2.350000000000000000e+03 9.400514050057195981e-02 2.461310878470641672e-01 7.028903049613108855e-01 1.137915339098771066e-04 5.086481565771506369e-02 0.000000000000000000e+00
2.375000000000000000e+03 9.500519518674832575e-02 2.514792899408284099e-01 6.879836140191170069e-01 4.551661356395084266e-04 6.008192990441511144e-02 0.000000000000000000e+00
2.400000000000000000e+03 9.600524987292469170e-02 2.702548930359581214e-01 6.532771961766045132e-01 2.275830678197542133e-04 7.624032771961765376e-02 0.000000000000000000e+00
2.425000000000000000e+03 9.700530455910083560e-02 2.938097405553026786e-01 6.184569868001820181e-01 5.689576695493854790e-04 8.716431497496586467e-02 0.000000000000000000e+00
2.450000000000000000e+03 9.800535924527720155e-02 3.208921256258534527e-01 5.732817478379608200e-01 7.965407373691396923e-04 1.050295857988165632e-01 0.000000000000000000e+00
2.475000000000000000e+03 9.900541393145356750e-02 3.339781520254893055e-01 5.335685025034136997e-01 1.934456076467910759e-03 1.305188893946290507e-01 0.000000000000000000e+00
2.500000000000000000e+03 1.000054686176297114e-01 3.487710514337733492e-01 5.072826581702321036e-01 3.982703686845699004e-03 1.399635867091488517e-01 0.000000000000000000e+00
2.525000000000000000e+03 1.010055233038060774e-01 3.494538006372325811e-01 4.874829312699135442e-01 4.665452890304961318e-03 1.583978152025489194e-01 0.000000000000000000e+00
2.550000000000000000e+03 1.020055779899824433e-01 3.620846609012289274e-01 4.553937187073281989e-01 7.624032771961766417e-03 1.748975876194810986e-01 0.000000000000000000e+00
2.575000000000000000e+03 1.030056326761588092e-01 3.790395994538006130e-01 4.195493855257169113e-01 9.103322712790167665e-03 1.923076923076923184e-01 0.000000000000000000e+00
2.600000000000000000e+03 1.040056873623349531e-01 3.695949021392808120e-01 4.030496131087847322e-01 1.069640418752844727e-02 2.166590805644059980e-01 0.000000000000000000e+00
2.625000000000000000e+03 1.050057420485113191e-01 3.782430587164314906e-01 3.771051433773327521e-01 1.741010468821119553e-02 2.272416932180245652e-01 0.000000000000000000e+00
2.650000000000000000e+03 1.060057967346876850e-01 3.808602639963586944e-01 3.615157032316795860e-01 1.934456076467910846e-02 2.382794720072826666e-01 0.000000000000000000e+00
2.675000000000000000e+03 1.070058514208638289e-01 3.940600819299044377e-01 3.417159763313609711e-01 2.332726445152480746e-02 2.408966772872098427e-01 0.000000000000000000e+00
2.700000000000000000e+03 1.080059061070401949e-01 4.062357760582612776e-01 3.202093764223941652e-01 2.765134274010013632e-02 2.459035047792444140e-01 0.000000000000000000e+00
2.725000000000000000e+03 1.090059607932165608e-01 4.002048247610378029e-01 3.086026399635867223e-01 4.164770141101502288e-02 2.495448338643604935e-01 0.000000000000000000e+00
2.750000000000000000e+03 1.100060154793927047e-01 4.082840236686390289e-01 2.939235320892125691e-01 4.335457441966317910e-02 2.544378698224852298e-01 0.000000000000000000e+00
2.775000000000000000e+03 1.110060701655690707e-01 4.197769685935366368e-01 2.808375056895767163e-01 5.154756486117433034e-02 2.478379608557123304e-01 0.000000000000000000e+00
2.800000000000000000e+03 1.120061248517454366e-01 4.157942649066909691e-01 2.745789713245334607e-01 6.269913518434228061e-02 2.469276285844333174e-01 0.000000000000000000e+00
2.825000000000000000e+03 1.130061795379218026e-01 4.145425580336822846e-01 2.685480200273099860e-01 6.895766954938552240e-02 2.479517523896222209e-01 0.000000000000000000e+00
2.850000000000000000e+03 1.140062342240979465e-01 4.197769685935366368e-01 2.606964041875284299e-01 7.578516158397814728e-02 2.437414656349567721e-01 0.000000000000000000e+00
2.875000000000000000e+03 1.150062889102743124e-01 4.296768320436959443e-01 2.520482476103778069e-01 7.544378698224851743e-02 2.428311333636777314e-01 0.000000000000000000e+00
2.900000000000000000e+03 1.160063435964506784e-01 4.318388711879836417e-01 2.480655439235320836e-01 7.817478379608557015e-02 2.419208010923987184e-01 0.000000000000000000e+00
2.925000000000000000e+03 1.170063982826268223e-01 4.310423304506144637e-01 2.443104233045061413e-01 8.101957214383249950e-02 2.436276741010468816e-01 0.000000000000000000e+00
2.950000000000000000e+03 1.180064529688031882e-01 4.353664087391898030e-01 2.357760582612653533e-01 7.862994993172507663e-02 2.502275830678197810e-01 0.000000000000000000e+00
2.975000000000000000e+03 1.190065076549795542e-01 4.548247610377788019e-01 2.232589895311788697e-01 7.897132453345470648e-02 2.429449248975876219e-01 0.000000000000000000e+00
3.000000000000000000e+03 1.200065623411556981e-01 4.623350022758306865e-01 2.152935821574874786e-01 9.012289485662267063e-02 2.322485207100591642e-01 0.000000000000000000e+00
3.025000000000000000e+03 1.210066170273320640e-01 4.597177969959034827e-01 2.163177059626763821e-01 9.274010013654984674e-02 2.312243969048702885e-01 0.000000000000000000e+00
3.050000000000000000e+03 1.220066717135084300e-01 4.555075102412380339e-01 2.159763313609467383e-01 9.956759217114247162e-02 2.289485662266727284e-01 0.000000000000000000e+00
3.075000000000000000e+03 1.230067263996845739e-01 4.515248065543923661e-01 2.088074647246244975e-01 1.044606281292671801e-01 2.352071005917159841e-01 0.000000000000000000e+00
3.100000000000000000e+03 1.240067810858609398e-01 4.517523896222120916e-01 2.038006372325898985e-01 1.057123350022758368e-01 2.387346381429221731e-01 0.000000000000000000e+00
3.125000000000000000e+03 1.250068357720373058e-01 4.590350477924442507e-01 1.888939462903959920e-01 1.090122894856622726e-01 2.430587164314974846e-01 0.000000000000000000e+00
3.150000000000000000e+03 1.260068904582136717e-01 4.564178425125170468e-01 1.887801547564861293e-01 1.104915794264906687e-01 2.443104233045061413e-01 0.000000000000000000e+00
3.175000000000000000e+03 1.270069451443898156e-01 4.704142011834319681e-01 1.768320436959490149e-01 1.100364132908511622e-01 2.427173418297678686e-01 0.000000000000000000e+00
3.200000000000000000e+03 1.280069998305661816e-01 4.624487938097405770e-01 1.779699590350477811e-01 1.078743741465634925e-01 2.517068730086481354e-01 0.000000000000000000e+00
3.225000000000000000e+03 1.290070545167425475e-01 4.560764679107874309e-01 1.783113336367774249e-01 1.193673190714610866e-01 2.462448793809740577e-01 0.000000000000000000e+00
3.250000000000000000e+03 1.300071092029186914e-01 4.572143832498862248e-01 1.778561675011379184e-01 1.261948111060537114e-01 2.387346381429221731e-01 0.000000000000000000e+00
3.275000000000000000e+03 1.310071638890950574e-01 4.683659535730541612e-01 1.664770141101502010e-01 1.206190259444697294e-01 2.445380063723258945e-01 0.000000000000000000e+00
3.300000000000000000e+03 1.320072185752714233e-01 4.540282203004096240e-01 1.655666818388711881e-01 1.298361401911697632e-01 2.505689576695493970e-01 0.000000000000000000e+00
3.325000000000000000e+03 1.330072732614475672e-01 4.607419208010923861e-01 1.593081474738279601e-01 1.321119708693673234e-01 2.478379608557123304e-01 0.000000000000000000e+00
3.350000000000000000e+03 1.340073279476239332e-01 4.709831588529813651e-01 1.553254437869822369e-01 1.322257624032771861e-01 2.414656349567592120e-01 0.000000000000000000e+00
3.375000000000000000e+03 1.350073826338002991e-01 4.733727810650887324e-01 1.527082385070550885e-01 1.329085116067364458e-01 2.410104688211197055e-01 0.000000000000000000e+00
3.400000000000000000e+03 1.360074373199766651e-01 4.681383705052344357e-01 1.486117432862995025e-01 1.391670459717797015e-01 2.440828402366863881e-01 0.000000000000000000e+00
3.425000000000000000e+03 1.370074920061528090e-01 4.804278561675011106e-01 1.440600819299044100e-01 1.367774237596722786e-01 2.387346381429221731e-01 0.000000000000000000e+00
3.450000000000000000e+03 1.380075466923291749e-01 4.899863450159308020e-01 1.484979517523896120e-01 1.370050068274920319e-01 2.245106964041875264e-01 0.000000000000000000e+00
3.475000000000000000e+03 1.390076013785055409e-01 4.879380974055530507e-01 1.387118798361401950e-01 1.440600819299044100e-01 2.292899408284023721e-01 0.000000000000000000e+00
3.500000000000000000e+03 1.400076560646816848e-01 4.899863450159308020e-01 1.359808830223031284e-01 1.457669549385525731e-01 2.282658170232134687e-01 0.000000000000000000e+00
3.525000000000000000e+03 1.410077107508580507e-01 4.895311788802912956e-01 1.381429221665907980e-01 1.516841147018661851e-01 2.206417842512516936e-01 0.000000000000000000e+00
3.550000000000000000e+03 1.420077654370344167e-01 4.995448338643604935e-01 1.342740100136549930e-01 1.484979517523896120e-01 2.176832043695949015e-01 0.000000000000000000e+00
3.575000000000000000e+03 1.430078201232105606e-01 5.006827492034592320e-01 1.314292216659080637e-01 1.521392808375056915e-01 2.157487482931269851e-01 0.000000000000000000e+00
3.600000000000000000e+03 1.440078748093869265e-01 5.065999089667728716e-01 1.263086026399635742e-01 1.514565316340464318e-01 2.156349567592171224e-01 0.000000000000000000e+00
3.625000000000000000e+03 1.450079294955632925e-01 5.147928994082839882e-01 1.203914428766499761e-01 1.496358670914884059e-01 2.151797906235776159e-01 0.000000000000000000e+00
3.650000000000000000e+03 1.460079841817394364e-01 4.996586253982703840e-01 1.168639053254437871e-01 1.580564406008193035e-01 2.254210286754665393e-01 0.000000000000000000e+00
3.675000000000000000e+03 1.470080388679158023e-01 5.043240782885752838e-01 1.133363677742375980e-01 1.543013199817933612e-01 2.280382339553937154e-01 0.000000000000000000e+00
3.700000000000000000e+03 1.480080935540921683e-01 5.190031861629494925e-01 1.079881656804733692e-01 1.421256258534364936e-01 2.308830223031406448e-01 0.000000000000000000e+00
3.725000000000000000e+03 1.490081482402685342e-01 5.223031406463358728e-01 1.053709604005461931e-01 1.515703231679562946e-01 2.207555757851615841e-01 0.000000000000000000e+00
3.750000000000000000e+03 1.500082029264446781e-01 5.276513427401001710e-01 1.041192535275375503e-01 1.527082385070550885e-01 2.155211652253072319e-01 0.000000000000000000e+00
3.775000000000000000e+03 1.510082576126210441e-01 5.227583067819754348e-01 1.032089212562585373e-01 1.603322712790168358e-01 2.137005006827492060e-01 0.000000000000000000e+00
3.800000000000000000e+03 1.520083122987974100e-01 5.208238507055075184e-01 1.092398725534820259e-01 1.583978152025489194e-01 2.115384615384615363e-01 0.000000000000000000e+00
3.825000000000000000e+03 1.530083669849735539e-01 5.294720072826581969e-01 1.060537096040054666e-01 1.626081019572143960e-01 2.018661811561219821e-01 0.000000000000000000e+00
3.850000000000000000e+03 1.540084216711499199e-01 5.355029585798816161e-01 1.029813381884387841e-01 1.611288120163859861e-01 2.003868912152935722e-01 0.000000000000000000e+00
3.875000000000000000e+03 1.550084763573262858e-01 5.388029130632681074e-01 1.049157942649066866e-01 1.614701866181156020e-01 1.948111060537096040e-01 0.000000000000000000e+00
3.900000000000000000e+03 1.560085310435024297e-01 5.362994993172508496e-01 1.037778789258079204e-01 1.651115157032316816e-01 1.948111060537096040e-01 0.000000000000000000e+00
3.925000000000000000e+03 1.570085857296787957e-01 5.597405553026855163e-01 1.012744651797906209e-01 1.669321802457897075e-01 1.720527992717341692e-01 0.000000000000000000e+00
3.950000000000000000e+03 1.580086404158551616e-01 5.493855257168867023e-01 1.043468365953573035e-01 1.664770141101502010e-01 1.797906235776058348e-01 0.000000000000000000e+00
3.975000000000000000e+03 1.590086951020313055e-01 5.507510241238051663e-01 1.018434228493400040e-01 1.708010923987255403e-01 1.766044606281292617e-01 0.000000000000000000e+00
4.000000000000000000e+03 1.600087497882076715e-01 5.493855257168867023e-01 1.024123805188894010e-01 1.621529358215748617e-01 1.860491579426490627e-01 0.000000000000000000e+00
4.025000000000000000e+03 1.610088044743840374e-01 5.716886663632225751e-01 9.342284934000910646e-02 1.577150659990896597e-01 1.771734182976786587e-01 0.000000000000000000e+00
4.050000000000000000e+03 1.620088591605604034e-01 5.682749203459263043e-01 9.080564406008193035e-02 1.634046426945835184e-01 1.775147928994082747e-01 0.000000000000000000e+00
4.075000000000000000e+03 1.630089138467365473e-01 5.686162949476558648e-01 8.932635411925353430e-02 1.573736913973600438e-01 1.846836595357305433e-01 0.000000000000000000e+00
4.100000000000000000e+03 1.640089685329129132e-01 5.606508875739645292e-01 8.807464724624487762e-02 1.605598543468365891e-01 1.907146108329540179e-01 0.000000000000000000e+00
4.125000000000000000e+03 1.650090232190892792e-01 5.757851615839781889e-01 8.431952662721893532e-02 1.588529813381884259e-01 1.810423304506144637e-01 0.000000000000000000e+00
4.150000000000000000e+03 1.660090779052654231e-01 5.785161583978152278e-01 8.067819754210286964e-02 1.640873918980427781e-01 1.767182521620391522e-01 0.000000000000000000e+00
4.175000000000000000e+03 1.670091325914417890e-01 5.757851615839781889e-01 9.080564406008193035e-02 1.701183431952662806e-01 1.632908511606736557e-01 0.000000000000000000e+00
4.200000000000000000e+03 1.680091872776181550e-01 5.898953117888029452e-01 8.557123350022757813e-02 1.622667273554847522e-01 1.622667273554847522e-01 0.000000000000000000e+00
4.225000000000000000e+03 1.690092419637942989e-01 5.777196176604461053e-01 8.329540282203004575e-02 1.731907146108329631e-01 1.657942649066909413e-01 0.000000000000000000e+00
4.250000000000000000e+03 1.700092966499706648e-01 5.737369139736003820e-01 8.295402822030041590e-02 1.762630860263996457e-01 1.670459717796995980e-01 0.000000000000000000e+00
4.275000000000000000e+03 1.710093513361470308e-01 5.872781065088756858e-01 8.022303140646336317e-02 1.702321347291761433e-01 1.622667273554847522e-01 0.000000000000000000e+00
4.300000000000000000e+03 1.720094060223233967e-01 5.936504324078288874e-01 7.771961766044606368e-02 1.723941738734638129e-01 1.562357760582612776e-01 0.000000000000000000e+00
4.325000000000000000e+03 1.730094607084995406e-01 5.972917614929449392e-01 7.942649066909421296e-02 1.761492944924897552e-01 1.470186618115612298e-01 1.137915339098771066e-04
4.350000000000000000e+03 1.740095153946759066e-01 6.032089212562585789e-01 7.362312243969049153e-02 1.705735093309057870e-01 1.525944469731451980e-01 0.000000000000000000e+00
4.375000000000000000e+03 1.750095700808522725e-01 6.036640873918980299e-01 7.567137005006827066e-02 1.731907146108329631e-01 1.473600364132908458e-01 1.137915339098771066e-04
4.400000000000000000e+03 1.760096247670284164e-01 6.088984979517524376e-01 7.692307692307692735e-02 1.787664997724169313e-01 1.352981338188438687e-01 1.137915339098771066e-04
4.425000000000000000e+03 1.770096794532047824e-01 6.148156577150659663e-01 7.726445152480655720e-02 1.820664542558033672e-01 1.258534365043240677e-01 0.000000000000000000e+00
4.450000000000000000e+03 1.780097341393811483e-01 6.041192535275375919e-01 8.079198907601274626e-02 1.865043240782885692e-01 1.284706417842512438e-01 1.137915339098771066e-04
4.475000000000000000e+03 1.790097888255572922e-01 6.111743286299499145e-01 7.658170232134729749e-02 1.926490669094219343e-01 1.195949021392808398e-01 0.000000000000000000e+00
4.500000000000000000e+03 1.800098435117336582e-01 6.165225307237141017e-01 7.362312243969049153e-02 1.892353208921256358e-01 1.206190259444697294e-01 0.000000000000000000e+00
4.525000000000000000e+03 1.810098981979100241e-01 6.132225762403277214e-01 7.373691397360036814e-02 1.892353208921256358e-01 1.238051888939462886e-01 0.000000000000000000e+00
4.550000000000000000e+03 1.820099528840861680e-01 6.181156121984524576e-01 7.055075102412380894e-02 1.855939918070095562e-01 1.257396449704142050e-01 0.000000000000000000e+00
4.575000000000000000e+03 1.830100075702625340e-01 6.181156121984524576e-01 7.032316795630405570e-02 1.896904870277651423e-01 1.217569412835685094e-01 1.137915339098771066e-04
4.600000000000000000e+03 1.840100622564388999e-01 6.184569868001820181e-01 7.020937642239417908e-02 1.926490669094219343e-01 1.186845698680018268e-01 0.000000000000000000e+00
4.625000000000000000e+03 1.850101169426152659e-01 6.291533909877105035e-01 6.918525261720527564e-02 1.942421483841602070e-01 1.074192080109239861e-01 0.000000000000000000e+00
4.650000000000000000e+03 1.860101716287914098e-01 6.224396904870277414e-01 7.032316795630405570e-02 1.941283568502503443e-01 1.131087847064178448e-01 0.000000000000000000e+00
4.675000000000000000e+03 1.870102263149677757e-01 6.301775147928994070e-01 7.077833409194356218e-02 1.908284023668639084e-01 1.082157487482931224e-01 0.000000000000000000e+00
4.700000000000000000e+03 1.880102810011441417e-01 6.257396449704142327e-01 6.941283568502502888e-02 1.923076923076923184e-01 1.125398270368684617e-01 0.000000000000000000e+00
4.725000000000000000e+03 1.890103356873202856e-01 6.137915339098770628e-01 7.510241238051888757e-02 2.018661811561219821e-01 1.092398725534820259e-01 0.000000000000000000e+00
4.750000000000000000e+03 1.900103903734966515e-01 6.165225307237141017e-01 7.191624943104232837e-02 2.016385980883022289e-01 1.099226217569412856e-01 0.000000000000000000e+00
4.775000000000000000e+03 1.910104450596730175e-01 6.183431952662722386e-01 7.032316795630405570e-02 2.060764679107874309e-01 1.051433773327264398e-01 1.137915339098771066e-04
4.800000000000000000e+03 1.920104997458491614e-01 6.294947655894401750e-01 6.884387801547564578e-02 2.042558033682294050e-01 9.740555302685480199e-02 0.000000000000000000e+00
4.825000000000000000e+03 1.930105544320255273e-01 6.222121074192079604e-01 7.066454255803368556e-02 2.080109239872553473e-01 9.911242603550296515e-02 0.000000000000000000e+00
4.850000000000000000e+03 1.940106091182018933e-01 6.357532999544833752e-01 7.055075102412380894e-02 1.961766044606281234e-01 9.751934456076467861e-02 0.000000000000000000e+00
4.875000000000000000e+03 1.950106638043782592e-01 6.407601274465180019e-01 7.168866636322257513e-02 1.995903504779244497e-01 8.796085571233500100e-02 0.000000000000000000e+00
4.900000000000000000e+03 1.960107184905544031e-01 6.339326354119253493e-01 7.100591715976331542e-02 1.990213928083750528e-01 9.604005461993628257e-02 0.000000000000000000e+00
4.925000000000000000e+03 1.970107731767307691e-01 6.291533909877105035e-01 7.237141556668183484e-02 2.022075557578516258e-01 9.615384615384615918e-02 1.137915339098771066e-04
4.950000000000000000e+03 1.980108278629071350e-01 6.354119253527537037e-01 7.066454255803368556e-02 2.012972234865725851e-01 9.262630860263997012e-02 0.000000000000000000e+00
4.975000000000000000e+03 1.990108825490832789e-01 6.327947200728265553e-01 7.294037323623121793e-02 2.036868456986800080e-01 9.057806099226217711e-02 0.000000000000000000e+00
5.000000000000000000e+03 2.000109372352596449e-01 6.310878470641784199e-01 7.282658170232134132e-02 2.100591715976331264e-01 8.602639963586708460e-02 0.000000000000000000e+00
5.025000000000000000e+03 2.010109919214360108e-01 6.312016385980883104e-01 7.168866636322257513e-02 2.036868456986800080e-01 9.342284934000910646e-02 0.000000000000000000e+00
5.050000000000000000e+03 2.020110466076121547e-01 6.387118798361401950e-01 7.430587164314975124e-02 2.043695949021392677e-01 8.249886208466089554e-02 1.137915339098771066e-04
5.075000000000000000e+03 2.030111012937885206e-01 6.341602184797451303e-01 7.635411925352754425e-02 2.025489303595812418e-01 8.693673190714611143e-02 0.000000000000000000e+00
5.100000000000000000e+03 2.040111559799648866e-01 6.370050068274920596e-01 7.669549385525717411e-02 2.017523896222121194e-01 8.443331816112881194e-02 1.137915339098771066e-04
5.125000000000000000e+03 2.050112106661410305e-01 6.479289940828402150e-01 7.555757851615839404e-02 1.990213928083750528e-01 7.749203459262631044e-02 0.000000000000000000e+00
5.150000000000000000e+03 2.060112653523173964e-01 6.549840691852526486e-01 7.203004096495220498e-02 1.945835229858898507e-01 7.840236686390532339e-02 0.000000000000000000e+00
5.175000000000000000e+03 2.070113200384937624e-01 6.367774237596722786e-01 7.669549385525717411e-02 2.033454710969503920e-01 8.306781975421029252e-02 1.137915339098771066e-04
5.200000000000000000e+03 2.080113747246701283e-01 6.432635411925352598e-01 7.328174783796086167e-02 2.012972234865725851e-01 8.215748748293126569e-02 0.000000000000000000e+00
5.225000000000000000e+03 2.090114294108462722e-01 6.337050523441055683e-01 7.282658170232134132e-02 2.045971779699590487e-01 8.887118798361401395e-02 0.000000000000000000e+00
5.250000000000000000e+03 2.100114840970226382e-01 6.491807009558488994e-01 6.747837960855712636e-02 1.969731451979972736e-01 8.625398270368685172e-02 1.137915339098771066e-04
5.275000000000000000e+03 2.110115387831990041e-01 6.395084205735093175e-01 7.032316795630405570e-02 2.063040509786071841e-01 8.386436049157942885e-02 0.000000000000000000e+00
5.300000000000000000e+03 2.120115934693751480e-01 6.436049157942649313e-01 7.089212562585343880e-02 2.064178425125170746e-01 7.908511606736458310e-02 0.000000000000000000e+00
5.325000000000000000e+03 2.130116481555515140e-01 6.473600364132908735e-01 6.861629494765589254e-02 2.025489303595812418e-01 8.147473827947200598e-02 0.000000000000000000e+00
5.350000000000000000e+03 2.140117028417278799e-01 6.458807464724624081e-01 7.282658170232134132e-02 2.074419663177059503e-01 7.385070550751024476e-02 0.000000000000000000e+00
5.375000000000000000e+03 2.150117575279040238e-01 6.461083295402821891e-01 7.203004096495220498e-02 2.025489303595812418e-01 7.897132453345470648e-02 3.413746017296313199e-04
5.400000000000000000e+03 2.160118122140803898e-01 6.459945380063722986e-01 6.838871187983613931e-02 2.020937642239417353e-01 8.329540282203004575e-02 2.275830678197542133e-04
5.425000000000000000e+03 2.170118669002567557e-01 6.527082385070550608e-01 7.294037323623121793e-02 2.009558488848429691e-01 7.339553937187073829e-02 0.000000000000000000e+00
5.450000000000000000e+03 2.180119215864328996e-01 6.570323167956304555e-01 7.100591715976331542e-02 2.000455166135639562e-01 7.191624943104232837e-02 0.000000000000000000e+00
5.475000000000000000e+03 2.190119762726092656e-01 6.508875739644970349e-01 7.100591715976331542e-02 2.018661811561219821e-01 7.624032771961765376e-02 0.000000000000000000e+00
5.500000000000000000e+03 2.200120309587856315e-01 6.599908966772871644e-01 6.929904415111515226e-02 2.032316795630405015e-01 6.747837960855712636e-02 0.000000000000000000e+00
5.525000000000000000e+03 2.210120856449619975e-01 6.536185707783340737e-01 7.077833409194356218e-02 1.989076012744651900e-01 7.669549385525717411e-02 0.000000000000000000e+00
5.550000000000000000e+03 2.220121403311381414e-01 6.447428311333637252e-01 7.168866636322257513e-02 2.027765134274009950e-01 8.079198907601274626e-02 0.000000000000000000e+00
5.575000000000000000e+03 2.230121950173145073e-01 6.580564406008192480e-01 6.850250341374601593e-02 1.991351843422849432e-01 7.430587164314975124e-02 0.000000000000000000e+00
5.600000000000000000e+03 2.240122497034908733e-01 6.640873918980427781e-01 6.679563040509786664e-02 1.927628584433318248e-01 7.635411925352754425e-02 0.000000000000000000e+00
5.625000000000000000e+03 2.250123043896670172e-01 6.570323167956304555e-01 7.180245789713245175e-02 1.997041420118343125e-01 7.146108329540282189e-02 0.000000000000000000e+00
5.650000000000000000e+03 2.260123590758433831e-01 6.595357305416477134e-01 7.077833409194356218e-02 1.999317250796540657e-01 6.975421028675465873e-02 0.000000000000000000e+00
5.675000000000000000e+03 2.270124137620197491e-01 6.594219390077378229e-01 7.271279016841146470e-02 2.022075557578516258e-01 6.565771506599908658e-02 0.000000000000000000e+00
