# itime ezz other fcc hcp bcc ico
0.000000000000000000e+00 0.000000000000000000e+00 1.934456076467910759e-03 9.980655439235320836e-01 0.000000000000000000e+00 0.000000000000000000e+00 0.000000000000000000e+00
3.000000000000000000e+01 1.199998895549514444e-02 2.162039144287664864e-03 9.978379608557123026e-01 0.000000000000000000e+00 0.000000000000000000e+00 0.000000000000000000e+00
6.000000000000000000e+01 2.399997791099028888e-02 1.820664542558033706e-03 9.981793354574419741e-01 0.000000000000000000e+00 0.000000000000000000e+00 0.000000000000000000e+00
9.000000000000000000e+01 3.599996686648521127e-02 6.258534365043240920e-03 9.937414656349567998e-01 0.000000000000000000e+00 0.000000000000000000e+00 0.000000000000000000e+00
1.200000000000000000e+02 4.799995582198035571e-02 1.103777878925807886e-02 9.887346381429221731e-01 0.000000000000000000e+00 2.275830678197542133e-04 0.000000000000000000e+00
1.500000000000000000e+02 5.999994477747550015e-02 1.752389622212107562e-02 9.816795630405097395e-01 0.000000000000000000e+00 7.965407373691396923e-04 0.000000000000000000e+00
1.800000000000000000e+02 7.199993373297064458e-02 4.187528447883477611e-02 9.560764679107874864e-01 0.000000000000000000e+00 2.048247610377787811e-03 0.000000000000000000e+00
2.100000000000000000e+02 8.399992268846556698e-02 7.976786527082385669e-02 9.165908056440600360e-01 0.000000000000000000e+00 3.641329085116067413e-03 0.000000000000000000e+00
2.400000000000000000e+02 9.599991164396071142e-02 1.446290395994538069e-01 8.450159308147473514e-01 0.000000000000000000e+00 1.035502958579881741e-02 0.000000000000000000e+00
2.700000000000000000e+02 1.079999005994558559e-01 2.449931725079654010e-01 7.378243058716431602e-01 0.000000000000000000e+00 1.718252162039144229e-02 0.000000000000000000e+00
3.000000000000000000e+02 1.199998895549510003e-01 3.826809285389167203e-01 5.753299954483386269e-01 3.413746017296313199e-04 4.164770141101502288e-02 0.000000000000000000e+00
3.300000000000000000e+02 1.319998785104459227e-01 5.290168411470186349e-01 3.950842057350932857e-01 1.593081474738279385e-03 7.430587164314975124e-02 0.000000000000000000e+00
3.600000000000000000e+02 1.439998674659410671e-01 6.471324533454710926e-01 2.193900773782430647e-01 5.689576695493855224e-03 1.277878925807919841e-01 0.000000000000000000e+00
3.900000000000000000e+02 1.559998564214362116e-01 7.152935821574875064e-01 1.160673645880746507e-01 1.615839781520254925e-02 1.524806554392353075e-01 0.000000000000000000e+00
4.200000000000000000e+02 1.679998453769313560e-01 7.451069640418752638e-01 7.430587164314975124e-02 2.139280837505689453e-02 1.591943559399180697e-01 0.000000000000000000e+00
4.500000000000000000e+02 1.799998343324262784e-01 7.872098315885298625e-01 4.870277651342740100e-02 2.856167501137915274e-02 1.355257168866636219e-01 0.000000000000000000e+00
4.800000000000000000e+02 1.919998232879214228e-01 8.305644060081930347e-01 3.504779244424215123e-02 3.140646335912607862e-02 1.029813381884387841e-01 0.000000000000000000e+00
5.100000000000000000e+02 2.039998122434165673e-01 8.599226217569412301e-01 3.265817023213472836e-02 3.038233955393718558e-02 7.703686845698680397e-02 0.000000000000000000e+00
5.400000000000000000e+02 2.159998011989117117e-01 8.855257168866635942e-01 2.401001365498407064e-02 2.799271734182976618e-02 6.247155211652252738e-02 0.000000000000000000e+00
5.700000000000000000e+02 2.279997901544066341e-01 9.033909877105142927e-01 2.378243058716431393e-02 2.526172052799271692e-02 4.756486117432862787e-02 0.000000000000000000e+00
6.000000000000000000e+02 2.399997791099017785e-01 9.188666363222576239e-01 2.082385070550751144e-02 2.093764223941738806e-02 3.937187073281747662e-02 0.000000000000000000e+00
6.300000000000000000e+02 2.519997680653969230e-01 9.201183431952663083e-01 2.355484751934456070e-02 2.264451524806554428e-02 3.368229403732362487e-02 0.000000000000000000e+00
6.600000000000000000e+02 2.639997570208920674e-01 9.352526172052799680e-01 1.923076923076923184e-02 2.184797451069640448e-02 2.366863905325443732e-02 0.000000000000000000e+00
6.900000000000000000e+02 2.759997459763869898e-01 9.398042785616750328e-01 1.900318616294947513e-02 2.014110150204824826e-02 2.093764223941738806e-02 1.137915339098771066e-04
7.200000000000000000e+02 2.879997349318821342e-01 9.479972690031861493e-01 1.649977241693217911e-02 1.684114701866181243e-02 1.843422849340009204e-02 2.275830678197542133e-04
7.500000000000000000e+02 2.999997238873772787e-01 9.544833864360491305e-01 1.331360946745562164e-02 1.445152480655439303e-02 1.752389622212107562e-02 2.275830678197542133e-04
7.800000000000000000e+02 3.119997128428724231e-01 9.589212562585344157e-01 1.240327719617660522e-02 1.285844333181611343e-02 1.581702321347291593e-02 0.000000000000000000e+00
8.100000000000000000e+02 3.239997017983673455e-01 9.633591260810195900e-01 1.137915339098771045e-02 1.308602639963586667e-02 1.183431952662721866e-02 3.413746017296313199e-04
8.400000000000000000e+02 3.359996907538624900e-01 9.700728265817023521e-01 9.103322712790167665e-03 1.058261265361857065e-02 1.024123805188893906e-02 0.000000000000000000e+00
8.700000000000000000e+02 3.479996797093576344e-01 9.703004096495220221e-01 1.046882111970869403e-02 1.206190259444697363e-02 7.055075102412380721e-03 1.137915339098771066e-04
9.000000000000000000e+02 3.599996686648527788e-01 9.758761948111061013e-01 8.306781975421027864e-03 9.444697314519799256e-03 6.144742831133363434e-03 2.275830678197542133e-04
9.300000000000000000e+02 3.719996576203477012e-01 9.789485662266727006e-01 7.737824305871643035e-03 8.534365043240782836e-03 4.665452890304961318e-03 1.137915339098771066e-04
9.600000000000000000e+02 3.839996465758428457e-01 9.828174783796085334e-01 5.689576695493855224e-03 6.941283568502503235e-03 4.324078288575329727e-03 2.275830678197542133e-04
9.900000000000000000e+02 3.959996355313379901e-01 9.837278106508875464e-01 5.120619025944469528e-03 7.168866636322257339e-03 3.868912152935821518e-03 1.137915339098771066e-04
1.020000000000000000e+03 4.079996244868331345e-01 9.854346836595356818e-01 3.641329085116067413e-03 7.168866636322257339e-03 3.299954483386436255e-03 4.551661356395084266e-04
1.050000000000000000e+03 4.199996134423280569e-01 9.879380974055530507e-01 3.527537551206190360e-03 5.917159763313609329e-03 2.389622212107419402e-03 2.275830678197542133e-04
1.080000000000000000e+03 4.319996023978232014e-01 9.890760127446518446e-01 2.844788347746927612e-03 5.461993627674101119e-03 2.389622212107419402e-03 2.275830678197542133e-04
1.110000000000000000e+03 4.439995913533183458e-01 9.890760127446518446e-01 2.844788347746927612e-03 6.372325898953117539e-03 1.593081474738279385e-03 1.137915339098771066e-04
1.140000000000000000e+03 4.559995803088134902e-01 9.912380518889394310e-01 2.730996813837050560e-03 3.982703686845699004e-03 1.934456076467910759e-03 1.137915339098771066e-04
1.170000000000000000e+03 4.679995692643084126e-01 9.921483841602184439e-01 2.730996813837050560e-03 3.641329085116067413e-03 1.365498406918525280e-03 1.137915339098771066e-04
1.200000000000000000e+03 4.799995582198035571e-01 9.915794264906691025e-01 2.844788347746927612e-03 3.982703686845699004e-03 1.137915339098770958e-03 4.551661356395084266e-04
1.230000000000000000e+03 4.919995471752987015e-01 9.929449248975875664e-01 2.162039144287664864e-03 2.958579881656804664e-03 1.251706873008648227e-03 6.827492034592626399e-04
1.260000000000000000e+03 5.039995361307938460e-01 9.916932180245789930e-01 2.617205279927173507e-03 3.982703686845699004e-03 1.365498406918525280e-03 3.413746017296313199e-04
1.290000000000000000e+03 5.159995250862889904e-01 9.947655894401457033e-01 1.934456076467910759e-03 2.162039144287664864e-03 4.551661356395084266e-04 6.827492034592626399e-04
1.320000000000000000e+03 5.279995140417839128e-01 9.932862994993172379e-01 1.934456076467910759e-03 2.958579881656804664e-03 1.251706873008648227e-03 5.689576695493854790e-04
1.350000000000000000e+03 5.399995029972790572e-01 9.952207555757851543e-01 1.706873008648156654e-03 2.162039144287664864e-03 6.827492034592626399e-04 2.275830678197542133e-04
1.380000000000000000e+03 5.519994919527742017e-01 9.947655894401457033e-01 1.706873008648156654e-03 1.593081474738279385e-03 1.137915339098770958e-03 7.965407373691396923e-04
1.410000000000000000e+03 5.639994809082693461e-01 9.971552116522530707e-01 1.024123805188893906e-03 1.251706873008648227e-03 1.137915339098771066e-04 4.551661356395084266e-04
1.440000000000000000e+03 5.759994698637642685e-01 9.964724624487938387e-01 1.024123805188893906e-03 1.479289940828402332e-03 2.275830678197542133e-04 7.965407373691396923e-04
1.470000000000000000e+03 5.879994588192594129e-01 9.962448793809740577e-01 1.137915339098770958e-03 1.934456076467910759e-03 5.689576695493854790e-04 1.137915339098771066e-04
1.500000000000000000e+03 5.999994477747545574e-01 9.959035047792443862e-01 1.706873008648156654e-03 1.706873008648156654e-03 4.551661356395084266e-04 2.275830678197542133e-04
1.530000000000000000e+03 6.119994367302497018e-01 9.962448793809740577e-01 1.024123805188893906e-03 1.820664542558033706e-03 4.551661356395084266e-04 4.551661356395084266e-04
1.560000000000000000e+03 6.239994256857446242e-01 9.957897132453344957e-01 1.365498406918525280e-03 1.934456076467910759e-03 3.413746017296313199e-04 5.689576695493854790e-04
1.590000000000000000e+03 6.359994146412397686e-01 9.959035047792443862e-01 1.024123805188893906e-03 1.820664542558033706e-03 6.827492034592626399e-04 5.689576695493854790e-04
1.620000000000000000e+03 6.479994035967349131e-01 9.956759217114247162e-01 9.103322712790168532e-04 2.048247610377787811e-03 7.965407373691396923e-04 5.689576695493854790e-04
1.650000000000000000e+03 6.599993925522300575e-01 9.957897132453344957e-01 1.251706873008648227e-03 1.137915339098770958e-03 6.827492034592626399e-04 1.137915339098770958e-03
1.680000000000000000e+03 6.719993815077249799e-01 9.963586709148839482e-01 9.103322712790168532e-04 1.479289940828402332e-03 5.689576695493854790e-04 6.827492034592626399e-04
1.710000000000000000e+03 6.839993704632201243e-01 9.974965862539827421e-01 6.827492034592626399e-04 7.965407373691396923e-04 2.275830678197542133e-04 7.965407373691396923e-04
1.740000000000000000e+03 6.959993594187152688e-01 9.963586709148839482e-01 6.827492034592626399e-04 1.593081474738279385e-03 3.413746017296313199e-04 1.024123805188893906e-03
1.770000000000000000e+03 7.079993483742104132e-01 9.957897132453344957e-01 1.137915339098770958e-03 1.479289940828402332e-03 3.413746017296313199e-04 1.251706873008648227e-03
1.800000000000000000e+03 7.199993373297053356e-01 9.961310878470641672e-01 9.103322712790168532e-04 1.251706873008648227e-03 1.137915339098771066e-04 1.593081474738279385e-03
1.830000000000000000e+03 7.319993262852004801e-01 9.959035047792443862e-01 4.551661356395084266e-04 2.162039144287664864e-03 5.689576695493854790e-04 9.103322712790168532e-04
1.860000000000000000e+03 7.439993152406956245e-01 9.968138370505233992e-01 6.827492034592626399e-04 1.365498406918525280e-03 2.275830678197542133e-04 9.103322712790168532e-04
1.890000000000000000e+03 7.559993041961907689e-01 9.977241693218024121e-01 3.413746017296313199e-04 9.103322712790168532e-04 5.689576695493854790e-04 4.551661356395084266e-04
1.920000000000000000e+03 7.679992931516856913e-01 9.970414201183431802e-01 5.689576695493854790e-04 9.103322712790168532e-04 2.275830678197542133e-04 1.251706873008648227e-03
1.950000000000000000e+03 7.799992821071808358e-01 9.976103777878926326e-01 4.551661356395084266e-04 7.965407373691396923e-04 1.137915339098771066e-04 1.024123805188893906e-03
1.980000000000000000e+03 7.919992710626759802e-01 9.967000455166135087e-01 3.413746017296313199e-04 5.689576695493854790e-04 5.689576695493854790e-04 1.820664542558033706e-03
2.010000000000000000e+03 8.039992600181711246e-01 9.963586709148839482e-01 5.689576695493854790e-04 1.251706873008648227e-03 3.413746017296313199e-04 1.479289940828402332e-03
2.040000000000000000e+03 8.159992489736660470e-01 9.971552116522530707e-01 3.413746017296313199e-04 1.251706873008648227e-03 1.137915339098771066e-04 1.137915339098770958e-03
2.070000000000000000e+03 8.279992379291611915e-01 9.979517523896221931e-01 4.551661356395084266e-04 1.024123805188893906e-03 2.275830678197542133e-04 3.413746017296313199e-04
2.100000000000000000e+03 8.399992268846563359e-01 9.976103777878926326e-01 2.275830678197542133e-04 1.137915339098770958e-03 0.000000000000000000e+00 1.024123805188893906e-03
2.130000000000000000e+03 8.519992158401514804e-01 9.976103777878926326e-01 2.275830678197542133e-04 9.103322712790168532e-04 3.413746017296313199e-04 9.103322712790168532e-04
2.160000000000000000e+03 8.639992047956464027e-01 9.973827947200728516e-01 0.000000000000000000e+00 1.365498406918525280e-03 2.275830678197542133e-04 1.024123805188893906e-03
2.190000000000000000e+03 8.759991937511415472e-01 9.979517523896221931e-01 0.000000000000000000e+00 5.689576695493854790e-04 3.413746017296313199e-04 1.137915339098770958e-03
2.220000000000000000e+03 8.879991827066366916e-01 9.974965862539827421e-01 2.275830678197542133e-04 1.137915339098770958e-03 2.275830678197542133e-04 9.103322712790168532e-04
2.250000000000000000e+03 8.999991716621318361e-01 9.972690031861629611e-01 0.000000000000000000e+00 1.365498406918525280e-03 1.137915339098771066e-04 1.251706873008648227e-03
2.280000000000000000e+03 9.119991606176267585e-01 9.973827947200728516e-01 3.413746017296313199e-04 6.827492034592626399e-04 3.413746017296313199e-04 1.251706873008648227e-03
2.310000000000000000e+03 9.239991495731219029e-01 9.972690031861629611e-01 5.689576695493854790e-04 6.827492034592626399e-04 1.137915339098771066e-04 1.365498406918525280e-03
2.340000000000000000e+03 9.359991385286170473e-01 9.972690031861629611e-01 0.000000000000000000e+00 1.024123805188893906e-03 2.275830678197542133e-04 1.479289940828402332e-03
2.370000000000000000e+03 9.479991274841121918e-01 9.982931269913518646e-01 1.137915339098771066e-04 1.137915339098771066e-04 2.275830678197542133e-04 1.251706873008648227e-03
2.400000000000000000e+03 9.599991164396073362e-01 9.976103777878926326e-01 4.551661356395084266e-04 9.103322712790168532e-04 1.137915339098771066e-04 9.103322712790168532e-04
2.430000000000000000e+03 9.719991053951022586e-01 9.971552116522530707e-01 1.137915339098771066e-04 9.103322712790168532e-04 2.275830678197542133e-04 1.593081474738279385e-03
2.460000000000000000e+03 9.839990943505974030e-01 9.974965862539827421e-01 0.000000000000000000e+00 9.103322712790168532e-04 1.137915339098771066e-04 1.479289940828402332e-03
2.490000000000000000e+03 9.959990833060925475e-01 9.974965862539827421e-01 4.551661356395084266e-04 7.965407373691396923e-04 2.275830678197542133e-04 1.024123805188893906e-03
