# itime ezz other fcc hcp bcc ico
0.000000000000000000e+00 0.000000000000000000e+00 0.000000000000000000e+00 1.000000000000000000e+00 0.000000000000000000e+00 0.000000000000000000e+00 0.000000000000000000e+00
3.000000000000000000e+00 1.200021586544641750e-03 0.000000000000000000e+00 1.000000000000000000e+00 0.000000000000000000e+00 0.000000000000000000e+00 0.000000000000000000e+00
6.000000000000000000e+00 2.400043173089283499e-03 0.000000000000000000e+00 1.000000000000000000e+00 0.000000000000000000e+00 0.000000000000000000e+00 0.000000000000000000e+00
9.000000000000000000e+00 3.600064759633925249e-03 0.000000000000000000e+00 1.000000000000000000e+00 0.000000000000000000e+00 0.000000000000000000e+00 0.000000000000000000e+00
1.200000000000000000e+01 4.800086346178566998e-03 0.000000000000000000e+00 1.000000000000000000e+00 0.000000000000000000e+00 0.000000000000000000e+00 0.000000000000000000e+00
1.500000000000000000e+01 6.000107932723208748e-03 0.000000000000000000e+00 1.000000000000000000e+00 0.000000000000000000e+00 0.000000000000000000e+00 0.000000000000000000e+00
1.800000000000000000e+01 7.200129519267850497e-03 0.000000000000000000e+00 1.000000000000000000e+00 0.000000000000000000e+00 0.000000000000000000e+00 0.000000000000000000e+00
2.100000000000000000e+01 8.400151105812492247e-03 0.000000000000000000e+00 1.000000000000000000e+00 0.000000000000000000e+00 0.000000000000000000e+00 0.000000000000000000e+00
2.400000000000000000e+01 9.600172692357133997e-03 0.000000000000000000e+00 1.000000000000000000e+00 0.000000000000000000e+00 0.000000000000000000e+00 0.000000000000000000e+00
2.700000000000000000e+01 1.080019427890177575e-02 0.000000000000000000e+00 1.000000000000000000e+00 0.000000000000000000e+00 0.000000000000000000e+00 0.000000000000000000e+00
3.000000000000000000e+01 1.200021586544641750e-02 0.000000000000000000e+00 1.000000000000000000e+00 0.000000000000000000e+00 0.000000000000000000e+00 0.000000000000000000e+00
3.300000000000000000e+01 1.320023745199105925e-02 0.000000000000000000e+00 1.000000000000000000e+00 0.000000000000000000e+00 0.000000000000000000e+00 0.000000000000000000e+00
3.600000000000000000e+01 1.440025903853570099e-02 0.000000000000000000e+00 1.000000000000000000e+00 0.000000000000000000e+00 0.000000000000000000e+00 0.000000000000000000e+00
3.900000000000000000e+01 1.560028062508034274e-02 0.000000000000000000e+00 1.000000000000000000e+00 0.000000000000000000e+00 0.000000000000000000e+00 0.000000000000000000e+00
4.200000000000000000e+01 1.680030221162498449e-02 0.000000000000000000e+00 1.000000000000000000e+00 0.000000000000000000e+00 0.000000000000000000e+00 0.000000000000000000e+00
4.500000000000000000e+01 1.800032379816940420e-02 0.000000000000000000e+00 1.000000000000000000e+00 0.000000000000000000e+00 0.000000000000000000e+00 0.000000000000000000e+00
4.800000000000000000e+01 1.920034538471404595e-02 0.000000000000000000e+00 1.000000000000000000e+00 0.000000000000000000e+00 0.000000000000000000e+00 0.000000000000000000e+00
5.100000000000000000e+01 2.040036697125868770e-02 0.000000000000000000e+00 1.000000000000000000e+00 0.000000000000000000e+00 0.000000000000000000e+00 0.000000000000000000e+00
5.400000000000000000e+01 2.160038855780332945e-02 0.000000000000000000e+00 1.000000000000000000e+00 0.000000000000000000e+00 0.000000000000000000e+00 0.000000000000000000e+00
5.700000000000000000e+01 2.280041014434797120e-02 0.000000000000000000e+00 1.000000000000000000e+00 0.000000000000000000e+00 0.000000000000000000e+00 0.000000000000000000e+00
6.000000000000000000e+01 2.400043173089261295e-02 0.000000000000000000e+00 1.000000000000000000e+00 0.000000000000000000e+00 0.000000000000000000e+00 0.000000000000000000e+00
6.300000000000000000e+01 2.520045331743725470e-02 0.000000000000000000e+00 1.000000000000000000e+00 0.000000000000000000e+00 0.000000000000000000e+00 0.000000000000000000e+00
6.600000000000000000e+01 2.640047490398189645e-02 0.000000000000000000e+00 1.000000000000000000e+00 0.000000000000000000e+00 0.000000000000000000e+00 0.000000000000000000e+00
6.900000000000000000e+01 2.760049649052653820e-02 0.000000000000000000e+00 1.000000000000000000e+00 0.000000000000000000e+00 0.000000000000000000e+00 0.000000000000000000e+00
7.200000000000000000e+01 2.880051807707117995e-02 0.000000000000000000e+00 1.000000000000000000e+00 0.000000000000000000e+00 0.000000000000000000e+00 0.000000000000000000e+00
7.500000000000000000e+01 3.000053966361582169e-02 0.000000000000000000e+00 1.000000000000000000e+00 0.000000000000000000e+00 0.000000000000000000e+00 0.000000000000000000e+00
7.800000000000000000e+01 3.120056125016046344e-02 0.000000000000000000e+00 1.000000000000000000e+00 0.000000000000000000e+00 0.000000000000000000e+00 0.000000000000000000e+00
8.100000000000000000e+01 3.240058283670510519e-02 0.000000000000000000e+00 1.000000000000000000e+00 0.000000000000000000e+00 0.000000000000000000e+00 0.000000000000000000e+00
8.400000000000000000e+01 3.360060442324974694e-02 0.000000000000000000e+00 1.000000000000000000e+00 0.000000000000000000e+00 0.000000000000000000e+00 0.000000000000000000e+00
8.700000000000000000e+01 3.480062600979438869e-02 0.000000000000000000e+00 1.000000000000000000e+00 0.000000000000000000e+00 0.000000000000000000e+00 0.000000000000000000e+00
9.000000000000000000e+01 3.600064759633903044e-02 0.000000000000000000e+00 1.000000000000000000e+00 0.000000000000000000e+00 0.000000000000000000e+00 0.000000000000000000e+00
9.300000000000000000e+01 3.720066918288367219e-02 0.000000000000000000e+00 1.000000000000000000e+00 0.000000000000000000e+00 0.000000000000000000e+00 0.000000000000000000e+00
9.600000000000000000e+01 3.840069076942831394e-02 0.000000000000000000e+00 1.000000000000000000e+00 0.000000000000000000e+00 0.000000000000000000e+00 0.000000000000000000e+00
9.900000000000000000e+01 3.960071235597295569e-02 0.000000000000000000e+00 1.000000000000000000e+00 0.000000000000000000e+00 0.000000000000000000e+00 0.000000000000000000e+00
1.020000000000000000e+02 4.080073394251759744e-02 0.000000000000000000e+00 1.000000000000000000e+00 0.000000000000000000e+00 0.000000000000000000e+00 0.000000000000000000e+00
1.050000000000000000e+02 4.200075552906223919e-02 0.000000000000000000e+00 1.000000000000000000e+00 0.000000000000000000e+00 0.000000000000000000e+00 0.000000000000000000e+00
1.080000000000000000e+02 4.320077711560688094e-02 0.000000000000000000e+00 1.000000000000000000e+00 0.000000000000000000e+00 0.000000000000000000e+00 0.000000000000000000e+00
1.110000000000000000e+02 4.440079870215152269e-02 0.000000000000000000e+00 1.000000000000000000e+00 0.000000000000000000e+00 0.000000000000000000e+00 0.000000000000000000e+00
1.140000000000000000e+02 4.560082028869616444e-02 0.000000000000000000e+00 1.000000000000000000e+00 0.000000000000000000e+00 0.000000000000000000e+00 0.000000000000000000e+00
1.170000000000000000e+02 4.680084187524080619e-02 0.000000000000000000e+00 1.000000000000000000e+00 0.000000000000000000e+00 0.000000000000000000e+00 0.000000000000000000e+00
1.200000000000000000e+02 4.800086346178544794e-02 0.000000000000000000e+00 1.000000000000000000e+00 0.000000000000000000e+00 0.000000000000000000e+00 0.000000000000000000e+00
1.230000000000000000e+02 4.920088504833008969e-02 0.000000000000000000e+00 1.000000000000000000e+00 0.000000000000000000e+00 0.000000000000000000e+00 0.000000000000000000e+00
1.260000000000000000e+02 5.040090663487473144e-02 0.000000000000000000e+00 1.000000000000000000e+00 0.000000000000000000e+00 0.000000000000000000e+00 0.000000000000000000e+00
1.290000000000000000e+02 5.160092822141937319e-02 0.000000000000000000e+00 1.000000000000000000e+00 0.000000000000000000e+00 0.000000000000000000e+00 0.000000000000000000e+00
1.320000000000000000e+02 5.280094980796401494e-02 0.000000000000000000e+00 1.000000000000000000e+00 0.000000000000000000e+00 0.000000000000000000e+00 0.000000000000000000e+00
1.350000000000000000e+02 5.400097139450843464e-02 0.000000000000000000e+00 1.000000000000000000e+00 0.000000000000000000e+00 0.000000000000000000e+00 0.000000000000000000e+00
1.380000000000000000e+02 5.520099298105307639e-02 0.000000000000000000e+00 1.000000000000000000e+00 0.000000000000000000e+00 0.000000000000000000e+00 0.000000000000000000e+00
1.410000000000000000e+02 5.640101456759771814e-02 0.000000000000000000e+00 1.000000000000000000e+00 0.000000000000000000e+00 0.000000000000000000e+00 0.000000000000000000e+00
1.440000000000000000e+02 5.760103615414235989e-02 0.000000000000000000e+00 1.000000000000000000e+00 0.000000000000000000e+00 0.000000000000000000e+00 0.000000000000000000e+00
1.470000000000000000e+02 5.880105774068700164e-02 0.000000000000000000e+00 1.000000000000000000e+00 0.000000000000000000e+00 0.000000000000000000e+00 0.000000000000000000e+00
1.500000000000000000e+02 6.000107932723164339e-02 0.000000000000000000e+00 1.000000000000000000e+00 0.000000000000000000e+00 0.000000000000000000e+00 0.000000000000000000e+00
1.530000000000000000e+02 6.120110091377628514e-02 1.137915339098771066e-04 9.998862084660901095e-01 0.000000000000000000e+00 0.000000000000000000e+00 0.000000000000000000e+00
1.560000000000000000e+02 6.240112250032092689e-02 1.137915339098771066e-04 9.998862084660901095e-01 0.000000000000000000e+00 0.000000000000000000e+00 0.000000000000000000e+00
1.590000000000000000e+02 6.360114408686556864e-02 0.000000000000000000e+00 1.000000000000000000e+00 0.000000000000000000e+00 0.000000000000000000e+00 0.000000000000000000e+00
1.620000000000000000e+02 6.480116567341021039e-02 0.000000000000000000e+00 1.000000000000000000e+00 0.000000000000000000e+00 0.000000000000000000e+00 0.000000000000000000e+00
1.650000000000000000e+02 6.600118725995485214e-02 0.000000000000000000e+00 1.000000000000000000e+00 0.000000000000000000e+00 0.000000000000000000e+00 0.000000000000000000e+00
1.680000000000000000e+02 6.720120884649949389e-02 0.000000000000000000e+00 1.000000000000000000e+00 0.000000000000000000e+00 0.000000000000000000e+00 0.000000000000000000e+00
1.710000000000000000e+02 6.840123043304413564e-02 0.000000000000000000e+00 1.000000000000000000e+00 0.000000000000000000e+00 0.000000000000000000e+00 0.000000000000000000e+00
1.740000000000000000e+02 6.960125201958877739e-02 0.000000000000000000e+00 1.000000000000000000e+00 0.000000000000000000e+00 0.000000000000000000e+00 0.000000000000000000e+00
1.770000000000000000e+02 7.080127360613341914e-02 0.000000000000000000e+00 1.000000000000000000e+00 0.000000000000000000e+00 0.000000000000000000e+00 0.000000000000000000e+00
1.800000000000000000e+02 7.200129519267806089e-02 0.000000000000000000e+00 1.000000000000000000e+00 0.000000000000000000e+00 0.000000000000000000e+00 0.000000000000000000e+00
1.830000000000000000e+02 7.320131677922270264e-02 0.000000000000000000e+00 1.000000000000000000e+00 0.000000000000000000e+00 0.000000000000000000e+00 0.000000000000000000e+00
1.860000000000000000e+02 7.440133836576734438e-02 0.000000000000000000e+00 1.000000000000000000e+00 0.000000000000000000e+00 0.000000000000000000e+00 0.000000000000000000e+00
1.890000000000000000e+02 7.560135995231198613e-02 0.000000000000000000e+00 1.000000000000000000e+00 0.000000000000000000e+00 0.000000000000000000e+00 0.000000000000000000e+00
1.920000000000000000e+02 7.680138153885662788e-02 0.000000000000000000e+00 1.000000000000000000e+00 0.000000000000000000e+00 0.000000000000000000e+00 0.000000000000000000e+00
1.950000000000000000e+02 7.800140312540126963e-02 0.000000000000000000e+00 1.000000000000000000e+00 0.000000000000000000e+00 0.000000000000000000e+00 0.000000000000000000e+00
1.980000000000000000e+02 7.920142471194591138e-02 0.000000000000000000e+00 1.000000000000000000e+00 0.000000000000000000e+00 0.000000000000000000e+00 0.000000000000000000e+00
2.010000000000000000e+02 8.040144629849055313e-02 2.275830678197542133e-04 9.997724169321802190e-01 0.000000000000000000e+00 0.000000000000000000e+00 0.000000000000000000e+00
2.040000000000000000e+02 8.160146788503519488e-02 0.000000000000000000e+00 1.000000000000000000e+00 0.000000000000000000e+00 0.000000000000000000e+00 0.000000000000000000e+00
2.070000000000000000e+02 8.280148947157983663e-02 0.000000000000000000e+00 1.000000000000000000e+00 0.000000000000000000e+00 0.000000000000000000e+00 0.000000000000000000e+00
2.100000000000000000e+02 8.400151105812447838e-02 0.000000000000000000e+00 1.000000000000000000e+00 0.000000000000000000e+00 0.000000000000000000e+00 0.000000000000000000e+00
2.130000000000000000e+02 8.520153264466912013e-02 3.413746017296313199e-04 9.996586253982703285e-01 0.000000000000000000e+00 0.000000000000000000e+00 0.000000000000000000e+00
2.160000000000000000e+02 8.640155423121376188e-02 1.137915339098771066e-04 9.998862084660901095e-01 0.000000000000000000e+00 0.000000000000000000e+00 0.000000000000000000e+00
2.190000000000000000e+02 8.760157581775840363e-02 0.000000000000000000e+00 1.000000000000000000e+00 0.000000000000000000e+00 0.000000000000000000e+00 0.000000000000000000e+00
2.220000000000000000e+02 8.880159740430282334e-02 0.000000000000000000e+00 1.000000000000000000e+00 0.000000000000000000e+00 0.000000000000000000e+00 0.000000000000000000e+00
2.250000000000000000e+02 9.000161899084746508e-02 4.551661356395084266e-04 9.995448338643604380e-01 0.000000000000000000e+00 0.000000000000000000e+00 0.000000000000000000e+00
2.280000000000000000e+02 9.120164057739210683e-02 3.413746017296313199e-04 9.996586253982703285e-01 0.000000000000000000e+00 0.000000000000000000e+00 0.000000000000000000e+00
2.310000000000000000e+02 9.240166216393674858e-02 4.551661356395084266e-04 9.995448338643604380e-01 0.000000000000000000e+00 0.000000000000000000e+00 0.000000000000000000e+00
2.340000000000000000e+02 9.360168375048139033e-02 6.827492034592626399e-04 9.993172507965407680e-01 0.000000000000000000e+00 0.000000000000000000e+00 0.000000000000000000e+00
2.370000000000000000e+02 9.480170533702603208e-02 1.137915339098770958e-03 9.988620846609012061e-01 0.000000000000000000e+00 0.000000000000000000e+00 0.000000000000000000e+00
2.400000000000000000e+02 9.600172692357067383e-02 1.024123805188893906e-03 9.989758761948110966e-01 0.000000000000000000e+00 0.000000000000000000e+00 0.000000000000000000e+00
2.430000000000000000e+02 9.720174851011531558e-02 2.275830678197542133e-04 9.997724169321802190e-01 0.000000000000000000e+00 0.000000000000000000e+00 0.000000000000000000e+00
2.460000000000000000e+02 9.840177009665995733e-02 4.551661356395084266e-04 9.995448338643604380e-01 0.000000000000000000e+00 0.000000000000000000e+00 0.000000000000000000e+00
2.490000000000000000e+02 9.960179168320459908e-02 5.689576695493854790e-04 9.992034592626308775e-01 0.000000000000000000e+00 2.275830678197542133e-04 0.000000000000000000e+00
2.520000000000000000e+02 1.008018132697492408e-01 5.689576695493854790e-04 9.993172507965407680e-01 0.000000000000000000e+00 1.137915339098771066e-04 0.000000000000000000e+00
2.550000000000000000e+02 1.020018348562938826e-01 5.689576695493854790e-04 9.994310423304506585e-01 0.000000000000000000e+00 0.000000000000000000e+00 0.000000000000000000e+00
2.580000000000000000e+02 1.032018564428385243e-01 2.275830678197542133e-04 9.997724169321802190e-01 0.000000000000000000e+00 0.000000000000000000e+00 0.000000000000000000e+00
2.610000000000000000e+02 1.044018780293831661e-01 4.551661356395084266e-04 9.995448338643604380e-01 0.000000000000000000e+00 0.000000000000000000e+00 0.000000000000000000e+00
2.640000000000000000e+02 1.056018996159278078e-01 5.689576695493854790e-04 9.994310423304506585e-01 0.000000000000000000e+00 0.000000000000000000e+00 0.000000000000000000e+00
2.670000000000000000e+02 1.068019212024724496e-01 4.551661356395084266e-04 9.995448338643604380e-01 0.000000000000000000e+00 0.000000000000000000e+00 0.000000000000000000e+00
2.700000000000000000e+02 1.080019427890170913e-01 2.275830678197542133e-04 9.997724169321802190e-01 0.000000000000000000e+00 0.000000000000000000e+00 0.000000000000000000e+00
2.730000000000000000e+02 1.092019643755617331e-01 1.479289940828402332e-03 9.984069185252617551e-01 0.000000000000000000e+00 1.137915339098771066e-04 0.000000000000000000e+00
2.760000000000000000e+02 1.104019859621063748e-01 1.024123805188893906e-03 9.989758761948110966e-01 0.000000000000000000e+00 0.000000000000000000e+00 0.000000000000000000e+00
2.790000000000000000e+02 1.116020075486510166e-01 9.103322712790168532e-04 9.990896677287209870e-01 0.000000000000000000e+00 0.000000000000000000e+00 0.000000000000000000e+00
2.820000000000000000e+02 1.128020291351956583e-01 1.251706873008648227e-03 9.987482931269913156e-01 0.000000000000000000e+00 0.000000000000000000e+00 0.000000000000000000e+00
2.850000000000000000e+02 1.140020507217403001e-01 1.479289940828402332e-03 9.985207100591716456e-01 0.000000000000000000e+00 0.000000000000000000e+00 0.000000000000000000e+00
2.880000000000000000e+02 1.152020723082849418e-01 1.706873008648156654e-03 9.982931269913518646e-01 0.000000000000000000e+00 0.000000000000000000e+00 0.000000000000000000e+00
2.910000000000000000e+02 1.164020938948295836e-01 3.413746017296313308e-03 9.964724624487938387e-01 0.000000000000000000e+00 1.137915339098771066e-04 0.000000000000000000e+00
2.940000000000000000e+02 1.176021154813742253e-01 4.893035958124715423e-03 9.949931725079653733e-01 0.000000000000000000e+00 1.137915339098771066e-04 0.000000000000000000e+00
2.970000000000000000e+02 1.188021370679188671e-01 6.941283568502503235e-03 9.929449248975875664e-01 0.000000000000000000e+00 1.137915339098771066e-04 0.000000000000000000e+00
3.000000000000000000e+02 1.200021586544635088e-01 7.055075102412380721e-03 9.928311333636777869e-01 0.000000000000000000e+00 1.137915339098771066e-04 0.000000000000000000e+00
3.030000000000000000e+02 1.212021802410081506e-01 7.168866636322257339e-03 9.927173418297678964e-01 0.000000000000000000e+00 1.137915339098771066e-04 0.000000000000000000e+00
3.060000000000000000e+02 1.224022018275527923e-01 8.420573509330906217e-03 9.913518434228493215e-01 0.000000000000000000e+00 2.275830678197542133e-04 0.000000000000000000e+00
3.090000000000000000e+02 1.236022234140972120e-01 8.306781975421027864e-03 9.913518434228493215e-01 0.000000000000000000e+00 3.413746017296313199e-04 0.000000000000000000e+00
3.120000000000000000e+02 1.248022450006418538e-01 8.306781975421027864e-03 9.911242603550295405e-01 0.000000000000000000e+00 5.689576695493854790e-04 0.000000000000000000e+00
3.150000000000000000e+02 1.260022665871864955e-01 8.079198907601274626e-03 9.914656349567592120e-01 0.000000000000000000e+00 4.551661356395084266e-04 0.000000000000000000e+00
3.180000000000000000e+02 1.272022881737311373e-01 1.046882111970869403e-02 9.887346381429221731e-01 0.000000000000000000e+00 7.965407373691396923e-04 0.000000000000000000e+00
3.210000000000000000e+02 1.284023097602757790e-01 1.024123805188893906e-02 9.890760127446518446e-01 0.000000000000000000e+00 6.827492034592626399e-04 0.000000000000000000e+00
3.240000000000000000e+02 1.296023313468204208e-01 1.206190259444697363e-02 9.873691397360035982e-01 0.000000000000000000e+00 5.689576695493854790e-04 0.000000000000000000e+00
3.270000000000000000e+02 1.308023529333650625e-01 1.615839781520254925e-02 9.836140191169776559e-01 0.000000000000000000e+00 2.275830678197542133e-04 0.000000000000000000e+00
3.300000000000000000e+02 1.320023745199097043e-01 1.695493855257168905e-02 9.821347291761493015e-01 0.000000000000000000e+00 9.103322712790168532e-04 0.000000000000000000e+00
3.330000000000000000e+02 1.332023961064543460e-01 2.071005917159763482e-02 9.787209831588530307e-01 0.000000000000000000e+00 5.689576695493854790e-04 0.000000000000000000e+00
3.360000000000000000e+02 1.344024176929989878e-01 2.127901684114701791e-02 9.779244424214837972e-01 0.000000000000000000e+00 7.965407373691396923e-04 0.000000000000000000e+00
3.390000000000000000e+02 1.356024392795436295e-01 2.412380518889394726e-02 9.751934456076467583e-01 0.000000000000000000e+00 6.827492034592626399e-04 0.000000000000000000e+00
3.420000000000000000e+02 1.368024608660882713e-01 2.639963586709149004e-02 9.732589895311788419e-01 0.000000000000000000e+00 3.413746017296313199e-04 0.000000000000000000e+00
3.450000000000000000e+02 1.380024824526329130e-01 3.004096495220755572e-02 9.696176604460627901e-01 0.000000000000000000e+00 3.413746017296313199e-04 0.000000000000000000e+00
3.480000000000000000e+02 1.392025040391775548e-01 3.914428766499772339e-02 9.599453800637232082e-01 0.000000000000000000e+00 9.103322712790168532e-04 0.000000000000000000e+00
3.510000000000000000e+02 1.404025256257221965e-01 4.289940828402366568e-02 9.553937187073281434e-01 0.000000000000000000e+00 1.706873008648156654e-03 0.000000000000000000e+00
3.540000000000000000e+02 1.416025472122668383e-01 5.018206645425580398e-02 9.478834774692762588e-01 0.000000000000000000e+00 1.934456076467910759e-03 0.000000000000000000e+00
3.570000000000000000e+02 1.428025687988114800e-01 5.928538916704597511e-02 9.380974055530268974e-01 0.000000000000000000e+00 2.617205279927173507e-03 0.000000000000000000e+00
3.600000000000000000e+02 1.440025903853561218e-01 8.090578060992262288e-02 9.146563495675921196e-01 0.000000000000000000e+00 4.437869822485207214e-03 0.000000000000000000e+00
3.630000000000000000e+02 1.452026119719007635e-01 9.501593081474737912e-02 9.000910332271279124e-01 0.000000000000000000e+00 4.893035958124715423e-03 0.000000000000000000e+00
3.660000000000000000e+02 1.464026335584454053e-01 1.107191624943104219e-01 8.831360946745562268e-01 0.000000000000000000e+00 6.144742831133363434e-03 0.000000000000000000e+00
3.690000000000000000e+02 1.476026551449900470e-01 1.240327719617660418e-01 8.676604460628128956e-01 0.000000000000000000e+00 8.306781975421027864e-03 0.000000000000000000e+00
3.720000000000000000e+02 1.488026767315346888e-01 1.448566226672735602e-01 8.441055985434683384e-01 0.000000000000000000e+00 1.103777878925807886e-02 0.000000000000000000e+00
3.750000000000000000e+02 1.500026983180793305e-01 1.680700955848884737e-01 8.181611288120164138e-01 0.000000000000000000e+00 1.376877560309512985e-02 0.000000000000000000e+00
3.780000000000000000e+02 1.512027199046239723e-01 1.916249431042330587e-01 7.908511606736459143e-01 0.000000000000000000e+00 1.752389622212107562e-02 0.000000000000000000e+00
3.810000000000000000e+02 1.524027414911686140e-01 2.189349112426035582e-01 7.587619481110605690e-01 0.000000000000000000e+00 2.230314064633591095e-02 0.000000000000000000e+00
3.840000000000000000e+02 1.536027630777132558e-01 2.637687756030951403e-01 7.063040509786071564e-01 0.000000000000000000e+00 2.992717341829767910e-02 0.000000000000000000e+00
3.870000000000000000e+02 1.548027846642578975e-01 3.105370960400546387e-01 6.511151570323168158e-01 0.000000000000000000e+00 3.834774692762858705e-02 0.000000000000000000e+00
3.900000000000000000e+02 1.560028062508025393e-01 3.561675011379153433e-01 5.956986800182066943e-01 0.000000000000000000e+00 4.813381884387801790e-02 0.000000000000000000e+00
3.930000000000000000e+02 1.572028278373471810e-01 4.077150659990896875e-01 5.329995448338643582e-01 0.000000000000000000e+00 5.928538916704597511e-02 0.000000000000000000e+00
3.960000000000000000e+02 1.584028494238918228e-01 4.659763313609467383e-01 4.635867091488393155e-01 1.137915339098771066e-04 7.032316795630405570e-02 0.000000000000000000e+00
3.990000000000000000e+02 1.596028710104362425e-01 5.135411925352754148e-01 4.056668183887118806e-01 0.000000000000000000e+00 8.079198907601274626e-02 0.000000000000000000e+00
4.020000000000000000e+02 1.608028925969808842e-01 5.507510241238051663e-01 3.505917159763313751e-01 1.137915339098771066e-04 9.854346836595356818e-02 0.000000000000000000e+00
4.050000000000000000e+02 1.620029141835255260e-01 5.938780154756485574e-01 2.947200728265816916e-01 1.137915339098771066e-04 1.112881201638598050e-01 0.000000000000000000e+00
4.080000000000000000e+02 1.632029357700701677e-01 6.268775603095130267e-01 2.478379608557123304e-01 0.000000000000000000e+00 1.252844788347746985e-01 0.000000000000000000e+00
4.110000000000000000e+02 1.644029573566148095e-01 6.579426490669094685e-01 2.012972234865725851e-01 2.275830678197542133e-04 1.405325443786982209e-01 0.000000000000000000e+00
4.140000000000000000e+02 1.656029789431594512e-01 6.850250341374601870e-01 1.589667728720983164e-01 5.689576695493854790e-04 1.554392353208921274e-01 0.000000000000000000e+00
4.170000000000000000e+02 1.668030005297040930e-01 7.071005917159762788e-01 1.263086026399635742e-01 1.706873008648156654e-03 1.648839326354119283e-01 0.000000000000000000e+00
4.200000000000000000e+02 1.680030221162487347e-01 7.263313609467455523e-01 9.547109695038688559e-02 1.820664542558033706e-03 1.763768775603095085e-01 0.000000000000000000e+00
4.230000000000000000e+02 1.692030437027933765e-01 7.405553026854801990e-01 7.248520710059171146e-02 2.048247610377787811e-03 1.849112426035502965e-01 0.000000000000000000e+00
4.260000000000000000e+02 1.704030652893380182e-01 7.462448793809740577e-01 5.757851615839781195e-02 1.593081474738279385e-03 1.945835229858898507e-01 0.000000000000000000e+00
4.290000000000000000e+02 1.716030868758826600e-01 7.558033682294037492e-01 4.130632680928538608e-02 1.479289940828402332e-03 2.014110150204824756e-01 0.000000000000000000e+00
4.320000000000000000e+02 1.728031084624273017e-01 7.603550295857988139e-01 3.265817023213472836e-02 2.389622212107419402e-03 2.045971779699590487e-01 0.000000000000000000e+00
4.350000000000000000e+02 1.740031300489719435e-01 7.620619025944469493e-01 2.537551206190259354e-02 3.072371415566681717e-03 2.094902139280837572e-01 0.000000000000000000e+00
4.380000000000000000e+02 1.752031516355165852e-01 7.614929449248976079e-01 2.082385070550751144e-02 3.982703686845699004e-03 2.137005006827492060e-01 0.000000000000000000e+00
4.410000000000000000e+02 1.764031732220612270e-01 7.633136094674556338e-01 1.923076923076923184e-02 3.982703686845699004e-03 2.134729176149294527e-01 0.000000000000000000e+00
4.440000000000000000e+02 1.776031948086058687e-01 7.614929449248976079e-01 1.775147928994082885e-02 3.982703686845699004e-03 2.167728720983158885e-01 0.000000000000000000e+00
4.470000000000000000e+02 1.788032163951505105e-01 7.580791989076012261e-01 1.729631315430131891e-02 5.461993627674101119e-03 2.191624943104233114e-01 0.000000000000000000e+00
4.500000000000000000e+02 1.800032379816951522e-01 7.552344105598542967e-01 1.729631315430131891e-02 7.168866636322257339e-03 2.203004096495220776e-01 0.000000000000000000e+00
4.530000000000000000e+02 1.812032595682397940e-01 7.518206645425580259e-01 1.820664542558033533e-02 9.103322712790167665e-03 2.208693673190714746e-01 0.000000000000000000e+00
4.560000000000000000e+02 1.824032811547844357e-01 7.490896677287209870e-01 1.729631315430131891e-02 1.069640418752844727e-02 2.229176149294492537e-01 0.000000000000000000e+00
4.590000000000000000e+02 1.836033027413290775e-01 7.506827492034592320e-01 1.615839781520254925e-02 1.160673645880746542e-02 2.215521165225307343e-01 0.000000000000000000e+00
4.620000000000000000e+02 1.848033243278737192e-01 7.503413746017296715e-01 1.797906235776058209e-02 1.547564861174328607e-02 2.162039144287664916e-01 0.000000000000000000e+00
4.650000000000000000e+02 1.860033459144183610e-01 7.540964952207556138e-01 1.866181156121984527e-02 1.945835229858898507e-02 2.077833409194355940e-01 0.000000000000000000e+00
4.680000000000000000e+02 1.872033675009630027e-01 7.519344560764679164e-01 2.127901684114701791e-02 2.401001365498407064e-02 2.027765134274009950e-01 0.000000000000000000e+00
4.710000000000000000e+02 1.884033890875076445e-01 7.507965407373691225e-01 2.378243058716431393e-02 2.765134274010013632e-02 1.977696859353663961e-01 0.000000000000000000e+00
4.740000000000000000e+02 1.896034106740522862e-01 7.474965862539827421e-01 2.503413746017296368e-02 3.140646335912607862e-02 1.960628129267182607e-01 0.000000000000000000e+00
4.770000000000000000e+02 1.908034322605969280e-01 7.457897132453344957e-01 2.537551206190259354e-02 3.561675011379153433e-02 1.932180245789713313e-01 0.000000000000000000e+00
4.800000000000000000e+02 1.920034538471415697e-01 7.420345926263085534e-01 2.753755120619025970e-02 4.050978607191624975e-02 1.899180700955848955e-01 0.000000000000000000e+00
4.830000000000000000e+02 1.932034754336862115e-01 7.398725534820209671e-01 2.856167501137915274e-02 4.676832043695949154e-02 1.847974510696404060e-01 0.000000000000000000e+00
4.860000000000000000e+02 1.944034970202306312e-01 7.382794720072826111e-01 2.935821574874829254e-02 5.200273099681383682e-02 1.803595812471552040e-01 0.000000000000000000e+00
4.890000000000000000e+02 1.956035186067752729e-01 7.456759217114247162e-01 2.947200728265816916e-02 5.473372781065088954e-02 1.701183431952662806e-01 0.000000000000000000e+00
4.920000000000000000e+02 1.968035401933199147e-01 7.486345015930814251e-01 2.810650887573964626e-02 5.985434683659535821e-02 1.634046426945835184e-01 0.000000000000000000e+00
4.950000000000000000e+02 1.980035617798645564e-01 7.488620846609012061e-01 2.958579881656804578e-02 6.531634046426945672e-02 1.562357760582612776e-01 0.000000000000000000e+00
4.980000000000000000e+02 1.992035833664091982e-01 7.500000000000000000e-01 3.049613108784706567e-02 6.861629494765589254e-02 1.508875739644970349e-01 0.000000000000000000e+00
5.010000000000000000e+02 2.004036049529538399e-01 7.517068730086481354e-01 3.174783796085571541e-02 7.157487482931269851e-02 1.449704142011834229e-01 0.000000000000000000e+00
5.040000000000000000e+02 2.016036265394984817e-01 7.517068730086481354e-01 3.254437869822485174e-02 7.373691397360036814e-02 1.420118343195266308e-01 0.000000000000000000e+00
5.070000000000000000e+02 2.028036481260431234e-01 7.523896222121073674e-01 3.220300409649522189e-02 7.771961766044606368e-02 1.376877560309512916e-01 0.000000000000000000e+00
5.100000000000000000e+02 2.040036697125877652e-01 7.503413746017296715e-01 3.208921256258534527e-02 7.931269913518433634e-02 1.382567137005006885e-01 0.000000000000000000e+00
5.130000000000000000e+02 2.052036912991324069e-01 7.480655439235320836e-01 3.277196176604460498e-02 8.431952662721893532e-02 1.348429676832043622e-01 0.000000000000000000e+00
5.160000000000000000e+02 2.064037128856770487e-01 7.452207555757851543e-01 3.356850250341374825e-02 8.944014565316341092e-02 1.317705962676376796e-01 0.000000000000000000e+00
5.190000000000000000e+02 2.076037344722216904e-01 7.461310878470641672e-01 3.447883477469276120e-02 9.182976786527081992e-02 1.275603095129722309e-01 0.000000000000000000e+00
5.220000000000000000e+02 2.088037560587663322e-01 7.446517979062358128e-01 3.561675011379153433e-02 9.581247155211652933e-02 1.239189804278561652e-01 0.000000000000000000e+00
5.250000000000000000e+02 2.100037776453109739e-01 7.487482931269913156e-01 3.550295857988165771e-02 9.820209376422393832e-02 1.175466545289030468e-01 0.000000000000000000e+00
5.280000000000000000e+02 2.112037992318556157e-01 7.446517979062358128e-01 3.641329085116067066e-02 1.026399635867091542e-01 1.162949476558944040e-01 0.000000000000000000e+00
5.310000000000000000e+02 2.124038208184002574e-01 7.445380063723259223e-01 3.823395539371871044e-02 1.053709604005461931e-01 1.118570778334091881e-01 0.000000000000000000e+00
5.340000000000000000e+02 2.136038424049448992e-01 7.468138370505233992e-01 3.766499772416932040e-02 1.066226672735548497e-01 1.088984979517523960e-01 0.000000000000000000e+00
5.370000000000000000e+02 2.148038639914895409e-01 7.489758761948110966e-01 3.789258079198907364e-02 1.075329995448338627e-01 1.055985434683659602e-01 0.000000000000000000e+00
5.400000000000000000e+02 2.160038855780341827e-01 7.527309968138370389e-01 3.800637232589895026e-02 1.055985434683659602e-01 1.036640873918980438e-01 0.000000000000000000e+00
5.430000000000000000e+02 2.172039071645788244e-01 7.537551206190259423e-01 3.834774692762858705e-02 1.050295857988165632e-01 1.028675466545289074e-01 0.000000000000000000e+00
5.460000000000000000e+02 2.184039287511234662e-01 7.611515703231679364e-01 3.800637232589895026e-02 1.016158397815202508e-01 9.922621756941284177e-02 0.000000000000000000e+00
5.490000000000000000e+02 2.196039503376681079e-01 7.604688211197087044e-01 4.050978607191624975e-02 1.034365043240782905e-01 9.558488848429676221e-02 0.000000000000000000e+00
5.520000000000000000e+02 2.208039719242127497e-01 7.619481110605370588e-01 4.255803368229403583e-02 1.027537551206190308e-01 9.274010013654984674e-02 0.000000000000000000e+00
5.550000000000000000e+02 2.220039935107573914e-01 7.633136094674556338e-01 4.403732362312243881e-02 1.008192990441511144e-01 9.182976786527081992e-02 0.000000000000000000e+00
5.580000000000000000e+02 2.232040150973020332e-01 7.637687756030950847e-01 4.540282203004096517e-02 1.030951297223486607e-01 8.773327264451524776e-02 0.000000000000000000e+00
5.610000000000000000e+02 2.244040366838466749e-01 7.658170232134728916e-01 4.619936276741010150e-02 1.037778789258079204e-01 8.420573509330905870e-02 0.000000000000000000e+00
5.640000000000000000e+02 2.256040582703913167e-01 7.695721438324988339e-01 4.563040509786071841e-02 1.046882111970869333e-01 8.010923987255348655e-02 0.000000000000000000e+00
5.670000000000000000e+02 2.268040798569359584e-01 7.695721438324988339e-01 4.483386436049158208e-02 1.053709604005461931e-01 8.022303140646336317e-02 0.000000000000000000e+00
5.700000000000000000e+02 2.280041014434806002e-01 7.672963131543013571e-01 4.574419663177059503e-02 1.061675011379153433e-01 8.079198907601274626e-02 0.000000000000000000e+00
5.730000000000000000e+02 2.292041230300250199e-01 7.717341829767865313e-01 4.597177969959034827e-02 1.044606281292671801e-01 7.783340919435594030e-02 0.000000000000000000e+00
5.760000000000000000e+02 2.304041446165696616e-01 7.721893491124259823e-01 4.631315430131998506e-02 1.040054619936276736e-01 7.749203459262631044e-02 0.000000000000000000e+00
5.790000000000000000e+02 2.316041662031143034e-01 7.750341374601729116e-01 4.665452890304961492e-02 1.035502958579881672e-01 7.476103777878925771e-02 0.000000000000000000e+00
5.820000000000000000e+02 2.328041877896589451e-01 7.749203459262631322e-01 5.063723258989531045e-02 1.022985889849795244e-01 7.214383249886208160e-02 0.000000000000000000e+00
5.850000000000000000e+02 2.340042093762035869e-01 7.809512972234865513e-01 4.847519344560764776e-02 1.015020482476103741e-01 6.907146108329539902e-02 0.000000000000000000e+00
5.880000000000000000e+02 2.352042309627482286e-01 7.832271279016841392e-01 4.938552571688666071e-02 9.968138370505234824e-02 6.770596267637687959e-02 0.000000000000000000e+00
5.910000000000000000e+02 2.364042525492928704e-01 7.853891670459717256e-01 4.961310878470642088e-02 1.001365498406918547e-01 6.486117432862995025e-02 0.000000000000000000e+00
5.940000000000000000e+02 2.376042741358375121e-01 7.848202093764223841e-01 5.279927173418298009e-02 1.008192990441511144e-01 6.156121984524351443e-02 0.000000000000000000e+00
5.970000000000000000e+02 2.388042957223821539e-01 7.903959945380063523e-01 5.291306326809285671e-02 9.934000910332271839e-02 5.735093309057805872e-02 0.000000000000000000e+00
6.000000000000000000e+02 2.400043173089267956e-01 7.936959490213928436e-01 5.450614474283113631e-02 9.706417842512517213e-02 5.473372781065088954e-02 0.000000000000000000e+00
6.030000000000000000e+02 2.412043388954714374e-01 7.948338643604915266e-01 5.416477014110149951e-02 9.729176149294492537e-02 5.370960400546199304e-02 0.000000000000000000e+00
6.060000000000000000e+02 2.424043604820160791e-01 7.989303595812471404e-01 5.439235320892125969e-02 9.672280382339554228e-02 4.995448338643605074e-02 0.000000000000000000e+00
6.090000000000000000e+02 2.436043820685607209e-01 8.026854802002730827e-01 5.382339553937186966e-02 9.421939007737824279e-02 4.927173418297678409e-02 0.000000000000000000e+00
6.120000000000000000e+02 2.448044036551053626e-01 8.015475648611742887e-01 5.678197542102867562e-02 9.319526627218935322e-02 4.847519344560764776e-02 0.000000000000000000e+00
6.150000000000000000e+02 2.460044252416500044e-01 8.022303140646336317e-01 5.700955848884842886e-02 9.410559854346836617e-02 4.665452890304961492e-02 0.000000000000000000e+00
6.180000000000000000e+02 2.472044468281946461e-01 8.032544378698225351e-01 5.575785161583977911e-02 9.387801547564861293e-02 4.710969503868912139e-02 0.000000000000000000e+00
6.210000000000000000e+02 2.484044684147392879e-01 7.999544833864360438e-01 5.416477014110149951e-02 9.535730541647700897e-02 5.052344105598543383e-02 0.000000000000000000e+00
6.240000000000000000e+02 2.496044900012839296e-01 8.002958579881657153e-01 5.405097860719162289e-02 9.433318161128811941e-02 5.131998179335457710e-02 0.000000000000000000e+00
6.270000000000000000e+02 2.508045115878285714e-01 8.002958579881657153e-01 5.632680928538916915e-02 9.274010013654984674e-02 5.063723258989531045e-02 0.000000000000000000e+00
6.300000000000000000e+02 2.520045331743732131e-01 8.038233955393718766e-01 5.655439235320892238e-02 9.137460172963131344e-02 4.824761037778789452e-02 0.000000000000000000e+00
6.330000000000000000e+02 2.532045547609178548e-01 8.001820664542558248e-01 5.678197542102867562e-02 9.433318161128811941e-02 4.870277651342740100e-02 0.000000000000000000e+00
6.360000000000000000e+02 2.544045763474624966e-01 7.967683204369594430e-01 5.780609922621757213e-02 9.638142922166591242e-02 4.904415111515703085e-02 0.000000000000000000e+00
6.390000000000000000e+02 2.556045979340071383e-01 8.008648156577150568e-01 5.780609922621757213e-02 9.501593081474737912e-02 4.631315430131998506e-02 0.000000000000000000e+00
6.420000000000000000e+02 2.568046195205517801e-01 8.064406008192990249e-01 5.826126536185707860e-02 9.308147473827947660e-02 4.221665908056440597e-02 0.000000000000000000e+00
6.450000000000000000e+02 2.580046411070964218e-01 8.042785616750113276e-01 6.030951297223486468e-02 9.478834774692762588e-02 4.062357760582612637e-02 0.000000000000000000e+00
6.480000000000000000e+02 2.592046626936410636e-01 8.034820209376422051e-01 6.167501137915339104e-02 9.615384615384615918e-02 3.868912152935821691e-02 0.000000000000000000e+00
6.510000000000000000e+02 2.604046842801857053e-01 8.018889394629039602e-01 6.121984524351388457e-02 9.638142922166591242e-02 4.050978607191624975e-02 0.000000000000000000e+00
6.540000000000000000e+02 2.616047058667303471e-01 7.989303595812471404e-01 6.338188438780155420e-02 9.456076467910787264e-02 4.312699135184342586e-02 0.000000000000000000e+00
6.570000000000000000e+02 2.628047274532749888e-01 7.985889849795174689e-01 6.463359126081019701e-02 9.524351388256713236e-02 4.153390987710514626e-02 0.000000000000000000e+00
6.600000000000000000e+02 2.640047490398196306e-01 7.982476103777879084e-01 6.429221665908056715e-02 9.547109695038688559e-02 4.198907601274465273e-02 0.000000000000000000e+00
6.630000000000000000e+02 2.652047706263640503e-01 7.987027765134273594e-01 6.372325898953118406e-02 9.558488848429676221e-02 4.198907601274465273e-02 0.000000000000000000e+00
6.660000000000000000e+02 2.664047922129086921e-01 7.972234865725990050e-01 6.520254893035958010e-02 9.797451069640418508e-02 3.959945380063722986e-02 0.000000000000000000e+00
6.690000000000000000e+02 2.676048137994533338e-01 7.959717796995903205e-01 6.747837960855712636e-02 9.797451069640418508e-02 3.857532999544834029e-02 0.000000000000000000e+00
6.720000000000000000e+02 2.688048353859979755e-01 7.967683204369594430e-01 6.816112881201638607e-02 9.956759217114247162e-02 3.550295857988165771e-02 0.000000000000000000e+00
6.750000000000000000e+02 2.700048569725426173e-01 7.967683204369594430e-01 6.861629494765589254e-02 9.956759217114247162e-02 3.504779244424215123e-02 0.000000000000000000e+00
6.780000000000000000e+02 2.712048785590872590e-01 7.965407373691397730e-01 6.918525261720527564e-02 9.956759217114247162e-02 3.470641784251251444e-02 0.000000000000000000e+00
6.810000000000000000e+02 2.724049001456319008e-01 7.939235320892125136e-01 6.975421028675465873e-02 1.007055075102412378e-01 3.561675011379153433e-02 0.000000000000000000e+00
