# itime ezz other fcc hcp bcc ico
0.000000000000000000e+00 0.000000000000000000e+00 3.413746017296313199e-04 9.996586253982703285e-01 0.000000000000000000e+00 0.000000000000000000e+00 0.000000000000000000e+00
3.000000000000000000e+00 1.199993824572365142e-03 1.137915339098771066e-04 9.998862084660901095e-01 0.000000000000000000e+00 0.000000000000000000e+00 0.000000000000000000e+00
6.000000000000000000e+00 2.399987649144508239e-03 6.827492034592626399e-04 9.993172507965407680e-01 0.000000000000000000e+00 0.000000000000000000e+00 0.000000000000000000e+00
9.000000000000000000e+00 3.599981473716873381e-03 1.024123805188893906e-03 9.989758761948110966e-01 0.000000000000000000e+00 0.000000000000000000e+00 0.000000000000000000e+00
1.200000000000000000e+01 4.799975298289238523e-03 1.706873008648156654e-03 9.982931269913518646e-01 0.000000000000000000e+00 0.000000000000000000e+00 0.000000000000000000e+00
1.500000000000000000e+01 5.999969122861603665e-03 1.137915339098770958e-03 9.988620846609012061e-01 0.000000000000000000e+00 0.000000000000000000e+00 0.000000000000000000e+00
1.800000000000000000e+01 7.199962947433746763e-03 1.365498406918525280e-03 9.986345015930814251e-01 0.000000000000000000e+00 0.000000000000000000e+00 0.000000000000000000e+00
2.100000000000000000e+01 8.399956772006111905e-03 1.934456076467910759e-03 9.980655439235320836e-01 0.000000000000000000e+00 0.000000000000000000e+00 0.000000000000000000e+00
2.400000000000000000e+01 9.599950596578477047e-03 1.365498406918525280e-03 9.985207100591716456e-01 0.000000000000000000e+00 1.137915339098771066e-04 0.000000000000000000e+00
2.700000000000000000e+01 1.079994442115084219e-02 1.820664542558033706e-03 9.980655439235320836e-01 0.000000000000000000e+00 1.137915339098771066e-04 0.000000000000000000e+00
3.000000000000000000e+01 1.199993824572298529e-02 9.103322712790168532e-04 9.990896677287209870e-01 0.000000000000000000e+00 0.000000000000000000e+00 0.000000000000000000e+00
3.300000000000000000e+01 1.319993207029535043e-02 1.024123805188893906e-03 9.989758761948110966e-01 0.000000000000000000e+00 0.000000000000000000e+00 0.000000000000000000e+00
3.600000000000000000e+01 1.439992589486771557e-02 9.103322712790168532e-04 9.990896677287209870e-01 0.000000000000000000e+00 0.000000000000000000e+00 0.000000000000000000e+00
3.900000000000000000e+01 1.559991971943985867e-02 5.689576695493854790e-04 9.994310423304506585e-01 0.000000000000000000e+00 0.000000000000000000e+00 0.000000000000000000e+00
4.200000000000000000e+01 1.679991354401222381e-02 1.137915339098770958e-03 9.988620846609012061e-01 0.000000000000000000e+00 0.000000000000000000e+00 0.000000000000000000e+00
4.500000000000000000e+01 1.799990736858458895e-02 5.689576695493854790e-04 9.994310423304506585e-01 0.000000000000000000e+00 0.000000000000000000e+00 0.000000000000000000e+00
4.800000000000000000e+01 1.919990119315695409e-02 9.103322712790168532e-04 9.990896677287209870e-01 0.000000000000000000e+00 0.000000000000000000e+00 0.000000000000000000e+00
5.100000000000000000e+01 2.039989501772909719e-02 1.706873008648156654e-03 9.982931269913518646e-01 0.000000000000000000e+00 0.000000000000000000e+00 0.000000000000000000e+00
5.400000000000000000e+01 2.159988884230146233e-02 2.048247610377787811e-03 9.979517523896221931e-01 0.000000000000000000e+00 0.000000000000000000e+00 0.000000000000000000e+00
5.700000000000000000e+01 2.279988266687382747e-02 6.827492034592626399e-04 9.993172507965407680e-01 0.000000000000000000e+00 0.000000000000000000e+00 0.000000000000000000e+00
6.000000000000000000e+01 2.399987649144597057e-02 7.965407373691396923e-04 9.992034592626308775e-01 0.000000000000000000e+00 0.000000000000000000e+00 0.000000000000000000e+00
6.300000000000000000e+01 2.519987031601833571e-02 4.551661356395084266e-04 9.995448338643604380e-01 0.000000000000000000e+00 0.000000000000000000e+00 0.000000000000000000e+00
6.600000000000000000e+01 2.639986414059070086e-02 1.365498406918525280e-03 9.986345015930814251e-01 0.000000000000000000e+00 0.000000000000000000e+00 0.000000000000000000e+00
6.900000000000000000e+01 2.759985796516306600e-02 1.251706873008648227e-03 9.987482931269913156e-01 0.000000000000000000e+00 0.000000000000000000e+00 0.000000000000000000e+00
7.200000000000000000e+01 2.879985178973520910e-02 1.365498406918525280e-03 9.986345015930814251e-01 0.000000000000000000e+00 0.000000000000000000e+00 0.000000000000000000e+00
7.500000000000000000e+01 2.999984561430757424e-02 2.844788347746927612e-03 9.971552116522530707e-01 0.000000000000000000e+00 0.000000000000000000e+00 0.000000000000000000e+00
7.800000000000000000e+01 3.119983943887993938e-02 2.730996813837050560e-03 9.972690031861629611e-01 0.000000000000000000e+00 0.000000000000000000e+00 0.000000000000000000e+00
8.100000000000000000e+01 3.239983326345230452e-02 2.844788347746927612e-03 9.971552116522530707e-01 0.000000000000000000e+00 0.000000000000000000e+00 0.000000000000000000e+00
8.400000000000000000e+01 3.359982708802444762e-02 2.503413746017296455e-03 9.974965862539827421e-01 0.000000000000000000e+00 0.000000000000000000e+00 0.000000000000000000e+00
8.700000000000000000e+01 3.479982091259681276e-02 2.048247610377787811e-03 9.979517523896221931e-01 0.000000000000000000e+00 0.000000000000000000e+00 0.000000000000000000e+00
9.000000000000000000e+01 3.599981473716917790e-02 2.730996813837050560e-03 9.970414201183431802e-01 0.000000000000000000e+00 2.275830678197542133e-04 0.000000000000000000e+00
9.300000000000000000e+01 3.719980856174132100e-02 4.665452890304961318e-03 9.948793809740554828e-01 0.000000000000000000e+00 4.551661356395084266e-04 0.000000000000000000e+00
9.600000000000000000e+01 3.839980238631368614e-02 5.006827492034592909e-03 9.946517979062358128e-01 0.000000000000000000e+00 3.413746017296313199e-04 0.000000000000000000e+00
9.900000000000000000e+01 3.959979621088605128e-02 6.144742831133363434e-03 9.936276741010469093e-01 0.000000000000000000e+00 2.275830678197542133e-04 0.000000000000000000e+00
1.020000000000000000e+02 4.079979003545841643e-02 6.144742831133363434e-03 9.934000910332271284e-01 0.000000000000000000e+00 4.551661356395084266e-04 0.000000000000000000e+00
1.050000000000000000e+02 4.199978386003055952e-02 8.420573509330906217e-03 9.912380518889394310e-01 0.000000000000000000e+00 3.413746017296313199e-04 0.000000000000000000e+00
1.080000000000000000e+02 4.319977768460292467e-02 7.965407373691398007e-03 9.918070095584888834e-01 0.000000000000000000e+00 2.275830678197542133e-04 0.000000000000000000e+00
1.110000000000000000e+02 4.439977150917528981e-02 7.851615839781519654e-03 9.918070095584888834e-01 0.000000000000000000e+00 3.413746017296313199e-04 0.000000000000000000e+00
1.140000000000000000e+02 4.559976533374743290e-02 1.046882111970869403e-02 9.893035958124715146e-01 0.000000000000000000e+00 2.275830678197542133e-04 0.000000000000000000e+00
1.170000000000000000e+02 4.679975915831979805e-02 1.069640418752844727e-02 9.887346381429221731e-01 0.000000000000000000e+00 5.689576695493854790e-04 0.000000000000000000e+00
1.200000000000000000e+02 4.799975298289216319e-02 1.058261265361857065e-02 9.887346381429221731e-01 0.000000000000000000e+00 6.827492034592626399e-04 0.000000000000000000e+00
1.230000000000000000e+02 4.919974680746452833e-02 1.081019572143832562e-02 9.889622212107419541e-01 0.000000000000000000e+00 2.275830678197542133e-04 0.000000000000000000e+00
1.260000000000000000e+02 5.039974063203667143e-02 1.001365498406918582e-02 9.895311788802912956e-01 0.000000000000000000e+00 4.551661356395084266e-04 0.000000000000000000e+00
1.290000000000000000e+02 5.159973445660903657e-02 1.012744651797906244e-02 9.896449704142011861e-01 0.000000000000000000e+00 2.275830678197542133e-04 0.000000000000000000e+00
1.320000000000000000e+02 5.279972828118140171e-02 1.012744651797906244e-02 9.896449704142011861e-01 0.000000000000000000e+00 2.275830678197542133e-04 0.000000000000000000e+00
1.350000000000000000e+02 5.399972210575376685e-02 1.126536185707783383e-02 9.885070550751023921e-01 0.000000000000000000e+00 2.275830678197542133e-04 0.000000000000000000e+00
1.380000000000000000e+02 5.519971593032590995e-02 1.445152480655439303e-02 9.853208921256259023e-01 0.000000000000000000e+00 2.275830678197542133e-04 0.000000000000000000e+00
1.410000000000000000e+02 5.639970975489827509e-02 1.456531634046426965e-02 9.852071005917160118e-01 0.000000000000000000e+00 2.275830678197542133e-04 0.000000000000000000e+00
1.440000000000000000e+02 5.759970357947064024e-02 1.593081474738279601e-02 9.836140191169776559e-01 0.000000000000000000e+00 4.551661356395084266e-04 0.000000000000000000e+00
1.470000000000000000e+02 5.879969740404278333e-02 1.718252162039144229e-02 9.821347291761493015e-01 0.000000000000000000e+00 6.827492034592626399e-04 0.000000000000000000e+00
1.500000000000000000e+02 5.999969122861514848e-02 1.934456076467910846e-02 9.797451069640418231e-01 0.000000000000000000e+00 9.103322712790168532e-04 0.000000000000000000e+00
1.530000000000000000e+02 6.119968505318751362e-02 1.809285389167045871e-02 9.805416477014110566e-01 0.000000000000000000e+00 1.365498406918525280e-03 0.000000000000000000e+00
1.560000000000000000e+02 6.239967887775987876e-02 2.287209831588529751e-02 9.761037778789257713e-01 0.000000000000000000e+00 1.024123805188893906e-03 0.000000000000000000e+00
1.590000000000000000e+02 6.359967270233202186e-02 3.004096495220755572e-02 9.681383705052344357e-01 0.000000000000000000e+00 1.820664542558033706e-03 0.000000000000000000e+00
1.620000000000000000e+02 6.479966652690438700e-02 3.243058716431497512e-02 9.664314974965863003e-01 0.000000000000000000e+00 1.137915339098770958e-03 0.000000000000000000e+00
1.650000000000000000e+02 6.599966035147675214e-02 3.254437869822485174e-02 9.657487482931269573e-01 0.000000000000000000e+00 1.706873008648156654e-03 0.000000000000000000e+00
1.680000000000000000e+02 6.719965417604889524e-02 3.220300409649522189e-02 9.667728720983158608e-01 0.000000000000000000e+00 1.024123805188893906e-03 0.000000000000000000e+00
1.710000000000000000e+02 6.839964800062126038e-02 3.265817023213472836e-02 9.659763313609467383e-01 0.000000000000000000e+00 1.365498406918525280e-03 0.000000000000000000e+00
1.740000000000000000e+02 6.959964182519362552e-02 3.618570778334091742e-02 9.624487938097405770e-01 0.000000000000000000e+00 1.365498406918525280e-03 0.000000000000000000e+00
1.770000000000000000e+02 7.079963564976599066e-02 3.812016385980882688e-02 9.609695038689121116e-01 0.000000000000000000e+00 9.103322712790168532e-04 0.000000000000000000e+00
1.800000000000000000e+02 7.199962947433813376e-02 3.914428766499772339e-02 9.593764223941738667e-01 0.000000000000000000e+00 1.479289940828402332e-03 0.000000000000000000e+00
1.830000000000000000e+02 7.319962329891049890e-02 4.403732362312243881e-02 9.543695949021392400e-01 0.000000000000000000e+00 1.593081474738279385e-03 0.000000000000000000e+00
1.860000000000000000e+02 7.439961712348286405e-02 4.380974055530268557e-02 9.538006372325898985e-01 0.000000000000000000e+00 2.389622212107419402e-03 0.000000000000000000e+00
1.890000000000000000e+02 7.559961094805522919e-02 4.597177969959034827e-02 9.518661811561219821e-01 0.000000000000000000e+00 2.162039144287664864e-03 0.000000000000000000e+00
1.920000000000000000e+02 7.679960477262737228e-02 5.006827492034592736e-02 9.481110605370960398e-01 0.000000000000000000e+00 1.820664542558033706e-03 0.000000000000000000e+00
1.950000000000000000e+02 7.799959859719973743e-02 5.359581247155211642e-02 9.444697314519799880e-01 0.000000000000000000e+00 1.934456076467910759e-03 0.000000000000000000e+00
1.980000000000000000e+02 7.919959242177210257e-02 5.598543468365953235e-02 9.426490669094219621e-01 0.000000000000000000e+00 1.365498406918525280e-03 0.000000000000000000e+00
2.010000000000000000e+02 8.039958624634424567e-02 5.871643149749658508e-02 9.393491124260354708e-01 0.000000000000000000e+00 1.934456076467910759e-03 0.000000000000000000e+00
2.040000000000000000e+02 8.159958007091661081e-02 6.793354574419663283e-02 9.299044151115156698e-01 0.000000000000000000e+00 2.162039144287664864e-03 0.000000000000000000e+00
2.070000000000000000e+02 8.279957389548897595e-02 7.066454255803368556e-02 9.259217114246700575e-01 0.000000000000000000e+00 3.413746017296313308e-03 0.000000000000000000e+00
2.100000000000000000e+02 8.399956772006134109e-02 7.259899863450158808e-02 9.245562130177514826e-01 0.000000000000000000e+00 2.844788347746927612e-03 0.000000000000000000e+00
2.130000000000000000e+02 8.519956154463348419e-02 7.373691397360036814e-02 9.230769230769231282e-01 0.000000000000000000e+00 3.186162949476558769e-03 0.000000000000000000e+00
2.160000000000000000e+02 8.639955536920584933e-02 7.624032771961765376e-02 9.204597177969958688e-01 0.000000000000000000e+00 3.299954483386436255e-03 0.000000000000000000e+00
2.190000000000000000e+02 8.759954919377821447e-02 7.612653618570777714e-02 9.198907601274465273e-01 0.000000000000000000e+00 3.982703686845699004e-03 0.000000000000000000e+00
2.220000000000000000e+02 8.879954301835035757e-02 7.737824305871643382e-02 9.181838871187983919e-01 0.000000000000000000e+00 4.437869822485207214e-03 0.000000000000000000e+00
2.250000000000000000e+02 8.999953684292272271e-02 8.659535730541648157e-02 9.091943559399180419e-01 0.000000000000000000e+00 4.210286754665453109e-03 0.000000000000000000e+00
2.280000000000000000e+02 9.119953066749508785e-02 9.512972234865725574e-02 8.996358670914883504e-01 0.000000000000000000e+00 5.234410559854347014e-03 0.000000000000000000e+00
2.310000000000000000e+02 9.239952449206745300e-02 9.808830223031406170e-02 8.964497041420118606e-01 0.000000000000000000e+00 5.461993627674101119e-03 0.000000000000000000e+00
2.340000000000000000e+02 9.359951831663959609e-02 1.032089212562585373e-01 8.913290851160673434e-01 0.000000000000000000e+00 5.461993627674101119e-03 0.000000000000000000e+00
2.370000000000000000e+02 9.479951214121196124e-02 1.161811561219845274e-01 8.781292671825216001e-01 0.000000000000000000e+00 5.689576695493855224e-03 0.000000000000000000e+00
2.400000000000000000e+02 9.599950596578432638e-02 1.139053254437869811e-01 8.794947655894401750e-01 0.000000000000000000e+00 6.599908966772872511e-03 0.000000000000000000e+00
2.430000000000000000e+02 9.719949979035669152e-02 1.184569868001820597e-01 8.742603550295857673e-01 0.000000000000000000e+00 7.282658170232134826e-03 0.000000000000000000e+00
2.460000000000000000e+02 9.839949361492883462e-02 1.300637232589895442e-01 8.615157032316795860e-01 0.000000000000000000e+00 8.420573509330906217e-03 0.000000000000000000e+00
2.490000000000000000e+02 9.959948743950119976e-02 1.463359126081019701e-01 8.458124715521164738e-01 0.000000000000000000e+00 7.851615839781519654e-03 0.000000000000000000e+00
2.520000000000000000e+02 1.007994812640735649e-01 1.511151570323167881e-01 8.413746017296312996e-01 0.000000000000000000e+00 7.510241238051888930e-03 0.000000000000000000e+00
2.550000000000000000e+02 1.019994750886457080e-01 1.571461083295402905e-01 8.342057350933090865e-01 0.000000000000000000e+00 8.648156577150659455e-03 0.000000000000000000e+00
2.580000000000000000e+02 1.031994689132180731e-01 1.672735548475193512e-01 8.233955393718707105e-01 0.000000000000000000e+00 9.330905780609922637e-03 0.000000000000000000e+00
2.610000000000000000e+02 1.043994627377904383e-01 1.807009558488848477e-01 8.105370960400546387e-01 0.000000000000000000e+00 8.761948111060537808e-03 0.000000000000000000e+00
2.640000000000000000e+02 1.055994565623628034e-01 1.918525261720528119e-01 7.973372781065088954e-01 0.000000000000000000e+00 1.081019572143832562e-02 0.000000000000000000e+00
2.670000000000000000e+02 1.067994503869349465e-01 2.014110150204824756e-01 7.866408739189804100e-01 0.000000000000000000e+00 1.194811106053709528e-02 0.000000000000000000e+00
2.700000000000000000e+02 1.079994442115073117e-01 2.119936276741010428e-01 7.752617205279926926e-01 0.000000000000000000e+00 1.274465179790623508e-02 0.000000000000000000e+00
2.730000000000000000e+02 1.091994380360796768e-01 2.179107874374146547e-01 7.692307692307692735e-01 0.000000000000000000e+00 1.285844333181611343e-02 0.000000000000000000e+00
2.760000000000000000e+02 1.103994318606518199e-01 2.274692762858443462e-01 7.586481565771506785e-01 0.000000000000000000e+00 1.388256713700500647e-02 0.000000000000000000e+00
2.790000000000000000e+02 1.115994256852241850e-01 2.380518889394629134e-01 7.470414201183431802e-01 0.000000000000000000e+00 1.490669094219390124e-02 0.000000000000000000e+00
2.820000000000000000e+02 1.127994195097965502e-01 2.550068274920345712e-01 7.262175694128356618e-01 0.000000000000000000e+00 1.877560309512972189e-02 0.000000000000000000e+00
2.850000000000000000e+02 1.139994133343689153e-01 2.756030951297223641e-01 7.041420118343195700e-01 0.000000000000000000e+00 2.025489303595812488e-02 0.000000000000000000e+00
2.880000000000000000e+02 1.151994071589410584e-01 2.924442421483841592e-01 6.873008648156576639e-01 0.000000000000000000e+00 2.025489303595812488e-02 0.000000000000000000e+00
2.910000000000000000e+02 1.163994009835134236e-01 3.054164770141101770e-01 6.720527992717342247e-01 0.000000000000000000e+00 2.253072371415566766e-02 0.000000000000000000e+00
2.940000000000000000e+02 1.175993948080857887e-01 3.180473372781065233e-01 6.569185252617205650e-01 2.275830678197542133e-04 2.480655439235321044e-02 0.000000000000000000e+00
2.970000000000000000e+02 1.187993886326581539e-01 3.363677742375967283e-01 6.373463814292216201e-01 2.275830678197542133e-04 2.605826126536185672e-02 0.000000000000000000e+00
3.000000000000000000e+02 1.199993824572302970e-01 3.546882111970869333e-01 6.172052799271734447e-01 3.413746017296313199e-04 2.776513427401001294e-02 0.000000000000000000e+00
3.030000000000000000e+02 1.211993762818026621e-01 3.744879380974055483e-01 5.954710969503869133e-01 5.689576695493854790e-04 2.947200728265816916e-02 0.000000000000000000e+00
3.060000000000000000e+02 1.223993701063750272e-01 3.913290851160673434e-01 5.785161583978152278e-01 5.689576695493854790e-04 2.958579881656804578e-02 0.000000000000000000e+00
3.090000000000000000e+02 1.235993639309471703e-01 4.041875284478834707e-01 5.644060081929904715e-01 2.275830678197542133e-04 3.117888029130632538e-02 0.000000000000000000e+00
3.120000000000000000e+02 1.247993577555195355e-01 4.251251706873008795e-01 5.406235776058261333e-01 3.413746017296313199e-04 3.390987710514337811e-02 0.000000000000000000e+00
3.150000000000000000e+02 1.259993515800919006e-01 4.453800637232590010e-01 5.187756030951297115e-01 4.551661356395084266e-04 3.538916704597178109e-02 0.000000000000000000e+00
3.180000000000000000e+02 1.271993454046642658e-01 4.588074647246244697e-01 5.015930814747382449e-01 3.413746017296313199e-04 3.925807919890760000e-02 0.000000000000000000e+00
3.210000000000000000e+02 1.283993392292364089e-01 4.722348657259899940e-01 4.838416021847974369e-01 4.551661356395084266e-04 4.346836595357305572e-02 0.000000000000000000e+00
3.240000000000000000e+02 1.295993330538087740e-01 4.914656349567592120e-01 4.622212107419207960e-01 3.413746017296313199e-04 4.597177969959034827e-02 0.000000000000000000e+00
3.270000000000000000e+02 1.307993268783811391e-01 5.063723258989530907e-01 4.444697314519799880e-01 1.137915339098771066e-04 4.904415111515703085e-02 0.000000000000000000e+00
3.300000000000000000e+02 1.319993207029532822e-01 5.218479745106964218e-01 4.244424214838415921e-01 3.413746017296313199e-04 5.336822940373236318e-02 0.000000000000000000e+00
3.330000000000000000e+02 1.331993145275256474e-01 5.310650887573964418e-01 4.109012289485662328e-01 7.965407373691396923e-04 5.723714155666818210e-02 0.000000000000000000e+00
3.360000000000000000e+02 1.343993083520980125e-01 5.482476103777879084e-01 3.893946290395994270e-01 7.965407373691396923e-04 6.156121984524351443e-02 0.000000000000000000e+00
3.390000000000000000e+02 1.355993021766703777e-01 5.626991351843423361e-01 3.742603550295858228e-01 1.365498406918525280e-03 6.167501137915339104e-02 0.000000000000000000e+00
3.420000000000000000e+02 1.367992960012425208e-01 5.752162039144287364e-01 3.569640418752844657e-01 1.251706873008648227e-03 6.656804733727811341e-02 0.000000000000000000e+00
3.450000000000000000e+02 1.379992898258148859e-01 5.949021392808374609e-01 3.343195266272189214e-01 1.479289940828402332e-03 6.929904415111515226e-02 0.000000000000000000e+00
3.480000000000000000e+02 1.391992836503872510e-01 6.074192080109239722e-01 3.183887118798361393e-01 1.706873008648156654e-03 7.248520710059171146e-02 0.000000000000000000e+00
3.510000000000000000e+02 1.403992774749596162e-01 6.116294947655894765e-01 3.074647246244879284e-01 2.048247610377787811e-03 7.885753299954482987e-02 0.000000000000000000e+00
3.540000000000000000e+02 1.415992712995317593e-01 6.217569412835685094e-01 2.894856622667273394e-01 2.162039144287664864e-03 8.659535730541648157e-02 0.000000000000000000e+00
3.570000000000000000e+02 1.427992651241041244e-01 6.334774692762858983e-01 2.752617205279926926e-01 2.844788347746927612e-03 8.841602184797450747e-02 0.000000000000000000e+00
3.600000000000000000e+02 1.439992589486764896e-01 6.376877560309512916e-01 2.670687300864815761e-01 3.755120619025944465e-03 9.148839326354119006e-02 0.000000000000000000e+00
3.630000000000000000e+02 1.451992527732486327e-01 6.429221665908056993e-01 2.578516158397815006e-01 3.641329085116067413e-03 9.558488848429676221e-02 0.000000000000000000e+00
3.660000000000000000e+02 1.463992465978209978e-01 6.560081929904415521e-01 2.420345926263086089e-01 4.096495220755575623e-03 9.786071916249430847e-02 0.000000000000000000e+00
3.690000000000000000e+02 1.475992404223933629e-01 6.696631770596267463e-01 2.257624032771961831e-01 5.234410559854347014e-03 9.934000910332271839e-02 0.000000000000000000e+00
3.720000000000000000e+02 1.487992342469657281e-01 6.778561675011378629e-01 2.117660446062812896e-01 6.941283568502503235e-03 1.034365043240782905e-01 0.000000000000000000e+00
3.750000000000000000e+02 1.499992280715378712e-01 6.910559854346836062e-01 1.962903959945380139e-01 7.282658170232134826e-03 1.053709604005461931e-01 0.000000000000000000e+00
3.780000000000000000e+02 1.511992218961102363e-01 6.952662721893491105e-01 1.851388256713700498e-01 8.648156577150659455e-03 1.109467455621301751e-01 0.000000000000000000e+00
3.810000000000000000e+02 1.523992157206826015e-01 7.003868912152936277e-01 1.753527537551206328e-01 8.989531178880291046e-03 1.152708238507055144e-01 0.000000000000000000e+00
3.840000000000000000e+02 1.535992095452547446e-01 7.042558033682293495e-01 1.690942193900773771e-01 9.444697314519799256e-03 1.172052799271734169e-01 0.000000000000000000e+00
3.870000000000000000e+02 1.547992033698271097e-01 7.078971324533455123e-01 1.564633591260810308e-01 1.092398725534820224e-02 1.247155211652253015e-01 0.000000000000000000e+00
3.900000000000000000e+02 1.559991971943994749e-01 7.137005006827491504e-01 1.451979972690031762e-01 1.251706873008648184e-02 1.285844333181611343e-01 0.000000000000000000e+00
3.930000000000000000e+02 1.571991910189718400e-01 7.234865725989986229e-01 1.340464269458352398e-01 1.274465179790623508e-02 1.297223486572599005e-01 0.000000000000000000e+00
3.960000000000000000e+02 1.583991848435439831e-01 7.356622667273554628e-01 1.231224396904870289e-01 1.319981793354574502e-02 1.280154756486117373e-01 0.000000000000000000e+00
3.990000000000000000e+02 1.595991786681163482e-01 7.455621301775148257e-01 1.112881201638598050e-01 1.342740100136549826e-02 1.297223486572599005e-01 0.000000000000000000e+00
4.020000000000000000e+02 1.607991724926887134e-01 7.517068730086481354e-01 1.043468365953573035e-01 1.467910787437414627e-02 1.292671825216203940e-01 0.000000000000000000e+00
4.050000000000000000e+02 1.619991663172610785e-01 7.568274920345926526e-01 9.592626308602640595e-02 1.615839781520254925e-02 1.310878470641784199e-01 0.000000000000000000e+00
4.080000000000000000e+02 1.631991601418332216e-01 7.635411925352754148e-01 8.887118798361401395e-02 1.524806554392353283e-02 1.323395539371870766e-01 0.000000000000000000e+00
4.110000000000000000e+02 1.643991539664055868e-01 7.691169776968593830e-01 8.056440600819299303e-02 1.558944014565316269e-02 1.347291761492944995e-01 0.000000000000000000e+00
4.140000000000000000e+02 1.655991477909779519e-01 7.729858898497952158e-01 7.487482931269913433e-02 1.524806554392353283e-02 1.368912152935821691e-01 0.000000000000000000e+00
4.170000000000000000e+02 1.667991416155500950e-01 7.749203459262631322e-01 7.305416477014110843e-02 1.547564861174328607e-02 1.365498406918525254e-01 0.000000000000000000e+00
4.200000000000000000e+02 1.679991354401224601e-01 7.754893035958124736e-01 6.986800182066454923e-02 1.627218934911242587e-02 1.383705052344105513e-01 0.000000000000000000e+00
4.230000000000000000e+02 1.691991292646948253e-01 7.757168866636322546e-01 6.725079654073737312e-02 1.797906235776058209e-02 1.390532544378698110e-01 0.000000000000000000e+00
4.260000000000000000e+02 1.703991230892671904e-01 7.792444242148384159e-01 6.338188438780155420e-02 1.809285389167045871e-02 1.392808375056895642e-01 0.000000000000000000e+00
4.290000000000000000e+02 1.715991169138393335e-01 7.833409194355940297e-01 5.905780609922621494e-02 2.014110150204824826e-02 1.374601729631315383e-01 0.000000000000000000e+00
4.320000000000000000e+02 1.727991107384116987e-01 7.868684569868001910e-01 5.678197542102867562e-02 1.957214383249886169e-02 1.367774237596722786e-01 0.000000000000000000e+00
4.350000000000000000e+02 1.739991045629840638e-01 7.936959490213928436e-01 5.416477014110149951e-02 1.923076923076923184e-02 1.329085116067364458e-01 0.000000000000000000e+00
4.380000000000000000e+02 1.751990983875562069e-01 7.977924442421483464e-01 5.257168866636321991e-02 2.071005917159763482e-02 1.289258079198907503e-01 0.000000000000000000e+00
4.410000000000000000e+02 1.763990922121285720e-01 8.018889394629039602e-01 5.040964952207555722e-02 2.105143377332726468e-02 1.266499772416932179e-01 0.000000000000000000e+00
4.440000000000000000e+02 1.775990860367009372e-01 8.109922621756940897e-01 4.574419663177059503e-02 2.150659990896677115e-02 1.217569412835685094e-01 0.000000000000000000e+00
4.470000000000000000e+02 1.787990798612733023e-01 8.183887118798361948e-01 4.346836595357305572e-02 2.139280837505689453e-02 1.167501137915339104e-01 0.000000000000000000e+00
4.500000000000000000e+02 1.799990736858454454e-01 8.220300409649522466e-01 4.210286754665452935e-02 2.139280837505689453e-02 1.144742831133363642e-01 0.000000000000000000e+00
4.530000000000000000e+02 1.811990675104178106e-01 8.227127901684114786e-01 3.925807919890760000e-02 2.105143377332726468e-02 1.169776968593536637e-01 0.000000000000000000e+00
4.560000000000000000e+02 1.823990613349901757e-01 8.264679107874374209e-01 3.641329085116067066e-02 2.287209831588529751e-02 1.142467000455166110e-01 0.000000000000000000e+00
4.590000000000000000e+02 1.835990551595625409e-01 8.321574874829312796e-01 3.595812471552116418e-02 2.298588984979517413e-02 1.088984979517523960e-01 0.000000000000000000e+00
4.620000000000000000e+02 1.847990489841346839e-01 8.338643604915794150e-01 3.447883477469276120e-02 2.355484751934456070e-02 1.081019572143832458e-01 0.000000000000000000e+00
4.650000000000000000e+02 1.859990428087070491e-01 8.368229403732362348e-01 3.220300409649522189e-02 2.469276285844333035e-02 1.062812926718252199e-01 0.000000000000000000e+00
4.680000000000000000e+02 1.871990366332794142e-01 8.379608557123350288e-01 2.992717341829767910e-02 2.560309512972235024e-02 1.065088757396449731e-01 0.000000000000000000e+00
4.710000000000000000e+02 1.883990304578515573e-01 8.396677287209831642e-01 3.038233955393718558e-02 2.560309512972235024e-02 1.043468365953573035e-01 0.000000000000000000e+00
4.740000000000000000e+02 1.895990242824239225e-01 8.352298588984979899e-01 2.901684114701866268e-02 2.742375967228038308e-02 1.083295402822029990e-01 0.000000000000000000e+00
4.770000000000000000e+02 1.907990181069962876e-01 8.396677287209831642e-01 2.730996813837050646e-02 2.651342740100136666e-02 1.065088757396449731e-01 0.000000000000000000e+00
4.800000000000000000e+02 1.919990119315686528e-01 8.398953117888029452e-01 2.787892580791988956e-02 2.571688666363222686e-02 1.065088757396449731e-01 0.000000000000000000e+00
4.830000000000000000e+02 1.931990057561407959e-01 8.443331816112881194e-01 2.685480200273099652e-02 2.799271734182976618e-02 1.008192990441511144e-01 0.000000000000000000e+00
4.860000000000000000e+02 1.943989995807131610e-01 8.509330905780609910e-01 2.639963586709149004e-02 2.639963586709149004e-02 9.626763768775603580e-02 0.000000000000000000e+00
4.890000000000000000e+02 1.955989934052855261e-01 8.548020027309968238e-01 2.469276285844333035e-02 2.696859353664087314e-02 9.353664087391898307e-02 0.000000000000000000e+00
4.920000000000000000e+02 1.967989872298576692e-01 8.552571688666362748e-01 2.435138825671370050e-02 2.639963586709149004e-02 9.399180700955848955e-02 0.000000000000000000e+00
4.950000000000000000e+02 1.979989810544300344e-01 8.551433773327264953e-01 2.366863905325443732e-02 2.628584433318160996e-02 9.490213928083750250e-02 0.000000000000000000e+00
4.980000000000000000e+02 1.991989748790023995e-01 8.634501593081475024e-01 2.344105598543468408e-02 2.674101046882111990e-02 8.636777423759672834e-02 0.000000000000000000e+00
5.010000000000000000e+02 2.003989687035747647e-01 8.667501137915338827e-01 2.309968138370505075e-02 2.742375967228038308e-02 8.272644515248064878e-02 0.000000000000000000e+00
5.040000000000000000e+02 2.015989625281469078e-01 8.711879836140191680e-01 2.298588984979517413e-02 2.765134274010013632e-02 7.817478379608557015e-02 0.000000000000000000e+00
5.070000000000000000e+02 2.027989563527192729e-01 8.750568957669548897e-01 2.196176604460628110e-02 2.662721893491124328e-02 7.635411925352754425e-02 0.000000000000000000e+00
5.100000000000000000e+02 2.039989501772916380e-01 8.786982248520710526e-01 2.048247610377787811e-02 2.742375967228038308e-02 7.339553937187073829e-02 0.000000000000000000e+00
5.130000000000000000e+02 2.051989440018640032e-01 8.816568047337277614e-01 1.991351843422849502e-02 2.685480200273099652e-02 7.157487482931269851e-02 0.000000000000000000e+00
5.160000000000000000e+02 2.063989378264361463e-01 8.825671370050067743e-01 2.059626763768775473e-02 2.776513427401001294e-02 6.907146108329539902e-02 0.000000000000000000e+00
5.190000000000000000e+02 2.075989316510085114e-01 8.829085116067364458e-01 2.116522530723714129e-02 2.639963586709149004e-02 6.952662721893490549e-02 0.000000000000000000e+00
5.220000000000000000e+02 2.087989254755808766e-01 8.859808830223031562e-01 2.048247610377787811e-02 2.651342740100136666e-02 6.702321347291761988e-02 0.000000000000000000e+00
5.250000000000000000e+02 2.099989193001530197e-01 8.883705052344105235e-01 2.071005917159763482e-02 2.719617660446062984e-02 6.372325898953118406e-02 0.000000000000000000e+00
5.280000000000000000e+02 2.111989131247253848e-01 8.917842512517069054e-01 1.957214383249886169e-02 3.038233955393718558e-02 5.826126536185707860e-02 0.000000000000000000e+00
5.310000000000000000e+02 2.123989069492977499e-01 8.953117888029130667e-01 1.786527082385070547e-02 2.981338188438780248e-02 5.700955848884842886e-02 0.000000000000000000e+00
5.340000000000000000e+02 2.135989007738701151e-01 8.974738279472007640e-01 1.752389622212107562e-02 3.038233955393718558e-02 5.461993627674101293e-02 0.000000000000000000e+00
5.370000000000000000e+02 2.147988945984422582e-01 8.981565771506599960e-01 1.820664542558033533e-02 3.095129722348657214e-02 5.268548020027309653e-02 0.000000000000000000e+00
5.400000000000000000e+02 2.159988884230146233e-01 8.958807464724624081e-01 1.877560309512972189e-02 3.083750568957669552e-02 5.439235320892125969e-02 1.137915339098771066e-04
5.430000000000000000e+02 2.171988822475869885e-01 8.982703686845698865e-01 1.797906235776058209e-02 3.106508875739644876e-02 5.268548020027309653e-02 0.000000000000000000e+00
5.460000000000000000e+02 2.183988760721591316e-01 9.024806554392352798e-01 1.786527082385070547e-02 3.072371415566681890e-02 4.893035958124715423e-02 0.000000000000000000e+00
5.490000000000000000e+02 2.195988698967314967e-01 9.052116522530723186e-01 1.684114701866181243e-02 3.095129722348657214e-02 4.699590350477924477e-02 0.000000000000000000e+00
5.520000000000000000e+02 2.207988637213038619e-01 9.085116067364588099e-01 1.684114701866181243e-02 3.129267182521620200e-02 4.335457441966317910e-02 0.000000000000000000e+00
5.550000000000000000e+02 2.219988575458762270e-01 9.105598543468366168e-01 1.672735548475193582e-02 3.060992262175694228e-02 4.198907601274465273e-02 1.137915339098771066e-04
5.580000000000000000e+02 2.231988513704483701e-01 9.161356395084205850e-01 1.524806554392353283e-02 2.833409194355939950e-02 4.016841147018661989e-02 1.137915339098771066e-04
5.610000000000000000e+02 2.243988451950207352e-01 9.140873918980427781e-01 1.581702321347291593e-02 2.890304961310878606e-02 4.119253527537550946e-02 0.000000000000000000e+00
5.640000000000000000e+02 2.255988390195931004e-01 9.177287209831588299e-01 1.558944014565316269e-02 2.742375967228038308e-02 3.925807919890760000e-02 0.000000000000000000e+00
5.670000000000000000e+02 2.267988328441654655e-01 9.198907601274465273e-01 1.479289940828402289e-02 2.753755120619025970e-02 3.777878925807919702e-02 0.000000000000000000e+00
5.700000000000000000e+02 2.279988266687376086e-01 9.208010923987255403e-01 1.524806554392353283e-02 2.708238507055074976e-02 3.675466545289030745e-02 1.137915339098771066e-04
5.730000000000000000e+02 2.291988204933099738e-01 9.238734638142922506e-01 1.490669094219390124e-02 2.617205279927173334e-02 3.493400091033227461e-02 1.137915339098771066e-04
5.760000000000000000e+02 2.303988143178823389e-01 9.231907146108329076e-01 1.536185707783340945e-02 2.605826126536185672e-02 3.527537551206190447e-02 1.137915339098771066e-04
5.790000000000000000e+02 2.315988081424544820e-01 9.245562130177514826e-01 1.638598088302230249e-02 2.492034592626308706e-02 3.413746017296313134e-02 0.000000000000000000e+00
5.820000000000000000e+02 2.327988019670268471e-01 9.227355484751934567e-01 1.661356395084205573e-02 2.605826126536185672e-02 3.459262630860263782e-02 0.000000000000000000e+00
5.850000000000000000e+02 2.339987957915992123e-01 9.238734638142922506e-01 1.763768775603095224e-02 2.492034592626308706e-02 3.356850250341374825e-02 0.000000000000000000e+00
5.880000000000000000e+02 2.351987896161715774e-01 9.272872098315885214e-01 1.695493855257168905e-02 2.218934911242603433e-02 3.345471096950387163e-02 1.137915339098771066e-04
5.910000000000000000e+02 2.363987834407437205e-01 9.258079198907601670e-01 1.593081474738279601e-02 2.344105598543468408e-02 3.482020937642239106e-02 0.000000000000000000e+00
5.940000000000000000e+02 2.375987772653160857e-01 9.264906690942193990e-01 1.615839781520254925e-02 2.378243058716431393e-02 3.356850250341374825e-02 0.000000000000000000e+00
5.970000000000000000e+02 2.387987710898884508e-01 9.293354574419663283e-01 1.615839781520254925e-02 2.378243058716431393e-02 3.072371415566681890e-02 0.000000000000000000e+00
6.000000000000000000e+02 2.399987649144605939e-01 9.304733727810651223e-01 1.581702321347291593e-02 2.389622212107419055e-02 2.981338188438780248e-02 0.000000000000000000e+00
6.030000000000000000e+02 2.411987587390329590e-01 9.309285389167045732e-01 1.604460628129267263e-02 2.275830678197542090e-02 3.026854802002730896e-02 0.000000000000000000e+00
6.060000000000000000e+02 2.423987525636053242e-01 9.332043695949021611e-01 1.536185707783340945e-02 2.321347291761493084e-02 2.810650887573964626e-02 1.137915339098771066e-04
6.090000000000000000e+02 2.435987463881776893e-01 9.307009558488847922e-01 1.524806554392353283e-02 2.446517979062357712e-02 2.947200728265816916e-02 1.137915339098771066e-04
6.120000000000000000e+02 2.447987402127498324e-01 9.301319981793354508e-01 1.365498406918525323e-02 2.571688666363222686e-02 3.038233955393718558e-02 1.137915339098771066e-04
6.150000000000000000e+02 2.459987340373221976e-01 9.332043695949021611e-01 1.433773327264451468e-02 2.309968138370505075e-02 2.935821574874829254e-02 0.000000000000000000e+00
6.180000000000000000e+02 2.471987278618945627e-01 9.369594902139281034e-01 1.308602639963586667e-02 2.014110150204824826e-02 2.981338188438780248e-02 0.000000000000000000e+00
6.210000000000000000e+02 2.483987216864669278e-01 9.396904870277651423e-01 1.297223486572599005e-02 1.900318616294947513e-02 2.833409194355939950e-02 0.000000000000000000e+00
6.240000000000000000e+02 2.495987155110390709e-01 9.376422394173873354e-01 1.422394173873463806e-02 1.957214383249886169e-02 2.856167501137915274e-02 0.000000000000000000e+00
6.270000000000000000e+02 2.507987093356114361e-01 9.404870277651342647e-01 1.365498406918525323e-02 1.900318616294947513e-02 2.685480200273099652e-02 0.000000000000000000e+00
6.300000000000000000e+02 2.519987031601838012e-01 9.409421939007738267e-01 1.354119253527537488e-02 2.071005917159763482e-02 2.480655439235321044e-02 0.000000000000000000e+00
6.330000000000000000e+02 2.531986969847559443e-01 9.406008192990441552e-01 1.388256713700500647e-02 2.093764223941738806e-02 2.457897132453345374e-02 0.000000000000000000e+00
6.360000000000000000e+02 2.543986908093283095e-01 9.410559854346836062e-01 1.388256713700500647e-02 2.139280837505689453e-02 2.366863905325443732e-02 0.000000000000000000e+00
6.390000000000000000e+02 2.555986846339006746e-01 9.421939007737824001e-01 1.297223486572599005e-02 2.025489303595812488e-02 2.423759672280382388e-02 3.413746017296313199e-04
6.420000000000000000e+02 2.567986784584730398e-01 9.433318161128811941e-01 1.285844333181611343e-02 2.036868456986800149e-02 2.332726445152480746e-02 1.137915339098771066e-04
6.450000000000000000e+02 2.579986722830451829e-01 9.462903959945380139e-01 1.308602639963586667e-02 2.071005917159763482e-02 1.979972690031861493e-02 1.137915339098771066e-04
6.480000000000000000e+02 2.591986661076175480e-01 9.456076467910787819e-01 1.297223486572599005e-02 2.071005917159763482e-02 2.036868456986800149e-02 3.413746017296313199e-04
6.510000000000000000e+02 2.603986599321899131e-01 9.468593536640873554e-01 1.376877560309512985e-02 2.014110150204824826e-02 1.911697769685935522e-02 1.137915339098771066e-04
6.540000000000000000e+02 2.615986537567620562e-01 9.500455166135639562e-01 1.319981793354574502e-02 1.945835229858898507e-02 1.706873008648156567e-02 2.275830678197542133e-04
6.570000000000000000e+02 2.627986475813344214e-01 9.512972234865726406e-01 1.160673645880746542e-02 1.991351843422849502e-02 1.695493855257168905e-02 2.275830678197542133e-04
6.600000000000000000e+02 2.639986414059067865e-01 9.484524351388257113e-01 1.263086026399635846e-02 2.162039144287665124e-02 1.718252162039144229e-02 1.137915339098771066e-04
6.630000000000000000e+02 2.651986352304791517e-01 9.485662266727356018e-01 1.251706873008648184e-02 2.025489303595812488e-02 1.866181156121984527e-02 0.000000000000000000e+00
6.660000000000000000e+02 2.663986290550512948e-01 9.492489758761948337e-01 1.263086026399635846e-02 1.934456076467910846e-02 1.877560309512972189e-02 0.000000000000000000e+00
6.690000000000000000e+02 2.675986228796236599e-01 9.502730996813837372e-01 1.251706873008648184e-02 1.934456076467910846e-02 1.775147928994082885e-02 1.137915339098771066e-04
6.720000000000000000e+02 2.687986167041960250e-01 9.509558488848429691e-01 1.206190259444697363e-02 1.888939462903959851e-02 1.809285389167045871e-02 0.000000000000000000e+00
6.750000000000000000e+02 2.699986105287683902e-01 9.518661811561219821e-01 1.194811106053709528e-02 1.968593536640873831e-02 1.649977241693217911e-02 0.000000000000000000e+00
6.780000000000000000e+02 2.711986043533405333e-01 9.524351388256713236e-01 1.092398725534820224e-02 1.945835229858898507e-02 1.706873008648156567e-02 1.137915339098771066e-04
6.810000000000000000e+02 2.723985981779128984e-01 9.516385980883022011e-01 1.081019572143832562e-02 1.945835229858898507e-02 1.775147928994082885e-02 3.413746017296313199e-04
