# itime ezz other fcc hcp bcc ico
0.000000000000000000e+00 0.000000000000000000e+00 0.000000000000000000e+00 1.000000000000000000e+00 0.000000000000000000e+00 0.000000000000000000e+00 0.000000000000000000e+00
2.500000000000000000e+01 1.000054217506818333e-03 0.000000000000000000e+00 1.000000000000000000e+00 0.000000000000000000e+00 0.000000000000000000e+00 0.000000000000000000e+00
5.000000000000000000e+01 2.000108435013636665e-03 0.000000000000000000e+00 1.000000000000000000e+00 0.000000000000000000e+00 0.000000000000000000e+00 0.000000000000000000e+00
7.500000000000000000e+01 3.000162652520677042e-03 0.000000000000000000e+00 1.000000000000000000e+00 0.000000000000000000e+00 0.000000000000000000e+00 0.000000000000000000e+00
1.000000000000000000e+02 4.000216870027495375e-03 0.000000000000000000e+00 1.000000000000000000e+00 0.000000000000000000e+00 0.000000000000000000e+00 0.000000000000000000e+00
1.250000000000000000e+02 5.000271087534313708e-03 0.000000000000000000e+00 1.000000000000000000e+00 0.000000000000000000e+00 0.000000000000000000e+00 0.000000000000000000e+00
1.500000000000000000e+02 6.000325305041132040e-03 0.000000000000000000e+00 1.000000000000000000e+00 0.000000000000000000e+00 0.000000000000000000e+00 0.000000000000000000e+00
1.750000000000000000e+02 7.000379522548172417e-03 0.000000000000000000e+00 1.000000000000000000e+00 0.000000000000000000e+00 0.000000000000000000e+00 0.000000000000000000e+00
2.000000000000000000e+02 8.000433740054990750e-03 0.000000000000000000e+00 1.000000000000000000e+00 0.000000000000000000e+00 0.000000000000000000e+00 0.000000000000000000e+00
2.250000000000000000e+02 9.000487957561809083e-03 0.000000000000000000e+00 1.000000000000000000e+00 0.000000000000000000e+00 0.000000000000000000e+00 0.000000000000000000e+00
2.500000000000000000e+02 1.000054217506862742e-02 0.000000000000000000e+00 1.000000000000000000e+00 0.000000000000000000e+00 0.000000000000000000e+00 0.000000000000000000e+00
2.750000000000000000e+02 1.100059639257566779e-02 0.000000000000000000e+00 1.000000000000000000e+00 0.000000000000000000e+00 0.000000000000000000e+00 0.000000000000000000e+00
3.000000000000000000e+02 1.200065061008248612e-02 0.000000000000000000e+00 1.000000000000000000e+00 0.000000000000000000e+00 0.000000000000000000e+00 0.000000000000000000e+00
3.250000000000000000e+02 1.300070482758930446e-02 0.000000000000000000e+00 1.000000000000000000e+00 0.000000000000000000e+00 0.000000000000000000e+00 0.000000000000000000e+00
3.500000000000000000e+02 1.400075904509612279e-02 0.000000000000000000e+00 1.000000000000000000e+00 0.000000000000000000e+00 0.000000000000000000e+00 0.000000000000000000e+00
3.750000000000000000e+02 1.500081326260316317e-02 0.000000000000000000e+00 1.000000000000000000e+00 0.000000000000000000e+00 0.000000000000000000e+00 0.000000000000000000e+00
4.000000000000000000e+02 1.600086748010998150e-02 0.000000000000000000e+00 1.000000000000000000e+00 0.000000000000000000e+00 0.000000000000000000e+00 0.000000000000000000e+00
4.250000000000000000e+02 1.700092169761679983e-02 0.000000000000000000e+00 1.000000000000000000e+00 0.000000000000000000e+00 0.000000000000000000e+00 0.000000000000000000e+00
4.500000000000000000e+02 1.800097591512361817e-02 0.000000000000000000e+00 1.000000000000000000e+00 0.000000000000000000e+00 0.000000000000000000e+00 0.000000000000000000e+00
4.750000000000000000e+02 1.900103013263065854e-02 0.000000000000000000e+00 1.000000000000000000e+00 0.000000000000000000e+00 0.000000000000000000e+00 0.000000000000000000e+00
5.000000000000000000e+02 2.000108435013747687e-02 0.000000000000000000e+00 1.000000000000000000e+00 0.000000000000000000e+00 0.000000000000000000e+00 0.000000000000000000e+00
5.250000000000000000e+02 2.100113856764429521e-02 0.000000000000000000e+00 1.000000000000000000e+00 0.000000000000000000e+00 0.000000000000000000e+00 0.000000000000000000e+00
5.500000000000000000e+02 2.200119278515111354e-02 0.000000000000000000e+00 1.000000000000000000e+00 0.000000000000000000e+00 0.000000000000000000e+00 0.000000000000000000e+00
5.750000000000000000e+02 2.300124700265793187e-02 0.000000000000000000e+00 1.000000000000000000e+00 0.000000000000000000e+00 0.000000000000000000e+00 0.000000000000000000e+00
6.000000000000000000e+02 2.400130122016497225e-02 0.000000000000000000e+00 1.000000000000000000e+00 0.000000000000000000e+00 0.000000000000000000e+00 0.000000000000000000e+00
6.250000000000000000e+02 2.500135543767179058e-02 0.000000000000000000e+00 1.000000000000000000e+00 0.000000000000000000e+00 0.000000000000000000e+00 0.000000000000000000e+00
6.500000000000000000e+02 2.600140965517860892e-02 0.000000000000000000e+00 1.000000000000000000e+00 0.000000000000000000e+00 0.000000000000000000e+00 0.000000000000000000e+00
6.750000000000000000e+02 2.700146387268542725e-02 0.000000000000000000e+00 1.000000000000000000e+00 0.000000000000000000e+00 0.000000000000000000e+00 0.000000000000000000e+00
7.000000000000000000e+02 2.800151809019246762e-02 0.000000000000000000e+00 1.000000000000000000e+00 0.000000000000000000e+00 0.000000000000000000e+00 0.000000000000000000e+00
7.250000000000000000e+02 2.900157230769928596e-02 0.000000000000000000e+00 1.000000000000000000e+00 0.000000000000000000e+00 0.000000000000000000e+00 0.000000000000000000e+00
7.500000000000000000e+02 3.000162652520610429e-02 0.000000000000000000e+00 1.000000000000000000e+00 0.000000000000000000e+00 0.000000000000000000e+00 0.000000000000000000e+00
7.750000000000000000e+02 3.100168074271292262e-02 0.000000000000000000e+00 1.000000000000000000e+00 0.000000000000000000e+00 0.000000000000000000e+00 0.000000000000000000e+00
8.000000000000000000e+02 3.200173496021996300e-02 0.000000000000000000e+00 1.000000000000000000e+00 0.000000000000000000e+00 0.000000000000000000e+00 0.000000000000000000e+00
8.250000000000000000e+02 3.300178917772678133e-02 0.000000000000000000e+00 1.000000000000000000e+00 0.000000000000000000e+00 0.000000000000000000e+00 0.000000000000000000e+00
8.500000000000000000e+02 3.400184339523359967e-02 0.000000000000000000e+00 1.000000000000000000e+00 0.000000000000000000e+00 0.000000000000000000e+00 0.000000000000000000e+00
8.750000000000000000e+02 3.500189761274041800e-02 0.000000000000000000e+00 1.000000000000000000e+00 0.000000000000000000e+00 0.000000000000000000e+00 0.000000000000000000e+00
9.000000000000000000e+02 3.600195183024745837e-02 0.000000000000000000e+00 1.000000000000000000e+00 0.000000000000000000e+00 0.000000000000000000e+00 0.000000000000000000e+00
9.250000000000000000e+02 3.700200604775427671e-02 0.000000000000000000e+00 1.000000000000000000e+00 0.000000000000000000e+00 0.000000000000000000e+00 0.000000000000000000e+00
9.500000000000000000e+02 3.800206026526109504e-02 0.000000000000000000e+00 1.000000000000000000e+00 0.000000000000000000e+00 0.000000000000000000e+00 0.000000000000000000e+00
9.750000000000000000e+02 3.900211448276791337e-02 0.000000000000000000e+00 1.000000000000000000e+00 0.000000000000000000e+00 0.000000000000000000e+00 0.000000000000000000e+00
1.000000000000000000e+03 4.000216870027495375e-02 0.000000000000000000e+00 1.000000000000000000e+00 0.000000000000000000e+00 0.000000000000000000e+00 0.000000000000000000e+00
1.025000000000000000e+03 4.100222291778177208e-02 0.000000000000000000e+00 1.000000000000000000e+00 0.000000000000000000e+00 0.000000000000000000e+00 0.000000000000000000e+00
1.050000000000000000e+03 4.200227713528859042e-02 0.000000000000000000e+00 1.000000000000000000e+00 0.000000000000000000e+00 0.000000000000000000e+00 0.000000000000000000e+00
1.075000000000000000e+03 4.300233135279540875e-02 0.000000000000000000e+00 1.000000000000000000e+00 0.000000000000000000e+00 0.000000000000000000e+00 0.000000000000000000e+00
1.100000000000000000e+03 4.400238557030222708e-02 0.000000000000000000e+00 1.000000000000000000e+00 0.000000000000000000e+00 0.000000000000000000e+00 0.000000000000000000e+00
1.125000000000000000e+03 4.500243978780926746e-02 0.000000000000000000e+00 1.000000000000000000e+00 0.000000000000000000e+00 0.000000000000000000e+00 0.000000000000000000e+00
1.150000000000000000e+03 4.600249400531608579e-02 0.000000000000000000e+00 1.000000000000000000e+00 0.000000000000000000e+00 0.000000000000000000e+00 0.000000000000000000e+00
1.175000000000000000e+03 4.700254822282290412e-02 0.000000000000000000e+00 1.000000000000000000e+00 0.000000000000000000e+00 0.000000000000000000e+00 0.000000000000000000e+00
1.200000000000000000e+03 4.800260244032972246e-02 0.000000000000000000e+00 1.000000000000000000e+00 0.000000000000000000e+00 0.000000000000000000e+00 0.000000000000000000e+00
1.225000000000000000e+03 4.900265665783676283e-02 0.000000000000000000e+00 1.000000000000000000e+00 0.000000000000000000e+00 0.000000000000000000e+00 0.000000000000000000e+00
1.250000000000000000e+03 5.000271087534358116e-02 0.000000000000000000e+00 1.000000000000000000e+00 0.000000000000000000e+00 0.000000000000000000e+00 0.000000000000000000e+00
1.275000000000000000e+03 5.100276509285039950e-02 0.000000000000000000e+00 1.000000000000000000e+00 0.000000000000000000e+00 0.000000000000000000e+00 0.000000000000000000e+00
1.300000000000000000e+03 5.200281931035721783e-02 0.000000000000000000e+00 1.000000000000000000e+00 0.000000000000000000e+00 0.000000000000000000e+00 0.000000000000000000e+00
1.325000000000000000e+03 5.300287352786425821e-02 0.000000000000000000e+00 1.000000000000000000e+00 0.000000000000000000e+00 0.000000000000000000e+00 0.000000000000000000e+00
1.350000000000000000e+03 5.400292774537107654e-02 0.000000000000000000e+00 1.000000000000000000e+00 0.000000000000000000e+00 0.000000000000000000e+00 0.000000000000000000e+00
1.375000000000000000e+03 5.500298196287789487e-02 0.000000000000000000e+00 1.000000000000000000e+00 0.000000000000000000e+00 0.000000000000000000e+00 0.000000000000000000e+00
1.400000000000000000e+03 5.600303618038471321e-02 0.000000000000000000e+00 1.000000000000000000e+00 0.000000000000000000e+00 0.000000000000000000e+00 0.000000000000000000e+00
1.425000000000000000e+03 5.700309039789175358e-02 0.000000000000000000e+00 1.000000000000000000e+00 0.000000000000000000e+00 0.000000000000000000e+00 0.000000000000000000e+00
1.450000000000000000e+03 5.800314461539857191e-02 0.000000000000000000e+00 1.000000000000000000e+00 0.000000000000000000e+00 0.000000000000000000e+00 0.000000000000000000e+00
1.475000000000000000e+03 5.900319883290539025e-02 0.000000000000000000e+00 1.000000000000000000e+00 0.000000000000000000e+00 0.000000000000000000e+00 0.000000000000000000e+00
1.500000000000000000e+03 6.000325305041220858e-02 0.000000000000000000e+00 1.000000000000000000e+00 0.000000000000000000e+00 0.000000000000000000e+00 0.000000000000000000e+00
1.525000000000000000e+03 6.100330726791902691e-02 0.000000000000000000e+00 1.000000000000000000e+00 0.000000000000000000e+00 0.000000000000000000e+00 0.000000000000000000e+00
1.550000000000000000e+03 6.200336148542606729e-02 0.000000000000000000e+00 1.000000000000000000e+00 0.000000000000000000e+00 0.000000000000000000e+00 0.000000000000000000e+00
1.575000000000000000e+03 6.300341570293288562e-02 0.000000000000000000e+00 1.000000000000000000e+00 0.000000000000000000e+00 0.000000000000000000e+00 0.000000000000000000e+00
1.600000000000000000e+03 6.400346992043970396e-02 0.000000000000000000e+00 1.000000000000000000e+00 0.000000000000000000e+00 0.000000000000000000e+00 0.000000000000000000e+00
1.625000000000000000e+03 6.500352413794652229e-02 0.000000000000000000e+00 1.000000000000000000e+00 0.000000000000000000e+00 0.000000000000000000e+00 0.000000000000000000e+00
1.650000000000000000e+03 6.600357835545356266e-02 0.000000000000000000e+00 1.000000000000000000e+00 0.000000000000000000e+00 0.000000000000000000e+00 0.000000000000000000e+00
1.675000000000000000e+03 6.700363257296038100e-02 0.000000000000000000e+00 1.000000000000000000e+00 0.000000000000000000e+00 0.000000000000000000e+00 0.000000000000000000e+00
1.700000000000000000e+03 6.800368679046719933e-02 4.551661356395084266e-04 9.995448338643604380e-01 0.000000000000000000e+00 0.000000000000000000e+00 0.000000000000000000e+00
1.725000000000000000e+03 6.900374100797401766e-02 0.000000000000000000e+00 1.000000000000000000e+00 0.000000000000000000e+00 0.000000000000000000e+00 0.000000000000000000e+00
1.750000000000000000e+03 7.000379522548105804e-02 0.000000000000000000e+00 1.000000000000000000e+00 0.000000000000000000e+00 0.000000000000000000e+00 0.000000000000000000e+00
1.775000000000000000e+03 7.100384944298787637e-02 0.000000000000000000e+00 1.000000000000000000e+00 0.000000000000000000e+00 0.000000000000000000e+00 0.000000000000000000e+00
1.800000000000000000e+03 7.200390366049469471e-02 0.000000000000000000e+00 1.000000000000000000e+00 0.000000000000000000e+00 0.000000000000000000e+00 0.000000000000000000e+00
1.825000000000000000e+03 7.300395787800151304e-02 0.000000000000000000e+00 1.000000000000000000e+00 0.000000000000000000e+00 0.000000000000000000e+00 0.000000000000000000e+00
1.850000000000000000e+03 7.400401209550855341e-02 2.275830678197542133e-04 9.997724169321802190e-01 0.000000000000000000e+00 0.000000000000000000e+00 0.000000000000000000e+00
1.875000000000000000e+03 7.500406631301537175e-02 0.000000000000000000e+00 1.000000000000000000e+00 0.000000000000000000e+00 0.000000000000000000e+00 0.000000000000000000e+00
1.900000000000000000e+03 7.600412053052219008e-02 0.000000000000000000e+00 1.000000000000000000e+00 0.000000000000000000e+00 0.000000000000000000e+00 0.000000000000000000e+00
1.925000000000000000e+03 7.700417474802900841e-02 0.000000000000000000e+00 1.000000000000000000e+00 0.000000000000000000e+00 0.000000000000000000e+00 0.000000000000000000e+00
1.950000000000000000e+03 7.800422896553604879e-02 4.551661356395084266e-04 9.995448338643604380e-01 0.000000000000000000e+00 0.000000000000000000e+00 0.000000000000000000e+00
1.975000000000000000e+03 7.900428318304286712e-02 1.137915339098771066e-04 9.998862084660901095e-01 0.000000000000000000e+00 0.000000000000000000e+00 0.000000000000000000e+00
2.000000000000000000e+03 8.000433740054968546e-02 0.000000000000000000e+00 1.000000000000000000e+00 0.000000000000000000e+00 0.000000000000000000e+00 0.000000000000000000e+00
2.025000000000000000e+03 8.100439161805650379e-02 0.000000000000000000e+00 1.000000000000000000e+00 0.000000000000000000e+00 0.000000000000000000e+00 0.000000000000000000e+00
2.050000000000000000e+03 8.200444583556332212e-02 0.000000000000000000e+00 1.000000000000000000e+00 0.000000000000000000e+00 0.000000000000000000e+00 0.000000000000000000e+00
2.075000000000000000e+03 8.300450005307036250e-02 7.965407373691396923e-04 9.989758761948110966e-01 0.000000000000000000e+00 2.275830678197542133e-04 0.000000000000000000e+00
2.100000000000000000e+03 8.400455427057718083e-02 5.689576695493854790e-04 9.994310423304506585e-01 0.000000000000000000e+00 0.000000000000000000e+00 0.000000000000000000e+00
2.125000000000000000e+03 8.500460848808399916e-02 0.000000000000000000e+00 1.000000000000000000e+00 0.000000000000000000e+00 0.000000000000000000e+00 0.000000000000000000e+00
2.150000000000000000e+03 8.600466270559081750e-02 4.551661356395084266e-04 9.995448338643604380e-01 0.000000000000000000e+00 0.000000000000000000e+00 0.000000000000000000e+00
2.175000000000000000e+03 8.700471692309785787e-02 5.689576695493854790e-04 9.992034592626308775e-01 0.000000000000000000e+00 2.275830678197542133e-04 0.000000000000000000e+00
2.200000000000000000e+03 8.800477114060467621e-02 0.000000000000000000e+00 1.000000000000000000e+00 0.000000000000000000e+00 0.000000000000000000e+00 0.000000000000000000e+00
2.225000000000000000e+03 8.900482535811149454e-02 1.137915339098771066e-04 9.998862084660901095e-01 0.000000000000000000e+00 0.000000000000000000e+00 0.000000000000000000e+00
2.250000000000000000e+03 9.000487957561831287e-02 4.551661356395084266e-04 9.995448338643604380e-01 0.000000000000000000e+00 0.000000000000000000e+00 0.000000000000000000e+00
2.275000000000000000e+03 9.100493379312535325e-02 4.551661356395084266e-04 9.995448338643604380e-01 0.000000000000000000e+00 0.000000000000000000e+00 0.000000000000000000e+00
2.300000000000000000e+03 9.200498801063217158e-02 9.103322712790168532e-04 9.990896677287209870e-01 0.000000000000000000e+00 0.000000000000000000e+00 0.000000000000000000e+00
2.325000000000000000e+03 9.300504222813898991e-02 7.965407373691396923e-04 9.992034592626308775e-01 0.000000000000000000e+00 0.000000000000000000e+00 0.000000000000000000e+00
2.350000000000000000e+03 9.400509644564580825e-02 7.965407373691396923e-04 9.990896677287209870e-01 0.000000000000000000e+00 1.137915339098771066e-04 0.000000000000000000e+00
2.375000000000000000e+03 9.500515066315284862e-02 1.137915339098771066e-04 9.998862084660901095e-01 0.000000000000000000e+00 0.000000000000000000e+00 0.000000000000000000e+00
2.400000000000000000e+03 9.600520488065966696e-02 1.251706873008648227e-03 9.987482931269913156e-01 0.000000000000000000e+00 0.000000000000000000e+00 0.000000000000000000e+00
2.425000000000000000e+03 9.700525909816648529e-02 1.137915339098770958e-03 9.985207100591716456e-01 0.000000000000000000e+00 3.413746017296313199e-04 0.000000000000000000e+00
2.450000000000000000e+03 9.800531331567330362e-02 2.162039144287664864e-03 9.978379608557123026e-01 0.000000000000000000e+00 0.000000000000000000e+00 0.000000000000000000e+00
2.475000000000000000e+03 9.900536753318034400e-02 2.730996813837050560e-03 9.972690031861629611e-01 0.000000000000000000e+00 0.000000000000000000e+00 0.000000000000000000e+00
2.500000000000000000e+03 1.000054217506871623e-01 3.641329085116067413e-03 9.962448793809740577e-01 0.000000000000000000e+00 1.137915339098771066e-04 0.000000000000000000e+00
2.525000000000000000e+03 1.010054759681939807e-01 2.503413746017296455e-03 9.972690031861629611e-01 0.000000000000000000e+00 2.275830678197542133e-04 0.000000000000000000e+00
2.550000000000000000e+03 1.020055301857007990e-01 2.389622212107419402e-03 9.974965862539827421e-01 0.000000000000000000e+00 1.137915339098771066e-04 0.000000000000000000e+00
2.575000000000000000e+03 1.030055844032076173e-01 3.413746017296313308e-03 9.965862539827037292e-01 0.000000000000000000e+00 0.000000000000000000e+00 0.000000000000000000e+00
2.600000000000000000e+03 1.040056386207146577e-01 4.665452890304961318e-03 9.951069640418752638e-01 0.000000000000000000e+00 2.275830678197542133e-04 0.000000000000000000e+00
2.625000000000000000e+03 1.050056928382214760e-01 3.755120619025944465e-03 9.956759217114247162e-01 0.000000000000000000e+00 5.689576695493854790e-04 0.000000000000000000e+00
2.650000000000000000e+03 1.060057470557282944e-01 7.624032771961766417e-03 9.920345926263085534e-01 0.000000000000000000e+00 3.413746017296313199e-04 0.000000000000000000e+00
2.675000000000000000e+03 1.070058012732351127e-01 5.461993627674101119e-03 9.944242148384160318e-01 0.000000000000000000e+00 1.137915339098771066e-04 0.000000000000000000e+00
2.700000000000000000e+03 1.080058554907421531e-01 7.396449704142011444e-03 9.922621756941283344e-01 0.000000000000000000e+00 3.413746017296313199e-04 0.000000000000000000e+00
2.725000000000000000e+03 1.090059097082489714e-01 9.899863450159307465e-03 9.899863450159308575e-01 0.000000000000000000e+00 1.137915339098771066e-04 0.000000000000000000e+00
2.750000000000000000e+03 1.100059639257557897e-01 7.282658170232134826e-03 9.922621756941283344e-01 0.000000000000000000e+00 4.551661356395084266e-04 0.000000000000000000e+00
2.775000000000000000e+03 1.110060181432626081e-01 8.761948111060537808e-03 9.908966772872098705e-01 0.000000000000000000e+00 3.413746017296313199e-04 0.000000000000000000e+00
2.800000000000000000e+03 1.120060723607696485e-01 1.103777878925807886e-02 9.887346381429221731e-01 0.000000000000000000e+00 2.275830678197542133e-04 0.000000000000000000e+00
2.825000000000000000e+03 1.130061265782764668e-01 1.024123805188893906e-02 9.893035958124715146e-01 0.000000000000000000e+00 4.551661356395084266e-04 0.000000000000000000e+00
2.850000000000000000e+03 1.140061807957832851e-01 1.058261265361857065e-02 9.889622212107419541e-01 0.000000000000000000e+00 4.551661356395084266e-04 0.000000000000000000e+00
2.875000000000000000e+03 1.150062350132901035e-01 8.420573509330906217e-03 9.904415111515703085e-01 0.000000000000000000e+00 1.137915339098770958e-03 0.000000000000000000e+00
2.900000000000000000e+03 1.160062892307971438e-01 1.763768775603095224e-02 9.812243969048702885e-01 0.000000000000000000e+00 1.137915339098770958e-03 0.000000000000000000e+00
2.925000000000000000e+03 1.170063434483039622e-01 1.718252162039144229e-02 9.817933545744196300e-01 0.000000000000000000e+00 1.024123805188893906e-03 0.000000000000000000e+00
2.950000000000000000e+03 1.180063976658107805e-01 2.856167501137915274e-02 9.690487027765134487e-01 0.000000000000000000e+00 2.389622212107419402e-03 0.000000000000000000e+00
2.975000000000000000e+03 1.190064518833175988e-01 2.787892580791988956e-02 9.687073281747837772e-01 0.000000000000000000e+00 3.413746017296313308e-03 0.000000000000000000e+00
3.000000000000000000e+03 1.200065061008246392e-01 4.563040509786071841e-02 9.461766044606281234e-01 0.000000000000000000e+00 8.192990441511151245e-03 0.000000000000000000e+00
3.025000000000000000e+03 1.210065603183314575e-01 6.952662721893490549e-02 9.063495675921711126e-01 0.000000000000000000e+00 2.412380518889394726e-02 0.000000000000000000e+00
3.050000000000000000e+03 1.220066145358382759e-01 9.899863450159307465e-02 8.353436504324078804e-01 0.000000000000000000e+00 6.565771506599908658e-02 0.000000000000000000e+00
3.075000000000000000e+03 1.230066687533450942e-01 1.704597177969958965e-01 6.664770141101502565e-01 0.000000000000000000e+00 1.630632680928539024e-01 0.000000000000000000e+00
3.100000000000000000e+03 1.240067229708519125e-01 2.649066909421938787e-01 4.329767865270823801e-01 2.275830678197542133e-04 3.018889394629039602e-01 0.000000000000000000e+00
3.125000000000000000e+03 1.250067771883589529e-01 3.579881656804733692e-01 2.321347291761493015e-01 1.137915339098771066e-04 4.097633136094674389e-01 0.000000000000000000e+00
3.150000000000000000e+03 1.260068314058657712e-01 3.999772416932180219e-01 1.360946745562130189e-01 2.275830678197542133e-04 4.637005006827492060e-01 0.000000000000000000e+00
3.175000000000000000e+03 1.270068856233725896e-01 3.881429221665907980e-01 1.373463814292216756e-01 5.689576695493854790e-04 4.739417387346381294e-01 0.000000000000000000e+00
3.200000000000000000e+03 1.280069398408794079e-01 3.610605370960400795e-01 1.698907601274465273e-01 2.275830678197542133e-04 4.688211197086936677e-01 0.000000000000000000e+00
3.225000000000000000e+03 1.290069940583864483e-01 3.732362312243969193e-01 1.595357305416477134e-01 2.275830678197542133e-04 4.670004551661356418e-01 0.000000000000000000e+00
3.250000000000000000e+03 1.300070482758932666e-01 3.882567137005006885e-01 1.566909421939007840e-01 1.137915339098771066e-04 4.549385525716886924e-01 0.000000000000000000e+00
3.275000000000000000e+03 1.310071024934000850e-01 4.033909877105143482e-01 1.609012289485662328e-01 5.689576695493854790e-04 4.351388256713700775e-01 0.000000000000000000e+00
3.300000000000000000e+03 1.320071567109069033e-01 4.116977696859353553e-01 1.729631315430132099e-01 1.593081474738279385e-03 4.137460172963131622e-01 0.000000000000000000e+00
3.325000000000000000e+03 1.330072109284139437e-01 4.106736458807464518e-01 1.771734182976786587e-01 4.665452890304961318e-03 4.074874829312699065e-01 0.000000000000000000e+00
3.350000000000000000e+03 1.340072651459207620e-01 3.833636777423759523e-01 1.834319526627218866e-01 1.081019572143832562e-02 4.223941738734638407e-01 0.000000000000000000e+00
3.375000000000000000e+03 1.350073193634275803e-01 3.870050068274920596e-01 1.648839326354119283e-01 1.502048247610377786e-02 4.330905780609922706e-01 0.000000000000000000e+00
3.400000000000000000e+03 1.360073735809343987e-01 3.734638142922166448e-01 1.730769230769230727e-01 2.617205279927173334e-02 4.272872098315885214e-01 0.000000000000000000e+00
3.425000000000000000e+03 1.370074277984414390e-01 3.731224396904870289e-01 1.711424670004551563e-01 4.289940828402366568e-02 4.128356850250341492e-01 0.000000000000000000e+00
3.450000000000000000e+03 1.380074820159482574e-01 4.027082385070550608e-01 1.795630405097860816e-01 6.599908966772871644e-02 3.517296313154301135e-01 0.000000000000000000e+00
3.475000000000000000e+03 1.390075362334550757e-01 4.127218934911242587e-01 1.873008648156577194e-01 9.569868001820663883e-02 3.042785616750113831e-01 0.000000000000000000e+00
3.500000000000000000e+03 1.400075904509618940e-01 4.015703231679563223e-01 2.015248065543923661e-01 1.210741920801092358e-01 2.758306781975420896e-01 0.000000000000000000e+00
3.525000000000000000e+03 1.410076446684687124e-01 3.961083295402821891e-01 2.233727810650887602e-01 1.504324078288575284e-01 2.300864815657714946e-01 0.000000000000000000e+00
3.550000000000000000e+03 1.420076988859757527e-01 3.945152480655439442e-01 2.383932635411925294e-01 1.766044606281292617e-01 1.904870277651342647e-01 0.000000000000000000e+00
3.575000000000000000e+03 1.430077531034825711e-01 4.103322712790168358e-01 2.446517979062357850e-01 1.981110605370960398e-01 1.469048702776513393e-01 0.000000000000000000e+00
3.600000000000000000e+03 1.440078073209893894e-01 4.069185252617205095e-01 2.556895766954938587e-01 2.140418752844788219e-01 1.233500227583067821e-01 0.000000000000000000e+00
3.625000000000000000e+03 1.450078615384962077e-01 4.111288120163859583e-01 2.633136094674556338e-01 2.254210286754665393e-01 1.001365498406918547e-01 0.000000000000000000e+00
3.650000000000000000e+03 1.460079157560032481e-01 4.002048247610378029e-01 2.753755120619025831e-01 2.207555757851615841e-01 1.036640873918980438e-01 0.000000000000000000e+00
3.675000000000000000e+03 1.470079699735100665e-01 3.949704142011834507e-01 2.756030951297223641e-01 2.229176149294492537e-01 1.065088757396449731e-01 0.000000000000000000e+00
3.700000000000000000e+03 1.480080241910168848e-01 4.085116067364588099e-01 2.728720983158853253e-01 2.180245789713245452e-01 1.005917159763313612e-01 0.000000000000000000e+00
3.725000000000000000e+03 1.490080784085237031e-01 3.866636322257623881e-01 2.837960855712334807e-01 2.281520254893036059e-01 1.013882567137004975e-01 0.000000000000000000e+00
3.750000000000000000e+03 1.500081326260307435e-01 3.777878925807919841e-01 2.993855257168866468e-01 2.276968593536640995e-01 9.512972234865725574e-02 0.000000000000000000e+00
3.775000000000000000e+03 1.510081868435375618e-01 3.739189804278561513e-01 3.043923532089212736e-01 2.280382339553937154e-01 9.365043240782885969e-02 0.000000000000000000e+00
3.800000000000000000e+03 1.520082410610443802e-01 3.793809740555302845e-01 3.095129722348657353e-01 2.274692762858443462e-01 8.363677742375967561e-02 0.000000000000000000e+00
3.825000000000000000e+03 1.530082952785511985e-01 3.691397360036413056e-01 3.114474283113336517e-01 2.324761037778789174e-01 8.693673190714611143e-02 0.000000000000000000e+00
3.850000000000000000e+03 1.540083494960582389e-01 3.697086936731907025e-01 3.100819299044151323e-01 2.317933545744196577e-01 8.841602184797450747e-02 0.000000000000000000e+00
3.875000000000000000e+03 1.550084037135650572e-01 3.680018206645425671e-01 3.115612198452434867e-01 2.379380974055530229e-01 8.249886208466089554e-02 0.000000000000000000e+00
3.900000000000000000e+03 1.560084579310718755e-01 3.651570323167956378e-01 3.134956759217114031e-01 2.486345015930814806e-01 7.271279016841146470e-02 0.000000000000000000e+00
3.925000000000000000e+03 1.570085121485786939e-01 3.599226217569412856e-01 3.162266727355484974e-01 2.526172052799271484e-01 7.123350022758306865e-02 0.000000000000000000e+00
3.950000000000000000e+03 1.580085663660857342e-01 3.595812471552116696e-01 3.131543013199817871e-01 2.472690031861629611e-01 7.999544833864360993e-02 0.000000000000000000e+00
3.975000000000000000e+03 1.590086205835925526e-01 3.558261265361857273e-01 3.158852981338188259e-01 2.480655439235320836e-01 8.022303140646336317e-02 0.000000000000000000e+00
4.000000000000000000e+03 1.600086748010993709e-01 3.549157942649067143e-01 3.173645880746472359e-01 2.529585798816568198e-01 7.476103777878925771e-02 0.000000000000000000e+00
4.025000000000000000e+03 1.610087290186061892e-01 3.641329085116067343e-01 3.148611743286299225e-01 2.473827947200728239e-01 7.362312243969049153e-02 0.000000000000000000e+00
4.050000000000000000e+03 1.620087832361130076e-01 3.610605370960400795e-01 3.105370960400546387e-01 2.446517979062357850e-01 8.375056895766955223e-02 0.000000000000000000e+00
4.075000000000000000e+03 1.630088374536200480e-01 3.685707783340919641e-01 3.123577605826126646e-01 2.486345015930814806e-01 7.043695949021393232e-02 0.000000000000000000e+00
4.100000000000000000e+03 1.640088916711268663e-01 3.587847064178424916e-01 3.138370505234410746e-01 2.593309057806099105e-01 6.804733727810650945e-02 0.000000000000000000e+00
4.125000000000000000e+03 1.650089458886336846e-01 3.620846609012289274e-01 3.183887118798361393e-01 2.592171142467000200e-01 6.030951297223486468e-02 0.000000000000000000e+00
4.150000000000000000e+03 1.660090001061405030e-01 3.567364588074647402e-01 3.149749658625398130e-01 2.636549840691852498e-01 6.463359126081019701e-02 0.000000000000000000e+00
4.175000000000000000e+03 1.670090543236475433e-01 3.550295857988165493e-01 3.177059626763768518e-01 2.602412380518889234e-01 6.702321347291761988e-02 0.000000000000000000e+00
4.200000000000000000e+03 1.680091085411543617e-01 3.550295857988165493e-01 3.202093764223941652e-01 2.597860719162494170e-01 6.497496586253982687e-02 0.000000000000000000e+00
4.225000000000000000e+03 1.690091627586611800e-01 3.568502503413745752e-01 3.207783340919435622e-01 2.600136549840691980e-01 6.235776058261265076e-02 0.000000000000000000e+00
4.250000000000000000e+03 1.700092169761679983e-01 3.552571688666363303e-01 3.216886663632225751e-01 2.591033227127901850e-01 6.395084205735093730e-02 0.000000000000000000e+00
4.275000000000000000e+03 1.710092711936750387e-01 3.608329540282202985e-01 3.191852526172052618e-01 2.563723258989530907e-01 6.360946745562130744e-02 0.000000000000000000e+00
4.300000000000000000e+03 1.720093254111818570e-01 3.555985434683659463e-01 3.225989986345015881e-01 2.577378243058716656e-01 6.406463359126081392e-02 0.000000000000000000e+00
4.325000000000000000e+03 1.730093796286886754e-01 3.520710059171597850e-01 3.191852526172052618e-01 2.619481110605371144e-01 6.679563040509786664e-02 0.000000000000000000e+00
4.350000000000000000e+03 1.740094338461954937e-01 3.615157032316795860e-01 3.161128812016386069e-01 2.583067819754210070e-01 6.406463359126081392e-02 0.000000000000000000e+00
4.375000000000000000e+03 1.750094880637025341e-01 3.639053254437870089e-01 3.132680928538916776e-01 2.562585343650432557e-01 6.656804733727811341e-02 0.000000000000000000e+00
4.400000000000000000e+03 1.760095422812093524e-01 3.652708238507055283e-01 3.145197997269003065e-01 2.525034137460173134e-01 6.770596267637687959e-02 0.000000000000000000e+00
4.425000000000000000e+03 1.770095964987161707e-01 3.734638142922166448e-01 3.126991351843422806e-01 2.482931269913518368e-01 6.554392353208920996e-02 0.000000000000000000e+00
4.450000000000000000e+03 1.780096507162229891e-01 3.692535275375511961e-01 3.117888029130632677e-01 2.562585343650432557e-01 6.269913518434228061e-02 0.000000000000000000e+00
4.475000000000000000e+03 1.790097049337300295e-01 3.739189804278561513e-01 3.133818843878015681e-01 2.534137460172963263e-01 5.928538916704597511e-02 0.000000000000000000e+00
4.500000000000000000e+03 1.800097591512368478e-01 3.687983614019116896e-01 3.216886663632225751e-01 2.465862539827036737e-01 6.292671825216203385e-02 0.000000000000000000e+00
4.525000000000000000e+03 1.810098133687436661e-01 3.707328174783796060e-01 3.249886208466090110e-01 2.431725079654073751e-01 6.110605370960400795e-02 0.000000000000000000e+00
4.550000000000000000e+03 1.820098675862504845e-01 3.625398270368684339e-01 3.336367774237596895e-01 2.419208010923987184e-01 6.190259444697314428e-02 0.000000000000000000e+00
4.575000000000000000e+03 1.830099218037573028e-01 3.708466090122894965e-01 3.328402366863905115e-01 2.309968138370505353e-01 6.531634046426945672e-02 0.000000000000000000e+00
4.600000000000000000e+03 1.840099760212643432e-01 3.749431042330450548e-01 3.346609012289485929e-01 2.335002275830678209e-01 5.689576695493855224e-02 0.000000000000000000e+00
4.625000000000000000e+03 1.850100302387711615e-01 3.685707783340919641e-01 3.369367319071461253e-01 2.305416477014110288e-01 6.395084205735093730e-02 0.000000000000000000e+00
4.650000000000000000e+03 1.860100844562779798e-01 3.757396449704141772e-01 3.343195266272189214e-01 2.258761948111060458e-01 6.406463359126081392e-02 0.000000000000000000e+00
4.675000000000000000e+03 1.870101386737847982e-01 3.781292671825216001e-01 3.392125625853436577e-01 2.197314519799726806e-01 6.292671825216203385e-02 0.000000000000000000e+00
4.700000000000000000e+03 1.880101928912918385e-01 3.736913973600364258e-01 3.442193900773782289e-01 2.197314519799726806e-01 6.235776058261265076e-02 0.000000000000000000e+00
4.725000000000000000e+03 1.890102471087986569e-01 3.744879380974055483e-01 3.491124260355029651e-01 2.232589895311788697e-01 5.314064633591260994e-02 0.000000000000000000e+00
4.750000000000000000e+03 1.900103013263054752e-01 3.789258079198907780e-01 3.501365498406918686e-01 2.168866636322257513e-01 5.405097860719162289e-02 0.000000000000000000e+00
4.775000000000000000e+03 1.910103555438122935e-01 3.797223486572599005e-01 3.449021392808375164e-01 2.158625398270368756e-01 5.951297223486572835e-02 0.000000000000000000e+00
4.800000000000000000e+03 1.920104097613193339e-01 3.842740100136549652e-01 3.462676376877560358e-01 2.172280382339553950e-01 5.223031406463359005e-02 0.000000000000000000e+00
4.825000000000000000e+03 1.930104639788261522e-01 3.829085116067364458e-01 3.497951752389621971e-01 2.184797451069640517e-01 4.881656804733727761e-02 0.000000000000000000e+00
4.850000000000000000e+03 1.940105181963329706e-01 3.806326809285389134e-01 3.489986345015930747e-01 2.210969503868912278e-01 4.927173418297678409e-02 0.000000000000000000e+00
4.875000000000000000e+03 1.950105724138397889e-01 3.855257168866636497e-01 3.441055985434683384e-01 2.151797906235776159e-01 5.518889394629039602e-02 0.000000000000000000e+00
4.900000000000000000e+03 1.960106266313468293e-01 3.977014110150204895e-01 3.421711424670004775e-01 2.105143377332726329e-01 4.961310878470642088e-02 0.000000000000000000e+00
4.925000000000000000e+03 1.970106808488536476e-01 3.971324533454710926e-01 3.416021847974510806e-01 2.105143377332726329e-01 5.075102412380518707e-02 0.000000000000000000e+00
4.950000000000000000e+03 1.980107350663604660e-01 3.920118343195266308e-01 3.480883022303140617e-01 2.094902139280837572e-01 5.040964952207555722e-02 0.000000000000000000e+00
4.975000000000000000e+03 1.990107892838672843e-01 3.945152480655439442e-01 3.388711879836140417e-01 2.126763768775603025e-01 5.393718707328174627e-02 0.000000000000000000e+00
5.000000000000000000e+03 2.000108435013743247e-01 3.891670459717797015e-01 3.403504779244423961e-01 2.123350022758306865e-01 5.814747382794720199e-02 0.000000000000000000e+00
5.025000000000000000e+03 2.010108977188811430e-01 3.925807919890760278e-01 3.426263086026399840e-01 2.107419208010923861e-01 5.405097860719162289e-02 0.000000000000000000e+00
5.050000000000000000e+03 2.020109519363879613e-01 3.923532089212562468e-01 3.442193900773782289e-01 2.071005917159763343e-01 5.632680928538916915e-02 0.000000000000000000e+00
5.075000000000000000e+03 2.030110061538947797e-01 3.892808375056895920e-01 3.491124260355029651e-01 2.107419208010923861e-01 5.086481565771506369e-02 0.000000000000000000e+00
5.100000000000000000e+03 2.040110603714015980e-01 3.991807009558488994e-01 3.435366408739189970e-01 2.045971779699590487e-01 5.268548020027309653e-02 0.000000000000000000e+00
5.125000000000000000e+03 2.050111145889086384e-01 3.953117888029130667e-01 3.444469731451980099e-01 2.107419208010923861e-01 4.949931725079653733e-02 0.000000000000000000e+00
5.150000000000000000e+03 2.060111688064154567e-01 3.918980427856167403e-01 3.438780154756486129e-01 2.108557123350022766e-01 5.336822940373236318e-02 0.000000000000000000e+00
5.175000000000000000e+03 2.070112230239222750e-01 3.918980427856167403e-01 3.463814292216659263e-01 2.088074647246244975e-01 5.291306326809285671e-02 0.000000000000000000e+00
5.200000000000000000e+03 2.080112772414290934e-01 4.000910332271279124e-01 3.402366863905325611e-01 2.069868001820664438e-01 5.268548020027309653e-02 0.000000000000000000e+00
5.225000000000000000e+03 2.090113314589361337e-01 3.989531178880291185e-01 3.354574419663177154e-01 2.142694583522985752e-01 5.131998179335457710e-02 0.000000000000000000e+00
5.250000000000000000e+03 2.100113856764429521e-01 4.006599908966773094e-01 3.338643604915794150e-01 2.141556668183887124e-01 5.131998179335457710e-02 0.000000000000000000e+00
5.275000000000000000e+03 2.110114398939497704e-01 4.071461083295402905e-01 3.327264451524806765e-01 2.076695493855257035e-01 5.245789713245334329e-02 0.000000000000000000e+00
5.300000000000000000e+03 2.120114941114565887e-01 3.991807009558488994e-01 3.351160673645880994e-01 2.138142922166590687e-01 5.188893946290396020e-02 0.000000000000000000e+00
5.325000000000000000e+03 2.130115483289636291e-01 4.027082385070550608e-01 3.355712335002276059e-01 2.069868001820664438e-01 5.473372781065088954e-02 0.000000000000000000e+00
5.350000000000000000e+03 2.140116025464704475e-01 4.065771506599908935e-01 3.329540282203004020e-01 2.092626308602640040e-01 5.120619025944470049e-02 0.000000000000000000e+00
5.375000000000000000e+03 2.150116567639772658e-01 4.024806554392353353e-01 3.337505689576695245e-01 2.085798816568047442e-01 5.518889394629039602e-02 0.000000000000000000e+00
5.400000000000000000e+03 2.160117109814840841e-01 4.139736003641328876e-01 3.342057350933090309e-01 2.028903049613108855e-01 4.893035958124715423e-02 0.000000000000000000e+00
5.425000000000000000e+03 2.170117651989911245e-01 4.135184342284933812e-01 3.304506144742830887e-01 2.034592626308602548e-01 5.257168866636321991e-02 0.000000000000000000e+00
5.450000000000000000e+03 2.180118194164979428e-01 4.165908056440600915e-01 3.315885298133818826e-01 2.025489303595812418e-01 4.927173418297678409e-02 0.000000000000000000e+00
5.475000000000000000e+03 2.190118736340047612e-01 4.127218934911242587e-01 3.318161128812016636e-01 2.014110150204824756e-01 5.405097860719162289e-02 0.000000000000000000e+00
5.500000000000000000e+03 2.200119278515115795e-01 4.083978152025489194e-01 3.362539827036868378e-01 2.019799726900318726e-01 5.336822940373236318e-02 0.000000000000000000e+00
5.525000000000000000e+03 2.210119820690183978e-01 4.151115157032316816e-01 3.337505689576695245e-01 2.009558488848429691e-01 5.018206645425580398e-02 0.000000000000000000e+00
5.550000000000000000e+03 2.220120362865254382e-01 4.169321802457897075e-01 3.264679107874374209e-01 1.992489758761948060e-01 5.735093309057805872e-02 0.000000000000000000e+00
5.575000000000000000e+03 2.230120905040322565e-01 4.243286299499317016e-01 3.246472462448793950e-01 1.923076923076923184e-01 5.871643149749658508e-02 0.000000000000000000e+00
5.600000000000000000e+03 2.240121447215390749e-01 4.228493400091033472e-01 3.304506144742830887e-01 1.918525261720528119e-01 5.484751934456076616e-02 0.000000000000000000e+00
5.625000000000000000e+03 2.250121989390458932e-01 4.231907146108329631e-01 3.322712790168411701e-01 1.892353208921256358e-01 5.530268548020027264e-02 0.000000000000000000e+00
5.650000000000000000e+03 2.260122531565529336e-01 4.272872098315885214e-01 3.310195721438324856e-01 1.900318616294947582e-01 5.166135639508420696e-02 0.000000000000000000e+00
5.675000000000000000e+03 2.270123073740597519e-01 4.236458807464724696e-01 3.280609922621757213e-01 1.927628584433318248e-01 5.553026854802002588e-02 0.000000000000000000e+00
