# itime ezz other fcc hcp bcc ico
0.000000000000000000e+00 0.000000000000000000e+00 0.000000000000000000e+00 1.000000000000000000e+00 0.000000000000000000e+00 0.000000000000000000e+00 0.000000000000000000e+00
5.000000000000000000e+01 2.000063632482840248e-03 0.000000000000000000e+00 1.000000000000000000e+00 0.000000000000000000e+00 0.000000000000000000e+00 0.000000000000000000e+00
1.000000000000000000e+02 4.000127264965902540e-03 0.000000000000000000e+00 1.000000000000000000e+00 0.000000000000000000e+00 0.000000000000000000e+00 0.000000000000000000e+00
1.500000000000000000e+02 6.000190897448742788e-03 0.000000000000000000e+00 1.000000000000000000e+00 0.000000000000000000e+00 0.000000000000000000e+00 0.000000000000000000e+00
2.000000000000000000e+02 8.000254529931583036e-03 0.000000000000000000e+00 1.000000000000000000e+00 0.000000000000000000e+00 0.000000000000000000e+00 0.000000000000000000e+00
2.500000000000000000e+02 1.000031816241464533e-02 0.000000000000000000e+00 1.000000000000000000e+00 0.000000000000000000e+00 0.000000000000000000e+00 0.000000000000000000e+00
3.000000000000000000e+02 1.200038179489748558e-02 0.000000000000000000e+00 1.000000000000000000e+00 0.000000000000000000e+00 0.000000000000000000e+00 0.000000000000000000e+00
3.500000000000000000e+02 1.400044542738032582e-02 0.000000000000000000e+00 1.000000000000000000e+00 0.000000000000000000e+00 0.000000000000000000e+00 0.000000000000000000e+00
4.000000000000000000e+02 1.600050905986316607e-02 0.000000000000000000e+00 1.000000000000000000e+00 0.000000000000000000e+00 0.000000000000000000e+00 0.000000000000000000e+00
4.500000000000000000e+02 1.800057269234622837e-02 0.000000000000000000e+00 1.000000000000000000e+00 0.000000000000000000e+00 0.000000000000000000e+00 0.000000000000000000e+00
5.000000000000000000e+02 2.000063632482906861e-02 0.000000000000000000e+00 1.000000000000000000e+00 0.000000000000000000e+00 0.000000000000000000e+00 0.000000000000000000e+00
5.500000000000000000e+02 2.200069995731190886e-02 0.000000000000000000e+00 1.000000000000000000e+00 0.000000000000000000e+00 0.000000000000000000e+00 0.000000000000000000e+00
6.000000000000000000e+02 2.400076358979497115e-02 0.000000000000000000e+00 1.000000000000000000e+00 0.000000000000000000e+00 0.000000000000000000e+00 0.000000000000000000e+00
6.500000000000000000e+02 2.600082722227781140e-02 0.000000000000000000e+00 1.000000000000000000e+00 0.000000000000000000e+00 0.000000000000000000e+00 0.000000000000000000e+00
7.000000000000000000e+02 2.800089085476065165e-02 0.000000000000000000e+00 1.000000000000000000e+00 0.000000000000000000e+00 0.000000000000000000e+00 0.000000000000000000e+00
7.500000000000000000e+02 3.000095448724371394e-02 0.000000000000000000e+00 1.000000000000000000e+00 0.000000000000000000e+00 0.000000000000000000e+00 0.000000000000000000e+00
8.000000000000000000e+02 3.200101811972655419e-02 0.000000000000000000e+00 1.000000000000000000e+00 0.000000000000000000e+00 0.000000000000000000e+00 0.000000000000000000e+00
8.500000000000000000e+02 3.400108175220939444e-02 0.000000000000000000e+00 1.000000000000000000e+00 0.000000000000000000e+00 0.000000000000000000e+00 0.000000000000000000e+00
9.000000000000000000e+02 3.600114538469223469e-02 0.000000000000000000e+00 1.000000000000000000e+00 0.000000000000000000e+00 0.000000000000000000e+00 0.000000000000000000e+00
9.500000000000000000e+02 3.800120901717529698e-02 0.000000000000000000e+00 1.000000000000000000e+00 0.000000000000000000e+00 0.000000000000000000e+00 0.000000000000000000e+00
1.000000000000000000e+03 4.000127264965813723e-02 0.000000000000000000e+00 1.000000000000000000e+00 0.000000000000000000e+00 0.000000000000000000e+00 0.000000000000000000e+00
1.050000000000000000e+03 4.200133628214097747e-02 0.000000000000000000e+00 1.000000000000000000e+00 0.000000000000000000e+00 0.000000000000000000e+00 0.000000000000000000e+00
1.100000000000000000e+03 4.400139991462403977e-02 0.000000000000000000e+00 1.000000000000000000e+00 0.000000000000000000e+00 0.000000000000000000e+00 0.000000000000000000e+00
1.150000000000000000e+03 4.600146354710688001e-02 0.000000000000000000e+00 1.000000000000000000e+00 0.000000000000000000e+00 0.000000000000000000e+00 0.000000000000000000e+00
1.200000000000000000e+03 4.800152717958972026e-02 0.000000000000000000e+00 1.000000000000000000e+00 0.000000000000000000e+00 0.000000000000000000e+00 0.000000000000000000e+00
1.250000000000000000e+03 5.000159081207278255e-02 0.000000000000000000e+00 1.000000000000000000e+00 0.000000000000000000e+00 0.000000000000000000e+00 0.000000000000000000e+00
1.300000000000000000e+03 5.200165444455562280e-02 0.000000000000000000e+00 1.000000000000000000e+00 0.000000000000000000e+00 0.000000000000000000e+00 0.000000000000000000e+00
1.350000000000000000e+03 5.400171807703846305e-02 0.000000000000000000e+00 1.000000000000000000e+00 0.000000000000000000e+00 0.000000000000000000e+00 0.000000000000000000e+00
1.400000000000000000e+03 5.600178170952152534e-02 0.000000000000000000e+00 1.000000000000000000e+00 0.000000000000000000e+00 0.000000000000000000e+00 0.000000000000000000e+00
1.450000000000000000e+03 5.800184534200436559e-02 0.000000000000000000e+00 1.000000000000000000e+00 0.000000000000000000e+00 0.000000000000000000e+00 0.000000000000000000e+00
1.500000000000000000e+03 6.000190897448720584e-02 0.000000000000000000e+00 1.000000000000000000e+00 0.000000000000000000e+00 0.000000000000000000e+00 0.000000000000000000e+00
1.550000000000000000e+03 6.200197260697004609e-02 1.137915339098771066e-04 9.998862084660901095e-01 0.000000000000000000e+00 0.000000000000000000e+00 0.000000000000000000e+00
1.600000000000000000e+03 6.400203623945310838e-02 0.000000000000000000e+00 1.000000000000000000e+00 0.000000000000000000e+00 0.000000000000000000e+00 0.000000000000000000e+00
1.650000000000000000e+03 6.600209987193594863e-02 2.275830678197542133e-04 9.997724169321802190e-01 0.000000000000000000e+00 0.000000000000000000e+00 0.000000000000000000e+00
1.700000000000000000e+03 6.800216350441878888e-02 0.000000000000000000e+00 1.000000000000000000e+00 0.000000000000000000e+00 0.000000000000000000e+00 0.000000000000000000e+00
1.750000000000000000e+03 7.000222713690185117e-02 1.137915339098771066e-04 9.998862084660901095e-01 0.000000000000000000e+00 0.000000000000000000e+00 0.000000000000000000e+00
1.800000000000000000e+03 7.200229076938469142e-02 0.000000000000000000e+00 1.000000000000000000e+00 0.000000000000000000e+00 0.000000000000000000e+00 0.000000000000000000e+00
1.850000000000000000e+03 7.400235440186753166e-02 2.275830678197542133e-04 9.997724169321802190e-01 0.000000000000000000e+00 0.000000000000000000e+00 0.000000000000000000e+00
1.900000000000000000e+03 7.600241803435059396e-02 4.551661356395084266e-04 9.995448338643604380e-01 0.000000000000000000e+00 0.000000000000000000e+00 0.000000000000000000e+00
1.950000000000000000e+03 7.800248166683343420e-02 0.000000000000000000e+00 1.000000000000000000e+00 0.000000000000000000e+00 0.000000000000000000e+00 0.000000000000000000e+00
2.000000000000000000e+03 8.000254529931627445e-02 0.000000000000000000e+00 1.000000000000000000e+00 0.000000000000000000e+00 0.000000000000000000e+00 0.000000000000000000e+00
2.050000000000000000e+03 8.200260893179911470e-02 0.000000000000000000e+00 1.000000000000000000e+00 0.000000000000000000e+00 0.000000000000000000e+00 0.000000000000000000e+00
2.100000000000000000e+03 8.400267256428217699e-02 2.275830678197542133e-04 9.997724169321802190e-01 0.000000000000000000e+00 0.000000000000000000e+00 0.000000000000000000e+00
2.150000000000000000e+03 8.600273619676501724e-02 0.000000000000000000e+00 1.000000000000000000e+00 0.000000000000000000e+00 0.000000000000000000e+00 0.000000000000000000e+00
2.200000000000000000e+03 8.800279982924785749e-02 2.275830678197542133e-04 9.997724169321802190e-01 0.000000000000000000e+00 0.000000000000000000e+00 0.000000000000000000e+00
2.250000000000000000e+03 9.000286346173091978e-02 9.103322712790168532e-04 9.990896677287209870e-01 0.000000000000000000e+00 0.000000000000000000e+00 0.000000000000000000e+00
2.300000000000000000e+03 9.200292709421376003e-02 5.689576695493854790e-04 9.992034592626308775e-01 0.000000000000000000e+00 2.275830678197542133e-04 0.000000000000000000e+00
2.350000000000000000e+03 9.400299072669660028e-02 6.827492034592626399e-04 9.993172507965407680e-01 0.000000000000000000e+00 0.000000000000000000e+00 0.000000000000000000e+00
2.400000000000000000e+03 9.600305435917966257e-02 1.365498406918525280e-03 9.986345015930814251e-01 0.000000000000000000e+00 0.000000000000000000e+00 0.000000000000000000e+00
2.450000000000000000e+03 9.800311799166250282e-02 5.689576695493854790e-04 9.994310423304506585e-01 0.000000000000000000e+00 0.000000000000000000e+00 0.000000000000000000e+00
2.500000000000000000e+03 1.000031816241453431e-01 2.844788347746927612e-03 9.969276285844332897e-01 0.000000000000000000e+00 2.275830678197542133e-04 0.000000000000000000e+00
2.550000000000000000e+03 1.020032452566284054e-01 2.503413746017296455e-03 9.972690031861629611e-01 0.000000000000000000e+00 2.275830678197542133e-04 0.000000000000000000e+00
2.600000000000000000e+03 1.040033088891112456e-01 3.413746017296313308e-03 9.961310878470641672e-01 0.000000000000000000e+00 4.551661356395084266e-04 0.000000000000000000e+00
2.650000000000000000e+03 1.060033725215940859e-01 3.186162949476558769e-03 9.964724624487938387e-01 0.000000000000000000e+00 3.413746017296313199e-04 0.000000000000000000e+00
2.700000000000000000e+03 1.080034361540769261e-01 5.006827492034592909e-03 9.948793809740554828e-01 0.000000000000000000e+00 1.137915339098771066e-04 0.000000000000000000e+00
2.750000000000000000e+03 1.100034997865599884e-01 8.534365043240782836e-03 9.911242603550295405e-01 0.000000000000000000e+00 3.413746017296313199e-04 0.000000000000000000e+00
2.800000000000000000e+03 1.120035634190428286e-01 1.263086026399635846e-02 9.862312243969049153e-01 0.000000000000000000e+00 1.137915339098770958e-03 0.000000000000000000e+00
2.850000000000000000e+03 1.140036270515256689e-01 1.308602639963586667e-02 9.852071005917160118e-01 0.000000000000000000e+00 1.706873008648156654e-03 0.000000000000000000e+00
2.900000000000000000e+03 1.160036906840087312e-01 1.900318616294947513e-02 9.784934000910332497e-01 0.000000000000000000e+00 2.503413746017296455e-03 0.000000000000000000e+00
2.950000000000000000e+03 1.180037543164915714e-01 3.868912152935821691e-02 9.547109695038689114e-01 0.000000000000000000e+00 6.599908966772872511e-03 0.000000000000000000e+00
3.000000000000000000e+03 1.200038179489744117e-01 7.544378698224851743e-02 8.917842512517069054e-01 0.000000000000000000e+00 3.277196176604460498e-02 0.000000000000000000e+00
3.050000000000000000e+03 1.220038815814574740e-01 2.038006372325898985e-01 5.852298588984979899e-01 0.000000000000000000e+00 2.109695038689121394e-01 0.000000000000000000e+00
3.100000000000000000e+03 1.240039452139403142e-01 3.761948111060536837e-01 1.978834774692762866e-01 2.275830678197542133e-04 4.256941283568502765e-01 0.000000000000000000e+00
3.150000000000000000e+03 1.260040088464231545e-01 3.645880746472462408e-01 1.214155666818388657e-01 0.000000000000000000e+00 5.139963586709148657e-01 0.000000000000000000e+00
3.200000000000000000e+03 1.280040724789059947e-01 3.594674556213017791e-01 1.441738734638143005e-01 3.413746017296313199e-04 4.960172963131542767e-01 0.000000000000000000e+00
3.250000000000000000e+03 1.300041361113890570e-01 3.775603095129722586e-01 1.461083295402822169e-01 2.275830678197542133e-04 4.761037778789258268e-01 0.000000000000000000e+00
3.300000000000000000e+03 1.320041997438718973e-01 3.434228493400091065e-01 1.571461083295402905e-01 9.103322712790168532e-04 4.985207100591715901e-01 0.000000000000000000e+00
3.350000000000000000e+03 1.340042633763547375e-01 3.784706417842512716e-01 1.024123805188894010e-01 3.186162949476558769e-03 5.159308147473827821e-01 0.000000000000000000e+00
3.400000000000000000e+03 1.360043270088377998e-01 3.594674556213017791e-01 1.206190259444697294e-01 9.444697314519799256e-03 5.104688211197087044e-01 0.000000000000000000e+00
3.450000000000000000e+03 1.380043906413206400e-01 3.554847519344560558e-01 1.588529813381884259e-01 2.617205279927173334e-02 4.594902139280837572e-01 0.000000000000000000e+00
3.500000000000000000e+03 1.400044542738034803e-01 3.582157487482931502e-01 1.670459717796995980e-01 5.814747382794720199e-02 4.165908056440600915e-01 0.000000000000000000e+00
3.550000000000000000e+03 1.420045179062865426e-01 3.718707328174783999e-01 1.703459262630860338e-01 8.932635411925353430e-02 3.684569868001820736e-01 0.000000000000000000e+00
3.600000000000000000e+03 1.440045815387693828e-01 3.817705962676377074e-01 1.631770596267637652e-01 1.036640873918980438e-01 3.513882567137004975e-01 0.000000000000000000e+00
3.650000000000000000e+03 1.460046451712522231e-01 3.965634956759216956e-01 1.731907146108329631e-01 1.248293126991351781e-01 3.054164770141101770e-01 0.000000000000000000e+00
3.700000000000000000e+03 1.480047088037352854e-01 4.081702321347291940e-01 1.787664997724169313e-01 1.687528447883477334e-01 2.443104233045061413e-01 0.000000000000000000e+00
3.750000000000000000e+03 1.500047724362181256e-01 4.301319981793354508e-01 1.869594902139280757e-01 1.886663632225762388e-01 1.942421483841602070e-01 0.000000000000000000e+00
3.800000000000000000e+03 1.520048360687009659e-01 4.228493400091033472e-01 2.084660901228948537e-01 1.999317250796540657e-01 1.687528447883477334e-01 0.000000000000000000e+00
3.850000000000000000e+03 1.540048997011838061e-01 4.351388256713700775e-01 2.064178425125170746e-01 1.986800182066454368e-01 1.597633136094674666e-01 0.000000000000000000e+00
3.900000000000000000e+03 1.560049633336668684e-01 4.284251251706873154e-01 2.102867546654528796e-01 2.020937642239417353e-01 1.591943559399180697e-01 0.000000000000000000e+00
3.950000000000000000e+03 1.580050269661497087e-01 4.211424670004551563e-01 2.242831133363677731e-01 2.061902594446973214e-01 1.483841602184797492e-01 0.000000000000000000e+00
4.000000000000000000e+03 1.600050905986325489e-01 4.333181611288119961e-01 2.165452890304961353e-01 1.983386436049157930e-01 1.517979062357760478e-01 0.000000000000000000e+00
4.050000000000000000e+03 1.620051542311156112e-01 4.334319526627218866e-01 2.134729176149294527e-01 2.012972234865725851e-01 1.517979062357760478e-01 0.000000000000000000e+00
4.100000000000000000e+03 1.640052178635984514e-01 4.283113336367774249e-01 2.217796995903504875e-01 2.074419663177059503e-01 1.424670004551661373e-01 0.000000000000000000e+00
4.150000000000000000e+03 1.660052814960812917e-01 4.386663632225762388e-01 2.239417387346381294e-01 2.126763768775603025e-01 1.247155211652253015e-01 0.000000000000000000e+00
4.200000000000000000e+03 1.680053451285643540e-01 4.475421028675466428e-01 2.209831588529813373e-01 2.071005917159763343e-01 1.243741465634956717e-01 0.000000000000000000e+00
4.250000000000000000e+03 1.700054087610471942e-01 4.398042785616750328e-01 2.171142467000455045e-01 2.115384615384615363e-01 1.315430131998179264e-01 0.000000000000000000e+00
4.300000000000000000e+03 1.720054723935300345e-01 4.404870277651342647e-01 2.213245334547109811e-01 2.162039144287664916e-01 1.219845243513882627e-01 0.000000000000000000e+00
4.350000000000000000e+03 1.740055360260128747e-01 4.451524806554392200e-01 2.240555302685480199e-01 2.208693673190714746e-01 1.099226217569412856e-01 0.000000000000000000e+00
4.400000000000000000e+03 1.760055996584959370e-01 4.530040964952207760e-01 2.214383249886208438e-01 2.177969959035047920e-01 1.077605826126536159e-01 0.000000000000000000e+00
4.450000000000000000e+03 1.780056632909787773e-01 4.469731451979972459e-01 2.231451979972690070e-01 2.276968593536640995e-01 1.021847974510696339e-01 0.000000000000000000e+00
4.500000000000000000e+03 1.800057269234616175e-01 4.501593081474738467e-01 2.217796995903504875e-01 2.272416932180245652e-01 1.008192990441511144e-01 0.000000000000000000e+00
4.550000000000000000e+03 1.820057905559446798e-01 4.548247610377788019e-01 2.192762858443331742e-01 2.296313154301319881e-01 9.626763768775603580e-02 0.000000000000000000e+00
4.600000000000000000e+03 1.840058541884275201e-01 4.583522985889849632e-01 2.175694128356850388e-01 2.329312699135184239e-01 9.114701866181156020e-02 0.000000000000000000e+00
4.650000000000000000e+03 1.860059178209103603e-01 4.692762858443331742e-01 2.060764679107874309e-01 2.322485207100591642e-01 9.239872553482020301e-02 0.000000000000000000e+00
4.700000000000000000e+03 1.880059814533934226e-01 4.706417842512516936e-01 2.090350477924442507e-01 2.313381884387801513e-01 8.898497951752389057e-02 0.000000000000000000e+00
4.750000000000000000e+03 1.900060450858762628e-01 4.670004551661356418e-01 2.125625853436504398e-01 2.319071461083295482e-01 8.852981338188438409e-02 0.000000000000000000e+00
4.800000000000000000e+03 1.920061087183591031e-01 4.765589440145653333e-01 2.077833409194355940e-01 2.336140191169776836e-01 8.204369594902138907e-02 0.000000000000000000e+00
4.850000000000000000e+03 1.940061723508421654e-01 4.767865270823850588e-01 2.089212562585343602e-01 2.312243969048702885e-01 8.306781975421029252e-02 0.000000000000000000e+00
4.900000000000000000e+03 1.960062359833250056e-01 4.833864360491579304e-01 2.060764679107874309e-01 2.315657715065999045e-01 7.897132453345470648e-02 0.000000000000000000e+00
4.950000000000000000e+03 1.980062996158078459e-01 4.815657715065999045e-01 2.081247155211652378e-01 2.390760127446517891e-01 7.123350022758306865e-02 0.000000000000000000e+00
5.000000000000000000e+03 2.000063632482906861e-01 4.857760582612653533e-01 2.107419208010923861e-01 2.342967683204369711e-01 6.918525261720527564e-02 0.000000000000000000e+00
5.050000000000000000e+03 2.020064268807737484e-01 4.949931725079654288e-01 2.065316340464269373e-01 2.307692307692307820e-01 6.770596267637687959e-02 0.000000000000000000e+00
5.100000000000000000e+03 2.040064905132565887e-01 4.984069185252616996e-01 2.104005461993627701e-01 2.269003186162949492e-01 6.429221665908056715e-02 0.000000000000000000e+00
5.150000000000000000e+03 2.060065541457394289e-01 5.038689121529358328e-01 2.064178425125170746e-01 2.205279927173418308e-01 6.918525261720527564e-02 0.000000000000000000e+00
5.200000000000000000e+03 2.080066177782224912e-01 4.995448338643604935e-01 2.135867091488393155e-01 2.147246244879381094e-01 7.214383249886208160e-02 0.000000000000000000e+00
5.250000000000000000e+03 2.100066814107053315e-01 5.009103322712790130e-01 2.111970869367319203e-01 2.183659535730541612e-01 6.952662721893490549e-02 0.000000000000000000e+00
5.300000000000000000e+03 2.120067450431881717e-01 5.009103322712790130e-01 2.089212562585343602e-01 2.148384160218479721e-01 7.532999544833864081e-02 0.000000000000000000e+00
5.350000000000000000e+03 2.140068086756712340e-01 5.027309968138370389e-01 2.052799271734183084e-01 2.144970414201183562e-01 7.749203459262631044e-02 0.000000000000000000e+00
5.400000000000000000e+03 2.160068723081540742e-01 4.951069640418752638e-01 2.110832954028220299e-01 2.148384160218479721e-01 7.897132453345470648e-02 0.000000000000000000e+00
5.450000000000000000e+03 2.180069359406369145e-01 5.087619481110605690e-01 2.158625398270368756e-01 2.059626763768775681e-01 6.941283568502502888e-02 0.000000000000000000e+00
5.500000000000000000e+03 2.200069995731197547e-01 5.098998634501593630e-01 2.172280382339553950e-01 2.035730541647701453e-01 6.929904415111515226e-02 0.000000000000000000e+00
5.550000000000000000e+03 2.220070632056028170e-01 5.000000000000000000e-01 2.164314974965862448e-01 2.027765134274009950e-01 8.079198907601274626e-02 0.000000000000000000e+00
5.600000000000000000e+03 2.240071268380856573e-01 5.039827036868457233e-01 2.150659990896677254e-01 2.030040964952207483e-01 7.794720072826581692e-02 0.000000000000000000e+00
5.650000000000000000e+03 2.260071904705684975e-01 5.018206645425580259e-01 2.269003186162949492e-01 1.967455621301775204e-01 7.453345471096950448e-02 0.000000000000000000e+00
5.700000000000000000e+03 2.280072541030515598e-01 5.047792444242148457e-01 2.314519799726900418e-01 1.995903504779244497e-01 6.417842512517069054e-02 0.000000000000000000e+00
5.750000000000000000e+03 2.300073177355344001e-01 5.119481110605370588e-01 2.348657259899863403e-01 2.008420573509330787e-01 5.234410559854346667e-02 0.000000000000000000e+00
5.800000000000000000e+03 2.320073813680172403e-01 5.079654073736914466e-01 2.354346836595357373e-01 2.012972234865725851e-01 5.530268548020027264e-02 0.000000000000000000e+00
5.850000000000000000e+03 2.340074450005003026e-01 5.142239417387346467e-01 2.303140646335912478e-01 1.946973145197997135e-01 6.076467910787437116e-02 0.000000000000000000e+00
5.900000000000000000e+03 2.360075086329831429e-01 5.069412835685025431e-01 2.341829767865270806e-01 2.034592626308602548e-01 5.541647701411014926e-02 0.000000000000000000e+00
5.950000000000000000e+03 2.380075722654659831e-01 5.128584433318160718e-01 2.388484296768320359e-01 2.022075557578516258e-01 4.608557123350022489e-02 0.000000000000000000e+00
6.000000000000000000e+03 2.400076358979490454e-01 5.158170232134728916e-01 2.375967228038234069e-01 1.970869367319071364e-01 4.949931725079653733e-02 0.000000000000000000e+00
6.050000000000000000e+03 2.420076995304318856e-01 5.095584888484296915e-01 2.445380063723258945e-01 2.002730996813837094e-01 4.563040509786071841e-02 0.000000000000000000e+00
6.100000000000000000e+03 2.440077631629147259e-01 5.094446973145198010e-01 2.512517068730086289e-01 1.978834774692762866e-01 4.142011834319526964e-02 0.000000000000000000e+00
6.150000000000000000e+03 2.460078267953975661e-01 4.997724169321802190e-01 2.562585343650432557e-01 2.006144742831133254e-01 4.335457441966317910e-02 0.000000000000000000e+00
6.200000000000000000e+03 2.480078904278806284e-01 5.014792899408283544e-01 2.579654073736913911e-01 1.970869367319071364e-01 4.346836595357305572e-02 0.000000000000000000e+00
6.250000000000000000e+03 2.500079540603634687e-01 5.005689576695493415e-01 2.613791533909877174e-01 1.966317705962676299e-01 4.142011834319526964e-02 0.000000000000000000e+00
6.300000000000000000e+03 2.520080176928463089e-01 5.004551661356395620e-01 2.641101502048247562e-01 1.966317705962676299e-01 3.880291306326809353e-02 0.000000000000000000e+00
6.350000000000000000e+03 2.540080813253293712e-01 4.977241693218024676e-01 2.703686845698680119e-01 1.918525261720528119e-01 4.005461993627674328e-02 0.000000000000000000e+00
6.400000000000000000e+03 2.560081449578122115e-01 4.988620846609012061e-01 2.662721893491124536e-01 1.923076923076923184e-01 4.255803368229403583e-02 0.000000000000000000e+00
6.450000000000000000e+03 2.580082085902950517e-01 5.017068730086481354e-01 2.699135184342285054e-01 1.865043240782885692e-01 4.187528447883477611e-02 0.000000000000000000e+00
6.500000000000000000e+03 2.600082722227781140e-01 5.054619936276740777e-01 2.738962221210741732e-01 1.818388711879836139e-01 3.880291306326809353e-02 0.000000000000000000e+00
6.550000000000000000e+03 2.620083358552609543e-01 4.898725534820209115e-01 3.008648156577150568e-01 1.726217569412835662e-01 3.664087391898043083e-02 0.000000000000000000e+00
6.600000000000000000e+03 2.640083994877437945e-01 4.864588074647246407e-01 3.147473827947200875e-01 1.700045516613563901e-01 2.878925807919890598e-02 0.000000000000000000e+00
6.650000000000000000e+03 2.660084631202266348e-01 4.800864815657714946e-01 3.303368229403732537e-01 1.657942649066909413e-01 2.378243058716431393e-02 0.000000000000000000e+00
6.700000000000000000e+03 2.680085267527096970e-01 4.816795630405097950e-01 3.378470641784251383e-01 1.568047337278106468e-01 2.366863905325443732e-02 0.000000000000000000e+00
6.750000000000000000e+03 2.700085903851925373e-01 4.725762403277196100e-01 3.477469276285844457e-01 1.580564406008193035e-01 2.162039144287665124e-02 0.000000000000000000e+00
6.800000000000000000e+03 2.720086540176753775e-01 4.699590350477924616e-01 3.552571688666363303e-01 1.570323167956304000e-01 1.775147928994082885e-02 0.000000000000000000e+00
6.850000000000000000e+03 2.740087176501584398e-01 4.679107874374146547e-01 3.661811561219845412e-01 1.491807009558488717e-01 1.672735548475193582e-02 0.000000000000000000e+00
6.900000000000000000e+03 2.760087812826412801e-01 4.631315430131998090e-01 3.771051433773327521e-01 1.453117888029130667e-01 1.445152480655439303e-02 0.000000000000000000e+00
6.950000000000000000e+03 2.780088449151241203e-01 4.621074192080109055e-01 3.816568047337278169e-01 1.395084205735093175e-01 1.672735548475193582e-02 0.000000000000000000e+00
7.000000000000000000e+03 2.800089085476071826e-01 4.580109239872553473e-01 3.899635867091488239e-01 1.382567137005006885e-01 1.365498406918525323e-02 1.137915339098771066e-04
7.050000000000000000e+03 2.820089721800900229e-01 4.597177969959034827e-01 3.928083750568957533e-01 1.337050523441055960e-01 1.376877560309512985e-02 0.000000000000000000e+00
7.100000000000000000e+03 2.840090358125728631e-01 4.542558033682294050e-01 3.929221665908056438e-01 1.391670459717797015e-01 1.365498406918525323e-02 0.000000000000000000e+00
7.150000000000000000e+03 2.860090994450559254e-01 4.485662266727355463e-01 4.011151570323168158e-01 1.408739189804278646e-01 9.444697314519799256e-03 0.000000000000000000e+00
7.200000000000000000e+03 2.880091630775387657e-01 4.458352298588985074e-01 4.024806554392353353e-01 1.413290851160673711e-01 1.035502958579881741e-02 0.000000000000000000e+00
7.250000000000000000e+03 2.900092267100216059e-01 4.452662721893491105e-01 4.065771506599908935e-01 1.395084205735093175e-01 8.648156577150659455e-03 0.000000000000000000e+00
7.300000000000000000e+03 2.920092903425044462e-01 4.360491579426490905e-01 4.137460172963131622e-01 1.395084205735093175e-01 1.069640418752844727e-02 0.000000000000000000e+00
7.350000000000000000e+03 2.940093539749875085e-01 4.384387801547565133e-01 4.122667273554847522e-01 1.405325443786982209e-01 8.761948111060537808e-03 0.000000000000000000e+00
7.400000000000000000e+03 2.960094176074703487e-01 4.360491579426490905e-01 4.163632225762403105e-01 1.373463814292216756e-01 1.024123805188893906e-02 0.000000000000000000e+00
7.450000000000000000e+03 2.980094812399531889e-01 4.347974510696404060e-01 4.171597633136094885e-01 1.374601729631315383e-01 1.058261265361857065e-02 0.000000000000000000e+00
7.500000000000000000e+03 3.000095448724362512e-01 4.296768320436959443e-01 4.194355939918070209e-01 1.409877105143377274e-01 9.899863450159307465e-03 0.000000000000000000e+00
7.550000000000000000e+03 3.020096085049190915e-01 4.307009558488848477e-01 4.202321347291761433e-01 1.383705052344105513e-01 1.069640418752844727e-02 0.000000000000000000e+00
7.600000000000000000e+03 3.040096721374019317e-01 4.341147018661811741e-01 4.211424670004551563e-01 1.356395084205735124e-01 9.103322712790167665e-03 0.000000000000000000e+00
7.650000000000000000e+03 3.060097357698849940e-01 4.344560764679107900e-01 4.229631315430131822e-01 1.348429676832043622e-01 7.737824305871643035e-03 0.000000000000000000e+00
7.700000000000000000e+03 3.080097994023678343e-01 4.293354574419663283e-01 4.278561675011379184e-01 1.339326354119253493e-01 8.875739644970414427e-03 0.000000000000000000e+00
7.750000000000000000e+03 3.100098630348506745e-01 4.299044151115157253e-01 4.301319981793354508e-01 1.319981793354574329e-01 7.965407373691398007e-03 0.000000000000000000e+00
7.800000000000000000e+03 3.120099266673335148e-01 4.376422394173873354e-01 4.263768775603095085e-01 1.267637687756031084e-01 9.217114246700046018e-03 0.000000000000000000e+00
7.850000000000000000e+03 3.140099902998165771e-01 4.297906235776058348e-01 4.357077833409194190e-01 1.261948111060537114e-01 8.306781975421027864e-03 0.000000000000000000e+00
7.900000000000000000e+03 3.160100539322994173e-01 4.344560764679107900e-01 4.375284478834774449e-01 1.206190259444697294e-01 7.396449704142011444e-03 0.000000000000000000e+00
7.950000000000000000e+03 3.180101175647822576e-01 4.305871643149749572e-01 4.408284023668638807e-01 1.193673190714610866e-01 9.217114246700046018e-03 0.000000000000000000e+00
8.000000000000000000e+03 3.200101811972653199e-01 4.221665908056440597e-01 4.477696859353664238e-01 1.216431497496586189e-01 8.306781975421027864e-03 1.137915339098771066e-04
8.050000000000000000e+03 3.220102448297481601e-01 4.270596267637687959e-01 4.453800637232590010e-01 1.209604005461993592e-01 6.599908966772872511e-03 0.000000000000000000e+00
8.100000000000000000e+03 3.240103084622310003e-01 4.250113791533909890e-01 4.460628129267182329e-01 1.216431497496586189e-01 7.282658170232134826e-03 0.000000000000000000e+00
8.150000000000000000e+03 3.260103720947140626e-01 4.251251706873008795e-01 4.490213928083750528e-01 1.187983614019117035e-01 7.055075102412380721e-03 0.000000000000000000e+00
8.200000000000000000e+03 3.280104357271969029e-01 4.193218024578971304e-01 4.511834319526626946e-01 1.217569412835685094e-01 7.737824305871643035e-03 0.000000000000000000e+00
8.250000000000000000e+03 3.300104993596797431e-01 4.274010013654984119e-01 4.493627674101046687e-01 1.157259899863450209e-01 7.510241238051888930e-03 0.000000000000000000e+00
8.300000000000000000e+03 3.320105629921628054e-01 4.262630860263996180e-01 4.473145197997269173e-01 1.162949476558944040e-01 1.012744651797906244e-02 0.000000000000000000e+00
8.350000000000000000e+03 3.340106266246456457e-01 4.264906690942193990e-01 4.482248520710059303e-01 1.178880291306326766e-01 7.396449704142011444e-03 0.000000000000000000e+00
8.400000000000000000e+03 3.360106902571284859e-01 4.261492944924897830e-01 4.490213928083750528e-01 1.190259444697314567e-01 5.803368229403732710e-03 0.000000000000000000e+00
8.450000000000000000e+03 3.380107538896113262e-01 4.266044606281292895e-01 4.484524351388256558e-01 1.190259444697314567e-01 5.917159763313609329e-03 0.000000000000000000e+00
8.500000000000000000e+03 3.400108175220943885e-01 4.244424214838415921e-01 4.486800182066454368e-01 1.191397360036413333e-01 7.737824305871643035e-03 0.000000000000000000e+00
8.550000000000000000e+03 3.420108811545772287e-01 4.222803823395539502e-01 4.511834319526626946e-01 1.193673190714610866e-01 7.168866636322257339e-03 0.000000000000000000e+00
8.600000000000000000e+03 3.440109447870600690e-01 4.222803823395539502e-01 4.551661356395084179e-01 1.145880746472462408e-01 7.965407373691398007e-03 0.000000000000000000e+00
8.650000000000000000e+03 3.460110084195431313e-01 4.208010923987255403e-01 4.541420118343195145e-01 1.178880291306326766e-01 7.168866636322257339e-03 0.000000000000000000e+00
8.700000000000000000e+03 3.480110720520259715e-01 4.198907601274465273e-01 4.566454255803368278e-01 1.181156121984524299e-01 5.348202093764223633e-03 0.000000000000000000e+00
8.750000000000000000e+03 3.500111356845088117e-01 4.258079198907601115e-01 4.498179335457441752e-01 1.174328629949931702e-01 6.941283568502503235e-03 0.000000000000000000e+00
8.800000000000000000e+03 3.520111993169918740e-01 4.259217114246700020e-01 4.514110150204824756e-01 1.164087391898042806e-01 6.258534365043240920e-03 0.000000000000000000e+00
8.850000000000000000e+03 3.540112629494747143e-01 4.267182521620391245e-01 4.478834774692762588e-01 1.191397360036413333e-01 6.258534365043240920e-03 0.000000000000000000e+00
8.900000000000000000e+03 3.560113265819575545e-01 4.244424214838415921e-01 4.478834774692762588e-01 1.201638598088302229e-01 7.510241238051888930e-03 0.000000000000000000e+00
8.950000000000000000e+03 3.580113902144403948e-01 4.233045061447428536e-01 4.516385980883022566e-01 1.192535275375512099e-01 5.803368229403732710e-03 0.000000000000000000e+00
9.000000000000000000e+03 3.600114538469234571e-01 4.252389622212107145e-01 4.514110150204824756e-01 1.176604460628129234e-01 5.689576695493855224e-03 0.000000000000000000e+00
9.050000000000000000e+03 3.620115174794062973e-01 4.278561675011379184e-01 4.464041875284479044e-01 1.199362767410104696e-01 5.803368229403732710e-03 0.000000000000000000e+00
9.100000000000000000e+03 3.640115811118891376e-01 4.277423759672280279e-01 4.472007282658170269e-01 1.191397360036413333e-01 5.917159763313609329e-03 0.000000000000000000e+00
9.150000000000000000e+03 3.660116447443721999e-01 4.316112881201638607e-01 4.413973600364132777e-01 1.186845698680018268e-01 8.306781975421027864e-03 0.000000000000000000e+00
9.200000000000000000e+03 3.680117083768550401e-01 4.352526172052799125e-01 4.345698680018206805e-01 1.225534820209376458e-01 7.624032771961766417e-03 0.000000000000000000e+00
9.250000000000000000e+03 3.700117720093378804e-01 4.424214838416021811e-01 4.303595812471552318e-01 1.206190259444697294e-01 6.599908966772872511e-03 0.000000000000000000e+00
9.300000000000000000e+03 3.720118356418209427e-01 4.429904415111515781e-01 4.286527082385070408e-01 1.222121074192080159e-01 6.144742831133363434e-03 0.000000000000000000e+00
9.350000000000000000e+03 3.740118992743037829e-01 4.439007737824305910e-01 4.266044606281292895e-01 1.231224396904870289e-01 6.372325898953117539e-03 0.000000000000000000e+00
9.400000000000000000e+03 3.760119629067866232e-01 4.426490669094219621e-01 4.267182521620391245e-01 1.220983158852981393e-01 8.534365043240782836e-03 0.000000000000000000e+00
9.450000000000000000e+03 3.780120265392696854e-01 4.423076923076922906e-01 4.285389167045971504e-01 1.222121074192080159e-01 6.941283568502503235e-03 0.000000000000000000e+00
9.500000000000000000e+03 3.800120901717525257e-01 4.493627674101046687e-01 4.226217569412835662e-01 1.198224852071005930e-01 8.192990441511151245e-03 0.000000000000000000e+00
9.550000000000000000e+03 3.820121538042353659e-01 4.523213472917614886e-01 4.185252617205280079e-01 1.205052344105598527e-01 8.648156577150659455e-03 0.000000000000000000e+00
9.600000000000000000e+03 3.840122174367182062e-01 4.589212562585343602e-01 4.112426035502958488e-01 1.227810650887573990e-01 7.055075102412380721e-03 0.000000000000000000e+00
9.650000000000000000e+03 3.860122810692012685e-01 4.613108784706417831e-01 4.054392353208920996e-01 1.259672280382339582e-01 7.282658170232134826e-03 0.000000000000000000e+00
9.700000000000000000e+03 3.880123447016841087e-01 4.700728265817022966e-01 4.043013199817933612e-01 1.154984069185252676e-01 1.012744651797906244e-02 0.000000000000000000e+00
9.750000000000000000e+03 3.900124083341669490e-01 4.713245334547109811e-01 4.054392353208920996e-01 1.131087847064178448e-01 1.012744651797906244e-02 0.000000000000000000e+00
9.800000000000000000e+03 3.920124719666500113e-01 4.601729631315429891e-01 4.123805188893946427e-01 1.173190714610832935e-01 1.012744651797906244e-02 0.000000000000000000e+00
9.850000000000000000e+03 3.940125355991328515e-01 4.624487938097405770e-01 4.050978607191624836e-01 1.208466090122894826e-01 1.160673645880746542e-02 0.000000000000000000e+00
9.900000000000000000e+03 3.960125992316156918e-01 4.674556213017751483e-01 4.008875739644970349e-01 1.220983158852981393e-01 9.558488848429677609e-03 0.000000000000000000e+00
9.950000000000000000e+03 3.980126628640987541e-01 4.684797451069640517e-01 4.005461993627674189e-01 1.225534820209376458e-01 8.420573509330906217e-03 0.000000000000000000e+00
1.000000000000000000e+04 4.000127264965815943e-01 4.688211197086936677e-01 3.987255348202093930e-01 1.217569412835685094e-01 1.069640418752844727e-02 0.000000000000000000e+00
1.005000000000000000e+04 4.020127901290644346e-01 4.765589440145653333e-01 3.908739189804278369e-01 1.209604005461993592e-01 1.160673645880746542e-02 0.000000000000000000e+00
1.010000000000000000e+04 4.040128537615472748e-01 4.779244424214838527e-01 3.887118798361401950e-01 1.225534820209376458e-01 1.081019572143832562e-02 0.000000000000000000e+00
1.015000000000000000e+04 4.060129173940303371e-01 4.812243969048702885e-01 3.845015930814747462e-01 1.219845243513882627e-01 1.217569412835685025e-02 1.137915339098771066e-04
1.020000000000000000e+04 4.080129810265131773e-01 4.828174783796085334e-01 3.835912608101957333e-01 1.227810650887573990e-01 1.081019572143832562e-02 0.000000000000000000e+00
1.025000000000000000e+04 4.100130446589960176e-01 4.838416021847974369e-01 3.789258079198907780e-01 1.261948111060537114e-01 1.103777878925807886e-02 0.000000000000000000e+00
1.030000000000000000e+04 4.120131082914790799e-01 4.854346836595357373e-01 3.776741010468820936e-01 1.260810195721438209e-01 1.081019572143832562e-02 0.000000000000000000e+00
1.035000000000000000e+04 4.140131719239619201e-01 4.918070095584888279e-01 3.744879380974055483e-01 1.225534820209376458e-01 1.115157032316795548e-02 0.000000000000000000e+00
1.040000000000000000e+04 4.160132355564447604e-01 4.881656804733727761e-01 3.738051888939463163e-01 1.267637687756031084e-01 1.126536185707783383e-02 0.000000000000000000e+00
1.045000000000000000e+04 4.180132991889278227e-01 4.959035047792444417e-01 3.666363222576240477e-01 1.242603550295857950e-01 1.319981793354574502e-02 0.000000000000000000e+00
1.050000000000000000e+04 4.200133628214106629e-01 4.960172963131542767e-01 3.648156577150660218e-01 1.282430587164314906e-01 1.092398725534820224e-02 0.000000000000000000e+00
1.055000000000000000e+04 4.220134264538935032e-01 4.978379608557123581e-01 3.594674556213017791e-01 1.325671370050068298e-01 1.012744651797906244e-02 0.000000000000000000e+00
1.060000000000000000e+04 4.240134900863765655e-01 4.919208010923987184e-01 3.606053709604005730e-01 1.382567137005006885e-01 9.217114246700046018e-03 0.000000000000000000e+00
1.065000000000000000e+04 4.260135537188594057e-01 4.981793354574419741e-01 3.550295857988165493e-01 1.363222576240327721e-01 1.046882111970869403e-02 0.000000000000000000e+00
1.070000000000000000e+04 4.280136173513422460e-01 5.003413746017296715e-01 3.546882111970869333e-01 1.366636322257624159e-01 8.306781975421027864e-03 0.000000000000000000e+00
1.075000000000000000e+04 4.300136809838250862e-01 5.055757851615839682e-01 3.468365953573054328e-01 1.370050068274920319e-01 1.058261265361857065e-02 0.000000000000000000e+00
1.080000000000000000e+04 4.320137446163081485e-01 5.030723714155667103e-01 3.484296768320436777e-01 1.395084205735093175e-01 8.989531178880291046e-03 0.000000000000000000e+00
1.085000000000000000e+04 4.340138082487909887e-01 4.960172963131542767e-01 3.550295857988165493e-01 1.409877105143377274e-01 7.965407373691398007e-03 0.000000000000000000e+00
1.090000000000000000e+04 4.360138718812738290e-01 4.967000455166135642e-01 3.493400091033226906e-01 1.423532089212562468e-01 1.160673645880746542e-02 0.000000000000000000e+00
1.095000000000000000e+04 4.380139355137568913e-01 5.061447428311333097e-01 3.499089667728720876e-01 1.339326354119253493e-01 1.001365498406918582e-02 0.000000000000000000e+00
1.100000000000000000e+04 4.400139991462397315e-01 5.135411925352754148e-01 3.472917614929449392e-01 1.282430587164314906e-01 1.092398725534820224e-02 0.000000000000000000e+00
1.105000000000000000e+04 4.420140627787225718e-01 5.091033227127901295e-01 3.522985889849795105e-01 1.283568502503413811e-01 1.024123805188893906e-02 0.000000000000000000e+00
1.110000000000000000e+04 4.440141264112056341e-01 5.083067819754210070e-01 3.578743741465634787e-01 1.247155211652253015e-01 9.103322712790167665e-03 0.000000000000000000e+00
1.115000000000000000e+04 4.460141900436884743e-01 5.038689121529358328e-01 3.642467000455166248e-01 1.232362312243969055e-01 8.648156577150659455e-03 0.000000000000000000e+00
1.120000000000000000e+04 4.480142536761713146e-01 5.002275830678197810e-01 3.654984069185252538e-01 1.241465634956759184e-01 1.012744651797906244e-02 0.000000000000000000e+00
1.125000000000000000e+04 4.500143173086541548e-01 4.937414656349567443e-01 3.753982703686845612e-01 1.200500682749203463e-01 1.081019572143832562e-02 0.000000000000000000e+00
1.130000000000000000e+04 4.520143809411372171e-01 4.895311788802912956e-01 3.792671825216203940e-01 1.223258989531178925e-01 8.875739644970414427e-03 0.000000000000000000e+00
1.135000000000000000e+04 4.540144445736200574e-01 4.871415566681838727e-01 3.807464724624488039e-01 1.223258989531178925e-01 9.786071916249430847e-03 0.000000000000000000e+00
