# itime ezz other fcc hcp bcc ico
0.000000000000000000e+00 0.000000000000000000e+00 0.000000000000000000e+00 1.000000000000000000e+00 0.000000000000000000e+00 0.000000000000000000e+00 0.000000000000000000e+00
5.000000000000000000e+01 1.999980067350026758e-03 0.000000000000000000e+00 1.000000000000000000e+00 0.000000000000000000e+00 0.000000000000000000e+00 0.000000000000000000e+00
1.000000000000000000e+02 3.999960134699831471e-03 0.000000000000000000e+00 1.000000000000000000e+00 0.000000000000000000e+00 0.000000000000000000e+00 0.000000000000000000e+00
1.500000000000000000e+02 5.999940202049858229e-03 0.000000000000000000e+00 1.000000000000000000e+00 0.000000000000000000e+00 0.000000000000000000e+00 0.000000000000000000e+00
2.000000000000000000e+02 7.999920269399884987e-03 0.000000000000000000e+00 1.000000000000000000e+00 0.000000000000000000e+00 0.000000000000000000e+00 0.000000000000000000e+00
2.500000000000000000e+02 9.999900336749689700e-03 0.000000000000000000e+00 1.000000000000000000e+00 0.000000000000000000e+00 0.000000000000000000e+00 0.000000000000000000e+00
3.000000000000000000e+02 1.199988040409971646e-02 0.000000000000000000e+00 1.000000000000000000e+00 0.000000000000000000e+00 0.000000000000000000e+00 0.000000000000000000e+00
3.500000000000000000e+02 1.399986047144952117e-02 0.000000000000000000e+00 1.000000000000000000e+00 0.000000000000000000e+00 0.000000000000000000e+00 0.000000000000000000e+00
4.000000000000000000e+02 1.599984053879954793e-02 0.000000000000000000e+00 1.000000000000000000e+00 0.000000000000000000e+00 0.000000000000000000e+00 0.000000000000000000e+00
4.500000000000000000e+02 1.799982060614957469e-02 0.000000000000000000e+00 1.000000000000000000e+00 0.000000000000000000e+00 0.000000000000000000e+00 0.000000000000000000e+00
5.000000000000000000e+02 1.999980067349937940e-02 0.000000000000000000e+00 1.000000000000000000e+00 0.000000000000000000e+00 0.000000000000000000e+00 0.000000000000000000e+00
5.500000000000000000e+02 2.199978074084940616e-02 0.000000000000000000e+00 1.000000000000000000e+00 0.000000000000000000e+00 0.000000000000000000e+00 0.000000000000000000e+00
6.000000000000000000e+02 2.399976080819943292e-02 0.000000000000000000e+00 1.000000000000000000e+00 0.000000000000000000e+00 0.000000000000000000e+00 0.000000000000000000e+00
6.500000000000000000e+02 2.599974087554923763e-02 0.000000000000000000e+00 1.000000000000000000e+00 0.000000000000000000e+00 0.000000000000000000e+00 0.000000000000000000e+00
7.000000000000000000e+02 2.799972094289926439e-02 0.000000000000000000e+00 1.000000000000000000e+00 0.000000000000000000e+00 0.000000000000000000e+00 0.000000000000000000e+00
7.500000000000000000e+02 2.999970101024929114e-02 0.000000000000000000e+00 1.000000000000000000e+00 0.000000000000000000e+00 0.000000000000000000e+00 0.000000000000000000e+00
8.000000000000000000e+02 3.199968107759909586e-02 0.000000000000000000e+00 1.000000000000000000e+00 0.000000000000000000e+00 0.000000000000000000e+00 0.000000000000000000e+00
8.500000000000000000e+02 3.399966114494912262e-02 0.000000000000000000e+00 1.000000000000000000e+00 0.000000000000000000e+00 0.000000000000000000e+00 0.000000000000000000e+00
9.000000000000000000e+02 3.599964121229914937e-02 0.000000000000000000e+00 1.000000000000000000e+00 0.000000000000000000e+00 0.000000000000000000e+00 0.000000000000000000e+00
9.500000000000000000e+02 3.799962127964895409e-02 0.000000000000000000e+00 1.000000000000000000e+00 0.000000000000000000e+00 0.000000000000000000e+00 0.000000000000000000e+00
1.000000000000000000e+03 3.999960134699898084e-02 0.000000000000000000e+00 1.000000000000000000e+00 0.000000000000000000e+00 0.000000000000000000e+00 0.000000000000000000e+00
1.050000000000000000e+03 4.199958141434878556e-02 0.000000000000000000e+00 1.000000000000000000e+00 0.000000000000000000e+00 0.000000000000000000e+00 0.000000000000000000e+00
1.100000000000000000e+03 4.399956148169881232e-02 0.000000000000000000e+00 1.000000000000000000e+00 0.000000000000000000e+00 0.000000000000000000e+00 0.000000000000000000e+00
1.150000000000000000e+03 4.599954154904883907e-02 0.000000000000000000e+00 1.000000000000000000e+00 0.000000000000000000e+00 0.000000000000000000e+00 0.000000000000000000e+00
1.200000000000000000e+03 4.799952161639864379e-02 0.000000000000000000e+00 1.000000000000000000e+00 0.000000000000000000e+00 0.000000000000000000e+00 0.000000000000000000e+00
1.250000000000000000e+03 4.999950168374867054e-02 0.000000000000000000e+00 1.000000000000000000e+00 0.000000000000000000e+00 0.000000000000000000e+00 0.000000000000000000e+00
1.300000000000000000e+03 5.199948175109869730e-02 0.000000000000000000e+00 1.000000000000000000e+00 0.000000000000000000e+00 0.000000000000000000e+00 0.000000000000000000e+00
1.350000000000000000e+03 5.399946181844850202e-02 0.000000000000000000e+00 1.000000000000000000e+00 0.000000000000000000e+00 0.000000000000000000e+00 0.000000000000000000e+00
1.400000000000000000e+03 5.599944188579852877e-02 0.000000000000000000e+00 1.000000000000000000e+00 0.000000000000000000e+00 0.000000000000000000e+00 0.000000000000000000e+00
1.450000000000000000e+03 5.799942195314855553e-02 0.000000000000000000e+00 1.000000000000000000e+00 0.000000000000000000e+00 0.000000000000000000e+00 0.000000000000000000e+00
1.500000000000000000e+03 5.999940202049836024e-02 0.000000000000000000e+00 1.000000000000000000e+00 0.000000000000000000e+00 0.000000000000000000e+00 0.000000000000000000e+00
1.550000000000000000e+03 6.199938208784838700e-02 0.000000000000000000e+00 1.000000000000000000e+00 0.000000000000000000e+00 0.000000000000000000e+00 0.000000000000000000e+00
1.600000000000000000e+03 6.399936215519819172e-02 0.000000000000000000e+00 1.000000000000000000e+00 0.000000000000000000e+00 0.000000000000000000e+00 0.000000000000000000e+00
1.650000000000000000e+03 6.599934222254821847e-02 0.000000000000000000e+00 1.000000000000000000e+00 0.000000000000000000e+00 0.000000000000000000e+00 0.000000000000000000e+00
1.700000000000000000e+03 6.799932228989824523e-02 0.000000000000000000e+00 1.000000000000000000e+00 0.000000000000000000e+00 0.000000000000000000e+00 0.000000000000000000e+00
1.750000000000000000e+03 6.999930235724804994e-02 2.275830678197542133e-04 9.997724169321802190e-01 0.000000000000000000e+00 0.000000000000000000e+00 0.000000000000000000e+00
1.800000000000000000e+03 7.199928242459807670e-02 1.137915339098771066e-04 9.998862084660901095e-01 0.000000000000000000e+00 0.000000000000000000e+00 0.000000000000000000e+00
1.850000000000000000e+03 7.399926249194810346e-02 0.000000000000000000e+00 1.000000000000000000e+00 0.000000000000000000e+00 0.000000000000000000e+00 0.000000000000000000e+00
1.900000000000000000e+03 7.599924255929790817e-02 4.551661356395084266e-04 9.995448338643604380e-01 0.000000000000000000e+00 0.000000000000000000e+00 0.000000000000000000e+00
1.950000000000000000e+03 7.799922262664793493e-02 1.137915339098771066e-04 9.998862084660901095e-01 0.000000000000000000e+00 0.000000000000000000e+00 0.000000000000000000e+00
2.000000000000000000e+03 7.999920269399796169e-02 0.000000000000000000e+00 1.000000000000000000e+00 0.000000000000000000e+00 0.000000000000000000e+00 0.000000000000000000e+00
2.050000000000000000e+03 8.199918276134776640e-02 3.413746017296313199e-04 9.996586253982703285e-01 0.000000000000000000e+00 0.000000000000000000e+00 0.000000000000000000e+00
2.100000000000000000e+03 8.399916282869779316e-02 4.551661356395084266e-04 9.994310423304506585e-01 0.000000000000000000e+00 1.137915339098771066e-04 0.000000000000000000e+00
2.150000000000000000e+03 8.599914289604781992e-02 6.827492034592626399e-04 9.993172507965407680e-01 0.000000000000000000e+00 0.000000000000000000e+00 0.000000000000000000e+00
2.200000000000000000e+03 8.799912296339762463e-02 2.275830678197542133e-04 9.996586253982703285e-01 0.000000000000000000e+00 1.137915339098771066e-04 0.000000000000000000e+00
2.250000000000000000e+03 8.999910303074765139e-02 9.103322712790168532e-04 9.990896677287209870e-01 0.000000000000000000e+00 0.000000000000000000e+00 0.000000000000000000e+00
2.300000000000000000e+03 9.199908309809745610e-02 6.827492034592626399e-04 9.993172507965407680e-01 0.000000000000000000e+00 0.000000000000000000e+00 0.000000000000000000e+00
2.350000000000000000e+03 9.399906316544748286e-02 9.103322712790168532e-04 9.989758761948110966e-01 0.000000000000000000e+00 1.137915339098771066e-04 0.000000000000000000e+00
2.400000000000000000e+03 9.599904323279750962e-02 3.641329085116067413e-03 9.962448793809740577e-01 0.000000000000000000e+00 1.137915339098771066e-04 0.000000000000000000e+00
2.450000000000000000e+03 9.799902330014731433e-02 3.527537551206190360e-03 9.962448793809740577e-01 0.000000000000000000e+00 2.275830678197542133e-04 0.000000000000000000e+00
2.500000000000000000e+03 9.999900336749734109e-02 3.868912152935821518e-03 9.957897132453344957e-01 0.000000000000000000e+00 3.413746017296313199e-04 0.000000000000000000e+00
2.550000000000000000e+03 1.019989834348473678e-01 4.665452890304961318e-03 9.949931725079653733e-01 0.000000000000000000e+00 3.413746017296313199e-04 0.000000000000000000e+00
2.600000000000000000e+03 1.039989635021971726e-01 3.641329085116067413e-03 9.963586709148839482e-01 0.000000000000000000e+00 0.000000000000000000e+00 0.000000000000000000e+00
2.650000000000000000e+03 1.059989435695471993e-01 6.941283568502503235e-03 9.927173418297678964e-01 0.000000000000000000e+00 3.413746017296313199e-04 0.000000000000000000e+00
2.700000000000000000e+03 1.079989236368972261e-01 7.510241238051888930e-03 9.920345926263085534e-01 0.000000000000000000e+00 4.551661356395084266e-04 0.000000000000000000e+00
2.750000000000000000e+03 1.099989037042470308e-01 1.103777878925807886e-02 9.883932635411925016e-01 0.000000000000000000e+00 5.689576695493854790e-04 0.000000000000000000e+00
2.800000000000000000e+03 1.119988837715970575e-01 1.001365498406918582e-02 9.891898042785616241e-01 0.000000000000000000e+00 7.965407373691396923e-04 0.000000000000000000e+00
2.850000000000000000e+03 1.139988638389468623e-01 1.331360946745562164e-02 9.858898497951752438e-01 0.000000000000000000e+00 7.965407373691396923e-04 0.000000000000000000e+00
2.900000000000000000e+03 1.159988439062968890e-01 1.524806554392353283e-02 9.831588529813382049e-01 0.000000000000000000e+00 1.593081474738279385e-03 0.000000000000000000e+00
2.950000000000000000e+03 1.179988239736469158e-01 3.060992262175694228e-02 9.654073736913973969e-01 0.000000000000000000e+00 3.982703686845699004e-03 0.000000000000000000e+00
3.000000000000000000e+03 1.199988040409967205e-01 4.699590350477924477e-02 9.380974055530268974e-01 0.000000000000000000e+00 1.490669094219390124e-02 0.000000000000000000e+00
3.050000000000000000e+03 1.219987841083467472e-01 1.348429676832043622e-01 7.687756030951297115e-01 0.000000000000000000e+00 9.638142922166591242e-02 0.000000000000000000e+00
3.100000000000000000e+03 1.239987641756967740e-01 2.713928083750569153e-01 3.619708693673190925e-01 2.730996813837050560e-03 3.639053254437870089e-01 0.000000000000000000e+00
3.150000000000000000e+03 1.259987442430465787e-01 3.518434228493400040e-01 1.136777423759672279e-01 2.617205279927173507e-03 5.318616294947655643e-01 0.000000000000000000e+00
3.200000000000000000e+03 1.279987243103966055e-01 3.447883477469276259e-01 1.224396904870277691e-01 8.534365043240782836e-03 5.242375967228037892e-01 0.000000000000000000e+00
3.250000000000000000e+03 1.299987043777466322e-01 3.530951297223486329e-01 1.777423759672280279e-01 2.969959035047792587e-02 4.394629039599453613e-01 0.000000000000000000e+00
3.300000000000000000e+03 1.319986844450964369e-01 3.410332271279016836e-01 2.089212562585343602e-01 5.791989076012744875e-02 3.921256258534365213e-01 0.000000000000000000e+00
3.350000000000000000e+03 1.339986645124464637e-01 3.477469276285844457e-01 2.396449704142011861e-01 9.888484296768319803e-02 3.137232589895311841e-01 0.000000000000000000e+00
3.400000000000000000e+03 1.359986445797964905e-01 3.403504779244423961e-01 2.608101957214383204e-01 1.231224396904870289e-01 2.757168866636321991e-01 0.000000000000000000e+00
3.450000000000000000e+03 1.379986246471462952e-01 3.307919890760127601e-01 2.652480655439235502e-01 1.473600364132908458e-01 2.565999089667728716e-01 0.000000000000000000e+00
3.500000000000000000e+03 1.399986047144963219e-01 3.365953573054164538e-01 2.832271279016841392e-01 1.659080564406008318e-01 2.142694583522985752e-01 0.000000000000000000e+00
3.550000000000000000e+03 1.419985847818461266e-01 3.574192080109239722e-01 2.930131998179335562e-01 1.805871643149749572e-01 1.689804278561675144e-01 0.000000000000000000e+00
3.600000000000000000e+03 1.439985648491961534e-01 3.590122894856622726e-01 3.137232589895311841e-01 1.892353208921256358e-01 1.380291306326809353e-01 0.000000000000000000e+00
3.650000000000000000e+03 1.459985449165461802e-01 3.534365043240783044e-01 3.271506599908966528e-01 2.097177969959035104e-01 1.096950386891215323e-01 0.000000000000000000e+00
3.700000000000000000e+03 1.479985249838959849e-01 3.571916249431042467e-01 3.383022303140646447e-01 2.182521620391442985e-01 8.625398270368685172e-02 0.000000000000000000e+00
3.750000000000000000e+03 1.499985050512460116e-01 3.593536640873918886e-01 3.437642239417387224e-01 2.311106053709603980e-01 6.577150659990896320e-02 0.000000000000000000e+00
3.800000000000000000e+03 1.519984851185960384e-01 3.540054619936277014e-01 3.546882111970869333e-01 2.241693218024579104e-01 6.713700500682749650e-02 0.000000000000000000e+00
3.850000000000000000e+03 1.539984651859458431e-01 3.429676832043696000e-01 3.709604005461993870e-01 2.296313154301319881e-01 5.644060081929904577e-02 0.000000000000000000e+00
3.900000000000000000e+03 1.559984452532958699e-01 3.343195266272189214e-01 3.929221665908056438e-01 2.243969048702776636e-01 4.836140191169777114e-02 0.000000000000000000e+00
3.950000000000000000e+03 1.579984253206458966e-01 3.336367774237596895e-01 4.168183887118798170e-01 2.089212562585343602e-01 4.062357760582612637e-02 0.000000000000000000e+00
4.000000000000000000e+03 1.599984053879957013e-01 3.152025489303595940e-01 4.454938552571688914e-01 2.015248065543923661e-01 3.777878925807919702e-02 0.000000000000000000e+00
4.050000000000000000e+03 1.619983854553457281e-01 3.080336822940373254e-01 4.601729631315429891e-01 2.023213472917614886e-01 2.947200728265816916e-02 0.000000000000000000e+00
4.100000000000000000e+03 1.639983655226955328e-01 3.007510241238051663e-01 4.729176149294492260e-01 1.987938097405552995e-01 2.753755120619025970e-02 0.000000000000000000e+00
4.150000000000000000e+03 1.659983455900455596e-01 2.955166135639508695e-01 4.840691852526172179e-01 1.998179335457442030e-01 2.059626763768775473e-02 0.000000000000000000e+00
4.200000000000000000e+03 1.679983256573955863e-01 2.815202548930359483e-01 5.017068730086481354e-01 1.973145197997268896e-01 1.945835229858898507e-02 0.000000000000000000e+00
4.250000000000000000e+03 1.699983057247453910e-01 2.758306781975420896e-01 5.077378243058716656e-01 1.964041875284478766e-01 2.002730996813837164e-02 0.000000000000000000e+00
4.300000000000000000e+03 1.719982857920954178e-01 2.629722348657259623e-01 5.267410104688211581e-01 1.968593536640873831e-01 1.342740100136549826e-02 0.000000000000000000e+00
4.350000000000000000e+03 1.739982658594454445e-01 2.652480655439235502e-01 5.343650432407829332e-01 1.900318616294947582e-01 1.035502958579881741e-02 0.000000000000000000e+00
4.400000000000000000e+03 1.759982459267952493e-01 2.527309968138370389e-01 5.473372781065088954e-01 1.906008192990441552e-01 9.330905780609922637e-03 0.000000000000000000e+00
4.450000000000000000e+03 1.779982259941452760e-01 2.439690487027765253e-01 5.498406918525261533e-01 1.959490213928083702e-01 1.024123805188893906e-02 0.000000000000000000e+00
4.500000000000000000e+03 1.799982060614953028e-01 2.320209376422394110e-01 5.629267182521620061e-01 1.935593991807009473e-01 1.149294492489758707e-02 0.000000000000000000e+00
4.550000000000000000e+03 1.819981861288451075e-01 2.274692762858443462e-01 5.694128356850249872e-01 1.921939007737824279e-01 1.092398725534820224e-02 0.000000000000000000e+00
4.600000000000000000e+03 1.839981661961951342e-01 2.258761948111060458e-01 5.754437869822485174e-01 1.910559854346836617e-01 7.624032771961766417e-03 0.000000000000000000e+00
4.650000000000000000e+03 1.859981462635451610e-01 2.249658625398270329e-01 5.738507055075102725e-01 1.892353208921256358e-01 1.194811106053709528e-02 0.000000000000000000e+00
4.700000000000000000e+03 1.879981263308949657e-01 2.221210741920801035e-01 5.839781520254893055e-01 1.846836595357305433e-01 9.217114246700046018e-03 0.000000000000000000e+00
4.750000000000000000e+03 1.899981063982449925e-01 2.056213017751479244e-01 6.071916249431041912e-01 1.781975421028675344e-01 8.989531178880291046e-03 0.000000000000000000e+00
4.800000000000000000e+03 1.919980864655947972e-01 1.941283568502503443e-01 6.209604005461993870e-01 1.747837960855712358e-01 1.012744651797906244e-02 0.000000000000000000e+00
4.850000000000000000e+03 1.939980665329448239e-01 1.850250341374601593e-01 6.321119708693673234e-01 1.735320892125625791e-01 9.330905780609922637e-03 0.000000000000000000e+00
4.900000000000000000e+03 1.959980466002948507e-01 1.812699135184342170e-01 6.380291306326809631e-01 1.735320892125625791e-01 7.168866636322257339e-03 0.000000000000000000e+00
4.950000000000000000e+03 1.979980266676446554e-01 1.778561675011379184e-01 6.441738734638142727e-01 1.693218024578971304e-01 8.648156577150659455e-03 0.000000000000000000e+00
5.000000000000000000e+03 1.999980067349946822e-01 1.717114246700045532e-01 6.520254893035958288e-01 1.705735093309057870e-01 5.689576695493855224e-03 0.000000000000000000e+00
5.050000000000000000e+03 2.019979868023447089e-01 1.670459717796995980e-01 6.574874829312699065e-01 1.689804278561675144e-01 6.486117432862995025e-03 0.000000000000000000e+00
5.100000000000000000e+03 2.039979668696945136e-01 1.615839781520254925e-01 6.661356395084205850e-01 1.668183887118798447e-01 5.461993627674101119e-03 0.000000000000000000e+00
5.150000000000000000e+03 2.059979469370445404e-01 1.604460628129267263e-01 6.711424670004552118e-01 1.635184342284934089e-01 4.893035958124715423e-03 0.000000000000000000e+00
5.200000000000000000e+03 2.079979270043945672e-01 1.550978607191624836e-01 6.832043695949021611e-01 1.576012744651797970e-01 4.096495220755575623e-03 0.000000000000000000e+00
5.250000000000000000e+03 2.099979070717443719e-01 1.471324533454710926e-01 7.003868912152936277e-01 1.489531178880291185e-01 3.527537551206190360e-03 0.000000000000000000e+00
5.300000000000000000e+03 2.119978871390943986e-01 1.438324988620846567e-01 7.093764223941738667e-01 1.429221665908056438e-01 3.868912152935821518e-03 0.000000000000000000e+00
5.350000000000000000e+03 2.139978672064444254e-01 1.332498862084660896e-01 7.142694583522986029e-01 1.478152025489303523e-01 4.665452890304961318e-03 0.000000000000000000e+00
5.400000000000000000e+03 2.159978472737942301e-01 1.330223031406463363e-01 7.154073736913973969e-01 1.497496586253982687e-01 1.820664542558033706e-03 0.000000000000000000e+00
5.450000000000000000e+03 2.179978273411442569e-01 1.323395539371870766e-01 7.134729176149294805e-01 1.514565316340464318e-01 2.730996813837050560e-03 0.000000000000000000e+00
5.500000000000000000e+03 2.199978074084940616e-01 1.323395539371870766e-01 7.129039599453800280e-01 1.525944469731451980e-01 2.162039144287664864e-03 0.000000000000000000e+00
5.550000000000000000e+03 2.219977874758440883e-01 1.323395539371870766e-01 7.115384615384615641e-01 1.533909877105143482e-01 2.730996813837050560e-03 0.000000000000000000e+00
5.600000000000000000e+03 2.239977675431941151e-01 1.364360491579426626e-01 7.034592626308602270e-01 1.579426490669094130e-01 2.162039144287664864e-03 0.000000000000000000e+00
5.650000000000000000e+03 2.259977476105439198e-01 1.349567592171142527e-01 6.997041420118342847e-01 1.630632680928539024e-01 2.275830678197541916e-03 0.000000000000000000e+00
5.700000000000000000e+03 2.279977276778939466e-01 1.273327264451524776e-01 7.063040509786071564e-01 1.645425580336822846e-01 1.820664542558033706e-03 0.000000000000000000e+00
5.750000000000000000e+03 2.299977077452439733e-01 1.241465634956759184e-01 7.082385070550750727e-01 1.654528903049612976e-01 2.162039144287664864e-03 0.000000000000000000e+00
5.800000000000000000e+03 2.319976878125937780e-01 1.230086481565771522e-01 7.099453800637232082e-01 1.656804733727810786e-01 1.365498406918525280e-03 0.000000000000000000e+00
5.850000000000000000e+03 2.339976678799438048e-01 1.253982703686845612e-01 7.076695493855257313e-01 1.653390987710514348e-01 1.593081474738279385e-03 0.000000000000000000e+00
5.900000000000000000e+03 2.359976479472938315e-01 1.228948566226672756e-01 7.090350477924441952e-01 1.654528903049612976e-01 2.617205279927173507e-03 0.000000000000000000e+00
5.950000000000000000e+03 2.379976280146436363e-01 1.218707328174783860e-01 7.092626308602639762e-01 1.663632225762403383e-01 2.503413746017296455e-03 0.000000000000000000e+00
6.000000000000000000e+03 2.399976080819936630e-01 1.255120619025944517e-01 7.049385525716886924e-01 1.668183887118798447e-01 2.730996813837050560e-03 0.000000000000000000e+00
6.050000000000000000e+03 2.419975881493434677e-01 1.282430587164314906e-01 7.025489303595812141e-01 1.660218479745106945e-01 3.186162949476558769e-03 0.000000000000000000e+00
6.100000000000000000e+03 2.439975682166934945e-01 1.283568502503413811e-01 7.044833864360491305e-01 1.649977241693217911e-01 2.162039144287664864e-03 0.000000000000000000e+00
6.150000000000000000e+03 2.459975482840435212e-01 1.235776058261265353e-01 7.077833409194356218e-01 1.653390987710514348e-01 3.299954483386436255e-03 0.000000000000000000e+00
6.200000000000000000e+03 2.479975283513933260e-01 1.231224396904870289e-01 7.078971324533455123e-01 1.667045971779699542e-01 2.275830678197541916e-03 0.000000000000000000e+00
6.250000000000000000e+03 2.499975084187433527e-01 1.235776058261265353e-01 7.075557578516158408e-01 1.672735548475193512e-01 1.593081474738279385e-03 0.000000000000000000e+00
6.300000000000000000e+03 2.519974884860933795e-01 1.265361857077833274e-01 7.060764679107874864e-01 1.660218479745106945e-01 1.365498406918525280e-03 0.000000000000000000e+00
6.350000000000000000e+03 2.539974685534431842e-01 1.241465634956759184e-01 7.075557578516158408e-01 1.648839326354119283e-01 3.413746017296313308e-03 0.000000000000000000e+00
6.400000000000000000e+03 2.559974486207932109e-01 1.253982703686845612e-01 7.074419663177059503e-01 1.647701411015020379e-01 2.389622212107419402e-03 0.000000000000000000e+00
6.450000000000000000e+03 2.579974286881432377e-01 1.225534820209376458e-01 7.084660901228948537e-01 1.659080564406008318e-01 3.072371415566681717e-03 0.000000000000000000e+00
6.500000000000000000e+03 2.599974087554930424e-01 1.243741465634956717e-01 7.064178425125170468e-01 1.672735548475193512e-01 1.934456076467910759e-03 0.000000000000000000e+00
6.550000000000000000e+03 2.619973888228430692e-01 1.250568957669549452e-01 7.022075557578516536e-01 1.688666363222576239e-01 3.868912152935821518e-03 0.000000000000000000e+00
6.600000000000000000e+03 2.639973688901930959e-01 1.288120163859808875e-01 7.000455166135639562e-01 1.668183887118798447e-01 4.324078288575329727e-03 0.000000000000000000e+00
6.650000000000000000e+03 2.659973489575429006e-01 1.290395994538006408e-01 6.991351843422849432e-01 1.694355939918070209e-01 2.389622212107419402e-03 0.000000000000000000e+00
6.700000000000000000e+03 2.679973290248929274e-01 1.300637232589895442e-01 6.966317705962676854e-01 1.704597177969958965e-01 2.844788347746927612e-03 0.000000000000000000e+00
6.750000000000000000e+03 2.699973090922427321e-01 1.337050523441055960e-01 6.928766499772417431e-01 1.711424670004551563e-01 2.275830678197541916e-03 0.000000000000000000e+00
6.800000000000000000e+03 2.719972891595927589e-01 1.312016385980883104e-01 6.926490669094219621e-01 1.726217569412835662e-01 3.527537551206190360e-03 0.000000000000000000e+00
6.850000000000000000e+03 2.739972692269427856e-01 1.332498862084660896e-01 6.939007737824305355e-01 1.697769685935366368e-01 3.072371415566681717e-03 0.000000000000000000e+00
6.900000000000000000e+03 2.759972492942925903e-01 1.367774237596722786e-01 6.927628584433318526e-01 1.664770141101502010e-01 3.982703686845699004e-03 0.000000000000000000e+00
6.950000000000000000e+03 2.779972293616426171e-01 1.390532544378698110e-01 6.883249886208465673e-01 1.673873463814292140e-01 5.234410559854347014e-03 0.000000000000000000e+00
7.000000000000000000e+03 2.799972094289926439e-01 1.436049157942649035e-01 6.826354119253527086e-01 1.681838871187983642e-01 5.575785161583977738e-03 0.000000000000000000e+00
7.050000000000000000e+03 2.819971894963424486e-01 1.403049613108784677e-01 6.832043695949021611e-01 1.705735093309057870e-01 5.917159763313609329e-03 0.000000000000000000e+00
7.100000000000000000e+03 2.839971695636924753e-01 1.447428311333636697e-01 6.770596267637687404e-01 1.723941738734638129e-01 5.803368229403732710e-03 0.000000000000000000e+00
7.150000000000000000e+03 2.859971496310425021e-01 1.486117432862995025e-01 6.751251706873008240e-01 1.701183431952662806e-01 6.144742831133363434e-03 0.000000000000000000e+00
7.200000000000000000e+03 2.879971296983923068e-01 1.538461538461538547e-01 6.694355939918069653e-01 1.706873008648156498e-01 6.030951297223486815e-03 0.000000000000000000e+00
7.250000000000000000e+03 2.899971097657423336e-01 1.569185252617205373e-01 6.601046882111970548e-01 1.748975876194810986e-01 8.079198907601274626e-03 0.000000000000000000e+00
7.300000000000000000e+03 2.919970898330921383e-01 1.603322712790168358e-01 6.546426945835229771e-01 1.775147928994082747e-01 7.510241238051888930e-03 0.000000000000000000e+00
7.350000000000000000e+03 2.939970699004421650e-01 1.640873918980427781e-01 6.492944924897587899e-01 1.810423304506144637e-01 5.575785161583977738e-03 0.000000000000000000e+00
7.400000000000000000e+03 2.959970499677921918e-01 1.762630860263996457e-01 6.312016385980883104e-01 1.861629494765589532e-01 6.372325898953117539e-03 0.000000000000000000e+00
7.450000000000000000e+03 2.979970300351419965e-01 1.862767410104688159e-01 6.191397360036413611e-01 1.876422394173873354e-01 6.941283568502503235e-03 0.000000000000000000e+00
7.500000000000000000e+03 2.999970101024920233e-01 1.896904870277651423e-01 6.050295857988166048e-01 1.939007737824305910e-01 1.137915339098771045e-02 0.000000000000000000e+00
7.550000000000000000e+03 3.019969901698420500e-01 1.940145653163404538e-01 5.943331816112881194e-01 2.003868912152935722e-01 1.126536185707783383e-02 0.000000000000000000e+00
7.600000000000000000e+03 3.039969702371918547e-01 2.042558033682294050e-01 5.822712790168411701e-01 2.036868456986800080e-01 9.786071916249430847e-03 0.000000000000000000e+00
7.650000000000000000e+03 3.059969503045418815e-01 2.086936731907146070e-01 5.752162039144287364e-01 2.061902594446973214e-01 9.899863450159307465e-03 0.000000000000000000e+00
7.700000000000000000e+03 3.079969303718919083e-01 2.143832498862084657e-01 5.714610832954027941e-01 2.044833864360491582e-01 9.672280382339554228e-03 0.000000000000000000e+00
7.750000000000000000e+03 3.099969104392417130e-01 2.237141556668183762e-01 5.607646791078744197e-01 2.031178880291306388e-01 1.240327719617660522e-02 0.000000000000000000e+00
7.800000000000000000e+03 3.119968905065917397e-01 2.230314064633591165e-01 5.656577150659990449e-01 2.034592626308602548e-01 7.851615839781519654e-03 0.000000000000000000e+00
7.850000000000000000e+03 3.139968705739417665e-01 2.187073281747838049e-01 5.682749203459263043e-01 2.031178880291306388e-01 9.899863450159307465e-03 0.000000000000000000e+00
7.900000000000000000e+03 3.159968506412915712e-01 2.089212562585343602e-01 5.806781975421028141e-01 2.000455166135639562e-01 1.035502958579881741e-02 0.000000000000000000e+00
7.950000000000000000e+03 3.179968307086415980e-01 2.075557578516158408e-01 5.824988620846609511e-01 2.008420573509330787e-01 9.103322712790167665e-03 0.000000000000000000e+00
8.000000000000000000e+03 3.199968107759914027e-01 2.045971779699590487e-01 5.889849795175239322e-01 1.952662721893491105e-01 1.115157032316795548e-02 0.000000000000000000e+00
8.050000000000000000e+03 3.219967908433414294e-01 2.024351388256713791e-01 5.951297223486572419e-01 1.949248975876194945e-01 7.510241238051888930e-03 0.000000000000000000e+00
8.100000000000000000e+03 3.239967709106914562e-01 1.990213928083750528e-01 5.917159763313609711e-01 1.984524351388256835e-01 1.081019572143832562e-02 0.000000000000000000e+00
8.150000000000000000e+03 3.259967509780412609e-01 1.990213928083750528e-01 5.945607646791079004e-01 1.946973145197997135e-01 1.172052799271734204e-02 0.000000000000000000e+00
8.200000000000000000e+03 3.279967310453912877e-01 2.078971324533454845e-01 5.955848884842968038e-01 1.878698224852070886e-01 8.648156577150659455e-03 0.000000000000000000e+00
8.250000000000000000e+03 3.299967111127413144e-01 2.059626763768775681e-01 6.000227583067819781e-01 1.851388256713700498e-01 8.875739644970414427e-03 0.000000000000000000e+00
8.300000000000000000e+03 3.319966911800911191e-01 2.067592171142466906e-01 5.987710514337732937e-01 1.858215748748293095e-01 8.648156577150659455e-03 0.000000000000000000e+00
8.350000000000000000e+03 3.339966712474411459e-01 2.049385525716886647e-01 6.013882567137005530e-01 1.860491579426490627e-01 7.624032771961766417e-03 0.000000000000000000e+00
8.400000000000000000e+03 3.359966513147911726e-01 2.048247610377788019e-01 6.040054619936277014e-01 1.838871187983613931e-01 7.282658170232134826e-03 0.000000000000000000e+00
8.450000000000000000e+03 3.379966313821409774e-01 2.020937642239417353e-01 6.049157942649067143e-01 1.834319526627218866e-01 9.558488848429677609e-03 0.000000000000000000e+00
8.500000000000000000e+03 3.399966114494910041e-01 2.003868912152935722e-01 6.111743286299499145e-01 1.797906235776058348e-01 8.648156577150659455e-03 0.000000000000000000e+00
8.550000000000000000e+03 3.419965915168408088e-01 2.014110150204824756e-01 6.158397815202548697e-01 1.751251706873008518e-01 7.624032771961766417e-03 0.000000000000000000e+00
8.600000000000000000e+03 3.439965715841908356e-01 1.891215293582157453e-01 6.223258989531178509e-01 1.805871643149749572e-01 7.965407373691398007e-03 0.000000000000000000e+00
8.650000000000000000e+03 3.459965516515408623e-01 1.972007282658170269e-01 6.115157032316795860e-01 1.822940373236231204e-01 8.989531178880291046e-03 0.000000000000000000e+00
8.700000000000000000e+03 3.479965317188906671e-01 1.972007282658170269e-01 6.053709604005461653e-01 1.903732362312244020e-01 7.055075102412380721e-03 0.000000000000000000e+00
8.750000000000000000e+03 3.499965117862406938e-01 2.035730541647701453e-01 5.968365953573053773e-01 1.910559854346836617e-01 8.534365043240782836e-03 0.000000000000000000e+00
8.800000000000000000e+03 3.519964918535907206e-01 2.097177969959035104e-01 5.950159308147473514e-01 1.868456986800182129e-01 8.420573509330906217e-03 0.000000000000000000e+00
8.850000000000000000e+03 3.539964719209405253e-01 2.109695038689121394e-01 5.999089667728720876e-01 1.822940373236231204e-01 6.827492034592626616e-03 0.000000000000000000e+00
8.900000000000000000e+03 3.559964519882905520e-01 2.096040054619936199e-01 6.021847974510696755e-01 1.804733727810650945e-01 7.737824305871643035e-03 0.000000000000000000e+00
8.950000000000000000e+03 3.579964320556405788e-01 2.107419208010923861e-01 6.019572143832498945e-01 1.810423304506144637e-01 6.258534365043240920e-03 0.000000000000000000e+00
9.000000000000000000e+03 3.599964121229903835e-01 2.114246700045516736e-01 6.027537551206190169e-01 1.794492489758761911e-01 6.372325898953117539e-03 0.000000000000000000e+00
9.050000000000000000e+03 3.619963921903404103e-01 2.097177969959035104e-01 6.012744651797906625e-01 1.819526627218935044e-01 7.055075102412380721e-03 0.000000000000000000e+00
9.100000000000000000e+03 3.639963722576904370e-01 2.081247155211652378e-01 5.993400091033227461e-01 1.828629949931725174e-01 9.672280382339554228e-03 0.000000000000000000e+00
9.150000000000000000e+03 3.659963523250402417e-01 2.109695038689121394e-01 5.964952207555758168e-01 1.847974510696404060e-01 7.737824305871643035e-03 0.000000000000000000e+00
9.200000000000000000e+03 3.679963323923902685e-01 2.084660901228948537e-01 6.049157942649067143e-01 1.805871643149749572e-01 6.030951297223486815e-03 0.000000000000000000e+00
9.250000000000000000e+03 3.699963124597400732e-01 2.041420118343195145e-01 6.106053709604005730e-01 1.788802913063268218e-01 6.372325898953117539e-03 0.000000000000000000e+00
9.300000000000000000e+03 3.719962925270901000e-01 2.045971779699590487e-01 6.066226672735548497e-01 1.819526627218935044e-01 6.827492034592626616e-03 0.000000000000000000e+00
9.350000000000000000e+03 3.739962725944401267e-01 2.081247155211652378e-01 6.028675466545289074e-01 1.802457897132453413e-01 8.761948111060537808e-03 0.000000000000000000e+00
9.400000000000000000e+03 3.759962526617899314e-01 2.057350933090578149e-01 6.036640873918980299e-01 1.837733272644515303e-01 6.827492034592626616e-03 0.000000000000000000e+00
9.450000000000000000e+03 3.779962327291399582e-01 2.102867546654528796e-01 6.007055075102412101e-01 1.799044151115156975e-01 9.103322712790167665e-03 0.000000000000000000e+00
9.500000000000000000e+03 3.799962127964899850e-01 2.094902139280837572e-01 5.985434683659536237e-01 1.817250796540737234e-01 1.024123805188893906e-02 0.000000000000000000e+00
9.550000000000000000e+03 3.819961928638397897e-01 2.171142467000455045e-01 5.935366408739189970e-01 1.795630405097860816e-01 9.786071916249430847e-03 0.000000000000000000e+00
9.600000000000000000e+03 3.839961729311898164e-01 2.166590805644059980e-01 5.964952207555758168e-01 1.772872098315885214e-01 9.558488848429677609e-03 0.000000000000000000e+00
9.650000000000000000e+03 3.859961529985398432e-01 2.139280837505689592e-01 5.971779699590350488e-01 1.793354574419663283e-01 9.558488848429677609e-03 0.000000000000000000e+00
9.700000000000000000e+03 3.879961330658896479e-01 2.093764223941738667e-01 5.947883477469276814e-01 1.857077833409194467e-01 1.012744651797906244e-02 0.000000000000000000e+00
9.750000000000000000e+03 3.899961131332394526e-01 2.150659990896677254e-01 5.904642694583522866e-01 1.862767410104688159e-01 8.192990441511151245e-03 0.000000000000000000e+00
9.800000000000000000e+03 3.919960932005894794e-01 2.164314974965862448e-01 5.885298133818843702e-01 1.866181156121984597e-01 8.420573509330906217e-03 0.000000000000000000e+00
9.850000000000000000e+03 3.939960732679397282e-01 2.083522985889849910e-01 5.885298133818843702e-01 1.896904870277651423e-01 1.342740100136549826e-02 0.000000000000000000e+00
9.900000000000000000e+03 3.959960533352895329e-01 2.156349567592171224e-01 5.838643604915794150e-01 1.888939462903959920e-01 1.160673645880746542e-02 0.000000000000000000e+00
9.950000000000000000e+03 3.979960334026393376e-01 2.212107419208010906e-01 5.777196176604461053e-01 1.878698224852070886e-01 1.319981793354574502e-02 0.000000000000000000e+00
1.000000000000000000e+04 3.999960134699893644e-01 2.256486117432862926e-01 5.691852526172053173e-01 1.911697769685935244e-01 1.399635867091488309e-02 0.000000000000000000e+00
1.005000000000000000e+04 4.019959935373393911e-01 2.317933545744196577e-01 5.615612198452435422e-01 1.899180700955848955e-01 1.672735548475193582e-02 0.000000000000000000e+00
1.010000000000000000e+04 4.039959736046891958e-01 2.378243058716431602e-01 5.613336367774237612e-01 1.845698680018206528e-01 1.627218934911242587e-02 0.000000000000000000e+00
1.015000000000000000e+04 4.059959536720390005e-01 2.361174328629949970e-01 5.659990896677287164e-01 1.817250796540737234e-01 1.615839781520254925e-02 0.000000000000000000e+00
1.020000000000000000e+04 4.079959337393892493e-01 2.258761948111060458e-01 5.737369139736003820e-01 1.832043695949021334e-01 1.718252162039144229e-02 0.000000000000000000e+00
1.025000000000000000e+04 4.099959138067392761e-01 2.214383249886208438e-01 5.821574874829312796e-01 1.860491579426490627e-01 1.035502958579881741e-02 0.000000000000000000e+00
1.030000000000000000e+04 4.119958938740890808e-01 2.287209831588529751e-01 5.764679107874374209e-01 1.854802002730996935e-01 9.330905780609922637e-03 0.000000000000000000e+00
1.035000000000000000e+04 4.139958739414388855e-01 2.254210286754665393e-01 5.779472007282657753e-01 1.884387801547564856e-01 8.192990441511151245e-03 0.000000000000000000e+00
1.040000000000000000e+04 4.159958540087889123e-01 2.289485662266727284e-01 5.706645425580336717e-01 1.861629494765589532e-01 1.422394173873463806e-02 0.000000000000000000e+00
1.045000000000000000e+04 4.179958340761391611e-01 2.373691397360036537e-01 5.622439690487027741e-01 1.894629039599453890e-01 1.092398725534820224e-02 0.000000000000000000e+00
1.050000000000000000e+04 4.199958141434887438e-01 2.366863905325443662e-01 5.538233955393718766e-01 1.991351843422849432e-01 1.035502958579881741e-02 0.000000000000000000e+00
1.055000000000000000e+04 4.219957942108385485e-01 2.288347746927628656e-01 5.549613108784706705e-01 2.063040509786071841e-01 9.899863450159307465e-03 0.000000000000000000e+00
1.060000000000000000e+04 4.239957742781887973e-01 2.279244424214838527e-01 5.589440145653163938e-01 2.049385525716886647e-01 8.192990441511151245e-03 0.000000000000000000e+00
1.065000000000000000e+04 4.259957543455388240e-01 2.309968138370505353e-01 5.612198452435138707e-01 1.979972690031861493e-01 9.786071916249430847e-03 0.000000000000000000e+00
1.070000000000000000e+04 4.279957344128886287e-01 2.386208466090122826e-01 5.636094674556213491e-01 1.896904870277651423e-01 8.079198907601274626e-03 0.000000000000000000e+00
1.075000000000000000e+04 4.299957144802384335e-01 2.349795175238962308e-01 5.661128812016386069e-01 1.908284023668639084e-01 8.079198907601274626e-03 0.000000000000000000e+00
1.080000000000000000e+04 4.319956945475884602e-01 2.370277651342740100e-01 5.613336367774237612e-01 1.933318161128811941e-01 8.306781975421027864e-03 0.000000000000000000e+00
1.085000000000000000e+04 4.339956746149387090e-01 2.399863450159308020e-01 5.533682294037323146e-01 1.972007282658170269e-01 9.444697314519799256e-03 0.000000000000000000e+00
1.090000000000000000e+04 4.359956546822885137e-01 2.295175238962221254e-01 5.593991807009558448e-01 2.034592626308602548e-01 7.624032771961766417e-03 0.000000000000000000e+00
1.095000000000000000e+04 4.379956347496383184e-01 2.332726445152480677e-01 5.576923076923077094e-01 2.010696404187528319e-01 7.965407373691398007e-03 0.000000000000000000e+00
1.100000000000000000e+04 4.399956148169883452e-01 2.327036868456986707e-01 5.630405097860718966e-01 1.959490213928083702e-01 8.306781975421027864e-03 0.000000000000000000e+00
1.105000000000000000e+04 4.419955948843383720e-01 2.315657715065999045e-01 5.647473827947200320e-01 1.929904415111515781e-01 1.069640418752844727e-02 0.000000000000000000e+00
1.110000000000000000e+04 4.439955749516881767e-01 2.378243058716431602e-01 5.636094674556213491e-01 1.890077378243058825e-01 9.558488848429677609e-03 0.000000000000000000e+00
1.115000000000000000e+04 4.459955550190379814e-01 2.480655439235320836e-01 5.543923532089212181e-01 1.892353208921256358e-01 8.306781975421027864e-03 0.000000000000000000e+00
1.120000000000000000e+04 4.479955350863880081e-01 2.509103322712790130e-01 5.492717341829768118e-01 1.911697769685935244e-01 8.648156577150659455e-03 0.000000000000000000e+00
1.125000000000000000e+04 4.499955151537382569e-01 2.497724169321802468e-01 5.522303140646336317e-01 1.887801547564861293e-01 9.217114246700046018e-03 0.000000000000000000e+00
1.130000000000000000e+04 4.519954952210880617e-01 2.504551661356395065e-01 5.491579426490669213e-01 1.941283568502503443e-01 6.258534365043240920e-03 0.000000000000000000e+00
1.135000000000000000e+04 4.539954752884378664e-01 2.493172507965407403e-01 5.533682294037323146e-01 1.912835685025034149e-01 6.030951297223486815e-03 0.000000000000000000e+00
