# itime ezz other fcc hcp bcc ico
0.000000000000000000e+00 0.000000000000000000e+00 0.000000000000000000e+00 1.000000000000000000e+00 0.000000000000000000e+00 0.000000000000000000e+00 0.000000000000000000e+00
2.500000000000000000e+01 9.999834983642763575e-04 0.000000000000000000e+00 1.000000000000000000e+00 0.000000000000000000e+00 0.000000000000000000e+00 0.000000000000000000e+00
5.000000000000000000e+01 1.999966996728774760e-03 0.000000000000000000e+00 1.000000000000000000e+00 0.000000000000000000e+00 0.000000000000000000e+00 0.000000000000000000e+00
7.500000000000000000e+01 2.999950495093051117e-03 0.000000000000000000e+00 1.000000000000000000e+00 0.000000000000000000e+00 0.000000000000000000e+00 0.000000000000000000e+00
1.000000000000000000e+02 3.999933993457327475e-03 0.000000000000000000e+00 1.000000000000000000e+00 0.000000000000000000e+00 0.000000000000000000e+00 0.000000000000000000e+00
1.250000000000000000e+02 4.999917491821603832e-03 0.000000000000000000e+00 1.000000000000000000e+00 0.000000000000000000e+00 0.000000000000000000e+00 0.000000000000000000e+00
1.500000000000000000e+02 5.999900990186102234e-03 0.000000000000000000e+00 1.000000000000000000e+00 0.000000000000000000e+00 0.000000000000000000e+00 0.000000000000000000e+00
1.750000000000000000e+02 6.999884488550378592e-03 0.000000000000000000e+00 1.000000000000000000e+00 0.000000000000000000e+00 0.000000000000000000e+00 0.000000000000000000e+00
2.000000000000000000e+02 7.999867986914654949e-03 0.000000000000000000e+00 1.000000000000000000e+00 0.000000000000000000e+00 0.000000000000000000e+00 0.000000000000000000e+00
2.250000000000000000e+02 8.999851485279153351e-03 0.000000000000000000e+00 1.000000000000000000e+00 0.000000000000000000e+00 0.000000000000000000e+00 0.000000000000000000e+00
2.500000000000000000e+02 9.999834983643429709e-03 0.000000000000000000e+00 1.000000000000000000e+00 0.000000000000000000e+00 0.000000000000000000e+00 0.000000000000000000e+00
2.750000000000000000e+02 1.099981848200770607e-02 0.000000000000000000e+00 1.000000000000000000e+00 0.000000000000000000e+00 0.000000000000000000e+00 0.000000000000000000e+00
3.000000000000000000e+02 1.199980198037220447e-02 0.000000000000000000e+00 1.000000000000000000e+00 0.000000000000000000e+00 0.000000000000000000e+00 0.000000000000000000e+00
3.250000000000000000e+02 1.299978547873648083e-02 0.000000000000000000e+00 1.000000000000000000e+00 0.000000000000000000e+00 0.000000000000000000e+00 0.000000000000000000e+00
3.500000000000000000e+02 1.399976897710075718e-02 0.000000000000000000e+00 1.000000000000000000e+00 0.000000000000000000e+00 0.000000000000000000e+00 0.000000000000000000e+00
3.750000000000000000e+02 1.499975247546503354e-02 0.000000000000000000e+00 1.000000000000000000e+00 0.000000000000000000e+00 0.000000000000000000e+00 0.000000000000000000e+00
4.000000000000000000e+02 1.599973597382953194e-02 0.000000000000000000e+00 1.000000000000000000e+00 0.000000000000000000e+00 0.000000000000000000e+00 0.000000000000000000e+00
4.250000000000000000e+02 1.699971947219380830e-02 0.000000000000000000e+00 1.000000000000000000e+00 0.000000000000000000e+00 0.000000000000000000e+00 0.000000000000000000e+00
4.500000000000000000e+02 1.799970297055808466e-02 0.000000000000000000e+00 1.000000000000000000e+00 0.000000000000000000e+00 0.000000000000000000e+00 0.000000000000000000e+00
4.750000000000000000e+02 1.899968646892258306e-02 0.000000000000000000e+00 1.000000000000000000e+00 0.000000000000000000e+00 0.000000000000000000e+00 0.000000000000000000e+00
5.000000000000000000e+02 1.999966996728685942e-02 0.000000000000000000e+00 1.000000000000000000e+00 0.000000000000000000e+00 0.000000000000000000e+00 0.000000000000000000e+00
5.250000000000000000e+02 2.099965346565113578e-02 0.000000000000000000e+00 1.000000000000000000e+00 0.000000000000000000e+00 0.000000000000000000e+00 0.000000000000000000e+00
5.500000000000000000e+02 2.199963696401541213e-02 0.000000000000000000e+00 1.000000000000000000e+00 0.000000000000000000e+00 0.000000000000000000e+00 0.000000000000000000e+00
5.750000000000000000e+02 2.299962046237991053e-02 0.000000000000000000e+00 1.000000000000000000e+00 0.000000000000000000e+00 0.000000000000000000e+00 0.000000000000000000e+00
6.000000000000000000e+02 2.399960396074418689e-02 0.000000000000000000e+00 1.000000000000000000e+00 0.000000000000000000e+00 0.000000000000000000e+00 0.000000000000000000e+00
6.250000000000000000e+02 2.499958745910846325e-02 0.000000000000000000e+00 1.000000000000000000e+00 0.000000000000000000e+00 0.000000000000000000e+00 0.000000000000000000e+00
6.500000000000000000e+02 2.599957095747296165e-02 0.000000000000000000e+00 1.000000000000000000e+00 0.000000000000000000e+00 0.000000000000000000e+00 0.000000000000000000e+00
6.750000000000000000e+02 2.699955445583723801e-02 0.000000000000000000e+00 1.000000000000000000e+00 0.000000000000000000e+00 0.000000000000000000e+00 0.000000000000000000e+00
7.000000000000000000e+02 2.799953795420151437e-02 0.000000000000000000e+00 1.000000000000000000e+00 0.000000000000000000e+00 0.000000000000000000e+00 0.000000000000000000e+00
7.250000000000000000e+02 2.899952145256601277e-02 0.000000000000000000e+00 1.000000000000000000e+00 0.000000000000000000e+00 0.000000000000000000e+00 0.000000000000000000e+00
7.500000000000000000e+02 2.999950495093028913e-02 0.000000000000000000e+00 1.000000000000000000e+00 0.000000000000000000e+00 0.000000000000000000e+00 0.000000000000000000e+00
7.750000000000000000e+02 3.099948844929456548e-02 0.000000000000000000e+00 1.000000000000000000e+00 0.000000000000000000e+00 0.000000000000000000e+00 0.000000000000000000e+00
8.000000000000000000e+02 3.199947194765884184e-02 0.000000000000000000e+00 1.000000000000000000e+00 0.000000000000000000e+00 0.000000000000000000e+00 0.000000000000000000e+00
8.250000000000000000e+02 3.299945544602334024e-02 0.000000000000000000e+00 1.000000000000000000e+00 0.000000000000000000e+00 0.000000000000000000e+00 0.000000000000000000e+00
8.500000000000000000e+02 3.399943894438761660e-02 0.000000000000000000e+00 1.000000000000000000e+00 0.000000000000000000e+00 0.000000000000000000e+00 0.000000000000000000e+00
8.750000000000000000e+02 3.499942244275189296e-02 0.000000000000000000e+00 1.000000000000000000e+00 0.000000000000000000e+00 0.000000000000000000e+00 0.000000000000000000e+00
9.000000000000000000e+02 3.599940594111639136e-02 0.000000000000000000e+00 1.000000000000000000e+00 0.000000000000000000e+00 0.000000000000000000e+00 0.000000000000000000e+00
9.250000000000000000e+02 3.699938943948066772e-02 0.000000000000000000e+00 1.000000000000000000e+00 0.000000000000000000e+00 0.000000000000000000e+00 0.000000000000000000e+00
9.500000000000000000e+02 3.799937293784494408e-02 0.000000000000000000e+00 1.000000000000000000e+00 0.000000000000000000e+00 0.000000000000000000e+00 0.000000000000000000e+00
9.750000000000000000e+02 3.899935643620944248e-02 0.000000000000000000e+00 1.000000000000000000e+00 0.000000000000000000e+00 0.000000000000000000e+00 0.000000000000000000e+00
1.000000000000000000e+03 3.999933993457371884e-02 0.000000000000000000e+00 1.000000000000000000e+00 0.000000000000000000e+00 0.000000000000000000e+00 0.000000000000000000e+00
1.025000000000000000e+03 4.099932343293799519e-02 0.000000000000000000e+00 1.000000000000000000e+00 0.000000000000000000e+00 0.000000000000000000e+00 0.000000000000000000e+00
1.050000000000000000e+03 4.199930693130227155e-02 0.000000000000000000e+00 1.000000000000000000e+00 0.000000000000000000e+00 0.000000000000000000e+00 0.000000000000000000e+00
1.075000000000000000e+03 4.299929042966676995e-02 0.000000000000000000e+00 1.000000000000000000e+00 0.000000000000000000e+00 0.000000000000000000e+00 0.000000000000000000e+00
1.100000000000000000e+03 4.399927392803104631e-02 0.000000000000000000e+00 1.000000000000000000e+00 0.000000000000000000e+00 0.000000000000000000e+00 0.000000000000000000e+00
1.125000000000000000e+03 4.499925742639532267e-02 0.000000000000000000e+00 1.000000000000000000e+00 0.000000000000000000e+00 0.000000000000000000e+00 0.000000000000000000e+00
1.150000000000000000e+03 4.599924092475982107e-02 0.000000000000000000e+00 1.000000000000000000e+00 0.000000000000000000e+00 0.000000000000000000e+00 0.000000000000000000e+00
1.175000000000000000e+03 4.699922442312409743e-02 0.000000000000000000e+00 1.000000000000000000e+00 0.000000000000000000e+00 0.000000000000000000e+00 0.000000000000000000e+00
1.200000000000000000e+03 4.799920792148837378e-02 0.000000000000000000e+00 1.000000000000000000e+00 0.000000000000000000e+00 0.000000000000000000e+00 0.000000000000000000e+00
1.225000000000000000e+03 4.899919141985265014e-02 0.000000000000000000e+00 1.000000000000000000e+00 0.000000000000000000e+00 0.000000000000000000e+00 0.000000000000000000e+00
1.250000000000000000e+03 4.999917491821714854e-02 0.000000000000000000e+00 1.000000000000000000e+00 0.000000000000000000e+00 0.000000000000000000e+00 0.000000000000000000e+00
1.275000000000000000e+03 5.099915841658142490e-02 0.000000000000000000e+00 1.000000000000000000e+00 0.000000000000000000e+00 0.000000000000000000e+00 0.000000000000000000e+00
1.300000000000000000e+03 5.199914191494570126e-02 0.000000000000000000e+00 1.000000000000000000e+00 0.000000000000000000e+00 0.000000000000000000e+00 0.000000000000000000e+00
1.325000000000000000e+03 5.299912541331019966e-02 0.000000000000000000e+00 1.000000000000000000e+00 0.000000000000000000e+00 0.000000000000000000e+00 0.000000000000000000e+00
1.350000000000000000e+03 5.399910891167447602e-02 0.000000000000000000e+00 1.000000000000000000e+00 0.000000000000000000e+00 0.000000000000000000e+00 0.000000000000000000e+00
1.375000000000000000e+03 5.499909241003875238e-02 0.000000000000000000e+00 1.000000000000000000e+00 0.000000000000000000e+00 0.000000000000000000e+00 0.000000000000000000e+00
1.400000000000000000e+03 5.599907590840325078e-02 0.000000000000000000e+00 1.000000000000000000e+00 0.000000000000000000e+00 0.000000000000000000e+00 0.000000000000000000e+00
1.425000000000000000e+03 5.699905940676752714e-02 0.000000000000000000e+00 1.000000000000000000e+00 0.000000000000000000e+00 0.000000000000000000e+00 0.000000000000000000e+00
1.450000000000000000e+03 5.799904290513180349e-02 0.000000000000000000e+00 1.000000000000000000e+00 0.000000000000000000e+00 0.000000000000000000e+00 0.000000000000000000e+00
1.475000000000000000e+03 5.899902640349607985e-02 0.000000000000000000e+00 1.000000000000000000e+00 0.000000000000000000e+00 0.000000000000000000e+00 0.000000000000000000e+00
1.500000000000000000e+03 5.999900990186057825e-02 0.000000000000000000e+00 1.000000000000000000e+00 0.000000000000000000e+00 0.000000000000000000e+00 0.000000000000000000e+00
1.525000000000000000e+03 6.099899340022485461e-02 3.413746017296313199e-04 9.996586253982703285e-01 0.000000000000000000e+00 0.000000000000000000e+00 0.000000000000000000e+00
1.550000000000000000e+03 6.199897689858913097e-02 0.000000000000000000e+00 1.000000000000000000e+00 0.000000000000000000e+00 0.000000000000000000e+00 0.000000000000000000e+00
1.575000000000000000e+03 6.299896039695362937e-02 1.137915339098771066e-04 9.998862084660901095e-01 0.000000000000000000e+00 0.000000000000000000e+00 0.000000000000000000e+00
1.600000000000000000e+03 6.399894389531790573e-02 0.000000000000000000e+00 1.000000000000000000e+00 0.000000000000000000e+00 0.000000000000000000e+00 0.000000000000000000e+00
1.625000000000000000e+03 6.499892739368218209e-02 0.000000000000000000e+00 1.000000000000000000e+00 0.000000000000000000e+00 0.000000000000000000e+00 0.000000000000000000e+00
1.650000000000000000e+03 6.599891089204645844e-02 0.000000000000000000e+00 1.000000000000000000e+00 0.000000000000000000e+00 0.000000000000000000e+00 0.000000000000000000e+00
1.675000000000000000e+03 6.699889439041095685e-02 0.000000000000000000e+00 1.000000000000000000e+00 0.000000000000000000e+00 0.000000000000000000e+00 0.000000000000000000e+00
1.700000000000000000e+03 6.799887788877523320e-02 0.000000000000000000e+00 1.000000000000000000e+00 0.000000000000000000e+00 0.000000000000000000e+00 0.000000000000000000e+00
1.725000000000000000e+03 6.899886138713950956e-02 0.000000000000000000e+00 1.000000000000000000e+00 0.000000000000000000e+00 0.000000000000000000e+00 0.000000000000000000e+00
1.750000000000000000e+03 6.999884488550400796e-02 0.000000000000000000e+00 1.000000000000000000e+00 0.000000000000000000e+00 0.000000000000000000e+00 0.000000000000000000e+00
1.775000000000000000e+03 7.099882838386828432e-02 0.000000000000000000e+00 1.000000000000000000e+00 0.000000000000000000e+00 0.000000000000000000e+00 0.000000000000000000e+00
1.800000000000000000e+03 7.199881188223256068e-02 0.000000000000000000e+00 1.000000000000000000e+00 0.000000000000000000e+00 0.000000000000000000e+00 0.000000000000000000e+00
1.825000000000000000e+03 7.299879538059705908e-02 4.551661356395084266e-04 9.995448338643604380e-01 0.000000000000000000e+00 0.000000000000000000e+00 0.000000000000000000e+00
1.850000000000000000e+03 7.399877887896133544e-02 0.000000000000000000e+00 1.000000000000000000e+00 0.000000000000000000e+00 0.000000000000000000e+00 0.000000000000000000e+00
1.875000000000000000e+03 7.499876237732561179e-02 0.000000000000000000e+00 1.000000000000000000e+00 0.000000000000000000e+00 0.000000000000000000e+00 0.000000000000000000e+00
1.900000000000000000e+03 7.599874587568988815e-02 4.551661356395084266e-04 9.995448338643604380e-01 0.000000000000000000e+00 0.000000000000000000e+00 0.000000000000000000e+00
1.925000000000000000e+03 7.699872937405438655e-02 0.000000000000000000e+00 1.000000000000000000e+00 0.000000000000000000e+00 0.000000000000000000e+00 0.000000000000000000e+00
1.950000000000000000e+03 7.799871287241866291e-02 3.413746017296313199e-04 9.996586253982703285e-01 0.000000000000000000e+00 0.000000000000000000e+00 0.000000000000000000e+00
1.975000000000000000e+03 7.899869637078293927e-02 1.137915339098771066e-04 9.998862084660901095e-01 0.000000000000000000e+00 0.000000000000000000e+00 0.000000000000000000e+00
2.000000000000000000e+03 7.999867986914743767e-02 3.413746017296313199e-04 9.996586253982703285e-01 0.000000000000000000e+00 0.000000000000000000e+00 0.000000000000000000e+00
2.025000000000000000e+03 8.099866336751171403e-02 1.137915339098771066e-04 9.998862084660901095e-01 0.000000000000000000e+00 0.000000000000000000e+00 0.000000000000000000e+00
2.050000000000000000e+03 8.199864686587599039e-02 4.551661356395084266e-04 9.995448338643604380e-01 0.000000000000000000e+00 0.000000000000000000e+00 0.000000000000000000e+00
2.075000000000000000e+03 8.299863036424026674e-02 5.689576695493854790e-04 9.994310423304506585e-01 0.000000000000000000e+00 0.000000000000000000e+00 0.000000000000000000e+00
2.100000000000000000e+03 8.399861386260476515e-02 1.137915339098771066e-04 9.998862084660901095e-01 0.000000000000000000e+00 0.000000000000000000e+00 0.000000000000000000e+00
2.125000000000000000e+03 8.499859736096904150e-02 4.551661356395084266e-04 9.995448338643604380e-01 0.000000000000000000e+00 0.000000000000000000e+00 0.000000000000000000e+00
2.150000000000000000e+03 8.599858085933331786e-02 0.000000000000000000e+00 1.000000000000000000e+00 0.000000000000000000e+00 0.000000000000000000e+00 0.000000000000000000e+00
2.175000000000000000e+03 8.699856435769781626e-02 9.103322712790168532e-04 9.990896677287209870e-01 0.000000000000000000e+00 0.000000000000000000e+00 0.000000000000000000e+00
2.200000000000000000e+03 8.799854785606209262e-02 0.000000000000000000e+00 1.000000000000000000e+00 0.000000000000000000e+00 0.000000000000000000e+00 0.000000000000000000e+00
2.225000000000000000e+03 8.899853135442636898e-02 2.275830678197542133e-04 9.997724169321802190e-01 0.000000000000000000e+00 0.000000000000000000e+00 0.000000000000000000e+00
2.250000000000000000e+03 8.999851485279086738e-02 5.689576695493854790e-04 9.994310423304506585e-01 0.000000000000000000e+00 0.000000000000000000e+00 0.000000000000000000e+00
2.275000000000000000e+03 9.099849835115514374e-02 1.251706873008648227e-03 9.987482931269913156e-01 0.000000000000000000e+00 0.000000000000000000e+00 0.000000000000000000e+00
2.300000000000000000e+03 9.199848184951942009e-02 9.103322712790168532e-04 9.990896677287209870e-01 0.000000000000000000e+00 0.000000000000000000e+00 0.000000000000000000e+00
2.325000000000000000e+03 9.299846534788369645e-02 5.689576695493854790e-04 9.994310423304506585e-01 0.000000000000000000e+00 0.000000000000000000e+00 0.000000000000000000e+00
2.350000000000000000e+03 9.399844884624819485e-02 1.251706873008648227e-03 9.987482931269913156e-01 0.000000000000000000e+00 0.000000000000000000e+00 0.000000000000000000e+00
2.375000000000000000e+03 9.499843234461247121e-02 9.103322712790168532e-04 9.990896677287209870e-01 0.000000000000000000e+00 0.000000000000000000e+00 0.000000000000000000e+00
2.400000000000000000e+03 9.599841584297674757e-02 1.706873008648156654e-03 9.982931269913518646e-01 0.000000000000000000e+00 0.000000000000000000e+00 0.000000000000000000e+00
2.425000000000000000e+03 9.699839934134124597e-02 9.103322712790168532e-04 9.990896677287209870e-01 0.000000000000000000e+00 0.000000000000000000e+00 0.000000000000000000e+00
2.450000000000000000e+03 9.799838283970552233e-02 3.982703686845699004e-03 9.955621301775148257e-01 0.000000000000000000e+00 4.551661356395084266e-04 0.000000000000000000e+00
2.475000000000000000e+03 9.899836633806979869e-02 1.593081474738279385e-03 9.982931269913518646e-01 0.000000000000000000e+00 1.137915339098771066e-04 0.000000000000000000e+00
2.500000000000000000e+03 9.999834983643429709e-02 2.389622212107419402e-03 9.972690031861629611e-01 0.000000000000000000e+00 3.413746017296313199e-04 0.000000000000000000e+00
2.525000000000000000e+03 1.009983333347985734e-01 1.934456076467910759e-03 9.980655439235320836e-01 0.000000000000000000e+00 0.000000000000000000e+00 0.000000000000000000e+00
2.550000000000000000e+03 1.019983168331628498e-01 2.617205279927173507e-03 9.971552116522530707e-01 0.000000000000000000e+00 2.275830678197542133e-04 0.000000000000000000e+00
2.575000000000000000e+03 1.029983003315271262e-01 1.479289940828402332e-03 9.984069185252617551e-01 0.000000000000000000e+00 1.137915339098771066e-04 0.000000000000000000e+00
2.600000000000000000e+03 1.039982838298916246e-01 4.324078288575329727e-03 9.955621301775148257e-01 0.000000000000000000e+00 1.137915339098771066e-04 0.000000000000000000e+00
2.625000000000000000e+03 1.049982673282559009e-01 4.210286754665453109e-03 9.955621301775148257e-01 0.000000000000000000e+00 2.275830678197542133e-04 0.000000000000000000e+00
2.650000000000000000e+03 1.059982508266201773e-01 3.186162949476558769e-03 9.968138370505233992e-01 0.000000000000000000e+00 0.000000000000000000e+00 0.000000000000000000e+00
2.675000000000000000e+03 1.069982343249846757e-01 6.941283568502503235e-03 9.927173418297678964e-01 0.000000000000000000e+00 3.413746017296313199e-04 0.000000000000000000e+00
2.700000000000000000e+03 1.079982178233489520e-01 6.144742831133363434e-03 9.930587164314974569e-01 0.000000000000000000e+00 7.965407373691396923e-04 0.000000000000000000e+00
2.725000000000000000e+03 1.089982013217132284e-01 6.713700500682749130e-03 9.931725079654073474e-01 0.000000000000000000e+00 1.137915339098771066e-04 0.000000000000000000e+00
2.750000000000000000e+03 1.099981848200775048e-01 8.875739644970414427e-03 9.904415111515703085e-01 0.000000000000000000e+00 6.827492034592626399e-04 0.000000000000000000e+00
2.775000000000000000e+03 1.109981683184420032e-01 8.306781975421027864e-03 9.906690942193900895e-01 0.000000000000000000e+00 1.024123805188893906e-03 0.000000000000000000e+00
2.800000000000000000e+03 1.119981518168062795e-01 9.672280382339554228e-03 9.895311788802912956e-01 0.000000000000000000e+00 7.965407373691396923e-04 0.000000000000000000e+00
2.825000000000000000e+03 1.129981353151705559e-01 9.217114246700046018e-03 9.895311788802912956e-01 0.000000000000000000e+00 1.251706873008648227e-03 0.000000000000000000e+00
2.850000000000000000e+03 1.139981188135350543e-01 1.570323167956303931e-02 9.829312699135184239e-01 0.000000000000000000e+00 1.365498406918525280e-03 0.000000000000000000e+00
2.875000000000000000e+03 1.149981023118993306e-01 1.809285389167045871e-02 9.792899408284023721e-01 0.000000000000000000e+00 2.617205279927173507e-03 0.000000000000000000e+00
2.900000000000000000e+03 1.159980858102636070e-01 2.366863905325443732e-02 9.726900318616295005e-01 0.000000000000000000e+00 3.641329085116067413e-03 0.000000000000000000e+00
2.925000000000000000e+03 1.169980693086281054e-01 3.573054164770141095e-02 9.551661356395084734e-01 0.000000000000000000e+00 9.103322712790167665e-03 0.000000000000000000e+00
2.950000000000000000e+03 1.179980528069923817e-01 4.699590350477924477e-02 9.307009558488847922e-01 0.000000000000000000e+00 2.230314064633591095e-02 0.000000000000000000e+00
2.975000000000000000e+03 1.189980363053566581e-01 8.340919435593992237e-02 8.701638598088302645e-01 0.000000000000000000e+00 4.642694583522986168e-02 0.000000000000000000e+00
3.000000000000000000e+03 1.199980198037209345e-01 1.086709148839326289e-01 7.720755575785162028e-01 0.000000000000000000e+00 1.192535275375512099e-01 0.000000000000000000e+00
3.025000000000000000e+03 1.209980033020854329e-01 1.762630860263996457e-01 5.871643149749659063e-01 0.000000000000000000e+00 2.365725989986345035e-01 0.000000000000000000e+00
3.050000000000000000e+03 1.219979868004497092e-01 2.503413746017296160e-01 3.689121529358215801e-01 1.137915339098771066e-04 3.806326809285389134e-01 0.000000000000000000e+00
3.075000000000000000e+03 1.229979702988139856e-01 3.187300864815657553e-01 1.981110605370960398e-01 1.137915339098771066e-04 4.830450614474283144e-01 0.000000000000000000e+00
3.100000000000000000e+03 1.239979537971784840e-01 3.533227127901684139e-01 1.118570778334091881e-01 2.275830678197542133e-04 5.345926263086026031e-01 0.000000000000000000e+00
3.125000000000000000e+03 1.249979372955427603e-01 3.624260355029585989e-01 8.409194355939918208e-02 2.275830678197542133e-04 5.532544378698225351e-01 0.000000000000000000e+00
3.150000000000000000e+03 1.259979207939070367e-01 3.430814747382794905e-01 1.060537096040054666e-01 9.103322712790168532e-04 5.499544833864360438e-01 0.000000000000000000e+00
3.175000000000000000e+03 1.269979042922713131e-01 3.456986800182066388e-01 1.305188893946290507e-01 7.965407373691396923e-04 5.229858898497952158e-01 0.000000000000000000e+00
3.200000000000000000e+03 1.279978877906358115e-01 3.669776968593536637e-01 1.550978607191624836e-01 5.234410559854347014e-03 4.726900318616295005e-01 0.000000000000000000e+00
3.225000000000000000e+03 1.289978712890000878e-01 3.793809740555302845e-01 1.512289485662266786e-01 1.456531634046426965e-02 4.548247610377788019e-01 0.000000000000000000e+00
3.250000000000000000e+03 1.299978547873643642e-01 3.837050523441056238e-01 1.459945380063723264e-01 2.275830678197542090e-02 4.475421028675466428e-01 0.000000000000000000e+00
3.275000000000000000e+03 1.309978382857288626e-01 3.856395084205734847e-01 1.570323167956304000e-01 4.335457441966317910e-02 4.139736003641328876e-01 0.000000000000000000e+00
3.300000000000000000e+03 1.319978217840931389e-01 4.120391442876649712e-01 1.558944014565316338e-01 5.826126536185707860e-02 3.738051888939463163e-01 0.000000000000000000e+00
3.325000000000000000e+03 1.329978052824574153e-01 4.107874374146563423e-01 1.642011834319526686e-01 8.090578060992262288e-02 3.441055985434683384e-01 0.000000000000000000e+00
3.350000000000000000e+03 1.339977887808219137e-01 4.255803368229403860e-01 1.636322257624032717e-01 1.074192080109239861e-01 3.033682294037323701e-01 0.000000000000000000e+00
3.375000000000000000e+03 1.349977722791861900e-01 4.287664997724169313e-01 1.723941738734638129e-01 1.261948111060537114e-01 2.726445152480655443e-01 0.000000000000000000e+00
3.400000000000000000e+03 1.359977557775504664e-01 4.311561219845243542e-01 1.904870277651342647e-01 1.413290851160673711e-01 2.370277651342740100e-01 0.000000000000000000e+00
3.425000000000000000e+03 1.369977392759147428e-01 4.376422394173873354e-01 1.993627674101046965e-01 1.668183887118798447e-01 1.961766044606281234e-01 0.000000000000000000e+00
3.450000000000000000e+03 1.379977227742792412e-01 4.412835685025033872e-01 2.104005461993627701e-01 1.859353664087392000e-01 1.623805188893946427e-01 0.000000000000000000e+00
3.475000000000000000e+03 1.389977062726435175e-01 4.363905325443787064e-01 2.210969503868912278e-01 2.028903049613108855e-01 1.396222121074192080e-01 0.000000000000000000e+00
3.500000000000000000e+03 1.399976897710077939e-01 4.420801092398725651e-01 2.233727810650887602e-01 2.108557123350022766e-01 1.236913973600364119e-01 0.000000000000000000e+00
3.525000000000000000e+03 1.409976732693722923e-01 4.383249886208466228e-01 2.240555302685480199e-01 2.246244879380974169e-01 1.129949931725079681e-01 0.000000000000000000e+00
3.550000000000000000e+03 1.419976567677365686e-01 4.196631770596267463e-01 2.361174328629949970e-01 2.386208466090122826e-01 1.055985434683659602e-01 0.000000000000000000e+00
3.575000000000000000e+03 1.429976402661008450e-01 3.946290395994537792e-01 2.570550751024123781e-01 2.500000000000000000e-01 9.831588529813381494e-02 0.000000000000000000e+00
3.600000000000000000e+03 1.439976237644651214e-01 3.845015930814747462e-01 2.556895766954938587e-01 2.560309512972234747e-01 1.037778789258079204e-01 0.000000000000000000e+00
3.625000000000000000e+03 1.449976072628296198e-01 3.856395084205734847e-01 2.596722803823395265e-01 2.609239872553482109e-01 9.376422394173873631e-02 0.000000000000000000e+00
3.650000000000000000e+03 1.459975907611938961e-01 3.839326354119253493e-01 2.692307692307692180e-01 2.465862539827036737e-01 1.002503413746017313e-01 0.000000000000000000e+00
3.675000000000000000e+03 1.469975742595581725e-01 3.733500227583067543e-01 2.757168866636321991e-01 2.479517523896222209e-01 1.029813381884387841e-01 0.000000000000000000e+00
3.700000000000000000e+03 1.479975577579226709e-01 3.796085571233500100e-01 2.720755575785161473e-01 2.443104233045061413e-01 1.040054619936276736e-01 0.000000000000000000e+00
3.725000000000000000e+03 1.489975412562869472e-01 3.709604005461993870e-01 2.789030496131087999e-01 2.459035047792444140e-01 1.042330450614474269e-01 0.000000000000000000e+00
3.750000000000000000e+03 1.499975247546512236e-01 3.713017751479290030e-01 2.778789258079198965e-01 2.421483841602184717e-01 1.086709148839326289e-01 0.000000000000000000e+00
3.775000000000000000e+03 1.509975082530157220e-01 3.788120163859808875e-01 2.754893035958124736e-01 2.380518889394629134e-01 1.076467910787437393e-01 0.000000000000000000e+00
3.800000000000000000e+03 1.519974917513799983e-01 3.937187073281747662e-01 2.778789258079198965e-01 2.308830223031406448e-01 9.751934456076467861e-02 0.000000000000000000e+00
3.825000000000000000e+03 1.529974752497442747e-01 3.857532999544833752e-01 2.839098771051433712e-01 2.355484751934456000e-01 9.478834774692762588e-02 0.000000000000000000e+00
3.850000000000000000e+03 1.539974587481085511e-01 3.938324988620846567e-01 2.822030040964952358e-01 2.386208466090122826e-01 8.534365043240782489e-02 0.000000000000000000e+00
3.875000000000000000e+03 1.549974422464730495e-01 4.033909877105143482e-01 2.837960855712334807e-01 2.288347746927628656e-01 8.397815202548930547e-02 0.000000000000000000e+00
3.900000000000000000e+03 1.559974257448373258e-01 3.966772872098315861e-01 2.866408739189804100e-01 2.317933545744196577e-01 8.488848429676831842e-02 0.000000000000000000e+00
3.925000000000000000e+03 1.569974092432016022e-01 3.899635867091488239e-01 2.898270368684570109e-01 2.305416477014110288e-01 8.966772872098316416e-02 0.000000000000000000e+00
3.950000000000000000e+03 1.579973927415661006e-01 3.895084205735093175e-01 2.930131998179335562e-01 2.304278561675011383e-01 8.705052344105598805e-02 0.000000000000000000e+00
3.975000000000000000e+03 1.589973762399303769e-01 3.897360036413290985e-01 2.966545289030496080e-01 2.274692762858443462e-01 8.614019116977697510e-02 0.000000000000000000e+00
4.000000000000000000e+03 1.599973597382946533e-01 3.958807464724624636e-01 2.931269913518434467e-01 2.270141101502048120e-01 8.397815202548930547e-02 0.000000000000000000e+00
4.025000000000000000e+03 1.609973432366591517e-01 4.000910332271279124e-01 2.899408284023668458e-01 2.270141101502048120e-01 8.295402822030041590e-02 0.000000000000000000e+00
4.050000000000000000e+03 1.619973267350234281e-01 4.011151570323168158e-01 2.938097405553026786e-01 2.262175694128356895e-01 7.885753299954482987e-02 0.000000000000000000e+00
4.075000000000000000e+03 1.629973102333877044e-01 3.984979517523896120e-01 2.948338643604915821e-01 2.278106508875739622e-01 7.885753299954482987e-02 0.000000000000000000e+00
4.100000000000000000e+03 1.639972937317519808e-01 3.992944924897587344e-01 2.930131998179335562e-01 2.275830678197542090e-01 8.010923987255348655e-02 0.000000000000000000e+00
4.125000000000000000e+03 1.649972772301164792e-01 3.983841602184797215e-01 2.914201183431952558e-01 2.261037778789257990e-01 8.409194355939918208e-02 0.000000000000000000e+00
4.150000000000000000e+03 1.659972607284807555e-01 3.996358670914884059e-01 2.951752389622211981e-01 2.266727355484751960e-01 7.851615839781520001e-02 0.000000000000000000e+00
4.175000000000000000e+03 1.669972442268450319e-01 3.982703686845698865e-01 2.948338643604915821e-01 2.242831133363677731e-01 8.261265361857077216e-02 0.000000000000000000e+00
4.200000000000000000e+03 1.679972277252095303e-01 4.064633591260810030e-01 2.890304961310878329e-01 2.209831588529813373e-01 8.352298588984979899e-02 0.000000000000000000e+00
4.225000000000000000e+03 1.689972112235738066e-01 4.139736003641328876e-01 2.848202093764223841e-01 2.176832043695949015e-01 8.352298588984979899e-02 0.000000000000000000e+00
4.250000000000000000e+03 1.699971947219380830e-01 4.146563495675921751e-01 2.895994538006372299e-01 2.214383249886208438e-01 7.430587164314975124e-02 0.000000000000000000e+00
4.275000000000000000e+03 1.709971782203023594e-01 4.116977696859353553e-01 2.910787437414656398e-01 2.197314519799726806e-01 7.749203459262631044e-02 0.000000000000000000e+00
4.300000000000000000e+03 1.719971617186668578e-01 4.229631315430131822e-01 2.923304506144742687e-01 2.165452890304961353e-01 6.816112881201638607e-02 0.000000000000000000e+00
4.325000000000000000e+03 1.729971452170311341e-01 4.193218024578971304e-01 2.907373691397360238e-01 2.154073736913973691e-01 7.453345471096950448e-02 0.000000000000000000e+00
4.350000000000000000e+03 1.739971287153954105e-01 4.198907601274465273e-01 2.939235320892125691e-01 2.147246244879381094e-01 7.146108329540282189e-02 0.000000000000000000e+00
4.375000000000000000e+03 1.749971122137599089e-01 4.182976786527082269e-01 2.968821119708693890e-01 2.174556213017751483e-01 6.736458807464724974e-02 0.000000000000000000e+00
4.400000000000000000e+03 1.759970957121241852e-01 4.176149294492489950e-01 2.951752389622211981e-01 2.180245789713245452e-01 6.918525261720527564e-02 0.000000000000000000e+00
4.425000000000000000e+03 1.769970792104884616e-01 4.283113336367774249e-01 2.899408284023668458e-01 2.158625398270368756e-01 6.588529813381883982e-02 0.000000000000000000e+00
4.450000000000000000e+03 1.779970627088529600e-01 4.275147928994083024e-01 2.935821574874829532e-01 2.121074192080109333e-01 6.679563040509786664e-02 0.000000000000000000e+00
4.475000000000000000e+03 1.789970462072172364e-01 4.276285844333181374e-01 2.923304506144742687e-01 2.073281747837960876e-01 7.271279016841146470e-02 0.000000000000000000e+00
4.500000000000000000e+03 1.799970297055815127e-01 4.260355029585798925e-01 2.921028675466545432e-01 2.078971324533454845e-01 7.396449704142012138e-02 0.000000000000000000e+00
4.525000000000000000e+03 1.809970132039457891e-01 4.250113791533909890e-01 2.931269913518434467e-01 2.114246700045516736e-01 7.043695949021393232e-02 0.000000000000000000e+00
4.550000000000000000e+03 1.819969967023102875e-01 4.214838416021847722e-01 2.909649522075557493e-01 2.143832498862084657e-01 7.316795630405098505e-02 0.000000000000000000e+00
4.575000000000000000e+03 1.829969802006745638e-01 4.256941283568502765e-01 2.947200728265816916e-01 2.135867091488393155e-01 6.599908966772871644e-02 0.000000000000000000e+00
4.600000000000000000e+03 1.839969636990388402e-01 4.226217569412835662e-01 2.943786982248520756e-01 2.151797906235776159e-01 6.781975421028675621e-02 0.000000000000000000e+00
4.625000000000000000e+03 1.849969471974033386e-01 4.260355029585798925e-01 2.913063268092853653e-01 2.119936276741010428e-01 7.066454255803368556e-02 0.000000000000000000e+00
4.650000000000000000e+03 1.859969306957676149e-01 4.220527992717341692e-01 2.972234865725990050e-01 2.130177514792899462e-01 6.770596267637687959e-02 0.000000000000000000e+00
4.675000000000000000e+03 1.869969141941318913e-01 4.221665908056440597e-01 3.030268548020027541e-01 2.121074192080109333e-01 6.269913518434228061e-02 0.000000000000000000e+00
4.700000000000000000e+03 1.879968976924961677e-01 4.223941738734638407e-01 3.042785616750113831e-01 2.137005006827492060e-01 5.962676376877560497e-02 0.000000000000000000e+00
4.725000000000000000e+03 1.889968811908606661e-01 4.246700045516613731e-01 2.999544833864360438e-01 2.182521620391442985e-01 5.712335002275830548e-02 0.000000000000000000e+00
4.750000000000000000e+03 1.899968646892249424e-01 4.291078743741465473e-01 2.955166135639508695e-01 2.216659080564405970e-01 5.370960400546199304e-02 0.000000000000000000e+00
4.775000000000000000e+03 1.909968481875892188e-01 4.246700045516613731e-01 2.943786982248520756e-01 2.241693218024579104e-01 5.678197542102867562e-02 0.000000000000000000e+00
4.800000000000000000e+03 1.919968316859537172e-01 4.292216659080564378e-01 2.922166590805644337e-01 2.176832043695949015e-01 6.087847064178425471e-02 0.000000000000000000e+00
4.825000000000000000e+03 1.929968151843179935e-01 4.359353664087392000e-01 2.903959945380063523e-01 2.149522075557578626e-01 5.871643149749658508e-02 0.000000000000000000e+00
4.850000000000000000e+03 1.939967986826822699e-01 4.367319071461083224e-01 2.921028675466545432e-01 2.144970414201183562e-01 5.666818388711879900e-02 0.000000000000000000e+00
4.875000000000000000e+03 1.949967821810467683e-01 4.334319526627218866e-01 2.971096950386891145e-01 2.090350477924442507e-01 6.042330450614474130e-02 0.000000000000000000e+00
4.900000000000000000e+03 1.959967656794110447e-01 4.350250341374601870e-01 2.985889849795175244e-01 2.071005917159763343e-01 5.928538916704597511e-02 0.000000000000000000e+00
4.925000000000000000e+03 1.969967491777753210e-01 4.370732817478379384e-01 2.983614019116977434e-01 2.085798816568047442e-01 5.598543468365953235e-02 0.000000000000000000e+00
4.950000000000000000e+03 1.979967326761395974e-01 4.307009558488848477e-01 3.000682749203459343e-01 2.118798361401911801e-01 5.735093309057805872e-02 0.000000000000000000e+00
4.975000000000000000e+03 1.989967161745040958e-01 4.308147473827947382e-01 3.074647246244879284e-01 2.116522530723714268e-01 5.006827492034592736e-02 0.000000000000000000e+00
5.000000000000000000e+03 1.999966996728683721e-01 4.345698680018206805e-01 3.026854802002730827e-01 2.084660901228948537e-01 5.427856167501137613e-02 0.000000000000000000e+00
5.025000000000000000e+03 2.009966831712326485e-01 4.357077833409194190e-01 3.034820209376422606e-01 2.105143377332726329e-01 5.029585798816568060e-02 0.000000000000000000e+00
5.050000000000000000e+03 2.019966666695971469e-01 4.369594902139281034e-01 3.050751024123805055e-01 2.065316340464269373e-01 5.143377332726445372e-02 0.000000000000000000e+00
5.075000000000000000e+03 2.029966501679614233e-01 4.305871643149749572e-01 3.058716431497496835e-01 2.093764223941738667e-01 5.416477014110149951e-02 0.000000000000000000e+00
5.100000000000000000e+03 2.039966336663256996e-01 4.420801092398725651e-01 3.017751479289940697e-01 2.075557578516158408e-01 4.858898497951752438e-02 0.000000000000000000e+00
5.125000000000000000e+03 2.049966171646899760e-01 4.508420573509330787e-01 2.973372781065088954e-01 2.016385980883022289e-01 5.018206645425580398e-02 0.000000000000000000e+00
5.150000000000000000e+03 2.059966006630544744e-01 4.454938552571688914e-01 2.966545289030496080e-01 2.052799271734183084e-01 5.257168866636321991e-02 0.000000000000000000e+00
5.175000000000000000e+03 2.069965841614187507e-01 4.509558488848429691e-01 2.946062812926718011e-01 2.011834319526627224e-01 5.314064633591260994e-02 1.137915339098771066e-04
5.200000000000000000e+03 2.079965676597830271e-01 4.499317250796540657e-01 2.932407828857532817e-01 2.047109695038689114e-01 5.211652253072371344e-02 0.000000000000000000e+00
5.225000000000000000e+03 2.089965511581475255e-01 4.524351388256713791e-01 2.908511606736458588e-01 2.072143832498861971e-01 4.949931725079653733e-02 0.000000000000000000e+00
5.250000000000000000e+03 2.099965346565118018e-01 4.569868001820664438e-01 2.898270368684570109e-01 2.038006372325898985e-01 4.938552571688666071e-02 0.000000000000000000e+00
5.275000000000000000e+03 2.109965181548760782e-01 4.588074647246244697e-01 2.901684114701866268e-01 2.034592626308602548e-01 4.756486117432862787e-02 0.000000000000000000e+00
5.300000000000000000e+03 2.119965016532405766e-01 4.571005917159763343e-01 2.898270368684570109e-01 2.064178425125170746e-01 4.665452890304961492e-02 0.000000000000000000e+00
5.325000000000000000e+03 2.129964851516048530e-01 4.573281747837960598e-01 2.934683659535730627e-01 2.022075557578516258e-01 4.699590350477924477e-02 0.000000000000000000e+00
5.350000000000000000e+03 2.139964686499691293e-01 4.575557578516158408e-01 2.899408284023668458e-01 2.020937642239417353e-01 5.040964952207555722e-02 0.000000000000000000e+00
5.375000000000000000e+03 2.149964521483334057e-01 4.556213017751479244e-01 2.877787892580792040e-01 2.056213017751479244e-01 5.097860719162494031e-02 0.000000000000000000e+00
5.400000000000000000e+03 2.159964356466979041e-01 4.592626308602639762e-01 2.819754210286754548e-01 2.117660446062812896e-01 4.699590350477924477e-02 0.000000000000000000e+00
5.425000000000000000e+03 2.169964191450621804e-01 4.585798816568047442e-01 2.828857532999544677e-01 2.134729176149294527e-01 4.506144742831133532e-02 0.000000000000000000e+00
5.450000000000000000e+03 2.179964026434264568e-01 4.615384615384615641e-01 2.794720072826581969e-01 2.131315430131998090e-01 4.585798816568047165e-02 0.000000000000000000e+00
5.475000000000000000e+03 2.189963861417909552e-01 4.631315430131998090e-01 2.752617205279926926e-01 2.162039144287664916e-01 4.540282203004096517e-02 0.000000000000000000e+00
5.500000000000000000e+03 2.199963696401552316e-01 4.608557123350022766e-01 2.808375056895767163e-01 2.154073736913973691e-01 4.289940828402366568e-02 0.000000000000000000e+00
5.525000000000000000e+03 2.209963531385195079e-01 4.627901684114701930e-01 2.786754665452890189e-01 2.195038689121529274e-01 3.903049613108784677e-02 0.000000000000000000e+00
5.550000000000000000e+03 2.219963366368840063e-01 4.656349567592171224e-01 2.763996358670914866e-01 2.234865725989986229e-01 3.447883477469276120e-02 0.000000000000000000e+00
5.575000000000000000e+03 2.229963201352482827e-01 4.586936731907146347e-01 2.800409649522075384e-01 2.232589895311788697e-01 3.800637232589895026e-02 0.000000000000000000e+00
5.600000000000000000e+03 2.239963036336125590e-01 4.627901684114701930e-01 2.787892580791989094e-01 2.199590350477924339e-01 3.846153846153846367e-02 0.000000000000000000e+00
5.625000000000000000e+03 2.249962871319768354e-01 4.651797906235776159e-01 2.781065088757396220e-01 2.172280382339553950e-01 3.948566226672735324e-02 0.000000000000000000e+00
5.650000000000000000e+03 2.259962706303413338e-01 4.655211652253072319e-01 2.765134274010013771e-01 2.190487027765134209e-01 3.891670459717797015e-02 0.000000000000000000e+00
5.675000000000000000e+03 2.269962541287056101e-01 4.723486572598998845e-01 2.753755120619025831e-01 2.130177514792899462e-01 3.925807919890760000e-02 0.000000000000000000e+00
