# itime ezz other fcc hcp bcc ico
0.000000000000000000e+00 0.000000000000000000e+00 0.000000000000000000e+00 1.000000000000000000e+00 0.000000000000000000e+00 0.000000000000000000e+00 0.000000000000000000e+00
2.500000000000000000e+01 9.999790558383736538e-04 0.000000000000000000e+00 1.000000000000000000e+00 0.000000000000000000e+00 0.000000000000000000e+00 0.000000000000000000e+00
5.000000000000000000e+01 1.999958111676747308e-03 0.000000000000000000e+00 1.000000000000000000e+00 0.000000000000000000e+00 0.000000000000000000e+00 0.000000000000000000e+00
7.500000000000000000e+01 2.999937167515120962e-03 0.000000000000000000e+00 1.000000000000000000e+00 0.000000000000000000e+00 0.000000000000000000e+00 0.000000000000000000e+00
1.000000000000000000e+02 3.999916223353494615e-03 0.000000000000000000e+00 1.000000000000000000e+00 0.000000000000000000e+00 0.000000000000000000e+00 0.000000000000000000e+00
1.250000000000000000e+02 4.999895279191868269e-03 0.000000000000000000e+00 1.000000000000000000e+00 0.000000000000000000e+00 0.000000000000000000e+00 0.000000000000000000e+00
1.500000000000000000e+02 5.999874335030241923e-03 0.000000000000000000e+00 1.000000000000000000e+00 0.000000000000000000e+00 0.000000000000000000e+00 0.000000000000000000e+00
1.750000000000000000e+02 6.999853390868837621e-03 0.000000000000000000e+00 1.000000000000000000e+00 0.000000000000000000e+00 0.000000000000000000e+00 0.000000000000000000e+00
2.000000000000000000e+02 7.999832446707211275e-03 0.000000000000000000e+00 1.000000000000000000e+00 0.000000000000000000e+00 0.000000000000000000e+00 0.000000000000000000e+00
2.250000000000000000e+02 8.999811502545584929e-03 0.000000000000000000e+00 1.000000000000000000e+00 0.000000000000000000e+00 0.000000000000000000e+00 0.000000000000000000e+00
2.500000000000000000e+02 9.999790558383958583e-03 0.000000000000000000e+00 1.000000000000000000e+00 0.000000000000000000e+00 0.000000000000000000e+00 0.000000000000000000e+00
2.750000000000000000e+02 1.099976961422233224e-02 0.000000000000000000e+00 1.000000000000000000e+00 0.000000000000000000e+00 0.000000000000000000e+00 0.000000000000000000e+00
3.000000000000000000e+02 1.199974867006070589e-02 0.000000000000000000e+00 1.000000000000000000e+00 0.000000000000000000e+00 0.000000000000000000e+00 0.000000000000000000e+00
3.250000000000000000e+02 1.299972772589907954e-02 0.000000000000000000e+00 1.000000000000000000e+00 0.000000000000000000e+00 0.000000000000000000e+00 0.000000000000000000e+00
3.500000000000000000e+02 1.399970678173745320e-02 0.000000000000000000e+00 1.000000000000000000e+00 0.000000000000000000e+00 0.000000000000000000e+00 0.000000000000000000e+00
3.750000000000000000e+02 1.499968583757582685e-02 0.000000000000000000e+00 1.000000000000000000e+00 0.000000000000000000e+00 0.000000000000000000e+00 0.000000000000000000e+00
4.000000000000000000e+02 1.599966489341420051e-02 0.000000000000000000e+00 1.000000000000000000e+00 0.000000000000000000e+00 0.000000000000000000e+00 0.000000000000000000e+00
4.250000000000000000e+02 1.699964394925257416e-02 0.000000000000000000e+00 1.000000000000000000e+00 0.000000000000000000e+00 0.000000000000000000e+00 0.000000000000000000e+00
4.500000000000000000e+02 1.799962300509094781e-02 0.000000000000000000e+00 1.000000000000000000e+00 0.000000000000000000e+00 0.000000000000000000e+00 0.000000000000000000e+00
4.750000000000000000e+02 1.899960206092954351e-02 0.000000000000000000e+00 1.000000000000000000e+00 0.000000000000000000e+00 0.000000000000000000e+00 0.000000000000000000e+00
5.000000000000000000e+02 1.999958111676791717e-02 0.000000000000000000e+00 1.000000000000000000e+00 0.000000000000000000e+00 0.000000000000000000e+00 0.000000000000000000e+00
5.250000000000000000e+02 2.099956017260629082e-02 0.000000000000000000e+00 1.000000000000000000e+00 0.000000000000000000e+00 0.000000000000000000e+00 0.000000000000000000e+00
5.500000000000000000e+02 2.199953922844466447e-02 0.000000000000000000e+00 1.000000000000000000e+00 0.000000000000000000e+00 0.000000000000000000e+00 0.000000000000000000e+00
5.750000000000000000e+02 2.299951828428303813e-02 0.000000000000000000e+00 1.000000000000000000e+00 0.000000000000000000e+00 0.000000000000000000e+00 0.000000000000000000e+00
6.000000000000000000e+02 2.399949734012141178e-02 0.000000000000000000e+00 1.000000000000000000e+00 0.000000000000000000e+00 0.000000000000000000e+00 0.000000000000000000e+00
6.250000000000000000e+02 2.499947639595978544e-02 0.000000000000000000e+00 1.000000000000000000e+00 0.000000000000000000e+00 0.000000000000000000e+00 0.000000000000000000e+00
6.500000000000000000e+02 2.599945545179815909e-02 0.000000000000000000e+00 1.000000000000000000e+00 0.000000000000000000e+00 0.000000000000000000e+00 0.000000000000000000e+00
6.750000000000000000e+02 2.699943450763653274e-02 0.000000000000000000e+00 1.000000000000000000e+00 0.000000000000000000e+00 0.000000000000000000e+00 0.000000000000000000e+00
7.000000000000000000e+02 2.799941356347490640e-02 0.000000000000000000e+00 1.000000000000000000e+00 0.000000000000000000e+00 0.000000000000000000e+00 0.000000000000000000e+00
7.250000000000000000e+02 2.899939261931328005e-02 0.000000000000000000e+00 1.000000000000000000e+00 0.000000000000000000e+00 0.000000000000000000e+00 0.000000000000000000e+00
7.500000000000000000e+02 2.999937167515165370e-02 0.000000000000000000e+00 1.000000000000000000e+00 0.000000000000000000e+00 0.000000000000000000e+00 0.000000000000000000e+00
7.750000000000000000e+02 3.099935073099002736e-02 0.000000000000000000e+00 1.000000000000000000e+00 0.000000000000000000e+00 0.000000000000000000e+00 0.000000000000000000e+00
8.000000000000000000e+02 3.199932978682862306e-02 0.000000000000000000e+00 1.000000000000000000e+00 0.000000000000000000e+00 0.000000000000000000e+00 0.000000000000000000e+00
8.250000000000000000e+02 3.299930884266699671e-02 0.000000000000000000e+00 1.000000000000000000e+00 0.000000000000000000e+00 0.000000000000000000e+00 0.000000000000000000e+00
8.500000000000000000e+02 3.399928789850537036e-02 0.000000000000000000e+00 1.000000000000000000e+00 0.000000000000000000e+00 0.000000000000000000e+00 0.000000000000000000e+00
8.750000000000000000e+02 3.499926695434374402e-02 0.000000000000000000e+00 1.000000000000000000e+00 0.000000000000000000e+00 0.000000000000000000e+00 0.000000000000000000e+00
9.000000000000000000e+02 3.599924601018211767e-02 0.000000000000000000e+00 1.000000000000000000e+00 0.000000000000000000e+00 0.000000000000000000e+00 0.000000000000000000e+00
9.250000000000000000e+02 3.699922506602049133e-02 0.000000000000000000e+00 1.000000000000000000e+00 0.000000000000000000e+00 0.000000000000000000e+00 0.000000000000000000e+00
9.500000000000000000e+02 3.799920412185886498e-02 0.000000000000000000e+00 1.000000000000000000e+00 0.000000000000000000e+00 0.000000000000000000e+00 0.000000000000000000e+00
9.750000000000000000e+02 3.899918317769723863e-02 0.000000000000000000e+00 1.000000000000000000e+00 0.000000000000000000e+00 0.000000000000000000e+00 0.000000000000000000e+00
1.000000000000000000e+03 3.999916223353561229e-02 0.000000000000000000e+00 1.000000000000000000e+00 0.000000000000000000e+00 0.000000000000000000e+00 0.000000000000000000e+00
1.025000000000000000e+03 4.099914128937398594e-02 0.000000000000000000e+00 1.000000000000000000e+00 0.000000000000000000e+00 0.000000000000000000e+00 0.000000000000000000e+00
1.050000000000000000e+03 4.199912034521235960e-02 0.000000000000000000e+00 1.000000000000000000e+00 0.000000000000000000e+00 0.000000000000000000e+00 0.000000000000000000e+00
1.075000000000000000e+03 4.299909940105073325e-02 0.000000000000000000e+00 1.000000000000000000e+00 0.000000000000000000e+00 0.000000000000000000e+00 0.000000000000000000e+00
1.100000000000000000e+03 4.399907845688932895e-02 0.000000000000000000e+00 1.000000000000000000e+00 0.000000000000000000e+00 0.000000000000000000e+00 0.000000000000000000e+00
1.125000000000000000e+03 4.499905751272770260e-02 0.000000000000000000e+00 1.000000000000000000e+00 0.000000000000000000e+00 0.000000000000000000e+00 0.000000000000000000e+00
1.150000000000000000e+03 4.599903656856607626e-02 0.000000000000000000e+00 1.000000000000000000e+00 0.000000000000000000e+00 0.000000000000000000e+00 0.000000000000000000e+00
1.175000000000000000e+03 4.699901562440444991e-02 0.000000000000000000e+00 1.000000000000000000e+00 0.000000000000000000e+00 0.000000000000000000e+00 0.000000000000000000e+00
1.200000000000000000e+03 4.799899468024282356e-02 0.000000000000000000e+00 1.000000000000000000e+00 0.000000000000000000e+00 0.000000000000000000e+00 0.000000000000000000e+00
1.225000000000000000e+03 4.899897373608119722e-02 0.000000000000000000e+00 1.000000000000000000e+00 0.000000000000000000e+00 0.000000000000000000e+00 0.000000000000000000e+00
1.250000000000000000e+03 4.999895279191957087e-02 0.000000000000000000e+00 1.000000000000000000e+00 0.000000000000000000e+00 0.000000000000000000e+00 0.000000000000000000e+00
1.275000000000000000e+03 5.099893184775794452e-02 0.000000000000000000e+00 1.000000000000000000e+00 0.000000000000000000e+00 0.000000000000000000e+00 0.000000000000000000e+00
1.300000000000000000e+03 5.199891090359631818e-02 0.000000000000000000e+00 1.000000000000000000e+00 0.000000000000000000e+00 0.000000000000000000e+00 0.000000000000000000e+00
1.325000000000000000e+03 5.299888995943469183e-02 0.000000000000000000e+00 1.000000000000000000e+00 0.000000000000000000e+00 0.000000000000000000e+00 0.000000000000000000e+00
1.350000000000000000e+03 5.399886901527306549e-02 0.000000000000000000e+00 1.000000000000000000e+00 0.000000000000000000e+00 0.000000000000000000e+00 0.000000000000000000e+00
1.375000000000000000e+03 5.499884807111143914e-02 0.000000000000000000e+00 1.000000000000000000e+00 0.000000000000000000e+00 0.000000000000000000e+00 0.000000000000000000e+00
1.400000000000000000e+03 5.599882712694981279e-02 0.000000000000000000e+00 1.000000000000000000e+00 0.000000000000000000e+00 0.000000000000000000e+00 0.000000000000000000e+00
1.425000000000000000e+03 5.699880618278840849e-02 0.000000000000000000e+00 1.000000000000000000e+00 0.000000000000000000e+00 0.000000000000000000e+00 0.000000000000000000e+00
1.450000000000000000e+03 5.799878523862678215e-02 0.000000000000000000e+00 1.000000000000000000e+00 0.000000000000000000e+00 0.000000000000000000e+00 0.000000000000000000e+00
1.475000000000000000e+03 5.899876429446515580e-02 0.000000000000000000e+00 1.000000000000000000e+00 0.000000000000000000e+00 0.000000000000000000e+00 0.000000000000000000e+00
1.500000000000000000e+03 5.999874335030352945e-02 0.000000000000000000e+00 1.000000000000000000e+00 0.000000000000000000e+00 0.000000000000000000e+00 0.000000000000000000e+00
1.525000000000000000e+03 6.099872240614190311e-02 0.000000000000000000e+00 1.000000000000000000e+00 0.000000000000000000e+00 0.000000000000000000e+00 0.000000000000000000e+00
1.550000000000000000e+03 6.199870146198027676e-02 0.000000000000000000e+00 1.000000000000000000e+00 0.000000000000000000e+00 0.000000000000000000e+00 0.000000000000000000e+00
1.575000000000000000e+03 6.299868051781865042e-02 0.000000000000000000e+00 1.000000000000000000e+00 0.000000000000000000e+00 0.000000000000000000e+00 0.000000000000000000e+00
1.600000000000000000e+03 6.399865957365702407e-02 0.000000000000000000e+00 1.000000000000000000e+00 0.000000000000000000e+00 0.000000000000000000e+00 0.000000000000000000e+00
1.625000000000000000e+03 6.499863862949539772e-02 0.000000000000000000e+00 1.000000000000000000e+00 0.000000000000000000e+00 0.000000000000000000e+00 0.000000000000000000e+00
1.650000000000000000e+03 6.599861768533377138e-02 0.000000000000000000e+00 1.000000000000000000e+00 0.000000000000000000e+00 0.000000000000000000e+00 0.000000000000000000e+00
1.675000000000000000e+03 6.699859674117214503e-02 0.000000000000000000e+00 1.000000000000000000e+00 0.000000000000000000e+00 0.000000000000000000e+00 0.000000000000000000e+00
1.700000000000000000e+03 6.799857579701051868e-02 0.000000000000000000e+00 1.000000000000000000e+00 0.000000000000000000e+00 0.000000000000000000e+00 0.000000000000000000e+00
1.725000000000000000e+03 6.899855485284889234e-02 0.000000000000000000e+00 1.000000000000000000e+00 0.000000000000000000e+00 0.000000000000000000e+00 0.000000000000000000e+00
1.750000000000000000e+03 6.999853390868748804e-02 0.000000000000000000e+00 1.000000000000000000e+00 0.000000000000000000e+00 0.000000000000000000e+00 0.000000000000000000e+00
1.775000000000000000e+03 7.099851296452586169e-02 0.000000000000000000e+00 1.000000000000000000e+00 0.000000000000000000e+00 0.000000000000000000e+00 0.000000000000000000e+00
1.800000000000000000e+03 7.199849202036423534e-02 0.000000000000000000e+00 1.000000000000000000e+00 0.000000000000000000e+00 0.000000000000000000e+00 0.000000000000000000e+00
1.825000000000000000e+03 7.299847107620260900e-02 0.000000000000000000e+00 1.000000000000000000e+00 0.000000000000000000e+00 0.000000000000000000e+00 0.000000000000000000e+00
1.850000000000000000e+03 7.399845013204098265e-02 0.000000000000000000e+00 1.000000000000000000e+00 0.000000000000000000e+00 0.000000000000000000e+00 0.000000000000000000e+00
1.875000000000000000e+03 7.499842918787935631e-02 0.000000000000000000e+00 1.000000000000000000e+00 0.000000000000000000e+00 0.000000000000000000e+00 0.000000000000000000e+00
1.900000000000000000e+03 7.599840824371772996e-02 0.000000000000000000e+00 1.000000000000000000e+00 0.000000000000000000e+00 0.000000000000000000e+00 0.000000000000000000e+00
1.925000000000000000e+03 7.699838729955610361e-02 2.275830678197542133e-04 9.997724169321802190e-01 0.000000000000000000e+00 0.000000000000000000e+00 0.000000000000000000e+00
1.950000000000000000e+03 7.799836635539447727e-02 1.137915339098771066e-04 9.998862084660901095e-01 0.000000000000000000e+00 0.000000000000000000e+00 0.000000000000000000e+00
1.975000000000000000e+03 7.899834541123285092e-02 1.137915339098771066e-04 9.998862084660901095e-01 0.000000000000000000e+00 0.000000000000000000e+00 0.000000000000000000e+00
2.000000000000000000e+03 7.999832446707122457e-02 2.275830678197542133e-04 9.997724169321802190e-01 0.000000000000000000e+00 0.000000000000000000e+00 0.000000000000000000e+00
2.025000000000000000e+03 8.099830352290959823e-02 2.275830678197542133e-04 9.997724169321802190e-01 0.000000000000000000e+00 0.000000000000000000e+00 0.000000000000000000e+00
2.050000000000000000e+03 8.199828257874819393e-02 9.103322712790168532e-04 9.990896677287209870e-01 0.000000000000000000e+00 0.000000000000000000e+00 0.000000000000000000e+00
2.075000000000000000e+03 8.299826163458656758e-02 1.024123805188893906e-03 9.989758761948110966e-01 0.000000000000000000e+00 0.000000000000000000e+00 0.000000000000000000e+00
2.100000000000000000e+03 8.399824069042494123e-02 1.137915339098771066e-04 9.998862084660901095e-01 0.000000000000000000e+00 0.000000000000000000e+00 0.000000000000000000e+00
2.125000000000000000e+03 8.499821974626331489e-02 0.000000000000000000e+00 1.000000000000000000e+00 0.000000000000000000e+00 0.000000000000000000e+00 0.000000000000000000e+00
2.150000000000000000e+03 8.599819880210168854e-02 0.000000000000000000e+00 1.000000000000000000e+00 0.000000000000000000e+00 0.000000000000000000e+00 0.000000000000000000e+00
2.175000000000000000e+03 8.699817785794006220e-02 1.479289940828402332e-03 9.984069185252617551e-01 0.000000000000000000e+00 1.137915339098771066e-04 0.000000000000000000e+00
2.200000000000000000e+03 8.799815691377843585e-02 2.275830678197542133e-04 9.997724169321802190e-01 0.000000000000000000e+00 0.000000000000000000e+00 0.000000000000000000e+00
2.225000000000000000e+03 8.899813596961680950e-02 0.000000000000000000e+00 1.000000000000000000e+00 0.000000000000000000e+00 0.000000000000000000e+00 0.000000000000000000e+00
2.250000000000000000e+03 8.999811502545518316e-02 0.000000000000000000e+00 1.000000000000000000e+00 0.000000000000000000e+00 0.000000000000000000e+00 0.000000000000000000e+00
2.275000000000000000e+03 9.099809408129355681e-02 9.103322712790168532e-04 9.989758761948110966e-01 0.000000000000000000e+00 1.137915339098771066e-04 0.000000000000000000e+00
2.300000000000000000e+03 9.199807313713193047e-02 1.706873008648156654e-03 9.981793354574419741e-01 0.000000000000000000e+00 1.137915339098771066e-04 0.000000000000000000e+00
2.325000000000000000e+03 9.299805219297030412e-02 4.551661356395084266e-04 9.995448338643604380e-01 0.000000000000000000e+00 0.000000000000000000e+00 0.000000000000000000e+00
2.350000000000000000e+03 9.399803124880867777e-02 1.593081474738279385e-03 9.982931269913518646e-01 0.000000000000000000e+00 1.137915339098771066e-04 0.000000000000000000e+00
2.375000000000000000e+03 9.499801030464727347e-02 4.551661356395084266e-04 9.995448338643604380e-01 0.000000000000000000e+00 0.000000000000000000e+00 0.000000000000000000e+00
2.400000000000000000e+03 9.599798936048564713e-02 6.827492034592626399e-04 9.993172507965407680e-01 0.000000000000000000e+00 0.000000000000000000e+00 0.000000000000000000e+00
2.425000000000000000e+03 9.699796841632402078e-02 2.048247610377787811e-03 9.979517523896221931e-01 0.000000000000000000e+00 0.000000000000000000e+00 0.000000000000000000e+00
2.450000000000000000e+03 9.799794747216239443e-02 1.251706873008648227e-03 9.986345015930814251e-01 0.000000000000000000e+00 1.137915339098771066e-04 0.000000000000000000e+00
2.475000000000000000e+03 9.899792652800076809e-02 2.958579881656804664e-03 9.965862539827037292e-01 0.000000000000000000e+00 4.551661356395084266e-04 0.000000000000000000e+00
2.500000000000000000e+03 9.999790558383914174e-02 2.389622212107419402e-03 9.974965862539827421e-01 0.000000000000000000e+00 1.137915339098771066e-04 0.000000000000000000e+00
2.525000000000000000e+03 1.009978846396775154e-01 1.820664542558033706e-03 9.978379608557123026e-01 0.000000000000000000e+00 3.413746017296313199e-04 0.000000000000000000e+00
2.550000000000000000e+03 1.019978636955158890e-01 2.617205279927173507e-03 9.972690031861629611e-01 0.000000000000000000e+00 1.137915339098771066e-04 0.000000000000000000e+00
2.575000000000000000e+03 1.029978427513542627e-01 2.275830678197541916e-03 9.976103777878926326e-01 0.000000000000000000e+00 1.137915339098771066e-04 0.000000000000000000e+00
2.600000000000000000e+03 1.039978218071926364e-01 5.006827492034592909e-03 9.948793809740554828e-01 0.000000000000000000e+00 1.137915339098771066e-04 0.000000000000000000e+00
2.625000000000000000e+03 1.049978008630310100e-01 5.803368229403732710e-03 9.935138825671370189e-01 0.000000000000000000e+00 6.827492034592626399e-04 0.000000000000000000e+00
2.650000000000000000e+03 1.059977799188693837e-01 6.030951297223486815e-03 9.935138825671370189e-01 0.000000000000000000e+00 4.551661356395084266e-04 0.000000000000000000e+00
2.675000000000000000e+03 1.069977589747079794e-01 5.120619025944469528e-03 9.946517979062358128e-01 0.000000000000000000e+00 2.275830678197542133e-04 0.000000000000000000e+00
2.700000000000000000e+03 1.079977380305463530e-01 8.875739644970414427e-03 9.904415111515703085e-01 0.000000000000000000e+00 6.827492034592626399e-04 0.000000000000000000e+00
2.725000000000000000e+03 1.089977170863847267e-01 8.192990441511151245e-03 9.907828857532999800e-01 0.000000000000000000e+00 1.024123805188893906e-03 0.000000000000000000e+00
2.750000000000000000e+03 1.099976961422231003e-01 7.396449704142011444e-03 9.922621756941283344e-01 0.000000000000000000e+00 3.413746017296313199e-04 0.000000000000000000e+00
2.775000000000000000e+03 1.109976751980614740e-01 7.737824305871643035e-03 9.916932180245789930e-01 0.000000000000000000e+00 5.689576695493854790e-04 0.000000000000000000e+00
2.800000000000000000e+03 1.119976542538998476e-01 1.388256713700500647e-02 9.847519344560764498e-01 0.000000000000000000e+00 1.365498406918525280e-03 0.000000000000000000e+00
2.825000000000000000e+03 1.129976333097382213e-01 9.103322712790167665e-03 9.901001365498406370e-01 0.000000000000000000e+00 7.965407373691396923e-04 0.000000000000000000e+00
2.850000000000000000e+03 1.139976123655765949e-01 1.615839781520254925e-02 9.833864360491579859e-01 0.000000000000000000e+00 4.551661356395084266e-04 0.000000000000000000e+00
2.875000000000000000e+03 1.149975914214149686e-01 9.786071916249430847e-03 9.894173873463814051e-01 0.000000000000000000e+00 7.965407373691396923e-04 0.000000000000000000e+00
2.900000000000000000e+03 1.159975704772533422e-01 2.048247610377787811e-02 9.775830678197542367e-01 0.000000000000000000e+00 1.934456076467910759e-03 0.000000000000000000e+00
2.925000000000000000e+03 1.169975495330917159e-01 2.469276285844333035e-02 9.722348657259899385e-01 0.000000000000000000e+00 3.072371415566681717e-03 0.000000000000000000e+00
2.950000000000000000e+03 1.179975285889300896e-01 2.628584433318160996e-02 9.685935366408738867e-01 0.000000000000000000e+00 5.120619025944469528e-03 0.000000000000000000e+00
2.975000000000000000e+03 1.189975076447684632e-01 3.994082840236686666e-02 9.486800182066453813e-01 0.000000000000000000e+00 1.137915339098771045e-02 0.000000000000000000e+00
3.000000000000000000e+03 1.199974867006070589e-01 6.850250341374601593e-02 8.997496586253982409e-01 0.000000000000000000e+00 3.174783796085571541e-02 0.000000000000000000e+00
3.025000000000000000e+03 1.209974657564454326e-01 1.153846153846153910e-01 7.976786527082384559e-01 0.000000000000000000e+00 8.693673190714611143e-02 0.000000000000000000e+00
3.050000000000000000e+03 1.219974448122838062e-01 1.693218024578971304e-01 6.415566681838871244e-01 0.000000000000000000e+00 1.891215293582157453e-01 0.000000000000000000e+00
3.075000000000000000e+03 1.229974238681221799e-01 2.500000000000000000e-01 4.235320892125625791e-01 0.000000000000000000e+00 3.264679107874374209e-01 0.000000000000000000e+00
3.100000000000000000e+03 1.239974029239605535e-01 3.344333181611288119e-01 2.472690031861629611e-01 1.137915339098771066e-04 4.181838871187983364e-01 0.000000000000000000e+00
3.125000000000000000e+03 1.249973819797989272e-01 3.804050978607191880e-01 1.606736458807464796e-01 3.413746017296313199e-04 4.585798816568047442e-01 0.000000000000000000e+00
3.150000000000000000e+03 1.259973610356373008e-01 3.725534820209376319e-01 1.422394173873463841e-01 3.413746017296313199e-04 4.848657259899863403e-01 0.000000000000000000e+00
3.175000000000000000e+03 1.269973400914756745e-01 3.400091033227127801e-01 1.652253072371415443e-01 2.275830678197542133e-04 4.945380063723259223e-01 0.000000000000000000e+00
3.200000000000000000e+03 1.279973191473140481e-01 3.311333636777423761e-01 2.028903049613108855e-01 1.137915339098771066e-04 4.658625398270368478e-01 0.000000000000000000e+00
3.225000000000000000e+03 1.289972982031524218e-01 3.450159308147474069e-01 2.023213472917614886e-01 1.137915339098771066e-04 4.525489303595812696e-01 0.000000000000000000e+00
3.250000000000000000e+03 1.299972772589907954e-01 3.727810650887574129e-01 1.832043695949021334e-01 1.251706873008648227e-03 4.427628584433317971e-01 0.000000000000000000e+00
3.275000000000000000e+03 1.309972563148291691e-01 3.797223486572599005e-01 1.720527992717341692e-01 5.461993627674101119e-03 4.427628584433317971e-01 0.000000000000000000e+00
3.300000000000000000e+03 1.319972353706677648e-01 3.756258534365043422e-01 1.579426490669094130e-01 1.479289940828402289e-02 4.516385980883022566e-01 0.000000000000000000e+00
3.325000000000000000e+03 1.329972144265061385e-01 3.788120163859808875e-01 1.572598998634501533e-01 3.140646335912607862e-02 4.325216203914428736e-01 0.000000000000000000e+00
3.350000000000000000e+03 1.339971934823445121e-01 3.957669549385525731e-01 1.529358215748748417e-01 4.426490669094219205e-02 4.070323167956304000e-01 0.000000000000000000e+00
3.375000000000000000e+03 1.349971725381828858e-01 3.893946290395994270e-01 1.576012744651797970e-01 6.759217114246700298e-02 3.854119253527537592e-01 0.000000000000000000e+00
3.400000000000000000e+03 1.359971515940212594e-01 3.924670004551661373e-01 1.629494765589440120e-01 8.750568957669549452e-02 3.570778334091943562e-01 0.000000000000000000e+00
3.425000000000000000e+03 1.369971306498596331e-01 3.866636322257623881e-01 1.752389622212107423e-01 1.074192080109239861e-01 3.306781975421028696e-01 0.000000000000000000e+00
3.450000000000000000e+03 1.379971097056980067e-01 3.883705052344105790e-01 1.886663632225762388e-01 1.301775147928994070e-01 2.927856167501137752e-01 0.000000000000000000e+00
3.475000000000000000e+03 1.389970887615363804e-01 4.040737369139735802e-01 1.957214383249886169e-01 1.511151570323167881e-01 2.490896677287209870e-01 0.000000000000000000e+00
3.500000000000000000e+03 1.399970678173747540e-01 4.049840691852525931e-01 2.111970869367319203e-01 1.827492034592626269e-01 2.010696404187528319e-01 0.000000000000000000e+00
3.525000000000000000e+03 1.409970468732131277e-01 3.934911242603550408e-01 2.291761492944924816e-01 2.130177514792899462e-01 1.643149749658625314e-01 0.000000000000000000e+00
3.550000000000000000e+03 1.419970259290515013e-01 3.827947200728265553e-01 2.495448338643604935e-01 2.269003186162949492e-01 1.407601274465179741e-01 0.000000000000000000e+00
3.575000000000000000e+03 1.429970049848898750e-01 3.874601729631315661e-01 2.613791533909877174e-01 2.295175238962221254e-01 1.216431497496586189e-01 0.000000000000000000e+00
3.600000000000000000e+03 1.439969840407282486e-01 3.850705507510241432e-01 2.684342284934000955e-01 2.339553937187073274e-01 1.125398270368684617e-01 0.000000000000000000e+00
3.625000000000000000e+03 1.449969630965668443e-01 3.791533909877105035e-01 2.803823395539372099e-01 2.295175238962221254e-01 1.109467455621301751e-01 0.000000000000000000e+00
3.650000000000000000e+03 1.459969421524052180e-01 3.635639508420573374e-01 2.955166135639508695e-01 2.340691852526172179e-01 1.068502503413746030e-01 0.000000000000000000e+00
3.675000000000000000e+03 1.469969212082435916e-01 3.660673645880746507e-01 2.944924897587619661e-01 2.332726445152480677e-01 1.061675011379153433e-01 0.000000000000000000e+00
3.700000000000000000e+03 1.479969002640819653e-01 3.670914883932635542e-01 2.971096950386891145e-01 2.428311333636777314e-01 9.296768320436959998e-02 0.000000000000000000e+00
3.725000000000000000e+03 1.489968793199203390e-01 3.651570323167956378e-01 3.100819299044151323e-01 2.484069185252617273e-01 7.635411925352754425e-02 0.000000000000000000e+00
3.750000000000000000e+03 1.499968583757587126e-01 3.690259444697314706e-01 3.115612198452434867e-01 2.502275830678197810e-01 6.918525261720527564e-02 0.000000000000000000e+00
3.775000000000000000e+03 1.509968374315970863e-01 3.683431952662721831e-01 3.155439235320892100e-01 2.486345015930814806e-01 6.747837960855712636e-02 0.000000000000000000e+00
3.800000000000000000e+03 1.519968164874354599e-01 3.677742375967227861e-01 3.205507510241237812e-01 2.513654984069185194e-01 6.030951297223486468e-02 0.000000000000000000e+00
3.825000000000000000e+03 1.529967955432738336e-01 3.633363677742376119e-01 3.218024578971324656e-01 2.542102867546654488e-01 6.065088757396449454e-02 0.000000000000000000e+00
3.850000000000000000e+03 1.539967745991122072e-01 3.724396904870277414e-01 3.229403732362312041e-01 2.488620846609012338e-01 5.575785161583977911e-02 0.000000000000000000e+00
3.875000000000000000e+03 1.549967536549505809e-01 3.705052344105598805e-01 3.240782885753299980e-01 2.452207555757851543e-01 6.019572143832498806e-02 0.000000000000000000e+00
3.900000000000000000e+03 1.559967327107889545e-01 3.759672280382339582e-01 3.244196631770596140e-01 2.452207555757851543e-01 5.439235320892125969e-02 0.000000000000000000e+00
3.925000000000000000e+03 1.569967117666273282e-01 3.691397360036413056e-01 3.277196176604460498e-01 2.434000910332271284e-01 5.974055530268548159e-02 0.000000000000000000e+00
3.950000000000000000e+03 1.579966908224659239e-01 3.653846153846153633e-01 3.296540737369139662e-01 2.389622212107419263e-01 6.599908966772871644e-02 0.000000000000000000e+00
3.975000000000000000e+03 1.589966698783042975e-01 3.653846153846153633e-01 3.343195266272189214e-01 2.423759672280382249e-01 5.791989076012744875e-02 0.000000000000000000e+00
4.000000000000000000e+03 1.599966489341426712e-01 3.690259444697314706e-01 3.345471096950387024e-01 2.439690487027765253e-01 5.245789713245334329e-02 0.000000000000000000e+00
4.025000000000000000e+03 1.609966279899810448e-01 3.669776968593536637e-01 3.337505689576695245e-01 2.465862539827036737e-01 5.268548020027309653e-02 0.000000000000000000e+00
4.050000000000000000e+03 1.619966070458194185e-01 3.741465634956759323e-01 3.336367774237596895e-01 2.445380063723258945e-01 4.767865270823850449e-02 0.000000000000000000e+00
4.075000000000000000e+03 1.629965861016577922e-01 3.775603095129722586e-01 3.359126081019572219e-01 2.447655894401456478e-01 4.176149294492489950e-02 0.000000000000000000e+00
4.100000000000000000e+03 1.639965651574961658e-01 3.753982703686845612e-01 3.337505689576695245e-01 2.463586709148839204e-01 4.449248975876194528e-02 0.000000000000000000e+00
4.125000000000000000e+03 1.649965442133345395e-01 3.725534820209376319e-01 3.414883932635411901e-01 2.368001820664542567e-01 4.915794264906690747e-02 0.000000000000000000e+00
4.150000000000000000e+03 1.659965232691729131e-01 3.681156121984524576e-01 3.414883932635411901e-01 2.385070550751024199e-01 5.188893946290396020e-02 0.000000000000000000e+00
4.175000000000000000e+03 1.669965023250112868e-01 3.651570323167956378e-01 3.454710969503869133e-01 2.413518434228493492e-01 4.802002730996814128e-02 0.000000000000000000e+00
4.200000000000000000e+03 1.679964813808496604e-01 3.669776968593536637e-01 3.449021392808375164e-01 2.405553026854801990e-01 4.756486117432862787e-02 0.000000000000000000e+00
4.225000000000000000e+03 1.689964604366880341e-01 3.719845243513882349e-01 3.408056440600819026e-01 2.388484296768320359e-01 4.836140191169777114e-02 0.000000000000000000e+00
4.250000000000000000e+03 1.699964394925266298e-01 3.654984069185252538e-01 3.474055530268548297e-01 2.487482931269913433e-01 3.834774692762858705e-02 0.000000000000000000e+00
4.275000000000000000e+03 1.709964185483650034e-01 3.651570323167956378e-01 3.456986800182066388e-01 2.493172507965407403e-01 3.982703686845699004e-02 0.000000000000000000e+00
4.300000000000000000e+03 1.719963976042033771e-01 3.612881201638598050e-01 3.516158397815202785e-01 2.439690487027765253e-01 4.312699135184342586e-02 0.000000000000000000e+00
4.325000000000000000e+03 1.729963766600417507e-01 3.693673190714610866e-01 3.522985889849795105e-01 2.399863450159308020e-01 3.834774692762858705e-02 0.000000000000000000e+00
4.350000000000000000e+03 1.739963557158801244e-01 3.700500682749203185e-01 3.534365043240783044e-01 2.382794720072826666e-01 3.823395539371871044e-02 0.000000000000000000e+00
4.375000000000000000e+03 1.749963347717184980e-01 3.713017751479290030e-01 3.515020482476103880e-01 2.330450614474283144e-01 4.415111515703231543e-02 0.000000000000000000e+00
4.400000000000000000e+03 1.759963138275568717e-01 3.715293582157487284e-01 3.515020482476103880e-01 2.374829312699135164e-01 3.948566226672735324e-02 0.000000000000000000e+00
4.425000000000000000e+03 1.769962928833952454e-01 3.731224396904870289e-01 3.521847974510696200e-01 2.345243513882567243e-01 4.016841147018661989e-02 0.000000000000000000e+00
4.450000000000000000e+03 1.779962719392336190e-01 3.723258989531179064e-01 3.521847974510696200e-01 2.387346381429221731e-01 3.675466545289030745e-02 0.000000000000000000e+00
4.475000000000000000e+03 1.789962509950719927e-01 3.758534365043240677e-01 3.505917159763313751e-01 2.355484751934456000e-01 3.800637232589895026e-02 0.000000000000000000e+00
4.500000000000000000e+03 1.799962300509103663e-01 3.724396904870277414e-01 3.538916704597178109e-01 2.340691852526172179e-01 3.959945380063722986e-02 0.000000000000000000e+00
4.525000000000000000e+03 1.809962091067487400e-01 3.813154301319982009e-01 3.470641784251251583e-01 2.369139736003641195e-01 3.470641784251251444e-02 0.000000000000000000e+00
4.550000000000000000e+03 1.819961881625871136e-01 3.753982703686845612e-01 3.524123805188894010e-01 2.388484296768320359e-01 3.334091943559399501e-02 0.000000000000000000e+00
4.575000000000000000e+03 1.829961672184257093e-01 3.796085571233500100e-01 3.494538006372325811e-01 2.396449704142011861e-01 3.129267182521620200e-02 0.000000000000000000e+00
4.600000000000000000e+03 1.839961462742640830e-01 3.769913518434228616e-01 3.544606281292672079e-01 2.352071005917159841e-01 3.334091943559399501e-02 0.000000000000000000e+00
4.625000000000000000e+03 1.849961253301024566e-01 3.773327264451524776e-01 3.546882111970869333e-01 2.338416021847974646e-01 3.413746017296313134e-02 0.000000000000000000e+00
4.650000000000000000e+03 1.859961043859408303e-01 3.794947655894401195e-01 3.500227583067819781e-01 2.325898953117888079e-01 3.789258079198907364e-02 0.000000000000000000e+00
4.675000000000000000e+03 1.869960834417792039e-01 3.825671370050068298e-01 3.515020482476103880e-01 2.305416477014110288e-01 3.538916704597178109e-02 0.000000000000000000e+00
4.700000000000000000e+03 1.879960624976175776e-01 3.817705962676377074e-01 3.472917614929449392e-01 2.320209376422394110e-01 3.891670459717797015e-02 0.000000000000000000e+00
4.725000000000000000e+03 1.889960415534559512e-01 3.862084660901228816e-01 3.450159308147474069e-01 2.314519799726900418e-01 3.732362312243969055e-02 0.000000000000000000e+00
4.750000000000000000e+03 1.899960206092943249e-01 3.845015930814747462e-01 3.460400546199362548e-01 2.346381429221665871e-01 3.482020937642239106e-02 0.000000000000000000e+00
4.775000000000000000e+03 1.909959996651326986e-01 3.887118798361401950e-01 3.422849340009103125e-01 2.352071005917159841e-01 3.368229403732362487e-02 1.137915339098771066e-04
4.800000000000000000e+03 1.919959787209710722e-01 3.922394173873463563e-01 3.367091488393263443e-01 2.365725989986345035e-01 3.447883477469276120e-02 0.000000000000000000e+00
4.825000000000000000e+03 1.929959577768094459e-01 3.872325898953117851e-01 3.430814747382794905e-01 2.398725534820209393e-01 2.981338188438780248e-02 0.000000000000000000e+00
4.850000000000000000e+03 1.939959368326478195e-01 3.841602184797451303e-01 3.445607646791079004e-01 2.443104233045061413e-01 2.696859353664087314e-02 0.000000000000000000e+00
4.875000000000000000e+03 1.949959158884864152e-01 3.765361857077833552e-01 3.466090122894856518e-01 2.465862539827036737e-01 3.026854802002730896e-02 0.000000000000000000e+00
4.900000000000000000e+03 1.959958949443247889e-01 3.838188438780154588e-01 3.428538916704597095e-01 2.447655894401456478e-01 2.856167501137915274e-02 0.000000000000000000e+00
4.925000000000000000e+03 1.969958740001631625e-01 3.911015020482476179e-01 3.400091033227127801e-01 2.405553026854801990e-01 2.833409194355939950e-02 0.000000000000000000e+00
4.950000000000000000e+03 1.979958530560015362e-01 3.846153846153846367e-01 3.452435138825671324e-01 2.413518434228493492e-01 2.878925807919890598e-02 0.000000000000000000e+00
4.975000000000000000e+03 1.989958321118399098e-01 3.826809285389167203e-01 3.479745106964041712e-01 2.437414656349567721e-01 2.560309512972235024e-02 0.000000000000000000e+00
5.000000000000000000e+03 1.999958111676782835e-01 3.875739644970414011e-01 3.484296768320436777e-01 2.391898042785616796e-01 2.469276285844333035e-02 1.137915339098771066e-04
5.025000000000000000e+03 2.009957902235166571e-01 3.824533454710969393e-01 3.482020937642239522e-01 2.451069640418752915e-01 2.423759672280382388e-02 0.000000000000000000e+00
5.050000000000000000e+03 2.019957692793550308e-01 3.799499317250796815e-01 3.511606736458807720e-01 2.465862539827036737e-01 2.230314064633591095e-02 0.000000000000000000e+00
5.075000000000000000e+03 2.029957483351934044e-01 3.763086026399635742e-01 3.500227583067819781e-01 2.511379153390987939e-01 2.253072371415566766e-02 0.000000000000000000e+00
5.100000000000000000e+03 2.039957273910317781e-01 3.799499317250796815e-01 3.507055075102412656e-01 2.484069185252617273e-01 2.093764223941738806e-02 0.000000000000000000e+00
5.125000000000000000e+03 2.049957064468701518e-01 3.755120619025944517e-01 3.554847519344560558e-01 2.455621301775147980e-01 2.344105598543468408e-02 0.000000000000000000e+00
5.150000000000000000e+03 2.059956855027085254e-01 3.640191169776968438e-01 3.628812016385981054e-01 2.504551661356395065e-01 2.264451524806554428e-02 0.000000000000000000e+00
5.175000000000000000e+03 2.069956645585468991e-01 3.619708693673190925e-01 3.653846153846153633e-01 2.518206645425580259e-01 2.082385070550751144e-02 0.000000000000000000e+00
5.200000000000000000e+03 2.079956436143854948e-01 3.672052799271734447e-01 3.637915339098771184e-01 2.502275830678197810e-01 1.877560309512972189e-02 0.000000000000000000e+00
5.225000000000000000e+03 2.089956226702238684e-01 3.604915794264906825e-01 3.652708238507055283e-01 2.519344560764679164e-01 2.230314064633591095e-02 0.000000000000000000e+00
5.250000000000000000e+03 2.099956017260622421e-01 3.574192080109239722e-01 3.662949476558943762e-01 2.519344560764679164e-01 2.435138825671370050e-02 0.000000000000000000e+00
5.275000000000000000e+03 2.109955807819006157e-01 3.602639963586709015e-01 3.657259899863450348e-01 2.545516613563950648e-01 1.945835229858898507e-02 0.000000000000000000e+00
5.300000000000000000e+03 2.119955598377389894e-01 3.627674101046882149e-01 3.667501137915338827e-01 2.538689121529358328e-01 1.649977241693217911e-02 1.137915339098771066e-04
5.325000000000000000e+03 2.129955388935773630e-01 3.566226672735548497e-01 3.656121984524351443e-01 2.573964497041419941e-01 2.036868456986800149e-02 0.000000000000000000e+00
5.350000000000000000e+03 2.139955179494157367e-01 3.552571688666363303e-01 3.668639053254437732e-01 2.594446973145198010e-01 1.843422849340009204e-02 0.000000000000000000e+00
5.375000000000000000e+03 2.149954970052541103e-01 3.573054164770141372e-01 3.636777423759672279e-01 2.578516158397815006e-01 2.116522530723714129e-02 0.000000000000000000e+00
5.400000000000000000e+03 2.159954760610924840e-01 3.544606281292672079e-01 3.645880746472462408e-01 2.600136549840691980e-01 2.093764223941738806e-02 0.000000000000000000e+00
5.425000000000000000e+03 2.169954551169308576e-01 3.543468365953573174e-01 3.652708238507055283e-01 2.597860719162494170e-01 2.059626763768775473e-02 0.000000000000000000e+00
5.450000000000000000e+03 2.179954341727692313e-01 3.570778334091943562e-01 3.661811561219845412e-01 2.584205735093308975e-01 1.832043695949021542e-02 0.000000000000000000e+00
5.475000000000000000e+03 2.189954132286076049e-01 3.536640873918980299e-01 3.626536185707783244e-01 2.628584433318161273e-01 2.071005917159763482e-02 1.137915339098771066e-04
5.500000000000000000e+03 2.199953922844462006e-01 3.561675011379153433e-01 3.600364132908511761e-01 2.644515248065543722e-01 1.934456076467910846e-02 0.000000000000000000e+00
5.525000000000000000e+03 2.209953713402845743e-01 3.588984979517523821e-01 3.585571233500227661e-01 2.622894856622667303e-01 2.025489303595812488e-02 0.000000000000000000e+00
5.550000000000000000e+03 2.219953503961229480e-01 3.550295857988165493e-01 3.599226217569412856e-01 2.654756486117432757e-01 1.957214383249886169e-02 0.000000000000000000e+00
5.575000000000000000e+03 2.229953294519613216e-01 3.534365043240783044e-01 3.619708693673190925e-01 2.658170232134728916e-01 1.854802002730996865e-02 2.275830678197542133e-04
5.600000000000000000e+03 2.239953085077996953e-01 3.537778789258079204e-01 3.661811561219845412e-01 2.639963586709148657e-01 1.604460628129267263e-02 0.000000000000000000e+00
5.625000000000000000e+03 2.249952875636380689e-01 3.529813381884387979e-01 3.624260355029585989e-01 2.635411925352753593e-01 2.105143377332726468e-02 0.000000000000000000e+00
5.650000000000000000e+03 2.259952666194764426e-01 3.541192535275375364e-01 3.641329085116067343e-01 2.636549840691852498e-01 1.809285389167045871e-02 0.000000000000000000e+00
5.675000000000000000e+03 2.269952456753148162e-01 3.527537551206190169e-01 3.652708238507055283e-01 2.610377787892581014e-01 2.093764223941738806e-02 0.000000000000000000e+00
