# itime ezz other fcc hcp bcc ico
0.000000000000000000e+00 0.000000000000000000e+00 0.000000000000000000e+00 1.000000000000000000e+00 0.000000000000000000e+00 0.000000000000000000e+00 0.000000000000000000e+00
2.500000000000000000e+01 9.999900336747913343e-04 0.000000000000000000e+00 1.000000000000000000e+00 0.000000000000000000e+00 0.000000000000000000e+00 0.000000000000000000e+00
5.000000000000000000e+01 1.999980067349804713e-03 0.000000000000000000e+00 1.000000000000000000e+00 0.000000000000000000e+00 0.000000000000000000e+00 0.000000000000000000e+00
7.500000000000000000e+01 2.999970101024596048e-03 0.000000000000000000e+00 1.000000000000000000e+00 0.000000000000000000e+00 0.000000000000000000e+00 0.000000000000000000e+00
1.000000000000000000e+02 3.999960134699609426e-03 0.000000000000000000e+00 1.000000000000000000e+00 0.000000000000000000e+00 0.000000000000000000e+00 0.000000000000000000e+00
1.250000000000000000e+02 4.999950168374400761e-03 0.000000000000000000e+00 1.000000000000000000e+00 0.000000000000000000e+00 0.000000000000000000e+00 0.000000000000000000e+00
1.500000000000000000e+02 5.999940202049414140e-03 0.000000000000000000e+00 1.000000000000000000e+00 0.000000000000000000e+00 0.000000000000000000e+00 0.000000000000000000e+00
1.750000000000000000e+02 6.999930235724205474e-03 0.000000000000000000e+00 1.000000000000000000e+00 0.000000000000000000e+00 0.000000000000000000e+00 0.000000000000000000e+00
2.000000000000000000e+02 7.999920269399218853e-03 0.000000000000000000e+00 1.000000000000000000e+00 0.000000000000000000e+00 0.000000000000000000e+00 0.000000000000000000e+00
2.250000000000000000e+02 8.999910303074010187e-03 0.000000000000000000e+00 1.000000000000000000e+00 0.000000000000000000e+00 0.000000000000000000e+00 0.000000000000000000e+00
2.500000000000000000e+02 9.999900336749023566e-03 0.000000000000000000e+00 1.000000000000000000e+00 0.000000000000000000e+00 0.000000000000000000e+00 0.000000000000000000e+00
2.750000000000000000e+02 1.099989037042381490e-02 0.000000000000000000e+00 1.000000000000000000e+00 0.000000000000000000e+00 0.000000000000000000e+00 0.000000000000000000e+00
3.000000000000000000e+02 1.199988040409882828e-02 0.000000000000000000e+00 1.000000000000000000e+00 0.000000000000000000e+00 0.000000000000000000e+00 0.000000000000000000e+00
3.250000000000000000e+02 1.299987043777361961e-02 0.000000000000000000e+00 1.000000000000000000e+00 0.000000000000000000e+00 0.000000000000000000e+00 0.000000000000000000e+00
3.500000000000000000e+02 1.399986047144863299e-02 0.000000000000000000e+00 1.000000000000000000e+00 0.000000000000000000e+00 0.000000000000000000e+00 0.000000000000000000e+00
3.750000000000000000e+02 1.499985050512342433e-02 0.000000000000000000e+00 1.000000000000000000e+00 0.000000000000000000e+00 0.000000000000000000e+00 0.000000000000000000e+00
4.000000000000000000e+02 1.599984053879843771e-02 0.000000000000000000e+00 1.000000000000000000e+00 0.000000000000000000e+00 0.000000000000000000e+00 0.000000000000000000e+00
4.250000000000000000e+02 1.699983057247322904e-02 0.000000000000000000e+00 1.000000000000000000e+00 0.000000000000000000e+00 0.000000000000000000e+00 0.000000000000000000e+00
4.500000000000000000e+02 1.799982060614824242e-02 0.000000000000000000e+00 1.000000000000000000e+00 0.000000000000000000e+00 0.000000000000000000e+00 0.000000000000000000e+00
4.750000000000000000e+02 1.899981063982303375e-02 0.000000000000000000e+00 1.000000000000000000e+00 0.000000000000000000e+00 0.000000000000000000e+00 0.000000000000000000e+00
5.000000000000000000e+02 1.999980067349782509e-02 0.000000000000000000e+00 1.000000000000000000e+00 0.000000000000000000e+00 0.000000000000000000e+00 0.000000000000000000e+00
5.250000000000000000e+02 2.099979070717283847e-02 0.000000000000000000e+00 1.000000000000000000e+00 0.000000000000000000e+00 0.000000000000000000e+00 0.000000000000000000e+00
5.500000000000000000e+02 2.199978074084762980e-02 0.000000000000000000e+00 1.000000000000000000e+00 0.000000000000000000e+00 0.000000000000000000e+00 0.000000000000000000e+00
5.750000000000000000e+02 2.299977077452264318e-02 0.000000000000000000e+00 1.000000000000000000e+00 0.000000000000000000e+00 0.000000000000000000e+00 0.000000000000000000e+00
6.000000000000000000e+02 2.399976080819743451e-02 0.000000000000000000e+00 1.000000000000000000e+00 0.000000000000000000e+00 0.000000000000000000e+00 0.000000000000000000e+00
6.250000000000000000e+02 2.499975084187244789e-02 0.000000000000000000e+00 1.000000000000000000e+00 0.000000000000000000e+00 0.000000000000000000e+00 0.000000000000000000e+00
6.500000000000000000e+02 2.599974087554723923e-02 0.000000000000000000e+00 1.000000000000000000e+00 0.000000000000000000e+00 0.000000000000000000e+00 0.000000000000000000e+00
6.750000000000000000e+02 2.699973090922225261e-02 0.000000000000000000e+00 1.000000000000000000e+00 0.000000000000000000e+00 0.000000000000000000e+00 0.000000000000000000e+00
7.000000000000000000e+02 2.799972094289704394e-02 0.000000000000000000e+00 1.000000000000000000e+00 0.000000000000000000e+00 0.000000000000000000e+00 0.000000000000000000e+00
7.250000000000000000e+02 2.899971097657205732e-02 0.000000000000000000e+00 1.000000000000000000e+00 0.000000000000000000e+00 0.000000000000000000e+00 0.000000000000000000e+00
7.500000000000000000e+02 2.999970101024684865e-02 0.000000000000000000e+00 1.000000000000000000e+00 0.000000000000000000e+00 0.000000000000000000e+00 0.000000000000000000e+00
7.750000000000000000e+02 3.099969104392186203e-02 0.000000000000000000e+00 1.000000000000000000e+00 0.000000000000000000e+00 0.000000000000000000e+00 0.000000000000000000e+00
8.000000000000000000e+02 3.199968107759665337e-02 0.000000000000000000e+00 1.000000000000000000e+00 0.000000000000000000e+00 0.000000000000000000e+00 0.000000000000000000e+00
8.250000000000000000e+02 3.299967111127166675e-02 0.000000000000000000e+00 1.000000000000000000e+00 0.000000000000000000e+00 0.000000000000000000e+00 0.000000000000000000e+00
8.500000000000000000e+02 3.399966114494645808e-02 0.000000000000000000e+00 1.000000000000000000e+00 0.000000000000000000e+00 0.000000000000000000e+00 0.000000000000000000e+00
8.750000000000000000e+02 3.499965117862147146e-02 0.000000000000000000e+00 1.000000000000000000e+00 0.000000000000000000e+00 0.000000000000000000e+00 0.000000000000000000e+00
9.000000000000000000e+02 3.599964121229626279e-02 0.000000000000000000e+00 1.000000000000000000e+00 0.000000000000000000e+00 0.000000000000000000e+00 0.000000000000000000e+00
9.250000000000000000e+02 3.699963124597127617e-02 0.000000000000000000e+00 1.000000000000000000e+00 0.000000000000000000e+00 0.000000000000000000e+00 0.000000000000000000e+00
9.500000000000000000e+02 3.799962127964606751e-02 0.000000000000000000e+00 1.000000000000000000e+00 0.000000000000000000e+00 0.000000000000000000e+00 0.000000000000000000e+00
9.750000000000000000e+02 3.899961131332085884e-02 0.000000000000000000e+00 1.000000000000000000e+00 0.000000000000000000e+00 0.000000000000000000e+00 0.000000000000000000e+00
1.000000000000000000e+03 3.999960134699587222e-02 0.000000000000000000e+00 1.000000000000000000e+00 0.000000000000000000e+00 0.000000000000000000e+00 0.000000000000000000e+00
1.025000000000000000e+03 4.099959138067066355e-02 0.000000000000000000e+00 1.000000000000000000e+00 0.000000000000000000e+00 0.000000000000000000e+00 0.000000000000000000e+00
1.050000000000000000e+03 4.199958141434567693e-02 0.000000000000000000e+00 1.000000000000000000e+00 0.000000000000000000e+00 0.000000000000000000e+00 0.000000000000000000e+00
1.075000000000000000e+03 4.299957144802046827e-02 0.000000000000000000e+00 1.000000000000000000e+00 0.000000000000000000e+00 0.000000000000000000e+00 0.000000000000000000e+00
1.100000000000000000e+03 4.399956148169548165e-02 0.000000000000000000e+00 1.000000000000000000e+00 0.000000000000000000e+00 0.000000000000000000e+00 0.000000000000000000e+00
1.125000000000000000e+03 4.499955151537027298e-02 0.000000000000000000e+00 1.000000000000000000e+00 0.000000000000000000e+00 0.000000000000000000e+00 0.000000000000000000e+00
1.150000000000000000e+03 4.599954154904528636e-02 0.000000000000000000e+00 1.000000000000000000e+00 0.000000000000000000e+00 0.000000000000000000e+00 0.000000000000000000e+00
1.175000000000000000e+03 4.699953158272007769e-02 0.000000000000000000e+00 1.000000000000000000e+00 0.000000000000000000e+00 0.000000000000000000e+00 0.000000000000000000e+00
1.200000000000000000e+03 4.799952161639509107e-02 0.000000000000000000e+00 1.000000000000000000e+00 0.000000000000000000e+00 0.000000000000000000e+00 0.000000000000000000e+00
1.225000000000000000e+03 4.899951165006988241e-02 0.000000000000000000e+00 1.000000000000000000e+00 0.000000000000000000e+00 0.000000000000000000e+00 0.000000000000000000e+00
1.250000000000000000e+03 4.999950168374489579e-02 0.000000000000000000e+00 1.000000000000000000e+00 0.000000000000000000e+00 0.000000000000000000e+00 0.000000000000000000e+00
1.275000000000000000e+03 5.099949171741968712e-02 0.000000000000000000e+00 1.000000000000000000e+00 0.000000000000000000e+00 0.000000000000000000e+00 0.000000000000000000e+00
1.300000000000000000e+03 5.199948175109470050e-02 0.000000000000000000e+00 1.000000000000000000e+00 0.000000000000000000e+00 0.000000000000000000e+00 0.000000000000000000e+00
1.325000000000000000e+03 5.299947178476949183e-02 0.000000000000000000e+00 1.000000000000000000e+00 0.000000000000000000e+00 0.000000000000000000e+00 0.000000000000000000e+00
1.350000000000000000e+03 5.399946181844450521e-02 0.000000000000000000e+00 1.000000000000000000e+00 0.000000000000000000e+00 0.000000000000000000e+00 0.000000000000000000e+00
1.375000000000000000e+03 5.499945185211929655e-02 0.000000000000000000e+00 1.000000000000000000e+00 0.000000000000000000e+00 0.000000000000000000e+00 0.000000000000000000e+00
1.400000000000000000e+03 5.599944188579408788e-02 0.000000000000000000e+00 1.000000000000000000e+00 0.000000000000000000e+00 0.000000000000000000e+00 0.000000000000000000e+00
1.425000000000000000e+03 5.699943191946910126e-02 0.000000000000000000e+00 1.000000000000000000e+00 0.000000000000000000e+00 0.000000000000000000e+00 0.000000000000000000e+00
1.450000000000000000e+03 5.799942195314389259e-02 0.000000000000000000e+00 1.000000000000000000e+00 0.000000000000000000e+00 0.000000000000000000e+00 0.000000000000000000e+00
1.475000000000000000e+03 5.899941198681890597e-02 0.000000000000000000e+00 1.000000000000000000e+00 0.000000000000000000e+00 0.000000000000000000e+00 0.000000000000000000e+00
1.500000000000000000e+03 5.999940202049369731e-02 0.000000000000000000e+00 1.000000000000000000e+00 0.000000000000000000e+00 0.000000000000000000e+00 0.000000000000000000e+00
1.525000000000000000e+03 6.099939205416871069e-02 0.000000000000000000e+00 1.000000000000000000e+00 0.000000000000000000e+00 0.000000000000000000e+00 0.000000000000000000e+00
1.550000000000000000e+03 6.199938208784350202e-02 0.000000000000000000e+00 1.000000000000000000e+00 0.000000000000000000e+00 0.000000000000000000e+00 0.000000000000000000e+00
1.575000000000000000e+03 6.299937212151851540e-02 0.000000000000000000e+00 1.000000000000000000e+00 0.000000000000000000e+00 0.000000000000000000e+00 0.000000000000000000e+00
1.600000000000000000e+03 6.399936215519330673e-02 0.000000000000000000e+00 1.000000000000000000e+00 0.000000000000000000e+00 0.000000000000000000e+00 0.000000000000000000e+00
1.625000000000000000e+03 6.499935218886832011e-02 0.000000000000000000e+00 1.000000000000000000e+00 0.000000000000000000e+00 0.000000000000000000e+00 0.000000000000000000e+00
1.650000000000000000e+03 6.599934222254311145e-02 0.000000000000000000e+00 1.000000000000000000e+00 0.000000000000000000e+00 0.000000000000000000e+00 0.000000000000000000e+00
1.675000000000000000e+03 6.699933225621812483e-02 0.000000000000000000e+00 1.000000000000000000e+00 0.000000000000000000e+00 0.000000000000000000e+00 0.000000000000000000e+00
1.700000000000000000e+03 6.799932228989291616e-02 0.000000000000000000e+00 1.000000000000000000e+00 0.000000000000000000e+00 0.000000000000000000e+00 0.000000000000000000e+00
1.725000000000000000e+03 6.899931232356792954e-02 0.000000000000000000e+00 1.000000000000000000e+00 0.000000000000000000e+00 0.000000000000000000e+00 0.000000000000000000e+00
1.750000000000000000e+03 6.999930235724272087e-02 2.275830678197542133e-04 9.997724169321802190e-01 0.000000000000000000e+00 0.000000000000000000e+00 0.000000000000000000e+00
1.775000000000000000e+03 7.099929239091773425e-02 0.000000000000000000e+00 1.000000000000000000e+00 0.000000000000000000e+00 0.000000000000000000e+00 0.000000000000000000e+00
1.800000000000000000e+03 7.199928242459252559e-02 1.137915339098771066e-04 9.998862084660901095e-01 0.000000000000000000e+00 0.000000000000000000e+00 0.000000000000000000e+00
1.825000000000000000e+03 7.299927245826753897e-02 0.000000000000000000e+00 1.000000000000000000e+00 0.000000000000000000e+00 0.000000000000000000e+00 0.000000000000000000e+00
1.850000000000000000e+03 7.399926249194233030e-02 0.000000000000000000e+00 1.000000000000000000e+00 0.000000000000000000e+00 0.000000000000000000e+00 0.000000000000000000e+00
1.875000000000000000e+03 7.499925252561712163e-02 0.000000000000000000e+00 1.000000000000000000e+00 0.000000000000000000e+00 0.000000000000000000e+00 0.000000000000000000e+00
1.900000000000000000e+03 7.599924255929213501e-02 4.551661356395084266e-04 9.995448338643604380e-01 0.000000000000000000e+00 0.000000000000000000e+00 0.000000000000000000e+00
1.925000000000000000e+03 7.699923259296692635e-02 1.137915339098771066e-04 9.998862084660901095e-01 0.000000000000000000e+00 0.000000000000000000e+00 0.000000000000000000e+00
1.950000000000000000e+03 7.799922262664193973e-02 1.137915339098771066e-04 9.998862084660901095e-01 0.000000000000000000e+00 0.000000000000000000e+00 0.000000000000000000e+00
1.975000000000000000e+03 7.899921266031673106e-02 0.000000000000000000e+00 1.000000000000000000e+00 0.000000000000000000e+00 0.000000000000000000e+00 0.000000000000000000e+00
2.000000000000000000e+03 7.999920269399174444e-02 0.000000000000000000e+00 1.000000000000000000e+00 0.000000000000000000e+00 0.000000000000000000e+00 0.000000000000000000e+00
2.025000000000000000e+03 8.099919272766653577e-02 1.137915339098771066e-04 9.998862084660901095e-01 0.000000000000000000e+00 0.000000000000000000e+00 0.000000000000000000e+00
2.050000000000000000e+03 8.199918276134154915e-02 3.413746017296313199e-04 9.996586253982703285e-01 0.000000000000000000e+00 0.000000000000000000e+00 0.000000000000000000e+00
2.075000000000000000e+03 8.299917279501634049e-02 0.000000000000000000e+00 1.000000000000000000e+00 0.000000000000000000e+00 0.000000000000000000e+00 0.000000000000000000e+00
2.100000000000000000e+03 8.399916282869135387e-02 4.551661356395084266e-04 9.994310423304506585e-01 0.000000000000000000e+00 1.137915339098771066e-04 0.000000000000000000e+00
2.125000000000000000e+03 8.499915286236614520e-02 5.689576695493854790e-04 9.994310423304506585e-01 0.000000000000000000e+00 0.000000000000000000e+00 0.000000000000000000e+00
2.150000000000000000e+03 8.599914289604115858e-02 6.827492034592626399e-04 9.993172507965407680e-01 0.000000000000000000e+00 0.000000000000000000e+00 0.000000000000000000e+00
2.175000000000000000e+03 8.699913292971594991e-02 3.413746017296313199e-04 9.996586253982703285e-01 0.000000000000000000e+00 0.000000000000000000e+00 0.000000000000000000e+00
2.200000000000000000e+03 8.799912296339096329e-02 2.275830678197542133e-04 9.996586253982703285e-01 0.000000000000000000e+00 1.137915339098771066e-04 0.000000000000000000e+00
2.225000000000000000e+03 8.899911299706575463e-02 1.024123805188893906e-03 9.988620846609012061e-01 0.000000000000000000e+00 1.137915339098771066e-04 0.000000000000000000e+00
2.250000000000000000e+03 8.999910303074076801e-02 9.103322712790168532e-04 9.990896677287209870e-01 0.000000000000000000e+00 0.000000000000000000e+00 0.000000000000000000e+00
2.275000000000000000e+03 9.099909306441555934e-02 2.275830678197542133e-04 9.997724169321802190e-01 0.000000000000000000e+00 0.000000000000000000e+00 0.000000000000000000e+00
2.300000000000000000e+03 9.199908309809057272e-02 6.827492034592626399e-04 9.993172507965407680e-01 0.000000000000000000e+00 0.000000000000000000e+00 0.000000000000000000e+00
2.325000000000000000e+03 9.299907313176536405e-02 2.162039144287664864e-03 9.977241693218024121e-01 0.000000000000000000e+00 1.137915339098771066e-04 0.000000000000000000e+00
2.350000000000000000e+03 9.399906316544015539e-02 9.103322712790168532e-04 9.989758761948110966e-01 0.000000000000000000e+00 1.137915339098771066e-04 0.000000000000000000e+00
2.375000000000000000e+03 9.499905319911516877e-02 3.527537551206190360e-03 9.963586709148839482e-01 0.000000000000000000e+00 1.137915339098771066e-04 0.000000000000000000e+00
2.400000000000000000e+03 9.599904323278996010e-02 3.641329085116067413e-03 9.962448793809740577e-01 0.000000000000000000e+00 1.137915339098771066e-04 0.000000000000000000e+00
2.425000000000000000e+03 9.699903326646497348e-02 5.689576695493854790e-04 9.993172507965407680e-01 0.000000000000000000e+00 1.137915339098771066e-04 0.000000000000000000e+00
2.450000000000000000e+03 9.799902330013976481e-02 3.527537551206190360e-03 9.962448793809740577e-01 0.000000000000000000e+00 2.275830678197542133e-04 0.000000000000000000e+00
2.475000000000000000e+03 9.899901333381477819e-02 1.479289940828402332e-03 9.985207100591716456e-01 0.000000000000000000e+00 0.000000000000000000e+00 0.000000000000000000e+00
2.500000000000000000e+03 9.999900336748956953e-02 3.868912152935821518e-03 9.957897132453344957e-01 0.000000000000000000e+00 3.413746017296313199e-04 0.000000000000000000e+00
2.525000000000000000e+03 1.009989934011645829e-01 3.072371415566681717e-03 9.968138370505233992e-01 0.000000000000000000e+00 1.137915339098771066e-04 0.000000000000000000e+00
2.550000000000000000e+03 1.019989834348393742e-01 4.665452890304961318e-03 9.949931725079653733e-01 0.000000000000000000e+00 3.413746017296313199e-04 0.000000000000000000e+00
2.575000000000000000e+03 1.029989734685143876e-01 4.324078288575329727e-03 9.955621301775148257e-01 0.000000000000000000e+00 1.137915339098771066e-04 0.000000000000000000e+00
2.600000000000000000e+03 1.039989635021891790e-01 3.641329085116067413e-03 9.963586709148839482e-01 0.000000000000000000e+00 0.000000000000000000e+00 0.000000000000000000e+00
2.625000000000000000e+03 1.049989535358641923e-01 5.803368229403732710e-03 9.941966317705962508e-01 0.000000000000000000e+00 0.000000000000000000e+00 0.000000000000000000e+00
2.650000000000000000e+03 1.059989435695389837e-01 6.941283568502503235e-03 9.927173418297678964e-01 0.000000000000000000e+00 3.413746017296313199e-04 0.000000000000000000e+00
2.675000000000000000e+03 1.069989336032139970e-01 6.599908966772872511e-03 9.931725079654073474e-01 0.000000000000000000e+00 2.275830678197542133e-04 0.000000000000000000e+00
2.700000000000000000e+03 1.079989236368887884e-01 7.510241238051888930e-03 9.920345926263085534e-01 0.000000000000000000e+00 4.551661356395084266e-04 0.000000000000000000e+00
2.725000000000000000e+03 1.089989136705638018e-01 1.024123805188893906e-02 9.891898042785616241e-01 0.000000000000000000e+00 5.689576695493854790e-04 0.000000000000000000e+00
2.750000000000000000e+03 1.099989037042385931e-01 1.103777878925807886e-02 9.883932635411925016e-01 0.000000000000000000e+00 5.689576695493854790e-04 0.000000000000000000e+00
2.775000000000000000e+03 1.109988937379136065e-01 7.396449704142011444e-03 9.920345926263085534e-01 0.000000000000000000e+00 5.689576695493854790e-04 0.000000000000000000e+00
2.800000000000000000e+03 1.119988837715883978e-01 1.001365498406918582e-02 9.891898042785616241e-01 0.000000000000000000e+00 7.965407373691396923e-04 0.000000000000000000e+00
2.825000000000000000e+03 1.129988738052631891e-01 1.115157032316795548e-02 9.886208466090122826e-01 0.000000000000000000e+00 2.275830678197542133e-04 0.000000000000000000e+00
2.850000000000000000e+03 1.139988638389382025e-01 1.331360946745562164e-02 9.858898497951752438e-01 0.000000000000000000e+00 7.965407373691396923e-04 0.000000000000000000e+00
2.875000000000000000e+03 1.149988538726129939e-01 1.832043695949021542e-02 9.803140646335912756e-01 0.000000000000000000e+00 1.365498406918525280e-03 0.000000000000000000e+00
2.900000000000000000e+03 1.159988439062880072e-01 1.524806554392353283e-02 9.831588529813382049e-01 0.000000000000000000e+00 1.593081474738279385e-03 0.000000000000000000e+00
2.925000000000000000e+03 1.169988339399627986e-01 2.503413746017296368e-02 9.717796995903504875e-01 0.000000000000000000e+00 3.186162949476558769e-03 0.000000000000000000e+00
2.950000000000000000e+03 1.179988239736378119e-01 3.060992262175694228e-02 9.654073736913973969e-01 0.000000000000000000e+00 3.982703686845699004e-03 0.000000000000000000e+00
2.975000000000000000e+03 1.189988140073126033e-01 3.413746017296313134e-02 9.596040054619936477e-01 0.000000000000000000e+00 6.258534365043240920e-03 0.000000000000000000e+00
3.000000000000000000e+03 1.199988040409876167e-01 4.699590350477924477e-02 9.380974055530268974e-01 0.000000000000000000e+00 1.490669094219390124e-02 0.000000000000000000e+00
3.025000000000000000e+03 1.209987940746624080e-01 7.783340919435594030e-02 8.848429676832043622e-01 0.000000000000000000e+00 3.732362312243969055e-02 0.000000000000000000e+00
3.050000000000000000e+03 1.219987841083374214e-01 1.348429676832043622e-01 7.687756030951297115e-01 0.000000000000000000e+00 9.638142922166591242e-02 0.000000000000000000e+00
3.075000000000000000e+03 1.229987741420122127e-01 1.911697769685935244e-01 5.946745562130177909e-01 0.000000000000000000e+00 2.141556668183887124e-01 0.000000000000000000e+00
3.100000000000000000e+03 1.239987641756872261e-01 2.713928083750569153e-01 3.619708693673190925e-01 2.730996813837050560e-03 3.639053254437870089e-01 0.000000000000000000e+00
3.125000000000000000e+03 1.249987542093620174e-01 3.262403277196176399e-01 1.951524806554392477e-01 2.844788347746927612e-03 4.757624032771961553e-01 0.000000000000000000e+00
3.150000000000000000e+03 1.259987442430370308e-01 3.518434228493400040e-01 1.136777423759672279e-01 2.617205279927173507e-03 5.318616294947655643e-01 0.000000000000000000e+00
3.175000000000000000e+03 1.269987342767118221e-01 3.533227127901684139e-01 1.040054619936276736e-01 6.258534365043240920e-03 5.364132908511606290e-01 0.000000000000000000e+00
3.200000000000000000e+03 1.279987243103868355e-01 3.447883477469276259e-01 1.224396904870277691e-01 8.534365043240782836e-03 5.242375967228037892e-01 0.000000000000000000e+00
3.225000000000000000e+03 1.289987143440616268e-01 3.487710514337733492e-01 1.536185707783341015e-01 1.297223486572599005e-02 4.846381429221666148e-01 0.000000000000000000e+00
3.250000000000000000e+03 1.299987043777366402e-01 3.530951297223486329e-01 1.777423759672280279e-01 2.969959035047792587e-02 4.394629039599453613e-01 0.000000000000000000e+00
3.275000000000000000e+03 1.309986944114114316e-01 3.550295857988165493e-01 1.910559854346836617e-01 4.278561675011378906e-02 4.111288120163859583e-01 0.000000000000000000e+00
3.300000000000000000e+03 1.319986844450862229e-01 3.410332271279016836e-01 2.089212562585343602e-01 5.791989076012744875e-02 3.921256258534365213e-01 0.000000000000000000e+00
3.325000000000000000e+03 1.329986744787612363e-01 3.499089667728720876e-01 2.286071916249431124e-01 7.453345471096950448e-02 3.469503868912152678e-01 0.000000000000000000e+00
3.350000000000000000e+03 1.339986645124360276e-01 3.477469276285844457e-01 2.396449704142011861e-01 9.888484296768319803e-02 3.137232589895311841e-01 0.000000000000000000e+00
3.375000000000000000e+03 1.349986545461110410e-01 3.451297223486572419e-01 2.517068730086481354e-01 1.129949931725079681e-01 2.901684114701866268e-01 0.000000000000000000e+00
3.400000000000000000e+03 1.359986445797858323e-01 3.403504779244423961e-01 2.608101957214383204e-01 1.231224396904870289e-01 2.757168866636321991e-01 0.000000000000000000e+00
3.425000000000000000e+03 1.369986346134608457e-01 3.251024123805189014e-01 2.636549840691852498e-01 1.337050523441055960e-01 2.775375512061902805e-01 0.000000000000000000e+00
3.450000000000000000e+03 1.379986246471356370e-01 3.307919890760127601e-01 2.652480655439235502e-01 1.473600364132908458e-01 2.565999089667728716e-01 0.000000000000000000e+00
3.475000000000000000e+03 1.389986146808106504e-01 3.377332726445152478e-01 2.765134274010013771e-01 1.581702321347291662e-01 2.275830678197542090e-01 0.000000000000000000e+00
3.500000000000000000e+03 1.399986047144854417e-01 3.365953573054164538e-01 2.832271279016841392e-01 1.659080564406008318e-01 2.142694583522985752e-01 0.000000000000000000e+00
3.525000000000000000e+03 1.409985947481604551e-01 3.562812926718252338e-01 2.859581247155211781e-01 1.786527082385070686e-01 1.791078743741465751e-01 0.000000000000000000e+00
3.550000000000000000e+03 1.419985847818352465e-01 3.574192080109239722e-01 2.930131998179335562e-01 1.805871643149749572e-01 1.689804278561675144e-01 0.000000000000000000e+00
3.575000000000000000e+03 1.429985748155102598e-01 3.558261265361857273e-01 3.117888029130632677e-01 1.887801547564861293e-01 1.436049157942649035e-01 0.000000000000000000e+00
3.600000000000000000e+03 1.439985648491850512e-01 3.590122894856622726e-01 3.137232589895311841e-01 1.892353208921256358e-01 1.380291306326809353e-01 0.000000000000000000e+00
3.625000000000000000e+03 1.449985548828600646e-01 3.533227127901684139e-01 3.202093764223941652e-01 1.975421028675466428e-01 1.289258079198907503e-01 0.000000000000000000e+00
3.650000000000000000e+03 1.459985449165348559e-01 3.534365043240783044e-01 3.271506599908966528e-01 2.097177969959035104e-01 1.096950386891215323e-01 0.000000000000000000e+00
3.675000000000000000e+03 1.469985349502098693e-01 3.550295857988165493e-01 3.320436959490213891e-01 2.173418297678652578e-01 9.558488848429676221e-02 0.000000000000000000e+00
3.700000000000000000e+03 1.479985249838846606e-01 3.571916249431042467e-01 3.383022303140646447e-01 2.182521620391442985e-01 8.625398270368685172e-02 0.000000000000000000e+00
3.725000000000000000e+03 1.489985150175594519e-01 3.604915794264906825e-01 3.408056440600819026e-01 2.245106964041875264e-01 7.419208010923987462e-02 0.000000000000000000e+00
3.750000000000000000e+03 1.499985050512344653e-01 3.593536640873918886e-01 3.437642239417387224e-01 2.311106053709603980e-01 6.577150659990896320e-02 0.000000000000000000e+00
3.775000000000000000e+03 1.509984950849092566e-01 3.561675011379153433e-01 3.535502958579881394e-01 2.283796085571233592e-01 6.190259444697314428e-02 0.000000000000000000e+00
3.800000000000000000e+03 1.519984851185842700e-01 3.540054619936277014e-01 3.546882111970869333e-01 2.241693218024579104e-01 6.713700500682749650e-02 0.000000000000000000e+00
3.825000000000000000e+03 1.529984751522590614e-01 3.573054164770141372e-01 3.594674556213017791e-01 2.224624487938097472e-01 6.076467910787437116e-02 0.000000000000000000e+00
3.850000000000000000e+03 1.539984651859340747e-01 3.429676832043696000e-01 3.709604005461993870e-01 2.296313154301319881e-01 5.644060081929904577e-02 0.000000000000000000e+00
3.875000000000000000e+03 1.549984552196088661e-01 3.357988165680473314e-01 3.832498862084661173e-01 2.276968593536640995e-01 5.325443786982248656e-02 0.000000000000000000e+00
3.900000000000000000e+03 1.559984452532838795e-01 3.343195266272189214e-01 3.929221665908056438e-01 2.243969048702776636e-01 4.836140191169777114e-02 0.000000000000000000e+00
3.925000000000000000e+03 1.569984352869586708e-01 3.291989076012744597e-01 4.056668183887118806e-01 2.180245789713245452e-01 4.710969503868912139e-02 0.000000000000000000e+00
3.950000000000000000e+03 1.579984253206336842e-01 3.336367774237596895e-01 4.168183887118798170e-01 2.089212562585343602e-01 4.062357760582612637e-02 0.000000000000000000e+00
3.975000000000000000e+03 1.589984153543084755e-01 3.270368684569868178e-01 4.284251251706873154e-01 2.027765134274009950e-01 4.176149294492489950e-02 0.000000000000000000e+00
4.000000000000000000e+03 1.599984053879834889e-01 3.152025489303595940e-01 4.454938552571688914e-01 2.015248065543923661e-01 3.777878925807919702e-02 0.000000000000000000e+00
4.025000000000000000e+03 1.609983954216582802e-01 3.169094219390077294e-01 4.487938097405553273e-01 1.977696859353663961e-01 3.652708238507055422e-02 0.000000000000000000e+00
4.050000000000000000e+03 1.619983854553332936e-01 3.080336822940373254e-01 4.601729631315429891e-01 2.023213472917614886e-01 2.947200728265816916e-02 0.000000000000000000e+00
4.075000000000000000e+03 1.629983754890080849e-01 3.082612653618570508e-01 4.688211197086936677e-01 1.982248520710059303e-01 2.469276285844333035e-02 0.000000000000000000e+00
4.100000000000000000e+03 1.639983655226830983e-01 3.007510241238051663e-01 4.729176149294492260e-01 1.987938097405552995e-01 2.753755120619025970e-02 0.000000000000000000e+00
4.125000000000000000e+03 1.649983555563578896e-01 2.938097405553026786e-01 4.769003186162949492e-01 1.990213928083750528e-01 3.026854802002730896e-02 0.000000000000000000e+00
4.150000000000000000e+03 1.659983455900329030e-01 2.955166135639508695e-01 4.840691852526172179e-01 1.998179335457442030e-01 2.059626763768775473e-02 0.000000000000000000e+00
4.175000000000000000e+03 1.669983356237076944e-01 2.867546654528903005e-01 4.948793809740555383e-01 2.003868912152935722e-01 1.797906235776058209e-02 0.000000000000000000e+00
4.200000000000000000e+03 1.679983256573824857e-01 2.815202548930359483e-01 5.017068730086481354e-01 1.973145197997268896e-01 1.945835229858898507e-02 0.000000000000000000e+00
4.225000000000000000e+03 1.689983156910574991e-01 2.779927173418297870e-01 5.035275375512061613e-01 1.976558944014565333e-01 2.082385070550751144e-02 0.000000000000000000e+00
4.250000000000000000e+03 1.699983057247322904e-01 2.758306781975420896e-01 5.077378243058716656e-01 1.964041875284478766e-01 2.002730996813837164e-02 0.000000000000000000e+00
4.275000000000000000e+03 1.709982957584073038e-01 2.745789713245334607e-01 5.152480655439235502e-01 1.934456076467910846e-01 1.672735548475193582e-02 0.000000000000000000e+00
4.300000000000000000e+03 1.719982857920820951e-01 2.629722348657259623e-01 5.267410104688211581e-01 1.968593536640873831e-01 1.342740100136549826e-02 0.000000000000000000e+00
4.325000000000000000e+03 1.729982758257571085e-01 2.622894856622667303e-01 5.307237141556667703e-01 1.933318161128811941e-01 1.365498406918525323e-02 0.000000000000000000e+00
4.350000000000000000e+03 1.739982658594318998e-01 2.652480655439235502e-01 5.343650432407829332e-01 1.900318616294947582e-01 1.035502958579881741e-02 0.000000000000000000e+00
4.375000000000000000e+03 1.749982558931069132e-01 2.481793354574419741e-01 5.468821119708693335e-01 1.948111060537096040e-01 1.012744651797906244e-02 0.000000000000000000e+00
4.400000000000000000e+03 1.759982459267817045e-01 2.527309968138370389e-01 5.473372781065088954e-01 1.906008192990441552e-01 9.330905780609922637e-03 0.000000000000000000e+00
4.425000000000000000e+03 1.769982359604567179e-01 2.488620846609012338e-01 5.518889394629039602e-01 1.911697769685935244e-01 8.079198907601274626e-03 0.000000000000000000e+00
4.450000000000000000e+03 1.779982259941315093e-01 2.439690487027765253e-01 5.498406918525261533e-01 1.959490213928083702e-01 1.024123805188893906e-02 0.000000000000000000e+00
4.475000000000000000e+03 1.789982160278065226e-01 2.344105598543468338e-01 5.589440145653163938e-01 1.981110605370960398e-01 8.534365043240782836e-03 0.000000000000000000e+00
4.500000000000000000e+03 1.799982060614813140e-01 2.320209376422394110e-01 5.629267182521620061e-01 1.935593991807009473e-01 1.149294492489758707e-02 0.000000000000000000e+00
4.525000000000000000e+03 1.809981960951563273e-01 2.353208921256258468e-01 5.639508420573509095e-01 1.915111515703231682e-01 9.217114246700046018e-03 0.000000000000000000e+00
4.550000000000000000e+03 1.819981861288311187e-01 2.274692762858443462e-01 5.694128356850249872e-01 1.921939007737824279e-01 1.092398725534820224e-02 0.000000000000000000e+00
4.575000000000000000e+03 1.829981761625061321e-01 2.253072371415566766e-01 5.741920801092398330e-01 1.898042785616750050e-01 1.069640418752844727e-02 0.000000000000000000e+00
4.600000000000000000e+03 1.839981661961809234e-01 2.258761948111060458e-01 5.754437869822485174e-01 1.910559854346836617e-01 7.624032771961766417e-03 0.000000000000000000e+00
4.625000000000000000e+03 1.849981562298559368e-01 2.232589895311788697e-01 5.758989531178880794e-01 1.892353208921256358e-01 1.160673645880746542e-02 0.000000000000000000e+00
4.650000000000000000e+03 1.859981462635307281e-01 2.249658625398270329e-01 5.738507055075102725e-01 1.892353208921256358e-01 1.194811106053709528e-02 0.000000000000000000e+00
4.675000000000000000e+03 1.869981362972055194e-01 2.256486117432862926e-01 5.748748293126991760e-01 1.880974055530268418e-01 1.137915339098771045e-02 0.000000000000000000e+00
4.700000000000000000e+03 1.879981263308805328e-01 2.221210741920801035e-01 5.839781520254893055e-01 1.846836595357305433e-01 9.217114246700046018e-03 0.000000000000000000e+00
4.725000000000000000e+03 1.889981163645553242e-01 2.133591260810195622e-01 5.945607646791079004e-01 1.819526627218935044e-01 1.012744651797906244e-02 0.000000000000000000e+00
4.750000000000000000e+03 1.899981063982303375e-01 2.056213017751479244e-01 6.071916249431041912e-01 1.781975421028675344e-01 8.989531178880291046e-03 0.000000000000000000e+00
4.775000000000000000e+03 1.909980964319051289e-01 1.966317705962676299e-01 6.144742831133364058e-01 1.781975421028675344e-01 1.069640418752844727e-02 0.000000000000000000e+00
4.800000000000000000e+03 1.919980864655801422e-01 1.941283568502503443e-01 6.209604005461993870e-01 1.747837960855712358e-01 1.012744651797906244e-02 0.000000000000000000e+00
4.825000000000000000e+03 1.929980764992549336e-01 1.852526172052799402e-01 6.293809740555302845e-01 1.767182521620391522e-01 8.648156577150659455e-03 0.000000000000000000e+00
4.850000000000000000e+03 1.939980665329299470e-01 1.850250341374601593e-01 6.321119708693673234e-01 1.735320892125625791e-01 9.330905780609922637e-03 0.000000000000000000e+00
4.875000000000000000e+03 1.949980565666047383e-01 1.834319526627218866e-01 6.351843422849340337e-01 1.720527992717341692e-01 9.330905780609922637e-03 0.000000000000000000e+00
4.900000000000000000e+03 1.959980466002797517e-01 1.812699135184342170e-01 6.380291306326809631e-01 1.735320892125625791e-01 7.168866636322257339e-03 0.000000000000000000e+00
4.925000000000000000e+03 1.969980366339545430e-01 1.788802913063268218e-01 6.414428766499772339e-01 1.719390077378243065e-01 7.737824305871643035e-03 0.000000000000000000e+00
4.950000000000000000e+03 1.979980266676295564e-01 1.778561675011379184e-01 6.441738734638142727e-01 1.693218024578971304e-01 8.648156577150659455e-03 0.000000000000000000e+00
4.975000000000000000e+03 1.989980167013043477e-01 1.730769230769230727e-01 6.499772416932180219e-01 1.689804278561675144e-01 7.965407373691398007e-03 0.000000000000000000e+00
5.000000000000000000e+03 1.999980067349793611e-01 1.717114246700045532e-01 6.520254893035958288e-01 1.705735093309057870e-01 5.689576695493855224e-03 0.000000000000000000e+00
5.025000000000000000e+03 2.009979967686541524e-01 1.710286754665452935e-01 6.562357760582612221e-01 1.676149294492489672e-01 5.120619025944469528e-03 0.000000000000000000e+00
5.050000000000000000e+03 2.019979868023291658e-01 1.670459717796995980e-01 6.574874829312699065e-01 1.689804278561675144e-01 6.486117432862995025e-03 0.000000000000000000e+00
5.075000000000000000e+03 2.029979768360039571e-01 1.672735548475193512e-01 6.599908966772871644e-01 1.662494310423304478e-01 6.486117432862995025e-03 0.000000000000000000e+00
5.100000000000000000e+03 2.039979668696789705e-01 1.615839781520254925e-01 6.661356395084205850e-01 1.668183887118798447e-01 5.461993627674101119e-03 0.000000000000000000e+00
5.125000000000000000e+03 2.049979569033537619e-01 1.618115612198452458e-01 6.681838871187983919e-01 1.631770596267637652e-01 6.827492034592626616e-03 0.000000000000000000e+00
5.150000000000000000e+03 2.059979469370285532e-01 1.604460628129267263e-01 6.711424670004552118e-01 1.635184342284934089e-01 4.893035958124715423e-03 0.000000000000000000e+00
5.175000000000000000e+03 2.069979369707035666e-01 1.578288575329995502e-01 6.779699590350477534e-01 1.609012289485662328e-01 3.299954483386436255e-03 0.000000000000000000e+00
5.200000000000000000e+03 2.079979270043783579e-01 1.550978607191624836e-01 6.832043695949021611e-01 1.576012744651797970e-01 4.096495220755575623e-03 0.000000000000000000e+00
5.225000000000000000e+03 2.089979170380533713e-01 1.508875739644970349e-01 6.911697769685934967e-01 1.552116522530723741e-01 2.730996813837050560e-03 0.000000000000000000e+00
5.250000000000000000e+03 2.099979070717281626e-01 1.471324533454710926e-01 7.003868912152936277e-01 1.489531178880291185e-01 3.527537551206190360e-03 0.000000000000000000e+00
5.275000000000000000e+03 2.109978971054031760e-01 1.456531634046426826e-01 7.078971324533455123e-01 1.434911242603550408e-01 2.958579881656804664e-03 0.000000000000000000e+00
5.300000000000000000e+03 2.119978871390779673e-01 1.438324988620846567e-01 7.093764223941738667e-01 1.429221665908056438e-01 3.868912152935821518e-03 0.000000000000000000e+00
5.325000000000000000e+03 2.129978771727529807e-01 1.396222121074192080e-01 7.125625853436504675e-01 1.445152480655439164e-01 3.299954483386436255e-03 0.000000000000000000e+00
5.350000000000000000e+03 2.139978672064277720e-01 1.332498862084660896e-01 7.142694583522986029e-01 1.478152025489303523e-01 4.665452890304961318e-03 0.000000000000000000e+00
5.375000000000000000e+03 2.149978572401027854e-01 1.323395539371870766e-01 7.157487482931269573e-01 1.488393263541192557e-01 3.072371415566681717e-03 0.000000000000000000e+00
5.400000000000000000e+03 2.159978472737775768e-01 1.330223031406463363e-01 7.154073736913973969e-01 1.497496586253982687e-01 1.820664542558033706e-03 0.000000000000000000e+00
5.425000000000000000e+03 2.169978373074525901e-01 1.354119253527537592e-01 7.131315430131998090e-01 1.490669094219390090e-01 2.389622212107419402e-03 0.000000000000000000e+00
5.450000000000000000e+03 2.179978273411273815e-01 1.323395539371870766e-01 7.134729176149294805e-01 1.514565316340464318e-01 2.730996813837050560e-03 0.000000000000000000e+00
5.475000000000000000e+03 2.189978173748023949e-01 1.367774237596722786e-01 7.101729631315429891e-01 1.517979062357760478e-01 1.251706873008648227e-03 0.000000000000000000e+00
5.500000000000000000e+03 2.199978074084771862e-01 1.323395539371870766e-01 7.129039599453800280e-01 1.525944469731451980e-01 2.162039144287664864e-03 0.000000000000000000e+00
5.525000000000000000e+03 2.209977974421521996e-01 1.282430587164314906e-01 7.157487482931269573e-01 1.536185707783341015e-01 2.389622212107419402e-03 0.000000000000000000e+00
5.550000000000000000e+03 2.219977874758269909e-01 1.323395539371870766e-01 7.115384615384615641e-01 1.533909877105143482e-01 2.730996813837050560e-03 0.000000000000000000e+00
5.575000000000000000e+03 2.229977775095017822e-01 1.354119253527537592e-01 7.064178425125170468e-01 1.554392353208921274e-01 2.730996813837050560e-03 0.000000000000000000e+00
5.600000000000000000e+03 2.239977675431767956e-01 1.364360491579426626e-01 7.034592626308602270e-01 1.579426490669094130e-01 2.162039144287664864e-03 0.000000000000000000e+00
5.625000000000000000e+03 2.249977575768515869e-01 1.382567137005006885e-01 7.008420573509330787e-01 1.574874829312699065e-01 3.413746017296313308e-03 0.000000000000000000e+00
5.650000000000000000e+03 2.259977476105266003e-01 1.349567592171142527e-01 6.997041420118342847e-01 1.630632680928539024e-01 2.275830678197541916e-03 0.000000000000000000e+00
5.675000000000000000e+03 2.269977376442013917e-01 1.324533454710969393e-01 7.016385980883022011e-01 1.636322257624032717e-01 2.275830678197541916e-03 0.000000000000000000e+00
