# itime ezz other fcc hcp bcc ico
0.000000000000000000e+00 0.000000000000000000e+00 0.000000000000000000e+00 1.000000000000000000e+00 0.000000000000000000e+00 0.000000000000000000e+00 0.000000000000000000e+00
3.000000000000000000e+00 1.199941187350006544e-03 0.000000000000000000e+00 1.000000000000000000e+00 0.000000000000000000e+00 0.000000000000000000e+00 0.000000000000000000e+00
6.000000000000000000e+00 2.399882374700013088e-03 0.000000000000000000e+00 1.000000000000000000e+00 0.000000000000000000e+00 0.000000000000000000e+00 0.000000000000000000e+00
9.000000000000000000e+00 3.599823562049797587e-03 0.000000000000000000e+00 1.000000000000000000e+00 0.000000000000000000e+00 0.000000000000000000e+00 0.000000000000000000e+00
1.200000000000000000e+01 4.799764749399804131e-03 0.000000000000000000e+00 1.000000000000000000e+00 0.000000000000000000e+00 0.000000000000000000e+00 0.000000000000000000e+00
1.500000000000000000e+01 5.999705936749810675e-03 0.000000000000000000e+00 1.000000000000000000e+00 0.000000000000000000e+00 0.000000000000000000e+00 0.000000000000000000e+00
1.800000000000000000e+01 7.199647124099817219e-03 0.000000000000000000e+00 1.000000000000000000e+00 0.000000000000000000e+00 0.000000000000000000e+00 0.000000000000000000e+00
2.100000000000000000e+01 8.399588311449601719e-03 0.000000000000000000e+00 1.000000000000000000e+00 0.000000000000000000e+00 0.000000000000000000e+00 0.000000000000000000e+00
2.400000000000000000e+01 9.599529498799608263e-03 0.000000000000000000e+00 1.000000000000000000e+00 0.000000000000000000e+00 0.000000000000000000e+00 0.000000000000000000e+00
2.700000000000000000e+01 1.079947068614961481e-02 0.000000000000000000e+00 1.000000000000000000e+00 0.000000000000000000e+00 0.000000000000000000e+00 0.000000000000000000e+00
3.000000000000000000e+01 1.199941187349962135e-02 0.000000000000000000e+00 1.000000000000000000e+00 0.000000000000000000e+00 0.000000000000000000e+00 0.000000000000000000e+00
3.300000000000000000e+01 1.319935306084940585e-02 0.000000000000000000e+00 1.000000000000000000e+00 0.000000000000000000e+00 0.000000000000000000e+00 0.000000000000000000e+00
3.600000000000000000e+01 1.439929424819941239e-02 0.000000000000000000e+00 1.000000000000000000e+00 0.000000000000000000e+00 0.000000000000000000e+00 0.000000000000000000e+00
3.900000000000000000e+01 1.559923543554941894e-02 0.000000000000000000e+00 1.000000000000000000e+00 0.000000000000000000e+00 0.000000000000000000e+00 0.000000000000000000e+00
4.200000000000000000e+01 1.679917662289942548e-02 0.000000000000000000e+00 1.000000000000000000e+00 0.000000000000000000e+00 0.000000000000000000e+00 0.000000000000000000e+00
4.500000000000000000e+01 1.799911781024943203e-02 0.000000000000000000e+00 1.000000000000000000e+00 0.000000000000000000e+00 0.000000000000000000e+00 0.000000000000000000e+00
4.800000000000000000e+01 1.919905899759921653e-02 0.000000000000000000e+00 1.000000000000000000e+00 0.000000000000000000e+00 0.000000000000000000e+00 0.000000000000000000e+00
5.100000000000000000e+01 2.039900018494922307e-02 0.000000000000000000e+00 1.000000000000000000e+00 0.000000000000000000e+00 0.000000000000000000e+00 0.000000000000000000e+00
5.400000000000000000e+01 2.159894137229922961e-02 0.000000000000000000e+00 1.000000000000000000e+00 0.000000000000000000e+00 0.000000000000000000e+00 0.000000000000000000e+00
5.700000000000000000e+01 2.279888255964923616e-02 0.000000000000000000e+00 1.000000000000000000e+00 0.000000000000000000e+00 0.000000000000000000e+00 0.000000000000000000e+00
6.000000000000000000e+01 2.399882374699902066e-02 0.000000000000000000e+00 1.000000000000000000e+00 0.000000000000000000e+00 0.000000000000000000e+00 0.000000000000000000e+00
6.300000000000000000e+01 2.519876493434902720e-02 0.000000000000000000e+00 1.000000000000000000e+00 0.000000000000000000e+00 0.000000000000000000e+00 0.000000000000000000e+00
6.600000000000000000e+01 2.639870612169903374e-02 0.000000000000000000e+00 1.000000000000000000e+00 0.000000000000000000e+00 0.000000000000000000e+00 0.000000000000000000e+00
6.900000000000000000e+01 2.759864730904904029e-02 0.000000000000000000e+00 1.000000000000000000e+00 0.000000000000000000e+00 0.000000000000000000e+00 0.000000000000000000e+00
7.200000000000000000e+01 2.879858849639882479e-02 0.000000000000000000e+00 1.000000000000000000e+00 0.000000000000000000e+00 0.000000000000000000e+00 0.000000000000000000e+00
7.500000000000000000e+01 2.999852968374883133e-02 0.000000000000000000e+00 1.000000000000000000e+00 0.000000000000000000e+00 0.000000000000000000e+00 0.000000000000000000e+00
7.800000000000000000e+01 3.119847087109883788e-02 0.000000000000000000e+00 1.000000000000000000e+00 0.000000000000000000e+00 0.000000000000000000e+00 0.000000000000000000e+00
8.100000000000000000e+01 3.239841205844884442e-02 0.000000000000000000e+00 1.000000000000000000e+00 0.000000000000000000e+00 0.000000000000000000e+00 0.000000000000000000e+00
8.400000000000000000e+01 3.359835324579862892e-02 0.000000000000000000e+00 1.000000000000000000e+00 0.000000000000000000e+00 0.000000000000000000e+00 0.000000000000000000e+00
8.700000000000000000e+01 3.479829443314863546e-02 0.000000000000000000e+00 1.000000000000000000e+00 0.000000000000000000e+00 0.000000000000000000e+00 0.000000000000000000e+00
9.000000000000000000e+01 3.599823562049864201e-02 0.000000000000000000e+00 1.000000000000000000e+00 0.000000000000000000e+00 0.000000000000000000e+00 0.000000000000000000e+00
9.300000000000000000e+01 3.719817680784864855e-02 0.000000000000000000e+00 1.000000000000000000e+00 0.000000000000000000e+00 0.000000000000000000e+00 0.000000000000000000e+00
9.600000000000000000e+01 3.839811799519865509e-02 0.000000000000000000e+00 1.000000000000000000e+00 0.000000000000000000e+00 0.000000000000000000e+00 0.000000000000000000e+00
9.900000000000000000e+01 3.959805918254843959e-02 0.000000000000000000e+00 1.000000000000000000e+00 0.000000000000000000e+00 0.000000000000000000e+00 0.000000000000000000e+00
1.020000000000000000e+02 4.079800036989844614e-02 0.000000000000000000e+00 1.000000000000000000e+00 0.000000000000000000e+00 0.000000000000000000e+00 0.000000000000000000e+00
1.050000000000000000e+02 4.199794155724845268e-02 0.000000000000000000e+00 1.000000000000000000e+00 0.000000000000000000e+00 0.000000000000000000e+00 0.000000000000000000e+00
1.080000000000000000e+02 4.319788274459845923e-02 0.000000000000000000e+00 1.000000000000000000e+00 0.000000000000000000e+00 0.000000000000000000e+00 0.000000000000000000e+00
1.110000000000000000e+02 4.439782393194824373e-02 0.000000000000000000e+00 1.000000000000000000e+00 0.000000000000000000e+00 0.000000000000000000e+00 0.000000000000000000e+00
1.140000000000000000e+02 4.559776511929825027e-02 0.000000000000000000e+00 1.000000000000000000e+00 0.000000000000000000e+00 0.000000000000000000e+00 0.000000000000000000e+00
1.170000000000000000e+02 4.679770630664825681e-02 0.000000000000000000e+00 1.000000000000000000e+00 0.000000000000000000e+00 0.000000000000000000e+00 0.000000000000000000e+00
1.200000000000000000e+02 4.799764749399826336e-02 0.000000000000000000e+00 1.000000000000000000e+00 0.000000000000000000e+00 0.000000000000000000e+00 0.000000000000000000e+00
1.230000000000000000e+02 4.919758868134804786e-02 0.000000000000000000e+00 1.000000000000000000e+00 0.000000000000000000e+00 0.000000000000000000e+00 0.000000000000000000e+00
1.260000000000000000e+02 5.039752986869805440e-02 0.000000000000000000e+00 1.000000000000000000e+00 0.000000000000000000e+00 0.000000000000000000e+00 0.000000000000000000e+00
1.290000000000000000e+02 5.159747105604806094e-02 0.000000000000000000e+00 1.000000000000000000e+00 0.000000000000000000e+00 0.000000000000000000e+00 0.000000000000000000e+00
1.320000000000000000e+02 5.279741224339806749e-02 0.000000000000000000e+00 1.000000000000000000e+00 0.000000000000000000e+00 0.000000000000000000e+00 0.000000000000000000e+00
1.350000000000000000e+02 5.399735343074807403e-02 0.000000000000000000e+00 1.000000000000000000e+00 0.000000000000000000e+00 0.000000000000000000e+00 0.000000000000000000e+00
1.380000000000000000e+02 5.519729461809785853e-02 0.000000000000000000e+00 1.000000000000000000e+00 0.000000000000000000e+00 0.000000000000000000e+00 0.000000000000000000e+00
1.410000000000000000e+02 5.639723580544786508e-02 0.000000000000000000e+00 1.000000000000000000e+00 0.000000000000000000e+00 0.000000000000000000e+00 0.000000000000000000e+00
1.440000000000000000e+02 5.759717699279787162e-02 0.000000000000000000e+00 1.000000000000000000e+00 0.000000000000000000e+00 0.000000000000000000e+00 0.000000000000000000e+00
1.470000000000000000e+02 5.879711818014787816e-02 0.000000000000000000e+00 1.000000000000000000e+00 0.000000000000000000e+00 0.000000000000000000e+00 0.000000000000000000e+00
1.500000000000000000e+02 5.999705936749766266e-02 0.000000000000000000e+00 1.000000000000000000e+00 0.000000000000000000e+00 0.000000000000000000e+00 0.000000000000000000e+00
1.530000000000000000e+02 6.119700055484766921e-02 0.000000000000000000e+00 1.000000000000000000e+00 0.000000000000000000e+00 0.000000000000000000e+00 0.000000000000000000e+00
1.560000000000000000e+02 6.239694174219767575e-02 0.000000000000000000e+00 1.000000000000000000e+00 0.000000000000000000e+00 0.000000000000000000e+00 0.000000000000000000e+00
1.590000000000000000e+02 6.359688292954768229e-02 0.000000000000000000e+00 1.000000000000000000e+00 0.000000000000000000e+00 0.000000000000000000e+00 0.000000000000000000e+00
1.620000000000000000e+02 6.479682411689746679e-02 0.000000000000000000e+00 1.000000000000000000e+00 0.000000000000000000e+00 0.000000000000000000e+00 0.000000000000000000e+00
1.650000000000000000e+02 6.599676530424747334e-02 0.000000000000000000e+00 1.000000000000000000e+00 0.000000000000000000e+00 0.000000000000000000e+00 0.000000000000000000e+00
1.680000000000000000e+02 6.719670649159747988e-02 0.000000000000000000e+00 1.000000000000000000e+00 0.000000000000000000e+00 0.000000000000000000e+00 0.000000000000000000e+00
1.710000000000000000e+02 6.839664767894748643e-02 0.000000000000000000e+00 1.000000000000000000e+00 0.000000000000000000e+00 0.000000000000000000e+00 0.000000000000000000e+00
1.740000000000000000e+02 6.959658886629727093e-02 0.000000000000000000e+00 1.000000000000000000e+00 0.000000000000000000e+00 0.000000000000000000e+00 0.000000000000000000e+00
1.770000000000000000e+02 7.079653005364727747e-02 0.000000000000000000e+00 1.000000000000000000e+00 0.000000000000000000e+00 0.000000000000000000e+00 0.000000000000000000e+00
1.800000000000000000e+02 7.199647124099728401e-02 0.000000000000000000e+00 1.000000000000000000e+00 0.000000000000000000e+00 0.000000000000000000e+00 0.000000000000000000e+00
1.830000000000000000e+02 7.319641242834729056e-02 0.000000000000000000e+00 1.000000000000000000e+00 0.000000000000000000e+00 0.000000000000000000e+00 0.000000000000000000e+00
1.860000000000000000e+02 7.439635361569729710e-02 0.000000000000000000e+00 1.000000000000000000e+00 0.000000000000000000e+00 0.000000000000000000e+00 0.000000000000000000e+00
1.890000000000000000e+02 7.559629480304708160e-02 0.000000000000000000e+00 1.000000000000000000e+00 0.000000000000000000e+00 0.000000000000000000e+00 0.000000000000000000e+00
1.920000000000000000e+02 7.679623599039708814e-02 0.000000000000000000e+00 1.000000000000000000e+00 0.000000000000000000e+00 0.000000000000000000e+00 0.000000000000000000e+00
1.950000000000000000e+02 7.799617717774709469e-02 0.000000000000000000e+00 1.000000000000000000e+00 0.000000000000000000e+00 0.000000000000000000e+00 0.000000000000000000e+00
1.980000000000000000e+02 7.919611836509710123e-02 1.137915339098771066e-04 9.998862084660901095e-01 0.000000000000000000e+00 0.000000000000000000e+00 0.000000000000000000e+00
2.010000000000000000e+02 8.039605955244688573e-02 0.000000000000000000e+00 1.000000000000000000e+00 0.000000000000000000e+00 0.000000000000000000e+00 0.000000000000000000e+00
2.040000000000000000e+02 8.159600073979689228e-02 0.000000000000000000e+00 1.000000000000000000e+00 0.000000000000000000e+00 0.000000000000000000e+00 0.000000000000000000e+00
2.070000000000000000e+02 8.279594192714689882e-02 0.000000000000000000e+00 1.000000000000000000e+00 0.000000000000000000e+00 0.000000000000000000e+00 0.000000000000000000e+00
2.100000000000000000e+02 8.399588311449690536e-02 0.000000000000000000e+00 1.000000000000000000e+00 0.000000000000000000e+00 0.000000000000000000e+00 0.000000000000000000e+00
2.130000000000000000e+02 8.519582430184668986e-02 4.551661356395084266e-04 9.995448338643604380e-01 0.000000000000000000e+00 0.000000000000000000e+00 0.000000000000000000e+00
2.160000000000000000e+02 8.639576548919669641e-02 3.413746017296313199e-04 9.996586253982703285e-01 0.000000000000000000e+00 0.000000000000000000e+00 0.000000000000000000e+00
2.190000000000000000e+02 8.759570667654670295e-02 0.000000000000000000e+00 1.000000000000000000e+00 0.000000000000000000e+00 0.000000000000000000e+00 0.000000000000000000e+00
2.220000000000000000e+02 8.879564786389670950e-02 0.000000000000000000e+00 1.000000000000000000e+00 0.000000000000000000e+00 0.000000000000000000e+00 0.000000000000000000e+00
2.250000000000000000e+02 8.999558905124671604e-02 0.000000000000000000e+00 1.000000000000000000e+00 0.000000000000000000e+00 0.000000000000000000e+00 0.000000000000000000e+00
2.280000000000000000e+02 9.119553023859650054e-02 0.000000000000000000e+00 1.000000000000000000e+00 0.000000000000000000e+00 0.000000000000000000e+00 0.000000000000000000e+00
2.310000000000000000e+02 9.239547142594650708e-02 4.551661356395084266e-04 9.995448338643604380e-01 0.000000000000000000e+00 0.000000000000000000e+00 0.000000000000000000e+00
2.340000000000000000e+02 9.359541261329651363e-02 1.137915339098771066e-04 9.998862084660901095e-01 0.000000000000000000e+00 0.000000000000000000e+00 0.000000000000000000e+00
2.370000000000000000e+02 9.479535380064652017e-02 0.000000000000000000e+00 1.000000000000000000e+00 0.000000000000000000e+00 0.000000000000000000e+00 0.000000000000000000e+00
2.400000000000000000e+02 9.599529498799630467e-02 5.689576695493854790e-04 9.993172507965407680e-01 0.000000000000000000e+00 1.137915339098771066e-04 0.000000000000000000e+00
2.430000000000000000e+02 9.719523617534631121e-02 1.024123805188893906e-03 9.988620846609012061e-01 0.000000000000000000e+00 1.137915339098771066e-04 0.000000000000000000e+00
2.460000000000000000e+02 9.839517736269631776e-02 5.689576695493854790e-04 9.994310423304506585e-01 0.000000000000000000e+00 0.000000000000000000e+00 0.000000000000000000e+00
2.490000000000000000e+02 9.959511855004632430e-02 3.413746017296313199e-04 9.996586253982703285e-01 0.000000000000000000e+00 0.000000000000000000e+00 0.000000000000000000e+00
2.520000000000000000e+02 1.007950597373961088e-01 5.689576695493854790e-04 9.994310423304506585e-01 0.000000000000000000e+00 0.000000000000000000e+00 0.000000000000000000e+00
2.550000000000000000e+02 1.019950009247461153e-01 6.827492034592626399e-04 9.993172507965407680e-01 0.000000000000000000e+00 0.000000000000000000e+00 0.000000000000000000e+00
2.580000000000000000e+02 1.031949421120961219e-01 5.689576695493854790e-04 9.993172507965407680e-01 0.000000000000000000e+00 1.137915339098771066e-04 0.000000000000000000e+00
2.610000000000000000e+02 1.043948832994461284e-01 1.137915339098770958e-03 9.988620846609012061e-01 0.000000000000000000e+00 0.000000000000000000e+00 0.000000000000000000e+00
2.640000000000000000e+02 1.055948244867959129e-01 1.137915339098770958e-03 9.988620846609012061e-01 0.000000000000000000e+00 0.000000000000000000e+00 0.000000000000000000e+00
2.670000000000000000e+02 1.067947656741459195e-01 1.479289940828402332e-03 9.985207100591716456e-01 0.000000000000000000e+00 0.000000000000000000e+00 0.000000000000000000e+00
2.700000000000000000e+02 1.079947068614959260e-01 1.137915339098770958e-03 9.988620846609012061e-01 0.000000000000000000e+00 0.000000000000000000e+00 0.000000000000000000e+00
2.730000000000000000e+02 1.091946480488459326e-01 1.024123805188893906e-03 9.988620846609012061e-01 0.000000000000000000e+00 1.137915339098771066e-04 0.000000000000000000e+00
2.760000000000000000e+02 1.103945892361959391e-01 1.024123805188893906e-03 9.989758761948110966e-01 0.000000000000000000e+00 0.000000000000000000e+00 0.000000000000000000e+00
2.790000000000000000e+02 1.115945304235457236e-01 1.479289940828402332e-03 9.985207100591716456e-01 0.000000000000000000e+00 0.000000000000000000e+00 0.000000000000000000e+00
2.820000000000000000e+02 1.127944716108957302e-01 2.275830678197541916e-03 9.974965862539827421e-01 0.000000000000000000e+00 2.275830678197542133e-04 0.000000000000000000e+00
2.850000000000000000e+02 1.139944127982457367e-01 2.275830678197541916e-03 9.976103777878926326e-01 0.000000000000000000e+00 1.137915339098771066e-04 0.000000000000000000e+00
2.880000000000000000e+02 1.151943539855957432e-01 1.820664542558033706e-03 9.980655439235320836e-01 0.000000000000000000e+00 1.137915339098771066e-04 0.000000000000000000e+00
2.910000000000000000e+02 1.163942951729455277e-01 1.820664542558033706e-03 9.981793354574419741e-01 0.000000000000000000e+00 0.000000000000000000e+00 0.000000000000000000e+00
2.940000000000000000e+02 1.175942363602955343e-01 2.389622212107419402e-03 9.976103777878926326e-01 0.000000000000000000e+00 0.000000000000000000e+00 0.000000000000000000e+00
2.970000000000000000e+02 1.187941775476455408e-01 4.437869822485207214e-03 9.955621301775148257e-01 0.000000000000000000e+00 0.000000000000000000e+00 0.000000000000000000e+00
3.000000000000000000e+02 1.199941187349955474e-01 5.006827492034592909e-03 9.948793809740554828e-01 0.000000000000000000e+00 1.137915339098771066e-04 0.000000000000000000e+00
3.030000000000000000e+02 1.211940599223453319e-01 4.665452890304961318e-03 9.952207555757851543e-01 0.000000000000000000e+00 1.137915339098771066e-04 0.000000000000000000e+00
3.060000000000000000e+02 1.223940011096953384e-01 4.893035958124715423e-03 9.951069640418752638e-01 0.000000000000000000e+00 0.000000000000000000e+00 0.000000000000000000e+00
3.090000000000000000e+02 1.235939422970453450e-01 6.599908966772872511e-03 9.932862994993172379e-01 0.000000000000000000e+00 1.137915339098771066e-04 0.000000000000000000e+00
3.120000000000000000e+02 1.247938834843953515e-01 6.827492034592626616e-03 9.930587164314974569e-01 0.000000000000000000e+00 1.137915339098771066e-04 0.000000000000000000e+00
3.150000000000000000e+02 1.259938246717453580e-01 6.827492034592626616e-03 9.930587164314974569e-01 0.000000000000000000e+00 1.137915339098771066e-04 0.000000000000000000e+00
3.180000000000000000e+02 1.271937658590951425e-01 6.713700500682749130e-03 9.930587164314974569e-01 0.000000000000000000e+00 2.275830678197542133e-04 0.000000000000000000e+00
3.210000000000000000e+02 1.283937070464451491e-01 7.510241238051888930e-03 9.920345926263085534e-01 0.000000000000000000e+00 4.551661356395084266e-04 0.000000000000000000e+00
3.240000000000000000e+02 1.295936482337951556e-01 9.217114246700046018e-03 9.906690942193900895e-01 0.000000000000000000e+00 1.137915339098771066e-04 0.000000000000000000e+00
3.270000000000000000e+02 1.307935894211451622e-01 7.965407373691398007e-03 9.918070095584888834e-01 0.000000000000000000e+00 2.275830678197542133e-04 0.000000000000000000e+00
3.300000000000000000e+02 1.319935306084949467e-01 1.160673645880746542e-02 9.879380974055530507e-01 0.000000000000000000e+00 4.551661356395084266e-04 0.000000000000000000e+00
3.330000000000000000e+02 1.331934717958449532e-01 1.342740100136549826e-02 9.860036413290851343e-01 0.000000000000000000e+00 5.689576695493854790e-04 0.000000000000000000e+00
3.360000000000000000e+02 1.343934129831949598e-01 1.934456076467910846e-02 9.800864815657714946e-01 0.000000000000000000e+00 5.689576695493854790e-04 0.000000000000000000e+00
3.390000000000000000e+02 1.355933541705449663e-01 2.958579881656804578e-02 9.697314519799726806e-01 0.000000000000000000e+00 6.827492034592626399e-04 0.000000000000000000e+00
3.420000000000000000e+02 1.367932953578947508e-01 3.311333636777423484e-02 9.663177059626764098e-01 0.000000000000000000e+00 5.689576695493854790e-04 0.000000000000000000e+00
3.450000000000000000e+02 1.379932365452447574e-01 3.732362312243969055e-02 9.618798361401911245e-01 0.000000000000000000e+00 7.965407373691396923e-04 0.000000000000000000e+00
3.480000000000000000e+02 1.391931777325947639e-01 4.233045061447428259e-02 9.565316340464269373e-01 0.000000000000000000e+00 1.137915339098770958e-03 0.000000000000000000e+00
3.510000000000000000e+02 1.403931189199447704e-01 4.540282203004096517e-02 9.530040964952207760e-01 0.000000000000000000e+00 1.593081474738279385e-03 0.000000000000000000e+00
3.540000000000000000e+02 1.415930601072945549e-01 5.314064633591260994e-02 9.446973145197997690e-01 0.000000000000000000e+00 2.162039144287664864e-03 0.000000000000000000e+00
3.570000000000000000e+02 1.427930012946445615e-01 5.905780609922621494e-02 9.379836140191170069e-01 0.000000000000000000e+00 2.958579881656804664e-03 0.000000000000000000e+00
3.600000000000000000e+02 1.439929424819945680e-01 6.531634046426945672e-02 9.319526627218934767e-01 0.000000000000000000e+00 2.730996813837050560e-03 0.000000000000000000e+00
3.630000000000000000e+02 1.451928836693445746e-01 8.136094674556212936e-02 9.142011834319526686e-01 0.000000000000000000e+00 4.437869822485207214e-03 0.000000000000000000e+00
3.660000000000000000e+02 1.463928248566945811e-01 9.137460172963131344e-02 9.032771961766045132e-01 0.000000000000000000e+00 5.348202093764223633e-03 0.000000000000000000e+00
3.690000000000000000e+02 1.475927660440443656e-01 1.022985889849795244e-01 8.907601274465180019e-01 0.000000000000000000e+00 6.941283568502503235e-03 0.000000000000000000e+00
3.720000000000000000e+02 1.487927072313943722e-01 1.260810195721438209e-01 8.659535730541647602e-01 0.000000000000000000e+00 7.965407373691398007e-03 0.000000000000000000e+00
3.750000000000000000e+02 1.499926484187443787e-01 1.390532544378698110e-01 8.492262175694128556e-01 0.000000000000000000e+00 1.172052799271734204e-02 0.000000000000000000e+00
3.780000000000000000e+02 1.511925896060943852e-01 1.632908511606736557e-01 8.210059171597633432e-01 0.000000000000000000e+00 1.570323167956303931e-02 0.000000000000000000e+00
3.810000000000000000e+02 1.523925307934441697e-01 1.979972690031861493e-01 7.827719617660445772e-01 0.000000000000000000e+00 1.923076923076923184e-02 0.000000000000000000e+00
3.840000000000000000e+02 1.535924719807941763e-01 2.303140646335912478e-01 7.447655894401457033e-01 0.000000000000000000e+00 2.492034592626308706e-02 0.000000000000000000e+00
3.870000000000000000e+02 1.547924131681441828e-01 2.694583522985889990e-01 6.985662266727356018e-01 0.000000000000000000e+00 3.197542102867546865e-02 0.000000000000000000e+00
3.900000000000000000e+02 1.559923543554941894e-01 3.065543923532089154e-01 6.499772416932180219e-01 0.000000000000000000e+00 4.346836595357305572e-02 0.000000000000000000e+00
3.930000000000000000e+02 1.571922955428439739e-01 3.543468365953573174e-01 5.922849340009103125e-01 0.000000000000000000e+00 5.336822940373236318e-02 0.000000000000000000e+00
3.960000000000000000e+02 1.583922367301939804e-01 4.109012289485662328e-01 5.236686390532544477e-01 0.000000000000000000e+00 6.543013199817933334e-02 0.000000000000000000e+00
3.990000000000000000e+02 1.595921779175439870e-01 4.642694583522986029e-01 4.576695493855257313e-01 0.000000000000000000e+00 7.806099226217569353e-02 0.000000000000000000e+00
4.020000000000000000e+02 1.607921191048939935e-01 5.120619025944469493e-01 3.969048702776513671e-01 0.000000000000000000e+00 9.103322712790168358e-02 0.000000000000000000e+00
4.050000000000000000e+02 1.619920602922440001e-01 5.564406008192990249e-01 3.362539827036868378e-01 1.137915339098771066e-04 1.071916249431042328e-01 0.000000000000000000e+00
4.080000000000000000e+02 1.631920014795937846e-01 5.951297223486572419e-01 2.783340919435594030e-01 1.137915339098771066e-04 1.264223941738734647e-01 0.000000000000000000e+00
4.110000000000000000e+02 1.643919426669437911e-01 6.316568047337277614e-01 2.236003641329085134e-01 1.137915339098771066e-04 1.446290395994538069e-01 0.000000000000000000e+00
4.140000000000000000e+02 1.655918838542937976e-01 6.629494765589439842e-01 1.758079198907601393e-01 4.551661356395084266e-04 1.607874374146563423e-01 0.000000000000000000e+00
4.170000000000000000e+02 1.667918250416438042e-01 6.838871187983613931e-01 1.383705052344105513e-01 1.137915339098770958e-03 1.766044606281292617e-01 0.000000000000000000e+00
4.200000000000000000e+02 1.679917662289935887e-01 7.040282203004096795e-01 1.066226672735548497e-01 1.593081474738279385e-03 1.877560309512972259e-01 0.000000000000000000e+00
4.230000000000000000e+02 1.691917074163435952e-01 7.121074192080109055e-01 8.443331816112881194e-02 2.048247610377787811e-03 2.014110150204824756e-01 0.000000000000000000e+00
4.260000000000000000e+02 1.703916486036936018e-01 7.199590350477924616e-01 6.406463359126081392e-02 2.617205279927173507e-03 2.133591260810195622e-01 0.000000000000000000e+00
4.290000000000000000e+02 1.715915897910436083e-01 7.198452435138825711e-01 4.938552571688666071e-02 3.868912152935821518e-03 2.269003186162949492e-01 0.000000000000000000e+00
4.320000000000000000e+02 1.727915309783933928e-01 7.261037778789257713e-01 3.675466545289030745e-02 4.210286754665453109e-03 2.329312699135184239e-01 0.000000000000000000e+00
4.350000000000000000e+02 1.739914721657433994e-01 7.272416932180245652e-01 2.969959035047792587e-02 5.348202093764223633e-03 2.377105143377332697e-01 0.000000000000000000e+00
4.380000000000000000e+02 1.751914133530934059e-01 7.287209831588530307e-01 2.480655439235321044e-02 5.006827492034592909e-03 2.414656349567592120e-01 0.000000000000000000e+00
4.410000000000000000e+02 1.763913545404434124e-01 7.241693218024578549e-01 2.253072371415566766e-02 5.803368229403732710e-03 2.474965862539827144e-01 0.000000000000000000e+00
4.440000000000000000e+02 1.775912957277934190e-01 7.291761492944924816e-01 1.877560309512972189e-02 6.144742831133363434e-03 2.459035047792444140e-01 0.000000000000000000e+00
4.470000000000000000e+02 1.787912369151432035e-01 7.272416932180245652e-01 1.877560309512972189e-02 6.713700500682749130e-03 2.472690031861629611e-01 0.000000000000000000e+00
4.500000000000000000e+02 1.799911781024932100e-01 7.295175238962221531e-01 1.718252162039144229e-02 7.851615839781519654e-03 2.454483386436049075e-01 0.000000000000000000e+00
4.530000000000000000e+02 1.811911192898432166e-01 7.266727355484752238e-01 1.615839781520254925e-02 8.079198907601274626e-03 2.490896677287209870e-01 0.000000000000000000e+00
4.560000000000000000e+02 1.823910604771932231e-01 7.218934911242603780e-01 1.661356395084205573e-02 1.024123805188893906e-02 2.512517068730086289e-01 0.000000000000000000e+00
4.590000000000000000e+02 1.835910016645430076e-01 7.230314064633591720e-01 1.593081474738279601e-02 1.251706873008648184e-02 2.485207100591715901e-01 0.000000000000000000e+00
4.620000000000000000e+02 1.847909428518930142e-01 7.263313609467455523e-01 1.775147928994082885e-02 1.354119253527537488e-02 2.423759672280382249e-01 0.000000000000000000e+00
4.650000000000000000e+02 1.859908840392430207e-01 7.273554847519344557e-01 1.888939462903959851e-02 1.672735548475193582e-02 2.370277651342740100e-01 0.000000000000000000e+00
4.680000000000000000e+02 1.871908252265930273e-01 7.269003186162948937e-01 1.900318616294947513e-02 2.207555757851615771e-02 2.320209376422394110e-01 0.000000000000000000e+00
4.710000000000000000e+02 1.883907664139428118e-01 7.250796540737368678e-01 2.059626763768775473e-02 2.605826126536185672e-02 2.282658170232134687e-01 0.000000000000000000e+00
4.740000000000000000e+02 1.895907076012928183e-01 7.269003186162948937e-01 1.968593536640873831e-02 3.231679563040509851e-02 2.210969503868912278e-01 0.000000000000000000e+00
4.770000000000000000e+02 1.907906487886428248e-01 7.246244879380974169e-01 2.105143377332726468e-02 3.698224852071006069e-02 2.173418297678652578e-01 0.000000000000000000e+00
4.800000000000000000e+02 1.919905899759928314e-01 7.269003186162948937e-01 2.173418297678652786e-02 4.380974055530268557e-02 2.075557578516158408e-01 0.000000000000000000e+00
4.830000000000000000e+02 1.931905311633426159e-01 7.248520710059171979e-01 2.184797451069640448e-02 5.211652253072371344e-02 2.011834319526627224e-01 0.000000000000000000e+00
4.860000000000000000e+02 1.943904723506926224e-01 7.236003641329085134e-01 2.196176604460628110e-02 6.008192990441511144e-02 1.943559399180700975e-01 0.000000000000000000e+00
4.890000000000000000e+02 1.955904135380426290e-01 7.272416932180245652e-01 2.287209831588529751e-02 6.565771506599908658e-02 1.842284934000910368e-01 0.000000000000000000e+00
4.920000000000000000e+02 1.967903547253926355e-01 7.275830678197542367e-01 2.355484751934456070e-02 7.009558488848430247e-02 1.787664997724169313e-01 0.000000000000000000e+00
4.950000000000000000e+02 1.979902959127426421e-01 7.320209376422394110e-01 2.401001365498407064e-02 7.555757851615839404e-02 1.684114701866181174e-01 0.000000000000000000e+00
4.980000000000000000e+02 1.991902371000924266e-01 7.345243513882566688e-01 2.264451524806554428e-02 7.908511606736458310e-02 1.637460172963131622e-01 0.000000000000000000e+00
5.010000000000000000e+02 2.003901782874424331e-01 7.385070550751023921e-01 2.366863905325443732e-02 8.192990441511151245e-02 1.558944014565316338e-01 0.000000000000000000e+00
5.040000000000000000e+02 2.015901194747924396e-01 7.405553026854801990e-01 2.503413746017296368e-02 8.670914883932635819e-02 1.477014110150204895e-01 0.000000000000000000e+00
5.070000000000000000e+02 2.027900606621424462e-01 7.397587619481110766e-01 2.548930359581247015e-02 9.228493400091032639e-02 1.424670004551661373e-01 0.000000000000000000e+00
5.100000000000000000e+02 2.039900018494922307e-01 7.389622212107419541e-01 2.662721893491124328e-02 9.547109695038688559e-02 1.389394629039599482e-01 0.000000000000000000e+00
5.130000000000000000e+02 2.051899430368422372e-01 7.515930814747382449e-01 2.639963586709149004e-02 9.285389167045972336e-02 1.291533909877105035e-01 0.000000000000000000e+00
5.160000000000000000e+02 2.063898842241922438e-01 7.580791989076012261e-01 2.730996813837050646e-02 9.512972234865725574e-02 1.194811106053709632e-01 0.000000000000000000e+00
5.190000000000000000e+02 2.075898254115422503e-01 7.602412380518889234e-01 2.822030040964952288e-02 9.797451069640418508e-02 1.135639508420573512e-01 0.000000000000000000e+00
5.220000000000000000e+02 2.087897665988920348e-01 7.658170232134728916e-01 2.856167501137915274e-02 9.695038689121529552e-02 1.086709148839326289e-01 0.000000000000000000e+00
5.250000000000000000e+02 2.099897077862420414e-01 7.696859353664087244e-01 2.594446973145198010e-02 9.660901228948566566e-02 1.077605826126536159e-01 0.000000000000000000e+00
5.280000000000000000e+02 2.111896489735920479e-01 7.724169321802457633e-01 2.799271734182976618e-02 9.592626308602640595e-02 1.036640873918980438e-01 0.000000000000000000e+00
5.310000000000000000e+02 2.123895901609420545e-01 7.783340919435594030e-01 2.935821574874829254e-02 9.547109695038688559e-02 9.683659535730541890e-02 0.000000000000000000e+00
5.340000000000000000e+02 2.135895313482920610e-01 7.807237141556667703e-01 3.060992262175694228e-02 9.660901228948566566e-02 9.205735093309057315e-02 0.000000000000000000e+00
5.370000000000000000e+02 2.147894725356418455e-01 7.848202093764223841e-01 3.265817023213472836e-02 9.456076467910787264e-02 8.796085571233500100e-02 0.000000000000000000e+00
5.400000000000000000e+02 2.159894137229918520e-01 7.892580791989075584e-01 3.186162949476559203e-02 9.205735093309057315e-02 8.682294037323623481e-02 0.000000000000000000e+00
5.430000000000000000e+02 2.171893549103418586e-01 7.908511606736459143e-01 3.368229403732362487e-02 9.205735093309057315e-02 8.340919435593992237e-02 0.000000000000000000e+00
5.460000000000000000e+02 2.183892960976918651e-01 7.956304050978607600e-01 3.288575329995448160e-02 9.126081019572143682e-02 8.022303140646336317e-02 0.000000000000000000e+00
5.490000000000000000e+02 2.195892372850416496e-01 7.965407373691397730e-01 3.447883477469276120e-02 9.091943559399180697e-02 7.806099226217569353e-02 0.000000000000000000e+00
5.520000000000000000e+02 2.207891784723916562e-01 8.031406463359126446e-01 3.516158397815202785e-02 8.773327264451524776e-02 7.396449704142012138e-02 0.000000000000000000e+00
5.550000000000000000e+02 2.219891196597416627e-01 8.089440145653163938e-01 3.561675011379153433e-02 8.614019116977697510e-02 6.929904415111515226e-02 0.000000000000000000e+00
5.580000000000000000e+02 2.231890608470916693e-01 8.103095129722348577e-01 3.607191624943104080e-02 8.386436049157942885e-02 6.975421028675465873e-02 0.000000000000000000e+00
5.610000000000000000e+02 2.243890020344414538e-01 8.117888029130633232e-01 3.709604005461993731e-02 8.397815202548930547e-02 6.713700500682749650e-02 0.000000000000000000e+00
5.640000000000000000e+02 2.255889432217914603e-01 8.134956759217114586e-01 3.698224852071006069e-02 8.352298588984979899e-02 6.599908966772871644e-02 0.000000000000000000e+00
5.670000000000000000e+02 2.267888844091414668e-01 8.224852071005916976e-01 3.584433318161128756e-02 7.851615839781520001e-02 6.315430131998178709e-02 0.000000000000000000e+00
5.700000000000000000e+02 2.279888255964914734e-01 8.268092853891670924e-01 3.698224852071006069e-02 7.589895311788802390e-02 6.030951297223486468e-02 0.000000000000000000e+00
5.730000000000000000e+02 2.291887667838412579e-01 8.297678652708238012e-01 3.709604005461993731e-02 7.498862084660901095e-02 5.814747382794720199e-02 0.000000000000000000e+00
5.760000000000000000e+02 2.303887079711912644e-01 8.319299044151114986e-01 3.880291306326809353e-02 7.271279016841146470e-02 5.655439235320892238e-02 0.000000000000000000e+00
5.790000000000000000e+02 2.315886491585412710e-01 8.369367319071461253e-01 4.142011834319526964e-02 6.907146108329539902e-02 5.257168866636321991e-02 0.000000000000000000e+00
5.820000000000000000e+02 2.327885903458912775e-01 8.397815202548930547e-01 4.210286754665452935e-02 6.770596267637687959e-02 5.040964952207555722e-02 0.000000000000000000e+00
5.850000000000000000e+02 2.339885315332412841e-01 8.393263541192534927e-01 4.392353208921256219e-02 6.804733727810650945e-02 4.870277651342740100e-02 0.000000000000000000e+00
5.880000000000000000e+02 2.351884727205910686e-01 8.397815202548930547e-01 4.380974055530268557e-02 6.781975421028675621e-02 4.858898497951752438e-02 0.000000000000000000e+00
5.910000000000000000e+02 2.363884139079410751e-01 8.376194811106053573e-01 4.494765589440145870e-02 6.781975421028675621e-02 4.961310878470642088e-02 0.000000000000000000e+00
5.940000000000000000e+02 2.375883550952910817e-01 8.390987710514338227e-01 4.483386436049158208e-02 6.895766954938552240e-02 4.710969503868912139e-02 0.000000000000000000e+00
5.970000000000000000e+02 2.387882962826410882e-01 8.417159763313609711e-01 4.449248975876194528e-02 6.941283568502502888e-02 4.437869822485206867e-02 0.000000000000000000e+00
6.000000000000000000e+02 2.399882374699908727e-01 8.398953117888029452e-01 4.483386436049158208e-02 6.952662721893490549e-02 4.574419663177059503e-02 0.000000000000000000e+00
6.030000000000000000e+02 2.411881786573408792e-01 8.428538916704597650e-01 4.631315430131998506e-02 6.588529813381883982e-02 4.494765589440145870e-02 0.000000000000000000e+00
6.060000000000000000e+02 2.423881198446908858e-01 8.444469731451980099e-01 4.688211197086936816e-02 6.326809285389166371e-02 4.540282203004096517e-02 0.000000000000000000e+00
6.090000000000000000e+02 2.435880610320408923e-01 8.443331816112881194e-01 4.722348657259899801e-02 6.269913518434228061e-02 4.574419663177059503e-02 0.000000000000000000e+00
6.120000000000000000e+02 2.447880022193906768e-01 8.454710969503869133e-01 4.767865270823850449e-02 5.996813837050523482e-02 4.688211197086936816e-02 0.000000000000000000e+00
6.150000000000000000e+02 2.459879434067406834e-01 8.519572143832498945e-01 4.619936276741010150e-02 5.837505689576695522e-02 4.346836595357305572e-02 0.000000000000000000e+00
6.180000000000000000e+02 2.471878845940906899e-01 8.486572598998634032e-01 4.767865270823850449e-02 5.837505689576695522e-02 4.528903049613108855e-02 0.000000000000000000e+00
6.210000000000000000e+02 2.483878257814406965e-01 8.501365498406918686e-01 4.802002730996814128e-02 5.803368229403732537e-02 4.380974055530268557e-02 0.000000000000000000e+00
6.240000000000000000e+02 2.495877669687907030e-01 8.515020482476103325e-01 4.824761037778789452e-02 5.894401456531633832e-02 4.130632680928538608e-02 0.000000000000000000e+00
6.270000000000000000e+02 2.507877081561404875e-01 8.470641784251251583e-01 4.995448338643605074e-02 5.951297223486572835e-02 4.346836595357305572e-02 0.000000000000000000e+00
6.300000000000000000e+02 2.519876493434904940e-01 8.486572598998634032e-01 4.972690031861629750e-02 5.826126536185707860e-02 4.335457441966317910e-02 0.000000000000000000e+00
6.330000000000000000e+02 2.531875905308405006e-01 8.513882567137005530e-01 4.904415111515703085e-02 5.553026854802002588e-02 4.403732362312243881e-02 0.000000000000000000e+00
6.360000000000000000e+02 2.543875317181905071e-01 8.489986345015930747e-01 5.040964952207555722e-02 5.598543468365953235e-02 4.460628129267182190e-02 0.000000000000000000e+00
6.390000000000000000e+02 2.555874729055402916e-01 8.512744651797906625e-01 5.086481565771506369e-02 5.518889394629039602e-02 4.267182521620391245e-02 0.000000000000000000e+00
6.420000000000000000e+02 2.567874140928902982e-01 8.503641329085116496e-01 5.166135639508420696e-02 5.644060081929904577e-02 4.153390987710514626e-02 0.000000000000000000e+00
6.450000000000000000e+02 2.579873552802403047e-01 8.516158397815202230e-01 5.029585798816568060e-02 5.780609922621757213e-02 4.028220300409649651e-02 0.000000000000000000e+00
6.480000000000000000e+02 2.591872964675903113e-01 8.536640873918980299e-01 5.040964952207555722e-02 5.621301775147929253e-02 3.971324533454710648e-02 0.000000000000000000e+00
6.510000000000000000e+02 2.603872376549400958e-01 8.528675466545289074e-01 5.120619025944470049e-02 5.575785161583977911e-02 4.016841147018661989e-02 0.000000000000000000e+00
6.540000000000000000e+02 2.615871788422901023e-01 8.513882567137005530e-01 5.234410559854346667e-02 5.484751934456076616e-02 4.142011834319526964e-02 0.000000000000000000e+00
6.570000000000000000e+02 2.627871200296401089e-01 8.515020482476103325e-01 5.268548020027309653e-02 5.382339553937186966e-02 4.198907601274465273e-02 0.000000000000000000e+00
6.600000000000000000e+02 2.639870612169901154e-01 8.500227583067819781e-01 5.405097860719162289e-02 5.530268548020027264e-02 4.062357760582612637e-02 0.000000000000000000e+00
6.630000000000000000e+02 2.651870024043398999e-01 8.497951752389621971e-01 5.336822940373236318e-02 5.678197542102867562e-02 4.005461993627674328e-02 0.000000000000000000e+00
6.660000000000000000e+02 2.663869435916899064e-01 8.476331360946746107e-01 5.530268548020027264e-02 5.712335002275830548e-02 3.994082840236686666e-02 0.000000000000000000e+00
6.690000000000000000e+02 2.675868847790399130e-01 8.475193445607647202e-01 5.450614474283113631e-02 5.791989076012744875e-02 4.005461993627674328e-02 0.000000000000000000e+00
6.720000000000000000e+02 2.687868259663899195e-01 8.453573054164770229e-01 5.427856167501137613e-02 6.019572143832498806e-02 4.016841147018661989e-02 0.000000000000000000e+00
6.750000000000000000e+02 2.699867671537399261e-01 8.423987255348202030e-01 5.427856167501137613e-02 6.224396904870277414e-02 4.107874374146563284e-02 0.000000000000000000e+00
6.780000000000000000e+02 2.711867083410897106e-01 8.450159308147473514e-01 5.416477014110149951e-02 6.099226217569413133e-02 3.982703686845699004e-02 0.000000000000000000e+00
6.810000000000000000e+02 2.723866495284397171e-01 8.454710969503869133e-01 5.518889394629039602e-02 6.144742831133363781e-02 3.789258079198907364e-02 0.000000000000000000e+00
