# itime ezz other fcc hcp bcc ico
0.000000000000000000e+00 0.000000000000000000e+00 9.103322712790168532e-04 9.990896677287209870e-01 0.000000000000000000e+00 0.000000000000000000e+00 0.000000000000000000e+00
3.000000000000000000e+01 1.199999833694853635e-02 1.137915339098770958e-03 9.988620846609012061e-01 0.000000000000000000e+00 0.000000000000000000e+00 0.000000000000000000e+00
6.000000000000000000e+01 2.399999667389685065e-02 9.103322712790168532e-04 9.990896677287209870e-01 0.000000000000000000e+00 0.000000000000000000e+00 0.000000000000000000e+00
9.000000000000000000e+01 3.599999501084538700e-02 3.186162949476558769e-03 9.967000455166135087e-01 0.000000000000000000e+00 1.137915339098771066e-04 0.000000000000000000e+00
1.200000000000000000e+02 4.799999334779392335e-02 9.103322712790167665e-03 9.907828857532999800e-01 0.000000000000000000e+00 1.137915339098771066e-04 0.000000000000000000e+00
1.500000000000000000e+02 5.999999168474223765e-02 1.820664542558033533e-02 9.811106053709603980e-01 0.000000000000000000e+00 6.827492034592626399e-04 0.000000000000000000e+00
1.800000000000000000e+02 7.199999002169077400e-02 3.425125170687300796e-02 9.647246244879380539e-01 0.000000000000000000e+00 1.024123805188893906e-03 0.000000000000000000e+00
2.100000000000000000e+02 8.399998835863931035e-02 6.873008648156576916e-02 9.285389167045972059e-01 0.000000000000000000e+00 2.730996813837050560e-03 0.000000000000000000e+00
2.400000000000000000e+02 9.599998669558762465e-02 1.172052799271734169e-01 8.765361857077833552e-01 0.000000000000000000e+00 6.258534365043240920e-03 0.000000000000000000e+00
2.700000000000000000e+02 1.079999850325361610e-01 2.397587619481110488e-01 7.413518434228493215e-01 0.000000000000000000e+00 1.888939462903959851e-02 0.000000000000000000e+00
3.000000000000000000e+02 1.199999833694846973e-01 3.591260810195721631e-01 6.053709604005461653e-01 0.000000000000000000e+00 3.550295857988165771e-02 0.000000000000000000e+00
3.300000000000000000e+02 1.319999817064330117e-01 5.126308602639964018e-01 4.160218479745106945e-01 7.965407373691396923e-04 7.055075102412380894e-02 0.000000000000000000e+00
3.600000000000000000e+02 1.439999800433815480e-01 6.398497951752389890e-01 2.366863905325443662e-01 3.527537551206190360e-03 1.199362767410104696e-01 0.000000000000000000e+00
3.900000000000000000e+02 1.559999783803300843e-01 7.075557578516158408e-01 1.223258989531178925e-01 1.137915339098771045e-02 1.587391898042785632e-01 0.000000000000000000e+00
4.200000000000000000e+02 1.679999767172783987e-01 7.507965407373691225e-01 5.826126536185707860e-02 2.093764223941738806e-02 1.700045516613563901e-01 0.000000000000000000e+00
4.500000000000000000e+02 1.799999750542269350e-01 7.860719162494310686e-01 3.777878925807919702e-02 2.753755120619025970e-02 1.486117432862995025e-01 0.000000000000000000e+00
4.800000000000000000e+02 1.919999733911754713e-01 8.229403732362312596e-01 2.901684114701866268e-02 2.878925807919890598e-02 1.192535275375512099e-01 0.000000000000000000e+00
5.100000000000000000e+02 2.039999717281237857e-01 8.526399635867091265e-01 2.412380518889394726e-02 3.038233955393718558e-02 9.285389167045972336e-02 0.000000000000000000e+00
5.400000000000000000e+02 2.159999700650723220e-01 8.776741010468821491e-01 1.729631315430131891e-02 3.595812471552116418e-02 6.907146108329539902e-02 0.000000000000000000e+00
5.700000000000000000e+02 2.279999684020206363e-01 9.020254893035958288e-01 1.445152480655439303e-02 3.288575329995448160e-02 5.063723258989531045e-02 0.000000000000000000e+00
6.000000000000000000e+02 2.399999667389691727e-01 9.136322257624033272e-01 1.433773327264451468e-02 3.288575329995448160e-02 3.914428766499772339e-02 0.000000000000000000e+00
6.300000000000000000e+02 2.519999650759177090e-01 9.268320436959490705e-01 1.479289940828402289e-02 3.208921256258534527e-02 2.628584433318160996e-02 0.000000000000000000e+00
6.600000000000000000e+02 2.639999634128660233e-01 9.392353208921255803e-01 1.274465179790623508e-02 2.469276285844333035e-02 2.332726445152480746e-02 0.000000000000000000e+00
6.900000000000000000e+02 2.759999617498145597e-01 9.498179335457441752e-01 1.172052799271734204e-02 2.253072371415566766e-02 1.593081474738279601e-02 0.000000000000000000e+00
7.200000000000000000e+02 2.879999600867630960e-01 9.588074647246245252e-01 1.081019572143832562e-02 1.809285389167045871e-02 1.228948566226672687e-02 0.000000000000000000e+00
7.500000000000000000e+02 2.999999584237114103e-01 9.623350022758306865e-01 1.092398725534820224e-02 1.786527082385070547e-02 8.875739644970414427e-03 0.000000000000000000e+00
7.800000000000000000e+02 3.119999567606599467e-01 9.621074192080109055e-01 1.160673645880746542e-02 1.695493855257168905e-02 9.330905780609922637e-03 0.000000000000000000e+00
8.100000000000000000e+02 3.239999550976084830e-01 9.662039144287665193e-01 1.069640418752844727e-02 1.581702321347291593e-02 7.282658170232134826e-03 0.000000000000000000e+00
8.400000000000000000e+02 3.359999534345567973e-01 9.660901228948566288e-01 1.058261265361857065e-02 1.593081474738279601e-02 7.282658170232134826e-03 1.137915339098771066e-04
8.700000000000000000e+02 3.479999517715053337e-01 9.716659080564405970e-01 9.103322712790167665e-03 1.354119253527537488e-02 5.689576695493855224e-03 0.000000000000000000e+00
9.000000000000000000e+02 3.599999501084538700e-01 9.737141556668184039e-01 8.306781975421027864e-03 1.183431952662721866e-02 5.689576695493855224e-03 4.551661356395084266e-04
9.300000000000000000e+02 3.719999484454021843e-01 9.761037778789257713e-01 7.055075102412380721e-03 1.149294492489758707e-02 4.779244424214838804e-03 5.689576695493854790e-04
9.600000000000000000e+02 3.839999467823507207e-01 9.775830678197542367e-01 7.055075102412380721e-03 1.103777878925807886e-02 3.982703686845699004e-03 3.413746017296313199e-04
9.900000000000000000e+02 3.959999451192992570e-01 9.779244424214837972e-01 6.258534365043240920e-03 1.206190259444697363e-02 3.413746017296313308e-03 3.413746017296313199e-04
1.020000000000000000e+03 4.079999434562475713e-01 9.806554392353209471e-01 5.575785161583977738e-03 1.092398725534820224e-02 2.617205279927173507e-03 2.275830678197542133e-04
1.050000000000000000e+03 4.199999417931961077e-01 9.819071461083295205e-01 5.575785161583977738e-03 1.024123805188893906e-02 2.048247610377787811e-03 2.275830678197542133e-04
1.080000000000000000e+03 4.319999401301446440e-01 9.849795175238962308e-01 5.120619025944469528e-03 7.624032771961766417e-03 1.934456076467910759e-03 3.413746017296313199e-04
1.110000000000000000e+03 4.439999384670929583e-01 9.838416021847974369e-01 5.461993627674101119e-03 8.420573509330906217e-03 1.820664542558033706e-03 4.551661356395084266e-04
1.140000000000000000e+03 4.559999368040414947e-01 9.869139736003641472e-01 3.868912152935821518e-03 7.168866636322257339e-03 1.820664542558033706e-03 2.275830678197542133e-04
1.170000000000000000e+03 4.679999351409900310e-01 9.872553482020938187e-01 3.755120619025944465e-03 5.575785161583977738e-03 3.072371415566681717e-03 3.413746017296313199e-04
1.200000000000000000e+03 4.799999334779383453e-01 9.906690942193900895e-01 2.730996813837050560e-03 5.234410559854347014e-03 1.024123805188893906e-03 3.413746017296313199e-04
1.230000000000000000e+03 4.919999318148868817e-01 9.907828857532999800e-01 2.275830678197541916e-03 4.893035958124715423e-03 1.706873008648156654e-03 3.413746017296313199e-04
1.260000000000000000e+03 5.039999301518354180e-01 9.929449248975875664e-01 1.251706873008648227e-03 4.551661356395083832e-03 6.827492034592626399e-04 5.689576695493854790e-04
1.290000000000000000e+03 5.159999284887837323e-01 9.927173418297678964e-01 1.593081474738279385e-03 3.868912152935821518e-03 1.593081474738279385e-03 2.275830678197542133e-04
1.320000000000000000e+03 5.279999268257322687e-01 9.934000910332271284e-01 1.137915339098770958e-03 4.779244424214838804e-03 4.551661356395084266e-04 2.275830678197542133e-04
1.350000000000000000e+03 5.399999251626808050e-01 9.936276741010469093e-01 7.965407373691396923e-04 4.210286754665453109e-03 1.024123805188893906e-03 3.413746017296313199e-04
1.380000000000000000e+03 5.519999234996291193e-01 9.927173418297678964e-01 5.689576695493854790e-04 4.210286754665453109e-03 1.820664542558033706e-03 6.827492034592626399e-04
1.410000000000000000e+03 5.639999218365776557e-01 9.941966317705962508e-01 6.827492034592626399e-04 4.096495220755575623e-03 7.965407373691396923e-04 2.275830678197542133e-04
1.440000000000000000e+03 5.759999201735261920e-01 9.956759217114247162e-01 5.689576695493854790e-04 2.503413746017296455e-03 6.827492034592626399e-04 5.689576695493854790e-04
1.470000000000000000e+03 5.879999185104745063e-01 9.961310878470641672e-01 2.275830678197542133e-04 2.048247610377787811e-03 9.103322712790168532e-04 6.827492034592626399e-04
1.500000000000000000e+03 5.999999168474230427e-01 9.956759217114247162e-01 7.965407373691396923e-04 2.730996813837050560e-03 5.689576695493854790e-04 2.275830678197542133e-04
1.530000000000000000e+03 6.119999151843715790e-01 9.961310878470641672e-01 9.103322712790168532e-04 2.162039144287664864e-03 2.275830678197542133e-04 5.689576695493854790e-04
1.560000000000000000e+03 6.239999135213198933e-01 9.955621301775148257e-01 7.965407373691396923e-04 2.162039144287664864e-03 9.103322712790168532e-04 5.689576695493854790e-04
1.590000000000000000e+03 6.359999118582684297e-01 9.965862539827037292e-01 6.827492034592626399e-04 1.593081474738279385e-03 4.551661356395084266e-04 6.827492034592626399e-04
1.620000000000000000e+03 6.479999101952167440e-01 9.988620846609012061e-01 1.137915339098771066e-04 5.689576695493854790e-04 1.137915339098771066e-04 3.413746017296313199e-04
1.650000000000000000e+03 6.599999085321652803e-01 9.973827947200728516e-01 5.689576695493854790e-04 1.251706873008648227e-03 2.275830678197542133e-04 5.689576695493854790e-04
1.680000000000000000e+03 6.719999068691138167e-01 9.967000455166135087e-01 4.551661356395084266e-04 1.479289940828402332e-03 4.551661356395084266e-04 9.103322712790168532e-04
1.710000000000000000e+03 6.839999052060621310e-01 9.971552116522530707e-01 2.275830678197542133e-04 1.365498406918525280e-03 5.689576695493854790e-04 6.827492034592626399e-04
1.740000000000000000e+03 6.959999035430106673e-01 9.977241693218024121e-01 5.689576695493854790e-04 9.103322712790168532e-04 2.275830678197542133e-04 5.689576695493854790e-04
1.770000000000000000e+03 7.079999018799592037e-01 9.972690031861629611e-01 5.689576695493854790e-04 1.251706873008648227e-03 2.275830678197542133e-04 6.827492034592626399e-04
1.800000000000000000e+03 7.199999002169075180e-01 9.973827947200728516e-01 2.275830678197542133e-04 1.365498406918525280e-03 3.413746017296313199e-04 6.827492034592626399e-04
1.830000000000000000e+03 7.319998985538560543e-01 9.978379608557123026e-01 1.137915339098771066e-04 1.137915339098770958e-03 3.413746017296313199e-04 5.689576695493854790e-04
1.860000000000000000e+03 7.439998968908045907e-01 9.972690031861629611e-01 3.413746017296313199e-04 1.137915339098770958e-03 3.413746017296313199e-04 9.103322712790168532e-04
1.890000000000000000e+03 7.559998952277529050e-01 9.972690031861629611e-01 2.275830678197542133e-04 1.137915339098770958e-03 2.275830678197542133e-04 1.137915339098770958e-03
1.920000000000000000e+03 7.679998935647014413e-01 9.980655439235320836e-01 2.275830678197542133e-04 5.689576695493854790e-04 3.413746017296313199e-04 7.965407373691396923e-04
1.950000000000000000e+03 7.799998919016499777e-01 9.986345015930814251e-01 1.137915339098771066e-04 5.689576695493854790e-04 2.275830678197542133e-04 4.551661356395084266e-04
1.980000000000000000e+03 7.919998902385982920e-01 9.978379608557123026e-01 1.137915339098771066e-04 1.024123805188893906e-03 2.275830678197542133e-04 7.965407373691396923e-04
2.010000000000000000e+03 8.039998885755468283e-01 9.978379608557123026e-01 1.137915339098771066e-04 1.251706873008648227e-03 2.275830678197542133e-04 5.689576695493854790e-04
2.040000000000000000e+03 8.159998869124953647e-01 9.978379608557123026e-01 1.137915339098771066e-04 1.024123805188893906e-03 2.275830678197542133e-04 7.965407373691396923e-04
2.070000000000000000e+03 8.279998852494436790e-01 9.982931269913518646e-01 3.413746017296313199e-04 9.103322712790168532e-04 0.000000000000000000e+00 4.551661356395084266e-04
2.100000000000000000e+03 8.399998835863922153e-01 9.974965862539827421e-01 3.413746017296313199e-04 9.103322712790168532e-04 3.413746017296313199e-04 9.103322712790168532e-04
2.130000000000000000e+03 8.519998819233407517e-01 9.981793354574419741e-01 0.000000000000000000e+00 6.827492034592626399e-04 2.275830678197542133e-04 9.103322712790168532e-04
2.160000000000000000e+03 8.639998802602890660e-01 9.980655439235320836e-01 2.275830678197542133e-04 7.965407373691396923e-04 2.275830678197542133e-04 6.827492034592626399e-04
2.190000000000000000e+03 8.759998785972376023e-01 9.977241693218024121e-01 3.413746017296313199e-04 7.965407373691396923e-04 2.275830678197542133e-04 9.103322712790168532e-04
2.220000000000000000e+03 8.879998769341856946e-01 9.986345015930814251e-01 1.137915339098771066e-04 7.965407373691396923e-04 2.275830678197542133e-04 2.275830678197542133e-04
2.250000000000000000e+03 8.999998752711342309e-01 9.974965862539827421e-01 3.413746017296313199e-04 1.024123805188893906e-03 5.689576695493854790e-04 5.689576695493854790e-04
2.280000000000000000e+03 9.119998736080827673e-01 9.979517523896221931e-01 2.275830678197542133e-04 7.965407373691396923e-04 1.137915339098771066e-04 9.103322712790168532e-04
2.310000000000000000e+03 9.239998719450310816e-01 9.978379608557123026e-01 2.275830678197542133e-04 7.965407373691396923e-04 5.689576695493854790e-04 5.689576695493854790e-04
2.340000000000000000e+03 9.359998702819796179e-01 9.973827947200728516e-01 2.275830678197542133e-04 9.103322712790168532e-04 4.551661356395084266e-04 1.024123805188893906e-03
2.370000000000000000e+03 9.479998686189281543e-01 9.980655439235320836e-01 0.000000000000000000e+00 5.689576695493854790e-04 1.137915339098771066e-04 1.251706873008648227e-03
2.400000000000000000e+03 9.599998669558764686e-01 9.970414201183431802e-01 2.275830678197542133e-04 1.365498406918525280e-03 2.275830678197542133e-04 1.137915339098770958e-03
2.430000000000000000e+03 9.719998652928250049e-01 9.979517523896221931e-01 1.137915339098771066e-04 6.827492034592626399e-04 4.551661356395084266e-04 7.965407373691396923e-04
2.460000000000000000e+03 9.839998636297735413e-01 9.970414201183431802e-01 3.413746017296313199e-04 1.024123805188893906e-03 2.275830678197542133e-04 1.365498406918525280e-03
2.490000000000000000e+03 9.959998619667218556e-01 9.984069185252617551e-01 0.000000000000000000e+00 7.965407373691396923e-04 0.000000000000000000e+00 7.965407373691396923e-04
