# itime ezz other fcc hcp bcc ico
0.000000000000000000e+00 0.000000000000000000e+00 1.251706873008648227e-03 9.986345015930814251e-01 0.000000000000000000e+00 1.137915339098771066e-04 0.000000000000000000e+00
2.500000000000000000e+01 9.999839064376292441e-04 1.024123805188893906e-03 9.989758761948110966e-01 0.000000000000000000e+00 0.000000000000000000e+00 0.000000000000000000e+00
5.000000000000000000e+01 1.999967812875258488e-03 6.827492034592626399e-04 9.993172507965407680e-01 0.000000000000000000e+00 0.000000000000000000e+00 0.000000000000000000e+00
7.500000000000000000e+01 2.999951719312887732e-03 2.162039144287664864e-03 9.978379608557123026e-01 0.000000000000000000e+00 0.000000000000000000e+00 0.000000000000000000e+00
1.000000000000000000e+02 3.999935625750516976e-03 1.365498406918525280e-03 9.986345015930814251e-01 0.000000000000000000e+00 0.000000000000000000e+00 0.000000000000000000e+00
1.250000000000000000e+02 4.999919532188146221e-03 0.000000000000000000e+00 1.000000000000000000e+00 0.000000000000000000e+00 0.000000000000000000e+00 0.000000000000000000e+00
1.500000000000000000e+02 5.999903438625775465e-03 1.137915339098770958e-03 9.988620846609012061e-01 0.000000000000000000e+00 0.000000000000000000e+00 0.000000000000000000e+00
1.750000000000000000e+02 6.999887345063404709e-03 1.137915339098770958e-03 9.988620846609012061e-01 0.000000000000000000e+00 0.000000000000000000e+00 0.000000000000000000e+00
2.000000000000000000e+02 7.999871251501033953e-03 1.137915339098770958e-03 9.988620846609012061e-01 0.000000000000000000e+00 0.000000000000000000e+00 0.000000000000000000e+00
2.250000000000000000e+02 8.999855157938663197e-03 1.365498406918525280e-03 9.986345015930814251e-01 0.000000000000000000e+00 0.000000000000000000e+00 0.000000000000000000e+00
2.500000000000000000e+02 9.999839064376070397e-03 6.827492034592626399e-04 9.993172507965407680e-01 0.000000000000000000e+00 0.000000000000000000e+00 0.000000000000000000e+00
2.750000000000000000e+02 1.099982297081369964e-02 4.551661356395084266e-04 9.995448338643604380e-01 0.000000000000000000e+00 0.000000000000000000e+00 0.000000000000000000e+00
3.000000000000000000e+02 1.199980687725132888e-02 0.000000000000000000e+00 1.000000000000000000e+00 0.000000000000000000e+00 0.000000000000000000e+00 0.000000000000000000e+00
3.250000000000000000e+02 1.299979078368895813e-02 6.827492034592626399e-04 9.993172507965407680e-01 0.000000000000000000e+00 0.000000000000000000e+00 0.000000000000000000e+00
3.500000000000000000e+02 1.399977469012658737e-02 2.162039144287664864e-03 9.978379608557123026e-01 0.000000000000000000e+00 0.000000000000000000e+00 0.000000000000000000e+00
3.750000000000000000e+02 1.499975859656421662e-02 5.689576695493854790e-04 9.994310423304506585e-01 0.000000000000000000e+00 0.000000000000000000e+00 0.000000000000000000e+00
4.000000000000000000e+02 1.599974250300184586e-02 2.730996813837050560e-03 9.972690031861629611e-01 0.000000000000000000e+00 0.000000000000000000e+00 0.000000000000000000e+00
4.250000000000000000e+02 1.699972640943947511e-02 1.251706873008648227e-03 9.987482931269913156e-01 0.000000000000000000e+00 0.000000000000000000e+00 0.000000000000000000e+00
4.500000000000000000e+02 1.799971031587710435e-02 3.641329085116067413e-03 9.963586709148839482e-01 0.000000000000000000e+00 0.000000000000000000e+00 0.000000000000000000e+00
4.750000000000000000e+02 1.899969422231473359e-02 3.186162949476558769e-03 9.968138370505233992e-01 0.000000000000000000e+00 0.000000000000000000e+00 0.000000000000000000e+00
5.000000000000000000e+02 1.999967812875236284e-02 3.413746017296313308e-03 9.963586709148839482e-01 0.000000000000000000e+00 2.275830678197542133e-04 0.000000000000000000e+00
5.250000000000000000e+02 2.099966203518999208e-02 1.820664542558033706e-03 9.981793354574419741e-01 0.000000000000000000e+00 0.000000000000000000e+00 0.000000000000000000e+00
5.500000000000000000e+02 2.199964594162762133e-02 1.024123805188893906e-03 9.988620846609012061e-01 0.000000000000000000e+00 1.137915339098771066e-04 0.000000000000000000e+00
5.750000000000000000e+02 2.299962984806525057e-02 2.958579881656804664e-03 9.969276285844332897e-01 0.000000000000000000e+00 1.137915339098771066e-04 0.000000000000000000e+00
6.000000000000000000e+02 2.399961375450287981e-02 1.365498406918525280e-03 9.985207100591716456e-01 0.000000000000000000e+00 1.137915339098771066e-04 0.000000000000000000e+00
6.250000000000000000e+02 2.499959766094050906e-02 3.186162949476558769e-03 9.968138370505233992e-01 0.000000000000000000e+00 0.000000000000000000e+00 0.000000000000000000e+00
6.500000000000000000e+02 2.599958156737813830e-02 4.437869822485207214e-03 9.954483386436049352e-01 0.000000000000000000e+00 1.137915339098771066e-04 0.000000000000000000e+00
6.750000000000000000e+02 2.699956547381576755e-02 3.527537551206190360e-03 9.962448793809740577e-01 0.000000000000000000e+00 2.275830678197542133e-04 0.000000000000000000e+00
7.000000000000000000e+02 2.799954938025317475e-02 5.006827492034592909e-03 9.947655894401457033e-01 0.000000000000000000e+00 2.275830678197542133e-04 0.000000000000000000e+00
7.250000000000000000e+02 2.899953328669080399e-02 3.413746017296313308e-03 9.964724624487938387e-01 0.000000000000000000e+00 1.137915339098771066e-04 0.000000000000000000e+00
7.500000000000000000e+02 2.999951719312843323e-02 2.958579881656804664e-03 9.969276285844332897e-01 0.000000000000000000e+00 1.137915339098771066e-04 0.000000000000000000e+00
7.750000000000000000e+02 3.099950109956606248e-02 6.030951297223486815e-03 9.938552571688666903e-01 0.000000000000000000e+00 1.137915339098771066e-04 0.000000000000000000e+00
8.000000000000000000e+02 3.199948500600369172e-02 4.665452890304961318e-03 9.951069640418752638e-01 0.000000000000000000e+00 2.275830678197542133e-04 0.000000000000000000e+00
8.250000000000000000e+02 3.299946891244132097e-02 4.096495220755575623e-03 9.956759217114247162e-01 0.000000000000000000e+00 2.275830678197542133e-04 0.000000000000000000e+00
8.500000000000000000e+02 3.399945281887895021e-02 4.324078288575329727e-03 9.955621301775148257e-01 0.000000000000000000e+00 1.137915339098771066e-04 0.000000000000000000e+00
8.750000000000000000e+02 3.499943672531657946e-02 3.641329085116067413e-03 9.961310878470641672e-01 0.000000000000000000e+00 2.275830678197542133e-04 0.000000000000000000e+00
9.000000000000000000e+02 3.599942063175420870e-02 5.234410559854347014e-03 9.946517979062358128e-01 0.000000000000000000e+00 1.137915339098771066e-04 0.000000000000000000e+00
9.250000000000000000e+02 3.699940453819183794e-02 3.982703686845699004e-03 9.959035047792443862e-01 0.000000000000000000e+00 1.137915339098771066e-04 0.000000000000000000e+00
9.500000000000000000e+02 3.799938844462946719e-02 5.689576695493855224e-03 9.943104233045061413e-01 0.000000000000000000e+00 0.000000000000000000e+00 0.000000000000000000e+00
9.750000000000000000e+02 3.899937235106709643e-02 6.144742831133363434e-03 9.934000910332271284e-01 0.000000000000000000e+00 4.551661356395084266e-04 0.000000000000000000e+00
1.000000000000000000e+03 3.999935625750472568e-02 6.599908966772872511e-03 9.931725079654073474e-01 0.000000000000000000e+00 2.275830678197542133e-04 0.000000000000000000e+00
1.025000000000000000e+03 4.099934016394235492e-02 1.035502958579881741e-02 9.895311788802912956e-01 0.000000000000000000e+00 1.137915339098771066e-04 0.000000000000000000e+00
1.050000000000000000e+03 4.199932407037998416e-02 1.046882111970869403e-02 9.891898042785616241e-01 0.000000000000000000e+00 3.413746017296313199e-04 0.000000000000000000e+00
1.075000000000000000e+03 4.299930797681761341e-02 6.941283568502503235e-03 9.923759672280382249e-01 0.000000000000000000e+00 6.827492034592626399e-04 0.000000000000000000e+00
1.100000000000000000e+03 4.399929188325524265e-02 5.006827492034592909e-03 9.948793809740554828e-01 0.000000000000000000e+00 1.137915339098771066e-04 0.000000000000000000e+00
1.125000000000000000e+03 4.499927578969287190e-02 1.172052799271734204e-02 9.878243058716431602e-01 0.000000000000000000e+00 4.551661356395084266e-04 0.000000000000000000e+00
1.150000000000000000e+03 4.599925969613027910e-02 9.786071916249430847e-03 9.895311788802912956e-01 0.000000000000000000e+00 6.827492034592626399e-04 0.000000000000000000e+00
1.175000000000000000e+03 4.699924360256790834e-02 6.486117432862995025e-03 9.930587164314974569e-01 0.000000000000000000e+00 4.551661356395084266e-04 0.000000000000000000e+00
1.200000000000000000e+03 4.799922750900553758e-02 1.240327719617660522e-02 9.870277651342740377e-01 0.000000000000000000e+00 5.689576695493854790e-04 0.000000000000000000e+00
1.225000000000000000e+03 4.899921141544316683e-02 1.251706873008648184e-02 9.871415566681839282e-01 0.000000000000000000e+00 3.413746017296313199e-04 0.000000000000000000e+00
1.250000000000000000e+03 4.999919532188079607e-02 1.251706873008648184e-02 9.869139736003641472e-01 0.000000000000000000e+00 5.689576695493854790e-04 0.000000000000000000e+00
1.275000000000000000e+03 5.099917922831842532e-02 1.536185707783340945e-02 9.839553937187073274e-01 0.000000000000000000e+00 6.827492034592626399e-04 0.000000000000000000e+00
1.300000000000000000e+03 5.199916313475605456e-02 1.160673645880746542e-02 9.877105143377332697e-01 0.000000000000000000e+00 6.827492034592626399e-04 0.000000000000000000e+00
1.325000000000000000e+03 5.299914704119368380e-02 1.228948566226672687e-02 9.874829312699134887e-01 0.000000000000000000e+00 2.275830678197542133e-04 0.000000000000000000e+00
1.350000000000000000e+03 5.399913094763131305e-02 1.388256713700500647e-02 9.856622667273554628e-01 0.000000000000000000e+00 4.551661356395084266e-04 0.000000000000000000e+00
1.375000000000000000e+03 5.499911485406894229e-02 1.957214383249886169e-02 9.797451069640418231e-01 0.000000000000000000e+00 6.827492034592626399e-04 0.000000000000000000e+00
1.400000000000000000e+03 5.599909876050657154e-02 2.025489303595812488e-02 9.787209831588530307e-01 0.000000000000000000e+00 1.024123805188893906e-03 0.000000000000000000e+00
1.425000000000000000e+03 5.699908266694420078e-02 1.979972690031861493e-02 9.788347746927628101e-01 0.000000000000000000e+00 1.365498406918525280e-03 0.000000000000000000e+00
1.450000000000000000e+03 5.799906657338183003e-02 2.685480200273099652e-02 9.714383249886208160e-01 0.000000000000000000e+00 1.706873008648156654e-03 0.000000000000000000e+00
1.475000000000000000e+03 5.899905047981945927e-02 2.048247610377787811e-02 9.779244424214837972e-01 0.000000000000000000e+00 1.593081474738279385e-03 0.000000000000000000e+00
1.500000000000000000e+03 5.999903438625708851e-02 3.015475648611743234e-02 9.685935366408738867e-01 0.000000000000000000e+00 1.251706873008648227e-03 0.000000000000000000e+00
1.525000000000000000e+03 6.099901829269471776e-02 2.787892580791988956e-02 9.706417842512516936e-01 0.000000000000000000e+00 1.479289940828402332e-03 0.000000000000000000e+00
1.550000000000000000e+03 6.199900219913234700e-02 3.049613108784706567e-02 9.672280382339554228e-01 0.000000000000000000e+00 2.275830678197541916e-03 0.000000000000000000e+00
1.575000000000000000e+03 6.299898610556997625e-02 3.709604005461993731e-02 9.598315885298134287e-01 0.000000000000000000e+00 3.072371415566681717e-03 0.000000000000000000e+00
1.600000000000000000e+03 6.399897001200738345e-02 3.777878925807919702e-02 9.588074647246245252e-01 0.000000000000000000e+00 3.413746017296313308e-03 0.000000000000000000e+00
1.625000000000000000e+03 6.499895391844501269e-02 3.550295857988165771e-02 9.631315430131998090e-01 0.000000000000000000e+00 1.365498406918525280e-03 0.000000000000000000e+00
1.650000000000000000e+03 6.599893782488264193e-02 4.540282203004096517e-02 9.528903049613108855e-01 0.000000000000000000e+00 1.706873008648156654e-03 0.000000000000000000e+00
1.675000000000000000e+03 6.699892173132027118e-02 5.040964952207555722e-02 9.465179790623577949e-01 0.000000000000000000e+00 3.072371415566681717e-03 0.000000000000000000e+00
1.700000000000000000e+03 6.799890563775790042e-02 5.018206645425580398e-02 9.472007282658170269e-01 0.000000000000000000e+00 2.617205279927173507e-03 0.000000000000000000e+00
1.725000000000000000e+03 6.899888954419552967e-02 5.097860719162494031e-02 9.457214383249886724e-01 0.000000000000000000e+00 3.299954483386436255e-03 0.000000000000000000e+00
1.750000000000000000e+03 6.999887345063315891e-02 4.893035958124715423e-02 9.477696859353663683e-01 0.000000000000000000e+00 3.299954483386436255e-03 0.000000000000000000e+00
1.775000000000000000e+03 7.099885735707078815e-02 5.052344105598543383e-02 9.448111060537096595e-01 0.000000000000000000e+00 4.665452890304961318e-03 0.000000000000000000e+00
1.800000000000000000e+03 7.199884126350841740e-02 5.587164314974965573e-02 9.406008192990441552e-01 0.000000000000000000e+00 3.527537551206190360e-03 0.000000000000000000e+00
1.825000000000000000e+03 7.299882516994604664e-02 5.211652253072371344e-02 9.443559399180700975e-01 0.000000000000000000e+00 3.527537551206190360e-03 0.000000000000000000e+00
1.850000000000000000e+03 7.399880907638367589e-02 5.826126536185707860e-02 9.387801547564861293e-01 0.000000000000000000e+00 2.958579881656804664e-03 0.000000000000000000e+00
1.875000000000000000e+03 7.499879298282130513e-02 5.746472462448793533e-02 9.370732817478379939e-01 0.000000000000000000e+00 5.461993627674101119e-03 0.000000000000000000e+00
1.900000000000000000e+03 7.599877688925893437e-02 7.771961766044606368e-02 9.161356395084205850e-01 0.000000000000000000e+00 6.144742831133363434e-03 0.000000000000000000e+00
1.925000000000000000e+03 7.699876079569656362e-02 1.026399635867091542e-01 8.879153390987710726e-01 0.000000000000000000e+00 9.444697314519799256e-03 0.000000000000000000e+00
1.950000000000000000e+03 7.799874470213419286e-02 1.026399635867091542e-01 8.870050068274920596e-01 0.000000000000000000e+00 1.035502958579881741e-02 0.000000000000000000e+00
1.975000000000000000e+03 7.899872860857182211e-02 1.109467455621301751e-01 8.765361857077833552e-01 0.000000000000000000e+00 1.251706873008648184e-02 0.000000000000000000e+00
2.000000000000000000e+03 7.999871251500945135e-02 1.114019116977696816e-01 8.758534365043241232e-01 0.000000000000000000e+00 1.274465179790623508e-02 0.000000000000000000e+00
2.025000000000000000e+03 8.099869642144708060e-02 1.044606281292671801e-01 8.794947655894401750e-01 0.000000000000000000e+00 1.604460628129267263e-02 0.000000000000000000e+00
2.050000000000000000e+03 8.199868032788448780e-02 1.233500227583067821e-01 8.599226217569412301e-01 0.000000000000000000e+00 1.672735548475193582e-02 0.000000000000000000e+00
2.075000000000000000e+03 8.299866423432211704e-02 1.444014565316340537e-01 8.355712335002275504e-01 0.000000000000000000e+00 2.002730996813837164e-02 0.000000000000000000e+00
2.100000000000000000e+03 8.399864814075974628e-02 1.257396449704142050e-01 8.509330905780609910e-01 0.000000000000000000e+00 2.332726445152480746e-02 0.000000000000000000e+00
2.125000000000000000e+03 8.499863204719737553e-02 1.417842512517068776e-01 8.371643149749659063e-01 0.000000000000000000e+00 2.105143377332726468e-02 0.000000000000000000e+00
2.150000000000000000e+03 8.599861595363500477e-02 1.505461993627674189e-01 8.255575785161584079e-01 0.000000000000000000e+00 2.389622212107419055e-02 0.000000000000000000e+00
2.175000000000000000e+03 8.699859986007263402e-02 1.646563495675921751e-01 8.075785161583978189e-01 0.000000000000000000e+00 2.776513427401001294e-02 0.000000000000000000e+00
2.200000000000000000e+03 8.799858376651026326e-02 1.685252617205279801e-01 7.976786527082384559e-01 0.000000000000000000e+00 3.379608557123350149e-02 0.000000000000000000e+00
2.225000000000000000e+03 8.899856767294789250e-02 1.818388711879836139e-01 7.808375056895766608e-01 0.000000000000000000e+00 3.732362312243969055e-02 0.000000000000000000e+00
2.250000000000000000e+03 8.999855157938552175e-02 2.052799271734183084e-01 7.517068730086481354e-01 1.137915339098771066e-04 4.289940828402366568e-02 0.000000000000000000e+00
2.275000000000000000e+03 9.099853548582315099e-02 2.140418752844788219e-01 7.349795175238962308e-01 0.000000000000000000e+00 5.097860719162494031e-02 0.000000000000000000e+00
2.300000000000000000e+03 9.199851939226078024e-02 2.303140646335912478e-01 7.127901684114701375e-01 1.137915339098771066e-04 5.678197542102867562e-02 0.000000000000000000e+00
2.325000000000000000e+03 9.299850329869840948e-02 2.430587164314974846e-01 6.936731907146108655e-01 3.413746017296313199e-04 6.292671825216203385e-02 0.000000000000000000e+00
2.350000000000000000e+03 9.399848720513603872e-02 2.482931269913518368e-01 6.735320892125625791e-01 1.137915339098771066e-04 7.806099226217569353e-02 0.000000000000000000e+00
2.375000000000000000e+03 9.499847111157366797e-02 2.676376877560309731e-01 6.459945380063722986e-01 4.551661356395084266e-04 8.591260810195720798e-02 0.000000000000000000e+00
2.400000000000000000e+03 9.599845501801129721e-02 2.817478379608557293e-01 6.197086936731907025e-01 1.593081474738279385e-03 9.695038689121529552e-02 0.000000000000000000e+00
2.425000000000000000e+03 9.699843892444892646e-02 2.828857532999544677e-01 5.916021847974510806e-01 3.527537551206190360e-03 1.219845243513882627e-01 0.000000000000000000e+00
2.450000000000000000e+03 9.799842283088655570e-02 3.073509330905780379e-01 5.500682749203459343e-01 7.168866636322257339e-03 1.354119253527537592e-01 0.000000000000000000e+00
2.475000000000000000e+03 9.899840673732418495e-02 3.229403732362312041e-01 5.086481565771506785e-01 8.420573509330906217e-03 1.599908966772872199e-01 0.000000000000000000e+00
2.500000000000000000e+03 9.999839064376159214e-02 3.188438780154756458e-01 4.877105143377332697e-01 7.624032771961766417e-03 1.858215748748293095e-01 0.000000000000000000e+00
2.525000000000000000e+03 1.009983745501992214e-01 3.353436504324078249e-01 4.453800637232590010e-01 1.263086026399635846e-02 2.066454255803368278e-01 0.000000000000000000e+00
2.550000000000000000e+03 1.019983584566368506e-01 3.423987255348202030e-01 4.163632225762403105e-01 1.445152480655439303e-02 2.267865270823850588e-01 0.000000000000000000e+00
2.575000000000000000e+03 1.029983423630744799e-01 3.472917614929449392e-01 3.874601729631315661e-01 1.923076923076923184e-02 2.460172963131543045e-01 0.000000000000000000e+00
2.600000000000000000e+03 1.039983262695121091e-01 3.418297678652708060e-01 3.773327264451524776e-01 2.071005917159763482e-02 2.601274465179790885e-01 0.000000000000000000e+00
2.625000000000000000e+03 1.049983101759497384e-01 3.456986800182066388e-01 3.603777878925807920e-01 2.708238507055074976e-02 2.668411470186617951e-01 0.000000000000000000e+00
2.650000000000000000e+03 1.059982940823873676e-01 3.723258989531179064e-01 3.222576240327719721e-01 3.038233955393718558e-02 2.750341374601729671e-01 0.000000000000000000e+00
2.675000000000000000e+03 1.069982779888249969e-01 3.723258989531179064e-01 3.049613108784706150e-01 3.334091943559399501e-02 2.893718707328175044e-01 0.000000000000000000e+00
2.700000000000000000e+03 1.079982618952626261e-01 3.815430131998179264e-01 2.783340919435594030e-01 3.561675011379153433e-02 3.045061447428311086e-01 0.000000000000000000e+00
2.725000000000000000e+03 1.089982458017002553e-01 3.776741010468820936e-01 2.679790623577605890e-01 3.709604005461993731e-02 3.172507965407373454e-01 0.000000000000000000e+00
2.750000000000000000e+03 1.099982297081378846e-01 3.717569412835685094e-01 2.573964497041419941e-01 4.198907601274465273e-02 3.288575329995448437e-01 0.000000000000000000e+00
2.775000000000000000e+03 1.109982136145755138e-01 3.834774692762858428e-01 2.337278106508875741e-01 5.040964952207555722e-02 3.323850705507510050e-01 0.000000000000000000e+00
2.800000000000000000e+03 1.119981975210131431e-01 3.790395994538006130e-01 2.226900318616295005e-01 6.258534365043240399e-02 3.356850250341374409e-01 0.000000000000000000e+00
2.825000000000000000e+03 1.129981814274507723e-01 3.629949931725079404e-01 2.148384160218479721e-01 7.214383249886208160e-02 3.500227583067819781e-01 0.000000000000000000e+00
2.850000000000000000e+03 1.139981653338884016e-01 3.847291761492944717e-01 1.949248975876194945e-01 7.407828857532999800e-02 3.462676376877560358e-01 0.000000000000000000e+00
2.875000000000000000e+03 1.149981492403260308e-01 3.786982248520709970e-01 1.877560309512972259e-01 8.147473827947200598e-02 3.520710059171597850e-01 0.000000000000000000e+00
2.900000000000000000e+03 1.159981331467636601e-01 3.897360036413290985e-01 1.816112881201638607e-01 8.682294037323623481e-02 3.418297678652708060e-01 0.000000000000000000e+00
2.925000000000000000e+03 1.169981170532012893e-01 3.851843422849339782e-01 1.796768320436959443e-01 9.831588529813381494e-02 3.368229403732362348e-01 0.000000000000000000e+00
2.950000000000000000e+03 1.179981009596389185e-01 3.812016385980883104e-01 1.687528447883477334e-01 1.009330905780609910e-01 3.491124260355029651e-01 0.000000000000000000e+00
2.975000000000000000e+03 1.189980848660763257e-01 3.878015475648611821e-01 1.626081019572143960e-01 1.107191624943104219e-01 3.388711879836140417e-01 0.000000000000000000e+00
3.000000000000000000e+03 1.199980687725139550e-01 3.981565771506599960e-01 1.644287664997724219e-01 1.209604005461993592e-01 3.164542558033682229e-01 0.000000000000000000e+00
3.025000000000000000e+03 1.209980526789515842e-01 4.093081474738279324e-01 1.612426035502958488e-01 1.272189349112426149e-01 3.022303140646335762e-01 0.000000000000000000e+00
3.050000000000000000e+03 1.219980365853892135e-01 4.112426035502958488e-01 1.568047337278106468e-01 1.279016841147018746e-01 3.040509786071916021e-01 0.000000000000000000e+00
3.075000000000000000e+03 1.229980204918268427e-01 4.211424670004551563e-01 1.520254893035958010e-01 1.428083750568957533e-01 2.840236686390532617e-01 0.000000000000000000e+00
3.100000000000000000e+03 1.239980043982644720e-01 4.182976786527082269e-01 1.539599453800637174e-01 1.522530723714155543e-01 2.754893035958124736e-01 0.000000000000000000e+00
3.125000000000000000e+03 1.249979883047021012e-01 4.144287664997723941e-01 1.445152480655439164e-01 1.651115157032316816e-01 2.759444697314519801e-01 0.000000000000000000e+00
3.150000000000000000e+03 1.259979722111397304e-01 4.176149294492489950e-01 1.423532089212562468e-01 1.760355029585798925e-01 2.639963586709148657e-01 0.000000000000000000e+00
3.175000000000000000e+03 1.269979561175773597e-01 4.165908056440600915e-01 1.398497951752389612e-01 1.891215293582157453e-01 2.544378698224852298e-01 0.000000000000000000e+00
3.200000000000000000e+03 1.279979400240149889e-01 4.205735093309057593e-01 1.299499317250796537e-01 1.919663177059626746e-01 2.575102412380518846e-01 0.000000000000000000e+00
3.225000000000000000e+03 1.289979239304526182e-01 4.185252617205280079e-01 1.288120163859808875e-01 1.969731451979972736e-01 2.556895766954938587e-01 0.000000000000000000e+00
3.250000000000000000e+03 1.299979078368902474e-01 4.205735093309057593e-01 1.250568957669549452e-01 2.036868456986800080e-01 2.506827492034592875e-01 0.000000000000000000e+00
3.275000000000000000e+03 1.309978917433278767e-01 4.247837960855712081e-01 1.178880291306326766e-01 2.115384615384615363e-01 2.457897132453345512e-01 0.000000000000000000e+00
3.300000000000000000e+03 1.319978756497655059e-01 4.255803368229403860e-01 1.101502048247610388e-01 2.239417387346381294e-01 2.403277196176604458e-01 0.000000000000000000e+00
3.325000000000000000e+03 1.329978595562031352e-01 4.338871187983613931e-01 1.111743286299499284e-01 2.197314519799726806e-01 2.352071005917159841e-01 0.000000000000000000e+00
3.350000000000000000e+03 1.339978434626407644e-01 4.385525716886663483e-01 1.051433773327264398e-01 2.213245334547109811e-01 2.349795175238962308e-01 0.000000000000000000e+00
3.375000000000000000e+03 1.349978273690783936e-01 4.353664087391898030e-01 1.029813381884387841e-01 2.377105143377332697e-01 2.239417387346381294e-01 0.000000000000000000e+00
3.400000000000000000e+03 1.359978112755160229e-01 4.321802457897132577e-01 1.070778334091943562e-01 2.370277651342740100e-01 2.237141556668183762e-01 0.000000000000000000e+00
3.425000000000000000e+03 1.369977951819534301e-01 4.467455621301775204e-01 1.013882567137004975e-01 2.416932180245789652e-01 2.101729631315430169e-01 0.000000000000000000e+00
3.450000000000000000e+03 1.379977790883910593e-01 4.518661811561219821e-01 9.979517523896222486e-02 2.480655439235320836e-01 2.002730996813837094e-01 0.000000000000000000e+00
3.475000000000000000e+03 1.389977629948286886e-01 4.433318161128811941e-01 9.239872553482020301e-02 2.617205279927173334e-01 2.025489303595812418e-01 0.000000000000000000e+00
3.500000000000000000e+03 1.399977469012663178e-01 4.476558944014565333e-01 9.501593081474737912e-02 2.663859808830222886e-01 1.909421939007737712e-01 0.000000000000000000e+00
3.525000000000000000e+03 1.409977308077039471e-01 4.569868001820664438e-01 9.308147473827947660e-02 2.682066454255803145e-01 1.817250796540737234e-01 0.000000000000000000e+00
3.550000000000000000e+03 1.419977147141415763e-01 4.440145653163404815e-01 9.399180700955848955e-02 2.795857988165680319e-01 1.824078288575330109e-01 0.000000000000000000e+00
3.575000000000000000e+03 1.429976986205792056e-01 4.538006372325898985e-01 9.285389167045972336e-02 2.839098771051433712e-01 1.694355939918070209e-01 0.000000000000000000e+00
3.600000000000000000e+03 1.439976825270168348e-01 4.538006372325898985e-01 8.784706417842512438e-02 2.933545744196631722e-01 1.649977241693217911e-01 0.000000000000000000e+00
3.625000000000000000e+03 1.449976664334544640e-01 4.436731907146108100e-01 9.387801547564861293e-02 2.947200728265816916e-01 1.677287209831588577e-01 0.000000000000000000e+00
3.650000000000000000e+03 1.459976503398920933e-01 4.555075102412380339e-01 8.875739644970413733e-02 2.848202093764223841e-01 1.709148839326354030e-01 0.000000000000000000e+00
3.675000000000000000e+03 1.469976342463297225e-01 4.574419663177059503e-01 8.670914883932635819e-02 2.895994538006372299e-01 1.662494310423304478e-01 0.000000000000000000e+00
3.700000000000000000e+03 1.479976181527673518e-01 4.505006827492034627e-01 8.761948111060537114e-02 3.022303140646335762e-01 1.596495220755575761e-01 0.000000000000000000e+00
3.725000000000000000e+03 1.489976020592049810e-01 4.588074647246244697e-01 8.716431497496586467e-02 2.952890304961310886e-01 1.587391898042785632e-01 0.000000000000000000e+00
3.750000000000000000e+03 1.499975859656426103e-01 4.555075102412380339e-01 8.272644515248064878e-02 3.031406463359125891e-01 1.586253982703686727e-01 0.000000000000000000e+00
3.775000000000000000e+03 1.509975698720802395e-01 4.665452890304961353e-01 8.443331816112881194e-02 2.977924442421484019e-01 1.512289485662266786e-01 0.000000000000000000e+00
3.800000000000000000e+03 1.519975537785178687e-01 4.725762403277196100e-01 8.284023668639053928e-02 2.973372781065088954e-01 1.472462448793809831e-01 0.000000000000000000e+00
3.825000000000000000e+03 1.529975376849554980e-01 4.765589440145653333e-01 8.249886208466089554e-02 2.974510696404187304e-01 1.434911242603550408e-01 0.000000000000000000e+00
3.850000000000000000e+03 1.539975215913931272e-01 4.823623122439690269e-01 8.500227583067819503e-02 2.996131087847064278e-01 1.330223031406463363e-01 0.000000000000000000e+00
3.875000000000000000e+03 1.549975054978305344e-01 4.730314064633591165e-01 8.534365043240782489e-02 3.093991807009558448e-01 1.322257624032771861e-01 0.000000000000000000e+00
3.900000000000000000e+03 1.559974894042681637e-01 4.746244879380974169e-01 8.602639963586708460e-02 3.092853891670459543e-01 1.300637232589895442e-01 0.000000000000000000e+00
3.925000000000000000e+03 1.569974733107057929e-01 4.774692762858443462e-01 9.035047792444242387e-02 3.163404642694583324e-01 1.158397815202548975e-01 0.000000000000000000e+00
3.950000000000000000e+03 1.579974572171434222e-01 4.700728265817022966e-01 8.898497951752389057e-02 3.182749203459262488e-01 1.226672735548475224e-01 0.000000000000000000e+00
3.975000000000000000e+03 1.589974411235810514e-01 4.747382794720073074e-01 8.978152025489304078e-02 3.218024578971324656e-01 1.136777423759672279e-01 0.000000000000000000e+00
4.000000000000000000e+03 1.599974250300186807e-01 4.856622667273554628e-01 8.875739644970413733e-02 3.247610377787892855e-01 1.008192990441511144e-01 0.000000000000000000e+00
4.025000000000000000e+03 1.609974089364563099e-01 4.822485207100591920e-01 9.262630860263997012e-02 3.237369139736003820e-01 1.013882567137004975e-01 0.000000000000000000e+00
4.050000000000000000e+03 1.619973928428939391e-01 4.927173418297678409e-01 8.989531178880291740e-02 3.290851160673645692e-01 8.830223031406463086e-02 0.000000000000000000e+00
4.075000000000000000e+03 1.629973767493315684e-01 4.831588529813382049e-01 8.318161128812016913e-02 3.240782885753299980e-01 1.095812471552116557e-01 0.000000000000000000e+00
4.100000000000000000e+03 1.639973606557691976e-01 4.881656804733727761e-01 8.648156577150660496e-02 3.280609922621757213e-01 9.729176149294492537e-02 0.000000000000000000e+00
4.125000000000000000e+03 1.649973445622068269e-01 5.014792899408283544e-01 8.352298588984979899e-02 3.238507055075102170e-01 9.114701866181156020e-02 0.000000000000000000e+00
4.150000000000000000e+03 1.659973284686444561e-01 4.853208921256258468e-01 8.648156577150660496e-02 3.317023213472917731e-01 9.649522075557578904e-02 0.000000000000000000e+00
4.175000000000000000e+03 1.669973123750820854e-01 4.955621301775147702e-01 8.181611288120163583e-02 3.278334091943559403e-01 9.478834774692762588e-02 0.000000000000000000e+00
4.200000000000000000e+03 1.679972962815197146e-01 4.923759672280382249e-01 8.431952662721893532e-02 3.297678652708238567e-01 9.353664087391898307e-02 0.000000000000000000e+00
4.225000000000000000e+03 1.689972801879573439e-01 4.866863905325443662e-01 8.431952662721893532e-02 3.367091488393263443e-01 9.228493400091032639e-02 0.000000000000000000e+00
4.250000000000000000e+03 1.699972640943949731e-01 4.989758761948110966e-01 8.261265361857077216e-02 3.296540737369139662e-01 8.875739644970413733e-02 0.000000000000000000e+00
4.275000000000000000e+03 1.709972480008326023e-01 5.030723714155667103e-01 8.033682294037323979e-02 3.337505689576695245e-01 8.284023668639053928e-02 0.000000000000000000e+00
4.300000000000000000e+03 1.719972319072702316e-01 4.996586253982703840e-01 8.067819754210286964e-02 3.279472007282658308e-01 9.171597633136094330e-02 0.000000000000000000e+00
4.325000000000000000e+03 1.729972158137076388e-01 5.042102867546655043e-01 7.783340919435594030e-02 3.309057806099225951e-01 8.705052344105598805e-02 0.000000000000000000e+00
4.350000000000000000e+03 1.739971997201452680e-01 5.052344105598542967e-01 8.056440600819299303e-02 3.330678197542102925e-01 8.113336367774237612e-02 0.000000000000000000e+00
4.375000000000000000e+03 1.749971836265828973e-01 5.126308602639964018e-01 7.942649066909421296e-02 3.282885753299954468e-01 7.965407373691398007e-02 0.000000000000000000e+00
4.400000000000000000e+03 1.759971675330205265e-01 5.130860263996358528e-01 8.136094674556212936e-02 3.321574874829312796e-01 7.328174783796086167e-02 1.137915339098771066e-04
4.425000000000000000e+03 1.769971514394581558e-01 5.127446517979061813e-01 8.249886208466089554e-02 3.343195266272189214e-01 7.043695949021393232e-02 0.000000000000000000e+00
4.450000000000000000e+03 1.779971353458957850e-01 5.128584433318160718e-01 8.090578060992262288e-02 3.357988165680473314e-01 7.043695949021393232e-02 0.000000000000000000e+00
4.475000000000000000e+03 1.789971192523334143e-01 5.190031861629494925e-01 8.045061447428311641e-02 3.327264451524806765e-01 6.770596267637687959e-02 1.137915339098771066e-04
4.500000000000000000e+03 1.799971031587710435e-01 5.233272644515247762e-01 7.942649066909421296e-02 3.395539371870732737e-01 5.769230769230769551e-02 0.000000000000000000e+00
4.525000000000000000e+03 1.809970870652086727e-01 5.265134274010013771e-01 8.033682294037323979e-02 3.377332726445152478e-01 5.541647701411014926e-02 0.000000000000000000e+00
4.550000000000000000e+03 1.819970709716463020e-01 5.210514337733272994e-01 8.261265361857077216e-02 3.368229403732362348e-01 5.951297223486572835e-02 0.000000000000000000e+00
4.575000000000000000e+03 1.829970548780839312e-01 5.270823850705507185e-01 8.136094674556212936e-02 3.314747382794719921e-01 6.008192990441511144e-02 0.000000000000000000e+00
4.600000000000000000e+03 1.839970387845215605e-01 5.300409649522075384e-01 8.420573509330905870e-02 3.305644060081929791e-01 5.518889394629039602e-02 0.000000000000000000e+00
4.625000000000000000e+03 1.849970226909591897e-01 5.318616294947655643e-01 8.659535730541648157e-02 3.268092853891670369e-01 5.473372781065088954e-02 0.000000000000000000e+00
4.650000000000000000e+03 1.859970065973968190e-01 5.362994993172508496e-01 8.966772872098316416e-02 3.278334091943559403e-01 4.619936276741010150e-02 0.000000000000000000e+00
4.675000000000000000e+03 1.869969905038344482e-01 5.291306326809285254e-01 9.023668639053254725e-02 3.320436959490213891e-01 4.858898497951752438e-02 0.000000000000000000e+00
4.700000000000000000e+03 1.879969744102720774e-01 5.290168411470186349e-01 9.080564406008193035e-02 3.320436959490213891e-01 4.813381884387801790e-02 0.000000000000000000e+00
4.725000000000000000e+03 1.889969583167097067e-01 5.289030496131087444e-01 9.285389167045972336e-02 3.331816112881201830e-01 4.506144742831133532e-02 0.000000000000000000e+00
4.750000000000000000e+03 1.899969422231473359e-01 5.220755575785162028e-01 9.308147473827947660e-02 3.377332726445152478e-01 4.710969503868912139e-02 0.000000000000000000e+00
4.775000000000000000e+03 1.909969261295847431e-01 5.312926718252162228e-01 9.319526627218935322e-02 3.334091943559399085e-01 4.210286754665452935e-02 0.000000000000000000e+00
4.800000000000000000e+03 1.919969100360223724e-01 5.328857532999544677e-01 9.160218479745106668e-02 3.338643604915794150e-01 4.164770141101502288e-02 0.000000000000000000e+00
4.825000000000000000e+03 1.929968939424600016e-01 5.312926718252162228e-01 9.342284934000910646e-02 3.368229403732362348e-01 3.846153846153846367e-02 0.000000000000000000e+00
4.850000000000000000e+03 1.939968778488976309e-01 5.373236231224396420e-01 9.012289485662267063e-02 3.332954028220300180e-01 3.925807919890760000e-02 0.000000000000000000e+00
4.875000000000000000e+03 1.949968617553352601e-01 5.358443331816112876e-01 8.966772872098316416e-02 3.306781975421028696e-01 4.380974055530268557e-02 0.000000000000000000e+00
4.900000000000000000e+03 1.959968456617728894e-01 5.389167045971779979e-01 9.171597633136094330e-02 3.328402366863905115e-01 3.652708238507055422e-02 0.000000000000000000e+00
4.925000000000000000e+03 1.969968295682105186e-01 5.398270368684570109e-01 9.057806099226217711e-02 3.309057806099225951e-01 3.868912152935821691e-02 0.000000000000000000e+00
4.950000000000000000e+03 1.979968134746481478e-01 5.476786527082384559e-01 9.387801547564861293e-02 3.224852071005916976e-01 3.595812471552116418e-02 0.000000000000000000e+00
4.975000000000000000e+03 1.989967973810857771e-01 5.455166135639508695e-01 8.966772872098316416e-02 3.290851160673645692e-01 3.573054164770141095e-02 0.000000000000000000e+00
5.000000000000000000e+03 1.999967812875234063e-01 5.491579426490669213e-01 8.966772872098316416e-02 3.296540737369139662e-01 3.152025489303595523e-02 0.000000000000000000e+00
5.025000000000000000e+03 2.009967651939610356e-01 5.512061902594447282e-01 8.591260810195720798e-02 3.310195721438324856e-01 3.186162949476559203e-02 0.000000000000000000e+00
5.050000000000000000e+03 2.019967491003986648e-01 5.461993627674101015e-01 9.148839326354119006e-02 3.291989076012744597e-01 3.311333636777423484e-02 0.000000000000000000e+00
5.075000000000000000e+03 2.029967330068362941e-01 5.452890304961310886e-01 9.308147473827947660e-02 3.257851615839781334e-01 3.584433318161128756e-02 0.000000000000000000e+00
5.100000000000000000e+03 2.039967169132739233e-01 5.506372325898952758e-01 9.069185252617205373e-02 3.279472007282658308e-01 3.072371415566681890e-02 0.000000000000000000e+00
5.125000000000000000e+03 2.049967008197115526e-01 5.522303140646336317e-01 9.217114246700044977e-02 3.252162039144287919e-01 3.038233955393718558e-02 0.000000000000000000e+00
5.150000000000000000e+03 2.059966847261491818e-01 5.565543923532089154e-01 9.137460172963131344e-02 3.225989986345015881e-01 2.947200728265816916e-02 0.000000000000000000e+00
5.175000000000000000e+03 2.069966686325868110e-01 5.609922621756940897e-01 8.921256258534364381e-02 3.188438780154756458e-01 3.095129722348657214e-02 0.000000000000000000e+00
5.200000000000000000e+03 2.079966525390244403e-01 5.642922166590805810e-01 9.228493400091032639e-02 3.106508875739644737e-01 3.277196176604460498e-02 0.000000000000000000e+00
5.225000000000000000e+03 2.089966364454620695e-01 5.738507055075102725e-01 9.137460172963131344e-02 3.042785616750113831e-01 3.049613108784706567e-02 0.000000000000000000e+00
5.250000000000000000e+03 2.099966203518994767e-01 5.725989986345015881e-01 9.160218479745106668e-02 3.071233500227583124e-01 2.867546654528902936e-02 0.000000000000000000e+00
5.275000000000000000e+03 2.109966042583371060e-01 5.681611288120164138e-01 9.524351388256713236e-02 3.075785161583978189e-01 2.901684114701866268e-02 0.000000000000000000e+00
5.300000000000000000e+03 2.119965881647747352e-01 5.749886208466090665e-01 9.467455621301774926e-02 3.039371870732817671e-01 2.628584433318160996e-02 1.137915339098771066e-04
5.325000000000000000e+03 2.129965720712123645e-01 5.855712335002275504e-01 9.160218479745106668e-02 2.943786982248520756e-01 2.833409194355939950e-02 1.137915339098771066e-04
5.350000000000000000e+03 2.139965559776499937e-01 5.890987710514338227e-01 9.035047792444242387e-02 2.935821574874829532e-01 2.696859353664087314e-02 0.000000000000000000e+00
5.375000000000000000e+03 2.149965398840876230e-01 5.914883932635411901e-01 9.012289485662267063e-02 2.903959945380063523e-01 2.799271734182976618e-02 0.000000000000000000e+00
5.400000000000000000e+03 2.159965237905252522e-01 5.847746927628584279e-01 9.000910332271279402e-02 2.973372781065088954e-01 2.776513427401001294e-02 1.137915339098771066e-04
5.425000000000000000e+03 2.169965076969628814e-01 5.908056440600819581e-01 9.046426945835230049e-02 2.888029130632681074e-01 2.992717341829767910e-02 0.000000000000000000e+00
5.450000000000000000e+03 2.179964916034005107e-01 5.839781520254893055e-01 9.000910332271279402e-02 2.984751934456076339e-01 2.753755120619025970e-02 0.000000000000000000e+00
5.475000000000000000e+03 2.189964755098381399e-01 5.933090578060992160e-01 9.012289485662267063e-02 2.893718707328175044e-01 2.708238507055074976e-02 1.137915339098771066e-04
5.500000000000000000e+03 2.199964594162757692e-01 5.962676376877560358e-01 9.205735093309057315e-02 2.824305871643149612e-01 2.924442421483841592e-02 0.000000000000000000e+00
5.525000000000000000e+03 2.209964433227133984e-01 5.898953117888029452e-01 9.467455621301774926e-02 2.848202093764223841e-01 3.038233955393718558e-02 2.275830678197542133e-04
5.550000000000000000e+03 2.219964272291510277e-01 5.968365953573053773e-01 9.490213928083750250e-02 2.804961310878470448e-01 2.776513427401001294e-02 0.000000000000000000e+00
5.575000000000000000e+03 2.229964111355886569e-01 6.061675011379152878e-01 9.194355939918069653e-02 2.736686390532544477e-01 2.822030040964952288e-02 0.000000000000000000e+00
5.600000000000000000e+03 2.239963950420262861e-01 5.903504779244423961e-01 9.285389167045972336e-02 2.851615839781520001e-01 3.140646335912607862e-02 2.275830678197542133e-04
5.625000000000000000e+03 2.249963789484639154e-01 6.018434228493400040e-01 9.057806099226217711e-02 2.771961766044606090e-01 3.038233955393718558e-02 0.000000000000000000e+00
5.650000000000000000e+03 2.259963628549015446e-01 6.016158397815202230e-01 9.342284934000910646e-02 2.749203459262630767e-01 2.992717341829767910e-02 1.137915339098771066e-04
5.675000000000000000e+03 2.269963467613391739e-01 6.009330905780609910e-01 9.182976786527081992e-02 2.801547564861174289e-01 2.708238507055074976e-02 0.000000000000000000e+00
