# itime ezz other fcc hcp bcc ico
0.000000000000000000e+00 0.000000000000000000e+00 6.827492034592626399e-04 9.992034592626308775e-01 0.000000000000000000e+00 1.137915339098771066e-04 0.000000000000000000e+00
2.500000000000000000e+01 1.000039260655283258e-03 3.413746017296313199e-04 9.996586253982703285e-01 0.000000000000000000e+00 0.000000000000000000e+00 0.000000000000000000e+00
5.000000000000000000e+01 2.000078521310566515e-03 5.689576695493854790e-04 9.994310423304506585e-01 0.000000000000000000e+00 0.000000000000000000e+00 0.000000000000000000e+00
7.500000000000000000e+01 3.000117781965849773e-03 5.689576695493854790e-04 9.994310423304506585e-01 0.000000000000000000e+00 0.000000000000000000e+00 0.000000000000000000e+00
1.000000000000000000e+02 4.000157042621133030e-03 5.689576695493854790e-04 9.994310423304506585e-01 0.000000000000000000e+00 0.000000000000000000e+00 0.000000000000000000e+00
1.250000000000000000e+02 5.000196303276638332e-03 1.365498406918525280e-03 9.986345015930814251e-01 0.000000000000000000e+00 0.000000000000000000e+00 0.000000000000000000e+00
1.500000000000000000e+02 6.000235563931921590e-03 9.103322712790168532e-04 9.990896677287209870e-01 0.000000000000000000e+00 0.000000000000000000e+00 0.000000000000000000e+00
1.750000000000000000e+02 7.000274824587204847e-03 1.479289940828402332e-03 9.985207100591716456e-01 0.000000000000000000e+00 0.000000000000000000e+00 0.000000000000000000e+00
2.000000000000000000e+02 8.000314085242488105e-03 1.137915339098771066e-04 9.998862084660901095e-01 0.000000000000000000e+00 0.000000000000000000e+00 0.000000000000000000e+00
2.250000000000000000e+02 9.000353345897771362e-03 1.593081474738279385e-03 9.984069185252617551e-01 0.000000000000000000e+00 0.000000000000000000e+00 0.000000000000000000e+00
2.500000000000000000e+02 1.000039260655305462e-02 1.479289940828402332e-03 9.985207100591716456e-01 0.000000000000000000e+00 0.000000000000000000e+00 0.000000000000000000e+00
2.750000000000000000e+02 1.100043186720833788e-02 1.820664542558033706e-03 9.981793354574419741e-01 0.000000000000000000e+00 0.000000000000000000e+00 0.000000000000000000e+00
3.000000000000000000e+02 1.200047112786362113e-02 1.251706873008648227e-03 9.987482931269913156e-01 0.000000000000000000e+00 0.000000000000000000e+00 0.000000000000000000e+00
3.250000000000000000e+02 1.300051038851890439e-02 1.365498406918525280e-03 9.986345015930814251e-01 0.000000000000000000e+00 0.000000000000000000e+00 0.000000000000000000e+00
3.500000000000000000e+02 1.400054964917440969e-02 9.103322712790168532e-04 9.990896677287209870e-01 0.000000000000000000e+00 0.000000000000000000e+00 0.000000000000000000e+00
3.750000000000000000e+02 1.500058890982969295e-02 2.617205279927173507e-03 9.973827947200728516e-01 0.000000000000000000e+00 0.000000000000000000e+00 0.000000000000000000e+00
4.000000000000000000e+02 1.600062817048497621e-02 2.503413746017296455e-03 9.973827947200728516e-01 0.000000000000000000e+00 1.137915339098771066e-04 0.000000000000000000e+00
4.250000000000000000e+02 1.700066743114025947e-02 1.024123805188893906e-03 9.989758761948110966e-01 0.000000000000000000e+00 0.000000000000000000e+00 0.000000000000000000e+00
4.500000000000000000e+02 1.800070669179554272e-02 2.162039144287664864e-03 9.978379608557123026e-01 0.000000000000000000e+00 0.000000000000000000e+00 0.000000000000000000e+00
4.750000000000000000e+02 1.900074595245082598e-02 1.706873008648156654e-03 9.981793354574419741e-01 0.000000000000000000e+00 1.137915339098771066e-04 0.000000000000000000e+00
5.000000000000000000e+02 2.000078521310610924e-02 1.479289940828402332e-03 9.985207100591716456e-01 0.000000000000000000e+00 0.000000000000000000e+00 0.000000000000000000e+00
5.250000000000000000e+02 2.100082447376139250e-02 1.365498406918525280e-03 9.985207100591716456e-01 0.000000000000000000e+00 1.137915339098771066e-04 0.000000000000000000e+00
5.500000000000000000e+02 2.200086373441667575e-02 2.162039144287664864e-03 9.978379608557123026e-01 0.000000000000000000e+00 0.000000000000000000e+00 0.000000000000000000e+00
5.750000000000000000e+02 2.300090299507218106e-02 1.934456076467910759e-03 9.980655439235320836e-01 0.000000000000000000e+00 0.000000000000000000e+00 0.000000000000000000e+00
6.000000000000000000e+02 2.400094225572746431e-02 4.665452890304961318e-03 9.952207555757851543e-01 0.000000000000000000e+00 1.137915339098771066e-04 0.000000000000000000e+00
6.250000000000000000e+02 2.500098151638274757e-02 3.299954483386436255e-03 9.967000455166135087e-01 0.000000000000000000e+00 0.000000000000000000e+00 0.000000000000000000e+00
6.500000000000000000e+02 2.600102077703803083e-02 3.527537551206190360e-03 9.963586709148839482e-01 0.000000000000000000e+00 1.137915339098771066e-04 0.000000000000000000e+00
6.750000000000000000e+02 2.700106003769331409e-02 4.551661356395083832e-03 9.952207555757851543e-01 0.000000000000000000e+00 2.275830678197542133e-04 0.000000000000000000e+00
7.000000000000000000e+02 2.800109929834859734e-02 2.730996813837050560e-03 9.970414201183431802e-01 0.000000000000000000e+00 2.275830678197542133e-04 0.000000000000000000e+00
7.250000000000000000e+02 2.900113855900388060e-02 2.389622212107419402e-03 9.974965862539827421e-01 0.000000000000000000e+00 1.137915339098771066e-04 0.000000000000000000e+00
7.500000000000000000e+02 3.000117781965916386e-02 3.413746017296313308e-03 9.964724624487938387e-01 0.000000000000000000e+00 1.137915339098771066e-04 0.000000000000000000e+00
7.750000000000000000e+02 3.100121708031444712e-02 2.958579881656804664e-03 9.969276285844332897e-01 0.000000000000000000e+00 1.137915339098771066e-04 0.000000000000000000e+00
8.000000000000000000e+02 3.200125634096995242e-02 5.917159763313609329e-03 9.940828402366863603e-01 0.000000000000000000e+00 0.000000000000000000e+00 0.000000000000000000e+00
8.250000000000000000e+02 3.300129560162523568e-02 4.551661356395083832e-03 9.953345471096950448e-01 0.000000000000000000e+00 1.137915339098771066e-04 0.000000000000000000e+00
8.500000000000000000e+02 3.400133486228051893e-02 4.210286754665453109e-03 9.956759217114247162e-01 0.000000000000000000e+00 1.137915339098771066e-04 0.000000000000000000e+00
8.750000000000000000e+02 3.500137412293580219e-02 5.348202093764223633e-03 9.945380063723259223e-01 0.000000000000000000e+00 1.137915339098771066e-04 0.000000000000000000e+00
9.000000000000000000e+02 3.600141338359108545e-02 5.803368229403732710e-03 9.941966317705962508e-01 0.000000000000000000e+00 0.000000000000000000e+00 0.000000000000000000e+00
9.250000000000000000e+02 3.700145264424636871e-02 4.779244424214838804e-03 9.948793809740554828e-01 0.000000000000000000e+00 3.413746017296313199e-04 0.000000000000000000e+00
9.500000000000000000e+02 3.800149190490165196e-02 6.599908966772872511e-03 9.931725079654073474e-01 0.000000000000000000e+00 2.275830678197542133e-04 0.000000000000000000e+00
9.750000000000000000e+02 3.900153116555693522e-02 6.941283568502503235e-03 9.928311333636777869e-01 0.000000000000000000e+00 2.275830678197542133e-04 0.000000000000000000e+00
1.000000000000000000e+03 4.000157042621221848e-02 8.306781975421027864e-03 9.916932180245789930e-01 0.000000000000000000e+00 0.000000000000000000e+00 0.000000000000000000e+00
1.025000000000000000e+03 4.100160968686750174e-02 1.058261265361857065e-02 9.891898042785616241e-01 0.000000000000000000e+00 2.275830678197542133e-04 0.000000000000000000e+00
1.050000000000000000e+03 4.200164894752300704e-02 8.648156577150659455e-03 9.912380518889394310e-01 0.000000000000000000e+00 1.137915339098771066e-04 0.000000000000000000e+00
1.075000000000000000e+03 4.300168820817829030e-02 1.012744651797906244e-02 9.895311788802912956e-01 0.000000000000000000e+00 3.413746017296313199e-04 0.000000000000000000e+00
1.100000000000000000e+03 4.400172746883357355e-02 1.024123805188893906e-02 9.891898042785616241e-01 0.000000000000000000e+00 5.689576695493854790e-04 0.000000000000000000e+00
1.125000000000000000e+03 4.500176672948885681e-02 1.160673645880746542e-02 9.881656804733728316e-01 0.000000000000000000e+00 2.275830678197542133e-04 0.000000000000000000e+00
1.150000000000000000e+03 4.600180599014414007e-02 1.240327719617660522e-02 9.874829312699134887e-01 0.000000000000000000e+00 1.137915339098771066e-04 0.000000000000000000e+00
1.175000000000000000e+03 4.700184525079942333e-02 1.285844333181611343e-02 9.862312243969049153e-01 0.000000000000000000e+00 9.103322712790168532e-04 0.000000000000000000e+00
1.200000000000000000e+03 4.800188451145470658e-02 1.228948566226672687e-02 9.873691397360035982e-01 0.000000000000000000e+00 3.413746017296313199e-04 0.000000000000000000e+00
1.225000000000000000e+03 4.900192377210998984e-02 1.263086026399635846e-02 9.868001820664542567e-01 0.000000000000000000e+00 5.689576695493854790e-04 0.000000000000000000e+00
1.250000000000000000e+03 5.000196303276527310e-02 9.558488848429677609e-03 9.903277196176604180e-01 0.000000000000000000e+00 1.137915339098771066e-04 0.000000000000000000e+00
1.275000000000000000e+03 5.100200229342077840e-02 1.331360946745562164e-02 9.863450159308146947e-01 0.000000000000000000e+00 3.413746017296313199e-04 0.000000000000000000e+00
1.300000000000000000e+03 5.200204155407606166e-02 1.763768775603095224e-02 9.812243969048702885e-01 0.000000000000000000e+00 1.137915339098770958e-03 0.000000000000000000e+00
1.325000000000000000e+03 5.300208081473134492e-02 1.741010468821119553e-02 9.816795630405097395e-01 0.000000000000000000e+00 9.103322712790168532e-04 0.000000000000000000e+00
1.350000000000000000e+03 5.400212007538662817e-02 1.763768775603095224e-02 9.819071461083295205e-01 0.000000000000000000e+00 4.551661356395084266e-04 0.000000000000000000e+00
1.375000000000000000e+03 5.500215933604191143e-02 1.900318616294947513e-02 9.803140646335912756e-01 0.000000000000000000e+00 6.827492034592626399e-04 0.000000000000000000e+00
1.400000000000000000e+03 5.600219859669719469e-02 2.253072371415566766e-02 9.770141101502047842e-01 0.000000000000000000e+00 4.551661356395084266e-04 0.000000000000000000e+00
1.425000000000000000e+03 5.700223785735247795e-02 2.002730996813837164e-02 9.790623577605825911e-01 0.000000000000000000e+00 9.103322712790168532e-04 0.000000000000000000e+00
1.450000000000000000e+03 5.800227711800776120e-02 2.469276285844333035e-02 9.745106964041875264e-01 0.000000000000000000e+00 7.965407373691396923e-04 0.000000000000000000e+00
1.475000000000000000e+03 5.900231637866304446e-02 2.002730996813837164e-02 9.795175238962221531e-01 0.000000000000000000e+00 4.551661356395084266e-04 0.000000000000000000e+00
1.500000000000000000e+03 6.000235563931854976e-02 2.423759672280382388e-02 9.748520710059171979e-01 0.000000000000000000e+00 9.103322712790168532e-04 0.000000000000000000e+00
1.525000000000000000e+03 6.100239489997383302e-02 3.038233955393718558e-02 9.687073281747837772e-01 0.000000000000000000e+00 9.103322712790168532e-04 0.000000000000000000e+00
1.550000000000000000e+03 6.200243416062911628e-02 2.401001365498407064e-02 9.750796540737368678e-01 0.000000000000000000e+00 9.103322712790168532e-04 0.000000000000000000e+00
1.575000000000000000e+03 6.300247342128439954e-02 3.004096495220755572e-02 9.685935366408738867e-01 0.000000000000000000e+00 1.365498406918525280e-03 0.000000000000000000e+00
1.600000000000000000e+03 6.400251268193968279e-02 2.958579881656804578e-02 9.689349112426035582e-01 0.000000000000000000e+00 1.479289940828402332e-03 0.000000000000000000e+00
1.625000000000000000e+03 6.500255194259496605e-02 3.015475648611743234e-02 9.677969959035047642e-01 0.000000000000000000e+00 2.048247610377787811e-03 0.000000000000000000e+00
1.650000000000000000e+03 6.600259120325024931e-02 2.867546654528902936e-02 9.700728265817023521e-01 0.000000000000000000e+00 1.251706873008648227e-03 0.000000000000000000e+00
1.675000000000000000e+03 6.700263046390553257e-02 3.390987710514337811e-02 9.646108329540282744e-01 0.000000000000000000e+00 1.479289940828402332e-03 0.000000000000000000e+00
1.700000000000000000e+03 6.800266972456081582e-02 4.335457441966317910e-02 9.544833864360491305e-01 0.000000000000000000e+00 2.162039144287664864e-03 0.000000000000000000e+00
1.725000000000000000e+03 6.900270898521632112e-02 5.211652253072371344e-02 9.453800637232590010e-01 0.000000000000000000e+00 2.503413746017296455e-03 0.000000000000000000e+00
1.750000000000000000e+03 7.000274824587160438e-02 4.995448338643605074e-02 9.476558944014564778e-01 0.000000000000000000e+00 2.389622212107419402e-03 0.000000000000000000e+00
1.775000000000000000e+03 7.100278750652688764e-02 5.120619025944470049e-02 9.459490213928083424e-01 0.000000000000000000e+00 2.844788347746927612e-03 0.000000000000000000e+00
1.800000000000000000e+03 7.200282676718217090e-02 6.520254893035958010e-02 9.314974965862540257e-01 0.000000000000000000e+00 3.299954483386436255e-03 0.000000000000000000e+00
1.825000000000000000e+03 7.300286602783745415e-02 5.564406008192990249e-02 9.404870277651342647e-01 0.000000000000000000e+00 3.868912152935821518e-03 0.000000000000000000e+00
1.850000000000000000e+03 7.400290528849273741e-02 5.826126536185707860e-02 9.391215293582158008e-01 0.000000000000000000e+00 2.617205279927173507e-03 0.000000000000000000e+00
1.875000000000000000e+03 7.500294454914802067e-02 6.986800182066454923e-02 9.260355029585798370e-01 0.000000000000000000e+00 4.096495220755575623e-03 0.000000000000000000e+00
1.900000000000000000e+03 7.600298380980330393e-02 7.100591715976331542e-02 9.241010468821119206e-01 0.000000000000000000e+00 4.893035958124715423e-03 0.000000000000000000e+00
1.925000000000000000e+03 7.700302307045858718e-02 7.510241238051888757e-02 9.189804278561675144e-01 0.000000000000000000e+00 5.917159763313609329e-03 0.000000000000000000e+00
1.950000000000000000e+03 7.800306233111409249e-02 8.488848429676831842e-02 9.088529813381884814e-01 0.000000000000000000e+00 6.258534365043240920e-03 0.000000000000000000e+00
1.975000000000000000e+03 7.900310159176937574e-02 9.512972234865725574e-02 8.981565771506599960e-01 0.000000000000000000e+00 6.713700500682749130e-03 0.000000000000000000e+00
2.000000000000000000e+03 8.000314085242465900e-02 1.030951297223486607e-01 8.900773782430587699e-01 0.000000000000000000e+00 6.827492034592626616e-03 0.000000000000000000e+00
2.025000000000000000e+03 8.100318011307994226e-02 1.076467910787437393e-01 8.857532999544833752e-01 0.000000000000000000e+00 6.599908966772872511e-03 0.000000000000000000e+00
2.050000000000000000e+03 8.200321937373522552e-02 9.376422394173873631e-02 9.002048247610378029e-01 0.000000000000000000e+00 6.030951297223486815e-03 0.000000000000000000e+00
2.075000000000000000e+03 8.300325863439050877e-02 1.036640873918980438e-01 8.880291306326809631e-01 0.000000000000000000e+00 8.306781975421027864e-03 0.000000000000000000e+00
2.100000000000000000e+03 8.400329789504579203e-02 1.098088302230314089e-01 8.799499317250796260e-01 0.000000000000000000e+00 1.024123805188893906e-02 0.000000000000000000e+00
2.125000000000000000e+03 8.500333715570107529e-02 1.318843878015475701e-01 8.569640418752845212e-01 1.137915339098771066e-04 1.103777878925807886e-02 0.000000000000000000e+00
2.150000000000000000e+03 8.600337641635635855e-02 1.310878470641784199e-01 8.583295402822029851e-01 0.000000000000000000e+00 1.058261265361857065e-02 0.000000000000000000e+00
2.175000000000000000e+03 8.700341567701186385e-02 1.347291761492944995e-01 8.505917159763313196e-01 0.000000000000000000e+00 1.467910787437414627e-02 0.000000000000000000e+00
2.200000000000000000e+03 8.800345493766714711e-02 1.464497041420118328e-01 8.416021847974510806e-01 1.137915339098771066e-04 1.183431952662721866e-02 0.000000000000000000e+00
2.225000000000000000e+03 8.900349419832243036e-02 1.571461083295402905e-01 8.289713245334546787e-01 0.000000000000000000e+00 1.388256713700500647e-02 0.000000000000000000e+00
2.250000000000000000e+03 9.000353345897771362e-02 1.780837505689576716e-01 8.017751479289940697e-01 0.000000000000000000e+00 2.014110150204824826e-02 0.000000000000000000e+00
2.275000000000000000e+03 9.100357271963299688e-02 1.854802002730996935e-01 7.890304961310878884e-01 1.137915339098771066e-04 2.537551206190259354e-02 0.000000000000000000e+00
2.300000000000000000e+03 9.200361198028828014e-02 1.968593536640873831e-01 7.746927628584433512e-01 3.413746017296313199e-04 2.810650887573964626e-02 0.000000000000000000e+00
2.325000000000000000e+03 9.300365124094356339e-02 2.354346836595357373e-01 7.305416477014110566e-01 0.000000000000000000e+00 3.402366863905325473e-02 0.000000000000000000e+00
2.350000000000000000e+03 9.400369050159884665e-02 2.262175694128356895e-01 7.337278106508875464e-01 3.413746017296313199e-04 3.971324533454710648e-02 0.000000000000000000e+00
2.375000000000000000e+03 9.500372976225412991e-02 2.438552571688666348e-01 7.096040054619936477e-01 3.413746017296313199e-04 4.619936276741010150e-02 0.000000000000000000e+00
2.400000000000000000e+03 9.600376902290963521e-02 2.785616750113791285e-01 6.693218024578971859e-01 0.000000000000000000e+00 5.211652253072371344e-02 0.000000000000000000e+00
2.425000000000000000e+03 9.700380828356491847e-02 2.930131998179335562e-01 6.434911242603550408e-01 5.689576695493854790e-04 6.292671825216203385e-02 0.000000000000000000e+00
2.450000000000000000e+03 9.800384754422020173e-02 2.982476103777879084e-01 6.194811106053709215e-01 1.137915339098770958e-03 8.113336367774237612e-02 0.000000000000000000e+00
2.475000000000000000e+03 9.900388680487548498e-02 3.233955393718707105e-01 5.828402366863905115e-01 1.137915339098770958e-03 9.262630860263997012e-02 0.000000000000000000e+00
2.500000000000000000e+03 1.000039260655307682e-01 3.298816568047337472e-01 5.592853891670459543e-01 2.503413746017296455e-03 1.083295402822029990e-01 0.000000000000000000e+00
2.525000000000000000e+03 1.010039653261860515e-01 3.508192990441511006e-01 5.162721893491124536e-01 3.982703686845699004e-03 1.289258079198907503e-01 0.000000000000000000e+00
2.550000000000000000e+03 1.020040045868413348e-01 3.588984979517523821e-01 4.842967683204369433e-01 7.510241238051888930e-03 1.492944924897587622e-01 0.000000000000000000e+00
2.575000000000000000e+03 1.030040438474966180e-01 3.631087847064178309e-01 4.499317250796540657e-01 1.172052799271734204e-02 1.752389622212107423e-01 0.000000000000000000e+00
2.600000000000000000e+03 1.040040831081519013e-01 3.863222576240327721e-01 3.992944924897587344e-01 1.433773327264451468e-02 2.000455166135639562e-01 0.000000000000000000e+00
2.625000000000000000e+03 1.050041223688074066e-01 3.799499317250796815e-01 3.808602639963586944e-01 1.627218934911242587e-02 2.229176149294492537e-01 0.000000000000000000e+00
2.650000000000000000e+03 1.060041616294626898e-01 3.879153390987710726e-01 3.507055075102412656e-01 1.877560309512972189e-02 2.426035502958579781e-01 0.000000000000000000e+00
2.675000000000000000e+03 1.070042008901179731e-01 3.892808375056895920e-01 3.274920345926263243e-01 2.730996813837050646e-02 2.559171597633135842e-01 0.000000000000000000e+00
2.700000000000000000e+03 1.080042401507732563e-01 3.863222576240327721e-01 3.134956759217114031e-01 3.197542102867546865e-02 2.682066454255803145e-01 0.000000000000000000e+00
2.725000000000000000e+03 1.090042794114285396e-01 3.807464724624488039e-01 3.045061447428311086e-01 3.538916704597178109e-02 2.793582157487483064e-01 0.000000000000000000e+00
2.750000000000000000e+03 1.100043186720838229e-01 3.949704142011834507e-01 2.823167956304050707e-01 3.812016385980882688e-02 2.845926263086026586e-01 0.000000000000000000e+00
2.775000000000000000e+03 1.110043579327391061e-01 4.065771506599908935e-01 2.639963586709148657e-01 4.016841147018661989e-02 2.892580791989076139e-01 0.000000000000000000e+00
2.800000000000000000e+03 1.120043971933943894e-01 4.038461538461538547e-01 2.560309512972234747e-01 4.324078288575330248e-02 2.968821119708693890e-01 0.000000000000000000e+00
2.825000000000000000e+03 1.130044364540496726e-01 4.126081019572143682e-01 2.495448338643604935e-01 4.358215748748293233e-02 2.942649066909421851e-01 0.000000000000000000e+00
2.850000000000000000e+03 1.140044757147049559e-01 4.074874829312699065e-01 2.411242603550295960e-01 3.880291306326809353e-02 3.125853436504323901e-01 0.000000000000000000e+00
2.875000000000000000e+03 1.150045149753604612e-01 4.177287209831588299e-01 2.368001820664542567e-01 3.720983158852981393e-02 3.082612653618570508e-01 0.000000000000000000e+00
2.900000000000000000e+03 1.160045542360157445e-01 4.342284934000910090e-01 2.233727810650887602e-01 4.005461993627674328e-02 3.023441055985434667e-01 0.000000000000000000e+00
2.925000000000000000e+03 1.170045934966710277e-01 4.157942649066909691e-01 2.166590805644059980e-01 4.483386436049158208e-02 3.227127901684114786e-01 0.000000000000000000e+00
2.950000000000000000e+03 1.180046327573263110e-01 4.215976331360946627e-01 2.041420118343195145e-01 4.733727810650887463e-02 3.269230769230769273e-01 0.000000000000000000e+00
2.975000000000000000e+03 1.190046720179815942e-01 4.161356395084205850e-01 1.960628129267182607e-01 4.642694583522986168e-02 3.413746017296312996e-01 0.000000000000000000e+00
3.000000000000000000e+03 1.200047112786368775e-01 4.131770596267637652e-01 1.885525716886663761e-01 5.439235320892125969e-02 3.438780154756486129e-01 0.000000000000000000e+00
3.025000000000000000e+03 1.210047505392921607e-01 4.254665452890304955e-01 1.786527082385070686e-01 5.769230769230769551e-02 3.381884387801547542e-01 0.000000000000000000e+00
3.050000000000000000e+03 1.220047897999474440e-01 4.198907601274465273e-01 1.789940828402366846e-01 6.281292671825215723e-02 3.383022303140646447e-01 0.000000000000000000e+00
3.075000000000000000e+03 1.230048290606027273e-01 4.188666363222576239e-01 1.660218479745106945e-01 6.247155211652252738e-02 3.526399635867091265e-01 0.000000000000000000e+00
3.100000000000000000e+03 1.240048683212582326e-01 4.155666818388711881e-01 1.590805644060081792e-01 6.474738279472007363e-02 3.606053709604005730e-01 0.000000000000000000e+00
3.125000000000000000e+03 1.250049075819135158e-01 4.154528903049612976e-01 1.497496586253982687e-01 6.679563040509786664e-02 3.680018206645425671e-01 0.000000000000000000e+00
3.150000000000000000e+03 1.260049468425687991e-01 4.373008648156577194e-01 1.360946745562130189e-01 6.645425580336822291e-02 3.601502048247610110e-01 0.000000000000000000e+00
3.175000000000000000e+03 1.270049861032240823e-01 4.431042330450614686e-01 1.255120619025944517e-01 7.248520710059171146e-02 3.588984979517523821e-01 0.000000000000000000e+00
3.200000000000000000e+03 1.280050253638793656e-01 4.490213928083750528e-01 1.246017296313154249e-01 7.453345471096950448e-02 3.518434228493400040e-01 0.000000000000000000e+00
3.225000000000000000e+03 1.290050646245346488e-01 4.433318161128811941e-01 1.215293582157487423e-01 8.261265361857077216e-02 3.525261720527992915e-01 0.000000000000000000e+00
3.250000000000000000e+03 1.300051038851899321e-01 4.484524351388256558e-01 1.156121984524351443e-01 9.057806099226217711e-02 3.453573054164770229e-01 0.000000000000000000e+00
3.275000000000000000e+03 1.310051431458452154e-01 4.561902594446973214e-01 1.119708693673190647e-01 9.592626308602640595e-02 3.359126081019572219e-01 0.000000000000000000e+00
3.300000000000000000e+03 1.320051824065004986e-01 4.593764223941738667e-01 1.087847064178425194e-01 9.296768320436959998e-02 3.388711879836140417e-01 0.000000000000000000e+00
3.325000000000000000e+03 1.330052216671560039e-01 4.674556213017751483e-01 1.027537551206190308e-01 9.126081019572143682e-02 3.385298133818843702e-01 0.000000000000000000e+00
3.350000000000000000e+03 1.340052609278112872e-01 4.673418297678652578e-01 9.717796995903504875e-02 9.251251706873007963e-02 3.429676832043696000e-01 0.000000000000000000e+00
3.375000000000000000e+03 1.350053001884665704e-01 4.679107874374146547e-01 9.478834774692762588e-02 9.353664087391898307e-02 3.437642239417387224e-01 0.000000000000000000e+00
3.400000000000000000e+03 1.360053394491218537e-01 4.516385980883022566e-01 9.456076467910787264e-02 9.820209376422393832e-02 3.555985434683659463e-01 0.000000000000000000e+00
3.425000000000000000e+03 1.370053787097771369e-01 4.835002275830678209e-01 9.000910332271279402e-02 9.660901228948566566e-02 3.298816568047337472e-01 0.000000000000000000e+00
3.450000000000000000e+03 1.380054179704324202e-01 4.871415566681838727e-01 8.500227583067819503e-02 9.945380063723259501e-02 3.284023668639053373e-01 0.000000000000000000e+00
3.475000000000000000e+03 1.390054572310877035e-01 4.827036868456986984e-01 8.420573509330905870e-02 9.774692762858443185e-02 3.353436504324078249e-01 0.000000000000000000e+00
3.500000000000000000e+03 1.400054964917429867e-01 4.870277651342740377e-01 7.942649066909421296e-02 9.990896677287210148e-02 3.336367774237596895e-01 0.000000000000000000e+00
3.525000000000000000e+03 1.410055357523982700e-01 4.753072371415566488e-01 7.646791078743742087e-02 1.046882111970869333e-01 3.435366408739189970e-01 0.000000000000000000e+00
3.550000000000000000e+03 1.420055750130537753e-01 4.987482931269913711e-01 7.294037323623121793e-02 1.003641329085116080e-01 3.279472007282658308e-01 0.000000000000000000e+00
3.575000000000000000e+03 1.430056142737090585e-01 4.974965862539826866e-01 7.089212562585343880e-02 1.060537096040054666e-01 3.255575785161584079e-01 0.000000000000000000e+00
3.600000000000000000e+03 1.440056535343643418e-01 4.931725079654073474e-01 6.952662721893490549e-02 1.029813381884387841e-01 3.343195266272189214e-01 0.000000000000000000e+00
3.625000000000000000e+03 1.450056927950196251e-01 5.159308147473827821e-01 6.941283568502502888e-02 1.065088757396449731e-01 3.081474738279472159e-01 0.000000000000000000e+00
3.650000000000000000e+03 1.460057320556749083e-01 5.129722348657259623e-01 7.510241238051888757e-02 1.152708238507055144e-01 2.966545289030496080e-01 0.000000000000000000e+00
3.675000000000000000e+03 1.470057713163301916e-01 5.276513427401001710e-01 6.486117432862995025e-02 1.223258989531178925e-01 2.851615839781520001e-01 0.000000000000000000e+00
3.700000000000000000e+03 1.480058105769854748e-01 5.218479745106964218e-01 6.816112881201638607e-02 1.280154756486117373e-01 2.819754210286754548e-01 0.000000000000000000e+00
3.725000000000000000e+03 1.490058498376407581e-01 5.053482020937641872e-01 6.861629494765589254e-02 1.286982248520709970e-01 2.973372781065088954e-01 0.000000000000000000e+00
3.750000000000000000e+03 1.500058890982960413e-01 5.327719617660445772e-01 6.349567592171143082e-02 1.370050068274920319e-01 2.667273554847519601e-01 0.000000000000000000e+00
3.775000000000000000e+03 1.510059283589515466e-01 5.374374146563495325e-01 6.588529813381883982e-02 1.380291306326809353e-01 2.586481565771506785e-01 0.000000000000000000e+00
3.800000000000000000e+03 1.520059676196068299e-01 5.339098771051433712e-01 6.588529813381883982e-02 1.461083295402822169e-01 2.540964952207555583e-01 0.000000000000000000e+00
3.825000000000000000e+03 1.530060068802621132e-01 5.310650887573964418e-01 6.577150659990896320e-02 1.467910787437414766e-01 2.563723258989530907e-01 0.000000000000000000e+00
3.850000000000000000e+03 1.540060461409173964e-01 5.474510696404187859e-01 6.144742831133363781e-02 1.531634046426945950e-01 2.379380974055530229e-01 0.000000000000000000e+00
3.875000000000000000e+03 1.550060854015726797e-01 5.542785616750113276e-01 5.928538916704597511e-02 1.541875284478834707e-01 2.322485207100591642e-01 0.000000000000000000e+00
3.900000000000000000e+03 1.560061246622279629e-01 5.441511151570322946e-01 6.087847064178425471e-02 1.598771051433773294e-01 2.350933090578060936e-01 0.000000000000000000e+00
3.925000000000000000e+03 1.570061639228832462e-01 5.378925807919890945e-01 6.190259444697314428e-02 1.634046426945835184e-01 2.368001820664542567e-01 0.000000000000000000e+00
3.950000000000000000e+03 1.580062031835385294e-01 5.566681838871188059e-01 5.939918070095585173e-02 1.630632680928539024e-01 2.208693673190714746e-01 0.000000000000000000e+00
3.975000000000000000e+03 1.590062424441938127e-01 5.518889394629039602e-01 5.826126536185707860e-02 1.627218934911242587e-01 2.271279016841147025e-01 0.000000000000000000e+00
4.000000000000000000e+03 1.600062817048493180e-01 5.447200728265817471e-01 6.065088757396449454e-02 1.701183431952662806e-01 2.245106964041875264e-01 0.000000000000000000e+00
4.025000000000000000e+03 1.610063209655046013e-01 5.596267637687756258e-01 6.053709604005461792e-02 1.708010923987255403e-01 2.090350477924442507e-01 0.000000000000000000e+00
4.050000000000000000e+03 1.620063602261598845e-01 5.508648156577150568e-01 6.588529813381883982e-02 1.761492944924897552e-01 2.071005917159763343e-01 0.000000000000000000e+00
4.075000000000000000e+03 1.630063994868151678e-01 5.468821119708693335e-01 6.213017751479289752e-02 1.829767865270823801e-01 2.080109239872553473e-01 0.000000000000000000e+00
4.100000000000000000e+03 1.640064387474704510e-01 5.546199362767409990e-01 6.042330450614474130e-02 1.923076923076923184e-01 1.926490669094219343e-01 0.000000000000000000e+00
4.125000000000000000e+03 1.650064780081257343e-01 5.540509786071916576e-01 6.543013199817933334e-02 1.927628584433318248e-01 1.877560309512972259e-01 0.000000000000000000e+00
4.150000000000000000e+03 1.660065172687810175e-01 5.466545289030496635e-01 6.702321347291761988e-02 1.926490669094219343e-01 1.936731907146108378e-01 0.000000000000000000e+00
4.175000000000000000e+03 1.670065565294363008e-01 5.582612653618570508e-01 6.929904415111515226e-02 1.984524351388256835e-01 1.739872553482020856e-01 0.000000000000000000e+00
4.200000000000000000e+03 1.680065957900915841e-01 5.563268092853891345e-01 6.554392353208920996e-02 2.020937642239417353e-01 1.760355029585798925e-01 0.000000000000000000e+00
4.225000000000000000e+03 1.690066350507470894e-01 5.572371415566681474e-01 6.611288120163859305e-02 2.020937642239417353e-01 1.745562130177514826e-01 0.000000000000000000e+00
4.250000000000000000e+03 1.700066743114023726e-01 5.619025944469731026e-01 6.793354574419663283e-02 2.027765134274009950e-01 1.673873463814292140e-01 0.000000000000000000e+00
4.275000000000000000e+03 1.710067135720576559e-01 5.637232589895311285e-01 6.861629494765589254e-02 2.092626308602640040e-01 1.583978152025489194e-01 0.000000000000000000e+00
4.300000000000000000e+03 1.720067528327129391e-01 5.721438324988621371e-01 6.759217114246700298e-02 2.071005917159763343e-01 1.531634046426945950e-01 0.000000000000000000e+00
4.325000000000000000e+03 1.730067920933682224e-01 5.715748748293126846e-01 6.645425580336822291e-02 2.065316340464269373e-01 1.554392353208921274e-01 0.000000000000000000e+00
4.350000000000000000e+03 1.740068313540235057e-01 5.659990896677287164e-01 6.941283568502502888e-02 2.075557578516158408e-01 1.570323167956304000e-01 0.000000000000000000e+00
4.375000000000000000e+03 1.750068706146787889e-01 5.802230314064633632e-01 6.474738279472007363e-02 2.078971324533454845e-01 1.471324533454710926e-01 0.000000000000000000e+00
4.400000000000000000e+03 1.760069098753340722e-01 5.868229403732362348e-01 6.838871187983613931e-02 2.110832954028220299e-01 1.335912608101957333e-01 1.137915339098771066e-04
4.425000000000000000e+03 1.770069491359893554e-01 5.804506144742831442e-01 6.884387801547564578e-02 2.114246700045516736e-01 1.391670459717797015e-01 1.137915339098771066e-04
4.450000000000000000e+03 1.780069883966448607e-01 5.776058261265362148e-01 6.668183887118799003e-02 2.156349567592171224e-01 1.400773782430587144e-01 0.000000000000000000e+00
4.475000000000000000e+03 1.790070276573001440e-01 5.837505689576695245e-01 7.089212562585343880e-02 2.212107419208010906e-01 1.241465634956759184e-01 0.000000000000000000e+00
4.500000000000000000e+03 1.800070669179554272e-01 5.789713245334546787e-01 7.316795630405098505e-02 2.258761948111060458e-01 1.219845243513882627e-01 0.000000000000000000e+00
4.525000000000000000e+03 1.810071061786107105e-01 5.870505234410560158e-01 7.305416477014110843e-02 2.214383249886208438e-01 1.184569868001820597e-01 0.000000000000000000e+00
4.550000000000000000e+03 1.820071454392659938e-01 5.831816112881201830e-01 7.225762403277195822e-02 2.216659080564405970e-01 1.228948566226672756e-01 0.000000000000000000e+00
4.575000000000000000e+03 1.830071846999212770e-01 5.992262175694128556e-01 6.804733727810650945e-02 2.236003641329085134e-01 1.091260810195721492e-01 0.000000000000000000e+00
4.600000000000000000e+03 1.840072239605765603e-01 6.008192990441511006e-01 6.816112881201638607e-02 2.182521620391442985e-01 1.127674101046882149e-01 0.000000000000000000e+00
4.625000000000000000e+03 1.850072632212318435e-01 5.956986800182066943e-01 7.066454255803368556e-02 2.249658625398270329e-01 1.086709148839326289e-01 0.000000000000000000e+00
4.650000000000000000e+03 1.860073024818871268e-01 5.893263541192534927e-01 7.248520710059171146e-02 2.256486117432862926e-01 1.125398270368684617e-01 0.000000000000000000e+00
4.675000000000000000e+03 1.870073417425424100e-01 5.911470186618115186e-01 7.430587164314975124e-02 2.242831133363677731e-01 1.102639963586709154e-01 0.000000000000000000e+00
4.700000000000000000e+03 1.880073810031979153e-01 5.994538006372326366e-01 7.453345471096950448e-02 2.236003641329085134e-01 1.024123805188894010e-01 0.000000000000000000e+00
4.725000000000000000e+03 1.890074202638531986e-01 6.060537096040055083e-01 7.282658170232134132e-02 2.276968593536640995e-01 9.342284934000910646e-02 0.000000000000000000e+00
4.750000000000000000e+03 1.900074595245084819e-01 6.062812926718251783e-01 7.680928538916705073e-02 2.291761492944924816e-01 8.773327264451524776e-02 0.000000000000000000e+00
4.775000000000000000e+03 1.910074987851637651e-01 5.971779699590350488e-01 7.817478379608557015e-02 2.350933090578060936e-01 8.955393718707328754e-02 0.000000000000000000e+00
4.800000000000000000e+03 1.920075380458190484e-01 6.049157942649067143e-01 7.715065999089668058e-02 2.320209376422394110e-01 8.591260810195720798e-02 0.000000000000000000e+00
4.825000000000000000e+03 1.930075773064743316e-01 6.030951297223486884e-01 7.350933090578061491e-02 2.369139736003641195e-01 8.648156577150660496e-02 0.000000000000000000e+00
4.850000000000000000e+03 1.940076165671296149e-01 5.980883022303140617e-01 7.726445152480655720e-02 2.412380518889394587e-01 8.340919435593992237e-02 0.000000000000000000e+00
4.875000000000000000e+03 1.950076558277848982e-01 6.025261720527992360e-01 7.783340919435594030e-02 2.423759672280382249e-01 7.726445152480655720e-02 0.000000000000000000e+00
4.900000000000000000e+03 1.960076950884401814e-01 6.045744196631770428e-01 7.692307692307692735e-02 2.371415566681839004e-01 8.136094674556212936e-02 0.000000000000000000e+00
4.925000000000000000e+03 1.970077343490956867e-01 6.074192080109239722e-01 8.022303140646336317e-02 2.360036413290851065e-01 7.635411925352754425e-02 0.000000000000000000e+00
4.950000000000000000e+03 1.980077736097509700e-01 6.126536185707783799e-01 7.828857532999544677e-02 2.377105143377332697e-01 7.134729176149294527e-02 0.000000000000000000e+00
4.975000000000000000e+03 1.990078128704062532e-01 6.094674556213017791e-01 8.147473827947200598e-02 2.393035958124715423e-01 6.975421028675465873e-02 0.000000000000000000e+00
5.000000000000000000e+03 2.000078521310615365e-01 6.012744651797906625e-01 8.716431497496586467e-02 2.436276741010468816e-01 6.793354574419663283e-02 0.000000000000000000e+00
5.025000000000000000e+03 2.010078913917168197e-01 6.137915339098770628e-01 8.579881656804733137e-02 2.330450614474283144e-01 6.736458807464724974e-02 0.000000000000000000e+00
5.050000000000000000e+03 2.020079306523721030e-01 6.187983614019116896e-01 8.784706417842512438e-02 2.368001820664542567e-01 5.655439235320892238e-02 0.000000000000000000e+00
5.075000000000000000e+03 2.030079699130273863e-01 6.043468365953572619e-01 9.308147473827947660e-02 2.424897587619481154e-01 6.008192990441511144e-02 0.000000000000000000e+00
5.100000000000000000e+03 2.040080091736826695e-01 6.046882111970869333e-01 9.433318161128811941e-02 2.402139280837505553e-01 6.076467910787437116e-02 0.000000000000000000e+00
5.125000000000000000e+03 2.050080484343379528e-01 5.984296768320437332e-01 9.467455621301774926e-02 2.465862539827036737e-01 6.030951297223486468e-02 0.000000000000000000e+00
5.150000000000000000e+03 2.060080876949934581e-01 6.042330450614474824e-01 9.091943559399180697e-02 2.432862994993172379e-01 6.156121984524351443e-02 0.000000000000000000e+00
5.175000000000000000e+03 2.070081269556487413e-01 6.182294037323623481e-01 9.467455621301774926e-02 2.368001820664542567e-01 5.029585798816568060e-02 0.000000000000000000e+00
5.200000000000000000e+03 2.080081662163040246e-01 6.129949931725079404e-01 9.581247155211652933e-02 2.364588074647246130e-01 5.473372781065088954e-02 0.000000000000000000e+00
5.225000000000000000e+03 2.090082054769593078e-01 6.074192080109239722e-01 9.797451069640418508e-02 2.404415111515703363e-01 5.416477014110149951e-02 0.000000000000000000e+00
5.250000000000000000e+03 2.100082447376145911e-01 6.070778334091943007e-01 9.786071916249430847e-02 2.393035958124715423e-01 5.575785161583977911e-02 0.000000000000000000e+00
5.275000000000000000e+03 2.110082839982698744e-01 6.176604460628128956e-01 9.547109695038688559e-02 2.394173873463814328e-01 4.745106964041875125e-02 0.000000000000000000e+00
5.300000000000000000e+03 2.120083232589251576e-01 6.246017296313154388e-01 9.683659535730541890e-02 2.350933090578060936e-01 4.346836595357305572e-02 0.000000000000000000e+00
5.325000000000000000e+03 2.130083625195804409e-01 6.228948566226673034e-01 9.729176149294492537e-02 2.380518889394629134e-01 4.176149294492489950e-02 0.000000000000000000e+00
5.350000000000000000e+03 2.140084017802357241e-01 6.246017296313154388e-01 9.945380063723259501e-02 2.328174783796085612e-01 4.312699135184342586e-02 0.000000000000000000e+00
5.375000000000000000e+03 2.150084410408912294e-01 6.275603095129722586e-01 9.854346836595356818e-02 2.291761492944924816e-01 4.472007282658170546e-02 0.000000000000000000e+00
5.400000000000000000e+03 2.160084803015465127e-01 6.220983158852981809e-01 9.842967683204369156e-02 2.350933090578060936e-01 4.437869822485206867e-02 0.000000000000000000e+00
5.425000000000000000e+03 2.170085195622017959e-01 6.291533909877105035e-01 9.763313609467455523e-02 2.317933545744196577e-01 4.142011834319526964e-02 0.000000000000000000e+00
5.450000000000000000e+03 2.180085588228570792e-01 6.327947200728265553e-01 9.945380063723259501e-02 2.241693218024579104e-01 4.358215748748293233e-02 0.000000000000000000e+00
5.475000000000000000e+03 2.190085980835123625e-01 6.260810195721437932e-01 1.035502958579881672e-01 2.298588984979517413e-01 4.050978607191624975e-02 0.000000000000000000e+00
5.500000000000000000e+03 2.200086373441676457e-01 6.242603550295857673e-01 1.013882567137004975e-01 2.330450614474283144e-01 4.130632680928538608e-02 0.000000000000000000e+00
5.525000000000000000e+03 2.210086766048229290e-01 6.269913518434228061e-01 1.036640873918980438e-01 2.307692307692307820e-01 3.857532999544834029e-02 0.000000000000000000e+00
5.550000000000000000e+03 2.220087158654782122e-01 6.233500227583067543e-01 1.030951297223486607e-01 2.323623122439690547e-01 4.119253527537550946e-02 0.000000000000000000e+00
5.575000000000000000e+03 2.230087551261334955e-01 6.256258534365043422e-01 1.022985889849795244e-01 2.294037323623122349e-01 4.267182521620391245e-02 0.000000000000000000e+00
5.600000000000000000e+03 2.240087943867890008e-01 6.281292671825216001e-01 9.968138370505234824e-02 2.338416021847974646e-01 3.834774692762858705e-02 0.000000000000000000e+00
5.625000000000000000e+03 2.250088336474442841e-01 6.272189349112425871e-01 1.029813381884387841e-01 2.290623577605826189e-01 4.073736913973600299e-02 0.000000000000000000e+00
5.650000000000000000e+03 2.260088729080995673e-01 6.227810650887574129e-01 1.046882111970869333e-01 2.324761037778789174e-01 4.005461993627674328e-02 0.000000000000000000e+00
5.675000000000000000e+03 2.270089121687548506e-01 6.323395539371871044e-01 1.004779244424214846e-01 2.257624032771961831e-01 4.142011834319526964e-02 0.000000000000000000e+00
