# itime ezz other fcc hcp bcc ico
0.000000000000000000e+00 0.000000000000000000e+00 4.551661356395084266e-04 9.995448338643604380e-01 0.000000000000000000e+00 0.000000000000000000e+00 0.000000000000000000e+00
4.000000000000000000e+03 1.000052291277420125e-03 6.827492034592626399e-04 9.993172507965407680e-01 0.000000000000000000e+00 0.000000000000000000e+00 0.000000000000000000e+00
8.000000000000000000e+03 2.000104582554618204e-03 2.275830678197542133e-04 9.997724169321802190e-01 0.000000000000000000e+00 0.000000000000000000e+00 0.000000000000000000e+00
1.200000000000000000e+04 3.000156873832038329e-03 1.024123805188893906e-03 9.989758761948110966e-01 0.000000000000000000e+00 0.000000000000000000e+00 0.000000000000000000e+00
1.600000000000000000e+04 4.000209165109458453e-03 1.593081474738279385e-03 9.984069185252617551e-01 0.000000000000000000e+00 0.000000000000000000e+00 0.000000000000000000e+00
2.000000000000000000e+04 5.000261456386656533e-03 4.551661356395084266e-04 9.995448338643604380e-01 0.000000000000000000e+00 0.000000000000000000e+00 0.000000000000000000e+00
2.400000000000000000e+04 6.000313747664076658e-03 1.137915339098770958e-03 9.988620846609012061e-01 0.000000000000000000e+00 0.000000000000000000e+00 0.000000000000000000e+00
2.800000000000000000e+04 7.000366038941496782e-03 5.689576695493854790e-04 9.994310423304506585e-01 0.000000000000000000e+00 0.000000000000000000e+00 0.000000000000000000e+00
3.200000000000000000e+04 8.000418330218916907e-03 1.479289940828402332e-03 9.985207100591716456e-01 0.000000000000000000e+00 0.000000000000000000e+00 0.000000000000000000e+00
3.600000000000000000e+04 9.000470621496114987e-03 1.820664542558033706e-03 9.981793354574419741e-01 0.000000000000000000e+00 0.000000000000000000e+00 0.000000000000000000e+00
4.000000000000000000e+04 1.000052291277353511e-02 1.593081474738279385e-03 9.984069185252617551e-01 0.000000000000000000e+00 0.000000000000000000e+00 0.000000000000000000e+00
4.400000000000000000e+04 1.100057520405095524e-02 5.689576695493854790e-04 9.993172507965407680e-01 0.000000000000000000e+00 1.137915339098771066e-04 0.000000000000000000e+00
4.800000000000000000e+04 1.200062749532815332e-02 1.479289940828402332e-03 9.985207100591716456e-01 0.000000000000000000e+00 0.000000000000000000e+00 0.000000000000000000e+00
5.200000000000000000e+04 1.300067978660557344e-02 2.162039144287664864e-03 9.978379608557123026e-01 0.000000000000000000e+00 0.000000000000000000e+00 0.000000000000000000e+00
5.600000000000000000e+04 1.400073207788299356e-02 1.137915339098770958e-03 9.988620846609012061e-01 0.000000000000000000e+00 0.000000000000000000e+00 0.000000000000000000e+00
6.000000000000000000e+04 1.500078436916019164e-02 1.820664542558033706e-03 9.981793354574419741e-01 0.000000000000000000e+00 0.000000000000000000e+00 0.000000000000000000e+00
6.400000000000000000e+04 1.600083666043761177e-02 1.820664542558033706e-03 9.981793354574419741e-01 0.000000000000000000e+00 0.000000000000000000e+00 0.000000000000000000e+00
6.800000000000000000e+04 1.700088895171503189e-02 3.413746017296313199e-04 9.996586253982703285e-01 0.000000000000000000e+00 0.000000000000000000e+00 0.000000000000000000e+00
7.200000000000000000e+04 1.800094124299245202e-02 1.137915339098770958e-03 9.988620846609012061e-01 0.000000000000000000e+00 0.000000000000000000e+00 0.000000000000000000e+00
7.600000000000000000e+04 1.900099353426965010e-02 7.965407373691396923e-04 9.992034592626308775e-01 0.000000000000000000e+00 0.000000000000000000e+00 0.000000000000000000e+00
8.000000000000000000e+04 2.000104582554707022e-02 4.665452890304961318e-03 9.953345471096950448e-01 0.000000000000000000e+00 0.000000000000000000e+00 0.000000000000000000e+00
8.400000000000000000e+04 2.100109811682449035e-02 1.934456076467910759e-03 9.980655439235320836e-01 0.000000000000000000e+00 0.000000000000000000e+00 0.000000000000000000e+00
8.800000000000000000e+04 2.200115040810168843e-02 1.820664542558033706e-03 9.981793354574419741e-01 0.000000000000000000e+00 0.000000000000000000e+00 0.000000000000000000e+00
9.200000000000000000e+04 2.300120269937910855e-02 2.617205279927173507e-03 9.973827947200728516e-01 0.000000000000000000e+00 0.000000000000000000e+00 0.000000000000000000e+00
9.600000000000000000e+04 2.400125499065652868e-02 3.413746017296313308e-03 9.964724624487938387e-01 0.000000000000000000e+00 1.137915339098771066e-04 0.000000000000000000e+00
1.000000000000000000e+05 2.500130728193372676e-02 2.730996813837050560e-03 9.972690031861629611e-01 0.000000000000000000e+00 0.000000000000000000e+00 0.000000000000000000e+00
1.040000000000000000e+05 2.600135957321114688e-02 2.503413746017296455e-03 9.971552116522530707e-01 0.000000000000000000e+00 3.413746017296313199e-04 0.000000000000000000e+00
1.080000000000000000e+05 2.700141186448856701e-02 1.820664542558033706e-03 9.981793354574419741e-01 0.000000000000000000e+00 0.000000000000000000e+00 0.000000000000000000e+00
1.120000000000000000e+05 2.800146415576598713e-02 2.844788347746927612e-03 9.971552116522530707e-01 0.000000000000000000e+00 0.000000000000000000e+00 0.000000000000000000e+00
1.160000000000000000e+05 2.900151644704318521e-02 4.665452890304961318e-03 9.953345471096950448e-01 0.000000000000000000e+00 0.000000000000000000e+00 0.000000000000000000e+00
1.200000000000000000e+05 3.000156873832060533e-02 3.868912152935821518e-03 9.961310878470641672e-01 0.000000000000000000e+00 0.000000000000000000e+00 0.000000000000000000e+00
1.240000000000000000e+05 3.100162102959802546e-02 3.982703686845699004e-03 9.959035047792443862e-01 0.000000000000000000e+00 1.137915339098771066e-04 0.000000000000000000e+00
1.280000000000000000e+05 3.200167332087522354e-02 3.868912152935821518e-03 9.961310878470641672e-01 0.000000000000000000e+00 0.000000000000000000e+00 0.000000000000000000e+00
1.320000000000000000e+05 3.300172561215264366e-02 4.437869822485207214e-03 9.954483386436049352e-01 0.000000000000000000e+00 1.137915339098771066e-04 0.000000000000000000e+00
1.360000000000000000e+05 3.400177790343006379e-02 6.030951297223486815e-03 9.937414656349567998e-01 0.000000000000000000e+00 2.275830678197542133e-04 0.000000000000000000e+00
1.400000000000000000e+05 3.500183019470726187e-02 4.437869822485207214e-03 9.953345471096950448e-01 0.000000000000000000e+00 2.275830678197542133e-04 0.000000000000000000e+00
1.440000000000000000e+05 3.600188248598468199e-02 4.779244424214838804e-03 9.951069640418752638e-01 0.000000000000000000e+00 1.137915339098771066e-04 0.000000000000000000e+00
1.480000000000000000e+05 3.700193477726210212e-02 5.803368229403732710e-03 9.939690487027764698e-01 0.000000000000000000e+00 2.275830678197542133e-04 0.000000000000000000e+00
1.520000000000000000e+05 3.800198706853952224e-02 6.372325898953117539e-03 9.935138825671370189e-01 0.000000000000000000e+00 1.137915339098771066e-04 0.000000000000000000e+00
1.560000000000000000e+05 3.900203935981672032e-02 6.486117432862995025e-03 9.927173418297678964e-01 0.000000000000000000e+00 7.965407373691396923e-04 0.000000000000000000e+00
1.600000000000000000e+05 4.000209165109414045e-02 7.624032771961766417e-03 9.921483841602184439e-01 0.000000000000000000e+00 2.275830678197542133e-04 0.000000000000000000e+00
1.640000000000000000e+05 4.100214394237156057e-02 5.917159763313609329e-03 9.940828402366863603e-01 0.000000000000000000e+00 0.000000000000000000e+00 0.000000000000000000e+00
1.680000000000000000e+05 4.200219623364875865e-02 8.306781975421027864e-03 9.911242603550295405e-01 0.000000000000000000e+00 5.689576695493854790e-04 0.000000000000000000e+00
1.720000000000000000e+05 4.300224852492617877e-02 7.055075102412380721e-03 9.926035502958580059e-01 0.000000000000000000e+00 3.413746017296313199e-04 0.000000000000000000e+00
1.760000000000000000e+05 4.400230081620359890e-02 6.258534365043240920e-03 9.937414656349567998e-01 0.000000000000000000e+00 0.000000000000000000e+00 0.000000000000000000e+00
1.800000000000000000e+05 4.500235310748079698e-02 8.648156577150659455e-03 9.908966772872098705e-01 0.000000000000000000e+00 4.551661356395084266e-04 0.000000000000000000e+00
1.840000000000000000e+05 4.600240539875821710e-02 1.285844333181611343e-02 9.868001820664542567e-01 0.000000000000000000e+00 3.413746017296313199e-04 0.000000000000000000e+00
1.880000000000000000e+05 4.700245769003563723e-02 1.081019572143832562e-02 9.891898042785616241e-01 0.000000000000000000e+00 0.000000000000000000e+00 0.000000000000000000e+00
1.920000000000000000e+05 4.800250998131305735e-02 1.035502958579881741e-02 9.893035958124715146e-01 0.000000000000000000e+00 3.413746017296313199e-04 0.000000000000000000e+00
1.960000000000000000e+05 4.900256227259025543e-02 1.228948566226672687e-02 9.870277651342740377e-01 0.000000000000000000e+00 6.827492034592626399e-04 0.000000000000000000e+00
2.000000000000000000e+05 5.000261456386767556e-02 1.285844333181611343e-02 9.868001820664542567e-01 0.000000000000000000e+00 3.413746017296313199e-04 0.000000000000000000e+00
2.040000000000000000e+05 5.100266685514509568e-02 1.797906235776058209e-02 9.816795630405097395e-01 0.000000000000000000e+00 3.413746017296313199e-04 0.000000000000000000e+00
2.080000000000000000e+05 5.200271914642229376e-02 1.331360946745562164e-02 9.860036413290851343e-01 0.000000000000000000e+00 6.827492034592626399e-04 0.000000000000000000e+00
2.120000000000000000e+05 5.300277143769971389e-02 1.923076923076923184e-02 9.791761492944924816e-01 0.000000000000000000e+00 1.593081474738279385e-03 0.000000000000000000e+00
2.160000000000000000e+05 5.400282372897713401e-02 2.059626763768775473e-02 9.784934000910332497e-01 0.000000000000000000e+00 9.103322712790168532e-04 0.000000000000000000e+00
2.200000000000000000e+05 5.500287602025433209e-02 2.332726445152480746e-02 9.758761948111061013e-01 0.000000000000000000e+00 7.965407373691396923e-04 0.000000000000000000e+00
2.240000000000000000e+05 5.600292831153175221e-02 2.105143377332726468e-02 9.775830678197542367e-01 0.000000000000000000e+00 1.365498406918525280e-03 0.000000000000000000e+00
2.280000000000000000e+05 5.700298060280917234e-02 2.093764223941738806e-02 9.779244424214837972e-01 0.000000000000000000e+00 1.137915339098770958e-03 0.000000000000000000e+00
2.320000000000000000e+05 5.800303289408637042e-02 2.435138825671370050e-02 9.748520710059171979e-01 0.000000000000000000e+00 7.965407373691396923e-04 0.000000000000000000e+00
2.360000000000000000e+05 5.900308518536379054e-02 2.913063268092853930e-02 9.691624943104233392e-01 0.000000000000000000e+00 1.706873008648156654e-03 0.000000000000000000e+00
2.400000000000000000e+05 6.000313747664121067e-02 2.969959035047792587e-02 9.689349112426035582e-01 0.000000000000000000e+00 1.365498406918525280e-03 0.000000000000000000e+00
2.440000000000000000e+05 6.100318976791863079e-02 3.049613108784706567e-02 9.676832043695948737e-01 0.000000000000000000e+00 1.820664542558033706e-03 0.000000000000000000e+00
2.480000000000000000e+05 6.200324205919582887e-02 3.231679563040509851e-02 9.659763313609467383e-01 0.000000000000000000e+00 1.706873008648156654e-03 0.000000000000000000e+00
2.520000000000000000e+05 6.300329435047324900e-02 2.969959035047792587e-02 9.688211197086936677e-01 0.000000000000000000e+00 1.479289940828402332e-03 0.000000000000000000e+00
2.560000000000000000e+05 6.400334664175066912e-02 3.345471096950387163e-02 9.647246244879380539e-01 0.000000000000000000e+00 1.820664542558033706e-03 0.000000000000000000e+00
2.600000000000000000e+05 6.500339893302786720e-02 4.062357760582612637e-02 9.573281747837960598e-01 0.000000000000000000e+00 2.048247610377787811e-03 0.000000000000000000e+00
2.640000000000000000e+05 6.600345122430528733e-02 4.130632680928538608e-02 9.569868001820664993e-01 0.000000000000000000e+00 1.706873008648156654e-03 0.000000000000000000e+00
2.680000000000000000e+05 6.700350351558270745e-02 4.267182521620391245e-02 9.555075102412380339e-01 0.000000000000000000e+00 1.820664542558033706e-03 0.000000000000000000e+00
2.720000000000000000e+05 6.800355580685990553e-02 4.745106964041875125e-02 9.499317250796540657e-01 0.000000000000000000e+00 2.617205279927173507e-03 0.000000000000000000e+00
2.760000000000000000e+05 6.900360809813732565e-02 3.937187073281747662e-02 9.593764223941738667e-01 0.000000000000000000e+00 1.251706873008648227e-03 0.000000000000000000e+00
2.800000000000000000e+05 7.000366038941474578e-02 4.836140191169777114e-02 9.485662266727356018e-01 0.000000000000000000e+00 3.072371415566681717e-03 0.000000000000000000e+00
2.840000000000000000e+05 7.100371268069216590e-02 6.383705052344106068e-02 9.313837050523441352e-01 0.000000000000000000e+00 4.779244424214838804e-03 0.000000000000000000e+00
2.880000000000000000e+05 7.200376497196936398e-02 4.995448338643605074e-02 9.476558944014564778e-01 0.000000000000000000e+00 2.389622212107419402e-03 0.000000000000000000e+00
2.920000000000000000e+05 7.300381726324678411e-02 5.860263996358670846e-02 9.374146563495675544e-01 0.000000000000000000e+00 3.982703686845699004e-03 0.000000000000000000e+00
2.960000000000000000e+05 7.400386955452420423e-02 6.042330450614474130e-02 9.343422849340009551e-01 0.000000000000000000e+00 5.234410559854347014e-03 0.000000000000000000e+00
3.000000000000000000e+05 7.500392184580140231e-02 7.828857532999544677e-02 9.184114701866180619e-01 0.000000000000000000e+00 3.299954483386436255e-03 0.000000000000000000e+00
3.040000000000000000e+05 7.600397413707882244e-02 7.578516158397814728e-02 9.193218024578971859e-01 0.000000000000000000e+00 4.893035958124715423e-03 0.000000000000000000e+00
3.080000000000000000e+05 7.700402642835624256e-02 7.726445152480655720e-02 9.159080564406008040e-01 0.000000000000000000e+00 6.827492034592626616e-03 0.000000000000000000e+00
3.120000000000000000e+05 7.800407871963344064e-02 8.841602184797450747e-02 9.033909877105142927e-01 0.000000000000000000e+00 8.192990441511151245e-03 0.000000000000000000e+00
3.160000000000000000e+05 7.900413101091086077e-02 9.706417842512517213e-02 8.948566226672735047e-01 0.000000000000000000e+00 8.079198907601274626e-03 0.000000000000000000e+00
3.200000000000000000e+05 8.000418330218828089e-02 1.176604460628129234e-01 8.641329085116067343e-01 0.000000000000000000e+00 1.820664542558033533e-02 0.000000000000000000e+00
3.240000000000000000e+05 8.100423559346570102e-02 1.357532999544833752e-01 8.420573509330905315e-01 1.137915339098771066e-04 2.207555757851615771e-02 0.000000000000000000e+00
3.280000000000000000e+05 8.200428788474289910e-02 1.454255803368229294e-01 8.281747837960855563e-01 1.137915339098771066e-04 2.628584433318160996e-02 0.000000000000000000e+00
3.320000000000000000e+05 8.300434017602031922e-02 5.689576695493855224e-02 6.915111515703231682e-01 2.423759672280382249e-01 9.217114246700046018e-03 0.000000000000000000e+00
3.360000000000000000e+05 8.400439246729773934e-02 5.200273099681383682e-02 6.940145653163404260e-01 2.463586709148839204e-01 7.624032771961766417e-03 0.000000000000000000e+00
3.400000000000000000e+05 8.500444475857493742e-02 6.019572143832498806e-02 6.833181611288120516e-01 2.446517979062357850e-01 1.183431952662721866e-02 0.000000000000000000e+00
3.440000000000000000e+05 8.600449704985235755e-02 6.588529813381883982e-02 6.807009558488847922e-01 2.429449248975876219e-01 1.046882111970869403e-02 0.000000000000000000e+00
3.480000000000000000e+05 8.700454934112977767e-02 5.496131087847064278e-02 6.901456531634045932e-01 2.445380063723258945e-01 1.035502958579881741e-02 0.000000000000000000e+00
3.520000000000000000e+05 8.800460163240697575e-02 6.178880291306326766e-02 6.843422849340009551e-01 2.439690487027765253e-01 9.899863450159307465e-03 0.000000000000000000e+00
3.560000000000000000e+05 8.900465392368439588e-02 6.975421028675465873e-02 6.739872553482021411e-01 2.419208010923987184e-01 1.433773327264451468e-02 0.000000000000000000e+00
3.600000000000000000e+05 9.000470621496181600e-02 6.451979972690032039e-02 6.800182066454255603e-01 2.443104233045061413e-01 1.115157032316795548e-02 0.000000000000000000e+00
3.640000000000000000e+05 9.100475850623923613e-02 7.646791078743742087e-02 6.701183431952663083e-01 2.421483841602184717e-01 1.126536185707783383e-02 0.000000000000000000e+00
3.680000000000000000e+05 9.200481079751643421e-02 8.033682294037323979e-02 6.676149294492489394e-01 2.426035502958579781e-01 9.444697314519799256e-03 0.000000000000000000e+00
3.720000000000000000e+05 9.300486308879385433e-02 7.111970869367319203e-02 6.781975421028675344e-01 2.422621756941283622e-01 8.420573509330906217e-03 0.000000000000000000e+00
3.760000000000000000e+05 9.400491538007127446e-02 7.203004096495220498e-02 6.722803823395538947e-01 2.438552571688666348e-01 1.183431952662721866e-02 0.000000000000000000e+00
3.800000000000000000e+05 9.500496767134847254e-02 7.965407373691398007e-02 6.680700955848885014e-01 2.398725534820209393e-01 1.240327719617660522e-02 0.000000000000000000e+00
3.840000000000000000e+05 9.600501996262589266e-02 8.272644515248064878e-02 6.626081019572144237e-01 2.404415111515703363e-01 1.422394173873463806e-02 0.000000000000000000e+00
3.880000000000000000e+05 9.700507225390331278e-02 7.828857532999544677e-02 6.693218024578971859e-01 2.396449704142011861e-01 1.274465179790623508e-02 0.000000000000000000e+00
3.920000000000000000e+05 9.800512454518051086e-02 8.727810650887574129e-02 6.588529813381884814e-01 2.404415111515703363e-01 1.342740100136549826e-02 0.000000000000000000e+00
3.960000000000000000e+05 9.900517683645793099e-02 9.626763768775603580e-02 6.479289940828402150e-01 2.399863450159308020e-01 1.581702321347291593e-02 0.000000000000000000e+00
4.000000000000000000e+05 1.000052291277353511e-01 9.308147473827947660e-02 6.529358215748748417e-01 2.382794720072826666e-01 1.570323167956303931e-02 0.000000000000000000e+00
4.040000000000000000e+05 1.010052814190127712e-01 9.797451069640418508e-02 6.434911242603550408e-01 2.401001365498406925e-01 1.843422849340009204e-02 0.000000000000000000e+00
4.080000000000000000e+05 1.020053337102899693e-01 1.034365043240782905e-01 6.422394173873463563e-01 2.339553937187073274e-01 2.036868456986800149e-02 0.000000000000000000e+00
4.120000000000000000e+05 1.030053860015673894e-01 1.108329540282202985e-01 6.333636777423760078e-01 2.382794720072826666e-01 1.752389622212107562e-02 0.000000000000000000e+00
4.160000000000000000e+05 1.040054382928448096e-01 1.134501593081474746e-01 6.323395539371871044e-01 2.360036413290851065e-01 1.820664542558033533e-02 0.000000000000000000e+00
4.200000000000000000e+05 1.050054905841220076e-01 1.283568502503413811e-01 6.195949021392808120e-01 2.297451069640418786e-01 2.230314064633591095e-02 0.000000000000000000e+00
4.240000000000000000e+05 1.060055428753994278e-01 1.530496131087847045e-01 5.913746017296312996e-01 2.298588984979517413e-01 2.571688666363222686e-02 0.000000000000000000e+00
4.280000000000000000e+05 1.070055951666768479e-01 1.780837505689576716e-01 5.381201638598088755e-01 2.256486117432862926e-01 5.814747382794720199e-02 0.000000000000000000e+00
4.320000000000000000e+05 1.080056474579540460e-01 2.033454710969503920e-01 4.118115612198452458e-01 2.729858898497951603e-01 1.118570778334091881e-01 0.000000000000000000e+00
4.360000000000000000e+05 1.090056997492314661e-01 1.680700955848884737e-01 3.623122439690487084e-01 4.175011379153391045e-01 5.211652253072371344e-02 0.000000000000000000e+00
4.400000000000000000e+05 1.100057520405088862e-01 1.589667728720983164e-01 3.664087391898042667e-01 4.321802457897132577e-01 4.244424214838415921e-02 0.000000000000000000e+00
4.440000000000000000e+05 1.110058043317863063e-01 1.613563950842057393e-01 3.758534365043240677e-01 4.288802913063268218e-01 3.390987710514337811e-02 0.000000000000000000e+00
4.480000000000000000e+05 1.120058566230635044e-01 1.585116067364588099e-01 3.717569412835685094e-01 4.312699135184342447e-01 3.846153846153846367e-02 0.000000000000000000e+00
4.520000000000000000e+05 1.130059089143409246e-01 1.818388711879836139e-01 3.548020027309968238e-01 4.222803823395539502e-01 4.107874374146563284e-02 0.000000000000000000e+00
4.560000000000000000e+05 1.140059612056183447e-01 1.543013199817933612e-01 3.726672735548475224e-01 4.329767865270823801e-01 4.005461993627674328e-02 0.000000000000000000e+00
4.600000000000000000e+05 1.150060134968955428e-01 1.796768320436959443e-01 3.585571233500227661e-01 4.173873463814292140e-01 4.437869822485206867e-02 0.000000000000000000e+00
4.640000000000000000e+05 1.160060657881729629e-01 1.754665452890304955e-01 3.640191169776968438e-01 4.139736003641328876e-01 4.654073736913973830e-02 0.000000000000000000e+00
4.680000000000000000e+05 1.170061180794503830e-01 1.868456986800182129e-01 3.570778334091943562e-01 4.077150659990896875e-01 4.836140191169777114e-02 0.000000000000000000e+00
4.720000000000000000e+05 1.180061703707275811e-01 1.857077833409194467e-01 3.551433773327264398e-01 4.099908966772872199e-01 4.915794264906690747e-02 0.000000000000000000e+00
4.760000000000000000e+05 1.190062226620050012e-01 1.927628584433318248e-01 3.491124260355029651e-01 4.057806099226217711e-01 5.234410559854346667e-02 0.000000000000000000e+00
4.800000000000000000e+05 1.200062749532824213e-01 2.023213472917614886e-01 3.419435593991806965e-01 3.992944924897587344e-01 5.644060081929904577e-02 0.000000000000000000e+00
4.840000000000000000e+05 1.210063272445596194e-01 2.058488848429676776e-01 3.468365953573054328e-01 3.984979517523896120e-01 4.881656804733727761e-02 0.000000000000000000e+00
4.880000000000000000e+05 1.220063795358370395e-01 2.045971779699590487e-01 3.322712790168411701e-01 4.002048247610378029e-01 6.292671825216203385e-02 0.000000000000000000e+00
4.920000000000000000e+05 1.230064318271144597e-01 1.836595357305416398e-01 3.147473827947200875e-01 4.528903049613108855e-01 4.870277651342740100e-02 0.000000000000000000e+00
4.960000000000000000e+05 1.240064841183918798e-01 1.821802457897132577e-01 3.158852981338188259e-01 4.565316340464269373e-01 4.540282203004096517e-02 0.000000000000000000e+00
5.000000000000000000e+05 1.250065364096690779e-01 1.912835685025034149e-01 3.041647701411014926e-01 4.501593081474738467e-01 5.439235320892125969e-02 0.000000000000000000e+00
5.040000000000000000e+05 1.260065887009464980e-01 1.948111060537096040e-01 3.030268548020027541e-01 4.474283113336367523e-01 5.473372781065088954e-02 0.000000000000000000e+00
5.080000000000000000e+05 1.270066409922239181e-01 2.006144742831133254e-01 3.041647701411014926e-01 4.400318616294947582e-01 5.518889394629039602e-02 0.000000000000000000e+00
5.120000000000000000e+05 1.280066932835011162e-01 1.991351843422849432e-01 2.981338188438780179e-01 4.386663632225762388e-01 6.406463359126081392e-02 0.000000000000000000e+00
5.160000000000000000e+05 1.290067455747785363e-01 2.119936276741010428e-01 2.959717796995903760e-01 4.305871643149749572e-01 6.144742831133363781e-02 0.000000000000000000e+00
5.200000000000000000e+05 1.300067978660559564e-01 2.073281747837960876e-01 2.938097405553026786e-01 4.353664087391898030e-01 6.349567592171143082e-02 0.000000000000000000e+00
5.240000000000000000e+05 1.310068501573331545e-01 2.188211197086936677e-01 2.873236231224396975e-01 4.276285844333181374e-01 6.622667273554846967e-02 0.000000000000000000e+00
5.280000000000000000e+05 1.320069024486105747e-01 2.337278106508875741e-01 2.773099681383704995e-01 4.215976331360946627e-01 6.736458807464724974e-02 0.000000000000000000e+00
5.320000000000000000e+05 1.330069547398879948e-01 2.361174328629949970e-01 2.778789258079198965e-01 4.214838416021847722e-01 6.451979972690032039e-02 0.000000000000000000e+00
5.360000000000000000e+05 1.340070070311654149e-01 2.437414656349567721e-01 2.685480200273099860e-01 4.113563950842057393e-01 7.635411925352754425e-02 0.000000000000000000e+00
5.400000000000000000e+05 1.350070593224426130e-01 2.464724624487938109e-01 2.617205279927173334e-01 4.106736458807464518e-01 8.113336367774237612e-02 0.000000000000000000e+00
5.440000000000000000e+05 1.360071116137200331e-01 2.503413746017296160e-01 2.465862539827036737e-01 4.066909421939007840e-01 9.638142922166591242e-02 0.000000000000000000e+00
5.480000000000000000e+05 1.370071639049974532e-01 2.657032316795630567e-01 2.337278106508875741e-01 4.083978152025489194e-01 9.217114246700044977e-02 0.000000000000000000e+00
5.520000000000000000e+05 1.380072161962746513e-01 2.426035502958579781e-01 2.123350022758306865e-01 4.615384615384615641e-01 8.352298588984979899e-02 0.000000000000000000e+00
5.560000000000000000e+05 1.390072684875520714e-01 2.529585798816568198e-01 1.939007737824305910e-01 4.697314519799726806e-01 8.340919435593992237e-02 0.000000000000000000e+00
5.600000000000000000e+05 1.400073207788294916e-01 2.354346836595357373e-01 2.077833409194355940e-01 4.846381429221666148e-01 7.214383249886208160e-02 0.000000000000000000e+00
5.640000000000000000e+05 1.410073730701066896e-01 2.507965407373691225e-01 2.042558033682294050e-01 4.722348657259899940e-01 7.271279016841146470e-02 0.000000000000000000e+00
5.680000000000000000e+05 1.420074253613841098e-01 2.546654528903049552e-01 2.031178880291306388e-01 4.689349112426035582e-01 7.328174783796086167e-02 0.000000000000000000e+00
5.720000000000000000e+05 1.430074776526615299e-01 2.554619936276740777e-01 1.941283568502503443e-01 4.698452435138825711e-01 8.056440600819299303e-02 0.000000000000000000e+00
5.760000000000000000e+05 1.440075299439389500e-01 2.680928538916704795e-01 1.884387801547564856e-01 4.560764679107874309e-01 8.739189804278561791e-02 0.000000000000000000e+00
5.800000000000000000e+05 1.450075822352161481e-01 2.430587164314974846e-01 1.309740555302685572e-01 4.753072371415566488e-01 1.506599908966772816e-01 0.000000000000000000e+00
5.840000000000000000e+05 1.460076345264935682e-01 1.725079654073737034e-01 1.306326809285389134e-01 6.768320436959490705e-01 2.002730996813837164e-02 0.000000000000000000e+00
5.880000000000000000e+05 1.470076868177709883e-01 1.655666818388711881e-01 1.338188438780154865e-01 6.860491579426490905e-01 1.456531634046426965e-02 0.000000000000000000e+00
5.920000000000000000e+05 1.480077391090481864e-01 1.667045971779699542e-01 1.314292216659080637e-01 6.844560764679107345e-01 1.741010468821119553e-02 0.000000000000000000e+00
5.960000000000000000e+05 1.490077914003256065e-01 1.693218024578971304e-01 1.319981793354574329e-01 6.821802457897132577e-01 1.649977241693217911e-02 0.000000000000000000e+00
6.000000000000000000e+05 1.500078436916030267e-01 1.677287209831588577e-01 1.296085571233500100e-01 6.751251706873008240e-01 2.753755120619025970e-02 0.000000000000000000e+00
6.040000000000000000e+05 1.510078959828802248e-01 2.617205279927173507e-03 1.532771961766044577e-01 8.439918070095584479e-01 1.137915339098771066e-04 0.000000000000000000e+00
6.080000000000000000e+05 1.520079482741576449e-01 1.820664542558033706e-03 1.531634046426945950e-01 8.450159308147473514e-01 0.000000000000000000e+00 0.000000000000000000e+00
6.120000000000000000e+05 1.530080005654350650e-01 1.365498406918525280e-03 1.533909877105143482e-01 8.452435138825671324e-01 0.000000000000000000e+00 0.000000000000000000e+00
6.160000000000000000e+05 1.540080528567124851e-01 9.103322712790168532e-04 1.537323623122439642e-01 8.453573054164770229e-01 0.000000000000000000e+00 0.000000000000000000e+00
6.200000000000000000e+05 1.550081051479896832e-01 2.162039144287664864e-03 1.531634046426945950e-01 8.446745562130177909e-01 0.000000000000000000e+00 0.000000000000000000e+00
6.240000000000000000e+05 1.560081574392671033e-01 2.275830678197542133e-04 1.537323623122439642e-01 8.460400546199362548e-01 0.000000000000000000e+00 0.000000000000000000e+00
6.280000000000000000e+05 1.570082097305445235e-01 1.593081474738279385e-03 1.529358215748748417e-01 8.453573054164770229e-01 1.137915339098771066e-04 0.000000000000000000e+00
6.320000000000000000e+05 1.580082620218217215e-01 1.137915339098770958e-03 1.533909877105143482e-01 8.454710969503869133e-01 0.000000000000000000e+00 0.000000000000000000e+00
6.360000000000000000e+05 1.590083143130991417e-01 2.275830678197542133e-04 1.536185707783341015e-01 8.461538461538461453e-01 0.000000000000000000e+00 0.000000000000000000e+00
6.400000000000000000e+05 1.600083666043765618e-01 2.275830678197541916e-03 1.537323623122439642e-01 8.439918070095584479e-01 0.000000000000000000e+00 0.000000000000000000e+00
6.440000000000000000e+05 1.610084188956537599e-01 4.551661356395084266e-04 1.535047792444242110e-01 8.459262630860263643e-01 1.137915339098771066e-04 0.000000000000000000e+00
6.480000000000000000e+05 1.620084711869311800e-01 1.365498406918525280e-03 1.532771961766044577e-01 8.453573054164770229e-01 0.000000000000000000e+00 0.000000000000000000e+00
6.520000000000000000e+05 1.630085234782086001e-01 7.965407373691396923e-04 1.537323623122439642e-01 8.454710969503869133e-01 0.000000000000000000e+00 0.000000000000000000e+00
6.560000000000000000e+05 1.640085757694860202e-01 9.103322712790168532e-04 1.536185707783341015e-01 8.454710969503869133e-01 0.000000000000000000e+00 0.000000000000000000e+00
6.600000000000000000e+05 1.650086280607632183e-01 1.593081474738279385e-03 1.525944469731451980e-01 8.458124715521164738e-01 0.000000000000000000e+00 0.000000000000000000e+00
6.640000000000000000e+05 1.660086803520406384e-01 4.551661356395084266e-04 1.538461538461538547e-01 8.456986800182066943e-01 0.000000000000000000e+00 0.000000000000000000e+00
6.680000000000000000e+05 1.670087326433180586e-01 1.365498406918525280e-03 1.536185707783341015e-01 8.450159308147473514e-01 0.000000000000000000e+00 0.000000000000000000e+00
6.720000000000000000e+05 1.680087849345952566e-01 7.965407373691396923e-04 1.537323623122439642e-01 8.454710969503869133e-01 0.000000000000000000e+00 0.000000000000000000e+00
6.760000000000000000e+05 1.690088372258726768e-01 1.934456076467910759e-03 1.531634046426945950e-01 8.449021392808374609e-01 0.000000000000000000e+00 0.000000000000000000e+00
6.800000000000000000e+05 1.700088895171500969e-01 2.162039144287664864e-03 1.533909877105143482e-01 8.444469731451980099e-01 0.000000000000000000e+00 0.000000000000000000e+00
6.840000000000000000e+05 1.710089418084272950e-01 1.024123805188893906e-03 1.536185707783341015e-01 8.453573054164770229e-01 0.000000000000000000e+00 0.000000000000000000e+00
6.880000000000000000e+05 1.720089940997047151e-01 1.024123805188893906e-03 1.535047792444242110e-01 8.454710969503869133e-01 0.000000000000000000e+00 0.000000000000000000e+00
6.920000000000000000e+05 1.730090463909821352e-01 1.137915339098771066e-04 1.538461538461538547e-01 8.460400546199362548e-01 0.000000000000000000e+00 0.000000000000000000e+00
6.960000000000000000e+05 1.740090986822593333e-01 3.413746017296313199e-04 1.536185707783341015e-01 8.459262630860263643e-01 1.137915339098771066e-04 0.000000000000000000e+00
7.000000000000000000e+05 1.750091509735367534e-01 1.593081474738279385e-03 1.536185707783341015e-01 8.447883477469276814e-01 0.000000000000000000e+00 0.000000000000000000e+00
7.040000000000000000e+05 1.760092032648141736e-01 1.934456076467910759e-03 1.533909877105143482e-01 8.446745562130177909e-01 0.000000000000000000e+00 0.000000000000000000e+00
7.080000000000000000e+05 1.770092555560915937e-01 1.137915339098770958e-03 1.538461538461538547e-01 8.450159308147473514e-01 0.000000000000000000e+00 0.000000000000000000e+00
7.120000000000000000e+05 1.780093078473687918e-01 1.024123805188893906e-03 1.537323623122439642e-01 8.452435138825671324e-01 0.000000000000000000e+00 0.000000000000000000e+00
7.160000000000000000e+05 1.790093601386462119e-01 1.137915339098770958e-03 1.533909877105143482e-01 8.454710969503869133e-01 0.000000000000000000e+00 0.000000000000000000e+00
7.200000000000000000e+05 1.800094124299236320e-01 1.934456076467910759e-03 1.532771961766044577e-01 8.447883477469276814e-01 0.000000000000000000e+00 0.000000000000000000e+00
7.240000000000000000e+05 1.810094647212008301e-01 1.024123805188893906e-03 1.533909877105143482e-01 8.455848884842968038e-01 0.000000000000000000e+00 0.000000000000000000e+00
7.280000000000000000e+05 1.820095170124782502e-01 5.689576695493854790e-04 1.533909877105143482e-01 8.460400546199362548e-01 0.000000000000000000e+00 0.000000000000000000e+00
7.320000000000000000e+05 1.830095693037556703e-01 1.137915339098770958e-03 1.536185707783341015e-01 8.452435138825671324e-01 0.000000000000000000e+00 0.000000000000000000e+00
7.360000000000000000e+05 1.840096215950328684e-01 9.103322712790168532e-04 1.537323623122439642e-01 8.453573054164770229e-01 0.000000000000000000e+00 0.000000000000000000e+00
7.400000000000000000e+05 1.850096738863102885e-01 2.389622212107419402e-03 1.531634046426945950e-01 8.444469731451980099e-01 0.000000000000000000e+00 0.000000000000000000e+00
7.440000000000000000e+05 1.860097261775877087e-01 5.689576695493854790e-04 1.538461538461538547e-01 8.455848884842968038e-01 0.000000000000000000e+00 0.000000000000000000e+00
7.480000000000000000e+05 1.870097784688651288e-01 1.251706873008648227e-03 1.536185707783341015e-01 8.451297223486572419e-01 0.000000000000000000e+00 0.000000000000000000e+00
7.520000000000000000e+05 1.880098307601423269e-01 1.137915339098770958e-03 1.537323623122439642e-01 8.451297223486572419e-01 0.000000000000000000e+00 0.000000000000000000e+00
7.560000000000000000e+05 1.890098830514197470e-01 1.593081474738279385e-03 1.537323623122439642e-01 8.446745562130177909e-01 0.000000000000000000e+00 0.000000000000000000e+00
7.600000000000000000e+05 1.900099353426971671e-01 2.275830678197541916e-03 1.535047792444242110e-01 8.442193900773782289e-01 0.000000000000000000e+00 0.000000000000000000e+00
7.640000000000000000e+05 1.910099876339743652e-01 2.617205279927173507e-03 1.529358215748748417e-01 8.444469731451980099e-01 0.000000000000000000e+00 0.000000000000000000e+00
7.680000000000000000e+05 1.920100399252517853e-01 9.103322712790168532e-04 1.536185707783341015e-01 8.454710969503869133e-01 0.000000000000000000e+00 0.000000000000000000e+00
7.720000000000000000e+05 1.930100922165292054e-01 2.048247610377787811e-03 1.524806554392353075e-01 8.454710969503869133e-01 0.000000000000000000e+00 0.000000000000000000e+00
7.760000000000000000e+05 1.940101445078064035e-01 2.844788347746927612e-03 1.528220300409649512e-01 8.443331816112881194e-01 0.000000000000000000e+00 0.000000000000000000e+00
7.800000000000000000e+05 1.950101967990838236e-01 1.593081474738279385e-03 1.538461538461538547e-01 8.445607646791079004e-01 0.000000000000000000e+00 0.000000000000000000e+00
7.840000000000000000e+05 1.960102490903612438e-01 1.365498406918525280e-03 1.532771961766044577e-01 8.453573054164770229e-01 0.000000000000000000e+00 0.000000000000000000e+00
7.880000000000000000e+05 1.970103013816386639e-01 2.617205279927173507e-03 1.531634046426945950e-01 8.442193900773782289e-01 0.000000000000000000e+00 0.000000000000000000e+00
7.920000000000000000e+05 1.980103536729158620e-01 3.186162949476558769e-03 1.530496131087847045e-01 8.437642239417387779e-01 0.000000000000000000e+00 0.000000000000000000e+00
7.960000000000000000e+05 1.990104059641932821e-01 3.186162949476558769e-03 1.531634046426945950e-01 8.436504324078288874e-01 0.000000000000000000e+00 0.000000000000000000e+00
8.000000000000000000e+05 2.000104582554707022e-01 3.755120619025944465e-03 1.527082385070550885e-01 8.435366408739189970e-01 0.000000000000000000e+00 0.000000000000000000e+00
8.040000000000000000e+05 2.010105105467479003e-01 2.503413746017296455e-03 1.530496131087847045e-01 8.444469731451980099e-01 0.000000000000000000e+00 0.000000000000000000e+00
8.080000000000000000e+05 2.020105628380253204e-01 1.479289940828402332e-03 1.531634046426945950e-01 8.453573054164770229e-01 0.000000000000000000e+00 0.000000000000000000e+00
8.120000000000000000e+05 2.030106151293027406e-01 1.479289940828402332e-03 1.531634046426945950e-01 8.453573054164770229e-01 0.000000000000000000e+00 0.000000000000000000e+00
8.160000000000000000e+05 2.040106674205799386e-01 3.413746017296313308e-03 1.531634046426945950e-01 8.434228493400091065e-01 0.000000000000000000e+00 0.000000000000000000e+00
8.200000000000000000e+05 2.050107197118573588e-01 1.137915339098770958e-03 1.533909877105143482e-01 8.454710969503869133e-01 0.000000000000000000e+00 0.000000000000000000e+00
8.240000000000000000e+05 2.060107720031347789e-01 2.730996813837050560e-03 1.528220300409649512e-01 8.444469731451980099e-01 0.000000000000000000e+00 0.000000000000000000e+00
8.280000000000000000e+05 2.070108242944121990e-01 5.006827492034592909e-03 1.521392808375056915e-01 8.428538916704597650e-01 0.000000000000000000e+00 0.000000000000000000e+00
8.320000000000000000e+05 2.080108765856893971e-01 2.617205279927173507e-03 1.530496131087847045e-01 8.443331816112881194e-01 0.000000000000000000e+00 0.000000000000000000e+00
8.360000000000000000e+05 2.090109288769668172e-01 4.096495220755575623e-03 1.528220300409649512e-01 8.430814747382794350e-01 0.000000000000000000e+00 0.000000000000000000e+00
8.400000000000000000e+05 2.100109811682442373e-01 3.755120619025944465e-03 1.529358215748748417e-01 8.433090578060992160e-01 0.000000000000000000e+00 0.000000000000000000e+00
8.440000000000000000e+05 2.110110334595214354e-01 2.275830678197541916e-03 1.533909877105143482e-01 8.443331816112881194e-01 0.000000000000000000e+00 0.000000000000000000e+00
8.480000000000000000e+05 2.120110857507988555e-01 2.162039144287664864e-03 1.531634046426945950e-01 8.446745562130177909e-01 0.000000000000000000e+00 0.000000000000000000e+00
8.520000000000000000e+05 2.130111380420762757e-01 4.437869822485207214e-03 1.532771961766044577e-01 8.422849340009103125e-01 0.000000000000000000e+00 0.000000000000000000e+00
8.560000000000000000e+05 2.140111903333534737e-01 3.527537551206190360e-03 1.516841147018661851e-01 8.447883477469276814e-01 0.000000000000000000e+00 0.000000000000000000e+00
8.600000000000000000e+05 2.150112426246308939e-01 3.413746017296313308e-03 1.530496131087847045e-01 8.435366408739189970e-01 0.000000000000000000e+00 0.000000000000000000e+00
8.640000000000000000e+05 2.160112949159083140e-01 2.730996813837050560e-03 1.530496131087847045e-01 8.442193900773782289e-01 0.000000000000000000e+00 0.000000000000000000e+00
8.680000000000000000e+05 2.170113472071857341e-01 7.851615839781519654e-03 1.521392808375056915e-01 8.400091033227128356e-01 0.000000000000000000e+00 0.000000000000000000e+00
8.720000000000000000e+05 2.180113994984629322e-01 7.737824305871643035e-03 1.522530723714155543e-01 8.400091033227128356e-01 0.000000000000000000e+00 0.000000000000000000e+00
8.760000000000000000e+05 2.190114517897403523e-01 6.372325898953117539e-03 1.517979062357760478e-01 8.417159763313609711e-01 1.137915339098771066e-04 0.000000000000000000e+00
8.800000000000000000e+05 2.200115040810177724e-01 4.779244424214838804e-03 1.533909877105143482e-01 8.418297678652708615e-01 0.000000000000000000e+00 0.000000000000000000e+00
8.840000000000000000e+05 2.210115563722949705e-01 8.306781975421027864e-03 1.513427401001365413e-01 8.403504779244423961e-01 0.000000000000000000e+00 0.000000000000000000e+00
8.880000000000000000e+05 2.220116086635723907e-01 7.737824305871643035e-03 1.515703231679562946e-01 8.404642694583522866e-01 2.275830678197542133e-04 0.000000000000000000e+00
8.920000000000000000e+05 2.230116609548498108e-01 5.575785161583977738e-03 1.525944469731451980e-01 8.418297678652708615e-01 0.000000000000000000e+00 0.000000000000000000e+00
8.960000000000000000e+05 2.240117132461270089e-01 6.372325898953117539e-03 1.521392808375056915e-01 8.413746017296312996e-01 1.137915339098771066e-04 0.000000000000000000e+00
9.000000000000000000e+05 2.250117655374044290e-01 7.737824305871643035e-03 1.512289485662266786e-01 8.410332271279017391e-01 0.000000000000000000e+00 0.000000000000000000e+00
9.040000000000000000e+05 2.260118178286818491e-01 9.217114246700046018e-03 1.513427401001365413e-01 8.394401456531633832e-01 0.000000000000000000e+00 0.000000000000000000e+00
9.080000000000000000e+05 2.270118701199592692e-01 8.989531178880291046e-03 1.524806554392353075e-01 8.385298133818843702e-01 0.000000000000000000e+00 0.000000000000000000e+00
