# itime ezz other fcc hcp bcc ico
0.000000000000000000e+00 0.000000000000000000e+00 1.365498406918525280e-03 9.986345015930814251e-01 0.000000000000000000e+00 0.000000000000000000e+00 0.000000000000000000e+00
3.000000000000000000e+00 1.200021371391635228e-03 9.103322712790168532e-04 9.990896677287209870e-01 0.000000000000000000e+00 0.000000000000000000e+00 0.000000000000000000e+00
6.000000000000000000e+00 2.400042742783270455e-03 5.689576695493854790e-04 9.994310423304506585e-01 0.000000000000000000e+00 0.000000000000000000e+00 0.000000000000000000e+00
9.000000000000000000e+00 3.600064114174905683e-03 6.827492034592626399e-04 9.993172507965407680e-01 0.000000000000000000e+00 0.000000000000000000e+00 0.000000000000000000e+00
1.200000000000000000e+01 4.800085485566540910e-03 7.965407373691396923e-04 9.992034592626308775e-01 0.000000000000000000e+00 0.000000000000000000e+00 0.000000000000000000e+00
1.500000000000000000e+01 6.000106856958176138e-03 4.551661356395084266e-04 9.995448338643604380e-01 0.000000000000000000e+00 0.000000000000000000e+00 0.000000000000000000e+00
1.800000000000000000e+01 7.200128228349811366e-03 5.689576695493854790e-04 9.994310423304506585e-01 0.000000000000000000e+00 0.000000000000000000e+00 0.000000000000000000e+00
2.100000000000000000e+01 8.400149599741446593e-03 1.024123805188893906e-03 9.989758761948110966e-01 0.000000000000000000e+00 0.000000000000000000e+00 0.000000000000000000e+00
2.400000000000000000e+01 9.600170971133081821e-03 1.593081474738279385e-03 9.984069185252617551e-01 0.000000000000000000e+00 0.000000000000000000e+00 0.000000000000000000e+00
2.700000000000000000e+01 1.080019234252471705e-02 1.365498406918525280e-03 9.986345015930814251e-01 0.000000000000000000e+00 0.000000000000000000e+00 0.000000000000000000e+00
3.000000000000000000e+01 1.200021371391613023e-02 1.365498406918525280e-03 9.986345015930814251e-01 0.000000000000000000e+00 0.000000000000000000e+00 0.000000000000000000e+00
3.300000000000000000e+01 1.320023508530776546e-02 1.251706873008648227e-03 9.987482931269913156e-01 0.000000000000000000e+00 0.000000000000000000e+00 0.000000000000000000e+00
3.600000000000000000e+01 1.440025645669940069e-02 9.103322712790168532e-04 9.990896677287209870e-01 0.000000000000000000e+00 0.000000000000000000e+00 0.000000000000000000e+00
3.900000000000000000e+01 1.560027782809103591e-02 1.479289940828402332e-03 9.985207100591716456e-01 0.000000000000000000e+00 0.000000000000000000e+00 0.000000000000000000e+00
4.200000000000000000e+01 1.680029919948267114e-02 2.503413746017296455e-03 9.974965862539827421e-01 0.000000000000000000e+00 0.000000000000000000e+00 0.000000000000000000e+00
4.500000000000000000e+01 1.800032057087430637e-02 2.844788347746927612e-03 9.971552116522530707e-01 0.000000000000000000e+00 0.000000000000000000e+00 0.000000000000000000e+00
4.800000000000000000e+01 1.920034194226594160e-02 2.617205279927173507e-03 9.973827947200728516e-01 0.000000000000000000e+00 0.000000000000000000e+00 0.000000000000000000e+00
5.100000000000000000e+01 2.040036331365757682e-02 3.413746017296313308e-03 9.965862539827037292e-01 0.000000000000000000e+00 0.000000000000000000e+00 0.000000000000000000e+00
5.400000000000000000e+01 2.160038468504921205e-02 2.844788347746927612e-03 9.971552116522530707e-01 0.000000000000000000e+00 0.000000000000000000e+00 0.000000000000000000e+00
5.700000000000000000e+01 2.280040605644084728e-02 2.958579881656804664e-03 9.970414201183431802e-01 0.000000000000000000e+00 0.000000000000000000e+00 0.000000000000000000e+00
6.000000000000000000e+01 2.400042742783248251e-02 2.617205279927173507e-03 9.973827947200728516e-01 0.000000000000000000e+00 0.000000000000000000e+00 0.000000000000000000e+00
6.300000000000000000e+01 2.520044879922411774e-02 2.617205279927173507e-03 9.973827947200728516e-01 0.000000000000000000e+00 0.000000000000000000e+00 0.000000000000000000e+00
6.600000000000000000e+01 2.640047017061575296e-02 3.527537551206190360e-03 9.964724624487938387e-01 0.000000000000000000e+00 0.000000000000000000e+00 0.000000000000000000e+00
6.900000000000000000e+01 2.760049154200738819e-02 4.210286754665453109e-03 9.957897132453344957e-01 0.000000000000000000e+00 0.000000000000000000e+00 0.000000000000000000e+00
7.200000000000000000e+01 2.880051291339902342e-02 3.641329085116067413e-03 9.963586709148839482e-01 0.000000000000000000e+00 0.000000000000000000e+00 0.000000000000000000e+00
7.500000000000000000e+01 3.000053428479065865e-02 3.413746017296313308e-03 9.965862539827037292e-01 0.000000000000000000e+00 0.000000000000000000e+00 0.000000000000000000e+00
7.800000000000000000e+01 3.120055565618229387e-02 3.527537551206190360e-03 9.964724624487938387e-01 0.000000000000000000e+00 0.000000000000000000e+00 0.000000000000000000e+00
8.100000000000000000e+01 3.240057702757392910e-02 4.210286754665453109e-03 9.956759217114247162e-01 0.000000000000000000e+00 1.137915339098771066e-04 0.000000000000000000e+00
8.400000000000000000e+01 3.360059839896534228e-02 4.096495220755575623e-03 9.959035047792443862e-01 0.000000000000000000e+00 0.000000000000000000e+00 0.000000000000000000e+00
8.700000000000000000e+01 3.480061977035697751e-02 3.527537551206190360e-03 9.964724624487938387e-01 0.000000000000000000e+00 0.000000000000000000e+00 0.000000000000000000e+00
9.000000000000000000e+01 3.600064114174861274e-02 2.617205279927173507e-03 9.972690031861629611e-01 0.000000000000000000e+00 1.137915339098771066e-04 0.000000000000000000e+00
9.300000000000000000e+01 3.720066251314024797e-02 2.844788347746927612e-03 9.968138370505233992e-01 0.000000000000000000e+00 3.413746017296313199e-04 0.000000000000000000e+00
9.600000000000000000e+01 3.840068388453188319e-02 3.527537551206190360e-03 9.962448793809740577e-01 0.000000000000000000e+00 2.275830678197542133e-04 0.000000000000000000e+00
9.900000000000000000e+01 3.960070525592351842e-02 2.958579881656804664e-03 9.970414201183431802e-01 0.000000000000000000e+00 0.000000000000000000e+00 0.000000000000000000e+00
1.020000000000000000e+02 4.080072662731515365e-02 3.755120619025944465e-03 9.962448793809740577e-01 0.000000000000000000e+00 0.000000000000000000e+00 0.000000000000000000e+00
1.050000000000000000e+02 4.200074799870678888e-02 2.958579881656804664e-03 9.970414201183431802e-01 0.000000000000000000e+00 0.000000000000000000e+00 0.000000000000000000e+00
1.080000000000000000e+02 4.320076937009842410e-02 4.665452890304961318e-03 9.953345471096950448e-01 0.000000000000000000e+00 0.000000000000000000e+00 0.000000000000000000e+00
1.110000000000000000e+02 4.440079074149005933e-02 6.144742831133363434e-03 9.938552571688666903e-01 0.000000000000000000e+00 0.000000000000000000e+00 0.000000000000000000e+00
1.140000000000000000e+02 4.560081211288169456e-02 8.534365043240782836e-03 9.912380518889394310e-01 0.000000000000000000e+00 2.275830678197542133e-04 0.000000000000000000e+00
1.170000000000000000e+02 4.680083348427332979e-02 8.875739644970414427e-03 9.908966772872098705e-01 0.000000000000000000e+00 2.275830678197542133e-04 0.000000000000000000e+00
1.200000000000000000e+02 4.800085485566496502e-02 8.420573509330906217e-03 9.912380518889394310e-01 0.000000000000000000e+00 3.413746017296313199e-04 0.000000000000000000e+00
1.230000000000000000e+02 4.920087622705660024e-02 8.761948111060537808e-03 9.912380518889394310e-01 0.000000000000000000e+00 0.000000000000000000e+00 0.000000000000000000e+00
1.260000000000000000e+02 5.040089759844823547e-02 8.306781975421027864e-03 9.915794264906691025e-01 0.000000000000000000e+00 1.137915339098771066e-04 0.000000000000000000e+00
1.290000000000000000e+02 5.160091896983987070e-02 9.103322712790167665e-03 9.907828857532999800e-01 0.000000000000000000e+00 1.137915339098771066e-04 0.000000000000000000e+00
1.320000000000000000e+02 5.280094034123150593e-02 9.899863450159307465e-03 9.896449704142011861e-01 0.000000000000000000e+00 4.551661356395084266e-04 0.000000000000000000e+00
1.350000000000000000e+02 5.400096171262314115e-02 9.330905780609922637e-03 9.903277196176604180e-01 0.000000000000000000e+00 3.413746017296313199e-04 0.000000000000000000e+00
1.380000000000000000e+02 5.520098308401455434e-02 1.251706873008648184e-02 9.872553482020938187e-01 0.000000000000000000e+00 2.275830678197542133e-04 0.000000000000000000e+00
1.410000000000000000e+02 5.640100445540618956e-02 1.445152480655439303e-02 9.847519344560764498e-01 0.000000000000000000e+00 7.965407373691396923e-04 0.000000000000000000e+00
1.440000000000000000e+02 5.760102582679782479e-02 1.752389622212107562e-02 9.817933545744196300e-01 0.000000000000000000e+00 6.827492034592626399e-04 0.000000000000000000e+00
1.470000000000000000e+02 5.880104719818946002e-02 1.877560309512972189e-02 9.803140646335912756e-01 0.000000000000000000e+00 9.103322712790168532e-04 0.000000000000000000e+00
1.500000000000000000e+02 6.000106856958109525e-02 1.854802002730996865e-02 9.806554392353209471e-01 0.000000000000000000e+00 7.965407373691396923e-04 0.000000000000000000e+00
1.530000000000000000e+02 6.120108994097273047e-02 2.173418297678652786e-02 9.772416932180245652e-01 0.000000000000000000e+00 1.024123805188893906e-03 0.000000000000000000e+00
1.560000000000000000e+02 6.240111131236436570e-02 2.366863905325443732e-02 9.754210286754665393e-01 0.000000000000000000e+00 9.103322712790168532e-04 0.000000000000000000e+00
1.590000000000000000e+02 6.360113268375600093e-02 2.605826126536185672e-02 9.729176149294492815e-01 0.000000000000000000e+00 1.024123805188893906e-03 0.000000000000000000e+00
1.620000000000000000e+02 6.480115405514763616e-02 2.662721893491124328e-02 9.728038233955393910e-01 0.000000000000000000e+00 5.689576695493854790e-04 0.000000000000000000e+00
1.650000000000000000e+02 6.600117542653927138e-02 2.309968138370505075e-02 9.762175694128356618e-01 0.000000000000000000e+00 6.827492034592626399e-04 0.000000000000000000e+00
1.680000000000000000e+02 6.720119679793090661e-02 2.230314064633591095e-02 9.770141101502047842e-01 0.000000000000000000e+00 6.827492034592626399e-04 0.000000000000000000e+00
1.710000000000000000e+02 6.840121816932254184e-02 2.344105598543468408e-02 9.758761948111061013e-01 0.000000000000000000e+00 6.827492034592626399e-04 0.000000000000000000e+00
1.740000000000000000e+02 6.960123954071417707e-02 2.651342740100136666e-02 9.725762403277196100e-01 0.000000000000000000e+00 9.103322712790168532e-04 0.000000000000000000e+00
1.770000000000000000e+02 7.080126091210581230e-02 2.753755120619025970e-02 9.710969503868912556e-01 0.000000000000000000e+00 1.365498406918525280e-03 0.000000000000000000e+00
1.800000000000000000e+02 7.200128228349744752e-02 2.799271734182976618e-02 9.707555757851615841e-01 0.000000000000000000e+00 1.251706873008648227e-03 0.000000000000000000e+00
1.830000000000000000e+02 7.320130365488908275e-02 3.584433318161128756e-02 9.629039599453800280e-01 0.000000000000000000e+00 1.251706873008648227e-03 0.000000000000000000e+00
1.860000000000000000e+02 7.440132502628071798e-02 3.607191624943104080e-02 9.626763768775603580e-01 0.000000000000000000e+00 1.251706873008648227e-03 0.000000000000000000e+00
1.890000000000000000e+02 7.560134639767235321e-02 4.050978607191624975e-02 9.581247155211651823e-01 0.000000000000000000e+00 1.365498406918525280e-03 0.000000000000000000e+00
1.920000000000000000e+02 7.680136776906376639e-02 4.472007282658170546e-02 9.532316795630405570e-01 0.000000000000000000e+00 2.048247610377787811e-03 0.000000000000000000e+00
1.950000000000000000e+02 7.800138914045540162e-02 4.813381884387801790e-02 9.494765589440146147e-01 0.000000000000000000e+00 2.389622212107419402e-03 0.000000000000000000e+00
1.980000000000000000e+02 7.920141051184703684e-02 4.949931725079653733e-02 9.477696859353663683e-01 0.000000000000000000e+00 2.730996813837050560e-03 0.000000000000000000e+00
2.010000000000000000e+02 8.040143188323867207e-02 5.393718707328174627e-02 9.434456076467910846e-01 0.000000000000000000e+00 2.617205279927173507e-03 0.000000000000000000e+00
2.040000000000000000e+02 8.160145325463030730e-02 5.746472462448793533e-02 9.406008192990441552e-01 0.000000000000000000e+00 1.934456076467910759e-03 0.000000000000000000e+00
2.070000000000000000e+02 8.280147462602194253e-02 6.133363677742376119e-02 9.358215748748293095e-01 0.000000000000000000e+00 2.844788347746927612e-03 0.000000000000000000e+00
2.100000000000000000e+02 8.400149599741357775e-02 6.747837960855712636e-02 9.286527082385070964e-01 0.000000000000000000e+00 3.868912152935821518e-03 0.000000000000000000e+00
2.130000000000000000e+02 8.520151736880521298e-02 7.419208010923987462e-02 9.213700500682748817e-01 0.000000000000000000e+00 4.437869822485207214e-03 0.000000000000000000e+00
2.160000000000000000e+02 8.640153874019684821e-02 7.669549385525717411e-02 9.186390532544378429e-01 0.000000000000000000e+00 4.665452890304961318e-03 0.000000000000000000e+00
2.190000000000000000e+02 8.760156011158848344e-02 8.443331816112881194e-02 9.112426035502958488e-01 0.000000000000000000e+00 4.324078288575329727e-03 0.000000000000000000e+00
2.220000000000000000e+02 8.880158148298011866e-02 9.194355939918069653e-02 9.029358215748748417e-01 0.000000000000000000e+00 5.120619025944469528e-03 0.000000000000000000e+00
2.250000000000000000e+02 9.000160285437175389e-02 9.626763768775603580e-02 8.989531178880291185e-01 0.000000000000000000e+00 4.779244424214838804e-03 0.000000000000000000e+00
2.280000000000000000e+02 9.120162422576338912e-02 1.018434228493400040e-01 8.931497496586253693e-01 0.000000000000000000e+00 5.006827492034592909e-03 0.000000000000000000e+00
2.310000000000000000e+02 9.240164559715502435e-02 1.075329995448338627e-01 8.860946745562130467e-01 0.000000000000000000e+00 6.372325898953117539e-03 0.000000000000000000e+00
2.340000000000000000e+02 9.360166696854665958e-02 1.174328629949931702e-01 8.756258534365043422e-01 0.000000000000000000e+00 6.941283568502503235e-03 0.000000000000000000e+00
2.370000000000000000e+02 9.480168833993829480e-02 1.228948566226672756e-01 8.699362767410104835e-01 0.000000000000000000e+00 7.168866636322257339e-03 0.000000000000000000e+00
2.400000000000000000e+02 9.600170971132993003e-02 1.256258534365043145e-01 8.660673645880746507e-01 0.000000000000000000e+00 8.306781975421027864e-03 0.000000000000000000e+00
2.430000000000000000e+02 9.720173108272156526e-02 1.366636322257624159e-01 8.554847519344560558e-01 0.000000000000000000e+00 7.851615839781519654e-03 0.000000000000000000e+00
2.460000000000000000e+02 9.840175245411297844e-02 1.418980427856167403e-01 8.493400091033227461e-01 0.000000000000000000e+00 8.761948111060537808e-03 0.000000000000000000e+00
2.490000000000000000e+02 9.960177382550461367e-02 1.530496131087847045e-01 8.380746472462449193e-01 0.000000000000000000e+00 8.875739644970414427e-03 0.000000000000000000e+00
2.520000000000000000e+02 1.008017951968962489e-01 1.682976786527082269e-01 8.224852071005916976e-01 0.000000000000000000e+00 9.217114246700046018e-03 0.000000000000000000e+00
2.550000000000000000e+02 1.020018165682878841e-01 1.779699590350477811e-01 8.126991351843423361e-01 0.000000000000000000e+00 9.330905780609922637e-03 0.000000000000000000e+00
2.580000000000000000e+02 1.032018379396795194e-01 1.866181156121984597e-01 8.024578971324533017e-01 0.000000000000000000e+00 1.092398725534820224e-02 0.000000000000000000e+00
2.610000000000000000e+02 1.044018593110711546e-01 2.000455166135639562e-01 7.890304961310878884e-01 0.000000000000000000e+00 1.092398725534820224e-02 0.000000000000000000e+00
2.640000000000000000e+02 1.056018806824627898e-01 2.019799726900318726e-01 7.868684569868001910e-01 0.000000000000000000e+00 1.115157032316795548e-02 0.000000000000000000e+00
2.670000000000000000e+02 1.068019020538544250e-01 2.107419208010923861e-01 7.778789258079198410e-01 0.000000000000000000e+00 1.137915339098771045e-02 0.000000000000000000e+00
2.700000000000000000e+02 1.080019234252460603e-01 2.203004096495220776e-01 7.676376877560309175e-01 1.137915339098771066e-04 1.194811106053709528e-02 0.000000000000000000e+00
2.730000000000000000e+02 1.092019447966376955e-01 2.330450614474283144e-01 7.537551206190259423e-01 2.275830678197542133e-04 1.297223486572599005e-02 0.000000000000000000e+00
2.760000000000000000e+02 1.104019661680293307e-01 2.511379153390987939e-01 7.339553937187073274e-01 2.275830678197542133e-04 1.467910787437414627e-02 0.000000000000000000e+00
2.790000000000000000e+02 1.116019875394209659e-01 2.687756030951297115e-01 7.142694583522986029e-01 1.137915339098771066e-04 1.684114701866181243e-02 0.000000000000000000e+00
2.820000000000000000e+02 1.128020089108126012e-01 2.833409194355939742e-01 6.992489758761948337e-01 0.000000000000000000e+00 1.741010468821119553e-02 0.000000000000000000e+00
2.850000000000000000e+02 1.140020302822042364e-01 2.903959945380063523e-01 6.898042785616750328e-01 0.000000000000000000e+00 1.979972690031861493e-02 0.000000000000000000e+00
2.880000000000000000e+02 1.152020516535958716e-01 3.038233955393718766e-01 6.739872553482021411e-01 0.000000000000000000e+00 2.218934911242603433e-02 0.000000000000000000e+00
2.910000000000000000e+02 1.164020730249875069e-01 3.113336367774237612e-01 6.646563495675921196e-01 0.000000000000000000e+00 2.401001365498407064e-02 0.000000000000000000e+00
2.940000000000000000e+02 1.176020943963791421e-01 3.307919890760127601e-01 6.423532089212562468e-01 0.000000000000000000e+00 2.685480200273099652e-02 0.000000000000000000e+00
2.970000000000000000e+02 1.188021157677707773e-01 3.470641784251251583e-01 6.247155211652253293e-01 0.000000000000000000e+00 2.822030040964952288e-02 0.000000000000000000e+00
3.000000000000000000e+02 1.200021371391621905e-01 3.603777878925807920e-01 6.082157487482930946e-01 1.137915339098771066e-04 3.129267182521620200e-02 0.000000000000000000e+00
3.030000000000000000e+02 1.212021585105538257e-01 3.742603550295858228e-01 5.920573509330905315e-01 1.137915339098771066e-04 3.356850250341374825e-02 0.000000000000000000e+00
3.060000000000000000e+02 1.224021798819454609e-01 3.854119253527537592e-01 5.796540737369140217e-01 1.137915339098771066e-04 3.482020937642239106e-02 0.000000000000000000e+00
3.090000000000000000e+02 1.236022012533370962e-01 3.979289940828402150e-01 5.629267182521620061e-01 0.000000000000000000e+00 3.914428766499772339e-02 0.000000000000000000e+00
3.120000000000000000e+02 1.248022226247287314e-01 4.168183887118798170e-01 5.380063723258989850e-01 3.413746017296313199e-04 4.483386436049158208e-02 0.000000000000000000e+00
3.150000000000000000e+02 1.260022439961203666e-01 4.344560764679107900e-01 5.175238962221210270e-01 3.413746017296313199e-04 4.767865270823850449e-02 0.000000000000000000e+00
3.180000000000000000e+02 1.272022653675120019e-01 4.516385980883022566e-01 4.992034592626308775e-01 1.137915339098771066e-04 4.904415111515703085e-02 0.000000000000000000e+00
3.210000000000000000e+02 1.284022867389036371e-01 4.606281292671824956e-01 4.868001820664542567e-01 3.413746017296313199e-04 5.223031406463359005e-02 0.000000000000000000e+00
3.240000000000000000e+02 1.296023081102952723e-01 4.725762403277196100e-01 4.709831588529813651e-01 7.965407373691396923e-04 5.564406008192990249e-02 0.000000000000000000e+00
3.270000000000000000e+02 1.308023294816869075e-01 4.891898042785616796e-01 4.514110150204824756e-01 6.827492034592626399e-04 5.871643149749658508e-02 0.000000000000000000e+00
3.300000000000000000e+02 1.320023508530785428e-01 5.063723258989530907e-01 4.291078743741465473e-01 9.103322712790168532e-04 6.360946745562130744e-02 0.000000000000000000e+00
3.330000000000000000e+02 1.332023722244701780e-01 5.167273554847519046e-01 4.111288120163859583e-01 1.593081474738279385e-03 7.055075102412380894e-02 0.000000000000000000e+00
3.360000000000000000e+02 1.344023935958618132e-01 5.304961310878471004e-01 3.939462903959945472e-01 1.479289940828402332e-03 7.407828857532999800e-02 0.000000000000000000e+00
3.390000000000000000e+02 1.356024149672534485e-01 5.477924442421483464e-01 3.746017296313154388e-01 1.479289940828402332e-03 7.612653618570777714e-02 0.000000000000000000e+00
3.420000000000000000e+02 1.368024363386450837e-01 5.698680018206645492e-01 3.492262175694128556e-01 1.365498406918525280e-03 7.954028220300408958e-02 0.000000000000000000e+00
3.450000000000000000e+02 1.380024577100367189e-01 5.906918525261720676e-01 3.263541192535275304e-01 1.137915339098770958e-03 8.181611288120163583e-02 0.000000000000000000e+00
3.480000000000000000e+02 1.392024790814283541e-01 6.000227583067819781e-01 3.114474283113336517e-01 1.365498406918525280e-03 8.716431497496586467e-02 0.000000000000000000e+00
3.510000000000000000e+02 1.404025004528199894e-01 6.129949931725079404e-01 2.923304506144742687e-01 1.479289940828402332e-03 9.319526627218935322e-02 0.000000000000000000e+00
3.540000000000000000e+02 1.416025218242114025e-01 6.267637687756031362e-01 2.770823850705507740e-01 1.251706873008648227e-03 9.490213928083750250e-02 0.000000000000000000e+00
3.570000000000000000e+02 1.428025431956030378e-01 6.317705962676376519e-01 2.597860719162494170e-01 1.934456076467910759e-03 1.065088757396449731e-01 0.000000000000000000e+00
3.600000000000000000e+02 1.440025645669946730e-01 6.434911242603550408e-01 2.454483386436049075e-01 2.275830678197541916e-03 1.087847064178425194e-01 0.000000000000000000e+00
3.630000000000000000e+02 1.452025859383863082e-01 6.515703231679562668e-01 2.329312699135184239e-01 2.389622212107419402e-03 1.131087847064178448e-01 0.000000000000000000e+00
3.660000000000000000e+02 1.464026073097779435e-01 6.642011834319526686e-01 2.159763313609467383e-01 3.527537551206190360e-03 1.162949476558944040e-01 0.000000000000000000e+00
3.690000000000000000e+02 1.476026286811695787e-01 6.761492944924897275e-01 2.025489303595812418e-01 3.186162949476558769e-03 1.181156121984524299e-01 0.000000000000000000e+00
3.720000000000000000e+02 1.488026500525612139e-01 6.776285844333181929e-01 1.940145653163404538e-01 3.527537551206190360e-03 1.248293126991351781e-01 0.000000000000000000e+00
3.750000000000000000e+02 1.500026714239528491e-01 6.833181611288120516e-01 1.817250796540737234e-01 4.665452890304961318e-03 1.302913063268092975e-01 0.000000000000000000e+00
3.780000000000000000e+02 1.512026927953444844e-01 6.919663177059627301e-01 1.696631770596267741e-01 5.461993627674101119e-03 1.329085116067364458e-01 0.000000000000000000e+00
3.810000000000000000e+02 1.524027141667361196e-01 6.964041875284479044e-01 1.596495220755575761e-01 5.575785161583977738e-03 1.383705052344105513e-01 0.000000000000000000e+00
3.840000000000000000e+02 1.536027355381277548e-01 6.953800637232590010e-01 1.525944469731451980e-01 6.713700500682749130e-03 1.453117888029130667e-01 0.000000000000000000e+00
3.870000000000000000e+02 1.548027569095193900e-01 6.991351843422849432e-01 1.480427856167501055e-01 7.396449704142011444e-03 1.454255803368229294e-01 0.000000000000000000e+00
3.900000000000000000e+02 1.560027782809110253e-01 7.080109239872554028e-01 1.354119253527537592e-01 8.420573509330906217e-03 1.481565771506599960e-01 0.000000000000000000e+00
3.930000000000000000e+02 1.572027996523026605e-01 7.165452890304960798e-01 1.257396449704142050e-01 9.444697314519799256e-03 1.482703686845698587e-01 0.000000000000000000e+00
3.960000000000000000e+02 1.584028210236942957e-01 7.224624487938097195e-01 1.193673190714610866e-01 9.444697314519799256e-03 1.487255348202093652e-01 0.000000000000000000e+00
3.990000000000000000e+02 1.596028423950859310e-01 7.270141101502047842e-01 1.095812471552116557e-01 9.672280382339554228e-03 1.537323623122439642e-01 0.000000000000000000e+00
4.020000000000000000e+02 1.608028637664775662e-01 7.317933545744196300e-01 1.027537551206190308e-01 1.001365498406918582e-02 1.554392353208921274e-01 0.000000000000000000e+00
4.050000000000000000e+02 1.620028851378692014e-01 7.328174783796085334e-01 9.547109695038688559e-02 1.092398725534820224e-02 1.607874374146563423e-01 0.000000000000000000e+00
4.080000000000000000e+02 1.632029065092606146e-01 7.440828402366863603e-01 8.568502503413745475e-02 1.081019572143832562e-02 1.594219390077378229e-01 0.000000000000000000e+00
4.110000000000000000e+02 1.644029278806522498e-01 7.492034592626308775e-01 8.067819754210286964e-02 1.183431952662721866e-02 1.582840236686390567e-01 0.000000000000000000e+00
4.140000000000000000e+02 1.656029492520438851e-01 7.500000000000000000e-01 7.567137005006827066e-02 1.319981793354574502e-02 1.611288120163859861e-01 0.000000000000000000e+00
4.170000000000000000e+02 1.668029706234355203e-01 7.610377787892580459e-01 6.884387801547564578e-02 1.490669094219390124e-02 1.552116522530723741e-01 0.000000000000000000e+00
4.200000000000000000e+02 1.680029919948271555e-01 7.647928994082839882e-01 6.338188438780155420e-02 1.661356395084205573e-02 1.552116522530723741e-01 0.000000000000000000e+00
4.230000000000000000e+02 1.692030133662187907e-01 7.729858898497952158e-01 5.837505689576695522e-02 1.615839781520254925e-02 1.524806554392353075e-01 0.000000000000000000e+00
4.260000000000000000e+02 1.704030347376104260e-01 7.746927628584433512e-01 5.473372781065088954e-02 1.661356395084205573e-02 1.539599453800637174e-01 0.000000000000000000e+00
4.290000000000000000e+02 1.716030561090020612e-01 7.781065088757396220e-01 5.200273099681383682e-02 1.638598088302230249e-02 1.535047792444242110e-01 0.000000000000000000e+00
4.320000000000000000e+02 1.728030774803936964e-01 7.803823395539372099e-01 5.063723258989531045e-02 1.752389622212107562e-02 1.514565316340464318e-01 0.000000000000000000e+00
4.350000000000000000e+02 1.740030988517853316e-01 7.833409194355940297e-01 5.063723258989531045e-02 1.832043695949021542e-02 1.477014110150204895e-01 0.000000000000000000e+00
4.380000000000000000e+02 1.752031202231769669e-01 7.899408284023669014e-01 4.688211197086936816e-02 1.866181156121984527e-02 1.445152480655439164e-01 0.000000000000000000e+00
4.410000000000000000e+02 1.764031415945686021e-01 7.933545744196631722e-01 4.790623577605826466e-02 1.854802002730996865e-02 1.401911697769686049e-01 0.000000000000000000e+00
4.440000000000000000e+02 1.776031629659602373e-01 7.992717341829768118e-01 4.608557123350022489e-02 1.900318616294947513e-02 1.356395084205735124e-01 0.000000000000000000e+00
4.470000000000000000e+02 1.788031843373518726e-01 8.057578516158397930e-01 4.585798816568047165e-02 1.991351843422849502e-02 1.284706417842512438e-01 0.000000000000000000e+00
4.500000000000000000e+02 1.800032057087435078e-01 8.043923532089212181e-01 4.551661356395084179e-02 2.048247610377787811e-02 1.296085571233500100e-01 0.000000000000000000e+00
4.530000000000000000e+02 1.812032270801351430e-01 8.066681838871188059e-01 4.358215748748293233e-02 2.093764223941738806e-02 1.288120163859808875e-01 0.000000000000000000e+00
4.560000000000000000e+02 1.824032484515267782e-01 8.072371415566681474e-01 4.358215748748293233e-02 2.230314064633591095e-02 1.268775603095129711e-01 0.000000000000000000e+00
4.590000000000000000e+02 1.836032698229184135e-01 8.195266272189348777e-01 4.085116067364587961e-02 2.218934911242603433e-02 1.174328629949931702e-01 0.000000000000000000e+00
4.620000000000000000e+02 1.848032911943098267e-01 8.146335912608101415e-01 4.267182521620391245e-02 2.298588984979517413e-02 1.197086936731907164e-01 0.000000000000000000e+00
4.650000000000000000e+02 1.860033125657014619e-01 8.174783796085570708e-01 4.050978607191624975e-02 2.241693218024579104e-02 1.195949021392808398e-01 0.000000000000000000e+00
4.680000000000000000e+02 1.872033339370930971e-01 8.181611288120164138e-01 3.743741465634956717e-02 2.264451524806554428e-02 1.217569412835685094e-01 0.000000000000000000e+00
4.710000000000000000e+02 1.884033553084847323e-01 8.248748293126991760e-01 3.618570778334091742e-02 2.275830678197542090e-02 1.161811561219845274e-01 0.000000000000000000e+00
4.740000000000000000e+02 1.896033766798763676e-01 8.263541192535275304e-01 3.629949931725079404e-02 2.241693218024579104e-02 1.149294492489758707e-01 0.000000000000000000e+00
4.770000000000000000e+02 1.908033980512680028e-01 8.285161583978152278e-01 3.265817023213472836e-02 2.332726445152480746e-02 1.154984069185252676e-01 0.000000000000000000e+00
4.800000000000000000e+02 1.920034194226596380e-01 8.340919435593991960e-01 3.152025489303595523e-02 2.241693218024579104e-02 1.119708693673190647e-01 0.000000000000000000e+00
4.830000000000000000e+02 1.932034407940512732e-01 8.400091033227128356e-01 3.004096495220755572e-02 2.309968138370505075e-02 1.068502503413746030e-01 0.000000000000000000e+00
4.860000000000000000e+02 1.944034621654429085e-01 8.446745562130177909e-01 3.049613108784706567e-02 2.423759672280382388e-02 1.005917159763313612e-01 0.000000000000000000e+00
4.890000000000000000e+02 1.956034835368345437e-01 8.434228493400091065e-01 3.015475648611743234e-02 2.548930359581247015e-02 1.009330905780609910e-01 0.000000000000000000e+00
4.920000000000000000e+02 1.968035049082261789e-01 8.462676376877560358e-01 2.844788347746927612e-02 2.594446973145198010e-02 9.934000910332271839e-02 0.000000000000000000e+00
4.950000000000000000e+02 1.980035262796178142e-01 8.517296313154301135e-01 2.856167501137915274e-02 2.423759672280382388e-02 9.547109695038688559e-02 0.000000000000000000e+00
4.980000000000000000e+02 1.992035476510094494e-01 8.542330450614474824e-01 2.742375967228038308e-02 2.446517979062357712e-02 9.387801547564861293e-02 0.000000000000000000e+00
5.010000000000000000e+02 2.004035690224010846e-01 8.558261265361857273e-01 2.708238507055074976e-02 2.366863905325443732e-02 9.342284934000910646e-02 0.000000000000000000e+00
5.040000000000000000e+02 2.016035903937927198e-01 8.611743286299499145e-01 2.708238507055074976e-02 2.446517979062357712e-02 8.727810650887574129e-02 0.000000000000000000e+00
5.070000000000000000e+02 2.028036117651843551e-01 8.633363677742376119e-01 2.730996813837050646e-02 2.662721893491124328e-02 8.272644515248064878e-02 0.000000000000000000e+00
5.100000000000000000e+02 2.040036331365759903e-01 8.651570323167956378e-01 2.708238507055074976e-02 2.583067819754210348e-02 8.192990441511151245e-02 0.000000000000000000e+00
5.130000000000000000e+02 2.052036545079676255e-01 8.682294037323623481e-01 2.662721893491124328e-02 2.560309512972235024e-02 7.954028220300408958e-02 0.000000000000000000e+00
5.160000000000000000e+02 2.064036758793590387e-01 8.689121529358215801e-01 2.696859353664087314e-02 2.742375967228038308e-02 7.669549385525717411e-02 0.000000000000000000e+00
5.190000000000000000e+02 2.076036972507506739e-01 8.718707328174783999e-01 2.594446973145198010e-02 2.787892580791988956e-02 7.430587164314975124e-02 0.000000000000000000e+00
5.220000000000000000e+02 2.088037186221423092e-01 8.799499317250796260e-01 2.366863905325443732e-02 2.617205279927173334e-02 7.020937642239417908e-02 0.000000000000000000e+00
5.250000000000000000e+02 2.100037399935339444e-01 8.801775147928994070e-01 2.389622212107419055e-02 2.651342740100136666e-02 6.941283568502502888e-02 0.000000000000000000e+00
5.280000000000000000e+02 2.112037613649255796e-01 8.812016385980883104e-01 2.378243058716431393e-02 2.799271734182976618e-02 6.702321347291761988e-02 0.000000000000000000e+00
5.310000000000000000e+02 2.124037827363172148e-01 8.872325898953118406e-01 2.207555757851615771e-02 2.639963586709149004e-02 6.429221665908056715e-02 0.000000000000000000e+00
5.340000000000000000e+02 2.136038041077088501e-01 8.903049613108784399e-01 2.127901684114701791e-02 2.662721893491124328e-02 6.178880291306326766e-02 0.000000000000000000e+00
5.370000000000000000e+02 2.148038254791004853e-01 8.923532089212562468e-01 2.196176604460628110e-02 2.583067819754210348e-02 5.985434683659535821e-02 0.000000000000000000e+00
5.400000000000000000e+02 2.160038468504921205e-01 8.937187073281748217e-01 2.184797451069640448e-02 2.537551206190259354e-02 5.905780609922621494e-02 0.000000000000000000e+00
5.430000000000000000e+02 2.172038682218837558e-01 8.920118343195265753e-01 2.207555757851615771e-02 2.878925807919890598e-02 5.700955848884842886e-02 1.137915339098771066e-04
5.460000000000000000e+02 2.184038895932753910e-01 8.941738734638142727e-01 2.253072371415566766e-02 2.822030040964952288e-02 5.496131087847064278e-02 1.137915339098771066e-04
5.490000000000000000e+02 2.196039109646670262e-01 8.938324988620847122e-01 2.344105598543468408e-02 2.935821574874829254e-02 5.325443786982248656e-02 1.137915339098771066e-04
5.520000000000000000e+02 2.208039323360586614e-01 9.008875739644970349e-01 2.230314064633591095e-02 2.799271734182976618e-02 4.870277651342740100e-02 1.137915339098771066e-04
5.550000000000000000e+02 2.220039537074502967e-01 9.033909877105142927e-01 2.071005917159763482e-02 2.981338188438780248e-02 4.597177969959034827e-02 1.137915339098771066e-04
5.580000000000000000e+02 2.232039750788419319e-01 9.036185707783340737e-01 2.036868456986800149e-02 3.049613108784706567e-02 4.540282203004096517e-02 1.137915339098771066e-04
5.610000000000000000e+02 2.244039964502335671e-01 9.047564861174328676e-01 2.116522530723714129e-02 3.026854802002730896e-02 4.369594902139280895e-02 1.137915339098771066e-04
5.640000000000000000e+02 2.256040178216252023e-01 9.079426490669094685e-01 2.116522530723714129e-02 2.890304961310878606e-02 4.198907601274465273e-02 0.000000000000000000e+00
5.670000000000000000e+02 2.268040391930168376e-01 9.124943104233045332e-01 2.002730996813837164e-02 2.901684114701866268e-02 3.846153846153846367e-02 0.000000000000000000e+00
5.700000000000000000e+02 2.280040605644082508e-01 9.156804733727810230e-01 1.991351843422849502e-02 2.856167501137915274e-02 3.584433318161128756e-02 0.000000000000000000e+00
5.730000000000000000e+02 2.292040819357998860e-01 9.156804733727810230e-01 1.843422849340009204e-02 2.890304961310878606e-02 3.698224852071006069e-02 0.000000000000000000e+00
5.760000000000000000e+02 2.304041033071915212e-01 9.187528447883477334e-01 1.854802002730996865e-02 2.674101046882111990e-02 3.595812471552116418e-02 0.000000000000000000e+00
5.790000000000000000e+02 2.316041246785831564e-01 9.220527992717342247e-01 1.854802002730996865e-02 2.605826126536185672e-02 3.334091943559399501e-02 0.000000000000000000e+00
5.820000000000000000e+02 2.328041460499747917e-01 9.241010468821119206e-01 1.672735548475193582e-02 2.366863905325443732e-02 3.550295857988165771e-02 0.000000000000000000e+00
5.850000000000000000e+02 2.340041674213664269e-01 9.250113791533909335e-01 1.661356395084205573e-02 2.412380518889394726e-02 3.425125170687300796e-02 0.000000000000000000e+00
5.880000000000000000e+02 2.352041887927580621e-01 9.285389167045972059e-01 1.490669094219390124e-02 2.355484751934456070e-02 3.299954483386435822e-02 0.000000000000000000e+00
5.910000000000000000e+02 2.364042101641496973e-01 9.287664997724169869e-01 1.411015020482476144e-02 2.366863905325443732e-02 3.345471096950387163e-02 0.000000000000000000e+00
5.940000000000000000e+02 2.376042315355413326e-01 9.281975421028675344e-01 1.479289940828402289e-02 2.309968138370505075e-02 3.390987710514337811e-02 0.000000000000000000e+00
5.970000000000000000e+02 2.388042529069329678e-01 9.275147928994083024e-01 1.411015020482476144e-02 2.344105598543468408e-02 3.493400091033227461e-02 0.000000000000000000e+00
6.000000000000000000e+02 2.400042742783246030e-01 9.267182521620391800e-01 1.422394173873463806e-02 2.548930359581247015e-02 3.356850250341374825e-02 0.000000000000000000e+00
6.030000000000000000e+02 2.412042956497162383e-01 9.297906235776057793e-01 1.433773327264451468e-02 2.548930359581247015e-02 3.038233955393718558e-02 0.000000000000000000e+00
6.060000000000000000e+02 2.424043170211078735e-01 9.295630405097861093e-01 1.502048247610377786e-02 2.594446973145198010e-02 2.947200728265816916e-02 0.000000000000000000e+00
6.090000000000000000e+02 2.436043383924995087e-01 9.304733727810651223e-01 1.411015020482476144e-02 2.628584433318160996e-02 2.913063268092853930e-02 0.000000000000000000e+00
6.120000000000000000e+02 2.448043597638911439e-01 9.320664542558033672e-01 1.274465179790623508e-02 2.617205279927173334e-02 2.901684114701866268e-02 0.000000000000000000e+00
6.150000000000000000e+02 2.460043811352827792e-01 9.310423304506144637e-01 1.376877560309512985e-02 2.605826126536185672e-02 2.913063268092853930e-02 0.000000000000000000e+00
6.180000000000000000e+02 2.472044025066744144e-01 9.328629949931724896e-01 1.399635867091488309e-02 2.628584433318160996e-02 2.685480200273099652e-02 0.000000000000000000e+00
6.210000000000000000e+02 2.484044238780660496e-01 9.349112426035502965e-01 1.365498406918525323e-02 2.514792899408284030e-02 2.628584433318160996e-02 0.000000000000000000e+00
6.240000000000000000e+02 2.496044452494576849e-01 9.327492034592625991e-01 1.376877560309512985e-02 2.571688666363222686e-02 2.776513427401001294e-02 0.000000000000000000e+00
6.270000000000000000e+02 2.508044666208490980e-01 9.362767410104688715e-01 1.467910787437414627e-02 2.355484751934456070e-02 2.548930359581247015e-02 0.000000000000000000e+00
6.300000000000000000e+02 2.520044879922407333e-01 9.357077833409194190e-01 1.399635867091488309e-02 2.457897132453345374e-02 2.560309512972235024e-02 1.137915339098771066e-04
6.330000000000000000e+02 2.532045093636323685e-01 9.374146563495675544e-01 1.502048247610377786e-02 2.332726445152480746e-02 2.412380518889394726e-02 1.137915339098771066e-04
6.360000000000000000e+02 2.544045307350240037e-01 9.373008648156576639e-01 1.354119253527537488e-02 2.321347291761493084e-02 2.583067819754210348e-02 1.137915339098771066e-04
6.390000000000000000e+02 2.556045521064156389e-01 9.383249886208465673e-01 1.388256713700500647e-02 2.275830678197542090e-02 2.503413746017296368e-02 0.000000000000000000e+00
6.420000000000000000e+02 2.568045734778072742e-01 9.377560309512972259e-01 1.342740100136549826e-02 2.423759672280382388e-02 2.446517979062357712e-02 1.137915339098771066e-04
6.450000000000000000e+02 2.580045948491989094e-01 9.423076923076922906e-01 1.331360946745562164e-02 2.082385070550751144e-02 2.344105598543468408e-02 1.137915339098771066e-04
6.480000000000000000e+02 2.592046162205905446e-01 9.413973600364132777e-01 1.354119253527537488e-02 2.014110150204824826e-02 2.480655439235321044e-02 1.137915339098771066e-04
6.510000000000000000e+02 2.604046375919821799e-01 9.435593991807009751e-01 1.228948566226672687e-02 2.036868456986800149e-02 2.366863905325443732e-02 1.137915339098771066e-04
6.540000000000000000e+02 2.616046589633738151e-01 9.452662721893491105e-01 1.206190259444697363e-02 1.900318616294947513e-02 2.355484751934456070e-02 1.137915339098771066e-04
6.570000000000000000e+02 2.628046803347654503e-01 9.458352298588984519e-01 1.251706873008648184e-02 1.843422849340009204e-02 2.309968138370505075e-02 1.137915339098771066e-04
6.600000000000000000e+02 2.640047017061570855e-01 9.461766044606281234e-01 1.319981793354574502e-02 1.820664542558033533e-02 2.218934911242603433e-02 2.275830678197542133e-04
6.630000000000000000e+02 2.652047230775487208e-01 9.486800182066453813e-01 1.217569412835685025e-02 1.923076923076923184e-02 1.968593536640873831e-02 2.275830678197542133e-04
6.660000000000000000e+02 2.664047444489403560e-01 9.493627674101047242e-01 1.103777878925807886e-02 1.934456076467910846e-02 2.014110150204824826e-02 1.137915339098771066e-04
6.690000000000000000e+02 2.676047658203319912e-01 9.509558488848429691e-01 1.137915339098771045e-02 1.843422849340009204e-02 1.911697769685935522e-02 1.137915339098771066e-04
6.720000000000000000e+02 2.688047871917236264e-01 9.497041420118342847e-01 1.274465179790623508e-02 1.763768775603095224e-02 1.991351843422849502e-02 0.000000000000000000e+00
6.750000000000000000e+02 2.700048085631152617e-01 9.516385980883022011e-01 1.206190259444697363e-02 1.729631315430131891e-02 1.900318616294947513e-02 0.000000000000000000e+00
6.780000000000000000e+02 2.712048299345068969e-01 9.515248065543923106e-01 1.240327719617660522e-02 1.741010468821119553e-02 1.866181156121984527e-02 0.000000000000000000e+00
6.810000000000000000e+02 2.724048513058983101e-01 9.514110150204825311e-01 1.194811106053709528e-02 1.786527082385070547e-02 1.877560309512972189e-02 0.000000000000000000e+00
