# itime ezz other fcc hcp bcc ico
0.000000000000000000e+00 0.000000000000000000e+00 0.000000000000000000e+00 1.000000000000000000e+00 0.000000000000000000e+00 0.000000000000000000e+00 0.000000000000000000e+00
5.000000000000000000e+02 1.999978575151661886e-03 0.000000000000000000e+00 1.000000000000000000e+00 0.000000000000000000e+00 0.000000000000000000e+00 0.000000000000000000e+00
1.000000000000000000e+03 3.999957150303323772e-03 0.000000000000000000e+00 1.000000000000000000e+00 0.000000000000000000e+00 0.000000000000000000e+00 0.000000000000000000e+00
1.500000000000000000e+03 5.999935725454985658e-03 0.000000000000000000e+00 1.000000000000000000e+00 0.000000000000000000e+00 0.000000000000000000e+00 0.000000000000000000e+00
2.000000000000000000e+03 7.999914300606425499e-03 0.000000000000000000e+00 1.000000000000000000e+00 0.000000000000000000e+00 0.000000000000000000e+00 0.000000000000000000e+00
2.500000000000000000e+03 9.999892875758087385e-03 0.000000000000000000e+00 1.000000000000000000e+00 0.000000000000000000e+00 0.000000000000000000e+00 0.000000000000000000e+00
3.000000000000000000e+03 1.199987145090974927e-02 0.000000000000000000e+00 1.000000000000000000e+00 0.000000000000000000e+00 0.000000000000000000e+00 0.000000000000000000e+00
3.500000000000000000e+03 1.399985002606141116e-02 0.000000000000000000e+00 1.000000000000000000e+00 0.000000000000000000e+00 0.000000000000000000e+00 0.000000000000000000e+00
4.000000000000000000e+03 1.599982860121307304e-02 0.000000000000000000e+00 1.000000000000000000e+00 0.000000000000000000e+00 0.000000000000000000e+00 0.000000000000000000e+00
4.500000000000000000e+03 1.799980717636473493e-02 0.000000000000000000e+00 1.000000000000000000e+00 0.000000000000000000e+00 0.000000000000000000e+00 0.000000000000000000e+00
5.000000000000000000e+03 1.999978575151639681e-02 0.000000000000000000e+00 1.000000000000000000e+00 0.000000000000000000e+00 0.000000000000000000e+00 0.000000000000000000e+00
5.500000000000000000e+03 2.199976432666783666e-02 0.000000000000000000e+00 1.000000000000000000e+00 0.000000000000000000e+00 0.000000000000000000e+00 0.000000000000000000e+00
6.000000000000000000e+03 2.399974290181949854e-02 0.000000000000000000e+00 1.000000000000000000e+00 0.000000000000000000e+00 0.000000000000000000e+00 0.000000000000000000e+00
6.500000000000000000e+03 2.599972147697116043e-02 0.000000000000000000e+00 1.000000000000000000e+00 0.000000000000000000e+00 0.000000000000000000e+00 0.000000000000000000e+00
7.000000000000000000e+03 2.799970005212282231e-02 0.000000000000000000e+00 1.000000000000000000e+00 0.000000000000000000e+00 0.000000000000000000e+00 0.000000000000000000e+00
7.500000000000000000e+03 2.999967862727448420e-02 0.000000000000000000e+00 1.000000000000000000e+00 0.000000000000000000e+00 0.000000000000000000e+00 0.000000000000000000e+00
8.000000000000000000e+03 3.199965720242614609e-02 0.000000000000000000e+00 1.000000000000000000e+00 0.000000000000000000e+00 0.000000000000000000e+00 0.000000000000000000e+00
8.500000000000000000e+03 3.399963577757780797e-02 0.000000000000000000e+00 1.000000000000000000e+00 0.000000000000000000e+00 0.000000000000000000e+00 0.000000000000000000e+00
9.000000000000000000e+03 3.599961435272946986e-02 0.000000000000000000e+00 1.000000000000000000e+00 0.000000000000000000e+00 0.000000000000000000e+00 0.000000000000000000e+00
9.500000000000000000e+03 3.799959292788090970e-02 0.000000000000000000e+00 1.000000000000000000e+00 0.000000000000000000e+00 0.000000000000000000e+00 0.000000000000000000e+00
1.000000000000000000e+04 3.999957150303257158e-02 0.000000000000000000e+00 1.000000000000000000e+00 0.000000000000000000e+00 0.000000000000000000e+00 0.000000000000000000e+00
1.050000000000000000e+04 4.199955007818423347e-02 0.000000000000000000e+00 1.000000000000000000e+00 0.000000000000000000e+00 0.000000000000000000e+00 0.000000000000000000e+00
1.100000000000000000e+04 4.399952865333589536e-02 0.000000000000000000e+00 1.000000000000000000e+00 0.000000000000000000e+00 0.000000000000000000e+00 0.000000000000000000e+00
1.150000000000000000e+04 4.599950722848755724e-02 0.000000000000000000e+00 1.000000000000000000e+00 0.000000000000000000e+00 0.000000000000000000e+00 0.000000000000000000e+00
1.200000000000000000e+04 4.799948580363921913e-02 0.000000000000000000e+00 1.000000000000000000e+00 0.000000000000000000e+00 0.000000000000000000e+00 0.000000000000000000e+00
1.250000000000000000e+04 4.999946437879088101e-02 0.000000000000000000e+00 1.000000000000000000e+00 0.000000000000000000e+00 0.000000000000000000e+00 0.000000000000000000e+00
1.300000000000000000e+04 5.199944295394232086e-02 0.000000000000000000e+00 1.000000000000000000e+00 0.000000000000000000e+00 0.000000000000000000e+00 0.000000000000000000e+00
1.350000000000000000e+04 5.399942152909398274e-02 0.000000000000000000e+00 1.000000000000000000e+00 0.000000000000000000e+00 0.000000000000000000e+00 0.000000000000000000e+00
1.400000000000000000e+04 5.599940010424564463e-02 0.000000000000000000e+00 1.000000000000000000e+00 0.000000000000000000e+00 0.000000000000000000e+00 0.000000000000000000e+00
1.450000000000000000e+04 5.799937867939730651e-02 0.000000000000000000e+00 1.000000000000000000e+00 0.000000000000000000e+00 0.000000000000000000e+00 0.000000000000000000e+00
1.500000000000000000e+04 5.999935725454896840e-02 0.000000000000000000e+00 1.000000000000000000e+00 0.000000000000000000e+00 0.000000000000000000e+00 0.000000000000000000e+00
1.550000000000000000e+04 6.199933582970063028e-02 0.000000000000000000e+00 1.000000000000000000e+00 0.000000000000000000e+00 0.000000000000000000e+00 0.000000000000000000e+00
1.600000000000000000e+04 6.399931440485229217e-02 0.000000000000000000e+00 1.000000000000000000e+00 0.000000000000000000e+00 0.000000000000000000e+00 0.000000000000000000e+00
1.650000000000000000e+04 6.599929298000373201e-02 1.137915339098771066e-04 9.998862084660901095e-01 0.000000000000000000e+00 0.000000000000000000e+00 0.000000000000000000e+00
1.700000000000000000e+04 6.799927155515539390e-02 5.689576695493854790e-04 9.994310423304506585e-01 0.000000000000000000e+00 0.000000000000000000e+00 0.000000000000000000e+00
1.750000000000000000e+04 6.999925013030705578e-02 0.000000000000000000e+00 1.000000000000000000e+00 0.000000000000000000e+00 0.000000000000000000e+00 0.000000000000000000e+00
1.800000000000000000e+04 7.199922870545871767e-02 0.000000000000000000e+00 1.000000000000000000e+00 0.000000000000000000e+00 0.000000000000000000e+00 0.000000000000000000e+00
1.850000000000000000e+04 7.399920728061037956e-02 0.000000000000000000e+00 1.000000000000000000e+00 0.000000000000000000e+00 0.000000000000000000e+00 0.000000000000000000e+00
1.900000000000000000e+04 7.599918585576204144e-02 0.000000000000000000e+00 1.000000000000000000e+00 0.000000000000000000e+00 0.000000000000000000e+00 0.000000000000000000e+00
1.950000000000000000e+04 7.799916443091370333e-02 4.551661356395084266e-04 9.995448338643604380e-01 0.000000000000000000e+00 0.000000000000000000e+00 0.000000000000000000e+00
2.000000000000000000e+04 7.999914300606514317e-02 1.137915339098770958e-03 9.987482931269913156e-01 0.000000000000000000e+00 1.137915339098771066e-04 0.000000000000000000e+00
2.050000000000000000e+04 8.199912158121680505e-02 2.275830678197542133e-04 9.997724169321802190e-01 0.000000000000000000e+00 0.000000000000000000e+00 0.000000000000000000e+00
2.100000000000000000e+04 8.399910015636846694e-02 0.000000000000000000e+00 1.000000000000000000e+00 0.000000000000000000e+00 0.000000000000000000e+00 0.000000000000000000e+00
2.150000000000000000e+04 8.599907873152012883e-02 9.103322712790168532e-04 9.990896677287209870e-01 0.000000000000000000e+00 0.000000000000000000e+00 0.000000000000000000e+00
2.200000000000000000e+04 8.799905730667179071e-02 4.551661356395084266e-04 9.995448338643604380e-01 0.000000000000000000e+00 0.000000000000000000e+00 0.000000000000000000e+00
2.250000000000000000e+04 8.999903588182345260e-02 1.251706873008648227e-03 9.987482931269913156e-01 0.000000000000000000e+00 0.000000000000000000e+00 0.000000000000000000e+00
2.300000000000000000e+04 9.199901445697511448e-02 2.275830678197541916e-03 9.973827947200728516e-01 0.000000000000000000e+00 3.413746017296313199e-04 0.000000000000000000e+00
2.350000000000000000e+04 9.399899303212655433e-02 3.072371415566681717e-03 9.967000455166135087e-01 0.000000000000000000e+00 2.275830678197542133e-04 0.000000000000000000e+00
2.400000000000000000e+04 9.599897160727821621e-02 4.096495220755575623e-03 9.959035047792443862e-01 0.000000000000000000e+00 0.000000000000000000e+00 0.000000000000000000e+00
2.450000000000000000e+04 9.799895018242987810e-02 2.162039144287664864e-03 9.973827947200728516e-01 0.000000000000000000e+00 4.551661356395084266e-04 0.000000000000000000e+00
2.500000000000000000e+04 9.999892875758153998e-02 1.365498406918525280e-03 9.985207100591716456e-01 0.000000000000000000e+00 1.137915339098771066e-04 0.000000000000000000e+00
2.550000000000000000e+04 1.019989073327332019e-01 2.617205279927173507e-03 9.971552116522530707e-01 0.000000000000000000e+00 2.275830678197542133e-04 0.000000000000000000e+00
2.600000000000000000e+04 1.039988859078848638e-01 7.737824305871643035e-03 9.920345926263085534e-01 0.000000000000000000e+00 2.275830678197542133e-04 0.000000000000000000e+00
2.650000000000000000e+04 1.059988644830365256e-01 7.055075102412380721e-03 9.927173418297678964e-01 0.000000000000000000e+00 2.275830678197542133e-04 0.000000000000000000e+00
2.700000000000000000e+04 1.079988430581881875e-01 1.684114701866181243e-02 9.789485662266727006e-01 0.000000000000000000e+00 4.210286754665453109e-03 0.000000000000000000e+00
2.750000000000000000e+04 1.099988216333396274e-01 1.919663177059626746e-01 3.272644515248065433e-01 1.001365498406918582e-02 4.707555757851615841e-01 0.000000000000000000e+00
2.800000000000000000e+04 1.119988002084912893e-01 2.304278561675011383e-01 5.210514337733272994e-01 2.241693218024579104e-01 2.435138825671370050e-02 0.000000000000000000e+00
2.850000000000000000e+04 1.139987787836429511e-01 8.352298588984979899e-02 7.469276285844332897e-01 1.607874374146563423e-01 8.761948111060537808e-03 0.000000000000000000e+00
2.900000000000000000e+04 1.159987573587946130e-01 4.961310878470642088e-02 7.820892125625853453e-01 1.642011834319526686e-01 4.096495220755575623e-03 0.000000000000000000e+00
2.950000000000000000e+04 1.179987359339462749e-01 1.843422849340009204e-02 8.315885298133819381e-01 1.489531178880291185e-01 1.024123805188893906e-03 0.000000000000000000e+00
3.000000000000000000e+04 1.199987145090979368e-01 1.763768775603095224e-02 8.322712790168411701e-01 1.491807009558488717e-01 9.103322712790168532e-04 0.000000000000000000e+00
3.050000000000000000e+04 1.219986930842495987e-01 1.593081474738279601e-02 8.337505689576695245e-01 1.496358670914884059e-01 6.827492034592626399e-04 0.000000000000000000e+00
3.100000000000000000e+04 1.239986716594010385e-01 1.627218934911242587e-02 8.334091943559399640e-01 1.496358670914884059e-01 6.827492034592626399e-04 0.000000000000000000e+00
3.150000000000000000e+04 1.259986502345527004e-01 1.502048247610377786e-02 8.339781520254893055e-01 1.498634501593081592e-01 1.137915339098770958e-03 0.000000000000000000e+00
3.200000000000000000e+04 1.279986288097043623e-01 1.649977241693217911e-02 8.331816112881201830e-01 1.492944924897587622e-01 1.024123805188893906e-03 0.000000000000000000e+00
3.250000000000000000e+04 1.299986073848560242e-01 1.558944014565316269e-02 8.340919435593991960e-01 1.496358670914884059e-01 6.827492034592626399e-04 0.000000000000000000e+00
3.300000000000000000e+04 1.319985859600076861e-01 1.513427401001365448e-02 8.338643604915794150e-01 1.499772416932180219e-01 1.024123805188893906e-03 0.000000000000000000e+00
3.350000000000000000e+04 1.339985645351593480e-01 1.502048247610377786e-02 8.338643604915794150e-01 1.500910332271279124e-01 1.024123805188893906e-03 0.000000000000000000e+00
3.400000000000000000e+04 1.359985431103110098e-01 1.524806554392353283e-02 8.338643604915794150e-01 1.498634501593081592e-01 1.024123805188893906e-03 0.000000000000000000e+00
3.450000000000000000e+04 1.379985216854624497e-01 1.684114701866181243e-02 8.329540282203004020e-01 1.497496586253982687e-01 4.551661356395084266e-04 0.000000000000000000e+00
3.500000000000000000e+04 1.399985002606141116e-01 1.524806554392353283e-02 8.331816112881201830e-01 1.507737824305871721e-01 7.965407373691396923e-04 0.000000000000000000e+00
3.550000000000000000e+04 1.419984788357657735e-01 1.456531634046426965e-02 8.345471096950386469e-01 1.500910332271279124e-01 7.965407373691396923e-04 0.000000000000000000e+00
3.600000000000000000e+04 1.439984574109174353e-01 1.217569412835685025e-02 8.365953573054164538e-01 1.506599908966772816e-01 5.689576695493854790e-04 0.000000000000000000e+00
3.650000000000000000e+04 1.459984359860690972e-01 1.160673645880746542e-02 8.372781065088756858e-01 1.505461993627674189e-01 5.689576695493854790e-04 0.000000000000000000e+00
3.700000000000000000e+04 1.479984145612207591e-01 1.058261265361857065e-02 8.377332726445152478e-01 1.507737824305871721e-01 9.103322712790168532e-04 0.000000000000000000e+00
3.750000000000000000e+04 1.499983931363724210e-01 1.024123805188893906e-02 8.381884387801548097e-01 1.505461993627674189e-01 1.024123805188893906e-03 0.000000000000000000e+00
3.800000000000000000e+04 1.519983717115238608e-01 1.092398725534820224e-02 8.378470641784251383e-01 1.502048247610377751e-01 1.024123805188893906e-03 0.000000000000000000e+00
3.850000000000000000e+04 1.539983502866755227e-01 1.411015020482476144e-02 8.335229858898497435e-01 1.515703231679562946e-01 7.965407373691396923e-04 0.000000000000000000e+00
3.900000000000000000e+04 1.559983288618271846e-01 1.763768775603095224e-02 8.286299499317251183e-01 1.523668639053254448e-01 1.365498406918525280e-03 0.000000000000000000e+00
3.950000000000000000e+04 1.579983074369788465e-01 5.461993627674101293e-02 7.680928538916704795e-01 1.689804278561675144e-01 8.306781975421027864e-03 0.000000000000000000e+00
4.000000000000000000e+04 1.599982860121305084e-01 6.247155211652252738e-02 7.724169321802457633e-01 1.604460628129267263e-01 4.665452890304961318e-03 0.000000000000000000e+00
4.050000000000000000e+04 1.619982645872821703e-01 5.917159763313609155e-02 7.716203914428766408e-01 1.643149749658625314e-01 4.893035958124715423e-03 0.000000000000000000e+00
4.100000000000000000e+04 1.639982431624338322e-01 6.065088757396449454e-02 7.705962676376877374e-01 1.639736003641329154e-01 4.779244424214838804e-03 0.000000000000000000e+00
4.150000000000000000e+04 1.659982217375854940e-01 6.167501137915339104e-02 7.676376877560309175e-01 1.664770141101502010e-01 4.210286754665453109e-03 0.000000000000000000e+00
4.200000000000000000e+04 1.679982003127369339e-01 6.429221665908056715e-02 7.694583522985889434e-01 1.624943104233045055e-01 3.755120619025944465e-03 0.000000000000000000e+00
4.250000000000000000e+04 1.699981788878885958e-01 4.642694583522986168e-02 7.815202548930360038e-01 1.677287209831588577e-01 4.324078288575329727e-03 0.000000000000000000e+00
4.300000000000000000e+04 1.719981574630402577e-01 4.551661356395084179e-02 7.823167956304051263e-01 1.679563040509786109e-01 4.210286754665453109e-03 0.000000000000000000e+00
4.350000000000000000e+04 1.739981360381919195e-01 4.779244424214838111e-02 7.791306326809285254e-01 1.696631770596267741e-01 3.413746017296313308e-03 0.000000000000000000e+00
4.400000000000000000e+04 1.759981146133435814e-01 4.585798816568047165e-02 7.796995903504779779e-01 1.700045516613563901e-01 4.437869822485207214e-03 0.000000000000000000e+00
4.450000000000000000e+04 1.779980931884952433e-01 4.688211197086936816e-02 7.795857988165680874e-01 1.703459262630860338e-01 3.186162949476558769e-03 0.000000000000000000e+00
4.500000000000000000e+04 1.799980717636469052e-01 4.722348657259899801e-02 7.807237141556667703e-01 1.677287209831588577e-01 4.324078288575329727e-03 0.000000000000000000e+00
4.550000000000000000e+04 1.819980503387983450e-01 4.597177969959034827e-02 7.766272189349112676e-01 1.713700500682749095e-01 6.030951297223486815e-03 0.000000000000000000e+00
4.600000000000000000e+04 1.839980289139500069e-01 4.585798816568047165e-02 7.785616750113791840e-01 1.692080109239872676e-01 6.372325898953117539e-03 0.000000000000000000e+00
4.650000000000000000e+04 1.859980074891016688e-01 4.642694583522986168e-02 7.778789258079198410e-01 1.715976331360946627e-01 4.096495220755575623e-03 0.000000000000000000e+00
4.700000000000000000e+04 1.879979860642533307e-01 4.858898497951752438e-02 7.767410104688211581e-01 1.702321347291761433e-01 4.437869822485207214e-03 0.000000000000000000e+00
4.750000000000000000e+04 1.899979646394049926e-01 4.631315430131998506e-02 7.746927628584433512e-01 1.721665908056440597e-01 6.827492034592626616e-03 0.000000000000000000e+00
4.800000000000000000e+04 1.919979432145566545e-01 4.824761037778789452e-02 7.732134729176148857e-01 1.736458807464724696e-01 4.893035958124715423e-03 0.000000000000000000e+00
4.850000000000000000e+04 1.939979217897083164e-01 4.779244424214838111e-02 7.732134729176148857e-01 1.730769230769230727e-01 5.917159763313609329e-03 0.000000000000000000e+00
4.900000000000000000e+04 1.959979003648597562e-01 4.949931725079653733e-02 7.705962676376877374e-01 1.720527992717341692e-01 7.851615839781519654e-03 0.000000000000000000e+00
4.950000000000000000e+04 1.979978789400114181e-01 4.802002730996814128e-02 7.700273099681383959e-01 1.759217114246700020e-01 6.030951297223486815e-03 0.000000000000000000e+00
5.000000000000000000e+04 1.999978575151630800e-01 4.949931725079653733e-02 7.688893946290396020e-01 1.763768775603095085e-01 5.234410559854347014e-03 0.000000000000000000e+00
5.050000000000000000e+04 2.019978360903147419e-01 4.756486117432862787e-02 7.679790623577605890e-01 1.786527082385070686e-01 5.803368229403732710e-03 0.000000000000000000e+00
5.100000000000000000e+04 2.039978146654664037e-01 5.200273099681383682e-02 7.639963586709148657e-01 1.780837505689576716e-01 5.917159763313609329e-03 0.000000000000000000e+00
5.150000000000000000e+04 2.059977932406180656e-01 5.052344105598543383e-02 7.643377332726445372e-01 1.807009558488848477e-01 4.437869822485207214e-03 0.000000000000000000e+00
5.200000000000000000e+04 2.079977718157697275e-01 5.405097860719162289e-02 7.545516613563950648e-01 1.859353664087392000e-01 5.461993627674101119e-03 0.000000000000000000e+00
5.250000000000000000e+04 2.099977503909211674e-01 5.029585798816568060e-02 7.631998179335457433e-01 1.811561219845243542e-01 5.348202093764223633e-03 0.000000000000000000e+00
5.300000000000000000e+04 2.119977289660728292e-01 5.314064633591260994e-02 7.636549840691853053e-01 1.794492489758761911e-01 3.755120619025944465e-03 0.000000000000000000e+00
5.350000000000000000e+04 2.139977075412244911e-01 5.348202093764223980e-02 7.616067364588074984e-01 1.807009558488848477e-01 4.210286754665453109e-03 0.000000000000000000e+00
5.400000000000000000e+04 2.159976861163761530e-01 5.245789713245334329e-02 7.630860263996358528e-01 1.802457897132453413e-01 4.210286754665453109e-03 0.000000000000000000e+00
5.450000000000000000e+04 2.179976646915278149e-01 5.166135639508420696e-02 7.675238962221210270e-01 1.759217114246700020e-01 4.893035958124715423e-03 0.000000000000000000e+00
5.500000000000000000e+04 2.199976432666794768e-01 4.745106964041875125e-02 7.709376422394174089e-01 1.771734182976786587e-01 4.437869822485207214e-03 0.000000000000000000e+00
5.550000000000000000e+04 2.219976218418311387e-01 5.143377332726445372e-02 7.693445607646790529e-01 1.745562130177514826e-01 4.665452890304961318e-03 0.000000000000000000e+00
5.600000000000000000e+04 2.239976004169828006e-01 4.915794264906690747e-02 7.759444697314519246e-01 1.704597177969958965e-01 4.437869822485207214e-03 0.000000000000000000e+00
5.650000000000000000e+04 2.259975789921342404e-01 5.177514792899408358e-02 7.710514337733272994e-01 1.725079654073737034e-01 4.665452890304961318e-03 0.000000000000000000e+00
5.700000000000000000e+04 2.279975575672859023e-01 5.131998179335457710e-02 7.718479745106964218e-01 1.723941738734638129e-01 4.437869822485207214e-03 0.000000000000000000e+00
5.750000000000000000e+04 2.299975361424375642e-01 5.245789713245334329e-02 7.708238507055075184e-01 1.713700500682749095e-01 5.348202093764223633e-03 0.000000000000000000e+00
5.800000000000000000e+04 2.319975147175892261e-01 5.302685480200273332e-02 7.726445152480655443e-01 1.712562585343650468e-01 3.072371415566681717e-03 0.000000000000000000e+00
5.850000000000000000e+04 2.339974932927408879e-01 5.109239872553481693e-02 7.742375967228037892e-01 1.692080109239872676e-01 5.461993627674101119e-03 0.000000000000000000e+00
5.900000000000000000e+04 2.359974718678925498e-01 5.109239872553481693e-02 7.749203459262631322e-01 1.698907601274465273e-01 4.096495220755575623e-03 0.000000000000000000e+00
5.950000000000000000e+04 2.379974504430442117e-01 5.598543468365953235e-02 7.670687300864815761e-01 1.726217569412835662e-01 4.324078288575329727e-03 0.000000000000000000e+00
6.000000000000000000e+04 2.399974290181956516e-01 8.124715521165225274e-02 7.302002730996813851e-01 1.847974510696404060e-01 3.755120619025944465e-03 0.000000000000000000e+00
6.050000000000000000e+04 2.419974075933473134e-01 7.157487482931269851e-02 7.412380518889394310e-01 1.834319526627218866e-01 3.755120619025944465e-03 0.000000000000000000e+00
6.100000000000000000e+04 2.439973861684989753e-01 7.328174783796086167e-02 7.398725534820209671e-01 1.827492034592626269e-01 4.096495220755575623e-03 0.000000000000000000e+00
6.150000000000000000e+04 2.459973647436506372e-01 7.532999544833864081e-02 7.317933545744196300e-01 1.883249886208466228e-01 4.551661356395083832e-03 0.000000000000000000e+00
6.200000000000000000e+04 2.479973433188022991e-01 7.191624943104232837e-02 7.366863905325443662e-01 1.874146563495675821e-01 3.982703686845699004e-03 0.000000000000000000e+00
6.250000000000000000e+04 2.499973218939539610e-01 5.405097860719162289e-02 7.717341829767865313e-01 1.715976331360946627e-01 2.617205279927173507e-03 0.000000000000000000e+00
6.300000000000000000e+04 2.519973004691056229e-01 5.416477014110149951e-02 7.732134729176148857e-01 1.697769685935366368e-01 2.844788347746927612e-03 0.000000000000000000e+00
6.350000000000000000e+04 2.539972790442570627e-01 5.268548020027309653e-02 7.703686845698679564e-01 1.736458807464724696e-01 3.299954483386436255e-03 0.000000000000000000e+00
6.400000000000000000e+04 2.559972576194087246e-01 5.370960400546199304e-02 7.712790168411469693e-01 1.722803823395539502e-01 2.730996813837050560e-03 0.000000000000000000e+00
6.450000000000000000e+04 2.579972361945603865e-01 5.370960400546199304e-02 7.738962221210742287e-01 1.700045516613563901e-01 2.389622212107419402e-03 0.000000000000000000e+00
6.500000000000000000e+04 2.599972147697120484e-01 5.075102412380518707e-02 7.750341374601729116e-01 1.698907601274465273e-01 4.324078288575329727e-03 0.000000000000000000e+00
6.550000000000000000e+04 2.619971933448637103e-01 6.133363677742376119e-02 7.608101957214383759e-01 1.763768775603095085e-01 1.479289940828402332e-03 0.000000000000000000e+00
6.600000000000000000e+04 2.639971719200153721e-01 5.996813837050523482e-02 7.633136094674556338e-01 1.750113791533909890e-01 1.706873008648156654e-03 0.000000000000000000e+00
6.650000000000000000e+04 2.659971504951670340e-01 5.746472462448793533e-02 7.641101502048247562e-01 1.767182521620391522e-01 1.706873008648156654e-03 0.000000000000000000e+00
6.700000000000000000e+04 2.679971290703184739e-01 5.757851615839781195e-02 7.636549840691853053e-01 1.766044606281292617e-01 2.162039144287664864e-03 0.000000000000000000e+00
6.750000000000000000e+04 2.699971076454701358e-01 6.315430131998178709e-02 7.581929904415111166e-01 1.767182521620391522e-01 1.934456076467910759e-03 0.000000000000000000e+00
6.800000000000000000e+04 2.719970862206217976e-01 6.679563040509786664e-02 7.552344105598542967e-01 1.759217114246700020e-01 2.048247610377787811e-03 0.000000000000000000e+00
6.850000000000000000e+04 2.739970647957734595e-01 6.395084205735093730e-02 7.542102867546655043e-01 1.801319981793354508e-01 1.706873008648156654e-03 0.000000000000000000e+00
6.900000000000000000e+04 2.759970433709251214e-01 6.531634046426945672e-02 7.537551206190259423e-01 1.797906235776058348e-01 1.137915339098770958e-03 0.000000000000000000e+00
6.950000000000000000e+04 2.779970219460767833e-01 6.622667273554846967e-02 7.528447883477469293e-01 1.793354574419663283e-01 1.593081474738279385e-03 0.000000000000000000e+00
7.000000000000000000e+04 2.799970005212284452e-01 6.736458807464724974e-02 7.511379153390987939e-01 1.799044151115156975e-01 1.593081474738279385e-03 0.000000000000000000e+00
7.050000000000000000e+04 2.819969790963798850e-01 6.531634046426945672e-02 7.532999544833864913e-01 1.797906235776058348e-01 1.593081474738279385e-03 0.000000000000000000e+00
7.100000000000000000e+04 2.839969576715315469e-01 6.827492034592626269e-02 7.488620846609012061e-01 1.814974965862539702e-01 1.365498406918525280e-03 0.000000000000000000e+00
7.150000000000000000e+04 2.859969362466832088e-01 6.804733727810650945e-02 7.488620846609012061e-01 1.818388711879836139e-01 1.251706873008648227e-03 0.000000000000000000e+00
7.200000000000000000e+04 2.879969148218348707e-01 6.713700500682749650e-02 7.506827492034592320e-01 1.808147473827947105e-01 1.365498406918525280e-03 0.000000000000000000e+00
7.250000000000000000e+04 2.899968933969865326e-01 6.884387801547564578e-02 7.490896677287209870e-01 1.803595812471552040e-01 1.706873008648156654e-03 0.000000000000000000e+00
7.300000000000000000e+04 2.919968719721381945e-01 6.850250341374601593e-02 7.478379608557123026e-01 1.824078288575330109e-01 1.251706873008648227e-03 0.000000000000000000e+00
7.350000000000000000e+04 2.939968505472898563e-01 6.941283568502502888e-02 7.479517523896221931e-01 1.818388711879836139e-01 7.965407373691396923e-04 0.000000000000000000e+00
7.400000000000000000e+04 2.959968291224415182e-01 7.168866636322257513e-02 7.453345471096950448e-01 1.816112881201638607e-01 1.365498406918525280e-03 0.000000000000000000e+00
7.450000000000000000e+04 2.979968076975929581e-01 7.453345471096950448e-02 7.393035958124715146e-01 1.837733272644515303e-01 2.389622212107419402e-03 0.000000000000000000e+00
7.500000000000000000e+04 2.999967862727446200e-01 7.589895311788802390e-02 7.383932635411925016e-01 1.850250341374601593e-01 6.827492034592626399e-04 0.000000000000000000e+00
7.550000000000000000e+04 3.019967648478962818e-01 9.911242603550296515e-02 7.039144287664997890e-01 1.945835229858898507e-01 2.389622212107419402e-03 0.000000000000000000e+00
7.600000000000000000e+04 3.039967434230479437e-01 7.555757851615839404e-02 7.295175238962221531e-01 1.923076923076923184e-01 2.617205279927173507e-03 0.000000000000000000e+00
7.650000000000000000e+04 3.059967219981996056e-01 7.544378698224851743e-02 7.289485662266727006e-01 1.931042330450614408e-01 2.503413746017296455e-03 0.000000000000000000e+00
7.700000000000000000e+04 3.079967005733512675e-01 7.680928538916705073e-02 7.302002730996813851e-01 1.908284023668639084e-01 2.162039144287664864e-03 0.000000000000000000e+00
7.750000000000000000e+04 3.099966791485029294e-01 7.771961766044606368e-02 7.281520254893035782e-01 1.916249431042330587e-01 2.503413746017296455e-03 0.000000000000000000e+00
7.800000000000000000e+04 3.119966577236543692e-01 7.771961766044606368e-02 7.269003186162948937e-01 1.932180245789713313e-01 2.162039144287664864e-03 0.000000000000000000e+00
7.850000000000000000e+04 3.139966362988060311e-01 7.703686845698680397e-02 7.226900318616295005e-01 1.973145197997268896e-01 2.958579881656804664e-03 0.000000000000000000e+00
7.900000000000000000e+04 3.159966148739576930e-01 8.079198907601274626e-02 7.197314519799726806e-01 1.978834774692762866e-01 1.593081474738279385e-03 0.000000000000000000e+00
7.950000000000000000e+04 3.179965934491093549e-01 7.817478379608557015e-02 7.223486572598998290e-01 1.973145197997268896e-01 2.162039144287664864e-03 0.000000000000000000e+00
8.000000000000000000e+04 3.199965720242610168e-01 8.329540282203004575e-02 7.182521620391443262e-01 1.960628129267182607e-01 2.389622212107419402e-03 0.000000000000000000e+00
8.050000000000000000e+04 3.219965505994126787e-01 8.431952662721893532e-02 7.142694583522986029e-01 2.000455166135639562e-01 1.365498406918525280e-03 0.000000000000000000e+00
8.100000000000000000e+04 3.239965291745643405e-01 8.431952662721893532e-02 7.121074192080109055e-01 2.008420573509330787e-01 2.730996813837050560e-03 0.000000000000000000e+00
8.150000000000000000e+04 3.259965077497157804e-01 8.511606736458807165e-02 7.088074647246245252e-01 2.036868456986800080e-01 2.389622212107419402e-03 0.000000000000000000e+00
8.200000000000000000e+04 3.279964863248674423e-01 8.625398270368685172e-02 7.093764223941738667e-01 2.018661811561219821e-01 2.503413746017296455e-03 0.000000000000000000e+00
8.250000000000000000e+04 3.299964649000191041e-01 8.693673190714611143e-02 7.061902594446972659e-01 2.045971779699590487e-01 2.275830678197541916e-03 0.000000000000000000e+00
8.300000000000000000e+04 3.319964434751707660e-01 8.852981338188438409e-02 7.043695949021392400e-01 2.042558033682294050e-01 2.844788347746927612e-03 0.000000000000000000e+00
8.350000000000000000e+04 3.339964220503224279e-01 9.091943559399180697e-02 6.948111060537096595e-01 2.109695038689121394e-01 3.299954483386436255e-03 0.000000000000000000e+00
8.400000000000000000e+04 3.359964006254740898e-01 9.171597633136094330e-02 6.978834774692762588e-01 2.080109239872553473e-01 2.389622212107419402e-03 0.000000000000000000e+00
8.450000000000000000e+04 3.379963792006257517e-01 9.638142922166591242e-02 6.818388711879835862e-01 2.188211197086936677e-01 2.958579881656804664e-03 0.000000000000000000e+00
8.500000000000000000e+04 3.399963577757771915e-01 1.076467910787437393e-01 6.483841602184797770e-01 2.412380518889394587e-01 2.730996813837050560e-03 0.000000000000000000e+00
8.550000000000000000e+04 3.419963363509288534e-01 1.189121529358215801e-01 6.297223486572598450e-01 2.471552116522530707e-01 4.210286754665453109e-03 0.000000000000000000e+00
8.600000000000000000e+04 3.439963149260805153e-01 1.233500227583067821e-01 6.247155211652253293e-01 2.473827947200728239e-01 4.551661356395083832e-03 0.000000000000000000e+00
8.650000000000000000e+04 3.459962935012321772e-01 1.267637687756031084e-01 6.187983614019116896e-01 2.494310423304506030e-01 5.006827492034592909e-03 0.000000000000000000e+00
8.700000000000000000e+04 3.479962720763838391e-01 1.248293126991351781e-01 6.225534820209376319e-01 2.482931269913518368e-01 4.324078288575329727e-03 0.000000000000000000e+00
8.750000000000000000e+04 3.499962506515355010e-01 1.259672280382339582e-01 6.211879836140191680e-01 2.479517523896222209e-01 4.893035958124715423e-03 0.000000000000000000e+00
8.800000000000000000e+04 3.519962292266871628e-01 1.317705962676376796e-01 6.116294947655894765e-01 2.525034137460173134e-01 4.096495220755575623e-03 0.000000000000000000e+00
8.850000000000000000e+04 3.539962078018388247e-01 1.382567137005006885e-01 6.205052344105598250e-01 2.336140191169776836e-01 7.624032771961766417e-03 0.000000000000000000e+00
8.900000000000000000e+04 3.559961863769902646e-01 1.532771961766044577e-01 6.052571688666362748e-01 2.352071005917159841e-01 6.258534365043240920e-03 0.000000000000000000e+00
8.950000000000000000e+04 3.579961649521419265e-01 1.439462903959945472e-01 6.458807464724624081e-01 2.043695949021392677e-01 5.803368229403732710e-03 0.000000000000000000e+00
9.000000000000000000e+04 3.599961435272935883e-01 1.438324988620846567e-01 6.638598088302229971e-01 1.891215293582157453e-01 3.186162949476558769e-03 0.000000000000000000e+00
9.050000000000000000e+04 3.619961221024452502e-01 1.409877105143377274e-01 6.639736003641328876e-01 1.913973600364132777e-01 3.641329085116067413e-03 0.000000000000000000e+00
9.100000000000000000e+04 3.639961006775969121e-01 1.415566681838871244e-01 6.631770596267637652e-01 1.921939007737824279e-01 3.072371415566681717e-03 0.000000000000000000e+00
9.150000000000000000e+04 3.659960792527485740e-01 1.449704142011834229e-01 6.613563950842057393e-01 1.901456531634046487e-01 3.527537551206190360e-03 0.000000000000000000e+00
9.200000000000000000e+04 3.679960578279002359e-01 1.444014565316340537e-01 6.622667273554847522e-01 1.893491124260354985e-01 3.982703686845699004e-03 0.000000000000000000e+00
9.250000000000000000e+04 3.699960364030516757e-01 1.434911242603550408e-01 6.634046426945835462e-01 1.890077378243058825e-01 4.096495220755575623e-03 0.000000000000000000e+00
9.300000000000000000e+04 3.719960149782033376e-01 1.424670004551661373e-01 6.645425580336823401e-01 1.891215293582157453e-01 3.868912152935821518e-03 0.000000000000000000e+00
9.350000000000000000e+04 3.739959935533549995e-01 1.471324533454710926e-01 6.615839781520255203e-01 1.879836140191169791e-01 3.299954483386436255e-03 0.000000000000000000e+00
9.400000000000000000e+04 3.759959721285066614e-01 1.428083750568957533e-01 6.620391442876649712e-01 1.904870277651342647e-01 4.665452890304961318e-03 0.000000000000000000e+00
9.450000000000000000e+04 3.779959507036583233e-01 1.453117888029130667e-01 6.635184342284934367e-01 1.874146563495675821e-01 3.755120619025944465e-03 0.000000000000000000e+00
9.500000000000000000e+04 3.799959292788099852e-01 1.442876649977241632e-01 6.637460172963131066e-01 1.891215293582157453e-01 2.844788347746927612e-03 0.000000000000000000e+00
9.550000000000000000e+04 3.819959078539616470e-01 1.478152025489303523e-01 6.629494765589439842e-01 1.859353664087392000e-01 3.299954483386436255e-03 0.000000000000000000e+00
9.600000000000000000e+04 3.839958864291130869e-01 1.455393718707328199e-01 6.581702321347291385e-01 1.915111515703231682e-01 4.779244424214838804e-03 0.000000000000000000e+00
9.650000000000000000e+04 3.859958650042647488e-01 1.516841147018661851e-01 6.549840691852526486e-01 1.887801547564861293e-01 4.551661356395083832e-03 0.000000000000000000e+00
9.700000000000000000e+04 3.879958435794164107e-01 1.524806554392353075e-01 6.514565316340463763e-01 1.912835685025034149e-01 4.779244424214838804e-03 0.000000000000000000e+00
9.750000000000000000e+04 3.899958221545678505e-01 1.563495675921711403e-01 6.458807464724624081e-01 1.939007737824305910e-01 3.868912152935821518e-03 0.000000000000000000e+00
9.800000000000000000e+04 3.919958007297199565e-01 1.546426945835229771e-01 6.456531634046427381e-01 1.949248975876194945e-01 4.779244424214838804e-03 0.000000000000000000e+00
9.850000000000000000e+04 3.939957793048711743e-01 1.524806554392353075e-01 6.472462448793809831e-01 1.970869367319071364e-01 3.186162949476558769e-03 0.000000000000000000e+00
9.900000000000000000e+04 3.959957578800230582e-01 1.491807009558488717e-01 6.494082840236686804e-01 1.957214383249886169e-01 5.689576695493855224e-03 0.000000000000000000e+00
9.950000000000000000e+04 3.979957364551744980e-01 1.480427856167501055e-01 6.543013199817933057e-01 1.940145653163404538e-01 3.641329085116067413e-03 0.000000000000000000e+00
1.000000000000000000e+05 3.999957150303263820e-01 1.457669549385525731e-01 6.596495220755576039e-01 1.902594446973145115e-01 4.324078288575329727e-03 0.000000000000000000e+00
1.005000000000000000e+05 4.019956936054775998e-01 1.455393718707328199e-01 6.549840691852526486e-01 1.944697314519799602e-01 5.006827492034592909e-03 0.000000000000000000e+00
1.010000000000000000e+05 4.039956721806297057e-01 1.461083295402822169e-01 6.589667728720982609e-01 1.910559854346836617e-01 3.868912152935821518e-03 0.000000000000000000e+00
1.015000000000000000e+05 4.059956507557809235e-01 1.481565771506599960e-01 6.537323623122439642e-01 1.934456076467910846e-01 4.665452890304961318e-03 0.000000000000000000e+00
1.020000000000000000e+05 4.079956293309328075e-01 1.512289485662266786e-01 6.576012744651797970e-01 1.876422394173873354e-01 3.527537551206190360e-03 0.000000000000000000e+00
1.025000000000000000e+05 4.099956079060842473e-01 1.530496131087847045e-01 6.586253982703687004e-01 1.838871187983613931e-01 4.437869822485207214e-03 0.000000000000000000e+00
1.030000000000000000e+05 4.119955864812361312e-01 1.500910332271279124e-01 6.661356395084205850e-01 1.793354574419663283e-01 4.437869822485207214e-03 0.000000000000000000e+00
1.035000000000000000e+05 4.139955650563875711e-01 1.459945380063723264e-01 6.745562130177514826e-01 1.739872553482020856e-01 5.461993627674101119e-03 0.000000000000000000e+00
1.040000000000000000e+05 4.159955436315394550e-01 1.457669549385525731e-01 6.761492944924897275e-01 1.723941738734638129e-01 5.689576695493855224e-03 0.000000000000000000e+00
1.045000000000000000e+05 4.179955222066906728e-01 1.481565771506599960e-01 6.759217114246700575e-01 1.719390077378243065e-01 3.982703686845699004e-03 0.000000000000000000e+00
1.050000000000000000e+05 4.199955007818427788e-01 1.486117432862995025e-01 6.706873008648156498e-01 1.751251706873008518e-01 5.575785161583977738e-03 0.000000000000000000e+00
1.055000000000000000e+05 4.219954793569939966e-01 1.624943104233045055e-01 6.558944014565316616e-01 1.736458807464724696e-01 7.965407373691398007e-03 0.000000000000000000e+00
1.060000000000000000e+05 4.239954579321458805e-01 1.847974510696404060e-01 6.181156121984524576e-01 1.898042785616750050e-01 7.282658170232134826e-03 0.000000000000000000e+00
1.065000000000000000e+05 4.259954365072973204e-01 1.861629494765589532e-01 6.091260810195721076e-01 1.981110605370960398e-01 6.599908966772872511e-03 0.000000000000000000e+00
1.070000000000000000e+05 4.279954150824492043e-01 1.986800182066454368e-01 6.004779244424214291e-01 1.929904415111515781e-01 7.851615839781519654e-03 0.000000000000000000e+00
1.075000000000000000e+05 4.299953936576006441e-01 1.908284023668639084e-01 6.090122894856622171e-01 1.911697769685935244e-01 8.989531178880291046e-03 0.000000000000000000e+00
1.080000000000000000e+05 4.319953722327525281e-01 1.906008192990441552e-01 6.002503413746017591e-01 1.993627674101046965e-01 9.786071916249430847e-03 0.000000000000000000e+00
1.085000000000000000e+05 4.339953508079037459e-01 1.945835229858898507e-01 5.985434683659536237e-01 1.984524351388256835e-01 8.420573509330906217e-03 0.000000000000000000e+00
1.090000000000000000e+05 4.359953293830558518e-01 1.932180245789713313e-01 6.008192990441511006e-01 1.964041875284478766e-01 9.558488848429677609e-03 0.000000000000000000e+00
1.095000000000000000e+05 4.379953079582070696e-01 1.990213928083750528e-01 5.977469276285843902e-01 1.950386891215293572e-01 8.192990441511151245e-03 0.000000000000000000e+00
1.100000000000000000e+05 4.399952865333589536e-01 1.920801092398725651e-01 6.009330905780609910e-01 1.978834774692762866e-01 9.103322712790167665e-03 0.000000000000000000e+00
1.105000000000000000e+05 4.419952651085103934e-01 1.954938552571688637e-01 6.024123805188893455e-01 1.939007737824305910e-01 8.192990441511151245e-03 0.000000000000000000e+00
1.110000000000000000e+05 4.439952436836622773e-01 1.894629039599453890e-01 6.101502048247610110e-01 1.929904415111515781e-01 7.396449704142011444e-03 0.000000000000000000e+00
1.115000000000000000e+05 4.459952222588134951e-01 1.891215293582157453e-01 6.083295402822029851e-01 1.952662721893491105e-01 7.282658170232134826e-03 0.000000000000000000e+00
1.120000000000000000e+05 4.479952008339656011e-01 1.850250341374601593e-01 6.101502048247610110e-01 1.951524806554392477e-01 9.672280382339554228e-03 0.000000000000000000e+00
1.125000000000000000e+05 4.499951794091168189e-01 1.910559854346836617e-01 6.077605826126536437e-01 1.935593991807009473e-01 7.624032771961766417e-03 0.000000000000000000e+00
1.130000000000000000e+05 4.519951579842687028e-01 1.906008192990441552e-01 6.035502958579881394e-01 1.959490213928083702e-01 9.899863450159307465e-03 0.000000000000000000e+00
1.135000000000000000e+05 4.539951365594201427e-01 1.890077378243058825e-01 6.032089212562585789e-01 2.001593081474738189e-01 7.624032771961766417e-03 0.000000000000000000e+00
