# itime ezz other fcc hcp bcc ico
0.000000000000000000e+00 0.000000000000000000e+00 0.000000000000000000e+00 1.000000000000000000e+00 0.000000000000000000e+00 0.000000000000000000e+00 0.000000000000000000e+00
2.500000000000000000e+02 1.000058343732623811e-03 0.000000000000000000e+00 1.000000000000000000e+00 0.000000000000000000e+00 0.000000000000000000e+00 0.000000000000000000e+00
5.000000000000000000e+02 2.000116687465247622e-03 0.000000000000000000e+00 1.000000000000000000e+00 0.000000000000000000e+00 0.000000000000000000e+00 0.000000000000000000e+00
7.500000000000000000e+02 3.000175031197649389e-03 0.000000000000000000e+00 1.000000000000000000e+00 0.000000000000000000e+00 0.000000000000000000e+00 0.000000000000000000e+00
1.000000000000000000e+03 4.000233374930273200e-03 0.000000000000000000e+00 1.000000000000000000e+00 0.000000000000000000e+00 0.000000000000000000e+00 0.000000000000000000e+00
1.250000000000000000e+03 5.000291718662897011e-03 0.000000000000000000e+00 1.000000000000000000e+00 0.000000000000000000e+00 0.000000000000000000e+00 0.000000000000000000e+00
1.500000000000000000e+03 6.000350062395520823e-03 0.000000000000000000e+00 1.000000000000000000e+00 0.000000000000000000e+00 0.000000000000000000e+00 0.000000000000000000e+00
1.750000000000000000e+03 7.000408406128144634e-03 0.000000000000000000e+00 1.000000000000000000e+00 0.000000000000000000e+00 0.000000000000000000e+00 0.000000000000000000e+00
2.000000000000000000e+03 8.000466749860546400e-03 0.000000000000000000e+00 1.000000000000000000e+00 0.000000000000000000e+00 0.000000000000000000e+00 0.000000000000000000e+00
2.250000000000000000e+03 9.000525093593170212e-03 0.000000000000000000e+00 1.000000000000000000e+00 0.000000000000000000e+00 0.000000000000000000e+00 0.000000000000000000e+00
2.500000000000000000e+03 1.000058343732579402e-02 0.000000000000000000e+00 1.000000000000000000e+00 0.000000000000000000e+00 0.000000000000000000e+00 0.000000000000000000e+00
2.750000000000000000e+03 1.100064178105841783e-02 0.000000000000000000e+00 1.000000000000000000e+00 0.000000000000000000e+00 0.000000000000000000e+00 0.000000000000000000e+00
3.000000000000000000e+03 1.200070012479081960e-02 0.000000000000000000e+00 1.000000000000000000e+00 0.000000000000000000e+00 0.000000000000000000e+00 0.000000000000000000e+00
3.250000000000000000e+03 1.300075846852344341e-02 0.000000000000000000e+00 1.000000000000000000e+00 0.000000000000000000e+00 0.000000000000000000e+00 0.000000000000000000e+00
3.500000000000000000e+03 1.400081681225606722e-02 0.000000000000000000e+00 1.000000000000000000e+00 0.000000000000000000e+00 0.000000000000000000e+00 0.000000000000000000e+00
3.750000000000000000e+03 1.500087515598869103e-02 0.000000000000000000e+00 1.000000000000000000e+00 0.000000000000000000e+00 0.000000000000000000e+00 0.000000000000000000e+00
4.000000000000000000e+03 1.600093349972131485e-02 0.000000000000000000e+00 1.000000000000000000e+00 0.000000000000000000e+00 0.000000000000000000e+00 0.000000000000000000e+00
4.250000000000000000e+03 1.700099184345371661e-02 0.000000000000000000e+00 1.000000000000000000e+00 0.000000000000000000e+00 0.000000000000000000e+00 0.000000000000000000e+00
4.500000000000000000e+03 1.800105018718634042e-02 0.000000000000000000e+00 1.000000000000000000e+00 0.000000000000000000e+00 0.000000000000000000e+00 0.000000000000000000e+00
4.750000000000000000e+03 1.900110853091896423e-02 0.000000000000000000e+00 1.000000000000000000e+00 0.000000000000000000e+00 0.000000000000000000e+00 0.000000000000000000e+00
5.000000000000000000e+03 2.000116687465158805e-02 0.000000000000000000e+00 1.000000000000000000e+00 0.000000000000000000e+00 0.000000000000000000e+00 0.000000000000000000e+00
5.250000000000000000e+03 2.100122521838421186e-02 0.000000000000000000e+00 1.000000000000000000e+00 0.000000000000000000e+00 0.000000000000000000e+00 0.000000000000000000e+00
5.500000000000000000e+03 2.200128356211661362e-02 0.000000000000000000e+00 1.000000000000000000e+00 0.000000000000000000e+00 0.000000000000000000e+00 0.000000000000000000e+00
5.750000000000000000e+03 2.300134190584923743e-02 0.000000000000000000e+00 1.000000000000000000e+00 0.000000000000000000e+00 0.000000000000000000e+00 0.000000000000000000e+00
6.000000000000000000e+03 2.400140024958186125e-02 0.000000000000000000e+00 1.000000000000000000e+00 0.000000000000000000e+00 0.000000000000000000e+00 0.000000000000000000e+00
6.250000000000000000e+03 2.500145859331448506e-02 0.000000000000000000e+00 1.000000000000000000e+00 0.000000000000000000e+00 0.000000000000000000e+00 0.000000000000000000e+00
6.500000000000000000e+03 2.600151693704710887e-02 0.000000000000000000e+00 1.000000000000000000e+00 0.000000000000000000e+00 0.000000000000000000e+00 0.000000000000000000e+00
6.750000000000000000e+03 2.700157528077951063e-02 0.000000000000000000e+00 1.000000000000000000e+00 0.000000000000000000e+00 0.000000000000000000e+00 0.000000000000000000e+00
7.000000000000000000e+03 2.800163362451213445e-02 0.000000000000000000e+00 1.000000000000000000e+00 0.000000000000000000e+00 0.000000000000000000e+00 0.000000000000000000e+00
7.250000000000000000e+03 2.900169196824475826e-02 0.000000000000000000e+00 1.000000000000000000e+00 0.000000000000000000e+00 0.000000000000000000e+00 0.000000000000000000e+00
7.500000000000000000e+03 3.000175031197738207e-02 0.000000000000000000e+00 1.000000000000000000e+00 0.000000000000000000e+00 0.000000000000000000e+00 0.000000000000000000e+00
7.750000000000000000e+03 3.100180865570978384e-02 0.000000000000000000e+00 1.000000000000000000e+00 0.000000000000000000e+00 0.000000000000000000e+00 0.000000000000000000e+00
8.000000000000000000e+03 3.200186699944240765e-02 0.000000000000000000e+00 1.000000000000000000e+00 0.000000000000000000e+00 0.000000000000000000e+00 0.000000000000000000e+00
8.250000000000000000e+03 3.300192534317503146e-02 0.000000000000000000e+00 1.000000000000000000e+00 0.000000000000000000e+00 0.000000000000000000e+00 0.000000000000000000e+00
8.500000000000000000e+03 3.400198368690765527e-02 0.000000000000000000e+00 1.000000000000000000e+00 0.000000000000000000e+00 0.000000000000000000e+00 0.000000000000000000e+00
8.750000000000000000e+03 3.500204203064027908e-02 0.000000000000000000e+00 1.000000000000000000e+00 0.000000000000000000e+00 0.000000000000000000e+00 0.000000000000000000e+00
9.000000000000000000e+03 3.600210037437268085e-02 0.000000000000000000e+00 1.000000000000000000e+00 0.000000000000000000e+00 0.000000000000000000e+00 0.000000000000000000e+00
9.250000000000000000e+03 3.700215871810530466e-02 0.000000000000000000e+00 1.000000000000000000e+00 0.000000000000000000e+00 0.000000000000000000e+00 0.000000000000000000e+00
9.500000000000000000e+03 3.800221706183792847e-02 0.000000000000000000e+00 1.000000000000000000e+00 0.000000000000000000e+00 0.000000000000000000e+00 0.000000000000000000e+00
9.750000000000000000e+03 3.900227540557055228e-02 0.000000000000000000e+00 1.000000000000000000e+00 0.000000000000000000e+00 0.000000000000000000e+00 0.000000000000000000e+00
1.000000000000000000e+04 4.000233374930317609e-02 0.000000000000000000e+00 1.000000000000000000e+00 0.000000000000000000e+00 0.000000000000000000e+00 0.000000000000000000e+00
1.025000000000000000e+04 4.100239209303557786e-02 0.000000000000000000e+00 1.000000000000000000e+00 0.000000000000000000e+00 0.000000000000000000e+00 0.000000000000000000e+00
1.050000000000000000e+04 4.200245043676820167e-02 0.000000000000000000e+00 1.000000000000000000e+00 0.000000000000000000e+00 0.000000000000000000e+00 0.000000000000000000e+00
1.075000000000000000e+04 4.300250878050082548e-02 0.000000000000000000e+00 1.000000000000000000e+00 0.000000000000000000e+00 0.000000000000000000e+00 0.000000000000000000e+00
1.100000000000000000e+04 4.400256712423344929e-02 0.000000000000000000e+00 1.000000000000000000e+00 0.000000000000000000e+00 0.000000000000000000e+00 0.000000000000000000e+00
1.125000000000000000e+04 4.500262546796585106e-02 0.000000000000000000e+00 1.000000000000000000e+00 0.000000000000000000e+00 0.000000000000000000e+00 0.000000000000000000e+00
1.150000000000000000e+04 4.600268381169847487e-02 0.000000000000000000e+00 1.000000000000000000e+00 0.000000000000000000e+00 0.000000000000000000e+00 0.000000000000000000e+00
1.175000000000000000e+04 4.700274215543109868e-02 0.000000000000000000e+00 1.000000000000000000e+00 0.000000000000000000e+00 0.000000000000000000e+00 0.000000000000000000e+00
1.200000000000000000e+04 4.800280049916372249e-02 0.000000000000000000e+00 1.000000000000000000e+00 0.000000000000000000e+00 0.000000000000000000e+00 0.000000000000000000e+00
1.225000000000000000e+04 4.900285884289634630e-02 0.000000000000000000e+00 1.000000000000000000e+00 0.000000000000000000e+00 0.000000000000000000e+00 0.000000000000000000e+00
1.250000000000000000e+04 5.000291718662874807e-02 1.137915339098771066e-04 9.998862084660901095e-01 0.000000000000000000e+00 0.000000000000000000e+00 0.000000000000000000e+00
1.275000000000000000e+04 5.100297553036137188e-02 0.000000000000000000e+00 1.000000000000000000e+00 0.000000000000000000e+00 0.000000000000000000e+00 0.000000000000000000e+00
1.300000000000000000e+04 5.200303387409399569e-02 0.000000000000000000e+00 1.000000000000000000e+00 0.000000000000000000e+00 0.000000000000000000e+00 0.000000000000000000e+00
1.325000000000000000e+04 5.300309221782661950e-02 0.000000000000000000e+00 1.000000000000000000e+00 0.000000000000000000e+00 0.000000000000000000e+00 0.000000000000000000e+00
1.350000000000000000e+04 5.400315056155924331e-02 0.000000000000000000e+00 1.000000000000000000e+00 0.000000000000000000e+00 0.000000000000000000e+00 0.000000000000000000e+00
1.375000000000000000e+04 5.500320890529164508e-02 0.000000000000000000e+00 1.000000000000000000e+00 0.000000000000000000e+00 0.000000000000000000e+00 0.000000000000000000e+00
1.400000000000000000e+04 5.600326724902426889e-02 0.000000000000000000e+00 1.000000000000000000e+00 0.000000000000000000e+00 0.000000000000000000e+00 0.000000000000000000e+00
1.425000000000000000e+04 5.700332559275689270e-02 0.000000000000000000e+00 1.000000000000000000e+00 0.000000000000000000e+00 0.000000000000000000e+00 0.000000000000000000e+00
1.450000000000000000e+04 5.800338393648951651e-02 0.000000000000000000e+00 1.000000000000000000e+00 0.000000000000000000e+00 0.000000000000000000e+00 0.000000000000000000e+00
1.475000000000000000e+04 5.900344228022214033e-02 0.000000000000000000e+00 1.000000000000000000e+00 0.000000000000000000e+00 0.000000000000000000e+00 0.000000000000000000e+00
1.500000000000000000e+04 6.000350062395454209e-02 0.000000000000000000e+00 1.000000000000000000e+00 0.000000000000000000e+00 0.000000000000000000e+00 0.000000000000000000e+00
1.525000000000000000e+04 6.100355896768716590e-02 0.000000000000000000e+00 1.000000000000000000e+00 0.000000000000000000e+00 0.000000000000000000e+00 0.000000000000000000e+00
1.550000000000000000e+04 6.200361731141978971e-02 4.551661356395084266e-04 9.995448338643604380e-01 0.000000000000000000e+00 0.000000000000000000e+00 0.000000000000000000e+00
1.575000000000000000e+04 6.300367565515241353e-02 0.000000000000000000e+00 1.000000000000000000e+00 0.000000000000000000e+00 0.000000000000000000e+00 0.000000000000000000e+00
1.600000000000000000e+04 6.400373399888481529e-02 0.000000000000000000e+00 1.000000000000000000e+00 0.000000000000000000e+00 0.000000000000000000e+00 0.000000000000000000e+00
1.625000000000000000e+04 6.500379234261743910e-02 0.000000000000000000e+00 1.000000000000000000e+00 0.000000000000000000e+00 0.000000000000000000e+00 0.000000000000000000e+00
1.650000000000000000e+04 6.600385068635006292e-02 1.137915339098771066e-04 9.998862084660901095e-01 0.000000000000000000e+00 0.000000000000000000e+00 0.000000000000000000e+00
1.675000000000000000e+04 6.700390903008268673e-02 0.000000000000000000e+00 1.000000000000000000e+00 0.000000000000000000e+00 0.000000000000000000e+00 0.000000000000000000e+00
1.700000000000000000e+04 6.800396737381531054e-02 0.000000000000000000e+00 1.000000000000000000e+00 0.000000000000000000e+00 0.000000000000000000e+00 0.000000000000000000e+00
1.725000000000000000e+04 6.900402571754771230e-02 0.000000000000000000e+00 1.000000000000000000e+00 0.000000000000000000e+00 0.000000000000000000e+00 0.000000000000000000e+00
1.750000000000000000e+04 7.000408406128033612e-02 0.000000000000000000e+00 1.000000000000000000e+00 0.000000000000000000e+00 0.000000000000000000e+00 0.000000000000000000e+00
1.775000000000000000e+04 7.100414240501295993e-02 0.000000000000000000e+00 1.000000000000000000e+00 0.000000000000000000e+00 0.000000000000000000e+00 0.000000000000000000e+00
1.800000000000000000e+04 7.200420074874558374e-02 0.000000000000000000e+00 1.000000000000000000e+00 0.000000000000000000e+00 0.000000000000000000e+00 0.000000000000000000e+00
1.825000000000000000e+04 7.300425909247820755e-02 0.000000000000000000e+00 1.000000000000000000e+00 0.000000000000000000e+00 0.000000000000000000e+00 0.000000000000000000e+00
1.850000000000000000e+04 7.400431743621060932e-02 1.137915339098771066e-04 9.998862084660901095e-01 0.000000000000000000e+00 0.000000000000000000e+00 0.000000000000000000e+00
1.875000000000000000e+04 7.500437577994323313e-02 4.551661356395084266e-04 9.995448338643604380e-01 0.000000000000000000e+00 0.000000000000000000e+00 0.000000000000000000e+00
1.900000000000000000e+04 7.600443412367585694e-02 3.413746017296313199e-04 9.996586253982703285e-01 0.000000000000000000e+00 0.000000000000000000e+00 0.000000000000000000e+00
1.925000000000000000e+04 7.700449246740848075e-02 1.137915339098771066e-04 9.998862084660901095e-01 0.000000000000000000e+00 0.000000000000000000e+00 0.000000000000000000e+00
1.950000000000000000e+04 7.800455081114110456e-02 1.137915339098771066e-04 9.998862084660901095e-01 0.000000000000000000e+00 0.000000000000000000e+00 0.000000000000000000e+00
1.975000000000000000e+04 7.900460915487350633e-02 4.551661356395084266e-04 9.995448338643604380e-01 0.000000000000000000e+00 0.000000000000000000e+00 0.000000000000000000e+00
2.000000000000000000e+04 8.000466749860613014e-02 1.137915339098771066e-04 9.998862084660901095e-01 0.000000000000000000e+00 0.000000000000000000e+00 0.000000000000000000e+00
2.025000000000000000e+04 8.100472584233875395e-02 0.000000000000000000e+00 1.000000000000000000e+00 0.000000000000000000e+00 0.000000000000000000e+00 0.000000000000000000e+00
2.050000000000000000e+04 8.200478418607137776e-02 0.000000000000000000e+00 1.000000000000000000e+00 0.000000000000000000e+00 0.000000000000000000e+00 0.000000000000000000e+00
2.075000000000000000e+04 8.300484252980377953e-02 0.000000000000000000e+00 1.000000000000000000e+00 0.000000000000000000e+00 0.000000000000000000e+00 0.000000000000000000e+00
2.100000000000000000e+04 8.400490087353640334e-02 1.137915339098771066e-04 9.998862084660901095e-01 0.000000000000000000e+00 0.000000000000000000e+00 0.000000000000000000e+00
2.125000000000000000e+04 8.500495921726902715e-02 1.137915339098771066e-04 9.998862084660901095e-01 0.000000000000000000e+00 0.000000000000000000e+00 0.000000000000000000e+00
2.150000000000000000e+04 8.600501756100165096e-02 2.275830678197542133e-04 9.997724169321802190e-01 0.000000000000000000e+00 0.000000000000000000e+00 0.000000000000000000e+00
2.175000000000000000e+04 8.700507590473427477e-02 4.551661356395084266e-04 9.995448338643604380e-01 0.000000000000000000e+00 0.000000000000000000e+00 0.000000000000000000e+00
2.200000000000000000e+04 8.800513424846667654e-02 1.251706873008648227e-03 9.982931269913518646e-01 0.000000000000000000e+00 4.551661356395084266e-04 0.000000000000000000e+00
2.225000000000000000e+04 8.900519259219930035e-02 1.365498406918525280e-03 9.985207100591716456e-01 0.000000000000000000e+00 1.137915339098771066e-04 0.000000000000000000e+00
2.250000000000000000e+04 9.000525093593192416e-02 1.365498406918525280e-03 9.984069185252617551e-01 0.000000000000000000e+00 2.275830678197542133e-04 0.000000000000000000e+00
2.275000000000000000e+04 9.100530927966454797e-02 1.137915339098771066e-04 9.998862084660901095e-01 0.000000000000000000e+00 0.000000000000000000e+00 0.000000000000000000e+00
2.300000000000000000e+04 9.200536762339717178e-02 1.137915339098771066e-04 9.998862084660901095e-01 0.000000000000000000e+00 0.000000000000000000e+00 0.000000000000000000e+00
2.325000000000000000e+04 9.300542596712957355e-02 1.820664542558033706e-03 9.981793354574419741e-01 0.000000000000000000e+00 0.000000000000000000e+00 0.000000000000000000e+00
2.350000000000000000e+04 9.400548431086219736e-02 5.689576695493854790e-04 9.994310423304506585e-01 0.000000000000000000e+00 0.000000000000000000e+00 0.000000000000000000e+00
2.375000000000000000e+04 9.500554265459482117e-02 1.137915339098770958e-03 9.988620846609012061e-01 0.000000000000000000e+00 0.000000000000000000e+00 0.000000000000000000e+00
2.400000000000000000e+04 9.600560099832744498e-02 2.389622212107419402e-03 9.976103777878926326e-01 0.000000000000000000e+00 0.000000000000000000e+00 0.000000000000000000e+00
2.425000000000000000e+04 9.700565934206006879e-02 2.048247610377787811e-03 9.979517523896221931e-01 0.000000000000000000e+00 0.000000000000000000e+00 0.000000000000000000e+00
2.450000000000000000e+04 9.800571768579247056e-02 2.958579881656804664e-03 9.969276285844332897e-01 0.000000000000000000e+00 1.137915339098771066e-04 0.000000000000000000e+00
2.475000000000000000e+04 9.900577602952509437e-02 2.503413746017296455e-03 9.974965862539827421e-01 0.000000000000000000e+00 0.000000000000000000e+00 0.000000000000000000e+00
2.500000000000000000e+04 1.000058343732577182e-01 2.162039144287664864e-03 9.978379608557123026e-01 0.000000000000000000e+00 0.000000000000000000e+00 0.000000000000000000e+00
2.525000000000000000e+04 1.010058927169903420e-01 5.120619025944469528e-03 9.945380063723259223e-01 0.000000000000000000e+00 3.413746017296313199e-04 0.000000000000000000e+00
2.550000000000000000e+04 1.020059510607227438e-01 3.641329085116067413e-03 9.960172963131542767e-01 0.000000000000000000e+00 3.413746017296313199e-04 0.000000000000000000e+00
2.575000000000000000e+04 1.030060094044553676e-01 4.210286754665453109e-03 9.955621301775148257e-01 0.000000000000000000e+00 2.275830678197542133e-04 0.000000000000000000e+00
2.600000000000000000e+04 1.040060677481879914e-01 4.893035958124715423e-03 9.946517979062358128e-01 0.000000000000000000e+00 4.551661356395084266e-04 0.000000000000000000e+00
2.625000000000000000e+04 1.050061260919206152e-01 5.234410559854347014e-03 9.941966317705962508e-01 0.000000000000000000e+00 5.689576695493854790e-04 0.000000000000000000e+00
2.650000000000000000e+04 1.060061844356532390e-01 6.713700500682749130e-03 9.932862994993172379e-01 0.000000000000000000e+00 0.000000000000000000e+00 0.000000000000000000e+00
2.675000000000000000e+04 1.070062427793856408e-01 5.348202093764223633e-03 9.941966317705962508e-01 0.000000000000000000e+00 4.551661356395084266e-04 0.000000000000000000e+00
2.700000000000000000e+04 1.080063011231182646e-01 9.444697314519799256e-03 9.895311788802912956e-01 0.000000000000000000e+00 1.024123805188893906e-03 0.000000000000000000e+00
2.725000000000000000e+04 1.090063594668508884e-01 2.469276285844333035e-02 9.692762858443332297e-01 0.000000000000000000e+00 6.030951297223486815e-03 0.000000000000000000e+00
2.750000000000000000e+04 1.100064178105835122e-01 7.077833409194356218e-02 7.713928083750568598e-01 0.000000000000000000e+00 1.578288575329995502e-01 0.000000000000000000e+00
2.775000000000000000e+04 1.110064761543161360e-01 1.484979517523896120e-01 2.944924897587619661e-01 0.000000000000000000e+00 5.570095584888484774e-01 0.000000000000000000e+00
2.800000000000000000e+04 1.120065344980485378e-01 2.544378698224852298e-01 4.107874374146563423e-01 1.388256713700500578e-01 1.959490213928083702e-01 0.000000000000000000e+00
2.825000000000000000e+04 1.130065928417811616e-01 2.328174783796085612e-01 4.899863450159308020e-01 2.506827492034592875e-01 2.651342740100136666e-02 0.000000000000000000e+00
2.850000000000000000e+04 1.140066511855137854e-01 1.853664087391898030e-01 5.977469276285843902e-01 2.066454255803368278e-01 1.024123805188893906e-02 0.000000000000000000e+00
2.875000000000000000e+04 1.150067095292464092e-01 1.483841602184797492e-01 6.643149749658625591e-01 1.794492489758761911e-01 7.851615839781519654e-03 0.000000000000000000e+00
2.900000000000000000e+04 1.160067678729790330e-01 1.090122894856622726e-01 6.877560309512972259e-01 1.960628129267182607e-01 7.168866636322257339e-03 0.000000000000000000e+00
2.925000000000000000e+04 1.170068262167114348e-01 8.659535730541648157e-02 6.901456531634045932e-01 2.196176604460628179e-01 3.641329085116067413e-03 0.000000000000000000e+00
2.950000000000000000e+04 1.180068845604440586e-01 7.544378698224851743e-02 6.987938097405552718e-01 2.237141556668183762e-01 2.048247610377787811e-03 0.000000000000000000e+00
2.975000000000000000e+04 1.190069429041766824e-01 7.362312243969049153e-02 6.994765589440146147e-01 2.237141556668183762e-01 3.186162949476558769e-03 0.000000000000000000e+00
3.000000000000000000e+04 1.200070012479093062e-01 7.225762403277195822e-02 6.997041420118342847e-01 2.248520710059171701e-01 3.186162949476558769e-03 0.000000000000000000e+00
3.025000000000000000e+04 1.210070595916417080e-01 7.282658170232134132e-02 6.999317250796540657e-01 2.253072371415566766e-01 1.934456076467910759e-03 0.000000000000000000e+00
3.050000000000000000e+04 1.220071179353743318e-01 7.487482931269913433e-02 6.999317250796540657e-01 2.239417387346381294e-01 1.251706873008648227e-03 0.000000000000000000e+00
3.075000000000000000e+04 1.230071762791069556e-01 7.441966317705962786e-02 6.998179335457441752e-01 2.238279472007282667e-01 1.934456076467910759e-03 0.000000000000000000e+00
3.100000000000000000e+04 1.240072346228395794e-01 7.441966317705962786e-02 7.003868912152936277e-01 2.222348657259899940e-01 2.958579881656804664e-03 0.000000000000000000e+00
3.125000000000000000e+04 1.250072929665722032e-01 7.373691397360036814e-02 7.002730996813837372e-01 2.240555302685480199e-01 1.934456076467910759e-03 0.000000000000000000e+00
3.150000000000000000e+04 1.260073513103046050e-01 7.259899863450158808e-02 7.011834319526627501e-01 2.240555302685480199e-01 2.162039144287664864e-03 0.000000000000000000e+00
3.175000000000000000e+04 1.270074096540372288e-01 7.339553937187073829e-02 7.001593081474738467e-01 2.228038233955393632e-01 3.641329085116067413e-03 0.000000000000000000e+00
3.200000000000000000e+04 1.280074679977698526e-01 7.339553937187073829e-02 7.005006827492034072e-01 2.232589895311788697e-01 2.844788347746927612e-03 0.000000000000000000e+00
3.225000000000000000e+04 1.290075263415024764e-01 7.305416477014110843e-02 7.007282658170231882e-01 2.238279472007282667e-01 2.389622212107419402e-03 0.000000000000000000e+00
3.250000000000000000e+04 1.300075846852351003e-01 7.316795630405098505e-02 6.999317250796540657e-01 2.242831133363677731e-01 2.617205279927173507e-03 0.000000000000000000e+00
3.275000000000000000e+04 1.310076430289675020e-01 7.350933090578061491e-02 7.000455166135639562e-01 2.236003641329085134e-01 2.844788347746927612e-03 0.000000000000000000e+00
3.300000000000000000e+04 1.320077013727001258e-01 7.328174783796086167e-02 6.999317250796540657e-01 2.237141556668183762e-01 3.072371415566681717e-03 0.000000000000000000e+00
3.325000000000000000e+04 1.330077597164327496e-01 7.305416477014110843e-02 7.001593081474738467e-01 2.243969048702776636e-01 2.389622212107419402e-03 0.000000000000000000e+00
3.350000000000000000e+04 1.340078180601653735e-01 7.350933090578061491e-02 7.007282658170231882e-01 2.239417387346381294e-01 1.820664542558033706e-03 0.000000000000000000e+00
3.375000000000000000e+04 1.350078764038977752e-01 7.191624943104232837e-02 7.007282658170231882e-01 2.239417387346381294e-01 3.413746017296313308e-03 0.000000000000000000e+00
3.400000000000000000e+04 1.360079347476303990e-01 7.385070550751024476e-02 7.005006827492034072e-01 2.234865725989986229e-01 2.162039144287664864e-03 0.000000000000000000e+00
3.425000000000000000e+04 1.370079930913630228e-01 7.294037323623121793e-02 7.008420573509330787e-01 2.239417387346381294e-01 2.275830678197541916e-03 0.000000000000000000e+00
3.450000000000000000e+04 1.380080514350956467e-01 7.305416477014110843e-02 7.005006827492034072e-01 2.236003641329085134e-01 2.844788347746927612e-03 0.000000000000000000e+00
3.475000000000000000e+04 1.390081097788282705e-01 7.282658170232134132e-02 7.005006827492034072e-01 2.241693218024579104e-01 2.503413746017296455e-03 0.000000000000000000e+00
3.500000000000000000e+04 1.400081681225606722e-01 7.214383249886208160e-02 7.005006827492034072e-01 2.241693218024579104e-01 3.186162949476558769e-03 0.000000000000000000e+00
3.525000000000000000e+04 1.410082264662932960e-01 7.396449704142012138e-02 7.009558488848429691e-01 2.224624487938097472e-01 2.617205279927173507e-03 0.000000000000000000e+00
3.550000000000000000e+04 1.420082848100259199e-01 7.339553937187073829e-02 7.006144742831132977e-01 2.233727810650887602e-01 2.617205279927173507e-03 0.000000000000000000e+00
3.575000000000000000e+04 1.430083431537585437e-01 7.237141556668183484e-02 7.009558488848429691e-01 2.239417387346381294e-01 2.730996813837050560e-03 0.000000000000000000e+00
3.600000000000000000e+04 1.440084014974911675e-01 7.328174783796086167e-02 7.010696404187528596e-01 2.225762403277196100e-01 3.072371415566681717e-03 0.000000000000000000e+00
3.625000000000000000e+04 1.450084598412235692e-01 7.339553937187073829e-02 7.009558488848429691e-01 2.230314064633591165e-01 2.617205279927173507e-03 0.000000000000000000e+00
3.650000000000000000e+04 1.460085181849561931e-01 7.248520710059171146e-02 7.007282658170231882e-01 2.238279472007282667e-01 2.958579881656804664e-03 0.000000000000000000e+00
3.675000000000000000e+04 1.470085765286888169e-01 6.975421028675465873e-02 7.015248065543923106e-01 2.256486117432862926e-01 3.072371415566681717e-03 0.000000000000000000e+00
3.700000000000000000e+04 1.480086348724214407e-01 7.009558488848430247e-02 7.009558488848429691e-01 2.254210286754665393e-01 3.527537551206190360e-03 0.000000000000000000e+00
3.725000000000000000e+04 1.490086932161540645e-01 6.998179335457442585e-02 7.024351388256713236e-01 2.243969048702776636e-01 3.186162949476558769e-03 0.000000000000000000e+00
3.750000000000000000e+04 1.500087515598864663e-01 7.271279016841146470e-02 7.007282658170231882e-01 2.237141556668183762e-01 2.844788347746927612e-03 0.000000000000000000e+00
3.775000000000000000e+04 1.510088099036190901e-01 7.237141556668183484e-02 7.022075557578516536e-01 2.236003641329085134e-01 1.820664542558033706e-03 0.000000000000000000e+00
3.800000000000000000e+04 1.520088682473517139e-01 7.259899863450158808e-02 7.030040964952207760e-01 2.225762403277196100e-01 1.820664542558033706e-03 0.000000000000000000e+00
3.825000000000000000e+04 1.530089265910843377e-01 7.339553937187073829e-02 7.109695038689121116e-01 2.138142922166590687e-01 1.820664542558033706e-03 0.000000000000000000e+00
3.850000000000000000e+04 1.540089849348167395e-01 7.828857532999544677e-02 7.419208010923987739e-01 1.784251251706872876e-01 1.365498406918525280e-03 0.000000000000000000e+00
3.875000000000000000e+04 1.550090432785493633e-01 6.645425580336822291e-02 8.311333636777423761e-01 9.911242603550296515e-02 3.299954483386436255e-03 0.000000000000000000e+00
3.900000000000000000e+04 1.560091016222819871e-01 7.020937642239417908e-02 8.299954483386435822e-01 9.729176149294492537e-02 2.503413746017296455e-03 0.000000000000000000e+00
3.925000000000000000e+04 1.570091599660146109e-01 6.656804733727811341e-02 8.401228948566226151e-01 9.046426945835230049e-02 2.844788347746927612e-03 0.000000000000000000e+00
3.950000000000000000e+04 1.580092183097472347e-01 5.883022303140646170e-02 8.206645425580336717e-01 1.180018206645425533e-01 2.503413746017296455e-03 0.000000000000000000e+00
3.975000000000000000e+04 1.590092766534796365e-01 6.019572143832498806e-02 8.199817933545744397e-01 1.175466545289030468e-01 2.275830678197541916e-03 0.000000000000000000e+00
4.000000000000000000e+04 1.600093349972122603e-01 5.826126536185707860e-02 8.211197086936732337e-01 1.183431952662721831e-01 2.275830678197541916e-03 0.000000000000000000e+00
4.025000000000000000e+04 1.610093933409448841e-01 5.860263996358670846e-02 8.208921256258534527e-01 1.182294037323623065e-01 2.275830678197541916e-03 0.000000000000000000e+00
4.050000000000000000e+04 1.620094516846775079e-01 5.860263996358670846e-02 8.213472917614929036e-01 1.183431952662721831e-01 1.706873008648156654e-03 0.000000000000000000e+00
4.075000000000000000e+04 1.630095100284101317e-01 5.939918070095585173e-02 8.204369594902138907e-01 1.178880291306326766e-01 2.275830678197541916e-03 0.000000000000000000e+00
4.100000000000000000e+04 1.640095683721425335e-01 5.928538916704597511e-02 8.194128356850249872e-01 1.174328629949931702e-01 3.868912152935821518e-03 0.000000000000000000e+00
4.125000000000000000e+04 1.650096267158751573e-01 5.826126536185707860e-02 8.220300409649522466e-01 1.176604460628129234e-01 2.048247610377787811e-03 0.000000000000000000e+00
4.150000000000000000e+04 1.660096850596077811e-01 5.883022303140646170e-02 8.218024578971324656e-01 1.176604460628129234e-01 1.706873008648156654e-03 0.000000000000000000e+00
4.175000000000000000e+04 1.670097434033404049e-01 5.928538916704597511e-02 8.205507510241237812e-01 1.176604460628129234e-01 2.503413746017296455e-03 0.000000000000000000e+00
4.200000000000000000e+04 1.680098017470730287e-01 5.996813837050523482e-02 8.195266272189348777e-01 1.177742375967228000e-01 2.730996813837050560e-03 0.000000000000000000e+00
4.225000000000000000e+04 1.690098600908054305e-01 5.951297223486572835e-02 8.203231679563040002e-01 1.183431952662721831e-01 1.820664542558033706e-03 0.000000000000000000e+00
4.250000000000000000e+04 1.700099184345380543e-01 5.883022303140646170e-02 8.212335002275830131e-01 1.186845698680018268e-01 1.251706873008648227e-03 0.000000000000000000e+00
4.275000000000000000e+04 1.710099767782706781e-01 5.962676376877560497e-02 8.198680018206645492e-01 1.177742375967228000e-01 2.730996813837050560e-03 0.000000000000000000e+00
4.300000000000000000e+04 1.720100351220033019e-01 5.905780609922621494e-02 8.196404187528447682e-01 1.184569868001820597e-01 2.844788347746927612e-03 0.000000000000000000e+00
4.325000000000000000e+04 1.730100934657357037e-01 5.769230769230769551e-02 8.192990441511152078e-01 1.191397360036413333e-01 3.868912152935821518e-03 0.000000000000000000e+00
4.350000000000000000e+04 1.740101518094683275e-01 5.678197542102867562e-02 8.212335002275830131e-01 1.190259444697314567e-01 2.958579881656804664e-03 0.000000000000000000e+00
4.375000000000000000e+04 1.750102101532009513e-01 5.769230769230769551e-02 8.212335002275830131e-01 1.189121529358215801e-01 2.162039144287664864e-03 0.000000000000000000e+00
4.400000000000000000e+04 1.760102684969335751e-01 5.791989076012744875e-02 8.198680018206645492e-01 1.195949021392808398e-01 2.617205279927173507e-03 0.000000000000000000e+00
4.425000000000000000e+04 1.770103268406661989e-01 5.735093309057805872e-02 8.205507510241237812e-01 1.195949021392808398e-01 2.503413746017296455e-03 0.000000000000000000e+00
4.450000000000000000e+04 1.780103851843986007e-01 5.609922621756941591e-02 8.208921256258534527e-01 1.197086936731907164e-01 3.299954483386436255e-03 0.000000000000000000e+00
4.475000000000000000e+04 1.790104435281312245e-01 5.609922621756941591e-02 8.212335002275830131e-01 1.197086936731907164e-01 2.958579881656804664e-03 0.000000000000000000e+00
4.500000000000000000e+04 1.800105018718638483e-01 5.814747382794720199e-02 8.197542102867546587e-01 1.187983614019117035e-01 3.299954483386436255e-03 0.000000000000000000e+00
4.525000000000000000e+04 1.810105602155964721e-01 5.769230769230769551e-02 8.198680018206645492e-01 1.192535275375512099e-01 3.186162949476558769e-03 0.000000000000000000e+00
4.550000000000000000e+04 1.820106185593290959e-01 5.814747382794720199e-02 8.197542102867546587e-01 1.189121529358215801e-01 3.186162949476558769e-03 0.000000000000000000e+00
4.575000000000000000e+04 1.830106769030614977e-01 5.757851615839781195e-02 8.199817933545744397e-01 1.193673190714610866e-01 3.072371415566681717e-03 0.000000000000000000e+00
4.600000000000000000e+04 1.840107352467941215e-01 5.905780609922621494e-02 8.196404187528447682e-01 1.187983614019117035e-01 2.503413746017296455e-03 0.000000000000000000e+00
4.625000000000000000e+04 1.850107935905267453e-01 5.723714155666818210e-02 8.196404187528447682e-01 1.192535275375512099e-01 3.868912152935821518e-03 0.000000000000000000e+00
4.650000000000000000e+04 1.860108519342593691e-01 5.769230769230769551e-02 8.194128356850249872e-01 1.192535275375512099e-01 3.641329085116067413e-03 0.000000000000000000e+00
4.675000000000000000e+04 1.870109102779919930e-01 5.780609922621757213e-02 8.194128356850249872e-01 1.195949021392808398e-01 3.186162949476558769e-03 0.000000000000000000e+00
4.700000000000000000e+04 1.880109686217243947e-01 5.803368229403732537e-02 8.192990441511152078e-01 1.189121529358215801e-01 3.755120619025944465e-03 0.000000000000000000e+00
4.725000000000000000e+04 1.890110269654570185e-01 5.826126536185707860e-02 8.191852526172053173e-01 1.187983614019117035e-01 3.755120619025944465e-03 0.000000000000000000e+00
4.750000000000000000e+04 1.900110853091896423e-01 5.962676376877560497e-02 8.180473372781065233e-01 1.184569868001820597e-01 3.868912152935821518e-03 0.000000000000000000e+00
4.775000000000000000e+04 1.910111436529222662e-01 5.939918070095585173e-02 8.185025034137459743e-01 1.187983614019117035e-01 3.299954483386436255e-03 0.000000000000000000e+00
4.800000000000000000e+04 1.920112019966546679e-01 5.951297223486572835e-02 8.170232134729176199e-01 1.184569868001820597e-01 5.006827492034592909e-03 0.000000000000000000e+00
4.825000000000000000e+04 1.930112603403872917e-01 5.974055530268548159e-02 8.172507965407374009e-01 1.184569868001820597e-01 4.551661356395083832e-03 0.000000000000000000e+00
4.850000000000000000e+04 1.940113186841199155e-01 6.030951297223486468e-02 8.162266727355484974e-01 1.180018206645425533e-01 5.461993627674101119e-03 0.000000000000000000e+00
4.875000000000000000e+04 1.950113770278525394e-01 6.258534365043240399e-02 8.158852981338188259e-01 1.168639053254437871e-01 4.665452890304961318e-03 0.000000000000000000e+00
4.900000000000000000e+04 1.960114353715851632e-01 6.008192990441511144e-02 8.172507965407374009e-01 1.181156121984524299e-01 4.551661356395083832e-03 0.000000000000000000e+00
4.925000000000000000e+04 1.970114937153175649e-01 6.121984524351388457e-02 8.159990896677287164e-01 1.182294037323623065e-01 4.551661356395083832e-03 0.000000000000000000e+00
4.950000000000000000e+04 1.980115520590501887e-01 6.224396904870277414e-02 8.156577150659990449e-01 1.170914883932635403e-01 5.006827492034592909e-03 0.000000000000000000e+00
4.975000000000000000e+04 1.990116104027828126e-01 6.429221665908056715e-02 8.145197997269003620e-01 1.164087391898042806e-01 4.779244424214838804e-03 0.000000000000000000e+00
5.000000000000000000e+04 2.000116687465154364e-01 6.326809285389166371e-02 8.157715065999089354e-01 1.169776968593536637e-01 3.982703686845699004e-03 0.000000000000000000e+00
5.025000000000000000e+04 2.010117270902480602e-01 6.292671825216203385e-02 8.155439235320892655e-01 1.177742375967228000e-01 3.755120619025944465e-03 0.000000000000000000e+00
5.050000000000000000e+04 2.020117854339804619e-01 6.531634046426945672e-02 8.148611743286299225e-01 1.161811561219845274e-01 3.641329085116067413e-03 0.000000000000000000e+00
5.075000000000000000e+04 2.030118437777130858e-01 5.962676376877560497e-02 8.166818388711879484e-01 1.193673190714610866e-01 4.324078288575329727e-03 0.000000000000000000e+00
5.100000000000000000e+04 2.040119021214457096e-01 6.065088757396449454e-02 8.164542558033682784e-01 1.181156121984524299e-01 4.779244424214838804e-03 0.000000000000000000e+00
5.125000000000000000e+04 2.050119604651783334e-01 6.417842512517069054e-02 8.146335912608101415e-01 1.174328629949931702e-01 3.755120619025944465e-03 0.000000000000000000e+00
5.150000000000000000e+04 2.060120188089107351e-01 6.269913518434228061e-02 8.164542558033682784e-01 1.174328629949931702e-01 3.413746017296313308e-03 0.000000000000000000e+00
5.175000000000000000e+04 2.070120771526433590e-01 6.588529813381883982e-02 8.140646335912608000e-01 1.159535730541647741e-01 4.096495220755575623e-03 0.000000000000000000e+00
5.200000000000000000e+04 2.080121354963759828e-01 6.895766954938552240e-02 8.188438780154756458e-01 1.065088757396449731e-01 5.689576695493855224e-03 0.000000000000000000e+00
5.225000000000000000e+04 2.090121938401086066e-01 8.454710969503868856e-02 8.494538006372326366e-01 6.008192990441511144e-02 5.917159763313609329e-03 0.000000000000000000e+00
5.250000000000000000e+04 2.100122521838412304e-01 8.887118798361401395e-02 7.406690942193900895e-01 1.635184342284934089e-01 6.941283568502503235e-03 0.000000000000000000e+00
5.275000000000000000e+04 2.110123105275736322e-01 7.771961766044606368e-02 7.315657715065999600e-01 1.824078288575330109e-01 8.306781975421027864e-03 0.000000000000000000e+00
5.300000000000000000e+04 2.120123688713062560e-01 8.215748748293126569e-02 7.385070550751023921e-01 1.735320892125625791e-01 5.803368229403732710e-03 0.000000000000000000e+00
5.325000000000000000e+04 2.130124272150388798e-01 7.715065999089668058e-02 6.772872098315885214e-01 2.440828402366863881e-01 1.479289940828402332e-03 0.000000000000000000e+00
5.350000000000000000e+04 2.140124855587715036e-01 7.669549385525717411e-02 6.704597177969958688e-01 2.506827492034592875e-01 2.162039144287664864e-03 0.000000000000000000e+00
5.375000000000000000e+04 2.150125439025041274e-01 7.464724624487938109e-02 6.713700500682748817e-01 2.526172052799271484e-01 1.365498406918525280e-03 0.000000000000000000e+00
5.400000000000000000e+04 2.160126022462365292e-01 7.180245789713245175e-02 6.730769230769231282e-01 2.526172052799271484e-01 2.503413746017296455e-03 0.000000000000000000e+00
5.425000000000000000e+04 2.170126605899691530e-01 7.464724624487938109e-02 6.736458807464724696e-01 2.509103322712790130e-01 7.965407373691396923e-04 0.000000000000000000e+00
5.450000000000000000e+04 2.180127189337017768e-01 7.373691397360036814e-02 6.701183431952663083e-01 2.545516613563950648e-01 1.593081474738279385e-03 0.000000000000000000e+00
5.475000000000000000e+04 2.190127772774344006e-01 7.396449704142012138e-02 6.601046882111970548e-01 2.646791078743741532e-01 1.251706873008648227e-03 0.000000000000000000e+00
5.500000000000000000e+04 2.200128356211670244e-01 7.464724624487938109e-02 6.624943104233045332e-01 2.604688211197087044e-01 2.389622212107419402e-03 0.000000000000000000e+00
5.525000000000000000e+04 2.210128939648994262e-01 7.180245789713245175e-02 6.603322712790168358e-01 2.662721893491124536e-01 1.593081474738279385e-03 0.000000000000000000e+00
5.550000000000000000e+04 2.220129523086320500e-01 7.385070550751024476e-02 6.572598998634501255e-01 2.672963131543013016e-01 1.593081474738279385e-03 0.000000000000000000e+00
5.575000000000000000e+04 2.230130106523646738e-01 7.521620391442876419e-02 6.546426945835229771e-01 2.676376877560309731e-01 2.503413746017296455e-03 0.000000000000000000e+00
5.600000000000000000e+04 2.240130689960972976e-01 7.680928538916705073e-02 6.513427401001365968e-01 2.702548930359581214e-01 1.593081474738279385e-03 0.000000000000000000e+00
5.625000000000000000e+04 2.250131273398296994e-01 7.965407373691398007e-02 6.422394173873463563e-01 2.761720527992717611e-01 1.934456076467910759e-03 0.000000000000000000e+00
5.650000000000000000e+04 2.260131856835623232e-01 7.840236686390532339e-02 6.421256258534364658e-01 2.778789258079198965e-01 1.593081474738279385e-03 0.000000000000000000e+00
5.675000000000000000e+04 2.270132440272949470e-01 7.771961766044606368e-02 6.389394629039599760e-01 2.812926718252162228e-01 2.048247610377787811e-03 0.000000000000000000e+00
