# itime ezz other fcc hcp bcc ico
0.000000000000000000e+00 0.000000000000000000e+00 5.689576695493854790e-04 9.994310423304506585e-01 0.000000000000000000e+00 0.000000000000000000e+00 0.000000000000000000e+00
3.000000000000000000e+01 1.199995674094589404e-02 1.365498406918525280e-03 9.985207100591716456e-01 0.000000000000000000e+00 1.137915339098771066e-04 0.000000000000000000e+00
6.000000000000000000e+01 2.399991348189156604e-02 4.096495220755575623e-03 9.959035047792443862e-01 0.000000000000000000e+00 0.000000000000000000e+00 0.000000000000000000e+00
9.000000000000000000e+01 3.599987022283746008e-02 4.210286754665453109e-03 9.957897132453344957e-01 0.000000000000000000e+00 0.000000000000000000e+00 0.000000000000000000e+00
1.200000000000000000e+02 4.799982696378335412e-02 6.713700500682749130e-03 9.930587164314974569e-01 0.000000000000000000e+00 2.275830678197542133e-04 0.000000000000000000e+00
1.500000000000000000e+02 5.999978370472902611e-02 1.536185707783340945e-02 9.840691852526172179e-01 0.000000000000000000e+00 5.689576695493854790e-04 0.000000000000000000e+00
1.800000000000000000e+02 7.199974044567492015e-02 3.709604005461993731e-02 9.614246700045516736e-01 0.000000000000000000e+00 1.479289940828402332e-03 0.000000000000000000e+00
2.100000000000000000e+02 8.399969718662081419e-02 7.658170232134729749e-02 9.190942193900774049e-01 0.000000000000000000e+00 4.324078288575329727e-03 0.000000000000000000e+00
2.400000000000000000e+02 9.599965392756648619e-02 1.363222576240327721e-01 8.558261265361857273e-01 0.000000000000000000e+00 7.851615839781519654e-03 0.000000000000000000e+00
2.700000000000000000e+02 1.079996106685123802e-01 2.248520710059171701e-01 7.578516158397815561e-01 0.000000000000000000e+00 1.729631315430131891e-02 0.000000000000000000e+00
3.000000000000000000e+02 1.199995674094582743e-01 3.633363677742376119e-01 6.030951297223486884e-01 0.000000000000000000e+00 3.356850250341374825e-02 0.000000000000000000e+00
3.300000000000000000e+02 1.319995241504039463e-01 5.188893946290396020e-01 4.151115157032316816e-01 9.103322712790168532e-04 6.508875739644970349e-02 0.000000000000000000e+00
3.600000000000000000e+02 1.439994808913498403e-01 6.416704597177970149e-01 2.465862539827036737e-01 3.299954483386436255e-03 1.084433318161128756e-01 0.000000000000000000e+00
3.900000000000000000e+02 1.559994376322957343e-01 7.115384615384615641e-01 1.269913518434228616e-01 7.851615839781519654e-03 1.536185707783341015e-01 0.000000000000000000e+00
4.200000000000000000e+02 1.679993943732414063e-01 7.462448793809740577e-01 6.235776058261265076e-02 1.843422849340009204e-02 1.729631315430132099e-01 0.000000000000000000e+00
4.500000000000000000e+02 1.799993511141873004e-01 7.820892125625853453e-01 3.482020937642239106e-02 2.116522530723714129e-02 1.619253527537551085e-01 0.000000000000000000e+00
4.800000000000000000e+02 1.919993078551331944e-01 8.181611288120164138e-01 2.446517979062357712e-02 3.004096495220755572e-02 1.273327264451524776e-01 0.000000000000000000e+00
5.100000000000000000e+02 2.039992645960788664e-01 8.464952207555758168e-01 1.866181156121984527e-02 3.265817023213472836e-02 1.021847974510696339e-01 0.000000000000000000e+00
5.400000000000000000e+02 2.159992213370247605e-01 8.825671370050067743e-01 1.706873008648156567e-02 2.901684114701866268e-02 7.123350022758306865e-02 1.137915339098771066e-04
5.700000000000000000e+02 2.279991780779706545e-01 9.077150659990896875e-01 1.536185707783340945e-02 2.844788347746927612e-02 4.847519344560764776e-02 0.000000000000000000e+00
6.000000000000000000e+02 2.399991348189163265e-01 9.209148839326354308e-01 1.285844333181611343e-02 2.605826126536185672e-02 4.005461993627674328e-02 1.137915339098771066e-04
6.300000000000000000e+02 2.519990915598622205e-01 9.326354119253527086e-01 1.365498406918525323e-02 2.662721893491124328e-02 2.696859353664087314e-02 1.137915339098771066e-04
6.600000000000000000e+02 2.639990483008081146e-01 9.395766954938552518e-01 1.433773327264451468e-02 2.378243058716431393e-02 2.218934911242603433e-02 1.137915339098771066e-04
6.900000000000000000e+02 2.759990050417537866e-01 9.434456076467910846e-01 1.035502958579881741e-02 2.526172052799271692e-02 2.093764223941738806e-02 0.000000000000000000e+00
7.200000000000000000e+02 2.879989617826996806e-01 9.531178880291306665e-01 1.115157032316795548e-02 2.036868456986800149e-02 1.502048247610377786e-02 3.413746017296313199e-04
7.500000000000000000e+02 2.999989185236455747e-01 9.560764679107874864e-01 1.012744651797906244e-02 1.923076923076923184e-02 1.433773327264451468e-02 2.275830678197542133e-04
7.800000000000000000e+02 3.119988752645912466e-01 9.631315430131998090e-01 8.420573509330906217e-03 1.797906235776058209e-02 1.035502958579881741e-02 1.137915339098771066e-04
8.100000000000000000e+02 3.239988320055371407e-01 9.637005006827491504e-01 8.534365043240782836e-03 1.718252162039144229e-02 9.899863450159307465e-03 6.827492034592626399e-04
8.400000000000000000e+02 3.359987887464830347e-01 9.700728265817023521e-01 8.306781975421027864e-03 1.251706873008648184e-02 8.875739644970414427e-03 2.275830678197542133e-04
8.700000000000000000e+02 3.479987454874287067e-01 9.722348657259899385e-01 8.079198907601274626e-03 1.285844333181611343e-02 6.144742831133363434e-03 6.827492034592626399e-04
9.000000000000000000e+02 3.599987022283746008e-01 9.765589440145653333e-01 7.737824305871643035e-03 1.137915339098771045e-02 4.096495220755575623e-03 2.275830678197542133e-04
9.300000000000000000e+02 3.719986589693204948e-01 9.751934456076467583e-01 7.168866636322257339e-03 1.228948566226672687e-02 5.006827492034592909e-03 3.413746017296313199e-04
9.600000000000000000e+02 3.839986157102661668e-01 9.775830678197542367e-01 7.737824305871643035e-03 8.875739644970414427e-03 5.348202093764223633e-03 4.551661356395084266e-04
9.900000000000000000e+02 3.959985724512118388e-01 9.786071916249431402e-01 7.510241238051888930e-03 9.558488848429677609e-03 3.755120619025944465e-03 5.689576695493854790e-04
1.020000000000000000e+03 4.079985291921579549e-01 9.819071461083295205e-01 6.258534365043240920e-03 8.534365043240782836e-03 3.186162949476558769e-03 1.137915339098771066e-04
1.050000000000000000e+03 4.199984859331038489e-01 9.841829767865271084e-01 5.234410559854347014e-03 7.396449704142011444e-03 2.844788347746927612e-03 3.413746017296313199e-04
1.080000000000000000e+03 4.319984426740495209e-01 9.858898497951752438e-01 4.437869822485207214e-03 6.713700500682749130e-03 2.275830678197541916e-03 6.827492034592626399e-04
1.110000000000000000e+03 4.439983994149951929e-01 9.872553482020938187e-01 3.641329085116067413e-03 6.144742831133363434e-03 2.275830678197541916e-03 6.827492034592626399e-04
1.140000000000000000e+03 4.559983561559410870e-01 9.879380974055530507e-01 3.982703686845699004e-03 5.348202093764223633e-03 2.389622212107419402e-03 3.413746017296313199e-04
1.170000000000000000e+03 4.679983128968872030e-01 9.881656804733728316e-01 3.299954483386436255e-03 5.689576695493855224e-03 2.048247610377787811e-03 7.965407373691396923e-04
1.200000000000000000e+03 4.799982696378328750e-01 9.898725534820209671e-01 2.617205279927173507e-03 5.006827492034592909e-03 1.706873008648156654e-03 7.965407373691396923e-04
1.230000000000000000e+03 4.919982263787783250e-01 9.916932180245789930e-01 2.275830678197541916e-03 4.437869822485207214e-03 1.365498406918525280e-03 2.275830678197542133e-04
1.260000000000000000e+03 5.039981831197244411e-01 9.935138825671370189e-01 1.593081474738279385e-03 3.527537551206190360e-03 9.103322712790168532e-04 4.551661356395084266e-04
1.290000000000000000e+03 5.159981398606703351e-01 9.935138825671370189e-01 1.251706873008648227e-03 3.299954483386436255e-03 1.365498406918525280e-03 5.689576695493854790e-04
1.320000000000000000e+03 5.279980966016160071e-01 9.957897132453344957e-01 9.103322712790168532e-04 1.934456076467910759e-03 1.024123805188893906e-03 3.413746017296313199e-04
1.350000000000000000e+03 5.399980533425616791e-01 9.939690487027764698e-01 1.251706873008648227e-03 3.868912152935821518e-03 6.827492034592626399e-04 2.275830678197542133e-04
1.380000000000000000e+03 5.519980100835075731e-01 9.952207555757851543e-01 7.965407373691396923e-04 2.730996813837050560e-03 6.827492034592626399e-04 5.689576695493854790e-04
1.410000000000000000e+03 5.639979668244536892e-01 9.955621301775148257e-01 1.251706873008648227e-03 2.389622212107419402e-03 1.137915339098771066e-04 6.827492034592626399e-04
1.440000000000000000e+03 5.759979235653993612e-01 9.955621301775148257e-01 1.365498406918525280e-03 1.593081474738279385e-03 3.413746017296313199e-04 1.137915339098770958e-03
1.470000000000000000e+03 5.879978803063450332e-01 9.957897132453344957e-01 1.706873008648156654e-03 1.706873008648156654e-03 3.413746017296313199e-04 4.551661356395084266e-04
1.500000000000000000e+03 5.999978370472909273e-01 9.954483386436049352e-01 1.365498406918525280e-03 2.048247610377787811e-03 2.275830678197542133e-04 9.103322712790168532e-04
1.530000000000000000e+03 6.119977937882368213e-01 9.974965862539827421e-01 1.024123805188893906e-03 1.024123805188893906e-03 2.275830678197542133e-04 2.275830678197542133e-04
1.560000000000000000e+03 6.239977505291824933e-01 9.965862539827037292e-01 4.551661356395084266e-04 1.820664542558033706e-03 6.827492034592626399e-04 4.551661356395084266e-04
1.590000000000000000e+03 6.359977072701281653e-01 9.974965862539827421e-01 3.413746017296313199e-04 1.706873008648156654e-03 1.137915339098771066e-04 3.413746017296313199e-04
1.620000000000000000e+03 6.479976640110742814e-01 9.967000455166135087e-01 6.827492034592626399e-04 1.706873008648156654e-03 3.413746017296313199e-04 5.689576695493854790e-04
1.650000000000000000e+03 6.599976207520201754e-01 9.978379608557123026e-01 5.689576695493854790e-04 9.103322712790168532e-04 1.137915339098771066e-04 5.689576695493854790e-04
1.680000000000000000e+03 6.719975774929658474e-01 9.973827947200728516e-01 5.689576695493854790e-04 1.365498406918525280e-03 1.137915339098771066e-04 5.689576695493854790e-04
1.710000000000000000e+03 6.839975342339115194e-01 9.980655439235320836e-01 4.551661356395084266e-04 7.965407373691396923e-04 3.413746017296313199e-04 3.413746017296313199e-04
1.740000000000000000e+03 6.959974909748574134e-01 9.976103777878926326e-01 1.137915339098771066e-04 1.820664542558033706e-03 1.137915339098771066e-04 3.413746017296313199e-04
1.770000000000000000e+03 7.079974477158035295e-01 9.978379608557123026e-01 4.551661356395084266e-04 1.251706873008648227e-03 1.137915339098771066e-04 3.413746017296313199e-04
1.800000000000000000e+03 7.199974044567492015e-01 9.972690031861629611e-01 5.689576695493854790e-04 1.251706873008648227e-03 4.551661356395084266e-04 4.551661356395084266e-04
1.830000000000000000e+03 7.319973611976948735e-01 9.968138370505233992e-01 2.275830678197542133e-04 1.706873008648156654e-03 4.551661356395084266e-04 7.965407373691396923e-04
1.860000000000000000e+03 7.439973179386407676e-01 9.976103777878926326e-01 1.137915339098771066e-04 7.965407373691396923e-04 5.689576695493854790e-04 9.103322712790168532e-04
1.890000000000000000e+03 7.559972746795866616e-01 9.969276285844332897e-01 4.551661356395084266e-04 1.479289940828402332e-03 3.413746017296313199e-04 7.965407373691396923e-04
1.920000000000000000e+03 7.679972314205323336e-01 9.973827947200728516e-01 9.103322712790168532e-04 6.827492034592626399e-04 1.137915339098771066e-04 9.103322712790168532e-04
1.950000000000000000e+03 7.799971881614780056e-01 9.974965862539827421e-01 4.551661356395084266e-04 1.024123805188893906e-03 3.413746017296313199e-04 6.827492034592626399e-04
1.980000000000000000e+03 7.919971449024241217e-01 9.984069185252617551e-01 2.275830678197542133e-04 6.827492034592626399e-04 1.137915339098771066e-04 5.689576695493854790e-04
2.010000000000000000e+03 8.039971016433700157e-01 9.974965862539827421e-01 2.275830678197542133e-04 1.137915339098770958e-03 3.413746017296313199e-04 7.965407373691396923e-04
2.040000000000000000e+03 8.159970583843156877e-01 9.965862539827037292e-01 4.551661356395084266e-04 1.251706873008648227e-03 5.689576695493854790e-04 1.137915339098770958e-03
2.070000000000000000e+03 8.279970151252613597e-01 9.976103777878926326e-01 1.137915339098771066e-04 1.137915339098770958e-03 1.137915339098771066e-04 1.024123805188893906e-03
2.100000000000000000e+03 8.399969718662072538e-01 9.974965862539827421e-01 2.275830678197542133e-04 1.024123805188893906e-03 1.137915339098771066e-04 1.137915339098770958e-03
2.130000000000000000e+03 8.519969286071533698e-01 9.973827947200728516e-01 2.275830678197542133e-04 1.365498406918525280e-03 2.275830678197542133e-04 7.965407373691396923e-04
2.160000000000000000e+03 8.639968853480990418e-01 9.972690031861629611e-01 0.000000000000000000e+00 1.479289940828402332e-03 1.137915339098771066e-04 1.137915339098770958e-03
2.190000000000000000e+03 8.759968420890447138e-01 9.978379608557123026e-01 3.413746017296313199e-04 7.965407373691396923e-04 0.000000000000000000e+00 1.024123805188893906e-03
2.220000000000000000e+03 8.879967988299906079e-01 9.976103777878926326e-01 2.275830678197542133e-04 9.103322712790168532e-04 0.000000000000000000e+00 1.251706873008648227e-03
2.250000000000000000e+03 8.999967555709365019e-01 9.973827947200728516e-01 5.689576695493854790e-04 7.965407373691396923e-04 2.275830678197542133e-04 1.024123805188893906e-03
2.280000000000000000e+03 9.119967123118821739e-01 9.973827947200728516e-01 2.275830678197542133e-04 1.137915339098770958e-03 2.275830678197542133e-04 1.024123805188893906e-03
2.310000000000000000e+03 9.239966690528278459e-01 9.982931269913518646e-01 3.413746017296313199e-04 6.827492034592626399e-04 1.137915339098771066e-04 5.689576695493854790e-04
2.340000000000000000e+03 9.359966257937739620e-01 9.982931269913518646e-01 4.551661356395084266e-04 5.689576695493854790e-04 1.137915339098771066e-04 5.689576695493854790e-04
2.370000000000000000e+03 9.479965825347198560e-01 9.989758761948110966e-01 2.275830678197542133e-04 2.275830678197542133e-04 0.000000000000000000e+00 5.689576695493854790e-04
2.400000000000000000e+03 9.599965392756655280e-01 9.980655439235320836e-01 2.275830678197542133e-04 6.827492034592626399e-04 2.275830678197542133e-04 7.965407373691396923e-04
2.430000000000000000e+03 9.719964960166112000e-01 9.979517523896221931e-01 3.413746017296313199e-04 5.689576695493854790e-04 1.137915339098771066e-04 1.024123805188893906e-03
2.460000000000000000e+03 9.839964527575570941e-01 9.972690031861629611e-01 1.137915339098771066e-04 7.965407373691396923e-04 4.551661356395084266e-04 1.365498406918525280e-03
2.490000000000000000e+03 9.959964094985032101e-01 9.982931269913518646e-01 2.275830678197542133e-04 3.413746017296313199e-04 1.137915339098771066e-04 1.024123805188893906e-03
