# itime ezz other fcc hcp bcc ico
0.000000000000000000e+00 0.000000000000000000e+00 2.275830678197542133e-04 9.997724169321802190e-01 0.000000000000000000e+00 0.000000000000000000e+00 0.000000000000000000e+00
3.000000000000000000e+00 1.199927068870731972e-03 5.689576695493854790e-04 9.994310423304506585e-01 0.000000000000000000e+00 0.000000000000000000e+00 0.000000000000000000e+00
6.000000000000000000e+00 2.399854137741241900e-03 3.413746017296313199e-04 9.996586253982703285e-01 0.000000000000000000e+00 0.000000000000000000e+00 0.000000000000000000e+00
9.000000000000000000e+00 3.599781206611973872e-03 1.137915339098771066e-04 9.998862084660901095e-01 0.000000000000000000e+00 0.000000000000000000e+00 0.000000000000000000e+00
1.200000000000000000e+01 4.799708275482483799e-03 3.413746017296313199e-04 9.996586253982703285e-01 0.000000000000000000e+00 0.000000000000000000e+00 0.000000000000000000e+00
1.500000000000000000e+01 5.999635344353215771e-03 4.551661356395084266e-04 9.995448338643604380e-01 0.000000000000000000e+00 0.000000000000000000e+00 0.000000000000000000e+00
1.800000000000000000e+01 7.199562413223947743e-03 5.689576695493854790e-04 9.994310423304506585e-01 0.000000000000000000e+00 0.000000000000000000e+00 0.000000000000000000e+00
2.100000000000000000e+01 8.399489482094457671e-03 1.137915339098771066e-04 9.998862084660901095e-01 0.000000000000000000e+00 0.000000000000000000e+00 0.000000000000000000e+00
2.400000000000000000e+01 9.599416550965189643e-03 4.551661356395084266e-04 9.995448338643604380e-01 0.000000000000000000e+00 0.000000000000000000e+00 0.000000000000000000e+00
2.700000000000000000e+01 1.079934361983569957e-02 9.103322712790168532e-04 9.990896677287209870e-01 0.000000000000000000e+00 0.000000000000000000e+00 0.000000000000000000e+00
3.000000000000000000e+01 1.199927068870643154e-02 1.024123805188893906e-03 9.989758761948110966e-01 0.000000000000000000e+00 0.000000000000000000e+00 0.000000000000000000e+00
3.300000000000000000e+01 1.319919775757716351e-02 1.024123805188893906e-03 9.989758761948110966e-01 0.000000000000000000e+00 0.000000000000000000e+00 0.000000000000000000e+00
3.600000000000000000e+01 1.439912482644767344e-02 6.827492034592626399e-04 9.993172507965407680e-01 0.000000000000000000e+00 0.000000000000000000e+00 0.000000000000000000e+00
3.900000000000000000e+01 1.559905189531840541e-02 6.827492034592626399e-04 9.993172507965407680e-01 0.000000000000000000e+00 0.000000000000000000e+00 0.000000000000000000e+00
4.200000000000000000e+01 1.679897896418891534e-02 6.827492034592626399e-04 9.993172507965407680e-01 0.000000000000000000e+00 0.000000000000000000e+00 0.000000000000000000e+00
4.500000000000000000e+01 1.799890603305964731e-02 6.827492034592626399e-04 9.993172507965407680e-01 0.000000000000000000e+00 0.000000000000000000e+00 0.000000000000000000e+00
4.800000000000000000e+01 1.919883310193015724e-02 1.706873008648156654e-03 9.982931269913518646e-01 0.000000000000000000e+00 0.000000000000000000e+00 0.000000000000000000e+00
5.100000000000000000e+01 2.039876017080088921e-02 2.048247610377787811e-03 9.979517523896221931e-01 0.000000000000000000e+00 0.000000000000000000e+00 0.000000000000000000e+00
5.400000000000000000e+01 2.159868723967162119e-02 2.048247610377787811e-03 9.979517523896221931e-01 0.000000000000000000e+00 0.000000000000000000e+00 0.000000000000000000e+00
5.700000000000000000e+01 2.279861430854213111e-02 2.162039144287664864e-03 9.978379608557123026e-01 0.000000000000000000e+00 0.000000000000000000e+00 0.000000000000000000e+00
6.000000000000000000e+01 2.399854137741286308e-02 2.958579881656804664e-03 9.970414201183431802e-01 0.000000000000000000e+00 0.000000000000000000e+00 0.000000000000000000e+00
6.300000000000000000e+01 2.519846844628337301e-02 2.162039144287664864e-03 9.978379608557123026e-01 0.000000000000000000e+00 0.000000000000000000e+00 0.000000000000000000e+00
6.600000000000000000e+01 2.639839551515410498e-02 6.827492034592626399e-04 9.993172507965407680e-01 0.000000000000000000e+00 0.000000000000000000e+00 0.000000000000000000e+00
6.900000000000000000e+01 2.759832258402483696e-02 1.706873008648156654e-03 9.982931269913518646e-01 0.000000000000000000e+00 0.000000000000000000e+00 0.000000000000000000e+00
7.200000000000000000e+01 2.879824965289534688e-02 2.048247610377787811e-03 9.979517523896221931e-01 0.000000000000000000e+00 0.000000000000000000e+00 0.000000000000000000e+00
7.500000000000000000e+01 2.999817672176607886e-02 2.162039144287664864e-03 9.978379608557123026e-01 0.000000000000000000e+00 0.000000000000000000e+00 0.000000000000000000e+00
7.800000000000000000e+01 3.119810379063658878e-02 2.162039144287664864e-03 9.977241693218024121e-01 0.000000000000000000e+00 1.137915339098771066e-04 0.000000000000000000e+00
8.100000000000000000e+01 3.239803085950732076e-02 3.299954483386436255e-03 9.965862539827037292e-01 0.000000000000000000e+00 1.137915339098771066e-04 0.000000000000000000e+00
8.400000000000000000e+01 3.359795792837805273e-02 2.844788347746927612e-03 9.971552116522530707e-01 0.000000000000000000e+00 0.000000000000000000e+00 0.000000000000000000e+00
8.700000000000000000e+01 3.479788499724856266e-02 2.958579881656804664e-03 9.970414201183431802e-01 0.000000000000000000e+00 0.000000000000000000e+00 0.000000000000000000e+00
9.000000000000000000e+01 3.599781206611929463e-02 2.958579881656804664e-03 9.969276285844332897e-01 0.000000000000000000e+00 1.137915339098771066e-04 0.000000000000000000e+00
9.300000000000000000e+01 3.719773913498980455e-02 4.437869822485207214e-03 9.954483386436049352e-01 0.000000000000000000e+00 1.137915339098771066e-04 0.000000000000000000e+00
9.600000000000000000e+01 3.839766620386053653e-02 5.917159763313609329e-03 9.939690487027764698e-01 0.000000000000000000e+00 1.137915339098771066e-04 0.000000000000000000e+00
9.900000000000000000e+01 3.959759327273126850e-02 6.486117432862995025e-03 9.935138825671370189e-01 0.000000000000000000e+00 0.000000000000000000e+00 0.000000000000000000e+00
1.020000000000000000e+02 4.079752034160177843e-02 7.851615839781519654e-03 9.921483841602184439e-01 0.000000000000000000e+00 0.000000000000000000e+00 0.000000000000000000e+00
1.050000000000000000e+02 4.199744741047251040e-02 8.420573509330906217e-03 9.915794264906691025e-01 0.000000000000000000e+00 0.000000000000000000e+00 0.000000000000000000e+00
1.080000000000000000e+02 4.319737447934302033e-02 7.851615839781519654e-03 9.919208010923987739e-01 0.000000000000000000e+00 2.275830678197542133e-04 0.000000000000000000e+00
1.110000000000000000e+02 4.439730154821375230e-02 9.786071916249430847e-03 9.896449704142011861e-01 0.000000000000000000e+00 5.689576695493854790e-04 0.000000000000000000e+00
1.140000000000000000e+02 4.559722861708426223e-02 1.115157032316795548e-02 9.886208466090122826e-01 0.000000000000000000e+00 2.275830678197542133e-04 0.000000000000000000e+00
1.170000000000000000e+02 4.679715568595499420e-02 9.672280382339554228e-03 9.901001365498406370e-01 0.000000000000000000e+00 2.275830678197542133e-04 0.000000000000000000e+00
1.200000000000000000e+02 4.799708275482572617e-02 8.989531178880291046e-03 9.906690942193900895e-01 0.000000000000000000e+00 3.413746017296313199e-04 0.000000000000000000e+00
1.230000000000000000e+02 4.919700982369623610e-02 1.035502958579881741e-02 9.894173873463814051e-01 0.000000000000000000e+00 2.275830678197542133e-04 0.000000000000000000e+00
1.260000000000000000e+02 5.039693689256696807e-02 1.172052799271734204e-02 9.879380974055530507e-01 0.000000000000000000e+00 3.413746017296313199e-04 0.000000000000000000e+00
1.290000000000000000e+02 5.159686396143747800e-02 1.388256713700500647e-02 9.858898497951752438e-01 0.000000000000000000e+00 2.275830678197542133e-04 0.000000000000000000e+00
1.320000000000000000e+02 5.279679103030820997e-02 1.433773327264451468e-02 9.852071005917160118e-01 0.000000000000000000e+00 4.551661356395084266e-04 0.000000000000000000e+00
1.350000000000000000e+02 5.399671809917894194e-02 1.490669094219390124e-02 9.847519344560764498e-01 0.000000000000000000e+00 3.413746017296313199e-04 0.000000000000000000e+00
1.380000000000000000e+02 5.519664516804945187e-02 1.558944014565316269e-02 9.837278106508875464e-01 0.000000000000000000e+00 6.827492034592626399e-04 0.000000000000000000e+00
1.410000000000000000e+02 5.639657223692018384e-02 1.832043695949021542e-02 9.809968138370505075e-01 0.000000000000000000e+00 6.827492034592626399e-04 0.000000000000000000e+00
1.440000000000000000e+02 5.759649930579069377e-02 1.957214383249886169e-02 9.794037323623122626e-01 0.000000000000000000e+00 1.024123805188893906e-03 0.000000000000000000e+00
1.470000000000000000e+02 5.879642637466142574e-02 2.184797451069640448e-02 9.773554847519344557e-01 0.000000000000000000e+00 7.965407373691396923e-04 0.000000000000000000e+00
1.500000000000000000e+02 5.999635344353215771e-02 2.162039144287665124e-02 9.773554847519344557e-01 0.000000000000000000e+00 1.024123805188893906e-03 0.000000000000000000e+00
1.530000000000000000e+02 6.119628051240266764e-02 2.048247610377787811e-02 9.786071916249431402e-01 0.000000000000000000e+00 9.103322712790168532e-04 0.000000000000000000e+00
1.560000000000000000e+02 6.239620758127339961e-02 2.218934911242603433e-02 9.767865270823851143e-01 0.000000000000000000e+00 1.024123805188893906e-03 0.000000000000000000e+00
1.590000000000000000e+02 6.359613465014390954e-02 2.253072371415566766e-02 9.766727355484752238e-01 0.000000000000000000e+00 7.965407373691396923e-04 0.000000000000000000e+00
1.620000000000000000e+02 6.479606171901464151e-02 2.321347291761493084e-02 9.755348202093764298e-01 0.000000000000000000e+00 1.251706873008648227e-03 0.000000000000000000e+00
1.650000000000000000e+02 6.599598878788537348e-02 2.685480200273099652e-02 9.718934911242603780e-01 0.000000000000000000e+00 1.251706873008648227e-03 0.000000000000000000e+00
1.680000000000000000e+02 6.719591585675588341e-02 3.163404642694583185e-02 9.667728720983158608e-01 0.000000000000000000e+00 1.593081474738279385e-03 0.000000000000000000e+00
1.710000000000000000e+02 6.839584292562661538e-02 3.447883477469276120e-02 9.638142922166590409e-01 0.000000000000000000e+00 1.706873008648156654e-03 0.000000000000000000e+00
1.740000000000000000e+02 6.959576999449712531e-02 3.755120619025944378e-02 9.604005461993627701e-01 0.000000000000000000e+00 2.048247610377787811e-03 0.000000000000000000e+00
1.770000000000000000e+02 7.079569706336785728e-02 3.925807919890760000e-02 9.592626308602639762e-01 0.000000000000000000e+00 1.479289940828402332e-03 0.000000000000000000e+00
1.800000000000000000e+02 7.199562413223836721e-02 4.050978607191624975e-02 9.588074647246245252e-01 0.000000000000000000e+00 6.827492034592626399e-04 0.000000000000000000e+00
1.830000000000000000e+02 7.319555120110909918e-02 3.925807919890760000e-02 9.600591715976330986e-01 0.000000000000000000e+00 6.827492034592626399e-04 0.000000000000000000e+00
1.860000000000000000e+02 7.439547826997983115e-02 4.142011834319526964e-02 9.572143832498861693e-01 0.000000000000000000e+00 1.365498406918525280e-03 0.000000000000000000e+00
1.890000000000000000e+02 7.559540533885034108e-02 3.959945380063722986e-02 9.589212562585344157e-01 0.000000000000000000e+00 1.479289940828402332e-03 0.000000000000000000e+00
1.920000000000000000e+02 7.679533240772107305e-02 4.050978607191624975e-02 9.577833409194356218e-01 0.000000000000000000e+00 1.706873008648156654e-03 0.000000000000000000e+00
1.950000000000000000e+02 7.799525947659158298e-02 4.403732362312243881e-02 9.544833864360491305e-01 0.000000000000000000e+00 1.479289940828402332e-03 0.000000000000000000e+00
1.980000000000000000e+02 7.919518654546231495e-02 5.075102412380518707e-02 9.473145197997269173e-01 0.000000000000000000e+00 1.934456076467910759e-03 0.000000000000000000e+00
2.010000000000000000e+02 8.039511361433304693e-02 5.644060081929904577e-02 9.415111515703231682e-01 0.000000000000000000e+00 2.048247610377787811e-03 0.000000000000000000e+00
2.040000000000000000e+02 8.159504068320355685e-02 6.065088757396449454e-02 9.351388256713700775e-01 0.000000000000000000e+00 4.210286754665453109e-03 0.000000000000000000e+00
2.070000000000000000e+02 8.279496775207428882e-02 7.203004096495220498e-02 9.248975876194811541e-01 0.000000000000000000e+00 3.072371415566681717e-03 0.000000000000000000e+00
2.100000000000000000e+02 8.399489482094479875e-02 7.737824305871643382e-02 9.193218024578971859e-01 0.000000000000000000e+00 3.299954483386436255e-03 0.000000000000000000e+00
2.130000000000000000e+02 8.519482188981553072e-02 8.750568957669549452e-02 9.085116067364588099e-01 0.000000000000000000e+00 3.982703686845699004e-03 0.000000000000000000e+00
2.160000000000000000e+02 8.639474895868626270e-02 9.330905780609922984e-02 9.019116977696859383e-01 0.000000000000000000e+00 4.779244424214838804e-03 0.000000000000000000e+00
2.190000000000000000e+02 8.759467602755677262e-02 9.444697314519799602e-02 8.999772416932180219e-01 0.000000000000000000e+00 5.575785161583977738e-03 0.000000000000000000e+00
2.220000000000000000e+02 8.879460309642750460e-02 9.763313609467455523e-02 8.969048702776513116e-01 0.000000000000000000e+00 5.461993627674101119e-03 0.000000000000000000e+00
2.250000000000000000e+02 8.999453016529801452e-02 1.087847064178425194e-01 8.849567592171142527e-01 0.000000000000000000e+00 6.258534365043240920e-03 0.000000000000000000e+00
2.280000000000000000e+02 9.119445723416874650e-02 1.125398270368684617e-01 8.797223486572598450e-01 0.000000000000000000e+00 7.737824305871643035e-03 0.000000000000000000e+00
2.310000000000000000e+02 9.239438430303947847e-02 1.200500682749203463e-01 8.717569412835685094e-01 0.000000000000000000e+00 8.192990441511151245e-03 0.000000000000000000e+00
2.340000000000000000e+02 9.359431137190998840e-02 1.285844333181611343e-01 8.644742831133364058e-01 0.000000000000000000e+00 6.941283568502503235e-03 0.000000000000000000e+00
2.370000000000000000e+02 9.479423844078072037e-02 1.390532544378698110e-01 8.538916704597178109e-01 0.000000000000000000e+00 7.055075102412380721e-03 0.000000000000000000e+00
2.400000000000000000e+02 9.599416550965123029e-02 1.464497041420118328e-01 8.467228038233954868e-01 0.000000000000000000e+00 6.827492034592626616e-03 0.000000000000000000e+00
2.430000000000000000e+02 9.719409257852196227e-02 1.552116522530723741e-01 8.370505234410560158e-01 0.000000000000000000e+00 7.737824305871643035e-03 0.000000000000000000e+00
2.460000000000000000e+02 9.839401964739269424e-02 1.638598088302230249e-01 8.265817023213473114e-01 0.000000000000000000e+00 9.558488848429677609e-03 0.000000000000000000e+00
2.490000000000000000e+02 9.959394671626320417e-02 1.711424670004551563e-01 8.182749203459263043e-01 0.000000000000000000e+00 1.058261265361857065e-02 0.000000000000000000e+00
2.520000000000000000e+02 1.007938737851339361e-01 1.855939918070095562e-01 8.034820209376422051e-01 0.000000000000000000e+00 1.092398725534820224e-02 0.000000000000000000e+00
2.550000000000000000e+02 1.019938008540044461e-01 1.929904415111515781e-01 7.940373236231224041e-01 0.000000000000000000e+00 1.297223486572599005e-02 0.000000000000000000e+00
2.580000000000000000e+02 1.031937279228751780e-01 2.034592626308602548e-01 7.824305871643150168e-01 0.000000000000000000e+00 1.411015020482476144e-02 0.000000000000000000e+00
2.610000000000000000e+02 1.043936549917456880e-01 2.101729631315430169e-01 7.744651797906235702e-01 0.000000000000000000e+00 1.536185707783340945e-02 0.000000000000000000e+00
2.640000000000000000e+02 1.055935820606164199e-01 2.262175694128356895e-01 7.570550751024124336e-01 0.000000000000000000e+00 1.672735548475193582e-02 0.000000000000000000e+00
2.670000000000000000e+02 1.067935091294871519e-01 2.407828857532999522e-01 7.411242603550295405e-01 0.000000000000000000e+00 1.809285389167045871e-02 0.000000000000000000e+00
2.700000000000000000e+02 1.079934361983576618e-01 2.481793354574419741e-01 7.320209376422394110e-01 0.000000000000000000e+00 1.979972690031861493e-02 0.000000000000000000e+00
2.730000000000000000e+02 1.091933632672283938e-01 2.627446517979062368e-01 7.167728720983158608e-01 0.000000000000000000e+00 2.048247610377787811e-02 0.000000000000000000e+00
2.760000000000000000e+02 1.103932903360989037e-01 2.720755575785161473e-01 7.064178425125170468e-01 0.000000000000000000e+00 2.150659990896677115e-02 0.000000000000000000e+00
2.790000000000000000e+02 1.115932174049696357e-01 2.796995903504779224e-01 6.973145197997269173e-01 0.000000000000000000e+00 2.298588984979517413e-02 0.000000000000000000e+00
2.820000000000000000e+02 1.127931444738403677e-01 2.894856622667273394e-01 6.875284478834774449e-01 1.137915339098771066e-04 2.287209831588529751e-02 0.000000000000000000e+00
2.850000000000000000e+02 1.139930715427108776e-01 3.066681838871188059e-01 6.667045971779699265e-01 0.000000000000000000e+00 2.662721893491124328e-02 0.000000000000000000e+00
2.880000000000000000e+02 1.151929986115816096e-01 3.215748748293126846e-01 6.510013654984069253e-01 0.000000000000000000e+00 2.742375967228038308e-02 0.000000000000000000e+00
2.910000000000000000e+02 1.163929256804521195e-01 3.376194811106053573e-01 6.330223031406463363e-01 1.137915339098771066e-04 2.924442421483841592e-02 0.000000000000000000e+00
2.940000000000000000e+02 1.175928527493228515e-01 3.542330450614474269e-01 6.129949931725079404e-01 1.137915339098771066e-04 3.265817023213472836e-02 0.000000000000000000e+00
2.970000000000000000e+02 1.187927798181935835e-01 3.711879836140191125e-01 5.919435593991807520e-01 0.000000000000000000e+00 3.686845698680018407e-02 0.000000000000000000e+00
3.000000000000000000e+02 1.199927068870640934e-01 3.896222121074192080e-01 5.694128356850249872e-01 1.137915339098771066e-04 4.085116067364587961e-02 0.000000000000000000e+00
3.030000000000000000e+02 1.211926339559348254e-01 4.076012744651797970e-01 5.479062357760582369e-01 1.137915339098771066e-04 4.437869822485206867e-02 0.000000000000000000e+00
3.060000000000000000e+02 1.223925610248053353e-01 4.198907601274465273e-01 5.319754210286754548e-01 2.275830678197542133e-04 4.790623577605826466e-02 0.000000000000000000e+00
3.090000000000000000e+02 1.235924880936760673e-01 4.312699135184342447e-01 5.158170232134728916e-01 1.137915339098771066e-04 5.279927173418298009e-02 0.000000000000000000e+00
3.120000000000000000e+02 1.247924151625467992e-01 4.549385525716886924e-01 4.886208466090122826e-01 2.275830678197542133e-04 5.621301775147929253e-02 0.000000000000000000e+00
3.150000000000000000e+02 1.259923422314173092e-01 4.710969503868912001e-01 4.685935366408739422e-01 2.275830678197542133e-04 6.008192990441511144e-02 0.000000000000000000e+00
3.180000000000000000e+02 1.271922693002880411e-01 4.803140646335912756e-01 4.556213017751479244e-01 5.689576695493854790e-04 6.349567592171143082e-02 0.000000000000000000e+00
3.210000000000000000e+02 1.283921963691585511e-01 4.912380518889394865e-01 4.386663632225762388e-01 7.965407373691396923e-04 6.929904415111515226e-02 0.000000000000000000e+00
3.240000000000000000e+02 1.295921234380292830e-01 5.035275375512061613e-01 4.229631315430131822e-01 6.827492034592626399e-04 7.282658170232134132e-02 0.000000000000000000e+00
3.270000000000000000e+02 1.307920505068997929e-01 5.180928538916704795e-01 4.053254437869822646e-01 5.689576695493854790e-04 7.601274465179790052e-02 0.000000000000000000e+00
3.300000000000000000e+02 1.319919775757705249e-01 5.352753755120619461e-01 3.823395539371870488e-01 5.689576695493854790e-04 8.181611288120163583e-02 0.000000000000000000e+00
3.330000000000000000e+02 1.331919046446412569e-01 5.537096040054619861e-01 3.618570778334092020e-01 4.551661356395084266e-04 8.397815202548930547e-02 0.000000000000000000e+00
3.360000000000000000e+02 1.343918317135117668e-01 5.615612198452435422e-01 3.475193445607646647e-01 7.965407373691396923e-04 9.012289485662267063e-02 0.000000000000000000e+00
3.390000000000000000e+02 1.355917587823824988e-01 5.789713245334546787e-01 3.248748293126991205e-01 1.251706873008648227e-03 9.490213928083750250e-02 0.000000000000000000e+00
3.420000000000000000e+02 1.367916858512530087e-01 5.863677742375966728e-01 3.123577605826126646e-01 1.251706873008648227e-03 1.000227583067819781e-01 0.000000000000000000e+00
3.450000000000000000e+02 1.379916129201237407e-01 5.964952207555758168e-01 2.963131543013199920e-01 1.251706873008648227e-03 1.059399180700955900e-01 0.000000000000000000e+00
3.480000000000000000e+02 1.391915399889944727e-01 6.045744196631770428e-01 2.800409649522075384e-01 1.820664542558033706e-03 1.135639508420573512e-01 0.000000000000000000e+00
3.510000000000000000e+02 1.403914670578649826e-01 6.192535275375512516e-01 2.603550295857988139e-01 2.617205279927173507e-03 1.177742375967228000e-01 0.000000000000000000e+00
3.540000000000000000e+02 1.415913941267357146e-01 6.264223941738734647e-01 2.479517523896222209e-01 3.755120619025944465e-03 1.218707328174783860e-01 0.000000000000000000e+00
3.570000000000000000e+02 1.427913211956062245e-01 6.329085116067364458e-01 2.348657259899863403e-01 4.096495220755575623e-03 1.281292671825216278e-01 0.000000000000000000e+00
3.600000000000000000e+02 1.439912482644769565e-01 6.387118798361401950e-01 2.218934911242603503e-01 4.893035958124715423e-03 1.345015930814747462e-01 0.000000000000000000e+00
3.630000000000000000e+02 1.451911753333476884e-01 6.524806554392352798e-01 2.030040964952207483e-01 4.779244424214838804e-03 1.397360036413290985e-01 0.000000000000000000e+00
3.660000000000000000e+02 1.463911024022181984e-01 6.547564861174328676e-01 1.957214383249886169e-01 5.575785161583977738e-03 1.439462903959945472e-01 0.000000000000000000e+00
3.690000000000000000e+02 1.475910294710889303e-01 6.634046426945835462e-01 1.817250796540737234e-01 6.827492034592626616e-03 1.480427856167501055e-01 0.000000000000000000e+00
3.720000000000000000e+02 1.487909565399594403e-01 6.668183887118798170e-01 1.725079654073737034e-01 7.168866636322257339e-03 1.535047792444242110e-01 0.000000000000000000e+00
3.750000000000000000e+02 1.499908836088301722e-01 6.751251706873008240e-01 1.624943104233045055e-01 8.534365043240782836e-03 1.538461538461538547e-01 0.000000000000000000e+00
3.780000000000000000e+02 1.511908106777009042e-01 6.791078743741465473e-01 1.532771961766044577e-01 8.306781975421027864e-03 1.593081474738279601e-01 0.000000000000000000e+00
3.810000000000000000e+02 1.523907377465714141e-01 6.885525716886663483e-01 1.425807919890760000e-01 1.012744651797906244e-02 1.587391898042785632e-01 0.000000000000000000e+00
3.840000000000000000e+02 1.535906648154421461e-01 6.896904870277651423e-01 1.347291761492944995e-01 1.160673645880746542e-02 1.639736003641329154e-01 0.000000000000000000e+00
3.870000000000000000e+02 1.547905918843126560e-01 6.949248975876194390e-01 1.277878925807919841e-01 1.149294492489758707e-02 1.657942649066909413e-01 0.000000000000000000e+00
3.900000000000000000e+02 1.559905189531833880e-01 7.058488848429677054e-01 1.162949476558944040e-01 1.399635867091488309e-02 1.638598088302230249e-01 0.000000000000000000e+00
3.930000000000000000e+02 1.571904460220538979e-01 7.131315430131998090e-01 1.079881656804733692e-01 1.365498406918525323e-02 1.652253072371415443e-01 0.000000000000000000e+00
3.960000000000000000e+02 1.583903730909246299e-01 7.175694128356849832e-01 1.019572143832498806e-01 1.456531634046426965e-02 1.659080564406008318e-01 0.000000000000000000e+00
3.990000000000000000e+02 1.595903001597953619e-01 7.199590350477924616e-01 9.501593081474737912e-02 1.524806554392353283e-02 1.697769685935366368e-01 0.000000000000000000e+00
4.020000000000000000e+02 1.607902272286658718e-01 7.216659080564405970e-01 9.057806099226217711e-02 1.661356395084205573e-02 1.711424670004551563e-01 0.000000000000000000e+00
4.050000000000000000e+02 1.619901542975366038e-01 7.292899408284023721e-01 8.136094674556212936e-02 1.763768775603095224e-02 1.717114246700045532e-01 0.000000000000000000e+00
4.080000000000000000e+02 1.631900813664071137e-01 7.374829312699134887e-01 7.555757851615839404e-02 1.684114701866181243e-02 1.701183431952662806e-01 0.000000000000000000e+00
4.110000000000000000e+02 1.643900084352778457e-01 7.424897587619481154e-01 7.146108329540282189e-02 1.877560309512972189e-02 1.672735548475193512e-01 0.000000000000000000e+00
4.140000000000000000e+02 1.655899355041485776e-01 7.451069640418752638e-01 6.952662721893490549e-02 1.923076923076923184e-02 1.661356395084205850e-01 0.000000000000000000e+00
4.170000000000000000e+02 1.667898625730190876e-01 7.500000000000000000e-01 6.645425580336822291e-02 1.866181156121984527e-02 1.648839326354119283e-01 0.000000000000000000e+00
4.200000000000000000e+02 1.679897896418898195e-01 7.522758306781975879e-01 6.463359126081019701e-02 1.900318616294947513e-02 1.640873918980427781e-01 0.000000000000000000e+00
4.230000000000000000e+02 1.691897167107603295e-01 7.575102412380518846e-01 5.928538916704597511e-02 1.866181156121984527e-02 1.645425580336822846e-01 0.000000000000000000e+00
4.260000000000000000e+02 1.703896437796310614e-01 7.620619025944469493e-01 5.632680928538916915e-02 1.968593536640873831e-02 1.619253527537551085e-01 0.000000000000000000e+00
4.290000000000000000e+02 1.715895708485017934e-01 7.650204824761037692e-01 5.359581247155211642e-02 2.014110150204824826e-02 1.612426035502958488e-01 0.000000000000000000e+00
4.320000000000000000e+02 1.727894979173723033e-01 7.675238962221210270e-01 5.086481565771506369e-02 2.116522530723714129e-02 1.604460628129267263e-01 0.000000000000000000e+00
4.350000000000000000e+02 1.739894249862430353e-01 7.713928083750568598e-01 4.927173418297678409e-02 2.139280837505689453e-02 1.579426490669094130e-01 0.000000000000000000e+00
4.380000000000000000e+02 1.751893520551135452e-01 7.807237141556667703e-01 4.563040509786071841e-02 2.116522530723714129e-02 1.524806554392353075e-01 0.000000000000000000e+00
4.410000000000000000e+02 1.763892791239842772e-01 7.829995448338643582e-01 4.324078288575330248e-02 2.230314064633591095e-02 1.514565316340464318e-01 0.000000000000000000e+00
4.440000000000000000e+02 1.775892061928550092e-01 7.866408739189804100e-01 4.073736913973600299e-02 2.253072371415566766e-02 1.500910332271279124e-01 0.000000000000000000e+00
4.470000000000000000e+02 1.787891332617255191e-01 7.906235776058261333e-01 3.959945380063722986e-02 2.355484751934456070e-02 1.462221210741920796e-01 0.000000000000000000e+00
4.500000000000000000e+02 1.799890603305962511e-01 7.950614474283113076e-01 3.903049613108784677e-02 2.492034592626308706e-02 1.409877105143377274e-01 0.000000000000000000e+00
4.530000000000000000e+02 1.811889873994667610e-01 7.935821574874829532e-01 4.085116067364587961e-02 2.526172052799271692e-02 1.403049613108784677e-01 0.000000000000000000e+00
4.560000000000000000e+02 1.823889144683374930e-01 8.001820664542558248e-01 3.959945380063722986e-02 2.628584433318160996e-02 1.339326354119253493e-01 0.000000000000000000e+00
4.590000000000000000e+02 1.835888415372082250e-01 8.012061902594447282e-01 3.800637232589895026e-02 2.628584433318160996e-02 1.345015930814747462e-01 0.000000000000000000e+00
4.620000000000000000e+02 1.847887686060787349e-01 8.063268092853891345e-01 3.629949931725079404e-02 2.742375967228038308e-02 1.299499317250796537e-01 0.000000000000000000e+00
4.650000000000000000e+02 1.859886956749494669e-01 8.164542558033682784e-01 3.425125170687300796e-02 2.639963586709149004e-02 1.228948566226672756e-01 0.000000000000000000e+00
4.680000000000000000e+02 1.871886227438199768e-01 8.225989986345015881e-01 3.356850250341374825e-02 2.765134274010013632e-02 1.161811561219845274e-01 0.000000000000000000e+00
4.710000000000000000e+02 1.883885498126907088e-01 8.228265817023213691e-01 3.368229403732362487e-02 2.992717341829767910e-02 1.135639508420573512e-01 0.000000000000000000e+00
4.740000000000000000e+02 1.895884768815612187e-01 8.246472462448793950e-01 3.106508875739644876e-02 3.026854802002730896e-02 1.140191169776968577e-01 0.000000000000000000e+00
4.770000000000000000e+02 1.907884039504319507e-01 8.269230769230768718e-01 3.049613108784706567e-02 3.015475648611743234e-02 1.124260355029585851e-01 0.000000000000000000e+00
4.800000000000000000e+02 1.919883310193026826e-01 8.357988165680473314e-01 2.981338188438780248e-02 2.947200728265816916e-02 1.049157942649066866e-01 0.000000000000000000e+00
4.830000000000000000e+02 1.931882580881731926e-01 8.377332726445152478e-01 2.787892580791988956e-02 3.152025489303595523e-02 1.028675466545289074e-01 0.000000000000000000e+00
4.860000000000000000e+02 1.943881851570439245e-01 8.385298133818843702e-01 2.856167501137915274e-02 3.174783796085571541e-02 1.011606736458807443e-01 0.000000000000000000e+00
4.890000000000000000e+02 1.955881122259144345e-01 8.406918525261720676e-01 2.799271734182976618e-02 3.186162949476559203e-02 9.945380063723259501e-02 0.000000000000000000e+00
4.920000000000000000e+02 1.967880392947851664e-01 8.445607646791079004e-01 2.753755120619025970e-02 3.152025489303595523e-02 9.638142922166591242e-02 0.000000000000000000e+00
4.950000000000000000e+02 1.979879663636558984e-01 8.469503868912152678e-01 2.594446973145198010e-02 3.026854802002730896e-02 9.683659535730541890e-02 0.000000000000000000e+00
4.980000000000000000e+02 1.991878934325264083e-01 8.492262175694128556e-01 2.787892580791988956e-02 3.026854802002730896e-02 9.262630860263997012e-02 0.000000000000000000e+00
5.010000000000000000e+02 2.003878205013971403e-01 8.538916704597178109e-01 2.708238507055074976e-02 3.026854802002730896e-02 8.875739644970413733e-02 0.000000000000000000e+00
5.040000000000000000e+02 2.015877475702676502e-01 8.579881656804734247e-01 2.457897132453345374e-02 3.026854802002730896e-02 8.716431497496586467e-02 0.000000000000000000e+00
5.070000000000000000e+02 2.027876746391383822e-01 8.591260810195721076e-01 2.480655439235321044e-02 3.186162949476559203e-02 8.420573509330905870e-02 0.000000000000000000e+00
5.100000000000000000e+02 2.039876017080091142e-01 8.591260810195721076e-01 2.560309512972235024e-02 3.345471096950387163e-02 8.181611288120163583e-02 0.000000000000000000e+00
5.130000000000000000e+02 2.051875287768796241e-01 8.624260355029585989e-01 2.537551206190259354e-02 3.254437869822485174e-02 7.965407373691398007e-02 0.000000000000000000e+00
5.160000000000000000e+02 2.063874558457503561e-01 8.681156121984524576e-01 2.503413746017296368e-02 3.231679563040509851e-02 7.453345471096950448e-02 0.000000000000000000e+00
5.190000000000000000e+02 2.075873829146208660e-01 8.728948566226673034e-01 2.309968138370505075e-02 3.095129722348657214e-02 7.305416477014110843e-02 0.000000000000000000e+00
5.220000000000000000e+02 2.087873099834915980e-01 8.730086481565771939e-01 2.457897132453345374e-02 3.186162949476559203e-02 7.055075102412380894e-02 0.000000000000000000e+00
5.250000000000000000e+02 2.099872370523623299e-01 8.748293126991352198e-01 2.651342740100136666e-02 3.254437869822485174e-02 6.611288120163859305e-02 0.000000000000000000e+00
5.280000000000000000e+02 2.111871641212328399e-01 8.779016841147018191e-01 2.514792899408284030e-02 3.243058716431497512e-02 6.451979972690032039e-02 0.000000000000000000e+00
5.310000000000000000e+02 2.123870911901035718e-01 8.816568047337277614e-01 2.469276285844333035e-02 3.356850250341374825e-02 6.008192990441511144e-02 0.000000000000000000e+00
5.340000000000000000e+02 2.135870182589740818e-01 8.866636322257623881e-01 2.309968138370505075e-02 3.117888029130632538e-02 5.905780609922621494e-02 0.000000000000000000e+00
5.370000000000000000e+02 2.147869453278448137e-01 8.893946290395994270e-01 2.241693218024579104e-02 3.106508875739644876e-02 5.712335002275830548e-02 0.000000000000000000e+00
5.400000000000000000e+02 2.159868723967153237e-01 8.915566681838871244e-01 2.196176604460628110e-02 3.095129722348657214e-02 5.553026854802002588e-02 0.000000000000000000e+00
5.430000000000000000e+02 2.171867994655860556e-01 8.918980427856167958e-01 2.150659990896677115e-02 3.231679563040509851e-02 5.427856167501137613e-02 0.000000000000000000e+00
5.460000000000000000e+02 2.183867265344567876e-01 8.932635411925352598e-01 2.207555757851615771e-02 3.231679563040509851e-02 5.234410559854346667e-02 0.000000000000000000e+00
5.490000000000000000e+02 2.195866536033272975e-01 8.933773327264451503e-01 2.116522530723714129e-02 3.220300409649522189e-02 5.325443786982248656e-02 0.000000000000000000e+00
5.520000000000000000e+02 2.207865806721980295e-01 8.951979972690031762e-01 2.014110150204824826e-02 3.243058716431497512e-02 5.223031406463359005e-02 0.000000000000000000e+00
5.550000000000000000e+02 2.219865077410685394e-01 8.950842057350932857e-01 2.093764223941738806e-02 3.129267182521620200e-02 5.268548020027309653e-02 0.000000000000000000e+00
5.580000000000000000e+02 2.231864348099392714e-01 8.972462448793809831e-01 1.923076923076923184e-02 3.095129722348657214e-02 5.257168866636321991e-02 0.000000000000000000e+00
5.610000000000000000e+02 2.243863618788100034e-01 8.980427856167501055e-01 2.071005917159763482e-02 2.947200728265816916e-02 5.177514792899408358e-02 0.000000000000000000e+00
5.640000000000000000e+02 2.255862889476805133e-01 8.995220755575785709e-01 2.082385070550751144e-02 2.935821574874829254e-02 5.029585798816568060e-02 0.000000000000000000e+00
5.670000000000000000e+02 2.267862160165512453e-01 8.992944924897587899e-01 2.127901684114701791e-02 3.026854802002730896e-02 4.915794264906690747e-02 0.000000000000000000e+00
5.700000000000000000e+02 2.279861430854217552e-01 9.029358215748748417e-01 1.991351843422849502e-02 2.981338188438780248e-02 4.733727810650887463e-02 0.000000000000000000e+00
5.730000000000000000e+02 2.291860701542924872e-01 9.064633591260810030e-01 1.888939462903959851e-02 2.947200728265816916e-02 4.506144742831133532e-02 1.137915339098771066e-04
5.760000000000000000e+02 2.303859972231632192e-01 9.097633136094674944e-01 1.911697769685935522e-02 2.992717341829767910e-02 4.107874374146563284e-02 1.137915339098771066e-04
5.790000000000000000e+02 2.315859242920337291e-01 9.121529358215748617e-01 1.900318616294947513e-02 2.833409194355939950e-02 4.039599453800637313e-02 1.137915339098771066e-04
5.820000000000000000e+02 2.327858513609044611e-01 9.134046426945835462e-01 1.843422849340009204e-02 2.867546654528902936e-02 3.937187073281747662e-02 1.137915339098771066e-04
5.850000000000000000e+02 2.339857784297749710e-01 9.172735548475193790e-01 1.911697769685935522e-02 2.696859353664087314e-02 3.652708238507055422e-02 1.137915339098771066e-04
5.880000000000000000e+02 2.351857054986457030e-01 9.186390532544378429e-01 1.877560309512972189e-02 2.787892580791988956e-02 3.470641784251251444e-02 0.000000000000000000e+00
5.910000000000000000e+02 2.363856325675164349e-01 9.182976786527082824e-01 1.934456076467910846e-02 2.844788347746927612e-02 3.390987710514337811e-02 0.000000000000000000e+00
5.940000000000000000e+02 2.375855596363869449e-01 9.219390077378243342e-01 1.797906235776058209e-02 2.753755120619025970e-02 3.254437869822485174e-02 0.000000000000000000e+00
5.970000000000000000e+02 2.387854867052576768e-01 9.253527537551206050e-01 1.809285389167045871e-02 2.617205279927173334e-02 3.038233955393718558e-02 0.000000000000000000e+00
6.000000000000000000e+02 2.399854137741281868e-01 9.272872098315885214e-01 1.854802002730996865e-02 2.526172052799271692e-02 2.878925807919890598e-02 1.137915339098771066e-04
6.030000000000000000e+02 2.411853408429989187e-01 9.319526627218934767e-01 1.615839781520254925e-02 2.366863905325443732e-02 2.810650887573964626e-02 1.137915339098771066e-04
6.060000000000000000e+02 2.423852679118694287e-01 9.316112881201638052e-01 1.638598088302230249e-02 2.332726445152480746e-02 2.867546654528902936e-02 0.000000000000000000e+00
6.090000000000000000e+02 2.435851949807401606e-01 9.310423304506144637e-01 1.615839781520254925e-02 2.401001365498407064e-02 2.878925807919890598e-02 0.000000000000000000e+00
6.120000000000000000e+02 2.447851220496108926e-01 9.328629949931724896e-01 1.672735548475193582e-02 2.423759672280382388e-02 2.617205279927173334e-02 0.000000000000000000e+00
6.150000000000000000e+02 2.459850491184814025e-01 9.351388256713700775e-01 1.661356395084205573e-02 2.332726445152480746e-02 2.492034592626308706e-02 0.000000000000000000e+00
6.180000000000000000e+02 2.471849761873521345e-01 9.355939918070095285e-01 1.684114701866181243e-02 2.401001365498407064e-02 2.355484751934456070e-02 0.000000000000000000e+00
6.210000000000000000e+02 2.483849032562226444e-01 9.386663632225762388e-01 1.695493855257168905e-02 2.309968138370505075e-02 2.127901684114701791e-02 0.000000000000000000e+00
6.240000000000000000e+02 2.495848303250933764e-01 9.375284478834774449e-01 1.775147928994082885e-02 2.321347291761493084e-02 2.150659990896677115e-02 0.000000000000000000e+00
6.270000000000000000e+02 2.507847573939641084e-01 9.325216203914429292e-01 1.820664542558033533e-02 2.480655439235321044e-02 2.446517979062357712e-02 0.000000000000000000e+00
6.300000000000000000e+02 2.519846844628346183e-01 9.330905780609922706e-01 1.900318616294947513e-02 2.389622212107419055e-02 2.389622212107419055e-02 1.137915339098771066e-04
6.330000000000000000e+02 2.531846115317053503e-01 9.346836595357305155e-01 1.877560309512972189e-02 2.287209831588529751e-02 2.355484751934456070e-02 1.137915339098771066e-04
6.360000000000000000e+02 2.543845386005758602e-01 9.343422849340009551e-01 1.877560309512972189e-02 2.309968138370505075e-02 2.366863905325443732e-02 1.137915339098771066e-04
6.390000000000000000e+02 2.555844656694465922e-01 9.346836595357305155e-01 1.775147928994082885e-02 2.321347291761493084e-02 2.435138825671370050e-02 0.000000000000000000e+00
6.420000000000000000e+02 2.567843927383173241e-01 9.373008648156576639e-01 1.797906235776058209e-02 2.241693218024579104e-02 2.230314064633591095e-02 0.000000000000000000e+00
6.450000000000000000e+02 2.579843198071878341e-01 9.406008192990441552e-01 1.638598088302230249e-02 2.275830678197542090e-02 2.025489303595812488e-02 0.000000000000000000e+00
6.480000000000000000e+02 2.591842468760585660e-01 9.410559854346836062e-01 1.638598088302230249e-02 2.275830678197542090e-02 1.968593536640873831e-02 1.137915339098771066e-04
6.510000000000000000e+02 2.603841739449290760e-01 9.424214838416021811e-01 1.524806554392353283e-02 2.230314064633591095e-02 2.002730996813837164e-02 0.000000000000000000e+00
6.540000000000000000e+02 2.615841010137998079e-01 9.434456076467910846e-01 1.467910787437414627e-02 2.253072371415566766e-02 1.934456076467910846e-02 0.000000000000000000e+00
6.570000000000000000e+02 2.627840280826705399e-01 9.411697769685934967e-01 1.467910787437414627e-02 2.275830678197542090e-02 2.139280837505689453e-02 0.000000000000000000e+00
6.600000000000000000e+02 2.639839551515410498e-01 9.434456076467910846e-01 1.490669094219390124e-02 2.082385070550751144e-02 2.082385070550751144e-02 0.000000000000000000e+00
6.630000000000000000e+02 2.651838822204117818e-01 9.436731907146108655e-01 1.615839781520254925e-02 2.127901684114701791e-02 1.888939462903959851e-02 0.000000000000000000e+00
6.660000000000000000e+02 2.663838092892822917e-01 9.461766044606281234e-01 1.615839781520254925e-02 2.173418297678652786e-02 1.593081474738279601e-02 0.000000000000000000e+00
6.690000000000000000e+02 2.675837363581530237e-01 9.444697314519799880e-01 1.638598088302230249e-02 2.287209831588529751e-02 1.627218934911242587e-02 0.000000000000000000e+00
6.720000000000000000e+02 2.687836634270237557e-01 9.439007737824305355e-01 1.695493855257168905e-02 2.230314064633591095e-02 1.672735548475193582e-02 1.137915339098771066e-04
6.750000000000000000e+02 2.699835904958942656e-01 9.464041875284479044e-01 1.604460628129267263e-02 2.173418297678652786e-02 1.570323167956303931e-02 1.137915339098771066e-04
6.780000000000000000e+02 2.711835175647649976e-01 9.465179790623577949e-01 1.615839781520254925e-02 2.139280837505689453e-02 1.593081474738279601e-02 0.000000000000000000e+00
6.810000000000000000e+02 2.723834446336355075e-01 9.473145197997269173e-01 1.672735548475193582e-02 2.071005917159763482e-02 1.524806554392353283e-02 0.000000000000000000e+00
