# itime ezz other fcc hcp bcc ico
0.000000000000000000e+00 0.000000000000000000e+00 0.000000000000000000e+00 1.000000000000000000e+00 0.000000000000000000e+00 0.000000000000000000e+00 0.000000000000000000e+00
2.500000000000000000e+01 9.999778823450711229e-04 0.000000000000000000e+00 1.000000000000000000e+00 0.000000000000000000e+00 0.000000000000000000e+00 0.000000000000000000e+00
5.000000000000000000e+01 1.999955764690364290e-03 0.000000000000000000e+00 1.000000000000000000e+00 0.000000000000000000e+00 0.000000000000000000e+00 0.000000000000000000e+00
7.500000000000000000e+01 2.999933647035435413e-03 0.000000000000000000e+00 1.000000000000000000e+00 0.000000000000000000e+00 0.000000000000000000e+00 0.000000000000000000e+00
1.000000000000000000e+02 3.999911529380506536e-03 0.000000000000000000e+00 1.000000000000000000e+00 0.000000000000000000e+00 0.000000000000000000e+00 0.000000000000000000e+00
1.250000000000000000e+02 4.999889411725577659e-03 0.000000000000000000e+00 1.000000000000000000e+00 0.000000000000000000e+00 0.000000000000000000e+00 0.000000000000000000e+00
1.500000000000000000e+02 5.999867294070870827e-03 0.000000000000000000e+00 1.000000000000000000e+00 0.000000000000000000e+00 0.000000000000000000e+00 0.000000000000000000e+00
1.750000000000000000e+02 6.999845176415941950e-03 0.000000000000000000e+00 1.000000000000000000e+00 0.000000000000000000e+00 0.000000000000000000e+00 0.000000000000000000e+00
2.000000000000000000e+02 7.999823058761013073e-03 0.000000000000000000e+00 1.000000000000000000e+00 0.000000000000000000e+00 0.000000000000000000e+00 0.000000000000000000e+00
2.250000000000000000e+02 8.999800941106306240e-03 0.000000000000000000e+00 1.000000000000000000e+00 0.000000000000000000e+00 0.000000000000000000e+00 0.000000000000000000e+00
2.500000000000000000e+02 9.999778823451377363e-03 0.000000000000000000e+00 1.000000000000000000e+00 0.000000000000000000e+00 0.000000000000000000e+00 0.000000000000000000e+00
2.750000000000000000e+02 1.099975670579644849e-02 0.000000000000000000e+00 1.000000000000000000e+00 0.000000000000000000e+00 0.000000000000000000e+00 0.000000000000000000e+00
3.000000000000000000e+02 1.199973458814151961e-02 0.000000000000000000e+00 1.000000000000000000e+00 0.000000000000000000e+00 0.000000000000000000e+00 0.000000000000000000e+00
3.250000000000000000e+02 1.299971247048681278e-02 0.000000000000000000e+00 1.000000000000000000e+00 0.000000000000000000e+00 0.000000000000000000e+00 0.000000000000000000e+00
3.500000000000000000e+02 1.399969035283188390e-02 0.000000000000000000e+00 1.000000000000000000e+00 0.000000000000000000e+00 0.000000000000000000e+00 0.000000000000000000e+00
3.750000000000000000e+02 1.499966823517695502e-02 0.000000000000000000e+00 1.000000000000000000e+00 0.000000000000000000e+00 0.000000000000000000e+00 0.000000000000000000e+00
4.000000000000000000e+02 1.599964611752224819e-02 0.000000000000000000e+00 1.000000000000000000e+00 0.000000000000000000e+00 0.000000000000000000e+00 0.000000000000000000e+00
4.250000000000000000e+02 1.699962399986731931e-02 0.000000000000000000e+00 1.000000000000000000e+00 0.000000000000000000e+00 0.000000000000000000e+00 0.000000000000000000e+00
4.500000000000000000e+02 1.799960188221239044e-02 0.000000000000000000e+00 1.000000000000000000e+00 0.000000000000000000e+00 0.000000000000000000e+00 0.000000000000000000e+00
4.750000000000000000e+02 1.899957976455746156e-02 0.000000000000000000e+00 1.000000000000000000e+00 0.000000000000000000e+00 0.000000000000000000e+00 0.000000000000000000e+00
5.000000000000000000e+02 1.999955764690275473e-02 0.000000000000000000e+00 1.000000000000000000e+00 0.000000000000000000e+00 0.000000000000000000e+00 0.000000000000000000e+00
5.250000000000000000e+02 2.099953552924782585e-02 0.000000000000000000e+00 1.000000000000000000e+00 0.000000000000000000e+00 0.000000000000000000e+00 0.000000000000000000e+00
5.500000000000000000e+02 2.199951341159289697e-02 0.000000000000000000e+00 1.000000000000000000e+00 0.000000000000000000e+00 0.000000000000000000e+00 0.000000000000000000e+00
5.750000000000000000e+02 2.299949129393796809e-02 0.000000000000000000e+00 1.000000000000000000e+00 0.000000000000000000e+00 0.000000000000000000e+00 0.000000000000000000e+00
6.000000000000000000e+02 2.399946917628326126e-02 0.000000000000000000e+00 1.000000000000000000e+00 0.000000000000000000e+00 0.000000000000000000e+00 0.000000000000000000e+00
6.250000000000000000e+02 2.499944705862833239e-02 0.000000000000000000e+00 1.000000000000000000e+00 0.000000000000000000e+00 0.000000000000000000e+00 0.000000000000000000e+00
6.500000000000000000e+02 2.599942494097340351e-02 0.000000000000000000e+00 1.000000000000000000e+00 0.000000000000000000e+00 0.000000000000000000e+00 0.000000000000000000e+00
6.750000000000000000e+02 2.699940282331869668e-02 0.000000000000000000e+00 1.000000000000000000e+00 0.000000000000000000e+00 0.000000000000000000e+00 0.000000000000000000e+00
7.000000000000000000e+02 2.799938070566376780e-02 0.000000000000000000e+00 1.000000000000000000e+00 0.000000000000000000e+00 0.000000000000000000e+00 0.000000000000000000e+00
7.250000000000000000e+02 2.899935858800883892e-02 0.000000000000000000e+00 1.000000000000000000e+00 0.000000000000000000e+00 0.000000000000000000e+00 0.000000000000000000e+00
7.500000000000000000e+02 2.999933647035391004e-02 0.000000000000000000e+00 1.000000000000000000e+00 0.000000000000000000e+00 0.000000000000000000e+00 0.000000000000000000e+00
7.750000000000000000e+02 3.099931435269920321e-02 0.000000000000000000e+00 1.000000000000000000e+00 0.000000000000000000e+00 0.000000000000000000e+00 0.000000000000000000e+00
8.000000000000000000e+02 3.199929223504427434e-02 0.000000000000000000e+00 1.000000000000000000e+00 0.000000000000000000e+00 0.000000000000000000e+00 0.000000000000000000e+00
8.250000000000000000e+02 3.299927011738934546e-02 0.000000000000000000e+00 1.000000000000000000e+00 0.000000000000000000e+00 0.000000000000000000e+00 0.000000000000000000e+00
8.500000000000000000e+02 3.399924799973463863e-02 0.000000000000000000e+00 1.000000000000000000e+00 0.000000000000000000e+00 0.000000000000000000e+00 0.000000000000000000e+00
8.750000000000000000e+02 3.499922588207970975e-02 0.000000000000000000e+00 1.000000000000000000e+00 0.000000000000000000e+00 0.000000000000000000e+00 0.000000000000000000e+00
9.000000000000000000e+02 3.599920376442478087e-02 0.000000000000000000e+00 1.000000000000000000e+00 0.000000000000000000e+00 0.000000000000000000e+00 0.000000000000000000e+00
9.250000000000000000e+02 3.699918164676985199e-02 0.000000000000000000e+00 1.000000000000000000e+00 0.000000000000000000e+00 0.000000000000000000e+00 0.000000000000000000e+00
9.500000000000000000e+02 3.799915952911514516e-02 0.000000000000000000e+00 1.000000000000000000e+00 0.000000000000000000e+00 0.000000000000000000e+00 0.000000000000000000e+00
9.750000000000000000e+02 3.899913741146021628e-02 0.000000000000000000e+00 1.000000000000000000e+00 0.000000000000000000e+00 0.000000000000000000e+00 0.000000000000000000e+00
1.000000000000000000e+03 3.999911529380528741e-02 0.000000000000000000e+00 1.000000000000000000e+00 0.000000000000000000e+00 0.000000000000000000e+00 0.000000000000000000e+00
1.025000000000000000e+03 4.099909317615058058e-02 0.000000000000000000e+00 1.000000000000000000e+00 0.000000000000000000e+00 0.000000000000000000e+00 0.000000000000000000e+00
1.050000000000000000e+03 4.199907105849565170e-02 0.000000000000000000e+00 1.000000000000000000e+00 0.000000000000000000e+00 0.000000000000000000e+00 0.000000000000000000e+00
1.075000000000000000e+03 4.299904894084072282e-02 0.000000000000000000e+00 1.000000000000000000e+00 0.000000000000000000e+00 0.000000000000000000e+00 0.000000000000000000e+00
1.100000000000000000e+03 4.399902682318579394e-02 0.000000000000000000e+00 1.000000000000000000e+00 0.000000000000000000e+00 0.000000000000000000e+00 0.000000000000000000e+00
1.125000000000000000e+03 4.499900470553108711e-02 0.000000000000000000e+00 1.000000000000000000e+00 0.000000000000000000e+00 0.000000000000000000e+00 0.000000000000000000e+00
1.150000000000000000e+03 4.599898258787615823e-02 0.000000000000000000e+00 1.000000000000000000e+00 0.000000000000000000e+00 0.000000000000000000e+00 0.000000000000000000e+00
1.175000000000000000e+03 4.699896047022122936e-02 0.000000000000000000e+00 1.000000000000000000e+00 0.000000000000000000e+00 0.000000000000000000e+00 0.000000000000000000e+00
1.200000000000000000e+03 4.799893835256652252e-02 0.000000000000000000e+00 1.000000000000000000e+00 0.000000000000000000e+00 0.000000000000000000e+00 0.000000000000000000e+00
1.225000000000000000e+03 4.899891623491159365e-02 0.000000000000000000e+00 1.000000000000000000e+00 0.000000000000000000e+00 0.000000000000000000e+00 0.000000000000000000e+00
1.250000000000000000e+03 4.999889411725666477e-02 0.000000000000000000e+00 1.000000000000000000e+00 0.000000000000000000e+00 0.000000000000000000e+00 0.000000000000000000e+00
1.275000000000000000e+03 5.099887199960173589e-02 0.000000000000000000e+00 1.000000000000000000e+00 0.000000000000000000e+00 0.000000000000000000e+00 0.000000000000000000e+00
1.300000000000000000e+03 5.199884988194702906e-02 0.000000000000000000e+00 1.000000000000000000e+00 0.000000000000000000e+00 0.000000000000000000e+00 0.000000000000000000e+00
1.325000000000000000e+03 5.299882776429210018e-02 0.000000000000000000e+00 1.000000000000000000e+00 0.000000000000000000e+00 0.000000000000000000e+00 0.000000000000000000e+00
1.350000000000000000e+03 5.399880564663717131e-02 0.000000000000000000e+00 1.000000000000000000e+00 0.000000000000000000e+00 0.000000000000000000e+00 0.000000000000000000e+00
1.375000000000000000e+03 5.499878352898246447e-02 0.000000000000000000e+00 1.000000000000000000e+00 0.000000000000000000e+00 0.000000000000000000e+00 0.000000000000000000e+00
1.400000000000000000e+03 5.599876141132753560e-02 0.000000000000000000e+00 1.000000000000000000e+00 0.000000000000000000e+00 0.000000000000000000e+00 0.000000000000000000e+00
1.425000000000000000e+03 5.699873929367260672e-02 0.000000000000000000e+00 1.000000000000000000e+00 0.000000000000000000e+00 0.000000000000000000e+00 0.000000000000000000e+00
1.450000000000000000e+03 5.799871717601767784e-02 0.000000000000000000e+00 1.000000000000000000e+00 0.000000000000000000e+00 0.000000000000000000e+00 0.000000000000000000e+00
1.475000000000000000e+03 5.899869505836297101e-02 0.000000000000000000e+00 1.000000000000000000e+00 0.000000000000000000e+00 0.000000000000000000e+00 0.000000000000000000e+00
1.500000000000000000e+03 5.999867294070804213e-02 0.000000000000000000e+00 1.000000000000000000e+00 0.000000000000000000e+00 0.000000000000000000e+00 0.000000000000000000e+00
1.525000000000000000e+03 6.099865082305311326e-02 0.000000000000000000e+00 1.000000000000000000e+00 0.000000000000000000e+00 0.000000000000000000e+00 0.000000000000000000e+00
1.550000000000000000e+03 6.199862870539818438e-02 0.000000000000000000e+00 1.000000000000000000e+00 0.000000000000000000e+00 0.000000000000000000e+00 0.000000000000000000e+00
1.575000000000000000e+03 6.299860658774347755e-02 0.000000000000000000e+00 1.000000000000000000e+00 0.000000000000000000e+00 0.000000000000000000e+00 0.000000000000000000e+00
1.600000000000000000e+03 6.399858447008854867e-02 0.000000000000000000e+00 1.000000000000000000e+00 0.000000000000000000e+00 0.000000000000000000e+00 0.000000000000000000e+00
1.625000000000000000e+03 6.499856235243361979e-02 0.000000000000000000e+00 1.000000000000000000e+00 0.000000000000000000e+00 0.000000000000000000e+00 0.000000000000000000e+00
1.650000000000000000e+03 6.599854023477891296e-02 2.275830678197542133e-04 9.995448338643604380e-01 0.000000000000000000e+00 2.275830678197542133e-04 0.000000000000000000e+00
1.675000000000000000e+03 6.699851811712398408e-02 0.000000000000000000e+00 1.000000000000000000e+00 0.000000000000000000e+00 0.000000000000000000e+00 0.000000000000000000e+00
1.700000000000000000e+03 6.799849599946905521e-02 0.000000000000000000e+00 1.000000000000000000e+00 0.000000000000000000e+00 0.000000000000000000e+00 0.000000000000000000e+00
1.725000000000000000e+03 6.899847388181412633e-02 0.000000000000000000e+00 1.000000000000000000e+00 0.000000000000000000e+00 0.000000000000000000e+00 0.000000000000000000e+00
1.750000000000000000e+03 6.999845176415941950e-02 0.000000000000000000e+00 1.000000000000000000e+00 0.000000000000000000e+00 0.000000000000000000e+00 0.000000000000000000e+00
1.775000000000000000e+03 7.099842964650449062e-02 0.000000000000000000e+00 1.000000000000000000e+00 0.000000000000000000e+00 0.000000000000000000e+00 0.000000000000000000e+00
1.800000000000000000e+03 7.199840752884956174e-02 0.000000000000000000e+00 1.000000000000000000e+00 0.000000000000000000e+00 0.000000000000000000e+00 0.000000000000000000e+00
1.825000000000000000e+03 7.299838541119485491e-02 0.000000000000000000e+00 1.000000000000000000e+00 0.000000000000000000e+00 0.000000000000000000e+00 0.000000000000000000e+00
1.850000000000000000e+03 7.399836329353992603e-02 0.000000000000000000e+00 1.000000000000000000e+00 0.000000000000000000e+00 0.000000000000000000e+00 0.000000000000000000e+00
1.875000000000000000e+03 7.499834117588499716e-02 0.000000000000000000e+00 1.000000000000000000e+00 0.000000000000000000e+00 0.000000000000000000e+00 0.000000000000000000e+00
1.900000000000000000e+03 7.599831905823006828e-02 2.275830678197542133e-04 9.997724169321802190e-01 0.000000000000000000e+00 0.000000000000000000e+00 0.000000000000000000e+00
1.925000000000000000e+03 7.699829694057536145e-02 2.275830678197542133e-04 9.997724169321802190e-01 0.000000000000000000e+00 0.000000000000000000e+00 0.000000000000000000e+00
1.950000000000000000e+03 7.799827482292043257e-02 0.000000000000000000e+00 1.000000000000000000e+00 0.000000000000000000e+00 0.000000000000000000e+00 0.000000000000000000e+00
1.975000000000000000e+03 7.899825270526550369e-02 0.000000000000000000e+00 1.000000000000000000e+00 0.000000000000000000e+00 0.000000000000000000e+00 0.000000000000000000e+00
2.000000000000000000e+03 7.999823058761079686e-02 0.000000000000000000e+00 1.000000000000000000e+00 0.000000000000000000e+00 0.000000000000000000e+00 0.000000000000000000e+00
2.025000000000000000e+03 8.099820846995586798e-02 2.275830678197542133e-04 9.997724169321802190e-01 0.000000000000000000e+00 0.000000000000000000e+00 0.000000000000000000e+00
2.050000000000000000e+03 8.199818635230093911e-02 1.137915339098771066e-04 9.998862084660901095e-01 0.000000000000000000e+00 0.000000000000000000e+00 0.000000000000000000e+00
2.075000000000000000e+03 8.299816423464601023e-02 1.137915339098771066e-04 9.998862084660901095e-01 0.000000000000000000e+00 0.000000000000000000e+00 0.000000000000000000e+00
2.100000000000000000e+03 8.399814211699130340e-02 1.137915339098771066e-04 9.998862084660901095e-01 0.000000000000000000e+00 0.000000000000000000e+00 0.000000000000000000e+00
2.125000000000000000e+03 8.499811999933637452e-02 4.551661356395084266e-04 9.995448338643604380e-01 0.000000000000000000e+00 0.000000000000000000e+00 0.000000000000000000e+00
2.150000000000000000e+03 8.599809788168144564e-02 0.000000000000000000e+00 1.000000000000000000e+00 0.000000000000000000e+00 0.000000000000000000e+00 0.000000000000000000e+00
2.175000000000000000e+03 8.699807576402673881e-02 2.275830678197542133e-04 9.997724169321802190e-01 0.000000000000000000e+00 0.000000000000000000e+00 0.000000000000000000e+00
2.200000000000000000e+03 8.799805364637180993e-02 0.000000000000000000e+00 1.000000000000000000e+00 0.000000000000000000e+00 0.000000000000000000e+00 0.000000000000000000e+00
2.225000000000000000e+03 8.899803152871688106e-02 3.413746017296313199e-04 9.996586253982703285e-01 0.000000000000000000e+00 0.000000000000000000e+00 0.000000000000000000e+00
2.250000000000000000e+03 8.999800941106195218e-02 1.137915339098771066e-04 9.998862084660901095e-01 0.000000000000000000e+00 0.000000000000000000e+00 0.000000000000000000e+00
2.275000000000000000e+03 9.099798729340724535e-02 0.000000000000000000e+00 1.000000000000000000e+00 0.000000000000000000e+00 0.000000000000000000e+00 0.000000000000000000e+00
2.300000000000000000e+03 9.199796517575231647e-02 5.689576695493854790e-04 9.994310423304506585e-01 0.000000000000000000e+00 0.000000000000000000e+00 0.000000000000000000e+00
2.325000000000000000e+03 9.299794305809738759e-02 1.251706873008648227e-03 9.987482931269913156e-01 0.000000000000000000e+00 0.000000000000000000e+00 0.000000000000000000e+00
2.350000000000000000e+03 9.399792094044268076e-02 1.820664542558033706e-03 9.980655439235320836e-01 0.000000000000000000e+00 1.137915339098771066e-04 0.000000000000000000e+00
2.375000000000000000e+03 9.499789882278775188e-02 2.617205279927173507e-03 9.972690031861629611e-01 0.000000000000000000e+00 1.137915339098771066e-04 0.000000000000000000e+00
2.400000000000000000e+03 9.599787670513282301e-02 1.365498406918525280e-03 9.986345015930814251e-01 0.000000000000000000e+00 0.000000000000000000e+00 0.000000000000000000e+00
2.425000000000000000e+03 9.699785458747789413e-02 1.593081474738279385e-03 9.982931269913518646e-01 0.000000000000000000e+00 1.137915339098771066e-04 0.000000000000000000e+00
2.450000000000000000e+03 9.799783246982318730e-02 2.048247610377787811e-03 9.979517523896221931e-01 0.000000000000000000e+00 0.000000000000000000e+00 0.000000000000000000e+00
2.475000000000000000e+03 9.899781035216825842e-02 1.137915339098770958e-03 9.988620846609012061e-01 0.000000000000000000e+00 0.000000000000000000e+00 0.000000000000000000e+00
2.500000000000000000e+03 9.999778823451332954e-02 1.820664542558033706e-03 9.980655439235320836e-01 0.000000000000000000e+00 1.137915339098771066e-04 0.000000000000000000e+00
2.525000000000000000e+03 1.009977661168584007e-01 1.820664542558033706e-03 9.977241693218024121e-01 0.000000000000000000e+00 4.551661356395084266e-04 0.000000000000000000e+00
2.550000000000000000e+03 1.019977439992036938e-01 1.593081474738279385e-03 9.984069185252617551e-01 0.000000000000000000e+00 0.000000000000000000e+00 0.000000000000000000e+00
2.575000000000000000e+03 1.029977218815487650e-01 1.706873008648156654e-03 9.980655439235320836e-01 0.000000000000000000e+00 2.275830678197542133e-04 0.000000000000000000e+00
2.600000000000000000e+03 1.039976997638938361e-01 4.437869822485207214e-03 9.954483386436049352e-01 0.000000000000000000e+00 1.137915339098771066e-04 0.000000000000000000e+00
2.625000000000000000e+03 1.049976776462391292e-01 2.275830678197541916e-03 9.974965862539827421e-01 0.000000000000000000e+00 2.275830678197542133e-04 0.000000000000000000e+00
2.650000000000000000e+03 1.059976555285842004e-01 6.144742831133363434e-03 9.937414656349567998e-01 0.000000000000000000e+00 1.137915339098771066e-04 0.000000000000000000e+00
2.675000000000000000e+03 1.069976334109292715e-01 3.299954483386436255e-03 9.967000455166135087e-01 0.000000000000000000e+00 0.000000000000000000e+00 0.000000000000000000e+00
2.700000000000000000e+03 1.079976112932743426e-01 7.282658170232134826e-03 9.926035502958580059e-01 0.000000000000000000e+00 1.137915339098771066e-04 0.000000000000000000e+00
2.725000000000000000e+03 1.089975891756196358e-01 4.893035958124715423e-03 9.948793809740554828e-01 0.000000000000000000e+00 2.275830678197542133e-04 0.000000000000000000e+00
2.750000000000000000e+03 1.099975670579647069e-01 7.055075102412380721e-03 9.922621756941283344e-01 0.000000000000000000e+00 6.827492034592626399e-04 0.000000000000000000e+00
2.775000000000000000e+03 1.109975449403097780e-01 7.851615839781519654e-03 9.916932180245789930e-01 0.000000000000000000e+00 4.551661356395084266e-04 0.000000000000000000e+00
2.800000000000000000e+03 1.119975228226550712e-01 1.149294492489758707e-02 9.874829312699134887e-01 0.000000000000000000e+00 1.024123805188893906e-03 0.000000000000000000e+00
2.825000000000000000e+03 1.129975007050001423e-01 8.989531178880291046e-03 9.899863450159308575e-01 0.000000000000000000e+00 1.024123805188893906e-03 0.000000000000000000e+00
2.850000000000000000e+03 1.139974785873452134e-01 9.672280382339554228e-03 9.898725534820209671e-01 0.000000000000000000e+00 4.551661356395084266e-04 0.000000000000000000e+00
2.875000000000000000e+03 1.149974564696902846e-01 1.342740100136549826e-02 9.858898497951752438e-01 0.000000000000000000e+00 6.827492034592626399e-04 0.000000000000000000e+00
2.900000000000000000e+03 1.159974343520355777e-01 1.433773327264451468e-02 9.850933090578061213e-01 0.000000000000000000e+00 5.689576695493854790e-04 0.000000000000000000e+00
2.925000000000000000e+03 1.169974122343806489e-01 2.150659990896677115e-02 9.764451524806554428e-01 0.000000000000000000e+00 2.048247610377787811e-03 0.000000000000000000e+00
2.950000000000000000e+03 1.179973901167257200e-01 2.742375967228038308e-02 9.681383705052344357e-01 0.000000000000000000e+00 4.437869822485207214e-03 0.000000000000000000e+00
2.975000000000000000e+03 1.189973679990710131e-01 4.449248975876194528e-02 9.395766954938552518e-01 0.000000000000000000e+00 1.593081474738279601e-02 0.000000000000000000e+00
3.000000000000000000e+03 1.199973458814160843e-01 6.907146108329539902e-02 8.940600819299043822e-01 0.000000000000000000e+00 3.686845698680018407e-02 0.000000000000000000e+00
3.025000000000000000e+03 1.209973237637611554e-01 1.157259899863450209e-01 7.789030496131087444e-01 0.000000000000000000e+00 1.053709604005461931e-01 0.000000000000000000e+00
3.050000000000000000e+03 1.219973016461062265e-01 1.928766499772416876e-01 5.782885753299954468e-01 0.000000000000000000e+00 2.288347746927628656e-01 0.000000000000000000e+00
3.075000000000000000e+03 1.229972795284515197e-01 2.783340919435594030e-01 3.586709148839326566e-01 0.000000000000000000e+00 3.629949931725079404e-01 0.000000000000000000e+00
3.100000000000000000e+03 1.239972574107965908e-01 3.515020482476103880e-01 2.110832954028220299e-01 2.275830678197542133e-04 4.371870732817478289e-01 0.000000000000000000e+00
3.125000000000000000e+03 1.249972352931416619e-01 3.868912152935821691e-01 1.470186618115612298e-01 2.275830678197542133e-04 4.658625398270368478e-01 0.000000000000000000e+00
3.150000000000000000e+03 1.259972131754869551e-01 3.798361401911697910e-01 1.522530723714155543e-01 0.000000000000000000e+00 4.679107874374146547e-01 0.000000000000000000e+00
3.175000000000000000e+03 1.269971910578320262e-01 3.543468365953573174e-01 1.936731907146108378e-01 0.000000000000000000e+00 4.519799726900318726e-01 0.000000000000000000e+00
3.200000000000000000e+03 1.279971689401770973e-01 3.755120619025944517e-01 1.827492034592626269e-01 1.137915339098771066e-04 4.416249431042330587e-01 0.000000000000000000e+00
3.225000000000000000e+03 1.289971468225221685e-01 3.917842512517068498e-01 1.883249886208466228e-01 2.275830678197542133e-04 4.196631770596267463e-01 0.000000000000000000e+00
3.250000000000000000e+03 1.299971247048674616e-01 4.116977696859353553e-01 1.807009558488848477e-01 1.479289940828402332e-03 4.061219845243513871e-01 0.000000000000000000e+00
3.275000000000000000e+03 1.309971025872125328e-01 4.277423759672280279e-01 1.613563950842057393e-01 3.755120619025944465e-03 4.071461083295402905e-01 0.000000000000000000e+00
3.300000000000000000e+03 1.319970804695576039e-01 4.143149749658625591e-01 1.557806099226217433e-01 6.144742831133363434e-03 4.237596722803823601e-01 0.000000000000000000e+00
3.325000000000000000e+03 1.329970583519028970e-01 4.102184797451069453e-01 1.271051433773327244e-01 1.274465179790623508e-02 4.499317250796540657e-01 0.000000000000000000e+00
3.350000000000000000e+03 1.339970362342479682e-01 4.204597177969959243e-01 9.934000910332271839e-02 1.934456076467910846e-02 4.608557123350022766e-01 0.000000000000000000e+00
3.375000000000000000e+03 1.349970141165930393e-01 4.370732817478379384e-01 8.409194355939918208e-02 3.254437869822485174e-02 4.462903959945380139e-01 0.000000000000000000e+00
3.400000000000000000e+03 1.359969919989381104e-01 4.484524351388256558e-01 9.797451069640418508e-02 6.019572143832498806e-02 3.933773327264451503e-01 0.000000000000000000e+00
3.425000000000000000e+03 1.369969698812834036e-01 4.594902139280837572e-01 1.177742375967228000e-01 8.215748748293126569e-02 3.405780609922621771e-01 0.000000000000000000e+00
3.450000000000000000e+03 1.379969477636284747e-01 4.839553937187073274e-01 1.430359581247155343e-01 1.167501137915339104e-01 2.562585343650432557e-01 0.000000000000000000e+00
3.475000000000000000e+03 1.389969256459735458e-01 4.931725079654073474e-01 1.573736913973600438e-01 1.544151115157032239e-01 1.950386891215293572e-01 0.000000000000000000e+00
3.500000000000000000e+03 1.399969035283186169e-01 4.934000910332271284e-01 1.638598088302230249e-01 1.803595812471552040e-01 1.623805188893946427e-01 0.000000000000000000e+00
3.525000000000000000e+03 1.409968814106639101e-01 5.050068274920346267e-01 1.631770596267637652e-01 1.936731907146108378e-01 1.381429221665907980e-01 0.000000000000000000e+00
3.550000000000000000e+03 1.419968592930089812e-01 5.079654073736914466e-01 1.663632225762403383e-01 2.005006827492034627e-01 1.251706873008648080e-01 0.000000000000000000e+00
3.575000000000000000e+03 1.429968371753540524e-01 5.083067819754210070e-01 1.681838871187983642e-01 2.109695038689121394e-01 1.125398270368684617e-01 0.000000000000000000e+00
3.600000000000000000e+03 1.439968150576993455e-01 5.104688211197087044e-01 1.701183431952662806e-01 2.212107419208010906e-01 9.820209376422393832e-02 0.000000000000000000e+00
3.625000000000000000e+03 1.449967929400444167e-01 5.069412835685025431e-01 1.747837960855712358e-01 2.272416932180245652e-01 9.103322712790168358e-02 0.000000000000000000e+00
3.650000000000000000e+03 1.459967708223894878e-01 5.020482476103778069e-01 1.771734182976786587e-01 2.289485662266727284e-01 9.182976786527081992e-02 0.000000000000000000e+00
3.675000000000000000e+03 1.469967487047345589e-01 5.039827036868457233e-01 1.766044606281292617e-01 2.299726900318616318e-01 8.944014565316341092e-02 0.000000000000000000e+00
3.700000000000000000e+03 1.479967265870798521e-01 5.060309512972235302e-01 1.752389622212107423e-01 2.204142011834319403e-01 9.831588529813381494e-02 0.000000000000000000e+00
3.725000000000000000e+03 1.489967044694249232e-01 4.967000455166135642e-01 1.811561219845243542e-01 2.259899863450159363e-01 9.615384615384615918e-02 0.000000000000000000e+00
3.750000000000000000e+03 1.499966823517699943e-01 4.972690031861629611e-01 1.797906235776058348e-01 2.242831133363677731e-01 9.865725989986344480e-02 0.000000000000000000e+00
3.775000000000000000e+03 1.509966602341152875e-01 4.903277196176604735e-01 1.812699135184342170e-01 2.323623122439690547e-01 9.604005461993628257e-02 0.000000000000000000e+00
3.800000000000000000e+03 1.519966381164603586e-01 4.929449248975876219e-01 1.804733727810650945e-01 2.330450614474283144e-01 9.353664087391898307e-02 0.000000000000000000e+00
3.825000000000000000e+03 1.529966159988054297e-01 4.929449248975876219e-01 1.795630405097860816e-01 2.322485207100591642e-01 9.524351388256713236e-02 0.000000000000000000e+00
3.850000000000000000e+03 1.539965938811505008e-01 4.868001820664542567e-01 1.808147473827947105e-01 2.403277196176604458e-01 9.205735093309057315e-02 0.000000000000000000e+00
3.875000000000000000e+03 1.549965717634957940e-01 4.806554392353208915e-01 1.888939462903959920e-01 2.430587164314974846e-01 8.739189804278561791e-02 0.000000000000000000e+00
3.900000000000000000e+03 1.559965496458408651e-01 4.734865725989986229e-01 1.962903959945380139e-01 2.444242148384160318e-01 8.579881656804733137e-02 0.000000000000000000e+00
3.925000000000000000e+03 1.569965275281859363e-01 4.823623122439690269e-01 2.019799726900318726e-01 2.412380518889394587e-01 7.441966317705962786e-02 0.000000000000000000e+00
3.950000000000000000e+03 1.579965054105312294e-01 4.897587619481110766e-01 2.019799726900318726e-01 2.438552571688666348e-01 6.440600819299044377e-02 0.000000000000000000e+00
3.975000000000000000e+03 1.589964832928763006e-01 4.930587164314975124e-01 1.994765589440145592e-01 2.420345926263086089e-01 6.543013199817933334e-02 0.000000000000000000e+00
4.000000000000000000e+03 1.599964611752213717e-01 4.981793354574419741e-01 1.983386436049157930e-01 2.368001820664542567e-01 6.668183887118799003e-02 0.000000000000000000e+00
4.025000000000000000e+03 1.609964390575664428e-01 4.994310423304506030e-01 2.002730996813837094e-01 2.378243058716431602e-01 6.247155211652252738e-02 0.000000000000000000e+00
4.050000000000000000e+03 1.619964169399117360e-01 4.964724624487937832e-01 2.073281747837960876e-01 2.370277651342740100e-01 5.917159763313609155e-02 0.000000000000000000e+00
4.075000000000000000e+03 1.629963948222568071e-01 4.947655894401456478e-01 2.100591715976331264e-01 2.378243058716431602e-01 5.735093309057805872e-02 0.000000000000000000e+00
4.100000000000000000e+03 1.639963727046018782e-01 4.916932180245789930e-01 2.099453800637232637e-01 2.396449704142011861e-01 5.871643149749658508e-02 0.000000000000000000e+00
4.125000000000000000e+03 1.649963505869471714e-01 4.919208010923987184e-01 2.130177514792899462e-01 2.357760582612653533e-01 5.928538916704597511e-02 0.000000000000000000e+00
4.150000000000000000e+03 1.659963284692922425e-01 4.956759217114246607e-01 2.168866636322257513e-01 2.324761037778789174e-01 5.496131087847064278e-02 0.000000000000000000e+00
4.175000000000000000e+03 1.669963063516373136e-01 4.870277651342740377e-01 2.175694128356850388e-01 2.332726445152480677e-01 6.213017751479289752e-02 0.000000000000000000e+00
4.200000000000000000e+03 1.679962842339823847e-01 4.805416477014110010e-01 2.250796540737369233e-01 2.362312243969048597e-01 5.814747382794720199e-02 0.000000000000000000e+00
4.225000000000000000e+03 1.689962621163276779e-01 4.788347746927628656e-01 2.290623577605826189e-01 2.342967683204369711e-01 5.780609922621757213e-02 0.000000000000000000e+00
4.250000000000000000e+03 1.699962399986727490e-01 4.769003186162949492e-01 2.303140646335912478e-01 2.348657259899863403e-01 5.791989076012744875e-02 0.000000000000000000e+00
4.275000000000000000e+03 1.709962178810178202e-01 4.692762858443331742e-01 2.305416477014110288e-01 2.365725989986345035e-01 6.360946745562130744e-02 0.000000000000000000e+00
4.300000000000000000e+03 1.719961957633631133e-01 4.650659990896677254e-01 2.320209376422394110e-01 2.368001820664542567e-01 6.611288120163859305e-02 0.000000000000000000e+00
4.325000000000000000e+03 1.729961736457081845e-01 4.580109239872553473e-01 2.346381429221665871e-01 2.422621756941283622e-01 6.508875739644970349e-02 0.000000000000000000e+00
4.350000000000000000e+03 1.739961515280532556e-01 4.507282658170231882e-01 2.431725079654073751e-01 2.471552116522530707e-01 5.894401456531633832e-02 0.000000000000000000e+00
4.375000000000000000e+03 1.749961294103983267e-01 4.458352298588985074e-01 2.413518434228493492e-01 2.569412835685024876e-01 5.587164314974965573e-02 0.000000000000000000e+00
4.400000000000000000e+03 1.759961072927436199e-01 4.409421939007737712e-01 2.407828857532999522e-01 2.638825671370050308e-01 5.439235320892125969e-02 0.000000000000000000e+00
4.425000000000000000e+03 1.769960851750886910e-01 4.378698224852071164e-01 2.455621301775147980e-01 2.638825671370050308e-01 5.268548020027309653e-02 0.000000000000000000e+00
4.450000000000000000e+03 1.779960630574337621e-01 4.345698680018206805e-01 2.432862994993172379e-01 2.658170232134728916e-01 5.632680928538916915e-02 0.000000000000000000e+00
4.475000000000000000e+03 1.789960409397788332e-01 4.368456986800182129e-01 2.429449248975876219e-01 2.687756030951297115e-01 5.143377332726445372e-02 0.000000000000000000e+00
4.500000000000000000e+03 1.799960188221241264e-01 4.357077833409194190e-01 2.424897587619481154e-01 2.707100591715976279e-01 5.109239872553481693e-02 0.000000000000000000e+00
4.525000000000000000e+03 1.809959967044691975e-01 4.421939007737824556e-01 2.437414656349567721e-01 2.639963586709148657e-01 5.006827492034592736e-02 0.000000000000000000e+00
4.550000000000000000e+03 1.819959745868142686e-01 4.398042785616750328e-01 2.446517979062357850e-01 2.666135639508420696e-01 4.893035958124715423e-02 0.000000000000000000e+00
4.575000000000000000e+03 1.829959524691595618e-01 4.441283568502503165e-01 2.454483386436049075e-01 2.655894401456531662e-01 4.483386436049158208e-02 0.000000000000000000e+00
4.600000000000000000e+03 1.839959303515046329e-01 4.349112426035502965e-01 2.460172963131543045e-01 2.685480200273099860e-01 5.052344105598543383e-02 0.000000000000000000e+00
4.625000000000000000e+03 1.849959082338497041e-01 4.423076923076922906e-01 2.439690487027765253e-01 2.669549385525716856e-01 4.676832043695949154e-02 0.000000000000000000e+00
4.650000000000000000e+03 1.859958861161947752e-01 4.452662721893491105e-01 2.437414656349567721e-01 2.678652708238506985e-01 4.312699135184342586e-02 0.000000000000000000e+00
4.675000000000000000e+03 1.869958639985400684e-01 4.501593081474738467e-01 2.394173873463814328e-01 2.680928538916704795e-01 4.233045061447428259e-02 0.000000000000000000e+00
4.700000000000000000e+03 1.879958418808851395e-01 4.452662721893491105e-01 2.423759672280382249e-01 2.651342740100136597e-01 4.722348657259899801e-02 0.000000000000000000e+00
4.725000000000000000e+03 1.889958197632302106e-01 4.476558944014565333e-01 2.426035502958579781e-01 2.657032316795630567e-01 4.403732362312243881e-02 0.000000000000000000e+00
4.750000000000000000e+03 1.899957976455755038e-01 4.530040964952207760e-01 2.415794264906691025e-01 2.638825671370050308e-01 4.153390987710514626e-02 0.000000000000000000e+00
4.775000000000000000e+03 1.909957755279205749e-01 4.487938097405553273e-01 2.456759217114246607e-01 2.611515703231679364e-01 4.437869822485206867e-02 0.000000000000000000e+00
4.800000000000000000e+03 1.919957534102656460e-01 4.563040509786072119e-01 2.378243058716431602e-01 2.639963586709148657e-01 4.187528447883477611e-02 0.000000000000000000e+00
4.825000000000000000e+03 1.929957312926107171e-01 4.524351388256713791e-01 2.356622667273554905e-01 2.680928538916704795e-01 4.380974055530268557e-02 0.000000000000000000e+00
4.850000000000000000e+03 1.939957091749560103e-01 4.490213928083750528e-01 2.357760582612653533e-01 2.696859353664087244e-01 4.551661356395084179e-02 0.000000000000000000e+00
4.875000000000000000e+03 1.949956870573010814e-01 4.572143832498862248e-01 2.322485207100591642e-01 2.647928994082840437e-01 4.574419663177059503e-02 0.000000000000000000e+00
4.900000000000000000e+03 1.959956649396461525e-01 4.573281747837960598e-01 2.320209376422394110e-01 2.686618115612198210e-01 4.198907601274465273e-02 0.000000000000000000e+00
4.925000000000000000e+03 1.969956428219914457e-01 4.588074647246244697e-01 2.347519344560764776e-01 2.693445607646791085e-01 3.709604005461993731e-02 0.000000000000000000e+00
4.950000000000000000e+03 1.979956207043365168e-01 4.596040054619936477e-01 2.303140646335912478e-01 2.668411470186617951e-01 4.324078288575330248e-02 0.000000000000000000e+00
4.975000000000000000e+03 1.989955985866815880e-01 4.599453800637232637e-01 2.331588529813381772e-01 2.680928538916704795e-01 3.880291306326809353e-02 0.000000000000000000e+00
5.000000000000000000e+03 1.999955764690266591e-01 4.616522530723713991e-01 2.355484751934456000e-01 2.675238962221210826e-01 3.527537551206190447e-02 0.000000000000000000e+00
5.025000000000000000e+03 2.009955543513719523e-01 4.557350933090578149e-01 2.379380974055530229e-01 2.707100591715976279e-01 3.561675011379153433e-02 0.000000000000000000e+00
5.050000000000000000e+03 2.019955322337170234e-01 4.500455166135639562e-01 2.370277651342740100e-01 2.703686845698680119e-01 4.255803368229403583e-02 0.000000000000000000e+00
5.075000000000000000e+03 2.029955101160620945e-01 4.473145197997269173e-01 2.357760582612653533e-01 2.666135639508420696e-01 5.029585798816568060e-02 0.000000000000000000e+00
5.100000000000000000e+03 2.039954879984073877e-01 4.442421483841602070e-01 2.361174328629949970e-01 2.729858898497951603e-01 4.665452890304961492e-02 0.000000000000000000e+00
5.125000000000000000e+03 2.049954658807524588e-01 4.476558944014565333e-01 2.309968138370505353e-01 2.732134729176149412e-01 4.802002730996814128e-02 1.137915339098771066e-04
5.150000000000000000e+03 2.059954437630975299e-01 4.479972690031861493e-01 2.294037323623122349e-01 2.745789713245334607e-01 4.802002730996814128e-02 0.000000000000000000e+00
5.175000000000000000e+03 2.069954216454426010e-01 4.472007282658170269e-01 2.255348202093764298e-01 2.766272189349112676e-01 5.063723258989531045e-02 0.000000000000000000e+00
5.200000000000000000e+03 2.079953995277878942e-01 4.402594446973145392e-01 2.319071461083295482e-01 2.763996358670914866e-01 5.143377332726445372e-02 0.000000000000000000e+00
5.225000000000000000e+03 2.089953774101329653e-01 4.501593081474738467e-01 2.297451069640418786e-01 2.724169321802457633e-01 4.767865270823850449e-02 0.000000000000000000e+00
5.250000000000000000e+03 2.099953552924780364e-01 4.541420118343195145e-01 2.336140191169776836e-01 2.711652253072371344e-01 4.107874374146563284e-02 0.000000000000000000e+00
5.275000000000000000e+03 2.109953331748233296e-01 4.468593536640874109e-01 2.350933090578060936e-01 2.718479745106964218e-01 4.619936276741010150e-02 0.000000000000000000e+00
5.300000000000000000e+03 2.119953110571684007e-01 4.509558488848429691e-01 2.300864815657714946e-01 2.770823850705507740e-01 4.187528447883477611e-02 0.000000000000000000e+00
5.325000000000000000e+03 2.129952889395134719e-01 4.458352298588985074e-01 2.337278106508875741e-01 2.784478834774692935e-01 4.198907601274465273e-02 0.000000000000000000e+00
5.350000000000000000e+03 2.139952668218585430e-01 4.555075102412380339e-01 2.328174783796085612e-01 2.729858898497951603e-01 3.868912152935821691e-02 0.000000000000000000e+00
5.375000000000000000e+03 2.149952447042038362e-01 4.497041420118343402e-01 2.327036868456986707e-01 2.769685935366408835e-01 4.062357760582612637e-02 0.000000000000000000e+00
5.400000000000000000e+03 2.159952225865489073e-01 4.527765134274009950e-01 2.339553937187073274e-01 2.745789713245334607e-01 3.868912152935821691e-02 0.000000000000000000e+00
5.425000000000000000e+03 2.169952004688939784e-01 4.580109239872553473e-01 2.304278561675011383e-01 2.756030951297223641e-01 3.595812471552116418e-02 0.000000000000000000e+00
5.450000000000000000e+03 2.179951783512390495e-01 4.533454710969503920e-01 2.308830223031406448e-01 2.765134274010013771e-01 3.925807919890760000e-02 0.000000000000000000e+00
5.475000000000000000e+03 2.189951562335843427e-01 4.526627218934911046e-01 2.287209831588529751e-01 2.773099681383704995e-01 4.130632680928538608e-02 0.000000000000000000e+00
5.500000000000000000e+03 2.199951341159294138e-01 4.472007282658170269e-01 2.274692762858443462e-01 2.822030040964952358e-01 4.312699135184342586e-02 0.000000000000000000e+00
5.525000000000000000e+03 2.209951119982744849e-01 4.533454710969503920e-01 2.243969048702776636e-01 2.804961310878470448e-01 4.176149294492489950e-02 0.000000000000000000e+00
5.550000000000000000e+03 2.219950898806197781e-01 4.502730996813836817e-01 2.279244424214838527e-01 2.819754210286754548e-01 3.982703686845699004e-02 0.000000000000000000e+00
5.575000000000000000e+03 2.229950677629648492e-01 4.514110150204824756e-01 2.294037323623122349e-01 2.790168411470186349e-01 4.016841147018661989e-02 0.000000000000000000e+00
5.600000000000000000e+03 2.239950456453099203e-01 4.481110605370960398e-01 2.312243969048702885e-01 2.762858443331815961e-01 4.437869822485206867e-02 0.000000000000000000e+00
5.625000000000000000e+03 2.249950235276549915e-01 4.527765134274009950e-01 2.323623122439690547e-01 2.785616750113791285e-01 3.629949931725079404e-02 0.000000000000000000e+00
5.650000000000000000e+03 2.259950014100002846e-01 4.481110605370960398e-01 2.353208921256258468e-01 2.798133818843878129e-01 3.675466545289030745e-02 0.000000000000000000e+00
5.675000000000000000e+03 2.269949792923453558e-01 4.498179335457441752e-01 2.331588529813381772e-01 2.790168411470186349e-01 3.800637232589895026e-02 0.000000000000000000e+00
