# itime ezz other fcc hcp bcc ico
0.000000000000000000e+00 0.000000000000000000e+00 0.000000000000000000e+00 1.000000000000000000e+00 0.000000000000000000e+00 0.000000000000000000e+00 0.000000000000000000e+00
3.000000000000000000e+00 1.200020002068979963e-03 0.000000000000000000e+00 1.000000000000000000e+00 0.000000000000000000e+00 0.000000000000000000e+00 0.000000000000000000e+00
6.000000000000000000e+00 2.400040004137959926e-03 0.000000000000000000e+00 1.000000000000000000e+00 0.000000000000000000e+00 0.000000000000000000e+00 0.000000000000000000e+00
9.000000000000000000e+00 3.600060006206939889e-03 0.000000000000000000e+00 1.000000000000000000e+00 0.000000000000000000e+00 0.000000000000000000e+00 0.000000000000000000e+00
1.200000000000000000e+01 4.800080008275697807e-03 0.000000000000000000e+00 1.000000000000000000e+00 0.000000000000000000e+00 0.000000000000000000e+00 0.000000000000000000e+00
1.500000000000000000e+01 6.000100010344677770e-03 0.000000000000000000e+00 1.000000000000000000e+00 0.000000000000000000e+00 0.000000000000000000e+00 0.000000000000000000e+00
1.800000000000000000e+01 7.200120012413657733e-03 0.000000000000000000e+00 1.000000000000000000e+00 0.000000000000000000e+00 0.000000000000000000e+00 0.000000000000000000e+00
2.100000000000000000e+01 8.400140014482637696e-03 0.000000000000000000e+00 1.000000000000000000e+00 0.000000000000000000e+00 0.000000000000000000e+00 0.000000000000000000e+00
2.400000000000000000e+01 9.600160016551617659e-03 0.000000000000000000e+00 1.000000000000000000e+00 0.000000000000000000e+00 0.000000000000000000e+00 0.000000000000000000e+00
2.700000000000000000e+01 1.080018001862059762e-02 0.000000000000000000e+00 1.000000000000000000e+00 0.000000000000000000e+00 0.000000000000000000e+00 0.000000000000000000e+00
3.000000000000000000e+01 1.200020002068957758e-02 0.000000000000000000e+00 1.000000000000000000e+00 0.000000000000000000e+00 0.000000000000000000e+00 0.000000000000000000e+00
3.300000000000000000e+01 1.320022002275833550e-02 0.000000000000000000e+00 1.000000000000000000e+00 0.000000000000000000e+00 0.000000000000000000e+00 0.000000000000000000e+00
3.600000000000000000e+01 1.440024002482731547e-02 0.000000000000000000e+00 1.000000000000000000e+00 0.000000000000000000e+00 0.000000000000000000e+00 0.000000000000000000e+00
3.900000000000000000e+01 1.560026002689629543e-02 0.000000000000000000e+00 1.000000000000000000e+00 0.000000000000000000e+00 0.000000000000000000e+00 0.000000000000000000e+00
4.200000000000000000e+01 1.680028002896527539e-02 0.000000000000000000e+00 1.000000000000000000e+00 0.000000000000000000e+00 0.000000000000000000e+00 0.000000000000000000e+00
4.500000000000000000e+01 1.800030003103425535e-02 0.000000000000000000e+00 1.000000000000000000e+00 0.000000000000000000e+00 0.000000000000000000e+00 0.000000000000000000e+00
4.800000000000000000e+01 1.920032003310323532e-02 0.000000000000000000e+00 1.000000000000000000e+00 0.000000000000000000e+00 0.000000000000000000e+00 0.000000000000000000e+00
5.100000000000000000e+01 2.040034003517221528e-02 0.000000000000000000e+00 1.000000000000000000e+00 0.000000000000000000e+00 0.000000000000000000e+00 0.000000000000000000e+00
5.400000000000000000e+01 2.160036003724097320e-02 0.000000000000000000e+00 1.000000000000000000e+00 0.000000000000000000e+00 0.000000000000000000e+00 0.000000000000000000e+00
5.700000000000000000e+01 2.280038003930995316e-02 0.000000000000000000e+00 1.000000000000000000e+00 0.000000000000000000e+00 0.000000000000000000e+00 0.000000000000000000e+00
6.000000000000000000e+01 2.400040004137893312e-02 0.000000000000000000e+00 1.000000000000000000e+00 0.000000000000000000e+00 0.000000000000000000e+00 0.000000000000000000e+00
6.300000000000000000e+01 2.520042004344791309e-02 0.000000000000000000e+00 1.000000000000000000e+00 0.000000000000000000e+00 0.000000000000000000e+00 0.000000000000000000e+00
6.600000000000000000e+01 2.640044004551689305e-02 0.000000000000000000e+00 1.000000000000000000e+00 0.000000000000000000e+00 0.000000000000000000e+00 0.000000000000000000e+00
6.900000000000000000e+01 2.760046004758587301e-02 0.000000000000000000e+00 1.000000000000000000e+00 0.000000000000000000e+00 0.000000000000000000e+00 0.000000000000000000e+00
7.200000000000000000e+01 2.880048004965485298e-02 0.000000000000000000e+00 1.000000000000000000e+00 0.000000000000000000e+00 0.000000000000000000e+00 0.000000000000000000e+00
7.500000000000000000e+01 3.000050005172361089e-02 0.000000000000000000e+00 1.000000000000000000e+00 0.000000000000000000e+00 0.000000000000000000e+00 0.000000000000000000e+00
7.800000000000000000e+01 3.120052005379259086e-02 0.000000000000000000e+00 1.000000000000000000e+00 0.000000000000000000e+00 0.000000000000000000e+00 0.000000000000000000e+00
8.100000000000000000e+01 3.240054005586157082e-02 0.000000000000000000e+00 1.000000000000000000e+00 0.000000000000000000e+00 0.000000000000000000e+00 0.000000000000000000e+00
8.400000000000000000e+01 3.360056005793055078e-02 0.000000000000000000e+00 1.000000000000000000e+00 0.000000000000000000e+00 0.000000000000000000e+00 0.000000000000000000e+00
8.700000000000000000e+01 3.480058005999953075e-02 0.000000000000000000e+00 1.000000000000000000e+00 0.000000000000000000e+00 0.000000000000000000e+00 0.000000000000000000e+00
9.000000000000000000e+01 3.600060006206851071e-02 0.000000000000000000e+00 1.000000000000000000e+00 0.000000000000000000e+00 0.000000000000000000e+00 0.000000000000000000e+00
9.300000000000000000e+01 3.720062006413749067e-02 0.000000000000000000e+00 1.000000000000000000e+00 0.000000000000000000e+00 0.000000000000000000e+00 0.000000000000000000e+00
9.600000000000000000e+01 3.840064006620624859e-02 0.000000000000000000e+00 1.000000000000000000e+00 0.000000000000000000e+00 0.000000000000000000e+00 0.000000000000000000e+00
9.900000000000000000e+01 3.960066006827522855e-02 0.000000000000000000e+00 1.000000000000000000e+00 0.000000000000000000e+00 0.000000000000000000e+00 0.000000000000000000e+00
1.020000000000000000e+02 4.080068007034420852e-02 0.000000000000000000e+00 1.000000000000000000e+00 0.000000000000000000e+00 0.000000000000000000e+00 0.000000000000000000e+00
1.050000000000000000e+02 4.200070007241318848e-02 0.000000000000000000e+00 1.000000000000000000e+00 0.000000000000000000e+00 0.000000000000000000e+00 0.000000000000000000e+00
1.080000000000000000e+02 4.320072007448216844e-02 0.000000000000000000e+00 1.000000000000000000e+00 0.000000000000000000e+00 0.000000000000000000e+00 0.000000000000000000e+00
1.110000000000000000e+02 4.440074007655114841e-02 0.000000000000000000e+00 1.000000000000000000e+00 0.000000000000000000e+00 0.000000000000000000e+00 0.000000000000000000e+00
1.140000000000000000e+02 4.560076007862012837e-02 0.000000000000000000e+00 1.000000000000000000e+00 0.000000000000000000e+00 0.000000000000000000e+00 0.000000000000000000e+00
1.170000000000000000e+02 4.680078008068888629e-02 0.000000000000000000e+00 1.000000000000000000e+00 0.000000000000000000e+00 0.000000000000000000e+00 0.000000000000000000e+00
1.200000000000000000e+02 4.800080008275786625e-02 0.000000000000000000e+00 1.000000000000000000e+00 0.000000000000000000e+00 0.000000000000000000e+00 0.000000000000000000e+00
1.230000000000000000e+02 4.920082008482684621e-02 0.000000000000000000e+00 1.000000000000000000e+00 0.000000000000000000e+00 0.000000000000000000e+00 0.000000000000000000e+00
1.260000000000000000e+02 5.040084008689582618e-02 0.000000000000000000e+00 1.000000000000000000e+00 0.000000000000000000e+00 0.000000000000000000e+00 0.000000000000000000e+00
1.290000000000000000e+02 5.160086008896480614e-02 0.000000000000000000e+00 1.000000000000000000e+00 0.000000000000000000e+00 0.000000000000000000e+00 0.000000000000000000e+00
1.320000000000000000e+02 5.280088009103378610e-02 0.000000000000000000e+00 1.000000000000000000e+00 0.000000000000000000e+00 0.000000000000000000e+00 0.000000000000000000e+00
1.350000000000000000e+02 5.400090009310276606e-02 0.000000000000000000e+00 1.000000000000000000e+00 0.000000000000000000e+00 0.000000000000000000e+00 0.000000000000000000e+00
1.380000000000000000e+02 5.520092009517152398e-02 0.000000000000000000e+00 1.000000000000000000e+00 0.000000000000000000e+00 0.000000000000000000e+00 0.000000000000000000e+00
1.410000000000000000e+02 5.640094009724050395e-02 0.000000000000000000e+00 1.000000000000000000e+00 0.000000000000000000e+00 0.000000000000000000e+00 0.000000000000000000e+00
1.440000000000000000e+02 5.760096009930948391e-02 0.000000000000000000e+00 1.000000000000000000e+00 0.000000000000000000e+00 0.000000000000000000e+00 0.000000000000000000e+00
1.470000000000000000e+02 5.880098010137846387e-02 0.000000000000000000e+00 1.000000000000000000e+00 0.000000000000000000e+00 0.000000000000000000e+00 0.000000000000000000e+00
1.500000000000000000e+02 6.000100010344744383e-02 0.000000000000000000e+00 1.000000000000000000e+00 0.000000000000000000e+00 0.000000000000000000e+00 0.000000000000000000e+00
1.530000000000000000e+02 6.120102010551642380e-02 0.000000000000000000e+00 1.000000000000000000e+00 0.000000000000000000e+00 0.000000000000000000e+00 0.000000000000000000e+00
1.560000000000000000e+02 6.240104010758540376e-02 0.000000000000000000e+00 1.000000000000000000e+00 0.000000000000000000e+00 0.000000000000000000e+00 0.000000000000000000e+00
1.590000000000000000e+02 6.360106010965416168e-02 0.000000000000000000e+00 1.000000000000000000e+00 0.000000000000000000e+00 0.000000000000000000e+00 0.000000000000000000e+00
1.620000000000000000e+02 6.480108011172314164e-02 4.551661356395084266e-04 9.995448338643604380e-01 0.000000000000000000e+00 0.000000000000000000e+00 0.000000000000000000e+00
1.650000000000000000e+02 6.600110011379212160e-02 3.413746017296313199e-04 9.996586253982703285e-01 0.000000000000000000e+00 0.000000000000000000e+00 0.000000000000000000e+00
1.680000000000000000e+02 6.720112011586110157e-02 0.000000000000000000e+00 1.000000000000000000e+00 0.000000000000000000e+00 0.000000000000000000e+00 0.000000000000000000e+00
1.710000000000000000e+02 6.840114011793008153e-02 0.000000000000000000e+00 1.000000000000000000e+00 0.000000000000000000e+00 0.000000000000000000e+00 0.000000000000000000e+00
1.740000000000000000e+02 6.960116011999906149e-02 0.000000000000000000e+00 1.000000000000000000e+00 0.000000000000000000e+00 0.000000000000000000e+00 0.000000000000000000e+00
1.770000000000000000e+02 7.080118012206804146e-02 0.000000000000000000e+00 1.000000000000000000e+00 0.000000000000000000e+00 0.000000000000000000e+00 0.000000000000000000e+00
1.800000000000000000e+02 7.200120012413679937e-02 0.000000000000000000e+00 1.000000000000000000e+00 0.000000000000000000e+00 0.000000000000000000e+00 0.000000000000000000e+00
1.830000000000000000e+02 7.320122012620577934e-02 0.000000000000000000e+00 1.000000000000000000e+00 0.000000000000000000e+00 0.000000000000000000e+00 0.000000000000000000e+00
1.860000000000000000e+02 7.440124012827475930e-02 0.000000000000000000e+00 1.000000000000000000e+00 0.000000000000000000e+00 0.000000000000000000e+00 0.000000000000000000e+00
1.890000000000000000e+02 7.560126013034373926e-02 0.000000000000000000e+00 1.000000000000000000e+00 0.000000000000000000e+00 0.000000000000000000e+00 0.000000000000000000e+00
1.920000000000000000e+02 7.680128013241271923e-02 0.000000000000000000e+00 1.000000000000000000e+00 0.000000000000000000e+00 0.000000000000000000e+00 0.000000000000000000e+00
1.950000000000000000e+02 7.800130013448169919e-02 0.000000000000000000e+00 1.000000000000000000e+00 0.000000000000000000e+00 0.000000000000000000e+00 0.000000000000000000e+00
1.980000000000000000e+02 7.920132013655067915e-02 0.000000000000000000e+00 1.000000000000000000e+00 0.000000000000000000e+00 0.000000000000000000e+00 0.000000000000000000e+00
2.010000000000000000e+02 8.040134013861943707e-02 0.000000000000000000e+00 1.000000000000000000e+00 0.000000000000000000e+00 0.000000000000000000e+00 0.000000000000000000e+00
2.040000000000000000e+02 8.160136014068841703e-02 1.137915339098771066e-04 9.998862084660901095e-01 0.000000000000000000e+00 0.000000000000000000e+00 0.000000000000000000e+00
2.070000000000000000e+02 8.280138014275739700e-02 4.551661356395084266e-04 9.995448338643604380e-01 0.000000000000000000e+00 0.000000000000000000e+00 0.000000000000000000e+00
2.100000000000000000e+02 8.400140014482637696e-02 1.137915339098771066e-04 9.998862084660901095e-01 0.000000000000000000e+00 0.000000000000000000e+00 0.000000000000000000e+00
2.130000000000000000e+02 8.520142014689535692e-02 1.137915339098771066e-04 9.998862084660901095e-01 0.000000000000000000e+00 0.000000000000000000e+00 0.000000000000000000e+00
2.160000000000000000e+02 8.640144014896433688e-02 2.275830678197542133e-04 9.997724169321802190e-01 0.000000000000000000e+00 0.000000000000000000e+00 0.000000000000000000e+00
2.190000000000000000e+02 8.760146015103331685e-02 3.413746017296313199e-04 9.994310423304506585e-01 0.000000000000000000e+00 2.275830678197542133e-04 0.000000000000000000e+00
2.220000000000000000e+02 8.880148015310207477e-02 4.551661356395084266e-04 9.994310423304506585e-01 0.000000000000000000e+00 1.137915339098771066e-04 0.000000000000000000e+00
2.250000000000000000e+02 9.000150015517105473e-02 3.413746017296313199e-04 9.996586253982703285e-01 0.000000000000000000e+00 0.000000000000000000e+00 0.000000000000000000e+00
2.280000000000000000e+02 9.120152015724003469e-02 1.137915339098771066e-04 9.998862084660901095e-01 0.000000000000000000e+00 0.000000000000000000e+00 0.000000000000000000e+00
2.310000000000000000e+02 9.240154015930901465e-02 3.413746017296313199e-04 9.996586253982703285e-01 0.000000000000000000e+00 0.000000000000000000e+00 0.000000000000000000e+00
2.340000000000000000e+02 9.360156016137799462e-02 1.137915339098771066e-04 9.998862084660901095e-01 0.000000000000000000e+00 0.000000000000000000e+00 0.000000000000000000e+00
2.370000000000000000e+02 9.480158016344697458e-02 0.000000000000000000e+00 1.000000000000000000e+00 0.000000000000000000e+00 0.000000000000000000e+00 0.000000000000000000e+00
2.400000000000000000e+02 9.600160016551595454e-02 0.000000000000000000e+00 1.000000000000000000e+00 0.000000000000000000e+00 0.000000000000000000e+00 0.000000000000000000e+00
2.430000000000000000e+02 9.720162016758471246e-02 7.965407373691396923e-04 9.990896677287209870e-01 0.000000000000000000e+00 1.137915339098771066e-04 0.000000000000000000e+00
2.460000000000000000e+02 9.840164016965369242e-02 1.706873008648156654e-03 9.981793354574419741e-01 0.000000000000000000e+00 1.137915339098771066e-04 0.000000000000000000e+00
2.490000000000000000e+02 9.960166017172267239e-02 2.162039144287664864e-03 9.978379608557123026e-01 0.000000000000000000e+00 0.000000000000000000e+00 0.000000000000000000e+00
2.520000000000000000e+02 1.008016801737916524e-01 1.479289940828402332e-03 9.985207100591716456e-01 0.000000000000000000e+00 0.000000000000000000e+00 0.000000000000000000e+00
2.550000000000000000e+02 1.020017001758606323e-01 1.251706873008648227e-03 9.987482931269913156e-01 0.000000000000000000e+00 0.000000000000000000e+00 0.000000000000000000e+00
2.580000000000000000e+02 1.032017201779296123e-01 1.706873008648156654e-03 9.982931269913518646e-01 0.000000000000000000e+00 0.000000000000000000e+00 0.000000000000000000e+00
2.610000000000000000e+02 1.044017401799985922e-01 2.162039144287664864e-03 9.978379608557123026e-01 0.000000000000000000e+00 0.000000000000000000e+00 0.000000000000000000e+00
2.640000000000000000e+02 1.056017601820673502e-01 2.503413746017296455e-03 9.974965862539827421e-01 0.000000000000000000e+00 0.000000000000000000e+00 0.000000000000000000e+00
2.670000000000000000e+02 1.068017801841363301e-01 3.413746017296313308e-03 9.965862539827037292e-01 0.000000000000000000e+00 0.000000000000000000e+00 0.000000000000000000e+00
2.700000000000000000e+02 1.080018001862053101e-01 2.617205279927173507e-03 9.973827947200728516e-01 0.000000000000000000e+00 0.000000000000000000e+00 0.000000000000000000e+00
2.730000000000000000e+02 1.092018201882742900e-01 2.275830678197541916e-03 9.977241693218024121e-01 0.000000000000000000e+00 0.000000000000000000e+00 0.000000000000000000e+00
2.760000000000000000e+02 1.104018401903432700e-01 1.137915339098770958e-03 9.988620846609012061e-01 0.000000000000000000e+00 0.000000000000000000e+00 0.000000000000000000e+00
2.790000000000000000e+02 1.116018601924122500e-01 1.820664542558033706e-03 9.980655439235320836e-01 0.000000000000000000e+00 1.137915339098771066e-04 0.000000000000000000e+00
2.820000000000000000e+02 1.128018801944812299e-01 1.706873008648156654e-03 9.981793354574419741e-01 0.000000000000000000e+00 1.137915339098771066e-04 0.000000000000000000e+00
2.850000000000000000e+02 1.140019001965499879e-01 2.844788347746927612e-03 9.970414201183431802e-01 0.000000000000000000e+00 1.137915339098771066e-04 0.000000000000000000e+00
2.880000000000000000e+02 1.152019201986189678e-01 3.755120619025944465e-03 9.962448793809740577e-01 0.000000000000000000e+00 0.000000000000000000e+00 0.000000000000000000e+00
2.910000000000000000e+02 1.164019402006879478e-01 3.413746017296313308e-03 9.964724624487938387e-01 0.000000000000000000e+00 1.137915339098771066e-04 0.000000000000000000e+00
2.940000000000000000e+02 1.176019602027569277e-01 3.755120619025944465e-03 9.962448793809740577e-01 0.000000000000000000e+00 0.000000000000000000e+00 0.000000000000000000e+00
2.970000000000000000e+02 1.188019802048259077e-01 4.437869822485207214e-03 9.954483386436049352e-01 0.000000000000000000e+00 1.137915339098771066e-04 0.000000000000000000e+00
3.000000000000000000e+02 1.200020002068948877e-01 7.055075102412380721e-03 9.927173418297678964e-01 0.000000000000000000e+00 2.275830678197542133e-04 0.000000000000000000e+00
3.030000000000000000e+02 1.212020202089638676e-01 7.510241238051888930e-03 9.921483841602184439e-01 0.000000000000000000e+00 3.413746017296313199e-04 0.000000000000000000e+00
3.060000000000000000e+02 1.224020402110326255e-01 8.192990441511151245e-03 9.915794264906691025e-01 0.000000000000000000e+00 2.275830678197542133e-04 0.000000000000000000e+00
3.090000000000000000e+02 1.236020602131016055e-01 9.103322712790167665e-03 9.906690942193900895e-01 0.000000000000000000e+00 2.275830678197542133e-04 0.000000000000000000e+00
3.120000000000000000e+02 1.248020802151705855e-01 1.035502958579881741e-02 9.894173873463814051e-01 0.000000000000000000e+00 2.275830678197542133e-04 0.000000000000000000e+00
3.150000000000000000e+02 1.260021002172395654e-01 9.330905780609922637e-03 9.901001365498406370e-01 0.000000000000000000e+00 5.689576695493854790e-04 0.000000000000000000e+00
3.180000000000000000e+02 1.272021202193085454e-01 1.115157032316795548e-02 9.882794720072826111e-01 0.000000000000000000e+00 5.689576695493854790e-04 0.000000000000000000e+00
3.210000000000000000e+02 1.284021402213775254e-01 1.126536185707783383e-02 9.883932635411925016e-01 0.000000000000000000e+00 3.413746017296313199e-04 0.000000000000000000e+00
3.240000000000000000e+02 1.296021602234465053e-01 1.319981793354574502e-02 9.858898497951752438e-01 0.000000000000000000e+00 9.103322712790168532e-04 0.000000000000000000e+00
3.270000000000000000e+02 1.308021802255152632e-01 1.388256713700500647e-02 9.855484751934455723e-01 0.000000000000000000e+00 5.689576695493854790e-04 0.000000000000000000e+00
3.300000000000000000e+02 1.320022002275842432e-01 1.524806554392353283e-02 9.836140191169776559e-01 0.000000000000000000e+00 1.137915339098770958e-03 0.000000000000000000e+00
3.330000000000000000e+02 1.332022202296532232e-01 1.775147928994082885e-02 9.813381884387801790e-01 0.000000000000000000e+00 9.103322712790168532e-04 0.000000000000000000e+00
3.360000000000000000e+02 1.344022402317222031e-01 2.309968138370505075e-02 9.759899863450158808e-01 0.000000000000000000e+00 9.103322712790168532e-04 0.000000000000000000e+00
3.390000000000000000e+02 1.356022602337911831e-01 2.423759672280382388e-02 9.750796540737368678e-01 0.000000000000000000e+00 6.827492034592626399e-04 0.000000000000000000e+00
3.420000000000000000e+02 1.368022802358601631e-01 2.742375967228038308e-02 9.713245334547109255e-01 0.000000000000000000e+00 1.251706873008648227e-03 0.000000000000000000e+00
3.450000000000000000e+02 1.380023002379291430e-01 3.664087391898043083e-02 9.616522530723714546e-01 0.000000000000000000e+00 1.706873008648156654e-03 0.000000000000000000e+00
3.480000000000000000e+02 1.392023202399979009e-01 4.267182521620391245e-02 9.556213017751479244e-01 0.000000000000000000e+00 1.706873008648156654e-03 0.000000000000000000e+00
3.510000000000000000e+02 1.404023402420668809e-01 5.120619025944470049e-02 9.469731451979972459e-01 0.000000000000000000e+00 1.820664542558033706e-03 0.000000000000000000e+00
3.540000000000000000e+02 1.416023602441358609e-01 6.201638598088302090e-02 9.350250341374601870e-01 0.000000000000000000e+00 2.958579881656804664e-03 0.000000000000000000e+00
3.570000000000000000e+02 1.428023802462048408e-01 7.168866636322257513e-02 9.234182976786526886e-01 0.000000000000000000e+00 4.893035958124715423e-03 0.000000000000000000e+00
3.600000000000000000e+02 1.440024002482738208e-01 8.648156577150660496e-02 9.082840236686390289e-01 0.000000000000000000e+00 5.234410559854347014e-03 0.000000000000000000e+00
3.630000000000000000e+02 1.452024202503428008e-01 1.049157942649066866e-01 8.876877560309512916e-01 0.000000000000000000e+00 7.396449704142011444e-03 0.000000000000000000e+00
3.660000000000000000e+02 1.464024402524117807e-01 1.215293582157487423e-01 8.699362767410104835e-01 0.000000000000000000e+00 8.534365043240782836e-03 0.000000000000000000e+00
3.690000000000000000e+02 1.476024602544805386e-01 1.480427856167501055e-01 8.383022303140645892e-01 0.000000000000000000e+00 1.365498406918525323e-02 0.000000000000000000e+00
3.720000000000000000e+02 1.488024802565495186e-01 1.668183887118798447e-01 8.161128812016386069e-01 0.000000000000000000e+00 1.706873008648156567e-02 0.000000000000000000e+00
3.750000000000000000e+02 1.500025002586184986e-01 1.965179790623577671e-01 7.826581702321346867e-01 0.000000000000000000e+00 2.082385070550751144e-02 0.000000000000000000e+00
3.780000000000000000e+02 1.512025202606874785e-01 2.220072826581702408e-01 7.511379153390987939e-01 0.000000000000000000e+00 2.685480200273099652e-02 0.000000000000000000e+00
3.810000000000000000e+02 1.524025402627564585e-01 2.573964497041419941e-01 7.060764679107874864e-01 0.000000000000000000e+00 3.652708238507055422e-02 0.000000000000000000e+00
3.840000000000000000e+02 1.536025602648254385e-01 3.037096040054619861e-01 6.482703686845698865e-01 0.000000000000000000e+00 4.802002730996814128e-02 0.000000000000000000e+00
3.870000000000000000e+02 1.548025802668944184e-01 3.442193900773782289e-01 5.971779699590350488e-01 0.000000000000000000e+00 5.860263996358670846e-02 0.000000000000000000e+00
3.900000000000000000e+02 1.560026002689631763e-01 3.954255803368229572e-01 5.367546654528903005e-01 0.000000000000000000e+00 6.781975421028675621e-02 0.000000000000000000e+00
3.930000000000000000e+02 1.572026202710321563e-01 4.433318161128811941e-01 4.745106964041875264e-01 0.000000000000000000e+00 8.215748748293126569e-02 0.000000000000000000e+00
3.960000000000000000e+02 1.584026402731011363e-01 4.841829767865271084e-01 4.143149749658625591e-01 0.000000000000000000e+00 1.015020482476103741e-01 0.000000000000000000e+00
3.990000000000000000e+02 1.596026602751701162e-01 5.213928083750568598e-01 3.576467910787437532e-01 1.137915339098771066e-04 1.208466090122894826e-01 0.000000000000000000e+00
4.020000000000000000e+02 1.608026802772390962e-01 5.599681383705051863e-01 3.006372325898953313e-01 1.137915339098771066e-04 1.392808375056895642e-01 0.000000000000000000e+00
4.050000000000000000e+02 1.620027002793080761e-01 5.975193445607647202e-01 2.472690031861629611e-01 3.413746017296313199e-04 1.548702776513427304e-01 0.000000000000000000e+00
4.080000000000000000e+02 1.632027202813770561e-01 6.322257624032772139e-01 1.964041875284478766e-01 5.689576695493854790e-04 1.708010923987255403e-01 0.000000000000000000e+00
4.110000000000000000e+02 1.644027402834458140e-01 6.621529358215748617e-01 1.548702776513427304e-01 6.827492034592626399e-04 1.822940373236231204e-01 0.000000000000000000e+00
4.140000000000000000e+02 1.656027602855147940e-01 6.802457897132453413e-01 1.223258989531178925e-01 1.024123805188893906e-03 1.964041875284478766e-01 0.000000000000000000e+00
4.170000000000000000e+02 1.668027802875837740e-01 6.892353208921255803e-01 9.763313609467455523e-02 1.706873008648156654e-03 2.114246700045516736e-01 0.000000000000000000e+00
4.200000000000000000e+02 1.680028002896527539e-01 7.007282658170231882e-01 7.498862084660901095e-02 2.730996813837050560e-03 2.215521165225307343e-01 0.000000000000000000e+00
4.230000000000000000e+02 1.692028202917217339e-01 7.109695038689121116e-01 5.746472462448793533e-02 3.413746017296313308e-03 2.281520254893036059e-01 0.000000000000000000e+00
4.260000000000000000e+02 1.704028402937907138e-01 7.184797451069639962e-01 4.597177969959034827e-02 4.096495220755575623e-03 2.314519799726900418e-01 0.000000000000000000e+00
4.290000000000000000e+02 1.716028602958596938e-01 7.280382339553936877e-01 3.470641784251251444e-02 4.437869822485207214e-03 2.328174783796085612e-01 0.000000000000000000e+00
4.320000000000000000e+02 1.728028802979284517e-01 7.309968138370505075e-01 2.799271734182976618e-02 4.437869822485207214e-03 2.365725989986345035e-01 0.000000000000000000e+00
4.350000000000000000e+02 1.740029002999974317e-01 7.289485662266727006e-01 2.435138825671370050e-02 5.348202093764223633e-03 2.413518434228493492e-01 0.000000000000000000e+00
4.380000000000000000e+02 1.752029203020664117e-01 7.309968138370505075e-01 2.082385070550751144e-02 6.372325898953117539e-03 2.418070095584888557e-01 0.000000000000000000e+00
4.410000000000000000e+02 1.764029403041353916e-01 7.262175694128356618e-01 2.116522530723714129e-02 7.168866636322257339e-03 2.454483386436049075e-01 0.000000000000000000e+00
4.440000000000000000e+02 1.776029603062043716e-01 7.303140646335912756e-01 2.002730996813837164e-02 7.396449704142011444e-03 2.422621756941283622e-01 0.000000000000000000e+00
4.470000000000000000e+02 1.788029803082733515e-01 7.307692307692307265e-01 2.048247610377787811e-02 7.851615839781519654e-03 2.408966772872098427e-01 0.000000000000000000e+00
4.500000000000000000e+02 1.800030003103423315e-01 7.316795630405097395e-01 2.150659990896677115e-02 8.306781975421027864e-03 2.385070550751024199e-01 0.000000000000000000e+00
4.530000000000000000e+02 1.812030203124110894e-01 7.341829767865271084e-01 2.309968138370505075e-02 9.103322712790167665e-03 2.336140191169776836e-01 0.000000000000000000e+00
4.560000000000000000e+02 1.824030403144800694e-01 7.399863450159308575e-01 2.184797451069640448e-02 9.672280382339554228e-03 2.284934000910332219e-01 0.000000000000000000e+00
4.590000000000000000e+02 1.836030603165490493e-01 7.410104688211197610e-01 2.446517979062357712e-02 1.172052799271734204e-02 2.228038233955393632e-01 0.000000000000000000e+00
4.620000000000000000e+02 1.848030803186180293e-01 7.432862994993172379e-01 2.457897132453345374e-02 1.615839781520254925e-02 2.159763313609467383e-01 0.000000000000000000e+00
4.650000000000000000e+02 1.860031003206870093e-01 7.474965862539827421e-01 2.492034592626308706e-02 1.718252162039144229e-02 2.104005461993627701e-01 0.000000000000000000e+00
4.680000000000000000e+02 1.872031203227559892e-01 7.554619936276740777e-01 2.492034592626308706e-02 1.820664542558033533e-02 2.014110150204824756e-01 0.000000000000000000e+00
4.710000000000000000e+02 1.884031403248249692e-01 7.536413290851160518e-01 2.765134274010013632e-02 1.888939462903959851e-02 1.998179335457442030e-01 0.000000000000000000e+00
4.740000000000000000e+02 1.896031603268937271e-01 7.544378698224851743e-01 2.833409194355939950e-02 2.105143377332726468e-02 1.961766044606281234e-01 0.000000000000000000e+00
4.770000000000000000e+02 1.908031803289627071e-01 7.567137005006827621e-01 3.049613108784706567e-02 2.264451524806554428e-02 1.901456531634046487e-01 0.000000000000000000e+00
4.800000000000000000e+02 1.920032003310316870e-01 7.597860719162494725e-01 3.106508875739644876e-02 2.389622212107419055e-02 1.852526172052799402e-01 0.000000000000000000e+00
4.830000000000000000e+02 1.932032203331006670e-01 7.638825671370049752e-01 3.117888029130632538e-02 2.628584433318160996e-02 1.786527082385070686e-01 0.000000000000000000e+00
4.860000000000000000e+02 1.944032403351696470e-01 7.663859808830223441e-01 3.345471096950387163e-02 2.890304961310878606e-02 1.712562585343650468e-01 0.000000000000000000e+00
4.890000000000000000e+02 1.956032603372386269e-01 7.685480200273099305e-01 3.516158397815202785e-02 3.186162949476559203e-02 1.644287664997724219e-01 0.000000000000000000e+00
4.920000000000000000e+02 1.968032803393076069e-01 7.725307237141556538e-01 3.664087391898043083e-02 3.288575329995448160e-02 1.579426490669094130e-01 0.000000000000000000e+00
4.950000000000000000e+02 1.980033003413763648e-01 7.820892125625853453e-01 3.607191624943104080e-02 3.220300409649522189e-02 1.496358670914884059e-01 0.000000000000000000e+00
4.980000000000000000e+02 1.992033203434453448e-01 7.738962221210742287e-01 3.641329085116067066e-02 3.595812471552116418e-02 1.537323623122439642e-01 0.000000000000000000e+00
5.010000000000000000e+02 2.004033403455143247e-01 7.758306781975421451e-01 3.766499772416932040e-02 3.686845698680018407e-02 1.496358670914884059e-01 0.000000000000000000e+00
5.040000000000000000e+02 2.016033603475833047e-01 7.754893035958124736e-01 3.812016385980882688e-02 4.016841147018661989e-02 1.462221210741920796e-01 0.000000000000000000e+00
5.070000000000000000e+02 2.028033803496522847e-01 7.823167956304051263e-01 3.971324533454710648e-02 4.073736913973600299e-02 1.372325898953117851e-01 0.000000000000000000e+00
5.100000000000000000e+02 2.040034003517212646e-01 7.858443331816112876e-01 3.868912152935821691e-02 4.312699135184342586e-02 1.323395539371870766e-01 0.000000000000000000e+00
5.130000000000000000e+02 2.052034203537902446e-01 7.882339553937186549e-01 4.119253527537550946e-02 4.426490669094219205e-02 1.263086026399635742e-01 0.000000000000000000e+00
5.160000000000000000e+02 2.064034403558590025e-01 7.914201183431952558e-01 4.187528447883477611e-02 4.494765589440145870e-02 1.217569412835685094e-01 0.000000000000000000e+00
5.190000000000000000e+02 2.076034603579279825e-01 7.950614474283113076e-01 4.221665908056440597e-02 4.665452890304961492e-02 1.160673645880746507e-01 0.000000000000000000e+00
5.220000000000000000e+02 2.088034803599969624e-01 7.956304050978607600e-01 4.301319981793354230e-02 4.847519344560764776e-02 1.128812016385980915e-01 0.000000000000000000e+00
5.250000000000000000e+02 2.100035003620659424e-01 8.000682749203459343e-01 4.301319981793354230e-02 4.984069185252617412e-02 1.070778334091943562e-01 0.000000000000000000e+00
5.280000000000000000e+02 2.112035203641349224e-01 8.027992717341829731e-01 4.483386436049158208e-02 4.870277651342740100e-02 1.036640873918980438e-01 0.000000000000000000e+00
5.310000000000000000e+02 2.124035403662039023e-01 8.021165225307237412e-01 4.460628129267182190e-02 5.018206645425580398e-02 1.030951297223486607e-01 0.000000000000000000e+00
5.340000000000000000e+02 2.136035603682728823e-01 8.092853891670459543e-01 4.380974055530268557e-02 4.961310878470642088e-02 9.729176149294492537e-02 0.000000000000000000e+00
5.370000000000000000e+02 2.148035803703416402e-01 8.132680928538916776e-01 4.289940828402366568e-02 5.109239872553481693e-02 9.274010013654984674e-02 0.000000000000000000e+00
5.400000000000000000e+02 2.160036003724106202e-01 8.141784251251706905e-01 4.324078288575330248e-02 5.234410559854346667e-02 9.023668639053254725e-02 0.000000000000000000e+00
5.430000000000000000e+02 2.172036203744796001e-01 8.141784251251706905e-01 4.608557123350022489e-02 5.314064633591260994e-02 8.659535730541648157e-02 0.000000000000000000e+00
5.460000000000000000e+02 2.184036403765485801e-01 8.113336367774237612e-01 4.802002730996814128e-02 5.484751934456076616e-02 8.579881656804733137e-02 0.000000000000000000e+00
5.490000000000000000e+02 2.196036603786175601e-01 8.108784706417841992e-01 4.938552571688666071e-02 5.644060081929904577e-02 8.329540282203004575e-02 0.000000000000000000e+00
5.520000000000000000e+02 2.208036803806865400e-01 8.099681383705051863e-01 4.984069185252617412e-02 5.735093309057805872e-02 8.284023668639053928e-02 0.000000000000000000e+00
5.550000000000000000e+02 2.220037003827555200e-01 8.065543923532089154e-01 5.143377332726445372e-02 5.974055530268548159e-02 8.227127901684114231e-02 0.000000000000000000e+00
5.580000000000000000e+02 2.232037203848242779e-01 8.072371415566681474e-01 5.223031406463359005e-02 6.190259444697314428e-02 7.862994993172507663e-02 0.000000000000000000e+00
5.610000000000000000e+02 2.244037403868932579e-01 8.082612653618570508e-01 5.314064633591260994e-02 6.395084205735093730e-02 7.464724624487938109e-02 0.000000000000000000e+00
5.640000000000000000e+02 2.256037603889622378e-01 8.116750113791534327e-01 5.439235320892125969e-02 6.235776058261265076e-02 7.157487482931269851e-02 0.000000000000000000e+00
5.670000000000000000e+02 2.268037803910312178e-01 8.109922621756940897e-01 5.439235320892125969e-02 6.406463359126081392e-02 7.055075102412380894e-02 0.000000000000000000e+00
5.700000000000000000e+02 2.280038003931001978e-01 8.140646335912608000e-01 5.496131087847064278e-02 6.679563040509786664e-02 6.417842512517069054e-02 0.000000000000000000e+00
5.730000000000000000e+02 2.292038203951691777e-01 8.157715065999089354e-01 5.689576695493855224e-02 6.702321347291761988e-02 6.030951297223486468e-02 0.000000000000000000e+00
5.760000000000000000e+02 2.304038403972381577e-01 8.173645880746472914e-01 5.712335002275830548e-02 6.543013199817933334e-02 6.008192990441511144e-02 0.000000000000000000e+00
5.790000000000000000e+02 2.316038603993069156e-01 8.161128812016386069e-01 5.791989076012744875e-02 6.713700500682749650e-02 5.883022303140646170e-02 0.000000000000000000e+00
5.820000000000000000e+02 2.328038804013758956e-01 8.133818843878015681e-01 6.099226217569413133e-02 6.747837960855712636e-02 5.814747382794720199e-02 0.000000000000000000e+00
5.850000000000000000e+02 2.340039004034448755e-01 8.162266727355484974e-01 5.996813837050523482e-02 6.599908966772871644e-02 5.780609922621757213e-02 0.000000000000000000e+00
5.880000000000000000e+02 2.352039204055138555e-01 8.153163404642694845e-01 6.201638598088302090e-02 6.725079654073737312e-02 5.541647701411014926e-02 0.000000000000000000e+00
5.910000000000000000e+02 2.364039404075828354e-01 8.156577150659990449e-01 5.974055530268548159e-02 6.861629494765589254e-02 5.598543468365953235e-02 0.000000000000000000e+00
5.940000000000000000e+02 2.376039604096518154e-01 8.131543013199817871e-01 6.008192990441511144e-02 7.259899863450158808e-02 5.416477014110149951e-02 0.000000000000000000e+00
5.970000000000000000e+02 2.388039804117207954e-01 8.116750113791534327e-01 6.167501137915339104e-02 7.441966317705962786e-02 5.223031406463359005e-02 0.000000000000000000e+00
6.000000000000000000e+02 2.400040004137895533e-01 8.108784706417841992e-01 6.292671825216203385e-02 7.601274465179790052e-02 5.018206645425580398e-02 0.000000000000000000e+00
6.030000000000000000e+02 2.412040204158585333e-01 8.093991807009558448e-01 6.451979972690032039e-02 7.601274465179790052e-02 5.006827492034592736e-02 0.000000000000000000e+00
6.060000000000000000e+02 2.424040404179275132e-01 8.059854346836595740e-01 6.645425580336822291e-02 7.760582612653618706e-02 4.995448338643605074e-02 0.000000000000000000e+00
6.090000000000000000e+02 2.436040604199964932e-01 8.048475193445607800e-01 6.770596267637687959e-02 7.726445152480655720e-02 5.018206645425580398e-02 0.000000000000000000e+00
6.120000000000000000e+02 2.448040804220654731e-01 8.032544378698225351e-01 6.895766954938552240e-02 7.976786527082385669e-02 4.802002730996814128e-02 0.000000000000000000e+00
6.150000000000000000e+02 2.460041004241344531e-01 8.045061447428311086e-01 7.066454255803368556e-02 7.840236686390532339e-02 4.642694583522986168e-02 0.000000000000000000e+00
6.180000000000000000e+02 2.472041204262034331e-01 8.065543923532089154e-01 7.134729176149294527e-02 7.749203459262631044e-02 4.460628129267182190e-02 0.000000000000000000e+00
6.210000000000000000e+02 2.484041404282721910e-01 8.091715976331360638e-01 7.134729176149294527e-02 7.828857532999544677e-02 4.119253527537550946e-02 0.000000000000000000e+00
6.240000000000000000e+02 2.496041604303411710e-01 8.080336822940372699e-01 7.271279016841146470e-02 7.897132453345470648e-02 4.028220300409649651e-02 0.000000000000000000e+00
6.270000000000000000e+02 2.508041804324101509e-01 8.068957669549385869e-01 7.328174783796086167e-02 7.999544833864360993e-02 3.982703686845699004e-02 0.000000000000000000e+00
6.300000000000000000e+02 2.520042004344791309e-01 8.033682294037323146e-01 7.544378698224851743e-02 8.181611288120163583e-02 3.937187073281747662e-02 0.000000000000000000e+00
6.330000000000000000e+02 2.532042204365481108e-01 8.072371415566681474e-01 7.430587164314975124e-02 8.192990441511151245e-02 3.652708238507055422e-02 0.000000000000000000e+00
6.360000000000000000e+02 2.544042404386170908e-01 8.035958124715520956e-01 7.567137005006827066e-02 8.420573509330905870e-02 3.652708238507055422e-02 0.000000000000000000e+00
6.390000000000000000e+02 2.556042604406860708e-01 7.999544833864360438e-01 7.692307692307692735e-02 8.614019116977697510e-02 3.698224852071006069e-02 0.000000000000000000e+00
6.420000000000000000e+02 2.568042804427548287e-01 8.020027309968138507e-01 7.624032771961765376e-02 8.511606736458807165e-02 3.664087391898043083e-02 0.000000000000000000e+00
6.450000000000000000e+02 2.580043004448238086e-01 8.024578971324533017e-01 7.567137005006827066e-02 8.488848429676831842e-02 3.698224852071006069e-02 0.000000000000000000e+00
6.480000000000000000e+02 2.592043204468927886e-01 8.025716886663631922e-01 7.646791078743742087e-02 8.500227583067819503e-02 3.595812471552116418e-02 0.000000000000000000e+00
6.510000000000000000e+02 2.604043404489617686e-01 8.038233955393718766e-01 7.567137005006827066e-02 8.511606736458807165e-02 3.538916704597178109e-02 0.000000000000000000e+00
6.540000000000000000e+02 2.616043604510307485e-01 8.027992717341829731e-01 7.385070550751024476e-02 8.727810650887574129e-02 3.607191624943104080e-02 0.000000000000000000e+00
6.570000000000000000e+02 2.628043804530997285e-01 8.033682294037323146e-01 7.430587164314975124e-02 8.773327264451524776e-02 3.459262630860263782e-02 0.000000000000000000e+00
6.600000000000000000e+02 2.640044004551687085e-01 8.040509786071916576e-01 7.464724624487938109e-02 8.739189804278561791e-02 3.390987710514337811e-02 0.000000000000000000e+00
6.630000000000000000e+02 2.652044204572374664e-01 8.064406008192990249e-01 7.282658170232134132e-02 8.557123350022757813e-02 3.516158397815202785e-02 0.000000000000000000e+00
6.660000000000000000e+02 2.664044404593064463e-01 8.038233955393718766e-01 7.624032771961765376e-02 8.625398270368685172e-02 3.368229403732362487e-02 0.000000000000000000e+00
6.690000000000000000e+02 2.676044604613754263e-01 8.029130632680928636e-01 7.715065999089668058e-02 8.557123350022757813e-02 3.436504324078288458e-02 0.000000000000000000e+00
6.720000000000000000e+02 2.688044804634444063e-01 7.977924442421483464e-01 7.817478379608557015e-02 8.887118798361401395e-02 3.516158397815202785e-02 0.000000000000000000e+00
6.750000000000000000e+02 2.700045004655133862e-01 7.969959035047792240e-01 7.783340919435594030e-02 9.057806099226217711e-02 3.459262630860263782e-02 0.000000000000000000e+00
6.780000000000000000e+02 2.712045204675823662e-01 7.983614019116977989e-01 7.703686845698680397e-02 9.046426945835230049e-02 3.413746017296313134e-02 0.000000000000000000e+00
6.810000000000000000e+02 2.724045404696513462e-01 8.002958579881657153e-01 7.646791078743742087e-02 9.012289485662267063e-02 3.311333636777423484e-02 0.000000000000000000e+00
