# itime ezz other fcc hcp bcc ico
0.000000000000000000e+00 0.000000000000000000e+00 7.965407373691396923e-04 9.992034592626308775e-01 0.000000000000000000e+00 0.000000000000000000e+00 0.000000000000000000e+00
2.500000000000000000e+01 9.999808079796945748e-04 1.024123805188893906e-03 9.989758761948110966e-01 0.000000000000000000e+00 0.000000000000000000e+00 0.000000000000000000e+00
5.000000000000000000e+01 1.999961615959389150e-03 0.000000000000000000e+00 1.000000000000000000e+00 0.000000000000000000e+00 0.000000000000000000e+00 0.000000000000000000e+00
7.500000000000000000e+01 2.999942423938861680e-03 1.137915339098770958e-03 9.987482931269913156e-01 0.000000000000000000e+00 1.137915339098771066e-04 0.000000000000000000e+00
1.000000000000000000e+02 3.999923231918556255e-03 1.479289940828402332e-03 9.985207100591716456e-01 0.000000000000000000e+00 0.000000000000000000e+00 0.000000000000000000e+00
1.250000000000000000e+02 4.999904039898250829e-03 7.965407373691396923e-04 9.992034592626308775e-01 0.000000000000000000e+00 0.000000000000000000e+00 0.000000000000000000e+00
1.500000000000000000e+02 5.999884847877945404e-03 3.413746017296313199e-04 9.996586253982703285e-01 0.000000000000000000e+00 0.000000000000000000e+00 0.000000000000000000e+00
1.750000000000000000e+02 6.999865655857417934e-03 1.024123805188893906e-03 9.989758761948110966e-01 0.000000000000000000e+00 0.000000000000000000e+00 0.000000000000000000e+00
2.000000000000000000e+02 7.999846463837112509e-03 4.551661356395084266e-04 9.995448338643604380e-01 0.000000000000000000e+00 0.000000000000000000e+00 0.000000000000000000e+00
2.250000000000000000e+02 8.999827271816807084e-03 1.251706873008648227e-03 9.987482931269913156e-01 0.000000000000000000e+00 0.000000000000000000e+00 0.000000000000000000e+00
2.500000000000000000e+02 9.999808079796501659e-03 5.689576695493854790e-04 9.994310423304506585e-01 0.000000000000000000e+00 0.000000000000000000e+00 0.000000000000000000e+00
2.750000000000000000e+02 1.099978888777619623e-02 1.251706873008648227e-03 9.987482931269913156e-01 0.000000000000000000e+00 0.000000000000000000e+00 0.000000000000000000e+00
3.000000000000000000e+02 1.199976969575566876e-02 1.024123805188893906e-03 9.989758761948110966e-01 0.000000000000000000e+00 0.000000000000000000e+00 0.000000000000000000e+00
3.250000000000000000e+02 1.299975050373536334e-02 2.275830678197541916e-03 9.977241693218024121e-01 0.000000000000000000e+00 0.000000000000000000e+00 0.000000000000000000e+00
3.500000000000000000e+02 1.399973131171505791e-02 2.275830678197542133e-04 9.997724169321802190e-01 0.000000000000000000e+00 0.000000000000000000e+00 0.000000000000000000e+00
3.750000000000000000e+02 1.499971211969475249e-02 2.389622212107419402e-03 9.976103777878926326e-01 0.000000000000000000e+00 0.000000000000000000e+00 0.000000000000000000e+00
4.000000000000000000e+02 1.599969292767422502e-02 5.689576695493854790e-04 9.994310423304506585e-01 0.000000000000000000e+00 0.000000000000000000e+00 0.000000000000000000e+00
4.250000000000000000e+02 1.699967373565391959e-02 1.820664542558033706e-03 9.981793354574419741e-01 0.000000000000000000e+00 0.000000000000000000e+00 0.000000000000000000e+00
4.500000000000000000e+02 1.799965454363361417e-02 1.820664542558033706e-03 9.981793354574419741e-01 0.000000000000000000e+00 0.000000000000000000e+00 0.000000000000000000e+00
4.750000000000000000e+02 1.899963535161330874e-02 1.479289940828402332e-03 9.984069185252617551e-01 0.000000000000000000e+00 1.137915339098771066e-04 0.000000000000000000e+00
5.000000000000000000e+02 1.999961615959300332e-02 1.479289940828402332e-03 9.985207100591716456e-01 0.000000000000000000e+00 0.000000000000000000e+00 0.000000000000000000e+00
5.250000000000000000e+02 2.099959696757247585e-02 9.103322712790168532e-04 9.990896677287209870e-01 0.000000000000000000e+00 0.000000000000000000e+00 0.000000000000000000e+00
5.500000000000000000e+02 2.199957777555217042e-02 2.162039144287664864e-03 9.978379608557123026e-01 0.000000000000000000e+00 0.000000000000000000e+00 0.000000000000000000e+00
5.750000000000000000e+02 2.299955858353186500e-02 1.479289940828402332e-03 9.984069185252617551e-01 0.000000000000000000e+00 1.137915339098771066e-04 0.000000000000000000e+00
6.000000000000000000e+02 2.399953939151155957e-02 1.706873008648156654e-03 9.981793354574419741e-01 0.000000000000000000e+00 1.137915339098771066e-04 0.000000000000000000e+00
6.250000000000000000e+02 2.499952019949103210e-02 2.617205279927173507e-03 9.973827947200728516e-01 0.000000000000000000e+00 0.000000000000000000e+00 0.000000000000000000e+00
6.500000000000000000e+02 2.599950100747072668e-02 4.324078288575329727e-03 9.956759217114247162e-01 0.000000000000000000e+00 0.000000000000000000e+00 0.000000000000000000e+00
6.750000000000000000e+02 2.699948181545042125e-02 5.006827492034592909e-03 9.949931725079653733e-01 0.000000000000000000e+00 0.000000000000000000e+00 0.000000000000000000e+00
7.000000000000000000e+02 2.799946262343011583e-02 4.324078288575329727e-03 9.956759217114247162e-01 0.000000000000000000e+00 0.000000000000000000e+00 0.000000000000000000e+00
7.250000000000000000e+02 2.899944343140958836e-02 1.479289940828402332e-03 9.984069185252617551e-01 0.000000000000000000e+00 1.137915339098771066e-04 0.000000000000000000e+00
7.500000000000000000e+02 2.999942423938928293e-02 3.755120619025944465e-03 9.961310878470641672e-01 0.000000000000000000e+00 1.137915339098771066e-04 0.000000000000000000e+00
7.750000000000000000e+02 3.099940504736897751e-02 4.096495220755575623e-03 9.959035047792443862e-01 0.000000000000000000e+00 0.000000000000000000e+00 0.000000000000000000e+00
8.000000000000000000e+02 3.199938585534867208e-02 5.803368229403732710e-03 9.938552571688666903e-01 0.000000000000000000e+00 3.413746017296313199e-04 0.000000000000000000e+00
8.250000000000000000e+02 3.299936666332836666e-02 4.551661356395083832e-03 9.954483386436049352e-01 0.000000000000000000e+00 0.000000000000000000e+00 0.000000000000000000e+00
8.500000000000000000e+02 3.399934747130783919e-02 4.324078288575329727e-03 9.954483386436049352e-01 0.000000000000000000e+00 2.275830678197542133e-04 0.000000000000000000e+00
8.750000000000000000e+02 3.499932827928753376e-02 3.641329085116067413e-03 9.963586709148839482e-01 0.000000000000000000e+00 0.000000000000000000e+00 0.000000000000000000e+00
9.000000000000000000e+02 3.599930908726722834e-02 3.186162949476558769e-03 9.968138370505233992e-01 0.000000000000000000e+00 0.000000000000000000e+00 0.000000000000000000e+00
9.250000000000000000e+02 3.699928989524692291e-02 5.348202093764223633e-03 9.945380063723259223e-01 0.000000000000000000e+00 1.137915339098771066e-04 0.000000000000000000e+00
9.500000000000000000e+02 3.799927070322639544e-02 7.624032771961766417e-03 9.921483841602184439e-01 0.000000000000000000e+00 2.275830678197542133e-04 0.000000000000000000e+00
9.750000000000000000e+02 3.899925151120609002e-02 7.965407373691398007e-03 9.914656349567592120e-01 0.000000000000000000e+00 5.689576695493854790e-04 0.000000000000000000e+00
1.000000000000000000e+03 3.999923231918578459e-02 8.989531178880291046e-03 9.901001365498406370e-01 0.000000000000000000e+00 9.103322712790168532e-04 0.000000000000000000e+00
1.025000000000000000e+03 4.099921312716547916e-02 7.055075102412380721e-03 9.927173418297678964e-01 0.000000000000000000e+00 2.275830678197542133e-04 0.000000000000000000e+00
1.050000000000000000e+03 4.199919393514517374e-02 8.192990441511151245e-03 9.914656349567592120e-01 0.000000000000000000e+00 3.413746017296313199e-04 0.000000000000000000e+00
1.075000000000000000e+03 4.299917474312464627e-02 1.183431952662721866e-02 9.877105143377332697e-01 0.000000000000000000e+00 4.551661356395084266e-04 0.000000000000000000e+00
1.100000000000000000e+03 4.399915555110434084e-02 9.444697314519799256e-03 9.901001365498406370e-01 0.000000000000000000e+00 4.551661356395084266e-04 0.000000000000000000e+00
1.125000000000000000e+03 4.499913635908403542e-02 9.330905780609922637e-03 9.904415111515703085e-01 0.000000000000000000e+00 2.275830678197542133e-04 0.000000000000000000e+00
1.150000000000000000e+03 4.599911716706372999e-02 9.217114246700046018e-03 9.905553026854801990e-01 0.000000000000000000e+00 2.275830678197542133e-04 0.000000000000000000e+00
1.175000000000000000e+03 4.699909797504320252e-02 1.035502958579881741e-02 9.894173873463814051e-01 0.000000000000000000e+00 2.275830678197542133e-04 0.000000000000000000e+00
1.200000000000000000e+03 4.799907878302289710e-02 1.570323167956303931e-02 9.833864360491579859e-01 0.000000000000000000e+00 9.103322712790168532e-04 0.000000000000000000e+00
1.225000000000000000e+03 4.899905959100259167e-02 1.706873008648156567e-02 9.823623122439690825e-01 0.000000000000000000e+00 5.689576695493854790e-04 0.000000000000000000e+00
1.250000000000000000e+03 4.999904039898228625e-02 1.399635867091488309e-02 9.849795175238962308e-01 0.000000000000000000e+00 1.024123805188893906e-03 0.000000000000000000e+00
1.275000000000000000e+03 5.099902120696198082e-02 1.331360946745562164e-02 9.856622667273554628e-01 0.000000000000000000e+00 1.024123805188893906e-03 0.000000000000000000e+00
1.300000000000000000e+03 5.199900201494145335e-02 1.422394173873463806e-02 9.854346836595356818e-01 0.000000000000000000e+00 3.413746017296313199e-04 0.000000000000000000e+00
1.325000000000000000e+03 5.299898282292114793e-02 1.570323167956303931e-02 9.835002275830677654e-01 0.000000000000000000e+00 7.965407373691396923e-04 0.000000000000000000e+00
1.350000000000000000e+03 5.399896363090084250e-02 1.820664542558033533e-02 9.812243969048702885e-01 0.000000000000000000e+00 5.689576695493854790e-04 0.000000000000000000e+00
1.375000000000000000e+03 5.499894443888053708e-02 1.900318616294947513e-02 9.799726900318616041e-01 0.000000000000000000e+00 1.024123805188893906e-03 0.000000000000000000e+00
1.400000000000000000e+03 5.599892524686000961e-02 2.002730996813837164e-02 9.789485662266727006e-01 0.000000000000000000e+00 1.024123805188893906e-03 0.000000000000000000e+00
1.425000000000000000e+03 5.699890605483970418e-02 2.628584433318160996e-02 9.729176149294492815e-01 0.000000000000000000e+00 7.965407373691396923e-04 0.000000000000000000e+00
1.450000000000000000e+03 5.799888686281939876e-02 2.799271734182976618e-02 9.707555757851615841e-01 0.000000000000000000e+00 1.251706873008648227e-03 0.000000000000000000e+00
1.475000000000000000e+03 5.899886767079909333e-02 2.298588984979517413e-02 9.757624032771962108e-01 0.000000000000000000e+00 1.251706873008648227e-03 0.000000000000000000e+00
1.500000000000000000e+03 5.999884847877878791e-02 2.480655439235321044e-02 9.740555302685480754e-01 0.000000000000000000e+00 1.137915339098770958e-03 0.000000000000000000e+00
1.525000000000000000e+03 6.099882928675826044e-02 2.810650887573964626e-02 9.704142011834319126e-01 0.000000000000000000e+00 1.479289940828402332e-03 0.000000000000000000e+00
1.550000000000000000e+03 6.199881009473795501e-02 2.867546654528902936e-02 9.699590350477924616e-01 0.000000000000000000e+00 1.365498406918525280e-03 0.000000000000000000e+00
1.575000000000000000e+03 6.299879090271764959e-02 2.799271734182976618e-02 9.706417842512516936e-01 0.000000000000000000e+00 1.365498406918525280e-03 0.000000000000000000e+00
1.600000000000000000e+03 6.399877171069734416e-02 3.812016385980882688e-02 9.598315885298134287e-01 0.000000000000000000e+00 2.048247610377787811e-03 0.000000000000000000e+00
1.625000000000000000e+03 6.499875251867681669e-02 3.607191624943104080e-02 9.604005461993627701e-01 0.000000000000000000e+00 3.527537551206190360e-03 0.000000000000000000e+00
1.650000000000000000e+03 6.599873332665651127e-02 3.857532999544834029e-02 9.592626308602639762e-01 0.000000000000000000e+00 2.162039144287664864e-03 0.000000000000000000e+00
1.675000000000000000e+03 6.699871413463620584e-02 4.119253527537550946e-02 9.566454255803368278e-01 0.000000000000000000e+00 2.162039144287664864e-03 0.000000000000000000e+00
1.700000000000000000e+03 6.799869494261590042e-02 4.233045061447428259e-02 9.552799271734182529e-01 0.000000000000000000e+00 2.389622212107419402e-03 0.000000000000000000e+00
1.725000000000000000e+03 6.899867575059537295e-02 4.802002730996814128e-02 9.481110605370960398e-01 0.000000000000000000e+00 3.868912152935821518e-03 0.000000000000000000e+00
1.750000000000000000e+03 6.999865655857506752e-02 4.619936276741010150e-02 9.494765589440146147e-01 0.000000000000000000e+00 4.324078288575329727e-03 0.000000000000000000e+00
1.775000000000000000e+03 7.099863736655476210e-02 5.575785161583977911e-02 9.393491124260354708e-01 0.000000000000000000e+00 4.893035958124715423e-03 0.000000000000000000e+00
1.800000000000000000e+03 7.199861817453445667e-02 5.666818388711879900e-02 9.387801547564861293e-01 0.000000000000000000e+00 4.551661356395083832e-03 0.000000000000000000e+00
1.825000000000000000e+03 7.299859898251415125e-02 6.213017751479289752e-02 9.332043695949021611e-01 0.000000000000000000e+00 4.665452890304961318e-03 0.000000000000000000e+00
1.850000000000000000e+03 7.399857979049362378e-02 6.736458807464724974e-02 9.258079198907601670e-01 0.000000000000000000e+00 6.827492034592626616e-03 0.000000000000000000e+00
1.875000000000000000e+03 7.499856059847331835e-02 7.612653618570777714e-02 9.169321802457897075e-01 0.000000000000000000e+00 6.941283568502503235e-03 0.000000000000000000e+00
1.900000000000000000e+03 7.599854140645301293e-02 6.315430131998178709e-02 9.327492034592625991e-01 0.000000000000000000e+00 4.096495220755575623e-03 0.000000000000000000e+00
1.925000000000000000e+03 7.699852221443270750e-02 6.827492034592626269e-02 9.259217114246700575e-01 0.000000000000000000e+00 5.803368229403732710e-03 0.000000000000000000e+00
1.950000000000000000e+03 7.799850302241218003e-02 7.453345471096950448e-02 9.211424670004552118e-01 0.000000000000000000e+00 4.324078288575329727e-03 0.000000000000000000e+00
1.975000000000000000e+03 7.899848383039187460e-02 8.761948111060537114e-02 9.058944014565316616e-01 0.000000000000000000e+00 6.486117432862995025e-03 0.000000000000000000e+00
2.000000000000000000e+03 7.999846463837156918e-02 1.000227583067819781e-01 8.932635411925352598e-01 0.000000000000000000e+00 6.713700500682749130e-03 0.000000000000000000e+00
2.025000000000000000e+03 8.099844544635126375e-02 9.592626308602640595e-02 8.959945380063722986e-01 0.000000000000000000e+00 8.079198907601274626e-03 0.000000000000000000e+00
2.050000000000000000e+03 8.199842625433095833e-02 1.133363677742375980e-01 8.749431042330451103e-01 0.000000000000000000e+00 1.172052799271734204e-02 0.000000000000000000e+00
2.075000000000000000e+03 8.299840706231043086e-02 1.143604915794264876e-01 8.714155666818388379e-01 0.000000000000000000e+00 1.422394173873463806e-02 0.000000000000000000e+00
2.100000000000000000e+03 8.399838787029012543e-02 1.260810195721438209e-01 8.569640418752845212e-01 0.000000000000000000e+00 1.695493855257168905e-02 0.000000000000000000e+00
2.125000000000000000e+03 8.499836867826982001e-02 1.418980427856167403e-01 8.354574419663176599e-01 0.000000000000000000e+00 2.264451524806554428e-02 0.000000000000000000e+00
2.150000000000000000e+03 8.599834948624951458e-02 1.560081929904415243e-01 8.183887118798361948e-01 1.137915339098771066e-04 2.548930359581247015e-02 0.000000000000000000e+00
2.175000000000000000e+03 8.699833029422898711e-02 1.644287664997724219e-01 8.072371415566681474e-01 1.137915339098771066e-04 2.822030040964952288e-02 0.000000000000000000e+00
2.200000000000000000e+03 8.799831110220868169e-02 1.759217114246700020e-01 7.880063723258989850e-01 0.000000000000000000e+00 3.607191624943104080e-02 0.000000000000000000e+00
2.225000000000000000e+03 8.899829191018837626e-02 1.968593536640873831e-01 7.611515703231679364e-01 2.275830678197542133e-04 4.176149294492489950e-02 0.000000000000000000e+00
2.250000000000000000e+03 8.999827271816807084e-02 1.967455621301775204e-01 7.558033682294037492e-01 1.251706873008648227e-03 4.619936276741010150e-02 0.000000000000000000e+00
2.275000000000000000e+03 9.099825352614776541e-02 2.168866636322257513e-01 7.234865725989986229e-01 2.844788347746927612e-03 5.678197542102867562e-02 0.000000000000000000e+00
2.300000000000000000e+03 9.199823433412723794e-02 2.340691852526172179e-01 7.003868912152936277e-01 3.072371415566681717e-03 6.247155211652252738e-02 0.000000000000000000e+00
2.325000000000000000e+03 9.299821514210693252e-02 2.395311788802912956e-01 6.737596722803823601e-01 4.324078288575329727e-03 8.238507055075101893e-02 0.000000000000000000e+00
2.350000000000000000e+03 9.399819595008662709e-02 2.544378698224852298e-01 6.478152025489303245e-01 6.486117432862995025e-03 9.126081019572143682e-02 0.000000000000000000e+00
2.375000000000000000e+03 9.499817675806632167e-02 2.655894401456531662e-01 6.224396904870277414e-01 7.396449704142011444e-03 1.045744196631770567e-01 0.000000000000000000e+00
2.400000000000000000e+03 9.599815756604579420e-02 2.932407828857532817e-01 5.685025034137459743e-01 7.168866636322257339e-03 1.310878470641784199e-01 0.000000000000000000e+00
2.425000000000000000e+03 9.699813837402548877e-02 3.010923987255348377e-01 5.448338643604915266e-01 8.989531178880291046e-03 1.450842057350933134e-01 0.000000000000000000e+00
2.450000000000000000e+03 9.799811918200518335e-02 3.186162949476559203e-01 5.080791989076012261e-01 1.194811106053709528e-02 1.613563950842057393e-01 0.000000000000000000e+00
2.475000000000000000e+03 9.899809998998487792e-02 3.142922166590805810e-01 4.831588529813382049e-01 1.399635867091488309e-02 1.885525716886663761e-01 0.000000000000000000e+00
2.500000000000000000e+03 9.999808079796457250e-02 3.529813381884387979e-01 4.428766499772416876e-01 1.763768775603095224e-02 1.865043240782885692e-01 0.000000000000000000e+00
2.525000000000000000e+03 1.009980616059440450e-01 3.462676376877560358e-01 4.309285389167045732e-01 1.888939462903959851e-02 2.039144287664997612e-01 0.000000000000000000e+00
2.550000000000000000e+03 1.019980424139237396e-01 3.573054164770141372e-01 4.121529358215748617e-01 2.059626763768775473e-02 2.099453800637232637e-01 0.000000000000000000e+00
2.575000000000000000e+03 1.029980232219034342e-01 3.533227127901684139e-01 4.056668183887118806e-01 2.355484751934456070e-02 2.174556213017751483e-01 0.000000000000000000e+00
2.600000000000000000e+03 1.039980040298831288e-01 3.643604915794265153e-01 3.903049613108784954e-01 2.685480200273099652e-02 2.184797451069640517e-01 0.000000000000000000e+00
2.625000000000000000e+03 1.049979848378626013e-01 3.730086481565771384e-01 3.694811106053709771e-01 3.072371415566681890e-02 2.267865270823850588e-01 0.000000000000000000e+00
2.650000000000000000e+03 1.059979656458422959e-01 3.867774237596722786e-01 3.561675011379153433e-01 3.447883477469276120e-02 2.225762403277196100e-01 0.000000000000000000e+00
2.675000000000000000e+03 1.069979464538219904e-01 3.903049613108784954e-01 3.463814292216659263e-01 3.732362312243969055e-02 2.259899863450159363e-01 0.000000000000000000e+00
2.700000000000000000e+03 1.079979272618016850e-01 4.039599453800637452e-01 3.246472462448793950e-01 4.210286754665452935e-02 2.292899408284023721e-01 0.000000000000000000e+00
2.725000000000000000e+03 1.089979080697811575e-01 4.045289030496130867e-01 3.105370960400546387e-01 4.767865270823850449e-02 2.372553482020937632e-01 0.000000000000000000e+00
2.750000000000000000e+03 1.099978888777608521e-01 4.024806554392353353e-01 3.006372325898953313e-01 5.211652253072371344e-02 2.447655894401456478e-01 0.000000000000000000e+00
2.775000000000000000e+03 1.109978696857405467e-01 4.052116522530723741e-01 2.902822030040965173e-01 5.097860719162494031e-02 2.535275375512062168e-01 0.000000000000000000e+00
2.800000000000000000e+03 1.119978504937202413e-01 4.017979062357760478e-01 2.834547109695038647e-01 5.769230769230769551e-02 2.570550751024123781e-01 0.000000000000000000e+00
2.825000000000000000e+03 1.129978313016999358e-01 4.171597633136094885e-01 2.743513882567136797e-01 6.008192990441511144e-02 2.484069185252617273e-01 0.000000000000000000e+00
2.850000000000000000e+03 1.139978121096794084e-01 4.016841147018661573e-01 2.740100136549840637e-01 7.157487482931269851e-02 2.527309968138370389e-01 0.000000000000000000e+00
2.875000000000000000e+03 1.149977929176591029e-01 4.029358215748748417e-01 2.595584888484296915e-01 7.532999544833864081e-02 2.621756941283568398e-01 0.000000000000000000e+00
2.900000000000000000e+03 1.159977737256387975e-01 4.044151115157032517e-01 2.507965407373691225e-01 7.476103777878925771e-02 2.700273099681383959e-01 0.000000000000000000e+00
2.925000000000000000e+03 1.169977545336184921e-01 4.102184797451069453e-01 2.348657259899863403e-01 8.010923987255348655e-02 2.748065543923531862e-01 0.000000000000000000e+00
2.950000000000000000e+03 1.179977353415979646e-01 4.112426035502958488e-01 2.316795630405097950e-01 8.682294037323623481e-02 2.702548930359581214e-01 0.000000000000000000e+00
2.975000000000000000e+03 1.189977161495776592e-01 4.079426490669094130e-01 2.250796540737369233e-01 9.467455621301774926e-02 2.723031406463359283e-01 0.000000000000000000e+00
3.000000000000000000e+03 1.199976969575573538e-01 4.212562585343650468e-01 2.177969959035047920e-01 1.001365498406918547e-01 2.608101957214383204e-01 0.000000000000000000e+00
3.025000000000000000e+03 1.209976777655370483e-01 4.205735093309057593e-01 2.146108329540282189e-01 9.592626308602640595e-02 2.688893946290396020e-01 0.000000000000000000e+00
3.050000000000000000e+03 1.219976585735167429e-01 4.201183431952662528e-01 2.131315430131998090e-01 1.046882111970869333e-01 2.620619025944469493e-01 0.000000000000000000e+00
3.075000000000000000e+03 1.229976393814962154e-01 4.213700500682749372e-01 2.053937187073281712e-01 1.048020027309968100e-01 2.684342284934000955e-01 0.000000000000000000e+00
3.100000000000000000e+03 1.239976201894759100e-01 4.246700045516613731e-01 2.082385070550751005e-01 1.032089212562585373e-01 2.638825671370050308e-01 0.000000000000000000e+00
3.125000000000000000e+03 1.249976009974556046e-01 4.152253072371415721e-01 2.035730541647701453e-01 1.115157032316795582e-01 2.696859353664087244e-01 0.000000000000000000e+00
3.150000000000000000e+03 1.259975818054352992e-01 4.470869367319071364e-01 1.858215748748293095e-01 1.058261265361857134e-01 2.612653618570778269e-01 0.000000000000000000e+00
3.175000000000000000e+03 1.269975626134147717e-01 4.359353664087392000e-01 1.807009558488848477e-01 1.116294947655894348e-01 2.717341829767865313e-01 0.000000000000000000e+00
3.200000000000000000e+03 1.279975434213944663e-01 4.288802913063268218e-01 1.785389167045971781e-01 1.136777423759672279e-01 2.789030496131087999e-01 0.000000000000000000e+00
3.225000000000000000e+03 1.289975242293741609e-01 4.522075557578515981e-01 1.713700500682749095e-01 1.149294492489758707e-01 2.614929449248976079e-01 0.000000000000000000e+00
3.250000000000000000e+03 1.299975050373538554e-01 4.642694583522986029e-01 1.599908966772872199e-01 1.116294947655894348e-01 2.641101502048247562e-01 0.000000000000000000e+00
3.275000000000000000e+03 1.309974858453335500e-01 4.556213017751479244e-01 1.554392353208921274e-01 1.165225307237141572e-01 2.724169321802457633e-01 0.000000000000000000e+00
3.300000000000000000e+03 1.319974666533130225e-01 4.582385070550751283e-01 1.528220300409649512e-01 1.177742375967228000e-01 2.711652253072371344e-01 0.000000000000000000e+00
3.325000000000000000e+03 1.329974474612927171e-01 4.723486572598998845e-01 1.413290851160673711e-01 1.193673190714610866e-01 2.669549385525716856e-01 0.000000000000000000e+00
3.350000000000000000e+03 1.339974282692724117e-01 4.588074647246244697e-01 1.421256258534364936e-01 1.189121529358215801e-01 2.801547564861174289e-01 0.000000000000000000e+00
3.375000000000000000e+03 1.349974090772521063e-01 4.607419208010923861e-01 1.341602184797451025e-01 1.211879836140191125e-01 2.839098771051433712e-01 0.000000000000000000e+00
3.400000000000000000e+03 1.359973898852315788e-01 4.662039144287665193e-01 1.277878925807919841e-01 1.154984069185252676e-01 2.905097860719162428e-01 0.000000000000000000e+00
3.425000000000000000e+03 1.369973706932112734e-01 4.689349112426035582e-01 1.129949931725079681e-01 1.203914428766499761e-01 2.976786527082385114e-01 0.000000000000000000e+00
3.450000000000000000e+03 1.379973515011909679e-01 4.699590350477924616e-01 1.139053254437869811e-01 1.143604915794264876e-01 3.017751479289940697e-01 0.000000000000000000e+00
3.475000000000000000e+03 1.389973323091706625e-01 4.698452435138825711e-01 1.100364132908511622e-01 1.157259899863450209e-01 3.043923532089212736e-01 0.000000000000000000e+00
3.500000000000000000e+03 1.399973131171503571e-01 4.786071916249430847e-01 1.046882111970869333e-01 1.208466090122894826e-01 2.958579881656804855e-01 0.000000000000000000e+00
3.525000000000000000e+03 1.409972939251298296e-01 4.838416021847974369e-01 9.774692762858443185e-02 1.235776058261265353e-01 2.948338643604915821e-01 0.000000000000000000e+00
3.550000000000000000e+03 1.419972747331095242e-01 4.863450159308147502e-01 9.615384615384615918e-02 1.269913518434228616e-01 2.905097860719162428e-01 0.000000000000000000e+00
3.575000000000000000e+03 1.429972555410892188e-01 4.699590350477924616e-01 1.005917159763313612e-01 1.277878925807919841e-01 3.016613563950841792e-01 0.000000000000000000e+00
3.600000000000000000e+03 1.439972363490689133e-01 4.745106964041875264e-01 9.114701866181156020e-02 1.272189349112426149e-01 3.071233500227583124e-01 0.000000000000000000e+00
3.625000000000000000e+03 1.449972171570483859e-01 4.804278561675011106e-01 9.012289485662267063e-02 1.265361857077833274e-01 3.029130632680928636e-01 0.000000000000000000e+00
3.650000000000000000e+03 1.459971979650280804e-01 4.919208010923987184e-01 8.602639963586708460e-02 1.285844333181611343e-01 2.934683659535730627e-01 0.000000000000000000e+00
3.675000000000000000e+03 1.469971787730077750e-01 4.778106508875739622e-01 8.511606736458807165e-02 1.317705962676376796e-01 3.053026854802002865e-01 0.000000000000000000e+00
3.700000000000000000e+03 1.479971595809874696e-01 4.755348202093764298e-01 7.954028220300408958e-02 1.326809285389166926e-01 3.122439690487027741e-01 0.000000000000000000e+00
3.725000000000000000e+03 1.489971403889669421e-01 4.895311788802912956e-01 8.079198907601274626e-02 1.375739644970414288e-01 2.921028675466545432e-01 0.000000000000000000e+00
3.750000000000000000e+03 1.499971211969466367e-01 4.921483841602184994e-01 7.851615839781520001e-02 1.393946290395994547e-01 2.899408284023668458e-01 0.000000000000000000e+00
3.775000000000000000e+03 1.509971020049263313e-01 4.823623122439690269e-01 7.988165680473373331e-02 1.438324988620846567e-01 2.939235320892125691e-01 0.000000000000000000e+00
3.800000000000000000e+03 1.519970828129060259e-01 4.869139736003641472e-01 7.180245789713245175e-02 1.462221210741920796e-01 2.950614474283113076e-01 0.000000000000000000e+00
3.825000000000000000e+03 1.529970636208857204e-01 4.953345471096950448e-01 6.929904415111515226e-02 1.512289485662266786e-01 2.841374601729631522e-01 0.000000000000000000e+00
3.850000000000000000e+03 1.539970444288651930e-01 4.923759672280382249e-01 7.020937642239417908e-02 1.564633591260810308e-01 2.809512972234865513e-01 0.000000000000000000e+00
3.875000000000000000e+03 1.549970252368448875e-01 4.932862994993172379e-01 7.294037323623121793e-02 1.593081474738279601e-01 2.744651797906235702e-01 0.000000000000000000e+00
3.900000000000000000e+03 1.559970060448245821e-01 5.012517068730086844e-01 7.066454255803368556e-02 1.623805188893946427e-01 2.657032316795630567e-01 0.000000000000000000e+00
3.925000000000000000e+03 1.569969868528042767e-01 4.860036413290851343e-01 7.316795630405098505e-02 1.694355939918070209e-01 2.713928083750569153e-01 0.000000000000000000e+00
3.950000000000000000e+03 1.579969676607837492e-01 4.972690031861629611e-01 7.658170232134729749e-02 1.735320892125625791e-01 2.526172052799271484e-01 0.000000000000000000e+00
3.975000000000000000e+03 1.589969484687634438e-01 4.870277651342740377e-01 7.498862084660901095e-02 1.786527082385070686e-01 2.593309057806099105e-01 0.000000000000000000e+00
4.000000000000000000e+03 1.599969292767431384e-01 4.862312243969048597e-01 7.635411925352754425e-02 1.794492489758761911e-01 2.579654073736913911e-01 0.000000000000000000e+00
4.025000000000000000e+03 1.609969100847228329e-01 4.982931269913518646e-01 7.339553937187073829e-02 1.781975421028675344e-01 2.501137915339098905e-01 0.000000000000000000e+00
4.050000000000000000e+03 1.619968908927025275e-01 5.040964952207556138e-01 7.305416477014110843e-02 1.830905780609922706e-01 2.397587619481110488e-01 0.000000000000000000e+00
4.075000000000000000e+03 1.629968717006820000e-01 4.989758761948110966e-01 7.544378698224851743e-02 1.879836140191169791e-01 2.375967228038234069e-01 0.000000000000000000e+00
4.100000000000000000e+03 1.639968525086616946e-01 5.098998634501593630e-01 7.407828857532999800e-02 1.859353664087392000e-01 2.300864815657714946e-01 0.000000000000000000e+00
4.125000000000000000e+03 1.649968333166413892e-01 5.039827036868457233e-01 7.168866636322257513e-02 1.884387801547564856e-01 2.358898497951752438e-01 0.000000000000000000e+00
4.150000000000000000e+03 1.659968141246210838e-01 4.940828402366864158e-01 7.271279016841146470e-02 1.972007282658170269e-01 2.360036413290851065e-01 0.000000000000000000e+00
4.175000000000000000e+03 1.669967949326005563e-01 5.097860719162494725e-01 6.998179335457442585e-02 1.898042785616750050e-01 2.304278561675011383e-01 0.000000000000000000e+00
4.200000000000000000e+03 1.679967757405802509e-01 5.100136549840691425e-01 7.077833409194356218e-02 1.951524806554392477e-01 2.240555302685480199e-01 0.000000000000000000e+00
4.225000000000000000e+03 1.689967565485599454e-01 5.137687756030950847e-01 6.964041875284478211e-02 1.965179790623577671e-01 2.200728265817023244e-01 0.000000000000000000e+00
4.250000000000000000e+03 1.699967373565396400e-01 4.969276285844333452e-01 7.157487482931269851e-02 2.097177969959035104e-01 2.217796995903504875e-01 0.000000000000000000e+00
4.275000000000000000e+03 1.709967181645193346e-01 5.026172052799271484e-01 6.770596267637687959e-02 2.078971324533454845e-01 2.217796995903504875e-01 0.000000000000000000e+00
4.300000000000000000e+03 1.719966989724988071e-01 5.067137005006827621e-01 6.599908966772871644e-02 2.077833409194355940e-01 2.195038689121529274e-01 0.000000000000000000e+00
4.325000000000000000e+03 1.729966797804785017e-01 5.083067819754210070e-01 6.190259444697314428e-02 2.108557123350022766e-01 2.189349112426035582e-01 0.000000000000000000e+00
4.350000000000000000e+03 1.739966605884581963e-01 5.240100136549841192e-01 6.998179335457442585e-02 2.057350933090578149e-01 2.002730996813837094e-01 0.000000000000000000e+00
4.375000000000000000e+03 1.749966413964378908e-01 5.261720527992717056e-01 6.599908966772871644e-02 2.127901684114701930e-01 1.950386891215293572e-01 0.000000000000000000e+00
4.400000000000000000e+03 1.759966222044173634e-01 5.163859808830223441e-01 6.713700500682749650e-02 2.149522075557578626e-01 2.015248065543923661e-01 0.000000000000000000e+00
4.425000000000000000e+03 1.769966030123970580e-01 5.191169776968593830e-01 6.952662721893490549e-02 2.274692762858443462e-01 1.838871187983613931e-01 0.000000000000000000e+00
4.450000000000000000e+03 1.779965838203767525e-01 5.158170232134728916e-01 7.203004096495220498e-02 2.284934000910332219e-01 1.836595357305416398e-01 0.000000000000000000e+00
4.475000000000000000e+03 1.789965646283564471e-01 5.212790168411469693e-01 7.339553937187073829e-02 2.236003641329085134e-01 1.817250796540737234e-01 0.000000000000000000e+00
4.500000000000000000e+03 1.799965454363361417e-01 5.176376877560309175e-01 7.544378698224851743e-02 2.339553937187073274e-01 1.729631315430132099e-01 0.000000000000000000e+00
4.525000000000000000e+03 1.809965262443156142e-01 5.026172052799271484e-01 7.612653618570777714e-02 2.395311788802912956e-01 1.817250796540737234e-01 0.000000000000000000e+00
4.550000000000000000e+03 1.819965070522953088e-01 5.018206645425580259e-01 7.521620391442876419e-02 2.437414656349567721e-01 1.792216659080564378e-01 0.000000000000000000e+00
4.575000000000000000e+03 1.829964878602750034e-01 5.137687756030950847e-01 7.373691397360036814e-02 2.406690942193900895e-01 1.718252162039144160e-01 0.000000000000000000e+00
4.600000000000000000e+03 1.839964686682546979e-01 5.097860719162494725e-01 7.624032771961765376e-02 2.382794720072826666e-01 1.756941283568502488e-01 0.000000000000000000e+00
4.625000000000000000e+03 1.849964494762341705e-01 5.129722348657259623e-01 7.498862084660901095e-02 2.486345015930814806e-01 1.634046426945835184e-01 0.000000000000000000e+00
4.650000000000000000e+03 1.859964302842138650e-01 5.191169776968593830e-01 7.396449704142012138e-02 2.504551661356395065e-01 1.564633591260810308e-01 0.000000000000000000e+00
4.675000000000000000e+03 1.869964110921935596e-01 5.151342740100136597e-01 7.532999544833864081e-02 2.554619936276740777e-01 1.540737369139736079e-01 0.000000000000000000e+00
4.700000000000000000e+03 1.879963919001732542e-01 5.161583978152025631e-01 7.749203459262631044e-02 2.585343650432407880e-01 1.478152025489303523e-01 0.000000000000000000e+00
4.725000000000000000e+03 1.889963727081527267e-01 5.145653163404643182e-01 7.954028220300408958e-02 2.621756941283568398e-01 1.437187073281747940e-01 0.000000000000000000e+00
4.750000000000000000e+03 1.899963535161324213e-01 5.076240327719617751e-01 8.284023668639053928e-02 2.649066909421938787e-01 1.446290395994538069e-01 0.000000000000000000e+00
4.775000000000000000e+03 1.909963343241121159e-01 5.094446973145198010e-01 8.318161128812016913e-02 2.715065999089667503e-01 1.358670914883932657e-01 0.000000000000000000e+00
4.800000000000000000e+03 1.919963151320918104e-01 5.055757851615839682e-01 8.443331816112881194e-02 2.748065543923531862e-01 1.351843422849340060e-01 0.000000000000000000e+00
4.825000000000000000e+03 1.929962959400715050e-01 4.973827947200728516e-01 8.568502503413745475e-02 2.809512972234865513e-01 1.359808830223031284e-01 0.000000000000000000e+00
4.850000000000000000e+03 1.939962767480509775e-01 4.969276285844333452e-01 8.500227583067819503e-02 2.915339098771051463e-01 1.265361857077833274e-01 0.000000000000000000e+00
4.875000000000000000e+03 1.949962575560306721e-01 4.943104233045061413e-01 8.602639963586708460e-02 2.974510696404187304e-01 1.222121074192080159e-01 0.000000000000000000e+00
4.900000000000000000e+03 1.959962383640103667e-01 4.904415111515703085e-01 8.659535730541648157e-02 3.012061902594446727e-01 1.217569412835685094e-01 0.000000000000000000e+00
4.925000000000000000e+03 1.969962191719900613e-01 4.957897132453345512e-01 8.716431497496586467e-02 2.998406918525261533e-01 1.172052799271734169e-01 0.000000000000000000e+00
4.950000000000000000e+03 1.979961999799695338e-01 4.788347746927628656e-01 9.148839326354119006e-02 3.038233955393718766e-01 1.258534365043240677e-01 0.000000000000000000e+00
4.975000000000000000e+03 1.989961807879492284e-01 4.936276741010469093e-01 9.080564406008193035e-02 3.095129722348657353e-01 1.060537096040054666e-01 0.000000000000000000e+00
5.000000000000000000e+03 1.999961615959289229e-01 4.816795630405097950e-01 9.171597633136094330e-02 3.232817478379608755e-01 1.033227127901684139e-01 0.000000000000000000e+00
5.025000000000000000e+03 2.009961424039086175e-01 4.740555302685480199e-01 9.262630860263997012e-02 3.182749203459262488e-01 1.150432407828857473e-01 0.000000000000000000e+00
5.050000000000000000e+03 2.019961232118883121e-01 4.800864815657714946e-01 9.478834774692762588e-02 3.248748293126991205e-01 1.001365498406918547e-01 1.137915339098771066e-04
5.075000000000000000e+03 2.029961040198677846e-01 4.665452890304961353e-01 9.638142922166591242e-02 3.336367774237596895e-01 1.034365043240782905e-01 0.000000000000000000e+00
5.100000000000000000e+03 2.039960848278474792e-01 4.578971324533454568e-01 9.604005461993628257e-02 3.434228493400091065e-01 1.026399635867091542e-01 0.000000000000000000e+00
5.125000000000000000e+03 2.049960656358271738e-01 4.495903504779244497e-01 9.990896677287210148e-02 3.488848429676831842e-01 1.016158397815202508e-01 0.000000000000000000e+00
5.150000000000000000e+03 2.059960464438068684e-01 4.565316340464269373e-01 9.695038689121529552e-02 3.486572598998634587e-01 9.786071916249430847e-02 0.000000000000000000e+00
5.175000000000000000e+03 2.069960272517863409e-01 4.634729176149294250e-01 9.820209376422393832e-02 3.520710059171597850e-01 8.625398270368685172e-02 0.000000000000000000e+00
5.200000000000000000e+03 2.079960080597660355e-01 4.505006827492034627e-01 1.030951297223486607e-01 3.681156121984524576e-01 7.828857532999544677e-02 0.000000000000000000e+00
5.225000000000000000e+03 2.089959888677457300e-01 4.410559854346836617e-01 1.052571688666363164e-01 3.786982248520709970e-01 7.498862084660901095e-02 0.000000000000000000e+00
5.250000000000000000e+03 2.099959696757254246e-01 4.278561675011379184e-01 1.065088757396449731e-01 3.898497951752389890e-01 7.578516158397814728e-02 0.000000000000000000e+00
5.275000000000000000e+03 2.109959504837051192e-01 4.262630860263996180e-01 1.115157032316795582e-01 3.967910787437414766e-01 6.543013199817933334e-02 0.000000000000000000e+00
5.300000000000000000e+03 2.119959312916845917e-01 4.186390532544378429e-01 1.134501593081474746e-01 4.094219390077378229e-01 5.848884842967683184e-02 0.000000000000000000e+00
5.325000000000000000e+03 2.129959120996642863e-01 4.201183431952662528e-01 1.154984069185252676e-01 4.122667273554847522e-01 5.211652253072371344e-02 0.000000000000000000e+00
5.350000000000000000e+03 2.139958929076439809e-01 4.032771961766044577e-01 1.159535730541647741e-01 4.230769230769230727e-01 5.769230769230769551e-02 0.000000000000000000e+00
5.375000000000000000e+03 2.149958737156236754e-01 4.017979062357760478e-01 1.183431952662721831e-01 4.242148384160218666e-01 5.564406008192990249e-02 0.000000000000000000e+00
5.400000000000000000e+03 2.159958545236031480e-01 3.973600364132908735e-01 1.178880291306326766e-01 4.319526627218934767e-01 5.279927173418298009e-02 0.000000000000000000e+00
5.425000000000000000e+03 2.169958353315828425e-01 3.893946290395994270e-01 1.203914428766499761e-01 4.388939462903960198e-01 5.131998179335457710e-02 0.000000000000000000e+00
5.450000000000000000e+03 2.179958161395625371e-01 3.753982703686845612e-01 1.271051433773327244e-01 4.522075557578515981e-01 4.528903049613108855e-02 0.000000000000000000e+00
5.475000000000000000e+03 2.189957969475422317e-01 3.822257624032772139e-01 1.281292671825216278e-01 4.474283113336367523e-01 4.221665908056440597e-02 0.000000000000000000e+00
5.500000000000000000e+03 2.199957777555219263e-01 3.701638598088302090e-01 1.285844333181611343e-01 4.578971324533454568e-01 4.335457441966317910e-02 0.000000000000000000e+00
5.525000000000000000e+03 2.209957585635013988e-01 3.645880746472462408e-01 1.317705962676376796e-01 4.710969503868912001e-01 3.254437869822485174e-02 0.000000000000000000e+00
5.550000000000000000e+03 2.219957393714810934e-01 3.584433318161128756e-01 1.331360946745562268e-01 4.743969048702776359e-01 3.402366863905325473e-02 0.000000000000000000e+00
5.575000000000000000e+03 2.229957201794607879e-01 3.454710969503869133e-01 1.357532999544833752e-01 4.881656804733727761e-01 3.060992262175694228e-02 0.000000000000000000e+00
5.600000000000000000e+03 2.239957009874404825e-01 3.435366408739189970e-01 1.350705507510241155e-01 4.943104233045061413e-01 2.708238507055074976e-02 0.000000000000000000e+00
5.625000000000000000e+03 2.249956817954199551e-01 3.373918980427856318e-01 1.373463814292216756e-01 4.993172507965407125e-01 2.594446973145198010e-02 0.000000000000000000e+00
5.650000000000000000e+03 2.259956626033996496e-01 3.315885298133818826e-01 1.338188438780154865e-01 5.075102412380518846e-01 2.708238507055074976e-02 0.000000000000000000e+00
5.675000000000000000e+03 2.269956434113793442e-01 3.298816568047337472e-01 1.346153846153846090e-01 5.094446973145198010e-01 2.605826126536185672e-02 0.000000000000000000e+00
