# itime ezz other fcc hcp bcc ico
0.000000000000000000e+00 0.000000000000000000e+00 7.965407373691396923e-04 9.992034592626308775e-01 0.000000000000000000e+00 0.000000000000000000e+00 0.000000000000000000e+00
3.000000000000000000e+00 1.200013736175620238e-03 3.413746017296313199e-04 9.996586253982703285e-01 0.000000000000000000e+00 0.000000000000000000e+00 0.000000000000000000e+00
6.000000000000000000e+00 2.400027472351462521e-03 1.137915339098771066e-04 9.998862084660901095e-01 0.000000000000000000e+00 0.000000000000000000e+00 0.000000000000000000e+00
9.000000000000000000e+00 3.600041208527082759e-03 0.000000000000000000e+00 1.000000000000000000e+00 0.000000000000000000e+00 0.000000000000000000e+00 0.000000000000000000e+00
1.200000000000000000e+01 4.800054944702925042e-03 4.551661356395084266e-04 9.995448338643604380e-01 0.000000000000000000e+00 0.000000000000000000e+00 0.000000000000000000e+00
1.500000000000000000e+01 6.000068680878545280e-03 6.827492034592626399e-04 9.993172507965407680e-01 0.000000000000000000e+00 0.000000000000000000e+00 0.000000000000000000e+00
1.800000000000000000e+01 7.200082417054165518e-03 1.479289940828402332e-03 9.985207100591716456e-01 0.000000000000000000e+00 0.000000000000000000e+00 0.000000000000000000e+00
2.100000000000000000e+01 8.400096153230007801e-03 1.706873008648156654e-03 9.982931269913518646e-01 0.000000000000000000e+00 0.000000000000000000e+00 0.000000000000000000e+00
2.400000000000000000e+01 9.600109889405628039e-03 1.365498406918525280e-03 9.986345015930814251e-01 0.000000000000000000e+00 0.000000000000000000e+00 0.000000000000000000e+00
2.700000000000000000e+01 1.080012362558147032e-02 7.965407373691396923e-04 9.992034592626308775e-01 0.000000000000000000e+00 0.000000000000000000e+00 0.000000000000000000e+00
3.000000000000000000e+01 1.200013736175709056e-02 7.965407373691396923e-04 9.992034592626308775e-01 0.000000000000000000e+00 0.000000000000000000e+00 0.000000000000000000e+00
3.300000000000000000e+01 1.320015109793271080e-02 6.827492034592626399e-04 9.993172507965407680e-01 0.000000000000000000e+00 0.000000000000000000e+00 0.000000000000000000e+00
3.600000000000000000e+01 1.440016483410855308e-02 1.593081474738279385e-03 9.984069185252617551e-01 0.000000000000000000e+00 0.000000000000000000e+00 0.000000000000000000e+00
3.900000000000000000e+01 1.560017857028417332e-02 1.593081474738279385e-03 9.984069185252617551e-01 0.000000000000000000e+00 0.000000000000000000e+00 0.000000000000000000e+00
4.200000000000000000e+01 1.680019230646001560e-02 6.827492034592626399e-04 9.993172507965407680e-01 0.000000000000000000e+00 0.000000000000000000e+00 0.000000000000000000e+00
4.500000000000000000e+01 1.800020604263563584e-02 7.965407373691396923e-04 9.992034592626308775e-01 0.000000000000000000e+00 0.000000000000000000e+00 0.000000000000000000e+00
4.800000000000000000e+01 1.920021977881125608e-02 1.024123805188893906e-03 9.989758761948110966e-01 0.000000000000000000e+00 0.000000000000000000e+00 0.000000000000000000e+00
5.100000000000000000e+01 2.040023351498709836e-02 9.103322712790168532e-04 9.990896677287209870e-01 0.000000000000000000e+00 0.000000000000000000e+00 0.000000000000000000e+00
5.400000000000000000e+01 2.160024725116271860e-02 1.137915339098770958e-03 9.988620846609012061e-01 0.000000000000000000e+00 0.000000000000000000e+00 0.000000000000000000e+00
5.700000000000000000e+01 2.280026098733856088e-02 2.275830678197542133e-04 9.997724169321802190e-01 0.000000000000000000e+00 0.000000000000000000e+00 0.000000000000000000e+00
6.000000000000000000e+01 2.400027472351418112e-02 1.251706873008648227e-03 9.987482931269913156e-01 0.000000000000000000e+00 0.000000000000000000e+00 0.000000000000000000e+00
6.300000000000000000e+01 2.520028845968980136e-02 1.365498406918525280e-03 9.986345015930814251e-01 0.000000000000000000e+00 0.000000000000000000e+00 0.000000000000000000e+00
6.600000000000000000e+01 2.640030219586564364e-02 2.275830678197541916e-03 9.977241693218024121e-01 0.000000000000000000e+00 0.000000000000000000e+00 0.000000000000000000e+00
6.900000000000000000e+01 2.760031593204126388e-02 1.820664542558033706e-03 9.981793354574419741e-01 0.000000000000000000e+00 0.000000000000000000e+00 0.000000000000000000e+00
7.200000000000000000e+01 2.880032966821688412e-02 1.820664542558033706e-03 9.981793354574419741e-01 0.000000000000000000e+00 0.000000000000000000e+00 0.000000000000000000e+00
7.500000000000000000e+01 3.000034340439272640e-02 1.251706873008648227e-03 9.987482931269913156e-01 0.000000000000000000e+00 0.000000000000000000e+00 0.000000000000000000e+00
7.800000000000000000e+01 3.120035714056834664e-02 1.706873008648156654e-03 9.982931269913518646e-01 0.000000000000000000e+00 0.000000000000000000e+00 0.000000000000000000e+00
8.100000000000000000e+01 3.240037087674418892e-02 2.389622212107419402e-03 9.976103777878926326e-01 0.000000000000000000e+00 0.000000000000000000e+00 0.000000000000000000e+00
8.400000000000000000e+01 3.360038461291980916e-02 2.617205279927173507e-03 9.973827947200728516e-01 0.000000000000000000e+00 0.000000000000000000e+00 0.000000000000000000e+00
8.700000000000000000e+01 3.480039834909542940e-02 2.958579881656804664e-03 9.970414201183431802e-01 0.000000000000000000e+00 0.000000000000000000e+00 0.000000000000000000e+00
9.000000000000000000e+01 3.600041208527127168e-02 3.413746017296313308e-03 9.963586709148839482e-01 0.000000000000000000e+00 2.275830678197542133e-04 0.000000000000000000e+00
9.300000000000000000e+01 3.720042582144689192e-02 3.755120619025944465e-03 9.960172963131542767e-01 0.000000000000000000e+00 2.275830678197542133e-04 0.000000000000000000e+00
9.600000000000000000e+01 3.840043955762273420e-02 4.893035958124715423e-03 9.949931725079653733e-01 0.000000000000000000e+00 1.137915339098771066e-04 0.000000000000000000e+00
9.900000000000000000e+01 3.960045329379835444e-02 5.803368229403732710e-03 9.941966317705962508e-01 0.000000000000000000e+00 0.000000000000000000e+00 0.000000000000000000e+00
1.020000000000000000e+02 4.080046702997397468e-02 5.575785161583977738e-03 9.944242148384160318e-01 0.000000000000000000e+00 0.000000000000000000e+00 0.000000000000000000e+00
1.050000000000000000e+02 4.200048076614981696e-02 5.917159763313609329e-03 9.940828402366863603e-01 0.000000000000000000e+00 0.000000000000000000e+00 0.000000000000000000e+00
1.080000000000000000e+02 4.320049450232543720e-02 6.827492034592626616e-03 9.929449248975875664e-01 0.000000000000000000e+00 2.275830678197542133e-04 0.000000000000000000e+00
1.110000000000000000e+02 4.440050823850127948e-02 7.737824305871643035e-03 9.919208010923987739e-01 0.000000000000000000e+00 3.413746017296313199e-04 0.000000000000000000e+00
1.140000000000000000e+02 4.560052197467689972e-02 7.396449704142011444e-03 9.924897587619481154e-01 0.000000000000000000e+00 1.137915339098771066e-04 0.000000000000000000e+00
1.170000000000000000e+02 4.680053571085251995e-02 7.396449704142011444e-03 9.922621756941283344e-01 0.000000000000000000e+00 3.413746017296313199e-04 0.000000000000000000e+00
1.200000000000000000e+02 4.800054944702836224e-02 8.875739644970414427e-03 9.908966772872098705e-01 0.000000000000000000e+00 2.275830678197542133e-04 0.000000000000000000e+00
1.230000000000000000e+02 4.920056318320398248e-02 9.103322712790167665e-03 9.907828857532999800e-01 0.000000000000000000e+00 1.137915339098771066e-04 0.000000000000000000e+00
1.260000000000000000e+02 5.040057691937982476e-02 1.001365498406918582e-02 9.898725534820209671e-01 0.000000000000000000e+00 1.137915339098771066e-04 0.000000000000000000e+00
1.290000000000000000e+02 5.160059065555544500e-02 1.046882111970869403e-02 9.890760127446518446e-01 0.000000000000000000e+00 4.551661356395084266e-04 0.000000000000000000e+00
1.320000000000000000e+02 5.280060439173106523e-02 1.228948566226672687e-02 9.873691397360035982e-01 0.000000000000000000e+00 3.413746017296313199e-04 0.000000000000000000e+00
1.350000000000000000e+02 5.400061812790690752e-02 1.274465179790623508e-02 9.864588074647245852e-01 0.000000000000000000e+00 7.965407373691396923e-04 0.000000000000000000e+00
1.380000000000000000e+02 5.520063186408252776e-02 1.388256713700500647e-02 9.858898497951752438e-01 0.000000000000000000e+00 2.275830678197542133e-04 0.000000000000000000e+00
1.410000000000000000e+02 5.640064560025837004e-02 1.456531634046426965e-02 9.854346836595356818e-01 0.000000000000000000e+00 0.000000000000000000e+00 0.000000000000000000e+00
1.440000000000000000e+02 5.760065933643399028e-02 1.342740100136549826e-02 9.862312243969049153e-01 0.000000000000000000e+00 3.413746017296313199e-04 0.000000000000000000e+00
1.470000000000000000e+02 5.880067307260961051e-02 1.536185707783340945e-02 9.840691852526172179e-01 0.000000000000000000e+00 5.689576695493854790e-04 0.000000000000000000e+00
1.500000000000000000e+02 6.000068680878545280e-02 1.843422849340009204e-02 9.809968138370505075e-01 0.000000000000000000e+00 5.689576695493854790e-04 0.000000000000000000e+00
1.530000000000000000e+02 6.120070054496107304e-02 1.752389622212107562e-02 9.817933545744196300e-01 0.000000000000000000e+00 6.827492034592626399e-04 0.000000000000000000e+00
1.560000000000000000e+02 6.240071428113691532e-02 1.695493855257168905e-02 9.824761037778789730e-01 0.000000000000000000e+00 5.689576695493854790e-04 0.000000000000000000e+00
1.590000000000000000e+02 6.360072801731253556e-02 2.116522530723714129e-02 9.782658170232134687e-01 0.000000000000000000e+00 5.689576695493854790e-04 0.000000000000000000e+00
1.620000000000000000e+02 6.480074175348815579e-02 2.264451524806554428e-02 9.763313609467455523e-01 0.000000000000000000e+00 1.024123805188893906e-03 0.000000000000000000e+00
1.650000000000000000e+02 6.600075548966399808e-02 2.389622212107419055e-02 9.759899863450158808e-01 0.000000000000000000e+00 1.137915339098771066e-04 0.000000000000000000e+00
1.680000000000000000e+02 6.720076922583961831e-02 2.537551206190259354e-02 9.733727810650887324e-01 0.000000000000000000e+00 1.251706873008648227e-03 0.000000000000000000e+00
1.710000000000000000e+02 6.840078296201546060e-02 2.969959035047792587e-02 9.690487027765134487e-01 0.000000000000000000e+00 1.251706873008648227e-03 0.000000000000000000e+00
1.740000000000000000e+02 6.960079669819108084e-02 3.174783796085571541e-02 9.667728720983158608e-01 0.000000000000000000e+00 1.479289940828402332e-03 0.000000000000000000e+00
1.770000000000000000e+02 7.080081043436670107e-02 3.607191624943104080e-02 9.631315430131998090e-01 0.000000000000000000e+00 7.965407373691396923e-04 0.000000000000000000e+00
1.800000000000000000e+02 7.200082417054254336e-02 3.629949931725079404e-02 9.625625853436504675e-01 0.000000000000000000e+00 1.137915339098770958e-03 0.000000000000000000e+00
1.830000000000000000e+02 7.320083790671816359e-02 3.982703686845699004e-02 9.589212562585344157e-01 0.000000000000000000e+00 1.251706873008648227e-03 0.000000000000000000e+00
1.860000000000000000e+02 7.440085164289400588e-02 3.903049613108784677e-02 9.602867546654528796e-01 0.000000000000000000e+00 6.827492034592626399e-04 0.000000000000000000e+00
1.890000000000000000e+02 7.560086537906962612e-02 3.777878925807919702e-02 9.613108784706417831e-01 0.000000000000000000e+00 9.103322712790168532e-04 0.000000000000000000e+00
1.920000000000000000e+02 7.680087911524524635e-02 4.016841147018661989e-02 9.581247155211651823e-01 0.000000000000000000e+00 1.706873008648156654e-03 0.000000000000000000e+00
1.950000000000000000e+02 7.800089285142108864e-02 4.380974055530268557e-02 9.548247610377788019e-01 0.000000000000000000e+00 1.365498406918525280e-03 0.000000000000000000e+00
1.980000000000000000e+02 7.920090658759670887e-02 4.756486117432862787e-02 9.508420573509330787e-01 0.000000000000000000e+00 1.593081474738279385e-03 0.000000000000000000e+00
2.010000000000000000e+02 8.040092032377255116e-02 5.314064633591260994e-02 9.444697314519799880e-01 0.000000000000000000e+00 2.389622212107419402e-03 0.000000000000000000e+00
2.040000000000000000e+02 8.160093405994817140e-02 6.110605370960400795e-02 9.367319071461083224e-01 0.000000000000000000e+00 2.162039144287664864e-03 0.000000000000000000e+00
2.070000000000000000e+02 8.280094779612379163e-02 6.304050978607191047e-02 9.346836595357305155e-01 0.000000000000000000e+00 2.275830678197541916e-03 0.000000000000000000e+00
2.100000000000000000e+02 8.400096153229963392e-02 6.588529813381883982e-02 9.312699135184342447e-01 0.000000000000000000e+00 2.844788347746927612e-03 0.000000000000000000e+00
2.130000000000000000e+02 8.520097526847525415e-02 6.975421028675465873e-02 9.261492944924897275e-01 0.000000000000000000e+00 4.096495220755575623e-03 0.000000000000000000e+00
2.160000000000000000e+02 8.640098900465087439e-02 7.191624943104232837e-02 9.229631315430132377e-01 0.000000000000000000e+00 5.120619025944469528e-03 0.000000000000000000e+00
2.190000000000000000e+02 8.760100274082671667e-02 7.703686845698680397e-02 9.178425125170687204e-01 0.000000000000000000e+00 5.120619025944469528e-03 0.000000000000000000e+00
2.220000000000000000e+02 8.880101647700233691e-02 8.397815202548930547e-02 9.111288120163859583e-01 0.000000000000000000e+00 4.893035958124715423e-03 0.000000000000000000e+00
2.250000000000000000e+02 9.000103021317817920e-02 9.387801547564861293e-02 9.005461993627673634e-01 0.000000000000000000e+00 5.575785161583977738e-03 0.000000000000000000e+00
2.280000000000000000e+02 9.120104394935379943e-02 1.004779244424214846e-01 8.940600819299043822e-01 0.000000000000000000e+00 5.461993627674101119e-03 0.000000000000000000e+00
2.310000000000000000e+02 9.240105768552941967e-02 1.086709148839326289e-01 8.850705507510241432e-01 0.000000000000000000e+00 6.258534365043240920e-03 0.000000000000000000e+00
2.340000000000000000e+02 9.360107142170526195e-02 1.210741920801092358e-01 8.719845243513882904e-01 0.000000000000000000e+00 6.941283568502503235e-03 0.000000000000000000e+00
2.370000000000000000e+02 9.480108515788088219e-02 1.300637232589895442e-01 8.629949931725079404e-01 0.000000000000000000e+00 6.941283568502503235e-03 0.000000000000000000e+00
2.400000000000000000e+02 9.600109889405672448e-02 1.364360491579426626e-01 8.570778334091943007e-01 0.000000000000000000e+00 6.486117432862995025e-03 0.000000000000000000e+00
2.430000000000000000e+02 9.720111263023234471e-02 1.408739189804278646e-01 8.516158397815202230e-01 0.000000000000000000e+00 7.510241238051888930e-03 0.000000000000000000e+00
2.460000000000000000e+02 9.840112636640796495e-02 1.508875739644970349e-01 8.405780609922621771e-01 0.000000000000000000e+00 8.534365043240782836e-03 0.000000000000000000e+00
2.490000000000000000e+02 9.960114010258380723e-02 1.586253982703686727e-01 8.327264451524806210e-01 0.000000000000000000e+00 8.648156577150659455e-03 0.000000000000000000e+00
2.520000000000000000e+02 1.008011538387594275e-01 1.660218479745106945e-01 8.252162039144287364e-01 0.000000000000000000e+00 8.761948111060537808e-03 0.000000000000000000e+00
2.550000000000000000e+02 1.020011675749352698e-01 1.723941738734638129e-01 8.183887118798361948e-01 0.000000000000000000e+00 9.217114246700046018e-03 0.000000000000000000e+00
2.580000000000000000e+02 1.032011813111108900e-01 1.833181611288120239e-01 8.073509330905780379e-01 0.000000000000000000e+00 9.330905780609922637e-03 0.000000000000000000e+00
2.610000000000000000e+02 1.044011950472865102e-01 1.961766044606281234e-01 7.931269913518433912e-01 0.000000000000000000e+00 1.069640418752844727e-02 0.000000000000000000e+00
2.640000000000000000e+02 1.056012087834623525e-01 2.083522985889849910e-01 7.804961310878471004e-01 0.000000000000000000e+00 1.115157032316795548e-02 0.000000000000000000e+00
2.670000000000000000e+02 1.068012225196379728e-01 2.197314519799726806e-01 7.664997724169322346e-01 0.000000000000000000e+00 1.376877560309512985e-02 0.000000000000000000e+00
2.700000000000000000e+02 1.080012362558138150e-01 2.273554847519344557e-01 7.562585343650432002e-01 0.000000000000000000e+00 1.638598088302230249e-02 0.000000000000000000e+00
2.730000000000000000e+02 1.092012499919894353e-01 2.325898953117888079e-01 7.497724169321802190e-01 0.000000000000000000e+00 1.763768775603095224e-02 0.000000000000000000e+00
2.760000000000000000e+02 1.104012637281650555e-01 2.459035047792444140e-01 7.357760582612653533e-01 0.000000000000000000e+00 1.832043695949021542e-02 0.000000000000000000e+00
2.790000000000000000e+02 1.116012774643408978e-01 2.520482476103778069e-01 7.305416477014110566e-01 0.000000000000000000e+00 1.741010468821119553e-02 0.000000000000000000e+00
2.820000000000000000e+02 1.128012912005165180e-01 2.591033227127901850e-01 7.215521165225307065e-01 0.000000000000000000e+00 1.934456076467910846e-02 0.000000000000000000e+00
2.850000000000000000e+02 1.140013049366923603e-01 2.710514337733272439e-01 7.065316340464269373e-01 0.000000000000000000e+00 2.241693218024579104e-02 0.000000000000000000e+00
2.880000000000000000e+02 1.152013186728679806e-01 2.847064178425124936e-01 6.903732362312243742e-01 1.137915339098771066e-04 2.480655439235321044e-02 0.000000000000000000e+00
2.910000000000000000e+02 1.164013324090436008e-01 3.045061447428311086e-01 6.702321347291761988e-01 0.000000000000000000e+00 2.526172052799271692e-02 0.000000000000000000e+00
2.940000000000000000e+02 1.176013461452194431e-01 3.198680018206645492e-01 6.503186162949476934e-01 1.137915339098771066e-04 2.969959035047792587e-02 0.000000000000000000e+00
2.970000000000000000e+02 1.188013598813950633e-01 3.356850250341374409e-01 6.321119708693673234e-01 1.137915339098771066e-04 3.208921256258534527e-02 0.000000000000000000e+00
3.000000000000000000e+02 1.200013736175709056e-01 3.524123805188894010e-01 6.145880746472462963e-01 1.137915339098771066e-04 3.288575329995448160e-02 0.000000000000000000e+00
3.030000000000000000e+02 1.212013873537465258e-01 3.702776513427400995e-01 5.909194355939918486e-01 0.000000000000000000e+00 3.880291306326809353e-02 0.000000000000000000e+00
3.060000000000000000e+02 1.224014010899221461e-01 3.901911697769686049e-01 5.661128812016386069e-01 0.000000000000000000e+00 4.369594902139280895e-02 0.000000000000000000e+00
3.090000000000000000e+02 1.236014148260979884e-01 4.152253072371415721e-01 5.377787892580792040e-01 0.000000000000000000e+00 4.699590350477924477e-02 0.000000000000000000e+00
3.120000000000000000e+02 1.248014285622736086e-01 4.340009103322712836e-01 5.162721893491124536e-01 1.137915339098771066e-04 4.961310878470642088e-02 0.000000000000000000e+00
3.150000000000000000e+02 1.260014422984494509e-01 4.518661811561219821e-01 4.954483386436049352e-01 2.275830678197542133e-04 5.245789713245334329e-02 0.000000000000000000e+00
3.180000000000000000e+02 1.272014560346250711e-01 4.737141556668184039e-01 4.718934911242603780e-01 0.000000000000000000e+00 5.439235320892125969e-02 0.000000000000000000e+00
3.210000000000000000e+02 1.284014697708006914e-01 4.877105143377332697e-01 4.532316795630405015e-01 1.137915339098771066e-04 5.894401456531633832e-02 0.000000000000000000e+00
3.240000000000000000e+02 1.296014835069765336e-01 5.067137005006827621e-01 4.280837505689576439e-01 3.413746017296313199e-04 6.486117432862995025e-02 0.000000000000000000e+00
3.270000000000000000e+02 1.308014972431521539e-01 5.244651797906235702e-01 4.071461083295402905e-01 4.551661356395084266e-04 6.793354574419663283e-02 0.000000000000000000e+00
3.300000000000000000e+02 1.320015109793279962e-01 5.312926718252162228e-01 3.923532089212562468e-01 3.413746017296313199e-04 7.601274465179790052e-02 0.000000000000000000e+00
3.330000000000000000e+02 1.332015247155036164e-01 5.452890304961310886e-01 3.719845243513882349e-01 5.689576695493854790e-04 8.215748748293126569e-02 0.000000000000000000e+00
3.360000000000000000e+02 1.344015384516792366e-01 5.572371415566681474e-01 3.507055075102412656e-01 9.103322712790168532e-04 9.114701866181156020e-02 0.000000000000000000e+00
3.390000000000000000e+02 1.356015521878550789e-01 5.745334547109695045e-01 3.295402822030040757e-01 1.137915339098770958e-03 9.478834774692762588e-02 0.000000000000000000e+00
3.420000000000000000e+02 1.368015659240306992e-01 5.908056440600819581e-01 3.096267637687756258e-01 1.479289940828402332e-03 9.808830223031406170e-02 0.000000000000000000e+00
3.450000000000000000e+02 1.380015796602065414e-01 6.073054164770140817e-01 2.889167045971779424e-01 1.820664542558033706e-03 1.019572143832498806e-01 0.000000000000000000e+00
3.480000000000000000e+02 1.392015933963821617e-01 6.203914428766499345e-01 2.683204369594902050e-01 1.934456076467910759e-03 1.093536640873919025e-01 0.000000000000000000e+00
3.510000000000000000e+02 1.404016071325577819e-01 6.312016385980883104e-01 2.565999089667728716e-01 2.389622212107419402e-03 1.098088302230314089e-01 0.000000000000000000e+00
3.540000000000000000e+02 1.416016208687336242e-01 6.340464269458352398e-01 2.461310878470641672e-01 3.413746017296313308e-03 1.164087391898042806e-01 0.000000000000000000e+00
3.570000000000000000e+02 1.428016346049092444e-01 6.465634956759217511e-01 2.274692762858443462e-01 4.096495220755575623e-03 1.218707328174783860e-01 0.000000000000000000e+00
3.600000000000000000e+02 1.440016483410848647e-01 6.595357305416477134e-01 2.108557123350022766e-01 4.665452890304961318e-03 1.249431042330450548e-01 0.000000000000000000e+00
3.630000000000000000e+02 1.452016620772607070e-01 6.688666363222576239e-01 1.962903959945380139e-01 5.234410559854347014e-03 1.296085571233500100e-01 0.000000000000000000e+00
3.660000000000000000e+02 1.464016758134363272e-01 6.771734182976786309e-01 1.843422849340008995e-01 5.120619025944469528e-03 1.333636777423759801e-01 0.000000000000000000e+00
3.690000000000000000e+02 1.476016895496121695e-01 6.816112881201638052e-01 1.737596722803823324e-01 5.689576695493855224e-03 1.389394629039599482e-01 0.000000000000000000e+00
3.720000000000000000e+02 1.488017032857877897e-01 6.854802002730996380e-01 1.652253072371415443e-01 7.168866636322257339e-03 1.421256258534364936e-01 0.000000000000000000e+00
3.750000000000000000e+02 1.500017170219634099e-01 6.948111060537096595e-01 1.544151115157032239e-01 7.282658170232134826e-03 1.434911242603550408e-01 0.000000000000000000e+00
3.780000000000000000e+02 1.512017307581392522e-01 7.000455166135639562e-01 1.442876649977241632e-01 8.534365043240782836e-03 1.471324533454710926e-01 0.000000000000000000e+00
3.810000000000000000e+02 1.524017444943148725e-01 7.024351388256713236e-01 1.368912152935821691e-01 9.672280382339554228e-03 1.510013654984069253e-01 0.000000000000000000e+00
3.840000000000000000e+02 1.536017582304907148e-01 7.084660901228948537e-01 1.241465634956759184e-01 1.081019572143832562e-02 1.565771506599908935e-01 0.000000000000000000e+00
3.870000000000000000e+02 1.548017719666663350e-01 7.114246700045516736e-01 1.195949021392808398e-01 1.046882111970869403e-02 1.585116067364588099e-01 0.000000000000000000e+00
3.900000000000000000e+02 1.560017857028419552e-01 7.099453800637232082e-01 1.153846153846153910e-01 1.092398725534820224e-02 1.637460172963131622e-01 0.000000000000000000e+00
3.930000000000000000e+02 1.572017994390177975e-01 7.110832954028220021e-01 1.082157487482931224e-01 1.194811106053709528e-02 1.687528447883477334e-01 0.000000000000000000e+00
3.960000000000000000e+02 1.584018131751934177e-01 7.156349567592170668e-01 1.027537551206190308e-01 1.228948566226672687e-02 1.693218024578971304e-01 0.000000000000000000e+00
3.990000000000000000e+02 1.596018269113692600e-01 7.159763313609467383e-01 9.854346836595356818e-02 1.319981793354574502e-02 1.722803823395539502e-01 0.000000000000000000e+00
4.020000000000000000e+02 1.608018406475448803e-01 7.259899863450158808e-01 9.057806099226217711e-02 1.319981793354574502e-02 1.702321347291761433e-01 0.000000000000000000e+00
4.050000000000000000e+02 1.620018543837205005e-01 7.298588984979517136e-01 8.557123350022757813e-02 1.354119253527537488e-02 1.710286754665452935e-01 0.000000000000000000e+00
4.080000000000000000e+02 1.632018681198963428e-01 7.368001820664542567e-01 7.885753299954482987e-02 1.365498406918525323e-02 1.706873008648156498e-01 0.000000000000000000e+00
4.110000000000000000e+02 1.644018818560719630e-01 7.388484296768320636e-01 7.271279016841146470e-02 1.536185707783340945e-02 1.730769230769230727e-01 0.000000000000000000e+00
4.140000000000000000e+02 1.656018955922478053e-01 7.473827947200728516e-01 6.611288120163859305e-02 1.684114701866181243e-02 1.696631770596267741e-01 0.000000000000000000e+00
4.170000000000000000e+02 1.668019093284234255e-01 7.493172507965407680e-01 6.258534365043240399e-02 1.752389622212107562e-02 1.705735093309057870e-01 0.000000000000000000e+00
4.200000000000000000e+02 1.680019230645990458e-01 7.564861174328629811e-01 5.905780609922621494e-02 1.832043695949021542e-02 1.661356395084205850e-01 0.000000000000000000e+00
4.230000000000000000e+02 1.692019368007748881e-01 7.592171142467000200e-01 5.644060081929904577e-02 1.968593536640873831e-02 1.646563495675921751e-01 0.000000000000000000e+00
4.260000000000000000e+02 1.704019505369505083e-01 7.610377787892580459e-01 5.416477014110149951e-02 2.116522530723714129e-02 1.636322257624032717e-01 0.000000000000000000e+00
4.290000000000000000e+02 1.716019642731263506e-01 7.629722348657259623e-01 5.257168866636321991e-02 2.127901684114701791e-02 1.631770596267637652e-01 0.000000000000000000e+00
4.320000000000000000e+02 1.728019780093019708e-01 7.697997269003186149e-01 5.040964952207555722e-02 2.173418297678652786e-02 1.580564406008193035e-01 0.000000000000000000e+00
4.350000000000000000e+02 1.740019917454775911e-01 7.693445607646790529e-01 5.018206645425580398e-02 2.309968138370505075e-02 1.573736913973600438e-01 0.000000000000000000e+00
4.380000000000000000e+02 1.752020054816534333e-01 7.733272644515247762e-01 4.881656804733727761e-02 2.514792899408284030e-02 1.527082385070550885e-01 0.000000000000000000e+00
4.410000000000000000e+02 1.764020192178290536e-01 7.749203459262631322e-01 4.756486117432862787e-02 2.583067819754210348e-02 1.516841147018661851e-01 0.000000000000000000e+00
4.440000000000000000e+02 1.776020329540048959e-01 7.738962221210742287e-01 4.540282203004096517e-02 2.674101046882111990e-02 1.539599453800637174e-01 0.000000000000000000e+00
4.470000000000000000e+02 1.788020466901805161e-01 7.787892580791988539e-01 4.221665908056440597e-02 2.651342740100136666e-02 1.524806554392353075e-01 0.000000000000000000e+00
4.500000000000000000e+02 1.800020604263561363e-01 7.829995448338643582e-01 4.233045061447428259e-02 2.583067819754210348e-02 1.488393263541192557e-01 0.000000000000000000e+00
4.530000000000000000e+02 1.812020741625319786e-01 7.845926263086026031e-01 4.176149294492489950e-02 2.833409194355939950e-02 1.453117888029130667e-01 0.000000000000000000e+00
4.560000000000000000e+02 1.824020878987075989e-01 7.938097405553027341e-01 3.948566226672735324e-02 2.719617660446062984e-02 1.395084205735093175e-01 0.000000000000000000e+00
4.590000000000000000e+02 1.836021016348834412e-01 7.931269913518433912e-01 4.130632680928538608e-02 2.639963586709149004e-02 1.391670459717797015e-01 0.000000000000000000e+00
4.620000000000000000e+02 1.848021153710590614e-01 7.926718252162039402e-01 3.937187073281747662e-02 2.890304961310878606e-02 1.390532544378698110e-01 0.000000000000000000e+00
4.650000000000000000e+02 1.860021291072346816e-01 7.968821119708693335e-01 3.823395539371871044e-02 3.163404642694583185e-02 1.332498862084660896e-01 0.000000000000000000e+00
4.680000000000000000e+02 1.872021428434105239e-01 8.047337278106508895e-01 3.550295857988165771e-02 2.913063268092853930e-02 1.306326809285389134e-01 0.000000000000000000e+00
4.710000000000000000e+02 1.884021565795861441e-01 8.087164314974966128e-01 3.390987710514337811e-02 3.083750568957669552e-02 1.265361857077833274e-01 0.000000000000000000e+00
4.740000000000000000e+02 1.896021703157619864e-01 8.188438780154756458e-01 3.265817023213472836e-02 2.947200728265816916e-02 1.190259444697314567e-01 0.000000000000000000e+00
4.770000000000000000e+02 1.908021840519376067e-01 8.251024123805188459e-01 3.174783796085571541e-02 3.060992262175694228e-02 1.125398270368684617e-01 0.000000000000000000e+00
4.800000000000000000e+02 1.920021977881132269e-01 8.288575329995447882e-01 3.288575329995448160e-02 3.095129722348657214e-02 1.073054164770141095e-01 0.000000000000000000e+00
4.830000000000000000e+02 1.932022115242890692e-01 8.285161583978152278e-01 3.152025489303595523e-02 3.208921256258534527e-02 1.078743741465634925e-01 0.000000000000000000e+00
4.860000000000000000e+02 1.944022252604646894e-01 8.338643604915794150e-01 3.208921256258534527e-02 3.129267182521620200e-02 1.027537551206190308e-01 0.000000000000000000e+00
4.890000000000000000e+02 1.956022389966405317e-01 8.372781065088756858e-01 3.072371415566681890e-02 3.231679563040509851e-02 9.968138370505234824e-02 0.000000000000000000e+00
4.920000000000000000e+02 1.968022527328161519e-01 8.421711424670004220e-01 3.004096495220755572e-02 3.322712790168411146e-02 9.456076467910787264e-02 0.000000000000000000e+00
4.950000000000000000e+02 1.980022664689917722e-01 8.416021847974510806e-01 2.992717341829767910e-02 3.288575329995448160e-02 9.558488848429676221e-02 0.000000000000000000e+00
4.980000000000000000e+02 1.992022802051676145e-01 8.435366408739189970e-01 2.730996813837050646e-02 3.208921256258534527e-02 9.706417842512517213e-02 0.000000000000000000e+00
5.010000000000000000e+02 2.004022939413432347e-01 8.452435138825671324e-01 2.708238507055074976e-02 3.186162949476559203e-02 9.581247155211652933e-02 0.000000000000000000e+00
5.040000000000000000e+02 2.016023076775188549e-01 8.486572598998634032e-01 2.742375967228038308e-02 3.004096495220755572e-02 9.387801547564861293e-02 0.000000000000000000e+00
5.070000000000000000e+02 2.028023214136946972e-01 8.503641329085116496e-01 2.730996813837050646e-02 2.935821574874829254e-02 9.296768320436959998e-02 0.000000000000000000e+00
5.100000000000000000e+02 2.040023351498703175e-01 8.524123805188893455e-01 2.560309512972235024e-02 3.049613108784706567e-02 9.148839326354119006e-02 0.000000000000000000e+00
5.130000000000000000e+02 2.052023488860461597e-01 8.587847064178425471e-01 2.401001365498407064e-02 3.072371415566681890e-02 8.648156577150660496e-02 0.000000000000000000e+00
5.160000000000000000e+02 2.064023626222217800e-01 8.623122439690487084e-01 2.401001365498407064e-02 3.163404642694583185e-02 8.204369594902138907e-02 0.000000000000000000e+00
5.190000000000000000e+02 2.076023763583974002e-01 8.617432862994993670e-01 2.446517979062357712e-02 3.254437869822485174e-02 8.124715521165225274e-02 0.000000000000000000e+00
5.220000000000000000e+02 2.088023900945732425e-01 8.631087847064178309e-01 2.514792899408284030e-02 3.174783796085571541e-02 7.988165680473373331e-02 1.137915339098771066e-04
5.250000000000000000e+02 2.100024038307488627e-01 8.666363222576239922e-01 2.480655439235321044e-02 3.140646335912607862e-02 7.703686845698680397e-02 1.137915339098771066e-04
5.280000000000000000e+02 2.112024175669247050e-01 8.686845698680017991e-01 2.492034592626308706e-02 3.015475648611743234e-02 7.612653618570777714e-02 1.137915339098771066e-04
5.310000000000000000e+02 2.124024313031003253e-01 8.724396904870277414e-01 2.446517979062357712e-02 2.901684114701866268e-02 7.396449704142012138e-02 1.137915339098771066e-04
5.340000000000000000e+02 2.136024450392759455e-01 8.741465634956758768e-01 2.446517979062357712e-02 2.992717341829767910e-02 7.134729176149294527e-02 1.137915339098771066e-04
5.370000000000000000e+02 2.148024587754517878e-01 8.766499772416932457e-01 2.355484751934456070e-02 2.992717341829767910e-02 6.975421028675465873e-02 1.137915339098771066e-04
5.400000000000000000e+02 2.160024725116274080e-01 8.818843878015475424e-01 2.207555757851615771e-02 3.015475648611743234e-02 6.588529813381883982e-02 0.000000000000000000e+00
5.430000000000000000e+02 2.172024862478032503e-01 8.842740100136550208e-01 2.036868456986800149e-02 2.992717341829767910e-02 6.543013199817933334e-02 0.000000000000000000e+00
5.460000000000000000e+02 2.184024999839788705e-01 8.843878015475649113e-01 2.116522530723714129e-02 3.026854802002730896e-02 6.417842512517069054e-02 0.000000000000000000e+00
5.490000000000000000e+02 2.196025137201544908e-01 8.859808830223031562e-01 2.105143377332726468e-02 3.038233955393718558e-02 6.258534365043240399e-02 0.000000000000000000e+00
5.520000000000000000e+02 2.208025274563303331e-01 8.883705052344105235e-01 2.093764223941738806e-02 3.038233955393718558e-02 6.030951297223486468e-02 0.000000000000000000e+00
5.550000000000000000e+02 2.220025411925059533e-01 8.901911697769685494e-01 2.127901684114701791e-02 3.038233955393718558e-02 5.814747382794720199e-02 0.000000000000000000e+00
5.580000000000000000e+02 2.232025549286817956e-01 8.905325443786982209e-01 2.082385070550751144e-02 2.992717341829767910e-02 5.871643149749658508e-02 0.000000000000000000e+00
5.610000000000000000e+02 2.244025686648574158e-01 8.915566681838871244e-01 1.957214383249886169e-02 3.174783796085571541e-02 5.712335002275830548e-02 0.000000000000000000e+00
5.640000000000000000e+02 2.256025824010330361e-01 8.924670004551661373e-01 2.036868456986800149e-02 3.072371415566681890e-02 5.644060081929904577e-02 0.000000000000000000e+00
5.670000000000000000e+02 2.268025961372088783e-01 8.945152480655439442e-01 2.025489303595812488e-02 3.038233955393718558e-02 5.484751934456076616e-02 0.000000000000000000e+00
5.700000000000000000e+02 2.280026098733844986e-01 8.972462448793809831e-01 2.116522530723714129e-02 3.197542102867546865e-02 4.961310878470642088e-02 0.000000000000000000e+00
5.730000000000000000e+02 2.292026236095603409e-01 8.981565771506599960e-01 2.048247610377787811e-02 3.368229403732362487e-02 4.767865270823850449e-02 0.000000000000000000e+00
5.760000000000000000e+02 2.304026373457359611e-01 8.991807009558488994e-01 2.059626763768775473e-02 3.322712790168411146e-02 4.699590350477924477e-02 0.000000000000000000e+00
5.790000000000000000e+02 2.316026510819115813e-01 8.979289940828402150e-01 1.991351843422849502e-02 3.504779244424215123e-02 4.699590350477924477e-02 1.137915339098771066e-04
5.820000000000000000e+02 2.328026648180874236e-01 8.982703686845698865e-01 2.127901684114701791e-02 3.345471096950387163e-02 4.688211197086936816e-02 1.137915339098771066e-04
5.850000000000000000e+02 2.340026785542630439e-01 8.969048702776513116e-01 2.207555757851615771e-02 3.311333636777423484e-02 4.779244424214838111e-02 1.137915339098771066e-04
5.880000000000000000e+02 2.352026922904388861e-01 8.987255348202093375e-01 2.139280837505689453e-02 3.197542102867546865e-02 4.779244424214838111e-02 1.137915339098771066e-04
5.910000000000000000e+02 2.364027060266145064e-01 9.010013654984069253e-01 2.093764223941738806e-02 3.049613108784706567e-02 4.745106964041875125e-02 1.137915339098771066e-04
5.940000000000000000e+02 2.376027197627901266e-01 9.017979062357760478e-01 2.059626763768775473e-02 3.083750568957669552e-02 4.665452890304961492e-02 1.137915339098771066e-04
5.970000000000000000e+02 2.388027334989659689e-01 9.061219845243514426e-01 2.105143377332726468e-02 3.026854802002730896e-02 4.244424214838415921e-02 1.137915339098771066e-04
6.000000000000000000e+02 2.400027472351415891e-01 9.090805644060081514e-01 2.116522530723714129e-02 3.140646335912607862e-02 3.823395539371871044e-02 1.137915339098771066e-04
6.030000000000000000e+02 2.412027609713174314e-01 9.087391898042785909e-01 2.230314064633591095e-02 3.152025489303595523e-02 3.732362312243969055e-02 1.137915339098771066e-04
6.060000000000000000e+02 2.424027747074930517e-01 9.101046882111970548e-01 2.139280837505689453e-02 3.117888029130632538e-02 3.720983158852981393e-02 1.137915339098771066e-04
6.090000000000000000e+02 2.436027884436686719e-01 9.132908511606736557e-01 2.105143377332726468e-02 3.038233955393718558e-02 3.516158397815202785e-02 1.137915339098771066e-04
6.120000000000000000e+02 2.448028021798445142e-01 9.139736003641328876e-01 2.048247610377787811e-02 3.129267182521620200e-02 3.425125170687300796e-02 0.000000000000000000e+00
6.150000000000000000e+02 2.460028159160201344e-01 9.151115157032316816e-01 1.968593536640873831e-02 3.152025489303595523e-02 3.368229403732362487e-02 0.000000000000000000e+00
6.180000000000000000e+02 2.472028296521959767e-01 9.130632680928538747e-01 1.991351843422849502e-02 3.243058716431497512e-02 3.459262630860263782e-02 0.000000000000000000e+00
6.210000000000000000e+02 2.484028433883715969e-01 9.135184342284934367e-01 1.934456076467910846e-02 3.299954483386435822e-02 3.413746017296313134e-02 0.000000000000000000e+00
6.240000000000000000e+02 2.496028571245472172e-01 9.160218479745106945e-01 1.968593536640873831e-02 3.174783796085571541e-02 3.254437869822485174e-02 0.000000000000000000e+00
6.270000000000000000e+02 2.508028708607230595e-01 9.217114246700045532e-01 1.832043695949021542e-02 3.026854802002730896e-02 2.969959035047792587e-02 0.000000000000000000e+00
6.300000000000000000e+02 2.520028845968986797e-01 9.254665452890304955e-01 1.775147928994082885e-02 2.822030040964952288e-02 2.856167501137915274e-02 0.000000000000000000e+00
6.330000000000000000e+02 2.532028983330745220e-01 9.251251706873008240e-01 1.752389622212107562e-02 2.856167501137915274e-02 2.878925807919890598e-02 0.000000000000000000e+00
6.360000000000000000e+02 2.544029120692501422e-01 9.238734638142922506e-01 1.672735548475193582e-02 2.924442421483841592e-02 3.015475648611743234e-02 0.000000000000000000e+00
6.390000000000000000e+02 2.556029258054257625e-01 9.235320892125625791e-01 1.672735548475193582e-02 2.981338188438780248e-02 2.992717341829767910e-02 0.000000000000000000e+00
6.420000000000000000e+02 2.568029395416016047e-01 9.230769230769231282e-01 1.672735548475193582e-02 3.072371415566681890e-02 2.947200728265816916e-02 0.000000000000000000e+00
6.450000000000000000e+02 2.580029532777772250e-01 9.252389622212107145e-01 1.604460628129267263e-02 3.106508875739644876e-02 2.765134274010013632e-02 0.000000000000000000e+00
6.480000000000000000e+02 2.592029670139528452e-01 9.246700045516613731e-01 1.672735548475193582e-02 3.060992262175694228e-02 2.799271734182976618e-02 0.000000000000000000e+00
6.510000000000000000e+02 2.604029807501286875e-01 9.269458352298588499e-01 1.741010468821119553e-02 2.810650887573964626e-02 2.753755120619025970e-02 0.000000000000000000e+00
6.540000000000000000e+02 2.616029944863043077e-01 9.245562130177514826e-01 1.797906235776058209e-02 2.935821574874829254e-02 2.810650887573964626e-02 0.000000000000000000e+00
6.570000000000000000e+02 2.628030082224801500e-01 9.278561675011378629e-01 1.718252162039144229e-02 2.935821574874829254e-02 2.560309512972235024e-02 0.000000000000000000e+00
6.600000000000000000e+02 2.640030219586557703e-01 9.288802913063267663e-01 1.615839781520254925e-02 2.844788347746927612e-02 2.651342740100136666e-02 0.000000000000000000e+00
6.630000000000000000e+02 2.652030356948313905e-01 9.291078743741465473e-01 1.638598088302230249e-02 2.878925807919890598e-02 2.571688666363222686e-02 0.000000000000000000e+00
6.660000000000000000e+02 2.664030494310072328e-01 9.253527537551206050e-01 1.786527082385070547e-02 3.038233955393718558e-02 2.639963586709149004e-02 0.000000000000000000e+00
6.690000000000000000e+02 2.676030631671828530e-01 9.228493400091033472e-01 1.797906235776058209e-02 3.299954483386435822e-02 2.617205279927173334e-02 0.000000000000000000e+00
6.720000000000000000e+02 2.688030769033586953e-01 9.269458352298588499e-01 1.593081474738279601e-02 3.129267182521620200e-02 2.583067819754210348e-02 0.000000000000000000e+00
6.750000000000000000e+02 2.700030906395343155e-01 9.253527537551206050e-01 1.547564861174328607e-02 3.208921256258534527e-02 2.708238507055074976e-02 0.000000000000000000e+00
6.780000000000000000e+02 2.712031043757099358e-01 9.299044151115156698e-01 1.479289940828402289e-02 2.878925807919890598e-02 2.651342740100136666e-02 0.000000000000000000e+00
6.810000000000000000e+02 2.724031181118857781e-01 9.318388711879835862e-01 1.354119253527537488e-02 2.935821574874829254e-02 2.526172052799271692e-02 0.000000000000000000e+00
