# itime ezz other fcc hcp bcc ico
0.000000000000000000e+00 0.000000000000000000e+00 0.000000000000000000e+00 1.000000000000000000e+00 0.000000000000000000e+00 0.000000000000000000e+00 0.000000000000000000e+00
3.000000000000000000e+00 1.200025814191096885e-03 0.000000000000000000e+00 1.000000000000000000e+00 0.000000000000000000e+00 0.000000000000000000e+00 0.000000000000000000e+00
6.000000000000000000e+00 2.400051628382193769e-03 0.000000000000000000e+00 1.000000000000000000e+00 0.000000000000000000e+00 0.000000000000000000e+00 0.000000000000000000e+00
9.000000000000000000e+00 3.600077442573290654e-03 0.000000000000000000e+00 1.000000000000000000e+00 0.000000000000000000e+00 0.000000000000000000e+00 0.000000000000000000e+00
1.200000000000000000e+01 4.800103256764165494e-03 0.000000000000000000e+00 1.000000000000000000e+00 0.000000000000000000e+00 0.000000000000000000e+00 0.000000000000000000e+00
1.500000000000000000e+01 6.000129070955262378e-03 0.000000000000000000e+00 1.000000000000000000e+00 0.000000000000000000e+00 0.000000000000000000e+00 0.000000000000000000e+00
1.800000000000000000e+01 7.200154885146359263e-03 0.000000000000000000e+00 1.000000000000000000e+00 0.000000000000000000e+00 0.000000000000000000e+00 0.000000000000000000e+00
2.100000000000000000e+01 8.400180699337456147e-03 0.000000000000000000e+00 1.000000000000000000e+00 0.000000000000000000e+00 0.000000000000000000e+00 0.000000000000000000e+00
2.400000000000000000e+01 9.600206513528553032e-03 0.000000000000000000e+00 1.000000000000000000e+00 0.000000000000000000e+00 0.000000000000000000e+00 0.000000000000000000e+00
2.700000000000000000e+01 1.080023232771964992e-02 0.000000000000000000e+00 1.000000000000000000e+00 0.000000000000000000e+00 0.000000000000000000e+00 0.000000000000000000e+00
3.000000000000000000e+01 1.200025814191074680e-02 0.000000000000000000e+00 1.000000000000000000e+00 0.000000000000000000e+00 0.000000000000000000e+00 0.000000000000000000e+00
3.300000000000000000e+01 1.320028395610162164e-02 0.000000000000000000e+00 1.000000000000000000e+00 0.000000000000000000e+00 0.000000000000000000e+00 0.000000000000000000e+00
3.600000000000000000e+01 1.440030977029271853e-02 0.000000000000000000e+00 1.000000000000000000e+00 0.000000000000000000e+00 0.000000000000000000e+00 0.000000000000000000e+00
3.900000000000000000e+01 1.560033558448381541e-02 0.000000000000000000e+00 1.000000000000000000e+00 0.000000000000000000e+00 0.000000000000000000e+00 0.000000000000000000e+00
4.200000000000000000e+01 1.680036139867491229e-02 0.000000000000000000e+00 1.000000000000000000e+00 0.000000000000000000e+00 0.000000000000000000e+00 0.000000000000000000e+00
4.500000000000000000e+01 1.800038721286600918e-02 0.000000000000000000e+00 1.000000000000000000e+00 0.000000000000000000e+00 0.000000000000000000e+00 0.000000000000000000e+00
4.800000000000000000e+01 1.920041302705710606e-02 0.000000000000000000e+00 1.000000000000000000e+00 0.000000000000000000e+00 0.000000000000000000e+00 0.000000000000000000e+00
5.100000000000000000e+01 2.040043884124798090e-02 0.000000000000000000e+00 1.000000000000000000e+00 0.000000000000000000e+00 0.000000000000000000e+00 0.000000000000000000e+00
5.400000000000000000e+01 2.160046465543907779e-02 0.000000000000000000e+00 1.000000000000000000e+00 0.000000000000000000e+00 0.000000000000000000e+00 0.000000000000000000e+00
5.700000000000000000e+01 2.280049046963017467e-02 0.000000000000000000e+00 1.000000000000000000e+00 0.000000000000000000e+00 0.000000000000000000e+00 0.000000000000000000e+00
6.000000000000000000e+01 2.400051628382127156e-02 0.000000000000000000e+00 1.000000000000000000e+00 0.000000000000000000e+00 0.000000000000000000e+00 0.000000000000000000e+00
6.300000000000000000e+01 2.520054209801236844e-02 0.000000000000000000e+00 1.000000000000000000e+00 0.000000000000000000e+00 0.000000000000000000e+00 0.000000000000000000e+00
6.600000000000000000e+01 2.640056791220346533e-02 0.000000000000000000e+00 1.000000000000000000e+00 0.000000000000000000e+00 0.000000000000000000e+00 0.000000000000000000e+00
6.900000000000000000e+01 2.760059372639456221e-02 0.000000000000000000e+00 1.000000000000000000e+00 0.000000000000000000e+00 0.000000000000000000e+00 0.000000000000000000e+00
7.200000000000000000e+01 2.880061954058543705e-02 0.000000000000000000e+00 1.000000000000000000e+00 0.000000000000000000e+00 0.000000000000000000e+00 0.000000000000000000e+00
7.500000000000000000e+01 3.000064535477653394e-02 0.000000000000000000e+00 1.000000000000000000e+00 0.000000000000000000e+00 0.000000000000000000e+00 0.000000000000000000e+00
7.800000000000000000e+01 3.120067116896763082e-02 0.000000000000000000e+00 1.000000000000000000e+00 0.000000000000000000e+00 0.000000000000000000e+00 0.000000000000000000e+00
8.100000000000000000e+01 3.240069698315872770e-02 0.000000000000000000e+00 1.000000000000000000e+00 0.000000000000000000e+00 0.000000000000000000e+00 0.000000000000000000e+00
8.400000000000000000e+01 3.360072279734982459e-02 0.000000000000000000e+00 1.000000000000000000e+00 0.000000000000000000e+00 0.000000000000000000e+00 0.000000000000000000e+00
8.700000000000000000e+01 3.480074861154092147e-02 0.000000000000000000e+00 1.000000000000000000e+00 0.000000000000000000e+00 0.000000000000000000e+00 0.000000000000000000e+00
9.000000000000000000e+01 3.600077442573201836e-02 0.000000000000000000e+00 1.000000000000000000e+00 0.000000000000000000e+00 0.000000000000000000e+00 0.000000000000000000e+00
9.300000000000000000e+01 3.720080023992289320e-02 0.000000000000000000e+00 1.000000000000000000e+00 0.000000000000000000e+00 0.000000000000000000e+00 0.000000000000000000e+00
9.600000000000000000e+01 3.840082605411399008e-02 0.000000000000000000e+00 1.000000000000000000e+00 0.000000000000000000e+00 0.000000000000000000e+00 0.000000000000000000e+00
9.900000000000000000e+01 3.960085186830508697e-02 0.000000000000000000e+00 1.000000000000000000e+00 0.000000000000000000e+00 0.000000000000000000e+00 0.000000000000000000e+00
1.020000000000000000e+02 4.080087768249618385e-02 0.000000000000000000e+00 1.000000000000000000e+00 0.000000000000000000e+00 0.000000000000000000e+00 0.000000000000000000e+00
1.050000000000000000e+02 4.200090349668728074e-02 0.000000000000000000e+00 1.000000000000000000e+00 0.000000000000000000e+00 0.000000000000000000e+00 0.000000000000000000e+00
1.080000000000000000e+02 4.320092931087837762e-02 0.000000000000000000e+00 1.000000000000000000e+00 0.000000000000000000e+00 0.000000000000000000e+00 0.000000000000000000e+00
1.110000000000000000e+02 4.440095512506947451e-02 0.000000000000000000e+00 1.000000000000000000e+00 0.000000000000000000e+00 0.000000000000000000e+00 0.000000000000000000e+00
1.140000000000000000e+02 4.560098093926034934e-02 0.000000000000000000e+00 1.000000000000000000e+00 0.000000000000000000e+00 0.000000000000000000e+00 0.000000000000000000e+00
1.170000000000000000e+02 4.680100675345144623e-02 0.000000000000000000e+00 1.000000000000000000e+00 0.000000000000000000e+00 0.000000000000000000e+00 0.000000000000000000e+00
1.200000000000000000e+02 4.800103256764254311e-02 0.000000000000000000e+00 1.000000000000000000e+00 0.000000000000000000e+00 0.000000000000000000e+00 0.000000000000000000e+00
1.230000000000000000e+02 4.920105838183364000e-02 0.000000000000000000e+00 1.000000000000000000e+00 0.000000000000000000e+00 0.000000000000000000e+00 0.000000000000000000e+00
1.260000000000000000e+02 5.040108419602473688e-02 0.000000000000000000e+00 1.000000000000000000e+00 0.000000000000000000e+00 0.000000000000000000e+00 0.000000000000000000e+00
1.290000000000000000e+02 5.160111001021583377e-02 0.000000000000000000e+00 1.000000000000000000e+00 0.000000000000000000e+00 0.000000000000000000e+00 0.000000000000000000e+00
1.320000000000000000e+02 5.280113582440670861e-02 0.000000000000000000e+00 1.000000000000000000e+00 0.000000000000000000e+00 0.000000000000000000e+00 0.000000000000000000e+00
1.350000000000000000e+02 5.400116163859780549e-02 0.000000000000000000e+00 1.000000000000000000e+00 0.000000000000000000e+00 0.000000000000000000e+00 0.000000000000000000e+00
1.380000000000000000e+02 5.520118745278890238e-02 0.000000000000000000e+00 1.000000000000000000e+00 0.000000000000000000e+00 0.000000000000000000e+00 0.000000000000000000e+00
1.410000000000000000e+02 5.640121326697999926e-02 0.000000000000000000e+00 1.000000000000000000e+00 0.000000000000000000e+00 0.000000000000000000e+00 0.000000000000000000e+00
1.440000000000000000e+02 5.760123908117109615e-02 0.000000000000000000e+00 1.000000000000000000e+00 0.000000000000000000e+00 0.000000000000000000e+00 0.000000000000000000e+00
1.470000000000000000e+02 5.880126489536219303e-02 0.000000000000000000e+00 1.000000000000000000e+00 0.000000000000000000e+00 0.000000000000000000e+00 0.000000000000000000e+00
1.500000000000000000e+02 6.000129070955328991e-02 0.000000000000000000e+00 1.000000000000000000e+00 0.000000000000000000e+00 0.000000000000000000e+00 0.000000000000000000e+00
1.530000000000000000e+02 6.120131652374416475e-02 1.137915339098771066e-04 9.998862084660901095e-01 0.000000000000000000e+00 0.000000000000000000e+00 0.000000000000000000e+00
1.560000000000000000e+02 6.240134233793526164e-02 0.000000000000000000e+00 1.000000000000000000e+00 0.000000000000000000e+00 0.000000000000000000e+00 0.000000000000000000e+00
1.590000000000000000e+02 6.360136815212635852e-02 0.000000000000000000e+00 1.000000000000000000e+00 0.000000000000000000e+00 0.000000000000000000e+00 0.000000000000000000e+00
1.620000000000000000e+02 6.480139396631745541e-02 0.000000000000000000e+00 1.000000000000000000e+00 0.000000000000000000e+00 0.000000000000000000e+00 0.000000000000000000e+00
1.650000000000000000e+02 6.600141978050855229e-02 1.137915339098771066e-04 9.998862084660901095e-01 0.000000000000000000e+00 0.000000000000000000e+00 0.000000000000000000e+00
1.680000000000000000e+02 6.720144559469964918e-02 0.000000000000000000e+00 1.000000000000000000e+00 0.000000000000000000e+00 0.000000000000000000e+00 0.000000000000000000e+00
1.710000000000000000e+02 6.840147140889074606e-02 0.000000000000000000e+00 1.000000000000000000e+00 0.000000000000000000e+00 0.000000000000000000e+00 0.000000000000000000e+00
1.740000000000000000e+02 6.960149722308162090e-02 0.000000000000000000e+00 1.000000000000000000e+00 0.000000000000000000e+00 0.000000000000000000e+00 0.000000000000000000e+00
1.770000000000000000e+02 7.080152303727271779e-02 0.000000000000000000e+00 1.000000000000000000e+00 0.000000000000000000e+00 0.000000000000000000e+00 0.000000000000000000e+00
1.800000000000000000e+02 7.200154885146381467e-02 0.000000000000000000e+00 1.000000000000000000e+00 0.000000000000000000e+00 0.000000000000000000e+00 0.000000000000000000e+00
1.830000000000000000e+02 7.320157466565491156e-02 0.000000000000000000e+00 1.000000000000000000e+00 0.000000000000000000e+00 0.000000000000000000e+00 0.000000000000000000e+00
1.860000000000000000e+02 7.440160047984600844e-02 0.000000000000000000e+00 1.000000000000000000e+00 0.000000000000000000e+00 0.000000000000000000e+00 0.000000000000000000e+00
1.890000000000000000e+02 7.560162629403710532e-02 0.000000000000000000e+00 1.000000000000000000e+00 0.000000000000000000e+00 0.000000000000000000e+00 0.000000000000000000e+00
1.920000000000000000e+02 7.680165210822798016e-02 0.000000000000000000e+00 1.000000000000000000e+00 0.000000000000000000e+00 0.000000000000000000e+00 0.000000000000000000e+00
1.950000000000000000e+02 7.800167792241907705e-02 2.275830678197542133e-04 9.996586253982703285e-01 0.000000000000000000e+00 1.137915339098771066e-04 0.000000000000000000e+00
1.980000000000000000e+02 7.920170373661017393e-02 4.551661356395084266e-04 9.995448338643604380e-01 0.000000000000000000e+00 0.000000000000000000e+00 0.000000000000000000e+00
2.010000000000000000e+02 8.040172955080127082e-02 4.551661356395084266e-04 9.995448338643604380e-01 0.000000000000000000e+00 0.000000000000000000e+00 0.000000000000000000e+00
2.040000000000000000e+02 8.160175536499236770e-02 0.000000000000000000e+00 1.000000000000000000e+00 0.000000000000000000e+00 0.000000000000000000e+00 0.000000000000000000e+00
2.070000000000000000e+02 8.280178117918346459e-02 2.275830678197542133e-04 9.997724169321802190e-01 0.000000000000000000e+00 0.000000000000000000e+00 0.000000000000000000e+00
2.100000000000000000e+02 8.400180699337456147e-02 4.551661356395084266e-04 9.994310423304506585e-01 0.000000000000000000e+00 1.137915339098771066e-04 0.000000000000000000e+00
2.130000000000000000e+02 8.520183280756543631e-02 4.551661356395084266e-04 9.995448338643604380e-01 0.000000000000000000e+00 0.000000000000000000e+00 0.000000000000000000e+00
2.160000000000000000e+02 8.640185862175653320e-02 1.137915339098771066e-04 9.998862084660901095e-01 0.000000000000000000e+00 0.000000000000000000e+00 0.000000000000000000e+00
2.190000000000000000e+02 8.760188443594763008e-02 0.000000000000000000e+00 1.000000000000000000e+00 0.000000000000000000e+00 0.000000000000000000e+00 0.000000000000000000e+00
2.220000000000000000e+02 8.880191025013872697e-02 0.000000000000000000e+00 1.000000000000000000e+00 0.000000000000000000e+00 0.000000000000000000e+00 0.000000000000000000e+00
2.250000000000000000e+02 9.000193606432982385e-02 0.000000000000000000e+00 1.000000000000000000e+00 0.000000000000000000e+00 0.000000000000000000e+00 0.000000000000000000e+00
2.280000000000000000e+02 9.120196187852092073e-02 4.551661356395084266e-04 9.995448338643604380e-01 0.000000000000000000e+00 0.000000000000000000e+00 0.000000000000000000e+00
2.310000000000000000e+02 9.240198769271201762e-02 4.551661356395084266e-04 9.995448338643604380e-01 0.000000000000000000e+00 0.000000000000000000e+00 0.000000000000000000e+00
2.340000000000000000e+02 9.360201350690289246e-02 9.103322712790168532e-04 9.990896677287209870e-01 0.000000000000000000e+00 0.000000000000000000e+00 0.000000000000000000e+00
2.370000000000000000e+02 9.480203932109398934e-02 5.689576695493854790e-04 9.994310423304506585e-01 0.000000000000000000e+00 0.000000000000000000e+00 0.000000000000000000e+00
2.400000000000000000e+02 9.600206513528508623e-02 2.275830678197542133e-04 9.997724169321802190e-01 0.000000000000000000e+00 0.000000000000000000e+00 0.000000000000000000e+00
2.430000000000000000e+02 9.720209094947618311e-02 4.551661356395084266e-04 9.995448338643604380e-01 0.000000000000000000e+00 0.000000000000000000e+00 0.000000000000000000e+00
2.460000000000000000e+02 9.840211676366728000e-02 2.275830678197542133e-04 9.997724169321802190e-01 0.000000000000000000e+00 0.000000000000000000e+00 0.000000000000000000e+00
2.490000000000000000e+02 9.960214257785837688e-02 1.137915339098771066e-04 9.998862084660901095e-01 0.000000000000000000e+00 0.000000000000000000e+00 0.000000000000000000e+00
2.520000000000000000e+02 1.008021683920494738e-01 1.137915339098771066e-04 9.998862084660901095e-01 0.000000000000000000e+00 0.000000000000000000e+00 0.000000000000000000e+00
2.550000000000000000e+02 1.020021942062403486e-01 4.551661356395084266e-04 9.995448338643604380e-01 0.000000000000000000e+00 0.000000000000000000e+00 0.000000000000000000e+00
2.580000000000000000e+02 1.032022200204314455e-01 3.413746017296313199e-04 9.996586253982703285e-01 0.000000000000000000e+00 0.000000000000000000e+00 0.000000000000000000e+00
2.610000000000000000e+02 1.044022458346225424e-01 2.275830678197542133e-04 9.997724169321802190e-01 0.000000000000000000e+00 0.000000000000000000e+00 0.000000000000000000e+00
2.640000000000000000e+02 1.056022716488136393e-01 5.689576695493854790e-04 9.994310423304506585e-01 0.000000000000000000e+00 0.000000000000000000e+00 0.000000000000000000e+00
2.670000000000000000e+02 1.068022974630047361e-01 1.137915339098771066e-04 9.998862084660901095e-01 0.000000000000000000e+00 0.000000000000000000e+00 0.000000000000000000e+00
2.700000000000000000e+02 1.080023232771958330e-01 5.689576695493854790e-04 9.994310423304506585e-01 0.000000000000000000e+00 0.000000000000000000e+00 0.000000000000000000e+00
2.730000000000000000e+02 1.092023490913867079e-01 1.365498406918525280e-03 9.985207100591716456e-01 0.000000000000000000e+00 1.137915339098771066e-04 0.000000000000000000e+00
2.760000000000000000e+02 1.104023749055778048e-01 1.820664542558033706e-03 9.980655439235320836e-01 0.000000000000000000e+00 1.137915339098771066e-04 0.000000000000000000e+00
2.790000000000000000e+02 1.116024007197689016e-01 1.024123805188893906e-03 9.989758761948110966e-01 0.000000000000000000e+00 0.000000000000000000e+00 0.000000000000000000e+00
2.820000000000000000e+02 1.128024265339599985e-01 2.162039144287664864e-03 9.978379608557123026e-01 0.000000000000000000e+00 0.000000000000000000e+00 0.000000000000000000e+00
2.850000000000000000e+02 1.140024523481510954e-01 2.730996813837050560e-03 9.972690031861629611e-01 0.000000000000000000e+00 0.000000000000000000e+00 0.000000000000000000e+00
2.880000000000000000e+02 1.152024781623421923e-01 2.844788347746927612e-03 9.971552116522530707e-01 0.000000000000000000e+00 0.000000000000000000e+00 0.000000000000000000e+00
2.910000000000000000e+02 1.164025039765332892e-01 3.186162949476558769e-03 9.968138370505233992e-01 0.000000000000000000e+00 0.000000000000000000e+00 0.000000000000000000e+00
2.940000000000000000e+02 1.176025297907241640e-01 3.868912152935821518e-03 9.960172963131542767e-01 0.000000000000000000e+00 1.137915339098771066e-04 0.000000000000000000e+00
2.970000000000000000e+02 1.188025556049152609e-01 5.917159763313609329e-03 9.940828402366863603e-01 0.000000000000000000e+00 0.000000000000000000e+00 0.000000000000000000e+00
3.000000000000000000e+02 1.200025814191063578e-01 5.006827492034592909e-03 9.947655894401457033e-01 0.000000000000000000e+00 2.275830678197542133e-04 0.000000000000000000e+00
3.030000000000000000e+02 1.212026072332974547e-01 4.551661356395083832e-03 9.953345471096950448e-01 0.000000000000000000e+00 1.137915339098771066e-04 0.000000000000000000e+00
3.060000000000000000e+02 1.224026330474885516e-01 6.258534365043240920e-03 9.937414656349567998e-01 0.000000000000000000e+00 0.000000000000000000e+00 0.000000000000000000e+00
3.090000000000000000e+02 1.236026588616796484e-01 5.917159763313609329e-03 9.937414656349567998e-01 0.000000000000000000e+00 3.413746017296313199e-04 0.000000000000000000e+00
3.120000000000000000e+02 1.248026846758707453e-01 7.168866636322257339e-03 9.926035502958580059e-01 0.000000000000000000e+00 2.275830678197542133e-04 0.000000000000000000e+00
3.150000000000000000e+02 1.260027104900616202e-01 1.183431952662721866e-02 9.878243058716431602e-01 0.000000000000000000e+00 3.413746017296313199e-04 0.000000000000000000e+00
3.180000000000000000e+02 1.272027363042527170e-01 1.502048247610377786e-02 9.842967683204369989e-01 0.000000000000000000e+00 6.827492034592626399e-04 0.000000000000000000e+00
3.210000000000000000e+02 1.284027621184438139e-01 1.627218934911242587e-02 9.832726445152480954e-01 0.000000000000000000e+00 4.551661356395084266e-04 0.000000000000000000e+00
3.240000000000000000e+02 1.296027879326349108e-01 1.581702321347291593e-02 9.838416021847974369e-01 0.000000000000000000e+00 3.413746017296313199e-04 0.000000000000000000e+00
3.270000000000000000e+02 1.308028137468260077e-01 1.593081474738279601e-02 9.832726445152480954e-01 0.000000000000000000e+00 7.965407373691396923e-04 0.000000000000000000e+00
3.300000000000000000e+02 1.320028395610171046e-01 1.752389622212107562e-02 9.816795630405097395e-01 0.000000000000000000e+00 7.965407373691396923e-04 0.000000000000000000e+00
3.330000000000000000e+02 1.332028653752082015e-01 2.082385070550751144e-02 9.783796085571233592e-01 0.000000000000000000e+00 7.965407373691396923e-04 0.000000000000000000e+00
3.360000000000000000e+02 1.344028911893990763e-01 2.435138825671370050e-02 9.745106964041875264e-01 0.000000000000000000e+00 1.137915339098770958e-03 0.000000000000000000e+00
3.390000000000000000e+02 1.356029170035901732e-01 2.469276285844333035e-02 9.741693218024578549e-01 0.000000000000000000e+00 1.137915339098770958e-03 0.000000000000000000e+00
3.420000000000000000e+02 1.368029428177812701e-01 2.708238507055074976e-02 9.716659080564405970e-01 0.000000000000000000e+00 1.251706873008648227e-03 0.000000000000000000e+00
3.450000000000000000e+02 1.380029686319723670e-01 3.618570778334091742e-02 9.629039599453800280e-01 0.000000000000000000e+00 9.103322712790168532e-04 0.000000000000000000e+00
3.480000000000000000e+02 1.392029944461634638e-01 4.278561675011378906e-02 9.557350933090578149e-01 0.000000000000000000e+00 1.479289940828402332e-03 0.000000000000000000e+00
3.510000000000000000e+02 1.404030202603545607e-01 4.551661356395084179e-02 9.525489303595812141e-01 0.000000000000000000e+00 1.934456076467910759e-03 0.000000000000000000e+00
3.540000000000000000e+02 1.416030460745454356e-01 5.291306326809285671e-02 9.448111060537096595e-01 0.000000000000000000e+00 2.275830678197541916e-03 0.000000000000000000e+00
3.570000000000000000e+02 1.428030718887365325e-01 6.144742831133363781e-02 9.355939918070095285e-01 0.000000000000000000e+00 2.958579881656804664e-03 0.000000000000000000e+00
3.600000000000000000e+02 1.440030977029276293e-01 7.066454255803368556e-02 9.255803368229403860e-01 0.000000000000000000e+00 3.755120619025944465e-03 0.000000000000000000e+00
3.630000000000000000e+02 1.452031235171187262e-01 7.464724624487938109e-02 9.206873008648156498e-01 0.000000000000000000e+00 4.665452890304961318e-03 0.000000000000000000e+00
3.660000000000000000e+02 1.464031493313098231e-01 8.670914883932635819e-02 9.087391898042785909e-01 0.000000000000000000e+00 4.551661356395083832e-03 0.000000000000000000e+00
3.690000000000000000e+02 1.476031751455009200e-01 1.013882567137004975e-01 8.921256258534364658e-01 0.000000000000000000e+00 6.486117432862995025e-03 0.000000000000000000e+00
3.720000000000000000e+02 1.488032009596920169e-01 1.251706873008648080e-01 8.652708238507055283e-01 0.000000000000000000e+00 9.558488848429677609e-03 0.000000000000000000e+00
3.750000000000000000e+02 1.500032267738828917e-01 1.550978607191624836e-01 8.320436959490213891e-01 0.000000000000000000e+00 1.285844333181611343e-02 0.000000000000000000e+00
3.780000000000000000e+02 1.512032525880739886e-01 1.774010013654984119e-01 8.032544378698225351e-01 0.000000000000000000e+00 1.934456076467910846e-02 0.000000000000000000e+00
3.810000000000000000e+02 1.524032784022650855e-01 2.109695038689121394e-01 7.653618570778334407e-01 0.000000000000000000e+00 2.366863905325443732e-02 0.000000000000000000e+00
3.840000000000000000e+02 1.536033042164561824e-01 2.479517523896222209e-01 7.223486572598998290e-01 0.000000000000000000e+00 2.969959035047792587e-02 0.000000000000000000e+00
3.870000000000000000e+02 1.548033300306472793e-01 2.796995903504779224e-01 6.812699135184342447e-01 0.000000000000000000e+00 3.903049613108784677e-02 0.000000000000000000e+00
3.900000000000000000e+02 1.560033558448383761e-01 3.204369594902139462e-01 6.317705962676376519e-01 0.000000000000000000e+00 4.779244424214838111e-02 0.000000000000000000e+00
3.930000000000000000e+02 1.572033816590294730e-01 3.652708238507055283e-01 5.776058261265362148e-01 0.000000000000000000e+00 5.712335002275830548e-02 0.000000000000000000e+00
3.960000000000000000e+02 1.584034074732203479e-01 4.113563950842057393e-01 5.169549385525716856e-01 0.000000000000000000e+00 7.168866636322257513e-02 0.000000000000000000e+00
3.990000000000000000e+02 1.596034332874114448e-01 4.629039599453800835e-01 4.515248065543923661e-01 0.000000000000000000e+00 8.557123350022757813e-02 0.000000000000000000e+00
4.020000000000000000e+02 1.608034591016025416e-01 5.114929449248976079e-01 3.908739189804278369e-01 0.000000000000000000e+00 9.763313609467455523e-02 0.000000000000000000e+00
4.050000000000000000e+02 1.620034849157936385e-01 5.584888484296768318e-01 3.301092398725534727e-01 1.137915339098771066e-04 1.112881201638598050e-01 0.000000000000000000e+00
4.080000000000000000e+02 1.632035107299847354e-01 5.933090578060992160e-01 2.783340919435594030e-01 0.000000000000000000e+00 1.283568502503413811e-01 0.000000000000000000e+00
4.110000000000000000e+02 1.644035365441758323e-01 6.269913518434228061e-01 2.284934000910332219e-01 1.137915339098771066e-04 1.444014565316340537e-01 0.000000000000000000e+00
4.140000000000000000e+02 1.656035623583669292e-01 6.553254437869822091e-01 1.855939918070095562e-01 1.137915339098771066e-04 1.589667728720983164e-01 0.000000000000000000e+00
4.170000000000000000e+02 1.668035881725578040e-01 6.785389167045972059e-01 1.496358670914884059e-01 5.689576695493854790e-04 1.712562585343650468e-01 0.000000000000000000e+00
4.200000000000000000e+02 1.680036139867489009e-01 6.993627674101047242e-01 1.181156121984524299e-01 1.251706873008648227e-03 1.812699135184342170e-01 0.000000000000000000e+00
4.230000000000000000e+02 1.692036398009399978e-01 7.165452890304960798e-01 8.796085571233500100e-02 2.162039144287664864e-03 1.933318161128811941e-01 0.000000000000000000e+00
4.260000000000000000e+02 1.704036656151310947e-01 7.322485207100591920e-01 6.656804733727811341e-02 2.048247610377787811e-03 1.991351843422849432e-01 0.000000000000000000e+00
4.290000000000000000e+02 1.716036914293221916e-01 7.451069640418752638e-01 4.858898497951752438e-02 2.958579881656804664e-03 2.033454710969503920e-01 0.000000000000000000e+00
4.320000000000000000e+02 1.728037172435132884e-01 7.476103777878926326e-01 3.925807919890760000e-02 3.413746017296313308e-03 2.097177969959035104e-01 0.000000000000000000e+00
4.350000000000000000e+02 1.740037430577041633e-01 7.509103322712790130e-01 3.356850250341374825e-02 3.982703686845699004e-03 2.115384615384615363e-01 0.000000000000000000e+00
4.380000000000000000e+02 1.752037688718952602e-01 7.581929904415111166e-01 2.594446973145198010e-02 3.527537551206190360e-03 2.123350022758306865e-01 0.000000000000000000e+00
4.410000000000000000e+02 1.764037946860863570e-01 7.588757396449704595e-01 2.048247610377787811e-02 4.210286754665453109e-03 2.164314974965862448e-01 0.000000000000000000e+00
4.440000000000000000e+02 1.776038205002774539e-01 7.637687756030950847e-01 1.900318616294947513e-02 5.234410559854347014e-03 2.119936276741010428e-01 0.000000000000000000e+00
4.470000000000000000e+02 1.788038463144685508e-01 7.655894401456531106e-01 1.752389622212107562e-02 6.599908966772872511e-03 2.102867546654528796e-01 0.000000000000000000e+00
4.500000000000000000e+02 1.800038721286596477e-01 7.677514792899408080e-01 1.672735548475193582e-02 7.168866636322257339e-03 2.083522985889849910e-01 0.000000000000000000e+00
4.530000000000000000e+02 1.812038979428507446e-01 7.650204824761037692e-01 1.797906235776058209e-02 8.534365043240782836e-03 2.084660901228948537e-01 0.000000000000000000e+00
4.560000000000000000e+02 1.824039237570416194e-01 7.672963131543013571e-01 1.661356395084205573e-02 1.103777878925807886e-02 2.050523441055985552e-01 0.000000000000000000e+00
4.590000000000000000e+02 1.836039495712327163e-01 7.671825216203914666e-01 1.524806554392353283e-02 1.092398725534820224e-02 2.066454255803368278e-01 0.000000000000000000e+00
4.620000000000000000e+02 1.848039753854238132e-01 7.650204824761037692e-01 1.547564861174328607e-02 1.228948566226672687e-02 2.072143832498861971e-01 0.000000000000000000e+00
4.650000000000000000e+02 1.860040011996149101e-01 7.633136094674556338e-01 1.547564861174328607e-02 1.399635867091488309e-02 2.072143832498861971e-01 0.000000000000000000e+00
4.680000000000000000e+02 1.872040270138060070e-01 7.564861174328629811e-01 1.809285389167045871e-02 1.593081474738279601e-02 2.094902139280837572e-01 0.000000000000000000e+00
4.710000000000000000e+02 1.884040528279971038e-01 7.536413290851160518e-01 2.036868456986800149e-02 1.604460628129267263e-02 2.099453800637232637e-01 0.000000000000000000e+00
4.740000000000000000e+02 1.896040786421882007e-01 7.555757851615839682e-01 2.025489303595812488e-02 1.752389622212107562e-02 2.066454255803368278e-01 0.000000000000000000e+00
4.770000000000000000e+02 1.908041044563790756e-01 7.572826581702321036e-01 2.071005917159763482e-02 1.911697769685935522e-02 2.028903049613108855e-01 0.000000000000000000e+00
4.800000000000000000e+02 1.920041302705701725e-01 7.603550295857988139e-01 2.105143377332726468e-02 1.968593536640873831e-02 1.989076012744651900e-01 0.000000000000000000e+00
4.830000000000000000e+02 1.932041560847612693e-01 7.509103322712790130e-01 2.344105598543468408e-02 2.332726445152480746e-02 2.023213472917614886e-01 0.000000000000000000e+00
4.860000000000000000e+02 1.944041818989523662e-01 7.480655439235320836e-01 2.298588984979517413e-02 2.583067819754210348e-02 2.031178880291306388e-01 0.000000000000000000e+00
4.890000000000000000e+02 1.956042077131434631e-01 7.545516613563950648e-01 2.264451524806554428e-02 2.787892580791988956e-02 1.949248975876194945e-01 0.000000000000000000e+00
4.920000000000000000e+02 1.968042335273345600e-01 7.521620391442876974e-01 2.321347291761493084e-02 3.129267182521620200e-02 1.933318161128811941e-01 0.000000000000000000e+00
4.950000000000000000e+02 1.980042593415254348e-01 7.583067819754210070e-01 2.355484751934456070e-02 3.208921256258534527e-02 1.860491579426490627e-01 0.000000000000000000e+00
4.980000000000000000e+02 1.992042851557165317e-01 7.621756941283568398e-01 2.469276285844333035e-02 3.368229403732362487e-02 1.794492489758761911e-01 0.000000000000000000e+00
5.010000000000000000e+02 2.004043109699076286e-01 7.600136549840691425e-01 2.480655439235321044e-02 3.595812471552116418e-02 1.792216659080564378e-01 0.000000000000000000e+00
5.040000000000000000e+02 2.016043367840987255e-01 7.583067819754210070e-01 2.685480200273099652e-02 3.538916704597178109e-02 1.794492489758761911e-01 0.000000000000000000e+00
5.070000000000000000e+02 2.028043625982898224e-01 7.593309057806099105e-01 2.947200728265816916e-02 3.652708238507055422e-02 1.746700045516613453e-01 0.000000000000000000e+00
5.100000000000000000e+02 2.040043884124809193e-01 7.677514792899408080e-01 2.901684114701866268e-02 3.743741465634956717e-02 1.657942649066909413e-01 0.000000000000000000e+00
5.130000000000000000e+02 2.052044142266720161e-01 7.768548020027310486e-01 2.833409194355939950e-02 3.982703686845699004e-02 1.549840691852526209e-01 0.000000000000000000e+00
5.160000000000000000e+02 2.064044400408628910e-01 7.828857532999544677e-01 2.947200728265816916e-02 4.176149294492489950e-02 1.458807464724624359e-01 0.000000000000000000e+00
5.190000000000000000e+02 2.076044658550539879e-01 7.857305416477013971e-01 3.197542102867546865e-02 4.198907601274465273e-02 1.403049613108784677e-01 0.000000000000000000e+00
5.220000000000000000e+02 2.088044916692450848e-01 7.914201183431952558e-01 3.220300409649522189e-02 4.380974055530268557e-02 1.325671370050068298e-01 0.000000000000000000e+00
5.250000000000000000e+02 2.100045174834361816e-01 8.001820664542558248e-01 3.277196176604460498e-02 4.483386436049158208e-02 1.222121074192080159e-01 0.000000000000000000e+00
5.280000000000000000e+02 2.112045432976272785e-01 8.034820209376422051e-01 3.379608557123350149e-02 4.597177969959034827e-02 1.167501137915339104e-01 0.000000000000000000e+00
5.310000000000000000e+02 2.124045691118183754e-01 8.048475193445607800e-01 3.538916704597178109e-02 4.756486117432862787e-02 1.121984524351388318e-01 0.000000000000000000e+00
5.340000000000000000e+02 2.136045949260094723e-01 8.087164314974966128e-01 3.470641784251251444e-02 4.904415111515703085e-02 1.075329995448338627e-01 0.000000000000000000e+00
5.370000000000000000e+02 2.148046207402003471e-01 8.088302230314065033e-01 3.675466545289030745e-02 5.063723258989531045e-02 1.037778789258079204e-01 0.000000000000000000e+00
5.400000000000000000e+02 2.160046465543914440e-01 8.111060537096039802e-01 3.812016385980882688e-02 5.154756486117433034e-02 9.922621756941284177e-02 0.000000000000000000e+00
5.430000000000000000e+02 2.172046723685825409e-01 8.139508420573509095e-01 3.937187073281747662e-02 5.143377332726445372e-02 9.524351388256713236e-02 0.000000000000000000e+00
5.460000000000000000e+02 2.184046981827736378e-01 8.175921711424669613e-01 4.073736913973600299e-02 5.075102412380518707e-02 9.091943559399180697e-02 0.000000000000000000e+00
5.490000000000000000e+02 2.196047239969647347e-01 8.233955393718707105e-01 4.107874374146563284e-02 5.223031406463359005e-02 8.329540282203004575e-02 0.000000000000000000e+00
5.520000000000000000e+02 2.208047498111558316e-01 8.220300409649522466e-01 4.324078288575330248e-02 5.131998179335457710e-02 8.340919435593992237e-02 0.000000000000000000e+00
5.550000000000000000e+02 2.220047756253469284e-01 8.197542102867546587e-01 4.244424214838415921e-02 5.359581247155211642e-02 8.420573509330905870e-02 0.000000000000000000e+00
5.580000000000000000e+02 2.232048014395378033e-01 8.182749203459263043e-01 4.187528447883477611e-02 5.598543468365953235e-02 8.386436049157942885e-02 0.000000000000000000e+00
5.610000000000000000e+02 2.244048272537289002e-01 8.195266272189348777e-01 4.267182521620391245e-02 5.939918070095585173e-02 7.840236686390532339e-02 0.000000000000000000e+00
5.640000000000000000e+02 2.256048530679199970e-01 8.224852071005916976e-01 4.233045061447428259e-02 5.723714155666818210e-02 7.794720072826581692e-02 0.000000000000000000e+00
5.670000000000000000e+02 2.268048788821110939e-01 8.256713700500682984e-01 4.221665908056440597e-02 5.666818388711879900e-02 7.544378698224851743e-02 0.000000000000000000e+00
5.700000000000000000e+02 2.280049046963021908e-01 8.230541647701411501e-01 4.437869822485206867e-02 5.700955848884842886e-02 7.555757851615839404e-02 0.000000000000000000e+00
5.730000000000000000e+02 2.292049305104932877e-01 8.216886663632225751e-01 4.563040509786071841e-02 5.609922621756941591e-02 7.658170232134729749e-02 0.000000000000000000e+00
5.760000000000000000e+02 2.304049563246841625e-01 8.211197086936732337e-01 4.631315430131998506e-02 5.723714155666818210e-02 7.532999544833864081e-02 0.000000000000000000e+00
5.790000000000000000e+02 2.316049821388752594e-01 8.221438324988621371e-01 4.984069185252617412e-02 5.837505689576695522e-02 6.964041875284478211e-02 0.000000000000000000e+00
5.820000000000000000e+02 2.328050079530663563e-01 8.220300409649522466e-01 5.040964952207555722e-02 5.974055530268548159e-02 6.781975421028675621e-02 0.000000000000000000e+00
5.850000000000000000e+02 2.340050337672574532e-01 8.238507055075102725e-01 4.972690031861629750e-02 6.201638598088302090e-02 6.440600819299044377e-02 0.000000000000000000e+00
5.880000000000000000e+02 2.352050595814485501e-01 8.206645425580336717e-01 5.006827492034592736e-02 6.486117432862995025e-02 6.440600819299044377e-02 0.000000000000000000e+00
5.910000000000000000e+02 2.364050853956396470e-01 8.205507510241237812e-01 5.063723258989531045e-02 6.690942193900774326e-02 6.190259444697314428e-02 0.000000000000000000e+00
5.940000000000000000e+02 2.376051112098307438e-01 8.213472917614929036e-01 4.915794264906690747e-02 6.770596267637687959e-02 6.178880291306326766e-02 0.000000000000000000e+00
5.970000000000000000e+02 2.388051370240216187e-01 8.277196176604461053e-01 5.063723258989531045e-02 6.622667273554846967e-02 5.541647701411014926e-02 0.000000000000000000e+00
6.000000000000000000e+02 2.400051628382127156e-01 8.258989531178880794e-01 5.063723258989531045e-02 6.827492034592626269e-02 5.518889394629039602e-02 0.000000000000000000e+00
6.030000000000000000e+02 2.412051886524038125e-01 8.266954938552572019e-01 4.949931725079653733e-02 6.770596267637687959e-02 5.609922621756941591e-02 0.000000000000000000e+00
6.060000000000000000e+02 2.424052144665949093e-01 8.276058261265362148e-01 4.915794264906690747e-02 6.929904415111515226e-02 5.393718707328174627e-02 0.000000000000000000e+00
6.090000000000000000e+02 2.436052402807860062e-01 8.273782430587164338e-01 4.870277651342740100e-02 7.032316795630405570e-02 5.359581247155211642e-02 0.000000000000000000e+00
6.120000000000000000e+02 2.448052660949771031e-01 8.243058716431497235e-01 5.291306326809285671e-02 6.941283568502502888e-02 5.336822940373236318e-02 0.000000000000000000e+00
6.150000000000000000e+02 2.460052919091682000e-01 8.269230769230768718e-01 5.393718707328174627e-02 6.895766954938552240e-02 5.018206645425580398e-02 0.000000000000000000e+00
6.180000000000000000e+02 2.472053177233590748e-01 8.254437869822485174e-01 5.700955848884842886e-02 6.861629494765589254e-02 4.893035958124715423e-02 0.000000000000000000e+00
6.210000000000000000e+02 2.484053435375501717e-01 8.224852071005916976e-01 5.791989076012744875e-02 6.861629494765589254e-02 5.097860719162494031e-02 0.000000000000000000e+00
6.240000000000000000e+02 2.496053693517412686e-01 8.237369139736003820e-01 5.939918070095585173e-02 6.850250341374601593e-02 4.836140191169777114e-02 0.000000000000000000e+00
6.270000000000000000e+02 2.508053951659323655e-01 8.181611288120164138e-01 6.019572143832498806e-02 7.191624943104232837e-02 4.972690031861629750e-02 0.000000000000000000e+00
6.300000000000000000e+02 2.520054209801234624e-01 8.175921711424669613e-01 5.883022303140646170e-02 7.316795630405098505e-02 5.040964952207555722e-02 0.000000000000000000e+00
6.330000000000000000e+02 2.532054467943145593e-01 8.205507510241237812e-01 5.769230769230769551e-02 7.237141556668183484e-02 4.938552571688666071e-02 0.000000000000000000e+00
6.360000000000000000e+02 2.544054726085056561e-01 8.179335457441966328e-01 5.974055530268548159e-02 7.157487482931269851e-02 5.075102412380518707e-02 0.000000000000000000e+00
6.390000000000000000e+02 2.556054984226965310e-01 8.153163404642694845e-01 6.190259444697314428e-02 7.180245789713245175e-02 5.097860719162494031e-02 0.000000000000000000e+00
6.420000000000000000e+02 2.568055242368876279e-01 8.159990896677287164e-01 6.087847064178425471e-02 7.294037323623121793e-02 5.006827492034592736e-02 1.137915339098771066e-04
6.450000000000000000e+02 2.580055500510787247e-01 8.134956759217114586e-01 6.258534365043240399e-02 7.407828857532999800e-02 4.972690031861629750e-02 1.137915339098771066e-04
6.480000000000000000e+02 2.592055758652698216e-01 8.105370960400546387e-01 6.360946745562130744e-02 7.658170232134729749e-02 4.927173418297678409e-02 0.000000000000000000e+00
6.510000000000000000e+02 2.604056016794609185e-01 8.154301319981793750e-01 6.372325898953118406e-02 7.237141556668183484e-02 4.847519344560764776e-02 0.000000000000000000e+00
6.540000000000000000e+02 2.616056274936520154e-01 8.105370960400546387e-01 6.668183887118799003e-02 7.316795630405098505e-02 4.961310878470642088e-02 0.000000000000000000e+00
6.570000000000000000e+02 2.628056533078428902e-01 8.111060537096039802e-01 6.577150659990896320e-02 7.407828857532999800e-02 4.904415111515703085e-02 0.000000000000000000e+00
6.600000000000000000e+02 2.640056791220339871e-01 8.126991351843423361e-01 6.577150659990896320e-02 7.282658170232134132e-02 4.870277651342740100e-02 0.000000000000000000e+00
6.630000000000000000e+02 2.652057049362250840e-01 8.157715065999089354e-01 6.543013199817933334e-02 7.339553937187073829e-02 4.540282203004096517e-02 0.000000000000000000e+00
6.660000000000000000e+02 2.664057307504161809e-01 8.165680473372780579e-01 6.634046426945834629e-02 7.305416477014110843e-02 4.403732362312243881e-02 0.000000000000000000e+00
6.690000000000000000e+02 2.676057565646072778e-01 8.158852981338188259e-01 6.656804733727811341e-02 7.396449704142012138e-02 4.358215748748293233e-02 0.000000000000000000e+00
6.720000000000000000e+02 2.688057823787983747e-01 8.169094219390077294e-01 6.543013199817933334e-02 7.476103777878925771e-02 4.289940828402366568e-02 0.000000000000000000e+00
6.750000000000000000e+02 2.700058081929894716e-01 8.144060081929904715e-01 6.668183887118799003e-02 7.532999544833864081e-02 4.358215748748293233e-02 0.000000000000000000e+00
6.780000000000000000e+02 2.712058340071803464e-01 8.104233045061447482e-01 6.747837960855712636e-02 7.646791078743742087e-02 4.563040509786071841e-02 0.000000000000000000e+00
6.810000000000000000e+02 2.724058598213714433e-01 8.111060537096039802e-01 6.747837960855712636e-02 7.669549385525717411e-02 4.472007282658170546e-02 0.000000000000000000e+00
