# itime ezz other fcc hcp bcc ico
0.000000000000000000e+00 0.000000000000000000e+00 0.000000000000000000e+00 1.000000000000000000e+00 0.000000000000000000e+00 0.000000000000000000e+00 0.000000000000000000e+00
2.500000000000000000e+01 9.999794700683573012e-04 0.000000000000000000e+00 1.000000000000000000e+00 0.000000000000000000e+00 0.000000000000000000e+00 0.000000000000000000e+00
5.000000000000000000e+01 1.999958940136714602e-03 0.000000000000000000e+00 1.000000000000000000e+00 0.000000000000000000e+00 0.000000000000000000e+00 0.000000000000000000e+00
7.500000000000000000e+01 2.999938410205293948e-03 0.000000000000000000e+00 1.000000000000000000e+00 0.000000000000000000e+00 0.000000000000000000e+00 0.000000000000000000e+00
1.000000000000000000e+02 3.999917880273651249e-03 0.000000000000000000e+00 1.000000000000000000e+00 0.000000000000000000e+00 0.000000000000000000e+00 0.000000000000000000e+00
1.250000000000000000e+02 4.999897350342008551e-03 0.000000000000000000e+00 1.000000000000000000e+00 0.000000000000000000e+00 0.000000000000000000e+00 0.000000000000000000e+00
1.500000000000000000e+02 5.999876820410365852e-03 0.000000000000000000e+00 1.000000000000000000e+00 0.000000000000000000e+00 0.000000000000000000e+00 0.000000000000000000e+00
1.750000000000000000e+02 6.999856290478945198e-03 0.000000000000000000e+00 1.000000000000000000e+00 0.000000000000000000e+00 0.000000000000000000e+00 0.000000000000000000e+00
2.000000000000000000e+02 7.999835760547302499e-03 0.000000000000000000e+00 1.000000000000000000e+00 0.000000000000000000e+00 0.000000000000000000e+00 0.000000000000000000e+00
2.250000000000000000e+02 8.999815230615659800e-03 0.000000000000000000e+00 1.000000000000000000e+00 0.000000000000000000e+00 0.000000000000000000e+00 0.000000000000000000e+00
2.500000000000000000e+02 9.999794700684017101e-03 0.000000000000000000e+00 1.000000000000000000e+00 0.000000000000000000e+00 0.000000000000000000e+00 0.000000000000000000e+00
2.750000000000000000e+02 1.099977417075259645e-02 0.000000000000000000e+00 1.000000000000000000e+00 0.000000000000000000e+00 0.000000000000000000e+00 0.000000000000000000e+00
3.000000000000000000e+02 1.199975364082095375e-02 0.000000000000000000e+00 1.000000000000000000e+00 0.000000000000000000e+00 0.000000000000000000e+00 0.000000000000000000e+00
3.250000000000000000e+02 1.299973311088931105e-02 0.000000000000000000e+00 1.000000000000000000e+00 0.000000000000000000e+00 0.000000000000000000e+00 0.000000000000000000e+00
3.500000000000000000e+02 1.399971258095766835e-02 0.000000000000000000e+00 1.000000000000000000e+00 0.000000000000000000e+00 0.000000000000000000e+00 0.000000000000000000e+00
3.750000000000000000e+02 1.499969205102602565e-02 0.000000000000000000e+00 1.000000000000000000e+00 0.000000000000000000e+00 0.000000000000000000e+00 0.000000000000000000e+00
4.000000000000000000e+02 1.599967152109460500e-02 0.000000000000000000e+00 1.000000000000000000e+00 0.000000000000000000e+00 0.000000000000000000e+00 0.000000000000000000e+00
4.250000000000000000e+02 1.699965099116296230e-02 0.000000000000000000e+00 1.000000000000000000e+00 0.000000000000000000e+00 0.000000000000000000e+00 0.000000000000000000e+00
4.500000000000000000e+02 1.799963046123131960e-02 0.000000000000000000e+00 1.000000000000000000e+00 0.000000000000000000e+00 0.000000000000000000e+00 0.000000000000000000e+00
4.750000000000000000e+02 1.899960993129967690e-02 0.000000000000000000e+00 1.000000000000000000e+00 0.000000000000000000e+00 0.000000000000000000e+00 0.000000000000000000e+00
5.000000000000000000e+02 1.999958940136825625e-02 0.000000000000000000e+00 1.000000000000000000e+00 0.000000000000000000e+00 0.000000000000000000e+00 0.000000000000000000e+00
5.250000000000000000e+02 2.099956887143661355e-02 0.000000000000000000e+00 1.000000000000000000e+00 0.000000000000000000e+00 0.000000000000000000e+00 0.000000000000000000e+00
5.500000000000000000e+02 2.199954834150497085e-02 0.000000000000000000e+00 1.000000000000000000e+00 0.000000000000000000e+00 0.000000000000000000e+00 0.000000000000000000e+00
5.750000000000000000e+02 2.299952781157332815e-02 0.000000000000000000e+00 1.000000000000000000e+00 0.000000000000000000e+00 0.000000000000000000e+00 0.000000000000000000e+00
6.000000000000000000e+02 2.399950728164190750e-02 0.000000000000000000e+00 1.000000000000000000e+00 0.000000000000000000e+00 0.000000000000000000e+00 0.000000000000000000e+00
6.250000000000000000e+02 2.499948675171026480e-02 0.000000000000000000e+00 1.000000000000000000e+00 0.000000000000000000e+00 0.000000000000000000e+00 0.000000000000000000e+00
6.500000000000000000e+02 2.599946622177862210e-02 0.000000000000000000e+00 1.000000000000000000e+00 0.000000000000000000e+00 0.000000000000000000e+00 0.000000000000000000e+00
6.750000000000000000e+02 2.699944569184697940e-02 0.000000000000000000e+00 1.000000000000000000e+00 0.000000000000000000e+00 0.000000000000000000e+00 0.000000000000000000e+00
7.000000000000000000e+02 2.799942516191555875e-02 0.000000000000000000e+00 1.000000000000000000e+00 0.000000000000000000e+00 0.000000000000000000e+00 0.000000000000000000e+00
7.250000000000000000e+02 2.899940463198391605e-02 0.000000000000000000e+00 1.000000000000000000e+00 0.000000000000000000e+00 0.000000000000000000e+00 0.000000000000000000e+00
7.500000000000000000e+02 2.999938410205227335e-02 0.000000000000000000e+00 1.000000000000000000e+00 0.000000000000000000e+00 0.000000000000000000e+00 0.000000000000000000e+00
7.750000000000000000e+02 3.099936357212063065e-02 0.000000000000000000e+00 1.000000000000000000e+00 0.000000000000000000e+00 0.000000000000000000e+00 0.000000000000000000e+00
8.000000000000000000e+02 3.199934304218898795e-02 0.000000000000000000e+00 1.000000000000000000e+00 0.000000000000000000e+00 0.000000000000000000e+00 0.000000000000000000e+00
8.250000000000000000e+02 3.299932251225756730e-02 0.000000000000000000e+00 1.000000000000000000e+00 0.000000000000000000e+00 0.000000000000000000e+00 0.000000000000000000e+00
8.500000000000000000e+02 3.399930198232592460e-02 0.000000000000000000e+00 1.000000000000000000e+00 0.000000000000000000e+00 0.000000000000000000e+00 0.000000000000000000e+00
8.750000000000000000e+02 3.499928145239428190e-02 0.000000000000000000e+00 1.000000000000000000e+00 0.000000000000000000e+00 0.000000000000000000e+00 0.000000000000000000e+00
9.000000000000000000e+02 3.599926092246263920e-02 0.000000000000000000e+00 1.000000000000000000e+00 0.000000000000000000e+00 0.000000000000000000e+00 0.000000000000000000e+00
9.250000000000000000e+02 3.699924039253121855e-02 0.000000000000000000e+00 1.000000000000000000e+00 0.000000000000000000e+00 0.000000000000000000e+00 0.000000000000000000e+00
9.500000000000000000e+02 3.799921986259957585e-02 0.000000000000000000e+00 1.000000000000000000e+00 0.000000000000000000e+00 0.000000000000000000e+00 0.000000000000000000e+00
9.750000000000000000e+02 3.899919933266793315e-02 0.000000000000000000e+00 1.000000000000000000e+00 0.000000000000000000e+00 0.000000000000000000e+00 0.000000000000000000e+00
1.000000000000000000e+03 3.999917880273629045e-02 0.000000000000000000e+00 1.000000000000000000e+00 0.000000000000000000e+00 0.000000000000000000e+00 0.000000000000000000e+00
1.025000000000000000e+03 4.099915827280486980e-02 0.000000000000000000e+00 1.000000000000000000e+00 0.000000000000000000e+00 0.000000000000000000e+00 0.000000000000000000e+00
1.050000000000000000e+03 4.199913774287322710e-02 0.000000000000000000e+00 1.000000000000000000e+00 0.000000000000000000e+00 0.000000000000000000e+00 0.000000000000000000e+00
1.075000000000000000e+03 4.299911721294158440e-02 0.000000000000000000e+00 1.000000000000000000e+00 0.000000000000000000e+00 0.000000000000000000e+00 0.000000000000000000e+00
1.100000000000000000e+03 4.399909668300994170e-02 0.000000000000000000e+00 1.000000000000000000e+00 0.000000000000000000e+00 0.000000000000000000e+00 0.000000000000000000e+00
1.125000000000000000e+03 4.499907615307829900e-02 0.000000000000000000e+00 1.000000000000000000e+00 0.000000000000000000e+00 0.000000000000000000e+00 0.000000000000000000e+00
1.150000000000000000e+03 4.599905562314687835e-02 0.000000000000000000e+00 1.000000000000000000e+00 0.000000000000000000e+00 0.000000000000000000e+00 0.000000000000000000e+00
1.175000000000000000e+03 4.699903509321523565e-02 0.000000000000000000e+00 1.000000000000000000e+00 0.000000000000000000e+00 0.000000000000000000e+00 0.000000000000000000e+00
1.200000000000000000e+03 4.799901456328359295e-02 0.000000000000000000e+00 1.000000000000000000e+00 0.000000000000000000e+00 0.000000000000000000e+00 0.000000000000000000e+00
1.225000000000000000e+03 4.899899403335195025e-02 0.000000000000000000e+00 1.000000000000000000e+00 0.000000000000000000e+00 0.000000000000000000e+00 0.000000000000000000e+00
1.250000000000000000e+03 4.999897350342052960e-02 0.000000000000000000e+00 1.000000000000000000e+00 0.000000000000000000e+00 0.000000000000000000e+00 0.000000000000000000e+00
1.275000000000000000e+03 5.099895297348888690e-02 0.000000000000000000e+00 1.000000000000000000e+00 0.000000000000000000e+00 0.000000000000000000e+00 0.000000000000000000e+00
1.300000000000000000e+03 5.199893244355724420e-02 0.000000000000000000e+00 1.000000000000000000e+00 0.000000000000000000e+00 0.000000000000000000e+00 0.000000000000000000e+00
1.325000000000000000e+03 5.299891191362560150e-02 0.000000000000000000e+00 1.000000000000000000e+00 0.000000000000000000e+00 0.000000000000000000e+00 0.000000000000000000e+00
1.350000000000000000e+03 5.399889138369418085e-02 0.000000000000000000e+00 1.000000000000000000e+00 0.000000000000000000e+00 0.000000000000000000e+00 0.000000000000000000e+00
1.375000000000000000e+03 5.499887085376253815e-02 0.000000000000000000e+00 1.000000000000000000e+00 0.000000000000000000e+00 0.000000000000000000e+00 0.000000000000000000e+00
1.400000000000000000e+03 5.599885032383089545e-02 0.000000000000000000e+00 1.000000000000000000e+00 0.000000000000000000e+00 0.000000000000000000e+00 0.000000000000000000e+00
1.425000000000000000e+03 5.699882979389925275e-02 2.275830678197542133e-04 9.997724169321802190e-01 0.000000000000000000e+00 0.000000000000000000e+00 0.000000000000000000e+00
1.450000000000000000e+03 5.799880926396761005e-02 0.000000000000000000e+00 1.000000000000000000e+00 0.000000000000000000e+00 0.000000000000000000e+00 0.000000000000000000e+00
1.475000000000000000e+03 5.899878873403618940e-02 0.000000000000000000e+00 1.000000000000000000e+00 0.000000000000000000e+00 0.000000000000000000e+00 0.000000000000000000e+00
1.500000000000000000e+03 5.999876820410454670e-02 0.000000000000000000e+00 1.000000000000000000e+00 0.000000000000000000e+00 0.000000000000000000e+00 0.000000000000000000e+00
1.525000000000000000e+03 6.099874767417290400e-02 0.000000000000000000e+00 1.000000000000000000e+00 0.000000000000000000e+00 0.000000000000000000e+00 0.000000000000000000e+00
1.550000000000000000e+03 6.199872714424126130e-02 0.000000000000000000e+00 1.000000000000000000e+00 0.000000000000000000e+00 0.000000000000000000e+00 0.000000000000000000e+00
1.575000000000000000e+03 6.299870661430984065e-02 0.000000000000000000e+00 1.000000000000000000e+00 0.000000000000000000e+00 0.000000000000000000e+00 0.000000000000000000e+00
1.600000000000000000e+03 6.399868608437819795e-02 0.000000000000000000e+00 1.000000000000000000e+00 0.000000000000000000e+00 0.000000000000000000e+00 0.000000000000000000e+00
1.625000000000000000e+03 6.499866555444655525e-02 4.551661356395084266e-04 9.995448338643604380e-01 0.000000000000000000e+00 0.000000000000000000e+00 0.000000000000000000e+00
1.650000000000000000e+03 6.599864502451491255e-02 0.000000000000000000e+00 1.000000000000000000e+00 0.000000000000000000e+00 0.000000000000000000e+00 0.000000000000000000e+00
1.675000000000000000e+03 6.699862449458349190e-02 0.000000000000000000e+00 1.000000000000000000e+00 0.000000000000000000e+00 0.000000000000000000e+00 0.000000000000000000e+00
1.700000000000000000e+03 6.799860396465184920e-02 0.000000000000000000e+00 1.000000000000000000e+00 0.000000000000000000e+00 0.000000000000000000e+00 0.000000000000000000e+00
1.725000000000000000e+03 6.899858343472020650e-02 4.551661356395084266e-04 9.995448338643604380e-01 0.000000000000000000e+00 0.000000000000000000e+00 0.000000000000000000e+00
1.750000000000000000e+03 6.999856290478856380e-02 0.000000000000000000e+00 1.000000000000000000e+00 0.000000000000000000e+00 0.000000000000000000e+00 0.000000000000000000e+00
1.775000000000000000e+03 7.099854237485714314e-02 0.000000000000000000e+00 1.000000000000000000e+00 0.000000000000000000e+00 0.000000000000000000e+00 0.000000000000000000e+00
1.800000000000000000e+03 7.199852184492550045e-02 1.137915339098771066e-04 9.998862084660901095e-01 0.000000000000000000e+00 0.000000000000000000e+00 0.000000000000000000e+00
1.825000000000000000e+03 7.299850131499385775e-02 0.000000000000000000e+00 1.000000000000000000e+00 0.000000000000000000e+00 0.000000000000000000e+00 0.000000000000000000e+00
1.850000000000000000e+03 7.399848078506221505e-02 0.000000000000000000e+00 1.000000000000000000e+00 0.000000000000000000e+00 0.000000000000000000e+00 0.000000000000000000e+00
1.875000000000000000e+03 7.499846025513057235e-02 0.000000000000000000e+00 1.000000000000000000e+00 0.000000000000000000e+00 0.000000000000000000e+00 0.000000000000000000e+00
1.900000000000000000e+03 7.599843972519915170e-02 0.000000000000000000e+00 1.000000000000000000e+00 0.000000000000000000e+00 0.000000000000000000e+00 0.000000000000000000e+00
1.925000000000000000e+03 7.699841919526750900e-02 0.000000000000000000e+00 1.000000000000000000e+00 0.000000000000000000e+00 0.000000000000000000e+00 0.000000000000000000e+00
1.950000000000000000e+03 7.799839866533586630e-02 0.000000000000000000e+00 1.000000000000000000e+00 0.000000000000000000e+00 0.000000000000000000e+00 0.000000000000000000e+00
1.975000000000000000e+03 7.899837813540422360e-02 0.000000000000000000e+00 1.000000000000000000e+00 0.000000000000000000e+00 0.000000000000000000e+00 0.000000000000000000e+00
2.000000000000000000e+03 7.999835760547280294e-02 9.103322712790168532e-04 9.990896677287209870e-01 0.000000000000000000e+00 0.000000000000000000e+00 0.000000000000000000e+00
2.025000000000000000e+03 8.099833707554116025e-02 2.275830678197542133e-04 9.997724169321802190e-01 0.000000000000000000e+00 0.000000000000000000e+00 0.000000000000000000e+00
2.050000000000000000e+03 8.199831654560951755e-02 2.275830678197542133e-04 9.997724169321802190e-01 0.000000000000000000e+00 0.000000000000000000e+00 0.000000000000000000e+00
2.075000000000000000e+03 8.299829601567787485e-02 3.413746017296313199e-04 9.996586253982703285e-01 0.000000000000000000e+00 0.000000000000000000e+00 0.000000000000000000e+00
2.100000000000000000e+03 8.399827548574645419e-02 0.000000000000000000e+00 1.000000000000000000e+00 0.000000000000000000e+00 0.000000000000000000e+00 0.000000000000000000e+00
2.125000000000000000e+03 8.499825495581481150e-02 5.689576695493854790e-04 9.994310423304506585e-01 0.000000000000000000e+00 0.000000000000000000e+00 0.000000000000000000e+00
2.150000000000000000e+03 8.599823442588316880e-02 5.689576695493854790e-04 9.994310423304506585e-01 0.000000000000000000e+00 0.000000000000000000e+00 0.000000000000000000e+00
2.175000000000000000e+03 8.699821389595152610e-02 6.827492034592626399e-04 9.993172507965407680e-01 0.000000000000000000e+00 0.000000000000000000e+00 0.000000000000000000e+00
2.200000000000000000e+03 8.799819336601988340e-02 3.413746017296313199e-04 9.996586253982703285e-01 0.000000000000000000e+00 0.000000000000000000e+00 0.000000000000000000e+00
2.225000000000000000e+03 8.899817283608846274e-02 4.551661356395084266e-04 9.995448338643604380e-01 0.000000000000000000e+00 0.000000000000000000e+00 0.000000000000000000e+00
2.250000000000000000e+03 8.999815230615682005e-02 1.820664542558033706e-03 9.981793354574419741e-01 0.000000000000000000e+00 0.000000000000000000e+00 0.000000000000000000e+00
2.275000000000000000e+03 9.099813177622517735e-02 1.706873008648156654e-03 9.982931269913518646e-01 0.000000000000000000e+00 0.000000000000000000e+00 0.000000000000000000e+00
2.300000000000000000e+03 9.199811124629353465e-02 7.965407373691396923e-04 9.992034592626308775e-01 0.000000000000000000e+00 0.000000000000000000e+00 0.000000000000000000e+00
2.325000000000000000e+03 9.299809071636211399e-02 7.965407373691396923e-04 9.992034592626308775e-01 0.000000000000000000e+00 0.000000000000000000e+00 0.000000000000000000e+00
2.350000000000000000e+03 9.399807018643047130e-02 1.593081474738279385e-03 9.984069185252617551e-01 0.000000000000000000e+00 0.000000000000000000e+00 0.000000000000000000e+00
2.375000000000000000e+03 9.499804965649882860e-02 2.617205279927173507e-03 9.973827947200728516e-01 0.000000000000000000e+00 0.000000000000000000e+00 0.000000000000000000e+00
2.400000000000000000e+03 9.599802912656718590e-02 1.479289940828402332e-03 9.984069185252617551e-01 0.000000000000000000e+00 1.137915339098771066e-04 0.000000000000000000e+00
2.425000000000000000e+03 9.699800859663576524e-02 1.024123805188893906e-03 9.988620846609012061e-01 0.000000000000000000e+00 1.137915339098771066e-04 0.000000000000000000e+00
2.450000000000000000e+03 9.799798806670412255e-02 1.137915339098770958e-03 9.988620846609012061e-01 0.000000000000000000e+00 0.000000000000000000e+00 0.000000000000000000e+00
2.475000000000000000e+03 9.899796753677247985e-02 1.820664542558033706e-03 9.981793354574419741e-01 0.000000000000000000e+00 0.000000000000000000e+00 0.000000000000000000e+00
2.500000000000000000e+03 9.999794700684083715e-02 2.958579881656804664e-03 9.968138370505233992e-01 0.000000000000000000e+00 2.275830678197542133e-04 0.000000000000000000e+00
2.525000000000000000e+03 1.009979264769091944e-01 2.844788347746927612e-03 9.968138370505233992e-01 0.000000000000000000e+00 3.413746017296313199e-04 0.000000000000000000e+00
2.550000000000000000e+03 1.019979059469777738e-01 1.593081474738279385e-03 9.984069185252617551e-01 0.000000000000000000e+00 0.000000000000000000e+00 0.000000000000000000e+00
2.575000000000000000e+03 1.029978854170461311e-01 2.844788347746927612e-03 9.970414201183431802e-01 0.000000000000000000e+00 1.137915339098771066e-04 0.000000000000000000e+00
2.600000000000000000e+03 1.039978648871144884e-01 3.755120619025944465e-03 9.962448793809740577e-01 0.000000000000000000e+00 0.000000000000000000e+00 0.000000000000000000e+00
2.625000000000000000e+03 1.049978443571828457e-01 4.324078288575329727e-03 9.956759217114247162e-01 0.000000000000000000e+00 0.000000000000000000e+00 0.000000000000000000e+00
2.650000000000000000e+03 1.059978238272514250e-01 6.030951297223486815e-03 9.938552571688666903e-01 0.000000000000000000e+00 1.137915339098771066e-04 0.000000000000000000e+00
2.675000000000000000e+03 1.069978032973197823e-01 4.096495220755575623e-03 9.956759217114247162e-01 0.000000000000000000e+00 2.275830678197542133e-04 0.000000000000000000e+00
2.700000000000000000e+03 1.079977827673881396e-01 5.348202093764223633e-03 9.941966317705962508e-01 0.000000000000000000e+00 4.551661356395084266e-04 0.000000000000000000e+00
2.725000000000000000e+03 1.089977622374564969e-01 8.420573509330906217e-03 9.911242603550295405e-01 0.000000000000000000e+00 4.551661356395084266e-04 0.000000000000000000e+00
2.750000000000000000e+03 1.099977417075250763e-01 1.001365498406918582e-02 9.893035958124715146e-01 0.000000000000000000e+00 6.827492034592626399e-04 0.000000000000000000e+00
2.775000000000000000e+03 1.109977211775934336e-01 1.103777878925807886e-02 9.887346381429221731e-01 0.000000000000000000e+00 2.275830678197542133e-04 0.000000000000000000e+00
2.800000000000000000e+03 1.119977006476617909e-01 1.570323167956303931e-02 9.831588529813382049e-01 0.000000000000000000e+00 1.137915339098770958e-03 0.000000000000000000e+00
2.825000000000000000e+03 1.129976801177301482e-01 1.706873008648156567e-02 9.812243969048702885e-01 0.000000000000000000e+00 1.706873008648156654e-03 0.000000000000000000e+00
2.850000000000000000e+03 1.139976595877987275e-01 1.843422849340009204e-02 9.797451069640418231e-01 0.000000000000000000e+00 1.820664542558033706e-03 0.000000000000000000e+00
2.875000000000000000e+03 1.149976390578670848e-01 2.071005917159763482e-02 9.756486117432863203e-01 0.000000000000000000e+00 3.641329085116067413e-03 0.000000000000000000e+00
2.900000000000000000e+03 1.159976185279354421e-01 2.321347291761493084e-02 9.714383249886208160e-01 0.000000000000000000e+00 5.348202093764223633e-03 0.000000000000000000e+00
2.925000000000000000e+03 1.169975979980037994e-01 4.073736913973600299e-02 9.483386436049158208e-01 0.000000000000000000e+00 1.092398725534820224e-02 0.000000000000000000e+00
2.950000000000000000e+03 1.179975774680721567e-01 5.530268548020027264e-02 9.233045061447427981e-01 0.000000000000000000e+00 2.139280837505689453e-02 0.000000000000000000e+00
2.975000000000000000e+03 1.189975569381407361e-01 9.251251706873007963e-02 8.505917159763313196e-01 0.000000000000000000e+00 5.689576695493855224e-02 0.000000000000000000e+00
3.000000000000000000e+03 1.199975364082090934e-01 1.356395084205735124e-01 7.234865725989986229e-01 0.000000000000000000e+00 1.408739189804278646e-01 0.000000000000000000e+00
3.025000000000000000e+03 1.209975158782774507e-01 1.931042330450614408e-01 5.335685025034136997e-01 0.000000000000000000e+00 2.733272644515248317e-01 0.000000000000000000e+00
3.050000000000000000e+03 1.219974953483458080e-01 2.727583067819754348e-01 2.898270368684570109e-01 1.137915339098770958e-03 4.362767410104688159e-01 0.000000000000000000e+00
3.075000000000000000e+03 1.229974748184143873e-01 3.220300409649521911e-01 1.428083750568957533e-01 7.965407373691396923e-04 5.343650432407829332e-01 0.000000000000000000e+00
3.100000000000000000e+03 1.239974542884827446e-01 3.434228493400091065e-01 5.860263996358670846e-02 4.210286754665453109e-03 5.937642239417387779e-01 0.000000000000000000e+00
3.125000000000000000e+03 1.249974337585511019e-01 3.463814292216659263e-01 4.312699135184342586e-02 1.217569412835685025e-02 5.983158852981338427e-01 0.000000000000000000e+00
3.150000000000000000e+03 1.259974132286194592e-01 3.355712335002276059e-01 6.497496586253982687e-02 1.729631315430131891e-02 5.821574874829312796e-01 0.000000000000000000e+00
3.175000000000000000e+03 1.269973926986880386e-01 3.460400546199362548e-01 1.158397815202548975e-01 2.378243058716431393e-02 5.143377332726445372e-01 0.000000000000000000e+00
3.200000000000000000e+03 1.279973721687563959e-01 3.808602639963586944e-01 1.538461538461538547e-01 3.857532999544834029e-02 4.267182521620391245e-01 0.000000000000000000e+00
3.225000000000000000e+03 1.289973516388247532e-01 4.085116067364588099e-01 1.755803368229403860e-01 5.723714155666818210e-02 3.586709148839326566e-01 0.000000000000000000e+00
3.250000000000000000e+03 1.299973311088931105e-01 3.981565771506599960e-01 2.039144287664997612e-01 1.017296313154301274e-01 2.961993627674101015e-01 0.000000000000000000e+00
3.275000000000000000e+03 1.309973105789614678e-01 3.776741010468820936e-01 2.148384160218479721e-01 1.415566681838871244e-01 2.659308147473827821e-01 0.000000000000000000e+00
3.300000000000000000e+03 1.319972900490300471e-01 3.643604915794265153e-01 2.237141556668183762e-01 1.730769230769230727e-01 2.388484296768320359e-01 0.000000000000000000e+00
3.325000000000000000e+03 1.329972695190984044e-01 3.477469276285844457e-01 2.366863905325443662e-01 1.923076923076923184e-01 2.232589895311788697e-01 0.000000000000000000e+00
3.350000000000000000e+03 1.339972489891667617e-01 3.326126536185707860e-01 2.486345015930814806e-01 2.074419663177059503e-01 2.113108784706417831e-01 0.000000000000000000e+00
3.375000000000000000e+03 1.349972284592351190e-01 3.339781520254893055e-01 2.626308602639963463e-01 2.111970869367319203e-01 1.921939007737824279e-01 0.000000000000000000e+00
3.400000000000000000e+03 1.359972079293036984e-01 3.317023213472917731e-01 2.736686390532544477e-01 2.189349112426035582e-01 1.756941283568502488e-01 0.000000000000000000e+00
3.425000000000000000e+03 1.369971873993720557e-01 3.380746472462448637e-01 2.827719617660446327e-01 2.220072826581702408e-01 1.571461083295402905e-01 0.000000000000000000e+00
3.450000000000000000e+03 1.379971668694404130e-01 3.139508420573509095e-01 2.960855712335002110e-01 2.302002730996813851e-01 1.597633136094674666e-01 0.000000000000000000e+00
3.475000000000000000e+03 1.389971463395087703e-01 3.198680018206645492e-01 3.071233500227583124e-01 2.324761037778789174e-01 1.405325443786982209e-01 0.000000000000000000e+00
3.500000000000000000e+03 1.399971258095773496e-01 3.093991807009558448e-01 3.198680018206645492e-01 2.322485207100591642e-01 1.384842967683204418e-01 0.000000000000000000e+00
3.525000000000000000e+03 1.409971052796457069e-01 3.172507965407373454e-01 3.345471096950387024e-01 2.290623577605826189e-01 1.191397360036413333e-01 0.000000000000000000e+00
3.550000000000000000e+03 1.419970847497140642e-01 3.187300864815657553e-01 3.429676832043696000e-01 2.280382339553937154e-01 1.102639963586709154e-01 0.000000000000000000e+00
3.575000000000000000e+03 1.429970642197824215e-01 3.214610832954028496e-01 3.482020937642239522e-01 2.107419208010923861e-01 1.195949021392808398e-01 0.000000000000000000e+00
3.600000000000000000e+03 1.439970436898507788e-01 3.132680928538916776e-01 3.670914883932635542e-01 2.098315885298133732e-01 1.098088302230314089e-01 0.000000000000000000e+00
3.625000000000000000e+03 1.449970231599193582e-01 3.178197542102867423e-01 3.772189349112425871e-01 2.073281747837960876e-01 9.763313609467455523e-02 0.000000000000000000e+00
3.650000000000000000e+03 1.459970026299877155e-01 3.214610832954028496e-01 3.904187528447883304e-01 2.068730086481565811e-01 8.124715521165225274e-02 0.000000000000000000e+00
3.675000000000000000e+03 1.469969821000560728e-01 3.152025489303595940e-01 4.004324078288575284e-01 2.034592626308602548e-01 8.090578060992262288e-02 0.000000000000000000e+00
3.700000000000000000e+03 1.479969615701244301e-01 2.975648611743286209e-01 4.164770141101502010e-01 2.084660901228948537e-01 7.749203459262631044e-02 0.000000000000000000e+00
3.725000000000000000e+03 1.489969410401930094e-01 2.930131998179335562e-01 4.222803823395539502e-01 2.071005917159763343e-01 7.760582612653618706e-02 0.000000000000000000e+00
3.750000000000000000e+03 1.499969205102613667e-01 2.964269458352298825e-01 4.394629039599453613e-01 2.116522530723714268e-01 5.245789713245334329e-02 0.000000000000000000e+00
3.775000000000000000e+03 1.509968999803297240e-01 2.928994082840236657e-01 4.450386891215293850e-01 2.170004551661356418e-01 4.506144742831133532e-02 0.000000000000000000e+00
3.800000000000000000e+03 1.519968794503980813e-01 2.885753299954483264e-01 4.507282658170231882e-01 2.152935821574874786e-01 4.540282203004096517e-02 0.000000000000000000e+00
3.825000000000000000e+03 1.529968589204666607e-01 2.765134274010013771e-01 4.651797906235776159e-01 2.184797451069640517e-01 3.982703686845699004e-02 0.000000000000000000e+00
3.850000000000000000e+03 1.539968383905350180e-01 2.653618570778333852e-01 4.844105598543468338e-01 2.210969503868912278e-01 2.913063268092853930e-02 0.000000000000000000e+00
3.875000000000000000e+03 1.549968178606033753e-01 2.522758306781975324e-01 4.926035502958580059e-01 2.270141101502048120e-01 2.810650887573964626e-02 0.000000000000000000e+00
3.900000000000000000e+03 1.559967973306717326e-01 2.473827947200728239e-01 4.979517523896221931e-01 2.265589440145653055e-01 2.810650887573964626e-02 0.000000000000000000e+00
3.925000000000000000e+03 1.569967768007403119e-01 2.399863450159308020e-01 5.000000000000000000e-01 2.328174783796085612e-01 2.719617660446062984e-02 0.000000000000000000e+00
3.950000000000000000e+03 1.579967562708086692e-01 2.355484751934456000e-01 5.026172052799271484e-01 2.407828857532999522e-01 2.105143377332726468e-02 0.000000000000000000e+00
3.975000000000000000e+03 1.589967357408770265e-01 2.355484751934456000e-01 5.073964497041419941e-01 2.407828857532999522e-01 1.627218934911242587e-02 0.000000000000000000e+00
4.000000000000000000e+03 1.599967152109453838e-01 2.243969048702776636e-01 5.139963586709148657e-01 2.460172963131543045e-01 1.558944014565316269e-02 0.000000000000000000e+00
4.025000000000000000e+03 1.609966946810137411e-01 2.201866181156121871e-01 5.183204369594902605e-01 2.473827947200728239e-01 1.411015020482476144e-02 0.000000000000000000e+00
4.050000000000000000e+03 1.619966741510823205e-01 2.091488393263541135e-01 5.300409649522075384e-01 2.470414201183432079e-01 1.376877560309512985e-02 0.000000000000000000e+00
4.075000000000000000e+03 1.629966536211506778e-01 1.983386436049157930e-01 5.403959945380063523e-01 2.487482931269913433e-01 1.251706873008648184e-02 0.000000000000000000e+00
4.100000000000000000e+03 1.639966330912190351e-01 1.858215748748293095e-01 5.506372325898952758e-01 2.543240782885753393e-01 9.217114246700046018e-03 0.000000000000000000e+00
4.125000000000000000e+03 1.649966125612873924e-01 1.764906690942193990e-01 5.573509330905780379e-01 2.552344105598543522e-01 1.092398725534820224e-02 0.000000000000000000e+00
4.150000000000000000e+03 1.659965920313559717e-01 1.688666363222576239e-01 5.698680018206645492e-01 2.510241238051889034e-01 1.024123805188893906e-02 0.000000000000000000e+00
4.175000000000000000e+03 1.669965715014243290e-01 1.637460172963131622e-01 5.779472007282657753e-01 2.479517523896222209e-01 1.035502958579881741e-02 0.000000000000000000e+00
4.200000000000000000e+03 1.679965509714926863e-01 1.593081474738279601e-01 5.861401911697770029e-01 2.459035047792444140e-01 8.648156577150659455e-03 0.000000000000000000e+00
4.225000000000000000e+03 1.689965304415610436e-01 1.527082385070550885e-01 5.909194355939918486e-01 2.471552116522530707e-01 9.217114246700046018e-03 0.000000000000000000e+00
4.250000000000000000e+03 1.699965099116296230e-01 1.522530723714155543e-01 5.921711424670004220e-01 2.456759217114246607e-01 9.899863450159307465e-03 0.000000000000000000e+00
4.275000000000000000e+03 1.709964893816979803e-01 1.506599908966772816e-01 5.953573054164770229e-01 2.443104233045061413e-01 9.672280382339554228e-03 0.000000000000000000e+00
4.300000000000000000e+03 1.719964688517663376e-01 1.494082840236686527e-01 5.953573054164770229e-01 2.462448793809740577e-01 8.989531178880291046e-03 0.000000000000000000e+00
4.325000000000000000e+03 1.729964483218346949e-01 1.421256258534364936e-01 5.993400091033227461e-01 2.489758761948110966e-01 9.558488848429677609e-03 0.000000000000000000e+00
4.350000000000000000e+03 1.739964277919030522e-01 1.401911697769686049e-01 6.045744196631770428e-01 2.452207555757851543e-01 1.001365498406918582e-02 0.000000000000000000e+00
4.375000000000000000e+03 1.749964072619716315e-01 1.393946290395994547e-01 6.075329995448338627e-01 2.449931725079654010e-01 8.079198907601274626e-03 0.000000000000000000e+00
4.400000000000000000e+03 1.759963867320399888e-01 1.365498406918525254e-01 6.118570778334091465e-01 2.429449248975876219e-01 8.648156577150659455e-03 0.000000000000000000e+00
4.425000000000000000e+03 1.769963662021083461e-01 1.329085116067364458e-01 6.185707783340919086e-01 2.405553026854801990e-01 7.965407373691398007e-03 0.000000000000000000e+00
4.450000000000000000e+03 1.779963456721767034e-01 1.217569412835685094e-01 6.271051433773326966e-01 2.438552571688666348e-01 7.282658170232134826e-03 0.000000000000000000e+00
4.475000000000000000e+03 1.789963251422452828e-01 1.251706873008648080e-01 6.288120163859808320e-01 2.395311788802912956e-01 6.486117432862995025e-03 0.000000000000000000e+00
4.500000000000000000e+03 1.799963046123136401e-01 1.200500682749203463e-01 6.330223031406463363e-01 2.402139280837505553e-01 6.713700500682749130e-03 0.000000000000000000e+00
4.525000000000000000e+03 1.809962840823819974e-01 1.206190259444697294e-01 6.323395539371871044e-01 2.404415111515703363e-01 6.599908966772872511e-03 0.000000000000000000e+00
4.550000000000000000e+03 1.819962635524503547e-01 1.218707328174783860e-01 6.343878015475649113e-01 2.373691397360036537e-01 6.372325898953117539e-03 0.000000000000000000e+00
4.575000000000000000e+03 1.829962430225189340e-01 1.199362767410104696e-01 6.396222121074192080e-01 2.337278106508875741e-01 6.713700500682749130e-03 0.000000000000000000e+00
4.600000000000000000e+03 1.839962224925872913e-01 1.194811106053709632e-01 6.438324988620847122e-01 2.284934000910332219e-01 8.192990441511151245e-03 0.000000000000000000e+00
4.625000000000000000e+03 1.849962019626556486e-01 1.182294037323623065e-01 6.489531178880291185e-01 2.248520710059171701e-01 7.965407373691398007e-03 0.000000000000000000e+00
4.650000000000000000e+03 1.859961814327240059e-01 1.180018206645425533e-01 6.502048247610378029e-01 2.229176149294492537e-01 8.875739644970414427e-03 0.000000000000000000e+00
4.675000000000000000e+03 1.869961609027923632e-01 1.158397815202548975e-01 6.545289030496130867e-01 2.230314064633591165e-01 6.599908966772872511e-03 0.000000000000000000e+00
4.700000000000000000e+03 1.879961403728609426e-01 1.193673190714610866e-01 6.548702776513427581e-01 2.184797451069640517e-01 7.282658170232134826e-03 0.000000000000000000e+00
4.725000000000000000e+03 1.889961198429292999e-01 1.202776513427400995e-01 6.553254437869822091e-01 2.170004551661356418e-01 7.396449704142011444e-03 0.000000000000000000e+00
4.750000000000000000e+03 1.899960993129976572e-01 1.173190714610832935e-01 6.523668639053253893e-01 2.200728265817023244e-01 1.024123805188893906e-02 0.000000000000000000e+00
4.775000000000000000e+03 1.909960787830660145e-01 1.225534820209376458e-01 6.519116977696859383e-01 2.199590350477924339e-01 5.575785161583977738e-03 0.000000000000000000e+00
4.800000000000000000e+03 1.919960582531345938e-01 1.193673190714610866e-01 6.538461538461538547e-01 2.197314519799726806e-01 7.055075102412380721e-03 0.000000000000000000e+00
4.825000000000000000e+03 1.929960377232029511e-01 1.219845243513882627e-01 6.593081474738279324e-01 2.135867091488393155e-01 5.120619025944469528e-03 0.000000000000000000e+00
4.850000000000000000e+03 1.939960171932713084e-01 1.202776513427400995e-01 6.631770596267637652e-01 2.100591715976331264e-01 6.486117432862995025e-03 0.000000000000000000e+00
4.875000000000000000e+03 1.949959966633396657e-01 1.197086936731907164e-01 6.639736003641328876e-01 2.061902594446973214e-01 1.012744651797906244e-02 0.000000000000000000e+00
4.900000000000000000e+03 1.959959761334082451e-01 1.216431497496586189e-01 6.662494310423304755e-01 2.052799271734183084e-01 6.827492034592626616e-03 0.000000000000000000e+00
4.925000000000000000e+03 1.969959556034766024e-01 1.215293582157487423e-01 6.687528447883477334e-01 2.040282203004096517e-01 5.689576695493855224e-03 0.000000000000000000e+00
4.950000000000000000e+03 1.979959350735449597e-01 1.211879836140191125e-01 6.712562585343649912e-01 2.015248065543923661e-01 6.030951297223486815e-03 0.000000000000000000e+00
4.975000000000000000e+03 1.989959145436133170e-01 1.195949021392808398e-01 6.727355484751934567e-01 2.012972234865725851e-01 6.372325898953117539e-03 0.000000000000000000e+00
5.000000000000000000e+03 1.999958940136818963e-01 1.247155211652253015e-01 6.702321347291761988e-01 1.984524351388256835e-01 6.599908966772872511e-03 0.000000000000000000e+00
5.025000000000000000e+03 2.009958734837502536e-01 1.172052799271734169e-01 6.738734638142922506e-01 2.024351388256713791e-01 6.486117432862995025e-03 0.000000000000000000e+00
5.050000000000000000e+03 2.019958529538186109e-01 1.181156121984524299e-01 6.755803368229403860e-01 2.015248065543923661e-01 4.779244424214838804e-03 0.000000000000000000e+00
5.075000000000000000e+03 2.029958324238869682e-01 1.157259899863450209e-01 6.783113336367774249e-01 2.009558488848429691e-01 5.006827492034592909e-03 0.000000000000000000e+00
5.100000000000000000e+03 2.039958118939553255e-01 1.162949476558944040e-01 6.809285389167045732e-01 1.979972690031861493e-01 4.779244424214838804e-03 0.000000000000000000e+00
5.125000000000000000e+03 2.049957913640239049e-01 1.117432862994993115e-01 6.859353664087392000e-01 1.983386436049157930e-01 3.982703686845699004e-03 0.000000000000000000e+00
5.150000000000000000e+03 2.059957708340922622e-01 1.063950842057350965e-01 6.896904870277651423e-01 2.006144742831133254e-01 3.299954483386436255e-03 0.000000000000000000e+00
5.175000000000000000e+03 2.069957503041606195e-01 1.081019572143832458e-01 6.890077378243059103e-01 2.006144742831133254e-01 2.275830678197541916e-03 0.000000000000000000e+00
5.200000000000000000e+03 2.079957297742289768e-01 1.065088757396449731e-01 6.892353208921255803e-01 2.011834319526627224e-01 3.072371415566681717e-03 0.000000000000000000e+00
5.225000000000000000e+03 2.089957092442975561e-01 1.070778334091943562e-01 6.869594902139281034e-01 2.027765134274009950e-01 3.186162949476558769e-03 0.000000000000000000e+00
5.250000000000000000e+03 2.099956887143659134e-01 1.086709148839326289e-01 6.854802002730996380e-01 2.026627218934911323e-01 3.186162949476558769e-03 0.000000000000000000e+00
5.275000000000000000e+03 2.109956681844342707e-01 1.078743741465634925e-01 6.836595357305416121e-01 2.032316795630405015e-01 5.234410559854347014e-03 0.000000000000000000e+00
5.300000000000000000e+03 2.119956476545026280e-01 1.084433318161128756e-01 6.854802002730996380e-01 2.015248065543923661e-01 4.551661356395083832e-03 0.000000000000000000e+00
5.325000000000000000e+03 2.129956271245712074e-01 1.057123350022758368e-01 6.878698224852071164e-01 2.031178880291306388e-01 3.299954483386436255e-03 0.000000000000000000e+00
5.350000000000000000e+03 2.139956065946395647e-01 1.073054164770141095e-01 6.885525716886663483e-01 2.008420573509330787e-01 3.299954483386436255e-03 0.000000000000000000e+00
5.375000000000000000e+03 2.149955860647079220e-01 1.087847064178425194e-01 6.874146563495675544e-01 2.000455166135639562e-01 3.755120619025944465e-03 0.000000000000000000e+00
5.400000000000000000e+03 2.159955655347762793e-01 1.087847064178425194e-01 6.878698224852071164e-01 2.002730996813837094e-01 3.072371415566681717e-03 0.000000000000000000e+00
5.425000000000000000e+03 2.169955450048446366e-01 1.091260810195721492e-01 6.890077378243059103e-01 1.991351843422849432e-01 2.730996813837050560e-03 0.000000000000000000e+00
5.450000000000000000e+03 2.179955244749132159e-01 1.084433318161128756e-01 6.896904870277651423e-01 1.973145197997268896e-01 4.551661356395083832e-03 0.000000000000000000e+00
5.475000000000000000e+03 2.189955039449815732e-01 1.077605826126536159e-01 6.911697769685934967e-01 1.972007282658170269e-01 3.868912152935821518e-03 0.000000000000000000e+00
5.500000000000000000e+03 2.199954834150499305e-01 1.078743741465634925e-01 6.913973600364132777e-01 1.961766044606281234e-01 4.551661356395083832e-03 0.000000000000000000e+00
5.525000000000000000e+03 2.209954628851182878e-01 1.093536640873919025e-01 6.928766499772417431e-01 1.941283568502503443e-01 3.641329085116067413e-03 0.000000000000000000e+00
5.550000000000000000e+03 2.219954423551868672e-01 1.101502048247610388e-01 6.917387346381429492e-01 1.950386891215293572e-01 3.072371415566681717e-03 0.000000000000000000e+00
5.575000000000000000e+03 2.229954218252552245e-01 1.123122439690487084e-01 6.888939462903960198e-01 1.943559399180700975e-01 4.437869822485207214e-03 0.000000000000000000e+00
5.600000000000000000e+03 2.239954012953235818e-01 1.112881201638598050e-01 6.899180700955849233e-01 1.939007737824305910e-01 4.893035958124715423e-03 0.000000000000000000e+00
5.625000000000000000e+03 2.249953807653919391e-01 1.125398270368684617e-01 6.890077378243059103e-01 1.942421483841602070e-01 4.210286754665453109e-03 0.000000000000000000e+00
5.650000000000000000e+03 2.259953602354605184e-01 1.151570323167956239e-01 6.873008648156576639e-01 1.942421483841602070e-01 3.299954483386436255e-03 0.000000000000000000e+00
5.675000000000000000e+03 2.269953397055288757e-01 1.144742831133363642e-01 6.878698224852071164e-01 1.934456076467910846e-01 4.210286754665453109e-03 0.000000000000000000e+00
