# itime ezz other fcc hcp bcc ico
0.000000000000000000e+00 0.000000000000000000e+00 0.000000000000000000e+00 1.000000000000000000e+00 0.000000000000000000e+00 0.000000000000000000e+00 0.000000000000000000e+00
3.000000000000000000e+00 1.200018790783685674e-03 0.000000000000000000e+00 1.000000000000000000e+00 0.000000000000000000e+00 0.000000000000000000e+00 0.000000000000000000e+00
6.000000000000000000e+00 2.400037581567593392e-03 0.000000000000000000e+00 1.000000000000000000e+00 0.000000000000000000e+00 0.000000000000000000e+00 0.000000000000000000e+00
9.000000000000000000e+00 3.600056372351279066e-03 0.000000000000000000e+00 1.000000000000000000e+00 0.000000000000000000e+00 0.000000000000000000e+00 0.000000000000000000e+00
1.200000000000000000e+01 4.800075163134964740e-03 0.000000000000000000e+00 1.000000000000000000e+00 0.000000000000000000e+00 0.000000000000000000e+00 0.000000000000000000e+00
1.500000000000000000e+01 6.000093953918872458e-03 0.000000000000000000e+00 1.000000000000000000e+00 0.000000000000000000e+00 0.000000000000000000e+00 0.000000000000000000e+00
1.800000000000000000e+01 7.200112744702558132e-03 0.000000000000000000e+00 1.000000000000000000e+00 0.000000000000000000e+00 0.000000000000000000e+00 0.000000000000000000e+00
2.100000000000000000e+01 8.400131535486243806e-03 0.000000000000000000e+00 1.000000000000000000e+00 0.000000000000000000e+00 0.000000000000000000e+00 0.000000000000000000e+00
2.400000000000000000e+01 9.600150326269929479e-03 0.000000000000000000e+00 1.000000000000000000e+00 0.000000000000000000e+00 0.000000000000000000e+00 0.000000000000000000e+00
2.700000000000000000e+01 1.080016911705383720e-02 0.000000000000000000e+00 1.000000000000000000e+00 0.000000000000000000e+00 0.000000000000000000e+00 0.000000000000000000e+00
3.000000000000000000e+01 1.200018790783752287e-02 0.000000000000000000e+00 1.000000000000000000e+00 0.000000000000000000e+00 0.000000000000000000e+00 0.000000000000000000e+00
3.300000000000000000e+01 1.320020669862120855e-02 0.000000000000000000e+00 1.000000000000000000e+00 0.000000000000000000e+00 0.000000000000000000e+00 0.000000000000000000e+00
3.600000000000000000e+01 1.440022548940511626e-02 0.000000000000000000e+00 1.000000000000000000e+00 0.000000000000000000e+00 0.000000000000000000e+00 0.000000000000000000e+00
3.900000000000000000e+01 1.560024428018880194e-02 0.000000000000000000e+00 1.000000000000000000e+00 0.000000000000000000e+00 0.000000000000000000e+00 0.000000000000000000e+00
4.200000000000000000e+01 1.680026307097248761e-02 0.000000000000000000e+00 1.000000000000000000e+00 0.000000000000000000e+00 0.000000000000000000e+00 0.000000000000000000e+00
4.500000000000000000e+01 1.800028186175639533e-02 0.000000000000000000e+00 1.000000000000000000e+00 0.000000000000000000e+00 0.000000000000000000e+00 0.000000000000000000e+00
4.800000000000000000e+01 1.920030065254008100e-02 0.000000000000000000e+00 1.000000000000000000e+00 0.000000000000000000e+00 0.000000000000000000e+00 0.000000000000000000e+00
5.100000000000000000e+01 2.040031944332376668e-02 0.000000000000000000e+00 1.000000000000000000e+00 0.000000000000000000e+00 0.000000000000000000e+00 0.000000000000000000e+00
5.400000000000000000e+01 2.160033823410745235e-02 0.000000000000000000e+00 1.000000000000000000e+00 0.000000000000000000e+00 0.000000000000000000e+00 0.000000000000000000e+00
5.700000000000000000e+01 2.280035702489136007e-02 0.000000000000000000e+00 1.000000000000000000e+00 0.000000000000000000e+00 0.000000000000000000e+00 0.000000000000000000e+00
6.000000000000000000e+01 2.400037581567504574e-02 0.000000000000000000e+00 1.000000000000000000e+00 0.000000000000000000e+00 0.000000000000000000e+00 0.000000000000000000e+00
6.300000000000000000e+01 2.520039460645873142e-02 0.000000000000000000e+00 1.000000000000000000e+00 0.000000000000000000e+00 0.000000000000000000e+00 0.000000000000000000e+00
6.600000000000000000e+01 2.640041339724263914e-02 0.000000000000000000e+00 1.000000000000000000e+00 0.000000000000000000e+00 0.000000000000000000e+00 0.000000000000000000e+00
6.900000000000000000e+01 2.760043218802632481e-02 0.000000000000000000e+00 1.000000000000000000e+00 0.000000000000000000e+00 0.000000000000000000e+00 0.000000000000000000e+00
7.200000000000000000e+01 2.880045097881001048e-02 0.000000000000000000e+00 1.000000000000000000e+00 0.000000000000000000e+00 0.000000000000000000e+00 0.000000000000000000e+00
7.500000000000000000e+01 3.000046976959391820e-02 0.000000000000000000e+00 1.000000000000000000e+00 0.000000000000000000e+00 0.000000000000000000e+00 0.000000000000000000e+00
7.800000000000000000e+01 3.120048856037760387e-02 0.000000000000000000e+00 1.000000000000000000e+00 0.000000000000000000e+00 0.000000000000000000e+00 0.000000000000000000e+00
8.100000000000000000e+01 3.240050735116128955e-02 0.000000000000000000e+00 1.000000000000000000e+00 0.000000000000000000e+00 0.000000000000000000e+00 0.000000000000000000e+00
8.400000000000000000e+01 3.360052614194497522e-02 0.000000000000000000e+00 1.000000000000000000e+00 0.000000000000000000e+00 0.000000000000000000e+00 0.000000000000000000e+00
8.700000000000000000e+01 3.480054493272888294e-02 0.000000000000000000e+00 1.000000000000000000e+00 0.000000000000000000e+00 0.000000000000000000e+00 0.000000000000000000e+00
9.000000000000000000e+01 3.600056372351256861e-02 0.000000000000000000e+00 1.000000000000000000e+00 0.000000000000000000e+00 0.000000000000000000e+00 0.000000000000000000e+00
9.300000000000000000e+01 3.720058251429625429e-02 0.000000000000000000e+00 1.000000000000000000e+00 0.000000000000000000e+00 0.000000000000000000e+00 0.000000000000000000e+00
9.600000000000000000e+01 3.840060130508016201e-02 0.000000000000000000e+00 1.000000000000000000e+00 0.000000000000000000e+00 0.000000000000000000e+00 0.000000000000000000e+00
9.900000000000000000e+01 3.960062009586384768e-02 0.000000000000000000e+00 1.000000000000000000e+00 0.000000000000000000e+00 0.000000000000000000e+00 0.000000000000000000e+00
1.020000000000000000e+02 4.080063888664753335e-02 0.000000000000000000e+00 1.000000000000000000e+00 0.000000000000000000e+00 0.000000000000000000e+00 0.000000000000000000e+00
1.050000000000000000e+02 4.200065767743144107e-02 0.000000000000000000e+00 1.000000000000000000e+00 0.000000000000000000e+00 0.000000000000000000e+00 0.000000000000000000e+00
1.080000000000000000e+02 4.320067646821512675e-02 0.000000000000000000e+00 1.000000000000000000e+00 0.000000000000000000e+00 0.000000000000000000e+00 0.000000000000000000e+00
1.110000000000000000e+02 4.440069525899881242e-02 0.000000000000000000e+00 1.000000000000000000e+00 0.000000000000000000e+00 0.000000000000000000e+00 0.000000000000000000e+00
1.140000000000000000e+02 4.560071404978249809e-02 0.000000000000000000e+00 1.000000000000000000e+00 0.000000000000000000e+00 0.000000000000000000e+00 0.000000000000000000e+00
1.170000000000000000e+02 4.680073284056640581e-02 0.000000000000000000e+00 1.000000000000000000e+00 0.000000000000000000e+00 0.000000000000000000e+00 0.000000000000000000e+00
1.200000000000000000e+02 4.800075163135009149e-02 0.000000000000000000e+00 1.000000000000000000e+00 0.000000000000000000e+00 0.000000000000000000e+00 0.000000000000000000e+00
1.230000000000000000e+02 4.920077042213377716e-02 0.000000000000000000e+00 1.000000000000000000e+00 0.000000000000000000e+00 0.000000000000000000e+00 0.000000000000000000e+00
1.260000000000000000e+02 5.040078921291768488e-02 0.000000000000000000e+00 1.000000000000000000e+00 0.000000000000000000e+00 0.000000000000000000e+00 0.000000000000000000e+00
1.290000000000000000e+02 5.160080800370137055e-02 0.000000000000000000e+00 1.000000000000000000e+00 0.000000000000000000e+00 0.000000000000000000e+00 0.000000000000000000e+00
1.320000000000000000e+02 5.280082679448505623e-02 0.000000000000000000e+00 1.000000000000000000e+00 0.000000000000000000e+00 0.000000000000000000e+00 0.000000000000000000e+00
1.350000000000000000e+02 5.400084558526896394e-02 0.000000000000000000e+00 1.000000000000000000e+00 0.000000000000000000e+00 0.000000000000000000e+00 0.000000000000000000e+00
1.380000000000000000e+02 5.520086437605264962e-02 0.000000000000000000e+00 1.000000000000000000e+00 0.000000000000000000e+00 0.000000000000000000e+00 0.000000000000000000e+00
1.410000000000000000e+02 5.640088316683633529e-02 0.000000000000000000e+00 1.000000000000000000e+00 0.000000000000000000e+00 0.000000000000000000e+00 0.000000000000000000e+00
1.440000000000000000e+02 5.760090195762002097e-02 0.000000000000000000e+00 1.000000000000000000e+00 0.000000000000000000e+00 0.000000000000000000e+00 0.000000000000000000e+00
1.470000000000000000e+02 5.880092074840392868e-02 0.000000000000000000e+00 1.000000000000000000e+00 0.000000000000000000e+00 0.000000000000000000e+00 0.000000000000000000e+00
1.500000000000000000e+02 6.000093953918761436e-02 0.000000000000000000e+00 1.000000000000000000e+00 0.000000000000000000e+00 0.000000000000000000e+00 0.000000000000000000e+00
1.530000000000000000e+02 6.120095832997130003e-02 0.000000000000000000e+00 1.000000000000000000e+00 0.000000000000000000e+00 0.000000000000000000e+00 0.000000000000000000e+00
1.560000000000000000e+02 6.240097712075520775e-02 0.000000000000000000e+00 1.000000000000000000e+00 0.000000000000000000e+00 0.000000000000000000e+00 0.000000000000000000e+00
1.590000000000000000e+02 6.360099591153889342e-02 0.000000000000000000e+00 1.000000000000000000e+00 0.000000000000000000e+00 0.000000000000000000e+00 0.000000000000000000e+00
1.620000000000000000e+02 6.480101470232257910e-02 0.000000000000000000e+00 1.000000000000000000e+00 0.000000000000000000e+00 0.000000000000000000e+00 0.000000000000000000e+00
1.650000000000000000e+02 6.600103349310648682e-02 0.000000000000000000e+00 1.000000000000000000e+00 0.000000000000000000e+00 0.000000000000000000e+00 0.000000000000000000e+00
1.680000000000000000e+02 6.720105228389017249e-02 0.000000000000000000e+00 1.000000000000000000e+00 0.000000000000000000e+00 0.000000000000000000e+00 0.000000000000000000e+00
1.710000000000000000e+02 6.840107107467385816e-02 0.000000000000000000e+00 1.000000000000000000e+00 0.000000000000000000e+00 0.000000000000000000e+00 0.000000000000000000e+00
1.740000000000000000e+02 6.960108986545754384e-02 0.000000000000000000e+00 1.000000000000000000e+00 0.000000000000000000e+00 0.000000000000000000e+00 0.000000000000000000e+00
1.770000000000000000e+02 7.080110865624145156e-02 0.000000000000000000e+00 1.000000000000000000e+00 0.000000000000000000e+00 0.000000000000000000e+00 0.000000000000000000e+00
1.800000000000000000e+02 7.200112744702513723e-02 0.000000000000000000e+00 1.000000000000000000e+00 0.000000000000000000e+00 0.000000000000000000e+00 0.000000000000000000e+00
1.830000000000000000e+02 7.320114623780882290e-02 0.000000000000000000e+00 1.000000000000000000e+00 0.000000000000000000e+00 0.000000000000000000e+00 0.000000000000000000e+00
1.860000000000000000e+02 7.440116502859273062e-02 1.137915339098771066e-04 9.998862084660901095e-01 0.000000000000000000e+00 0.000000000000000000e+00 0.000000000000000000e+00
1.890000000000000000e+02 7.560118381937641630e-02 2.275830678197542133e-04 9.997724169321802190e-01 0.000000000000000000e+00 0.000000000000000000e+00 0.000000000000000000e+00
1.920000000000000000e+02 7.680120261016010197e-02 0.000000000000000000e+00 1.000000000000000000e+00 0.000000000000000000e+00 0.000000000000000000e+00 0.000000000000000000e+00
1.950000000000000000e+02 7.800122140094400969e-02 0.000000000000000000e+00 1.000000000000000000e+00 0.000000000000000000e+00 0.000000000000000000e+00 0.000000000000000000e+00
1.980000000000000000e+02 7.920124019172769536e-02 0.000000000000000000e+00 1.000000000000000000e+00 0.000000000000000000e+00 0.000000000000000000e+00 0.000000000000000000e+00
2.010000000000000000e+02 8.040125898251138103e-02 0.000000000000000000e+00 1.000000000000000000e+00 0.000000000000000000e+00 0.000000000000000000e+00 0.000000000000000000e+00
2.040000000000000000e+02 8.160127777329506671e-02 0.000000000000000000e+00 1.000000000000000000e+00 0.000000000000000000e+00 0.000000000000000000e+00 0.000000000000000000e+00
2.070000000000000000e+02 8.280129656407897443e-02 0.000000000000000000e+00 1.000000000000000000e+00 0.000000000000000000e+00 0.000000000000000000e+00 0.000000000000000000e+00
2.100000000000000000e+02 8.400131535486266010e-02 0.000000000000000000e+00 1.000000000000000000e+00 0.000000000000000000e+00 0.000000000000000000e+00 0.000000000000000000e+00
2.130000000000000000e+02 8.520133414564634577e-02 0.000000000000000000e+00 1.000000000000000000e+00 0.000000000000000000e+00 0.000000000000000000e+00 0.000000000000000000e+00
2.160000000000000000e+02 8.640135293643025349e-02 0.000000000000000000e+00 1.000000000000000000e+00 0.000000000000000000e+00 0.000000000000000000e+00 0.000000000000000000e+00
2.190000000000000000e+02 8.760137172721393917e-02 0.000000000000000000e+00 1.000000000000000000e+00 0.000000000000000000e+00 0.000000000000000000e+00 0.000000000000000000e+00
2.220000000000000000e+02 8.880139051799762484e-02 0.000000000000000000e+00 1.000000000000000000e+00 0.000000000000000000e+00 0.000000000000000000e+00 0.000000000000000000e+00
2.250000000000000000e+02 9.000140930878153256e-02 0.000000000000000000e+00 1.000000000000000000e+00 0.000000000000000000e+00 0.000000000000000000e+00 0.000000000000000000e+00
2.280000000000000000e+02 9.120142809956521823e-02 1.137915339098771066e-04 9.998862084660901095e-01 0.000000000000000000e+00 0.000000000000000000e+00 0.000000000000000000e+00
2.310000000000000000e+02 9.240144689034890391e-02 4.551661356395084266e-04 9.995448338643604380e-01 0.000000000000000000e+00 0.000000000000000000e+00 0.000000000000000000e+00
2.340000000000000000e+02 9.360146568113258958e-02 6.827492034592626399e-04 9.993172507965407680e-01 0.000000000000000000e+00 0.000000000000000000e+00 0.000000000000000000e+00
2.370000000000000000e+02 9.480148447191649730e-02 1.137915339098771066e-04 9.997724169321802190e-01 0.000000000000000000e+00 1.137915339098771066e-04 0.000000000000000000e+00
2.400000000000000000e+02 9.600150326270018297e-02 1.024123805188893906e-03 9.988620846609012061e-01 0.000000000000000000e+00 1.137915339098771066e-04 0.000000000000000000e+00
2.430000000000000000e+02 9.720152205348386865e-02 7.965407373691396923e-04 9.990896677287209870e-01 0.000000000000000000e+00 1.137915339098771066e-04 0.000000000000000000e+00
2.460000000000000000e+02 9.840154084426777636e-02 1.251706873008648227e-03 9.987482931269913156e-01 0.000000000000000000e+00 0.000000000000000000e+00 0.000000000000000000e+00
2.490000000000000000e+02 9.960155963505146204e-02 1.593081474738279385e-03 9.984069185252617551e-01 0.000000000000000000e+00 0.000000000000000000e+00 0.000000000000000000e+00
2.520000000000000000e+02 1.008015784258351477e-01 1.137915339098770958e-03 9.988620846609012061e-01 0.000000000000000000e+00 0.000000000000000000e+00 0.000000000000000000e+00
2.550000000000000000e+02 1.020015972166190554e-01 6.827492034592626399e-04 9.993172507965407680e-01 0.000000000000000000e+00 0.000000000000000000e+00 0.000000000000000000e+00
2.580000000000000000e+02 1.032016160074027411e-01 7.965407373691396923e-04 9.992034592626308775e-01 0.000000000000000000e+00 0.000000000000000000e+00 0.000000000000000000e+00
2.610000000000000000e+02 1.044016347981864268e-01 9.103322712790168532e-04 9.990896677287209870e-01 0.000000000000000000e+00 0.000000000000000000e+00 0.000000000000000000e+00
2.640000000000000000e+02 1.056016535889701125e-01 1.137915339098770958e-03 9.988620846609012061e-01 0.000000000000000000e+00 0.000000000000000000e+00 0.000000000000000000e+00
2.670000000000000000e+02 1.068016723797540202e-01 1.479289940828402332e-03 9.984069185252617551e-01 0.000000000000000000e+00 1.137915339098771066e-04 0.000000000000000000e+00
2.700000000000000000e+02 1.080016911705377058e-01 2.048247610377787811e-03 9.979517523896221931e-01 0.000000000000000000e+00 0.000000000000000000e+00 0.000000000000000000e+00
2.730000000000000000e+02 1.092017099613213915e-01 2.617205279927173507e-03 9.973827947200728516e-01 0.000000000000000000e+00 0.000000000000000000e+00 0.000000000000000000e+00
2.760000000000000000e+02 1.104017287521052992e-01 2.275830678197541916e-03 9.977241693218024121e-01 0.000000000000000000e+00 0.000000000000000000e+00 0.000000000000000000e+00
2.790000000000000000e+02 1.116017475428889849e-01 1.479289940828402332e-03 9.985207100591716456e-01 0.000000000000000000e+00 0.000000000000000000e+00 0.000000000000000000e+00
2.820000000000000000e+02 1.128017663336726706e-01 1.251706873008648227e-03 9.985207100591716456e-01 0.000000000000000000e+00 2.275830678197542133e-04 0.000000000000000000e+00
2.850000000000000000e+02 1.140017851244565783e-01 2.275830678197541916e-03 9.976103777878926326e-01 0.000000000000000000e+00 1.137915339098771066e-04 0.000000000000000000e+00
2.880000000000000000e+02 1.152018039152402640e-01 3.527537551206190360e-03 9.962448793809740577e-01 0.000000000000000000e+00 2.275830678197542133e-04 0.000000000000000000e+00
2.910000000000000000e+02 1.164018227060239496e-01 5.234410559854347014e-03 9.945380063723259223e-01 0.000000000000000000e+00 2.275830678197542133e-04 0.000000000000000000e+00
2.940000000000000000e+02 1.176018414968076353e-01 3.982703686845699004e-03 9.955621301775148257e-01 0.000000000000000000e+00 4.551661356395084266e-04 0.000000000000000000e+00
2.970000000000000000e+02 1.188018602875915430e-01 3.755120619025944465e-03 9.961310878470641672e-01 0.000000000000000000e+00 1.137915339098771066e-04 0.000000000000000000e+00
3.000000000000000000e+02 1.200018790783752287e-01 3.755120619025944465e-03 9.961310878470641672e-01 0.000000000000000000e+00 1.137915339098771066e-04 0.000000000000000000e+00
3.030000000000000000e+02 1.212018978691589144e-01 4.779244424214838804e-03 9.951069640418752638e-01 0.000000000000000000e+00 1.137915339098771066e-04 0.000000000000000000e+00
3.060000000000000000e+02 1.224019166599428221e-01 4.437869822485207214e-03 9.955621301775148257e-01 0.000000000000000000e+00 0.000000000000000000e+00 0.000000000000000000e+00
3.090000000000000000e+02 1.236019354507265078e-01 4.893035958124715423e-03 9.951069640418752638e-01 0.000000000000000000e+00 0.000000000000000000e+00 0.000000000000000000e+00
3.120000000000000000e+02 1.248019542415101935e-01 5.803368229403732710e-03 9.941966317705962508e-01 0.000000000000000000e+00 0.000000000000000000e+00 0.000000000000000000e+00
3.150000000000000000e+02 1.260019730322941012e-01 6.486117432862995025e-03 9.935138825671370189e-01 0.000000000000000000e+00 0.000000000000000000e+00 0.000000000000000000e+00
3.180000000000000000e+02 1.272019918230777868e-01 8.875739644970414427e-03 9.908966772872098705e-01 0.000000000000000000e+00 2.275830678197542133e-04 0.000000000000000000e+00
3.210000000000000000e+02 1.284020106138614725e-01 9.217114246700046018e-03 9.905553026854801990e-01 0.000000000000000000e+00 2.275830678197542133e-04 0.000000000000000000e+00
3.240000000000000000e+02 1.296020294046451582e-01 9.899863450159307465e-03 9.899863450159308575e-01 0.000000000000000000e+00 1.137915339098771066e-04 0.000000000000000000e+00
3.270000000000000000e+02 1.308020481954290659e-01 9.330905780609922637e-03 9.903277196176604180e-01 0.000000000000000000e+00 3.413746017296313199e-04 0.000000000000000000e+00
3.300000000000000000e+02 1.320020669862127516e-01 1.058261265361857065e-02 9.888484296768320636e-01 0.000000000000000000e+00 5.689576695493854790e-04 0.000000000000000000e+00
3.330000000000000000e+02 1.332020857769964373e-01 1.194811106053709528e-02 9.874829312699134887e-01 0.000000000000000000e+00 5.689576695493854790e-04 0.000000000000000000e+00
3.360000000000000000e+02 1.344021045677803450e-01 1.365498406918525323e-02 9.861174328629950248e-01 0.000000000000000000e+00 2.275830678197542133e-04 0.000000000000000000e+00
3.390000000000000000e+02 1.356021233585640307e-01 1.604460628129267263e-02 9.830450614474283144e-01 0.000000000000000000e+00 9.103322712790168532e-04 0.000000000000000000e+00
3.420000000000000000e+02 1.368021421493477163e-01 2.184797451069640448e-02 9.776968593536641272e-01 0.000000000000000000e+00 4.551661356395084266e-04 0.000000000000000000e+00
3.450000000000000000e+02 1.380021609401316240e-01 2.287209831588529751e-02 9.765589440145653333e-01 0.000000000000000000e+00 5.689576695493854790e-04 0.000000000000000000e+00
3.480000000000000000e+02 1.392021797309153097e-01 3.277196176604460498e-02 9.663177059626764098e-01 0.000000000000000000e+00 9.103322712790168532e-04 0.000000000000000000e+00
3.510000000000000000e+02 1.404021985216989954e-01 3.709604005461993731e-02 9.617660446062813451e-01 0.000000000000000000e+00 1.137915339098770958e-03 0.000000000000000000e+00
3.540000000000000000e+02 1.416022173124826811e-01 3.994082840236686666e-02 9.585798816568047442e-01 0.000000000000000000e+00 1.479289940828402332e-03 0.000000000000000000e+00
3.570000000000000000e+02 1.428022361032665888e-01 5.097860719162494031e-02 9.477696859353663683e-01 0.000000000000000000e+00 1.251706873008648227e-03 0.000000000000000000e+00
3.600000000000000000e+02 1.440022548940502745e-01 6.019572143832498806e-02 9.385525716886663483e-01 0.000000000000000000e+00 1.251706873008648227e-03 0.000000000000000000e+00
3.630000000000000000e+02 1.452022736848339601e-01 7.282658170232134132e-02 9.253527537551206050e-01 0.000000000000000000e+00 1.820664542558033706e-03 0.000000000000000000e+00
3.660000000000000000e+02 1.464022924756178679e-01 8.716431497496586467e-02 9.102184797451069453e-01 0.000000000000000000e+00 2.617205279927173507e-03 0.000000000000000000e+00
3.690000000000000000e+02 1.476023112664015535e-01 1.029813381884387841e-01 8.936049157942649313e-01 0.000000000000000000e+00 3.413746017296313308e-03 0.000000000000000000e+00
3.720000000000000000e+02 1.488023300571852392e-01 1.154984069185252676e-01 8.802913063268092975e-01 0.000000000000000000e+00 4.210286754665453109e-03 0.000000000000000000e+00
3.750000000000000000e+02 1.500023488479691469e-01 1.342740100136549930e-01 8.592398725534819981e-01 0.000000000000000000e+00 6.486117432862995025e-03 0.000000000000000000e+00
3.780000000000000000e+02 1.512023676387528326e-01 1.571461083295402905e-01 8.338643604915794150e-01 0.000000000000000000e+00 8.989531178880291046e-03 0.000000000000000000e+00
3.810000000000000000e+02 1.524023864295365183e-01 1.899180700955848955e-01 7.989303595812471404e-01 0.000000000000000000e+00 1.115157032316795548e-02 0.000000000000000000e+00
3.840000000000000000e+02 1.536024052203202039e-01 2.243969048702776636e-01 7.595584888484296915e-01 0.000000000000000000e+00 1.604460628129267263e-02 0.000000000000000000e+00
3.870000000000000000e+02 1.548024240111041117e-01 2.639963586709148657e-01 7.148384160218479444e-01 0.000000000000000000e+00 2.116522530723714129e-02 0.000000000000000000e+00
3.900000000000000000e+02 1.560024428018877973e-01 3.026854802002730827e-01 6.693218024578971859e-01 0.000000000000000000e+00 2.799271734182976618e-02 0.000000000000000000e+00
3.930000000000000000e+02 1.572024615926714830e-01 3.474055530268548297e-01 6.172052799271734447e-01 0.000000000000000000e+00 3.538916704597178109e-02 0.000000000000000000e+00
3.960000000000000000e+02 1.584024803834553907e-01 4.132908511606736557e-01 5.438097405553027341e-01 0.000000000000000000e+00 4.289940828402366568e-02 0.000000000000000000e+00
3.990000000000000000e+02 1.596024991742390764e-01 4.693900773782430647e-01 4.767865270823850588e-01 0.000000000000000000e+00 5.382339553937186966e-02 0.000000000000000000e+00
4.020000000000000000e+02 1.608025179650227621e-01 5.234410559854346667e-01 4.085116067364588099e-01 0.000000000000000000e+00 6.804733727810650945e-02 0.000000000000000000e+00
4.050000000000000000e+02 1.620025367558066698e-01 5.725989986345015881e-01 3.480883022303140617e-01 0.000000000000000000e+00 7.931269913518433634e-02 0.000000000000000000e+00
4.080000000000000000e+02 1.632025555465903555e-01 6.223258989531178509e-01 2.844788347746927681e-01 1.137915339098771066e-04 9.308147473827947660e-02 0.000000000000000000e+00
4.110000000000000000e+02 1.644025743373740411e-01 6.660218479745106945e-01 2.271279016841147025e-01 3.413746017296313199e-04 1.065088757396449731e-01 0.000000000000000000e+00
4.140000000000000000e+02 1.656025931281577268e-01 7.010696404187528596e-01 1.774010013654984119e-01 2.275830678197542133e-04 1.213017751479289891e-01 0.000000000000000000e+00
4.170000000000000000e+02 1.668026119189416345e-01 7.250796540737368678e-01 1.381429221665907980e-01 5.689576695493854790e-04 1.362084660901228816e-01 0.000000000000000000e+00
4.200000000000000000e+02 1.680026307097253202e-01 7.473827947200728516e-01 1.052571688666363164e-01 6.827492034592626399e-04 1.466772872098315861e-01 0.000000000000000000e+00
4.230000000000000000e+02 1.692026495005090059e-01 7.608101957214383759e-01 8.079198907601274626e-02 1.706873008648156654e-03 1.566909421939007840e-01 0.000000000000000000e+00
4.260000000000000000e+02 1.704026682912929136e-01 7.710514337733272994e-01 6.087847064178425471e-02 2.162039144287664864e-03 1.659080564406008318e-01 0.000000000000000000e+00
4.290000000000000000e+02 1.716026870820765993e-01 7.767410104688211581e-01 4.472007282658170546e-02 2.503413746017296455e-03 1.760355029585798925e-01 0.000000000000000000e+00
4.320000000000000000e+02 1.728027058728602849e-01 7.777651342740100615e-01 3.413746017296313134e-02 2.617205279927173507e-03 1.854802002730996935e-01 0.000000000000000000e+00
4.350000000000000000e+02 1.740027246636441927e-01 7.795857988165680874e-01 2.878925807919890598e-02 3.527537551206190360e-03 1.880974055530268418e-01 0.000000000000000000e+00
4.380000000000000000e+02 1.752027434544278783e-01 7.847064178425124936e-01 2.298588984979517413e-02 3.641329085116067413e-03 1.886663632225762388e-01 0.000000000000000000e+00
4.410000000000000000e+02 1.764027622452115640e-01 7.856167501137915066e-01 1.934456076467910846e-02 3.982703686845699004e-03 1.910559854346836617e-01 0.000000000000000000e+00
4.440000000000000000e+02 1.776027810359952497e-01 7.855029585798816161e-01 1.604460628129267263e-02 4.665452890304961318e-03 1.937869822485207005e-01 0.000000000000000000e+00
4.470000000000000000e+02 1.788027998267791574e-01 7.890304961310878884e-01 1.251706873008648184e-02 4.893035958124715423e-03 1.935593991807009473e-01 0.000000000000000000e+00
4.500000000000000000e+02 1.800028186175628431e-01 7.883477469276285454e-01 1.194811106053709528e-02 6.713700500682749130e-03 1.929904415111515781e-01 0.000000000000000000e+00
4.530000000000000000e+02 1.812028374083465287e-01 7.882339553937186549e-01 1.285844333181611343e-02 8.192990441511151245e-03 1.907146108329540179e-01 0.000000000000000000e+00
4.560000000000000000e+02 1.824028561991304365e-01 7.855029585798816161e-01 1.285844333181611343e-02 1.024123805188893906e-02 1.913973600364132777e-01 0.000000000000000000e+00
4.590000000000000000e+02 1.836028749899141221e-01 7.848202093764223841e-01 1.172052799271734204e-02 1.228948566226672687e-02 1.911697769685935244e-01 0.000000000000000000e+00
4.620000000000000000e+02 1.848028937806978078e-01 7.817478379608556738e-01 1.331360946745562164e-02 1.399635867091488309e-02 1.909421939007737712e-01 0.000000000000000000e+00
4.650000000000000000e+02 1.860029125714817155e-01 7.794720072826581969e-01 1.490669094219390124e-02 1.638598088302230249e-02 1.892353208921256358e-01 0.000000000000000000e+00
4.680000000000000000e+02 1.872029313622654012e-01 7.767410104688211581e-01 1.593081474738279601e-02 1.979972690031861493e-02 1.875284478834774726e-01 0.000000000000000000e+00
4.710000000000000000e+02 1.884029501530490869e-01 7.741238051888938987e-01 1.615839781520254925e-02 2.264451524806554428e-02 1.870732817478379661e-01 0.000000000000000000e+00
4.740000000000000000e+02 1.896029689438327726e-01 7.754893035958124736e-01 1.593081474738279601e-02 2.275830678197542090e-02 1.858215748748293095e-01 0.000000000000000000e+00
4.770000000000000000e+02 1.908029877346166803e-01 7.726445152480655443e-01 1.695493855257168905e-02 2.412380518889394726e-02 1.862767410104688159e-01 0.000000000000000000e+00
4.800000000000000000e+02 1.920030065254003659e-01 7.724169321802457633e-01 1.752389622212107562e-02 2.674101046882111990e-02 1.833181611288120239e-01 0.000000000000000000e+00
4.830000000000000000e+02 1.932030253161840516e-01 7.687756030951297115e-01 1.638598088302230249e-02 3.015475648611743234e-02 1.846836595357305433e-01 0.000000000000000000e+00
4.860000000000000000e+02 1.944030441069679593e-01 7.683204369594902605e-01 1.695493855257168905e-02 3.299954483386435822e-02 1.817250796540737234e-01 0.000000000000000000e+00
4.890000000000000000e+02 1.956030628977516450e-01 7.682066454255803700e-01 1.877560309512972189e-02 3.527537551206190447e-02 1.777423759672280279e-01 0.000000000000000000e+00
4.920000000000000000e+02 1.968030816885353307e-01 7.699135184342285054e-01 2.116522530723714129e-02 3.914428766499772339e-02 1.697769685935366368e-01 0.000000000000000000e+00
4.950000000000000000e+02 1.980031004793192384e-01 7.723031406463358728e-01 2.287209831588529751e-02 4.107874374146563284e-02 1.637460172963131622e-01 0.000000000000000000e+00
4.980000000000000000e+02 1.992031192701029241e-01 7.705962676376877374e-01 2.457897132453345374e-02 4.244424214838415921e-02 1.623805188893946427e-01 0.000000000000000000e+00
5.010000000000000000e+02 2.004031380608866098e-01 7.693445607646790529e-01 2.651342740100136666e-02 4.494765589440145870e-02 1.591943559399180697e-01 0.000000000000000000e+00
5.040000000000000000e+02 2.016031568516702954e-01 7.759444697314519246e-01 2.730996813837050646e-02 4.574419663177059503e-02 1.510013654984069253e-01 0.000000000000000000e+00
5.070000000000000000e+02 2.028031756424542031e-01 7.729858898497952158e-01 2.981338188438780248e-02 4.733727810650887463e-02 1.498634501593081592e-01 0.000000000000000000e+00
5.100000000000000000e+02 2.040031944332378888e-01 7.748065543923532417e-01 2.947200728265816916e-02 5.143377332726445372e-02 1.442876649977241632e-01 0.000000000000000000e+00
5.130000000000000000e+02 2.052032132240215745e-01 7.790168411470186349e-01 2.981338188438780248e-02 5.370960400546199304e-02 1.374601729631315383e-01 0.000000000000000000e+00
5.160000000000000000e+02 2.064032320148054822e-01 7.831133363677742487e-01 3.038233955393718558e-02 5.587164314974965573e-02 1.306326809285389134e-01 0.000000000000000000e+00
5.190000000000000000e+02 2.076032508055891679e-01 7.886891215293582169e-01 3.140646335912607862e-02 5.530268548020027264e-02 1.246017296313154249e-01 0.000000000000000000e+00
5.220000000000000000e+02 2.088032695963728536e-01 7.933545744196631722e-01 3.174783796085571541e-02 5.359581247155211642e-02 1.213017751479289891e-01 0.000000000000000000e+00
5.250000000000000000e+02 2.100032883871567613e-01 8.016613563950841792e-01 3.345471096950387163e-02 5.245789713245334329e-02 1.124260355029585851e-01 0.000000000000000000e+00
5.280000000000000000e+02 2.112033071779404469e-01 8.030268548020027541e-01 3.413746017296313134e-02 5.370960400546199304e-02 1.091260810195721492e-01 0.000000000000000000e+00
5.310000000000000000e+02 2.124033259687241326e-01 8.079198907601274904e-01 3.573054164770141095e-02 5.473372781065088954e-02 1.016158397815202508e-01 0.000000000000000000e+00
5.340000000000000000e+02 2.136033447595078183e-01 8.086026399635867223e-01 3.584433318161128756e-02 5.575785161583977911e-02 9.979517523896222486e-02 0.000000000000000000e+00
5.370000000000000000e+02 2.148033635502917260e-01 8.112198452435138707e-01 3.584433318161128756e-02 5.757851615839781195e-02 9.535730541647700897e-02 0.000000000000000000e+00
5.400000000000000000e+02 2.160033823410754117e-01 8.154301319981793750e-01 3.595812471552116418e-02 5.905780609922621494e-02 8.955393718707328754e-02 0.000000000000000000e+00
5.430000000000000000e+02 2.172034011318590974e-01 8.180473372781065233e-01 3.584433318161128756e-02 6.178880291306326766e-02 8.431952662721893532e-02 0.000000000000000000e+00
5.460000000000000000e+02 2.184034199226430051e-01 8.183887118798361948e-01 3.755120619025944378e-02 6.099226217569413133e-02 8.306781975421029252e-02 0.000000000000000000e+00
5.490000000000000000e+02 2.196034387134266908e-01 8.220300409649522466e-01 3.823395539371871044e-02 5.974055530268548159e-02 7.999544833864360993e-02 0.000000000000000000e+00
5.520000000000000000e+02 2.208034575042103764e-01 8.252162039144287364e-01 3.994082840236686666e-02 5.928538916704597511e-02 7.555757851615839404e-02 0.000000000000000000e+00
5.550000000000000000e+02 2.220034762949942841e-01 8.262403277196176399e-01 4.096495220755575623e-02 6.019572143832498806e-02 7.259899863450158808e-02 0.000000000000000000e+00
5.580000000000000000e+02 2.232034950857779698e-01 8.279472007282657753e-01 4.016841147018661989e-02 6.076467910787437116e-02 7.111970869367319203e-02 0.000000000000000000e+00
5.610000000000000000e+02 2.244035138765616555e-01 8.296540737369140217e-01 4.005461993627674328e-02 6.087847064178425471e-02 6.941283568502502888e-02 0.000000000000000000e+00
5.640000000000000000e+02 2.256035326673453412e-01 8.360263996358671124e-01 3.937187073281747662e-02 5.951297223486572835e-02 6.508875739644970349e-02 0.000000000000000000e+00
5.670000000000000000e+02 2.268035514581292489e-01 8.384160218479744797e-01 3.914428766499772339e-02 5.928538916704597511e-02 6.315430131998178709e-02 0.000000000000000000e+00
5.700000000000000000e+02 2.280035702489129346e-01 8.386436049157942607e-01 3.891670459717797015e-02 5.848884842967683184e-02 6.395084205735093730e-02 0.000000000000000000e+00
5.730000000000000000e+02 2.292035890396966202e-01 8.398953117888029452e-01 3.800637232589895026e-02 5.928538916704597511e-02 6.281292671825215723e-02 0.000000000000000000e+00
5.760000000000000000e+02 2.304036078304805280e-01 8.426263086026399840e-01 3.925807919890760000e-02 5.700955848884842886e-02 6.110605370960400795e-02 0.000000000000000000e+00
5.790000000000000000e+02 2.316036266212642136e-01 8.422849340009103125e-01 4.130632680928538608e-02 5.632680928538916915e-02 6.008192990441511144e-02 0.000000000000000000e+00
5.820000000000000000e+02 2.328036454120478993e-01 8.426263086026399840e-01 4.415111515703231543e-02 5.564406008192990249e-02 5.757851615839781195e-02 0.000000000000000000e+00
5.850000000000000000e+02 2.340036642028318070e-01 8.451297223486572419e-01 4.255803368229403583e-02 5.575785161583977911e-02 5.655439235320892238e-02 0.000000000000000000e+00
5.880000000000000000e+02 2.352036829936154927e-01 8.485434683659536237e-01 4.244424214838415921e-02 5.325443786982248656e-02 5.575785161583977911e-02 0.000000000000000000e+00
5.910000000000000000e+02 2.364037017843991784e-01 8.463814292216659263e-01 4.426490669094219205e-02 5.564406008192990249e-02 5.370960400546199304e-02 0.000000000000000000e+00
5.940000000000000000e+02 2.376037205751828640e-01 8.476331360946746107e-01 4.597177969959034827e-02 5.234410559854346667e-02 5.405097860719162289e-02 0.000000000000000000e+00
5.970000000000000000e+02 2.388037393659667718e-01 8.471779699590350488e-01 4.802002730996814128e-02 5.154756486117433034e-02 5.325443786982248656e-02 0.000000000000000000e+00
6.000000000000000000e+02 2.400037581567504574e-01 8.451297223486572419e-01 5.006827492034592736e-02 5.234410559854346667e-02 5.245789713245334329e-02 0.000000000000000000e+00
6.030000000000000000e+02 2.412037769475341431e-01 8.467228038233954868e-01 5.075102412380518707e-02 5.177514792899408358e-02 5.075102412380518707e-02 0.000000000000000000e+00
6.060000000000000000e+02 2.424037957383180508e-01 8.501365498406918686e-01 5.348202093764223980e-02 4.858898497951752438e-02 4.779244424214838111e-02 0.000000000000000000e+00
6.090000000000000000e+02 2.436038145291017365e-01 8.524123805188893455e-01 5.325443786982248656e-02 4.847519344560764776e-02 4.585798816568047165e-02 0.000000000000000000e+00
6.120000000000000000e+02 2.448038333198854222e-01 8.521847974510696755e-01 5.245789713245334329e-02 4.961310878470642088e-02 4.574419663177059503e-02 0.000000000000000000e+00
6.150000000000000000e+02 2.460038521106693299e-01 8.492262175694128556e-01 5.279927173418298009e-02 5.223031406463359005e-02 4.574419663177059503e-02 0.000000000000000000e+00
6.180000000000000000e+02 2.472038709014530156e-01 8.492262175694128556e-01 5.382339553937186966e-02 5.336822940373236318e-02 4.358215748748293233e-02 0.000000000000000000e+00
6.210000000000000000e+02 2.484038896922367012e-01 8.484296768320437332e-01 5.553026854802002588e-02 5.302685480200273332e-02 4.301319981793354230e-02 0.000000000000000000e+00
6.240000000000000000e+02 2.496039084830203869e-01 8.483158852981338427e-01 5.541647701411014926e-02 5.177514792899408358e-02 4.449248975876194528e-02 0.000000000000000000e+00
6.270000000000000000e+02 2.508039272738042946e-01 8.474055530268548297e-01 5.473372781065088954e-02 5.359581247155211642e-02 4.426490669094219205e-02 0.000000000000000000e+00
6.300000000000000000e+02 2.520039460645879803e-01 8.497951752389621971e-01 5.473372781065088954e-02 5.427856167501137613e-02 4.119253527537550946e-02 0.000000000000000000e+00
6.330000000000000000e+02 2.532039648553716660e-01 8.450159308147473514e-01 5.564406008192990249e-02 5.518889394629039602e-02 4.415111515703231543e-02 0.000000000000000000e+00
6.360000000000000000e+02 2.544039836461555737e-01 8.421711424670004220e-01 5.689576695493855224e-02 5.496131087847064278e-02 4.597177969959034827e-02 0.000000000000000000e+00
6.390000000000000000e+02 2.556040024369392594e-01 8.447883477469276814e-01 5.678197542102867562e-02 5.382339553937186966e-02 4.460628129267182190e-02 0.000000000000000000e+00
6.420000000000000000e+02 2.568040212277229450e-01 8.438780154756485574e-01 5.644060081929904577e-02 5.507510241238051940e-02 4.460628129267182190e-02 0.000000000000000000e+00
6.450000000000000000e+02 2.580040400185068528e-01 8.434228493400091065e-01 5.962676376877560497e-02 5.291306326809285671e-02 4.403732362312243881e-02 0.000000000000000000e+00
6.480000000000000000e+02 2.592040588092905384e-01 8.363677742375966728e-01 6.338188438780155420e-02 5.427856167501137613e-02 4.597177969959034827e-02 0.000000000000000000e+00
6.510000000000000000e+02 2.604040776000742241e-01 8.367091488393263443e-01 6.474738279472007363e-02 5.348202093764223980e-02 4.506144742831133532e-02 0.000000000000000000e+00
6.540000000000000000e+02 2.616040963908579098e-01 8.355712335002275504e-01 6.520254893035958010e-02 5.518889394629039602e-02 4.403732362312243881e-02 0.000000000000000000e+00
6.570000000000000000e+02 2.628041151816418175e-01 8.360263996358671124e-01 6.497496586253982687e-02 5.587164314974965573e-02 4.312699135184342586e-02 0.000000000000000000e+00
6.600000000000000000e+02 2.640041339724255032e-01 8.354574419663176599e-01 6.463359126081019701e-02 5.644060081929904577e-02 4.346836595357305572e-02 0.000000000000000000e+00
6.630000000000000000e+02 2.652041527632091888e-01 8.336367774237596340e-01 6.577150659990896320e-02 5.609922621756941591e-02 4.449248975876194528e-02 0.000000000000000000e+00
6.660000000000000000e+02 2.664041715539930966e-01 8.336367774237596340e-01 6.588529813381883982e-02 5.621301775147929253e-02 4.426490669094219205e-02 0.000000000000000000e+00
6.690000000000000000e+02 2.676041903447767822e-01 8.353436504324078804e-01 6.565771506599908658e-02 5.575785161583977911e-02 4.324078288575330248e-02 0.000000000000000000e+00
6.720000000000000000e+02 2.688042091355604679e-01 8.309057806099225951e-01 6.793354574419663283e-02 5.860263996358670846e-02 4.255803368229403583e-02 0.000000000000000000e+00
6.750000000000000000e+02 2.700042279263443756e-01 8.340919435593991960e-01 6.793354574419663283e-02 5.780609922621757213e-02 4.016841147018661989e-02 0.000000000000000000e+00
6.780000000000000000e+02 2.712042467171280613e-01 8.386436049157942607e-01 6.645425580336822291e-02 5.700955848884842886e-02 3.789258079198907364e-02 0.000000000000000000e+00
6.810000000000000000e+02 2.724042655079117470e-01 8.367091488393263443e-01 6.656804733727811341e-02 5.723714155666818210e-02 3.948566226672735324e-02 0.000000000000000000e+00
