# itime ezz other fcc hcp bcc ico
0.000000000000000000e+00 0.000000000000000000e+00 0.000000000000000000e+00 1.000000000000000000e+00 0.000000000000000000e+00 0.000000000000000000e+00 0.000000000000000000e+00
2.500000000000000000e+02 9.999787087646705430e-04 0.000000000000000000e+00 1.000000000000000000e+00 0.000000000000000000e+00 0.000000000000000000e+00 0.000000000000000000e+00
5.000000000000000000e+02 1.999957417529563131e-03 0.000000000000000000e+00 1.000000000000000000e+00 0.000000000000000000e+00 0.000000000000000000e+00 0.000000000000000000e+00
7.500000000000000000e+02 2.999936126294233674e-03 0.000000000000000000e+00 1.000000000000000000e+00 0.000000000000000000e+00 0.000000000000000000e+00 0.000000000000000000e+00
1.000000000000000000e+03 3.999914835058904217e-03 0.000000000000000000e+00 1.000000000000000000e+00 0.000000000000000000e+00 0.000000000000000000e+00 0.000000000000000000e+00
1.250000000000000000e+03 4.999893543823796804e-03 0.000000000000000000e+00 1.000000000000000000e+00 0.000000000000000000e+00 0.000000000000000000e+00 0.000000000000000000e+00
1.500000000000000000e+03 5.999872252588467347e-03 0.000000000000000000e+00 1.000000000000000000e+00 0.000000000000000000e+00 0.000000000000000000e+00 0.000000000000000000e+00
1.750000000000000000e+03 6.999850961353137890e-03 0.000000000000000000e+00 1.000000000000000000e+00 0.000000000000000000e+00 0.000000000000000000e+00 0.000000000000000000e+00
2.000000000000000000e+03 7.999829670118030478e-03 0.000000000000000000e+00 1.000000000000000000e+00 0.000000000000000000e+00 0.000000000000000000e+00 0.000000000000000000e+00
2.250000000000000000e+03 8.999808378882701021e-03 0.000000000000000000e+00 1.000000000000000000e+00 0.000000000000000000e+00 0.000000000000000000e+00 0.000000000000000000e+00
2.500000000000000000e+03 9.999787087647593609e-03 0.000000000000000000e+00 1.000000000000000000e+00 0.000000000000000000e+00 0.000000000000000000e+00 0.000000000000000000e+00
2.750000000000000000e+03 1.099976579641226415e-02 0.000000000000000000e+00 1.000000000000000000e+00 0.000000000000000000e+00 0.000000000000000000e+00 0.000000000000000000e+00
3.000000000000000000e+03 1.199974450517693469e-02 0.000000000000000000e+00 1.000000000000000000e+00 0.000000000000000000e+00 0.000000000000000000e+00 0.000000000000000000e+00
3.250000000000000000e+03 1.299972321394182728e-02 0.000000000000000000e+00 1.000000000000000000e+00 0.000000000000000000e+00 0.000000000000000000e+00 0.000000000000000000e+00
3.500000000000000000e+03 1.399970192270649783e-02 0.000000000000000000e+00 1.000000000000000000e+00 0.000000000000000000e+00 0.000000000000000000e+00 0.000000000000000000e+00
3.750000000000000000e+03 1.499968063147116837e-02 0.000000000000000000e+00 1.000000000000000000e+00 0.000000000000000000e+00 0.000000000000000000e+00 0.000000000000000000e+00
4.000000000000000000e+03 1.599965934023606096e-02 0.000000000000000000e+00 1.000000000000000000e+00 0.000000000000000000e+00 0.000000000000000000e+00 0.000000000000000000e+00
4.250000000000000000e+03 1.699963804900073150e-02 0.000000000000000000e+00 1.000000000000000000e+00 0.000000000000000000e+00 0.000000000000000000e+00 0.000000000000000000e+00
4.500000000000000000e+03 1.799961675776540204e-02 0.000000000000000000e+00 1.000000000000000000e+00 0.000000000000000000e+00 0.000000000000000000e+00 0.000000000000000000e+00
4.750000000000000000e+03 1.899959546653029463e-02 0.000000000000000000e+00 1.000000000000000000e+00 0.000000000000000000e+00 0.000000000000000000e+00 0.000000000000000000e+00
5.000000000000000000e+03 1.999957417529496517e-02 0.000000000000000000e+00 1.000000000000000000e+00 0.000000000000000000e+00 0.000000000000000000e+00 0.000000000000000000e+00
5.250000000000000000e+03 2.099955288405963572e-02 0.000000000000000000e+00 1.000000000000000000e+00 0.000000000000000000e+00 0.000000000000000000e+00 0.000000000000000000e+00
5.500000000000000000e+03 2.199953159282452830e-02 0.000000000000000000e+00 1.000000000000000000e+00 0.000000000000000000e+00 0.000000000000000000e+00 0.000000000000000000e+00
5.750000000000000000e+03 2.299951030158919885e-02 0.000000000000000000e+00 1.000000000000000000e+00 0.000000000000000000e+00 0.000000000000000000e+00 0.000000000000000000e+00
6.000000000000000000e+03 2.399948901035386939e-02 0.000000000000000000e+00 1.000000000000000000e+00 0.000000000000000000e+00 0.000000000000000000e+00 0.000000000000000000e+00
6.250000000000000000e+03 2.499946771911876198e-02 0.000000000000000000e+00 1.000000000000000000e+00 0.000000000000000000e+00 0.000000000000000000e+00 0.000000000000000000e+00
6.500000000000000000e+03 2.599944642788343252e-02 0.000000000000000000e+00 1.000000000000000000e+00 0.000000000000000000e+00 0.000000000000000000e+00 0.000000000000000000e+00
6.750000000000000000e+03 2.699942513664832511e-02 0.000000000000000000e+00 1.000000000000000000e+00 0.000000000000000000e+00 0.000000000000000000e+00 0.000000000000000000e+00
7.000000000000000000e+03 2.799940384541299565e-02 0.000000000000000000e+00 1.000000000000000000e+00 0.000000000000000000e+00 0.000000000000000000e+00 0.000000000000000000e+00
7.250000000000000000e+03 2.899938255417766619e-02 0.000000000000000000e+00 1.000000000000000000e+00 0.000000000000000000e+00 0.000000000000000000e+00 0.000000000000000000e+00
7.500000000000000000e+03 2.999936126294255878e-02 0.000000000000000000e+00 1.000000000000000000e+00 0.000000000000000000e+00 0.000000000000000000e+00 0.000000000000000000e+00
7.750000000000000000e+03 3.099933997170722932e-02 0.000000000000000000e+00 1.000000000000000000e+00 0.000000000000000000e+00 0.000000000000000000e+00 0.000000000000000000e+00
8.000000000000000000e+03 3.199931868047189987e-02 0.000000000000000000e+00 1.000000000000000000e+00 0.000000000000000000e+00 0.000000000000000000e+00 0.000000000000000000e+00
8.250000000000000000e+03 3.299929738923679245e-02 0.000000000000000000e+00 1.000000000000000000e+00 0.000000000000000000e+00 0.000000000000000000e+00 0.000000000000000000e+00
8.500000000000000000e+03 3.399927609800146300e-02 0.000000000000000000e+00 1.000000000000000000e+00 0.000000000000000000e+00 0.000000000000000000e+00 0.000000000000000000e+00
8.750000000000000000e+03 3.499925480676613354e-02 0.000000000000000000e+00 1.000000000000000000e+00 0.000000000000000000e+00 0.000000000000000000e+00 0.000000000000000000e+00
9.000000000000000000e+03 3.599923351553102613e-02 0.000000000000000000e+00 1.000000000000000000e+00 0.000000000000000000e+00 0.000000000000000000e+00 0.000000000000000000e+00
9.250000000000000000e+03 3.699921222429569667e-02 0.000000000000000000e+00 1.000000000000000000e+00 0.000000000000000000e+00 0.000000000000000000e+00 0.000000000000000000e+00
9.500000000000000000e+03 3.799919093306036721e-02 3.413746017296313199e-04 9.996586253982703285e-01 0.000000000000000000e+00 0.000000000000000000e+00 0.000000000000000000e+00
9.750000000000000000e+03 3.899916964182525980e-02 0.000000000000000000e+00 1.000000000000000000e+00 0.000000000000000000e+00 0.000000000000000000e+00 0.000000000000000000e+00
1.000000000000000000e+04 3.999914835058993035e-02 0.000000000000000000e+00 1.000000000000000000e+00 0.000000000000000000e+00 0.000000000000000000e+00 0.000000000000000000e+00
1.025000000000000000e+04 4.099912705935460089e-02 0.000000000000000000e+00 1.000000000000000000e+00 0.000000000000000000e+00 0.000000000000000000e+00 0.000000000000000000e+00
1.050000000000000000e+04 4.199910576811949348e-02 0.000000000000000000e+00 1.000000000000000000e+00 0.000000000000000000e+00 0.000000000000000000e+00 0.000000000000000000e+00
1.075000000000000000e+04 4.299908447688416402e-02 0.000000000000000000e+00 1.000000000000000000e+00 0.000000000000000000e+00 0.000000000000000000e+00 0.000000000000000000e+00
1.100000000000000000e+04 4.399906318564905661e-02 0.000000000000000000e+00 1.000000000000000000e+00 0.000000000000000000e+00 0.000000000000000000e+00 0.000000000000000000e+00
1.125000000000000000e+04 4.499904189441372715e-02 0.000000000000000000e+00 1.000000000000000000e+00 0.000000000000000000e+00 0.000000000000000000e+00 0.000000000000000000e+00
1.150000000000000000e+04 4.599902060317839769e-02 0.000000000000000000e+00 1.000000000000000000e+00 0.000000000000000000e+00 0.000000000000000000e+00 0.000000000000000000e+00
1.175000000000000000e+04 4.699899931194329028e-02 0.000000000000000000e+00 1.000000000000000000e+00 0.000000000000000000e+00 0.000000000000000000e+00 0.000000000000000000e+00
1.200000000000000000e+04 4.799897802070796082e-02 0.000000000000000000e+00 1.000000000000000000e+00 0.000000000000000000e+00 0.000000000000000000e+00 0.000000000000000000e+00
1.225000000000000000e+04 4.899895672947263137e-02 0.000000000000000000e+00 1.000000000000000000e+00 0.000000000000000000e+00 0.000000000000000000e+00 0.000000000000000000e+00
1.250000000000000000e+04 4.999893543823752395e-02 0.000000000000000000e+00 1.000000000000000000e+00 0.000000000000000000e+00 0.000000000000000000e+00 0.000000000000000000e+00
1.275000000000000000e+04 5.099891414700219450e-02 0.000000000000000000e+00 1.000000000000000000e+00 0.000000000000000000e+00 0.000000000000000000e+00 0.000000000000000000e+00
1.300000000000000000e+04 5.199889285576686504e-02 0.000000000000000000e+00 1.000000000000000000e+00 0.000000000000000000e+00 0.000000000000000000e+00 0.000000000000000000e+00
1.325000000000000000e+04 5.299887156453175763e-02 0.000000000000000000e+00 1.000000000000000000e+00 0.000000000000000000e+00 0.000000000000000000e+00 0.000000000000000000e+00
1.350000000000000000e+04 5.399885027329642817e-02 0.000000000000000000e+00 1.000000000000000000e+00 0.000000000000000000e+00 0.000000000000000000e+00 0.000000000000000000e+00
1.375000000000000000e+04 5.499882898206109871e-02 3.413746017296313199e-04 9.996586253982703285e-01 0.000000000000000000e+00 0.000000000000000000e+00 0.000000000000000000e+00
1.400000000000000000e+04 5.599880769082599130e-02 0.000000000000000000e+00 1.000000000000000000e+00 0.000000000000000000e+00 0.000000000000000000e+00 0.000000000000000000e+00
1.425000000000000000e+04 5.699878639959066184e-02 0.000000000000000000e+00 1.000000000000000000e+00 0.000000000000000000e+00 0.000000000000000000e+00 0.000000000000000000e+00
1.450000000000000000e+04 5.799876510835533239e-02 0.000000000000000000e+00 1.000000000000000000e+00 0.000000000000000000e+00 0.000000000000000000e+00 0.000000000000000000e+00
1.475000000000000000e+04 5.899874381712022497e-02 0.000000000000000000e+00 1.000000000000000000e+00 0.000000000000000000e+00 0.000000000000000000e+00 0.000000000000000000e+00
1.500000000000000000e+04 5.999872252588489552e-02 1.137915339098771066e-04 9.998862084660901095e-01 0.000000000000000000e+00 0.000000000000000000e+00 0.000000000000000000e+00
1.525000000000000000e+04 6.099870123464978811e-02 0.000000000000000000e+00 1.000000000000000000e+00 0.000000000000000000e+00 0.000000000000000000e+00 0.000000000000000000e+00
1.550000000000000000e+04 6.199867994341445865e-02 0.000000000000000000e+00 1.000000000000000000e+00 0.000000000000000000e+00 0.000000000000000000e+00 0.000000000000000000e+00
1.575000000000000000e+04 6.299865865217912919e-02 0.000000000000000000e+00 1.000000000000000000e+00 0.000000000000000000e+00 0.000000000000000000e+00 0.000000000000000000e+00
1.600000000000000000e+04 6.399863736094402178e-02 0.000000000000000000e+00 1.000000000000000000e+00 0.000000000000000000e+00 0.000000000000000000e+00 0.000000000000000000e+00
1.625000000000000000e+04 6.499861606970869232e-02 0.000000000000000000e+00 1.000000000000000000e+00 0.000000000000000000e+00 0.000000000000000000e+00 0.000000000000000000e+00
1.650000000000000000e+04 6.599859477847336287e-02 1.137915339098771066e-04 9.998862084660901095e-01 0.000000000000000000e+00 0.000000000000000000e+00 0.000000000000000000e+00
1.675000000000000000e+04 6.699857348723825545e-02 0.000000000000000000e+00 1.000000000000000000e+00 0.000000000000000000e+00 0.000000000000000000e+00 0.000000000000000000e+00
1.700000000000000000e+04 6.799855219600292600e-02 1.137915339098771066e-04 9.998862084660901095e-01 0.000000000000000000e+00 0.000000000000000000e+00 0.000000000000000000e+00
1.725000000000000000e+04 6.899853090476759654e-02 0.000000000000000000e+00 1.000000000000000000e+00 0.000000000000000000e+00 0.000000000000000000e+00 0.000000000000000000e+00
1.750000000000000000e+04 6.999850961353248913e-02 0.000000000000000000e+00 1.000000000000000000e+00 0.000000000000000000e+00 0.000000000000000000e+00 0.000000000000000000e+00
1.775000000000000000e+04 7.099848832229715967e-02 0.000000000000000000e+00 1.000000000000000000e+00 0.000000000000000000e+00 0.000000000000000000e+00 0.000000000000000000e+00
1.800000000000000000e+04 7.199846703106183021e-02 0.000000000000000000e+00 1.000000000000000000e+00 0.000000000000000000e+00 0.000000000000000000e+00 0.000000000000000000e+00
1.825000000000000000e+04 7.299844573982672280e-02 0.000000000000000000e+00 1.000000000000000000e+00 0.000000000000000000e+00 0.000000000000000000e+00 0.000000000000000000e+00
1.850000000000000000e+04 7.399842444859139334e-02 1.137915339098771066e-04 9.998862084660901095e-01 0.000000000000000000e+00 0.000000000000000000e+00 0.000000000000000000e+00
1.875000000000000000e+04 7.499840315735628593e-02 0.000000000000000000e+00 1.000000000000000000e+00 0.000000000000000000e+00 0.000000000000000000e+00 0.000000000000000000e+00
1.900000000000000000e+04 7.599838186612095647e-02 0.000000000000000000e+00 1.000000000000000000e+00 0.000000000000000000e+00 0.000000000000000000e+00 0.000000000000000000e+00
1.925000000000000000e+04 7.699836057488562702e-02 0.000000000000000000e+00 1.000000000000000000e+00 0.000000000000000000e+00 0.000000000000000000e+00 0.000000000000000000e+00
1.950000000000000000e+04 7.799833928365051960e-02 0.000000000000000000e+00 1.000000000000000000e+00 0.000000000000000000e+00 0.000000000000000000e+00 0.000000000000000000e+00
1.975000000000000000e+04 7.899831799241519015e-02 4.551661356395084266e-04 9.995448338643604380e-01 0.000000000000000000e+00 0.000000000000000000e+00 0.000000000000000000e+00
2.000000000000000000e+04 7.999829670117986069e-02 0.000000000000000000e+00 1.000000000000000000e+00 0.000000000000000000e+00 0.000000000000000000e+00 0.000000000000000000e+00
2.025000000000000000e+04 8.099827540994475328e-02 2.275830678197542133e-04 9.997724169321802190e-01 0.000000000000000000e+00 0.000000000000000000e+00 0.000000000000000000e+00
2.050000000000000000e+04 8.199825411870942382e-02 0.000000000000000000e+00 1.000000000000000000e+00 0.000000000000000000e+00 0.000000000000000000e+00 0.000000000000000000e+00
2.075000000000000000e+04 8.299823282747409436e-02 5.689576695493854790e-04 9.994310423304506585e-01 0.000000000000000000e+00 0.000000000000000000e+00 0.000000000000000000e+00
2.100000000000000000e+04 8.399821153623898695e-02 0.000000000000000000e+00 1.000000000000000000e+00 0.000000000000000000e+00 0.000000000000000000e+00 0.000000000000000000e+00
2.125000000000000000e+04 8.499819024500365749e-02 0.000000000000000000e+00 1.000000000000000000e+00 0.000000000000000000e+00 0.000000000000000000e+00 0.000000000000000000e+00
2.150000000000000000e+04 8.599816895376832804e-02 0.000000000000000000e+00 1.000000000000000000e+00 0.000000000000000000e+00 0.000000000000000000e+00 0.000000000000000000e+00
2.175000000000000000e+04 8.699814766253322063e-02 1.137915339098770958e-03 9.988620846609012061e-01 0.000000000000000000e+00 0.000000000000000000e+00 0.000000000000000000e+00
2.200000000000000000e+04 8.799812637129789117e-02 1.137915339098770958e-03 9.988620846609012061e-01 0.000000000000000000e+00 0.000000000000000000e+00 0.000000000000000000e+00
2.225000000000000000e+04 8.899810508006256171e-02 9.103322712790168532e-04 9.990896677287209870e-01 0.000000000000000000e+00 0.000000000000000000e+00 0.000000000000000000e+00
2.250000000000000000e+04 8.999808378882745430e-02 3.413746017296313199e-04 9.996586253982703285e-01 0.000000000000000000e+00 0.000000000000000000e+00 0.000000000000000000e+00
2.275000000000000000e+04 9.099806249759212484e-02 7.965407373691396923e-04 9.992034592626308775e-01 0.000000000000000000e+00 0.000000000000000000e+00 0.000000000000000000e+00
2.300000000000000000e+04 9.199804120635701743e-02 1.593081474738279385e-03 9.981793354574419741e-01 0.000000000000000000e+00 2.275830678197542133e-04 0.000000000000000000e+00
2.325000000000000000e+04 9.299801991512168797e-02 1.479289940828402332e-03 9.984069185252617551e-01 0.000000000000000000e+00 1.137915339098771066e-04 0.000000000000000000e+00
2.350000000000000000e+04 9.399799862388635852e-02 3.299954483386436255e-03 9.964724624487938387e-01 0.000000000000000000e+00 2.275830678197542133e-04 0.000000000000000000e+00
2.375000000000000000e+04 9.499797733265125110e-02 2.503413746017296455e-03 9.973827947200728516e-01 0.000000000000000000e+00 1.137915339098771066e-04 0.000000000000000000e+00
2.400000000000000000e+04 9.599795604141592165e-02 1.024123805188893906e-03 9.989758761948110966e-01 0.000000000000000000e+00 0.000000000000000000e+00 0.000000000000000000e+00
2.425000000000000000e+04 9.699793475018059219e-02 3.527537551206190360e-03 9.963586709148839482e-01 0.000000000000000000e+00 1.137915339098771066e-04 0.000000000000000000e+00
2.450000000000000000e+04 9.799791345894548478e-02 3.413746017296313308e-03 9.963586709148839482e-01 0.000000000000000000e+00 2.275830678197542133e-04 0.000000000000000000e+00
2.475000000000000000e+04 9.899789216771015532e-02 2.048247610377787811e-03 9.979517523896221931e-01 0.000000000000000000e+00 0.000000000000000000e+00 0.000000000000000000e+00
2.500000000000000000e+04 9.999787087647482586e-02 3.413746017296313308e-03 9.963586709148839482e-01 0.000000000000000000e+00 2.275830678197542133e-04 0.000000000000000000e+00
2.525000000000000000e+04 1.009978495852397185e-01 4.779244424214838804e-03 9.951069640418752638e-01 0.000000000000000000e+00 1.137915339098771066e-04 0.000000000000000000e+00
2.550000000000000000e+04 1.019978282940043890e-01 3.755120619025944465e-03 9.960172963131542767e-01 0.000000000000000000e+00 2.275830678197542133e-04 0.000000000000000000e+00
2.575000000000000000e+04 1.029978070027690595e-01 5.689576695493855224e-03 9.936276741010469093e-01 0.000000000000000000e+00 6.827492034592626399e-04 0.000000000000000000e+00
2.600000000000000000e+04 1.039977857115339521e-01 6.941283568502503235e-03 9.924897587619481154e-01 0.000000000000000000e+00 5.689576695493854790e-04 0.000000000000000000e+00
2.625000000000000000e+04 1.049977644202986227e-01 7.396449704142011444e-03 9.921483841602184439e-01 0.000000000000000000e+00 4.551661356395084266e-04 0.000000000000000000e+00
2.650000000000000000e+04 1.059977431290632932e-01 5.917159763313609329e-03 9.932862994993172379e-01 0.000000000000000000e+00 7.965407373691396923e-04 0.000000000000000000e+00
2.675000000000000000e+04 1.069977218378281858e-01 8.989531178880291046e-03 9.905553026854801990e-01 0.000000000000000000e+00 4.551661356395084266e-04 0.000000000000000000e+00
2.700000000000000000e+04 1.079977005465928563e-01 1.319981793354574502e-02 9.850933090578061213e-01 0.000000000000000000e+00 1.706873008648156654e-03 0.000000000000000000e+00
2.725000000000000000e+04 1.089976792553577489e-01 2.127901684114701791e-02 9.708693673190714746e-01 0.000000000000000000e+00 7.851615839781519654e-03 0.000000000000000000e+00
2.750000000000000000e+04 1.099976579641224195e-01 7.578516158397814728e-02 6.238051888939463163e-01 0.000000000000000000e+00 3.004096495220755503e-01 0.000000000000000000e+00
2.775000000000000000e+04 1.109976366728870900e-01 1.266499772416932179e-01 3.692535275375511961e-01 2.275830678197542133e-04 5.038689121529358328e-01 0.000000000000000000e+00
2.800000000000000000e+04 1.119976153816519826e-01 2.455621301775147980e-01 4.845243513882567243e-01 1.981110605370960398e-01 7.180245789713245175e-02 0.000000000000000000e+00
2.825000000000000000e+04 1.129975940904166531e-01 1.709148839326354030e-01 6.127674101046881594e-01 2.089212562585343602e-01 7.396449704142011444e-03 0.000000000000000000e+00
2.850000000000000000e+04 1.139975727991813237e-01 1.182294037323623065e-01 7.024351388256713236e-01 1.756941283568502488e-01 3.641329085116067413e-03 0.000000000000000000e+00
2.875000000000000000e+04 1.149975515079462163e-01 8.363677742375967561e-02 7.405553026854801990e-01 1.735320892125625791e-01 2.275830678197541916e-03 0.000000000000000000e+00
2.900000000000000000e+04 1.159975302167108868e-01 7.134729176149294527e-02 7.592171142467000200e-01 1.675011379153391045e-01 1.934456076467910759e-03 0.000000000000000000e+00
2.925000000000000000e+04 1.169975089254755574e-01 6.873008648156576916e-02 7.647928994082839882e-01 1.648839326354119283e-01 1.593081474738279385e-03 0.000000000000000000e+00
2.950000000000000000e+04 1.179974876342404499e-01 5.314064633591260994e-02 7.895994538006372299e-01 1.549840691852526209e-01 2.275830678197541916e-03 0.000000000000000000e+00
2.975000000000000000e+04 1.189974663430051205e-01 5.143377332726445372e-02 7.910787437414655843e-01 1.549840691852526209e-01 2.503413746017296455e-03 0.000000000000000000e+00
3.000000000000000000e+04 1.199974450517697910e-01 5.211652253072371344e-02 7.906235776058261333e-01 1.543013199817933612e-01 2.958579881656804664e-03 0.000000000000000000e+00
3.025000000000000000e+04 1.209974237605346836e-01 5.166135639508420696e-02 7.917614929449249273e-01 1.540737369139736079e-01 2.503413746017296455e-03 0.000000000000000000e+00
3.050000000000000000e+04 1.219974024692993542e-01 5.427856167501137613e-02 7.911925352753754748e-01 1.527082385070550885e-01 1.820664542558033706e-03 0.000000000000000000e+00
3.075000000000000000e+04 1.229973811780640247e-01 5.188893946290396020e-02 7.911925352753754748e-01 1.550978607191624836e-01 1.820664542558033706e-03 0.000000000000000000e+00
3.100000000000000000e+04 1.239973598868289173e-01 5.097860719162494031e-02 7.906235776058261333e-01 1.555530268548019901e-01 2.844788347746927612e-03 0.000000000000000000e+00
3.125000000000000000e+04 1.249973385955935878e-01 5.405097860719162289e-02 7.886891215293582169e-01 1.554392353208921274e-01 1.820664542558033706e-03 0.000000000000000000e+00
3.150000000000000000e+04 1.259973173043584804e-01 5.291306326809285671e-02 7.906235776058261333e-01 1.537323623122439642e-01 2.730996813837050560e-03 0.000000000000000000e+00
3.175000000000000000e+04 1.269972960131231510e-01 5.439235320892125969e-02 7.881201638598088755e-01 1.553254437869822369e-01 2.162039144287664864e-03 0.000000000000000000e+00
3.200000000000000000e+04 1.279972747218878215e-01 5.325443786982248656e-02 7.883477469276285454e-01 1.554392353208921274e-01 2.958579881656804664e-03 0.000000000000000000e+00
3.225000000000000000e+04 1.289972534306527141e-01 5.257168866636321991e-02 7.893718707328174489e-01 1.547564861174328676e-01 3.299954483386436255e-03 0.000000000000000000e+00
3.250000000000000000e+04 1.299972321394173846e-01 5.496131087847064278e-02 7.874374146563495325e-01 1.543013199817933612e-01 3.299954483386436255e-03 0.000000000000000000e+00
3.275000000000000000e+04 1.309972108481820552e-01 5.530268548020027264e-02 7.855029585798816161e-01 1.550978607191624836e-01 4.096495220755575623e-03 0.000000000000000000e+00
3.300000000000000000e+04 1.319971895569469478e-01 5.780609922621757213e-02 7.829995448338643582e-01 1.561219845243513871e-01 3.072371415566681717e-03 0.000000000000000000e+00
3.325000000000000000e+04 1.329971682657116183e-01 5.553026854802002588e-02 7.844788347746927126e-01 1.557806099226217433e-01 4.210286754665453109e-03 0.000000000000000000e+00
3.350000000000000000e+04 1.339971469744762889e-01 5.860263996358670846e-02 7.826581702321346867e-01 1.548702776513427304e-01 3.868912152935821518e-03 0.000000000000000000e+00
3.375000000000000000e+04 1.349971256832411814e-01 5.769230769230769551e-02 7.829995448338643582e-01 1.555530268548019901e-01 3.755120619025944465e-03 0.000000000000000000e+00
3.400000000000000000e+04 1.359971043920058520e-01 6.042330450614474130e-02 7.779927173418297315e-01 1.570323167956304000e-01 4.551661356395083832e-03 0.000000000000000000e+00
3.425000000000000000e+04 1.369970831007705225e-01 6.952662721893490549e-02 7.677514792899408080e-01 1.594219390077378229e-01 3.299954483386436255e-03 0.000000000000000000e+00
3.450000000000000000e+04 1.379970618095354151e-01 7.976786527082385669e-02 7.287209831588530307e-01 1.873008648156577194e-01 4.210286754665453109e-03 0.000000000000000000e+00
3.475000000000000000e+04 1.389970405183000857e-01 5.780609922621757213e-02 7.819754210286754548e-01 1.585116067364588099e-01 1.706873008648156654e-03 0.000000000000000000e+00
3.500000000000000000e+04 1.399970192270647562e-01 4.824761037778789452e-02 7.959717796995903205e-01 1.547564861174328676e-01 1.024123805188893906e-03 0.000000000000000000e+00
3.525000000000000000e+04 1.409969979358296488e-01 4.745106964041875125e-02 7.959717796995903205e-01 1.555530268548019901e-01 1.024123805188893906e-03 0.000000000000000000e+00
3.550000000000000000e+04 1.419969766445943193e-01 4.858898497951752438e-02 7.964269458352298825e-01 1.529358215748748417e-01 2.048247610377787811e-03 0.000000000000000000e+00
3.575000000000000000e+04 1.429969553533592119e-01 5.040964952207555722e-02 7.955166135639508695e-01 1.528220300409649512e-01 1.251706873008648227e-03 0.000000000000000000e+00
3.600000000000000000e+04 1.439969340621238825e-01 4.881656804733727761e-02 7.959717796995903205e-01 1.539599453800637174e-01 1.251706873008648227e-03 0.000000000000000000e+00
3.625000000000000000e+04 1.449969127708885530e-01 4.733727810650887463e-02 7.969959035047792240e-01 1.544151115157032239e-01 1.251706873008648227e-03 0.000000000000000000e+00
3.650000000000000000e+04 1.459968914796534456e-01 4.597177969959034827e-02 7.974510696404187859e-01 1.548702776513427304e-01 1.706873008648156654e-03 0.000000000000000000e+00
3.675000000000000000e+04 1.469968701884181161e-01 4.676832043695949154e-02 7.965407373691397730e-01 1.552116522530723741e-01 1.479289940828402332e-03 0.000000000000000000e+00
3.700000000000000000e+04 1.479968488971827867e-01 4.870277651342740100e-02 7.961993627674101015e-01 1.537323623122439642e-01 1.365498406918525280e-03 0.000000000000000000e+00
3.725000000000000000e+04 1.489968276059476793e-01 4.756486117432862787e-02 7.969959035047792240e-01 1.535047792444242110e-01 1.934456076467910759e-03 0.000000000000000000e+00
3.750000000000000000e+04 1.499968063147123498e-01 4.517523896222121194e-02 7.974510696404187859e-01 1.552116522530723741e-01 2.162039144287664864e-03 0.000000000000000000e+00
3.775000000000000000e+04 1.509967850234770204e-01 4.335457441966317910e-02 7.972234865725990050e-01 1.570323167956304000e-01 2.389622212107419402e-03 0.000000000000000000e+00
3.800000000000000000e+04 1.519967637322419129e-01 4.289940828402366568e-02 8.007510241238051663e-01 1.545289030496131144e-01 1.820664542558033706e-03 0.000000000000000000e+00
3.825000000000000000e+04 1.529967424410065835e-01 4.369594902139280895e-02 7.985889849795174689e-01 1.560081929904415243e-01 1.706873008648156654e-03 0.000000000000000000e+00
3.850000000000000000e+04 1.539967211497712540e-01 4.403732362312243881e-02 7.982476103777879084e-01 1.556668183887118806e-01 2.048247610377787811e-03 0.000000000000000000e+00
3.875000000000000000e+04 1.549966998585361466e-01 4.392353208921256219e-02 7.990441511151570309e-01 1.552116522530723741e-01 1.820664542558033706e-03 0.000000000000000000e+00
3.900000000000000000e+04 1.559966785673008172e-01 4.460628129267182190e-02 7.985889849795174689e-01 1.557806099226217433e-01 1.024123805188893906e-03 0.000000000000000000e+00
3.925000000000000000e+04 1.569966572760654877e-01 4.346836595357305572e-02 7.983614019116977989e-01 1.577150659990896597e-01 4.551661356395084266e-04 0.000000000000000000e+00
3.950000000000000000e+04 1.579966359848303803e-01 4.426490669094219205e-02 7.976786527082384559e-01 1.560081929904415243e-01 2.048247610377787811e-03 0.000000000000000000e+00
3.975000000000000000e+04 1.589966146935950508e-01 4.187528447883477611e-02 7.997269003186162628e-01 1.560081929904415243e-01 2.389622212107419402e-03 0.000000000000000000e+00
4.000000000000000000e+04 1.599965934023599434e-01 4.403732362312243881e-02 7.987027765134273594e-01 1.556668183887118806e-01 1.593081474738279385e-03 0.000000000000000000e+00
4.025000000000000000e+04 1.609965721111246140e-01 4.449248975876194528e-02 7.988165680473372499e-01 1.556668183887118806e-01 1.024123805188893906e-03 0.000000000000000000e+00
4.050000000000000000e+04 1.619965508198892845e-01 4.437869822485206867e-02 7.975648611743286764e-01 1.563495675921711403e-01 1.706873008648156654e-03 0.000000000000000000e+00
4.075000000000000000e+04 1.629965295286541771e-01 4.483386436049158208e-02 7.984751934456076894e-01 1.545289030496131144e-01 2.162039144287664864e-03 0.000000000000000000e+00
4.100000000000000000e+04 1.639965082374188476e-01 4.346836595357305572e-02 7.993855257168867023e-01 1.557806099226217433e-01 1.365498406918525280e-03 0.000000000000000000e+00
4.125000000000000000e+04 1.649964869461835182e-01 4.483386436049158208e-02 7.965407373691397730e-01 1.568047337278106468e-01 1.820664542558033706e-03 0.000000000000000000e+00
4.150000000000000000e+04 1.659964656549484108e-01 4.688211197086936816e-02 7.956304050978607600e-01 1.556668183887118806e-01 1.820664542558033706e-03 0.000000000000000000e+00
4.175000000000000000e+04 1.669964443637130813e-01 4.392353208921256219e-02 7.999544833864360438e-01 1.545289030496131144e-01 1.593081474738279385e-03 0.000000000000000000e+00
4.200000000000000000e+04 1.679964230724777519e-01 4.619936276741010150e-02 7.960855712335002110e-01 1.563495675921711403e-01 1.365498406918525280e-03 0.000000000000000000e+00
4.225000000000000000e+04 1.689964017812426444e-01 4.665452890304961492e-02 7.956304050978607600e-01 1.568047337278106468e-01 9.103322712790168532e-04 0.000000000000000000e+00
4.250000000000000000e+04 1.699963804900073150e-01 4.608557123350022489e-02 7.969959035047792240e-01 1.554392353208921274e-01 1.479289940828402332e-03 0.000000000000000000e+00
4.275000000000000000e+04 1.709963591987719855e-01 4.995448338643605074e-02 7.903959945380063523e-01 1.580564406008193035e-01 1.593081474738279385e-03 0.000000000000000000e+00
4.300000000000000000e+04 1.719963379075368781e-01 4.904415111515703085e-02 7.922166590805643782e-01 1.570323167956304000e-01 1.706873008648156654e-03 0.000000000000000000e+00
4.325000000000000000e+04 1.729963166163015487e-01 5.154756486117433034e-02 7.857305416477013971e-01 1.609012289485662328e-01 1.820664542558033706e-03 0.000000000000000000e+00
4.350000000000000000e+04 1.739962953250662192e-01 5.951297223486572835e-02 7.694583522985889434e-01 1.690942193900773771e-01 1.934456076467910759e-03 0.000000000000000000e+00
4.375000000000000000e+04 1.749962740338311118e-01 7.601274465179790052e-02 7.467000455166135087e-01 1.744424214838415921e-01 2.844788347746927612e-03 0.000000000000000000e+00
4.400000000000000000e+04 1.759962527425957823e-01 7.555757851615839404e-02 7.555757851615839682e-01 1.657942649066909413e-01 3.072371415566681717e-03 0.000000000000000000e+00
4.425000000000000000e+04 1.769962314513606749e-01 6.850250341374601593e-02 7.703686845698679564e-01 1.594219390077378229e-01 1.706873008648156654e-03 0.000000000000000000e+00
4.450000000000000000e+04 1.779962101601253455e-01 6.770596267637687959e-02 7.657032316795630011e-01 1.647701411015020379e-01 1.820664542558033706e-03 0.000000000000000000e+00
4.475000000000000000e+04 1.789961888688900160e-01 6.395084205735093730e-02 7.727583067819754348e-01 1.613563950842057393e-01 1.934456076467910759e-03 0.000000000000000000e+00
4.500000000000000000e+04 1.799961675776549086e-01 6.110605370960400795e-02 7.736686390532544477e-01 1.619253527537551085e-01 3.299954483386436255e-03 0.000000000000000000e+00
4.525000000000000000e+04 1.809961462864195791e-01 6.178880291306326766e-02 7.733272644515247762e-01 1.620391442876649990e-01 2.844788347746927612e-03 0.000000000000000000e+00
4.550000000000000000e+04 1.819961249951842497e-01 6.406463359126081392e-02 7.720755575785162028e-01 1.618115612198452458e-01 2.048247610377787811e-03 0.000000000000000000e+00
4.575000000000000000e+04 1.829961037039491423e-01 6.190259444697314428e-02 7.732134729176148857e-01 1.620391442876649990e-01 2.844788347746927612e-03 0.000000000000000000e+00
4.600000000000000000e+04 1.839960824127138128e-01 6.349567592171143082e-02 7.733272644515247762e-01 1.603322712790168358e-01 2.844788347746927612e-03 0.000000000000000000e+00
4.625000000000000000e+04 1.849960611214784834e-01 6.201638598088302090e-02 7.741238051888938987e-01 1.616977696859353553e-01 2.162039144287664864e-03 0.000000000000000000e+00
4.650000000000000000e+04 1.859960398302433759e-01 6.497496586253982687e-02 7.686618115612198210e-01 1.632908511606736557e-01 3.072371415566681717e-03 0.000000000000000000e+00
4.675000000000000000e+04 1.869960185390080465e-01 6.360946745562130744e-02 7.728720983158853253e-01 1.607874374146563423e-01 2.730996813837050560e-03 0.000000000000000000e+00
4.700000000000000000e+04 1.879959972477727170e-01 6.520254893035958010e-02 7.718479745106964218e-01 1.597633136094674666e-01 3.186162949476558769e-03 0.000000000000000000e+00
4.725000000000000000e+04 1.889959759565376096e-01 6.440600819299044377e-02 7.705962676376877374e-01 1.615839781520254925e-01 3.413746017296313308e-03 0.000000000000000000e+00
4.750000000000000000e+04 1.899959546653022802e-01 6.520254893035958010e-02 7.712790168411469693e-01 1.607874374146563423e-01 2.730996813837050560e-03 0.000000000000000000e+00
4.775000000000000000e+04 1.909959333740671727e-01 6.725079654073737312e-02 7.667273554847519046e-01 1.645425580336822846e-01 1.479289940828402332e-03 0.000000000000000000e+00
4.800000000000000000e+04 1.919959120828318433e-01 6.929904415111515226e-02 7.639963586709148657e-01 1.642011834319526686e-01 2.503413746017296455e-03 0.000000000000000000e+00
4.825000000000000000e+04 1.929958907915965138e-01 6.827492034592626269e-02 7.692307692307692735e-01 1.596495220755575761e-01 2.844788347746927612e-03 0.000000000000000000e+00
4.850000000000000000e+04 1.939958695003614064e-01 6.907146108329539902e-02 7.670687300864815761e-01 1.612426035502958488e-01 2.617205279927173507e-03 0.000000000000000000e+00
4.875000000000000000e+04 1.949958482091260770e-01 7.100591715976331542e-02 7.679790623577605890e-01 1.579426490669094130e-01 3.072371415566681717e-03 0.000000000000000000e+00
4.900000000000000000e+04 1.959958269178907475e-01 6.929904415111515226e-02 7.655894401456531106e-01 1.613563950842057393e-01 3.755120619025944465e-03 0.000000000000000000e+00
4.925000000000000000e+04 1.969958056266556401e-01 7.020937642239417908e-02 7.691169776968593830e-01 1.585116067364588099e-01 2.162039144287664864e-03 0.000000000000000000e+00
4.950000000000000000e+04 1.979957843354203106e-01 7.020937642239417908e-02 7.699135184342285054e-01 1.578288575329995502e-01 2.048247610377787811e-03 0.000000000000000000e+00
4.975000000000000000e+04 1.989957630441849812e-01 6.941283568502502888e-02 7.694583522985889434e-01 1.591943559399180697e-01 1.934456076467910759e-03 0.000000000000000000e+00
5.000000000000000000e+04 1.999957417529498738e-01 6.816112881201638607e-02 7.704824761037778469e-01 1.591943559399180697e-01 2.162039144287664864e-03 0.000000000000000000e+00
5.025000000000000000e+04 2.009957204617145443e-01 6.964041875284478211e-02 7.695721438324988339e-01 1.578288575329995502e-01 2.958579881656804664e-03 0.000000000000000000e+00
5.050000000000000000e+04 2.019956991704792149e-01 7.066454255803368556e-02 7.705962676376877374e-01 1.563495675921711403e-01 2.389622212107419402e-03 0.000000000000000000e+00
5.075000000000000000e+04 2.029956778792441074e-01 7.225762403277195822e-02 7.675238962221210270e-01 1.579426490669094130e-01 2.275830678197541916e-03 0.000000000000000000e+00
5.100000000000000000e+04 2.039956565880087780e-01 7.100591715976331542e-02 7.661583978152025631e-01 1.604460628129267263e-01 2.389622212107419402e-03 0.000000000000000000e+00
5.125000000000000000e+04 2.049956352967734485e-01 6.941283568502502888e-02 7.644515248065544277e-01 1.624943104233045055e-01 3.641329085116067413e-03 0.000000000000000000e+00
5.150000000000000000e+04 2.059956140055383411e-01 6.838871187983613931e-02 7.654756486117433312e-01 1.627218934911242587e-01 3.413746017296313308e-03 0.000000000000000000e+00
5.175000000000000000e+04 2.069955927143030117e-01 7.066454255803368556e-02 7.635411925352754148e-01 1.630632680928539024e-01 2.730996813837050560e-03 0.000000000000000000e+00
5.200000000000000000e+04 2.079955714230679042e-01 7.055075102412380894e-02 7.634274010013655243e-01 1.639736003641329154e-01 2.048247610377787811e-03 0.000000000000000000e+00
5.225000000000000000e+04 2.089955501318325748e-01 6.850250341374601593e-02 7.678652708238506985e-01 1.601046882111970826e-01 3.527537551206190360e-03 0.000000000000000000e+00
5.250000000000000000e+04 2.099955288405972453e-01 6.759217114246700298e-02 7.657032316795630011e-01 1.631770596267637652e-01 3.527537551206190360e-03 0.000000000000000000e+00
5.275000000000000000e+04 2.109955075493621379e-01 6.713700500682749650e-02 7.711652253072371899e-01 1.598771051433773294e-01 1.820664542558033706e-03 0.000000000000000000e+00
5.300000000000000000e+04 2.119954862581268085e-01 6.645425580336822291e-02 7.734410559854346667e-01 1.585116067364588099e-01 1.593081474738279385e-03 0.000000000000000000e+00
5.325000000000000000e+04 2.129954649668914790e-01 6.895766954938552240e-02 7.637687756030950847e-01 1.647701411015020379e-01 2.503413746017296455e-03 0.000000000000000000e+00
5.350000000000000000e+04 2.139954436756563716e-01 5.791989076012744875e-02 7.700273099681383959e-01 1.680700955848884737e-01 3.982703686845699004e-03 0.000000000000000000e+00
5.375000000000000000e+04 2.149954223844210421e-01 5.848884842967683184e-02 7.703686845698679564e-01 1.680700955848884737e-01 3.072371415566681717e-03 0.000000000000000000e+00
5.400000000000000000e+04 2.159954010931857127e-01 5.837505689576695522e-02 7.723031406463358728e-01 1.661356395084205850e-01 3.186162949476558769e-03 0.000000000000000000e+00
5.425000000000000000e+04 2.169953798019506053e-01 5.985434683659535821e-02 7.701411015020482864e-01 1.665908056440600915e-01 3.413746017296313308e-03 0.000000000000000000e+00
5.450000000000000000e+04 2.179953585107152758e-01 5.598543468365953235e-02 7.735548475193445572e-01 1.665908056440600915e-01 3.868912152935821518e-03 0.000000000000000000e+00
5.475000000000000000e+04 2.189953372194799464e-01 5.985434683659535821e-02 7.708238507055075184e-01 1.669321802457897075e-01 2.389622212107419402e-03 0.000000000000000000e+00
5.500000000000000000e+04 2.199953159282448389e-01 6.008192990441511144e-02 7.725307237141556538e-01 1.646563495675921751e-01 2.730996813837050560e-03 0.000000000000000000e+00
5.525000000000000000e+04 2.209952946370095095e-01 5.564406008192990249e-02 7.822030040964952358e-01 1.593081474738279601e-01 2.844788347746927612e-03 0.000000000000000000e+00
5.550000000000000000e+04 2.219952733457741800e-01 5.905780609922621494e-02 7.782203004096495125e-01 1.597633136094674666e-01 2.958579881656804664e-03 0.000000000000000000e+00
5.575000000000000000e+04 2.229952520545390726e-01 6.213017751479289752e-02 7.740100136549841192e-01 1.615839781520254925e-01 2.275830678197541916e-03 0.000000000000000000e+00
5.600000000000000000e+04 2.239952307633037432e-01 5.871643149749658508e-02 7.770823850705507185e-01 1.604460628129267263e-01 3.755120619025944465e-03 0.000000000000000000e+00
5.625000000000000000e+04 2.249952094720686357e-01 5.848884842967683184e-02 7.790168411470186349e-01 1.599908966772872199e-01 2.503413746017296455e-03 0.000000000000000000e+00
5.650000000000000000e+04 2.259951881808333063e-01 5.985434683659535821e-02 7.743513882567136797e-01 1.622667273554847522e-01 3.527537551206190360e-03 0.000000000000000000e+00
5.675000000000000000e+04 2.269951668895979768e-01 5.700955848884842886e-02 7.794720072826581969e-01 1.597633136094674666e-01 3.755120619025944465e-03 0.000000000000000000e+00
