# itime ezz other fcc hcp bcc ico
0.000000000000000000e+00 0.000000000000000000e+00 0.000000000000000000e+00 1.000000000000000000e+00 0.000000000000000000e+00 0.000000000000000000e+00 0.000000000000000000e+00
5.000000000000000000e+02 1.999983954094508576e-03 0.000000000000000000e+00 1.000000000000000000e+00 0.000000000000000000e+00 0.000000000000000000e+00 0.000000000000000000e+00
1.000000000000000000e+03 3.999967908189017152e-03 0.000000000000000000e+00 1.000000000000000000e+00 0.000000000000000000e+00 0.000000000000000000e+00 0.000000000000000000e+00
1.500000000000000000e+03 5.999951862283525728e-03 0.000000000000000000e+00 1.000000000000000000e+00 0.000000000000000000e+00 0.000000000000000000e+00 0.000000000000000000e+00
2.000000000000000000e+03 7.999935816378034303e-03 0.000000000000000000e+00 1.000000000000000000e+00 0.000000000000000000e+00 0.000000000000000000e+00 0.000000000000000000e+00
2.500000000000000000e+03 9.999919770472542879e-03 0.000000000000000000e+00 1.000000000000000000e+00 0.000000000000000000e+00 0.000000000000000000e+00 0.000000000000000000e+00
3.000000000000000000e+03 1.199990372456682941e-02 0.000000000000000000e+00 1.000000000000000000e+00 0.000000000000000000e+00 0.000000000000000000e+00 0.000000000000000000e+00
3.500000000000000000e+03 1.399988767866133799e-02 0.000000000000000000e+00 1.000000000000000000e+00 0.000000000000000000e+00 0.000000000000000000e+00 0.000000000000000000e+00
4.000000000000000000e+03 1.599987163275584656e-02 0.000000000000000000e+00 1.000000000000000000e+00 0.000000000000000000e+00 0.000000000000000000e+00 0.000000000000000000e+00
4.500000000000000000e+03 1.799985558685035514e-02 0.000000000000000000e+00 1.000000000000000000e+00 0.000000000000000000e+00 0.000000000000000000e+00 0.000000000000000000e+00
5.000000000000000000e+03 1.999983954094486371e-02 0.000000000000000000e+00 1.000000000000000000e+00 0.000000000000000000e+00 0.000000000000000000e+00 0.000000000000000000e+00
5.500000000000000000e+03 2.199982349503937229e-02 0.000000000000000000e+00 1.000000000000000000e+00 0.000000000000000000e+00 0.000000000000000000e+00 0.000000000000000000e+00
6.000000000000000000e+03 2.399980744913388087e-02 0.000000000000000000e+00 1.000000000000000000e+00 0.000000000000000000e+00 0.000000000000000000e+00 0.000000000000000000e+00
6.500000000000000000e+03 2.599979140322838944e-02 0.000000000000000000e+00 1.000000000000000000e+00 0.000000000000000000e+00 0.000000000000000000e+00 0.000000000000000000e+00
7.000000000000000000e+03 2.799977535732289802e-02 0.000000000000000000e+00 1.000000000000000000e+00 0.000000000000000000e+00 0.000000000000000000e+00 0.000000000000000000e+00
7.500000000000000000e+03 2.999975931141740659e-02 0.000000000000000000e+00 1.000000000000000000e+00 0.000000000000000000e+00 0.000000000000000000e+00 0.000000000000000000e+00
8.000000000000000000e+03 3.199974326551191517e-02 0.000000000000000000e+00 1.000000000000000000e+00 0.000000000000000000e+00 0.000000000000000000e+00 0.000000000000000000e+00
8.500000000000000000e+03 3.399972721960642374e-02 0.000000000000000000e+00 1.000000000000000000e+00 0.000000000000000000e+00 0.000000000000000000e+00 0.000000000000000000e+00
9.000000000000000000e+03 3.599971117370071028e-02 0.000000000000000000e+00 1.000000000000000000e+00 0.000000000000000000e+00 0.000000000000000000e+00 0.000000000000000000e+00
9.500000000000000000e+03 3.799969512779521885e-02 0.000000000000000000e+00 1.000000000000000000e+00 0.000000000000000000e+00 0.000000000000000000e+00 0.000000000000000000e+00
1.000000000000000000e+04 3.999967908188972743e-02 0.000000000000000000e+00 1.000000000000000000e+00 0.000000000000000000e+00 0.000000000000000000e+00 0.000000000000000000e+00
1.050000000000000000e+04 4.199966303598423600e-02 0.000000000000000000e+00 1.000000000000000000e+00 0.000000000000000000e+00 0.000000000000000000e+00 0.000000000000000000e+00
1.100000000000000000e+04 4.399964699007874458e-02 0.000000000000000000e+00 1.000000000000000000e+00 0.000000000000000000e+00 0.000000000000000000e+00 0.000000000000000000e+00
1.150000000000000000e+04 4.599963094417325316e-02 0.000000000000000000e+00 1.000000000000000000e+00 0.000000000000000000e+00 0.000000000000000000e+00 0.000000000000000000e+00
1.200000000000000000e+04 4.799961489826776173e-02 0.000000000000000000e+00 1.000000000000000000e+00 0.000000000000000000e+00 0.000000000000000000e+00 0.000000000000000000e+00
1.250000000000000000e+04 4.999959885236227031e-02 0.000000000000000000e+00 1.000000000000000000e+00 0.000000000000000000e+00 0.000000000000000000e+00 0.000000000000000000e+00
1.300000000000000000e+04 5.199958280645677888e-02 0.000000000000000000e+00 1.000000000000000000e+00 0.000000000000000000e+00 0.000000000000000000e+00 0.000000000000000000e+00
1.350000000000000000e+04 5.399956676055128746e-02 1.137915339098771066e-04 9.998862084660901095e-01 0.000000000000000000e+00 0.000000000000000000e+00 0.000000000000000000e+00
1.400000000000000000e+04 5.599955071464579603e-02 0.000000000000000000e+00 1.000000000000000000e+00 0.000000000000000000e+00 0.000000000000000000e+00 0.000000000000000000e+00
1.450000000000000000e+04 5.799953466874030461e-02 0.000000000000000000e+00 1.000000000000000000e+00 0.000000000000000000e+00 0.000000000000000000e+00 0.000000000000000000e+00
1.500000000000000000e+04 5.999951862283459114e-02 0.000000000000000000e+00 1.000000000000000000e+00 0.000000000000000000e+00 0.000000000000000000e+00 0.000000000000000000e+00
1.550000000000000000e+04 6.199950257692909972e-02 0.000000000000000000e+00 1.000000000000000000e+00 0.000000000000000000e+00 0.000000000000000000e+00 0.000000000000000000e+00
1.600000000000000000e+04 6.399948653102360829e-02 0.000000000000000000e+00 1.000000000000000000e+00 0.000000000000000000e+00 0.000000000000000000e+00 0.000000000000000000e+00
1.650000000000000000e+04 6.599947048511811687e-02 0.000000000000000000e+00 1.000000000000000000e+00 0.000000000000000000e+00 0.000000000000000000e+00 0.000000000000000000e+00
1.700000000000000000e+04 6.799945443921262545e-02 0.000000000000000000e+00 1.000000000000000000e+00 0.000000000000000000e+00 0.000000000000000000e+00 0.000000000000000000e+00
1.750000000000000000e+04 6.999943839330713402e-02 1.137915339098771066e-04 9.998862084660901095e-01 0.000000000000000000e+00 0.000000000000000000e+00 0.000000000000000000e+00
1.800000000000000000e+04 7.199942234740164260e-02 4.551661356395084266e-04 9.995448338643604380e-01 0.000000000000000000e+00 0.000000000000000000e+00 0.000000000000000000e+00
1.850000000000000000e+04 7.399940630149615117e-02 0.000000000000000000e+00 1.000000000000000000e+00 0.000000000000000000e+00 0.000000000000000000e+00 0.000000000000000000e+00
1.900000000000000000e+04 7.599939025559065975e-02 4.551661356395084266e-04 9.994310423304506585e-01 0.000000000000000000e+00 1.137915339098771066e-04 0.000000000000000000e+00
1.950000000000000000e+04 7.799937420968516832e-02 4.551661356395084266e-04 9.995448338643604380e-01 0.000000000000000000e+00 0.000000000000000000e+00 0.000000000000000000e+00
2.000000000000000000e+04 7.999935816377967690e-02 9.103322712790168532e-04 9.990896677287209870e-01 0.000000000000000000e+00 0.000000000000000000e+00 0.000000000000000000e+00
2.050000000000000000e+04 8.199934211787396343e-02 4.551661356395084266e-04 9.995448338643604380e-01 0.000000000000000000e+00 0.000000000000000000e+00 0.000000000000000000e+00
2.100000000000000000e+04 8.399932607196847201e-02 7.965407373691396923e-04 9.992034592626308775e-01 0.000000000000000000e+00 0.000000000000000000e+00 0.000000000000000000e+00
2.150000000000000000e+04 8.599931002606298058e-02 7.965407373691396923e-04 9.990896677287209870e-01 0.000000000000000000e+00 1.137915339098771066e-04 0.000000000000000000e+00
2.200000000000000000e+04 8.799929398015748916e-02 7.965407373691396923e-04 9.988620846609012061e-01 0.000000000000000000e+00 3.413746017296313199e-04 0.000000000000000000e+00
2.250000000000000000e+04 8.999927793425199773e-02 1.137915339098770958e-03 9.988620846609012061e-01 0.000000000000000000e+00 0.000000000000000000e+00 0.000000000000000000e+00
2.300000000000000000e+04 9.199926188834650631e-02 1.024123805188893906e-03 9.988620846609012061e-01 0.000000000000000000e+00 1.137915339098771066e-04 0.000000000000000000e+00
2.350000000000000000e+04 9.399924584244101489e-02 1.024123805188893906e-03 9.986345015930814251e-01 0.000000000000000000e+00 3.413746017296313199e-04 0.000000000000000000e+00
2.400000000000000000e+04 9.599922979653552346e-02 2.389622212107419402e-03 9.973827947200728516e-01 0.000000000000000000e+00 2.275830678197542133e-04 0.000000000000000000e+00
2.450000000000000000e+04 9.799921375063003204e-02 1.137915339098770958e-03 9.988620846609012061e-01 0.000000000000000000e+00 0.000000000000000000e+00 0.000000000000000000e+00
2.500000000000000000e+04 9.999919770472454061e-02 3.641329085116067413e-03 9.962448793809740577e-01 0.000000000000000000e+00 1.137915339098771066e-04 0.000000000000000000e+00
2.550000000000000000e+04 1.019991816588190492e-01 3.982703686845699004e-03 9.957897132453344957e-01 0.000000000000000000e+00 2.275830678197542133e-04 0.000000000000000000e+00
2.600000000000000000e+04 1.039991656129135578e-01 4.437869822485207214e-03 9.952207555757851543e-01 0.000000000000000000e+00 3.413746017296313199e-04 0.000000000000000000e+00
2.650000000000000000e+04 1.059991495670078443e-01 1.126536185707783383e-02 9.875967228038233792e-01 0.000000000000000000e+00 1.137915339098770958e-03 0.000000000000000000e+00
2.700000000000000000e+04 1.079991335211023529e-01 1.536185707783340945e-02 9.808830223031406170e-01 0.000000000000000000e+00 3.755120619025944465e-03 0.000000000000000000e+00
2.750000000000000000e+04 1.099991174751968614e-01 1.827492034592626269e-01 3.829085116067364458e-01 2.958579881656804664e-03 4.313837050523440797e-01 0.000000000000000000e+00
2.800000000000000000e+04 1.119991014292913700e-01 1.934456076467910846e-01 5.604233045061447482e-01 2.324761037778789174e-01 1.365498406918525323e-02 0.000000000000000000e+00
2.850000000000000000e+04 1.139990853833858786e-01 1.277878925807919841e-01 6.426945835229859183e-01 2.248520710059171701e-01 4.665452890304961318e-03 0.000000000000000000e+00
2.900000000000000000e+04 1.159990693374803872e-01 9.456076467910787264e-02 6.713700500682748817e-01 2.270141101502048120e-01 7.055075102412380721e-03 0.000000000000000000e+00
2.950000000000000000e+04 1.179990532915748958e-01 8.955393718707328754e-02 6.832043695949021611e-01 2.224624487938097472e-01 4.779244424214838804e-03 0.000000000000000000e+00
3.000000000000000000e+04 1.199990372456694043e-01 9.433318161128811941e-02 6.885525716886663483e-01 2.147246244879381094e-01 2.389622212107419402e-03 0.000000000000000000e+00
3.050000000000000000e+04 1.219990211997639129e-01 7.032316795630405570e-02 7.669549385525716856e-01 1.598771051433773294e-01 2.844788347746927612e-03 0.000000000000000000e+00
3.100000000000000000e+04 1.239990051538584215e-01 4.403732362312243881e-02 8.042785616750113276e-01 1.499772416932180219e-01 1.706873008648156654e-03 0.000000000000000000e+00
3.150000000000000000e+04 1.259989891079529301e-01 4.085116067364587961e-02 8.108784706417841992e-01 1.467910787437414766e-01 1.479289940828402332e-03 0.000000000000000000e+00
3.200000000000000000e+04 1.279989730620474386e-01 3.595812471552116418e-02 8.144060081929904715e-01 1.481565771506599960e-01 1.479289940828402332e-03 0.000000000000000000e+00
3.250000000000000000e+04 1.299989570161417252e-01 3.595812471552116418e-02 8.145197997269003620e-01 1.488393263541192557e-01 6.827492034592626399e-04 0.000000000000000000e+00
3.300000000000000000e+04 1.319989409702362337e-01 3.732362312243969055e-02 8.124715521165225551e-01 1.495220755575785154e-01 6.827492034592626399e-04 0.000000000000000000e+00
3.350000000000000000e+04 1.339989249243307423e-01 3.800637232589895026e-02 8.109922621756940897e-01 1.496358670914884059e-01 1.365498406918525280e-03 0.000000000000000000e+00
3.400000000000000000e+04 1.359989088784252509e-01 3.720983158852981393e-02 8.130405097860718966e-01 1.487255348202093652e-01 1.024123805188893906e-03 0.000000000000000000e+00
3.450000000000000000e+04 1.379988928325197595e-01 3.652708238507055422e-02 8.138370505234410190e-01 1.483841602184797492e-01 1.251706873008648227e-03 0.000000000000000000e+00
3.500000000000000000e+04 1.399988767866142680e-01 3.755120619025944378e-02 8.125853436504324456e-01 1.481565771506599960e-01 1.706873008648156654e-03 0.000000000000000000e+00
3.550000000000000000e+04 1.419988607407087766e-01 3.777878925807919702e-02 8.122439690487027741e-01 1.482703686845698587e-01 1.706873008648156654e-03 0.000000000000000000e+00
3.600000000000000000e+04 1.439988446948032852e-01 3.755120619025944378e-02 8.120163859808829931e-01 1.486117432862995025e-01 1.820664542558033706e-03 0.000000000000000000e+00
3.650000000000000000e+04 1.459988286488977938e-01 3.675466545289030745e-02 8.126991351843423361e-01 1.490669094219390090e-01 1.479289940828402332e-03 0.000000000000000000e+00
3.700000000000000000e+04 1.479988126029923023e-01 3.459262630860263782e-02 8.133818843878015681e-01 1.494082840236686527e-01 2.617205279927173507e-03 0.000000000000000000e+00
3.750000000000000000e+04 1.499987965570868109e-01 3.459262630860263782e-02 8.142922166590805810e-01 1.492944924897587622e-01 1.820664542558033706e-03 0.000000000000000000e+00
3.800000000000000000e+04 1.519987805111813195e-01 3.846153846153846367e-02 8.112198452435138707e-01 1.474738279472007363e-01 2.844788347746927612e-03 0.000000000000000000e+00
3.850000000000000000e+04 1.539987644652756060e-01 5.518889394629039602e-02 8.031406463359126446e-01 1.395084205735093175e-01 2.162039144287664864e-03 0.000000000000000000e+00
3.900000000000000000e+04 1.559987484193701146e-01 3.254437869822485174e-02 8.146335912608101415e-01 1.506599908966772816e-01 2.162039144287664864e-03 0.000000000000000000e+00
3.950000000000000000e+04 1.579987323734646232e-01 3.208921256258534527e-02 8.148611743286299225e-01 1.508875739644970349e-01 2.162039144287664864e-03 0.000000000000000000e+00
4.000000000000000000e+04 1.599987163275591318e-01 3.152025489303595523e-02 8.163404642694583879e-01 1.505461993627674189e-01 1.593081474738279385e-03 0.000000000000000000e+00
4.050000000000000000e+04 1.619987002816536403e-01 3.299954483386435822e-02 8.173645880746472914e-01 1.483841602184797492e-01 1.251706873008648227e-03 0.000000000000000000e+00
4.100000000000000000e+04 1.639986842357481489e-01 3.345471096950387163e-02 8.145197997269003620e-01 1.505461993627674189e-01 1.479289940828402332e-03 0.000000000000000000e+00
4.150000000000000000e+04 1.659986681898426575e-01 3.208921256258534527e-02 8.157715065999089354e-01 1.495220755575785154e-01 2.617205279927173507e-03 0.000000000000000000e+00
4.200000000000000000e+04 1.679986521439371661e-01 3.379608557123350149e-02 8.148611743286299225e-01 1.504324078288575284e-01 9.103322712790168532e-04 0.000000000000000000e+00
4.250000000000000000e+04 1.699986360980316746e-01 3.277196176604460498e-02 8.161128812016386069e-01 1.496358670914884059e-01 1.479289940828402332e-03 0.000000000000000000e+00
4.300000000000000000e+04 1.719986200521261832e-01 3.220300409649522189e-02 8.165680473372780579e-01 1.497496586253982687e-01 1.479289940828402332e-03 0.000000000000000000e+00
4.350000000000000000e+04 1.739986040062206918e-01 3.334091943559399501e-02 8.150887573964497035e-01 1.503186162949476656e-01 1.251706873008648227e-03 0.000000000000000000e+00
4.400000000000000000e+04 1.759985879603149783e-01 3.288575329995448160e-02 8.163404642694583879e-01 1.496358670914884059e-01 1.137915339098770958e-03 0.000000000000000000e+00
4.450000000000000000e+04 1.779985719144094869e-01 3.390987710514337811e-02 8.152025489303595940e-01 1.494082840236686527e-01 1.479289940828402332e-03 0.000000000000000000e+00
4.500000000000000000e+04 1.799985558685039955e-01 3.379608557123350149e-02 8.159990896677287164e-01 1.490669094219390090e-01 1.137915339098770958e-03 0.000000000000000000e+00
4.550000000000000000e+04 1.819985398225985040e-01 3.413746017296313134e-02 8.145197997269003620e-01 1.496358670914884059e-01 1.706873008648156654e-03 0.000000000000000000e+00
4.600000000000000000e+04 1.839985237766930126e-01 3.334091943559399501e-02 8.156577150659990449e-01 1.497496586253982687e-01 1.251706873008648227e-03 0.000000000000000000e+00
4.650000000000000000e+04 1.859985077307875212e-01 3.334091943559399501e-02 8.146335912608101415e-01 1.500910332271279124e-01 1.934456076467910759e-03 0.000000000000000000e+00
4.700000000000000000e+04 1.879984916848820298e-01 3.345471096950387163e-02 8.145197997269003620e-01 1.498634501593081592e-01 2.162039144287664864e-03 0.000000000000000000e+00
4.750000000000000000e+04 1.899984756389765383e-01 3.618570778334091742e-02 8.116750113791534327e-01 1.502048247610377751e-01 1.934456076467910759e-03 0.000000000000000000e+00
4.800000000000000000e+04 1.919984595930710469e-01 3.516158397815202785e-02 8.119025944469731026e-01 1.505461993627674189e-01 2.389622212107419402e-03 0.000000000000000000e+00
4.850000000000000000e+04 1.939984435471655555e-01 3.880291306326809353e-02 8.080336822940372699e-01 1.510013654984069253e-01 2.162039144287664864e-03 0.000000000000000000e+00
4.900000000000000000e+04 1.959984275012600641e-01 4.198907601274465273e-02 8.054164770141101215e-01 1.511151570323167881e-01 1.479289940828402332e-03 0.000000000000000000e+00
4.950000000000000000e+04 1.979984114553545727e-01 4.528903049613108855e-02 7.876649977241693135e-01 1.647701411015020379e-01 2.275830678197541916e-03 0.000000000000000000e+00
5.000000000000000000e+04 1.999983954094488592e-01 9.797451069640418508e-02 6.281292671825216001e-01 2.676376877560309731e-01 6.258534365043240920e-03 0.000000000000000000e+00
5.050000000000000000e+04 2.019983793635433678e-01 9.672280382339554228e-02 6.247155211652253293e-01 2.712790168411470249e-01 7.282658170232134826e-03 0.000000000000000000e+00
5.100000000000000000e+04 2.039983633176378763e-01 1.071916249431042328e-01 5.964952207555758168e-01 2.870960400546199165e-01 9.217114246700046018e-03 0.000000000000000000e+00
5.150000000000000000e+04 2.059983472717323849e-01 1.092398725534820259e-01 6.403049613108784399e-01 2.428311333636777314e-01 7.624032771961766417e-03 0.000000000000000000e+00
5.200000000000000000e+04 2.079983312258268935e-01 1.043468365953573035e-01 6.478152025489303245e-01 2.437414656349567721e-01 4.096495220755575623e-03 0.000000000000000000e+00
5.250000000000000000e+04 2.099983151799214021e-01 1.075329995448338627e-01 6.461083295402821891e-01 2.413518434228493492e-01 5.006827492034592909e-03 0.000000000000000000e+00
5.300000000000000000e+04 2.119982991340159106e-01 1.087847064178425194e-01 6.389394629039599760e-01 2.484069185252617273e-01 3.868912152935821518e-03 0.000000000000000000e+00
5.350000000000000000e+04 2.139982830881104192e-01 1.114019116977696816e-01 6.323395539371871044e-01 2.525034137460173134e-01 3.755120619025944465e-03 0.000000000000000000e+00
5.400000000000000000e+04 2.159982670422049278e-01 1.070778334091943562e-01 6.349567592171142527e-01 2.528447883477469293e-01 5.120619025944469528e-03 0.000000000000000000e+00
5.450000000000000000e+04 2.179982509962994364e-01 1.142467000455166110e-01 6.093536640873918886e-01 2.713928083750569153e-01 5.006827492034592909e-03 0.000000000000000000e+00
5.500000000000000000e+04 2.199982349503939449e-01 1.139053254437869811e-01 6.125398270368684894e-01 2.692307692307692180e-01 4.324078288575329727e-03 0.000000000000000000e+00
5.550000000000000000e+04 2.219982189044884535e-01 1.118570778334091881e-01 6.133363677742376119e-01 2.687756030951297115e-01 6.030951297223486815e-03 0.000000000000000000e+00
5.600000000000000000e+04 2.239982028585827400e-01 1.151570323167956239e-01 6.120846609012289274e-01 2.672963131543013016e-01 5.461993627674101119e-03 0.000000000000000000e+00
5.650000000000000000e+04 2.259981868126772486e-01 1.160673645880746507e-01 6.107191624943104635e-01 2.668411470186617951e-01 6.372325898953117539e-03 0.000000000000000000e+00
5.700000000000000000e+04 2.279981707667717572e-01 1.170914883932635403e-01 6.137915339098770628e-01 2.652480655439235502e-01 3.868912152935821518e-03 0.000000000000000000e+00
5.750000000000000000e+04 2.299981547208662658e-01 1.194811106053709632e-01 6.132225762403277214e-01 2.621756941283568398e-01 5.120619025944469528e-03 0.000000000000000000e+00
5.800000000000000000e+04 2.319981386749607744e-01 1.140191169776968577e-01 6.194811106053709215e-01 2.611515703231679364e-01 5.348202093764223633e-03 0.000000000000000000e+00
5.850000000000000000e+04 2.339981226290552829e-01 1.161811561219845274e-01 6.160673645880746507e-01 2.636549840691852498e-01 4.096495220755575623e-03 0.000000000000000000e+00
5.900000000000000000e+04 2.359981065831497915e-01 1.207328174783796060e-01 5.982020937642239522e-01 2.765134274010013771e-01 4.551661356395083832e-03 0.000000000000000000e+00
5.950000000000000000e+04 2.379980905372443001e-01 1.194811106053709632e-01 5.952435138825671324e-01 2.815202548930359483e-01 3.755120619025944465e-03 0.000000000000000000e+00
6.000000000000000000e+04 2.399980744913388087e-01 1.199362767410104696e-01 6.000227583067819781e-01 2.761720527992717611e-01 3.868912152935821518e-03 0.000000000000000000e+00
6.050000000000000000e+04 2.419980584454333172e-01 1.208466090122894826e-01 5.955848884842968038e-01 2.803823395539372099e-01 3.186162949476558769e-03 0.000000000000000000e+00
6.100000000000000000e+04 2.439980423995278258e-01 1.210741920801092358e-01 5.925125170687300935e-01 2.800409649522075384e-01 6.372325898953117539e-03 0.000000000000000000e+00
6.150000000000000000e+04 2.459980263536221123e-01 1.234638142922166587e-01 5.894401456531633832e-01 2.833409194355939742e-01 3.755120619025944465e-03 0.000000000000000000e+00
6.200000000000000000e+04 2.479980103077166209e-01 1.250568957669549452e-01 5.868229403732362348e-01 2.844788347746927681e-01 3.641329085116067413e-03 0.000000000000000000e+00
6.250000000000000000e+04 2.499979942618111295e-01 1.267637687756031084e-01 5.799954483386435822e-01 2.890304961310878329e-01 4.210286754665453109e-03 0.000000000000000000e+00
6.300000000000000000e+04 2.519979782159056381e-01 1.309740555302685572e-01 5.534820209376422051e-01 3.097405553026854608e-01 5.803368229403732710e-03 0.000000000000000000e+00
6.350000000000000000e+04 2.539979621700001466e-01 1.338188438780154865e-01 5.452890304961310886e-01 3.173645880746472359e-01 3.527537551206190360e-03 0.000000000000000000e+00
6.400000000000000000e+04 2.559979461240946552e-01 1.374601729631315383e-01 5.357305416477013971e-01 3.221438324988620816e-01 4.665452890304961318e-03 0.000000000000000000e+00
6.450000000000000000e+04 2.579979300781891638e-01 1.375739644970414288e-01 5.348202093764223841e-01 3.241920801092398885e-01 3.413746017296313308e-03 0.000000000000000000e+00
6.500000000000000000e+04 2.599979140322836724e-01 1.411015020482476179e-01 5.270823850705507185e-01 3.239644970414201075e-01 7.851615839781519654e-03 0.000000000000000000e+00
6.550000000000000000e+04 2.619978979863781809e-01 1.444014565316340537e-01 5.377787892580792040e-01 3.113336367774237612e-01 6.486117432862995025e-03 0.000000000000000000e+00
6.600000000000000000e+04 2.639978819404726895e-01 1.442876649977241632e-01 5.532544378698225351e-01 2.973372781065088954e-01 5.120619025944469528e-03 0.000000000000000000e+00
6.650000000000000000e+04 2.659978658945671981e-01 1.465634956759217233e-01 5.586026399635867223e-01 2.908511606736458588e-01 3.982703686845699004e-03 0.000000000000000000e+00
6.700000000000000000e+04 2.679978498486617067e-01 1.433773327264451503e-01 5.579198907601274904e-01 2.933545744196631722e-01 5.348202093764223633e-03 0.000000000000000000e+00
6.750000000000000000e+04 2.699978338027559932e-01 1.437187073281747940e-01 5.540509786071916576e-01 2.964269458352298825e-01 5.803368229403732710e-03 0.000000000000000000e+00
6.800000000000000000e+04 2.719978177568505018e-01 1.456531634046426826e-01 5.558716431497496835e-01 2.928994082840236657e-01 5.575785161583977738e-03 0.000000000000000000e+00
6.850000000000000000e+04 2.739978017109450104e-01 1.483841602184797492e-01 5.514337733272643982e-01 2.969959035047792240e-01 3.186162949476558769e-03 0.000000000000000000e+00
6.900000000000000000e+04 2.759977856650395189e-01 1.482703686845698587e-01 5.547337278106508895e-01 2.903959945380063523e-01 6.599908966772872511e-03 0.000000000000000000e+00
6.950000000000000000e+04 2.779977696191340275e-01 1.495220755575785154e-01 5.525716886663631922e-01 2.935821574874829532e-01 4.324078288575329727e-03 0.000000000000000000e+00
7.000000000000000000e+04 2.799977535732285361e-01 1.514565316340464318e-01 5.464269458352298825e-01 2.973372781065088954e-01 4.779244424214838804e-03 0.000000000000000000e+00
7.050000000000000000e+04 2.819977375273230447e-01 1.521392808375056915e-01 5.779472007282657753e-01 2.636549840691852498e-01 6.258534365043240920e-03 0.000000000000000000e+00
7.100000000000000000e+04 2.839977214814175532e-01 1.531634046426945950e-01 5.713472917614929036e-01 2.703686845698680119e-01 5.120619025944469528e-03 0.000000000000000000e+00
7.150000000000000000e+04 2.859977054355120618e-01 1.556668183887118806e-01 5.696404187528447682e-01 2.704824761037779024e-01 4.210286754665453109e-03 0.000000000000000000e+00
7.200000000000000000e+04 2.879976893896065704e-01 1.530496131087847045e-01 5.705507510241237812e-01 2.707100591715976279e-01 5.689576695493855224e-03 0.000000000000000000e+00
7.250000000000000000e+04 2.899976733437010790e-01 1.554392353208921274e-01 5.729403732362312596e-01 2.664997724169321791e-01 5.120619025944469528e-03 0.000000000000000000e+00
7.300000000000000000e+04 2.919976572977955875e-01 1.587391898042785632e-01 5.688438780154756458e-01 2.676376877560309731e-01 4.779244424214838804e-03 0.000000000000000000e+00
7.350000000000000000e+04 2.939976412518898741e-01 1.605598543468365891e-01 5.966090122894857073e-01 2.381656804733727761e-01 4.665452890304961318e-03 0.000000000000000000e+00
7.400000000000000000e+04 2.959976252059843826e-01 1.570323167956304000e-01 6.002503413746017591e-01 2.365725989986345035e-01 6.144742831133363434e-03 0.000000000000000000e+00
7.450000000000000000e+04 2.979976091600788912e-01 1.594219390077378229e-01 5.994538006372326366e-01 2.363450159308147502e-01 4.779244424214838804e-03 0.000000000000000000e+00
7.500000000000000000e+04 2.999975931141733998e-01 1.664770141101502010e-01 5.967228038233954868e-01 2.330450614474283144e-01 3.755120619025944465e-03 0.000000000000000000e+00
7.550000000000000000e+04 3.019975770682679084e-01 1.591943559399180697e-01 6.026399635867091265e-01 2.352071005917159841e-01 2.958579881656804664e-03 0.000000000000000000e+00
7.600000000000000000e+04 3.039975610223624169e-01 1.635184342284934089e-01 5.995675921711424161e-01 2.305416477014110288e-01 6.372325898953117539e-03 0.000000000000000000e+00
7.650000000000000000e+04 3.059975449764569255e-01 1.701183431952662806e-01 5.974055530268548297e-01 2.291761492944924816e-01 3.299954483386436255e-03 0.000000000000000000e+00
7.700000000000000000e+04 3.079975289305514341e-01 1.687528447883477334e-01 5.969503868912152678e-01 2.280382339553937154e-01 6.258534365043240920e-03 0.000000000000000000e+00
7.750000000000000000e+04 3.099975128846459427e-01 1.668183887118798447e-01 5.947883477469276814e-01 2.330450614474283144e-01 5.348202093764223633e-03 0.000000000000000000e+00
7.800000000000000000e+04 3.119974968387404513e-01 1.675011379153391045e-01 5.949021392808374609e-01 2.319071461083295482e-01 5.689576695493855224e-03 0.000000000000000000e+00
7.850000000000000000e+04 3.139974807928349598e-01 1.717114246700045532e-01 5.920573509330905315e-01 2.320209376422394110e-01 4.210286754665453109e-03 0.000000000000000000e+00
7.900000000000000000e+04 3.159974647469292464e-01 1.709148839326354030e-01 5.903504779244423961e-01 2.338416021847974646e-01 4.893035958124715423e-03 0.000000000000000000e+00
7.950000000000000000e+04 3.179974487010237549e-01 1.741010468821119761e-01 5.770368684569867623e-01 2.405553026854801990e-01 8.306781975421027864e-03 0.000000000000000000e+00
8.000000000000000000e+04 3.199974326551182635e-01 1.737596722803823324e-01 5.730541647701411501e-01 2.462448793809740577e-01 6.941283568502503235e-03 0.000000000000000000e+00
8.050000000000000000e+04 3.219974166092127721e-01 1.795630405097860816e-01 5.592853891670459543e-01 2.536413290851160518e-01 7.510241238051888930e-03 0.000000000000000000e+00
8.100000000000000000e+04 3.239974005633072807e-01 1.818388711879836139e-01 5.521165225307237412e-01 2.580791989076012816e-01 7.965407373691398007e-03 0.000000000000000000e+00
8.150000000000000000e+04 3.259973845174017892e-01 1.813837050523441075e-01 5.520027309968138507e-01 2.614929449248976079e-01 5.120619025944469528e-03 0.000000000000000000e+00
8.200000000000000000e+04 3.279973684714962978e-01 1.784251251706872876e-01 5.535958124715520956e-01 2.616067364588074429e-01 6.372325898953117539e-03 0.000000000000000000e+00
8.250000000000000000e+04 3.299973524255908064e-01 1.785389167045971781e-01 5.546199362767409990e-01 2.580791989076012816e-01 8.761948111060537808e-03 0.000000000000000000e+00
8.300000000000000000e+04 3.319973363796853150e-01 1.804733727810650945e-01 5.559854346836595740e-01 2.554619936276740777e-01 8.079198907601274626e-03 0.000000000000000000e+00
8.350000000000000000e+04 3.339973203337798235e-01 1.779699590350477811e-01 5.542785616750113276e-01 2.606964041875284299e-01 7.055075102412380721e-03 0.000000000000000000e+00
8.400000000000000000e+04 3.359973042878743321e-01 1.833181611288120239e-01 5.535958124715520956e-01 2.545516613563950648e-01 8.534365043240782836e-03 0.000000000000000000e+00
8.450000000000000000e+04 3.379972882419688407e-01 1.826354119253527641e-01 5.547337278106508895e-01 2.544378698224852298e-01 8.192990441511151245e-03 0.000000000000000000e+00
8.500000000000000000e+04 3.399972721960631272e-01 1.854802002730996935e-01 5.537096040054619861e-01 2.532999544833864358e-01 7.510241238051888930e-03 0.000000000000000000e+00
8.550000000000000000e+04 3.419972561501576358e-01 1.843422849340008995e-01 5.526854802002730827e-01 2.540964952207555583e-01 8.875739644970414427e-03 0.000000000000000000e+00
8.600000000000000000e+04 3.439972401042521444e-01 1.840009103322712836e-01 5.549613108784706705e-01 2.540964952207555583e-01 6.941283568502503235e-03 0.000000000000000000e+00
8.650000000000000000e+04 3.459972240583466530e-01 1.849112426035502965e-01 5.554164770141101215e-01 2.527309968138370389e-01 6.941283568502503235e-03 0.000000000000000000e+00
8.700000000000000000e+04 3.479972080124411615e-01 1.841147018661811463e-01 5.538233955393718766e-01 2.556895766954938587e-01 6.372325898953117539e-03 0.000000000000000000e+00
8.750000000000000000e+04 3.499971919665356701e-01 1.863905325443787064e-01 5.525716886663631922e-01 2.525034137460173134e-01 8.534365043240782836e-03 0.000000000000000000e+00
8.800000000000000000e+04 3.519971759206301787e-01 1.921939007737824279e-01 5.439235320892125136e-01 2.578516158397815006e-01 6.030951297223486815e-03 0.000000000000000000e+00
8.850000000000000000e+04 3.539971598747246873e-01 2.002730996813837094e-01 5.397132453345471204e-01 2.552344105598543522e-01 4.779244424214838804e-03 0.000000000000000000e+00
8.900000000000000000e+04 3.559971438288191958e-01 1.966317705962676299e-01 5.533682294037323146e-01 2.463586709148839204e-01 3.641329085116067413e-03 0.000000000000000000e+00
8.950000000000000000e+04 3.579971277829137044e-01 1.789940828402366846e-01 5.983158852981338427e-01 2.180245789713245452e-01 4.665452890304961318e-03 0.000000000000000000e+00
9.000000000000000000e+04 3.599971117370082130e-01 1.792216659080564378e-01 6.067364588074647402e-01 2.106281292671825234e-01 3.413746017296313308e-03 0.000000000000000000e+00
9.050000000000000000e+04 3.619970956911027216e-01 1.789940828402366846e-01 6.048020027309968238e-01 2.109695038689121394e-01 5.234410559854347014e-03 0.000000000000000000e+00
9.100000000000000000e+04 3.639970796451970081e-01 1.809285389167046010e-01 6.083295402822029851e-01 2.066454255803368278e-01 4.096495220755575623e-03 0.000000000000000000e+00
9.150000000000000000e+04 3.659970635992915167e-01 1.854802002730996935e-01 5.927401001365498745e-01 2.171142467000455045e-01 4.665452890304961318e-03 0.000000000000000000e+00
9.200000000000000000e+04 3.679970475533860252e-01 1.768320436959490149e-01 6.225534820209376319e-01 1.969731451979972736e-01 3.641329085116067413e-03 0.000000000000000000e+00
9.250000000000000000e+04 3.699970315074805338e-01 1.762630860263996457e-01 6.202776513427401550e-01 1.981110605370960398e-01 5.348202093764223633e-03 0.000000000000000000e+00
9.300000000000000000e+04 3.719970154615750424e-01 1.791078743741465751e-01 6.248293126991352198e-01 1.904870277651342647e-01 5.575785161583977738e-03 0.000000000000000000e+00
9.350000000000000000e+04 3.739969994156695510e-01 1.769458352298589054e-01 6.484979517523896675e-01 1.706873008648156498e-01 3.868912152935821518e-03 0.000000000000000000e+00
9.400000000000000000e+04 3.759969833697640595e-01 1.788802913063268218e-01 6.554392353208920996e-01 1.611288120163859861e-01 4.551661356395083832e-03 0.000000000000000000e+00
9.450000000000000000e+04 3.779969673238585681e-01 1.792216659080564378e-01 6.544151115157031962e-01 1.618115612198452458e-01 4.551661356395083832e-03 0.000000000000000000e+00
9.500000000000000000e+04 3.799969512779530767e-01 1.697769685935366368e-01 6.868456986800182129e-01 1.398497951752389612e-01 3.527537551206190360e-03 0.000000000000000000e+00
9.550000000000000000e+04 3.819969352320475853e-01 1.667045971779699542e-01 6.953800637232590010e-01 1.341602184797451025e-01 3.755120619025944465e-03 0.000000000000000000e+00
9.600000000000000000e+04 3.839969191861420938e-01 1.564633591260810308e-01 7.090350477924441952e-01 1.305188893946290507e-01 3.982703686845699004e-03 0.000000000000000000e+00
9.650000000000000000e+04 3.859969031402366024e-01 1.522530723714155543e-01 7.124487938097405770e-01 1.315430131998179264e-01 3.755120619025944465e-03 0.000000000000000000e+00
9.700000000000000000e+04 3.879968870943308890e-01 1.537323623122439642e-01 7.132453345471096995e-01 1.291533909877105035e-01 3.868912152935821518e-03 0.000000000000000000e+00
9.750000000000000000e+04 3.899968710484253975e-01 1.525944469731451980e-01 7.123350022758306865e-01 1.314292216659080637e-01 3.641329085116067413e-03 0.000000000000000000e+00
9.800000000000000000e+04 3.919968550025201282e-01 1.520254893035958010e-01 7.125625853436504675e-01 1.313154301319981732e-01 4.096495220755575623e-03 0.000000000000000000e+00
9.850000000000000000e+04 3.939968389566141926e-01 1.536185707783341015e-01 7.137005006827491504e-01 1.286982248520709970e-01 3.982703686845699004e-03 0.000000000000000000e+00
9.900000000000000000e+04 3.959968229107091453e-01 1.532771961766044577e-01 7.151797906235776159e-01 1.274465179790623681e-01 4.096495220755575623e-03 0.000000000000000000e+00
9.950000000000000000e+04 3.979968068648032098e-01 1.550978607191624836e-01 7.111970869367318926e-01 1.291533909877105035e-01 4.551661356395083832e-03 0.000000000000000000e+00
1.000000000000000000e+05 3.999967908188981625e-01 1.577150659990896597e-01 7.141556668183887124e-01 1.244879380974055483e-01 3.641329085116067413e-03 0.000000000000000000e+00
1.005000000000000000e+05 4.019967747729922269e-01 1.590805644060081792e-01 7.147246244879380539e-01 1.235776058261265353e-01 2.617205279927173507e-03 0.000000000000000000e+00
1.010000000000000000e+05 4.039967587270869576e-01 1.579426490669094130e-01 7.157487482931269573e-01 1.231224396904870289e-01 3.186162949476558769e-03 0.000000000000000000e+00
1.015000000000000000e+05 4.059967426811812441e-01 1.527082385070550885e-01 7.188211197086936677e-01 1.258534365043240677e-01 2.617205279927173507e-03 0.000000000000000000e+00
1.020000000000000000e+05 4.079967266352759747e-01 1.520254893035958010e-01 7.152935821574875064e-01 1.297223486572599005e-01 2.958579881656804664e-03 0.000000000000000000e+00
1.025000000000000000e+05 4.099967105893702612e-01 1.519116977696859383e-01 7.143832498862084934e-01 1.297223486572599005e-01 3.982703686845699004e-03 0.000000000000000000e+00
1.030000000000000000e+05 4.119966945434649919e-01 1.516841147018661851e-01 7.151797906235776159e-01 1.294947655894401473e-01 3.641329085116067413e-03 0.000000000000000000e+00
1.035000000000000000e+05 4.139966784975592784e-01 1.516841147018661851e-01 7.148384160218479444e-01 1.302913063268092975e-01 3.186162949476558769e-03 0.000000000000000000e+00
1.040000000000000000e+05 4.159966624516540090e-01 1.514565316340464318e-01 7.167728720983158608e-01 1.285844333181611343e-01 3.186162949476558769e-03 0.000000000000000000e+00
1.045000000000000000e+05 4.179966464057480735e-01 1.521392808375056915e-01 7.158625398270368478e-01 1.289258079198907503e-01 3.072371415566681717e-03 0.000000000000000000e+00
1.050000000000000000e+05 4.199966303598430262e-01 1.515703231679562946e-01 7.171142467000455323e-01 1.275603095129722309e-01 3.755120619025944465e-03 0.000000000000000000e+00
1.055000000000000000e+05 4.219966143139370907e-01 1.536185707783341015e-01 7.163177059626764098e-01 1.277878925807919841e-01 2.275830678197541916e-03 0.000000000000000000e+00
1.060000000000000000e+05 4.239965982680320433e-01 1.519116977696859383e-01 7.149522075557578349e-01 1.299499317250796537e-01 3.186162949476558769e-03 0.000000000000000000e+00
1.065000000000000000e+05 4.259965822221261078e-01 1.520254893035958010e-01 7.146108329540282744e-01 1.294947655894401473e-01 3.868912152935821518e-03 0.000000000000000000e+00
1.070000000000000000e+05 4.279965661762208384e-01 1.550978607191624836e-01 7.139280837505689314e-01 1.284706417842512438e-01 2.503413746017296455e-03 0.000000000000000000e+00
1.075000000000000000e+05 4.299965501303151250e-01 1.506599908966772816e-01 7.111970869367318926e-01 1.339326354119253493e-01 4.210286754665453109e-03 0.000000000000000000e+00
1.080000000000000000e+05 4.319965340844098556e-01 1.487255348202093652e-01 7.094902139280837572e-01 1.370050068274920319e-01 4.779244424214838804e-03 0.000000000000000000e+00
1.085000000000000000e+05 4.339965180385041421e-01 1.433773327264451503e-01 7.146108329540282744e-01 1.373463814292216756e-01 4.665452890304961318e-03 0.000000000000000000e+00
1.090000000000000000e+05 4.359965019925988727e-01 1.398497951752389612e-01 7.160901228948566288e-01 1.416704597177969871e-01 2.389622212107419402e-03 0.000000000000000000e+00
1.095000000000000000e+05 4.379964859466931593e-01 1.404187528447883582e-01 7.139280837505689314e-01 1.422394173873463841e-01 3.413746017296313308e-03 0.000000000000000000e+00
1.100000000000000000e+05 4.399964699007878899e-01 1.407601274465179741e-01 7.093764223941738667e-01 1.458807464724624359e-01 3.982703686845699004e-03 0.000000000000000000e+00
1.105000000000000000e+05 4.419964538548819544e-01 1.412152935821574806e-01 7.074419663177059503e-01 1.487255348202093652e-01 2.617205279927173507e-03 0.000000000000000000e+00
1.110000000000000000e+05 4.439964378089769070e-01 1.413290851160673711e-01 7.038006372325898985e-01 1.516841147018661851e-01 3.186162949476558769e-03 0.000000000000000000e+00
1.115000000000000000e+05 4.459964217630709715e-01 1.449704142011834229e-01 7.019799726900318726e-01 1.500910332271279124e-01 2.958579881656804664e-03 0.000000000000000000e+00
1.120000000000000000e+05 4.479964057171659242e-01 1.456531634046426826e-01 6.877560309512972259e-01 1.630632680928539024e-01 3.527537551206190360e-03 0.000000000000000000e+00
1.125000000000000000e+05 4.499963896712599887e-01 1.474738279472007363e-01 6.788802913063267663e-01 1.677287209831588577e-01 5.917159763313609329e-03 0.000000000000000000e+00
1.130000000000000000e+05 4.519963736253547193e-01 1.648839326354119283e-01 5.996813837050523066e-01 2.276968593536640995e-01 7.737824305871643035e-03 0.000000000000000000e+00
1.135000000000000000e+05 4.539963575794490058e-01 1.659080564406008318e-01 5.955848884842968038e-01 2.322485207100591642e-01 6.258534365043240920e-03 0.000000000000000000e+00
