# itime ezz other fcc hcp bcc ico
0.000000000000000000e+00 0.000000000000000000e+00 1.024123805188893906e-03 9.989758761948110966e-01 0.000000000000000000e+00 0.000000000000000000e+00 0.000000000000000000e+00
3.000000000000000000e+00 1.199982091391271766e-03 5.689576695493854790e-04 9.994310423304506585e-01 0.000000000000000000e+00 0.000000000000000000e+00 0.000000000000000000e+00
6.000000000000000000e+00 2.399964182782765576e-03 3.413746017296313199e-04 9.996586253982703285e-01 0.000000000000000000e+00 0.000000000000000000e+00 0.000000000000000000e+00
9.000000000000000000e+00 3.599946274174037342e-03 3.413746017296313199e-04 9.996586253982703285e-01 0.000000000000000000e+00 0.000000000000000000e+00 0.000000000000000000e+00
1.200000000000000000e+01 4.799928365565309107e-03 9.103322712790168532e-04 9.990896677287209870e-01 0.000000000000000000e+00 0.000000000000000000e+00 0.000000000000000000e+00
1.500000000000000000e+01 5.999910456956580873e-03 1.024123805188893906e-03 9.989758761948110966e-01 0.000000000000000000e+00 0.000000000000000000e+00 0.000000000000000000e+00
1.800000000000000000e+01 7.199892548348074683e-03 2.730996813837050560e-03 9.972690031861629611e-01 0.000000000000000000e+00 0.000000000000000000e+00 0.000000000000000000e+00
2.100000000000000000e+01 8.399874639739346449e-03 2.730996813837050560e-03 9.972690031861629611e-01 0.000000000000000000e+00 0.000000000000000000e+00 0.000000000000000000e+00
2.400000000000000000e+01 9.599856731130618215e-03 1.706873008648156654e-03 9.982931269913518646e-01 0.000000000000000000e+00 0.000000000000000000e+00 0.000000000000000000e+00
2.700000000000000000e+01 1.079983882252188998e-02 1.593081474738279385e-03 9.984069185252617551e-01 0.000000000000000000e+00 0.000000000000000000e+00 0.000000000000000000e+00
3.000000000000000000e+01 1.199982091391338379e-02 1.479289940828402332e-03 9.985207100591716456e-01 0.000000000000000000e+00 0.000000000000000000e+00 0.000000000000000000e+00
3.300000000000000000e+01 1.319980300530465556e-02 1.706873008648156654e-03 9.982931269913518646e-01 0.000000000000000000e+00 0.000000000000000000e+00 0.000000000000000000e+00
3.600000000000000000e+01 1.439978509669592732e-02 1.706873008648156654e-03 9.982931269913518646e-01 0.000000000000000000e+00 0.000000000000000000e+00 0.000000000000000000e+00
3.900000000000000000e+01 1.559976718808719909e-02 1.593081474738279385e-03 9.984069185252617551e-01 0.000000000000000000e+00 0.000000000000000000e+00 0.000000000000000000e+00
4.200000000000000000e+01 1.679974927947869290e-02 1.479289940828402332e-03 9.985207100591716456e-01 0.000000000000000000e+00 0.000000000000000000e+00 0.000000000000000000e+00
4.500000000000000000e+01 1.799973137086996466e-02 1.251706873008648227e-03 9.986345015930814251e-01 0.000000000000000000e+00 1.137915339098771066e-04 0.000000000000000000e+00
4.800000000000000000e+01 1.919971346226123643e-02 1.365498406918525280e-03 9.986345015930814251e-01 0.000000000000000000e+00 0.000000000000000000e+00 0.000000000000000000e+00
5.100000000000000000e+01 2.039969555365250820e-02 1.934456076467910759e-03 9.980655439235320836e-01 0.000000000000000000e+00 0.000000000000000000e+00 0.000000000000000000e+00
5.400000000000000000e+01 2.159967764504400201e-02 2.162039144287664864e-03 9.978379608557123026e-01 0.000000000000000000e+00 0.000000000000000000e+00 0.000000000000000000e+00
5.700000000000000000e+01 2.279965973643527377e-02 2.389622212107419402e-03 9.976103777878926326e-01 0.000000000000000000e+00 0.000000000000000000e+00 0.000000000000000000e+00
6.000000000000000000e+01 2.399964182782654554e-02 1.820664542558033706e-03 9.981793354574419741e-01 0.000000000000000000e+00 0.000000000000000000e+00 0.000000000000000000e+00
6.300000000000000000e+01 2.519962391921781730e-02 2.162039144287664864e-03 9.977241693218024121e-01 0.000000000000000000e+00 1.137915339098771066e-04 0.000000000000000000e+00
6.600000000000000000e+01 2.639960601060931111e-02 2.958579881656804664e-03 9.969276285844332897e-01 0.000000000000000000e+00 1.137915339098771066e-04 0.000000000000000000e+00
6.900000000000000000e+01 2.759958810200058288e-02 3.527537551206190360e-03 9.963586709148839482e-01 0.000000000000000000e+00 1.137915339098771066e-04 0.000000000000000000e+00
7.200000000000000000e+01 2.879957019339185464e-02 3.868912152935821518e-03 9.960172963131542767e-01 0.000000000000000000e+00 1.137915339098771066e-04 0.000000000000000000e+00
7.500000000000000000e+01 2.999955228478312641e-02 2.844788347746927612e-03 9.971552116522530707e-01 0.000000000000000000e+00 0.000000000000000000e+00 0.000000000000000000e+00
7.800000000000000000e+01 3.119953437617462022e-02 3.186162949476558769e-03 9.968138370505233992e-01 0.000000000000000000e+00 0.000000000000000000e+00 0.000000000000000000e+00
8.100000000000000000e+01 3.239951646756589199e-02 3.527537551206190360e-03 9.963586709148839482e-01 0.000000000000000000e+00 1.137915339098771066e-04 0.000000000000000000e+00
8.400000000000000000e+01 3.359949855895716375e-02 3.982703686845699004e-03 9.960172963131542767e-01 0.000000000000000000e+00 0.000000000000000000e+00 0.000000000000000000e+00
8.700000000000000000e+01 3.479948065034865756e-02 4.096495220755575623e-03 9.957897132453344957e-01 0.000000000000000000e+00 1.137915339098771066e-04 0.000000000000000000e+00
9.000000000000000000e+01 3.599946274173992933e-02 4.551661356395083832e-03 9.953345471096950448e-01 0.000000000000000000e+00 1.137915339098771066e-04 0.000000000000000000e+00
9.300000000000000000e+01 3.719944483313120109e-02 6.030951297223486815e-03 9.939690487027764698e-01 0.000000000000000000e+00 0.000000000000000000e+00 0.000000000000000000e+00
9.600000000000000000e+01 3.839942692452247286e-02 6.144742831133363434e-03 9.938552571688666903e-01 0.000000000000000000e+00 0.000000000000000000e+00 0.000000000000000000e+00
9.900000000000000000e+01 3.959940901591396667e-02 6.372325898953117539e-03 9.935138825671370189e-01 0.000000000000000000e+00 1.137915339098771066e-04 0.000000000000000000e+00
1.020000000000000000e+02 4.079939110730523844e-02 6.599908966772872511e-03 9.931725079654073474e-01 0.000000000000000000e+00 2.275830678197542133e-04 0.000000000000000000e+00
1.050000000000000000e+02 4.199937319869651020e-02 7.396449704142011444e-03 9.923759672280382249e-01 0.000000000000000000e+00 2.275830678197542133e-04 0.000000000000000000e+00
1.080000000000000000e+02 4.319935529008778197e-02 7.282658170232134826e-03 9.924897587619481154e-01 0.000000000000000000e+00 2.275830678197542133e-04 0.000000000000000000e+00
1.110000000000000000e+02 4.439933738147927578e-02 9.899863450159307465e-03 9.896449704142011861e-01 0.000000000000000000e+00 4.551661356395084266e-04 0.000000000000000000e+00
1.140000000000000000e+02 4.559931947287054754e-02 1.217569412835685025e-02 9.873691397360035982e-01 0.000000000000000000e+00 4.551661356395084266e-04 0.000000000000000000e+00
1.170000000000000000e+02 4.679930156426181931e-02 1.126536185707783383e-02 9.886208466090122826e-01 0.000000000000000000e+00 1.137915339098771066e-04 0.000000000000000000e+00
1.200000000000000000e+02 4.799928365565309107e-02 1.172052799271734204e-02 9.879380974055530507e-01 0.000000000000000000e+00 3.413746017296313199e-04 0.000000000000000000e+00
1.230000000000000000e+02 4.919926574704458488e-02 9.786071916249430847e-03 9.895311788802912956e-01 0.000000000000000000e+00 6.827492034592626399e-04 0.000000000000000000e+00
1.260000000000000000e+02 5.039924783843585665e-02 1.001365498406918582e-02 9.891898042785616241e-01 0.000000000000000000e+00 7.965407373691396923e-04 0.000000000000000000e+00
1.290000000000000000e+02 5.159922992982712842e-02 1.115157032316795548e-02 9.882794720072826111e-01 0.000000000000000000e+00 5.689576695493854790e-04 0.000000000000000000e+00
1.320000000000000000e+02 5.279921202121840018e-02 1.297223486572599005e-02 9.863450159308146947e-01 0.000000000000000000e+00 6.827492034592626399e-04 0.000000000000000000e+00
1.350000000000000000e+02 5.399919411260989399e-02 1.172052799271734204e-02 9.878243058716431602e-01 0.000000000000000000e+00 4.551661356395084266e-04 0.000000000000000000e+00
1.380000000000000000e+02 5.519917620400116576e-02 9.899863450159307465e-03 9.895311788802912956e-01 0.000000000000000000e+00 5.689576695493854790e-04 0.000000000000000000e+00
1.410000000000000000e+02 5.639915829539243752e-02 9.558488848429677609e-03 9.897587619481110766e-01 0.000000000000000000e+00 6.827492034592626399e-04 0.000000000000000000e+00
1.440000000000000000e+02 5.759914038678370929e-02 1.342740100136549826e-02 9.858898497951752438e-01 0.000000000000000000e+00 6.827492034592626399e-04 0.000000000000000000e+00
1.470000000000000000e+02 5.879912247817520310e-02 1.729631315430131891e-02 9.821347291761493015e-01 0.000000000000000000e+00 5.689576695493854790e-04 0.000000000000000000e+00
1.500000000000000000e+02 5.999910456956647486e-02 2.014110150204824826e-02 9.797451069640418231e-01 0.000000000000000000e+00 1.137915339098771066e-04 0.000000000000000000e+00
1.530000000000000000e+02 6.119908666095774663e-02 2.059626763768775473e-02 9.788347746927628101e-01 0.000000000000000000e+00 5.689576695493854790e-04 0.000000000000000000e+00
1.560000000000000000e+02 6.239906875234901840e-02 1.957214383249886169e-02 9.797451069640418231e-01 0.000000000000000000e+00 6.827492034592626399e-04 0.000000000000000000e+00
1.590000000000000000e+02 6.359905084374051221e-02 2.480655439235321044e-02 9.739417387346381849e-01 0.000000000000000000e+00 1.251706873008648227e-03 0.000000000000000000e+00
1.620000000000000000e+02 6.479903293513178397e-02 2.787892580791988956e-02 9.714383249886208160e-01 0.000000000000000000e+00 6.827492034592626399e-04 0.000000000000000000e+00
1.650000000000000000e+02 6.599901502652305574e-02 2.981338188438780248e-02 9.687073281747837772e-01 0.000000000000000000e+00 1.479289940828402332e-03 0.000000000000000000e+00
1.680000000000000000e+02 6.719899711791454955e-02 3.402366863905325473e-02 9.649522075557578349e-01 0.000000000000000000e+00 1.024123805188893906e-03 0.000000000000000000e+00
1.710000000000000000e+02 6.839897920930582131e-02 3.925807919890760000e-02 9.592626308602639762e-01 0.000000000000000000e+00 1.479289940828402332e-03 0.000000000000000000e+00
1.740000000000000000e+02 6.959896130069709308e-02 4.153390987710514626e-02 9.568730086481566088e-01 0.000000000000000000e+00 1.593081474738279385e-03 0.000000000000000000e+00
1.770000000000000000e+02 7.079894339208836485e-02 4.460628129267182190e-02 9.538006372325898985e-01 0.000000000000000000e+00 1.593081474738279385e-03 0.000000000000000000e+00
1.800000000000000000e+02 7.199892548347985866e-02 4.506144742831133532e-02 9.530040964952207760e-01 0.000000000000000000e+00 1.934456076467910759e-03 0.000000000000000000e+00
1.830000000000000000e+02 7.319890757487113042e-02 4.608557123350022489e-02 9.519799726900318726e-01 0.000000000000000000e+00 1.934456076467910759e-03 0.000000000000000000e+00
1.860000000000000000e+02 7.439888966626240219e-02 4.688211197086936816e-02 9.506144742831132977e-01 0.000000000000000000e+00 2.503413746017296455e-03 0.000000000000000000e+00
1.890000000000000000e+02 7.559887175765367395e-02 4.915794264906690747e-02 9.487938097405552718e-01 0.000000000000000000e+00 2.048247610377787811e-03 0.000000000000000000e+00
1.920000000000000000e+02 7.679885384904516776e-02 5.086481565771506369e-02 9.473145197997269173e-01 0.000000000000000000e+00 1.820664542558033706e-03 0.000000000000000000e+00
1.950000000000000000e+02 7.799883594043643953e-02 5.587164314974965573e-02 9.416249431042330587e-01 0.000000000000000000e+00 2.503413746017296455e-03 0.000000000000000000e+00
1.980000000000000000e+02 7.919881803182771129e-02 5.689576695493855224e-02 9.402594446973144837e-01 0.000000000000000000e+00 2.844788347746927612e-03 0.000000000000000000e+00
2.010000000000000000e+02 8.039880012321898306e-02 6.383705052344106068e-02 9.337733272644515026e-01 0.000000000000000000e+00 2.389622212107419402e-03 0.000000000000000000e+00
2.040000000000000000e+02 8.159878221461047687e-02 6.554392353208920996e-02 9.319526627218934767e-01 0.000000000000000000e+00 2.503413746017296455e-03 0.000000000000000000e+00
2.070000000000000000e+02 8.279876430600174864e-02 6.759217114246700298e-02 9.300182066454255603e-01 0.000000000000000000e+00 2.389622212107419402e-03 0.000000000000000000e+00
2.100000000000000000e+02 8.399874639739302040e-02 6.929904415111515226e-02 9.275147928994083024e-01 0.000000000000000000e+00 3.186162949476558769e-03 0.000000000000000000e+00
2.130000000000000000e+02 8.519872848878429217e-02 7.555757851615839404e-02 9.206873008648156498e-01 0.000000000000000000e+00 3.755120619025944465e-03 0.000000000000000000e+00
2.160000000000000000e+02 8.639871058017578598e-02 8.306781975421029252e-02 9.134046426945835462e-01 0.000000000000000000e+00 3.527537551206190360e-03 0.000000000000000000e+00
2.190000000000000000e+02 8.759869267156705774e-02 8.852981338188438409e-02 9.087391898042785909e-01 0.000000000000000000e+00 2.730996813837050560e-03 0.000000000000000000e+00
2.220000000000000000e+02 8.879867476295832951e-02 9.137460172963131344e-02 9.055530268548019901e-01 0.000000000000000000e+00 3.072371415566681717e-03 0.000000000000000000e+00
2.250000000000000000e+02 8.999865685434960128e-02 9.490213928083750250e-02 9.027082385070550608e-01 0.000000000000000000e+00 2.389622212107419402e-03 0.000000000000000000e+00
2.280000000000000000e+02 9.119863894574109509e-02 9.797451069640418508e-02 8.983841602184797770e-01 0.000000000000000000e+00 3.641329085116067413e-03 0.000000000000000000e+00
2.310000000000000000e+02 9.239862103713236685e-02 1.100364132908511622e-01 8.865498406918524976e-01 0.000000000000000000e+00 3.413746017296313308e-03 0.000000000000000000e+00
2.340000000000000000e+02 9.359860312852363862e-02 1.154984069185252676e-01 8.796085571233500655e-01 0.000000000000000000e+00 4.893035958124715423e-03 0.000000000000000000e+00
2.370000000000000000e+02 9.479858521991513243e-02 1.198224852071005930e-01 8.751706873008647802e-01 0.000000000000000000e+00 5.006827492034592909e-03 0.000000000000000000e+00
2.400000000000000000e+02 9.599856731130640419e-02 1.277878925807919841e-01 8.654984069185253093e-01 0.000000000000000000e+00 6.713700500682749130e-03 0.000000000000000000e+00
2.430000000000000000e+02 9.719854940269767596e-02 1.333636777423759801e-01 8.584433318161128756e-01 0.000000000000000000e+00 8.192990441511151245e-03 0.000000000000000000e+00
2.460000000000000000e+02 9.839853149408894772e-02 1.407601274465179741e-01 8.519572143832498945e-01 0.000000000000000000e+00 7.282658170232134826e-03 0.000000000000000000e+00
2.490000000000000000e+02 9.959851358548044153e-02 1.489531178880291185e-01 8.445607646791079004e-01 0.000000000000000000e+00 6.486117432862995025e-03 0.000000000000000000e+00
2.520000000000000000e+02 1.007984956768717133e-01 1.553254437869822369e-01 8.375056895766954668e-01 0.000000000000000000e+00 7.168866636322257339e-03 0.000000000000000000e+00
2.550000000000000000e+02 1.019984777682629851e-01 1.597633136094674666e-01 8.324988620846609511e-01 0.000000000000000000e+00 7.737824305871643035e-03 0.000000000000000000e+00
2.580000000000000000e+02 1.031984598596542568e-01 1.713700500682749095e-01 8.189576695493855363e-01 0.000000000000000000e+00 9.672280382339554228e-03 0.000000000000000000e+00
2.610000000000000000e+02 1.043984419510457506e-01 1.822940373236231204e-01 8.081474738279471604e-01 0.000000000000000000e+00 9.558488848429677609e-03 0.000000000000000000e+00
2.640000000000000000e+02 1.055984240424370224e-01 1.939007737824305910e-01 7.950614474283113076e-01 0.000000000000000000e+00 1.103777878925807886e-02 0.000000000000000000e+00
2.670000000000000000e+02 1.067984061338282942e-01 2.044833864360491582e-01 7.840236686390532617e-01 0.000000000000000000e+00 1.149294492489758707e-02 0.000000000000000000e+00
2.700000000000000000e+02 1.079983882252195659e-01 2.196176604460628179e-01 7.679790623577605890e-01 0.000000000000000000e+00 1.240327719617660522e-02 0.000000000000000000e+00
2.730000000000000000e+02 1.091983703166110597e-01 2.307692307692307820e-01 7.564861174328629811e-01 0.000000000000000000e+00 1.274465179790623508e-02 0.000000000000000000e+00
2.760000000000000000e+02 1.103983524080023315e-01 2.385070550751024199e-01 7.461310878470641672e-01 0.000000000000000000e+00 1.536185707783340945e-02 0.000000000000000000e+00
2.790000000000000000e+02 1.115983344993936033e-01 2.538689121529358328e-01 7.311106053709603980e-01 0.000000000000000000e+00 1.502048247610377786e-02 0.000000000000000000e+00
2.820000000000000000e+02 1.127983165907848750e-01 2.657032316795630567e-01 7.177969959035047642e-01 0.000000000000000000e+00 1.649977241693217911e-02 0.000000000000000000e+00
2.850000000000000000e+02 1.139982986821763689e-01 2.859581247155211781e-01 6.969731451979972459e-01 1.137915339098771066e-04 1.695493855257168905e-02 0.000000000000000000e+00
2.880000000000000000e+02 1.151982807735676406e-01 2.994993172507965373e-01 6.824078288575330387e-01 1.137915339098771066e-04 1.797906235776058209e-02 0.000000000000000000e+00
2.910000000000000000e+02 1.163982628649589124e-01 3.214610832954028496e-01 6.585116067364588099e-01 0.000000000000000000e+00 2.002730996813837164e-02 0.000000000000000000e+00
2.940000000000000000e+02 1.175982449563501842e-01 3.347746927628584279e-01 6.449704142011833952e-01 0.000000000000000000e+00 2.025489303595812488e-02 0.000000000000000000e+00
2.970000000000000000e+02 1.187982270477416780e-01 3.402366863905325611e-01 6.391670459717796460e-01 0.000000000000000000e+00 2.059626763768775473e-02 0.000000000000000000e+00
3.000000000000000000e+02 1.199982091391329497e-01 3.544606281292672079e-01 6.244879380974055483e-01 0.000000000000000000e+00 2.105143377332726468e-02 0.000000000000000000e+00
3.030000000000000000e+02 1.211981912305242215e-01 3.772189349112425871e-01 6.000227583067819781e-01 0.000000000000000000e+00 2.275830678197542090e-02 0.000000000000000000e+00
3.060000000000000000e+02 1.223981733219154933e-01 3.892808375056895920e-01 5.869367319071461253e-01 1.137915339098771066e-04 2.366863905325443732e-02 0.000000000000000000e+00
3.090000000000000000e+02 1.235981554133069871e-01 3.958807464724624636e-01 5.779472007282657753e-01 1.137915339098771066e-04 2.605826126536185672e-02 0.000000000000000000e+00
3.120000000000000000e+02 1.247981375046982588e-01 4.101046882111971104e-01 5.620163859808829931e-01 0.000000000000000000e+00 2.787892580791988956e-02 0.000000000000000000e+00
3.150000000000000000e+02 1.259981195960895306e-01 4.349112426035502965e-01 5.345926263086026031e-01 0.000000000000000000e+00 3.049613108784706567e-02 0.000000000000000000e+00
3.180000000000000000e+02 1.271981016874810244e-01 4.518661811561219821e-01 5.167273554847519046e-01 0.000000000000000000e+00 3.140646335912607862e-02 0.000000000000000000e+00
3.210000000000000000e+02 1.283980837788722962e-01 4.644970414201183284e-01 5.025034137460172579e-01 4.551661356395084266e-04 3.254437869822485174e-02 0.000000000000000000e+00
3.240000000000000000e+02 1.295980658702635679e-01 4.819071461083295205e-01 4.832726445152480399e-01 5.689576695493854790e-04 3.425125170687300796e-02 0.000000000000000000e+00
3.270000000000000000e+02 1.307980479616548397e-01 4.936276741010469093e-01 4.677969959035047642e-01 6.827492034592626399e-04 3.789258079198907364e-02 0.000000000000000000e+00
3.300000000000000000e+02 1.319980300530463335e-01 5.088757396449704595e-01 4.495903504779244497e-01 7.965407373691396923e-04 4.073736913973600299e-02 0.000000000000000000e+00
3.330000000000000000e+02 1.331980121444376053e-01 5.202548930359581769e-01 4.350250341374601870e-01 1.137915339098770958e-03 4.358215748748293233e-02 0.000000000000000000e+00
3.360000000000000000e+02 1.343979942358288771e-01 5.367546654528903005e-01 4.156804733727810786e-01 7.965407373691396923e-04 4.676832043695949154e-02 0.000000000000000000e+00
3.390000000000000000e+02 1.355979763272201488e-01 5.506372325898952758e-01 3.989531178880291185e-01 9.103322712790168532e-04 4.949931725079653733e-02 0.000000000000000000e+00
3.420000000000000000e+02 1.367979584186116426e-01 5.630405097860718966e-01 3.808602639963586944e-01 1.024123805188893906e-03 5.507510241238051940e-02 0.000000000000000000e+00
3.450000000000000000e+02 1.379979405100029144e-01 5.771506599908966528e-01 3.616294947655894210e-01 1.251706873008648227e-03 5.996813837050523482e-02 0.000000000000000000e+00
3.480000000000000000e+02 1.391979226013941862e-01 5.884160218479744797e-01 3.458124715521165293e-01 1.934456076467910759e-03 6.383705052344106068e-02 0.000000000000000000e+00
3.510000000000000000e+02 1.403979046927854579e-01 6.043468365953572619e-01 3.252162039144287919e-01 1.934456076467910759e-03 6.850250341374601593e-02 0.000000000000000000e+00
3.540000000000000000e+02 1.415978867841769517e-01 6.232362312243968638e-01 3.029130632680928636e-01 2.048247610377787811e-03 7.180245789713245175e-02 0.000000000000000000e+00
3.570000000000000000e+02 1.427978688755682235e-01 6.371187983614019501e-01 2.870960400546199165e-01 2.275830678197541916e-03 7.350933090578061491e-02 0.000000000000000000e+00
3.600000000000000000e+02 1.439978509669594953e-01 6.545289030496130867e-01 2.682066454255803145e-01 2.275830678197541916e-03 7.498862084660901095e-02 0.000000000000000000e+00
3.630000000000000000e+02 1.451978330583507670e-01 6.682976786527082824e-01 2.510241238051889034e-01 3.186162949476558769e-03 7.749203459262631044e-02 0.000000000000000000e+00
3.660000000000000000e+02 1.463978151497422608e-01 6.778561675011378629e-01 2.357760582612653533e-01 3.641329085116067413e-03 8.272644515248064878e-02 0.000000000000000000e+00
3.690000000000000000e+02 1.475977972411335326e-01 6.851388256713700775e-01 2.217796995903504875e-01 4.437869822485207214e-03 8.864360491579426071e-02 0.000000000000000000e+00
3.720000000000000000e+02 1.487977793325248044e-01 6.924214838416021811e-01 2.107419208010923861e-01 5.348202093764223633e-03 9.148839326354119006e-02 0.000000000000000000e+00
3.750000000000000000e+02 1.499977614239160761e-01 7.071005917159762788e-01 1.951524806554392477e-01 6.144742831133363434e-03 9.160218479745106668e-02 0.000000000000000000e+00
3.780000000000000000e+02 1.511977435153075700e-01 7.164314974965863003e-01 1.833181611288120239e-01 5.917159763313609329e-03 9.433318161128811941e-02 0.000000000000000000e+00
3.810000000000000000e+02 1.523977256066988417e-01 7.320209376422394110e-01 1.693218024578971304e-01 5.575785161583977738e-03 9.308147473827947660e-02 0.000000000000000000e+00
3.840000000000000000e+02 1.535977076980901135e-01 7.414656349567592120e-01 1.572598998634501533e-01 5.575785161583977738e-03 9.569868001820663883e-02 0.000000000000000000e+00
3.870000000000000000e+02 1.547976897894813852e-01 7.474965862539827421e-01 1.491807009558488717e-01 5.803368229403732710e-03 9.751934456076467861e-02 0.000000000000000000e+00
3.900000000000000000e+02 1.559976718808728791e-01 7.522758306781975879e-01 1.393946290395994547e-01 5.803368229403732710e-03 1.025261720527992776e-01 0.000000000000000000e+00
3.930000000000000000e+02 1.571976539722641508e-01 7.613791533909877174e-01 1.290395994538006408e-01 7.055075102412380721e-03 1.025261720527992776e-01 0.000000000000000000e+00
3.960000000000000000e+02 1.583976360636554226e-01 7.619481110605370588e-01 1.227810650887573990e-01 7.851615839781519654e-03 1.074192080109239861e-01 0.000000000000000000e+00
3.990000000000000000e+02 1.595976181550469164e-01 7.653618570778334407e-01 1.147018661811561174e-01 1.046882111970869403e-02 1.094674556213017791e-01 0.000000000000000000e+00
4.020000000000000000e+02 1.607976002464381882e-01 7.657032316795630011e-01 1.075329995448338627e-01 1.024123805188893906e-02 1.165225307237141572e-01 0.000000000000000000e+00
4.050000000000000000e+02 1.619975823378294599e-01 7.667273554847519046e-01 1.034365043240782905e-01 1.012744651797906244e-02 1.197086936731907164e-01 0.000000000000000000e+00
4.080000000000000000e+02 1.631975644292207317e-01 7.732134729176148857e-01 9.683659535730541890e-02 1.103777878925807886e-02 1.189121529358215801e-01 0.000000000000000000e+00
4.110000000000000000e+02 1.643975465206122255e-01 7.803823395539372099e-01 9.160218479745106668e-02 1.081019572143832562e-02 1.172052799271734169e-01 0.000000000000000000e+00
4.140000000000000000e+02 1.655975286120034973e-01 7.824305871643150168e-01 8.614019116977697510e-02 1.149294492489758707e-02 1.199362767410104696e-01 0.000000000000000000e+00
4.170000000000000000e+02 1.667975107033947690e-01 7.853891670459717256e-01 8.158852981338188259e-02 1.194811106053709528e-02 1.210741920801092358e-01 0.000000000000000000e+00
4.200000000000000000e+02 1.679974927947860408e-01 7.852753755120619461e-01 7.965407373691398007e-02 1.149294492489758707e-02 1.235776058261265353e-01 0.000000000000000000e+00
4.230000000000000000e+02 1.691974748861775346e-01 7.870960400546199720e-01 7.521620391442876419e-02 1.183431952662721866e-02 1.258534365043240677e-01 0.000000000000000000e+00
4.260000000000000000e+02 1.703974569775688064e-01 7.889167045971779979e-01 7.237141556668183484e-02 1.228948566226672687e-02 1.264223941738734647e-01 0.000000000000000000e+00
4.290000000000000000e+02 1.715974390689600781e-01 7.979062357760582369e-01 6.577150659990896320e-02 1.331360946745562164e-02 1.230086481565771522e-01 0.000000000000000000e+00
4.320000000000000000e+02 1.727974211603513499e-01 8.002958579881657153e-01 6.440600819299044377e-02 1.319981793354574502e-02 1.220983158852981393e-01 0.000000000000000000e+00
4.350000000000000000e+02 1.739974032517428437e-01 7.972234865725990050e-01 6.463359126081019701e-02 1.319981793354574502e-02 1.249431042330450548e-01 0.000000000000000000e+00
4.380000000000000000e+02 1.751973853431341155e-01 7.983614019116977989e-01 6.167501137915339104e-02 1.297223486572599005e-02 1.269913518434228616e-01 0.000000000000000000e+00
4.410000000000000000e+02 1.763973674345253873e-01 8.030268548020027541e-01 5.814747382794720199e-02 1.445152480655439303e-02 1.243741465634956717e-01 0.000000000000000000e+00
4.440000000000000000e+02 1.775973495259166590e-01 8.038233955393718766e-01 5.370960400546199304e-02 1.558944014565316269e-02 1.268775603095129711e-01 0.000000000000000000e+00
4.470000000000000000e+02 1.787973316173081528e-01 8.116750113791534327e-01 5.200273099681383682e-02 1.536185707783340945e-02 1.209604005461993592e-01 0.000000000000000000e+00
4.500000000000000000e+02 1.799973137086994246e-01 8.161128812016386069e-01 5.040964952207555722e-02 1.752389622212107562e-02 1.159535730541647741e-01 0.000000000000000000e+00
4.530000000000000000e+02 1.811972958000906964e-01 8.245334547109695045e-01 4.802002730996814128e-02 1.934456076467910846e-02 1.081019572143832458e-01 0.000000000000000000e+00
4.560000000000000000e+02 1.823972778914819681e-01 8.219162494310423561e-01 4.506144742831133532e-02 2.014110150204824826e-02 1.128812016385980915e-01 0.000000000000000000e+00
4.590000000000000000e+02 1.835972599828734619e-01 8.285161583978152278e-01 4.278561675011378906e-02 1.888939462903959851e-02 1.098088302230314089e-01 0.000000000000000000e+00
4.620000000000000000e+02 1.847972420742647337e-01 8.285161583978152278e-01 4.198907601274465273e-02 1.911697769685935522e-02 1.103777878925807920e-01 0.000000000000000000e+00
4.650000000000000000e+02 1.859972241656560055e-01 8.299954483386435822e-01 4.062357760582612637e-02 1.911697769685935522e-02 1.102639963586709154e-01 0.000000000000000000e+00
4.680000000000000000e+02 1.871972062570472772e-01 8.309057806099225951e-01 3.834774692762858705e-02 1.957214383249886169e-02 1.111743286299499284e-01 0.000000000000000000e+00
4.710000000000000000e+02 1.883971883484387710e-01 8.359126081019572219e-01 3.675466545289030745e-02 1.945835229858898507e-02 1.078743741465634925e-01 0.000000000000000000e+00
4.740000000000000000e+02 1.895971704398300428e-01 8.344333181611288675e-01 3.607191624943104080e-02 2.173418297678652786e-02 1.077605826126536159e-01 0.000000000000000000e+00
4.770000000000000000e+02 1.907971525312213146e-01 8.386436049157942607e-01 3.413746017296313134e-02 2.150659990896677115e-02 1.057123350022758368e-01 0.000000000000000000e+00
4.800000000000000000e+02 1.919971346226128084e-01 8.428538916704597650e-01 3.447883477469276120e-02 1.934456076467910846e-02 1.033227127901684139e-01 0.000000000000000000e+00
4.830000000000000000e+02 1.931971167140040802e-01 8.469503868912152678e-01 3.277196176604460498e-02 2.093764223941738806e-02 9.934000910332271839e-02 0.000000000000000000e+00
4.860000000000000000e+02 1.943970988053953519e-01 8.501365498406918686e-01 3.231679563040509851e-02 2.002730996813837164e-02 9.751934456076467861e-02 0.000000000000000000e+00
4.890000000000000000e+02 1.955970808967866237e-01 8.541192535275375919e-01 3.083750568957669552e-02 2.025489303595812488e-02 9.478834774692762588e-02 0.000000000000000000e+00
4.920000000000000000e+02 1.967970629881781175e-01 8.587847064178425471e-01 2.992717341829767910e-02 2.059626763768775473e-02 9.069185252617205373e-02 0.000000000000000000e+00
4.950000000000000000e+02 1.979970450795693893e-01 8.611743286299499145e-01 2.935821574874829254e-02 2.184797451069640448e-02 8.761948111060537114e-02 0.000000000000000000e+00
4.980000000000000000e+02 1.991970271709606610e-01 8.624260355029585989e-01 2.935821574874829254e-02 2.287209831588529751e-02 8.534365043240782489e-02 0.000000000000000000e+00
5.010000000000000000e+02 2.003970092623519328e-01 8.616294947655894765e-01 2.935821574874829254e-02 2.389622212107419055e-02 8.511606736458807165e-02 0.000000000000000000e+00
5.040000000000000000e+02 2.015969913537434266e-01 8.647018661811560758e-01 2.890304961310878606e-02 2.378243058716431393e-02 8.261265361857077216e-02 0.000000000000000000e+00
5.070000000000000000e+02 2.027969734451346984e-01 8.695949021392808120e-01 2.844788347746927612e-02 2.332726445152480746e-02 7.862994993172507663e-02 0.000000000000000000e+00
5.100000000000000000e+02 2.039969555365259701e-01 8.724396904870277414e-01 2.776513427401001294e-02 2.264451524806554428e-02 7.715065999089668058e-02 0.000000000000000000e+00
5.130000000000000000e+02 2.051969376279172419e-01 8.759672280382339027e-01 2.674101046882111990e-02 2.253072371415566766e-02 7.476103777878925771e-02 0.000000000000000000e+00
5.160000000000000000e+02 2.063969197193087357e-01 8.824533454710969949e-01 2.492034592626308706e-02 2.275830678197542090e-02 6.986800182066454923e-02 0.000000000000000000e+00
5.190000000000000000e+02 2.075969018107000075e-01 8.824533454710969949e-01 2.583067819754210348e-02 2.253072371415566766e-02 6.918525261720527564e-02 0.000000000000000000e+00
5.220000000000000000e+02 2.087968839020912792e-01 8.814292216659080914e-01 2.548930359581247015e-02 2.298588984979517413e-02 7.009558488848430247e-02 0.000000000000000000e+00
5.250000000000000000e+02 2.099968659934825510e-01 8.851843422849340337e-01 2.412380518889394726e-02 2.196176604460628110e-02 6.873008648156576916e-02 0.000000000000000000e+00
5.280000000000000000e+02 2.111968480848740448e-01 8.855257168866635942e-01 2.298588984979517413e-02 2.287209831588529751e-02 6.861629494765589254e-02 0.000000000000000000e+00
5.310000000000000000e+02 2.123968301762653166e-01 8.864360491579426071e-01 2.332726445152480746e-02 2.105143377332726468e-02 6.918525261720527564e-02 0.000000000000000000e+00
5.340000000000000000e+02 2.135968122676565883e-01 8.913290851160673434e-01 2.230314064633591095e-02 1.968593536640873831e-02 6.668183887118799003e-02 0.000000000000000000e+00
5.370000000000000000e+02 2.147967943590478601e-01 8.940600819299043822e-01 2.253072371415566766e-02 1.934456076467910846e-02 6.406463359126081392e-02 0.000000000000000000e+00
5.400000000000000000e+02 2.159967764504393539e-01 8.983841602184797770e-01 2.207555757851615771e-02 1.729631315430131891e-02 6.224396904870277414e-02 0.000000000000000000e+00
5.430000000000000000e+02 2.171967585418306257e-01 9.002048247610378029e-01 2.150659990896677115e-02 1.729631315430131891e-02 6.099226217569413133e-02 0.000000000000000000e+00
5.460000000000000000e+02 2.183967406332218975e-01 9.029358215748748417e-01 2.036868456986800149e-02 1.718252162039144229e-02 5.951297223486572835e-02 0.000000000000000000e+00
5.490000000000000000e+02 2.195967227246131692e-01 9.048702776513427581e-01 1.877560309512972189e-02 1.866181156121984527e-02 5.769230769230769551e-02 0.000000000000000000e+00
5.520000000000000000e+02 2.207967048160046630e-01 9.070323167956304555e-01 1.866181156121984527e-02 1.934456076467910846e-02 5.496131087847064278e-02 0.000000000000000000e+00
5.550000000000000000e+02 2.219966869073959348e-01 9.101046882111970548e-01 1.877560309512972189e-02 1.911697769685935522e-02 5.200273099681383682e-02 0.000000000000000000e+00
5.580000000000000000e+02 2.231966689987872066e-01 9.093081474738279324e-01 1.843422849340009204e-02 1.900318616294947513e-02 5.325443786982248656e-02 0.000000000000000000e+00
5.610000000000000000e+02 2.243966510901787004e-01 9.087391898042785909e-01 1.797906235776058209e-02 1.900318616294947513e-02 5.427856167501137613e-02 0.000000000000000000e+00
5.640000000000000000e+02 2.255966331815699721e-01 9.109012289485661773e-01 1.843422849340009204e-02 1.911697769685935522e-02 5.154756486117433034e-02 0.000000000000000000e+00
5.670000000000000000e+02 2.267966152729612439e-01 9.126081019572144237e-01 1.775147928994082885e-02 1.888939462903959851e-02 5.075102412380518707e-02 0.000000000000000000e+00
5.700000000000000000e+02 2.279965973643525157e-01 9.135184342284934367e-01 1.797906235776058209e-02 2.014110150204824826e-02 4.836140191169777114e-02 0.000000000000000000e+00
5.730000000000000000e+02 2.291965794557440095e-01 9.173873463814292695e-01 1.786527082385070547e-02 1.957214383249886169e-02 4.506144742831133532e-02 1.137915339098771066e-04
5.760000000000000000e+02 2.303965615471352812e-01 9.173873463814292695e-01 1.843422849340009204e-02 2.071005917159763482e-02 4.335457441966317910e-02 1.137915339098771066e-04
5.790000000000000000e+02 2.315965436385265530e-01 9.221665908056441152e-01 1.649977241693217911e-02 1.968593536640873831e-02 4.153390987710514626e-02 1.137915339098771066e-04
5.820000000000000000e+02 2.327965257299178248e-01 9.267182521620391800e-01 1.752389622212107562e-02 1.786527082385070547e-02 3.789258079198907364e-02 0.000000000000000000e+00
5.850000000000000000e+02 2.339965078213093186e-01 9.271734182976786309e-01 1.809285389167045871e-02 1.991351843422849502e-02 3.482020937642239106e-02 0.000000000000000000e+00
5.880000000000000000e+02 2.351964899127005904e-01 9.278561675011378629e-01 1.786527082385070547e-02 2.014110150204824826e-02 3.413746017296313134e-02 0.000000000000000000e+00
5.910000000000000000e+02 2.363964720040918621e-01 9.293354574419663283e-01 1.718252162039144229e-02 1.991351843422849502e-02 3.356850250341374825e-02 0.000000000000000000e+00
5.940000000000000000e+02 2.375964540954831339e-01 9.296768320436959998e-01 1.695493855257168905e-02 1.923076923076923184e-02 3.413746017296313134e-02 0.000000000000000000e+00
5.970000000000000000e+02 2.387964361868746277e-01 9.310423304506144637e-01 1.536185707783340945e-02 1.888939462903959851e-02 3.470641784251251444e-02 0.000000000000000000e+00
6.000000000000000000e+02 2.399964182782658995e-01 9.340009103322712836e-01 1.502048247610377786e-02 1.968593536640873831e-02 3.129267182521620200e-02 0.000000000000000000e+00
6.030000000000000000e+02 2.411964003696571712e-01 9.335457441966317216e-01 1.593081474738279601e-02 1.991351843422849502e-02 3.049613108784706567e-02 1.137915339098771066e-04
6.060000000000000000e+02 2.423963824610484430e-01 9.350250341374601870e-01 1.604460628129267263e-02 1.923076923076923184e-02 2.958579881656804578e-02 1.137915339098771066e-04
6.090000000000000000e+02 2.435963645524399368e-01 9.373008648156576639e-01 1.388256713700500647e-02 1.923076923076923184e-02 2.958579881656804578e-02 0.000000000000000000e+00
6.120000000000000000e+02 2.447963466438312086e-01 9.408284023668639362e-01 1.285844333181611343e-02 1.854802002730996865e-02 2.776513427401001294e-02 0.000000000000000000e+00
6.150000000000000000e+02 2.459963287352224803e-01 9.416249431042330587e-01 1.285844333181611343e-02 1.718252162039144229e-02 2.833409194355939950e-02 0.000000000000000000e+00
6.180000000000000000e+02 2.471963108266137521e-01 9.401456531634045932e-01 1.308602639963586667e-02 1.752389622212107562e-02 2.924442421483841592e-02 0.000000000000000000e+00
6.210000000000000000e+02 2.483962929180052459e-01 9.424214838416021811e-01 1.297223486572599005e-02 1.627218934911242587e-02 2.822030040964952288e-02 1.137915339098771066e-04
6.240000000000000000e+02 2.495962750093965177e-01 9.412835685025033872e-01 1.308602639963586667e-02 1.627218934911242587e-02 2.924442421483841592e-02 1.137915339098771066e-04
6.270000000000000000e+02 2.507962571007877894e-01 9.417387346381429492e-01 1.274465179790623508e-02 1.684114701866181243e-02 2.856167501137915274e-02 1.137915339098771066e-04
6.300000000000000000e+02 2.519962391921792833e-01 9.418525261720528396e-01 1.319981793354574502e-02 1.627218934911242587e-02 2.867546654528902936e-02 0.000000000000000000e+00
6.330000000000000000e+02 2.531962212835705550e-01 9.429904415111515226e-01 1.354119253527537488e-02 1.684114701866181243e-02 2.662721893491124328e-02 0.000000000000000000e+00
6.360000000000000000e+02 2.543962033749618268e-01 9.425352753755120716e-01 1.308602639963586667e-02 1.718252162039144229e-02 2.719617660446062984e-02 0.000000000000000000e+00
6.390000000000000000e+02 2.555961854663530985e-01 9.433318161128811941e-01 1.240327719617660522e-02 1.854802002730996865e-02 2.571688666363222686e-02 0.000000000000000000e+00
6.420000000000000000e+02 2.567961675577445924e-01 9.461766044606281234e-01 1.183431952662721866e-02 1.729631315430131891e-02 2.469276285844333035e-02 0.000000000000000000e+00
6.450000000000000000e+02 2.579961496491358641e-01 9.478834774692762588e-01 1.149294492489758707e-02 1.797906235776058209e-02 2.264451524806554428e-02 0.000000000000000000e+00
6.480000000000000000e+02 2.591961317405271359e-01 9.465179790623577949e-01 1.274465179790623508e-02 1.797906235776058209e-02 2.275830678197542090e-02 0.000000000000000000e+00
6.510000000000000000e+02 2.603961138319184077e-01 9.478834774692762588e-01 1.251706873008648184e-02 1.741010468821119553e-02 2.218934911242603433e-02 0.000000000000000000e+00
6.540000000000000000e+02 2.615960959233099015e-01 9.482248520710059303e-01 1.251706873008648184e-02 1.684114701866181243e-02 2.241693218024579104e-02 0.000000000000000000e+00
6.570000000000000000e+02 2.627960780147011732e-01 9.516385980883022011e-01 1.194811106053709528e-02 1.661356395084205573e-02 1.979972690031861493e-02 0.000000000000000000e+00
6.600000000000000000e+02 2.639960601060924450e-01 9.517523896222120916e-01 1.240327719617660522e-02 1.558944014565316269e-02 2.025489303595812488e-02 0.000000000000000000e+00
6.630000000000000000e+02 2.651960421974837168e-01 9.501593081474738467e-01 1.342740100136549826e-02 1.615839781520254925e-02 2.025489303595812488e-02 0.000000000000000000e+00
6.660000000000000000e+02 2.663960242888752106e-01 9.507282658170231882e-01 1.251706873008648184e-02 1.661356395084205573e-02 2.014110150204824826e-02 0.000000000000000000e+00
6.690000000000000000e+02 2.675960063802664823e-01 9.506144742831132977e-01 1.206190259444697363e-02 1.615839781520254925e-02 2.105143377332726468e-02 1.137915339098771066e-04
6.720000000000000000e+02 2.687959884716577541e-01 9.525489303595812141e-01 1.126536185707783383e-02 1.638598088302230249e-02 1.968593536640873831e-02 1.137915339098771066e-04
6.750000000000000000e+02 2.699959705630490259e-01 9.534592626308602270e-01 1.183431952662721866e-02 1.593081474738279601e-02 1.866181156121984527e-02 1.137915339098771066e-04
6.780000000000000000e+02 2.711959526544405197e-01 9.542558033682293495e-01 1.137915339098771045e-02 1.593081474738279601e-02 1.832043695949021542e-02 1.137915339098771066e-04
6.810000000000000000e+02 2.723959347458317914e-01 9.548247610377788019e-01 1.103777878925807886e-02 1.570323167956303931e-02 1.832043695949021542e-02 1.137915339098771066e-04
