# itime ezz other fcc hcp bcc ico
0.000000000000000000e+00 0.000000000000000000e+00 1.251706873008648227e-03 9.987482931269913156e-01 0.000000000000000000e+00 0.000000000000000000e+00 0.000000000000000000e+00
3.000000000000000000e+01 1.199994801798465183e-02 7.965407373691396923e-04 9.992034592626308775e-01 0.000000000000000000e+00 0.000000000000000000e+00 0.000000000000000000e+00
6.000000000000000000e+01 2.399989603596930365e-02 2.048247610377787811e-03 9.978379608557123026e-01 0.000000000000000000e+00 1.137915339098771066e-04 0.000000000000000000e+00
9.000000000000000000e+01 3.599984405395417753e-02 3.982703686845699004e-03 9.959035047792443862e-01 0.000000000000000000e+00 1.137915339098771066e-04 0.000000000000000000e+00
1.200000000000000000e+02 4.799979207193882935e-02 8.079198907601274626e-03 9.915794264906691025e-01 0.000000000000000000e+00 3.413746017296313199e-04 0.000000000000000000e+00
1.500000000000000000e+02 5.999974008992348118e-02 2.048247610377787811e-02 9.791761492944924816e-01 0.000000000000000000e+00 3.413746017296313199e-04 0.000000000000000000e+00
1.800000000000000000e+02 7.199968810790813301e-02 3.470641784251251444e-02 9.631315430131998090e-01 0.000000000000000000e+00 2.162039144287664864e-03 0.000000000000000000e+00
2.100000000000000000e+02 8.399963612589278483e-02 5.905780609922621494e-02 9.342284934000910646e-01 0.000000000000000000e+00 6.713700500682749130e-03 0.000000000000000000e+00
2.400000000000000000e+02 9.599958414387765870e-02 1.428083750568957533e-01 8.445607646791079004e-01 0.000000000000000000e+00 1.263086026399635846e-02 0.000000000000000000e+00
2.700000000000000000e+02 1.079995321618623105e-01 2.284934000910332219e-01 7.468138370505233992e-01 0.000000000000000000e+00 2.469276285844333035e-02 0.000000000000000000e+00
3.000000000000000000e+02 1.199994801798469624e-01 3.701638598088302090e-01 5.772644515248065433e-01 5.689576695493854790e-04 5.200273099681383682e-02 0.000000000000000000e+00
3.300000000000000000e+02 1.319994281978316142e-01 5.071688666363222131e-01 3.994082840236686249e-01 9.103322712790168532e-04 9.251251706873007963e-02 0.000000000000000000e+00
3.600000000000000000e+02 1.439993762158162660e-01 6.266499772416932457e-01 2.322485207100591642e-01 5.120619025944469528e-03 1.359808830223031284e-01 0.000000000000000000e+00
3.900000000000000000e+02 1.559993242338011399e-01 6.794492489758762188e-01 1.297223486572599005e-01 1.069640418752844727e-02 1.801319981793354508e-01 0.000000000000000000e+00
4.200000000000000000e+02 1.679992722517857917e-01 7.126763768775603580e-01 7.874374146563495325e-02 2.025489303595812488e-02 1.883249886208466228e-01 0.000000000000000000e+00
4.500000000000000000e+02 1.799992202697704435e-01 7.535275375512061613e-01 4.699590350477924477e-02 2.401001365498407064e-02 1.754665452890304955e-01 0.000000000000000000e+00
4.800000000000000000e+02 1.919991682877550954e-01 7.853891670459717256e-01 3.311333636777423484e-02 2.355484751934456070e-02 1.579426490669094130e-01 0.000000000000000000e+00
5.100000000000000000e+02 2.039991163057397472e-01 8.170232134729176199e-01 2.742375967228038308e-02 3.254437869822485174e-02 1.228948566226672756e-01 1.137915339098771066e-04
5.400000000000000000e+02 2.159990643237246211e-01 8.512744651797906625e-01 2.742375967228038308e-02 3.197542102867546865e-02 8.932635411925353430e-02 0.000000000000000000e+00
5.700000000000000000e+02 2.279990123417092729e-01 8.739189804278562068e-01 2.218934911242603433e-02 3.299954483386435822e-02 7.089212562585343880e-02 0.000000000000000000e+00
6.000000000000000000e+02 2.399989603596939247e-01 8.954255803368229572e-01 2.059626763768775473e-02 3.288575329995448160e-02 5.109239872553481693e-02 0.000000000000000000e+00
6.300000000000000000e+02 2.519989083776785765e-01 9.091943559399180419e-01 1.957214383249886169e-02 3.368229403732362487e-02 3.755120619025944378e-02 0.000000000000000000e+00
6.600000000000000000e+02 2.639988563956632284e-01 9.142011834319526686e-01 2.025489303595812488e-02 3.140646335912607862e-02 3.413746017296313134e-02 0.000000000000000000e+00
6.900000000000000000e+02 2.759988044136481022e-01 9.337733272644515026e-01 1.467910787437414627e-02 2.628584433318160996e-02 2.526172052799271692e-02 0.000000000000000000e+00
7.200000000000000000e+02 2.879987524316327541e-01 9.394629039599453613e-01 1.467910787437414627e-02 2.571688666363222686e-02 2.014110150204824826e-02 0.000000000000000000e+00
7.500000000000000000e+02 2.999987004496174059e-01 9.404870277651342647e-01 1.456531634046426965e-02 2.355484751934456070e-02 2.127901684114701791e-02 1.137915339098771066e-04
7.800000000000000000e+02 3.119986484676020577e-01 9.494765589440146147e-01 1.331360946745562164e-02 2.230314064633591095e-02 1.467910787437414627e-02 2.275830678197542133e-04
8.100000000000000000e+02 3.239985964855867095e-01 9.510696404187528596e-01 1.365498406918525323e-02 1.968593536640873831e-02 1.536185707783340945e-02 2.275830678197542133e-04
8.400000000000000000e+02 3.359985445035715834e-01 9.552799271734182529e-01 1.183431952662721866e-02 1.820664542558033533e-02 1.445152480655439303e-02 2.275830678197542133e-04
8.700000000000000000e+02 3.479984925215562352e-01 9.572143832498861693e-01 1.103777878925807886e-02 1.979972690031861493e-02 1.172052799271734204e-02 2.275830678197542133e-04
9.000000000000000000e+02 3.599984405395408871e-01 9.672280382339554228e-01 9.672280382339554228e-03 1.536185707783340945e-02 7.510241238051888930e-03 2.275830678197542133e-04
9.300000000000000000e+02 3.719983885575255389e-01 9.660901228948566288e-01 9.786071916249430847e-03 1.445152480655439303e-02 9.672280382339554228e-03 0.000000000000000000e+00
9.600000000000000000e+02 3.839983365755104128e-01 9.712107419208011461e-01 8.534365043240782836e-03 1.411015020482476144e-02 6.030951297223486815e-03 1.137915339098771066e-04
9.900000000000000000e+02 3.959982845934950646e-01 9.704142011834319126e-01 8.420573509330906217e-03 1.411015020482476144e-02 6.486117432862995025e-03 5.689576695493854790e-04
1.020000000000000000e+03 4.079982326114797164e-01 9.762175694128356618e-01 5.575785161583977738e-03 1.240327719617660522e-02 5.575785161583977738e-03 2.275830678197542133e-04
1.050000000000000000e+03 4.199981806294643683e-01 9.762175694128356618e-01 5.917159763313609329e-03 1.251706873008648184e-02 5.006827492034592909e-03 3.413746017296313199e-04
1.080000000000000000e+03 4.319981286474490201e-01 9.798588984979517136e-01 5.575785161583977738e-03 9.217114246700046018e-03 5.006827492034592909e-03 3.413746017296313199e-04
1.110000000000000000e+03 4.439980766654338940e-01 9.806554392353209471e-01 6.030951297223486815e-03 9.558488848429677609e-03 3.527537551206190360e-03 2.275830678197542133e-04
1.140000000000000000e+03 4.559980246834185458e-01 9.838416021847974369e-01 4.437869822485207214e-03 8.648156577150659455e-03 2.503413746017296455e-03 5.689576695493854790e-04
1.170000000000000000e+03 4.679979727014031976e-01 9.842967683204369989e-01 4.437869822485207214e-03 8.079198907601274626e-03 2.503413746017296455e-03 6.827492034592626399e-04
1.200000000000000000e+03 4.799979207193878494e-01 9.871415566681839282e-01 4.096495220755575623e-03 7.510241238051888930e-03 1.137915339098770958e-03 1.137915339098771066e-04
1.230000000000000000e+03 4.919978687373725013e-01 9.878243058716431602e-01 4.210286754665453109e-03 6.599908966772872511e-03 1.137915339098770958e-03 2.275830678197542133e-04
1.260000000000000000e+03 5.039978167553573751e-01 9.860036413290851343e-01 4.210286754665453109e-03 7.055075102412380721e-03 2.275830678197541916e-03 4.551661356395084266e-04
1.290000000000000000e+03 5.159977647733420270e-01 9.871415566681839282e-01 4.779244424214838804e-03 5.917159763313609329e-03 1.820664542558033706e-03 3.413746017296313199e-04
1.320000000000000000e+03 5.279977127913266788e-01 9.899863450159308575e-01 4.210286754665453109e-03 4.779244424214838804e-03 5.689576695493854790e-04 4.551661356395084266e-04
1.350000000000000000e+03 5.399976608093113306e-01 9.907828857532999800e-01 2.958579881656804664e-03 4.893035958124715423e-03 7.965407373691396923e-04 5.689576695493854790e-04
1.380000000000000000e+03 5.519976088272959824e-01 9.910104688211197610e-01 2.389622212107419402e-03 4.779244424214838804e-03 1.024123805188893906e-03 7.965407373691396923e-04
1.410000000000000000e+03 5.639975568452808563e-01 9.913518434228493215e-01 2.958579881656804664e-03 4.551661356395083832e-03 6.827492034592626399e-04 4.551661356395084266e-04
1.440000000000000000e+03 5.759975048632655081e-01 9.913518434228493215e-01 2.162039144287664864e-03 4.665452890304961318e-03 9.103322712790168532e-04 9.103322712790168532e-04
1.470000000000000000e+03 5.879974528812501600e-01 9.908966772872098705e-01 2.389622212107419402e-03 5.120619025944469528e-03 7.965407373691396923e-04 7.965407373691396923e-04
1.500000000000000000e+03 5.999974008992348118e-01 9.931725079654073474e-01 2.958579881656804664e-03 2.844788347746927612e-03 5.689576695493854790e-04 4.551661356395084266e-04
1.530000000000000000e+03 6.119973489172194636e-01 9.929449248975875664e-01 2.730996813837050560e-03 3.299954483386436255e-03 3.413746017296313199e-04 6.827492034592626399e-04
1.560000000000000000e+03 6.239972969352043375e-01 9.921483841602184439e-01 2.730996813837050560e-03 3.413746017296313308e-03 9.103322712790168532e-04 7.965407373691396923e-04
1.590000000000000000e+03 6.359972449531889893e-01 9.940828402366863603e-01 1.593081474738279385e-03 2.844788347746927612e-03 1.024123805188893906e-03 4.551661356395084266e-04
1.620000000000000000e+03 6.479971929711736411e-01 9.951069640418752638e-01 1.593081474738279385e-03 2.617205279927173507e-03 6.827492034592626399e-04 0.000000000000000000e+00
1.650000000000000000e+03 6.599971409891582930e-01 9.951069640418752638e-01 9.103322712790168532e-04 2.503413746017296455e-03 6.827492034592626399e-04 7.965407373691396923e-04
1.680000000000000000e+03 6.719970890071429448e-01 9.959035047792443862e-01 1.137915339098770958e-03 1.820664542558033706e-03 3.413746017296313199e-04 7.965407373691396923e-04
1.710000000000000000e+03 6.839970370251278187e-01 9.964724624487938387e-01 5.689576695493854790e-04 1.820664542558033706e-03 4.551661356395084266e-04 6.827492034592626399e-04
1.740000000000000000e+03 6.959969850431124705e-01 9.964724624487938387e-01 7.965407373691396923e-04 1.593081474738279385e-03 4.551661356395084266e-04 6.827492034592626399e-04
1.770000000000000000e+03 7.079969330610971223e-01 9.968138370505233992e-01 2.275830678197542133e-04 2.048247610377787811e-03 5.689576695493854790e-04 3.413746017296313199e-04
1.800000000000000000e+03 7.199968810790817741e-01 9.968138370505233992e-01 2.275830678197542133e-04 1.706873008648156654e-03 5.689576695493854790e-04 6.827492034592626399e-04
1.830000000000000000e+03 7.319968290970664260e-01 9.978379608557123026e-01 5.689576695493854790e-04 7.965407373691396923e-04 2.275830678197542133e-04 5.689576695493854790e-04
1.860000000000000000e+03 7.439967771150512998e-01 9.974965862539827421e-01 5.689576695493854790e-04 6.827492034592626399e-04 4.551661356395084266e-04 7.965407373691396923e-04
1.890000000000000000e+03 7.559967251330359517e-01 9.977241693218024121e-01 2.275830678197542133e-04 9.103322712790168532e-04 3.413746017296313199e-04 7.965407373691396923e-04
1.920000000000000000e+03 7.679966731510206035e-01 9.971552116522530707e-01 3.413746017296313199e-04 9.103322712790168532e-04 7.965407373691396923e-04 7.965407373691396923e-04
1.950000000000000000e+03 7.799966211690052553e-01 9.973827947200728516e-01 2.275830678197542133e-04 1.479289940828402332e-03 1.137915339098771066e-04 7.965407373691396923e-04
1.980000000000000000e+03 7.919965691869899072e-01 9.979517523896221931e-01 3.413746017296313199e-04 7.965407373691396923e-04 2.275830678197542133e-04 6.827492034592626399e-04
2.010000000000000000e+03 8.039965172049747810e-01 9.978379608557123026e-01 3.413746017296313199e-04 6.827492034592626399e-04 3.413746017296313199e-04 7.965407373691396923e-04
2.040000000000000000e+03 8.159964652229594329e-01 9.985207100591716456e-01 1.137915339098771066e-04 4.551661356395084266e-04 1.137915339098771066e-04 7.965407373691396923e-04
2.070000000000000000e+03 8.279964132409440847e-01 9.984069185252617551e-01 2.275830678197542133e-04 3.413746017296313199e-04 1.137915339098771066e-04 9.103322712790168532e-04
2.100000000000000000e+03 8.399963612589287365e-01 9.986345015930814251e-01 2.275830678197542133e-04 6.827492034592626399e-04 1.137915339098771066e-04 3.413746017296313199e-04
2.130000000000000000e+03 8.519963092769133883e-01 9.980655439235320836e-01 2.275830678197542133e-04 6.827492034592626399e-04 3.413746017296313199e-04 6.827492034592626399e-04
2.160000000000000000e+03 8.639962572948982622e-01 9.976103777878926326e-01 3.413746017296313199e-04 9.103322712790168532e-04 2.275830678197542133e-04 9.103322712790168532e-04
2.190000000000000000e+03 8.759962053128829140e-01 9.980655439235320836e-01 1.137915339098771066e-04 1.137915339098770958e-03 1.137915339098771066e-04 5.689576695493854790e-04
2.220000000000000000e+03 8.879961533308675659e-01 9.980655439235320836e-01 0.000000000000000000e+00 9.103322712790168532e-04 0.000000000000000000e+00 1.024123805188893906e-03
2.250000000000000000e+03 8.999961013488522177e-01 9.979517523896221931e-01 3.413746017296313199e-04 5.689576695493854790e-04 4.551661356395084266e-04 6.827492034592626399e-04
2.280000000000000000e+03 9.119960493668368695e-01 9.984069185252617551e-01 1.137915339098771066e-04 4.551661356395084266e-04 0.000000000000000000e+00 1.024123805188893906e-03
2.310000000000000000e+03 9.239959973848217434e-01 9.973827947200728516e-01 0.000000000000000000e+00 7.965407373691396923e-04 2.275830678197542133e-04 1.593081474738279385e-03
2.340000000000000000e+03 9.359959454028063952e-01 9.976103777878926326e-01 2.275830678197542133e-04 5.689576695493854790e-04 1.137915339098771066e-04 1.479289940828402332e-03
2.370000000000000000e+03 9.479958934207910470e-01 9.972690031861629611e-01 4.551661356395084266e-04 9.103322712790168532e-04 4.551661356395084266e-04 9.103322712790168532e-04
2.400000000000000000e+03 9.599958414387756989e-01 9.980655439235320836e-01 2.275830678197542133e-04 7.965407373691396923e-04 0.000000000000000000e+00 9.103322712790168532e-04
2.430000000000000000e+03 9.719957894567603507e-01 9.969276285844332897e-01 4.551661356395084266e-04 1.365498406918525280e-03 0.000000000000000000e+00 1.251706873008648227e-03
2.460000000000000000e+03 9.839957374747452246e-01 9.978379608557123026e-01 2.275830678197542133e-04 7.965407373691396923e-04 1.137915339098771066e-04 1.024123805188893906e-03
2.490000000000000000e+03 9.959956854927298764e-01 9.978379608557123026e-01 4.551661356395084266e-04 5.689576695493854790e-04 1.137915339098771066e-04 1.024123805188893906e-03
