# itime ezz other fcc hcp bcc ico
0.000000000000000000e+00 0.000000000000000000e+00 0.000000000000000000e+00 1.000000000000000000e+00 0.000000000000000000e+00 0.000000000000000000e+00 0.000000000000000000e+00
2.500000000000000000e+01 9.999778323572794392e-04 0.000000000000000000e+00 1.000000000000000000e+00 0.000000000000000000e+00 0.000000000000000000e+00 0.000000000000000000e+00
5.000000000000000000e+01 1.999955664714558878e-03 0.000000000000000000e+00 1.000000000000000000e+00 0.000000000000000000e+00 0.000000000000000000e+00 0.000000000000000000e+00
7.500000000000000000e+01 2.999933497071838318e-03 0.000000000000000000e+00 1.000000000000000000e+00 0.000000000000000000e+00 0.000000000000000000e+00 0.000000000000000000e+00
1.000000000000000000e+02 3.999911329429117757e-03 0.000000000000000000e+00 1.000000000000000000e+00 0.000000000000000000e+00 0.000000000000000000e+00 0.000000000000000000e+00
1.250000000000000000e+02 4.999889161786619241e-03 0.000000000000000000e+00 1.000000000000000000e+00 0.000000000000000000e+00 0.000000000000000000e+00 0.000000000000000000e+00
1.500000000000000000e+02 5.999866994143898680e-03 0.000000000000000000e+00 1.000000000000000000e+00 0.000000000000000000e+00 0.000000000000000000e+00 0.000000000000000000e+00
1.750000000000000000e+02 6.999844826501178119e-03 0.000000000000000000e+00 1.000000000000000000e+00 0.000000000000000000e+00 0.000000000000000000e+00 0.000000000000000000e+00
2.000000000000000000e+02 7.999822658858457558e-03 0.000000000000000000e+00 1.000000000000000000e+00 0.000000000000000000e+00 0.000000000000000000e+00 0.000000000000000000e+00
2.250000000000000000e+02 8.999800491215736997e-03 0.000000000000000000e+00 1.000000000000000000e+00 0.000000000000000000e+00 0.000000000000000000e+00 0.000000000000000000e+00
2.500000000000000000e+02 9.999778323573016436e-03 0.000000000000000000e+00 1.000000000000000000e+00 0.000000000000000000e+00 0.000000000000000000e+00 0.000000000000000000e+00
2.750000000000000000e+02 1.099975615593029588e-02 0.000000000000000000e+00 1.000000000000000000e+00 0.000000000000000000e+00 0.000000000000000000e+00 0.000000000000000000e+00
3.000000000000000000e+02 1.199973398828757531e-02 0.000000000000000000e+00 1.000000000000000000e+00 0.000000000000000000e+00 0.000000000000000000e+00 0.000000000000000000e+00
3.250000000000000000e+02 1.299971182064507680e-02 0.000000000000000000e+00 1.000000000000000000e+00 0.000000000000000000e+00 0.000000000000000000e+00 0.000000000000000000e+00
3.500000000000000000e+02 1.399968965300235624e-02 0.000000000000000000e+00 1.000000000000000000e+00 0.000000000000000000e+00 0.000000000000000000e+00 0.000000000000000000e+00
3.750000000000000000e+02 1.499966748535963568e-02 0.000000000000000000e+00 1.000000000000000000e+00 0.000000000000000000e+00 0.000000000000000000e+00 0.000000000000000000e+00
4.000000000000000000e+02 1.599964531771691512e-02 0.000000000000000000e+00 1.000000000000000000e+00 0.000000000000000000e+00 0.000000000000000000e+00 0.000000000000000000e+00
4.250000000000000000e+02 1.699962315007419456e-02 0.000000000000000000e+00 1.000000000000000000e+00 0.000000000000000000e+00 0.000000000000000000e+00 0.000000000000000000e+00
4.500000000000000000e+02 1.799960098243147399e-02 0.000000000000000000e+00 1.000000000000000000e+00 0.000000000000000000e+00 0.000000000000000000e+00 0.000000000000000000e+00
4.750000000000000000e+02 1.899957881478875343e-02 0.000000000000000000e+00 1.000000000000000000e+00 0.000000000000000000e+00 0.000000000000000000e+00 0.000000000000000000e+00
5.000000000000000000e+02 1.999955664714603287e-02 0.000000000000000000e+00 1.000000000000000000e+00 0.000000000000000000e+00 0.000000000000000000e+00 0.000000000000000000e+00
5.250000000000000000e+02 2.099953447950331231e-02 0.000000000000000000e+00 1.000000000000000000e+00 0.000000000000000000e+00 0.000000000000000000e+00 0.000000000000000000e+00
5.500000000000000000e+02 2.199951231186081380e-02 0.000000000000000000e+00 1.000000000000000000e+00 0.000000000000000000e+00 0.000000000000000000e+00 0.000000000000000000e+00
5.750000000000000000e+02 2.299949014421809323e-02 0.000000000000000000e+00 1.000000000000000000e+00 0.000000000000000000e+00 0.000000000000000000e+00 0.000000000000000000e+00
6.000000000000000000e+02 2.399946797657537267e-02 0.000000000000000000e+00 1.000000000000000000e+00 0.000000000000000000e+00 0.000000000000000000e+00 0.000000000000000000e+00
6.250000000000000000e+02 2.499944580893265211e-02 0.000000000000000000e+00 1.000000000000000000e+00 0.000000000000000000e+00 0.000000000000000000e+00 0.000000000000000000e+00
6.500000000000000000e+02 2.599942364128993155e-02 0.000000000000000000e+00 1.000000000000000000e+00 0.000000000000000000e+00 0.000000000000000000e+00 0.000000000000000000e+00
6.750000000000000000e+02 2.699940147364721099e-02 0.000000000000000000e+00 1.000000000000000000e+00 0.000000000000000000e+00 0.000000000000000000e+00 0.000000000000000000e+00
7.000000000000000000e+02 2.799937930600449043e-02 0.000000000000000000e+00 1.000000000000000000e+00 0.000000000000000000e+00 0.000000000000000000e+00 0.000000000000000000e+00
7.250000000000000000e+02 2.899935713836176987e-02 0.000000000000000000e+00 1.000000000000000000e+00 0.000000000000000000e+00 0.000000000000000000e+00 0.000000000000000000e+00
7.500000000000000000e+02 2.999933497071927135e-02 0.000000000000000000e+00 1.000000000000000000e+00 0.000000000000000000e+00 0.000000000000000000e+00 0.000000000000000000e+00
7.750000000000000000e+02 3.099931280307655079e-02 0.000000000000000000e+00 1.000000000000000000e+00 0.000000000000000000e+00 0.000000000000000000e+00 0.000000000000000000e+00
8.000000000000000000e+02 3.199929063543383023e-02 0.000000000000000000e+00 1.000000000000000000e+00 0.000000000000000000e+00 0.000000000000000000e+00 0.000000000000000000e+00
8.250000000000000000e+02 3.299926846779110967e-02 0.000000000000000000e+00 1.000000000000000000e+00 0.000000000000000000e+00 0.000000000000000000e+00 0.000000000000000000e+00
8.500000000000000000e+02 3.399924630014838911e-02 0.000000000000000000e+00 1.000000000000000000e+00 0.000000000000000000e+00 0.000000000000000000e+00 0.000000000000000000e+00
8.750000000000000000e+02 3.499922413250566855e-02 0.000000000000000000e+00 1.000000000000000000e+00 0.000000000000000000e+00 0.000000000000000000e+00 0.000000000000000000e+00
9.000000000000000000e+02 3.599920196486294799e-02 0.000000000000000000e+00 1.000000000000000000e+00 0.000000000000000000e+00 0.000000000000000000e+00 0.000000000000000000e+00
9.250000000000000000e+02 3.699917979722022743e-02 0.000000000000000000e+00 1.000000000000000000e+00 0.000000000000000000e+00 0.000000000000000000e+00 0.000000000000000000e+00
9.500000000000000000e+02 3.799915762957750687e-02 0.000000000000000000e+00 1.000000000000000000e+00 0.000000000000000000e+00 0.000000000000000000e+00 0.000000000000000000e+00
9.750000000000000000e+02 3.899913546193500835e-02 0.000000000000000000e+00 1.000000000000000000e+00 0.000000000000000000e+00 0.000000000000000000e+00 0.000000000000000000e+00
1.000000000000000000e+03 3.999911329429228779e-02 0.000000000000000000e+00 1.000000000000000000e+00 0.000000000000000000e+00 0.000000000000000000e+00 0.000000000000000000e+00
1.025000000000000000e+03 4.099909112664956723e-02 0.000000000000000000e+00 1.000000000000000000e+00 0.000000000000000000e+00 0.000000000000000000e+00 0.000000000000000000e+00
1.050000000000000000e+03 4.199906895900684667e-02 0.000000000000000000e+00 1.000000000000000000e+00 0.000000000000000000e+00 0.000000000000000000e+00 0.000000000000000000e+00
1.075000000000000000e+03 4.299904679136412611e-02 0.000000000000000000e+00 1.000000000000000000e+00 0.000000000000000000e+00 0.000000000000000000e+00 0.000000000000000000e+00
1.100000000000000000e+03 4.399902462372140555e-02 0.000000000000000000e+00 1.000000000000000000e+00 0.000000000000000000e+00 0.000000000000000000e+00 0.000000000000000000e+00
1.125000000000000000e+03 4.499900245607868499e-02 0.000000000000000000e+00 1.000000000000000000e+00 0.000000000000000000e+00 0.000000000000000000e+00 0.000000000000000000e+00
1.150000000000000000e+03 4.599898028843596443e-02 0.000000000000000000e+00 1.000000000000000000e+00 0.000000000000000000e+00 0.000000000000000000e+00 0.000000000000000000e+00
1.175000000000000000e+03 4.699895812079346591e-02 0.000000000000000000e+00 1.000000000000000000e+00 0.000000000000000000e+00 0.000000000000000000e+00 0.000000000000000000e+00
1.200000000000000000e+03 4.799893595315074535e-02 0.000000000000000000e+00 1.000000000000000000e+00 0.000000000000000000e+00 0.000000000000000000e+00 0.000000000000000000e+00
1.225000000000000000e+03 4.899891378550802479e-02 0.000000000000000000e+00 1.000000000000000000e+00 0.000000000000000000e+00 0.000000000000000000e+00 0.000000000000000000e+00
1.250000000000000000e+03 4.999889161786530423e-02 0.000000000000000000e+00 1.000000000000000000e+00 0.000000000000000000e+00 0.000000000000000000e+00 0.000000000000000000e+00
1.275000000000000000e+03 5.099886945022258367e-02 0.000000000000000000e+00 1.000000000000000000e+00 0.000000000000000000e+00 0.000000000000000000e+00 0.000000000000000000e+00
1.300000000000000000e+03 5.199884728257986310e-02 0.000000000000000000e+00 1.000000000000000000e+00 0.000000000000000000e+00 0.000000000000000000e+00 0.000000000000000000e+00
1.325000000000000000e+03 5.299882511493714254e-02 0.000000000000000000e+00 1.000000000000000000e+00 0.000000000000000000e+00 0.000000000000000000e+00 0.000000000000000000e+00
1.350000000000000000e+03 5.399880294729442198e-02 0.000000000000000000e+00 1.000000000000000000e+00 0.000000000000000000e+00 0.000000000000000000e+00 0.000000000000000000e+00
1.375000000000000000e+03 5.499878077965170142e-02 0.000000000000000000e+00 1.000000000000000000e+00 0.000000000000000000e+00 0.000000000000000000e+00 0.000000000000000000e+00
1.400000000000000000e+03 5.599875861200920291e-02 0.000000000000000000e+00 1.000000000000000000e+00 0.000000000000000000e+00 0.000000000000000000e+00 0.000000000000000000e+00
1.425000000000000000e+03 5.699873644436648235e-02 3.413746017296313199e-04 9.995448338643604380e-01 0.000000000000000000e+00 1.137915339098771066e-04 0.000000000000000000e+00
1.450000000000000000e+03 5.799871427672376178e-02 0.000000000000000000e+00 1.000000000000000000e+00 0.000000000000000000e+00 0.000000000000000000e+00 0.000000000000000000e+00
1.475000000000000000e+03 5.899869210908104122e-02 0.000000000000000000e+00 1.000000000000000000e+00 0.000000000000000000e+00 0.000000000000000000e+00 0.000000000000000000e+00
1.500000000000000000e+03 5.999866994143832066e-02 0.000000000000000000e+00 1.000000000000000000e+00 0.000000000000000000e+00 0.000000000000000000e+00 0.000000000000000000e+00
1.525000000000000000e+03 6.099864777379560010e-02 0.000000000000000000e+00 1.000000000000000000e+00 0.000000000000000000e+00 0.000000000000000000e+00 0.000000000000000000e+00
1.550000000000000000e+03 6.199862560615287954e-02 0.000000000000000000e+00 1.000000000000000000e+00 0.000000000000000000e+00 0.000000000000000000e+00 0.000000000000000000e+00
1.575000000000000000e+03 6.299860343851015898e-02 0.000000000000000000e+00 1.000000000000000000e+00 0.000000000000000000e+00 0.000000000000000000e+00 0.000000000000000000e+00
1.600000000000000000e+03 6.399858127086743842e-02 0.000000000000000000e+00 1.000000000000000000e+00 0.000000000000000000e+00 0.000000000000000000e+00 0.000000000000000000e+00
1.625000000000000000e+03 6.499855910322493990e-02 0.000000000000000000e+00 1.000000000000000000e+00 0.000000000000000000e+00 0.000000000000000000e+00 0.000000000000000000e+00
1.650000000000000000e+03 6.599853693558221934e-02 0.000000000000000000e+00 1.000000000000000000e+00 0.000000000000000000e+00 0.000000000000000000e+00 0.000000000000000000e+00
1.675000000000000000e+03 6.699851476793949878e-02 2.275830678197542133e-04 9.997724169321802190e-01 0.000000000000000000e+00 0.000000000000000000e+00 0.000000000000000000e+00
1.700000000000000000e+03 6.799849260029677822e-02 0.000000000000000000e+00 1.000000000000000000e+00 0.000000000000000000e+00 0.000000000000000000e+00 0.000000000000000000e+00
1.725000000000000000e+03 6.899847043265405766e-02 0.000000000000000000e+00 1.000000000000000000e+00 0.000000000000000000e+00 0.000000000000000000e+00 0.000000000000000000e+00
1.750000000000000000e+03 6.999844826501133710e-02 4.551661356395084266e-04 9.995448338643604380e-01 0.000000000000000000e+00 0.000000000000000000e+00 0.000000000000000000e+00
1.775000000000000000e+03 7.099842609736861654e-02 1.137915339098771066e-04 9.997724169321802190e-01 0.000000000000000000e+00 1.137915339098771066e-04 0.000000000000000000e+00
1.800000000000000000e+03 7.199840392972589598e-02 0.000000000000000000e+00 1.000000000000000000e+00 0.000000000000000000e+00 0.000000000000000000e+00 0.000000000000000000e+00
1.825000000000000000e+03 7.299838176208339746e-02 0.000000000000000000e+00 1.000000000000000000e+00 0.000000000000000000e+00 0.000000000000000000e+00 0.000000000000000000e+00
1.850000000000000000e+03 7.399835959444067690e-02 4.551661356395084266e-04 9.995448338643604380e-01 0.000000000000000000e+00 0.000000000000000000e+00 0.000000000000000000e+00
1.875000000000000000e+03 7.499833742679795634e-02 4.551661356395084266e-04 9.995448338643604380e-01 0.000000000000000000e+00 0.000000000000000000e+00 0.000000000000000000e+00
1.900000000000000000e+03 7.599831525915523578e-02 0.000000000000000000e+00 1.000000000000000000e+00 0.000000000000000000e+00 0.000000000000000000e+00 0.000000000000000000e+00
1.925000000000000000e+03 7.699829309151251522e-02 3.413746017296313199e-04 9.995448338643604380e-01 0.000000000000000000e+00 1.137915339098771066e-04 0.000000000000000000e+00
1.950000000000000000e+03 7.799827092386979466e-02 2.275830678197542133e-04 9.997724169321802190e-01 0.000000000000000000e+00 0.000000000000000000e+00 0.000000000000000000e+00
1.975000000000000000e+03 7.899824875622707410e-02 0.000000000000000000e+00 1.000000000000000000e+00 0.000000000000000000e+00 0.000000000000000000e+00 0.000000000000000000e+00
2.000000000000000000e+03 7.999822658858435354e-02 3.413746017296313199e-04 9.996586253982703285e-01 0.000000000000000000e+00 0.000000000000000000e+00 0.000000000000000000e+00
2.025000000000000000e+03 8.099820442094163297e-02 0.000000000000000000e+00 1.000000000000000000e+00 0.000000000000000000e+00 0.000000000000000000e+00 0.000000000000000000e+00
2.050000000000000000e+03 8.199818225329913446e-02 1.137915339098771066e-04 9.997724169321802190e-01 0.000000000000000000e+00 1.137915339098771066e-04 0.000000000000000000e+00
2.075000000000000000e+03 8.299816008565641390e-02 0.000000000000000000e+00 1.000000000000000000e+00 0.000000000000000000e+00 0.000000000000000000e+00 0.000000000000000000e+00
2.100000000000000000e+03 8.399813791801369334e-02 5.689576695493854790e-04 9.994310423304506585e-01 0.000000000000000000e+00 0.000000000000000000e+00 0.000000000000000000e+00
2.125000000000000000e+03 8.499811575037097278e-02 1.593081474738279385e-03 9.984069185252617551e-01 0.000000000000000000e+00 0.000000000000000000e+00 0.000000000000000000e+00
2.150000000000000000e+03 8.599809358272825222e-02 9.103322712790168532e-04 9.989758761948110966e-01 0.000000000000000000e+00 1.137915339098771066e-04 0.000000000000000000e+00
2.175000000000000000e+03 8.699807141508553165e-02 7.965407373691396923e-04 9.992034592626308775e-01 0.000000000000000000e+00 0.000000000000000000e+00 0.000000000000000000e+00
2.200000000000000000e+03 8.799804924744281109e-02 1.365498406918525280e-03 9.986345015930814251e-01 0.000000000000000000e+00 0.000000000000000000e+00 0.000000000000000000e+00
2.225000000000000000e+03 8.899802707980009053e-02 1.024123805188893906e-03 9.989758761948110966e-01 0.000000000000000000e+00 0.000000000000000000e+00 0.000000000000000000e+00
2.250000000000000000e+03 8.999800491215759202e-02 1.479289940828402332e-03 9.985207100591716456e-01 0.000000000000000000e+00 0.000000000000000000e+00 0.000000000000000000e+00
2.275000000000000000e+03 9.099798274451487146e-02 2.275830678197542133e-04 9.996586253982703285e-01 0.000000000000000000e+00 1.137915339098771066e-04 0.000000000000000000e+00
2.300000000000000000e+03 9.199796057687215090e-02 1.934456076467910759e-03 9.980655439235320836e-01 0.000000000000000000e+00 0.000000000000000000e+00 0.000000000000000000e+00
2.325000000000000000e+03 9.299793840922943033e-02 1.137915339098771066e-04 9.998862084660901095e-01 0.000000000000000000e+00 0.000000000000000000e+00 0.000000000000000000e+00
2.350000000000000000e+03 9.399791624158670977e-02 6.827492034592626399e-04 9.992034592626308775e-01 0.000000000000000000e+00 1.137915339098771066e-04 0.000000000000000000e+00
2.375000000000000000e+03 9.499789407394398921e-02 1.137915339098770958e-03 9.988620846609012061e-01 0.000000000000000000e+00 0.000000000000000000e+00 0.000000000000000000e+00
2.400000000000000000e+03 9.599787190630126865e-02 1.706873008648156654e-03 9.982931269913518646e-01 0.000000000000000000e+00 0.000000000000000000e+00 0.000000000000000000e+00
2.425000000000000000e+03 9.699784973865854809e-02 1.593081474738279385e-03 9.984069185252617551e-01 0.000000000000000000e+00 0.000000000000000000e+00 0.000000000000000000e+00
2.450000000000000000e+03 9.799782757101582753e-02 1.365498406918525280e-03 9.986345015930814251e-01 0.000000000000000000e+00 0.000000000000000000e+00 0.000000000000000000e+00
2.475000000000000000e+03 9.899780540337332901e-02 2.958579881656804664e-03 9.970414201183431802e-01 0.000000000000000000e+00 0.000000000000000000e+00 0.000000000000000000e+00
2.500000000000000000e+03 9.999778323573060845e-02 2.162039144287664864e-03 9.976103777878926326e-01 0.000000000000000000e+00 2.275830678197542133e-04 0.000000000000000000e+00
2.525000000000000000e+03 1.009977610680878879e-01 2.389622212107419402e-03 9.976103777878926326e-01 0.000000000000000000e+00 0.000000000000000000e+00 0.000000000000000000e+00
2.550000000000000000e+03 1.019977389004451673e-01 4.324078288575329727e-03 9.956759217114247162e-01 0.000000000000000000e+00 0.000000000000000000e+00 0.000000000000000000e+00
2.575000000000000000e+03 1.029977167328024468e-01 4.324078288575329727e-03 9.948793809740554828e-01 0.000000000000000000e+00 7.965407373691396923e-04 0.000000000000000000e+00
2.600000000000000000e+03 1.039976945651597262e-01 1.251706873008648227e-03 9.986345015930814251e-01 0.000000000000000000e+00 1.137915339098771066e-04 0.000000000000000000e+00
2.625000000000000000e+03 1.049976723975170056e-01 4.893035958124715423e-03 9.948793809740554828e-01 0.000000000000000000e+00 2.275830678197542133e-04 0.000000000000000000e+00
2.650000000000000000e+03 1.059976502298742851e-01 4.779244424214838804e-03 9.945380063723259223e-01 0.000000000000000000e+00 6.827492034592626399e-04 0.000000000000000000e+00
2.675000000000000000e+03 1.069976280622317866e-01 7.168866636322257339e-03 9.928311333636777869e-01 0.000000000000000000e+00 0.000000000000000000e+00 0.000000000000000000e+00
2.700000000000000000e+03 1.079976058945890660e-01 7.624032771961766417e-03 9.919208010923987739e-01 0.000000000000000000e+00 4.551661356395084266e-04 0.000000000000000000e+00
2.725000000000000000e+03 1.089975837269463455e-01 5.120619025944469528e-03 9.947655894401457033e-01 0.000000000000000000e+00 1.137915339098771066e-04 0.000000000000000000e+00
2.750000000000000000e+03 1.099975615593036249e-01 9.103322712790167665e-03 9.903277196176604180e-01 0.000000000000000000e+00 5.689576695493854790e-04 0.000000000000000000e+00
2.775000000000000000e+03 1.109975393916609043e-01 1.194811106053709528e-02 9.865725989986344757e-01 0.000000000000000000e+00 1.479289940828402332e-03 0.000000000000000000e+00
2.800000000000000000e+03 1.119975172240181838e-01 9.899863450159307465e-03 9.894173873463814051e-01 0.000000000000000000e+00 6.827492034592626399e-04 0.000000000000000000e+00
2.825000000000000000e+03 1.129974950563754632e-01 1.411015020482476144e-02 9.845243513882566688e-01 0.000000000000000000e+00 1.365498406918525280e-03 0.000000000000000000e+00
2.850000000000000000e+03 1.139974728887327426e-01 2.241693218024579104e-02 9.764451524806554428e-01 0.000000000000000000e+00 1.137915339098770958e-03 0.000000000000000000e+00
2.875000000000000000e+03 1.149974507210900221e-01 2.184797451069640448e-02 9.745106964041875264e-01 0.000000000000000000e+00 3.641329085116067413e-03 0.000000000000000000e+00
2.900000000000000000e+03 1.159974285534475236e-01 3.004096495220755572e-02 9.624487938097405770e-01 0.000000000000000000e+00 7.510241238051888930e-03 0.000000000000000000e+00
2.925000000000000000e+03 1.169974063858048030e-01 3.959945380063722986e-02 9.475421028675466983e-01 0.000000000000000000e+00 1.285844333181611343e-02 0.000000000000000000e+00
2.950000000000000000e+03 1.179973842181620824e-01 5.496131087847064278e-02 9.146563495675921196e-01 0.000000000000000000e+00 3.038233955393718558e-02 0.000000000000000000e+00
2.975000000000000000e+03 1.189973620505193619e-01 9.171597633136094330e-02 8.459262630860263643e-01 0.000000000000000000e+00 6.235776058261265076e-02 0.000000000000000000e+00
3.000000000000000000e+03 1.199973398828766413e-01 1.514565316340464318e-01 7.166590805644059703e-01 0.000000000000000000e+00 1.318843878015475701e-01 0.000000000000000000e+00
3.025000000000000000e+03 1.209973177152339208e-01 2.058488848429676776e-01 5.624715521165225551e-01 0.000000000000000000e+00 2.316795630405097950e-01 0.000000000000000000e+00
3.050000000000000000e+03 1.219972955475912002e-01 2.677514792899408080e-01 3.826809285389167203e-01 1.137915339098771066e-04 3.494538006372325811e-01 0.000000000000000000e+00
3.075000000000000000e+03 1.229972733799484796e-01 3.073509330905780379e-01 2.520482476103778069e-01 2.275830678197542133e-04 4.403732362312243742e-01 0.000000000000000000e+00
3.100000000000000000e+03 1.239972512123059811e-01 3.428538916704597095e-01 1.547564861174328676e-01 2.162039144287664864e-03 5.002275830678197810e-01 0.000000000000000000e+00
3.125000000000000000e+03 1.249972290446632606e-01 3.425125170687300935e-01 1.172052799271734169e-01 1.103777878925807886e-02 5.292444242148384159e-01 0.000000000000000000e+00
3.150000000000000000e+03 1.259972068770205400e-01 3.406918525261720676e-01 1.325671370050068298e-01 2.275830678197542090e-02 5.039827036868457233e-01 0.000000000000000000e+00
3.175000000000000000e+03 1.269971847093778194e-01 3.453573054164770229e-01 1.472462448793809831e-01 3.311333636777423484e-02 4.742831133363678009e-01 0.000000000000000000e+00
3.200000000000000000e+03 1.279971625417350989e-01 3.482020937642239522e-01 1.714838416021848000e-01 4.358215748748293233e-02 4.367319071461083224e-01 0.000000000000000000e+00
3.225000000000000000e+03 1.289971403740923783e-01 3.314747382794719921e-01 2.209831588529813373e-01 4.972690031861629750e-02 3.978152025489303800e-01 0.000000000000000000e+00
3.250000000000000000e+03 1.299971182064496578e-01 3.273782430587164338e-01 2.358898497951752438e-01 6.349567592171143082e-02 3.732362312243969193e-01 0.000000000000000000e+00
3.275000000000000000e+03 1.309970960388069372e-01 3.322712790168411701e-01 2.346381429221665871e-01 8.272644515248064878e-02 3.503641329085115941e-01 0.000000000000000000e+00
3.300000000000000000e+03 1.319970738711642166e-01 3.221438324988620816e-01 2.515930814747383004e-01 1.107191624943104219e-01 3.155439235320892100e-01 0.000000000000000000e+00
3.325000000000000000e+03 1.329970517035217181e-01 3.287437414656349532e-01 2.480655439235320836e-01 1.401911697769686049e-01 2.829995448338643582e-01 0.000000000000000000e+00
3.350000000000000000e+03 1.339970295358789976e-01 3.229403732362312041e-01 2.439690487027765253e-01 1.516841147018661851e-01 2.814064633591260578e-01 0.000000000000000000e+00
3.375000000000000000e+03 1.349970073682362770e-01 3.336367774237596895e-01 2.431725079654073751e-01 1.606736458807464796e-01 2.625170687300864558e-01 0.000000000000000000e+00
3.400000000000000000e+03 1.359969852005935564e-01 3.297678652708238567e-01 2.485207100591715901e-01 1.675011379153391045e-01 2.542102867546654488e-01 0.000000000000000000e+00
3.425000000000000000e+03 1.369969630329508359e-01 3.221438324988620816e-01 2.639963586709148657e-01 1.697769685935366368e-01 2.440828402366863881e-01 0.000000000000000000e+00
3.450000000000000000e+03 1.379969408653081153e-01 3.130405097860718966e-01 2.774237596722803900e-01 1.695493855257168836e-01 2.399863450159308020e-01 0.000000000000000000e+00
3.475000000000000000e+03 1.389969186976653948e-01 3.166818388711880039e-01 2.834547109695038647e-01 1.741010468821119761e-01 2.257624032771961831e-01 0.000000000000000000e+00
3.500000000000000000e+03 1.399968965300226742e-01 3.074647246244879284e-01 3.057578516158397930e-01 1.671597633136094607e-01 2.196176604460628179e-01 0.000000000000000000e+00
3.525000000000000000e+03 1.409968743623801757e-01 2.993855257168866468e-01 3.177059626763768518e-01 1.703459262630860338e-01 2.125625853436504398e-01 0.000000000000000000e+00
3.550000000000000000e+03 1.419968521947374551e-01 3.054164770141101770e-01 3.266954938552571464e-01 1.743286299499317293e-01 1.935593991807009473e-01 0.000000000000000000e+00
3.575000000000000000e+03 1.429968300270947346e-01 3.016613563950841792e-01 3.401228948566226706e-01 1.811561219845243542e-01 1.770596267637687682e-01 0.000000000000000000e+00
3.600000000000000000e+03 1.439968078594520140e-01 3.144060081929904160e-01 3.571916249431042467e-01 1.879836140191169791e-01 1.404187528447883582e-01 0.000000000000000000e+00
3.625000000000000000e+03 1.449967856918092934e-01 3.268092853891670369e-01 3.726672735548475224e-01 1.937869822485207005e-01 1.067364588074647264e-01 0.000000000000000000e+00
3.650000000000000000e+03 1.459967635241665729e-01 3.256713700500682984e-01 3.809740555302685294e-01 2.010696404187528319e-01 9.228493400091032639e-02 0.000000000000000000e+00
3.675000000000000000e+03 1.469967413565238523e-01 3.311333636777423761e-01 3.900773782430587144e-01 2.082385070550751005e-01 7.055075102412380894e-02 0.000000000000000000e+00
3.700000000000000000e+03 1.479967191888811318e-01 3.370505234410559603e-01 3.942876649977241632e-01 2.099453800637232637e-01 5.871643149749658508e-02 0.000000000000000000e+00
3.725000000000000000e+03 1.489966970212384112e-01 3.400091033227127801e-01 4.029358215748748417e-01 2.080109239872553473e-01 4.904415111515703085e-02 0.000000000000000000e+00
3.750000000000000000e+03 1.499966748535959127e-01 3.406918525261720676e-01 4.211424670004551563e-01 1.948111060537096040e-01 4.335457441966317910e-02 0.000000000000000000e+00
3.775000000000000000e+03 1.509966526859531921e-01 3.285161583978152278e-01 4.467455621301775204e-01 1.892353208921256358e-01 3.550295857988165771e-02 0.000000000000000000e+00
3.800000000000000000e+03 1.519966305183104716e-01 3.154301319981793195e-01 4.614246700045516736e-01 1.852526172052799402e-01 3.789258079198907364e-02 0.000000000000000000e+00
3.825000000000000000e+03 1.529966083506677510e-01 3.040509786071916021e-01 4.739417387346381294e-01 1.802457897132453413e-01 4.176149294492489950e-02 0.000000000000000000e+00
3.850000000000000000e+03 1.539965861830250304e-01 2.947200728265816916e-01 4.804278561675011106e-01 1.809285389167046010e-01 4.392353208921256219e-02 0.000000000000000000e+00
3.875000000000000000e+03 1.549965640153823099e-01 2.941511151570322946e-01 4.922621756941283344e-01 1.759217114246700020e-01 3.766499772416932040e-02 0.000000000000000000e+00
3.900000000000000000e+03 1.559965418477395893e-01 2.880063723258989294e-01 5.005689576695493415e-01 1.799044151115156975e-01 3.152025489303595523e-02 0.000000000000000000e+00
3.925000000000000000e+03 1.569965196800968688e-01 2.754893035958124736e-01 5.105826126536185949e-01 1.871870732817478289e-01 2.674101046882111990e-02 0.000000000000000000e+00
3.950000000000000000e+03 1.579964975124541482e-01 2.652480655439235502e-01 5.193445607646790529e-01 1.923076923076923184e-01 2.309968138370505075e-02 0.000000000000000000e+00
3.975000000000000000e+03 1.589964753448116497e-01 2.625170687300864558e-01 5.254893035958124736e-01 1.892353208921256358e-01 2.275830678197542090e-02 0.000000000000000000e+00
4.000000000000000000e+03 1.599964531771689291e-01 2.581929904415111721e-01 5.343650432407829332e-01 1.896904870277651423e-01 1.775147928994082885e-02 0.000000000000000000e+00
4.025000000000000000e+03 1.609964310095262086e-01 2.531861629494765453e-01 5.417614929449249273e-01 1.854802002730996935e-01 1.957214383249886169e-02 0.000000000000000000e+00
4.050000000000000000e+03 1.619964088418834880e-01 2.454483386436049075e-01 5.459717796995903205e-01 1.908284023668639084e-01 1.775147928994082885e-02 0.000000000000000000e+00
4.075000000000000000e+03 1.629963866742407674e-01 2.390760127446517891e-01 5.540509786071916576e-01 1.907146108329540179e-01 1.615839781520254925e-02 0.000000000000000000e+00
4.100000000000000000e+03 1.639963645065980469e-01 2.340691852526172179e-01 5.624715521165225551e-01 1.870732817478379661e-01 1.638598088302230249e-02 0.000000000000000000e+00
4.125000000000000000e+03 1.649963423389553263e-01 2.258761948111060458e-01 5.720300409649522466e-01 1.873008648156577194e-01 1.479289940828402289e-02 0.000000000000000000e+00
4.150000000000000000e+03 1.659963201713126058e-01 2.255348202093764298e-01 5.754437869822485174e-01 1.858215748748293095e-01 1.319981793354574502e-02 0.000000000000000000e+00
4.175000000000000000e+03 1.669962980036701072e-01 2.214383249886208438e-01 5.807919890760127046e-01 1.850250341374601593e-01 1.274465179790623508e-02 0.000000000000000000e+00
4.200000000000000000e+03 1.679962758360273867e-01 2.242831133363677731e-01 5.839781520254893055e-01 1.824078288575330109e-01 9.330905780609922637e-03 0.000000000000000000e+00
4.225000000000000000e+03 1.689962536683846661e-01 2.191624943104233114e-01 5.873918980427855763e-01 1.810423304506144637e-01 1.240327719617660522e-02 0.000000000000000000e+00
4.250000000000000000e+03 1.699962315007419456e-01 2.167728720983158885e-01 5.898953117888029452e-01 1.843422849340008995e-01 8.989531178880291046e-03 0.000000000000000000e+00
4.275000000000000000e+03 1.709962093330992250e-01 2.088074647246244975e-01 5.953573054164770229e-01 1.863905325443787064e-01 9.444697314519799256e-03 0.000000000000000000e+00
4.300000000000000000e+03 1.719961871654565044e-01 2.137005006827492060e-01 5.917159763313609711e-01 1.838871187983613931e-01 1.069640418752844727e-02 0.000000000000000000e+00
4.325000000000000000e+03 1.729961649978137839e-01 2.137005006827492060e-01 5.885298133818843702e-01 1.884387801547564856e-01 9.330905780609922637e-03 0.000000000000000000e+00
4.350000000000000000e+03 1.739961428301710633e-01 2.131315430131998090e-01 5.850022758306782089e-01 1.931042330450614408e-01 8.761948111060537808e-03 0.000000000000000000e+00
4.375000000000000000e+03 1.749961206625283427e-01 2.055075102412380617e-01 5.857988165680473314e-01 2.000455166135639562e-01 8.648156577150659455e-03 0.000000000000000000e+00
4.400000000000000000e+03 1.759960984948858442e-01 2.017523896222121194e-01 5.870505234410560158e-01 2.035730541647701453e-01 7.624032771961766417e-03 0.000000000000000000e+00
4.425000000000000000e+03 1.769960763272431237e-01 2.035730541647701453e-01 5.867091488393263443e-01 2.023213472917614886e-01 7.396449704142011444e-03 0.000000000000000000e+00
4.450000000000000000e+03 1.779960541596004031e-01 2.049385525716886647e-01 5.869367319071461253e-01 2.010696404187528319e-01 7.055075102412380721e-03 0.000000000000000000e+00
4.475000000000000000e+03 1.789960319919576825e-01 2.027765134274009950e-01 5.890987710514338227e-01 2.001593081474738189e-01 7.965407373691398007e-03 0.000000000000000000e+00
4.500000000000000000e+03 1.799960098243149620e-01 1.973145197997268896e-01 5.928538916704597650e-01 2.024351388256713791e-01 7.396449704142011444e-03 0.000000000000000000e+00
4.525000000000000000e+03 1.809959876566722414e-01 1.968593536640873831e-01 5.962676376877560358e-01 1.999317250796540657e-01 6.941283568502503235e-03 0.000000000000000000e+00
4.550000000000000000e+03 1.819959654890295209e-01 1.916249431042330587e-01 5.995675921711424161e-01 2.007282658170232159e-01 8.079198907601274626e-03 0.000000000000000000e+00
4.575000000000000000e+03 1.829959433213868003e-01 1.933318161128811941e-01 6.003641329085116496e-01 1.991351843422849432e-01 7.168866636322257339e-03 0.000000000000000000e+00
4.600000000000000000e+03 1.839959211537443018e-01 2.006144742831133254e-01 5.972917614929449392e-01 1.953800637232590010e-01 6.713700500682749130e-03 0.000000000000000000e+00
4.625000000000000000e+03 1.849958989861015812e-01 1.950386891215293572e-01 5.993400091033227461e-01 1.977696859353663961e-01 7.851615839781519654e-03 0.000000000000000000e+00
4.650000000000000000e+03 1.859958768184588607e-01 1.973145197997268896e-01 5.967228038233954868e-01 1.967455621301775204e-01 9.217114246700046018e-03 0.000000000000000000e+00
4.675000000000000000e+03 1.869958546508161401e-01 1.961766044606281234e-01 5.958124715521164738e-01 1.999317250796540657e-01 8.079198907601274626e-03 0.000000000000000000e+00
4.700000000000000000e+03 1.879958324831734195e-01 1.985662266727355463e-01 5.935366408739189970e-01 2.008420573509330787e-01 7.055075102412380721e-03 0.000000000000000000e+00
4.725000000000000000e+03 1.889958103155306990e-01 1.945835229858898507e-01 5.962676376877560358e-01 2.025489303595812418e-01 6.599908966772872511e-03 0.000000000000000000e+00
4.750000000000000000e+03 1.899957881478879784e-01 1.972007282658170269e-01 5.941055985434683384e-01 2.027765134274009950e-01 5.917159763313609329e-03 0.000000000000000000e+00
4.775000000000000000e+03 1.909957659802452579e-01 1.952662721893491105e-01 5.964952207555758168e-01 2.022075557578516258e-01 6.030951297223486815e-03 0.000000000000000000e+00
4.800000000000000000e+03 1.919957438126025373e-01 1.972007282658170269e-01 5.979745106964041712e-01 2.001593081474738189e-01 4.665452890304961318e-03 0.000000000000000000e+00
4.825000000000000000e+03 1.929957216449600388e-01 1.991351843422849432e-01 5.970641784251251583e-01 1.967455621301775204e-01 7.055075102412380721e-03 0.000000000000000000e+00
4.850000000000000000e+03 1.939956994773173182e-01 2.030040964952207483e-01 5.953573054164770229e-01 1.959490213928083702e-01 5.689576695493855224e-03 0.000000000000000000e+00
4.875000000000000000e+03 1.949956773096745977e-01 1.991351843422849432e-01 5.968365953573053773e-01 1.987938097405552995e-01 5.234410559854347014e-03 0.000000000000000000e+00
4.900000000000000000e+03 1.959956551420318771e-01 1.983386436049157930e-01 5.954710969503869133e-01 2.008420573509330787e-01 5.348202093764223633e-03 0.000000000000000000e+00
4.925000000000000000e+03 1.969956329743891565e-01 2.024351388256713791e-01 5.941055985434683384e-01 1.975421028675466428e-01 5.917159763313609329e-03 0.000000000000000000e+00
4.950000000000000000e+03 1.979956108067464360e-01 1.989076012744651900e-01 5.962676376877560358e-01 2.000455166135639562e-01 4.779244424214838804e-03 0.000000000000000000e+00
4.975000000000000000e+03 1.989955886391037154e-01 1.989076012744651900e-01 5.966090122894857073e-01 1.995903504779244497e-01 4.893035958124715423e-03 0.000000000000000000e+00
5.000000000000000000e+03 1.999955664714609949e-01 1.961766044606281234e-01 5.977469276285843902e-01 2.003868912152935722e-01 5.689576695493855224e-03 0.000000000000000000e+00
5.025000000000000000e+03 2.009955443038184963e-01 1.993627674101046965e-01 5.964952207555758168e-01 2.001593081474738189e-01 3.982703686845699004e-03 0.000000000000000000e+00
5.050000000000000000e+03 2.019955221361757758e-01 1.928766499772416876e-01 6.007055075102412101e-01 2.011834319526627224e-01 5.234410559854347014e-03 0.000000000000000000e+00
5.075000000000000000e+03 2.029954999685330552e-01 1.935593991807009473e-01 6.017296313154301135e-01 1.991351843422849432e-01 5.575785161583977738e-03 0.000000000000000000e+00
5.100000000000000000e+03 2.039954778008903347e-01 1.987938097405552995e-01 5.976331360946746107e-01 1.981110605370960398e-01 5.461993627674101119e-03 0.000000000000000000e+00
5.125000000000000000e+03 2.049954556332476141e-01 1.983386436049157930e-01 5.987710514337732937e-01 1.981110605370960398e-01 4.779244424214838804e-03 0.000000000000000000e+00
5.150000000000000000e+03 2.059954334656048935e-01 2.000455166135639562e-01 5.962676376877560358e-01 1.972007282658170269e-01 6.486117432862995025e-03 0.000000000000000000e+00
5.175000000000000000e+03 2.069954112979621730e-01 1.984524351388256835e-01 5.999089667728720876e-01 1.957214383249886169e-01 5.917159763313609329e-03 0.000000000000000000e+00
5.200000000000000000e+03 2.079953891303194524e-01 1.986800182066454368e-01 6.018434228493400040e-01 1.923076923076923184e-01 7.168866636322257339e-03 0.000000000000000000e+00
5.225000000000000000e+03 2.089953669626767319e-01 1.946973145197997135e-01 6.050295857988166048e-01 1.943559399180700975e-01 5.917159763313609329e-03 0.000000000000000000e+00
5.250000000000000000e+03 2.099953447950342333e-01 1.961766044606281234e-01 6.063950842057350687e-01 1.917387346381429214e-01 5.689576695493855224e-03 0.000000000000000000e+00
5.275000000000000000e+03 2.109953226273915128e-01 1.952662721893491105e-01 6.078743741465635342e-01 1.893491124260354985e-01 7.510241238051888930e-03 0.000000000000000000e+00
5.300000000000000000e+03 2.119953004597487922e-01 1.986800182066454368e-01 6.093536640873918886e-01 1.851388256713700498e-01 6.827492034592626616e-03 0.000000000000000000e+00
5.325000000000000000e+03 2.129952782921060717e-01 1.948111060537096040e-01 6.144742831133364058e-01 1.834319526627218866e-01 7.282658170232134826e-03 0.000000000000000000e+00
5.350000000000000000e+03 2.139952561244633511e-01 1.977696859353663961e-01 6.152708238507055283e-01 1.784251251706872876e-01 8.534365043240782836e-03 0.000000000000000000e+00
5.375000000000000000e+03 2.149952339568206305e-01 1.925352753755120716e-01 6.210741920801092775e-01 1.785389167045971781e-01 7.851615839781519654e-03 0.000000000000000000e+00
5.400000000000000000e+03 2.159952117891779100e-01 1.926490669094219343e-01 6.239189804278562068e-01 1.769458352298589054e-01 6.486117432862995025e-03 0.000000000000000000e+00
5.425000000000000000e+03 2.169951896215351894e-01 1.912835685025034149e-01 6.281292671825216001e-01 1.750113791533909890e-01 5.575785161583977738e-03 0.000000000000000000e+00
5.450000000000000000e+03 2.179951674538926909e-01 1.901456531634046487e-01 6.281292671825216001e-01 1.730769230769230727e-01 8.648156577150659455e-03 0.000000000000000000e+00
5.475000000000000000e+03 2.189951452862499703e-01 1.904870277651342647e-01 6.312016385980883104e-01 1.712562585343650468e-01 7.055075102412380721e-03 0.000000000000000000e+00
5.500000000000000000e+03 2.199951231186072498e-01 1.901456531634046487e-01 6.310878470641784199e-01 1.702321347291761433e-01 8.534365043240782836e-03 0.000000000000000000e+00
5.525000000000000000e+03 2.209951009509645292e-01 1.908284023668639084e-01 6.333636777423760078e-01 1.688666363222576239e-01 6.941283568502503235e-03 0.000000000000000000e+00
5.550000000000000000e+03 2.219950787833218087e-01 1.927628584433318248e-01 6.302913063268092975e-01 1.698907601274465273e-01 7.055075102412380721e-03 0.000000000000000000e+00
5.575000000000000000e+03 2.229950566156790881e-01 1.934456076467910846e-01 6.292671825216203940e-01 1.722803823395539502e-01 5.006827492034592909e-03 0.000000000000000000e+00
5.600000000000000000e+03 2.239950344480363675e-01 1.909421939007737712e-01 6.305188893946290785e-01 1.713700500682749095e-01 7.168866636322257339e-03 0.000000000000000000e+00
5.625000000000000000e+03 2.249950122803936470e-01 1.941283568502503443e-01 6.310878470641784199e-01 1.687528447883477334e-01 6.030951297223486815e-03 0.000000000000000000e+00
5.650000000000000000e+03 2.259949901127509264e-01 1.924214838416021811e-01 6.308602639963586389e-01 1.687528447883477334e-01 7.965407373691398007e-03 0.000000000000000000e+00
5.675000000000000000e+03 2.269949679451084279e-01 1.953800637232590010e-01 6.294947655894401750e-01 1.693218024578971304e-01 5.803368229403732710e-03 0.000000000000000000e+00
