# itime ezz other fcc hcp bcc ico
0.000000000000000000e+00 0.000000000000000000e+00 0.000000000000000000e+00 1.000000000000000000e+00 0.000000000000000000e+00 0.000000000000000000e+00 0.000000000000000000e+00
2.500000000000000000e+01 9.999721209823508872e-04 0.000000000000000000e+00 1.000000000000000000e+00 0.000000000000000000e+00 0.000000000000000000e+00 0.000000000000000000e+00
5.000000000000000000e+01 1.999944241964479730e-03 0.000000000000000000e+00 1.000000000000000000e+00 0.000000000000000000e+00 0.000000000000000000e+00 0.000000000000000000e+00
7.500000000000000000e+01 2.999916362946830617e-03 0.000000000000000000e+00 1.000000000000000000e+00 0.000000000000000000e+00 0.000000000000000000e+00 0.000000000000000000e+00
1.000000000000000000e+02 3.999888483929181504e-03 0.000000000000000000e+00 1.000000000000000000e+00 0.000000000000000000e+00 0.000000000000000000e+00 0.000000000000000000e+00
1.250000000000000000e+02 4.999860604911532391e-03 0.000000000000000000e+00 1.000000000000000000e+00 0.000000000000000000e+00 0.000000000000000000e+00 0.000000000000000000e+00
1.500000000000000000e+02 5.999832725893661234e-03 0.000000000000000000e+00 1.000000000000000000e+00 0.000000000000000000e+00 0.000000000000000000e+00 0.000000000000000000e+00
1.750000000000000000e+02 6.999804846876012121e-03 0.000000000000000000e+00 1.000000000000000000e+00 0.000000000000000000e+00 0.000000000000000000e+00 0.000000000000000000e+00
2.000000000000000000e+02 7.999776967858363008e-03 0.000000000000000000e+00 1.000000000000000000e+00 0.000000000000000000e+00 0.000000000000000000e+00 0.000000000000000000e+00
2.250000000000000000e+02 8.999749088840713895e-03 0.000000000000000000e+00 1.000000000000000000e+00 0.000000000000000000e+00 0.000000000000000000e+00 0.000000000000000000e+00
2.500000000000000000e+02 9.999721209822842738e-03 0.000000000000000000e+00 1.000000000000000000e+00 0.000000000000000000e+00 0.000000000000000000e+00 0.000000000000000000e+00
2.750000000000000000e+02 1.099969333080519363e-02 0.000000000000000000e+00 1.000000000000000000e+00 0.000000000000000000e+00 0.000000000000000000e+00 0.000000000000000000e+00
3.000000000000000000e+02 1.199966545178754451e-02 0.000000000000000000e+00 1.000000000000000000e+00 0.000000000000000000e+00 0.000000000000000000e+00 0.000000000000000000e+00
3.250000000000000000e+02 1.299963757276989540e-02 0.000000000000000000e+00 1.000000000000000000e+00 0.000000000000000000e+00 0.000000000000000000e+00 0.000000000000000000e+00
3.500000000000000000e+02 1.399960969375202424e-02 0.000000000000000000e+00 1.000000000000000000e+00 0.000000000000000000e+00 0.000000000000000000e+00 0.000000000000000000e+00
3.750000000000000000e+02 1.499958181473437513e-02 0.000000000000000000e+00 1.000000000000000000e+00 0.000000000000000000e+00 0.000000000000000000e+00 0.000000000000000000e+00
4.000000000000000000e+02 1.599955393571672602e-02 0.000000000000000000e+00 1.000000000000000000e+00 0.000000000000000000e+00 0.000000000000000000e+00 0.000000000000000000e+00
4.250000000000000000e+02 1.699952605669885486e-02 0.000000000000000000e+00 1.000000000000000000e+00 0.000000000000000000e+00 0.000000000000000000e+00 0.000000000000000000e+00
4.500000000000000000e+02 1.799949817768120575e-02 0.000000000000000000e+00 1.000000000000000000e+00 0.000000000000000000e+00 0.000000000000000000e+00 0.000000000000000000e+00
4.750000000000000000e+02 1.899947029866355663e-02 0.000000000000000000e+00 1.000000000000000000e+00 0.000000000000000000e+00 0.000000000000000000e+00 0.000000000000000000e+00
5.000000000000000000e+02 1.999944241964590752e-02 0.000000000000000000e+00 1.000000000000000000e+00 0.000000000000000000e+00 0.000000000000000000e+00 0.000000000000000000e+00
5.250000000000000000e+02 2.099941454062803636e-02 0.000000000000000000e+00 1.000000000000000000e+00 0.000000000000000000e+00 0.000000000000000000e+00 0.000000000000000000e+00
5.500000000000000000e+02 2.199938666161038725e-02 0.000000000000000000e+00 1.000000000000000000e+00 0.000000000000000000e+00 0.000000000000000000e+00 0.000000000000000000e+00
5.750000000000000000e+02 2.299935878259273814e-02 0.000000000000000000e+00 1.000000000000000000e+00 0.000000000000000000e+00 0.000000000000000000e+00 0.000000000000000000e+00
6.000000000000000000e+02 2.399933090357508902e-02 0.000000000000000000e+00 1.000000000000000000e+00 0.000000000000000000e+00 0.000000000000000000e+00 0.000000000000000000e+00
6.250000000000000000e+02 2.499930302455721787e-02 0.000000000000000000e+00 1.000000000000000000e+00 0.000000000000000000e+00 0.000000000000000000e+00 0.000000000000000000e+00
6.500000000000000000e+02 2.599927514553956875e-02 0.000000000000000000e+00 1.000000000000000000e+00 0.000000000000000000e+00 0.000000000000000000e+00 0.000000000000000000e+00
6.750000000000000000e+02 2.699924726652191964e-02 0.000000000000000000e+00 1.000000000000000000e+00 0.000000000000000000e+00 0.000000000000000000e+00 0.000000000000000000e+00
7.000000000000000000e+02 2.799921938750427053e-02 0.000000000000000000e+00 1.000000000000000000e+00 0.000000000000000000e+00 0.000000000000000000e+00 0.000000000000000000e+00
7.250000000000000000e+02 2.899919150848639937e-02 0.000000000000000000e+00 1.000000000000000000e+00 0.000000000000000000e+00 0.000000000000000000e+00 0.000000000000000000e+00
7.500000000000000000e+02 2.999916362946875026e-02 0.000000000000000000e+00 1.000000000000000000e+00 0.000000000000000000e+00 0.000000000000000000e+00 0.000000000000000000e+00
7.750000000000000000e+02 3.099913575045110115e-02 0.000000000000000000e+00 1.000000000000000000e+00 0.000000000000000000e+00 0.000000000000000000e+00 0.000000000000000000e+00
8.000000000000000000e+02 3.199910787143322999e-02 0.000000000000000000e+00 1.000000000000000000e+00 0.000000000000000000e+00 0.000000000000000000e+00 0.000000000000000000e+00
8.250000000000000000e+02 3.299907999241558088e-02 0.000000000000000000e+00 1.000000000000000000e+00 0.000000000000000000e+00 0.000000000000000000e+00 0.000000000000000000e+00
8.500000000000000000e+02 3.399905211339793176e-02 0.000000000000000000e+00 1.000000000000000000e+00 0.000000000000000000e+00 0.000000000000000000e+00 0.000000000000000000e+00
8.750000000000000000e+02 3.499902423438028265e-02 0.000000000000000000e+00 1.000000000000000000e+00 0.000000000000000000e+00 0.000000000000000000e+00 0.000000000000000000e+00
9.000000000000000000e+02 3.599899635536241149e-02 0.000000000000000000e+00 1.000000000000000000e+00 0.000000000000000000e+00 0.000000000000000000e+00 0.000000000000000000e+00
9.250000000000000000e+02 3.699896847634476238e-02 0.000000000000000000e+00 1.000000000000000000e+00 0.000000000000000000e+00 0.000000000000000000e+00 0.000000000000000000e+00
9.500000000000000000e+02 3.799894059732711327e-02 0.000000000000000000e+00 1.000000000000000000e+00 0.000000000000000000e+00 0.000000000000000000e+00 0.000000000000000000e+00
9.750000000000000000e+02 3.899891271830946415e-02 0.000000000000000000e+00 1.000000000000000000e+00 0.000000000000000000e+00 0.000000000000000000e+00 0.000000000000000000e+00
1.000000000000000000e+03 3.999888483929159300e-02 0.000000000000000000e+00 1.000000000000000000e+00 0.000000000000000000e+00 0.000000000000000000e+00 0.000000000000000000e+00
1.025000000000000000e+03 4.099885696027394388e-02 0.000000000000000000e+00 1.000000000000000000e+00 0.000000000000000000e+00 0.000000000000000000e+00 0.000000000000000000e+00
1.050000000000000000e+03 4.199882908125629477e-02 0.000000000000000000e+00 1.000000000000000000e+00 0.000000000000000000e+00 0.000000000000000000e+00 0.000000000000000000e+00
1.075000000000000000e+03 4.299880120223864566e-02 0.000000000000000000e+00 1.000000000000000000e+00 0.000000000000000000e+00 0.000000000000000000e+00 0.000000000000000000e+00
1.100000000000000000e+03 4.399877332322077450e-02 0.000000000000000000e+00 1.000000000000000000e+00 0.000000000000000000e+00 0.000000000000000000e+00 0.000000000000000000e+00
1.125000000000000000e+03 4.499874544420312539e-02 0.000000000000000000e+00 1.000000000000000000e+00 0.000000000000000000e+00 0.000000000000000000e+00 0.000000000000000000e+00
1.150000000000000000e+03 4.599871756518547627e-02 0.000000000000000000e+00 1.000000000000000000e+00 0.000000000000000000e+00 0.000000000000000000e+00 0.000000000000000000e+00
1.175000000000000000e+03 4.699868968616760512e-02 0.000000000000000000e+00 1.000000000000000000e+00 0.000000000000000000e+00 0.000000000000000000e+00 0.000000000000000000e+00
1.200000000000000000e+03 4.799866180714995600e-02 0.000000000000000000e+00 1.000000000000000000e+00 0.000000000000000000e+00 0.000000000000000000e+00 0.000000000000000000e+00
1.225000000000000000e+03 4.899863392813230689e-02 0.000000000000000000e+00 1.000000000000000000e+00 0.000000000000000000e+00 0.000000000000000000e+00 0.000000000000000000e+00
1.250000000000000000e+03 4.999860604911465778e-02 0.000000000000000000e+00 1.000000000000000000e+00 0.000000000000000000e+00 0.000000000000000000e+00 0.000000000000000000e+00
1.275000000000000000e+03 5.099857817009678662e-02 0.000000000000000000e+00 1.000000000000000000e+00 0.000000000000000000e+00 0.000000000000000000e+00 0.000000000000000000e+00
1.300000000000000000e+03 5.199855029107913751e-02 0.000000000000000000e+00 1.000000000000000000e+00 0.000000000000000000e+00 0.000000000000000000e+00 0.000000000000000000e+00
1.325000000000000000e+03 5.299852241206148840e-02 0.000000000000000000e+00 1.000000000000000000e+00 0.000000000000000000e+00 0.000000000000000000e+00 0.000000000000000000e+00
1.350000000000000000e+03 5.399849453304383928e-02 0.000000000000000000e+00 1.000000000000000000e+00 0.000000000000000000e+00 0.000000000000000000e+00 0.000000000000000000e+00
1.375000000000000000e+03 5.499846665402596813e-02 0.000000000000000000e+00 1.000000000000000000e+00 0.000000000000000000e+00 0.000000000000000000e+00 0.000000000000000000e+00
1.400000000000000000e+03 5.599843877500831901e-02 0.000000000000000000e+00 1.000000000000000000e+00 0.000000000000000000e+00 0.000000000000000000e+00 0.000000000000000000e+00
1.425000000000000000e+03 5.699841089599066990e-02 0.000000000000000000e+00 1.000000000000000000e+00 0.000000000000000000e+00 0.000000000000000000e+00 0.000000000000000000e+00
1.450000000000000000e+03 5.799838301697302079e-02 0.000000000000000000e+00 1.000000000000000000e+00 0.000000000000000000e+00 0.000000000000000000e+00 0.000000000000000000e+00
1.475000000000000000e+03 5.899835513795514963e-02 1.137915339098771066e-04 9.998862084660901095e-01 0.000000000000000000e+00 0.000000000000000000e+00 0.000000000000000000e+00
1.500000000000000000e+03 5.999832725893750052e-02 0.000000000000000000e+00 1.000000000000000000e+00 0.000000000000000000e+00 0.000000000000000000e+00 0.000000000000000000e+00
1.525000000000000000e+03 6.099829937991985140e-02 0.000000000000000000e+00 1.000000000000000000e+00 0.000000000000000000e+00 0.000000000000000000e+00 0.000000000000000000e+00
1.550000000000000000e+03 6.199827150090198025e-02 0.000000000000000000e+00 1.000000000000000000e+00 0.000000000000000000e+00 0.000000000000000000e+00 0.000000000000000000e+00
1.575000000000000000e+03 6.299824362188433113e-02 0.000000000000000000e+00 1.000000000000000000e+00 0.000000000000000000e+00 0.000000000000000000e+00 0.000000000000000000e+00
1.600000000000000000e+03 6.399821574286668202e-02 2.275830678197542133e-04 9.997724169321802190e-01 0.000000000000000000e+00 0.000000000000000000e+00 0.000000000000000000e+00
1.625000000000000000e+03 6.499818786384903291e-02 0.000000000000000000e+00 1.000000000000000000e+00 0.000000000000000000e+00 0.000000000000000000e+00 0.000000000000000000e+00
1.650000000000000000e+03 6.599815998483116175e-02 0.000000000000000000e+00 1.000000000000000000e+00 0.000000000000000000e+00 0.000000000000000000e+00 0.000000000000000000e+00
1.675000000000000000e+03 6.699813210581351264e-02 0.000000000000000000e+00 1.000000000000000000e+00 0.000000000000000000e+00 0.000000000000000000e+00 0.000000000000000000e+00
1.700000000000000000e+03 6.799810422679586353e-02 0.000000000000000000e+00 1.000000000000000000e+00 0.000000000000000000e+00 0.000000000000000000e+00 0.000000000000000000e+00
1.725000000000000000e+03 6.899807634777821441e-02 0.000000000000000000e+00 1.000000000000000000e+00 0.000000000000000000e+00 0.000000000000000000e+00 0.000000000000000000e+00
1.750000000000000000e+03 6.999804846876034325e-02 0.000000000000000000e+00 1.000000000000000000e+00 0.000000000000000000e+00 0.000000000000000000e+00 0.000000000000000000e+00
1.775000000000000000e+03 7.099802058974269414e-02 0.000000000000000000e+00 1.000000000000000000e+00 0.000000000000000000e+00 0.000000000000000000e+00 0.000000000000000000e+00
1.800000000000000000e+03 7.199799271072504503e-02 0.000000000000000000e+00 1.000000000000000000e+00 0.000000000000000000e+00 0.000000000000000000e+00 0.000000000000000000e+00
1.825000000000000000e+03 7.299796483170739592e-02 0.000000000000000000e+00 1.000000000000000000e+00 0.000000000000000000e+00 0.000000000000000000e+00 0.000000000000000000e+00
1.850000000000000000e+03 7.399793695268952476e-02 0.000000000000000000e+00 1.000000000000000000e+00 0.000000000000000000e+00 0.000000000000000000e+00 0.000000000000000000e+00
1.875000000000000000e+03 7.499790907367187565e-02 4.551661356395084266e-04 9.995448338643604380e-01 0.000000000000000000e+00 0.000000000000000000e+00 0.000000000000000000e+00
1.900000000000000000e+03 7.599788119465422653e-02 2.275830678197542133e-04 9.997724169321802190e-01 0.000000000000000000e+00 0.000000000000000000e+00 0.000000000000000000e+00
1.925000000000000000e+03 7.699785331563635538e-02 1.137915339098771066e-04 9.998862084660901095e-01 0.000000000000000000e+00 0.000000000000000000e+00 0.000000000000000000e+00
1.950000000000000000e+03 7.799782543661870626e-02 1.137915339098771066e-04 9.998862084660901095e-01 0.000000000000000000e+00 0.000000000000000000e+00 0.000000000000000000e+00
1.975000000000000000e+03 7.899779755760105715e-02 0.000000000000000000e+00 1.000000000000000000e+00 0.000000000000000000e+00 0.000000000000000000e+00 0.000000000000000000e+00
2.000000000000000000e+03 7.999776967858340804e-02 0.000000000000000000e+00 1.000000000000000000e+00 0.000000000000000000e+00 0.000000000000000000e+00 0.000000000000000000e+00
2.025000000000000000e+03 8.099774179956553688e-02 4.551661356395084266e-04 9.995448338643604380e-01 0.000000000000000000e+00 0.000000000000000000e+00 0.000000000000000000e+00
2.050000000000000000e+03 8.199771392054788777e-02 0.000000000000000000e+00 1.000000000000000000e+00 0.000000000000000000e+00 0.000000000000000000e+00 0.000000000000000000e+00
2.075000000000000000e+03 8.299768604153023865e-02 2.275830678197542133e-04 9.995448338643604380e-01 0.000000000000000000e+00 2.275830678197542133e-04 0.000000000000000000e+00
2.100000000000000000e+03 8.399765816251258954e-02 0.000000000000000000e+00 1.000000000000000000e+00 0.000000000000000000e+00 0.000000000000000000e+00 0.000000000000000000e+00
2.125000000000000000e+03 8.499763028349471838e-02 0.000000000000000000e+00 1.000000000000000000e+00 0.000000000000000000e+00 0.000000000000000000e+00 0.000000000000000000e+00
2.150000000000000000e+03 8.599760240447706927e-02 5.689576695493854790e-04 9.994310423304506585e-01 0.000000000000000000e+00 0.000000000000000000e+00 0.000000000000000000e+00
2.175000000000000000e+03 8.699757452545942016e-02 3.413746017296313199e-04 9.995448338643604380e-01 0.000000000000000000e+00 1.137915339098771066e-04 0.000000000000000000e+00
2.200000000000000000e+03 8.799754664644177105e-02 4.551661356395084266e-04 9.995448338643604380e-01 0.000000000000000000e+00 0.000000000000000000e+00 0.000000000000000000e+00
2.225000000000000000e+03 8.899751876742389989e-02 4.551661356395084266e-04 9.995448338643604380e-01 0.000000000000000000e+00 0.000000000000000000e+00 0.000000000000000000e+00
2.250000000000000000e+03 8.999749088840625078e-02 7.965407373691396923e-04 9.990896677287209870e-01 0.000000000000000000e+00 1.137915339098771066e-04 0.000000000000000000e+00
2.275000000000000000e+03 9.099746300938860166e-02 6.827492034592626399e-04 9.992034592626308775e-01 0.000000000000000000e+00 1.137915339098771066e-04 0.000000000000000000e+00
2.300000000000000000e+03 9.199743513037073050e-02 1.365498406918525280e-03 9.986345015930814251e-01 0.000000000000000000e+00 0.000000000000000000e+00 0.000000000000000000e+00
2.325000000000000000e+03 9.299740725135308139e-02 1.365498406918525280e-03 9.986345015930814251e-01 0.000000000000000000e+00 0.000000000000000000e+00 0.000000000000000000e+00
2.350000000000000000e+03 9.399737937233543228e-02 1.479289940828402332e-03 9.985207100591716456e-01 0.000000000000000000e+00 0.000000000000000000e+00 0.000000000000000000e+00
2.375000000000000000e+03 9.499735149331778317e-02 5.689576695493854790e-04 9.994310423304506585e-01 0.000000000000000000e+00 0.000000000000000000e+00 0.000000000000000000e+00
2.400000000000000000e+03 9.599732361429991201e-02 1.593081474738279385e-03 9.984069185252617551e-01 0.000000000000000000e+00 0.000000000000000000e+00 0.000000000000000000e+00
2.425000000000000000e+03 9.699729573528226290e-02 2.617205279927173507e-03 9.972690031861629611e-01 0.000000000000000000e+00 1.137915339098771066e-04 0.000000000000000000e+00
2.450000000000000000e+03 9.799726785626461378e-02 1.251706873008648227e-03 9.986345015930814251e-01 0.000000000000000000e+00 1.137915339098771066e-04 0.000000000000000000e+00
2.475000000000000000e+03 9.899723997724696467e-02 3.755120619025944465e-03 9.962448793809740577e-01 0.000000000000000000e+00 0.000000000000000000e+00 0.000000000000000000e+00
2.500000000000000000e+03 9.999721209822909351e-02 1.479289940828402332e-03 9.985207100591716456e-01 0.000000000000000000e+00 0.000000000000000000e+00 0.000000000000000000e+00
2.525000000000000000e+03 1.009971842192114444e-01 1.251706873008648227e-03 9.987482931269913156e-01 0.000000000000000000e+00 0.000000000000000000e+00 0.000000000000000000e+00
2.550000000000000000e+03 1.019971563401937953e-01 2.730996813837050560e-03 9.970414201183431802e-01 0.000000000000000000e+00 2.275830678197542133e-04 0.000000000000000000e+00
2.575000000000000000e+03 1.029971284611761462e-01 2.389622212107419402e-03 9.976103777878926326e-01 0.000000000000000000e+00 0.000000000000000000e+00 0.000000000000000000e+00
2.600000000000000000e+03 1.039971005821582750e-01 4.437869822485207214e-03 9.954483386436049352e-01 0.000000000000000000e+00 1.137915339098771066e-04 0.000000000000000000e+00
2.625000000000000000e+03 1.049970727031406259e-01 4.551661356395083832e-03 9.951069640418752638e-01 0.000000000000000000e+00 3.413746017296313199e-04 0.000000000000000000e+00
2.650000000000000000e+03 1.059970448241229768e-01 5.348202093764223633e-03 9.941966317705962508e-01 0.000000000000000000e+00 4.551661356395084266e-04 0.000000000000000000e+00
2.675000000000000000e+03 1.069970169451051056e-01 5.234410559854347014e-03 9.943104233045061413e-01 0.000000000000000000e+00 4.551661356395084266e-04 0.000000000000000000e+00
2.700000000000000000e+03 1.079969890660874565e-01 4.324078288575329727e-03 9.955621301775148257e-01 0.000000000000000000e+00 1.137915339098771066e-04 0.000000000000000000e+00
2.725000000000000000e+03 1.089969611870698074e-01 4.324078288575329727e-03 9.954483386436049352e-01 0.000000000000000000e+00 2.275830678197542133e-04 0.000000000000000000e+00
2.750000000000000000e+03 1.099969333080521583e-01 9.672280382339554228e-03 9.899863450159308575e-01 0.000000000000000000e+00 3.413746017296313199e-04 0.000000000000000000e+00
2.775000000000000000e+03 1.109969054290342871e-01 6.030951297223486815e-03 9.938552571688666903e-01 0.000000000000000000e+00 1.137915339098771066e-04 0.000000000000000000e+00
2.800000000000000000e+03 1.119968775500166380e-01 1.376877560309512985e-02 9.856622667273554628e-01 0.000000000000000000e+00 5.689576695493854790e-04 0.000000000000000000e+00
2.825000000000000000e+03 1.129968496709989889e-01 1.024123805188893906e-02 9.893035958124715146e-01 0.000000000000000000e+00 4.551661356395084266e-04 0.000000000000000000e+00
2.850000000000000000e+03 1.139968217919813398e-01 1.638598088302230249e-02 9.825898953117887524e-01 0.000000000000000000e+00 1.024123805188893906e-03 0.000000000000000000e+00
2.875000000000000000e+03 1.149967939129634686e-01 1.809285389167045871e-02 9.791761492944924816e-01 0.000000000000000000e+00 2.730996813837050560e-03 0.000000000000000000e+00
2.900000000000000000e+03 1.159967660339458195e-01 2.617205279927173334e-02 9.699590350477924616e-01 0.000000000000000000e+00 3.868912152935821518e-03 0.000000000000000000e+00
2.925000000000000000e+03 1.169967381549281704e-01 2.548930359581247015e-02 9.705279927173418031e-01 0.000000000000000000e+00 3.982703686845699004e-03 0.000000000000000000e+00
2.950000000000000000e+03 1.179967102759105213e-01 4.085116067364587961e-02 9.507282658170231882e-01 0.000000000000000000e+00 8.420573509330906217e-03 0.000000000000000000e+00
2.975000000000000000e+03 1.189966823968926501e-01 6.042330450614474130e-02 9.136322257624033272e-01 0.000000000000000000e+00 2.594446973145198010e-02 0.000000000000000000e+00
3.000000000000000000e+03 1.199966545178750010e-01 9.547109695038688559e-02 8.319299044151114986e-01 0.000000000000000000e+00 7.259899863450158808e-02 0.000000000000000000e+00
3.025000000000000000e+03 1.209966266388573519e-01 1.545289030496131144e-01 6.735320892125625791e-01 0.000000000000000000e+00 1.719390077378243065e-01 0.000000000000000000e+00
3.050000000000000000e+03 1.219965987598394808e-01 2.284934000910332219e-01 4.586936731907146347e-01 1.137915339098771066e-04 3.126991351843422806e-01 0.000000000000000000e+00
3.075000000000000000e+03 1.229965708808218317e-01 3.232817478379608755e-01 2.585343650432407880e-01 0.000000000000000000e+00 4.181838871187983364e-01 0.000000000000000000e+00
3.100000000000000000e+03 1.239965430018041825e-01 3.662949476558943762e-01 1.689804278561675144e-01 4.551661356395084266e-04 4.642694583522986029e-01 0.000000000000000000e+00
3.125000000000000000e+03 1.249965151227865334e-01 3.765361857077833552e-01 1.500910332271279124e-01 4.551661356395084266e-04 4.729176149294492260e-01 0.000000000000000000e+00
3.150000000000000000e+03 1.259964872437686623e-01 3.555985434683659463e-01 1.710286754665452935e-01 5.689576695493854790e-04 4.728038233955393910e-01 0.000000000000000000e+00
3.175000000000000000e+03 1.269964593647510132e-01 3.264679107874374209e-01 2.104005461993627701e-01 3.413746017296313199e-04 4.627901684114701930e-01 0.000000000000000000e+00
3.200000000000000000e+03 1.279964314857333640e-01 3.406918525261720676e-01 2.223486572598998567e-01 5.689576695493854790e-04 4.363905325443787064e-01 0.000000000000000000e+00
3.225000000000000000e+03 1.289964036067157149e-01 3.553709604005462208e-01 1.966317705962676299e-01 2.275830678197541916e-03 4.457214383249886169e-01 0.000000000000000000e+00
3.250000000000000000e+03 1.299963757276978438e-01 3.647018661811561313e-01 1.653390987710514348e-01 6.941283568502503235e-03 4.630177514792899185e-01 0.000000000000000000e+00
3.275000000000000000e+03 1.309963478486801947e-01 3.744879380974055483e-01 1.429221665908056438e-01 1.274465179790623508e-02 4.698452435138825711e-01 0.000000000000000000e+00
3.300000000000000000e+03 1.319963199696625455e-01 3.705052344105598805e-01 1.379153390987710448e-01 2.173418297678652786e-02 4.698452435138825711e-01 0.000000000000000000e+00
3.325000000000000000e+03 1.329962920906448964e-01 3.782430587164314906e-01 1.389394629039599482e-01 2.924442421483841592e-02 4.535730541647701175e-01 0.000000000000000000e+00
3.350000000000000000e+03 1.339962642116270253e-01 3.756258534365043422e-01 1.458807464724624359e-01 4.802002730996814128e-02 4.304733727810650668e-01 0.000000000000000000e+00
3.375000000000000000e+03 1.349962363326093762e-01 3.904187528447883304e-01 1.525944469731451980e-01 6.349567592171143082e-02 3.934911242603550408e-01 0.000000000000000000e+00
3.400000000000000000e+03 1.359962084535917271e-01 3.850705507510241432e-01 1.619253527537551085e-01 7.635411925352754425e-02 3.766499772416932457e-01 0.000000000000000000e+00
3.425000000000000000e+03 1.369961805745738559e-01 3.974738279472007085e-01 1.708010923987255403e-01 9.421939007737824279e-02 3.375056895766954668e-01 0.000000000000000000e+00
3.450000000000000000e+03 1.379961526955562068e-01 4.020254893035958288e-01 1.850250341374601593e-01 1.083295402822029990e-01 3.046199362767409990e-01 0.000000000000000000e+00
3.475000000000000000e+03 1.389961248165385577e-01 4.040737369139735802e-01 1.962903959945380139e-01 1.251706873008648080e-01 2.744651797906235702e-01 0.000000000000000000e+00
3.500000000000000000e+03 1.399960969375209086e-01 4.021392808375056638e-01 2.090350477924442507e-01 1.390532544378698110e-01 2.497724169321802468e-01 0.000000000000000000e+00
3.525000000000000000e+03 1.409960690585030374e-01 4.031634046426945672e-01 2.210969503868912278e-01 1.454255803368229294e-01 2.303140646335912478e-01 0.000000000000000000e+00
3.550000000000000000e+03 1.419960411794853883e-01 3.947428311333636697e-01 2.269003186162949492e-01 1.502048247610377751e-01 2.281520254893036059e-01 0.000000000000000000e+00
3.575000000000000000e+03 1.429960133004677392e-01 3.967910787437414766e-01 2.355484751934456000e-01 1.555530268548019901e-01 2.121074192080109333e-01 0.000000000000000000e+00
3.600000000000000000e+03 1.439959854214500901e-01 3.876877560309512916e-01 2.502275830678197810e-01 1.697769685935366368e-01 1.923076923076923184e-01 0.000000000000000000e+00
3.625000000000000000e+03 1.449959575424322189e-01 3.879153390987710726e-01 2.581929904415111721e-01 1.804733727810650945e-01 1.734182976786527164e-01 0.000000000000000000e+00
3.650000000000000000e+03 1.459959296634145698e-01 3.779016841147018746e-01 2.734410559854346667e-01 1.982248520710059303e-01 1.504324078288575284e-01 0.000000000000000000e+00
3.675000000000000000e+03 1.469959017843969207e-01 3.950842057350932857e-01 2.754893035958124736e-01 2.035730541647701453e-01 1.258534365043240677e-01 0.000000000000000000e+00
3.700000000000000000e+03 1.479958739053792716e-01 4.054392353208920996e-01 2.730996813837050508e-01 2.039144287664997612e-01 1.175466545289030468e-01 0.000000000000000000e+00
3.725000000000000000e+03 1.489958460263614004e-01 4.046426945835229771e-01 2.868684569868001910e-01 2.053937187073281712e-01 1.030951297223486607e-01 0.000000000000000000e+00
3.750000000000000000e+03 1.499958181473437513e-01 4.095357305416477134e-01 2.927856167501137752e-01 2.015248065543923661e-01 9.615384615384615918e-02 0.000000000000000000e+00
3.775000000000000000e+03 1.509957902683261022e-01 4.043013199817933612e-01 3.016613563950841792e-01 2.047109695038689114e-01 8.932635411925353430e-02 0.000000000000000000e+00
3.800000000000000000e+03 1.519957623893082310e-01 4.064633591260810030e-01 3.057578516158397930e-01 2.030040964952207483e-01 8.477469276285844180e-02 0.000000000000000000e+00
3.825000000000000000e+03 1.529957345102905819e-01 3.971324533454710926e-01 3.112198452435138707e-01 2.024351388256713791e-01 8.921256258534364381e-02 0.000000000000000000e+00
3.850000000000000000e+03 1.539957066312729328e-01 3.856395084205734847e-01 3.200955848884842747e-01 2.097177969959035104e-01 8.454710969503868856e-02 0.000000000000000000e+00
3.875000000000000000e+03 1.549956787522552837e-01 3.859808830223031562e-01 3.298816568047337472e-01 2.149522075557578626e-01 6.918525261720527564e-02 0.000000000000000000e+00
3.900000000000000000e+03 1.559956508732374125e-01 3.813154301319982009e-01 3.344333181611288119e-01 2.105143377332726329e-01 7.373691397360036814e-02 0.000000000000000000e+00
3.925000000000000000e+03 1.569956229942197634e-01 3.761948111060536837e-01 3.404642694583522866e-01 2.096040054619936199e-01 7.373691397360036814e-02 0.000000000000000000e+00
3.950000000000000000e+03 1.579955951152021143e-01 3.730086481565771384e-01 3.455848884842967483e-01 2.140418752844788219e-01 6.736458807464724974e-02 0.000000000000000000e+00
3.975000000000000000e+03 1.589955672361844652e-01 3.797223486572599005e-01 3.516158397815202785e-01 2.096040054619936199e-01 5.905780609922621494e-02 0.000000000000000000e+00
4.000000000000000000e+03 1.599955393571665940e-01 3.757396449704141772e-01 3.559399180700955623e-01 2.113108784706417831e-01 5.700955848884842886e-02 0.000000000000000000e+00
4.025000000000000000e+03 1.609955114781489449e-01 3.662949476558943762e-01 3.681156121984524576e-01 2.171142467000455045e-01 4.847519344560764776e-02 0.000000000000000000e+00
4.050000000000000000e+03 1.619954835991312958e-01 3.577605826126536437e-01 3.772189349112425871e-01 2.113108784706417831e-01 5.370960400546199304e-02 0.000000000000000000e+00
4.075000000000000000e+03 1.629954557201136467e-01 3.526399635867091265e-01 3.856395084205734847e-01 2.129039599453800558e-01 4.881656804733727761e-02 0.000000000000000000e+00
4.100000000000000000e+03 1.639954278410957755e-01 3.616294947655894210e-01 3.881429221665907980e-01 2.108557123350022766e-01 3.937187073281747662e-02 0.000000000000000000e+00
4.125000000000000000e+03 1.649953999620781264e-01 3.477469276285844457e-01 3.941738734638142727e-01 2.138142922166590687e-01 4.426490669094219205e-02 0.000000000000000000e+00
4.150000000000000000e+03 1.659953720830604773e-01 3.501365498406918686e-01 3.992944924897587344e-01 2.108557123350022766e-01 3.971324533454710648e-02 0.000000000000000000e+00
4.175000000000000000e+03 1.669953442040426062e-01 3.525261720527992915e-01 4.052116522530723741e-01 2.104005461993627701e-01 3.186162949476559203e-02 0.000000000000000000e+00
4.200000000000000000e+03 1.679953163250249570e-01 3.500227583067819781e-01 4.128356850250341492e-01 2.068730086481565811e-01 3.026854802002730896e-02 0.000000000000000000e+00
4.225000000000000000e+03 1.689952884460073079e-01 3.436504324078288319e-01 4.233045061447428536e-01 2.042558033682294050e-01 2.878925807919890598e-02 0.000000000000000000e+00
4.250000000000000000e+03 1.699952605669896588e-01 3.329540282203004020e-01 4.329767865270823801e-01 2.067592171142466906e-01 2.730996813837050646e-02 0.000000000000000000e+00
4.275000000000000000e+03 1.709952326879717877e-01 3.409194355939917931e-01 4.318388711879836417e-01 2.035730541647701453e-01 2.366863905325443732e-02 0.000000000000000000e+00
4.300000000000000000e+03 1.719952048089541385e-01 3.322712790168411701e-01 4.347974510696404060e-01 2.036868456986800080e-01 2.924442421483841592e-02 0.000000000000000000e+00
4.325000000000000000e+03 1.729951769299364894e-01 3.272644515248065433e-01 4.399180700955848677e-01 2.022075557578516258e-01 3.060992262175694228e-02 0.000000000000000000e+00
4.350000000000000000e+03 1.739951490509188403e-01 3.221438324988620816e-01 4.411697769685935522e-01 2.020937642239417353e-01 3.459262630860263782e-02 0.000000000000000000e+00
4.375000000000000000e+03 1.749951211719009692e-01 3.191852526172052618e-01 4.462903959945380139e-01 2.009558488848429691e-01 3.356850250341374825e-02 0.000000000000000000e+00
4.400000000000000000e+03 1.759950932928833200e-01 3.033682294037323701e-01 4.559626763768775404e-01 2.047109695038689114e-01 3.595812471552116418e-02 0.000000000000000000e+00
4.425000000000000000e+03 1.769950654138656709e-01 3.072371415566682029e-01 4.583522985889849632e-01 2.028903049613108855e-01 3.152025489303595523e-02 0.000000000000000000e+00
4.450000000000000000e+03 1.779950375348480218e-01 2.996131087847064278e-01 4.692762858443331742e-01 1.995903504779244497e-01 3.152025489303595523e-02 0.000000000000000000e+00
4.475000000000000000e+03 1.789950096558301507e-01 2.889167045971779424e-01 4.740555302685480199e-01 2.043695949021392677e-01 3.265817023213472836e-02 0.000000000000000000e+00
4.500000000000000000e+03 1.799949817768125016e-01 2.888029130632681074e-01 4.795175238962220976e-01 2.038006372325898985e-01 2.787892580791988956e-02 0.000000000000000000e+00
4.525000000000000000e+03 1.809949538977948524e-01 2.762858443331815961e-01 4.913518434228493215e-01 2.089212562585343602e-01 2.332726445152480746e-02 1.137915339098771066e-04
4.550000000000000000e+03 1.819949260187769813e-01 2.695721438324988894e-01 5.006827492034592320e-01 2.097177969959035104e-01 2.002730996813837164e-02 0.000000000000000000e+00
4.575000000000000000e+03 1.829948981397593322e-01 2.718479745106964218e-01 5.045516613563950648e-01 2.078971324533454845e-01 1.570323167956303931e-02 0.000000000000000000e+00
4.600000000000000000e+03 1.839948702607416831e-01 2.588757396449704040e-01 5.100136549840691425e-01 2.177969959035047920e-01 1.331360946745562164e-02 0.000000000000000000e+00
4.625000000000000000e+03 1.849948423817240339e-01 2.570550751024123781e-01 5.103550295857988139e-01 2.191624943104233114e-01 1.342740100136549826e-02 0.000000000000000000e+00
4.650000000000000000e+03 1.859948145027061628e-01 2.522758306781975324e-01 5.144515248065544277e-01 2.201866181156121871e-01 1.308602639963586667e-02 0.000000000000000000e+00
4.675000000000000000e+03 1.869947866236885137e-01 2.389622212107419263e-01 5.180928538916704795e-01 2.279244424214838527e-01 1.502048247610377786e-02 0.000000000000000000e+00
4.700000000000000000e+03 1.879947587446708646e-01 2.406690942193900895e-01 5.179790623577605890e-01 2.280382339553937154e-01 1.331360946745562164e-02 0.000000000000000000e+00
4.725000000000000000e+03 1.889947308656532154e-01 2.421483841602184717e-01 5.171825216203914666e-01 2.275830678197542090e-01 1.308602639963586667e-02 0.000000000000000000e+00
4.750000000000000000e+03 1.899947029866353443e-01 2.363450159308147502e-01 5.197997269003186149e-01 2.292899408284023721e-01 1.456531634046426965e-02 0.000000000000000000e+00
4.775000000000000000e+03 1.909946751076176952e-01 2.340691852526172179e-01 5.207100591715976279e-01 2.295175238962221254e-01 1.570323167956303931e-02 0.000000000000000000e+00
4.800000000000000000e+03 1.919946472286000461e-01 2.264451524806554428e-01 5.187756030951297115e-01 2.382794720072826666e-01 1.649977241693217911e-02 0.000000000000000000e+00
4.825000000000000000e+03 1.929946193495823969e-01 2.282658170232134687e-01 5.169549385525716856e-01 2.386208466090122826e-01 1.615839781520254925e-02 0.000000000000000000e+00
4.850000000000000000e+03 1.939945914705645258e-01 2.250796540737369233e-01 5.174101046882112476e-01 2.431725079654073751e-01 1.433773327264451468e-02 0.000000000000000000e+00
4.875000000000000000e+03 1.949945635915468767e-01 2.254210286754665393e-01 5.136549840691853053e-01 2.448793809740555383e-01 1.604460628129267263e-02 0.000000000000000000e+00
4.900000000000000000e+03 1.959945357125292276e-01 2.208693673190714746e-01 5.202548930359581769e-01 2.441966317705962786e-01 1.467910787437414627e-02 0.000000000000000000e+00
4.925000000000000000e+03 1.969945078335113564e-01 2.226900318616295005e-01 5.244651797906235702e-01 2.386208466090122826e-01 1.422394173873463806e-02 0.000000000000000000e+00
4.950000000000000000e+03 1.979944799544937073e-01 2.236003641329085134e-01 5.263996358670914866e-01 2.366863905325443662e-01 1.331360946745562164e-02 0.000000000000000000e+00
4.975000000000000000e+03 1.989944520754760582e-01 2.236003641329085134e-01 5.285616750113791840e-01 2.342967683204369711e-01 1.354119253527537488e-02 0.000000000000000000e+00
5.000000000000000000e+03 1.999944241964584091e-01 2.208693673190714746e-01 5.329995448338643582e-01 2.348657259899863403e-01 1.126536185707783383e-02 0.000000000000000000e+00
5.025000000000000000e+03 2.009943963174405379e-01 2.187073281747838049e-01 5.383477469276285454e-01 2.302002730996813851e-01 1.274465179790623508e-02 0.000000000000000000e+00
5.050000000000000000e+03 2.019943684384228888e-01 2.053937187073281712e-01 5.507510241238051663e-01 2.335002275830678209e-01 1.035502958579881741e-02 0.000000000000000000e+00
5.075000000000000000e+03 2.029943405594052397e-01 2.001593081474738189e-01 5.570095584888484774e-01 2.330450614474283144e-01 9.786071916249430847e-03 0.000000000000000000e+00
5.100000000000000000e+03 2.039943126803875906e-01 2.034592626308602548e-01 5.550751024123805610e-01 2.330450614474283144e-01 8.420573509330906217e-03 0.000000000000000000e+00
5.125000000000000000e+03 2.049942848013697194e-01 2.007282658170232159e-01 5.591715976331360638e-01 2.312243969048702885e-01 8.875739644970414427e-03 0.000000000000000000e+00
5.150000000000000000e+03 2.059942569223520703e-01 2.003868912152935722e-01 5.571233500227582569e-01 2.304278561675011383e-01 1.206190259444697363e-02 0.000000000000000000e+00
5.175000000000000000e+03 2.069942290433344212e-01 1.962903959945380139e-01 5.570095584888484774e-01 2.337278106508875741e-01 1.297223486572599005e-02 0.000000000000000000e+00
5.200000000000000000e+03 2.079942011643167721e-01 2.036868456986800080e-01 5.554164770141101215e-01 2.309968138370505353e-01 9.899863450159307465e-03 0.000000000000000000e+00
5.225000000000000000e+03 2.089941732852989009e-01 2.075557578516158408e-01 5.591715976331360638e-01 2.228038233955393632e-01 1.046882111970869403e-02 0.000000000000000000e+00
5.250000000000000000e+03 2.099941454062812518e-01 2.045971779699590487e-01 5.641784251251706905e-01 2.176832043695949015e-01 1.354119253527537488e-02 0.000000000000000000e+00
5.275000000000000000e+03 2.109941175272636027e-01 2.053937187073281712e-01 5.665680473372780579e-01 2.154073736913973691e-01 1.263086026399635846e-02 0.000000000000000000e+00
5.300000000000000000e+03 2.119940896482457315e-01 1.987938097405552995e-01 5.722576240327719166e-01 2.160901228948566288e-01 1.285844333181611343e-02 0.000000000000000000e+00
5.325000000000000000e+03 2.129940617692280824e-01 1.919663177059626746e-01 5.766954938552572019e-01 2.162039144287664916e-01 1.513427401001365448e-02 0.000000000000000000e+00
5.350000000000000000e+03 2.139940338902104333e-01 1.932180245789713313e-01 5.769230769230768718e-01 2.150659990896677254e-01 1.479289940828402289e-02 0.000000000000000000e+00
5.375000000000000000e+03 2.149940060111927842e-01 1.915111515703231682e-01 5.764679107874374209e-01 2.156349567592171224e-01 1.638598088302230249e-02 0.000000000000000000e+00
5.400000000000000000e+03 2.159939781321749130e-01 1.918525261720528119e-01 5.751024123805188459e-01 2.175694128356850388e-01 1.547564861174328607e-02 0.000000000000000000e+00
5.425000000000000000e+03 2.169939502531572639e-01 1.882111970869367323e-01 5.729403732362312596e-01 2.248520710059171701e-01 1.399635867091488309e-02 0.000000000000000000e+00
5.450000000000000000e+03 2.179939223741396148e-01 1.873008648156577194e-01 5.695266272189348777e-01 2.316795630405097950e-01 1.149294492489758707e-02 0.000000000000000000e+00
5.475000000000000000e+03 2.189938944951219657e-01 1.886663632225762388e-01 5.665680473372780579e-01 2.331588529813381772e-01 1.160673645880746542e-02 0.000000000000000000e+00
5.500000000000000000e+03 2.199938666161040945e-01 1.820664542558033672e-01 5.675921711424669613e-01 2.395311788802912956e-01 1.081019572143832562e-02 0.000000000000000000e+00
5.525000000000000000e+03 2.209938387370864454e-01 1.783113336367774249e-01 5.663404642694583879e-01 2.439690487027765253e-01 1.137915339098771045e-02 0.000000000000000000e+00
5.550000000000000000e+03 2.219938108580687963e-01 1.706873008648156498e-01 5.672507965407374009e-01 2.477241693218024676e-01 1.433773327264451468e-02 0.000000000000000000e+00
5.575000000000000000e+03 2.229937829790511472e-01 1.718252162039144160e-01 5.662266727355484974e-01 2.485207100591715901e-01 1.342740100136549826e-02 0.000000000000000000e+00
5.600000000000000000e+03 2.239937551000332761e-01 1.671597633136094607e-01 5.700955848884843302e-01 2.496586253982703563e-01 1.308602639963586667e-02 0.000000000000000000e+00
5.625000000000000000e+03 2.249937272210156269e-01 1.631770596267637652e-01 5.741920801092398330e-01 2.526172052799271484e-01 1.001365498406918582e-02 0.000000000000000000e+00
5.650000000000000000e+03 2.259936993419979778e-01 1.670459717796995980e-01 5.673645880746472914e-01 2.537551206190259423e-01 1.183431952662721866e-02 0.000000000000000000e+00
5.675000000000000000e+03 2.269936714629801067e-01 1.697769685935366368e-01 5.631543013199817871e-01 2.573964497041419941e-01 9.672280382339554228e-03 0.000000000000000000e+00
