# itime ezz other fcc hcp bcc ico
0.000000000000000000e+00 0.000000000000000000e+00 6.827492034592626399e-04 9.993172507965407680e-01 0.000000000000000000e+00 0.000000000000000000e+00 0.000000000000000000e+00
3.000000000000000000e+00 1.200001146074214375e-03 6.827492034592626399e-04 9.993172507965407680e-01 0.000000000000000000e+00 0.000000000000000000e+00 0.000000000000000000e+00
6.000000000000000000e+00 2.400002292148428751e-03 6.827492034592626399e-04 9.993172507965407680e-01 0.000000000000000000e+00 0.000000000000000000e+00 0.000000000000000000e+00
9.000000000000000000e+00 3.600003438222643126e-03 3.413746017296313199e-04 9.996586253982703285e-01 0.000000000000000000e+00 0.000000000000000000e+00 0.000000000000000000e+00
1.200000000000000000e+01 4.800004584297079546e-03 1.137915339098771066e-04 9.998862084660901095e-01 0.000000000000000000e+00 0.000000000000000000e+00 0.000000000000000000e+00
1.500000000000000000e+01 6.000005730371293922e-03 6.827492034592626399e-04 9.993172507965407680e-01 0.000000000000000000e+00 0.000000000000000000e+00 0.000000000000000000e+00
1.800000000000000000e+01 7.200006876445508297e-03 6.827492034592626399e-04 9.993172507965407680e-01 0.000000000000000000e+00 0.000000000000000000e+00 0.000000000000000000e+00
2.100000000000000000e+01 8.400008022519722672e-03 3.413746017296313199e-04 9.996586253982703285e-01 0.000000000000000000e+00 0.000000000000000000e+00 0.000000000000000000e+00
2.400000000000000000e+01 9.600009168593937048e-03 7.965407373691396923e-04 9.990896677287209870e-01 0.000000000000000000e+00 1.137915339098771066e-04 0.000000000000000000e+00
2.700000000000000000e+01 1.080001031466815142e-02 1.479289940828402332e-03 9.985207100591716456e-01 0.000000000000000000e+00 0.000000000000000000e+00 0.000000000000000000e+00
3.000000000000000000e+01 1.200001146074258784e-02 1.706873008648156654e-03 9.982931269913518646e-01 0.000000000000000000e+00 0.000000000000000000e+00 0.000000000000000000e+00
3.300000000000000000e+01 1.320001260681680222e-02 1.593081474738279385e-03 9.984069185252617551e-01 0.000000000000000000e+00 0.000000000000000000e+00 0.000000000000000000e+00
3.600000000000000000e+01 1.440001375289101659e-02 1.934456076467910759e-03 9.980655439235320836e-01 0.000000000000000000e+00 0.000000000000000000e+00 0.000000000000000000e+00
3.900000000000000000e+01 1.560001489896523097e-02 1.934456076467910759e-03 9.980655439235320836e-01 0.000000000000000000e+00 0.000000000000000000e+00 0.000000000000000000e+00
4.200000000000000000e+01 1.680001604503944534e-02 2.275830678197541916e-03 9.974965862539827421e-01 0.000000000000000000e+00 2.275830678197542133e-04 0.000000000000000000e+00
4.500000000000000000e+01 1.800001719111365972e-02 1.934456076467910759e-03 9.979517523896221931e-01 0.000000000000000000e+00 1.137915339098771066e-04 0.000000000000000000e+00
4.800000000000000000e+01 1.920001833718787410e-02 1.593081474738279385e-03 9.984069185252617551e-01 0.000000000000000000e+00 0.000000000000000000e+00 0.000000000000000000e+00
5.100000000000000000e+01 2.040001948326231052e-02 2.048247610377787811e-03 9.979517523896221931e-01 0.000000000000000000e+00 0.000000000000000000e+00 0.000000000000000000e+00
5.400000000000000000e+01 2.160002062933652489e-02 1.934456076467910759e-03 9.980655439235320836e-01 0.000000000000000000e+00 0.000000000000000000e+00 0.000000000000000000e+00
5.700000000000000000e+01 2.280002177541073927e-02 1.934456076467910759e-03 9.980655439235320836e-01 0.000000000000000000e+00 0.000000000000000000e+00 0.000000000000000000e+00
6.000000000000000000e+01 2.400002292148495364e-02 2.730996813837050560e-03 9.972690031861629611e-01 0.000000000000000000e+00 0.000000000000000000e+00 0.000000000000000000e+00
6.300000000000000000e+01 2.520002406755916802e-02 2.503413746017296455e-03 9.974965862539827421e-01 0.000000000000000000e+00 0.000000000000000000e+00 0.000000000000000000e+00
6.600000000000000000e+01 2.640002521363338239e-02 1.137915339098770958e-03 9.987482931269913156e-01 0.000000000000000000e+00 1.137915339098771066e-04 0.000000000000000000e+00
6.900000000000000000e+01 2.760002635970781881e-02 9.103322712790168532e-04 9.990896677287209870e-01 0.000000000000000000e+00 0.000000000000000000e+00 0.000000000000000000e+00
7.200000000000000000e+01 2.880002750578203319e-02 2.730996813837050560e-03 9.972690031861629611e-01 0.000000000000000000e+00 0.000000000000000000e+00 0.000000000000000000e+00
7.500000000000000000e+01 3.000002865185624756e-02 3.868912152935821518e-03 9.960172963131542767e-01 0.000000000000000000e+00 1.137915339098771066e-04 0.000000000000000000e+00
7.800000000000000000e+01 3.120002979793046194e-02 5.917159763313609329e-03 9.939690487027764698e-01 0.000000000000000000e+00 1.137915339098771066e-04 0.000000000000000000e+00
8.100000000000000000e+01 3.240003094400467631e-02 6.486117432862995025e-03 9.935138825671370189e-01 0.000000000000000000e+00 0.000000000000000000e+00 0.000000000000000000e+00
8.400000000000000000e+01 3.360003209007889069e-02 5.006827492034592909e-03 9.948793809740554828e-01 0.000000000000000000e+00 1.137915339098771066e-04 0.000000000000000000e+00
8.700000000000000000e+01 3.480003323615310507e-02 3.072371415566681717e-03 9.967000455166135087e-01 0.000000000000000000e+00 2.275830678197542133e-04 0.000000000000000000e+00
9.000000000000000000e+01 3.600003438222754149e-02 3.072371415566681717e-03 9.969276285844332897e-01 0.000000000000000000e+00 0.000000000000000000e+00 0.000000000000000000e+00
9.300000000000000000e+01 3.720003552830175586e-02 3.186162949476558769e-03 9.968138370505233992e-01 0.000000000000000000e+00 0.000000000000000000e+00 0.000000000000000000e+00
9.600000000000000000e+01 3.840003667437597024e-02 2.275830678197541916e-03 9.976103777878926326e-01 0.000000000000000000e+00 1.137915339098771066e-04 0.000000000000000000e+00
9.900000000000000000e+01 3.960003782045018461e-02 2.162039144287664864e-03 9.977241693218024121e-01 0.000000000000000000e+00 1.137915339098771066e-04 0.000000000000000000e+00
1.020000000000000000e+02 4.080003896652439899e-02 3.413746017296313308e-03 9.963586709148839482e-01 0.000000000000000000e+00 2.275830678197542133e-04 0.000000000000000000e+00
1.050000000000000000e+02 4.200004011259861336e-02 5.006827492034592909e-03 9.946517979062358128e-01 0.000000000000000000e+00 3.413746017296313199e-04 0.000000000000000000e+00
1.080000000000000000e+02 4.320004125867282774e-02 6.030951297223486815e-03 9.937414656349567998e-01 0.000000000000000000e+00 2.275830678197542133e-04 0.000000000000000000e+00
1.110000000000000000e+02 4.440004240474726416e-02 6.941283568502503235e-03 9.927173418297678964e-01 0.000000000000000000e+00 3.413746017296313199e-04 0.000000000000000000e+00
1.140000000000000000e+02 4.560004355082147853e-02 7.168866636322257339e-03 9.926035502958580059e-01 0.000000000000000000e+00 2.275830678197542133e-04 0.000000000000000000e+00
1.170000000000000000e+02 4.680004469689569291e-02 7.851615839781519654e-03 9.916932180245789930e-01 0.000000000000000000e+00 4.551661356395084266e-04 0.000000000000000000e+00
1.200000000000000000e+02 4.800004584296990728e-02 8.761948111060537808e-03 9.910104688211197610e-01 0.000000000000000000e+00 2.275830678197542133e-04 0.000000000000000000e+00
1.230000000000000000e+02 4.920004698904412166e-02 1.046882111970869403e-02 9.893035958124715146e-01 0.000000000000000000e+00 2.275830678197542133e-04 0.000000000000000000e+00
1.260000000000000000e+02 5.040004813511833603e-02 1.240327719617660522e-02 9.873691397360035982e-01 0.000000000000000000e+00 2.275830678197542133e-04 0.000000000000000000e+00
1.290000000000000000e+02 5.160004928119277245e-02 1.240327719617660522e-02 9.870277651342740377e-01 0.000000000000000000e+00 5.689576695493854790e-04 0.000000000000000000e+00
1.320000000000000000e+02 5.280005042726698683e-02 1.581702321347291593e-02 9.831588529813382049e-01 0.000000000000000000e+00 1.024123805188893906e-03 0.000000000000000000e+00
1.350000000000000000e+02 5.400005157334120121e-02 1.661356395084205573e-02 9.823623122439690825e-01 0.000000000000000000e+00 1.024123805188893906e-03 0.000000000000000000e+00
1.380000000000000000e+02 5.520005271941541558e-02 1.684114701866181243e-02 9.827036868456986429e-01 0.000000000000000000e+00 4.551661356395084266e-04 0.000000000000000000e+00
1.410000000000000000e+02 5.640005386548962996e-02 1.649977241693217911e-02 9.829312699135184239e-01 0.000000000000000000e+00 5.689576695493854790e-04 0.000000000000000000e+00
1.440000000000000000e+02 5.760005501156384433e-02 1.820664542558033533e-02 9.807692307692307265e-01 0.000000000000000000e+00 1.024123805188893906e-03 0.000000000000000000e+00
1.470000000000000000e+02 5.880005615763805871e-02 1.775147928994082885e-02 9.811106053709603980e-01 0.000000000000000000e+00 1.137915339098770958e-03 0.000000000000000000e+00
1.500000000000000000e+02 6.000005730371249513e-02 1.627218934911242587e-02 9.831588529813382049e-01 0.000000000000000000e+00 5.689576695493854790e-04 0.000000000000000000e+00
1.530000000000000000e+02 6.120005844978670950e-02 1.911697769685935522e-02 9.806554392353209471e-01 0.000000000000000000e+00 2.275830678197542133e-04 0.000000000000000000e+00
1.560000000000000000e+02 6.240005959586092388e-02 2.139280837505689453e-02 9.779244424214837972e-01 0.000000000000000000e+00 6.827492034592626399e-04 0.000000000000000000e+00
1.590000000000000000e+02 6.360006074193513825e-02 2.184797451069640448e-02 9.772416932180245652e-01 0.000000000000000000e+00 9.103322712790168532e-04 0.000000000000000000e+00
1.620000000000000000e+02 6.480006188800935263e-02 2.617205279927173334e-02 9.725762403277196100e-01 0.000000000000000000e+00 1.251706873008648227e-03 0.000000000000000000e+00
1.650000000000000000e+02 6.600006303408356700e-02 2.787892580791988956e-02 9.708693673190714746e-01 0.000000000000000000e+00 1.251706873008648227e-03 0.000000000000000000e+00
1.680000000000000000e+02 6.720006418015800342e-02 2.810650887573964626e-02 9.704142011834319126e-01 0.000000000000000000e+00 1.479289940828402332e-03 0.000000000000000000e+00
1.710000000000000000e+02 6.840006532623221780e-02 2.685480200273099652e-02 9.718934911242603780e-01 0.000000000000000000e+00 1.251706873008648227e-03 0.000000000000000000e+00
1.740000000000000000e+02 6.960006647230643217e-02 2.685480200273099652e-02 9.717796995903504875e-01 0.000000000000000000e+00 1.365498406918525280e-03 0.000000000000000000e+00
1.770000000000000000e+02 7.080006761838064655e-02 2.674101046882111990e-02 9.716659080564405970e-01 0.000000000000000000e+00 1.593081474738279385e-03 0.000000000000000000e+00
1.800000000000000000e+02 7.200006876445486093e-02 2.822030040964952288e-02 9.707555757851615841e-01 0.000000000000000000e+00 1.024123805188893906e-03 0.000000000000000000e+00
1.830000000000000000e+02 7.320006991052907530e-02 3.288575329995448160e-02 9.655211652253072874e-01 0.000000000000000000e+00 1.593081474738279385e-03 0.000000000000000000e+00
1.860000000000000000e+02 7.440007105660328968e-02 3.538916704597178109e-02 9.635867091488393710e-01 0.000000000000000000e+00 1.024123805188893906e-03 0.000000000000000000e+00
1.890000000000000000e+02 7.560007220267772610e-02 4.062357760582612637e-02 9.578971324533455123e-01 0.000000000000000000e+00 1.479289940828402332e-03 0.000000000000000000e+00
1.920000000000000000e+02 7.680007334875194047e-02 4.631315430131998506e-02 9.520937642239417631e-01 0.000000000000000000e+00 1.593081474738279385e-03 0.000000000000000000e+00
1.950000000000000000e+02 7.800007449482615485e-02 5.245789713245334329e-02 9.454938552571688914e-01 0.000000000000000000e+00 2.048247610377787811e-03 0.000000000000000000e+00
1.980000000000000000e+02 7.920007564090036922e-02 5.826126536185707860e-02 9.387801547564861293e-01 0.000000000000000000e+00 2.958579881656804664e-03 0.000000000000000000e+00
2.010000000000000000e+02 8.040007678697458360e-02 6.406463359126081392e-02 9.330905780609922706e-01 0.000000000000000000e+00 2.844788347746927612e-03 0.000000000000000000e+00
2.040000000000000000e+02 8.160007793304879797e-02 6.941283568502502888e-02 9.268320436959490705e-01 0.000000000000000000e+00 3.755120619025944465e-03 0.000000000000000000e+00
2.070000000000000000e+02 8.280007907912323439e-02 7.464724624487938109e-02 9.228493400091033472e-01 0.000000000000000000e+00 2.503413746017296455e-03 0.000000000000000000e+00
2.100000000000000000e+02 8.400008022519744877e-02 8.466090122894856518e-02 9.128356850250340937e-01 0.000000000000000000e+00 2.503413746017296455e-03 0.000000000000000000e+00
2.130000000000000000e+02 8.520008137127166314e-02 9.262630860263997012e-02 9.047564861174328676e-01 0.000000000000000000e+00 2.617205279927173507e-03 0.000000000000000000e+00
2.160000000000000000e+02 8.640008251734587752e-02 9.399180700955848955e-02 9.028220300409649512e-01 0.000000000000000000e+00 3.186162949476558769e-03 0.000000000000000000e+00
2.190000000000000000e+02 8.760008366342009190e-02 9.729176149294492537e-02 8.982703686845698865e-01 0.000000000000000000e+00 4.437869822485207214e-03 0.000000000000000000e+00
2.220000000000000000e+02 8.880008480949430627e-02 1.040054619936276736e-01 8.921256258534364658e-01 0.000000000000000000e+00 3.868912152935821518e-03 0.000000000000000000e+00
2.250000000000000000e+02 9.000008595556852065e-02 1.118570778334091881e-01 8.840464269458352398e-01 0.000000000000000000e+00 4.096495220755575623e-03 0.000000000000000000e+00
2.280000000000000000e+02 9.120008710164295707e-02 1.104915794264906687e-01 8.858670914883932657e-01 0.000000000000000000e+00 3.641329085116067413e-03 0.000000000000000000e+00
2.310000000000000000e+02 9.240008824771717144e-02 1.123122439690487084e-01 8.833636777423760078e-01 0.000000000000000000e+00 4.324078288575329727e-03 0.000000000000000000e+00
2.340000000000000000e+02 9.360008939379138582e-02 1.161811561219845274e-01 8.782430587164314906e-01 0.000000000000000000e+00 5.575785161583977738e-03 0.000000000000000000e+00
2.370000000000000000e+02 9.480009053986560019e-02 1.263086026399635742e-01 8.682294037323623481e-01 0.000000000000000000e+00 5.461993627674101119e-03 0.000000000000000000e+00
2.400000000000000000e+02 9.600009168593981457e-02 1.367774237596722786e-01 8.568502503413746307e-01 0.000000000000000000e+00 6.372325898953117539e-03 0.000000000000000000e+00
2.430000000000000000e+02 9.720009283201402894e-02 1.415566681838871244e-01 8.508192990441511006e-01 0.000000000000000000e+00 7.624032771961766417e-03 0.000000000000000000e+00
2.460000000000000000e+02 9.840009397808824332e-02 1.503186162949476656e-01 8.416021847974510806e-01 0.000000000000000000e+00 8.079198907601274626e-03 0.000000000000000000e+00
2.490000000000000000e+02 9.960009512416267974e-02 1.585116067364588099e-01 8.324988620846609511e-01 0.000000000000000000e+00 8.989531178880291046e-03 0.000000000000000000e+00
2.520000000000000000e+02 1.008000962702368941e-01 1.631770596267637652e-01 8.285161583978152278e-01 0.000000000000000000e+00 8.306781975421027864e-03 0.000000000000000000e+00
2.550000000000000000e+02 1.020000974163111085e-01 1.709148839326354030e-01 8.195266272189348777e-01 0.000000000000000000e+00 9.558488848429677609e-03 0.000000000000000000e+00
2.580000000000000000e+02 1.032000985623853229e-01 1.784251251706872876e-01 8.120163859808829931e-01 0.000000000000000000e+00 9.558488848429677609e-03 0.000000000000000000e+00
2.610000000000000000e+02 1.044000997084595372e-01 1.904870277651342647e-01 7.989303595812471404e-01 0.000000000000000000e+00 1.058261265361857065e-02 0.000000000000000000e+00
2.640000000000000000e+02 1.056001008545337516e-01 2.077833409194355940e-01 7.803823395539372099e-01 0.000000000000000000e+00 1.183431952662721866e-02 0.000000000000000000e+00
2.670000000000000000e+02 1.068001020006081880e-01 2.201866181156121871e-01 7.666135639508420141e-01 0.000000000000000000e+00 1.319981793354574502e-02 0.000000000000000000e+00
2.700000000000000000e+02 1.080001031466824024e-01 2.313381884387801513e-01 7.534137460172962708e-01 0.000000000000000000e+00 1.524806554392353283e-02 0.000000000000000000e+00
2.730000000000000000e+02 1.092001042927566168e-01 2.449931725079654010e-01 7.394173873463814051e-01 0.000000000000000000e+00 1.558944014565316269e-02 0.000000000000000000e+00
2.760000000000000000e+02 1.104001054388308312e-01 2.569412835685024876e-01 7.284934000910332497e-01 0.000000000000000000e+00 1.456531634046426965e-02 0.000000000000000000e+00
2.790000000000000000e+02 1.116001065849050455e-01 2.688893946290396020e-01 7.147246244879380539e-01 1.137915339098771066e-04 1.627218934911242587e-02 0.000000000000000000e+00
2.820000000000000000e+02 1.128001077309792599e-01 2.799271734182977034e-01 7.014110150204825311e-01 0.000000000000000000e+00 1.866181156121984527e-02 0.000000000000000000e+00
2.850000000000000000e+02 1.140001088770534743e-01 2.899408284023668458e-01 6.906008192990441552e-01 0.000000000000000000e+00 1.945835229858898507e-02 0.000000000000000000e+00
2.880000000000000000e+02 1.152001100231279107e-01 2.975648611743286209e-01 6.812699135184342447e-01 0.000000000000000000e+00 2.116522530723714129e-02 0.000000000000000000e+00
2.910000000000000000e+02 1.164001111692021251e-01 3.083750568957669413e-01 6.689804278561675144e-01 0.000000000000000000e+00 2.264451524806554428e-02 0.000000000000000000e+00
2.940000000000000000e+02 1.176001123152763395e-01 3.202093764223941652e-01 6.541875284478835262e-01 0.000000000000000000e+00 2.560309512972235024e-02 0.000000000000000000e+00
2.970000000000000000e+02 1.188001134613505538e-01 3.356850250341374409e-01 6.381429221665908535e-01 0.000000000000000000e+00 2.617205279927173334e-02 0.000000000000000000e+00
3.000000000000000000e+02 1.200001146074247682e-01 3.491124260355029651e-01 6.234638142922166448e-01 0.000000000000000000e+00 2.742375967228038308e-02 0.000000000000000000e+00
3.030000000000000000e+02 1.212001157534989826e-01 3.666363222576240477e-01 6.016158397815202230e-01 0.000000000000000000e+00 3.174783796085571541e-02 0.000000000000000000e+00
3.060000000000000000e+02 1.224001168995734190e-01 3.833636777423759523e-01 5.831816112881201830e-01 0.000000000000000000e+00 3.345471096950387163e-02 0.000000000000000000e+00
3.090000000000000000e+02 1.236001180456476334e-01 3.961083295402821891e-01 5.669094219390077294e-01 0.000000000000000000e+00 3.698224852071006069e-02 0.000000000000000000e+00
3.120000000000000000e+02 1.248001191917218478e-01 4.127218934911242587e-01 5.455166135639508695e-01 0.000000000000000000e+00 4.176149294492489950e-02 0.000000000000000000e+00
3.150000000000000000e+02 1.260001203377960621e-01 4.308147473827947382e-01 5.265134274010013771e-01 0.000000000000000000e+00 4.267182521620391245e-02 0.000000000000000000e+00
3.180000000000000000e+02 1.272001214838702765e-01 4.484524351388256558e-01 5.064861174328629811e-01 1.137915339098771066e-04 4.494765589440145870e-02 0.000000000000000000e+00
3.210000000000000000e+02 1.284001226299444909e-01 4.614246700045516736e-01 4.907828857532999800e-01 2.275830678197542133e-04 4.756486117432862787e-02 0.000000000000000000e+00
3.240000000000000000e+02 1.296001237760187053e-01 4.782658170232134687e-01 4.717796995903504875e-01 3.413746017296313199e-04 4.961310878470642088e-02 0.000000000000000000e+00
3.270000000000000000e+02 1.308001249220931417e-01 4.927173418297678409e-01 4.517523896222120916e-01 4.551661356395084266e-04 5.507510241238051940e-02 0.000000000000000000e+00
3.300000000000000000e+02 1.320001260681673561e-01 5.078516158397815561e-01 4.332043695949021611e-01 5.689576695493854790e-04 5.837505689576695522e-02 0.000000000000000000e+00
3.330000000000000000e+02 1.332001272142415704e-01 5.187756030951297115e-01 4.162494310423304755e-01 1.024123805188893906e-03 6.395084205735093730e-02 0.000000000000000000e+00
3.360000000000000000e+02 1.344001283603157848e-01 5.359581247155211781e-01 3.972462448793809831e-01 9.103322712790168532e-04 6.588529813381883982e-02 0.000000000000000000e+00
3.390000000000000000e+02 1.356001295063899992e-01 5.517751479289940697e-01 3.769913518434228616e-01 1.365498406918525280e-03 6.986800182066454923e-02 0.000000000000000000e+00
3.420000000000000000e+02 1.368001306524642136e-01 5.666818388711879484e-01 3.545744196631770428e-01 1.479289940828402332e-03 7.726445152480655720e-02 0.000000000000000000e+00
3.450000000000000000e+02 1.380001317985386500e-01 5.821574874829312796e-01 3.321574874829312796e-01 2.048247610377787811e-03 8.363677742375967561e-02 0.000000000000000000e+00
3.480000000000000000e+02 1.392001329446128643e-01 5.883022303140645892e-01 3.183887118798361393e-01 2.617205279927173507e-03 9.069185252617205373e-02 0.000000000000000000e+00
3.510000000000000000e+02 1.404001340906870787e-01 5.992262175694128556e-01 2.997269003186163183e-01 2.503413746017296455e-03 9.854346836595356818e-02 0.000000000000000000e+00
3.540000000000000000e+02 1.416001352367612931e-01 6.143604915794265153e-01 2.824305871643149612e-01 3.072371415566681717e-03 1.001365498406918547e-01 0.000000000000000000e+00
3.570000000000000000e+02 1.428001363828355075e-01 6.233500227583067543e-01 2.708238507055075184e-01 3.982703686845699004e-03 1.018434228493400040e-01 0.000000000000000000e+00
3.600000000000000000e+02 1.440001375289097219e-01 6.364360491579426071e-01 2.544378698224852298e-01 3.299954483386436255e-03 1.058261265361857134e-01 0.000000000000000000e+00
3.630000000000000000e+02 1.452001386749839362e-01 6.461083295402821891e-01 2.377105143377332697e-01 5.120619025944469528e-03 1.110605370960400518e-01 0.000000000000000000e+00
3.660000000000000000e+02 1.464001398210583726e-01 6.543013199817933057e-01 2.232589895311788697e-01 6.372325898953117539e-03 1.160673645880746507e-01 0.000000000000000000e+00
3.690000000000000000e+02 1.476001409671325870e-01 6.692080109239872954e-01 2.039144287664997612e-01 6.030951297223486815e-03 1.208466090122894826e-01 0.000000000000000000e+00
3.720000000000000000e+02 1.488001421132068014e-01 6.768320436959490705e-01 1.895766954938552518e-01 7.168866636322257339e-03 1.264223941738734647e-01 0.000000000000000000e+00
3.750000000000000000e+02 1.500001432592810158e-01 6.883249886208465673e-01 1.741010468821119761e-01 7.965407373691398007e-03 1.296085571233500100e-01 0.000000000000000000e+00
3.780000000000000000e+02 1.512001444053552301e-01 6.948111060537096595e-01 1.614701866181156020e-01 9.786071916249430847e-03 1.339326354119253493e-01 0.000000000000000000e+00
3.810000000000000000e+02 1.524001455514294445e-01 7.006144742831132977e-01 1.487255348202093652e-01 1.092398725534820224e-02 1.397360036413290985e-01 0.000000000000000000e+00
3.840000000000000000e+02 1.536001466975038809e-01 7.060764679107874864e-01 1.408739189804278646e-01 1.194811106053709528e-02 1.411015020482476179e-01 0.000000000000000000e+00
3.870000000000000000e+02 1.548001478435780953e-01 7.118798361401911245e-01 1.310878470641784199e-01 1.115157032316795548e-02 1.458807464724624359e-01 0.000000000000000000e+00
3.900000000000000000e+02 1.560001489896523097e-01 7.159763313609467383e-01 1.236913973600364119e-01 1.183431952662721866e-02 1.484979517523896120e-01 0.000000000000000000e+00
3.930000000000000000e+02 1.572001501357265241e-01 7.233727810650887324e-01 1.151570323167956239e-01 1.137915339098771045e-02 1.500910332271279124e-01 0.000000000000000000e+00
3.960000000000000000e+02 1.584001512818007384e-01 7.273554847519344557e-01 1.081019572143832458e-01 1.274465179790623508e-02 1.517979062357760478e-01 0.000000000000000000e+00
3.990000000000000000e+02 1.596001524278749528e-01 7.330450614474283144e-01 9.990896677287210148e-02 1.524806554392353283e-02 1.517979062357760478e-01 0.000000000000000000e+00
4.020000000000000000e+02 1.608001535739491672e-01 7.407828857532999800e-01 8.955393718707328754e-02 1.558944014565316269e-02 1.540737369139736079e-01 0.000000000000000000e+00
4.050000000000000000e+02 1.620001547200236036e-01 7.437414656349567998e-01 8.648156577150660496e-02 1.638598088302230249e-02 1.533909877105143482e-01 0.000000000000000000e+00
4.080000000000000000e+02 1.632001558660978180e-01 7.471552116522530707e-01 8.101957214383249950e-02 1.649977241693217911e-02 1.553254437869822369e-01 0.000000000000000000e+00
4.110000000000000000e+02 1.644001570121720324e-01 7.515930814747382449e-01 7.703686845698680397e-02 1.752389622212107562e-02 1.538461538461538547e-01 0.000000000000000000e+00
4.140000000000000000e+02 1.656001581582462467e-01 7.514792899408283544e-01 7.362312243969049153e-02 1.934456076467910846e-02 1.555530268548019901e-01 0.000000000000000000e+00
4.170000000000000000e+02 1.668001593043204611e-01 7.510241238051889034e-01 7.077833409194356218e-02 2.093764223941738806e-02 1.572598998634501533e-01 0.000000000000000000e+00
4.200000000000000000e+02 1.680001604503946755e-01 7.487482931269913156e-01 6.929904415111515226e-02 2.241693218024579104e-02 1.595357305416477134e-01 0.000000000000000000e+00
4.230000000000000000e+02 1.692001615964688899e-01 7.496586253982703285e-01 6.804733727810650945e-02 2.355484751934456070e-02 1.587391898042785632e-01 0.000000000000000000e+00
4.260000000000000000e+02 1.704001627425433263e-01 7.543240782885752838e-01 6.793354574419663283e-02 2.344105598543468408e-02 1.543013199817933612e-01 0.000000000000000000e+00
4.290000000000000000e+02 1.716001638886175407e-01 7.538689121529358328e-01 6.201638598088302090e-02 2.309968138370505075e-02 1.610150204824760956e-01 0.000000000000000000e+00
4.320000000000000000e+02 1.728001650346917550e-01 7.560309512972235302e-01 5.803368229403732537e-02 2.344105598543468408e-02 1.624943104233045055e-01 0.000000000000000000e+00
4.350000000000000000e+02 1.740001661807659694e-01 7.639963586709148657e-01 5.644060081929904577e-02 2.332726445152480746e-02 1.562357760582612776e-01 0.000000000000000000e+00
4.380000000000000000e+02 1.752001673268401838e-01 7.691169776968593830e-01 5.302685480200273332e-02 2.344105598543468408e-02 1.544151115157032239e-01 0.000000000000000000e+00
4.410000000000000000e+02 1.764001684729143982e-01 7.695721438324988339e-01 5.029585798816568060e-02 2.560309512972235024e-02 1.545289030496131144e-01 0.000000000000000000e+00
4.440000000000000000e+02 1.776001696189888346e-01 7.737824305871643382e-01 5.063723258989531045e-02 2.571688666363222686e-02 1.498634501593081592e-01 0.000000000000000000e+00
4.470000000000000000e+02 1.788001707650630490e-01 7.795857988165680874e-01 4.961310878470642088e-02 2.560309512972235024e-02 1.451979972690031762e-01 0.000000000000000000e+00
4.500000000000000000e+02 1.800001719111372633e-01 7.844788347746927126e-01 4.915794264906690747e-02 2.503413746017296368e-02 1.413290851160673711e-01 0.000000000000000000e+00
4.530000000000000000e+02 1.812001730572114777e-01 7.837960855712334807e-01 4.836140191169777114e-02 2.617205279927173334e-02 1.416704597177969871e-01 0.000000000000000000e+00
4.560000000000000000e+02 1.824001742032856921e-01 7.848202093764223841e-01 4.972690031861629750e-02 2.696859353664087314e-02 1.384842967683204418e-01 0.000000000000000000e+00
4.590000000000000000e+02 1.836001753493599065e-01 7.877787892580792040e-01 4.619936276741010150e-02 2.947200728265816916e-02 1.365498406918525254e-01 0.000000000000000000e+00
4.620000000000000000e+02 1.848001764954341208e-01 7.925580336822940497e-01 4.369594902139280895e-02 3.060992262175694228e-02 1.331360946745562268e-01 0.000000000000000000e+00
4.650000000000000000e+02 1.860001776415085573e-01 7.972234865725990050e-01 4.267182521620391245e-02 3.049613108784706567e-02 1.296085571233500100e-01 0.000000000000000000e+00
4.680000000000000000e+02 1.872001787875827716e-01 8.029130632680928636e-01 4.016841147018661989e-02 3.095129722348657214e-02 1.259672280382339582e-01 0.000000000000000000e+00
4.710000000000000000e+02 1.884001799336569860e-01 8.090578060992261733e-01 3.925807919890760000e-02 2.981338188438780248e-02 1.218707328174783860e-01 0.000000000000000000e+00
4.740000000000000000e+02 1.896001810797312004e-01 8.115612198452435422e-01 3.868912152935821691e-02 3.038233955393718558e-02 1.193673190714610866e-01 0.000000000000000000e+00
4.770000000000000000e+02 1.908001822258054148e-01 8.165680473372780579e-01 3.664087391898043083e-02 3.026854802002730896e-02 1.165225307237141572e-01 0.000000000000000000e+00
4.800000000000000000e+02 1.920001833718796291e-01 8.164542558033682784e-01 3.664087391898043083e-02 3.152025489303595523e-02 1.153846153846153910e-01 0.000000000000000000e+00
4.830000000000000000e+02 1.932001845179540656e-01 8.161128812016386069e-01 3.834774692762858705e-02 3.095129722348657214e-02 1.145880746472462408e-01 0.000000000000000000e+00
4.860000000000000000e+02 1.944001856640282799e-01 8.180473372781065233e-01 3.641329085116067066e-02 3.026854802002730896e-02 1.152708238507055144e-01 0.000000000000000000e+00
4.890000000000000000e+02 1.956001868101024943e-01 8.182749203459263043e-01 3.686845698680018407e-02 3.129267182521620200e-02 1.135639508420573512e-01 0.000000000000000000e+00
4.920000000000000000e+02 1.968001879561767087e-01 8.224852071005916976e-01 3.652708238507055422e-02 3.356850250341374825e-02 1.074192080109239861e-01 0.000000000000000000e+00
4.950000000000000000e+02 1.980001891022509231e-01 8.285161583978152278e-01 3.322712790168411146e-02 3.197542102867546865e-02 1.062812926718252199e-01 0.000000000000000000e+00
4.980000000000000000e+02 1.992001902483251374e-01 8.252162039144287364e-01 3.436504324078288458e-02 3.379608557123350149e-02 1.066226672735548497e-01 0.000000000000000000e+00
5.010000000000000000e+02 2.004001913943993518e-01 8.290851160673645692e-01 3.413746017296313134e-02 3.356850250341374825e-02 1.032089212562585373e-01 0.000000000000000000e+00
5.040000000000000000e+02 2.016001925404737882e-01 8.337505689576695245e-01 3.186162949476559203e-02 3.322712790168411146e-02 1.011606736458807443e-01 0.000000000000000000e+00
5.070000000000000000e+02 2.028001936865480026e-01 8.370505234410560158e-01 2.981338188438780248e-02 3.334091943559399501e-02 9.979517523896222486e-02 0.000000000000000000e+00
5.100000000000000000e+02 2.040001948326222170e-01 8.454710969503869133e-01 2.924442421483841592e-02 2.992717341829767910e-02 9.535730541647700897e-02 0.000000000000000000e+00
5.130000000000000000e+02 2.052001959786964314e-01 8.459262630860263643e-01 2.890304961310878606e-02 2.981338188438780248e-02 9.535730541647700897e-02 0.000000000000000000e+00
5.160000000000000000e+02 2.064001971247706457e-01 8.461538461538461453e-01 2.947200728265816916e-02 3.038233955393718558e-02 9.399180700955848955e-02 0.000000000000000000e+00
5.190000000000000000e+02 2.076001982708448601e-01 8.508192990441511006e-01 2.958579881656804578e-02 3.004096495220755572e-02 8.955393718707328754e-02 0.000000000000000000e+00
5.220000000000000000e+02 2.088001994169192965e-01 8.530951297223486884e-01 2.844788347746927612e-02 3.072371415566681890e-02 8.773327264451524776e-02 0.000000000000000000e+00
5.250000000000000000e+02 2.100002005629935109e-01 8.541192535275375919e-01 2.822030040964952288e-02 3.186162949476559203e-02 8.579881656804733137e-02 0.000000000000000000e+00
5.280000000000000000e+02 2.112002017090677253e-01 8.546882111970869333e-01 2.799271734182976618e-02 3.208921256258534527e-02 8.522985889849794827e-02 0.000000000000000000e+00
5.310000000000000000e+02 2.124002028551419397e-01 8.609467455621301335e-01 2.662721893491124328e-02 3.083750568957669552e-02 8.158852981338188259e-02 0.000000000000000000e+00
5.340000000000000000e+02 2.136002040012161540e-01 8.647018661811560758e-01 2.810650887573964626e-02 3.049613108784706567e-02 7.669549385525717411e-02 0.000000000000000000e+00
5.370000000000000000e+02 2.148002051472903684e-01 8.681156121984524576e-01 2.890304961310878606e-02 3.026854802002730896e-02 7.271279016841146470e-02 0.000000000000000000e+00
5.400000000000000000e+02 2.160002062933645828e-01 8.694811106053709215e-01 2.776513427401001294e-02 3.140646335912607862e-02 7.134729176149294527e-02 0.000000000000000000e+00
5.430000000000000000e+02 2.172002074394390192e-01 8.670914883932635542e-01 2.696859353664087314e-02 3.311333636777423484e-02 7.282658170232134132e-02 0.000000000000000000e+00
5.460000000000000000e+02 2.184002085855132336e-01 8.682294037323623481e-01 2.844788347746927612e-02 3.208921256258534527e-02 7.123350022758306865e-02 0.000000000000000000e+00
5.490000000000000000e+02 2.196002097315874479e-01 8.707328174783796060e-01 2.776513427401001294e-02 3.197542102867546865e-02 6.952662721893490549e-02 0.000000000000000000e+00
5.520000000000000000e+02 2.208002108776616623e-01 8.748293126991352198e-01 2.730996813837050646e-02 2.992717341829767910e-02 6.793354574419663283e-02 0.000000000000000000e+00
5.550000000000000000e+02 2.220002120237358767e-01 8.765361857077833552e-01 2.594446973145198010e-02 3.231679563040509851e-02 6.520254893035958010e-02 0.000000000000000000e+00
5.580000000000000000e+02 2.232002131698100911e-01 8.806326809285389690e-01 2.617205279927173334e-02 3.208921256258534527e-02 6.110605370960400795e-02 0.000000000000000000e+00
5.610000000000000000e+02 2.244002143158845275e-01 8.818843878015475424e-01 2.469276285844333035e-02 3.174783796085571541e-02 6.167501137915339104e-02 0.000000000000000000e+00
5.640000000000000000e+02 2.256002154619587419e-01 8.822257624032772139e-01 2.412380518889394726e-02 3.049613108784706567e-02 6.315430131998178709e-02 0.000000000000000000e+00
5.670000000000000000e+02 2.268002166080329562e-01 8.878015475648611821e-01 2.401001365498407064e-02 2.890304961310878606e-02 5.928538916704597511e-02 0.000000000000000000e+00
5.700000000000000000e+02 2.280002177541071706e-01 8.885980883022303045e-01 2.253072371415566766e-02 2.890304961310878606e-02 5.996813837050523482e-02 0.000000000000000000e+00
5.730000000000000000e+02 2.292002189001813850e-01 8.909877105143377829e-01 2.366863905325443732e-02 2.913063268092853930e-02 5.621301775147929253e-02 0.000000000000000000e+00
5.760000000000000000e+02 2.304002200462555994e-01 8.941738734638142727e-01 2.344105598543468408e-02 2.833409194355939950e-02 5.405097860719162289e-02 0.000000000000000000e+00
5.790000000000000000e+02 2.316002211923298137e-01 8.955393718707328476e-01 2.344105598543468408e-02 2.969959035047792587e-02 5.131998179335457710e-02 0.000000000000000000e+00
5.820000000000000000e+02 2.328002223384042502e-01 8.984979517523896675e-01 2.241693218024579104e-02 3.004096495220755572e-02 4.904415111515703085e-02 0.000000000000000000e+00
5.850000000000000000e+02 2.340002234844784645e-01 8.973600364132908735e-01 2.241693218024579104e-02 3.140646335912607862e-02 4.881656804733727761e-02 0.000000000000000000e+00
5.880000000000000000e+02 2.352002246305526789e-01 8.977014110150204340e-01 2.332726445152480746e-02 3.095129722348657214e-02 4.802002730996814128e-02 0.000000000000000000e+00
5.910000000000000000e+02 2.364002257766268933e-01 9.010013654984069253e-01 2.401001365498407064e-02 3.072371415566681890e-02 4.426490669094219205e-02 0.000000000000000000e+00
5.940000000000000000e+02 2.376002269227011077e-01 9.041875284478835262e-01 2.298588984979517413e-02 2.992717341829767910e-02 4.289940828402366568e-02 0.000000000000000000e+00
5.970000000000000000e+02 2.388002280687753220e-01 9.031634046426946227e-01 2.389622212107419055e-02 2.947200728265816916e-02 4.346836595357305572e-02 0.000000000000000000e+00
6.000000000000000000e+02 2.400002292148495364e-01 9.049840691852526486e-01 2.355484751934456070e-02 3.038233955393718558e-02 4.107874374146563284e-02 0.000000000000000000e+00
6.030000000000000000e+02 2.412002303609239728e-01 9.052116522530723186e-01 2.344105598543468408e-02 3.060992262175694228e-02 4.073736913973600299e-02 0.000000000000000000e+00
6.060000000000000000e+02 2.424002315069981872e-01 9.062357760582612221e-01 2.298588984979517413e-02 3.174783796085571541e-02 3.903049613108784677e-02 0.000000000000000000e+00
6.090000000000000000e+02 2.436002326530724016e-01 9.077150659990896875e-01 2.230314064633591095e-02 3.186162949476559203e-02 3.812016385980882688e-02 0.000000000000000000e+00
6.120000000000000000e+02 2.448002337991466160e-01 9.088529813381884814e-01 2.218934911242603433e-02 3.106508875739644876e-02 3.789258079198907364e-02 0.000000000000000000e+00
6.150000000000000000e+02 2.460002349452208303e-01 9.110150204824760678e-01 2.253072371415566766e-02 3.106508875739644876e-02 3.538916704597178109e-02 0.000000000000000000e+00
6.180000000000000000e+02 2.472002360912950447e-01 9.129494765589439842e-01 2.218934911242603433e-02 3.106508875739644876e-02 3.379608557123350149e-02 0.000000000000000000e+00
6.210000000000000000e+02 2.484002372373694811e-01 9.116977696859354108e-01 2.287209831588529751e-02 3.265817023213472836e-02 3.277196176604460498e-02 0.000000000000000000e+00
6.240000000000000000e+02 2.496002383834436955e-01 9.120391442876649712e-01 2.378243058716431393e-02 3.299954483386435822e-02 3.117888029130632538e-02 0.000000000000000000e+00
6.270000000000000000e+02 2.508002395295179099e-01 9.121529358215748617e-01 2.378243058716431393e-02 3.277196176604460498e-02 3.129267182521620200e-02 0.000000000000000000e+00
6.300000000000000000e+02 2.520002406755921243e-01 9.102184797451069453e-01 2.457897132453345374e-02 3.277196176604460498e-02 3.243058716431497512e-02 0.000000000000000000e+00
6.330000000000000000e+02 2.532002418216663386e-01 9.138598088302229971e-01 2.423759672280382388e-02 3.106508875739644876e-02 3.083750568957669552e-02 0.000000000000000000e+00
6.360000000000000000e+02 2.544002429677405530e-01 9.145425580336823401e-01 2.435138825671370050e-02 3.015475648611743234e-02 3.095129722348657214e-02 0.000000000000000000e+00
6.390000000000000000e+02 2.556002441138147674e-01 9.148839326354119006e-01 2.309968138370505075e-02 3.060992262175694228e-02 3.140646335912607862e-02 0.000000000000000000e+00
6.420000000000000000e+02 2.568002452598892038e-01 9.196631770596267463e-01 2.127901684114701791e-02 2.913063268092853930e-02 2.992717341829767910e-02 0.000000000000000000e+00
6.450000000000000000e+02 2.580002464059634182e-01 9.220527992717342247e-01 2.014110150204824826e-02 2.833409194355939950e-02 2.947200728265816916e-02 0.000000000000000000e+00
6.480000000000000000e+02 2.592002475520376326e-01 9.235320892125625791e-01 1.991351843422849502e-02 2.867546654528902936e-02 2.776513427401001294e-02 1.137915339098771066e-04
6.510000000000000000e+02 2.604002486981118469e-01 9.230769230769231282e-01 2.036868456986800149e-02 2.810650887573964626e-02 2.833409194355939950e-02 1.137915339098771066e-04
6.540000000000000000e+02 2.616002498441860613e-01 9.213700500682748817e-01 2.048247610377787811e-02 2.890304961310878606e-02 2.924442421483841592e-02 0.000000000000000000e+00
6.570000000000000000e+02 2.628002509902602757e-01 9.236458807464724696e-01 2.014110150204824826e-02 2.867546654528902936e-02 2.730996813837050646e-02 2.275830678197542133e-04
6.600000000000000000e+02 2.640002521363347121e-01 9.241010468821119206e-01 2.253072371415566766e-02 2.685480200273099652e-02 2.639963586709149004e-02 1.137915339098771066e-04
6.630000000000000000e+02 2.652002532824089265e-01 9.258079198907601670e-01 2.298588984979517413e-02 2.537551206190259354e-02 2.583067819754210348e-02 0.000000000000000000e+00
6.660000000000000000e+02 2.664002544284831409e-01 9.248975876194811541e-01 2.298588984979517413e-02 2.560309512972235024e-02 2.651342740100136666e-02 0.000000000000000000e+00
6.690000000000000000e+02 2.676002555745573552e-01 9.253527537551206050e-01 2.218934911242603433e-02 2.548930359581247015e-02 2.674101046882111990e-02 2.275830678197542133e-04
6.720000000000000000e+02 2.688002567206315696e-01 9.260355029585798370e-01 2.139280837505689453e-02 2.685480200273099652e-02 2.560309512972235024e-02 1.137915339098771066e-04
6.750000000000000000e+02 2.700002578667057840e-01 9.254665452890304955e-01 2.071005917159763482e-02 2.730996813837050646e-02 2.639963586709149004e-02 1.137915339098771066e-04
6.780000000000000000e+02 2.712002590127799984e-01 9.285389167045972059e-01 2.036868456986800149e-02 2.526172052799271692e-02 2.571688666363222686e-02 1.137915339098771066e-04
6.810000000000000000e+02 2.724002601588544348e-01 9.284251251706873154e-01 2.127901684114701791e-02 2.514792899408284030e-02 2.492034592626308706e-02 2.275830678197542133e-04
