# itime ezz other fcc hcp bcc ico
0.000000000000000000e+00 0.000000000000000000e+00 0.000000000000000000e+00 1.000000000000000000e+00 0.000000000000000000e+00 0.000000000000000000e+00 0.000000000000000000e+00
5.000000000000000000e+02 1.999989658352241406e-03 0.000000000000000000e+00 1.000000000000000000e+00 0.000000000000000000e+00 0.000000000000000000e+00 0.000000000000000000e+00
1.000000000000000000e+03 3.999979316704482812e-03 0.000000000000000000e+00 1.000000000000000000e+00 0.000000000000000000e+00 0.000000000000000000e+00 0.000000000000000000e+00
1.500000000000000000e+03 5.999968975056502174e-03 0.000000000000000000e+00 1.000000000000000000e+00 0.000000000000000000e+00 0.000000000000000000e+00 0.000000000000000000e+00
2.000000000000000000e+03 7.999958633408743580e-03 0.000000000000000000e+00 1.000000000000000000e+00 0.000000000000000000e+00 0.000000000000000000e+00 0.000000000000000000e+00
2.500000000000000000e+03 9.999948291760984986e-03 0.000000000000000000e+00 1.000000000000000000e+00 0.000000000000000000e+00 0.000000000000000000e+00 0.000000000000000000e+00
3.000000000000000000e+03 1.199993795011322639e-02 0.000000000000000000e+00 1.000000000000000000e+00 0.000000000000000000e+00 0.000000000000000000e+00 0.000000000000000000e+00
3.500000000000000000e+03 1.399992760846546780e-02 0.000000000000000000e+00 1.000000000000000000e+00 0.000000000000000000e+00 0.000000000000000000e+00 0.000000000000000000e+00
4.000000000000000000e+03 1.599991726681748716e-02 0.000000000000000000e+00 1.000000000000000000e+00 0.000000000000000000e+00 0.000000000000000000e+00 0.000000000000000000e+00
4.500000000000000000e+03 1.799990692516972857e-02 0.000000000000000000e+00 1.000000000000000000e+00 0.000000000000000000e+00 0.000000000000000000e+00 0.000000000000000000e+00
5.000000000000000000e+03 1.999989658352196997e-02 0.000000000000000000e+00 1.000000000000000000e+00 0.000000000000000000e+00 0.000000000000000000e+00 0.000000000000000000e+00
5.500000000000000000e+03 2.199988624187421138e-02 0.000000000000000000e+00 1.000000000000000000e+00 0.000000000000000000e+00 0.000000000000000000e+00 0.000000000000000000e+00
6.000000000000000000e+03 2.399987590022645279e-02 0.000000000000000000e+00 1.000000000000000000e+00 0.000000000000000000e+00 0.000000000000000000e+00 0.000000000000000000e+00
6.500000000000000000e+03 2.599986555857847215e-02 0.000000000000000000e+00 1.000000000000000000e+00 0.000000000000000000e+00 0.000000000000000000e+00 0.000000000000000000e+00
7.000000000000000000e+03 2.799985521693071355e-02 0.000000000000000000e+00 1.000000000000000000e+00 0.000000000000000000e+00 0.000000000000000000e+00 0.000000000000000000e+00
7.500000000000000000e+03 2.999984487528295496e-02 0.000000000000000000e+00 1.000000000000000000e+00 0.000000000000000000e+00 0.000000000000000000e+00 0.000000000000000000e+00
8.000000000000000000e+03 3.199983453363519637e-02 0.000000000000000000e+00 1.000000000000000000e+00 0.000000000000000000e+00 0.000000000000000000e+00 0.000000000000000000e+00
8.500000000000000000e+03 3.399982419198743777e-02 0.000000000000000000e+00 1.000000000000000000e+00 0.000000000000000000e+00 0.000000000000000000e+00 0.000000000000000000e+00
9.000000000000000000e+03 3.599981385033945713e-02 0.000000000000000000e+00 1.000000000000000000e+00 0.000000000000000000e+00 0.000000000000000000e+00 0.000000000000000000e+00
9.500000000000000000e+03 3.799980350869169854e-02 0.000000000000000000e+00 1.000000000000000000e+00 0.000000000000000000e+00 0.000000000000000000e+00 0.000000000000000000e+00
1.000000000000000000e+04 3.999979316704393995e-02 0.000000000000000000e+00 1.000000000000000000e+00 0.000000000000000000e+00 0.000000000000000000e+00 0.000000000000000000e+00
1.050000000000000000e+04 4.199978282539618135e-02 0.000000000000000000e+00 1.000000000000000000e+00 0.000000000000000000e+00 0.000000000000000000e+00 0.000000000000000000e+00
1.100000000000000000e+04 4.399977248374842276e-02 0.000000000000000000e+00 1.000000000000000000e+00 0.000000000000000000e+00 0.000000000000000000e+00 0.000000000000000000e+00
1.150000000000000000e+04 4.599976214210044212e-02 0.000000000000000000e+00 1.000000000000000000e+00 0.000000000000000000e+00 0.000000000000000000e+00 0.000000000000000000e+00
1.200000000000000000e+04 4.799975180045268353e-02 2.275830678197542133e-04 9.996586253982703285e-01 0.000000000000000000e+00 1.137915339098771066e-04 0.000000000000000000e+00
1.250000000000000000e+04 4.999974145880492493e-02 0.000000000000000000e+00 1.000000000000000000e+00 0.000000000000000000e+00 0.000000000000000000e+00 0.000000000000000000e+00
1.300000000000000000e+04 5.199973111715716634e-02 0.000000000000000000e+00 1.000000000000000000e+00 0.000000000000000000e+00 0.000000000000000000e+00 0.000000000000000000e+00
1.350000000000000000e+04 5.399972077550940774e-02 0.000000000000000000e+00 1.000000000000000000e+00 0.000000000000000000e+00 0.000000000000000000e+00 0.000000000000000000e+00
1.400000000000000000e+04 5.599971043386142711e-02 0.000000000000000000e+00 1.000000000000000000e+00 0.000000000000000000e+00 0.000000000000000000e+00 0.000000000000000000e+00
1.450000000000000000e+04 5.799970009221366851e-02 0.000000000000000000e+00 1.000000000000000000e+00 0.000000000000000000e+00 0.000000000000000000e+00 0.000000000000000000e+00
1.500000000000000000e+04 5.999968975056590992e-02 0.000000000000000000e+00 1.000000000000000000e+00 0.000000000000000000e+00 0.000000000000000000e+00 0.000000000000000000e+00
1.550000000000000000e+04 6.199967940891815132e-02 0.000000000000000000e+00 1.000000000000000000e+00 0.000000000000000000e+00 0.000000000000000000e+00 0.000000000000000000e+00
1.600000000000000000e+04 6.399966906727017069e-02 0.000000000000000000e+00 1.000000000000000000e+00 0.000000000000000000e+00 0.000000000000000000e+00 0.000000000000000000e+00
1.650000000000000000e+04 6.599965872562241209e-02 0.000000000000000000e+00 1.000000000000000000e+00 0.000000000000000000e+00 0.000000000000000000e+00 0.000000000000000000e+00
1.700000000000000000e+04 6.799964838397465350e-02 0.000000000000000000e+00 1.000000000000000000e+00 0.000000000000000000e+00 0.000000000000000000e+00 0.000000000000000000e+00
1.750000000000000000e+04 6.999963804232689490e-02 2.275830678197542133e-04 9.997724169321802190e-01 0.000000000000000000e+00 0.000000000000000000e+00 0.000000000000000000e+00
1.800000000000000000e+04 7.199962770067913631e-02 0.000000000000000000e+00 1.000000000000000000e+00 0.000000000000000000e+00 0.000000000000000000e+00 0.000000000000000000e+00
1.850000000000000000e+04 7.399961735903115567e-02 0.000000000000000000e+00 1.000000000000000000e+00 0.000000000000000000e+00 0.000000000000000000e+00 0.000000000000000000e+00
1.900000000000000000e+04 7.599960701738339708e-02 4.551661356395084266e-04 9.995448338643604380e-01 0.000000000000000000e+00 0.000000000000000000e+00 0.000000000000000000e+00
1.950000000000000000e+04 7.799959667573563848e-02 1.137915339098771066e-04 9.998862084660901095e-01 0.000000000000000000e+00 0.000000000000000000e+00 0.000000000000000000e+00
2.000000000000000000e+04 7.999958633408787989e-02 1.137915339098771066e-04 9.998862084660901095e-01 0.000000000000000000e+00 0.000000000000000000e+00 0.000000000000000000e+00
2.050000000000000000e+04 8.199957599244012130e-02 4.551661356395084266e-04 9.995448338643604380e-01 0.000000000000000000e+00 0.000000000000000000e+00 0.000000000000000000e+00
2.100000000000000000e+04 8.399956565079214066e-02 5.689576695493854790e-04 9.994310423304506585e-01 0.000000000000000000e+00 0.000000000000000000e+00 0.000000000000000000e+00
2.150000000000000000e+04 8.599955530914438206e-02 1.137915339098771066e-04 9.998862084660901095e-01 0.000000000000000000e+00 0.000000000000000000e+00 0.000000000000000000e+00
2.200000000000000000e+04 8.799954496749662347e-02 7.965407373691396923e-04 9.992034592626308775e-01 0.000000000000000000e+00 0.000000000000000000e+00 0.000000000000000000e+00
2.250000000000000000e+04 8.999953462584886488e-02 1.479289940828402332e-03 9.982931269913518646e-01 0.000000000000000000e+00 2.275830678197542133e-04 0.000000000000000000e+00
2.300000000000000000e+04 9.199952428420110628e-02 1.365498406918525280e-03 9.985207100591716456e-01 0.000000000000000000e+00 1.137915339098771066e-04 0.000000000000000000e+00
2.350000000000000000e+04 9.399951394255312564e-02 1.479289940828402332e-03 9.985207100591716456e-01 0.000000000000000000e+00 0.000000000000000000e+00 0.000000000000000000e+00
2.400000000000000000e+04 9.599950360090536705e-02 9.103322712790168532e-04 9.990896677287209870e-01 0.000000000000000000e+00 0.000000000000000000e+00 0.000000000000000000e+00
2.450000000000000000e+04 9.799949325925760846e-02 2.730996813837050560e-03 9.972690031861629611e-01 0.000000000000000000e+00 0.000000000000000000e+00 0.000000000000000000e+00
2.500000000000000000e+04 9.999948291760984986e-02 5.575785161583977738e-03 9.937414656349567998e-01 0.000000000000000000e+00 6.827492034592626399e-04 0.000000000000000000e+00
2.550000000000000000e+04 1.019994725759620913e-01 4.437869822485207214e-03 9.953345471096950448e-01 0.000000000000000000e+00 2.275830678197542133e-04 0.000000000000000000e+00
2.600000000000000000e+04 1.039994622343141106e-01 8.306781975421027864e-03 9.908966772872098705e-01 0.000000000000000000e+00 7.965407373691396923e-04 0.000000000000000000e+00
2.650000000000000000e+04 1.059994518926663520e-01 7.851615839781519654e-03 9.918070095584888834e-01 0.000000000000000000e+00 3.413746017296313199e-04 0.000000000000000000e+00
2.700000000000000000e+04 1.079994415510185934e-01 9.558488848429677609e-03 9.897587619481110766e-01 0.000000000000000000e+00 6.827492034592626399e-04 0.000000000000000000e+00
2.750000000000000000e+04 1.099994312093708348e-01 3.686845698680018407e-02 9.203459262630859783e-01 0.000000000000000000e+00 4.278561675011378906e-02 0.000000000000000000e+00
2.800000000000000000e+04 1.119994208677230763e-01 1.814974965862539702e-01 2.469276285844333174e-01 7.737824305871643035e-03 5.638370505234410190e-01 0.000000000000000000e+00
2.850000000000000000e+04 1.139994105260750956e-01 2.408966772872098427e-01 4.429904415111515781e-01 2.449931725079654010e-01 7.111970869367319203e-02 0.000000000000000000e+00
2.900000000000000000e+04 1.159994001844273370e-01 2.015248065543923661e-01 5.300409649522075384e-01 2.441966317705962786e-01 2.423759672280382388e-02 0.000000000000000000e+00
2.950000000000000000e+04 1.179993898427795784e-01 1.405325443786982209e-01 6.103777878925807920e-01 2.436276741010468816e-01 5.461993627674101119e-03 0.000000000000000000e+00
3.000000000000000000e+04 1.199993795011318198e-01 1.066226672735548497e-01 7.077833409194356218e-01 1.822940373236231204e-01 3.299954483386436255e-03 0.000000000000000000e+00
3.050000000000000000e+04 1.219993691594840612e-01 8.625398270368685172e-02 7.510241238051889034e-01 1.595357305416477134e-01 3.186162949476558769e-03 0.000000000000000000e+00
3.100000000000000000e+04 1.239993588178360806e-01 8.420573509330905870e-02 7.506827492034592320e-01 1.616977696859353553e-01 3.413746017296313308e-03 0.000000000000000000e+00
3.150000000000000000e+04 1.259993484761883220e-01 8.511606736458807165e-02 7.490896677287209870e-01 1.627218934911242587e-01 3.072371415566681717e-03 0.000000000000000000e+00
3.200000000000000000e+04 1.279993381345405634e-01 8.477469276285844180e-02 7.635411925352754148e-01 1.489531178880291185e-01 2.730996813837050560e-03 0.000000000000000000e+00
3.250000000000000000e+04 1.299993277928928048e-01 8.431952662721893532e-02 8.287437414656350088e-01 8.488848429676831842e-02 2.048247610377787811e-03 0.000000000000000000e+00
3.300000000000000000e+04 1.319993174512450462e-01 6.383705052344106068e-02 9.263768775603095085e-01 9.558488848429677609e-03 2.275830678197542133e-04 0.000000000000000000e+00
3.350000000000000000e+04 1.339993071095970656e-01 5.416477014110149951e-02 9.451524806554392200e-01 6.827492034592626399e-04 0.000000000000000000e+00 0.000000000000000000e+00
3.400000000000000000e+04 1.359992967679493070e-01 5.302685480200273332e-02 9.466317705962676854e-01 2.275830678197542133e-04 1.137915339098771066e-04 0.000000000000000000e+00
3.450000000000000000e+04 1.379992864263015484e-01 5.348202093764223980e-02 9.461766044606281234e-01 2.275830678197542133e-04 1.137915339098771066e-04 0.000000000000000000e+00
3.500000000000000000e+04 1.399992760846537898e-01 5.348202093764223980e-02 9.459490213928083424e-01 5.689576695493854790e-04 0.000000000000000000e+00 0.000000000000000000e+00
3.550000000000000000e+04 1.419992657430060312e-01 5.382339553937186966e-02 9.456076467910787819e-01 3.413746017296313199e-04 2.275830678197542133e-04 0.000000000000000000e+00
3.600000000000000000e+04 1.439992554013580506e-01 5.405097860719162289e-02 9.451524806554392200e-01 7.965407373691396923e-04 0.000000000000000000e+00 0.000000000000000000e+00
3.650000000000000000e+04 1.459992450597102920e-01 5.268548020027309653e-02 9.466317705962676854e-01 5.689576695493854790e-04 1.137915339098771066e-04 0.000000000000000000e+00
3.700000000000000000e+04 1.479992347180625334e-01 5.325443786982248656e-02 9.460628129267182329e-01 6.827492034592626399e-04 0.000000000000000000e+00 0.000000000000000000e+00
3.750000000000000000e+04 1.499992243764147748e-01 5.314064633591260994e-02 9.461766044606281234e-01 6.827492034592626399e-04 0.000000000000000000e+00 0.000000000000000000e+00
3.800000000000000000e+04 1.519992140347670162e-01 5.302685480200273332e-02 9.467455621301774649e-01 2.275830678197542133e-04 0.000000000000000000e+00 0.000000000000000000e+00
3.850000000000000000e+04 1.539992036931190356e-01 5.348202093764223980e-02 9.461766044606281234e-01 2.275830678197542133e-04 1.137915339098771066e-04 0.000000000000000000e+00
3.900000000000000000e+04 1.559991933514712770e-01 5.302685480200273332e-02 9.465179790623577949e-01 4.551661356395084266e-04 0.000000000000000000e+00 0.000000000000000000e+00
3.950000000000000000e+04 1.579991830098235184e-01 5.325443786982248656e-02 9.459490213928083424e-01 6.827492034592626399e-04 1.137915339098771066e-04 0.000000000000000000e+00
4.000000000000000000e+04 1.599991726681757598e-01 5.325443786982248656e-02 9.461766044606281234e-01 4.551661356395084266e-04 1.137915339098771066e-04 0.000000000000000000e+00
4.050000000000000000e+04 1.619991623265280012e-01 5.439235320892125969e-02 9.452662721893491105e-01 3.413746017296313199e-04 0.000000000000000000e+00 0.000000000000000000e+00
4.100000000000000000e+04 1.639991519848800205e-01 5.245789713245334329e-02 9.467455621301774649e-01 5.689576695493854790e-04 2.275830678197542133e-04 0.000000000000000000e+00
4.150000000000000000e+04 1.659991416432322620e-01 5.348202093764223980e-02 9.458352298588984519e-01 5.689576695493854790e-04 1.137915339098771066e-04 0.000000000000000000e+00
4.200000000000000000e+04 1.679991313015845034e-01 5.393718707328174627e-02 9.452662721893491105e-01 5.689576695493854790e-04 2.275830678197542133e-04 0.000000000000000000e+00
4.250000000000000000e+04 1.699991209599367448e-01 5.461993627674101293e-02 9.448111060537096595e-01 4.551661356395084266e-04 1.137915339098771066e-04 0.000000000000000000e+00
4.300000000000000000e+04 1.719991106182887641e-01 5.393718707328174627e-02 9.457214383249886724e-01 3.413746017296313199e-04 0.000000000000000000e+00 0.000000000000000000e+00
4.350000000000000000e+04 1.739991002766410055e-01 5.370960400546199304e-02 9.450386891215293295e-01 9.103322712790168532e-04 3.413746017296313199e-04 0.000000000000000000e+00
4.400000000000000000e+04 1.759990899349932469e-01 5.336822940373236318e-02 9.461766044606281234e-01 2.275830678197542133e-04 2.275830678197542133e-04 0.000000000000000000e+00
4.450000000000000000e+04 1.779990795933454883e-01 5.450614474283113631e-02 9.452662721893491105e-01 2.275830678197542133e-04 0.000000000000000000e+00 0.000000000000000000e+00
4.500000000000000000e+04 1.799990692516977298e-01 5.496131087847064278e-02 9.444697314519799880e-01 5.689576695493854790e-04 0.000000000000000000e+00 0.000000000000000000e+00
4.550000000000000000e+04 1.819990589100497491e-01 5.484751934456076616e-02 9.443559399180700975e-01 2.275830678197542133e-04 5.689576695493854790e-04 0.000000000000000000e+00
4.600000000000000000e+04 1.839990485684019905e-01 5.473372781065088954e-02 9.443559399180700975e-01 5.689576695493854790e-04 3.413746017296313199e-04 0.000000000000000000e+00
4.650000000000000000e+04 1.859990382267542319e-01 5.484751934456076616e-02 9.448111060537096595e-01 1.137915339098771066e-04 2.275830678197542133e-04 0.000000000000000000e+00
4.700000000000000000e+04 1.879990278851064733e-01 5.461993627674101293e-02 9.445835229858898785e-01 4.551661356395084266e-04 3.413746017296313199e-04 0.000000000000000000e+00
4.750000000000000000e+04 1.899990175434587147e-01 5.461993627674101293e-02 9.445835229858898785e-01 3.413746017296313199e-04 4.551661356395084266e-04 0.000000000000000000e+00
4.800000000000000000e+04 1.919990072018107341e-01 5.507510241238051940e-02 9.441283568502503165e-01 2.275830678197542133e-04 5.689576695493854790e-04 0.000000000000000000e+00
4.850000000000000000e+04 1.939989968601629755e-01 5.382339553937186966e-02 9.454938552571688914e-01 4.551661356395084266e-04 2.275830678197542133e-04 0.000000000000000000e+00
4.900000000000000000e+04 1.959989865185152169e-01 5.473372781065088954e-02 9.444697314519799880e-01 4.551661356395084266e-04 3.413746017296313199e-04 0.000000000000000000e+00
4.950000000000000000e+04 1.979989761768674583e-01 5.541647701411014926e-02 9.436731907146108655e-01 3.413746017296313199e-04 5.689576695493854790e-04 0.000000000000000000e+00
5.000000000000000000e+04 1.999989658352196997e-01 5.655439235320892238e-02 9.423076923076922906e-01 2.275830678197542133e-04 9.103322712790168532e-04 0.000000000000000000e+00
5.050000000000000000e+04 2.019989554935717191e-01 5.530268548020027264e-02 9.439007737824305355e-01 4.551661356395084266e-04 3.413746017296313199e-04 0.000000000000000000e+00
5.100000000000000000e+04 2.039989451519239605e-01 5.700955848884842886e-02 9.421939007737824001e-01 3.413746017296313199e-04 4.551661356395084266e-04 0.000000000000000000e+00
5.150000000000000000e+04 2.059989348102762019e-01 5.632680928538916915e-02 9.427628584433318526e-01 3.413746017296313199e-04 5.689576695493854790e-04 0.000000000000000000e+00
5.200000000000000000e+04 2.079989244686284433e-01 5.985434683659535821e-02 9.377560309512972259e-01 5.689576695493854790e-04 1.820664542558033706e-03 0.000000000000000000e+00
5.250000000000000000e+04 2.099989141269806847e-01 9.387801547564861293e-02 7.546654528903049552e-01 1.428083750568957533e-01 8.648156577150659455e-03 0.000000000000000000e+00
5.300000000000000000e+04 2.119989037853327041e-01 9.842967683204369156e-02 6.190259444697314706e-01 2.609239872553482109e-01 2.162039144287665124e-02 0.000000000000000000e+00
5.350000000000000000e+04 2.139988934436849455e-01 1.045744196631770567e-01 6.852526172052799680e-01 2.011834319526627224e-01 8.989531178880291046e-03 0.000000000000000000e+00
5.400000000000000000e+04 2.159988831020371869e-01 7.954028220300408958e-02 7.287209831588530307e-01 1.863905325443787064e-01 5.348202093764223633e-03 0.000000000000000000e+00
5.450000000000000000e+04 2.179988727603894283e-01 8.067819754210286964e-02 7.180245789713245452e-01 1.956076467910787542e-01 5.689576695493855224e-03 0.000000000000000000e+00
5.500000000000000000e+04 2.199988624187416697e-01 7.965407373691398007e-02 7.220072826581702685e-01 1.919663177059626746e-01 6.372325898953117539e-03 0.000000000000000000e+00
5.550000000000000000e+04 2.219988520770936891e-01 8.033682294037323979e-02 7.184797451069639962e-01 1.962903959945380139e-01 4.893035958124715423e-03 0.000000000000000000e+00
5.600000000000000000e+04 2.239988417354459305e-01 8.147473827947200598e-02 7.311106053709603980e-01 1.813837050523441075e-01 6.030951297223486815e-03 0.000000000000000000e+00
5.650000000000000000e+04 2.259988313937981719e-01 7.578516158397814728e-02 8.043923532089212181e-01 1.149294492489758707e-01 4.893035958124715423e-03 0.000000000000000000e+00
5.700000000000000000e+04 2.279988210521504133e-01 7.532999544833864081e-02 8.010923987255348377e-01 1.193673190714610866e-01 4.210286754665453109e-03 0.000000000000000000e+00
5.750000000000000000e+04 2.299988107105026547e-01 7.578516158397814728e-02 7.957441966317706505e-01 1.240327719617660418e-01 4.437869822485207214e-03 0.000000000000000000e+00
5.800000000000000000e+04 2.319988003688546740e-01 7.658170232134729749e-02 7.964269458352298825e-01 1.233500227583067821e-01 3.641329085116067413e-03 0.000000000000000000e+00
5.850000000000000000e+04 2.339987900272069155e-01 7.783340919435594030e-02 7.947200728265817471e-01 1.243741465634956717e-01 3.072371415566681717e-03 0.000000000000000000e+00
5.900000000000000000e+04 2.359987796855591569e-01 7.954028220300408958e-02 7.877787892580792040e-01 1.286982248520709970e-01 3.982703686845699004e-03 0.000000000000000000e+00
5.950000000000000000e+04 2.379987693439113983e-01 8.101957214383249950e-02 7.726445152480655443e-01 1.398497951752389612e-01 6.486117432862995025e-03 0.000000000000000000e+00
6.000000000000000000e+04 2.399987590022636397e-01 8.454710969503868856e-02 7.622894856622667303e-01 1.472462448793809831e-01 5.917159763313609329e-03 0.000000000000000000e+00
6.050000000000000000e+04 2.419987486606156590e-01 8.318161128812016913e-02 7.649066909421938787e-01 1.472462448793809831e-01 4.665452890304961318e-03 0.000000000000000000e+00
6.100000000000000000e+04 2.439987383189679004e-01 8.818843878015475424e-02 7.600136549840691425e-01 1.467910787437414766e-01 5.006827492034592909e-03 0.000000000000000000e+00
6.150000000000000000e+04 2.459987279773201418e-01 9.990896677287210148e-02 7.391898042785616241e-01 1.543013199817933612e-01 6.599908966772872511e-03 0.000000000000000000e+00
6.200000000000000000e+04 2.479987176356723833e-01 8.511606736458807165e-02 7.767410104688211581e-01 1.319981793354574329e-01 6.144742831133363434e-03 0.000000000000000000e+00
6.250000000000000000e+04 2.499987072940246247e-01 7.954028220300408958e-02 7.874374146563495325e-01 1.279016841147018746e-01 5.120619025944469528e-03 0.000000000000000000e+00
6.300000000000000000e+04 2.519986969523766440e-01 8.010923987255348655e-02 7.891442876649977789e-01 1.268775603095129711e-01 3.868912152935821518e-03 0.000000000000000000e+00
6.350000000000000000e+04 2.539986866107288854e-01 8.147473827947200598e-02 7.828857532999544677e-01 1.310878470641784199e-01 4.551661356395083832e-03 0.000000000000000000e+00
6.400000000000000000e+04 2.559986762690811268e-01 7.988165680473373331e-02 7.990441511151570309e-01 1.153846153846153910e-01 5.689576695493855224e-03 0.000000000000000000e+00
6.450000000000000000e+04 2.579986659274333682e-01 7.328174783796086167e-02 8.132680928538916776e-01 1.081019572143832458e-01 5.348202093764223633e-03 0.000000000000000000e+00
6.500000000000000000e+04 2.599986555857856096e-01 7.680928538916705073e-02 8.058716431497496835e-01 1.147018661811561174e-01 2.617205279927173507e-03 0.000000000000000000e+00
6.550000000000000000e+04 2.619986452441376290e-01 7.453345471096950448e-02 8.081474738279471604e-01 1.121984524351388318e-01 5.120619025944469528e-03 0.000000000000000000e+00
6.600000000000000000e+04 2.639986349024898704e-01 7.555757851615839404e-02 8.049613108784706705e-01 1.154984069185252676e-01 3.982703686845699004e-03 0.000000000000000000e+00
6.650000000000000000e+04 2.659986245608421118e-01 8.056440600819299303e-02 7.921028675466544877e-01 1.220983158852981393e-01 5.234410559854347014e-03 0.000000000000000000e+00
6.700000000000000000e+04 2.679986142191943532e-01 8.477469276285844180e-02 7.771961766044606090e-01 1.358670914883932657e-01 2.162039144287664864e-03 0.000000000000000000e+00
6.750000000000000000e+04 2.699986038775465946e-01 8.386436049157942885e-02 8.218024578971324656e-01 9.205735093309057315e-02 2.275830678197541916e-03 0.000000000000000000e+00
6.800000000000000000e+04 2.719985935358986140e-01 8.500227583067819503e-02 8.261265361857077494e-01 8.636777423759672834e-02 2.503413746017296455e-03 0.000000000000000000e+00
6.850000000000000000e+04 2.739985831942508554e-01 8.670914883932635819e-02 8.285161583978152278e-01 8.147473827947200598e-02 3.299954483386436255e-03 0.000000000000000000e+00
6.900000000000000000e+04 2.759985728526030968e-01 7.806099226217569353e-02 8.426263086026399840e-01 7.771961766044606368e-02 1.593081474738279385e-03 0.000000000000000000e+00
6.950000000000000000e+04 2.779985625109553382e-01 7.931269913518433634e-02 8.471779699590350488e-01 7.203004096495220498e-02 1.479289940828402332e-03 0.000000000000000000e+00
7.000000000000000000e+04 2.799985521693075796e-01 7.976786527082385669e-02 8.449021392808374609e-01 7.385070550751024476e-02 1.479289940828402332e-03 0.000000000000000000e+00
7.050000000000000000e+04 2.819985418276595990e-01 7.737824305871643382e-02 8.470641784251251583e-01 7.373691397360036814e-02 1.820664542558033706e-03 0.000000000000000000e+00
7.100000000000000000e+04 2.839985314860118404e-01 7.931269913518433634e-02 8.454710969503869133e-01 7.385070550751024476e-02 1.365498406918525280e-03 0.000000000000000000e+00
7.150000000000000000e+04 2.859985211443640818e-01 7.954028220300408958e-02 8.495675921711424161e-01 6.986800182066454923e-02 1.024123805188893906e-03 0.000000000000000000e+00
7.200000000000000000e+04 2.879985108027163232e-01 8.045061447428311641e-02 8.493400091033227461e-01 6.850250341374601593e-02 1.706873008648156654e-03 0.000000000000000000e+00
7.250000000000000000e+04 2.899985004610683426e-01 7.988165680473373331e-02 8.512744651797906625e-01 6.759217114246700298e-02 1.251706873008648227e-03 0.000000000000000000e+00
7.300000000000000000e+04 2.919984901194205840e-01 7.954028220300408958e-02 8.520710059171597850e-01 6.690942193900774326e-02 1.479289940828402332e-03 0.000000000000000000e+00
7.350000000000000000e+04 2.939984797777728254e-01 8.022303140646336317e-02 8.555985434683659463e-01 6.281292671825215723e-02 1.365498406918525280e-03 0.000000000000000000e+00
7.400000000000000000e+04 2.959984694361250668e-01 8.170232134729175921e-02 8.538916704597178109e-01 6.304050978607191047e-02 1.365498406918525280e-03 0.000000000000000000e+00
7.450000000000000000e+04 2.979984590944773082e-01 7.976786527082385669e-02 8.557123350022758368e-01 6.304050978607191047e-02 1.479289940828402332e-03 0.000000000000000000e+00
7.500000000000000000e+04 2.999984487528293275e-01 8.158852981338188259e-02 8.583295402822029851e-01 5.871643149749658508e-02 1.365498406918525280e-03 0.000000000000000000e+00
7.550000000000000000e+04 3.019984384111815690e-01 8.136094674556212936e-02 8.585571233500227661e-01 5.826126536185707860e-02 1.820664542558033706e-03 0.000000000000000000e+00
7.600000000000000000e+04 3.039984280695338104e-01 8.272644515248064878e-02 8.584433318161128756e-01 5.644060081929904577e-02 2.389622212107419402e-03 0.000000000000000000e+00
7.650000000000000000e+04 3.059984177278860518e-01 8.306781975421029252e-02 8.588984979517524376e-01 5.678197542102867562e-02 1.251706873008648227e-03 0.000000000000000000e+00
7.700000000000000000e+04 3.079984073862382932e-01 8.272644515248064878e-02 8.596950386891215601e-01 5.689576695493855224e-02 6.827492034592626399e-04 0.000000000000000000e+00
7.750000000000000000e+04 3.099983970445903125e-01 8.079198907601274626e-02 8.618570778334091465e-01 5.632680928538916915e-02 1.024123805188893906e-03 0.000000000000000000e+00
7.800000000000000000e+04 3.119983867029425539e-01 8.329540282203004575e-02 8.598088302230314506e-01 5.587164314974965573e-02 1.024123805188893906e-03 0.000000000000000000e+00
7.850000000000000000e+04 3.139983763612947953e-01 8.352298588984979899e-02 8.626536185707783799e-01 5.257168866636321991e-02 1.251706873008648227e-03 0.000000000000000000e+00
7.900000000000000000e+04 3.159983660196470368e-01 8.170232134729175921e-02 8.648156577150659663e-01 5.234410559854346667e-02 1.137915339098770958e-03 0.000000000000000000e+00
7.950000000000000000e+04 3.179983556779992782e-01 8.409194355939918208e-02 8.599226217569412301e-01 5.518889394629039602e-02 7.965407373691396923e-04 0.000000000000000000e+00
8.000000000000000000e+04 3.199983453363512975e-01 8.614019116977697510e-02 8.594674556213017791e-01 5.325443786982248656e-02 1.137915339098770958e-03 0.000000000000000000e+00
8.050000000000000000e+04 3.219983349947035389e-01 8.397815202548930547e-02 8.641329085116067343e-01 5.052344105598543383e-02 1.365498406918525280e-03 0.000000000000000000e+00
8.100000000000000000e+04 3.239983246530557803e-01 8.443331816112881194e-02 8.635639508420573929e-01 5.109239872553481693e-02 9.103322712790168532e-04 0.000000000000000000e+00
8.150000000000000000e+04 3.259983143114080217e-01 8.466090122894856518e-02 8.649294492489758568e-01 4.984069185252617412e-02 5.689576695493854790e-04 0.000000000000000000e+00
8.200000000000000000e+04 3.279983039697602631e-01 8.443331816112881194e-02 8.640191169776968438e-01 5.029585798816568060e-02 1.251706873008648227e-03 0.000000000000000000e+00
8.250000000000000000e+04 3.299982936281122825e-01 8.682294037323623481e-02 8.642467000455166248e-01 4.745106964041875125e-02 1.479289940828402332e-03 0.000000000000000000e+00
8.300000000000000000e+04 3.319982832864645239e-01 8.648156577150660496e-02 8.656121984524350887e-01 4.688211197086936816e-02 1.024123805188893906e-03 0.000000000000000000e+00
8.350000000000000000e+04 3.339982729448167653e-01 9.524351388256713236e-02 8.545744196631770428e-01 4.893035958124715423e-02 1.251706873008648227e-03 0.000000000000000000e+00
8.400000000000000000e+04 3.359982626031690067e-01 1.096950386891215323e-01 7.619481110605370588e-01 1.251706873008648080e-01 3.186162949476558769e-03 0.000000000000000000e+00
8.450000000000000000e+04 3.379982522615212481e-01 1.186845698680018268e-01 7.024351388256713236e-01 1.737596722803823324e-01 5.120619025944469528e-03 0.000000000000000000e+00
8.500000000000000000e+04 3.399982419198732675e-01 1.142467000455166110e-01 6.985662266727356018e-01 1.810423304506144637e-01 6.144742831133363434e-03 0.000000000000000000e+00
8.550000000000000000e+04 3.419982315782255089e-01 1.165225307237141572e-01 6.927628584433318526e-01 1.852526172052799402e-01 5.461993627674101119e-03 0.000000000000000000e+00
8.600000000000000000e+04 3.439982212365777503e-01 1.195949021392808398e-01 6.920801092398725096e-01 1.825216203914428736e-01 5.803368229403732710e-03 0.000000000000000000e+00
8.650000000000000000e+04 3.459982108949299917e-01 1.208466090122894826e-01 6.903732362312243742e-01 1.840009103322712836e-01 4.779244424214838804e-03 0.000000000000000000e+00
8.700000000000000000e+04 3.479982005532822331e-01 1.184569868001820597e-01 6.842284934000910646e-01 1.899180700955848955e-01 7.396449704142011444e-03 0.000000000000000000e+00
8.750000000000000000e+04 3.499981902116342525e-01 1.206190259444697294e-01 6.793354574419663283e-01 1.935593991807009473e-01 6.486117432862995025e-03 0.000000000000000000e+00
8.800000000000000000e+04 3.519981798699864939e-01 1.210741920801092358e-01 6.670459717796995980e-01 2.039144287664997612e-01 7.965407373691398007e-03 0.000000000000000000e+00
8.850000000000000000e+04 3.539981695283387353e-01 1.239189804278561652e-01 6.547564861174328676e-01 2.126763768775603025e-01 8.648156577150659455e-03 0.000000000000000000e+00
8.900000000000000000e+04 3.559981591866909767e-01 1.223258989531178925e-01 6.457669549385525176e-01 2.208693673190714746e-01 1.103777878925807886e-02 0.000000000000000000e+00
8.950000000000000000e+04 3.579981488450432181e-01 1.259672280382339582e-01 6.397360036413290985e-01 2.233727810650887602e-01 1.092398725534820224e-02 0.000000000000000000e+00
9.000000000000000000e+04 3.599981385033952375e-01 1.240327719617660418e-01 6.399635867091488795e-01 2.258761948111060458e-01 1.012744651797906244e-02 0.000000000000000000e+00
9.050000000000000000e+04 3.619981281617474789e-01 1.276741010468821214e-01 6.246017296313154388e-01 2.382794720072826666e-01 9.444697314519799256e-03 0.000000000000000000e+00
9.100000000000000000e+04 3.639981178200997203e-01 1.294947655894401473e-01 6.129949931725079404e-01 2.467000455166135642e-01 1.081019572143832562e-02 0.000000000000000000e+00
9.150000000000000000e+04 3.659981074784519617e-01 1.421256258534364936e-01 5.900091033227128356e-01 2.555757851615839682e-01 1.228948566226672687e-02 0.000000000000000000e+00
9.200000000000000000e+04 3.679980971368042031e-01 1.379153390987710448e-01 5.988848429676831842e-01 2.575102412380518846e-01 5.689576695493855224e-03 0.000000000000000000e+00
9.250000000000000000e+04 3.699980867951562225e-01 1.299499317250796537e-01 6.019572143832498945e-01 2.616067364588074429e-01 6.486117432862995025e-03 0.000000000000000000e+00
9.300000000000000000e+04 3.719980764535084639e-01 1.308602639963586667e-01 5.972917614929449392e-01 2.661583978152025631e-01 5.689576695493855224e-03 0.000000000000000000e+00
9.350000000000000000e+04 3.739980661118607053e-01 1.291533909877105035e-01 6.033227127901683584e-01 2.614929449248976079e-01 6.030951297223486815e-03 0.000000000000000000e+00
9.400000000000000000e+04 3.759980557702129467e-01 1.327947200728265831e-01 5.982020937642239522e-01 2.618343195266272239e-01 7.168866636322257339e-03 0.000000000000000000e+00
9.450000000000000000e+04 3.779980454285651881e-01 1.284706417842512438e-01 6.009330905780609910e-01 2.643377332726445372e-01 6.258534365043240920e-03 0.000000000000000000e+00
9.500000000000000000e+04 3.799980350869172074e-01 1.267637687756031084e-01 6.078743741465635342e-01 2.575102412380518846e-01 7.851615839781519654e-03 0.000000000000000000e+00
9.550000000000000000e+04 3.819980247452694488e-01 1.302913063268092975e-01 5.993400091033227461e-01 2.633136094674556338e-01 7.055075102412380721e-03 0.000000000000000000e+00
9.600000000000000000e+04 3.839980144036216902e-01 1.352981338188438687e-01 5.999089667728720876e-01 2.614929449248976079e-01 3.299954483386436255e-03 0.000000000000000000e+00
9.650000000000000000e+04 3.859980040619739317e-01 1.339326354119253493e-01 5.989986345015930747e-01 2.612653618570778269e-01 5.803368229403732710e-03 0.000000000000000000e+00
9.700000000000000000e+04 3.879979937203261731e-01 1.325671370050068298e-01 5.992262175694128556e-01 2.624032771961766208e-01 5.803368229403732710e-03 0.000000000000000000e+00
9.750000000000000000e+04 3.899979833786781924e-01 1.374601729631315383e-01 5.919435593991807520e-01 2.652480655439235502e-01 5.348202093764223633e-03 0.000000000000000000e+00
9.800000000000000000e+04 3.919979730370306559e-01 1.398497951752389612e-01 5.896677287209831642e-01 2.634274010013655243e-01 7.055075102412380721e-03 0.000000000000000000e+00
9.850000000000000000e+04 3.939979626953824532e-01 1.382567137005006885e-01 5.900091033227128356e-01 2.646791078743741532e-01 7.055075102412380721e-03 0.000000000000000000e+00
9.900000000000000000e+04 3.959979523537349166e-01 1.446290395994538069e-01 5.854574419663176599e-01 2.638825671370050308e-01 6.030951297223486815e-03 0.000000000000000000e+00
9.950000000000000000e+04 3.979979420120869360e-01 1.523668639053254448e-01 5.733955393718707105e-01 2.657032316795630567e-01 8.534365043240782836e-03 0.000000000000000000e+00
1.000000000000000000e+05 3.999979316704393995e-01 1.442876649977241632e-01 5.846609012289485374e-01 2.654756486117432757e-01 5.575785161583977738e-03 0.000000000000000000e+00
1.005000000000000000e+05 4.019979213287911968e-01 1.539599453800637174e-01 5.658852981338188259e-01 2.727583067819754348e-01 7.396449704142011444e-03 0.000000000000000000e+00
1.010000000000000000e+05 4.039979109871438823e-01 1.521392808375056915e-01 5.611060537096039802e-01 2.812926718252162228e-01 5.461993627674101119e-03 0.000000000000000000e+00
1.015000000000000000e+05 4.059979006454956796e-01 1.550978607191624836e-01 5.576923076923077094e-01 2.801547564861174289e-01 7.055075102412380721e-03 0.000000000000000000e+00
1.020000000000000000e+05 4.079978903038481430e-01 1.562357760582612776e-01 5.551888939462903405e-01 2.829995448338643582e-01 5.575785161583977738e-03 0.000000000000000000e+00
1.025000000000000000e+05 4.099978799622001624e-01 1.556668183887118806e-01 5.557578516158397930e-01 2.827719617660446327e-01 5.803368229403732710e-03 0.000000000000000000e+00
1.030000000000000000e+05 4.119978696205526258e-01 1.630632680928539024e-01 5.466545289030496635e-01 2.832271279016841392e-01 7.055075102412380721e-03 0.000000000000000000e+00
1.035000000000000000e+05 4.139978592789044232e-01 1.652253072371415443e-01 5.391442876649977789e-01 2.885753299954483264e-01 7.055075102412380721e-03 0.000000000000000000e+00
1.040000000000000000e+05 4.159978489372568866e-01 1.644287664997724219e-01 5.391442876649977789e-01 2.891442876649977234e-01 7.282658170232134826e-03 0.000000000000000000e+00
1.045000000000000000e+05 4.179978385956089060e-01 1.678425125170687204e-01 5.389167045971779979e-01 2.815202548930359483e-01 1.172052799271734204e-02 0.000000000000000000e+00
1.050000000000000000e+05 4.199978282539613694e-01 1.756941283568502488e-01 5.596267637687756258e-01 2.570550751024123781e-01 7.624032771961766417e-03 0.000000000000000000e+00
1.055000000000000000e+05 4.219978179123131667e-01 1.679563040509786109e-01 5.674783796085570708e-01 2.542102867546654488e-01 1.035502958579881741e-02 0.000000000000000000e+00
1.060000000000000000e+05 4.239978075706658522e-01 1.615839781520254925e-01 5.700955848884843302e-01 2.585343650432407880e-01 9.786071916249430847e-03 0.000000000000000000e+00
1.065000000000000000e+05 4.259977972290176496e-01 1.629494765589440120e-01 5.546199362767409990e-01 2.707100591715976279e-01 1.172052799271734204e-02 0.000000000000000000e+00
1.070000000000000000e+05 4.279977868873701130e-01 1.661356395084205850e-01 5.533682294037323146e-01 2.703686845698680119e-01 1.012744651797906244e-02 0.000000000000000000e+00
1.075000000000000000e+05 4.299977765457221324e-01 1.664770141101502010e-01 5.443786982248520756e-01 2.762858443331815961e-01 1.285844333181611343e-02 0.000000000000000000e+00
1.080000000000000000e+05 4.319977662040745958e-01 1.688666363222576239e-01 5.285616750113791840e-01 2.935821574874829532e-01 8.989531178880291046e-03 0.000000000000000000e+00
1.085000000000000000e+05 4.339977558624263931e-01 1.669321802457897075e-01 5.027309968138370389e-01 3.134956759217114031e-01 1.684114701866181243e-02 0.000000000000000000e+00
1.090000000000000000e+05 4.359977455207788566e-01 1.618115612198452458e-01 5.044378698224851743e-01 3.188438780154756458e-01 1.490669094219390124e-02 0.000000000000000000e+00
1.095000000000000000e+05 4.379977351791308759e-01 1.684114701866181174e-01 5.083067819754210070e-01 3.075785161583978189e-01 1.570323167956303931e-02 0.000000000000000000e+00
1.100000000000000000e+05 4.399977248374833394e-01 1.549840691852526209e-01 5.365270823850705195e-01 2.967683204369594985e-01 1.172052799271734204e-02 0.000000000000000000e+00
1.105000000000000000e+05 4.419977144958351367e-01 1.362084660901228816e-01 5.545061447428311086e-01 2.976786527082385114e-01 1.160673645880746542e-02 0.000000000000000000e+00
1.110000000000000000e+05 4.439977041541878222e-01 1.351843422849340060e-01 5.763541192535275304e-01 2.804961310878470448e-01 7.965407373691398007e-03 0.000000000000000000e+00
1.115000000000000000e+05 4.459976938125396195e-01 1.358670914883932657e-01 5.793126991351843502e-01 2.736686390532544477e-01 1.115157032316795548e-02 0.000000000000000000e+00
1.120000000000000000e+05 4.479976834708920830e-01 1.341602184797451025e-01 5.827264451524806210e-01 2.741238051888939542e-01 8.989531178880291046e-03 0.000000000000000000e+00
1.125000000000000000e+05 4.499976731292441023e-01 1.343878015475648557e-01 5.834091943559399640e-01 2.727583067819754348e-01 9.444697314519799256e-03 0.000000000000000000e+00
1.130000000000000000e+05 4.519976627875965658e-01 1.348429676832043622e-01 5.813609467455621571e-01 2.752617205279926926e-01 8.534365043240782836e-03 0.000000000000000000e+00
1.135000000000000000e+05 4.539976524459483631e-01 1.348429676832043622e-01 5.840919435593991960e-01 2.721893491124260378e-01 8.875739644970414427e-03 0.000000000000000000e+00
