# itime ezz other fcc hcp bcc ico
0.000000000000000000e+00 0.000000000000000000e+00 0.000000000000000000e+00 1.000000000000000000e+00 0.000000000000000000e+00 0.000000000000000000e+00 0.000000000000000000e+00
2.500000000000000000e+03 9.999956967640111216e-03 0.000000000000000000e+00 1.000000000000000000e+00 0.000000000000000000e+00 0.000000000000000000e+00 0.000000000000000000e+00
5.000000000000000000e+03 1.999991393528022243e-02 0.000000000000000000e+00 1.000000000000000000e+00 0.000000000000000000e+00 0.000000000000000000e+00 0.000000000000000000e+00
7.500000000000000000e+03 2.999987090292033365e-02 0.000000000000000000e+00 1.000000000000000000e+00 0.000000000000000000e+00 0.000000000000000000e+00 0.000000000000000000e+00
1.000000000000000000e+04 3.999982787056044486e-02 0.000000000000000000e+00 1.000000000000000000e+00 0.000000000000000000e+00 0.000000000000000000e+00 0.000000000000000000e+00
1.250000000000000000e+04 4.999978483820055608e-02 0.000000000000000000e+00 1.000000000000000000e+00 0.000000000000000000e+00 0.000000000000000000e+00 0.000000000000000000e+00
1.500000000000000000e+04 5.999974180584066730e-02 0.000000000000000000e+00 1.000000000000000000e+00 0.000000000000000000e+00 0.000000000000000000e+00 0.000000000000000000e+00
1.750000000000000000e+04 6.999969877348077851e-02 2.275830678197542133e-04 9.997724169321802190e-01 0.000000000000000000e+00 0.000000000000000000e+00 0.000000000000000000e+00
2.000000000000000000e+04 7.999965574112088973e-02 1.137915339098771066e-04 9.998862084660901095e-01 0.000000000000000000e+00 0.000000000000000000e+00 0.000000000000000000e+00
2.250000000000000000e+04 8.999961270876077890e-02 1.479289940828402332e-03 9.982931269913518646e-01 0.000000000000000000e+00 2.275830678197542133e-04 0.000000000000000000e+00
2.500000000000000000e+04 9.999956967640089012e-02 5.575785161583977738e-03 9.937414656349567998e-01 0.000000000000000000e+00 6.827492034592626399e-04 0.000000000000000000e+00
2.750000000000000000e+04 1.099995266440410013e-01 3.686845698680018407e-02 9.203459262630859783e-01 0.000000000000000000e+00 4.278561675011378906e-02 0.000000000000000000e+00
3.000000000000000000e+04 1.199994836116811125e-01 1.066226672735548497e-01 7.077833409194356218e-01 1.822940373236231204e-01 3.299954483386436255e-03 0.000000000000000000e+00
3.250000000000000000e+04 1.299994405793212238e-01 8.431952662721893532e-02 8.287437414656350088e-01 8.488848429676831842e-02 2.048247610377787811e-03 0.000000000000000000e+00
3.500000000000000000e+04 1.399993975469613350e-01 5.348202093764223980e-02 9.459490213928083424e-01 5.689576695493854790e-04 0.000000000000000000e+00 0.000000000000000000e+00
3.750000000000000000e+04 1.499993545146014462e-01 5.314064633591260994e-02 9.461766044606281234e-01 6.827492034592626399e-04 0.000000000000000000e+00 0.000000000000000000e+00
4.000000000000000000e+04 1.599993114822415574e-01 5.325443786982248656e-02 9.461766044606281234e-01 4.551661356395084266e-04 1.137915339098771066e-04 0.000000000000000000e+00
4.250000000000000000e+04 1.699992684498816686e-01 5.461993627674101293e-02 9.448111060537096595e-01 4.551661356395084266e-04 1.137915339098771066e-04 0.000000000000000000e+00
4.500000000000000000e+04 1.799992254175217798e-01 5.496131087847064278e-02 9.444697314519799880e-01 5.689576695493854790e-04 0.000000000000000000e+00 0.000000000000000000e+00
4.750000000000000000e+04 1.899991823851618911e-01 5.461993627674101293e-02 9.445835229858898785e-01 3.413746017296313199e-04 4.551661356395084266e-04 0.000000000000000000e+00
5.000000000000000000e+04 1.999991393528020023e-01 5.655439235320892238e-02 9.423076923076922906e-01 2.275830678197542133e-04 9.103322712790168532e-04 0.000000000000000000e+00
5.250000000000000000e+04 2.099990963204421135e-01 9.387801547564861293e-02 7.546654528903049552e-01 1.428083750568957533e-01 8.648156577150659455e-03 0.000000000000000000e+00
5.500000000000000000e+04 2.199990532880822247e-01 7.965407373691398007e-02 7.220072826581702685e-01 1.919663177059626746e-01 6.372325898953117539e-03 0.000000000000000000e+00
5.750000000000000000e+04 2.299990102557223359e-01 7.578516158397814728e-02 7.957441966317706505e-01 1.240327719617660418e-01 4.437869822485207214e-03 0.000000000000000000e+00
6.000000000000000000e+04 2.399989672233624471e-01 8.454710969503868856e-02 7.622894856622667303e-01 1.472462448793809831e-01 5.917159763313609329e-03 0.000000000000000000e+00
6.250000000000000000e+04 2.499989241910025584e-01 7.954028220300408958e-02 7.874374146563495325e-01 1.279016841147018746e-01 5.120619025944469528e-03 0.000000000000000000e+00
6.500000000000000000e+04 2.599988811586424475e-01 7.680928538916705073e-02 8.058716431497496835e-01 1.147018661811561174e-01 2.617205279927173507e-03 0.000000000000000000e+00
6.750000000000000000e+04 2.699988381262825587e-01 8.386436049157942885e-02 8.218024578971324656e-01 9.205735093309057315e-02 2.275830678197541916e-03 0.000000000000000000e+00
7.000000000000000000e+04 2.799987950939226700e-01 7.976786527082385669e-02 8.449021392808374609e-01 7.385070550751024476e-02 1.479289940828402332e-03 0.000000000000000000e+00
7.250000000000000000e+04 2.899987520615627812e-01 7.988165680473373331e-02 8.512744651797906625e-01 6.759217114246700298e-02 1.251706873008648227e-03 0.000000000000000000e+00
7.500000000000000000e+04 2.999987090292028924e-01 8.158852981338188259e-02 8.583295402822029851e-01 5.871643149749658508e-02 1.365498406918525280e-03 0.000000000000000000e+00
7.750000000000000000e+04 3.099986659968430036e-01 8.079198907601274626e-02 8.618570778334091465e-01 5.632680928538916915e-02 1.024123805188893906e-03 0.000000000000000000e+00
8.000000000000000000e+04 3.199986229644831148e-01 8.614019116977697510e-02 8.594674556213017791e-01 5.325443786982248656e-02 1.137915339098770958e-03 0.000000000000000000e+00
8.250000000000000000e+04 3.299985799321232260e-01 8.682294037323623481e-02 8.642467000455166248e-01 4.745106964041875125e-02 1.479289940828402332e-03 0.000000000000000000e+00
8.500000000000000000e+04 3.399985368997633373e-01 1.142467000455166110e-01 6.985662266727356018e-01 1.810423304506144637e-01 6.144742831133363434e-03 0.000000000000000000e+00
8.750000000000000000e+04 3.499984938674034485e-01 1.206190259444697294e-01 6.793354574419663283e-01 1.935593991807009473e-01 6.486117432862995025e-03 0.000000000000000000e+00
9.000000000000000000e+04 3.599984508350435597e-01 1.240327719617660418e-01 6.399635867091488795e-01 2.258761948111060458e-01 1.012744651797906244e-02 0.000000000000000000e+00
9.250000000000000000e+04 3.699984078026836709e-01 1.299499317250796537e-01 6.019572143832498945e-01 2.616067364588074429e-01 6.486117432862995025e-03 0.000000000000000000e+00
9.500000000000000000e+04 3.799983647703237821e-01 1.267637687756031084e-01 6.078743741465635342e-01 2.575102412380518846e-01 7.851615839781519654e-03 0.000000000000000000e+00
9.750000000000000000e+04 3.899983217379636713e-01 1.374601729631315383e-01 5.919435593991807520e-01 2.652480655439235502e-01 5.348202093764223633e-03 0.000000000000000000e+00
1.000000000000000000e+05 3.999982787056040046e-01 1.442876649977241632e-01 5.846609012289485374e-01 2.654756486117432757e-01 5.575785161583977738e-03 0.000000000000000000e+00
1.025000000000000000e+05 4.099982356732438937e-01 1.556668183887118806e-01 5.557578516158397930e-01 2.827719617660446327e-01 5.803368229403732710e-03 0.000000000000000000e+00
1.050000000000000000e+05 4.199981926408842270e-01 1.756941283568502488e-01 5.596267637687756258e-01 2.570550751024123781e-01 7.624032771961766417e-03 0.000000000000000000e+00
1.075000000000000000e+05 4.299981496085241162e-01 1.664770141101502010e-01 5.443786982248520756e-01 2.762858443331815961e-01 1.285844333181611343e-02 0.000000000000000000e+00
1.100000000000000000e+05 4.399981065761644494e-01 1.549840691852526209e-01 5.365270823850705195e-01 2.967683204369594985e-01 1.172052799271734204e-02 0.000000000000000000e+00
1.125000000000000000e+05 4.499980635438043386e-01 1.343878015475648557e-01 5.834091943559399640e-01 2.727583067819754348e-01 9.444697314519799256e-03 0.000000000000000000e+00
1.150000000000000000e+05 4.599980205114446719e-01 1.401911697769686049e-01 5.855712335002275504e-01 2.651342740100136597e-01 9.103322712790167665e-03 0.000000000000000000e+00
1.175000000000000000e+05 4.699979774790845610e-01 1.486117432862995025e-01 5.818161128812016081e-01 2.571688666363222686e-01 1.240327719617660522e-02 0.000000000000000000e+00
1.200000000000000000e+05 4.799979344467248943e-01 1.814974965862539702e-01 6.564633591260810030e-01 1.499772416932180219e-01 1.206190259444697363e-02 0.000000000000000000e+00
1.225000000000000000e+05 4.899978914143645614e-01 1.746700045516613453e-01 6.549840691852526486e-01 1.640873918980427781e-01 6.258534365043240920e-03 0.000000000000000000e+00
1.250000000000000000e+05 4.999978483820051167e-01 1.796768320436959443e-01 6.533909877105142927e-01 1.601046882111970826e-01 6.827492034592626616e-03 0.000000000000000000e+00
1.275000000000000000e+05 5.099978053496447838e-01 1.779699590350477811e-01 6.812699135184342447e-01 1.314292216659080637e-01 9.330905780609922637e-03 0.000000000000000000e+00
1.300000000000000000e+05 5.199977623172853392e-01 1.851388256713700498e-01 6.711424670004552118e-01 1.345015930814747462e-01 9.217114246700046018e-03 0.000000000000000000e+00
1.325000000000000000e+05 5.299977192849250063e-01 1.676149294492489672e-01 7.155211652253072874e-01 1.099226217569412856e-01 6.941283568502503235e-03 0.000000000000000000e+00
1.350000000000000000e+05 5.399976762525655616e-01 1.416704597177969871e-01 7.514792899408283544e-01 1.017296313154301274e-01 5.120619025944469528e-03 0.000000000000000000e+00
1.375000000000000000e+05 5.499976332202052287e-01 1.431497496586253970e-01 7.401001365498406370e-01 1.109467455621301751e-01 5.803368229403732710e-03 0.000000000000000000e+00
1.400000000000000000e+05 5.599975901878455620e-01 1.490669094219390090e-01 7.308830223031406170e-01 1.174328629949931702e-01 2.617205279927173507e-03 0.000000000000000000e+00
1.425000000000000000e+05 5.699975471554854511e-01 1.457669549385525731e-01 7.205279927173418031e-01 1.277878925807919841e-01 5.917159763313609329e-03 0.000000000000000000e+00
1.450000000000000000e+05 5.799975041231257844e-01 1.523668639053254448e-01 7.137005006827491504e-01 1.300637232589895442e-01 3.868912152935821518e-03 0.000000000000000000e+00
1.475000000000000000e+05 5.899974610907656736e-01 1.521392808375056915e-01 6.776285844333181929e-01 1.637460172963131622e-01 6.486117432862995025e-03 0.000000000000000000e+00
1.500000000000000000e+05 5.999974180584060068e-01 1.597633136094674666e-01 6.687528447883477334e-01 1.672735548475193512e-01 4.210286754665453109e-03 0.000000000000000000e+00
1.525000000000000000e+05 6.099973750260458960e-01 1.609012289485662328e-01 6.561219845243514426e-01 1.772872098315885214e-01 5.689576695493855224e-03 0.000000000000000000e+00
1.550000000000000000e+05 6.199973319936862293e-01 1.712562585343650468e-01 6.247155211652253293e-01 1.977696859353663961e-01 6.258534365043240920e-03 0.000000000000000000e+00
1.575000000000000000e+05 6.299972889613261184e-01 1.726217569412835662e-01 5.941055985434683384e-01 2.245106964041875264e-01 8.761948111060537808e-03 0.000000000000000000e+00
1.600000000000000000e+05 6.399972459289664517e-01 1.755803368229403860e-01 5.855712335002275504e-01 2.308830223031406448e-01 7.965407373691398007e-03 0.000000000000000000e+00
1.625000000000000000e+05 6.499972028966063409e-01 1.809285389167046010e-01 5.992262175694128556e-01 2.097177969959035104e-01 1.012744651797906244e-02 0.000000000000000000e+00
1.650000000000000000e+05 6.599971598642466741e-01 1.186845698680018268e-01 8.241920801092398330e-01 5.325443786982248656e-02 3.868912152935821518e-03 0.000000000000000000e+00
1.675000000000000000e+05 6.699971168318863413e-01 1.168639053254437871e-01 8.324988620846609511e-01 4.733727810650887463e-02 3.299954483386436255e-03 0.000000000000000000e+00
1.700000000000000000e+05 6.799970737995268966e-01 1.148156577150659940e-01 8.426263086026399840e-01 3.925807919890760000e-02 3.299954483386436255e-03 0.000000000000000000e+00
1.725000000000000000e+05 6.899970307671665637e-01 1.153846153846153910e-01 8.479745106964041712e-01 3.516158397815202785e-02 1.479289940828402332e-03 0.000000000000000000e+00
1.750000000000000000e+05 6.999969877348071190e-01 1.154984069185252676e-01 8.513882567137005530e-01 3.004096495220755572e-02 3.072371415566681717e-03 0.000000000000000000e+00
1.775000000000000000e+05 7.099969447024467861e-01 1.218707328174783860e-01 8.357988165680473314e-01 4.119253527537550946e-02 1.137915339098770958e-03 0.000000000000000000e+00
1.800000000000000000e+05 7.199969016700871194e-01 1.235776058261265353e-01 8.369367319071461253e-01 3.925807919890760000e-02 2.275830678197542133e-04 0.000000000000000000e+00
1.825000000000000000e+05 7.299968586377270086e-01 1.222121074192080159e-01 8.434228493400091065e-01 3.345471096950387163e-02 9.103322712790168532e-04 0.000000000000000000e+00
1.850000000000000000e+05 7.399968156053673418e-01 1.213017751479289891e-01 8.479745106964041712e-01 3.004096495220755572e-02 6.827492034592626399e-04 0.000000000000000000e+00
1.875000000000000000e+05 7.499967725730072310e-01 1.219845243513882627e-01 8.482020937642239522e-01 2.867546654528902936e-02 1.137915339098770958e-03 0.000000000000000000e+00
1.900000000000000000e+05 7.599967295406475642e-01 1.260810195721438209e-01 8.410332271279017391e-01 3.197542102867546865e-02 9.103322712790168532e-04 0.000000000000000000e+00
1.925000000000000000e+05 7.699966865082874534e-01 1.258534365043240677e-01 8.327264451524806210e-01 3.823395539371871044e-02 3.186162949476558769e-03 0.000000000000000000e+00
1.950000000000000000e+05 7.799966434759277867e-01 1.281292671825216278e-01 8.270368684569867623e-01 4.107874374146563284e-02 3.755120619025944465e-03 0.000000000000000000e+00
1.975000000000000000e+05 7.899966004435676759e-01 1.306326809285389134e-01 8.125853436504324456e-01 5.154756486117433034e-02 5.234410559854347014e-03 0.000000000000000000e+00
2.000000000000000000e+05 7.999965574112080091e-01 1.209604005461993592e-01 8.406918525261720676e-01 3.766499772416932040e-02 6.827492034592626399e-04 0.000000000000000000e+00
2.025000000000000000e+05 8.099965143788478983e-01 1.195949021392808398e-01 8.379608557123350288e-01 4.176149294492489950e-02 6.827492034592626399e-04 0.000000000000000000e+00
2.050000000000000000e+05 8.199964713464882315e-01 1.186845698680018268e-01 8.381884387801548097e-01 4.187528447883477611e-02 1.251706873008648227e-03 0.000000000000000000e+00
2.075000000000000000e+05 8.299964283141278987e-01 1.207328174783796060e-01 8.385298133818843702e-01 4.005461993627674328e-02 6.827492034592626399e-04 0.000000000000000000e+00
2.100000000000000000e+05 8.399963852817684540e-01 1.206190259444697294e-01 8.372781065088756858e-01 4.130632680928538608e-02 7.965407373691396923e-04 0.000000000000000000e+00
2.125000000000000000e+05 8.499963422494081211e-01 1.216431497496586189e-01 8.375056895766954668e-01 3.948566226672735324e-02 1.365498406918525280e-03 0.000000000000000000e+00
2.150000000000000000e+05 8.599962992170486764e-01 1.235776058261265353e-01 8.324988620846609511e-01 4.176149294492489950e-02 2.162039144287664864e-03 0.000000000000000000e+00
2.175000000000000000e+05 8.699962561846883435e-01 1.255120619025944517e-01 8.343195266272189770e-01 3.903049613108784677e-02 1.137915339098770958e-03 0.000000000000000000e+00
2.200000000000000000e+05 8.799962131523288988e-01 1.522530723714155543e-01 6.564633591260810030e-01 1.869594902139280757e-01 4.324078288575329727e-03 0.000000000000000000e+00
2.225000000000000000e+05 8.899961701199685660e-01 1.384842967683204418e-01 8.225989986345015881e-01 3.698224852071006069e-02 1.934456076467910759e-03 0.000000000000000000e+00
2.250000000000000000e+05 8.999961270876088992e-01 1.028675466545289074e-01 8.953117888029130667e-01 1.593081474738279385e-03 2.275830678197542133e-04 0.000000000000000000e+00
2.275000000000000000e+05 9.099960840552487884e-01 1.027537551206190308e-01 8.959945380063722986e-01 1.137915339098770958e-03 1.137915339098771066e-04 0.000000000000000000e+00
2.300000000000000000e+05 9.199960410228891217e-01 1.038916704597177970e-01 8.949704142011833952e-01 9.103322712790168532e-04 2.275830678197542133e-04 0.000000000000000000e+00
2.325000000000000000e+05 9.299959979905290108e-01 1.037778789258079204e-01 8.948566226672735047e-01 1.251706873008648227e-03 1.137915339098771066e-04 0.000000000000000000e+00
2.350000000000000000e+05 9.399959549581693441e-01 1.028675466545289074e-01 8.962221210741920796e-01 5.689576695493854790e-04 3.413746017296313199e-04 0.000000000000000000e+00
2.375000000000000000e+05 9.499959119258092333e-01 1.036640873918980438e-01 8.951979972690031762e-01 5.689576695493854790e-04 5.689576695493854790e-04 0.000000000000000000e+00
2.400000000000000000e+05 9.599958688934495665e-01 1.038916704597177970e-01 8.942876649977241632e-01 1.137915339098770958e-03 6.827492034592626399e-04 0.000000000000000000e+00
2.425000000000000000e+05 9.699958258610894557e-01 9.899863450159307465e-02 9.005461993627673634e-01 0.000000000000000000e+00 4.551661356395084266e-04 0.000000000000000000e+00
2.450000000000000000e+05 9.799957828287297890e-01 1.027537551206190308e-01 8.918980427856167958e-01 3.868912152935821518e-03 1.479289940828402332e-03 0.000000000000000000e+00
2.475000000000000000e+05 9.899957397963696781e-01 1.302913063268092975e-01 6.008192990441511006e-01 2.603550295857988139e-01 8.534365043240782836e-03 0.000000000000000000e+00
2.500000000000000000e+05 9.999956967640100114e-01 1.489531178880291185e-01 6.280154756486117096e-01 2.193900773782430647e-01 3.641329085116067413e-03 0.000000000000000000e+00
