# itime ezz other fcc hcp bcc ico
0.000000000000000000e+00 0.000000000000000000e+00 0.000000000000000000e+00 1.000000000000000000e+00 0.000000000000000000e+00 0.000000000000000000e+00 0.000000000000000000e+00
2.500000000000000000e+03 1.000003472976196406e-02 0.000000000000000000e+00 1.000000000000000000e+00 0.000000000000000000e+00 0.000000000000000000e+00 0.000000000000000000e+00
5.000000000000000000e+03 2.000006945952415016e-02 0.000000000000000000e+00 1.000000000000000000e+00 0.000000000000000000e+00 0.000000000000000000e+00 0.000000000000000000e+00
7.500000000000000000e+03 3.000010418928611422e-02 0.000000000000000000e+00 1.000000000000000000e+00 0.000000000000000000e+00 0.000000000000000000e+00 0.000000000000000000e+00
1.000000000000000000e+04 4.000013891904807828e-02 0.000000000000000000e+00 1.000000000000000000e+00 0.000000000000000000e+00 0.000000000000000000e+00 0.000000000000000000e+00
1.250000000000000000e+04 5.000017364881026438e-02 0.000000000000000000e+00 1.000000000000000000e+00 0.000000000000000000e+00 0.000000000000000000e+00 0.000000000000000000e+00
1.500000000000000000e+04 6.000020837857222844e-02 0.000000000000000000e+00 1.000000000000000000e+00 0.000000000000000000e+00 0.000000000000000000e+00 0.000000000000000000e+00
1.750000000000000000e+04 7.000024310833441454e-02 3.413746017296313199e-04 9.996586253982703285e-01 0.000000000000000000e+00 0.000000000000000000e+00 0.000000000000000000e+00
2.000000000000000000e+04 8.000027783809637860e-02 1.137915339098771066e-04 9.998862084660901095e-01 0.000000000000000000e+00 0.000000000000000000e+00 0.000000000000000000e+00
2.250000000000000000e+04 9.000031256785834266e-02 7.965407373691396923e-04 9.992034592626308775e-01 0.000000000000000000e+00 0.000000000000000000e+00 0.000000000000000000e+00
2.500000000000000000e+04 1.000003472976205288e-01 2.162039144287664864e-03 9.977241693218024121e-01 0.000000000000000000e+00 1.137915339098771066e-04 0.000000000000000000e+00
2.750000000000000000e+04 1.100003820273824928e-01 1.604460628129267263e-02 9.823623122439690825e-01 0.000000000000000000e+00 1.593081474738279385e-03 0.000000000000000000e+00
3.000000000000000000e+04 1.200004167571444569e-01 7.954028220300408958e-02 7.771961766044606090e-01 1.379153390987710448e-01 5.348202093764223633e-03 0.000000000000000000e+00
3.250000000000000000e+04 1.300004514869066430e-01 2.719617660446062984e-02 8.239644970414201630e-01 1.488393263541192557e-01 0.000000000000000000e+00 0.000000000000000000e+00
3.500000000000000000e+04 1.400004862166686070e-01 2.719617660446062984e-02 8.239644970414201630e-01 1.488393263541192557e-01 0.000000000000000000e+00 0.000000000000000000e+00
3.750000000000000000e+04 1.500005209464305711e-01 2.719617660446062984e-02 8.239644970414201630e-01 1.488393263541192557e-01 0.000000000000000000e+00 0.000000000000000000e+00
4.000000000000000000e+04 1.600005556761927572e-01 2.719617660446062984e-02 8.239644970414201630e-01 1.488393263541192557e-01 0.000000000000000000e+00 0.000000000000000000e+00
4.250000000000000000e+04 1.700005904059547213e-01 2.719617660446062984e-02 8.239644970414201630e-01 1.488393263541192557e-01 0.000000000000000000e+00 0.000000000000000000e+00
4.500000000000000000e+04 1.800006251357166853e-01 2.765134274010013632e-02 8.236231224396904915e-01 1.486117432862995025e-01 1.137915339098771066e-04 0.000000000000000000e+00
4.750000000000000000e+04 1.900006598654788714e-01 2.822030040964952288e-02 8.228265817023213691e-01 1.488393263541192557e-01 1.137915339098771066e-04 0.000000000000000000e+00
5.000000000000000000e+04 2.000006945952408355e-01 3.026854802002730896e-02 8.196404187528447682e-01 1.484979517523896120e-01 1.593081474738279385e-03 0.000000000000000000e+00
5.250000000000000000e+04 2.100007293250030216e-01 4.346836595357305572e-02 7.990441511151570309e-01 1.464497041420118328e-01 1.103777878925807886e-02 0.000000000000000000e+00
5.500000000000000000e+04 2.200007640547649856e-01 1.008192990441511144e-01 7.284934000910332497e-01 1.680700955848884737e-01 2.617205279927173507e-03 0.000000000000000000e+00
5.750000000000000000e+04 2.300007987845269497e-01 9.080564406008193035e-02 7.407828857532999800e-01 1.661356395084205850e-01 2.275830678197541916e-03 0.000000000000000000e+00
6.000000000000000000e+04 2.400008335142891358e-01 9.114701866181156020e-02 7.418070095584888834e-01 1.653390987710514348e-01 1.706873008648156654e-03 0.000000000000000000e+00
6.250000000000000000e+04 2.500008682440510999e-01 9.319526627218935322e-02 7.423759672280382249e-01 1.629494765589440120e-01 1.479289940828402332e-03 0.000000000000000000e+00
6.500000000000000000e+04 2.600009029738130639e-01 9.353664087391898307e-02 7.401001365498406370e-01 1.643149749658625314e-01 2.048247610377787811e-03 0.000000000000000000e+00
6.750000000000000000e+04 2.700009377035752500e-01 1.058261265361857134e-01 7.239417387346381849e-01 1.677287209831588577e-01 2.503413746017296455e-03 0.000000000000000000e+00
7.000000000000000000e+04 2.800009724333372141e-01 1.083295402822029990e-01 7.181383705052344357e-01 1.717114246700045532e-01 1.820664542558033706e-03 0.000000000000000000e+00
7.250000000000000000e+04 2.900010071630991781e-01 1.167501137915339104e-01 7.093764223941738667e-01 1.712562585343650468e-01 2.617205279927173507e-03 0.000000000000000000e+00
7.500000000000000000e+04 3.000010418928613642e-01 1.180018206645425533e-01 6.945835229858898785e-01 1.854802002730996935e-01 1.934456076467910759e-03 0.000000000000000000e+00
7.750000000000000000e+04 3.100010766226233283e-01 1.200500682749203463e-01 6.885525716886663483e-01 1.902594446973145115e-01 1.137915339098770958e-03 0.000000000000000000e+00
8.000000000000000000e+04 3.200011113523852924e-01 1.396222121074192080e-01 6.406463359126081114e-01 2.159763313609467383e-01 3.755120619025944465e-03 0.000000000000000000e+00
8.250000000000000000e+04 3.300011460821474785e-01 1.277878925807919841e-01 6.884387801547564578e-01 1.788802913063268218e-01 4.893035958124715423e-03 0.000000000000000000e+00
8.500000000000000000e+04 3.400011808119094425e-01 1.180018206645425533e-01 6.925352753755120716e-01 1.797906235776058348e-01 9.672280382339554228e-03 0.000000000000000000e+00
8.750000000000000000e+04 3.500012155416716286e-01 1.210741920801092358e-01 6.890077378243059103e-01 1.819526627218935044e-01 7.965407373691398007e-03 0.000000000000000000e+00
9.000000000000000000e+04 3.600012502714335927e-01 1.201638598088302229e-01 6.910559854346836062e-01 1.824078288575330109e-01 6.372325898953117539e-03 0.000000000000000000e+00
9.250000000000000000e+04 3.700012850011955567e-01 1.282430587164314906e-01 6.812699135184342447e-01 1.837733272644515303e-01 6.713700500682749130e-03 0.000000000000000000e+00
9.500000000000000000e+04 3.800013197309577428e-01 1.302913063268092975e-01 6.953800637232590010e-01 1.696631770596267741e-01 4.665452890304961318e-03 0.000000000000000000e+00
9.750000000000000000e+04 3.900013544607199290e-01 1.253982703686845612e-01 7.164314974965863003e-01 1.528220300409649512e-01 5.348202093764223633e-03 0.000000000000000000e+00
1.000000000000000000e+05 4.000013891904816710e-01 1.326809285389166926e-01 7.116522530723714546e-01 1.502048247610377751e-01 5.461993627674101119e-03 0.000000000000000000e+00
1.025000000000000000e+05 4.100014239202436350e-01 1.397360036413290985e-01 7.032316795630405570e-01 1.520254893035958010e-01 5.006827492034592909e-03 0.000000000000000000e+00
1.050000000000000000e+05 4.200014586500058211e-01 1.588529813381884259e-01 7.044833864360491305e-01 1.296085571233500100e-01 7.055075102412380721e-03 0.000000000000000000e+00
1.075000000000000000e+05 4.300014933797680072e-01 1.234638142922166587e-01 7.464724624487938387e-01 1.272189349112426149e-01 2.844788347746927612e-03 0.000000000000000000e+00
1.100000000000000000e+05 4.400015281095299713e-01 1.253982703686845612e-01 7.461310878470641672e-01 1.257396449704142050e-01 2.730996813837050560e-03 0.000000000000000000e+00
1.125000000000000000e+05 4.500015628392917133e-01 1.257396449704142050e-01 7.456759217114247162e-01 1.234638142922166587e-01 5.120619025944469528e-03 0.000000000000000000e+00
1.150000000000000000e+05 4.600015975690538994e-01 1.206190259444697294e-01 7.479517523896221931e-01 1.277878925807919841e-01 3.641329085116067413e-03 0.000000000000000000e+00
1.175000000000000000e+05 4.700016322988160855e-01 1.281292671825216278e-01 7.081247155211651823e-01 1.602184797451069731e-01 3.527537551206190360e-03 0.000000000000000000e+00
1.200000000000000000e+05 4.800016670285780496e-01 1.459945380063723264e-01 6.524806554392352798e-01 1.992489758761948060e-01 2.275830678197541916e-03 0.000000000000000000e+00
1.225000000000000000e+05 4.900017017583400136e-01 1.473600364132908458e-01 6.554392353208920996e-01 1.940145653163404538e-01 3.186162949476558769e-03 0.000000000000000000e+00
1.250000000000000000e+05 5.000017364881021997e-01 1.486117432862995025e-01 6.585116067364588099e-01 1.899180700955848955e-01 2.958579881656804664e-03 0.000000000000000000e+00
1.275000000000000000e+05 5.100017712178643858e-01 1.440600819299044100e-01 6.899180700955849233e-01 1.616977696859353553e-01 4.324078288575329727e-03 0.000000000000000000e+00
1.300000000000000000e+05 5.200018059476263499e-01 1.372325898953117851e-01 6.975421028675466983e-01 1.613563950842057393e-01 3.868912152935821518e-03 0.000000000000000000e+00
1.325000000000000000e+05 5.300018406773880919e-01 1.376877560309512916e-01 7.147246244879380539e-01 1.432635411925352875e-01 4.324078288575329727e-03 0.000000000000000000e+00
1.350000000000000000e+05 5.400018754071502780e-01 1.389394629039599482e-01 7.099453800637232082e-01 1.478152025489303523e-01 3.299954483386436255e-03 0.000000000000000000e+00
1.375000000000000000e+05 5.500019101369124641e-01 1.420118343195266308e-01 7.018661811561219821e-01 1.540737369139736079e-01 2.048247610377787811e-03 0.000000000000000000e+00
1.400000000000000000e+05 5.600019448666744282e-01 1.351843422849340060e-01 7.155211652253072874e-01 1.450842057350933134e-01 4.210286754665453109e-03 0.000000000000000000e+00
1.425000000000000000e+05 5.700019795964363922e-01 1.335912608101957333e-01 6.978834774692762588e-01 1.671597633136094607e-01 1.365498406918525280e-03 0.000000000000000000e+00
1.450000000000000000e+05 5.800020143261985783e-01 1.345015930814747462e-01 6.960628129267182329e-01 1.676149294492489672e-01 1.820664542558033706e-03 0.000000000000000000e+00
1.475000000000000000e+05 5.900020490559607644e-01 1.356395084205735124e-01 6.941283568502503165e-01 1.684114701866181174e-01 1.820664542558033706e-03 0.000000000000000000e+00
1.500000000000000000e+05 6.000020837857225064e-01 1.358670914883932657e-01 6.948111060537096595e-01 1.672735548475193512e-01 2.048247610377787811e-03 0.000000000000000000e+00
1.525000000000000000e+05 6.100021185154844705e-01 1.400773782430587144e-01 6.893491124260354708e-01 1.681838871187983642e-01 2.389622212107419402e-03 0.000000000000000000e+00
1.550000000000000000e+05 6.200021532452466566e-01 1.418980427856167403e-01 6.875284478834774449e-01 1.676149294492489672e-01 2.958579881656804664e-03 0.000000000000000000e+00
1.575000000000000000e+05 6.300021879750088427e-01 1.571461083295402905e-01 6.469048702776513116e-01 1.936731907146108378e-01 2.275830678197541916e-03 0.000000000000000000e+00
1.600000000000000000e+05 6.400022227047708068e-01 1.510013654984069253e-01 6.784251251706873154e-01 1.669321802457897075e-01 3.641329085116067413e-03 0.000000000000000000e+00
1.625000000000000000e+05 6.500022574345327708e-01 1.525944469731451980e-01 6.677287209831588299e-01 1.760355029585798925e-01 3.641329085116067413e-03 0.000000000000000000e+00
1.650000000000000000e+05 6.600022921642949569e-01 1.527082385070550885e-01 6.686390532544378429e-01 1.748975876194810986e-01 3.755120619025944465e-03 0.000000000000000000e+00
1.675000000000000000e+05 6.700023268940571430e-01 1.512289485662266786e-01 6.672735548475193790e-01 1.776285844333181652e-01 3.868912152935821518e-03 0.000000000000000000e+00
1.700000000000000000e+05 6.800023616238188851e-01 1.498634501593081592e-01 6.670459717796995980e-01 1.799044151115156975e-01 3.186162949476558769e-03 0.000000000000000000e+00
1.725000000000000000e+05 6.900023963535808491e-01 1.515703231679562946e-01 6.602184797451069453e-01 1.854802002730996935e-01 2.730996813837050560e-03 0.000000000000000000e+00
1.750000000000000000e+05 7.000024310833430352e-01 1.679563040509786109e-01 6.525944469731451703e-01 1.741010468821119761e-01 5.348202093764223633e-03 0.000000000000000000e+00
1.775000000000000000e+05 7.100024658131052213e-01 1.771734182976786587e-01 6.387118798361401950e-01 1.810423304506144637e-01 3.072371415566681717e-03 0.000000000000000000e+00
1.800000000000000000e+05 7.200025005428671854e-01 1.871870732817478289e-01 6.241465634956758768e-01 1.828629949931725174e-01 5.803368229403732710e-03 0.000000000000000000e+00
1.825000000000000000e+05 7.300025352726289274e-01 1.926490669094219343e-01 6.178880291306326766e-01 1.843422849340008995e-01 5.120619025944469528e-03 0.000000000000000000e+00
1.850000000000000000e+05 7.400025700023911135e-01 1.945835229858898507e-01 6.194811106053709215e-01 1.821802457897132577e-01 3.755120619025944465e-03 0.000000000000000000e+00
1.875000000000000000e+05 7.500026047321535216e-01 1.951524806554392477e-01 6.149294492489758568e-01 1.854802002730996935e-01 4.437869822485207214e-03 0.000000000000000000e+00
1.900000000000000000e+05 7.600026394619152637e-01 1.794492489758761911e-01 6.474738279472007640e-01 1.702321347291761433e-01 2.844788347746927612e-03 0.000000000000000000e+00
1.925000000000000000e+05 7.700026741916772277e-01 1.844560764679107900e-01 6.338188438780154588e-01 1.784251251706872876e-01 3.299954483386436255e-03 0.000000000000000000e+00
1.950000000000000000e+05 7.800027089214394138e-01 1.828629949931725174e-01 6.544151115157031962e-01 1.605598543468365891e-01 2.162039144287664864e-03 0.000000000000000000e+00
1.975000000000000000e+05 7.900027436512015999e-01 1.844560764679107900e-01 6.469048702776513116e-01 1.648839326354119283e-01 3.755120619025944465e-03 0.000000000000000000e+00
2.000000000000000000e+05 8.000027783809635640e-01 1.840009103322712836e-01 6.461083295402821891e-01 1.664770141101502010e-01 3.413746017296313308e-03 0.000000000000000000e+00
2.025000000000000000e+05 8.100028131107253060e-01 1.928766499772416876e-01 6.230086481565771939e-01 1.797906235776058348e-01 4.324078288575329727e-03 0.000000000000000000e+00
2.050000000000000000e+05 8.200028478404874921e-01 1.866181156121984597e-01 6.258534365043241232e-01 1.829767865270823801e-01 4.551661356395083832e-03 0.000000000000000000e+00
2.075000000000000000e+05 8.300028825702496782e-01 1.997041420118343125e-01 5.861401911697770029e-01 2.089212562585343602e-01 5.234410559854347014e-03 0.000000000000000000e+00
2.100000000000000000e+05 8.400029173000116423e-01 2.061902594446973214e-01 5.778334091943558848e-01 2.105143377332726329e-01 5.461993627674101119e-03 0.000000000000000000e+00
2.125000000000000000e+05 8.500029520297736063e-01 1.934456076467910846e-01 6.220983158852981809e-01 1.789940828402366846e-01 5.461993627674101119e-03 0.000000000000000000e+00
2.150000000000000000e+05 8.600029867595357924e-01 1.936731907146108378e-01 6.207328174783796060e-01 1.792216659080564378e-01 6.372325898953117539e-03 0.000000000000000000e+00
2.175000000000000000e+05 8.700030214892979785e-01 1.923076923076923184e-01 6.244879380974055483e-01 1.777423759672280279e-01 5.461993627674101119e-03 0.000000000000000000e+00
2.200000000000000000e+05 8.800030562190597205e-01 1.859353664087392000e-01 6.581702321347291385e-01 1.510013654984069253e-01 4.893035958124715423e-03 0.000000000000000000e+00
2.225000000000000000e+05 8.900030909488216846e-01 1.910559854346836617e-01 6.480427856167501055e-01 1.537323623122439642e-01 7.168866636322257339e-03 0.000000000000000000e+00
2.250000000000000000e+05 9.000031256785838707e-01 1.932180245789713313e-01 6.497496586253982409e-01 1.511151570323167881e-01 5.917159763313609329e-03 0.000000000000000000e+00
2.275000000000000000e+05 9.100031604083460568e-01 2.044833864360491582e-01 6.255120619025944517e-01 1.632908511606736557e-01 6.713700500682749130e-03 0.000000000000000000e+00
2.300000000000000000e+05 9.200031951381080209e-01 1.974283113336367801e-01 6.384842967683204140e-01 1.606736458807464796e-01 3.413746017296313308e-03 0.000000000000000000e+00
2.325000000000000000e+05 9.300032298678699849e-01 1.903732362312244020e-01 6.449704142011833952e-01 1.606736458807464796e-01 3.982703686845699004e-03 0.000000000000000000e+00
2.350000000000000000e+05 9.400032645976321710e-01 1.913973600364132777e-01 6.420118343195265753e-01 1.626081019572143960e-01 3.982703686845699004e-03 0.000000000000000000e+00
2.375000000000000000e+05 9.500032993273943571e-01 1.973145197997268896e-01 6.302913063268092975e-01 1.673873463814292140e-01 5.006827492034592909e-03 0.000000000000000000e+00
2.400000000000000000e+05 9.600033340571560991e-01 2.077833409194355940e-01 6.158397815202548697e-01 1.741010468821119761e-01 2.275830678197541916e-03 0.000000000000000000e+00
2.425000000000000000e+05 9.700033687869180632e-01 2.190487027765134209e-01 6.000227583067819781e-01 1.751251706873008518e-01 5.803368229403732710e-03 0.000000000000000000e+00
2.450000000000000000e+05 9.800034035166802493e-01 2.432862994993172379e-01 5.760127446517978589e-01 1.761492944924897552e-01 4.551661356395083832e-03 0.000000000000000000e+00
2.475000000000000000e+05 9.900034382464424354e-01 2.469276285844333174e-01 5.892125625853436022e-01 1.605598543468365891e-01 3.299954483386436255e-03 0.000000000000000000e+00
2.500000000000000000e+05 1.000003472976204399e+00 2.448793809740555383e-01 5.921711424670004220e-01 1.578288575329995502e-01 5.120619025944469528e-03 0.000000000000000000e+00
