# itime ezz other fcc hcp bcc ico
0.000000000000000000e+00 0.000000000000000000e+00 0.000000000000000000e+00 1.000000000000000000e+00 0.000000000000000000e+00 0.000000000000000000e+00 0.000000000000000000e+00
2.500000000000000000e+03 1.000000156185354427e-02 0.000000000000000000e+00 1.000000000000000000e+00 0.000000000000000000e+00 0.000000000000000000e+00 0.000000000000000000e+00
5.000000000000000000e+03 2.000000312370686650e-02 0.000000000000000000e+00 1.000000000000000000e+00 0.000000000000000000e+00 0.000000000000000000e+00 0.000000000000000000e+00
7.500000000000000000e+03 3.000000468556041078e-02 0.000000000000000000e+00 1.000000000000000000e+00 0.000000000000000000e+00 0.000000000000000000e+00 0.000000000000000000e+00
1.000000000000000000e+04 4.000000624741395505e-02 0.000000000000000000e+00 1.000000000000000000e+00 0.000000000000000000e+00 0.000000000000000000e+00 0.000000000000000000e+00
1.250000000000000000e+04 5.000000780926749933e-02 0.000000000000000000e+00 1.000000000000000000e+00 0.000000000000000000e+00 0.000000000000000000e+00 0.000000000000000000e+00
1.500000000000000000e+04 6.000000937112082156e-02 0.000000000000000000e+00 1.000000000000000000e+00 0.000000000000000000e+00 0.000000000000000000e+00 0.000000000000000000e+00
1.750000000000000000e+04 7.000001093297436583e-02 3.413746017296313199e-04 9.996586253982703285e-01 0.000000000000000000e+00 0.000000000000000000e+00 0.000000000000000000e+00
2.000000000000000000e+04 8.000001249482791010e-02 1.137915339098771066e-04 9.998862084660901095e-01 0.000000000000000000e+00 0.000000000000000000e+00 0.000000000000000000e+00
2.250000000000000000e+04 9.000001405668145438e-02 6.827492034592626399e-04 9.993172507965407680e-01 0.000000000000000000e+00 0.000000000000000000e+00 0.000000000000000000e+00
2.500000000000000000e+04 1.000000156185347766e-01 4.210286754665453109e-03 9.956759217114247162e-01 0.000000000000000000e+00 1.137915339098771066e-04 0.000000000000000000e+00
2.750000000000000000e+04 1.100000171803883209e-01 1.696631770596267741e-01 2.869822485207100815e-01 0.000000000000000000e+00 5.433545744196631722e-01 0.000000000000000000e+00
3.000000000000000000e+04 1.200000187422418652e-01 9.740555302685480199e-02 7.693445607646790529e-01 1.290395994538006408e-01 4.210286754665453109e-03 0.000000000000000000e+00
3.250000000000000000e+04 1.300000203040954094e-01 8.818843878015475424e-02 6.869594902139281034e-01 2.175694128356850388e-01 7.282658170232134826e-03 0.000000000000000000e+00
3.500000000000000000e+04 1.400000218659487317e-01 9.012289485662267063e-02 6.836595357305416121e-01 2.179107874374146547e-01 8.306781975421027864e-03 0.000000000000000000e+00
3.750000000000000000e+04 1.500000234278022759e-01 7.862994993172507663e-02 6.450842057350932857e-01 2.728720983158853253e-01 3.413746017296313308e-03 0.000000000000000000e+00
4.000000000000000000e+04 1.600000249896558202e-01 7.919890760127445972e-02 6.415566681838871244e-01 2.753755120619025831e-01 3.868912152935821518e-03 0.000000000000000000e+00
4.250000000000000000e+04 1.700000265515093645e-01 8.443331816112881194e-02 6.355257168866635942e-01 2.765134274010013771e-01 3.527537551206190360e-03 0.000000000000000000e+00
4.500000000000000000e+04 1.800000281133626867e-01 9.501593081474737912e-02 6.318843878015475424e-01 2.693445607646791085e-01 3.755120619025944465e-03 0.000000000000000000e+00
4.750000000000000000e+04 1.900000296752162310e-01 8.124715521165225274e-02 6.054847519344560558e-01 3.115612198452434867e-01 1.706873008648156654e-03 0.000000000000000000e+00
5.000000000000000000e+04 2.000000312370697753e-01 7.954028220300408958e-02 6.083295402822029851e-01 3.104233045061447482e-01 1.706873008648156654e-03 0.000000000000000000e+00
5.250000000000000000e+04 2.100000327989233195e-01 7.862994993172507663e-02 6.100364132908511205e-01 3.103095129722348577e-01 1.024123805188893906e-03 0.000000000000000000e+00
5.500000000000000000e+04 2.200000343607766418e-01 7.840236686390532339e-02 6.126536185707783799e-01 3.081474738279472159e-01 7.965407373691396923e-04 0.000000000000000000e+00
5.750000000000000000e+04 2.300000359226301860e-01 8.045061447428311641e-02 6.144742831133364058e-01 3.042785616750113831e-01 7.965407373691396923e-04 0.000000000000000000e+00
6.000000000000000000e+04 2.400000374844837303e-01 7.988165680473373331e-02 6.151570323167956378e-01 3.042785616750113831e-01 6.827492034592626399e-04 0.000000000000000000e+00
6.250000000000000000e+04 2.500000390463370525e-01 8.056440600819299303e-02 6.159535730541647602e-01 3.023441055985434667e-01 1.137915339098770958e-03 0.000000000000000000e+00
6.500000000000000000e+04 2.600000406081905968e-01 1.081019572143832458e-01 6.271051433773326966e-01 2.620619025944469493e-01 2.730996813837050560e-03 0.000000000000000000e+00
6.750000000000000000e+04 2.700000421700441411e-01 1.088984979517523960e-01 6.375739644970414011e-01 2.515930814747383004e-01 1.934456076467910759e-03 0.000000000000000000e+00
7.000000000000000000e+04 2.800000437318976854e-01 1.210741920801092358e-01 6.508875739644970349e-01 2.255348202093764298e-01 2.503413746017296455e-03 0.000000000000000000e+00
7.250000000000000000e+04 2.900000452937510076e-01 1.151570323167956239e-01 6.183431952662722386e-01 2.646791078743741532e-01 1.820664542558033706e-03 0.000000000000000000e+00
7.500000000000000000e+04 3.000000468556045519e-01 1.190259444697314567e-01 6.198224852071005930e-01 2.589895311788802945e-01 2.162039144287664864e-03 0.000000000000000000e+00
7.750000000000000000e+04 3.100000484174580961e-01 1.018434228493400040e-01 7.299726900318616041e-01 1.647701411015020379e-01 3.413746017296313308e-03 0.000000000000000000e+00
8.000000000000000000e+04 3.200000499793116404e-01 1.025261720527992776e-01 7.341829767865271084e-01 1.605598543468365891e-01 2.730996813837050560e-03 0.000000000000000000e+00
8.250000000000000000e+04 3.300000515411649626e-01 1.236913973600364119e-01 6.709148839326354308e-01 2.031178880291306388e-01 2.275830678197541916e-03 0.000000000000000000e+00
8.500000000000000000e+04 3.400000531030185069e-01 1.230086481565771522e-01 6.731907146108329076e-01 2.009558488848429691e-01 2.844788347746927612e-03 0.000000000000000000e+00
8.750000000000000000e+04 3.500000546648720512e-01 1.234638142922166587e-01 6.601046882111970548e-01 2.125625853436504398e-01 3.868912152935821518e-03 0.000000000000000000e+00
9.000000000000000000e+04 3.600000562267255955e-01 1.214155666818388657e-01 8.064406008192990249e-01 6.599908966772871644e-02 6.144742831133363434e-03 0.000000000000000000e+00
9.250000000000000000e+04 3.700000577885789177e-01 1.133363677742375980e-01 8.237369139736003820e-01 5.746472462448793533e-02 5.461993627674101119e-03 0.000000000000000000e+00
9.500000000000000000e+04 3.800000593504324620e-01 1.198224852071005930e-01 7.002730996813837372e-01 1.746700045516613453e-01 5.234410559854347014e-03 0.000000000000000000e+00
9.750000000000000000e+04 3.900000609122857842e-01 1.263086026399635742e-01 7.510241238051889034e-01 1.200500682749203463e-01 2.617205279927173507e-03 0.000000000000000000e+00
1.000000000000000000e+05 4.000000624741395505e-01 1.168639053254437871e-01 8.247610377787892855e-01 5.735093309057805872e-02 1.024123805188893906e-03 0.000000000000000000e+00
1.025000000000000000e+05 4.100000640359930948e-01 1.132225762403277214e-01 8.394401456531633832e-01 4.619936276741010150e-02 1.137915339098770958e-03 0.000000000000000000e+00
1.050000000000000000e+05 4.200000655978464170e-01 1.135639508420573512e-01 8.433090578060992160e-01 4.198907601274465273e-02 1.137915339098770958e-03 0.000000000000000000e+00
1.075000000000000000e+05 4.300000671596997392e-01 9.979517523896222486e-02 8.665225307237141017e-01 3.265817023213472836e-02 1.024123805188893906e-03 0.000000000000000000e+00
1.100000000000000000e+05 4.400000687215535056e-01 1.036640873918980438e-01 8.641329085116067343e-01 3.174783796085571541e-02 4.551661356395084266e-04 0.000000000000000000e+00
1.125000000000000000e+05 4.500000702834070498e-01 1.028675466545289074e-01 8.683431952662722386e-01 2.765134274010013632e-02 1.137915339098770958e-03 0.000000000000000000e+00
1.150000000000000000e+05 4.600000718452603721e-01 1.068502503413746030e-01 8.644742831133364058e-01 2.696859353664087314e-02 1.706873008648156654e-03 0.000000000000000000e+00
1.175000000000000000e+05 4.700000734071136943e-01 1.275603095129722309e-01 7.454483386436049352e-01 1.227810650887573990e-01 4.210286754665453109e-03 0.000000000000000000e+00
1.200000000000000000e+05 4.800000749689672386e-01 1.315430131998179264e-01 7.036868456986800080e-01 1.597633136094674666e-01 5.006827492034592909e-03 0.000000000000000000e+00
1.225000000000000000e+05 4.900000765308210049e-01 1.264223941738734647e-01 8.106508875739645292e-01 5.746472462448793533e-02 5.461993627674101119e-03 0.000000000000000000e+00
1.250000000000000000e+05 5.000000780926743271e-01 9.501593081474737912e-02 8.882567137005006330e-01 1.319981793354574502e-02 3.527537551206190360e-03 0.000000000000000000e+00
1.275000000000000000e+05 5.100000796545276494e-01 9.751934456076467861e-02 8.816568047337277614e-01 1.649977241693217911e-02 4.324078288575329727e-03 0.000000000000000000e+00
1.300000000000000000e+05 5.200000812163811936e-01 9.877105143377332142e-02 8.835912608101956778e-01 1.558944014565316269e-02 2.048247610377787811e-03 0.000000000000000000e+00
1.325000000000000000e+05 5.300000827782349599e-01 1.010468821119708677e-01 8.832498862084661173e-01 1.422394173873463806e-02 1.479289940828402332e-03 0.000000000000000000e+00
1.350000000000000000e+05 5.400000843400882822e-01 1.013882567137004975e-01 8.821119708693673234e-01 1.570323167956303931e-02 7.965407373691396923e-04 0.000000000000000000e+00
1.375000000000000000e+05 5.500000859019416044e-01 1.022985889849795244e-01 8.802913063268092975e-01 1.706873008648156567e-02 3.413746017296313199e-04 0.000000000000000000e+00
1.400000000000000000e+05 5.600000874637951487e-01 1.026399635867091542e-01 8.810878470641784199e-01 1.536185707783340945e-02 9.103322712790168532e-04 0.000000000000000000e+00
1.425000000000000000e+05 5.700000890256489150e-01 1.012744651797906209e-01 8.788120163859808320e-01 1.843422849340009204e-02 1.479289940828402332e-03 0.000000000000000000e+00
1.450000000000000000e+05 5.800000905875022372e-01 1.052571688666363164e-01 8.707328174783796060e-01 2.241693218024579104e-02 1.593081474738279385e-03 0.000000000000000000e+00
1.475000000000000000e+05 5.900000921493555595e-01 1.070778334091943562e-01 8.654984069185253093e-01 2.548930359581247015e-02 1.934456076467910759e-03 0.000000000000000000e+00
1.500000000000000000e+05 6.000000937112091037e-01 1.102639963586709154e-01 8.611743286299499145e-01 2.651342740100136666e-02 2.048247610377787811e-03 0.000000000000000000e+00
1.525000000000000000e+05 6.100000952730628700e-01 1.128812016385980915e-01 8.581019572143832042e-01 2.742375967228038308e-02 1.593081474738279385e-03 0.000000000000000000e+00
1.550000000000000000e+05 6.200000968349161923e-01 1.370050068274920319e-01 7.653618570778334407e-01 9.217114246700044977e-02 5.461993627674101119e-03 0.000000000000000000e+00
1.575000000000000000e+05 6.300000983967695145e-01 1.397360036413290985e-01 7.636549840691853053e-01 9.501593081474737912e-02 1.593081474738279385e-03 0.000000000000000000e+00
1.600000000000000000e+05 6.400000999586230588e-01 1.407601274465179741e-01 7.605826126536185949e-01 9.638142922166591242e-02 2.275830678197541916e-03 0.000000000000000000e+00
1.625000000000000000e+05 6.500001015204768251e-01 1.406463359126081114e-01 7.608101957214383759e-01 9.604005461993628257e-02 2.503413746017296455e-03 0.000000000000000000e+00
1.650000000000000000e+05 6.600001030823301473e-01 1.392808375056895642e-01 7.415794264906691025e-01 1.156121984524351443e-01 3.527537551206190360e-03 0.000000000000000000e+00
1.675000000000000000e+05 6.700001046441836916e-01 1.525944469731451980e-01 7.382794720072826111e-01 1.054847519344560697e-01 3.641329085116067413e-03 0.000000000000000000e+00
1.700000000000000000e+05 6.800001062060370138e-01 1.586253982703686727e-01 7.858443331816112876e-01 5.166135639508420696e-02 3.868912152935821518e-03 0.000000000000000000e+00
1.725000000000000000e+05 6.900001077678907802e-01 1.323395539371870766e-01 8.502503413746017591e-01 1.661356395084205573e-02 7.965407373691396923e-04 0.000000000000000000e+00
1.750000000000000000e+05 7.000001093297441024e-01 1.284706417842512438e-01 8.551433773327264953e-01 1.547564861174328607e-02 9.103322712790168532e-04 0.000000000000000000e+00
1.775000000000000000e+05 7.100001108915974246e-01 1.279016841147018746e-01 8.584433318161128756e-01 1.240327719617660522e-02 1.251706873008648227e-03 0.000000000000000000e+00
1.800000000000000000e+05 7.200001124534509689e-01 1.267637687756031084e-01 8.583295402822029851e-01 1.285844333181611343e-02 2.048247610377787811e-03 0.000000000000000000e+00
1.825000000000000000e+05 7.300001140153047352e-01 1.276741010468821214e-01 8.592398725534819981e-01 1.172052799271734204e-02 1.365498406918525280e-03 0.000000000000000000e+00
1.850000000000000000e+05 7.400001155771580574e-01 1.334774692762858428e-01 8.396677287209831642e-01 2.309968138370505075e-02 3.755120619025944465e-03 0.000000000000000000e+00
1.875000000000000000e+05 7.500001171390113797e-01 1.416704597177969871e-01 8.063268092853891345e-01 4.870277651342740100e-02 3.299954483386436255e-03 0.000000000000000000e+00
1.900000000000000000e+05 7.600001187008649239e-01 1.384842967683204418e-01 8.096267637687756258e-01 4.824761037778789452e-02 3.641329085116067413e-03 0.000000000000000000e+00
1.925000000000000000e+05 7.700001202627186903e-01 1.415566681838871244e-01 8.007510241238051663e-01 5.314064633591260994e-02 4.551661356395083832e-03 0.000000000000000000e+00
1.950000000000000000e+05 7.800001218245720125e-01 1.520254893035958010e-01 7.895994538006372299e-01 5.530268548020027264e-02 3.072371415566681717e-03 0.000000000000000000e+00
1.975000000000000000e+05 7.900001233864253347e-01 1.399635867091488517e-01 8.429676832043695445e-01 1.502048247610377786e-02 2.048247610377787811e-03 0.000000000000000000e+00
2.000000000000000000e+05 8.000001249482788790e-01 1.400773782430587144e-01 8.384160218479744797e-01 1.945835229858898507e-02 2.048247610377787811e-03 0.000000000000000000e+00
2.025000000000000000e+05 8.100001265101326453e-01 1.399635867091488517e-01 8.338643604915794150e-01 2.332726445152480746e-02 2.844788347746927612e-03 0.000000000000000000e+00
2.050000000000000000e+05 8.200001280719859675e-01 1.479289940828402428e-01 8.082612653618570508e-01 4.062357760582612637e-02 3.186162949476558769e-03 0.000000000000000000e+00
2.075000000000000000e+05 8.300001296338392898e-01 1.588529813381884259e-01 7.304278561675011661e-01 1.079881656804733692e-01 2.730996813837050560e-03 0.000000000000000000e+00
2.100000000000000000e+05 8.400001311956928340e-01 1.519116977696859383e-01 7.598998634501593630e-01 8.557123350022757813e-02 2.617205279927173507e-03 0.000000000000000000e+00
2.125000000000000000e+05 8.500001327575466004e-01 1.374601729631315383e-01 8.441055985434683384e-01 1.684114701866181243e-02 1.593081474738279385e-03 0.000000000000000000e+00
2.150000000000000000e+05 8.600001343193999226e-01 1.366636322257624159e-01 8.409194355939918486e-01 1.991351843422849502e-02 2.503413746017296455e-03 0.000000000000000000e+00
2.175000000000000000e+05 8.700001358812532448e-01 1.366636322257624159e-01 8.410332271279017391e-01 2.002730996813837164e-02 2.275830678197541916e-03 0.000000000000000000e+00
2.200000000000000000e+05 8.800001374431067891e-01 1.373463814292216756e-01 8.460400546199362548e-01 1.547564861174328607e-02 1.137915339098770958e-03 0.000000000000000000e+00
2.225000000000000000e+05 8.900001390049605554e-01 1.281292671825216278e-01 8.534365043240782489e-01 1.775147928994082885e-02 6.827492034592626399e-04 0.000000000000000000e+00
2.250000000000000000e+05 9.000001405668138776e-01 1.348429676832043622e-01 8.370505234410560158e-01 2.503413746017296368e-02 3.072371415566681717e-03 0.000000000000000000e+00
2.275000000000000000e+05 9.100001421286671999e-01 1.368912152935821691e-01 8.089440145653163938e-01 5.302685480200273332e-02 1.137915339098770958e-03 0.000000000000000000e+00
2.300000000000000000e+05 9.200001436905207441e-01 1.376877560309512916e-01 8.065543923532089154e-01 5.416477014110149951e-02 1.593081474738279385e-03 0.000000000000000000e+00
2.325000000000000000e+05 9.300001452523742884e-01 1.400773782430587144e-01 8.064406008192990249e-01 5.188893946290396020e-02 1.593081474738279385e-03 0.000000000000000000e+00
2.350000000000000000e+05 9.400001468142278327e-01 1.384842967683204418e-01 8.070095584888484774e-01 5.257168866636321991e-02 1.934456076467910759e-03 0.000000000000000000e+00
2.375000000000000000e+05 9.500001483760811549e-01 1.436049157942649035e-01 7.996131087847063723e-01 5.461993627674101293e-02 2.162039144287664864e-03 0.000000000000000000e+00
2.400000000000000000e+05 9.600001499379346992e-01 1.664770141101502010e-01 6.570323167956304555e-01 1.698907601274465273e-01 6.599908966772872511e-03 0.000000000000000000e+00
2.425000000000000000e+05 9.700001514997882435e-01 1.594219390077378229e-01 6.715976331360946627e-01 1.654528903049612976e-01 3.527537551206190360e-03 0.000000000000000000e+00
2.450000000000000000e+05 9.800001530616415657e-01 1.628356850250341492e-01 6.471324533454710926e-01 1.855939918070095562e-01 4.437869822485207214e-03 0.000000000000000000e+00
2.475000000000000000e+05 9.900001546234951100e-01 1.655666818388711881e-01 6.322257624032772139e-01 1.964041875284478766e-01 5.803368229403732710e-03 0.000000000000000000e+00
2.500000000000000000e+05 1.000000156185348654e+00 1.491807009558488717e-01 7.594446973145198010e-01 8.579881656804733137e-02 5.575785161583977738e-03 0.000000000000000000e+00
