# itime ezz other fcc hcp bcc ico
0.000000000000000000e+00 0.000000000000000000e+00 1.706873008648156654e-03 9.982931269913518646e-01 0.000000000000000000e+00 0.000000000000000000e+00 0.000000000000000000e+00
8.000000000000000000e+03 1.999973042168257109e-03 1.820664542558033706e-03 9.981793354574419741e-01 0.000000000000000000e+00 0.000000000000000000e+00 0.000000000000000000e+00
1.600000000000000000e+04 3.999946084336736263e-03 1.024123805188893906e-03 9.989758761948110966e-01 0.000000000000000000e+00 0.000000000000000000e+00 0.000000000000000000e+00
2.400000000000000000e+04 5.999919126504993372e-03 2.048247610377787811e-03 9.979517523896221931e-01 0.000000000000000000e+00 0.000000000000000000e+00 0.000000000000000000e+00
3.200000000000000000e+04 7.999892168673472526e-03 3.413746017296313199e-04 9.996586253982703285e-01 0.000000000000000000e+00 0.000000000000000000e+00 0.000000000000000000e+00
4.000000000000000000e+04 9.999865210841729635e-03 2.389622212107419402e-03 9.976103777878926326e-01 0.000000000000000000e+00 0.000000000000000000e+00 0.000000000000000000e+00
4.800000000000000000e+04 1.199983825300998674e-02 3.527537551206190360e-03 9.964724624487938387e-01 0.000000000000000000e+00 0.000000000000000000e+00 0.000000000000000000e+00
5.600000000000000000e+04 1.399981129517846590e-02 2.617205279927173507e-03 9.973827947200728516e-01 0.000000000000000000e+00 0.000000000000000000e+00 0.000000000000000000e+00
6.400000000000000000e+04 1.599978433734672301e-02 9.103322712790168532e-04 9.989758761948110966e-01 0.000000000000000000e+00 1.137915339098771066e-04 0.000000000000000000e+00
7.200000000000000000e+04 1.799975737951498012e-02 7.965407373691396923e-04 9.992034592626308775e-01 0.000000000000000000e+00 0.000000000000000000e+00 0.000000000000000000e+00
8.000000000000000000e+04 1.999973042168345927e-02 2.730996813837050560e-03 9.970414201183431802e-01 0.000000000000000000e+00 2.275830678197542133e-04 0.000000000000000000e+00
8.800000000000000000e+04 2.199970346385171638e-02 2.275830678197541916e-03 9.976103777878926326e-01 0.000000000000000000e+00 1.137915339098771066e-04 0.000000000000000000e+00
9.600000000000000000e+04 2.399967650602019553e-02 3.299954483386436255e-03 9.967000455166135087e-01 0.000000000000000000e+00 0.000000000000000000e+00 0.000000000000000000e+00
1.040000000000000000e+05 2.599964954818845264e-02 1.820664542558033706e-03 9.981793354574419741e-01 0.000000000000000000e+00 0.000000000000000000e+00 0.000000000000000000e+00
1.120000000000000000e+05 2.799962259035670975e-02 3.186162949476558769e-03 9.968138370505233992e-01 0.000000000000000000e+00 0.000000000000000000e+00 0.000000000000000000e+00
1.200000000000000000e+05 2.999959563252518890e-02 4.551661356395083832e-03 9.952207555757851543e-01 0.000000000000000000e+00 2.275830678197542133e-04 0.000000000000000000e+00
1.280000000000000000e+05 3.199956867469344601e-02 6.941283568502503235e-03 9.929449248975875664e-01 0.000000000000000000e+00 1.137915339098771066e-04 0.000000000000000000e+00
1.360000000000000000e+05 3.399954171686192517e-02 5.461993627674101119e-03 9.943104233045061413e-01 0.000000000000000000e+00 2.275830678197542133e-04 0.000000000000000000e+00
1.440000000000000000e+05 3.599951475903018228e-02 5.917159763313609329e-03 9.938552571688666903e-01 0.000000000000000000e+00 2.275830678197542133e-04 0.000000000000000000e+00
1.520000000000000000e+05 3.799948780119843939e-02 7.510241238051888930e-03 9.923759672280382249e-01 0.000000000000000000e+00 1.137915339098771066e-04 0.000000000000000000e+00
1.600000000000000000e+05 3.999946084336691854e-02 6.030951297223486815e-03 9.935138825671370189e-01 0.000000000000000000e+00 4.551661356395084266e-04 0.000000000000000000e+00
1.680000000000000000e+05 4.199943388553517565e-02 6.258534365043240920e-03 9.935138825671370189e-01 0.000000000000000000e+00 2.275830678197542133e-04 0.000000000000000000e+00
1.760000000000000000e+05 4.399940692770343276e-02 9.217114246700046018e-03 9.901001365498406370e-01 0.000000000000000000e+00 6.827492034592626399e-04 0.000000000000000000e+00
1.840000000000000000e+05 4.599937996987191191e-02 1.172052799271734204e-02 9.878243058716431602e-01 0.000000000000000000e+00 4.551661356395084266e-04 0.000000000000000000e+00
1.920000000000000000e+05 4.799935301204016902e-02 1.115157032316795548e-02 9.881656804733728316e-01 0.000000000000000000e+00 6.827492034592626399e-04 0.000000000000000000e+00
2.000000000000000000e+05 4.999932605420864817e-02 1.297223486572599005e-02 9.865725989986344757e-01 0.000000000000000000e+00 4.551661356395084266e-04 0.000000000000000000e+00
2.080000000000000000e+05 5.199929909637690528e-02 1.695493855257168905e-02 9.823623122439690825e-01 0.000000000000000000e+00 6.827492034592626399e-04 0.000000000000000000e+00
2.160000000000000000e+05 5.399927213854516239e-02 2.116522530723714129e-02 9.782658170232134687e-01 0.000000000000000000e+00 5.689576695493854790e-04 0.000000000000000000e+00
2.240000000000000000e+05 5.599924518071364155e-02 1.695493855257168905e-02 9.820209376422394110e-01 0.000000000000000000e+00 1.024123805188893906e-03 0.000000000000000000e+00
2.320000000000000000e+05 5.799921822288189865e-02 2.401001365498407064e-02 9.751934456076467583e-01 0.000000000000000000e+00 7.965407373691396923e-04 0.000000000000000000e+00
2.400000000000000000e+05 5.999919126505037781e-02 3.083750568957669552e-02 9.672280382339554228e-01 0.000000000000000000e+00 1.934456076467910759e-03 0.000000000000000000e+00
2.480000000000000000e+05 6.199916430721863492e-02 3.493400091033227461e-02 9.633591260810195900e-01 0.000000000000000000e+00 1.706873008648156654e-03 0.000000000000000000e+00
2.560000000000000000e+05 6.399913734938689203e-02 3.060992262175694228e-02 9.682521620391443262e-01 0.000000000000000000e+00 1.137915339098770958e-03 0.000000000000000000e+00
2.640000000000000000e+05 6.599911039155537118e-02 3.914428766499772339e-02 9.571005917159762788e-01 0.000000000000000000e+00 3.755120619025944465e-03 0.000000000000000000e+00
2.720000000000000000e+05 6.799908343372362829e-02 4.358215748748293233e-02 9.524351388256713236e-01 0.000000000000000000e+00 3.982703686845699004e-03 0.000000000000000000e+00
2.800000000000000000e+05 6.999905647589188540e-02 5.234410559854346667e-02 9.429904415111515226e-01 0.000000000000000000e+00 4.665452890304961318e-03 0.000000000000000000e+00
2.880000000000000000e+05 7.199902951806036455e-02 5.780609922621757213e-02 9.382111970869366768e-01 0.000000000000000000e+00 3.982703686845699004e-03 0.000000000000000000e+00
2.960000000000000000e+05 7.399900256022862166e-02 7.589895311788802390e-02 9.153390987710514626e-01 0.000000000000000000e+00 8.761948111060537808e-03 0.000000000000000000e+00
3.040000000000000000e+05 7.599897560239710081e-02 6.144742831133363781e-02 9.328629949931724896e-01 0.000000000000000000e+00 5.689576695493855224e-03 0.000000000000000000e+00
3.120000000000000000e+05 7.799894864456535792e-02 9.262630860263997012e-02 8.940600819299043822e-01 0.000000000000000000e+00 1.331360946745562164e-02 0.000000000000000000e+00
3.200000000000000000e+05 7.999892168673361503e-02 1.057123350022758368e-01 8.810878470641784199e-01 0.000000000000000000e+00 1.319981793354574502e-02 0.000000000000000000e+00
3.280000000000000000e+05 8.199889472890209419e-02 6.144742831133363781e-02 6.808147473827946827e-01 2.374829312699135164e-01 2.025489303595812488e-02 0.000000000000000000e+00
3.360000000000000000e+05 8.399886777107035130e-02 5.905780609922621494e-02 6.840009103322712836e-01 2.395311788802912956e-01 1.741010468821119553e-02 0.000000000000000000e+00
3.440000000000000000e+05 8.599884081323883045e-02 5.257168866636321991e-02 6.895766954938552518e-01 2.422621756941283622e-01 1.558944014565316269e-02 0.000000000000000000e+00
3.520000000000000000e+05 8.799881385540708756e-02 6.201638598088302090e-02 6.827492034592625991e-01 2.398725534820209393e-01 1.536185707783340945e-02 0.000000000000000000e+00
3.600000000000000000e+05 8.999878689757534467e-02 7.237141556668183484e-02 6.736458807464724696e-01 2.416932180245789652e-01 1.228948566226672687e-02 0.000000000000000000e+00
3.680000000000000000e+05 9.199875993974382382e-02 7.214383249886208160e-02 6.739872553482021411e-01 2.387346381429221731e-01 1.513427401001365448e-02 0.000000000000000000e+00
3.760000000000000000e+05 9.399873298191208093e-02 7.931269913518433634e-02 6.667045971779699265e-01 2.363450159308147502e-01 1.763768775603095224e-02 0.000000000000000000e+00
3.840000000000000000e+05 9.599870602408033804e-02 9.080564406008193035e-02 6.569185252617205650e-01 2.374829312699135164e-01 1.479289940828402289e-02 0.000000000000000000e+00
3.920000000000000000e+05 9.799867906624881719e-02 1.050295857988165632e-01 6.415566681838871244e-01 2.323623122439690547e-01 2.105143377332726468e-02 0.000000000000000000e+00
4.000000000000000000e+05 9.999865210841707430e-02 1.026399635867091542e-01 6.425807919890760278e-01 2.375967228038234069e-01 1.718252162039144229e-02 0.000000000000000000e+00
4.080000000000000000e+05 1.019986251505855535e-01 1.060537096040054666e-01 6.399635867091488795e-01 2.311106053709603980e-01 2.287209831588529751e-02 0.000000000000000000e+00
4.160000000000000000e+05 1.039985981927538106e-01 1.181156121984524299e-01 6.292671825216203940e-01 2.313381884387801513e-01 2.127901684114701791e-02 0.000000000000000000e+00
4.240000000000000000e+05 1.059985712349220677e-01 1.294947655894401473e-01 6.117432862994993670e-01 2.275830678197542090e-01 3.117888029130632538e-02 0.000000000000000000e+00
4.320000000000000000e+05 1.079985442770905468e-01 1.616977696859353553e-01 5.720300409649522466e-01 2.201866181156121871e-01 4.608557123350022489e-02 0.000000000000000000e+00
4.400000000000000000e+05 1.099985173192588039e-01 2.251934456076467861e-01 4.209148839326354308e-01 1.943559399180700975e-01 1.595357305416477134e-01 0.000000000000000000e+00
4.480000000000000000e+05 1.119984903614272831e-01 1.169776968593536637e-01 5.434683659535730627e-01 3.208921256258534527e-01 1.866181156121984527e-02 0.000000000000000000e+00
4.560000000000000000e+05 1.139984634035955402e-01 1.156121984524351443e-01 5.440373236231224041e-01 3.216886663632225751e-01 1.866181156121984527e-02 0.000000000000000000e+00
4.640000000000000000e+05 1.159984364457637973e-01 1.161811561219845274e-01 5.441511151570322946e-01 3.212335002275830687e-01 1.843422849340009204e-02 0.000000000000000000e+00
4.720000000000000000e+05 1.179984094879322765e-01 1.181156121984524299e-01 5.409649522075558048e-01 3.208921256258534527e-01 2.002730996813837164e-02 0.000000000000000000e+00
4.800000000000000000e+05 1.199983825301005336e-01 1.274465179790623681e-01 5.364132908511606290e-01 3.154301319981793195e-01 2.071005917159763482e-02 0.000000000000000000e+00
4.880000000000000000e+05 1.219983555722687907e-01 1.223258989531178925e-01 5.368684569868001910e-01 3.197542102867546587e-01 2.105143377332726468e-02 0.000000000000000000e+00
4.960000000000000000e+05 1.239983286144372698e-01 1.240327719617660418e-01 5.389167045971779979e-01 3.170232134729176199e-01 2.002730996813837164e-02 0.000000000000000000e+00
5.040000000000000000e+05 1.259983016566055269e-01 1.235776058261265353e-01 5.364132908511606290e-01 3.194128356850250428e-01 2.059626763768775473e-02 0.000000000000000000e+00
5.120000000000000000e+05 1.279982746987740061e-01 1.299499317250796537e-01 5.317478379608556738e-01 3.138370505234410746e-01 2.446517979062357712e-02 0.000000000000000000e+00
5.200000000000000000e+05 1.299982477409422632e-01 1.292671825216203940e-01 5.298133818843877574e-01 3.132680928538916776e-01 2.765134274010013632e-02 0.000000000000000000e+00
5.280000000000000000e+05 1.319982207831105203e-01 1.378015475648611821e-01 5.283340919435594030e-01 3.117888029130632677e-01 2.207555757851615771e-02 0.000000000000000000e+00
5.360000000000000000e+05 1.339981938252789995e-01 1.405325443786982209e-01 5.236686390532544477e-01 3.114474283113336517e-01 2.435138825671370050e-02 0.000000000000000000e+00
5.440000000000000000e+05 1.359981668674472566e-01 1.479289940828402428e-01 5.218479745106964218e-01 3.086026399635867223e-01 2.162039144287665124e-02 0.000000000000000000e+00
5.520000000000000000e+05 1.379981399096157357e-01 1.495220755575785154e-01 5.278789258079198410e-01 3.020027309968138507e-01 2.059626763768775473e-02 0.000000000000000000e+00
5.600000000000000000e+05 1.399981129517839928e-01 1.521392808375056915e-01 5.277651342740100615e-01 2.975648611743286209e-01 2.253072371415566766e-02 0.000000000000000000e+00
5.680000000000000000e+05 1.419980859939522500e-01 9.877105143377332142e-02 6.069640418752845212e-01 2.870960400546199165e-01 7.168866636322257339e-03 0.000000000000000000e+00
5.760000000000000000e+05 1.439980590361207291e-01 8.852981338188438409e-02 6.104915794264906825e-01 2.943786982248520756e-01 6.599908966772872511e-03 0.000000000000000000e+00
5.840000000000000000e+05 1.459980320782889862e-01 8.909877105143376719e-02 6.091260810195721076e-01 2.965407373691397175e-01 5.234410559854347014e-03 0.000000000000000000e+00
5.920000000000000000e+05 1.479980051204572433e-01 8.648156577150660496e-02 6.181156121984524576e-01 2.901684114701866268e-01 5.234410559854347014e-03 0.000000000000000000e+00
6.000000000000000000e+05 1.499979781626257225e-01 6.326809285389166371e-02 6.408739189804278924e-01 2.918752844788347622e-01 3.982703686845699004e-03 0.000000000000000000e+00
6.080000000000000000e+05 1.519979512047939796e-01 4.710969503868912139e-02 6.627218934911243142e-01 2.881201638598088199e-01 2.048247610377787811e-03 0.000000000000000000e+00
6.160000000000000000e+05 1.539979242469624587e-01 4.460628129267182190e-02 6.651115157032316816e-01 2.883477469276286009e-01 1.934456076467910759e-03 0.000000000000000000e+00
6.240000000000000000e+05 1.559978972891307158e-01 4.767865270823850449e-02 6.635184342284934367e-01 2.865270823850705750e-01 2.275830678197541916e-03 0.000000000000000000e+00
6.320000000000000000e+05 1.579978703312989730e-01 4.984069185252617412e-02 6.607874374146563978e-01 2.874374146563495880e-01 1.934456076467910759e-03 0.000000000000000000e+00
6.400000000000000000e+05 1.599978433734674521e-01 5.154756486117433034e-02 6.604460628129267263e-01 2.860719162494310686e-01 1.934456076467910759e-03 0.000000000000000000e+00
6.480000000000000000e+05 1.619978164156357092e-01 5.211652253072371344e-02 6.591943559399180419e-01 2.866408739189804100e-01 2.048247610377787811e-03 0.000000000000000000e+00
6.560000000000000000e+05 1.639977894578041884e-01 5.928538916704597511e-02 6.547564861174328676e-01 2.833409194355939742e-01 2.617205279927173507e-03 0.000000000000000000e+00
6.640000000000000000e+05 1.659977624999724455e-01 6.224396904870277414e-02 6.562357760582612221e-01 2.796995903504779224e-01 1.820664542558033706e-03 0.000000000000000000e+00
6.720000000000000000e+05 1.679977355421407026e-01 6.429221665908056715e-02 6.504324078288575839e-01 2.823167956304050707e-01 2.958579881656804664e-03 0.000000000000000000e+00
6.800000000000000000e+05 1.699977085843091817e-01 7.077833409194356218e-02 6.532771961766045132e-01 2.737824305871643382e-01 2.162039144287664864e-03 0.000000000000000000e+00
6.880000000000000000e+05 1.719976816264774389e-01 6.884387801547564578e-02 6.561219845243514426e-01 2.726445152480655443e-01 2.389622212107419402e-03 0.000000000000000000e+00
6.960000000000000000e+05 1.739976546686456960e-01 6.998179335457442585e-02 6.566909421939007840e-01 2.707100591715976279e-01 2.617205279927173507e-03 0.000000000000000000e+00
7.040000000000000000e+05 1.759976277108141751e-01 7.077833409194356218e-02 6.560081929904415521e-01 2.703686845698680119e-01 2.844788347746927612e-03 0.000000000000000000e+00
7.120000000000000000e+05 1.779976007529824322e-01 8.147473827947200598e-02 6.486117432862994470e-01 2.667273554847519601e-01 3.186162949476558769e-03 0.000000000000000000e+00
7.200000000000000000e+05 1.799975737951509114e-01 7.794720072826581692e-02 6.544151115157031962e-01 2.653618570778333852e-01 2.275830678197541916e-03 0.000000000000000000e+00
7.280000000000000000e+05 1.819975468373191685e-01 9.046426945835230049e-02 6.431497496586253693e-01 2.629722348657259623e-01 3.413746017296313308e-03 0.000000000000000000e+00
7.360000000000000000e+05 1.839975198794874256e-01 8.852981338188438409e-02 6.464497041420118606e-01 2.618343195266272239e-01 3.186162949476558769e-03 0.000000000000000000e+00
7.440000000000000000e+05 1.859974929216559048e-01 8.636777423759672834e-02 6.711424670004552118e-01 2.342967683204369711e-01 8.192990441511151245e-03 0.000000000000000000e+00
7.520000000000000000e+05 1.879974659638241619e-01 8.693673190714611143e-02 6.731907146108329076e-01 2.321347291761493015e-01 7.737824305871643035e-03 0.000000000000000000e+00
7.600000000000000000e+05 1.899974390059926410e-01 8.830223031406463086e-02 6.676149294492489394e-01 2.360036413290851065e-01 8.079198907601274626e-03 0.000000000000000000e+00
7.680000000000000000e+05 1.919974120481608981e-01 8.852981338188438409e-02 6.708010923987255403e-01 2.338416021847974646e-01 6.827492034592626616e-03 0.000000000000000000e+00
7.760000000000000000e+05 1.939973850903291552e-01 8.818843878015475424e-02 6.682976786527082824e-01 2.348657259899863403e-01 8.648156577150659455e-03 0.000000000000000000e+00
7.840000000000000000e+05 1.959973581324976344e-01 8.887118798361401395e-02 6.657942649066909135e-01 2.372553482020937632e-01 8.079198907601274626e-03 0.000000000000000000e+00
7.920000000000000000e+05 1.979973311746658915e-01 9.751934456076467861e-02 6.632908511606736557e-01 2.314519799726900418e-01 7.737824305871643035e-03 0.000000000000000000e+00
8.000000000000000000e+05 1.999973042168341486e-01 9.182976786527081992e-02 6.635184342284934367e-01 2.346381429221665871e-01 1.001365498406918582e-02 0.000000000000000000e+00
8.080000000000000000e+05 2.019972772590026278e-01 1.140191169776968577e-01 6.227810650887574129e-01 2.534137460172963263e-01 9.786071916249430847e-03 0.000000000000000000e+00
8.160000000000000000e+05 2.039972503011708849e-01 1.232362312243969055e-01 5.725989986345015881e-01 2.911925352753755303e-01 1.297223486572599005e-02 0.000000000000000000e+00
8.240000000000000000e+05 2.059972233433393640e-01 1.347291761492944995e-01 5.559854346836595740e-01 2.946062812926718011e-01 1.467910787437414627e-02 0.000000000000000000e+00
8.320000000000000000e+05 2.079971963855076211e-01 1.214155666818388657e-01 5.461993627674101015e-01 3.147473827947200875e-01 1.763768775603095224e-02 0.000000000000000000e+00
8.400000000000000000e+05 2.099971694276758782e-01 1.298361401911697632e-01 5.397132453345471204e-01 3.166818388711880039e-01 1.376877560309512985e-02 0.000000000000000000e+00
8.480000000000000000e+05 2.119971424698443574e-01 1.235776058261265353e-01 5.427856167501138307e-01 3.186162949476559203e-01 1.502048247610377786e-02 0.000000000000000000e+00
8.560000000000000000e+05 2.139971155120126145e-01 1.346153846153846090e-01 5.317478379608556738e-01 3.167956304050978389e-01 1.684114701866181243e-02 0.000000000000000000e+00
8.640000000000000000e+05 2.159970885541810937e-01 1.352981338188438687e-01 5.319754210286754548e-01 3.147473827947200875e-01 1.797906235776058209e-02 0.000000000000000000e+00
8.720000000000000000e+05 2.179970615963493508e-01 1.321119708693673234e-01 5.343650432407829332e-01 3.132680928538916776e-01 2.025489303595812488e-02 0.000000000000000000e+00
8.800000000000000000e+05 2.199970346385176079e-01 1.359808830223031284e-01 5.287892580791988539e-01 3.131543013199817871e-01 2.207555757851615771e-02 0.000000000000000000e+00
8.880000000000000000e+05 2.219970076806860870e-01 1.399635867091488517e-01 5.187756030951297115e-01 3.233955393718707105e-01 1.786527082385070547e-02 0.000000000000000000e+00
8.960000000000000000e+05 2.239969807228543441e-01 1.391670459717797015e-01 5.159308147473827821e-01 3.232817478379608755e-01 2.162039144287665124e-02 0.000000000000000000e+00
9.040000000000000000e+05 2.259969537650226012e-01 1.431497496586253970e-01 5.084205735093308975e-01 3.212335002275830687e-01 2.719617660446062984e-02 0.000000000000000000e+00
9.120000000000000000e+05 2.279969268071910804e-01 1.463359126081019701e-01 5.063723258989530907e-01 3.262403277196176399e-01 2.105143377332726468e-02 0.000000000000000000e+00
9.200000000000000000e+05 2.299968998493593375e-01 1.569185252617205373e-01 5.108101957214383759e-01 3.137232589895311841e-01 1.854802002730996865e-02 0.000000000000000000e+00
9.280000000000000000e+05 2.319968728915278167e-01 1.550978607191624836e-01 5.085343650432407880e-01 3.174783796085571264e-01 1.888939462903959851e-02 0.000000000000000000e+00
9.360000000000000000e+05 2.339968459336960738e-01 1.591943559399180697e-01 5.061447428311333097e-01 3.134956759217114031e-01 2.116522530723714129e-02 0.000000000000000000e+00
9.440000000000000000e+05 2.359968189758643309e-01 1.642011834319526686e-01 4.990896677287209870e-01 3.180473372781065233e-01 1.866181156121984527e-02 0.000000000000000000e+00
9.520000000000000000e+05 2.379967920180328100e-01 1.665908056440600915e-01 4.996586253982703840e-01 3.132680928538916776e-01 2.048247610377787811e-02 0.000000000000000000e+00
9.600000000000000000e+05 2.399967650602010671e-01 1.635184342284934089e-01 5.113791533909877174e-01 3.081474738279472159e-01 1.695493855257168905e-02 0.000000000000000000e+00
9.680000000000000000e+05 2.419967381023695463e-01 1.729631315430132099e-01 5.068274920345926526e-01 3.033682294037323701e-01 1.684114701866181243e-02 0.000000000000000000e+00
9.760000000000000000e+05 2.439967111445378034e-01 1.631770596267637652e-01 4.830450614474283144e-01 3.371643149749658508e-01 1.661356395084205573e-02 0.000000000000000000e+00
9.840000000000000000e+05 2.459966841867060605e-01 1.520254893035958010e-01 4.821347291761493015e-01 3.553709604005462208e-01 1.046882111970869403e-02 0.000000000000000000e+00
9.920000000000000000e+05 2.479966572288745397e-01 1.430359581247155343e-01 4.895311788802912956e-01 3.584433318161128756e-01 8.989531178880291046e-03 0.000000000000000000e+00
1.000000000000000000e+06 2.499966302710427968e-01 1.467910787437414766e-01 4.886208466090122826e-01 3.542330450614474269e-01 1.035502958579881741e-02 0.000000000000000000e+00
1.008000000000000000e+06 2.519966033132110539e-01 1.605598543468365891e-01 4.824761037778789174e-01 3.487710514337733492e-01 8.192990441511151245e-03 0.000000000000000000e+00
1.016000000000000000e+06 2.539965763553795330e-01 1.554392353208921274e-01 4.704142011834319681e-01 3.647018661811561313e-01 9.444697314519799256e-03 0.000000000000000000e+00
1.024000000000000000e+06 2.559965493975477902e-01 1.589667728720983164e-01 4.712107419208010906e-01 3.629949931725079404e-01 6.827492034592626616e-03 0.000000000000000000e+00
1.032000000000000000e+06 2.579965224397162693e-01 1.536185707783341015e-01 4.720072826581702130e-01 3.652708238507055283e-01 9.103322712790167665e-03 0.000000000000000000e+00
1.040000000000000000e+06 2.599964954818845264e-01 1.569185252617205373e-01 4.674556213017751483e-01 3.639053254437870089e-01 1.172052799271734204e-02 0.000000000000000000e+00
1.048000000000000000e+06 2.619964685240527835e-01 1.573736913973600438e-01 4.608557123350022766e-01 3.694811106053709771e-01 1.228948566226672687e-02 0.000000000000000000e+00
1.056000000000000000e+06 2.639964415662212627e-01 1.599908966772872199e-01 4.576695493855257313e-01 3.734638142922166448e-01 8.875739644970414427e-03 0.000000000000000000e+00
1.064000000000000000e+06 2.659964146083895198e-01 1.615839781520254925e-01 4.545971779699590209e-01 3.748293126991351643e-01 8.989531178880291046e-03 0.000000000000000000e+00
1.072000000000000000e+06 2.679963876505579989e-01 1.649977241693217911e-01 4.506144742831133532e-01 3.731224396904870289e-01 1.126536185707783383e-02 0.000000000000000000e+00
1.080000000000000000e+06 2.699963606927262560e-01 1.645425580336822846e-01 4.544833864360491305e-01 3.730086481565771384e-01 7.965407373691398007e-03 0.000000000000000000e+00
1.088000000000000000e+06 2.719963337348945132e-01 1.621529358215748617e-01 4.510696404187528596e-01 3.769913518434228616e-01 9.786071916249430847e-03 0.000000000000000000e+00
1.096000000000000000e+06 2.739963067770629923e-01 1.631770596267637652e-01 4.476558944014565333e-01 3.802913063268092975e-01 8.875739644970414427e-03 0.000000000000000000e+00
1.104000000000000000e+06 2.759962798192312494e-01 1.631770596267637652e-01 4.499317250796540657e-01 3.775603095129722586e-01 9.330905780609922637e-03 0.000000000000000000e+00
1.112000000000000000e+06 2.779962528613995065e-01 1.558944014565316338e-01 4.875967228038233792e-01 3.472917614929449392e-01 9.217114246700046018e-03 0.000000000000000000e+00
1.120000000000000000e+06 2.799962259035679857e-01 1.539599453800637174e-01 4.863450159308147502e-01 3.526399635867091265e-01 7.055075102412380721e-03 0.000000000000000000e+00
1.128000000000000000e+06 2.819961989457362428e-01 1.576012744651797970e-01 4.775830678197542367e-01 3.567364588074647402e-01 8.079198907601274626e-03 0.000000000000000000e+00
1.136000000000000000e+06 2.839961719879047219e-01 1.539599453800637174e-01 4.952207555757851543e-01 3.450159308147474069e-01 5.803368229403732710e-03 0.000000000000000000e+00
1.144000000000000000e+06 2.859961450300729791e-01 1.564633591260810308e-01 4.911242603550295960e-01 3.458124715521165293e-01 6.599908966772872511e-03 0.000000000000000000e+00
1.152000000000000000e+06 2.879961180722412362e-01 1.548702776513427304e-01 4.963586709148839482e-01 3.430814747382794905e-01 5.689576695493855224e-03 0.000000000000000000e+00
1.160000000000000000e+06 2.899960911144097153e-01 1.607874374146563423e-01 4.974965862539826866e-01 3.359126081019572219e-01 5.803368229403732710e-03 0.000000000000000000e+00
1.168000000000000000e+06 2.919960641565779724e-01 1.591943559399180697e-01 5.009103322712790130e-01 3.319299044151114986e-01 7.965407373691398007e-03 0.000000000000000000e+00
1.176000000000000000e+06 2.939960371987464516e-01 1.630632680928539024e-01 5.036413290851160518e-01 3.265817023213473114e-01 6.713700500682749130e-03 0.000000000000000000e+00
1.184000000000000000e+06 2.959960102409147087e-01 1.652253072371415443e-01 5.009103322712790130e-01 3.228265817023213691e-01 1.103777878925807886e-02 0.000000000000000000e+00
1.192000000000000000e+06 2.979959832830829658e-01 1.659080564406008318e-01 5.012517068730086844e-01 3.224852071005916976e-01 1.035502958579881741e-02 0.000000000000000000e+00
1.200000000000000000e+06 2.999959563252514450e-01 1.673873463814292140e-01 4.919208010923987184e-01 3.315885298133818826e-01 9.103322712790167665e-03 0.000000000000000000e+00
1.208000000000000000e+06 3.019959293674197021e-01 1.538461538461538547e-01 4.767865270823850588e-01 3.600364132908511761e-01 9.330905780609922637e-03 0.000000000000000000e+00
1.216000000000000000e+06 3.039959024095879592e-01 1.497496586253982687e-01 4.697314519799726806e-01 3.701638598088302090e-01 1.035502958579881741e-02 0.000000000000000000e+00
1.224000000000000000e+06 3.059958754517564383e-01 1.462221210741920796e-01 4.722348657259899940e-01 3.718707328174783999e-01 9.672280382339554228e-03 0.000000000000000000e+00
1.232000000000000000e+06 3.079958484939246954e-01 1.478152025489303523e-01 4.746244879380974169e-01 3.676604460628129512e-01 9.899863450159307465e-03 0.000000000000000000e+00
1.240000000000000000e+06 3.099958215360931746e-01 1.498634501593081592e-01 4.737141556668184039e-01 3.693673190714610866e-01 7.055075102412380721e-03 0.000000000000000000e+00
1.248000000000000000e+06 3.119957945782614317e-01 1.459945380063723264e-01 4.755348202093764298e-01 3.693673190714610866e-01 9.103322712790167665e-03 0.000000000000000000e+00
1.256000000000000000e+06 3.139957676204296888e-01 1.457669549385525731e-01 4.762175694128356618e-01 3.682294037323622926e-01 9.786071916249430847e-03 0.000000000000000000e+00
1.264000000000000000e+06 3.159957406625981680e-01 1.498634501593081592e-01 4.748520710059171424e-01 3.654984069185252538e-01 9.786071916249430847e-03 0.000000000000000000e+00
1.272000000000000000e+06 3.179957137047664251e-01 1.574874829312699065e-01 4.662039144287665193e-01 3.651570323167956378e-01 1.115157032316795548e-02 0.000000000000000000e+00
1.280000000000000000e+06 3.199956867469349042e-01 1.536185707783341015e-01 4.667728720983158608e-01 3.698224852071005930e-01 9.786071916249430847e-03 0.000000000000000000e+00
1.288000000000000000e+06 3.219956597891031613e-01 1.688666363222576239e-01 4.614246700045516736e-01 3.576467910787437532e-01 1.206190259444697363e-02 0.000000000000000000e+00
1.296000000000000000e+06 3.239956328312714184e-01 1.725079654073737034e-01 4.545971779699590209e-01 3.569640418752844657e-01 1.593081474738279601e-02 0.000000000000000000e+00
1.304000000000000000e+06 3.259956058734398976e-01 1.748975876194810986e-01 4.542558033682294050e-01 3.561675011379153433e-01 1.467910787437414627e-02 0.000000000000000000e+00
1.312000000000000000e+06 3.279955789156081547e-01 1.669321802457897075e-01 4.602867546654528796e-01 3.608329540282202985e-01 1.194811106053709528e-02 0.000000000000000000e+00
1.320000000000000000e+06 3.299955519577764118e-01 1.786527082385070686e-01 4.552799271734183084e-01 3.496813837050523621e-01 1.638598088302230249e-02 0.000000000000000000e+00
1.328000000000000000e+06 3.319955249999448910e-01 1.931042330450614408e-01 4.371870732817478289e-01 3.483158852981338427e-01 2.139280837505689453e-02 0.000000000000000000e+00
1.336000000000000000e+06 3.339954980421131481e-01 1.910559854346836617e-01 4.398042785616750328e-01 3.476331360946745552e-01 2.150659990896677115e-02 0.000000000000000000e+00
1.344000000000000000e+06 3.359954710842816272e-01 2.010696404187528319e-01 4.354802002730996935e-01 3.352298588984979344e-01 2.822030040964952288e-02 0.000000000000000000e+00
1.352000000000000000e+06 3.379954441264498843e-01 2.015248065543923661e-01 4.453800637232590010e-01 3.322712790168411701e-01 2.082385070550751144e-02 0.000000000000000000e+00
1.360000000000000000e+06 3.399954171686181414e-01 2.003868912152935722e-01 4.577833409194355663e-01 3.141784251251706905e-01 2.765134274010013632e-02 0.000000000000000000e+00
1.368000000000000000e+06 3.419953902107866206e-01 2.057350933090578149e-01 4.533454710969503920e-01 3.187300864815657553e-01 2.218934911242603433e-02 0.000000000000000000e+00
1.376000000000000000e+06 3.439953632529548777e-01 2.158625398270368756e-01 4.459490213928083979e-01 3.144060081929904160e-01 2.378243058716431393e-02 0.000000000000000000e+00
1.384000000000000000e+06 3.459953362951233569e-01 2.115384615384615363e-01 4.446973145197997135e-01 3.182749203459262488e-01 2.548930359581247015e-02 0.000000000000000000e+00
1.392000000000000000e+06 3.479953093372916140e-01 2.259899863450159363e-01 4.278561675011379184e-01 3.144060081929904160e-01 3.174783796085571541e-02 0.000000000000000000e+00
1.400000000000000000e+06 3.499952823794598711e-01 2.345243513882567243e-01 4.175011379153391045e-01 3.205507510241237812e-01 2.742375967228038308e-02 0.000000000000000000e+00
1.408000000000000000e+06 3.519952554216283502e-01 2.321347291761493015e-01 4.149977241693217911e-01 3.199817933545744397e-01 3.288575329995448160e-02 0.000000000000000000e+00
1.416000000000000000e+06 3.539952284637966073e-01 2.438552571688666348e-01 4.055530268548019901e-01 3.161128812016386069e-01 3.447883477469276120e-02 0.000000000000000000e+00
1.424000000000000000e+06 3.559952015059648645e-01 2.463586709148839204e-01 4.063495675921711681e-01 3.159990896677287164e-01 3.129267182521620200e-02 0.000000000000000000e+00
1.432000000000000000e+06 3.579951745481333436e-01 2.480655439235320836e-01 3.994082840236686249e-01 3.164542558033682229e-01 3.607191624943104080e-02 0.000000000000000000e+00
1.440000000000000000e+06 3.599951475903016007e-01 2.513654984069185194e-01 3.926945835229858628e-01 3.263541192535275304e-01 2.958579881656804578e-02 0.000000000000000000e+00
1.448000000000000000e+06 3.619951206324700799e-01 2.517068730086481354e-01 3.865498406918525531e-01 3.395539371870732737e-01 2.218934911242603433e-02 0.000000000000000000e+00
1.456000000000000000e+06 3.639950936746383370e-01 2.543240782885753393e-01 3.830223031406463363e-01 3.377332726445152478e-01 2.492034592626308706e-02 0.000000000000000000e+00
1.464000000000000000e+06 3.659950667168065941e-01 2.564861174328629811e-01 3.862084660901228816e-01 3.310195721438324856e-01 2.628584433318160996e-02 0.000000000000000000e+00
1.472000000000000000e+06 3.679950397589748512e-01 2.625170687300864558e-01 3.911015020482476179e-01 3.214610832954028496e-01 2.492034592626308706e-02 0.000000000000000000e+00
1.480000000000000000e+06 3.699950128011433303e-01 2.540964952207555583e-01 3.923532089212562468e-01 3.281747837960855563e-01 2.537551206190259354e-02 0.000000000000000000e+00
1.488000000000000000e+06 3.719949858433118095e-01 2.734410559854346667e-01 3.788120163859808875e-01 3.218024578971324656e-01 2.594446973145198010e-02 0.000000000000000000e+00
1.496000000000000000e+06 3.739949588854800666e-01 2.744651797906235702e-01 3.834774692762858428e-01 3.177059626763768518e-01 2.435138825671370050e-02 0.000000000000000000e+00
1.504000000000000000e+06 3.759949319276483237e-01 2.855029585798816716e-01 3.709604005461993870e-01 3.166818388711880039e-01 2.685480200273099652e-02 0.000000000000000000e+00
1.512000000000000000e+06 3.779949049698168029e-01 2.783340919435594030e-01 3.705052344105598805e-01 3.212335002275830687e-01 2.992717341829767910e-02 0.000000000000000000e+00
1.520000000000000000e+06 3.799948780119852820e-01 2.633136094674556338e-01 3.680018206645425671e-01 3.387573964497041512e-01 2.992717341829767910e-02 0.000000000000000000e+00
1.528000000000000000e+06 3.819948510541533171e-01 2.716203914428766408e-01 3.546882111970869333e-01 3.398953117888028896e-01 3.368229403732362487e-02 1.137915339098771066e-04
1.536000000000000000e+06 3.839948240963215742e-01 2.832271279016841392e-01 3.493400091033226906e-01 3.389849795175238767e-01 2.844788347746927612e-02 0.000000000000000000e+00
1.544000000000000000e+06 3.859947971384900534e-01 2.808375056895767163e-01 3.494538006372325811e-01 3.367091488393263443e-01 3.299954483386435822e-02 0.000000000000000000e+00
1.552000000000000000e+06 3.879947701806585325e-01 2.765134274010013771e-01 3.521847974510696200e-01 3.351160673645880994e-01 3.618570778334091742e-02 0.000000000000000000e+00
1.560000000000000000e+06 3.899947432228267896e-01 2.911925352753755303e-01 3.419435593991806965e-01 3.289713245334547342e-01 3.789258079198907364e-02 0.000000000000000000e+00
1.568000000000000000e+06 3.919947162649950467e-01 2.892580791989076139e-01 3.512744651797906070e-01 3.330678197542102925e-01 2.639963586709149004e-02 0.000000000000000000e+00
1.576000000000000000e+06 3.939946893071635259e-01 2.815202548930359483e-01 3.541192535275375364e-01 3.347746927628584279e-01 2.958579881656804578e-02 0.000000000000000000e+00
1.584000000000000000e+06 3.959946623493320050e-01 2.899408284023668458e-01 3.526399635867091265e-01 3.271506599908966528e-01 3.026854802002730896e-02 0.000000000000000000e+00
1.592000000000000000e+06 3.979946353915002621e-01 2.979062357760582369e-01 3.475193445607646647e-01 3.231679563040509851e-01 3.140646335912607862e-02 0.000000000000000000e+00
1.600000000000000000e+06 3.999946084336682972e-01 2.943786982248520756e-01 3.493400091033226906e-01 3.288575329995448437e-01 2.730996813837050646e-02 1.137915339098771066e-04
1.608000000000000000e+06 4.019945814758367764e-01 2.979062357760582369e-01 3.535502958579881394e-01 3.208921256258534527e-01 2.765134274010013632e-02 0.000000000000000000e+00
1.616000000000000000e+06 4.039945545180052555e-01 2.916477014110150368e-01 3.548020027309968238e-01 3.241920801092398885e-01 2.924442421483841592e-02 1.137915339098771066e-04
1.624000000000000000e+06 4.059945275601735126e-01 3.021165225307237412e-01 3.480883022303140617e-01 3.204369594902139462e-01 2.935821574874829254e-02 0.000000000000000000e+00
1.632000000000000000e+06 4.079945006023417697e-01 3.125853436504323901e-01 3.435366408739189970e-01 3.136094674556212936e-01 3.026854802002730896e-02 0.000000000000000000e+00
1.640000000000000000e+06 4.099944736445102489e-01 3.082612653618570508e-01 3.429676832043696000e-01 3.165680473372781134e-01 3.208921256258534527e-02 1.137915339098771066e-04
1.648000000000000000e+06 4.119944466866787280e-01 3.153163404642694845e-01 3.439918070095585034e-01 3.141784251251706905e-01 2.651342740100136666e-02 0.000000000000000000e+00
1.656000000000000000e+06 4.139944197288469852e-01 3.260127446517979144e-01 3.351160673645880994e-01 3.128129267182521711e-01 2.605826126536185672e-02 0.000000000000000000e+00
1.664000000000000000e+06 4.159943927710150202e-01 3.330678197542102925e-01 3.330678197542102925e-01 3.070095584888484219e-01 2.685480200273099652e-02 0.000000000000000000e+00
1.672000000000000000e+06 4.179943658131834994e-01 3.314747382794719921e-01 3.278334091943559403e-01 3.106508875739644737e-01 3.004096495220755572e-02 0.000000000000000000e+00
1.680000000000000000e+06 4.199943388553519785e-01 3.390987710514337672e-01 3.262403277196176399e-01 3.062130177514792995e-01 2.844788347746927612e-02 0.000000000000000000e+00
1.688000000000000000e+06 4.219943118975202356e-01 3.441055985434683384e-01 3.232817478379608755e-01 3.042785616750113831e-01 2.833409194355939950e-02 0.000000000000000000e+00
1.696000000000000000e+06 4.239942849396884927e-01 3.461538461538461453e-01 3.206645425580336717e-01 3.035958124715520956e-01 2.958579881656804578e-02 0.000000000000000000e+00
1.704000000000000000e+06 4.259942579818569719e-01 3.433090578060992160e-01 3.228265817023213691e-01 3.055302685480200120e-01 2.822030040964952288e-02 1.137915339098771066e-04
1.712000000000000000e+06 4.279942310240254510e-01 3.493400091033226906e-01 3.235093309057806010e-01 3.008648156577150568e-01 2.628584433318160996e-02 0.000000000000000000e+00
1.720000000000000000e+06 4.299942040661937082e-01 3.566226672735548497e-01 3.182749203459262488e-01 2.965407373691397175e-01 2.844788347746927612e-02 1.137915339098771066e-04
1.728000000000000000e+06 4.319941771083617432e-01 3.462676376877560358e-01 3.240782885753299980e-01 2.992717341829768118e-01 3.038233955393718558e-02 0.000000000000000000e+00
1.736000000000000000e+06 4.339941501505302224e-01 3.429676832043696000e-01 3.246472462448793950e-01 3.032544378698224796e-01 2.913063268092853930e-02 0.000000000000000000e+00
1.744000000000000000e+06 4.359941231926989236e-01 3.485434683659535682e-01 3.159990896677287164e-01 3.016613563950841792e-01 3.379608557123350149e-02 0.000000000000000000e+00
1.752000000000000000e+06 4.379940962348669586e-01 3.444469731451980099e-01 3.198680018206645492e-01 3.049613108784706150e-01 3.072371415566681890e-02 0.000000000000000000e+00
1.760000000000000000e+06 4.399940692770352157e-01 3.530951297223486329e-01 3.189576695493855363e-01 2.992717341829768118e-01 2.867546654528902936e-02 0.000000000000000000e+00
1.768000000000000000e+06 4.419940423192036949e-01 3.459262630860264198e-01 3.257851615839781334e-01 3.004096495220755503e-01 2.787892580791988956e-02 0.000000000000000000e+00
1.776000000000000000e+06 4.439940153613721741e-01 3.543468365953573174e-01 3.156577150659991005e-01 3.012061902594446727e-01 2.878925807919890598e-02 0.000000000000000000e+00
1.784000000000000000e+06 4.459939884035404312e-01 3.633363677742376119e-01 3.103095129722348577e-01 2.944924897587619661e-01 3.186162949476559203e-02 0.000000000000000000e+00
1.792000000000000000e+06 4.479939614457086883e-01 3.690259444697314706e-01 3.087164314974966128e-01 2.930131998179335562e-01 2.924442421483841592e-02 0.000000000000000000e+00
1.800000000000000000e+06 4.499939344878771674e-01 3.581019572143832597e-01 3.167956304050978389e-01 2.931269913518434467e-01 3.186162949476559203e-02 1.137915339098771066e-04
1.808000000000000000e+06 4.519939075300456466e-01 3.700500682749203185e-01 3.073509330905780379e-01 2.860719162494310686e-01 3.652708238507055422e-02 0.000000000000000000e+00
1.816000000000000000e+06 4.539938805722136816e-01 3.717569412835685094e-01 2.985889849795175244e-01 2.942649066909421851e-01 3.538916704597178109e-02 0.000000000000000000e+00
