# itime ezz other fcc hcp bcc ico
0.000000000000000000e+00 0.000000000000000000e+00 0.000000000000000000e+00 1.000000000000000000e+00 0.000000000000000000e+00 0.000000000000000000e+00 0.000000000000000000e+00
2.500000000000000000e+02 9.999962732099021423e-03 0.000000000000000000e+00 1.000000000000000000e+00 0.000000000000000000e+00 0.000000000000000000e+00 0.000000000000000000e+00
5.000000000000000000e+02 1.999992546419782080e-02 0.000000000000000000e+00 1.000000000000000000e+00 0.000000000000000000e+00 0.000000000000000000e+00 0.000000000000000000e+00
7.500000000000000000e+02 2.999988819629684222e-02 0.000000000000000000e+00 1.000000000000000000e+00 0.000000000000000000e+00 0.000000000000000000e+00 0.000000000000000000e+00
1.000000000000000000e+03 3.999985092839586365e-02 0.000000000000000000e+00 1.000000000000000000e+00 0.000000000000000000e+00 0.000000000000000000e+00 0.000000000000000000e+00
1.250000000000000000e+03 4.999981366049466303e-02 0.000000000000000000e+00 1.000000000000000000e+00 0.000000000000000000e+00 0.000000000000000000e+00 0.000000000000000000e+00
1.500000000000000000e+03 5.999977639259368445e-02 0.000000000000000000e+00 1.000000000000000000e+00 0.000000000000000000e+00 0.000000000000000000e+00 0.000000000000000000e+00
1.750000000000000000e+03 6.999973912469248383e-02 0.000000000000000000e+00 1.000000000000000000e+00 0.000000000000000000e+00 0.000000000000000000e+00 0.000000000000000000e+00
2.000000000000000000e+03 7.999970185679150525e-02 4.551661356395084266e-04 9.995448338643604380e-01 0.000000000000000000e+00 0.000000000000000000e+00 0.000000000000000000e+00
2.250000000000000000e+03 8.999966458889052667e-02 4.551661356395084266e-04 9.995448338643604380e-01 0.000000000000000000e+00 0.000000000000000000e+00 0.000000000000000000e+00
2.500000000000000000e+03 9.999962732098932605e-02 3.982703686845699004e-03 9.960172963131542767e-01 0.000000000000000000e+00 0.000000000000000000e+00 0.000000000000000000e+00
2.750000000000000000e+03 1.099995900530883475e-01 7.965407373691398007e-03 9.914656349567592120e-01 0.000000000000000000e+00 5.689576695493854790e-04 0.000000000000000000e+00
3.000000000000000000e+03 1.199995527851873689e-01 6.725079654073737312e-02 8.989531178880291185e-01 0.000000000000000000e+00 3.379608557123350149e-02 0.000000000000000000e+00
3.250000000000000000e+03 1.299995155172861683e-01 3.812016385980883104e-01 1.804733727810650945e-01 1.593081474738279385e-03 4.367319071461083224e-01 0.000000000000000000e+00
3.500000000000000000e+03 1.399994782493851897e-01 3.912152935821575084e-01 1.911697769685935244e-01 1.156121984524351443e-01 3.020027309968138507e-01 0.000000000000000000e+00
3.750000000000000000e+03 1.499994409814839891e-01 4.074874829312699065e-01 2.595584888484296915e-01 1.912835685025034149e-01 1.416704597177969871e-01 0.000000000000000000e+00
4.000000000000000000e+03 1.599994037135830105e-01 4.099908966772872199e-01 2.552344105598543522e-01 2.315657715065999045e-01 1.032089212562585373e-01 0.000000000000000000e+00
4.250000000000000000e+03 1.699993664456820319e-01 4.106736458807464518e-01 2.509103322712790130e-01 2.480655439235320836e-01 9.035047792444242387e-02 0.000000000000000000e+00
4.500000000000000000e+03 1.799993291777808313e-01 4.200045516613564178e-01 2.554619936276740777e-01 2.479517523896222209e-01 7.658170232134729749e-02 0.000000000000000000e+00
4.750000000000000000e+03 1.899992919098798527e-01 4.333181611288119961e-01 2.504551661356395065e-01 2.530723714155666548e-01 6.315430131998178709e-02 0.000000000000000000e+00
5.000000000000000000e+03 1.999992546419788741e-01 4.349112426035502965e-01 2.690031861629494925e-01 2.406690942193900895e-01 5.541647701411014926e-02 0.000000000000000000e+00
5.250000000000000000e+03 2.099992173740776735e-01 4.556213017751479244e-01 2.802685480200273194e-01 2.175694128356850388e-01 4.654073736913973830e-02 0.000000000000000000e+00
5.500000000000000000e+03 2.199991801061766949e-01 4.476558944014565333e-01 2.975648611743286209e-01 2.150659990896677254e-01 3.959945380063722986e-02 1.137915339098771066e-04
5.750000000000000000e+03 2.299991428382754943e-01 4.509558488848429691e-01 3.113336367774237612e-01 1.953800637232590010e-01 4.221665908056440597e-02 1.137915339098771066e-04
6.000000000000000000e+03 2.399991055703745158e-01 4.503868912152935722e-01 3.273782430587164338e-01 1.926490669094219343e-01 2.958579881656804578e-02 0.000000000000000000e+00
6.250000000000000000e+03 2.499990683024735372e-01 4.494765589440145592e-01 3.421711424670004775e-01 1.853664087391898030e-01 2.298588984979517413e-02 0.000000000000000000e+00
6.500000000000000000e+03 2.599990310345723366e-01 4.452662721893491105e-01 3.438780154756486129e-01 1.890077378243058825e-01 2.184797451069640448e-02 0.000000000000000000e+00
6.750000000000000000e+03 2.699989937666713580e-01 4.352526172052799125e-01 3.576467910787437532e-01 1.906008192990441552e-01 1.649977241693217911e-02 0.000000000000000000e+00
7.000000000000000000e+03 2.799989564987703794e-01 4.413973600364132777e-01 3.602639963586709015e-01 1.810423304506144637e-01 1.729631315430131891e-02 0.000000000000000000e+00
7.250000000000000000e+03 2.899989192308691788e-01 4.337733272644515026e-01 3.658397815202548697e-01 1.866181156121984597e-01 1.376877560309512985e-02 0.000000000000000000e+00
7.500000000000000000e+03 2.999988819629682002e-01 4.347974510696404060e-01 3.657259899863450348e-01 1.867319071461083224e-01 1.263086026399635846e-02 1.137915339098771066e-04
7.750000000000000000e+03 3.099988446950669996e-01 4.362767410104688159e-01 3.578743741465634787e-01 1.903732362312244020e-01 1.547564861174328607e-02 0.000000000000000000e+00
8.000000000000000000e+03 3.199988074271660210e-01 4.433318161128811941e-01 3.571916249431042467e-01 1.841147018661811463e-01 1.524806554392353283e-02 1.137915339098771066e-04
8.250000000000000000e+03 3.299987701592650424e-01 4.493627674101046687e-01 3.439918070095585034e-01 1.913973600364132777e-01 1.524806554392353283e-02 0.000000000000000000e+00
8.500000000000000000e+03 3.399987328913638418e-01 4.547109695038689114e-01 3.426263086026399840e-01 1.870732817478379661e-01 1.558944014565316269e-02 0.000000000000000000e+00
8.750000000000000000e+03 3.499986956234628632e-01 4.556213017751479244e-01 3.516158397815202785e-01 1.750113791533909890e-01 1.775147928994082885e-02 0.000000000000000000e+00
9.000000000000000000e+03 3.599986583555618846e-01 4.534592626308602825e-01 3.552571688666363303e-01 1.770596267637687682e-01 1.422394173873463806e-02 0.000000000000000000e+00
9.250000000000000000e+03 3.699986210876606840e-01 4.435593991807009751e-01 3.595812471552116696e-01 1.791078743741465751e-01 1.775147928994082885e-02 0.000000000000000000e+00
9.500000000000000000e+03 3.799985838197597054e-01 4.482248520710059303e-01 3.534365043240783044e-01 1.854802002730996935e-01 1.285844333181611343e-02 0.000000000000000000e+00
9.750000000000000000e+03 3.899985465518585048e-01 4.474283113336367523e-01 3.582157487482931502e-01 1.764906690942193990e-01 1.786527082385070547e-02 0.000000000000000000e+00
1.000000000000000000e+04 3.999985092839575263e-01 4.459490213928083979e-01 3.664087391898042667e-01 1.697769685935366368e-01 1.786527082385070547e-02 0.000000000000000000e+00
1.025000000000000000e+04 4.099984720160565477e-01 4.352526172052799125e-01 3.882567137005006885e-01 1.621529358215748617e-01 1.433773327264451468e-02 0.000000000000000000e+00
1.050000000000000000e+04 4.199984347481553471e-01 4.132908511606736557e-01 3.982703686845698865e-01 1.763768775603095085e-01 1.206190259444697363e-02 0.000000000000000000e+00
1.075000000000000000e+04 4.299983974802543685e-01 4.081702321347291940e-01 3.879153390987710726e-01 1.891215293582157453e-01 1.479289940828402289e-02 0.000000000000000000e+00
1.100000000000000000e+04 4.399983602123533899e-01 4.163632225762403105e-01 3.862084660901228816e-01 1.793354574419663283e-01 1.809285389167045871e-02 0.000000000000000000e+00
1.125000000000000000e+04 4.499983229444521893e-01 4.226217569412835662e-01 3.825671370050068298e-01 1.818388711879836139e-01 1.297223486572599005e-02 0.000000000000000000e+00
1.150000000000000000e+04 4.599982856765512107e-01 4.140873918980427781e-01 3.864360491579426626e-01 1.863905325443787064e-01 1.308602639963586667e-02 0.000000000000000000e+00
1.175000000000000000e+04 4.699982484086500101e-01 4.126081019572143682e-01 3.925807919890760278e-01 1.810423304506144637e-01 1.376877560309512985e-02 0.000000000000000000e+00
1.200000000000000000e+04 4.799982111407490315e-01 4.077150659990896875e-01 3.996358670914884059e-01 1.770596267637687682e-01 1.558944014565316269e-02 0.000000000000000000e+00
1.225000000000000000e+04 4.899981738728480529e-01 3.888256713700500855e-01 4.246700045516613731e-01 1.711424670004551563e-01 1.536185707783340945e-02 0.000000000000000000e+00
1.250000000000000000e+04 4.999981366049468523e-01 3.791533909877105035e-01 4.328629949931724896e-01 1.738734638142922229e-01 1.411015020482476144e-02 0.000000000000000000e+00
1.275000000000000000e+04 5.099980993370458737e-01 3.683431952662721831e-01 4.704142011834319681e-01 1.496358670914884059e-01 1.160673645880746542e-02 0.000000000000000000e+00
1.300000000000000000e+04 5.199980620691448951e-01 3.570778334091943562e-01 4.774692762858443462e-01 1.537323623122439642e-01 1.160673645880746542e-02 1.137915339098771066e-04
1.325000000000000000e+04 5.299980248012436945e-01 3.505917159763313751e-01 4.839553937187073274e-01 1.555530268548019901e-01 9.899863450159307465e-03 0.000000000000000000e+00
1.350000000000000000e+04 5.399979875333427159e-01 3.544606281292672079e-01 4.807692307692307820e-01 1.554392353208921274e-01 9.330905780609922637e-03 0.000000000000000000e+00
1.375000000000000000e+04 5.499979502654415153e-01 3.489986345015930747e-01 4.838416021847974369e-01 1.558944014565316338e-01 1.126536185707783383e-02 0.000000000000000000e+00
1.400000000000000000e+04 5.599979129975405368e-01 3.584433318161128756e-01 4.835002275830678209e-01 1.492944924897587622e-01 8.761948111060537808e-03 0.000000000000000000e+00
1.425000000000000000e+04 5.699978757296395582e-01 3.604915794264906825e-01 4.919208010923987184e-01 1.374601729631315383e-01 1.012744651797906244e-02 0.000000000000000000e+00
1.450000000000000000e+04 5.799978384617383576e-01 3.628812016385981054e-01 4.906690942193900895e-01 1.359808830223031284e-01 1.035502958579881741e-02 1.137915339098771066e-04
1.475000000000000000e+04 5.899978011938373790e-01 3.672052799271734447e-01 4.773554847519344557e-01 1.447428311333636697e-01 1.069640418752844727e-02 0.000000000000000000e+00
1.500000000000000000e+04 5.999977639259364004e-01 3.677742375967227861e-01 4.689349112426035582e-01 1.523668639053254448e-01 1.092398725534820224e-02 0.000000000000000000e+00
1.525000000000000000e+04 6.099977266580351998e-01 3.742603550295858228e-01 4.530040964952207760e-01 1.613563950842057393e-01 1.137915339098771045e-02 0.000000000000000000e+00
1.550000000000000000e+04 6.199976893901342212e-01 3.774465179790623681e-01 4.501593081474738467e-01 1.616977696859353553e-01 1.069640418752844727e-02 0.000000000000000000e+00
1.575000000000000000e+04 6.299976521222330206e-01 3.641329085116067343e-01 4.674556213017751483e-01 1.574874829312699065e-01 1.092398725534820224e-02 0.000000000000000000e+00
1.600000000000000000e+04 6.399976148543320420e-01 3.723258989531179064e-01 4.640418752844788219e-01 1.522530723714155543e-01 1.137915339098771045e-02 0.000000000000000000e+00
1.625000000000000000e+04 6.499975775864310634e-01 3.603777878925807920e-01 4.683659535730541612e-01 1.561219845243513871e-01 1.513427401001365448e-02 0.000000000000000000e+00
1.650000000000000000e+04 6.599975403185298628e-01 3.658397815202548697e-01 4.724624487938097195e-01 1.453117888029130667e-01 1.638598088302230249e-02 0.000000000000000000e+00
1.675000000000000000e+04 6.699975030506288842e-01 3.573054164770141372e-01 4.880518889394628856e-01 1.431497496586253970e-01 1.149294492489758707e-02 0.000000000000000000e+00
1.700000000000000000e+04 6.799974657827279056e-01 3.526399635867091265e-01 5.091033227127901295e-01 1.271051433773327244e-01 1.115157032316795548e-02 0.000000000000000000e+00
1.725000000000000000e+04 6.899974285148267050e-01 3.512744651797906070e-01 5.172963131543013571e-01 1.220983158852981393e-01 9.330905780609922637e-03 0.000000000000000000e+00
1.750000000000000000e+04 6.999973912469257264e-01 3.351160673645880994e-01 5.384615384615384359e-01 1.173190714610832935e-01 9.103322712790167665e-03 0.000000000000000000e+00
1.775000000000000000e+04 7.099973539790245258e-01 3.191852526172052618e-01 5.824988620846609511e-01 8.705052344105598805e-02 1.126536185707783383e-02 0.000000000000000000e+00
1.800000000000000000e+04 7.199973167111235473e-01 3.022303140646335762e-01 6.079881656804734247e-01 7.988165680473373331e-02 9.899863450159307465e-03 0.000000000000000000e+00
1.825000000000000000e+04 7.299972794432225687e-01 2.983614019116977434e-01 6.127674101046881594e-01 8.045061447428311641e-02 8.420573509330906217e-03 0.000000000000000000e+00
1.850000000000000000e+04 7.399972421753213681e-01 2.925580336822940497e-01 6.217569412835685094e-01 7.806099226217569353e-02 7.624032771961766417e-03 0.000000000000000000e+00
1.875000000000000000e+04 7.499972049074203895e-01 2.837960855712334807e-01 6.306326809285389690e-01 8.090578060992262288e-02 4.665452890304961318e-03 0.000000000000000000e+00
1.900000000000000000e+04 7.599971676395194109e-01 2.736686390532544477e-01 6.454255803368229572e-01 7.624032771961765376e-02 4.665452890304961318e-03 0.000000000000000000e+00
1.925000000000000000e+04 7.699971303716182103e-01 2.513654984069185194e-01 6.487255348202093375e-01 9.604005461993628257e-02 3.868912152935821518e-03 0.000000000000000000e+00
1.950000000000000000e+04 7.799970931037172317e-01 2.346381429221665871e-01 6.588529813381884814e-01 1.040054619936276736e-01 2.503413746017296455e-03 0.000000000000000000e+00
1.975000000000000000e+04 7.899970558358160311e-01 2.374829312699135164e-01 6.539599453800637452e-01 1.057123350022758368e-01 2.844788347746927612e-03 0.000000000000000000e+00
2.000000000000000000e+04 7.999970185679150525e-01 2.449931725079654010e-01 6.121984524351388179e-01 1.397360036413290985e-01 3.072371415566681717e-03 0.000000000000000000e+00
2.025000000000000000e+04 8.099969813000140739e-01 2.562585343650432557e-01 5.223031406463358728e-01 2.160901228948566288e-01 5.348202093764223633e-03 0.000000000000000000e+00
2.050000000000000000e+04 8.199969440321128733e-01 2.625170687300864558e-01 5.027309968138370389e-01 2.300864815657714946e-01 4.665452890304961318e-03 0.000000000000000000e+00
2.075000000000000000e+04 8.299969067642118947e-01 2.594446973145198010e-01 5.044378698224851743e-01 2.311106053709603980e-01 5.006827492034592909e-03 0.000000000000000000e+00
2.100000000000000000e+04 8.399968694963109161e-01 2.710514337733272439e-01 5.259444697314519246e-01 1.968593536640873831e-01 6.144742831133363434e-03 0.000000000000000000e+00
2.125000000000000000e+04 8.499968322284097155e-01 2.480655439235320836e-01 5.677059626763768518e-01 1.804733727810650945e-01 3.755120619025944465e-03 0.000000000000000000e+00
2.150000000000000000e+04 8.599967949605087369e-01 2.535275375512062168e-01 5.962676376877560358e-01 1.459945380063723264e-01 4.210286754665453109e-03 0.000000000000000000e+00
2.175000000000000000e+04 8.699967576926075363e-01 2.643377332726445372e-01 5.855712335002275504e-01 1.454255803368229294e-01 4.665452890304961318e-03 0.000000000000000000e+00
2.200000000000000000e+04 8.799967204247065578e-01 2.676376877560309731e-01 5.619025944469731026e-01 1.672735548475193512e-01 3.186162949476558769e-03 0.000000000000000000e+00
2.225000000000000000e+04 8.899966831568055792e-01 2.554619936276740777e-01 6.203914428766499345e-01 1.195949021392808398e-01 4.551661356395083832e-03 0.000000000000000000e+00
2.250000000000000000e+04 8.999966458889043786e-01 2.471552116522530707e-01 6.209604005461993870e-01 1.260810195721438209e-01 5.803368229403732710e-03 0.000000000000000000e+00
2.275000000000000000e+04 9.099966086210034000e-01 2.535275375512062168e-01 5.905780609922621771e-01 1.499772416932180219e-01 5.917159763313609329e-03 0.000000000000000000e+00
2.300000000000000000e+04 9.199965713531024214e-01 2.514792899408284099e-01 5.559854346836595740e-01 1.898042785616750050e-01 2.730996813837050560e-03 0.000000000000000000e+00
2.325000000000000000e+04 9.299965340852012208e-01 2.432862994993172379e-01 5.454028220300409791e-01 2.084660901228948537e-01 2.844788347746927612e-03 0.000000000000000000e+00
2.350000000000000000e+04 9.399964968173002422e-01 2.437414656349567721e-01 5.497269003186162628e-01 2.032316795630405015e-01 3.299954483386436255e-03 0.000000000000000000e+00
2.375000000000000000e+04 9.499964595493990416e-01 2.426035502958579781e-01 5.710059171597633432e-01 1.830905780609922706e-01 3.299954483386436255e-03 0.000000000000000000e+00
2.400000000000000000e+04 9.599964222814980630e-01 2.290623577605826189e-01 6.384842967683204140e-01 1.282430587164314906e-01 4.210286754665453109e-03 0.000000000000000000e+00
2.425000000000000000e+04 9.699963850135970844e-01 2.234865725989986229e-01 6.647701411015020101e-01 1.091260810195721492e-01 2.617205279927173507e-03 0.000000000000000000e+00
2.450000000000000000e+04 9.799963477456958838e-01 2.115384615384615363e-01 6.826354119253527086e-01 1.032089212562585373e-01 2.617205279927173507e-03 0.000000000000000000e+00
2.475000000000000000e+04 9.899963104777949052e-01 2.089212562585343602e-01 6.853664087391898585e-01 1.049157942649066866e-01 7.965407373691396923e-04 0.000000000000000000e+00
2.500000000000000000e+04 9.999962732098939266e-01 2.059626763768775681e-01 6.891215293582158008e-01 1.046882111970869333e-01 2.275830678197542133e-04 0.000000000000000000e+00
