# itime ezz other fcc hcp bcc ico
0.000000000000000000e+00 0.000000000000000000e+00 0.000000000000000000e+00 1.000000000000000000e+00 0.000000000000000000e+00 0.000000000000000000e+00 0.000000000000000000e+00
2.500000000000000000e+01 9.999704898291383870e-04 0.000000000000000000e+00 1.000000000000000000e+00 0.000000000000000000e+00 0.000000000000000000e+00 0.000000000000000000e+00
5.000000000000000000e+01 1.999940979658498819e-03 0.000000000000000000e+00 1.000000000000000000e+00 0.000000000000000000e+00 0.000000000000000000e+00 0.000000000000000000e+00
7.500000000000000000e+01 2.999911469487637206e-03 0.000000000000000000e+00 1.000000000000000000e+00 0.000000000000000000e+00 0.000000000000000000e+00 0.000000000000000000e+00
1.000000000000000000e+02 3.999881959316775593e-03 0.000000000000000000e+00 1.000000000000000000e+00 0.000000000000000000e+00 0.000000000000000000e+00 0.000000000000000000e+00
1.250000000000000000e+02 4.999852449145913980e-03 0.000000000000000000e+00 1.000000000000000000e+00 0.000000000000000000e+00 0.000000000000000000e+00 0.000000000000000000e+00
1.500000000000000000e+02 5.999822938975274411e-03 0.000000000000000000e+00 1.000000000000000000e+00 0.000000000000000000e+00 0.000000000000000000e+00 0.000000000000000000e+00
1.750000000000000000e+02 6.999793428804412798e-03 0.000000000000000000e+00 1.000000000000000000e+00 0.000000000000000000e+00 0.000000000000000000e+00 0.000000000000000000e+00
2.000000000000000000e+02 7.999763918633551185e-03 0.000000000000000000e+00 1.000000000000000000e+00 0.000000000000000000e+00 0.000000000000000000e+00 0.000000000000000000e+00
2.250000000000000000e+02 8.999734408462689572e-03 0.000000000000000000e+00 1.000000000000000000e+00 0.000000000000000000e+00 0.000000000000000000e+00 0.000000000000000000e+00
2.500000000000000000e+02 9.999704898292050004e-03 0.000000000000000000e+00 1.000000000000000000e+00 0.000000000000000000e+00 0.000000000000000000e+00 0.000000000000000000e+00
2.750000000000000000e+02 1.099967538812118839e-02 0.000000000000000000e+00 1.000000000000000000e+00 0.000000000000000000e+00 0.000000000000000000e+00 0.000000000000000000e+00
3.000000000000000000e+02 1.199964587795032678e-02 0.000000000000000000e+00 1.000000000000000000e+00 0.000000000000000000e+00 0.000000000000000000e+00 0.000000000000000000e+00
3.250000000000000000e+02 1.299961636777946516e-02 0.000000000000000000e+00 1.000000000000000000e+00 0.000000000000000000e+00 0.000000000000000000e+00 0.000000000000000000e+00
3.500000000000000000e+02 1.399958685760882560e-02 0.000000000000000000e+00 1.000000000000000000e+00 0.000000000000000000e+00 0.000000000000000000e+00 0.000000000000000000e+00
3.750000000000000000e+02 1.499955734743796398e-02 0.000000000000000000e+00 1.000000000000000000e+00 0.000000000000000000e+00 0.000000000000000000e+00 0.000000000000000000e+00
4.000000000000000000e+02 1.599952783726710237e-02 0.000000000000000000e+00 1.000000000000000000e+00 0.000000000000000000e+00 0.000000000000000000e+00 0.000000000000000000e+00
4.250000000000000000e+02 1.699949832709624076e-02 0.000000000000000000e+00 1.000000000000000000e+00 0.000000000000000000e+00 0.000000000000000000e+00 0.000000000000000000e+00
4.500000000000000000e+02 1.799946881692560119e-02 0.000000000000000000e+00 1.000000000000000000e+00 0.000000000000000000e+00 0.000000000000000000e+00 0.000000000000000000e+00
4.750000000000000000e+02 1.899943930675473958e-02 0.000000000000000000e+00 1.000000000000000000e+00 0.000000000000000000e+00 0.000000000000000000e+00 0.000000000000000000e+00
5.000000000000000000e+02 1.999940979658387796e-02 0.000000000000000000e+00 1.000000000000000000e+00 0.000000000000000000e+00 0.000000000000000000e+00 0.000000000000000000e+00
5.250000000000000000e+02 2.099938028641301635e-02 0.000000000000000000e+00 1.000000000000000000e+00 0.000000000000000000e+00 0.000000000000000000e+00 0.000000000000000000e+00
5.500000000000000000e+02 2.199935077624237678e-02 0.000000000000000000e+00 1.000000000000000000e+00 0.000000000000000000e+00 0.000000000000000000e+00 0.000000000000000000e+00
5.750000000000000000e+02 2.299932126607151517e-02 0.000000000000000000e+00 1.000000000000000000e+00 0.000000000000000000e+00 0.000000000000000000e+00 0.000000000000000000e+00
6.000000000000000000e+02 2.399929175590065356e-02 0.000000000000000000e+00 1.000000000000000000e+00 0.000000000000000000e+00 0.000000000000000000e+00 0.000000000000000000e+00
6.250000000000000000e+02 2.499926224572979194e-02 0.000000000000000000e+00 1.000000000000000000e+00 0.000000000000000000e+00 0.000000000000000000e+00 0.000000000000000000e+00
6.500000000000000000e+02 2.599923273555915237e-02 0.000000000000000000e+00 1.000000000000000000e+00 0.000000000000000000e+00 0.000000000000000000e+00 0.000000000000000000e+00
6.750000000000000000e+02 2.699920322538829076e-02 0.000000000000000000e+00 1.000000000000000000e+00 0.000000000000000000e+00 0.000000000000000000e+00 0.000000000000000000e+00
7.000000000000000000e+02 2.799917371521742915e-02 0.000000000000000000e+00 1.000000000000000000e+00 0.000000000000000000e+00 0.000000000000000000e+00 0.000000000000000000e+00
7.250000000000000000e+02 2.899914420504678958e-02 0.000000000000000000e+00 1.000000000000000000e+00 0.000000000000000000e+00 0.000000000000000000e+00 0.000000000000000000e+00
7.500000000000000000e+02 2.999911469487592797e-02 0.000000000000000000e+00 1.000000000000000000e+00 0.000000000000000000e+00 0.000000000000000000e+00 0.000000000000000000e+00
7.750000000000000000e+02 3.099908518470506635e-02 0.000000000000000000e+00 1.000000000000000000e+00 0.000000000000000000e+00 0.000000000000000000e+00 0.000000000000000000e+00
8.000000000000000000e+02 3.199905567453420474e-02 0.000000000000000000e+00 1.000000000000000000e+00 0.000000000000000000e+00 0.000000000000000000e+00 0.000000000000000000e+00
8.250000000000000000e+02 3.299902616436356517e-02 0.000000000000000000e+00 1.000000000000000000e+00 0.000000000000000000e+00 0.000000000000000000e+00 0.000000000000000000e+00
8.500000000000000000e+02 3.399899665419270356e-02 0.000000000000000000e+00 1.000000000000000000e+00 0.000000000000000000e+00 0.000000000000000000e+00 0.000000000000000000e+00
8.750000000000000000e+02 3.499896714402184195e-02 0.000000000000000000e+00 1.000000000000000000e+00 0.000000000000000000e+00 0.000000000000000000e+00 0.000000000000000000e+00
9.000000000000000000e+02 3.599893763385098033e-02 0.000000000000000000e+00 1.000000000000000000e+00 0.000000000000000000e+00 0.000000000000000000e+00 0.000000000000000000e+00
9.250000000000000000e+02 3.699890812368034076e-02 0.000000000000000000e+00 1.000000000000000000e+00 0.000000000000000000e+00 0.000000000000000000e+00 0.000000000000000000e+00
9.500000000000000000e+02 3.799887861350947915e-02 0.000000000000000000e+00 1.000000000000000000e+00 0.000000000000000000e+00 0.000000000000000000e+00 0.000000000000000000e+00
9.750000000000000000e+02 3.899884910333861754e-02 0.000000000000000000e+00 1.000000000000000000e+00 0.000000000000000000e+00 0.000000000000000000e+00 0.000000000000000000e+00
1.000000000000000000e+03 3.999881959316775593e-02 0.000000000000000000e+00 1.000000000000000000e+00 0.000000000000000000e+00 0.000000000000000000e+00 0.000000000000000000e+00
1.025000000000000000e+03 4.099879008299711636e-02 0.000000000000000000e+00 1.000000000000000000e+00 0.000000000000000000e+00 0.000000000000000000e+00 0.000000000000000000e+00
1.050000000000000000e+03 4.199876057282625474e-02 0.000000000000000000e+00 1.000000000000000000e+00 0.000000000000000000e+00 0.000000000000000000e+00 0.000000000000000000e+00
1.075000000000000000e+03 4.299873106265539313e-02 0.000000000000000000e+00 1.000000000000000000e+00 0.000000000000000000e+00 0.000000000000000000e+00 0.000000000000000000e+00
1.100000000000000000e+03 4.399870155248453152e-02 0.000000000000000000e+00 1.000000000000000000e+00 0.000000000000000000e+00 0.000000000000000000e+00 0.000000000000000000e+00
1.125000000000000000e+03 4.499867204231389195e-02 0.000000000000000000e+00 1.000000000000000000e+00 0.000000000000000000e+00 0.000000000000000000e+00 0.000000000000000000e+00
1.150000000000000000e+03 4.599864253214303034e-02 0.000000000000000000e+00 1.000000000000000000e+00 0.000000000000000000e+00 0.000000000000000000e+00 0.000000000000000000e+00
1.175000000000000000e+03 4.699861302197216872e-02 0.000000000000000000e+00 1.000000000000000000e+00 0.000000000000000000e+00 0.000000000000000000e+00 0.000000000000000000e+00
1.200000000000000000e+03 4.799858351180130711e-02 0.000000000000000000e+00 1.000000000000000000e+00 0.000000000000000000e+00 0.000000000000000000e+00 0.000000000000000000e+00
1.225000000000000000e+03 4.899855400163066754e-02 0.000000000000000000e+00 1.000000000000000000e+00 0.000000000000000000e+00 0.000000000000000000e+00 0.000000000000000000e+00
1.250000000000000000e+03 4.999852449145980593e-02 0.000000000000000000e+00 1.000000000000000000e+00 0.000000000000000000e+00 0.000000000000000000e+00 0.000000000000000000e+00
1.275000000000000000e+03 5.099849498128894432e-02 0.000000000000000000e+00 1.000000000000000000e+00 0.000000000000000000e+00 0.000000000000000000e+00 0.000000000000000000e+00
1.300000000000000000e+03 5.199846547111830475e-02 0.000000000000000000e+00 1.000000000000000000e+00 0.000000000000000000e+00 0.000000000000000000e+00 0.000000000000000000e+00
1.325000000000000000e+03 5.299843596094744314e-02 0.000000000000000000e+00 1.000000000000000000e+00 0.000000000000000000e+00 0.000000000000000000e+00 0.000000000000000000e+00
1.350000000000000000e+03 5.399840645077658152e-02 0.000000000000000000e+00 1.000000000000000000e+00 0.000000000000000000e+00 0.000000000000000000e+00 0.000000000000000000e+00
1.375000000000000000e+03 5.499837694060571991e-02 0.000000000000000000e+00 1.000000000000000000e+00 0.000000000000000000e+00 0.000000000000000000e+00 0.000000000000000000e+00
1.400000000000000000e+03 5.599834743043508034e-02 0.000000000000000000e+00 1.000000000000000000e+00 0.000000000000000000e+00 0.000000000000000000e+00 0.000000000000000000e+00
1.425000000000000000e+03 5.699831792026421873e-02 0.000000000000000000e+00 1.000000000000000000e+00 0.000000000000000000e+00 0.000000000000000000e+00 0.000000000000000000e+00
1.450000000000000000e+03 5.799828841009335711e-02 0.000000000000000000e+00 1.000000000000000000e+00 0.000000000000000000e+00 0.000000000000000000e+00 0.000000000000000000e+00
1.475000000000000000e+03 5.899825889992249550e-02 0.000000000000000000e+00 1.000000000000000000e+00 0.000000000000000000e+00 0.000000000000000000e+00 0.000000000000000000e+00
1.500000000000000000e+03 5.999822938975185593e-02 0.000000000000000000e+00 1.000000000000000000e+00 0.000000000000000000e+00 0.000000000000000000e+00 0.000000000000000000e+00
1.525000000000000000e+03 6.099819987958099432e-02 0.000000000000000000e+00 1.000000000000000000e+00 0.000000000000000000e+00 0.000000000000000000e+00 0.000000000000000000e+00
1.550000000000000000e+03 6.199817036941013271e-02 0.000000000000000000e+00 1.000000000000000000e+00 0.000000000000000000e+00 0.000000000000000000e+00 0.000000000000000000e+00
1.575000000000000000e+03 6.299814085923927109e-02 0.000000000000000000e+00 1.000000000000000000e+00 0.000000000000000000e+00 0.000000000000000000e+00 0.000000000000000000e+00
1.600000000000000000e+03 6.399811134906863153e-02 0.000000000000000000e+00 1.000000000000000000e+00 0.000000000000000000e+00 0.000000000000000000e+00 0.000000000000000000e+00
1.625000000000000000e+03 6.499808183889776991e-02 0.000000000000000000e+00 1.000000000000000000e+00 0.000000000000000000e+00 0.000000000000000000e+00 0.000000000000000000e+00
1.650000000000000000e+03 6.599805232872690830e-02 0.000000000000000000e+00 1.000000000000000000e+00 0.000000000000000000e+00 0.000000000000000000e+00 0.000000000000000000e+00
1.675000000000000000e+03 6.699802281855604669e-02 0.000000000000000000e+00 1.000000000000000000e+00 0.000000000000000000e+00 0.000000000000000000e+00 0.000000000000000000e+00
1.700000000000000000e+03 6.799799330838540712e-02 1.137915339098771066e-04 9.998862084660901095e-01 0.000000000000000000e+00 0.000000000000000000e+00 0.000000000000000000e+00
1.725000000000000000e+03 6.899796379821454551e-02 0.000000000000000000e+00 1.000000000000000000e+00 0.000000000000000000e+00 0.000000000000000000e+00 0.000000000000000000e+00
1.750000000000000000e+03 6.999793428804368389e-02 0.000000000000000000e+00 1.000000000000000000e+00 0.000000000000000000e+00 0.000000000000000000e+00 0.000000000000000000e+00
1.775000000000000000e+03 7.099790477787282228e-02 0.000000000000000000e+00 1.000000000000000000e+00 0.000000000000000000e+00 0.000000000000000000e+00 0.000000000000000000e+00
1.800000000000000000e+03 7.199787526770218271e-02 0.000000000000000000e+00 1.000000000000000000e+00 0.000000000000000000e+00 0.000000000000000000e+00 0.000000000000000000e+00
1.825000000000000000e+03 7.299784575753132110e-02 0.000000000000000000e+00 1.000000000000000000e+00 0.000000000000000000e+00 0.000000000000000000e+00 0.000000000000000000e+00
1.850000000000000000e+03 7.399781624736045949e-02 0.000000000000000000e+00 1.000000000000000000e+00 0.000000000000000000e+00 0.000000000000000000e+00 0.000000000000000000e+00
1.875000000000000000e+03 7.499778673718959787e-02 3.413746017296313199e-04 9.996586253982703285e-01 0.000000000000000000e+00 0.000000000000000000e+00 0.000000000000000000e+00
1.900000000000000000e+03 7.599775722701895830e-02 0.000000000000000000e+00 1.000000000000000000e+00 0.000000000000000000e+00 0.000000000000000000e+00 0.000000000000000000e+00
1.925000000000000000e+03 7.699772771684809669e-02 0.000000000000000000e+00 1.000000000000000000e+00 0.000000000000000000e+00 0.000000000000000000e+00 0.000000000000000000e+00
1.950000000000000000e+03 7.799769820667723508e-02 0.000000000000000000e+00 1.000000000000000000e+00 0.000000000000000000e+00 0.000000000000000000e+00 0.000000000000000000e+00
1.975000000000000000e+03 7.899766869650659551e-02 0.000000000000000000e+00 1.000000000000000000e+00 0.000000000000000000e+00 0.000000000000000000e+00 0.000000000000000000e+00
2.000000000000000000e+03 7.999763918633573390e-02 2.275830678197542133e-04 9.997724169321802190e-01 0.000000000000000000e+00 0.000000000000000000e+00 0.000000000000000000e+00
2.025000000000000000e+03 8.099760967616487228e-02 3.413746017296313199e-04 9.995448338643604380e-01 0.000000000000000000e+00 1.137915339098771066e-04 0.000000000000000000e+00
2.050000000000000000e+03 8.199758016599401067e-02 1.137915339098771066e-04 9.998862084660901095e-01 0.000000000000000000e+00 0.000000000000000000e+00 0.000000000000000000e+00
2.075000000000000000e+03 8.299755065582337110e-02 4.551661356395084266e-04 9.995448338643604380e-01 0.000000000000000000e+00 0.000000000000000000e+00 0.000000000000000000e+00
2.100000000000000000e+03 8.399752114565250949e-02 2.275830678197542133e-04 9.997724169321802190e-01 0.000000000000000000e+00 0.000000000000000000e+00 0.000000000000000000e+00
2.125000000000000000e+03 8.499749163548164788e-02 0.000000000000000000e+00 1.000000000000000000e+00 0.000000000000000000e+00 0.000000000000000000e+00 0.000000000000000000e+00
2.150000000000000000e+03 8.599746212531078626e-02 5.689576695493854790e-04 9.994310423304506585e-01 0.000000000000000000e+00 0.000000000000000000e+00 0.000000000000000000e+00
2.175000000000000000e+03 8.699743261514014669e-02 1.593081474738279385e-03 9.984069185252617551e-01 0.000000000000000000e+00 0.000000000000000000e+00 0.000000000000000000e+00
2.200000000000000000e+03 8.799740310496928508e-02 9.103322712790168532e-04 9.989758761948110966e-01 0.000000000000000000e+00 1.137915339098771066e-04 0.000000000000000000e+00
2.225000000000000000e+03 8.899737359479842347e-02 1.137915339098771066e-04 9.998862084660901095e-01 0.000000000000000000e+00 0.000000000000000000e+00 0.000000000000000000e+00
2.250000000000000000e+03 8.999734408462756186e-02 3.413746017296313199e-04 9.996586253982703285e-01 0.000000000000000000e+00 0.000000000000000000e+00 0.000000000000000000e+00
2.275000000000000000e+03 9.099731457445692229e-02 1.137915339098770958e-03 9.988620846609012061e-01 0.000000000000000000e+00 0.000000000000000000e+00 0.000000000000000000e+00
2.300000000000000000e+03 9.199728506428606067e-02 5.689576695493854790e-04 9.994310423304506585e-01 0.000000000000000000e+00 0.000000000000000000e+00 0.000000000000000000e+00
2.325000000000000000e+03 9.299725555411519906e-02 7.965407373691396923e-04 9.990896677287209870e-01 0.000000000000000000e+00 1.137915339098771066e-04 0.000000000000000000e+00
2.350000000000000000e+03 9.399722604394433745e-02 1.024123805188893906e-03 9.989758761948110966e-01 0.000000000000000000e+00 0.000000000000000000e+00 0.000000000000000000e+00
2.375000000000000000e+03 9.499719653377369788e-02 1.024123805188893906e-03 9.988620846609012061e-01 0.000000000000000000e+00 1.137915339098771066e-04 0.000000000000000000e+00
2.400000000000000000e+03 9.599716702360283627e-02 5.689576695493854790e-04 9.994310423304506585e-01 0.000000000000000000e+00 0.000000000000000000e+00 0.000000000000000000e+00
2.425000000000000000e+03 9.699713751343197465e-02 2.503413746017296455e-03 9.974965862539827421e-01 0.000000000000000000e+00 0.000000000000000000e+00 0.000000000000000000e+00
2.450000000000000000e+03 9.799710800326111304e-02 3.186162949476558769e-03 9.968138370505233992e-01 0.000000000000000000e+00 0.000000000000000000e+00 0.000000000000000000e+00
2.475000000000000000e+03 9.899707849309047347e-02 3.072371415566681717e-03 9.969276285844332897e-01 0.000000000000000000e+00 0.000000000000000000e+00 0.000000000000000000e+00
2.500000000000000000e+03 9.999704898291961186e-02 2.503413746017296455e-03 9.972690031861629611e-01 0.000000000000000000e+00 2.275830678197542133e-04 0.000000000000000000e+00
2.525000000000000000e+03 1.009970194727487502e-01 2.844788347746927612e-03 9.971552116522530707e-01 0.000000000000000000e+00 0.000000000000000000e+00 0.000000000000000000e+00
2.550000000000000000e+03 1.019969899625778886e-01 3.072371415566681717e-03 9.968138370505233992e-01 0.000000000000000000e+00 1.137915339098771066e-04 0.000000000000000000e+00
2.575000000000000000e+03 1.029969604524072491e-01 4.210286754665453109e-03 9.957897132453344957e-01 0.000000000000000000e+00 0.000000000000000000e+00 0.000000000000000000e+00
2.600000000000000000e+03 1.039969309422363875e-01 4.210286754665453109e-03 9.956759217114247162e-01 0.000000000000000000e+00 1.137915339098771066e-04 0.000000000000000000e+00
2.625000000000000000e+03 1.049969014320655258e-01 3.641329085116067413e-03 9.962448793809740577e-01 0.000000000000000000e+00 1.137915339098771066e-04 0.000000000000000000e+00
2.650000000000000000e+03 1.059968719218948863e-01 3.186162949476558769e-03 9.964724624487938387e-01 0.000000000000000000e+00 3.413746017296313199e-04 0.000000000000000000e+00
2.675000000000000000e+03 1.069968424117240247e-01 3.072371415566681717e-03 9.967000455166135087e-01 0.000000000000000000e+00 2.275830678197542133e-04 0.000000000000000000e+00
2.700000000000000000e+03 1.079968129015531630e-01 3.527537551206190360e-03 9.962448793809740577e-01 0.000000000000000000e+00 2.275830678197542133e-04 0.000000000000000000e+00
2.725000000000000000e+03 1.089967833913823014e-01 6.372325898953117539e-03 9.936276741010469093e-01 0.000000000000000000e+00 0.000000000000000000e+00 0.000000000000000000e+00
2.750000000000000000e+03 1.099967538812116619e-01 7.624032771961766417e-03 9.922621756941283344e-01 0.000000000000000000e+00 1.137915339098771066e-04 0.000000000000000000e+00
2.775000000000000000e+03 1.109967243710408002e-01 7.737824305871643035e-03 9.914656349567592120e-01 0.000000000000000000e+00 7.965407373691396923e-04 0.000000000000000000e+00
2.800000000000000000e+03 1.119966948608699386e-01 8.989531178880291046e-03 9.904415111515703085e-01 0.000000000000000000e+00 5.689576695493854790e-04 0.000000000000000000e+00
2.825000000000000000e+03 1.129966653506990770e-01 1.467910787437414627e-02 9.836140191169776559e-01 0.000000000000000000e+00 1.706873008648156654e-03 0.000000000000000000e+00
2.850000000000000000e+03 1.139966358405284375e-01 1.399635867091488309e-02 9.849795175238962308e-01 0.000000000000000000e+00 1.024123805188893906e-03 0.000000000000000000e+00
2.875000000000000000e+03 1.149966063303575758e-01 1.524806554392353283e-02 9.833864360491579859e-01 0.000000000000000000e+00 1.365498406918525280e-03 0.000000000000000000e+00
2.900000000000000000e+03 1.159965768201867142e-01 2.093764223941738806e-02 9.770141101502047842e-01 0.000000000000000000e+00 2.048247610377787811e-03 0.000000000000000000e+00
2.925000000000000000e+03 1.169965473100158526e-01 2.389622212107419055e-02 9.718934911242603780e-01 0.000000000000000000e+00 4.210286754665453109e-03 0.000000000000000000e+00
2.950000000000000000e+03 1.179965177998452130e-01 3.402366863905325473e-02 9.533454710969503365e-01 0.000000000000000000e+00 1.263086026399635846e-02 0.000000000000000000e+00
2.975000000000000000e+03 1.189964882896743514e-01 5.257168866636321991e-02 9.221665908056441152e-01 0.000000000000000000e+00 2.526172052799271692e-02 0.000000000000000000e+00
3.000000000000000000e+03 1.199964587795034898e-01 8.693673190714611143e-02 8.505917159763313196e-01 0.000000000000000000e+00 6.247155211652252738e-02 0.000000000000000000e+00
3.025000000000000000e+03 1.209964292693326282e-01 1.414428766499772339e-01 7.331588529813382049e-01 0.000000000000000000e+00 1.253982703686845612e-01 0.000000000000000000e+00
3.050000000000000000e+03 1.219963997591619886e-01 1.987938097405552995e-01 5.708921256258534527e-01 0.000000000000000000e+00 2.303140646335912478e-01 0.000000000000000000e+00
3.075000000000000000e+03 1.229963702489911270e-01 2.768548020027309930e-01 3.764223941738734647e-01 1.137915339098771066e-04 3.466090122894856518e-01 0.000000000000000000e+00
3.100000000000000000e+03 1.239963407388202654e-01 3.288575329995448437e-01 2.278106508875739622e-01 1.137915339098771066e-04 4.432180245789713036e-01 0.000000000000000000e+00
3.125000000000000000e+03 1.249963112286494038e-01 3.525261720527992915e-01 1.445152480655439164e-01 1.137915339098771066e-04 5.028447883477469293e-01 0.000000000000000000e+00
3.150000000000000000e+03 1.259962817184787642e-01 3.482020937642239522e-01 1.044606281292671801e-01 1.251706873008648227e-03 5.460855712335002110e-01 0.000000000000000000e+00
3.175000000000000000e+03 1.269962522083079026e-01 3.534365043240783044e-01 6.907146108329539902e-02 2.162039144287664864e-03 5.753299954483386269e-01 0.000000000000000000e+00
3.200000000000000000e+03 1.279962226981370410e-01 3.627674101046882149e-01 6.554392353208920996e-02 2.844788347746927612e-03 5.688438780154756458e-01 0.000000000000000000e+00
3.225000000000000000e+03 1.289961931879664014e-01 3.757396449704141772e-01 8.056440600819299303e-02 4.437869822485207214e-03 5.392580791989075584e-01 0.000000000000000000e+00
3.250000000000000000e+03 1.299961636777955398e-01 3.909877105143377274e-01 9.535730541647700897e-02 1.069640418752844727e-02 5.029585798816568198e-01 0.000000000000000000e+00
3.275000000000000000e+03 1.309961341676246782e-01 4.035047792444242387e-01 1.053709604005461931e-01 1.979972690031861493e-02 4.713245334547109811e-01 0.000000000000000000e+00
3.300000000000000000e+03 1.319961046574538166e-01 4.205735093309057593e-01 1.119708693673190647e-01 3.743741465634956717e-02 4.300182066454255603e-01 0.000000000000000000e+00
3.325000000000000000e+03 1.329960751472831770e-01 4.308147473827947382e-01 1.194811106053709632e-01 6.156121984524351443e-02 3.881429221665907980e-01 0.000000000000000000e+00
3.350000000000000000e+03 1.339960456371123154e-01 4.484524351388256558e-01 1.233500227583067821e-01 8.750568957669549452e-02 3.406918525261720676e-01 0.000000000000000000e+00
3.375000000000000000e+03 1.349960161269414538e-01 4.540282203004096240e-01 1.298361401911697632e-01 1.152708238507055144e-01 3.008648156577150568e-01 0.000000000000000000e+00
3.400000000000000000e+03 1.359959866167705922e-01 4.642694583522986029e-01 1.462221210741920796e-01 1.375739644970414288e-01 2.519344560764679164e-01 0.000000000000000000e+00
3.425000000000000000e+03 1.369959571065999526e-01 4.749658625398270329e-01 1.656804733727810786e-01 1.457669549385525731e-01 2.135867091488393155e-01 0.000000000000000000e+00
3.450000000000000000e+03 1.379959275964290910e-01 4.650659990896677254e-01 1.907146108329540179e-01 1.573736913973600438e-01 1.868456986800182129e-01 0.000000000000000000e+00
3.475000000000000000e+03 1.389958980862582294e-01 4.703004096495220776e-01 1.999317250796540657e-01 1.654528903049612976e-01 1.643149749658625314e-01 0.000000000000000000e+00
3.500000000000000000e+03 1.399958685760873678e-01 4.621074192080109055e-01 2.059626763768775681e-01 1.726217569412835662e-01 1.593081474738279601e-01 0.000000000000000000e+00
3.525000000000000000e+03 1.409958390659167282e-01 4.567592171142467183e-01 2.078971324533454845e-01 1.746700045516613453e-01 1.606736458807464796e-01 0.000000000000000000e+00
3.550000000000000000e+03 1.419958095557458666e-01 4.637005006827492060e-01 2.071005917159763343e-01 1.760355029585798925e-01 1.531634046426945950e-01 0.000000000000000000e+00
3.575000000000000000e+03 1.429957800455750050e-01 4.406008192990441552e-01 2.114246700045516736e-01 1.768320436959490149e-01 1.711424670004551563e-01 0.000000000000000000e+00
3.600000000000000000e+03 1.439957505354041434e-01 4.330905780609922706e-01 2.163177059626763821e-01 1.792216659080564378e-01 1.713700500682749095e-01 0.000000000000000000e+00
3.625000000000000000e+03 1.449957210252335038e-01 4.178425125170687204e-01 2.217796995903504875e-01 1.917387346381429214e-01 1.686390532544378706e-01 0.000000000000000000e+00
3.650000000000000000e+03 1.459956915150626422e-01 4.111288120163859583e-01 2.274692762858443462e-01 2.010696404187528319e-01 1.603322712790168358e-01 0.000000000000000000e+00
3.675000000000000000e+03 1.469956620048917806e-01 4.088529813381884259e-01 2.389622212107419263e-01 1.976558944014565333e-01 1.545289030496131144e-01 0.000000000000000000e+00
3.700000000000000000e+03 1.479956324947209190e-01 4.076012744651797970e-01 2.463586709148839204e-01 2.085798816568047442e-01 1.374601729631315383e-01 0.000000000000000000e+00
3.725000000000000000e+03 1.489956029845502794e-01 4.103322712790168358e-01 2.556895766954938587e-01 2.067592171142466906e-01 1.272189349112426149e-01 0.000000000000000000e+00
3.750000000000000000e+03 1.499955734743794178e-01 4.011151570323168158e-01 2.638825671370050308e-01 2.022075557578516258e-01 1.327947200728265831e-01 0.000000000000000000e+00
3.775000000000000000e+03 1.509955439642085562e-01 4.028220300409649512e-01 2.696859353664087244e-01 1.990213928083750528e-01 1.284706417842512438e-01 0.000000000000000000e+00
3.800000000000000000e+03 1.519955144540376946e-01 4.041875284478834707e-01 2.761720527992717611e-01 1.989076012744651900e-01 1.207328174783796060e-01 0.000000000000000000e+00
3.825000000000000000e+03 1.529954849438670550e-01 4.028220300409649512e-01 2.829995448338643582e-01 1.953800637232590010e-01 1.187983614019117035e-01 0.000000000000000000e+00
3.850000000000000000e+03 1.539954554336961934e-01 4.153390987710514071e-01 2.810650887573964418e-01 1.912835685025034149e-01 1.123122439690487084e-01 0.000000000000000000e+00
3.875000000000000000e+03 1.549954259235253318e-01 4.103322712790168358e-01 2.882339553937187104e-01 1.902594446973145115e-01 1.111743286299499284e-01 0.000000000000000000e+00
3.900000000000000000e+03 1.559953964133546922e-01 3.954255803368229572e-01 2.957441966317705950e-01 1.972007282658170269e-01 1.116294947655894348e-01 0.000000000000000000e+00
3.925000000000000000e+03 1.569953669031838306e-01 4.046426945835229771e-01 2.989303595812471404e-01 1.994765589440145592e-01 9.695038689121529552e-02 0.000000000000000000e+00
3.950000000000000000e+03 1.579953373930129690e-01 4.170459717796995980e-01 2.960855712335002110e-01 2.016385980883022289e-01 8.522985889849794827e-02 0.000000000000000000e+00
3.975000000000000000e+03 1.589953078828421074e-01 4.104460628129267263e-01 2.960855712335002110e-01 2.042558033682294050e-01 8.921256258534364381e-02 0.000000000000000000e+00
4.000000000000000000e+03 1.599952783726714678e-01 4.080564406008193035e-01 3.015475648611743442e-01 2.086936731907146070e-01 8.170232134729175921e-02 0.000000000000000000e+00
4.025000000000000000e+03 1.609952488625006062e-01 4.173873463814292140e-01 2.972234865725990050e-01 2.041420118343195145e-01 8.124715521165225274e-02 0.000000000000000000e+00
4.050000000000000000e+03 1.619952193523297446e-01 4.206873008648156498e-01 2.926718252162039402e-01 2.033454710969503920e-01 8.329540282203004575e-02 0.000000000000000000e+00
4.075000000000000000e+03 1.629951898421588830e-01 4.137460172963131622e-01 2.973372781065088954e-01 2.065316340464269373e-01 8.238507055075101893e-02 0.000000000000000000e+00
4.100000000000000000e+03 1.639951603319882434e-01 4.250113791533909890e-01 2.957441966317705950e-01 2.002730996813837094e-01 7.897132453345470648e-02 0.000000000000000000e+00
4.125000000000000000e+03 1.649951308218173818e-01 4.258079198907601115e-01 2.961993627674101015e-01 2.049385525716886647e-01 7.305416477014110843e-02 0.000000000000000000e+00
4.150000000000000000e+03 1.659951013116465202e-01 4.299044151115157253e-01 2.959717796995903760e-01 2.003868912152935722e-01 7.373691397360036814e-02 0.000000000000000000e+00
4.175000000000000000e+03 1.669950718014756585e-01 4.336595357305416676e-01 2.961993627674101015e-01 2.028903049613108855e-01 6.725079654073737312e-02 0.000000000000000000e+00
4.200000000000000000e+03 1.679950422913050190e-01 4.340009103322712836e-01 2.943786982248520756e-01 2.082385070550751005e-01 6.338188438780155420e-02 0.000000000000000000e+00
4.225000000000000000e+03 1.689950127811341574e-01 4.274010013654984119e-01 2.959717796995903760e-01 2.094902139280837572e-01 6.713700500682749650e-02 0.000000000000000000e+00
4.250000000000000000e+03 1.699949832709632958e-01 4.338871187983613931e-01 2.933545744196631722e-01 2.026627218934911323e-01 7.009558488848430247e-02 0.000000000000000000e+00
4.275000000000000000e+03 1.709949537607924341e-01 4.304733727810650668e-01 2.961993627674101015e-01 2.030040964952207483e-01 7.032316795630405570e-02 0.000000000000000000e+00
4.300000000000000000e+03 1.719949242506217946e-01 4.263768775603095085e-01 2.972234865725990050e-01 2.039144287664997612e-01 7.248520710059171146e-02 0.000000000000000000e+00
4.325000000000000000e+03 1.729948947404509330e-01 4.319526627218934767e-01 2.975648611743286209e-01 1.991351843422849432e-01 7.134729176149294527e-02 0.000000000000000000e+00
4.350000000000000000e+03 1.739948652302800713e-01 4.248975876194810986e-01 2.982476103777879084e-01 1.989076012744651900e-01 7.794720072826581692e-02 0.000000000000000000e+00
4.375000000000000000e+03 1.749948357201092097e-01 4.280837505689576439e-01 2.961993627674101015e-01 2.020937642239417353e-01 7.362312243969049153e-02 0.000000000000000000e+00
4.400000000000000000e+03 1.759948062099385702e-01 4.360491579426490905e-01 2.907373691397360238e-01 1.968593536640873831e-01 7.635411925352754425e-02 0.000000000000000000e+00
4.425000000000000000e+03 1.769947766997677085e-01 4.300182066454255603e-01 2.890304961310878329e-01 2.048247610377788019e-01 7.612653618570777714e-02 0.000000000000000000e+00
4.450000000000000000e+03 1.779947471895968469e-01 4.286527082385070408e-01 2.928994082840236657e-01 2.099453800637232637e-01 6.850250341374601593e-02 0.000000000000000000e+00
4.475000000000000000e+03 1.789947176794259853e-01 4.344560764679107900e-01 2.894856622667273394e-01 2.108557123350022766e-01 6.520254893035958010e-02 0.000000000000000000e+00
4.500000000000000000e+03 1.799946881692553458e-01 4.410559854346836617e-01 2.843650432407828776e-01 2.085798816568047442e-01 6.599908966772871644e-02 0.000000000000000000e+00
4.525000000000000000e+03 1.809946586590844841e-01 4.287664997724169313e-01 2.895994538006372299e-01 2.129039599453800558e-01 6.873008648156576916e-02 0.000000000000000000e+00
4.550000000000000000e+03 1.819946291489136225e-01 4.354802002730996935e-01 2.909649522075557493e-01 2.081247155211652378e-01 6.543013199817933334e-02 0.000000000000000000e+00
4.575000000000000000e+03 1.829945996387429830e-01 4.292216659080564378e-01 2.925580336822940497e-01 2.129039599453800558e-01 6.531634046426945672e-02 0.000000000000000000e+00
4.600000000000000000e+03 1.839945701285721213e-01 4.368456986800182129e-01 2.860719162494310686e-01 2.131315430131998090e-01 6.395084205735093730e-02 0.000000000000000000e+00
4.625000000000000000e+03 1.849945406184012597e-01 4.395766954938552518e-01 2.845926263086026586e-01 2.109695038689121394e-01 6.486117432862995025e-02 0.000000000000000000e+00
4.650000000000000000e+03 1.859945111082303981e-01 4.412835685025033872e-01 2.862994993172507940e-01 2.142694583522985752e-01 5.814747382794720199e-02 0.000000000000000000e+00
4.675000000000000000e+03 1.869944815980597586e-01 4.415111515703231682e-01 2.890304961310878329e-01 2.139280837505689592e-01 5.553026854802002588e-02 0.000000000000000000e+00
4.700000000000000000e+03 1.879944520878888969e-01 4.393491124260355263e-01 2.909649522075557493e-01 2.104005461993627701e-01 5.928538916704597511e-02 0.000000000000000000e+00
4.725000000000000000e+03 1.889944225777180353e-01 4.375284478834774449e-01 2.949476558944014726e-01 2.102867546654528796e-01 5.723714155666818210e-02 0.000000000000000000e+00
4.750000000000000000e+03 1.899943930675471737e-01 4.448111060537096040e-01 2.917614929449248717e-01 2.130177514792899462e-01 5.040964952207555722e-02 0.000000000000000000e+00
4.775000000000000000e+03 1.909943635573765341e-01 4.519799726900318726e-01 2.851615839781520001e-01 2.034592626308602548e-01 5.939918070095585173e-02 0.000000000000000000e+00
4.800000000000000000e+03 1.919943340472056725e-01 4.500455166135639562e-01 2.903959945380063523e-01 2.038006372325898985e-01 5.575785161583977911e-02 0.000000000000000000e+00
4.825000000000000000e+03 1.929943045370348109e-01 4.534592626308602825e-01 2.877787892580792040e-01 2.052799271734183084e-01 5.348202093764223980e-02 0.000000000000000000e+00
4.850000000000000000e+03 1.939942750268639493e-01 4.566454255803368278e-01 2.810650887573964418e-01 2.065316340464269373e-01 5.575785161583977911e-02 0.000000000000000000e+00
4.875000000000000000e+03 1.949942455166933097e-01 4.596040054619936477e-01 2.811788802913063323e-01 2.056213017751479244e-01 5.359581247155211642e-02 0.000000000000000000e+00
4.900000000000000000e+03 1.959942160065224481e-01 4.621074192080109055e-01 2.733272644515248317e-01 2.085798816568047442e-01 5.598543468365953235e-02 0.000000000000000000e+00
4.925000000000000000e+03 1.969941864963515865e-01 4.767865270823850588e-01 2.680928538916704795e-01 2.066454255803368278e-01 4.847519344560764776e-02 0.000000000000000000e+00
4.950000000000000000e+03 1.979941569861807249e-01 4.621074192080109055e-01 2.715065999089667503e-01 2.126763768775603025e-01 5.370960400546199304e-02 0.000000000000000000e+00
4.975000000000000000e+03 1.989941274760100853e-01 4.670004551661356418e-01 2.658170232134728916e-01 2.102867546654528796e-01 5.689576695493855224e-02 0.000000000000000000e+00
5.000000000000000000e+03 1.999940979658392237e-01 4.746244879380974169e-01 2.620619025944469493e-01 2.078971324533454845e-01 5.541647701411014926e-02 0.000000000000000000e+00
5.025000000000000000e+03 2.009940684556683621e-01 4.736003641329085134e-01 2.641101502048247562e-01 2.100591715976331264e-01 5.223031406463359005e-02 0.000000000000000000e+00
5.050000000000000000e+03 2.019940389454975005e-01 4.733727810650887324e-01 2.592171142467000200e-01 2.108557123350022766e-01 5.655439235320892238e-02 0.000000000000000000e+00
5.075000000000000000e+03 2.029940094353268609e-01 4.773554847519344557e-01 2.551206190259444617e-01 2.099453800637232637e-01 5.757851615839781195e-02 0.000000000000000000e+00
5.100000000000000000e+03 2.039939799251559993e-01 4.787209831588529751e-01 2.530723714155666548e-01 2.166590805644059980e-01 5.154756486117433034e-02 0.000000000000000000e+00
5.125000000000000000e+03 2.049939504149851377e-01 4.757624032771961553e-01 2.502275830678197810e-01 2.184797451069640517e-01 5.553026854802002588e-02 0.000000000000000000e+00
5.150000000000000000e+03 2.059939209048144981e-01 4.891898042785616796e-01 2.480655439235320836e-01 2.106281292671825234e-01 5.211652253072371344e-02 0.000000000000000000e+00
5.175000000000000000e+03 2.069938913946436365e-01 4.862312243969048597e-01 2.497724169321802468e-01 2.119936276741010428e-01 5.200273099681383682e-02 0.000000000000000000e+00
5.200000000000000000e+03 2.079938618844727749e-01 4.814519799726900140e-01 2.505689576695493970e-01 2.144970414201183562e-01 5.348202093764223980e-02 0.000000000000000000e+00
5.225000000000000000e+03 2.089938323743019133e-01 4.774692762858443462e-01 2.563723258989530907e-01 2.147246244879381094e-01 5.143377332726445372e-02 0.000000000000000000e+00
5.250000000000000000e+03 2.099938028641312737e-01 4.784934000910332497e-01 2.518206645425580259e-01 2.115384615384615363e-01 5.814747382794720199e-02 0.000000000000000000e+00
5.275000000000000000e+03 2.109937733539604121e-01 4.718934911242603780e-01 2.578516158397815006e-01 2.125625853436504398e-01 5.769230769230769551e-02 0.000000000000000000e+00
5.300000000000000000e+03 2.119937438437895505e-01 4.806554392353208915e-01 2.555757851615839682e-01 2.075557578516158408e-01 5.621301775147929253e-02 0.000000000000000000e+00
5.325000000000000000e+03 2.129937143336186889e-01 4.782658170232134687e-01 2.605826126536185949e-01 2.030040964952207483e-01 5.814747382794720199e-02 0.000000000000000000e+00
5.350000000000000000e+03 2.139936848234480493e-01 4.856622667273554628e-01 2.614929449248976079e-01 2.060764679107874309e-01 4.676832043695949154e-02 0.000000000000000000e+00
5.375000000000000000e+03 2.149936553132771877e-01 4.891898042785616796e-01 2.602412380518889234e-01 2.028903049613108855e-01 4.767865270823850449e-02 0.000000000000000000e+00
5.400000000000000000e+03 2.159936258031063261e-01 4.815657715065999045e-01 2.642239417387346467e-01 2.034592626308602548e-01 5.075102412380518707e-02 0.000000000000000000e+00
5.425000000000000000e+03 2.169935962929354645e-01 4.788347746927628656e-01 2.707100591715976279e-01 2.040282203004096517e-01 4.642694583522986168e-02 0.000000000000000000e+00
5.450000000000000000e+03 2.179935667827648249e-01 4.763313609467455523e-01 2.740100136549840637e-01 2.014110150204824756e-01 4.824761037778789452e-02 0.000000000000000000e+00
5.475000000000000000e+03 2.189935372725939633e-01 4.773554847519344557e-01 2.759444697314519801e-01 1.997041420118343125e-01 4.699590350477924477e-02 0.000000000000000000e+00
5.500000000000000000e+03 2.199935077624231017e-01 4.764451524806554428e-01 2.787892580791989094e-01 1.967455621301775204e-01 4.802002730996814128e-02 0.000000000000000000e+00
5.525000000000000000e+03 2.209934782522522401e-01 4.764451524806554428e-01 2.818616294947655643e-01 1.954938552571688637e-01 4.619936276741010150e-02 0.000000000000000000e+00
5.550000000000000000e+03 2.219934487420816005e-01 4.766727355484751683e-01 2.844788347746927681e-01 1.951524806554392477e-01 4.369594902139280895e-02 0.000000000000000000e+00
5.575000000000000000e+03 2.229934192319107389e-01 4.724624487938097195e-01 2.828857532999544677e-01 1.935593991807009473e-01 5.109239872553481693e-02 0.000000000000000000e+00
5.600000000000000000e+03 2.239933897217398773e-01 4.704142011834319681e-01 2.849340009103322746e-01 1.959490213928083702e-01 4.870277651342740100e-02 0.000000000000000000e+00
5.625000000000000000e+03 2.249933602115690157e-01 4.725762403277196100e-01 2.839098771051433712e-01 1.931042330450614408e-01 5.040964952207555722e-02 0.000000000000000000e+00
5.650000000000000000e+03 2.259933307013983761e-01 4.704142011834319681e-01 2.857305416477013971e-01 1.949248975876194945e-01 4.893035958124715423e-02 0.000000000000000000e+00
5.675000000000000000e+03 2.269933011912275145e-01 4.729176149294492260e-01 2.858443331816112876e-01 1.927628584433318248e-01 4.847519344560764776e-02 0.000000000000000000e+00
