# itime ezz other fcc hcp bcc ico
0.000000000000000000e+00 0.000000000000000000e+00 0.000000000000000000e+00 1.000000000000000000e+00 0.000000000000000000e+00 0.000000000000000000e+00 0.000000000000000000e+00
2.500000000000000000e+01 9.999793529753553400e-04 0.000000000000000000e+00 1.000000000000000000e+00 0.000000000000000000e+00 0.000000000000000000e+00 0.000000000000000000e+00
5.000000000000000000e+01 1.999958705950932725e-03 0.000000000000000000e+00 1.000000000000000000e+00 0.000000000000000000e+00 0.000000000000000000e+00 0.000000000000000000e+00
7.500000000000000000e+01 2.999938058926288065e-03 0.000000000000000000e+00 1.000000000000000000e+00 0.000000000000000000e+00 0.000000000000000000e+00 0.000000000000000000e+00
1.000000000000000000e+02 3.999917411901865449e-03 0.000000000000000000e+00 1.000000000000000000e+00 0.000000000000000000e+00 0.000000000000000000e+00 0.000000000000000000e+00
1.250000000000000000e+02 4.999896764877220789e-03 0.000000000000000000e+00 1.000000000000000000e+00 0.000000000000000000e+00 0.000000000000000000e+00 0.000000000000000000e+00
1.500000000000000000e+02 5.999876117852576130e-03 0.000000000000000000e+00 1.000000000000000000e+00 0.000000000000000000e+00 0.000000000000000000e+00 0.000000000000000000e+00
1.750000000000000000e+02 6.999855470828153514e-03 0.000000000000000000e+00 1.000000000000000000e+00 0.000000000000000000e+00 0.000000000000000000e+00 0.000000000000000000e+00
2.000000000000000000e+02 7.999834823803508854e-03 0.000000000000000000e+00 1.000000000000000000e+00 0.000000000000000000e+00 0.000000000000000000e+00 0.000000000000000000e+00
2.250000000000000000e+02 8.999814176779086239e-03 0.000000000000000000e+00 1.000000000000000000e+00 0.000000000000000000e+00 0.000000000000000000e+00 0.000000000000000000e+00
2.500000000000000000e+02 9.999793529754441579e-03 0.000000000000000000e+00 1.000000000000000000e+00 0.000000000000000000e+00 0.000000000000000000e+00 0.000000000000000000e+00
2.750000000000000000e+02 1.099977288272979692e-02 0.000000000000000000e+00 1.000000000000000000e+00 0.000000000000000000e+00 0.000000000000000000e+00 0.000000000000000000e+00
3.000000000000000000e+02 1.199975223570537430e-02 0.000000000000000000e+00 1.000000000000000000e+00 0.000000000000000000e+00 0.000000000000000000e+00 0.000000000000000000e+00
3.250000000000000000e+02 1.299973158868072964e-02 0.000000000000000000e+00 1.000000000000000000e+00 0.000000000000000000e+00 0.000000000000000000e+00 0.000000000000000000e+00
3.500000000000000000e+02 1.399971094165630703e-02 0.000000000000000000e+00 1.000000000000000000e+00 0.000000000000000000e+00 0.000000000000000000e+00 0.000000000000000000e+00
3.750000000000000000e+02 1.499969029463166237e-02 0.000000000000000000e+00 1.000000000000000000e+00 0.000000000000000000e+00 0.000000000000000000e+00 0.000000000000000000e+00
4.000000000000000000e+02 1.599966964760701771e-02 0.000000000000000000e+00 1.000000000000000000e+00 0.000000000000000000e+00 0.000000000000000000e+00 0.000000000000000000e+00
4.250000000000000000e+02 1.699964900058259509e-02 0.000000000000000000e+00 1.000000000000000000e+00 0.000000000000000000e+00 0.000000000000000000e+00 0.000000000000000000e+00
4.500000000000000000e+02 1.799962835355795043e-02 0.000000000000000000e+00 1.000000000000000000e+00 0.000000000000000000e+00 0.000000000000000000e+00 0.000000000000000000e+00
4.750000000000000000e+02 1.899960770653330577e-02 0.000000000000000000e+00 1.000000000000000000e+00 0.000000000000000000e+00 0.000000000000000000e+00 0.000000000000000000e+00
5.000000000000000000e+02 1.999958705950888316e-02 0.000000000000000000e+00 1.000000000000000000e+00 0.000000000000000000e+00 0.000000000000000000e+00 0.000000000000000000e+00
5.250000000000000000e+02 2.099956641248423850e-02 0.000000000000000000e+00 1.000000000000000000e+00 0.000000000000000000e+00 0.000000000000000000e+00 0.000000000000000000e+00
5.500000000000000000e+02 2.199954576545981588e-02 0.000000000000000000e+00 1.000000000000000000e+00 0.000000000000000000e+00 0.000000000000000000e+00 0.000000000000000000e+00
5.750000000000000000e+02 2.299952511843517122e-02 0.000000000000000000e+00 1.000000000000000000e+00 0.000000000000000000e+00 0.000000000000000000e+00 0.000000000000000000e+00
6.000000000000000000e+02 2.399950447141052656e-02 0.000000000000000000e+00 1.000000000000000000e+00 0.000000000000000000e+00 0.000000000000000000e+00 0.000000000000000000e+00
6.250000000000000000e+02 2.499948382438610395e-02 0.000000000000000000e+00 1.000000000000000000e+00 0.000000000000000000e+00 0.000000000000000000e+00 0.000000000000000000e+00
6.500000000000000000e+02 2.599946317736145929e-02 0.000000000000000000e+00 1.000000000000000000e+00 0.000000000000000000e+00 0.000000000000000000e+00 0.000000000000000000e+00
6.750000000000000000e+02 2.699944253033703667e-02 0.000000000000000000e+00 1.000000000000000000e+00 0.000000000000000000e+00 0.000000000000000000e+00 0.000000000000000000e+00
7.000000000000000000e+02 2.799942188331239201e-02 0.000000000000000000e+00 1.000000000000000000e+00 0.000000000000000000e+00 0.000000000000000000e+00 0.000000000000000000e+00
7.250000000000000000e+02 2.899940123628774735e-02 0.000000000000000000e+00 1.000000000000000000e+00 0.000000000000000000e+00 0.000000000000000000e+00 0.000000000000000000e+00
7.500000000000000000e+02 2.999938058926332474e-02 0.000000000000000000e+00 1.000000000000000000e+00 0.000000000000000000e+00 0.000000000000000000e+00 0.000000000000000000e+00
7.750000000000000000e+02 3.099935994223868008e-02 0.000000000000000000e+00 1.000000000000000000e+00 0.000000000000000000e+00 0.000000000000000000e+00 0.000000000000000000e+00
8.000000000000000000e+02 3.199933929521425746e-02 0.000000000000000000e+00 1.000000000000000000e+00 0.000000000000000000e+00 0.000000000000000000e+00 0.000000000000000000e+00
8.250000000000000000e+02 3.299931864818961280e-02 0.000000000000000000e+00 1.000000000000000000e+00 0.000000000000000000e+00 0.000000000000000000e+00 0.000000000000000000e+00
8.500000000000000000e+02 3.399929800116496814e-02 0.000000000000000000e+00 1.000000000000000000e+00 0.000000000000000000e+00 0.000000000000000000e+00 0.000000000000000000e+00
8.750000000000000000e+02 3.499927735414054553e-02 0.000000000000000000e+00 1.000000000000000000e+00 0.000000000000000000e+00 0.000000000000000000e+00 0.000000000000000000e+00
9.000000000000000000e+02 3.599925670711590087e-02 0.000000000000000000e+00 1.000000000000000000e+00 0.000000000000000000e+00 0.000000000000000000e+00 0.000000000000000000e+00
9.250000000000000000e+02 3.699923606009147825e-02 0.000000000000000000e+00 1.000000000000000000e+00 0.000000000000000000e+00 0.000000000000000000e+00 0.000000000000000000e+00
9.500000000000000000e+02 3.799921541306683359e-02 0.000000000000000000e+00 1.000000000000000000e+00 0.000000000000000000e+00 0.000000000000000000e+00 0.000000000000000000e+00
9.750000000000000000e+02 3.899919476604218893e-02 0.000000000000000000e+00 1.000000000000000000e+00 0.000000000000000000e+00 0.000000000000000000e+00 0.000000000000000000e+00
1.000000000000000000e+03 3.999917411901776632e-02 0.000000000000000000e+00 1.000000000000000000e+00 0.000000000000000000e+00 0.000000000000000000e+00 0.000000000000000000e+00
1.025000000000000000e+03 4.099915347199312166e-02 0.000000000000000000e+00 1.000000000000000000e+00 0.000000000000000000e+00 0.000000000000000000e+00 0.000000000000000000e+00
1.050000000000000000e+03 4.199913282496869904e-02 0.000000000000000000e+00 1.000000000000000000e+00 0.000000000000000000e+00 0.000000000000000000e+00 0.000000000000000000e+00
1.075000000000000000e+03 4.299911217794405438e-02 0.000000000000000000e+00 1.000000000000000000e+00 0.000000000000000000e+00 0.000000000000000000e+00 0.000000000000000000e+00
1.100000000000000000e+03 4.399909153091940972e-02 0.000000000000000000e+00 1.000000000000000000e+00 0.000000000000000000e+00 0.000000000000000000e+00 0.000000000000000000e+00
1.125000000000000000e+03 4.499907088389498711e-02 0.000000000000000000e+00 1.000000000000000000e+00 0.000000000000000000e+00 0.000000000000000000e+00 0.000000000000000000e+00
1.150000000000000000e+03 4.599905023687034245e-02 0.000000000000000000e+00 1.000000000000000000e+00 0.000000000000000000e+00 0.000000000000000000e+00 0.000000000000000000e+00
1.175000000000000000e+03 4.699902958984591983e-02 0.000000000000000000e+00 1.000000000000000000e+00 0.000000000000000000e+00 0.000000000000000000e+00 0.000000000000000000e+00
1.200000000000000000e+03 4.799900894282127517e-02 0.000000000000000000e+00 1.000000000000000000e+00 0.000000000000000000e+00 0.000000000000000000e+00 0.000000000000000000e+00
1.225000000000000000e+03 4.899898829579663051e-02 0.000000000000000000e+00 1.000000000000000000e+00 0.000000000000000000e+00 0.000000000000000000e+00 0.000000000000000000e+00
1.250000000000000000e+03 4.999896764877220789e-02 0.000000000000000000e+00 1.000000000000000000e+00 0.000000000000000000e+00 0.000000000000000000e+00 0.000000000000000000e+00
1.275000000000000000e+03 5.099894700174756323e-02 0.000000000000000000e+00 1.000000000000000000e+00 0.000000000000000000e+00 0.000000000000000000e+00 0.000000000000000000e+00
1.300000000000000000e+03 5.199892635472314062e-02 0.000000000000000000e+00 1.000000000000000000e+00 0.000000000000000000e+00 0.000000000000000000e+00 0.000000000000000000e+00
1.325000000000000000e+03 5.299890570769849596e-02 0.000000000000000000e+00 1.000000000000000000e+00 0.000000000000000000e+00 0.000000000000000000e+00 0.000000000000000000e+00
1.350000000000000000e+03 5.399888506067385130e-02 0.000000000000000000e+00 1.000000000000000000e+00 0.000000000000000000e+00 0.000000000000000000e+00 0.000000000000000000e+00
1.375000000000000000e+03 5.499886441364942868e-02 0.000000000000000000e+00 1.000000000000000000e+00 0.000000000000000000e+00 0.000000000000000000e+00 0.000000000000000000e+00
1.400000000000000000e+03 5.599884376662478402e-02 0.000000000000000000e+00 1.000000000000000000e+00 0.000000000000000000e+00 0.000000000000000000e+00 0.000000000000000000e+00
1.425000000000000000e+03 5.699882311960013936e-02 0.000000000000000000e+00 1.000000000000000000e+00 0.000000000000000000e+00 0.000000000000000000e+00 0.000000000000000000e+00
1.450000000000000000e+03 5.799880247257571675e-02 0.000000000000000000e+00 1.000000000000000000e+00 0.000000000000000000e+00 0.000000000000000000e+00 0.000000000000000000e+00
1.475000000000000000e+03 5.899878182555107209e-02 0.000000000000000000e+00 1.000000000000000000e+00 0.000000000000000000e+00 0.000000000000000000e+00 0.000000000000000000e+00
1.500000000000000000e+03 5.999876117852664947e-02 0.000000000000000000e+00 1.000000000000000000e+00 0.000000000000000000e+00 0.000000000000000000e+00 0.000000000000000000e+00
1.525000000000000000e+03 6.099874053150200481e-02 0.000000000000000000e+00 1.000000000000000000e+00 0.000000000000000000e+00 0.000000000000000000e+00 0.000000000000000000e+00
1.550000000000000000e+03 6.199871988447736015e-02 1.137915339098771066e-04 9.998862084660901095e-01 0.000000000000000000e+00 0.000000000000000000e+00 0.000000000000000000e+00
1.575000000000000000e+03 6.299869923745293754e-02 0.000000000000000000e+00 1.000000000000000000e+00 0.000000000000000000e+00 0.000000000000000000e+00 0.000000000000000000e+00
1.600000000000000000e+03 6.399867859042829288e-02 0.000000000000000000e+00 1.000000000000000000e+00 0.000000000000000000e+00 0.000000000000000000e+00 0.000000000000000000e+00
1.625000000000000000e+03 6.499865794340387026e-02 0.000000000000000000e+00 1.000000000000000000e+00 0.000000000000000000e+00 0.000000000000000000e+00 0.000000000000000000e+00
1.650000000000000000e+03 6.599863729637922560e-02 0.000000000000000000e+00 1.000000000000000000e+00 0.000000000000000000e+00 0.000000000000000000e+00 0.000000000000000000e+00
1.675000000000000000e+03 6.699861664935458094e-02 0.000000000000000000e+00 1.000000000000000000e+00 0.000000000000000000e+00 0.000000000000000000e+00 0.000000000000000000e+00
1.700000000000000000e+03 6.799859600233015833e-02 0.000000000000000000e+00 1.000000000000000000e+00 0.000000000000000000e+00 0.000000000000000000e+00 0.000000000000000000e+00
1.725000000000000000e+03 6.899857535530551367e-02 0.000000000000000000e+00 1.000000000000000000e+00 0.000000000000000000e+00 0.000000000000000000e+00 0.000000000000000000e+00
1.750000000000000000e+03 6.999855470828109105e-02 0.000000000000000000e+00 1.000000000000000000e+00 0.000000000000000000e+00 0.000000000000000000e+00 0.000000000000000000e+00
1.775000000000000000e+03 7.099853406125644639e-02 0.000000000000000000e+00 1.000000000000000000e+00 0.000000000000000000e+00 0.000000000000000000e+00 0.000000000000000000e+00
1.800000000000000000e+03 7.199851341423180173e-02 0.000000000000000000e+00 1.000000000000000000e+00 0.000000000000000000e+00 0.000000000000000000e+00 0.000000000000000000e+00
1.825000000000000000e+03 7.299849276720737912e-02 0.000000000000000000e+00 1.000000000000000000e+00 0.000000000000000000e+00 0.000000000000000000e+00 0.000000000000000000e+00
1.850000000000000000e+03 7.399847212018273446e-02 0.000000000000000000e+00 1.000000000000000000e+00 0.000000000000000000e+00 0.000000000000000000e+00 0.000000000000000000e+00
1.875000000000000000e+03 7.499845147315831184e-02 0.000000000000000000e+00 1.000000000000000000e+00 0.000000000000000000e+00 0.000000000000000000e+00 0.000000000000000000e+00
1.900000000000000000e+03 7.599843082613366718e-02 7.965407373691396923e-04 9.990896677287209870e-01 0.000000000000000000e+00 1.137915339098771066e-04 0.000000000000000000e+00
1.925000000000000000e+03 7.699841017910902252e-02 3.413746017296313199e-04 9.996586253982703285e-01 0.000000000000000000e+00 0.000000000000000000e+00 0.000000000000000000e+00
1.950000000000000000e+03 7.799838953208459991e-02 0.000000000000000000e+00 1.000000000000000000e+00 0.000000000000000000e+00 0.000000000000000000e+00 0.000000000000000000e+00
1.975000000000000000e+03 7.899836888505995525e-02 2.275830678197542133e-04 9.997724169321802190e-01 0.000000000000000000e+00 0.000000000000000000e+00 0.000000000000000000e+00
2.000000000000000000e+03 7.999834823803553263e-02 4.551661356395084266e-04 9.995448338643604380e-01 0.000000000000000000e+00 0.000000000000000000e+00 0.000000000000000000e+00
2.025000000000000000e+03 8.099832759101088797e-02 0.000000000000000000e+00 1.000000000000000000e+00 0.000000000000000000e+00 0.000000000000000000e+00 0.000000000000000000e+00
2.050000000000000000e+03 8.199830694398624331e-02 1.137915339098771066e-04 9.998862084660901095e-01 0.000000000000000000e+00 0.000000000000000000e+00 0.000000000000000000e+00
2.075000000000000000e+03 8.299828629696182070e-02 3.413746017296313199e-04 9.996586253982703285e-01 0.000000000000000000e+00 0.000000000000000000e+00 0.000000000000000000e+00
2.100000000000000000e+03 8.399826564993717604e-02 4.551661356395084266e-04 9.995448338643604380e-01 0.000000000000000000e+00 0.000000000000000000e+00 0.000000000000000000e+00
2.125000000000000000e+03 8.499824500291275342e-02 1.024123805188893906e-03 9.989758761948110966e-01 0.000000000000000000e+00 0.000000000000000000e+00 0.000000000000000000e+00
2.150000000000000000e+03 8.599822435588810876e-02 4.551661356395084266e-04 9.994310423304506585e-01 0.000000000000000000e+00 1.137915339098771066e-04 0.000000000000000000e+00
2.175000000000000000e+03 8.699820370886346410e-02 0.000000000000000000e+00 1.000000000000000000e+00 0.000000000000000000e+00 0.000000000000000000e+00 0.000000000000000000e+00
2.200000000000000000e+03 8.799818306183904149e-02 1.706873008648156654e-03 9.982931269913518646e-01 0.000000000000000000e+00 0.000000000000000000e+00 0.000000000000000000e+00
2.225000000000000000e+03 8.899816241481439683e-02 1.137915339098770958e-03 9.988620846609012061e-01 0.000000000000000000e+00 0.000000000000000000e+00 0.000000000000000000e+00
2.250000000000000000e+03 8.999814176778997421e-02 4.551661356395084266e-04 9.995448338643604380e-01 0.000000000000000000e+00 0.000000000000000000e+00 0.000000000000000000e+00
2.275000000000000000e+03 9.099812112076532955e-02 0.000000000000000000e+00 1.000000000000000000e+00 0.000000000000000000e+00 0.000000000000000000e+00 0.000000000000000000e+00
2.300000000000000000e+03 9.199810047374068489e-02 7.965407373691396923e-04 9.992034592626308775e-01 0.000000000000000000e+00 0.000000000000000000e+00 0.000000000000000000e+00
2.325000000000000000e+03 9.299807982671626227e-02 1.251706873008648227e-03 9.987482931269913156e-01 0.000000000000000000e+00 0.000000000000000000e+00 0.000000000000000000e+00
2.350000000000000000e+03 9.399805917969161762e-02 5.689576695493854790e-04 9.994310423304506585e-01 0.000000000000000000e+00 0.000000000000000000e+00 0.000000000000000000e+00
2.375000000000000000e+03 9.499803853266697296e-02 1.137915339098770958e-03 9.988620846609012061e-01 0.000000000000000000e+00 0.000000000000000000e+00 0.000000000000000000e+00
2.400000000000000000e+03 9.599801788564255034e-02 1.024123805188893906e-03 9.987482931269913156e-01 0.000000000000000000e+00 2.275830678197542133e-04 0.000000000000000000e+00
2.425000000000000000e+03 9.699799723861790568e-02 2.048247610377787811e-03 9.979517523896221931e-01 0.000000000000000000e+00 0.000000000000000000e+00 0.000000000000000000e+00
2.450000000000000000e+03 9.799797659159348306e-02 9.103322712790168532e-04 9.990896677287209870e-01 0.000000000000000000e+00 0.000000000000000000e+00 0.000000000000000000e+00
2.475000000000000000e+03 9.899795594456883840e-02 1.820664542558033706e-03 9.980655439235320836e-01 0.000000000000000000e+00 1.137915339098771066e-04 0.000000000000000000e+00
2.500000000000000000e+03 9.999793529754419374e-02 3.982703686845699004e-03 9.960172963131542767e-01 0.000000000000000000e+00 0.000000000000000000e+00 0.000000000000000000e+00
2.525000000000000000e+03 1.009979146505197711e-01 4.324078288575329727e-03 9.955621301775148257e-01 0.000000000000000000e+00 1.137915339098771066e-04 0.000000000000000000e+00
2.550000000000000000e+03 1.019978940034951265e-01 5.120619025944469528e-03 9.946517979062358128e-01 0.000000000000000000e+00 2.275830678197542133e-04 0.000000000000000000e+00
2.575000000000000000e+03 1.029978733564707039e-01 2.958579881656804664e-03 9.969276285844332897e-01 0.000000000000000000e+00 1.137915339098771066e-04 0.000000000000000000e+00
2.600000000000000000e+03 1.039978527094460592e-01 5.348202093764223633e-03 9.943104233045061413e-01 0.000000000000000000e+00 3.413746017296313199e-04 0.000000000000000000e+00
2.625000000000000000e+03 1.049978320624214145e-01 4.096495220755575623e-03 9.959035047792443862e-01 0.000000000000000000e+00 0.000000000000000000e+00 0.000000000000000000e+00
2.650000000000000000e+03 1.059978114153969919e-01 5.803368229403732710e-03 9.940828402366863603e-01 0.000000000000000000e+00 1.137915339098771066e-04 0.000000000000000000e+00
2.675000000000000000e+03 1.069977907683723473e-01 4.437869822485207214e-03 9.951069640418752638e-01 0.000000000000000000e+00 4.551661356395084266e-04 0.000000000000000000e+00
2.700000000000000000e+03 1.079977701213479246e-01 6.599908966772872511e-03 9.931725079654073474e-01 0.000000000000000000e+00 2.275830678197542133e-04 0.000000000000000000e+00
2.725000000000000000e+03 1.089977494743232800e-01 4.210286754665453109e-03 9.956759217114247162e-01 0.000000000000000000e+00 1.137915339098771066e-04 0.000000000000000000e+00
2.750000000000000000e+03 1.099977288272986353e-01 7.965407373691398007e-03 9.914656349567592120e-01 0.000000000000000000e+00 5.689576695493854790e-04 0.000000000000000000e+00
2.775000000000000000e+03 1.109977081802742127e-01 4.437869822485207214e-03 9.952207555757851543e-01 0.000000000000000000e+00 3.413746017296313199e-04 0.000000000000000000e+00
2.800000000000000000e+03 1.119976875332495680e-01 8.306781975421027864e-03 9.913518434228493215e-01 0.000000000000000000e+00 3.413746017296313199e-04 0.000000000000000000e+00
2.825000000000000000e+03 1.129976668862251454e-01 9.672280382339554228e-03 9.898725534820209671e-01 0.000000000000000000e+00 4.551661356395084266e-04 0.000000000000000000e+00
2.850000000000000000e+03 1.139976462392005008e-01 1.274465179790623508e-02 9.863450159308146947e-01 0.000000000000000000e+00 9.103322712790168532e-04 0.000000000000000000e+00
2.875000000000000000e+03 1.149976255921758561e-01 1.558944014565316269e-02 9.833864360491579859e-01 0.000000000000000000e+00 1.024123805188893906e-03 0.000000000000000000e+00
2.900000000000000000e+03 1.159976049451514335e-01 1.422394173873463806e-02 9.839553937187073274e-01 0.000000000000000000e+00 1.820664542558033706e-03 0.000000000000000000e+00
2.925000000000000000e+03 1.169975842981267888e-01 1.934456076467910846e-02 9.787209831588530307e-01 0.000000000000000000e+00 1.934456076467910759e-03 0.000000000000000000e+00
2.950000000000000000e+03 1.179975636511023662e-01 2.822030040964952288e-02 9.655211652253072874e-01 0.000000000000000000e+00 6.258534365043240920e-03 0.000000000000000000e+00
2.975000000000000000e+03 1.189975430040777216e-01 3.641329085116067066e-02 9.515248065543923106e-01 0.000000000000000000e+00 1.206190259444697363e-02 0.000000000000000000e+00
3.000000000000000000e+03 1.199975223570530769e-01 6.725079654073737312e-02 8.989531178880291185e-01 0.000000000000000000e+00 3.379608557123350149e-02 0.000000000000000000e+00
3.025000000000000000e+03 1.209975017100286543e-01 1.048020027309968100e-01 8.075785161583978189e-01 0.000000000000000000e+00 8.761948111060537114e-02 0.000000000000000000e+00
3.050000000000000000e+03 1.219974810630040096e-01 1.670459717796995980e-01 6.387118798361401950e-01 0.000000000000000000e+00 1.942421483841602070e-01 0.000000000000000000e+00
3.075000000000000000e+03 1.229974604159795870e-01 2.418070095584888557e-01 4.250113791533909890e-01 0.000000000000000000e+00 3.331816112881201830e-01 0.000000000000000000e+00
3.100000000000000000e+03 1.239974397689549424e-01 3.154301319981793195e-01 2.503413746017296160e-01 2.275830678197542133e-04 4.340009103322712836e-01 0.000000000000000000e+00
3.125000000000000000e+03 1.249974191219302977e-01 3.661811561219845412e-01 1.538461538461538547e-01 2.275830678197542133e-04 4.797451069640418786e-01 0.000000000000000000e+00
3.150000000000000000e+03 1.259973984749058751e-01 3.710741920801092220e-01 1.417842512517068776e-01 1.251706873008648227e-03 4.858898497951752438e-01 0.000000000000000000e+00
3.175000000000000000e+03 1.269973778278812304e-01 3.525261720527992915e-01 1.720527992717341692e-01 7.965407373691396923e-04 4.746244879380974169e-01 0.000000000000000000e+00
3.200000000000000000e+03 1.279973571808568078e-01 3.511606736458807720e-01 2.039144287664997612e-01 5.689576695493854790e-04 4.443559399180700975e-01 0.000000000000000000e+00
3.225000000000000000e+03 1.289973365338321631e-01 3.705052344105598805e-01 1.995903504779244497e-01 4.551661356395084266e-04 4.294492489758762188e-01 0.000000000000000000e+00
3.250000000000000000e+03 1.299973158868075185e-01 3.812016385980883104e-01 1.804733727810650945e-01 1.593081474738279385e-03 4.367319071461083224e-01 0.000000000000000000e+00
3.275000000000000000e+03 1.309972952397830959e-01 3.834774692762858428e-01 1.771734182976786587e-01 5.803368229403732710e-03 4.335457441966317771e-01 0.000000000000000000e+00
3.300000000000000000e+03 1.319972745927584512e-01 3.648156577150660218e-01 1.911697769685935244e-01 1.786527082385070547e-02 4.261492944924897830e-01 0.000000000000000000e+00
3.325000000000000000e+03 1.329972539457338065e-01 3.604915794264906825e-01 1.893491124260354985e-01 3.117888029130632538e-02 4.189804278561675144e-01 0.000000000000000000e+00
3.350000000000000000e+03 1.339972332987093839e-01 3.598088302230313951e-01 1.810423304506144637e-01 4.528903049613108855e-02 4.138598088302230527e-01 0.000000000000000000e+00
3.375000000000000000e+03 1.349972126516847393e-01 3.668639053254437732e-01 1.731907146108329631e-01 6.838871187983613931e-02 3.915566681838871244e-01 0.000000000000000000e+00
3.400000000000000000e+03 1.359971920046603167e-01 3.635639508420573374e-01 1.786527082385070686e-01 8.363677742375967561e-02 3.741465634956759323e-01 0.000000000000000000e+00
3.425000000000000000e+03 1.369971713576356720e-01 3.507055075102412656e-01 1.866181156121984597e-01 8.966772872098316416e-02 3.730086481565771384e-01 0.000000000000000000e+00
3.450000000000000000e+03 1.379971507106110273e-01 3.642467000455166248e-01 1.858215748748293095e-01 9.239872553482020301e-02 3.575329995448338627e-01 0.000000000000000000e+00
3.475000000000000000e+03 1.389971300635866047e-01 3.735776058261265353e-01 1.946973145197997135e-01 1.036640873918980438e-01 3.280609922621757213e-01 0.000000000000000000e+00
3.500000000000000000e+03 1.399971094165619601e-01 3.912152935821575084e-01 1.911697769685935244e-01 1.156121984524351443e-01 3.020027309968138507e-01 0.000000000000000000e+00
3.525000000000000000e+03 1.409970887695375374e-01 3.798361401911697910e-01 1.953800637232590010e-01 1.231224396904870289e-01 3.016613563950841792e-01 0.000000000000000000e+00
3.550000000000000000e+03 1.419970681225128928e-01 3.783568502503413811e-01 2.030040964952207483e-01 1.294947655894401473e-01 2.891442876649977234e-01 0.000000000000000000e+00
3.575000000000000000e+03 1.429970474754882481e-01 3.691397360036413056e-01 2.141556668183887124e-01 1.483841602184797492e-01 2.683204369594902050e-01 0.000000000000000000e+00
3.600000000000000000e+03 1.439970268284638255e-01 3.809740555302685294e-01 2.262175694128356895e-01 1.601046882111970826e-01 2.327036868456986707e-01 0.000000000000000000e+00
3.625000000000000000e+03 1.449970061814391808e-01 3.882567137005006885e-01 2.370277651342740100e-01 1.706873008648156498e-01 2.040282203004096517e-01 0.000000000000000000e+00
3.650000000000000000e+03 1.459969855344147582e-01 3.966772872098315861e-01 2.353208921256258468e-01 1.809285389167046010e-01 1.870732817478379661e-01 0.000000000000000000e+00
3.675000000000000000e+03 1.469969648873901136e-01 4.065771506599908935e-01 2.438552571688666348e-01 1.896904870277651423e-01 1.598771051433773294e-01 0.000000000000000000e+00
3.700000000000000000e+03 1.479969442403654689e-01 4.012289485662266508e-01 2.493172507965407403e-01 1.915111515703231682e-01 1.579426490669094130e-01 0.000000000000000000e+00
3.725000000000000000e+03 1.489969235933410463e-01 4.035047792444242387e-01 2.506827492034592875e-01 1.974283113336367801e-01 1.483841602184797492e-01 0.000000000000000000e+00
3.750000000000000000e+03 1.499969029463164016e-01 4.074874829312699065e-01 2.595584888484296915e-01 1.912835685025034149e-01 1.416704597177969871e-01 0.000000000000000000e+00
3.775000000000000000e+03 1.509968822992919790e-01 3.958807464724624636e-01 2.652480655439235502e-01 2.014110150204824756e-01 1.374601729631315383e-01 0.000000000000000000e+00
3.800000000000000000e+03 1.519968616522673344e-01 4.050978607191624836e-01 2.675238962221210826e-01 2.141556668183887124e-01 1.132225762403277214e-01 0.000000000000000000e+00
3.825000000000000000e+03 1.529968410052426897e-01 4.052116522530723741e-01 2.691169776968593275e-01 2.157487482931269851e-01 1.099226217569412856e-01 0.000000000000000000e+00
3.850000000000000000e+03 1.539968203582182671e-01 4.086253982703687004e-01 2.682066454255803145e-01 2.163177059626763821e-01 1.068502503413746030e-01 0.000000000000000000e+00
3.875000000000000000e+03 1.549967997111936224e-01 3.991807009558488994e-01 2.733272644515248317e-01 2.256486117432862926e-01 1.018434228493400040e-01 0.000000000000000000e+00
3.900000000000000000e+03 1.559967790641691998e-01 4.056668183887118806e-01 2.663859808830222886e-01 2.222348657259899940e-01 1.057123350022758368e-01 0.000000000000000000e+00
3.925000000000000000e+03 1.569967584171445552e-01 3.977014110150204895e-01 2.629722348657259623e-01 2.317933545744196577e-01 1.075329995448338627e-01 0.000000000000000000e+00
3.950000000000000000e+03 1.579967377701199105e-01 4.078288575329995225e-01 2.585343650432407880e-01 2.304278561675011383e-01 1.032089212562585373e-01 0.000000000000000000e+00
3.975000000000000000e+03 1.589967171230954879e-01 4.114701866181156298e-01 2.519344560764679164e-01 2.330450614474283144e-01 1.035502958579881672e-01 0.000000000000000000e+00
4.000000000000000000e+03 1.599966964760708432e-01 4.099908966772872199e-01 2.552344105598543522e-01 2.315657715065999045e-01 1.032089212562585373e-01 0.000000000000000000e+00
4.025000000000000000e+03 1.609966758290464206e-01 4.091943559399180974e-01 2.525034137460173134e-01 2.385070550751024199e-01 9.979517523896222486e-02 0.000000000000000000e+00
4.050000000000000000e+03 1.619966551820217759e-01 4.040737369139735802e-01 2.553482020937642427e-01 2.382794720072826666e-01 1.022985889849795244e-01 0.000000000000000000e+00
4.075000000000000000e+03 1.629966345349971313e-01 4.129494765589440397e-01 2.525034137460173134e-01 2.354346836595357373e-01 9.911242603550296515e-02 0.000000000000000000e+00
4.100000000000000000e+03 1.639966138879727087e-01 4.106736458807464518e-01 2.480655439235320836e-01 2.410104688211197055e-01 1.002503413746017313e-01 0.000000000000000000e+00
4.125000000000000000e+03 1.649965932409480640e-01 4.140873918980427781e-01 2.490896677287209870e-01 2.423759672280382249e-01 9.444697314519799602e-02 0.000000000000000000e+00
4.150000000000000000e+03 1.659965725939236414e-01 4.190942193900774049e-01 2.445380063723258945e-01 2.430587164314974846e-01 9.330905780609922984e-02 0.000000000000000000e+00
4.175000000000000000e+03 1.669965519468989967e-01 4.154528903049612976e-01 2.488620846609012338e-01 2.461310878470641672e-01 8.955393718707328754e-02 0.000000000000000000e+00
4.200000000000000000e+03 1.679965312998743521e-01 4.221665908056440597e-01 2.440828402366863881e-01 2.410104688211197055e-01 9.274010013654984674e-02 0.000000000000000000e+00
4.225000000000000000e+03 1.689965106528499295e-01 4.192080109239872399e-01 2.463586709148839204e-01 2.388484296768320359e-01 9.558488848429676221e-02 0.000000000000000000e+00
4.250000000000000000e+03 1.699964900058252848e-01 4.106736458807464518e-01 2.509103322712790130e-01 2.480655439235320836e-01 9.035047792444242387e-02 0.000000000000000000e+00
4.275000000000000000e+03 1.709964693588006401e-01 4.078288575329995225e-01 2.543240782885753393e-01 2.544378698224852298e-01 8.340919435593992237e-02 0.000000000000000000e+00
4.300000000000000000e+03 1.719964487117762175e-01 4.096495220755576039e-01 2.563723258989530907e-01 2.512517068730086289e-01 8.272644515248064878e-02 0.000000000000000000e+00
4.325000000000000000e+03 1.729964280647515729e-01 4.148839326354119006e-01 2.555757851615839682e-01 2.487482931269913433e-01 8.079198907601274626e-02 0.000000000000000000e+00
4.350000000000000000e+03 1.739964074177271502e-01 4.101046882111971104e-01 2.547792444242148457e-01 2.530723714155666548e-01 8.204369594902138907e-02 0.000000000000000000e+00
4.375000000000000000e+03 1.749963867707025056e-01 4.186390532544378429e-01 2.534137460172963263e-01 2.530723714155666548e-01 7.487482931269913433e-02 0.000000000000000000e+00
4.400000000000000000e+03 1.759963661236778609e-01 4.091943559399180974e-01 2.572826581702321591e-01 2.531861629494765453e-01 8.033682294037323979e-02 0.000000000000000000e+00
4.425000000000000000e+03 1.769963454766534383e-01 4.126081019572143682e-01 2.591033227127901850e-01 2.478379608557123304e-01 8.045061447428311641e-02 0.000000000000000000e+00
4.450000000000000000e+03 1.779963248296287937e-01 4.176149294492489950e-01 2.527309968138370389e-01 2.494310423304506030e-01 8.022303140646336317e-02 0.000000000000000000e+00
4.475000000000000000e+03 1.789963041826043710e-01 4.138598088302230527e-01 2.546654528903049552e-01 2.512517068730086289e-01 8.022303140646336317e-02 0.000000000000000000e+00
4.500000000000000000e+03 1.799962835355797264e-01 4.200045516613564178e-01 2.554619936276740777e-01 2.479517523896222209e-01 7.658170232134729749e-02 0.000000000000000000e+00
4.525000000000000000e+03 1.809962628885550817e-01 4.192080109239872399e-01 2.527309968138370389e-01 2.431725079654073751e-01 8.488848429676831842e-02 0.000000000000000000e+00
4.550000000000000000e+03 1.819962422415306591e-01 4.153390987710514071e-01 2.553482020937642427e-01 2.452207555757851543e-01 8.409194355939918208e-02 0.000000000000000000e+00
4.575000000000000000e+03 1.829962215945060144e-01 4.213700500682749372e-01 2.509103322712790130e-01 2.461310878470641672e-01 8.158852981338188259e-02 0.000000000000000000e+00
4.600000000000000000e+03 1.839962009474815918e-01 4.235320892125625791e-01 2.528447883477469293e-01 2.489758761948110966e-01 7.464724624487938109e-02 0.000000000000000000e+00
4.625000000000000000e+03 1.849961803004569472e-01 4.309285389167045732e-01 2.495448338643604935e-01 2.481793354574419741e-01 7.134729176149294527e-02 0.000000000000000000e+00
4.650000000000000000e+03 1.859961596534323025e-01 4.317250796540737512e-01 2.487482931269913433e-01 2.473827947200728239e-01 7.214383249886208160e-02 0.000000000000000000e+00
4.675000000000000000e+03 1.869961390064078799e-01 4.200045516613564178e-01 2.527309968138370389e-01 2.520482476103778069e-01 7.521620391442876419e-02 0.000000000000000000e+00
4.700000000000000000e+03 1.879961183593832352e-01 4.285389167045971504e-01 2.503413746017296160e-01 2.569412835685024876e-01 6.417842512517069054e-02 0.000000000000000000e+00
4.725000000000000000e+03 1.889960977123588126e-01 4.211424670004551563e-01 2.555757851615839682e-01 2.538689121529358328e-01 6.941283568502502888e-02 0.000000000000000000e+00
4.750000000000000000e+03 1.899960770653341680e-01 4.333181611288119961e-01 2.504551661356395065e-01 2.530723714155666548e-01 6.315430131998178709e-02 0.000000000000000000e+00
4.775000000000000000e+03 1.909960564183095233e-01 4.309285389167045732e-01 2.509103322712790130e-01 2.553482020937642427e-01 6.281292671825215723e-02 0.000000000000000000e+00
4.800000000000000000e+03 1.919960357712851007e-01 4.302457897132453413e-01 2.554619936276740777e-01 2.547792444242148457e-01 5.951297223486572835e-02 0.000000000000000000e+00
4.825000000000000000e+03 1.929960151242604560e-01 4.309285389167045732e-01 2.562585343650432557e-01 2.534137460172963263e-01 5.939918070095585173e-02 0.000000000000000000e+00
4.850000000000000000e+03 1.939959944772360334e-01 4.238734638142921951e-01 2.598998634501593075e-01 2.527309968138370389e-01 6.349567592171143082e-02 0.000000000000000000e+00
4.875000000000000000e+03 1.949959738302113887e-01 4.296768320436959443e-01 2.588757396449704040e-01 2.500000000000000000e-01 6.144742831133363781e-02 0.000000000000000000e+00
4.900000000000000000e+03 1.959959531831867441e-01 4.301319981793354508e-01 2.627446517979062368e-01 2.472690031861629611e-01 5.985434683659535821e-02 0.000000000000000000e+00
4.925000000000000000e+03 1.969959325361623215e-01 4.327492034592626546e-01 2.633136094674556338e-01 2.439690487027765253e-01 5.996813837050523482e-02 0.000000000000000000e+00
4.950000000000000000e+03 1.979959118891376768e-01 4.341147018661811741e-01 2.672963131543013016e-01 2.412380518889394587e-01 5.735093309057805872e-02 0.000000000000000000e+00
4.975000000000000000e+03 1.989958912421132542e-01 4.384387801547565133e-01 2.654756486117432757e-01 2.413518434228493492e-01 5.473372781065088954e-02 0.000000000000000000e+00
5.000000000000000000e+03 1.999958705950886095e-01 4.349112426035502965e-01 2.690031861629494925e-01 2.406690942193900895e-01 5.541647701411014926e-02 0.000000000000000000e+00
5.025000000000000000e+03 2.009958499480639649e-01 4.484524351388256558e-01 2.713928083750569153e-01 2.322485207100591642e-01 4.790623577605826466e-02 0.000000000000000000e+00
5.050000000000000000e+03 2.019958293010395423e-01 4.466317705962676299e-01 2.734410559854346667e-01 2.312243969048702885e-01 4.870277651342740100e-02 0.000000000000000000e+00
5.075000000000000000e+03 2.029958086540148976e-01 4.439007737824305910e-01 2.770823850705507740e-01 2.307692307692307820e-01 4.824761037778789452e-02 0.000000000000000000e+00
5.100000000000000000e+03 2.039957880069904750e-01 4.423076923076922906e-01 2.784478834774692935e-01 2.281520254893036059e-01 5.109239872553481693e-02 0.000000000000000000e+00
5.125000000000000000e+03 2.049957673599658303e-01 4.454938552571688914e-01 2.809512972234865513e-01 2.225762403277196100e-01 5.097860719162494031e-02 0.000000000000000000e+00
5.150000000000000000e+03 2.059957467129411857e-01 4.445835229858898230e-01 2.814064633591260578e-01 2.237141556668183762e-01 5.029585798816568060e-02 0.000000000000000000e+00
5.175000000000000000e+03 2.069957260659167630e-01 4.476558944014565333e-01 2.826581702321347422e-01 2.217796995903504875e-01 4.790623577605826466e-02 0.000000000000000000e+00
5.200000000000000000e+03 2.079957054188921184e-01 4.467455621301775204e-01 2.817478379608557293e-01 2.200728265817023244e-01 5.143377332726445372e-02 0.000000000000000000e+00
5.225000000000000000e+03 2.089956847718674737e-01 4.565316340464269373e-01 2.804961310878470448e-01 2.167728720983158885e-01 4.619936276741010150e-02 0.000000000000000000e+00
5.250000000000000000e+03 2.099956641248430511e-01 4.556213017751479244e-01 2.802685480200273194e-01 2.175694128356850388e-01 4.654073736913973830e-02 0.000000000000000000e+00
5.275000000000000000e+03 2.109956434778184065e-01 4.555075102412380339e-01 2.861857077833409035e-01 2.167728720983158885e-01 4.153390987710514626e-02 0.000000000000000000e+00
5.300000000000000000e+03 2.119956228307939838e-01 4.534592626308602825e-01 2.842512517068729871e-01 2.197314519799726806e-01 4.255803368229403583e-02 0.000000000000000000e+00
5.325000000000000000e+03 2.129956021837693392e-01 4.511834319526626946e-01 2.855029585798816716e-01 2.189349112426035582e-01 4.437869822485206867e-02 0.000000000000000000e+00
5.350000000000000000e+03 2.139955815367446945e-01 4.577833409194355663e-01 2.862994993172507940e-01 2.115384615384615363e-01 4.437869822485206867e-02 0.000000000000000000e+00
5.375000000000000000e+03 2.149955608897202719e-01 4.525489303595812696e-01 2.874374146563495880e-01 2.146108329540282189e-01 4.540282203004096517e-02 0.000000000000000000e+00
5.400000000000000000e+03 2.159955402426956272e-01 4.575557578516158408e-01 2.849340009103322746e-01 2.142694583522985752e-01 4.324078288575330248e-02 0.000000000000000000e+00
5.425000000000000000e+03 2.169955195956712046e-01 4.530040964952207760e-01 2.902822030040965173e-01 2.175694128356850388e-01 3.914428766499772339e-02 0.000000000000000000e+00
5.450000000000000000e+03 2.179954989486465600e-01 4.457214383249886169e-01 2.949476558944014726e-01 2.147246244879381094e-01 4.449248975876194528e-02 1.137915339098771066e-04
5.475000000000000000e+03 2.189954783016219153e-01 4.472007282658170269e-01 2.968821119708693890e-01 2.173418297678652578e-01 3.857532999544834029e-02 0.000000000000000000e+00
5.500000000000000000e+03 2.199954576545974927e-01 4.476558944014565333e-01 2.975648611743286209e-01 2.150659990896677254e-01 3.959945380063722986e-02 1.137915339098771066e-04
5.525000000000000000e+03 2.209954370075728480e-01 4.465179790623577394e-01 2.997269003186163183e-01 2.147246244879381094e-01 3.903049613108784677e-02 0.000000000000000000e+00
5.550000000000000000e+03 2.219954163605484254e-01 4.469731451979972459e-01 3.006372325898953313e-01 2.114246700045516736e-01 4.096495220755575623e-02 0.000000000000000000e+00
5.575000000000000000e+03 2.229953957135237808e-01 4.466317705962676299e-01 3.048475193445607800e-01 2.065316340464269373e-01 4.187528447883477611e-02 1.137915339098771066e-04
5.600000000000000000e+03 2.239953750664991361e-01 4.491351843422849432e-01 3.022303140646335762e-01 2.057350933090578149e-01 4.278561675011378906e-02 1.137915339098771066e-04
5.625000000000000000e+03 2.249953544194747135e-01 4.472007282658170269e-01 3.027992717341829731e-01 2.066454255803368278e-01 4.324078288575330248e-02 1.137915339098771066e-04
5.650000000000000000e+03 2.259953337724500688e-01 4.489076012744651623e-01 3.062130177514792995e-01 1.995903504779244497e-01 4.517523896222121194e-02 1.137915339098771066e-04
5.675000000000000000e+03 2.269953131254256462e-01 4.540282203004096240e-01 3.075785161583978189e-01 1.993627674101046965e-01 3.903049613108784677e-02 0.000000000000000000e+00
