# itime ezz other fcc hcp bcc ico
0.000000000000000000e+00 0.000000000000000000e+00 0.000000000000000000e+00 1.000000000000000000e+00 0.000000000000000000e+00 0.000000000000000000e+00 0.000000000000000000e+00
2.500000000000000000e+01 9.999649107443886464e-04 4.551661356395084266e-04 9.995448338643604380e-01 0.000000000000000000e+00 0.000000000000000000e+00 0.000000000000000000e+00
5.000000000000000000e+01 1.999929821488777293e-03 1.024123805188893906e-03 9.989758761948110966e-01 0.000000000000000000e+00 0.000000000000000000e+00 0.000000000000000000e+00
7.500000000000000000e+01 2.999894732232943895e-03 7.965407373691396923e-04 9.992034592626308775e-01 0.000000000000000000e+00 0.000000000000000000e+00 0.000000000000000000e+00
1.000000000000000000e+02 3.999859642977332541e-03 9.103322712790168532e-04 9.989758761948110966e-01 0.000000000000000000e+00 1.137915339098771066e-04 0.000000000000000000e+00
1.250000000000000000e+02 4.999824553721721188e-03 2.162039144287664864e-03 9.978379608557123026e-01 0.000000000000000000e+00 0.000000000000000000e+00 0.000000000000000000e+00
1.500000000000000000e+02 5.999789464466109834e-03 1.593081474738279385e-03 9.984069185252617551e-01 0.000000000000000000e+00 0.000000000000000000e+00 0.000000000000000000e+00
1.750000000000000000e+02 6.999754375210276436e-03 9.103322712790168532e-04 9.990896677287209870e-01 0.000000000000000000e+00 0.000000000000000000e+00 0.000000000000000000e+00
2.000000000000000000e+02 7.999719285954665082e-03 5.689576695493854790e-04 9.994310423304506585e-01 0.000000000000000000e+00 0.000000000000000000e+00 0.000000000000000000e+00
2.250000000000000000e+02 8.999684196699053729e-03 1.706873008648156654e-03 9.982931269913518646e-01 0.000000000000000000e+00 0.000000000000000000e+00 0.000000000000000000e+00
2.500000000000000000e+02 9.999649107443442375e-03 1.706873008648156654e-03 9.982931269913518646e-01 0.000000000000000000e+00 0.000000000000000000e+00 0.000000000000000000e+00
2.750000000000000000e+02 1.099961401818760898e-02 2.162039144287664864e-03 9.978379608557123026e-01 0.000000000000000000e+00 0.000000000000000000e+00 0.000000000000000000e+00
3.000000000000000000e+02 1.199957892893199762e-02 2.275830678197541916e-03 9.974965862539827421e-01 0.000000000000000000e+00 2.275830678197542133e-04 0.000000000000000000e+00
3.250000000000000000e+02 1.299954383967638627e-02 7.965407373691396923e-04 9.992034592626308775e-01 0.000000000000000000e+00 0.000000000000000000e+00 0.000000000000000000e+00
3.500000000000000000e+02 1.399950875042077492e-02 1.934456076467910759e-03 9.980655439235320836e-01 0.000000000000000000e+00 0.000000000000000000e+00 0.000000000000000000e+00
3.750000000000000000e+02 1.499947366116494152e-02 1.593081474738279385e-03 9.984069185252617551e-01 0.000000000000000000e+00 0.000000000000000000e+00 0.000000000000000000e+00
4.000000000000000000e+02 1.599943857190933016e-02 2.275830678197541916e-03 9.977241693218024121e-01 0.000000000000000000e+00 0.000000000000000000e+00 0.000000000000000000e+00
4.250000000000000000e+02 1.699940348265371881e-02 2.958579881656804664e-03 9.970414201183431802e-01 0.000000000000000000e+00 0.000000000000000000e+00 0.000000000000000000e+00
4.500000000000000000e+02 1.799936839339810746e-02 3.413746017296313308e-03 9.965862539827037292e-01 0.000000000000000000e+00 0.000000000000000000e+00 0.000000000000000000e+00
4.750000000000000000e+02 1.899933330414227406e-02 2.162039144287664864e-03 9.978379608557123026e-01 0.000000000000000000e+00 0.000000000000000000e+00 0.000000000000000000e+00
5.000000000000000000e+02 1.999929821488666271e-02 3.868912152935821518e-03 9.959035047792443862e-01 0.000000000000000000e+00 2.275830678197542133e-04 0.000000000000000000e+00
5.250000000000000000e+02 2.099926312563105135e-02 1.934456076467910759e-03 9.980655439235320836e-01 0.000000000000000000e+00 0.000000000000000000e+00 0.000000000000000000e+00
5.500000000000000000e+02 2.199922803637544000e-02 2.844788347746927612e-03 9.971552116522530707e-01 0.000000000000000000e+00 0.000000000000000000e+00 0.000000000000000000e+00
5.750000000000000000e+02 2.299919294711982864e-02 2.162039144287664864e-03 9.977241693218024121e-01 0.000000000000000000e+00 1.137915339098771066e-04 0.000000000000000000e+00
6.000000000000000000e+02 2.399915785786399525e-02 2.617205279927173507e-03 9.973827947200728516e-01 0.000000000000000000e+00 0.000000000000000000e+00 0.000000000000000000e+00
6.250000000000000000e+02 2.499912276860838389e-02 3.755120619025944465e-03 9.959035047792443862e-01 0.000000000000000000e+00 3.413746017296313199e-04 0.000000000000000000e+00
6.500000000000000000e+02 2.599908767935277254e-02 3.982703686845699004e-03 9.959035047792443862e-01 0.000000000000000000e+00 1.137915339098771066e-04 0.000000000000000000e+00
6.750000000000000000e+02 2.699905259009716119e-02 4.779244424214838804e-03 9.951069640418752638e-01 0.000000000000000000e+00 1.137915339098771066e-04 0.000000000000000000e+00
7.000000000000000000e+02 2.799901750084132779e-02 3.868912152935821518e-03 9.961310878470641672e-01 0.000000000000000000e+00 0.000000000000000000e+00 0.000000000000000000e+00
7.250000000000000000e+02 2.899898241158571643e-02 5.120619025944469528e-03 9.948793809740554828e-01 0.000000000000000000e+00 0.000000000000000000e+00 0.000000000000000000e+00
7.500000000000000000e+02 2.999894732233010508e-02 5.120619025944469528e-03 9.947655894401457033e-01 0.000000000000000000e+00 1.137915339098771066e-04 0.000000000000000000e+00
7.750000000000000000e+02 3.099891223307449373e-02 3.641329085116067413e-03 9.962448793809740577e-01 0.000000000000000000e+00 1.137915339098771066e-04 0.000000000000000000e+00
8.000000000000000000e+02 3.199887714381866033e-02 5.689576695493855224e-03 9.940828402366863603e-01 0.000000000000000000e+00 2.275830678197542133e-04 0.000000000000000000e+00
8.250000000000000000e+02 3.299884205456304898e-02 5.689576695493855224e-03 9.941966317705962508e-01 0.000000000000000000e+00 1.137915339098771066e-04 0.000000000000000000e+00
8.500000000000000000e+02 3.399880696530743762e-02 6.030951297223486815e-03 9.935138825671370189e-01 0.000000000000000000e+00 4.551661356395084266e-04 0.000000000000000000e+00
8.750000000000000000e+02 3.499877187605182627e-02 7.396449704142011444e-03 9.924897587619481154e-01 0.000000000000000000e+00 1.137915339098771066e-04 0.000000000000000000e+00
9.000000000000000000e+02 3.599873678679599287e-02 4.437869822485207214e-03 9.953345471096950448e-01 0.000000000000000000e+00 2.275830678197542133e-04 0.000000000000000000e+00
9.250000000000000000e+02 3.699870169754038152e-02 6.941283568502503235e-03 9.930587164314974569e-01 0.000000000000000000e+00 0.000000000000000000e+00 0.000000000000000000e+00
9.500000000000000000e+02 3.799866660828477016e-02 6.713700500682749130e-03 9.931725079654073474e-01 0.000000000000000000e+00 1.137915339098771066e-04 0.000000000000000000e+00
9.750000000000000000e+02 3.899863151902915881e-02 6.258534365043240920e-03 9.937414656349567998e-01 0.000000000000000000e+00 0.000000000000000000e+00 0.000000000000000000e+00
1.000000000000000000e+03 3.999859642977332541e-02 1.081019572143832562e-02 9.888484296768320636e-01 0.000000000000000000e+00 3.413746017296313199e-04 0.000000000000000000e+00
1.025000000000000000e+03 4.099856134051771406e-02 8.079198907601274626e-03 9.915794264906691025e-01 0.000000000000000000e+00 3.413746017296313199e-04 0.000000000000000000e+00
1.050000000000000000e+03 4.199852625126210270e-02 1.001365498406918582e-02 9.897587619481110766e-01 0.000000000000000000e+00 2.275830678197542133e-04 0.000000000000000000e+00
1.075000000000000000e+03 4.299849116200649135e-02 1.251706873008648184e-02 9.873691397360035982e-01 0.000000000000000000e+00 1.137915339098771066e-04 0.000000000000000000e+00
1.100000000000000000e+03 4.399845607275088000e-02 7.965407373691398007e-03 9.918070095584888834e-01 0.000000000000000000e+00 2.275830678197542133e-04 0.000000000000000000e+00
1.125000000000000000e+03 4.499842098349504660e-02 9.899863450159307465e-03 9.893035958124715146e-01 0.000000000000000000e+00 7.965407373691396923e-04 0.000000000000000000e+00
1.150000000000000000e+03 4.599838589423943525e-02 1.228948566226672687e-02 9.869139736003641472e-01 0.000000000000000000e+00 7.965407373691396923e-04 0.000000000000000000e+00
1.175000000000000000e+03 4.699835080498382389e-02 8.420573509330906217e-03 9.911242603550295405e-01 0.000000000000000000e+00 4.551661356395084266e-04 0.000000000000000000e+00
1.200000000000000000e+03 4.799831571572821254e-02 1.046882111970869403e-02 9.887346381429221731e-01 0.000000000000000000e+00 7.965407373691396923e-04 0.000000000000000000e+00
1.225000000000000000e+03 4.899828062647237914e-02 8.192990441511151245e-03 9.913518434228493215e-01 0.000000000000000000e+00 4.551661356395084266e-04 0.000000000000000000e+00
1.250000000000000000e+03 4.999824553721676779e-02 1.718252162039144229e-02 9.822485207100591920e-01 0.000000000000000000e+00 5.689576695493854790e-04 0.000000000000000000e+00
1.275000000000000000e+03 5.099821044796115643e-02 1.069640418752844727e-02 9.890760127446518446e-01 0.000000000000000000e+00 2.275830678197542133e-04 0.000000000000000000e+00
1.300000000000000000e+03 5.199817535870554508e-02 1.763768775603095224e-02 9.820209376422394110e-01 0.000000000000000000e+00 3.413746017296313199e-04 0.000000000000000000e+00
1.325000000000000000e+03 5.299814026944971168e-02 1.923076923076923184e-02 9.798588984979517136e-01 0.000000000000000000e+00 9.103322712790168532e-04 0.000000000000000000e+00
1.350000000000000000e+03 5.399810518019410033e-02 2.321347291761493084e-02 9.751934456076467583e-01 0.000000000000000000e+00 1.593081474738279385e-03 0.000000000000000000e+00
1.375000000000000000e+03 5.499807009093848897e-02 2.150659990896677115e-02 9.771279016841146747e-01 0.000000000000000000e+00 1.365498406918525280e-03 0.000000000000000000e+00
1.400000000000000000e+03 5.599803500168287762e-02 1.809285389167045871e-02 9.811106053709603980e-01 0.000000000000000000e+00 7.965407373691396923e-04 0.000000000000000000e+00
1.425000000000000000e+03 5.699799991242704422e-02 2.082385070550751144e-02 9.781520254893035782e-01 0.000000000000000000e+00 1.024123805188893906e-03 0.000000000000000000e+00
1.450000000000000000e+03 5.799796482317143287e-02 2.025489303595812488e-02 9.788347746927628101e-01 0.000000000000000000e+00 9.103322712790168532e-04 0.000000000000000000e+00
1.475000000000000000e+03 5.899792973391582152e-02 2.787892580791988956e-02 9.708693673190714746e-01 0.000000000000000000e+00 1.251706873008648227e-03 0.000000000000000000e+00
1.500000000000000000e+03 5.999789464466021016e-02 2.366863905325443732e-02 9.746244879380974169e-01 0.000000000000000000e+00 1.706873008648156654e-03 0.000000000000000000e+00
1.525000000000000000e+03 6.099785955540459881e-02 3.152025489303595523e-02 9.659763313609467383e-01 0.000000000000000000e+00 2.503413746017296455e-03 0.000000000000000000e+00
1.550000000000000000e+03 6.199782446614876541e-02 3.459262630860263782e-02 9.635867091488393710e-01 0.000000000000000000e+00 1.820664542558033706e-03 0.000000000000000000e+00
1.575000000000000000e+03 6.299778937689315406e-02 3.322712790168411146e-02 9.639280837505689314e-01 0.000000000000000000e+00 2.844788347746927612e-03 0.000000000000000000e+00
1.600000000000000000e+03 6.399775428763754270e-02 3.265817023213472836e-02 9.656349567592170668e-01 0.000000000000000000e+00 1.706873008648156654e-03 0.000000000000000000e+00
1.625000000000000000e+03 6.499771919838193135e-02 4.039599453800637313e-02 9.574419663177059503e-01 0.000000000000000000e+00 2.162039144287664864e-03 0.000000000000000000e+00
1.650000000000000000e+03 6.599768410912609795e-02 3.925807919890760000e-02 9.578971324533455123e-01 0.000000000000000000e+00 2.844788347746927612e-03 0.000000000000000000e+00
1.675000000000000000e+03 6.699764901987048660e-02 4.085116067364587961e-02 9.561902594446972659e-01 0.000000000000000000e+00 2.958579881656804664e-03 0.000000000000000000e+00
1.700000000000000000e+03 6.799761393061487524e-02 4.574419663177059503e-02 9.517523896222120916e-01 0.000000000000000000e+00 2.503413746017296455e-03 0.000000000000000000e+00
1.725000000000000000e+03 6.899757884135926389e-02 4.756486117432862787e-02 9.497041420118342847e-01 0.000000000000000000e+00 2.730996813837050560e-03 0.000000000000000000e+00
1.750000000000000000e+03 6.999754375210343049e-02 4.699590350477924477e-02 9.503868912152936277e-01 0.000000000000000000e+00 2.617205279927173507e-03 0.000000000000000000e+00
1.775000000000000000e+03 7.099750866284781914e-02 5.473372781065088954e-02 9.421939007737824001e-01 0.000000000000000000e+00 3.072371415566681717e-03 0.000000000000000000e+00
1.800000000000000000e+03 7.199747357359220779e-02 4.972690031861629750e-02 9.470869367319071364e-01 0.000000000000000000e+00 3.186162949476558769e-03 0.000000000000000000e+00
1.825000000000000000e+03 7.299743848433659643e-02 5.848884842967683184e-02 9.377560309512972259e-01 0.000000000000000000e+00 3.755120619025944465e-03 0.000000000000000000e+00
1.850000000000000000e+03 7.399740339508076303e-02 6.201638598088302090e-02 9.322940373236231482e-01 0.000000000000000000e+00 5.689576695493855224e-03 0.000000000000000000e+00
1.875000000000000000e+03 7.499736830582515168e-02 6.702321347291761988e-02 9.286527082385070964e-01 0.000000000000000000e+00 4.324078288575329727e-03 0.000000000000000000e+00
1.900000000000000000e+03 7.599733321656954033e-02 7.168866636322257513e-02 9.237596722803823601e-01 0.000000000000000000e+00 4.551661356395083832e-03 0.000000000000000000e+00
1.925000000000000000e+03 7.699729812731392897e-02 7.476103777878925771e-02 9.196631770596267463e-01 0.000000000000000000e+00 5.575785161583977738e-03 0.000000000000000000e+00
1.950000000000000000e+03 7.799726303805809557e-02 7.965407373691398007e-02 9.132908511606736557e-01 0.000000000000000000e+00 7.055075102412380721e-03 0.000000000000000000e+00
1.975000000000000000e+03 7.899722794880248422e-02 8.978152025489304078e-02 9.039599453800637452e-01 0.000000000000000000e+00 6.258534365043240920e-03 0.000000000000000000e+00
2.000000000000000000e+03 7.999719285954687287e-02 9.945380063723259501e-02 8.909877105143377829e-01 0.000000000000000000e+00 9.558488848429677609e-03 0.000000000000000000e+00
2.025000000000000000e+03 8.099715777029126151e-02 1.093536640873919025e-01 8.823395539371871044e-01 0.000000000000000000e+00 8.306781975421027864e-03 0.000000000000000000e+00
2.050000000000000000e+03 8.199712268103565016e-02 1.028675466545289074e-01 8.887118798361401950e-01 0.000000000000000000e+00 8.420573509330906217e-03 0.000000000000000000e+00
2.075000000000000000e+03 8.299708759177981676e-02 1.164087391898042806e-01 8.730086481565771939e-01 0.000000000000000000e+00 1.058261265361857065e-02 0.000000000000000000e+00
2.100000000000000000e+03 8.399705250252420541e-02 1.368912152935821691e-01 8.500227583067819781e-01 0.000000000000000000e+00 1.308602639963586667e-02 0.000000000000000000e+00
2.125000000000000000e+03 8.499701741326859405e-02 1.504324078288575284e-01 8.299954483386435822e-01 0.000000000000000000e+00 1.957214383249886169e-02 0.000000000000000000e+00
2.150000000000000000e+03 8.599698232401298270e-02 1.679563040509786109e-01 8.084888484296768318e-01 0.000000000000000000e+00 2.355484751934456070e-02 0.000000000000000000e+00
2.175000000000000000e+03 8.699694723475714930e-02 1.810423304506144637e-01 7.906235776058261333e-01 0.000000000000000000e+00 2.833409194355939950e-02 0.000000000000000000e+00
2.200000000000000000e+03 8.799691214550153795e-02 1.721665908056440597e-01 8.012061902594447282e-01 0.000000000000000000e+00 2.662721893491124328e-02 0.000000000000000000e+00
2.225000000000000000e+03 8.899687705624592660e-02 1.812699135184342170e-01 7.909649522075558048e-01 4.551661356395084266e-04 2.730996813837050646e-02 0.000000000000000000e+00
2.250000000000000000e+03 8.999684196699031524e-02 2.051661356395084179e-01 7.646791078743740977e-01 1.137915339098771066e-04 3.004096495220755572e-02 0.000000000000000000e+00
2.275000000000000000e+03 9.099680687773448184e-02 2.064178425125170746e-01 7.554619936276740777e-01 1.137915339098771066e-04 3.800637232589895026e-02 0.000000000000000000e+00
2.300000000000000000e+03 9.199677178847887049e-02 2.102867546654528796e-01 7.454483386436049352e-01 2.275830678197542133e-04 4.403732362312243881e-02 0.000000000000000000e+00
2.325000000000000000e+03 9.299673669922325914e-02 2.331588529813381772e-01 7.123350022758306865e-01 5.689576695493854790e-04 5.393718707328174627e-02 0.000000000000000000e+00
2.350000000000000000e+03 9.399670160996764778e-02 2.514792899408284099e-01 6.902594446973144837e-01 4.551661356395084266e-04 5.780609922621757213e-02 0.000000000000000000e+00
2.375000000000000000e+03 9.499666652071181439e-02 2.515930814747383004e-01 6.769458352298588499e-01 0.000000000000000000e+00 7.146108329540282189e-02 0.000000000000000000e+00
2.400000000000000000e+03 9.599663143145620303e-02 2.622894856622667303e-01 6.563495675921711126e-01 2.275830678197542133e-04 8.113336367774237612e-02 0.000000000000000000e+00
2.425000000000000000e+03 9.699659634220059168e-02 2.935821574874829532e-01 6.109467455621301335e-01 1.024123805188893906e-03 9.444697314519799602e-02 0.000000000000000000e+00
2.450000000000000000e+03 9.799656125294498032e-02 3.096267637687756258e-01 5.730541647701411501e-01 1.593081474738279385e-03 1.157259899863450209e-01 0.000000000000000000e+00
2.475000000000000000e+03 9.899652616368914693e-02 3.342057350933090309e-01 5.344788347746927126e-01 1.251706873008648227e-03 1.300637232589895442e-01 0.000000000000000000e+00
2.500000000000000000e+03 9.999649107443353557e-02 3.200955848884842747e-01 5.203686845698679564e-01 2.617205279927173507e-03 1.569185252617205373e-01 0.000000000000000000e+00
2.525000000000000000e+03 1.009964559851779242e-01 3.342057350933090309e-01 4.888484296768320636e-01 2.389622212107419402e-03 1.745562130177514826e-01 0.000000000000000000e+00
2.550000000000000000e+03 1.019964208959223129e-01 3.417159763313609711e-01 4.472007282658170269e-01 5.006827492034592909e-03 2.060764679107874309e-01 0.000000000000000000e+00
2.575000000000000000e+03 1.029963858066667015e-01 3.733500227583067543e-01 4.022530723714155543e-01 7.510241238051888930e-03 2.168866636322257513e-01 0.000000000000000000e+00
2.600000000000000000e+03 1.039963507174108681e-01 3.716431497496586189e-01 3.850705507510241432e-01 9.330905780609922637e-03 2.339553937187073274e-01 0.000000000000000000e+00
2.625000000000000000e+03 1.049963156281552568e-01 3.615157032316795860e-01 3.595812471552116696e-01 7.624032771961766417e-03 2.712790168411470249e-01 0.000000000000000000e+00
2.650000000000000000e+03 1.059962805388996454e-01 3.830223031406463363e-01 3.258989531178880239e-01 1.126536185707783383e-02 2.798133818843878129e-01 0.000000000000000000e+00
2.675000000000000000e+03 1.069962454496440341e-01 3.733500227583067543e-01 3.022303140646335762e-01 1.672735548475193582e-02 3.076923076923077094e-01 0.000000000000000000e+00
2.700000000000000000e+03 1.079962103603882007e-01 3.753982703686845612e-01 2.856167501137915066e-01 2.275830678197542090e-02 3.162266727355484974e-01 0.000000000000000000e+00
2.725000000000000000e+03 1.089961752711325893e-01 3.879153390987710726e-01 2.602412380518889234e-01 2.366863905325443732e-02 3.281747837960855563e-01 0.000000000000000000e+00
2.750000000000000000e+03 1.099961401818769779e-01 3.868912152935821691e-01 2.526172052799271484e-01 2.708238507055074976e-02 3.334091943559399085e-01 0.000000000000000000e+00
2.775000000000000000e+03 1.109961050926213666e-01 3.831360946745562268e-01 2.440828402366863881e-01 2.765134274010013632e-02 3.451297223486572419e-01 0.000000000000000000e+00
2.800000000000000000e+03 1.119960700033655332e-01 3.643604915794265153e-01 2.513654984069185194e-01 3.186162949476559203e-02 3.524123805188894010e-01 0.000000000000000000e+00
2.825000000000000000e+03 1.129960349141099218e-01 3.739189804278561513e-01 2.319071461083295482e-01 3.413746017296313134e-02 3.600364132908511761e-01 0.000000000000000000e+00
2.850000000000000000e+03 1.139959998248543105e-01 3.873463814292216756e-01 2.195038689121529274e-01 3.402366863905325473e-02 3.591260810195721631e-01 0.000000000000000000e+00
2.875000000000000000e+03 1.149959647355986991e-01 3.928083750568957533e-01 2.148384160218479721e-01 3.652708238507055422e-02 3.558261265361857273e-01 0.000000000000000000e+00
2.900000000000000000e+03 1.159959296463428657e-01 3.963359126081019701e-01 2.056213017751479244e-01 3.789258079198907364e-02 3.601502048247610110e-01 0.000000000000000000e+00
2.925000000000000000e+03 1.169958945570872544e-01 3.973600364132908735e-01 1.979972690031861493e-01 3.880291306326809353e-02 3.658397815202548697e-01 0.000000000000000000e+00
2.950000000000000000e+03 1.179958594678316430e-01 3.994082840236686249e-01 1.895766954938552518e-01 4.005461993627674328e-02 3.709604005461993870e-01 0.000000000000000000e+00
2.975000000000000000e+03 1.189958243785760317e-01 3.995220755575785154e-01 1.875284478834774726e-01 4.517523896222121194e-02 3.677742375967227861e-01 0.000000000000000000e+00
3.000000000000000000e+03 1.199957892893201983e-01 4.157942649066909691e-01 1.786527082385070686e-01 5.086481565771506369e-02 3.546882111970869333e-01 0.000000000000000000e+00
3.025000000000000000e+03 1.209957542000645869e-01 4.052116522530723741e-01 1.809285389167046010e-01 5.393718707328174627e-02 3.599226217569412856e-01 0.000000000000000000e+00
3.050000000000000000e+03 1.219957191108089756e-01 4.186390532544378429e-01 1.736458807464724696e-01 5.348202093764223980e-02 3.542330450614474269e-01 0.000000000000000000e+00
3.075000000000000000e+03 1.229956840215533642e-01 4.291078743741465473e-01 1.643149749658625314e-01 5.826126536185707860e-02 3.483158852981338427e-01 0.000000000000000000e+00
3.100000000000000000e+03 1.239956489322977529e-01 4.314974965862539702e-01 1.619253527537551085e-01 6.167501137915339104e-02 3.449021392808375164e-01 0.000000000000000000e+00
3.125000000000000000e+03 1.249956138430419195e-01 4.358215748748293095e-01 1.565771506599908935e-01 6.474738279472007363e-02 3.428538916704597095e-01 0.000000000000000000e+00
3.150000000000000000e+03 1.259955787537863081e-01 4.404870277651342647e-01 1.488393263541192557e-01 7.248520710059171146e-02 3.381884387801547542e-01 0.000000000000000000e+00
3.175000000000000000e+03 1.269955436645306968e-01 4.490213928083750528e-01 1.494082840236686527e-01 7.168866636322257513e-02 3.298816568047337472e-01 0.000000000000000000e+00
3.200000000000000000e+03 1.279955085752750854e-01 4.355939918070095840e-01 1.481565771506599960e-01 7.669549385525717411e-02 3.395539371870732737e-01 0.000000000000000000e+00
3.225000000000000000e+03 1.289954734860192520e-01 4.567592171142467183e-01 1.420118343195266308e-01 7.715065999089668058e-02 3.240782885753299980e-01 0.000000000000000000e+00
3.250000000000000000e+03 1.299954383967636407e-01 4.627901684114701930e-01 1.388256713700500578e-01 7.817478379608557015e-02 3.202093764223941652e-01 0.000000000000000000e+00
3.275000000000000000e+03 1.309954033075080293e-01 4.730314064633591165e-01 1.343878015475648557e-01 7.897132453345470648e-02 3.136094674556212936e-01 0.000000000000000000e+00
3.300000000000000000e+03 1.319953682182524179e-01 4.721210741920801035e-01 1.319981793354574329e-01 7.544378698224851743e-02 3.204369594902139462e-01 0.000000000000000000e+00
3.325000000000000000e+03 1.329953331289965845e-01 4.679107874374146547e-01 1.198224852071005930e-01 7.749203459262631044e-02 3.347746927628584279e-01 0.000000000000000000e+00
3.350000000000000000e+03 1.339952980397409732e-01 4.705279927173418031e-01 1.164087391898042806e-01 7.771961766044606368e-02 3.353436504324078249e-01 0.000000000000000000e+00
3.375000000000000000e+03 1.349952629504853618e-01 4.922621756941283344e-01 1.092398725534820259e-01 8.204369594902138907e-02 3.164542558033682229e-01 0.000000000000000000e+00
3.400000000000000000e+03 1.359952278612297505e-01 4.792899408284023721e-01 1.086709148839326289e-01 7.635411925352754425e-02 3.356850250341374409e-01 0.000000000000000000e+00
3.425000000000000000e+03 1.369951927719739171e-01 4.853208921256258468e-01 1.082157487482931224e-01 7.498862084660901095e-02 3.314747382794719921e-01 0.000000000000000000e+00
3.450000000000000000e+03 1.379951576827183057e-01 4.873691397360036537e-01 1.079881656804733692e-01 8.272644515248064878e-02 3.219162494310423561e-01 0.000000000000000000e+00
3.475000000000000000e+03 1.389951225934626944e-01 4.860036413290851343e-01 1.011606736458807443e-01 8.033682294037323979e-02 3.324988620846608955e-01 0.000000000000000000e+00
3.500000000000000000e+03 1.399950875042070830e-01 4.974965862539826866e-01 9.786071916249430847e-02 7.362312243969049153e-02 3.310195721438324856e-01 0.000000000000000000e+00
3.525000000000000000e+03 1.409950524149514717e-01 4.941966317705962508e-01 9.433318161128811941e-02 7.794720072826581692e-02 3.335229858898497990e-01 0.000000000000000000e+00
3.550000000000000000e+03 1.419950173256956383e-01 4.824761037778789174e-01 9.786071916249430847e-02 8.375056895766955223e-02 3.359126081019572219e-01 0.000000000000000000e+00
3.575000000000000000e+03 1.429949822364400269e-01 5.046654528903049552e-01 9.365043240782885969e-02 8.841602184797450747e-02 3.132680928538916776e-01 0.000000000000000000e+00
3.600000000000000000e+03 1.439949471471844156e-01 5.081929904415111166e-01 8.830223031406463086e-02 9.285389167045972336e-02 3.106508875739644737e-01 0.000000000000000000e+00
3.625000000000000000e+03 1.449949120579288042e-01 5.102412380518889234e-01 8.909877105143376719e-02 8.978152025489304078e-02 3.108784706417842547e-01 0.000000000000000000e+00
3.650000000000000000e+03 1.459948769686729708e-01 5.166135639508420141e-01 8.238507055075101893e-02 8.864360491579426071e-02 3.123577605826126646e-01 0.000000000000000000e+00
3.675000000000000000e+03 1.469948418794173595e-01 5.238962221210742287e-01 7.931269913518433634e-02 9.387801547564861293e-02 3.029130632680928636e-01 0.000000000000000000e+00
3.700000000000000000e+03 1.479948067901617481e-01 5.281065088757396220e-01 7.965407373691398007e-02 8.818843878015475424e-02 3.040509786071916021e-01 0.000000000000000000e+00
3.725000000000000000e+03 1.489947717009061368e-01 5.287892580791988539e-01 7.931269913518433634e-02 9.433318161128811941e-02 2.975648611743286209e-01 0.000000000000000000e+00
3.750000000000000000e+03 1.499947366116503034e-01 5.312926718252162228e-01 7.635411925352754425e-02 9.808830223031406170e-02 2.942649066909421851e-01 0.000000000000000000e+00
3.775000000000000000e+03 1.509947015223946920e-01 5.348202093764223841e-01 7.874374146563495325e-02 1.043468365953573035e-01 2.820892125625853453e-01 0.000000000000000000e+00
3.800000000000000000e+03 1.519946664331390807e-01 5.471096950386891145e-01 7.954028220300408958e-02 1.040054619936276736e-01 2.693445607646791085e-01 0.000000000000000000e+00
3.825000000000000000e+03 1.529946313438834693e-01 5.300409649522075384e-01 7.589895311788802390e-02 1.110605370960400518e-01 2.829995448338643582e-01 0.000000000000000000e+00
3.850000000000000000e+03 1.539945962546276359e-01 5.322030040964952358e-01 7.749203459262631044e-02 1.043468365953573035e-01 2.859581247155211781e-01 0.000000000000000000e+00
3.875000000000000000e+03 1.549945611653720245e-01 5.468821119708693335e-01 8.045061447428311641e-02 1.112881201638598050e-01 2.613791533909877174e-01 0.000000000000000000e+00
3.900000000000000000e+03 1.559945260761164132e-01 5.518889394629039602e-01 7.794720072826581692e-02 1.147018661811561174e-01 2.554619936276740777e-01 0.000000000000000000e+00
3.925000000000000000e+03 1.569944909868608018e-01 5.516613563950841792e-01 7.180245789713245175e-02 1.132225762403277214e-01 2.633136094674556338e-01 0.000000000000000000e+00
3.950000000000000000e+03 1.579944558976049684e-01 5.483614019116977989e-01 7.248520710059171146e-02 1.205052344105598527e-01 2.586481565771506785e-01 0.000000000000000000e+00
3.975000000000000000e+03 1.589944208083493571e-01 5.625853436504324456e-01 6.793354574419663283e-02 1.230086481565771522e-01 2.464724624487938109e-01 0.000000000000000000e+00
4.000000000000000000e+03 1.599943857190937457e-01 5.687300864815657553e-01 6.827492034592626269e-02 1.192535275375512099e-01 2.437414656349567721e-01 0.000000000000000000e+00
4.025000000000000000e+03 1.609943506298381344e-01 5.543923532089212181e-01 7.020937642239417908e-02 1.242603550295857950e-01 2.511379153390987939e-01 0.000000000000000000e+00
4.050000000000000000e+03 1.619943155405825230e-01 5.604233045061447482e-01 7.055075102412380894e-02 1.263086026399635742e-01 2.427173418297678686e-01 0.000000000000000000e+00
4.075000000000000000e+03 1.629942804513266896e-01 5.641784251251706905e-01 7.020937642239417908e-02 1.307464724624488039e-01 2.348657259899863403e-01 0.000000000000000000e+00
4.100000000000000000e+03 1.639942453620710783e-01 5.583750568957669413e-01 6.873008648156576916e-02 1.314292216659080637e-01 2.414656349567592120e-01 0.000000000000000000e+00
4.125000000000000000e+03 1.649942102728154669e-01 5.593991807009558448e-01 7.020937642239417908e-02 1.306326809285389134e-01 2.397587619481110488e-01 0.000000000000000000e+00
4.150000000000000000e+03 1.659941751835598556e-01 5.579198907601274904e-01 7.271279016841146470e-02 1.313154301319981732e-01 2.380518889394629134e-01 0.000000000000000000e+00
4.175000000000000000e+03 1.669941400943040222e-01 5.586026399635867223e-01 7.146108329540282189e-02 1.385980883022303045e-01 2.313381884387801513e-01 0.000000000000000000e+00
4.200000000000000000e+03 1.679941050050484108e-01 5.741920801092398330e-01 7.100591715976331542e-02 1.462221210741920796e-01 2.085798816568047442e-01 0.000000000000000000e+00
4.225000000000000000e+03 1.689940699157927995e-01 5.798816568047336917e-01 7.203004096495220498e-02 1.405325443786982209e-01 2.075557578516158408e-01 0.000000000000000000e+00
4.250000000000000000e+03 1.699940348265371881e-01 5.686162949476558648e-01 6.975421028675465873e-02 1.488393263541192557e-01 2.127901684114701930e-01 0.000000000000000000e+00
4.275000000000000000e+03 1.709939997372813547e-01 5.756713700500682984e-01 7.271279016841146470e-02 1.489531178880291185e-01 2.026627218934911323e-01 0.000000000000000000e+00
4.300000000000000000e+03 1.719939646480257434e-01 5.855712335002275504e-01 7.237141556668183484e-02 1.507737824305871721e-01 1.912835685025034149e-01 0.000000000000000000e+00
4.325000000000000000e+03 1.729939295587701320e-01 5.822712790168411701e-01 7.123350022758306865e-02 1.498634501593081592e-01 1.966317705962676299e-01 0.000000000000000000e+00
4.350000000000000000e+03 1.739938944695145207e-01 5.827264451524806210e-01 7.715065999089668058e-02 1.488393263541192557e-01 1.912835685025034149e-01 0.000000000000000000e+00
4.375000000000000000e+03 1.749938593802586873e-01 5.794264906690942407e-01 7.294037323623121793e-02 1.535047792444242110e-01 1.941283568502503443e-01 0.000000000000000000e+00
4.400000000000000000e+03 1.759938242910030759e-01 5.811333636777423761e-01 7.715065999089668058e-02 1.550978607191624836e-01 1.866181156121984597e-01 0.000000000000000000e+00
4.425000000000000000e+03 1.769937892017474645e-01 5.762403277196176399e-01 7.976786527082385669e-02 1.585116067364588099e-01 1.853664087391898030e-01 1.137915339098771066e-04
4.450000000000000000e+03 1.779937541124918532e-01 5.863677742375966728e-01 7.658170232134729749e-02 1.684114701866181174e-01 1.686390532544378706e-01 0.000000000000000000e+00
4.475000000000000000e+03 1.789937190232360198e-01 5.958124715521164738e-01 7.521620391442876419e-02 1.606736458807464796e-01 1.682976786527082269e-01 0.000000000000000000e+00
4.500000000000000000e+03 1.799936839339804084e-01 5.913746017296312996e-01 7.646791078743742087e-02 1.668183887118798447e-01 1.653390987710514348e-01 0.000000000000000000e+00
4.525000000000000000e+03 1.809936488447247971e-01 5.890987710514338227e-01 7.635411925352754425e-02 1.675011379153391045e-01 1.670459717796995980e-01 0.000000000000000000e+00
4.550000000000000000e+03 1.819936137554691857e-01 6.040054619936277014e-01 7.123350022758306865e-02 1.720527992717341692e-01 1.527082385070550885e-01 0.000000000000000000e+00
4.575000000000000000e+03 1.829935786662135744e-01 5.959262630860263643e-01 7.658170232134729749e-02 1.741010468821119761e-01 1.532771961766044577e-01 1.137915339098771066e-04
4.600000000000000000e+03 1.839935435769577410e-01 6.088984979517524376e-01 7.908511606736458310e-02 1.728493400091033194e-01 1.391670459717797015e-01 0.000000000000000000e+00
4.625000000000000000e+03 1.849935084877021296e-01 5.935366408739189970e-01 7.988165680473373331e-02 1.814974965862539702e-01 1.450842057350933134e-01 0.000000000000000000e+00
4.650000000000000000e+03 1.859934733984465183e-01 6.104915794264906825e-01 7.715065999089668058e-02 1.774010013654984119e-01 1.349567592171142527e-01 0.000000000000000000e+00
4.675000000000000000e+03 1.869934383091909069e-01 6.136777423759672834e-01 7.635411925352754425e-02 1.767182521620391522e-01 1.332498862084660896e-01 0.000000000000000000e+00
4.700000000000000000e+03 1.879934032199350735e-01 6.033227127901683584e-01 7.794720072826581692e-02 1.854802002730996935e-01 1.332498862084660896e-01 0.000000000000000000e+00
4.725000000000000000e+03 1.889933681306794622e-01 6.050295857988166048e-01 8.147473827947200598e-02 1.802457897132453413e-01 1.331360946745562268e-01 1.137915339098771066e-04
4.750000000000000000e+03 1.899933330414238508e-01 6.219845243513882904e-01 7.862994993172507663e-02 1.745562130177514826e-01 1.248293126991351781e-01 0.000000000000000000e+00
4.775000000000000000e+03 1.909932979521682395e-01 6.180018206645425671e-01 7.999544833864360993e-02 1.783113336367774249e-01 1.236913973600364119e-01 0.000000000000000000e+00
4.800000000000000000e+03 1.919932628629124061e-01 6.197086936731907025e-01 7.954028220300408958e-02 1.863905325443787064e-01 1.143604915794264876e-01 0.000000000000000000e+00
4.825000000000000000e+03 1.929932277736567947e-01 6.206190259444697155e-01 7.567137005006827066e-02 1.910559854346836617e-01 1.125398270368684617e-01 1.137915339098771066e-04
4.850000000000000000e+03 1.939931926844011834e-01 6.192535275375512516e-01 7.373691397360036814e-02 1.902594446973145115e-01 1.167501137915339104e-01 0.000000000000000000e+00
4.875000000000000000e+03 1.949931575951455720e-01 6.136777423759672834e-01 7.555757851615839404e-02 1.945835229858898507e-01 1.161811561219845274e-01 0.000000000000000000e+00
4.900000000000000000e+03 1.959931225058897386e-01 6.213017751479289474e-01 7.680928538916705073e-02 1.956076467910787542e-01 1.061675011379153433e-01 1.137915339098771066e-04
4.925000000000000000e+03 1.969930874166341273e-01 6.172052799271734447e-01 7.715065999089668058e-02 1.975421028675466428e-01 1.081019572143832458e-01 0.000000000000000000e+00
4.950000000000000000e+03 1.979930523273785159e-01 6.247155211652253293e-01 7.897132453345470648e-02 1.978834774692762866e-01 9.842967683204369156e-02 0.000000000000000000e+00
4.975000000000000000e+03 1.989930172381229045e-01 6.148156577150659663e-01 7.976786527082385669e-02 2.051661356395084179e-01 1.001365498406918547e-01 1.137915339098771066e-04
5.000000000000000000e+03 1.999929821488670711e-01 6.175466545289030051e-01 8.033682294037323979e-02 2.061902594446973214e-01 9.592626308602640595e-02 0.000000000000000000e+00
5.025000000000000000e+03 2.009929470596114598e-01 6.241465634956758768e-01 7.760582612653618706e-02 2.017523896222121194e-01 9.638142922166591242e-02 1.137915339098771066e-04
5.050000000000000000e+03 2.019929119703558484e-01 6.187983614019116896e-01 8.113336367774237612e-02 2.023213472917614886e-01 9.774692762858443185e-02 0.000000000000000000e+00
5.075000000000000000e+03 2.029928768811002371e-01 6.253982703686845612e-01 7.885753299954482987e-02 2.064178425125170746e-01 8.932635411925353430e-02 0.000000000000000000e+00
5.100000000000000000e+03 2.039928417918446257e-01 6.152708238507055283e-01 8.329540282203004575e-02 2.107419208010923861e-01 9.057806099226217711e-02 1.137915339098771066e-04
5.125000000000000000e+03 2.049928067025887923e-01 6.157259899863449792e-01 8.568502503413745475e-02 2.149522075557578626e-01 8.363677742375967561e-02 0.000000000000000000e+00
5.150000000000000000e+03 2.059927716133331810e-01 6.198224852071005930e-01 8.477469276285844180e-02 2.130177514792899462e-01 8.238507055075101893e-02 0.000000000000000000e+00
5.175000000000000000e+03 2.069927365240775696e-01 6.112881201638598050e-01 8.796085571233500100e-02 2.179107874374146547e-01 8.272644515248064878e-02 1.137915339098771066e-04
5.200000000000000000e+03 2.079927014348219583e-01 6.164087391898043222e-01 8.477469276285844180e-02 2.184797451069640517e-01 8.022303140646336317e-02 1.137915339098771066e-04
5.225000000000000000e+03 2.089926663455661249e-01 6.172052799271734447e-01 8.511606736458807165e-02 2.158625398270368756e-01 8.170232134729175921e-02 1.137915339098771066e-04
5.250000000000000000e+03 2.099926312563105135e-01 6.144742831133364058e-01 8.625398270368685172e-02 2.151797906235776159e-01 8.409194355939918208e-02 0.000000000000000000e+00
5.275000000000000000e+03 2.109925961670549022e-01 6.284706417842512716e-01 8.636777423759672834e-02 2.149522075557578626e-01 7.009558488848430247e-02 1.137915339098771066e-04
5.300000000000000000e+03 2.119925610777992908e-01 6.358670914883932657e-01 7.885753299954482987e-02 2.110832954028220299e-01 7.419208010923987462e-02 0.000000000000000000e+00
5.325000000000000000e+03 2.129925259885434574e-01 6.290395994538006130e-01 8.602639963586708460e-02 2.155211652253072319e-01 6.929904415111515226e-02 1.137915339098771066e-04
5.350000000000000000e+03 2.139924908992878461e-01 6.234638142922166448e-01 8.568502503413745475e-02 2.207555757851615841e-01 7.009558488848430247e-02 0.000000000000000000e+00
5.375000000000000000e+03 2.149924558100322347e-01 6.265361857077833552e-01 8.579881656804733137e-02 2.205279927173418308e-01 6.702321347291761988e-02 1.137915339098771066e-04
5.400000000000000000e+03 2.159924207207766234e-01 6.292671825216203940e-01 8.500227583067819503e-02 2.191624943104233114e-01 6.645425580336822291e-02 1.137915339098771066e-04
5.425000000000000000e+03 2.169923856315207900e-01 6.294947655894401750e-01 8.238507055075101893e-02 2.184797451069640517e-01 6.964041875284478211e-02 0.000000000000000000e+00
5.450000000000000000e+03 2.179923505422651786e-01 6.257396449704142327e-01 8.887118798361401395e-02 2.197314519799726806e-01 6.565771506599908658e-02 0.000000000000000000e+00
5.475000000000000000e+03 2.189923154530095672e-01 6.286982248520710526e-01 8.625398270368685172e-02 2.183659535730541612e-01 6.656804733727811341e-02 1.137915339098771066e-04
5.500000000000000000e+03 2.199922803637539559e-01 6.281292671825216001e-01 8.818843878015475424e-02 2.158625398270368756e-01 6.770596267637687959e-02 1.137915339098771066e-04
5.525000000000000000e+03 2.209922452744983445e-01 6.340464269458352398e-01 8.898497951752389057e-02 2.163177059626763821e-01 6.053709604005461792e-02 1.137915339098771066e-04
5.550000000000000000e+03 2.219922101852425111e-01 6.291533909877105035e-01 9.274010013654984674e-02 2.207555757851615841e-01 5.712335002275830548e-02 2.275830678197542133e-04
5.575000000000000000e+03 2.229921750959868998e-01 6.249431042330451103e-01 9.148839326354119006e-02 2.214383249886208438e-01 6.201638598088302090e-02 1.137915339098771066e-04
5.600000000000000000e+03 2.239921400067312884e-01 6.273327264451524776e-01 9.444697314519799602e-02 2.195038689121529274e-01 5.871643149749658508e-02 0.000000000000000000e+00
5.625000000000000000e+03 2.249921049174756771e-01 6.370050068274920596e-01 9.410559854346836617e-02 2.110832954028220299e-01 5.780609922621757213e-02 0.000000000000000000e+00
5.650000000000000000e+03 2.259920698282198437e-01 6.358670914883932657e-01 9.376422394173873631e-02 2.114246700045516736e-01 5.894401456531633832e-02 0.000000000000000000e+00
5.675000000000000000e+03 2.269920347389642323e-01 6.338188438780154588e-01 9.638142922166591242e-02 2.151797906235776159e-01 5.450614474283113631e-02 1.137915339098771066e-04
