# itime ezz other fcc hcp bcc ico
0.000000000000000000e+00 0.000000000000000000e+00 1.365498406918525280e-03 9.986345015930814251e-01 0.000000000000000000e+00 0.000000000000000000e+00 0.000000000000000000e+00
3.000000000000000000e+01 1.199998354905806863e-02 3.413746017296313199e-04 9.996586253982703285e-01 0.000000000000000000e+00 0.000000000000000000e+00 0.000000000000000000e+00
6.000000000000000000e+01 2.399996709811613727e-02 3.072371415566681717e-03 9.969276285844332897e-01 0.000000000000000000e+00 0.000000000000000000e+00 0.000000000000000000e+00
9.000000000000000000e+01 3.599995064717420590e-02 5.006827492034592909e-03 9.949931725079653733e-01 0.000000000000000000e+00 0.000000000000000000e+00 0.000000000000000000e+00
1.200000000000000000e+02 4.799993419623227453e-02 1.115157032316795548e-02 9.886208466090122826e-01 0.000000000000000000e+00 2.275830678197542133e-04 0.000000000000000000e+00
1.500000000000000000e+02 5.999991774529034316e-02 1.900318616294947513e-02 9.805416477014110566e-01 0.000000000000000000e+00 4.551661356395084266e-04 0.000000000000000000e+00
1.800000000000000000e+02 7.199990129434841180e-02 4.050978607191624975e-02 9.578971324533455123e-01 0.000000000000000000e+00 1.593081474738279385e-03 0.000000000000000000e+00
2.100000000000000000e+02 8.399988484340625838e-02 7.134729176149294527e-02 9.247837960855712636e-01 0.000000000000000000e+00 3.868912152935821518e-03 0.000000000000000000e+00
2.400000000000000000e+02 9.599986839246432702e-02 1.235776058261265353e-01 8.702776513427401550e-01 0.000000000000000000e+00 6.144742831133363434e-03 0.000000000000000000e+00
2.700000000000000000e+02 1.079998519415223956e-01 2.164314974965862448e-01 7.688893946290396020e-01 0.000000000000000000e+00 1.467910787437414627e-02 0.000000000000000000e+00
3.000000000000000000e+02 1.199998354905804643e-01 3.581019572143832597e-01 6.151570323167956378e-01 0.000000000000000000e+00 2.674101046882111990e-02 0.000000000000000000e+00
3.300000000000000000e+02 1.319998190396385329e-01 5.256030951297223641e-01 4.118115612198452458e-01 1.365498406918525280e-03 6.121984524351388457e-02 0.000000000000000000e+00
3.600000000000000000e+02 1.439998025886966015e-01 6.647701411015020101e-01 2.222348657259899940e-01 4.665452890304961318e-03 1.083295402822029990e-01 0.000000000000000000e+00
3.900000000000000000e+02 1.559997861377546702e-01 7.394173873463814051e-01 1.052571688666363164e-01 1.149294492489758707e-02 1.438324988620846567e-01 0.000000000000000000e+00
4.200000000000000000e+02 1.679997696868127388e-01 7.674101046882112476e-01 5.700955848884842886e-02 1.695493855257168905e-02 1.586253982703686727e-01 0.000000000000000000e+00
4.500000000000000000e+02 1.799997532358708074e-01 8.054164770141101215e-01 3.265817023213472836e-02 1.786527082385070547e-02 1.440600819299044100e-01 0.000000000000000000e+00
4.800000000000000000e+02 1.919997367849288761e-01 8.389849795175239322e-01 2.275830678197542090e-02 2.241693218024579104e-02 1.158397815202548975e-01 0.000000000000000000e+00
5.100000000000000000e+02 2.039997203339869447e-01 8.694811106053709215e-01 2.002730996813837164e-02 2.457897132453345374e-02 8.591260810195720798e-02 0.000000000000000000e+00
5.400000000000000000e+02 2.159997038830450133e-01 8.972462448793809831e-01 1.638598088302230249e-02 2.503413746017296368e-02 6.133363677742376119e-02 0.000000000000000000e+00
5.700000000000000000e+02 2.279996874321030820e-01 9.113563950842057393e-01 1.445152480655439303e-02 2.776513427401001294e-02 4.642694583522986168e-02 0.000000000000000000e+00
6.000000000000000000e+02 2.399996709811611506e-01 9.263768775603095085e-01 1.376877560309512985e-02 2.583067819754210348e-02 3.402366863905325473e-02 0.000000000000000000e+00
6.300000000000000000e+02 2.519996545302189972e-01 9.392353208921255803e-01 1.194811106053709528e-02 2.583067819754210348e-02 2.287209831588529751e-02 1.137915339098771066e-04
6.600000000000000000e+02 2.639996380792770658e-01 9.534592626308602270e-01 1.058261265361857065e-02 1.991351843422849502e-02 1.593081474738279601e-02 1.137915339098771066e-04
6.900000000000000000e+02 2.759996216283351345e-01 9.569868001820664993e-01 1.115157032316795548e-02 1.638598088302230249e-02 1.547564861174328607e-02 0.000000000000000000e+00
7.200000000000000000e+02 2.879996051773932031e-01 9.626763768775603580e-01 1.012744651797906244e-02 1.513427401001365448e-02 1.194811106053709528e-02 1.137915339098771066e-04
7.500000000000000000e+02 2.999995887264512717e-01 9.648384160218479444e-01 1.046882111970869403e-02 1.433773327264451468e-02 1.012744651797906244e-02 2.275830678197542133e-04
7.800000000000000000e+02 3.119995722755093404e-01 9.680245789713245452e-01 8.192990441511151245e-03 1.308602639963586667e-02 1.058261265361857065e-02 1.137915339098771066e-04
8.100000000000000000e+02 3.239995558245674090e-01 9.707555757851615841e-01 8.079198907601274626e-03 1.194811106053709528e-02 9.217114246700046018e-03 0.000000000000000000e+00
8.400000000000000000e+02 3.359995393736254776e-01 9.762175694128356618e-01 7.055075102412380721e-03 9.330905780609922637e-03 7.282658170232134826e-03 1.137915339098771066e-04
8.700000000000000000e+02 3.479995229226835463e-01 9.775830678197542367e-01 6.713700500682749130e-03 8.420573509330906217e-03 7.168866636322257339e-03 1.137915339098771066e-04
9.000000000000000000e+02 3.599995064717416149e-01 9.771279016841146747e-01 6.144742831133363434e-03 8.534365043240782836e-03 8.079198907601274626e-03 1.137915339098771066e-04
9.300000000000000000e+02 3.719994900207994615e-01 9.794037323623122626e-01 5.917159763313609329e-03 9.103322712790167665e-03 5.234410559854347014e-03 3.413746017296313199e-04
9.600000000000000000e+02 3.839994735698577522e-01 9.812243969048702885e-01 5.120619025944469528e-03 8.420573509330906217e-03 5.120619025944469528e-03 1.137915339098771066e-04
9.900000000000000000e+02 3.959994571189155987e-01 9.858898497951752438e-01 3.641329085116067413e-03 7.055075102412380721e-03 3.413746017296313308e-03 0.000000000000000000e+00
1.020000000000000000e+03 4.079994406679738894e-01 9.875967228038233792e-01 3.299954483386436255e-03 4.551661356395083832e-03 4.324078288575329727e-03 2.275830678197542133e-04
1.050000000000000000e+03 4.199994242170317360e-01 9.883932635411925016e-01 3.755120619025944465e-03 4.437869822485207214e-03 3.299954483386436255e-03 1.137915339098771066e-04
1.080000000000000000e+03 4.319994077660900267e-01 9.891898042785616241e-01 3.868912152935821518e-03 4.551661356395083832e-03 2.162039144287664864e-03 2.275830678197542133e-04
1.110000000000000000e+03 4.439993913151478733e-01 9.885070550751023921e-01 3.413746017296313308e-03 5.917159763313609329e-03 1.820664542558033706e-03 3.413746017296313199e-04
1.140000000000000000e+03 4.559993748642061639e-01 9.904415111515703085e-01 2.958579881656804664e-03 5.348202093764223633e-03 1.137915339098770958e-03 1.137915339098771066e-04
1.170000000000000000e+03 4.679993584132637885e-01 9.923759672280382249e-01 1.479289940828402332e-03 4.551661356395083832e-03 1.251706873008648227e-03 3.413746017296313199e-04
1.200000000000000000e+03 4.799993419623223012e-01 9.922621756941283344e-01 1.251706873008648227e-03 4.665452890304961318e-03 1.479289940828402332e-03 3.413746017296313199e-04
1.230000000000000000e+03 4.919993255113799258e-01 9.936276741010469093e-01 1.024123805188893906e-03 3.527537551206190360e-03 1.137915339098770958e-03 6.827492034592626399e-04
1.260000000000000000e+03 5.039993090604384385e-01 9.921483841602184439e-01 1.365498406918525280e-03 4.893035958124715423e-03 1.251706873008648227e-03 3.413746017296313199e-04
1.290000000000000000e+03 5.159992926094960630e-01 9.919208010923987739e-01 1.137915339098770958e-03 5.348202093764223633e-03 1.137915339098770958e-03 4.551661356395084266e-04
1.320000000000000000e+03 5.279992761585543537e-01 9.934000910332271284e-01 1.365498406918525280e-03 3.299954483386436255e-03 1.479289940828402332e-03 4.551661356395084266e-04
1.350000000000000000e+03 5.399992597076122003e-01 9.948793809740554828e-01 1.024123805188893906e-03 2.844788347746927612e-03 4.551661356395084266e-04 7.965407373691396923e-04
1.380000000000000000e+03 5.519992432566704910e-01 9.947655894401457033e-01 9.103322712790168532e-04 3.186162949476558769e-03 4.551661356395084266e-04 6.827492034592626399e-04
1.410000000000000000e+03 5.639992268057283376e-01 9.957897132453344957e-01 9.103322712790168532e-04 2.162039144287664864e-03 4.551661356395084266e-04 6.827492034592626399e-04
1.440000000000000000e+03 5.759992103547866282e-01 9.959035047792443862e-01 7.965407373691396923e-04 2.162039144287664864e-03 3.413746017296313199e-04 7.965407373691396923e-04
1.470000000000000000e+03 5.879991939038444748e-01 9.967000455166135087e-01 5.689576695493854790e-04 2.389622212107419402e-03 2.275830678197542133e-04 1.137915339098771066e-04
1.500000000000000000e+03 5.999991774529027655e-01 9.976103777878926326e-01 9.103322712790168532e-04 1.024123805188893906e-03 2.275830678197542133e-04 2.275830678197542133e-04
1.530000000000000000e+03 6.119991610019606121e-01 9.961310878470641672e-01 7.965407373691396923e-04 2.048247610377787811e-03 6.827492034592626399e-04 3.413746017296313199e-04
1.560000000000000000e+03 6.239991445510189028e-01 9.968138370505233992e-01 5.689576695493854790e-04 1.479289940828402332e-03 3.413746017296313199e-04 7.965407373691396923e-04
1.590000000000000000e+03 6.359991281000765273e-01 9.971552116522530707e-01 7.965407373691396923e-04 9.103322712790168532e-04 1.137915339098771066e-04 1.024123805188893906e-03
1.620000000000000000e+03 6.479991116491350400e-01 9.971552116522530707e-01 2.275830678197542133e-04 1.479289940828402332e-03 4.551661356395084266e-04 6.827492034592626399e-04
1.650000000000000000e+03 6.599990951981926646e-01 9.973827947200728516e-01 2.275830678197542133e-04 1.137915339098770958e-03 1.137915339098771066e-04 1.137915339098770958e-03
1.680000000000000000e+03 6.719990787472511773e-01 9.977241693218024121e-01 2.275830678197542133e-04 9.103322712790168532e-04 2.275830678197542133e-04 9.103322712790168532e-04
1.710000000000000000e+03 6.839990622963088018e-01 9.980655439235320836e-01 0.000000000000000000e+00 7.965407373691396923e-04 2.275830678197542133e-04 9.103322712790168532e-04
1.740000000000000000e+03 6.959990458453670925e-01 9.977241693218024121e-01 2.275830678197542133e-04 7.965407373691396923e-04 2.275830678197542133e-04 1.024123805188893906e-03
1.770000000000000000e+03 7.079990293944249391e-01 9.968138370505233992e-01 2.275830678197542133e-04 1.137915339098770958e-03 3.413746017296313199e-04 1.479289940828402332e-03
1.800000000000000000e+03 7.199990129434832298e-01 9.980655439235320836e-01 1.137915339098771066e-04 5.689576695493854790e-04 2.275830678197542133e-04 1.024123805188893906e-03
1.830000000000000000e+03 7.319989964925410764e-01 9.987482931269913156e-01 2.275830678197542133e-04 3.413746017296313199e-04 0.000000000000000000e+00 6.827492034592626399e-04
1.860000000000000000e+03 7.439989800415993670e-01 9.978379608557123026e-01 5.689576695493854790e-04 3.413746017296313199e-04 0.000000000000000000e+00 1.251706873008648227e-03
1.890000000000000000e+03 7.559989635906572136e-01 9.985207100591716456e-01 2.275830678197542133e-04 3.413746017296313199e-04 0.000000000000000000e+00 9.103322712790168532e-04
1.920000000000000000e+03 7.679989471397155043e-01 9.985207100591716456e-01 3.413746017296313199e-04 3.413746017296313199e-04 3.413746017296313199e-04 4.551661356395084266e-04
1.950000000000000000e+03 7.799989306887733509e-01 9.976103777878926326e-01 1.137915339098771066e-04 1.365498406918525280e-03 0.000000000000000000e+00 9.103322712790168532e-04
1.980000000000000000e+03 7.919989142378316416e-01 9.982931269913518646e-01 3.413746017296313199e-04 5.689576695493854790e-04 2.275830678197542133e-04 5.689576695493854790e-04
2.010000000000000000e+03 8.039988977868892661e-01 9.979517523896221931e-01 1.137915339098771066e-04 6.827492034592626399e-04 1.137915339098771066e-04 1.137915339098770958e-03
2.040000000000000000e+03 8.159988813359477788e-01 9.988620846609012061e-01 3.413746017296313199e-04 4.551661356395084266e-04 0.000000000000000000e+00 3.413746017296313199e-04
2.070000000000000000e+03 8.279988648850054034e-01 9.978379608557123026e-01 3.413746017296313199e-04 4.551661356395084266e-04 2.275830678197542133e-04 1.137915339098770958e-03
2.100000000000000000e+03 8.399988484340639161e-01 9.981793354574419741e-01 0.000000000000000000e+00 5.689576695493854790e-04 0.000000000000000000e+00 1.251706873008648227e-03
2.130000000000000000e+03 8.519988319831215406e-01 9.981793354574419741e-01 0.000000000000000000e+00 3.413746017296313199e-04 0.000000000000000000e+00 1.479289940828402332e-03
2.160000000000000000e+03 8.639988155321798313e-01 9.981793354574419741e-01 2.275830678197542133e-04 4.551661356395084266e-04 0.000000000000000000e+00 1.137915339098770958e-03
2.190000000000000000e+03 8.759987990812376779e-01 9.985207100591716456e-01 0.000000000000000000e+00 3.413746017296313199e-04 0.000000000000000000e+00 1.137915339098770958e-03
2.220000000000000000e+03 8.879987826302959686e-01 9.978379608557123026e-01 1.137915339098771066e-04 5.689576695493854790e-04 3.413746017296313199e-04 1.137915339098770958e-03
2.250000000000000000e+03 8.999987661793538152e-01 9.981793354574419741e-01 1.137915339098771066e-04 0.000000000000000000e+00 2.275830678197542133e-04 1.479289940828402332e-03
2.280000000000000000e+03 9.119987497284121059e-01 9.986345015930814251e-01 2.275830678197542133e-04 1.137915339098771066e-04 1.137915339098771066e-04 9.103322712790168532e-04
2.310000000000000000e+03 9.239987332774699524e-01 9.986345015930814251e-01 2.275830678197542133e-04 2.275830678197542133e-04 2.275830678197542133e-04 6.827492034592626399e-04
2.340000000000000000e+03 9.359987168265282431e-01 9.979517523896221931e-01 2.275830678197542133e-04 4.551661356395084266e-04 2.275830678197542133e-04 1.137915339098770958e-03
2.370000000000000000e+03 9.479987003755860897e-01 9.979517523896221931e-01 1.137915339098771066e-04 5.689576695493854790e-04 4.551661356395084266e-04 9.103322712790168532e-04
2.400000000000000000e+03 9.599986839246443804e-01 9.979517523896221931e-01 1.137915339098771066e-04 3.413746017296313199e-04 0.000000000000000000e+00 1.593081474738279385e-03
2.430000000000000000e+03 9.719986674737020049e-01 9.974965862539827421e-01 1.137915339098771066e-04 7.965407373691396923e-04 2.275830678197542133e-04 1.365498406918525280e-03
2.460000000000000000e+03 9.839986510227605176e-01 9.978379608557123026e-01 1.137915339098771066e-04 6.827492034592626399e-04 1.137915339098771066e-04 1.251706873008648227e-03
2.490000000000000000e+03 9.959986345718181422e-01 9.972690031861629611e-01 0.000000000000000000e+00 6.827492034592626399e-04 2.275830678197542133e-04 1.820664542558033706e-03
