# itime ezz other fcc hcp bcc ico
0.000000000000000000e+00 0.000000000000000000e+00 6.827492034592626399e-04 9.993172507965407680e-01 0.000000000000000000e+00 0.000000000000000000e+00 0.000000000000000000e+00
8.000000000000000000e+03 1.999995309364344109e-03 1.479289940828402332e-03 9.985207100591716456e-01 0.000000000000000000e+00 0.000000000000000000e+00 0.000000000000000000e+00
1.600000000000000000e+04 3.999990618728688219e-03 3.413746017296313199e-04 9.996586253982703285e-01 0.000000000000000000e+00 0.000000000000000000e+00 0.000000000000000000e+00
2.400000000000000000e+04 5.999985928093032328e-03 1.706873008648156654e-03 9.982931269913518646e-01 0.000000000000000000e+00 0.000000000000000000e+00 0.000000000000000000e+00
3.200000000000000000e+04 7.999981237457376437e-03 1.024123805188893906e-03 9.989758761948110966e-01 0.000000000000000000e+00 0.000000000000000000e+00 0.000000000000000000e+00
4.000000000000000000e+04 9.999976546821942591e-03 9.103322712790168532e-04 9.990896677287209870e-01 0.000000000000000000e+00 0.000000000000000000e+00 0.000000000000000000e+00
4.800000000000000000e+04 1.199997185618628670e-02 9.103322712790168532e-04 9.990896677287209870e-01 0.000000000000000000e+00 0.000000000000000000e+00 0.000000000000000000e+00
5.600000000000000000e+04 1.399996716555063081e-02 2.503413746017296455e-03 9.974965862539827421e-01 0.000000000000000000e+00 0.000000000000000000e+00 0.000000000000000000e+00
6.400000000000000000e+04 1.599996247491497492e-02 2.275830678197541916e-03 9.977241693218024121e-01 0.000000000000000000e+00 0.000000000000000000e+00 0.000000000000000000e+00
7.200000000000000000e+04 1.799995778427931903e-02 9.103322712790168532e-04 9.990896677287209870e-01 0.000000000000000000e+00 0.000000000000000000e+00 0.000000000000000000e+00
8.000000000000000000e+04 1.999995309364366314e-02 2.048247610377787811e-03 9.979517523896221931e-01 0.000000000000000000e+00 0.000000000000000000e+00 0.000000000000000000e+00
8.800000000000000000e+04 2.199994840300800725e-02 2.844788347746927612e-03 9.971552116522530707e-01 0.000000000000000000e+00 0.000000000000000000e+00 0.000000000000000000e+00
9.600000000000000000e+04 2.399994371237235136e-02 3.527537551206190360e-03 9.962448793809740577e-01 0.000000000000000000e+00 2.275830678197542133e-04 0.000000000000000000e+00
1.040000000000000000e+05 2.599993902173669547e-02 4.096495220755575623e-03 9.957897132453344957e-01 0.000000000000000000e+00 1.137915339098771066e-04 0.000000000000000000e+00
1.120000000000000000e+05 2.799993433110103958e-02 3.868912152935821518e-03 9.960172963131542767e-01 0.000000000000000000e+00 1.137915339098771066e-04 0.000000000000000000e+00
1.200000000000000000e+05 2.999992964046560573e-02 5.461993627674101119e-03 9.944242148384160318e-01 0.000000000000000000e+00 1.137915339098771066e-04 0.000000000000000000e+00
1.280000000000000000e+05 3.199992494982994984e-02 4.096495220755575623e-03 9.957897132453344957e-01 0.000000000000000000e+00 1.137915339098771066e-04 0.000000000000000000e+00
1.360000000000000000e+05 3.399992025919429395e-02 5.917159763313609329e-03 9.938552571688666903e-01 0.000000000000000000e+00 2.275830678197542133e-04 0.000000000000000000e+00
1.440000000000000000e+05 3.599991556855863806e-02 7.737824305871643035e-03 9.922621756941283344e-01 0.000000000000000000e+00 0.000000000000000000e+00 0.000000000000000000e+00
1.520000000000000000e+05 3.799991087792298217e-02 3.641329085116067413e-03 9.963586709148839482e-01 0.000000000000000000e+00 0.000000000000000000e+00 0.000000000000000000e+00
1.600000000000000000e+05 3.999990618728732628e-02 7.510241238051888930e-03 9.922621756941283344e-01 0.000000000000000000e+00 2.275830678197542133e-04 0.000000000000000000e+00
1.680000000000000000e+05 4.199990149665167039e-02 9.558488848429677609e-03 9.902139280837505275e-01 0.000000000000000000e+00 2.275830678197542133e-04 0.000000000000000000e+00
1.760000000000000000e+05 4.399989680601601449e-02 1.081019572143832562e-02 9.888484296768320636e-01 0.000000000000000000e+00 3.413746017296313199e-04 0.000000000000000000e+00
1.840000000000000000e+05 4.599989211538035860e-02 1.547564861174328607e-02 9.841829767865271084e-01 0.000000000000000000e+00 3.413746017296313199e-04 0.000000000000000000e+00
1.920000000000000000e+05 4.799988742474470271e-02 1.376877560309512985e-02 9.855484751934455723e-01 0.000000000000000000e+00 6.827492034592626399e-04 0.000000000000000000e+00
2.000000000000000000e+05 4.999988273410926887e-02 1.593081474738279601e-02 9.836140191169776559e-01 0.000000000000000000e+00 4.551661356395084266e-04 0.000000000000000000e+00
2.080000000000000000e+05 5.199987804347361298e-02 2.105143377332726468e-02 9.773554847519344557e-01 0.000000000000000000e+00 1.593081474738279385e-03 0.000000000000000000e+00
2.160000000000000000e+05 5.399987335283795709e-02 2.332726445152480746e-02 9.756486117432863203e-01 0.000000000000000000e+00 1.024123805188893906e-03 0.000000000000000000e+00
2.240000000000000000e+05 5.599986866220230119e-02 2.321347291761493084e-02 9.751934456076467583e-01 0.000000000000000000e+00 1.593081474738279385e-03 0.000000000000000000e+00
2.320000000000000000e+05 5.799986397156664530e-02 3.277196176604460498e-02 9.654073736913973969e-01 0.000000000000000000e+00 1.820664542558033706e-03 0.000000000000000000e+00
2.400000000000000000e+05 5.999985928093098941e-02 2.651342740100136666e-02 9.717796995903504875e-01 0.000000000000000000e+00 1.706873008648156654e-03 0.000000000000000000e+00
2.480000000000000000e+05 6.199985459029533352e-02 3.345471096950387163e-02 9.651797906235776159e-01 0.000000000000000000e+00 1.365498406918525280e-03 0.000000000000000000e+00
2.560000000000000000e+05 6.399984989965967763e-02 3.197542102867546865e-02 9.658625398270368478e-01 0.000000000000000000e+00 2.162039144287664864e-03 0.000000000000000000e+00
2.640000000000000000e+05 6.599984520902402174e-02 4.858898497951752438e-02 9.485662266727356018e-01 0.000000000000000000e+00 2.844788347746927612e-03 0.000000000000000000e+00
2.720000000000000000e+05 6.799984051838836585e-02 4.756486117432862787e-02 9.486800182066453813e-01 0.000000000000000000e+00 3.755120619025944465e-03 0.000000000000000000e+00
2.800000000000000000e+05 6.999983582775293200e-02 5.405097860719162289e-02 9.420801092398725096e-01 0.000000000000000000e+00 3.868912152935821518e-03 0.000000000000000000e+00
2.880000000000000000e+05 7.199983113711727611e-02 6.417842512517069054e-02 9.313837050523441352e-01 0.000000000000000000e+00 4.437869822485207214e-03 0.000000000000000000e+00
2.960000000000000000e+05 7.399982644648162022e-02 7.134729176149294527e-02 9.223941738734637852e-01 0.000000000000000000e+00 6.258534365043240920e-03 0.000000000000000000e+00
3.040000000000000000e+05 7.599982175584596433e-02 9.217114246700044977e-02 9.007737824305871444e-01 0.000000000000000000e+00 7.055075102412380721e-03 0.000000000000000000e+00
3.120000000000000000e+05 7.799981706521030844e-02 1.177742375967228000e-01 8.660673645880746507e-01 0.000000000000000000e+00 1.615839781520254925e-02 0.000000000000000000e+00
3.200000000000000000e+05 7.999981237457465255e-02 1.174328629949931702e-01 8.627674101046881594e-01 0.000000000000000000e+00 1.979972690031861493e-02 0.000000000000000000e+00
3.280000000000000000e+05 8.199980768393899666e-02 1.184569868001820597e-01 8.676604460628128956e-01 0.000000000000000000e+00 1.388256713700500647e-02 0.000000000000000000e+00
3.360000000000000000e+05 8.399980299330334077e-02 5.814747382794720199e-02 6.886663632225762388e-01 2.509103322712790130e-01 2.275830678197541916e-03 0.000000000000000000e+00
3.440000000000000000e+05 8.599979830266768488e-02 6.975421028675465873e-02 6.805871643149750128e-01 2.467000455166135642e-01 2.958579881656804664e-03 0.000000000000000000e+00
3.520000000000000000e+05 8.799979361203202899e-02 7.316795630405098505e-02 6.762630860263996180e-01 2.472690031861629611e-01 3.299954483386436255e-03 0.000000000000000000e+00
3.600000000000000000e+05 8.999978892139659514e-02 7.498862084660901095e-02 6.712562585343649912e-01 2.488620846609012338e-01 4.893035958124715423e-03 0.000000000000000000e+00
3.680000000000000000e+05 9.199978423076093925e-02 7.385070550751024476e-02 6.766044606281292895e-01 2.448793809740555383e-01 4.665452890304961318e-03 0.000000000000000000e+00
3.760000000000000000e+05 9.399977954012528336e-02 8.079198907601274626e-02 6.664770141101502565e-01 2.473827947200728239e-01 5.348202093764223633e-03 0.000000000000000000e+00
3.840000000000000000e+05 9.599977484948962747e-02 9.262630860263997012e-02 6.557806099226217711e-01 2.430587164314974846e-01 8.534365043240782836e-03 0.000000000000000000e+00
3.920000000000000000e+05 9.799977015885397158e-02 9.535730541647700897e-02 6.529358215748748417e-01 2.377105143377332697e-01 1.399635867091488309e-02 0.000000000000000000e+00
4.000000000000000000e+05 9.999976546821831569e-02 1.015020482476103741e-01 6.447428311333637252e-01 2.363450159308147502e-01 1.741010468821119553e-02 0.000000000000000000e+00
4.080000000000000000e+05 1.019997607775826598e-01 1.111743286299499284e-01 6.302913063268092975e-01 2.380518889394629134e-01 2.048247610377787811e-02 0.000000000000000000e+00
4.160000000000000000e+05 1.039997560869470039e-01 1.289258079198907503e-01 6.160673645880746507e-01 2.333864360491579304e-01 2.162039144287665124e-02 0.000000000000000000e+00
4.240000000000000000e+05 1.059997513963113480e-01 1.742148384160218388e-01 5.696404187528447682e-01 2.200728265817023244e-01 3.607191624943104080e-02 0.000000000000000000e+00
4.320000000000000000e+05 1.079997467056759142e-01 1.807009558488848477e-01 4.766727355484751683e-01 2.690031861629494925e-01 7.362312243969049153e-02 0.000000000000000000e+00
4.400000000000000000e+05 1.099997420150402583e-01 1.723941738734638129e-01 5.012517068730086844e-01 2.754893035958124736e-01 5.086481565771506369e-02 0.000000000000000000e+00
4.480000000000000000e+05 1.119997373244046024e-01 1.750113791533909890e-01 4.773554847519344557e-01 2.775375512061902805e-01 7.009558488848430247e-02 0.000000000000000000e+00
4.560000000000000000e+05 1.139997326337689465e-01 7.840236686390532339e-02 7.020937642239417631e-01 2.115384615384615363e-01 7.965407373691398007e-03 0.000000000000000000e+00
4.640000000000000000e+05 1.159997279431332906e-01 7.783340919435594030e-02 6.968593536640873554e-01 2.151797906235776159e-01 1.012744651797906244e-02 0.000000000000000000e+00
4.720000000000000000e+05 1.179997232524976347e-01 7.715065999089668058e-02 6.916249431042330587e-01 2.203004096495220776e-01 1.092398725534820224e-02 0.000000000000000000e+00
4.800000000000000000e+05 1.199997185618619788e-01 8.022303140646336317e-02 6.890077378243059103e-01 2.212107419208010906e-01 9.558488848429677609e-03 0.000000000000000000e+00
4.880000000000000000e+05 1.219997138712263229e-01 8.352298588984979899e-02 6.814974965862540257e-01 2.224624487938097472e-01 1.251706873008648184e-02 0.000000000000000000e+00
4.960000000000000000e+05 1.239997091805906670e-01 8.272644515248064878e-02 6.844560764679107345e-01 2.193900773782430647e-01 1.342740100136549826e-02 0.000000000000000000e+00
5.040000000000000000e+05 1.259997044899550112e-01 8.363677742375967561e-02 6.845698680018206250e-01 2.198452435138825711e-01 1.194811106053709528e-02 0.000000000000000000e+00
5.120000000000000000e+05 1.279996997993195773e-01 8.238507055075101893e-02 6.833181611288120516e-01 2.198452435138825711e-01 1.445152480655439303e-02 0.000000000000000000e+00
5.200000000000000000e+05 1.299996951086839214e-01 8.056440600819299303e-02 6.728493400091033472e-01 2.322485207100591642e-01 1.433773327264451468e-02 0.000000000000000000e+00
5.280000000000000000e+05 1.319996904180482655e-01 8.158852981338188259e-02 6.747837960855712636e-01 2.304278561675011383e-01 1.319981793354574502e-02 0.000000000000000000e+00
5.360000000000000000e+05 1.339996857274126096e-01 8.591260810195720798e-02 6.681838871187983919e-01 2.307692307692307820e-01 1.513427401001365448e-02 0.000000000000000000e+00
5.440000000000000000e+05 1.359996810367769537e-01 8.932635411925353430e-02 6.624943104233045332e-01 2.330450614474283144e-01 1.513427401001365448e-02 0.000000000000000000e+00
5.520000000000000000e+05 1.379996763461412979e-01 9.649522075557578904e-02 6.629494765589439842e-01 2.294037323623122349e-01 1.115157032316795548e-02 0.000000000000000000e+00
5.600000000000000000e+05 1.399996716555056420e-01 8.602639963586708460e-02 6.659080564406008040e-01 2.338416021847974646e-01 1.422394173873463806e-02 0.000000000000000000e+00
5.680000000000000000e+05 1.419996669648699861e-01 9.649522075557578904e-02 6.550978607191625391e-01 2.324761037778789174e-01 1.593081474738279601e-02 0.000000000000000000e+00
5.760000000000000000e+05 1.439996622742343302e-01 9.899863450159307465e-02 6.529358215748748417e-01 2.320209376422394110e-01 1.604460628129267263e-02 0.000000000000000000e+00
5.840000000000000000e+05 1.459996575835986743e-01 1.084433318161128756e-01 6.474738279472007640e-01 2.286071916249431124e-01 1.547564861174328607e-02 0.000000000000000000e+00
5.920000000000000000e+05 1.479996528929632404e-01 1.002503413746017313e-01 6.519116977696859383e-01 2.287209831588529751e-01 1.911697769685935522e-02 0.000000000000000000e+00
6.000000000000000000e+05 1.499996482023275846e-01 1.084433318161128756e-01 6.451979972690031762e-01 2.295175238962221254e-01 1.684114701866181243e-02 0.000000000000000000e+00
6.080000000000000000e+05 1.519996435116919287e-01 1.110605370960400518e-01 6.454255803368229572e-01 2.270141101502048120e-01 1.649977241693217911e-02 0.000000000000000000e+00
6.160000000000000000e+05 1.539996388210562728e-01 1.145880746472462408e-01 6.379153390987710726e-01 2.284934000910332219e-01 1.900318616294947513e-02 0.000000000000000000e+00
6.240000000000000000e+05 1.559996341304206169e-01 1.282430587164314906e-01 6.316568047337277614e-01 2.230314064633591165e-01 1.706873008648156567e-02 0.000000000000000000e+00
6.320000000000000000e+05 1.579996294397849610e-01 1.205052344105598527e-01 6.261948111060536837e-01 2.283796085571233592e-01 2.492034592626308706e-02 0.000000000000000000e+00
6.400000000000000000e+05 1.599996247491493051e-01 1.398497951752389612e-01 6.069640418752845212e-01 2.306554392353208915e-01 2.253072371415566766e-02 0.000000000000000000e+00
6.480000000000000000e+05 1.619996200585136492e-01 1.411015020482476179e-01 6.116294947655894765e-01 2.263313609467455523e-01 2.093764223941738806e-02 0.000000000000000000e+00
6.560000000000000000e+05 1.639996153678779933e-01 1.495220755575785154e-01 6.020710059171597850e-01 2.281520254893036059e-01 2.025489303595812488e-02 0.000000000000000000e+00
6.640000000000000000e+05 1.659996106772423374e-01 1.635184342284934089e-01 5.852298588984979899e-01 2.262175694128356895e-01 2.503413746017296368e-02 0.000000000000000000e+00
6.720000000000000000e+05 1.679996059866069036e-01 1.684114701866181174e-01 5.802230314064633632e-01 2.303140646335912478e-01 2.105143377332726468e-02 0.000000000000000000e+00
6.800000000000000000e+05 1.699996012959712477e-01 1.722803823395539502e-01 5.706645425580336717e-01 2.317933545744196577e-01 2.526172052799271692e-02 0.000000000000000000e+00
6.880000000000000000e+05 1.719995966053355918e-01 2.088074647246244975e-01 4.210286754665452658e-01 3.322712790168411701e-01 3.789258079198907364e-02 0.000000000000000000e+00
6.960000000000000000e+05 1.739995919146999359e-01 1.891215293582157453e-01 4.277423759672280279e-01 3.495675921711424716e-01 3.356850250341374825e-02 0.000000000000000000e+00
7.040000000000000000e+05 1.759995872240642800e-01 1.972007282658170269e-01 4.142011834319526686e-01 3.606053709604005730e-01 2.799271734182976618e-02 0.000000000000000000e+00
7.120000000000000000e+05 1.779995825334286241e-01 2.146108329540282189e-01 3.913290851160673434e-01 3.661811561219845412e-01 2.787892580791988956e-02 0.000000000000000000e+00
7.200000000000000000e+05 1.799995778427929682e-01 2.382794720072826666e-01 3.603777878925807920e-01 3.619708693673190925e-01 3.937187073281747662e-02 0.000000000000000000e+00
7.280000000000000000e+05 1.819995731521573124e-01 2.470414201183432079e-01 3.420573509330905870e-01 3.743741465634956578e-01 3.652708238507055422e-02 0.000000000000000000e+00
7.360000000000000000e+05 1.839995684615216565e-01 2.570550751024123781e-01 3.049613108784706150e-01 3.879153390987710726e-01 5.006827492034592736e-02 0.000000000000000000e+00
7.440000000000000000e+05 1.859995637708860006e-01 2.717341829767865313e-01 2.756030951297223641e-01 4.045289030496130867e-01 4.813381884387801790e-02 0.000000000000000000e+00
7.520000000000000000e+05 1.879995590802505667e-01 2.711652253072371344e-01 2.718479745106964218e-01 4.010013654984069253e-01 5.598543468365953235e-02 0.000000000000000000e+00
7.600000000000000000e+05 1.899995543896149108e-01 2.741238051888939542e-01 2.695721438324988894e-01 3.987255348202093930e-01 5.757851615839781195e-02 0.000000000000000000e+00
7.680000000000000000e+05 1.919995496989792549e-01 2.762858443331815961e-01 2.709376422394174089e-01 3.973600364132908735e-01 5.541647701411014926e-02 0.000000000000000000e+00
7.760000000000000000e+05 1.939995450083435991e-01 2.823167956304050707e-01 2.349795175238962308e-01 4.093081474738279324e-01 7.339553937187073829e-02 0.000000000000000000e+00
7.840000000000000000e+05 1.959995403177079432e-01 2.729858898497951603e-01 2.264451524806554428e-01 4.262630860263996180e-01 7.430587164314975124e-02 0.000000000000000000e+00
7.920000000000000000e+05 1.979995356270722873e-01 2.786754665452890189e-01 2.225762403277196100e-01 4.179563040509786109e-01 8.079198907601274626e-02 0.000000000000000000e+00
8.000000000000000000e+05 1.999995309364366314e-01 2.819754210286754548e-01 2.172280382339553950e-01 4.270596267637687959e-01 7.373691397360036814e-02 0.000000000000000000e+00
8.080000000000000000e+05 2.019995262458009755e-01 2.860719162494310686e-01 1.999317250796540657e-01 4.340009103322712836e-01 7.999544833864360993e-02 0.000000000000000000e+00
8.160000000000000000e+05 2.039995215551653196e-01 2.873236231224396975e-01 1.950386891215293572e-01 4.459490213928083979e-01 7.168866636322257513e-02 0.000000000000000000e+00
8.240000000000000000e+05 2.059995168645298858e-01 2.885753299954483264e-01 1.821802457897132577e-01 4.477696859353664238e-01 8.147473827947200598e-02 0.000000000000000000e+00
8.320000000000000000e+05 2.079995121738942299e-01 2.900546199362767363e-01 1.705735093309057870e-01 4.550523441055985274e-01 8.431952662721893532e-02 0.000000000000000000e+00
8.400000000000000000e+05 2.099995074832585740e-01 2.686618115612198210e-01 1.953800637232590010e-01 4.666590805644060258e-01 6.929904415111515226e-02 0.000000000000000000e+00
8.480000000000000000e+05 2.119995027926229181e-01 2.729858898497951603e-01 1.920801092398725651e-01 4.633591260810195900e-01 7.157487482931269851e-02 0.000000000000000000e+00
8.560000000000000000e+05 2.139994981019872622e-01 2.812926718252162228e-01 1.923076923076923184e-01 4.549385525716886924e-01 7.146108329540282189e-02 0.000000000000000000e+00
8.640000000000000000e+05 2.159994934113516063e-01 2.679790623577605890e-01 1.748975876194810986e-01 4.840691852526172179e-01 7.305416477014110843e-02 0.000000000000000000e+00
8.720000000000000000e+05 2.179994887207159504e-01 2.207555757851615841e-01 1.825216203914428736e-01 5.727127901684114786e-01 2.401001365498407064e-02 0.000000000000000000e+00
8.800000000000000000e+05 2.199994840300802945e-01 2.005006827492034627e-01 1.797906235776058348e-01 5.991124260355029651e-01 2.059626763768775473e-02 0.000000000000000000e+00
8.880000000000000000e+05 2.219994793394446386e-01 1.944697314519799602e-01 1.800182066454255880e-01 6.025261720527992360e-01 2.298588984979517413e-02 0.000000000000000000e+00
8.960000000000000000e+05 2.239994746488089827e-01 1.972007282658170269e-01 1.810423304506144637e-01 6.033227127901683584e-01 1.843422849340009204e-02 0.000000000000000000e+00
9.040000000000000000e+05 2.259994699581735489e-01 1.893491124260354985e-01 1.847974510696404060e-01 6.092398725534819981e-01 1.661356395084205573e-02 0.000000000000000000e+00
9.120000000000000000e+05 2.279994652675378930e-01 1.894629039599453890e-01 1.852526172052799402e-01 6.075329995448338627e-01 1.775147928994082885e-02 0.000000000000000000e+00
9.200000000000000000e+05 2.299994605769022371e-01 1.857077833409194467e-01 1.867319071461083224e-01 6.085571233500227661e-01 1.900318616294947513e-02 0.000000000000000000e+00
9.280000000000000000e+05 2.319994558862665812e-01 1.919663177059626746e-01 1.807009558488848477e-01 6.124260355029585989e-01 1.490669094219390124e-02 0.000000000000000000e+00
9.360000000000000000e+05 2.339994511956309253e-01 1.900318616294947582e-01 1.817250796540737234e-01 6.158397815202548697e-01 1.240327719617660522e-02 0.000000000000000000e+00
9.440000000000000000e+05 2.359994465049952694e-01 1.917387346381429214e-01 1.795630405097860816e-01 6.128812016385980499e-01 1.581702321347291593e-02 0.000000000000000000e+00
9.520000000000000000e+05 2.379994418143596135e-01 1.944697314519799602e-01 1.833181611288120239e-01 6.082157487482930946e-01 1.399635867091488309e-02 0.000000000000000000e+00
9.600000000000000000e+05 2.399994371237239577e-01 1.936731907146108378e-01 1.834319526627218866e-01 6.085571233500227661e-01 1.433773327264451468e-02 0.000000000000000000e+00
9.680000000000000000e+05 2.419994324330883018e-01 1.896904870277651423e-01 1.837733272644515303e-01 6.121984524351388179e-01 1.433773327264451468e-02 0.000000000000000000e+00
9.760000000000000000e+05 2.439994277424526459e-01 1.948111060537096040e-01 1.849112426035502965e-01 6.025261720527992360e-01 1.775147928994082885e-02 0.000000000000000000e+00
9.840000000000000000e+05 2.459994230518172120e-01 1.987938097405552995e-01 1.846836595357305433e-01 6.005917159763313196e-01 1.593081474738279601e-02 0.000000000000000000e+00
9.920000000000000000e+05 2.479994183611815561e-01 1.893491124260354985e-01 1.869594902139280757e-01 6.068502503413746307e-01 1.684114701866181243e-02 0.000000000000000000e+00
1.000000000000000000e+06 2.499994136705459002e-01 2.007282658170232159e-01 1.884387801547564856e-01 5.943331816112881194e-01 1.649977241693217911e-02 0.000000000000000000e+00
1.008000000000000000e+06 2.519994089799102444e-01 1.974283113336367801e-01 1.871870732817478289e-01 5.993400091033227461e-01 1.604460628129267263e-02 0.000000000000000000e+00
1.016000000000000000e+06 2.539994042892745885e-01 1.989076012744651900e-01 1.855939918070095562e-01 5.970641784251251583e-01 1.843422849340009204e-02 0.000000000000000000e+00
1.024000000000000000e+06 2.559993995986389326e-01 2.064178425125170746e-01 1.863905325443787064e-01 5.911470186618115186e-01 1.604460628129267263e-02 0.000000000000000000e+00
1.032000000000000000e+06 2.579993949080032767e-01 1.825216203914428736e-01 1.982248520710059303e-01 6.083295402822029851e-01 1.092398725534820224e-02 0.000000000000000000e+00
1.040000000000000000e+06 2.599993902173676208e-01 1.822940373236231204e-01 1.965179790623577671e-01 6.108329540282203540e-01 1.035502958579881741e-02 0.000000000000000000e+00
1.048000000000000000e+06 2.619993855267319649e-01 1.842284934000910368e-01 1.967455621301775204e-01 6.125398270368684894e-01 6.486117432862995025e-03 0.000000000000000000e+00
1.056000000000000000e+06 2.639993808360963090e-01 1.805871643149749572e-01 1.976558944014565333e-01 6.127674101046881594e-01 8.989531178880291046e-03 0.000000000000000000e+00
1.064000000000000000e+06 2.659993761454608752e-01 1.844560764679107900e-01 1.977696859353663961e-01 6.091260810195721076e-01 8.648156577150659455e-03 0.000000000000000000e+00
1.072000000000000000e+06 2.679993714548252193e-01 1.858215748748293095e-01 1.982248520710059303e-01 6.061675011379152878e-01 9.786071916249430847e-03 0.000000000000000000e+00
1.080000000000000000e+06 2.699993667641895634e-01 1.901456531634046487e-01 1.999317250796540657e-01 6.030951297223486884e-01 6.827492034592626616e-03 0.000000000000000000e+00
1.088000000000000000e+06 2.719993620735539075e-01 1.888939462903959920e-01 2.011834319526627224e-01 6.015020482476103325e-01 8.420573509330906217e-03 0.000000000000000000e+00
1.096000000000000000e+06 2.739993573829182516e-01 1.885525716886663761e-01 2.002730996813837094e-01 6.041192535275375919e-01 7.055075102412380721e-03 0.000000000000000000e+00
1.104000000000000000e+06 2.759993526922825957e-01 1.902594446973145115e-01 2.150659990896677254e-01 5.867091488393263443e-01 7.965407373691398007e-03 0.000000000000000000e+00
1.112000000000000000e+06 2.779993480016469398e-01 2.127901684114701791e-02 2.991579426490669213e-01 6.787664997724169869e-01 7.965407373691396923e-04 0.000000000000000000e+00
1.120000000000000000e+06 2.799993433110112839e-01 1.456531634046426965e-02 3.021165225307237412e-01 6.826354119253527086e-01 6.827492034592626399e-04 0.000000000000000000e+00
1.128000000000000000e+06 2.819993386203756280e-01 1.672735548475193582e-02 3.009786071916249472e-01 6.813837050523441352e-01 9.103322712790168532e-04 0.000000000000000000e+00
1.136000000000000000e+06 2.839993339297399721e-01 1.763768775603095224e-02 3.004096495220755503e-01 6.811561219845243542e-01 7.965407373691396923e-04 0.000000000000000000e+00
1.144000000000000000e+06 2.859993292391045383e-01 2.184797451069640448e-02 2.992717341829768118e-01 6.778561675011378629e-01 1.024123805188893906e-03 0.000000000000000000e+00
1.152000000000000000e+06 2.879993245484688824e-01 2.207555757851615771e-02 2.989303595812471404e-01 6.775147928994083024e-01 1.479289940828402332e-03 0.000000000000000000e+00
1.160000000000000000e+06 2.899993198578332265e-01 1.900318616294947513e-02 3.014337733272644537e-01 6.785389167045972059e-01 1.024123805188893906e-03 0.000000000000000000e+00
1.168000000000000000e+06 2.919993151671975706e-01 1.934456076467910846e-02 2.996131087847064278e-01 6.788802913063267663e-01 2.162039144287664864e-03 0.000000000000000000e+00
1.176000000000000000e+06 2.939993104765619147e-01 1.923076923076923184e-02 3.001820664542558248e-01 6.783113336367774249e-01 2.275830678197541916e-03 0.000000000000000000e+00
1.184000000000000000e+06 2.959993057859262588e-01 2.321347291761493084e-02 3.002958579881656598e-01 6.741010468821119206e-01 2.389622212107419402e-03 0.000000000000000000e+00
1.192000000000000000e+06 2.979993010952906030e-01 2.605826126536185672e-02 2.990441511151570309e-01 6.734182976786526886e-01 1.479289940828402332e-03 0.000000000000000000e+00
1.200000000000000000e+06 2.999992964046549471e-01 2.913063268092853930e-02 2.976786527082385114e-01 6.705735093309057593e-01 2.617205279927173507e-03 0.000000000000000000e+00
1.208000000000000000e+06 3.019992917140192912e-01 3.288575329995448160e-02 2.987027765134274149e-01 6.651115157032316816e-01 3.299954483386436255e-03 0.000000000000000000e+00
1.216000000000000000e+06 3.039992870233838573e-01 2.674101046882111990e-02 2.990441511151570309e-01 6.713700500682748817e-01 2.844788347746927612e-03 0.000000000000000000e+00
1.224000000000000000e+06 3.059992823327482014e-01 2.935821574874829254e-02 2.982476103777879084e-01 6.698907601274465273e-01 2.503413746017296455e-03 0.000000000000000000e+00
1.232000000000000000e+06 3.079992776421125455e-01 3.857532999544834029e-02 2.949476558944014726e-01 6.602184797451069453e-01 6.258534365043240920e-03 0.000000000000000000e+00
1.240000000000000000e+06 3.099992729514768897e-01 3.288575329995448160e-02 2.965407373691397175e-01 6.664770141101502565e-01 4.096495220755575623e-03 0.000000000000000000e+00
1.248000000000000000e+06 3.119992682608412338e-01 4.062357760582612637e-02 2.938097405553026786e-01 6.602184797451069453e-01 5.348202093764223633e-03 0.000000000000000000e+00
1.256000000000000000e+06 3.139992635702055779e-01 3.971324533454710648e-02 2.964269458352298825e-01 6.589667728720982609e-01 4.893035958124715423e-03 0.000000000000000000e+00
1.264000000000000000e+06 3.159992588795699220e-01 4.335457441966317910e-02 2.928994082840236657e-01 6.550978607191625391e-01 8.648156577150659455e-03 0.000000000000000000e+00
1.272000000000000000e+06 3.179992541889342661e-01 4.528903049613108855e-02 2.922166590805644337e-01 6.553254437869822091e-01 7.168866636322257339e-03 0.000000000000000000e+00
1.280000000000000000e+06 3.199992494982986102e-01 5.075102412380518707e-02 2.875512061902594230e-01 6.497496586253982409e-01 1.194811106053709528e-02 0.000000000000000000e+00
1.288000000000000000e+06 3.219992448076629543e-01 5.131998179335457710e-02 2.919890760127446527e-01 6.461083295402821891e-01 1.058261265361857065e-02 0.000000000000000000e+00
1.296000000000000000e+06 3.239992401170275205e-01 6.258534365043240399e-02 2.875512061902594230e-01 6.357532999544833752e-01 1.411015020482476144e-02 0.000000000000000000e+00
1.304000000000000000e+06 3.259992354263918646e-01 6.918525261720527564e-02 2.842512517068729871e-01 6.334774692762858983e-01 1.308602639963586667e-02 0.000000000000000000e+00
1.312000000000000000e+06 3.279992307357562087e-01 6.417842512517069054e-02 2.841374601729631522e-01 6.358670914883932657e-01 1.581702321347291593e-02 0.000000000000000000e+00
1.320000000000000000e+06 3.299992260451205528e-01 6.417842512517069054e-02 2.885753299954483264e-01 6.324533454710969949e-01 1.479289940828402289e-02 0.000000000000000000e+00
1.328000000000000000e+06 3.319992213544848969e-01 7.271279016841146470e-02 2.831133363677742487e-01 6.275603095129722586e-01 1.661356395084205573e-02 0.000000000000000000e+00
1.336000000000000000e+06 3.339992166638492410e-01 7.988165680473373331e-02 2.835685025034137552e-01 6.214155666818388379e-01 1.513427401001365448e-02 0.000000000000000000e+00
1.344000000000000000e+06 3.359992119732135851e-01 4.335457441966317910e-02 2.917614929449248717e-01 6.533909877105142927e-01 1.149294492489758707e-02 0.000000000000000000e+00
1.352000000000000000e+06 3.379992072825779292e-01 5.325443786982248656e-02 2.873236231224396975e-01 6.439462903959944917e-01 1.547564861174328607e-02 0.000000000000000000e+00
1.360000000000000000e+06 3.399992025919422733e-01 5.325443786982248656e-02 2.855029585798816716e-01 6.505461993627673634e-01 1.069640418752844727e-02 0.000000000000000000e+00
1.368000000000000000e+06 3.419991979013066175e-01 6.679563040509786664e-02 2.705962676376877374e-01 6.422394173873463563e-01 2.036868456986800149e-02 0.000000000000000000e+00
1.376000000000000000e+06 3.439991932106711836e-01 6.827492034592626269e-02 2.775375512061902805e-01 6.478152025489303245e-01 6.372325898953117539e-03 0.000000000000000000e+00
1.384000000000000000e+06 3.459991885200355277e-01 6.986800182066454923e-02 2.768548020027309930e-01 6.479289940828402150e-01 5.348202093764223633e-03 0.000000000000000000e+00
1.392000000000000000e+06 3.479991838293998718e-01 7.157487482931269851e-02 2.735548475193445572e-01 6.480427856167501055e-01 6.827492034592626616e-03 0.000000000000000000e+00
1.400000000000000000e+06 3.499991791387642159e-01 7.544378698224851743e-02 2.748065543923531862e-01 6.433773327264451503e-01 6.372325898953117539e-03 0.000000000000000000e+00
1.408000000000000000e+06 3.519991744481285600e-01 7.055075102412380894e-02 2.748065543923531862e-01 6.478152025489303245e-01 6.827492034592626616e-03 0.000000000000000000e+00
1.416000000000000000e+06 3.539991697574929042e-01 7.635411925352754425e-02 2.724169321802457633e-01 6.456531634046427381e-01 5.575785161583977738e-03 0.000000000000000000e+00
1.424000000000000000e+06 3.559991650668572483e-01 7.373691397360036814e-02 2.737824305871643382e-01 6.441738734638142727e-01 8.306781975421027864e-03 0.000000000000000000e+00
1.432000000000000000e+06 3.579991603762215924e-01 7.885753299954482987e-02 2.700273099681383959e-01 6.469048702776513116e-01 4.210286754665453109e-03 0.000000000000000000e+00
1.440000000000000000e+06 3.599991556855859365e-01 7.578516158397814728e-02 2.745789713245334607e-01 6.439462903959944917e-01 5.689576695493855224e-03 0.000000000000000000e+00
1.448000000000000000e+06 3.619991509949502806e-01 7.385070550751024476e-02 2.728720983158853253e-01 6.472462448793809831e-01 6.030951297223486815e-03 0.000000000000000000e+00
1.456000000000000000e+06 3.639991463043148467e-01 7.510241238051888757e-02 2.727583067819754348e-01 6.454255803368229572e-01 6.713700500682749130e-03 0.000000000000000000e+00
1.464000000000000000e+06 3.659991416136791909e-01 7.635411925352754425e-02 2.719617660446062568e-01 6.451979972690031762e-01 6.486117432862995025e-03 0.000000000000000000e+00
1.472000000000000000e+06 3.679991369230435350e-01 7.532999544833864081e-02 2.711652253072371344e-01 6.464497041420118606e-01 7.055075102412380721e-03 0.000000000000000000e+00
1.480000000000000000e+06 3.699991322324078791e-01 7.783340919435594030e-02 2.721893491124260378e-01 6.442876649977241632e-01 5.689576695493855224e-03 0.000000000000000000e+00
1.488000000000000000e+06 3.719991275417722232e-01 8.056440600819299303e-02 2.710514337733272439e-01 6.420118343195265753e-01 6.372325898953117539e-03 0.000000000000000000e+00
1.496000000000000000e+06 3.739991228511365673e-01 8.124715521165225274e-02 2.720755575785161473e-01 6.405325443786982209e-01 6.144742831133363434e-03 0.000000000000000000e+00
1.504000000000000000e+06 3.759991181605009114e-01 8.386436049157942885e-02 2.718479745106964218e-01 6.354119253527537037e-01 8.875739644970414427e-03 0.000000000000000000e+00
1.512000000000000000e+06 3.779991134698652555e-01 8.158852981338188259e-02 2.694583522985889990e-01 6.416704597177970149e-01 7.282658170232134826e-03 0.000000000000000000e+00
1.520000000000000000e+06 3.799991087792295996e-01 7.783340919435594030e-02 2.703686845698680119e-01 6.474738279472007640e-01 4.324078288575329727e-03 0.000000000000000000e+00
1.528000000000000000e+06 3.819991040885939437e-01 7.294037323623121793e-02 2.761720527992717611e-01 6.454255803368229572e-01 5.461993627674101119e-03 0.000000000000000000e+00
1.536000000000000000e+06 3.839990993979585099e-01 8.284023668639053928e-02 2.705962676376877374e-01 6.391670459717796460e-01 7.396449704142011444e-03 0.000000000000000000e+00
1.544000000000000000e+06 3.859990947073228540e-01 7.601274465179790052e-02 2.760582612653618706e-01 6.371187983614019501e-01 1.081019572143832562e-02 0.000000000000000000e+00
1.552000000000000000e+06 3.879990900166871981e-01 7.339553937187073829e-02 2.770823850705507740e-01 6.393946290395994270e-01 1.012744651797906244e-02 0.000000000000000000e+00
1.560000000000000000e+06 3.899990853260515422e-01 7.931269913518433634e-02 2.725307237141556538e-01 6.379153390987710726e-01 1.024123805188893906e-02 0.000000000000000000e+00
1.568000000000000000e+06 3.919990806354158863e-01 8.500227583067819503e-02 2.684342284934000955e-01 6.319981793354574329e-01 1.456531634046426965e-02 0.000000000000000000e+00
1.576000000000000000e+06 3.939990759447802304e-01 7.862994993172507663e-02 2.736686390532544477e-01 6.359808830223031562e-01 1.172052799271734204e-02 0.000000000000000000e+00
1.584000000000000000e+06 3.959990712541445745e-01 9.069185252617205373e-02 2.690031861629494925e-01 6.149294492489758568e-01 2.537551206190259354e-02 0.000000000000000000e+00
1.592000000000000000e+06 3.979990665635089186e-01 8.705052344105598805e-02 2.733272644515248317e-01 6.165225307237141017e-01 2.309968138370505075e-02 0.000000000000000000e+00
1.600000000000000000e+06 3.999990618728732628e-01 9.285389167045972336e-02 2.709376422394174089e-01 6.085571233500227661e-01 2.765134274010013632e-02 0.000000000000000000e+00
1.608000000000000000e+06 4.019990571822378289e-01 9.672280382339554228e-02 2.699135184342285054e-01 6.042330450614474824e-01 2.913063268092853930e-02 0.000000000000000000e+00
1.616000000000000000e+06 4.039990524916021730e-01 9.387801547564861293e-02 2.682066454255803145e-01 6.117432862994993670e-01 2.617205279927173334e-02 0.000000000000000000e+00
1.624000000000000000e+06 4.059990478009665171e-01 9.854346836595356818e-02 2.650204824761037692e-01 6.038916704597178109e-01 3.254437869822485174e-02 0.000000000000000000e+00
1.632000000000000000e+06 4.079990431103308612e-01 9.922621756941284177e-02 2.669549385525716856e-01 6.058261265361857273e-01 2.799271734182976618e-02 0.000000000000000000e+00
1.640000000000000000e+06 4.099990384196952053e-01 1.055985434683659602e-01 2.653618570778333852e-01 5.986572598998634032e-01 3.038233955393718558e-02 0.000000000000000000e+00
1.648000000000000000e+06 4.119990337290595495e-01 1.117432862994993115e-01 2.592171142467000200e-01 5.952435138825671324e-01 3.379608557123350149e-02 0.000000000000000000e+00
1.656000000000000000e+06 4.139990290384238936e-01 1.126536185707783383e-01 2.546654528903049552e-01 5.949021392808374609e-01 3.777878925807919702e-02 0.000000000000000000e+00
1.664000000000000000e+06 4.159990243477882377e-01 1.150432407828857473e-01 2.555757851615839682e-01 5.946745562130177909e-01 3.470641784251251444e-02 0.000000000000000000e+00
1.672000000000000000e+06 4.179990196571525818e-01 1.231224396904870289e-01 2.592171142467000200e-01 5.859126081019572219e-01 3.174783796085571541e-02 0.000000000000000000e+00
1.680000000000000000e+06 4.199990149665169259e-01 1.232362312243969055e-01 2.570550751024123781e-01 5.864815657715065633e-01 3.322712790168411146e-02 0.000000000000000000e+00
1.688000000000000000e+06 4.219990102758814920e-01 1.273327264451524776e-01 2.554619936276740777e-01 5.879608557123350288e-01 2.924442421483841592e-02 0.000000000000000000e+00
1.696000000000000000e+06 4.239990055852458362e-01 1.282430587164314906e-01 2.542102867546654488e-01 5.894401456531633832e-01 2.810650887573964626e-02 0.000000000000000000e+00
1.704000000000000000e+06 4.259990008946101803e-01 1.413290851160673711e-01 2.511379153390987939e-01 5.804506144742831442e-01 2.708238507055074976e-02 0.000000000000000000e+00
1.712000000000000000e+06 4.279989962039745244e-01 1.522530723714155543e-01 2.474965862539827144e-01 5.790851160673645692e-01 2.116522530723714129e-02 0.000000000000000000e+00
1.720000000000000000e+06 4.299989915133388685e-01 1.451979972690031762e-01 2.521620391442876419e-01 5.847746927628584279e-01 1.786527082385070547e-02 0.000000000000000000e+00
1.728000000000000000e+06 4.319989868227032126e-01 1.451979972690031762e-01 2.509103322712790130e-01 5.826126536185707305e-01 2.127901684114701791e-02 0.000000000000000000e+00
1.736000000000000000e+06 4.339989821320675567e-01 1.500910332271279124e-01 2.505689576695493970e-01 5.820436959490213891e-01 1.729631315430131891e-02 0.000000000000000000e+00
1.744000000000000000e+06 4.359989774414319008e-01 1.445152480655439164e-01 2.486345015930814806e-01 5.925125170687300935e-01 1.433773327264451468e-02 0.000000000000000000e+00
1.752000000000000000e+06 4.379989727507962449e-01 1.472462448793809831e-01 2.467000455166135642e-01 5.912608101957214091e-01 1.479289940828402289e-02 0.000000000000000000e+00
1.760000000000000000e+06 4.399989680601605890e-01 1.486117432862995025e-01 2.455621301775147980e-01 5.884160218479744797e-01 1.741010468821119553e-02 0.000000000000000000e+00
1.768000000000000000e+06 4.419989633695251552e-01 1.525944469731451980e-01 2.426035502958579781e-01 5.880746472462449193e-01 1.672735548475193582e-02 0.000000000000000000e+00
1.776000000000000000e+06 4.439989586788894993e-01 1.513427401001365413e-01 2.427173418297678686e-01 5.894401456531633832e-01 1.649977241693217911e-02 0.000000000000000000e+00
1.784000000000000000e+06 4.459989539882538434e-01 1.581702321347291662e-01 2.387346381429221731e-01 5.878470641784251383e-01 1.524806554392353283e-02 0.000000000000000000e+00
1.792000000000000000e+06 4.479989492976181875e-01 1.611288120163859861e-01 2.394173873463814328e-01 5.823850705507510606e-01 1.706873008648156567e-02 0.000000000000000000e+00
1.800000000000000000e+06 4.499989446069825316e-01 1.620391442876649990e-01 2.403277196176604458e-01 5.838643604915794150e-01 1.376877560309512985e-02 0.000000000000000000e+00
1.808000000000000000e+06 4.519989399163468757e-01 1.611288120163859861e-01 2.420345926263086089e-01 5.801092398725534727e-01 1.672735548475193582e-02 0.000000000000000000e+00
1.816000000000000000e+06 4.539989352257112198e-01 1.686390532544378706e-01 2.363450159308147502e-01 5.830678197542102925e-01 1.194811106053709528e-02 0.000000000000000000e+00
