# itime ezz other fcc hcp bcc ico
0.000000000000000000e+00 0.000000000000000000e+00 0.000000000000000000e+00 1.000000000000000000e+00 0.000000000000000000e+00 0.000000000000000000e+00 0.000000000000000000e+00
3.000000000000000000e+00 1.199937876044554486e-03 0.000000000000000000e+00 1.000000000000000000e+00 0.000000000000000000e+00 0.000000000000000000e+00 0.000000000000000000e+00
6.000000000000000000e+00 2.399875752088886927e-03 0.000000000000000000e+00 1.000000000000000000e+00 0.000000000000000000e+00 0.000000000000000000e+00 0.000000000000000000e+00
9.000000000000000000e+00 3.599813628133441412e-03 0.000000000000000000e+00 1.000000000000000000e+00 0.000000000000000000e+00 0.000000000000000000e+00 0.000000000000000000e+00
1.200000000000000000e+01 4.799751504177995898e-03 0.000000000000000000e+00 1.000000000000000000e+00 0.000000000000000000e+00 0.000000000000000000e+00 0.000000000000000000e+00
1.500000000000000000e+01 5.999689380222550383e-03 0.000000000000000000e+00 1.000000000000000000e+00 0.000000000000000000e+00 0.000000000000000000e+00 0.000000000000000000e+00
1.800000000000000000e+01 7.199627256266882824e-03 0.000000000000000000e+00 1.000000000000000000e+00 0.000000000000000000e+00 0.000000000000000000e+00 0.000000000000000000e+00
2.100000000000000000e+01 8.399565132311437310e-03 0.000000000000000000e+00 1.000000000000000000e+00 0.000000000000000000e+00 0.000000000000000000e+00 0.000000000000000000e+00
2.400000000000000000e+01 9.599503008355991795e-03 0.000000000000000000e+00 1.000000000000000000e+00 0.000000000000000000e+00 0.000000000000000000e+00 0.000000000000000000e+00
2.700000000000000000e+01 1.079944088440054628e-02 0.000000000000000000e+00 1.000000000000000000e+00 0.000000000000000000e+00 0.000000000000000000e+00 0.000000000000000000e+00
3.000000000000000000e+01 1.199937876044487872e-02 0.000000000000000000e+00 1.000000000000000000e+00 0.000000000000000000e+00 0.000000000000000000e+00 0.000000000000000000e+00
3.300000000000000000e+01 1.319931663648943321e-02 0.000000000000000000e+00 1.000000000000000000e+00 0.000000000000000000e+00 0.000000000000000000e+00 0.000000000000000000e+00
3.600000000000000000e+01 1.439925451253398769e-02 0.000000000000000000e+00 1.000000000000000000e+00 0.000000000000000000e+00 0.000000000000000000e+00 0.000000000000000000e+00
3.900000000000000000e+01 1.559919238857854218e-02 0.000000000000000000e+00 1.000000000000000000e+00 0.000000000000000000e+00 0.000000000000000000e+00 0.000000000000000000e+00
4.200000000000000000e+01 1.679913026462287462e-02 0.000000000000000000e+00 1.000000000000000000e+00 0.000000000000000000e+00 0.000000000000000000e+00 0.000000000000000000e+00
4.500000000000000000e+01 1.799906814066742911e-02 0.000000000000000000e+00 1.000000000000000000e+00 0.000000000000000000e+00 0.000000000000000000e+00 0.000000000000000000e+00
4.800000000000000000e+01 1.919900601671198359e-02 0.000000000000000000e+00 1.000000000000000000e+00 0.000000000000000000e+00 0.000000000000000000e+00 0.000000000000000000e+00
5.100000000000000000e+01 2.039894389275653808e-02 0.000000000000000000e+00 1.000000000000000000e+00 0.000000000000000000e+00 0.000000000000000000e+00 0.000000000000000000e+00
5.400000000000000000e+01 2.159888176880087052e-02 0.000000000000000000e+00 1.000000000000000000e+00 0.000000000000000000e+00 0.000000000000000000e+00 0.000000000000000000e+00
5.700000000000000000e+01 2.279881964484542500e-02 0.000000000000000000e+00 1.000000000000000000e+00 0.000000000000000000e+00 0.000000000000000000e+00 0.000000000000000000e+00
6.000000000000000000e+01 2.399875752088997949e-02 0.000000000000000000e+00 1.000000000000000000e+00 0.000000000000000000e+00 0.000000000000000000e+00 0.000000000000000000e+00
6.300000000000000000e+01 2.519869539693453397e-02 0.000000000000000000e+00 1.000000000000000000e+00 0.000000000000000000e+00 0.000000000000000000e+00 0.000000000000000000e+00
6.600000000000000000e+01 2.639863327297886642e-02 0.000000000000000000e+00 1.000000000000000000e+00 0.000000000000000000e+00 0.000000000000000000e+00 0.000000000000000000e+00
6.900000000000000000e+01 2.759857114902342090e-02 0.000000000000000000e+00 1.000000000000000000e+00 0.000000000000000000e+00 0.000000000000000000e+00 0.000000000000000000e+00
7.200000000000000000e+01 2.879850902506797539e-02 0.000000000000000000e+00 1.000000000000000000e+00 0.000000000000000000e+00 0.000000000000000000e+00 0.000000000000000000e+00
7.500000000000000000e+01 2.999844690111252987e-02 0.000000000000000000e+00 1.000000000000000000e+00 0.000000000000000000e+00 0.000000000000000000e+00 0.000000000000000000e+00
7.800000000000000000e+01 3.119838477715686231e-02 0.000000000000000000e+00 1.000000000000000000e+00 0.000000000000000000e+00 0.000000000000000000e+00 0.000000000000000000e+00
8.100000000000000000e+01 3.239832265320141680e-02 0.000000000000000000e+00 1.000000000000000000e+00 0.000000000000000000e+00 0.000000000000000000e+00 0.000000000000000000e+00
8.400000000000000000e+01 3.359826052924597128e-02 0.000000000000000000e+00 1.000000000000000000e+00 0.000000000000000000e+00 0.000000000000000000e+00 0.000000000000000000e+00
8.700000000000000000e+01 3.479819840529052577e-02 0.000000000000000000e+00 1.000000000000000000e+00 0.000000000000000000e+00 0.000000000000000000e+00 0.000000000000000000e+00
9.000000000000000000e+01 3.599813628133485821e-02 0.000000000000000000e+00 1.000000000000000000e+00 0.000000000000000000e+00 0.000000000000000000e+00 0.000000000000000000e+00
9.300000000000000000e+01 3.719807415737941270e-02 0.000000000000000000e+00 1.000000000000000000e+00 0.000000000000000000e+00 0.000000000000000000e+00 0.000000000000000000e+00
9.600000000000000000e+01 3.839801203342396718e-02 0.000000000000000000e+00 1.000000000000000000e+00 0.000000000000000000e+00 0.000000000000000000e+00 0.000000000000000000e+00
9.900000000000000000e+01 3.959794990946852167e-02 0.000000000000000000e+00 1.000000000000000000e+00 0.000000000000000000e+00 0.000000000000000000e+00 0.000000000000000000e+00
1.020000000000000000e+02 4.079788778551285411e-02 0.000000000000000000e+00 1.000000000000000000e+00 0.000000000000000000e+00 0.000000000000000000e+00 0.000000000000000000e+00
1.050000000000000000e+02 4.199782566155740859e-02 0.000000000000000000e+00 1.000000000000000000e+00 0.000000000000000000e+00 0.000000000000000000e+00 0.000000000000000000e+00
1.080000000000000000e+02 4.319776353760196308e-02 0.000000000000000000e+00 1.000000000000000000e+00 0.000000000000000000e+00 0.000000000000000000e+00 0.000000000000000000e+00
1.110000000000000000e+02 4.439770141364651757e-02 0.000000000000000000e+00 1.000000000000000000e+00 0.000000000000000000e+00 0.000000000000000000e+00 0.000000000000000000e+00
1.140000000000000000e+02 4.559763928969085001e-02 0.000000000000000000e+00 1.000000000000000000e+00 0.000000000000000000e+00 0.000000000000000000e+00 0.000000000000000000e+00
1.170000000000000000e+02 4.679757716573540449e-02 0.000000000000000000e+00 1.000000000000000000e+00 0.000000000000000000e+00 0.000000000000000000e+00 0.000000000000000000e+00
1.200000000000000000e+02 4.799751504177995898e-02 0.000000000000000000e+00 1.000000000000000000e+00 0.000000000000000000e+00 0.000000000000000000e+00 0.000000000000000000e+00
1.230000000000000000e+02 4.919745291782451346e-02 0.000000000000000000e+00 1.000000000000000000e+00 0.000000000000000000e+00 0.000000000000000000e+00 0.000000000000000000e+00
1.260000000000000000e+02 5.039739079386884590e-02 0.000000000000000000e+00 1.000000000000000000e+00 0.000000000000000000e+00 0.000000000000000000e+00 0.000000000000000000e+00
1.290000000000000000e+02 5.159732866991340039e-02 0.000000000000000000e+00 1.000000000000000000e+00 0.000000000000000000e+00 0.000000000000000000e+00 0.000000000000000000e+00
1.320000000000000000e+02 5.279726654595795488e-02 0.000000000000000000e+00 1.000000000000000000e+00 0.000000000000000000e+00 0.000000000000000000e+00 0.000000000000000000e+00
1.350000000000000000e+02 5.399720442200250936e-02 0.000000000000000000e+00 1.000000000000000000e+00 0.000000000000000000e+00 0.000000000000000000e+00 0.000000000000000000e+00
1.380000000000000000e+02 5.519714229804684180e-02 0.000000000000000000e+00 1.000000000000000000e+00 0.000000000000000000e+00 0.000000000000000000e+00 0.000000000000000000e+00
1.410000000000000000e+02 5.639708017409139629e-02 0.000000000000000000e+00 1.000000000000000000e+00 0.000000000000000000e+00 0.000000000000000000e+00 0.000000000000000000e+00
1.440000000000000000e+02 5.759701805013595077e-02 0.000000000000000000e+00 1.000000000000000000e+00 0.000000000000000000e+00 0.000000000000000000e+00 0.000000000000000000e+00
1.470000000000000000e+02 5.879695592618050526e-02 0.000000000000000000e+00 1.000000000000000000e+00 0.000000000000000000e+00 0.000000000000000000e+00 0.000000000000000000e+00
1.500000000000000000e+02 5.999689380222483770e-02 0.000000000000000000e+00 1.000000000000000000e+00 0.000000000000000000e+00 0.000000000000000000e+00 0.000000000000000000e+00
1.530000000000000000e+02 6.119683167826939219e-02 0.000000000000000000e+00 1.000000000000000000e+00 0.000000000000000000e+00 0.000000000000000000e+00 0.000000000000000000e+00
1.560000000000000000e+02 6.239676955431394667e-02 0.000000000000000000e+00 1.000000000000000000e+00 0.000000000000000000e+00 0.000000000000000000e+00 0.000000000000000000e+00
1.590000000000000000e+02 6.359670743035827911e-02 0.000000000000000000e+00 1.000000000000000000e+00 0.000000000000000000e+00 0.000000000000000000e+00 0.000000000000000000e+00
1.620000000000000000e+02 6.479664530640283360e-02 0.000000000000000000e+00 1.000000000000000000e+00 0.000000000000000000e+00 0.000000000000000000e+00 0.000000000000000000e+00
1.650000000000000000e+02 6.599658318244738808e-02 0.000000000000000000e+00 1.000000000000000000e+00 0.000000000000000000e+00 0.000000000000000000e+00 0.000000000000000000e+00
1.680000000000000000e+02 6.719652105849194257e-02 0.000000000000000000e+00 1.000000000000000000e+00 0.000000000000000000e+00 0.000000000000000000e+00 0.000000000000000000e+00
1.710000000000000000e+02 6.839645893453627501e-02 0.000000000000000000e+00 1.000000000000000000e+00 0.000000000000000000e+00 0.000000000000000000e+00 0.000000000000000000e+00
1.740000000000000000e+02 6.959639681058082950e-02 0.000000000000000000e+00 1.000000000000000000e+00 0.000000000000000000e+00 0.000000000000000000e+00 0.000000000000000000e+00
1.770000000000000000e+02 7.079633468662538398e-02 0.000000000000000000e+00 1.000000000000000000e+00 0.000000000000000000e+00 0.000000000000000000e+00 0.000000000000000000e+00
1.800000000000000000e+02 7.199627256266993847e-02 0.000000000000000000e+00 1.000000000000000000e+00 0.000000000000000000e+00 0.000000000000000000e+00 0.000000000000000000e+00
1.830000000000000000e+02 7.319621043871427091e-02 0.000000000000000000e+00 1.000000000000000000e+00 0.000000000000000000e+00 0.000000000000000000e+00 0.000000000000000000e+00
1.860000000000000000e+02 7.439614831475882539e-02 0.000000000000000000e+00 1.000000000000000000e+00 0.000000000000000000e+00 0.000000000000000000e+00 0.000000000000000000e+00
1.890000000000000000e+02 7.559608619080337988e-02 0.000000000000000000e+00 1.000000000000000000e+00 0.000000000000000000e+00 0.000000000000000000e+00 0.000000000000000000e+00
1.920000000000000000e+02 7.679602406684793436e-02 1.137915339098771066e-04 9.998862084660901095e-01 0.000000000000000000e+00 0.000000000000000000e+00 0.000000000000000000e+00
1.950000000000000000e+02 7.799596194289226680e-02 0.000000000000000000e+00 1.000000000000000000e+00 0.000000000000000000e+00 0.000000000000000000e+00 0.000000000000000000e+00
1.980000000000000000e+02 7.919589981893682129e-02 0.000000000000000000e+00 1.000000000000000000e+00 0.000000000000000000e+00 0.000000000000000000e+00 0.000000000000000000e+00
2.010000000000000000e+02 8.039583769498137578e-02 0.000000000000000000e+00 1.000000000000000000e+00 0.000000000000000000e+00 0.000000000000000000e+00 0.000000000000000000e+00
2.040000000000000000e+02 8.159577557102593026e-02 0.000000000000000000e+00 1.000000000000000000e+00 0.000000000000000000e+00 0.000000000000000000e+00 0.000000000000000000e+00
2.070000000000000000e+02 8.279571344707026270e-02 0.000000000000000000e+00 1.000000000000000000e+00 0.000000000000000000e+00 0.000000000000000000e+00 0.000000000000000000e+00
2.100000000000000000e+02 8.399565132311481719e-02 0.000000000000000000e+00 1.000000000000000000e+00 0.000000000000000000e+00 0.000000000000000000e+00 0.000000000000000000e+00
2.130000000000000000e+02 8.519558919915937167e-02 0.000000000000000000e+00 1.000000000000000000e+00 0.000000000000000000e+00 0.000000000000000000e+00 0.000000000000000000e+00
2.160000000000000000e+02 8.639552707520392616e-02 1.137915339098771066e-04 9.998862084660901095e-01 0.000000000000000000e+00 0.000000000000000000e+00 0.000000000000000000e+00
2.190000000000000000e+02 8.759546495124825860e-02 4.551661356395084266e-04 9.995448338643604380e-01 0.000000000000000000e+00 0.000000000000000000e+00 0.000000000000000000e+00
2.220000000000000000e+02 8.879540282729281309e-02 2.275830678197542133e-04 9.997724169321802190e-01 0.000000000000000000e+00 0.000000000000000000e+00 0.000000000000000000e+00
2.250000000000000000e+02 8.999534070333736757e-02 2.275830678197542133e-04 9.997724169321802190e-01 0.000000000000000000e+00 0.000000000000000000e+00 0.000000000000000000e+00
2.280000000000000000e+02 9.119527857938192206e-02 0.000000000000000000e+00 1.000000000000000000e+00 0.000000000000000000e+00 0.000000000000000000e+00 0.000000000000000000e+00
2.310000000000000000e+02 9.239521645542625450e-02 3.413746017296313199e-04 9.996586253982703285e-01 0.000000000000000000e+00 0.000000000000000000e+00 0.000000000000000000e+00
2.340000000000000000e+02 9.359515433147080898e-02 3.413746017296313199e-04 9.995448338643604380e-01 0.000000000000000000e+00 1.137915339098771066e-04 0.000000000000000000e+00
2.370000000000000000e+02 9.479509220751536347e-02 4.551661356395084266e-04 9.995448338643604380e-01 0.000000000000000000e+00 0.000000000000000000e+00 0.000000000000000000e+00
2.400000000000000000e+02 9.599503008355991795e-02 2.275830678197542133e-04 9.997724169321802190e-01 0.000000000000000000e+00 0.000000000000000000e+00 0.000000000000000000e+00
2.430000000000000000e+02 9.719496795960425040e-02 5.689576695493854790e-04 9.994310423304506585e-01 0.000000000000000000e+00 0.000000000000000000e+00 0.000000000000000000e+00
2.460000000000000000e+02 9.839490583564880488e-02 2.275830678197542133e-04 9.997724169321802190e-01 0.000000000000000000e+00 0.000000000000000000e+00 0.000000000000000000e+00
2.490000000000000000e+02 9.959484371169335937e-02 3.413746017296313199e-04 9.995448338643604380e-01 0.000000000000000000e+00 1.137915339098771066e-04 0.000000000000000000e+00
2.520000000000000000e+02 1.007947815877379139e-01 0.000000000000000000e+00 9.998862084660901095e-01 0.000000000000000000e+00 1.137915339098771066e-04 0.000000000000000000e+00
2.550000000000000000e+02 1.019947194637822463e-01 1.137915339098771066e-04 9.998862084660901095e-01 0.000000000000000000e+00 0.000000000000000000e+00 0.000000000000000000e+00
2.580000000000000000e+02 1.031946573398268008e-01 2.275830678197542133e-04 9.996586253982703285e-01 0.000000000000000000e+00 1.137915339098771066e-04 0.000000000000000000e+00
2.610000000000000000e+02 1.043945952158713553e-01 1.024123805188893906e-03 9.988620846609012061e-01 0.000000000000000000e+00 1.137915339098771066e-04 0.000000000000000000e+00
2.640000000000000000e+02 1.055945330919159098e-01 1.137915339098770958e-03 9.988620846609012061e-01 0.000000000000000000e+00 0.000000000000000000e+00 0.000000000000000000e+00
2.670000000000000000e+02 1.067944709679602422e-01 1.365498406918525280e-03 9.986345015930814251e-01 0.000000000000000000e+00 0.000000000000000000e+00 0.000000000000000000e+00
2.700000000000000000e+02 1.079944088440047967e-01 1.593081474738279385e-03 9.984069185252617551e-01 0.000000000000000000e+00 0.000000000000000000e+00 0.000000000000000000e+00
2.730000000000000000e+02 1.091943467200493512e-01 1.934456076467910759e-03 9.980655439235320836e-01 0.000000000000000000e+00 0.000000000000000000e+00 0.000000000000000000e+00
2.760000000000000000e+02 1.103942845960939056e-01 2.389622212107419402e-03 9.976103777878926326e-01 0.000000000000000000e+00 0.000000000000000000e+00 0.000000000000000000e+00
2.790000000000000000e+02 1.115942224721382381e-01 2.048247610377787811e-03 9.979517523896221931e-01 0.000000000000000000e+00 0.000000000000000000e+00 0.000000000000000000e+00
2.820000000000000000e+02 1.127941603481827926e-01 1.820664542558033706e-03 9.981793354574419741e-01 0.000000000000000000e+00 0.000000000000000000e+00 0.000000000000000000e+00
2.850000000000000000e+02 1.139940982242273471e-01 1.706873008648156654e-03 9.981793354574419741e-01 0.000000000000000000e+00 1.137915339098771066e-04 0.000000000000000000e+00
2.880000000000000000e+02 1.151940361002719015e-01 2.275830678197541916e-03 9.977241693218024121e-01 0.000000000000000000e+00 0.000000000000000000e+00 0.000000000000000000e+00
2.910000000000000000e+02 1.163939739763162340e-01 2.730996813837050560e-03 9.969276285844332897e-01 0.000000000000000000e+00 3.413746017296313199e-04 0.000000000000000000e+00
2.940000000000000000e+02 1.175939118523607885e-01 4.665452890304961318e-03 9.952207555757851543e-01 0.000000000000000000e+00 1.137915339098771066e-04 0.000000000000000000e+00
2.970000000000000000e+02 1.187938497284053430e-01 4.893035958124715423e-03 9.951069640418752638e-01 0.000000000000000000e+00 0.000000000000000000e+00 0.000000000000000000e+00
3.000000000000000000e+02 1.199937876044496754e-01 4.324078288575329727e-03 9.955621301775148257e-01 0.000000000000000000e+00 1.137915339098771066e-04 0.000000000000000000e+00
3.030000000000000000e+02 1.211937254804942299e-01 3.641329085116067413e-03 9.961310878470641672e-01 0.000000000000000000e+00 2.275830678197542133e-04 0.000000000000000000e+00
3.060000000000000000e+02 1.223936633565387844e-01 5.575785161583977738e-03 9.941966317705962508e-01 0.000000000000000000e+00 2.275830678197542133e-04 0.000000000000000000e+00
3.090000000000000000e+02 1.235936012325833389e-01 6.486117432862995025e-03 9.934000910332271284e-01 0.000000000000000000e+00 1.137915339098771066e-04 0.000000000000000000e+00
3.120000000000000000e+02 1.247935391086276713e-01 7.510241238051888930e-03 9.922621756941283344e-01 0.000000000000000000e+00 2.275830678197542133e-04 0.000000000000000000e+00
3.150000000000000000e+02 1.259934769846722258e-01 6.713700500682749130e-03 9.931725079654073474e-01 0.000000000000000000e+00 1.137915339098771066e-04 0.000000000000000000e+00
3.180000000000000000e+02 1.271934148607167803e-01 8.079198907601274626e-03 9.918070095584888834e-01 0.000000000000000000e+00 1.137915339098771066e-04 0.000000000000000000e+00
3.210000000000000000e+02 1.283933527367613348e-01 8.648156577150659455e-03 9.910104688211197610e-01 0.000000000000000000e+00 3.413746017296313199e-04 0.000000000000000000e+00
3.240000000000000000e+02 1.295932906128056672e-01 1.228948566226672687e-02 9.873691397360035982e-01 0.000000000000000000e+00 3.413746017296313199e-04 0.000000000000000000e+00
3.270000000000000000e+02 1.307932284888502217e-01 1.399635867091488309e-02 9.856622667273554628e-01 0.000000000000000000e+00 3.413746017296313199e-04 0.000000000000000000e+00
3.300000000000000000e+02 1.319931663648947762e-01 1.479289940828402289e-02 9.848657259899863403e-01 0.000000000000000000e+00 3.413746017296313199e-04 0.000000000000000000e+00
3.330000000000000000e+02 1.331931042409393307e-01 1.570323167956303931e-02 9.838416021847974369e-01 0.000000000000000000e+00 4.551661356395084266e-04 0.000000000000000000e+00
3.360000000000000000e+02 1.343930421169836631e-01 1.877560309512972189e-02 9.808830223031406170e-01 0.000000000000000000e+00 3.413746017296313199e-04 0.000000000000000000e+00
3.390000000000000000e+02 1.355929799930282176e-01 2.355484751934456070e-02 9.761037778789257713e-01 0.000000000000000000e+00 3.413746017296313199e-04 0.000000000000000000e+00
3.420000000000000000e+02 1.367929178690727721e-01 2.628584433318160996e-02 9.730314064633591720e-01 0.000000000000000000e+00 6.827492034592626399e-04 0.000000000000000000e+00
3.450000000000000000e+02 1.379928557451173265e-01 2.878925807919890598e-02 9.700728265817023521e-01 0.000000000000000000e+00 1.137915339098770958e-03 0.000000000000000000e+00
3.480000000000000000e+02 1.391927936211616590e-01 3.777878925807919702e-02 9.613108784706417831e-01 0.000000000000000000e+00 9.103322712790168532e-04 0.000000000000000000e+00
3.510000000000000000e+02 1.403927314972062135e-01 4.847519344560764776e-02 9.505006827492034072e-01 0.000000000000000000e+00 1.024123805188893906e-03 0.000000000000000000e+00
3.540000000000000000e+02 1.415926693732507680e-01 5.097860719162494031e-02 9.469731451979972459e-01 0.000000000000000000e+00 2.048247610377787811e-03 0.000000000000000000e+00
3.570000000000000000e+02 1.427926072492953224e-01 5.461993627674101293e-02 9.432180245789713036e-01 0.000000000000000000e+00 2.162039144287664864e-03 0.000000000000000000e+00
3.600000000000000000e+02 1.439925451253396549e-01 6.224396904870277414e-02 9.349112426035502965e-01 0.000000000000000000e+00 2.844788347746927612e-03 0.000000000000000000e+00
3.630000000000000000e+02 1.451924830013842094e-01 7.806099226217569353e-02 9.187528447883477334e-01 0.000000000000000000e+00 3.186162949476558769e-03 0.000000000000000000e+00
3.660000000000000000e+02 1.463924208774287639e-01 9.353664087391898307e-02 9.023668639053253893e-01 0.000000000000000000e+00 4.096495220755575623e-03 0.000000000000000000e+00
3.690000000000000000e+02 1.475923587534733183e-01 1.094674556213017791e-01 8.850705507510241432e-01 0.000000000000000000e+00 5.461993627674101119e-03 0.000000000000000000e+00
3.720000000000000000e+02 1.487922966295176508e-01 1.329085116067364458e-01 8.593536640873918886e-01 0.000000000000000000e+00 7.737824305871643035e-03 0.000000000000000000e+00
3.750000000000000000e+02 1.499922345055622053e-01 1.538461538461538547e-01 8.361401911697770029e-01 0.000000000000000000e+00 1.001365498406918582e-02 0.000000000000000000e+00
3.780000000000000000e+02 1.511921723816067598e-01 1.794492489758761911e-01 8.070095584888484774e-01 0.000000000000000000e+00 1.354119253527537488e-02 0.000000000000000000e+00
3.810000000000000000e+02 1.523921102576513142e-01 2.121074192080109333e-01 7.717341829767865313e-01 0.000000000000000000e+00 1.615839781520254925e-02 0.000000000000000000e+00
3.840000000000000000e+02 1.535920481336956467e-01 2.487482931269913433e-01 7.319071461083295205e-01 0.000000000000000000e+00 1.934456076467910846e-02 0.000000000000000000e+00
3.870000000000000000e+02 1.547919860097402012e-01 2.899408284023668458e-01 6.858215748748293095e-01 0.000000000000000000e+00 2.423759672280382388e-02 0.000000000000000000e+00
3.900000000000000000e+02 1.559919238857847557e-01 3.380746472462448637e-01 6.305188893946290785e-01 0.000000000000000000e+00 3.140646335912607862e-02 0.000000000000000000e+00
3.930000000000000000e+02 1.571918617618293101e-01 3.896222121074192080e-01 5.688438780154756458e-01 0.000000000000000000e+00 4.153390987710514626e-02 0.000000000000000000e+00
3.960000000000000000e+02 1.583917996378736426e-01 4.456076467910787264e-01 5.034137460172962708e-01 0.000000000000000000e+00 5.097860719162494031e-02 0.000000000000000000e+00
3.990000000000000000e+02 1.595917375139181971e-01 4.969276285844333452e-01 4.408284023668638807e-01 1.137915339098771066e-04 6.213017751479289752e-02 0.000000000000000000e+00
4.020000000000000000e+02 1.607916753899627516e-01 5.525716886663631922e-01 3.742603550295858228e-01 0.000000000000000000e+00 7.316795630405098505e-02 0.000000000000000000e+00
4.050000000000000000e+02 1.619916132660073060e-01 6.005917159763313196e-01 3.122439690487027741e-01 3.413746017296313199e-04 8.682294037323623481e-02 0.000000000000000000e+00
4.080000000000000000e+02 1.631915511420516385e-01 6.428083750568958088e-01 2.562585343650432557e-01 3.413746017296313199e-04 1.005917159763313612e-01 0.000000000000000000e+00
4.110000000000000000e+02 1.643914890180961930e-01 6.777423759672280834e-01 2.064178425125170746e-01 0.000000000000000000e+00 1.158397815202548975e-01 0.000000000000000000e+00
4.140000000000000000e+02 1.655914268941407475e-01 6.993627674101047242e-01 1.704597177969958965e-01 3.413746017296313199e-04 1.298361401911697632e-01 0.000000000000000000e+00
4.170000000000000000e+02 1.667913647701853019e-01 7.205279927173418031e-01 1.356395084205735124e-01 6.827492034592626399e-04 1.431497496586253970e-01 0.000000000000000000e+00
4.200000000000000000e+02 1.679913026462296344e-01 7.385070550751023921e-01 1.081019572143832458e-01 1.137915339098770958e-03 1.522530723714155543e-01 0.000000000000000000e+00
4.230000000000000000e+02 1.691912405222741889e-01 7.530723714155667103e-01 8.249886208466089554e-02 2.617205279927173507e-03 1.618115612198452458e-01 0.000000000000000000e+00
4.260000000000000000e+02 1.703911783983187433e-01 7.659308147473827821e-01 6.247155211652252738e-02 2.958579881656804664e-03 1.686390532544378706e-01 0.000000000000000000e+00
4.290000000000000000e+02 1.715911162743632978e-01 7.736686390532544477e-01 4.836140191169777114e-02 3.868912152935821518e-03 1.741010468821119761e-01 0.000000000000000000e+00
4.320000000000000000e+02 1.727910541504076303e-01 7.765134274010013771e-01 3.846153846153846367e-02 5.575785161583977738e-03 1.794492489758761911e-01 0.000000000000000000e+00
4.350000000000000000e+02 1.739909920264521848e-01 7.800409649522075384e-01 3.174783796085571541e-02 6.258534365043240920e-03 1.819526627218935044e-01 0.000000000000000000e+00
4.380000000000000000e+02 1.751909299024967392e-01 7.789030496131087444e-01 2.696859353664087314e-02 5.917159763313609329e-03 1.882111970869367323e-01 0.000000000000000000e+00
4.410000000000000000e+02 1.763908677785412937e-01 7.812926718252162228e-01 2.309968138370505075e-02 7.168866636322257339e-03 1.884387801547564856e-01 0.000000000000000000e+00
4.440000000000000000e+02 1.775908056545856262e-01 7.860719162494310686e-01 1.877560309512972189e-02 6.827492034592626616e-03 1.883249886208466228e-01 0.000000000000000000e+00
4.470000000000000000e+02 1.787907435306301807e-01 7.861857077833409591e-01 1.593081474738279601e-02 7.624032771961766417e-03 1.902594446973145115e-01 0.000000000000000000e+00
4.500000000000000000e+02 1.799906814066747351e-01 7.843650432407829332e-01 1.547564861174328607e-02 9.330905780609922637e-03 1.908284023668639084e-01 0.000000000000000000e+00
4.530000000000000000e+02 1.811906192827190676e-01 7.792444242148384159e-01 1.706873008648156567e-02 1.081019572143832562e-02 1.928766499772416876e-01 0.000000000000000000e+00
4.560000000000000000e+02 1.823905571587636221e-01 7.786754665452890745e-01 1.786527082385070547e-02 1.137915339098771045e-02 1.920801092398725651e-01 0.000000000000000000e+00
4.590000000000000000e+02 1.835904950348081766e-01 7.767410104688211581e-01 1.888939462903959851e-02 1.228948566226672687e-02 1.920801092398725651e-01 0.000000000000000000e+00
4.620000000000000000e+02 1.847904329108527310e-01 7.763996358670914866e-01 1.843422849340009204e-02 1.388256713700500647e-02 1.912835685025034149e-01 0.000000000000000000e+00
4.650000000000000000e+02 1.859903707868970635e-01 7.745789713245334607e-01 1.900318616294947513e-02 1.536185707783340945e-02 1.910559854346836617e-01 0.000000000000000000e+00
4.680000000000000000e+02 1.871903086629416180e-01 7.759444697314519246e-01 1.763768775603095224e-02 1.900318616294947513e-02 1.874146563495675821e-01 0.000000000000000000e+00
4.710000000000000000e+02 1.883902465389861725e-01 7.701411015020482864e-01 1.854802002730996865e-02 2.412380518889394726e-02 1.871870732817478289e-01 0.000000000000000000e+00
4.740000000000000000e+02 1.895901844150307269e-01 7.683204369594902605e-01 1.866181156121984527e-02 2.651342740100136666e-02 1.865043240782885692e-01 0.000000000000000000e+00
4.770000000000000000e+02 1.907901222910750594e-01 7.691169776968593830e-01 1.968593536640873831e-02 2.947200728265816916e-02 1.817250796540737234e-01 0.000000000000000000e+00
4.800000000000000000e+02 1.919900601671196139e-01 7.669549385525716856e-01 2.150659990896677115e-02 3.629949931725079404e-02 1.752389622212107423e-01 0.000000000000000000e+00
4.830000000000000000e+02 1.931899980431641684e-01 7.661583978152025631e-01 2.264451524806554428e-02 3.868912152935821691e-02 1.725079654073737034e-01 0.000000000000000000e+00
4.860000000000000000e+02 1.943899359192087228e-01 7.644515248065544277e-01 2.241693218024579104e-02 4.415111515703231543e-02 1.689804278561675144e-01 0.000000000000000000e+00
4.890000000000000000e+02 1.955898737952530553e-01 7.687756030951297115e-01 2.287209831588529751e-02 4.722348657259899801e-02 1.611288120163859861e-01 0.000000000000000000e+00
4.920000000000000000e+02 1.967898116712976098e-01 7.717341829767865313e-01 2.207555757851615771e-02 5.166135639508420696e-02 1.545289030496131144e-01 0.000000000000000000e+00
4.950000000000000000e+02 1.979897495473421642e-01 7.686618115612198210e-01 2.230314064633591095e-02 5.518889394629039602e-02 1.538461538461538547e-01 0.000000000000000000e+00
4.980000000000000000e+02 1.991896874233867187e-01 7.727583067819754348e-01 2.162039144287665124e-02 5.848884842967683184e-02 1.471324533454710926e-01 0.000000000000000000e+00
5.010000000000000000e+02 2.003896252994310512e-01 7.748065543923532417e-01 2.162039144287665124e-02 6.167501137915339104e-02 1.418980427856167403e-01 0.000000000000000000e+00
5.040000000000000000e+02 2.015895631754756057e-01 7.781065088757396220e-01 2.253072371415566766e-02 6.429221665908056715e-02 1.350705507510241155e-01 0.000000000000000000e+00
5.070000000000000000e+02 2.027895010515201601e-01 7.816340464269457833e-01 2.139280837505689453e-02 6.543013199817933334e-02 1.315430131998179264e-01 0.000000000000000000e+00
5.100000000000000000e+02 2.039894389275647146e-01 7.845926263086026031e-01 2.162039144287665124e-02 6.895766954938552240e-02 1.248293126991351781e-01 0.000000000000000000e+00
5.130000000000000000e+02 2.051893768036090471e-01 7.865270823850705195e-01 2.230314064633591095e-02 7.123350022758306865e-02 1.199362767410104696e-01 0.000000000000000000e+00
5.160000000000000000e+02 2.063893146796536016e-01 7.908511606736459143e-01 2.264451524806554428e-02 7.214383249886208160e-02 1.143604915794264876e-01 0.000000000000000000e+00
5.190000000000000000e+02 2.075892525556981560e-01 7.936959490213928436e-01 2.321347291761493084e-02 7.430587164314975124e-02 1.087847064178425194e-01 0.000000000000000000e+00
5.220000000000000000e+02 2.087891904317427105e-01 7.960855712335002110e-01 2.469276285844333035e-02 7.203004096495220498e-02 1.071916249431042328e-01 0.000000000000000000e+00
5.250000000000000000e+02 2.099891283077870430e-01 7.988165680473372499e-01 2.583067819754210348e-02 7.055075102412380894e-02 1.048020027309968100e-01 0.000000000000000000e+00
5.280000000000000000e+02 2.111890661838315975e-01 8.020027309968138507e-01 2.696859353664087314e-02 7.089212562585343880e-02 1.001365498406918547e-01 0.000000000000000000e+00
5.310000000000000000e+02 2.123890040598761519e-01 8.074647246244879284e-01 2.674101046882111990e-02 7.237141556668183484e-02 9.342284934000910646e-02 0.000000000000000000e+00
5.340000000000000000e+02 2.135889419359207064e-01 8.096267637687756258e-01 2.890304961310878606e-02 7.066454255803368556e-02 9.080564406008193035e-02 0.000000000000000000e+00
5.370000000000000000e+02 2.147888798119650389e-01 8.116750113791534327e-01 2.992717341829767910e-02 7.055075102412380894e-02 8.784706417842512438e-02 0.000000000000000000e+00
5.400000000000000000e+02 2.159888176880095934e-01 8.150887573964497035e-01 3.106508875739644876e-02 7.020937642239417908e-02 8.363677742375967561e-02 0.000000000000000000e+00
5.430000000000000000e+02 2.171887555640541478e-01 8.139508420573509095e-01 3.186162949476559203e-02 7.294037323623121793e-02 8.124715521165225274e-02 0.000000000000000000e+00
5.460000000000000000e+02 2.183886934400987023e-01 8.218024578971324656e-01 3.197542102867546865e-02 7.089212562585343880e-02 7.532999544833864081e-02 0.000000000000000000e+00
5.490000000000000000e+02 2.195886313161430348e-01 8.255575785161584079e-01 3.254437869822485174e-02 7.214383249886208160e-02 6.975421028675465873e-02 0.000000000000000000e+00
5.520000000000000000e+02 2.207885691921875893e-01 8.272644515248065433e-01 3.231679563040509851e-02 7.407828857532999800e-02 6.634046426945834629e-02 0.000000000000000000e+00
5.550000000000000000e+02 2.219885070682321437e-01 8.280609922621756658e-01 3.322712790168411146e-02 7.419208010923987462e-02 6.451979972690032039e-02 0.000000000000000000e+00
5.580000000000000000e+02 2.231884449442766982e-01 8.332954028220300735e-01 3.459262630860263782e-02 7.203004096495220498e-02 6.008192990441511144e-02 0.000000000000000000e+00
5.610000000000000000e+02 2.243883828203210307e-01 8.365953573054164538e-01 3.470641784251251444e-02 7.066454255803368556e-02 5.803368229403732537e-02 0.000000000000000000e+00
5.640000000000000000e+02 2.255883206963655851e-01 8.413746017296312996e-01 3.482020937642239106e-02 6.964041875284478211e-02 5.416477014110149951e-02 0.000000000000000000e+00
5.670000000000000000e+02 2.267882585724101396e-01 8.423987255348202030e-01 3.413746017296313134e-02 6.918525261720527564e-02 5.427856167501137613e-02 0.000000000000000000e+00
5.700000000000000000e+02 2.279881964484546941e-01 8.428538916704597650e-01 3.459262630860263782e-02 6.998179335457442585e-02 5.257168866636321991e-02 0.000000000000000000e+00
5.730000000000000000e+02 2.291881343244990266e-01 8.401228948566226151e-01 3.629949931725079404e-02 6.975421028675465873e-02 5.382339553937186966e-02 0.000000000000000000e+00
5.760000000000000000e+02 2.303880722005435810e-01 8.410332271279017391e-01 3.743741465634956717e-02 7.009558488848430247e-02 5.143377332726445372e-02 0.000000000000000000e+00
5.790000000000000000e+02 2.315880100765881355e-01 8.395539371870732737e-01 3.959945380063722986e-02 7.020937642239417908e-02 5.063723258989531045e-02 0.000000000000000000e+00
5.820000000000000000e+02 2.327879479526326900e-01 8.394401456531633832e-01 3.937187073281747662e-02 7.225762403277195822e-02 4.893035958124715423e-02 0.000000000000000000e+00
5.850000000000000000e+02 2.339878858286770225e-01 8.453573054164770229e-01 3.880291306326809353e-02 7.077833409194356218e-02 4.506144742831133532e-02 0.000000000000000000e+00
5.880000000000000000e+02 2.351878237047215769e-01 8.454710969503869133e-01 3.846153846153846367e-02 7.157487482931269851e-02 4.449248975876194528e-02 0.000000000000000000e+00
5.910000000000000000e+02 2.363877615807661314e-01 8.462676376877560358e-01 3.880291306326809353e-02 7.294037323623121793e-02 4.198907601274465273e-02 0.000000000000000000e+00
5.940000000000000000e+02 2.375876994568106859e-01 8.451297223486572419e-01 3.982703686845699004e-02 7.396449704142012138e-02 4.107874374146563284e-02 0.000000000000000000e+00
5.970000000000000000e+02 2.387876373328550184e-01 8.453573054164770229e-01 4.164770141101502288e-02 7.498862084660901095e-02 3.800637232589895026e-02 0.000000000000000000e+00
6.000000000000000000e+02 2.399875752088995728e-01 8.429676832043695445e-01 4.289940828402366568e-02 7.487482931269913433e-02 3.925807919890760000e-02 0.000000000000000000e+00
6.030000000000000000e+02 2.411875130849441273e-01 8.449021392808374609e-01 4.312699135184342586e-02 7.305416477014110843e-02 3.891670459717797015e-02 0.000000000000000000e+00
6.060000000000000000e+02 2.423874509609884598e-01 8.471779699590350488e-01 4.198907601274465273e-02 7.180245789713245175e-02 3.903049613108784677e-02 0.000000000000000000e+00
6.090000000000000000e+02 2.435873888370330143e-01 8.436504324078288874e-01 4.380974055530268557e-02 7.259899863450158808e-02 3.994082840236686666e-02 0.000000000000000000e+00
6.120000000000000000e+02 2.447873267130775687e-01 8.438780154756485574e-01 4.449248975876194528e-02 7.225762403277195822e-02 3.937187073281747662e-02 0.000000000000000000e+00
6.150000000000000000e+02 2.459872645891221232e-01 8.413746017296312996e-01 4.608557123350022489e-02 7.294037323623121793e-02 3.959945380063722986e-02 0.000000000000000000e+00
6.180000000000000000e+02 2.471872024651664557e-01 8.420573509330905315e-01 4.642694583522986168e-02 7.453345471096950448e-02 3.698224852071006069e-02 0.000000000000000000e+00
6.210000000000000000e+02 2.483871403412110102e-01 8.421711424670004220e-01 4.654073736913973830e-02 7.612653618570777714e-02 3.516158397815202785e-02 0.000000000000000000e+00
6.240000000000000000e+02 2.495870782172555646e-01 8.429676832043695445e-01 4.904415111515703085e-02 7.225762403277195822e-02 3.573054164770141095e-02 0.000000000000000000e+00
6.270000000000000000e+02 2.507870160933001191e-01 8.430814747382794350e-01 4.927173418297678409e-02 7.055075102412380894e-02 3.709604005461993731e-02 0.000000000000000000e+00
6.300000000000000000e+02 2.519869539693444516e-01 8.459262630860263643e-01 5.040964952207555722e-02 6.873008648156576916e-02 3.493400091033227461e-02 0.000000000000000000e+00
6.330000000000000000e+02 2.531868918453890061e-01 8.425125170687300935e-01 5.279927173418298009e-02 6.895766954938552240e-02 3.573054164770141095e-02 0.000000000000000000e+00
6.360000000000000000e+02 2.543868297214335605e-01 8.427401001365498745e-01 5.405097860719162289e-02 7.020937642239417908e-02 3.299954483386435822e-02 0.000000000000000000e+00
6.390000000000000000e+02 2.555867675974781150e-01 8.394401456531633832e-01 5.632680928538916915e-02 7.203004096495220498e-02 3.220300409649522189e-02 0.000000000000000000e+00
6.420000000000000000e+02 2.567867054735224475e-01 8.410332271279017391e-01 5.700955848884842886e-02 7.043695949021393232e-02 3.152025489303595523e-02 0.000000000000000000e+00
6.450000000000000000e+02 2.579866433495670019e-01 8.372781065088756858e-01 5.769230769230769551e-02 7.157487482931269851e-02 3.345471096950387163e-02 0.000000000000000000e+00
6.480000000000000000e+02 2.591865812256115564e-01 8.356850250341374409e-01 5.905780609922621494e-02 7.111970869367319203e-02 3.413746017296313134e-02 0.000000000000000000e+00
6.510000000000000000e+02 2.603865191016561109e-01 8.356850250341374409e-01 6.042330450614474130e-02 7.020937642239417908e-02 3.368229403732362487e-02 0.000000000000000000e+00
6.540000000000000000e+02 2.615864569777004434e-01 8.378470641784251383e-01 6.065088757396449454e-02 6.952662721893490549e-02 3.197542102867546865e-02 0.000000000000000000e+00
6.570000000000000000e+02 2.627863948537449978e-01 8.332954028220300735e-01 6.349567592171143082e-02 7.043695949021393232e-02 3.277196176604460498e-02 0.000000000000000000e+00
6.600000000000000000e+02 2.639863327297895523e-01 8.379608557123350288e-01 6.269913518434228061e-02 6.850250341374601593e-02 3.083750568957669552e-02 0.000000000000000000e+00
6.630000000000000000e+02 2.651862706058341068e-01 8.408056440600819581e-01 6.133363677742376119e-02 6.577150659990896320e-02 3.208921256258534527e-02 0.000000000000000000e+00
6.660000000000000000e+02 2.663862084818784393e-01 8.450159308147473514e-01 5.962676376877560497e-02 6.508875739644970349e-02 3.026854802002730896e-02 0.000000000000000000e+00
6.690000000000000000e+02 2.675861463579229937e-01 8.469503868912152678e-01 6.030951297223486468e-02 6.326809285389166371e-02 2.947200728265816916e-02 0.000000000000000000e+00
6.720000000000000000e+02 2.687860842339675482e-01 8.439918070095584479e-01 6.417842512517069054e-02 6.281292671825215723e-02 2.901684114701866268e-02 0.000000000000000000e+00
6.750000000000000000e+02 2.699860221100121027e-01 8.453573054164770229e-01 6.622667273554846967e-02 6.099226217569413133e-02 2.742375967228038308e-02 0.000000000000000000e+00
6.780000000000000000e+02 2.711859599860564352e-01 8.404642694583522866e-01 6.781975421028675621e-02 6.417842512517069054e-02 2.753755120619025970e-02 0.000000000000000000e+00
6.810000000000000000e+02 2.723858978621009896e-01 8.400091033227128356e-01 6.725079654073737312e-02 6.383705052344106068e-02 2.890304961310878606e-02 0.000000000000000000e+00
