# itime ezz other fcc hcp bcc ico
0.000000000000000000e+00 0.000000000000000000e+00 0.000000000000000000e+00 1.000000000000000000e+00 0.000000000000000000e+00 0.000000000000000000e+00 0.000000000000000000e+00
5.000000000000000000e+01 1.999972836286723066e-03 0.000000000000000000e+00 1.000000000000000000e+00 0.000000000000000000e+00 0.000000000000000000e+00 0.000000000000000000e+00
1.000000000000000000e+02 3.999945672573668176e-03 0.000000000000000000e+00 1.000000000000000000e+00 0.000000000000000000e+00 0.000000000000000000e+00 0.000000000000000000e+00
1.500000000000000000e+02 5.999918508860391242e-03 0.000000000000000000e+00 1.000000000000000000e+00 0.000000000000000000e+00 0.000000000000000000e+00 0.000000000000000000e+00
2.000000000000000000e+02 7.999891345147336352e-03 0.000000000000000000e+00 1.000000000000000000e+00 0.000000000000000000e+00 0.000000000000000000e+00 0.000000000000000000e+00
2.500000000000000000e+02 9.999864181434059418e-03 0.000000000000000000e+00 1.000000000000000000e+00 0.000000000000000000e+00 0.000000000000000000e+00 0.000000000000000000e+00
3.000000000000000000e+02 1.199983701772100453e-02 0.000000000000000000e+00 1.000000000000000000e+00 0.000000000000000000e+00 0.000000000000000000e+00 0.000000000000000000e+00
3.500000000000000000e+02 1.399980985400772759e-02 0.000000000000000000e+00 1.000000000000000000e+00 0.000000000000000000e+00 0.000000000000000000e+00 0.000000000000000000e+00
4.000000000000000000e+02 1.599978269029467270e-02 0.000000000000000000e+00 1.000000000000000000e+00 0.000000000000000000e+00 0.000000000000000000e+00 0.000000000000000000e+00
4.500000000000000000e+02 1.799975552658139577e-02 0.000000000000000000e+00 1.000000000000000000e+00 0.000000000000000000e+00 0.000000000000000000e+00 0.000000000000000000e+00
5.000000000000000000e+02 1.999972836286834088e-02 0.000000000000000000e+00 1.000000000000000000e+00 0.000000000000000000e+00 0.000000000000000000e+00 0.000000000000000000e+00
5.500000000000000000e+02 2.199970119915506395e-02 0.000000000000000000e+00 1.000000000000000000e+00 0.000000000000000000e+00 0.000000000000000000e+00 0.000000000000000000e+00
6.000000000000000000e+02 2.399967403544200906e-02 0.000000000000000000e+00 1.000000000000000000e+00 0.000000000000000000e+00 0.000000000000000000e+00 0.000000000000000000e+00
6.500000000000000000e+02 2.599964687172873212e-02 0.000000000000000000e+00 1.000000000000000000e+00 0.000000000000000000e+00 0.000000000000000000e+00 0.000000000000000000e+00
7.000000000000000000e+02 2.799961970801567723e-02 0.000000000000000000e+00 1.000000000000000000e+00 0.000000000000000000e+00 0.000000000000000000e+00 0.000000000000000000e+00
7.500000000000000000e+02 2.999959254430240030e-02 0.000000000000000000e+00 1.000000000000000000e+00 0.000000000000000000e+00 0.000000000000000000e+00 0.000000000000000000e+00
8.000000000000000000e+02 3.199956538058934541e-02 0.000000000000000000e+00 1.000000000000000000e+00 0.000000000000000000e+00 0.000000000000000000e+00 0.000000000000000000e+00
8.500000000000000000e+02 3.399953821687606847e-02 0.000000000000000000e+00 1.000000000000000000e+00 0.000000000000000000e+00 0.000000000000000000e+00 0.000000000000000000e+00
9.000000000000000000e+02 3.599951105316301359e-02 0.000000000000000000e+00 1.000000000000000000e+00 0.000000000000000000e+00 0.000000000000000000e+00 0.000000000000000000e+00
9.500000000000000000e+02 3.799948388944973665e-02 0.000000000000000000e+00 1.000000000000000000e+00 0.000000000000000000e+00 0.000000000000000000e+00 0.000000000000000000e+00
1.000000000000000000e+03 3.999945672573668176e-02 0.000000000000000000e+00 1.000000000000000000e+00 0.000000000000000000e+00 0.000000000000000000e+00 0.000000000000000000e+00
1.050000000000000000e+03 4.199942956202340483e-02 0.000000000000000000e+00 1.000000000000000000e+00 0.000000000000000000e+00 0.000000000000000000e+00 0.000000000000000000e+00
1.100000000000000000e+03 4.399940239831034994e-02 0.000000000000000000e+00 1.000000000000000000e+00 0.000000000000000000e+00 0.000000000000000000e+00 0.000000000000000000e+00
1.150000000000000000e+03 4.599937523459707300e-02 0.000000000000000000e+00 1.000000000000000000e+00 0.000000000000000000e+00 0.000000000000000000e+00 0.000000000000000000e+00
1.200000000000000000e+03 4.799934807088379607e-02 0.000000000000000000e+00 1.000000000000000000e+00 0.000000000000000000e+00 0.000000000000000000e+00 0.000000000000000000e+00
1.250000000000000000e+03 4.999932090717074118e-02 0.000000000000000000e+00 1.000000000000000000e+00 0.000000000000000000e+00 0.000000000000000000e+00 0.000000000000000000e+00
1.300000000000000000e+03 5.199929374345746425e-02 0.000000000000000000e+00 1.000000000000000000e+00 0.000000000000000000e+00 0.000000000000000000e+00 0.000000000000000000e+00
1.350000000000000000e+03 5.399926657974440936e-02 0.000000000000000000e+00 1.000000000000000000e+00 0.000000000000000000e+00 0.000000000000000000e+00 0.000000000000000000e+00
1.400000000000000000e+03 5.599923941603113242e-02 0.000000000000000000e+00 1.000000000000000000e+00 0.000000000000000000e+00 0.000000000000000000e+00 0.000000000000000000e+00
1.450000000000000000e+03 5.799921225231807753e-02 0.000000000000000000e+00 1.000000000000000000e+00 0.000000000000000000e+00 0.000000000000000000e+00 0.000000000000000000e+00
1.500000000000000000e+03 5.999918508860480060e-02 0.000000000000000000e+00 1.000000000000000000e+00 0.000000000000000000e+00 0.000000000000000000e+00 0.000000000000000000e+00
1.550000000000000000e+03 6.199915792489174571e-02 1.137915339098771066e-04 9.998862084660901095e-01 0.000000000000000000e+00 0.000000000000000000e+00 0.000000000000000000e+00
1.600000000000000000e+03 6.399913076117846877e-02 0.000000000000000000e+00 1.000000000000000000e+00 0.000000000000000000e+00 0.000000000000000000e+00 0.000000000000000000e+00
1.650000000000000000e+03 6.599910359746541388e-02 0.000000000000000000e+00 1.000000000000000000e+00 0.000000000000000000e+00 0.000000000000000000e+00 0.000000000000000000e+00
1.700000000000000000e+03 6.799907643375213695e-02 0.000000000000000000e+00 1.000000000000000000e+00 0.000000000000000000e+00 0.000000000000000000e+00 0.000000000000000000e+00
1.750000000000000000e+03 6.999904927003908206e-02 0.000000000000000000e+00 1.000000000000000000e+00 0.000000000000000000e+00 0.000000000000000000e+00 0.000000000000000000e+00
1.800000000000000000e+03 7.199902210632580513e-02 0.000000000000000000e+00 1.000000000000000000e+00 0.000000000000000000e+00 0.000000000000000000e+00 0.000000000000000000e+00
1.850000000000000000e+03 7.399899494261275024e-02 0.000000000000000000e+00 1.000000000000000000e+00 0.000000000000000000e+00 0.000000000000000000e+00 0.000000000000000000e+00
1.900000000000000000e+03 7.599896777889947330e-02 0.000000000000000000e+00 1.000000000000000000e+00 0.000000000000000000e+00 0.000000000000000000e+00 0.000000000000000000e+00
1.950000000000000000e+03 7.799894061518641841e-02 1.137915339098771066e-04 9.998862084660901095e-01 0.000000000000000000e+00 0.000000000000000000e+00 0.000000000000000000e+00
2.000000000000000000e+03 7.999891345147314148e-02 5.689576695493854790e-04 9.994310423304506585e-01 0.000000000000000000e+00 0.000000000000000000e+00 0.000000000000000000e+00
2.050000000000000000e+03 8.199888628776008659e-02 0.000000000000000000e+00 1.000000000000000000e+00 0.000000000000000000e+00 0.000000000000000000e+00 0.000000000000000000e+00
2.100000000000000000e+03 8.399885912404680965e-02 0.000000000000000000e+00 1.000000000000000000e+00 0.000000000000000000e+00 0.000000000000000000e+00 0.000000000000000000e+00
2.150000000000000000e+03 8.599883196033375476e-02 5.689576695493854790e-04 9.994310423304506585e-01 0.000000000000000000e+00 0.000000000000000000e+00 0.000000000000000000e+00
2.200000000000000000e+03 8.799880479662047783e-02 6.827492034592626399e-04 9.993172507965407680e-01 0.000000000000000000e+00 0.000000000000000000e+00 0.000000000000000000e+00
2.250000000000000000e+03 8.999877763290742294e-02 9.103322712790168532e-04 9.990896677287209870e-01 0.000000000000000000e+00 0.000000000000000000e+00 0.000000000000000000e+00
2.300000000000000000e+03 9.199875046919414601e-02 1.137915339098771066e-04 9.998862084660901095e-01 0.000000000000000000e+00 0.000000000000000000e+00 0.000000000000000000e+00
2.350000000000000000e+03 9.399872330548086907e-02 1.024123805188893906e-03 9.989758761948110966e-01 0.000000000000000000e+00 0.000000000000000000e+00 0.000000000000000000e+00
2.400000000000000000e+03 9.599869614176781418e-02 1.820664542558033706e-03 9.981793354574419741e-01 0.000000000000000000e+00 0.000000000000000000e+00 0.000000000000000000e+00
2.450000000000000000e+03 9.799866897805453725e-02 1.251706873008648227e-03 9.985207100591716456e-01 0.000000000000000000e+00 2.275830678197542133e-04 0.000000000000000000e+00
2.500000000000000000e+03 9.999864181434148236e-02 1.365498406918525280e-03 9.985207100591716456e-01 0.000000000000000000e+00 1.137915339098771066e-04 0.000000000000000000e+00
2.550000000000000000e+03 1.019986146506282054e-01 2.617205279927173507e-03 9.972690031861629611e-01 0.000000000000000000e+00 1.137915339098771066e-04 0.000000000000000000e+00
2.600000000000000000e+03 1.039985874869151505e-01 3.868912152935821518e-03 9.960172963131542767e-01 0.000000000000000000e+00 1.137915339098771066e-04 0.000000000000000000e+00
2.650000000000000000e+03 1.059985603232018736e-01 3.982703686845699004e-03 9.957897132453344957e-01 0.000000000000000000e+00 2.275830678197542133e-04 0.000000000000000000e+00
2.700000000000000000e+03 1.079985331594888187e-01 5.917159763313609329e-03 9.935138825671370189e-01 0.000000000000000000e+00 5.689576695493854790e-04 0.000000000000000000e+00
2.750000000000000000e+03 1.099985059957755418e-01 8.079198907601274626e-03 9.914656349567592120e-01 0.000000000000000000e+00 4.551661356395084266e-04 0.000000000000000000e+00
2.800000000000000000e+03 1.119984788320624869e-01 7.624032771961766417e-03 9.921483841602184439e-01 0.000000000000000000e+00 2.275830678197542133e-04 0.000000000000000000e+00
2.850000000000000000e+03 1.139984516683492100e-01 1.593081474738279601e-02 9.825898953117887524e-01 0.000000000000000000e+00 1.479289940828402332e-03 0.000000000000000000e+00
2.900000000000000000e+03 1.159984245046361551e-01 2.423759672280382388e-02 9.733727810650887324e-01 0.000000000000000000e+00 2.389622212107419402e-03 0.000000000000000000e+00
2.950000000000000000e+03 1.179983973409228781e-01 4.096495220755575623e-02 9.491351843422849432e-01 0.000000000000000000e+00 9.899863450159307465e-03 0.000000000000000000e+00
3.000000000000000000e+03 1.199983701772098232e-01 9.922621756941284177e-02 8.512744651797906625e-01 0.000000000000000000e+00 4.949931725079653733e-02 0.000000000000000000e+00
3.050000000000000000e+03 1.219983430134965463e-01 2.231451979972690070e-01 5.226445152480655443e-01 0.000000000000000000e+00 2.542102867546654488e-01 0.000000000000000000e+00
3.100000000000000000e+03 1.239983158497834914e-01 3.444469731451980099e-01 1.615839781520254925e-01 6.827492034592626399e-04 4.932862994993172379e-01 0.000000000000000000e+00
3.150000000000000000e+03 1.259982886860702145e-01 3.466090122894856518e-01 8.716431497496586467e-02 1.251706873008648227e-03 5.649749658625398130e-01 0.000000000000000000e+00
3.200000000000000000e+03 1.279982615223571596e-01 3.351160673645880994e-01 1.300637232589895442e-01 1.251706873008648227e-03 5.335685025034136997e-01 0.000000000000000000e+00
3.250000000000000000e+03 1.299982343586438827e-01 3.806326809285389134e-01 1.104915794264906687e-01 4.665452890304961318e-03 5.042102867546655043e-01 0.000000000000000000e+00
3.300000000000000000e+03 1.319982071949308278e-01 3.963359126081019701e-01 1.157259899863450209e-01 2.162039144287665124e-02 4.663177059626763543e-01 0.000000000000000000e+00
3.350000000000000000e+03 1.339981800312175508e-01 4.567592171142467183e-01 1.253982703686845612e-01 8.045061447428311641e-02 3.373918980427856318e-01 0.000000000000000000e+00
3.400000000000000000e+03 1.359981528675044959e-01 4.934000910332271284e-01 1.358670914883932657e-01 1.665908056440600915e-01 2.041420118343195145e-01 0.000000000000000000e+00
3.450000000000000000e+03 1.379981257037912190e-01 5.034137460172962708e-01 1.426945835229858905e-01 2.272416932180245652e-01 1.266499772416932179e-01 0.000000000000000000e+00
3.500000000000000000e+03 1.399980985400779421e-01 5.068274920345926526e-01 1.317705962676376796e-01 2.670687300864815761e-01 9.433318161128811941e-02 0.000000000000000000e+00
3.550000000000000000e+03 1.419980713763648872e-01 5.150204824761037692e-01 1.115157032316795582e-01 2.998406918525261533e-01 7.362312243969049153e-02 0.000000000000000000e+00
3.600000000000000000e+03 1.439980442126516103e-01 5.006827492034592320e-01 1.094674556213017791e-01 3.299954483386435822e-01 5.985434683659535821e-02 0.000000000000000000e+00
3.650000000000000000e+03 1.459980170489385554e-01 4.931725079654073474e-01 1.139053254437869811e-01 3.395539371870732737e-01 5.336822940373236318e-02 0.000000000000000000e+00
3.700000000000000000e+03 1.479979898852252784e-01 4.863450159308147502e-01 1.115157032316795582e-01 3.390987710514337672e-01 6.304050978607191047e-02 0.000000000000000000e+00
3.750000000000000000e+03 1.499979627215122235e-01 4.923759672280382249e-01 1.078743741465634925e-01 3.288575329995448437e-01 7.089212562585343880e-02 0.000000000000000000e+00
3.800000000000000000e+03 1.519979355577989466e-01 5.023896222121073674e-01 1.076467910787437393e-01 3.178197542102867423e-01 7.214383249886208160e-02 0.000000000000000000e+00
3.850000000000000000e+03 1.539979083940858917e-01 5.027309968138370389e-01 1.101502048247610388e-01 3.335229858898497990e-01 5.359581247155211642e-02 0.000000000000000000e+00
3.900000000000000000e+03 1.559978812303726148e-01 5.050068274920346267e-01 1.133363677742375980e-01 3.450159308147474069e-01 3.664087391898043083e-02 0.000000000000000000e+00
3.950000000000000000e+03 1.579978540666595599e-01 5.153618570778334407e-01 1.137915339098771045e-01 3.401228948566226706e-01 3.072371415566681890e-02 0.000000000000000000e+00
4.000000000000000000e+03 1.599978269029462830e-01 5.164997724169322346e-01 1.100364132908511622e-01 3.420573509330905870e-01 3.140646335912607862e-02 0.000000000000000000e+00
4.050000000000000000e+03 1.619977997392332281e-01 5.215065999089667503e-01 1.081019572143832458e-01 3.406918525261720676e-01 2.969959035047792587e-02 0.000000000000000000e+00
4.100000000000000000e+03 1.639977725755199511e-01 5.200273099681383959e-01 1.066226672735548497e-01 3.323850705507510050e-01 4.096495220755575623e-02 0.000000000000000000e+00
4.150000000000000000e+03 1.659977454118068962e-01 5.228720983158853253e-01 1.078743741465634925e-01 3.320436959490213891e-01 3.720983158852981393e-02 0.000000000000000000e+00
4.200000000000000000e+03 1.679977182480936193e-01 5.249203459262631322e-01 1.050295857988165632e-01 3.405780609922621771e-01 2.947200728265816916e-02 0.000000000000000000e+00
4.250000000000000000e+03 1.699976910843805644e-01 5.367546654528903005e-01 1.036640873918980438e-01 3.376194811106053573e-01 2.196176604460628110e-02 0.000000000000000000e+00
4.300000000000000000e+03 1.719976639206672875e-01 5.355029585798816161e-01 1.033227127901684139e-01 3.353436504324078249e-01 2.583067819754210348e-02 0.000000000000000000e+00
4.350000000000000000e+03 1.739976367569542326e-01 5.444924897587619661e-01 1.044606281292671801e-01 3.270368684569868178e-01 2.401001365498407064e-02 0.000000000000000000e+00
4.400000000000000000e+03 1.759976095932409557e-01 5.409649522075558048e-01 1.052571688666363164e-01 3.274920345926263243e-01 2.628584433318160996e-02 0.000000000000000000e+00
4.450000000000000000e+03 1.779975824295279008e-01 5.327719617660445772e-01 1.151570323167956239e-01 3.203231679563040557e-01 3.174783796085571541e-02 0.000000000000000000e+00
4.500000000000000000e+03 1.799975552658146238e-01 5.374374146563495325e-01 1.191397360036413333e-01 3.068957669549385314e-01 3.652708238507055422e-02 0.000000000000000000e+00
4.550000000000000000e+03 1.819975281021015689e-01 5.295857988165680874e-01 1.267637687756031084e-01 3.056440600819299025e-01 3.800637232589895026e-02 0.000000000000000000e+00
4.600000000000000000e+03 1.839975009383882920e-01 5.299271734182976479e-01 1.389394629039599482e-01 2.951752389622211981e-01 3.595812471552116418e-02 0.000000000000000000e+00
4.650000000000000000e+03 1.859974737746750151e-01 5.194583522985889434e-01 1.558944014565316338e-01 2.877787892580792040e-01 3.686845698680018407e-02 0.000000000000000000e+00
4.700000000000000000e+03 1.879974466109619602e-01 5.172963131543013571e-01 1.668183887118798447e-01 2.754893035958124736e-01 4.039599453800637313e-02 0.000000000000000000e+00
4.750000000000000000e+03 1.899974194472486833e-01 5.159308147473827821e-01 1.727355484751934567e-01 2.735548475193445572e-01 3.777878925807919702e-02 0.000000000000000000e+00
4.800000000000000000e+03 1.919973922835356284e-01 5.035275375512061613e-01 1.791078743741465751e-01 2.719617660446062568e-01 4.540282203004096517e-02 0.000000000000000000e+00
4.850000000000000000e+03 1.939973651198223514e-01 4.927173418297678409e-01 1.795630405097860816e-01 2.831133363677742487e-01 4.460628129267182190e-02 0.000000000000000000e+00
4.900000000000000000e+03 1.959973379561092965e-01 4.906690942193900895e-01 1.887801547564861293e-01 2.807237141556668258e-01 3.982703686845699004e-02 0.000000000000000000e+00
4.950000000000000000e+03 1.979973107923960196e-01 4.707555757851615841e-01 2.101729631315430169e-01 2.779927173418297870e-01 4.107874374146563284e-02 0.000000000000000000e+00
5.000000000000000000e+03 1.999972836286829647e-01 4.616522530723713991e-01 2.271279016841147025e-01 2.701411015020482309e-01 4.107874374146563284e-02 0.000000000000000000e+00
5.050000000000000000e+03 2.019972564649696878e-01 4.491351843422849432e-01 2.393035958124715423e-01 2.651342740100136597e-01 4.642694583522986168e-02 0.000000000000000000e+00
5.100000000000000000e+03 2.039972293012566329e-01 4.375284478834774449e-01 2.467000455166135642e-01 2.649066909421938787e-01 5.086481565771506369e-02 0.000000000000000000e+00
5.150000000000000000e+03 2.059972021375433560e-01 4.195493855257169113e-01 2.576240327719617751e-01 2.538689121529358328e-01 6.895766954938552240e-02 0.000000000000000000e+00
5.200000000000000000e+03 2.079971749738303011e-01 4.139736003641328876e-01 2.784478834774692935e-01 2.430587164314974846e-01 6.451979972690032039e-02 0.000000000000000000e+00
5.250000000000000000e+03 2.099971478101170241e-01 4.164770141101502010e-01 2.818616294947655643e-01 2.468138370505234547e-01 5.484751934456076616e-02 0.000000000000000000e+00
5.300000000000000000e+03 2.119971206464039692e-01 4.176149294492489950e-01 2.916477014110150368e-01 2.472690031861629611e-01 4.346836595357305572e-02 0.000000000000000000e+00
5.350000000000000000e+03 2.139970934826906923e-01 4.160218479745106945e-01 2.979062357760582369e-01 2.361174328629949970e-01 4.995448338643605074e-02 0.000000000000000000e+00
5.400000000000000000e+03 2.159970663189776374e-01 4.065771506599908935e-01 3.169094219390077294e-01 2.344105598543468338e-01 4.210286754665452935e-02 0.000000000000000000e+00
5.450000000000000000e+03 2.179970391552643605e-01 4.055530268548019901e-01 3.249886208466090110e-01 2.253072371415566766e-01 4.415111515703231543e-02 0.000000000000000000e+00
5.500000000000000000e+03 2.199970119915513056e-01 4.029358215748748417e-01 3.344333181611288119e-01 2.166590805644059980e-01 4.585798816568047165e-02 1.137915339098771066e-04
5.550000000000000000e+03 2.219969848278380287e-01 3.955393718707327921e-01 3.515020482476103880e-01 2.175694128356850388e-01 3.527537551206190447e-02 1.137915339098771066e-04
5.600000000000000000e+03 2.239969576641249738e-01 3.881429221665907980e-01 3.570778334091943562e-01 2.190487027765134209e-01 3.573054164770141095e-02 0.000000000000000000e+00
5.650000000000000000e+03 2.259969305004116968e-01 3.789258079198907780e-01 3.713017751479290030e-01 2.164314974965862448e-01 3.334091943559399501e-02 0.000000000000000000e+00
5.700000000000000000e+03 2.279969033366986420e-01 3.764223941738734647e-01 3.798361401911697910e-01 2.113108784706417831e-01 3.243058716431497512e-02 0.000000000000000000e+00
5.750000000000000000e+03 2.299968761729853650e-01 3.731224396904870289e-01 3.800637232589895165e-01 2.173418297678652578e-01 2.947200728265816916e-02 0.000000000000000000e+00
5.800000000000000000e+03 2.319968490092720881e-01 3.642467000455166248e-01 3.839326354119253493e-01 2.237141556668183762e-01 2.810650887573964626e-02 0.000000000000000000e+00
5.850000000000000000e+03 2.339968218455590332e-01 3.571916249431042467e-01 3.944014565316340537e-01 2.175694128356850388e-01 3.072371415566681890e-02 1.137915339098771066e-04
5.900000000000000000e+03 2.359967946818457563e-01 3.554847519344560558e-01 3.965634956759216956e-01 2.151797906235776159e-01 3.277196176604460498e-02 0.000000000000000000e+00
5.950000000000000000e+03 2.379967675181327014e-01 3.562812926718252338e-01 4.043013199817933612e-01 2.077833409194355940e-01 3.163404642694583185e-02 0.000000000000000000e+00
6.000000000000000000e+03 2.399967403544194244e-01 3.533227127901684139e-01 4.109012289485662328e-01 2.050523441055985552e-01 3.072371415566681890e-02 0.000000000000000000e+00
6.050000000000000000e+03 2.419967131907063695e-01 3.516158397815202785e-01 4.152253072371415721e-01 2.011834319526627224e-01 3.197542102867546865e-02 0.000000000000000000e+00
6.100000000000000000e+03 2.439966860269930926e-01 3.549157942649067143e-01 4.214838416021847722e-01 1.959490213928083702e-01 2.765134274010013632e-02 0.000000000000000000e+00
6.150000000000000000e+03 2.459966588632800377e-01 3.511606736458807720e-01 4.255803368229403860e-01 2.000455166135639562e-01 2.321347291761493084e-02 0.000000000000000000e+00
6.200000000000000000e+03 2.479966316995667608e-01 3.405780609922621771e-01 4.390077378243058548e-01 1.954938552571688637e-01 2.492034592626308706e-02 0.000000000000000000e+00
6.250000000000000000e+03 2.499966045358537059e-01 3.376194811106053573e-01 4.456076467910787264e-01 1.968593536640873831e-01 1.991351843422849502e-02 0.000000000000000000e+00
6.300000000000000000e+03 2.519965773721404290e-01 3.368229403732362348e-01 4.573281747837960598e-01 1.886663632225762388e-01 1.718252162039144229e-02 0.000000000000000000e+00
6.350000000000000000e+03 2.539965502084273741e-01 3.378470641784251383e-01 4.708693673190714746e-01 1.737596722803823324e-01 1.752389622212107562e-02 0.000000000000000000e+00
6.400000000000000000e+03 2.559965230447140971e-01 3.329540282203004020e-01 4.782658170232134687e-01 1.704597177969958965e-01 1.832043695949021542e-02 0.000000000000000000e+00
6.450000000000000000e+03 2.579964958810010422e-01 3.351160673645880994e-01 4.814519799726900140e-01 1.651115157032316816e-01 1.832043695949021542e-02 0.000000000000000000e+00
6.500000000000000000e+03 2.599964687172877653e-01 3.282885753299954468e-01 4.853208921256258468e-01 1.669321802457897075e-01 1.945835229858898507e-02 0.000000000000000000e+00
6.550000000000000000e+03 2.619964415535747104e-01 3.260127446517979144e-01 4.825898953117888079e-01 1.703459262630860338e-01 2.105143377332726468e-02 0.000000000000000000e+00
6.600000000000000000e+03 2.639964143898614335e-01 3.279472007282658308e-01 4.883932635411925571e-01 1.651115157032316816e-01 1.854802002730996865e-02 0.000000000000000000e+00
6.650000000000000000e+03 2.659963872261483786e-01 3.199817933545744397e-01 4.959035047792444417e-01 1.623805188893946427e-01 2.173418297678652786e-02 0.000000000000000000e+00
6.700000000000000000e+03 2.679963600624351017e-01 3.141784251251706905e-01 5.042102867546655043e-01 1.569185252617205373e-01 2.469276285844333035e-02 0.000000000000000000e+00
6.750000000000000000e+03 2.699963328987220468e-01 3.269230769230769273e-01 4.952207555757851543e-01 1.570323167956304000e-01 2.082385070550751144e-02 0.000000000000000000e+00
6.800000000000000000e+03 2.719963057350087698e-01 3.233955393718707105e-01 4.941966317705962508e-01 1.649977241693217911e-01 1.741010468821119553e-02 0.000000000000000000e+00
6.850000000000000000e+03 2.739962785712957150e-01 3.179335457441966328e-01 4.986345015930814806e-01 1.643149749658625314e-01 1.911697769685935522e-02 0.000000000000000000e+00
6.900000000000000000e+03 2.759962514075824380e-01 3.164542558033682229e-01 5.036413290851160518e-01 1.616977696859353553e-01 1.820664542558033533e-02 0.000000000000000000e+00
6.950000000000000000e+03 2.779962242438691611e-01 3.164542558033682229e-01 5.081929904415111166e-01 1.619253527537551085e-01 1.342740100136549826e-02 0.000000000000000000e+00
7.000000000000000000e+03 2.799961970801561062e-01 3.174783796085571264e-01 5.064861174328629811e-01 1.619253527537551085e-01 1.411015020482476144e-02 0.000000000000000000e+00
7.050000000000000000e+03 2.819961699164428293e-01 3.120163859808830487e-01 5.124032771961766208e-01 1.636322257624032717e-01 1.194811106053709528e-02 0.000000000000000000e+00
7.100000000000000000e+03 2.839961427527297744e-01 3.124715521165225551e-01 5.202548930359581769e-01 1.570323167956304000e-01 1.024123805188893906e-02 0.000000000000000000e+00
7.150000000000000000e+03 2.859961155890164974e-01 3.027992717341829731e-01 5.293582157487483064e-01 1.563495675921711403e-01 1.149294492489758707e-02 0.000000000000000000e+00
7.200000000000000000e+03 2.879960884253034425e-01 2.969959035047792240e-01 5.359581247155211781e-01 1.553254437869822369e-01 1.172052799271734204e-02 0.000000000000000000e+00
7.250000000000000000e+03 2.899960612615901656e-01 2.915339098771051463e-01 5.372098315885298625e-01 1.597633136094674666e-01 1.149294492489758707e-02 0.000000000000000000e+00
7.300000000000000000e+03 2.919960340978771107e-01 2.924442421483841592e-01 5.427856167501138307e-01 1.510013654984069253e-01 1.376877560309512985e-02 0.000000000000000000e+00
7.350000000000000000e+03 2.939960069341638338e-01 2.957441966317705950e-01 5.456304050978607600e-01 1.454255803368229294e-01 1.319981793354574502e-02 0.000000000000000000e+00
7.400000000000000000e+03 2.959959797704507789e-01 2.839098771051433712e-01 5.525716886663631922e-01 1.505461993627674189e-01 1.297223486572599005e-02 0.000000000000000000e+00
7.450000000000000000e+03 2.979959526067375020e-01 2.861857077833409035e-01 5.572371415566681474e-01 1.462221210741920796e-01 1.035502958579881741e-02 0.000000000000000000e+00
7.500000000000000000e+03 2.999959254430244471e-01 2.808375056895767163e-01 5.669094219390077294e-01 1.417842512517068776e-01 1.046882111970869403e-02 0.000000000000000000e+00
7.550000000000000000e+03 3.019958982793111701e-01 2.745789713245334607e-01 5.728265817023213691e-01 1.445152480655439164e-01 8.079198907601274626e-03 0.000000000000000000e+00
7.600000000000000000e+03 3.039958711155981153e-01 2.705962676376877374e-01 5.695266272189348777e-01 1.510013654984069253e-01 8.875739644970414427e-03 0.000000000000000000e+00
7.650000000000000000e+03 3.059958439518848383e-01 2.651342740100136597e-01 5.716886663632225751e-01 1.553254437869822369e-01 7.851615839781519654e-03 0.000000000000000000e+00
7.700000000000000000e+03 3.079958167881717834e-01 2.646791078743741532e-01 5.664542558033682784e-01 1.613563950842057393e-01 7.510241238051888930e-03 0.000000000000000000e+00
7.750000000000000000e+03 3.099957896244585065e-01 2.619481110605371144e-01 5.648611743286299225e-01 1.661356395084205850e-01 7.055075102412380721e-03 0.000000000000000000e+00
7.800000000000000000e+03 3.119957624607454516e-01 2.568274920345926526e-01 5.640646335912608000e-01 1.715976331360946627e-01 7.510241238051888930e-03 0.000000000000000000e+00
7.850000000000000000e+03 3.139957352970321747e-01 2.616067364588074429e-01 5.629267182521620061e-01 1.667045971779699542e-01 8.761948111060537808e-03 0.000000000000000000e+00
7.900000000000000000e+03 3.159957081333191198e-01 2.547792444242148457e-01 5.730541647701411501e-01 1.645425580336822846e-01 7.624032771961766417e-03 0.000000000000000000e+00
7.950000000000000000e+03 3.179956809696058428e-01 2.522758306781975324e-01 5.777196176604461053e-01 1.631770596267637652e-01 6.827492034592626616e-03 0.000000000000000000e+00
8.000000000000000000e+03 3.199956538058927880e-01 2.498862084660901095e-01 5.809057806099225951e-01 1.619253527537551085e-01 7.282658170232134826e-03 0.000000000000000000e+00
8.050000000000000000e+03 3.219956266421795110e-01 2.555757851615839682e-01 5.763541192535275304e-01 1.613563950842057393e-01 6.713700500682749130e-03 0.000000000000000000e+00
8.100000000000000000e+03 3.239955994784662341e-01 2.543240782885753393e-01 5.755575785161584079e-01 1.634046426945835184e-01 6.713700500682749130e-03 0.000000000000000000e+00
8.150000000000000000e+03 3.259955723147531792e-01 2.545516613563950648e-01 5.740782885753299425e-01 1.624943104233045055e-01 8.875739644970414427e-03 0.000000000000000000e+00
8.200000000000000000e+03 3.279955451510399023e-01 2.502275830678197810e-01 5.724852071005916976e-01 1.697769685935366368e-01 7.510241238051888930e-03 0.000000000000000000e+00
8.250000000000000000e+03 3.299955179873268474e-01 2.502275830678197810e-01 5.688438780154756458e-01 1.744424214838415921e-01 6.486117432862995025e-03 0.000000000000000000e+00
8.300000000000000000e+03 3.319954908236135704e-01 2.486345015930814806e-01 5.724852071005916976e-01 1.725079654073737034e-01 6.372325898953117539e-03 0.000000000000000000e+00
8.350000000000000000e+03 3.339954636599005156e-01 2.521620391442876419e-01 5.697542102867546587e-01 1.725079654073737034e-01 5.575785161583977738e-03 0.000000000000000000e+00
8.400000000000000000e+03 3.359954364961872386e-01 2.560309512972234747e-01 5.652025489303595940e-01 1.718252162039144160e-01 6.941283568502503235e-03 0.000000000000000000e+00
8.450000000000000000e+03 3.379954093324741837e-01 2.520482476103778069e-01 5.644060081929904715e-01 1.726217569412835662e-01 1.092398725534820224e-02 0.000000000000000000e+00
8.500000000000000000e+03 3.399953821687609068e-01 2.592171142467000200e-01 5.691852526172053173e-01 1.623805188893946427e-01 9.217114246700046018e-03 0.000000000000000000e+00
8.550000000000000000e+03 3.419953550050478519e-01 2.546654528903049552e-01 5.787437414656350088e-01 1.583978152025489194e-01 8.192990441511151245e-03 0.000000000000000000e+00
8.600000000000000000e+03 3.439953278413345750e-01 2.476103777878925771e-01 5.846609012289485374e-01 1.594219390077378229e-01 8.306781975421027864e-03 0.000000000000000000e+00
8.650000000000000000e+03 3.459953006776215201e-01 2.489758761948110966e-01 5.923987255348202030e-01 1.487255348202093652e-01 9.899863450159307465e-03 0.000000000000000000e+00
8.700000000000000000e+03 3.479952735139082431e-01 2.447655894401456478e-01 5.963814292216659263e-01 1.497496586253982687e-01 9.103322712790167665e-03 0.000000000000000000e+00
8.750000000000000000e+03 3.499952463501951883e-01 2.406690942193900895e-01 6.058261265361857273e-01 1.464497041420118328e-01 7.055075102412380721e-03 0.000000000000000000e+00
8.800000000000000000e+03 3.519952191864819113e-01 2.449931725079654010e-01 6.070778334091943007e-01 1.400773782430587144e-01 7.851615839781519654e-03 0.000000000000000000e+00
8.850000000000000000e+03 3.539951920227688564e-01 2.415794264906691025e-01 6.194811106053709215e-01 1.284706417842512438e-01 1.046882111970869403e-02 0.000000000000000000e+00
8.900000000000000000e+03 3.559951648590555795e-01 2.393035958124715423e-01 6.390532544378698665e-01 1.137915339098771045e-01 7.851615839781519654e-03 0.000000000000000000e+00
8.950000000000000000e+03 3.579951376953425246e-01 2.377105143377332697e-01 6.467910787437414211e-01 1.069640418752844796e-01 8.534365043240782836e-03 0.000000000000000000e+00
9.000000000000000000e+03 3.599951105316292477e-01 2.291761492944924816e-01 6.552116522530723186e-01 1.066226672735548497e-01 8.989531178880291046e-03 0.000000000000000000e+00
9.050000000000000000e+03 3.619950833679161928e-01 2.329312699135184239e-01 6.543013199817933057e-01 1.043468365953573035e-01 8.420573509330906217e-03 0.000000000000000000e+00
9.100000000000000000e+03 3.639950562042029159e-01 2.320209376422394110e-01 6.647701411015020101e-01 9.558488848429676221e-02 7.624032771961766417e-03 0.000000000000000000e+00
9.150000000000000000e+03 3.659950290404898610e-01 2.320209376422394110e-01 6.655666818388711325e-01 9.467455621301774926e-02 7.737824305871643035e-03 0.000000000000000000e+00
9.200000000000000000e+03 3.679950018767765840e-01 2.335002275830678209e-01 6.582840236686390289e-01 9.740555302685480199e-02 1.081019572143832562e-02 0.000000000000000000e+00
9.250000000000000000e+03 3.699949747130633071e-01 2.328174783796085612e-01 6.550978607191625391e-01 1.062812926718252199e-01 5.803368229403732710e-03 0.000000000000000000e+00
9.300000000000000000e+03 3.719949475493502522e-01 2.269003186162949492e-01 6.549840691852526486e-01 1.107191624943104219e-01 7.396449704142011444e-03 0.000000000000000000e+00
9.350000000000000000e+03 3.739949203856369753e-01 2.266727355484751960e-01 6.530496131087847322e-01 1.119708693673190647e-01 8.306781975421027864e-03 0.000000000000000000e+00
9.400000000000000000e+03 3.759948932219239204e-01 2.229176149294492537e-01 6.555530268548019901e-01 1.162949476558944040e-01 5.234410559854347014e-03 0.000000000000000000e+00
9.450000000000000000e+03 3.779948660582106434e-01 2.221210741920801035e-01 6.502048247610378029e-01 1.207328174783796060e-01 6.941283568502503235e-03 0.000000000000000000e+00
9.500000000000000000e+03 3.799948388944975886e-01 2.250796540737369233e-01 6.459945380063722986e-01 1.222121074192080159e-01 6.713700500682749130e-03 0.000000000000000000e+00
9.550000000000000000e+03 3.819948117307843116e-01 2.199590350477924339e-01 6.466772872098316416e-01 1.275603095129722309e-01 5.803368229403732710e-03 0.000000000000000000e+00
9.600000000000000000e+03 3.839947845670712567e-01 2.240555302685480199e-01 6.478152025489303245e-01 1.227810650887573990e-01 5.348202093764223633e-03 0.000000000000000000e+00
9.650000000000000000e+03 3.859947574033579798e-01 2.197314519799726806e-01 6.522530723714156098e-01 1.228948566226672756e-01 5.120619025944469528e-03 0.000000000000000000e+00
9.700000000000000000e+03 3.879947302396449249e-01 2.226900318616295005e-01 6.473600364132908735e-01 1.238051888939462886e-01 6.144742831133363434e-03 0.000000000000000000e+00
9.750000000000000000e+03 3.899947030759316480e-01 2.134729176149294527e-01 6.523668639053253893e-01 1.276741010468821214e-01 6.486117432862995025e-03 0.000000000000000000e+00
9.800000000000000000e+03 3.919946759122185931e-01 2.140418752844788219e-01 6.577150659990896875e-01 1.218707328174783860e-01 6.372325898953117539e-03 0.000000000000000000e+00
9.850000000000000000e+03 3.939946487485053161e-01 2.077833409194355940e-01 6.607874374146563978e-01 1.265361857077833274e-01 4.893035958124715423e-03 0.000000000000000000e+00
9.900000000000000000e+03 3.959946215847922613e-01 2.083522985889849910e-01 6.578288575329995780e-01 1.297223486572599005e-01 4.096495220755575623e-03 0.000000000000000000e+00
9.950000000000000000e+03 3.979945944210789843e-01 2.051661356395084179e-01 6.571461083295402350e-01 1.340464269458352398e-01 3.641329085116067413e-03 0.000000000000000000e+00
1.000000000000000000e+04 3.999945672573659294e-01 2.008420573509330787e-01 6.577150659990896875e-01 1.374601729631315383e-01 3.982703686845699004e-03 0.000000000000000000e+00
1.005000000000000000e+04 4.019945400936526525e-01 2.068730086481565811e-01 6.513427401001365968e-01 1.387118798361401950e-01 3.072371415566681717e-03 0.000000000000000000e+00
1.010000000000000000e+04 4.039945129299395976e-01 2.058488848429676776e-01 6.515703231679562668e-01 1.391670459717797015e-01 3.413746017296313308e-03 0.000000000000000000e+00
1.015000000000000000e+04 4.059944857662263207e-01 2.088074647246244975e-01 6.398497951752389890e-01 1.481565771506599960e-01 3.186162949476558769e-03 0.000000000000000000e+00
1.020000000000000000e+04 4.079944586025132658e-01 2.080109239872553473e-01 6.352981338188439242e-01 1.544151115157032239e-01 2.275830678197541916e-03 0.000000000000000000e+00
1.025000000000000000e+04 4.099944314387999889e-01 2.133591260810195622e-01 6.263086026399635742e-01 1.573736913973600438e-01 2.958579881656804664e-03 0.000000000000000000e+00
1.030000000000000000e+04 4.119944042750869340e-01 2.181383705052344080e-01 6.194811106053709215e-01 1.594219390077378229e-01 2.958579881656804664e-03 0.000000000000000000e+00
1.035000000000000000e+04 4.139943771113736570e-01 2.162039144287664916e-01 6.220983158852981809e-01 1.583978152025489194e-01 3.299954483386436255e-03 0.000000000000000000e+00
1.040000000000000000e+04 4.159943499476603801e-01 2.210969503868912278e-01 6.160673645880746507e-01 1.602184797451069731e-01 2.617205279927173507e-03 0.000000000000000000e+00
1.045000000000000000e+04 4.179943227839473252e-01 2.177969959035047920e-01 6.223258989531178509e-01 1.571461083295402905e-01 2.730996813837050560e-03 0.000000000000000000e+00
1.050000000000000000e+04 4.199942956202340483e-01 2.196176604460628179e-01 6.217569412835685094e-01 1.546426945835229771e-01 3.982703686845699004e-03 0.000000000000000000e+00
1.055000000000000000e+04 4.219942684565209934e-01 2.225762403277196100e-01 6.162949476558944317e-01 1.574874829312699065e-01 3.641329085116067413e-03 0.000000000000000000e+00
1.060000000000000000e+04 4.239942412928077164e-01 2.237141556668183762e-01 6.183431952662722386e-01 1.547564861174328676e-01 3.186162949476558769e-03 0.000000000000000000e+00
1.065000000000000000e+04 4.259942141290946616e-01 2.279244424214838527e-01 6.215293582157487284e-01 1.479289940828402428e-01 2.617205279927173507e-03 0.000000000000000000e+00
1.070000000000000000e+04 4.279941869653813846e-01 2.207555757851615841e-01 6.292671825216203940e-01 1.477014110150204895e-01 2.275830678197541916e-03 0.000000000000000000e+00
1.075000000000000000e+04 4.299941598016683297e-01 2.199590350477924339e-01 6.289258079198907225e-01 1.480427856167501055e-01 3.072371415566681717e-03 0.000000000000000000e+00
1.080000000000000000e+04 4.319941326379550528e-01 2.200728265817023244e-01 6.292671825216203940e-01 1.488393263541192557e-01 1.820664542558033706e-03 0.000000000000000000e+00
1.085000000000000000e+04 4.339941054742419979e-01 2.213245334547109811e-01 6.293809740555302845e-01 1.470186618115612298e-01 2.275830678197541916e-03 0.000000000000000000e+00
1.090000000000000000e+04 4.359940783105287210e-01 2.181383705052344080e-01 6.297223486572598450e-01 1.475876194811105990e-01 4.551661356395083832e-03 0.000000000000000000e+00
1.095000000000000000e+04 4.379940511468156661e-01 2.192762858443331742e-01 6.247155211652253293e-01 1.514565316340464318e-01 4.551661356395083832e-03 0.000000000000000000e+00
1.100000000000000000e+04 4.399940239831023892e-01 2.206417842512516936e-01 6.203914428766499345e-01 1.547564861174328676e-01 4.210286754665453109e-03 0.000000000000000000e+00
1.105000000000000000e+04 4.419939968193893343e-01 2.225762403277196100e-01 6.127674101046881594e-01 1.605598543468365891e-01 4.096495220755575623e-03 0.000000000000000000e+00
1.110000000000000000e+04 4.439939696556760573e-01 2.267865270823850588e-01 6.042330450614474824e-01 1.629494765589440120e-01 6.030951297223486815e-03 0.000000000000000000e+00
1.115000000000000000e+04 4.459939424919630024e-01 2.312243969048702885e-01 5.964952207555758168e-01 1.681838871187983642e-01 4.096495220755575623e-03 0.000000000000000000e+00
1.120000000000000000e+04 4.479939153282497255e-01 2.270141101502048120e-01 5.966090122894857073e-01 1.727355484751934567e-01 3.641329085116067413e-03 0.000000000000000000e+00
1.125000000000000000e+04 4.499938881645366706e-01 2.284934000910332219e-01 5.892125625853436022e-01 1.779699590350477811e-01 4.324078288575329727e-03 0.000000000000000000e+00
1.130000000000000000e+04 4.519938610008233937e-01 2.261037778789257990e-01 5.894401456531633832e-01 1.807009558488848477e-01 3.755120619025944465e-03 0.000000000000000000e+00
1.135000000000000000e+04 4.539938338371103388e-01 2.236003641329085134e-01 5.921711424670004220e-01 1.807009558488848477e-01 3.527537551206190360e-03 0.000000000000000000e+00
